[[1.0,0.02295206572121246,1.392419308739561E-4,0.0012396990509642737,0.01219413566987346,1.7032214607722447E-4,1.3028153677043734E-4,1.4613564722029373E-4,7.127556263730071E-4,0.002815836193184773,0.02381647670918715,6.81658616071667E-4,0.012687049180350823,1.1167817704240843E-4,1.5671655378951977E-4,1.7510803484472486E-4,8.72979284730709E-4,0.0028881334790569458,0.0016163684870243076,3.097199262150032E-4,1.4776383144617344E-4,0.004222367880605359,3.4339422245125404E-4,6.49981844375088E-4,1.6369235968377314E-4,1.7832381451477242E-4,5.50995599715953E-4,0.0028370086226298004,4.6871523121824635E-4,3.4015915101904214E-4,7.105390347870236E-4,0.018558225347315625,1.3085797186829744E-4,0.001054102308933515,1.9205110801463147E-4,1.5498934412387736E-4,3.9549983468792983E-4,4.672999584826442E-4,0.0022642295142636265,1.7517348943991268E-4,0.006425893421599778,4.348238385451452E-4,1.6757516611660186E-4,1.4145983104101408E-4,2.0148206511335124E-4,1.1104923028736328E-4],[0.02295206572121246,1.0,0.01375061350359473,0.03297743318670748,0.031417348699069966,0.0011321072561822185,0.00813867192289024,0.008201373181956809,0.015613404443404321,0.02486808961119311,0.03388191388892178,0.023856398708209246,0.02352709022714404,0.018293787923851886,0.0019306847681528152,0.0077347508456232445,0.02108262260969943,0.01657560487597517,0.033845738675941255,0.0026561405798258774,0.012364740493201704,0.017881538411183864,0.01433646334351472,0.008984782800461357,0.013209849878246154,0.016581249401443125,0.02673705858066274,0.004274714998419918,0.011610935362061339,0.019843042489469286,0.003652038144184882,0.034482758620689655,0.014137450119490956,0.02796985449225341,0.021442535371901886,0.0225539949632998,0.02445192965716804,0.01060364043505867,0.025724184908770036,0.03205208234106209,0.027928626186651456,0.01710793037362304,0.002199041123371007,7.740797547297573E-4,0.01978368762300243,0.012663904225084172],[1.392419308739561E-4,0.01375061350359473,1.0,0.0013122622897025922,0.011082780851683585,3.0077574971694154E-5,1.0669782396630206E-4,1.1940369368424673E-4,4.314869929814501E-4,0.0023446167478455454,0.02141773357989465,7.950506139452515E-4,0.001012764973911876,8.027600581151684E-5,1.1776130177953189E-4,1.0872936391889172E-4,0.00212883191351368,0.0023921297548787092,0.00252122119280494,2.8182169220254807E-4,1.1605559199902948E-4,0.0033652152419490653,3.239757703422983E-4,0.0015006172152912168,1.1096900268359655E-4,1.2447785679597703E-4,0.001995892247436885,0.002932094700432281,4.6841499656907537E-4,3.0635616713489894E-4,1.1486056414833962E-4,0.004672888106048431,1.0032323375925105E-4,1.7651821574436646E-4,2.0780595273646316E-4,7.879398704181305E-5,2.037582937097531E-4,7.997940157437653E-4,0.014146839547882949,1.0947750177857984E-4,0.008338339783983252,1.2039502303698346E-4,1.142818076248462E-4,6.875323339537801E-5,2.678348755753761E-4,1.0889070898974007E-4],[0.0012396990509642737,0.03297743318670748,0.0013122622897025922,1.0,0.017739831512871517,5.675715436951235E-4,3.650479654737959E-4,3.369236500787013E-4,0.0012084125465655336,0.002151425783143028,0.0229120119420148,0.0011846102892018625,0.009795008373064894,1.6377669391037694E-4,4.29473394426188E-4,0.0013568806501962803,0.004291192983160294,0.0015756155173811048,0.0015290020250879465,0.0020814574204102002,0.0011256126644330438,0.010660815292754427,0.0011974164541037305,0.0042529608266269345,6.590146452946407E-4,0.001245521290881313,0.00229563569005946,0.0018424410731706228,6.549424962118287E-4,5.521160480680934E-4,0.0013109596516263915,0.012145752370149738,2.5183035060177833E-4,0.0013652076253847692,0.0010312405776223843,0.0013704980302563041,8.742066517980207E-4,0.001209693579295161,0.002394394407230162,3.3065630755142847E-4,0.00267642594708525,8.731901609353337E-4,0.00122860010982178,6.386273293869592E-4,0.001099207760181456,9.88304878919595E-4],[0.01219413566987346,0.031417348699069966,0.011082780851683585,0.017739831512871517,1.0,0.022785047945645735,0.006136365688915063,0.01289328815781749,0.024238396916587905,0.020617751267040206,0.028079982220705055,0.023764229149917836,0.01850340329229783,0.025836071960065637,0.008806525519695617,0.024152422474297434,0.02422582107653694,0.01840564368011783,0.0173092760244376,0.0031628382263526184,0.0032336866229619025,0.023460732869008006,0.001858697848902728,0.01681259421477778,0.015687779540046517,0.012199460607613049,0.012228870246145773,0.010298639648123288,0.016869539160178134,0.018583287634967534,0.004469459316561868,0.029865790447601435,0.007047168043558172,0.014185730829908223,0.010522411325419001,0.004379279700647244,0.019257184599170994,0.021963763980470577,0.026625595473155246,0.014665612677553968,0.017874482650052478,0.012668117623451542,0.019110452699433265,0.0019492947833602105,0.003500822358833654,0.018109587605037197],[1.7032214607722447E-4,0.0011321072561822185,3.0077574971694154E-5,5.675715436951235E-4,0.022785047945645735,1.0,1.5691067713795484E-5,4.176037823656534E-5,4.695996769556967E-4,0.0030782049818030306,0.019524533166713192,4.216970267960801E-4,0.004073471588319815,1.2758635734528836E-5,4.009186313808742E-5,4.0251561786876064E-5,0.003356253957684122,0.0023264170624888955,4.345909514276031E-4,9.925654477072232E-4,1.0699819618032494E-4,0.009520974106607256,4.4591798003215444E-4,5.048915261860607E-4,3.483432632036728E-5,8.853851059207723E-5,0.0010516834914001288,0.0025879254346790658,3.5762915837293986E-4,1.0017978281394734E-4,0.0010744773227318602,0.019387580156931452,1.5066431652784094E-5,0.0011784079678793555,2.410970776998887E-4,2.5827313686028872E-5,5.719859028081994E-4,2.1156983336720585E-5,1.6511847597030222E-4,4.867180578972361E-5,0.0032012194323319362,3.556235388757672E-4,7.384318979018151E-5,1.4573188197688977E-5,1.5872710743984673E-4,1.08675222050128E-4],[1.3028153677043734E-4,0.00813867192289024,1.0669782396630206E-4,3.650479654737959E-4,0.006136365688915063,1.5691067713795484E-5,1.0,6.401024701502594E-5,5.513929978219189E-4,1.0097905080851194E-4,0.006321026672150312,0.0011430742455097232,0.012667107692505883,1.8898853196616663E-5,1.0859345430467174E-4,9.324549777405692E-5,9.093568990900159E-5,0.0016958867002032786,0.00253187501219762,0.0011727142265675922,5.447046160697374E-5,0.005453483360976212,2.018335631651745E-4,0.002681883705554811,4.811264990232442E-5,1.0107146560508606E-4,0.0017762388370824432,0.002425497575497922,3.103128694862159E-4,5.668730838986683E-5,7.019247790053811E-4,0.01384035401003753,2.4159741415937555E-5,0.0013036281001281092,2.363036069547499E-4,3.2309500784487106E-5,3.2943691563915126E-4,0.0011180909472352026,0.020816663698759272,1.2631203347493605E-4,0.00796883103105897,9.432244057556066E-5,1.020136402591361E-4,1.5017005471663789E-5,6.58484072553276E-5,3.970597174250055E-5],[1.4613564722029373E-4,0.008201373181956809,1.1940369368424673E-4,3.369236500787013E-4,0.01289328815781749,4.176037823656534E-5,6.401024701502594E-5,1.0,4.764748822740444E-4,0.0024861034955524883,0.0043024310474949565,9.593143156940862E-4,0.012279010233016306,5.633518620456496E-5,1.3650262210523757E-4,1.3367886460298443E-4,0.002321440324022896,0.001104929656336984,0.002711223659981913,8.370832636017781E-4,1.4351754492270067E-4,0.011291544566379845,3.638265039016484E-4,0.0034884819320526255,1.3278294575652736E-4,1.5779408844792376E-4,0.0021933657511446773,4.207617307001846E-4,3.0419910674710275E-4,1.4841854010325649E-4,6.26817073114633E-4,0.002580010286565276,1.4268102702251666E-4,1.6046671258280483E-4,1.4952622275782063E-4,4.5637600407219504E-5,6.962649261594951E-4,9.159386660818567E-4,9.577028977238768E-4,1.4798770807530662E-4,0.006658190609309946,5.377103636766274E-4,1.3752374231740158E-4,6.802489452789243E-5,2.3583412375274485E-4,1.3846278530718625E-4],[7.127556263730071E-4,0.015613404443404321,4.314869929814501E-4,0.0012084125465655336,0.024238396916587905,4.695996769556967E-4,5.513929978219189E-4,4.764748822740444E-4,1.0,0.0025439131168774796,0.02015082191020223,0.0011453232732283637,0.005055749144241096,1.825740385395196E-4,5.488418481869453E-4,2.5847034231026467E-4,0.004539508291667875,0.001893101831284869,7.76578391574272E-4,9.606818331224067E-4,1.4471493651214206E-4,0.0015935033964193895,5.467739705833758E-4,0.004042678282409009,2.252513263227089E-4,3.510848472882511E-4,0.002375403296167458,0.0013121887244018158,7.164828260271202E-4,5.405428927884628E-4,0.0011106389231813978,0.025935694417455232,3.2847014335209894E-4,0.0012488144677117,6.714891544906314E-4,6.93068259667976E-4,7.318445718385375E-4,8.538561923041875E-4,0.002091794122213461,4.8626936996449063E-4,0.009803685840837604,7.425838781097223E-4,2.2210323335608605E-4,3.8535672560152277E-4,5.778333464291767E-4,3.329535712925285E-4],[0.002815836193184773,0.02486808961119311,0.0023446167478455454,0.002151425783143028,0.020617751267040206,0.0030782049818030306,1.0097905080851194E-4,0.0024861034955524883,0.0025439131168774796,1.0,0.021598942284451337,0.00140188307193303,0.004085530328784439,5.29915594423621E-4,0.002353892473464497,1.6341386135673456E-4,0.003538726021066386,0.004689591790109991,0.0028165680977110495,0.0026609000064452513,0.002511120289159773,0.007698088779870068,0.0010718482217909058,0.0032589929578606715,8.950624904620176E-4,6.421670245205662E-4,0.0027491894885221264,0.0031338857339295377,0.0011204212599358462,0.0030955064429628305,0.001419595947763652,0.010079877437128145,5.807840343381382E-4,0.0020674936274976278,0.002971784201363677,1.3258686572535617E-4,0.0025171672328451002,0.003021229525700588,0.004066857225192048,6.545964158888357E-4,0.005690251916259076,0.002726924046729068,2.820463088509763E-4,4.385116296612444E-5,0.0021112920499746645,5.080700126671333E-4],[0.02381647670918715,0.03388191388892178,0.02141773357989465,0.0229120119420148,0.028079982220705055,0.019524533166713192,0.006321026672150312,0.0043024310474949565,0.02015082191020223,0.021598942284451337,1.0,0.02101787367188896,0.020252156762111607,0.009409796603256998,0.0019615669679737095,0.004595931751766782,0.018840287653277672,0.006680880314999986,0.014892186339413756,0.02601978864824131,0.007512649235560219,0.014616521461693916,0.00972793690820052,0.009112710169502795,0.03006361011400196,0.007147731348001121,0.014842283364614815,0.01826995063363997,0.005046051669313796,0.01988670567668068,0.023373255733885327,0.0336511309716974,0.01564926642921246,0.01707520445074678,0.028972052585772196,0.02001180670116322,0.022365194978082294,0.003288212061241729,0.02548216712619293,0.00593632594062404,0.018634643672328262,0.014288005862883002,0.026052666781531727,0.011869686836277541,0.01498053786628281,0.01908110250580848],[6.81658616071667E-4,0.023856398708209246,7.950506139452515E-4,0.0011846102892018625,0.023764229149917836,4.216970267960801E-4,0.0011430742455097232,9.593143156940862E-4,0.0011453232732283637,0.00140188307193303,0.02101787367188896,1.0,0.0021407047637866184,7.498599749576047E-4,9.036074803305718E-4,0.0010299138738311213,0.0024188902405607574,0.001561536637733591,0.0018732754773739032,0.0018178766366678816,7.702797550342749E-4,0.005121757593979485,0.0011216248412637354,0.002115043118618443,9.501534853883094E-4,9.668962034191635E-4,0.0019092300444975454,0.0029225665369464054,6.196843623184573E-4,6.445112908710527E-4,0.001182355307444831,0.020805950067587058,0.0010658107388839236,0.0012698607435554443,0.0011076894734106642,1.0681762884019704E-4,0.0010262522665080438,0.0011271010085817795,0.003159566263072791,7.621716713755109E-4,0.0059530886272871125,0.0010204280473995041,1.4617731188850696E-4,3.4800411002411494E-4,4.877573124417503E-4,0.0010115365069227886],[0.012687049180350823,0.02352709022714404,0.001012764973911876,0.009795008373064894,0.01850340329229783,0.004073471588319815,0.012667107692505883,0.012279010233016306,0.005055749144241096,0.004085530328784439,0.020252156762111607,0.0021407047637866184,1.0,0.009495792740296789,0.012668711277880485,0.015084413740219007,0.014712622926848957,0.0081158041518475,0.010825034143726533,0.012939892275467445,0.005646089212868213,0.012448081843401893,0.004950060545659879,0.004531275638097054,0.012196741533275676,0.011364185121434832,0.010605457064905562,0.014666497798463901,0.003283532922417721,0.010516287976966911,0.013381604110547948,0.030743313297845916,0.01307615367498047,0.002000710032195957,0.008935701651563524,0.005692855765797208,0.013266437503782596,0.0011549010752067077,0.0193750181719075,0.00908039715003369,0.01091584198011052,0.010707813151778198,0.006860227552191462,0.0012494561684803346,0.0024075592702559444,0.008997742884545825],[1.1167817704240843E-4,0.018293787923851886,8.027600581151684E-5,1.6377669391037694E-4,0.025836071960065637,1.2758635734528836E-5,1.8898853196616663E-5,5.633518620456496E-5,1.825740385395196E-4,5.29915594423621E-4,0.009409796603256998,7.498599749576047E-4,0.009495792740296789,1.0,7.593206595331554E-5,4.406269501228401E-5,0.0037605834839790197,0.0027637334385546383,4.7570668456677886E-4,3.782793831467789E-4,7.561733075297142E-5,0.0011252520182619091,2.5440671125788537E-4,4.8128830933327646E-4,3.296537681869533E-5,5.9786147891795354E-5,2.865844639314867E-4,0.0020646455187590144,3.4171266900335194E-4,3.419868129803424E-4,9.30895893411404E-4,0.008084089790293333,1.5867487712049185E-5,6.645449342714568E-4,5.65712290559199E-5,1.8982100098572852E-5,5.839564214130951E-4,7.367581989116065E-4,7.331251713847873E-4,6.133673227944033E-5,0.0011394864851020246,2.577298242341965E-4,6.35238251633464E-5,1.2306978683809553E-5,3.7883153875534876E-4,7.196040901707952E-5],[1.5671655378951977E-4,0.0019306847681528152,1.1776130177953189E-4,4.29473394426188E-4,0.008806525519695617,4.009186313808742E-5,1.0859345430467174E-4,1.3650262210523757E-4,5.488418481869453E-4,0.002353892473464497,0.0019615669679737095,9.036074803305718E-4,0.012668711277880485,7.593206595331554E-5,1.0,1.1897734423162588E-4,0.004619428996837089,0.0022352036566395343,9.43629569754683E-4,2.1994321775865063E-4,1.2522977763640333E-4,0.01078327765149178,4.637447140098133E-4,0.002439920437901604,1.2007565119990364E-4,1.78747485756021E-4,5.980630641149265E-4,0.001747601616440345,3.747817390869012E-4,1.7470631025430332E-4,4.8420178537630584E-4,0.0036447885970391975,9.91931755275476E-5,8.295046217295555E-4,1.2653845785757703E-4,5.950175806373157E-5,5.359579351818627E-4,1.309505411141459E-4,0.014407325659632484,1.3202938502861701E-4,0.007853605265878501,5.50990420533434E-4,1.24696806391382E-4,1.0582909314544832E-4,2.8394414135820363E-4,1.1494079581860936E-4],[1.7510803484472486E-4,0.0077347508456232445,1.0872936391889172E-4,0.0013568806501962803,0.024152422474297434,4.0251561786876064E-5,9.324549777405692E-5,1.3367886460298443E-4,2.5847034231026467E-4,1.6341386135673456E-4,0.004595931751766782,0.0010299138738311213,0.015084413740219007,4.406269501228401E-5,1.1897734423162588E-4,1.0,0.0040596798348120425,0.003054404859714371,0.0010486169869965405,0.001035575241058231,1.1323106913686178E-4,0.011027886870131105,4.5215508856992275E-4,0.001872456774019455,1.1331022933408376E-4,1.1079642347673442E-4,0.0010245385430977076,4.0550032118261516E-4,4.187694257536493E-4,2.478488490385907E-4,0.0010471679116971521,0.033398419827144976,9.979780657490212E-5,0.0011649179320574075,1.3581596450664747E-4,8.20321553672622E-5,6.9957430884534E-4,3.523707985492174E-4,0.004910326405742427,1.4108561088601367E-4,0.0061250276731441115,1.26537128032097E-4,1.1497343778051668E-4,2.7029001976093925E-5,3.7171315331386786E-4,1.1027590282377922E-4],[8.72979284730709E-4,0.02108262260969943,0.00212883191351368,0.004291192983160294,0.02422582107653694,0.003356253957684122,9.093568990900159E-5,0.002321440324022896,0.004539508291667875,0.003538726021066386,0.018840287653277672,0.0024188902405607574,0.014712622926848957,0.0037605834839790197,0.004619428996837089,0.0040596798348120425,1.0,0.005333464260209541,0.004384768520850597,0.004956317893182469,4.7713382134488195E-4,0.009516045700155257,7.247895655394178E-4,0.004611587521726283,2.4560317304158405E-4,0.003678675369388506,0.00403219135261478,0.004857820987530127,8.622162619776281E-4,6.99195611731883E-4,0.0020731189167882114,0.010393952984468666,0.002950767197470059,0.004748466363469133,0.0019982354880412716,7.146976552164943E-4,0.0025731850958266764,0.0017512031071459152,0.0206672178057151,0.0033024546590267956,0.008158962591291436,8.579281212278585E-4,0.0022287069942859435,0.005080605095535687,0.004655394046330692,6.63536530402134E-4],[0.0028881334790569458,0.01657560487597517,0.0023921297548787092,0.0015756155173811048,0.01840564368011783,0.0023264170624888955,0.0016958867002032786,0.001104929656336984,0.001893101831284869,0.004689591790109991,0.006680880314999986,0.001561536637733591,0.0081158041518475,0.0027637334385546383,0.0022352036566395343,0.003054404859714371,0.005333464260209541,1.0,0.004132235626225456,0.005271799331281343,0.004319295974771736,0.00926658459182691,0.0012797232108410633,0.005419285409669957,0.0044394034431154035,0.002757608932357788,0.0038691379015717547,0.0038407947390235943,0.0031867883649311685,0.004518591311709795,0.001904039945085,0.02177679522088403,0.003223194045798755,0.0018433685667218298,0.0026140894250237167,0.0021241341667528756,0.004552869383967691,0.0027192117092447793,0.00821727161611453,0.0011104771332150533,0.0075493322804699526,0.0011063978077256488,0.003074502983678246,0.001269954091843263,0.002786220703130411,0.002101447534160408],[0.0016163684870243076,0.033845738675941255,0.00252122119280494,0.0015290020250879465,0.0173092760244376,4.345909514276031E-4,0.00253187501219762,0.002711223659981913,7.76578391574272E-4,0.0028165680977110495,0.014892186339413756,0.0018732754773739032,0.010825034143726533,4.7570668456677886E-4,9.43629569754683E-4,0.0010486169869965405,0.004384768520850597,0.004132235626225456,1.0,0.0024524492889627177,0.0014480263558019214,0.0080457832862079,0.001484593633236104,0.0034484176466725073,0.002258795057288789,6.662061188621184E-4,0.0027776010823868645,0.0030458177566556827,6.697921926946326E-4,0.0026216887571263365,0.001613187000914092,0.0036531122194024728,5.953276640571574E-4,0.002451735305599438,8.068807755608519E-4,6.038160890395953E-4,0.0019002989560346541,0.0012254649400545814,0.006288586983025755,9.24641372589411E-4,0.008725937493337943,0.0025701426578959236,0.0016175016950850706,0.0025799011131950877,0.0013171568370652488,9.003790442016939E-4],[3.097199262150032E-4,0.0026561405798258774,2.8182169220254807E-4,0.0020814574204102002,0.0031628382263526184,9.925654477072232E-4,0.0011727142265675922,8.370832636017781E-4,9.606818331224067E-4,0.0026609000064452513,0.02601978864824131,0.0018178766366678816,0.012939892275467445,3.782793831467789E-4,2.1994321775865063E-4,0.001035575241058231,0.004956317893182469,0.005271799331281343,0.0024524492889627177,1.0,7.897027532471116E-4,0.006171997732010397,0.0020816233404883566,0.0027082512831662874,4.1942946884168187E-4,6.120101064930497E-4,0.002547994050244735,0.003007759990789647,0.001164712134139453,9.556963219694221E-4,0.0011907157037239985,0.024581014019476887,0.0017013737318007456,0.0023036657812125464,0.0017459837206477273,0.001754953990218488,0.0016068990448545682,0.001489246764628864,0.013221176633163221,7.265671585336524E-4,0.00718714673143664,0.0015389397414465973,6.143837590582766E-4,0.0012997335512252538,8.715070723279319E-4,0.002099679609132112],[1.4776383144617344E-4,0.012364740493201704,1.1605559199902948E-4,0.0011256126644330438,0.0032336866229619025,1.0699819618032494E-4,5.447046160697374E-5,1.4351754492270067E-4,1.4471493651214206E-4,0.002511120289159773,0.007512649235560219,7.702797550342749E-4,0.005646089212868213,7.561733075297142E-5,1.2522977763640333E-4,1.1323106913686178E-4,4.7713382134488195E-4,0.004319295974771736,0.0014480263558019214,7.897027532471116E-4,1.0,0.009072121868790944,3.4958200832211023E-4,0.0017902475775796777,1.2503879959686672E-4,1.7903648386015294E-4,0.0010665036250588392,0.0014879321258298855,2.3696289730847108E-4,3.1429283090799343E-4,0.0010217059801180478,0.008110559336817107,3.641846912000093E-5,3.761865865002321E-4,2.1258030667759676E-4,1.3476964510171513E-4,5.44678696674077E-4,6.064633519322318E-4,0.015619572366920104,1.4505686928576172E-4,4.960969007794373E-4,1.7144473747600733E-4,1.3177845171378518E-4,7.204102397309022E-5,3.143583322295551E-4,1.3375474608179778E-4],[0.004222367880605359,0.017881538411183864,0.0033652152419490653,0.010660815292754427,0.023460732869008006,0.009520974106607256,0.005453483360976212,0.011291544566379845,0.0015935033964193895,0.007698088779870068,0.014616521461693916,0.005121757593979485,0.012448081843401893,0.0011252520182619091,0.01078327765149178,0.011027886870131105,0.009516045700155257,0.00926658459182691,0.0080457832862079,0.006171997732010397,0.009072121868790944,1.0,0.0032912678638270113,0.004775077313655676,7.829637348175156E-4,0.006954743202053399,0.0105207265516876,0.004138984583860328,0.006527598710300023,0.00913577058259263,0.010249165543048281,0.014628682700136272,0.008862704235263119,0.0026322639362621296,8.214419063481337E-4,7.899785803462098E-5,0.005265699672672328,0.009686626078063738,0.018478822660131896,0.0026181085107736587,0.011240689390150485,0.006451886169200349,0.01094469843355499,0.01088569010720766,0.008845635922312706,0.0030809931246345438],[3.4339422245125404E-4,0.01433646334351472,3.239757703422983E-4,0.0011974164541037305,0.001858697848902728,4.4591798003215444E-4,2.018335631651745E-4,3.638265039016484E-4,5.467739705833758E-4,0.0010718482217909058,0.00972793690820052,0.0011216248412637354,0.004950060545659879,2.5440671125788537E-4,4.637447140098133E-4,4.5215508856992275E-4,7.247895655394178E-4,0.0012797232108410633,0.001484593633236104,0.0020816233404883566,3.4958200832211023E-4,0.0032912678638270113,1.0,0.0033410904332377366,1.9236851572760775E-4,2.8300131788994425E-4,8.984696299234867E-4,0.0012304437176650128,4.972098467113137E-4,4.247102136537687E-4,8.077451370699759E-4,0.010517215673040526,2.8089916160503034E-4,8.973826493416091E-4,3.748420695887216E-4,5.0958717156999675E-5,5.483319138247378E-4,6.948432708238201E-4,0.00755310575935251,4.5649349535734155E-4,0.003260547903025998,7.389864784474741E-4,1.608614054313637E-4,3.037959808127734E-4,4.314700423257091E-4,2.3726708764129758E-4],[6.49981844375088E-4,0.008984782800461357,0.0015006172152912168,0.0042529608266269345,0.01681259421477778,5.048915261860607E-4,0.002681883705554811,0.0034884819320526255,0.004042678282409009,0.0032589929578606715,0.009112710169502795,0.002115043118618443,0.004531275638097054,4.8128830933327646E-4,0.002439920437901604,0.001872456774019455,0.004611587521726283,0.005419285409669957,0.0034484176466725073,0.0027082512831662874,0.0017902475775796777,0.004775077313655676,0.0033410904332377366,1.0,0.001566911970079638,7.801267087899062E-4,0.003026019574817502,0.00419582029088293,0.003413543034648151,4.7235999468117607E-4,0.0039963157284009475,0.013638680760745155,0.0014636969964165272,0.002757056529214816,8.186749330203115E-4,0.003959942475464162,0.0033491621182357755,0.0015953569259175501,0.006283186554848275,0.004097098455737382,0.005312734214495127,0.0017439855085202894,0.0020050114643117393,0.003132335033382461,0.001206310295916615,4.5186349764153545E-4],[1.6369235968377314E-4,0.013209849878246154,1.1096900268359655E-4,6.590146452946407E-4,0.015687779540046517,3.483432632036728E-5,4.811264990232442E-5,1.3278294575652736E-4,2.252513263227089E-4,8.950624904620176E-4,0.03006361011400196,9.501534853883094E-4,0.012196741533275676,3.296537681869533E-5,1.2007565119990364E-4,1.1331022933408376E-4,2.4560317304158405E-4,0.0044394034431154035,0.002258795057288789,4.1942946884168187E-4,1.2503879959686672E-4,7.829637348175156E-4,1.9236851572760775E-4,0.001566911970079638,1.0,1.1951172602177554E-4,7.673747203178849E-4,0.0029948945451384436,5.257390458302145E-4,2.8571144845477724E-4,8.305722654024433E-4,0.028617871179712956,8.174246322327447E-5,0.0010373582128619056,1.1931871812332856E-4,3.9548278599547025E-5,4.839576287520141E-4,3.1921765617031774E-4,0.002816301654373167,1.2825474019762242E-4,0.009652175868619977,1.814593389889738E-4,1.2505780953232497E-4,8.44822656047817E-5,3.160918485943531E-4,1.1315367528024969E-4],[1.7832381451477242E-4,0.016581249401443125,1.2447785679597703E-4,0.001245521290881313,0.012199460607613049,8.853851059207723E-5,1.0107146560508606E-4,1.5779408844792376E-4,3.510848472882511E-4,6.421670245205662E-4,0.007147731348001121,9.668962034191635E-4,0.011364185121434832,5.9786147891795354E-5,1.78747485756021E-4,1.1079642347673442E-4,0.003678675369388506,0.002757608932357788,6.662061188621184E-4,6.120101064930497E-4,1.7903648386015294E-4,0.006954743202053399,2.8300131788994425E-4,7.801267087899062E-4,1.1951172602177554E-4,1.0,0.0010663770780441765,4.848230361582604E-4,4.0510347471263506E-4,1.8286162838850373E-4,1.9400849798174036E-4,0.02321348913711318,1.0662683321882715E-4,5.506544130337122E-4,2.4725749341407595E-4,1.171003105562895E-4,6.578903866174901E-4,8.013030061834962E-4,0.008017873592478414,1.5125880002949814E-4,0.00855512044013504,6.127290416501551E-4,1.4382504158927173E-4,1.1855626133793124E-4,2.705196037916002E-4,1.638582609413072E-4],[5.50995599715953E-4,0.02673705858066274,0.001995892247436885,0.00229563569005946,0.012228870246145773,0.0010516834914001288,0.0017762388370824432,0.0021933657511446773,0.002375403296167458,0.0027491894885221264,0.014842283364614815,0.0019092300444975454,0.010605457064905562,2.865844639314867E-4,5.980630641149265E-4,0.0010245385430977076,0.00403219135261478,0.0038691379015717547,0.0027776010823868645,0.002547994050244735,0.0010665036250588392,0.0105207265516876,8.984696299234867E-4,0.003026019574817502,7.673747203178849E-4,0.0010663770780441765,1.0,0.0030943338002292803,0.0021361483123969547,0.002489147901661708,0.0014298115866072303,0.021713250711759058,2.930665318258489E-4,0.002059080182273748,9.867424531754077E-4,0.002029877704269931,0.0018900940489499983,0.0011626769234329855,0.019481275010266898,0.0020235707554957256,0.007894984585749113,0.0014230029871350137,0.0015198069279818253,1.8854892008204484E-4,0.0022454626713429623,0.0011769585502278076],[0.0028370086226298004,0.004274714998419918,0.002932094700432281,0.0018424410731706228,0.010298639648123288,0.0025879254346790658,0.002425497575497922,4.207617307001846E-4,0.0013121887244018158,0.0031338857339295377,0.01826995063363997,0.0029225665369464054,0.014666497798463901,0.0020646455187590144,0.001747601616440345,4.0550032118261516E-4,0.004857820987530127,0.0038407947390235943,0.0030458177566556827,0.003007759990789647,0.0014879321258298855,0.004138984583860328,0.0012304437176650128,0.00419582029088293,0.0029948945451384436,4.848230361582604E-4,0.0030943338002292803,1.0,0.0028357938760070938,0.0029262234182476947,0.00246215953156921,0.0175655964840546,6.189616200299247E-4,0.0018952247750186832,5.956465362224454E-4,0.0031748905722269968,0.0014763690706784882,0.003180948596300622,0.0065982424854234695,0.002536789789427162,0.00979681886503808,0.0015212388601959536,2.881466440678164E-4,3.1261646986904806E-4,5.503836971407154E-4,0.0018653024211056637],[4.6871523121824635E-4,0.011610935362061339,4.6841499656907537E-4,6.549424962118287E-4,0.016869539160178134,3.5762915837293986E-4,3.103128694862159E-4,3.0419910674710275E-4,7.164828260271202E-4,0.0011204212599358462,0.005046051669313796,6.196843623184573E-4,0.003283532922417721,3.4171266900335194E-4,3.747817390869012E-4,4.187694257536493E-4,8.622162619776281E-4,0.0031867883649311685,6.697921926946326E-4,0.001164712134139453,2.3696289730847108E-4,0.006527598710300023,4.972098467113137E-4,0.003413543034648151,5.257390458302145E-4,4.0510347471263506E-4,0.0021361483123969547,0.0028357938760070938,1.0,4.185117686543097E-4,0.001021801140854512,0.008453642720374088,2.0557450365919964E-4,8.946790984759934E-4,2.731474256517785E-4,3.702223021831198E-4,5.985639756141265E-4,0.0010558887021571684,0.01465680357052747,1.805291529318557E-4,0.006650823104861999,5.585977145674152E-4,4.5443269762155357E-4,2.2386797888652128E-4,4.2055150427199354E-4,1.8851041598158945E-4],[3.4015915101904214E-4,0.019843042489469286,3.0635616713489894E-4,5.521160480680934E-4,0.018583287634967534,1.0017978281394734E-4,5.668730838986683E-5,1.4841854010325649E-4,5.405428927884628E-4,0.0030955064429628305,0.01988670567668068,6.445112908710527E-4,0.010516287976966911,3.419868129803424E-4,1.7470631025430332E-4,2.478488490385907E-4,6.99195611731883E-4,0.004518591311709795,0.0026216887571263365,9.556963219694221E-4,3.1429283090799343E-4,0.00913577058259263,4.247102136537687E-4,4.7235999468117607E-4,2.8571144845477724E-4,1.8286162838850373E-4,0.002489147901661708,0.0029262234182476947,4.185117686543097E-4,1.0,7.994072950991749E-4,0.0018404019214491522,3.370936633686629E-4,8.517507502066926E-4,3.2949356306259463E-4,6.71086700727037E-5,3.9777175514092304E-4,9.698485337574299E-4,0.0038395545786660697,3.042094636874272E-4,0.0020326327825255204,6.767555959617806E-4,2.923459015357477E-4,1.839592624613897E-4,3.7794728984193843E-4,3.5223250467114446E-4],[7.105390347870236E-4,0.003652038144184882,1.1486056414833962E-4,0.0013109596516263915,0.004469459316561868,0.0010744773227318602,7.019247790053811E-4,6.26817073114633E-4,0.0011106389231813978,0.001419595947763652,0.023373255733885327,0.001182355307444831,0.013381604110547948,9.30895893411404E-4,4.8420178537630584E-4,0.0010471679116971521,0.0020731189167882114,0.001904039945085,0.001613187000914092,0.0011907157037239985,0.0010217059801180478,0.010249165543048281,8.077451370699759E-4,0.0039963157284009475,8.305722654024433E-4,1.9400849798174036E-4,0.0014298115866072303,0.00246215953156921,0.001021801140854512,7.994072950991749E-4,1.0,0.00441251426756799,6.643369752453987E-4,0.0012301472990368764,4.3205543550227995E-4,9.677426863357035E-4,7.814397186061877E-4,0.0011697223421679366,0.006553737796618387,0.0010899181322775418,0.00812944240997956,7.516123456933626E-4,7.168690711784338E-4,2.2216037052709024E-4,5.63638739776091E-4,0.0010841320602024897],[0.018558225347315625,0.034482758620689655,0.004672888106048431,0.012145752370149738,0.029865790447601435,0.019387580156931452,0.01384035401003753,0.002580010286565276,0.025935694417455232,0.010079877437128145,0.0336511309716974,0.020805950067587058,0.030743313297845916,0.008084089790293333,0.0036447885970391975,0.033398419827144976,0.010393952984468666,0.02177679522088403,0.0036531122194024728,0.024581014019476887,0.008110559336817107,0.014628682700136272,0.010517215673040526,0.013638680760745155,0.028617871179712956,0.02321348913711318,0.021713250711759058,0.0175655964840546,0.008453642720374088,0.0018404019214491522,0.00441251426756799,1.0,0.02424754052977672,0.003510297971170569,0.007757497340093357,0.016806651867857167,0.0029309515880942775,0.026039814850127185,0.025629232045340664,9.885578060508985E-4,0.031600795140047384,0.03109946350542784,0.012958021040197292,0.0022425183624729074,4.921054352796918E-4,0.010947066718514266],[1.3085797186829744E-4,0.014137450119490956,1.0032323375925105E-4,2.5183035060177833E-4,0.007047168043558172,1.5066431652784094E-5,2.4159741415937555E-5,1.4268102702251666E-4,3.2847014335209894E-4,5.807840343381382E-4,0.01564926642921246,0.0010658107388839236,0.01307615367498047,1.5867487712049185E-5,9.91931755275476E-5,9.979780657490212E-5,0.002950767197470059,0.003223194045798755,5.953276640571574E-4,0.0017013737318007456,3.641846912000093E-5,0.008862704235263119,2.8089916160503034E-4,0.0014636969964165272,8.174246322327447E-5,1.0662683321882715E-4,2.930665318258489E-4,6.189616200299247E-4,2.0557450365919964E-4,3.370936633686629E-4,6.643369752453987E-4,0.02424754052977672,1.0,5.4481746988215914E-5,2.7940912156552914E-5,1.862674594190299E-5,5.557782494875893E-4,1.62711920373095E-4,0.015715185393868136,1.1776660239405548E-4,0.0016310769433855502,3.629153003827133E-4,4.30172852437427E-5,1.5441387063901797E-5,2.8886915866639554E-4,1.7449649599802106E-5],[0.001054102308933515,0.02796985449225341,1.7651821574436646E-4,0.0013652076253847692,0.014185730829908223,0.0011784079678793555,0.0013036281001281092,1.6046671258280483E-4,0.0012488144677117,0.0020674936274976278,0.01707520445074678,0.0012698607435554443,0.002000710032195957,6.645449342714568E-4,8.295046217295555E-4,0.0011649179320574075,0.004748466363469133,0.0018433685667218298,0.002451735305599438,0.0023036657812125464,3.761865865002321E-4,0.0026322639362621296,8.973826493416091E-4,0.002757056529214816,0.0010373582128619056,5.506544130337122E-4,0.002059080182273748,0.0018952247750186832,8.946790984759934E-4,8.517507502066926E-4,0.0012301472990368764,0.003510297971170569,5.4481746988215914E-5,1.0,0.0011432619978679049,0.0010331400625989758,0.0011812897590007046,0.0012373255430515033,0.002727781620444382,9.863441329292003E-4,0.004518659533663723,0.001083870026144808,9.969552116728632E-4,2.1245412816794885E-4,4.2212250645881204E-4,8.241316493778238E-4],[1.9205110801463147E-4,0.021442535371901886,2.0780595273646316E-4,0.0010312405776223843,0.010522411325419001,2.410970776998887E-4,2.363036069547499E-4,1.4952622275782063E-4,6.714891544906314E-4,0.002971784201363677,0.028972052585772196,0.0011076894734106642,0.008935701651563524,5.65712290559199E-5,1.2653845785757703E-4,1.3581596450664747E-4,0.0019982354880412716,0.0026140894250237167,8.068807755608519E-4,0.0017459837206477273,2.1258030667759676E-4,8.214419063481337E-4,3.748420695887216E-4,8.186749330203115E-4,1.1931871812332856E-4,2.4725749341407595E-4,9.867424531754077E-4,5.956465362224454E-4,2.731474256517785E-4,3.2949356306259463E-4,4.3205543550227995E-4,0.007757497340093357,2.7940912156552914E-5,0.0011432619978679049,1.0,1.1065628382474588E-4,5.931258930735305E-4,8.246789969973372E-4,0.013542947194214186,2.2683493099430457E-4,0.008611915001929744,5.873059508197175E-4,1.9709935071769022E-4,2.0423271895984415E-4,3.181589828255794E-4,1.7699110314887886E-4],[1.5498934412387736E-4,0.0225539949632998,7.879398704181305E-5,0.0013704980302563041,0.004379279700647244,2.5827313686028872E-5,3.2309500784487106E-5,4.5637600407219504E-5,6.93068259667976E-4,1.3258686572535617E-4,0.02001180670116322,1.0681762884019704E-4,0.005692855765797208,1.8982100098572852E-5,5.950175806373157E-5,8.20321553672622E-5,7.146976552164943E-4,0.0021241341667528756,6.038160890395953E-4,0.001754953990218488,1.3476964510171513E-4,7.899785803462098E-5,5.0958717156999675E-5,0.003959942475464162,3.9548278599547025E-5,1.171003105562895E-4,0.002029877704269931,0.0031748905722269968,3.702223021831198E-4,6.71086700727037E-5,9.677426863357035E-4,0.016806651867857167,1.862674594190299E-5,0.0010331400625989758,1.1065628382474588E-4,1.0,3.4311666015297203E-4,1.3233262091099664E-4,0.005940938079847615,1.414191387488887E-4,0.004500585412875008,5.534222578940826E-4,1.1798755163182792E-4,2.3142955115079606E-5,3.0351257320084375E-4,1.0886412961119285E-4],[3.9549983468792983E-4,0.02445192965716804,2.037582937097531E-4,8.742066517980207E-4,0.019257184599170994,5.719859028081994E-4,3.2943691563915126E-4,6.962649261594951E-4,7.318445718385375E-4,0.0025171672328451002,0.022365194978082294,0.0010262522665080438,0.013266437503782596,5.839564214130951E-4,5.359579351818627E-4,6.9957430884534E-4,0.0025731850958266764,0.004552869383967691,0.0019002989560346541,0.0016068990448545682,5.44678696674077E-4,0.005265699672672328,5.483319138247378E-4,0.0033491621182357755,4.839576287520141E-4,6.578903866174901E-4,0.0018900940489499983,0.0014763690706784882,5.985639756141265E-4,3.9777175514092304E-4,7.814397186061877E-4,0.0029309515880942775,5.557782494875893E-4,0.0011812897590007046,5.931258930735305E-4,3.4311666015297203E-4,1.0,9.238488538414711E-4,0.01835807935352903,2.7613780076504637E-4,0.0029840039617486987,7.426433609198717E-4,2.756823113919811E-4,2.6281039001344617E-4,5.142619275388259E-4,1.2697243160590224E-4],[4.672999584826442E-4,0.01060364043505867,7.997940157437653E-4,0.001209693579295161,0.021963763980470577,2.1156983336720585E-5,0.0011180909472352026,9.159386660818567E-4,8.538561923041875E-4,0.003021229525700588,0.003288212061241729,0.0011271010085817795,0.0011549010752067077,7.367581989116065E-4,1.309505411141459E-4,3.523707985492174E-4,0.0017512031071459152,0.0027192117092447793,0.0012254649400545814,0.001489246764628864,6.064633519322318E-4,0.009686626078063738,6.948432708238201E-4,0.0015953569259175501,3.1921765617031774E-4,8.013030061834962E-4,0.0011626769234329855,0.003180948596300622,0.0010558887021571684,9.698485337574299E-4,0.0011697223421679366,0.026039814850127185,1.62711920373095E-4,0.0012373255430515033,8.246789969973372E-4,1.3233262091099664E-4,9.238488538414711E-4,1.0,0.011653326108299783,8.230889424644534E-4,0.008442604650545558,8.944126611121924E-4,4.331474925474027E-4,2.2449195261523144E-4,5.266245712555229E-4,6.263890135637442E-4],[0.0022642295142636265,0.025724184908770036,0.014146839547882949,0.002394394407230162,0.026625595473155246,1.6511847597030222E-4,0.020816663698759272,9.577028977238768E-4,0.002091794122213461,0.004066857225192048,0.02548216712619293,0.003159566263072791,0.0193750181719075,7.331251713847873E-4,0.014407325659632484,0.004910326405742427,0.0206672178057151,0.00821727161611453,0.006288586983025755,0.013221176633163221,0.015619572366920104,0.018478822660131896,0.00755310575935251,0.006283186554848275,0.002816301654373167,0.008017873592478414,0.019481275010266898,0.0065982424854234695,0.01465680357052747,0.0038395545786660697,0.006553737796618387,0.025629232045340664,0.015715185393868136,0.002727781620444382,0.013542947194214186,0.005940938079847615,0.01835807935352903,0.011653326108299783,1.0,0.005841521965598595,0.021013865438119016,0.018900108667503197,0.0013999272164630693,0.021220203631987306,0.006387113260676977,0.00444631443019921],[1.7517348943991268E-4,0.03205208234106209,1.0947750177857984E-4,3.3065630755142847E-4,0.014665612677553968,4.867180578972361E-5,1.2631203347493605E-4,1.4798770807530662E-4,4.8626936996449063E-4,6.545964158888357E-4,0.00593632594062404,7.621716713755109E-4,0.00908039715003369,6.133673227944033E-5,1.3202938502861701E-4,1.4108561088601367E-4,0.0033024546590267956,0.0011104771332150533,9.24641372589411E-4,7.265671585336524E-4,1.4505686928576172E-4,0.0026181085107736587,4.5649349535734155E-4,0.004097098455737382,1.2825474019762242E-4,1.5125880002949814E-4,0.0020235707554957256,0.002536789789427162,1.805291529318557E-4,3.042094636874272E-4,0.0010899181322775418,9.885578060508985E-4,1.1776660239405548E-4,9.863441329292003E-4,2.2683493099430457E-4,1.414191387488887E-4,2.7613780076504637E-4,8.230889424644534E-4,0.005841521965598595,1.0,0.006141829055815881,7.189392174437979E-4,1.4270197573467352E-4,4.975375490055802E-5,3.9983323907661294E-4,1.322106470664903E-4],[0.006425893421599778,0.027928626186651456,0.008338339783983252,0.00267642594708525,0.017874482650052478,0.0032012194323319362,0.00796883103105897,0.006658190609309946,0.009803685840837604,0.005690251916259076,0.018634643672328262,0.0059530886272871125,0.01091584198011052,0.0011394864851020246,0.007853605265878501,0.0061250276731441115,0.008158962591291436,0.0075493322804699526,0.008725937493337943,0.00718714673143664,4.960969007794373E-4,0.011240689390150485,0.003260547903025998,0.005312734214495127,0.009652175868619977,0.00855512044013504,0.007894984585749113,0.00979681886503808,0.006650823104861999,0.0020326327825255204,0.00812944240997956,0.031600795140047384,0.0016310769433855502,0.004518659533663723,0.008611915001929744,0.004500585412875008,0.0029840039617486987,0.008442604650545558,0.021013865438119016,0.006141829055815881,1.0,0.0037600362536593626,0.009307555035755869,0.0019295017349302572,0.008409277076304914,0.006740189887597284],[4.348238385451452E-4,0.01710793037362304,1.2039502303698346E-4,8.731901609353337E-4,0.012668117623451542,3.556235388757672E-4,9.432244057556066E-5,5.377103636766274E-4,7.425838781097223E-4,0.002726924046729068,0.014288005862883002,0.0010204280473995041,0.010707813151778198,2.577298242341965E-4,5.50990420533434E-4,1.26537128032097E-4,8.579281212278585E-4,0.0011063978077256488,0.0025701426578959236,0.0015389397414465973,1.7144473747600733E-4,0.006451886169200349,7.389864784474741E-4,0.0017439855085202894,1.814593389889738E-4,6.127290416501551E-4,0.00142