[[1.0,0.0011755980160050518,1.4839619720962224E-4,4.047663443797103E-4,5.962065755033031E-4,8.82303980352309E-4,2.1873910830014388E-4,0.001246156142041771,0.002365870920331612,0.06794195365378965,0.0012760845113017566,0.009738162073494396,0.0011628389992752442,5.068508864031632E-4,9.031396141776025E-4,0.0011973399755198528,0.0010120418745845393,1.5618880318106455E-4,0.0011034070070436049,0.002775520439357415,8.12308586480813E-4,0.0012535891357977106,9.189202375236144E-4,0.0015861539596835146,9.141973628593843E-4,0.0014640823120053224,0.0012193934713523621,0.0010869723500075475,0.0017223858697389106,0.0012317703980966345,0.0012338982381812588,4.300034531672499E-4,1.5001741733733476E-4,0.0010281827896840617,0.00134109553524921,0.014911036045223106,0.03850028862292735,0.0010124147843026694,0.013991497387230968,9.298346549524454E-4,9.877299185518627E-4,0.002887409541202587,0.01348666712110589],[0.0011755980160050518,1.0,2.7896187320714194E-4,4.3711719437580066E-4,2.268131545781243E-4,9.343874285573013E-4,7.512235161372062E-4,0.0012673868981067987,0.0036172155487472655,0.0794050499904688,0.001200513215865031,0.010006125146626956,0.0011071373878584355,2.1649005195200282E-4,1.1528353675234666E-4,0.0011603312022599823,0.001030274532181167,5.339294482937279E-4,4.5151264058581025E-4,0.008601692989825032,1.508024945813216E-4,0.0014469569714735046,6.12234233270604E-4,0.001800190536341157,5.98534647088087E-4,0.0025783074207794228,0.0014331003018475635,7.817323949080577E-4,0.0016950425643654176,0.0012368521637039964,0.0012423449106769222,4.711621581580625E-4,5.200465301660995E-4,3.43004216973977E-4,0.009630843272521504,0.028163243246568482,0.04517550083762248,9.172687506157521E-5,0.02057604168231901,0.0011238567288263067,3.163963254197203E-4,0.003098705591495622,0.03884200589192768],[1.4839619720962224E-4,2.7896187320714194E-4,1.0,2.210368750846068E-5,2.5418702835644755E-5,8.807979346246662E-5,9.60982750860648E-5,3.189101682613955E-5,0.0037252605191490703,0.06251284087747566,9.360653958463283E-4,0.004957296880251617,9.203587751390098E-4,1.5080920000970524E-4,8.660898260313214E-5,6.819810565577158E-4,4.2090902280263675E-4,1.355372540275581E-4,1.8648484892253426E-5,0.0031537365155825357,9.131815867359879E-5,6.674377725163006E-4,4.359184424075285E-4,3.2855603180615556E-4,8.544085206224118E-5,0.0010993455987982897,1.8063891431865584E-4,7.632923439461237E-5,0.002840326415909236,3.712168184558217E-4,2.9840927640700153E-4,2.0554258067892034E-5,5.631065658991439E-5,8.298012444476292E-5,0.004397591149381543,0.025814661016851374,0.04438108702840966,2.073751369089031E-5,0.01810383316113807,2.371833413676804E-4,7.114317095991108E-5,0.003464608608034208,0.004856691770233688],[4.047663443797103E-4,4.3711719437580066E-4,2.210368750846068E-5,1.0,2.6378421675466602E-5,1.5306779341434855E-4,1.0384768808089543E-4,4.913501010838085E-4,0.0017748532861837625,0.03915928809804532,9.807804765398869E-4,0.016556449226793273,9.560457669563502E-4,5.833385672037763E-5,7.680246494322364E-5,4.7061982660356145E-4,6.017334940662577E-4,6.0985660311774436E-5,1.23099712758335E-5,0.0025917960121530944,1.2356514656105405E-4,1.7704063177673582E-4,1.9891682342554864E-5,0.001719162088046141,3.4037315655952347E-4,0.0028846946357364038,1.6287754117965992E-4,1.6201244966247756E-5,3.550466793221805E-5,0.0013217012493353035,5.627111176665447E-4,1.942920364262891E-5,2.312670477068652E-5,6.009690217907109E-5,0.017117699898007974,0.02289263591231166,0.013854610875617079,1.3707867423643882E-5,0.016756186373587313,1.765550589368804E-4,6.988666840846984E-5,3.425929900730015E-4,0.018078497683947863],[5.962065755033031E-4,2.268131545781243E-4,2.5418702835644755E-5,2.6378421675466602E-5,1.0,1.820024630680337E-4,8.554001026986384E-5,9.293652203927761E-4,0.0020570465229279924,0.03225595026953525,3.530728070548249E-4,0.02267542145831095,9.345460570616746E-4,7.083256798275305E-5,2.9482120225273076E-5,2.376073637280871E-4,7.599423503081428E-4,7.907063182008483E-5,1.846349809490393E-5,4.797404820132501E-5,9.510990456579006E-5,8.596880054445311E-4,4.06141457477882E-4,0.0019976258323960248,2.127556731214324E-4,0.00299536212334356,0.0011209714502100599,9.573525966140863E-5,0.002702776102247236,0.0013261699249144867,4.263140602306252E-4,2.581108387006622E-5,5.809168715839698E-5,9.205934999925588E-5,0.014056562580047293,0.009950290489405997,0.031972789765518324,2.5480132048385223E-5,0.018165576126403127,2.8936384327449467E-4,4.530659926474414E-5,0.0044408487833781,0.011680136452702675],[8.82303980352309E-4,9.343874285573013E-4,8.807979346246662E-5,1.5306779341434855E-4,1.820024630680337E-4,1.0,1.9634644169638733E-4,9.850570976065783E-4,0.0018666123069614434,0.01331786321421669,0.0012026835240944258,0.01075818844087727,9.51301183229724E-4,2.709005727738707E-4,3.667934538761056E-4,9.177781987104366E-4,4.366516173786826E-4,2.64142819455685E-4,1.0417146038883542E-4,0.007583128028472028,3.125394571210131E-4,0.0010135231487998892,4.774153660176638E-4,0.0017908136721377613,4.49212554193417E-4,0.0027983450879673047,0.0011752017127459853,1.621438132497419E-4,0.0018545223816728942,4.134578791385685E-4,5.289214244256557E-4,6.455106388680816E-5,1.845669311911763E-4,2.0271694516051276E-4,0.0113090045577118,0.02163450521890859,0.00306026276095988,3.074110306556774E-4,0.01807050405474264,3.8624402828677667E-4,2.1857811742675667E-4,0.0030989726848319114,0.02003293389109914],[2.1873910830014388E-4,7.512235161372062E-4,9.60982750860648E-5,1.0384768808089543E-4,8.554001026986384E-5,1.9634644169638733E-4,1.0,0.0012638316950201627,0.0012012978501788115,0.052012641426004966,1.193980636368322E-4,0.007994063159040688,0.0010292161338439027,1.4729402726223274E-4,1.0585619289155979E-4,5.608798095884277E-4,1.584801007588064E-4,1.4902329287534607E-4,6.844406536814342E-5,0.0031601240936770187,1.1608261363769193E-4,0.0015055206564435783,4.435551133436246E-4,0.001020062206481234,1.1082218128625622E-4,0.0012813883171029843,7.233424352086397E-4,1.4370537342556631E-4,0.002088310432727039,2.5165727652719694E-4,3.696487534506263E-4,7.013089407552886E-5,1.1490125034767158E-4,1.0998555576553271E-4,0.006081351016279833,0.019622126956092296,0.04329302309217319,7.967029191002125E-5,0.0016782168660641008,1.4588269036103257E-4,9.744225600987291E-5,0.0025281170715712904,0.048739477931322384],[0.001246156142041771,0.0012673868981067987,3.189101682613955E-5,4.913501010838085E-4,9.293652203927761E-4,9.850570976065783E-4,0.0012638316950201627,1.0,0.003490110733527613,0.01632671151455676,0.0012982088417527059,0.011146206275513163,0.0013224616448258737,5.362259567045506E-4,4.0647568251862067E-4,0.0012416225122613928,0.001184872289302343,6.642655873701239E-4,5.730697077046566E-4,0.0052316127889374285,5.922364325526692E-4,0.0013723988792409228,8.980787044720877E-4,0.0015395431932980325,0.001099495467263513,0.002128852879510958,0.0013756933986828297,7.128416949306973E-4,0.0015201549642861844,0.0013380837240690004,0.0013487512771441722,6.42584155271802E-4,0.0010085608891602389,6.539254128892799E-4,0.011431503931769027,0.025876422868004557,0.03685284531026433,4.0643406434372404E-4,0.024673652253420452,5.18790639620319E-4,2.2506337733153864E-4,0.0037437648564564423,0.009565811643732235],[0.002365870920331612,0.0036172155487472655,0.0037252605191490703,0.0017748532861837625,0.0020570465229279924,0.0018666123069614434,0.0012012978501788115,0.003490110733527613,1.0,0.012162973731094052,0.003465071333906341,0.01934903601783884,0.002865465597595291,0.001557364198291035,0.0013856561667801154,0.0014595100572056816,0.002520877826195516,8.91502714199746E-4,0.001577629581745689,0.008848024121698352,0.0019838425110088424,0.003037757796430238,0.0010427250273278604,0.0025644387681210807,7.611049125239572E-4,0.0031644300414031537,0.00218819420073856,0.0029933028295206663,0.0034030840998148723,0.0022364123028756405,0.0018384349844458143,0.0025606284593279447,0.0012249580918325003,0.0021857573913298596,0.009132411425283673,0.025377385198746202,0.0053880171616126245,0.002142783981318724,0.028032621003141467,0.0037660821680051714,0.0025732781039285945,0.004313495598668611,0.04441649372272749],[0.06794195365378965,0.0794050499904688,0.06251284087747566,0.03915928809804532,0.03225595026953525,0.01331786321421669,0.052012641426004966,0.01632671151455676,0.012162973731094052,1.0,0.02616097963818862,0.03780086928278292,0.0655017603726919,8.650458435469491E-4,0.04202195103091363,0.05259364552208762,0.020475161976574764,0.015470319645559606,0.033446142918236305,0.06265068528759939,0.016191889019214353,0.028169765266878873,0.01789244392133585,0.016146746435939045,0.012396264393782228,0.010929858801136057,0.03343876945616336,0.023030289510384726,0.022795744111219,0.07368444628575839,0.0019575301014022697,0.012922361034261847,0.059597352875309956,0.06641683071486432,0.0382196593121376,0.06973935063524746,0.06617010823094654,0.06922737658636748,0.06628964420963229,0.06436693038515469,0.028547569175680118,0.07272899513776748,0.07539702107848992],[0.0012760845113017566,0.001200513215865031,9.360653958463283E-4,9.807804765398869E-4,3.530728070548249E-4,0.0012026835240944258,1.193980636368322E-4,0.0012982088417527059,0.003465071333906341,0.02616097963818862,1.0,0.009691675360898854,0.0010837324131139367,4.0383178951533994E-4,4.6179037955334156E-4,0.0012763897021247435,8.143474650596439E-4,7.682679413010987E-4,0.001109700635477778,0.007161085626378318,4.882515153208484E-4,0.0014243693705339039,6.684405966429535E-4,0.0018783146479357366,0.001237544134433397,0.0028203420888179387,0.0014423075323091426,8.852695228949666E-4,0.0026585862719998264,0.0013189508849961494,0.0013213293660580962,8.465668464220743E-4,4.664387130768559E-4,1.9508532779519388E-4,0.001728052795499164,0.023088683824889402,0.008394869206816018,0.001065177086115359,0.008524097653799923,8.246640596101475E-4,5.805233283962831E-4,0.0023413265561309177,0.01550740885024054],[0.009738162073494396,0.010006125146626956,0.004957296880251617,0.016556449226793273,0.02267542145831095,0.01075818844087727,0.007994063159040688,0.011146206275513163,0.01934903601783884,0.03780086928278292,0.009691675360898854,1.0,0.007561341642127449,0.008655291132087206,9.453642380092035E-4,0.013369931455326473,0.018909735058306194,0.021849869306185227,0.0018781550871778622,0.022143730349980205,0.003271528562003952,0.012032235303206367,0.014251836121919275,0.01269439194551634,0.013313947359088923,0.006959617204527721,0.017205109770679003,0.017514227095231292,0.013391600157561728,0.010147149493641558,0.017205395766496018,0.0035039359631696314,0.021914837413854197,0.02161013774791117,0.01985606902119617,0.028938037336755547,0.04032789452910383,0.009217959903276528,0.027990548958495533,0.004987964739416487,0.012130118882546455,0.01740613334180577,0.04242018095174823],[0.0011628389992752442,0.0011071373878584355,9.203587751390098E-4,9.560457669563502E-4,9.345460570616746E-4,9.51301183229724E-4,0.0010292161338439027,0.0013224616448258737,0.002865465597595291,0.0655017603726919,0.0010837324131139367,0.007561341642127449,1.0,5.672777681487633E-4,9.832481385708062E-4,0.0010955962700314468,9.215069881357365E-4,7.525091482417552E-4,0.0010305185039778337,0.008237349143585941,9.571980926498799E-4,0.0011876180680024063,0.001013575046854896,0.001917502233379198,6.147360386856928E-4,0.0022265458801130856,0.00125183023933725,1.9169272756028376E-4,0.002390332719182917,0.001325896389579561,0.0013370331746449151,5.182295332969479E-4,7.359143614642338E-4,1.9854950829932303E-4,0.015313681153338105,0.014738697303070017,0.007396173270818562,8.041990884117928E-4,0.001318067324657713,6.802652156658932E-4,7.27318646785135E-4,0.004086794367517256,0.031401817212075696],[5.068508864031632E-4,2.1649005195200282E-4,1.5080920000970524E-4,5.833385672037763E-5,7.083256798275305E-5,2.709005727738707E-4,1.4729402726223274E-4,5.362259567045506E-4,0.001557364198291035,8.650458435469491E-4,4.0383178951533994E-4,0.008655291132087206,5.672777681487633E-4,1.0,1.397594411358134E-4,4.765361064252666E-4,6.090572457196134E-4,1.5213024748237674E-4,1.3632566749289895E-4,0.009891819172428956,1.6427500626188074E-4,3.8290205869841295E-4,2.0929106897745289E-4,0.0013006325932691273,4.3283493443921795E-4,0.0030520041561063046,3.5237383091070706E-4,1.6595627605028024E-4,0.0014940844973931615,0.001236531425175845,3.9695523775646474E-4,1.3195996476649856E-4,1.6617279904002308E-4,1.4770180745727086E-4,0.01229771810945255,0.008994435653440993,0.048870261207910395,6.730133514263028E-5,0.012990022886595681,3.125074163553604E-4,1.1076904470938193E-4,0.003390947035522653,0.0269667500586623],[9.031396141776025E-4,1.1528353675234666E-4,8.660898260313214E-5,7.680246494322364E-5,2.9482120225273076E-5,3.667934538761056E-4,1.0585619289155979E-4,4.0647568251862067E-4,0.0013856561667801154,0.04202195103091363,4.6179037955334156E-4,9.453642380092035E-4,9.832481385708062E-4,1.397594411358134E-4,1.0,5.071295409788074E-4,2.925344190592981E-4,1.3545940808329694E-4,7.976110107558098E-5,0.006597651691902975,1.1151012406042484E-4,8.712147756464682E-4,4.277172354080924E-4,4.862526156640406E-4,4.439878473174094E-4,8.977610687329175E-4,3.9715934930796467E-4,1.4255578120750018E-4,0.0011944584250178733,0.0013109335835960847,6.955959491204045E-4,2.118752793535954E-5,1.2189590127864408E-4,1.1041939184074442E-4,0.004265001591743208,0.0193148570787505,0.0176132460622153,7.601910662182547E-5,0.008056524150606916,2.820971035213715E-4,8.428617325227697E-5,0.0036831831310444344,0.009271055646694925],[0.0011973399755198528,0.0011603312022599823,6.819810565577158E-4,4.7061982660356145E-4,2.376073637280871E-4,9.177781987104366E-4,5.608798095884277E-4,0.0012416225122613928,0.0014595100572056816,0.05259364552208762,0.0012763897021247435,0.013369931455326473,0.0010955962700314468,4.765361064252666E-4,5.071295409788074E-4,1.0,9.994451227862836E-4,9.680382794117752E-4,8.895911452210296E-4,0.01008465192316848,7.800960571992029E-4,0.0013745499211951075,7.184087832286967E-4,0.001260999949319966,8.984217492180725E-4,0.002694372034367444,0.001225481804907146,8.253177994037193E-4,0.0017386896900757844,0.0012289395044931058,0.0011577823790417515,1.722770570957322E-4,0.0011230755473007536,9.723619611835444E-4,0.011603734065918591,0.0017298734471509947,0.032301426393078335,6.271242995513544E-4,0.002183910869493297,6.55008587061872E-4,2.906575825944362E-4,0.002464030575934154,0.03107502099213153],[0.0010120418745845393,0.001030274532181167,4.2090902280263675E-4,6.017334940662577E-4,7.599423503081428E-4,4.366516173786826E-4,1.584801007588064E-4,0.001184872289302343,0.002520877826195516,0.020475161976574764,8.143474650596439E-4,0.018909735058306194,9.215069881357365E-4,6.090572457196134E-4,2.925344190592981E-4,9.994451227862836E-4,1.0,6.714208940796105E-4,3.7337307185046354E-4,0.011003090117338509,3.840640734980248E-4,0.0014208022528564043,6.353068270754358E-4,0.0014568727453488067,6.809039245259079E-4,0.0023337946333861033,8.597314350563464E-4,4.852827684100805E-4,0.0023986813915105303,8.704546597464777E-4,0.001229623758502314,2.1149673833600207E-4,4.0253299604570966E-4,2.8248533450098156E-4,0.015811137610173314,0.017109161020889524,0.04487669639949034,7.124152375484619E-4,0.010340795608964717,5.918551004913462E-4,6.034083525640744E-4,0.002681539110073215,0.005646203521190131],[1.5618880318106455E-4,5.339294482937279E-4,1.355372540275581E-4,6.0985660311774436E-5,7.907063182008483E-5,2.64142819455685E-4,1.4902329287534607E-4,6.642655873701239E-4,8.91502714199746E-4,0.015470319645559606,7.682679413010987E-4,0.021849869306185227,7.525091482417552E-4,1.5213024748237674E-4,1.3545940808329694E-4,9.680382794117752E-4,6.714208940796105E-4,1.0,3.922276062263452E-5,0.007137914562666117,1.4973156550668955E-4,0.0012387568581375635,3.2974467898547633E-4,4.087323534958329E-4,3.262899960791741E-4,0.0019762859277849135,0.0010504531499401012,1.5448453038910512E-4,1.7187399998081393E-4,2.3665716872612062E-4,8.845637204631077E-4,9.43757635900065E-5,1.5116238055926383E-4,1.4479670372473914E-4,0.012178051467780678,0.003604459255438819,0.03812188942664868,1.0159917565576314E-4,0.023201178385159706,1.894096336687241E-4,1.2244861626112434E-4,0.0027814181994702323,0.036082318467542895],[0.0011034070070436049,4.5151264058581025E-4,1.8648484892253426E-5,1.23099712758335E-5,1.846349809490393E-5,1.0417146038883542E-4,6.844406536814342E-5,5.730697077046566E-4,0.001577629581745689,0.033446142918236305,0.001109700635477778,0.0018781550871778622,0.0010305185039778337,1.3632566749289895E-4,7.976110107558098E-5,8.895911452210296E-4,3.7337307185046354E-4,3.922276062263452E-5,1.0,0.0027627816975694724,1.1777074332967931E-4,0.0012779167062495246,1.160448368505597E-4,2.059410596415643E-4,2.2991336815926115E-4,0.002905556545494947,2.9528874365893624E-4,6.422842493966182E-5,0.0023816227583411693,6.24728438839049E-4,5.764728316487804E-4,1.9763050842466447E-5,1.0056867217780309E-4,9.202090796503607E-5,9.86663428282556E-4,0.004128214193969338,0.002969048474888756,1.4587906488424127E-5,0.007442071027549477,4.813816087809014E-5,1.8793508075111535E-5,0.005734866832549504,0.049651912437918375],[0.002775520439357415,0.008601692989825032,0.0031537365155825357,0.0025917960121530944,4.797404820132501E-5,0.007583128028472028,0.0031601240936770187,0.0052316127889374285,0.008848024121698352,0.06265068528759939,0.007161085626378318,0.022143730349980205,0.008237349143585941,0.009891819172428956,0.006597651691902975,0.01008465192316848,0.011003090117338509,0.007137914562666117,0.0027627816975694724,1.0,0.0030508742634025067,0.01377414337197265,0.00941834533017903,0.01160212851225121,0.009018061210408044,0.013256545762434804,0.0028849036794730562,0.003825192027090571,0.008213129583960812,0.008166222273892843,0.013610675717334894,0.0015061922737438546,0.003896171695038201,0.007577765472395046,0.014499657022044244,0.01856333393051248,0.02510311570008859,6.714975321693608E-4,0.017446877802875314,0.002768757860545552,0.0011546399473081803,0.006282512806930161,0.03641123372368972],[8.12308586480813E-4,1.508024945813216E-4,9.131815867359879E-5,1.2356514656105405E-4,9.510990456579006E-5,3.125394571210131E-4,1.1608261363769193E-4,5.922364325526692E-4,0.0019838425110088424,0.016191889019214353,4.882515153208484E-4,0.003271528562003952,9.571980926498799E-4,1.6427500626188074E-4,1.1151012406042484E-4,7.800960571992029E-4,3.840640734980248E-4,1.4973156550668955E-4,1.1777074332967931E-4,0.0030508742634025067,1.0,1.8784190202427673E-4,5.199843719521893E-4,9.221427513303526E-4,4.826692442705989E-4,4.7290576594905155E-4,0.0013601073784555511,1.4243555714139335E-4,0.002370078471393571,5.29221591442089E-4,8.654740261742444E-4,3.226256984027466E-5,1.453660833160667E-4,1.3599551912040793E-4,0.013004485893695229,0.008684183393123508,0.026723654593890697,2.29609531864985E-5,0.005784818741116867,3.67446150776058E-4,8.759256460634286E-5,0.00409022746815836,2.708204637665028E-4],[0.0012535891357977106,0.0014469569714735046,6.674377725163006E-4,1.7704063177673582E-4,8.596880054445311E-4,0.0010135231487998892,0.0015055206564435783,0.0013723988792409228,0.003037757796430238,0.028169765266878873,0.0014243693705339039,0.012032235303206367,0.0011876180680024063,3.8290205869841295E-4,8.712147756464682E-4,0.0013745499211951075,0.0014208022528564043,0.0012387568581375635,0.0012779167062495246,0.01377414337197265,1.8784190202427673E-4,1.0,0.0012041413333607307,0.0017775503087771468,7.492872863522381E-4,0.0017146467177152204,0.0015021079723960132,0.0011930919663375767,0.001784812266124743,0.0014531876032284111,0.0013725343984522251,1.9905147909600115E-4,8.974124523559923E-4,0.0014822913237484117,0.00984775127283105,0.019726735531331214,0.0021695684621052622,1.4925685781066913E-5,0.005933539853368676,0.0012341288476378832,5.309709212975087E-4,0.0022964570539028297,0.025515398744071546],[9.189202375236144E-4,6.12234233270604E-4,4.359184424075285E-4,1.9891682342554864E-5,4.06141457477882E-4,4.774153660176638E-4,4.435551133436246E-4,8.980787044720877E-4,0.0010427250273278604,0.01789244392133585,6.684405966429535E-4,0.014251836121919275,0.001013575046854896,2.0929106897745289E-4,4.277172354080924E-4,7.184087832286967E-4,6.353068270754358E-4,3.2974467898547633E-4,1.160448368505597E-4,0.00941834533017903,5.199843719521893E-4,0.0012041413333607307,1.0,0.001013604700844115,4.995829954665894E-4,0.0028311221731120257,9.366460788086509E-4,2.289510962412614E-4,0.0020294575851720004,9.509157705107848E-4,0.0011815432655224323,2.5916798748072277E-4,4.749179439952507E-4,2.0490443966763943E-4,0.0036506117133116136,0.01415049587036665,0.03519086923762661,2.3064572286869275E-4,0.012570776764034163,4.5530495249338583E-4,5.183333149982093E-4,0.005517820453790443,0.04848291044381657],[0.0015861539596835146,0.001800190536341157,3.2855603180615556E-4,0.001719162088046141,0.0019976258323960248,0.0017908136721377613,0.001020062206481234,0.0015395431932980325,0.0025644387681210807,0.016146746435939045,0.0018783146479357366,0.01269439194551634,0.001917502233379198,0.0013006325932691273,4.862526156640406E-4,0.001260999949319966,0.0014568727453488067,4.087323534958329E-4,2.059410596415643E-4,0.01160212851225121,9.221427513303526E-4,0.0017775503087771468,0.001013604700844115,1.0,0.0014782797294145581,0.0026125721036486986,0.0016385379091652988,8.590805915333808E-4,0.002686417131144901,0.0019567186768832583,0.0017157481300007287,0.0016938507104975857,0.0016296317763143744,0.0019481260794884801,0.006927188599304739,0.02092860684841076,0.021931644459428877,4.366231392254822E-4,0.003992046222175761,8.444942181923086E-4,0.001630761611934549,0.003673365024656201,0.026951330501454637],[9.141973628593843E-4,5.98534647088087E-4,8.544085206224118E-5,3.4037315655952347E-4,2.127556731214324E-4,4.49212554193417E-4,1.1082218128625622E-4,0.001099495467263513,7.611049125239572E-4,0.012396264393782228,0.001237544134433397,0.013313947359088923,6.147360386856928E-4,4.3283493443921795E-4,4.439878473174094E-4,8.984217492180725E-4,6.809039245259079E-4,3.262899960791741E-4,2.2991336815926115E-4,0.009018061210408044,4.826692442705989E-4,7.492872863522381E-4,4.995829954665894E-4,0.0014782797294145581,1.0,0.0029152902781626527,0.001262673141460188,4.129941364953384E-4,7.809791665870348E-4,9.14487326498671E-4,0.001317386584158014,3.9162263998586394E-4,4.4265356826226357E-4,1.5339722502458287E-4,0.002345368864791208,0.00937932255883828,0.01724551013175739,3.2739344906675697E-4,0.020565985780027794,4.5200210429870093E-4,4.341830793512611E-4,9.144756124813928E-4,0.024468928571375358],[0.0014640823120053224,0.0025783074207794228,0.0010993455987982897,0.0028846946357364038,0.00299536212334356,0.0027983450879673047,0.0012813883171029843,0.002128852879510958,0.0031644300414031537,0.010929858801136057,0.0028203420888179387,0.006959617204527721,0.0022265458801130856,0.0030520041561063046,8.977610687329175E-4,0.002694372034367444,0.0023337946333861033,0.0019762859277849135,0.002905556545494947,0.013256545762434804,4.7290576594905155E-4,0.0017146467177152204,0.0028311221731120257,0.0026125721036486986,0.0029152902781626527,1.0,0.003045183450726738,7.15148867384973E-4,0.003130224082911314,0.0018921948214739854,0.0023811649770592454,5.445880603523153E-4,0.0012129864743152914,0.0026426961863291495,0.004033148255593772,0.01324630704622035,0.01737477741634849,4.4656384620438106E-4,0.01078178449663306,0.0020113875010665883,0.001097221308060381,0.00579360295094279,0.027363451849313717],[0.0012193934713523621,0.0014331003018475635,1.8063891431865584E-4,1.6287754117965992E-4,0.0011209714502100599,0.0011752017127459853,7.233424352086397E-4,0.0013756933986828297,0.00218819420073856,0.03343876945616336,0.0014423075323091426,0.017205109770679003,0.00125183023933725,3.5237383091070706E-4,3.9715934930796467E-4,0.001225481804907146,8.597314350563464E-4,0.0010504531499401012,2.9528874365893624E-4,0.0028849036794730562,0.0013601073784555511,0.0015021079723960132,9.366460788086509E-4,0.0016385379091652988,0.001262673141460188,0.003045183450726738,1.0,0.0011655092356263168,0.001845454893995887,0.001381368160728953,0.0013915455041040655,0.0010141223143362934,8.256661192835106E-4,2.080518881318087E-4,0.011384222127235999,0.005335853276039788,0.0014999280284454482,0.0011957344201288076,0.006432873319197905,7.374870602984667E-4,0.0013135146111890742,0.002904776999981186,0.008282103870844834],[0.0010869723500075475,7.817323949080577E-4,7.632923439461237E-5,1.6201244966247756E-5,9.573525966140863E-5,1.621438132497419E-4,1.4370537342556631E-4,7.128416949306973E-4,0.0029933028295206663,0.023030289510384726,8.852695228949666E-4,0.017514227095231292,1.9169272756028376E-4,1.6595627605028024E-4,1.4255578120750018E-4,8.253177994037193E-4,4.852827684100805E-4,1.5448453038910512E-4,6.422842493966182E-5,0.003825192027090571,1.4243555714139335E-4,0.0011930919663375767,2.289510962412614E-4,8.590805915333808E-4,4.129941364953384E-4,7.15148867384973E-4,0.0011655092356263168,1.0,0.0020210258458219638,7.279859842442343E-4,0.0012665051656495147,3.300021491567227E-5,1.5137674655865598E-4,1.2684356725522694E-4,0.0018947567352592288,0.02910788867125897,0.019415703982063274,7.546039003946635E-5,2.607980405290744E-4,2.4837221758749925E-4,1.5644592671134507E-4,8.37458000426355E-4,0.02391775731066125],[0.0017223858697389106,0.0016950425643654176,0.002840326415909236,3.550466793221805E-5,0.002702776102247236,0.0018545223816728942,0.002088310432727039,0.0015201549642861844,0.0034030840998148723,0.022795744111219,0.0026585862719998264,0.013391600157561728,0.002390332719182917,0.0014940844973931615,0.0011944584250178733,0.0017386896900757844,0.0023986813915105303,1.7187399998081393E-4,0.0023816227583411693,0.008213129583960812,0.002370078471393571,0.001784812266124743,0.0020294575851720004,0.002686417131144901,7.809791665870348E-4,0.003130224082911314,0.001845454893995887,0.0020210258458219638,1.0,0.0019655616606483062,0.0021364991211882023,0.0019325006713960668,0.0028134060255205467,5.048818254730466E-4,0.008378930875396347,0.025331308216033188,0.003476489730272497,0.002375079379508985,0.004259457836254047,0.0015037324801947906,0.0016945992657152384,0.00450777345265943,0.027177555199017753],[0.0012317703980966345,0.0012368521637039964,3.712168184558217E-4,0.0013217012493353035,0.0013261699249144867,4.134578791385685E-4,2.5165727652719694E-4,0.0013380837240690004,0.0022364123028756405,0.07368444628575839,0.0013189508849961494,0.010147149493641558,0.001325896389579561,0.001236531425175845,0.0013109335835960847,0.0012289395044931058,8.704546597464777E-4,2.3665716872612062E-4,6.24728438839049E-4,0.008166222273892843,5.29221591442089E-4,0.0014531876032284111,9.509157705107848E-4,0.0019567186768832583,9.14487326498671E-4,0.0018921948214739854,0.001381368160728953,7.279859842442343E-4,0.0019655616606483062,1.0,0.0013403618708265283,5.560330787167484E-4,0.0011390550071182642,8.81421922798491E-4,0.012962070464690745,0.021952972885826507,0.022884245343075527,2.2927884117646398E-4,0.012521647982898728,5.032871292380259E-4,1.906822306406306E-4,0.0024285477736414917,0.04339089580413078],[0.0012338982381812588,0.0012423449106769222,2.9840927640700153E-4,5.627111176665447E-4,4.263140602306252E-4,5.289214244256557E-4,3.696487534506263E-4,0.0013487512771441722,0.0018384349844458143,0.0019575301014022697,0.0013213293660580962,0.017205395766496018,0.0013370331746449151,3.9695523775646474E-4,6.955959491204045E-4,0.0011577823790417515,0.001229623758502314,8.845637204631077E-4,5.764728316487804E-4,0.013610675717334894,8.654740261742444E-4,0.0013725343984522251,0.0011815432655224323,0.0017157481300007287,0.001317386584158014,0.0023811649770592454,0.0013915455041040655,0.0012665051656495147,0.0021364991211882023,0.0013403618708265283,1.0,6.005902460214482E-4,0.0012107949064114117,0.001045764380687451,0.010178047428919583,0.03074229787660133,0.04328756073344226,2.3957952024506184E-4,0.0022962724630507378,6.0539722598498E-4,0.0010250804563700488,0.0040937460659547665,0.01795623646747586],[4.300034531672499E-4,4.711621581580625E-4,2.0554258067892034E-5,1.942920364262891E-5,2.581108387006622E-5,6.455106388680816E-5,7.013089407552886E-5,6.42584155271802E-4,0.0025606284593279447,0.012922361034261847,8.465668464220743E-4,0.0035039359631696314,5.182295332969479E-4,1.3195996476649856E-4,2.118752793535954E-5,1.722770570957322E-4,2.1149673833600207E-4,9.43757635900065E-5,1.9763050842466447E-5,0.0015061922737438546,3.226256984027466E-5,1.9905147909600115E-4,2.5916798748072277E-4,0.0016938507104975857,3.9162263998586394E-4,5.445880603523153E-4,0.0010141223143362934,3.300021491567227E-5,0.0019325006713960668,5.560330787167484E-4,6.005902460214482E-4,1.0,4.7424723979276945E-5,8.880977612831735E-5,0.005603992958123824,0.004085133137168451,0.007017233333950298,1.9241457638023804E-5,0.02287025248166551,2.1193750130949876E-4,2.58275422813802E-5,0.0043677023370237425,0.021735548293389525],[1.5001741733733476E-4,5.200465301660995E-4,5.631065658991439E-5,2.312670477068652E-5,5.809168715839698E-5,1.845669311911763E-4,1.1490125034767158E-4,0.0010085608891602389,0.0012249580918325003,0.059597352875309956,4.664387130768559E-4,0.021914837413854197,7.359143614642338E-4,1.6617279904002308E-4,1.2189590127864408E-4,0.0011230755473007536,4.0253299604570966E-4,1.5116238055926383E-4,1.0056867217780309E-4,0.003896171695038201,1.453660833160667E-4,8.974124523559923E-4,4.749179439952507E-4,0.0016296317763143744,4.4265356826226357E-4,0.0012129864743152914,8.256661192835106E-4,1.5137674655865598E-4,0.0028134060255205467,0.0011390550071182642,0.0012107949064114117,4.7424723979276945E-5,1.0,1.2961432004995576E-4,0.008444747832812377,0.010249928549413617,0.04540680315511032,8.717730366734043E-5,0.027477670164416032,2.221839508723748E-4,1.1929759499899856E-4,0.0031480096647468507,0.012256256214713886],[0.0010281827896840617,3.43004216973977E-4,8.298012444476292E-5,6.009690217907109E-5,9.205934999925588E-5,2.0271694516051276E-4,1.0998555576553271E-4,6.539254128892799E-4,0.0021857573913298596,0.06641683071486432,1.9508532779519388E-4,0.02161013774791117,1.9854950829932303E-4,1.4770180745727086E-4,1.1041939184074442E-4,9.723619611835444E-4,2.8248533450098156E-4,1.4479670372473914E-4,9.202090796503607E-5,0.007577765472395046,1.3599551912040793E-4,0.0014822913237484117,2.0490443966763943E-4,0.0019481260794884801,1.5339722502458287E-4,0.0026426961863291495,2.080518881318087E-4,1.2684356725522694E-4,5.048818254730466E-4,8.81421922798491E-4,0.001045764380687451,8.880977612831735E-5,1.2961432004995576E-4,1.0,0.014781132704430414,0.02863449455153676,0.03351350528294639,7.148369912107381E-5,0.012642916138151595,4.0763792463650704E-4,1.0135701404880232E-4,0.0013133537167231639,0.00212681364954955],[0.00134109553524921,0.009630843272521504,0.004397591149381543,0.017117699898007974,0.014056562580047293,0.0113090045577118,0.006081351016279833,0.011431503931769027,0.009132411425283673,0.0382196593121376,0.001728052795499164,0.01985606902119617,0.015313681153338105,0.01229771810945255,0.004265001591743208,0.011603734065918591,0.015811137610173314,0.012178051467780678,9.86663428282556E-4,0.014499657022044244,0.013004485893695229,0.00984775127283105,0.0036506117133116136,0.006927188599304739,0.002345368864791208,0.004033148255593772,0.011384222127235999,0.0018947567352592288,0.008378930875396347,0.012962070464690745,0.010178047428919583,0.005603992958123824,0.008444747832812377,0.014781132704430414,1.0,0.022557357774532837,0.046937507140286466,0.005187483488932123,0.024171870430637104,0.014795430982435987,0.005836415119494076,0.013413534303386779,0.018495126811480744],[0.014911036045223106,0.028163243246568482,0.025814661016851374,0.02289263591231166,0.009950290489405997,0.02163450521890859,0.019622126956092296,0.025876422868004557,0.025377385198746202,0.06973935063524746,0.023088683824889402,0.028938037336755547,0.014738697303070017,0.008994435653440993,0.0193148570787505,0.0017298734471509947,0.017109161020889524,0.003604459255438819,0.004128214193969338,0.01856333393051248,0.008684183393123508,0.019726735531331214,0.01415049587036665,0.02092860684841076,0.00937932255883828,0.01324630704622035,0.005335853276039788,0.02910788867125897,0.025331308216033188,0.021952972885826507,0.03074229787660133,0.004085133137168451,0.010249928549413617,0.02863449455153676,0.022557357774532837,1.0,0.048263174967477604,1.41904439209607E-4,0.02978750435946794,0.004835247647691078,0.023123020959042808,0.012987129719087723,0.04546863643737783],[0.03850028862292735,0.04517550083762248,0.04438108702840966,0.013854610875617079,0.031972789765518324,0.00306026276095988,0.04329302309217319,0.03685284531026433,0.0053880171616126245,0.06617010823094654,0.008394869206816018,0.04032789452910383,0.007396173270818562,0.048870261207910395,0.0176132460622153,0.032301426393078335,0.04487669639949034,0.03812188942664868,0.002969048474888756,0.02510311570008859,0.026723654593890697,0.0021695684621052622,0.03519086923762661,0.021931644459428877,0.01724551013175739,0.01737477741634849,0.0014999280284454482,0.019415703982063274,0.003476489730272497,0.022884245343075527,0.04328756073344226,0.007017233333950298,0.04540680315511032,0.03351350528294639,0.046937507140286466,0.048263174967477604,1.0,0.00823592310060805,0.04894881492023914,0.004147315302581619,0.01829221934335322,0.021093477754393658,0.05],[0.0010124147843026694,9.172687506157521E-5,2.073751369089031E-5,1.3707867423643882E-5,2.5480132048385223E-5,3.074110306556774E-4,7.967029191002125E-5,4.0643406434372404E-4,0.002142783981318724,0.06922737658636748,0.001065177086115359,0.009217959903276528,8.041990884117928E-4,6.730133514263028E-5,7.601910662182547E-5,6.271242995513544E-4,7.124152375484619E-4,1.0159917565576314E-4,1.4587906488424127E-5,6.714975321693608E-4,2.29609531864985E-5,1.4925685781066913E-5,2.3064572286869275E-4,4.366231392254822E-4,3.2739344906675697E-4,4.4656384620438106E-4,0.0011957344201288076,7.546039003946635E-5,0.002375079379508985,2.2927884117646398E-4,2.3957952024506184E-4,1.9241457638023804E-5,8.717730366734043E-5,7.148369912107381E-5,0.005187483488932123,1.41904439209607E-4,0.00823592310060805,1.0,0.013992808410606386,3.1938396575920813E-4,2.7520222276476082E-5,0.004481498210280112,0.0017337309103601917],[0.013991497387230968,0.02057604168231901,0.01810383316113807,0.016756186373587313,0.018165576126403127,0.01807050405474264,0.0016782168660641008,0.024673652253420452,0.028032621003141467,0.06628964420963229,0.008524097653799923,0.027990548958495533,0.001318067324657713,0.012990022886595681,0.008056524150606916,0.002183910869493297,0.010340795608964717,0.023201178385159706,0.007442071027549477,0.017446877802875314,0.005784818741116867,0.005933539853368676,0.012570776764034163,0.003992046222175761,0.020565985780027794,0.01078178449663306,0.006432873319197905,2.607980405290744E-4,0.004259457836254047,0.012521647982898728,0.0022962724630507378,0.02287025248166551,0.027477670164416032,0.012642916138151595,0.024171870430637104,0.02978750435946794,0.04894881492023914,0.013992808410606386,1.0,0.025058100602874517,0.0052306235101610725,0.027314032272409836,0.04108228975668344],[9.298346549524454E-4,0.0011238567288263067,2.371833413676804E-4,1.765550589368804E-4,2.8936384327449467E-4,3.8624402828677667E-4,1.4588269036103257E-4,5.18790639620319E-4,0.0037660821680051714,0.06436693038515469,8.246640596101475E-4,0.004987964739416487,6.802652156658932E-4,3.125074163553604E-4,2.820971035213715E-4,6.55008587061872E-4,5.918551004913462E-4,1.894096336687241E-4,4.813816087809014E-5,0.002768757860545552,3.67446150776058E-4,0.0012341288476378832,4.5530495249338583E-4,8.444942181923086E-4,4.5200210429870093E-4,0.0020113875010665883,7.374870602984667E-4,2.4837221758749925E-4,0.0015037324801947906,5.032871292380259E-4,6.0539722598498E-4,2.1193750130949876E-4,2.221839508723748E-4,4.0763792463650704E-4,0.014795430982435987,0.004835247647691078,0.004147315302581619,3.1938396575920813E-4,0.025058100602874517,1.0,2.0299900457984238E-4,0.00319210295916795,0.02717344827356755],[9.877299185518627E-4,3.163963254197203E-4,7.114317095991108E-5,6.988666840846984E-5,4.530659926474414E-5,2.1857811742675667E-4,9.744225600987291E-5,2.2506337733153864E-4,0.0025732781039285945,0.028547569175680118,5.805233283962831E-4,0.012130118882546455,7.27318646785135E-4,1.1076904470938193E-4,8.428617325227697E-5,2.906575825944362E-4,6.034083525640744E-4,1.2244861626112434E-4,1.8793508075111535E-5,0.0011546399473081803,8.759256460634286E-5,5.309709212975087E-4,5.183333149982093E-4,0.001630761611934549,4.341830793512611E-4,0.001097221308060381,0.0013135146111890742,1.5644592671134507E-4,0.0016945992657152384,1.906822306406306E-4,0.0010250804563700488,2.58275422813802E-5,1.1929759499899856E-4,1.0135701404880232E-4,0.005836415119494076,0.023123020959042808,0.01829221934335322,2.7520222276476082E-5,0.0052306235101610725,2.0299900457984238E-4,1.0,0.0056175247697166746,0.03183549003352566],[0.002887409541202587,0.003098705591495622,0.003464608608034208,3.425929900730015E-4,0.0044408487833781,0.0030989726848319114,0.0025281170715712904,0.0037437648564564423,0.004313495598668611,0.07272899513776748,0.0023413265561309177,0.01740613334180577,0.004086794367517256,0.003390947035522653,0.0036831831310444344,0.002464030575934154,0.002681539110073215,0.0027814181994702323,0.005734866832549504,0.006282512806930161,0.00409022746815836,0.0022964570539028297,0.005517820453790443,0.003673365024656201,9.144756124813928E-4,0.00579360295094279,0.002904776999981186,8.37458000426355E-4,0.00450777345265943,0.0024285477736414917,0.0040937460659547665,0.0043677023370237425,0.0031480096647468507,0.0013133537167231639,0.013413534303386779,0.012987129719087723,0.021093477754393658,0.004481498210280112,0.027314032272409836,0.00319210295916795,0.0056175247697166746,1.0,0.013481192983199303],[0.01348666712110589,0.03884200589192768,0.004856691770233688,0.018078497683947863,0.011680136452702675,0.02003293389109914,0.048739477931322384,0.009565811643732235,0.04441649372272749,0.07539702107848992,0.01550740885024054,0.04242018095174823,0.031401817212075696,0.0269667500586623,0.009271055646694925,0.03107502099213153,0.005646203521190131,0.036082318467542895,0.049651912437918375,0.03641123372368972,2.708204637665028E-4,0.025515398744071546,0.04848291044381657,0.026951330501454637,0.024468928571375358,0.027363451849313717,0.008282103870844834,0.02391775731066125,0.027177555199017753,0.04339089580413078,0.01795623646747586,0.021735548293389525,0.012256256214713886,0.00212681364954955,0.018495126811480744,0.04546863643737783,0.05,0.0017337309103601917,0.04108228975668344,0.02717344827356755,0.03183549003352566,0.013481192983199303,1.0]]