[[1.0,2.096398010489143E-5,1.1426034047146779E-4,4.393786543012242E-4,0.013712339686083541,0.01038831471727457,4.118636503606564E-5,2.0066207723392538E-5,0.001052354612219901,9.280189017456979E-4,9.601177508016334E-5,8.667681955002463E-5,7.74511125463356E-4,1.349284249478173E-4,1.1986882017097641E-4,2.0707292060238627E-5,0.004002374600503398,2.7987449689645277E-5,0.030189150505348775,0.010693011292721688,0.0077563590724404816,3.1286723040985085E-4,2.525953627234605E-4,3.980099242833178E-5,1.8583988889958077E-4,8.7921517925044E-4,0.0023446551221998225,0.0016738177395862182,1.9444795102959355E-5,1.593771240478769E-5,2.5836373220029346E-5,0.0062106779879326,0.022616422777218752,2.100948636170286E-5,9.525584424406453E-4,6.858329914355974E-5,9.161420748555115E-5,3.604759942134069E-5,9.495195159855531E-4,9.302418541818668E-4,1.5729793261694584E-4,0.004546489217714636],[2.096398010489143E-5,1.0,3.0514755364099543E-4,0.0010005321718038486,0.021742809557107994,0.006621870182776008,4.1608234083387194E-5,1.4358611456053957E-4,0.0015206090234145269,2.6770179858951143E-4,9.34552628956467E-5,3.5025707977065344E-5,5.588125093880221E-4,3.0621657607441977E-4,7.481334124229721E-5,2.4885304961899683E-5,0.009614568057600912,8.841320307506457E-5,0.0016414688375499607,0.004069473305913083,0.0034872417632665787,1.1156528209915861E-4,3.346446957891765E-4,1.0918319379492103E-4,1.0857651786794494E-4,4.894574374790098E-5,0.004725277372465668,0.006693169842726311,2.1341797639828297E-5,2.176547986630186E-5,5.061086592680228E-5,6.958335756778316E-4,0.0043892052342868375,3.1034882590045835E-5,0.001091882473884264,7.848935355189056E-5,2.454477327050137E-5,1.1561003206158612E-4,4.5092850018149953E-4,0.0010946811942226793,3.2897815649511684E-4,7.59387184579148E-4],[1.1426034047146779E-4,3.0514755364099543E-4,1.0,7.080878366750017E-4,0.02412774316794776,0.01303081206088337,1.8260878739951244E-4,2.25030323308796E-4,4.468391696115533E-4,9.66101828670694E-4,1.999552615402803E-4,3.5048209784268686E-4,4.7363676586925554E-4,3.3222515875526963E-4,2.693505215937153E-4,3.3215424740441236E-4,0.012535561894387773,2.1447222796637232E-4,0.03541388068630924,0.008243785493974946,0.004151707621914739,4.867864846590949E-4,3.8461196860910794E-4,2.1034052201466706E-4,3.0631256775697543E-4,0.0012655154573421416,0.003393431966568163,0.0033658444567244714,7.551278866242285E-5,2.5150796539612935E-4,2.709542284883872E-4,0.0037300279381228324,0.02026977945234073,6.079604031082147E-5,7.194375315761545E-4,3.4729184832390494E-4,3.4221245864601835E-4,1.8630443770267173E-4,0.0011468283809002054,7.522813112045727E-4,0.0013000635688010752,0.0039614246625965695],[4.393786543012242E-4,0.0010005321718038486,7.080878366750017E-4,1.0,0.03020530991206155,0.01021736659571865,6.546352830456512E-4,4.7742326147113043E-4,0.0015405993426454933,0.0013210283735599223,6.106658945716985E-4,2.16826447197046E-4,0.0010162442230305087,7.386849107156824E-4,8.63791711125494E-4,7.723472512143948E-4,0.0032435573650431656,9.055642175005579E-4,0.014243308816600015,0.010653976439311203,0.008794820995974678,6.464432770930814E-4,0.0012783025312278994,8.866869949829117E-4,3.8370610591356507E-4,0.0012961696980210743,0.0020423754578055772,0.005721611452477543,1.177915394613371E-4,0.0011765592289501284,3.96662713197262E-4,0.0022108173326086692,0.02623348877714219,7.775500373492982E-4,0.0013834252402451044,8.337476132771443E-4,7.351205198202705E-4,0.0010796808235185508,0.001299356116383151,0.0013071653053599642,0.002398346627688415,0.0021888521012591693],[0.013712339686083541,0.021742809557107994,0.02412774316794776,0.03020530991206155,1.0,0.01880639905814405,0.0011095742786050556,0.03318504302056295,0.00836959278016886,0.015782727306970768,0.031624709740021725,0.028389740315252737,0.00559024177720771,0.013427674957653856,0.02869454793572907,0.029349965965224538,0.032404709927448205,0.02571604767054676,0.03424385579828297,0.03005415099774702,0.012700299568774859,0.0251883580970119,0.023835524089453955,0.007687890243277013,0.023653389587675332,0.018683882273336453,0.017894763709554243,0.02941035565190478,5.129235522856623E-4,0.008064906424148038,0.0036200103628040645,0.028223617853186514,0.028261304599934825,0.006166112159956224,0.015461406154183507,0.001469179725820463,0.014741565376426834,0.01802422322257153,0.01949321957058935,0.011785721439645912,0.030060644544542544,0.02510960809254453],[0.01038831471727457,0.006621870182776008,0.01303081206088337,0.01021736659571865,0.01880639905814405,1.0,0.013048465407229438,0.010073933217999789,0.0039959063959571885,0.009401679855340387,0.005495437762830638,0.013130659032315592,0.012331579137963733,0.009332911009918132,0.01339418395636606,0.009090299460632554,0.013823089747423998,0.010326605995760282,0.024415947303983443,0.013171815558430826,0.01351019602984758,6.927820500527537E-4,0.012256769918384385,0.009344030743711053,0.011215707225370117,0.00603616827913368,0.0136310581443775,0.009073523959226846,0.013411663409662725,0.004075114356733096,0.005318478446123384,0.011629188999306726,0.02479772596710628,0.009535598819148762,0.0115559863513447,0.010542147344602711,4.0720817166995955E-4,4.171864752544671E-4,0.009493584030600556,0.010981904403504605,0.008937015820612645,0.009776935052713641],[4.118636503606564E-5,4.1608234083387194E-5,1.8260878739951244E-4,6.546352830456512E-4,0.0011095742786050556,0.013048465407229438,1.0,1.4554129765898205E-4,4.477525315717812E-4,5.482219906781113E-4,1.2250639355723642E-4,1.1555226303335322E-4,1.9305423964967886E-4,1.898817626014841E-4,1.2350700499347077E-4,3.269077192373201E-5,0.011348918725353704,1.1962017941720354E-4,0.031829234756000656,0.0015232309486532742,9.764904593618613E-4,1.3246374423964038E-4,3.848343019715357E-4,1.300840899063681E-4,2.0880521299621984E-4,6.5455020922272E-4,0.005572395324739478,0.006616775206036454,2.44156263957937E-5,3.283084581644989E-5,1.1188366887039281E-4,0.0019996891688813224,0.0012944334755091518,1.1676884729832188E-4,0.0013271014240788352,1.5257695006550665E-4,1.2789056362392766E-4,1.248605623955274E-4,5.138960163856174E-4,3.8944284747590796E-4,0.001478391177962237,0.005458447523473461],[2.0066207723392538E-5,1.4358611456053957E-4,2.25030323308796E-4,4.7742326147113043E-4,0.03318504302056295,0.010073933217999789,1.4554129765898205E-4,1.0,2.774691736120021E-4,0.0013063600441819035,1.525922068776459E-4,1.3351923760990999E-4,7.771589602044338E-4,2.6119806167544256E-4,1.361835577852808E-4,4.889520811265323E-5,0.006022683263919789,1.3378856939442235E-4,0.02388309849743677,0.0086553843527416,0.008443793070759039,1.85105453204842E-4,2.5549310412813057E-4,1.410693875405827E-4,1.9325968307077552E-4,5.023627097132082E-4,0.0061141378237269586,0.005037668362307334,8.010159139009164E-5,1.83962812680455E-5,1.1350472026442032E-4,0.0015552951399489749,3.285179460824414E-4,1.363826529298895E-4,2.609361248636683E-4,2.3101210088542762E-4,1.4869121155676517E-4,1.3588856643458714E-4,7.638765704978548E-4,6.673200414831187E-4,0.0012023934451740764,0.0038817626233389638],[0.001052354612219901,0.0015206090234145269,4.468391696115533E-4,0.0015405993426454933,0.00836959278016886,0.0039959063959571885,4.477525315717812E-4,2.774691736120021E-4,1.0,0.0017404556710065252,0.0014256445997594934,5.901691602885924E-4,9.965731626859345E-4,0.0012853843462855281,0.0013190123179405706,0.0010611960156820868,0.0076431841510344375,0.0015876843300477446,0.03452393143224863,0.009516324707330793,0.0018923911067339763,0.0015843521435204998,0.0017778139186074772,0.0012910104644827216,0.0013234286648180667,0.0013626617315405805,0.007524323677599901,0.006794989628901278,8.057164368440444E-4,0.001322617455877752,0.0016229475988114857,0.0037751512167145474,0.022398541968471734,0.0011451138010688145,0.001702593409102013,0.0015240332421163419,0.00109316847720802,0.0013458850104872363,0.001656540437797417,0.0015770221597744684,0.0024505751573570232,0.0035815168260910756],[9.280189017456979E-4,2.6770179858951143E-4,9.66101828670694E-4,0.0013210283735599223,0.015782727306970768,0.009401679855340387,5.482219906781113E-4,0.0013063600441819035,0.0017404556710065252,1.0,0.0012065489586807205,7.747295439570151E-4,0.0011500064006630638,9.597548802352427E-4,3.340260593288775E-4,4.7747298359983754E-4,0.004936081609623358,5.222642243597064E-4,0.021314949852791604,0.0092813682374945,0.008959481175256363,0.001126721425268611,0.0013098457105810213,4.1223302668060176E-4,0.0010511982792103952,0.0013265316382404674,0.005851116930581454,0.005408658336564455,9.047911565514969E-4,5.060527908060415E-4,0.001243452455537724,0.00264389655916869,0.018493062324626712,2.8453865259099023E-4,0.0013863442330157203,4.285333950020892E-4,3.1200730673633316E-4,2.0457209299459594E-4,0.0013199437697991423,0.0013598207475818234,0.001820403024653679,0.0016981772481878613],[9.601177508016334E-5,9.34552628956467E-5,1.999552615402803E-4,6.106658945716985E-4,0.031624709740021725,0.005495437762830638,1.2250639355723642E-4,1.525922068776459E-4,0.0014256445997594934,0.0012065489586807205,1.0,1.4088873559420679E-4,2.048349835856205E-4,3.1755994626946787E-4,1.4984872853871962E-4,1.439733146108664E-4,0.008979062823803221,1.3228360655504894E-4,0.03272461360602228,0.0019636917975578596,0.0044240543427748955,1.9295950943098858E-4,4.0594086357762123E-4,1.3801665267658238E-4,2.8124803700070534E-4,5.753772249020059E-4,0.0051055524608579145,0.006437616113264687,3.5467133840869774E-5,5.982119301849735E-5,1.2425987515849628E-4,0.004272690734674359,0.007426788380558464,9.457275269370285E-5,0.0011540747534527157,2.7113850797793595E-4,1.4249726100515404E-4,1.4416583409426856E-4,0.001213538178256768,0.0012420416366668104,0.0017832047197691343,0.005000938223143469],[8.667681955002463E-5,3.5025707977065344E-5,3.5048209784268686E-4,2.16826447197046E-4,0.028389740315252737,0.013130659032315592,1.1555226303335322E-4,1.3351923760990999E-4,5.901691602885924E-4,7.747295439570151E-4,1.4088873559420679E-4,1.0,5.840356077892378E-4,2.1519674225334838E-4,1.2059833107593419E-4,4.8753660756350485E-5,0.007156716134806898,1.1503865505278959E-4,0.02177592255169498,0.009055972060803172,0.005476167763661084,4.188735872547051E-4,2.866609938097949E-4,1.1926074987378354E-4,1.4406722689493082E-4,3.530439481866412E-4,0.0019733403717054642,0.0021530878390185583,2.7681789933288914E-5,7.944464458140477E-5,1.1455201696503583E-4,0.002708042256617925,0.023643397010771804,1.1356453434016768E-4,9.998012580451456E-4,2.3183100648677298E-4,1.2191226547741914E-4,1.2566386866697527E-4,0.0012820862036457285,0.001077004359881026,0.0020047073366613473,0.0020596801178907153],[7.74511125463356E-4,5.588125093880221E-4,4.7363676586925554E-4,0.0010162442230305087,0.00559024177720771,0.012331579137963733,1.9305423964967886E-4,7.771589602044338E-4,9.965731626859345E-4,0.0011500064006630638,2.048349835856205E-4,5.840356077892378E-4,1.0,5.974355687447972E-4,4.012104589273792E-4,7.286770591979635E-4,0.005368741734717446,5.731829299649188E-4,0.03260807475850476,0.00224295147967888,0.0017506283389662975,7.014920291872893E-4,5.797045956121311E-4,1.6273574352500925E-4,5.46441994416193E-4,0.0010046599777145452,0.013210929109241591,0.006458909616042912,6.485890296184314E-4,7.401922226514663E-4,7.816162951280703E-4,0.002152526850220526,0.021763398494293866,6.197117975452207E-4,0.0010880678399308897,7.032476183334153E-4,2.270832065364643E-4,4.795168562491302E-4,0.0012986253109002507,8.291681761504885E-4,0.0011848314064072333,0.004568127009322293],[1.349284249478173E-4,3.0621657607441977E-4,3.3222515875526963E-4,7.386849107156824E-4,0.013427674957653856,0.009332911009918132,1.898817626014841E-4,2.6119806167544256E-4,0.0012853843462855281,9.597548802352427E-4,3.1755994626946787E-4,2.1519674225334838E-4,5.974355687447972E-4,1.0,2.0926765828753225E-4,3.077583961890964E-4,0.0029499996814073537,2.7619613491395277E-4,0.007680191147286948,0.00993028101726725,0.007643434077034499,4.8533245248747955E-4,4.0425336436166967E-4,1.848176541502426E-4,2.8573769399489166E-4,8.657463129196422E-4,0.00674504829011763,0.0025973834237625255,6.565472737238737E-5,2.7406924126858545E-4,3.089031814365446E-4,0.007270619431718881,0.012231739688730725,2.5803802692526257E-4,9.639804534814871E-4,3.1406345905041075E-4,2.89912193694282E-4,3.080834009346518E-4,3.4806423092425534E-4,9.191806740475061E-4,4.131136162967809E-4,0.004252823846338058],[1.1986882017097641E-4,7.481334124229721E-5,2.693505215937153E-4,8.63791711125494E-4,0.02869454793572907,0.01339418395636606,1.2350700499347077E-4,1.361835577852808E-4,0.0013190123179405706,3.340260593288775E-4,1.4984872853871962E-4,1.2059833107593419E-4,4.012104589273792E-4,2.0926765828753225E-4,1.0,3.6826957337539926E-5,0.00733320286282442,1.2259338699697686E-4,0.01446122063968467,0.007579334487828241,0.006573715047318604,3.8533251215243033E-4,2.1567541027149852E-4,1.3571466667826071E-4,1.6381870389551263E-4,5.808058635140708E-4,0.012363182728038607,0.004497647943827571,1.0792492046492137E-4,1.1577828468750241E-4,1.2031211317040001E-4,0.0037672914198606886,0.017567308637789995,7.734607272761668E-5,0.0011937966421805583,2.7726427475148783E-4,1.2638174894281183E-4,1.273796335948263E-4,9.121997468556734E-4,0.0010298559706501675,0.0014066770455228733,0.004770900626218222],[2.0707292060238627E-5,2.4885304961899683E-5,3.3215424740441236E-4,7.723472512143948E-4,0.029349965965224538,0.009090299460632554,3.269077192373201E-5,4.889520811265323E-5,0.0010611960156820868,4.7747298359983754E-4,1.439733146108664E-4,4.8753660756350485E-5,7.286770591979635E-4,3.077583961890964E-4,3.6826957337539926E-5,1.0,0.012069530563791602,9.900343486511248E-5,0.02749152759809607,0.002153692102840883,0.00445922961939009,1.1729561712669944E-4,1.9705373612792228E-4,1.2076626702286526E-4,3.194866216186253E-5,7.891944432202236E-4,8.768769125770586E-4,0.0013704422733868556,2.1881436316413147E-5,1.4847902389247993E-5,9.036710388483598E-5,0.006127834320731715,0.0031528123103856578,3.751028525895362E-5,2.220455834318849E-4,2.560239188800785E-4,1.0636506182513617E-4,4.2017625351358805E-5,3.74566757489362E-4,6.304033555282068E-4,0.0019440670226913523,0.005793713075984547],[0.004002374600503398,0.009614568057600912,0.012535561894387773,0.0032435573650431656,0.032404709927448205,0.013823089747423998,0.011348918725353704,0.006022683263919789,0.0076431841510344375,0.004936081609623358,0.008979062823803221,0.007156716134806898,0.005368741734717446,0.0029499996814073537,0.00733320286282442,0.012069530563791602,1.0,0.013530459647486308,0.024858501962457556,0.013744888163326035,0.013072392319962302,0.010816053418013354,0.013188248522901827,0.008504049393509369,0.013881432052007099,0.011847356645953154,0.01385006026657689,0.010022230055596226,0.006985654813405566,0.01159790862772883,0.011165808892423449,0.009764429637820217,0.023386192522531504,0.004450656842911741,0.01052118478360007,0.002030169427212429,0.0027603237804717023,0.004117933472186788,0.01338389150761521,0.00415927565845339,0.0036459719998238405,0.013278773026371727],[2.7987449689645277E-5,8.841320307506457E-5,2.1447222796637232E-4,9.055642175005579E-4,0.02571604767054676,0.010326605995760282,1.1962017941720354E-4,1.3378856939442235E-4,0.0015876843300477446,5.222642243597064E-4,1.3228360655504894E-4,1.1503865505278959E-4,5.731829299649188E-4,2.7619613491395277E-4,1.2259338699697686E-4,9.900343486511248E-5,0.013530459647486308,1.0,0.00791568448465265,0.005348954329892429,0.0018413170479763376,2.66699814226672E-4,3.127324770986527E-4,1.2071589893855737E-4,2.6836224129471166E-4,8.052536697217278E-4,0.006082634028719189,0.0011934380801466883,1.0806885023058275E-4,1.0959261546475283E-4,1.1132389147432759E-4,0.0017894783667220606,0.005031849576510643,1.059574801259294E-4,5.241606727718938E-4,2.118234614413428E-4,1.3378437168099107E-4,1.2608718695517745E-4,5.704744648916862E-4,6.896078899032079E-4,6.218200132486758E-4,0.0058522406395532705],[0.030189150505348775,0.0016414688375499607,0.03541388068630924,0.014243308816600015,0.03424385579828297,0.024415947303983443,0.031829234756000656,0.02388309849743677,0.03452393143224863,0.021314949852791604,0.03272461360602228,0.02177592255169498,0.03260807475850476,0.007680191147286948,0.01446122063968467,0.02749152759809607,0.024858501962457556,0.00791568448465265,1.0,0.03048665988028381,0.030700501682126312,0.035908471434612864,0.023622501558581182,0.0353354058660132,0.010356523800400736,0.002888217440155026,0.028066493121602046,0.030770873802972245,0.0014331841119503085,0.008461003003352056,0.00823255097392967,0.010607878784610421,0.030303109920193094,0.01837263739665496,0.034787793352944095,0.030788744701404393,0.006861591929437335,0.008596434723653422,0.00965083305703152,0.0021357977074122968,0.005531081873258703,0.0175376208039826],[0.010693011292721688,0.004069473305913083,0.008243785493974946,0.010653976439311203,0.03005415099774702,0.013171815558430826,0.0015232309486532742,0.0086553843527416,0.009516324707330793,0.0092813682374945,0.0019636917975578596,0.009055972060803172,0.00224295147967888,0.00993028101726725,0.007579334487828241,0.002153692102840883,0.013744888163326035,0.005348954329892429,0.03048665988028381,1.0,0.010674040766635608,0.0040546485807300015,0.006898241726280134,0.007153242378484095,0.0011698475268750994,0.007837748267041762,0.013498175175952701,0.007345219638900692,0.006838689436896713,0.009601114828564138,0.008413844046724503,0.00856447532477023,0.025094217047157266,7.212591379332759E-4,0.004041937202054539,0.0013770340974422627,0.0010117546771587949,0.003481874783392007,0.0029584686890189314,0.003457867530363984,0.005534374295367001,0.010675157544454264],[0.0077563590724404816,0.0034872417632665787,0.004151707621914739,0.008794820995974678,0.012700299568774859,0.01351019602984758,9.764904593618613E-4,0.008443793070759039,0.0018923911067339763,0.008959481175256363,0.0044240543427748955,0.005476167763661084,0.0017506283389662975,0.007643434077034499,0.006573715047318604,0.00445922961939009,0.013072392319962302,0.0018413170479763376,0.030700501682126312,0.010674040766635608,1.0,0.009599323439933558,0.0022793304608176336,0.004949640368292315,0.004802149266053333,0.008511425230757725,0.01176309415242988,0.008290986905931429,0.006365033844836417,0.008835943617662743,0.004744442166566692,0.009701240905895981,0.02123676697637953,2.507747029579008E-4,0.004019699850266283,0.001194073339691788,7.974725886532134E-4,0.00870164889977812,0.005956693666780305,0.005219698084899297,0.0037845360393194633,0.008959498672147945],[3.1286723040985085E-4,1.1156528209915861E-4,4.867864846590949E-4,6.464432770930814E-4,0.0251883580970119,6.927820500527537E-4,1.3246374423964038E-4,1.85105453204842E-4,0.0015843521435204998,0.001126721425268611,1.9295950943098858E-4,4.188735872547051E-4,7.014920291872893E-4,4.8533245248747955E-4,3.8533251215243033E-4,1.1729561712669944E-4,0.010816053418013354,2.66699814226672E-4,0.035908471434612864,0.0040546485807300015,0.009599323439933558,1.0,4.608033770394421E-4,2.2231398437131457E-4,3.514281256361734E-4,5.625155268279079E-4,0.005719618351884628,0.0028235996232427486,4.3192434694624314E-4,3.572708051124487E-4,1.914442001214981E-4,0.00432723398934646,0.00270465429510669,4.35196902455922E-4,6.434783325381245E-4,3.75996094485778E-4,1.638402271549271E-4,1.7651645340017552E-4,0.0010410765267211382,7.496495075244012E-4,0.001345220185307324,8.447223311682862E-4],[2.525953627234605E-4,3.346446957891765E-4,3.8461196860910794E-4,0.0012783025312278994,0.023835524089453955,0.012256769918384385,3.848343019715357E-4,2.5549310412813057E-4,0.0017778139186074772,0.0013098457105810213,4.0594086357762123E-4,2.866609938097949E-4,5.797045956121311E-4,4.0425336436166967E-4,2.1567541027149852E-4,1.9705373612792228E-4,0.013188248522901827,3.127324770986527E-4,0.023622501558581182,0.006898241726280134,0.0022793304608176336,4.608033770394421E-4,1.0,3.963333204936258E-4,3.11533571084883E-4,8.245374897473121E-4,0.003066128531522809,0.006146014276563378,4.644010121380482E-5,1.761165946054049E-4,3.679859802113676E-4,0.0078051795165053894,0.007458510572024911,1.5814901627922106E-4,5.270759751636946E-4,3.88553450098276E-4,2.4132167077364183E-4,3.597728484371211E-4,7.657939656204602E-4,4.768853418285731E-4,0.001963377942901121,0.0021674177297266086],[3.980099242833178E-5,1.0918319379492103E-4,2.1034052201466706E-4,8.866869949829117E-4,0.007687890243277013,0.009344030743711053,1.300840899063681E-4,1.410693875405827E-4,0.0012910104644827216,4.1223302668060176E-4,1.3801665267658238E-4,1.1926074987378354E-4,1.6273574352500925E-4,1.848176541502426E-4,1.3571466667826071E-4,1.2076626702286526E-4,0.008504049393509369,1.2071589893855737E-4,0.0353354058660132,0.007153242378484095,0.004949640368292315,2.2231398437131457E-4,3.963333204936258E-4,1.0,2.5578169249196087E-4,0.0010455894561662905,0.001573776833242007,0.0067134442517396255,6.446644662337349E-5,3.288361413148643E-5,1.1334901980251746E-4,6.187128389652837E-4,0.0237960284183418,1.1170392015962586E-4,5.39578688284834E-4,2.504546286256952E-4,1.391757484328133E-4,1.3720728086844214E-4,8.44589500198868E-4,3.2037820878882094E-4,0.0015051733269511938,0.0027813393759723855],[1.8583988889958077E-4,1.0857651786794494E-4,3.0631256775697543E-4,3.8370610591356507E-4,0.023653389587675332,0.011215707225370117,2.0880521299621984E-4,1.9325968307077552E-4,0.0013234286648180667,0.0010511982792103952,2.8124803700070534E-4,1.4406722689493082E-4,5.46441994416193E-4,2.8573769399489166E-4,1.6381870389551263E-4,3.194866216186253E-5,0.013881432052007099,2.6836224129471166E-4,0.010356523800400736,0.0011698475268750994,0.004802149266053333,3.514281256361734E-4,3.11533571084883E-4,2.5578169249196087E-4,1.0,0.001232851015736193,0.011760139667481934,0.001297798758989166,2.0037536767871796E-4,1.0343079200526721E-4,1.782384798059819E-4,0.002062024077782757,0.005726228943345854,6.395819122669209E-5,8.274802133414389E-4,2.898296591960947E-4,1.956501737762628E-4,1.660018379908822E-4,0.0011089859143132428,8.375109568460004E-4,0.0016688661153896494,0.005690840460155264],[8.7921517925044E-4,4.894574374790098E-5,0.0012655154573421416,0.0012961696980210743,0.018683882273336453,0.00603616827913368,6.5455020922272E-4,5.023627097132082E-4,0.0013626617315405805,0.0013265316382404674,5.753772249020059E-4,3.530439481866412E-4,0.0010046599777145452,8.657463129196422E-4,5.808058635140708E-4,7.891944432202236E-4,0.011847356645953154,8.052536697217278E-4,0.002888217440155026,0.007837748267041762,0.008511425230757725,5.625155268279079E-4,8.245374897473121E-4,0.0010455894561662905,0.001232851015736193,1.0,0.00944439173713483,0.005056626416672046,6.850716526263551E-4,9.888518250022691E-5,1.4087099398661404E-4,0.0027693990226013883,0.0185550064674411,2.0869497729681473E-4,0.001299549823570692,5.814050564896152E-4,3.7757494293858473E-4,4.0893907703226954E-4,0.00129774999991118,0.001293237844553668,0.0018604272937158082,0.0043692013762248435],[0.0023446551221998225,0.004725277372465668,0.003393431966568163,0.0020423754578055772,0.017894763709554243,0.0136310581443775,0.005572395324739478,0.0061141378237269586,0.007524323677599901,0.005851116930581454,0.0051055524608579145,0.0019733403717054642,0.013210929109241591,0.00674504829011763,0.012363182728038607,8.768769125770586E-4,0.01385006026657689,0.006082634028719189,0.028066493121602046,0.013498175175952701,0.01176309415242988,0.005719618351884628,0.003066128531522809,0.001573776833242007,0.011760139667481934,0.00944439173713483,1.0,0.010671761734516345,0.013697664297589967,0.006364950347701121,0.012398772372676739,0.013068692618934537,0.02160946964001989,0.0077244845256179695,0.010649091068012397,0.011264223872594495,0.002138436560511013,0.012877153988924278,0.002031284466531129,0.0032587853863939916,0.01170946697783867,0.009342067900239628],[0.0016738177395862182,0.006693169842726311,0.0033658444567244714,0.005721611452477543,0.02941035565190478,0.009073523959226846,0.006616775206036454,0.005037668362307334,0.006794989628901278,0.005408658336564455,0.006437616113264687,0.0021530878390185583,0.006458909616042912,0.0025973834237625255,0.004497647943827571,0.0013704422733868556,0.010022230055596226,0.0011934380801466883,0.030770873802972245,0.007345219638900692,0.008290986905931429,0.0028235996232427486,0.006146014276563378,0.0067134442517396255,0.001297798758989166,0.005056626416672046,0.010671761734516345,1.0,0.004456767993288041,0.006846399767821924,0.007108312008737969,0.007993855111672617,0.012768223284190267,0.006470672638723452,0.003175539404203374,0.004853580305438026,8.445102251762272E-4,0.0023887504053635884,0.006938487317332679,0.0046640808105116675,0.004836172038903447,0.007160217943713829],[1.9444795102959355E-5,2.1341797639828297E-5,7.551278866242285E-5,1.177915394613371E-4,5.129235522856623E-4,0.013411663409662725,2.44156263957937E-5,8.010159139009164E-5,8.057164368440444E-4,9.047911565514969E-4,3.5467133840869774E-5,2.7681789933288914E-5,6.485890296184314E-4,6.565472737238737E-5,1.0792492046492137E-4,2.1881436316413147E-5,0.006985654813405566,1.0806885023058275E-4,0.0014331841119503085,0.006838689436896713,0.006365033844836417,4.3192434694624314E-4,4.644010121380482E-5,6.446644662337349E-5,2.0037536767871796E-4,6.850716526263551E-4,0.013697664297589967,0.004456767993288041,1.0,1.6480595676072505E-5,2.648589726279741E-5,0.0015526105088407762,0.020126085303446468,3.376845409403091E-5,0.0010174299332180669,2.1694972173834061E-4,7.7995205532582E-5,7.979176156032257E-5,0.0011737206145701871,6.348271128652343E-5,5.154969629385597E-4,0.00464381277075662],[1.593771240478769E-5,2.176547986630186E-5,2.5150796539612935E-4,0.0011765592289501284,0.008064906424148038,0.004075114356733096,3.283084581644989E-5,1.83962812680455E-5,0.001322617455877752,5.060527908060415E-4,5.982119301849735E-5,7.944464458140477E-5,7.401922226514663E-4,2.7406924126858545E-4,1.1577828468750241E-4,1.4847902389247993E-5,0.01159790862772883,1.0959261546475283E-4,0.008461003003352056,0.009601114828564138,0.008835943617662743,3.572708051124487E-4,1.761165946054049E-4,3.288361413148643E-5,1.0343079200526721E-4,9.888518250022691E-5,0.006364950347701121,0.006846399767821924,1.6480595676072505E-5,1.0,4.2581843502074745E-5,0.004074053409857921,0.015329017767537308,3.479034560390934E-5,9.490766168649525E-4,1.649377983360409E-4,5.068809774759249E-5,5.265744450903372E-5,5.860115819820378E-4,2.877488891871899E-4,3.463570034992395E-4,3.5516110409386184E-4],[2.5836373220029346E-5,5.061086592680228E-5,2.709542284883872E-4,3.96662713197262E-4,0.0036200103628040645,0.005318478446123384,1.1188366887039281E-4,1.1350472026442032E-4,0.0016229475988114857,0.001243452455537724,1.2425987515849628E-4,1.1455201696503583E-4,7.816162951280703E-4,3.089031814365446E-4,1.2031211317040001E-4,9.036710388483598E-5,0.011165808892423449,1.1132389147432759E-4,0.00823255097392967,0.008413844046724503,0.004744442166566692,1.914442001214981E-4,3.679859802113676E-4,1.1334901980251746E-4,1.782384798059819E-4,1.4087099398661404E-4,0.012398772372676739,0.007108312008737969,2.648589726279741E-5,4.2581843502074745E-5,1.0,0.0042087981661026565,0.011372815817135644,9.941107702703324E-5,2.932495914733222E-4,2.62452670892315E-4,1.2641271159419344E-4,1.1889115431040026E-4,2.1107418687330254E-4,0.0011873647267802597,8.205510470589421E-4,0.0019510687834047933],[0.0062106779879326,6.958335756778316E-4,0.0037300279381228324,0.0022108173326086692,0.028223617853186514,0.011629188999306726,0.0019996891688813224,0.0015552951399489749,0.0037751512167145474,0.00264389655916869,0.004272690734674359,0.002708042256617925,0.002152526850220526,0.007270619431718881,0.0037672914198606886,0.006127834320731715,0.009764429637820217,0.0017894783667220606,0.010607878784610421,0.00856447532477023,0.009701240905895981,0.00432723398934646,0.0078051795165053894,6.187128389652837E-4,0.002062024077782757,0.0027693990226013883,0.013068692618934537,0.007993855111672617,0.0015526105088407762,0.004074053409857921,0.0042087981661026565,1.0,0.014486271797861222,0.003784496787869436,0.003397921884247593,0.006580920127854865,0.006575458728269262,0.006389769621436104,0.005514314164232778,0.0031393738962687775,0.007502496969393552,0.008214908308133676],[0.022616422777218752,0.0043892052342868375,0.02026977945234073,0.02623348877714219,0.028261304599934825,0.02479772596710628,0.0012944334755091518,3.285179460824414E-4,0.022398541968471734,0.018493062324626712,0.007426788380558464,0.023643397010771804,0.021763398494293866,0.012231739688730725,0.017567308637789995,0.0031528123103856578,0.023386192522531504,0.005031849576510643,0.030303109920193094,0.025094217047157266,0.02123676697637953,0.00270465429510669,0.007458510572024911,0.0237960284183418,0.005726228943345854,0.0185550064674411,0.02160946964001989,0.012768223284190267,0.020126085303446468,0.015329017767537308,0.011372815817135644,0.014486271797861222,1.0,0.026329315520788536,0.010152155367127155,0.017493555863962593,0.016224224464312976,0.011446020306036305,0.012544690016018819,0.022592020168109496,0.013932237400652386,0.021766271134178557],[2.100948636170286E-5,3.1034882590045835E-5,6.079604031082147E-5,7.775500373492982E-4,0.006166112159956224,0.009535598819148762,1.1676884729832188E-4,1.363826529298895E-4,0.0011451138010688145,2.8453865259099023E-4,9.457275269370285E-5,1.1356453434016768E-4,6.197117975452207E-4,2.5803802692526257E-4,7.734607272761668E-5,3.751028525895362E-5,0.004450656842911741,1.059574801259294E-4,0.01837263739665496,7.212591379332759E-4,2.507747029579008E-4,4.35196902455922E-4,1.5814901627922106E-4,1.1170392015962586E-4,6.395819122669209E-5,2.0869497729681473E-4,0.0077244845256179695,0.006470672638723452,3.376845409403091E-5,3.479034560390934E-5,9.941107702703324E-5,0.003784496787869436,0.026329315520788536,1.0,4.1559166580337504E-4,2.865257430395353E-4,7.800816092303991E-5,9.080599270121453E-5,0.0011070057014428473,0.0011568462145609523,6.349378394883805E-4,0.005822446309544872],[9.525584424406453E-4,0.001091882473884264,7.194375315761545E-4,0.0013834252402451044,0.015461406154183507,0.0115559863513447,0.0013271014240788352,2.609361248636683E-4,0.001702593409102013,0.0013863442330157203,0.0011540747534527157,9.998012580451456E-4,0.0010880678399308897,9.639804534814871E-4,0.0011937966421805583,2.220455834318849E-4,0.01052118478360007,5.241606727718938E-4,0.034787793352944095,0.004041937202054539,0.004019699850266283,6.434783325381245E-4,5.270759751636946E-4,5.39578688284834E-4,8.274802133414389E-4,0.001299549823570692,0.010649091068012397,0.003175539404203374,0.0010174299332180669,9.490766168649525E-4,2.932495914733222E-4,0.003397921884247593,0.010152155367127155,4.1559166580337504E-4,1.0,6.577671938003363E-4,8.369944471222604E-4,0.001028879328991916,0.001355440897579198,0.001318281709526762,0.002226159318901383,0.0020782589792428543],[6.858329914355974E-5,7.848935355189056E-5,3.4729184832390494E-4,8.337476132771443E-4,0.001469179725820463,0.010542147344602711,1.5257695006550665E-4,2.3101210088542762E-4,0.0015240332421163419,4.285333950020892E-4,2.7113850797793595E-4,2.3183100648677298E-4,7.032476183334153E-4,3.1406345905041075E-4,2.7726427475148783E-4,2.560239188800785E-4,0.002030169427212429,2.118234614413428E-4,0.030788744701404393,0.0013770340974422627,0.001194073339691788,3.75996094485778E-4,3.88553450098276E-4,2.504546286256952E-4,2.898296591960947E-4,5.814050564896152E-4,0.011264223872594495,0.004853580305438026,2.1694972173834061E-4,1.649377983360409E-4,2.62452670892315E-4,0.006580920127854865,0.017493555863962593,2.865257430395353E-4,6.577671938003363E-4,1.0,1.5414655731650243E-4,2.5326810102516844E-4,6.056808518857834E-4,9.837406680173683E-4,0.002320133063795413,0.0036934023145809513],[9.161420748555115E-5,2.454477327050137E-5,3.4221245864601835E-4,7.351205198202705E-4,0.014741565376426834,4.0720817166995955E-4,1.2789056362392766E-4,1.4869121155676517E-4,0.00109316847720802,3.1200730673633316E-4,1.4249726100515404E-4,1.2191226547741914E-4,2.270832065364643E-4,2.89912193694282E-4,1.2638174894281183E-4,1.0636506182513617E-4,0.0027603237804717023,1.3378437168099107E-4,0.006861591929437335,0.0010117546771587949,7.974725886532134E-4,1.638402271549271E-4,2.4132167077364183E-4,1.391757484328133E-4,1.956501737762628E-4,3.7757494293858473E-4,0.002138436560511013,8.445102251762272E-4,7.7995205532582E-5,5.068809774759249E-5,1.2641271159419344E-4,0.006575458728269262,0.016224224464312976,7.800816092303991E-5,8.369944471222604E-4,1.5414655731650243E-4,1.0,1.3668602691532412E-4,8.788933350597282E-4,7.638976717104747E-4,0.0013473542468736596,0.0020192753513663298],[3.604759942134069E-5,1.1561003206158612E-4,1.8630443770267173E-4,0.0010796808235185508,0.01802422322257153,4.171864752544671E-4,1.248605623955274E-4,1.3588856643458714E-4,0.0013458850104872363,2.0457209299459594E-4,1.4416583409426856E-4,1.2566386866697527E-4,4.795168562491302E-4,3.080834009346518E-4,1.273796335948263E-4,4.2017625351358805E-5,0.004117933472186788,1.2608718695517745E-4,0.008596434723653422,0.003481874783392007,0.00870164889977812,1.7651645340017552E-4,3.597728484371211E-4,1.3720728086844214E-4,1.660018379908822E-4,4.0893907703226954E-4,0.012877153988924278,0.0023887504053635884,7.979176156032257E-5,5.265744450903372E-5,1.1889115431040026E-4,0.006389769621436104,0.011446020306036305,9.080599270121453E-5,0.001028879328991916,2.5326810102516844E-4,1.3668602691532412E-4,1.0,2.7642012152798937E-4,5.031808285432438E-4,4.026085628432815E-4,0.004460510814421213],[9.495195159855531E-4,4.5092850018149953E-4,0.0011468283809002054,0.001299356116383151,0.01949321957058935,0.009493584030600556,5.138960163856174E-4,7.638765704978548E-4,0.001656540437797417,0.0013199437697991423,0.001213538178256768,0.0012820862036457285,0.0012986253109002507,3.4806423092425534E-4,9.121997468556734E-4,3.74566757489362E-4,0.01338389150761521,5.704744648916862E-4,0.00965083305703152,0.0029584686890189314,0.005956693666780305,0.0010410765267211382,7.657939656204602E-4,8.44589500198868E-4,0.0011089859143132428,0.00129774999991118,0.002031284466531129,0.006938487317332679,0.0011737206145701871,5.860115819820378E-4,2.1107418687330254E-4,0.005514314164232778,0.012544690016018819,0.0011070057014428473,0.001355440897579198,6.056808518857834E-4,8.788933350597282E-4,2.7642012152798937E-4,1.0,0.001313276549252782,0.0015503143182359104,0.00490797469507584],[9.302418541818668E-4,0.0010946811942226793,7.522813112045727E-4,0.0013071653053599642,0.011785721439645912,0.010981904403504605,3.8944284747590796E-4,6.673200414831187E-4,0.0015770221597744684,0.0013598207475818234,0.0012420416366668104,0.001077004359881026,8.291681761504885E-4,9.191806740475061E-4,0.0010298559706501675,6.304033555282068E-4,0.00415927565845339,6.896078899032079E-4,0.0021357977074122968,0.003457867530363984,0.005219698084899297,7.496495075244012E-4,4.768853418285731E-4,3.2037820878882094E-4,8.375109568460004E-4,0.001293237844553668,0.0032587853863939916,0.0046640808105116675,6.348271128652343E-5,2.877488891871899E-4,0.0011873647267802597,0.0031393738962687775,0.022592020168109496,0.0011568462145609523,0.001318281709526762,9.837406680173683E-4,7.638976717104747E-4,5.031808285432438E-4,0.001313276549252782,1.0,0.0014313806485512605,0.006401826081297553],[1.5729793261694584E-4,3.2897815649511684E-4,0.0013000635688010752,0.002398346627688415,0.030060644544542544,0.008937015820612645,0.001478391177962237,0.0012023934451740764,0.0024505751573570232,0.001820403024653679,0.0017832047197691343,0.0020047073366613473,0.0011848314064072333,4.131136162967809E-4,0.0014066770455228733,0.0019440670226913523,0.0036459719998238405,6.218200132486758E-4,0.005531081873258703,0.005534374295367001,0.0037845360393194633,0.001345220185307324,0.001963377942901121,0.0015051733269511938,0.0016688661153896494,0.0018604272937158082,0.01170946697783867,0.004836172038903447,5.154969629385597E-4,3.463570034992395E-4,8.205510470589421E-4,0.007502496969393552,0.013932237400652386,6.349378394883805E-4,0.002226159318901383,0.002320133063795413,0.0013473542468736596,4.026085628432815E-4,0.0015503143182359104,0.0014313806485512605,1.0,0.005067117368177634],[0.004546489217714636,7.59387184579148E-4,0.0039614246625965695,0.0021888521012591693,0.02510960809254453,0.009776935052713641,0.005458447523473461,0.0038817626233389638,0.0035815168260910756,0.0016981772481878613,0.005000938223143469,0.0020596801178907153,0.004568127009322293,0.004252823846338058,0.004770900626218222,0.005793713075984547,0.013278773026371727,0.0058522406395532705,0.0175376208039826,0.010675157544454264,0.008959498672147945,8.447223311682862E-4,0.0021674177297266086,0.0027813393759723855,0.005690840460155264,0.0043692013762248435,0.009342067900239628,0.007160217943713829,0.00464381277075662,3.5516110409386184E-4,0.0019510687834047933,0.008214908308133676,0.021766271134178557,0.005822446309544872,0.0020782589792428543,0.0036934023145809513,0.0020192753513663298,0.004460510814421213,0.00490797469507584,0.006401826081297553,0.005067117368177634,1.0]]