[[1.0,1.5630135758317547E-4,4.5078494720944085E-4,0.0010898671346497419,8.436635314150356E-4,0.008248953687367328,0.024655407222687126,8.691525313348481E-4,0.0013882317806333778,0.0013978122647403343,0.0011571806933574806,7.465581733940053E-5,0.0012960864967373883,0.0011288368114819318,0.002154011228502884,0.0014433293796299713,2.8614486507107847E-4,3.751403740846111E-4,0.0011953805542394842,6.545142504795149E-4,8.216720873688381E-4,0.0014710513991536866,0.0016909125769426683,7.367852785803693E-4,2.764272051290857E-4,0.0016140116699952277,1.9863446454067044E-4,3.959022846515903E-4,4.081627970467294E-4,0.0010314661794394435,0.0011880456089730935,7.9654279839936E-4,9.833864161660202E-4,0.0032901110936330996,0.0012008178010909974,0.0015951867753215042,0.0011478853572775703,8.067618475882845E-4,5.47570374187001E-4,9.070338530472607E-4,0.0012155833773632079,0.004981151510426147,0.03026233345324283,7.998257098203075E-4,5.675571867199735E-4,9.816364189400332E-4,0.0012935386794940284,8.322373073321322E-4,0.009353345245832862,6.351414691218482E-4,0.008573148667703775,0.029520620845233905,0.0010534502350428802,0.0011929154929151819,5.218108352609378E-4,0.0010894327349820472,0.0011138610094625916],[1.5630135758317547E-4,1.0,1.0193047590825858E-4,1.092191392192188E-4,8.300634126685624E-5,0.015348646325628598,0.005366578789499741,1.390804687586588E-4,0.012211841461878125,9.538279638465574E-4,2.7267578178803725E-4,1.0191182685198203E-4,1.596882567465656E-4,3.7712391212131293E-4,2.880693133800642E-4,0.0011909772927475493,1.5111976330250092E-4,1.0365645606832838E-4,1.5398547983754476E-4,1.1405590782868425E-4,2.0560795709354354E-4,0.0011310618290737739,0.0015892195780149705,6.145218947265952E-5,4.9187221664126767E-5,0.0016830575783354255,9.692285336047421E-5,6.466553102194165E-5,1.550097285553736E-4,1.2847890325637604E-4,1.2592440097282257E-4,5.951788051439082E-4,1.0262275504491317E-4,0.0013866721668312609,1.2814683925488095E-5,0.029532571862989118,3.606046526977563E-4,4.570436761207024E-5,1.0293311885668839E-4,1.2981048203376678E-4,7.076822268293785E-4,0.004455437584419825,0.03544252507080741,1.657213240941129E-4,6.546387712177512E-5,1.0655315401666594E-4,0.00953633918984206,1.1821805147148736E-4,0.008632769937593602,1.0570403380444521E-4,0.010938342070394865,0.029453429598440082,7.996890269557593E-5,2.53679559675794E-4,1.885505081461234E-4,1.9780340610930506E-5,7.025774485958528E-4],[4.5078494720944085E-4,1.0193047590825858E-4,1.0,1.6734985871247695E-4,4.0262573282368946E-5,0.0038686590909242195,0.007305377175308866,2.8687657047866586E-4,0.009438016458206827,0.0014512977860289351,1.3842705286023156E-5,1.4348440135741674E-5,0.0012540285869893414,2.618149682436094E-4,0.0035263422552708713,4.670890378655611E-4,8.850780819382973E-5,6.76735722881918E-5,1.481452685864891E-4,2.4369392364088163E-5,6.055423983750147E-4,0.0017690414087647472,1.943599375079157E-5,1.127894730225827E-5,1.3676320337904947E-5,5.785554825691568E-5,1.3435163878661032E-5,1.8672287516861827E-5,1.4907035755717824E-4,8.913426777204646E-5,2.9803860413040843E-5,1.6682999045541366E-4,1.0958517554674198E-5,1.1296117978147774E-5,1.0750513167233488E-5,0.01651151825363061,2.2852710607249965E-4,1.8090086481500585E-5,2.4762961727074745E-5,1.839430857416301E-4,4.057657924146981E-4,0.0014147660935603342,0.014939126278668452,6.878379114709952E-5,3.282718136845254E-5,1.2890113829063685E-5,0.005204423703411375,1.3688443490220058E-4,0.0037457271929073155,7.450033469799814E-5,0.019534211691854143,0.008015777298066223,4.2440511756913166E-5,2.2831368849795478E-4,2.0752040354954265E-4,1.5077452037726762E-5,1.7537289720842428E-4],[0.0010898671346497419,1.092191392192188E-4,1.6734985871247695E-4,1.0,8.267542650491751E-5,0.011170387524374565,0.010712806954552281,2.570169634978895E-4,0.008455407591905795,0.0012820735652910448,2.1061913538006623E-4,6.360805700583364E-5,0.001091408395096217,7.81300612641473E-4,0.004424306724725796,6.022310476442091E-4,1.7567848623168658E-4,1.3048289419983022E-4,1.7858655041069974E-4,1.735005670425508E-4,3.4755011467122485E-4,5.709100144545686E-4,0.001721692708456558,1.2136359947458625E-4,6.85842004903101E-5,0.0011084488116805296,5.2611747311995884E-5,5.8556296415362355E-5,1.6843102147535332E-4,1.6114059108908126E-4,1.7599418498392145E-4,2.6615023233447153E-4,1.45691174251328E-4,4.660799091857849E-4,1.7087701714503734E-4,0.0244239758982206,3.565406162188081E-4,1.0606830174739288E-4,7.661787638091985E-5,1.8160715068430314E-4,0.0010116572066113166,3.4769801975418073E-4,0.028135035564337045,1.7858183419736548E-4,7.702948437374003E-5,1.1596249122023563E-4,0.013872749755971298,1.7018962198803465E-4,0.010658084296348035,1.6253986166344772E-4,0.0164315741515237,0.027966140645861882,1.3912806978817985E-4,2.147885141024304E-4,2.145604009644237E-4,4.119421595827079E-5,4.949009938316369E-4],[8.436635314150356E-4,8.300634126685624E-5,4.0262573282368946E-5,8.267542650491751E-5,1.0,0.022961608218766662,0.03022096430719827,1.338945625781851E-4,0.0018931224017181521,9.086687597038122E-4,8.649863078460804E-5,3.990930793430056E-5,9.117208969933454E-4,2.2991072547653052E-4,0.0032095728906780777,0.0010518803858143313,4.6091666143697654E-5,8.966772189252909E-5,1.2785374689579644E-4,1.0448164096210282E-4,3.842219064846091E-4,0.001410473195934675,3.536491442824305E-4,3.262531270678232E-5,2.9711921637012253E-5,4.37566644845245E-5,2.4427145657088995E-5,3.7710393419540465E-5,4.7826923808040975E-5,1.2472896319175422E-4,1.4596276230122263E-4,4.6977925636141894E-4,1.4377348206018321E-5,0.0020906610109540855,3.818066259904821E-5,0.012610633672747798,2.838018971993818E-4,3.3617993926789356E-5,3.2256500165456114E-5,9.089144413147546E-5,6.861537247798977E-4,0.0020924034891902014,0.040666415711285174,1.7222708632075873E-4,4.6073020229597935E-5,1.0121343370671644E-4,0.015868598622195033,1.290386520950797E-4,0.0013017916866488997,8.573624081285573E-5,0.0034119124700090027,0.0233682265782612,5.8558367506516244E-5,1.7724590514089252E-4,1.825426080232785E-4,1.85437358794808E-5,3.27063496772503E-4],[0.008248953687367328,0.015348646325628598,0.0038686590909242195,0.011170387524374565,0.022961608218766662,1.0,0.026027964697759788,0.006279637668982229,0.021254036513828362,0.016197826064090825,5.541310875622099E-4,0.025561037206554702,0.01692239971577577,0.00518256318247223,0.019242546750298996,0.024207783613031945,0.025330004056648682,0.013606186248314738,0.010164448360576707,0.01345972865632446,0.01457580658969939,0.023736571145433715,0.014251758084814737,0.0026799041042791863,0.003964842438921353,0.01304793214116168,0.003403202437218468,0.019284302940254523,0.020780213991161568,0.01852205501636599,0.010186606737839995,0.008657466610059696,0.009912563536118956,0.00621237100891767,0.014010403806058206,0.029809542676152025,0.013510865439640325,0.0028216456581245095,0.013007878126194953,0.0180384472509482,0.005020457401700325,0.014455979880020555,0.045644295039015986,0.011040743897107358,0.02128859695906891,0.008023484783698567,0.02086470560994573,0.001021867876954601,0.015959149268091073,0.002382686933929539,0.022944193819479528,0.032349337103426086,0.0010971750344765643,0.016283700599848055,0.014746974373744922,0.0027049164604967296,0.005874025862701068],[0.024655407222687126,0.005366578789499741,0.007305377175308866,0.010712806954552281,0.03022096430719827,0.026027964697759788,1.0,0.03818422209053044,0.026725892429461877,0.016838343846840756,0.03498312509736421,0.03590375025065852,0.018555174698473287,0.007793648822355392,0.009144116815282672,0.01946367238268905,0.0014714891902022369,0.031045228515722938,0.038064815473393826,0.014255547286791804,0.023668413242453498,0.03576101603469628,0.03658085174705866,0.0018774513570413763,0.008469111705748135,0.02199707582468265,0.02219720777809956,0.03165071234037245,0.029900676833133057,0.007622527550347506,0.01702015246299155,0.014191634771876974,0.0297604729391753,0.0192519093372887,0.01429220336574286,0.03726690560957506,0.006511269765131324,0.021646959884557268,0.0375510953299051,0.016495935214453267,0.006465978316935041,0.007231709370888644,0.040393686358324174,0.017219165578429205,0.03719587970101056,0.018781534638509057,0.029561900345499242,0.034134848930775064,0.035190197396897965,0.0054172999243868765,0.03648769287650599,0.036396518353719716,0.023028899245900465,0.016453052317745784,0.030314328419355253,0.02948030402793558,0.036279184693029834],[8.691525313348481E-4,1.390804687586588E-4,2.8687657047866586E-4,2.570169634978895E-4,1.338945625781851E-4,0.006279637668982229,0.03818422209053044,1.0,0.008036190766775116,7.441314713489606E-4,3.0596166265046585E-4,1.3864213192573625E-4,7.632603301865259E-4,6.985408671850035E-4,0.0014897981829647355,0.0013917789136335078,2.0599118985286253E-4,2.925293851658291E-4,2.6443577559573557E-4,1.4885723152617685E-4,4.999975659455997E-4,9.127246164300929E-4,0.0017132948794486875,1.60406974823221E-5,2.6888832253039346E-4,0.0018408221497953898,2.5255004822745567E-5,3.699875920475491E-5,2.653540180816393E-4,1.858599599699842E-4,3.0579967199830253E-4,5.742575336445361E-4,2.514417583166342E-4,0.0023474705717048063,2.236357032279894E-4,0.009976255307042574,7.040490657343756E-4,2.9231662768487406E-4,1.5402409945963443E-4,2.034708750852782E-4,6.779932827925346E-4,0.0016957480909938368,0.017139193241994134,2.0989662949479383E-4,2.1129687964852457E-4,2.5136581324224305E-4,0.010805186309789487,1.752447731821131E-4,0.00748908289171432,1.8469534070294846E-4,0.01704151425605655,0.002484431514396143,2.1010944944769948E-4,2.9282032501879774E-4,2.457849828195727E-4,2.3760727763239969E-4,3.4371622410400287E-4],[0.0013882317806333778,0.012211841461878125,0.009438016458206827,0.008455407591905795,0.0018931224017181521,0.021254036513828362,0.026725892429461877,0.008036190766775116,1.0,0.010417752455331112,0.0015947922234631532,0.0015278522423130122,0.005129221474893267,0.010375678491342046,0.005707292982482093,0.005633141842139937,0.00501061023610962,0.0016150977062026801,0.00345993912260712,0.010981138930391803,6.298238938281781E-4,0.005042603983665454,0.006526175631130328,0.007029555847224015,4.2749827116703924E-4,0.00918181472686973,0.007559695092339719,0.007315531103578475,0.007561293157217233,0.001994886489801301,0.0026295869801923402,0.011721680207724069,0.0030964457349597382,0.003921281688594512,0.004174905800700984,0.025692861125224085,0.011555841891090653,0.012064154264912134,0.007517292130821761,0.006002092424692959,0.004454207674127462,0.009444723946535359,0.03144718518130691,0.0030476328136890803,0.006060476276639128,0.0013489824155417808,0.013964507951236167,0.006748796427068631,0.014620943172966744,0.010894060824021412,0.01928309329405823,0.02330009865716387,0.010211685954167658,0.007874835680280249,0.003470146514572236,0.0039793828265551395,0.007049227896920284],[0.0013978122647403343,9.538279638465574E-4,0.0014512977860289351,0.0012820735652910448,9.086687597038122E-4,0.016197826064090825,0.016838343846840756,7.441314713489606E-4,0.010417752455331112,1.0,0.001379014162051204,4.2300234248512713E-4,0.001512147962607556,8.863843310621645E-4,0.0034607223990633894,0.0015015421071293167,0.0012293527473927744,8.750654935140912E-4,9.70770745915667E-4,5.43337106556319E-4,6.383298618067169E-4,0.0016093791788893022,0.0015471215434130318,3.496575975197502E-4,0.0010843845808717627,0.0018648833552228372,0.001388894028471448,6.722630566229634E-4,0.0011886653810940912,0.0011136082710239438,3.335556718924243E-4,0.0011540536924543356,1.4646139889106126E-4,0.0017348754330393395,7.641708904322793E-4,0.007613493290604189,0.0010342983864281411,9.407107531700409E-4,3.792558605879318E-4,0.0014704011669424482,0.0012910387806316544,0.0015199787658623674,0.04546830719480331,5.469492208248126E-4,8.049956085312265E-4,2.3651448842016578E-4,0.014327354629860031,0.0013369066950240126,0.0023994473997553953,9.77535499746978E-4,0.013324104851136907,0.021259599014733982,0.0012776043295926612,9.403454073223671E-4,3.369479209179966E-4,0.0012816209740383396,9.638273467994039E-4],[0.0011571806933574806,2.7267578178803725E-4,1.3842705286023156E-5,2.1061913538006623E-4,8.649863078460804E-5,5.541310875622099E-4,0.03498312509736421,3.0596166265046585E-4,0.0015947922234631532,0.001379014162051204,1.0,4.272340642579528E-5,0.0011907083376884254,3.90016177735384E-4,9.731563022449309E-4,5.669921293060703E-4,2.268033137040491E-4,2.759588539477427E-4,2.14780597309484E-4,2.6608227373880425E-4,5.885427191700813E-4,8.634099438122572E-4,0.002574360526691051,1.2035207478764217E-4,5.2125461135228025E-5,0.0018023302796202683,6.813902412228064E-5,2.2137591676667278E-4,3.042743329361134E-4,1.7632108800286322E-4,2.21682920316753E-4,3.993780778982471E-4,1.8442574728024603E-4,0.00288745531177492,2.6378637272778555E-4,0.007812614418025877,4.053658360787126E-4,2.7994631407684563E-4,1.3089569273262637E-4,2.1060268391275596E-4,0.001032163100561459,0.0047078349400836335,0.016291590841090445,2.717989644524084E-4,6.894111517731966E-5,1.2906490241666304E-4,0.008230484353954078,2.989886273923578E-4,0.004455590305440052,2.2807641162880305E-4,0.01961656376363602,0.008066377456059162,1.0614132928757292E-4,2.9314378011141833E-4,2.9402727133162284E-4,2.115608327878123E-4,5.776245348326639E-4],[7.465581733940053E-5,1.0191182685198203E-4,1.4348440135741674E-5,6.360805700583364E-5,3.990930793430056E-5,0.025561037206554702,0.03590375025065852,1.3864213192573625E-4,0.0015278522423130122,4.2300234248512713E-4,4.272340642579528E-5,1.0,1.4999366774692076E-4,7.011276671350102E-4,0.0033312237638082995,1.677280649183576E-4,2.0061750429957337E-5,7.062575196686551E-5,1.8111112422753702E-4,4.310692024137453E-5,1.656080110988911E-4,4.912139448055008E-4,0.001729558050968865,1.6108988713790062E-5,2.12542983113748E-5,0.001121493074278311,1.596169608061711E-5,3.655787693991723E-5,9.015273625744602E-5,1.026524981557921E-4,1.1950544975972559E-4,2.6236870994797526E-4,1.6993850651193448E-5,5.254987415053858E-4,1.2974356982616556E-5,0.0031612184193737817,5.180908356867868E-4,1.72204231025715E-5,2.19510571904371E-5,9.910846698373043E-5,5.381271944898841E-4,0.002585535137808431,0.013644509234905863,1.7672115085109585E-4,1.9831644173206405E-5,6.860142891724856E-5,0.016675119253915537,5.221260745569606E-5,0.0060019395891994275,1.315146623688606E-4,0.0010713790315387583,2.3251777320487384E-4,3.298273572449336E-5,8.296868001319164E-5,5.2355395631236176E-5,1.7479365215110588E-5,4.1277591397107465E-4],[0.0012960864967373883,1.596882567465656E-4,0.0012540285869893414,0.001091408395096217,9.117208969933454E-4,0.01692239971577577,0.018555174698473287,7.632603301865259E-4,0.005129221474893267,0.001512147962607556,0.0011907083376884254,1.4999366774692076E-4,1.0,0.0010290914862282005,0.0023090615703991457,0.001504825037811521,3.726614428307966E-4,9.928986744642948E-4,8.38264659397423E-4,7.036626615049406E-4,0.0012241965804564744,0.0017372366925104204,0.0016487703613520038,0.0013616833695785401,0.0013154284804719914,0.0017298984162495922,1.9572008504140822E-4,9.813204066144287E-4,8.23435411122343E-4,0.0012437623806146735,5.933569794118521E-4,7.784857660179983E-4,0.0010161878514945272,0.001645562500570265,1.1851416428328859E-4,0.029467210305696538,0.0011502110932171152,0.0011156487154107097,7.928582994159219E-5,6.079946023536332E-4,0.0011428061816077912,0.0020861154111058173,0.008221150981197932,0.0010750202109413914,7.158263135150483E-4,3.235565034583509E-4,0.009312969060910125,2.9180838494711407E-4,0.013814227570844785,0.0010887808182783896,0.020237183427877094,0.014240446958633995,0.0010967987337364693,0.0014437469968334297,5.117484825166066E-4,1.808281265948275E-4,0.0011488793290925182],[0.0011288368114819318,3.7712391212131293E-4,2.618149682436094E-4,7.81300612641473E-4,2.2991072547653052E-4,0.00518256318247223,0.007793648822355392,6.985408671850035E-4,0.010375678491342046,8.863843310621645E-4,3.90016177735384E-4,7.011276671350102E-4,0.0010290914862282005,1.0,0.004348549871444902,9.683021564161427E-4,8.340208153013313E-4,6.612361322662436E-4,4.1109680930851355E-4,2.3464855414127763E-4,7.33697935970673E-4,0.0012460545792420492,0.002336416970301834,2.6565978263248054E-4,2.3258618960381657E-4,0.001182833120464457,5.419122712057996E-5,1.3115202057104895E-4,4.715992312992939E-4,4.0019609141515714E-4,2.0997191979290779E-4,7.973663464959327E-4,1.8585192471433164E-4,0.0018375254085437995,7.917187471259747E-4,0.029108326740703308,8.882699100025526E-4,1.1801351049740724E-4,7.69729881616071E-4,3.8485092684574496E-4,0.0010590505408320926,0.004027813623094313,0.028489005175128406,5.111305660369496E-4,5.965226811511948E-4,1.2727146255634108E-4,0.0012752941313260182,2.6489527383728175E-4,0.015276726949998222,2.119044754099769E-4,0.014046667747592957,0.032598132456745865,6.123060910224654E-4,4.633076445892025E-4,4.664128801890486E-4,7.837220044648923E-4,7.835986884372792E-4],[0.002154011228502884,2.880693133800642E-4,0.0035263422552708713,0.004424306724725796,0.0032095728906780777,0.019242546750298996,0.009144116815282672,0.0014897981829647355,0.005707292982482093,0.0034607223990633894,9.731563022449309E-4,0.0033312237638082995,0.0023090615703991457,0.004348549871444902,1.0,0.0015462549515071287,0.003471211111762249,0.0030688454414475675,0.0032907070987564517,0.003969221396005824,0.003741871163092027,0.0038311351954362395,0.0039257281652900974,0.0018502005992364983,0.002652117330339368,0.00365096458381708,4.3543518606129833E-4,0.003580630189584837,0.003427265536645745,0.0025337124999511612,0.002993283526794588,0.0011549206604345675,6.254027147858927E-4,0.004337846495108206,0.0011458281410501629,0.006235333046599772,0.002993880082161937,0.003977424231275344,0.0020391538523494485,0.002596850441414038,0.002461383896819696,0.004736676243740061,0.030655839494040604,0.002403763826237176,0.0027914537316798644,0.003998295536026846,0.00841880711600511,0.0010946892209364027,0.01001123238442005,2.213553334060658E-4,0.006804874410567829,0.008647138202128903,0.004060895223574191,0.0010928253997375176,0.0015845421388794925,0.004210809955254387,8.542290853434727E-4],[0.0014433293796299713,0.0011909772927475493,4.670890378655611E-4,6.022310476442091E-4,0.0010518803858143313,0.024207783613031945,0.01946367238268905,0.0013917789136335078,0.005633141842139937,0.0015015421071293167,5.669921293060703E-4,1.677280649183576E-4,0.001504825037811521,9.683021564161427E-4,0.0015462549515071287,1.0,9.94454784551921E-4,8.438148227130418E-4,9.781626874882639E-4,9.628138171943713E-4,0.00148360142489034,0.0016222740284735355,0.0024625798552892113,6.612870423453546E-4,5.663066069683458E-4,0.0018885831386519522,2.406968983039485E-4,0.0013741688314911136,5.187078925995531E-4,4.725133434831338E-4,0.0010213735927311544,0.001170318324054519,0.0013448531716003086,0.0022478025332822458,3.5974210543962776E-4,0.026730476450553403,0.001337320804842387,7.701284461310147E-4,6.596472540951523E-4,0.0013176370513753057,0.0012216081610486383,0.004693749735746748,0.014859011474776595,0.001416787296645165,0.0012312288314072775,7.850518943750681E-4,0.017950578045597746,0.0014866885119232077,0.00807992663955697,0.0011124496005080113,0.010892901497823224,0.02414010039959106,0.001339262175409455,0.0013475868998457838,2.587002783162042E-4,5.920564805296487E-4,0.001011774578593002],[2.8614486507107847E-4,1.5111976330250092E-4,8.850780819382973E-5,1.7567848623168658E-4,4.6091666143697654E-5,0.025330004056648682,0.0014714891902022369,2.0599118985286253E-4,0.00501061023610962,0.0012293527473927744,2.268033137040491E-4,2.0061750429957337E-5,3.726614428307966E-4,8.340208153013313E-4,0.003471211111762249,9.94454784551921E-4,1.0,1.6857376212637073E-4,1.8603622151896972E-4,1.387150070889511E-4,4.555891488920064E-4,0.001445363046910528,0.0012382945099586081,2.0586943858075135E-5,1.686791229098108E-4,0.0013741471449571316,1.0256148443818257E-4,1.1094209617491044E-4,1.686471138232981E-4,1.544840084591391E-4,1.6717974449915955E-4,2.0014097928543003E-4,1.055345181075116E-4,0.0036574961139227945,5.589917297410305E-5,0.003661749688165139,8.610589327712791E-4,1.1124982122703615E-4,7.318863056093931E-5,1.8591324115582858E-4,9.664243470797287E-4,2.953411983855655E-4,0.020912866355232238,1.7246466224831608E-4,1.354582897937009E-4,1.352598053257709E-4,0.0011851867828958735,1.7041634110858287E-4,0.0067437015195860855,1.5957101376335182E-4,0.0012249734346545687,0.01964496206534928,1.245749893654937E-4,2.1750418653499487E-4,1.967006762613188E-4,2.0627152960863723E-5,5.681099682888994E-4],[3.751403740846111E-4,1.0365645606832838E-4,6.76735722881918E-5,1.3048289419983022E-4,8.966772189252909E-5,0.013606186248314738,0.031045228515722938,2.925293851658291E-4,0.0016150977062026801,8.750654935140912E-4,2.759588539477427E-4,7.062575196686551E-5,9.928986744642948E-4,6.612361322662436E-4,0.0030688454414475675,8.438148227130418E-4,1.6857376212637073E-4,1.0,1.690080171029511E-4,1.1765087321411117E-4,4.4067111295431876E-4,6.208682224752125E-4,3.809428626937125E-4,3.4209975967060055E-5,7.731755402867082E-5,0.0013222268698899445,4.349852011375014E-5,7.908463819260436E-5,1.0974783122015689E-4,1.1389515016373859E-4,1.1301794375299226E-4,5.212979018479899E-4,8.063119546127327E-5,7.779177587772753E-4,5.637739424498212E-5,0.016519434670189872,2.7005433280101644E-4,4.307863557514248E-5,5.4317607214629064E-5,1.1849615077655122E-4,7.94028443787794E-4,0.002757237365871299,6.045502125261486E-4,1.531328544293936E-4,7.839601917439257E-5,1.064736449354885E-4,0.013198979376877452,1.2807977667542446E-4,0.004413894760615129,1.1265747757433041E-4,0.012786143511323076,0.020539223354384687,1.0489403026367463E-4,1.630180002505715E-4,2.0750365923611296E-4,6.01529142138439E-5,5.388424166956614E-4],[0.0011953805542394842,1.5398547983754476E-4,1.481452685864891E-4,1.7858655041069974E-4,1.2785374689579644E-4,0.010164448360576707,0.038064815473393826,2.6443577559573557E-4,0.00345993912260712,9.70770745915667E-4,2.14780597309484E-4,1.8111112422753702E-4,8.38264659397423E-4,4.1109680930851355E-4,0.0032907070987564517,9.781626874882639E-4,1.8603622151896972E-4,1.690080171029511E-4,1.0,1.5861461365098317E-4,2.558028693551923E-4,0.0015752901902225766,2.465089168989771E-4,7.414961850864531E-5,1.0915606522655125E-4,0.0015460310930423043,1.7157637553322645E-4,4.946269313308337E-5,1.73993770579219E-4,1.6052155347054032E-4,1.7325931930021524E-4,3.6364854635459465E-4,9.801003390552066E-5,0.0020801303145658086,1.0462658195869724E-4,0.007702886639592338,8.795708978445562E-4,5.726294245065209E-5,1.1328516812718665E-4,1.8790953767811833E-4,3.025233362045393E-4,0.0037549871211070038,0.018909137406164796,1.8676684606644829E-4,1.4433202639474896E-4,1.4337439058761234E-4,0.014597180096288104,1.8648560167519162E-4,0.004120956278180559,1.4180034542491535E-4,0.014300536115075967,0.029393049304140165,1.115001184432703E-4,2.2471410031281338E-4,2.3003042185804258E-4,1.4457585697350733E-4,3.933435792817726E-4],[6.545142504795149E-4,1.1405590782868425E-4,2.4369392364088163E-5,1.735005670425508E-4,1.0448164096210282E-4,0.01345972865632446,0.014255547286791804,1.4885723152617685E-4,0.010981138930391803,5.43337106556319E-4,2.6608227373880425E-4,4.310692024137453E-5,7.036626615049406E-4,2.3464855414127763E-4,0.003969221396005824,9.628138171943713E-4,1.387150070889511E-4,1.1765087321411117E-4,1.5861461365098317E-4,1.0,5.979393993492705E-4,0.0016288512326989813,0.002236153552584384,7.45541149231671E-5,1.3554472569470474E-4,0.0018952481404805352,9.045388639836485E-5,9.619893926156241E-5,1.5018234107134164E-4,1.463612909652196E-4,1.453876287205825E-4,3.457002095408231E-4,6.051693325955694E-5,0.0014097865682147132,3.332114465972376E-5,0.015556426230363874,8.43345486183384E-4,1.3234884409135233E-4,4.846543234899923E-5,1.8397525453433275E-4,2.0378331879671016E-4,8.798294388064603E-4,0.015108125319717784,1.552109690918198E-4,1.0597439732025875E-4,1.2581176907378193E-4,0.008828698715626502,1.589708964471092E-4,0.0033530086320719254,1.3579044517133878E-4,0.013119876123532737,0.02763211590454952,9.060621916581593E-5,2.0550210746300327E-4,2.030732937930898E-4,3.263298293803608E-5,6.730332707962352E-4],[8.216720873688381E-4,2.0560795709354354E-4,6.055423983750147E-4,3.4755011467122485E-4,3.842219064846091E-4,0.01457580658969939,0.023668413242453498,4.999975659455997E-4,6.298238938281781E-4,6.383298618067169E-4,5.885427191700813E-4,1.656080110988911E-4,0.0012241965804564744,7.33697935970673E-4,0.003741871163092027,0.00148360142489034,4.555891488920064E-4,4.4067111295431876E-4,2.558028693551923E-4,5.979393993492705E-4,1.0,6.490263514901758E-4,0.0013820130782650323,3.637014756039648E-4,4.533604945662888E-4,9.788895787092E-4,5.051088064216737E-4,1.1032366005590352E-4,5.739922434508487E-4,4.170763429334957E-4,2.4874870991139494E-4,6.255589599972759E-4,3.7369101317005353E-4,0.0028875282328118296,5.599512433274101E-4,0.024505073019768505,8.116198232169994E-4,4.8485096599992387E-4,1.812670631285069E-4,5.603565100440086E-4,0.0010234417983879906,0.002521363156226676,0.023418115417480245,5.460325981048941E-4,5.640610010884227E-4,5.032605663511221E-4,0.016303285012036296,3.9939019811212947E-4,0.001970035680555525,1.951420671585762E-4,6.897019585285986E-4,0.00846068885355101,3.722207219418373E-4,3.4139119985588144E-4,5.940555064601119E-4,2.9220494845039186E-4,7.422989758280631E-4],[0.0014710513991536866,0.0011310618290737739,0.0017690414087647472,5.709100144545686E-4,0.001410473195934675,0.023736571145433715,0.03576101603469628,9.127246164300929E-4,0.005042603983665454,0.0016093791788893022,8.634099438122572E-4,4.912139448055008E-4,0.0017372366925104204,0.0012460545792420492,0.0038311351954362395,0.0016222740284735355,0.001445363046910528,6.208682224752125E-4,0.0015752901902225766,0.0016288512326989813,6.490263514901758E-4,1.0,0.002793584827745648,0.0011325391806270167,2.6008563989854503E-4,0.001920149187488906,9.175048849253075E-4,9.393758583537637E-4,0.0017138412308522603,3.0474705113685345E-4,5.332823737223586E-4,0.001264287788538377,5.365125144702491E-4,0.0029213586670452426,1.9050891165945085E-4,0.026976554177606752,0.0017439688746301875,0.001047247650393745,5.0607282972028024E-5,0.001138571138107718,0.0016435978833213415,0.003954702000958435,0.016701309241320225,5.10228267922947E-4,6.297106648704746E-4,0.0019187617697120315,0.01248968390385,7.232672900994497E-4,0.010110745147782147,0.0018200572785691085,0.01808548620494478,0.021583816110111176,6.437825487885766E-4,9.533554150383544E-4,0.0012839411893934955,4.850407460574343E-4,0.0010322153536924134],[0.0016909125769426683,0.0015892195780149705,1.943599375079157E-5,0.001721692708456558,3.536491442824305E-4,0.014251758084814737,0.03658085174705866,0.0017132948794486875,0.006526175631130328,0.0015471215434130318,0.002574360526691051,0.001729558050968865,0.0016487703613520038,0.002336416970301834,0.0039257281652900974,0.0024625798552892113,0.0012382945099586081,3.809428626937125E-4,2.465089168989771E-4,0.002236153552584384,0.0013820130782650323,0.002793584827745648,1.0,4.1709336896235454E-4,8.19896348259878E-4,0.0029598769096443487,0.0029239109360432126,0.001252572909338745,3.562816003549186E-4,3.5817067711868674E-4,8.863474453876151E-4,0.0014998565986484812,0.0010277052814610455,0.0034602331019985806,1.8589497951202117E-4,0.007930759166129089,0.002598728462596702,1.1754333225923259E-4,0.002205314775503995,0.0021111280609375275,0.0019827405858097564,0.003191647986373933,0.029801099443260988,8.115182913508087E-4,0.0019834089746148665,0.0015971816234444747,0.0076316923519127566,0.0010460590297474534,0.009125643812398462,0.002766133619605297,0.013519622422064692,0.011702207031638613,0.0026046505033063584,8.952910287920278E-4,0.002509357718311469,5.589663790491091E-4,0.002056746663427665],[7.367852785803693E-4,6.145218947265952E-5,1.127894730225827E-5,1.2136359947458625E-4,3.262531270678232E-5,0.0026799041042791863,0.0018774513570413763,1.60406974823221E-5,0.007029555847224015,3.496575975197502E-4,1.2035207478764217E-4,1.6108988713790062E-5,0.0013616833695785401,2.6565978263248054E-4,0.0018502005992364983,6.612870423453546E-4,2.0586943858075135E-5,3.4209975967060055E-5,7.414961850864531E-5,7.45541149231671E-5,3.637014756039648E-4,0.0011325391806270167,4.1709336896235454E-4,1.0,2.0626911046962062E-5,8.871756950244091E-4,1.1759367252904032E-5,2.6245100814941864E-5,3.780463090635349E-5,1.0867619055131002E-4,1.61645882904383E-4,1.285289399383093E-4,1.1489796795270312E-5,0.0019875325731619374,1.1306253813850986E-5,0.03263368029200069,7.490865583999434E-4,1.1931827508302803E-5,1.9990799048624024E-5,2.0412650097947233E-5,5.00134080963694E-4,0.0031870037604235543,0.044471331770885136,5.5651695149293556E-5,2.7119321601513784E-5,9.081443931470523E-5,0.0058892670318557595,7.743262144102272E-5,0.013352069124896164,7.923790243358558E-5,0.010255400991635228,0.02772623428951346,1.5696765160293812E-5,2.7745311395036573E-4,1.6641436928557454E-4,1.1820452707664316E-5,3.9616280411965577E-4],[2.764272051290857E-4,4.9187221664126767E-5,1.3676320337904947E-5,6.85842004903101E-5,2.9711921637012253E-5,0.003964842438921353,0.008469111705748135,2.6888832253039346E-4,4.2749827116703924E-4,0.0010843845808717627,5.2125461135228025E-5,2.12542983113748E-5,0.0013154284804719914,2.3258618960381657E-4,0.002652117330339368,5.663066069683458E-4,1.686791229098108E-4,7.731755402867082E-5,1.0915606522655125E-4,1.3554472569470474E-4,4.533604945662888E-4,2.6008563989854503E-4,8.19896348259878E-4,2.0626911046962062E-5,1.0,0.0015848423671684252,1.7229844118275513E-5,2.7910626760802386E-5,8.773364236750708E-5,3.0762866786727085E-5,7.44740061742296E-5,3.199246651906691E-4,1.864329388660865E-5,0.0033459963642214047,1.3069243700987196E-5,0.015547287565742111,2.8624823728857357E-5,2.085335833696724E-5,2.3498243109029067E-5,1.707466326487843E-4,4.352920390841436E-4,0.0025180968608924355,0.050353477033336015,1.5958466812126932E-4,4.4950318685350626E-5,4.0050149531423543E-5,0.017667595603239432,1.0585969109312273E-4,0.004900405198280936,4.9298155356804605E-5,0.004592362585061872,0.0015815687487369377,2.39340208540332E-5,2.0533008210737286E-4,1.451972469620352E-4,2.005047920790868E-5,7.602140540225555E-4],[0.0016140116699952277,0.0016830575783354255,5.785554825691568E-5,0.0011084488116805296,4.37566644845245E-5,0.01304793214116168,0.02199707582468265,0.0018408221497953898,0.00918181472686973,0.0018648833552228372,0.0018023302796202683,0.001121493074278311,0.0017298984162495922,0.001182833120464457,0.00365096458381708,0.0018885831386519522,0.0013741471449571316,0.0013222268698899445,0.0015460310930423043,0.0018952481404805352,9.788895787092E-4,0.001920149187488906,0.0029598769096443487,8.871756950244091E-4,0.0015848423671684252,1.0,3.3051979090067913E-4,3.719940167681666E-4,9.190098743397452E-4,0.0017670232575397867,0.0013377004417685211,0.0014404289968060736,4.6891241914326246E-4,0.0031742665237225196,8.695725232769741E-4,0.014036876647463207,0.0018011810862894923,8.934458068249657E-4,0.001152691823871491,0.00187746463539799,0.0018299282366306007,0.002099829580398592,0.04550672216312169,5.05912906258426E-4,4.8738692888281834E-4,0.0015864688686362735,0.012887664440347705,0.0016334459800826035,0.010893595099336116,9.768916467577293E-4,0.007705442445261583,0.0024270922497162473,7.007544621571856E-4,0.0017696752875124514,0.001094789940403725,5.181914399420549E-4,0.0015016456696886286],[1.9863446454067044E-4,9.692285336047421E-5,1.3435163878661032E-5,5.2611747311995884E-5,2.4427145657088995E-5,0.003403202437218468,0.02219720777809956,2.5255004822745567E-5,0.007559695092339719,0.001388894028471448,6.813902412228064E-5,1.596169608061711E-5,1.9572008504140822E-4,5.419122712057996E-5,4.3543518606129833E-4,2.406968983039485E-4,1.0256148443818257E-4,4.349852011375014E-5,1.7157637553322645E-4,9.045388639836485E-5,5.051088064216737E-4,9.175048849253075E-4,0.0029239109360432126,1.1759367252904032E-5,1.7229844118275513E-5,3.3051979090067913E-4,1.0,2.2486978802983077E-5,6.130398852463309E-5,8.811220162837106E-5,4.005217581380836E-5,2.0536869219513903E-4,1.2699167056650073E-5,0.0019483445933974578,1.4731219114881988E-5,0.026622952328303032,2.562192388169878E-4,1.5787537647699266E-5,2.9667547716157435E-5,1.6945488193821737E-4,6.259942692343175E-4,0.005035192704471488,0.01884591276331065,1.6408699967767395E-5,2.6934010760252383E-5,5.8214454679798256E-5,0.01722732635859217,4.278676733147227E-5,0.003056011192359332,1.0804532111078281E-4,0.009135569691185062,0.022363573979005423,3.398098603024535E-5,2.8052417226411626E-4,8.161282610949055E-5,1.555119991566359E-5,2.2400054403047572E-4],[3.959022846515903E-4,6.466553102194165E-5,1.8672287516861827E-5,5.8556296415362355E-5,3.7710393419540465E-5,0.019284302940254523,0.03165071234037245,3.699875920475491E-5,0.007315531103578475,6.722630566229634E-4,2.2137591676667278E-4,3.655787693991723E-5,9.813204066144287E-4,1.3115202057104895E-4,0.003580630189584837,0.0013741688314911136,1.1094209617491044E-4,7.908463819260436E-5,4.946269313308337E-5,9.619893926156241E-5,1.1032366005590352E-4,9.393758583537637E-4,0.001252572909338745,2.6245100814941864E-5,2.7910626760802386E-5,3.719940167681666E-4,2.2486978802983077E-5,1.0,1.4429806429172787E-4,6.479836238594711E-5,1.603083390086071E-4,1.083886400754131E-4,2.804910781898149E-5,4.360200481375305E-4,2.8796792754825046E-5,0.028033083830253595,9.34189316339633E-5,3.415655893140723E-5,3.3064414158696305E-5,1.3079020390132002E-4,3.046716099843787E-4,0.003986294215092322,6.931531263759541E-4,1.6282574431403552E-4,4.903180559714182E-5,7.803376764456697E-5,0.011373011331905577,1.316511054479636E-4,0.015105659198040933,1.1893457361260977E-4,0.0061260795681823835,0.02198319060940299,5.5233198260260414E-5,1.6847617395324886E-4,1.1826166265358338E-4,2.5395009394147498E-5,2.807335231351448E-4],[4.081627970467294E-4,1.550097285553736E-4,1.4907035755717824E-4,1.6843102147535332E-4,4.7826923808040975E-5,0.020780213991161568,0.029900676833133057,2.653540180816393E-4,0.007561293157217233,0.0011886653810940912,3.042743329361134E-4,9.015273625744602E-5,8.23435411122343E-4,4.715992312992939E-4,0.003427265536645745,5.187078925995531E-4,1.686471138232981E-4,1.0974783122015689E-4,1.73993770579219E-4,1.5018234107134164E-4,5.739922434508487E-4,0.0017138412308522603,3.562816003549186E-4,3.780463090635349E-5,8.773364236750708E-5,9.190098743397452E-4,6.130398852463309E-5,1.4429806429172787E-4,1.0,1.674525110590699E-4,1.682039165230916E-4,2.544877769836568E-4,6.268942908245007E-5,8.961749270586809E-4,4.171053485408708E-5,0.005322140094395455,5.098897771621454E-4,9.386039625111907E-5,9.080364322682446E-5,1.8549840114132603E-4,6.148779000194731E-4,0.001106137481860182,0.04386741134953853,1.7681424656539426E-4,8.959827415981566E-5,1.6031195378067302E-4,0.017768858084379262,1.6105309666379926E-4,0.010302337672611737,1.5581157767888322E-4,0.01785002303507539,0.002081786058006168,1.1870514162785491E-4,1.7322616121775812E-4,2.29850559864296E-4,1.6616541151794333E-4,5.813746418510657E-4],[0.0010314661794394435,1.2847890325637604E-4,8.913426777204646E-5,1.6114059108908126E-4,1.2472896319175422E-4,0.01852205501636599,0.007622527550347506,1.858599599699842E-4,0.001994886489801301,0.0011136082710239438,1.7632108800286322E-4,1.026524981557921E-4,0.0012437623806146735,4.0019609141515714E-4,0.0025337124999511612,4.725133434831338E-4,1.544840084591391E-4,1.1389515016373859E-4,1.6052155347054032E-4,1.463612909652196E-4,4.170763429334957E-4,3.0474705113685345E-4,3.5817067711868674E-4,1.0867619055131002E-4,3.0762866786727085E-5,0.0017670232575397867,8.811220162837106E-5,6.479836238594711E-5,1.674525110590699E-4,1.0,1.5500254915791077E-4,5.009371196994717E-4,1.3025918899769602E-4,0.0010298968528724968,9.864791307208053E-5,0.014547358141958535,2.5850735893354976E-4,7.93244764495098E-5,1.25538761511025E-4,1.547733926213798E-4,5.672925846553643E-4,0.00506864787023319,0.016384475127397664,1.5983525831811182E-4,1.2644094798045202E-4,1.2118465167967097E-4,0.012438464056036611,1.5321830501273533E-4,0.0010282432826425544,1.468398160850412E-4,0.006118920407425458,0.0017349769496691364,1.1420934446807512E-4,2.5407734914336587E-4,1.915630781131053E-4,3.64527111598032E-5,2.1534870564394112E-4],[0.0011880456089730935,1.2592440097282257E-4,2.9803860413040843E-5,1.7599418498392145E-4,1.4596276230122263E-4,0.010186606737839995,0.01702015246299155,3.0579967199830253E-4,0.0026295869801923402,3.335556718924243E-4,2.21682920316753E-4,1.1950544975972559E-4,5.933569794118521E-4,2.0997191979290779E-4,0.002993283526794588,0.0010213735927311544,1.6717974449915955E-4,1.1301794375299226E-4,1.7325931930021524E-4,1.453876287205825E-4,2.4874870991139494E-4,5.332823737223586E-4,8.863474453876151E-4,1.61645882904383E-4,7.44740061742296E-5,0.0013377004417685211,4.005217581380836E-5,1.603083390086071E-4,1.682039165230916E-4,1.5500254915791077E-4,1.0,5.129195110771264E-4,1.568911641166094E-4,0.0035537525948668085,1.1430950265925403E-4,0.011298753937554981,7.336104230935693E-4,1.0723601402539792E-4,7.173233579902343E-5,1.8537743706102468E-4,3.092322516378955E-4,0.003666505286180915,0.014750872217577468,1.6838677854886234E-4,1.328150040833411E-4,1.4230873888121905E-4,0.009859578318463635,1.6139056173686652E-4,0.007381450262347872,1.5429235580557575E-4,4.6583708698223433E-4,0.025552817550826064,8.364393081679567E-5,2.1503672884478153E-4,2.096426392114692E-4,8.903905258176158E-5,5.061746344340923E-4],[7.9654279839936E-4,5.951788051439082E-4,1.6682999045541366E-4,2.6615023233447153E-4,4.6977925636141894E-4,0.008657466610059696,0.014191634771876974,5.742575336445361E-4,0.011721680207724069,0.0011540536924543356,3.993780778982471E-4,2.6236870994797526E-4,7.784857660179983E-4,7.973663464959327E-4,0.0011549206604345675,0.001170318324054519,2.0014097928543003E-4,5.212979018479899E-4,3.6364854635459465E-4,3.457002095408231E-4,6.255589599972759E-4,0.001264287788538377,0.0014998565986484812,1.285289399383093E-4,3.199246651906691E-4,0.0014404289968060736,2.0536869219513903E-4,1.083886400754131E-4,2.544877769836568E-4,5.009371196994717E-4,5.129195110771264E-4,1.0,4.4887352199788065E-4,7.645974827067239E-4,1.5701288107906034E-4,0.012244490153467586,8.620635518556891E-4,2.9081237859898734E-5,2.4960915969322444E-4,4.808872894788993E-4,7.569684362469378E-4,0.0033938615297703246,0.012469462603243865,3.2626143785622106E-4,6.108619943231786E-4,6.049381444182217E-4,0.01701640381701145,3.00668402456171E-4,0.005447497249260619,5.159245254657026E-4,0.010464721318308933,0.026192886200498672,1.0120052180477947E-4,6.210392471639098E-4,4.328111690223747E-4,2.196298156598201E-4,7.350480582315294E-4],[9.833864161660202E-4,1.0262275504491317E-4,1.0958517554674198E-5,1.45691174251328E-4,1.4377348206018321E-5,0.009912563536118956,0.0297604729391753,2.514417583166342E-4,0.0030964457349597382,1.4646139889106126E-4,1.8442574728024603E-4,1.6993850651193448E-5,0.0010161878514945272,1.8585192471433164E-4,6.254027147858927E-4,0.0013448531716003086,1.055345181075116E-4,8.063119546127327E-5,9.801003390552066E-5,6.051693325955694E-5,3.7369101317005353E-4,5.365125144702491E-4,0.0010277052814610455,1.1489796795270312E-5,1.864329388660865E-5,4.6891241914326246E-4,1.2699167056650073E-5,2.804910781898149E-5,6.268942908245007E-5,1.3025918899769602E-4,1.568911641166094E-4,4.4887352199788065E-4,1.0,0.0024928402572896332,1.1473182323554187E-5,0.02291268953707856,7.048296781632202E-4,1.5788122074251097E-5,1.6690862684427706E-5,1.0315341879445797E-4,7.356149561209557E-4,0.005348426503292655,0.02373460174179319,3.452017023392858E-5,3.4102720014822815E-5,6.882059459297598E-5,0.012956170680584706,7.800429341624742E-5,0.015067201837301293,1.0617113296666254E-4,0.015075201718948003,6.579667818493209E-4,4.3704077590576596E-5,2.8030438691076503E-4,1.4829581652571412E-4,1.435765708310398E-5,6.732147801108417E-4],[0.0032901110936330996,0.0013866721668312609,1.1296117978147774E-5,4.660799091857849E-4,0.0020906610109540855,0.00621237100891767,0.0192519093372887,0.0023474705717048063,0.003921281688594512,0.0017348754330393395,0.00288745531177492,5.254987415053858E-4,0.001645562500570265,0.0018375254085437995,0.004337846495108206,0.0022478025332822458,0.0036574961139227945,7.779177587772753E-4,0.0020801303145658086,0.0014097