[[1.0,6.525389553725189E-5,0.0016303952597082991,0.010382318389925599,0.0011007515364056144,1.45568308994082E-4,1.0894066561421796E-4,3.148050670480479E-4,0.0067927852111741615,1.1830948818056835E-4,1.1398656374066773E-4,1.7227684291532019E-4,0.00295043224146535,1.5926829352836303E-4,1.187221074587524E-4,0.008820884976913735,1.222605491646797E-4,1.203298116963058E-4,0.00208300044301348,0.0015485682898981937,6.371145260430374E-4,2.9205005426939174E-4,4.626249597479576E-4,0.0033527884275891843,7.153859837207627E-5,9.551408909513664E-4,9.834237803121374E-4,9.37399361923016E-5,0.011625577608443466,0.010385201322800958,1.1820901200656255E-4,1.6030349223025757E-4,1.0810754117886641E-4,0.0023061727490046218,1.3769345326057017E-4,1.1345699170670315E-4,1.514726091859427E-4,1.8597531734385145E-4,0.0021963189288975366,1.1903050690374823E-4,1.1808836490754867E-4,1.7639573205070302E-4,5.418457448174743E-4,1.1491315675383917E-4,0.0030391880955086465,0.002206953333910432,0.009284205395924446,2.66495173813826E-4],[6.525389553725189E-5,1.0,2.3377619577931577E-4,0.011686603748944471,9.903354911179258E-4,2.1256037240537524E-4,3.7585971420709586E-5,2.1304390693675947E-4,0.004748091192676,6.241579861748298E-5,3.036944220464121E-5,5.30244923558041E-5,0.004833377750709155,3.171319646027175E-4,8.11306010811057E-5,0.014455215635363276,1.3072460567506574E-4,1.2920724357827373E-4,0.007293384234977884,0.0028984304293880173,7.739063254644845E-4,7.774741797320026E-4,0.0016393822655554214,0.001965317521113232,1.876841363139195E-5,9.771763519380605E-4,1.5863253999911793E-4,1.9729851022083387E-5,0.01467876504269555,0.012693298016414101,1.3896165354534425E-4,1.6017317625651253E-4,5.415002423322122E-5,9.945533809668581E-5,1.294022564143892E-4,2.4919471538723124E-5,2.2862444597419808E-4,1.8767929165358415E-4,0.00246452294701893,1.4804081319425146E-4,2.9379976816487402E-5,5.227946323279095E-4,0.0011375620223769661,1.090967954830204E-4,0.0015662878284064853,0.002580502986312082,0.006360807769343496,6.080376248516298E-5],[0.0016303952597082991,2.3377619577931577E-4,1.0,0.015954227454041372,0.0020642585154536865,0.0012794956786035827,0.002192605463762186,0.0010783902889932753,0.009114405096403015,0.001852581784462806,9.612322920776315E-4,2.577909753138504E-4,0.0033007085348537952,0.0014062255131221594,0.001848842962683117,0.009482245610213855,0.0017898959991694283,3.4499892214496884E-4,0.007128958225576357,0.002497165534587776,0.002177568849329208,0.0021447614726296162,0.009851131857031951,0.0026163841527889267,0.0015014509726684188,0.001641672028424415,0.0020942556258858195,4.855402099211846E-4,0.00963679409954092,0.002552179094472742,0.0013408971330936804,6.243516772767178E-4,0.0013440490700572906,0.002320001351482148,0.0016972457612550403,0.0012070480087189974,0.0020546863723160244,0.0018840028795730536,0.002319429567188805,0.0018243118420181055,0.0012983049683802177,0.0016838581651072147,0.001995672492053653,0.0012364900468891332,0.003348735334063873,0.003773560688089146,0.006852260149579601,8.500398088662504E-4],[0.010382318389925599,0.011686603748944471,0.015954227454041372,1.0,0.0023203095835174427,0.013940219082739043,0.001743698515987218,0.006503567378078461,0.016670655582329278,0.004672066645851618,3.5973751248410133E-4,0.01244126872438369,0.012584641943996222,0.01327179204044147,0.00889907817592813,0.01894660234900856,0.008682527568763216,0.005940056148059488,0.015918928036545564,0.008388430193202834,0.008448570589208466,0.009936836109740846,0.011972275860440572,0.005151557804948626,0.01133839288146757,0.003120524284775986,0.01509550978412048,0.004063385904237212,0.015730252939669336,0.017349894465404078,0.010398853352592838,0.009647601572394634,3.093938570690407E-4,0.011818780258711853,0.009884133102181648,0.013991151656414586,6.315159268792273E-4,0.008074691506013077,0.012598847912248981,0.016343278993257843,0.01582652752552547,0.010556078391375505,0.013265376255226266,0.004509753513269125,0.0035044600502626574,0.0055211332582986005,0.015058683359023235,0.013828680423350833],[0.0011007515364056144,9.903354911179258E-4,0.0020642585154536865,0.0023203095835174427,1.0,3.9811886690632075E-4,0.0013756575757208598,0.0010646266411889291,0.00340627162252425,0.001023192706947337,0.0013413671652464712,7.033325773200484E-4,0.003261821483523843,3.3571202775210677E-4,2.583617460399476E-4,0.008583067385842236,0.0012724681505632913,4.070989817435215E-4,0.003866443727225926,0.0018335541904424579,0.0013434474366859125,0.0012946939505525936,0.0027078131602948337,0.0033372150158093956,8.700912682183957E-4,0.001387238848033766,0.0011686069308563907,4.7606000147230697E-4,0.012251785265111656,0.0038154742350456467,3.916778792931063E-4,9.678650432346199E-4,3.527556698937424E-4,0.002197799878067785,0.001016821993742974,4.979543853535632E-4,7.21513800363623E-4,4.7853137729788285E-4,0.001474250751790308,3.9827007041838244E-4,0.001002456778332321,0.0010345320282626953,0.001462589902031715,9.754150773612638E-4,0.0028191537297087774,0.0033450234464353626,0.0036314495616951536,4.4680584798005763E-4],[1.45568308994082E-4,2.1256037240537524E-4,0.0012794956786035827,0.013940219082739043,3.9811886690632075E-4,1.0,1.2678114120739494E-4,2.8329714068530483E-4,0.014836543575926208,2.4517086369914943E-4,1.9254868176725063E-4,2.102630743260255E-4,0.004143739277059987,3.2255324358217694E-4,2.4661021274161195E-4,0.0076410105819402375,2.3602643890710835E-4,2.1741598231837564E-4,0.0025297627191323818,0.003118772978599441,5.762717936294741E-4,8.152148538878605E-4,0.005100631011281316,8.470903928226185E-4,2.032610305967479E-4,0.0012688279303352883,5.002647663467025E-4,1.917921150569611E-4,0.010900687203807715,0.016735712808012768,2.0962816304887462E-4,2.5142355039308763E-4,1.524124171119357E-4,0.001841001065174049,2.1119475672464166E-4,2.098564145945847E-4,2.457267839258703E-4,2.4034662918749681E-4,0.0021404747349562307,2.3276069420963033E-4,2.0564073539342437E-4,2.786810490876302E-4,0.0011436277597266361,1.3446558720631675E-4,7.816786509133286E-4,7.042721933556504E-4,0.003340771648392429,2.7899095601482764E-4],[1.0894066561421796E-4,3.7585971420709586E-5,0.002192605463762186,0.001743698515987218,0.0013756575757208598,1.2678114120739494E-4,1.0,1.4847716510863713E-4,0.008936530886142527,1.1696475622608314E-4,1.0998651645847172E-4,1.1087253565565039E-4,0.0026524269511301775,1.5257171259404405E-4,1.1178902234304007E-4,0.0013337956002481772,1.1856295478564197E-4,1.3237561437331124E-4,0.005610284804077651,0.0013596189092381237,6.575067737974673E-4,8.562344344836923E-4,0.008266461316782044,0.0013711570381974832,8.263717154158545E-5,4.765023772938589E-4,1.2708729944416213E-4,4.51392200615276E-5,0.0140872487497878,0.0038495235193457735,1.3753553830139016E-4,1.4997564965684834E-4,1.0732669209058511E-4,8.182738177810862E-4,1.3216012969827765E-4,1.119680897558808E-4,1.2974540361630787E-4,1.2438143611211635E-4,0.0010746201857653051,1.4487889021284854E-4,1.1203568847052841E-4,3.3039738658585606E-4,9.78800420029086E-4,1.1430409641228757E-4,0.0014819634044605538,0.002503730840232152,0.0061482319378017795,1.3901891861358866E-4],[3.148050670480479E-4,2.1304390693675947E-4,0.0010783902889932753,0.006503567378078461,0.0010646266411889291,2.8329714068530483E-4,1.4847716510863713E-4,1.0,0.004605025912789475,1.5629258279295456E-4,2.297245324864803E-4,2.630890585768821E-4,0.0040028245859959595,3.1928905367804476E-4,2.0490960887249517E-4,0.0034381661671297474,2.477910973000263E-4,2.728127433202082E-4,0.008443342749685261,0.0026315016943684356,8.773737758637771E-4,0.0010518554817173919,0.0052423660766214,5.717867122848415E-4,2.3680566209189512E-4,0.001463957057117618,6.818119812870076E-4,1.3192313088785277E-4,0.009303322384645681,0.015229154317930612,2.368133522554429E-4,3.157884397025732E-4,2.0389126877326134E-4,0.0021117696276473493,2.409833461227459E-4,2.849323398456686E-4,2.588465654604546E-4,2.8201218121757247E-4,0.002524764802931169,1.9530952924086593E-4,2.809267807479171E-4,3.8325519214841446E-4,0.0012820504584089571,2.170086749039058E-4,0.0032088722374672735,0.003104049917190264,0.00882437141843103,3.115674918727681E-4],[0.0067927852111741615,0.004748091192676,0.009114405096403015,0.016670655582329278,0.00340627162252425,0.014836543575926208,0.008936530886142527,0.004605025912789475,1.0,0.01772284812968164,0.010268879648382374,0.005290323444607999,0.010112749703715404,0.016264000167576745,0.015371451899564629,0.019234640678190976,0.010419502391103308,0.01898383152407374,0.016564281866716133,0.012409025904135968,0.013865911233272124,0.005242615238868456,0.012729869743599798,0.01586329073126657,0.01049096776504186,0.008392542295499062,0.010013897370763107,0.0035976960237137797,0.016408516803083518,0.018112391405300726,0.005151204924295299,0.0046558787901334366,0.01459029126679499,0.012396717293941342,0.017194564933362938,0.010387896181602742,0.010630078309948394,0.008218927477312616,0.008992302389518855,0.006855857187686946,0.015513885618917523,0.017991534403790366,0.004890161512840924,0.005592171712496399,0.018663117197947512,0.013318965155226726,0.018487194355905543,0.0017944710913487592],[1.1830948818056835E-4,6.241579861748298E-5,0.001852581784462806,0.004672066645851618,0.001023192706947337,2.4517086369914943E-4,1.1696475622608314E-4,1.5629258279295456E-4,0.01772284812968164,1.0,1.4789583623227306E-4,1.7916670916318393E-4,0.0010275061637903507,1.8454996464391374E-4,1.2346047839060652E-4,0.01718898863988458,1.2875036623874654E-4,1.275575731673813E-4,0.008839472518761021,0.0016474936524484027,2.336000956664622E-4,7.975251363874946E-4,0.0074943596931136905,0.001788455467034758,1.169255273715749E-4,0.0015184419781050324,7.435872487557487E-4,2.6102997510676363E-5,0.004371670000527492,0.01386284386450585,1.2637401262103335E-4,1.9045045038006277E-4,1.044432474332293E-4,0.0023282397201899157,1.2454075174903425E-4,1.1418666487597014E-4,1.2666282192289502E-4,1.4081160274369414E-4,0.0011687195376135408,1.4879758926526323E-4,1.282577110603001E-4,4.2835546927629615E-4,3.616941095821137E-4,1.1961716053358223E-4,2.6223566596267713E-4,0.002264377098708492,0.0062600872272957275,2.4238493913659884E-4],[1.1398656374066773E-4,3.036944220464121E-5,9.612322920776315E-4,3.5973751248410133E-4,0.0013413671652464712,1.9254868176725063E-4,1.0998651645847172E-4,2.297245324864803E-4,0.010268879648382374,1.4789583623227306E-4,1.0,1.6742190571192867E-4,0.0022380493606288638,1.7696140632017938E-4,1.3663797655586555E-4,0.01051732437566685,1.4035996783292296E-4,1.5228617415342347E-4,0.0028368372680897514,9.435692185681017E-4,9.213068938812332E-4,7.755557672711731E-4,0.007586320995689372,0.00116021489156665,8.348285707186157E-5,9.492539648959708E-4,6.668192344135594E-4,2.572979586671722E-5,0.0025114225038930203,0.002853378754004424,1.4160507989175727E-4,2.4060414585048084E-4,1.1037977164201596E-4,3.409144670423588E-4,1.4841620792738306E-4,1.3741368199678532E-4,1.622256382900064E-4,1.8652032418969074E-4,0.0011808748355756262,1.5607450879233357E-4,1.3696380632023016E-4,1.876077008132404E-4,4.429115357823929E-4,1.3426213420845886E-4,0.0021333310341728287,2.464899930406467E-4,0.010496353223420992,2.3696215847082E-4],[1.7227684291532019E-4,5.30244923558041E-5,2.577909753138504E-4,0.01244126872438369,7.033325773200484E-4,2.102630743260255E-4,1.1087253565565039E-4,2.630890585768821E-4,0.005290323444607999,1.7916670916318393E-4,1.6742190571192867E-4,1.0,0.004439964558989773,2.5513135861312164E-4,1.863717777466739E-4,0.009652344958766143,1.5437302778613848E-4,1.8555499305186046E-4,0.0095072853923568,0.002848530518068273,8.703235720202824E-4,8.261431282996997E-4,0.0026649113636382444,0.002392806215729286,1.5895041594898374E-4,3.4867453259317593E-4,2.693968433454541E-4,1.3289497971676674E-4,0.002300803634972355,0.009298667991729166,1.876030306717125E-4,2.0980624755278767E-4,1.3952557881913283E-4,3.329352146168586E-4,2.0063709259565904E-4,1.448402895181263E-4,2.3343104802451487E-4,2.1305101940752435E-4,0.0010881717290809976,1.8288185841915867E-4,1.717139563924232E-4,3.287338404566534E-4,5.481308942777166E-4,1.2499231550544177E-4,0.0015744638829988374,0.0019487298307361877,0.006077313718293081,2.3515003508783395E-4],[0.00295043224146535,0.004833377750709155,0.0033007085348537952,0.012584641943996222,0.003261821483523843,0.004143739277059987,0.0026524269511301775,0.0040028245859959595,0.010112749703715404,0.0010275061637903507,0.0022380493606288638,0.004439964558989773,1.0,0.00608244682308197,0.002015690932221456,0.008093540336507778,0.0019413872719069249,0.0037714730249071935,0.006876821355174058,0.004010381610900931,0.0012851936262846843,0.0013012567226166395,0.009065325826937027,0.005426563025522063,0.004921439375758814,0.001901479352882593,0.0020759474307969436,0.004112063522416081,0.013710728730333568,0.008150545357702862,4.3872563608033006E-4,0.004434621636328593,9.158847126499255E-4,0.005819387398850243,8.898826984746952E-4,3.164764170513174E-4,0.0034586223991244468,0.003882167196198235,0.0031685406224237597,5.217963677974533E-4,0.0033407539430905706,0.0039982460323315875,0.0055352360020888055,0.004707568308453665,0.0038638688281861077,0.005484646752023013,0.011083747052602072,0.0016208732901461368],[1.5926829352836303E-4,3.171319646027175E-4,0.0014062255131221594,0.01327179204044147,3.3571202775210677E-4,3.2255324358217694E-4,1.5257171259404405E-4,3.1928905367804476E-4,0.016264000167576745,1.8454996464391374E-4,1.7696140632017938E-4,2.5513135861312164E-4,0.00608244682308197,1.0,2.424312166591656E-4,0.012767576245409966,3.015197415144684E-4,1.9643526995011268E-4,0.005095495106727132,0.003189528343075647,5.33472895532945E-4,3.570092136305831E-4,0.008159778457239098,0.0014736389246995762,1.649709304642937E-4,8.014627424635969E-4,8.148452434473398E-4,2.066943730757728E-4,0.007002273904001871,0.002751791369062668,2.8220410469062556E-4,2.5971998595191256E-4,2.726798395635911E-4,7.569685509071648E-4,1.5228209918251653E-4,2.411853135314079E-4,3.170014053475728E-4,2.3846126649365243E-4,8.224774871476417E-4,1.599163308536638E-4,2.579620485636274E-4,5.10225412548683E-4,4.683598710079962E-4,2.1277798834379866E-4,0.0033719410269542377,0.0020820733644692888,0.002285585600817522,3.1274377686333623E-4],[1.187221074587524E-4,8.11306010811057E-5,0.001848842962683117,0.00889907817592813,2.583617460399476E-4,2.4661021274161195E-4,1.1178902234304007E-4,2.0490960887249517E-4,0.015371451899564629,1.2346047839060652E-4,1.3663797655586555E-4,1.863717777466739E-4,0.002015690932221456,2.424312166591656E-4,1.0,0.01405102145726586,1.307339290662473E-4,1.2668439327452854E-4,0.0019107382862315453,0.0010905585129126424,7.390346996422073E-4,6.24845451833711E-4,0.003320751749445375,0.0013445818209084587,1.249816226952477E-4,0.0012730508529994837,3.6860862390255915E-4,1.1585456947745234E-4,0.008795215748212019,6.333074005704771E-4,1.3565142800087775E-4,1.883284148302334E-4,1.103865496291255E-4,1.712533764798598E-4,1.3824162250587296E-4,1.159480767307523E-4,2.373552987080201E-4,1.442674516520125E-4,0.0013185470403005268,1.4297705927553145E-4,1.2866963128395438E-4,5.499761105968529E-4,3.0604346698701767E-4,1.2583289237671992E-4,0.0029008096221662433,0.0022125027332472076,0.0038402286886843784,1.8992301461838307E-4],[0.008820884976913735,0.014455215635363276,0.009482245610213855,0.01894660234900856,0.008583067385842236,0.0076410105819402375,0.0013337956002481772,0.0034381661671297474,0.019234640678190976,0.01718898863988458,0.01051732437566685,0.009652344958766143,0.008093540336507778,0.012767576245409966,0.01405102145726586,1.0,0.017099035968033267,0.009941620227910538,0.012712039646345086,0.014537684121153374,0.015512186371595673,0.008487044665107515,0.012766178016489362,0.016973742291804542,0.015607790272132724,0.006350258551202723,0.019482285840103277,0.018299094997362493,0.017326263832065487,0.01799406647219154,0.006223290351001943,0.01143857723148852,4.37526769384586E-4,0.016973386137141982,0.01697854178596269,0.006374590529085104,0.009302487611023848,0.006897645310767732,0.004877857937626918,6.119898527073551E-4,0.01847331592139973,0.012552678255140375,0.013975100550162515,0.008437597546975832,0.00812844874539217,0.009795722043555713,0.018808350520771042,0.00959629709989293],[1.222605491646797E-4,1.3072460567506574E-4,0.0017898959991694283,0.008682527568763216,0.0012724681505632913,2.3602643890710835E-4,1.1856295478564197E-4,2.477910973000263E-4,0.010419502391103308,1.2875036623874654E-4,1.4035996783292296E-4,1.5437302778613848E-4,0.0019413872719069249,3.015197415144684E-4,1.307339290662473E-4,0.017099035968033267,1.0,1.342630770686826E-4,0.008312318224754079,0.002015853679666297,7.364682404042696E-4,0.0010546131596963395,0.006451400259082083,0.0014019278842484879,1.0479419914408229E-4,4.5011936639833335E-4,8.969446095831717E-4,3.757272271691689E-5,0.007043553384446451,0.006956989830766612,1.3557488059233225E-4,2.0461774275879358E-4,1.1001191035360805E-4,0.002024699285373948,1.3816994562347668E-4,1.3028787824684545E-4,1.8653517359199103E-4,2.1019546667293282E-4,0.001590503275210009,1.4239681333248896E-4,1.3225939165186886E-4,1.7883598239465864E-4,9.612282368477865E-4,1.2683405454499275E-4,0.0013439840866985458,3.09647256119186E-4,0.0018002744619262186,1.5656590417945608E-4],[1.203298116963058E-4,1.2920724357827373E-4,3.4499892214496884E-4,0.005940056148059488,4.070989817435215E-4,2.1741598231837564E-4,1.3237561437331124E-4,2.728127433202082E-4,0.01898383152407374,1.275575731673813E-4,1.5228617415342347E-4,1.8555499305186046E-4,0.0037714730249071935,1.9643526995011268E-4,1.2668439327452854E-4,0.009941620227910538,1.342630770686826E-4,1.0,0.002102313093525236,1.644820356601076E-4,4.714631888467107E-4,0.0010620510357661546,0.010203311769193018,0.002999845246465812,8.138251327444867E-5,0.0011584683346827834,6.515940702586606E-4,1.0959072308509053E-4,0.008073688478457713,0.015882506443884576,1.372966831877543E-4,2.4038749823326115E-4,1.0992875622611457E-4,5.222166417847582E-4,1.3528487436131187E-4,1.1648604943954123E-4,1.8230384983720392E-4,2.0820844778971615E-4,0.002526445445475534,1.4531483932974404E-4,1.330852869791474E-4,1.861472810236274E-4,0.001489799820879429,1.246796456742699E-4,0.002499535319132873,0.0029636303570710295,6.432515463429538E-4,1.5583628040173679E-4],[0.00208300044301348,0.007293384234977884,0.007128958225576357,0.015918928036545564,0.003866443727225926,0.0025297627191323818,0.005610284804077651,0.008443342749685261,0.016564281866716133,0.008839472518761021,0.0028368372680897514,0.0095072853923568,0.006876821355174058,0.005095495106727132,0.0019107382862315453,0.012712039646345086,0.008312318224754079,0.002102313093525236,1.0,0.008438961664144234,0.008719091304518823,0.006155488038754769,0.010534930592840237,0.009285716121801525,0.008717893317487393,0.004474707599716358,0.00778444601676277,0.004228522021634849,0.015009195308824438,0.017023670175388965,0.004099992031772851,0.005429443312057199,0.0015254967077789543,0.0028625222581806996,7.386867150234879E-4,0.008514453717537602,0.008738824460885537,0.00841836917007095,0.003217813102404806,0.0070860306813755386,0.0015242229998361932,0.007914016923529818,0.010082016042475854,0.002266747700160013,0.0062728547276039125,0.004924258056492692,0.010830081217750791,0.0067069274544950645],[0.0015485682898981937,0.0028984304293880173,0.002497165534587776,0.008388430193202834,0.0018335541904424579,0.003118772978599441,0.0013596189092381237,0.0026315016943684356,0.012409025904135968,0.0016474936524484027,9.435692185681017E-4,0.002848530518068273,0.004010381610900931,0.003189528343075647,0.0010905585129126424,0.014537684121153374,0.002015853679666297,1.644820356601076E-4,0.008438961664144234,1.0,0.0024988808686415113,0.0013964025635128776,0.008812498698929562,0.00336363694239986,0.0022137236977154964,0.0023815917404283664,0.0015699051695312845,0.003149076290388664,0.011784211564581811,0.005707643302729511,2.7132678640038384E-4,0.0020474347826598266,9.253336534214935E-4,0.0028766443042950937,0.003132096010345676,0.0014367612706708372,9.255610844803928E-4,0.001689646884531741,0.0033226395385410135,0.00298096003292385,3.6082316979722925E-4,0.0015265993443948547,0.002538514789682796,1.3940910315720295E-4,0.0033786627570112984,0.0036037968211268295,0.00928279893885105,7.324914425044469E-4],[6.371145260430374E-4,7.739063254644845E-4,0.002177568849329208,0.008448570589208466,0.0013434474366859125,5.762717936294741E-4,6.575067737974673E-4,8.773737758637771E-4,0.013865911233272124,2.336000956664622E-4,9.213068938812332E-4,8.703235720202824E-4,0.0012851936262846843,5.33472895532945E-4,7.390346996422073E-4,0.015512186371595673,7.364682404042696E-4,4.714631888467107E-4,0.008719091304518823,0.0024988808686415113,1.0,0.0010612325318754222,0.008435604611225736,0.0032788365473787407,6.166155646053665E-4,0.0014097357921005326,0.0010243689052182644,4.867077387455658E-5,0.005166697119475236,0.01488881690472575,8.116374698060175E-4,9.041294782580333E-4,2.042663867576405E-4,0.0023020344304364527,8.859675725506702E-4,1.3143754670452636E-4,4.4918747716073836E-4,5.937269007078733E-4,0.0013177714557315037,1.703409459847678E-4,7.240211749649133E-4,6.284471100206345E-4,0.0015211127161512267,4.5787899864847175E-4,0.0031743018465620236,0.003670868174143426,9.986397527309305E-4,4.837446011266097E-4],[2.9205005426939174E-4,7.774741797320026E-4,0.0021447614726296162,0.009936836109740846,0.0012946939505525936,8.152148538878605E-4,8.562344344836923E-4,0.0010518554817173919,0.005242615238868456,7.975251363874946E-4,7.755557672711731E-4,8.261431282996997E-4,0.0013012567226166395,3.570092136305831E-4,6.24845451833711E-4,0.008487044665107515,0.0010546131596963395,0.0010620510357661546,0.006155488038754769,0.0013964025635128776,0.0010612325318754222,1.0,0.004217448826762503,0.0013794497394209425,2.2444906380260994E-4,0.0014264198849216945,0.0011102468683799522,9.504459221442043E-4,0.002393578963872145,0.003609149894203384,7.453760400787405E-4,0.001101743037976712,3.581605719468572E-4,0.002416025014013449,0.0011550082677606929,9.74679265058011E-4,2.994464788119359E-4,8.351888438769536E-4,0.0016485112298436854,8.288525330313831E-4,6.348226143993079E-4,7.243446210239052E-4,0.0013143643001046628,7.520060365067815E-4,0.0011722025604813861,0.0013630869433835589,0.00729703000867061,5.180766210764898E-4],[4.626249597479576E-4,0.0016393822655554214,0.009851131857031951,0.011972275860440572,0.0027078131602948337,0.005100631011281316,0.008266461316782044,0.0052423660766214,0.012729869743599798,0.0074943596931136905,0.007586320995689372,0.0026649113636382444,0.009065325826937027,0.008159778457239098,0.003320751749445375,0.012766178016489362,0.006451400259082083,0.010203311769193018,0.010534930592840237,0.008812498698929562,0.008435604611225736,0.004217448826762503,1.0,0.00880565584980973,0.002867487078898892,0.010191869012522014,0.010449518247598372,0.010502623524702688,0.011059244776709188,0.017720617568183543,4.428286537086441E-4,0.0028212801102938984,0.002546470638296605,0.005288199986908021,0.0010037795206928354,0.001210216030646311,0.009905915125201743,0.006309775295419941,0.0087472217512235,0.00960487149021829,0.002789698569805919,0.00815594401588566,0.006607290763475853,0.0038877772794067623,0.00895471050560132,0.007583294873242464,0.010938159861838248,0.003637119258725989],[0.0033527884275891843,0.001965317521113232,0.0026163841527889267,0.005151557804948626,0.0033372150158093956,8.470903928226185E-4,0.0013711570381974832,5.717867122848415E-4,0.01586329073126657,0.001788455467034758,0.00116021489156665,0.002392806215729286,0.005426563025522063,0.0014736389246995762,0.0013445818209084587,0.016973742291804542,0.0014019278842484879,0.002999845246465812,0.009285716121801525,0.00336363694239986,0.0032788365473787407,0.0013794497394209425,0.00880565584980973,1.0,6.094877784966211E-4,0.002315732808896944,0.0015919919528346233,0.002434992100934449,0.009224642285697584,0.012736014340506589,0.0013770845176509017,6.486058218181608E-4,0.0016201327440272546,0.003307513993550237,0.0018268987258670561,5.77298262510584E-4,2.806651139153649E-4,0.0012990265714668857,0.003101910936865005,0.0012968739505276109,0.0024910735542537765,6.007321907247985E-4,0.0025021717714556616,0.0013485595597886577,0.0034128441925906174,0.003447494755428492,0.010716555419538887,4.930468298284475E-4],[7.153859837207627E-5,1.876841363139195E-5,0.0015014509726684188,0.01133839288146757,8.700912682183957E-4,2.032610305967479E-4,8.263717154158545E-5,2.3680566209189512E-4,0.01049096776504186,1.169255273715749E-4,8.348285707186157E-5,1.5895041594898374E-4,0.004921439375758814,1.649709304642937E-4,1.249816226952477E-4,0.015607790272132724,1.0479419914408229E-4,8.138251327444867E-5,0.008717893317487393,0.0022137236977154964,6.166155646053665E-4,2.2444906380260994E-4,0.002867487078898892,6.094877784966211E-4,1.0,9.316471418822418E-4,3.698324351225132E-4,4.734467479979762E-5,0.013922755044846491,0.005968756319449847,6.666404771887335E-5,2.1948003909369202E-4,7.573040722966139E-5,8.04442456388882E-4,6.846351762211196E-5,8.947949750258934E-5,1.2604796274110419E-4,1.2283155646809356E-4,5.908610411607864E-4,9.313085506755577E-5,1.0508794369948002E-4,4.5774148282498736E-4,2.3427045210420663E-4,6.461722873690334E-5,0.0033733861686000804,0.004657600984837354,0.006125618350428957,2.808942816883669E-4],[9.551408909513664E-4,9.771763519380605E-4,0.001641672028424415,0.003120524284775986,0.001387238848033766,0.0012688279303352883,4.765023772938589E-4,0.001463957057117618,0.008392542295499062,0.0015184419781050324,9.492539648959708E-4,3.4867453259317593E-4,0.001901479352882593,8.014627424635969E-4,0.0012730508529994837,0.006350258551202723,4.5011936639833335E-4,0.0011584683346827834,0.004474707599716358,0.0023815917404283664,0.0014097357921005326,0.0014264198849216945,0.010191869012522014,0.002315732808896944,9.316471418822418E-4,1.0,0.0012687018869286344,6.081807504878701E-4,0.010077588262021974,0.01590226915832565,8.360787481711417E-4,9.271451440795169E-4,3.9571492785876825E-4,0.0021295529551489827,8.260384194833393E-4,7.286592440909438E-4,0.0014122698361203523,3.0370412381958427E-4,0.002520048380725917,0.0011518349400253913,3.2952245562510205E-4,7.831269446997121E-4,0.0016160514814460654,5.154140034912109E-4,0.0016975175294307186,0.0036830128971203392,0.006556820551189021,6.348044299843189E-4],[9.834237803121374E-4,1.5863253999911793E-4,0.0020942556258858195,0.01509550978412048,0.0011686069308563907,5.002647663467025E-4,1.2708729944416213E-4,6.818119812870076E-4,0.010013897370763107,7.435872487557487E-4,6.668192344135594E-4,2.693968433454541E-4,0.0020759474307969436,8.148452434473398E-4,3.6860862390255915E-4,0.019482285840103277,8.969446095831717E-4,6.515940702586606E-4,0.00778444601676277,0.0015699051695312845,0.0010243689052182644,0.0011102468683799522,0.010449518247598372,0.0015919919528346233,3.698324351225132E-4,0.0012687018869286344,1.0,8.975950142239443E-4,0.012776792455466441,0.0017292335844612664,7.136510824961659E-4,8.67700583795331E-4,1.6733446693861673E-4,0.002500513356822883,8.237762522217269E-4,5.822919008500553E-4,3.1921188083768064E-4,6.238373261507055E-4,0.001633066607621763,6.770592842092511E-4,5.032076482962665E-4,9.338282329519794E-4,0.0016158997116885792,4.667880695223193E-4,0.0014919379885921236,0.0014095320941425052,0.005988129797571528,9.285011234090119E-4],[9.37399361923016E-5,1.9729851022083387E-5,4.855402099211846E-4,0.004063385904237212,4.7606000147230697E-4,1.917921150569611E-4,4.51392200615276E-5,1.3192313088785277E-4,0.0035976960237137797,2.6102997510676363E-5,2.572979586671722E-5,1.3289497971676674E-4,0.004112063522416081,2.066943730757728E-4,1.1585456947745234E-4,0.018299094997362493,3.757272271691689E-5,1.0959072308509053E-4,0.004228522021634849,0.003149076290388664,4.867077387455658E-5,9.504459221442043E-4,0.010502623524702688,0.002434992100934449,4.734467479979762E-5,6.081807504878701E-4,8.975950142239443E-4,1.0,0.014341610581956486,0.015732955668023216,8.015037814912694E-5,9.097031535485115E-5,2.5522862426054142E-5,0.001240717298663936,1.0760995148199476E-4,5.865106272764878E-5,1.725579513191622E-4,9.910375408151097E-5,0.002465617707748095,3.63421458398009E-5,1.1385303188461955E-4,5.368692912929911E-4,1.312929910306997E-4,5.695090156139321E-5,0.0020687902311642024,0.0038905607579570846,0.010059315198961144,8.258017952419438E-5],[0.011625577608443466,0.01467876504269555,0.00963679409954092,0.015730252939669336,0.012251785265111656,0.010900687203807715,0.0140872487497878,0.009303322384645681,0.016408516803083518,0.004371670000527492,0.0025114225038930203,0.002300803634972355,0.013710728730333568,0.007002273904001871,0.008795215748212019,0.017326263832065487,0.007043553384446451,0.008073688478457713,0.015009195308824438,0.011784211564581811,0.005166697119475236,0.002393578963872145,0.011059244776709188,0.009224642285697584,0.013922755044846491,0.010077588262021974,0.012776792455466441,0.014341610581956486,1.0,0.017044181515862095,1.4668924906316238E-4,0.0016044007296283796,0.005853790894386624,0.012407502809734955,0.009007324672505639,0.008387542559646157,0.002155437669917156,0.011088947723818382,0.014668558690238313,0.01217499809398151,0.0020029413132676074,0.010340055619559384,0.0066790757457667405,0.012413819296131315,0.006009298662989484,0.007235204045306991,0.014167908739182397,0.008134984283200645],[0.010385201322800958,0.012693298016414101,0.002552179094472742,0.017349894465404078,0.0038154742350456467,0.016735712808012768,0.0038495235193457735,0.015229154317930612,0.018112391405300726,0.01386284386450585,0.002853378754004424,0.009298667991729166,0.008150545357702862,0.002751791369062668,6.333074005704771E-4,0.01799406647219154,0.006956989830766612,0.015882506443884576,0.017023670175388965,0.005707643302729511,0.01488881690472575,0.003609149894203384,0.017720617568183543,0.012736014340506589,0.005968756319449847,0.01590226915832565,0.0017292335844612664,0.015732955668023216,0.017044181515862095,1.0,0.005889157224225805,0.011664073137402618,0.016254411234572164,0.004265500673618162,0.003680954807104511,0.007939804793847493,0.014711051523806029,0.002522487330269594,0.008933759181355305,0.012060042937131941,0.01150022590269778,0.004128870132130441,0.004290168010967944,0.015017932787772728,0.0071109411781505325,0.00906783940044776,0.012857662890882242,0.007092176678055931],[1.1820901200656255E-4,1.3896165354534425E-4,0.0013408971330936804,0.010398853352592838,3.916778792931063E-4,2.0962816304887462E-4,1.3753553830139016E-4,2.368133522554429E-4,0.005151204924295299,1.2637401262103335E-4,1.4160507989175727E-4,1.876030306717125E-4,4.3872563608033006E-4,2.8220410469062556E-4,1.3565142800087775E-4,0.006223290351001943,1.3557488059233225E-4,1.372966831877543E-4,0.004099992031772851,2.7132678640038384E-4,8.116374698060175E-4,7.453760400787405E-4,4.428286537086441E-4,0.0013770845176509017,6.666404771887335E-5,8.360787481711417E-4,7.136510824961659E-4,8.015037814912694E-5,1.4668924906316238E-4,0.005889157224225805,1.0,1.7814022512818823E-4,1.116164121597738E-4,4.401439540211152E-4,1.4055902534676088E-4,1.1881863749371243E-4,1.513182362682567E-4,1.5927258236827789E-4,6.506067328502293E-4,1.5068573378909135E-4,1.38261985348555E-4,2.5521399688834397E-4,0.001126283376987659,1.3532012780220567E-4,0.0013844886893108845,0.0010471679208549432,0.0020783387801539873,1.7587146942964356E-4],[1.6030349223025757E-4,1.6017317625651253E-4,6.243516772767178E-4,0.009647601572394634,9.678650432346199E-4,2.5142355039308763E-4,1.4997564965684834E-4,3.157884397025732E-4,0.0046558787901334366,1.9045045038006277E-4,2.4060414585048084E-4,2.0980624755278767E-4,0.004434621636328593,2.5971998595191256E-4,1.883284148302334E-4,0.01143857723148852,2.0461774275879358E-4,2.4038749823326115E-4,0.005429443312057199,0.0020474347826598266,9.041294782580333E-4,0.001101743037976712,0.0028212801102938984,6.486058218181608E-4,2.1948003909369202E-4,9.271451440795169E-4,8.67700583795331E-4,9.097031535485115E-5,0.0016044007296283796,0.011664073137402618,1.7814022512818823E-4,1.0,2.0114455002246176E-4,0.001587215125433646,2.159008546227507E-4,1.2651177281039697E-4,2.4852124147235294E-4,2.3172154402846526E-4,0.00171797173160134,2.0476101395118697E-4,1.6583739160179126E-4,3.360178079272599E-4,8.007103510247284E-4,1.5885191236121587E-4,4.7210033553871854E-4,0.0019095642375280197,0.009877705207036066,2.683487267966818E-4],[1.0810754117886641E-4,5.415002423322122E-5,0.0013440490700572906,3.093938570690407E-4,3.527556698937424E-4,1.524124171119357E-4,1.0732669209058511E-4,2.0389126877326134E-4,0.01459029126679499,1.044432474332293E-4,1.1037977164201596E-4,1.3952557881913283E-4,9.158847126499255E-4,2.726798395635911E-4,1.103865496291255E-4,4.37526769384586E-4,1.1001191035360805E-4,1.0992875622611457E-4,0.0015254967077789543,9.253336534214935E-4,2.042663867576405E-4,3.581605719468572E-4,0.002546470638296605,0.0016201327440272546,7.573040722966139E-5,3.9571492785876825E-4,1.6733446693861673E-4,2.5522862426054142E-5,0.005853790894386624,0.016254411234572164,1.116164121597738E-4,2.0114455002246176E-4,1.0,0.001973780484366125,1.23552476738639E-4,1.0944174115607558E-4,1.693861273864826E-4,1.7319887175991133E-4,6.359557174118764E-4,1.3807758254932298E-4,1.2041920793744454E-4,2.4382279130038056E-4,6.523495042645262E-4,1.1741150158332964E-4,1.387670472087124E-4,0.0023427384002642844,0.006313377416770831,2.989285260055561E-4],[0.0023061727490046218,9.945533809668581E-5,0.002320001351482148,0.011818780258711853,0.002197799878067785,0.001841001065174049,8.182738177810862E-4,0.0021117696276473493,0.012396717293941342,0.0023282397201899157,3.409144670423588E-4,3.329352146168586E-4,0.005819387398850243,7.569685509071648E-4,1.712533764798598E-4,0.016973386137141982,0.002024699285373948,5.222166417847582E-4,0.0028625222581806996,0.0028766443042950937,0.0023020344304364527,0.002416025014013449,0.005288199986908021,0.003307513993550237,8.04442456388882E-4,0.0021295529551489827,0.002500513356822883,0.001240717298663936,0.012407502809734955,0.004265500673618162,4.401439540211152E-4,0.001587215125433646,0.001973780484366125,1.0,9.235319166094556E-4,0.001438869199492147,4.639219941272399E-4,0.0018691608996621305,0.0026058420975220977,4.445945796880085E-4,0.0010177947318946695,0.0022971897642838253,0.0016267817285387216,0.0011678456706151954,0.0032074009713171005,0.0031026285082650738,0.009886723657470035,9.291001939781282E-4],[1.3769345326057017E-4,1.294022564143892E-4,0.0016972457612550403,0.009884133102181648,0.001016821993742974,2.1119475672464166E-4,1.3216012969827765E-4,2.409833461227459E-4,0.017194564933362938,1.2454075174903425E-4,1.4841620792738306E-4,2.0063709259565904E-4,8.898826984746952E-4,1.5228209918251653E-4,1.3824162250587296E-4,0.01697854178596269,1.3816994562347668E-4,1.3528487436131187E-4,7.386867150234879E-4,0.003132096010345676,8.859675725506702E-4,0.0011550082677606929,0.0010037795206928354,0.0018268987258670561,6.846351762211196E-5,8.260384194833393E-4,8.237762522217269E-4,1.0760995148199476E-4,0.009007324672505639,0.003680954807104511,1.4055902534676088E-4,2.159008546227507E-4,1.23552476738639E-4,9.235319166094556E-4,1.0,1.1472588289956629E-4,2.4095567755489544E-4,1.5314258725705222E-4,9.449200349672362E-4,1.491444760864335E-4,1.4012590621040577E-4,3.4874788300929833E-4,0.001586175001976809,1.2303583551624407E-4,0.0011583232127692963,0.002946972271216403,0.009010315086407773,1.5644049034001443E-4],[1.1345699170670315E-4,2.4919471538723124E-5,0.0012070480087189974,0.013991151656414586,4.979543853535632E-4,2.098564145945847E-4,1.119680897558808E-4,2.849323398456686E-4,0.010387896181602742,1.1418666487597014E-4,1.3741368199678532E-4,1.448402895181263E-4,3.164764170513174E-4,2.411853135314079E-4,1.159480767307523E-4,0.006374590529085104,1.3028787824684545E-4,1.1648604943954123E-4,0.008514453717537602,0.0014367612706708372,1.3143754670452636E-4,9.74679265058011E-4,0.001210216030646311,5.77298262510584E-4,8.947949750258934E-5,7.286592440909438E-4,5.822919008500553E-4,5.865106272764878E-5,0.008387542559646157,0.007939804793847493,1.1881863749371243E-4,1.2651177281039697E-4,1.0944174115607558E-4,0.001438869199492147,1.1472588289956629E-4,1.0,1.9019727711222612E-4,1.6902922523221763E-4,0.0016639358747025468,1.385526062826228E-4,1.2480520893230204E-4,1.506772424464414E-4,0.0013388335117757479,1.1909742579322391E-4,0.0010434971497972226,0.004591306328841153,0.006360574321121446,2.30833304034091E-4],[1.514726091859427E-4,2.2862444597419808E-4,0.0020546863723160244,6.315159268792273E-4,7.21513800363623E-4,2.457267839258703E-4,1.2974540361630787E-4,2.588465654604546E-4,0.010630078309948394,1.2666282192289502E-4,1.622256382900064E-4,2.3343104802451487E-4,0.0034586223991244468,3.170014053475728E-4,2.373552987080201E-4,0.009302487611023848,1.8653517359199103E-4,1.8230384983720392E-4,0.008738824460885537,9.255610844803928E-4,4.4918747716073836E-4,2.994464788119359E-4,0.009905915125201743,2.806651139153649E-4,1.2604796274110419E-4,0.0014122698361203523,3.1921188083768064E-4,1.725579513191622E-4,0.002155437669917156,0.014711051523806029,1.513182362682567E-4,2.4852124147235294E-4,1.693861273864826E-4,4.639219941272399E-4,2.4095567755489544E-4,1.9019727711222612E-4,1.0,2.384464834158839E-4,0.001616498112230091,2.1509792584408828E-4,1.8161180012918354E-4,4.693159963100841E-4,0.0012140398198914088,1.272573611848877E-4,0.0012099932418607063,0.0019033533876565015,0.005668564398813048,3.0457767631504563E-4],[1.8597531734385145E-4,1.8767929165358415E-4,0.0018840028795730536,0.008074691506013077,4.7853137729788285E-4,2.4034662918749681E-4,1.2438143611211635E-4,2.8201218121757247E-4,0.008218927477312616,1.4081160274369414E-4,1.8652032418969074E-4,2.1305101940752435E-4,0.003882167196198235,2.3846126649365243E-4,1.442674516520125E-4,0.006897645310767732,2.1019546667293282E-4,2.0820844778971615E-4,0.00841836917007095,0.001689646884531741,5.937269007078733E-4,8.351888438769536E-4,0.006309775295419941,0.0012990265714668857,1.2283155646809356E-4,3.0370412381958427E-4,6.238373261507055E-4,9.910375408151097E-5,0.011088947723818382,0.002522487330269594,1.5927258236827789E-4,2.3172154402846526E-4,1.7319887175991133E-4,0.0018691608996621305,1.5314258725705222E-4,1.6902922523221763E-4,2.384464834158839E-4,1.0,0.0018752027035784618,2.109072849240391E-4,2.096141157922695E-4,3.3632153364282106E-4,0.0010220604002349814,1.476368989383187E-4,0.0021411451594922264,0.0035519841766154343,0.0021462544098945382,2.578493551352234E-4],[0.0021963189288975366,0.00246452294701893,0.002319429567188805,0.012598847912248981,0.001474250751790308,0.0021404747349562307,0.0010746201857653051,0.002524764802931169,0.008992302389518855,0.0011687195376135408,0.0011808748355756262,0.0010881717290809976,0.0031685406224237597,8.224774871476417E-4,0.0013185470403005268,0.004877857937626918,0.001590503275210009,0.002526445445475534,0.003217813102404806,0.0033226395385410135,0.0013177714557315037,0.0016485112298436854,0.0087472217512235,0.003101910936865005,5.908610411607864E-4,0.002520048380725917,0.001633066607621763,0.002465617707748095,0.014668558690238313,0.008933759181355305,6.506067328502293E-4,0.00171797173160134,6.359557174118764E-4,0.0026058420975220977,9.449200349672362E-4,0.0016639358747025468,0.001616498112230091,0.0018752027035784618,1.0,0.0012744530393409637,9.82697030009868E-4,0.0025130750736751402,0.001759981147613782,0.0010282742246296931,0.003360113874288464,0.003000122445638576,0.0063343898862680175,7.469585004804501E-4],[1.1903050690374823E-4,1.4804081319425146E-4,0.0018243118420181055,0.016343278993257843,3.9827007041838244E-4,2.3276069420963033E-4,1.4487889021284854E-4,1.9530952924086593E-4,0.006855857187686946,1.4879758926526323E-4,1.5607450879233357E-4,1.8288185841915867E-4,5.217963677974533E-4,1.599163308536638E-4,1.4297705927553145E-4,6.119898527073551E-4,1.4239681333248896E-4,1.4531483932974404E-4,0.0070860306813755386,0.00298096003292385,1.703409459847678E-4,8.288525330313831E-4,0.00960487149021829,0.0012968739505276109,9.313085506755577E-5,0.0011518349400253913,6.770592842092511E-4,3.63421458398009E-5,0.01217499809398151,0.012060042937131941,1.5068573378909135E-4,2.0476101395118697E-4,1.38077