[[1.0,1.6461790188080088E-4,2.4252987763151188E-4,2.2545527199203477E-4,1.8673613941822692E-4,0.0027421226073704287,2.2282717708049975E-4,6.810374053213681E-5,3.3263186969146506E-4,7.059406300270795E-4,2.0104909853603395E-4,1.2946999233211725E-4,7.350565953804346E-4,3.072454483042131E-4,0.002894169413023052,4.173171121638727E-4,2.1709926723112628E-4,3.3104240584353985E-4,0.004328208660798149,0.016993924591185136,2.8394544334761293E-4,2.89710759297571E-4,0.04700681417767494,2.0740113658266216E-4,3.676099091900377E-4,7.699839517181753E-4,1.5105682617224048E-4,1.883076420907409E-4,3.506936983511615E-4,5.508799136196311E-5,0.017551973425667233,4.4119743161668385E-4,3.4257232582718736E-4,3.490181040527251E-4,8.82496717348004E-4,0.002585005675626295,0.028212560602847197,0.007555994309400958,2.8202031909153304E-5,2.511921292510898E-4,0.0012084209051672512,2.2348602233235014E-4,2.201609666648517E-4,3.573035017304678E-4,0.0012356976276386598,1.5909026149256363E-4,0.0042087593968734805,1.7078398956910757E-4,3.160153083963264E-4,0.0018041645618058608,4.986646722340179E-4,2.564070814618913E-4,2.2849237409768285E-4,3.183766223958266E-4,3.966951590869864E-5,8.777222337963773E-4],[1.6461790188080088E-4,1.0,1.152951972774146E-4,2.3280702011666254E-5,3.988467901463223E-5,0.00883204551382517,6.845547689534344E-5,4.0782640573448475E-5,2.4578586388595176E-5,8.515643181169388E-4,1.805100402998973E-5,1.700419309067486E-5,7.381098365211463E-4,8.529905150446901E-5,0.003890352425246792,4.7291140847794034E-4,2.7673073137781876E-5,9.19894160258729E-5,8.251599481679112E-4,0.008340266464455048,8.474163830521865E-5,2.294674653483655E-5,0.022805228133342504,3.345688889540703E-5,4.240247624325791E-4,0.0018669541529756054,4.0892417134919767E-5,2.4541019137469195E-5,4.2973741665499346E-4,1.904416972554017E-5,0.009946210865678776,7.702991683729166E-5,4.3640395226976914E-5,2.913320429278784E-4,6.774498482538802E-4,0.006775662402111535,0.02304179893085924,0.0018250114146246364,2.645070289604991E-5,1.9710499625607362E-4,3.670476264706239E-4,1.0016436507453641E-4,7.69951748697773E-5,3.277152713234051E-4,8.119516760287693E-4,2.9290996316591968E-5,0.0013441179345584403,2.203871589648381E-5,2.0076335947513113E-4,4.397439717402823E-4,1.2437791880005812E-4,6.124378079718141E-5,2.579830749162618E-5,8.712763586960761E-5,2.6593876711898694E-5,4.1823090723269247E-4],[2.4252987763151188E-4,1.152951972774146E-4,1.0,1.2159284327759475E-4,1.1168991961518998E-4,0.0021569609985829827,1.0996178033486979E-4,8.549514408695018E-5,3.411742577154118E-5,7.644850039629867E-4,1.5770747745931448E-4,7.249578485789928E-5,2.0514126750592883E-4,1.7181702533701693E-4,0.00402098898940796,2.7170958808173833E-4,1.2537273701597544E-4,2.2875274309803095E-4,0.0063291376575760104,0.002225114197928977,1.4108620874609857E-4,3.2898669276726625E-5,0.02371610226909467,1.4914113130702004E-4,4.499834009855291E-4,0.003041232203327406,1.5470384186908024E-4,4.72584330780617E-5,4.2962705053475186E-4,2.261951669131733E-5,0.013712905291737078,2.656020549875919E-4,1.4902488101933267E-4,2.2092351660517868E-4,0.0011357100959980668,0.007455222515036128,0.025658082455066192,0.00833415385202221,1.4343621037876306E-4,1.7191761650734306E-4,6.39385929753094E-4,1.5618862361549486E-4,1.4241606716397382E-4,3.5905929669380213E-4,6.097950110839766E-4,1.7068805000791133E-4,0.0028180109718921867,5.677431199179908E-5,2.2175786542340435E-4,0.0030972049265472258,2.094703466881612E-4,1.7373360400144635E-4,1.6037013026331423E-4,1.4618427873830224E-4,5.501610471035192E-5,7.308377621635995E-4],[2.2545527199203477E-4,2.3280702011666254E-5,1.2159284327759475E-4,1.0,3.718570246556086E-5,0.0013705219283638756,3.866283704732994E-5,3.392130892250465E-5,2.2275728668288278E-5,1.7297831940541348E-4,1.6154345457665324E-5,1.7521807666989194E-5,3.4161285488016284E-4,2.428759730548901E-5,0.008141251441431702,2.4311412679603467E-4,1.5889197596266318E-5,1.0778792959348353E-4,0.011989700063305877,0.0014333264979784768,9.525717673150672E-5,2.003890069771418E-5,0.00773719704793498,7.484214372768916E-5,2.4262819765827725E-4,1.0805987390231782E-4,4.980301106043707E-5,1.780972869256011E-5,5.845395911098731E-4,2.0675376315912443E-5,0.01238752347001689,2.472711447585598E-4,9.699386369330103E-5,3.3365026069254893E-4,4.6560827086694525E-4,0.005161476297982075,0.040004322294912596,0.009722965632394494,1.6886841949504125E-5,5.789908675037705E-5,0.0011990265329329779,8.897223694701629E-5,9.132268526370627E-5,2.5151437340319946E-4,7.977402538371209E-4,2.5097064396485232E-5,0.010398507923467318,2.049027491546038E-5,6.683173102732049E-5,2.910574947260854E-4,3.9695618364855054E-4,1.0482521931604007E-4,1.3499055034994292E-5,7.463427194920545E-5,2.2703641141766704E-5,7.161071265903048E-5],[1.8673613941822692E-4,3.988467901463223E-5,1.1168991961518998E-4,3.718570246556086E-5,1.0,3.870008993411973E-4,8.065148046624592E-5,4.3239766397812845E-5,4.031541475747311E-5,3.2923169802168297E-4,3.8602028900989966E-5,2.7016920020614136E-5,6.927581008368165E-4,1.3871815104450172E-4,0.0054318230928575555,3.435086507529343E-4,2.350862311343792E-5,1.3876403505865784E-4,0.006614169015908945,0.009075045241101799,7.880846771173095E-5,1.7103967509341854E-5,0.006306918638122465,6.43985961426726E-5,2.724506240243719E-4,5.547030870805196E-4,8.142184065367892E-5,3.4675488139699454E-5,5.331126945508325E-4,1.591669296976704E-5,0.00885696943617711,3.053694341820235E-4,8.79295773954635E-5,3.503438217726947E-4,4.420634021098531E-4,0.002932682198836884,0.04127414254723087,0.002713619679284174,2.0642725724071807E-5,2.166125120589564E-4,4.0844174056605726E-4,7.704499422308132E-5,1.0533979316746585E-4,2.6626550575163037E-4,5.995359345455854E-4,5.222651041874096E-5,0.01111215119818255,2.282293277293229E-5,5.7869153260375214E-5,0.004518507184019674,3.604381493902973E-4,1.5346361120328815E-4,3.239747956965291E-5,5.6152056829971976E-5,2.693229125107755E-5,7.501128613713105E-4],[0.0027421226073704287,0.00883204551382517,0.0021569609985829827,0.0013705219283638756,3.870008993411973E-4,1.0,0.005402309715971837,9.485005839177796E-4,0.002482031465377007,0.008389475678550357,9.837148860373567E-4,0.0022450488852937553,0.005734524070415496,0.006518790015632818,0.010479180789231383,0.0059501101293570995,0.002372131436625408,0.002064617368577155,0.012062475172960205,0.014933659513290596,0.005397277343807443,3.6126694229056226E-4,0.03361487017213495,0.003453081189787083,0.0020031157928109868,0.006323836862256358,0.007806832409199814,0.006180674960173041,0.004219765923228452,7.994283849546345E-4,0.0199120209552128,0.00343443366957022,0.007214772500565086,5.614444536673635E-4,0.006988636174238285,0.01027327910871003,0.020776119613726052,0.010240261103933947,0.0037609865167448926,6.53571393865239E-4,0.0021959447370597266,0.0024778540936824314,0.0021028490129854863,0.0010271748938804977,0.005350406740926543,0.002193419717236504,0.012246969701584507,0.009581533088119366,0.007594068290913518,0.009052218621418815,0.007561089170092645,0.009375571575093845,0.008060250584089462,0.0018498234593316437,0.007138369209048839,0.00550709160112391],[2.2282717708049975E-4,6.845547689534344E-5,1.0996178033486979E-4,3.866283704732994E-5,8.065148046624592E-5,0.005402309715971837,1.0,7.84080186080326E-5,1.0657893261890361E-4,1.4408022257859405E-4,1.0798984009522086E-4,2.1718607781262328E-5,3.037438423087788E-4,1.3476200368665097E-4,0.008883500032776107,2.444787603256641E-4,7.885241310953174E-5,1.3094384475795576E-4,0.013195890304185911,0.014287662681600328,1.1463910168440257E-4,7.990858497857755E-5,0.0024059256685195463,1.3577721954418894E-4,2.355845832452584E-4,1.4852684964964346E-4,1.1483228974421869E-4,9.700145224769547E-5,9.193124916349204E-4,2.9295065300421818E-5,0.0059943713820849905,4.92428317818984E-4,1.1119519899494394E-4,1.88318513295542E-4,0.0011570395801042675,0.005268216140541652,0.0032109132382730447,0.00400933999193327,1.0172554135696644E-4,2.0311386003629846E-4,0.0016902404369611044,1.1981283909890459E-4,1.1195026905157479E-4,3.145500868594077E-4,7.001671279934117E-4,1.0183835028371799E-4,0.0051960286104081885,4.7220184848999794E-5,2.13887702100284E-4,0.002416923489420624,3.2742311697289337E-4,1.4166191507067663E-4,4.5770428351045386E-5,1.3192283004855843E-4,6.06121065665803E-5,8.970949069173917E-4],[6.810374053213681E-5,4.0782640573448475E-5,8.549514408695018E-5,3.392130892250465E-5,4.3239766397812845E-5,9.485005839177796E-4,7.84080186080326E-5,1.0,3.2034295573327416E-5,4.55740006162596E-4,3.287464743284185E-5,4.0433731721852445E-5,6.060336757331544E-4,1.056734919556197E-4,0.007111472887397497,4.068397986101347E-4,2.6811159804819434E-5,2.815001330181664E-4,0.004910682746178408,0.007165134247231444,1.108088299330614E-4,3.541752268979275E-5,0.025309307683365645,1.0252418700691491E-4,3.582253113300815E-4,0.0013961639745958627,9.431424788369104E-5,2.5043519936982897E-5,5.048254829876977E-4,1.824834132475637E-5,0.002616987483890881,8.677629365725422E-5,4.401849261592573E-5,3.052234035029306E-4,5.912373381459945E-4,0.001749717438645119,0.010377668128204764,0.009345531455365262,2.0256530981783848E-5,1.923419450530188E-4,6.890900280301815E-4,1.0550687606919702E-4,4.6748203377909044E-5,2.425293144227602E-4,5.625804734404014E-4,4.570243057358423E-5,0.010549119126075469,3.401439963372151E-5,1.201638309969843E-4,0.004871426187667724,1.0667955311944468E-4,8.265104776851689E-5,1.8875938424326685E-5,1.3212708820710813E-4,3.6384023514530474E-5,2.5607090695380135E-4],[3.3263186969146506E-4,2.4578586388595176E-5,3.411742577154118E-5,2.2275728668288278E-5,4.031541475747311E-5,0.002482031465377007,1.0657893261890361E-4,3.2034295573327416E-5,1.0,6.514582767961364E-4,2.0357213478882915E-5,1.7693698141753208E-5,2.273465169052532E-4,7.729295626184283E-5,0.0054267455669614805,2.0614398799277084E-4,1.783603623215139E-5,2.0186859465124688E-4,0.01180549344980389,0.021176408378061656,1.0689963126797303E-4,1.6847149459998122E-5,0.038697894642007416,7.470276499471305E-5,2.033138277103527E-4,0.0020183607121936177,4.4624385169792875E-5,1.729087588944814E-5,8.252226210354711E-4,1.634419712513858E-5,0.008750059217833403,2.892650368618423E-4,8.028569181207232E-5,9.729792500480084E-5,7.524301816938891E-4,0.006378565583875906,0.02903248075214713,0.0104311322905051,2.1051676020281833E-5,2.0600189287561072E-4,0.0018110050735744708,1.0456010987885256E-4,3.339256437702257E-5,6.75387970751121E-5,0.0012999568446245438,2.4071609692399368E-5,0.0014478820894923445,1.9756316264616504E-5,4.1267682835694654E-5,8.469695197995514E-4,4.5461526104439737E-4,4.851118764015013E-5,2.0188477238546764E-5,9.549645556762809E-5,2.2592436291677502E-5,5.443267194544024E-4],[7.059406300270795E-4,8.515643181169388E-4,7.644850039629867E-4,1.7297831940541348E-4,3.2923169802168297E-4,0.008389475678550357,1.4408022257859405E-4,4.55740006162596E-4,6.514582767961364E-4,1.0,5.633666314741135E-4,8.635989502987607E-4,0.0010256090891456867,3.5823679204180096E-4,0.0051169196132885095,6.7273535905839E-4,9.535887185508573E-4,9.830929264051575E-4,0.01281182607996617,0.007523085333105436,6.607662770503227E-4,4.540215218243704E-4,0.004578205646118638,5.468338398034753E-4,6.480393371197183E-4,0.0023326699385964834,6.694685892899189E-4,1.8750691888681263E-4,0.0010302502647708096,8.312139235363074E-4,0.01057959776687849,5.03525963328129E-4,4.5103072734644403E-4,8.784358047323357E-4,0.0011948536601584794,0.006551247171081602,0.013407759121368639,0.008186636210850265,2.1223542856373817E-4,8.108984034434542E-4,0.001268699084468559,8.164615453562725E-4,4.934408242084238E-4,4.015103459725102E-4,0.0014657892234246203,5.672149904281227E-4,0.009901711950674122,5.97477802030603E-4,4.043172449618018E-4,0.0011086935699770755,6.354643410563998E-4,9.300479992627077E-4,7.896779869533383E-5,9.987554071646534E-4,9.609857273225903E-4,0.001028097707460118],[2.0104909853603395E-4,1.805100402998973E-5,1.5770747745931448E-4,1.6154345457665324E-5,3.8602028900989966E-5,9.837148860373567E-4,1.0798984009522086E-4,3.287464743284185E-5,2.0357213478882915E-5,5.633666314741135E-4,1.0,1.4758236056992631E-5,5.731381462921955E-4,5.9229762826002545E-5,0.002447995326353931,7.11170042392677E-5,1.4493352480707523E-5,8.926507187033947E-5,0.00660641700585541,0.006171026122575988,6.079198868686386E-5,1.523471461511499E-5,0.046897651201258286,1.2549590703317705E-4,5.152223744997476E-4,8.600063729295019E-4,5.592955653104506E-5,1.4656512356335086E-5,8.868032149336243E-5,1.3979981247681271E-5,0.010926908544425984,4.5739186362372703E-4,3.1032156744960114E-5,3.927058444591543E-5,3.892179538502747E-4,3.480513001182838E-4,0.02431496521420841,0.008463555833377281,1.5030971929954511E-5,7.926160216762417E-5,7.539512577590493E-4,6.489313497215676E-5,2.9971390828783516E-5,1.3109124635002763E-4,0.001669861399490705,2.1589338944556225E-5,0.008455832786740775,1.778736323973425E-5,3.1547306945767924E-5,0.0035116312300689637,1.5299002078915296E-4,8.308953099444873E-5,1.481223418291828E-5,1.3450304874149745E-4,2.089099835245766E-5,5.934209513101896E-5],[1.2946999233211725E-4,1.700419309067486E-5,7.249578485789928E-5,1.7521807666989194E-5,2.7016920020614136E-5,0.0022450488852937553,2.1718607781262328E-5,4.0433731721852445E-5,1.7693698141753208E-5,8.635989502987607E-4,1.4758236056992631E-5,1.0,1.4361448154280446E-4,3.9507932467250624E-5,0.009012191062996824,5.11957347497013E-4,1.2581779353772663E-5,1.5344003291718576E-5,0.005768012540923655,0.012507395782601495,2.64891243711823E-5,1.5991839965811342E-5,0.01921503457794634,1.1950022326457403E-4,3.0147779470271024E-4,0.002419675946537388,2.7146870328779715E-5,1.2036953801046302E-5,6.203672481198204E-4,1.2252393937896496E-5,5.677765553733864E-4,3.9687890756564674E-5,1.901032458128602E-5,1.5797095891123536E-4,6.720716912252188E-4,0.0031170778172073164,0.025424767572527394,0.007743293082750145,1.3384067788908746E-5,1.5716747161992616E-4,0.0021768921864463026,6.840042866542704E-5,1.8596312423781686E-5,3.002688769695901E-4,2.8958050010209735E-5,3.077383753443565E-5,0.01319673472869743,1.4126004213974076E-5,1.4397474815150147E-4,0.002541915553187626,5.624987435794082E-4,1.7222805271170714E-4,1.2441645190796232E-5,7.9166908768047E-5,1.494612875676444E-5,8.736819438041969E-5],[7.350565953804346E-4,7.381098365211463E-4,2.0514126750592883E-4,3.4161285488016284E-4,6.927581008368165E-4,0.005734524070415496,3.037438423087788E-4,6.060336757331544E-4,2.273465169052532E-4,0.0010256090891456867,5.731381462921955E-4,1.4361448154280446E-4,1.0,1.7971168106841067E-4,0.009700654843318364,6.952826932709515E-4,2.1916774436353358E-4,3.5682404874897E-4,0.0035875585182763114,0.025581058369783742,2.6757399085860714E-4,5.00685155339958E-4,0.02686267268636636,4.7872436096938874E-4,6.555670557250306E-4,0.0024928133026712804,6.991592326024616E-4,2.81845338733293E-4,8.113826980123486E-4,4.291493899222708E-4,0.012527244053819926,6.45102515795107E-4,4.431718466358625E-4,6.481636034792559E-4,0.0011740560359827365,0.002559559613863456,0.00299835564570636,0.005191505219925284,6.253902342298687E-4,3.911576664244698E-4,0.002105071799666867,3.8536432019389095E-4,1.9561255207699432E-4,7.247954256019329E-4,0.0016911294008482422,4.4712196885866764E-4,0.001084326260501916,7.127624213079189E-4,3.381931386162015E-4,0.0023475148370745305,6.794172251973825E-4,6.883080855084249E-4,1.4888347927696316E-4,6.266828207534176E-4,7.419993489695312E-5,7.969045082560326E-4],[3.072454483042131E-4,8.529905150446901E-5,1.7181702533701693E-4,2.428759730548901E-5,1.3871815104450172E-4,0.006518790015632818,1.3476200368665097E-4,1.056734919556197E-4,7.729295626184283E-5,3.5823679204180096E-4,5.9229762826002545E-5,3.9507932467250624E-5,1.7971168106841067E-4,1.0,0.001099246023908957,2.6550331946602833E-4,3.664521669677534E-5,2.7425560087103706E-4,0.01204626965357707,0.0220526067272884,1.6110877361931857E-4,4.9722130584114305E-5,0.008505401248481634,1.658964571186374E-4,3.4800909874983224E-4,0.0012456060427073223,1.5491640195262928E-4,4.445847590202044E-5,0.001023562679000312,5.86876751244509E-5,0.013114491586200752,2.0478788704418962E-4,1.640650359210487E-4,3.015900862760768E-4,0.0012658371203983407,0.003371360215619027,0.04183177884875142,0.005095402392099946,5.2329873931448144E-5,2.1074444676033607E-4,0.0018818113365853188,1.4853136398499376E-4,1.314336427065025E-4,3.102427573556724E-4,0.0013521395161417637,8.847562557262617E-5,0.010378615794958081,1.7044828619457346E-4,2.1984361376008193E-4,0.0024284993288589806,4.866979312726264E-4,1.7586191448255782E-4,1.1854302745187608E-4,1.531335422043169E-4,8.868974056416956E-5,6.701832201713139E-4],[0.002894169413023052,0.003890352425246792,0.00402098898940796,0.008141251441431702,0.0054318230928575555,0.010479180789231383,0.008883500032776107,0.007111472887397497,0.0054267455669614805,0.0051169196132885095,0.002447995326353931,0.009012191062996824,0.009700654843318364,0.001099246023908957,1.0,0.01068030516565668,0.0076465471251744325,0.003006597054357095,0.013224107692413483,0.019499004312528913,0.0011612641112269853,0.003415863457644837,0.04437336833194863,4.8134915584436357E-4,0.007074798075544256,0.0032485038844204733,0.00849300845062296,0.005173890133003188,0.009444644929674284,0.008621633368754702,0.015596778565519427,0.004901632122017382,0.011161713775124272,0.009957440457906164,0.0031982345740945994,0.010848366694992537,0.012845115841971592,0.011259159069232754,0.00470467390332292,9.276600742272712E-4,0.00781566730730388,0.0074380912573588295,3.9172746853570364E-4,6.947074922316608E-4,0.00634267190780214,0.0050317100513890016,0.013197927215949956,0.004951698912148535,0.00705476078316552,0.011126637437813938,0.006127635221615077,0.0049039374345628125,0.0019715392916969483,6.491543900972083E-4,0.01094851972483725,0.003929554062233892],[4.173171121638727E-4,4.7291140847794034E-4,2.7170958808173833E-4,2.4311412679603467E-4,3.435086507529343E-4,0.0059501101293570995,2.444787603256641E-4,4.068397986101347E-4,2.0614398799277084E-4,6.7273535905839E-4,7.11170042392677E-5,5.11957347497013E-4,6.952826932709515E-4,2.6550331946602833E-4,0.01068030516565668,1.0,4.156835752151934E-4,5.033740336173867E-4,0.008608369265923739,0.022156427416065678,5.39945980601348E-4,3.618862205562795E-4,0.043653435093995795,1.7697228133729158E-4,6.070581216869688E-4,0.0023358387101072003,1.8846876539915092E-4,1.0114054599230414E-4,6.078111841969247E-4,2.9350916963969472E-5,0.018860039345778335,5.772670944116385E-4,2.3236711233292124E-4,5.241360561868813E-4,6.303083868957845E-4,0.006160692908101521,0.01895694801533303,0.0055616709140068245,4.2641589557541885E-5,2.4830546008177713E-4,7.697662162438088E-4,3.6469865042912847E-4,4.097426746462055E-4,5.117414344664491E-4,0.0012608571105238533,4.264366816100873E-4,9.935939420043882E-4,5.137311357439228E-4,3.0419885607394686E-4,0.004080507053495722,5.880283324126647E-4,4.4527363673361325E-4,1.3477490614205012E-5,1.6458987351625142E-4,2.2084401409515903E-4,6.318608118203888E-4],[2.1709926723112628E-4,2.7673073137781876E-5,1.2537273701597544E-4,1.5889197596266318E-5,2.350862311343792E-5,0.002372131436625408,7.885241310953174E-5,2.6811159804819434E-5,1.783603623215139E-5,9.535887185508573E-4,1.4493352480707523E-5,1.2581779353772663E-5,2.1916774436353358E-4,3.664521669677534E-5,0.0076465471251744325,4.156835752151934E-4,1.0,1.988476388783496E-4,0.008456297549176804,0.007096488330644266,4.129863173928507E-5,1.4967675324954921E-5,0.013043612239678929,5.7223076913580476E-5,2.641536772631255E-4,0.0030612750504455354,2.002742920042122E-5,1.219558690540431E-5,4.238970570787364E-4,1.2694863531232034E-5,0.004093720042421453,3.2717249341923947E-4,1.5497248225976267E-5,1.3754967978314803E-5,3.4205899366219616E-4,8.099182484429064E-4,0.03496055125904054,0.002204474954599654,1.4575216318818896E-5,2.023310394835427E-4,7.603664657272398E-4,1.24681183848742E-4,5.9419172406387006E-5,8.812748174863035E-5,7.588017130032823E-4,3.7878225702334066E-5,0.0019113750754267145,1.4848150513752997E-5,5.5992264774436014E-5,0.0014612355106573402,8.764170934430043E-5,1.295570320385056E-4,1.3206904247262751E-5,4.17440359334108E-5,2.2742943773405245E-5,7.221317858759225E-4],[3.3104240584353985E-4,9.19894160258729E-5,2.2875274309803095E-4,1.0778792959348353E-4,1.3876403505865784E-4,0.002064617368577155,1.3094384475795576E-4,2.815001330181664E-4,2.0186859465124688E-4,9.830929264051575E-4,8.926507187033947E-5,1.5344003291718576E-5,3.5682404874897E-4,2.7425560087103706E-4,0.003006597054357095,5.033740336173867E-4,1.988476388783496E-4,1.0,0.007029459422379406,0.0013940267932641478,1.4627410923904E-4,7.394090269660152E-5,0.030056873804405027,1.4827145597655619E-4,5.427996869859313E-4,0.0021575296802994596,1.7573795598597504E-4,2.3160954296480368E-4,3.215612132319482E-4,1.822019769339841E-4,0.013181004641342553,4.795151961072083E-4,2.485940076667143E-4,3.3043309201626064E-4,8.687123068342091E-4,0.0028916778670734365,0.019498439484803294,0.0031832290342644004,8.383460809701484E-5,3.026901539513756E-4,0.002123158316456903,2.555358644309484E-4,1.719673868602274E-4,3.57237141363925E-4,0.001109211002792902,2.4120189890665261E-4,0.0075938257563969574,2.9840636778434066E-4,2.712458855091951E-4,0.0036529687043353482,5.02354317326719E-4,2.0109527160220753E-4,1.4567610417228177E-4,2.8810536996466576E-4,3.0554188492829866E-4,0.001032719747407798],[0.004328208660798149,8.251599481679112E-4,0.0063291376575760104,0.011989700063305877,0.006614169015908945,0.012062475172960205,0.013195890304185911,0.004910682746178408,0.01180549344980389,0.01281182607996617,0.00660641700585541,0.005768012540923655,0.0035875585182763114,0.01204626965357707,0.013224107692413483,0.008608369265923739,0.008456297549176804,0.007029459422379406,1.0,0.023106678325597586,0.0013028721601739447,0.012121490368361961,0.0247874857946001,0.009799638002121028,0.0047200430221053845,0.003424423666872372,0.0023874905532760998,0.0036308286600506973,0.008158502720992925,0.010526369681050071,0.022069633872267458,0.007422629077999582,0.0014242486272123725,0.009255783735035897,0.001650548216028146,0.01191716554540243,0.01693859177117828,0.013182399631274851,0.012611159094747712,0.0025639566827512505,0.011487752372088742,0.011463413907020195,0.0118284183172918,0.009308261370103214,0.004142271707893198,0.0119132295752425,0.013504594262563173,0.011259997179579697,0.010704222867248456,0.007504615109677523,0.0055457320257479865,0.006233456635555087,0.00907925154515858,0.010922776854262501,0.00623188556198931,0.009749292166022026],[0.016993924591185136,0.008340266464455048,0.002225114197928977,0.0014333264979784768,0.009075045241101799,0.014933659513290596,0.014287662681600328,0.007165134247231444,0.021176408378061656,0.007523085333105436,0.006171026122575988,0.012507395782601495,0.025581058369783742,0.0220526067272884,0.019499004312528913,0.022156427416065678,0.007096488330644266,0.0013940267932641478,0.023106678325597586,1.0,0.006997753240052716,0.026541949650864042,0.035494102889239126,0.02117717072293192,0.007723058397837118,0.02671767974685789,0.01568064285781935,0.019019317416443606,0.02565797065979159,0.0014935782453103473,0.023516656838358897,0.014463766105616704,0.019984061694164355,0.01692980677669698,0.017388625019763133,0.02151730754085291,0.040785379465049114,0.010881960803224964,0.021729852483416072,0.016437318296449756,0.023417123201404943,0.023934156746716707,0.004657021728265126,0.01935047091620368,0.020561600481100346,0.0014829220998966981,0.022472806490472886,0.016382395471019433,0.013808572948541813,0.008572751500881961,0.004155525404526442,0.025194830417683577,0.00862261492675704,0.005184512110164066,0.009547020574918626,0.006017894994940145],[2.8394544334761293E-4,8.474163830521865E-5,1.4108620874609857E-4,9.525717673150672E-5,7.880846771173095E-5,0.005397277343807443,1.1463910168440257E-4,1.108088299330614E-4,1.0689963126797303E-4,6.607662770503227E-4,6.079198868686386E-5,2.64891243711823E-5,2.6757399085860714E-4,1.6110877361931857E-4,0.0011612641112269853,5.39945980601348E-4,4.129863173928507E-5,1.4627410923904E-4,0.0013028721601739447,0.006997753240052716,1.0,9.352059795484318E-5,0.03284378316216324,1.3777755918202117E-4,5.434306823049508E-4,0.0031405353443261104,1.2780737009894508E-4,8.412823162038459E-5,8.182219138903012E-4,2.6136943205834158E-5,0.01497783414861391,2.129075654419346E-4,1.2505049722725338E-4,1.3433136076256306E-4,5.66796839908264E-4,0.008093459961455707,0.0051622751918606324,8.445453277798667E-4,2.4849684888543498E-5,2.3523719048796574E-4,7.395145704459761E-4,1.325757078808269E-4,1.318144863512426E-4,2.0663725152846393E-4,4.361474643884032E-4,6.390798537880223E-5,0.004802389703691822,3.457906617722342E-5,2.11072835511418E-4,5.772468703864318E-4,2.692828804221652E-4,1.377569437485791E-4,1.2994982042020622E-4,1.333020903012673E-4,9.275829147544688E-5,2.932532023217754E-4],[2.89710759297571E-4,2.294674653483655E-5,3.2898669276726625E-5,2.003890069771418E-5,1.7103967509341854E-5,3.6126694229056226E-4,7.990858497857755E-5,3.541752268979275E-5,1.6847149459998122E-5,4.540215218243704E-4,1.523471461511499E-5,1.5991839965811342E-5,5.00685155339958E-4,4.9722130584114305E-5,0.003415863457644837,3.618862205562795E-4,1.4967675324954921E-5,7.394090269660152E-5,0.012121490368361961,0.026541949650864042,9.352059795484318E-5,1.0,0.007052260023390631,1.2938251210190194E-4,4.2744661706877276E-5,0.001643027617263842,5.659829392260486E-5,1.3777157524248591E-5,9.370215309267042E-4,1.2679107661374509E-5,0.017381565132413672,3.3651936743042454E-4,9.712274913918596E-5,3.4476696122920993E-4,6.18025770022515E-4,0.007996275852773165,0.02497804657263939,0.010567883674712654,1.657732945781087E-5,2.178923663061222E-5,7.433699441087168E-5,1.1106699839047149E-4,4.115729388829168E-5,3.242690756785681E-4,4.010899045037077E-5,2.2153985504831505E-5,0.005578887044580437,1.7665037293643205E-5,8.717881775471289E-5,0.0045989566785639095,1.7919545111104288E-4,1.7078582854199693E-4,1.4291587725608384E-5,8.23918129467865E-5,1.826883465371983E-5,9.424051619762501E-4],[0.04700681417767494,0.022805228133342504,0.02371610226909467,0.00773719704793498,0.006306918638122465,0.03361487017213495,0.0024059256685195463,0.025309307683365645,0.038697894642007416,0.004578205646118638,0.046897651201258286,0.01921503457794634,0.02686267268636636,0.008505401248481634,0.04437336833194863,0.043653435093995795,0.013043612239678929,0.030056873804405027,0.0247874857946001,0.035494102889239126,0.03284378316216324,0.007052260023390631,1.0,0.04572884964227613,0.001530062882543295,0.041925045261645574,0.03397025993995011,0.014027217776250205,0.025815630675629087,0.015605663489225723,0.028593135901048373,0.03744386304886731,0.03735697091877441,0.027179844746778318,0.04030299006522058,0.02256319799693301,0.049912875193958005,0.03767313422840319,0.03581778025245849,0.03592944165004065,0.03878592474756332,0.03250573323988821,0.016096146723386003,0.026810927715024684,0.042109627963899755,0.0402600359297773,0.023251420563970795,0.0059919819021386255,0.03993173713275096,0.017178466596907048,0.008341313617226134,0.04770426465921381,0.03694699788905604,0.010331630636880976,0.03583775218213054,0.017061503313149488],[2.0740113658266216E-4,3.345688889540703E-5,1.4914113130702004E-4,7.484214372768916E-5,6.43985961426726E-5,0.003453081189787083,1.3577721954418894E-4,1.0252418700691491E-4,7.470276499471305E-5,5.468338398034753E-4,1.2549590703317705E-4,1.1950022326457403E-4,4.7872436096938874E-4,1.658964571186374E-4,4.8134915584436357E-4,1.7697228133729158E-4,5.7223076913580476E-5,1.4827145597655619E-4,0.009799638002121028,0.02117717072293192,1.3777755918202117E-4,1.2938251210190194E-4,0.04572884964227613,1.0,5.934275056050291E-4,0.0016117615794429623,1.3625419548369524E-4,1.2906894991488894E-4,9.78025828717571E-4,1.0349560799295096E-4,0.0192709957390988,3.3170868051019757E-4,1.233762109699123E-4,1.8156213732963003E-4,8.924424458865285E-4,0.008813880659812883,0.03130093920329453,0.010371052798727392,7.065648753185145E-5,1.9248191711408806E-4,9.896502045294725E-4,1.370124224970159E-4,1.2947249828802152E-4,2.044314368309882E-4,7.882659148741618E-4,7.295971131378877E-5,0.009145422516527635,7.738169557416701E-5,1.933255651124855E-4,0.004363362684636549,2.8688941239733554E-4,1.5982117686516342E-4,7.052135725320246E-5,1.392296145687129E-4,3.423016064326412E-5,7.038078082714963E-4],[3.676099091900377E-4,4.240247624325791E-4,4.499834009855291E-4,2.4262819765827725E-4,2.724506240243719E-4,0.0020031157928109868,2.355845832452584E-4,3.582253113300815E-4,2.033138277103527E-4,6.480393371197183E-4,5.152223744997476E-4,3.0147779470271024E-4,6.555670557250306E-4,3.4800909874983224E-4,0.007074798075544256,6.070581216869688E-4,2.641536772631255E-4,5.427996869859313E-4,0.0047200430221053845,0.007723058397837118,5.434306823049508E-4,4.2744661706877276E-5,0.001530062882543295,5.934275056050291E-4,1.0,0.0020813850522035447,1.8511561721305176E-4,2.4523104538554504E-4,7.230343448000572E-4,4.0324485926213446E-4,0.021786787387298178,5.966343388881457E-4,5.873328641196863E-4,3.6184920701557246E-4,7.244954592392723E-4,0.005622767993861382,0.04145795781349623,0.004780863093581801,4.4024146650583897E-4,4.932736201825459E-4,0.0011578127466443844,2.1626193943090197E-4,2.073368045345614E-4,5.722299000654107E-4,0.0016906645485463688,1.2626261970628583E-4,0.0033379875526777297,3.890662859992291E-4,2.796405200856348E-4,0.0045346922864138665,5.887405355858316E-4,2.3185613540735805E-4,1.3400082109770622E-4,5.423983195283425E-4,4.3687425078317826E-4,7.998450452147323E-4],[7.699839517181753E-4,0.0018669541529756054,0.003041232203327406,1.0805987390231782E-4,5.547030870805196E-4,0.006323836862256358,1.4852684964964346E-4,0.0013961639745958627,0.0020183607121936177,0.0023326699385964834,8.600063729295019E-4,0.002419675946537388,0.0024928133026712804,0.0012456060427073223,0.0032485038844204733,0.0023358387101072003,0.0030612750504455354,0.0021575296802994596,0.003424423666872372,0.02671767974685789,0.0031405353443261104,0.001643027617263842,0.041925045261645574,0.0016117615794429623,0.0020813850522035447,1.0,8.66132086550934E-4,6.212731891265815E-4,0.001785930656849307,0.0017823635175246288,0.014795430255426581,0.002029316071764866,0.0031295070675679934,0.0017142322592109305,0.002514919176001617,0.008469204642293232,0.006840401392034653,0.006067032005873915,0.0017589616550981026,0.0030090525825167804,0.0029185993808371123,0.0031623544123861942,0.0012736352925544518,0.0020525701927936305,0.002206568092874572,9.869024648058548E-4,0.0132423282858581,0.0017239799230712542,0.0015968826028614344,0.00411819373626576,0.0030278404963745586,0.0029369490976555975,0.0015577093613326064,0.002554226337632257,6.843291194628016E-4,0.0024592393494577754],[1.5105682617224048E-4,4.0892417134919767E-5,1.5470384186908024E-4,4.980301106043707E-5,8.142184065367892E-5,0.007806832409199814,1.1483228974421869E-4,9.431424788369104E-5,4.4624385169792875E-5,6.694685892899189E-4,5.592955653104506E-5,2.7146870328779715E-5,6.991592326024616E-4,1.5491640195262928E-4,0.00849300845062296,1.8846876539915092E-4,2.002742920042122E-5,1.7573795598597504E-4,0.0023874905532760998,0.01568064285781935,1.2780737009894508E-4,5.659829392260486E-5,0.03397025993995011,1.3625419548369524E-4,1.8511561721305176E-4,8.66132086550934E-4,1.0,2.8464242392691894E-5,7.75919222164881E-4,7.509726337853334E-5,0.00888134178187405,1.5443183526650528E-4,1.2133559275728088E-4,3.012141372089331E-4,4.0676570461689734E-4,0.0048380682244498685,0.026676392356201336,0.006837561161661923,5.956839355708915E-5,1.9583473198293375E-4,0.0015172006305130036,1.2278922510451957E-4,1.215356110191571E-4,1.391647535799994E-4,0.0018092880494922638,6.066571406543729E-5,0.007834551997670164,3.4564937921554126E-5,1.423361771134069E-4,0.00476908302633758,2.9722479211847234E-4,1.7259995346191246E-4,4.884082365900321E-5,1.3863536887152742E-4,4.175092028432322E-5,1.963231195299589E-4],[1.883076420907409E-4,2.4541019137469195E-5,4.72584330780617E-5,1.780972869256011E-5,3.4675488139699454E-5,0.006180674960173041,9.700145224769547E-5,2.5043519936982897E-5,1.729087588944814E-5,1.8750691888681263E-4,1.4656512356335086E-5,1.2036953801046302E-5,2.81845338733293E-4,4.445847590202044E-5,0.005173890133003188,1.0114054599230414E-4,1.219558690540431E-5,2.3160954296480368E-4,0.0036308286600506973,0.019019317416443606,8.412823162038459E-5,1.3777157524248591E-5,0.014027217776250205,1.2906894991488894E-4,2.4523104538554504E-4,6.212731891265815E-4,2.8464242392691894E-5,1.0,8.974103814052693E-4,1.2154866040939786E-5,0.0074563244124235765,1.7357033030472596E-4,7.190475935503796E-5,1.4227381847256018E-4,3.0618265012422464E-4,0.008821837579867086,0.035226276018754124,8.218461485825908E-4,1.3068645756708696E-5,7.449112487581561E-5,4.6910645282313327E-4,1.2623873299329366E-5,1.096733542801804E-4,8.70462334569853E-5,0.0017930484242024986,1.618817627242265E-5,0.001522742757274168,1.233499313974013E-5,1.715876723963262E-4,0.0039903093332075215,4.125508680103018E-4,4.195560817617754E-5,1.315353573429836E-5,8.349951597394243E-5,1.4452921202242355E-5,8.440735680663027E-4],[3.506936983511615E-4,4.2973741665499346E-4,4.2962705053475186E-4,5.845395911098731E-4,5.331126945508325E-4,0.004219765923228452,9.193124916349204E-4,5.048254829876977E-4,8.252226210354711E-4,0.0010302502647708096,8.868032149336243E-5,6.203672481198204E-4,8.113826980123486E-4,0.001023562679000312,0.009444644929674284,6.078111841969247E-4,4.238970570787364E-4,3.215612132319482E-4,0.008158502720992925,0.02565797065979159,8.182219138903012E-4,9.370215309267042E-4,0.025815630675629087,9.78025828717571E-4,7.230343448000572E-4,0.001785930656849307,7.75919222164881E-4,8.974103814052693E-4,1.0,9.959194075126816E-4,0.022138707057638176,5.012800973425638E-4,9.08379564869445E-4,9.897937432585624E-4,0.001053038112939826,0.0072010833507915924,0.019983031196927438,0.007576646113522828,8.629298493706711E-4,8.62252103384485E-4,0.0017625489103209613,6.331882221408252E-4,6.662327638966488E-4,9.570954823137654E-4,0.0017281468058515422,8.707067989546784E-4,0.0010953407391677927,8.332897409953562E-4,6.657514059216473E-4,0.005684524117037716,7.383570231872729E-4,3.8299370835609355E-4,4.6332865943305786E-5,9.898878593171286E-4,4.6847124910415075E-4,0.0010383668736323938],[5.508799136196311E-5,1.904416972554017E-5,2.261951669131733E-5,2.0675376315912443E-5,1.591669296976704E-5,7.994283849546345E-4,2.9295065300421818E-5,1.824834132475637E-5,1.634419712513858E-5,8.312139235363074E-4,1.3979981247681271E-5,1.2252393937896496E-5,4.291493899222708E-4,5.86876751244509E-5,0.008621633368754702,2.9350916963969472E-5,1.2694863531232034E-5,1.822019769339841E-4,0.010526369681050071,0.0014935782453103473,2.6136943205834158E-5,1.2679107661374509E-5,0.015605663489225723,1.0349560799295096E-4,4.0324485926213446E-4,0.0017823635175246288,7.509726337853334E-5,1.2154866040939786E-5,9.959194075126816E-4,1.0,0.015669930320732592,3.5199589569653714E-4,7.736393304463523E-5,2.6868716349796682E-5,0.0012634180096898168,0.007870171442711925,0.032214667987154375,0.007884434529557656,1.347748253887583E-5,1.9446704847751652E-4,3.052430282735861E-4,6.705205033052674E-5,3.2955698626999505E-5,2.1969794868078042E-4,0.00107684988213368,5.144883222955066E-5,0.008385591336181912,1.5498268631953416E-5,1.5058393076858848E-4,0.003316755888092212,2.582030618594828E-5,3.152962772733736E-5,1.244974920147661E-5,1.3261583273044077E-4,2.0922224360787558E-5,6.438196017812865E-4],[0.017551973425667233,0.009946210865678776,0.013712905291737078,0.01238752347001689,0.00885696943617711,0.0199120209552128,0.0059943713820849905,0.002616987483890881,0.008750059217833403,0.01057959776687849,0.010926908544425984,5.677765553733864E-4,0.012527244053819926,0.013114491586200752,0.015596778565519427,0.018860039345778335,0.004093720042421453,0.013181004641342553,0.022069633872267458,0.023516656838358897,0.01497783414861391,0.017381565132413672,0.028593135901048373,0.0192709957390988,0.021786787387298178,0.014795430255426581,0.00888134178187405,0.0074563244124235765,0.022138707057638176,0.015669930320732592,1.0,0.01382492377629368,0.014405075431105162,0.021571488832778606,0.008416064477534475,0.019597676713535284,0.03847098052922655,0.020113073178591706,8.029068353728084E-4,3.6038720598693843E-4,0.007371073087269113,0.0014776872681904348,0.010702062142455067,0.004014351275677024,0.015423851090233351,0.022197132551114915,0.021013873383939397,0.02177685477861212,0.012693735196253206,0.011525827726585862,0.008231035909782504,0.01202025587011111,0.00922019833299984,0.015726838428973548,0.009957690378642256,0.006228926799119492],[4.4119743161668385E-4,7.702991683729166E-5,2.656020549875919E-4,2.472711447585598E-4,3.053694341820235E-4,0.00343443366957022,4.92428317818984E-4,8.677629365725422E-5,2.892650368618423E-4,5.03525963328129E-4,4.5739186362372703E-4,3.9687890756564674E-5,6.45102515795107E-4,2.0478788704418962E-4,0.004901632122017382,5.772670944116385E-4,3.2717249341923947E-4,4.795151961072083E-4,0.007422629077999582,0.014463766105616704,2.129075654419346E-4,3.3651936743042454E-4,0.03744386304886731,3.3170868051019757E-4,5.966343388881457E-4,0.002029316071764866,1.5443183526650528E-4,1.7357033030472596E-4,5.012800973425638E-4,3.5199589569653714E-4,0.01382492377629368,1.0,2.646237759809985E-4,4.6983780978023567E-4,0.0011828299035963126,6.458450796262424E-4,0.0034659826149271745,0.009934841461414561,4.400396632371447E-4,4.076097736635464E-4,0.0014750875415324135,4.2979648828729756E-4,1.6031428150851422E-4,3.9792387025730074E-4,0.001350755802645006,7.29834734851478E-5,0.0025824184605981863,2.785105996972727E-4,4.644939359169517E-4,0.005006526868261761,5.030632118764402E-4,2.976910451666567E-4,1.777523530008604E-4,2.2690369511155225E-4,3.5138701405594645E-4,0.001029118846295288],[3.4257232582718736E-4,4.3640395226976914E-5,1.4902488101933267E-4,9.699386369330103E-5,8.79295773954635E-5,0.007214772500565086,1.1119519899494394E-4,4.401849261592573E-5,8.028569181207232E-5,4.5103072734644403E-4,3.1032156744960114E-5,1.901032458128602E-5,4.431718466358625E-4,1.640650359210487E-4,0.011161713775124272,2.3236711233292124E-4,1.5497248225976267E-5,2.485940076667143E-4,0.0014242486272123725,0.019984061694164355,1.2505049722725338E-4,9.712274913918596E-5,0.03735697091877441,1.233762109699123E-4,5.873328641196863E-4,0.0031295070675679934,1.2133559275728088E-4,7.190475935503796E-5,9.08379564869445E-4,7.736393304463523E-5,0.014405075431105162,2.646237759809985E-4,1.0,1.732658464993496E-4,4.518250471217342E-4,0.009982434343490226,0.001595154985800636,0.001696178218022206,7.813351322674994E-5,1.534470594621601E-4,0.001439527896830866,1.2493192775718973E-4,1.2417295079900404E-4,2.146016682865681E-4,9.66398992675701E-4,7.36920124954839E-5,0.0125978427006217,4.4825755268856156E-5,2.397062369401863E-4,0.0019512199697827109,2.98452021450372E-4,1.4734337430695365E-4,5.484682827528958E-5,1.2988575005152032E-4,7.141450305903973E-5,9.412034959718281E-4],[3.490181040527251E-4,2.913320429278784E-4,2.2092351660517868E-4,3.3365026069254893E-4,3.503438217726947E-4,5.614444536673635E-4,1.88318513295542E-4,3.052234035029306E-4,9.729792500480084E-5,8.784358047323357E-4,3.927058444591543E-5,1.5797095891123536E-4,6.481636034792559E-4,3.015900862760768E-4,0.009957440457906164,5.241360561868813E-4,1.3754967978314803E-5,3.3043309201626064E-4,0.009255783735035897,0.01692980677669698,1.3433136076256306E-4,3.4476696122920993E-4,0.027179844746778318,1.8156213732963003E-4,3.6184920701557246E-4,0.0017142322592109305,3.012141372089331E-4,1.4227381847256018E-4,9.897937432585624E-4,2.6868716349796682E-5,0.021571488832778606,4.6983780978023567E-4,1.732658464993496E-4,1.0,9.766671923701095E-4,0.010074268826345737,0.028439266219702053,0.0020157867505222332,6.346011787538628E-5,3.467842356544504E-4,0.0011795865826041729,3.50287539429321E-4,2.1511241320769484E-4,3.674680933799549E-4,0.0018071531054692442,2.0054090304149504E-4,0.004583631649493848,2.555084575806876E-4,3.428931112229128E-4,0.005693049635685889,5.773916381130392E-4,2.1682336354591244E-4,3.4112173679934593E-4,2.571554148746978E-4,1.1637221045299759E-4,8.38855614776605E-4],[8.82496717348004E-4,6.774498482538802E-4,0.0011357100959980668,4.65608