[[1.0,6.038845370209933E-4,4.864725218268583E-4,7.424186631977524E-4,5.965129649667845E-4,2.1159469843862796E-4,3.748192218941673E-4,0.018315749693346556,5.847986814311738E-4,1.579354050341547E-4,6.799550594793346E-4,2.6711241370637315E-4,0.00771171319251146,9.981112130725274E-4,3.9717014369940185E-4,0.002353385546853632,0.002593448846224924,0.0029497357983687095,3.3131134201343053E-4,3.74436645539323E-4,2.0442168982582096E-4,7.384594186829091E-4,4.7039868667315217E-4,3.524732400778755E-4,5.116854481707358E-4,7.697511501252426E-4,0.007278104407512023,0.0583201879825995,6.546591377538122E-4,0.001185726143374779,1.8332214365565994E-4,2.486339669815362E-4,0.07639584700559232,7.547752147521886E-4,0.015328352385360407,3.877149430460185E-4,5.805382503456791E-4,6.219666945161109E-4,0.0011516937268567385,0.003041532609235348,3.901389459662543E-4,0.0034252931103626676,6.308457971158814E-4,7.178367879800059E-4,0.003735694837782482,8.489963001233897E-4,0.0022110933532718206,8.754419473133365E-4,7.202908590712192E-4,0.02045106956307018,0.004605334027822152,4.446865612735845E-4,7.98650202132841E-4,0.0027892057297739755,0.004716898065587198,2.772167206690466E-4],[6.038845370209933E-4,1.0,1.5656525317454118E-4,8.227879321552667E-4,3.569195481518304E-4,5.557101814216958E-5,1.5034393778147663E-4,0.05812279518818498,1.450340814175003E-4,1.1299803578389834E-4,2.202267363415758E-4,1.559621346830811E-4,0.005721220000386834,0.0015155885683786584,3.1748518515016996E-5,0.0026150606947536108,0.008515487806963018,6.7226706203475E-4,1.8052432580872263E-4,1.341133244314062E-4,1.4880878796813334E-4,9.032654663775072E-4,1.3680812781574254E-4,1.3663591548753498E-4,1.3967155748737954E-4,4.1460192588084E-4,0.009990188851984787,0.07792648123316925,2.4297947803622366E-4,0.0010324141927517503,1.2217264709593335E-4,1.5663338764622498E-4,0.0468201973439395,0.001004605063284631,0.016836054318894646,2.2374747118443763E-4,2.0113460461364656E-4,1.6582775787311443E-4,0.0010657247534338755,0.005527195540116198,2.2288627322308177E-4,0.010321323562040085,2.2343125521262562E-4,3.710902005520307E-4,0.004791826464772503,0.001594215749763059,0.0017823071795520368,5.46248637405892E-4,6.093198266325285E-4,0.04320908769957721,0.006138898838205851,5.495315190808158E-5,5.342181588818835E-4,2.5657248660589154E-4,0.005378150535150953,1.2771816160102862E-4],[4.864725218268583E-4,1.5656525317454118E-4,1.0,4.067306436645258E-4,3.451581047921872E-4,6.160908141840735E-5,1.407870399455772E-4,0.05137064705097515,1.2054123406133776E-4,2.508132695212773E-5,3.863841738725085E-4,1.2008143847223507E-4,0.004993363303279229,0.0011177958792695543,6.308362721490024E-5,0.0011855165516475056,0.0014992355928268636,0.003920499915451616,1.604971424410613E-4,9.185751964129886E-5,1.4373470589553353E-4,7.967558769397952E-4,1.4061278424826312E-4,2.1908881884283617E-5,1.335746090486205E-4,8.143641154619934E-4,0.006703169710273281,0.0049062253657405,2.2491049680696253E-4,4.44615882656013E-4,1.0227324657371484E-4,4.131236868939758E-5,0.07636028431919903,8.709334824483024E-4,0.013513727850666228,1.573666862578891E-4,1.9960758664684604E-4,1.8898548957062966E-4,5.09732790355395E-4,0.0070906573177019865,2.0887230193047617E-4,0.008961611368822925,2.0090436285928313E-4,4.92506774160464E-4,0.008776609418156047,0.0010741243962202182,0.0028830135101264873,0.0010161394492407216,5.460613492516368E-4,0.007951678064636454,0.007519623271094159,1.4043081059845328E-4,8.277805191741769E-4,0.003793700843605792,3.603082665390048E-4,6.144742655360481E-5],[7.424186631977524E-4,8.227879321552667E-4,4.067306436645258E-4,1.0,9.088989751128882E-4,3.9722513691314577E-4,4.92394909216043E-4,0.021732335897602123,6.055066398259778E-4,0.0011559905648399224,0.0011245298176281236,2.665332401604117E-4,0.002350002230112411,0.0015773640793497047,0.0010795613609262437,0.003082147825730265,0.013360770289098545,0.0012769155126235822,3.600446034805557E-4,1.8386320529914082E-4,0.0010404632521581723,0.0012084546926058569,0.0011542953011258407,1.6921246031302735E-4,0.0011905934488316084,0.001361259412159443,0.007218762273509734,0.03383136545499529,3.116448847258041E-4,0.0015172737351540825,5.022114459151647E-4,4.043987891634428E-4,0.024418073220674706,0.0012371922907176876,0.01380842668599234,6.750134296907445E-4,3.6749308105798296E-4,6.042845889556645E-4,0.0012094802978852332,0.007821399022032351,4.032645225628273E-4,0.021412984588760953,7.351994285038872E-4,0.0012338167273441261,0.0017281509345341045,0.0017037125553928255,0.003022939087066446,0.0012415421515235379,0.0011670328297850503,0.04123826367966494,0.002610647786565389,6.017524540422378E-4,0.0012532597108267114,0.002644092584833101,0.003151547062939345,0.0011544766209957893],[5.965129649667845E-4,3.569195481518304E-4,3.451581047921872E-4,9.088989751128882E-4,1.0,2.942047543258587E-4,5.00131704025402E-4,0.07609498300252215,1.2130247466669332E-4,2.518882511143728E-4,9.699630900182662E-4,3.0484202498206307E-4,0.008764065951079456,0.0010316524261003107,2.3619521924664137E-4,0.0038285070204953685,0.0038039970425269953,0.0040721862367089955,2.4200486028412495E-4,3.1369167135525037E-4,5.0432398617269E-4,0.0011278532860922066,1.3748555479921237E-4,2.653166933329376E-4,3.8704907840863217E-4,0.0016376530571654473,0.009877066453661147,0.006526035893012785,4.1499982706431345E-4,0.00141440654148985,5.294006530872639E-4,3.591116450786237E-4,0.055239162981341156,8.15706670037284E-4,0.015474164961193831,4.5582645267007427E-4,5.094152887707153E-4,3.5485925098094855E-4,9.083522232500495E-4,0.012437573474162281,2.907843024149355E-4,0.02296663671420719,5.437528197800904E-4,0.0011018925545663242,0.0025170418760209435,0.0019487740666941564,0.0028035544400935703,9.908875026171332E-4,5.853953146090187E-4,0.0030879614660357687,0.007709991829804306,3.7012274089452983E-4,8.2363800372817E-4,0.003451237682150089,0.0033057340188388648,4.456041493668469E-4],[2.1159469843862796E-4,5.557101814216958E-5,6.160908141840735E-5,3.9722513691314577E-4,2.942047543258587E-4,1.0,1.062173801877082E-4,0.011997750999140954,6.376211523257281E-5,1.7395463341757505E-5,1.170680125798144E-4,5.7903977019395717E-5,0.0022486113825348226,0.0014108455668439023,1.7783055697498987E-5,0.002884982646933641,0.017114938732207537,0.002446566016055926,2.1463886907056545E-4,2.286909034482126E-5,3.166800089906501E-5,6.965089948075594E-4,2.9899195665041484E-5,1.7725500278317867E-5,1.0665462512446917E-4,6.416581092769205E-4,0.006854213829284486,0.061466001243660875,9.978808067944404E-5,0.0010831398384381116,2.235917362206656E-5,1.259117510306178E-5,0.020960867003711692,0.001263471579958113,0.0033175911825104013,1.0870014260872405E-4,2.3525765553249024E-5,1.2156889355381887E-4,1.3504292412824052E-4,8.788897520217863E-4,1.7130766652452702E-4,0.02160534977877401,2.8900835333808285E-4,7.936531159190908E-4,0.00669304785976365,5.800249389974366E-4,1.0974079166629154E-4,7.93810644099441E-4,1.3539153269837988E-4,0.01198791343086907,0.006672558706082934,2.2373812479125974E-5,3.6920536706692525E-4,0.0025063533458566526,0.009245417987345041,3.690428607382381E-5],[3.748192218941673E-4,1.5034393778147663E-4,1.407870399455772E-4,4.92394909216043E-4,5.00131704025402E-4,1.062173801877082E-4,1.0,0.026258730721179648,1.0764880690340115E-4,6.791437822174834E-5,5.607885812619249E-4,1.0680643896610022E-4,0.0012872903654487016,6.217360545646298E-4,2.1322690444453608E-5,0.0035895922180941837,0.014249101933769255,7.483426068819069E-4,1.6337095247957606E-4,3.3987521796669856E-5,1.402441131785873E-4,1.1518828512065553E-4,1.1696834195707488E-4,5.6226342251422536E-5,1.1569232038568766E-4,0.0013232806026614828,0.006575640284531095,0.0386453672768998,2.478869315882662E-4,0.0015007276308612303,1.0409884689682669E-4,2.0251419329539157E-5,0.07432072637163457,0.0011085928025620518,0.00465012734604056,2.4136554430832704E-4,1.5774043698938697E-4,1.299325691925133E-4,7.022149964603844E-4,0.009811317435182354,1.7588891243445302E-4,0.023360373270157882,2.5022212752659386E-4,0.0012076202591649,0.009599916094062475,4.141403620364323E-4,5.097633198863131E-4,4.7743242566296345E-4,1.9687599203661594E-4,0.009724971886739117,0.002305653252529829,6.8822042474751E-5,9.086022952684869E-4,0.0016773825164637308,0.0025644740851094405,7.362897381061368E-5],[0.018315749693346556,0.05812279518818498,0.05137064705097515,0.021732335897602123,0.07609498300252215,0.011997750999140954,0.026258730721179648,1.0,0.04841062862515608,0.07358170201261013,0.07464002794464548,0.08597840794341326,0.03153083914197113,0.08222258927716321,0.04905866446591918,0.029133734865303195,0.03867065917579418,0.06429383077230055,0.01136347745040543,0.043478888916751286,0.023898224095517704,0.0043623219446439765,0.0354908268293221,0.026703107740512228,0.08609521701271315,0.010254157190612548,0.021311647672558623,0.08732856962352202,0.014299870068302243,0.01755316383294507,0.05701027993671408,0.01339081171856568,0.0857321225720734,0.08506339567473631,0.08726932839632802,0.01910381443520761,0.031728649942779914,0.051580245126467895,0.0770742467896429,0.03742884061072092,0.0024055081563371813,0.04792658982751888,0.040641830029517705,0.07314161109963709,0.0814991082486966,0.034315144481509845,0.024144391981617466,0.06796257583310845,0.05288521307291356,0.08354663420680909,0.037136854007556196,0.08110508502699591,0.035426171920811496,0.06270649789046617,0.03193691369469333,0.08183013289300087],[5.847986814311738E-4,1.450340814175003E-4,1.2054123406133776E-4,6.055066398259778E-4,1.2130247466669332E-4,6.376211523257281E-5,1.0764880690340115E-4,0.04841062862515608,1.0,9.496473827737618E-5,6.812335739012356E-4,1.0701686174523491E-4,0.002585772508448134,4.995076695771131E-4,8.15712859693088E-5,0.002805463651874873,0.007194605348134411,0.002353670288806432,1.6084651582003634E-4,3.909915218672942E-5,1.342926899217174E-4,2.3292863434087635E-4,1.131014529754203E-4,9.567791804879727E-5,1.1296842657454383E-4,5.724325734609052E-4,0.0027595034877418295,0.07650345878924586,1.1803448195576356E-4,0.0011918898424644565,1.0335612857624002E-4,1.0189867040211864E-4,0.01146372587648261,6.26337131810157E-4,0.003573384729546059,1.4587344872062135E-4,1.6213212454951748E-4,1.4555458180904473E-4,2.2756057000302714E-4,0.01473287715472989,1.9875219563865755E-4,0.010292201808005039,3.560036508305972E-4,3.9347660546048467E-4,0.009547360580091887,0.0012002732487739842,0.0027048732812703655,6.045685280178865E-4,3.998251238879003E-4,0.011502584871785189,0.004747942824287261,7.191616662446505E-5,4.1241506561984264E-4,0.0033755621123564223,0.001343188164791505,7.204748374285645E-5],[1.579354050341547E-4,1.1299803578389834E-4,2.508132695212773E-5,0.0011559905648399224,2.518882511143728E-4,1.7395463341757505E-5,6.791437822174834E-5,0.07358170201261013,9.496473827737618E-5,1.0,8.971087161489688E-4,5.369073347427983E-5,0.0069944684288704515,0.0012664890485458078,1.5138090452341687E-5,1.896056210416769E-4,0.01735531679634309,0.004079701330001809,7.549001684634317E-5,2.7190779917169972E-5,4.160289129592969E-5,1.6687073452381415E-4,6.222111427920884E-5,1.6074416952636692E-5,7.213534255530243E-5,0.0017028287266046235,0.002020350514041204,0.06549576052526684,1.9009062210589218E-4,4.3236539745808726E-4,5.7416106051696105E-5,1.0902256922743061E-5,0.03653067726875186,0.0010401913607672208,0.003282962118074194,1.7317178363142466E-4,1.9678621118679514E-4,1.3251450191504102E-4,5.97095266664217E-4,0.005925556662389262,1.3283446436015915E-4,0.024108971027393882,4.239049845691904E-4,8.050991800649274E-4,1.7107257569930103E-4,0.001541652354031655,0.0022596393131993123,6.153339247884441E-4,1.2037162959817185E-4,0.01936785916900357,0.009397689490882885,1.2180064404453947E-5,8.137787163235402E-4,0.002972421492607508,0.001229591393021894,2.8680142416848917E-5],[6.799550594793346E-4,2.202267363415758E-4,3.863841738725085E-4,0.0011245298176281236,9.699630900182662E-4,1.170680125798144E-4,5.607885812619249E-4,0.07464002794464548,6.812335739012356E-4,8.971087161489688E-4,1.0,1.5298459217135345E-4,0.003501203474332745,0.0014371152194090821,2.162722651908425E-4,0.002950085981599789,0.009161250546285638,0.002658839962159571,4.595130654101108E-4,6.06089766951443E-4,1.980158348158048E-4,0.0011038154953161405,8.928612744840425E-4,4.3751548574482254E-4,4.643127023907804E-4,0.0014863533960820922,0.010096878737182749,0.03840141556448627,7.595304304889968E-4,0.0017656209076507647,6.519598651510367E-4,9.12015522216028E-4,0.0633068777500086,0.0010547157686575936,0.016181689964459275,4.851368001609072E-4,5.809744281146567E-4,7.243708694195412E-4,0.0011158741783954809,0.014958931197267192,6.492487052381789E-4,0.025346257858658225,4.4951713835136273E-4,0.001209814087329044,0.0049407844068935745,0.001912091986267845,0.0011986407836334623,0.001073994837681311,9.86680670619776E-4,0.03740080204738416,0.004107279418083566,1.1239321301727387E-4,0.0011397950932458946,0.002662509452954335,0.006878534211396298,1.8044546089741038E-4],[2.6711241370637315E-4,1.559621346830811E-4,1.2008143847223507E-4,2.665332401604117E-4,3.0484202498206307E-4,5.7903977019395717E-5,1.0680643896610022E-4,0.08597840794341326,1.0701686174523491E-4,5.369073347427983E-5,1.5298459217135345E-4,1.0,0.002554691821397282,3.246665620884154E-4,7.532725358307434E-5,0.001460559937883551,0.010445859433499075,0.0032457727980950857,1.3885417189091418E-4,8.993639690064222E-5,1.0681603803860908E-4,6.643245136012137E-4,1.0891492343833439E-4,7.969549932286329E-5,1.0934089765105798E-4,4.1032218325782246E-4,0.002125311433856798,0.042990429286615145,2.0598387725043885E-4,7.224338068487855E-4,1.0621922077321065E-4,8.390782261342036E-5,0.022702989373770525,1.8550425209538959E-4,0.004368667438457486,1.972580808342798E-4,1.9631296228247015E-4,1.5705237298102077E-4,8.148377690494844E-4,0.007649909458271261,2.0536649262643247E-4,0.0031832189104211163,2.9438762732686267E-4,1.8354138683677231E-4,0.0014044212746065498,0.0018417661347269276,0.0013885903966516671,3.452155605336248E-4,1.2026806986233153E-4,0.01457058449318717,2.691833117984361E-4,8.127011744975614E-5,1.1912234396627512E-4,4.1232932623786367E-4,0.0012013844724160765,5.251008028110903E-5],[0.00771171319251146,0.005721220000386834,0.004993363303279229,0.002350002230112411,0.008764065951079456,0.0022486113825348226,0.0012872903654487016,0.03153083914197113,0.002585772508448134,0.0069944684288704515,0.003501203474332745,0.002554691821397282,1.0,0.009006282168177534,6.3902231764995E-5,0.007447275114493217,0.010359254196765828,0.007522849469656053,0.004028782967698175,0.00688028667711895,0.009798626707755756,0.006122671588698723,0.00442996788869974,0.009168936609026887,8.314251370276349E-4,0.0020879529225221786,0.011636552962878318,0.02999335404437583,0.00991493412908031,0.009706199288997469,0.0014417795688162808,0.0012444039429764559,0.03264284710282775,0.001435276635384158,0.016795564228710532,0.0017105225789246694,0.00957203749109265,4.8187731144331745E-4,0.005329026299714924,0.015600332130426563,0.0013056233205015518,0.011500966058523868,0.0012468518297826152,0.008055075986713107,0.010663562272987391,0.005975517127255532,0.009475991176125267,0.00828006344227327,0.0073991669694906505,0.03854452456308446,0.01028338279059445,0.009086114458022312,0.007289053261064821,0.007157132836492505,0.010229814291216898,0.0029606538373982585],[9.981112130725274E-4,0.0015155885683786584,0.0011177958792695543,0.0015773640793497047,0.0010316524261003107,0.0014108455668439023,6.217360545646298E-4,0.08222258927716321,4.995076695771131E-4,0.0012664890485458078,0.0014371152194090821,3.246665620884154E-4,0.009006282168177534,1.0,8.445717395450696E-4,0.003001950338034908,0.02139021800335183,0.0037120938525604264,0.0017992066622701621,0.0011353925077519681,0.0014576482205311218,0.0013188924648152149,0.001447981738799689,2.4040157766512304E-5,0.001571785302698174,0.0018641736218205263,0.006029245130393955,0.06518252973688629,0.0014021976596129814,0.0018099405863965512,4.029879011428427E-4,5.751296468385492E-4,0.03388044876685684,0.0016532537601868865,0.011698162128795913,0.0014759278874936757,3.301734408194394E-4,5.417973521434509E-4,0.0014148572598874066,0.0025638342663102387,0.0018278835349792406,0.021461276474808406,0.001581687091879405,0.0017618711946178686,0.0050077592941370095,0.0019029962153889791,0.002873783616423803,0.0015326069205248362,0.0018123689672139116,0.02244384807091634,0.006041728382104213,7.346851081885582E-4,0.0014826607669613267,0.0035996120178434423,0.010195482790217581,5.445402809345369E-4],[3.9717014369940185E-4,3.1748518515016996E-5,6.308362721490024E-5,0.0010795613609262437,2.3619521924664137E-4,1.7783055697498987E-5,2.1322690444453608E-5,0.04905866446591918,8.15712859693088E-5,1.5138090452341687E-5,2.162722651908425E-4,7.532725358307434E-5,6.3902231764995E-5,8.445717395450696E-4,1.0,0.003709227061887999,0.005131790675535399,0.0028084519474184133,1.7229218918407566E-4,2.1096814193380674E-5,1.4243400084713916E-4,1.9125374578882645E-4,9.37877735412528E-5,1.6555435869453482E-5,2.776477334581739E-5,9.871193105781375E-4,3.265788710760289E-4,0.03271409913402441,8.194166962277066E-5,1.2026441246186474E-4,2.775910967959727E-5,1.1896160680481759E-5,0.04864541945285256,3.1726920315931E-4,0.00333759281342186,1.9288953174904393E-4,1.3487540402463334E-4,1.5462529052493956E-4,0.0010274204138572473,0.004999270191804564,8.750729264829918E-5,0.0077757955076690885,2.0487659385104226E-4,0.0010899132826332036,0.0026926387551024396,8.427485773864396E-4,0.0016481378011797099,4.709837591642586E-4,6.248931149391598E-4,0.0013437199554631014,0.0035317624966214735,2.4214978865470446E-5,8.37202372928271E-4,6.495326788701165E-4,0.008629214540918577,1.9003195842087414E-5],[0.002353385546853632,0.0026150606947536108,0.0011855165516475056,0.003082147825730265,0.0038285070204953685,0.002884982646933641,0.0035895922180941837,0.029133734865303195,0.002805463651874873,1.896056210416769E-4,0.002950085981599789,0.001460559937883551,0.007447275114493217,0.003001950338034908,0.003709227061887999,1.0,0.020845762529893872,0.004343926218243786,0.001162823591469241,0.0034272178914865874,0.0025194048708100294,0.0035514051716578274,0.002804696958324789,0.002747411221710425,1.757429172847249E-4,0.002806909552908612,0.007137484255771508,0.00568784360616014,0.0024177258182437955,0.002930490771250976,0.002637327207083726,5.844235063124187E-4,0.023287834027514567,0.0030678724020436854,0.012948566752488023,0.0025428704855436353,0.003236589885450525,0.0025129374893532396,0.002617547256151871,0.007759644380402888,0.0032525135044782585,0.012756114641096605,0.0017712131238694178,0.001727462439943598,0.009461623533338777,0.0022380451313752645,0.003256089272183764,0.0021963573787873603,0.001638033703912598,0.016284603549278135,0.004967622570495784,0.0017806257877695407,0.0026844558957351827,0.0038910505836575876,0.010106096787950113,6.440512574925678E-4],[0.002593448846224924,0.008515487806963018,0.0014992355928268636,0.013360770289098545,0.0038039970425269953,0.017114938732207537,0.014249101933769255,0.03867065917579418,0.007194605348134411,0.01735531679634309,0.009161250546285638,0.010445859433499075,0.010359254196765828,0.02139021800335183,0.005131790675535399,0.020845762529893872,1.0,0.011282615809693712,0.010149703271611347,0.016042922753672827,0.007551278421545575,0.02167484709791826,0.002766244177377147,0.005350514983555975,1.5682701112838595E-4,0.018896615352425254,0.013101633299594843,0.05680531656592721,0.019929064855638234,0.021254057133234194,0.002473147677732139,0.0025397066096346788,0.06497370805297836,0.009205082355185872,0.02059453859668895,0.004139995606618504,0.01791799489651963,0.011893007312729636,0.018794100604461326,0.02144640877461146,0.017382001284203117,0.022956880463942946,0.012086541447860834,0.016723590786197635,0.021173645495619134,0.00893375632415664,0.012837633975166868,0.013461534358327577,0.013722816787201931,0.03150235912782202,0.015449671864268233,0.006277143392661766,0.004216149089784111,0.011842296100499123,0.01295559162342918,0.010838413199476747],[0.0029497357983687095,6.7226706203475E-4,0.003920499915451616,0.0012769155126235822,0.0040721862367089955,0.002446566016055926,7.483426068819069E-4,0.06429383077230055,0.002353670288806432,0.004079701330001809,0.002658839962159571,0.0032457727980950857,0.007522849469656053,0.0037120938525604264,0.0028084519474184133,0.004343926218243786,0.011282615809693712,1.0,0.0014632451750327148,0.00129640776437021,0.0032749066309889314,0.003861637643469637,0.0017264056755740538,0.0026125466490846136,4.521389972637878E-4,0.0022788574983163873,0.011675425769852654,0.05279734078252094,0.0021170117777299003,0.002708728843380309,0.0019807909149858415,0.001228617979103739,0.06435511318999534,0.0017258234601878258,0.019326140898405907,0.0036240990057569943,0.003535223210297977,0.004454554676860954,0.0023110385683988207,0.009765050072922315,0.003750985486851025,0.0057044857962402105,0.00239792302513605,0.004576087608330743,0.008228073758297573,0.0042295160787695525,0.0045009526208413106,0.001948274764219682,0.0014794090338776122,0.01271307476939399,0.009503027857495272,0.004405998754254462,0.0014484116932802374,0.0038986138037273876,0.005698418631875429,8.917377301461297E-5],[3.3131134201343053E-4,1.8052432580872263E-4,1.604971424410613E-4,3.600446034805557E-4,2.4200486028412495E-4,2.1463886907056545E-4,1.6337095247957606E-4,0.01136347745040543,1.6084651582003634E-4,7.549001684634317E-5,4.595130654101108E-4,1.3885417189091418E-4,0.004028782967698175,0.0017992066622701621,1.7229218918407566E-4,0.001162823591469241,0.010149703271611347,0.0014632451750327148,1.0,1.5722232691894362E-4,1.5252517985336306E-4,4.8572867735150284E-4,2.2913050570459696E-4,4.012027903120735E-5,1.9181939390462043E-4,8.597858988204573E-4,0.007510606372195418,0.02455680330703773,2.645744061635126E-4,0.0010999686960645669,2.269810741783092E-4,1.456214430181906E-4,0.057503051111040086,5.083700794970483E-4,0.006685349489988184,2.4236367217815637E-4,2.1324389365107028E-4,2.293948208303079E-4,6.47866640901107E-4,0.014843649393355748,2.3458308671237986E-4,0.010440910252236176,3.0755299716990654E-4,8.243728557694404E-4,0.006499630997802721,0.0018680251112791143,0.002977186342287076,6.77671529462425E-4,5.429038709158912E-4,0.0411246777989461,0.0050088134811861595,4.8551659098145564E-5,6.049054396089414E-4,0.0033876520293589815,0.0038779284296580553,1.845396085276367E-4],[3.74436645539323E-4,1.341133244314062E-4,9.185751964129886E-5,1.8386320529914082E-4,3.1369167135525037E-4,2.286909034482126E-5,3.3987521796669856E-5,0.043478888916751286,3.909915218672942E-5,2.7190779917169972E-5,6.06089766951443E-4,8.993639690064222E-5,0.00688028667711895,0.0011353925077519681,2.1096814193380674E-5,0.0034272178914865874,0.016042922753672827,0.00129640776437021,1.5722232691894362E-4,1.0,3.757697364937925E-5,3.0359364746034126E-4,6.41378768532176E-5,1.7019962203341588E-5,1.0568201638108562E-4,4.302094193654316E-4,0.01054784173836803,0.023007155729120304,2.529768593889096E-4,0.0013697561449202906,9.902946918067306E-5,2.4237463776345044E-5,0.020550647666710276,8.007600258808391E-4,0.01435819726245581,5.634860077495902E-5,4.831624642514015E-5,1.3021014052900273E-4,2.2673182771123458E-4,0.009384677717100174,2.087809884419729E-4,0.026899912922200182,1.1046042291457868E-4,1.5589670491082246E-4,0.005213110763773521,2.386881083490757E-4,0.0011778748623782038,0.0010998526058133681,3.212730572293144E-4,0.035783535443948224,0.008747456112981548,3.277807776199685E-5,5.972026693385039E-4,0.0030682107284795497,0.007240642430397137,3.8722806565927585E-5],[2.0442168982582096E-4,1.4880878796813334E-4,1.4373470589553353E-4,0.0010404632521581723,5.0432398617269E-4,3.166800089906501E-5,1.402441131785873E-4,0.023898224095517704,1.342926899217174E-4,4.160289129592969E-5,1.980158348158048E-4,1.0681603803860908E-4,0.009798626707755756,0.0014576482205311218,1.4243400084713916E-4,0.0025194048708100294,0.007551278421545575,0.0032749066309889314,1.5252517985336306E-4,3.757697364937925E-5,1.0,6.768961858282804E-4,1.2040850859792597E-4,9.646717861601816E-5,1.305673340570065E-4,6.522275859370299E-4,0.0037749595270119944,0.030971182156765163,1.9307312316812426E-4,7.747873125725333E-4,1.0780001971462746E-4,5.2250037391501756E-5,0.04620734154782205,3.984143836856265E-4,0.010646096688563311,2.342611266049336E-4,2.0894349354575711E-4,1.4468288992802502E-4,5.299970294856238E-4,0.007776316072753575,2.1905115875986149E-4,0.008512307547916449,3.373375547745639E-4,1.8363722179394853E-4,0.011884402016991435,0.0013501913658550192,0.0024484469816859577,3.599563571908863E-4,5.23167022534503E-4,0.04535933517153904,9.965505282643044E-4,5.303184457272565E-5,7.531074063505277E-4,0.0015140903622841673,0.006653514144565338,1.2720562913970195E-4],[7.384594186829091E-4,9.032654663775072E-4,7.967558769397952E-4,0.0012084546926058569,0.0011278532860922066,6.965089948075594E-4,1.1518828512065553E-4,0.0043623219446439765,2.3292863434087635E-4,1.6687073452381415E-4,0.0011038154953161405,6.643245136012137E-4,0.006122671588698723,0.0013188924648152149,1.9125374578882645E-4,0.0035514051716578274,0.02167484709791826,0.003861637643469637,4.8572867735150284E-4,3.0359364746034126E-4,6.768961858282804E-4,1.0,9.402356797450458E-4,9.081622826345036E-4,1.5024656952501752E-4,0.0014656484512105589,0.005139146635348677,0.030826030374453327,7.337767822853238E-4,0.0017010163921979621,3.170293859913108E-4,7.544244182179326E-4,0.026569520639001674,0.0012147996884544325,0.017068085901395073,3.7723353111463804E-4,9.13619794537004E-4,3.6996672448720753E-4,0.001180170087394466,0.015041409386070879,2.7010499624969246E-4,0.022790409296855878,8.540954485643463E-4,0.0011782514269145284,0.004450449611871498,0.0020375757441713094,0.0026518896231480277,0.0011783437012981466,9.053366829739664E-4,0.03986228301027993,0.0017666224886782821,3.491992858383454E-4,0.0012077105637975424,0.0036537612118015448,0.00408864236691351,6.108027178246958E-4],[4.7039868667315217E-4,1.3680812781574254E-4,1.4061278424826312E-4,0.0011542953011258407,1.3748555479921237E-4,2.9899195665041484E-5,1.1696834195707488E-4,0.0354908268293221,1.131014529754203E-4,6.222111427920884E-5,8.928612744840425E-4,1.0891492343833439E-4,0.00442996788869974,0.001447981738799689,9.37877735412528E-5,0.002804696958324789,0.002766244177377147,0.0017264056755740538,2.2913050570459696E-4,6.41378768532176E-5,1.2040850859792597E-4,9.402356797450458E-4,1.0,3.3612805763169365E-5,1.2359805863542002E-4,0.0016296742745759221,0.009866922117476286,0.0021145870383974547,1.7922251720459362E-4,0.0016905331378784766,1.1896265972459709E-4,8.313257714345028E-5,0.03897277605377868,8.972517700681013E-4,0.01243422092868776,2.380670932009556E-4,1.6271827465285448E-4,1.2451094023886727E-4,6.232153324310493E-4,7.943593051098658E-4,1.3664734709007234E-4,0.027252097258856738,3.9645710317356975E-4,3.751477082181984E-4,0.010335305152952282,0.0019077947451224965,0.0016202559852949606,7.825560180614598E-4,2.3010395339904586E-4,0.0011286160383572315,0.008025879528904802,1.050347925045222E-4,3.881122422504425E-4,0.0013730660940174987,0.0022165590303931115,1.1564605688719505E-4],[3.524732400778755E-4,1.3663591548753498E-4,2.1908881884283617E-5,1.6921246031302735E-4,2.653166933329376E-4,1.7725500278317867E-5,5.6226342251422536E-5,0.026703107740512228,9.567791804879727E-5,1.6074416952636692E-5,4.3751548574482254E-4,7.969549932286329E-5,0.009168936609026887,2.4040157766512304E-5,1.6555435869453482E-5,0.002747411221710425,0.005350514983555975,0.0026125466490846136,4.012027903120735E-5,1.7019962203341588E-5,9.646717861601816E-5,9.081622826345036E-4,3.3612805763169365E-5,1.0,3.8479166751696214E-5,0.001525144639659399,0.010649558001088725,0.06847080839571162,2.198003981773506E-4,7.620134412178926E-4,3.722860549396831E-5,1.4061043154846682E-5,0.05806364122560777,0.0011403066683977148,0.017051468702601973,2.293887919229786E-4,1.87817597718651E-4,3.6190337003931194E-5,9.161294749286413E-4,0.00828631284969655,5.637988492452742E-5,0.017982336664220475,3.524378881029488E-4,2.7904159554879653E-4,5.313990448719155E-4,4.118370752897094E-4,0.002810849211429364,2.749630166485784E-4,6.742953552416843E-4,0.026342130241533576,0.008167651837496556,1.991183944057789E-5,0.0010613998711965532,0.0038460811472443386,0.005316151418291249,2.6587891192135477E-5],[5.116854481707358E-4,1.3967155748737954E-4,1.335746090486205E-4,0.0011905934488316084,3.8704907840863217E-4,1.0665462512446917E-4,1.1569232038568766E-4,0.08609521701271315,1.1296842657454383E-4,7.213534255530243E-5,4.643127023907804E-4,1.0934089765105798E-4,8.314251370276349E-4,0.001571785302698174,2.776477334581739E-5,1.757429172847249E-4,1.5682701112838595E-4,4.521389972637878E-4,1.9181939390462043E-4,1.0568201638108562E-4,1.305673340570065E-4,1.5024656952501752E-4,1.2359805863542002E-4,3.8479166751696214E-5,1.0,8.255521121025811E-4,0.0020780446356576067,0.011561561923396824,2.1605579543770365E-4,6.893908669782746E-4,1.0481745267791545E-4,1.1177730540971923E-4,0.07929309483833666,5.048237364708045E-4,0.012535087808110405,1.5399525998243635E-4,1.707195108789756E-4,2.049607190592537E-4,0.0010472647110751085,0.014929941531990185,1.866616304220747E-4,0.011459582136696211,3.9218537978349965E-4,0.0011359764093872295,0.009047192806815872,2.257476148733727E-4,9.074928175229074E-4,4.971099259669031E-4,5.221144985633063E-4,0.024608318672724023,0.010118667305444765,1.1958986319848528E-4,7.895946571114172E-4,7.45997882421217E-4,0.006817388415170982,1.0597642066290119E-4],[7.697511501252426E-4,4.1460192588084E-4,8.143641154619934E-4,0.001361259412159443,0.0016376530571654473,6.416581092769205E-4,0.0013232806026614828,0.010254157190612548,5.724325734609052E-4,0.0017028287266046235,0.0014863533960820922,4.1032218325782246E-4,0.0020879529225221786,0.0018641736218205263,9.871193105781375E-4,0.002806909552908612,0.018896615352425254,0.0022788574983163873,8.597858988204573E-4,4.302094193654316E-4,6.522275859370299E-4,0.0014656484512105589,0.0016296742745759221,0.001525144639659399,8.255521121025811E-4,1.0,0.011457750415972377,0.016328898925176062,0.0016811440486737951,0.0017890689637505796,0.0013032359194125826,9.647450749358539E-4,0.05118111265525458,0.001697529404983462,0.002336661833335389,0.0011878918579940317,6.19038538046098E-4,5.816046822093201E-4,0.0015270617210230502,0.015481773924444251,4.3205526023625603E-4,0.006592921411879513,5.382873170532881E-4,0.0015689222316575214,0.010511013511849838,0.001956694568218599,0.002197861078825732,0.001634333301154654,0.0016874924315947242,0.013770612076450882,0.005420770179526651,1.0130120809635833E-4,0.0013948591850368537,0.003266330243946355,0.007213785876476218,3.383623711011003E-4],[0.007278104407512023,0.009990188851984787,0.006703169710273281,0.007218762273509734,0.009877066453661147,0.006854213829284486,0.006575640284531095,0.021311647672558623,0.0027595034877418295,0.002020350514041204,0.010096878737182749,0.002125311433856798,0.011636552962878318,0.006029245130393955,3.265788710760289E-4,0.007137484255771508,0.013101633299594843,0.011675425769852654,0.007510606372195418,0.01054784173836803,0.0037749595270119944,0.005139146635348677,0.009866922117476286,0.010649558001088725,0.0020780446356576067,0.011457750415972377,1.0,0.07562256672937778,0.009312267831518797,0.005752783660704642,0.00641978680143668,0.009308972222467805,0.04490003700537459,0.004978271731804943,0.015193438711721144,0.001728820342982396,0.004132158690853533,0.010271967099708203,0.0017130858276910854,0.01611786202077233,0.006335904256211529,0.014453204647210059,0.007341053845643464,0.004230322956568034,0.011904761904761904,0.011552026037719845,0.00608991994226068,0.005747698447138025,0.006722422751599315,0.03489774931212018,0.011285732350109032,0.009649482925728451,0.00847935538739438,0.004735597183628896,0.010832217807078777,0.001993411694263473],[0.0583201879825995,0.07792648123316925,0.0049062253657405,0.03383136545499529,0.006526035893012785,0.061466001243660875,0.0386453672768998,0.08732856962352202,0.07650345878924586,0.06549576052526684,0.03840141556448627,0.042990429286615145,0.02999335404437583,0.06518252973688629,0.03271409913402441,0.00568784360616014,0.05680531656592721,0.05279734078252094,0.02455680330703773,0.023007155729120304,0.030971182156765163,0.030826030374453327,0.0021145870383974547,0.06847080839571162,0.011561561923396824,0.016328898925176062,0.07562256672937778,1.0,0.04770460362630143,0.06326885380716678,0.05298952934151978,0.05567560147963109,0.08333333333333333,0.009919514360669021,0.07497208206547248,0.015320349435513086,0.036442114221323686,0.007988955153354245,0.06556325836752391,0.04099752823015153,0.04016988887715312,0.04960331067480571,0.046732579787831095,0.014147448233971462,0.02732015568014612,0.030025489074762983,0.08078096451111265,0.04403064849734349,0.018460967305647384,0.06202376192598982,0.07825711944124206,0.023584817510292913,0.07016565361416101,0.06384730420461485,0.0240390409397915,0.01721014247023146],[6.546591377538122E-4,2.4297947803622366E-4,2.2491049680696253E-4,3.116448847258041E-4,4.1499982706431345E-4,9.978808067944404E-5,2.478869315882662E-4,0.014299870068302243,1.1803448195576356E-4,1.9009062210589218E-4,7.595304304889968E-4,2.0598387725043885E-4,0.00991493412908031,0.0014021976596129814,8.194166962277066E-5,0.0024177258182437955,0.019929064855638234,0.0021170117777299003,2.645744061635126E-4,2.529768593889096E-4,1.9307312316812426E-4,7.337767822853238E-4,1.7922251720459362E-4,2.198003981773506E-4,2.1605579543770365E-4,0.0016811440486737951,0.009312267831518797,0.04770460362630143,1.0,8.667148297566438E-4,2.4386297471543515E-4,7.088329988108607E-5,0.03467434503826359,7.958650147418079E-4,0.0026255460184712344,2.6487772009525594E-4,2.614018506410744E-4,2.5091247448908176E-4,0.0010705678529701003,0.007221166320258939,2.4129476973652425E-4,0.003197749281213972,4.0496600668180256E-4,0.001097325496056432,0.006461384906561954,6.455909278927256E-4,5.814098457436888E-4,5.857684061598526E-4,5.185365237315546E-4,0.0097182279562512,0.007956461690315237,1.3619544984276897E-4,8.414583460458545E-4,3.109906536533234E-4,0.009503209799743959,2.0085654859390068E-4],[0.001185726143374779,0.0010324141927517503,4.44615882656013E-4,0.0015172737351540825,0.00141440654148985,0.0010831398384381116,0.0015007276308612303,0.01755316383294507,0.0011918898424644565,4.3236539745808726E-4,0.0017656209076507647,7.224338068487855E-4,0.009706199288997469,0.0018099405863965512,1.2026441246186474E-4,0.002930490771250976,0.021254057133234194,0.002708728843380309,0.0010999686960645669,0.0013697561449202906,7.747873125725333E-4,0.0017010163921979621,0.0016905331378784766,7.620134412178926E-4,6.893908669782746E-4,0.0017890689637505796,0.005752783660704642,0.06326885380716678,8.667148297566438E-4,1.0,3.655105755720295E-4,0.001790738895996157,0.02636996113095493,0.0017490534216747311,0.006807911084787431,0.0015338914530092689,0.0011016155512522693,5.797187306787374E-4,0.001261533395115463,0.006689009559278293,9.332138924284779E-4,0.022016655479138267,4.4606369045771624E-4,0.00158520966004833,0.002716322616316498,0.0018571287951357912,0.002295654449460398,0.001259786384872214,0.0012905263882015989,0.01395800853107741,0.006989428363906798,0.0016484016833954326,0.0016953541070836406,0.0030873108227379557,0.006372357825920147,7.817134782120861E-4],[1.8332214365565994E-4,1.2217264709593335E-4,1.0227324657371484E-4,5.022114459151647E-4,5.294006530872639E-4,2.235917362206656E-5,1.0409884689682669E-4,0.05701027993671408,1.0335612857624002E-4,5.7416106051696105E-5,6.519598651510367E-4,1.0621922077321065E-4,0.0014417795688162808,4.029879011428427E-4,2.775910967959727E-5,0.002637327207083726,0.002473147677732139,0.0019807909149858415,2.269810741783092E-4,9.902946918067306E-5,1.0780001971462746E-4,3.170293859913108E-4,1.1896265972459709E-4,3.722860549396831E-5,1.0481745267791545E-4,0.0013032359194125826,0.00641978680143668,0.05298952934151978,2.4386297471543515E-4,3.655105755720295E-4,1.0,2.3805197447957506E-5,0.05710732448918462,7.175752489200682E-4,0.007715778925593798,1.7417089397671315E-4,1.756182467936388E-4,1.9527313706261645E-4,9.702288245156159E-4,0.003413929127270702,1.0653036666172377E-4,0.013898595541050482,3.9528269773018727E-4,9.108350050599594E-4,0.005553910446808142,9.346191049113457E-4,8.031994258218677E-4,8.945581260765762E-4,4.633514789170242E-4,0.01055714016472697,0.003371686746568203,5.538106510163925E-5,2.491775028896462E-4,3.658543457799084E-4,0.003319696532805776,8.468730784517005E-5],[2.486339669815362E-4,1.5663338764622498E-4,4.131236868939758E-5,4.043987891634428E-4,3.591116450786237E-4,1.259117510306178E-5,2.0251419329539157E-5,0.01339081171856568,1.0189867040211864E-4,1.0902256922743061E-5,9.12015522216028E-4,8.390782261342036E-5,0.0012444039429764559,5.751296468385492E-4,1.1896160680481759E-5,5.844235063124187E-4,0.0025397066096346788,0.001228617979103739,1.456214430181906E-4,2.4237463776345044E-5,5.2250037391501756E-5,7.544244182179326E-4,8.313257714345028E-5,1.4061043154846682E-5,1.1177730540971923E-4,9.647450749358539E-4,0.009308972222467805,0.05567560147963109,7.088329988108607E-5,0.001790738895996157,2.3805197447957506E-5,1.0,0.005027261882146647,0.0012604268989492241,0.00952274570068138,1.829314319957807E-4,1.372285060006506E-5,1.915194320729747E-4,4.3760663234339883E-4,0.0022796245107217193,1.579535420282493E-4,0.02357245315687126,1.9480798923886844E-4,5.290184457425901E-4,0.009864955673333321,0.0012382178429958034,5.43250852261923E-5,0.0010738212925397379,3.090670827606353E-5,0.013047980562416534,0.009980764732180257,1.906459222183918E-5,3.9380013181768664E-5,0.0024949644293659735,0.0024003441839408756,3.829912847903527E-5],[0.07639584700559232,0.0468201973439395,0.07636028431919903,0.024418073220674706,0.055239162981341156,0.020960867003711692,0.07432072637163457,0.0857321225720734,0.01146372587648261,0.03653067726875186,0.0633068777500086,0.022702989373770525,0.03264284710282775,0.03388044876685684,0.04864541945285256,0.023287834027514567,0.06497370805297836,0.06435511318999534,0.057503051111040086,0.020550647666710276,0.04620734154782205,0.026569520639001674,0.03897277605377868,0.05806364122560777,0.07929309483833666,0.05118111265525458,0.04490003700537459,0.08333333333333333,0.03467434503826359,0.02636996113095493,0.05710732448918462,0.005027261882146647,1.0,0.012999016984241545,0.054980812972424624,0.07834335264345596,0.025266179465570058,0.010572478100126058,0.0025329103385156038,0.06051193442967443,0.01303898177595721,0.03456645744113864,0.004182859959991861,0.04873045685246899,0.06259777072505834,0.0655704121415635,0.07115099808752019,0.07572608233553699,0.037151864424941,0.05934940386243179,0.08069819644588608,0.04849716976497215,0.021613713778056466,0.056052314252257845,0.07203810767796559,0.028396772180364602],[7.547752147521886E-4,0.001004605063284631,8.709334824483024E-4,0.0012371922907176876,8.15706670037284E-4,0.001263471579958113,0.0011085928025620518,0.08506339567473631,6.26337131810157E-4,0.0010401913607672208,0.0010547157686575936,1.8550425209538959E-4,0.001435276635384158,0.0016532537601868865,3.1726920315931E-4,0.0030678724020436854,0.009205082355185872,0.0017258234601878258,5.083700794970483E-4,8.007600258808391E-4,3.984143836856265E-4,0.0012147996884544325,8.972517700681013E-4,0.0011403066683977148,5.048237364708045E-4,0.001697529404983462,0.004978271731804943,0.009919514360669021,7.958650147418079E-4,0.0017490534216747311,7.175752489200682E-4,0.0012604268989492241,0.012999016984241545,1.0,0.01545740567663028,0.0012248226592711446,0.0012879671465622388,9.0580837363257E-4,0.0012789807497208937,0.008894954767273004,4.970919948095678E-4,0.009883191008791632,0.001210302980060042,0.0012359443123013023,0.004845033730858281,0.0015776109767113478,0.001784479401370011,0.0012643720861265245,0.0013102449467104248,0.003640004447318373,0.003036667396456293,0.001137466836224395,0.0013031097073709008,0.0017279931260887242,0.0013787631550519245,7.360232275553069E-4],[0.015328352385360407,0.016836054318894646,0.013513727850666228,0.01380842668599234,0.015474164961193831,0.0033175911825104013,0.00465012734604056,0.08726932839632802,0.003573384729546059,0.00328