[[1.0,0.02365625940198257,0.01924090980565957,0.07573545070879495,0.0792346187774897,0.056423367566595946,0.08893239622119886,0.0435390361136442,0.06028753465938062,0.042940236284279974,0.02178502500960672,0.031731423391646675,0.013190826571533823,0.06218648376643938,0.028592391994730654,0.03643681110659547,0.0686167880054929,0.08793870738573142,0.07694117162099255,0.022913242748783102,0.08204455019769895,0.03729496051539471,0.0627029956664451,0.021509097878261895,0.017081183658131265,0.010749987013187188,0.01285233911341351,0.05456119478118066,0.008455780437437744,0.07685154228141272,0.02375461584728206,0.07046791822871787,0.001976611548787917,0.028197960224046095,0.005651080668092206,0.04923653495088539,0.07640730022845381,0.03754328201332843,0.014552101419777074,0.07836927066876226,1.779914120004056E-4,0.03297147439564508],[0.02365625940198257,1.0,1.93537714590299E-5,0.0010665029200663178,0.02403974370178903,3.92893526535732E-4,0.01015592850085557,0.013631230029550119,2.278323643973534E-4,4.155534073660299E-5,1.0084666066064154E-4,3.063934999705051E-5,3.195987331780441E-5,2.082309678329612E-5,1.1652329745963252E-4,9.450064528252904E-5,1.3310551932263913E-4,3.0615635682132954E-5,1.6633535390854574E-4,3.430427501376805E-5,0.05394851195472752,8.196618319974177E-5,1.874654104427872E-4,0.0022999088998030244,5.622551456021392E-5,2.4243187852841732E-4,9.759032960292366E-4,2.115640295721544E-5,5.034227774449972E-4,3.897606862332412E-5,5.451703323927326E-4,3.281767854020179E-5,5.648420573572392E-5,4.098801132418876E-5,6.013151633272696E-4,8.397858565212295E-5,3.545904510216385E-5,4.070986069666968E-5,7.301882848239254E-5,1.495398710864104E-4,2.8779459048121764E-5,0.004160759430020353],[0.01924090980565957,1.93537714590299E-5,1.0,0.0010877639999009152,0.01634835009549709,3.004605617542669E-4,0.011385903588257041,0.01746280677902523,1.2955636026296604E-4,1.2699044523342408E-4,2.408387586592965E-5,1.935965735190043E-5,2.250959539389576E-5,1.3673783316498387E-5,6.816611966256764E-5,7.507935538938803E-5,1.3042252283797286E-4,2.1043639474201078E-5,1.0597430959200836E-4,2.1127454681032983E-5,0.06927827634691665,1.1430111935265252E-4,8.159475918489936E-4,0.002233275119803907,1.928468620146456E-4,1.5491106432665824E-4,1.1570909706981256E-4,1.212322665177539E-5,2.1640854483547306E-4,3.058832061524884E-5,2.2473889262511853E-4,2.6041185863272205E-5,2.294724853825593E-5,3.45863435318844E-5,8.52824564884567E-4,1.7819717686133615E-4,1.5508456072353475E-5,0.0013377900231035056,6.236400287980872E-5,3.702357404114701E-4,1.6404767916107965E-5,0.008986496530900941],[0.07573545070879495,0.0010665029200663178,0.0010877639999009152,1.0,0.005721292973658276,0.001154975227435818,0.00758042078527552,0.011595680212863346,6.527724512911822E-4,7.562882571627515E-4,4.5967456097603063E-4,5.120208131184728E-4,0.0012003379677055503,0.0010800510193827054,4.4311029716895517E-4,8.63794914176978E-4,8.666159331273155E-4,5.605092770696882E-4,7.214649187395602E-4,0.0012851599675904161,0.016548744608530373,4.459789084412081E-4,0.0030101584507908597,0.0017342221117306403,8.313929343729687E-4,0.0013808454954635336,0.0014101122365193963,5.84240017944487E-4,0.0017908850432473806,1.6761272458799432E-4,0.0012447357528666831,5.373694176553086E-4,8.484958964933917E-4,8.697872831696812E-4,0.001637798986578171,4.8067165727537714E-4,0.001104379995173728,0.0014169343086427183,5.830490399563892E-4,0.0012307574159172254,8.546952751667037E-4,0.02377939917542533],[0.0792346187774897,0.02403974370178903,0.01634835009549709,0.005721292973658276,1.0,0.0025307626866298925,0.021152355266657357,0.022697331644577594,0.021922698877877705,0.010976174892708768,0.01156923963101511,0.017581906267070898,0.006413652940492232,0.017370793431169596,0.014837146731985046,0.012289288667571044,0.0011956335019887338,0.02158601280064953,0.0077975445311246035,0.014879340466557152,0.06149537656688426,0.020054401226272136,0.02610264415791231,0.014060642657844943,0.0063544384684453385,0.02317947002786888,0.01799508930454633,0.005380523288038014,0.004233838867290626,0.008582843780122544,0.0076480913724351835,0.027053893739363,0.02681155642927527,0.013026371250313947,0.011672154467175564,0.012228098375561722,0.02597079868001494,0.027276932375578704,0.002726924468179222,0.01666411677456359,0.01635203651756178,0.029669586373185276],[0.056423367566595946,3.92893526535732E-4,3.004605617542669E-4,0.001154975227435818,0.0025307626866298925,1.0,0.003642958072367466,0.01809633529930283,8.205846855398547E-4,3.1402596750194916E-4,2.5932073219330865E-4,1.24316157156609E-4,3.5634473653037063E-4,3.757305658394291E-4,7.86394428161111E-4,8.398284233691192E-4,0.0010088855433543894,4.919513795919924E-4,5.191373920322684E-4,9.053116011106196E-4,0.0468761792507831,2.635943880190599E-4,0.0023643373217779643,0.0022634627365209943,8.610336540820548E-4,8.982463022134655E-4,0.0010249070440700163,1.4065814749614374E-4,0.0013283188442089451,1.8711906934231007E-4,0.001068995321146119,8.030460590105419E-4,4.457799620280732E-4,6.406631730955909E-4,0.0011679230402125687,5.878893694035884E-4,1.228946928956088E-4,0.0011656001687891779,9.812447264761185E-4,8.686319580743786E-4,9.978230178641814E-4,0.005170999867670491],[0.08893239622119886,0.01015592850085557,0.011385903588257041,0.00758042078527552,0.021152355266657357,0.003642958072367466,1.0,0.012340215078484023,5.06627412016611E-4,0.009235052595242583,4.3869468074671193E-4,0.004140318809327334,0.002203013928318026,0.010417045588678422,0.007760817611993952,0.00446271342990152,0.0017704893419534704,0.0019871230027605595,5.970659281093637E-4,0.00918043513799552,0.01785902810558446,0.007296686124269406,0.005664628563672655,0.007602566399530416,0.004691350170907411,0.010987967984404644,0.005202830675907484,0.004149972480433022,0.004965447033029768,0.010072476558780916,0.008591168641914365,0.010445210814017522,0.0010640977838156124,0.006864437659880103,0.005759234850005319,0.009512480535709687,0.004409799004515228,0.0053957187901992765,0.007164867078809864,0.004041289189291576,6.886819884046192E-4,0.01902776306263739],[0.0435390361136442,0.013631230029550119,0.01746280677902523,0.011595680212863346,0.022697331644577594,0.01809633529930283,0.012340215078484023,1.0,0.015780290133255527,0.007569826227267475,0.011054120829846326,0.016420602009743296,0.01684941911765201,0.005044558221729402,0.0025270865793508694,0.010727306501230927,0.01837183518813021,0.015073522172984861,0.006996368917115912,0.007835423130286713,0.06822138891242638,0.01835193327298138,0.010430558317474041,0.0084833148932188,0.018915837827579104,0.0036250959871625414,0.001781080543670553,0.006977216112249088,0.010735626416395474,0.011090736020138343,0.008157709946425437,0.01665911594848809,0.009784650818848132,0.01908462235098932,0.006493499054126575,0.010725862393899074,0.002254819779317818,0.004484803158925819,0.001374343079970439,0.004677127626409434,0.012857258381003754,0.02951455941272888],[0.06028753465938062,2.278323643973534E-4,1.2955636026296604E-4,6.527724512911822E-4,0.021922698877877705,8.205846855398547E-4,5.06627412016611E-4,0.015780290133255527,1.0,3.1049473768734515E-4,3.908894390584841E-4,8.947171078204256E-5,5.846126788760083E-5,2.1364079643987306E-4,2.3447476911085463E-4,2.5729468170932927E-4,2.0951629394250787E-4,3.2726612046274253E-4,3.354041982218472E-4,2.0588446537835446E-4,0.06896633935929393,1.9838325494100795E-4,0.0028466471962209955,0.002926720190447109,3.494316625104817E-4,3.1646536065007555E-4,5.892221669941139E-4,4.0548464764294514E-4,0.00100296481593733,1.2908252967302008E-4,0.0010090702671206695,1.062420227382853E-4,3.1883383012661917E-4,3.711363940924649E-4,0.0010101784330680467,4.0971110578260744E-4,3.7842941026767005E-4,0.0012609766328673467,2.2058124168835582E-4,4.4548160015343044E-4,1.4564581795585988E-4,0.02880179063717227],[0.042940236284279974,4.155534073660299E-5,1.2699044523342408E-4,7.562882571627515E-4,0.010976174892708768,3.1402596750194916E-4,0.009235052595242583,0.007569826227267475,3.1049473768734515E-4,1.0,1.3284303742884296E-4,8.067277696909944E-5,1.1845315192344321E-4,1.175234317890387E-4,1.3291460607752544E-4,1.6795254731939065E-4,1.3446536463182312E-4,1.252588470076856E-4,2.1705519210348006E-4,1.452431377017311E-4,0.06120389559853112,1.4442634000443353E-4,0.004122881384664582,0.0015436164268003497,1.8403044240092954E-4,1.4493625869827967E-4,8.079122019964442E-4,1.266621133730594E-4,3.015547787575848E-4,1.3437879143196843E-4,8.382874533910021E-4,8.868063790883834E-5,1.093852612921886E-4,1.773336051845688E-4,0.0013736528170438856,2.3188375627806947E-4,1.0613939564927496E-4,7.579667849796139E-4,1.0943838710168403E-4,4.29822771785286E-4,1.2467228424693536E-4,0.012048351457171366],[0.02178502500960672,1.0084666066064154E-4,2.408387586592965E-5,4.5967456097603063E-4,0.01156923963101511,2.5932073219330865E-4,4.3869468074671193E-4,0.011054120829846326,3.908894390584841E-4,1.3284303742884296E-4,1.0,1.0594230995998805E-4,7.466438887525546E-5,2.3752745497419946E-5,1.1055662007463875E-4,1.2017292172934927E-4,1.1600415101998278E-4,2.7330912330190504E-5,2.141483326804588E-4,1.2227822250018478E-4,0.021965906289026123,1.3346661431506168E-4,0.0027190105650349203,7.76914938929066E-4,2.1977440470768316E-4,1.4841289826609475E-4,3.5220323506014766E-4,4.013386163966528E-5,0.001577773235889902,1.0568824006278926E-4,6.131203542072812E-4,7.538321957218904E-5,1.0809500450208687E-4,1.756863914309368E-4,0.0012994392365450432,1.739736303167143E-4,5.344399095435589E-5,0.0013197203402129007,1.089858400777884E-4,1.0943173862904236E-4,5.5176420347857E-5,0.003400448843825672],[0.031731423391646675,3.063934999705051E-5,1.935965735190043E-5,5.120208131184728E-4,0.017581906267070898,1.24316157156609E-4,0.004140318809327334,0.016420602009743296,8.947171078204256E-5,8.067277696909944E-5,1.0594230995998805E-4,1.0,2.6721753609676863E-5,1.4383892855731999E-5,8.781794500963526E-5,1.4301854808249697E-4,1.3377439379335464E-4,2.3281899566730997E-5,1.874143400081296E-4,1.3739859047081976E-4,0.06235864702063675,1.6890337308642398E-4,0.002003407521667685,0.0032150466404216155,9.143930912135383E-5,8.12852819363544E-5,8.19034158830501E-4,1.4107176413360452E-5,0.0011120482014360838,8.747691655716755E-5,0.0011099163020191459,2.6936601797711626E-5,4.173615721154502E-5,6.402224642928107E-5,3.026361719816462E-4,9.422656645632403E-5,2.8043679863058007E-5,2.2489499430402508E-4,6.480003592363075E-5,2.652616373520534E-4,2.1441320718888103E-5,0.00792492439514076],[0.013190826571533823,3.195987331780441E-5,2.250959539389576E-5,0.0012003379677055503,0.006413652940492232,3.5634473653037063E-4,0.002203013928318026,0.01684941911765201,5.846126788760083E-5,1.1845315192344321E-4,7.466438887525546E-5,2.6721753609676863E-5,1.0,2.3392749613359262E-5,8.629846719676173E-5,7.682078373850255E-5,4.3191390001916436E-5,2.8857054561236824E-5,3.367075659360435E-5,5.804265911795334E-5,0.0671936524336874,1.6406958111642397E-4,0.004999126117907224,7.038319562182988E-4,2.248172792890086E-4,6.422889931597348E-5,1.3493284918613497E-4,2.7523433984179472E-5,9.3333789706885E-4,8.64037918301199E-5,9.189974379092624E-5,3.107175527582985E-5,7.454120168517738E-5,1.6463370218802953E-4,4.4884665320877904E-4,1.1859241865190482E-4,3.1383839742209614E-5,2.3042461909234153E-4,5.613286955257639E-5,3.9404472452064224E-4,2.8403473232214238E-5,0.019599842091674955],[0.06218648376643938,2.082309678329612E-5,1.3673783316498387E-5,0.0010800510193827054,0.017370793431169596,3.757305658394291E-4,0.010417045588678422,0.005044558221729402,2.1364079643987306E-4,1.175234317890387E-4,2.3752745497419946E-5,1.4383892855731999E-5,2.3392749613359262E-5,1.0,1.0211743061238857E-4,1.9010412229616645E-5,3.341710489566615E-5,2.0235137660472362E-5,1.8956644258144622E-4,8.742092557299513E-5,0.017325288006325795,3.143431476719431E-5,0.0036727082927579427,0.0013514442273331907,8.504985565703777E-5,4.3819602423699225E-5,9.841037997887633E-4,1.1936813929363042E-5,0.0012772371965806089,2.096543805452321E-5,4.405873896474124E-4,1.820096715670936E-5,9.542689699294096E-5,2.678043895884465E-4,5.11682102123303E-4,1.4057550076413712E-4,3.214910343326097E-5,0.0011060878147071236,3.570047780932234E-5,3.544989270072889E-4,2.1185443486937706E-5,0.015129060419489769],[0.028592391994730654,1.1652329745963252E-4,6.816611966256764E-5,4.4311029716895517E-4,0.014837146731985046,7.86394428161111E-4,0.007760817611993952,0.0025270865793508694,2.3447476911085463E-4,1.3291460607752544E-4,1.1055662007463875E-4,8.781794500963526E-5,8.629846719676173E-5,1.0211743061238857E-4,1.0,1.3581746865169977E-4,1.2755364168642E-4,8.083838145940382E-5,2.3199029840957933E-4,1.3496789893918115E-4,0.0461650937556334,1.551589019862788E-4,0.0018585533334413624,0.002397880904723852,2.1594207800932128E-4,1.377077167201781E-4,0.0010180898159785436,9.874864520379814E-5,8.4587301298552E-4,1.1274852586824971E-4,9.275769114137086E-4,3.6269274356145815E-5,1.1351882108412587E-4,2.4089984404090231E-4,0.0020468130433444224,1.7631412303001774E-4,1.1928171833542193E-4,3.253036688695669E-4,1.2317820944769342E-4,4.706211503862969E-4,8.065994250706828E-5,0.0033003898806411008],[0.03643681110659547,9.450064528252904E-5,7.507935538938803E-5,8.63794914176978E-4,0.012289288667571044,8.398284233691192E-4,0.00446271342990152,0.010727306501230927,2.5729468170932927E-4,1.6795254731939065E-4,1.2017292172934927E-4,1.4301854808249697E-4,7.682078373850255E-5,1.9010412229616645E-5,1.3581746865169977E-4,1.0,1.49482143122461E-4,1.3643480438070896E-4,2.2821637906427796E-4,1.7446116914468632E-4,9.622893825217364E-4,1.7485456354832422E-4,0.003967020722012016,0.002066829892951068,2.095473988269609E-4,2.1619561391693457E-4,9.623467826939179E-4,1.1354814917171277E-4,3.0235989989018465E-4,1.6554561206282915E-4,6.500227125767043E-4,1.6018363781029215E-4,1.3021915009527537E-4,1.9523778370037105E-4,5.393521687016194E-4,2.308072972515106E-4,1.3747592039708E-4,5.389975572668302E-4,1.227580345645477E-4,2.65553572445219E-4,5.576262662325372E-5,0.01823468863466151],[0.0686167880054929,1.3310551932263913E-4,1.3042252283797286E-4,8.666159331273155E-4,0.0011956335019887338,0.0010088855433543894,0.0017704893419534704,0.01837183518813021,2.0951629394250787E-4,1.3446536463182312E-4,1.1600415101998278E-4,1.3377439379335464E-4,4.3191390001916436E-5,3.341710489566615E-5,1.2755364168642E-4,1.49482143122461E-4,1.0,4.9650596628887815E-5,1.465908124728747E-4,1.404144591767989E-4,0.023387958101897425,1.562054049024693E-4,0.002291597085934651,0.0024032447987753815,2.0278903297629039E-4,2.237600294307188E-4,2.007105087458154E-4,6.0024231190468584E-5,0.0012082725194431142,1.3127913237257066E-4,7.421818789239892E-4,6.760855133140607E-5,1.0508492401235236E-4,2.2419087523289997E-4,5.937929964136526E-4,1.877133767500953E-4,8.285614140875623E-5,4.89902804474957E-4,1.164339264492733E-4,3.7261359668483565E-4,1.1359912993155877E-4,0.012312695336847455],[0.08793870738573142,3.0615635682132954E-5,2.1043639474201078E-5,5.605092770696882E-4,0.02158601280064953,4.919513795919924E-4,0.0019871230027605595,0.015073522172984861,3.2726612046274253E-4,1.252588470076856E-4,2.7330912330190504E-5,2.3281899566730997E-5,2.8857054561236824E-5,2.0235137660472362E-5,8.083838145940382E-5,1.3643480438070896E-4,4.9650596628887815E-5,1.0,2.0736279208128305E-4,6.018148829782918E-5,0.0317916188986688,3.643397000594536E-5,0.0033181027118839796,0.0014523316379936148,4.108852689058995E-5,1.7935144491099456E-4,9.663509654342921E-4,1.7750802564347646E-5,0.0012945307511318623,8.738475847363571E-5,3.4819916110686655E-4,2.887719823023808E-5,7.659975998910473E-5,1.8394183791266186E-4,5.6769129344973444E-5,5.808582716589972E-5,3.335285772736654E-5,6.112364326428889E-4,8.173840644305907E-5,1.8586534204980158E-4,2.457831787992637E-5,0.029900754479166507],[0.07694117162099255,1.6633535390854574E-4,1.0597430959200836E-4,7.214649187395602E-4,0.0077975445311246035,5.191373920322684E-4,5.970659281093637E-4,0.006996368917115912,3.354041982218472E-4,2.1705519210348006E-4,2.141483326804588E-4,1.874143400081296E-4,3.367075659360435E-5,1.8956644258144622E-4,2.3199029840957933E-4,2.2821637906427796E-4,1.465908124728747E-4,2.0736279208128305E-4,1.0,1.7651731025753888E-4,0.07453050771305883,1.8563188412769945E-4,0.004900066282916206,0.002180970953123166,2.3230089705137723E-4,2.6506731365434654E-4,9.463982338279434E-4,7.370230418032594E-5,0.0018255740011925814,2.20496515391707E-4,3.7408652507782457E-4,4.088947279723273E-5,2.1558077744444608E-4,2.3894939674607647E-4,0.0018971503658731933,2.355889975651194E-4,2.0315097447682137E-4,6.157977476709029E-4,2.218542922905139E-4,2.605003080233764E-4,1.5910679251628462E-4,0.024678836945850623],[0.022913242748783102,3.430427501376805E-5,2.1127454681032983E-5,0.0012851599675904161,0.014879340466557152,9.053116011106196E-4,0.00918043513799552,0.007835423130286713,2.0588446537835446E-4,1.452431377017311E-4,1.2227822250018478E-4,1.3739859047081976E-4,5.804265911795334E-5,8.742092557299513E-5,1.3496789893918115E-4,1.7446116914468632E-4,1.404144591767989E-4,6.018148829782918E-5,1.7651731025753888E-4,1.0,0.03736688377931331,1.6019302935905334E-4,0.003915425587899259,0.002194296655741066,1.9792244926306117E-4,1.6898304507800856E-4,6.662832069393512E-4,7.11131276719405E-5,4.0807784090338606E-4,1.0416506302171793E-4,6.099616240240155E-4,1.0165196154501598E-4,1.0648107712306261E-4,2.2488300802496933E-4,6.240911198904099E-4,1.6679829099959298E-4,1.0991469614742126E-4,0.0012068801454650315,1.4932997979692645E-4,2.469300327463212E-4,1.1289345060169896E-4,0.026293674433592176],[0.08204455019769895,0.05394851195472752,0.06927827634691665,0.016548744608530373,0.06149537656688426,0.0468761792507831,0.01785902810558446,0.06822138891242638,0.06896633935929393,0.06120389559853112,0.021965906289026123,0.06235864702063675,0.0671936524336874,0.017325288006325795,0.0461650937556334,9.622893825217364E-4,0.023387958101897425,0.0317916188986688,0.07453050771305883,0.03736688377931331,1.0,0.04867863723609344,0.06708172360126688,0.07155625617060893,0.07216345834734758,0.01457480965001379,0.014264363968549973,0.02445823105222133,0.06520474470634735,0.024065687476645694,0.05976103951257118,0.05030664047454722,5.314485637219939E-4,0.06847029698690664,0.04439731115672839,0.06769125006568405,0.05926565239522023,0.06760188675236604,0.013339021454210865,0.051251740182175085,0.009140587314060198,0.039498866891664604],[0.03729496051539471,8.196618319974177E-5,1.1430111935265252E-4,4.459789084412081E-4,0.020054401226272136,2.635943880190599E-4,0.007296686124269406,0.01835193327298138,1.9838325494100795E-4,1.4442634000443353E-4,1.3346661431506168E-4,1.6890337308642398E-4,1.6406958111642397E-4,3.143431476719431E-5,1.551589019862788E-4,1.7485456354832422E-4,1.562054049024693E-4,3.643397000594536E-5,1.8563188412769945E-4,1.6019302935905334E-4,0.04867863723609344,1.0,0.0017819191050479338,7.383800338772214E-4,2.1507879368020167E-4,2.4136561933674547E-4,5.113405303872531E-4,1.5305375708120223E-4,0.001797520138180566,1.4709205312828533E-4,9.705279160449311E-4,9.75849687437152E-5,1.599910831177995E-4,2.6469871809697224E-4,1.8594494855902598E-4,2.142415410761239E-4,8.408132195114775E-5,0.0013513797379786892,1.0866541963811213E-4,2.071459085061911E-4,1.604587863845885E-4,0.028791003347029602],[0.0627029956664451,1.874654104427872E-4,8.159475918489936E-4,0.0030101584507908597,0.02610264415791231,0.0023643373217779643,0.005664628563672655,0.010430558317474041,0.0028466471962209955,0.004122881384664582,0.0027190105650349203,0.002003407521667685,0.004999126117907224,0.0036727082927579427,0.0018585533334413624,0.003967020722012016,0.002291597085934651,0.0033181027118839796,0.004900066282916206,0.003915425587899259,0.06708172360126688,0.0017819191050479338,1.0,0.004228258676704021,0.004952186619093287,0.0027913061601949384,0.0028162599492307875,0.002153765839038886,0.0043331404586774164,0.004939787777050476,0.0017264584459937317,0.0016776182048258658,0.001990226121875925,0.003736136757667113,0.0037173054010812044,0.0016617732920325328,8.822036376766333E-4,0.00417658337229381,0.0039216015458128995,0.002889431598693202,0.0028011794336473854,0.008983076827375858],[0.021509097878261895,0.0022999088998030244,0.002233275119803907,0.0017342221117306403,0.014060642657844943,0.0022634627365209943,0.007602566399530416,0.0084833148932188,0.002926720190447109,0.0015436164268003497,7.76914938929066E-4,0.0032150466404216155,7.038319562182988E-4,0.0013514442273331907,0.002397880904723852,0.002066829892951068,0.0024032447987753815,0.0014523316379936148,0.002180970953123166,0.002194296655741066,0.07155625617060893,7.383800338772214E-4,0.004228258676704021,1.0,4.493104437868827E-4,3.156194812766933E-4,0.0022332797285470433,0.0017176078678074562,0.0029298578450546713,3.101382934438816E-4,0.0029198446307558256,0.0013080498506780737,0.0017145626993544758,0.001027437752334526,0.0032023842433694816,0.0010738003652727196,6.025897195869747E-4,0.0018086045165748481,0.0017620830455591019,0.0011235784000693308,0.0031021436808768973,0.024437224059488886],[0.017081183658131265,5.622551456021392E-5,1.928468620146456E-4,8.313929343729687E-4,0.0063544384684453385,8.610336540820548E-4,0.004691350170907411,0.018915837827579104,3.494316625104817E-4,1.8403044240092954E-4,2.1977440470768316E-4,9.143930912135383E-5,2.248172792890086E-4,8.504985565703777E-5,2.1594207800932128E-4,2.095473988269609E-4,2.0278903297629039E-4,4.108852689058995E-5,2.3230089705137723E-4,1.9792244926306117E-4,0.07216345834734758,2.1507879368020167E-4,0.004952186619093287,4.493104437868827E-4,1.0,2.495426257006827E-4,2.764130076364615E-4,1.5184719045017764E-4,0.0015363948638742275,1.5583808957923094E-4,4.491894367204858E-4,9.356056126630599E-5,1.292752257347451E-4,2.6326278169456384E-4,0.001730977921054789,2.3542908613231092E-4,1.381063643569826E-4,9.698322356725932E-4,1.5979298119962436E-4,3.5471533690742266E-4,5.688090617092142E-5,0.018125471281257056],[0.010749987013187188,2.4243187852841732E-4,1.5491106432665824E-4,0.0013808454954635336,0.02317947002786888,8.982463022134655E-4,0.010987967984404644,0.0036250959871625414,3.1646536065007555E-4,1.4493625869827967E-4,1.4841289826609475E-4,8.12852819363544E-5,6.422889931597348E-5,4.3819602423699225E-5,1.377077167201781E-4,2.1619561391693457E-4,2.237600294307188E-4,1.7935144491099456E-4,2.6506731365434654E-4,1.6898304507800856E-4,0.01457480965001379,2.4136561933674547E-4,0.0027913061601949384,3.156194812766933E-4,2.495426257006827E-4,1.0,6.247526256575054E-4,1.040356375596042E-4,9.021062942391653E-4,2.2376370721331117E-4,7.909198823690693E-4,8.622535877510981E-5,1.9856366090364438E-4,2.7107624729875643E-4,0.0021048982949307036,2.4573719985796025E-4,1.0081366557352511E-4,6.617145208876827E-4,2.1996391442908572E-4,3.030363560821512E-4,7.843191663502924E-5,0.022702460297508678],[0.01285233911341351,9.759032960292366E-4,1.1570909706981256E-4,0.0014101122365193963,0.01799508930454633,0.0010249070440700163,0.005202830675907484,0.001781080543670553,5.892221669941139E-4,8.079122019964442E-4,3.5220323506014766E-4,8.19034158830501E-4,1.3493284918613497E-4,9.841037997887633E-4,0.0010180898159785436,9.623467826939179E-4,2.007105087458154E-4,9.663509654342921E-4,9.463982338279434E-4,6.662832069393512E-4,0.014264363968549973,5.113405303872531E-4,0.0028162599492307875,0.0022332797285470433,2.764130076364615E-4,6.247526256575054E-4,1.0,6.880318685797319E-4,0.0017440841711182362,7.458072375270225E-4,0.001153131300633617,8.960317236633717E-4,0.0010269028105916287,5.426661674414958E-4,0.0012397434471644493,9.431142032100533E-4,3.9076379701813885E-5,0.0013719574148905013,6.637868972640264E-4,6.827376775767593E-4,1.627267521299765E-4,0.006433946910851678],[0.05456119478118066,2.115640295721544E-5,1.212322665177539E-5,5.84240017944487E-4,0.005380523288038014,1.4065814749614374E-4,0.004149972480433022,0.006977216112249088,4.0548464764294514E-4,1.266621133730594E-4,4.013386163966528E-5,1.4107176413360452E-5,2.7523433984179472E-5,1.1936813929363042E-5,9.874864520379814E-5,1.1354814917171277E-4,6.0024231190468584E-5,1.7750802564347646E-5,7.370230418032594E-5,7.11131276719405E-5,0.02445823105222133,1.5305375708120223E-4,0.002153765839038886,0.0017176078678074562,1.5184719045017764E-4,1.040356375596042E-4,6.880318685797319E-4,1.0,7.478059183198419E-4,9.542384594741395E-5,3.8051944542520855E-4,1.735615998303489E-5,6.887290458203524E-5,2.6263376001444934E-4,0.0018800028323332659,1.9968378317449556E-4,1.8907980101729122E-5,4.0055419507282374E-4,2.6540678102445458E-5,2.1826201736867856E-4,1.7928633161271604E-5,0.017947913670815475],[0.008455780437437744,5.034227774449972E-4,2.1640854483547306E-4,0.0017908850432473806,0.004233838867290626,0.0013283188442089451,0.004965447033029768,0.010735626416395474,0.00100296481593733,3.015547787575848E-4,0.001577773235889902,0.0011120482014360838,9.3333789706885E-4,0.0012772371965806089,8.4587301298552E-4,3.0235989989018465E-4,0.0012082725194431142,0.0012945307511318623,0.0018255740011925814,4.0807784090338606E-4,0.06520474470634735,0.001797520138180566,0.0043331404586774164,0.0029298578450546713,0.0015363948638742275,9.021062942391653E-4,0.0017440841711182362,7.478059183198419E-4,1.0,3.78260576818213E-4,0.0015693891023752693,1.1041081120135282E-4,8.62828218133031E-4,7.502648367771731E-4,0.001987769249766087,4.851653548160348E-4,0.0013603789310875126,0.001522030083802054,9.03423930894765E-4,0.0017658993293050707,2.2892409793786773E-4,0.02348848423696368],[0.07685154228141272,3.897606862332412E-5,3.058832061524884E-5,1.6761272458799432E-4,0.008582843780122544,1.8711906934231007E-4,0.010072476558780916,0.011090736020138343,1.2908252967302008E-4,1.3437879143196843E-4,1.0568824006278926E-4,8.747691655716755E-5,8.64037918301199E-5,2.096543805452321E-5,1.1274852586824971E-4,1.6554561206282915E-4,1.3127913237257066E-4,8.738475847363571E-5,2.20496515391707E-4,1.0416506302171793E-4,0.024065687476645694,1.4709205312828533E-4,0.004939787777050476,3.101382934438816E-4,1.5583808957923094E-4,2.2376370721331117E-4,7.458072375270225E-4,9.542384594741395E-5,3.78260576818213E-4,1.0,2.262216485750522E-4,9.463071990663781E-5,1.0263009183917695E-4,1.294409423333874E-4,0.0011549199051898986,1.4294802673379007E-4,6.570190187416872E-5,0.001179113754971131,1.0079972284222397E-4,2.5040181375050066E-4,8.15249299734981E-5,0.02357793617926693],[0.02375461584728206,5.451703323927326E-4,2.2473889262511853E-4,0.0012447357528666831,0.0076480913724351835,0.001068995321146119,0.008591168641914365,0.008157709946425437,0.0010090702671206695,8.382874533910021E-4,6.131203542072812E-4,0.0011099163020191459,9.189974379092624E-5,4.405873896474124E-4,9.275769114137086E-4,6.500227125767043E-4,7.421818789239892E-4,3.4819916110686655E-4,3.7408652507782457E-4,6.099616240240155E-4,0.05976103951257118,9.705279160449311E-4,0.0017264584459937317,0.0029198446307558256,4.491894367204858E-4,7.909198823690693E-4,0.001153131300633617,3.8051944542520855E-4,0.0015693891023752693,2.262216485750522E-4,1.0,8.312390834326696E-4,4.1721597593116723E-4,7.784438600539161E-4,0.0016037184931001378,0.0010480000641569095,5.963005140770099E-5,0.0013893403239456856,2.9406158759157796E-4,9.512152336429349E-4,4.67576748536197E-4,0.02581149578232729],[0.07046791822871787,3.281767854020179E-5,2.6041185863272205E-5,5.373694176553086E-4,0.027053893739363,8.030460590105419E-4,0.010445210814017522,0.01665911594848809,1.062420227382853E-4,8.868063790883834E-5,7.538321957218904E-5,2.6936601797711626E-5,3.107175527582985E-5,1.820096715670936E-5,3.6269274356145815E-5,1.6018363781029215E-4,6.760855133140607E-5,2.887719823023808E-5,4.088947279723273E-5,1.0165196154501598E-4,0.05030664047454722,9.75849687437152E-5,0.0016776182048258658,0.0013080498506780737,9.356056126630599E-5,8.622535877510981E-5,8.960317236633717E-4,1.735615998303489E-5,1.1041081120135282E-4,9.463071990663781E-5,8.312390834326696E-4,1.0,8.340512267079796E-5,1.8302216454306138E-4,1.0368548779821575E-4,2.1250043553361982E-4,3.3255174498378074E-5,2.279688841738098E-4,7.609151145323011E-5,1.1723041082071688E-4,2.6886617819344285E-5,0.0029851353215601195],[0.001976611548787917,5.648420573572392E-5,2.294724853825593E-5,8.484958964933917E-4,0.02681155642927527,4.457799620280732E-4,0.0010640977838156124,0.009784650818848132,3.1883383012661917E-4,1.093852612921886E-4,1.0809500450208687E-4,4.173615721154502E-5,7.454120168517738E-5,9.542689699294096E-5,1.1351882108412587E-4,1.3021915009527537E-4,1.0508492401235236E-4,7.659975998910473E-5,2.1558077744444608E-4,1.0648107712306261E-4,5.314485637219939E-4,1.599910831177995E-4,0.001990226121875925,0.0017145626993544758,1.292752257347451E-4,1.9856366090364438E-4,0.0010269028105916287,6.887290458203524E-5,8.62828218133031E-4,1.0263009183917695E-4,4.1721597593116723E-4,8.340512267079796E-5,1.0,2.6614642905577874E-4,3.964253136237193E-4,1.1267920444731083E-4,7.429610823608606E-5,4.661589774311959E-4,1.012150488214199E-4,1.1390265859849674E-4,5.57042548897398E-5,0.011406842186545649],[0.028197960224046095,4.098801132418876E-5,3.45863435318844E-5,8.697872831696812E-4,0.013026371250313947,6.406631730955909E-4,0.006864437659880103,0.01908462235098932,3.711363940924649E-4,1.773336051845688E-4,1.756863914309368E-4,6.402224642928107E-5,1.6463370218802953E-4,2.678043895884465E-4,2.4089984404090231E-4,1.9523778370037105E-4,2.2419087523289997E-4,1.8394183791266186E-4,2.3894939674607647E-4,2.2488300802496933E-4,0.06847029698690664,2.6469871809697224E-4,0.003736136757667113,0.001027437752334526,2.6326278169456384E-4,2.7107624729875643E-4,5.426661674414958E-4,2.6263376001444934E-4,7.502648367771731E-4,1.294409423333874E-4,7.784438600539161E-4,1.8302216454306138E-4,2.6614642905577874E-4,1.0,8.280400016133223E-4,2.586923578064468E-4,2.804799115943259E-4,0.001070722734542167,1.6799608627451803E-4,3.7144889242930203E-4,1.0122303375953337E-4,0.0282199742607189],[0.005651080668092206,6.013151633272696E-4,8.52824564884567E-4,0.001637798986578171,0.011672154467175564,0.0011679230402125687,0.005759234850005319,0.006493499054126575,0.0010101784330680467,0.0013736528170438856,0.0012994392365450432,3.026361719816462E-4,4.4884665320877904E-4,5.11682102123303E-4,0.0020468130433444224,5.393521687016194E-4,5.937929964136526E-4,5.6769129344973444E-5,0.0018971503658731933,6.240911198904099E-4,0.04439731115672839,1.8594494855902598E-4,0.0037173054010812044,0.0032023842433694816,0.001730977921054789,0.0021048982949307036,0.0012397434471644493,0.0018800028323332659,0.001987769249766087,0.0011549199051898986,0.0016037184931001378,1.0368548779821575E-4,3.964253136237193E-4,8.280400016133223E-4,1.0,5.727637347958417E-4,9.307942203325492E-4,0.0016983619789288197,0.001053700304633465,0.0018628748019807176,0.0013637786634231042,0.010520057837535093],[0.04923653495088539,8.397858565212295E-5,1.7819717686133615E-4,4.8067165727537714E-4,0.012228098375561722,5.878893694035884E-4,0.009512480535709687,0.010725862393899074,4.0971110578260744E-4,2.3188375627806947E-4,1.739736303167143E-4,9.422656645632403E-5,1.1859241865190482E-4,1.4057550076413712E-4,1.7631412303001774E-4,2.308072972515106E-4,1.877133767500953E-4,5.808582716589972E-5,2.355889975651194E-4,1.6679829099959298E-4,0.06769125006568405,2.142415410761239E-4,0.0016617732920325328,0.0010738003652727196,2.3542908613231092E-4,2.4573719985796025E-4,9.431142032100533E-4,1.9968378317449556E-4,4.851653548160348E-4,1.4294802673379007E-4,0.0010480000641569095,2.1250043553361982E-4,1.1267920444731083E-4,2.586923578064468E-4,5.727637347958417E-4,1.0,1.4187419529113976E-4,4.086966276290825E-4,1.0973796802854057E-4,3.0202529260148746E-4,1.2529173957825327E-4,0.02601812211817376],[0.07640730022845381,3.545904510216385E-5,1.5508456072353475E-5,0.001104379995173728,0.02597079868001494,1.228946928956088E-4,0.004409799004515228,0.002254819779317818,3.7842941026767005E-4,1.0613939564927496E-4,5.344399095435589E-5,2.8043679863058007E-5,3.1383839742209614E-5,3.214910343326097E-5,1.1928171833542193E-4,1.3747592039708E-4,8.285614140875623E-5,3.335285772736654E-5,2.0315097447682137E-4,1.0991469614742126E-4,0.05926565239522023,8.408132195114775E-5,8.822036376766333E-4,6.025897195869747E-4,1.381063643569826E-4,1.0081366557352511E-4,3.9076379701813885E-5,1.8907980101729122E-5,0.0013603789310875126,6.570190187416872E-5,5.963005140770099E-5,3.3255174498378074E-5,7.429610823608606E-5,2.804799115943259E-4,9.307942203325492E-4,1.4187419529113976E-4,1.0,9.402034633674313E-4,4.5804139615485294E-5,7.579507415395858E-5,3.11096783186026E-5,0.030254479701159662],[0.03754328201332843,4.070986069666968E-5,0.0013377900231035056,0.0014169343086427183,0.027276932375578704,0.0011656001687891779,0.0053957187901992765,0.004484803158925819,0.0012609766328673467,7.579667849796139E-4,0.0013197203402129007,2.2489499430402508E-4,2.3042461909234153E-4,0.0011060878147071236,3.253036688695669E-4,5.389975572668302E-4,4.89902804474957E-4,6.112364326428889E-4,6.157977476709029E-4,0.0012068801454650315,0.06760188675236604,0.0013513797379786892,0.00417658337229381,0.0018086045165748481,9.698322356725932E-4,6.617145208876827E-4,0.0013719574148905013,4.0055419507282374E-4,0.001522030083802054,0.001179113754971131,0.0013893403239456856,2.279688841738098E-4,4.661589774311959E-4,0.001070722734542167,0.0016983619789288197,4.086966276290825E-4,9.402034633674313E-4,1.0,5.652803811997629E-4,5.135615351325791E-4,5.654589691456907E-4,0.018316841717488378],[0.014552101419777074,7.301882848239254E-5,6.236400287980872E-5,5.830490399563892E-4,0.002726924468179222,9.812447264761185E-4,0.007164867078809864,0.001374343079970439,2.2058124168835582E-4,1.0943838710168403E-4,1.089858400777884E-4,6.480003592363075E-5,5.613286955257639E-5,3.570047780932234E-5,1.2317820944769342E-4,1.227580345645477E-4,1.164339264492733E-4,8.173840644305907E-5,2.218542922905139E-4,1.4932997979692645E-4,0.013339021454210865,1.0866541963811213E-4,0.0039216015458128995,0.0017620830455591019,1.5979298119962436E-4,2.1996391442908572E-4,6.637868972640264E-4,2.6540678102445458E-5,9.03423930894765E-4,1.0079972284222397E-4,2.9406158759157796E-4,7.609151145323011E-5,1.012150488214199E-4,1.6799608627451803E-4,0.001053700304633465,1.0973796802854057E-4,4.5804139615485294E-5,5.652803811997629E-4,1.0,1.1737653558925712E-4,8.4316853326803E-5,0.028253867763811388],[0.07836927066876226,1.495398710864104E-4,3.702357404114701E-4,0.0012307574159172254,0.01666411677456359,8.686319580743786E-4,0.004041289189291576,0.004677127626409434,4.4548160015343044E-4,4.29822771785286E-4,1.0943173862904236E-4,2.652616373520534E-4,3.9404472452064224E-4,3.544989270072889E-4,4.706211503862969E-4,2.65553572445219E-4,3.7261359668483565E-4,1.8586534204980158E-4,2.605003080233764E-4,2.469300327463212E-4,0.051251740182175085,2.071459085061911E-4,0.002889431598693202,0.0011235784000693308,3.5471533690742266E-4,3.030363560821512E-4,6.827376775767593E-4,2.1826201736867856E-4,0.0017658993293050707,2.5040181375050066E-4,9.512152336429349E-4,1.1723041082071688E-4,1.1390265859849674E-4,3.7144889242930203E-4,0.0018628748019807176,3.0202529260148746E-4,7.579507415395858E-5,5.135615351325791E-4,1.1737653558925712E-4,1.0,5.182103836181877E-5,0.01660371631975401],[1.779914120004056E-4,2.8779459048121764E-5,1.6404767916107965E-5,8.546952751667037E-4,0.01635203651756178,9.978230178641814E-4,6.886819884046192E-4,0.012857258381003754,1.4564581795585988E-4,1.2467228424693536E-4,5.5176420347857E-5,2.1441320718888103E-5,2.8403473232214238E-5,2.1185443486937706E-5,8.065994250706828E-5,5.576262662325372E-5,1.1359912993155877E-4,2.457831787992637E-5,1.5910679251628462E-4,1.1289345060169896E-4,0.009140587314060198,1.604587863845885E-4,0.0028011794336473854,0.0031021436808768973,5.688090617092142E-5,7.843191663502924E-5,1.627267521299765E-4,1.7928633161271604E-5,2.2892409793786773E-4,8.15249299734981E-5,4.67576748536197E-4,2.6886617819344285E-5,5.57042548897398E-5,1.0122303375953337E-4,0.0013637786634231042,1.2529173957825327E-4,3.11096783186026E-5,5.654589691456907E-4,8.4316853326803E-5,5.182103836181877E-5,1.0,0.010900144361508256],[0.03297147439564508,0.004160759430020353,0.008986496530900941,0.02377939917542533,0.029669586373185276,0.005170999867670491,0.01902776306263739,0.02951455941272888,0.02880179063717227,0.012048351457171366,0.003400448843825672,0.00792492439514076,0.019599842091674955,0.015129060419489769,0.0033003898806411008,0.01823468863466151,0.012312695336847455,0.029900754479166507,0.024678836945850623,0.026293674433592176,0.039498866891664604,0.028791003347029602,0.008983076827375858,0.024437224059488886,0.018125471281257056,0.022702460297508678,0.006433946910851678,0.017947913670815475,0.02348848423696368,0.02357793617926693,0.02581149578232729,0.0029851353215601195,0.011406842186545649,0.0282199742607189,0.010520057837535093,0.02601812211817376,0.030254479701159662,0.018316841717488378,0.028253867763811388,0.01660371631975401,0.010900144361508256,1.0]]