[[1.0,0.001105380263935585,0.0011992761858314787,7.281375443231327E-4,0.029302344921389965,0.0013065494979614119,0.0018517104700070336,0.001268065787918081,9.112401809173542E-4,1.1713751926774224E-4,0.0033643542997032973,8.379901198829337E-4,0.024987786375177932,0.001201817618609489,9.471259200604263E-4,3.621135380726166E-4,0.028991137681416593,4.4742791259885426E-4,0.0014035350979731184,0.0035054094285387593,0.0012026624361707874,0.002465471390261806,0.005314168667868498,0.007195482415926076,0.0015008472939536715,9.478410451375421E-4,9.45713106269245E-4,6.606327301611284E-4,0.001311617858802113,9.326047962909224E-4,0.0013096149412004292,9.678696951933857E-4,0.0016375932009419021,7.449414851841157E-4,8.906237161444411E-4,7.729511649031318E-4,0.0010713372986684588,0.0010174211235642729,4.249405826985552E-4,5.374474128992976E-4,9.810849174275423E-4,0.0011996441228302387,6.827078927503126E-4,2.2579854618952182E-4,0.0012331614255715537,5.203281809942419E-5,0.0011315193151078384,8.460883001571095E-4,0.0029234781505239043,3.1638001627122417E-4],[0.001105380263935585,1.0,0.001093563403832084,3.195781673228642E-4,0.021995380187233852,2.2891498894167723E-4,0.0017362026083672971,0.0011832846056353502,6.613774545688671E-4,7.728916704379748E-4,0.002694736953946786,6.670352349427467E-4,0.009250017140723285,7.058865295334193E-4,2.512738878728367E-4,9.207360739519178E-4,0.001283603994710281,5.46871242674887E-4,0.001408425063989248,0.0010954765764767504,2.801888608052089E-4,0.0066333883661237065,0.007183061706768381,0.007840913906290107,0.0014092112644755648,4.4513161456292695E-4,9.052364814617754E-4,6.423708698933812E-4,9.393012118345835E-4,2.0863100675811097E-4,0.001033599753158034,4.2433713552562447E-4,0.0014363259993671242,6.719633733241208E-4,7.738260920997645E-4,8.957601143777294E-4,8.734612078726003E-4,1.7011911235540502E-4,5.97365282485031E-4,1.2547027604365202E-4,9.051317269789811E-4,4.804346303968369E-4,7.541439247397535E-5,3.38139908443283E-4,9.007023278719596E-4,8.541440117761915E-4,1.527434578742703E-4,1.7540489763170756E-4,0.008023845784184715,1.1855156171353377E-4],[0.0011992761858314787,0.001093563403832084,1.0,7.895015331391547E-5,0.016123402209299705,4.969511166049088E-4,0.0015230983161756153,0.001209879480883098,7.40287356654311E-4,5.823113954156339E-4,0.0016066249595626607,0.001095454692748033,0.027743600273478615,5.758536478824427E-4,6.362908416446974E-4,3.697704026052661E-4,0.02466924083200305,5.776227485339873E-4,0.0012645516479049923,0.0026736099779140887,0.0010265870995868813,0.0020766091011710525,0.003295013492744,0.004616070034887579,0.001397893883393175,2.4131919477002472E-4,2.328431129910896E-4,1.6762386918321E-4,9.580378980575356E-4,9.343163099072393E-4,0.001137039825113307,7.543979036731874E-4,0.001695830014594205,8.95762465225144E-4,7.007732888057868E-4,6.774354848342712E-4,4.744013416249051E-4,0.0010428256148532244,1.08975793758483E-4,4.1857422003379463E-4,2.4588227189708357E-4,7.841952314004203E-4,6.496804028102816E-4,7.220351826808987E-4,8.760796745026013E-4,3.102754750857428E-4,2.8745299837340906E-4,2.7896763228350396E-4,0.004124229811446098,6.34739738375389E-4],[7.281375443231327E-4,3.195781673228642E-4,7.895015331391547E-5,1.0,0.010310098901368397,2.120405035148246E-5,0.0014621521509249331,4.8103640008506025E-4,1.7184319390808864E-4,3.0910570870763964E-5,3.524457008238709E-4,9.538798573311064E-5,0.00796639070531198,3.5420133894112875E-5,3.936207828221996E-5,1.237495892539605E-4,0.006240945399120082,4.417070321868737E-5,0.0014444657339468885,0.0016426154616446579,1.8630290118298108E-4,4.486718938566824E-4,0.009752447406285527,0.001595543571074556,0.0018165212198462607,2.2233627084861633E-5,1.244281712069214E-4,4.5463254700780494E-5,7.693228578531473E-4,4.0222740692548185E-5,7.181934126801152E-4,1.1319126279264226E-4,0.0011335935306682155,2.252604224140961E-4,4.07650871144187E-4,1.2061158630163809E-4,1.0984013837447637E-4,4.965899673787216E-5,3.634610437974182E-5,3.553122685321866E-5,3.047855511381942E-5,8.95417964903268E-5,3.908117334696642E-5,1.615871319914868E-5,9.097279644472717E-5,1.1304563457060073E-5,2.8650080690930475E-5,4.1101224488343155E-5,0.0020585141435490693,2.6619844447613686E-5],[0.029302344921389965,0.021995380187233852,0.016123402209299705,0.010310098901368397,1.0,0.005014430663717858,0.00856128996015005,0.025655353208992957,0.007419848199926333,0.023354169823817408,0.005655348483540997,0.0072445969388925885,0.03242842318767735,0.004006870009153357,0.03294570400986799,0.0019201595297556706,0.038849033364382564,0.0015527566746422374,0.01435007723051032,0.033024541376039857,0.0016816254552371452,0.01921628341599204,0.019076139545549715,0.027918027656732423,0.030856410031758773,0.00825207549475397,0.0029034025052225914,0.005946116774032245,0.027127195432803803,0.00933696806388654,0.02201002833709926,0.006050057950654648,0.014980323776855296,9.778173437828574E-4,0.029638686022634666,0.010910241140386053,0.032971614378228244,0.03262765078636393,0.012900022146165702,0.02554960797573796,0.015233878935976046,0.021103231156768994,0.01597819020300569,0.025295923930242808,0.03303651837045351,0.021564832518634933,0.03367677966272465,0.013302998800372888,0.032412724651318295,0.029756785260516207],[0.0013065494979614119,2.2891498894167723E-4,4.969511166049088E-4,2.120405035148246E-5,0.005014430663717858,1.0,0.003108634803132405,1.7541551111935772E-4,2.711420782440771E-4,2.2736428651409317E-5,0.0024425984673505014,5.762922314314234E-5,0.02125654630809679,2.204036096031202E-5,3.570894304545574E-5,3.099608344917826E-4,0.013203261784721462,4.352959314390413E-5,2.1264251387816282E-4,0.0025725921549277085,1.5733476731729187E-4,0.008806647002361183,0.006004702157045001,0.007778538972760038,0.001399235742161476,1.5557767097726777E-5,1.8234860960854375E-4,2.5006036948153383E-5,3.341993607668975E-4,2.3920312578965574E-5,5.367209647812575E-4,2.862842896199638E-5,0.0013859293342243313,4.241806903630927E-4,1.7241773473774814E-4,1.8725886014620262E-4,1.3602551133541201E-4,1.967341615306304E-5,1.5988831139733704E-5,2.395535481221132E-5,2.0848590322150382E-5,5.304844488296816E-5,2.030740078720406E-5,1.5498246402785592E-5,3.5683712559201014E-4,1.475196391165582E-5,1.4791505618944545E-5,1.5490102936163197E-5,0.00835222514001341,1.6416536520082566E-5],[0.0018517104700070336,0.0017362026083672971,0.0015230983161756153,0.0014621521509249331,0.00856128996015005,0.003108634803132405,1.0,0.002635276427105291,0.001903921495140964,0.002940290067744688,0.0035534453937957284,0.00302960323201392,0.005370338791585961,4.946157042237672E-4,0.0017600889515932752,0.0033606184180016126,0.029684972184993382,9.21671601952563E-4,0.003136981738117893,0.0034793132266992145,5.565158972793819E-4,0.0058434693376376145,0.0034175261977940183,0.006189772117019633,0.002847151785642905,1.7032503328197365E-4,0.002163771010175589,0.0031825240427656378,0.001030771316461921,0.0020116225468956384,0.0026492364559188362,0.0028928697664766393,0.0031763868929786387,0.0013560940514890573,6.579796565993144E-4,0.0014944283370972933,9.303318075784737E-4,0.00114204768532793,2.303989729084609E-4,0.0018701369901799377,3.993878605327054E-4,0.00222248857941743,0.0014398650631812322,5.454732883305802E-5,0.002644261967148022,0.0032839099301470876,0.0017528022590855964,7.110730169073746E-4,0.005115072062273131,0.0031009990486771475],[0.001268065787918081,0.0011832846056353502,0.001209879480883098,4.8103640008506025E-4,0.025655353208992957,1.7541551111935772E-4,0.002635276427105291,1.0,9.940234329133327E-4,0.0011754577371924123,0.002498467554259848,3.981479453342999E-4,0.015566218159784971,8.920275242988584E-4,9.969992560588733E-4,7.654890951460016E-4,0.02991923321803103,2.994152606437862E-4,0.0012872193311196042,0.003405682295826184,8.108325599277685E-4,0.006276802862460957,0.0030130747754497167,0.0034016101634892796,0.001447782321080777,1.968834569501087E-4,0.0011866009522483061,3.5770741046280824E-4,0.0011318057831074015,6.803118768477411E-5,0.001242932008595384,2.963634379992781E-4,0.0016884817758920478,0.0010334621276789856,0.00115994306366364,0.0012024101928284515,4.8234387375329355E-4,3.977007928043487E-4,9.009807105956398E-5,7.520192042108331E-4,1.6908143255088868E-4,8.022851426004112E-4,6.464552989948361E-4,0.0012025881469317809,8.212161600263544E-4,0.0011323134926282414,2.8193630508461777E-4,9.88278634562924E-4,0.003983010289210836,1.3366581610687052E-4],[9.112401809173542E-4,6.613774545688671E-4,7.40287356654311E-4,1.7184319390808864E-4,0.007419848199926333,2.711420782440771E-4,0.001903921495140964,9.940234329133327E-4,1.0,1.6796051993620754E-4,5.00260277147256E-4,1.8678827951851322E-4,0.02316480958774023,3.1816968937991517E-4,3.4973120689104785E-4,3.403240575698056E-4,0.015533481618065807,2.961253516343983E-4,6.037600144388187E-4,0.002420743239577898,3.956949122445535E-4,0.0013761304185917846,0.0037573552363209927,0.0057947863212804195,0.0014980516559119077,2.4784940202184335E-5,3.5461354847339814E-4,1.6713472072134278E-4,8.903278738938384E-4,3.1511955632287355E-4,7.362855026347481E-4,2.464382645810159E-4,0.0016509237730837215,4.5284350823135644E-4,5.622579696352145E-4,2.649465328559E-4,4.3890631208409563E-4,9.320411055171333E-5,4.026044167484346E-4,2.615300281562834E-4,4.079176545916442E-4,1.9613241860791112E-4,4.320366686516179E-4,1.2628423413004692E-4,4.2998011230638E-4,3.861814341973793E-4,3.076024073227296E-4,4.728587586461806E-5,8.635226703135976E-4,2.0039031924609936E-4],[1.1713751926774224E-4,7.728916704379748E-4,5.823113954156339E-4,3.0910570870763964E-5,0.023354169823817408,2.2736428651409317E-5,0.002940290067744688,0.0011754577371924123,1.6796051993620754E-4,1.0,0.001967758489791482,1.1645303765052799E-4,0.031221811710069935,3.294603997602565E-5,3.219393853167195E-5,2.9872974664920776E-4,0.015084865985426703,4.509431205240208E-5,0.001189994727547785,0.0011507834573872646,1.1319313797657058E-4,0.0025187045233904756,0.007368879747038506,0.006194010948435972,9.976167370955977E-4,2.1188710501143225E-5,1.4660866518942142E-4,4.294724846533299E-5,7.820475297488196E-4,3.025596350101806E-5,6.908404019240067E-4,5.1809545544291794E-5,0.0016960310480320486,2.8204467343143996E-4,6.599239935207589E-5,1.0052967696405851E-4,3.3932373721945117E-4,3.866396308923411E-5,1.8736166926044976E-5,2.553172687740491E-5,2.9199503036754754E-5,8.520061848143933E-5,2.1031182141302945E-5,1.5936715685625158E-5,1.4514714761245165E-4,2.988788319067064E-5,1.5929066248325283E-5,2.7597659463859775E-5,5.245443753999717E-4,2.2003612208708285E-5],[0.0033643542997032973,0.002694736953946786,0.0016066249595626607,3.524457008238709E-4,0.005655348483540997,0.0024425984673505014,0.0035534453937957284,0.002498467554259848,5.00260277147256E-4,0.001967758489791482,1.0,0.0036617444048648393,0.0059894510923217854,1.631660331842612E-4,0.002556569906134449,0.0032467871240302246,0.005917494797960263,0.002498611608890848,0.0016648254092854163,0.0038421961802384053,0.0010017643688695478,0.006907997032206008,0.006464319141903216,0.007612982014410035,0.00238349152399524,4.4308475365231655E-4,0.002359135975109891,0.001718745550437573,0.003330667179757284,0.0010339885370851838,0.0013823922343458262,0.002958755938866371,0.0019329503902244319,0.001229721933466956,0.001480719117382088,0.0015878119703912248,0.0013595673284466558,0.003112815543208055,0.0022054690109029928,7.087581327873748E-4,0.001473891114802245,0.003648920746661552,0.0021912938126810574,7.548232398914723E-4,0.001136061982425968,0.0011013387670501518,0.0030970655167934275,0.0025621139832892044,0.007785012890208493,3.2142734408302477E-4],[8.379901198829337E-4,6.670352349427467E-4,0.001095454692748033,9.538798573311064E-5,0.0072445969388925885,5.762922314314234E-5,0.00302960323201392,3.981479453342999E-4,1.8678827951851322E-4,1.1645303765052799E-4,0.0036617444048648393,1.0,0.003933256962043511,1.4809537804174317E-4,7.285886011663636E-5,3.300760019085769E-4,0.03140682031402899,1.123183759451443E-4,0.0010478687773673944,0.00272479754825407,2.1113347238561062E-4,0.004666694554581027,0.006069986746763107,0.01009413828405112,0.0015535313943871487,8.629251202144046E-5,1.6222449374709444E-4,8.821144968219813E-5,1.6917232593516006E-4,1.4783231229629872E-4,0.0010308403265875644,1.5529336499615337E-4,9.67421247264179E-4,2.4108767804800134E-4,5.911802252779965E-4,2.1884878805767256E-4,4.0243621641939125E-4,1.215575369430368E-4,1.9968547407222056E-5,5.449611872220267E-5,3.6888264919144716E-5,1.2065643069613211E-4,2.4357547821313436E-5,1.4290300800016094E-4,3.425127238811687E-4,6.368635706548897E-5,4.655845100664876E-5,2.4903238604580933E-5,0.007947950667150936,1.30855916704158E-4],[0.024987786375177932,0.009250017140723285,0.027743600273478615,0.00796639070531198,0.03242842318767735,0.02125654630809679,0.005370338791585961,0.015566218159784971,0.02316480958774023,0.031221811710069935,0.0059894510923217854,0.003933256962043511,1.0,0.015714374667721277,0.01671255706197312,0.021117830095987295,0.034726098902983955,0.009416012591422,0.0036504984527802563,0.01314633603768168,0.011957131904405316,0.027463675007134952,0.03012062077239957,0.017513164948540105,0.01474259792321796,0.006377902752164067,0.025554461433082758,0.021248564448219955,0.00929931609215134,0.018538333420575284,0.013567221168584349,7.510341399276547E-4,0.024550496331930786,0.026728594430745115,0.02793702451493646,6.845513144404648E-4,0.007940045163608012,0.010796905644747981,0.0013304906742386579,0.011214742769924173,0.021551789273315764,0.029698228247476095,0.02901936940223041,0.01368078709980046,0.006891223923491267,0.026203902647021896,0.013452161496598595,0.022437230241004608,0.02657568645546727,0.0012818538757475625],[0.001201817618609489,7.058865295334193E-4,5.758536478824427E-4,3.5420133894112875E-5,0.004006870009153357,2.204036096031202E-5,4.946157042237672E-4,8.920275242988584E-4,3.1816968937991517E-4,3.294603997602565E-5,1.631660331842612E-4,1.4809537804174317E-4,0.015714374667721277,1.0,3.571526923044101E-5,4.516729837554526E-5,0.030539901530783033,3.977330002779144E-5,0.0013171645985489123,0.0032447388582644244,1.5792496304801432E-4,0.005570553307307167,0.002301797217742851,0.009665685149964692,6.37756663125941E-4,1.9748600650516448E-5,1.9578901395345602E-4,5.973934564161893E-5,4.339967550193246E-4,3.1264119569460375E-5,0.0011300459895937215,1.0318462312912131E-4,0.00117877840934617,1.7803605906395087E-4,3.700503768289177E-4,8.50375879468004E-5,3.589208592083609E-4,3.772441514157136E-5,3.255360078022036E-5,2.9163476020523263E-5,3.088530320957341E-5,1.1016609288257761E-4,2.966818330758043E-5,2.2128326444363094E-5,1.3164977026983423E-4,1.5216187552325766E-5,2.258202513889345E-5,2.0817830394723687E-5,0.00809611389134401,2.875723227065956E-5],[9.471259200604263E-4,2.512738878728367E-4,6.362908416446974E-4,3.936207828221996E-5,0.03294570400986799,3.570894304545574E-5,0.0017600889515932752,9.969992560588733E-4,3.4973120689104785E-4,3.219393853167195E-5,0.002556569906134449,7.285886011663636E-5,0.01671255706197312,3.571526923044101E-5,1.0,5.391634648382433E-5,0.03967835524367058,5.315970394637245E-5,8.821702929448819E-4,0.001035782723436486,9.654354704236755E-5,0.00598892230902774,0.003152417954213005,0.0071316865757228955,1.0926036109931365E-4,1.8839369773235693E-5,4.206740865454837E-5,6.0269963489715774E-5,5.607805329236187E-4,3.530033037026319E-5,1.591787830634166E-4,1.517878164381247E-4,4.0172331061757305E-4,3.869088968298619E-4,4.903382111631529E-4,1.5888886649944922E-4,2.2280580705250728E-4,4.424525582661164E-5,1.8394674990829544E-5,3.58885159315543E-5,2.950909506391087E-5,1.0049078253927006E-4,3.0472504208931648E-5,2.418797581516451E-5,1.7306975093613538E-4,2.909469937585736E-5,2.41340472769031E-5,2.425328743100451E-5,7.455161886606809E-4,2.9417540839880754E-5],[3.621135380726166E-4,9.207360739519178E-4,3.697704026052661E-4,1.237495892539605E-4,0.0019201595297556706,3.099608344917826E-4,0.0033606184180016126,7.654890951460016E-4,3.403240575698056E-4,2.9872974664920776E-4,0.0032467871240302246,3.300760019085769E-4,0.021117830095987295,4.516729837554526E-5,5.391634648382433E-5,1.0,0.008063511485342694,3.264114330068335E-4,8.476205862330258E-4,0.0015845401798892497,2.98794987422791E-4,0.0024580745286233753,0.00201218608710024,0.0012377944932065199,5.989667495544999E-4,1.3259080201573418E-4,3.0485054698381497E-4,2.0952908065708463E-4,8.458510010081092E-4,3.1468518419248623E-4,8.926627950049689E-4,2.479014132758826E-4,0.0012668784808193723,3.619683936065213E-4,3.665116149607486E-4,3.211092716397704E-4,3.971323573692231E-4,1.999782288187465E-4,1.0082636571126285E-4,2.715132976705277E-4,8.085797490105917E-5,2.234211858304933E-4,2.4016772783132996E-4,1.6458107197315187E-4,3.44288760748231E-4,8.16622858400434E-5,5.183690162109038E-5,8.911160468922272E-5,0.0022512775392138696,1.6730039731145853E-4],[0.028991137681416593,0.001283603994710281,0.02466924083200305,0.006240945399120082,0.038849033364382564,0.013203261784721462,0.029684972184993382,0.02991923321803103,0.015533481618065807,0.015084865985426703,0.005917494797960263,0.03140682031402899,0.034726098902983955,0.030539901530783033,0.03967835524367058,0.008063511485342694,1.0,0.003726604303949093,0.007494598390582192,0.01228971812344558,0.026695945274001157,0.02124119968976082,0.028114520918038104,0.015002816469937135,0.01807301888506042,0.029946258106411328,0.025509702018115057,0.02690025168426185,0.03556630416061863,0.0362727024327034,0.023574859195342027,0.00166469393734787,0.004336135421015033,0.024993741356163536,0.01853173542476102,0.007641212985116563,0.013383391193138678,0.035922948790428406,0.02053696365271756,0.02955647425096663,0.02763558742440144,0.03257867558288625,0.009974663000956611,0.015427285449683165,0.012515612753342233,0.02353150406811557,0.006656430720444346,0.022089556796191123,0.015176524726054474,0.008694192051392794],[4.4742791259885426E-4,5.46871242674887E-4,5.776227485339873E-4,4.417070321868737E-5,0.0015527566746422374,4.352959314390413E-5,9.21671601952563E-4,2.994152606437862E-4,2.961253516343983E-4,4.509431205240208E-5,0.002498611608890848,1.123183759451443E-4,0.009416012591422,3.977330002779144E-5,5.315970394637245E-5,3.264114330068335E-4,0.003726604303949093,1.0,0.0011682455684989255,0.0014331140312757525,1.372301370306195E-4,0.007815250579191297,0.007708836125521761,0.007950592861422698,9.776465049845737E-4,2.262771769986473E-5,1.6973197064263452E-4,5.9078175346206046E-5,4.3450730949513356E-4,2.8247389403472804E-5,3.105098565258862E-4,1.1027444078270357E-4,8.744249268825578E-4,4.301921393390113E-4,3.883106544135635E-4,1.706626453179521E-4,3.720577722729531E-4,5.447961087130084E-5,5.176974934438382E-5,3.2772808366603816E-5,2.899524847340824E-5,9.28278509832972E-5,5.1560935829376E-5,3.257774171738066E-5,3.08666689337815E-4,4.348697497010707E-5,1.8904871578498773E-5,3.191826438360657E-5,5.762279779933334E-4,2.356788896325048E-5],[0.0014035350979731184,0.001408425063989248,0.0012645516479049923,0.0014444657339468885,0.01435007723051032,2.1264251387816282E-4,0.003136981738117893,0.0012872193311196042,6.037600144388187E-4,0.001189994727547785,0.0016648254092854163,0.0010478687773673944,0.0036504984527802563,0.0013171645985489123,8.821702929448819E-4,8.476205862330258E-4,0.007494598390582192,0.0011682455684989255,1.0,0.0024212172143970186,7.365592439699703E-4,0.004989780001001075,0.003802242979314159,0.0014650274803851208,0.0015444768225558645,3.2831562800358195E-4,0.0010695816728075696,7.468168254564149E-4,9.057651754185744E-4,9.914795989080208E-5,0.0013477900538912979,0.0011884746420410788,0.0015474199675372185,0.0012085109610092304,6.899338965553588E-4,6.750290046472186E-4,0.0013422747464259662,1.1655776135660461E-4,5.34092378743645E-4,4.841887805154433E-4,9.933919756765547E-4,0.001329613711704067,0.0010257109318465892,3.0187804929935426E-4,3.681681078741692E-4,6.128162897620739E-4,0.0011918373429928672,7.148224287141728E-4,0.002559402921062834,0.0012070467966519502],[0.0035054094285387593,0.0010954765764767504,0.0026736099779140887,0.0016426154616446579,0.033024541376039857,0.0025725921549277085,0.0034793132266992145,0.003405682295826184,0.002420743239577898,0.0011507834573872646,0.0038421961802384053,0.00272479754825407,0.01314633603768168,0.0032447388582644244,0.001035782723436486,0.0015845401798892497,0.01228971812344558,0.0014331140312757525,0.0024212172143970186,1.0,0.0038997652063115103,0.005120648927335528,0.008577909103806115,0.00548993086307505,0.003709932220155846,0.0018666298474521031,0.0037598984972142977,2.466197853100731E-4,0.0011482434407805928,0.00257528266299226,0.002706668856862022,8.505728749566471E-4,0.0037532983537531305,0.001899813274364398,0.0020355916217778677,0.0030169218897292066,0.0029672648178382896,0.003925069272254401,6.893098098933337E-4,1.9193035028155044E-4,5.41218503314541E-4,0.002422046557444604,7.092616765651095E-5,0.003875042946254568,0.003256799491601965,0.0032731693558749287,0.0031270471039582448,0.003387928584917024,0.010844934990868783,0.002900943608071403],[0.0012026624361707874,2.801888608052089E-4,0.0010265870995868813,1.8630290118298108E-4,0.0016816254552371452,1.5733476731729187E-4,5.565158972793819E-4,8.108325599277685E-4,3.956949122445535E-4,1.1319313797657058E-4,0.0010017643688695478,2.1113347238561062E-4,0.011957131904405316,1.5792496304801432E-4,9.654354704236755E-5,2.98794987422791E-4,0.026695945274001157,1.372301370306195E-4,7.365592439699703E-4,0.0038997652063115103,1.0,0.0012832371528092906,0.005106343807177793,0.00306412543848291,0.0015049328312837305,6.732768765776976E-5,2.2858495987684572E-4,1.9959733001383422E-4,8.319404762910762E-4,1.7682413408483282E-4,6.261062803049406E-4,2.0522381340372305E-4,0.0015807815626749703,3.297616238033233E-4,2.835905345776476E-4,2.3332201013704252E-4,2.6327957301081864E-4,8.790409116200902E-5,3.556085310573596E-5,1.7229416868886867E-4,8.321600660510036E-5,1.7838400438951966E-4,2.0471852090173565E-4,1.8643409111705774E-4,2.828531653163291E-4,1.61818745169329E-5,8.294531697255392E-5,1.9432619414248435E-4,0.00545844190601797,1.2316426494236627E-4],[0.002465471390261806,0.0066333883661237065,0.0020766091011710525,4.486718938566824E-4,0.01921628341599204,0.008806647002361183,0.0058434693376376145,0.006276802862460957,0.0013761304185917846,0.0025187045233904756,0.006907997032206008,0.004666694554581027,0.027463675007134952,0.005570553307307167,0.00598892230902774,0.0024580745286233753,0.02124119968976082,0.007815250579191297,0.004989780001001075,0.005120648927335528,0.0012832371528092906,1.0,0.009444970064092699,0.00983670210323789,0.0067366742688363315,5.144426039224568E-4,0.00423260666255126,0.00900095269991637,0.005258359607402274,0.004648321426531698,0.005750008399516126,0.006570569948201602,0.0023082801834119248,0.006916422104737424,0.0060012608823888924,0.003187916843219355,0.008725550145079896,0.003841014479671687,0.0031079759658188375,0.004383081813303616,0.008958189973879467,0.002958128242723723,0.0042466120657197555,0.006458717615606347,0.007683646663110016,1.1603687562156045E-4,0.0019262601628609482,0.0017830784998696877,0.010201469169886485,0.007601450677092323],[0.005314168667868498,0.007183061706768381,0.003295013492744,0.009752447406285527,0.019076139545549715,0.006004702157045001,0.0034175261977940183,0.0030130747754497167,0.0037573552363209927,0.007368879747038506,0.006464319141903216,0.006069986746763107,0.03012062077239957,0.002301797217742851,0.003152417954213005,0.00201218608710024,0.028114520918038104,0.007708836125521761,0.003802242979314159,0.008577909103806115,0.005106343807177793,0.009444970064092699,1.0,0.010615705946174439,0.003421708784186875,0.004957811965104487,0.007748459406024472,0.0033297599407238012,0.0032930817411235,0.007185241791552607,0.0033737515316207218,0.005968402270312673,0.007433014425468909,0.0031593947279180802,0.011349095872195266,0.005820561447734815,0.008106428105567498,0.011427194904113317,0.002048127791011847,0.011011170017371596,0.001511861602277329,0.006509370521851591,0.0013457894449299412,0.00154722485826114,0.008441402750112601,0.007547090225060109,0.00752037668749535,0.001394414368300966,0.011722217526616405,0.005852720277111387],[0.007195482415926076,0.007840913906290107,0.004616070034887579,0.001595543571074556,0.027918027656732423,0.007778538972760038,0.006189772117019633,0.0034016101634892796,0.0057947863212804195,0.006194010948435972,0.007612982014410035,0.01009413828405112,0.017513164948540105,0.009665685149964692,0.0071316865757228955,0.0012377944932065199,0.015002816469937135,0.007950592861422698,0.0014650274803851208,0.00548993086307505,0.00306412543848291,0.00983670210323789,0.010615705946174439,1.0,0.007580862197531339,0.0058650123526154205,0.007796506518466473,0.010169154301644761,0.009267741411952567,0.00844668763249308,0.0044214818217144436,0.010137288071928333,0.004600866422486433,0.004240591251882564,0.00597232719861137,0.006820069858054096,0.006764436135718788,2.0969132237603355E-4,0.0062610010742431355,0.00941368054630968,0.01027969081613673,0.007971662003237552,0.0018379043484618028,0.0033912162249635476,0.010111638229205726,0.008077598161727704,0.0053994917006264425,0.008269727226481054,0.011334353597883304,0.008573266624916588],[0.0015008472939536715,0.0014092112644755648,0.001397893883393175,0.0018165212198462607,0.030856410031758773,0.001399235742161476,0.002847151785642905,0.001447782321080777,0.0014980516559119077,9.976167370955977E-4,0.00238349152399524,0.0015535313943871487,0.01474259792321796,6.37756663125941E-4,1.0926036109931365E-4,5.989667495544999E-4,0.01807301888506042,9.776465049845737E-4,0.0015444768225558645,0.003709932220155846,0.0015049328312837305,0.0067366742688363315,0.003421708784186875,0.007580862197531339,1.0,0.001970829166270037,0.0016875960271627252,0.0010802169398207069,0.0018842380931072419,5.39458948961092E-4,0.0016553562900690636,0.0014579502252451324,0.001789005840811458,6.6270682972462E-4,0.001649997456652967,7.305016605614716E-4,9.63167270110305E-4,0.0011749046890057566,0.001283971121716996,0.0014026986324522021,0.0013910878672322277,2.0741753497431647E-4,0.0011656797895664823,9.72840042709981E-4,5.173076917429054E-4,5.066101006363526E-4,1.1041522915862131E-4,0.0016586930681393604,0.0037100582592694874,0.0013832962293542626],[9.478410451375421E-4,4.4513161456292695E-4,2.4131919477002472E-4,2.2233627084861633E-5,0.00825207549475397,1.5557767097726777E-5,1.7032503328197365E-4,1.968834569501087E-4,2.4784940202184335E-5,2.1188710501143225E-5,4.4308475365231655E-4,8.629251202144046E-5,0.006377902752164067,1.9748600650516448E-5,1.8839369773235693E-5,1.3259080201573418E-4,0.029946258106411328,2.262771769986473E-5,3.2831562800358195E-4,0.0018666298474521031,6.732768765776976E-5,5.144426039224568E-4,0.004957811965104487,0.0058650123526154205,0.001970829166270037,1.0,6.935396699898947E-5,5.1480070957077855E-5,1.860813999229328E-4,2.2645276705821265E-5,6.819169637617027E-4,1.7618087570491105E-4,3.957720738596674E-4,4.127007476508368E-4,3.7929003494506925E-4,2.338789954222246E-4,3.643601539969401E-4,5.421507198305578E-5,1.455643499611599E-5,1.782351398948009E-5,2.308337381283947E-5,4.709128744636372E-5,1.843098473457833E-5,1.402664583851169E-5,3.0324115290715583E-5,1.3675719652865759E-5,1.3279097408311072E-5,1.3756450102592887E-5,0.008570231076439321,1.732304023312145E-5],[9.45713106269245E-4,9.052364814617754E-4,2.328431129910896E-4,1.244281712069214E-4,0.0029034025052225914,1.8234860960854375E-4,0.002163771010175589,0.0011866009522483061,3.5461354847339814E-4,1.4660866518942142E-4,0.002359135975109891,1.6222449374709444E-4,0.025554461433082758,1.9578901395345602E-4,4.206740865454837E-5,3.0485054698381497E-4,0.025509702018115057,1.6973197064263452E-4,0.0010695816728075696,0.0037598984972142977,2.2858495987684572E-4,0.00423260666255126,0.007748459406024472,0.007796506518466473,0.0016875960271627252,6.935396699898947E-5,1.0,1.3093948174393123E-4,5.059639279939499E-4,1.8301243257814713E-4,5.240772532294043E-4,2.2649473456624246E-4,5.119722394065277E-4,3.9856853008557664E-4,3.2283088969957164E-4,2.335621735555506E-4,3.407129678873623E-4,1.8325056232605945E-4,1.3555729944486858E-4,9.230865897103773E-5,2.1361859452496393E-4,2.0011296107873424E-4,4.6377664750997405E-5,1.7154707796124881E-4,3.0783677640460025E-4,1.0468226837222639E-4,1.6433940732363015E-4,1.7115955918191444E-5,0.010866098017886232,1.2718712854440658E-4],[6.606327301611284E-4,6.423708698933812E-4,1.6762386918321E-4,4.5463254700780494E-5,0.005946116774032245,2.5006036948153383E-5,0.0031825240427656378,3.5770741046280824E-4,1.6713472072134278E-4,4.294724846533299E-5,0.001718745550437573,8.821144968219813E-5,0.021248564448219955,5.973934564161893E-5,6.0269963489715774E-5,2.0952908065708463E-4,0.02690025168426185,5.9078175346206046E-5,7.468168254564149E-4,2.466197853100731E-4,1.9959733001383422E-4,0.00900095269991637,0.0033297599407238012,0.010169154301644761,0.0010802169398207069,5.1480070957077855E-5,1.3093948174393123E-4,1.0,2.786590159034441E-4,5.784857609331222E-5,4.711378142556368E-4,1.2268026907718478E-4,0.0013310577889333992,4.088876610567736E-4,1.0886799130548032E-4,1.77744840198878E-4,3.8341861527153593E-4,5.630572165507797E-5,4.3980560702977506E-5,4.3019245542995E-5,3.9877055177278055E-5,1.1505913482366174E-4,3.303654183249406E-5,4.1999358055791155E-5,1.8262769123539866E-4,1.5277023293795105E-5,5.319994942292929E-5,3.3608382507016276E-5,0.00929211415426834,3.174508845032951E-5],[0.001311617858802113,9.393012118345835E-4,9.580378980575356E-4,7.693228578531473E-4,0.027127195432803803,3.341993607668975E-4,0.001030771316461921,0.0011318057831074015,8.903278738938384E-4,7.820475297488196E-4,0.003330667179757284,1.6917232593516006E-4,0.00929931609215134,4.339967550193246E-4,5.607805329236187E-4,8.458510010081092E-4,0.03556630416061863,4.3450730949513356E-4,9.057651754185744E-4,0.0011482434407805928,8.319404762910762E-4,0.005258359607402274,0.0032930817411235,0.009267741411952567,0.0018842380931072419,1.860813999229328E-4,5.059639279939499E-4,2.786590159034441E-4,1.0,9.941019677360937E-5,0.0011422258905726807,6.68327866561983E-4,0.0015657992568209158,6.003714467066465E-4,6.164183634830351E-4,6.663867412262714E-4,4.559502492001501E-4,4.422481387972258E-4,8.602652367671031E-4,5.753839606288385E-4,3.0310695571147375E-4,6.425931422208498E-4,3.587561933602049E-4,7.515646919282879E-5,4.4703217691633866E-4,1.44127250995476E-4,3.587234721517689E-4,6.348173598629899E-4,0.010113531239272049,5.090967557690226E-4],[9.326047962909224E-4,2.0863100675811097E-4,9.343163099072393E-4,4.0222740692548185E-5,0.00933696806388654,2.3920312578965574E-5,0.0020116225468956384,6.803118768477411E-5,3.1511955632287355E-4,3.025596350101806E-5,0.0010339885370851838,1.4783231229629872E-4,0.018538333420575284,3.1264119569460375E-5,3.530033037026319E-5,3.1468518419248623E-4,0.0362727024327034,2.8247389403472804E-5,9.914795989080208E-5,0.00257528266299226,1.7682413408483282E-4,0.004648321426531698,0.007185241791552607,0.00844668763249308,5.39458948961092E-4,2.2645276705821265E-5,1.8301243257814713E-4,5.784857609331222E-5,9.941019677360937E-5,1.0,8.607926542205692E-4,6.834872279153114E-5,9.827381738532726E-4,3.208852313523401E-4,3.860922119790123E-4,2.0604869695905185E-4,3.4616551130709953E-4,2.6780503729006974E-5,2.541761967535268E-5,2.5570584297737527E-5,2.6604404954525345E-5,3.4368705155494604E-5,2.586331937559179E-5,1.690424224164679E-5,2.433534407679646E-4,2.0605495113447315E-5,2.1066551839141533E-5,1.5046909438654885E-5,3.4177646501911345E-4,1.8962503555689045E-5],[0.0013096149412004292,0.001033599753158034,0.001137039825113307,7.181934126801152E-4,0.02201002833709926,5.367209647812575E-4,0.0026492364559188362,0.001242932008595384,7.362855026347481E-4,6.908404019240067E-4,0.0013823922343458262,0.0010308403265875644,0.013567221168584349,0.0011300459895937215,1.591787830634166E-4,8.926627950049689E-4,0.023574859195342027,3.105098565258862E-4,0.0013477900538912979,0.002706668856862022,6.261062803049406E-4,0.005750008399516126,0.0033737515316207218,0.0044214818217144436,0.0016553562900690636,6.819169637617027E-4,5.240772532294043E-4,4.711378142556368E-4,0.0011422258905726807,8.607926542205692E-4,1.0,9.536074595326743E-4,0.001239402698134371,0.0012077122407138864,0.001093185925467744,5.839412510361646E-4,4.2438834522015E-4,5.074850241908329E-4,1.6788974383390387E-4,6.365267523480485E-4,6.391753576102914E-4,4.0052963696231156E-4,6.963827115576789E-4,0.0011703391229412276,9.66545742988405E-4,0.0010376847744726385,8.215654369942626E-4,2.491745210961662E-4,0.00974578211167006,2.2128660481533527E-4],[9.678696951933857E-4,4.2433713552562447E-4,7.543979036731874E-4,1.1319126279264226E-4,0.006050057950654648,2.862842896199638E-5,0.0028928697664766393,2.963634379992781E-4,2.464382645810159E-4,5.1809545544291794E-5,0.002958755938866371,1.5529336499615337E-4,7.510341399276547E-4,1.0318462312912131E-4,1.517878164381247E-4,2.479014132758826E-4,0.00166469393734787,1.1027444078270357E-4,0.0011884746420410788,8.505728749566471E-4,2.0522381340372305E-4,0.006570569948201602,0.005968402270312673,0.010137288071928333,0.0014579502252451324,1.7618087570491105E-4,2.2649473456624246E-4,1.2268026907718478E-4,6.68327866561983E-4,6.834872279153114E-5,9.536074595326743E-4,1.0,0.0011234926194063674,2.666568420884301E-4,5.432696811940112E-4,2.2414303524359336E-4,2.7780002428153883E-4,1.1651249405325975E-4,4.990393545631732E-5,1.4455816973703913E-4,1.8179471207583183E-4,1.5314836055376952E-4,5.9577196891432834E-5,1.0877091889559006E-4,2.635762422270574E-4,5.477318985499872E-5,4.4375788050905776E-5,8.722848166083081E-5,0.010044549897931222,5.6666182931562506E-5],[0.0016375932009419021,0.0014363259993671242,0.001695830014594205,0.0011335935306682155,0.014980323776855296,0.0013859293342243313,0.0031763868929786387,0.0016884817758920478,0.0016509237730837215,0.0016960310480320486,0.0019329503902244319,9.67421247264179E-4,0.024550496331930786,0.00117877840934617,4.0172331061757305E-4,0.0012668784808193723,0.004336135421015033,8.744249268825578E-4,0.0015474199675372185,0.0037532983537531305,0.0015807815626749703,0.0023082801834119248,0.007433014425468909,0.004600866422486433,0.001789005840811458,3.957720738596674E-4,5.119722394065277E-4,0.0013310577889333992,0.0015657992568209158,9.827381738532726E-4,0.001239402698134371,0.0011234926194063674,1.0,0.0015454332886001086,0.0010281998518277592,0.001253595925387162,4.5117176216954963E-4,5.924193116976223E-4,0.0015446715841624758,2.3687452277032842E-4,4.585722546334327E-5,5.058587124654968E-4,2.6705615631026963E-4,0.001467761630684745,6.329978363391936E-4,9.164574056510483E-4,9.635825291780769E-4,3.8239711627900604E-4,0.006430242336161449,4.389956981916571E-4],[7.449414851841157E-4,6.719633733241208E-4,8.95762465225144E-4,2.252604224140961E-4,9.778173437828574E-4,4.241806903630927E-4,0.0013560940514890573,0.0010334621276789856,4.5284350823135644E-4,2.8204467343143996E-4,0.001229721933466956,2.4108767804800134E-4,0.026728594430745115,1.7803605906395087E-4,3.869088968298619E-4,3.619683936065213E-4,0.024993741356163536,4.301921393390113E-4,0.0012085109610092304,0.001899813274364398,3.297616238033233E-4,0.006916422104737424,0.0031593947279180802,0.004240591251882564,6.6270682972462E-4,4.127007476508368E-4,3.9856853008557664E-4,4.088876610567736E-4,6.003714467066465E-4,3.208852313523401E-4,0.0012077122407138864,2.666568420884301E-4,0.0015454332886001086,1.0,5.115153302923428E-4,4.0963765829592875E-4,4.346538482496952E-4,2.635769039481805E-4,1.940593153831425E-4,1.565922999617697E-4,1.9983089100810482E-4,1.2262695269674875E-4,3.8903542613165875E-4,1.420274161496094E-4,3.751452525374709E-4,3.306193918196327E-4,3.124519982554541E-5,1.3001217108568104E-4,0.001849833714262274,4.459875547071525E-4],[8.906237161444411E-4,7.738260920997645E-4,7.007732888057868E-4,4.07650871144187E-4,0.029638686022634666,1.7241773473774814E-4,6.579796565993144E-4,0.00115994306366364,5.622579696352145E-4,6.599239935207589E-5,0.001480719117382088,5.911802252779965E-4,0.02793702451493646,3.700503768289177E-4,4.903382111631529E-4,3.665116149607486E-4,0.01853173542476102,3.883106544135635E-4,6.899338965553588E-4,0.0020355916217778677,2.835905345776476E-4,0.0060012608823888924,0.011349095872195266,0.00597232719861137,0.001649997456652967,3.7929003494506925E-4,3.2283088969957164E-4,1.0886799130548032E-4,6.164183634830351E-4,3.860922119790123E-4,0.001093185925467744,5.432696811940112E-4,0.0010281998518277592,5.115153302923428E-4,1.0,5.716305203566679E-4,4.5256826787126107E-4,4.1770404514566886E-4,2.0819050841930847E-4,2.3225383166628974E-4,4.971940333929202E-4,2.764441461348836E-4,2.8090072873379325E-4,2.0072166803684807E-4,5.865226128967135E-4,2.5989979229156676E-5,5.169389523760889E-4,3.9482016869913804E-4,0.008424098543473466,3.105408971059138E-4],[7.729511649031318E-4,8.957601143777294E-4,6.774354848342712E-4,1.2061158630163809E-4,0.010910241140386053,1.8725886014620262E-4,0.0014944283370972933,0.0012024101928284515,2.649465328559E-4,1.0052967696405851E-4,0.0015878119703912248,2.1884878805767256E-4,6.845513144404648E-4,8.50375879468004E-5,1.5888886649944922E-4,3.211092716397704E-4,0.007641212985116563,1.706626453179521E-4,6.750290046472186E-4,0.0030169218897292066,2.3332201013704252E-4,0.003187916843219355,0.005820561447734815,0.006820069858054096,7.305016605614716E-4,2.338789954222246E-4,2.335621735555506E-4,1.77744840198878E-4,6.663867412262714E-4,2.0604869695905185E-4,5.839412510361646E-4,2.2414303524359336E-4,0.001253595925387162,4.0963765829592875E-4,5.716305203566679E-4,1.0,2.860818272437177E-4,2.2059452808795475E-4,9.904258557458741E-5,7.15139768772655E-5,7.110852676531588E-5,1.223398277736468E-4,9.67998423141257E-5,1.5290739773285973E-4,3.254533541417773E-4,1.001040414256411E-4,1.5805926103682236E-4,8.847792455173464E-5,0.00968077127633932,1.211222770493252E-4],[0.0010713372986684588,8.734612078726003E-4,4.744013416249051E-4,1.0984013837447637E-4,0.032971614378228244,1.3602551133541201E-4,9.303318075784737E-4,4.8234387375329355E-4,4.3890631208409563E-4,3.3932373721945117E-4,0.0013595673284466558,4.0243621641939125E-4,0.007940045163608012,3.589208592083609E-4,2.2280580705250728E-4,3.971323573692231E-4,0.013383391193138678,3.720577722729531E-4,0.0013422747464259662,0.0029672648178382896,2.6327957301081864E-4,0.008725550145079896,0.008106428105567498,0.006764436135718788,9.63167270110305E-4,3.643601539969401E-4,3.407129678873623E-4,3.8341861527153593E-4,4.559502492001501E-4,3.4616551130709953E-4,4.2438834522015E-4,2.7780002428153883E-4,4.5117176216954963E-4,4.346538482496952E-4,4.5256826787126107E-4,2.860818272437177E-4,1.0,2.617780594939653E-4,2.3626393382606927E-4,1.962202594254132E-4,4.1034172487182017E-4,1.2330112763378272E-4,1.0900229102716478E-4,3.635069986541375E-4,3.836442901439049E-4,1.451145762394282E-4,3.193529098758493E-4,1.5316123189770521E-4,0.006224829958202451,4.093573758920152E-4],[0.0010174211235642729,1.7011911235540502E-4,0.0010428256148532244,4.965899673787216E-5,0.03262765078636393,1.967341615306304E-5,0.00114204768532793,3.977007928043487E-4,9.320411055171333E-5,3.866396308923411E-5,0.003112815543208055,1.215575369430368E-4,0.010796905644747981,3.772441514157136E-5,4.424525582661164E-5,1.999782288187465E-4,0.035922948790428406,5.447961087130084E-5,1.1655776135660461E-4,0.003925069272254401,8.790409116200902E-5,0.003841014479671687,0.011427194904113317,2.0969132237603355E-4,0.0011749046890057566,5.421507198305578E-5,1.8325056232605945E-4,5.630572165507797E-5,4.422481387972258E-4,2.6780503729006974E-5,5.074850241908329E-4,1.1651249405325975E-4,5.924193116976223E-4,2.635769039481805E-4,4.1770404514566886E-4,2.2059452808795475E-4,2.617780594939653E-4,1.0,3.479184758609193E-5,3.611561828124099E-5,5.1381163522560315E-5,6.440475816934381E-5,4.510041302419102E-5,3.257070773071381E-5,2.8735812834156365E-4,3.623905169984867E-5,3.244338881772788E-5,3.1032450480539804E-5,0.010741857743088916,3.1252990602584666E-5],[4.249405826985552E-4,5.97365282485031E-4,1.08975793758483E-4,3.634610437974182E-5,0.012900022146165702,1.5988831139733704E-5,2.303989729084609E-4,9.009807105956398E-5,4.026044167484346E-4,1.87361669260