[[1.0,6.998918630342866E-4,2.7543326129243555E-4,2.1877461477522216E-4,4.23763808295332E-4,2.578726988904814E-4,2.691880664739309E-4,3.0608854672175813E-4,2.9034755854189523E-4,2.2962964906693862E-4,4.774605628860618E-5,0.008718373950064195,2.617265398369282E-4,0.0024052908800616768,0.001889137885783495,0.006559774901687938,4.114851681684066E-5,4.546715371313388E-4,0.012555372885443665,1.2804024855645916E-4,7.796150121799747E-4,0.006508076193811771,2.7557026907114383E-4,6.508379501016651E-4,2.7664501536684045E-4,1.910447817528046E-4,2.0407371105314012E-4,6.969551341926344E-4,5.760272958405287E-4,2.528982546032254E-4,0.007402831587756607,5.889174876017928E-4,9.500263417045259E-4,4.378134606745252E-4,0.008343913152156103,4.053125960696496E-4,9.292176177505254E-4,0.0193040929542041,4.205171892081052E-4,2.0012001660346418E-4,2.284255465169652E-4,0.002200306585887709,0.0010440124843305038,4.691649106606691E-4,2.286099003824912E-4,7.275387973492785E-4,0.009738073204113174,1.805144460513342E-4,0.0010080783294233757,0.0010063224001700586],[6.998918630342866E-4,1.0,5.616550860741106E-4,2.5001497200891396E-4,0.001186271178418965,0.001004256654735052,2.8495272534995425E-4,0.001077461235454408,9.677107363726236E-4,7.790786383672996E-5,6.713359829191635E-4,0.00843242495030152,9.734907954266453E-4,0.0010838618886796012,0.0015770324795792694,0.018047846208563232,1.432570449203137E-4,0.001241185458003108,0.012802274981563668,1.3478759708619053E-4,0.022087172773301827,0.010569941679365384,7.638421372963142E-4,0.0010443882100431218,3.732652697782784E-4,4.5118614926420686E-4,0.0010342635305471716,0.001043997508370309,9.734319229312592E-4,8.112717398706665E-4,0.017336324637299647,0.0010491715972168532,0.002102173883021305,0.0012232541396554704,0.001759391905088186,7.209916984699632E-4,0.0010760543779374267,0.004130759137070213,0.0010746488050279843,3.6436880394974034E-5,1.366624326636747E-4,0.003696080954203415,0.0011710741027453528,9.33272117705792E-4,0.0010117160108442582,9.080057815395382E-4,0.015166788004492851,7.670466515792361E-4,0.0010466958784794889,0.0010444115895788552],[2.7543326129243555E-4,5.616550860741106E-4,1.0,2.5429140457630174E-4,3.1563972968976905E-4,3.2644240485106595E-5,2.597374226648072E-4,7.525657002732798E-4,2.6026492062095063E-4,6.344638452840073E-5,1.1670618474668283E-4,0.005629890743101959,2.5830383910662336E-4,0.0022562019140303586,5.511592997231589E-4,0.004265875671199635,2.461416649009591E-4,0.001143195527499018,0.010180132874582514,3.8293053543462443E-5,0.0196833544519755,0.009360221782816609,2.7000813503904095E-4,8.81525432051817E-4,2.6134322864705656E-4,1.7722276824413418E-4,5.8637588142999256E-5,3.321337664895656E-4,2.6717756058341634E-4,2.5507213784666514E-4,0.006722345710411508,4.977615322870131E-4,7.849049515248681E-4,9.605127015409181E-4,0.011238006527215584,2.5978468145446804E-4,7.038073883092475E-4,0.01825211062234201,9.27354994777783E-4,2.5411824161555076E-4,2.4396363853885787E-4,2.9213082089027024E-4,0.001195516897601083,8.208280301190418E-4,1.1510968988662008E-4,4.067060467145903E-4,0.005236112028633136,9.144236538194207E-5,9.48578607493239E-4,7.489250671995905E-4],[2.1877461477522216E-4,2.5001497200891396E-4,2.5429140457630174E-4,1.0,3.2410500435602887E-4,1.7394760192976366E-4,2.4085054411996802E-4,5.724314151116054E-4,1.8638033548835966E-4,1.5322422497160825E-4,8.314347543858699E-5,0.002424590415991596,2.2796087892589523E-4,0.006879546260389363,0.0022106762887722114,0.0062982921394487005,4.602097923087639E-5,2.0142822712575985E-4,0.011754419982701441,1.5356844793092307E-4,0.018719296507646362,0.0064687508850252776,2.4172921319283078E-4,6.964260752340454E-4,2.2171959429082477E-4,1.722034992616904E-4,9.998265172679801E-5,9.138927114715931E-4,5.289117559836558E-4,1.878226829936385E-4,0.006567767925114899,6.592674508373874E-4,0.0018431548477315276,0.001219204092690304,0.0018645435395834465,3.3355865162381656E-4,8.274063072701258E-4,0.020718802060300447,7.21078449114704E-4,5.682525395609265E-5,1.2131317201492857E-4,0.0011759767159876032,0.0012203957868958011,2.504262252480492E-4,1.0232487649971072E-4,4.900494165201708E-4,0.012905646876993577,1.3321964857942317E-4,2.6310210084475044E-4,0.0010070851600423704],[4.23763808295332E-4,0.001186271178418965,3.1563972968976905E-4,3.2410500435602887E-4,1.0,8.481452784388128E-4,5.380017128691348E-4,0.0012016200306915216,0.0013004365968662616,5.927994146440422E-4,8.222076801382331E-4,0.004135466608592958,3.5932450856143467E-4,0.0027819656580384284,0.0018500140374388277,0.0028007055026232175,9.643260414586371E-4,0.0012887274868763185,0.005718673194850652,2.6648019769490004E-4,0.02456912898278118,0.00844979171302652,3.3449376493392745E-4,0.001217556241879348,6.130984233831033E-4,8.655404416166645E-4,0.001226589795107305,0.0012853218783535532,8.875397407260145E-4,9.782578174035625E-4,0.007485961318427201,0.001301805214757725,0.001823933716160175,0.0013298366178243735,0.011701709612046066,6.816352445854205E-4,0.0013333966432797321,0.011519177246773739,0.0013068232224074743,8.495842597783024E-4,7.875847507018761E-4,0.002897764806037477,0.0013328352316110204,9.277225902701502E-4,1.0570340962379483E-4,0.0012873404427804164,0.007974454698651403,2.8669283518660316E-4,0.0012490128746884864,0.0011505102936411962],[2.578726988904814E-4,0.001004256654735052,3.2644240485106595E-5,1.7394760192976366E-4,8.481452784388128E-4,1.0,2.4771659061673363E-5,2.7863270783697145E-4,1.7166193735083867E-4,1.3967554062354523E-5,2.1486258269643343E-5,0.006122281164749346,2.0904617478866697E-4,0.005568018723323341,0.0019814782533856402,0.0034584241521729156,1.6262667501976413E-5,2.123735455812054E-5,0.007326218350669068,1.3823488692437191E-5,0.011763976504569276,0.005175329325980635,4.4610965799735164E-5,9.401025462083099E-4,1.0381573524172939E-4,6.022569215176693E-5,1.5602817997160998E-5,8.312761568084715E-4,4.796802112262644E-4,1.8702264411298244E-5,0.013149643491121951,0.0011691699508147317,6.597494955886928E-4,2.9112015804210595E-4,0.003105761016404731,1.1727446790927378E-4,2.3538228207865627E-4,0.0013660290371939419,4.855359232697128E-5,1.4583654881157567E-5,1.1291332082393376E-5,0.001137864353864972,0.0012220121980971424,4.809980568341326E-4,1.2414984400443947E-5,2.774738252978416E-4,0.006706279309391784,1.4320344465406584E-5,9.072899583629954E-4,6.275710209819464E-4],[2.691880664739309E-4,2.8495272534995425E-4,2.597374226648072E-4,2.4085054411996802E-4,5.380017128691348E-4,2.4771659061673363E-5,1.0,4.010031425816014E-4,2.74940504390364E-4,7.73730777155554E-5,6.7284701608538E-5,0.001994448903397596,2.480503519092956E-4,0.002592935680855519,0.0010270370539932382,0.005362859454141421,1.2959962833205348E-4,3.5565153845716786E-4,0.014018860061990449,1.6107409289776883E-4,0.006046010171879792,0.00501746710733275,2.650247333218398E-4,8.446178465704494E-4,2.744541299177473E-4,1.9514703612717453E-4,1.4512131352389148E-4,5.125726190933482E-4,4.1031077265929835E-4,2.5281659888602015E-4,0.01648424571591824,7.438483963498104E-4,4.282370561394835E-4,0.0014070143380418038,0.004884327721961926,3.2545880682821604E-4,6.922427149907609E-4,0.0038175241454053628,6.550553769933836E-4,6.930609562904002E-5,3.538778004842144E-5,0.0015071366043962714,3.5172807921514317E-4,3.868620779513499E-4,2.1431562157427645E-4,4.991319866484532E-4,0.004992654085563302,2.209946941068052E-4,5.056402827062411E-4,8.71272043390182E-4],[3.0608854672175813E-4,0.001077461235454408,7.525657002732798E-4,5.724314151116054E-4,0.0012016200306915216,2.7863270783697145E-4,4.010031425816014E-4,1.0,7.081815302619445E-4,2.569308158294819E-4,6.07972606522129E-4,0.004685330633976411,0.0010140524574244983,0.0061307846514293204,0.002036831660063002,0.01599772859289149,4.601860809102082E-4,0.0012365257635517418,0.010198629059127572,3.3617144500421725E-4,0.022740397986594562,0.0025146432007602647,2.8757374064335975E-4,0.0010619616561407584,0.0010919841740693662,0.0011273158493078997,5.211931400026044E-5,0.0010854435455369216,8.345855771142744E-4,6.679528375338513E-4,0.00995324006942092,0.0011838799224153022,0.0019381561919861446,0.0012490751759389003,0.010083951885768836,7.106228793314427E-4,0.0012167839696374568,0.0038033340460319133,0.0013022887185630133,9.553123364036857E-4,1.5555035501193585E-4,0.0026986493417893546,0.0012452678772537197,9.909018464338297E-4,8.212877702179351E-4,8.950112085580629E-4,0.008704820059342524,2.239905642184022E-4,0.0011475542145682122,0.0010852552802128167],[2.9034755854189523E-4,9.677107363726236E-4,2.6026492062095063E-4,1.8638033548835966E-4,0.0013004365968662616,1.7166193735083867E-4,2.74940504390364E-4,7.081815302619445E-4,1.0,3.942697752158009E-5,2.916524359704405E-4,0.00809328207580115,2.902762740341603E-4,0.001541720806040851,9.419886719183857E-4,0.007139819604992452,2.1099387718317807E-4,3.234780883619843E-4,0.002342547022068462,1.7120936886762668E-4,0.004777311859432413,0.010577829378840185,2.7603676213173626E-4,5.627542442169364E-4,2.969632931515535E-4,2.646053138989486E-4,6.950813522945968E-5,0.0010264272948232538,3.95239320161584E-4,2.834910610308255E-4,0.009960928971759802,0.001011674964832652,0.0012966002782224526,3.7365467831570033E-4,0.001732497212247973,3.249961506109317E-4,0.0013481256525572178,0.029901593860316406,7.132574969831328E-4,2.312082778701473E-5,1.7528954398723172E-4,0.002291905233086523,5.489891059966036E-4,3.7406091838060703E-4,8.021823389076607E-5,8.031568070946439E-4,0.005731237053106138,1.2773247378087765E-4,6.838733436559498E-4,7.935375415412773E-4],[2.2962964906693862E-4,7.790786383672996E-5,6.344638452840073E-5,1.5322422497160825E-4,5.927994146440422E-4,1.3967554062354523E-5,7.73730777155554E-5,2.569308158294819E-4,3.942697752158009E-5,1.0,1.9175493752369176E-5,0.008953028387331275,2.9462060811085785E-5,3.180183035942498E-4,0.0017039579483594757,0.0025338798581944744,1.7894941020577323E-5,4.534070066845455E-4,0.007385743086401347,2.215562734708495E-5,0.02449264450990286,0.006800195922060514,3.0258578226321913E-5,7.640325200283377E-4,1.5980697583929635E-4,3.8630539988083275E-5,2.5030316896247588E-5,6.135067976346885E-5,2.9420632985712586E-4,7.888690835068844E-5,0.005857466321750703,8.891756102860842E-4,5.080901831048463E-4,0.0011751950522520761,0.0050045859952286735,1.5307726238367718E-4,0.0012039166982365243,0.03726373475758141,2.5387281881551304E-4,1.7404759450706436E-5,1.5221299289890767E-5,8.567227540054311E-4,8.019397449275055E-4,5.160925582328542E-4,1.6380589594225427E-5,4.086839630065546E-4,0.004013300530541326,1.6948421921712216E-5,8.902404182459528E-4,8.831485796059069E-4],[4.774605628860618E-5,6.713359829191635E-4,1.1670618474668283E-4,8.314347543858699E-5,8.222076801382331E-4,2.1486258269643343E-5,6.7284701608538E-5,6.07972606522129E-4,2.916524359704405E-4,1.9175493752369176E-5,1.0,0.007313170736165341,2.3241836788080253E-4,0.004557503513022635,8.531280313263649E-4,0.014327516086018743,1.9975077201240563E-5,6.07341202495404E-4,0.0034246750539491107,2.6449177138111132E-5,0.01254302104642374,1.01275831054417E-4,1.2942707591486683E-4,4.015527445245312E-4,1.1252425365438188E-4,1.4082450729292268E-4,2.6243408038895057E-5,6.626419091131441E-4,1.738181366891227E-4,1.4169816475144529E-4,0.012013086627462057,9.281359625718654E-4,0.0013609026046831438,0.0013923480123393566,7.554570667899263E-4,3.702756699791171E-5,1.238014526259608E-4,0.030910174032168506,3.0514000364541375E-4,1.6647687582126176E-5,2.0696423401238755E-5,6.973090859180663E-4,4.940022281150057E-4,7.179630191130225E-4,1.95612481610849E-5,3.9211180348550827E-4,0.017264525152313047,1.879190803997334E-5,9.505300554364519E-4,9.006530712844679E-4],[0.008718373950064195,0.00843242495030152,0.005629890743101959,0.002424590415991596,0.004135466608592958,0.006122281164749346,0.001994448903397596,0.004685330633976411,0.00809328207580115,0.008953028387331275,0.007313170736165341,1.0,0.003205399105464885,0.012706761627076252,0.009536346779351456,0.0154300594298764,0.013236148435463606,0.008092653100970302,0.014003451354447983,0.008931281430648462,0.02970109683295158,0.01219473165398714,0.0017634200264601413,0.007925028096909396,5.233617659391811E-4,0.011185369145780024,0.007032954554527537,0.01128353586442177,0.010385934400616515,0.010598382682249856,0.014762550105829834,0.0017455729524324072,0.010434601977822111,0.012153035440850583,0.012249954626102554,0.002347408452577632,0.005827572109694524,0.014746624359986596,0.005250461510463422,0.001779439898932831,0.006607195377304385,0.007520610747663015,0.010894166903716028,0.008370171706291679,0.013613507845992402,0.008771542774420825,0.01997081469274011,0.011194651016601009,0.010432219407382363,0.010101259193443362],[2.617265398369282E-4,9.734907954266453E-4,2.5830383910662336E-4,2.2796087892589523E-4,3.5932450856143467E-4,2.0904617478866697E-4,2.480503519092956E-4,0.0010140524574244983,2.902762740341603E-4,2.9462060811085785E-5,2.3241836788080253E-4,0.003205399105464885,1.0,0.00791600893143466,7.182003307175855E-4,0.007579068935615437,4.233365765107878E-5,8.358761830778985E-4,0.006445015958068096,1.1574071562988861E-4,0.004879374246638222,0.00441931906851542,2.720286952470131E-4,5.552887647803505E-4,2.6924220349786005E-4,2.162234360058278E-4,2.3757774029732566E-4,9.090886800927156E-4,6.642694338181377E-4,2.4525720631315767E-4,0.013950942151771747,2.604434634122849E-4,7.63251262708355E-4,4.2344804902190675E-4,0.0015207101029891027,3.3741220807493243E-4,9.281008722975187E-4,0.03187890905775707,0.0013062570294439752,1.3217740788369644E-4,2.9599554838552522E-5,0.004441241605226083,2.448182529166692E-4,2.5067603776421853E-4,2.1426735889590276E-5,2.9486797894494045E-4,0.019583480300466135,8.615241805551422E-5,8.841725145228663E-4,7.004655274114355E-4],[0.0024052908800616768,0.0010838618886796012,0.0022562019140303586,0.006879546260389363,0.0027819656580384284,0.005568018723323341,0.002592935680855519,0.0061307846514293204,0.001541720806040851,3.180183035942498E-4,0.004557503513022635,0.012706761627076252,0.00791600893143466,1.0,0.0037664976241879164,0.013425881030443083,0.005115767493749967,0.0018241044978303477,0.012805106364851836,2.8272289835900704E-4,0.019536841375849538,0.008795487850030094,0.003074405216931035,0.003447203570219835,0.003977259634579762,0.005178176060394432,0.002158036752821859,0.007501410239765581,0.005394818097375149,5.181019658086763E-4,0.017679746686524667,0.006112294355901931,0.002897469302973389,0.007692616352698569,0.009267174536796735,0.008456480821397617,0.0069839996920446805,0.03405303155222911,0.006376233959159465,0.00821268750017452,0.006623111426332853,0.006935832895931457,0.007986187882866133,0.008060729574434919,0.003907876751800044,0.0051414588788691274,0.018770466600245936,3.601104310454083E-4,0.001920104332037491,0.004624102870557014],[0.001889137885783495,0.0015770324795792694,5.511592997231589E-4,0.0022106762887722114,0.0018500140374388277,0.0019814782533856402,0.0010270370539932382,0.002036831660063002,9.419886719183857E-4,0.0017039579483594757,8.531280313263649E-4,0.009536346779351456,7.182003307175855E-4,0.0037664976241879164,1.0,0.009800100566938296,0.0020968928849388283,0.0019314534358141678,0.005429277026261826,0.0010829837129116963,0.01699683132303255,0.011299619514252563,0.0019580878117974373,0.0017294641510075398,0.0017005661184778882,0.0020301962291242003,4.7085703462016896E-5,0.0010539204337298156,7.01799764826087E-4,5.850182971447147E-4,0.003760387855833539,0.001929965366731655,0.0022441486226456447,0.0019439834193889973,0.006088813707302593,0.0016945936502230062,0.0017944537843284515,0.010182842481138252,0.0016313705250283167,5.278568914032046E-4,3.854781666885132E-4,0.003193741877062487,0.0015649831947396019,0.001472709810257762,0.001476646136108163,0.00186549513126748,0.015615968824489656,1.237341023783659E-4,0.0013297856715004345,0.0018352234430178763],[0.006559774901687938,0.018047846208563232,0.004265875671199635,0.0062982921394487005,0.0028007055026232175,0.0034584241521729156,0.005362859454141421,0.01599772859289149,0.007139819604992452,0.0025338798581944744,0.014327516086018743,0.0154300594298764,0.007579068935615437,0.013425881030443083,0.009800100566938296,1.0,0.0037728330092352685,0.002724559667462916,0.014351888253092254,0.016183297389622247,0.02365811226400122,0.013848574816945918,0.017464936499148608,0.006569359239611685,0.017185300731944308,0.017020511723856407,0.01908442007638566,0.016570205820075106,0.009118770746618647,0.018572107760525182,0.01811982758799518,0.008300666593207957,0.0077362803647405345,0.012153254083408182,0.012725828248532228,0.019024029628330438,0.006106179311332479,0.02447926319622585,0.015792114072475612,0.005925344300814954,0.006139634472655679,0.018792984241385056,0.019026739803165216,0.01705339087397937,0.013571315951744508,0.005754778671223738,0.020887254719861817,0.002207513003310646,0.007875646799869462,0.004251311304103019],[4.114851681684066E-5,1.432570449203137E-4,2.461416649009591E-4,4.602097923087639E-5,9.643260414586371E-4,1.6262667501976413E-5,1.2959962833205348E-4,4.601860809102082E-4,2.1099387718317807E-4,1.7894941020577323E-5,1.9975077201240563E-5,0.013236148435463606,4.233365765107878E-5,0.005115767493749967,0.0020968928849388283,0.0037728330092352685,1.0,3.521236694034985E-4,0.004859343376245083,2.501103436315001E-5,0.018373408792985275,0.0069150194378696005,6.158424223280858E-5,2.6903618085582294E-4,2.3081125922377792E-4,1.313728024301153E-4,2.0842897657452125E-5,4.718248512836924E-4,6.306985742552065E-4,8.736834950721669E-5,8.687327444457686E-4,2.598695994541514E-5,0.002025987505957539,6.985924316902753E-4,0.005908816118588219,7.171835899108913E-5,2.3794281970081451E-4,0.004090950119764508,0.0012575820129205628,1.683562638655322E-5,1.6491880816175302E-5,0.0036647222072106063,0.0013272092234410872,2.503990154621937E-4,1.547396833179254E-5,7.921196313352431E-4,0.007348907714953789,1.6555985590673107E-5,3.7497642964308793E-4,4.048203144333415E-4],[4.546715371313388E-4,0.001241185458003108,0.001143195527499018,2.0142822712575985E-4,0.0012887274868763185,2.123735455812054E-5,3.5565153845716786E-4,0.0012365257635517418,3.234780883619843E-4,4.534070066845455E-4,6.07341202495404E-4,0.008092653100970302,8.358761830778985E-4,0.0018241044978303477,0.0019314534358141678,0.002724559667462916,3.521236694034985E-4,1.0,0.006851831847295358,7.242084908992419E-4,0.010775732544144868,0.007011978436245037,4.862318176625146E-4,0.00115675469872658,0.0010081400693824163,6.09220106777139E-4,9.537802168506179E-4,0.0010552457810386784,0.0011933592210760613,6.266480615006287E-4,0.01130286344919345,0.001251589768067778,0.0016133826118220856,0.0013917211782815198,0.008628113445652941,7.350493976088746E-4,0.001249893725736385,0.021916555382765244,0.0013049483320362125,0.001190394497898385,5.391718896713244E-4,0.0038345314706060654,0.0012653666307034924,0.001204700436539728,2.3171176386609222E-5,0.0011433300298025462,0.011515260264809552,3.51878911191707E-4,0.0011133245089840326,0.0010812651626260113],[0.012555372885443665,0.012802274981563668,0.010180132874582514,0.011754419982701441,0.005718673194850652,0.007326218350669068,0.014018860061990449,0.010198629059127572,0.002342547022068462,0.007385743086401347,0.0034246750539491107,0.014003451354447983,0.006445015958068096,0.012805106364851836,0.005429277026261826,0.014351888253092254,0.004859343376245083,0.006851831847295358,1.0,0.008116761930984142,0.016061804104732322,0.013531671657632341,7.656159297042271E-4,0.013059788244776133,0.010078905047223086,0.01400157592220478,0.011016514262723888,0.012057807080071375,0.012883254472693994,0.006083544287145023,0.01504491525788502,0.010977603353143973,0.011867579908426388,0.00947402503633352,0.013380422900824076,0.0013524437089113646,0.011647462861032664,0.032058441297102384,0.013358564751344804,0.007379010016404473,0.009460177346682372,0.012675913780536344,0.002444873925675192,0.008189939261421418,0.003781827938759002,0.0037996321970412165,0.019448274370903636,0.0035074803381401347,0.009360597245772439,0.0013925126410907953],[1.2804024855645916E-4,1.3478759708619053E-4,3.8293053543462443E-5,1.5356844793092307E-4,2.6648019769490004E-4,1.3823488692437191E-5,1.6107409289776883E-4,3.3617144500421725E-4,1.7120936886762668E-4,2.215562734708495E-5,2.6449177138111132E-5,0.008931281430648462,1.1574071562988861E-4,2.8272289835900704E-4,0.0010829837129116963,0.016183297389622247,2.501103436315001E-5,7.242084908992419E-4,0.008116761930984142,1.0,0.03152922710648245,0.009688217336996917,2.879723338718985E-5,3.951322453528558E-4,2.6066979310595975E-4,4.766578187549749E-5,2.653167724016991E-5,9.621135066869852E-4,2.165352552186262E-4,1.0796230072110578E-4,0.016824592709849984,0.001150752820301169,0.0015588351932281752,8.5407975326195E-4,0.007109749032339689,4.266085903777798E-5,6.352130048183762E-4,0.03431973523738359,7.539789358367952E-4,2.28336494149025E-5,2.0969351860331282E-5,8.703605411576242E-4,6.241212987589753E-4,7.202089131951309E-4,1.3673201630500546E-5,1.3777164881551967E-4,0.019173021062967754,1.6171421163436833E-5,5.996990063397813E-5,5.677983586335832E-4],[7.796150121799747E-4,0.022087172773301827,0.0196833544519755,0.018719296507646362,0.02456912898278118,0.011763976504569276,0.006046010171879792,0.022740397986594562,0.004777311859432413,0.02449264450990286,0.01254302104642374,0.02970109683295158,0.004879374246638222,0.019536841375849538,0.01699683132303255,0.02365811226400122,0.018373408792985275,0.010775732544144868,0.016061804104732322,0.03152922710648245,1.0,0.012254587443540303,0.0012666672627511836,0.022874058546686716,0.0103085478043214,0.003913909546374542,0.01560349361927288,0.007728245824313801,0.004464624433273233,0.006102542882670822,0.018567542213397,0.015570298828991906,0.016436023719214377,0.028725379224347786,0.027134461645238722,0.012169893297322931,0.01290836509097497,0.03357006059919408,0.02485848892442885,0.03083877831487973,0.022612950066758567,0.019491010610881647,0.026990641116063398,0.006537104640750312,0.025473449023906435,0.029085651291172885,0.028685963612566402,0.029318583348168954,0.024623585273961406,0.025259953835101184],[0.006508076193811771,0.010569941679365384,0.009360221782816609,0.0064687508850252776,0.00844979171302652,0.005175329325980635,0.00501746710733275,0.0025146432007602647,0.010577829378840185,0.006800195922060514,1.01275831054417E-4,0.01219473165398714,0.00441931906851542,0.008795487850030094,0.011299619514252563,0.013848574816945918,0.0069150194378696005,0.007011978436245037,0.013531671657632341,0.009688217336996917,0.012254587443540303,1.0,0.005395499817900842,0.008166957377707118,0.008098697096747489,0.0014145697703192499,0.002810222505947026,0.004046189478539572,0.007996412928778888,0.010843870153635091,0.017572075468657706,0.007913767658256405,0.00643406888685865,0.0068362206687142294,0.011644065082328512,0.010530513117896545,0.0047674019258712045,0.02135535573682169,0.009254000934195056,0.0014427813528729318,0.001360756964313254,0.006254488980727153,0.002645951282954602,0.005094514755505036,5.702739252029513E-4,0.009060410097420408,0.016194576345395017,0.011421920395494094,0.01034409378285701,0.0086813608895967],[2.7557026907114383E-4,7.638421372963142E-4,2.7000813503904095E-4,2.4172921319283078E-4,3.3449376493392745E-4,4.4610965799735164E-5,2.650247333218398E-4,2.8757374064335975E-4,2.7603676213173626E-4,3.0258578226321913E-5,1.2942707591486683E-4,0.0017634200264601413,2.720286952470131E-4,0.003074405216931035,0.0019580878117974373,0.017464936499148608,6.158424223280858E-5,4.862318176625146E-4,7.656159297042271E-4,2.879723338718985E-5,0.0012666672627511836,0.005395499817900842,1.0,3.710352611302896E-4,2.7507464235532354E-4,2.4065101783329244E-4,1.9875322870185194E-4,9.890690841596356E-4,5.700505551215055E-4,2.675843103385733E-4,0.009918068469304845,4.4671841095654877E-4,9.47602149029654E-4,3.952065490044512E-4,0.003914555634835817,3.322926951112429E-4,0.001007295175600761,0.025458077308632077,6.748619014209858E-4,2.2195407328042053E-4,1.562908756420494E-4,8.597371773118173E-4,3.761536977102386E-4,7.031915875362836E-4,1.2178580483829905E-4,6.880960286874277E-4,0.020094294631563727,8.117966472038544E-5,8.909154620915365E-4,6.567230192997119E-4],[6.508379501016651E-4,0.0010443882100431218,8.81525432051817E-4,6.964260752340454E-4,0.001217556241879348,9.401025462083099E-4,8.446178465704494E-4,0.0010619616561407584,5.627542442169364E-4,7.640325200283377E-4,4.015527445245312E-4,0.007925028096909396,5.552887647803505E-4,0.003447203570219835,0.0017294641510075398,0.006569359239611685,2.6903618085582294E-4,0.00115675469872658,0.013059788244776133,3.951322453528558E-4,0.022874058546686716,0.008166957377707118,3.710352611302896E-4,1.0,5.463166535812321E-4,5.104468427727274E-4,5.608527518341502E-4,0.0010454955691327754,8.119898969407573E-4,7.544674463976066E-4,0.013519775689614459,0.0012610861769387794,0.0015864981395948248,0.001166700984135203,0.011442867469280714,6.144833232253512E-4,0.0011231354990763997,0.019533989656220718,0.0010494273105507426,3.7251564123790443E-4,3.0708081301622216E-4,0.0019916993886752426,0.0011927666329725388,0.001014281776766272,8.2934461524682E-4,8.868135090575175E-4,0.002186264545747349,2.0649681803545288E-4,0.0010599647324086713,0.0010458047088508944],[2.7664501536684045E-4,3.732652697782784E-4,2.6134322864705656E-4,2.2171959429082477E-4,6.130984233831033E-4,1.0381573524172939E-4,2.744541299177473E-4,0.0010919841740693662,2.969632931515535E-4,1.5980697583929635E-4,1.1252425365438188E-4,5.233617659391811E-4,2.6924220349786005E-4,0.003977259634579762,0.0017005661184778882,0.017185300731944308,2.3081125922377792E-4,0.0010081400693824163,0.010078905047223086,2.6066979310595975E-4,0.0103085478043214,0.008098697096747489,2.7507464235532354E-4,5.463166535812321E-4,1.0,1.7192590767256457E-4,2.043257308064497E-4,9.350493389122347E-4,6.362093956292416E-4,2.760678841871214E-4,0.015364434170681403,6.382097792945E-4,4.864909776807282E-4,8.854641377813233E-4,0.0013146441396219134,3.669999181147622E-4,7.30845220162153E-4,0.002349092491354178,0.0011974420314125975,1.3468165231623368E-4,1.4274500078716688E-4,0.003838424473312658,0.0010734438472087095,6.305835193456779E-4,2.1866569470480134E-5,3.734099685882081E-4,0.003541745652695484,9.61667662238496E-5,4.924975400617109E-4,8.308814349483767E-4],[1.910447817528046E-4,4.5118614926420686E-4,1.7722276824413418E-4,1.722034992616904E-4,8.655404416166645E-4,6.022569215176693E-5,1.9514703612717453E-4,0.0011273158493078997,2.646053138989486E-4,3.8630539988083275E-5,1.4082450729292268E-4,0.011185369145780024,2.162234360058278E-4,0.005178176060394432,0.0020301962291242003,0.017020511723856407,1.313728024301153E-4,6.09220106777139E-4,0.01400157592220478,4.766578187549749E-5,0.003913909546374542,0.0014145697703192499,2.4065101783329244E-4,5.104468427727274E-4,1.7192590767256457E-4,1.0,4.3688125438301936E-5,1.8712252153294318E-4,5.202184388812502E-4,2.0440175950411964E-4,0.008140995461009158,9.129610164976947E-4,9.755934385789887E-4,6.539851152365302E-4,0.005187472831903359,1.657845949172602E-4,7.567746101485193E-4,0.028100973858811253,9.503535033807119E-4,4.2222376046022016E-5,1.2594357000169143E-4,0.002248188013502815,5.175470477812726E-4,2.9956451773358446E-4,9.388014568310691E-5,8.699483878967226E-4,0.019408094190321582,1.0265655204117415E-4,2.302462694874546E-4,3.350884895466919E-4],[2.0407371105314012E-4,0.0010342635305471716,5.8637588142999256E-5,9.998265172679801E-5,0.001226589795107305,1.5602817997160998E-5,1.4512131352389148E-4,5.211931400026044E-5,6.950813522945968E-5,2.5030316896247588E-5,2.6243408038895057E-5,0.007032954554527537,2.3757774029732566E-4,0.002158036752821859,4.7085703462016896E-5,0.01908442007638566,2.0842897657452125E-5,9.537802168506179E-4,0.011016514262723888,2.653167724016991E-5,0.01560349361927288,0.002810222505947026,1.9875322870185194E-4,5.608527518341502E-4,2.043257308064497E-4,4.3688125438301936E-5,1.0,9.346107824026603E-4,1.1300100740213706E-4,2.7045889647259245E-5,0.01235112690715282,0.0010807738122406516,0.0013651221654922931,5.030454540633867E-4,0.009874659984765366,3.2186581443727723E-4,0.0011805956401480158,0.009904385807631108,6.497476900226623E-4,1.732602233848964E-5,2.3712381603164994E-5,0.0037831375483800764,0.0013339568906096122,5.153631377004849E-5,2.3773933973331885E-5,5.326119810919718E-4,0.01859063546465477,1.5849342129395513E-5,1.0547638773998329E-4,7.517546602002373E-4],[6.969551341926344E-4,0.001043997508370309,3.321337664895656E-4,9.138927114715931E-4,0.0012853218783535532,8.312761568084715E-4,5.125726190933482E-4,0.0010854435455369216,0.0010264272948232538,6.135067976346885E-5,6.626419091131441E-4,0.01128353586442177,9.090886800927156E-4,0.007501410239765581,0.0010539204337298156,0.016570205820075106,4.718248512836924E-4,0.0010552457810386784,0.012057807080071375,9.621135066869852E-4,0.007728245824313801,0.004046189478539572,9.890690841596356E-4,0.0010454955691327754,9.350493389122347E-4,1.8712252153294318E-4,9.346107824026603E-4,1.0,8.779480276078046E-4,6.640340768432476E-4,0.004499485530524786,0.001188751027075083,0.0022191809966960294,0.0011320829187190394,0.005388163207317527,6.265786372596312E-4,0.0011919313996574408,0.006169512973387541,0.0012147887189540149,4.728176824118811E-4,2.9431249155132213E-4,0.0016623860108023257,0.0013056432604968368,0.0010011874296110852,2.0465935796295948E-4,9.798698632932626E-4,0.018051608016171738,3.857918821278581E-5,0.001052500714184133,0.0010482005330659156],[5.760272958405287E-4,9.734319229312592E-4,2.6717756058341634E-4,5.289117559836558E-4,8.875397407260145E-4,4.796802112262644E-4,4.1031077265929835E-4,8.345855771142744E-4,3.95239320161584E-4,2.9420632985712586E-4,1.738181366891227E-4,0.010385934400616515,6.642694338181377E-4,0.005394818097375149,7.01799764826087E-4,0.009118770746618647,6.306985742552065E-4,0.0011933592210760613,0.012883254472693994,2.165352552186262E-4,0.004464624433273233,0.007996412928778888,5.700505551215055E-4,8.119898969407573E-4,6.362093956292416E-4,5.202184388812502E-4,1.1300100740213706E-4,8.779480276078046E-4,1.0,2.996683116583292E-4,0.016341735749014066,0.0012019908028249296,6.882947994917174E-4,0.0015047908686085449,0.005948360770352238,4.692986487285126E-4,9.828929963473679E-4,0.03415185606822874,0.001283818946785612,4.386794492728623E-4,1.7631731676298273E-4,0.0029909764562530746,0.0012866300438766735,7.970958834471816E-4,2.310347753806802E-4,7.27263257767663E-4,0.004519258946274006,1.2491940835299554E-4,6.993921006620363E-4,0.0010164494631364823],[2.528982546032254E-4,8.112717398706665E-4,2.5507213784666514E-4,1.878226829936385E-4,9.782578174035625E-4,1.8702264411298244E-5,2.5281659888602015E-4,6.679528375338513E-4,2.834910610308255E-4,7.888690835068844E-5,1.4169816475144529E-4,0.010598382682249856,2.4525720631315767E-4,5.181019658086763E-4,5.850182971447147E-4,0.018572107760525182,8.736834950721669E-5,6.266480615006287E-4,0.006083544287145023,1.0796230072110578E-4,0.006102542882670822,0.010843870153635091,2.675843103385733E-4,7.544674463976066E-4,2.760678841871214E-4,2.0440175950411964E-4,2.7045889647259245E-5,6.640340768432476E-4,2.996683116583292E-4,1.0,0.017609926257667788,4.284619762920623E-4,0.0011758764583216356,4.115140160868517E-4,0.006320762451590635,2.774719071196059E-4,4.0600858890321473E-4,0.0061320733239040425,9.406498879654972E-4,1.3361677836493845E-4,2.0774038166988823E-4,0.003632252326948213,6.506755391722172E-4,6.651750568394186E-4,2.24250338883687E-4,7.500545664089638E-4,0.018927591988701944,6.288167578480337E-5,3.181255992934988E-4,3.497204974088612E-4],[0.007402831587756607,0.017336324637299647,0.006722345710411508,0.006567767925114899,0.007485961318427201,0.013149643491121951,0.01648424571591824,0.00995324006942092,0.009960928971759802,0.005857466321750703,0.012013086627462057,0.014762550105829834,0.013950942151771747,0.017679746686524667,0.003760387855833539,0.01811982758799518,8.687327444457686E-4,0.01130286344919345,0.01504491525788502,0.016824592709849984,0.018567542213397,0.017572075468657706,0.009918068469304845,0.013519775689614459,0.015364434170681403,0.008140995461009158,0.01235112690715282,0.004499485530524786,0.016341735749014066,0.017609926257667788,1.0,0.004748582777158652,0.011003939014995764,0.009717045888889947,0.013237619334108037,0.017134688417409245,0.011247454159247926,0.028051475633597604,0.0015529289387566886,1.804137606012488E-4,0.01414795250354793,0.006927520490800131,0.007391674729202707,0.014877344819287772,0.007606906797340182,0.0015100427920678285,0.021572543537143263,0.009981474411306797,0.01348104141582716,0.007910068129104506],[5.889174876017928E-4,0.0010491715972168532,4.977615322870131E-4,6.592674508373874E-4,0.001301805214757725,0.0011691699508147317,7.438483963498104E-4,0.0011838799224153022,0.001011674964832652,8.891756102860842E-4,9.281359625718654E-4,0.0017455729524324072,2.604434634122849E-4,0.006112294355901931,0.001929965366731655,0.008300666593207957,2.598695994541514E-5,0.001251589768067778,0.010977603353143973,0.001150752820301169,0.015570298828991906,0.007913767658256405,4.4671841095654877E-4,0.0012610861769387794,6.382097792945E-4,9.129610164976947E-4,0.0010807738122406516,0.001188751027075083,0.0012019908028249296,4.284619762920623E-4,0.004748582777158652,1.0,0.0017835767531666723,0.001358489607002167,0.009291338502293562,6.771881814299539E-4,0.001343824730574381,0.009842930748440606,0.001304148607208335,4.2378702597546875E-4,8.900251416297379E-4,0.002064659612007864,0.0013375320546607783,0.001111318759867818,3.413354452866714E-4,0.001248792521859268,0.014736260587227455,0.0011087004578858495,0.001216473455601968,0.0010895901784869905],[9.500263417045259E-4,0.002102173883021305,7.849049515248681E-4,0.0018431548477315276,0.001823933716160175,6.597494955886928E-4,4.282370561394835E-4,0.0019381561919861446,0.0012966002782224526,5.080901831048463E-4,0.0013609026046831438,0.010434601977822111,7.63251262708355E-4,0.002897469302973389,0.0022441486226456447,0.0077362803647405345,0.002025987505957539,0.0016133826118220856,0.011867579908426388,0.0015588351932281752,0.016436023719214377,0.00643406888685865,9.47602149029654E-4,0.0015864981395948248,4.864909776807282E-4,9.755934385789887E-4,0.0013651221654922931,0.0022191809966960294,6.882947994917174E-4,0.0011758764583216356,0.011003939014995764,0.0017835767531666723,1.0,0.002192230481781572,0.011543791270419317,4.492905411260219E-4,0.002200548861843796,0.010812633345088384,0.0014154225738107738,0.0012947171384643619,0.002090640540390361,0.0028105756106308853,0.001986414371539568,0.002009508208286518,0.0015410263833832594,0.0020021921983460365,0.004022818357530664,6.230787714474579E-4,0.0020361984766912753,0.00165090258672584],[4.378134606745252E-4,0.0012232541396554704,9.605127015409181E-4,0.001219204092690304,0.0013298366178243735,2.9112015804210595E-4,0.0014070143380418038,0.0012490751759389003,3.7365467831570033E-4,0.0011751950522520761,0.0013923480123393566,0.012153035440850583,4.2344804902190675E-4,0.007692616352698569,0.0019439834193889973,0.012153254083408182,6.985924316902753E-4,0.0013917211782815198,0.00947402503633352,8.5407975326195E-4,0.028725379224347786,0.0068362206687142294,3.952065490044512E-4,0.001166700984135203,8.854641377813233E-4,6.539851152365302E-4,5.030454540633867E-4,0.0011320829187190394,0.0015047908686085449,4.115140160868517E-4,0.009717045888889947,0.001358489607002167,0.002192230481781572,1.0,0.0034713390462584115,0.0013286983448928449,0.0014601690050607078,0.032101295456115994,0.0013141745625373095,0.0013327151610895928,0.0013582746387376125,0.0027500718914881877,0.0013640397771408264,0.001033154207708578,9.257446563486123E-4,0.0012508727772011688,0.015594172787019647,0.00111305449431258,0.0013106106100060101,0.00131759319316459],[0.008343913152156103,0.001759391905088186,0.011238006527215584,0.0018645435395834465,0.011701709612046066,0.003105761016404731,0.004884327721961926,0.010083951885768836,0.001732497212247973,0.0050045859952286735,7.554570667899263E-4,0.012249954626102554,0.0015207101029891027,0.009267174536796735,0.006088813707302593,0.012725828248532228,0.005908816118588219,0.008628113445652941,0.013380422900824076,0.007109749032339689,0.027134461645238722,0.011644065082328512,0.003914555634835817,0.011442867469280714,0.0013146441396219134,0.005187472831903359,0.009874659984765366,0.005388163207317527,0.005948360770352238,0.006320762451590635,0.013237619334108037,0.009291338502293562,0.011543791270419317,0.0034713390462584115,1.0,0.011297999846903595,0.011707134021753563,0.01903916345378854,0.005969676734080762,6.093011635129798E-5,0.0022561470726179564,0.008715546131670993,0.006516169886809281,0.00912072356720056,0.009240345698858864,0.009529509197023705,0.017016854657048285,0.01092543386395538,0.011170193990233397,0.0056742011986823885],[4.053125960696496E-4,7.209916984699632E-4,2.5978468145446804E-4,3.3355865162381656E-4,6.816352445854205E-4,1.1727446790927378E-4,3.2545880682821604E-4,7.106228793314427E-4,3.249961506109317E-4,1.5307726238367718E-4,3.702756699791171E-5,0.002347408452577632,3.3741220807493243E-4,0.008456480821397617,0.0016945936502230062,0.019024029628330438,7.171835899108913E-5,7.350493976088746E-4,0.0013524437089113646,4.266085903777798E-5,0.012169893297322931,0.010530513117896545,3.322926951112429E-4,6.144833232253512E-4,3.669999181147622E-4,1.657845949172602E-4,3.2186581443727723E-4,6.265786372596312E-4,4.692986487285126E-4,2.774719071196059E-4,0.017134688417409245,6.771881814299539E-4,4.492905411260219E-4,0.0013286983448928449,0.011297999846903595,1.0,7.958700559351657E-4,0.0025047547300208104,5.332113886365969E-4,2.750395301634276E-4,3.3023272915940296E-4,0.0028870348205019608,8.425673986816103E-4,8.837375820735752E-4,3.8473806142725296E-4,5.283285520734599E-4,0.0021626369082987378,2.9883479938147566E-4,6.62310032186985E-4,8.917096332234903E-4],[9.292176177505254E-4,0.0010760543779374267,7.038073883092475E-4,8.274063072701258E-4,0.0013333966432797321,2.3538228207865627E-4,6.922427149907609E-4,0.0012167839696374568,0.0013481256525572178,0.0012039166982365243,1.238014526259608E-4,0.005827572109694524,9.281008722975187E-4,0.0069839996920446805,0.0017944537843284515,0.006106179311332479,2.3794281970081451E-4,0.001249893725736385,0.011647462861032664,6.352130048183762E-4,0.01290836509097497,0.0047674019258712045,0.001007295175600761,0.0011231354990763997,7.30845220162153E-4,7.567746101485193E-4,0.0011805956401480158,0.0011919313996574408,9.828929963473679E-4,4.0600858890321473E-4,0.011247454159247926,0.001343824730574381,0.002200548861843796,0.0014601690050607078,0.011707134021753563,7.958700559351657E-4,1.0,0.028412242402509027,0.001316771523250686,7.778153118519693E-4,9.236170941825344E-4,0.0028816140651503784,0.0013523779590551759,0.001378897188366234,0.001270794263558139,9.002551138063826E-4,0.019277542272871533,0.0013065809071969522,0.0013869296603009134,0.0011760432824042188],[0.0193040929542041,0.004130759137070213,0.01825211062234201,0.020718802060300447,0.011519177246773739,0.0013660290371939419,0.0038175241454053628,0.0038033340460319133,0.029901593860316406,0.03726373475758141,0.030910174032168506,0.014746624359986596,0.03187890905775707,0.03405303155222911,0.010182842481138252,0.02447926319622585,0.004090950119764508,0.021916555382765244,0.032058441297102384,0.03431973523738359,0.03357006059919408,0.02135535573682169,0.025458077308632077,0.019533989656220718,0.002349092491354178,0.028100973858811253,0.009904385807631108,0.006169512973387541,0.03415185606822874,0.0061320733239040425,0.028051475633597604,0.009842930748440606,0.010812633345088384,0.032101295456115994,0.01903916345378854,0.0025047547300208104,0.028412242402509027,1.0,0.017624426446990114,0.005489014081435265,0.012285214386063515,0.032295807682409854,0.01570028759513069,0.016882359684293982,0.0031706556987590884,0.0016637465458025906,0.02986848677657892,0.03814102720677275,0.02880810905434424,0.024459228462574995],[4.205171892081052E-4,0.0010746488050279843,9.27354994777783E-4,7.21078449114704E-4,0.0013068232224074743,4.855359232697128E-5,6.550553769933836E-4,0.0013022887185630133,7.132574969831328E-4,2.5387281881551304E-4,3.0514000364541375E-4,0.00525046151