[[1.0,0.0022018314236298396,7.3695989659798E-4,0.00886306042189881,0.0011990460047384432,0.005879906925301903,0.0011568625267765098,4.7646535092537434E-4,0.002274454932306667,4.943665573809135E-4,0.008355755375933048,0.0023797523573505916,0.002108068516620919,0.0047256941272964224,2.3023161072677093E-4,6.330584879962193E-4,9.329417568770678E-4,0.0014148060852940765,9.782650727256643E-4,7.633227958939292E-4,4.634480510942765E-4,0.013893714987907778,0.0013209001733822294,0.0012160546452020654,3.7007528853980103E-4,0.0018179244068364376,0.0012331373171953466,0.0013470611792752625,8.522371625468272E-4,8.000320207339534E-4,0.00208797615975157,0.0013182197082582258,0.0084884823342977,2.348652971139173E-5,0.001443231850753627,0.0014940287332954041,0.002263820329233098,0.001202504730327811,0.0037316631703843963,0.002952226575913466,9.074168792733642E-4,6.86525526728589E-4,0.00143123047459174,0.001366894336686633,0.00466111593990456,7.721558543346831E-4,5.651584283065944E-4,0.022940600437004847,0.013398845633587675,0.0010451216371176945,0.002161256277825871,7.376359823142102E-4,0.001174973095685685,3.431239467965953E-4,0.001038865794156967,4.651274254701193E-4,0.0013347548713682825,0.0010501129297082524],[0.0022018314236298396,1.0,0.001034017675562362,0.0069601043113438656,0.0027026856592965416,0.013768125660793523,0.0014765941277923762,0.0014160243740905594,0.0029590171006513085,0.0017404590952826784,0.008396122392094767,0.0030832902216536575,0.0025250333395803824,0.0033382835421489317,0.0028812577045955324,0.002369990582030411,0.0027945975196869885,0.002192604711947983,1.7429062990033202E-4,3.654934862225363E-4,2.959058322230258E-4,0.012796122177872956,0.0026855965720807076,0.0010817513176074266,0.0016170291648509724,0.003019020588309795,0.0010280310354800245,0.002265858739538747,0.0029973807914960384,0.00127819604385772,0.002870595434601336,0.0027856841379799045,0.00510714284210626,0.002212328882173831,0.0025446591633028794,0.0018995738285321289,0.003570404401411054,5.571835299111675E-4,0.0037555735050904746,0.003310105009060712,0.0023839015072716946,0.0026348599401703685,0.0017740003457324014,0.003050382121880012,0.004713530075953218,0.0024654628701787,0.0017052965465270953,0.013888220348390363,0.015457137528415224,7.062800826351818E-4,0.0030913558693128557,0.0027269375936820463,0.0012500874612230125,3.744542920550189E-4,0.002817536518218263,0.002980286208667772,0.001565517615587929,0.001475876128731473],[7.3695989659798E-4,0.001034017675562362,1.0,0.01401456911011519,4.9644748607588375E-5,0.011984045659831154,4.906286060562513E-4,3.785572292777089E-4,0.0014174603620064176,1.141856591724803E-4,0.006498255315754779,0.0024540573675683472,0.0015085044427312056,0.0014757038481640727,5.4240203302311125E-5,2.173796828781812E-4,1.2641955867978956E-4,0.0012329622058073132,1.2833747639300644E-4,1.261316459759068E-4,1.105739076594351E-4,0.010791907858011778,4.6543085504376666E-4,1.8318629515979526E-4,1.0900952478140372E-4,9.686644757382786E-4,1.978082774294394E-4,3.9125028748392105E-4,1.1939952737628189E-4,1.1375503889567426E-4,0.0023795284549690096,4.993909816679454E-4,0.0018917284364523307,1.0757878620912958E-4,2.5806855060903436E-4,8.938899814146487E-4,0.0015251119048542419,1.1343848922820834E-4,0.0016752589108017068,0.003688305934151703,3.5841123627577655E-5,1.5218517461492966E-4,7.892672585162557E-4,9.780732204462386E-4,0.007106462817971002,1.164332041183743E-4,9.04456270234979E-5,0.00395088145802021,0.011126203589208098,1.7288227496007263E-4,0.0013342242326588392,4.321990904562758E-4,2.0411073138009E-4,1.094284644520996E-4,5.703906958711145E-4,4.375300091415533E-4,6.929117533014683E-4,1.1339509648583706E-4],[0.00886306042189881,0.0069601043113438656,0.01401456911011519,1.0,0.008752663972886026,0.018459503470235478,0.022336795649686485,4.4183516138962667E-4,0.011869138018694412,0.010314585787175527,0.015337072832853519,0.0107857691753706,0.013767367585287798,0.009232628875201387,0.010490882214993667,0.013599204019372268,0.002870260178759142,0.020699097503592098,0.0093507926863978,0.01959141110000059,0.020199182177489998,0.020143513946482085,0.02023763186702869,0.002370686983420199,0.012916137368449189,0.010841772473181415,0.02015256147633865,0.023749878315246123,0.0012955819408011094,0.02085028357485697,0.0034121113430672905,0.01785433021584015,0.015311456408436596,0.011162691183422401,0.0052664114905055185,0.021104828036204382,0.017701763444923503,0.0036943294168006453,0.015167764477380247,0.017755199922218017,0.012086280668612764,0.016662374963686555,0.015000056536460627,0.015919101233043992,0.01159963116259162,0.017805829818367945,0.012168173708359582,0.02636222022781538,0.022921293708595754,0.014085872846489454,0.015103068641606623,0.01070305272538879,0.014987691763157628,0.013194379345751024,0.015559236421251293,0.02359745002329692,0.014000090717380322,0.007671925755156345],[0.0011990460047384432,0.0027026856592965416,4.9644748607588375E-5,0.008752663972886026,1.0,0.007031445496129838,4.5382956202845567E-4,1.0877575634950927E-4,0.0015604368708813472,2.5417314674220333E-5,0.0022143826345066347,4.5938610561482287E-4,0.0010678976639325647,0.0045350262626602115,1.8776690219299888E-5,4.3272119090381445E-5,1.2772142186699258E-4,4.566444518888931E-5,6.46629974929409E-5,2.653382047364967E-4,1.0879829105202917E-4,0.010310362097971747,0.0011834096314930524,1.8955404513711625E-4,1.030223142199024E-4,7.50708421286894E-4,1.084005556359053E-4,4.286969579254119E-5,3.732129024344198E-5,1.5575670973038298E-4,0.0021056747417206446,7.259342623297772E-4,8.005011579549346E-4,1.4450560200910117E-5,4.708084123654318E-4,7.95937352018664E-5,0.002680548039908587,2.7060614504220426E-5,0.0011150537095559125,0.0025069544158703113,1.554404054684315E-5,1.3939396302791205E-4,3.3813972116829207E-4,9.415675302307726E-4,0.0024429405925352563,6.904290688145815E-5,2.1489727591327052E-5,0.008988000207459981,0.0037849286022305145,4.316107719947419E-5,0.0010305602912328887,3.8222690860953217E-4,2.8598835906588904E-4,4.9833066252218225E-5,5.854164993965697E-4,3.9668008617135646E-4,0.0012474333154261492,4.198788890571664E-5],[0.005879906925301903,0.013768125660793523,0.011984045659831154,0.018459503470235478,0.007031445496129838,1.0,0.008032515960102734,0.003556860676160296,0.002906178182741498,2.118835549237625E-4,0.015002941371542603,0.007089453541801091,0.006588783276239582,0.012210392565881667,0.005863426804049308,0.011914645635196654,0.01228337779989716,0.011117838276382394,0.008148064238798106,0.008459059814409451,0.003744030195953388,0.014181335828035553,0.0068502465169609115,0.0020503371930399262,0.003503743185584244,0.0020026299539955676,0.0034976302208676547,0.002744405816874712,0.004187672456246305,0.013602655860115977,0.010226184793667829,0.006684109121543471,0.014833804350575418,0.012552984409016445,0.012263558003945782,0.003912687688776842,0.005463185833028277,0.008433680267915043,0.006930422548065426,0.006448131019928862,0.005573131710431492,0.001931113322225164,0.014151120233496586,0.013324347179674463,0.009792287808833504,0.001297768029421962,0.00893864204794734,0.024750573285689373,0.01690038206187252,0.008134119820241585,0.012944887301420575,0.00845178336113057,0.008638248374030698,0.009751922424501737,0.0062112079082635215,0.012018504120771068,0.006755155949508172,0.0048485083108441105],[0.0011568625267765098,0.0014765941277923762,4.906286060562513E-4,0.022336795649686485,4.5382956202845567E-4,0.008032515960102734,1.0,4.7149320264485475E-4,0.0017825894417981057,2.567259861964252E-4,0.006292873089093077,0.0019270839385223098,0.0020040594197810882,0.003879974863481514,1.102404303713268E-4,4.819136865553913E-4,4.3451178389360335E-4,9.662924411751069E-4,1.5935597505850388E-4,3.872940629333389E-4,1.5365498399529242E-4,8.037498777308048E-4,7.629773590986677E-4,3.5632396255944434E-4,4.8571163601252205E-4,6.166955085020091E-4,3.5307488474847065E-4,4.439605155329509E-4,1.525941100174076E-4,4.662972620673659E-4,0.0016163835133474415,5.643384663722656E-4,0.009150629599504367,4.458632898423218E-4,9.972325980441188E-4,0.001344000739155931,0.00204273364894706,2.739381660910132E-4,0.001935401867460518,0.0018200811440693108,4.6005603923483486E-4,3.075821249546933E-4,7.136183482121641E-4,0.001015684805202574,0.0034852148954622017,3.0714368105920107E-4,3.6592282485433606E-4,0.008086020496963268,0.013006854150669062,4.09716125331246E-4,0.0030074028603362356,4.996149888254268E-4,4.6996641918409373E-4,3.069733576522189E-4,5.258543932689757E-4,4.945229570016253E-4,7.732471716831717E-4,6.34854540634978E-4],[4.7646535092537434E-4,0.0014160243740905594,3.785572292777089E-4,4.4183516138962667E-4,1.0877575634950927E-4,0.003556860676160296,4.7149320264485475E-4,1.0,8.220715756101654E-4,3.579075764597246E-4,0.012612663893211305,0.0016208639577992706,6.853432528602043E-4,0.0025040799818528163,2.1853125253887672E-4,4.137990953966866E-4,2.6073390793210225E-4,4.645073474623094E-4,2.198095355112057E-4,3.7852580109116633E-4,4.0759468398126225E-4,0.005730457867586273,5.357807920547097E-4,4.094666623665058E-4,3.2927920766154457E-4,9.068744154763992E-4,3.573245773020753E-4,4.331326951670451E-4,3.684094491219911E-4,2.6750224919388414E-4,0.0015063519091866279,6.591757498592078E-4,0.00753693326027889,3.308481207987121E-4,5.067181002193068E-4,7.146002264513165E-4,0.0010423633546983281,1.4796488949430937E-4,0.0018272738249172644,0.002703099703002429,2.9170084048489895E-4,3.614774333840056E-4,5.300960053233312E-4,9.141001851549316E-4,0.00789756587832984,1.7295803221759303E-4,1.2327533441462533E-4,0.014352915261247257,0.008697015995776665,3.685724745164473E-4,9.442275873137279E-4,5.037396584830233E-4,4.2279743742223096E-4,3.26877191712076E-4,5.874550747009067E-4,4.2050796443853997E-4,7.677308228738051E-4,4.8800402439662936E-4],[0.002274454932306667,0.0029590171006513085,0.0014174603620064176,0.011869138018694412,0.0015604368708813472,0.002906178182741498,0.0017825894417981057,8.220715756101654E-4,1.0,0.002112917331181066,0.004350562356764799,0.002593845713935991,0.002449431389848806,0.005596526333297881,4.73785120839057E-4,7.282093107900632E-4,7.178923284047358E-4,0.0018747968812055616,4.103692184345405E-4,0.0024339139874553595,0.002010013738994984,0.012238089859148094,0.001910799891449088,9.180320519442684E-4,5.816533423047735E-4,0.0023156237517065145,0.0016557814746814255,0.001679351394224124,3.943642471659932E-4,8.790401018329941E-4,0.0025249310737793986,0.0022383810272749594,0.009552908443180158,0.0016591997247098916,0.0014168009526887957,0.002193528974303201,0.002725201283050759,0.0013914546423198849,0.0034311334654965353,0.0031597487086375284,0.002154259506112306,0.001137303130496494,0.0015611236458494642,0.001652901333399309,0.007735341384838365,8.065029556778458E-4,0.0018062624889802587,0.007736797216027343,0.010704841968934849,0.0015705494934987736,0.00260697202653486,0.0019456637103422297,0.002363452723195003,0.0024328477447475645,0.001636307973823204,0.001621316320632307,0.0015994047520939184,0.0013126740491158472],[4.943665573809135E-4,0.0017404590952826784,1.141856591724803E-4,0.010314585787175527,2.5417314674220333E-5,2.118835549237625E-4,2.567259861964252E-4,3.579075764597246E-4,0.002112917331181066,1.0,0.0019028481370340453,2.0576684087897633E-4,3.6174897466237295E-4,0.0022873483162759063,6.987796861847903E-5,2.054759557268639E-4,1.4509796943853448E-4,9.969965398695694E-4,1.4284519534256152E-4,2.430696084594064E-4,1.1392280803709183E-4,0.0023084764778970217,6.897669530555997E-4,1.2838682678411028E-4,1.1008909744809555E-4,0.001635850399083346,1.9086292246936877E-4,2.866528911593284E-4,1.251850065401884E-4,2.1336234704186463E-4,6.466889521322954E-4,6.165407809535422E-4,0.008616656312144285,8.03523147891458E-5,9.338159246382172E-4,6.832714861964105E-4,0.0014455541987707051,1.1669092904590283E-4,0.0011613433301647987,0.0012667364671398564,3.488944801241696E-5,1.4784417187088222E-4,9.371620217845167E-4,2.976250310601302E-4,0.004410603472632022,1.1899697896881268E-4,4.95273979632445E-5,0.014006125470284425,0.01625878278240351,3.36289058943166E-4,0.0018654534305111538,2.2426028947461412E-4,3.5017856955420635E-4,1.1008547566374618E-4,1.706461819362241E-4,1.4151349749559394E-4,5.142056299401006E-4,5.086815353306051E-4],[0.008355755375933048,0.008396122392094767,0.006498255315754779,0.015337072832853519,0.0022143826345066347,0.015002941371542603,0.006292873089093077,0.012612663893211305,0.004350562356764799,0.0019028481370340453,1.0,0.009529628586439142,0.00764702654042247,0.008711558876806157,0.007911900005085347,0.0035925455839429512,0.0016916102174221793,0.013296901696218274,0.0010146666036735135,0.010297896942202069,0.012771576452649099,0.013594037343307575,0.010981218139200345,0.006509267784070571,0.006390824770448317,0.002991057095173253,0.01076543485217988,0.005592906495024601,0.002226388141328472,0.005491309198916676,0.008691641387845398,0.00352128237972495,0.012685845625685322,0.004246830757355024,0.01096740908352375,0.010048688123835038,0.012809154879832196,0.0013863239113379524,0.005406207029455094,0.0051941811034140264,0.008394149217948836,0.009127525746625526,0.008899110283551823,0.002094685422716403,0.011226643291404085,0.00129902757627887,0.008864828246556445,0.02288785229372639,0.01767975065517685,0.0052698489138783946,0.005626733479620718,0.0011387609461854288,0.0010155374520254444,0.0018806082464436003,0.009189097588985989,0.011191786247909005,0.00922499420690421,0.011923627164989702],[0.0023797523573505916,0.0030832902216536575,0.0024540573675683472,0.0107857691753706,4.5938610561482287E-4,0.007089453541801091,0.0019270839385223098,0.0016208639577992706,0.002593845713935991,2.0576684087897633E-4,0.009529628586439142,1.0,0.002539349273107214,0.005710518503682217,0.0017300744806734072,0.0020015095397301484,3.563753216494493E-4,0.001681270727185359,0.0012654858626901257,9.245712933050546E-4,0.0019069070552121237,0.0059037539445370895,0.0017797095138544405,0.002085033305824398,3.781912605597202E-4,0.0023189174762721304,0.0012506024300074062,0.0012017933664549446,6.562593957040987E-4,0.0024554834960985677,0.002588958519734653,0.0024088366494767663,0.0079657367224233,0.002173912028630903,0.0011847614927302955,0.0018799436585175315,0.0026264739010793906,9.50331393478799E-4,0.003401019190939892,0.0038187048060958143,0.0013126151101765635,0.0013566060396578324,0.002052791719546682,0.002299040182371403,0.006566781186573763,2.2657445862272704E-4,0.0024839216686552376,0.024928420265455626,0.01124582233834514,0.0011794925822462322,0.0028745852274346625,0.0019991376935384973,0.001971169316499672,4.700689491570792E-4,0.002395182946895544,9.713777573473607E-4,0.0013720953294531887,0.0020731698775884122],[0.002108068516620919,0.0025250333395803824,0.0015085044427312056,0.013767367585287798,0.0010678976639325647,0.006588783276239582,0.0020040594197810882,6.853432528602043E-4,0.002449431389848806,3.6174897466237295E-4,0.00764702654042247,0.002539349273107214,1.0,0.004120329304414656,0.001018862307420079,0.001734777653374524,9.556386208351344E-4,0.0017583361419097933,9.15321278750482E-4,0.0014677437572431994,4.1582248578211326E-4,0.008175164618585647,0.0016555291802460154,5.48361797754005E-4,5.011406616169747E-4,0.0021097286139190267,7.142459356387437E-4,0.0019326569340235378,9.490806111150698E-4,5.967163938696205E-4,0.0022985481267193955,0.002211623973380804,0.005800201976659491,0.0016127619950930556,0.0013356632452512275,0.002005846298846217,0.0030552030295939035,3.196908168342384E-4,0.0031433191417656456,0.002925085536943421,2.645394120338852E-4,0.0013261038910679953,0.0020952598159103887,0.001910408247900583,0.005518095503998757,6.635096131258564E-4,0.0010884941896097825,0.0026865480826859358,0.002547828531749722,8.147747775242098E-4,0.0025732441815367224,0.0019717102595576967,0.001805484465198375,0.0017101771550026262,8.767718898420585E-4,6.411378325713022E-4,0.0015718436453798293,0.0015135112532380793],[0.0047256941272964224,0.0033382835421489317,0.0014757038481640727,0.009232628875201387,0.0045350262626602115,0.012210392565881667,0.003879974863481514,0.0025040799818528163,0.005596526333297881,0.0022873483162759063,0.008711558876806157,0.005710518503682217,0.004120329304414656,1.0,0.00488230234578549,0.0035277743285376494,0.0021580558415009426,0.002365550379869228,0.004967163806384598,0.0044288100402913415,0.003495827002618609,0.012592530127449,0.0016071448400852392,0.0046170573919414,0.0015695075156108686,0.005061640177539968,0.0020857280293864805,0.005579662903334469,0.0021114718126215774,0.00422221256025205,0.003213387655070721,0.002131313243495256,0.010306461452498385,0.00256064998036533,0.0011976586332312635,0.00547828884610402,0.004687014448045424,0.002461511467701246,0.004045909462480626,0.004660626291770759,0.0029614857743270303,0.0014521255115923976,0.0018285079074041827,0.0024542482043784838,0.008865325150729332,0.003829794505413198,0.0051812849761989025,0.019548685871322725,0.01870218731155306,0.0014645701255963052,0.004922073431117607,0.0012561195852717386,0.003291200550138782,0.003274080752420151,0.0022664731562751506,0.0011892730925677124,0.002132237666547415,0.0025965875880691685],[2.3023161072677093E-4,0.0028812577045955324,5.4240203302311125E-5,0.010490882214993667,1.8776690219299888E-5,0.005863426804049308,1.102404303713268E-4,2.1853125253887672E-4,4.73785120839057E-4,6.987796861847903E-5,0.007911900005085347,0.0017300744806734072,0.001018862307420079,0.00488230234578549,1.0,2.578330722829882E-4,5.847103827422608E-5,7.712507143637086E-5,1.3979087710216774E-4,7.677047682662388E-5,8.285526088217818E-5,0.0028303787185790237,0.001161500134522854,1.5068369846645588E-4,1.0384599864089133E-4,2.800894376923645E-4,1.5166153633216988E-4,2.889623813314996E-4,7.528300056250564E-5,1.0450831775264785E-4,9.979625045349134E-4,5.277873546018079E-4,0.010483641457569134,3.2080040495186466E-5,9.398262853412869E-4,0.00102805548240962,3.42954210464582E-4,9.679433543368114E-5,0.002017588181380974,0.0013353386382566992,1.1221037017426593E-5,9.056228047758496E-5,0.001017723628219787,6.463980773999497E-4,0.004066408901644067,1.0273753366951051E-4,3.332828732265142E-5,0.015610507102521641,0.017147447873711818,1.0549015748299391E-4,0.0013672097513266932,3.623645353341569E-4,3.0947988996679837E-4,9.520325529622657E-5,2.3363770062039137E-4,7.458166866077985E-5,3.628135749556902E-4,7.289798930095536E-4],[6.330584879962193E-4,0.002369990582030411,2.173796828781812E-4,0.013599204019372268,4.3272119090381445E-5,0.011914645635196654,4.819136865553913E-4,4.137990953966866E-4,7.282093107900632E-4,2.054759557268639E-4,0.0035925455839429512,0.0020015095397301484,0.001734777653374524,0.0035277743285376494,2.578330722829882E-4,1.0,2.7392138170603586E-4,6.077910513236458E-4,1.5033218354901367E-4,3.290960027886535E-4,3.4394517955403924E-4,0.0027752260711970084,5.103983503737346E-4,3.1007268517947695E-4,1.0722805156184188E-4,0.0013278847235237636,2.5256012451866706E-4,3.6657542733859746E-4,2.629622582561073E-4,2.5516079580918314E-4,9.92103078541749E-4,0.001137616638212693,0.0030397954833302912,1.490258360850108E-4,8.691926335113568E-4,0.001275297463174699,0.002729994598755857,2.1384852895643832E-4,0.0027667167714454746,0.0038329910639236346,2.661995384681752E-4,2.977403997607822E-4,3.7004152446149544E-4,8.522735242057088E-4,0.006928691768919257,2.4331145323788328E-4,3.1226260454640073E-4,0.018941481733604465,0.018204840397076837,3.615525397824862E-4,3.6240451633370125E-4,5.137141346556007E-4,3.89293930654564E-4,2.1671307375278838E-4,4.926326790020003E-4,4.399910559436624E-4,0.0012640089736556685,7.950617799402295E-4],[9.329417568770678E-4,0.0027945975196869885,1.2641955867978956E-4,0.002870260178759142,1.2772142186699258E-4,0.01228337779989716,4.3451178389360335E-4,2.6073390793210225E-4,7.178923284047358E-4,1.4509796943853448E-4,0.0016916102174221793,3.563753216494493E-4,9.556386208351344E-4,0.0021580558415009426,5.847103827422608E-5,2.7392138170603586E-4,1.0,1.8441229053337937E-4,1.6558582514295092E-4,2.501029754719378E-4,1.500009346697686E-4,0.00411842651521247,6.12700914263371E-4,1.882888615863131E-4,1.5199478054456916E-4,9.400227927298952E-4,1.7393916306622216E-4,2.74923480596242E-4,1.5711376474783495E-4,2.2530062115295118E-4,0.0023840820354291037,0.0010646256435025033,8.912266568562208E-4,1.0765303463525214E-4,5.90097229739158E-4,6.859805021475064E-4,3.1428918959292733E-4,1.282207868630767E-4,0.002515552162034078,0.0013790810706371408,3.111945517002926E-5,2.5470609778029997E-4,3.2507640564172246E-4,8.72273622044069E-4,0.005177371653980361,1.5343495673247198E-4,5.9702097346652093E-5,0.012045799652869466,0.00771438235401242,2.4799621534304917E-4,0.0028023531249880594,4.2469645697684126E-4,3.711207137604721E-4,1.228892451076358E-4,5.482560609882745E-4,3.179025929506594E-4,6.497937729346569E-4,3.0077042411939017E-4],[0.0014148060852940765,0.002192604711947983,0.0012329622058073132,0.020699097503592098,4.566444518888931E-5,0.011117838276382394,9.662924411751069E-4,4.645073474623094E-4,0.0018747968812055616,9.969965398695694E-4,0.013296901696218274,0.001681270727185359,0.0017583361419097933,0.002365550379869228,7.712507143637086E-5,6.077910513236458E-4,1.8441229053337937E-4,1.0,2.0454636084099348E-4,4.5291163604032627E-4,8.296019177062539E-4,0.011041171947646908,0.0012731090643552405,3.401802745457072E-4,8.316975552973138E-4,0.0019500718021476324,7.086436448051475E-4,9.931386559299555E-4,9.10903231182135E-4,0.0011446100575649612,0.001370721168789743,0.001220625010997612,0.007899054352412296,0.0012214662193526878,0.0012365407061689945,0.0013787553571526078,0.0016441032051594433,6.679923660753916E-4,0.0015260769445335461,0.0017185810769513293,9.108376457738641E-4,0.001229300029709771,0.0012267211050666863,0.0013098596431720315,0.002006959659908939,4.1657658789954875E-4,0.0011602402122502338,0.00555754112203171,0.0014183591181311868,5.344011201520822E-4,0.002348934722162425,0.0012324433618701271,6.364810713892112E-4,7.502135413609986E-4,0.001230652050086995,0.0010948024161093746,0.0013086496645722747,0.0012262413558779283],[9.782650727256643E-4,1.7429062990033202E-4,1.2833747639300644E-4,0.0093507926863978,6.46629974929409E-5,0.008148064238798106,1.5935597505850388E-4,2.198095355112057E-4,4.103692184345405E-4,1.4284519534256152E-4,0.0010146666036735135,0.0012654858626901257,9.15321278750482E-4,0.004967163806384598,1.3979087710216774E-4,1.5033218354901367E-4,1.6558582514295092E-4,2.0454636084099348E-4,1.0,2.1920927409050983E-4,1.1626570318790793E-4,0.001237206276063276,6.318259170058439E-4,1.722900753417021E-4,1.2875715523387682E-4,0.0018675393982674916,1.5656510614547864E-4,2.320956269430164E-4,1.4729430758155914E-4,1.6526358087538484E-4,0.0025022980570176805,9.660362290161038E-4,0.00989054022041087,4.4452400206839884E-5,2.56676724838053E-4,7.521008736687221E-4,0.0023186892952643413,1.2588578963590807E-4,0.0013767112230043852,0.0034739042011380536,1.709299082507881E-5,2.2787917240233552E-4,8.739055765410271E-4,0.0012351165353655473,0.0030882008084048927,1.3865476881980715E-4,1.0587569218222468E-4,0.009416108431268033,0.016309541684158716,3.628189177869416E-4,0.0016623155913149338,2.71169493081428E-4,3.0238211219062237E-4,1.484546750570468E-4,6.609751947484069E-4,2.676992783717089E-4,5.954033817764224E-4,5.718150135687818E-4],[7.633227958939292E-4,3.654934862225363E-4,1.261316459759068E-4,0.01959141110000059,2.653382047364967E-4,0.008459059814409451,3.872940629333389E-4,3.7852580109116633E-4,0.0024339139874553595,2.430696084594064E-4,0.010297896942202069,9.245712933050546E-4,0.0014677437572431994,0.0044288100402913415,7.677047682662388E-5,3.290960027886535E-4,2.501029754719378E-4,4.5291163604032627E-4,2.1920927409050983E-4,1.0,1.1592874756160204E-4,0.0060184831340200605,5.116283729059674E-4,2.8522419939534967E-4,1.6635681408083236E-4,0.0015437537180206789,2.4660019813573257E-4,3.026548093907357E-4,2.0030849103314086E-4,2.700454170665806E-4,9.767774850568118E-4,3.4276742296158883E-4,0.009406965662899641,8.270116427820919E-5,7.158005880340827E-4,7.484867831333404E-4,9.135021977955822E-4,1.8708327968845815E-4,0.0024053931396604226,0.0012668488056291538,8.913083578711238E-5,2.8006079163077054E-4,0.0010043860035900446,0.0011953477866446616,0.004602555824902585,1.4640827020301095E-4,1.7602519271065704E-4,0.017627628426187893,0.005429148563105184,3.625968894818171E-4,8.353960324100076E-4,5.177821996363379E-4,3.4500249340993906E-4,2.018405254632929E-4,4.409991467698345E-4,2.9306394800441237E-4,0.0011864311871151601,4.567500555173521E-4],[4.634480510942765E-4,2.959058322230258E-4,1.105739076594351E-4,0.020199182177489998,1.0879829105202917E-4,0.003744030195953388,1.5365498399529242E-4,4.0759468398126225E-4,0.002010013738994984,1.1392280803709183E-4,0.012771576452649099,0.0019069070552121237,4.1582248578211326E-4,0.003495827002618609,8.285526088217818E-5,3.4394517955403924E-4,1.500009346697686E-4,8.296019177062539E-4,1.1626570318790793E-4,1.1592874756160204E-4,1.0,0.0035102961228180205,3.302604184096423E-4,1.2547929214031949E-4,1.0934089457599425E-4,0.00171268374636803,1.2991408898856352E-4,4.27089131389287E-4,1.1865585496694278E-4,1.2970043322542185E-4,0.001234910122917863,6.226960458800784E-4,0.01006906402818369,5.104888570546134E-5,3.729501212604971E-4,0.001216459821426721,0.0017163394361079554,1.103406149973628E-4,0.0028114376967045295,0.0014058528495799164,3.046563853453775E-5,1.1997001975989716E-4,8.81070259324111E-4,9.563245497688814E-4,0.0035420891177515342,1.2081061612790171E-4,6.734726702837744E-5,0.02728965024510692,0.005871568663744189,2.739515816430458E-4,0.0017423769077081414,2.6218137399176665E-4,2.8661556633351165E-4,1.0855438363088307E-4,3.862068688073636E-4,4.1131576398451404E-4,8.79292364570507E-4,5.372303968681245E-4],[0.013893714987907778,0.012796122177872956,0.010791907858011778,0.020143513946482085,0.010310362097971747,0.014181335828035553,8.037498777308048E-4,0.005730457867586273,0.012238089859148094,0.0023084764778970217,0.013594037343307575,0.0059037539445370895,0.008175164618585647,0.012592530127449,0.0028303787185790237,0.0027752260711970084,0.00411842651521247,0.011041171947646908,0.001237206276063276,0.0060184831340200605,0.0035102961228180205,1.0,0.00637209159820265,0.01069516091930815,0.012596424886138874,0.0077736869416825055,0.011596181993254502,0.006595818756558192,0.008688135204942337,0.012357677660252262,0.010874477737962346,0.01068088377256226,0.01200111728244925,0.01252819936369029,0.006945002412201334,0.005038153467531151,0.013528621171678239,0.013873773103414205,0.009856086274670432,0.005179483136605935,0.0077769166496920806,0.011459454706904284,0.0016392745274527527,0.012390978942051174,0.012369510682620937,0.009442780499441679,0.008934053628041273,0.022900535947761962,0.018797804256631738,0.005913294011623887,0.01189647532510002,0.01168181981245815,0.012083200092019904,0.009374231413606082,0.0060570787201357345,0.0014551978879422628,0.011117933227127081,0.0034590379345965944],[0.0013209001733822294,0.0026855965720807076,4.6543085504376666E-4,0.02023763186702869,0.0011834096314930524,0.0068502465169609115,7.629773590986677E-4,5.357807920547097E-4,0.001910799891449088,6.897669530555997E-4,0.010981218139200345,0.0017797095138544405,0.0016555291802460154,0.0016071448400852392,0.001161500134522854,5.103983503737346E-4,6.12700914263371E-4,0.0012731090643552405,6.318259170058439E-4,5.116283729059674E-4,3.302604184096423E-4,0.00637209159820265,1.0,6.828102574395779E-4,4.381440340189141E-4,0.0013884843546562956,4.414656283564817E-4,8.393943146272618E-4,2.4389565105333296E-4,8.772465274479928E-4,0.0020305925767837665,0.0012195121951219512,0.001816785071380763,0.001027730985170715,0.0012154026242566557,0.001245736939650092,0.0020110248120473006,0.0011706096481146127,0.0021993830656152347,0.0021131326534281148,0.001129912010355836,0.0010473291066117377,0.001136062810749286,0.0012248275728820193,0.0037993271302908796,0.0010321930458253316,8.372848206805891E-4,0.025048888480345963,0.011999324739244446,0.0010688753685154314,0.0027802573651112663,9.179135819980391E-4,4.943603658772448E-4,8.233711834792127E-4,8.638965268659046E-4,0.0010603399557557241,0.0012247812718346645,9.990167513028374E-4],[0.0012160546452020654,0.0010817513176074266,1.8318629515979526E-4,0.002370686983420199,1.8955404513711625E-4,0.0020503371930399262,3.5632396255944434E-4,4.094666623665058E-4,9.180320519442684E-4,1.2838682678411028E-4,0.006509267784070571,0.002085033305824398,5.48361797754005E-4,0.0046170573919414,1.5068369846645588E-4,3.1007268517947695E-4,1.882888615863131E-4,3.401802745457072E-4,1.722900753417021E-4,2.8522419939534967E-4,1.2547929214031949E-4,0.01069516091930815,6.828102574395779E-4,1.0,1.612333889605208E-4,0.0011855723129316899,2.7385024073014346E-4,3.105651550426376E-4,2.111979722401495E-4,2.912360393030973E-4,9.237333826977894E-4,4.954644076924173E-4,6.547011678765527E-4,1.8021287428742237E-4,4.873185898088575E-4,4.1372188068049373E-4,9.393231237365518E-4,1.9625774639614433E-4,0.002433767962848809,8.319543327802085E-4,2.1439363680102264E-5,2.9335681968639904E-4,0.0010291015288121988,6.898201334531277E-4,0.0025961562451423804,1.6622650520662968E-4,8.447968425618633E-5,0.024740293675762588,0.0192112042228595,3.3088283674187436E-4,0.002246516721935492,4.996287616671024E-4,3.4534235959231014E-4,2.479170546125811E-4,5.165396668728591E-4,3.5102629709725435E-4,7.013725676974671E-4,5.452612063067113E-4],[3.7007528853980103E-4,0.0016170291648509724,1.0900952478140372E-4,0.012916137368449189,1.030223142199024E-4,0.003503743185584244,4.8571163601252205E-4,3.2927920766154457E-4,5.816533423047735E-4,1.1008909744809555E-4,0.006390824770448317,3.781912605597202E-4,5.011406616169747E-4,0.0015695075156108686,1.0384599864089133E-4,1.0722805156184188E-4,1.5199478054456916E-4,8.316975552973138E-4,1.2875715523387682E-4,1.6635681408083236E-4,1.0934089457599425E-4,0.012596424886138874,4.381440340189141E-4,1.612333889605208E-4,1.0,0.0017990657190053473,1.4661343260691362E-4,2.8484009919494226E-4,1.201993453062375E-4,2.014519356659172E-4,0.0012889712599395108,8.249845867539497E-4,0.008184596229897598,8.577535519292105E-5,3.251297873590235E-4,0.0011172764486594006,0.002405287623270408,1.164506090280055E-4,0.0016841629633169036,0.0015619034459397581,5.207986774275202E-5,1.1411627941396143E-4,7.162416402767397E-4,8.868910759702279E-4,0.008465782460480055,1.1586615994020331E-4,7.835171626152464E-5,0.022048498940484194,5.720662977616068E-4,2.738855725022831E-4,0.0021317428165309018,2.127132316616943E-4,2.1842826656179928E-4,1.0720092537511832E-4,4.560251479119081E-4,3.1531795544582756E-4,1.2302118622320346E-4,2.8414247627612426E-4],[0.0018179244068364376,0.003019020588309795,9.686644757382786E-4,0.010841772473181415,7.50708421286894E-4,0.0020026299539955676,6.166955085020091E-4,9.068744154763992E-4,0.0023156237517065145,0.001635850399083346,0.002991057095173253,0.0023189174762721304,0.0021097286139190267,0.005061640177539968,2.800894376923645E-4,0.0013278847235237636,9.400227927298952E-4,0.0019500718021476324,0.0018675393982674916,0.0015437537180206789,0.00171268374636803,0.0077736869416825055,0.0013884843546562956,0.0011855723129316899,0.0017990657190053473,1.0,0.0012522862049029009,0.0011420598377964184,0.0016374133653503922,8.629604066574944E-4,0.00230405198708999,0.0019250562304966004,0.004856936855863645,0.0019043253427982207,0.0013730815242649313,0.0018297723103033099,0.0029159463037006826,0.0018924472849383793,0.002584148807258016,0.00362220247484879,0.0013580783812373195,4.519123056979516E-4,0.0019244833173674594,0.0018423585693475423,0.007370185705031192,2.910833925083933E-4,0.0010525705755032417,0.012853069449447996,0.007653715485569327,0.0011081197604829777,0.00287319386246804,0.0014911956698802683,5.175528352769538E-4,0.0011252140529011813,7.527877764255282E-4,6.545618850149113E-4,0.0018634308627378515,0.001979662734778443],[0.0012331373171953466,0.0010280310354800245,1.978082774294394E-4,0.02015256147633865,1.084005556359053E-4,0.0034976302208676547,3.5307488474847065E-4,3.573245773020753E-4,0.0016557814746814255,1.9086292246936877E-4,0.01076543485217988,0.0012506024300074062,7.142459356387437E-4,0.0020857280293864805,1.5166153633216988E-4,2.5256012451866706E-4,1.7393916306622216E-4,7.086436448051475E-4,1.5656510614547864E-4,2.4660019813573257E-4,1.2991408898856352E-4,0.011596181993254502,4.414656283564817E-4,2.7385024073014346E-4,1.4661343260691362E-4,0.0012522862049029009,1.0,4.142308143223368E-4,1.876864702913589E-4,2.0174647861431668E-4,0.0018727459732337365,8.091473914784824E-4,0.008707541206058189,1.584088533039665E-4,0.0010785345653194088,2.9920667998375555E-4,0.0025145974354828155,1.54600693085524E-4,0.0029888097930838545,8.310693214291118E-4,1.4588336687530653E-4,2.2323064916264287E-4,0.0010464490752985158,3.857687745423828E-4,0.00428681856887452,1.8091697170742553E-4,3.5511344963296365E-5,0.015034083474115686,0.013287952373386067,2.7495577554600455E-4,0.0025728551738868543,2.589412790658364E-4,2.7026011602868794E-4,1.418717225038401E-4,3.0374991555688754E-4,3.725419378202156E-4,0.0011695175141905676,3.1161391361749885E-4],[0.0013470611792752625,0.002265858739538747,3.9125028748392105E-4,0.023749878315246123,4.286969579254119E-5,0.002744405816874712,4.439605155329509E-4,4.331326951670451E-4,0.001679351394224124,2.866528911593284E-4,0.005592906495024601,0.0012017933664549446,0.0019326569340235378,0.005579662903334469,2.889623813314996E-4,3.6657542733859746E-4,2.74923480596242E-4,9.931386559299555E-4,2.320956269430164E-4,3.026548093907357E-4,4.27089131389287E-4,0.006595818756558192,8.393943146272618E-4,3.105651550426376E-4,2.8484009919494226E-4,0.0011420598377964184,4.142308143223368E-4,1.0,2.682240793533719E-4,3.206054964354101E-4,0.0016067990353590038,0.001169531786540405,0.00790127250701529,3.4092728744902545E-4,6.139545580322443E-4,0.0012587708170353044,0.0020937614343344863,4.1454614807880867E-4,0.002796051706515701,0.003588149214538746,4.06355859591779E-4,4.2587982223905407E-4,7.919217769460937E-4,7.617689284554297E-4,0.009009057333574483,2.0173935026902953E-4,4.0120849035085016E-4,0.021501475620974746,0.014442171624667715,3.956762383298718E-4,0.0013825192412212789,4.3724163923865896E-4,4.3943746752686834E-4,3.086592539083929E-4,4.974772433300556E-4,4.386059603509721E-4,0.0010856286033688986,7.392746678466669E-4],[8.522371625468272E-4,0.0029973807914960384,1.1939952737628189E-4,0.0012955819408011094,3.732129024344198E-5,0.004187672456246305,1.525941100174076E-4,3.684094491219911E-4,3.943642471659932E-4,1.251850065401884E-4,0.002226388141328472,6.562593957040987E-4,9.490806111150698E-4,0.0021114718126215774,7.528300056250564E-5,2.629622582561073E-4,1.5711376474783495E-4,9.10903231182135E-4,1.4729430758155914E-4,2.0030849103314086E-4,1.1865585496694278E-4,0.008688135204942337,2.4389565105333296E-4,2.111979722401495E-4,1.201993453062375E-4,0.0016374133653503922,1.876864702913589E-4,2.682240793533719E-4,1.0,1.7211519919755843E-4,0.002206146423437649,6.330426522296077E-4,0.0073655520992831494,7.967198184146144E-5,0.0010207411245484795,0.001104683108151977,0.002376626551610646,1.257344147571641E-4,0.0027108229789179488,4.813322166248076E-4,2.867907859838069E-5,2.504813704751178E-4,7.888871457526109E-4,0.001333431879102313,0.004084928896053497,1.2551485978622165E-4,7.194646467375712E-5,0.014194778953101814,0.017629206636763005,2.4814787529845925E-4,0.0014897628460274434,1.4905817141245696E-4,4.0604026060865237E-4,1.242489992789508E-4,1.585604668702937E-4,3.6074190427934014E-4,4.420124140992676E-4,4.5142087432481764E-4],[8.000320207339534E-4,0.00127819604385772,1.1375503889567426E-4,0.02085028357485697,1.5575670973038298E-4,0.013602655860115977,4.662972620673659E-4,2.6750224919388414E-4,8.790401018329941E-4,2.1336234704186463E-4,0.005491309198916676,0.0024554834960985677,5.967163938696205E-4,0.00422221256025205,1.0450831775264785E-4,2.5516079580918314E-4,2.2530062115295118E-4,0.0011446100575649612,1.6526358087538484E-4,2.700454170665806E-4,1.2970043322542185E-4,0.012357677660252262,8.772465274479928E-4,2.912360393030973E-4,2.014519356659172E-4,8.629604066574944E-4,2.0174647861431668E-4,3.206054964354101E-4,1.7211519919755843E-4,1.0,3.95113735861675E-4,3.403626510567079E-4,0.002497522852169947,7.451951799406753E-5,0.0011232161370169896,0.001109612351789797,0.0011343827969448911,1.9947627334515996E-4,0.003689295830790341,0.0014149989118667074,1.0748860460527363E-4,2.3940299177114242E-4,5.64308128170149E-4,6.731316878556791E-4,0.0012924428310265347,1.9926402928483838E-4,1.58349698222664E-4,0.02640462806135511,0.018311547286689656,2.75820146445964E-4,0.0018437771790715048,2.839402673466908E-4,3.72374145403906E-4,2.1262753220197597E-4,3.773871041830244E-4,3.1799945764948256E-4,3.489647517909091E-4,7.448679444650708E-4],[0.00208797615975157,0.002870595434601336,0.0023795284549690096,0.0034121113430672905,0.0021056747417206446,0.010226184793667829,0.0016163835133474415,0.0015063519091866279,0.0025249310737793986,6.466889521322954E-4,0.008691641387845398,0.002588958519734653,0.0022985481267193955,0.003213387655070721,9.979625045349134E-4,9.92103078541749E-4,0.0023840820354291037,0.001370721168789743,0.0025022980570176805,9.767774850568118E-4,0.001234910122917863,0.010874477737962346,0.0020305925767837665,9.237333826977894E-4,0.0012889712599395108,0.00230405198708999,0.0018727459732337365,0.0016067990353590038,0.002206146423437649,3.95113735861675E-4,1.0,0.0017109277704283428,0.005825083876516359,0.002518725031922231,0.0014319277779719663,0.0024619963944176254,0.003371429291491212,0.002353876233509523,0.0026297224330342635,0.0027561908345560496,4.461621149481304E-4,0.0013000501098297018,0.0011721207867309636,0.0020316795458144013,0.0062734031760940685,0.0022121753803584603,8.061406435590472E-4,0.02141255882726237,0.016428070337794778,0.0014030258375937509,0.0031084645655462192,0.0013120261751762429,0.0021261206012381283,0.0019429693712038872,0.001347563314701982,0.0015553862600876508,0.002410254084602258,0.001079486505959209],[0.0013182197082582258,0.0027856841379799045,4.993909816679454E-4,0.01785433021584015,7.259342623297772E-4,0.006684109121543471,5.643384663722656E-4,6.591757498592078E-4,0.0022383810272749594,6.165407809535422E-4,0.00352128237972495,0.0024088366494767663,0.002211623973380804,0.002131313243495256,5.277873546018079E-4,0.001137616638212693,0.0010646256435025033,0.001220625010997612,9.660362290161038E-4,3.4276742296158883E-4,6.226960458800784E-4,0.01068088377256226,0.0012195121951219512,4.954644076924173E-4,8.249845867539497E-4,0.0019250562304966004,8.091473914784824E-4,0.001169531786540405,6.330426522296077E-4,3.403626510567079E-4,0.0017109277704283428,1.0,0.0034893239984964365,4.025270787649226E-4,0.0012092676741953321,0.0014918328639853607,0.003389281305607876,0.0010593176620784573,0.0015249737305924702,0.002840654403636355,0.001118284231617305,3.479485595704214E-4,0.001115329418927614,0.001237222731449673,0.004460449187076141,6.092697380594645E-4,7.792954176994574E-4,0.007268546841603912,0.0022661355435398974,8.598114730225965E-4,0.0025859163747768616,0.0011651203027410219,8.131690284578577E-4,9.476866936714806E-4,0.0011707970574731052,9.139994797001218E-4,0.0012506874211724135,0.0010650207917608538],[0.0084884823342977,0.00510714284210626,0.0018917284364523307,0.015311456408436596,8.005011579549346E-4,0.014833804350575418,0.009150629599504367,0.00753693326027889,0.009552908443180158,0.008616656312144285,0.012685845625685322,0.0079657367224233,0.005800201976659491,0.010306461452498385,0.010483641457569134,0.0030397954833302912,8.912266568562208E-4,0.007899054352412296,0.00989054022041087,0.009406965662899641,0.01006906402818369,0.01200111728244925,0.001816785071380763,6.547011678765527E-4,0.008184596229897598,0.004856936855863645,0.008707541206058189,0.00790127250701529,0.0073655520992831494,0.002497522852169947,0.005825083876516359,0.0034893239984964365,1.0,0.0025305650265373967,0.004945157858450322,0.008602831516428221,0.009440840301134464,0.008615991047816279,0.009010369000633952,0.010594948248058268,0.0034486463967885483,0.010999913645993358,0.008706851812189928,0.011118536197767414,0.009610680