[[1.0,1.8225204455110414E-4,3.1568755191949794E-4,4.2577494363618446E-4,3.6676001015740605E-4,0.0015923607260014995,4.171328787089014E-4,1.6451549064425136E-4,6.018236632789344E-4,3.5985990995951494E-4,3.6040572284360035E-4,2.484985828463707E-4,3.855058581071295E-4,9.623150485815487E-4,2.4944206167015466E-4,4.664235280858147E-4,0.001180862984258795,2.967389985027824E-4,9.014452806498602E-4,3.7208935821084893E-4,2.8425535075485964E-4,0.012241817733959241,2.764077034460528E-4,4.498779826882074E-4,2.3786550145915233E-4,1.939095012162965E-4,2.0837146237885103E-4,4.263441404834551E-4,2.1949927930137303E-4,4.239093752863325E-4,0.0010211420311493614,4.966239052747672E-4,7.183873569565766E-4,4.4720435569645247E-4,0.011509761226164202,6.453075737388385E-4,9.428893454782529E-4,3.844876648944762E-4,1.978420964008141E-4,0.008017842121753573,0.03589164186109547,4.0780930094872685E-4,0.001097195122635987,3.8381929608641936E-4,0.0018791706914683994,8.918078389287452E-4,1.3076468855266073E-4,4.179593087352835E-4,1.3190740783880394E-4,0.007572567981650184,2.0668406232874782E-4,1.597526273829862E-4,0.031471179982601724,0.0014934982122138908,9.041163368069365E-5,0.0016014445992437918],[1.8225204455110414E-4,1.0,1.3077969011187298E-4,2.0037685393551905E-4,3.6535533195167145E-5,2.533354561956743E-4,1.4029031715041696E-4,1.4715337198778593E-5,0.0010279619368954531,2.779782625238345E-5,1.5055148002942905E-5,1.4512437087068783E-5,1.2619747231371124E-5,0.003051816296490575,6.46730362061781E-5,2.1286107541475754E-4,0.0014840702096709016,1.6197189474661424E-4,0.0011796504848273672,1.3209334025933553E-4,1.6335882134209987E-5,0.01413410791022075,4.092825859158465E-5,9.831357891941673E-4,1.5779867992392097E-4,7.088026059731217E-5,3.5890078685947796E-5,1.1122109368243228E-4,1.463189298025574E-5,2.4130337148529527E-5,0.0012194826579654174,3.344368429133461E-4,3.695982802010132E-4,0.0013221034867530583,0.008855911075426375,6.533462606027152E-4,3.610047554048242E-4,1.4617034510161185E-5,6.12159539243655E-5,0.006047869460388465,0.02119521055947226,6.801093120091151E-5,0.0010697214484991508,1.4286532259026174E-5,1.0281173762476251E-4,6.669556001188386E-4,3.709798400077435E-5,7.953162441756027E-5,4.847462901512788E-5,0.008906662266713947,5.0515054496970406E-5,6.198513189826919E-5,0.022993466982900133,4.835832577405795E-4,1.9428383767288013E-5,0.0015016731461299415],[3.1568755191949794E-4,1.3077969011187298E-4,1.0,1.9423935800290593E-4,1.7844739586682406E-4,9.146410368004387E-4,3.1479923556972176E-4,1.2396368460376283E-4,6.863181630579612E-4,1.7386398849794188E-4,4.012019664397651E-5,9.654223771648594E-5,4.900369146725428E-5,0.0017077162233743023,1.79129983936384E-4,0.00239361415832604,0.0014890711237176806,1.884882635905638E-4,6.482086193167582E-4,1.813910894650017E-4,9.539413770449165E-5,0.01001621308781555,1.7488210752039023E-4,5.737402749785253E-4,2.1169007586367756E-4,1.0499246552876529E-4,1.7974496969201965E-4,2.5999434014078884E-4,7.396321915043358E-5,1.7440902107957834E-4,0.0010973653848781765,4.058840489662908E-4,2.0649816381094642E-4,0.0012634433730700715,0.013617118220574476,6.578414407815335E-4,2.354082318125172E-4,1.6158082361897227E-4,1.1075119857055588E-4,0.014120948529404024,0.040515680711066364,1.90290619688276E-4,6.026660420658057E-4,9.82183686574739E-5,0.0025738501296204714,0.0011647022919924561,1.4414496207888235E-4,3.785919344852946E-4,1.8051900974559905E-4,6.703834701447971E-4,1.444334216342943E-4,1.3192977316338008E-4,0.03555707256849608,5.463630240076374E-4,5.2755443907988403E-5,0.0012158429963110137],[4.2577494363618446E-4,2.0037685393551905E-4,1.9423935800290593E-4,1.0,3.6731280043433167E-4,4.33603774002818E-4,3.809096619540414E-4,2.760399533083857E-4,0.0013905783131045952,2.637374385693022E-4,3.53457587727091E-4,4.3650262170072256E-5,3.564258907618928E-4,0.0034854816404431576,3.3331006216260695E-4,0.0014390887436036299,8.802406943718891E-4,3.934016039430688E-4,0.001441407445510713,3.1818988080207345E-4,3.145673874932035E-4,0.012555817997799453,2.7519788463171963E-4,0.0011514916967976761,2.915884501961867E-4,1.1138546725537174E-4,1.8657648263621228E-4,3.9417321557691184E-4,3.2750888869489703E-4,1.9311033415219008E-4,0.0013779283277640798,4.3663023382091513E-4,4.683968050708847E-4,0.0014873478876002,0.009473043674103617,5.600436792757164E-4,4.368381083500766E-4,1.8216488079840653E-4,3.515310109751744E-4,0.019195530190318985,0.02332688479199947,2.4990745000689395E-4,6.040011261209508E-4,7.089233335861186E-5,0.0033726957847406295,0.0010505584642820512,3.089149520385723E-4,3.9074659545011264E-4,2.04729883430365E-4,0.012333084094931893,2.854910252053283E-4,3.825273054098154E-4,0.0027843505178316314,0.0013326001935623122,2.4137964879737266E-4,9.161494331627019E-4],[3.6676001015740605E-4,3.6535533195167145E-5,1.7844739586682406E-4,3.6731280043433167E-4,1.0,7.984516132040158E-4,2.524685615679106E-4,1.2418031118418613E-4,0.0010704873769328096,1.452128737986017E-4,7.48973124761741E-5,7.856861155151957E-5,6.58734876607396E-5,4.1983441904173675E-4,1.6076920143525485E-4,0.002239410062056441,6.135641450877326E-4,1.7173110864116516E-4,0.0011757058825583398,1.680201561883225E-4,8.736803989116833E-5,0.01661738870844597,1.2199216952275976E-4,0.0012845861503097999,2.0891829990435937E-4,1.2249977193059595E-4,1.3275814057710488E-4,3.729040510230625E-4,9.846316858347159E-5,1.4590904147836003E-4,2.799981380965607E-4,3.8981246192735977E-4,0.0010623307615635351,8.80835093774481E-4,0.008298740260996779,2.891587123744616E-4,0.0012411966333698676,5.560349509469227E-5,1.3030785910123514E-4,0.001241839305907931,0.03185125721040656,1.73150122577185E-4,5.793005673752627E-4,1.2885641210225623E-5,0.0034973240455591164,0.002129625703297591,1.4669558848488676E-4,3.7457911535109314E-4,1.1885912135341688E-4,0.0028934497745383985,1.2595666423856306E-4,1.3024952246849336E-4,0.022928134806558455,6.307538404529767E-4,3.342266662690089E-5,5.753468704391903E-4],[0.0015923607260014995,2.533354561956743E-4,9.146410368004387E-4,4.33603774002818E-4,7.984516132040158E-4,1.0,9.042444124214822E-4,0.0011941164807089996,0.0016656802097133095,0.0014777099605344725,1.3552923634163616E-4,0.0015193516400319382,3.83827360047561E-4,0.0023363098873746056,6.043078682790306E-4,0.0019197851405388005,0.0016524870260458831,0.0014998420934556908,0.0015960298481834771,2.740969311567375E-4,4.5713894074235457E-4,0.008929881831969,5.047701094296878E-4,0.0019298683154445558,3.430448984464593E-4,3.621765049143233E-4,0.001555968162276974,4.916198110160818E-4,1.7059339909038598E-4,0.0011999394671501219,0.001583253932585618,7.347521183769111E-4,0.0013238922847196208,0.0017002021733680684,0.004257297360512406,0.0014912726382052635,0.0014473962205578535,0.0013035850939552072,0.001170605730515169,0.01720200785042822,0.007784247857428914,7.984601118634211E-4,0.0017029011084704617,7.440291723173896E-4,0.004358759241245578,0.0017404917741939544,8.124791292961088E-4,9.54178640124056E-4,4.4063018926000525E-4,0.002805866583637948,0.0011642463942201403,3.8478200000118863E-4,0.013918304442408262,0.0018078213133250697,0.001525719147327246,0.0018485558139098618],[4.171328787089014E-4,1.4029031715041696E-4,3.1479923556972176E-4,3.809096619540414E-4,2.524685615679106E-4,9.042444124214822E-4,1.0,3.1177711791167734E-4,0.0012377894149086558,1.241626646462297E-4,1.7069919150443792E-4,1.9544977521349872E-4,1.2287480055160605E-4,0.0014618018729093143,3.507981518560125E-4,0.001300574838217727,8.371016153685581E-4,2.974142205590698E-4,0.0011442318821101144,2.1266447130673593E-4,3.605313353120687E-4,0.004584286621274028,1.6486052338306214E-4,0.0019152912388579778,2.6489759611310944E-4,3.642412712041229E-4,1.5012800719659661E-4,3.821549430579871E-4,2.5860057931297503E-4,3.7245697419203603E-4,4.0087386320689544E-4,4.8720591971439784E-4,5.790986007686728E-4,0.0016358146508095636,0.011825375503088202,6.110863872324226E-4,3.990822536913181E-4,2.976924119293052E-4,2.8805322031491624E-4,0.008316128573637446,0.034544353765889574,2.3865850763601752E-4,0.001151396768428188,2.497814321233469E-5,7.028986871297418E-4,0.0014956091970200378,8.21302608595258E-5,3.786091739142161E-4,1.1426486968646568E-4,0.009781729983056237,2.849366389129762E-4,2.913474858815081E-4,0.0032651107596405634,0.0017770368222931297,3.4817970973908017E-4,3.9234231632238756E-4],[1.6451549064425136E-4,1.4715337198778593E-5,1.2396368460376283E-4,2.760399533083857E-4,1.2418031118418613E-4,0.0011941164807089996,3.1177711791167734E-4,1.0,4.611603397765131E-4,1.1104242805459234E-4,1.0654133371700123E-4,6.907055445454456E-5,7.514472779859E-5,0.0038341136944163422,1.324060247128083E-4,0.0025778224065492543,0.0014483592248090839,2.271810903791471E-4,1.351745280562702E-4,1.483700446045878E-4,3.057028652556388E-5,8.274010097941896E-4,1.0711659867203982E-4,4.965292475483258E-4,2.0452449356163512E-4,8.224371387576934E-5,9.452843275513799E-5,3.0723040737261234E-4,1.604245335249097E-5,1.0325782391792964E-4,0.001131924745403011,4.4002071738217976E-4,1.4208399728083727E-4,5.95365008567749E-4,0.0012491066807814022,6.519026776986717E-4,6.415007038448714E-4,8.166134495126906E-5,1.1080287302752476E-4,0.006918385885658197,0.0120471270249549,1.8033401106138427E-4,0.0015140797456166801,4.880976642757671E-5,6.954914251000078E-4,0.0012370722604269435,1.014353089169954E-4,2.3733598126921338E-4,1.1224740325701568E-4,0.011969281553907064,1.1131061135103951E-4,1.1055260747139878E-4,0.011315186367051307,0.0019329640335399919,1.0269472647100225E-4,1.8003982740325496E-4],[6.018236632789344E-4,0.0010279619368954531,6.863181630579612E-4,0.0013905783131045952,0.0010704873769328096,0.0016656802097133095,0.0012377894149086558,4.611603397765131E-4,1.0,0.00125272788346548,4.805870295965997E-4,0.001380898263444766,8.909960627380156E-4,0.003267566582691485,6.682164024195762E-4,0.0017808281175293009,0.0015356554935447707,8.683894929980623E-4,0.0015765965655645585,8.359079051646867E-4,0.0013902891459127286,0.007358098565418814,5.259624894732028E-4,0.0020455968740210563,3.5737158714288996E-4,4.259836376249561E-4,0.001219256851856209,0.0013608791892215327,7.182354053427812E-4,1.0822991797677508E-4,0.001546513308849892,0.001274954867720635,0.0015483664313774563,0.0015838250539909015,0.007977514689686412,0.0011795135095540507,0.0012804117029438843,1.9306127353024713E-5,0.0014500934014945364,0.004327065722667844,0.021143361554396653,3.866477504226256E-4,0.001613349925401162,0.0014119538232027318,0.0032674240713411263,0.001968593680672589,0.0014533860489258474,0.0013411588574000564,0.0012589169296090455,0.0032658450945604166,6.452665581580207E-4,0.0011744923335369514,0.01077250891480817,0.0018045372474972245,3.755889386258028E-4,0.0016512150815345226],[3.5985990995951494E-4,2.779782625238345E-5,1.7386398849794188E-4,2.637374385693022E-4,1.452128737986017E-4,0.0014777099605344725,1.241626646462297E-4,1.1104242805459234E-4,0.00125272788346548,1.0,5.9407558084552023E-5,2.7961274947388403E-5,8.779037953803797E-5,9.63326477021779E-4,1.54411190142928E-4,1.9582778258004258E-4,2.930367677377751E-4,1.514640267825046E-4,3.8839330730107164E-4,1.4560145060888376E-4,6.218332615187856E-5,0.00706076541830337,1.055560739693214E-4,0.0014638493109883303,1.6906462465468068E-4,9.171251204705125E-5,1.0216424345081512E-4,2.7898830025313917E-4,6.635912481545438E-5,1.0858967301466827E-4,4.96086643659968E-4,1.6132001346747505E-4,0.0010427330525264403,0.0014609428059379264,0.011349871639472358,7.018424207593229E-4,4.0218791743209224E-4,5.500074148152877E-5,1.1061681703597258E-4,0.015186899450411769,0.005465434729713987,1.2053403503359855E-4,2.692913985467371E-4,1.0649571555752998E-4,0.002094401554050912,0.00146440532061792,1.0970318395311636E-4,2.5097191899353373E-4,1.1216393039528161E-4,0.013702919277702431,1.1431810967002851E-4,1.1036987409714948E-4,0.0023140647937428334,0.0019400278664996893,9.90368876118091E-5,0.001307130415892443],[3.6040572284360035E-4,1.5055148002942905E-5,4.012019664397651E-5,3.53457587727091E-4,7.48973124761741E-5,1.3552923634163616E-4,1.7069919150443792E-4,1.0654133371700123E-4,4.805870295965997E-4,5.9407558084552023E-5,1.0,1.430329325130857E-5,1.4869649431114112E-5,0.001983844882616031,3.338699955169735E-5,6.009786679288113E-4,0.0010830318507426635,2.0906290560904748E-4,0.001336614714303881,8.406325792643471E-5,1.7582824794796442E-5,0.004916916708874681,1.7977977162746563E-5,0.0018180138653325975,1.0736771109529691E-4,7.383574342613077E-5,2.7912663001693483E-5,1.8527771570264198E-4,1.5145215152748012E-5,1.6299677511278543E-5,0.0014866936922880904,1.8935204960396026E-4,3.1731349703162327E-4,5.707659621120251E-4,0.01541087010044161,2.5393832505188997E-4,6.121881072349019E-4,1.508479317327001E-5,3.202786599946785E-5,0.0010234539585210949,0.017404137728063155,1.1231155375415627E-4,0.0013653889540233583,1.1439459487387319E-5,1.1205548955649693E-4,7.745262411721822E-4,3.468142697974219E-5,2.4345510349183058E-5,6.262156602040459E-5,0.008912217388916384,1.1234710459602944E-4,8.128460658856622E-5,0.02765115186641114,0.0020657891158087473,1.6136642242605786E-5,6.777708022499601E-4],[2.484985828463707E-4,1.4512437087068783E-5,9.654223771648594E-5,4.3650262170072256E-5,7.856861155151957E-5,0.0015193516400319382,1.9544977521349872E-4,6.907055445454456E-5,0.001380898263444766,2.7961274947388403E-5,1.430329325130857E-5,1.0,1.1451326143107436E-5,0.0037414973848618844,1.2328694289198168E-4,0.0019257006868617517,0.0013851070333160476,1.5735765034940362E-4,2.1030617813106424E-4,1.4881416672511924E-5,1.9823711772498942E-5,0.0057116825854297525,4.652868663108148E-5,7.389481832782771E-5,1.5639905363999942E-4,6.0115154008969494E-5,6.52239220730758E-5,2.973786815588345E-4,1.3097109031721008E-5,4.221878405582235E-5,9.44090901049852E-4,2.5153111119333935E-4,6.040225526935334E-4,0.0010013164709432975,0.012022778496668624,7.001522115175928E-4,6.70775546027044E-4,1.1901902952965428E-5,7.070678003898928E-5,0.010150657371114098,0.03918341344161705,1.2177053968340893E-4,0.001566915711724667,1.114727664855407E-5,0.0019262977862194261,1.8534505402755162E-4,1.9779502101041762E-5,2.535478852166134E-4,1.0415893639752437E-4,0.007524893614124929,2.0873459891503533E-5,2.153396575886202E-5,0.01373902403661213,0.0013964709543814828,1.3903747633751314E-5,9.209848688803539E-4],[3.855058581071295E-4,1.2619747231371124E-5,4.900369146725428E-5,3.564258907618928E-4,6.58734876607396E-5,3.83827360047561E-4,1.2287480055160605E-4,7.514472779859E-5,8.909960627380156E-4,8.779037953803797E-5,1.4869649431114112E-5,1.1451326143107436E-5,1.0,4.780955127590869E-4,1.237601266665832E-4,1.1728292229066004E-4,4.91557426671297E-4,2.334053954892942E-5,0.001376546906677493,1.3752986208289084E-4,1.7089528036677407E-5,0.003495903584478752,1.962846441870212E-5,0.001164612274298663,5.0840331498679385E-5,2.615576522750285E-5,6.018918625618191E-5,1.1135230330987137E-4,1.2959534343870242E-5,5.405515439434747E-5,5.476761532025217E-4,4.94539934336107E-5,1.9137618790523525E-4,5.831823400012863E-4,0.006871733959969697,3.157762404168781E-4,2.6071218826834717E-4,1.2819785032607798E-5,5.334180748868452E-5,0.016541302249697794,0.03830261157870825,6.260335090108977E-5,8.787258723483514E-4,1.0909914421000923E-5,0.001996286256290314,0.0012970006213738887,5.21562308450673E-5,1.1927132724165562E-4,1.858906874805115E-5,0.011544718340430013,1.0874574744285958E-4,3.807590194297063E-5,0.03371765127137604,0.0015048454778752943,2.3265061528124275E-5,1.5892321475731485E-4],[9.623150485815487E-4,0.003051816296490575,0.0017077162233743023,0.0034854816404431576,4.1983441904173675E-4,0.0023363098873746056,0.0014618018729093143,0.0038341136944163422,0.003267566582691485,9.63326477021779E-4,0.001983844882616031,0.0037414973848618844,4.780955127590869E-4,1.0,0.003036623506957135,0.0032507535271632214,0.0034659603091663485,0.002083215379508857,0.00203274591799262,0.0022448523533790477,0.0014798330895771507,0.005411474981908621,0.0015980141324917606,0.0030817980551948627,0.0034177596234266413,7.590593090776631E-4,6.519885663731111E-4,0.0034341805904083457,0.0035769376175279993,0.001705892601140357,0.0034301648225965615,0.0012093406421385077,0.002502910002318144,0.0032391885498870127,0.006853015094996393,0.0037544521407588427,0.0013700563110107791,0.00175608114283181,0.0014851960029109382,0.01632220418597257,0.03821598161479198,0.0022713177928089883,0.0033497350524790415,0.0013797298954364042,0.0041140708039048655,0.0030170986843574316,0.0011711472863235063,7.220955622928165E-4,0.0026748291140059922,0.012361283671454542,6.259554541539425E-4,9.280859166528241E-4,0.0049536021810353175,0.003646480907634082,0.00280982859612848,0.0038468732227577764],[2.4944206167015466E-4,6.46730362061781E-5,1.79129983936384E-4,3.3331006216260695E-4,1.6076920143525485E-4,6.043078682790306E-4,3.507981518560125E-4,1.324060247128083E-4,6.682164024195762E-4,1.54411190142928E-4,3.338699955169735E-5,1.2328694289198168E-4,1.237601266665832E-4,0.003036623506957135,1.0,6.509793114454923E-4,0.0014412740565742995,1.848099252785688E-4,0.0014115150835214893,1.7834684222931105E-4,1.472416380558408E-4,0.006642072937023607,1.311063429838643E-4,0.0010294461791716105,2.0099694482385836E-4,1.2284874446794714E-4,1.475828444513101E-4,2.906037708216812E-4,3.998382766173948E-5,1.317374324436645E-4,0.00130844375155971,2.811173192649416E-4,5.404819138807413E-4,0.001520408653863886,0.012440577778847748,3.58135844703129E-4,4.975606753323016E-4,5.627200600506379E-5,1.4472367697014924E-4,4.468302282859434E-4,0.022702846774075823,1.6973240065174647E-4,1.7212727255416945E-4,1.594911004572915E-4,0.0015797867085908107,0.0020034639241470063,8.491020745659719E-5,3.848335929998038E-4,1.3252988666027647E-4,0.0010711090098782681,1.4020832876786448E-4,1.4949870908326717E-4,0.024529789933767997,0.0011992136922163582,5.6091879892079894E-5,6.927054696041019E-4],[4.664235280858147E-4,2.1286107541475754E-4,0.00239361415832604,0.0014390887436036299,0.002239410062056441,0.0019197851405388005,0.001300574838217727,0.0025778224065492543,0.0017808281175293009,1.9582778258004258E-4,6.009786679288113E-4,0.0019257006868617517,1.1728292229066004E-4,0.0032507535271632214,6.509793114454923E-4,1.0,0.0022806448206580256,6.8429045875177E-4,0.0017289522096597155,8.69007361245311E-4,5.450196379093471E-4,0.0033409443963276857,8.33500928671098E-4,0.0028045431341951767,9.22156664377806E-4,8.777301057058577E-4,0.002128288374602115,0.002444130688635211,1.5290077645736718E-4,1.1509786564094124E-4,0.0027030123779590125,0.0015423928220384556,0.002791929881029237,0.002589604208129066,0.012067844517146778,0.00107654743079383,0.0021738195455941493,8.298129115304285E-4,0.0015059419897118429,0.00817229109916505,0.02753260711845416,0.0020629828164318224,0.002475772088949434,4.724570482754414E-5,0.0028504188352102,0.002777125530860348,0.0025252538169259747,0.0016357705426004432,0.001417032986377159,0.010866009903820511,2.5984181250735114E-4,0.0026227303719065383,0.02996042438043758,0.002260163733468912,0.0016109265608013248,0.0022850367435627884],[0.001180862984258795,0.0014840702096709016,0.0014890711237176806,8.802406943718891E-4,6.135641450877326E-4,0.0016524870260458831,8.371016153685581E-4,0.0014483592248090839,0.0015356554935447707,2.930367677377751E-4,0.0010830318507426635,0.0013851070333160476,4.91557426671297E-4,0.0034659603091663485,0.0014412740565742995,0.0022806448206580256,1.0,4.3793976025571714E-4,0.001538862975655524,0.001429220713589137,0.0010003329956546423,0.0048371093592161395,8.018492163496786E-4,0.002491238724384644,0.0014458557240554961,5.370005226180605E-4,7.211697498132912E-4,9.136956252593289E-4,3.639717306324198E-4,1.0913745293644125E-4,0.0015113355978912631,0.0013282970839078336,0.0014861484140681817,0.0015039795555184389,0.010982143783728849,0.0011070158959980035,0.0013023006280818829,0.001105864366993562,8.672123633139146E-4,0.01573766370489841,0.02546882975396176,8.555993713355904E-4,0.0015445706270230206,3.4104746280329344E-4,0.001837626154500672,0.0021719655944766425,9.296075715024413E-4,5.085897330545309E-4,8.813283031972827E-4,0.0040396593804094315,3.302913571775825E-4,6.813328627115227E-4,0.019764437169254925,0.001759280802076093,0.0013684381583830847,0.0018363419905672417],[2.967389985027824E-4,1.6197189474661424E-4,1.884882635905638E-4,3.934016039430688E-4,1.7173110864116516E-4,0.0014998420934556908,2.974142205590698E-4,2.271810903791471E-4,8.683894929980623E-4,1.514640267825046E-4,2.0906290560904748E-4,1.5735765034940362E-4,2.334053954892942E-5,0.002083215379508857,1.848099252785688E-4,6.8429045875177E-4,4.3793976025571714E-4,1.0,0.0013799287814650037,2.2355958263488925E-4,3.0305844849928456E-5,5.655163556699828E-4,1.085860824363019E-4,0.0014511839856434319,2.3123867407436784E-4,1.1505434635280759E-4,1.955995596827059E-4,2.7437925987865164E-4,1.0813653984692129E-4,1.6829312073921612E-4,5.500136720867814E-4,3.056513203667229E-4,0.0010540759159016035,2.614376224323728E-4,0.011134530677970654,5.151675392686072E-4,0.0012310026805316962,4.408219011799035E-5,2.0068542570991448E-4,0.011044286729279656,0.015465658913327941,2.0694454856350883E-4,0.0011016788080974312,1.7862322618395052E-4,0.0021412835908823885,0.002129689822096561,1.163960742837415E-4,2.9932163078169805E-4,1.1496676631683537E-4,0.01441387537159433,1.9555741130145672E-4,1.428821021020713E-4,0.03043605399477662,7.585943932875396E-4,1.3785781896459115E-4,0.001070660667298707],[9.014452806498602E-4,0.0011796504848273672,6.482086193167582E-4,0.001441407445510713,0.0011757058825583398,0.0015960298481834771,0.0011442318821101144,1.351745280562702E-4,0.0015765965655645585,3.8839330730107164E-4,0.001336614714303881,2.1030617813106424E-4,0.001376546906677493,0.00203274591799262,0.0014115150835214893,0.0017289522096597155,0.001538862975655524,0.0013799287814650037,1.0,2.519603078725966E-4,0.0010068463112947604,0.004454638856488251,7.619009619778207E-4,0.0016013078848380433,8.100668045028202E-4,0.0010828788530528092,0.0012680720461738975,0.0011105202945909083,0.001082335372552551,0.001111392439695292,0.0015531923789852832,9.130294626982212E-4,0.0015188599999457128,0.0015903810785618552,0.0023441296870719244,8.676698155723588E-4,0.0014725970170254927,0.0010864168261684203,1.638018617064018E-4,0.010651729354655581,0.03289215259392942,0.0012395904705653923,0.0016593234605967288,7.206989846765004E-5,0.003044345075624036,0.0020730623205624243,0.0012463433303334024,0.001021259294195592,3.620419709132081E-4,0.01479929806971823,0.001174598567311632,0.0013207862062519001,0.00796993103968789,0.001732089013289127,8.853958499545183E-4,0.0017548057588504498],[3.7208935821084893E-4,1.3209334025933553E-4,1.813910894650017E-4,3.1818988080207345E-4,1.680201561883225E-4,2.740969311567375E-4,2.1266447130673593E-4,1.483700446045878E-4,8.359079051646867E-4,1.4560145060888376E-4,8.406325792643471E-5,1.4881416672511924E-5,1.3752986208289084E-4,0.0022448523533790477,1.7834684222931105E-4,8.69007361245311E-4,0.001429220713589137,2.2355958263488925E-4,2.519603078725966E-4,1.0,1.6174919590292177E-4,0.008811047095741481,1.0744356560015037E-4,0.0021695617036900936,1.899794818535834E-4,1.2919947930218993E-4,1.751230671211407E-4,3.405501024074141E-4,1.6652407581215634E-4,1.1303984055512544E-4,0.001339091983339916,5.206828585801461E-4,8.057965617311205E-4,6.800004201017584E-4,0.006053390853445748,4.984808302156754E-4,0.0010524100955139482,1.5162060924381462E-4,1.542048589297624E-4,0.013073944339510698,0.001390833536277024,1.8509966190357225E-4,1.9632044413501787E-4,9.683261321535393E-5,0.002958855761886756,0.002206354972220084,1.1675332465676492E-4,2.1502156665094044E-4,1.6837598121416167E-4,0.012044404616697429,1.3674735431088277E-4,1.394181228386519E-4,0.02417745963180293,0.0014595975837382225,1.3941613224688278E-4,0.0011622044242573825],[2.8425535075485964E-4,1.6335882134209987E-5,9.539413770449165E-5,3.145673874932035E-4,8.736803989116833E-5,4.5713894074235457E-4,3.605313353120687E-4,3.057028652556388E-5,0.0013902891459127286,6.218332615187856E-5,1.7582824794796442E-5,1.9823711772498942E-5,1.7089528036677407E-5,0.0014798330895771507,1.472416380558408E-4,5.450196379093471E-4,0.0010003329956546423,3.0305844849928456E-5,0.0010068463112947604,1.6174919590292177E-4,1.0,9.157402149960356E-4,9.558801095798787E-5,5.586789247475663E-4,2.0807856681855959E-4,5.390507556033339E-5,6.5984261863097E-5,2.8673929995800607E-4,1.6353780409935206E-5,8.767258517962626E-5,8.933768328153322E-4,1.889414521504229E-4,5.322356517231258E-4,9.149180871504977E-4,0.0036099219361183424,8.330930600491807E-5,4.924785117494369E-4,1.5565610960166923E-5,8.519459174380533E-5,0.016273369255440276,0.02183093043466816,3.3412797280982335E-5,7.127044233736744E-4,1.9817054762164526E-5,4.624313991293309E-4,5.361162148819096E-4,3.5190723319035276E-5,6.224963945675527E-5,1.0426262285381065E-4,1.3347880514247802E-4,9.767622176803901E-5,8.928736098190616E-5,0.00505383753614864,0.0011831054245447508,2.1989440496250796E-5,4.707479103808197E-4],[0.012241817733959241,0.01413410791022075,0.01001621308781555,0.012555817997799453,0.01661738870844597,0.008929881831969,0.004584286621274028,8.274010097941896E-4,0.007358098565418814,0.00706076541830337,0.004916916708874681,0.0057116825854297525,0.003495903584478752,0.005411474981908621,0.006642072937023607,0.0033409443963276857,0.0048371093592161395,5.655163556699828E-4,0.004454638856488251,0.008811047095741481,9.157402149960356E-4,1.0,0.0035634463326690916,0.003509933172991358,0.010189009249058275,0.011845641424270853,0.015088312337676494,0.007205382086660781,0.009969116931894126,0.010023551772274009,0.005552832058974504,0.013324819014953894,0.007103505383377017,0.015314073182722553,0.01665479244054165,0.005323174984977691,0.010288181223055208,0.008813108242743915,0.007633394601461812,0.018483947349553016,0.01998613783658459,0.003053162308377597,0.014093384951446445,0.011595509172298284,0.013931483373186133,0.004419028755839794,8.115100967474597E-4,0.003718942272086651,1.429851257264263E-4,0.015926427951989227,0.01576251219974762,0.0019016414114380576,0.02714186537735582,0.011242199466135364,0.003816054014996061,0.009321270032390867],[2.764077034460528E-4,4.092825859158465E-5,1.7488210752039023E-4,2.7519788463171963E-4,1.2199216952275976E-4,5.047701094296878E-4,1.6486052338306214E-4,1.0711659867203982E-4,5.259624894732028E-4,1.055560739693214E-4,1.7977977162746563E-5,4.652868663108148E-5,1.962846441870212E-5,0.0015980141324917606,1.311063429838643E-4,8.33500928671098E-4,8.018492163496786E-4,1.085860824363019E-4,7.619009619778207E-4,1.0744356560015037E-4,9.558801095798787E-5,0.0035634463326690916,1.0,6.879054095688805E-4,1.610113561229873E-4,9.064088472685486E-5,1.0022320723004669E-4,2.0619385238269407E-4,6.402511473842105E-5,1.0234220331872778E-4,6.245412188403529E-4,1.3634973402825638E-4,7.74468277894284E-4,8.001857909958461E-4,0.003245412949827062,5.085983942575127E-4,3.730855643967391E-4,5.202830275147532E-5,1.0552951177484775E-4,6.540226398236743E-4,0.021907733880677356,1.1560711121919532E-4,0.0012120763861903964,8.17370797043814E-5,1.4943820026539837E-4,2.4932531032161476E-4,8.031199545083293E-5,1.6824509809366088E-4,1.1105644146033022E-4,0.013452469921279442,1.1124576584476317E-4,1.0444463091015603E-4,0.035405534393552825,0.0011883680269158454,8.072846769831339E-5,0.0018668298375230591],[4.498779826882074E-4,9.831357891941673E-4,5.737402749785253E-4,0.0011514916967976761,0.0012845861503097999,0.0019298683154445558,0.0019152912388579778,4.965292475483258E-4,0.0020455968740210563,0.0014638493109883303,0.0018180138653325975,7.389481832782771E-5,0.001164612274298663,0.0030817980551948627,0.0010294461791716105,0.0028045431341951767,0.002491238724384644,0.0014511839856434319,0.0016013078848380433,0.0021695617036900936,5.586789247475663E-4,0.003509933172991358,6.879054095688805E-4,1.0,0.0022894871571437062,3.1936439452936094E-4,0.0011107368887095024,0.0021215055596397994,0.001944909161320937,0.0012034682678460256,0.0015596667844883774,0.001013433051232292,0.0027552085456143934,0.0026184324730378593,0.004560103845310014,0.002273536147375116,0.0021239464450791405,2.811626032302956E-4,0.0017991038144529483,0.009809894291945119,0.02284878234182255,0.002515873288936598,0.0020620956723277663,3.1753811348591285E-4,0.0033688169342942606,0.0024539718439250398,9.745645328948076E-4,0.0011365598584958097,0.0025077758660799884,0.007171357424328095,0.002628507884630564,0.0027325552292800587,0.03279823991539891,0.0023222834125341037,9.901105382252153E-4,0.0026281693235601796],[2.3786550145915233E-4,1.5779867992392097E-4,2.1169007586367756E-4,2.915884501961867E-4,2.0891829990435937E-4,3.430448984464593E-4,2.6489759611310944E-4,2.0452449356163512E-4,3.5737158714288996E-4,1.6906462465468068E-4,1.0736771109529691E-4,1.5639905363999942E-4,5.0840331498679385E-5,0.0034177596234266413,2.0099694482385836E-4,9.22156664377806E-4,0.0014458557240554961,2.3123867407436784E-4,8.100668045028202E-4,1.899794818535834E-4,2.0807856681855959E-4,0.010189009249058275,1.610113561229873E-4,0.0022894871571437062,1.0,1.7591893214422347E-4,1.5450022193969756E-4,3.727131582787719E-4,1.3890119243550848E-4,1.7557703876813814E-4,4.893381625779355E-4,4.79982787288771E-4,0.0010412038185014492,0.0015198657657060405,0.012046928099106628,3.748147624719079E-4,5.874047837050426E-4,1.325096808867562E-4,1.4587998130929762E-4,0.011266260424885053,0.026466692303589535,2.222793226138928E-4,3.8798464370451977E-4,5.7075205674518654E-5,0.00264949908246931,0.0021283920424037634,1.2827351353896952E-4,2.9252825834326336E-4,1.2506849106597102E-4,8.697707899789746E-4,2.0316040434823895E-4,1.2458817012722087E-4,0.003692412154272941,0.001992718430175398,2.1112202575700357E-4,9.35534624012342E-4],[1.939095012162965E-4,7.088026059731217E-5,1.0499246552876529E-4,1.1138546725537174E-4,1.2249977193059595E-4,3.621765049143233E-4,3.642412712041229E-4,8.224371387576934E-5,4.259836376249561E-4,9.171251204705125E-5,7.383574342613077E-5,6.0115154008969494E-5,2.615576522750285E-5,7.590593090776631E-4,1.2284874446794714E-4,8.777301057058577E-4,5.370005226180605E-4,1.1505434635280759E-4,0.0010828788530528092,1.2919947930218993E-4,5.390507556033339E-5,0.011845641424270853,9.064088472685486E-5,3.1936439452936094E-4,1.7591893214422347E-4,1.0,8.17984106462482E-5,3.464036228260929E-4,4.617134182876901E-5,9.841396043184094E-5,7.116788658150887E-4,4.956608982370278E-4,3.456575577482343E-4,6.072858850393541E-4,0.0073527165589149695,3.914295499346279E-4,0.0010871339889198947,7.779684886628407E-5,1.0452645914201363E-4,0.0158715898743807,0.03282401685972123,1.3905776147865592E-4,0.0014938316003889583,5.57636837630845E-5,0.003722159380504798,0.0012964669161989106,7.082234168951832E-5,2.951704718235948E-4,1.0039798097677793E-4,0.008005748264000741,1.1251326009083057E-4,1.0124694107749445E-4,0.004372502074150893,6.440087367528797E-4,5.66866104895968E-5,0.0015691660521205545],[2.0837146237885103E-4,3.5890078685947796E-5,1.7974496969201965E-4,1.8657648263621228E-4,1.3275814057710488E-4,0.001555968162276974,1.5012800719659661E-4,9.452843275513799E-5,0.001219256851856209,1.0216424345081512E-4,2.7912663001693483E-5,6.52239220730758E-5,6.018918625618191E-5,6.519885663731111E-4,1.475828444513101E-4,0.002128288374602115,7.211697498132912E-4,1.955995596827059E-4,0.0012680720461738975,1.751230671211407E-4,6.5984261863097E-5,0.015088312337676494,1.0022320723004669E-4,0.0011107368887095024,1.5450022193969756E-4,8.17984106462482E-5,1.0,9.352140597573808E-5,7.942511375696163E-5,9.589023884673818E-5,0.0013693572102299605,2.9343132855802164E-4,4.4827965472125464E-4,3.50957251580239E-4,0.01265486095607801,4.4200979287610173E-4,0.0010864485636853446,5.190974456890258E-5,1.0008927339029704E-4,0.009612609299052279,0.0274188153378459,1.5369069124907708E-4,0.0016409068266021313,3.9723131143319436E-5,7.598988187825811E-4,6.798069307108984E-4,7.796716155873801E-5,2.9839023036208823E-4,9.664966367600187E-5,0.0040200266449279525,9.717988583364867E-5,9.449036999740362E-5,0.017688383294864243,9.18722051067825E-5,7.002883565579824E-5,1.42746675879913E-4],[4.263441404834551E-4,1.1122109368243228E-4,2.5999434014078884E-4,3.9417321557691184E-4,3.729040510230625E-4,4.916198110160818E-4,3.821549430579871E-4,3.0723040737261234E-4,0.0013608791892215327,2.7898830025313917E-4,1.8527771570264198E-4,2.973786815588345E-4,1.1135230330987137E-4,0.0034341805904083457,2.906037708216812E-4,0.002444130688635211,9.136956252593289E-4,2.7437925987865164E-4,0.0011105202945909083,3.405501024074141E-4,2.8673929995800607E-4,0.007205382086660781,2.0619385238269407E-4,0.0021215055596397994,3.727131582787719E-4,3.464036228260929E-4,9.352140597573808E-5,1.0,2.9980366285850467E-5,1.350318498998448E-4,6.317190269073949E-4,5.120333170178377E-4,0.0010950386483027897,0.00100934127997066,0.015586866384293314,6.536977994568637E-4,8.987960789212491E-4,3.645437413940008E-4,2.8125306679646725E-4,0.014421207781783713,0.03991352585894569,2.6073161798102545E-4,8.777603685889122E-4,3.8046468566999665E-4,0.0037408890969438196,0.0020389470294950598,1.4096843265750257E-4,3.851706536927032E-4,3.758736774628873E-4,0.004618479441752927,1.2379485270711777E-4,2.0482912384371833E-4,0.023352755884191872,6.548579722632875E-4,1.734455596698018E-4,0.0013995560377173554],[2.1949927930137303E-4,1.463189298025574E-5,7.396321915043358E-5,3.2750888869489703E-4,9.846316858347159E-5,1.7059339909038598E-4,2.5860057931297503E-4,1.604245335249097E-5,7.182354053427812E-4,6.635912481545438E-5,1.5145215152748012E-5,1.3097109031721008E-5,1.2959534343870242E-5,0.0035769376175279993,3.998382766173948E-5,1.5290077645736718E-4,3.639717306324198E-4,1.0813653984692129E-4,0.001082335372552551,1.6652407581215634E-4,1.6353780409935206E-5,0.009969116931894126,6.402511473842105E-5,0.001944909161320937,1.3890119243550848E-4,4.617134182876901E-5,7.942511375696163E-5,2.9980366285850467E-5,1.0,2.4862640093350198E-5,0.0012053189441690322,1.6817100102362804E-4,9.798543573070972E-4,5.120545961718353E-4,0.012703834934646382,1.973472282916671E-4,9.64634553982886E-5,1.4455556781804752E-5,3.323319822227512E-5,0.005952281402442673,0.033343549465805124,1.7423896438469077E-4,9.956909415197567E-4,1.3071290997792381E-5,0.002998065739541604,0.002271624419421409,4.3190806982075975E-5,3.8207415936049983E-4,9.471900450571112E-5,0.008402371543235766,4.889048005906948E-5,6.875032081405866E-5,0.026955424906587398,1.0859759851674814E-4,1.7120171155086677E-5,3.438665114639941E-4],[4.239093752863325E-4,2.4130337148529527E-5,1.7440902107957834E-4,1.9311033415219008E-4,1.4590904147836003E-4,0.0011999394671501219,3.7245697419203603E-4,1.0325782391792964E-4,1.0822991797677508E-4,1.0858967301466827E-4,1.6299677511278543E-5,4.221878405582235E-5,5.405515439434747E-5,0.001705892601140357,1.317374324436645E-4,1.1509786564094124E-4,1.0913745293644125E-4,1.6829312073921612E-4,0.001111392439695292,1.1303984055512544E-4,8.767258517962626E-5,0.010023551772274009,1.0234220331872778E-4,0.0012034682678460256,1.7557703876813814E-4,9.841396043184094E-5,9.589023884673818E-5,1.350318498998448E-4,2.4862640093350198E-5,1.0,7.355505513965286E-4,1.2648458856433247E-4,1.9167034381891844E-4,6.534011372407001E-4,0.005417537543040447,4.659500610243128E-4,9.533220572624535E-4,5.404553883509852E-5,1.1007947702147804E-4,1.784551896524442E-4,0.03980588434501295,1.8115718231372416E-4,8.504955066547889E-4,6.525476367923131E-5,0.0031804984772776657,0.0018414404909784258,6.522665749045652E-5,1.499006968764828E-4,1.1155419735774738E-4,0.013811107610328974,1.0338066114295014E-4,1.0450895052326938E-4,0.03214360639635721,0.0021281029430279623,3.472192247514109E-5,8.939322032773647E-4],[0.0010211420311493614,0.0012194826579654174,0.0010973653848781765,0.0013779283277640798,2.799981380965607E-4,0.001583253932585618,4.0087386320689544E-4,0.001131924745403011,0.001546513308849892,4.96086643659968E-4,0.0014866936922880904,9.44090901049852E-4,5.476761532025217E-4,0.0034301648225965615,0.00130844375155971,0.0027030123779590125,0.0015113355978912631,5.500136720867814E-4,0.0015531923789852832,0.001339091983339916,8.933768328153322E-4,0.005552832058974504,6.245412188403529E-4,0.0015596667844883774,4.893381625779355E-4,7.116788658150887E-4,0.0013693572102299605,6.317190269073949E-4,0.0012053189441690322,7.355505513965286E-4,1.0,7.711040279263911E-4,0.0013460502201229402,0.0016218205467042415,0.013421733172581845,8.8464301292686E-4,0.0014775456811328127,0.0010999153094175562,3.1064764592724815E-4,0.010288620824465598,0.027464396330586244,4.8212077499767676E-4,0.0015562270558339849,0.0012800038087725167,0.0015631929270520147,0.002088015149672924,6.159513743522546E-4,7.392448552739391E-4,7.485545227858157E-4,0.0024634788260370346,0.001277612998150599,6.76543297000403E-4,0.023663549973661126,0.0015702580118749855,0.0011051641350007459,0.0017794816496390629],[4.966239052747672E-4,3.344368429133461E-4,4.058840489662908E-4,4.3663023382091513E-4,3.8981246192735977E-4,7.347521183769111E-4,4.8720591971439784E-4,4.4002071738217976E-4,0.001274954867720635,1.6132001346747505E-4,1.8935204960396026E-4,2.5153111119333935E-4,4.94539934336107E-5,0.0012093406421385077,2.811173192649416E-4,0.0015423928220384556,0.0013282970839078336,3.056513203667229E-4,9.130294626982212E-4,5.206828585801461E-4,1.889414521504229E-4,0.013324819014953894,1.3634973402825638E-4,0.001013433051232292,4.79982787288771E-4,4.956608982370278E-4,2.9343132855802164E-4,5.120333170178377E-4,1.6817100102362804E-4,1.2648458856433247E-4,7.711040279263911E-4,1.0,7.450233124760469E-4,7.333948386842345E-4,0.012694486788360772,6.209447033471353E-4,0.0010342728047115844,3.449514790291969E-4,1.7751509632750977E-4,0.013474433235744638,0.02826570030848772,4.110559683808367E-4,5.61675425638949E-4,7.811734900604402E-5,0.0022488496705722017,0.0011352310416694181,1.1251776021340364E-4,4.496160606558641E-4,5.091525274188238E-4,0.006787923770814162,1.3307014931393182E-4,2.7267249926507753E-4,0.022653114747606184,9.475036411836876E-4,1.8264468081026242E-4,0.0012359774454350104],[7.183873569565766E-4,3.695982802010132E-4,2.0649816381094642E-4,4.683968050708847E-4,0.0010623307615635351,0.0013238922847196208,5.790986007686728E-4,1.4208399728083727E-4,0.0015483664313774563,0.0010427330525264403,3.1731349703162327E-4,6.040225526935334E-4,1.9137618790523525E-4,0.002502910002318144,5.404819138807413E-4,0.002791929881029237,0.0014861484140681817,0.0010540759159016035,0.0015188599999457128,8.057965617311205E-4,5.322356517231258E-4,0.007103505383377017,7.74468277894284E-4,0.0027552085456143934,0.0010412038185014492,3.456575577482343E-4,4.4827965472125464E-4,0.0010950386483027897,9.798543573070972E-4,1.9167034381891844E-4,0.0013460502201229402,7.450233124760469E-4,1.0,0.0014407274153546013,0.01135287428940965,0.0011293356269234448,0.0012191102839792813,9.484067135903353E-4,7.979288502290312E-4,0.004471620606381722,0.024662719087280773,6.621012047168687E-4,0.0015357198473662376,4.8402651577371267E-4,0.002576908183661379,0.0017899204978632658,6.32674131130916E-4,9.544887616345436E-4,4.025019123246201E-4,0.012028273845721634,9.92611873444018E-4,5.346102858173181E-4,0.0026194308906887093,0.0013192861560919309,6.162653898989595E-4,0.001577938862028689],[4.4720435569645247E-4,0.0013221034867530583,0.0012634433730700715,0.0014873478876002,8.80835093774481E-4,0.0017002021733680684,0.0016358146508095636,5.95365008567749E-4,0.0015838250539909015,0.0014609428059379264,5.707659621120251E-4,0.0010013164709432975,5.831823400012863E-4,0.0032391885498870127,0.001520408653863886,0.002589604208129066,0.0015039795555184389,2.614376224323728E-4,0.0015903810785618552,6.800004201017584E-4,9.149180871504977E-4,0.015314073182722553,8.001857909958461E-4,0.0026184324730378593,0.0015198657657060405,6.072858850393541E-4,3.50957251580239E-4,0.00100934127997066,5.120545961718353E-4,6.534011372407001E-4,0.0016218205467042415,7.333948386842345E-4,0.0014407274153546013,1.0,0.007865823828607177,0.0013156773239270062,0.0014240446355592918,5.042384746217619E-4,0.0011705260265584285,0.01425374542728352,0.020576103722334163,0.0015774396585062898,0.0017048091508043517,5.084958301415021E-4,0.0027906220195931253,0.0017084352985347391,0.0011300573411956996,0.0013534