[[1.0, 0.7043405030488463, 0.8055028836009437, 0.36802327785041933, 0.5832798725411886, 0.8046172135100869, 0.29534664053593396, 0.6566057874215185, 0.9129682101120757, 0.7282935587702665, 0.39672023393815203, 0.33620340112969505, 0.4681443255778198, 0.674268255943589, 0.8878974858505636, 0.067092897646707, 0.5694427534158125, 0.6318709634836481, 0.7693029032009006, 0.7907603809589868, 0.45249833612476065, 0.3973254514634772, 0.904141351294117, 0.6235533664192799, 0.4011792194413295, 0.206735467584499, 0.2815276692711697, 0.7592491759939255, 0.9709877154613014, 0.5810306242809237, 0.9298224272438372, 0.8969756333453685, 0.9295971346009199, 0.7056350115051755, 0.7667038811324679], [0.7043405030488463, 1.0, 0.30259059108051756, 0.26148242256550114, 0.9620453869244706, 0.1668475902558687, 0.734562157899608, 0.7255690918035207, 0.5880613530392663, 0.9774549791603456, 0.17325317686596864, 0.5184414230447723, 0.044435552980717885, 0.9077887769875153, 0.11710471914113996, 0.08197307349477745, 0.2212237505139174, 0.009514229792998763, 0.6962430889562197, 0.2888601865562692, 0.04988056236181371, 0.2925070234323712, 0.559201652758776, 0.3749195564279558, 0.0572987479597763, 0.21710577191359182, 0.08653490140388453, 0.7914658268755114, 0.09317622047474372, 0.3326794384013887, 0.706301117627954, 0.5361712382275906, 0.9023072358366987, 0.5659382632277549, 0.3097208949813266], [0.8055028836009437, 0.30259059108051756, 1.0, 0.7142468358043126, 0.1746606000234059, 0.2381767580217835, 0.95806835279712, 0.37337174441957, 0.4078332054990448, 0.6050071163545504, 0.8705605246116952, 0.3959182365775783, 0.5247607162795507, 0.40994916797797154, 0.8065071742652378, 0.4839327420727406, 0.9977023734481244, 0.3899315541347329, 0.7644631640178662, 0.34766201882780023, 0.7705091350573847, 0.0977293446690195, 0.5840830970127998, 0.1991034569693223, 0.45043061101114734, 0.7771329756577932, 0.093905829702293, 0.7298737257600367, 0.9505366425996292, 0.9775991383145886, 0.875264313091661, 0.3152369098367922, 0.08651623732370473, 0.24651757542327235, 0.8775653044782066], [0.36802327785041933, 0.26148242256550114, 0.7142468358043126, 1.0, 0.8933717320362977, 0.8483784038301719, 0.7898566947315036, 0.4182426433808757, 0.2701634571406313, 0.3401704923914951, 0.08693937220194436, 0.4056524846293664, 0.15561997286086582, 0.7900309068274218, 0.6343242585506058, 0.8371581604118905, 0.24416084760759849, 0.7851382550876373, 0.3801228775276696, 0.07123902144770289, 0.3725035567896614, 0.6790627970213952, 0.43048205643030524, 0.9353866923509979, 0.4356644187735237, 0.6084129203797649, 0.7457217070713478, 0.9198580888250142, 0.9009877994525441, 0.3109135960515331, 0.48408876510311494, 0.06990946512821006, 0.6895894243564257, 0.49037567335836574, 0.7291136482736157], [0.5832798725411886, 0.9620453869244706, 0.1746606000234059, 0.8933717320362977, 1.0, 0.4421293466069538, 0.23751147108852166, 0.9825352496635589, 0.5084639539428947, 0.2947638448102998, 0.31090255906502773, 0.5094498836423622, 0.533916205224495, 0.6579754900021185, 0.919380556653928, 0.9405448921037494, 0.17453538832353488, 0.6291387752119482, 0.7952333475973399, 0.45202595581506466, 0.23182565543713574, 0.8919206681673626, 0.8387871873894779, 0.5967806154392136, 0.364642852506483, 0.49393427320883543, 0.11499617341112112, 0.6177485862588294, 0.9763664764405823, 0.41167152131354134, 0.2819414735156748, 0.6551816517715624, 0.0034617916199279897, 0.23699989864375526, 0.5764340908513531], [0.8046172135100869, 0.1668475902558687, 0.2381767580217835, 0.8483784038301719, 0.4421293466069538, 1.0, 0.3483178354933887, 0.011546329362454033, 0.432968313099902, 0.40774455525682696, 0.7488496782898489, 0.8364928732482726, 0.13869977199841788, 0.03058483280725366, 0.36417297692091344, 0.6341215610551973, 0.7438930139515276, 0.05766456051776492, 0.48956474867548905, 0.913116532337342, 0.852255990718689, 0.03869446930969578, 0.781044639108584, 0.37024450869893544, 0.3016544040662188, 0.7626336394901813, 0.4914470481725922, 0.30344353937902646, 0.4211674251214873, 0.10378519867079927, 0.6510417962508037, 0.8383217954369356, 0.5548787737535408, 0.5074105055721881, 0.4270860636936269], [0.29534664053593396, 0.734562157899608, 0.95806835279712, 0.7898566947315036, 0.23751147108852166, 0.3483178354933887, 1.0, 0.40722326717803414, 0.06565283041537084, 0.48095826432498734, 0.7138004483605045, 0.7187396740559351, 0.5006840247074835, 0.7034020726263231, 0.5428188721873592, 0.6827429871555757, 0.8421876691688385, 0.9628475122284827, 0.6289541821778332, 0.896884606579404, 0.6327249104956604, 0.24702823215273706, 0.9730588404054562, 0.13376347020174462, 0.588546599742118, 0.024499246749747017, 0.4600842010770032, 0.6920917669528373, 0.3540061208652874, 0.8620477334881765, 0.09772878443891142, 0.12085017335406822, 0.9886891834278726, 0.6597731918492649, 0.6552802243335054], [0.6566057874215185, 0.7255690918035207, 0.37337174441957, 0.4182426433808757, 0.9825352496635589, 0.011546329362454033, 0.40722326717803414, 1.0, 0.2276157075993398, 0.13464095956199285, 0.683081376871846, 0.7986453305320328, 0.5446003073224931, 0.6663050398126921, 0.11490214932245235, 0.13724081298651747, 0.22100107929285107, 0.40351792717210455, 0.6813003713170929, 0.29343639843723857, 0.40475980435504166, 0.2670487111594909, 0.6286935032386063, 0.13514915193152965, 0.19678658444702135, 0.8243387861057115, 0.3361807577772936, 0.9779215101664944, 0.41492034630011987, 0.15633091540987087, 0.252076550920733, 0.784444876613597, 0.5873505059459851, 0.24106265854599096, 0.1641371850529707], [0.9129682101120757, 0.5880613530392663, 0.4078332054990448, 0.2701634571406313, 0.5084639539428947, 0.432968313099902, 0.06565283041537084, 0.2276157075993398, 1.0, 0.927239933898227, 0.9893375620012742, 0.8523687302306877, 0.35275253152871355, 0.15398163008326038, 0.13413690231578812, 0.28319561176727315, 0.30336845519208866, 0.19059686724498826, 0.7846626214778343, 0.7569372133197112, 0.8141272077596873, 0.2987527529912789, 0.834702502239964, 0.38554134736944046, 0.2840422145104057, 0.2640508212097348, 0.8686413543172911, 0.12124260477553606, 0.2597512032137199, 0.3488443338062466, 0.03881980645248384, 0.44593757342192664, 0.33732601076795665, 0.5565404135832843, 0.05852906430334326], [0.7282935587702665, 0.9774549791603456, 0.6050071163545504, 0.3401704923914951, 0.2947638448102998, 0.40774455525682696, 0.48095826432498734, 0.13464095956199285, 0.927239933898227, 1.0, 0.3134375879345008, 0.5429841396530556, 0.6811622941589461, 0.6235467443184946, 0.08294633948327446, 0.19354062376808634, 0.3635467754456886, 0.6680243207079121, 0.8194590072452905, 0.3858639864498794, 0.5907608779997324, 0.26612867497939785, 0.8049822157743943, 0.2020561762569243, 0.24866476808754312, 0.8567918286792959, 0.8015628427032756, 0.054219365660258534, 0.500804347736519, 0.5472416147958494, 0.5097569449893472, 0.485858222045922, 0.49261232929327314, 0.627525927617945, 0.7758984896234692], [0.39672023393815203, 0.17325317686596864, 0.8705605246116952, 0.08693937220194436, 0.31090255906502773, 0.7488496782898489, 0.7138004483605045, 0.683081376871846, 0.9893375620012742, 0.3134375879345008, 1.0, 0.8654639962248617, 0.6821564567998611, 0.990167891974899, 0.743320693638851, 0.6618875759880457, 0.9374370609003728, 0.4848821037047818, 0.3660348512452216, 0.6582479115253363, 0.48154027370056496, 0.9517151843845247, 0.10447832704852722, 0.15325132303645683, 0.5558679294953432, 0.0925397963466279, 0.9191362527342998, 0.1600311685666459, 0.8139513007887003, 0.06989720218598916, 0.3372402002811977, 0.9882948655184356, 0.6328534846080508, 0.8241038931111555, 0.8232956240850161], [0.33620340112969505, 0.5184414230447723, 0.3959182365775783, 0.4056524846293664, 0.5094498836423622, 0.8364928732482726, 0.7187396740559351, 0.7986453305320328, 0.8523687302306877, 0.5429841396530556, 0.8654639962248617, 1.0, 0.12369978920955127, 0.2435554962875096, 0.5718653252515998, 0.8726815023232288, 0.5162669777962247, 0.26008397787084325, 0.8667661391392146, 0.7688320057281596, 0.03638237790798693, 0.7768741943946113, 0.9695641261195654, 0.8573287364539098, 0.995249467801724, 0.5122125166028334, 0.29997840678463084, 0.4567144348400741, 0.5067352946712737, 0.42867526704528813, 0.6137763907014918, 0.012942147697484474, 0.509016740459441, 0.987019928012187, 0.607412032257987], [0.4681443255778198, 0.044435552980717885, 0.5247607162795507, 0.15561997286086582, 0.533916205224495, 0.13869977199841788, 0.5006840247074835, 0.5446003073224931, 0.35275253152871355, 0.6811622941589461, 0.6821564567998611, 0.12369978920955127, 1.0, 0.9863564416461345, 0.4112303832040005, 0.22075485902358016, 0.45558957612165407, 0.5644599960444028, 0.7233941802679095, 0.0212307225378483, 0.05469298657376653, 0.6186179836013477, 0.4566471605548338, 0.876000109533788, 0.7607299481253957, 0.18537244531888097, 0.528963974861005, 0.8262554321585848, 0.41499823909726885, 0.20901684319321312, 0.18068427087677852, 0.18453142182055426, 0.6017136194574295, 0.4996479740345887, 0.6421911900778954], [0.674268255943589, 0.9077887769875153, 0.40994916797797154, 0.7900309068274218, 0.6579754900021185, 0.03058483280725366, 0.7034020726263231, 0.6663050398126921, 0.15398163008326038, 0.6235467443184946, 0.990167891974899, 0.2435554962875096, 0.9863564416461345, 1.0, 0.35544015531093165, 0.3557752106329022, 0.8212005547660932, 0.534426252734303, 0.7016862951875488, 0.13359618325703093, 0.2938713378363993, 0.3109624752136113, 0.8422861096421955, 0.4667410093963261, 0.7836643765879103, 0.9192357113400967, 0.2972560204444007, 0.13404512551614733, 0.15018589647745195, 0.09487025136272309, 0.5344548164066658, 0.010472194583909022, 0.7533593999500064, 0.38410309791264163, 0.22269767412176433], [0.8878974858505636, 0.11710471914113996, 0.8065071742652378, 0.6343242585506058, 0.919380556653928, 0.36417297692091344, 0.5428188721873592, 0.11490214932245235, 0.13413690231578812, 0.08294633948327446, 0.743320693638851, 0.5718653252515998, 0.4112303832040005, 0.35544015531093165, 1.0, 0.5873249410509513, 0.8667649946674473, 0.07953776384673339, 0.9386783207248077, 0.8552755423952614, 0.828846652820652, 0.835870782584708, 0.7872665813373421, 0.34499744718955383, 0.02271644689165697, 0.9612789125428851, 0.6967572004455894, 0.8679793663805057, 0.06461900897536177, 0.0220240770747665, 0.81004872514579, 0.3098649063170218, 0.6248629075585308, 0.6666995137662116, 0.04987184195151417], [0.067092897646707, 0.08197307349477745, 0.4839327420727406, 0.8371581604118905, 0.9405448921037494, 0.6341215610551973, 0.6827429871555757, 0.13724081298651747, 0.28319561176727315, 0.19354062376808634, 0.6618875759880457, 0.8726815023232288, 0.22075485902358016, 0.3557752106329022, 0.5873249410509513, 1.0, 0.5941716406335461, 0.5214775775706685, 0.06744195209018222, 0.17293056287363784, 0.5298512615505435, 0.31396437029877267, 0.9527133829080506, 0.8470809617752451, 0.29391268466117404, 0.06557427361577484, 0.530430703044117, 0.2721853785557581, 0.8590952317884661, 0.4853095803094859, 0.8665060356310138, 0.7758594148162257, 0.1425610762233086, 0.5012598542624676, 0.39408815635581307], [0.5694427534158125, 0.2212237505139174, 0.9977023734481244, 0.24416084760759849, 0.17453538832353488, 0.7438930139515276, 0.8421876691688385, 0.22100107929285107, 0.30336845519208866, 0.3635467754456886, 0.9374370609003728, 0.5162669777962247, 0.45558957612165407, 0.8212005547660932, 0.8667649946674473, 0.5941716406335461, 1.0, 0.659527575780277, 0.7219027340506129, 0.5055110856412054, 0.7354596586565123, 0.6411204228838251, 0.07671007220254344, 0.32338817366350636, 0.2423401260894057, 0.7049052703590285, 0.5233514654709335, 0.40701041212380096, 0.9579855103567723, 0.4280054402995549, 0.7079538839278715, 0.4467208347700594, 0.8893539352059084, 0.5983582574544304, 0.30739865731756744], [0.6318709634836481, 0.009514229792998763, 0.3899315541347329, 0.7851382550876373, 0.6291387752119482, 0.05766456051776492, 0.9628475122284827, 0.40351792717210455, 0.19059686724498826, 0.6680243207079121, 0.4848821037047818, 0.26008397787084325, 0.5644599960444028, 0.534426252734303, 0.07953776384673339, 0.5214775775706685, 0.659527575780277, 1.0, 0.7440194040732884, 0.5793125038764613, 0.2568392987230249, 0.10268284353999602, 0.9772623839712927, 0.760879481400875, 0.2777887430126347, 0.8712647482365191, 0.7155640819187229, 0.1817031689039481, 0.47841902908589384, 0.6525058708045115, 0.19096378415245785, 0.787199833263994, 0.6122661174856053, 0.32022242921481137, 0.48427862513981224], [0.7693029032009006, 0.6962430889562197, 0.7644631640178662, 0.3801228775276696, 0.7952333475973399, 0.48956474867548905, 0.6289541821778332, 0.6813003713170929, 0.7846626214778343, 0.8194590072452905, 0.3660348512452216, 0.8667661391392146, 0.7233941802679095, 0.7016862951875488, 0.9386783207248077, 0.06744195209018222, 0.7219027340506129, 0.7440194040732884, 1.0, 0.5432570253406623, 0.6495156016889015, 0.4957451261612652, 0.18807683257451402, 0.7766387977626715, 0.1083166952768293, 0.8388131271262651, 0.23589325384020587, 0.2673545579509936, 0.9438778973314027, 0.817860596588479, 0.6397281879414362, 0.2822971757120919, 0.9803227276971165, 0.26434920056207556, 0.9452613754636036], [0.7907603809589868, 0.2888601865562692, 0.34766201882780023, 0.07123902144770289, 0.45202595581506466, 0.913116532337342, 0.896884606579404, 0.29343639843723857, 0.7569372133197112, 0.3858639864498794, 0.6582479115253363, 0.7688320057281596, 0.0212307225378483, 0.13359618325703093, 0.8552755423952614, 0.17293056287363784, 0.5055110856412054, 0.5793125038764613, 0.5432570253406623, 1.0, 0.03457435803498088, 0.6763164802653463, 0.8166788963711916, 0.9023678590613979, 0.767021891438991, 0.5464599856415047, 0.07671634417481432, 0.9028589997055118, 0.10120865512410393, 0.4460478462856792, 0.6877138756006721, 0.8925808678227596, 0.7713342969301769, 0.33580317570962814, 0.24120360178066158], [0.45249833612476065, 0.04988056236181371, 0.7705091350573847, 0.3725035567896614, 0.23182565543713574, 0.852255990718689, 0.6327249104956604, 0.40475980435504166, 0.8141272077596873, 0.5907608779997324, 0.48154027370056496, 0.03638237790798693, 0.05469298657376653, 0.2938713378363993, 0.828846652820652, 0.5298512615505435, 0.7354596586565123, 0.2568392987230249, 0.6495156016889015, 0.03457435803498088, 1.0, 0.04347170054431382, 0.05419549402188628, 0.14571825627303803, 0.46572225990884564, 0.22579663444283338, 0.4934971593882933, 0.5504172583250252, 0.3784224733785897, 0.00998440550625257, 0.3275185565778992, 0.6150978738913294, 0.7584717731050383, 0.7839981900395526, 0.6092414740670461], [0.3973254514634772, 0.2925070234323712, 0.0977293446690195, 0.6790627970213952, 0.8919206681673626, 0.03869446930969578, 0.24702823215273706, 0.2670487111594909, 0.2987527529912789, 0.26612867497939785, 0.9517151843845247, 0.7768741943946113, 0.6186179836013477, 0.3109624752136113, 0.835870782584708, 0.31396437029877267, 0.6411204228838251, 0.10268284353999602, 0.4957451261612652, 0.6763164802653463, 0.04347170054431382, 1.0, 0.29696669902788375, 0.6150561838200167, 0.034674465924397935, 0.39544359355997816, 0.8958073656361966, 0.2647534151997136, 0.6961939304333201, 0.5558267351548538, 0.10676006991787823, 0.7318470696031438, 0.13457690853575255, 0.29116201250132334, 0.06220817500363496], [0.904141351294117, 0.559201652758776, 0.5840830970127998, 0.43048205643030524, 0.8387871873894779, 0.781044639108584, 0.9730588404054562, 0.6286935032386063, 0.834702502239964, 0.8049822157743943, 0.10447832704852722, 0.9695641261195654, 0.4566471605548338, 0.8422861096421955, 0.7872665813373421, 0.9527133829080506, 0.07671007220254344, 0.9772623839712927, 0.18807683257451402, 0.8166788963711916, 0.05419549402188628, 0.29696669902788375, 1.0, 0.413562180119899, 0.26528573318302406, 0.6020521968343074, 0.9309327860148415, 0.15121334417067156, 0.7327842682110514, 0.7613637830375504, 0.8759758047300226, 0.011296356543064379, 0.9417164787006403, 0.819663446527498, 0.5900588490804093], [0.6235533664192799, 0.3749195564279558, 0.1991034569693223, 0.9353866923509979, 0.5967806154392136, 0.37024450869893544, 0.13376347020174462, 0.13514915193152965, 0.38554134736944046, 0.2020561762569243, 0.15325132303645683, 0.8573287364539098, 0.876000109533788, 0.4667410093963261, 0.34499744718955383, 0.8470809617752451, 0.32338817366350636, 0.760879481400875, 0.7766387977626715, 0.9023678590613979, 0.14571825627303803, 0.6150561838200167, 0.413562180119899, 1.0, 0.004624051733436274, 0.8243868517603777, 0.28037216685662825, 0.13680568967870643, 0.3689259671586438, 0.5548107540383177, 0.4198640632928716, 0.9786787282426915, 0.6408187709349085, 0.4385532822325816, 0.768206569855122], [0.4011792194413295, 0.0572987479597763, 0.45043061101114734, 0.4356644187735237, 0.364642852506483, 0.3016544040662188, 0.588546599742118, 0.19678658444702135, 0.2840422145104057, 0.24866476808754312, 0.5558679294953432, 0.995249467801724, 0.7607299481253957, 0.7836643765879103, 0.02271644689165697, 0.29391268466117404, 0.2423401260894057, 0.2777887430126347, 0.1083166952768293, 0.767021891438991, 0.46572225990884564, 0.034674465924397935, 0.26528573318302406, 0.004624051733436274, 1.0, 0.48573391667142185, 0.3788153036714468, 0.5841127786969149, 0.8483671206150595, 0.6087025517020966, 0.6676498736519652, 0.6183266443812699, 0.9347411965996573, 0.6437286387157004, 0.697162865753622], [0.206735467584499, 0.21710577191359182, 0.7771329756577932, 0.6084129203797649, 0.49393427320883543, 0.7626336394901813, 0.024499246749747017, 0.8243387861057115, 0.2640508212097348, 0.8567918286792959, 0.0925397963466279, 0.5122125166028334, 0.18537244531888097, 0.9192357113400967, 0.9612789125428851, 0.06557427361577484, 0.7049052703590285, 0.8712647482365191, 0.8388131271262651, 0.5464599856415047, 0.22579663444283338, 0.39544359355997816, 0.6020521968343074, 0.8243868517603777, 0.48573391667142185, 1.0, 0.5530488139293406, 0.6960166429180992, 0.019680342012713736, 0.6429377219950162, 0.9780243153352891, 0.7371528665038014, 0.0579232615742209, 0.38112267234274444, 0.0299881508610923], [0.2815276692711697, 0.08653490140388453, 0.093905829702293, 0.7457217070713478, 0.11499617341112112, 0.4914470481725922, 0.4600842010770032, 0.3361807577772936, 0.8686413543172911, 0.8015628427032756, 0.9191362527342998, 0.29997840678463084, 0.528963974861005, 0.2972560204444007, 0.6967572004455894, 0.530430703044117, 0.5233514654709335, 0.7155640819187229, 0.23589325384020587, 0.07671634417481432, 0.4934971593882933, 0.8958073656361966, 0.9309327860148415, 0.28037216685662825, 0.3788153036714468, 0.5530488139293406, 1.0, 0.9362128876713828, 0.3402994330476694, 0.29741529973975156, 0.3343587524043077, 0.31849811408352113, 0.5947502932503856, 0.999732048321619, 0.11421959008463389], [0.7592491759939255, 0.7914658268755114, 0.7298737257600367, 0.9198580888250142, 0.6177485862588294, 0.30344353937902646, 0.6920917669528373, 0.9779215101664944, 0.12124260477553606, 0.054219365660258534, 0.1600311685666459, 0.4567144348400741, 0.8262554321585848, 0.13404512551614733, 0.8679793663805057, 0.2721853785557581, 0.40701041212380096, 0.1817031689039481, 0.2673545579509936, 0.9028589997055118, 0.5504172583250252, 0.2647534151997136, 0.15121334417067156, 0.13680568967870643, 0.5841127786969149, 0.6960166429180992, 0.9362128876713828, 1.0, 0.9322012628360569, 0.12611914790181245, 0.5212652208700924, 0.9307505925287534, 0.9447382250731877, 0.7908865804781076, 0.8317329348170319], [0.9709877154613014, 0.09317622047474372, 0.9505366425996292, 0.9009877994525441, 0.9763664764405823, 0.4211674251214873, 0.3540061208652874, 0.41492034630011987, 0.2597512032137199, 0.500804347736519, 0.8139513007887003, 0.5067352946712737, 0.41499823909726885, 0.15018589647745195, 0.06461900897536177, 0.8590952317884661, 0.9579855103567723, 0.47841902908589384, 0.9438778973314027, 0.10120865512410393, 0.3784224733785897, 0.6961939304333201, 0.7327842682110514, 0.3689259671586438, 0.8483671206150595, 0.019680342012713736, 0.3402994330476694, 0.9322012628360569, 1.0, 0.11557294871370027, 0.9505860040115865, 0.40177413008282337, 0.15298499749066652, 0.8733673051545141, 0.08066345461068791], [0.5810306242809237, 0.3326794384013887, 0.9775991383145886, 0.3109135960515331, 0.41167152131354134, 0.10378519867079927, 0.8620477334881765, 0.15633091540987087, 0.3488443338062466, 0.5472416147958494, 0.06989720218598916, 0.42867526704528813, 0.20901684319321312, 0.09487025136272309, 0.0220240770747665, 0.4853095803094859, 0.4280054402995549, 0.6525058708045115, 0.817860596588479, 0.4460478462856792, 0.00998440550625257, 0.5558267351548538, 0.7613637830375504, 0.5548107540383177, 0.6087025517020966, 0.6429377219950162, 0.29741529973975156, 0.12611914790181245, 0.11557294871370027, 1.0, 0.4580485751332759, 0.789332097502469, 0.7785433696841495, 0.5508226004410242, 0.061689070077051156], [0.9298224272438372, 0.706301117627954, 0.875264313091661, 0.48408876510311494, 0.2819414735156748, 0.6510417962508037, 0.09772878443891142, 0.252076550920733, 0.03881980645248384, 0.5097569449893472, 0.3372402002811977, 0.6137763907014918, 0.18068427087677852, 0.5344548164066658, 0.81004872514579, 0.8665060356310138, 0.7079538839278715, 0.19096378415245785, 0.6397281879414362, 0.6877138756006721, 0.3275185565778992, 0.10676006991787823, 0.8759758047300226, 0.4198640632928716, 0.6676498736519652, 0.9780243153352891, 0.3343587524043077, 0.5212652208700924, 0.9505860040115865, 0.4580485751332759, 1.0, 0.4729407138043866, 0.3213050452883772, 0.7434762377831127, 0.07809325891890229], [0.8969756333453685, 0.5361712382275906, 0.3152369098367922, 0.06990946512821006, 0.6551816517715624, 0.8383217954369356, 0.12085017335406822, 0.784444876613597, 0.44593757342192664, 0.485858222045922, 0.9882948655184356, 0.012942147697484474, 0.18453142182055426, 0.010472194583909022, 0.3098649063170218, 0.7758594148162257, 0.4467208347700594, 0.787199833263994, 0.2822971757120919, 0.8925808678227596, 0.6150978738913294, 0.7318470696031438, 0.011296356543064379, 0.9786787282426915, 0.6183266443812699, 0.7371528665038014, 0.31849811408352113, 0.9307505925287534, 0.40177413008282337, 0.789332097502469, 0.4729407138043866, 1.0, 0.4293371927908699, 0.9615708156267812, 0.8781986928007397], [0.9295971346009199, 0.9023072358366987, 0.08651623732370473, 0.6895894243564257, 0.0034617916199279897, 0.5548787737535408, 0.9886891834278726, 0.5873505059459851, 0.33732601076795665, 0.49261232929327314, 0.6328534846080508, 0.509016740459441, 0.6017136194574295, 0.7533593999500064, 0.6248629075585308, 0.1425610762233086, 0.8893539352059084, 0.6122661174856053, 0.9803227276971165, 0.7713342969301769, 0.7584717731050383, 0.13457690853575255, 0.9417164787006403, 0.6408187709349085, 0.9347411965996573, 0.0579232615742209, 0.5947502932503856, 0.9447382250731877, 0.15298499749066652, 0.7785433696841495, 0.3213050452883772, 0.4293371927908699, 1.0, 0.5469981448118921, 0.4829830253284014], [0.7056350115051755, 0.5659382632277549, 0.24651757542327235, 0.49037567335836574, 0.23699989864375526, 0.5074105055721881, 0.6597731918492649, 0.24106265854599096, 0.5565404135832843, 0.627525927617945, 0.8241038931111555, 0.987019928012187, 0.4996479740345887, 0.38410309791264163, 0.6666995137662116, 0.5012598542624676, 0.5983582574544304, 0.32022242921481137, 0.26434920056207556, 0.33580317570962814, 0.7839981900395526, 0.29116201250132334, 0.819663446527498, 0.4385532822325816, 0.6437286387157004, 0.38112267234274444, 0.999732048321619, 0.7908865804781076, 0.8733673051545141, 0.5508226004410242, 0.7434762377831127, 0.9615708156267812, 0.5469981448118921, 1.0, 0.5876412264615823], [0.7667038811324679, 0.3097208949813266, 0.8775653044782066, 0.7291136482736157, 0.5764340908513531, 0.4270860636936269, 0.6552802243335054, 0.1641371850529707, 0.05852906430334326, 0.7758984896234692, 0.8232956240850161, 0.607412032257987, 0.6421911900778954, 0.22269767412176433, 0.04987184195151417, 0.39408815635581307, 0.30739865731756744, 0.48427862513981224, 0.9452613754636036, 0.24120360178066158, 0.6092414740670461, 0.06220817500363496, 0.5900588490804093, 0.768206569855122, 0.697162865753622, 0.0299881508610923, 0.11421959008463389, 0.8317329348170319, 0.08066345461068791, 0.061689070077051156, 0.07809325891890229, 0.8781986928007397, 0.4829830253284014, 0.5876412264615823, 1.0]]