[[1.0,1.2962940588980934E-4,8.166951836783406E-4,0.0015352925793583724,1.1266581562393461E-4,1.2961696509611442E-4,0.00386699352188021,6.029297360612932E-4,1.2105535951110114E-4,8.193084310895269E-4,1.288081433417759E-4,0.001204608197161048,3.05313793580438E-4,1.3439248699715847E-4,4.654098480694931E-5,2.389542938877212E-4,1.5022950341264603E-4,5.179851140270303E-4,0.0052636615706322665,1.180304381369918E-4,1.5419018052957272E-4,5.685874960464167E-4,3.2555795578771127E-4,1.1034554717376641E-4,0.03631605251402706,8.805697132358448E-5,4.577561732427657E-5,1.5079632630707364E-4,0.020454284082129168,4.808900042580906E-4,1.9602689244122313E-4,1.6727914824496258E-4,0.001473677739746411,0.0018716750533481266,0.03281260425142451,1.2865980444208425E-4,2.1163251283583728E-4,3.1249534977525475E-4,0.0010088558386636094,4.5628018544762534E-4,2.7133117914425085E-4,0.007802682815135961,1.819768406793252E-5,7.730590711314982E-4],[1.2962940588980934E-4,1.0,0.0011262849995116826,2.905162467050465E-4,1.0374421310242548E-4,3.494124426671386E-5,0.008488317075528225,1.1212935532206513E-4,7.523499724734432E-5,1.6531856503031528E-4,3.83572457436054E-5,9.186434680879764E-4,0.016107166750428538,7.989471106807755E-5,2.166689817104392E-5,1.0976160124344837E-4,5.040593819268156E-5,0.0017912535925544092,0.0034412725167177736,4.7745022515172945E-5,1.0749014784135502E-4,3.0859252221335844E-4,7.999889860096586E-4,2.792885091166317E-5,0.014762530471219875,5.439758968712287E-5,3.0749386569161874E-5,6.933612016403729E-5,0.008346600674174868,0.0010552233809383586,1.6602647672178455E-4,5.4455503102808965E-5,0.0013551509156661398,0.0011298974572622389,0.023333258107945776,1.1348364766994934E-4,1.612059509016935E-4,2.5308348547787944E-4,0.009417613674895655,3.179230998518859E-4,1.4559205137024844E-4,0.008627660486285053,1.7920263364320896E-5,2.6221064964455156E-4],[8.166951836783406E-4,0.0011262849995116826,1.0,0.0014999745451438377,9.68198491683764E-4,9.201052224641911E-4,0.0029381921315451563,0.0020771073439950784,9.642564976795806E-4,0.0012047107811623532,0.0013795395941010873,0.0013822813970509906,0.019017880422588958,1.7490870208235632E-4,0.0012954490885222266,6.66303233933062E-4,0.001459894625750321,0.0018112525059190109,0.009753141384732654,4.238483116508019E-4,4.172967094401755E-4,0.0013140181264936959,0.001212077993554964,0.001129529450550868,0.005194118634495517,0.001303657397854359,5.742336833672273E-4,0.0013376980414802496,0.025829238313978525,0.001419920287088522,0.001278722473406214,0.0010531628934988444,0.0017448118257402392,0.0021888532764205255,0.030766968244598424,9.658391049344943E-4,0.0012384510222607596,6.681522548255164E-4,0.0016911674142482602,6.299501521025567E-4,6.565159467986936E-4,0.004217934530503572,5.358422142866075E-4,0.0019071820186871034],[0.0015352925793583724,2.905162467050465E-4,0.0014999745451438377,1.0,4.438157993259336E-4,1.9760754071134517E-4,0.00620042296128658,0.0025148226751084504,4.3190630359800554E-4,0.0012530289249241718,0.001496421686859969,0.0014152619220432368,0.03383928252231214,0.0015501154885072946,9.739279147504588E-4,9.537596789559175E-4,0.001308921117934137,0.0018315821737027525,0.0056598954811482305,8.438915032664828E-4,0.0013465702059324023,9.599324080018912E-4,0.0012349213245924765,3.9240339874549196E-4,0.03542428561025484,5.459532781600007E-4,0.001440020726405929,1.7725129569432223E-4,0.021520308177644616,0.0013710118673140419,5.613249477884411E-4,3.598085118846836E-4,0.0017775404675366767,0.0018954081050376167,0.05821728561467913,0.001401440119618009,3.6910544447881475E-4,0.0010111086232439904,0.006092830213167944,8.918400510753732E-4,0.0013735076915629245,0.011370675148180787,0.0010036971764891187,0.002227915411548781],[1.1266581562393461E-4,1.0374421310242548E-4,9.68198491683764E-4,4.438157993259336E-4,1.0,1.101611684477855E-4,0.0066544332719414975,9.987184662320003E-4,1.1147011522226759E-4,2.817081700767951E-4,1.1310444017574624E-4,6.030602539878334E-4,0.04624861606113754,1.5630924356071048E-4,1.0548641134414519E-4,1.0994819801322825E-4,4.7162956625755695E-4,8.070098133247146E-4,0.005412799881607781,1.1571255914402968E-4,1.1854640223719661E-4,2.6429579736176445E-4,1.7039569894721748E-4,6.746225422242245E-5,0.012818804592258305,8.078777372682845E-5,1.0272391413085569E-4,1.5570611157311934E-4,0.027029222150469986,9.931419354409121E-4,2.1413638427809838E-4,2.1170457265212193E-4,4.58685179244361E-4,8.883900264126728E-4,7.09450632563834E-4,1.15276098788435E-4,1.8159843702696978E-4,4.6697142598621814E-4,0.007851229868174844,5.309950959146685E-4,2.218818550137325E-4,0.009742895722920697,9.049210572405619E-5,0.0013632910401772918],[1.2961696509611442E-4,3.494124426671386E-5,9.201052224641911E-4,1.9760754071134517E-4,1.101611684477855E-4,1.0,0.0012649150305699733,0.001828482427585627,1.1412731806913443E-4,3.833349588140113E-4,1.1735113744678613E-4,8.305359170530927E-4,0.0412513165451518,1.2172372621255182E-4,1.0273926587437654E-4,1.6499818825348436E-4,1.456718847178047E-4,0.001876289957158611,0.006200303012979068,1.1617981268953683E-4,1.5342124768071642E-4,9.082581104229025E-4,2.1902991571022909E-4,7.564397554760259E-5,0.001344879823422451,8.730570403357732E-5,7.096035788393059E-5,1.5018025845645088E-4,0.009142086892994025,7.763418865871712E-4,1.218912098820011E-4,2.1584440790719102E-4,0.001082440717267147,9.316380206511604E-4,0.052154748233185125,1.1803139291499439E-4,1.4338804044035608E-4,2.2960024815578276E-4,0.010759478253200446,2.1301341584259974E-4,2.267928838757863E-4,0.0017006789679215957,8.242702883681896E-5,0.00182806540558029],[0.00386699352188021,0.008488317075528225,0.0029381921315451563,0.00620042296128658,0.0066544332719414975,0.0012649150305699733,1.0,0.008862704920780552,0.008946595002257007,0.006419599396382161,0.006395369324513059,0.0013947708474904333,0.01637446245724937,0.007911094734891615,0.006295142444579231,0.00610396554546963,0.002847457273613581,0.007701097051158315,0.00950034997301497,0.003938869559202215,0.004946227533233247,0.0035903008583209432,0.001917653457494685,0.008731254941801103,0.02785566440474837,5.12500789492257E-4,0.005454834980789276,0.009237243025175096,0.023331655372364948,0.004465871287969703,0.006810227694228131,0.004215982700713187,0.006992958574973599,0.007733257655830784,0.056762312725414016,0.0033795442956228504,0.006073430988209528,0.0028727037037306353,0.009372357184766174,0.002538661246536121,0.006640020788495189,0.009410785822662818,0.00686723291455668,0.009064679760544926],[6.029297360612932E-4,1.1212935532206513E-4,0.0020771073439950784,0.0025148226751084504,9.987184662320003E-4,0.001828482427585627,0.008862704920780552,1.0,0.002417582507231833,0.001412774504964711,6.581628035618836E-4,0.0030370931522252604,0.019365247613452923,0.0030130872807418766,0.0014360729553718652,0.0013153695504785842,9.616661948290059E-4,0.001964231144964796,0.005521246539374894,0.001419158325574304,0.0018325276544745514,9.512369400924589E-4,0.0017975999659019112,9.238457086440786E-4,0.012609038449707444,5.491702906578863E-4,4.740873734109287E-4,0.0029355322984294476,0.022321395972471215,0.0016300634317462327,0.0016949527962226122,0.001775491501482614,0.0020242160995456904,0.0026675068757603736,0.028603314378035226,4.7879977183449185E-4,0.0023763525825412513,0.0030514549487834905,0.008033544711207805,9.876049092294042E-4,0.0023157717266529426,0.004977923017273049,0.0019297071500996496,0.002722916829073022],[1.2105535951110114E-4,7.523499724734432E-5,9.642564976795806E-4,4.3190630359800554E-4,1.1147011522226759E-4,1.1412731806913443E-4,0.008946595002257007,0.002417582507231833,1.0,4.1291722806446673E-4,1.1618371364106773E-4,7.802066430330984E-4,0.03792197541454328,1.4274773034066772E-4,2.394382317643948E-5,2.3935668470552034E-4,2.964292145853294E-4,0.0014658836310202723,0.0033104533292860217,1.1420654836607261E-4,1.2152943346289387E-4,7.596727500235306E-4,8.511855449814808E-4,8.570578017880296E-5,0.010912211471644789,8.998389042563941E-5,6.877180425322882E-5,1.3600342366658252E-4,0.014580808649795874,6.901983199094425E-4,1.9780531622161975E-4,2.655288433801952E-4,0.0012058730577354623,7.42649115934424E-4,0.03283751148842349,1.1610069793178427E-4,1.2002053125445477E-4,3.932290870516658E-4,0.004838893950678086,1.854609843930813E-4,1.1872719798899281E-4,0.007302640112412515,2.6592362531859E-5,0.0012526982842921363],[8.193084310895269E-4,1.6531856503031528E-4,0.0012047107811623532,0.0012530289249241718,2.817081700767951E-4,3.833349588140113E-4,0.006419599396382161,0.001412774504964711,4.1291722806446673E-4,1.0,6.534745750747724E-4,0.0011849515953255608,0.006544651998846879,7.497419194407443E-4,3.426229552807302E-4,2.651822652420597E-4,6.082538444948569E-4,0.001792958697016836,0.008811000297827913,1.539811390178571E-4,2.7479670166491465E-4,0.0010365060434153152,0.0010326539435907111,3.855682039158929E-4,0.015680946840149416,9.77935492638495E-4,9.302035356096794E-4,1.8426882406393007E-4,0.0206160187895163,0.0010542855137929286,4.943771515051706E-4,6.904177279644474E-4,0.0014241084183871109,0.0019564157838589846,0.03361975281455422,8.968475285597768E-4,8.981068842997223E-4,7.078031500533267E-4,0.0060027974769232785,6.690211782196662E-4,5.480639678924692E-4,0.008253572688710032,6.770520840302364E-4,0.002050024191725625],[1.288081433417759E-4,3.83572457436054E-5,0.0013795395941010873,0.001496421686859969,1.1310444017574624E-4,1.1735113744678613E-4,0.006395369324513059,6.581628035618836E-4,1.1618371364106773E-4,6.534745750747724E-4,1.0,0.0010779643792119442,0.03462670098667116,1.4293591943446377E-4,1.0100784529271677E-4,1.5268171788618805E-4,4.89620834865985E-4,7.499638098449588E-4,0.0057900029914953535,1.228741466828381E-4,1.4431859568279603E-4,4.8335501275722126E-4,7.203539556561981E-4,5.012082470370683E-5,0.02613088615612703,8.897932101056201E-5,8.983953149265373E-5,1.6586519069988515E-4,0.015191454909923244,5.95242746933922E-4,2.0848037303447309E-4,1.406745209111193E-4,5.033038361202296E-4,0.002065054877371532,0.027216457408651203,1.2610881372320518E-4,1.4624266202464524E-4,4.682927981572239E-4,0.011199479391794696,3.8638788635812733E-4,2.1790427253666684E-4,0.007688773134707126,8.011919650837577E-5,2.9470426684137003E-4],[0.001204608197161048,9.186434680879764E-4,0.0013822813970509906,0.0014152619220432368,6.030602539878334E-4,8.305359170530927E-4,0.0013947708474904333,0.0030370931522252604,7.802066430330984E-4,0.0011849515953255608,0.0010779643792119442,1.0,0.02427581181543688,0.0011393370962700551,6.515016418816406E-4,7.647632191007487E-4,6.917092737046295E-4,0.0018168549526135342,0.008069409638205325,6.728306112447241E-4,2.244670346343837E-4,0.0012148351176496687,0.0010396206217104496,5.683597300022229E-4,0.002466457367426932,5.642751629942109E-4,7.876310485277014E-4,0.0011740639554077786,0.02431065864067348,0.001165106148622211,0.0012014922928400618,0.0011191330303103987,0.0014710711452271682,0.001527381114632975,0.007941311364264386,9.455960154659141E-4,5.734670834181872E-4,0.0010858355199416339,0.0067892015741134815,9.563624542545311E-4,0.0011368835343882285,0.00500172960036854,5.09669754132288E-4,0.0023763174443485933],[3.05313793580438E-4,0.016107166750428538,0.019017880422588958,0.03383928252231214,0.04624861606113754,0.0412513165451518,0.01637446245724937,0.019365247613452923,0.03792197541454328,0.006544651998846879,0.03462670098667116,0.02427581181543688,1.0,0.0071612603336307385,0.045669493674031045,0.0315880322458992,0.027774709426501898,0.049167946644702504,0.040817487143139625,0.006507946452749822,0.012619266815163224,0.04115999958995108,0.04128323571307499,0.04668435245082589,0.04793850115727017,0.007743745986028359,0.03697571330445221,0.035027982455904744,0.0356658235785942,0.045014083881493805,0.04785034563776066,0.0463138142330477,0.03554978919550494,0.01574140221250637,0.07112693845855309,0.026400366298260765,0.03700834295391625,0.03600717463237347,0.024608894660050104,9.085460265809454E-4,0.015176301366245152,0.016797136816649388,0.004241617293379655,0.021232314475339648],[1.3439248699715847E-4,7.989471106807755E-5,1.7490870208235632E-4,0.0015501154885072946,1.5630924356071048E-4,1.2172372621255182E-4,0.007911094734891615,0.0030130872807418766,1.4274773034066772E-4,7.497419194407443E-4,1.4293591943446377E-4,0.0011393370962700551,0.0071612603336307385,1.0,7.166700691575393E-5,1.8091326204757493E-4,4.2232482943666363E-4,6.420290261211526E-4,0.001139759575472227,1.2243664531551702E-4,1.672808902582557E-4,6.520027033210604E-4,9.447389336303751E-4,1.3338509468294386E-4,0.03316053058406568,9.423651542577911E-5,1.4551569852865474E-4,1.7032025727351958E-4,0.019314275174123364,6.66566491189522E-4,1.7691811112693012E-4,2.831457401637099E-4,0.001779124780403415,0.0022267508952976793,0.02770370430808156,1.2972752729425023E-4,2.1312765768623105E-4,3.992187598771369E-4,0.010205244296001677,2.7144255325293716E-4,2.454169166623357E-4,0.0027607095711567656,5.7107372759904046E-5,9.275237293382292E-4],[4.654098480694931E-5,2.166689817104392E-5,0.0012954490885222266,9.739279147504588E-4,1.0548641134414519E-4,1.0273926587437654E-4,0.006295142444579231,0.0014360729553718652,2.394382317643948E-5,3.426229552807302E-4,1.0100784529271677E-4,6.515016418816406E-4,0.045669493674031045,7.166700691575393E-5,1.0,1.1819113327193248E-4,3.783468473263019E-4,0.0018243149978830985,2.5416663237940563E-4,1.0371989842899417E-4,1.1944527812018497E-4,3.824196194009806E-4,2.1521076097601646E-4,2.021913609544084E-5,0.0278374742396843,1.4505065303422413E-5,1.630547052301361E-5,1.33274484445932E-4,0.021280548556041688,1.2040578990030163E-4,2.303037610892001E-5,2.2569229474459705E-4,0.0011761059485621273,6.313311001281504E-4,0.06685814914910501,9.14537850765993E-5,1.231640558012333E-4,5.2479319763278746E-5,0.00594113722169895,3.969051320988232E-4,2.6610954686293406E-4,8.236509063621713E-4,1.2163870680325356E-5,0.001732902774662121],[2.389542938877212E-4,1.0976160124344837E-4,6.66303233933062E-4,9.537596789559175E-4,1.0994819801322825E-4,1.6499818825348436E-4,0.00610396554546963,0.0013153695504785842,2.3935668470552034E-4,2.651822652420597E-4,1.5268171788618805E-4,7.647632191007487E-4,0.0315880322458992,1.8091326204757493E-4,1.1819113327193248E-4,1.0,3.2967755504482977E-4,0.0011625146308343688,0.0032886124083513707,1.6216076281124934E-4,1.8481498252925096E-4,6.935820247516016E-4,7.576022033784317E-4,2.3179650909669572E-4,0.031188404746264605,1.3742324081475514E-4,2.141881192964908E-4,2.0459612597833164E-4,0.009522334346352884,9.198922616457412E-4,2.38073763875013E-4,2.7920488086343413E-4,0.0018068792430193396,0.0011292715635809905,0.05299046831366624,1.8794099540712721E-4,2.3823693024887453E-4,4.946871510161301E-4,0.010365585399385093,4.77044536908983E-4,2.5395400988659586E-4,0.006845687080748794,1.4571617363507707E-4,0.0022063142415396342],[1.5022950341264603E-4,5.040593819268156E-5,0.001459894625750321,0.001308921117934137,4.7162956625755695E-4,1.456718847178047E-4,0.002847457273613581,9.616661948290059E-4,2.964292145853294E-4,6.082538444948569E-4,4.89620834865985E-4,6.917092737046295E-4,0.027774709426501898,4.2232482943666363E-4,3.783468473263019E-4,3.2967755504482977E-4,1.0,7.96196250424661E-4,0.009501948885440502,2.521965289797445E-4,2.1000632453008753E-4,5.647167011826651E-4,7.444664911677109E-4,4.868370365618234E-4,0.006863457591418838,1.9872480005091525E-4,3.088122950531647E-4,3.421030969286537E-4,0.00988028750303855,0.0010205295161002759,2.2673248809366276E-4,5.009261175353193E-4,7.313241461583758E-4,0.002135319005371971,0.0031447588110292144,1.4001002947281507E-4,4.2708426396792667E-4,5.323932272270926E-4,0.008685620678554495,5.651820119005819E-4,3.1110903317123914E-4,0.002169595717259382,4.4426666370460567E-4,0.001206039920181464],[5.179851140270303E-4,0.0017912535925544092,0.0018112525059190109,0.0018315821737027525,8.070098133247146E-4,0.001876289957158611,0.007701097051158315,0.001964231144964796,0.0014658836310202723,0.001792958697016836,7.499638098449588E-4,0.0018168549526135342,0.049167946644702504,6.420290261211526E-4,0.0018243149978830985,0.0011625146308343688,7.96196250424661E-4,1.0,0.0036457272399188865,0.0015623725704624382,0.0018544004336871305,0.0013004912719944803,0.001449635125316368,3.9152830248930095E-4,0.026832834834342973,0.0010388253489766793,8.798642997210812E-4,5.909787553821509E-4,0.023077900628881137,0.0014463306579100823,8.646317807876866E-4,7.8703452429126E-4,0.0019037070362513525,0.0019503588381968228,0.044272365666095735,2.604120979367671E-4,0.0011476074856785648,0.0015550374415473143,0.00479827079708779,7.759528680117645E-4,7.664890809034649E-4,0.0069953526924463475,0.0010522810539179241,0.0021931759888705465],[0.0052636615706322665,0.0034412725167177736,0.009753141384732654,0.0056598954811482305,0.005412799881607781,0.006200303012979068,0.00950034997301497,0.005521246539374894,0.0033104533292860217,0.008811000297827913,0.0057900029914953535,0.008069409638205325,0.040817487143139625,0.001139759575472227,2.5416663237940563E-4,0.0032886124083513707,0.009501948885440502,0.0036457272399188865,1.0,0.006065716783600357,0.004383601053574788,0.007215023701551449,0.0097793506827104,0.007630803532315949,0.020519024807441832,0.001950180024026194,0.00741558357300925,0.005567163971154606,0.026707976276466528,0.0018279723770987266,0.003471340449138588,0.004646442137680641,0.00670055406462549,0.006871561314869579,0.044734786100985385,0.006662737412123258,0.006500684531508761,0.0015525707208985475,0.010221599114402541,0.006860085857893007,0.0017966644565400407,0.010161903995658982,0.007011005261067588,0.009577713084622377],[1.180304381369918E-4,4.7745022515172945E-5,4.238483116508019E-4,8.438915032664828E-4,1.1571255914402968E-4,1.1617981268953683E-4,0.003938869559202215,0.001419158325574304,1.1420654836607261E-4,1.539811390178571E-4,1.228741466828381E-4,6.728306112447241E-4,0.006507946452749822,1.2243664531551702E-4,1.0371989842899417E-4,1.6216076281124934E-4,2.521965289797445E-4,0.0015623725704624382,0.006065716783600357,1.0,1.2358873549332062E-4,7.445577644398285E-4,8.740470842606594E-4,4.256703284060177E-5,0.029159209907570798,8.132491604417973E-5,7.993950564086128E-5,1.4731557065080837E-4,0.015602705586772413,5.715468070789041E-4,1.6822242207676228E-4,2.4688055949971505E-4,0.0014863832994407547,9.673615645666505E-4,0.02301717170286555,1.1792127850479251E-4,2.101017271205635E-4,3.3377707783322034E-4,0.004946310572746551,2.8294254723333027E-4,1.680913248604909E-4,0.0069872368652102715,2.0460229032148685E-5,0.0019260847027785322],[1.5419018052957272E-4,1.0749014784135502E-4,4.172967094401755E-4,0.0013465702059324023,1.1854640223719661E-4,1.5342124768071642E-4,0.004946227533233247,0.0018325276544745514,1.2152943346289387E-4,2.7479670166491465E-4,1.4431859568279603E-4,2.244670346343837E-4,0.012619266815163224,1.672808902582557E-4,1.1944527812018497E-4,1.8481498252925096E-4,2.1000632453008753E-4,0.0018544004336871305,0.004383601053574788,1.2358873549332062E-4,1.0,8.814544199227803E-4,3.8021337314351285E-4,7.659502407957376E-5,0.025043580130311213,1.2805662725851922E-4,1.2261799238214507E-4,1.659616187605332E-4,0.020395073068618253,5.113654949068509E-4,1.6281716128381817E-4,2.546359350977883E-4,0.001236831227628769,0.001067302896236512,0.03428157040533613,1.457414776523412E-4,1.793451524344461E-4,3.6704246936499277E-4,0.005766889226493337,5.315949847187586E-4,2.497441863027576E-4,0.0013320368211512204,1.2197032040387276E-4,0.0018419585490055978],[5.685874960464167E-4,3.0859252221335844E-4,0.0013140181264936959,9.599324080018912E-4,2.6429579736176445E-4,9.082581104229025E-4,0.0035903008583209432,9.512369400924589E-4,7.596727500235306E-4,0.0010365060434153152,4.8335501275722126E-4,0.0012148351176496687,0.04115999958995108,6.520027033210604E-4,3.824196194009806E-4,6.935820247516016E-4,5.647167011826651E-4,0.0013004912719944803,0.007215023701551449,7.445577644398285E-4,8.814544199227803E-4,1.0,0.0010228991873018867,2.007243641875399E-4,0.02081993120264493,8.45573742013598E-4,7.217348500306349E-4,4.4326437079717873E-4,0.012377530738560617,0.0011315599432289547,6.46233672722719E-4,4.905104570889132E-4,0.0015185515852608536,0.0010819522874634137,0.04123429212943839,7.548122762892599E-4,6.579351429208185E-4,5.989069232273869E-4,9.509511893905255E-4,5.876469920054441E-4,3.5683501564374336E-4,0.007067126217225811,2.500573443273339E-4,0.0012707953661770088],[3.2555795578771127E-4,7.999889860096586E-4,0.001212077993554964,0.0012349213245924765,1.7039569894721748E-4,2.1902991571022909E-4,0.001917653457494685,0.0017975999659019112,8.511855449814808E-4,0.0010326539435907111,7.203539556561981E-4,0.0010396206217104496,0.04128323571307499,9.447389336303751E-4,2.1521076097601646E-4,7.576022033784317E-4,7.444664911677109E-4,0.001449635125316368,0.0097793506827104,8.740470842606594E-4,3.8021337314351285E-4,0.0010228991873018867,1.0,1.0237631618780976E-4,0.01824129206232245,4.645375428772042E-4,7.884859711162526E-4,6.007762707393006E-4,0.013562279565854622,0.0010735831722552573,3.3187010772906054E-4,3.527779529020158E-4,0.0010552776942468966,0.0012982991651337458,0.013227877303228814,5.191936934699729E-4,3.5609966461078353E-4,8.294164884985853E-4,0.0019645142281532134,7.189922245261515E-4,5.591204365415566E-4,0.006971708562218647,1.7796174145058097E-4,0.0018205691960227035],[1.1034554717376641E-4,2.792885091166317E-5,0.001129529450550868,3.9240339874549196E-4,6.746225422242245E-5,7.564397554760259E-5,0.008731254941801103,9.238457086440786E-4,8.570578017880296E-5,3.855682039158929E-4,5.012082470370683E-5,5.683597300022229E-4,0.04668435245082589,1.3338509468294386E-4,2.021913609544084E-5,2.3179650909669572E-4,4.868370365618234E-4,3.9152830248930095E-4,0.007630803532315949,4.256703284060177E-5,7.659502407957376E-5,2.007243641875399E-4,1.0237631618780976E-4,1.0,0.03544187408240747,6.702952599701753E-5,2.60889078067865E-5,1.3789776069255089E-4,0.01809735860824131,7.860888143732014E-4,1.7396111157281428E-4,1.8113005349370404E-4,7.394242483987095E-4,0.001863558918858955,0.0701432018538517,3.1854733722229096E-5,6.863814299472793E-5,4.880651830245022E-4,0.0050387849501340115,7.359055681652647E-5,8.185131353857234E-5,0.008415870773764402,2.288721494711312E-5,0.0021394523257874535],[0.03631605251402706,0.014762530471219875,0.005194118634495517,0.03542428561025484,0.012818804592258305,0.001344879823422451,0.02785566440474837,0.012609038449707444,0.010912211471644789,0.015680946840149416,0.02613088615612703,0.002466457367426932,0.04793850115727017,0.03316053058406568,0.0278374742396843,0.031188404746264605,0.006863457591418838,0.026832834834342973,0.020519024807441832,0.029159209907570798,0.025043580130311213,0.02081993120264493,0.01824129206232245,0.03544187408240747,1.0,0.0030603442133366426,9.3127525000946E-4,0.02147609763595422,0.03292800112227869,0.01303220037856485,0.0074148393099174184,0.006596588245862731,0.010842558587738938,0.025988190848962932,0.054233589011388764,0.006360859972405293,0.018678175332510233,0.036888721976505084,0.028738093554016457,0.005985325476689317,0.0252703412995564,0.03034312963651899,0.009104631761864511,0.03582201241465268],[8.805697132358448E-5,5.439758968712287E-5,0.001303657397854359,5.459532781600007E-4,8.078777372682845E-5,8.730570403357732E-5,5.12500789492257E-4,5.491702906578863E-4,8.998389042563941E-5,9.77935492638495E-4,8.897932101056201E-5,5.642751629942109E-4,0.007743745986028359,9.423651542577911E-5,1.4505065303422413E-5,1.3742324081475514E-4,1.9872480005091525E-4,0.0010388253489766793,0.001950180024026194,8.132491604417973E-5,1.2805662725851922E-4,8.45573742013598E-4,4.645375428772042E-4,6.702952599701753E-5,0.0030603442133366426,1.0,6.315278916474708E-5,1.2067360799101473E-4,0.028444312042218343,3.68171126757499E-4,1.885187758037739E-4,1.1712472872737239E-4,1.717927382208998E-4,6.518572724143286E-4,0.055986269180835165,1.1327055441594962E-4,1.2336184929158826E-4,4.151004340634211E-4,0.0068595353896951676,7.760084744555335E-5,1.1981344405421327E-4,0.00576270518240689,3.731163861830464E-5,1.5755847820774947E-4],[4.577561732427657E-5,3.0749386569161874E-5,5.742336833672273E-4,0.001440020726405929,1.0272391413085569E-4,7.096035788393059E-5,0.005454834980789276,4.740873734109287E-4,6.877180425322882E-5,9.302035356096794E-4,8.983953149265373E-5,7.876310485277014E-4,0.03697571330445221,1.4551569852865474E-4,1.630547052301361E-5,2.141881192964908E-4,3.088122950531647E-4,8.798642997210812E-4,0.00741558357300925,7.993950564086128E-5,1.2261799238214507E-4,7.217348500306349E-4,7.884859711162526E-4,2.60889078067865E-5,9.3127525000946E-4,6.315278916474708E-5,1.0,1.6620777958308518E-4,0.019062209584413486,6.0561667651267E-4,1.9278798490107572E-4,1.5170954282685988E-4,3.748096147125433E-4,1.7355014805566882E-4,0.06202029265429052,1.0103917614007662E-4,8.550687936030143E-5,2.685530773894759E-4,0.008344693015911684,8.581608270815026E-5,2.623073549585936E-4,0.005354127181474744,2.3339919529778195E-5,0.0016508042927893686],[1.5079632630707364E-4,6.933612016403729E-5,0.0013376980414802496,1.7725129569432223E-4,1.5570611157311934E-4,1.5018025845645088E-4,0.009237243025175096,0.0029355322984294476,1.3600342366658252E-4,1.8426882406393007E-4,1.6586519069988515E-4,0.0011740639554077786,0.035027982455904744,1.7032025727351958E-4,1.33274484445932E-4,2.0459612597833164E-4,3.421030969286537E-4,5.909787553821509E-4,0.005567163971154606,1.4731557065080837E-4,1.659616187605332E-4,4.4326437079717873E-4,6.007762707393006E-4,1.3789776069255089E-4,0.02147609763595422,1.2067360799101473E-4,1.6620777958308518E-4,1.0,0.020493820573529463,9.693310717960854E-4,1.9809432966061232E-4,2.5177052615359716E-4,4.6772386180157517E-4,4.5758950906160927E-4,0.028970809936924576,1.4228193042676134E-4,1.8097256415304855E-4,4.7417742580928355E-4,0.008944169142183215,3.5321542697438547E-4,2.3448556814294931E-4,0.00864680935289897,1.1002432279021584E-4,0.002329494658178014],[0.020454284082129168,0.008346600674174868,0.025829238313978525,0.021520308177644616,0.027029222150469986,0.009142086892994025,0.023331655372364948,0.022321395972471215,0.014580808649795874,0.0206160187895163,0.015191454909923244,0.02431065864067348,0.0356658235785942,0.019314275174123364,0.021280548556041688,0.009522334346352884,0.00988028750303855,0.023077900628881137,0.026707976276466528,0.015602705586772413,0.020395073068618253,0.012377530738560617,0.013562279565854622,0.01809735860824131,0.03292800112227869,0.028444312042218343,0.019062209584413486,0.020493820573529463,1.0,0.010250502755392467,0.022360599308267136,0.008296090395359173,0.015759169546094753,0.020739682619085983,0.04105910304680516,1.5536156755631642E-4,0.022374679468326306,0.016086818273606703,0.02517261161839173,0.004329736231162187,0.004679554620076387,0.017048174790096005,0.018861742726810102,0.00838461769508613],[4.808900042580906E-4,0.0010552233809383586,0.001419920287088522,0.0013710118673140419,9.931419354409121E-4,7.763418865871712E-4,0.004465871287969703,0.0016300634317462327,6.901983199094425E-4,0.0010542855137929286,5.95242746933922E-4,0.001165106148622211,0.045014083881493805,6.66566491189522E-4,1.2040578990030163E-4,9.198922616457412E-4,0.0010205295161002759,0.0014463306579100823,0.0018279723770987266,5.715468070789041E-4,5.113654949068509E-4,0.0011315599432289547,0.0010735831722552573,7.860888143732014E-4,0.01303220037856485,3.68171126757499E-4,6.0561667651267E-4,9.693310717960854E-4,0.010250502755392467,1.0,2.456785517685317E-4,5.875807803382707E-4,0.0016564337679716027,0.0019592638607697577,0.0359253893106492,1.8015997292134103E-4,2.524887749907093E-4,6.959852539608256E-4,0.0061156160433301155,0.0010853919157103858,5.995506786941884E-4,0.0029549406177529704,5.1861110173801584E-5,0.001987795692938535],[1.9602689244122313E-4,1.6602647672178455E-4,0.001278722473406214,5.613249477884411E-4,2.1413638427809838E-4,1.218912098820011E-4,0.006810227694228131,0.0016949527962226122,1.9780531622161975E-4,4.943771515051706E-4,2.0848037303447309E-4,0.0012014922928400618,0.04785034563776066,1.7691811112693012E-4,2.303037610892001E-5,2.38073763875013E-4,2.2673248809366276E-4,8.646317807876866E-4,0.003471340449138588,1.6822242207676228E-4,1.6281716128381817E-4,6.46233672722719E-4,3.3187010772906054E-4,1.7396111157281428E-4,0.0074148393099174184,1.885187758037739E-4,1.9278798490107572E-4,1.9809432966061232E-4,0.022360599308267136,2.456785517685317E-4,1.0,2.2016850958100052E-4,0.0011710994048402773,0.002175356074673427,0.010584521621616473,1.4546608922997318E-4,2.1683737243945381E-4,2.663218834988709E-4,0.0037248595814310917,2.509813112348446E-4,2.1901730944974925E-4,0.005854205291719262,1.852539845508719E-4,6.093238492725932E-4],[1.6727914824496258E-4,5.4455503102808965E-5,0.0010531628934988444,3.598085118846836E-4,2.1170457265212193E-4,2.1584440790719102E-4,0.004215982700713187,0.001775491501482614,2.655288433801952E-4,6.904177279644474E-4,1.406745209111193E-4,0.0011191330303103987,0.0463138142330477,2.831457401637099E-4,2.2569229474459705E-4,2.7920488086343413E-4,5.009261175353193E-4,7.8703452429126E-4,0.004646442137680641,2.4688055949971505E-4,2.546359350977883E-4,4.905104570889132E-4,3.527779529020158E-4,1.8113005349370404E-4,0.006596588245862731,1.1712472872737239E-4,1.5170954282685988E-4,2.5177052615359716E-4,0.008296090395359173,5.875807803382707E-4,2.2016850958100052E-4,1.0,0.0013040530645558686,0.0013370475727733004,0.05488309841389489,2.2518815686864546E-4,3.02835522290207E-4,3.424761463121621E-4,0.0031734295815564325,4.861729859147715E-4,2.848097252259034E-4,0.010431021523375699,8.482468149860826E-5,0.001064621011685723],[0.001473677739746411,0.0013551509156661398,0.0017448118257402392,0.0017775404675366767,4.58685179244361E-4,0.001082440717267147,0.006992958574973599,0.0020242160995456904,0.0012058730577354623,0.0014241084183871109,5.033038361202296E-4,0.0014710711452271682,0.03554978919550494,0.001779124780403415,0.0011761059485621273,0.0018068792430193396,7.313241461583758E-4,0.0019037070362513525,0.00670055406462549,0.0014863832994407547,0.001236831227628769,0.0015185515852608536,0.0010552776942468966,7.394242483987095E-4,0.010842558587738938,1.717927382208998E-4,3.748096147125433E-4,4.6772386180157517E-4,0.015759169546094753,0.0016564337679716027,0.0011710994048402773,0.0013040530645558686,1.0,0.0019777034809969614,0.030458702523582275,0.001638869816444829,8.306555712119753E-4,0.0014463662739069754,0.00822376440767729,0.001080274173759633,3.6843341691936046E-4,0.0029728389266134993,4.7613612328408644E-4,0.0018997153983876837],[0.0018716750533481266,0.0011298974572622389,0.0021888532764205255,0.0018954081050376167,8.883900264126728E-4,9.316380206511604E-4,0.007733257655830784,0.0026675068757603736,7.42649115934424E-4,0.0019564157838589846,0.002065054877371532,0.001527381114632975,0.01574140221250637,0.0022267508952976793,6.313311001281504E-4,0.0011292715635809905,0.002135319005371971,0.0019503588381968228,0.006871561314869579,9.673615645666505E-4,0.001067302896236512,0.0010819522874634137,0.0012982991651337458,0.001863558918858955,0.025988190848962932,6.518572724143286E-4,1.7355014805566882E-4,4.5758950906160927E-4,0.020739682619085983,0.0019592638607697577,0.002175356074673427,0.0013370475727733004,0.0019777034809969614,1.0,0.009952850701845527,6.116145721325253E-4,0.00167937583041108,0.001681471311741797,0.0026641592265427465,0.0018022117957128508,2.879680070630332E-4,0.0027927272026572287,7.792791861057092E-4,0.0023807460258588172],[0.03281260425142451,0.023333258107945776,0.030766968244598424,0.05821728561467913,7.09450632563834E-4,0.052154748233185125,0.056762312725414016,0.028603314378035226,0.03283751148842349,0.03361975281455422,0.027216457408651203,0.007941311364264386,0.07112693845855309,0.02770370430808156,0.06685814914910501,0.05299046831366624,0.0031447588110292144,0.044272365666095735,0.044734786100985385,0.02301717170286555,0.03428157040533613,0.04123429212943839,0.013227877303228814,0.0701432018538517,0.054233589011388764,0.055986269180835165,0.06202029265429052,0.028970809936924576,0.04105910304680516,0.0359253893106492,0.010584521621616473,0.05488309841389489,0.030458702523582275,0.009952850701845527,1.0,0.040128152195159306,0.05343705480242765,0.06217553022932703,0.03637499635000125,0.07100894689979986,0.044105509038183346,0.0629001693792298,0.05851267472292062,0.059099368741655695],[1.2865980444208425E-4,1.1348364766994934E-4,9.658391049344943E-4,0.001401440119618009,1.15276098788435E-4,1.1803139291499439E-4,0.0033795442956228504,4.7879977183449185E-4,1.1610069793178427E-4,8.968475285597768E-4,1.2610881372320518E-4,9.455960154659141E-4,0.026400366298260765,1.2972752729425023E-4,9.14537850765993E-5,1.8794099540712721E-4,1.4001002947281507E-4,2.604120979367671E-4,0.006662737412123258,1.1792127850479251E-4,1.457414776523412E-4,7.548122762892599E-4,5.191936934699729E-4,3.1854733722229096E-5,0.006360859972405293,1.1327055441594962E-4,1.0103917614007662E-4,1.4228193042676134E-4,1.5536156755631642E-4,1.8015997292134103E-4,1.4546608922997318E-4,2.2518815686864546E-4,0.001638869816444829,6.116145721325253E-4,0.040128152195159306,1.0,1.8208013109658014E-4,4.3275549522882675E-4,0.005896787681744399,5.207982580092619E-4,2.4079191816866286E-4,0.003079515340454033,3.1042914855472986E-5,0.0018815020769149295],[2.1163251283583728E-4,1.612059509016935E-4,0.0012384510222607596,3.6910544447881475E-4,1.8159843702696978E-4,1.4338804044035608E-4,0.006073430988209528,0.0023763525825412513,1.2002053125445477E-4,8.981068842997223E-4,1.4624266202464524E-4,5.734670834181872E-4,0.03700834295391625,2.1312765768623105E-4,1.231640558012333E-4,2.3823693024887453E-4,4.2708426396792667E-4,0.0011476074856785648,0.006500684531508761,2.101017271205635E-4,1.793451524344461E-4,6.579351429208185E-4,3.5609966461078353E-4,6.863814299472793E-5,0.018678175332510233,1.2336184929158826E-4,8.550687936030143E-5,1.8097256415304855E-4,0.022374679468326306,2.524887749907093E-4,2.1683737243945381E-4,3.02835522290207E-4,8.306555712119753E-4,0.00167937583041108,0.05343705480242765,1.8208013109658014E-4,1.0,3.170319295426018E-4,0.010087446844093866,2.492649633489727E-4,2.726399316743657E-4,0.0030876185694569797,7.290949866848133E-5,0.0013448226967078486],[3.1249534977525475E-4,2.5308348547787944E-4,6.681522548255164E-4,0.0010111086232439904,4.6697142598621814E-4,2.2960024815578276E-4,0.0028727037037306353,0.0030514549487834905,3.932290870516658E-4,7.078031500533267E-4,4.682927981572239E-4,0.0010858355199416339,0.03600717463237347,3.992187598771369E-4,5.2479319763278746E-5,4.946871510161301E-4,5.323932272270926E-4,0.0015550374415473143,0.0015525707208985475,3.3377707783322034E-4,3.6704246936499277E-4,5.989069232273869E-4,8.294164884985853E-4,4.880651830245022E-4,0.036888721976505084,4.151004340634211E-4,2.685530773894759E-4,4.7417742580928355E-4,0.016086818273606703,6.959852539608256E-4,2.663218834988709E-4,3.424761463121621E-4,0.0014463662739069754,0.001681471311741797,0.06217553022932703,4.3275549522882675E-4,3.170319295426018E-4,1.0,0.009528636801583605,5.255974267895551E-4,3.3572960479333374E-4,0.005392398146078715,1.4605703670462572E-4,0.0023144504980081634],[0.0010088558386636094,0.009417613674895655,0.0016911674142482602,0.006092830213167944,0.007851229868174844,0.010759478253200446,0.009372357184766174,0.008033544711207805,0.004838893950678086,0.0060027974769232785,0.011199479391794696,0.0067892015741134815,0.024608894660050104,0.010205244296001677,0.00594113722169895,0.010365585399385093,0.008685620678554495,0.00479827079708779,0.010221599114402541,0.004946310572746551,0.005766889226493337,9.509511893905255E-4,0.0019645142281532134,0.0050387849501340115,0.028738093554016457,0.0068595353896951676,0.008344693015911684,0.008944169142183215,0.02517261161839173,0.0061156160433301155,0.0037248595814310917,0.0031734295815564325,0.00822376440767729,0.0026641592265427465,0.03637499635000125,0.005896787681744399,0.010087446844093866,0.009528636801583605,1.0,0.003857071948830955,3.0673696508352324E-4,0.011381968194840027,0.007871261652706402,0.006046712696668122],[4.5628018544762534E-4,3.179230998518859E-4,6.299501521025567E-4,8.918400510753732E-4,5.309950959146685E-4,2.1301341584259974E-4,0.002538661246536121,9.876049092294042E-4,1.854609843930813E-4,6.690211782196662E-4,3.8638788635812733E-4,9.563624542545311E-4,9.085460265809454E-4,2.7144255325293716E-4,3.969051320988232E-4,4.77044536908983E-4,5.651820119005819E-4,7.759528680117645E-4,0.006860085857893007,2.8294254723333027E-4,5.315949847187586E-4,5.876469920054441E-4,7.189922245261515E-4,7.359055681652647E-5,0.005985325476689317,7.760084744555335E-5,8.581608270815026E-5,3.5321542697438547E-4,0.004329736231162187,0.0010853919157103858,2.509813112348446E-4,4.861729859147715E-4,0.001080274173759633,0.0018022117957128508,0.07100894689979986,5.207982580092619E-4,2.492649633489727E-4,5.255974267895551E-4,0.003857071948830955,1.0,3.482319890432849E-4,0.002380611819393245,3.996015107805517E-4,0.0012638444434901518],[2.7133117914425085E-4,1.4559205137024844E-4,6.565159467986936E-4,0.0013735076915629245,2.218818550137325E-4,2.267928838757863E-4,0.006640020788495189,0.0023157717266529426,1.1872719798899281E-4,5.480639678924692E-4,2.1790427253666684E-4,0.0011368835343882285,0.015176301366245152,2.454169166623357E-4,2.6610954686293406E-4,2.5395400988659586E-4,3.1110903317123914E-4,7.664890809034649E-4,0.0017966644565400407,1.680913248604909E-4,2.497441863027576E-4,3.5683501564374336E-4,5.591204365415566E-4,8.185131353857234E-5,0.0252703412995564,1.1981344405421327E-4,2.623073549585936E-4,2.3448556814294931E-4,0.004679554620076387,5.995506786941884E-4,2.1901730944974925E-4,2.848097252259034E-4,3.6843341691936046E-4,2.879680070630332E-4,0.044105509038183346,2.4079191816866286E-4,2.726399316743657E-4,3.3572960479333374E-4,3.0673696508352324E-4,3.482319890432849E-4,1.0,0.0054291667998485615,3.469481084622914E-5,0.0016627478770584422],[0.007802682815135961,0.008627660486285053,0.004217934530503572,0.011370675148180787,0.009742895722920697,0.0017006789679215957,0.009410785822662818,0.004977923017273049,0.007302640112412515,0.008253572688710032,0.007688773134707126,0.00500172960036854,0.016797136816649388,0.0027607095711567656,8.236509063621713E-4,0.006845687080748794,0.002169595717259382,0.0069953526924463475,0.010161903995658982,0.0069872368652102715,0.0013320368211512204,0.007067126217225811,0.006971708562218647,0.008415870773764402,0.03034312963651899,0.00576270518240689,0.005354127181474744,0.00864680935289897,0.017048174790096005,0.0029549406177529704,0.005854205291719262,0.010431021523375699,0.0029728389266134993,0.0027927272026572287,0.0629001693792298,0.003079515340454033,0.0030876185694569797,0.005392398146078715,0.011381968194840027,0.002380611819393245,0.0054291667998485615,1.0,4.295541884416692E-4,0.009337176143648429],[1.819768406793252E-5,1.7920263364320896E-5,5.358422142866075E-4,0.0010036971764891187,9.049210572405619E-5,8.242702883681896E-5,0.00686723291455668,0.0019297071500996496,2.6592362531859E-5,6.770520840302364E-4,8.011919650837577E-5,5.09669754132288E-4,0.004241617293379655,5.7107372759904046E-5,1.2163870680325356E-5,1.4571617363507707E-4,4.4426666370460567E-4,0.0010522810539179241,0.007011005261067588,2.0460229032148685E-5,1.2197032040387276E-4,2.500573443273339E-4,1.7796174145058097E-4,2.288721494711312E-5,0.009104631761864511,3.731163861830464E-5,2.3339919529778195E-5,1.1002432279021584E-4,0.018861742726810102,5.1861110173801584E-5,1.852539845508719E-4,8.482468149860826E-5,4.7613612328408644E-4,7.792791861057092E-4,0.05851267472292062,3.1042914855472986E-5,7.290949866848133E-5,1.4605703670462572E-4,0.007871261652706402,3.996015107805517E-4,3.469481084622914E-5,4.295541884416692E-4,1.0,1.4365469009233696E-4],[7.730590711314982E-4,2.6221064964455156E-4,0.0019071820186871034,0.002227915411548781,0.0013632910401772918,0.00182806540558029,0.009064679760544926,0.002722916829073022,0.0012526982842921363,0.002050024191725625,2.9470426684137003E-4,0.0023763174443485933,0.021232314475339648,9.275237293382292E-4,0.001732902774662121,0.0022063142415396342,0.001206039920181464,0.0021931759888705465,0.009577713084622377,0.0019260847027785322,0.0018419585490055978,0.0