[[1.0,2.6620876623515777E-4,0.0011698868289140836,0.0051804017766048935,6.551097222858072E-4,0.009564701439963446,0.017914168600211163,3.992281669252142E-4,0.003608045007697444,4.042480417041458E-4,5.828375424038965E-4,0.05575167711298842,5.813035532577842E-4,7.43486661173462E-4,8.004894307286429E-4,9.698519388742074E-4,5.602292270725669E-4,8.747962277425699E-4,0.00420821352714202,2.3405646665903394E-4,4.4414748513181204E-4,0.008158792310865793,8.335721934163978E-5,2.051766345694303E-4,0.0013019594693607559,9.751945415858222E-4,7.989268877373563E-4,0.0011559539737419223,0.04308168651251036,5.838025268379023E-4,1.8771930349284117E-4,0.01965916287527011,0.0027412847955133575,6.28311503007123E-4,6.882801622353739E-4,4.974474225337126E-4,6.112073628180965E-4,8.384494675571186E-4,5.752973644239825E-4,5.920629562326371E-4,2.967535239223013E-4,5.486127731988555E-4],[2.6620876623515777E-4,1.0,4.961668489281884E-4,0.002106673275231469,1.1222606424754726E-4,0.018917932671531346,0.01516631050597907,7.285155482389928E-5,0.003701559261162344,1.8508722707430734E-4,1.1123152773349686E-4,0.04626042879266626,4.033971174094205E-4,1.4181532669312464E-4,7.815679315957022E-4,1.3817319315202533E-4,1.2000750017738239E-4,7.664682319421483E-4,0.0021302857711948202,1.0477680745035083E-4,9.335460826804355E-5,0.0018888161490780396,8.065762512543771E-5,9.956873241374499E-5,9.917952605450826E-4,1.3921243686270434E-4,9.14456782125764E-5,0.0010283455246219426,0.01706189695815681,2.4313633354675773E-4,4.45110257127056E-5,0.029903998628824185,0.007796012542840599,2.2281991979362282E-5,6.438769100922504E-5,1.2149825735964637E-4,1.5456028106347762E-4,3.148968754946123E-4,1.0759225695832703E-4,5.845890629061817E-5,8.172904061126117E-5,1.0345659684778447E-4],[0.0011698868289140836,4.961668489281884E-4,1.0,0.00784455048590321,0.0012923694951418674,0.014052657741016735,0.0017586545958404706,2.287201329700761E-4,0.004125235000549185,5.668810833002752E-4,8.226387016454662E-4,0.0466729120317528,0.001209024610434443,4.259611324291269E-4,8.768317223141953E-4,0.0020320205113544686,0.0013561650944675738,9.978769054830665E-4,0.004165407454212407,0.001264743962709113,7.981500057390676E-4,0.002449350254794886,4.850126034510379E-4,0.0012613722902414556,0.0013562458527398272,0.0012318140930758805,2.1365980468913658E-4,0.0013873780317004408,0.0636647409002723,0.0011068447275125253,0.0011342282715340196,0.027598179567103268,0.007063758406955124,0.0010043725400856924,0.001083541354978675,5.755721835606655E-4,0.0010426832834614637,9.029904966580323E-4,6.298534995701278E-4,7.120216150890624E-4,0.0012271335298841535,0.001337149630826312],[0.0051804017766048935,0.002106673275231469,0.00784455048590321,1.0,0.00422144249290632,0.020281935051796582,0.019625168399631233,1.9835138903091188E-4,0.016086234653206376,0.012144487282295426,5.572513939131933E-4,0.050433917893721404,0.012122914665155422,0.004345692416889426,0.0058387384480735145,0.004215119375624882,0.0038875759962953174,0.004528052862448508,0.011325800157684857,0.01758977244839903,0.0015332526467339662,0.016193414818827,0.011278662942185928,0.007753122469944007,0.014912259276527895,0.01108703226203543,0.01083418209558512,0.002696960322552554,0.045246774293239436,0.011556831806973965,0.015803893733269674,0.026287098662583053,0.008664553613129986,0.01936243002452542,0.010988393709178423,0.0158953106302345,0.016735248842947522,0.01960264947405836,0.005381481358507295,0.0184101171419883,0.01498840604952894,0.006709788754150135],[6.551097222858072E-4,1.1222606424754726E-4,0.0012923694951418674,0.00422144249290632,1.0,0.017257770720548283,0.006112377305385111,1.3640078030611913E-4,0.0015240160961978763,2.44486153056849E-4,3.1041666138049203E-4,0.06489721934374215,4.7006355792189564E-4,2.717971476554267E-4,4.846347393162856E-4,0.0013785608185873425,4.283981097255907E-4,7.812604906469987E-4,0.004072221586205979,3.5388414800721906E-4,2.720584374841968E-4,0.008519712846516493,2.913831468126815E-4,2.485384835112711E-4,9.511122251255327E-4,4.6627532927891104E-4,1.253060478127526E-4,7.454258889100989E-4,0.020441235452490797,3.977870175500318E-4,2.338391115051155E-4,0.007617747206573104,0.003774886299765837,7.516217877437624E-5,3.508228933173103E-4,3.7482019356828206E-4,4.024178095700728E-4,4.57510901323944E-4,1.7724254988550059E-4,9.83562682785683E-5,2.9751089101271973E-4,3.9714999865296237E-4],[0.009564701439963446,0.018917932671531346,0.014052657741016735,0.020281935051796582,0.017257770720548283,1.0,0.019725525746192813,0.0037963422319492665,0.01672242174332844,0.002763002088539814,9.354975316434309E-4,0.022772859375097137,0.011550938740427966,0.005012978922213744,0.005358193253834335,0.011549549024714906,0.014970753864893802,0.011985846863554776,0.0063890667650892885,0.010395028304733815,0.009392193192232808,0.016383382211603847,0.0027952362121400984,0.010657186671141461,0.018832853880990093,0.016102303588711443,0.008772039305469721,0.013635965206248294,0.06687806464434698,0.005653583058677078,0.009819567554467832,0.03834242933221185,0.017097825913915586,0.0017377949256236927,0.01232980488391926,0.00345829513424817,5.46626555494845E-4,0.006489096297024464,0.00670233854202082,0.006237990571205361,4.116884729871996E-4,8.028396041752017E-4],[0.017914168600211163,0.01516631050597907,0.0017586545958404706,0.019625168399631233,0.006112377305385111,0.019725525746192813,1.0,0.014556476398819363,0.018105575034864076,0.015408707639664976,0.0017579448395705598,0.05684695294188409,0.005107397760579684,0.006125558664016856,0.016058892886599875,0.0029114728211056618,0.009516725131644779,0.012304158171191315,0.015908457665521448,0.0030420157297834345,0.015100738061280402,0.016501957371866615,5.853142213544159E-4,0.0012608304983252666,0.012977717622988778,0.0046928460986433475,0.0032466087627184273,0.0043568934613633144,0.0218518058848576,0.008321393136035802,0.017108423052523705,0.041529283290167786,0.014431038695575632,0.012924108589890388,0.012327473889511626,0.006570552022384937,0.006829911108118724,0.008240217009745112,0.01810248248957252,0.015314893540367797,0.0063790336576826775,0.0013809159803755964],[3.992281669252142E-4,7.285155482389928E-5,2.287201329700761E-4,1.9835138903091188E-4,1.3640078030611913E-4,0.0037963422319492665,0.014556476398819363,1.0,0.0016461096200659198,1.9080380559990503E-4,5.127886340125351E-5,0.07098340933218679,4.743128399231541E-4,9.953417693964844E-5,5.45774224284887E-4,0.0018419891402463857,1.558971421806636E-4,4.0285590520167716E-4,0.0017570538051634847,6.618553307838039E-5,3.2803751729847543E-5,0.009951065078268569,1.2539933544197412E-5,2.0205298319390177E-5,4.707987776566818E-4,1.9005219697187538E-4,4.5728435067558795E-5,2.5896979059986347E-4,0.05524429059503599,1.8200700724009856E-4,2.2701293344657476E-5,0.030301054614248063,0.003661167123768505,1.2307167627769037E-5,3.8101363268184644E-5,1.7206360501644452E-4,7.639428364869272E-5,6.071751164438433E-4,4.5621714342823225E-5,1.2606886567230902E-5,1.360314691179811E-5,8.029371666613575E-5],[0.003608045007697444,0.003701559261162344,0.004125235000549185,0.016086234653206376,0.0015240160961978763,0.01672242174332844,0.018105575034864076,0.0016461096200659198,1.0,0.004888713589318687,6.608675548824086E-4,0.014369715405655506,0.004834183100424633,0.001533829428103597,0.002980813580490704,0.003748860059476859,0.005683567074382781,0.003722844824004851,0.00569520770885381,0.005496380731019833,0.0016780676313446936,0.012603287715350119,0.003200918139169099,0.002372939988594267,0.005899747141025401,0.003306571029051818,5.010732498598692E-4,0.0047373182190032625,0.07051538335170696,0.0019521694442276652,0.0045199688965084335,0.02293563678269326,0.006524272419443468,8.7035341110122E-4,0.0017584090514729841,0.005440352601651259,0.0050152653379815,0.001957479444111559,1.1556324927192423E-4,0.0015076512090175793,0.0024066485702485007,0.004144221484152734],[4.042480417041458E-4,1.8508722707430734E-4,5.668810833002752E-4,0.012144487282295426,2.44486153056849E-4,0.002763002088539814,0.015408707639664976,1.9080380559990503E-4,0.004888713589318687,1.0,1.9010308180790052E-4,0.046529367497988944,3.886969751025838E-4,2.0895424905741805E-4,4.953061963125563E-4,7.462554816721021E-4,2.485061537787239E-4,6.877085670042139E-4,0.0024301396029842537,1.2459571635456317E-4,1.5797078005545947E-4,0.011839817693042046,1.1698356647169246E-4,1.5397061573070475E-4,2.845386343444229E-4,6.31846649239053E-4,1.4312074699901435E-4,4.933236080591402E-4,0.015013988453094223,2.8925991724374563E-4,1.7094135502315573E-4,0.018708498505159838,0.002702712093893117,1.734950188338473E-4,2.148152972400489E-4,2.0183861530743638E-4,3.7697136039251177E-4,5.238741881620247E-4,2.133834625464999E-4,5.167315781073803E-5,2.0370112566633604E-4,1.4999926393256168E-4],[5.828375424038965E-4,1.1123152773349686E-4,8.226387016454662E-4,5.572513939131933E-4,3.1041666138049203E-4,9.354975316434309E-4,0.0017579448395705598,5.127886340125351E-5,6.608675548824086E-4,1.9010308180790052E-4,1.0,0.05425643490223,2.2376268806869313E-4,1.4242616818796206E-4,5.348263009913575E-4,0.0020328300575483773,3.3702677529664094E-4,5.659688416878614E-4,2.501970049054116E-4,1.1853601461546245E-4,1.0732979607856173E-4,0.012478152632718304,1.1190681879137438E-4,7.064240933136643E-5,1.9969219068755815E-4,7.399695689400444E-4,1.073433208314021E-4,3.4750655157014413E-4,0.04908850800185169,2.1242336857398155E-4,5.834294340466856E-5,0.03311540806509826,6.040470974195764E-4,1.1572149559168248E-4,6.857790269201808E-5,1.6734557241377621E-4,2.943653655652032E-4,1.7928397936627295E-4,1.1747626100440731E-4,1.2222384296108833E-4,7.795984786342365E-5,1.1060733032902068E-4],[0.05575167711298842,0.04626042879266626,0.0466729120317528,0.050433917893721404,0.06489721934374215,0.022772859375097137,0.05684695294188409,0.07098340933218679,0.014369715405655506,0.046529367497988944,0.05425643490223,1.0,0.03169432896207169,0.04182344366880805,0.016799011431849725,0.03648913636308392,0.052267702613095234,0.032302893407377596,0.021735173404498077,0.013389922510596015,0.01781709172382908,0.07110090215245701,0.009228243905495476,0.03800445573532796,0.048099609962131064,0.03735080465098259,0.0026586435935630056,0.016666338026794677,0.07142857142857142,0.03106064020986444,0.01110084392365736,0.05195583449160719,0.05396381754087913,0.014568183187006567,0.0533060925861187,0.05367343167780271,0.01921274555366094,0.006614517480352699,0.010928273872197473,0.03388853384344713,0.03928230786998192,0.001671250900399792],[5.813035532577842E-4,4.033971174094205E-4,0.001209024610434443,0.012122914665155422,4.7006355792189564E-4,0.011550938740427966,0.005107397760579684,4.743128399231541E-4,0.004834183100424633,3.886969751025838E-4,2.2376268806869313E-4,0.03169432896207169,1.0,4.6735218006646953E-4,6.136039999895055E-4,0.0012576964271565191,5.108595136341194E-4,7.631627281930768E-4,0.004002128178682315,1.0729637530211885E-4,2.076902533477994E-4,0.015038302082040047,3.720046564243749E-4,4.007527758070536E-4,8.010173342784782E-4,8.641357322589648E-4,2.987552083545498E-4,0.0012065120698952177,0.034185528633995814,3.842135177933324E-4,2.3769076135241935E-4,0.013393144634714296,0.0018156972758304262,3.6639786487248073E-4,2.8455358921849436E-4,3.8829249074857024E-4,5.311375831713874E-4,6.967947872574933E-4,1.2644732128215498E-4,4.557504091949249E-4,1.6552813605800744E-4,3.417112727371297E-4],[7.43486661173462E-4,1.4181532669312464E-4,4.259611324291269E-4,0.004345692416889426,2.717971476554267E-4,0.005012978922213744,0.006125558664016856,9.953417693964844E-5,0.001533829428103597,2.0895424905741805E-4,1.4242616818796206E-4,0.04182344366880805,4.6735218006646953E-4,1.0,3.3370445100344286E-4,0.0015556185275909353,3.51732043296611E-4,4.6456786582281875E-4,2.2488510269797507E-4,1.1787602748875985E-4,1.1110323360952345E-4,0.013719724251420217,1.2567485338439022E-4,4.7985988218338495E-5,4.6947344006288564E-4,4.738428120664602E-4,1.3722230673626792E-4,5.517811855517176E-4,0.0625879647819609,1.4461028198513296E-4,1.2375129994218065E-4,0.014027535119075302,0.0033037512279422447,1.2318662129634899E-4,6.265621801194287E-5,1.4492292859115587E-4,2.3742532021601192E-4,4.0004962211925344E-4,1.3644031683874858E-4,4.0121867271957576E-5,1.189182054317902E-4,1.1557941724942532E-4],[8.004894307286429E-4,7.815679315957022E-4,8.768317223141953E-4,0.0058387384480735145,4.846347393162856E-4,0.005358193253834335,0.016058892886599875,5.45774224284887E-4,0.002980813580490704,4.953061963125563E-4,5.348263009913575E-4,0.016799011431849725,6.136039999895055E-4,3.3370445100344286E-4,1.0,9.460631950936613E-4,6.084293761355689E-4,8.129067207358311E-4,0.0015483041771312215,6.442748672049018E-4,2.6964080005826207E-4,0.00554938176825934,5.978848530129759E-4,6.521162954734301E-4,0.0011755881698117764,8.793723650961119E-4,1.5932058382210943E-4,8.957167819458232E-4,0.06261449056590201,4.2955485011629633E-4,1.9416635531425207E-4,0.03942442168571532,0.006229747774124584,7.60647922680438E-4,2.0398232614038858E-4,4.2950019574313793E-4,4.758663140572434E-4,7.939344748928569E-4,6.135942561597206E-4,1.4701165383002236E-4,3.38875971516393E-4,3.4702313448403254E-4],[9.698519388742074E-4,1.3817319315202533E-4,0.0020320205113544686,0.004215119375624882,0.0013785608185873425,0.011549549024714906,0.0029114728211056618,0.0018419891402463857,0.003748860059476859,7.462554816721021E-4,0.0020328300575483773,0.03648913636308392,0.0012576964271565191,0.0015556185275909353,9.460631950936613E-4,1.0,0.0010315964014664233,0.0013675565569665094,0.0033233325076365214,0.0018346942936601643,0.0013684552377086119,0.009115008784801476,0.001257763883698439,2.3858250498955244E-4,0.0020471577472231154,0.0012475723104686386,9.356811888339347E-4,0.0017868678850906095,0.064540727217282,0.0014002548324873933,0.0012027943731245806,0.03061528315081044,0.0022456596363268698,0.0010718373331563503,4.3981038280038027E-4,0.0012881884606691602,0.0018381006245742082,9.421219823794659E-4,2.514498413271585E-4,6.283203542161192E-4,2.2338924923832927E-4,0.0011772502365176663],[5.602292270725669E-4,1.2000750017738239E-4,0.0013561650944675738,0.0038875759962953174,4.283981097255907E-4,0.014970753864893802,0.009516725131644779,1.558971421806636E-4,0.005683567074382781,2.485061537787239E-4,3.3702677529664094E-4,0.052267702613095234,5.108595136341194E-4,3.51732043296611E-4,6.084293761355689E-4,0.0010315964014664233,1.0,7.35391729560494E-4,0.001048832704234043,1.8368498604990502E-4,3.5153506220405456E-4,0.0013895664235949261,1.4145571472805205E-4,1.0951239766529105E-4,6.917156547658872E-4,9.270317576943007E-4,2.0988919173420522E-4,7.783143439514368E-4,0.012250539045304234,3.9753379037270727E-4,4.566450971781251E-4,0.012135915458765004,0.0015855195804937304,4.2271899014324955E-4,1.384839071079433E-4,3.7409519630354445E-4,4.130315605081866E-4,6.163313521715503E-4,3.541116413535487E-4,2.007060769421756E-4,3.163207010934225E-4,2.271232369402842E-4],[8.747962277425699E-4,7.664682319421483E-4,9.978769054830665E-4,0.004528052862448508,7.812604906469987E-4,0.011985846863554776,0.012304158171191315,4.0285590520167716E-4,0.003722844824004851,6.877085670042139E-4,5.659688416878614E-4,0.032302893407377596,7.631627281930768E-4,4.6456786582281875E-4,8.129067207358311E-4,0.0013675565569665094,7.35391729560494E-4,1.0,0.003246037942132197,1.5105839494705241E-4,2.850941035107434E-4,0.00368220507942768,7.25391520666285E-4,6.810063568630822E-4,0.0011745520739512537,9.566025762735293E-4,4.358771449646014E-4,0.0010934071861239275,0.025357452427643774,3.8966116148978294E-4,8.914205230907416E-4,0.013915292448398339,0.008443700557624636,5.133530694614353E-4,5.153884261938649E-4,6.241259881480202E-4,8.257865474529773E-4,9.12276178208631E-4,3.9878281821872675E-4,4.8589251350228525E-5,8.040905213591191E-4,8.50486375537221E-4],[0.00420821352714202,0.0021302857711948202,0.004165407454212407,0.011325800157684857,0.004072221586205979,0.0063890667650892885,0.015908457665521448,0.0017570538051634847,0.00569520770885381,0.0024301396029842537,2.501970049054116E-4,0.021735173404498077,0.004002128178682315,2.2488510269797507E-4,0.0015483041771312215,0.0033233325076365214,0.001048832704234043,0.003246037942132197,1.0,0.0010571902197597431,1.0630339927307253E-4,0.011363075975237127,0.0012635234450276845,0.002491181295021749,0.0017319477304194603,0.0019274907527371723,0.004059461463337681,0.0042228724949629195,0.06829111648345541,0.002516279721198706,0.004007677864116513,0.023054165668610346,0.005589703604610479,0.0024615270433237637,8.148826353682392E-4,0.0012451063815866745,0.004270737760303174,8.490133911322952E-4,0.0033712484429043003,0.004272694308589025,9.560493242190885E-4,0.0016332666830119772],[2.3405646665903394E-4,1.0477680745035083E-4,0.001264743962709113,0.01758977244839903,3.5388414800721906E-4,0.010395028304733815,0.0030420157297834345,6.618553307838039E-5,0.005496380731019833,1.2459571635456317E-4,1.1853601461546245E-4,0.013389922510596015,1.0729637530211885E-4,1.1787602748875985E-4,6.442748672049018E-4,0.0018346942936601643,1.8368498604990502E-4,1.5105839494705241E-4,0.0010571902197597431,1.0,7.85734100807677E-5,0.014929265862121267,3.2494867225096765E-5,8.969577679942184E-5,5.628993247071762E-4,7.010386081551743E-4,9.384866878855367E-5,4.1686527989868484E-4,0.02519248648855389,1.1303798027918868E-4,8.967957488214266E-5,0.018352702951024653,0.0018994960996132659,1.0000326910305731E-4,8.735825426278648E-5,1.617588686039357E-4,2.9036558221811877E-4,3.552893829327844E-4,1.0654552666512475E-4,1.030779596294038E-4,5.475618811853575E-5,1.0714230781551164E-4],[4.4414748513181204E-4,9.335460826804355E-5,7.981500057390676E-4,0.0015332526467339662,2.720584374841968E-4,0.009392193192232808,0.015100738061280402,3.2803751729847543E-5,0.0016780676313446936,1.5797078005545947E-4,1.0732979607856173E-4,0.01781709172382908,2.076902533477994E-4,1.1110323360952345E-4,2.6964080005826207E-4,0.0013684552377086119,3.5153506220405456E-4,2.850941035107434E-4,1.0630339927307253E-4,7.85734100807677E-5,1.0,0.012823158912314956,5.360854904363726E-5,4.839069728280009E-5,5.594881206376144E-4,1.344655524790344E-4,8.162953595810337E-5,0.001058895245601082,0.05343673188549742,3.8282099660121927E-4,3.7647049729657106E-5,0.028743050951971074,0.008018526383931869,2.2663905953711548E-5,5.543857630524216E-5,9.027195171081622E-5,1.9330165867128545E-4,6.510499539368004E-4,9.812792248328338E-5,2.2280406509044373E-5,5.119445209281907E-5,9.031445670457382E-5],[0.008158792310865793,0.0018888161490780396,0.002449350254794886,0.016193414818827,0.008519712846516493,0.016383382211603847,0.016501957371866615,0.009951065078268569,0.012603287715350119,0.011839817693042046,0.012478152632718304,0.07110090215245701,0.015038302082040047,0.013719724251420217,0.00554938176825934,0.009115008784801476,0.0013895664235949261,0.00368220507942768,0.011363075975237127,0.014929265862121267,0.012823158912314956,1.0,0.0027020402129983106,0.001033587338873913,0.005189408213509213,0.012427796162838872,0.002241463828293737,0.00779814031953556,0.03609656528304181,0.0011615711948566834,0.014786803037459731,0.019824325495704953,0.012643212420925708,3.7301931544348496E-4,0.012389591900452333,0.005782515417556136,0.004082627227003917,0.008384868121335138,0.0018219766434230725,0.012618905809148847,0.008423164702940442,0.00630169286818024],[8.335721934163978E-5,8.065762512543771E-5,4.850126034510379E-4,0.011278662942185928,2.913831468126815E-4,0.0027952362121400984,5.853142213544159E-4,1.2539933544197412E-5,0.003200918139169099,1.1698356647169246E-4,1.1190681879137438E-4,0.009228243905495476,3.720046564243749E-4,1.2567485338439022E-4,5.978848530129759E-4,0.001257763883698439,1.4145571472805205E-4,7.25391520666285E-4,0.0012635234450276845,3.2494867225096765E-5,5.360854904363726E-5,0.0027020402129983106,1.0,1.3185029111474182E-5,4.302841891801041E-5,6.203183966086784E-4,4.364291542181532E-5,6.123240068769197E-4,0.03794138773576153,3.1699058346194197E-4,2.5663149094140992E-5,0.025738969862752283,4.557156926832093E-4,1.1386842102414627E-5,2.1392952838379224E-5,1.73867642733484E-4,1.6000470839573212E-4,2.9996039909978446E-4,7.656964103625887E-5,1.3976859815157674E-5,3.963809972310566E-5,9.146723945548387E-5],[2.051766345694303E-4,9.956873241374499E-5,0.0012613722902414556,0.007753122469944007,2.485384835112711E-4,0.010657186671141461,0.0012608304983252666,2.0205298319390177E-5,0.002372939988594267,1.5397061573070475E-4,7.064240933136643E-5,0.03800445573532796,4.007527758070536E-4,4.7985988218338495E-5,6.521162954734301E-4,2.3858250498955244E-4,1.0951239766529105E-4,6.810063568630822E-4,0.002491181295021749,8.969577679942184E-5,4.839069728280009E-5,0.001033587338873913,1.3185029111474182E-5,1.0,0.001275008693051025,2.6551950478198637E-4,4.990447855665211E-5,6.317499301417969E-4,0.01782141129832984,1.926706609551976E-4,2.8844857951121307E-5,0.004052179334613712,0.0022543401342362906,1.3074156500654808E-5,3.2221409051867474E-5,1.568233026607382E-4,2.996461620683189E-4,5.79810722468184E-4,1.0728858447938786E-4,1.7876098852285793E-5,2.331412805683638E-5,9.419433395028813E-5],[0.0013019594693607559,9.917952605450826E-4,0.0013562458527398272,0.014912259276527895,9.511122251255327E-4,0.018832853880990093,0.012977717622988778,4.707987776566818E-4,0.005899747141025401,2.845386343444229E-4,1.9969219068755815E-4,0.048099609962131064,8.010173342784782E-4,4.6947344006288564E-4,0.0011755881698117764,0.0020471577472231154,6.917156547658872E-4,0.0011745520739512537,0.0017319477304194603,5.628993247071762E-4,5.594881206376144E-4,0.005189408213509213,4.302841891801041E-5,0.001275008693051025,1.0,0.0010799028187561052,0.0011538904275747643,0.0012952807375587448,0.026353859391528386,7.237510352593017E-4,2.731678949083307E-4,0.021282718558818598,0.008270449984066962,8.011306139755191E-4,5.970008397959014E-4,0.001166047629104943,0.0010701875340203655,0.0011070192130740123,9.19992490316166E-4,9.088569888386808E-4,0.0010022008409518346,0.0011349390633120368],[9.751945415858222E-4,1.3921243686270434E-4,0.0012318140930758805,0.01108703226203543,4.6627532927891104E-4,0.016102303588711443,0.0046928460986433475,1.9005219697187538E-4,0.003306571029051818,6.31846649239053E-4,7.399695689400444E-4,0.03735080465098259,8.641357322589648E-4,4.738428120664602E-4,8.793723650961119E-4,0.0012475723104686386,9.270317576943007E-4,9.566025762735293E-4,0.0019274907527371723,7.010386081551743E-4,1.344655524790344E-4,0.012427796162838872,6.203183966086784E-4,2.6551950478198637E-4,0.0010799028187561052,1.0,4.2051946501757247E-4,0.0011783925470059404,0.054086387925064976,6.762330135394338E-4,6.624678067557028E-4,0.013300656391027805,0.0054397374094321115,2.6353046754389536E-4,6.321239164050067E-4,3.842516139912621E-4,9.17367083683767E-4,9.191537957251788E-4,8.184653250425547E-4,2.883910309533226E-4,3.0569474211506647E-4,2.995642100223348E-4],[7.989268877373563E-4,9.14456782125764E-5,2.1365980468913658E-4,0.01083418209558512,1.253060478127526E-4,0.008772039305469721,0.0032466087627184273,4.5728435067558795E-5,5.010732498598692E-4,1.4312074699901435E-4,1.073433208314021E-4,0.0026586435935630056,2.987552083545498E-4,1.3722230673626792E-4,1.5932058382210943E-4,9.356811888339347E-4,2.0988919173420522E-4,4.358771449646014E-4,0.004059461463337681,9.384866878855367E-5,8.162953595810337E-5,0.002241463828293737,4.364291542181532E-5,4.990447855665211E-5,0.0011538904275747643,4.2051946501757247E-4,1.0,2.1210005777032726E-4,0.018222583340012578,2.7164050119399133E-4,4.5685690295527655E-5,0.0034069291760229735,0.005976301975005582,2.6036545297184732E-5,7.201987702051898E-5,1.0964177236590505E-4,3.8654485904261943E-4,6.151901764541835E-4,1.0478081941809429E-4,4.923802071154255E-5,5.195371872443785E-5,9.322229648779896E-5],[0.0011559539737419223,0.0010283455246219426,0.0013873780317004408,0.002696960322552554,7.454258889100989E-4,0.013635965206248294,0.0043568934613633144,2.5896979059986347E-4,0.0047373182190032625,4.933236080591402E-4,3.4750655157014413E-4,0.016666338026794677,0.0012065120698952177,5.517811855517176E-4,8.957167819458232E-4,0.0017868678850906095,7.783143439514368E-4,0.0010934071861239275,0.0042228724949629195,4.1686527989868484E-4,0.001058895245601082,0.00779814031953556,6.123240068769197E-4,6.317499301417969E-4,0.0012952807375587448,0.0011783925470059404,2.1210005777032726E-4,1.0,0.004165679121082114,0.0011626094807787226,0.001158553067601087,0.003542110408175047,0.0025406540175478077,0.001016559922354117,6.107013426373953E-4,4.955513885095926E-4,8.245780196786858E-4,0.0010631391306023638,0.0010392209521038023,5.916081539648609E-4,1.1627626942097655E-4,7.566463626618597E-4],[0.04308168651251036,0.01706189695815681,0.0636647409002723,0.045246774293239436,0.020441235452490797,0.06687806464434698,0.0218518058848576,0.05524429059503599,0.07051538335170696,0.015013988453094223,0.04908850800185169,0.07142857142857142,0.034185528633995814,0.0625879647819609,0.06261449056590201,0.064540727217282,0.012250539045304234,0.025357452427643774,0.06829111648345541,0.02519248648855389,0.05343673188549742,0.03609656528304181,0.03794138773576153,0.01782141129832984,0.026353859391528386,0.054086387925064976,0.018222583340012578,0.004165679121082114,1.0,0.015606920045768535,0.05057842877168152,0.05758264160558725,0.030169450189776677,0.06901511525015967,0.009713740302465735,0.0192031195786533,0.033293024588607924,8.77220799932841E-4,0.0419161577074142,0.002822917935682868,0.040653352492624334,0.018564667787696137],[5.838025268379023E-4,2.4313633354675773E-4,0.0011068447275125253,0.011556831806973965,3.977870175500318E-4,0.005653583058677078,0.008321393136035802,1.8200700724009856E-4,0.0019521694442276652,2.8925991724374563E-4,2.1242336857398155E-4,0.03106064020986444,3.842135177933324E-4,1.4461028198513296E-4,4.2955485011629633E-4,0.0014002548324873933,3.9753379037270727E-4,3.8966116148978294E-4,0.002516279721198706,1.1303798027918868E-4,3.8282099660121927E-4,0.0011615711948566834,3.1699058346194197E-4,1.926706609551976E-4,7.237510352593017E-4,6.762330135394338E-4,2.7164050119399133E-4,0.0011626094807787226,0.015606920045768535,1.0,1.2610822029578998E-4,0.03176101778382261,0.005401945383385069,1.9617506742701643E-4,3.170329318300634E-4,3.248281276133593E-4,3.833061781993522E-4,7.701118145997856E-4,2.3987619398801348E-4,1.2820638950312578E-4,2.6325173376418645E-4,2.1037575388809453E-4],[1.8771930349284117E-4,4.45110257127056E-5,0.0011342282715340196,0.015803893733269674,2.338391115051155E-4,0.009819567554467832,0.017108423052523705,2.2701293344657476E-5,0.0045199688965084335,1.7094135502315573E-4,5.834294340466856E-5,0.01110084392365736,2.3769076135241935E-4,1.2375129994218065E-4,1.9416635531425207E-4,0.0012027943731245806,4.566450971781251E-4,8.914205230907416E-4,0.004007677864116513,8.967957488214266E-5,3.7647049729657106E-5,0.014786803037459731,2.5663149094140992E-5,2.8844857951121307E-5,2.731678949083307E-4,6.624678067557028E-4,4.5685690295527655E-5,0.001158553067601087,0.05057842877168152,1.2610822029578998E-4,1.0,0.03030747291314256,0.005392499942972289,2.2934346937723377E-5,4.510026555942479E-5,5.343069988533854E-5,1.2967383017510026E-4,4.110495662397085E-4,9.313586620250052E-5,2.0345403657863648E-5,4.2368922742460266E-5,3.327631109905605E-5],[0.01965916287527011,0.029903998628824185,0.027598179567103268,0.026287098662583053,0.007617747206573104,0.03834242933221185,0.041529283290167786,0.030301054614248063,0.02293563678269326,0.018708498505159838,0.03311540806509826,0.05195583449160719,0.013393144634714296,0.014027535119075302,0.03942442168571532,0.03061528315081044,0.012135915458765004,0.013915292448398339,0.023054165668610346,0.018352702951024653,0.028743050951971074,0.019824325495704953,0.025738969862752283,0.004052179334613712,0.021282718558818598,0.013300656391027805,0.0034069291760229735,0.003542110408175047,0.05758264160558725,0.03176101778382261,0.03030747291314256,1.0,0.012098013013869787,0.04011246705347085,0.030589517417267318,0.01658129679013884,0.03666865345571197,0.009875458746790142,0.0022604065464091683,0.0362993417378069,0.03101022373542808,0.033884615658283296],[0.0027412847955133575,0.007796012542840599,0.007063758406955124,0.008664553613129986,0.003774886299765837,0.017097825913915586,0.014431038695575632,0.003661167123768505,0.006524272419443468,0.002702712093893117,6.040470974195764E-4,0.05396381754087913,0.0018156972758304262,0.0033037512279422447,0.006229747774124584,0.0022456596363268698,0.0015855195804937304,0.008443700557624636,0.005589703604610479,0.0018994960996132659,0.008018526383931869,0.012643212420925708,4.557156926832093E-4,0.0022543401342362906,0.008270449984066962,0.0054397374094321115,0.005976301975005582,0.0025406540175478077,0.030169450189776677,0.005401945383385069,0.005392499942972289,0.012098013013869787,1.0,0.006322198866548751,0.002572499558570966,0.007625496774749986,0.005558928575340234,0.008368615010536882,0.008204076251983952,0.007905362620749751,0.0015870426076313444,0.0028444308137204367],[6.28311503007123E-4,2.2281991979362282E-5,0.0010043725400856924,0.01936243002452542,7.516217877437624E-5,0.0017377949256236927,0.012924108589890388,1.2307167627769037E-5,8.7035341110122E-4,1.734950188338473E-4,1.1572149559168248E-4,0.014568183187006567,3.6639786487248073E-4,1.2318662129634899E-4,7.60647922680438E-4,0.0010718373331563503,4.2271899014324955E-4,5.133530694614353E-4,0.0024615270433237637,1.0000326910305731E-4,2.2663905953711548E-5,3.7301931544348496E-4,1.1386842102414627E-5,1.3074156500654808E-5,8.011306139755191E-4,2.6353046754389536E-4,2.6036545297184732E-5,0.001016559922354117,0.06901511525015967,1.9617506742701643E-4,2.2934346937723377E-5,0.04011246705347085,0.006322198866548751,1.0,4.654603563997069E-5,1.6739665929128841E-4,1.1935778426171724E-4,1.4475273547832494E-4,1.1426798032386677E-5,1.284626234299737E-5,3.721888118742559E-5,8.134038874737423E-5],[6.882801622353739E-4,6.438769100922504E-5,0.001083541354978675,0.010988393709178423,3.508228933173103E-4,0.01232980488391926,0.012327473889511626,3.8101363268184644E-5,0.0017584090514729841,2.148152972400489E-4,6.857790269201808E-5,0.0533060925861187,2.8455358921849436E-4,6.265621801194287E-5,2.0398232614038858E-4,4.3981038280038027E-4,1.384839071079433E-4,5.153884261938649E-4,8.148826353682392E-4,8.735825426278648E-5,5.543857630524216E-5,0.012389591900452333,2.1392952838379224E-5,3.2221409051867474E-5,5.970008397959014E-4,6.321239164050067E-4,7.201987702051898E-5,6.107013426373953E-4,0.009713740302465735,3.170329318300634E-4,4.510026555942479E-5,0.030589517417267318,0.002572499558570966,4.654603563997069E-5,1.0,1.0952283173187069E-4,2.3641312932560701E-4,1.393868993479062E-4,1.0660476286891121E-4,2.6016264636935117E-5,5.108218904703722E-5,5.636148035501151E-5],[4.974474225337126E-4,1.2149825735964637E-4,5.755721835606655E-4,0.0158953106302345,3.7482019356828206E-4,0.00345829513424817,0.006570552022384937,1.7206360501644452E-4,0.005440352601651259,2.0183861530743638E-4,1.6734557241377621E-4,0.05367343167780271,3.8829249074857024E-4,1.4492292859115587E-4,4.2950019574313793E-4,0.0012881884606691602,3.7409519630354445E-4,6.241259881480202E-4,0.0012451063815866745,1.617588686039357E-4,9.027195171081622E-5,0.005782515417556136,1.73867642733484E-4,1.568233026607382E-4,0.001166047629104943,3.842516139912621E-4,1.0964177236590505E-4,4.955513885095926E-4,0.0192031195786533,3.248281276133593E-4,5.343069988533854E-5,0.01658129679013884,0.007625496774749986,1.6739665929128841E-4,1.0952283173187069E-4,1.0,3.8678212838641924E-4,5.984824187389703E-4,1.424423410518538E-4,1.658361828449661E-4,1.3995150040943218E-4,1.210367167114496E-4],[6.112073628180965E-4,1.5456028106347762E-4,0.0010426832834614637,0.016735248842947522,4.024178095700728E-4,5.46626555494845E-4,0.006829911108118724,7.639428364869272E-5,0.0050152653379815,3.7697136039251177E-4,2.943653655652032E-4,0.01921274555366094,5.311375831713874E-4,2.3742532021601192E-4,4.758663140572434E-4,0.0018381006245742082,4.130315605081866E-4,8.257865474529773E-4,0.004270737760303174,2.9036558221811877E-4,1.9330165867128545E-4,0.004082627227003917,1.6000470839573212E-4,2.996461620683189E-4,0.0010701875340203655,9.17367083683767E-4,3.8654485904261943E-4,8.245780196786858E-4,0.033293024588607924,3.833061781993522E-4,1.2967383017510026E-4,0.03666865345571197,0.005558928575340234,1.1935778426171724E-4,2.3641312932560701E-4,3.8678212838641924E-4,1.0,5.090051145689464E-4,1.7414359501828015E-4,1.0125886706411117E-4,9.053761183262537E-5,2.3135845429766565E-4],[8.384494675571186E-4,3.148968754946123E-4,9.029904966580323E-4,0.01960264947405836,4.57510901323944E-4,0.006489096297024464,0.008240217009745112,6.071751164438433E-4,0.001957479444111559,5.238741881620247E-4,1.7928397936627295E-4,0.006614517480352699,6.967947872574933E-4,4.0004962211925344E-4,7.939344748928569E-4,9.421219823794659E-4,6.163313521715503E-4,9.12276178208631E-4,8.490133911322952E-4,3.552893829327844E-4,6.510499539368004E-4,0.008384868121335138,2.9996039909978446E-4,5.79810722468184E-4,0.0011070192130740123,9.191537957251788E-4,6.151901764541835E-4,0.0010631391306023638,8.77220799932841E-4,7.701118145997856E-4,4.110495662397085E-4,0.009875458746790142,0.008368615010536882,1.4475273547832494E-4,1.393868993479062E-4,5.984824187389703E-4,5.090051145689464E-4,1.0,1.8963360867167673E-4,1.714315230477801E-4,7.886707974620888E-4,4.87476889327458E-4],[5.752973644239825E-4,1.0759225695832703E-4,6.298534995701278E-4,0.005381481358507295,1.7724254988550059E-4,0.00670233854202082,0.01810248248957252,4.5621714342823225E-5,1.1556324927192423E-4,2.133834625464999E-4,1.1747626100440731E-4,0.010928273872197473,1.2644732128215498E-4,1.3644031683874858E-4,6.135942561597206E-4,2.514498413271585E-4,3.541116413535487E-4,3.9878281821872675E-4,0.0033712484429043003,1.0654552666512475E-4,9.812792248328338E-5,0.0018219766434230725,7.656964103625887E-5,1.0728858447938786E-4,9.19992490316166E-4,8.184653250425547E-4,1.0478081941809429E-4,0.0010392209521038023,0.0419161577074142,2.3987619398801348E-4,9.313586620250052E-5,0.0022604065464091683,0.008204076251983952,1.1426798032386677E-5,1.0660476286891121E-4,1.424423410518538E-4,1.7414359501828015E-4,1.8963360867167673E-4,1.0,1.8136814166460294E-5,9.906743855674863E-5,1.0958576502980653E-4],[5.920629562326371E-4,5.845890629061817E-5,7.120216150890624E-4,0.0184101171419883,9.83562682785683E-5,0.006237990571205361,0.015314893540367797,1.2606886567230902E-5,0.0015076512090175793,5.167315781073803E-5,1.2222384296108833E-4,0.03388853384344713,4.557504091949249E-4,4.0121867271957576E-5,1.4701165383002236E-4,6.283203542161192E-4,2.007060769421756E-4,4.8589251350228525E-5,0.004272694308589025,1.030779596294038E-4,2.2280406509044373E-5,0.012618905809148847,1.3976859815157674E-5,1.7876098852285793E-5,9.088569888386808E-4,2.883910309533226E-4,4.923802071154255E-5,5.916081539648609E-4,0.002822917935682868,1.2820638950312578E-4,2.0345403657863648E-5,0.0362993417378069,0.007905362620749751,1.284626234299737E-5,2.6016264636935117E-5,1.658361828449661E-4,1.0125886706411117E-4,1.714315230477801E-4,1.8136814166460294E-5,1.0,3.85674710425374E-5,9.565442981398264E-5],[2.967535239223013E-4,8.172904061126117E-5,0.0012271335298841535,0.01498840604952894,2.9751089101271973E-4,4.116884729871996E-4,0.0063790336576826775,1.360314691179811E-5,0.0024066485702485007,2.0370112566633604E-4,7.795984786342365E-5,0.03928230786998192,1.6552813605800744E-4,1.189182054317902E-4,3.38875971516393E-4,2.2338924923832927E-4,3.163207010934225E-4,8.040905213591191E-4,9.560493242190885E-4,5.475618811853575E-5,5.119445209281907E-5,0.008423164702940442,3.963809972310566E-5,2.331412805683638E-5,0.0010022008409518346,3.0569474211506647E-4,5.195371872443785E-5,1.1627626942097655E-4,0.040653352492624334,2.6325173376418645E-4,4.2368922742460266E-5,0.03101022373542808,0.0015870426076313444,3.721888118742559E-5,5.108218904703722E-5,1.3995150040943218E-4,9.053761183262537E-5,7.886707974620888E-4,9.906743855674863E-5,3.85674710425374E-5,1.0,9.287824690325084E-5],[5.486127731988555E-4,1.0345659684778447E-4,0.001337149630826312,0.006709788754150135,3.9714999865296237E-4,8.028396041752017E-4,0.0013809159803755964,8.029371666613575E-5,0.004144221484152734,1.4999926393256168E-4,1.1060733032902068E-4,0.001671250900399792,3.417112727371297E-4,1.1557941724942532E-4,3.4702313448403254E-4,0.0011772502365176663,2.271232369402842E-4,8.50486375537221E-4,0.0016332666830119772,1.0714230781551164E-4,9.031445670457382E-5,0.00630169286818024,9.146723945548387E-5,9.419433395028813E-5,0.0011349390633120368,2.995642100223348E-4,9.322229648779896E-5,7.566463626618597E-4,0.018564667787696137,2.1037575388809453E-4,3.327631109905605E-5,0.033884615658283296,0.0028444308137204367,8.134038874737423E-5,5.636148035501151E-5,1.210367167114496E-4,2.3135845429766565E-4,4.87476889327458E-4,1.0958576502980653E-4,9.565442981398264E-5,9.287824690325084E-5,1.0]]