[[1.0,1.415001494090131E-4,7.582947105674616E-4,6.118634237333915E-4,0.015827114465301023,5.373564596888925E-4,0.0015919777344271461,0.0014814945371985672,0.0011112765365730755,6.295812045736492E-4,0.0018402074773340733,4.58366025103705E-4,0.0010483753442320195,0.0014281542994243161,0.013577376962543812,0.0010958052745151541,0.0010393567945885787,0.0026193162139687533,7.210754508268773E-4,4.473050739584538E-5,0.0010486052072893445,6.438798051464856E-4,9.096275917765495E-5,7.766550213658854E-4,0.0011994148867100467,0.0015794947923617462,7.912526273839046E-4,4.927518649246697E-4,6.190336192964882E-4,0.00115059256957521,4.0304551346499544E-4,0.016353845948305742,2.713850050266202E-4,8.475005178851046E-4,0.0053531655458930495,0.001108351193517086,0.01292463878348434,0.044034971965592,0.0011375591069994152,9.668847233152535E-4,7.40496236422486E-4,9.515411935946841E-4],[1.415001494090131E-4,1.0,6.747735442266188E-5,3.496348094833126E-5,0.001011656943743147,1.259474405610258E-4,0.0015792198355668759,0.001502896492854729,2.2254381634187692E-4,1.8616055365876888E-5,0.0022622416976613015,1.2694875005367948E-4,3.61206763101537E-4,4.0033032175269107E-4,0.004221516667099939,9.154224599406476E-4,1.4382344046655535E-4,0.010552659267980862,1.6316021820433237E-4,1.1736873149344457E-4,6.874782086908628E-4,1.0551743783657623E-4,1.2010087915205863E-4,1.7814725317924702E-4,4.2084724794413855E-4,0.0019742741524417626,8.35218716224648E-5,1.7331445002511333E-4,3.796392033217445E-5,0.0012136048059097515,1.6508551208292162E-4,0.016950210677104116,1.1559861715180661E-4,1.174338500973003E-4,0.004595284432049886,0.001020031239185179,0.0011293796179449088,0.029464324804134714,1.8834234991919175E-4,1.7610889804744835E-4,9.917052257839752E-5,1.1321109507090202E-4],[7.582947105674616E-4,6.747735442266188E-5,1.0,1.7080908287729225E-5,0.011935084463993204,7.472334953130725E-5,0.0017818688893201755,0.0012149484180676226,0.0016373877651514426,1.2490673621044603E-5,0.0021249122769081727,1.315870517914774E-5,6.247672498491941E-4,0.0010458798514115368,0.011871116222004935,3.702187952648215E-4,1.276721164837326E-4,0.0015167910010681104,1.4926613799862775E-4,1.2616268574088917E-5,1.8461480908913224E-4,1.618274803453987E-5,1.7428188973426764E-5,5.825783680413739E-5,1.71511199373017E-4,9.541967985411575E-4,1.065913176629212E-5,1.504217942225974E-4,1.8589927939967366E-5,0.0015341536004386876,1.1308515358770567E-4,0.0032536621605313196,1.1955185975164598E-5,2.0958135798690474E-5,0.002264034954316714,0.0013202636420455724,0.009667883314000314,0.03512722400933335,5.581837992861444E-4,2.1765938136937628E-4,4.7042595430376345E-5,7.637385366631519E-5],[6.118634237333915E-4,3.496348094833126E-5,1.7080908287729225E-5,1.0,0.01520277727762481,6.818035668342744E-5,0.0017697634617710918,7.620346276290152E-4,0.0015197086323216892,1.6382947302740188E-5,0.0015717308870306149,1.4270429566736835E-5,7.432182633722128E-4,0.0011132823745455685,0.017124013638569996,7.910517764302897E-4,2.4386444834925615E-4,0.005652150164988825,3.955044329116731E-5,1.7237818711256082E-5,6.075182133432471E-4,1.8865931318453946E-5,1.8486819741027258E-5,7.815698110995995E-5,0.0015837897359057235,5.721724391687077E-4,1.80753370658221E-5,2.6859866226166278E-5,1.9058818453065876E-5,0.0013162572290573338,1.5630047226012096E-4,0.02176231393144659,1.875610485570702E-5,2.3923282190853958E-5,0.0027423916700918243,0.0010570709735360719,0.0024130957396576946,0.01623028807479806,6.301582569166766E-5,2.7446910695280426E-4,4.076491325826131E-5,8.087113298460043E-5],[0.015827114465301023,0.001011656943743147,0.011935084463993204,0.01520277727762481,1.0,0.011289701309271528,0.007059654697658049,0.004533069279228179,0.007420353773866685,0.015062435070373961,0.01632155801821814,0.011270276078653345,0.005572284761106905,0.014437261307801407,0.020553271544417363,0.01724736112368387,0.0037692418086586387,0.013799623853117171,0.00868271950924909,0.006295309466775852,0.010770656022459926,0.01894282697944886,0.00938013858793878,0.0062602094574874985,0.018640154120339952,0.008291056999059136,0.01898837947093597,0.004638433335697626,0.01050739779651356,0.006865182402998083,0.0169621983468906,0.02073790710061925,0.015203387179533324,0.0076895463709153854,0.01943623009666535,0.012398594109492537,0.014476515592187343,0.03620892390295227,0.016342917196284897,9.819224215029357E-4,0.005329572481627261,0.001657753931458582],[5.373564596888925E-4,1.259474405610258E-4,7.472334953130725E-5,6.818035668342744E-5,0.011289701309271528,1.0,0.0013784591484327087,9.908677375567608E-4,0.0016210186958027964,4.9953094585210664E-5,0.0019250597787352063,1.1220821849286465E-4,9.616141100882651E-4,0.0017043055574730082,0.01611670848726515,2.070030383151208E-4,1.419720104972213E-4,0.009924401689681334,1.3856912301302761E-4,6.11120298215522E-5,2.733733591795142E-4,8.55685940762571E-5,6.66562448077197E-5,1.8370758455429093E-4,0.0016108023377949968,8.368957601530057E-4,4.385098926208051E-5,1.7620286023938792E-4,8.871777954727168E-5,5.401245371918014E-4,1.2738645427033655E-4,3.447235174233043E-4,7.514430746516154E-5,1.1571799204867811E-4,0.002654285416224193,7.129576663235616E-4,0.012210907772718316,0.031440591109291594,6.48313252880946E-4,3.283500858138641E-4,7.666871019512717E-5,1.2142891006168163E-4],[0.0015919777344271461,0.0015792198355668759,0.0017818688893201755,0.0017697634617710918,0.007059654697658049,0.0013784591484327087,1.0,0.0017668240940440303,0.0017824243962620743,0.0016896810987423903,0.0022120178380059478,0.0011789183202395915,0.0010835737589704603,0.001812759196403459,0.006255935975425189,0.0018198817894433644,6.289730577362786E-4,0.0038223611749197885,0.0015585677467188329,0.0012565570690640923,8.770993961975455E-4,8.819071817132187E-5,8.150279922594136E-4,0.0013612149003272742,0.0017144438451432138,0.002090597066759335,5.075513640352756E-4,0.0017767665651331305,0.0014869256372120837,0.0016412657061494523,0.0011154032894328818,0.01595502388462177,0.0012692734359231192,0.0011163963654594769,0.0023619965879139557,0.0015652410636996482,0.0033615434780875893,0.011671883316927523,0.001475063283476676,5.186593059099273E-4,0.0012180831094480496,0.0011481408441564572],[0.0014814945371985672,0.001502896492854729,0.0012149484180676226,7.620346276290152E-4,0.004533069279228179,9.908677375567608E-4,0.0017668240940440303,1.0,0.0015704475775464332,7.299915691912182E-4,0.0022029379584203182,0.0010415021076319263,0.0013860913222915505,0.001545446448386308,0.004729993475823658,0.001183734475614802,0.0012008680526553706,0.006712183725341546,7.544775441806069E-4,0.0013352033044869357,0.00104514381794405,0.0010355278655616172,0.001432049183538895,0.0013879646952522464,0.001626127993511385,0.001797661987604774,2.895411986389708E-4,7.730126654371783E-4,8.228140793427932E-4,0.0015293469846111582,5.538160408394766E-4,0.019560862164063685,4.97393438060418E-5,7.101021271931169E-4,0.005514363717564587,0.0014307636461576975,0.00545849601347322,0.03203775840394693,0.0014544861904327874,5.883028992875066E-4,0.0010358008610474036,0.0014445461622083046],[0.0011112765365730755,2.2254381634187692E-4,0.0016373877651514426,0.0015197086323216892,0.007420353773866685,0.0016210186958027964,0.0017824243962620743,0.0015704475775464332,1.0,8.750375995831731E-4,0.00203333919112249,7.559602592262991E-4,0.0013967262397802877,0.0017218976230382122,0.010543114149049333,0.0016216435488838952,6.920550219431073E-4,0.005296180247082995,9.839605411558756E-4,0.001535569436576241,8.714484491454124E-4,7.041150327180133E-4,2.1561060632275592E-4,0.0013696944934402193,0.0016624605281592745,0.0019158733415484725,9.012765107206124E-5,0.0012845751492146285,6.288241808250374E-4,0.0016639790373330057,7.960853138356394E-4,0.012593410144609124,9.228293257875884E-5,0.0012049482281115882,0.004890221553087791,0.001637320964313715,0.0036907999263818946,0.0439930979525719,0.0014461783181518035,0.0014637992846341166,9.941633955576903E-4,0.001453490247353204],[6.295812045736492E-4,1.8616055365876888E-5,1.2490673621044603E-5,1.6382947302740188E-5,0.015062435070373961,4.9953094585210664E-5,0.0016896810987423903,7.299915691912182E-4,8.750375995831731E-4,1.0,7.146958133773594E-4,1.1200959350969133E-5,1.4173568884596986E-4,0.001659465560517212,0.005992329756126425,5.417612366413219E-4,9.896609043196994E-5,0.003962874710873914,9.192520333886805E-5,1.1342548147386931E-5,2.7448034263435797E-4,1.530156727468746E-5,1.7600714623535238E-5,1.6282829426491336E-4,8.985163954736474E-5,2.3742862414656582E-4,1.1053775644611835E-5,2.2959147247482504E-4,2.8830158896252323E-5,2.347415919415228E-4,1.686550894103698E-4,0.010926206894241551,1.1099961690764107E-5,1.135974440337701E-5,0.002950024165609953,0.0012932629058466326,0.0050904671779437175,0.03140546684534999,1.991008986284551E-4,1.2412447415412225E-4,4.1840026167022E-5,5.334393953820468E-5],[0.0018402074773340733,0.0022622416976613015,0.0021249122769081727,0.0015717308870306149,0.01632155801821814,0.0019250597787352063,0.0022120178380059478,0.0022029379584203182,0.00203333919112249,7.146958133773594E-4,1.0,7.375609014822537E-4,0.0016283821487737288,0.0017677691004566926,0.006866962601931056,0.0020808990332854297,4.1392877749264203E-4,0.01078030203435746,4.7058204026169165E-4,0.001020248129090384,0.001066683849695458,3.1054449777009684E-4,4.8376187837008617E-4,2.9435348737699707E-4,0.0019179421179118389,0.002184787077636953,4.6910770008663837E-4,8.732396880859898E-4,0.001594232816730073,0.0020414395955472664,6.259665331143802E-4,0.004048556475554778,0.0019375838362485397,7.744955715044289E-4,0.004322911644130255,0.001658951989085662,0.009329659148351734,0.025739892689767535,0.001471454149418199,0.0016620678329699662,0.002128225247699822,0.0014456967623563666],[4.58366025103705E-4,1.2694875005367948E-4,1.315870517914774E-5,1.4270429566736835E-5,0.011270276078653345,1.1220821849286465E-4,0.0011789183202395915,0.0010415021076319263,7.559602592262991E-4,1.1200959350969133E-5,7.375609014822537E-4,1.0,2.2471302915282043E-4,9.421744833243817E-4,0.021085443121890514,1.260397274879936E-4,1.0416645053473358E-4,0.010800791644354843,4.5113351136759466E-5,1.1927406009009314E-5,2.8085134931580164E-4,1.5740600408603818E-5,1.1673524789067537E-5,6.772879490658156E-5,4.0098337539951995E-4,7.941806479710384E-4,1.1424405338949982E-5,9.020218898406744E-5,1.2489348751899718E-5,1.9563875274715236E-4,1.1079017822214548E-4,0.010202797553995278,1.1592999853746269E-5,2.0982629779435087E-5,0.0019604579600533997,0.001165039467767166,0.011409284095476183,0.05079927442217301,5.788057118502359E-4,1.4873485921027425E-4,4.139058849975332E-5,5.096061941735125E-5],[0.0010483753442320195,3.61206763101537E-4,6.247672498491941E-4,7.432182633722128E-4,0.005572284761106905,9.616141100882651E-4,0.0010835737589704603,0.0013860913222915505,0.0013967262397802877,1.4173568884596986E-4,0.0016283821487737288,2.2471302915282043E-4,1.0,0.001170428740354854,0.01559697376111728,0.0010815714011147132,6.571410254374929E-4,0.009250147670610961,3.3429672887958645E-4,8.343312179256561E-4,9.666271248264866E-4,2.515479593817112E-4,4.1790496674245413E-4,3.4332005249986436E-4,0.0012503375335935017,0.0017017329512473917,8.853736189635162E-4,2.9479213951352686E-4,7.35554908863976E-5,0.0011648295128617652,5.281984361621333E-4,0.004230169056789768,1.7825118165127517E-4,6.300321134965508E-4,0.0017378462536605916,0.001408157857625568,0.010334339483871096,0.050645662064897984,0.0010874001820351318,9.193070729086232E-4,5.776783317475788E-4,2.1758221303243278E-4],[0.0014281542994243161,4.0033032175269107E-4,0.0010458798514115368,0.0011132823745455685,0.014437261307801407,0.0017043055574730082,0.001812759196403459,0.001545446448386308,0.0017218976230382122,0.001659465560517212,0.0017677691004566926,9.421744833243817E-4,0.001170428740354854,1.0,0.017282853323816565,0.0013909503000147834,0.0014006492289023761,0.0026157299297237483,4.993016164088443E-4,3.1004027687051895E-4,0.0010674338005911455,8.626749901292292E-4,3.0253230797379474E-4,7.987141562835617E-4,0.0017005340187485792,0.0020458807095892354,1.0736557673409776E-4,9.847664692341214E-4,0.001526144016630759,0.0016600205177057735,0.0011703536497906881,0.01593492710922238,0.0016008798549378197,0.0011881051235514213,0.004526573329809299,0.0014893633771603239,0.0038628728603639995,0.035072488094191306,0.001557626039596286,9.784452479530417E-4,0.0010992651446458674,8.198899206270161E-4],[0.013577376962543812,0.004221516667099939,0.011871116222004935,0.017124013638569996,0.020553271544417363,0.01611670848726515,0.006255935975425189,0.004729993475823658,0.010543114149049333,0.005992329756126425,0.006866962601931056,0.021085443121890514,0.01559697376111728,0.017282853323816565,1.0,0.020728709204343738,0.00953156528774244,0.017637114784593715,0.013133920488110051,0.011554132787560862,0.009439962329639666,0.009837919818365617,0.020780941714786384,0.017455948217931654,0.010979805253697343,0.019460911496833412,0.011785916925745083,0.0011970301027855225,0.020277378353665314,0.006682626001464153,0.014389750743323592,0.022124697621144086,0.008535457123966951,0.002469654539373861,0.016298283922595927,0.014987879032157956,0.018776512662138305,0.028575564148569065,0.00654729125185045,0.021222739140635296,0.016520737085975727,0.007004285626688011],[0.0010958052745151541,9.154224599406476E-4,3.702187952648215E-4,7.910517764302897E-4,0.01724736112368387,2.070030383151208E-4,0.0018198817894433644,0.001183734475614802,0.0016216435488838952,5.417612366413219E-4,0.0020808990332854297,1.260397274879936E-4,0.0010815714011147132,0.0013909503000147834,0.020728709204343738,1.0,6.129861253534431E-4,0.007162585704841075,6.768998504346043E-4,3.469251315889366E-4,8.1501998089916E-4,5.716649547863964E-4,0.0010517941385123685,5.443803016836485E-4,0.0012441658480795523,0.0013933451098071892,3.4931883182117465E-4,3.470719642720611E-4,4.710248021494944E-4,0.0014499639911218522,0.0011681194206830206,0.01687916407346933,1.4992192088076942E-4,2.017905728082924E-4,0.0031022403306313435,0.001311216599244819,0.005981499552340484,0.022142074692978023,0.001293567867586104,6.289674550421613E-4,3.551524530975333E-4,3.431532977888298E-4],[0.0010393567945885787,1.4382344046655535E-4,1.276721164837326E-4,2.4386444834925615E-4,0.0037692418086586387,1.419720104972213E-4,6.289730577362786E-4,0.0012008680526553706,6.920550219431073E-4,9.896609043196994E-5,4.1392877749264203E-4,1.0416645053473358E-4,6.571410254374929E-4,0.0014006492289023761,0.00953156528774244,6.129861253534431E-4,1.0,0.0027515855839072437,2.1423673422480555E-4,2.522708017783058E-4,2.955236311766376E-4,1.5171525195901053E-4,2.213138600075878E-4,2.6940589903607455E-4,0.0010040699391624605,0.0014443503493170775,2.444604296083048E-4,2.4844168265141913E-4,8.327598522123953E-5,9.886181866535E-4,2.5264204918307945E-4,0.009738202389361204,2.4461219153851433E-4,5.3383816272439046E-5,0.0029459069656671754,0.001411422904359925,0.005243154275759738,0.018274861648518614,9.614266537431207E-4,3.038996492316286E-4,2.4038981594078242E-4,1.6443329703481674E-4],[0.0026193162139687533,0.010552659267980862,0.0015167910010681104,0.005652150164988825,0.013799623853117171,0.009924401689681334,0.0038223611749197885,0.006712183725341546,0.005296180247082995,0.003962874710873914,0.01078030203435746,0.010800791644354843,0.009250147670610961,0.0026157299297237483,0.017637114784593715,0.007162585704841075,0.0027515855839072437,1.0,0.011479361289939998,0.005339012727621274,0.012416037954495772,0.012010271913395588,0.009119929174518024,0.004903571895058677,0.011430033956210736,0.008692141933291927,7.424936451581215E-5,0.008748709500963582,0.005713205034063299,0.007478788033639927,0.010309830343283328,0.020909085947471012,0.0024782915020610573,0.0065626392578284,0.007409724060322277,0.008166114352975325,0.013105857911091956,0.04046520793360998,0.003385536469188574,0.00642498864346456,0.0033351732303347737,0.00996487471256292],[7.210754508268773E-4,1.6316021820433237E-4,1.4926613799862775E-4,3.955044329116731E-5,0.00868271950924909,1.3856912301302761E-4,0.0015585677467188329,7.544775441806069E-4,9.839605411558756E-4,9.192520333886805E-5,4.7058204026169165E-4,4.5113351136759466E-5,3.3429672887958645E-4,4.993016164088443E-4,0.013133920488110051,6.768998504346043E-4,2.1423673422480555E-4,0.011479361289939998,1.0,1.3092264623720977E-4,5.567873200196372E-4,4.376054672656002E-5,1.4081990044785545E-4,2.0529802322730915E-4,0.0015012643080501479,4.6337485533081877E-4,1.8804086370552715E-4,2.1335493201624501E-4,1.2605218914982382E-4,8.597856056070493E-4,1.9474711981296757E-4,0.01756472487098376,9.011124613858012E-5,2.6336815835252602E-5,0.0049610036695775265,2.769430112483856E-4,4.1849986509269623E-4,0.008013585798434954,4.754091299788057E-4,3.1568797173919436E-4,1.475659208799952E-4,1.7387886203539126E-4],[4.473050739584538E-5,1.1736873149344457E-4,1.2616268574088917E-5,1.7237818711256082E-5,0.006295309466775852,6.11120298215522E-5,0.0012565570690640923,0.0013352033044869357,0.001535569436576241,1.1342548147386931E-5,0.001020248129090384,1.1927406009009314E-5,8.343312179256561E-4,3.1004027687051895E-4,0.011554132787560862,3.469251315889366E-4,2.522708017783058E-4,0.005339012727621274,1.3092264623720977E-4,1.0,6.269524423540083E-4,1.271766036481252E-5,1.479446713795607E-5,1.6912274647552447E-4,0.0010569382310484017,1.9121366496998972E-4,1.0681353734337203E-5,1.0935044036718314E-4,2.6042332172072846E-5,8.667666491618541E-4,1.1952347948082595E-4,0.020733767093248878,1.2054958122233723E-5,1.4084172206644682E-5,0.002135475171723606,1.7889282249661392E-4,0.008502815023258227,0.041964584757233254,9.154955638541803E-4,2.004744309511539E-4,6.055596435010125E-5,5.8153340081409726E-5],[0.0010486052072893445,6.874782086908628E-4,1.8461480908913224E-4,6.075182133432471E-4,0.010770656022459926,2.733733591795142E-4,8.770993961975455E-4,0.00104514381794405,8.714484491454124E-4,2.7448034263435797E-4,0.001066683849695458,2.8085134931580164E-4,9.666271248264866E-4,0.0010674338005911455,0.009439962329639666,8.1501998089916E-4,2.955236311766376E-4,0.012416037954495772,5.567873200196372E-4,6.269524423540083E-4,1.0,3.4366580178419307E-4,2.4711776175052685E-4,5.048812557928812E-4,0.0012964802555084334,0.0010310254529652006,2.1092096188229953E-4,7.042325475217998E-4,8.155290707326622E-5,9.564413948489519E-4,4.0389473001981176E-4,0.017102160087120684,6.815262798308054E-5,7.403320547553939E-4,8.293627653838519E-4,0.0013130858151096589,0.003893940376781285,0.051888975099520236,0.0011033817552615023,4.216065529735445E-4,5.55755335483891E-4,4.734231105405938E-4],[6.438798051464856E-4,1.0551743783657623E-4,1.618274803453987E-5,1.8865931318453946E-5,0.01894282697944886,8.55685940762571E-5,8.819071817132187E-5,0.0010355278655616172,7.041150327180133E-4,1.530156727468746E-5,3.1054449777009684E-4,1.5740600408603818E-5,2.515479593817112E-4,8.626749901292292E-4,0.009837919818365617,5.716649547863964E-4,1.5171525195901053E-4,0.012010271913395588,4.376054672656002E-5,1.271766036481252E-5,3.4366580178419307E-4,1.0,1.810154666647887E-5,1.951909310808711E-4,8.262594425265771E-4,0.0021633706859193265,1.716661576610002E-5,9.827886904316326E-5,2.1865922563100473E-5,0.0013003426426674292,1.3987578653427963E-4,0.02219744802282769,1.2522244125814897E-5,2.164877678742271E-5,0.003956368918591933,8.531474299719844E-4,0.0011502173299930722,0.0011385541227780373,6.120092586629005E-4,3.247177906081512E-4,6.401336634498485E-5,3.5789661230646876E-5],[9.096275917765495E-5,1.2010087915205863E-4,1.7428188973426764E-5,1.8486819741027258E-5,0.00938013858793878,6.66562448077197E-5,8.150279922594136E-4,0.001432049183538895,2.1561060632275592E-4,1.7600714623535238E-5,4.8376187837008617E-4,1.1673524789067537E-5,4.1790496674245413E-4,3.0253230797379474E-4,0.020780941714786384,0.0010517941385123685,2.213138600075878E-4,0.009119929174518024,1.4081990044785545E-4,1.479446713795607E-5,2.4711776175052685E-4,1.810154666647887E-5,1.0,4.254095353670364E-5,0.0013212670529661873,5.730546894344113E-4,1.5459557533371442E-5,1.410385560610297E-4,2.686922611551488E-5,6.526704983798139E-4,1.9604356672181552E-4,0.012385341561692926,1.7143077716422956E-5,2.026162555684145E-5,7.152041079924121E-4,4.849934988472845E-4,0.012155899927720551,0.02831957754319018,0.001398328338114895,2.220064525759351E-4,3.882899822824109E-5,4.4471416876661936E-5],[7.766550213658854E-4,1.7814725317924702E-4,5.825783680413739E-5,7.815698110995995E-5,0.0062602094574874985,1.8370758455429093E-4,0.0013612149003272742,0.0013879646952522464,0.0013696944934402193,1.6282829426491336E-4,2.9435348737699707E-4,6.772879490658156E-5,3.4332005249986436E-4,7.987141562835617E-4,0.017455948217931654,5.443803016836485E-4,2.6940589903607455E-4,0.004903571895058677,2.0529802322730915E-4,1.6912274647552447E-4,5.048812557928812E-4,1.951909310808711E-4,4.254095353670364E-5,1.0,0.001316128872353853,0.001185827279759317,1.340049501208017E-4,2.3449259773101225E-4,1.2109586883189764E-4,0.0011198098120630206,2.0673589464014538E-4,0.01348953191775238,3.0470209161599544E-5,4.798755261432834E-5,0.0037088048952221126,0.0013275974184178622,3.540585024319192E-4,0.017711375392418568,0.0010099696285277302,3.2845312108899537E-4,1.8563489790385582E-4,1.1660666374981392E-4],[0.0011994148867100467,4.2084724794413855E-4,1.71511199373017E-4,0.0015837897359057235,0.018640154120339952,0.0016108023377949968,0.0017144438451432138,0.001626127993511385,0.0016624605281592745,8.985163954736474E-5,0.0019179421179118389,4.0098337539951995E-4,0.0012503375335935017,0.0017005340187485792,0.010979805253697343,0.0012441658480795523,0.0010040699391624605,0.011430033956210736,0.0015012643080501479,0.0010569382310484017,0.0012964802555084334,8.262594425265771E-4,0.0013212670529661873,0.001316128872353853,1.0,0.0018195206081146349,9.684921678184857E-4,8.078105966788161E-4,2.1172954407670363E-4,0.0016363333749656204,0.0012062596819219814,0.0075601550204955825,0.0013553250147963448,6.910267458016441E-4,0.00220597929133815,0.001610260729797379,0.010589209156539726,0.03659198271094734,0.0014652099048196117,0.0015987958098526071,5.762709171020214E-4,8.712118212081293E-4],[0.0015794947923617462,0.0019742741524417626,9.541967985411575E-4,5.721724391687077E-4,0.008291056999059136,8.368957601530057E-4,0.002090597066759335,0.001797661987604774,0.0019158733415484725,2.3742862414656582E-4,0.002184787077636953,7.941806479710384E-4,0.0017017329512473917,0.0020458807095892354,0.019460911496833412,0.0013933451098071892,0.0014443503493170775,0.008692141933291927,4.6337485533081877E-4,1.9121366496998972E-4,0.0010310254529652006,0.0021633706859193265,5.730546894344113E-4,0.001185827279759317,0.0018195206081146349,1.0,0.0011664886000298184,5.040013398630742E-4,5.858965589359077E-4,0.0020170159633299198,4.7502851599182046E-4,0.017733944313212482,7.869785679319866E-4,7.638199581409688E-4,0.003908055226389998,0.002138083383154881,0.01229594487676788,0.010652578395188768,0.0018687523321338974,8.36011535877913E-4,8.858951812958778E-5,2.685847862105809E-4],[7.912526273839046E-4,8.35218716224648E-5,1.065913176629212E-5,1.80753370658221E-5,0.01898837947093597,4.385098926208051E-5,5.075513640352756E-4,2.895411986389708E-4,9.012765107206124E-5,1.1053775644611835E-5,4.6910770008663837E-4,1.1424405338949982E-5,8.853736189635162E-4,1.0736557673409776E-4,0.011785916925745083,3.4931883182117465E-4,2.444604296083048E-4,7.424936451581215E-5,1.8804086370552715E-4,1.0681353734337203E-5,2.1092096188229953E-4,1.716661576610002E-5,1.5459557533371442E-5,1.340049501208017E-4,9.684921678184857E-4,0.0011664886000298184,1.0,1.7969731844638107E-5,2.4099111572619254E-5,7.54498966492078E-4,1.1285763513980995E-4,0.011359296068035433,1.1145502702882143E-5,1.6382761548101784E-5,0.003932684530168394,0.0013245422247557435,0.012160434683117517,0.03823090189626099,7.542401610260197E-4,2.741557624634076E-4,6.596080733362462E-5,4.507677377107324E-5],[4.927518649246697E-4,1.7331445002511333E-4,1.504217942225974E-4,2.6859866226166278E-5,0.004638433335697626,1.7620286023938792E-4,0.0017767665651331305,7.730126654371783E-4,0.0012845751492146285,2.2959147247482504E-4,8.732396880859898E-4,9.020218898406744E-5,2.9479213951352686E-4,9.847664692341214E-4,0.0011970301027855225,3.470719642720611E-4,2.4844168265141913E-4,0.008748709500963582,2.1335493201624501E-4,1.0935044036718314E-4,7.042325475217998E-4,9.827886904316326E-5,1.410385560610297E-4,2.3449259773101225E-4,8.078105966788161E-4,5.040013398630742E-4,1.7969731844638107E-5,1.0,1.134767869558389E-4,0.0015706619712913409,2.1944386319977603E-4,0.004502303939509457,2.0590802670377334E-4,8.687342835047074E-5,0.004906252687637289,9.563933078279395E-4,0.0055940226648887315,0.04009806467652713,0.001217542651299106,2.4714679895279927E-4,9.433313346690812E-5,2.3290169064302198E-4],[6.190336192964882E-4,3.796392033217445E-5,1.8589927939967366E-5,1.9058818453065876E-5,0.01050739779651356,8.871777954727168E-5,0.0014869256372120837,8.228140793427932E-4,6.288241808250374E-4,2.8830158896252323E-5,0.001594232816730073,1.2489348751899718E-5,7.35554908863976E-5,0.001526144016630759,0.020277378353665314,4.710248021494944E-4,8.327598522123953E-5,0.005713205034063299,1.2605218914982382E-4,2.6042332172072846E-5,8.155290707326622E-5,2.1865922563100473E-5,2.686922611551488E-5,1.2109586883189764E-4,2.1172954407670363E-4,5.858965589359077E-4,2.4099111572619254E-5,1.134767869558389E-4,1.0,9.944105299333804E-4,9.836416445687326E-5,0.010984655023786047,1.260358707318734E-5,2.8540944904827774E-5,0.0028117185821378843,1.4044020087639343E-4,0.009515808698433884,0.03579709173121604,4.440353372997351E-5,1.3016005777537255E-4,4.137098138468401E-5,8.830924096830236E-5],[0.00115059256957521,0.0012136048059097515,0.0015341536004386876,0.0013162572290573338,0.006865182402998083,5.401245371918014E-4,0.0016412657061494523,0.0015293469846111582,0.0016639790373330057,2.347415919415228E-4,0.0020414395955472664,1.9563875274715236E-4,0.0011648295128617652,0.0016600205177057735,0.006682626001464153,0.0014499639911218522,9.886181866535E-4,0.007478788033639927,8.597856056070493E-4,8.667666491618541E-4,9.564413948489519E-4,0.0013003426426674292,6.526704983798139E-4,0.0011198098120630206,0.0016363333749656204,0.0020170159633299198,7.54498966492078E-4,0.0015706619712913409,9.944105299333804E-4,1.0,0.0010338226083704655,0.004961775176819236,2.570106792608871E-4,0.001415798068153856,0.002602703071634881,0.001491739587635943,0.008828984274227205,0.027938360359811447,0.0015057331550003502,0.0014392914193548279,3.4686396364943183E-4,6.074602029755578E-4],[4.0304551346499544E-4,1.6508551208292162E-4,1.1308515358770567E-4,1.5630047226012096E-4,0.0169621983468906,1.2738645427033655E-4,0.0011154032894328818,5.538160408394766E-4,7.960853138356394E-4,1.686550894103698E-4,6.259665331143802E-4,1.1079017822214548E-4,5.281984361621333E-4,0.0011703536497906881,0.014389750743323592,0.0011681194206830206,2.5264204918307945E-4,0.010309830343283328,1.9474711981296757E-4,1.1952347948082595E-4,4.0389473001981176E-4,1.3987578653427963E-4,1.9604356672181552E-4,2.0673589464014538E-4,0.0012062596819219814,4.7502851599182046E-4,1.1285763513980995E-4,2.1944386319977603E-4,9.836416445687326E-5,0.0010338226083704655,1.0,0.02195684915750519,1.547512344945961E-4,4.811248998137026E-5,0.00435034522819741,8.478131097813595E-4,0.008696399748404872,0.0441185035638433,7.503482120130819E-4,2.4803204015644775E-4,1.7953234521422585E-4,1.3554776822233925E-4],[0.016353845948305742,0.016950210677104116,0.0032536621605313196,0.02176231393144659,0.02073790710061925,3.447235174233043E-4,0.01595502388462177,0.019560862164063685,0.012593410144609124,0.010926206894241551,0.004048556475554778,0.010202797553995278,0.004230169056789768,0.01593492710922238,0.022124697621144086,0.01687916407346933,0.009738202389361204,0.020909085947471012,0.01756472487098376,0.020733767093248878,0.017102160087120684,0.02219744802282769,0.012385341561692926,0.01348953191775238,0.0075601550204955825,0.017733944313212482,0.011359296068035433,0.004502303939509457,0.010984655023786047,0.004961775176819236,0.02195684915750519,1.0,0.01407727918844894,0.017120668112355342,0.005773758892776427,0.014241350230146553,0.016884021276993486,0.041327881091853785,0.017760509612139954,0.008018325474780347,0.0034939435028595103,0.011027732388099266],[2.713850050266202E-4,1.1559861715180661E-4,1.1955185975164598E-5,1.875610485570702E-5,0.015203387179533324,7.514430746516154E-5,0.0012692734359231192,4.97393438060418E-5,9.228293257875884E-5,1.1099961690764107E-5,0.0019375838362485397,1.1592999853746269E-5,1.7825118165127517E-4,0.0016008798549378197,0.008535457123966951,1.4992192088076942E-4,2.4461219153851433E-4,0.0024782915020610573,9.011124613858012E-5,1.2054958122233723E-5,6.815262798308054E-5,1.2522244125814897E-5,1.7143077716422956E-5,3.0470209161599544E-5,0.0013553250147963448,7.869785679319866E-4,1.1145502702882143E-5,2.0590802670377334E-4,1.260358707318734E-5,2.570106792608871E-4,1.547512344945961E-4,0.01407727918844894,1.0,1.7438071954446377E-5,8.259558721648054E-4,0.0013699675647248113,9.705010330575982E-4,0.032944273115744126,0.0011761758222113895,8.20238949557017E-5,2.908162149228069E-5,7.372213679568708E-5],[8.475005178851046E-4,1.174338500973003E-4,2.0958135798690474E-5,2.3923282190853958E-5,0.0076895463709153854,1.1571799204867811E-4,0.0011163963654594769,7.101021271931169E-4,0.0012049482281115882,1.135974440337701E-5,7.744955715044289E-4,2.0982629779435087E-5,6.300321134965508E-4,0.0011881051235514213,0.002469654539373861,2.017905728082924E-4,5.3383816272439046E-5,0.0065626392578284,2.6336815835252602E-5,1.4084172206644682E-5,7.403320547553939E-4,2.164877678742271E-5,2.026162555684145E-5,4.798755261432834E-5,6.910267458016441E-4,7.638199581409688E-4,1.6382761548101784E-5,8.687342835047074E-5,2.8540944904827774E-5,0.001415798068153856,4.811248998137026E-5,0.017120668112355342,1.7438071954446377E-5,1.0,0.0031231338958453846,3.6234277476523394E-4,0.008567217108947539,0.04327983518856103,1.5451312839723848E-4,9.655052121301866E-5,2.8062855648232125E-5,5.885382895324727E-5],[0.0053531655458930495,0.004595284432049886,0.002264034954316714,0.0027423916700918243,0.01943623009666535,0.002654285416224193,0.0023619965879139557,0.005514363717564587,0.004890221553087791,0.002950024165609953,0.004322911644130255,0.0019604579600533997,0.0017378462536605916,0.004526573329809299,0.016298283922595927,0.0031022403306313435,0.0029459069656671754,0.007409724060322277,0.0049610036695775265,0.002135475171723606,8.293627653838519E-4,0.003956368918591933,7.152041079924121E-4,0.0037088048952221126,0.00220597929133815,0.003908055226389998,0.003932684530168394,0.004906252687637289,0.0028117185821378843,0.002602703071634881,0.00435034522819741,0.005773758892776427,8.259558721648054E-4,0.0031231338958453846,1.0,0.0018646934978624598,0.011975230888665317,0.013107392316562026,0.0018681254061869727,0.0019111264322648697,0.0032506999130880445,0.0038620529942081025],[0.001108351193517086,0.001020031239185179,0.0013202636420455724,0.0010570709735360719,0.012398594109492537,7.129576663235616E-4,0.0015652410636996482,0.0014307636461576975,0.001637320964313715,0.0012932629058466326,0.001658951989085662,0.001165039467767166,0.001408157857625568,0.0014893633771603239,0.014987879032157956,0.001311216599244819,0.001411422904359925,0.008166114352975325,2.769430112483856E-4,1.7889282249661392E-4,0.0013130858151096589,8.531474299719844E-4,4.849934988472845E-4,0.0013275974184178622,0.001610260729797379,0.002138083383154881,0.0013245422247557435,9.563933078279395E-4,1.4044020087639343E-4,0.001491739587635943,8.478131097813595E-4,0.014241350230146553,0.0013699675647248113,3.6234277476523394E-4,0.0018646934978624598,1.0,0.00899011746096164,0.00498433989992609,0.0014150911765860906,8.880356414461407E-4,7.980256862005208E-4,3.893511173453949E-4],[0.01292463878348434,0.0011293796179449088,0.009667883314000314,0.0024130957396576946,0.014476515592187343,0.012210907772718316,0.0033615434780875893,0.00545849601347322,0.0036907999263818946,0.0050904671779437175,0.009329659148351734,0.011409284095476183,0.010334339483871096,0.0038628728603639995,0.018776512662138305,0.005981499552340484,0.005243154275759738,0.013105857911091956,4.1849986509269623E-4,0.008502815023258227,0.003893940376781285,0.0011502173299930722,0.012155899927720551,3.540585024319192E-4,0.010589209156539726,0.01229594487676788,0.012160434683117517,0.0055940226648887315,0.009515808698433884,0.008828984274227205,0.008696399748404872,0.016884021276993486,9.705010330575982E-4,0.008567217108947539,0.011975230888665317,0.00899011746096164,1.0,0.039454756406370424,0.010069356761155194,0.009307797281064355,0.006609172671769902,0.003330582647072474],[0.044034971965592,0.029464324804134714,0.03512722400933335,0.01623028807479806,0.03620892390295227,0.031440591109291594,0.011671883316927523,0.03203775840394693,0.0439930979525719,0.03140546684534999,0.025739892689767535,0.05079927442217301,0.050645662064897984,0.035072488094191306,0.028575564148569065,0.022142074692978023,0.018274861648518614,0.04046520793360998,0.008013585798434954,0.041964584757233254,0.051888975099520236,0.0011385541227780373,0.02831957754319018,0.017711375392418568,0.03659198271094734,0.010652578395188768,0.03823090189626099,0.04009806467652713,0.03579709173121604,0.027938360359811447,0.0441185035638433,0.041327881091853785,0.032944273115744126,0.04327983518856103,0.013107392316562026,0.00498433989992609,0.039454756406370424,1.0,0.02157760704673506,0.03129220049880978,0.017890769401410083,0.007514252716538945],[0.0011375591069994152,1.8834234991919175E-4,5.581837992861444E-4,6.301582569166766E-5,0.016342917196284897,6.48313252880946E-4,0.001475063283476676,0.0014544861904327874,0.0014461783181518035,1.991008986284551E-4,0.001471454149418199,5.788057118502359E-4,0.0010874001820351318,0.001557626039596286,0.00654729125185045,0.001293567867586104,9.614266537431207E-4,0.003385536469188574,4.754091299788057E-4,9.154955638541803E-4,0.0011033817552615023,6.120092586629005E-4,0.001398328338114895,0.0010099696285277302,0.0014652099048196117,0.0018687523321338974,7.542401610260197E-4,0.001217542651299106,4.440353372997351E-5,0.0015057331550003502,7.503482120130819E-4,0.017760509612139954,0.0011761758222113895,1.5451312839723848E-4,0.0018681254061869727,0.0014150911765860906,0.010069356761155194,0.02157760704673506,1.0,4.988352830230672E-4,0.0011007274412249055,4.875724607425843E-4],[9.668847233152535E-4,1.7610889804744835E-4,2.1765938136937628E-4,2.7446910695280426E-4,9.819224215029357E-4,3.283500858138641E-4,5.186593059099273E-4,5.883028992875066E-4,0.0014637992846341166,1.2412447415412225E-4,0.0016620678329699662,1.4873485921027425E-4,9.193070729086232E-4,9.784452479530417E-4,0.021222739140635296,6.289674550421613E-4,3.038996492316286E-4,0.00642498864346456,3.1568797173919436E-4,2.004744309511539E-4,4.216065529735445E-4,3.247177906081512E-4,2.220064525759351E-4,3.2845312108899537E-4,0.0015987958098526071,8.36011535877913E-4,2.741557624634076E-4,2.4714679895279927E-4,1.3016005777537255E-4,0.0014392914193548279,2.4803204015644775E-4,0.008018325474780347,8.20238949557017E-5,9.655052121301866E-5,0.0019111264322648697,8.880356414461407E-4,0.009307797281064355,0.03129220049880978,4.988352830230672E-4,1.0,1.1257436636290466E-4,2.2052590327399817E-4],[7.40496236422486E-4,9.917052257839752E-5,4.7042595430376345E-5,4.076491325826131E-5,0.005329572481627261,7.666871019512717E-5,0.0012180831094480496,0.0010358008610474036,9.941633955576903E-4,4.1840026167022E-5,0.002128225247699822,4.139058849975332E-5,5.776783317475788E-4,0.0010992651446458674,0.016520737085975727,3.551524530975333E-4,2.4038981594078242E-4,0.0033351732303347737,1.475659208799952E-4,6.055596435010125E-5,5.55755335483891E-4,6.401336634498485E-5,3.882899822824109E-5,1.8563489790385582E-4,5.762709171020214E-4,8.858951812958778E-5,6.596080733362462E-5,9.433313346690812E-5,4.137098138468401E-5,3.4686396364943183E-4,1.7953234521422585E-4,0.0034939435028595103,2.908162149228069E-5,2.8062855648232125E-5,0.0032506999130880445,7.980256862005208E-4,0.006609172671769902,0.017890769401410083,0.0011007274412249055,1.1257436636290466E-4,1.0,8.215538840422082E-5],[9.515411935946841E-4,1.1321109507090202E-4,7.637385366631519E-5,8.087113298460043E-5,0.001657753931458582,1.2142891006168163E-4,0.0011481408441564572,0.0014445461622083046,0.001453490247353204,5.334393953820468E-5,0.0014456967623563666,5.096061941735125E-5,2.1758221303243278E-4,8.198899206270161E-4,0.007004285626688011,3.431532977888298E-4,1.6443329703481674E-4,0.00996487471256292,1.7387886203539126E-4,5.8153340081409726E-5,4.734231105405938E-4,3.5789661230646876E-5,4.4471416876661936E-5,1.1660666374981392E-4,8.712118212081293E-4,2.685847862105809E-4,4.507677377107324E-5,2.3290169064302198E-4,8.830924096830236E-5,6.074602029755578E-4,1.3554776822233925E-4,0.011027732388099266,7.372213679568708E-5,5.885382895324727E-5,0.0038620529942081025,3.893511173453949E-4,0.003330582647072474,0.007514252716538945,4.875724607425843E-4,2.2052590327399817E-4,8.215538840422082E-5,1.0]]