[[1.0,0.011062298425873486,1.9576527578866662E-4,2.621812596597228E-4,6.158915397284085E-4,2.447354320123849E-4,4.066491628660708E-5,0.0051620153193997235,2.693653429440849E-4,8.692066899895207E-4,1.8258471674288923E-4,1.2454071776861315E-4,0.007921535924491496,6.507378678394036E-4,0.001200769661567991,0.051953314828156856,1.579371052789543E-4,1.5747488642176556E-4,2.0347435492869E-4,7.532097127670528E-5,1.239988516440167E-4,0.03639799916690405,1.404996322634039E-4,1.5519569283487704E-4,1.295713153550586E-4,0.0015692215737219597,3.723772270600868E-5,0.018731811679039048,2.0362904443050673E-4,1.9653591836973075E-4,2.2489473791619744E-4,8.758659653179798E-4,1.72711449644589E-4,7.426120173106442E-4,1.1655148851363052E-4,0.001320830178398281,3.617902130649362E-4,1.866319094362243E-4,1.1005484192847209E-4,1.0895463027308436E-4,3.133950213587785E-4,1.5752159918068034E-4,8.412818188297949E-4],[0.011062298425873486,1.0,0.006761632355585105,0.0031202890871335903,0.014305388392540194,0.016630701520492727,0.012817085070739576,0.01963227779562818,0.005030526667315206,0.0035651419503654256,0.014569032189385468,1.7421296743629807E-4,0.01592348924010336,0.012704600655000198,0.015140155727248937,0.059791228353814826,0.0025149682547206073,0.009978382373400783,0.014331524443052706,4.491515526157111E-4,0.014637191800012876,0.018114313387569244,0.004207354638932114,0.008927617547455935,0.015083217828316167,0.01246181458046493,0.012722013854974826,0.018052209974523364,0.008234021933896937,0.0043715515137892885,0.007227124683352879,0.00840028135080775,0.0076003075866931695,0.012589376620975241,0.0034651940017379665,0.004783084599506179,0.002058186775294584,0.005325317984771708,0.0022778366551830286,0.006900747322627827,0.0032045420535705893,0.006948959007887447,0.001235714835062673],[1.9576527578866662E-4,0.006761632355585105,1.0,9.391359283492035E-4,0.0011935385923603193,0.0017635049630427527,9.917739069070985E-4,0.017503320636009963,5.714564684414325E-4,0.0011245136178524523,8.647918689293442E-4,9.43890534463135E-4,0.004002893685414156,0.004763633711532167,0.0021935329039094614,0.05352472054378621,5.441462503194992E-4,8.878480522879905E-4,6.775225576119108E-4,9.126084324489168E-4,7.012135530302807E-4,0.0235443170289123,2.846383828184386E-4,4.5270859912507194E-4,3.165943137431508E-4,0.0016188798489491832,3.825651804487327E-4,0.006358267310994922,9.53186498178308E-4,8.246162866639244E-4,0.0011189075078353247,0.0012121684710497268,5.563153298399355E-4,0.001625215227236355,2.9965414627438623E-5,0.001269422266449058,0.0011565011786501028,0.001252993914177105,6.744646375770307E-4,6.509950482280402E-4,9.031220710559458E-4,8.866254378095486E-4,0.0011183874449930092],[2.621812596597228E-4,0.0031202890871335903,9.391359283492035E-4,1.0,5.535115966646318E-4,0.00264686107131531,4.0051453239604243E-4,0.01284370987706372,5.096361953790008E-4,0.0010748708014555962,3.3182959743541175E-4,3.3806538587821433E-4,0.008654250295592136,0.005070661276698335,0.0031216000658554734,0.019651602025588726,2.876769921364624E-4,4.814675041489581E-4,4.8679086650213813E-4,4.2101632983689724E-4,1.363478172166653E-4,0.01421695951904358,4.232607543289762E-5,4.847144156243722E-4,4.486757406723567E-4,0.0017242662392416095,2.593619629237569E-4,0.01310783055173762,3.323025104260836E-4,5.089315021157222E-4,5.656040269559966E-4,8.998784735828183E-4,4.168357225960782E-4,9.97534159230113E-4,3.5150800634733097E-4,0.0012806207172016497,0.0011198936722129496,0.0010970834507268586,2.882002459816248E-4,3.511090458346175E-4,3.88053179867788E-4,1.9917523164627668E-4,5.945512861681991E-4],[6.158915397284085E-4,0.014305388392540194,0.0011935385923603193,5.535115966646318E-4,1.0,0.0024564426631287707,0.001089779637180944,0.017797519765030155,9.699006017621266E-4,0.0012572744115413217,0.0010399634696396799,3.450525220903151E-4,0.008624656955431357,0.009688235324884923,0.003686830572981292,0.0066500034369316825,1.9135729791906807E-4,9.112692476507754E-4,2.4800489354654705E-4,3.20063425463714E-4,4.589772951097806E-4,0.005503973262642398,0.001265384561858881,9.528052888183184E-4,8.540362576784769E-4,0.0017120155451151565,0.0011849958617193804,0.006482461938260218,5.773172489697544E-4,0.0013871820561169735,0.001349254561539151,0.0016800403282882749,0.0013554944386243528,0.0015470327078925918,9.324351015657682E-4,0.0013678846937994506,0.0014138266437274836,0.0013275077678874825,9.236679886219858E-4,5.052605914918329E-4,5.822208399971397E-4,3.078442709620234E-4,0.0012981951507033537],[2.447354320123849E-4,0.016630701520492727,0.0017635049630427527,0.00264686107131531,0.0024564426631287707,1.0,2.886931899129292E-4,0.0073525575161886925,0.002725382174249312,0.001988875521567209,0.002342617780541384,0.0026323322598161285,0.00554130928471549,0.004877250919451816,0.0037756907012370623,0.05761495537092131,0.0013163690065703367,0.0013418941156843778,0.0017666251293803749,0.0025060294622163567,0.0025555122056708374,0.006628911594084,0.001678485136356305,4.979371300882641E-4,3.927882899056719E-4,0.0020843416000037897,9.511431874864142E-4,0.017589649014221314,3.074826717187531E-4,0.0010014189718208551,0.0017052805103487043,0.0018065304398560459,0.0026328144810505386,0.0021056130051644367,0.0023542054738892324,0.0017126013489792984,0.002645402329722969,0.001463943959915797,0.0016491256202489854,0.001525128235270928,5.022183439483868E-4,5.105476111589161E-4,0.0011516719196596405],[4.066491628660708E-5,0.012817085070739576,9.917739069070985E-4,4.0051453239604243E-4,0.001089779637180944,2.886931899129292E-4,1.0,0.012633695032696917,2.7886238706618455E-4,2.378273062642977E-5,9.30416434402504E-5,2.0039245759604445E-5,0.003980154515418607,0.006484080652422417,0.0019169160667749485,0.005207717916064947,1.924719112389946E-5,9.262880284521608E-5,1.3567627420474048E-4,2.2041439287398227E-5,9.335146627140492E-5,0.03927823737857305,3.1837770642149935E-5,2.22944750238765E-5,2.6309513170815312E-5,8.150561023116544E-5,2.0775673491994552E-5,0.01916604452260135,5.735591906475274E-5,9.084239687179337E-5,3.375832884344065E-4,0.001192227688608168,9.361475291484748E-5,8.696947860021833E-4,1.999449187515388E-5,5.562149102380996E-4,8.756426612994198E-4,5.792742374392828E-4,1.282008481254728E-5,2.0638201365518885E-5,2.1307328073440503E-4,3.3921888078481247E-5,5.275727764553404E-4],[0.0051620153193997235,0.01963227779562818,0.017503320636009963,0.01284370987706372,0.017797519765030155,0.0073525575161886925,0.012633695032696917,1.0,0.0169300382963652,0.02244448141209707,0.0033472928942418346,0.01609692263134587,0.018432747810016564,0.022682695022952132,0.020226776194241076,0.0399328770092695,0.018819473070560356,0.016624360552254646,0.0036835540860549656,0.00987879990431143,0.017342768962524017,0.036769300488366345,0.017368592875921074,0.01214512918493499,0.015743704128160174,0.014592034695495434,0.006931699415295358,0.02047907622400894,0.005937972627432632,6.240114682653427E-4,0.014787415003542984,0.022276676594489488,0.0016349764409919819,0.014953184497246749,0.001514496186099502,0.0068516026950773586,0.008593511421437496,0.02174724105760902,0.004679928888875426,0.01633331964781341,0.010225387953556169,9.662382161707466E-4,0.007215556582641942],[2.693653429440849E-4,0.005030526667315206,5.714564684414325E-4,5.096361953790008E-4,9.699006017621266E-4,0.002725382174249312,2.7886238706618455E-4,0.0169300382963652,1.0,6.644741892932612E-4,2.3732475455849475E-4,1.682730992118814E-4,0.00723737021815258,0.0038055647184262937,0.002849504205463167,0.0032863660272645927,1.3515552554922553E-4,2.391819274556656E-4,3.0346419151454753E-4,2.1125996627066593E-4,2.789001600829116E-4,0.04008543758129742,8.117312668244758E-5,1.8803632899674796E-4,3.0567495510941666E-4,0.0010405274894389755,3.0761237881852686E-4,0.0033887924062930576,2.895035218776507E-4,3.2157363171565653E-4,3.7753919759261494E-4,0.0013578132921933483,2.4148775075385158E-4,0.0016835855108606236,1.8036480244160315E-4,0.0010940141122195031,3.9052337520667144E-4,0.0010842061113123542,6.184622584380418E-5,1.422208979547875E-4,3.2524732696049316E-4,2.3485767442647887E-4,7.447744609614841E-4],[8.692066899895207E-4,0.0035651419503654256,0.0011245136178524523,0.0010748708014555962,0.0012572744115413217,0.001988875521567209,2.378273062642977E-5,0.02244448141209707,6.644741892932612E-4,1.0,9.370433059890907E-4,2.4062536534862351E-4,0.00576895307323657,0.009518364913132113,0.003783896562971607,0.026737563941110064,9.901213164289003E-4,5.43336394510733E-4,5.482094233883155E-4,9.100125925284546E-5,4.956712225935E-4,0.04848931523209065,7.192380937336795E-4,0.001073290457243553,9.864128670860437E-4,0.0018730331722944036,2.636020241512773E-4,0.010132058936701225,8.019721181861473E-4,7.60382701215669E-4,0.0010757621661005327,0.0013179856267452434,2.896663155364149E-4,0.0011644438808140825,6.769483802342264E-4,0.0011684212276295985,0.0011226241537795514,0.001212847646044107,5.719389745129217E-4,1.1793109385726222E-4,7.565800057392888E-4,0.0010617317096556923,0.0011141096186628782],[1.8258471674288923E-4,0.014569032189385468,8.647918689293442E-4,3.3182959743541175E-4,0.0010399634696396799,0.002342617780541384,9.30416434402504E-5,0.0033472928942418346,2.3732475455849475E-4,9.370433059890907E-4,1.0,1.6163477039361134E-4,9.44241359224184E-4,0.012187516505652213,0.002646402078650729,0.03239314651411104,3.7056782115410446E-5,1.508779387506666E-4,2.1149709951332656E-4,1.3613466081030456E-4,1.4981249579572355E-4,0.02853388753767305,8.286796872965207E-5,1.610951831620147E-4,4.648569253438783E-5,2.2685702274392888E-4,1.1198588090920723E-4,0.014740732622609257,1.906188228249376E-4,3.06676208248157E-4,5.733700588098239E-4,0.001326984098077284,1.8679885727805945E-4,3.9241434426330563E-4,9.643642366781178E-5,8.985726604785545E-4,4.860900262555088E-4,9.98729379263474E-4,1.0030588705352621E-4,1.7184734574877502E-4,2.335431939363838E-4,1.6746552821481582E-4,6.255982556618062E-4],[1.2454071776861315E-4,1.7421296743629807E-4,9.43890534463135E-4,3.3806538587821433E-4,3.450525220903151E-4,0.0026323322598161285,2.0039245759604445E-5,0.01609692263134587,1.682730992118814E-4,2.4062536534862351E-4,1.6163477039361134E-4,1.0,0.01126451222117164,0.00914120356346698,2.0173731080951656E-4,0.04842717730519019,1.6244731644997217E-5,6.866259111578021E-5,2.1004959933964507E-4,2.157031109765595E-5,1.139171496064895E-4,0.02377605496718212,2.3116019083497146E-5,4.543172158947168E-5,3.537013121604339E-5,7.148212842927783E-4,2.6017192698622567E-5,0.015621765308976172,1.103017702705426E-4,2.9115392482583266E-4,1.850995664628225E-4,9.394622797447261E-4,1.4587840832987027E-4,2.111398859038592E-4,2.2913209213666064E-5,6.677050237895982E-4,5.21499590474569E-4,0.0010236599856639698,1.8224733573056446E-5,2.1154638226212884E-5,1.5328388392863703E-4,2.819292276868589E-5,8.743206533489448E-4],[0.007921535924491496,0.01592348924010336,0.004002893685414156,0.008654250295592136,0.008624656955431357,0.00554130928471549,0.003980154515418607,0.018432747810016564,0.00723737021815258,0.00576895307323657,9.44241359224184E-4,0.01126451222117164,1.0,0.011965171565052909,0.008075289612595517,0.048028568028127334,0.002544188909826132,0.006537231969841104,0.007583559339630973,0.0058464318316500735,0.008497638672460752,0.016163484218925515,0.003848158045435805,0.01039212986546908,0.007461513800738071,0.004431272532901737,0.004219453006065191,0.015864848049869373,0.0018793459560996091,0.006907696551209441,0.01077727825427277,0.00856049639936035,0.002456820037852137,0.005104796431551249,0.0029671301108254882,0.009178187641621564,0.0033719232337683265,0.004152740805608331,0.008389838300683287,0.009359062219116242,0.01136732302673713,0.007603126344836133,0.0016194298371313893],[6.507378678394036E-4,0.012704600655000198,0.004763633711532167,0.005070661276698335,0.009688235324884923,0.004877250919451816,0.006484080652422417,0.022682695022952132,0.0038055647184262937,0.009518364913132113,0.012187516505652213,0.00914120356346698,0.011965171565052909,1.0,0.011123596836303765,0.0637665879890187,0.0013114518475016953,3.8130501811644934E-4,0.006168364852511617,0.008526272134842104,0.00996232588984599,0.0269178993121402,0.011976101795587382,0.009064971835918489,0.009119174232911855,0.010720577165494205,0.0022749572690881795,0.017984707236357884,0.010038566250135909,0.011008171893011787,0.009205877480469724,0.003342358270493646,0.0012822997387207148,0.0019397943289828925,0.007069347984577576,0.006130989382167199,0.0024408094072860646,0.005766059089206541,0.008485197852659863,0.0035467428378874047,0.00181663377313667,0.003994213408011275,0.005530162755033142],[0.001200769661567991,0.015140155727248937,0.0021935329039094614,0.0031216000658554734,0.003686830572981292,0.0037756907012370623,0.0019169160667749485,0.020226776194241076,0.002849504205463167,0.003783896562971607,0.002646402078650729,2.0173731080951656E-4,0.008075289612595517,0.011123596836303765,1.0,0.047416909515413365,0.002609758050164601,0.0024502821255699856,0.0011817780162085827,0.003360535623071701,0.003013801032230528,0.022865246289576924,8.9168633913429E-4,0.003902736647558333,0.0011531601818615355,0.0027704082398151307,0.003322760438469317,0.010594875979260003,3.333199654291163E-4,0.0035171360102946203,0.001021934084349724,0.004025038588521955,0.002697482236465701,0.002062036887574366,2.835318024309148E-4,0.0017957813474314532,0.0021183670366424884,0.0017774532688576484,0.0014962111957884656,0.004085473632065024,9.369757219345519E-4,0.001070330338097216,0.0022615471870139946],[0.051953314828156856,0.059791228353814826,0.05352472054378621,0.019651602025588726,0.0066500034369316825,0.05761495537092131,0.005207717916064947,0.0399328770092695,0.0032863660272645927,0.026737563941110064,0.03239314651411104,0.04842717730519019,0.048028568028127334,0.0637665879890187,0.047416909515413365,1.0,0.07165546778577397,0.053595365893179626,0.012315001008438523,0.07169697435255878,0.07218490502947865,0.07253405756233809,0.030281964161807392,0.06956359712246742,0.0054380006602257076,0.061881316361050806,0.03441454809516603,0.07373694346037737,0.031119031045294326,0.018249219450902906,0.03261415184342805,0.05911925448234592,0.06778025449557479,0.039760912939475986,0.0317521377018784,0.02426599621723289,0.039664602230364936,0.039964090300212717,0.06348700383577034,0.036925142362546556,0.0409231629692667,0.026286436133097116,0.06483561716601055],[1.579371052789543E-4,0.0025149682547206073,5.441462503194992E-4,2.876769921364624E-4,1.9135729791906807E-4,0.0013163690065703367,1.924719112389946E-5,0.018819473070560356,1.3515552554922553E-4,9.901213164289003E-4,3.7056782115410446E-5,1.6244731644997217E-5,0.002544188909826132,0.0013114518475016953,0.002609758050164601,0.07165546778577397,1.0,1.1885375099378728E-4,1.7841697078432297E-4,2.0999561387643017E-5,5.715937774650947E-5,0.026993456958932797,2.9876759053786612E-5,1.4113817497474234E-4,3.480272058011176E-5,0.001305714173497531,2.1829725704877865E-5,0.011367241159225955,2.0730870603104506E-4,1.9995224663446333E-4,2.4744382796186966E-4,0.0013055642771669894,5.460808670486774E-5,0.00125484400484675,1.9830934642095474E-5,8.873441283370877E-4,7.934937793517969E-4,0.0011313427764899535,1.1817558839219118E-5,1.6926289822843852E-5,2.8739439427532048E-5,9.521594821943331E-5,6.137022967343777E-5],[1.5747488642176556E-4,0.009978382373400783,8.878480522879905E-4,4.814675041489581E-4,9.112692476507754E-4,0.0013418941156843778,9.262880284521608E-5,0.016624360552254646,2.391819274556656E-4,5.43336394510733E-4,1.508779387506666E-4,6.866259111578021E-5,0.006537231969841104,3.8130501811644934E-4,0.0024502821255699856,0.053595365893179626,1.1885375099378728E-4,1.0,1.5328145019373262E-4,3.172052517455086E-5,1.4495391451786372E-4,0.002370082325487651,1.2923853984970078E-4,1.506981249403671E-4,1.250852790046841E-4,0.001024026217293525,9.132324270873886E-5,0.014792686999713225,2.0174274116725965E-4,2.149673332274916E-4,1.660289107249383E-4,0.0011949683945107587,1.867668681261843E-4,2.4770387046408937E-4,1.22588616246871E-4,7.374405507804797E-4,4.418906919536398E-4,1.5471816319255924E-4,1.0555587558691951E-4,1.3404311392219948E-4,3.1152458046266457E-4,1.190343134718177E-4,7.293494973339186E-4],[2.0347435492869E-4,0.014331524443052706,6.775225576119108E-4,4.8679086650213813E-4,2.4800489354654705E-4,0.0017666251293803749,1.3567627420474048E-4,0.0036835540860549656,3.0346419151454753E-4,5.482094233883155E-4,2.1149709951332656E-4,2.1004959933964507E-4,0.007583559339630973,0.006168364852511617,0.0011817780162085827,0.012315001008438523,1.7841697078432297E-4,1.5328145019373262E-4,1.0,1.3573818118867576E-4,1.4777645057760427E-4,0.013863733327802651,5.3377281987836064E-5,1.9107793457281093E-4,1.6049280446448844E-4,0.0012306888684616895,1.66372916749049E-4,0.005646507779137608,2.2262691656983597E-4,2.998843693494259E-4,5.383284812819257E-4,0.001551302119541368,2.0958442496603262E-4,7.191398108437252E-4,2.1910313246999359E-4,7.673763666242334E-4,4.262544891676619E-4,0.0011348208878312882,3.888936113033034E-5,2.3332172792305477E-4,3.2729470280627314E-4,2.353899965268077E-4,0.0010912573067660388],[7.532097127670528E-5,4.491515526157111E-4,9.126084324489168E-4,4.2101632983689724E-4,3.20063425463714E-4,0.0025060294622163567,2.2041439287398227E-5,0.00987879990431143,2.1125996627066593E-4,9.100125925284546E-5,1.3613466081030456E-4,2.157031109765595E-5,0.0058464318316500735,0.008526272134842104,0.003360535623071701,0.07169697435255878,2.0999561387643017E-5,3.172052517455086E-5,1.3573818118867576E-4,1.0,4.584252479435584E-5,0.03091442257317703,2.6913568226111547E-5,9.016570144694677E-5,3.9783157855893296E-5,0.0012824158346879022,2.5457361124165626E-5,1.6632682373550963E-4,1.4316235417713986E-4,2.6861043485875417E-4,3.7459802508764693E-4,3.398418394643304E-4,1.4408753826801078E-4,2.0032915746508845E-4,2.542438825477421E-5,0.0012984700651501202,5.183381685575994E-4,0.0011591546796254773,2.140327404390014E-5,2.2359625526686015E-5,1.6270508958627776E-4,5.584142522329785E-5,2.183543120425191E-4],[1.239988516440167E-4,0.014637191800012876,7.012135530302807E-4,1.363478172166653E-4,4.589772951097806E-4,0.0025555122056708374,9.335146627140492E-5,0.017342768962524017,2.789001600829116E-4,4.956712225935E-4,1.4981249579572355E-4,1.139171496064895E-4,0.008497638672460752,0.00996232588984599,0.003013801032230528,0.07218490502947865,5.715937774650947E-5,1.4495391451786372E-4,1.4777645057760427E-4,4.584252479435584E-5,1.0,0.009909661750122978,3.545746128394634E-5,1.2462460168958912E-4,6.418144701807189E-5,0.00116096091638982,4.3443624446638804E-5,0.016866494236387537,2.1343996463284702E-4,3.0211433426104986E-4,2.8681297714232246E-4,0.0010227872066607597,1.7493700198161939E-4,0.0015829579720816674,9.67880863413708E-5,3.611597446942157E-4,8.758537890730783E-4,8.122885325488287E-4,2.6574406231390066E-5,1.1032189149103383E-4,2.8285305447687734E-4,1.1648854650173823E-4,5.252878581210704E-4],[0.03639799916690405,0.018114313387569244,0.0235443170289123,0.01421695951904358,0.005503973262642398,0.006628911594084,0.03927823737857305,0.036769300488366345,0.04008543758129742,0.04848931523209065,0.02853388753767305,0.02377605496718212,0.016163484218925515,0.0269178993121402,0.022865246289576924,0.07253405756233809,0.026993456958932797,0.002370082325487651,0.013863733327802651,0.03091442257317703,0.009909661750122978,1.0,0.018592236431626493,0.04895982695108988,0.007386409474724629,0.013119932525097116,0.027716715526699715,0.04574821438113587,0.006292121744641291,0.03195382934382344,0.031420112996930614,0.028308608529611104,0.02209988739495635,0.03801530179324311,0.03161942849881182,0.03294746712579386,0.0023018074362453414,0.02909062629988531,0.037947415378514184,0.02949157707977011,0.047134552998544306,0.04104004885372749,0.014110965573847304],[1.404996322634039E-4,0.004207354638932114,2.846383828184386E-4,4.232607543289762E-5,0.001265384561858881,0.001678485136356305,3.1837770642149935E-5,0.017368592875921074,8.117312668244758E-5,7.192380937336795E-4,8.286796872965207E-5,2.3116019083497146E-5,0.003848158045435805,0.011976101795587382,8.9168633913429E-4,0.030281964161807392,2.9876759053786612E-5,1.2923853984970078E-4,5.3377281987836064E-5,2.6913568226111547E-5,3.545746128394634E-5,0.018592236431626493,1.0,1.2915122224152129E-4,3.393356264985911E-5,9.406349539259021E-4,3.261396797856564E-5,0.010826368367946235,6.046843341380034E-5,1.9195278126727473E-4,2.574380109199541E-4,9.634597338468345E-4,1.5051605726830642E-4,0.0011650111111967225,3.072263380477331E-5,8.336272772454656E-4,0.0010481964318177243,0.0011446561311432492,2.817088537897964E-5,3.226999186725813E-5,2.015099859112655E-4,1.0288978398187158E-4,1.8561285842385488E-4],[1.5519569283487704E-4,0.008927617547455935,4.5270859912507194E-4,4.847144156243722E-4,9.528052888183184E-4,4.979371300882641E-4,2.22944750238765E-5,0.01214512918493499,1.8803632899674796E-4,0.001073290457243553,1.610951831620147E-4,4.543172158947168E-5,0.01039212986546908,0.009064971835918489,0.003902736647558333,0.06956359712246742,1.4113817497474234E-4,1.506981249403671E-4,1.9107793457281093E-4,9.016570144694677E-5,1.2462460168958912E-4,0.04895982695108988,1.2915122224152129E-4,1.0,1.1593838078242978E-4,0.0014324515226837252,9.94301743959544E-5,0.017830635498502202,2.0972993670613575E-4,2.4309778717980187E-4,2.709657363644055E-4,0.0014674821308297184,2.037811504853197E-4,6.086824012381063E-4,1.3440517756407047E-4,6.538039794114063E-4,6.10648052301301E-4,0.0010714150757913518,8.916803230850457E-5,6.298473719699304E-5,1.6771022604073017E-4,1.4958794387544887E-4,3.193543304518007E-4],[1.295713153550586E-4,0.015083217828316167,3.165943137431508E-4,4.486757406723567E-4,8.540362576784769E-4,3.927882899056719E-4,2.6309513170815312E-5,0.015743704128160174,3.0567495510941666E-4,9.864128670860437E-4,4.648569253438783E-5,3.537013121604339E-5,0.007461513800738071,0.009119174232911855,0.0011531601818615355,0.0054380006602257076,3.480272058011176E-5,1.250852790046841E-4,1.6049280446448844E-4,3.9783157855893296E-5,6.418144701807189E-5,0.007386409474724629,3.393356264985911E-5,1.1593838078242978E-4,1.0,0.001553284801170583,4.158326038580652E-5,0.014455333620466202,1.5426576235169016E-4,3.0432407481034E-4,4.599914719811699E-5,6.296976017554277E-4,2.0211464315969129E-4,2.384026415381964E-4,3.2765973453859176E-5,7.298425002836364E-4,8.222298986744013E-4,0.0010442281940134346,3.2987647573930075E-5,3.616022235534384E-5,2.849911759547521E-4,8.682551922030253E-5,1.687148588441819E-4],[0.0015692215737219597,0.01246181458046493,0.0016188798489491832,0.0017242662392416095,0.0017120155451151565,0.0020843416000037897,8.150561023116544E-5,0.014592034695495434,0.0010405274894389755,0.0018730331722944036,2.2685702274392888E-4,7.148212842927783E-4,0.004431272532901737,0.010720577165494205,0.0027704082398151307,0.061881316361050806,0.001305714173497531,0.001024026217293525,0.0012306888684616895,0.0012824158346879022,0.00116096091638982,0.013119932525097116,9.406349539259021E-4,0.0014324515226837252,0.001553284801170583,1.0,0.001601642763687786,0.0020457122833091044,6.245223975842068E-4,0.001404441091587489,0.0018103415181425558,0.00179592748732654,0.0010164135782143016,0.0018763750676629195,6.904112353977378E-4,0.0015354758524885358,0.0018470377039983836,0.0016181400926579337,7.193139438590257E-4,9.295310727697158E-4,0.0017043400589648464,0.0015391094344541897,0.0011941760691781844],[3.723772270600868E-5,0.012722013854974826,3.825651804487327E-4,2.593619629237569E-4,0.0011849958617193804,9.511431874864142E-4,2.0775673491994552E-5,0.006931699415295358,3.0761237881852686E-4,2.636020241512773E-4,1.1198588090920723E-4,2.6017192698622567E-5,0.004219453006065191,0.0022749572690881795,0.003322760438469317,0.03441454809516603,2.1829725704877865E-5,9.132324270873886E-5,1.66372916749049E-4,2.5457361124165626E-5,4.3443624446638804E-5,0.027716715526699715,3.261396797856564E-5,9.94301743959544E-5,4.158326038580652E-5,0.001601642763687786,1.0,0.011490310285952782,7.238320003863111E-5,2.195162056206567E-4,2.252934683509961E-4,9.830534439539394E-4,1.4280424892697396E-4,0.0011512860943492158,2.7377909119465895E-5,1.450246409788305E-4,0.00116593309071986,4.556889747334055E-4,1.6953374981822078E-5,2.5787066272730504E-5,1.5057824559935613E-4,6.679363025697436E-5,1.2573000243038833E-4],[0.018731811679039048,0.018052209974523364,0.006358267310994922,0.01310783055173762,0.006482461938260218,0.017589649014221314,0.01916604452260135,0.02047907622400894,0.0033887924062930576,0.010132058936701225,0.014740732622609257,0.015621765308976172,0.015864848049869373,0.017984707236357884,0.010594875979260003,0.07373694346037737,0.011367241159225955,0.014792686999713225,0.005646507779137608,1.6632682373550963E-4,0.016866494236387537,0.04574821438113587,0.010826368367946235,0.017830635498502202,0.014455333620466202,0.0020457122833091044,0.011490310285952782,1.0,0.00715878959602174,0.012749916233358534,0.008606836832726873,0.01836287491484913,0.01590706746050328,0.008771655745115006,0.0024210888012228234,0.01447273361908002,0.004814059739386057,0.01611302173849691,0.010052124767686936,0.004093234958900265,0.004927288187192882,0.0014435640184701488,0.010481432414357282],[2.0362904443050673E-4,0.008234021933896937,9.53186498178308E-4,3.323025104260836E-4,5.773172489697544E-4,3.074826717187531E-4,5.735591906475274E-5,0.005937972627432632,2.895035218776507E-4,8.019721181861473E-4,1.906188228249376E-4,1.103017702705426E-4,0.0018793459560996091,0.010038566250135909,3.333199654291163E-4,0.031119031045294326,2.0730870603104506E-4,2.0174274116725965E-4,2.2262691656983597E-4,1.4316235417713986E-4,2.1343996463284702E-4,0.006292121744641291,6.046843341380034E-5,2.0972993670613575E-4,1.5426576235169016E-4,6.245223975842068E-4,7.238320003863111E-5,0.00715878959602174,1.0,2.7449077445726173E-4,4.2385136211260557E-4,4.3882282663023037E-4,2.064115309468366E-4,4.224338366927787E-4,1.236675261576084E-4,8.484388749255009E-4,5.84108651235249E-4,9.60941955849357E-4,1.59512341669761E-4,1.4275661590468257E-4,3.016631392655659E-4,1.5055251287467026E-4,3.5790430527123053E-4],[1.9653591836973075E-4,0.0043715515137892885,8.246162866639244E-4,5.089315021157222E-4,0.0013871820561169735,0.0010014189718208551,9.084239687179337E-5,6.240114682653427E-4,3.2157363171565653E-4,7.60382701215669E-4,3.06676208248157E-4,2.9115392482583266E-4,0.006907696551209441,0.011008171893011787,0.0035171360102946203,0.018249219450902906,1.9995224663446333E-4,2.149673332274916E-4,2.998843693494259E-4,2.6861043485875417E-4,3.0211433426104986E-4,0.03195382934382344,1.9195278126727473E-4,2.4309778717980187E-4,3.0432407481034E-4,0.001404441091587489,2.195162056206567E-4,0.012749916233358534,2.7449077445726173E-4,1.0,4.974564049475107E-4,0.0016059123564268448,2.9427543325834043E-4,7.662230835346201E-4,2.49723325754953E-4,4.8737033175268586E-4,7.828905436479731E-4,8.281187742196655E-4,2.199984716822749E-4,3.632212063741E-5,3.300047814763578E-4,1.8118009349968794E-4,0.0010903006271137617],[2.2489473791619744E-4,0.007227124683352879,0.0011189075078353247,5.656040269559966E-4,0.001349254561539151,0.0017052805103487043,3.375832884344065E-4,0.014787415003542984,3.7753919759261494E-4,0.0010757621661005327,5.733700588098239E-4,1.850995664628225E-4,0.01077727825427277,0.009205877480469724,0.001021934084349724,0.03261415184342805,2.4744382796186966E-4,1.660289107249383E-4,5.383284812819257E-4,3.7459802508764693E-4,2.8681297714232246E-4,0.031420112996930614,2.574380109199541E-4,2.709657363644055E-4,4.599914719811699E-5,0.0018103415181425558,2.252934683509961E-4,0.008606836832726873,4.2385136211260557E-4,4.974564049475107E-4,1.0,7.137352108457567E-4,4.0172063881148943E-4,8.479781079532299E-4,7.76791968893699E-5,6.337098127671743E-4,7.394729588259489E-4,0.001062095145790468,2.9018348304694784E-5,6.316734005931498E-5,5.532992168526686E-4,2.2954320209990029E-4,7.257604453884399E-4],[8.758659653179798E-4,0.00840028135080775,0.0012121684710497268,8.998784735828183E-4,0.0016800403282882749,0.0018065304398560459,0.001192227688608168,0.022276676594489488,0.0013578132921933483,0.0013179856267452434,0.001326984098077284,9.394622797447261E-4,0.00856049639936035,0.003342358270493646,0.004025038588521955,0.05911925448234592,0.0013055642771669894,0.0011949683945107587,0.001551302119541368,3.398418394643304E-4,0.0010227872066607597,0.028308608529611104,9.634597338468345E-4,0.0014674821308297184,6.296976017554277E-4,0.00179592748732654,9.830534439539394E-4,0.01836287491484913,4.3882282663023037E-4,0.0016059123564268448,7.137352108457567E-4,1.0,0.0011711904899925267,0.0017617135090306196,2.3751499978244325E-4,0.0015333428650433113,0.0013557016247695154,0.001378380183679113,7.338132155539462E-4,0.0015628449351577681,0.0014134703517660482,9.968158418069213E-4,0.0017360934785358678],[1.72711449644589E-4,0.0076003075866931695,5.563153298399355E-4,4.168357225960782E-4,0.0013554944386243528,0.0026328144810505386,9.361475291484748E-5,0.0016349764409919819,2.4148775075385158E-4,2.896663155364149E-4,1.8679885727805945E-4,1.4587840832987027E-4,0.002456820037852137,0.0012822997387207148,0.002697482236465701,0.06778025449557479,5.460808670486774E-5,1.867668681261843E-4,2.0958442496603262E-4,1.4408753826801078E-4,1.7493700198161939E-4,0.02209988739495635,1.5051605726830642E-4,2.037811504853197E-4,2.0211464315969129E-4,0.0010164135782143016,1.4280424892697396E-4,0.01590706746050328,2.064115309468366E-4,2.9427543325834043E-4,4.0172063881148943E-4,0.0011711904899925267,1.0,3.3991335703416076E-4,1.9068802037627372E-4,8.625317936794936E-4,7.412153154032013E-4,5.075850083878783E-4,7.766959983200182E-5,6.056107897242646E-5,2.3603381603681762E-4,2.0300780931506546E-4,9.372953734620812E-4],[7.426120173106442E-4,0.012589376620975241,0.001625215227236355,9.97534159230113E-4,0.0015470327078925918,0.0021056130051644367,8.696947860021833E-4,0.014953184497246749,0.0016835855108606236,0.0011644438808140825,3.9241434426330563E-4,2.111398859038592E-4,0.005104796431551249,0.0019397943289828925,0.002062036887574366,0.039760912939475986,0.00125484400484675,2.4770387046408937E-4,7.191398108437252E-4,2.0032915746508845E-4,0.0015829579720816674,0.03801530179324311,0.0011650111111967225,6.086824012381063E-4,2.384026415381964E-4,0.0018763750676629195,0.0011512860943492158,0.008771655745115006,4.224338366927787E-4,7.662230835346201E-4,8.479781079532299E-4,0.0017617135090306196,3.3991335703416076E-4,1.0,5.117122132024368E-4,0.0016905561240920988,0.001394987471328076,0.0016383450261880956,8.853281191069028E-4,3.123780037256637E-4,3.522562235191121E-4,0.001096961728243055,0.0011188287616700247],[1.1655148851363052E-4,0.0034651940017379665,2.9965414627438623E-5,3.5150800634733097E-4,9.324351015657682E-4,0.0023542054738892324,1.999449187515388E-5,0.001514496186099502,1.8036480244160315E-4,6.769483802342264E-4,9.643642366781178E-5,2.2913209213666064E-5,0.0029671301108254882,0.007069347984577576,2.835318024309148E-4,0.0317521377018784,1.9830934642095474E-5,1.22588616246871E-4,2.1910313246999359E-4,2.542438825477421E-5,9.67880863413708E-5,0.03161942849881182,3.072263380477331E-5,1.3440517756407047E-4,3.2765973453859176E-5,6.904112353977378E-4,2.7377909119465895E-5,0.0024210888012228234,1.236675261576084E-4,2.49723325754953E-4,7.76791968893699E-5,2.3751499978244325E-4,1.9068802037627372E-4,5.117122132024368E-4,1.0,8.933686099210065E-4,9.630676527942933E-4,0.0011623158061200636,1.7807273417071103E-5,2.6181451347182914E-5,2.333463637356588E-4,4.729802063494118E-5,8.243626543205549E-4],[0.001320830178398281,0.004783084599506179,0.001269422266449058,0.0012806207172016497,0.0013678846937994506,0.0017126013489792984,5.562149102380996E-4,0.0068516026950773586,0.0010940141122195031,0.0011684212276295985,8.985726604785545E-4,6.677050237895982E-4,0.009178187641621564,0.006130989382167199,0.0017957813474314532,0.02426599621723289,8.873441283370877E-4,7.374405507804797E-4,7.673763666242334E-4,0.0012984700651501202,3.611597446942157E-4,0.03294746712579386,8.336272772454656E-4,6.538039794114063E-4,7.298425002836364E-4,0.0015354758524885358,1.450246409788305E-4,0.01447273361908002,8.484388749255009E-4,4.8737033175268586E-4,6.337098127671743E-4,0.0015333428650433113,8.625317936794936E-4,0.0016905561240920988,8.933686099210065E-4,1.0,0.001203658744778598,0.001348145535781032,0.0012976992577609793,5.2370511882122954E-5,6.497877344964432E-4,5.841249941561905E-4,0.0012037326444113202],[3.617902130649362E-4,0.002058186775294584,0.0011565011786501028,0.0011198936722129496,0.0014138266437274836,0.002645402329722969,8.756426612994198E-4,0.008593511421437496,3.9052337520667144E-4,0.0011226241537795514,4.860900262555088E-4,5.21499590474569E-4,0.0033719232337683265,0.0024408094072860646,0.0021183670366424884,0.039664602230364936,7.934937793517969E-4,4.418906919536398E-4,4.262544891676619E-4,5.183381685575994E-4,8.758537890730783E-4,0.0023018074362453414,0.0010481964318177243,6.10648052301301E-4,8.222298986744013E-4,0.0018470377039983836,0.00116593309071986,0.004814059739386057,5.84108651235249E-4,7.828905436479731E-4,7.394729588259489E-4,0.0013557016247695154,7.412153154032013E-4,0.001394987471328076,9.630676527942933E-4,0.001203658744778598,1.0,0.0012623140832076988,2.4101850600238283E-4,4.205107675438412E-4,5.475610673943984E-4,5.833231624820011E-4,0.0011631067792230159],[1.866319094362243E-4,0.005325317984771708,0.001252993914177105,0.0010970834507268586,0.0013275077678874825,0.001463943959915797,5.792742374392828E-4,0.02174724105760902,0.0010842061113123542,0.001212847646044107,9.98729379263474E-4,0.0010236599856639698,0.004152740805608331,0.005766059089206541,0.0017774532688576484,0.039964090300212717,0.0011313427764899535,1.5471816319255924E-4,0.0011348208878312882,0.0011591546796254773,8.122885325488287E-4,0.02909062629988531,0.0011446561311432492,0.0010714150757913518,0.0010442281940134346,0.0016181400926579337,4.556889747334055E-4,0.01611302173849691,9.60941955849357E-4,8.281187742196655E-4,0.001062095145790468,0.001378380183679113,5.075850083878783E-4,0.0016383450261880956,0.0011623158061200636,0.001348145535781032,0.0012623140832076988,1.0,1.684270948820629E-4,1.178279354712771E-4,3.915914786170675E-4,0.0011124874979706349,0.0011905452543139537],[1.1005484192847209E-4,0.0022778366551830286,6.744646375770307E-4,2.882002459816248E-4,9.236679886219858E-4,0.0016491256202489854,1.282008481254728E-5,0.004679928888875426,6.184622584380418E-5,5.719389745129217E-4,1.0030588705352621E-4,1.8224733573056446E-5,0.008389838300683287,0.008485197852659863,0.0014962111957884656,0.06348700383577034,1.1817558839219118E-5,1.0555587558691951E-4,3.888936113033034E-5,2.140327404390014E-5,2.6574406231390066E-5,0.037947415378514184,2.817088537897964E-5,8.916803230850457E-5,3.2987647573930075E-5,7.193139438590257E-4,1.6953374981822078E-5,0.010052124767686936,1.59512341669761E-4,2.199984716822749E-4,2.9018348304694784E-5,7.338132155539462E-4,7.766959983200182E-5,8.853281191069028E-4,1.7807273417071103E-5,0.0012976992577609793,2.4101850600238283E-4,1.684270948820629E-4,1.0,1.8827053938929655E-5,2.0847634400273618E-4,4.4279596965395445E-5,2.2034946238483867E-4],[1.0895463027308436E-4,0.006900747322627827,6.509950482280402E-4,3.511090458346175E-4,5.052605914918329E-4,0.001525128235270928,2.0638201365518885E-5,0.01633331964781341,1.422208979547875E-4,1.1793109385726222E-4,1.7184734574877502E-4,2.1154638226212884E-5,0.009359062219116242,0.0035467428378874047,0.004085473632065024,0.036925142362546556,1.6926289822843852E-5,1.3404311392219948E-4,2.3332172792305477E-4,2.2359625526686015E-5,1.1032189149103383E-4,0.02949157707977011,3.226999186725813E-5,6.298473719699304E-5,3.616022235534384E-5,9.295310727697158E-4,2.5787066272730504E-5,0.004093234958900265,1.4275661590468257E-4,3.632212063741E-5,6.316734005931498E-5,0.0015628449351577681,6.056107897242646E-5,3.123780037256637E-4,2.6181451347182914E-5,5.2370511882122954E-5,4.205107675438412E-4,1.178279354712771E-4,1.8827053938929655E-5,1.0,2.2355933882607854E-4,3.615291111969424E-5,0.0011109952922654994],[3.133950213587785E-4,0.0032045420535705893,9.031220710559458E-4,3.88053179867788E-4,5.822208399971397E-4,5.022183439483868E-4,2.1307328073440503E-4,0.010225387953556169,3.2524732696049316E-4,7.565800057392888E-4,2.335431939363838E-4,1.5328388392863703E-4,0.01136732302673713,0.00181663377313667,9.369757219345519E-4,0.0409231629692667,2.8739439427532048E-5,3.1152458046266457E-4,3.2729470280627314E-4,1.6270508958627776E-4,2.8285305447687734E-4,0.047134552998544306,2.015099859112655E-4,1.6771022604073017E-4,2.849911759547521E-4,0.0017043400589648464,1.5057824559935613E-4,0.004927288187192882,3.016631392655659E-4,3.300047814763578E-4,5.532992168526686E-4,0.0014134703517660482,2.3603381603681762E-4,3.522562235191121E-4,2.333463637356588E-4,6.497877344964432E-4,5.475610673943984E-4,3.915914786170675E-4,2.0847634400273618E-4,2.2355933882607854E-4,1.0,1.6575695026652902E-4,5.30150379174762E-4],[1.5752159918068034E-4,0.006948959007887447,8.866254378095486E-4,1.9917523164627668E-4,3.078442709620234E-4,5.105476111589161E-4,3.3921888078481247E-5,9.662382161707466E-4,2.3485767442647887E-4,0.0010617317096556923,1.6746552821481582E-4,2.819292276868589E-5,0.007603126344836133,0.003994213408011275,0.001070330338097216,0.026286436133097116,9.521594821943331E-5,1.190343134718177E-4,2.353899965268077E-4,5.584142522329785E-5,1.1648854650173823E-4,0.04104004885372749,1.0288978398187158E-4,1.4958794387544887E-4,8.682551922030253E-5,0.0015391094344541897,6.679363025697436E-5,0.0014435640184701488,1.5055251287467026E-4,1.8118009349968794E-4,2.2954320209990029E-4,9.968158418069213E-4,2.0300780931506546E-4,0.001096961728243055,4.729802063494118E-5,5.841249941561905E-4,5.833231624820011E-4,0.0011124874979706349,4.4279596965395445E-5,3.615291111969424E-5,1.6575695026652902E-4,1.0,7.388877688944799E-4],[8.412818188297949E-4,0.001235714835062673,0.0011183874449930092,5.945512861681991E-4,0.0012981951507033537,0.0011516719196596405,5.275727764553404E-4,0.007215556582641942,7.447744609614841E-4,0.0011141096186628782,6.255982556618062E-4,8.743206533489448E-4,0.0016194298371313893,0.005530162755033142,0.0022615471870139946,0.06483561716601055,6.137022967343777E-5,7.293494973339186E-4,0.0010912573067660388,2.183543120425191E-4,5.252878581210704E-4,0.014110965573847304,1.8561285842385488E-4,3.193543304518007E-4,1.687148588441819E-4,0.0011941760691781844,1.2573000243038833E-4,0.010481432414357282,3.5790430527123053E-4,0.0010903006271137617,7.257604453884399E-4,0.0017360934785358678,9.372953734620812E-4,0.0011188287616700247,8.243626543205549E-4,0.0012037326444113202,0.0011631067792230159,0.0011905452543139537,2.2034946238483867E-4,0.0011109952922654994,5.30150379174762E-4,7.388877688944799E-4,1.0]]