[[1.0,0.009607913163884626,1.3833633142778096E-5,0.0011977385396531328,5.583505392389454E-4,1.602809203425704E-5,8.644429996838615E-5,2.658984003193295E-5,0.021894205552508688,9.196907041948742E-5,4.967830137132191E-5,2.2389575805622765E-5,0.00957604048064433,0.003321289991992083,1.4064571209914195E-4,1.366157047942442E-5,0.0031597133567686287,1.2624928763122344E-4,1.3765701173204346E-4,8.877119580872823E-4,5.499419095705608E-4,1.5473295539950697E-4,2.614554292951648E-5,0.0010825796370750537,1.1309086299498407E-5,2.0323603863766458E-4,1.4657150423608882E-5,0.001037010894395022,2.9242618872356582E-5,6.571300937240583E-4,4.4522032098907765E-5,3.62650674209366E-5,0.005674110916257129,1.7717422539493494E-4,3.0398667654968955E-4,0.03087447802586527,3.2708466130140765E-5,1.381860210663808E-5,0.002488786012591573,0.0031588806935637613,1.409011176192273E-5,1.248469236977716E-4,3.9544531625727505E-4,0.009607199727463545,1.2759295853607257E-5,0.01276717128180012,0.005789461316856687,1.746322262717105E-5,2.961295809768311E-4,2.289550505887865E-4,7.464457044533414E-5,8.53022322160467E-4,2.705883046968936E-5,6.423436901280607E-4,0.01232908347407451,0.009139817476524805,5.781336000520823E-4,1.7488545038565915E-5],[0.009607913163884626,1.0,0.005870794094182973,0.028183742827607237,0.02333282013797406,0.020778612407597048,0.017454219789175666,0.012879278683891542,0.06571222897964073,0.011285503389184277,0.027313818391451188,0.013276557293099473,0.01773180880698177,0.008172941403405964,0.0018993351148446356,0.0038708248023693187,0.025111580186061293,0.023362107761677676,0.012513562019976486,0.017513524374575744,0.030303030303030304,0.02125519902034999,0.028373723940268013,0.017064683238152495,0.021256246455395422,0.02890191259485443,0.021448009136457422,0.021722252302086454,0.022046378509470367,0.02705629991986801,0.003967786015033802,0.003953804266732036,0.018581480882392837,0.02780305981804117,0.017672158273569653,0.031112601712795254,0.022831384122918654,0.011766568814706876,0.01426972725484486,0.01725969496079964,0.004535968372158046,0.02428063007440705,0.007310685475146191,0.025503875267132423,0.02429479077424984,0.03309479467706208,0.016798120746249062,0.013319868973487673,0.00665652993863056,0.02371981806136108,0.019777256285360745,0.024838594689783222,3.807931914460469E-4,0.011185407597381165,0.03270006884356834,0.014985311161689824,0.006416444979243188,0.0031404109537907466],[1.3833633142778096E-5,0.005870794094182973,1.0,6.231898394091196E-4,0.0010476873375795215,1.4906863819099673E-5,9.187063526003891E-5,2.747150383615639E-5,0.034131220050897505,6.955883628636323E-5,1.765344690914207E-4,3.529596672284581E-5,0.0074991699274162,0.0020226305673599738,2.209465209869288E-4,1.3588876464366002E-5,0.006786853493580867,1.3105003971771272E-4,1.0213790798687097E-4,1.3921135135386897E-4,0.011139190172428164,2.4965834486927305E-4,1.9143204071543866E-5,8.646970839427052E-4,1.2351742087646337E-5,3.288333868242576E-5,1.4617502530211192E-5,0.001807785195981491,2.9228953337199817E-5,0.0012228166996105976,1.466719974748606E-5,1.8554833012539602E-4,0.0106100554951733,5.364934748784687E-4,0.002068982413402956,0.03241579545481295,1.6680726336203446E-5,1.3488223622952753E-5,0.002667332606578601,0.005114413190303346,1.3892525490277327E-5,0.0011986340127753395,0.0010619174045342378,0.007647446801228093,1.2681747990210815E-5,0.026695864625413346,0.01207088036116707,1.951259993997619E-5,9.008253797056527E-4,6.096531954829629E-4,5.446041197418152E-5,8.537279825222545E-4,3.125665974683549E-5,5.366223076374862E-4,0.008963378627137707,0.008846787947153545,0.0015770795154900284,1.620736552266908E-5],[0.0011977385396531328,0.028183742827607237,6.231898394091196E-4,1.0,0.001244540639283809,4.821791417605713E-4,6.819394045385253E-4,5.249380339571345E-4,0.03912497986904204,0.0012575622915417736,7.777072082432671E-4,4.6823268592705947E-4,0.00564997833162649,0.002975272353995097,0.0010962051911446683,0.0011451286163254059,0.011754112440534707,0.0011345231205196595,1.889849728155569E-4,0.0015030065068853227,0.02325162848077799,4.5588328763022126E-4,0.00133110944980781,0.0013612423500043212,8.198158667048456E-4,0.0013650649248058537,6.605315744289681E-5,0.0014403973751607362,0.001204863245274347,0.00182006980447682,8.896594929935736E-4,0.0011104201661288995,0.013096248995890038,0.0011968520876996366,0.0025580581110285733,0.026006177362918204,7.279837655507872E-4,0.0011509917705139513,0.0020281829524817782,0.0055053565295862875,2.0495974031109735E-5,0.0021892270676463306,0.0014106343065478108,0.0054352704125218455,1.0610882660696535E-4,0.016888481616175753,0.009929935135508218,0.001291227981873944,0.0013124966191451152,0.001279683715921299,5.118117602821956E-4,0.0011406572907487872,9.29611033662181E-4,0.0010645573689034948,0.022062555102361884,0.0047164189443284835,0.0017399562978145156,0.0012920512633256102],[5.583505392389454E-4,0.02333282013797406,0.0010476873375795215,0.001244540639283809,1.0,7.123198035527401E-4,9.339836005388758E-4,4.535992495511525E-4,0.01005032907719676,7.412645868403181E-4,5.948237257897512E-4,3.2472543883906203E-4,0.009075962264641187,0.002809864068242837,4.741148569752741E-4,4.51033789913998E-4,0.00821887368517533,5.491826191656552E-4,5.155739011683469E-4,0.001549058016817048,0.010098882926665803,4.639245512753713E-4,8.134929057534854E-4,0.0013454337486686642,0.0011529951654645593,5.509983817809339E-4,8.203691871127474E-4,0.0014940788520966656,9.712798714705119E-4,0.0013437177328582263,1.6410497743286496E-4,4.5488852457121413E-4,0.0016034173639456492,0.001107099609417126,0.002376072288143684,0.002315774263862457,8.55437527588358E-4,1.4094615957174997E-4,0.0012679629556800291,0.0032568218999642195,0.0010627030422061133,0.0036659990657249546,0.0016465906171253602,0.0031877055093515933,3.140832579888614E-4,0.01787426248482416,0.011332748879178924,1.9737001046213055E-4,0.00113641372561748,9.096485144520572E-4,4.20468262449472E-4,0.0011147237283118427,9.606866835469323E-4,0.0010456750814743254,0.028373536933765136,0.005083302222925202,0.0017908185357151515,2.082304323440432E-4],[1.602809203425704E-5,0.020778612407597048,1.4906863819099673E-5,4.821791417605713E-4,7.123198035527401E-4,1.0,1.3035296260618698E-4,2.0781841955460104E-5,0.05004447127526028,8.953932832140322E-5,1.3575974709609788E-4,4.094163152277731E-5,0.0024332094514315596,0.0015383266586477538,4.945739632474833E-5,1.658226659728014E-5,0.009221036353942199,9.262361362132898E-5,1.0063679662730296E-4,5.382646680924066E-4,0.022183146220595525,3.224747761394211E-4,2.8581242255092583E-5,1.7944420620757766E-4,1.1451187413786107E-5,5.604478965117493E-5,1.59171063675149E-5,0.0018740868427291938,2.2224171379803662E-5,3.765336944173618E-4,1.0148040446096142E-4,1.3724319303940876E-4,0.014990632203043875,2.578100900412667E-4,0.002507388743346832,0.022619298472740752,2.8124892546089396E-5,1.3580940672032742E-5,2.5559642567893077E-4,0.002044948781710253,1.56451782684103E-5,0.003619889611627995,0.0021197519564001167,0.0014281968443974275,1.2311022564492046E-5,0.0011178947993097355,0.004292060894166705,1.843246343505675E-5,3.303761361398792E-4,3.2520477705608E-4,2.5029536471166204E-5,2.618984068376285E-4,3.884289833073676E-5,2.0043113335610903E-4,0.009529256594425398,0.011871751466990123,0.0017233770089853568,1.6990630703561976E-5],[8.644429996838615E-5,0.017454219789175666,9.187063526003891E-5,6.819394045385253E-4,9.339836005388758E-4,1.3035296260618698E-4,1.0,1.3120008761728023E-4,0.04401589996156994,1.5267364434698785E-4,1.7929138723334211E-4,1.5392539185461588E-4,0.0023332697556234737,0.002453570271656971,2.1810795896082854E-4,8.044335769587773E-5,0.004089590829635008,2.0534274333491956E-4,1.6982989101795563E-4,0.0010568841043745389,0.011648637014954845,2.4311725423791506E-4,1.300206417402742E-4,0.001302401572948903,1.456141770870098E-4,2.024094625680272E-4,2.9146917402681073E-5,0.0016303832481394905,9.680728272549366E-5,9.472555158564983E-4,1.5061049827906173E-4,1.74675510668002E-4,0.007548438429630724,0.0010088575021948668,0.0023382211406811526,0.02438911758950503,8.725591913189709E-5,7.672596675607176E-5,0.0035617906292271188,0.004882670051858892,8.00895512523887E-5,0.0035582579094953085,0.0012266757000382578,0.0039546575373651536,4.397410568005201E-5,0.013296349222988857,0.0038533508607602085,1.4971933819064352E-4,9.114107373629119E-4,3.56332967779768E-4,1.7271983494111725E-4,6.051460162445776E-4,8.759682668287835E-5,7.401726116598055E-4,0.004373468777090355,0.011917078339669209,7.641519371849418E-4,6.310185390731048E-5],[2.658984003193295E-5,0.012879278683891542,2.747150383615639E-5,5.249380339571345E-4,4.535992495511525E-4,2.0781841955460104E-5,1.3120008761728023E-4,1.0,0.048170983951096945,6.551404390666208E-5,2.287006890527415E-4,4.2460970924642406E-5,0.004000086804216699,0.001794391796574805,1.449837064591011E-4,2.782883392097157E-5,5.842372668501874E-5,2.5990670172963595E-4,9.835740354239426E-5,4.329501577231878E-4,0.004056152446724759,1.1935234158377305E-4,4.1683509321409375E-5,0.001326758491463181,1.7522781197021218E-5,1.787765414827928E-4,4.544359171473557E-5,0.0016222615165757963,4.2238914103380105E-5,0.0018060457471659782,8.448084851828434E-5,8.259297251345227E-5,0.009836842902979122,7.26401651064169E-4,7.663825538950986E-4,0.011075505791688062,3.617456797740224E-5,3.4895225367052206E-5,3.8341178355319824E-4,0.005702669447295429,3.012221095338273E-5,0.0033853766416164204,7.07126932689087E-4,0.009426994618322141,1.62735151939457E-5,0.03075187977660301,0.009336624563961579,2.1417389243591882E-5,0.0010171150609217872,3.010550659043545E-4,6.003879495412934E-5,3.439031584690953E-4,4.580439915179438E-5,5.2268439841845944E-5,6.9094908071184E-4,0.005736002054042137,1.3127563571443295E-4,4.174433058254656E-5],[0.021894205552508688,0.06571222897964073,0.034131220050897505,0.03912497986904204,0.01005032907719676,0.05004447127526028,0.04401589996156994,0.048170983951096945,1.0,0.018510306236237988,0.05846337429137843,0.023539745218312407,0.04237508000657961,0.052006136419439394,0.027179055947794753,0.05320831444775543,0.02172907150156756,0.007693149327657725,0.03597044107040714,0.04556191088081476,0.05633701116920348,0.04431551504553052,0.011447847210174037,0.03215393785348188,0.0373109257935764,0.04512961379878625,0.00661618363446142,0.04650083118940886,0.05491787658773015,0.028826925502500284,0.012284032010634223,0.006794507512436525,0.02988248224569377,0.02198507434861197,0.07032692060044934,0.05366822490783768,0.0025059812291218556,0.023720236755320288,0.06466393322280074,0.011469477070346179,0.04584175741109141,0.03962216281316235,0.020710277186368323,0.02403931716355337,0.04008701641945459,0.06553201055414329,0.025637782542713906,0.030762119191975974,0.06700195407995455,8.056897902707614E-4,0.0250779937898485,0.01916044160158262,0.05970112820021373,0.026608032467550148,0.05342899463316204,0.05905342953365507,0.008037125370298865,0.008833048173389526],[9.196907041948742E-5,0.011285503389184277,6.955883628636323E-5,0.0012575622915417736,7.412645868403181E-4,8.953932832140322E-5,1.5267364434698785E-4,6.551404390666208E-5,0.018510306236237988,1.0,2.4213509817909965E-4,7.847966749733359E-5,0.00394396139720944,0.0027104732529914573,1.9054237613536594E-4,9.362358069052958E-5,0.006288097953756093,1.7081074376995936E-4,1.3358557176816976E-4,9.854889555933166E-4,0.007815540284378222,2.560961056445482E-4,3.9899443754970526E-5,4.2880657528415153E-4,8.152301486773214E-5,1.3186980250160573E-4,4.441167362123116E-5,4.0238247967316204E-4,8.386698478972722E-5,0.001045462260490067,1.3013603792615542E-4,1.4453956692217235E-4,0.006705627448945733,6.330908064529531E-4,0.0025308458978123157,6.461817724735129E-4,9.062789916906107E-5,9.900920761852064E-5,8.249596805423433E-4,4.616331881054112E-4,8.794733425650624E-5,0.0036815099158304557,9.661062109341261E-4,0.00915151445084999,5.052351085989665E-5,0.009693776853131063,0.0029866116974796805,3.4744490886416996E-5,9.771386650985962E-4,6.579470001682185E-4,1.3607280935643018E-4,9.779619998459706E-4,8.920573232420776E-5,5.521613834477554E-4,0.016260286737300084,0.010182859097406197,0.001361948888094674,7.690718919089429E-5],[4.967830137132191E-5,0.027313818391451188,1.765344690914207E-4,7.777072082432671E-4,5.948237257897512E-4,1.3575974709609788E-4,1.7929138723334211E-4,2.287006890527415E-4,0.05846337429137843,2.4213509817909965E-4,1.0,4.779137732333666E-5,0.009330776212217897,5.137323192290291E-4,2.454120483708939E-4,9.337100700120472E-5,0.011232136478048426,2.6265669214588553E-4,1.9363060047843382E-4,9.107569815702173E-4,0.02413866940924235,2.625490990779279E-4,2.1133801181862183E-4,4.905140718833946E-4,1.4759150743700065E-4,2.8994455118949117E-4,2.2300818371456466E-4,0.0011915655394540076,5.934030192463859E-5,0.001062950660728635,1.9676001402191024E-4,2.288418499276901E-4,0.003959068150289394,7.153709128425817E-4,0.0024613299909160926,0.03007834091009513,4.79741206425153E-5,9.855634320506499E-5,0.001210716829367156,0.004223265925097671,1.924463952916085E-4,0.001448469494140308,0.002143233281452047,0.001587456226647598,3.093321310088454E-5,0.02314283308142665,0.012486606879595758,7.455576444148245E-5,8.976276742266332E-4,6.209517020451694E-4,2.3302799601631846E-4,8.360098265013365E-4,9.981037873296983E-5,5.999835477113898E-4,0.015463310701527346,0.010136414091929672,3.2963327918756615E-4,2.538598256734757E-4],[2.2389575805622765E-5,0.013276557293099473,3.529596672284581E-5,4.6823268592705947E-4,3.2472543883906203E-4,4.094163152277731E-5,1.5392539185461588E-4,4.2460970924642406E-5,0.023539745218312407,7.847966749733359E-5,4.779137732333666E-5,1.0,4.0257722144221845E-4,0.0015309324286158933,1.621034764805136E-4,2.376882650267028E-5,0.006495448130622744,2.2391299692616298E-4,1.5764744356300722E-4,3.1330865929401493E-4,0.005983943340263571,2.2203792469102293E-4,3.18265691256577E-5,0.0011068480225462222,1.8497940395052007E-5,5.7871927629247154E-5,3.591949539924785E-5,8.017103244503301E-4,3.66661881458368E-5,0.0025359896902700137,6.191409538595507E-5,1.4664620057279116E-4,0.0026039870755156466,8.684482436777058E-4,4.797046982027836E-4,0.03559214328200085,3.6639765204694516E-5,1.769710916018033E-5,1.9470172615350802E-4,0.004174287060938245,2.9036886875577146E-5,0.0022606161493061872,0.0012745706623666442,0.004541142152502217,1.9805709013309826E-5,0.03158774849245888,0.01160583210221847,3.3693562386959014E-5,4.710307626561815E-4,6.299136682928715E-4,9.583885942922543E-5,0.001033868678517183,4.175418093965459E-5,2.4163374545584955E-4,0.03734743480223875,7.32207725317659E-4,7.763040084214222E-4,2.8341250188119E-5],[0.00957604048064433,0.01773180880698177,0.0074991699274162,0.00564997833162649,0.009075962264641187,0.0024332094514315596,0.0023332697556234737,0.004000086804216699,0.04237508000657961,0.00394396139720944,0.009330776212217897,4.0257722144221845E-4,1.0,0.004757955752582292,0.009610287022644805,0.00124226841526311,0.012242988863819772,0.0013166989300551065,0.0027127781859336035,0.005994246573207487,0.029566553449940212,0.008204598877777658,0.007109192799895427,0.0016038342905811077,0.005464719472383704,0.010217340780332419,0.008072506256956866,0.0037974576920943317,0.0023473869535100733,0.0085609687008116,0.007926592347064755,0.005910626918614209,0.012541026505773567,0.002071841667608491,0.008126649296851798,0.034218712725907804,0.0018936269123828826,0.0018128456875026355,0.008882293173102062,0.008738061055299583,0.007275086709451179,0.009481923250642527,0.0031752953863469534,0.01228501766075604,0.007077489522481722,0.014635006003577707,0.011053652690134518,0.005660937069367625,0.006788685920987738,0.0030309581244054385,0.003661146093847484,0.0036944058095944397,0.009435300309212637,0.006466924542217688,0.02929754504372302,0.01207416656468076,0.0022990297672017554,0.00870249592463548],[0.003321289991992083,0.008172941403405964,0.0020226305673599738,0.002975272353995097,0.002809864068242837,0.0015383266586477538,0.002453570271656971,0.001794391796574805,0.052006136419439394,0.0027104732529914573,5.137323192290291E-4,0.0015309324286158933,0.004757955752582292,1.0,0.0022934676120830075,2.573290636574095E-4,0.009855555737866832,0.00336558939563548,2.007070670737033E-4,0.002376994859331588,0.011978378373232722,0.0028477894917245923,0.0015833805060536553,0.0015928666179658368,0.002214587723348217,0.0024973673431267383,0.0014957934936962148,0.0027344295936676576,4.7381977974925664E-4,0.0027027636661877573,0.0011807897544925624,0.0024929824280485943,0.011577469459197626,0.0018277822956790984,0.0033571479500772165,0.02589482713707014,2.8021702022016043E-4,0.0030460838606674555,0.003502872500767262,0.004338933863470449,0.0010079380384147945,0.00352379710626986,0.0032050635563133653,0.012096522084206342,5.410077526013617E-4,0.009356789567717969,0.013112097948169745,0.0026814808511347763,0.002069787733625876,0.0016003967996205408,0.001633976004533245,0.0017674172437059572,6.446599917321588E-4,0.002478731172154822,0.0094505549631501,0.004501198452483864,0.0024140044858324177,0.0029343413726350396],[1.4064571209914195E-4,0.0018993351148446356,2.209465209869288E-4,0.0010962051911446683,4.741148569752741E-4,4.945739632474833E-5,2.1810795896082854E-4,1.449837064591011E-4,0.027179055947794753,1.9054237613536594E-4,2.454120483708939E-4,1.621034764805136E-4,0.009610287022644805,0.0022934676120830075,1.0,9.550839200181952E-5,0.001947301441250962,2.6980005150478844E-4,1.7786461139871303E-4,0.0013505547371946728,0.008765452545309832,2.5186470750695143E-4,1.5597796475228098E-4,0.0013160152887539533,8.808816496932759E-5,2.7676551331945947E-4,1.9059760639267344E-4,0.0018879178478068952,8.719251515808853E-5,8.320804446337389E-4,2.3590599367992975E-4,2.3516898505347792E-4,0.007174153724025704,9.644449248155517E-4,0.001928914692342332,0.011270339116594174,5.560283048615136E-5,6.940096643101663E-5,0.0012755108685927328,0.003764077082709623,6.426534828658536E-5,0.0016310018926330128,6.012733931385451E-4,0.010270752864623575,4.342876716379239E-5,0.007936975064640276,0.003847477091223966,6.335981432409154E-5,9.541745529977302E-4,5.028088675245661E-4,2.1245108519318346E-4,7.764528532000059E-4,1.5414578128104865E-4,9.744471793453684E-4,0.003412684205194387,0.005468995604691182,0.0012938647435136584,2.3036978965521994E-5],[1.366157047942442E-5,0.0038708248023693187,1.3588876464366002E-5,0.0011451286163254059,4.51033789913998E-4,1.658226659728014E-5,8.044335769587773E-5,2.782883392097157E-5,0.05320831444775543,9.362358069052958E-5,9.337100700120472E-5,2.376882650267028E-5,0.00124226841526311,2.573290636574095E-4,9.550839200181952E-5,1.0,0.010879920396241761,2.2197070024896576E-4,1.5802472052592055E-4,8.818604650521938E-4,0.01642654938163953,1.9909242872876727E-4,2.0189150810549066E-5,0.0013460636480233227,1.2659974096248433E-5,2.8124301975750095E-4,1.499737538307734E-5,0.0015354912890147053,2.8218894634564584E-5,5.989314685203752E-4,9.844041580907852E-5,3.551456458388867E-5,0.004051849305842571,2.276045363210672E-4,0.0013154556395716351,0.02840894511157328,1.4135471522787754E-5,1.3035448923678633E-5,0.0031920667681726534,0.003741527651678334,1.538403377402197E-5,0.0015918102742100372,7.783896085869618E-4,0.004659897959007809,1.196281069361895E-5,0.008217341572589224,0.005948738885646092,1.4182200428218153E-5,3.973112978103544E-4,4.910285804103438E-4,5.9343422189247095E-5,2.947392705661918E-4,2.9629761736318045E-5,4.3196838659447184E-4,0.01727877946182653,0.0066574638093694,4.727809869698071E-4,1.5643726061140026E-5],[0.0031597133567686287,0.025111580186061293,0.006786853493580867,0.011754112440534707,0.00821887368517533,0.009221036353942199,0.004089590829635008,5.842372668501874E-5,0.02172907150156756,0.006288097953756093,0.011232136478048426,0.006495448130622744,0.012242988863819772,0.009855555737866832,0.001947301441250962,0.010879920396241761,1.0,0.009998405116106541,0.0027418978685920673,0.005457328410393988,0.02331901251914653,0.011217411038044977,0.005677447893399534,0.009151515035957713,0.0071351316088819694,0.011648482504314446,0.007191933044862136,0.010462514573294578,0.007958266796194154,0.00561720345048213,0.008771119423807587,0.004187613834210268,0.013066928584340639,0.006749046426424313,0.005742566610709852,0.023498838214162848,0.01235986649717116,0.002715686552617938,0.00830066014808718,0.007262902614523907,0.0033816652706860867,0.008789852632815728,0.006957902499069758,0.012755062623399148,0.00650094002397171,0.0242343847982271,0.013661171625230553,0.009344581061004815,0.002389135132243287,0.004853026347512736,0.011056159180591168,0.006060535857526916,1.9752344180984778E-4,0.0028457014076695058,0.0329704933611335,0.012979226371717978,0.009489869582414939,0.01178693825869224],[1.2624928763122344E-4,0.023362107761677676,1.3105003971771272E-4,0.0011345231205196595,5.491826191656552E-4,9.262361362132898E-5,2.0534274333491956E-4,2.5990670172963595E-4,0.007693149327657725,1.7081074376995936E-4,2.6265669214588553E-4,2.2391299692616298E-4,0.0013166989300551065,0.00336558939563548,2.6980005150478844E-4,2.2197070024896576E-4,0.009998405116106541,1.0,2.0086124106454852E-4,0.001434623887991345,0.004854614953781202,3.275944511070649E-4,1.0560506347873934E-4,5.971249620384893E-4,1.9724543531272353E-4,2.9080052391067246E-4,2.0124626841859223E-4,0.0013949156997275745,1.779039475182544E-4,7.088832533738479E-4,2.5244900569771354E-4,2.2095053411871204E-4,0.0015008764414490088,6.736671824017382E-4,0.0016117308630003945,0.03537112853678209,8.873434925281443E-5,1.8222481575989392E-5,5.426722789934699E-4,0.0036690859579196805,1.1092986721719884E-4,0.001754933533211874,0.0015480317024132535,0.0072373008978596845,1.3822462592804276E-4,0.023221130044947264,0.007085271719116626,2.466064373963371E-4,3.046663428011989E-4,3.3367464382409327E-4,2.5844075530890236E-4,9.44851787088582E-4,2.2522905158449418E-4,4.068371501778969E-4,0.011807354375730498,0.007260515804573887,8.844954369099148E-4,2.067155981941344E-4],[1.3765701173204346E-4,0.012513562019976486,1.0213790798687097E-4,1.889849728155569E-4,5.155739011683469E-4,1.0063679662730296E-4,1.6982989101795563E-4,9.835740354239426E-5,0.03597044107040714,1.3358557176816976E-4,1.9363060047843382E-4,1.5764744356300722E-4,0.0027127781859336035,2.007070670737033E-4,1.7786461139871303E-4,1.5802472052592055E-4,0.0027418978685920673,2.0086124106454852E-4,1.0,7.836349691931754E-4,0.020049280721045355,2.1248313952043586E-4,9.549180710264498E-5,9.749366878682353E-4,1.333549482650537E-4,2.7461548328765027E-4,2.6167055770013027E-5,0.001642461805183778,5.772061700063824E-5,0.0024589381072470684,1.6949204906336793E-4,1.9355288642691732E-4,0.006837501373577032,1.7770039729068533E-4,2.7375762263681083E-4,0.009076440869920429,1.4948747319758752E-4,1.4743663133471782E-4,2.8689688391586777E-4,0.004723331176660367,8.883124329355681E-5,0.002094473527733603,0.0012603049006593159,0.011059126465924864,1.5175391889562652E-4,0.03547422439633533,6.875772097050881E-4,1.5648231558311901E-4,7.069575059638364E-4,3.2710642839211526E-4,1.713942536618224E-4,3.292892389282479E-4,4.4942072409867433E-5,5.985618298422415E-4,0.025303875617932885,0.005729632564316317,0.0013113390603425512,7.08600275344771E-5],[8.877119580872823E-4,0.017513524374575744,1.3921135135386897E-4,0.0015030065068853227,0.001549058016817048,5.382646680924066E-4,0.0010568841043745389,4.329501577231878E-4,0.04556191088081476,9.854889555933166E-4,9.107569815702173E-4,3.1330865929401493E-4,0.005994246573207487,0.002376994859331588,0.0013505547371946728,8.818604650521938E-4,0.005457328410393988,0.001434623887991345,7.836349691931754E-4,1.0,0.02988582936827867,7.946469522941038E-4,3.05419779002863E-4,0.0014517285156035234,0.001528719666555578,7.549797920040377E-4,0.0014414761338481222,0.0018344898716877217,0.0013674622175235277,0.0021989802262511893,0.0010586560772951536,0.0015171602652498822,0.0028859333759601036,0.0014898453894671923,0.0018379892248385492,0.0015862301241769382,5.189584674252535E-4,3.376503869047339E-4,0.002496041776644575,0.004587456610612087,0.0011295655774587973,0.003709233925184705,0.0019646143652801784,0.010617728780859422,0.0012828505511260175,0.018442546454572474,0.0035801399899504822,9.082332798797865E-4,0.0014017937392767227,0.001335956144469181,7.078886055233658E-4,0.0011559319959916273,2.575752766783818E-4,0.0012963358352957488,0.020050286240206706,0.004065174549926761,0.0017834588307622632,0.0015357660507228817],[5.499419095705608E-4,0.030303030303030304,0.011139190172428164,0.02325162848077799,0.010098882926665803,0.022183146220595525,0.011648637014954845,0.004056152446724759,0.05633701116920348,0.007815540284378222,0.02413866940924235,0.005983943340263571,0.029566553449940212,0.011978378373232722,0.008765452545309832,0.01642654938163953,0.02331901251914653,0.004854614953781202,0.020049280721045355,0.02988582936827867,1.0,0.013474379661477489,0.02626244721027331,0.027184059577591093,0.00672703311518189,0.0020118687094793294,0.006590870779646363,0.021114696844540096,0.013051348817655253,0.00967150746971485,0.021359955522657438,0.0021181280786565023,0.01816967729116643,0.019558122857320167,0.025864842656657804,0.03626470000720269,0.009115288311690346,0.012055170108877267,0.02412825642286868,0.012911862276448693,0.024620873127560935,0.027776707029502617,0.008108598882501403,0.028345599666114676,0.028453350627956432,0.03214018375065998,0.02724580450294542,0.022963754162843613,0.015310203989477337,0.024568049783844734,0.007278615102837574,0.0020887145949012352,0.009880317592155984,0.01024629369085698,0.03406324708816389,0.016659011158361364,0.022938649992552768,0.028113822857719347],[1.5473295539950697E-4,0.02125519902034999,2.4965834486927305E-4,4.5588328763022126E-4,4.639245512753713E-4,3.224747761394211E-4,2.4311725423791506E-4,1.1935234158377305E-4,0.04431551504553052,2.560961056445482E-4,2.625490990779279E-4,2.2203792469102293E-4,0.008204598877777658,0.0028477894917245923,2.5186470750695143E-4,1.9909242872876727E-4,0.011217411038044977,3.275944511070649E-4,2.1248313952043586E-4,7.946469522941038E-4,0.013474379661477489,1.0,1.2182289212079466E-4,0.0011811550643519623,6.170348762278101E-5,3.1789000264112406E-4,3.7486099569043237E-5,7.406537552165544E-4,1.7772407297338152E-4,0.0013920527779899227,2.2208187990543888E-4,2.5483735411428976E-4,0.00913094899214602,5.518297048062253E-4,0.002579460480654408,0.0014190386694144645,2.0364682388160718E-4,2.1373629941764475E-4,0.0016222978509360683,0.0011098917493223286,2.7267391644099196E-4,0.002509185441268465,0.0010345217784296693,0.012814866370148373,2.8263045586466445E-4,0.013175723314557929,0.012689659208356444,2.919124567747697E-4,4.992768241210197E-4,3.8819921229078737E-4,3.12021046883043E-4,5.347288038650866E-4,2.4827292094737745E-4,0.0010269692714694027,0.00928248382538936,0.003361096565633338,0.0014791531454073313,2.3835180533453027E-4],[2.614554292951648E-5,0.028373723940268013,1.9143204071543866E-5,0.00133110944980781,8.134929057534854E-4,2.8581242255092583E-5,1.300206417402742E-4,4.1683509321409375E-5,0.011447847210174037,3.9899443754970526E-5,2.1133801181862183E-4,3.18265691256577E-5,0.007109192799895427,0.0015833805060536553,1.5597796475228098E-4,2.0189150810549066E-5,0.005677447893399534,1.0560506347873934E-4,9.549180710264498E-5,3.05419779002863E-4,0.02626244721027331,1.2182289212079466E-4,1.0,0.0010613569596968938,3.044228150289298E-5,2.3074146779605606E-4,1.5980471102764464E-5,6.177493635322711E-4,3.0508788499889408E-5,4.393739018632032E-4,6.905159772853061E-5,1.8164334822838197E-4,0.0024241340561983065,7.987954559861605E-4,0.0017628622450448666,0.014131135504833569,3.306456119883293E-5,2.5883227525776183E-5,6.430997783403952E-4,5.454258062677407E-4,2.744182656482811E-5,0.002936544256577092,0.0019652819491424306,0.0020841705250026353,1.755889792695246E-5,0.032279515811325384,0.008008637184905572,2.8726976050165657E-5,2.053089119826637E-4,7.78525711292788E-5,6.0384857930554856E-5,6.644330915931488E-4,4.0640667686543096E-5,9.286288448302586E-4,0.017893106388666313,1.554787645243291E-4,0.001376615155826527,2.1069168975041422E-5],[0.0010825796370750537,0.017064683238152495,8.646970839427052E-4,0.0013612423500043212,0.0013454337486686642,1.7944420620757766E-4,0.001302401572948903,0.001326758491463181,0.03215393785348188,4.2880657528415153E-4,4.905140718833946E-4,0.0011068480225462222,0.0016038342905811077,0.0015928666179658368,0.0013160152887539533,0.0013460636480233227,0.009151515035957713,5.971249620384893E-4,9.749366878682353E-4,0.0014517285156035234,0.027184059577591093,0.0011811550643519623,0.0010613569596968938,1.0,0.0010057354402727042,0.0010560190679802144,8.374414983655976E-4,0.0015354957555286835,5.040666224298263E-4,0.0018507950040347154,0.0013509665134434873,0.0010439373774689042,0.0022313720512544487,0.0011670515694152505,0.0020246143404371187,0.025082064450084242,0.001316111695526129,0.0012584206443911263,0.003476669475324593,0.0057408499693828675,0.0010315861578728662,0.0015966663718634702,0.0017453290311133087,0.002372877416435583,0.0011185608556052852,0.018796793897064224,0.006868768748232411,0.0013191358422948356,0.0012085804466686221,6.797406913303899E-4,3.314036316334921E-4,0.001344999974093196,1.5879574652373434E-4,0.0010563519592821902,0.03210913954291157,0.0061100277872833215,0.0015599199564179781,9.362488089729459E-4],[1.1309086299498407E-5,0.021256246455395422,1.2351742087646337E-5,8.198158667048456E-4,0.0011529951654645593,1.1451187413786107E-5,1.456141770870098E-4,1.7522781197021218E-5,0.0373109257935764,8.152301486773214E-5,1.4759150743700065E-4,1.8497940395052007E-5,0.005464719472383704,0.002214587723348217,8.808816496932759E-5,1.2659974096248433E-5,0.0071351316088819694,1.9724543531272353E-4,1.333549482650537E-4,0.001528719666555578,0.00672703311518189,6.170348762278101E-5,3.044228150289298E-5,0.0010057354402727042,1.0,1.1246731406409701E-4,1.4096546499370226E-5,8.259095309808779E-4,1.2523079353511296E-5,0.002246645193955027,1.4363845016622596E-4,1.75380230352185E-4,0.002079744871955061,5.799488482769297E-4,3.574847919199726E-4,0.02865478442580705,1.9295426986157095E-5,1.1332032068113616E-5,0.0023660941275683335,7.12408416683189E-4,1.3296588583823505E-5,0.0037301037010954263,0.0017480180744061649,0.0029521863998496845,1.0751585975366141E-5,0.025780310223051963,0.013651847784979524,1.816935958796455E-5,1.112373841598571E-5,3.513634783545732E-4,6.284294248232441E-5,6.202980873163823E-4,4.049326300215649E-5,8.312964658436625E-4,0.03579996684232916,0.00851949665386436,0.0018827291471410303,1.8544404154030772E-5],[2.0323603863766458E-4,0.02890191259485443,3.288333868242576E-5,0.0013650649248058537,5.509983817809339E-4,5.604478965117493E-5,2.024094625680272E-4,1.787765414827928E-4,0.04512961379878625,1.3186980250160573E-4,2.8994455118949117E-4,5.7871927629247154E-5,0.010217340780332419,0.0024973673431267383,2.7676551331945947E-4,2.8124301975750095E-4,0.011648482504314446,2.9080052391067246E-4,2.7461548328765027E-4,7.549797920040377E-4,0.0020118687094793294,3.1789000264112406E-4,2.3074146779605606E-4,0.0010560190679802144,1.1246731406409701E-4,1.0,8.648080978895E-5,0.0017614443841336407,7.376298021051206E-5,6.960909615691627E-4,2.470239790702197E-4,2.698899244291044E-4,0.005537469136844011,8.604497652812086E-4,0.0017705901262700158,0.029341970757479234,7.809977858124514E-5,1.2267941199137008E-4,0.003715521127723863,0.004437682556221093,2.472029388789934E-4,0.0032326446065211204,5.669549445297207E-4,0.004728762187008918,1.9710666511928935E-4,0.005515591446691967,0.0047955710838715315,2.469899741163056E-4,9.399785105405592E-4,5.085780400533448E-4,2.3831798034495288E-4,7.674322045899827E-4,2.523454429979732E-4,0.00102548616393365,0.009772700659549834,9.425569418631719E-4,4.748829591706241E-4,6.448352615312427E-5],[1.4657150423608882E-5,0.021448009136457422,1.4617502530211192E-5,6.605315744289681E-5,8.203691871127474E-4,1.59171063675149E-5,2.9146917402681073E-5,4.544359171473557E-5,0.00661618363446142,4.441167362123116E-5,2.2300818371456466E-4,3.591949539924785E-5,0.008072506256956866,0.0014957934936962148,1.9059760639267344E-4,1.499737538307734E-5,0.007191933044862136,2.0124626841859223E-4,2.6167055770013027E-5,0.0014414761338481222,0.006590870779646363,3.7486099569043237E-5,1.5980471102764464E-5,8.374414983655976E-4,1.4096546499370226E-5,8.648080978895E-5,1.0,0.0013207461049156391,2.9551054147610185E-5,0.0012975335599369519,8.557787543967768E-5,1.8051752841249425E-4,0.012210383144075377,4.367394169366726E-4,0.0012995779260889342,0.013549228919305932,3.0266641023591234E-5,1.4395555025060295E-5,0.0034340967619450845,0.0031832453130370094,1.541506853780801E-5,0.0018087696002512478,0.0012595985316439867,0.004042739700217949,1.3730974739433393E-5,0.02013203529888985,0.007933654886308076,1.8370242427230727E-5,7.638841922983775E-4,9.436843068664656E-5,5.883048059619954E-5,2.876478403209454E-4,3.6504403235446466E-5,8.327418459864899E-4,0.02243514533105806,0.009065090725230809,0.0010807172340686565,1.7905459237802363E-5],[0.001037010894395022,0.021722252302086454,0.001807785195981491,0.0014403973751607362,0.0014940788520966656,0.0018740868427291938,0.0016303832481394905,0.0016222615165757963,0.04650083118940886,4.0238247967316204E-4,0.0011915655394540076,8.017103244503301E-4,0.0037974576920943317,0.0027344295936676576,0.0018879178478068952,0.0015354912890147053,0.010462514573294578,0.0013949156997275745,0.001642461805183778,0.0018344898716877217,0.021114696844540096,7.406537552165544E-4,6.177493635322711E-4,0.0015354957555286835,8.259095309808779E-4,0.0017614443841336407,0.0013207461049156391,1.0,0.0016646535010105127,0.0020474154541107958,9.225336115516609E-4,0.001651732889301195,0.007748371600117875,0.0015233024082360585,0.002255460405056581,0.02047327455204026,8.526144501689743E-4,0.0013306174699694465,0.0027618733713402235,0.002213844409434146,9.9987337755641E-4,0.002243980814136199,0.0019977326026624064,0.003578697877317555,0.0011636086859629108,0.0021485431069684143,0.008625333928991244,9.90433998634798E-5,0.0012013029249574702,7.073237148161909E-4,0.0017174488273288822,0.0017023780046780544,1.7342106281384835E-4,0.0017465062495489582,0.012675202165201523,0.01078337253919123,0.0019241258525198876,6.824205761182534E-4],[2.9242618872356582E-5,0.022046378509470367,2.9228953337199817E-5,0.001204863245274347,9.712798714705119E-4,2.2224171379803662E-5,9.680728272549366E-5,4.2238914103380105E-5,0.05491787658773015,8.386698478972722E-5,5.934030192463859E-5,3.66661881458368E-5,0.0023473869535100733,4.7381977974925664E-4,8.719251515808853E-5,2.8218894634564584E-5,0.007958266796194154,1.779039475182544E-4,5.772061700063824E-5,0.0013674622175235277,0.013051348817655253,1.7772407297338152E-4,3.0508788499889408E-5,5.040666224298263E-4,1.2523079353511296E-5,7.376298021051206E-5,2.9551054147610185E-5,0.0016646535010105127,1.0,1.1050887336155282E-4,1.3792184339164645E-4,6.356649309450393E-5,0.011281432766467862,6.461871867474494E-4,0.0016457867623128378,0.03285858405418672,3.12511528348439E-5,2.906132927700677E-5,0.0011773310916467538,0.004640073592546022,2.0057407281694513E-5,0.0029013005120100753,4.749156062027903E-4,0.0036583796882077696,1.1182929079795571E-5,0.009329547911318332,0.00868135326377382,2.746223740516337E-5,3.5835751682246956E-5,1.2407210948866957E-4,7.425723952003166E-5,7.452373472263955E-4,3.531278095001339E-5,5.578471497824486E-4,0.007205241063801128,0.01273339384719096,0.0015220314722019146,2.0367892930365583E-5],[6.571300937240583E-4,0.02705629991986801,0.0012228166996105976,0.00182006980447682,0.0013437177328582263,3.765336944173618E-4,9.472555158564983E-4,0.0018060457471659782,0.028826925502500284,0.001045462260490067,0.001062950660728635,0.0025359896902700137,0.0085609687008116,0.0027027636661877573,8.320804446337389E-4,5.989314685203752E-4,0.00561720345048213,7.088832533738479E-4,0.0024589381072470684,0.0021989802262511893,0.00967150746971485,0.0013920527779899227,4.393739018632032E-4,0.0018507950040347154,0.002246645193955027,6.960909615691627E-4,0.0012975335599369519,0.0020474154541107958,1.1050887336155282E-4,1.0,8.287932872324187E-4,0.00166435619711877,0.005123910443019811,0.0019971388376899364,0.0030460020391848675,0.01728496801845168,0.0015171075412665257,0.0019028831389473076,0.0026460696035051708,0.004422297393586705,0.002161945267777777,0.00334223727407949,0.002432052038425742,0.004604240049684748,0.0018892009072818097,0.007267430946677809,0.0071447352924807,0.0016759402064629694,0.0022128105736483822,0.0025371509014103216,0.0015236371672879175,0.0015176773664994836,0.0025198161095028584,0.001098331998024582,0.019637209026672677,0.012207352752549463,0.0019400846178245156,9.364364628241232E-5],[4.4522032098907765E-5,0.003967786015033802,1.466719974748606E-5,8.896594929935736E-4,1.6410497743286496E-4,1.0148040446096142E-4,1.5061049827906173E-4,8.448084851828434E-5,0.012284032010634223,1.3013603792615542E-4,1.9676001402191024E-4,6.191409538595507E-5,0.007926592347064755,0.0011807897544925624,2.3590599367992975E-4,9.844041580907852E-5,0.008771119423807587,2.5244900569771354E-4,1.6949204906336793E-4,0.0010586560772951536,0.021359955522657438,2.2208187990543888E-4,6.905159772853061E-5,0.0013509665134434873,1.4363845016622596E-4,2.470239790702197E-4,8.557787543967768E-5,9.225336115516609E-4,1.3792184339164645E-4,8.287932872324187E-4,1.0,1.58786623833728E-4,9.530813560971229E-4,9.090275250821725E-4,0.001249281598627272,0.008750721573676797,1.1997587241883729E-4,8.971161087528309E-5,0.002287419581590815,0.005976697049676439,1.3739040117921177E-4,0.002186808288354695,7.885658132496524E-4,0.009394583533701267,1.2294876257035997E-4,0.008702675491539729,0.01364322915274579,4.064281069004473E-5,2.9497046090461024E-4,2.381597939135119E-4,1.516792254863483E-4,7.325609536820961E-4,9.810903526577285E-5,4.2611026042085464E-4,0.018615591395644407,0.012108188529276706,0.001493285045531886,9.673339528376489E-5],[3.62650674209366E-5,0.003953804266732036,1.8554833012539602E-4,0.0011104201661288995,4.5488852457121413E-4,1.3724319303940876E-4,1.74675510668002E-4,8.259297251345227E-5,0.006794507512436525,1.4453956692217235E-4,2.288418499276901E-4,1.4664620057279116E-4,0.005910626918614209,0.0024929824280485943,2.3516898505347792E-4,3.551456458388867E-5,0.004187613834210268,2.2095053411871204E-4,1.9355288642691732E-4,0.0015171602652498822,0.0021181280786565023,2.5483735411428976E-4,1.8164334822838197E-4,0.0010439373774689042,1.75380230352185E-4,2.698899244291044E-4,1.8051752841249425E-4,0.001651732889301195,6.356649309450393E-5,0.00166435619711877,1.58786623833728E-4,1.0,0.01045422519894176,8.418426228233433E-4,0.00283938888797792,0.03450019209512546,9.347657499248304E-5,8.45879246056105E-5,3.3555577872086396E-4,9.307055740109649E-4,6.765765504266324E-5,0.001968344862222861,0.0010842576048249381,0.011147575261080324,1.9745413043445077E-4,0.006668697543249385,0.006743465589450442,2.7110591718054058E-5,0.0010028981117922082,3.9976970154806943E-4,1.9077620629165756E-4,0.0010287343341420436,8.444296814844816E-5,2.3573345410252594E-4,0.018822538366760816,0.010653664718021238,6.379642647349607E-4,1.8640636605849557E-4],[0.005674110916257129,0.018581480882392837,0.0106100554951733,0.013096248995890038,0.0016034173639456492,0.014990632203043875,0.007548438429630724,0.009836842902979122,0.02988248224569377,0.006705627448945733,0.003959068150289394,0.0026039870755156466,0.012541026505773567,0.011577469459197626,0.007174153724025704,0.004051849305842571,0.013066928584340639,0.0015008764414490088,0.006837501373577032,0.0028859333759601036,0.01816967729116643,0.00913094899214602,0.0024241340561983065,0.0022313720512544487,0.002079744871955061,0.005537469136844011,0.012210383144075377,0.007748371600117875,0.011281432766467862,0.005123910443019811,9.530813560971229E-4,0.01045422519894176,1.0,0.005991812171977124,0.009000493510983032,0.036792808174290724,0.0035450833974241154,0.009949125544856444,0.014209587046787575,0.00926352833182791,0.001489589608503916,0.012006649908269417,0.01133536385570304,0.014549201131836007,0.0027525048026568735,0.02145569610650408,0.01455434653337795,0.012856316742908538,0.004962937707389751,0.0028346802757052356,0.005546364239585194,0.005