[[1.0,9.119602045832561E-4,0.001129524007722281,3.4826198743605105E-4,8.746122808249025E-4,0.002558912096227418,2.0642143635859957E-4,2.925465493177363E-4,6.457520857505851E-5,4.1630187457195115E-4,3.8641301836936273E-4,1.710501653349905E-4,1.4870775101873427E-4,0.002478821780017167,1.2022108954429604E-4,4.940339750972157E-4,3.66945357046995E-4,5.592327617005839E-4,0.004069109394128782,0.0016243402714426472,2.744567001873045E-4,1.9533356497222664E-4,1.6370684130501568E-4,2.7246788692061684E-4,1.265836876475927E-4,1.3212361753743161E-4,7.873607390964623E-4,5.296271018120386E-4,5.607025906608525E-4,6.262809784785235E-4,2.6706666655793785E-4,0.02901286868600997,0.0017759350270422085,0.0018490643114889825,2.122536269816531E-4,1.9437219838634362E-4,1.787742608198811E-4,0.003982939357924519,1.829550803908002E-4,2.5620263411155143E-4,7.655186300335067E-4,0.02113184986774383,0.03310368154980348,1.9936027041747497E-4,1.2754556186212569E-4,4.242609753584422E-4,0.0018817536790062485,1.7413255772617914E-4,1.1685258171212591E-4,6.386595067944605E-4,1.3041045359585938E-4,0.011995605729344081,1.5275418217434794E-4,1.8981799817484676E-4,1.7416376857881492E-4,0.001674800014784738,1.64026534320984E-4,1.0973272582071058E-4,1.2316275215636036E-5,0.010834281875419152],[9.119602045832561E-4,1.0,0.0012455613641577966,0.0012661967088570373,0.0013134983006663399,0.0022300537235653336,7.615947179141164E-4,0.0010078602586806517,0.0011856600800739792,0.0013338414118791832,0.0010870332184317857,0.0012313977779690188,7.302041348749386E-4,0.0037199604609669066,4.2691344418745457E-4,0.003100443275853776,4.534690702488091E-4,0.0012858502634434518,0.03767930734170042,0.004265392658303058,9.426777558457759E-4,6.793947972754299E-4,0.001280099619076432,8.462942033042022E-4,0.0011188589200229614,3.905981847725482E-4,0.0012872437222544292,0.0026844467158100172,0.0012584055011521868,0.0010954384942576398,0.001351533369039002,0.03137205471448693,0.0014822483115645418,0.0013964441161235853,0.0011981406012276322,8.244426694526236E-4,2.3953598150193065E-4,0.003919093404510835,0.001186900704983769,0.0012603060041805976,0.0014620385401615448,0.013261637337493576,0.03154159559694689,0.001301194569797022,0.0010459130366669215,0.001463006812536379,0.002672162014747305,8.021398186965064E-4,7.53408600519292E-4,9.341764897521862E-4,1.8250046705832427E-4,0.015852066215749302,0.001136498755036571,3.2999100935670087E-4,3.9181104446016444E-4,0.002494973900174167,1.2717522654135074E-4,0.0010847087011400124,0.0012846099387834823,0.006609396394196221],[0.001129524007722281,0.0012455613641577966,1.0,0.001205472769405317,0.0012749222371744129,0.002600091973583394,7.978185299163591E-4,0.001080447238439905,2.7046207592080476E-4,0.00152704744701453,0.0010632952624949161,2.421939365050251E-4,9.03709533358168E-4,0.0022889807206142067,2.5660704177297967E-4,0.0027103948459366806,0.0010584245177519725,0.0010911005186623895,0.018696622404267286,0.0032043729467513857,0.0011659053016859012,9.700808688067577E-4,2.894269311886947E-4,3.8159604754967025E-4,2.0735402206117207E-4,2.3132887018939582E-4,0.0012007621219480079,0.004210912362828325,0.0012122452887823646,0.0011595454449198654,0.0013425804533839835,0.037813898483428456,0.0014511772674293468,0.0015657829944545304,6.899263130126303E-4,3.3646833654773275E-4,9.980470453928728E-4,0.004112670629959876,7.163814677076239E-4,0.0011980547137470695,0.0015975784403580765,0.027232683439587332,0.007620762831784518,7.748227692401514E-4,0.001016507878428515,0.0027354914915737718,0.004929685499164853,9.350997314936266E-4,9.505688729988344E-5,0.0011189740608930658,0.0011857961931383007,0.01973518398078222,2.8629840763774934E-4,6.412212215638138E-4,2.5595062824051616E-4,0.002354191599522575,8.860424724650258E-4,7.746875709106537E-4,1.52283278747474E-4,0.011825853091672856],[3.4826198743605105E-4,0.0012661967088570373,0.001205472769405317,1.0,0.0012992334764120135,0.0018488390901927796,7.715076013132027E-4,9.232128701878093E-4,0.001014824970736591,0.0017653298248910345,0.0011805773682707988,0.0011246860387779,3.0367582093476575E-4,0.0025988177596341193,1.4153547593058732E-4,0.0030335468019950934,9.136654816526426E-4,0.001184596886152696,0.04430377156926168,0.0036686359245116963,4.467722695307431E-4,9.77115511517254E-4,7.926867476435158E-4,9.167908051439759E-4,0.0010157112836912457,8.354068704950698E-4,0.0012472100039983731,0.0017893841374139277,0.0012485271997403971,0.0011916981797171103,0.0013807384419902864,0.050032631538594795,0.0014038654607097015,0.0017601167539377576,8.185556356492007E-4,0.001102847201947275,8.446860101448894E-4,0.004223131704702105,4.778353594379392E-4,0.0011977227415186254,0.0012745881524262985,0.006409481633739177,0.03254558938529684,7.520178066771346E-4,6.431227352995044E-4,0.0030345589805474225,0.0026419255348142856,3.1930205784932303E-4,0.0011108551608186169,8.94779612081576E-4,0.0010298683481224874,0.0044941277620581714,9.406110099139163E-4,1.390899221530561E-4,6.065923133793207E-4,0.002055077452131656,7.732040866056894E-4,2.67540402805859E-4,9.353607181422968E-4,0.010973088748264043],[8.746122808249025E-4,0.0013134983006663399,0.0012749222371744129,0.0012992334764120135,1.0,0.001693929567267044,1.9714525927780167E-4,0.0012399462526183483,7.979806091685914E-4,0.001656856684124865,0.0010021579195042445,4.004914899327409E-4,0.0011837945546956093,0.002394042159399445,3.004876949550134E-4,0.0019446936892264016,9.132664149635596E-4,0.0012778390776471802,0.0555732449729558,0.004423013342706006,5.143068432208148E-4,8.792883088581825E-4,0.0010814556255291376,5.282717959697408E-4,2.46092308648058E-4,4.547365818326393E-4,0.001288288865119391,0.0015321259470235241,0.0013012275217896916,0.0011393117262574483,0.0014543342699359107,0.0389197274266996,0.0018002225781626625,0.001717842171012073,3.3213837980235444E-4,1.334767756428038E-4,5.131296373874838E-4,0.0041387665296107965,6.820589566668427E-4,0.001213126958755946,0.0014318607587027164,0.0040627331438019,0.026132120258406038,9.91558446102951E-4,6.666776385268295E-4,0.002886950354521428,0.007605402829102922,8.032909257718264E-4,5.257485270228859E-4,0.0012043339148214002,6.846270809435797E-4,0.0029663448026819817,0.0011110316881754406,8.199604565569518E-4,8.18555122396433E-4,0.00190285934071668,0.0012343937850847386,9.944023535305077E-4,2.813746271205734E-4,0.010100535689198964],[0.002558912096227418,0.0022300537235653336,0.002600091973583394,0.0018488390901927796,0.001693929567267044,1.0,0.001844513276801674,0.0020243267014619813,0.002055812072633158,0.0021226573131306724,0.0028131399413358167,0.0017100790169853268,0.0015536538463329485,0.00415716254844862,0.0015103749237999151,0.0035510889210670733,0.0015112291726422336,0.001234406540552395,0.02233248745334632,0.0030242931928828416,0.0017088588983697169,0.0014807498376519733,0.001656927122268083,0.0014290691083871441,0.0013885084741303846,4.4094708157033677E-4,0.002028272268141159,0.0034864821878216124,0.0014755431407940335,0.002861619020235188,0.0025742996855743134,0.055777541054646704,0.0028274296398078055,0.002739909051079137,0.00229805302525351,3.706826626584636E-4,0.0019243648914731236,0.004062889048941968,0.0015170628071039926,0.002049238973784816,0.0023321267761604843,0.01044911478717198,0.03592610576051247,0.0023435059706201963,0.0020589999323469216,0.003050696667791644,0.007942191144205048,0.0024969743483390138,0.0019655984551631956,0.0025989908548908307,0.001661808036067868,0.023195714699631782,0.002030089732780751,0.003009877922225948,0.0016338595223342486,0.002739278957383568,6.418592161602913E-4,2.8464067396130035E-4,1.4406190248324928E-4,0.00885201970468966],[2.0642143635859957E-4,7.615947179141164E-4,7.978185299163591E-4,7.715076013132027E-4,1.9714525927780167E-4,0.001844513276801674,1.0,2.5294301433540926E-4,1.1648276215247782E-4,5.416260594652522E-4,7.414089637359696E-4,1.702192240236365E-4,1.6046308550682754E-4,0.0038169839998029183,8.570447047384835E-5,0.002427816325750581,1.8349655719869894E-4,5.215941406064994E-4,0.03755795558619826,0.002888330562343275,1.7467783321508353E-4,1.1927399107308515E-4,1.6332274627343485E-4,2.2736798542366017E-4,1.2153121454164581E-4,5.069133368983224E-5,2.2461375297901838E-4,0.0010137809819685002,0.0011307439389647224,1.938895599227252E-4,4.129283314519285E-4,0.027389777269307167,0.001073647729074593,0.0019321353229891584,2.2638463733298082E-4,1.264244224434729E-4,1.6068540268775295E-4,0.0030691011925507187,1.1706402490475388E-4,4.6164801554456894E-4,0.001153349482796786,0.0169494615566313,0.044250665883939756,7.181553835012189E-5,1.6657718935674437E-4,0.0026263634463527543,0.003156675308275415,1.1516179771954513E-4,1.7239233209678822E-4,1.8332653909363585E-4,1.732798714544526E-4,0.02798021130788145,1.4235278821733385E-4,9.897590613271244E-5,4.54657739458606E-5,0.002541310047513199,9.118431020878356E-5,1.3018663665506346E-4,7.438462994973804E-5,0.014020435063016888],[2.925465493177363E-4,0.0010078602586806517,0.001080447238439905,9.232128701878093E-4,0.0012399462526183483,0.0020243267014619813,2.5294301433540926E-4,1.0,2.0747798276617065E-4,0.0015816480851811722,6.39103665196082E-4,2.4477543293398643E-4,3.001476137241715E-4,0.003950995458882614,3.249197547207006E-4,6.964193391141604E-4,3.8502872102125473E-4,0.0010344010325769053,0.010712188869880795,0.003571600910602462,3.21056454822437E-4,1.5411769027128048E-4,2.3392339997330987E-4,2.9968201440678296E-4,1.0637881734216304E-4,2.474024792545117E-4,5.924939032690875E-4,6.148668415085201E-4,5.477992510203148E-4,4.6812950206862714E-4,0.0012560799794046934,0.06126552039291782,0.0016348540082540123,3.4772710379664726E-4,3.176542908593697E-4,2.5430116501366773E-4,1.9319663548174389E-4,0.001216876843771185,1.8178047605823592E-4,0.0011289994734920233,5.690323313470956E-4,0.02408826454482684,0.0016257581523597556,9.479490913237191E-5,8.383970208746131E-5,4.954524757414531E-4,0.0026786346011450453,1.3516532469059808E-4,2.3188700935663017E-4,6.249736926338047E-4,2.9739347949886397E-4,0.02946229747287013,1.3529435990028475E-4,2.558259296381372E-4,1.253419060002319E-4,0.001585831509008219,1.3235062046532513E-4,2.9987027408467546E-4,1.7688904868358546E-4,0.008192546658299663],[6.457520857505851E-5,0.0011856600800739792,2.7046207592080476E-4,0.001014824970736591,7.979806091685914E-4,0.002055812072633158,1.1648276215247782E-4,2.0747798276617065E-4,1.0,0.001045614648861822,2.876199493792872E-4,6.27084683103142E-5,1.2145103245479421E-4,0.003938081000422499,1.3620331691189472E-5,7.308828124661475E-4,1.2650282344114062E-4,7.357359520930081E-4,0.04720701343526323,0.0031584936449208807,1.166115054031508E-4,1.0488696400433946E-4,6.190443686235201E-5,8.27935451234427E-5,1.7853606789524527E-5,4.5401333588050766E-5,8.634818874443259E-4,7.150914761981297E-4,5.649915395360403E-4,0.0010048038010173662,0.0013393907541696544,0.05391269652106789,4.8727220031210986E-4,0.002175122287441407,9.608080828676734E-5,7.074691453708025E-5,2.1615800119250778E-5,0.0013488009808068741,2.5063046390342045E-5,1.8046789918336963E-4,0.001438844013292826,0.010331998001510483,0.001939166180553135,4.516881479914126E-5,3.0371485967347253E-5,2.6016435596765115E-4,0.0036862677176355417,7.557308976224899E-5,2.418161960801723E-5,2.7395031324549277E-4,3.649976788217723E-5,0.03033459327622665,3.980759933951423E-5,2.3842426985495846E-5,3.178258324549816E-5,0.0022184396302835155,2.2947877837454673E-5,6.94008503081544E-5,2.9967943808777998E-5,0.00482312120899789],[4.1630187457195115E-4,0.0013338414118791832,0.00152704744701453,0.0017653298248910345,0.001656856684124865,0.0021226573131306724,5.416260594652522E-4,0.0015816480851811722,0.001045614648861822,1.0,0.0010098048488581717,0.0011985416560469145,4.397389494888974E-4,0.003340732230165978,8.675293434448721E-4,0.003044225272962202,0.0013736853902510402,0.0012410118489602627,0.012445536761622081,0.0037139803664443362,7.128930406878031E-4,5.349334704446065E-4,0.001506382378389589,6.17732578878765E-4,5.152692383249449E-4,4.4703796192210106E-4,0.0016966505561616901,0.0038485703345857137,0.0014987030773097455,0.0014556641546264416,0.0017005020198137511,0.03621685702419724,0.0017739282513423863,0.002062003182487097,0.001700551940263236,2.885366885079379E-4,7.420428630406079E-4,0.004007904771027483,0.001466814962693682,0.001449663598544489,0.0016217530303573534,0.014666707879943394,0.02066631023138534,7.379206457186596E-4,3.441384114074769E-4,0.0018553312412528465,0.008604435422811817,6.082687283441957E-4,4.605888215082657E-4,0.0016647318185732236,0.0010846117804629376,0.008548759843441753,0.0010080595416115058,0.001272044667585549,0.0013679848554001741,0.0018061008624516948,7.44252300707809E-4,3.259231028453516E-4,4.6699875187742457E-4,0.007245134054783837],[3.8641301836936273E-4,0.0010870332184317857,0.0010632952624949161,0.0011805773682707988,0.0010021579195042445,0.0028131399413358167,7.414089637359696E-4,6.39103665196082E-4,2.876199493792872E-4,0.0010098048488581717,1.0,7.106171275604535E-4,5.106392575917254E-4,0.001698524298959714,3.511238744626648E-4,0.0013966220297025583,7.237261191107571E-4,8.995677152199538E-4,0.006200744710907982,0.0012239589385504568,5.464269796058865E-4,7.90924142709254E-4,4.776361289086108E-4,7.919245014422423E-4,6.700873060723487E-4,8.267561458401289E-4,0.001199780654645776,0.0029467783480746053,0.0010666990063319477,0.0010197147945448092,8.731346555708762E-4,0.05491061782874252,0.001291955743349989,0.001889869794405612,2.3850421622394194E-4,4.0687165942542675E-4,6.116339348911695E-4,0.001323210927987307,4.3417806914877094E-5,0.0010979536129205347,0.0011172225809448527,0.016404727738474383,0.003020806782476704,5.082091639031596E-4,2.698495540616328E-4,0.00229924291423217,0.00503835663735984,5.850748552747185E-4,5.472944506166353E-4,8.415161093501274E-4,6.735453261749369E-4,0.010932853438347198,4.105064372879135E-4,1.330840072570252E-4,4.2469229130615976E-4,0.00164151409457135,8.262817210991524E-4,1.7847387616393943E-4,7.450410290887156E-4,0.007646333535608337],[1.710501653349905E-4,0.0012313977779690188,2.421939365050251E-4,0.0011246860387779,4.004914899327409E-4,0.0017100790169853268,1.702192240236365E-4,2.4477543293398643E-4,6.27084683103142E-5,0.0011985416560469145,7.106171275604535E-4,1.0,1.1076505272263664E-4,0.0029483036419768725,2.0233607015788635E-5,0.0034597132805677367,1.9379465142381816E-4,6.099052572822998E-4,0.05367782423077733,0.003951124114727383,3.130927023468956E-4,9.50972496002631E-5,1.1011402954636728E-4,1.360670922875256E-4,3.6022329059118775E-5,6.017432523037083E-5,4.2793056916949374E-4,2.487394350437265E-4,4.637430054853171E-4,6.28579100447485E-4,3.591789666637011E-4,0.042309172956014454,5.951017769206261E-4,0.002603346501565267,1.476576413458748E-4,1.1643080379567677E-4,7.842918859448652E-5,0.0011658310743798454,4.121185790957778E-5,0.0011601848845985215,8.158505839876591E-4,0.023784186601607058,0.008457525839643987,7.234093245939963E-5,6.917153804325541E-5,0.0017319882742738565,0.0017946879766089167,9.873808296864136E-5,3.58163145529998E-5,7.986111743001434E-4,1.2450691503509753E-4,0.023889464001364744,1.0811632055561087E-4,7.693352281439223E-5,4.078132905230268E-5,0.001352658900871269,2.7800053000184182E-5,8.868004914708496E-5,2.2152622298890817E-5,0.0043476417460540815],[1.4870775101873427E-4,7.302041348749386E-4,9.03709533358168E-4,3.0367582093476575E-4,0.0011837945546956093,0.0015536538463329485,1.6046308550682754E-4,3.001476137241715E-4,1.2145103245479421E-4,4.397389494888974E-4,5.106392575917254E-4,1.1076505272263664E-4,1.0,4.175409667149224E-4,1.2291963691577466E-4,0.0025481541865754907,1.7785524153505293E-4,2.1093663379906632E-4,0.025379257363462665,3.849479118241936E-4,2.941435467445872E-4,1.1236597135282626E-4,1.513272217039088E-4,1.8548838390986352E-4,6.423323300203874E-5,1.213382268382148E-4,1.417731439805275E-4,3.67149970775558E-4,3.2903537584719764E-4,6.338333126356292E-4,3.1724648754877347E-4,0.05212080163592164,9.074199938977658E-4,0.002441793029089284,1.687031916594575E-4,1.3169974765976926E-4,1.1335941872243793E-4,0.0013140480360806965,1.1729932216838424E-4,2.7398385978158745E-4,0.0014709488213330596,0.02548840055270721,0.009446885248353902,7.068816929917982E-5,5.767679916348474E-5,0.0018308310108619515,0.005836378440634945,1.187204208916505E-4,8.203271822820628E-5,2.70138261380306E-4,1.263635026216459E-4,0.00491761725164486,1.1214641246528257E-4,3.979129426147613E-5,8.444111924971084E-5,0.0014061997274956153,5.88202882945727E-5,1.0799550910500316E-4,3.5524416860370286E-5,0.010886851422436828],[0.002478821780017167,0.0037199604609669066,0.0022889807206142067,0.0025988177596341193,0.002394042159399445,0.00415716254844862,0.0038169839998029183,0.003950995458882614,0.003938081000422499,0.003340732230165978,0.001698524298959714,0.0029483036419768725,4.175409667149224E-4,1.0,4.954005665970683E-4,0.003916766948370701,0.003503741762958459,0.004084033072297435,0.03588207460222222,0.0044078300845319515,0.0027658586365467007,0.0028441679218881577,0.0037138046158273937,0.003902742324371542,0.002780701521877102,0.001656966323199155,0.0020384926274870743,0.004525174801378012,0.0036765026976490213,0.003433342511279709,0.0020279622127245124,0.03535326410859042,0.0035954271582864733,0.003732835386444567,0.003083303535243175,0.002045429802815602,6.040262769344188E-4,0.004281134789660206,3.5231571459089505E-4,0.00270738797573417,0.0034876399349328844,0.017771589059297432,0.04161370210179878,0.0036078441000761204,0.001824703590943183,0.003550292379640533,0.006922754041863297,0.0014641239583603918,0.0034459235823671407,0.004107141776712613,0.0011790135150476575,0.023693095551422017,7.273465234408461E-4,1.813182526047585E-4,0.0011623116725183306,0.003873560802203314,0.0021475798447167455,0.0029437516213949083,0.0014423351959833013,0.008038792384721567],[1.2022108954429604E-4,4.2691344418745457E-4,2.5660704177297967E-4,1.4153547593058732E-4,3.004876949550134E-4,0.0015103749237999151,8.570447047384835E-5,3.249197547207006E-4,1.3620331691189472E-5,8.675293434448721E-4,3.511238744626648E-4,2.0233607015788635E-5,1.2291963691577466E-4,4.954005665970683E-4,1.0,3.2511643140111906E-4,3.8879184720635735E-4,4.786686670227422E-4,0.030686016694885496,9.792236080716514E-4,2.791336244836483E-4,3.5189424450056995E-5,9.239684333962105E-5,3.694614252041709E-5,1.5247918952073658E-5,2.8239705671866148E-5,2.25530102644496E-4,1.3125722621498418E-4,4.3223245943109555E-4,2.9210651857523314E-4,0.0014795518084351265,0.022939495944459477,1.2588772691561847E-4,3.376684574149092E-4,2.144460270675747E-4,7.638765429949279E-5,1.3090176967186233E-5,0.0024046505458164328,2.3879976125598228E-5,8.884109973590014E-4,7.618507707603016E-4,0.012762750347439122,0.006877762761710377,4.0929151174135256E-5,1.696741361582956E-5,0.002785458656791151,0.006197821109366293,1.6695043379261058E-5,1.3512891763732525E-5,1.5634105415636784E-4,1.0765119039056184E-4,0.001470326949434656,6.758147147026034E-5,2.1280022675487203E-5,1.4725970201530914E-5,8.154755665142321E-4,1.3292004508292198E-5,1.9628222695697338E-5,1.2927330620974424E-5,0.01262159612590297],[4.940339750972157E-4,0.003100443275853776,0.0027103948459366806,0.0030335468019950934,0.0019446936892264016,0.0035510889210670733,0.002427816325750581,6.964193391141604E-4,7.308828124661475E-4,0.003044225272962202,0.0013966220297025583,0.0034597132805677367,0.0025481541865754907,0.003916766948370701,3.2511643140111906E-4,1.0,0.0014048903372212266,0.0012216902319763159,0.03344590540778088,0.0038824307996064545,5.593424879748609E-4,7.432997290118232E-4,0.0011320819677950863,0.0016959392717770506,2.9335109381940547E-5,0.003634060702924831,0.0035821059841367837,0.0042189028535099884,0.0026247479727903996,0.0015363576317966722,0.0025927452037103234,0.016342395170497792,0.0029647376492252285,0.0037171636163929817,0.003436864461197587,0.0023017975689783535,0.003627927065489881,0.004121291612870185,0.0035273366798402508,0.0027918254741690664,0.0033113784156236234,0.00986352359813312,0.012026027551788377,8.683254343966753E-4,0.0021353690357372138,0.003161093758232134,0.005877906906289117,0.0010964473601817377,0.0021898117651315725,0.0024975144053069015,0.0012845037612502232,0.013735868377533867,0.0023564183340827175,0.0017865816582246954,0.0032321256174446065,0.0030901062976387405,0.00265752468179018,0.0025571900422947163,0.0016792109712456824,0.011651735675091887],[3.66945357046995E-4,4.534690702488091E-4,0.0010584245177519725,9.136654816526426E-4,9.132664149635596E-4,0.0015112291726422336,1.8349655719869894E-4,3.8502872102125473E-4,1.2650282344114062E-4,0.0013736853902510402,7.237261191107571E-4,1.9379465142381816E-4,1.7785524153505293E-4,0.003503741762958459,3.8879184720635735E-4,0.0014048903372212266,1.0,8.704896628935522E-4,0.02133794945241009,0.0034335195378051276,3.8145927853428104E-4,1.376343778790847E-4,2.2389215808263293E-4,3.260544090712537E-4,1.7962572757247608E-4,2.3279458427302152E-4,0.001138019991629494,0.0030496419614589165,0.0011692872170409846,5.955580180212996E-4,0.0014565424055312346,0.07023041812134743,0.0013733304890067384,0.0011081350361918832,2.692370835389373E-4,1.6952534739879724E-4,2.1109360133053E-4,0.0018182679641968711,1.5387815952613975E-4,6.823245176502406E-4,5.824728387932756E-4,0.017553058599628933,0.013986947719476596,2.537992968461959E-4,1.5341669394747383E-4,0.0027419428849433233,0.005477238797430225,2.3256237972639457E-4,3.5590124379405845E-4,4.1331921511020996E-4,3.1786973379797445E-4,0.027755336596598356,3.2048901525163977E-4,4.22799077094887E-5,3.4774644594665847E-4,0.0025145060174671693,3.3894234279849836E-4,1.6031624420837734E-4,3.2114942874121946E-4,0.001562868247434159],[5.592327617005839E-4,0.0012858502634434518,0.0010911005186623895,0.001184596886152696,0.0012778390776471802,0.001234406540552395,5.215941406064994E-4,0.0010344010325769053,7.357359520930081E-4,0.0012410118489602627,8.995677152199538E-4,6.099052572822998E-4,2.1093663379906632E-4,0.004084033072297435,4.786686670227422E-4,0.0012216902319763159,8.704896628935522E-4,1.0,0.04846394708453571,0.0043311589425775844,6.701294010724758E-4,2.2857452399060343E-4,5.551961255423042E-4,3.5286957155109943E-4,0.0010345253336779769,6.929700208403986E-4,0.001065817652731322,0.0025253659550171295,0.0010715826383840275,0.001062007330550146,0.001399313463011286,0.06571780279895847,0.00115161517097431,0.002608452754107761,7.541179111377283E-4,0.0010436748797894068,9.71596808060357E-4,0.0022706416110189662,8.67095226630214E-4,0.0011249776999449554,0.0013265263387656386,0.021147194118374596,0.03772920187572393,5.730867962236322E-4,3.5474533761688855E-4,0.0019225791402137941,0.002021675413128953,6.880208000099208E-4,4.0699336150784E-4,9.45764354238499E-4,2.0478496322711326E-4,0.01835643143073811,5.781106514261449E-4,7.046314039283167E-4,9.368354893264394E-4,0.0017503427898620482,2.9974933015191472E-5,3.018611356827767E-4,4.0214267909617526E-4,0.01173372070215979],[0.004069109394128782,0.03767930734170042,0.018696622404267286,0.04430377156926168,0.0555732449729558,0.02233248745334632,0.03755795558619826,0.010712188869880795,0.04720701343526323,0.012445536761622081,0.006200744710907982,0.05367782423077733,0.025379257363462665,0.03588207460222222,0.030686016694885496,0.03344590540778088,0.02133794945241009,0.04846394708453571,1.0,0.042582111368388034,0.03449741575252963,0.03972676601957053,0.050626004915921514,0.03218202361453784,0.03865134325051666,0.021950531524830442,0.05843422075287673,0.03787259527708636,0.04916827595326442,0.04882123801828487,0.021877412416502175,0.07356480128890756,0.06078490697424337,0.05089432277578961,0.030180744147347973,0.04494676274036023,0.010054547692210918,0.05835138234556812,0.024820431074237936,0.019110507597239187,0.02013205140848364,0.03612050520496547,0.06188023243905629,0.058992467989005766,0.04061181984860631,0.01598846224909546,0.027218874759261748,0.05078542978951291,0.05616823046227941,0.041944464665086854,0.009459509015386622,0.04620976613112593,0.057590247902338604,0.029851552864835314,0.016254413264422375,0.00948802111198448,0.05258036318719987,0.027457553902155107,0.0592258535181729,0.023775070985850317],[0.0016243402714426472,0.004265392658303058,0.0032043729467513857,0.0036686359245116963,0.004423013342706006,0.0030242931928828416,0.002888330562343275,0.003571600910602462,0.0031584936449208807,0.0037139803664443362,0.0012239589385504568,0.003951124114727383,3.849479118241936E-4,0.0044078300845319515,9.792236080716514E-4,0.0038824307996064545,0.0034335195378051276,0.0043311589425775844,0.042582111368388034,1.0,0.0034367333852580715,0.002506834156816235,0.0024531043991619424,9.830487472965578E-4,0.0015733865682286286,9.405339067148978E-4,0.004001882695432612,0.004504687005897303,0.0014884379725958504,0.004006745440651947,0.0029893184404782636,0.03451757887509629,0.0025466278787415644,0.0032747636226503523,0.0021345576750301833,7.477302034833969E-4,0.0042878889977362895,0.0044068390586505515,8.479285751856262E-4,0.0015857305872130356,0.003764275320879083,0.027604933106385413,0.03458866782424247,2.2043082385439158E-4,0.002451529701483134,0.004293368693079925,0.005454924751799545,0.0014313140471708915,0.003508982123885791,0.003744036495123295,0.0010812527772478594,0.01703229198899251,0.002019069822382457,0.0010044798434921654,3.4419045531490234E-4,0.003486173066491608,0.002028601683435716,0.0025084732579128545,0.0010423860877938548,0.010640650029283735],[2.744567001873045E-4,9.426777558457759E-4,0.0011659053016859012,4.467722695307431E-4,5.143068432208148E-4,0.0017088588983697169,1.7467783321508353E-4,3.21056454822437E-4,1.166115054031508E-4,7.128930406878031E-4,5.464269796058865E-4,3.130927023468956E-4,2.941435467445872E-4,0.0027658586365467007,2.791336244836483E-4,5.593424879748609E-4,3.8145927853428104E-4,6.701294010724758E-4,0.03449741575252963,0.0034367333852580715,1.0,1.4411075303302534E-4,1.652904055973076E-4,3.1551160760285197E-4,2.463439460990221E-5,2.1134775947349117E-4,4.958254735380337E-4,5.202143001171868E-4,8.519955368704981E-4,7.363125789273997E-4,0.0015763746663558275,0.06498852710790129,0.0011898819022544082,0.002192275508975016,2.7116447665908466E-4,1.585752837723781E-4,4.128097665968783E-5,0.0036640162413703607,3.864737072258419E-5,7.018393207075685E-4,0.0010615878848991578,0.021845192579612663,0.03505955681779825,1.9405850588920807E-4,1.0251234665785446E-4,0.002597357814108027,0.003563898481385,2.7119970061360757E-4,2.702246205944696E-4,5.037382395212846E-4,2.9377468837263766E-4,0.00799247505029899,2.9633535429536724E-4,2.0938007476504887E-4,2.0293099195251005E-4,0.0025839722869252495,4.6462467433326586E-5,1.0210449312522685E-4,9.529646999055607E-5,0.00600805321670046],[1.9533356497222664E-4,6.793947972754299E-4,9.700808688067577E-4,9.77115511517254E-4,8.792883088581825E-4,0.0014807498376519733,1.1927399107308515E-4,1.5411769027128048E-4,1.0488696400433946E-4,5.349334704446065E-4,7.90924142709254E-4,9.50972496002631E-5,1.1236597135282626E-4,0.0028441679218881577,3.5189424450056995E-5,7.432997290118232E-4,1.376343778790847E-4,2.2857452399060343E-4,0.03972676601957053,0.002506834156816235,1.4411075303302534E-4,1.0,1.553301426703114E-4,1.9484668700949783E-4,5.766878061810223E-5,6.326494353073829E-5,7.143267067415233E-4,0.0039518923284137695,3.587208109707967E-4,2.893623159341051E-4,4.775953250527205E-4,0.002224101091444471,0.0017020310258403955,0.0014314499915242195,1.6761472512628718E-4,1.1382839480401707E-4,6.748666611749647E-5,0.003712229603374902,6.736067795471521E-5,6.464748890326516E-4,6.308531881219431E-4,0.02306578826738417,0.0014923656056713241,7.583079060484641E-5,2.9370630059109444E-5,0.002019432543767496,0.0056736691991178595,1.0961652132909997E-4,8.270037343797655E-5,4.890256285742835E-4,1.2105415157890039E-4,1.3545816363628064E-4,1.0920028123559313E-4,8.493149910170059E-5,9.622018893595181E-5,0.002228570402834208,8.248289590292714E-5,8.081560577755249E-5,8.903746357431333E-5,0.0035785393246558547],[1.6370684130501568E-4,0.001280099619076432,2.894269311886947E-4,7.926867476435158E-4,0.0010814556255291376,0.001656927122268083,1.6332274627343485E-4,2.3392339997330987E-4,6.190443686235201E-5,0.001506382378389589,4.776361289086108E-4,1.1011402954636728E-4,1.513272217039088E-4,0.0037138046158273937,9.239684333962105E-5,0.0011320819677950863,2.2389215808263293E-4,5.551961255423042E-4,0.050626004915921514,0.0024531043991619424,1.652904055973076E-4,1.553301426703114E-4,1.0,2.3541868702175637E-4,1.061152680394991E-4,1.1655532532436674E-4,2.669221304908571E-4,0.004637174576195488,9.161752701569472E-4,9.070567847432469E-4,0.001054178977583085,0.03414057105620052,0.0012303214925504687,0.002471817421884632,1.8317382033582142E-4,1.2993610432087825E-4,6.526239053189653E-5,0.0011460219518158272,6.04145711903102E-5,6.42034313192168E-4,8.756409615194429E-4,0.0017416050515956976,0.020807701569281738,5.427184332174283E-5,3.4906964156509935E-5,0.001972318998377962,0.005542782416309982,1.4296736742458886E-4,1.4146275257423334E-4,5.00429057129191E-4,1.3320040895502743E-4,0.006336438167089348,1.5762546843466155E-4,9.290394442577925E-5,3.171626557012465E-5,2.1777134189608413E-4,1.3302500860823922E-4,9.984749140726161E-5,1.1793535505540144E-4,0.011920065793792806],[2.7246788692061684E-4,8.462942033042022E-4,3.8159604754967025E-4,9.167908051439759E-4,5.282717959697408E-4,0.0014290691083871441,2.2736798542366017E-4,2.9968201440678296E-4,8.27935451234427E-5,6.17732578878765E-4,7.919245014422423E-4,1.360670922875256E-4,1.8548838390986352E-4,0.003902742324371542,3.694614252041709E-5,0.0016959392717770506,3.260544090712537E-4,3.5286957155109943E-4,0.03218202361453784,9.830487472965578E-4,3.1551160760285197E-4,1.9484668700949783E-4,2.3541868702175637E-4,1.0,1.7939753527871578E-4,2.60952621131045E-4,7.6130812923574E-4,0.0017492050542691857,4.86562938551017E-4,5.193794617253937E-4,9.183111458794198E-4,0.021778429178503977,0.0010279553185993037,7.742261488330218E-4,2.4548930679051155E-4,1.731056230572983E-4,1.5353014447147613E-4,0.0019925735463139876,2.5787444405180515E-4,0.0010379460301793094,9.40879679328639E-4,0.018919116386246226,0.03025225425881322,1.8580589510904693E-4,2.0977175558301882E-4,8.694442320626875E-4,0.0033101503667133983,1.971444328733393E-4,2.272527779331212E-4,3.22387615671599E-4,1.3982042910129893E-4,0.013363800578829993,1.2679076071763816E-4,1.0552302161399653E-4,1.1541362186569329E-4,0.0017791910373067894,1.1240539279029884E-4,1.4416979876950798E-4,1.6809830841536154E-4,5.018451672921501E-4],[1.265836876475927E-4,0.0011188589200229614,2.0735402206117207E-4,0.0010157112836912457,2.46092308648058E-4,0.0013885084741303846,1.2153121454164581E-4,1.0637881734216304E-4,1.7853606789524527E-5,5.152692383249449E-4,6.700873060723487E-4,3.6022329059118775E-5,6.423323300203874E-5,0.002780701521877102,1.5247918952073658E-5,2.9335109381940547E-5,1.7962572757247608E-4,0.0010345253336779769,0.03865134325051666,0.0015733865682286286,2.463439460990221E-5,5.766878061810223E-5,1.061152680394991E-4,1.7939753527871578E-4,1.0,2.666729010935583E-5,0.0010685417120146236,0.0034482576076815923,8.973894484754144E-4,3.5137711506915033E-4,6.66978548653247E-4,0.060038431033057865,0.0017176288986615893,0.0024180488693842698,6.476548813242483E-5,5.351732599647089E-5,1.2484906621072309E-5,8.222416222083785E-4,2.0400322170397017E-5,4.3969875495066863E-4,0.0015511375820719678,0.0036875224115749173,0.019555191767707907,2.3361900706417276E-5,1.8539768520736524E-5,9.78660989192763E-4,0.0052468118356457025,2.6336126219100703E-5,1.558697569651051E-5,5.728129502924741E-4,9.199366981151372E-5,0.028313949695382087,3.4139813085361985E-5,2.159179273886501E-5,1.8002298474266788E-5,8.644020405159585E-4,1.344288001509191E-5,1.6600185118598714E-5,1.494925357975693E-5,0.012298528603884203],[1.3212361753743161E-4,3.905981847725482E-4,2.3132887018939582E-4,8.354068704950698E-4,4.547365818326393E-4,4.4094708157033677E-4,5.069133368983224E-5,2.474024792545117E-4,4.5401333588050766E-5,4.4703796192210106E-4,8.267561458401289E-4,6.017432523037083E-5,1.213382268382148E-4,0.001656966323199155,2.8239705671866148E-5,0.003634060702924831,2.3279458427302152E-4,6.929700208403986E-4,0.021950531524830442,9.405339067148978E-4,2.1134775947349117E-4,6.326494353073829E-5,1.1655532532436674E-4,2.60952621131045E-4,2.666729010935583E-5,1.0,9.119028563701686E-4,0.00194920120623999,5.634977324818825E-4,2.0953152570760594E-4,0.0013523758882257957,0.009780901320506703,5.738936473090009E-4,0.0021728700756785324,9.388142677903795E-5,1.0126233096056566E-4,4.419492048845197E-5,0.0011053965599686466,2.9948106746949223E-5,8.151335635318312E-4,5.74945074258751E-4,0.020365831594497445,0.04321515189177046,4.973566462114242E-5,3.305994363685176E-5,0.002532864535052971,0.0064497434132265415,8.584916760999553E-5,3.9182208411358245E-5,6.877669100826522E-5,1.1199757968572528E-4,0.015287434813230286,9.783958033028991E-5,4.279390276646275E-5,2.3489454234702408E-5,0.0022408751951425994,4.0725609594704685E-5,6.342941951679671E-5,2.1701191151385994E-5,0.005418883745780704],[7.873607390964623E-4,0.0012872437222544292,0.0012007621219480079,0.0012472100039983731,0.001288288865119391,0.002028272268141159,2.2461375297901838E-4,5.924939032690875E-4,8.634818874443259E-4,0.0016966505561616901,0.001199780654645776,4.2793056916949374E-4,1.417731439805275E-4,0.0020384926274870743,2.25530102644496E-4,0.0035821059841367837,0.001138019991629494,0.001065817652731322,0.05843422075287673,0.004001882695432612,4.958254735380337E-4,7.143267067415233E-4,2.669221304908571E-4,7.6130812923574E-4,0.0010685417120146236,9.119028563701686E-4,1.0,0.003872737471430923,0.0012318174320128771,0.0010831458482459693,0.0012694238040907367,0.02694498612321972,0.001707410292681315,0.0020029992403881956,6.055288153615931E-4,3.794441957416312E-4,0.001145040494414036,0.0014491602363248266,1.29581395011557E-4,0.0012359312259109863,0.001410234599439779,0.00899673594925133,0.034206127302056064,9.360400527140338E-4,7.528578531482066E-4,0.0019712666319642,0.001720241250367254,6.604158269161718E-4,6.850903960156776E-4,0.0012088470494621404,9.308008467401271E-4,0.003700170037592106,6.870029715287637E-4,0.0010529187761787043,4.053695073979213E-5,0.0025189769280919254,3.194130851780936E-4,0.0010957954418043354,0.001086548280001165,0.008209087282863625],[5.296271018120386E-4,0.0026844467158100172,0.004210912362828325,0.0017893841374139277,0.0015321259470235241,0.0034864821878216124,0.0010137809819685002,6.148668415085201E-4,7.150914761981297E-4,0.0038485703345857137,0.0029467783480746053,2.487394350437265E-4,3.67149970775558E-4,0.004525174801378012,1.3125722621498418E-4,0.0042189028535099884,0.0030496419614589165,0.0025253659550171295,0.03787259527708636,0.004504687005897303,5.202143001171868E-4,0.0039518923284137695,0.004637174576195488,0.0017492050542691857,0.0034482576076815923,0.00194920120623999,0.003872737471430923,1.0,0.0012389880567627795,0.002122196119328232,0.003950544204058273,0.03943608989472275,0.0029774346137719787,0.0034752886706275548,0.0015112023394246216,1.2736832809111004E-4,8.706025702129918E-4,0.004696913847790299,0.003201573048814492,0.0019995813340739845,0.0019042897693647598,0.023229910787225867,0.03443100861125213,4.334173270839441E-4,0.0033972602141641786,0.004586348388491902,0.005239118413298211,4.4646851153427994E-4,0.0015539451792248075,0.0021239971609900454,0.0026046418402663756,0.008430739459071343,8.675945616689847E-4,0.0018187612758708445,0.0016777721660676903,0.003328519899638941,0.0029091541163215485,5.167239504041316E-4,0.0032942944224698687,0.014288182930692242],[5.607025906608525E-4,0.0012584055011521868,0.0012122452887823646,0.0012485271997403971,0.0013012275217896916,0.0014755431407940335,0.0011307439389647224,5.477992510203148E-4,5.649915395360403E-4,0.0014987030773097455,0.0010666990063319477,4.637430054853171E-4,3.2903537584719764E-4,0.0036765026976490213,4.3223245943109555E-4,0.0026247479727903996,0.0011692872170409846,0.0010715826383840275,0.04916827595326442,0.0014884379725958504,8.519955368704981E-4,3.587208109707967E-4,9.161752701569472E-4,4.86562938551017E-4,8.973894484754144E-4,5.634977324818825E-4,0.0012318174320128771,0.0012389880567627795,1.0,0.0010998438427344123,0.0012767914147687406,0.053943923641170705,0.0014396235905797092,0.0017254171832513736,5.871117996739258E-4,6.501137817068608E-4,9.84300311903998E-4,0.0023180294380939987,7.340430900334091E-4,0.001187250482524545,0.001593206587606936,0.016611506649319492,0.0236069533511684,9.444980878221245E-4,2.7013632270194126E-4,0.0025068034349611185,0.0016127954132001817,3.9903293539476133E-4,3.008602967204009E-4,0.0011492121110228475,7.082259509738312E-4,0.01559696850281491,8.332918614348446E-4,6.229065247920847E-4,3.9011354140342346E-5,0.002455732910739014,3.680208818130511E-4,9.876266267148089E-4,6.508596089283645E-4,0.002782258339466365],[6.262809784785235E-4,0.0010954384942576398,0.0011595454449198654,0.0011916981797171103,0.0011393117262574483,0.002861619020235188,1.938895599227252E-4,4.6812950206862714E-4,0.0010048038010173662,0.0014556641546264416,0.0010197147945448092,6.28579100447485E-4,6.338333126356292E-4,0.003433342511279709,2.9210651857523314E-4,0.0015363576317966722,5.955580180212996E-4,0.001062007330550146,0.04882123801828487,0.004006745440651947,7.363125789273997E-4,2.893623159341051E-4,9.070567847432469E-4,5.193794617253937E-4,3.5137711506915033E-4,2.0953152570760594E-4,0.0010831458482459693,0.002122196119328232,0.0010998438427344123,1.0,0.0014327740716025626,0.01989002049470111,0.0017939067805440505,0.0021789487918651147,7.782493718256907E-4,0.0010282509599689245,8.40049829655948E-4,0.0025206739421359597,6.936967920715923E-4,0.0011776152779623666,0.0013681845191242732,0.004097550127503932,0.008153318035584368,8.296526767682106E-4,4.186181624017881E-4,0.0016341847702526246,0.00781050638406074,1.9516059374437408E-4,8.356147947613052E-4,9.83037550534619E-4,0.0010396371063410743,0.023904263486776055,4.5316946906882286E-4,3.8041954558841863E-4,5.694901491626593E-4,0.0017041915091772692,9.047323246692113E-5,9.130677054365353E-4,2.9079766755363783E-4,0.006300127914674167],[2.6706666655793785E-4,0.001351533369039002,0.0013425804533839835,0.0013807384419902864,0.0014543342699359107,0.0025742996855743134,4.129283314519285E-4,0.0012560799794046934,0.0013393907541696544,0.0017005020198137511,8.731346555708762E-4,3.591789666637011E-4,3.1724648754877347E-4,0.0020279622127245124,0.0014795518084351265,0.0025927452037103234,0.0014565424055312346,0.001399313463011286,0.021877412416502175,0.0029893184404782636,0.0015763746663558275,4.775953250527205E-4,0.001054178977583085,9.183111458794198E-4,6.66978548653247E-4,0.0013523758882257957,0.0012694238040907367,0.003950544204058273,0.0012767914147687406,0.0014327740716025626,1.0,0.08791225934588628,0.0017425068635980921,0.001903195565814504,7.695448053617188E-4,2.7396821350599866E-4,0.0014214004982168456,0.004144247799783403,0.0011074516531083603,0.0013787269470320132,0.0016124125708337602,0.005715612206159806,0.018530035765469105,8.575545112805086E-4,6.744581174120147E-4,0.0021295397062516585,0.004802698129275815,7.511505242272274E-4,0.0013610975977938573,0.00137178220116662,5.317411005904425E-4,0.015223406339931007,5.591124737249405E-4,1.365678378497893E-4,1.2789639495681458E-4,0.0025146988480350893,1.4698055106343358E-4,4.4969210625711185E-4,0.0011166204125473173,0.0017169444122582306],[0.02901286868600997,0.03137205471448693,0.037813898483428456,0.050032631538594795,0.0389197274266996,0.055777541054646704,0.027389777269307167,0.06126552039291782,0.05391269652106789,0.03621685702419724,0.05491061782874252,0.042309172956014454,0.05212080163592164,0.03535326410859042,0.022939495944459477,0.016342395170497792,0.07023041812134743,0.06571780279895847,0.07356480128890756,0.03451757887509629,0.06498852710790129,0.002224101091444471,0.03414057105620052,0.021778429178503977,0.060038431033057865,0.009780901320506703,0.02694498612321972,0.03943608989472275,0.053943923641170705,0.01989002049470111,0.08791225934588628,1.0,0.058555279601511474,0.08091636613667275,0.030833900672038225,0.07382021135176964,0.08751218304924903,0.04779917166997507,0.0591474058130402,0.03972491983318455,0.0063