[[1.0,0.007850713862812426,0.003597913784160455,0.0019619230159867067,0.004096819002634806,0.006764176791058722,0.005533371230715696,0.005933211700048538,0.004010320098276163,0.0031350357880463283,0.005657836687000898,0.006862940940217484,4.205212211100554E-4,4.196670067598674E-4,0.00744802676252036,0.006377883997608096,0.008604118963049029,0.005594297522921255,0.003185550194721387,0.007283828028609177,0.0027643724968285663,0.007394002156748659,0.0020316468781958158,0.007143405264953837,0.007813331634890954,0.001767356309998631,0.007227456816005646,0.007453518296017887,0.007649831537559633,0.006346605873460433,0.07378195345844561,0.005163662354384788,0.0025019725260256717,0.007859105836463329,0.008834688954839302,0.0048704744166008255,0.009971135092552078,0.004510783258013303,0.0028041205636703784,0.006151014427893414,0.010267634336586957,0.008474172104932017,0.007533490473220349,0.007431291474344818,0.008694643025753634,0.002866140117105235,0.005448476035996368,0.005847560218854066,0.0055991257595151295,0.006925075011219038,0.008087900034226098,5.977689325876916E-4,0.0055185578837174615,0.0071983813640723706],[0.007850713862812426,1.0,2.549523348350357E-5,2.0106274666791363E-5,1.1519937454891066E-4,0.0010555977983201187,3.471439529259754E-5,1.4305380040144705E-4,1.4983358819090975E-5,4.0005847737956324E-5,3.8564471077714573E-4,1.5686623048327163E-5,2.065358070740409E-5,2.478629990500084E-5,6.016058931263747E-5,8.711606863462874E-4,0.0035176779816398994,1.4466296676839366E-5,1.0130761324067583E-4,3.779459040620962E-5,1.7924249607227698E-4,7.585413390886085E-4,0.0015872562814719133,1.336576832711189E-4,0.0021780584167150623,7.040374040859163E-4,6.931891075996513E-5,1.4737428615289462E-5,0.001117540539752647,1.3652326677249517E-5,0.0677968929466242,1.2867653166557543E-4,2.9358685964330736E-4,2.129893687087426E-4,0.007361702073460082,2.0557697458952487E-4,0.0045953199662687036,1.1271067578340368E-4,1.1238869558503676E-4,1.3905422763995649E-5,0.0043405541231259955,0.005089466217398953,1.8070945937604746E-4,6.057956947639304E-5,0.014037598241031264,1.1256938085927103E-4,1.1447468995938531E-4,1.2750897453733345E-4,1.9564944032460064E-5,1.3810126955340729E-5,1.478113167287414E-5,1.0237279331187733E-4,0.0013956126305173454,2.3391892054540574E-5],[0.003597913784160455,2.549523348350357E-5,1.0,2.1761774767829208E-5,2.0214603043778313E-4,9.014002504046638E-4,1.033840116887131E-4,5.020523017430538E-5,3.232685960111731E-5,6.0254592936107354E-5,1.4576825631812287E-4,2.9125510564728848E-5,3.246573971528775E-5,3.9209239815117475E-5,4.187311414734186E-5,0.0016928496361660022,0.0025202678124178588,1.739099679557032E-5,1.1669812016465333E-4,4.538141790175425E-5,3.7922901755881803E-4,0.00348436423670747,3.9152312656145556E-4,1.1898200870205674E-4,5.4754515698388545E-5,0.001208811921205392,6.384675314173146E-5,1.4531071452446082E-5,0.0019436407105479735,2.6376634570390307E-5,0.028174184044580466,1.2740077455585712E-4,1.173332694710654E-4,3.676293506172584E-5,0.0016217011944478132,2.6078013136748786E-4,0.0034914305371539062,1.0829023019216465E-4,9.977910152788984E-5,1.8198035672491187E-5,0.004197106606074681,0.011113864183051176,0.0023738908388771674,3.6843527809875205E-5,7.837728263199753E-5,3.376891695272223E-5,1.3864849334864832E-4,6.0634654699007236E-5,1.0106611924364458E-4,3.0118318846874737E-5,1.9892090353196227E-5,2.044107508305999E-4,4.461759007547171E-4,6.466696650980781E-5],[0.0019619230159867067,2.0106274666791363E-5,2.1761774767829208E-5,1.0,4.602099425168786E-5,1.380430538101117E-4,5.427324453266994E-5,1.1866420834867311E-4,1.638777648133974E-5,5.8553809999944986E-5,1.0560637513833189E-4,1.807048906062536E-5,2.2266410595481477E-5,2.262773579377548E-5,7.46019790818624E-5,0.0011928064176061194,0.0011092317637507946,1.5371378517667197E-5,3.6537757607658526E-5,3.18180876047565E-5,1.4123573752570422E-4,0.0018617166987453956,4.853225423285161E-4,2.489237348014141E-4,4.212190496764112E-4,0.0012936686631608342,1.0509469589971447E-4,1.483946235158318E-5,3.8737725519402114E-4,1.4432943228750248E-5,0.05440719803124182,4.662586130999224E-5,1.510851773292513E-4,5.8567282071908186E-5,0.005190142030123147,1.904700145132613E-4,0.009496311375815228,1.2515069826926032E-4,3.6500573912838185E-5,1.3063952732764097E-5,0.0019103606706983457,0.003343301703471423,0.0014649732249865269,1.2184680622761887E-4,6.992301618444066E-4,1.9157759254135977E-4,2.9973488157266975E-5,6.461729764895546E-5,3.588436806585528E-5,1.2417015179853698E-5,1.9817763294122068E-5,1.8244279190360977E-4,0.0019290095501500245,1.1077798497437134E-4],[0.004096819002634806,1.1519937454891066E-4,2.0214603043778313E-4,4.602099425168786E-5,1.0,0.0011033415922054,2.1016553307383573E-4,1.6280129225380602E-4,2.0942815060251568E-4,2.0325976013202938E-4,0.001007054892796415,4.4033476010998315E-5,1.0904754057212221E-4,1.3645380042522087E-4,1.8227904347668816E-4,0.0014866397050740628,0.0028915975998149036,1.1003038139651535E-4,1.8517389508226694E-4,2.0406888414204637E-4,5.594554548552279E-4,0.0013778115099354758,0.001677427896283811,2.458758749277586E-4,8.791217882818764E-4,0.0010216392316748312,1.4833926509229554E-4,1.5520781831701613E-4,0.0018359663361521919,3.151134825404041E-5,0.05040875288098659,2.0871728387683672E-4,2.9492710512438625E-4,2.10535907793636E-4,0.003948658692411472,2.2327690037941014E-4,0.006756456323694412,1.682027766338676E-4,1.9332294725780266E-4,1.52539842152974E-4,0.010297437017358475,0.010158996082889579,0.0033462029298783167,1.8376611269559225E-4,0.01655146972883959,2.425848705934529E-4,2.0899990913674272E-4,1.492495958504728E-4,1.7841954400729963E-4,6.682467955742105E-5,9.90001535415367E-5,2.1186606145298808E-4,0.0015530484079890198,1.772924634856273E-4],[0.006764176791058722,0.0010555977983201187,9.014002504046638E-4,1.380430538101117E-4,0.0011033415922054,1.0,6.595961571036812E-4,0.001923266219317759,8.005239570058273E-5,0.0016827803632500323,0.0014646524329023167,0.0012352430404351834,0.0019160126565557808,0.0012786586746518591,7.631992222391387E-4,0.002297947674309357,0.0037464694220952035,0.0018933498627102124,0.0012229561087507843,0.0010141276069082512,0.001150982046445264,0.006324879116445744,0.0018488687337051878,0.0017204171448091728,0.0023183851919156423,0.0018687663811966242,0.0016484666750862444,3.2790567355512376E-4,0.0021047767418430684,0.001751805333802603,0.05637418483453073,0.0012894023019815182,0.0015901743794872261,5.831611200193223E-4,0.003956098028414189,0.0015635035071090795,0.006928150495661135,0.001915720274838509,8.354973747382476E-4,5.597574370094921E-4,0.006187448848347725,0.010002788375985686,0.0035915095591057817,0.0010503032585742014,0.02321271036637514,0.0018355221228373514,0.0015940227673856037,6.101744428452709E-4,0.0017087585286835571,3.7879945583534346E-4,0.0018455512735693154,5.518756831052196E-4,0.002163146428948119,0.0012023113199588703],[0.005533371230715696,3.471439529259754E-5,1.033840116887131E-4,5.427324453266994E-5,2.1016553307383573E-4,6.595961571036812E-4,1.0,1.4370536556677094E-4,1.2545292223018156E-4,1.8410421546440599E-4,1.4584368920184538E-4,5.2928831593340405E-5,9.31179877923645E-5,1.0178527835951746E-4,1.1173379160101912E-4,7.864658228281103E-4,0.00809186728715237,7.980498730585466E-5,1.4516729286507697E-4,8.057811667799891E-5,7.53693346143995E-4,0.005747510798588242,0.0011221776139807896,2.3780342545981676E-4,0.0015086239923763473,0.0012763202197374399,1.3256778422073592E-4,1.315194632846372E-4,2.5314167809824376E-4,9.125506724806101E-5,0.03957475198185628,1.379114573854339E-4,2.0986041124672973E-4,1.6975032452887605E-4,0.007400547479011427,3.5863811375559066E-4,0.008266185314001293,1.40219545940936E-4,1.3554445318423314E-4,8.11902246533166E-5,0.004063219972939381,0.003902725738509881,0.0011288024550232668,1.3655700131139163E-4,0.024647743653550755,1.4251541431686384E-4,1.4093196590667337E-4,1.4180069835187771E-4,1.5119896816655196E-4,1.261708750474244E-4,7.358112285975516E-5,1.5141527650745283E-4,0.0015836285406693308,1.3837244779870125E-4],[0.005933211700048538,1.4305380040144705E-4,5.020523017430538E-5,1.1866420834867311E-4,1.6280129225380602E-4,0.001923266219317759,1.4370536556677094E-4,1.0,1.1880091415571564E-4,1.7923728035193904E-4,7.612806921975751E-4,1.3222779780943162E-4,1.276812855893839E-4,8.084913746624009E-5,1.4185812820888716E-4,6.340303024484962E-4,5.374684209017714E-4,1.561883324396139E-5,1.4829480937240022E-4,7.760011851739699E-5,1.689526864907503E-4,0.002419298442114385,4.678553293733661E-4,1.7680790351840562E-4,0.0012332414491846952,9.173341842851589E-4,1.4522156719289482E-4,8.796964154291934E-5,0.0012240033009422511,1.3791803216182104E-5,0.05432580684933212,1.4914333147345336E-4,2.2739506960196352E-4,2.1392376067185166E-4,0.009264631643223473,2.503345351128007E-4,0.002466660651890525,1.4636876356054676E-4,1.411048660651058E-4,6.650700355276745E-5,0.00442577603545502,0.007415386660186599,0.0028647889857953647,1.4285154991893438E-4,0.010478488256559802,1.776492990265857E-4,1.4593416734873287E-4,1.4496960569024937E-4,1.5428879395633954E-4,1.944508022676508E-5,1.2057541614601134E-4,1.5654341654081623E-4,0.002107370669971721,1.4625338298088466E-4],[0.004010320098276163,1.4983358819090975E-5,3.232685960111731E-5,1.638777648133974E-5,2.0942815060251568E-4,8.005239570058273E-5,1.2545292223018156E-4,1.1880091415571564E-4,1.0,3.8923738164841894E-5,3.9485172396502984E-4,1.579218035043212E-5,2.688801277886326E-5,4.7840802484932105E-5,3.2912364436807574E-5,4.805646104230606E-4,0.005954979800459781,1.3225433451589621E-5,8.928588575232169E-5,3.3188794648793485E-5,3.197322497585499E-4,0.006335907294623032,0.0010954520754599178,2.6373237192510744E-4,0.0015470035459898078,9.77777289627975E-4,1.7431083110117993E-5,1.553905710950989E-5,4.306025401386802E-4,1.4300776657682164E-5,0.07436686002278266,1.3362370534166095E-4,3.9814268281281E-5,1.2166382703615124E-4,0.004442260469314921,1.5333247358147276E-4,0.006298576169779346,7.945292799015122E-5,5.416712001115897E-5,1.5257362299723428E-5,0.0059280107464641804,0.0033461358014471336,0.0018474860562920682,5.647517657013962E-5,0.012665300909619698,1.6827574131609234E-4,8.722704551625726E-5,1.3687160267480947E-4,4.0699480227420944E-5,1.3845118717438294E-5,1.5406566730819566E-5,2.0296191677553335E-4,5.349663679797853E-4,1.0988768058124707E-4],[0.0031350357880463283,4.0005847737956324E-5,6.0254592936107354E-5,5.8553809999944986E-5,2.0325976013202938E-4,0.0016827803632500323,1.8410421546440599E-4,1.7923728035193904E-4,3.8923738164841894E-5,1.0,8.626141552530002E-4,1.1528983600368718E-4,1.5726883752538342E-4,1.9498379698403094E-4,7.893666654266589E-5,0.002434024274112751,0.004649900452043603,7.83216862083278E-5,1.8773121956712374E-4,5.4493074350370656E-5,7.852909863390528E-4,0.002295232296877198,4.7434564497658563E-4,2.276680439469843E-4,0.002385254146345571,5.432890910969595E-4,1.1498421470873256E-4,7.17826305813337E-5,0.001302007461075912,1.1474555470730406E-4,0.007316944308826441,1.6320170386124717E-4,2.6709811477641326E-4,2.084279955382646E-4,0.007804877249486575,3.4794483254950415E-4,0.005024746190408044,1.4817394347332204E-4,1.3354749641481233E-4,1.8695983769037564E-4,0.0039978492352660275,6.18892386396644E-4,3.4105751662517794E-4,1.6258933624231536E-4,0.020205786094797406,2.1312989913578427E-4,1.8629876898595867E-4,1.7854731729996363E-4,1.7049140584133812E-4,3.876042285701648E-5,2.85874835261288E-5,2.04516852296702E-4,0.0011939334106419923,1.6927833742926362E-4],[0.005657836687000898,3.8564471077714573E-4,1.4576825631812287E-4,1.0560637513833189E-4,0.001007054892796415,0.0014646524329023167,1.4584368920184538E-4,7.612806921975751E-4,3.9485172396502984E-4,8.626141552530002E-4,1.0,1.1924182141477614E-4,4.1760606818921166E-4,6.280558093225916E-4,1.1738660124979731E-4,0.0017273464773647053,0.007515679448328738,7.746727369826983E-4,6.817925840841634E-4,6.940661376547029E-4,9.160933096171914E-4,0.0014112708270018997,0.0014774408561066097,9.799867230253201E-4,0.0017616232747230437,0.0011269625226472564,9.378428167160155E-4,5.095770204074539E-4,0.0015690237023469461,2.050510073526541E-4,0.04351327465266222,8.481969155326607E-4,9.738187138494587E-4,6.74161832380827E-4,0.007188380383769677,0.0010239974154947406,0.004010467029273648,9.080586410448138E-4,7.564331724084069E-4,6.913953608146765E-4,0.009629649560537419,0.007879952304978198,0.0038893156360853675,6.188215382229853E-4,0.024729045141185308,7.297337006576842E-4,6.197595575058293E-4,4.6924965219280424E-4,6.945779569400833E-4,8.955401117988257E-4,4.962065730122037E-4,4.0898647523540037E-4,0.001654795430099091,2.705171332495489E-4],[0.006862940940217484,1.5686623048327163E-5,2.9125510564728848E-5,1.807048906062536E-5,4.4033476010998315E-5,0.0012352430404351834,5.2928831593340405E-5,1.3222779780943162E-4,1.579218035043212E-5,1.1528983600368718E-4,1.1924182141477614E-4,1.0,1.8416651099848334E-5,2.149605707564695E-5,7.036319372211828E-5,0.001560871827632508,0.007119905773046324,1.3967603517861073E-5,3.3089962904320793E-5,2.0445219383094788E-5,5.738299034344308E-4,0.0011612349080970918,8.938007802969537E-4,2.941463820668856E-5,0.001411351815812172,5.70760093151707E-4,1.0545811350691831E-4,1.584515927561962E-5,0.0016042215544267166,1.5939346920868976E-5,0.07429368119494906,1.2702609474343987E-4,1.6489983919557242E-4,5.8134082331316247E-5,0.009817060444402333,3.162066685370097E-4,0.0036583360467115256,8.487295086304761E-5,3.259637298041417E-5,1.394217913430162E-5,0.008541516940692951,0.011223700899182964,9.405838656324274E-4,1.2201742422114593E-4,0.011932378220376058,1.044320416558356E-4,1.3793333484251493E-4,2.7229837401726682E-5,4.9491607664172715E-5,1.5438027105541817E-5,1.3129078050951789E-5,1.8278798710855227E-4,5.697626237113152E-4,1.8682861420835415E-5],[4.205212211100554E-4,2.065358070740409E-5,3.246573971528775E-5,2.2266410595481477E-5,1.0904754057212221E-4,0.0019160126565557808,9.31179877923645E-5,1.276812855893839E-4,2.688801277886326E-5,1.5726883752538342E-4,4.1760606818921166E-4,1.8416651099848334E-5,1.0,4.9027747124111916E-5,5.85243670848341E-5,0.0016231309670130876,0.007094586100729724,1.344427426122973E-5,1.1585516244122525E-4,3.33393696820788E-5,1.640998831048872E-4,0.005054541646541894,0.0016016026657814403,2.77253929485883E-4,0.001712250287756098,3.0436149466248324E-4,8.71706253894346E-5,2.9402524799503022E-5,0.00219688096628027,2.1715971927950175E-5,0.029633076283023946,3.6467766210331187E-5,1.1335348584338647E-4,6.042520957736014E-5,0.005056725734639185,2.8418303108709614E-4,0.006456113280152786,1.1470961445035712E-4,9.345820064514736E-5,2.3733361193932393E-5,0.004095745074280862,0.008759491311438489,5.623278326002047E-4,1.1695427230751263E-4,0.021095113617493416,5.5992359338000844E-5,3.3088968731740955E-5,7.284601336047362E-5,1.519732570678431E-4,2.3705652937488613E-5,1.4336183334583935E-5,1.930182109537994E-4,0.0018935293755701886,1.3636212529349588E-4],[4.196670067598674E-4,2.478629990500084E-5,3.9209239815117475E-5,2.262773579377548E-5,1.3645380042522087E-4,0.0012786586746518591,1.0178527835951746E-4,8.084913746624009E-5,4.7840802484932105E-5,1.9498379698403094E-4,6.280558093225916E-4,2.149605707564695E-5,4.9027747124111916E-5,1.0,7.315289819847285E-5,0.0020395498257211003,6.999803847394458E-4,4.716141984254845E-5,1.3267357830331207E-4,6.0604632556452874E-5,1.443090372639459E-4,3.360228453090518E-4,7.643471147330248E-4,2.4669897331490247E-4,2.3032794579405988E-4,0.001234998396266177,9.7094318594439E-5,4.8989194888511994E-5,2.2486001115165567E-4,5.122978178167185E-5,0.014878821635993023,8.086879129280119E-5,2.3380805489452958E-4,1.8971542028086176E-4,0.005813871699121853,2.533412714860171E-4,0.002300925255762849,1.4355782125740095E-4,7.116275733044347E-5,4.559543845523763E-5,0.001209653883220487,0.011212090626209129,0.0016187613115861167,9.87831255003516E-5,0.012828579221671875,2.4139114854177603E-4,8.640152435204033E-5,1.014360470756655E-4,1.396306580164158E-4,3.1756832364770695E-5,3.821641354388707E-5,1.1006082092293843E-4,2.383550432331164E-4,1.253091195298369E-4],[0.00744802676252036,6.016058931263747E-5,4.187311414734186E-5,7.46019790818624E-5,1.8227904347668816E-4,7.631992222391387E-4,1.1173379160101912E-4,1.4185812820888716E-4,3.2912364436807574E-5,7.893666654266589E-5,1.1738660124979731E-4,7.036319372211828E-5,5.85243670848341E-5,7.315289819847285E-5,1.0,0.0018247609568315948,0.007426351349192269,2.685490467543321E-5,7.804549125408213E-5,4.7763539603682825E-5,3.7209985691335037E-4,0.003592547645295075,4.731136865220428E-4,1.390465630619259E-4,7.323666970461004E-4,9.628491612228261E-4,1.0356978390916935E-4,2.5066857098192936E-5,0.0019284365506894525,3.725023507852163E-5,0.054863734350986494,7.652353320009052E-5,1.6088672042430827E-4,1.5954253650356782E-4,0.0010286120112330476,3.7288911241591875E-4,0.0033651975727509676,1.0075362693395629E-4,1.2019273146518385E-4,7.26369473165882E-5,0.0030066869942977897,8.643613221341277E-4,0.0013277093413431981,1.0940385595514522E-4,0.0012582208858673467,1.8990394211049487E-4,1.2438078820432342E-4,8.65569878388334E-5,1.458276710411467E-4,2.701027950413187E-5,7.291251699775035E-5,1.4468888259008372E-4,6.900223120955256E-4,1.067654201687858E-4],[0.006377883997608096,8.711606863462874E-4,0.0016928496361660022,0.0011928064176061194,0.0014866397050740628,0.002297947674309357,7.864658228281103E-4,6.340303024484962E-4,4.805646104230606E-4,0.002434024274112751,0.0017273464773647053,0.001560871827632508,0.0016231309670130876,0.0020395498257211003,0.0018247609568315948,1.0,0.007099160725478141,7.656969935607842E-5,8.900181080016056E-4,8.540598966825848E-4,0.0014187360977632084,0.003677494440414231,0.002280386123821616,3.2030575983990785E-4,0.002436415572815043,0.0014228199135124754,7.249560047357091E-4,0.0011495163291575267,0.002251884024178767,0.002173638153931507,0.04432972167973854,0.0022802957855909394,0.0011955338667616372,0.0013693370746104114,0.008997542334256177,0.002384713342910658,0.00885393418807349,0.001607454722129042,6.535571835933205E-4,0.0022989655038197078,0.008934476304781665,0.00509897759907421,0.002679812895854382,0.0011208864073829778,0.01146942211674695,0.001978364708351049,0.002022483753271302,0.0013166167268052634,4.540144434870282E-4,2.8823688675186176E-4,3.6104077379199757E-4,0.0018902889827190014,0.0023599676467691787,0.002106910727636588],[0.008604118963049029,0.0035176779816398994,0.0025202678124178588,0.0011092317637507946,0.0028915975998149036,0.0037464694220952035,0.00809186728715237,5.374684209017714E-4,0.005954979800459781,0.004649900452043603,0.007515679448328738,0.007119905773046324,0.007094586100729724,6.999803847394458E-4,0.007426351349192269,0.007099160725478141,1.0,0.0057345991420314005,0.0037560338954712863,0.0016060640103668115,0.0022327759436961557,0.008300948896930234,0.0025001688305011953,0.008330665399242744,0.008316336251793907,0.00886960993517567,0.004749326750473611,0.00805990118946624,0.003332768095790306,0.004513547970061523,0.041331417354348865,0.006194683864569114,0.002036374597891377,0.005357038744955457,0.010061148623725836,0.0041427947141857045,0.009891768488279044,0.005387315960222678,0.007750985475558956,0.007558062236745694,0.009426175394975872,0.01163330467160877,0.007135215555259608,0.007337811760575567,0.015259740125703893,0.003540287695887401,0.0026865997033812617,0.003689232507646648,0.007306477648137352,4.1202050048926665E-4,0.006516758240809347,0.0012632679993771234,0.006632739885437394,0.0035085217191569203],[0.005594297522921255,1.4466296676839366E-5,1.739099679557032E-5,1.5371378517667197E-5,1.1003038139651535E-4,0.0018933498627102124,7.980498730585466E-5,1.561883324396139E-5,1.3225433451589621E-5,7.83216862083278E-5,7.746727369826983E-4,1.3967603517861073E-5,1.344427426122973E-5,4.716141984254845E-5,2.685490467543321E-5,7.656969935607842E-5,0.0057345991420314005,1.0,1.23096891456876E-5,3.429047976853683E-5,3.5954774775701944E-5,0.0042949388566081255,6.263372134350623E-4,1.4573687041518077E-5,0.0023869887344260383,8.817378556587469E-4,1.1139839537619296E-4,1.1580401936993472E-5,8.531817671326483E-5,1.302485973763647E-5,0.06309059771731507,1.304426115806778E-4,4.011075303102288E-5,1.8019231613359155E-4,0.0024825037142140742,9.76595109795174E-5,0.004465082333158119,8.168527352053555E-5,9.269907393360662E-5,1.2416210881133422E-5,0.0045601354554219795,0.0078021612696530145,0.001994759092966186,9.763248228186611E-5,0.019201809374249767,1.8483738433264961E-4,9.424486295945609E-5,4.333868773199563E-5,1.3852638647311665E-4,1.1011808004458867E-5,1.277919822220005E-5,3.0425037448980116E-5,0.0010205643773844328,1.0125741815367938E-4],[0.003185550194721387,1.0130761324067583E-4,1.1669812016465333E-4,3.6537757607658526E-5,1.8517389508226694E-4,0.0012229561087507843,1.4516729286507697E-4,1.4829480937240022E-4,8.928588575232169E-5,1.8773121956712374E-4,6.817925840841634E-4,3.3089962904320793E-5,1.1585516244122525E-4,1.3267357830331207E-4,7.804549125408213E-5,8.900181080016056E-4,0.0037560338954712863,1.23096891456876E-5,1.0,9.993346663937041E-5,7.641976318912775E-4,0.005307719038949936,6.631933242417321E-4,1.8180267801690884E-4,0.0022741028242270023,3.0167667957144866E-4,1.2840038572707138E-4,6.189320661396197E-5,0.0013646944195703577,3.3489349747961594E-5,0.0069875479861941,1.5674631443366013E-4,2.026005669074797E-4,2.092058433454511E-4,0.0049338310919754495,3.421317423715815E-4,0.0044972298143407165,1.6334518453559177E-4,1.4203885855895964E-4,8.402659183223974E-5,0.0035483307351768163,7.680666924246814E-4,7.548995273266166E-4,1.4189679763266383E-4,4.843002028867262E-4,2.0943672828879753E-4,1.7049595237576123E-4,1.5312016625246915E-4,1.7337225941209817E-4,5.952242804886441E-5,1.0843425352907951E-4,1.8306539213258446E-4,5.139793545324738E-4,1.5851183228429003E-4],[0.007283828028609177,3.779459040620962E-5,4.538141790175425E-5,3.18180876047565E-5,2.0406888414204637E-4,0.0010141276069082512,8.057811667799891E-5,7.760011851739699E-5,3.3188794648793485E-5,5.4493074350370656E-5,6.940661376547029E-4,2.0445219383094788E-5,3.33393696820788E-5,6.0604632556452874E-5,4.7763539603682825E-5,8.540598966825848E-4,0.0016060640103668115,3.429047976853683E-5,9.993346663937041E-5,1.0,6.002990277889897E-4,0.0017274711983555845,2.7862479693387403E-4,1.907971668956078E-4,0.0023609323258001872,5.292145139518548E-4,8.997826030661141E-5,2.8962587120222294E-5,0.0012178227956605697,4.514334766954113E-5,0.008512649249018144,1.4421438681101915E-4,2.0040398759227132E-4,9.246602925653195E-5,0.0010731425590370166,3.1462423640413927E-4,0.008611377332881193,7.548031669066079E-5,6.910443738729265E-5,3.863155046923145E-5,0.009610170111289684,0.007612636001927177,4.1846043308588617E-4,1.3334212955902426E-4,0.018789295223265248,2.2044721214139058E-4,4.9558488292303606E-5,4.986867123064434E-5,9.465755978003397E-5,4.351650457544798E-5,3.186240410697555E-5,1.2481100174380796E-4,8.684512801418619E-4,6.885126154264863E-5],[0.0027643724968285663,1.7924249607227698E-4,3.7922901755881803E-4,1.4123573752570422E-4,5.594554548552279E-4,0.001150982046445264,7.53693346143995E-4,1.689526864907503E-4,3.197322497585499E-4,7.852909863390528E-4,9.160933096171914E-4,5.738299034344308E-4,1.640998831048872E-4,1.443090372639459E-4,3.7209985691335037E-4,0.0014187360977632084,0.0022327759436961557,3.5954774775701944E-5,7.641976318912775E-4,6.002990277889897E-4,1.0,0.006400457532803061,9.832135740890722E-4,7.120134303506381E-4,0.0021832511391069002,0.0011421677854326628,6.004026585018136E-4,5.919157440435141E-4,0.001713684950160469,6.317140687184451E-4,0.010124427170783315,4.844446395538747E-4,6.201135416691623E-4,6.818974786475848E-4,0.00641372318738601,6.815764991197823E-4,0.0016732185045931522,5.201401754367785E-4,4.0426683627881645E-4,7.499103538984301E-4,0.0036517885791100884,0.0038316773991376833,0.001214330187792259,3.794676669437419E-4,0.005973691597412304,5.93683555022397E-4,7.90276728476991E-4,3.320409887833872E-4,1.7282392536922304E-4,7.019829479090618E-5,2.0909364708171093E-5,2.493049718353805E-4,0.0013992269346348356,4.5215080623713924E-4],[0.007394002156748659,7.585413390886085E-4,0.00348436423670747,0.0018617166987453956,0.0013778115099354758,0.006324879116445744,0.005747510798588242,0.002419298442114385,0.006335907294623032,0.002295232296877198,0.0014112708270018997,0.0011612349080970918,0.005054541646541894,3.360228453090518E-4,0.003592547645295075,0.003677494440414231,0.008300948896930234,0.0042949388566081255,0.005307719038949936,0.0017274711983555845,0.006400457532803061,1.0,0.0056150344905987045,0.001243625908804898,0.002819048955752718,0.003073174164181344,6.343036937105002E-4,0.0031170750301949667,0.004909096724638125,0.0016133615937058265,0.05501647009879907,5.066920866456401E-4,0.0032246275277159624,9.953621466792031E-4,0.0074326357998563955,0.00652378402069647,0.009508250632939605,0.005227099790193688,0.0024538428479451797,2.779574824066066E-4,0.009014657416804494,0.009698116515765423,0.006599475616336224,0.0011173249857393682,0.016794294254658143,0.003912897454678117,2.8168794490351283E-4,0.003661924141978157,0.004116972119285115,8.582619215755299E-4,0.0010754455477447883,0.0037510339050681137,0.004072571981927224,0.002049653247379606],[0.0020316468781958158,0.0015872562814719133,3.9152312656145556E-4,4.853225423285161E-4,0.001677427896283811,0.0018488687337051878,0.0011221776139807896,4.678553293733661E-4,0.0010954520754599178,4.7434564497658563E-4,0.0014774408561066097,8.938007802969537E-4,0.0016016026657814403,7.643471147330248E-4,4.731136865220428E-4,0.002280386123821616,0.0025001688305011953,6.263372134350623E-4,6.631933242417321E-4,2.7862479693387403E-4,9.832135740890722E-4,0.0056150344905987045,1.0,3.8721042924812226E-4,0.00191252822095995,0.0015927178692013468,5.033206406226947E-4,3.693987848647183E-4,0.002057690612339361,0.0011088974552754083,0.05220942463954505,0.0015450580456708857,5.306006598156082E-4,0.001640736231862273,0.0093718141502378,0.0013856509141233235,0.0025015545459082193,0.001249616801984216,8.487249510020688E-4,0.0016508841054564162,0.009369791664958943,0.005107080763505621,0.0030916267126810384,0.0016798252561461228,0.004297183304285565,9.431411977925306E-4,0.001476384515335447,0.0010477268588646171,7.192876041688559E-4,8.385371269174284E-4,0.0013016371287970373,0.0013412555489252503,0.001759496423769024,5.217916864535258E-4],[0.007143405264953837,1.336576832711189E-4,1.1898200870205674E-4,2.489237348014141E-4,2.458758749277586E-4,0.0017204171448091728,2.3780342545981676E-4,1.7680790351840562E-4,2.6373237192510744E-4,2.276680439469843E-4,9.799867230253201E-4,2.941463820668856E-5,2.77253929485883E-4,2.4669897331490247E-4,1.390465630619259E-4,3.2030575983990785E-4,0.008330665399242744,1.4573687041518077E-5,1.8180267801690884E-4,1.907971668956078E-4,7.120134303506381E-4,0.001243625908804898,3.8721042924812226E-4,1.0,7.604275219781163E-4,0.001173047193958126,2.4490169800136E-4,1.3811569720623915E-4,3.803827163695419E-4,1.0540976262427278E-4,0.06347031587327429,2.1431511442918246E-4,3.071519822530925E-4,2.5470837330066867E-4,0.0063645829352407925,2.9868132255989396E-4,0.004444328540400458,2.0158597439300118E-4,2.7387247785067015E-4,2.276670487361635E-4,0.00153672879189866,0.00923072641397062,6.884701241985247E-4,1.84402718990075E-4,0.004794838373097465,2.736507162759588E-4,1.770081867772489E-4,2.6899215305106354E-4,2.844720435627125E-4,2.854105129597209E-4,1.235835791635016E-4,2.3799321917658355E-4,0.0017874983731869334,2.0005604463508257E-4],[0.007813331634890954,0.0021780584167150623,5.4754515698388545E-5,4.212190496764112E-4,8.791217882818764E-4,0.0023183851919156423,0.0015086239923763473,0.0012332414491846952,0.0015470035459898078,0.002385254146345571,0.0017616232747230437,0.001411351815812172,0.001712250287756098,2.3032794579405988E-4,7.323666970461004E-4,0.002436415572815043,0.008316336251793907,0.0023869887344260383,0.0022741028242270023,0.0023609323258001872,0.0021832511391069002,0.002819048955752718,0.00191252822095995,7.604275219781163E-4,1.0,0.0019474779728198088,3.821109728073518E-4,5.636577573011029E-4,0.0022750199844337924,8.311532722575674E-4,0.0456309467073246,7.22950928087111E-4,0.00154396188758916,6.290683630401752E-4,0.004958183139647668,0.002121591693255109,0.007097150836499019,0.0021359856551113054,0.002005933069377956,0.0013789963445551506,0.007152937730403021,0.007360669543993165,0.0035244194071255485,7.662098964198414E-4,0.020429947878979116,0.0015171418956592161,4.3126339962793E-4,8.863935220174629E-4,0.0019835938599320753,1.3243536492956392E-4,0.0016440459178597734,0.0012436855383124391,0.002415001923802779,0.0015608359481784088],[0.001767356309998631,7.040374040859163E-4,0.001208811921205392,0.0012936686631608342,0.0010216392316748312,0.0018687663811966242,0.0012763202197374399,9.173341842851589E-4,9.77777289627975E-4,5.432890910969595E-4,0.0011269625226472564,5.70760093151707E-4,3.0436149466248324E-4,0.001234998396266177,9.628491612228261E-4,0.0014228199135124754,0.00886960993517567,8.817378556587469E-4,3.0167667957144866E-4,5.292145139518548E-4,0.0011421677854326628,0.003073174164181344,0.0015927178692013468,0.001173047193958126,0.0019474779728198088,1.0,0.001335242309981291,8.915601700320963E-5,0.00187896527162103,5.878434381993642E-4,0.031163698292663446,9.551741838779678E-4,3.8195491812996127E-4,0.001000737998833774,0.010089993832027437,6.484301887309126E-4,0.0066340998685237365,2.729653430876399E-4,3.5094224875856965E-4,0.0011505358728367554,0.006386719362999463,0.01191223867006386,0.002896288865341439,7.311982511289375E-4,0.0025813083353370186,0.0010676043359873805,9.220292875562529E-4,0.0010437623042115506,6.699606596602971E-4,1.6136989616534491E-4,6.859745270333598E-4,4.3935789684578007E-4,0.0016738237692118737,8.970341436775144E-4],[0.007227456816005646,6.931891075996513E-5,6.384675314173146E-5,1.0509469589971447E-4,1.4833926509229554E-4,0.0016484666750862444,1.3256778422073592E-4,1.4522156719289482E-4,1.7431083110117993E-5,1.1498421470873256E-4,9.378428167160155E-4,1.0545811350691831E-4,8.71706253894346E-5,9.7094318594439E-5,1.0356978390916935E-4,7.249560047357091E-4,0.004749326750473611,1.1139839537619296E-4,1.2840038572707138E-4,8.997826030661141E-5,6.004026585018136E-4,6.343036937105002E-4,5.033206406226947E-4,2.4490169800136E-4,3.821109728073518E-4,0.001335242309981291,1.0,2.5229034527596946E-5,0.002229721925873003,2.13486231642052E-5,0.04395886464904924,1.1994314378414303E-4,2.1015844498063958E-4,1.4434254683094383E-4,0.004651574968092404,2.657115650232051E-4,0.007916486551233955,1.1922763665756962E-4,1.3146665006044482E-4,5.883501082548501E-5,0.007172930995123347,0.0052047962129618385,0.0019384349983437728,1.3206048475241598E-4,0.022936864951596858,2.324127591133066E-4,1.1213980381400119E-4,1.1457131789504924E-4,1.2962205864827534E-4,4.68817561481942E-5,7.690818315718617E-5,1.1322525092691624E-4,8.274599529888871E-4,1.2235748268863117E-4],[0.007453518296017887,1.4737428615289462E-5,1.4531071452446082E-5,1.483946235158318E-5,1.5520781831701613E-4,3.2790567355512376E-4,1.315194632846372E-4,8.796964154291934E-5,1.553905710950989E-5,7.17826305813337E-5,5.095770204074539E-4,1.584515927561962E-5,2.9402524799503022E-5,4.8989194888511994E-5,2.5066857098192936E-5,0.0011495163291575267,0.00805990118946624,1.1580401936993472E-5,6.189320661396197E-5,2.8962587120222294E-5,5.919157440435141E-4,0.0031170750301949667,3.693987848647183E-4,1.3811569720623915E-4,5.636577573011029E-4,8.915601700320963E-5,2.5229034527596946E-5,1.0,6.134431666469637E-4,1.376092386857927E-5,0.050872942780495506,6.141905823714631E-5,1.9818722543105225E-4,2.057736142167026E-4,0.003645592118522046,1.7711866642362975E-4,0.005996223109195541,8.391141770250753E-5,8.895108522195918E-5,1.3401372735548626E-5,0.0023334397261672865,9.895914061815447E-4,0.001462882516379328,2.6844314765013468E-5,0.024228268787203622,3.6058866257786436E-5,1.0386695966550464E-4,8.343321164977267E-5,4.60747821352798E-5,1.2390861703136382E-5,1.3631931331017888E-5,2.1284607933739504E-5,0.0011474724733573538,8.180627539033312E-5],[0.007649831537559633,0.001117540539752647,0.0019436407105479735,3.8737725519402114E-4,0.0018359663361521919,0.0021047767418430684,2.5314167809824376E-4,0.0012240033009422511,4.306025401386802E-4,0.001302007461075912,0.0015690237023469461,0.0016042215544267166,0.00219688096628027,2.2486001115165567E-4,0.0019284365506894525,0.002251884024178767,0.003332768095790306,8.531817671326483E-5,0.0013646944195703577,0.0012178227956605697,0.001713684950160469,0.004909096724638125,0.002057690612339361,3.803827163695419E-4,0.0022750199844337924,0.00187896527162103,0.002229721925873003,6.134431666469637E-4,1.0,0.0014910410781732231,0.025666586465929744,9.047101092480999E-4,0.0013720084902601667,0.0014128060099904292,0.0038536590918661078,0.0012776522316145225,0.0028763740159542476,0.0013905290944892963,3.869255265517098E-4,0.0015002861648796902,0.003290908114280079,0.011761496244089996,0.002758229104529259,0.0020440936413696396,0.009835221073712562,5.626884896515062E-4,0.0012964438786972718,5.264470011107422E-4,0.0013636828647358194,0.0016790859969155055,7.806221562520737E-4,4.130735294012296E-4,0.0022618538337235,0.0019616947728119893],[0.006346605873460433,1.3652326677249517E-5,2.6376634570390307E-5,1.4432943228750248E-5,3.151134825404041E-5,0.001751805333802603,9.125506724806101E-5,1.3791803216182104E-5,1.4300776657682164E-5,1.1474555470730406E-4,2.050510073526541E-4,1.5939346920868976E-5,2.1715971927950175E-5,5.122978178167185E-5,3.725023507852163E-5,0.002173638153931507,0.004513547970061523,1.302485973763647E-5,3.3489349747961594E-5,4.514334766954113E-5,6.317140687184451E-4,0.0016133615937058265,0.0011088974552754083,1.0540976262427278E-4,8.311532722575674E-4,5.878434381993642E-4,2.13486231642052E-5,1.376092386857927E-5,0.0014910410781732231,1.0,0.021744822966090413,1.4086879680684638E-4,4.591354745701904E-5,1.242308617010555E-4,0.004960399285084469,1.2741145904727097E-4,0.003594727583755869,1.475386700425207E-4,3.84014929995313E-5,1.3132146194225307E-5,0.0037389203027201855,0.01168494743206715,7.871467389635872E-4,6.570974881418747E-5,0.011336874489703662,8.702514735923545E-5,9.41173514871037E-5,3.1854626601311816E-5,1.1657533927386154E-4,1.2357382821687924E-5,1.3397468548532906E-5,3.463582390802151E-5,9.494233700681933E-4,2.3841562422981686E-5],[0.07378195345844561,0.0677968929466242,0.028174184044580466,0.05440719803124182,0.05040875288098659,0.05637418483453073,0.03957475198185628,0.05432580684933212,0.07436686002278266,0.007316944308826441,0.04351327465266222,0.07429368119494906,0.029633076283023946,0.014878821635993023,0.054863734350986494,0.04432972167973854,0.041331417354348865,0.06309059771731507,0.0069875479861941,0.008512649249018144,0.010124427170783315,0.05501647009879907,0.05220942463954505,0.06347031587327429,0.0456309467073246,0.031163698292663446,0.04395886464904924,0.050872942780495506,0.025666586465929744,0.021744822966090413,1.0,0.017767572653812087,0.06751838641272494,0.009499842610028269,0.016298958075144136,0.018737509682375322,0.02000542130939304,0.05345264677010498,0.01731161333584928,0.02772357921991727,0.042327671449741075,0.04008556913649617,0.055846546270268534,0.057850062369549204,0.06343395938868829,0.04242445843648242,0.014184101754606429,0.05993959263395248,0.07323146672068759,0.080065684018834,0.011758927715023185,0.05070911184057573,0.05093671980817318,0.05554456524054494],[0.005163662354384788,1.2867653166557543E-4,1.2740077455585712E-4,4.662586130999224E-5,2.0871728387683672E-4,0.0012894023019815182,1.379114573854339E-4,1.4914333147345336E-4,1.3362370534166095E-4,1.6320170386124717E-4,8.481969155326607E-4,1.2702609474343987E-4,3.6467766210331187E-5,8.086879129280119E-5,7.652353320009052E-5,0.0022802957855909394,0.006194683864569114,1.304426115806778E-4,1.5674631443366013E-4,1.4421438681101915E-4,4.844446395538747E-4,5.066920866456401E-4,0.0015450580456708857,2.1431511442918246E-4,7.22950928087111E-4,9.551741838779678E-4,1.1994314378414303E-4,6.141905823714631E-5,9.047101092480999E-4,1.4086879680684638E-4,0.017767572653812087,1.0,1.6880038308089717E-4,1.5638771507541288E-4,0.009150740778829526,3.694048114519568E-4,0.007530949018709183,1.491760547042037E-4,1.416503897509761E-4,8.007533920522529E-5,0.005845827647212169,0.010956737712007465,4.765349751607828E-4,1.397873265936334E-4,0.01829412888463407,2.0671160084419557E-4,1.4871475462145697E-4,1.4763567344291517E-4,1.5152505235287958E-4,1.1900590391544254E-4,1.3914328862283634E-4,2.075561104941315E-4,0.0017290668142196173,1.5162353595231086E-4],[0.0025019725260256717,2.9358685964330736E-4,1.173332694710654E-4,1.510851773292513E-4,2.9492710512438625E-4,0.0015901743794872261,2.0986041124672973E-4,2.2739506960196352E-4,3.9814268281281E-5,2.6709811477641326E-4,9.738187138494587E-4,1.6489983919557242E-4,1.1335348584338647E-4,2.3380805489452958E-4,1.6088672042430827E-4,0.0011955338667616372,0.002036374597891377,4.011075303102288E-5,2.026005669074797E-4,2.0040398759227132E-4,6.201135416691623E-4,0.0032246275277159624,5.306006598156082E-4,3.071519822530925E-4,0.00154396188758916,3.8195491812996127E-4,2.1015844498063958E-4,1.9818722543105225E-4,0.0013720084902601667,4.591354745701904E-5,0.06751838641272494,1.6880038308089717E-4,1.0,2.5935246597949156E-4,0.0060857696791921075,3.624745092220164E-4,0.005883453298129717,2.019601405234587E-4,2.3224528819958479E-4,1.9414092469889093E-4,0.004147381297064499,0.0030370885748609282,0.003860091814995545,1.4367640844331384E-4,0.003273461033352465,2.9034445526939027E-4,2.534244264423663E-4,2.9589538192611694E-4,2.3616963375201993E-4,2.4652339372798756E-4,6.0368388273492E-5,3.0239260892338075E-4,3.54544633977718E-4,1.8593802462852762E-4],[0.007859105836463329,2.129893687087426E-4,3.676293506172584E-5,5.8567282071908186E-5,2.10535907793636E-4,5.831611200193223E-4,1.6975032452887605E-4,2.1392376067185166E-4,1.2166382703615124E-4,2.084279955382646E-4,6.74161832380827E-4,5.8134082331316247E-5,6.042520957736014E-5,1.8971542028086176E-4,1.5954253650356782E-4,0.0013693370746104114,0.005357038744955457,1.8019231613359155E-4,2.092058433454511E-4,9.246602925653195E-5,6.818974786475848E-4,9.953621466792031E-4,0.001640736231862273,2.5470837330066867E-4,6.290683630401752E-4,0.001000737998833774,1.4434254683094383E-4,2.057736142167026E-4,0.0014128060099904292,1.242308617010555E-4,0.009499842610028269,1.5638771507541288E-4,2.5935246597949156E-4,1.0,0.004117998157015817,2.197033074027271E-4,0.006093369051292071,2.0915644384698667E-4,2.1321988276884005E-4,2.427943588949323E-5,2.4038570384661938E-4,0.0023082325759573594,0.001084309737911226,1.783380016827517E-4,0.0033455123376122022,2.4438211204923845E-4,1.5685737449877083E-4,1.546102422076323E-4,2.0806801094176876E-4,5.9581370622913515E-5,1.2245624039154232E-4,2.1527591632071786E-4,5.130627945965948E-4,1.7799452103443847E-4],[0.008834688954839302,0.007361702073460082,0.0016217011944478132,0.005190142030123147,0.003948658692411472,0.003956098028414189,0.007400547479011427,0.009264631643223473,0.004442260469314921,0.007804877249486575,0.007188380383769677,0.009817060444402333,0.005056725734639185,0.005813871699121853,0.0010286120112330476,0.008997542334256177,0.010061148623725836,0.0024825037142140742,0.0049338310919754495,0.0010731425590370166,0.00641372318738601,0.0074326357998563955,0.0093718141502378,0.0063645829352407925,0.004958183139647668,0.010089993832027437,0.004651574968092404,0.003645592118522046,0.0038536590918661078,0.004960399285084469,0.016298958075144136,0.009150740778829526,0.0060857696791921075,0.004117998157015817,1.0,0.004683404671517834,0.010101010101010102,0.007844815164363285,0.006393299684026699,0.006800673612429812,0.01025629925140416,0.011390942180886718,0.004458283114932047,3.8516391736341716E-4,0.016087239424885384,0.009309100385268118,0.004501300311796278,0.0073739218985390395,0.0018709734345981168,0.007142789059392332,0.002190288876686151,0.0032944800944673903,0.002359299472071519,0.0015859546953233504],[0.0048704744166008255,2.0557697458952487E-4,2.6078013136748786E-4,1.904700145132613E-4,2.2327690037941014E-4,0.0015635035071090795,3.5863811375559066E-4,2.503345351128007E-4,1.533