[[1.0,0.0021494970953312847,2.0591062798380928E-4,2.8623188645985694E-5,0.004298477880600493,4.595603344068204E-4,2.04189411806797E-4,1.298497682056655E-4,0.005150945128911374,2.8666053982751125E-4,1.5354992393966404E-4,1.7435747525368134E-4,3.3019227804958226E-4,0.0030843030577851907,0.021910295825351544,0.006172685999757641,1.6875765843498648E-4,3.830068538532457E-5,1.1723988314880727E-4,5.195458829347186E-4,9.007189842438155E-4,9.925932317306995E-5,0.006347606361990783,0.0026066418797642318,0.008159675255670937,3.135464682692996E-4,2.1675757467483117E-4,1.2198425197086764E-4,0.018159816365623686,1.7872235544570426E-4,1.875829866013081E-4,0.0012313789621687383,2.0265120407230624E-4,7.228596937287469E-4,9.83681930259652E-4,1.5567089425048394E-4,0.008030722699072373,4.53912456454104E-5,0.008724248492219784,2.2857663006573293E-4,1.7472951418677203E-4,0.010598698493037401],[0.0021494970953312847,1.0,0.0011931764397473483,0.001663774924345066,0.0037977167861371766,0.0016869399208518767,0.0024348454263091067,0.0023057832134130815,0.007191580981479045,0.002357646026358819,0.0021881694113791077,0.0015402664109824367,0.0022248982696319924,0.004578406635110117,0.0027514257880454224,0.005994255015541027,0.002480356913602791,0.002301000529398025,0.002478054072071424,6.857319774547914E-4,0.0020299181410254525,8.460910976390241E-4,0.02405732938737206,0.011189908392835643,0.014626968836842698,0.002239182911886686,5.625547321641367E-4,1.5078094236545394E-4,0.007198237179358698,5.642145554658758E-4,0.001815947374272023,0.003142978723197091,0.002151384672148422,0.0033057093599765165,0.002652995188113268,2.3919045101478657E-4,0.003648979771701458,2.942353346569827E-4,0.01266431631719074,0.0010243190402918312,9.032641417044574E-4,0.010267356199081564],[2.0591062798380928E-4,0.0011931764397473483,1.0,6.88421092750464E-5,0.0025454719165225372,9.072009203634589E-4,1.3693881652539411E-4,1.0476242075435182E-4,0.00822350244519155,3.9708674174837274E-4,1.1470774943671796E-4,1.0857549964917263E-4,6.095626959799785E-4,4.817882379529603E-4,0.003217901660086295,0.007273369023131209,1.0361380737374303E-4,9.754025406759076E-5,1.0089856281753578E-4,5.2500329024352E-4,0.001241455844193502,2.732353652430175E-5,0.008316378395304982,0.0034385070570824468,0.011061730563771743,4.972981839259765E-4,1.1874151950102914E-4,8.884357088189767E-5,0.006248977449732309,8.153172257044979E-5,1.463049043108541E-4,0.007271814809972104,1.0691413802355752E-4,0.001769439556895682,0.002415562160046623,9.049527618046869E-5,0.046294194908446995,7.441417336917413E-5,0.01880393964194528,5.223931985347131E-4,7.890259055212044E-5,0.009352020410572625],[2.8623188645985694E-5,0.001663774924345066,6.88421092750464E-5,1.0,0.008146499340250168,6.885525882097218E-4,1.0163732272547211E-4,4.878209735375229E-5,9.314196428315715E-4,4.973089034154038E-4,9.652705912171392E-5,8.865190158739448E-5,0.0016420964372830037,0.0017909206596131732,0.005898370522441586,0.008750725944532545,7.418381868707267E-5,1.4668472026729152E-5,1.0264155026117134E-4,8.481396132660559E-5,0.0010068485420453585,1.1631258676821626E-5,0.012032704622130004,0.012756745138553427,0.01729842308619375,8.851810206223136E-4,1.849475014920566E-4,1.8499734768594587E-5,0.01355793402740288,2.16619129924009E-5,4.443586991626724E-5,0.004777117101721642,1.2444788403651537E-4,5.939971905856385E-4,0.0020451119936351616,1.6126140331196385E-5,0.04306630874250277,1.547464506139282E-5,0.015389989499785168,1.882013813730164E-4,1.5017032262183693E-5,0.011145496643835401],[0.004298477880600493,0.0037977167861371766,0.0025454719165225372,0.008146499340250168,1.0,0.002488172664671543,0.005138556160024541,5.544862607920878E-4,0.010545951865879278,0.009601982068525694,0.008295041427764485,0.00679914659468857,0.0027323814879460424,0.010318659101534594,0.017966042846471665,0.010752688172043012,0.005369100545438947,0.005411450160251088,0.003816653018361173,0.0027510447108836265,0.009402703234189945,3.551116094970164E-4,0.01913824765429437,0.012066442072117097,0.01627287288653896,0.00976137185054534,0.007673443583630142,0.0078043972480410445,0.01589994015848117,0.004793665192830887,0.0029897042366003215,0.009981103743173828,0.00965759100071344,0.004271197007529273,0.006045237665453127,0.0021894483375002167,0.06663137907249927,0.0053480527766987486,0.022181630047134138,0.006500249101820341,0.004814453458937548,0.011364959684874283],[4.595603344068204E-4,0.0016869399208518767,9.072009203634589E-4,6.885525882097218E-4,0.002488172664671543,1.0,2.9156588171247243E-4,1.7199149333938006E-4,0.001839566299075506,9.154973615194621E-4,2.9660112682570246E-4,1.2049874238227566E-4,0.0013886872537233197,0.007910267053307626,0.006905434463977512,0.0034322741394464005,3.2455043419476364E-4,3.9303654389730505E-4,3.453693016545991E-4,9.162222992920562E-4,0.0013276985507497609,9.546416299194325E-4,0.023049587527163247,0.007134304701738097,0.009815757466266081,0.0010186358237586318,9.258305924783056E-4,7.748954213189305E-5,0.015938285786404292,5.85430756270304E-4,6.284887774979436E-4,0.0011018422851216986,1.749184456001389E-4,0.002543886881579121,0.0019376613399567887,1.5990020177385032E-4,0.03886577635716973,8.70471566363285E-4,0.010286183079494646,8.614958556182021E-4,8.815688518391415E-4,0.004992997761524309],[2.04189411806797E-4,0.0024348454263091067,1.3693881652539411E-4,1.0163732272547211E-4,0.005138556160024541,2.9156588171247243E-4,1.0,1.2110489940121629E-4,0.008047170091056304,3.0811983558193376E-4,1.245055232182911E-4,1.4747344980904552E-4,9.701082140221361E-4,0.004949844069193839,0.012330299313762021,0.009153553747119816,1.2174647307342369E-4,8.766522638246613E-5,1.3135561255748493E-4,4.901644741021859E-4,1.689538461499231E-4,9.201982659084894E-5,0.005006293154037399,0.001897080751217838,0.004736602771560291,6.788942491646622E-4,1.6372540371551537E-4,1.0316151561517001E-4,4.5411097335805895E-4,8.507922339011254E-5,1.7505310848426526E-4,0.0036703819908246965,1.4553947501597475E-4,8.928222438868471E-4,0.0018948790500469515,7.850188776498145E-5,0.03606556210991233,9.066506255101588E-5,0.007501648465490604,7.305196908924637E-4,4.9633077217810465E-5,0.01205917896678657],[1.298497682056655E-4,0.0023057832134130815,1.0476242075435182E-4,4.878209735375229E-5,5.544862607920878E-4,1.7199149333938006E-4,1.2110489940121629E-4,1.0,0.004651424267501407,3.8352453837214845E-4,1.1464837954411168E-4,1.0638064590531683E-4,0.0013730193585000088,0.004992185899157433,0.015693249330131703,0.0029511747009343687,1.1164391057206363E-4,4.232265257818949E-5,1.0999253230103479E-4,2.9365720320114445E-4,3.4948698328902934E-4,3.808634526779355E-5,0.011540629943904299,0.011839054812388068,0.020070532179426778,4.2173482265069355E-4,1.2147766851643727E-4,5.898961736310896E-5,0.005298909563011377,5.905605164108343E-5,1.3017210144078558E-4,0.008589422478708308,1.0785269096396208E-4,0.002463441746271765,0.0011515570426391343,9.329178531538866E-5,0.042186410954172235,5.537741952783324E-5,0.009846858615549533,4.162186669973247E-4,1.0462712349901696E-4,0.011269316179360807],[0.005150945128911374,0.007191580981479045,0.00822350244519155,9.314196428315715E-4,0.010545951865879278,0.001839566299075506,0.008047170091056304,0.004651424267501407,1.0,0.0046400073457313175,0.0030438423997757214,0.005065067044133445,0.007738551926948441,0.010005147652542965,0.02278607342199613,0.010139445275335258,0.0011041322824320015,0.0028272337257523456,0.008208451613179823,0.0017470751507198973,0.004456780442800105,7.37644771871855E-4,0.027543857383401905,0.010450695833883967,0.011736457957023197,0.0030387792184632173,0.007334550238247392,0.005418800193837842,0.010910235732461134,0.005123833579584681,0.0021138272332466633,0.009368576228758006,0.005770635962599091,0.009133162775920446,0.006916074591834184,0.00831916554564036,0.029770096542816406,0.0012721398979087853,0.025402131279127764,0.0030610235950163838,0.0037142420905345555,0.011327365313634846],[2.8666053982751125E-4,0.002357646026358819,3.9708674174837274E-4,4.973089034154038E-4,0.009601982068525694,9.154973615194621E-4,3.0811983558193376E-4,3.8352453837214845E-4,0.0046400073457313175,1.0,5.148563612853244E-4,2.478784460365443E-4,7.978033872902699E-4,0.008510393077140433,0.0204445863664344,0.010098660793169687,4.3594183780494664E-4,7.278057286985292E-5,3.580038102845776E-4,5.680686122122054E-4,0.0010657626379054468,1.4679210024441317E-4,0.007667283402114332,0.012671942097034941,0.01389222971179545,8.469524249989289E-4,2.655864923262859E-4,8.390257943499425E-5,0.004447243804798316,2.499446359895669E-4,5.276115142547685E-4,0.0010296750846096462,4.082140274397439E-4,0.00295779106285859,0.0017280872462475602,2.9140825408795684E-4,0.059144710105332926,2.4354298061740007E-4,0.021002023681946334,6.610582767046233E-4,3.082265000944523E-4,0.010589241534036198],[1.5354992393966404E-4,0.0021881694113791077,1.1470774943671796E-4,9.652705912171392E-5,0.008295041427764485,2.9660112682570246E-4,1.245055232182911E-4,1.1464837954411168E-4,0.0030438423997757214,5.148563612853244E-4,1.0,1.1495890935137956E-4,7.372263574738472E-4,0.004816435850621712,0.009207839176241855,0.005091270809255238,1.124761533617062E-4,8.308450165222827E-5,1.1520702913446324E-4,2.1337200731687755E-4,3.578036988389025E-4,1.0754008698079623E-4,0.007785316213136113,0.016477185151900334,0.019622219839530542,3.715868948775351E-4,1.531639910721442E-4,8.683488510717076E-5,0.011948849025149826,7.88224247989614E-5,1.262689226270393E-4,0.004579708009146278,1.2217274509458912E-4,0.0033965792968035555,0.0011237900914327606,4.5394088153452304E-5,0.026688685000846157,5.5083783609291713E-5,0.005635131934260782,1.4684895782747905E-4,3.533843473263299E-5,0.010351820357149316],[1.7435747525368134E-4,0.0015402664109824367,1.0857549964917263E-4,8.865190158739448E-5,0.00679914659468857,1.2049874238227566E-4,1.4747344980904552E-4,1.0638064590531683E-4,0.005065067044133445,2.478784460365443E-4,1.1495890935137956E-4,1.0,0.0010018276454094816,0.00946537548089234,0.009953691755655122,0.005843830914452571,1.0996804600916084E-4,9.300382569483872E-5,1.0947985497130384E-4,4.114092489473693E-4,5.52976793616357E-4,5.523879962315859E-5,0.023737612528881746,0.011590046239054986,0.01745923349546853,6.505026558724032E-4,1.1504955797810043E-4,1.0481491732456942E-4,0.00662631501537645,4.007234839412758E-5,1.7033828536827268E-4,0.005167113670110142,1.1129894200944478E-4,0.0019440055100875266,7.324610176030811E-4,5.614753406088008E-5,0.03690295379612577,2.8005671595537802E-5,0.025655341800012756,5.848461532658857E-4,7.132409949813754E-5,0.0036559330919081028],[3.3019227804958226E-4,0.0022248982696319924,6.095626959799785E-4,0.0016420964372830037,0.0027323814879460424,0.0013886872537233197,9.701082140221361E-4,0.0013730193585000088,0.007738551926948441,7.978033872902699E-4,7.372263574738472E-4,0.0010018276454094816,1.0,0.008169379729058896,0.004192173836363342,0.004710443775566623,6.535324259374288E-4,0.0018062683816825677,1.6375167803868744E-4,0.001563129292979723,0.00171618436915305,0.001473996993349906,0.027082075572524025,0.016563903118216462,0.008290271791209516,0.001987595044683321,0.0015588615725557285,0.0015515747456006093,0.013674717500500377,2.6460274335494245E-4,0.0018464700368537356,0.005221427996504723,0.0011794716921350748,0.002778929457681777,0.002883771980418591,0.0012011604418124865,0.024109933085697956,0.001465125586242961,0.025455961862446627,9.424238262641653E-4,4.399893869514879E-4,0.009222400337032048],[0.0030843030577851907,0.004578406635110117,4.817882379529603E-4,0.0017909206596131732,0.010318659101534594,0.007910267053307626,0.004949844069193839,0.004992185899157433,0.010005147652542965,0.008510393077140433,0.004816435850621712,0.00946537548089234,0.008169379729058896,1.0,0.019651746967606073,0.010715287512873536,0.0071899109494809885,0.005274806209594159,0.002773200654556795,0.006815337907349161,0.00903084961751057,0.007068280887803808,0.011064350853983449,0.015710510877914544,0.02153799817494454,0.008979148974386326,0.0029440529188438386,0.005487826759695934,0.0197115657195528,0.004603048860741541,0.009419724766240596,0.009167085150030658,0.006671590038157452,0.005311349328991655,0.0044094522089201905,0.0010530211681673259,0.05250182494218823,0.0078036226704801545,0.02602328654883499,0.009499324350771532,0.008981195331195636,0.010428349731961896],[0.021910295825351544,0.0027514257880454224,0.003217901660086295,0.005898370522441586,0.017966042846471665,0.006905434463977512,0.012330299313762021,0.015693249330131703,0.02278607342199613,0.0204445863664344,0.009207839176241855,0.009953691755655122,0.004192173836363342,0.019651746967606073,1.0,0.011029218654020108,0.013529973826333072,0.004332235846291345,0.022462177101109357,0.0106422420574923,0.018934193138583112,0.008806407041820428,0.025001669985519837,0.018528116860518272,0.023272364346855586,0.008895072366138035,0.01693883390629931,0.00370135802684889,0.023089479787478568,8.611809398230464E-4,0.01666579131907245,0.020859160027819706,0.017682894126008063,0.005371644860571413,0.018996017959465927,0.003908566680137023,0.02465727388932863,0.00302620665202337,0.02580829561949646,0.004364156096450563,0.008461680602678405,0.022560369875698934],[0.006172685999757641,0.005994255015541027,0.007273369023131209,0.008750725944532545,0.010752688172043012,0.0034322741394464005,0.009153553747119816,0.0029511747009343687,0.010139445275335258,0.010098660793169687,0.005091270809255238,0.005843830914452571,0.004710443775566623,0.010715287512873536,0.011029218654020108,1.0,0.0074629000383590405,3.979679815090108E-4,0.008158639311653788,0.007815278272854439,0.005250852283429652,0.00734776036156743,0.010881659132538024,0.013577381415194226,0.012424838014644553,0.002088210739950318,0.00436875802269675,0.008872488787598788,0.012690419264817891,0.0027695346132022313,0.003985150699478156,0.00906498054185174,0.0049093777915635226,0.00783147765803007,0.0054715588798002635,0.01012615558435346,0.017967164923551878,0.004106394033976205,0.02604767283122644,0.0027168391650503384,0.0029827984506412375,0.012161518972820945],[1.6875765843498648E-4,0.002480356913602791,1.0361380737374303E-4,7.418381868707267E-5,0.005369100545438947,3.2455043419476364E-4,1.2174647307342369E-4,1.1164391057206363E-4,0.0011041322824320015,4.3594183780494664E-4,1.124761533617062E-4,1.0996804600916084E-4,6.535324259374288E-4,0.0071899109494809885,0.013529973826333072,0.0074629000383590405,1.0,1.9915122850983714E-5,1.1177566522087622E-4,2.871711257107122E-4,5.610580003118506E-4,8.215173706447593E-5,0.01631869902942577,0.011602705848178574,0.0118457534146518,5.581285692251468E-4,2.0702123448816234E-4,8.217221739204204E-5,0.004156119066904355,9.716015540079451E-5,1.3084038521718998E-4,0.008263634170129685,1.2012726696829061E-4,0.00363755373699018,0.0029548070795747177,4.4953062445996367E-5,0.005671680768361544,4.180662825486931E-5,0.02514871768826992,7.389995318382771E-4,8.513856491451313E-5,0.01030000627129163],[3.830068538532457E-5,0.002301000529398025,9.754025406759076E-5,1.4668472026729152E-5,0.005411450160251088,3.9303654389730505E-4,8.766522638246613E-5,4.232265257818949E-5,0.0028272337257523456,7.278057286985292E-5,8.308450165222827E-5,9.300382569483872E-5,0.0018062683816825677,0.005274806209594159,0.004332235846291345,3.979679815090108E-4,1.9915122850983714E-5,1.0,1.0836032665978723E-4,2.55366205842604E-4,6.493104037127343E-5,1.0326514932025196E-5,0.023066517221960566,0.010774588594059064,0.0028486774993616826,5.244735836954681E-4,6.601253376693156E-5,4.408330286463312E-5,0.014989999916468958,1.678532022553133E-5,5.501027795352871E-5,2.662893979431179E-4,2.26866705374074E-5,5.372132123128017E-4,0.001160802527111385,4.0875264846225664E-5,0.020867536286759688,1.4306496223585343E-5,0.003320000025369405,7.636224763540218E-4,2.233186408426869E-5,0.010685843562201971],[1.1723988314880727E-4,0.002478054072071424,1.0089856281753578E-4,1.0264155026117134E-4,0.003816653018361173,3.453693016545991E-4,1.3135561255748493E-4,1.0999253230103479E-4,0.008208451613179823,3.580038102845776E-4,1.1520702913446324E-4,1.0947985497130384E-4,1.6375167803868744E-4,0.002773200654556795,0.022462177101109357,0.008158639311653788,1.1177566522087622E-4,1.0836032665978723E-4,1.0,3.7523767616183713E-4,5.097076014719521E-4,1.0526966380592506E-4,0.020957720588576915,0.01625874293724337,0.015118231262252266,7.955283723327197E-4,1.265726210236357E-4,5.510817680140701E-5,0.0041010621625226056,9.225361844314343E-5,1.7206836236194117E-4,0.006221488747167219,1.1881264967418112E-4,4.8936403415909E-4,0.0018524202154583877,6.03448422665355E-5,0.02015199955449166,4.9092260765484045E-5,3.755334841563121E-4,1.604527282335677E-4,1.0764831394696408E-4,0.0047224180647167276],[5.195458829347186E-4,6.857319774547914E-4,5.2500329024352E-4,8.481396132660559E-5,0.0027510447108836265,9.162222992920562E-4,4.901644741021859E-4,2.9365720320114445E-4,0.0017470751507198973,5.680686122122054E-4,2.1337200731687755E-4,4.114092489473693E-4,0.001563129292979723,0.006815337907349161,0.0106422420574923,0.007815278272854439,2.871711257107122E-4,2.55366205842604E-4,3.7523767616183713E-4,1.0,7.463159249762909E-4,1.4017436730337035E-4,0.014093572140327238,0.004875486571739683,0.004178448751042049,7.992328976993223E-4,3.332398112160615E-4,3.708798872905725E-4,0.007681264327342614,4.1247170558381097E-4,2.151233121144899E-4,0.003418272757746443,5.270360308417459E-4,8.685532836317806E-4,0.0013229334298734776,5.127888606218015E-4,0.007120893577074681,2.5345191359702374E-4,0.009802933877696983,6.984194555558333E-4,6.09236407573011E-5,0.00944196954120339],[9.007189842438155E-4,0.0020299181410254525,0.001241455844193502,0.0010068485420453585,0.009402703234189945,0.0013276985507497609,1.689538461499231E-4,3.4948698328902934E-4,0.004456780442800105,0.0010657626379054468,3.578036988389025E-4,5.52976793616357E-4,0.00171618436915305,0.00903084961751057,0.018934193138583112,0.005250852283429652,5.610580003118506E-4,6.493104037127343E-5,5.097076014719521E-4,7.463159249762909E-4,1.0,6.542148138742153E-4,0.014940622941813335,0.005742596790026163,0.01935491443330562,0.0012882696241749533,0.0012907175383504626,0.001110928164189408,0.013992507545634655,3.90934682771204E-4,0.0010994247439787997,0.002670490436455329,5.686218652481349E-4,0.0016556317910440383,0.0030468157052331154,8.693539670213103E-4,0.011887807185107986,1.7711589904809662E-4,0.008613961571879153,9.427603057923496E-4,2.3845415661202048E-4,0.008302048737234636],[9.925932317306995E-5,8.460910976390241E-4,2.732353652430175E-5,1.1631258676821626E-5,3.551116094970164E-4,9.546416299194325E-4,9.201982659084894E-5,3.808634526779355E-5,7.37644771871855E-4,1.4679210024441317E-4,1.0754008698079623E-4,5.523879962315859E-5,0.001473996993349906,0.007068280887803808,0.008806407041820428,0.00734776036156743,8.215173706447593E-5,1.0326514932025196E-5,1.0526966380592506E-4,1.4017436730337035E-4,6.542148138742153E-4,1.0,0.009217386533597705,0.004435990702705492,0.0185242350476234,9.288309497949709E-4,6.418141062826606E-5,3.7817910363372963E-5,0.009535233753665254,2.4214811882344176E-5,9.525907394342201E-5,0.0010357019350340833,1.1911723530686669E-4,8.265277856580859E-4,4.2562129561675275E-4,3.959163803784491E-5,0.052632286582913315,1.2847958954455019E-5,0.02088954994534937,5.360196253616414E-4,1.4501572269226155E-5,1.2517008712612207E-4],[0.006347606361990783,0.02405732938737206,0.008316378395304982,0.012032704622130004,0.01913824765429437,0.023049587527163247,0.005006293154037399,0.011540629943904299,0.027543857383401905,0.007667283402114332,0.007785316213136113,0.023737612528881746,0.027082075572524025,0.011064350853983449,0.025001669985519837,0.010881659132538024,0.01631869902942577,0.023066517221960566,0.020957720588576915,0.014093572140327238,0.014940622941813335,0.009217386533597705,1.0,0.018203705827335822,0.027280696965430253,0.013008762764480314,0.002243273468504343,0.019366615662046012,0.026774737783525647,0.0011790846649438408,0.008532269972894656,0.01834443091269595,0.0051289702246452495,0.02405737564139667,0.017082034403574725,0.023846025661287237,0.06461981507891748,0.015851167916126604,0.026965653044312084,0.018716855995001377,0.007818171538192956,0.016230027819573507],[0.0026066418797642318,0.011189908392835643,0.0034385070570824468,0.012756745138553427,0.012066442072117097,0.007134304701738097,0.001897080751217838,0.011839054812388068,0.010450695833883967,0.012671942097034941,0.016477185151900334,0.011590046239054986,0.016563903118216462,0.015710510877914544,0.018528116860518272,0.013577381415194226,0.011602705848178574,0.010774588594059064,0.01625874293724337,0.004875486571739683,0.005742596790026163,0.004435990702705492,0.018203705827335822,1.0,0.02219054769632681,0.01040099798748354,0.006867641516068832,0.015608464929350557,0.021531947422642108,0.0061467962590241185,0.007434872826500181,0.01191186651252011,0.01602947900884189,0.009564556588243352,0.011160974969841225,0.01467640553988959,0.04020806273359612,8.248209023088622E-4,0.024916822986237958,0.0032882485546006225,0.012237476305437074,0.013060272085659248],[0.008159675255670937,0.014626968836842698,0.011061730563771743,0.01729842308619375,0.01627287288653896,0.009815757466266081,0.004736602771560291,0.020070532179426778,0.011736457957023197,0.01389222971179545,0.019622219839530542,0.01745923349546853,0.008290271791209516,0.02153799817494454,0.023272364346855586,0.012424838014644553,0.0118457534146518,0.0028486774993616826,0.015118231262252266,0.004178448751042049,0.01935491443330562,0.0185242350476234,0.027280696965430253,0.02219054769632681,1.0,0.0025225683211430056,0.0020394287986955414,0.011662178506457906,0.022014065556579504,0.017086238051757314,0.01397323362494552,0.012061951542153062,0.011972845227922283,0.010887027571942404,0.011243323941686246,0.014518879821002046,0.025562842878782157,0.012839483046846949,0.024692270816949143,0.005857169675080718,0.004508368214209481,0.014084470207256743],[3.135464682692996E-4,0.002239182911886686,4.972981839259765E-4,8.851810206223136E-4,0.00976137185054534,0.0010186358237586318,6.788942491646622E-4,4.2173482265069355E-4,0.0030387792184632173,8.469524249989289E-4,3.715868948775351E-4,6.505026558724032E-4,0.001987595044683321,0.008979148974386326,0.008895072366138035,0.002088210739950318,5.581285692251468E-4,5.244735836954681E-4,7.955283723327197E-4,7.992328976993223E-4,0.0012882696241749533,9.288309497949709E-4,0.013008762764480314,0.01040099798748354,0.0025225683211430056,1.0,6.986030179782749E-4,2.416575266330154E-4,0.0014071695378060287,7.335967674144009E-4,6.557441963620237E-4,0.0025020172860562707,6.326111014083901E-4,0.0026497821840546095,0.003077008312760883,5.082714870146472E-4,0.06366326712294475,5.2365162062976E-4,0.013063794721810733,9.508777613114095E-4,9.471532256941289E-4,0.007528054479181879],[2.1675757467483117E-4,5.625547321641367E-4,1.1874151950102914E-4,1.849475014920566E-4,0.007673443583630142,9.258305924783056E-4,1.6372540371551537E-4,1.2147766851643727E-4,0.007334550238247392,2.655864923262859E-4,1.531639910721442E-4,1.1504955797810043E-4,0.0015588615725557285,0.0029440529188438386,0.01693883390629931,0.00436875802269675,2.0702123448816234E-4,6.601253376693156E-5,1.265726210236357E-4,3.332398112160615E-4,0.0012907175383504626,6.418141062826606E-5,0.002243273468504343,0.006867641516068832,0.0020394287986955414,6.986030179782749E-4,1.0,1.8609854826724898E-4,0.01758928622861595,1.5964899589383948E-4,1.8136726033190226E-4,0.0067438354607071,1.5727882201585155E-4,0.002304583398903028,4.3029514990805925E-4,1.6680994668184378E-4,0.012412337948782754,1.6969366878580427E-4,0.014705917012003652,6.686621631532455E-4,7.261049487968263E-5,0.002504783626414413],[1.2198425197086764E-4,1.5078094236545394E-4,8.884357088189767E-5,1.8499734768594587E-5,0.0078043972480410445,7.748954213189305E-5,1.0316151561517001E-4,5.898961736310896E-5,0.005418800193837842,8.390257943499425E-5,8.683488510717076E-5,1.0481491732456942E-4,0.0015515747456006093,0.005487826759695934,0.00370135802684889,0.008872488787598788,8.217221739204204E-5,4.408330286463312E-5,5.510817680140701E-5,3.708798872905725E-4,0.001110928164189408,3.7817910363372963E-5,0.019366615662046012,0.015608464929350557,0.011662178506457906,2.416575266330154E-4,1.8609854826724898E-4,1.0,0.019425370442698413,2.7904412013585652E-5,1.2545219780717636E-4,0.002477213851578685,1.0199123754164577E-4,0.0012699049026004897,3.2679635105374707E-4,4.4031076085120245E-5,0.036612353152465756,3.937823089433155E-5,0.02334217002037416,1.20602721465436E-4,2.712953853702571E-5,0.0010730047539782735],[0.018159816365623686,0.007198237179358698,0.006248977449732309,0.01355793402740288,0.01589994015848117,0.015938285786404292,4.5411097335805895E-4,0.005298909563011377,0.010910235732461134,0.004447243804798316,0.011948849025149826,0.00662631501537645,0.013674717500500377,0.0197115657195528,0.023089479787478568,0.012690419264817891,0.004156119066904355,0.014989999916468958,0.0041010621625226056,0.007681264327342614,0.013992507545634655,0.009535233753665254,0.026774737783525647,0.021531947422642108,0.022014065556579504,0.0014071695378060287,0.01758928622861595,0.019425370442698413,1.0,0.0034785020138037165,0.00983765771971957,0.009454075138776632,0.01403134337133415,0.017708492841054826,0.0034885827600748794,0.004423748172603524,0.0441502452640668,0.01780727552373078,0.021963782001193227,0.01886292264579732,0.01113080783638031,0.020183794971211082],[1.7872235544570426E-4,5.642145554658758E-4,8.153172257044979E-5,2.16619129924009E-5,0.004793665192830887,5.85430756270304E-4,8.507922339011254E-5,5.905605164108343E-5,0.005123833579584681,2.499446359895669E-4,7.88224247989614E-5,4.007234839412758E-5,2.6460274335494245E-4,0.004603048860741541,8.611809398230464E-4,0.0027695346132022313,9.716015540079451E-5,1.678532022553133E-5,9.225361844314343E-5,4.1247170558381097E-4,3.90934682771204E-4,2.4214811882344176E-5,0.0011790846649438408,0.0061467962590241185,0.017086238051757314,7.335967674144009E-4,1.5964899589383948E-4,2.7904412013585652E-5,0.0034785020138037165,1.0,1.2558068782888985E-4,0.005393316564990314,5.89062622716501E-5,9.609561466648332E-4,8.09939033316524E-4,3.086877958901619E-5,0.029433634782564035,1.8272689177960364E-5,0.0018596424182764925,4.687950206786157E-4,2.485067145830674E-5,0.005604176943924057],[1.875829866013081E-4,0.001815947374272023,1.463049043108541E-4,4.443586991626724E-5,0.0029897042366003215,6.284887774979436E-4,1.7505310848426526E-4,1.3017210144078558E-4,0.0021138272332466633,5.276115142547685E-4,1.262689226270393E-4,1.7033828536827268E-4,0.0018464700368537356,0.009419724766240596,0.01666579131907245,0.003985150699478156,1.3084038521718998E-4,5.501027795352871E-5,1.7206836236194117E-4,2.151233121144899E-4,0.0010994247439787997,9.525907394342201E-5,0.008532269972894656,0.007434872826500181,0.01397323362494552,6.557441963620237E-4,1.8136726033190226E-4,1.2545219780717636E-4,0.00983765771971957,1.2558068782888985E-4,1.0,7.824057477490652E-4,1.5211234890963717E-4,0.001285507984986721,0.0011083518801890786,1.662883880626403E-4,0.016813188381269807,3.80593960648596E-5,0.0040707719726188795,7.958757260520276E-4,2.979978209258954E-5,0.008456643218188098],[0.0012313789621687383,0.003142978723197091,0.007271814809972104,0.004777117101721642,0.009981103743173828,0.0011018422851216986,0.0036703819908246965,0.008589422478708308,0.009368576228758006,0.0010296750846096462,0.004579708009146278,0.005167113670110142,0.005221427996504723,0.009167085150030658,0.020859160027819706,0.00906498054185174,0.008263634170129685,2.662893979431179E-4,0.006221488747167219,0.003418272757746443,0.002670490436455329,0.0010357019350340833,0.01834443091269595,0.01191186651252011,0.012061951542153062,0.0025020172860562707,0.0067438354607071,0.002477213851578685,0.009454075138776632,0.005393316564990314,7.824057477490652E-4,1.0,0.0067295369951278885,0.007960820639316602,0.003698114949970117,0.005697280732359566,0.04722991013056663,0.0015748673889718178,0.011391933288123884,0.0042542277368974495,0.00798333652721861,0.010280429429051928],[2.0265120407230624E-4,0.002151384672148422,1.0691413802355752E-4,1.2444788403651537E-4,0.00965759100071344,1.749184456001389E-4,1.4553947501597475E-4,1.0785269096396208E-4,0.005770635962599091,4.082140274397439E-4,1.2217274509458912E-4,1.1129894200944478E-4,0.0011794716921350748,0.006671590038157452,0.017682894126008063,0.0049093777915635226,1.2012726696829061E-4,2.26866705374074E-5,1.1881264967418112E-4,5.270360308417459E-4,5.686218652481349E-4,1.1911723530686669E-4,0.0051289702246452495,0.01602947900884189,0.011972845227922283,6.326111014083901E-4,1.5727882201585155E-4,1.0199123754164577E-4,0.01403134337133415,5.89062622716501E-5,1.5211234890963717E-4,0.0067295369951278885,1.0,5.287160998776691E-4,0.002626404283610217,4.98667556224239E-5,0.015968232008766937,7.261234402358053E-5,0.024676165266843214,7.202314318498671E-4,8.011813959261277E-5,0.011649563311443128],[7.228596937287469E-4,0.0033057093599765165,0.001769439556895682,5.939971905856385E-4,0.004271197007529273,0.002543886881579121,8.928222438868471E-4,0.002463441746271765,0.009133162775920446,0.00295779106285859,0.0033965792968035555,0.0019440055100875266,0.002778929457681777,0.005311349328991655,0.005371644860571413,0.00783147765803007,0.00363755373699018,5.372132123128017E-4,4.8936403415909E-4,8.685532836317806E-4,0.0016556317910440383,8.265277856580859E-4,0.02405737564139667,0.009564556588243352,0.010887027571942404,0.0026497821840546095,0.002304583398903028,0.0012699049026004897,0.017708492841054826,9.609561466648332E-4,0.001285507984986721,0.007960820639316602,5.287160998776691E-4,1.0,0.0035533232050435097,0.0010002479995476997,0.011397302313134893,7.590716701793019E-4,0.018267667519458117,9.888081141633206E-4,0.00270839072992126,0.01060746970705152],[9.83681930259652E-4,0.002652995188113268,0.002415562160046623,0.0020451119936351616,0.006045237665453127,0.0019376613399567887,0.0018948790500469515,0.0011515570426391343,0.006916074591834184,0.0017280872462475602,0.0011237900914327606,7.324610176030811E-4,0.002883771980418591,0.0044094522089201905,0.018996017959465927,0.0054715588798002635,0.0029548070795747177,0.001160802527111385,0.0018524202154583877,0.0013229334298734776,0.0030468157052331154,4.2562129561675275E-4,0.017082034403574725,0.011160974969841225,0.011243323941686246,0.003077008312760883,4.3029514990805925E-4,3.2679635105374707E-4,0.0034885827600748794,8.09939033316524E-4,0.0011083518801890786,0.003698114949970117,0.002626404283610217,0.0035533232050435097,1.0,0.0010257218111363107,0.04286657759992697,0.0016501033382650306,0.020948940412297667,0.0025528261646093927,0.0018308361003453978,0.009904725721097431],[1.5567089425048394E-4,2.3919045101478657E-4,9.049527618046869E-5,1.6126140331196385E-5,0.0021894483375002167,1.5990020177385032E-4,7.850188776498145E-5,9.329178531538866E-5,0.00831916554564036,2.9140825408795684E-4,4.5394088153452304E-5,5.614753406088008E-5,0.0012011604418124865,0.0010530211681673259,0.003908566680137023,0.01012615558435346,4.4953062445996367E-5,4.0875264846225664E-5,6.03448422665355E-5,5.127888606218015E-4,8.693539670213103E-4,3.959163803784491E-5,0.023846025661287237,0.01467640553988959,0.014518879821002046,5.082714870146472E-4,1.6680994668184378E-4,4.4031076085120245E-5,0.004423748172603524,3.086877958901619E-5,1.662883880626403E-4,0.005697280732359566,4.98667556224239E-5,0.0010002479995476997,0.0010257218111363107,1.0,0.055047057872445876,4.010820935847079E-5,0.016084591596118084,1.6752984061480208E-4,3.483050259323323E-5,0.008307513977016255],[0.008030722699072373,0.003648979771701458,0.046294194908446995,0.04306630874250277,0.06663137907249927,0.03886577635716973,0.03606556210991233,0.042186410954172235,0.029770096542816406,0.059144710105332926,0.026688685000846157,0.03690295379612577,0.024109933085697956,0.05250182494218823,0.02465727388932863,0.017967164923551878,0.005671680768361544,0.020867536286759688,0.02015199955449166,0.007120893577074681,0.011887807185107986,0.052632286582913315,0.06461981507891748,0.04020806273359612,0.025562842878782157,0.06366326712294475,0.012412337948782754,0.036612353152465756,0.0441502452640668,0.029433634782564035,0.016813188381269807,0.04722991013056663,0.015968232008766937,0.011397302313134893,0.04286657759992697,0.055047057872445876,1.0,0.027012721268413063,0.04709280263617763,0.021337624539499517,0.01941274025043875,0.022926665933743186],[4.53912456454104E-5,2.942353346569827E-4,7.441417336917413E-5,1.547464506139282E-5,0.0053480527766987486,8.70471566363285E-4,9.066506255101588E-5,5.537741952783324E-5,0.0012721398979087853,2.4354298061740007E-4,5.5083783609291713E-5,2.8005671595537802E-5,0.001465125586242961,0.0078036226704801545,0.00302620665202337,0.004106394033976205,4.180662825486931E-5,1.4306496223585343E-5,4.9092260765484045E-5,2.5345191359702374E-4,1.7711589904809662E-4,1.2847958954455019E-5,0.015851167916126604,8.248209023088622E-4,0.012839483046846949,5.2365162062976E-4,1.6969366878580427E-4,3.937823089433155E-5,0.01780727552373078,1.8272689177960364E-5,3.80593960648596E-5,0.0015748673889718178,7.261234402358053E-5,7.590716701793019E-4,0.0016501033382650306,4.010820935847079E-5,0.027012721268413063,1.0,0.003927986153720135,3.6344886390995816E-4,2.185129585580711E-5,0.011195686326506357],[0.008724248492219784,0.01266431631719074,0.01880393964194528,0.015389989499785168,0.022181630047134138,0.010286183079494646,0.007501648465490604,0.009846858615549533,0.025402131279127764,0.021002023681946334,0.005635131934260782,0.025655341800012756,0.025455961862446627,0.02602328654883499,0.02580829561949646,0.02604767283122644,0.02514871768826992,0.003320000025369405,3.755334841563121E-4,0.009802933877696983,0.008613961571879153,0.02088954994534937,0.026965653044312084,0.024916822986237958,0.024692270816949143,0.013063794721810733,0.014705917012003652,0.02334217002037416,0.021963782001193227,0.0018596424182764925,0.0040707719726188795,0.011391933288123884,0.024676165266843214,0.018267667519458117,0.020948940412297667,0.016084591596118084,0.04709280263617763,0.003927986153720135,1.0,0.025023857085312996,0.00743525779989729,0.018033377396225243],[2.2857663006573293E-4,0.0010243190402918312,5.223931985347131E-4,1.882013813730164E-4,0.006500249101820341,8.614958556182021E-4,7.305196908924637E-4,4.162186669973247E-4,0.0030610235950163838,6.610582767046233E-4,1.4684895782747905E-4,5.848461532658857E-4,9.424238262641653E-4,0.009499324350771532,0.004364156096450563,0.0027168391650503384,7.389995318382771E-4,7.636224763540218E-4,1.604527282335677E-4,6.984194555558333E-4,9.427603057923496E-4,5.360196253616414E-4,0.018716855995001377,0.0032882485546006225,0.005857169675080718,9.508777613114095E-4,6.686621631532455E-4,1.20602721465436E-4,0.01886292264579732,4.687950206786157E-4,7.958757260520276E-4,0.0042542277368974495,7.202314318498671E-4,9.888081141633206E-4,0.0025528261646093927,1.6752984061480208E-4,0.021337624539499517,3.6344886390995816E-4,0.025023857085312996,1.0,8.565937207863575E-5,0.005600567737295193],[1.7472951418677203E-4,9.032641417044574E-4,7.890259055212044E-5,1.5017032262183693E-5,0.004814453458937548,8.815688518391415E-4,4.9633077217810465E-5,1.0462712349901696E-4,0.0037142420905345555,3.082265000944523E-4,3.533843473263299E-5,7.132409949813754E-5,4.399893869514879E-4,0.008981195331195636,0.008461680602678405,0.0029827984506412375,8.513856491451313E-5,2.233186408426869E-5,1.0764831394696408E-4,6.09236407573011E-5,2.3845415661202048E-4,1.4501572269226155E-5,0.007818171538192956,0.012237476305437074,0.004508368214209481,9.471532256941289E-4,7.261049487968263E-5,2.712953853702571E-5,0.01113080783638031,2.485067145830674E-5,2.979978209258954E-5,0.00798333652721861,8.011813959261277E-5,0.00270839072992126,0.0018308361003453978,3.483050259323323E-5,0.01941274025043875,2.185129585580711E-5,0.00743525779989729,8.565937207863575E-5,1.0,0.007414737204819556],[0.010598698493037401,0.010267356199081564,0.009352020410572625,0.011145496643835401,0.011364959684874283,0.004992997761524309,0.01205917896678657,0.011269316179360807,0.011327365313634846,0.010589241534036198,0.010351820357149316,0.0036559330919081028,0.009222400337032048,0.010428349731961896,0.022560369875698934,0.012161518972820945,0.01030000627129163,0.010685843562201971,0.0047224180647167276,0.00944196954120339,0.008302048737234636,1.2517008712612207E-4,0.016230027819573507,0.013060272085659248,0.014084470207256743,0.007528054479181879,0.002504783626414413,0.0010730047539782735,0.020183794971211082,0.005604176943924057,0.008456643218188098,0.010280429429051928,0.011649563311443128,0.01060746970705152,0.009904725721097431,0.008307513977016255,0.022926665933743186,0.011195686326506357,0.018033377396225243,0.005600567737295193,0.007414737204819556,1.0]]