[[1.0,7.372435779138609E-4,8.892897500052406E-4,0.00109667850743752,0.0012413785318008963,0.002168657920079873,0.0025231018227252463,3.8744478735004933E-4,0.001894402530339571,4.189217986026051E-4,0.001167310300549757,9.695266474639042E-4,4.8789519672794905E-4,0.001114421944732138,7.590181442719684E-4,0.001516038016406816,0.0010891302555418648,0.0038243653943516205,0.0012093330500613905,7.100966279901203E-4,1.0287524017752363E-4,7.906044602143997E-4,0.0034014415519681273,0.051009001915957815,0.013282422974226065,6.047858851471005E-4,0.003240303125455606,4.41127696617339E-4,2.3657585889105142E-4,0.0010768763776051204,0.0011029070601713932,6.030342674260276E-4,0.043718194698040155,3.1767042784569815E-4,0.001083645619232789,0.008868034541111722,9.77644880873788E-4,0.0015178670149283394,3.959349075777793E-4,0.0035354904548270194,0.0010369994083415726,0.021459530800468998,6.293148393369752E-5,1.9490381663646696E-4,7.761470326776875E-4,0.0013456417111152939,0.010467905908454003,8.114388436933944E-4,2.706747060661782E-4,9.336523606680088E-4,0.0010904809279627162,0.0010162244906753352,1.780224314345454E-4,0.028627097479131378,0.0010896784810051098,0.0013251706411295968],[7.372435779138609E-4,1.0,1.409103138748778E-4,6.275203346162307E-4,9.462137274761076E-4,5.018294176577853E-4,5.677693866418662E-4,1.4169983937677017E-4,0.002584679558254331,1.8684084018023554E-4,2.9117670811268105E-4,1.8613728649558123E-4,1.8858745420800472E-4,7.99789266570333E-4,2.7079965496829776E-4,0.004621976855594178,1.8663276160460861E-4,8.514864660423512E-4,0.0013451061510695193,2.1237641981118336E-4,1.0978140097210285E-4,1.9573668518494858E-4,0.003199948664350041,0.00983596115723777,0.021077333024782752,1.0913181594173808E-4,5.588430877004852E-4,1.350760154135863E-4,7.390840577930795E-5,3.5772813664284946E-4,4.753115685688002E-5,1.8309803152278392E-4,0.00984943393898569,2.1708912805189367E-4,5.6255405483455334E-5,0.019241092619986,5.189027872053625E-5,2.6788460182820037E-4,1.8788919651751434E-4,0.005267068046640878,4.066176428365549E-4,0.00476142115128005,7.876693879023436E-5,1.8029784107683112E-4,4.851943479975509E-4,0.0012422313320606811,0.00110726201605185,2.101465292575728E-4,1.8519081051541914E-4,1.6990695929347408E-4,6.413337026867083E-4,1.7844883193971286E-4,6.195330643246573E-5,0.03200113723407751,3.790836943900381E-4,0.0010460914515548333],[8.892897500052406E-4,1.409103138748778E-4,1.0,7.612402237655164E-4,1.271950205096898E-4,0.002698718238210972,7.25931475138869E-4,5.0482348119582005E-5,0.0024567229127330083,1.5562072284889316E-4,9.020722374326958E-4,1.7219125407318254E-5,9.299976893890567E-5,7.978429430553259E-4,2.67408066546649E-4,0.001284837904727682,9.866950222237042E-5,0.001651167106241253,4.325936367823349E-4,4.2262126870096564E-5,1.7760283725571797E-5,4.2982521948683956E-5,3.986405368256337E-4,0.018611139844577802,0.048046837699395314,3.0356421796665966E-5,0.001724082041412859,2.4704551533230073E-5,5.948039918048263E-5,3.3056042118520925E-4,2.2069445182052424E-5,1.9212587343593647E-5,0.0018615898723635953,1.5254855059861262E-4,2.3623975499491596E-5,0.005579313923126767,2.3138735820305454E-5,0.002012167368836445,1.502074773889787E-4,0.02451423197832197,3.302809686998521E-4,0.02439904632045338,1.8166562012904234E-5,2.9264971778891816E-5,4.92818152778894E-4,1.8868106576747323E-4,0.0122389673220446,2.81832245554963E-5,5.538579624671695E-5,2.238812652262626E-5,0.0010472357176607447,1.1239262425993003E-4,2.3941637779391257E-5,0.029137960873812728,2.4610699729274183E-4,0.0016156221102862464],[0.00109667850743752,6.275203346162307E-4,7.612402237655164E-4,1.0,0.001095160020168036,0.001296167712699614,0.004229172116409117,4.867800354588957E-4,0.0011149512531930714,5.989203653192967E-4,0.001131848458091213,1.741213439395779E-4,9.95458030151018E-4,0.0011181300820156184,5.466821284264296E-4,0.0070844850452902895,5.864165708406741E-4,0.004160650489420315,0.0016211488477065239,0.0010882129639059642,7.855893464603709E-4,4.272285738273812E-4,0.0037189077736620537,0.04391064495992731,0.021299225961148194,9.925060778643651E-4,0.003014539191952426,3.7965880945789926E-4,8.606867752154673E-4,0.001082623602251927,0.0010872110599333517,5.425791839111774E-4,0.06150181302797957,3.339282382009025E-4,9.351296323511272E-5,0.019359959907778196,0.001088999622072258,0.0026552255788105925,9.143274339214269E-4,0.028369890097020435,9.554333188697584E-4,0.008489752353770703,6.680040311565588E-4,0.0010117754206763203,9.342338375625198E-4,0.0012412682175270905,0.008798375324073456,4.2395697907425165E-4,9.280116958979513E-4,9.10557941665582E-4,0.0010834343509636018,2.9387538817955244E-4,9.812539832368366E-4,0.010760155444590462,0.001085650651201644,0.0016485133008226729],[0.0012413785318008963,9.462137274761076E-4,1.271950205096898E-4,0.001095160020168036,1.0,0.0019407867960432056,0.002213179977610124,5.869899692660093E-4,0.0023245370080373262,5.423801280074674E-4,0.0012510975129919862,9.109954514560717E-4,0.0013113559528455444,0.0012207380749784363,0.0012030551940622625,0.008577261300377299,3.9809939829723527E-4,0.003028164889472649,0.0013634098669029115,3.3468269573236196E-4,2.298685998550522E-4,0.0010324613504370827,0.002538960487177792,0.05735237627982365,0.024864075138311847,7.910814828077816E-4,0.0018163535447631033,3.724384387356282E-4,8.496008075519052E-4,0.0010720847240155203,0.0013172353442833346,6.445386719053578E-4,0.046747697544619535,0.0010032643832149236,4.094375460704733E-4,0.018113612557948293,1.9930568311462517E-5,0.0018522572582984579,0.0012158088619265664,0.0044449194803019175,9.032981656079761E-4,0.007746807723336161,1.7975399229099283E-4,4.7434738936315377E-4,6.125230332245431E-4,0.0013417478555019125,0.0053106257797986235,4.754324991066945E-4,4.614590906457489E-4,6.176688493638068E-4,0.0013203228135812402,0.001323954008103236,9.222687231015922E-4,0.012188023241812992,0.0011615569842767877,0.0014365233798370278],[0.002168657920079873,5.018294176577853E-4,0.002698718238210972,0.001296167712699614,0.0019407867960432056,1.0,0.0031248784201248,0.0018388735609085138,0.002765774683755934,1.8611692635340575E-4,0.0022425790773227946,0.002514262569949362,4.671311478504438E-4,0.0021690886322458447,0.0027761159034073056,0.006947111087357459,0.0019220127149422392,0.004084626097960351,0.0019933188441993745,0.002747828627308336,0.002497918952094295,2.1651968553701423E-4,0.0032358984772857145,0.019055631601872694,0.03966816926071535,0.0020800320613850454,0.002974529394472033,0.001328705777255714,0.002602352624028518,0.0013440194048203998,0.0013571778616308463,0.0018781190177930762,0.03264472904443793,8.319830142189925E-4,9.11900180731751E-4,0.026950226597994023,9.455457562867659E-4,0.002831229564088053,3.5995161318363333E-4,0.030710337590771714,0.0023276238113992317,0.006335352767869108,6.166873259292536E-4,9.592851576340145E-4,0.001503397748069082,0.0016610468220898441,0.00817257332057762,3.79194479510534E-4,0.001287416792822655,2.550157750206562E-5,0.0015295736916443885,6.544724459079264E-4,0.0026749992161081153,0.031250881409647456,0.0021216466118923263,0.0020848425877119173],[0.0025231018227252463,5.677693866418662E-4,7.25931475138869E-4,0.004229172116409117,0.002213179977610124,0.0031248784201248,1.0,0.0010430380139787839,0.003168089961313402,0.0029926627791730864,0.00191763891304228,0.0032689766525072243,0.0036487944620613773,0.0033266161122509613,0.0015609604289032308,0.007668917143595024,0.001955194129750026,0.0044754237222964155,0.0020915585085414254,0.003947403156953896,8.672184566044868E-4,0.003635418139782475,0.0050529477580970655,0.010537745165062697,0.03171347025302862,3.1020459806873545E-4,0.003762581724313214,0.0033068258090123972,0.0037258291027534745,0.0022185384311575037,0.0022463977084632293,0.003992112977501325,0.03556986767869959,0.00304684640166052,0.0013434873675513327,0.02415162455093922,3.478131516188459E-4,0.0029942828032755277,0.004458629684297171,0.021404748036609876,0.003143083280186772,0.01922726897153471,0.0024337555892142136,0.00350875094777436,6.212106120042221E-4,0.003145769714870722,0.010068421996230877,0.002873991463875624,0.0028301386355229175,0.004050950624706662,0.0044879318076666425,0.0024955214106625392,0.0011335757739248007,0.019145813573053623,0.0015971636526970335,0.0023151188366416792],[3.8744478735004933E-4,1.4169983937677017E-4,5.0482348119582005E-5,4.867800354588957E-4,5.869899692660093E-4,0.0018388735609085138,0.0010430380139787839,1.0,0.0020621822432547853,1.1554167411951154E-4,0.0011421125281328415,3.527031986679596E-5,1.6373572247060431E-4,8.982366623831274E-4,1.691120627424464E-4,0.0035828191736022655,1.1655932100315017E-4,9.723255912338988E-4,0.0011111090118784619,9.533109015656913E-5,4.813087484399935E-5,1.8785635490949705E-4,0.0032961275557832686,0.0366960552715293,0.01862166416537542,7.366974628783825E-5,0.002963784184967593,7.05362238147298E-5,8.320681423422051E-5,1.0604021785663911E-4,6.381144170893987E-5,1.6536301858908206E-5,0.02067596874589053,1.1906535221208163E-4,3.1494919295222364E-5,0.026009724791064164,6.962176536228924E-5,0.0013965964826423533,1.162237209022225E-4,0.0030766844015905053,4.8208271205467976E-4,0.010936340613226788,7.552056374248994E-5,1.263547935908985E-4,3.304963355694512E-4,0.0010158973581297877,0.0030297153505074105,2.3466779433753036E-4,1.2836431781392883E-4,7.48651822590018E-5,4.7308120815088605E-4,1.1226922469967184E-4,5.14197784533553E-5,0.0232504527789163,9.532952109984454E-4,8.596037090886787E-4],[0.001894402530339571,0.002584679558254331,0.0024567229127330083,0.0011149512531930714,0.0023245370080373262,0.002765774683755934,0.003168089961313402,0.0020621822432547853,1.0,4.28133894607235E-4,0.002028458904605411,0.0024704396201509497,6.305339867658962E-4,0.0026122514908269133,6.712515644943018E-4,0.003347852177320566,6.92775374375699E-4,0.0036318679912814146,0.002118830232852951,6.237070499353813E-4,0.0016615208511574933,0.0019589502919506773,0.004333748688806142,0.029873667663637256,0.027417266772999944,6.719458483153976E-4,0.0026811218098944114,0.001187068456134617,4.078941125141389E-4,0.0021296315192162437,5.496915788185848E-4,0.002242509357267834,0.0239936527796189,5.350023728402625E-4,0.0025152821087226864,0.005155687832481236,0.0024029357632917043,0.0027851200665389114,5.561044929478481E-4,0.028826680093153943,0.001639897991057205,0.028256416484501293,0.002365538842752033,0.00206877368031486,0.001815565560862105,0.002490669100779331,0.014072467616113802,0.001582999836052285,0.002653070075701835,9.084498228875763E-4,0.00147751671848629,0.001678681807999639,0.001160705345270906,0.026570385708674663,0.0025275332861662437,0.00212990863237867],[4.189217986026051E-4,1.8684084018023554E-4,1.5562072284889316E-4,5.989203653192967E-4,5.423801280074674E-4,1.8611692635340575E-4,0.0029926627791730864,1.1554167411951154E-4,4.28133894607235E-4,1.0,2.447018224588331E-4,5.852567381132144E-5,1.8376147767545621E-4,5.245071377306266E-4,2.538607252502335E-4,0.0034037275646344447,1.6599112259983083E-4,0.0037561232669272035,2.3859751930588438E-4,1.9101015118952458E-4,1.0545634162073993E-4,1.925286400757542E-4,0.004700263422577914,0.04324927229703372,0.022341477857935232,1.27793386971374E-4,0.0020510958750746613,7.161903190203287E-5,9.317602106140524E-5,5.009278877802858E-4,3.485637067884761E-5,1.2998124922811266E-4,0.03628210579991934,1.87336964965612E-4,1.4619116145395155E-4,6.215982134100937E-4,5.9188107302735304E-5,0.002465100779227406,1.748330883683126E-4,0.03559495267126756,3.0474787403285137E-4,0.025032788986531485,1.695761523441723E-4,1.7252732778777222E-4,2.27242454910474E-4,0.0013507639019857901,0.0035303911681600552,1.8004149049624408E-4,1.3689543497750605E-4,8.305189423277817E-5,9.541723459016152E-4,1.5010339286216506E-4,9.404660563010225E-5,0.0289518892797124,0.0010774685669952587,0.001474391818514939],[0.001167310300549757,2.9117670811268105E-4,9.020722374326958E-4,0.001131848458091213,0.0012510975129919862,0.0022425790773227946,0.00191763891304228,0.0011421125281328415,0.002028458904605411,2.447018224588331E-4,1.0,8.895995067654561E-4,4.673818426031657E-4,0.0011413887060323642,9.135969597393516E-4,0.006931827577488569,5.142795506280365E-4,0.004181719113508122,0.0016390459789265926,5.677984471269538E-4,4.554974071210542E-4,9.758471667249071E-4,0.0034029805909646296,0.025793770304914313,0.015925832958066828,0.0011636796398092587,0.0021659474352583715,1.8465679157514108E-4,9.312688391151315E-4,0.0011229589912657696,7.394741753438356E-4,6.648082344371252E-4,0.06072510626095812,8.105595300778167E-4,0.0010887430096854164,0.004568365997862782,7.769821777734509E-4,0.0019187050555253627,2.840841621714515E-4,0.01849368341747564,5.793625702002995E-4,0.014145417983916502,7.061216600132344E-5,9.381706816628442E-4,6.279992385505908E-4,0.0013411049906973135,0.004057630537921287,0.0010629383821584035,0.0010129772410191634,9.388361966537837E-4,0.0011850833393693466,1.5056643618722296E-4,2.1274378540877612E-4,0.02225465823917231,0.0011249804030223046,0.001709994662301814],[9.695266474639042E-4,1.8613728649558123E-4,1.7219125407318254E-5,1.741213439395779E-4,9.109954514560717E-4,0.002514262569949362,0.0032689766525072243,3.527031986679596E-5,0.0024704396201509497,5.852567381132144E-5,8.895995067654561E-4,1.0,3.370518279618131E-5,2.394604220199607E-4,2.023230621225081E-4,0.005435032647032818,1.2168245983174345E-4,0.0037410923454043034,5.767996950705361E-4,3.7651932023314337E-5,1.3894487434320707E-5,1.009202561532102E-4,7.852179739422379E-4,0.03710013586195133,0.013963098379511568,1.4789273549003926E-5,8.704364505077184E-4,1.880634120277644E-5,4.2968626652354335E-5,7.0685091991492E-4,1.3149666369395575E-5,1.350133942629451E-5,0.03629727355840232,9.638852700260452E-5,1.2729321620890442E-5,0.021226735721787605,1.526326446398258E-5,0.0014565900247197048,1.0001598973511907E-4,0.031280773125849815,4.7608561314744797E-4,0.02386744805729873,1.4654837015058228E-5,9.414327523843145E-5,1.5662023992484296E-4,0.0014177299173232518,0.0013390362542864652,5.917528177135023E-5,8.014030637385513E-5,1.3770756674895708E-5,3.072169100358075E-4,1.0384792348294263E-4,1.6747441477303205E-5,0.027481524263476366,6.67640746700473E-4,8.842510033892441E-4],[4.8789519672794905E-4,1.8858745420800472E-4,9.299976893890567E-5,9.95458030151018E-4,0.0013113559528455444,4.671311478504438E-4,0.0036487944620613773,1.6373572247060431E-4,6.305339867658962E-4,1.8376147767545621E-4,4.673818426031657E-4,3.370518279618131E-5,1.0,5.097578649857386E-4,2.4652623946156695E-4,0.0014838410880628334,1.7054875745684643E-4,6.960162456037071E-4,9.256627236289606E-4,2.0148456360381868E-4,1.5904672132728713E-4,1.9070260800223575E-4,9.959724213574799E-4,0.05589499947196704,0.06123457266909201,7.147900043259241E-5,0.001441609072163689,1.600921389690591E-4,9.623304689227957E-5,3.365080432261054E-4,1.3377586161422692E-4,2.860583872203833E-5,0.05624081430290803,2.050150167503404E-4,2.918509310933898E-5,0.011359990268089358,3.9897502452452956E-5,2.9827691719127756E-4,1.9132603882129385E-4,0.0031471309600230755,4.8408048711648876E-4,0.011697848029987645,9.734038913429175E-5,1.79181072176149E-4,4.229878967303143E-4,0.001223792433810122,0.005875489129190105,2.2324497688466246E-4,1.8164468229519683E-4,1.7330418196239062E-4,1.986511765170806E-4,1.8896354525704275E-4,6.285969514862619E-5,0.032140155722769334,7.198930511178304E-4,3.4069978902934726E-4],[0.001114421944732138,7.99789266570333E-4,7.978429430553259E-4,0.0011181300820156184,0.0012207380749784363,0.0021690886322458447,0.0033266161122509613,8.982366623831274E-4,0.0026122514908269133,5.245071377306266E-4,0.0011413887060323642,2.394604220199607E-4,5.097578649857386E-4,1.0,8.208278821229237E-4,0.0047555493522131705,3.1446380258644475E-4,0.0037694722221259256,0.0015890423302158023,5.004353802788795E-4,9.968142058831455E-4,5.967791269844151E-4,0.0029893465186204937,0.05943606776827049,0.052487118785617376,9.29261863965048E-4,0.002246108230908145,3.853210907408398E-4,3.8424494903653675E-4,0.0011168905527442173,0.001114181447873551,3.0450046740938526E-4,0.06123646722684384,0.0010240105756603828,4.4844087019558614E-4,0.011918411502585513,2.2775102274488784E-4,0.002781746434135835,7.196866426996743E-4,0.00861663063553183,9.003459818930713E-4,0.011325152108741224,1.3879144683892242E-4,8.367873152849454E-4,7.371730401030087E-4,0.001313501179131789,0.003628188280065391,6.378736089389304E-4,6.82425126264676E-4,4.196377542073818E-4,0.0010556743793332004,8.111366370552592E-4,6.493251612478281E-4,0.030041428080379042,0.0011043993488101585,0.0016264077562827104],[7.590181442719684E-4,2.7079965496829776E-4,2.67408066546649E-4,5.466821284264296E-4,0.0012030551940622625,0.0027761159034073056,0.0015609604289032308,1.691120627424464E-4,6.712515644943018E-4,2.538607252502335E-4,9.135969597393516E-4,2.023230621225081E-4,2.4652623946156695E-4,8.208278821229237E-4,1.0,0.006715296327132543,1.6565255011830905E-4,0.002985928025383743,9.767203524153247E-4,2.782205105760369E-4,1.8261694360605302E-4,2.4294846101145453E-4,0.005022947462159957,0.04302710232098807,0.06144661231312838,1.9547205021884495E-4,0.001519177481995222,2.594932576167487E-4,2.4389660348972457E-4,3.455412670922391E-4,1.8338365673034788E-4,3.132902795028581E-5,0.03891231091854837,2.747965468771483E-4,1.0605449338071138E-4,0.003990347262723464,4.8786789930437403E-5,0.0025913739747600952,2.1609108516990554E-4,0.0037591987816362332,3.674687285245467E-4,0.008330208430119482,5.115513679523693E-5,2.738869245155185E-4,4.139682298424103E-4,7.192722423081375E-4,0.011556328800299024,2.8481649484208996E-4,2.3879948885007196E-4,1.8476454499719028E-4,4.1952814769569916E-4,2.1262352205513296E-4,1.5889747135226274E-4,0.021696367879168395,4.4094872321650744E-4,6.505416353366378E-4],[0.001516038016406816,0.004621976855594178,0.001284837904727682,0.0070844850452902895,0.008577261300377299,0.006947111087357459,0.007668917143595024,0.0035828191736022655,0.003347852177320566,0.0034037275646344447,0.006931827577488569,0.005435032647032818,0.0014838410880628334,0.0047555493522131705,0.006715296327132543,1.0,0.003027851984920889,0.008213969462117186,0.005888615321368037,0.008253891321734364,5.022601091291375E-5,0.008592593224698115,0.006777713865527283,0.0530616069690246,0.02211681814322107,0.002053600776457531,0.007724505110261959,0.00524338803003912,0.004222902489802904,0.007756724108904529,0.006013663016579274,6.672476256020649E-4,0.051698005974836175,0.007682917167546014,0.008004878304768146,0.024571363982835,0.001134707292685738,0.0069954683754121895,0.005200502257510933,0.009360285939278528,0.001078740153240409,0.012418165208661985,0.008827596128430457,0.0035884425697662657,0.0063629191996308655,0.0020702872756171472,0.009975592872323325,0.0011556765033477693,0.005703605022943124,0.002691816342899192,0.0031735200234979492,0.002478350712829337,0.005952576627889211,0.03027806313580628,0.0027144516639813505,0.007021458883270425],[0.0010891302555418648,1.8663276160460861E-4,9.866950222237042E-5,5.864165708406741E-4,3.9809939829723527E-4,0.0019220127149422392,0.001955194129750026,1.1655932100315017E-4,6.92775374375699E-4,1.6599112259983083E-4,5.142795506280365E-4,1.2168245983174345E-4,1.7054875745684643E-4,3.1446380258644475E-4,1.6565255011830905E-4,0.003027851984920889,1.0,0.0031481009497988316,2.0824304590256963E-4,2.1996509900712086E-4,2.8816740923270935E-5,1.7667734000068353E-4,0.002377372355471665,0.04953614071111208,0.05253547863691709,1.6115200364881266E-4,3.898383147252348E-4,1.58949104062557E-4,7.991273264598788E-5,6.906040182690094E-4,6.872087363095017E-5,1.5545849001280553E-4,0.018779776179502366,2.222246145438198E-4,1.006628113644464E-4,0.013813058781223336,9.487556351643468E-5,6.407121486676748E-4,1.697200601013087E-4,0.008498699177036812,3.6482537537180356E-4,0.0015069009304271102,5.784648286396297E-5,1.6944380629245213E-4,3.581473487748675E-4,0.0014119343255047704,0.0017646378757998865,2.684941612434619E-4,1.4457440803660287E-4,1.2044567439163382E-4,6.102052676916534E-4,1.3559905713646106E-4,8.048705371937409E-5,0.011864360059854688,4.944638299155651E-4,0.0014142755460397037],[0.0038243653943516205,8.514864660423512E-4,0.001651167106241253,0.004160650489420315,0.003028164889472649,0.004084626097960351,0.0044754237222964155,9.723255912338988E-4,0.0036318679912814146,0.0037561232669272035,0.004181719113508122,0.0037410923454043034,6.960162456037071E-4,0.0037694722221259256,0.002985928025383743,0.008213969462117186,0.0031481009497988316,1.0,0.001964636469589225,0.001214087547331994,6.092631556917235E-4,0.002482537831700656,0.005088331797394602,0.05103546003248781,0.059206865005354055,0.0038441442957105796,0.003999155130153562,0.0036989921230304004,0.0017958178539913036,0.0038281745428642095,9.565989479413492E-4,2.0979150696879228E-4,0.059259995109313034,8.213212956822836E-4,0.0033655147585741553,0.019670383740392657,0.0026225575282565255,0.003976018936709895,0.0029536378380891734,0.016072428119298036,0.003945133197612942,0.020422825075125967,0.0036660224994816974,0.0010090354539990757,0.0022671870361515426,0.003028116118874027,0.010227641470763084,0.002094471209402292,0.004209165085300892,0.0016218231846628327,0.004267325857890119,0.003731143896331075,0.0034368210007193847,0.02618431575523944,0.0020624118629372877,0.00284569469793059],[0.0012093330500613905,0.0013451061510695193,4.325936367823349E-4,0.0016211488477065239,0.0013634098669029115,0.0019933188441993745,0.0020915585085414254,0.0011111090118784619,0.002118830232852951,2.3859751930588438E-4,0.0016390459789265926,5.767996950705361E-4,9.256627236289606E-4,0.0015890423302158023,9.767203524153247E-4,0.005888615321368037,2.0824304590256963E-4,0.001964636469589225,1.0,2.3724496140316629E-4,0.0017831982339863136,3.7293815890187165E-4,0.003153046083137949,0.035097557235377184,0.04850729596582705,0.0014128457120819028,0.0032467304563342787,7.818905084832113E-4,5.840539548158194E-4,0.0010982628257840165,0.0017040543992460737,2.515740071178588E-4,0.041758000885728355,3.1479895248741037E-4,2.2771766539879013E-4,0.023848882543895684,0.0011669387218386465,0.001987771326290434,3.007476234339656E-4,0.01761045851939185,9.623138595875908E-4,0.026111720352972906,6.599776075484838E-4,0.001319401418280328,0.0010117732920865213,0.0017936916259184876,0.014913136759787669,3.632097734939791E-4,0.0013764013579071525,0.0012196792399465286,0.001777225379947327,0.0017627061698141802,0.0016327512787246347,0.01799815119247589,0.00174335775770703,0.0018483569583664045],[7.100966279901203E-4,2.1237641981118336E-4,4.2262126870096564E-5,0.0010882129639059642,3.3468269573236196E-4,0.002747828627308336,0.003947403156953896,9.533109015656913E-5,6.237070499353813E-4,1.9101015118952458E-4,5.677984471269538E-4,3.7651932023314337E-5,2.0148456360381868E-4,5.004353802788795E-4,2.782205105760369E-4,0.008253891321734364,2.1996509900712086E-4,0.001214087547331994,2.3724496140316629E-4,1.0,5.024305735898261E-5,2.074254309944117E-4,0.0035122991369434748,0.010215043259162173,0.02301389173566069,1.2895021117595302E-4,0.0017852145972815149,1.78339045455075E-4,8.165050155173853E-5,0.0010145135889159018,1.7849857489555298E-5,1.6852713756067349E-4,0.019102222573684872,2.2732412561429668E-4,2.162475429963711E-4,0.006498078348645512,1.984378712507473E-4,5.879315816952323E-4,2.1467048359581848E-4,0.026034630121581286,2.628019670614948E-4,0.024085051091704297,2.481652803450831E-5,1.822896846894639E-4,4.204973387992503E-4,6.524229291712171E-4,0.0062222453706253155,2.721508759548148E-4,1.520217688907327E-4,2.2099629928126703E-4,6.55706730841501E-4,1.3273176739604385E-4,4.6737891279242626E-5,0.029058817562833152,4.291381725590814E-4,0.001228191181566815],[1.0287524017752363E-4,1.0978140097210285E-4,1.7760283725571797E-5,7.855893464603709E-4,2.298685998550522E-4,0.002497918952094295,8.672184566044868E-4,4.813087484399935E-5,0.0016615208511574933,1.0545634162073993E-4,4.554974071210542E-4,1.3894487434320707E-5,1.5904672132728713E-4,9.968142058831455E-4,1.8261694360605302E-4,5.022601091291375E-5,2.8816740923270935E-5,6.092631556917235E-4,0.0017831982339863136,5.024305735898261E-5,1.0,1.6774780734168043E-5,8.621274527442431E-4,0.0656374979017642,0.0243376930868341,2.7806864042902613E-5,0.0011362781303778248,1.9521584051418684E-5,6.197585690350096E-5,5.261176340262619E-4,1.1192939159559045E-5,1.0604013613917475E-5,0.023567725664931302,1.3194464054738255E-4,1.0715669053864836E-5,3.751453792702351E-4,1.0795476123557268E-5,0.0012959086412387365,1.1258475016942608E-4,0.017629303686189417,4.5132180047651626E-4,0.01904925242999269,1.2696237875177148E-5,5.800201140998421E-5,2.739530683062879E-4,3.958346415760869E-4,0.0040362247264472155,4.636648646791042E-5,4.9343737195779686E-5,1.302439825324735E-5,2.006559248397163E-4,1.436254700950942E-5,1.3996965954699806E-5,0.009632793723976824,8.639426485175652E-4,7.536542984338256E-4],[7.906044602143997E-4,1.9573668518494858E-4,4.2982521948683956E-5,4.272285738273812E-4,0.0010324613504370827,2.1651968553701423E-4,0.003635418139782475,1.8785635490949705E-4,0.0019589502919506773,1.925286400757542E-4,9.758471667249071E-4,1.009202561532102E-4,1.9070260800223575E-4,5.967791269844151E-4,2.4294846101145453E-4,0.008592593224698115,1.7667734000068353E-4,0.002482537831700656,3.7293815890187165E-4,2.074254309944117E-4,1.6774780734168043E-5,1.0,0.0031743784747574892,0.06069894253075966,0.0341872557423956,1.505949699224313E-4,0.001840793971702945,1.2282765027793295E-4,1.569675738738762E-4,0.0010247899090022646,8.658386412076151E-5,9.009134956747245E-5,0.04473683825514027,2.0838248897947688E-4,1.6131721532331762E-4,0.005578773380603902,1.68735061854404E-4,0.0017305845771410267,1.9652066546223536E-4,0.0349330643724741,3.9742755884228614E-4,0.010553319669581665,1.3875174172198925E-4,1.9732205751107185E-4,4.262350209822115E-4,0.001396350723365595,0.003427832081928375,2.5219337721826135E-4,1.8521951179120173E-4,6.156164364059398E-5,6.791519242693335E-4,1.715199500816527E-4,1.2715584376836946E-4,0.016154991556746216,2.528272357676225E-4,2.8385006581278707E-4],[0.0034014415519681273,0.003199948664350041,3.986405368256337E-4,0.0037189077736620537,0.002538960487177792,0.0032358984772857145,0.0050529477580970655,0.0032961275557832686,0.004333748688806142,0.004700263422577914,0.0034029805909646296,7.852179739422379E-4,9.959724213574799E-4,0.0029893465186204937,0.005022947462159957,0.006777713865527283,0.002377372355471665,0.005088331797394602,0.003153046083137949,0.0035122991369434748,8.621274527442431E-4,0.0031743784747574892,1.0,0.04235995060789643,0.01624369251090079,0.0030181332138971948,0.004613375745156003,0.0010356032285709978,0.0025155645188064887,0.00431948247467666,0.0015545533468278093,0.004291952009270254,0.04117742095262657,0.002131037119051827,0.0019478907839793412,0.006226238299068525,0.0012047371433830526,0.004839293256187899,0.0025095786917801533,0.016369471668786953,0.005057529807189489,0.01575266598727275,0.004543025119583363,0.003307927227896738,0.0012324887261355975,0.00272741259945698,0.0062238301188713,0.0036787439955268415,0.0029930639709061166,0.0019296249457127035,0.003013740498897216,0.0016651783943350412,0.003094949186828426,0.01893135297662088,0.0022749056956476036,0.003758622185993605],[0.051009001915957815,0.00983596115723777,0.018611139844577802,0.04391064495992731,0.05735237627982365,0.019055631601872694,0.010537745165062697,0.0366960552715293,0.029873667663637256,0.04324927229703372,0.025793770304914313,0.03710013586195133,0.05589499947196704,0.05943606776827049,0.04302710232098807,0.0530616069690246,0.04953614071111208,0.05103546003248781,0.035097557235377184,0.010215043259162173,0.0656374979017642,0.06069894253075966,0.04235995060789643,1.0,0.06666666666666667,0.052213858226293146,0.042082841020576266,0.06293378665132679,0.06336579745743402,0.037581299718017463,0.035977733233586454,0.06093275588727369,0.06597844576267986,0.046338377694573094,3.242418018537049E-5,0.057719312238571935,0.05555528925753227,0.014126326988294895,0.03745682760221051,0.04137648352257079,0.06517826366730453,0.05746749782489388,0.024567650219553226,0.04197840139556681,0.046470344332193235,0.024486411110332954,0.03613061495966504,0.014335191590243906,0.006292943135715498,0.06240277120830194,0.028126054947550393,0.051737279644424004,0.029103104691603016,0.0621766001084168,0.03971195259322691,0.017000971005912222],[0.013282422974226065,0.021077333024782752,0.048046837699395314,0.021299225961148194,0.024864075138311847,0.03966816926071535,0.03171347025302862,0.01862166416537542,0.027417266772999944,0.022341477857935232,0.015925832958066828,0.013963098379511568,0.06123457266909201,0.052487118785617376,0.06144661231312838,0.02211681814322107,0.05253547863691709,0.059206865005354055,0.04850729596582705,0.02301389173566069,0.0243376930868341,0.0341872557423956,0.01624369251090079,0.06666666666666667,1.0,0.04831615700566437,0.05020162281395391,0.04159576036078007,0.040069606780899845,0.008214119584127861,0.0651046318934872,0.012916044032924165,0.06380358399953569,0.03570818675061681,0.050760894900549816,0.030875527996700257,7.387856927035256E-4,0.027014068502881586,0.06601128254757696,0.06406020620989879,0.0099740824044725,0.03116034339027787,0.022669558869037983,0.032157862697886466,0.027318947414314374,0.04031090312829973,0.05733440705644974,0.046199307415777824,0.016596223683301187,0.04338462894185453,0.03439322106799164,0.06430468609625299,0.028953396634949127,0.05163906883174406,0.04439803799924437,0.029134649379694504],[6.047858851471005E-4,1.0913181594173808E-4,3.0356421796665966E-5,9.925060778643651E-4,7.910814828077816E-4,0.0020800320613850454,3.1020459806873545E-4,7.366974628783825E-5,6.719458483153976E-4,1.27793386971374E-4,0.0011636796398092587,1.4789273549003926E-5,7.147900043259241E-5,9.29261863965048E-4,1.9547205021884495E-4,0.002053600776457531,1.6115200364881266E-4,0.0038441442957105796,0.0014128457120819028,1.2895021117595302E-4,2.7806864042902613E-5,1.505949699224313E-4,0.0030181332138971948,0.052213858226293146,0.04831615700566437,1.0,0.003043229736448027,3.133181244062335E-5,5.125592534794958E-5,5.278564154664276E-4,3.208523272880884E-5,1.9699326974238083E-5,0.026513950923516084,1.7552230753750545E-4,1.8752520871787914E-5,0.010133166196288382,1.7213864809335288E-5,0.0021531160405823964,4.3169632374174746E-5,0.027432534633315884,2.768218256861086E-4,0.0010809698595970175,1.7440724504871487E-5,1.6289606144835424E-4,3.620071074667191E-4,2.706466591245627E-4,0.009565549581371824,1.0777579891567936E-4,5.842043226934276E-5,1.3859921521132101E-5,6.520943118804405E-4,4.241773603740604E-5,2.9259046137740952E-5,3.363494818249646E-4,2.4231668986829765E-4,0.0012803193660714163],[0.003240303125455606,5.588430877004852E-4,0.001724082041412859,0.003014539191952426,0.0018163535447631033,0.002974529394472033,0.003762581724313214,0.002963784184967593,0.0026811218098944114,0.0020510958750746613,0.0021659474352583715,8.704364505077184E-4,0.001441609072163689,0.002246108230908145,0.001519177481995222,0.007724505110261959,3.898383147252348E-4,0.003999155130153562,0.0032467304563342787,0.0017852145972815149,0.0011362781303778248,0.001840793971702945,0.004613375745156003,0.042082841020576266,0.05020162281395391,0.003043229736448027,1.0,0.0021128073889767687,0.0020487214709510302,0.00295320667457078,9.056403542614409E-4,0.0033295056950244355,0.06001104051474052,0.0017187475436610028,0.0010961109002270493,0.019458635854849027,1.8834517958726116E-4,0.0031994061614159675,0.0013862721797686629,0.007877454816560112,0.002804286499117194,0.016455851321094228,0.0014869914969508472,0.0017920841146604161,0.001444044404347835,0.0029869447492971153,0.0033777958499059475,9.306203321270966E-4,0.002357668292660423,0.001721096177461961,0.0018455193518367033,0.001843005334115651,0.001101322872882199,0.01360496576225716,0.0014234006451031749,0.002392465845345051],[4.41127696617339E-4,1.350760154135863E-4,2.4704551533230073E-5,3.7965880945789926E-4,3.724384387356282E-4,0.001328705777255714,0.0033068258090123972,7.05362238147298E-5,0.001187068456134617,7.161903190203287E-5,1.8465679157514108E-4,1.880634120277644E-5,1.600921389690591E-4,3.853210907408398E-4,2.594932576167487E-4,0.00524338803003912,1.58949104062557E-4,0.0036989921230304004,7.818905084832113E-4,1.78339045455075E-4,1.9521584051418684E-5,1.2282765027793295E-4,0.0010356032285709978,0.06293378665132679,0.04159576036078007,3.133181244062335E-5,0.0021128073889767687,1.0,4.307797121286336E-5,6.796407130847961E-4,1.869386520856945E-5,2.3248236434353414E-5,0.027093759503379437,6.263311794086725E-5,1.616748718489906E-5,0.007159710362339189,2.24015066012161E-5,0.002079880759050662,1.417263109710913E-4,0.009428188411062587,2.676691374416014E-4,0.01908645471776085,2.7341163365354892E-5,4.001924988270075E-5,1.9027904943680384E-4,7.105878707595716E-4,0.0034476369430415073,2.7881590405469706E-4,6.447894712266204E-5,2.0189558220387177E-5,3.396065831579309E-4,5.2622795320610285E-5,2.3371644583915188E-5,0.027875660842938337,3.218650494254577E-4,7.186989097307788E-4],[2.3657585889105142E-4,7.390840577930795E-5,5.948039918048263E-5,8.606867752154673E-4,8.496008075519052E-4,0.002602352624028518,0.0037258291027534745,8.320681423422051E-5,4.078941125141389E-4,9.317602106140524E-5,9.312688391151315E-4,4.2968626652354335E-5,9.623304689227957E-5,3.8424494903653675E-4,2.4389660348972457E-4,0.004222902489802904,7.991273264598788E-5,0.0017958178539913036,5.840539548158194E-4,8.165050155173853E-5,6.197585690350096E-5,1.569675738738762E-4,0.0025155645188064887,0.06336579745743402,0.040069606780899845,5.125592534794958E-5,0.0020487214709510302,4.307797121286336E-5,1.0,9.046181252422786E-4,3.136998702773328E-5,2.1958501552125463E-5,0.056764703754284586,1.8317993661676695E-4,2.498219958647327E-5,0.007390250005169208,5.44801199427841E-5,2.5917026687733363E-4,9.242633912599218E-5,0.03166195849474468,4.0643288387677703E-4,5.22663845815626E-4,4.372833303020483E-5,8.223582805972318E-5,2.1100461592030666E-4,8.207049590436439E-4,0.0027857747119236194,1.4939139313793298E-4,1.1381827255862754E-4,5.4151171838183525E-5,1.6461516251646034E-4,8.756114373925318E-5,5.2017434735425014E-5,0.007486217976956672,3.652094985901238E-4,0.0011793827022668936],[0.0010768763776051204,3.5772813664284946E-4,3.3056042118520925E-4,0.001082623602251927,0.0010720847240155203,0.0013440194048203998,0.0022185384311575037,1.0604021785663911E-4,0.0021296315192162437,5.009278877802858E-4,0.0011229589912657696,7.0685091991492E-4,3.365080432261054E-4,0.0011168905527442173,3.455412670922391E-4,0.007756724108904529,6.906040182690094E-4,0.0038281745428642095,0.0010982628257840165,0.0010145135889159018,5.261176340262619E-4,0.0010247899090022646,0.00431948247467666,0.037581299718017463,0.008214119584127861,5.278564154664276E-4,0.00295320667457078,6.796407130847961E-4,9.046181252422786E-4,1.0,9.827055444517245E-4,5.909429743055699E-4,0.05708289188440488,9.275428081049475E-4,2.614962962137382E-4,0.015623688746547598,2.5881082707096255E-4,0.002030890701266858,2.552368393467239E-4,0.02085411013242435,6.502386794734156E-4,0.02748040477857606,9.85777659534917E-4,2.9022551282422576E-4,9.069502076391987E-4,0.001157558271536985,0.013607810301086341,4.409774510041566E-4,3.8576988340312577E-4,9.081114641411531E-4,0.0010590267926023638,2.914966363343895E-4,5.353271709828192E-4,0.007002255740203607,0.0010771022710238318,0.0011500726843804774],[0.0011029070601713932,4.753115685688002E-5,2.2069445182052424E-5,0.0010872110599333517,0.0013172353442833346,0.0013571778616308463,0.0022463977084632293,6.381144170893987E-5,5.496915788185848E-4,3.485637067884761E-5,7.394741753438356E-4,1.3149666369395575E-5,1.3377586161422692E-4,0.001114181447873551,1.8338365673034788E-4,0.006013663016579274,6.872087363095017E-5,9.565989479413492E-4,0.0017040543992460737,1.7849857489555298E-5,1.1192939159559045E-5,8.658386412076151E-5,0.0015545533468278093,0.035977733233586454,0.0651046318934872,3.208523272880884E-5,9.056403542614409E-4,1.869386520856945E-5,3.136998702773328E-5,9.827055444517245E-4,1.0,1.2053810867458166E-5,0.010415227591301212,1.6068225752856926E-4,1.1457650702456312E-5,0.008656909184995005,1.4970784087943816E-5,0.0020964106486766627,1.740399502654179E-5,0.025731104300921848,1.659679207768612E-4,0.01119075793528215,1.1860404098335236E-5,5.3503544872397675E-5,4.784526521212362E-4,0.0011851468349238174,0.009558734573834955,1.1363378272782845E-4,1.0356362336089595E-4,1.1897696312082342E-5,6.067256329918315E-4,7.436905743070823E-5,1.907826677164622E-5,0.007492834572095899,8.319509676589946E-4,0.001582369961336973],[6.030342674260276E-4,1.8309803152278392E-4,1.9212587343593647E-5,5.425791839111774E-4,6.445386719053578E-4,0.0018781190177930762,0.003992112977501325,1.6536301858908206E-5,0.002242509357267834,1.2998124922811266E-4,6.648082344371252E-4,1.350133942629451E-5,2.860583872203833E-5,3.0450046740938526E-4,3.132902795028581E-5,6.672476256020649E-4,1.5545849001280553E-4,2.0979150696879228E-4,2.515740071178588E-4,1.6852713756067349E-4,1.0604013613917475E-5,9.009134956747245E-5,0.004291952009270254,0.06093275588727369,0.012916044032924165,1.9699326974238083E-5,0.0033295056950244355,2.3248236434353414E-5,2.1958501552125463E-5,5.909429743055699E-4,1.2053810867458166E-5,1.0,0.044033603991157105,2.1239308115677104E-4,1.1198695896826905E-5,0.016207613239608218,1.4768444014569049E-5,0.0016145680926322582,4.0079717005179717E-5,0.028798518668224842,5.222680343638496E-5,0.023702519351225998,1.3098382762421097E-5,1.1268690477036911E-4,2.7051385483410796E-4,0.0010506332617461747,0.006817152859186123,2.1450953888422274E-4,5.286303786095569E-5,1.294834432596202E-5,5.834243557291315E-4,1.1155549396941348E-4,1.464835340310583E-5,0.004449412810999369,3.932452960929499E-4,0.001592051535450579],[0.043718194698040155,0.00984943393898569,0.0018615898723635953,0.06150181302797957,0.046747697544619535,0.03264472904443793,0.03556986767869959,0.02067596874589053,0.0239936527796189,0.03628210579991934,0.06072510626095812,0.03629727355840232,0.05624081430290803,0.06123646722684384,0.03891231091854837,0.051698005974836175,0.018779776179502366,0.059259995109313034,0.041758000885728355,0.019102222573684872,0.023567725664931302,0.04473683825514027,0.04117742095262657,0.06597844576267986,0.06380358399953569,0.026513950923516084,0.06001104051474052,0.027093759503379437,0.056764703754284586,0.05708289188440488,0.010415227591301212,0.044033603991157105,1.0,0.017704940910719814,0.03291826098493622,0.05565606693350647,0.04532046273501391,0.03371802388641268,0.044391203363292775,0.040836998531824625,0.052461315467391044,0.04192440542377174,0.008439578796512004,0.03703603141837165,0.03370362191436458,0.01807330839649333,0.024195548406379608,0.0347476453547855,0.02206963602521046,0.002972736070657966,0.0016877635846795913,0.04034661713222184,0.047639276875272134,0.03467515152824351,0.04427336998384966,0.003408750556342441],[3.1767042784569815E-4,2.1708912805189367E-4,1.5254855059861262E-4,3.339282382009025E-4,0.0010032643832149236,8.319830142189925E-4,0.00304684640166052,1.1906535221208163E-4,5.350023728402625E-4,1.87336964965612E-4,8.105595300778167E-4,9.638852700260452E-5,2.050150167503404E-4,0.0010240105756603828,2.747965468771483E-4,0.007682917167546014,2.222246145438198E-4,8.213212956822836E-4,3.1479895248741037E-4,2.2732412561429668E-4,1.3194464054738255E-4,2.0838248897947688E-4,0.002131037119051827,0.046338377694573094,0.03570818675061681,1.7552230753750545E-4,0.0017187475436610028,6.263311794086725E-5,1.8317993661676695E-4,9.275428081049475E-4,1.6068225752856926E-4,2.1239308115677104E-4,0.017704940910719814,1.0,1.464111743012775E-4,0.01696731271154308,1.8760273087060442E-4,9.638601808748906E-4,2.0384529423296863E-4,0.008798383053982624,4.438960683590083E-4,0.02846443908458279,2.2310574259392908E-4,1.9615347340514185E-4,4.5858285430383787E-4,2.887278412281988E-4,0.005563217784481107,2.2678161646060208E-4,1.6069147450712622E-4,1.3433334686019355E-4,4.6603367934716503E-4,1.5198581265196432E-4,8.179944989435393E-5,0.013165832214940573,4.696434425026049E-4,0.0010624501366450015],[0.001083645619232789,5.6255405483455334E-5,2.3623975499491596E-5,9.351296323511272E-5,4.094375460704733