[[1.0,0.048134438311839695,0.030550895316211996,0.022766734104324712,0.0067238720321221405,0.054843959412333915,0.05898895428356059,0.030004650419261213,0.03009358715768945,0.05525983485883481,0.05851461086115597,0.023361031339225912,0.059801456533933726,0.045691610611631635,0.024233748413195626,0.030256994068799874,0.059481918654775305,0.005375302315347887,5.945121424906581E-4,0.024896820134663322,0.023012492925103264,0.05099547510260318,0.055179590051164434,0.017707721701674284,0.0666776446111438,0.06068714678382834,0.03932740338250866,0.008800569019824261,0.06018276939045909,0.04651951725188856,0.03329532100473727,0.0316478598069837,0.007272989193149138,0.05792381833698769,0.04492474035734127,0.046904170840063875,0.0597942139213228,0.022194931320170197,0.035576719079253895,0.007924554859661724,0.03444235260549344,0.059440539511833576,0.008234592610138546,0.04943689056841569,0.003740267829573687],[0.048134438311839695,1.0,0.00859502788566999,0.003976397842229426,0.0017266961925236387,0.007565491648276716,0.00400822698669543,0.007231458391209938,0.011372220476538405,0.004439971811425063,0.00400277714477499,0.0027604105249350902,1.5510733791897595E-4,0.004892409448407662,0.002102273237548522,0.009907929400484163,9.817107063919282E-4,4.2100074304201305E-4,0.007219914235462463,0.003622101479025694,0.0053560813751578696,0.009637353705781705,7.036912468378294E-4,0.003930773401283309,0.01738041525411727,0.01143085648906179,0.0102440894790749,5.242150102298974E-4,0.0018122395557005763,0.004649123855144296,0.006522236516384261,0.0102344635118416,0.004126872819758763,0.006588335528395879,0.010063647831098282,0.009249549979003003,0.002014406129754556,0.007491049237367769,0.005356780470272441,0.004107588208497588,0.010526315789473684,0.0129368743006614,0.007172882061111124,0.014084064094122679,7.772854420229891E-4],[0.030550895316211996,0.00859502788566999,1.0,0.001955227284559369,0.0029801081637730147,0.0034356086102814783,0.003152223650581674,6.839046266041655E-4,0.009296500932698605,0.002364869783267334,0.003989542913061834,0.0015870367665419627,4.3702172639648036E-5,0.0031754061851854217,5.15847932810446E-4,0.0022629118279382733,0.004001589810550485,0.0024270234447354272,8.306030522549346E-4,9.300610340229789E-4,0.004844709227229665,0.004259341827633342,0.002959172747257087,0.0038043759263145733,0.06892718338091465,0.0206865835181765,0.0032631489882853667,0.002516897076209081,1.6901589513384647E-4,0.0019308221707140575,8.059325218035973E-4,0.00305295575576715,6.156531767459009E-4,0.0037589112119732187,0.0032228693419259565,7.07222468417826E-4,0.0018796175014946623,0.0023678588726262335,0.002019427455952343,0.0017122471378170094,0.006097475945500922,0.007723521820440842,0.003369802552062819,0.01118351401141593,0.0029756124250307036],[0.022766734104324712,0.003976397842229426,0.001955227284559369,1.0,0.0013378330124769197,2.58046085228486E-4,0.0013012373199144131,3.630580821981881E-4,0.012241470618604734,0.0017075438688777373,0.0020444319630312977,0.0013417944677133798,0.0017428891500343934,0.0014729688301094934,0.001126463153119048,7.003675273515195E-4,5.048545669703902E-4,8.262971961804889E-4,0.0012615487643261982,0.0015951583366489537,0.002245157754488399,0.0030739569631642177,0.0012554468088541637,0.0019589169124518365,0.05954892002290977,0.047130813791994186,0.0026359459228728326,5.871700946655561E-4,0.0011305781343456999,8.781760728392774E-4,0.0011720090597645088,0.00205146904325396,7.480150329016431E-4,0.0014900700321413887,0.001707088850109841,7.095701382892469E-4,8.70473786057747E-4,8.942135790284223E-4,0.001573943215386328,0.0010599986501077972,0.009986014732017774,0.01515004469363598,0.001959333625936201,0.0019622324329638375,4.1488505391040303E-4],[0.0067238720321221405,0.0017266961925236387,0.0029801081637730147,0.0013378330124769197,1.0,2.1487072531462093E-4,5.963468109734992E-4,5.759594685020318E-4,0.016841075947478787,5.875724913422259E-4,0.0020543329864795004,2.129611779560323E-4,7.664520830531226E-4,2.683982536730036E-4,4.333753680809478E-4,5.760613789488332E-4,8.744835504296178E-4,6.758405021179623E-4,5.159093293097891E-4,7.154035106999928E-4,0.0011138384629400782,0.002789676258600107,8.825150601522746E-4,9.727273933493695E-4,0.020978831545234795,0.022281334697910896,0.0017926419803441348,8.189574422020674E-4,6.529927882399092E-4,6.100511643525356E-4,8.410518269144843E-4,0.0023103340666378114,3.0564524907746157E-4,0.0011408663747956244,0.0010916770872097185,7.503460601298323E-4,1.6806887046416424E-4,2.3200535702326807E-4,7.960322095201486E-4,8.325106873268366E-4,0.007327126133779849,0.0070910221641227325,0.0022981697601630034,0.002285594146395778,3.8774729337457114E-4],[0.054843959412333915,0.007565491648276716,0.0034356086102814783,2.58046085228486E-4,2.1487072531462093E-4,1.0,1.8190589378955975E-4,1.9311613803234203E-4,0.008606242038227583,1.714122871732588E-4,6.836773588876147E-4,1.853719147276423E-4,1.378474160897593E-4,1.5452444995288928E-4,2.0151020380884509E-4,7.597824548081261E-5,1.6049015260139742E-4,1.3336643219442345E-4,3.480621074783359E-4,2.0097197373257123E-4,0.00314846603371787,3.684099459912508E-4,1.9205292014008707E-4,0.0014990752747032258,0.04727486378503591,0.028435566132239225,0.0017337472747610391,1.8729505841250351E-4,1.6440380090905346E-4,1.6187126291145672E-4,1.9675554327287152E-4,0.002508990097377792,1.9710849088338175E-4,0.0010673686802435403,0.001070266663260344,1.3323024868624184E-4,1.3375702214800047E-4,1.9516618861977508E-4,5.063281539748856E-4,5.0911862664752276E-5,0.009897960477482773,0.010301743775177605,7.664308458710173E-4,0.013840040201958123,1.7538330820333987E-4],[0.05898895428356059,0.00400822698669543,0.003152223650581674,0.0013012373199144131,5.963468109734992E-4,1.8190589378955975E-4,1.0,1.635059294713846E-4,0.0037731230566952156,1.2987396092349097E-4,0.002549329365429903,1.6718835785671488E-4,8.7568342523335E-5,1.3744793067103827E-4,3.33774217169487E-4,5.9263919405681143E-5,1.6090851555194616E-4,7.209587281459175E-5,2.617899916476082E-4,1.9060317868083558E-4,0.0016997121732769262,0.00129066633472244,1.5401585308404302E-4,0.0021794239056844356,0.03462637856426422,0.028682031404579676,0.0013825418058724228,1.1927077407889829E-4,3.5343071352956465E-5,1.4356817161996174E-4,1.5997582417577477E-4,0.0023088726487917074,1.7595917324582944E-4,5.546163083707267E-4,6.367866227553503E-4,1.4205477267629281E-4,1.3240722611420458E-4,1.6861436071933784E-5,4.0356652475877165E-4,1.3021307796195577E-4,0.005039033386008665,0.011462187637808947,0.002159161663225767,0.012973878052633002,1.3936853524545593E-4],[0.030004650419261213,0.007231458391209938,6.839046266041655E-4,3.630580821981881E-4,5.759594685020318E-4,1.9311613803234203E-4,1.635059294713846E-4,1.0,0.004159726780178022,1.4640269674004647E-4,3.778318285353975E-4,1.6594496619277797E-4,4.269788268001745E-5,6.454935630939558E-5,4.294538204136823E-4,9.371178063214589E-5,1.4939705581158312E-4,3.557752826054535E-5,2.1490721928624684E-4,1.7510388177499823E-4,0.004644113196109349,0.00356623302466989,1.6126545265034647E-4,2.596472150586296E-4,0.06949596258608408,0.0227902868442438,8.019176336532641E-4,1.5789883749973998E-4,9.101491399355477E-5,1.6274169129661288E-4,1.6099676330980724E-4,0.002602321296337608,1.668895725811105E-4,9.663447780669581E-4,8.681622180523836E-4,1.23406607107409E-4,1.5548795444552787E-4,2.016303844677366E-5,3.144908760957921E-4,1.2399419768421827E-4,0.0034688153566386722,0.005291343719956659,6.31791966040146E-4,0.018155336508224457,1.1182648232963104E-4],[0.03009358715768945,0.011372220476538405,0.009296500932698605,0.012241470618604734,0.016841075947478787,0.008606242038227583,0.0037731230566952156,0.004159726780178022,1.0,0.004624323184051432,0.006893858948270825,0.008751053965022437,0.0036823617213904607,0.014930186278962206,0.013186285624057936,0.006980127361153617,0.015223926375189694,0.014387914419033443,0.0010103651222865733,0.010261591397933038,0.006482001653922733,0.009337846490964094,0.005605388600523561,0.0031099123246529792,0.052103379620873594,0.04660277362395391,0.0036571953588217104,0.0013784116829214602,0.0013818246413918075,0.009264455474723024,0.012468977046784768,0.003606751421648401,0.0027786331492692913,0.005728139440531935,0.01231456188115708,0.015449811255266411,0.013942546753820974,0.010624290351536987,0.0035315500110857235,0.0026194933238929837,0.013705436846459541,0.018525607362753927,0.012180236529145703,0.02550235487191057,0.014704913477858865],[0.05525983485883481,0.004439971811425063,0.002364869783267334,0.0017075438688777373,5.875724913422259E-4,1.714122871732588E-4,1.2987396092349097E-4,1.4640269674004647E-4,0.004624323184051432,1.0,6.965636717539932E-4,1.601718983777379E-4,6.982042737963792E-5,1.177447252294962E-4,4.0004175467589314E-4,1.0753150894729097E-4,1.2731801927458504E-4,2.6974179320974793E-5,2.1286091446834506E-4,1.7664647454095815E-4,0.003209053882724986,0.0036699817943885295,1.3930845387242585E-4,0.001576379011763758,0.0612596164431665,0.015857695332704376,0.002708932163576439,1.2150231742459842E-4,9.756929359984939E-5,1.375461146364404E-4,1.43363057914249E-4,9.067470932327106E-4,1.5771452364415556E-4,0.0013013419392150626,6.261324621456571E-4,1.2371268402517485E-4,1.2440362344952254E-4,1.0636515303526339E-4,6.584407173711428E-4,3.8225998885652294E-5,0.0024574506876986054,0.0013081923495954638,0.0021129719078424847,0.023232301074200108,8.914421349490296E-5],[0.05851461086115597,0.00400277714477499,0.003989542913061834,0.0020444319630312977,0.0020543329864795004,6.836773588876147E-4,0.002549329365429903,3.778318285353975E-4,0.006893858948270825,6.965636717539932E-4,1.0,0.002418076968030702,0.001697301213840362,0.0014954118676602968,8.184738217398659E-4,0.0025926294363582208,6.245676199681801E-4,9.95856084124876E-4,0.0018257255496150504,8.684250963990447E-4,0.002733673815264883,0.0030755319843018994,9.0393013737283E-4,0.002259024082315436,0.014368940436854244,0.02030423130510475,0.0030273453374385596,5.482406645338509E-4,4.6500177579490454E-4,0.0016015966650736796,0.0021842262638868664,0.0027193707274656303,0.0021777020659064705,0.0015278645037565043,0.002149144790786213,0.0011302506323307264,2.531387324402367E-4,0.0018032371550124255,0.0025404150788836282,5.69850175733041E-4,0.006296195420066552,0.009776960710679506,0.0025657744146308985,0.022407486002226577,0.0018361141699159672],[0.023361031339225912,0.0027604105249350902,0.0015870367665419627,0.0013417944677133798,2.129611779560323E-4,1.853719147276423E-4,1.6718835785671488E-4,1.6594496619277797E-4,0.008751053965022437,1.601718983777379E-4,0.002418076968030702,1.0,9.692275073327626E-5,6.227501033600326E-5,3.485786514218616E-4,5.49008533251465E-5,1.748470061775223E-4,1.0550166385656518E-4,3.4806169137298077E-4,2.1792692895288056E-4,0.0016023697147964679,3.2431162508469395E-4,1.7767906981144214E-4,0.0010035439846692712,0.048389678431163485,0.0026516940295031525,8.519878059456554E-4,1.21724151677243E-4,1.126447908890292E-4,1.6999259281934921E-4,1.728210783725795E-4,0.0013514073294944899,1.9485829618078347E-4,9.347466874481363E-4,0.00117767882475317,1.7277553956399975E-4,1.518675098177346E-4,9.553268905305143E-5,3.2168680926497085E-4,6.897442325183729E-5,0.010346423122566045,0.011337348117370279,0.001514524303406636,0.02197749253938913,1.0438058412351537E-4],[0.059801456533933726,1.5510733791897595E-4,4.3702172639648036E-5,0.0017428891500343934,7.664520830531226E-4,1.378474160897593E-4,8.7568342523335E-5,4.269788268001745E-5,0.0036823617213904607,6.982042737963792E-5,0.001697301213840362,9.692275073327626E-5,1.0,1.3416143113466253E-5,1.7235609453933754E-4,1.467114915601659E-5,1.1394126943725731E-4,1.3429933962814987E-5,1.5060968994398438E-4,2.0611975826803243E-4,0.0018525524988527863,0.003922196663241898,1.2195133401641328E-4,0.0010705477715724995,0.01294734127469044,0.010668765580938844,0.00155245244088099,9.247589253077312E-5,1.4790028573413437E-5,1.0989788967947722E-4,1.1852803617646001E-4,0.0014340625301444095,1.7758957152035507E-4,1.1203560872698153E-4,2.8439508114781433E-4,3.834763088293381E-5,1.7014221982537847E-5,1.2494146681177381E-5,5.949235592381099E-4,1.3657900146445978E-5,0.0029219999818023076,0.008913436112549898,6.73506521945311E-4,0.026432866237357314,2.4413468609689184E-5],[0.045691610611631635,0.004892409448407662,0.0031754061851854217,0.0014729688301094934,2.683982536730036E-4,1.5452444995288928E-4,1.3744793067103827E-4,6.454935630939558E-5,0.014930186278962206,1.177447252294962E-4,0.0014954118676602968,6.227501033600326E-5,1.3416143113466253E-5,1.0,8.158556600553893E-5,1.3865396172239114E-5,4.389428981688654E-5,1.3543025838008647E-5,2.708474739542192E-4,7.658948806612053E-5,0.002435213963201175,0.002513359730503172,1.393700512833956E-4,0.0018889751222011025,0.015115923771098315,0.014125410853465364,6.80394921464546E-4,7.655230951035762E-5,1.4085720332897914E-5,9.670935988438008E-5,1.0705468642122267E-4,9.400040554949288E-4,1.2781905173901782E-4,0.0012977123383037634,0.0011239644145025164,1.0649962549286654E-4,3.919630870761612E-5,1.1119038205500424E-5,2.810672481526785E-4,1.4372343893156158E-5,0.0021652448442276632,0.014523457868349302,0.0016743722686605198,0.022846378822976042,1.684928629321727E-5],[0.024233748413195626,0.002102273237548522,5.15847932810446E-4,0.001126463153119048,4.333753680809478E-4,2.0151020380884509E-4,3.33774217169487E-4,4.294538204136823E-4,0.013186285624057936,4.0004175467589314E-4,8.184738217398659E-4,3.485786514218616E-4,1.7235609453933754E-4,8.158556600553893E-5,1.0,1.7403976346702296E-4,1.4417339002924774E-4,6.421266908977945E-5,4.1929663648529003E-4,2.3971328103398427E-4,0.0024593348664102,0.003862810694486334,2.575667001111407E-4,8.208075135318985E-4,0.060436501176909525,0.04389032194170675,0.0016867064305977437,2.3990027932224497E-4,2.8850742010113353E-4,2.0120790910166343E-4,3.578260666110138E-4,0.002738281636868267,3.0607752676709075E-4,8.645655750970894E-4,5.209916731146804E-4,3.7711406894050154E-4,4.128037464127679E-4,1.8019472933762524E-5,4.5477650492937993E-4,2.2552920595329503E-4,7.031475783670968E-4,0.008792605803072758,0.0012112618630026571,8.634696375454973E-4,2.9519473720732327E-4],[0.030256994068799874,0.009907929400484163,0.0022629118279382733,7.003675273515195E-4,5.760613789488332E-4,7.597824548081261E-5,5.9263919405681143E-5,9.371178063214589E-5,0.006980127361153617,1.0753150894729097E-4,0.0025926294363582208,5.49008533251465E-5,1.467114915601659E-5,1.3865396172239114E-5,1.7403976346702296E-4,1.0,3.6365163266473686E-5,1.461431554864294E-5,3.087177596067334E-4,4.256819986158165E-5,0.0044844879326744105,3.336211366998793E-4,1.4231161075561717E-4,0.00184370011966643,0.05609983325606404,0.05151218576276075,0.0021290325599843496,3.317569213541682E-5,1.572725835672829E-5,1.0121533368278762E-4,1.4425977461631813E-4,0.0021165407336863106,1.2526190253315066E-4,2.4410850606664954E-4,2.0778989037152488E-4,6.247620902189139E-5,5.968985364987889E-5,1.232527688636888E-5,6.56896771520327E-4,1.5187148079568929E-5,0.003434275872244597,0.003307967609431711,0.0012480286710859914,0.005862298030863708,1.679261242385467E-5],[0.059481918654775305,9.817107063919282E-4,0.004001589810550485,5.048545669703902E-4,8.744835504296178E-4,1.6049015260139742E-4,1.6090851555194616E-4,1.4939705581158312E-4,0.015223926375189694,1.2731801927458504E-4,6.245676199681801E-4,1.748470061775223E-4,1.1394126943725731E-4,4.389428981688654E-5,1.4417339002924774E-4,3.6365163266473686E-5,1.0,1.9521951763811215E-5,3.595340162662389E-4,2.2425706629346625E-4,0.0037719631617469545,0.0014067584522911355,1.4181947592964485E-4,0.0011665889942182707,0.055448242682581486,0.04595239155876315,0.0030147036318896995,1.1848934259897593E-4,5.1476461488395044E-5,1.3701763224009548E-4,1.473477762880803E-4,0.002589218019465128,1.3664743609626738E-4,8.167827482750031E-4,1.8582627073755465E-4,1.2550367793563605E-4,1.277525695945557E-4,1.0931899650342059E-4,5.968272160804134E-4,8.914668508902909E-5,0.004199374681077862,3.011607146722207E-4,0.0011758282554018473,0.006281365849896718,5.419521056435928E-5],[0.005375302315347887,4.2100074304201305E-4,0.0024270234447354272,8.262971961804889E-4,6.758405021179623E-4,1.3336643219442345E-4,7.209587281459175E-5,3.557752826054535E-5,0.014387914419033443,2.6974179320974793E-5,9.95856084124876E-4,1.0550166385656518E-4,1.3429933962814987E-5,1.3543025838008647E-5,6.421266908977945E-5,1.461431554864294E-5,1.9521951763811215E-5,1.0,1.0274149638631782E-4,1.812527621182261E-4,0.004117205357950308,0.003144670175307229,1.0130622180669558E-4,9.465232462020951E-4,0.06655738930115997,0.015111518231049793,0.0031583259278850206,1.1174211846451877E-4,1.5260564596460912E-5,1.0617939710405301E-4,1.1989515924561145E-4,0.0017177355042743057,1.3661021594952322E-4,0.0013533559774179128,1.7023578805801935E-5,6.257107961786159E-5,5.790059003383914E-5,1.2411652595852076E-5,5.666712167437072E-4,1.3708005261500796E-5,0.007882247504762302,0.0066725865969842245,0.002369040772661037,0.0020868261007311855,1.4492855080292862E-5],[5.945121424906581E-4,0.007219914235462463,8.306030522549346E-4,0.0012615487643261982,5.159093293097891E-4,3.480621074783359E-4,2.617899916476082E-4,2.1490721928624684E-4,0.0010103651222865733,2.1286091446834506E-4,0.0018257255496150504,3.4806169137298077E-4,1.5060968994398438E-4,2.708474739542192E-4,4.1929663648529003E-4,3.087177596067334E-4,3.595340162662389E-4,1.0274149638631782E-4,1.0,2.59090249034371E-4,8.841293425994847E-4,0.0020893064933706525,3.747569266850093E-4,0.002033544162938476,0.0014437593814666495,0.006779656234815382,0.0028687581089350787,3.6607691243818996E-4,3.038226534231552E-4,1.493943770383227E-4,1.60025706218458E-4,0.0022808667127676005,3.368371835030299E-4,0.0011016936749536576,4.1870409285499875E-4,3.5270902811724745E-4,1.9468696156855643E-4,3.425036593478274E-4,5.96925016001502E-4,5.424137394586421E-5,0.008025326008184003,0.0039645785937921195,0.001699088667453179,0.016886807932585905,2.1811076657109958E-4],[0.024896820134663322,0.003622101479025694,9.300610340229789E-4,0.0015951583366489537,7.154035106999928E-4,2.0097197373257123E-4,1.9060317868083558E-4,1.7510388177499823E-4,0.010261591397933038,1.7664647454095815E-4,8.684250963990447E-4,2.1792692895288056E-4,2.0611975826803243E-4,7.658948806612053E-5,2.3971328103398427E-4,4.256819986158165E-5,2.2425706629346625E-4,1.812527621182261E-4,2.59090249034371E-4,1.0,0.004706328936330547,0.0010968458346701663,1.5636950600441538E-4,0.0017291118040622805,0.01108669801480012,0.005223111935394271,0.0011807105236267647,1.3694748654956607E-4,1.521287588819707E-4,1.851516824294295E-4,1.802188084026939E-4,0.00251847651989657,2.1117596123498305E-4,5.952421528557415E-4,2.543762717108853E-4,1.927286547845454E-4,1.6452796214968057E-4,9.422649985650864E-5,3.030550955430497E-4,8.646713436519175E-5,0.008435366296775156,0.010575551224930613,7.755269002641052E-4,0.0123461780792898,1.2322588276014482E-4],[0.023012492925103264,0.0053560813751578696,0.004844709227229665,0.002245157754488399,0.0011138384629400782,0.00314846603371787,0.0016997121732769262,0.004644113196109349,0.006482001653922733,0.003209053882724986,0.002733673815264883,0.0016023697147964679,0.0018525524988527863,0.002435213963201175,0.0024593348664102,0.0044844879326744105,0.0037719631617469545,0.004117205357950308,8.841293425994847E-4,0.004706328936330547,1.0,0.004386632435669339,0.003021835440779536,0.0033710550363838386,0.07275360092713587,0.010815517278542672,0.004043452793812759,0.0033046061940764145,0.0034464818942183807,0.0014684823326313657,6.806091802520024E-4,0.004839321215109672,0.003247577140588133,0.0019087843907679553,0.001587604665957351,0.002031396630524124,0.004469095323678117,3.4751409157355673E-4,0.0011269045579365639,0.004600429042883886,0.009962765429796499,0.008077620354383846,0.00334687253560267,0.018038549845589533,4.880186068367117E-4],[0.05099547510260318,0.009637353705781705,0.004259341827633342,0.0030739569631642177,0.002789676258600107,3.684099459912508E-4,0.00129066633472244,0.00356623302466989,0.009337846490964094,0.0036699817943885295,0.0030755319843018994,3.2431162508469395E-4,0.003922196663241898,0.002513359730503172,0.003862810694486334,3.336211366998793E-4,0.0014067584522911355,0.003144670175307229,0.0020893064933706525,0.0010968458346701663,0.004386632435669339,1.0,0.0020370676788203776,0.003383060633462087,0.01142835378054697,0.004605211015379278,0.0033007918531908886,7.287569930737247E-4,4.6191996684034165E-4,0.0042393135476541865,0.0037997685501154213,0.0034279401334152233,0.0025242275333544136,0.0030348300596264935,0.0015696653265627348,0.0021765675417052483,0.001753485990987611,0.0031035418518787525,0.004067719335827229,0.0028014959475907383,0.005108973426071132,0.010305339019009343,0.002812224254675113,0.012991492496832305,7.455860866061604E-4],[0.055179590051164434,7.036912468378294E-4,0.002959172747257087,0.0012554468088541637,8.825150601522746E-4,1.9205292014008707E-4,1.5401585308404302E-4,1.6126545265034647E-4,0.005605388600523561,1.3930845387242585E-4,9.0393013737283E-4,1.7767906981144214E-4,1.2195133401641328E-4,1.393700512833956E-4,2.575667001111407E-4,1.4231161075561717E-4,1.4181947592964485E-4,1.0130622180669558E-4,3.747569266850093E-4,1.5636950600441538E-4,0.003021835440779536,0.0020370676788203776,1.0,0.00137112219082023,0.03153641375301939,0.004063710607286118,0.0010578581710767988,1.1590540435254966E-4,4.220960792092096E-5,1.4829276172366004E-4,1.5380975519503973E-4,0.0024589019193180153,1.8266818882051682E-4,9.158672190672227E-4,7.933216137884736E-4,1.3357004966578715E-4,1.408565306892837E-4,1.283701191286356E-5,2.2935044258722898E-4,1.2359516211166575E-4,0.008262971758703455,0.011188807466348092,1.6982520772098722E-4,0.0254274295413216,5.869540849866703E-5],[0.017707721701674284,0.003930773401283309,0.0038043759263145733,0.0019589169124518365,9.727273933493695E-4,0.0014990752747032258,0.0021794239056844356,2.596472150586296E-4,0.0031099123246529792,0.001576379011763758,0.002259024082315436,0.0010035439846692712,0.0010705477715724995,0.0018889751222011025,8.208075135318985E-4,0.00184370011966643,0.0011665889942182707,9.465232462020951E-4,0.002033544162938476,0.0017291118040622805,0.0033710550363838386,0.003383060633462087,0.00137112219082023,1.0,0.038619566577651476,0.02266131711353227,0.0030987546390884996,0.0011945233101083902,0.0019119182941766905,0.0010347307466625417,0.001030247653231375,0.0025084559178934224,3.511828227835823E-4,0.0017299202649793356,0.0017491654166984223,8.661697177769972E-4,0.0011732894840591017,0.0014017521339090516,0.0015990928130928087,2.590064285737471E-4,0.003934970361452035,0.007587345653971428,0.0023642742675599616,0.0062352964558733594,0.0020949732103360346],[0.0666776446111438,0.01738041525411727,0.06892718338091465,0.05954892002290977,0.020978831545234795,0.04727486378503591,0.03462637856426422,0.06949596258608408,0.052103379620873594,0.0612596164431665,0.014368940436854244,0.048389678431163485,0.01294734127469044,0.015115923771098315,0.060436501176909525,0.05609983325606404,0.055448242682581486,0.06655738930115997,0.0014437593814666495,0.01108669801480012,0.07275360092713587,0.01142835378054697,0.03153641375301939,0.038619566577651476,1.0,0.0541478223470537,0.004157306565117854,0.033545978725701475,0.015888078051873564,0.02173227203528389,0.0648151488765457,0.06101724010955378,0.02590264059792371,0.03250690151636682,0.025583625698125258,0.02604747006132709,0.029892883404646586,0.06741135016331284,0.07205473784000556,0.031107386471091226,0.05571670218101513,0.074417219590028,0.022895674798548052,0.031866870769325435,0.039065016101267114],[0.06068714678382834,0.01143085648906179,0.0206865835181765,0.047130813791994186,0.022281334697910896,0.028435566132239225,0.028682031404579676,0.0227902868442438,0.04660277362395391,0.015857695332704376,0.02030423130510475,0.0026516940295031525,0.010668765580938844,0.014125410853465364,0.04389032194170675,0.05151218576276075,0.04595239155876315,0.015111518231049793,0.006779656234815382,0.005223111935394271,0.010815517278542672,0.004605211015379278,0.004063710607286118,0.02266131711353227,0.0541478223470537,1.0,0.03360198990089695,0.047567511979728395,0.03819935258674001,0.01523409210466253,0.046783809278108664,0.00661221746939626,0.0496967732597289,0.029593864882311204,0.02449601592353169,0.04803389385136129,0.030737318202934197,0.013814558523741414,0.013986458167641333,0.010017584230710402,0.03444276704529,0.024080754575486203,0.03478139232395935,0.049483128881315966,0.04418063860238282],[0.03932740338250866,0.0102440894790749,0.0032631489882853667,0.0026359459228728326,0.0017926419803441348,0.0017337472747610391,0.0013825418058724228,8.019176336532641E-4,0.0036571953588217104,0.002708932163576439,0.0030273453374385596,8.519878059456554E-4,0.00155245244088099,6.80394921464546E-4,0.0016867064305977437,0.0021290325599843496,0.0030147036318896995,0.0031583259278850206,0.0028687581089350787,0.0011807105236267647,0.004043452793812759,0.0033007918531908886,0.0010578581710767988,0.0030987546390884996,0.004157306565117854,0.03360198990089695,1.0,0.0021150637098449987,7.974825183311828E-4,3.206465386868799E-4,0.0011080504896768325,0.003206603105336381,0.0030948130585397317,0.0019402121944115756,0.001555379601364787,0.0024029902196832454,0.0027981043812516015,0.0012457729970327112,0.0013013974769990279,0.0011068524690170491,0.006179852829715387,0.012402715372815242,0.002742683680252604,0.01671346576889617,0.0010323916259924967],[0.008800569019824261,5.242150102298974E-4,0.002516897076209081,5.871700946655561E-4,8.189574422020674E-4,1.8729505841250351E-4,1.1927077407889829E-4,1.5789883749973998E-4,0.0013784116829214602,1.2150231742459842E-4,5.482406645338509E-4,1.21724151677243E-4,9.247589253077312E-5,7.655230951035762E-5,2.3990027932224497E-4,3.317569213541682E-5,1.1848934259897593E-4,1.1174211846451877E-4,3.6607691243818996E-4,1.3694748654956607E-4,0.0033046061940764145,7.287569930737247E-4,1.1590540435254966E-4,0.0011945233101083902,0.033545978725701475,0.047567511979728395,0.0021150637098449987,1.0,1.1082351484174436E-4,1.4000781578644593E-4,1.2259127984334502E-4,0.0024904959030722772,1.3892432637018108E-4,7.49309171386843E-4,3.9011055440946006E-4,1.1433617099981958E-4,1.1661084920397364E-4,7.848253219842148E-5,5.013392078845396E-4,4.4356398967161886E-5,0.007886781299811461,0.0031539222043615463,0.001778194872563785,0.026350349836644686,2.6563290826138077E-5],[0.06018276939045909,0.0018122395557005763,1.6901589513384647E-4,0.0011305781343456999,6.529927882399092E-4,1.6440380090905346E-4,3.5343071352956465E-5,9.101491399355477E-5,0.0013818246413918075,9.756929359984939E-5,4.6500177579490454E-4,1.126447908890292E-4,1.4790028573413437E-5,1.4085720332897914E-5,2.8850742010113353E-4,1.572725835672829E-5,5.1476461488395044E-5,1.5260564596460912E-5,3.038226534231552E-4,1.521287588819707E-4,0.0034464818942183807,4.6191996684034165E-4,4.220960792092096E-5,0.0019119182941766905,0.015888078051873564,0.03819935258674001,7.974825183311828E-4,1.1082351484174436E-4,1.0,9.243717014772563E-5,1.2948153212945704E-4,0.0013478108757922578,1.9713202419726313E-4,0.0012238951012722014,8.198110268331219E-4,7.422416410383944E-5,1.1847796243191098E-4,1.4711476825896345E-5,2.106066283949317E-4,1.5507069275127436E-5,0.005803303378366397,0.01579213701968824,7.168986317775782E-4,0.023027861710031353,1.6540982291304375E-5],[0.04651951725188856,0.004649123855144296,0.0019308221707140575,8.781760728392774E-4,6.100511643525356E-4,1.6187126291145672E-4,1.4356817161996174E-4,1.6274169129661288E-4,0.009264455474723024,1.375461146364404E-4,0.0016015966650736796,1.6999259281934921E-4,1.0989788967947722E-4,9.670935988438008E-5,2.0120790910166343E-4,1.0121533368278762E-4,1.3701763224009548E-4,1.0617939710405301E-4,1.493943770383227E-4,1.851516824294295E-4,0.0014684823326313657,0.0042393135476541865,1.4829276172366004E-4,0.0010347307466625417,0.02173227203528389,0.01523409210466253,3.206465386868799E-4,1.4000781578644593E-4,9.243717014772563E-5,1.0,1.4308607063406257E-4,0.002374802065373042,1.4810735706972836E-4,0.0011951297009556367,8.246964450380163E-4,1.1634279112320393E-4,1.300575858854676E-4,1.186815758663915E-4,4.923281335859106E-4,1.0861450497527854E-4,0.001499925091636004,0.004145921087714629,0.001754240790222013,0.0014002700709980394,3.598675894450617E-5],[0.03329532100473727,0.006522236516384261,8.059325218035973E-4,0.0011720090597645088,8.410518269144843E-4,1.9675554327287152E-4,1.5997582417577477E-4,1.6099676330980724E-4,0.012468977046784768,1.43363057914249E-4,0.0021842262638868664,1.728210783725795E-4,1.1852803617646001E-4,1.0705468642122267E-4,3.578260666110138E-4,1.4425977461631813E-4,1.473477762880803E-4,1.1989515924561145E-4,1.60025706218458E-4,1.802188084026939E-4,6.806091802520024E-4,0.0037997685501154213,1.5380975519503973E-4,0.001030247653231375,0.0648151488765457,0.046783809278108664,0.0011080504896768325,1.2259127984334502E-4,1.2948153212945704E-4,1.4308607063406257E-4,1.0,0.0010896644641609848,1.838684890794183E-4,7.058510316516326E-4,9.978615551247273E-4,1.534007792037098E-4,1.449847380232031E-4,8.825148101638163E-5,3.0604496388787473E-4,1.3167369177466903E-4,0.0033914561404297457,0.015753820079115858,0.001357799402917494,0.029070693491450455,7.718961750182422E-5],[0.0316478598069837,0.0102344635118416,0.00305295575576715,0.00205146904325396,0.0023103340666378114,0.002508990097377792,0.0023088726487917074,0.002602321296337608,0.003606751421648401,9.067470932327106E-4,0.0027193707274656303,0.0013514073294944899,0.0014340625301444095,9.400040554949288E-4,0.002738281636868267,0.0021165407336863106,0.002589218019465128,0.0017177355042743057,0.0022808667127676005,0.00251847651989657,0.004839321215109672,0.0034279401334152233,0.0024589019193180153,0.0025084559178934224,0.06101724010955378,0.00661221746939626,0.003206603105336381,0.0024904959030722772,0.0013478108757922578,0.002374802065373042,0.0010896644641609848,1.0,0.0022504330904480926,0.0018147147871997351,0.002499972260436528,0.002316829572835472,0.0013740216114568522,0.0013660702110359904,0.0022576058885731107,0.002025923808938339,0.009619498274855694,0.00929879618770928,0.0024816165810384516,0.010592340308476913,0.001093805464906127],[0.007272989193149138,0.004126872819758763,6.156531767459009E-4,7.480150329016431E-4,3.0564524907746157E-4,1.9710849088338175E-4,1.7595917324582944E-4,1.668895725811105E-4,0.0027786331492692913,1.5771452364415556E-4,0.0021777020659064705,1.9485829618078347E-4,1.7758957152035507E-4,1.2781905173901782E-4,3.0607752676709075E-4,1.2526190253315066E-4,1.3664743609626738E-4,1.3661021594952322E-4,3.368371835030299E-4,2.1117596123498305E-4,0.003247577140588133,0.0025242275333544136,1.8266818882051682E-4,3.511828227835823E-4,0.02590264059792371,0.0496967732597289,0.0030948130585397317,1.3892432637018108E-4,1.9713202419726313E-4,1.4810735706972836E-4,1.838684890794183E-4,0.0022504330904480926,1.0,0.0013984770263576203,8.911855915852151E-4,1.1612431594238884E-4,1.6180633717303918E-4,1.0585266743898055E-4,3.005428303396542E-4,1.505649447475283E-4,0.009039131656527883,0.001795404498691207,8.134533588676138E-4,0.014415913276941075,1.3028299042105632E-4],[0.05792381833698769,0.006588335528395879,0.0037589112119732187,0.0014900700321413887,0.0011408663747956244,0.0010673686802435403,5.546163083707267E-4,9.663447780669581E-4,0.005728139440531935,0.0013013419392150626,0.0015278645037565043,9.347466874481363E-4,1.1203560872698153E-4,0.0012977123383037634,8.645655750970894E-4,2.4410850606664954E-4,8.167827482750031E-4,0.0013533559774179128,0.0011016936749536576,5.952421528557415E-4,0.0019087843907679553,0.0030348300596264935,9.158672190672227E-4,0.0017299202649793356,0.03250690151636682,0.029593864882311204,0.0019402121944115756,7.49309171386843E-4,0.0012238951012722014,0.0011951297009556367,7.058510316516326E-4,0.0018147147871997351,0.0013984770263576203,1.0,0.0013132459737792092,0.001281688231678291,9.849737788448867E-4,1.6600919462248903E-4,0.0011588323070452272,0.001359450768671351,0.00806161442484596,0.009637581962751617,0.0020995508207653953,0.013070869514039145,8.880220003544957E-4],[0.04492474035734127,0.010063647831098282,0.0032228693419259565,0.001707088850109841,0.0010916770872097185,0.001070266663260344,6.367866227553503E-4,8.681622180523836E-4,0.01231456188115708,6.261324621456571E-4,0.002149144790786213,0.00117767882475317,2.8439508114781433E-4,0.0011239644145025164,5.209916731146804E-4,2.0778989037152488E-4,1.8582627073755465E-4,1.7023578805801935E-5,4.1870409285499875E-4,2.543762717108853E-4,0.001587604665957351,0.0015696653265627348,7.933216137884736E-4,0.0017491654166984223,0.025583625698125258,0.02449601592353169,0.001555379601364787,3.9011055440946006E-4,8.198110268331219E-4,8.246964450380163E-4,9.978615551247273E-4,0.002499972260436528,8.911855915852151E-4,0.0013132459737792092,1.0,3.3918095900578414E-4,2.3484874546200372E-4,7.032382487552772E-5,8.684200037822867E-4,9.81038348868203E-4,0.0014771215212346105,0.0068486488655533405,0.0018040876615186248,0.019414978987121433,6.74406583894834E-5],[0.046904170840063875,0.009249549979003003,7.07222468417826E-4,7.095701382892469E-4,7.503460601298323E-4,1.3323024868624184E-4,1.4205477267629281E-4,1.23406607107409E-4,0.015449811255266411,1.2371268402517485E-4,0.0011302506323307264,1.7277553956399975E-4,3.834763088293381E-5,1.0649962549286654E-4,3.7711406894050154E-4,6.247620902189139E-5,1.2550367793563605E-4,6.257107961786159E-5,3.5270902811724745E-4,1.927286547845454E-4,0.002031396630524124,0.0021765675417052483,1.3357004966578715E-4,8.661697177769972E-4,0.02604747006132709,0.04803389385136129,0.0024029902196832454,1.1433617099981958E-4,7.422416410383944E-5,1.1634279112320393E-4,1.534007792037098E-4,0.002316829572835472,1.1612431594238884E-4,0.001281688231678291,3.3918095900578414E-4,1.0,1.1995991512043636E-4,2.4300402296170912E-5,6.271644155109836E-4,8.971334370089714E-5,0.006129550364119059,0.018076691506415794,5.661248973302471E-4,0.02060170131227764,4.914339182815041E-5],[0.0597942139213228,0.002014406129754556,0.0018796175014946623,8.70473786057747E-4,1.6806887046416424E-4,1.3375702214800047E-4,1.3240722611420458E-4,1.5548795444552787E-4,0.013942546753820974,1.2440362344952254E-4,2.531387324402367E-4,1.518675098177346E-4,1.7014221982537847E-5,3.919630870761612E-5,4.128037464127679E-4,5.968985364987889E-5,1.277525695945557E-4,5.790059003383914E-5,1.9468696156855643E-4,1.6452796214968057E-4,0.004469095323678117,0.001753485990987611,1.408565306892837E-4,0.0011732894840591017,0.029892883404646586,0.030737318202934197,0.0027981043812516015,1.1661084920397364E-4,1.1847796243191098E-4,1.300575858854676E-4,1.449847380232031E-4,0.0013740216114568522,1.6180633717303918E-4,9.849737788448867E-4,2.3484874546200372E-4,1.1995991512043636E-4,1.0,5.477059876588643E-5,3.14979920926338E-4,3.5614401232323436E-5,0.005220092635540208,0.010192798722222193,0.001389635039830789,0.01840613426320198,1.1484883496585132E-4],[0.022194931320170197,0.007491049237367769,0.0023678588726262335,8.942135790284223E-4,2.3200535702326807E-4,1.9516618861977508E-4,1.6861436071933784E-5,2.016303844677366E-5,0.010624290351536987,1.0636515303526339E-4,0.0018032371550124255,9.553268905305143E-5,1.2494146681177381E-5,1.1119038205500424E-5,1.8019472933762524E-5,1.232527688636888E-5,1.0931899650342059E-4,1.2411652595852076E-5,3.425036593478274E-4,9.422649985650864E-5,3.4751409157355673E-4,0.0031035418518787525,1.283701191286356E-5,0.0014017521339090516,0.06741135016331284,0.013814558523741414,0.0012457729970327112,7.848253219842148E-5,1.4711476825896345E-5,1.186815758663915E-4,8.825148101638163E-5,0.0013660702110359904,1.0585266743898055E-4,1.6600919462248903E-4,7.032382487552772E-5,2.4300402296170912E-5,5.477059876588643E-5,1.0,3.326431539102976E-4,1.3781251556920987E-5,0.008448835762726866,0.01642644910999725,0.0016831675251619469,0.029010338983820695,2.124880553467946E-5],[0.035576719079253895,0.005356780470272441,0.002019427455952343,0.001573943215386328,7.960322095201486E-4,5.063281539748856E-4,4.0356652475877165E-4,3.144908760957921E-4,0.0035315500110857235,6.584407173711428E-4,0.0025404150788836282,3.2168680926497085E-4,5.949235592381099E-4,2.810672481526785E-4,4.5477650492937993E-4,6.56896771520327E-4,5.968272160804134E-4,5.666712167437072E-4,5.96925016001502E-4,3.030550955430497E-4,0.0011269045579365639,0.004067719335827229,2.2935044258722898E-4,0.0015990928130928087,0.07205473784000556,0.013986458167641333,0.0013013974769990279,5.013392078845396E-4,2.106066283949317E-4,4.923281335859106E-4,3.0604496388787473E-4,0.0022576058885731107,3.005428303396542E-4,0.0011588323070452272,8.684200037822867E-4,6.271644155109836E-4,3.14979920926338E-4,3.326431539102976E-4,1.0,4.8199884396515793E-4,0.0017435387154354164,0.01813774705521935,0.002394826529642967,0.001336059814119236,1.2511977603641084E-4],[0.007924554859661724,0.004107588208497588,0.0017122471378170094,0.0010599986501077972,8.325106873268366E-4,5.0911862664752276E-5,1.3021307796195577E-4,1.2399419768421827E-4,0.0026194933238929837,3.8225998885652294E-5,5.69850175733041E-4,6.897442325183729E-5,1.3657900146445978E-5,1.4372343893156158E-5,2.2552920595329503E-4,1.5187148079568929E-5,8.914668508902909E-5,1.3708005261500796E-5,5.424137394586421E-5,8.646713436519175E-5,0.004600429042883886,0.0028014959475907383,1.2359516211166575E-4,2.590064285737471E-4,0.031107386471091226,0.010017584230710402,0.0011068524690170491,4.4356398967161886E-5,1.5507069275127436E-5,1.0861450497527854E-4,1.3167369177466903E-4,0.002025923808938339,1.505649447475283E-4,0.001359450768671351,9.81038348868203E-4,8.971334370089714E-5,3.5614401232323436E-5,1.3781251556920987E-5,4.8199884396515793E-4,1.0,0.00186029686994547,0.0069471658981673625,7.571025458555901E-4,0.026903379418123683,1.889816391340132E-5],[0.03444235260549344,0.010526315789473684,0.006097475945500922,0.009986014732017774,0.007327126133779849,0.009897960477482773,0.005039033386008665,0.0034688153566386722,0.013705436846459541,0.0024574506876986054,0.006296195420066552,0.010346423122566045,0.0029219999818023076,0.0021652448442276632,7.031475783670968E-4,0.003434275872244597,0.004199374681077862,0.007882247504762302,0.008025326008184003,0.008435366296775156,0.009962765429796499,0.005108973426071132,0.008262971758703455,0.003934970361452035,0.05571670218101513,0.03444276704529,0.006179852829715387,0.007886781299811461,0.005803303378366397,0.001499925091636004,0.0033914561404297457,0.009619498274855694,0.009039131656527883,0.00806161442484596,0.0014771215212346105,0.006129550364119059,0.005220092635540208,0.008448835762726866,0.0017435387154354164,0.00186029686994547,1.0,0.014310699830030256,0.006868579402934193,0.01741934693004279,0.007309014756031131],[0.059440539511833576,0.0129368743006614,0.007723521820440842,0.01515004469363598,0.0070910221641227325,0.010301743775177605,0.011462187637808947,0.005291343719956659,0.018525607362753927,0.0013081923495954638,0.009776960710679506,0.011337348117370279,0.008913436112549898,0.014523457868349302,0.008792605803072758,0.003307967609431711,3.011607146722207E-4,0.0066725865969842245,0.0039645785937921195,0.010575551224930613,0.008077620354383846,0.010305339019009343,0.011188807466348092,0.007587345653971428,0.074417219590028,0.024080754575486203,0.012402715372815242,0.0031539222043615463,0.01579213701968824,0.004145921087714629,0.015753820079115858,0.00929879618770928,0.001795404498691207,0.009637581962751617,0.0068486488655533405,0.018076691506415794,0.010192798722222193,0.01642644910999725,0.01813774705521935,0.0069471658981673625,0.014310699830030256,1.0,0.017734668728641132,0.020906949543930856,0.011753736585957159],[0.008234592610138546,0.007172882061111124,0.003369802552062819,0.001959333625936201,0.0022981697601630034,7.664308458710173E-4,0.002159161663225767,6.31791966040146E-4,0.012180236529145703,0.0021129719078424847,0.0025657744146308985,0.001514524303406636,6.73506521945311E-4,0.0016743722686605198,0.0012112618630026571,0.0012480286710859914,0.0011758282554018473,0.002369040772661037,0.001699088667453179,7.755269002641052E-4,0.00334687253560267,0.0028122242