[[1.0,0.0010401724210140006,0.008901185814459488,8.819802592043118E-4,0.0014496607292487148,3.892153359425654E-4,2.8461108146638354E-4,0.003803123696548074,2.538330935874596E-4,0.02162743281168448,3.4263477409384493E-4,0.0010462098364447568,3.801533474742907E-4,0.0013186554049089594,1.9321392096313203E-4,0.009572693663883544,0.004831034300748313,2.9727823115882884E-4,1.3828619680670705E-4,1.533325094383299E-4,6.487791929496875E-4,0.001213022254603226,9.007023372135765E-5,0.013500131560940458,4.393116667984123E-4,3.6083602640318694E-4,2.783561083213328E-4,1.4646987012494628E-4,3.8074158180472666E-4,0.010174799980017668,0.010640788045834453,2.7930375619339756E-4,9.466497553880539E-4,4.06691156373708E-4,8.698222313746906E-4,6.244228741096935E-4,6.818436057943317E-4,4.527971970424796E-4,7.795620209547089E-4,7.908027954976237E-4,4.482035224440321E-4,0.0018296825101771495,7.869609708898419E-4,6.232510095076742E-4,0.0014502707728287435],[0.0010401724210140006,1.0,0.013651212471550192,0.007180400200642588,0.004477439186591063,0.004061737322132601,0.0024439156396367824,0.010932971860371513,0.01138168099953381,0.0175703970066722,0.0044156118269057494,0.005043650395539171,0.005334680911524941,0.004140787093239532,0.011531088371794718,0.015666715805962808,0.023658038479776475,0.0014563171814164146,0.004106321558404691,0.011928028355360444,0.0071303583275484465,0.0085214842060402,0.004587368293572791,0.014414549419648355,0.0018774454353095678,0.004726427897231414,0.010963598190006108,0.009356745329629141,4.444232147140157E-4,0.012728787271433556,0.019768725297395134,4.641614234272421E-4,0.03397040015874852,0.011984403605896268,0.007536703643718744,0.010652882536967842,0.012288895313676454,0.010364798237745238,0.009466970011771388,0.01108800391721253,0.0022137620718468334,0.01068061489732823,0.00714761970612279,0.002478141233694738,0.004476054813984838],[0.008901185814459488,0.013651212471550192,1.0,0.009251743992828878,0.009206429149748861,0.024370458453697653,0.015257555374865547,0.01828625618011557,0.016668933786682442,0.025811237373223144,0.013276490117572513,0.018979488265838954,0.018632860225895508,0.010180837732929276,0.01866050362209013,0.025392364785209284,0.0285469798045455,0.010081919397596307,0.017123936560590428,0.013253241774609856,0.009198181560817026,0.009009882557597599,0.02597815865583155,0.023800123300380633,0.012175330570272506,0.004633255935188539,0.016351578691500657,0.014214943296004564,0.007658420246131749,0.013888832528813186,0.02524103189728287,0.013837183854046356,0.026553748177612014,0.005504338179092713,0.020648574640418516,0.013832319901476226,0.014461461289168554,0.017484250688185658,0.018650628832841208,0.008733704400504735,0.012613006677691111,0.006806697642877356,0.01715921659639115,0.006226428802971805,0.0236919934794406],[8.819802592043118E-4,0.007180400200642588,0.009251743992828878,1.0,0.00236828632675119,0.0010782592509891694,0.0010334765397200974,0.007237838639610178,7.030763933123397E-4,0.015786042553642163,0.0010173328525980387,0.001500828316809323,0.0014181823904822954,0.001533053341698187,2.068033080964558E-4,0.0016350350594535584,0.009197757559613596,0.0010663766225862408,0.0013866232583675292,6.437821891313551E-4,0.001651256728148335,0.0012896482570375603,9.076499689786544E-4,0.0064507306111644585,7.964266028123246E-4,7.862337504889248E-4,7.061521710913195E-4,6.715597619279286E-4,0.00134263121742919,0.003866942057841576,0.020149596063482125,0.0010218610486719887,0.02128685293702256,7.915070929457246E-4,0.0021557508292612453,0.0013897703810476596,0.0011814276582981463,9.326859483321695E-4,0.0014279249460077506,0.0016421308242770324,0.0010830111423752362,0.0022157827399173634,0.0014334227974045536,8.5298486076589E-4,0.0016090623425639836],[0.0014496607292487148,0.004477439186591063,0.009206429149748861,0.00236828632675119,1.0,0.0023192180181873445,3.6213303259306887E-4,0.006600453093841933,8.735648674311816E-5,0.0061905090381106885,2.995325824238396E-4,0.0024844583302038844,2.6806157600076726E-4,0.0015609226510819628,0.0021164340990968106,0.01126077745356667,0.00843624303453483,0.0015224534579970953,0.0017740941006469295,0.001506644384548133,0.0017367762606783092,0.002206984625463377,7.952010651563082E-4,0.011852555697874322,0.0013486150680077729,0.002192103313217652,0.002423302632179559,6.018009130455938E-4,0.002265091523979389,0.008819725685226805,0.008059458211068966,0.0016293003318855759,0.029222869053434,0.001064881769309898,0.002620552045644209,0.0011904179490941295,0.0023791554749862604,0.0013494485600548715,0.002558095614123607,0.002559983969485215,0.0018148153714811655,0.0026712426162377903,0.0018194993412938053,0.0020137290446778145,0.0022279529362106533],[3.892153359425654E-4,0.004061737322132601,0.024370458453697653,0.0010782592509891694,0.0023192180181873445,1.0,2.646107184631951E-4,0.009471114602266054,1.609001957638395E-4,0.01751327909573621,2.0360256789899939E-4,8.184986474506307E-4,2.270617657971808E-4,0.0012609761140783117,2.0727483615742915E-4,0.015644984739024974,0.023699128807999487,2.746483115650808E-4,1.8345827382972337E-5,1.7030173129926375E-4,0.0016022089807524729,8.008548116578687E-4,2.5455143200942514E-4,0.005536869527587182,3.2660219488701E-4,1.7996550399164177E-4,1.6859716191280075E-4,2.2983985068084266E-4,3.697650002305895E-4,0.010140491914925982,0.01975776707840874,3.1812895910869246E-4,0.03164779810411276,3.910292990857258E-4,0.0011420501683989293,4.004536118951592E-4,5.439410766895466E-4,2.1292578024429258E-4,8.110463321005467E-4,7.253409558708964E-4,3.4533153270713095E-4,0.001889478441688965,7.310797273507143E-4,4.2984294253318415E-4,0.0010317405043209042],[2.8461108146638354E-4,0.0024439156396367824,0.015257555374865547,0.0010334765397200974,3.6213303259306887E-4,2.646107184631951E-4,1.0,0.00703109836570191,7.232174012154046E-5,0.01638892115720868,7.629330280919108E-5,4.0996952459207143E-4,1.4063648864943388E-4,2.696424121747201E-4,1.3354956886049861E-4,0.003263524544578167,0.03201450067063987,8.086953813130205E-5,2.0776302486295755E-5,5.6878589120576595E-5,0.0017062688676402137,5.102583640407405E-4,1.004744073475588E-4,0.006009373960416793,2.472350831278349E-4,6.919656360004981E-5,8.47773163782972E-5,8.105137730300276E-5,2.8432242036518384E-4,0.006565193208009452,0.019166623432895737,1.4024762619655004E-4,0.02937234714876113,3.015067877975435E-4,7.490110415643167E-4,3.221974180639182E-4,8.402334092049049E-4,1.408152749889148E-4,1.8267961261304557E-4,0.0012074458991417159,6.875918038374404E-5,0.001153842889018208,7.692875875168983E-4,4.25927210072978E-4,0.0010497464632123821],[0.003803123696548074,0.010932971860371513,0.01828625618011557,0.007237838639610178,0.006600453093841933,0.009471114602266054,0.00703109836570191,1.0,0.0015230230690407858,0.017059451750457845,0.007736264011718224,0.006630466343916604,0.004071044597855905,0.007130391171144012,0.0016050082275668814,0.01872726870653814,0.032135872924408296,9.305901454700244E-4,0.0024140656528824516,0.00524925528748674,0.007012429848007444,0.005659090579412678,0.004620295893724579,0.01599827890951441,0.0031241189081789656,0.0069931775068783975,0.00838107610572977,0.0024266794224279287,0.004387712180992304,0.012506433487635662,0.011134933344470944,9.991842462903904E-4,0.02553763784623312,0.0010960553773937658,0.006876931095486306,0.004027728274587153,0.008621110581109294,0.007130324598642287,0.005603142567801263,0.0061714818205196136,0.006466831808015136,0.003176194596756015,0.003520216377044094,0.003404838756461434,0.00971213771426075],[2.538330935874596E-4,0.01138168099953381,0.016668933786682442,7.030763933123397E-4,8.735648674311816E-5,1.609001957638395E-4,7.232174012154046E-5,0.0015230230690407858,1.0,0.015004120358044869,2.086373315426643E-5,2.51013966374059E-4,7.27639843015057E-5,5.988195587726839E-4,8.991447744345187E-5,0.006146078322534428,0.01694857649387554,1.0742293770733654E-5,1.320640904732365E-5,3.532683222090469E-5,0.0016303464813386794,2.3865411975073774E-4,1.6960376546895556E-5,0.014811689636368218,1.599172515816052E-4,1.1960549014484652E-5,1.3936836233686617E-5,1.3454309533831485E-5,1.3919276866846839E-5,0.009736185233266925,0.012423587620964465,2.553104039381245E-5,0.0017195794524853647,1.238533296132005E-4,0.0010335721847248153,3.289802132326518E-4,4.7843710411529545E-4,3.18584862617151E-5,0.0010813953109882106,3.019143274718806E-5,2.113269445133323E-5,2.1384934250560686E-4,0.0010768997901999065,1.5213226257520938E-4,0.0014470098659064934],[0.02162743281168448,0.0175703970066722,0.025811237373223144,0.015786042553642163,0.0061905090381106885,0.01751327909573621,0.01638892115720868,0.017059451750457845,0.015004120358044869,1.0,6.11372648340081E-4,0.014684008964184874,0.0026228665099375602,0.002301460886521777,0.0017644264567583958,0.02451268896563757,0.026582327798354077,0.018556399661671708,0.020426427292459203,0.0020753362305105222,0.0187611442612765,0.021712099034900418,0.008171477637871667,0.023444016855361405,0.012308037969291547,0.00574498192180434,0.00657050055292852,0.013704333563189154,0.01305938517389019,0.015998051272015836,0.024594142356603888,0.0030821389764452527,0.03405013118016037,0.018192865457227994,0.003428357863603537,0.007581975466219535,0.02013599944146413,0.005670573213560582,0.01188901861910662,0.01949618102148838,0.017808186076542228,0.024665198492848678,0.01843088172510631,0.006193198562205668,0.02029733935687866],[3.4263477409384493E-4,0.0044156118269057494,0.013276490117572513,0.0010173328525980387,2.995325824238396E-4,2.0360256789899939E-4,7.629330280919108E-5,0.007736264011718224,2.086373315426643E-5,6.11372648340081E-4,1.0,4.5285172142830424E-5,6.99199596625382E-5,3.167471408541472E-4,7.816098686380187E-5,0.013003125180845433,0.012857380120669714,1.713529686640931E-5,1.1231189964459896E-5,4.802604435911305E-5,8.980117415650554E-4,7.993406164923018E-5,7.339765847784823E-5,0.0021372549826423003,4.7985660747731034E-5,2.9544165840732444E-5,3.0250655996218497E-5,1.6474424711990994E-5,2.3338919427782782E-4,0.0076050571070928686,3.7102819279060366E-4,6.218838349085742E-5,0.03597200055469252,6.832314409494506E-5,0.0018270050386778338,5.068343749160411E-4,0.0010115678395033164,1.1156382509183184E-4,3.8629485151149905E-5,1.0333467835471508E-4,2.6899149678109785E-5,6.775595037288998E-4,3.189710465013016E-4,4.3702370107775486E-4,4.966935372894834E-4],[0.0010462098364447568,0.005043650395539171,0.018979488265838954,0.001500828316809323,0.0024844583302038844,8.184986474506307E-4,4.0996952459207143E-4,0.006630466343916604,2.51013966374059E-4,0.014684008964184874,4.5285172142830424E-5,1.0,3.874818469388191E-4,0.0014383095369838394,3.8918826555826397E-4,0.01558436030030791,0.017056988974908253,2.296713878781071E-4,8.740544796151743E-4,6.14880362033463E-5,0.001708668207118023,0.0012861816662295999,0.001253860285809054,0.016334846578967017,3.6781737245618286E-4,1.8210829683008747E-4,4.2503444977380373E-4,0.0010962460451377591,9.375068291653754E-4,0.00717423511872522,0.002328372808358308,5.322648924031949E-4,0.011050392116327632,4.442314428221225E-4,0.0018316435734781747,0.001231609162774502,0.0012186319459367894,8.104966651114215E-4,0.0013392772547388483,0.0015976059271434863,3.63470443261734E-4,0.0023865882922393476,0.001313638733255265,0.0012789305507578384,0.001439758171549401],[3.801533474742907E-4,0.005334680911524941,0.018632860225895508,0.0014181823904822954,2.6806157600076726E-4,2.270617657971808E-4,1.4063648864943388E-4,0.004071044597855905,7.27639843015057E-5,0.0026228665099375602,6.99199596625382E-5,3.874818469388191E-4,1.0,9.507528586123449E-4,1.3940682877459115E-4,0.014184420643187503,0.020662418811156893,9.693902210030827E-5,1.4077210533235205E-5,1.0176828473416919E-4,0.0010451157455478675,5.194126036347694E-4,9.900170929009435E-5,0.007449223933302534,1.7026505324879178E-4,3.57244437836366E-5,1.2600099214355427E-4,6.0447032676883944E-5,2.9225082458886103E-4,0.006477564600583287,0.017084318740454393,1.741781268018784E-4,0.019693362072704442,3.7082287983888733E-4,8.447566766591086E-4,8.878399577500629E-4,4.980673175140474E-4,1.4936119224618973E-4,0.0012949901619796846,0.0014595086168274346,1.1893718797547707E-4,0.0013656317296598277,9.476417148910582E-4,4.1239965033848736E-4,0.0010745826058818056],[0.0013186554049089594,0.004140787093239532,0.010180837732929276,0.001533053341698187,0.0015609226510819628,0.0012609761140783117,2.696424121747201E-4,0.007130391171144012,5.988195587726839E-4,0.002301460886521777,3.167471408541472E-4,0.0014383095369838394,9.507528586123449E-4,1.0,9.618553275582562E-4,0.011866548167282111,0.012685463328941987,8.486720189867107E-4,7.356444193336889E-4,0.0010638380286659512,0.0016850532727074076,0.0014954846634543872,7.068068174094852E-4,0.008161346919216932,2.738087665619815E-4,0.0013354273744737148,0.0012903179120138833,6.448607310663082E-4,0.0012650344204959225,0.006664564937656604,0.0024522423171990885,0.0012913357417760408,0.01528835277577088,0.0014043002183097696,0.002289308782968193,0.0014744273211838327,0.0014801403508388055,9.757379334799915E-4,0.0014417687949745976,0.002214058092724716,8.790583644714065E-4,0.0017062094975520573,0.0012043084811297143,8.965779961420472E-4,0.001763447743020747],[1.9321392096313203E-4,0.011531088371794718,0.01866050362209013,2.068033080964558E-4,0.0021164340990968106,2.0727483615742915E-4,1.3354956886049861E-4,0.0016050082275668814,8.991447744345187E-5,0.0017644264567583958,7.816098686380187E-5,3.8918826555826397E-4,1.3940682877459115E-4,9.618553275582562E-4,1.0,0.0033603481037106186,4.4570064444111846E-4,1.276274352240328E-4,8.82145851880778E-5,9.775020217533522E-5,5.601231416145576E-4,7.574062653154425E-4,7.890511663309101E-5,0.015692114593735478,1.7583077032864462E-4,3.329899913123175E-5,2.6576059067383737E-5,8.790844064302684E-5,2.771848906230084E-4,0.007641276149282704,7.239369101176024E-4,1.3853278224885726E-4,0.012670820562466297,2.2611985492046186E-4,0.0024151813135375334,7.911616261084844E-4,7.894006923801809E-4,1.499638791243183E-4,0.001176935608757937,6.084832125363203E-4,6.245961053306937E-5,0.0022155059089234157,7.357095204677795E-4,2.0707628031810547E-4,0.0015679951659460884],[0.009572693663883544,0.015666715805962808,0.025392364785209284,0.0016350350594535584,0.01126077745356667,0.015644984739024974,0.003263524544578167,0.01872726870653814,0.006146078322534428,0.02451268896563757,0.013003125180845433,0.01558436030030791,0.014184420643187503,0.011866548167282111,0.0033603481037106186,1.0,0.022498436005717378,0.002427235624045577,0.00211503450930778,0.0033425304149561417,0.011884361610167767,0.017335167069523663,0.004993134894978073,0.019424714527751307,0.014772731356393674,0.018283915698719424,0.0017759667891452855,0.01330583687648677,0.009675968105008351,0.01844406968291363,0.020901832204023325,0.019802903696090883,0.02291508093667506,0.00321339885643524,0.018365915548663833,0.006576319712526709,0.016767535877342032,0.005579281270303325,0.021094641924896716,0.01145086067432656,0.013043634037329048,0.0076492564789034665,0.00502935693761676,0.007349105678686941,0.010439116262860799],[0.004831034300748313,0.023658038479776475,0.0285469798045455,0.009197757559613596,0.00843624303453483,0.023699128807999487,0.03201450067063987,0.032135872924408296,0.01694857649387554,0.026582327798354077,0.012857380120669714,0.017056988974908253,0.020662418811156893,0.012685463328941987,4.4570064444111846E-4,0.022498436005717378,1.0,0.01920239733354441,0.005121182272602606,0.02712766475557726,0.012504145711273383,0.0032132210043100736,0.01165811313656881,0.021114551796132485,0.010182325850498873,0.02120225042213776,0.01916078458869936,8.425553885740327E-4,0.01747116029845724,0.014065156841098856,0.03263560593109436,0.019916757322514,0.03628510230883618,0.026698107660237138,0.0089938102570596,0.01629091830830775,0.02144723305944079,0.01220199414415986,0.016275439576912097,0.022738894721748882,0.007603151775031456,0.033151960538876805,0.01988504332006719,0.0055383497316664814,0.031199201794285033],[2.9727823115882884E-4,0.0014563171814164146,0.010081919397596307,0.0010663766225862408,0.0015224534579970953,2.746483115650808E-4,8.086953813130205E-5,9.305901454700244E-4,1.0742293770733654E-5,0.018556399661671708,1.713529686640931E-5,2.296713878781071E-4,9.693902210030827E-5,8.486720189867107E-4,1.276274352240328E-4,0.002427235624045577,0.01920239733354441,1.0,1.0454584993322494E-5,4.645924036721075E-5,3.866896673264576E-4,8.988415053806072E-5,5.400056325593706E-5,0.007776227103777877,1.8064092978436198E-4,1.0308299637454544E-5,1.7011821154185844E-5,1.3368440214968163E-5,3.224304446081196E-4,0.0011972528657778411,0.011376130521957161,1.0668455847744532E-4,0.02726227788181037,8.684982677106591E-5,1.5515500812306394E-4,8.238389603479795E-4,5.453361616076434E-4,4.539959181917112E-5,7.936298200110413E-4,9.253896777204592E-4,2.3077598329626597E-5,0.002398882305481541,5.638611513075901E-4,2.6079686729142375E-5,4.2646353938486655E-4],[1.3828619680670705E-4,0.004106321558404691,0.017123936560590428,0.0013866232583675292,0.0017740941006469295,1.8345827382972337E-5,2.0776302486295755E-5,0.0024140656528824516,1.320640904732365E-5,0.020426427292459203,1.1231189964459896E-5,8.740544796151743E-4,1.4077210533235205E-5,7.356444193336889E-4,8.82145851880778E-5,0.00211503450930778,0.005121182272602606,1.0454584993322494E-5,1.0,1.787546290524503E-5,0.0011980537880374774,0.001187290945750027,5.2276026714102846E-5,0.002600131470489167,1.5523660484467747E-5,1.0610470787303956E-5,1.7885377627801305E-5,1.2443282635643208E-5,2.0768577524921618E-5,0.009991420521021003,0.005846858244448466,2.0219473644484477E-4,0.016053148400829255,2.0117716385811637E-4,0.0014548930386338152,3.9434537133189746E-4,1.1871403406466235E-4,5.684445990039019E-5,1.7367716875009223E-4,6.21290758040529E-4,1.4615595211960972E-5,0.001871061460335373,9.329826086058335E-4,2.5350626788176943E-5,0.0016139698605381796],[1.533325094383299E-4,0.011928028355360444,0.013253241774609856,6.437821891313551E-4,0.001506644384548133,1.7030173129926375E-4,5.6878589120576595E-5,0.00524925528748674,3.532683222090469E-5,0.0020753362305105222,4.802604435911305E-5,6.14880362033463E-5,1.0176828473416919E-4,0.0010638380286659512,9.775020217533522E-5,0.0033425304149561417,0.02712766475557726,4.645924036721075E-5,1.787546290524503E-5,1.0,8.981359108846674E-4,2.4012336725183638E-4,6.802319182539821E-5,0.009416420993587034,1.6826016651554895E-4,1.5255656732076228E-5,3.609794155254769E-5,2.654895438738051E-5,1.2386150258326338E-4,0.011277461056642754,0.001089886732434708,2.1381144133814382E-4,0.029558801040924655,2.921841794044624E-4,9.946974589013383E-4,4.1695273640375617E-4,3.1232530878097276E-4,1.5583147480271304E-4,1.5516242232211942E-4,0.0012896319852380529,3.4672405847521926E-5,1.8738106628534177E-4,2.791173844210298E-4,5.348540260200127E-4,0.001487199009062264],[6.487791929496875E-4,0.0071303583275484465,0.009198181560817026,0.001651256728148335,0.0017367762606783092,0.0016022089807524729,0.0017062688676402137,0.007012429848007444,0.0016303464813386794,0.0187611442612765,8.980117415650554E-4,0.001708668207118023,0.0010451157455478675,0.0016850532727074076,5.601231416145576E-4,0.011884361610167767,0.012504145711273383,3.866896673264576E-4,0.0011980537880374774,8.981359108846674E-4,1.0,0.0017095816047389663,0.0010900939176892025,0.003998367875809752,8.402446192144336E-4,3.3021560770546003E-4,0.0017023703937471962,0.0013878691113487823,0.0015035025639353514,0.010311855284531473,0.01194496001689654,4.0630870522266155E-4,0.03682042318802371,0.0013507770281676605,0.0025248910072551583,0.0013712284414825466,0.0013053597989853985,1.8047496088793383E-4,0.0015798984123393271,0.0018314783893125072,7.208550521744744E-4,0.002185985556732146,0.0014534785510302317,0.001427441039046651,0.001820822856932462],[0.001213022254603226,0.0085214842060402,0.009009882557597599,0.0012896482570375603,0.002206984625463377,8.008548116578687E-4,5.102583640407405E-4,0.005659090579412678,2.3865411975073774E-4,0.021712099034900418,7.993406164923018E-5,0.0012861816662295999,5.194126036347694E-4,0.0014954846634543872,7.574062653154425E-4,0.017335167069523663,0.0032132210043100736,8.988415053806072E-5,0.001187290945750027,2.4012336725183638E-4,0.0017095816047389663,1.0,7.917530598634584E-4,0.0031233423135350958,5.742891790348601E-4,4.137552803671977E-4,0.0011077187218919114,1.1138011294178365E-4,0.0010271185384940944,0.0030613508235505698,0.015195520876104627,7.827298841842719E-4,0.02553761729848375,0.0011893106922028227,0.0023767125788964737,0.0011649229019793108,0.0011454665297237205,1.8329979898198427E-4,0.001276134457460937,0.0014679457018724426,3.4607998948655693E-4,0.0019445598109755719,0.0011691684345376612,7.330438725707156E-4,0.0015956787294734791],[9.007023372135765E-5,0.004587368293572791,0.02597815865583155,9.076499689786544E-4,7.952010651563082E-4,2.5455143200942514E-4,1.004744073475588E-4,0.004620295893724579,1.6960376546895556E-5,0.008171477637871667,7.339765847784823E-5,0.001253860285809054,9.900170929009435E-5,7.068068174094852E-4,7.890511663309101E-5,0.004993134894978073,0.01165811313656881,5.400056325593706E-5,5.2276026714102846E-5,6.802319182539821E-5,0.0010900939176892025,7.917530598634584E-4,1.0,0.01862792013856789,2.262148949205202E-4,1.9475629503051136E-5,2.5493872787985403E-5,6.888462748649314E-5,2.0394676171283835E-4,0.008353422742980468,0.018595832651941105,1.366490509122454E-4,0.03836457915996396,3.1554317883358986E-4,9.778754920202026E-4,7.467031622940216E-4,3.302517670348325E-4,1.7092851215981083E-4,6.896244030498644E-4,0.0014815127839825479,4.7258963374838644E-5,7.459706562564214E-4,1.0184762036408824E-4,4.7312611147612817E-4,4.583865454411678E-4],[0.013500131560940458,0.014414549419648355,0.023800123300380633,0.0064507306111644585,0.011852555697874322,0.005536869527587182,0.006009373960416793,0.01599827890951441,0.014811689636368218,0.023444016855361405,0.0021372549826423003,0.016334846578967017,0.007449223933302534,0.008161346919216932,0.015692114593735478,0.019424714527751307,0.021114551796132485,0.007776227103777877,0.002600131470489167,0.009416420993587034,0.003998367875809752,0.0031233423135350958,0.01862792013856789,1.0,0.005361771298363475,0.01573947289624093,0.017036186536025472,0.018425875090975943,0.01676105775022779,0.013123544372697546,0.020262726530266,0.0030454264386595713,0.030204534949356755,0.006023354718098056,0.009335108305024976,0.013296596392654415,0.016710970639202297,0.011106582475500282,0.017266108449664978,0.010474418145756165,0.00985331060493589,0.014039913970491952,0.017566624261157206,0.011607484811865678,0.007577402723065879],[4.393116667984123E-4,0.0018774454353095678,0.012175330570272506,7.964266028123246E-4,0.0013486150680077729,3.2660219488701E-4,2.472350831278349E-4,0.0031241189081789656,1.599172515816052E-4,0.012308037969291547,4.7985660747731034E-5,3.6781737245618286E-4,1.7026505324879178E-4,2.738087665619815E-4,1.7583077032864462E-4,0.014772731356393674,0.010182325850498873,1.8064092978436198E-4,1.5523660484467747E-5,1.6826016651554895E-4,8.402446192144336E-4,5.742891790348601E-4,2.262148949205202E-4,0.005361771298363475,1.0,1.2061658969111182E-4,6.848111609065129E-5,1.1230694960608126E-4,3.275319090796686E-4,0.011397174893595785,0.019896505033765582,2.4022800290451443E-4,0.01921745848432423,2.7570798205767334E-4,4.831228797796659E-4,2.834108336941194E-4,2.6310598325925984E-4,2.007130464664389E-4,0.001072759914725971,0.0019389051091789839,7.140859451893716E-5,0.0015535139203679245,4.145347172021267E-4,4.2725515963871216E-4,0.001892206682251501],[3.6083602640318694E-4,0.004726427897231414,0.004633255935188539,7.862337504889248E-4,0.002192103313217652,1.7996550399164177E-4,6.919656360004981E-5,0.0069931775068783975,1.1960549014484652E-5,0.00574498192180434,2.9544165840732444E-5,1.8210829683008747E-4,3.57244437836366E-5,0.0013354273744737148,3.329899913123175E-5,0.018283915698719424,0.02120225042213776,1.0308299637454544E-5,1.0610470787303956E-5,1.5255656732076228E-5,3.3021560770546003E-4,4.137552803671977E-4,1.9475629503051136E-5,0.01573947289624093,1.2061658969111182E-4,1.0,1.6856603083123753E-5,1.0842516376776237E-5,7.509089391519302E-5,0.009277771071513726,0.007044055852361415,3.928188149050248E-5,0.02634334174829524,3.4940315923515797E-5,0.0014851491340873225,4.5949277234876875E-4,4.075393028440658E-4,5.477158671518303E-5,1.8757927582729595E-4,0.002173949733042358,1.3584811888607897E-5,0.0017640829033356267,1.7625046677430543E-4,1.917487051846995E-4,6.24201899441148E-4],[2.783561083213328E-4,0.010963598190006108,0.016351578691500657,7.061521710913195E-4,0.002423302632179559,1.6859716191280075E-4,8.47773163782972E-5,0.00838107610572977,1.3936836233686617E-5,0.00657050055292852,3.0250655996218497E-5,4.2503444977380373E-4,1.2600099214355427E-4,0.0012903179120138833,2.6576059067383737E-5,0.0017759667891452855,0.01916078458869936,1.7011821154185844E-5,1.7885377627801305E-5,3.609794155254769E-5,0.0017023703937471962,0.0011077187218919114,2.5493872787985403E-5,0.017036186536025472,6.848111609065129E-5,1.6856603083123753E-5,1.0,1.5484640110379476E-5,7.695459709257831E-5,0.0035988139687386745,0.0033760365344610967,1.9143809048673908E-4,0.03726233529828962,3.26099737459554E-4,0.0023515625251514863,0.0010797281424619733,5.422172308356332E-4,2.587156937011493E-5,3.5217330057561735E-4,2.719211005501205E-4,1.9122187002351413E-5,0.001840441568323248,8.398797876166854E-4,2.90213322573048E-4,2.6010992288799533E-5],[1.4646987012494628E-4,0.009356745329629141,0.014214943296004564,6.715597619279286E-4,6.018009130455938E-4,2.2983985068084266E-4,8.105137730300276E-5,0.0024266794224279287,1.3454309533831485E-5,0.013704333563189154,1.6474424711990994E-5,0.0010962460451377591,6.0447032676883944E-5,6.448607310663082E-4,8.790844064302684E-5,0.01330583687648677,8.425553885740327E-4,1.3368440214968163E-5,1.2443282635643208E-5,2.654895438738051E-5,0.0013878691113487823,1.1138011294178365E-4,6.888462748649314E-5,0.018425875090975943,1.1230694960608126E-4,1.0842516376776237E-5,1.5484640110379476E-5,1.0,2.4245245697975622E-4,3.7538569963124443E-4,8.272000998372822E-4,1.470741188743725E-4,0.03577810147721637,2.811999221075305E-4,0.001390263543969144,7.621157929674035E-4,6.630707950486177E-4,2.0358540310653658E-5,6.801931430413871E-4,0.0016919735918724899,1.6557783843819426E-5,8.739952021671476E-4,7.299063173746986E-4,4.6291034151257183E-4,0.001757142690901071],[3.8074158180472666E-4,4.444232147140157E-4,0.007658420246131749,0.00134263121742919,0.002265091523979389,3.697650002305895E-4,2.8432242036518384E-4,0.004387712180992304,1.3919276866846839E-5,0.01305938517389019,2.3338919427782782E-4,9.375068291653754E-4,2.9225082458886103E-4,0.0012650344204959225,2.771848906230084E-4,0.009675968105008351,0.01747116029845724,3.224304446081196E-4,2.0768577524921618E-5,1.2386150258326338E-4,0.0015035025639353514,0.0010271185384940944,2.0394676171283835E-4,0.01676105775022779,3.275319090796686E-4,7.509089391519302E-5,7.695459709257831E-5,2.4245245697975622E-4,1.0,0.005042299269642718,0.01146286383300386,3.2425830586048566E-4,0.03208311015979647,3.6146389221864263E-4,0.0014097452366035733,7.118019342418661E-4,5.455718666236699E-4,2.342281636841569E-4,7.112567320362354E-4,0.0016465474448397878,1.5418801846871683E-4,0.0026059200313129057,7.629752972302555E-4,4.0809921629978243E-4,8.662712395669947E-4],[0.010174799980017668,0.012728787271433556,0.013888832528813186,0.003866942057841576,0.008819725685226805,0.010140491914925982,0.006565193208009452,0.012506433487635662,0.009736185233266925,0.015998051272015836,0.0076050571070928686,0.00717423511872522,0.006477564600583287,0.006664564937656604,0.007641276149282704,0.01844406968291363,0.014065156841098856,0.0011972528657778411,0.009991420521021003,0.011277461056642754,0.010311855284531473,0.0030613508235505698,0.008353422742980468,0.013123544372697546,0.011397174893595785,0.009277771071513726,0.0035988139687386745,3.7538569963124443E-4,0.005042299269642718,1.0,0.018010775649014328,0.0012232914590938723,0.0357485037743747,0.009337413055294414,0.0028457904181222243,0.007156206981130308,0.003301051795563599,0.010227090906370424,0.009421056846252754,0.008751903872234951,0.008004903875642781,0.011458585285182107,0.0018843955959685897,0.002303675648482467,0.010074725098075471],[0.010640788045834453,0.019768725297395134,0.02524103189728287,0.020149596063482125,0.008059458211068966,0.01975776707840874,0.019166623432895737,0.011134933344470944,0.012423587620964465,0.024594142356603888,3.7102819279060366E-4,0.002328372808358308,0.017084318740454393,0.0024522423171990885,7.239369101176024E-4,0.020901832204023325,0.03263560593109436,0.011376130521957161,0.005846858244448466,0.001089886732434708,0.01194496001689654,0.015195520876104627,0.018595832651941105,0.020262726530266,0.019896505033765582,0.007044055852361415,0.0033760365344610967,8.272000998372822E-4,0.01146286383300386,0.018010775649014328,1.0,0.003984403362919291,0.031716150045425114,0.019420892731824513,0.011519111036788878,0.0032836156107901356,0.010712628947506669,0.020288418163207766,0.0025421535555295314,0.006254497709843265,0.01823133629993762,0.012334347606651669,0.019740580811510113,0.008820057664570294,0.006590318703782006],[2.7930375619339756E-4,4.641614234272421E-4,0.013837183854046356,0.0010218610486719887,0.0016293003318855759,3.1812895910869246E-4,1.4024762619655004E-4,9.991842462903904E-4,2.553104039381245E-5,0.0030821389764452527,6.218838349085742E-5,5.322648924031949E-4,1.741781268018784E-4,0.0012913357417760408,1.3853278224885726E-4,0.019802903696090883,0.019916757322514,1.0668455847744532E-4,2.0219473644484477E-4,2.1381144133814382E-4,4.0630870522266155E-4,7.827298841842719E-4,1.366490509122454E-4,0.0030454264386595713,2.4022800290451443E-4,3.928188149050248E-5,1.9143809048673908E-4,1.470741188743725E-4,3.2425830586048566E-4,0.0012232914590938723,0.003984403362919291,1.0,0.01729603704718995,3.390872860777266E-4,0.0017288370275478225,0.0010112022220992343,2.4065715887887942E-4,1.800709032176884E-4,8.272885721664831E-4,0.0017728049102652878,4.9955468074441937E-5,8.635358662392328E-4,7.098878374146377E-4,6.938935029859539E-4,2.464976740487953E-4],[9.466497553880539E-4,0.03397040015874852,0.026553748177612014,0.02128685293702256,0.029222869053434,0.03164779810411276,0.02937234714876113,0.02553763784623312,0.0017195794524853647,0.03405013118016037,0.03597200055469252,0.011050392116327632,0.019693362072704442,0.01528835277577088,0.012670820562466297,0.02291508093667506,0.03628510230883618,0.02726227788181037,0.016053148400829255,0.029558801040924655,0.03682042318802371,0.02553761729848375,0.03836457915996396,0.030204534949356755,0.01921745848432423,0.02634334174829524,0.03726233529828962,0.03577810147721637,0.03208311015979647,0.0357485037743747,0.031716150045425114,0.01729603704718995,1.0,0.028043522114279285,0.012452143219179848,0.01408707982652632,0.007748940166211299,0.03171826197935341,0.028577602170197145,0.007285417977857209,0.02767532677646158,0.03305846722248126,0.03272666759028228,0.03971124778939374,0.020771151944037523],[4.06691156373708E-4,0.011984403605896268,0.005504338179092713,7.915070929457246E-4,0.001064881769309898,3.910292990857258E-4,3.015067877975435E-4,0.0010960553773937658,1.238533296132005E-4,0.018192865457227994,6.832314409494506E-5,4.442314428221225E-4,3.7082287983888733E-4,0.0014043002183097696,2.2611985492046186E-4,0.00321339885643524,0.026698107660237138,8.684982677106591E-5,2.0117716385811637E-4,2.921841794044624E-4,0.0013507770281676605,0.0011893106922028227,3.1554317883358986E-4,0.006023354718098056,2.7570798205767334E-4,3.4940315923515797E-5,3.26099737459554E-4,2.811999221075305E-4,3.6146389221864263E-4,0.009337413055294414,0.019420892731824513,3.390872860777266E-4,0.028043522114279285,1.0,0.001872450223288027,5.543828602913728E-4,5.962791792813256E-4,3.7899178946927323E-4,7.385290313483399E-4,0.0017252975710818443,3.979401553095193E-4,0.0017480379082762533,7.135603137621534E-4,6.601516767325425E-4,0.0015483679792812073],[8.698222313746906E-4,0.007536703643718744,0.020648574640418516,0.0021557508292612453,0.002620552045644209,0.0011420501683989293,7.490110415643167E-4,0.006876931095486306,0.0010335721847248153,0.003428357863603537,0.0018270050386778338,0.0018316435734781747,8.447566766591086E-4,0.002289308782968193,0.0024151813135375334,0.018365915548663833,0.0089938102570596,1.5515500812306394E-4,0.0014548930386338152,9.946974589013383E-4,0.0025248910072551583,0.0023767125788964737,9.778754920202026E-4,0.009335108305024976,4.831228797796659E-4,0.0014851491340873225,0.0023515625251514863,0.001390263543969144,0.0014097452366035733,0.0028457904181222243,0.011519111036788878,0.0017288370275478225,0.012452143219179848,0.001872450223288027,1.0,0.0018731349161865206,0.0021111869715587455,0.001956533180987801,0.0015963309648445402,0.002328234569011481,0.0012124366976805068,0.002670996288826816,0.0011636564642435376,0.0016423910518711606,0.002309898568400505],[6.244228741096935E-4,0.010652882536967842,0.013832319901476226,0.0013897703810476596,0.0011904179490941295,4.004536118951592E-4,3.221974180639182E-4,0.004027728274587153,3.289802132326518E-4,0.007581975466219535,5.068343749160411E-4,0.001231609162774502,8.878399577500629E-4,0.0014744273211838327,7.911616261084844E-4,0.006576319712526709,0.01629091830830775,8.238389603479795E-4,3.9434537133189746E-4,4.1695273640375617E-4,0.0013712284414825466,0.0011649229019793108,7.467031622940216E-4,0.013296596392654415,2.834108336941194E-4,4.5949277234876875E-4,0.0010797281424619733,7.621157929674035E-4,7.118019342418661E-4,0.007156206981130308,0.0032836156107901356,0.0010112022220992343,0.01408707982652632,5.543828602913728E-4,0.0018731349161865206,1.0,0.0011234328761197507,5.571016531322498E-4,0.0012979813434832324,0.0022418251954586218,7.35607976215499E-4,0.0021092510017981948,0.0011487307854190015,7.923494638684853E-4,0.0013306305012309547],[6.818436057943317E-4,0.012288895313676454,0.014461461289168554,0.0011814276582981463,0.0023791554749862604,5.439410766895466E-4,8.402334092049049E-4,0.008621110581109294,4.7843710411529545E-4,0.02013599944146413,0.0010115678395033164,0.0012186319459367894,4.980673175140474E-4,0.0014801403508388055,7.894006923801809E-4,0.016767535877342032,0.02144723305944079,5.453361616076434E-4,1.1871403406466235E-4,3.1232530878097276E-4,0.0013053597989853985,0.0011454665297237205,3.302517670348325E-4,0.016710970639202297,2.6310598325925984E-4,4.075393028440658E-4,5.422172308356332E-4,6.630707950486177E-4,5.455718666236699E-4,0.003301051795563599,0.010712628947506669,2.4065715887887942E-4,0.007748940166211299,5.962791792813256E-4,0.0021111869715587455,0.0011234328761197507,1.0,9.154997398629593E-4,0.0012212256092075028,0.001232567557636546,6.186988149809003E-5,0.0023369896174762128,0.0010953890533199674,9.423902665265921E-4,0.001190452074394643],[4.527971970424796E-4,0.010364798237745238,0.017484250688185658,9.326859483321695E-4,0.0013494485600548715,2.1292578024429258E-4,1.408152749889148E-4,0.007130324598642287,3.18584862617151E-5,0.005670573213560582,1.1156382509183184E-4,8.104966651114215E-4,1.4936119224618973E-4,9.757379334799915E-4,1.499638791243183E-4,0.005579281270303325,0.01220199414415986,4.539959181917112E-5,5.684445990039019E-5,1.5583147480271304E-4,1.8047496088793383E-4,1.8329979898198427E-4,1.7092851215981083E-4,0.011106582475500282,2.007130464664389E-4,5.477158671518303E-5,2.587156937011493E-5,2.0358540310653658E-5,2.342281636841569E-4,0.010227090906370424,0.020288418163207766,1.800709032176884E-4,0.03171826197935341,3.7899178946927323E-4,0.001956533180987801,5.571016531322498E-4,9.154997398629593E-4,1.0,9.742866508382187E-4,0.0021482943952979396,6.727714477153548E-5,4.4037676254785735E-4,2.1617514128092954E-4,5.532516708729252E-4,2.08228433423536E-4],[7.795620209547089E-4,0.009466970011771388,0.018650628832841208,0.0014279249460077506,0.002558095614123607,8.110463321005467E-4,1.8267961261304557E-4,0.005603142567801263,0.0010813953109882106,0.01188901861910662,3.8629485151149905E-5,0.0013392772547388483,0.0012949901619796846,0.0014417687949745976,0.001176935608757937,0.021094641924896716,0.016275439576912097,7.936298200110413E-4,1.7367716875009223E-4,1.5516242232211942E-4,0.0015798984123393271,0.001276134457460937,6.896244030498644E-4,0.017266108449664978,0.001072759914725971,1.8757927582729595E-4,3.5217330057561735E-4,6.801931430413871E-4,7.112567320362354E-4,0.009421056846252754,0.0025421535555295314,8.272885721664831E-4,0.028577602170197145,7.385290313483399E-4,0.0015963309648445402,0.0012979813434832324,0.0012212256092075028,9.742866508382187E-4,1.0,0.002237950909242379,0.0012291454184519919,0.0013983704804419012,0.0011896036874898257,9.448517264829732E-4,0.0016256191010082441],[7.908027954976237E-4,0.01108800391721253,0.008733704400504735,0.0016421308242770324,0.002559983969485215,7.253409558708964E-4,0.0012074458991417159,0.0061714818205196136,3.019143274718806E-5,0.01949618102148838,1.0333467835471508E-4,0.0015976059271434863,0.0014595086168274346,0.002214058092724716,6.084832125363203E-4,0.01145086067432656,0.022738894721748882,9.253896777204592E-4,6.21290758040529E-4,0.0012896319852380529,0.0018314783893125072,0.0014679457018724426,0.0014815127839825479,0.010474418145756165,0.0019389051091789839,0.002173949733042358,2.719211005501205E-4,0.0016919735918724899,0.0016465474448397878,0.008751903872234951,0.006254497709843265,0.0017728049102652878,0.007285417977857209,0.0017252975710818443,0.002328234569011481,0.0022418251954586218,0.001232567557636546,0.0021482943952979396,0.002237950909242379,1.0,0.0022240776495528742,0.002496838885010693,0.001953331005602656,0.0012998834708875797,0.0021199395083076836],[4.482035224440321E-4,0.0022137620718468334,0.012613006677691111,0.0010830111423752362,0.0018148153714811655,3.4533153270713095E-4,6.875918038374404E-5,0.006466831808015136,2.113269445133323E-5,0.017808186076542228,2.6899149678109785E-5,3.63470443261734E-4,1.1893718797547707E-4,8.790583644714065E-4,6.245961053306937E-5,0.013043634037329048,0.007603151775031456,2.3077598329626597E-5,1.4615595211960972E-5,3.4672405847521926E-5,7.208550521744744E-4,3.4607998948655693E-4,4.7258963374838644E-5,0.00985331060493589,7.140859451893716E-5,1.3584811888607897E-5,1.9122187002351413E-5,1.6557783843819426E-5,1.5418801846871683E-4,0.008004903875642781,0.01823133629993762,4.9955468074441937E-5,0.02767532677646158,3.979401553095193E-4,0.0012124366976805068,7.35607976215499E-4,6.186988149809003E-5,6.727714477153548E-5,0.0012291454184519919,0.0022240776495528742,1.0,0.0011992865370827855,1.258064541341565E-4,4.610128477696262E-4,0.0016300929343640135],[0.0018296825101771495,0.01068061489732823,0.006806697642877356,0.0022157827399173634,0.0026712426162377903,0.001889478441688965,0.001153842889018208,0.003176194596756015,2.1384934250560686E-4,0.024665198492848678,6.775595037288998E-4,0.0023865882922393476,0.0013656317296598277,0.0017062094975520573,0.0022155059089234157,0.0076492564789034665,0.033151960538876805,0.002398882305481541,0.001871061460335373,1.8738106628534177E-4,0.002185985556732146,0.0019445598109755719,7.459706562564214E-4,0.014039913970491952,0.0015535139203679245,0.0017640829033356267,0.001840441568323248,8.739952021671476E-4,0.0026059200313129057,0.011458585285182107,0.012334347606651669,8.635358662392328E-4,0.03305846722248126,0.0017480379082762533,0.002670996288826816,0.0021092510017981948,0.0023369896174762128,4.4037676254785735E-4,0.0013983704804419012,0.002496838885010693,0.0011992865370827855,1.0,0.0025015410896058452,0.0018110607148780886,0.002058348672847689],[7.869609708898419E-4,0.00714761970612279,0.01715921659639115,0.0014334227974045536,0.0018194993412938053,7.310797273507143E-4,7.692875875168983E-4,0.003520216377044094,0.0010768997901999065,0.01843088172510631,3.189710465013016E-4,0.001313638733255265,9.476417148910582E-4,0.0012043084811297143,7.357095204677795E-4,0.00502935693761676,0.01988504332006719,5.638611513075901E-4,9.329826086058335E-4,2.791173844210298E-4,0.0014534785510302317,0.0011691684345376612,1.0184762036408824E-4,0.017566624261157206,4.145347172021267E-4,1.7