[[1.0,8.28519580330618E-4,3.584408347716917E-4,0.007454335923602028,5.083341693070167E-5,6.688339219821677E-4,1.7161817754512832E-4,6.764475798436242E-4,2.3177094017235787E-4,0.00444713259962336,1.593253139030951E-4,0.0012378064522013139,1.0798378850523E-4,1.2736302702724526E-4,1.804007985484031E-4,4.7062991964666613E-4,7.279916241196174E-4,2.683721702357478E-4,1.7472601886141964E-4,5.599782687601421E-4,1.6525127465564756E-4,1.623154131848498E-4,0.004065384082738192,4.2060465112618117E-4,1.8505236069281047E-4,1.5190368042708067E-4,0.004807961757734351,1.6270826807056598E-4,2.1540338352138435E-4,0.002798947246386586,0.014526151723529331,1.3371341360746608E-4,2.6666424268205664E-4,2.1303018916951822E-4,1.3764706768675368E-4,0.0011798566677744477,1.674783342897667E-4,6.642010255105852E-5,1.0335100929295812E-5,7.389550598978607E-4,1.3474961501790589E-4],[8.28519580330618E-4,1.0,9.916797023669923E-4,0.005099405540029807,2.2983362512679295E-4,0.0013526010358842874,4.059146561210391E-4,0.001179297653209265,0.0013677479059281785,0.014327085092444805,9.567870330670796E-4,0.0014432349240657877,0.0012220720499804604,5.498836934673976E-4,6.365841820895599E-4,8.711137846296367E-4,0.0013079008479227792,0.0013432181238737298,6.989230079614364E-4,0.0018139168327760873,0.0011517219871919147,7.104689728227652E-4,0.010906660751432708,9.445944871901263E-4,5.608865722195315E-4,0.001049128844713636,0.002423084395979472,1.3304829676023886E-4,7.948317776123232E-4,0.00256627790397646,0.006957092600393797,6.933409162015348E-4,0.001272404708403345,4.957891013059724E-4,0.0010938280064944086,0.001498114630453554,6.679327938923453E-4,2.7901781293832544E-4,3.16069003297377E-4,0.0017346919971609714,5.617395593696158E-4],[3.584408347716917E-4,9.916797023669923E-4,1.0,0.0019821561555104362,4.585459067303693E-5,9.252814258415261E-4,2.1871688692824E-4,9.605734590748525E-4,8.709148344719763E-4,0.023362801991797657,1.4683616737067867E-4,0.0011699639098802295,3.5153729577232016E-5,1.671006166814345E-4,3.8007749713461964E-4,5.836110990279532E-4,0.0016848215471042993,8.870534113573763E-4,5.128184066524727E-4,0.00163407087508883,4.459738118572014E-4,3.285044876262531E-4,0.007279966622487375,5.380320104446504E-4,4.456642513782092E-4,5.192869555204647E-4,0.009185389309692869,1.9815956504067625E-4,2.643030330830663E-4,9.56251193720609E-4,0.017979276458823853,3.298234651073637E-4,6.787733030856211E-4,4.5211607297959656E-4,3.6927078946807896E-4,0.0020196413702118724,3.2777003217950723E-4,8.886647621396079E-5,5.961375733732861E-4,0.001315500061958449,3.5450861851083685E-4],[0.007454335923602028,0.005099405540029807,0.0019821561555104362,1.0,6.332386004870926E-4,0.016656280498186925,0.009612846482938935,0.004803435948373362,0.0058312249399168,0.019519283293797204,0.0045384468305897,0.007320253230892815,0.0065206108518360666,0.011348044844180156,0.0068869956401254925,0.012791648068324491,0.006765466842602302,0.00353173395698381,0.003070896946667041,0.010660500508281996,0.01565304454301307,0.00922983748061933,0.01667553358820177,0.002301619942865947,0.015363074355312593,0.00760986364241465,0.014745856850367896,5.293931302335639E-4,0.014562324701638145,0.010449511284947192,0.01750396764442739,0.008755208822582296,0.006492093013216376,0.010610594726236069,0.015172920635958926,0.003938828711992899,0.002431500857475612,0.0029469275654720787,0.01365624955863168,0.00894745975065854,0.0022307768206302294],[5.083341693070167E-5,2.2983362512679295E-4,4.585459067303693E-5,6.332386004870926E-4,1.0,0.001402641529788546,4.922781531350329E-5,8.457169267673261E-4,8.876131597238977E-4,0.007507110507357425,3.652741652425903E-5,2.496911830148151E-4,3.4591998516241995E-5,5.463322503213558E-5,6.913074491646365E-5,4.1377234298409945E-5,6.70409401724512E-4,5.942765500207537E-4,1.486820310586653E-4,7.900761644870498E-4,1.0456014297861716E-4,6.390795100072773E-5,0.012361995957206547,4.197165698054211E-4,2.4623432134047144E-4,1.1417351669170252E-4,0.007810358942196,3.3717678333600576E-5,2.2033054181269107E-4,0.001583380392505693,0.0064414038382722485,5.0422439084998435E-5,6.779173127025072E-4,1.7550994763999652E-4,3.21798188083148E-5,0.0019570657881777817,1.2512574353017966E-4,1.1195840317170327E-5,2.1297723287197902E-5,9.761666087171109E-4,1.0489784284482446E-4],[6.688339219821677E-4,0.0013526010358842874,9.252814258415261E-4,0.016656280498186925,0.001402641529788546,1.0,0.0015054405726286036,0.0013117988710461782,0.0014256600169179252,0.02789683158604678,9.613853344214154E-4,0.0015709614211844186,8.383591448398078E-4,2.1658348023656163E-4,2.347035865205097E-4,0.001503713758215808,0.001834268001126744,0.0018326794901029648,0.0014671451689033993,0.0016998636383126558,9.786434426668367E-4,0.0011698153377242896,0.013694057548955908,8.03052930146475E-4,0.0012458524471982803,2.177796404599748E-4,0.004297834315690415,0.0015042375495845249,9.504241561734628E-4,0.002182329116818051,0.0070862206947910865,6.905858261534094E-4,0.0013129383664658,2.901219286030785E-4,7.808353533797112E-4,0.002041380961415965,2.9100870274620334E-4,8.130159605274047E-4,4.846155814987422E-4,0.0022021672084252164,0.00136181289928908],[1.7161817754512832E-4,4.059146561210391E-4,2.1871688692824E-4,0.009612846482938935,4.922781531350329E-5,0.0015054405726286036,1.0,4.2953490574389555E-4,0.0013795496546728792,0.026248526701709282,1.374265181330417E-4,0.0012133442454230095,9.363763908271536E-5,1.3472803236384693E-4,1.6241199094224135E-4,1.8052565095941824E-4,7.911977894761247E-4,4.0274058629485735E-4,1.7251685538820073E-4,2.6110680997344757E-4,1.400106564207629E-4,1.1538012101368372E-4,0.00935540107326476,3.858599898145563E-4,2.5544835691903645E-4,1.5120761550783425E-4,0.0023809279344997793,1.4085652214517185E-4,2.2128674903166206E-4,3.9837511886320153E-4,0.01574369414252231,1.444836713616955E-4,6.825877884980855E-4,1.6693937522225933E-4,5.816035602310706E-5,0.0011879432551964155,1.5260505863758596E-4,7.06422228162642E-5,4.270737915292441E-5,0.0020662348614137703,1.323626450443572E-4],[6.764475798436242E-4,0.001179297653209265,9.605734590748525E-4,0.004803435948373362,8.457169267673261E-4,0.0013117988710461782,4.2953490574389555E-4,1.0,0.0013696039833184731,0.023782458675917016,5.348844177901701E-4,0.0012577736020844173,8.864426805203502E-4,6.821717973032153E-4,2.2348462991970605E-4,9.077173078640497E-4,0.001506509170343714,0.0016011417645586219,9.210753671573382E-4,0.0018063687260998851,6.680399625749897E-4,9.226128814534926E-4,0.006242476690646749,9.113795402965915E-4,5.62161559617304E-4,3.83343864076E-4,0.009208488330311376,8.975954668135319E-4,4.887671388551485E-4,0.0014172332407953196,0.006374968679063196,9.870432677357038E-4,0.0012522058867064309,7.13640917024467E-4,6.177963608204576E-4,0.0017790477751410082,6.068142337524424E-4,2.4787244127835316E-4,5.50293187957485E-4,0.001724522579395474,8.838236472431118E-4],[2.3177094017235787E-4,0.0013677479059281785,8.709148344719763E-4,0.0058312249399168,8.876131597238977E-4,0.0014256600169179252,0.0013795496546728792,0.0013696039833184731,1.0,0.03014824758827415,0.0012955404122143232,0.001484887930597244,0.0011851820027064836,0.0010557337872288404,0.0011301455626611784,0.0010588849702371323,0.0017628416155295564,0.0019071840451815813,9.317825822482824E-4,0.0018718074980518162,3.073889222808457E-4,1.5318275193496085E-4,0.006911488381078211,8.593216623966192E-4,0.0013160352390652222,1.854020645383775E-4,0.0074607236751012855,1.684829472929821E-4,3.0984198261122176E-4,0.001449692516148712,0.0023763579752722527,0.0011649111830929098,0.0013367975855813803,2.3608140096047464E-4,0.0011272872141171613,0.0017570645135712546,5.05574190587692E-4,6.23562483427445E-4,0.0013121194864170772,0.002384997160976662,7.797304968192758E-4],[0.00444713259962336,0.014327085092444805,0.023362801991797657,0.019519283293797204,0.007507110507357425,0.02789683158604678,0.026248526701709282,0.023782458675917016,0.03014824758827415,1.0,0.026245099001837226,0.005929604144281262,0.028328507215626273,0.02918368117329952,0.02297404328346092,0.006215550773773301,0.015879357572140006,0.008220819776310473,0.0070868282391522985,0.00784844408626761,0.015669490692574166,0.029140389806568887,0.02751967915482097,0.004780240954917819,0.00921701695535623,0.017950784842234484,0.013475873264034204,0.022547386516622966,0.0022813250463173396,0.02989861087839716,0.02437467249397337,0.007709086417562823,0.008624429443908052,0.009305239239331973,4.1915636378520505E-5,0.023734160390370487,0.029729113290674212,0.005003646199397239,0.013238503866364309,0.02720208592847079,0.02254627069261431],[1.593253139030951E-4,9.567870330670796E-4,1.4683616737067867E-4,0.0045384468305897,3.652741652425903E-5,9.613853344214154E-4,1.374265181330417E-4,5.348844177901701E-4,0.0012955404122143232,0.026245099001837226,1.0,7.416136368793166E-4,1.0443789853356564E-4,1.0720233638432313E-4,1.3305002492497905E-4,3.755349934995501E-4,0.001478744883664887,0.0017843511660396813,2.34914283944296E-4,0.0010667468540312567,1.0944792814558933E-4,1.0727717896401511E-4,0.008440531789359502,3.340820395402995E-4,2.907941408300679E-4,1.2277764784168738E-4,0.003196732986775943,1.2438674936434825E-4,1.3844840749839118E-4,0.0028042560094626375,0.005311592612166944,9.230641131576054E-5,0.0012612581436734932,1.798801715607767E-4,3.770162654271498E-5,3.0463209078089305E-4,1.232741707740255E-4,1.0035585235830625E-4,3.2736904997061706E-5,3.27898598442536E-4,1.052730515599465E-4],[0.0012378064522013139,0.0014432349240657877,0.0011699639098802295,0.007320253230892815,2.496911830148151E-4,0.0015709614211844186,0.0012133442454230095,0.0012577736020844173,0.001484887930597244,0.005929604144281262,7.416136368793166E-4,1.0,0.0011231047446036782,6.82701031037668E-4,3.47960704544967E-4,5.834227784908803E-4,0.0018647222012377937,0.0019024236320571031,4.7987823362089963E-4,0.0018574810958696157,0.0011818839022371516,3.934393493344013E-4,0.005723268355415065,0.0012008512558440397,7.269347563539951E-4,6.254897772051216E-4,0.0030798380195792797,1.8065681512506826E-4,3.5652574189787723E-4,0.002762486514692258,0.009264840286907173,1.318032314595264E-4,0.0013604899902056272,3.9220482298647666E-4,0.0014485161263169052,0.001587616965474446,3.7130338710207513E-4,6.045897389317642E-4,6.404222200484456E-4,0.001627957845389524,6.239493590894972E-4],[1.0798378850523E-4,0.0012220720499804604,3.5153729577232016E-5,0.0065206108518360666,3.4591998516241995E-5,8.383591448398078E-4,9.363763908271536E-5,8.864426805203502E-4,0.0011851820027064836,0.028328507215626273,1.0443789853356564E-4,0.0011231047446036782,1.0,8.975712022341812E-5,1.4020319373829777E-4,7.93484649866347E-5,0.0016068289001159644,4.3931507157903075E-4,1.320436497411895E-4,0.0018483716742317365,9.620579591878973E-5,9.365706026875441E-5,0.011076426257407965,1.6438904998305852E-4,6.419184001444575E-5,7.740561510214354E-5,0.009308219589941609,1.114563094517566E-4,9.280510494536973E-5,0.0023533243925195073,0.0034947349519235528,6.415895718738388E-5,0.0011692685182600276,1.397690983392102E-4,3.377222126165898E-5,0.001394496435702451,8.020384735062022E-5,2.4452224385796394E-5,1.6739318183549167E-5,0.001214553253093873,6.706135778252195E-5],[1.2736302702724526E-4,5.498836934673976E-4,1.671006166814345E-4,0.011348044844180156,5.463322503213558E-5,2.1658348023656163E-4,1.3472803236384693E-4,6.821717973032153E-4,0.0010557337872288404,0.02918368117329952,1.0720233638432313E-4,6.82701031037668E-4,8.975712022341812E-5,1.0,1.1845395450134819E-4,1.893863523770945E-4,0.0012045845796595555,0.0013192619812981482,1.3391449373300043E-4,9.119260261229147E-4,1.1284725898108895E-4,1.1492587645448195E-4,0.008734150444211244,2.3755244340414018E-4,1.786356848675958E-4,1.262461482751552E-4,0.00530981518607661,1.2114445966258754E-4,1.2159662662089636E-4,0.0018400213016797323,0.004377503528199023,1.0035169143300674E-4,5.438432707420791E-4,2.0377205171883295E-4,6.663160703991343E-5,0.0018042775373432358,1.260567181771535E-4,1.1756448815887017E-5,3.0132741894492728E-5,0.002324114287850944,1.2010321308183528E-4],[1.804007985484031E-4,6.365841820895599E-4,3.8007749713461964E-4,0.0068869956401254925,6.913074491646365E-5,2.347035865205097E-4,1.6241199094224135E-4,2.2348462991970605E-4,0.0011301455626611784,0.02297404328346092,1.3305002492497905E-4,3.47960704544967E-4,1.4020319373829777E-4,1.1845395450134819E-4,1.0,3.611492922864861E-4,0.0015693112158439305,0.0011879342579087392,2.1776035001323465E-4,8.565308957793952E-4,1.307154213395588E-4,1.7908237383519729E-4,0.00567242837334323,1.9362147766080842E-4,3.413514327212221E-4,1.8291792421144674E-4,0.0014213613463010656,1.405561984464154E-4,1.8823790834509855E-4,7.319335569139988E-4,0.017333520362215162,1.408176120150981E-4,0.0011780586439718943,1.932443440551109E-4,1.42644698330736E-4,0.0013254578714268575,1.7434607368381675E-4,1.6888096925338352E-4,1.2856870842160013E-4,0.0010655383531655827,1.7586207385704254E-4],[4.7062991964666613E-4,8.711137846296367E-4,5.836110990279532E-4,0.012791648068324491,4.1377234298409945E-5,0.001503713758215808,1.8052565095941824E-4,9.077173078640497E-4,0.0010588849702371323,0.006215550773773301,3.755349934995501E-4,5.834227784908803E-4,7.93484649866347E-5,1.893863523770945E-4,3.611492922864861E-4,1.0,0.0015624454478854071,0.0014648514466448865,5.028448792346004E-4,0.0010357263365894705,4.3154847095643067E-4,1.7741302094059E-4,0.004645586953751075,4.991328318026516E-4,3.91353372038645E-4,2.846366734046391E-4,0.0032027067718303,4.4283235035217565E-4,3.1390650747087053E-4,0.001566597722215816,7.242283838101211E-4,2.3410536513511477E-4,5.496769127103023E-4,3.785509909800082E-4,6.6028162472375E-5,0.0010509708873270133,2.29747953301181E-4,2.4765186603259713E-4,4.1788043604323817E-4,0.0010506808548951252,2.3088838678900222E-4],[7.279916241196174E-4,0.0013079008479227792,0.0016848215471042993,0.006765466842602302,6.70409401724512E-4,0.001834268001126744,7.911977894761247E-4,0.001506509170343714,0.0017628416155295564,0.015879357572140006,0.001478744883664887,0.0018647222012377937,0.0016068289001159644,0.0012045845796595555,0.0015693112158439305,0.0015624454478854071,1.0,0.0018717352404517605,0.0016594963286880179,0.0019144892677352022,3.8978714596391484E-4,6.062079101194683E-4,0.01354930958198703,0.0010993790688568527,0.0014386782469527973,0.0014525072565721563,0.007336088070550417,8.778752625216012E-4,0.00173790163264488,0.001967368838996821,0.003912355168390978,1.4141663323519654E-4,0.00141255428359681,2.2670106825838852E-4,4.2940801673092035E-4,0.001890655221663221,0.0010356019116888923,0.0011875851051531719,0.0014016873380267932,0.002440649866767572,5.179398651006866E-4],[2.683721702357478E-4,0.0013432181238737298,8.870534113573763E-4,0.00353173395698381,5.942765500207537E-4,0.0018326794901029648,4.0274058629485735E-4,0.0016011417645586219,0.0019071840451815813,0.008220819776310473,0.0017843511660396813,0.0019024236320571031,4.3931507157903075E-4,0.0013192619812981482,0.0011879342579087392,0.0014648514466448865,0.0018717352404517605,1.0,0.0010231019122924757,0.001934000206676604,9.541080040283241E-4,8.368225413958619E-4,0.011708807129281318,5.353969550721532E-4,6.517144090261369E-4,4.065577123352468E-4,0.009870915884575816,0.0011702619381113886,0.0013286873620071275,0.0021739687063711817,0.003622422463195181,0.001123370883703825,0.0014963794229504136,0.0013897618970397133,4.6016428113964205E-4,0.002015799255551914,0.001778930532942364,0.001045117195119294,9.774862104961087E-4,0.001998779861210512,0.001469627841798539],[1.7472601886141964E-4,6.989230079614364E-4,5.128184066524727E-4,0.003070896946667041,1.486820310586653E-4,0.0014671451689033993,1.7251685538820073E-4,9.210753671573382E-4,9.317825822482824E-4,0.0070868282391522985,2.34914283944296E-4,4.7987823362089963E-4,1.320436497411895E-4,1.3391449373300043E-4,2.1776035001323465E-4,5.028448792346004E-4,0.0016594963286880179,0.0010231019122924757,1.0,0.0018787765031507582,1.6111362325367352E-4,1.4185857980422603E-4,0.012574056127549943,3.9945758973006934E-4,3.5992942412084314E-4,1.827885719782737E-4,0.001943420646349906,1.6020095455062552E-4,2.4316203044395394E-4,0.0012094809271499729,0.011118827383633652,9.73650852667772E-5,0.001194238029815953,2.4384770018432285E-4,2.3491719601592963E-4,4.110285686344967E-4,1.4354317108811442E-4,2.1633945567845617E-4,1.9616178211778488E-4,0.0021719270075411627,1.359428826544531E-4],[5.599782687601421E-4,0.0018139168327760873,0.00163407087508883,0.010660500508281996,7.900761644870498E-4,0.0016998636383126558,2.6110680997344757E-4,0.0018063687260998851,0.0018718074980518162,0.00784844408626761,0.0010667468540312567,0.0018574810958696157,0.0018483716742317365,9.119260261229147E-4,8.565308957793952E-4,0.0010357263365894705,0.0019144892677352022,0.001934000206676604,0.0018787765031507582,1.0,0.0019067331552475456,7.07526283932201E-4,0.005761394348868303,0.0017613869806493015,0.0017923835420645517,6.459160855724806E-4,0.008472212083415566,0.0011294243087397002,7.911024512896752E-4,0.0019506723641728914,0.0028941370091553286,0.0010056458246223048,0.0013075991150561263,0.001508932887529607,7.68512997744081E-4,0.0019360850999303235,0.0017608716904617286,0.0010052947172878215,0.0010726106222969818,0.002404818312834765,9.317562419977167E-4],[1.6525127465564756E-4,0.0011517219871919147,4.459738118572014E-4,0.01565304454301307,1.0456014297861716E-4,9.786434426668367E-4,1.400106564207629E-4,6.680399625749897E-4,3.073889222808457E-4,0.015669490692574166,1.0944792814558933E-4,0.0011818839022371516,9.620579591878973E-5,1.1284725898108895E-4,1.307154213395588E-4,4.3154847095643067E-4,3.8978714596391484E-4,9.541080040283241E-4,1.6111362325367352E-4,0.0019067331552475456,1.0,1.1365119689446185E-4,0.008879587298125286,3.7336320689964155E-4,2.8147294085745955E-4,1.2593719708659212E-4,0.006602553113195879,1.1223784575721227E-4,2.331712764224298E-4,0.0023139340038082555,0.004504837079378723,1.059686531106812E-4,4.15370879715202E-4,1.820791244859237E-4,5.7674818487300855E-5,2.2765599116317966E-4,1.1991723155640961E-4,9.105130278692142E-5,7.807902010644806E-5,4.6850878381437676E-4,1.2585701066192886E-4],[1.623154131848498E-4,7.104689728227652E-4,3.285044876262531E-4,0.00922983748061933,6.390795100072773E-5,0.0011698153377242896,1.1538012101368372E-4,9.226128814534926E-4,1.5318275193496085E-4,0.029140389806568887,1.0727717896401511E-4,3.934393493344013E-4,9.365706026875441E-5,1.1492587645448195E-4,1.7908237383519729E-4,1.7741302094059E-4,6.062079101194683E-4,8.368225413958619E-4,1.4185857980422603E-4,7.07526283932201E-4,1.1365119689446185E-4,1.0,0.014397371344462445,1.1575123911427433E-4,3.104705234827868E-4,1.2451913097916314E-4,0.004624325655225341,1.2516044187811543E-4,1.7420878726594053E-4,0.0021327241480748184,0.010001298037349931,1.0671185059161632E-4,9.09014498044137E-4,2.155942432603273E-4,9.622522537062691E-5,0.0012643880299698684,1.319140387595443E-4,9.150328372086747E-5,7.707171021693192E-5,3.9831189680449E-4,1.2600640098184437E-4],[0.004065384082738192,0.010906660751432708,0.007279966622487375,0.01667553358820177,0.012361995957206547,0.013694057548955908,0.00935540107326476,0.006242476690646749,0.006911488381078211,0.02751967915482097,0.008440531789359502,0.005723268355415065,0.011076426257407965,0.008734150444211244,0.00567242837334323,0.004645586953751075,0.01354930958198703,0.011708807129281318,0.012574056127549943,0.005761394348868303,0.008879587298125286,0.014397371344462445,1.0,0.005787333525401688,0.013947294714849337,6.54750740643587E-4,0.012917423113059651,0.013614329610950396,0.004398383393827883,0.008460791975512793,0.015201806191880331,0.009232190124207958,0.012217803400168072,0.014462671552119815,1.398500776851515E-4,0.009819943339315185,0.01027969897739163,0.006836126062824004,0.008210375920777432,0.00646405047816972,0.013357820927526026],[4.2060465112618117E-4,9.445944871901263E-4,5.380320104446504E-4,0.002301619942865947,4.197165698054211E-4,8.03052930146475E-4,3.858599898145563E-4,9.113795402965915E-4,8.593216623966192E-4,0.004780240954917819,3.340820395402995E-4,0.0012008512558440397,1.6438904998305852E-4,2.3755244340414018E-4,1.9362147766080842E-4,4.991328318026516E-4,0.0010993790688568527,5.353969550721532E-4,3.9945758973006934E-4,0.0017613869806493015,3.7336320689964155E-4,1.1575123911427433E-4,0.005787333525401688,1.0,4.699416213210729E-4,3.742413063101183E-4,0.0034948660246185348,1.8995860060461606E-4,3.7647070756340403E-4,0.0022277857334635207,0.005104354406207659,4.288774314316106E-4,0.0011026578321775848,2.7238680265322183E-4,3.0329003517388E-4,0.002057409122858511,4.79241485320105E-4,3.509949757106204E-5,2.605499116862786E-4,0.0014779807532058833,4.7668291699220084E-4],[1.8505236069281047E-4,5.608865722195315E-4,4.456642513782092E-4,0.015363074355312593,2.4623432134047144E-4,0.0012458524471982803,2.5544835691903645E-4,5.62161559617304E-4,0.0013160352390652222,0.00921701695535623,2.907941408300679E-4,7.269347563539951E-4,6.419184001444575E-5,1.786356848675958E-4,3.413514327212221E-4,3.91353372038645E-4,0.0014386782469527973,6.517144090261369E-4,3.5992942412084314E-4,0.0017923835420645517,2.8147294085745955E-4,3.104705234827868E-4,0.013947294714849337,4.699416213210729E-4,1.0,1.6256995328982248E-4,0.00367814115373044,1.8253792975068554E-4,3.2151687816187166E-4,0.0018583090969745706,0.003579880403536523,1.4309197801597298E-4,0.0011928196114668976,3.688318442251345E-4,1.8576441688822578E-4,0.0012932396123448641,3.627631796910212E-4,9.216153880873771E-5,2.974753878931264E-4,0.0021742308339246347,1.771972716215628E-4],[1.5190368042708067E-4,0.001049128844713636,5.192869555204647E-4,0.00760986364241465,1.1417351669170252E-4,2.177796404599748E-4,1.5120761550783425E-4,3.83343864076E-4,1.854020645383775E-4,0.017950784842234484,1.2277764784168738E-4,6.254897772051216E-4,7.740561510214354E-5,1.262461482751552E-4,1.8291792421144674E-4,2.846366734046391E-4,0.0014525072565721563,4.065577123352468E-4,1.827885719782737E-4,6.459160855724806E-4,1.2593719708659212E-4,1.2451913097916314E-4,6.54750740643587E-4,3.742413063101183E-4,1.6256995328982248E-4,1.0,0.0019759366035062525,1.3070981518673356E-4,1.5618391516267189E-4,0.001471191449896018,0.01746322572757057,1.0627462909467835E-4,0.001173367186372276,2.0152752712017494E-4,6.191510016570012E-5,0.0017124433980264177,1.3847582275007688E-4,9.512755845199786E-5,4.936296284709794E-5,0.0011830722777681157,1.318914479033437E-4],[0.004807961757734351,0.002423084395979472,0.009185389309692869,0.014745856850367896,0.007810358942196,0.004297834315690415,0.0023809279344997793,0.009208488330311376,0.0074607236751012855,0.013475873264034204,0.003196732986775943,0.0030798380195792797,0.009308219589941609,0.00530981518607661,0.0014213613463010656,0.0032027067718303,0.007336088070550417,0.009870915884575816,0.001943420646349906,0.008472212083415566,0.006602553113195879,0.004624325655225341,0.012917423113059651,0.0034948660246185348,0.00367814115373044,0.0019759366035062525,1.0,0.008773051760545818,0.0013562642009663217,0.0038459315523051143,0.01178513338874215,0.009401131008630529,0.006245669655156307,0.008784990258131486,0.009086683880476218,0.005281703760674202,0.0061459606713662965,0.008362466375887966,0.009383808476638658,0.007307857911675838,4.568316326135106E-4],[1.6270826807056598E-4,1.3304829676023886E-4,1.9815956504067625E-4,5.293931302335639E-4,3.3717678333600576E-5,0.0015042375495845249,1.4085652214517185E-4,8.975954668135319E-4,1.684829472929821E-4,0.022547386516622966,1.2438674936434825E-4,1.8065681512506826E-4,1.114563094517566E-4,1.2114445966258754E-4,1.405561984464154E-4,4.4283235035217565E-4,8.778752625216012E-4,0.0011702619381113886,1.6020095455062552E-4,0.0011294243087397002,1.1223784575721227E-4,1.2516044187811543E-4,0.013614329610950396,1.8995860060461606E-4,1.8253792975068554E-4,1.3070981518673356E-4,0.008773051760545818,1.0,2.0044490897079808E-4,0.0015119540657371861,0.012785389736919403,1.112375518432451E-4,4.4216499092682366E-4,1.303657233521374E-4,1.0502825437203148E-4,0.0017220824080370369,1.3435632008247555E-4,7.405646457496348E-5,9.891203898126234E-5,0.002095434103280507,1.290550190632387E-4],[2.1540338352138435E-4,7.948317776123232E-4,2.643030330830663E-4,0.014562324701638145,2.2033054181269107E-4,9.504241561734628E-4,2.2128674903166206E-4,4.887671388551485E-4,3.0984198261122176E-4,0.0022813250463173396,1.3844840749839118E-4,3.5652574189787723E-4,9.280510494536973E-5,1.2159662662089636E-4,1.8823790834509855E-4,3.1390650747087053E-4,0.00173790163264488,0.0013286873620071275,2.4316203044395394E-4,7.911024512896752E-4,2.331712764224298E-4,1.7420878726594053E-4,0.004398383393827883,3.7647070756340403E-4,3.2151687816187166E-4,1.5618391516267189E-4,0.0013562642009663217,2.0044490897079808E-4,1.0,0.0020266636016053725,0.012151279686324169,1.7727139365552818E-4,0.0011695041908004564,2.3162559350938046E-4,4.801961030865358E-5,0.0020785952517395423,1.57045746625114E-4,1.6888616961251428E-4,1.5695362473979398E-4,0.0016269477950575535,2.3303449460954166E-4],[0.002798947246386586,0.00256627790397646,9.56251193720609E-4,0.010449511284947192,0.001583380392505693,0.002182329116818051,3.9837511886320153E-4,0.0014172332407953196,0.001449692516148712,0.02989861087839716,0.0028042560094626375,0.002762486514692258,0.0023533243925195073,0.0018400213016797323,7.319335569139988E-4,0.001566597722215816,0.001967368838996821,0.0021739687063711817,0.0012094809271499729,0.0019506723641728914,0.0023139340038082555,0.0021327241480748184,0.008460791975512793,0.0022277857334635207,0.0018583090969745706,0.001471191449896018,0.0038459315523051143,0.0015119540657371861,0.0020266636016053725,1.0,0.005120030641694834,7.465075665790864E-4,0.0013789098688800103,0.0016282528528561895,0.001208447304927028,0.0025230040568806644,0.0019338270165591748,0.002455146217311933,0.0018612388402222146,0.0026658719071969515,5.508679114934546E-4],[0.014526151723529331,0.006957092600393797,0.017979276458823853,0.01750396764442739,0.0064414038382722485,0.0070862206947910865,0.01574369414252231,0.006374968679063196,0.0023763579752722527,0.02437467249397337,0.005311592612166944,0.009264840286907173,0.0034947349519235528,0.004377503528199023,0.017333520362215162,7.242283838101211E-4,0.003912355168390978,0.003622422463195181,0.011118827383633652,0.0028941370091553286,0.004504837079378723,0.010001298037349931,0.015201806191880331,0.005104354406207659,0.003579880403536523,0.01746322572757057,0.01178513338874215,0.012785389736919403,0.012151279686324169,0.005120030641694834,1.0,0.014926182294872765,0.016430740176777033,0.0038652473590522914,0.014204644426109058,0.01523317749916301,7.957186437495927E-4,0.005629111627531445,0.01736540599816247,0.010882088554394358,0.011493324025314135],[1.3371341360746608E-4,6.933409162015348E-4,3.298234651073637E-4,0.008755208822582296,5.0422439084998435E-5,6.905858261534094E-4,1.444836713616955E-4,9.870432677357038E-4,0.0011649111830929098,0.007709086417562823,9.230641131576054E-5,1.318032314595264E-4,6.415895718738388E-5,1.0035169143300674E-4,1.408176120150981E-4,2.3410536513511477E-4,1.4141663323519654E-4,0.001123370883703825,9.73650852667772E-5,0.0010056458246223048,1.059686531106812E-4,1.0671185059161632E-4,0.009232190124207958,4.288774314316106E-4,1.4309197801597298E-4,1.0627462909467835E-4,0.009401131008630529,1.112375518432451E-4,1.7727139365552818E-4,7.465075665790864E-4,0.014926182294872765,1.0,9.212552026469031E-4,1.0437976960664078E-4,6.476195317673926E-5,0.0015434886429866723,1.335336513165649E-4,4.2866214905815805E-5,4.458239688344552E-5,0.0022498144105106955,1.1884217129224227E-4],[2.6666424268205664E-4,0.001272404708403345,6.787733030856211E-4,0.006492093013216376,6.779173127025072E-4,0.0013129383664658,6.825877884980855E-4,0.0012522058867064309,0.0013367975855813803,0.008624429443908052,0.0012612581436734932,0.0013604899902056272,0.0011692685182600276,5.438432707420791E-4,0.0011780586439718943,5.496769127103023E-4,0.00141255428359681,0.0014963794229504136,0.001194238029815953,0.0013075991150561263,4.15370879715202E-4,9.09014498044137E-4,0.012217803400168072,0.0011026578321775848,0.0011928196114668976,0.001173367186372276,0.006245669655156307,4.4216499092682366E-4,0.0011695041908004564,0.0013789098688800103,0.016430740176777033,9.212552026469031E-4,1.0,3.335432844771252E-4,0.001032827385404532,0.0016042061111341086,1.504075653445168E-4,1.6395033412880907E-4,1.9909452863631056E-4,0.002195108230311313,2.001540690089273E-4],[2.1303018916951822E-4,4.957891013059724E-4,4.5211607297959656E-4,0.010610594726236069,1.7550994763999652E-4,2.901219286030785E-4,1.6693937522225933E-4,7.13640917024467E-4,2.3608140096047464E-4,0.009305239239331973,1.798801715607767E-4,3.9220482298647666E-4,1.397690983392102E-4,2.0377205171883295E-4,1.932443440551109E-4,3.785509909800082E-4,2.2670106825838852E-4,0.0013897618970397133,2.4384770018432285E-4,0.001508932887529607,1.820791244859237E-4,2.155942432603273E-4,0.014462671552119815,2.7238680265322183E-4,3.688318442251345E-4,2.0152752712017494E-4,0.008784990258131486,1.303657233521374E-4,2.3162559350938046E-4,0.0016282528528561895,0.0038652473590522914,1.0437976960664078E-4,3.335432844771252E-4,1.0,1.788629612475428E-4,0.001649112310784341,2.078401438783619E-4,1.524244000613928E-5,6.336932454855171E-5,0.0014656616616581038,2.1388438820780972E-4],[1.3764706768675368E-4,0.0010938280064944086,3.6927078946807896E-4,0.015172920635958926,3.21798188083148E-5,7.808353533797112E-4,5.816035602310706E-5,6.177963608204576E-4,0.0011272872141171613,4.1915636378520505E-5,3.770162654271498E-5,0.0014485161263169052,3.377222126165898E-5,6.663160703991343E-5,1.42644698330736E-4,6.6028162472375E-5,4.2940801673092035E-4,4.6016428113964205E-4,2.3491719601592963E-4,7.68512997744081E-4,5.7674818487300855E-5,9.622522537062691E-5,1.398500776851515E-4,3.0329003517388E-4,1.8576441688822578E-4,6.191510016570012E-5,0.009086683880476218,1.0502825437203148E-4,4.801961030865358E-5,0.001208447304927028,0.014204644426109058,6.476195317673926E-5,0.001032827385404532,1.788629612475428E-4,1.0,5.233931652174389E-4,3.574029054275397E-5,2.1369757172022534E-5,2.607242904442302E-5,0.0020845588239938825,1.2591804392645566E-4],[0.0011798566677744477,0.001498114630453554,0.0020196413702118724,0.003938828711992899,0.0019570657881777817,0.002041380961415965,0.0011879432551964155,0.0017790477751410082,0.0017570645135712546,0.023734160390370487,3.0463209078089305E-4,0.001587616965474446,0.001394496435702451,0.0018042775373432358,0.0013254578714268575,0.0010509708873270133,0.001890655221663221,0.002015799255551914,4.110285686344967E-4,0.0019360850999303235,2.2765599116317966E-4,0.0012643880299698684,0.009819943339315185,0.002057409122858511,0.0012932396123448641,0.0017124433980264177,0.005281703760674202,0.0017220824080370369,0.0020785952517395423,0.0025230040568806644,0.01523317749916301,0.0015434886429866723,0.0016042061111341086,0.001649112310784341,5.233931652174389E-4,1.0,0.001011583244447619,8.848400777011796E-4,5.740813862273414E-4,0.002456105048255774,0.0013843708406653433],[1.674783342897667E-4,6.679327938923453E-4,3.2777003217950723E-4,0.002431500857475612,1.2512574353017966E-4,2.9100870274620334E-4,1.5260505863758596E-4,6.068142337524424E-4,5.05574190587692E-4,0.029729113290674212,1.232741707740255E-4,3.7130338710207513E-4,8.020384735062022E-5,1.260567181771535E-4,1.7434607368381675E-4,2.29747953301181E-4,0.0010356019116888923,0.001778930532942364,1.4354317108811442E-4,0.0017608716904617286,1.1991723155640961E-4,1.319140387595443E-4,0.01027969897739163,4.79241485320105E-4,3.627631796910212E-4,1.3847582275007688E-4,0.0061459606713662965,1.3435632008247555E-4,1.57045746625114E-4,0.0019338270165591748,7.957186437495927E-4,1.335336513165649E-4,1.504075653445168E-4,2.078401438783619E-4,3.574029054275397E-5,0.001011583244447619,1.0,6.320425526007448E-5,4.017612491235847E-5,0.0016486611916603088,1.3625927975872068E-4],[6.642010255105852E-5,2.7901781293832544E-4,8.886647621396079E-5,0.0029469275654720787,1.1195840317170327E-5,8.130159605274047E-4,7.06422228162642E-5,2.4787244127835316E-4,6.23562483427445E-4,0.005003646199397239,1.0035585235830625E-4,6.045897389317642E-4,2.4452224385796394E-5,1.1756448815887017E-5,1.6888096925338352E-4,2.4765186603259713E-4,0.0011875851051531719,0.001045117195119294,2.1633945567845617E-4,0.0010052947172878215,9.105130278692142E-5,9.150328372086747E-5,0.006836126062824004,3.509949757106204E-5,9.216153880873771E-5,9.512755845199786E-5,0.008362466375887966,7.405646457496348E-5,1.6888616961251428E-4,0.002455146217311933,0.005629111627531445,4.2866214905815805E-5,1.6395033412880907E-4,1.524244000613928E-5,2.1369757172022534E-5,8.848400777011796E-4,6.320425526007448E-5,1.0,1.0301961854038984E-5,2.579890451801342E-4,1.283206257128569E-4],[1.0335100929295812E-5,3.16069003297377E-4,5.961375733732861E-4,0.01365624955863168,2.1297723287197902E-5,4.846155814987422E-4,4.270737915292441E-5,5.50293187957485E-4,0.0013121194864170772,0.013238503866364309,3.2736904997061706E-5,6.404222200484456E-4,1.6739318183549167E-5,3.0132741894492728E-5,1.2856870842160013E-4,4.1788043604323817E-4,0.0014016873380267932,9.774862104961087E-4,1.9616178211778488E-4,0.0010726106222969818,7.807902010644806E-5,7.707171021693192E-5,0.008210375920777432,2.605499116862786E-4,2.974753878931264E-4,4.936296284709794E-5,0.009383808476638658,9.891203898126234E-5,1.5695362473979398E-4,0.0018612388402222146,0.01736540599816247,4.458239688344552E-5,1.9909452863631056E-4,6.336932454855171E-5,2.607242904442302E-5,5.740813862273414E-4,4.017612491235847E-5,1.0301961854038984E-5,1.0,3.531648275293909E-5,1.2201275685697314E-4],[7.389550598978607E-4,0.0017346919971609714,0.001315500061958449,0.00894745975065854,9.761666087171109E-4,0.0022021672084252164,0.0020662348614137703,0.001724522579395474,0.002384997160976662,0.02720208592847079,3.27898598442536E-4,0.001627957845389524,0.001214553253093873,0.002324114287850944,0.0010655383531655827,0.0010506808548951252,0.002440649866767572,0.001998779861210512,0.0021719270075411627,0.002404818312834765,4.6850878381437676E-4,3.9831189680449E-4,0.00646405047816972,0.0014779807532058833,0.0021742308339246347,0.0011830722777681157,0.007307857911675838,0.002095434103280507,0.0016269477950575535,0.0026658719071969515,0.010882088554394358,0.0022498144105106955,0.002195108230311313,0.0014656616616581038,0.0020845588239938825,0.002456105048255774,0.0016486611916603088,2.579890451801342E-4,3.531648275293909E-5,1.0,0.0013273794980247797],[1.3474961501790589E-4,5.617395593696158E-4,3.5450861851083685E-4,0.0022307768206302294,1.0489784284482446E-4,0.00136181289928908,1.323626450443572E-4,8.838236472431118E-4,7.797304968192758E-4,0.02254627069261431,1.052730515599465E-4,6.239493590894972E-4,6.706135778252195E-5,1.2010321308183528E-4,1.7586207385704254E-4,2.3088838678900222E-4,5.179398651006866E-4,0.001469627841798539,1.359428826544531E-4,9.317562419977167E-4,1.2585701066192886E-4,1.2600640098184437E-4,0.013357820927526026,4.7668291699220084E-4,1.771972716215628E-4,1.318914479033437E-4,4.568316326135106E-4,1.290550190632387E-4,2.3303449460954166E-4,5.508679114934546E-4,0.011493324025314135,1.1884217129224227E-4,2.001540690089273E-4,2.1388438820780972E-4,1.2591804392645566E-4,0.0013843708406653433,1.3625927975872068E-4,1.283206257128569E-4,1.2201275685697314E-4,0.0013273794980247797,1.0]]