[[1.0,4.4567777132447305E-4,4.5952994496113053E-4,0.0016274836852772027,2.6106330963380543E-4,3.185664214202527E-4,1.3813862925624634E-4,2.9016326910418844E-4,5.103582911567579E-4,2.1162488558849727E-4,2.9983573773965764E-4,3.126071421796794E-4,0.00486231896092521,5.592509778140827E-5,1.5794932235049162E-4,3.0924017785800885E-5,0.012602688873002,2.7056099003951433E-4,0.0019083920267660864,2.9598564614844483E-4,9.876512472551796E-4,0.0024518975895906916,2.447952560492337E-4,8.913582862005495E-4,0.0015112748186964708,6.512323923999809E-4,1.3948198574103527E-4,3.2190584960570923E-4,3.744986935202185E-4,8.936163601791336E-4,0.004158796745098353,3.429595862235707E-4,1.7532348177300784E-4,5.290308236721231E-4,2.139918814081461E-4,2.0627630157785186E-4,1.752443456875984E-4,3.7055641164270595E-4,8.44473444636275E-5,9.651887045114059E-4,3.028112139193877E-4,0.008421818905692676,1.949363512173661E-4,2.9288430950048956E-4,3.506410549595331E-4,1.0887098587915776E-4,0.001557867893748527,0.002150809454837749,4.7066151178494573E-4,0.0015768590151723876,6.788821890354264E-4,2.3022186215513235E-4,0.002312282079121988,0.00974167923344682,0.013619991052578655,4.913864547815044E-5,2.056593016444125E-4,0.002080952010162374,4.064528693725207E-5],[4.4567777132447305E-4,1.0,0.0013308382525519607,0.0033827039765982996,5.141288609082121E-4,6.949707295080381E-4,8.510756169582539E-4,3.2367179905767033E-4,7.845248000392469E-4,2.9758500313236823E-4,5.76248306254981E-4,4.24348269944936E-4,0.004615769250370128,7.619145550486248E-4,4.932500582896773E-4,8.69796897997235E-4,0.004831204843817102,8.7372486143761E-4,0.001456488315736138,8.471499416279458E-4,0.0010525338542122795,0.0037002783203948634,6.980188704124612E-4,9.700439417242836E-4,0.0015620643211022847,0.019101058752936353,3.741852557497686E-4,7.481764950641215E-4,0.0010836324049590816,0.0010518174177375358,0.003680659717995269,9.194862520660689E-4,5.493329253886204E-4,8.920845153642238E-4,2.3161090297654628E-4,4.5592593673492496E-4,7.764790203658841E-4,7.072134367899093E-4,5.031819542260162E-4,0.0018575045536434543,6.721422594090325E-4,0.006498638751166403,2.823704066005562E-4,8.860065020140333E-4,3.825511847240434E-4,1.0698526463061728E-4,0.0014822632460728801,0.002697380858075556,0.0020695509342100547,0.007268173075388691,0.0010117026177112844,8.796183192678806E-4,0.003334504700807721,0.0012152247470617655,0.010947784320805325,6.93432175186807E-4,8.096683273053134E-4,0.001987243825516002,8.503010116260006E-5],[4.5952994496113053E-4,0.0013308382525519607,1.0,0.0026821355082616927,9.849311006551696E-4,4.527997853590645E-4,1.5484114526355573E-4,0.0013418254610119802,0.0017337037868791645,6.863731911008962E-4,0.001528092812794478,6.654895213596153E-4,0.007848790378176904,7.131608717307157E-4,0.00174537032554732,7.528214081113466E-4,0.005550099246173321,0.0011261388832347972,0.0023684628226179395,0.0018920248649717721,0.0017573604061103718,0.006755491234160721,0.0012317298553929578,0.001258429330456701,0.0018825206426484756,0.004494928692301727,0.0016442319145444962,0.0014165949443211753,0.0023350693472137473,0.0017065056792426904,0.003988419583924223,3.6720510684306847E-4,3.0331755078246586E-4,0.0018456934274533113,0.001082532896454953,5.247930834204491E-4,0.0013517491604436165,0.0014218273150067055,0.0018833849214578932,0.0019493003304815791,2.4747893122162935E-4,0.010709841281305305,6.375893652259739E-4,0.0017296311860854933,0.0015526079771430354,3.74137331717549E-4,0.002250200516805372,0.0021667972009738975,0.002072580761727821,0.002250610798314277,0.0016626015124229401,3.12413328463454E-4,0.002754005911892583,0.004768907296415865,0.011719709384423146,4.4096493967688585E-4,3.706893118070473E-4,0.0028035903287084974,5.771304648181484E-4],[0.0016274836852772027,0.0033827039765982996,0.0026821355082616927,1.0,0.0010642613420888012,0.0012412979287592862,0.002798887460942709,0.0028982424035607075,0.0038181740991085097,0.004802209448657234,0.0012919602714612905,0.0038597106869104384,0.00519000095315436,0.001849773078332254,0.0010140605486454158,0.004787136910771182,0.01332846552029925,3.9104037427863163E-4,0.0028256780551840378,7.590941009169377E-4,0.001390679903869486,0.006697991268296804,1.8719342626050185E-4,0.00410199469035376,0.004564397283498346,0.021842822816859696,0.005118896594469838,0.0038690032080916066,0.00516415507761921,0.003957659764775678,0.004990261057001705,0.0041584211496904985,3.476414740156297E-4,0.0033959777516847436,3.4318033667953137E-4,0.0011828496045365872,0.0011566189537893878,0.005029866407381107,0.0030372441761632816,0.0028577424561506337,0.0044268551938095235,0.010672255718623905,6.241632470034042E-4,0.001974914515456267,0.004318932509521403,0.0020558119822511106,0.0030863381232616163,0.004347518809269082,0.004750849037374938,0.007856774314352902,0.004821270854942384,0.004221289440215768,0.004803036385130379,0.00568932738495436,0.008423350189302669,0.004895519322471605,0.001435800694659373,0.005675601483279562,0.0043907731642702464],[2.6106330963380543E-4,5.141288609082121E-4,9.849311006551696E-4,0.0010642613420888012,1.0,1.1361449010402721E-4,2.824455951302075E-5,1.2498569923018258E-4,6.015986796364852E-4,2.0646488691153027E-5,2.0520045463743138E-4,7.585514214022255E-5,0.002660552647621651,2.678861960698835E-5,2.372472162328071E-5,2.0482432270675565E-5,0.01441322365741646,4.935346091067221E-5,0.0015129043436309206,2.560946250967963E-5,8.943842226147824E-4,0.006523427545817354,9.296955646457652E-5,1.3518440897365003E-4,0.001529372188684055,0.01813371507233914,2.820316744506912E-5,3.0031393546426776E-4,0.002385079917965304,8.972159057418962E-4,0.004054208394423142,2.698084134478842E-4,6.923493580341495E-5,4.922359379988901E-4,2.8985228120005132E-5,6.473392375044362E-5,1.1060488307401239E-4,3.473558172398523E-4,1.3411720581901212E-5,1.5700540483336385E-4,1.5310766327018004E-5,0.001010863385867545,3.2358263420132737E-5,4.3313921929408165E-5,2.3212484475961803E-4,2.563983374031282E-5,0.0015963874741393214,0.0018328644740316113,0.0017693594773939233,0.003977340364301094,1.4362033384252086E-4,4.0471999642646084E-5,0.003386164589808902,3.099462394441801E-4,0.013372331806132053,2.8777725753882334E-5,8.61457955513579E-5,0.0013275482721801606,1.541185805566434E-5],[3.185664214202527E-4,6.949707295080381E-4,4.527997853590645E-4,0.0012412979287592862,1.1361449010402721E-4,1.0,1.8259904754538197E-4,1.969402280741758E-4,4.1406995919135333E-4,1.0328515732029664E-4,2.464684471775043E-4,2.579626650281987E-4,0.0034621851059020545,6.681227918554236E-5,6.148169230831261E-5,2.146983369075632E-4,0.005912068083750215,1.3323748971339107E-4,8.516856459823115E-4,2.818774435808549E-4,6.281855306354046E-4,0.0035786971289268367,1.4558882387105042E-4,3.7034853977741276E-4,0.0014649659647277538,0.005550470030595318,2.774737448506895E-4,3.22433994033664E-4,0.002432900061274866,5.670065257497573E-4,4.154629214727384E-4,3.50196259241022E-4,2.924711466432884E-4,3.392009854942031E-4,1.2405717079010012E-4,1.6568770521387487E-4,1.5224478319285638E-4,3.9601452807417286E-4,3.1277194932769403E-4,0.001605938936580439,1.6548229754544263E-4,0.007958257590675423,2.9759070742875823E-4,2.4785476160613134E-4,3.344839218603549E-4,2.865106238284365E-4,0.001886314488746244,8.843624305505892E-4,5.199277252159546E-4,0.0030240960507041193,7.244888786385152E-4,3.105146942184087E-4,0.0033581815814986322,0.002545886943234969,0.006645684484076759,1.6693579404309915E-4,2.278432210609748E-4,0.002404227667469032,2.737638316863403E-4],[1.3813862925624634E-4,8.510756169582539E-4,1.5484114526355573E-4,0.002798887460942709,2.824455951302075E-5,1.8259904754538197E-4,1.0,1.0159217820334202E-4,4.263339712174303E-4,1.5732523814352538E-5,1.652654739272573E-4,5.3697256403216304E-5,3.3118599668581435E-4,2.80733989589881E-5,2.8058289167097664E-5,1.2392575999100268E-5,0.013830634487240784,3.529216262094192E-5,0.002639321735270622,2.824472142202499E-5,6.612610549027782E-4,0.0064380381275524,5.3885620681015634E-5,0.0010882062104627054,8.331943252363939E-4,0.007014188035794069,2.882619840972475E-5,2.845479900732342E-4,0.0014924013510936994,1.4247928325878152E-4,0.0045894469728259574,2.954587939162037E-4,6.0229005747086904E-5,1.9518672595410103E-4,3.560282088602252E-5,6.199405543607126E-5,6.924288413947763E-5,9.704050679747392E-5,2.5489199325553194E-5,0.0018792908092923463,3.0399383373227876E-5,0.007336501091356219,3.2584757902683096E-5,1.2979985302620067E-4,2.3253163982932322E-4,3.3616729208915485E-5,4.291120920130913E-5,2.4409098159135665E-4,0.0023891674952991604,0.009143562052029257,9.428235285688264E-4,4.2433861633029504E-5,0.0021717900325706847,2.835987650965821E-4,0.01718848174023366,3.2766410117693506E-5,8.863892045861296E-5,0.0015880775866543048,1.5410746927486228E-5],[2.9016326910418844E-4,3.2367179905767033E-4,0.0013418254610119802,0.0028982424035607075,1.2498569923018258E-4,1.969402280741758E-4,1.0159217820334202E-4,1.0,4.888487133974735E-4,7.399567811714341E-5,1.6957989106441607E-4,1.2295813657994117E-4,0.006739794741658107,4.33975282407104E-5,7.096766420704188E-5,6.90952825192919E-5,0.0038968101069786214,1.306636505186642E-4,0.00268802447598996,8.094922627283815E-5,2.5343806967552136E-4,0.005452751220012485,1.3231846448863687E-4,3.9630949550157615E-4,2.8203825713812755E-4,0.0053569603489755455,9.440305043512779E-5,2.779777909629403E-4,8.753242048997668E-4,6.36815028866715E-4,0.00412748555905703,3.353715610075161E-4,1.3184096136951837E-4,2.5174233645738013E-4,8.921904954549973E-5,1.3439992737452607E-4,1.259703002617317E-4,4.036169889532295E-4,1.1961998359580876E-4,0.0012330421417864204,6.075953406303278E-5,0.0027865363029593968,9.63036966392648E-5,1.499708780400559E-4,2.973111769212782E-4,4.8185724740514916E-5,1.969430170252126E-4,0.0017742374568750926,0.0016218007548227545,0.00753299787640088,0.0010988185786612577,1.4046401085574605E-4,0.0027048873046187586,0.009047277871548621,0.004907181891923144,1.0368022146133859E-4,1.0647641428266659E-4,0.0058101738494137625,8.677446492665365E-5],[5.103582911567579E-4,7.845248000392469E-4,0.0017337037868791645,0.0038181740991085097,6.015986796364852E-4,4.1406995919135333E-4,4.263339712174303E-4,4.888487133974735E-4,1.0,9.608212867936391E-5,2.764063288496148E-4,3.2905062386295945E-4,0.0020110640576284857,2.4193457909126492E-4,5.353827843337225E-4,4.3701791960076566E-5,0.015674800307402915,5.799294894682156E-4,0.002122530877097224,5.186421691122744E-4,0.0011323053499526269,0.0019484746525646323,3.9832877285834843E-4,9.450343426302565E-4,9.859024512097808E-4,0.009530415276470881,3.8564574786841303E-4,3.2999065512294244E-4,0.0016389325588569426,8.171633724819651E-4,0.0037431068472208446,5.668505043889145E-4,5.767618373399494E-4,5.80743238106034E-4,1.5715585655500834E-4,5.739307737485088E-4,3.5772762096783614E-4,5.076658328909726E-4,8.790095826947796E-5,0.0016602929603528487,2.142251938680276E-4,0.008968333425434034,5.469716505797245E-4,3.435001950990182E-4,3.9657525262370183E-4,5.653629903920177E-5,0.001499411297827252,0.0015146035444166207,0.002221742532947473,0.00922604121388761,8.705714673265494E-4,4.795124329992017E-4,0.003281581955024426,0.01006849541679283,0.008949912831039651,2.807824251064246E-4,1.5197335499111082E-4,0.0036238949909468427,1.528705731653278E-4],[2.1162488558849727E-4,2.9758500313236823E-4,6.863731911008962E-4,0.004802209448657234,2.0646488691153027E-5,1.0328515732029664E-4,1.5732523814352538E-5,7.399567811714341E-5,9.608212867936391E-5,1.0,8.684023379258149E-5,7.104424144697233E-5,1.6271401841282103E-5,2.4477776501205948E-5,1.060819647060857E-5,1.1787173908881295E-5,0.007086739706052395,5.354868176914433E-5,0.001447490688596385,1.2187939153977922E-5,9.24550265157325E-4,9.210332098109914E-5,9.155277250621315E-5,1.8396093777109436E-4,2.66666231491803E-4,0.014207894420342915,2.1737711250419054E-5,2.7608751470673996E-4,2.1180048874623304E-4,6.985916739446398E-4,0.0020703847667093377,3.517738927223601E-4,7.343403795485867E-5,4.490673219694067E-4,1.872795440752248E-5,4.773234534501748E-5,8.164107501265243E-5,4.06714701411633E-4,1.2192557901264008E-5,5.121140964065388E-4,1.1762340435177992E-5,0.0030430424122267715,1.851258438625745E-5,3.166762199655049E-5,1.3410257662165983E-4,1.5990945390433768E-5,0.001980370436680955,0.001737575091866416,0.0024899845560908567,0.006049804300234034,5.074413869113551E-4,6.199563217037663E-5,0.002673816554066958,0.009389851375458481,0.005137211474146335,1.770377876161214E-5,1.7080082930056992E-5,1.8268554097280405E-4,1.200315097435308E-5],[2.9983573773965764E-4,5.76248306254981E-4,0.001528092812794478,0.0012919602714612905,2.0520045463743138E-4,2.464684471775043E-4,1.652654739272573E-4,1.6957989106441607E-4,2.764063288496148E-4,8.684023379258149E-5,1.0,2.1611999414099264E-4,0.0063735140243612156,9.329716584491763E-5,1.9210518271759448E-4,1.0399218943525008E-4,0.008889822454763451,1.918746073394599E-4,0.0011324209470881111,1.4560980433046938E-4,4.2139286811047286E-4,0.0023771816190497276,1.7150921209869307E-4,6.49876356509642E-4,0.0015200533878083878,0.018724049876353666,1.1942636107329925E-4,2.2558344138447371E-4,0.0010383185588319634,2.6034919009322366E-4,0.002544670725450956,2.2816250819232583E-4,1.818336889449716E-4,4.469493243906342E-4,1.7800861312317062E-4,1.6456400887372057E-4,1.608637742327398E-4,4.0521044859110635E-4,1.4034571567020875E-4,0.0012824920540893663,1.0960690912598355E-4,0.010347099723904487,1.548252784621614E-4,1.9082366745268737E-4,3.3450575391885467E-4,1.7725037269373866E-4,0.0022975851219237367,0.0017626607789297105,7.518685285250403E-4,0.0015624451312676675,2.9937182388845935E-4,1.6839693061352728E-4,0.002339864444644194,0.0011811288491235658,0.013269142575114516,1.939039660081842E-4,1.6510166774081307E-4,0.004075084588899726,7.373701635455343E-5],[3.126071421796794E-4,4.24348269944936E-4,6.654895213596153E-4,0.0038597106869104384,7.585514214022255E-5,2.579626650281987E-4,5.3697256403216304E-5,1.2295813657994117E-4,3.2905062386295945E-4,7.104424144697233E-5,2.1611999414099264E-4,1.0,0.0035984102096064774,3.798596898310113E-5,4.815205966755999E-5,3.1778324041769315E-5,0.009439513986790339,1.0550480133386165E-4,0.0026056791791202066,3.7223127595603346E-5,0.0011092504295618056,0.005200409695455005,1.1657315696478279E-4,8.941439847480415E-4,0.0012855472976652307,0.013583546134212435,6.990559394272259E-5,1.900111629490443E-4,0.0023755322702967425,2.422598570381169E-4,5.368366446771081E-4,3.499909779796911E-4,1.0702459106925133E-4,4.925017322127721E-4,4.534158279623325E-5,1.1494995426025821E-4,1.2074240914157253E-4,4.1812430619439197E-4,2.1978852662514934E-5,1.0487188050212071E-4,3.459877853919279E-5,0.00693995966116701,3.5536216154781994E-5,1.4905980663726067E-4,1.0342029989239162E-4,5.2927356619608427E-5,7.511629466558559E-4,1.660988009555883E-4,8.816790545829337E-4,0.009933886681838934,3.5494172690808315E-4,1.007614537828633E-4,0.002502157158867423,0.009520719161144827,0.0013247890824419411,3.993305015416458E-5,1.025157184531631E-4,5.60855057964914E-4,6.449392557903305E-5],[0.00486231896092521,0.004615769250370128,0.007848790378176904,0.00519000095315436,0.002660552647621651,0.0034621851059020545,3.3118599668581435E-4,0.006739794741658107,0.0020110640576284857,1.6271401841282103E-5,0.0063735140243612156,0.0035984102096064774,1.0,0.003990571470131464,0.006330565865191018,0.0029013204643575474,0.016865573728773585,0.004777399680666147,0.0034001335909732925,0.0045534074200816775,0.00473939699103522,0.007998203257618911,0.0022868587674109314,0.005591020647789464,0.008005500515794952,0.009664191354548818,0.00637401069276016,0.0017326673905485308,0.005087273645527266,0.0065366708910586,0.005692759164358221,9.034721900140405E-4,2.986095757329091E-4,0.005219342240202841,0.006633075976160728,0.0013861735096731024,0.0019444648486160129,0.003818804685293246,0.0011963421018554986,0.006789684713473996,0.003982066399945954,0.009783185116687129,0.0019005630445615787,0.005738386863227705,0.007366324195786958,0.00575406796915767,0.008007146233255954,0.006758685411750112,0.004186312222974866,0.008256044216361894,0.004670017372355562,0.0034359155072382847,0.008162572295981073,0.010821545920877626,0.01859103265883928,0.00578570252558997,0.004911550699352379,0.0073536610416471,0.0021121760190951537],[5.592509778140827E-5,7.619145550486248E-4,7.131608717307157E-4,0.001849773078332254,2.678861960698835E-5,6.681227918554236E-5,2.80733989589881E-5,4.33975282407104E-5,2.4193457909126492E-4,2.4477776501205948E-5,9.329716584491763E-5,3.798596898310113E-5,0.003990571470131464,1.0,2.526609394956094E-5,2.409665571614356E-5,0.006762833934355412,9.305075120209807E-5,0.0011537674439466717,2.0884289714085965E-5,4.3389174203778007E-4,0.0032236429833625516,2.8950779670362623E-5,8.87421639086078E-4,0.0012408331372295255,0.004309233017026561,2.784139030847521E-5,4.973189958268182E-5,0.0022902356786033435,4.766960344052954E-4,1.3471217305578042E-4,2.758972146537406E-5,7.252343701456495E-5,1.5139690604305616E-4,3.444704382655936E-5,9.634633734285366E-5,1.1774924784205027E-4,4.1011987920882756E-4,1.572548056485503E-5,9.344896707461505E-4,1.8831154217544127E-5,0.008427118695018285,3.0360795630445568E-5,4.079817477945493E-5,2.915649836045674E-4,2.609836101209145E-5,0.0023801660059187928,0.002545396945131589,3.063726936839127E-4,0.004393156338856853,2.0687288057298596E-4,1.3887454189898937E-4,0.0019349798721190635,0.005678021435865783,0.011445468065757414,2.935650973469213E-5,1.0355604682150778E-4,0.0032276981551503975,1.946010957944851E-5],[1.5794932235049162E-4,4.932500582896773E-4,0.00174537032554732,0.0010140605486454158,2.372472162328071E-5,6.148169230831261E-5,2.8058289167097664E-5,7.096766420704188E-5,5.353827843337225E-4,1.060819647060857E-5,1.9210518271759448E-4,4.815205966755999E-5,0.006330565865191018,2.526609394956094E-5,1.0,1.09737850857061E-5,0.012780083079255057,2.3932276762240032E-5,0.0014893315580470745,1.4840872980936438E-5,7.212311919311743E-4,0.005360683533175998,1.599966572957638E-5,0.0012290137273441707,0.0012712293177517956,6.046585152251372E-4,2.6010222761061113E-5,2.0993175041016213E-4,0.0010269633149495114,7.70473948882117E-4,0.004664711809036096,3.4924276825923036E-4,4.13760277615143E-5,1.9525114281826683E-4,2.5630970711726248E-5,1.0486524144280265E-4,5.4258167237925176E-5,3.6247255052822985E-4,1.2247509428256936E-5,6.588119689230306E-4,1.0958199986212031E-5,0.007777262849397252,2.8109279266435516E-5,3.740850021970475E-5,1.4707171288871074E-4,1.804330225451654E-5,0.001260804563392152,8.690404822067975E-4,0.001221717428422408,0.005452536266946953,0.0011976957546657623,2.858160358394219E-5,0.002758356260796968,3.7470488401709836E-4,0.012517421101625636,1.2627498824605285E-5,4.861542728155694E-5,0.001968667813458874,1.078803998597423E-5],[3.0924017785800885E-5,8.69796897997235E-4,7.528214081113466E-4,0.004787136910771182,2.0482432270675565E-5,2.146983369075632E-4,1.2392575999100268E-5,6.90952825192919E-5,4.3701791960076566E-5,1.1787173908881295E-5,1.0399218943525008E-4,3.1778324041769315E-5,0.0029013204643575474,2.409665571614356E-5,1.09737850857061E-5,1.0,0.01607003327731744,6.271888041873445E-5,3.18661289399923E-4,1.669400954072535E-5,3.378774676349169E-4,0.004583991435553122,1.4785110039888903E-5,9.500780504421898E-4,6.407224878606354E-4,0.007146108777255985,2.616649299762929E-5,2.577855914650699E-4,0.0011667927504516557,6.393584293164148E-4,0.0026089720605720545,1.1027611398708045E-4,2.191747004624352E-5,4.157149056908928E-4,3.1974067738994416E-5,4.6881506841339644E-5,8.017009123860758E-5,2.5416644080600764E-4,1.2336042178221724E-5,0.0013267879833688521,1.1269041211352829E-5,0.008635848209916544,1.3476845940719078E-5,3.275121785105398E-5,2.6263397234872646E-4,1.2056333011185057E-5,0.001737099878448592,0.0010485745100597948,2.992734624871798E-4,0.00888556729238181,0.0010700099038315077,1.0583522601137683E-4,0.00203101285049239,0.003751495789512189,0.001227527650246905,2.4730169956667963E-5,7.026914530337048E-5,0.006041445795577858,1.1641055904342888E-5],[0.012602688873002,0.004831204843817102,0.005550099246173321,0.01332846552029925,0.01441322365741646,0.005912068083750215,0.013830634487240784,0.0038968101069786214,0.015674800307402915,0.007086739706052395,0.008889822454763451,0.009439513986790339,0.016865573728773585,0.006762833934355412,0.012780083079255057,0.01607003327731744,1.0,0.014399715704947708,0.018513027897768125,0.01496549260721116,0.009362215327028857,0.015474288561643429,0.010609285595345769,0.008044316614702568,0.00905947395846088,0.02247369341597003,0.013749585623965124,0.008057012538955513,0.012694046900905382,0.013226500080860217,0.0107273546671188,0.0169613291279548,0.017438487895989042,9.924106666668502E-4,0.014812841583416685,0.0038827224857138545,0.01630511257481251,0.012301797571317444,0.011036015629822942,0.014536525660247816,0.012936705300954747,0.018970845432646793,0.00803583014925632,0.010509288372812021,0.009216439629367199,0.005759087663486986,0.013479708146389094,0.018918687474338954,0.0055456237731181385,0.013433352522528901,0.016581841058042404,0.005939299993467553,0.00977958234646738,0.013273731168640739,0.018958145813305228,0.015122723681785808,0.01578895928117439,0.006183376822980815,0.0024559579643531814],[2.7056099003951433E-4,8.7372486143761E-4,0.0011261388832347972,3.9104037427863163E-4,4.935346091067221E-5,1.3323748971339107E-4,3.529216262094192E-5,1.306636505186642E-4,5.799294894682156E-4,5.354868176914433E-5,1.918746073394599E-4,1.0550480133386165E-4,0.004777399680666147,9.305075120209807E-5,2.3932276762240032E-5,6.271888041873445E-5,0.014399715704947708,1.0,8.026443832095483E-4,1.0134172086124326E-4,6.263189527842914E-4,0.0013952666598145138,1.1932126987123531E-4,1.8067244754135258E-4,1.9993847021271938E-4,0.021319462862941847,3.8481140237749866E-5,2.637750540864021E-4,0.0016478133335297315,0.001101244525052938,0.0033051748222915037,1.258111611487276E-4,1.2113566984602066E-4,4.4356575146928647E-4,5.567251777513587E-5,1.2332056534137515E-4,1.229360351217648E-4,1.66150042356881E-4,1.1023427659221008E-4,2.665041943096275E-4,4.236943947986877E-5,0.00898826346540794,1.0539926757558685E-4,1.4631252199272883E-4,1.7149820221498143E-4,6.702223241449661E-5,6.037158673029967E-4,0.0026058265421078516,1.3204688507832132E-4,0.008660942608917942,5.706883624402643E-4,1.2409311172602083E-4,0.0022138459056257518,0.004929053362189208,0.0029855489607332067,8.652623822531425E-5,1.1821725709358118E-4,0.0029691795216310757,4.641712805195933E-5],[0.0019083920267660864,0.001456488315736138,0.0023684628226179395,0.0028256780551840378,0.0015129043436309206,8.516856459823115E-4,0.002639321735270622,0.00268802447598996,0.002122530877097224,0.001447490688596385,0.0011324209470881111,0.0026056791791202066,0.0034001335909732925,0.0011537674439466717,0.0014893315580470745,3.18661289399923E-4,0.018513027897768125,8.026443832095483E-4,1.0,0.001908423035542223,0.002452459285632059,0.005137007369615734,0.0020617197970525525,0.0026917222292999407,0.002029783673402263,0.007749519528888419,7.174229188575224E-5,0.0026732020104894036,0.002691702916922763,0.0014654948892467387,0.0035716624514190933,0.0018743632166098238,0.0011979100691854143,0.0015914899571673458,0.0011881284447890805,3.9770039585027895E-4,8.113271098375684E-4,0.0024511682545299658,3.840793401995392E-5,0.002098530570620279,5.656050914738379E-4,0.00794205998678478,8.091249089375119E-4,0.0012100980848574708,0.0024033280457067914,0.0014080927851220558,0.0024510628525863417,0.0028092362119950184,0.002649185559023602,0.0040717902925091224,0.001976737789588874,0.0021763581428526665,0.0033793361271919594,0.0038094826491682186,0.00676627087339666,0.0016205885030753963,0.0024906689436045492,0.005064046500545347,0.00231926474467297],[2.9598564614844483E-4,8.471499416279458E-4,0.0018920248649717721,7.590941009169377E-4,2.560946250967963E-5,2.818774435808549E-4,2.824472142202499E-5,8.094922627283815E-5,5.186421691122744E-4,1.2187939153977922E-5,1.4560980433046938E-4,3.7223127595603346E-5,0.0045534074200816775,2.0884289714085965E-5,1.4840872980936438E-5,1.669400954072535E-5,0.01496549260721116,1.0134172086124326E-4,0.001908423035542223,1.0,0.0010866631257497646,0.003334320389684649,8.289613083849123E-5,5.626289822538213E-4,2.286632050701649E-4,0.008204594657657598,2.1743705416755975E-5,2.2593906023072482E-4,3.964839867475623E-4,5.273994112822445E-4,1.108309850578843E-4,1.5881589136484741E-4,6.713618513092963E-5,4.761522637684824E-4,2.1586152843350138E-5,3.728624152268572E-5,2.7722656848723507E-5,1.874628709313045E-4,1.6620133310951664E-5,0.0011425788050072909,1.234049873510942E-5,0.008267768221748772,3.026990717164111E-5,1.0145803089255536E-4,3.5701715905239127E-4,1.974652968156466E-5,8.915114850593286E-4,0.0017520089965980276,4.891949184992691E-4,0.00807866510848405,2.4567405048493154E-4,8.060635730482073E-5,0.002740359858214487,0.0015298819834314464,0.004394720434915603,2.486782429418574E-5,7.646030757373666E-5,0.004917305792993828,1.4807333284269536E-5],[9.876512472551796E-4,0.0010525338542122795,0.0017573604061103718,0.001390679903869486,8.943842226147824E-4,6.281855306354046E-4,6.612610549027782E-4,2.5343806967552136E-4,0.0011323053499526269,9.24550265157325E-4,4.2139286811047286E-4,0.0011092504295618056,0.00473939699103522,4.3389174203778007E-4,7.212311919311743E-4,3.378774676349169E-4,0.009362215327028857,6.263189527842914E-4,0.002452459285632059,0.0010866631257497646,1.0,0.00546967220272011,8.00723099345156E-4,0.001207560908071561,0.0013883099718067626,0.012451259313025818,3.071831512907895E-4,0.001082040280671675,0.0021393806481434627,0.001135262255528118,0.0035052064064932456,8.415543477036678E-4,6.671649540522612E-4,5.470165940447614E-4,7.368186791375866E-4,9.323619184298747E-4,7.485088883353299E-4,5.1981008879329E-4,9.431980017614827E-4,0.0015919809446389172,5.768452884274263E-4,0.0049431185847473675,2.522335104345031E-4,4.0118107501778617E-4,0.001133080152690603,5.818875742101008E-4,0.0018300930454603047,0.001676298454850306,0.001795065455291342,0.00848424134872796,0.0011483689875863678,2.1056401520517924E-4,0.002900350725021267,0.010199294626325614,0.01266180759378297,9.149055102836395E-4,8.080269936189841E-4,0.003959737454359848,4.481252441138071E-4],[0.0024518975895906916,0.0037002783203948634,0.006755491234160721,0.006697991268296804,0.006523427545817354,0.0035786971289268367,0.0064380381275524,0.005452751220012485,0.0019484746525646323,9.210332098109914E-5,0.0023771816190497276,0.005200409695455005,0.007998203257618911,0.0032236429833625516,0.005360683533175998,0.004583991435553122,0.015474288561643429,0.0013952666598145138,0.005137007369615734,0.003334320389684649,0.00546967220272011,1.0,0.006168075330936995,0.003946877764412552,0.005066435058669952,0.016946638886512773,0.0032629865202533723,0.004568927146813494,0.006448751054121463,0.0016106887437193759,0.005037672283737168,8.456996312241687E-4,0.005533840918776978,0.005513478750622438,0.0014128880376318663,4.499049926084201E-4,0.006122423659033734,0.0015259753108604326,0.0025934679941396472,0.002335467977876792,0.002292290462788327,0.009265604550121452,0.006398067390506923,0.002460576623290962,0.0017160809656523734,0.006889304650711403,0.005425653798485692,0.00440594685718184,0.0031964793080148787,0.008190451542466715,0.006384887451992256,4.0516131029026464E-4,0.005203926250586145,0.009579052705182809,0.008725314577834506,0.007035335729947183,0.005276275947606039,0.006711701352772357,3.165020939274472E-4],[2.447952560492337E-4,6.980188704124612E-4,0.0012317298553929578,1.8719342626050185E-4,9.296955646457652E-5,1.4558882387105042E-4,5.3885620681015634E-5,1.3231846448863687E-4,3.9832877285834843E-4,9.155277250621315E-5,1.7150921209869307E-4,1.1657315696478279E-4,0.0022868587674109314,2.8950779670362623E-5,1.599966572957638E-5,1.4785110039888903E-5,0.010609285595345769,1.1932126987123531E-4,0.0020617197970525525,8.289613083849123E-5,8.00723099345156E-4,0.006168075330936995,1.0,9.445924575033377E-4,2.27099868255855E-4,0.01507856426458701,8.625449828874505E-5,3.0366410420525986E-4,8.169141527701921E-4,0.0010521857964345153,6.348960061788411E-4,3.522238764737728E-4,1.1635975816671164E-4,4.919020765273501E-4,1.1072999513111427E-4,1.2160202147590533E-4,1.2381058863190203E-4,1.7707206481814728E-4,3.135474796977876E-5,0.0013719308683267052,8.005516329853603E-5,0.01002208683507998,5.760914182177414E-5,1.3649824713812226E-4,2.3491222072098274E-4,5.754813219369307E-5,5.878483610777189E-4,0.002738858291044083,0.0012669210207960605,0.0036216851745576985,7.849307816343964E-4,1.1998411977284397E-4,0.0028171673024529947,2.832134069589853E-4,0.007362421442177983,3.167976546740511E-5,1.1175382848816966E-4,0.004432283218815746,1.1220224632571274E-4],[8.913582862005495E-4,9.700439417242836E-4,0.001258429330456701,0.00410199469035376,1.3518440897365003E-4,3.7034853977741276E-4,0.0010882062104627054,3.9630949550157615E-4,9.450343426302565E-4,1.8396093777109436E-4,6.49876356509642E-4,8.941439847480415E-4,0.005591020647789464,8.87421639086078E-4,0.0012290137273441707,9.500780504421898E-4,0.008044316614702568,1.8067244754135258E-4,0.0026917222292999407,5.626289822538213E-4,0.001207560908071561,0.003946877764412552,9.445924575033377E-4,1.0,0.001551532773615373,0.012245876348099483,9.758294490642642E-4,7.468642681993927E-4,0.002387541605102163,0.0012173689082856328,0.004719152032712155,5.448299904345114E-4,0.001190360407622631,0.0010254889369796523,0.0010631791440408038,6.364369439311215E-4,5.501830398884108E-4,0.001016629941516931,0.0011912782745148376,0.0013278171647142186,1.4561648820258269E-4,0.008349740556968788,8.823856948992346E-4,5.054872146007673E-4,5.480736868089902E-4,2.581193386477196E-4,0.0023640428826121112,0.0016759686597322483,0.00210531995173822,0.0059568859312253645,0.0012308836765279794,6.704874540865863E-4,0.002504483350779029,0.006170515630867707,0.012519098533817353,4.8159764409001337E-4,0.0011711609795720481,0.004719023798178555,9.82229772976415E-4],[0.0015112748186964708,0.0015620643211022847,0.0018825206426484756,0.004564397283498346,0.001529372188684055,0.0014649659647277538,8.331943252363939E-4,2.8203825713812755E-4,9.859024512097808E-4,2.66666231491803E-4,0.0015200533878083878,0.0012855472976652307,0.008005500515794952,0.0012408331372295255,0.0012712293177517956,6.407224878606354E-4,0.00905947395846088,1.9993847021271938E-4,0.002029783673402263,2.286632050701649E-4,0.0013883099718067626,0.005066435058669952,2.27099868255855E-4,0.001551532773615373,1.0,0.01038730208396069,0.0015818456700190933,0.0013732848704670652,0.0021010397945362583,0.0011287633031166603,0.0037640712643828853,0.0014151357325504453,8.207017034122097E-4,0.0010748180620372746,2.4426799064583235E-4,0.0012644873934639406,0.00121065692704313,6.511436563671586E-4,5.901662259948187E-4,0.001769627321312876,2.1151219208677852E-4,0.010375067849213628,8.870826211956941E-5,0.001630462927189876,6.480586833144209E-4,6.492534255967681E-4,0.002350128258879311,0.002787391949512614,0.0018618059087514049,0.007264947624122627,0.0012758667353003836,0.0011859254520226483,0.002721916207924469,0.009240263012309067,0.008918191568573772,5.801485252001626E-4,6.577286138243647E-4,0.005504939850508674,4.5739635766417735E-4],[6.512323923999809E-4,0.019101058752936353,0.004494928692301727,0.021842822816859696,0.01813371507233914,0.005550470030595318,0.007014188035794069,0.0053569603489755455,0.009530415276470881,0.014207894420342915,0.018724049876353666,0.013583546134212435,0.009664191354548818,0.004309233017026561,6.046585152251372E-4,0.007146108777255985,0.02247369341597003,0.021319462862941847,0.007749519528888419,0.008204594657657598,0.012451259313025818,0.016946638886512773,0.01507856426458701,0.012245876348099483,0.01038730208396069,1.0,0.013230961691521563,8.171926473617159E-4,0.015435455935850145,0.021077680430660065,0.01998308893531714,0.010534319810189688,0.01520588448136281,0.006291871821629778,0.01022308362589943,0.021737066552765725,0.023028488793778782,0.017457327098486367,0.017753624787833665,0.010271942458816503,0.01697968892988165,0.01997011007209659,0.004123743454979128,0.0057236699327720105,0.01568733893869211,0.005930699605374513,0.008138354963398386,0.004028453693967023,0.019830524568447357,0.011552081973193006,0.003811084107593359,0.013904435770223971,0.006261234944994061,0.01950496248071099,0.02152688777679772,0.022540917410322325,0.017781534083005503,0.012353685895023522,0.02135408830039925],[1.3948198574103527E-4,3.741852557497686E-4,0.0016442319145444962,0.005118896594469838,2.820316744506912E-5,2.774737448506895E-4,2.882619840972475E-5,9.440305043512779E-5,3.8564574786841303E-4,2.1737711250419054E-5,1.1942636107329925E-4,6.990559394272259E-5,0.00637401069276016,2.784139030847521E-5,2.6010222761061113E-5,2.616649299762929E-5,0.013749585623965124,3.8481140237749866E-5,7.174229188575224E-5,2.1743705416755975E-5,3.071831512907895E-4,0.0032629865202533723,8.625449828874505E-5,9.758294490642642E-4,0.0015818456700190933,0.013230961691521563,1.0,2.726822036544152E-4,7.57765336128549E-4,1.16200444175453E-4,2.4013795008736498E-4,9.191950401666578E-5,1.0786702285381609E-4,5.085270218019162E-4,3.236966295660254E-5,5.1322561991809894E-5,9.357500417825191E-5,5.329888664712652E-5,2.6608993708703322E-5,0.0012709881776483843,2.6378681173819753E-5,0.01117971233987874,2.9014538919623863E-5,6.134072145979175E-5,3.1864952778896044E-4,2.4595549411684253E-5,6.253815716543014E-4,0.0025006440699628825,0.0022693240071958447,6.615018793759769E-5,6.304762670624114E-4,6.996114643249721E-5,0.003412488657411033,0.010256965174850802,0.015590946829391529,2.9311153814285132E-5,4.8096380216142684E-5,0.001899908628007796,2.112672578912536E-5],[3.2190584960570923E-4,7.481764950641215E-4,0.0014165949443211753,0.0038690032080916066,3.0031393546426776E-4,3.22433994033664E-4,2.845479900732342E-4,2.779777909629403E-4,3.2999065512294244E-4,2.7608751470673996E-4,2.2558344138447371E-4,1.900111629490443E-4,0.0017326673905485308,4.973189958268182E-5,2.0993175041016213E-4,2.577855914650699E-4,0.008057012538955513,2.637750540864021E-4,0.0026732020104894036,2.2593906023072482E-4,0.001082040280671675,0.004568927146813494,3.0366410420525986E-4,7.468642681993927E-4,0.0013732848704670652,8.171926473617159E-4,2.726822036544152E-4,1.0,0.0011586062779375284,0.0010106834956085803,0.003482049637779271,3.5782544390933007E-4,1.924245773309108E-4,4.365815194551515E-4,2.0979213991149156E-4,2.0274129225776214E-4,1.9943249310536894E-4,3.2680897612351583E-4,5.621179141757864E-5,0.0016386103182764531,2.894092393696898E-4,0.003389813380989775,1.5344343805039727E-4,1.731061782732113E-4,3.7320141320441354E-4,1.1831520175801739E-4,0.001811733142605651,4.103003211780637E-4,0.002437330180804001,9.99829696873826E-4,0.001150576365581194,2.754224844746443E-4,0.001991902799044921,0.003558411746546166,0.015942115183825933,2.0992719596277243E-4,1.322268571024882E-4,0.002769833145534382,1.2339089886610836E-4],[3.744986935202185E-4,0.0010836324049590816,0.0023350693472137473,0.00516415507761921,0.002385079917965304,0.002432900061274866,0.0014924013510936994,8.753242048997668E-4,0.0016389325588569426,2.1180048874623304E-4,0.0010383185588319634,0.0023755322702967425,0.005087273645527266,0.0022902356786033435,0.0010269633149495114,0.0011667927504516557,0.012694046900905382,0.0016478133335297315,0.002691702916922763,3.964839867475623E-4,0.0021393806481434627,0.006448751054121463,8.169141527701921E-4,0.002387541605102163,0.0021010397945362583,0.015435455935850145,7.57765336128549E-4,0.0011586062779375284,1.0,0.001760579415210095,0.0026148546402077933,0.001754534282315869,0.0012996953763916323,0.0016724055710474184,0.002046055222049751,8.010235895487542E-4,0.0013175082084713704,0.00245935980307753,2.9573355713285055E-4,0.0020128276817292256,3.0089861900381524E-4,0.007018025302466948,0.0022118335847878326,0.0010764179659429212,6.899749231928703E-4,8.76310539361227E-4,0.0024260879739774056,0.0026854169548681008,0.0025854791505817605,0.008371953425239647,0.0022544000457905026,0.0019357980390836565,0.0025225496275099097,0.010358224879462332,0.01366946042803114,0.001191155051169539,0.0010263302487011647,0.0044277248150316265,0.0016138998641253796],[8.936163601791336E-4,0.0010518174177375358,0.0017065056792426904,0.003957659764775678,8.972159057418962E-4,5.670065257497573E-4,1.4247928325878152E-4,6.36815028866715E-4,8.171633724819651E-4,6.985916739446398E-4,2.6034919009322366E-4,2.422598570381169E-4,0.0065366708910586,4.766960344052954E-4,7.70473948882117E-4,6.393584293164148E-4,0.013226500080860217,0.001101244525052938,0.0014654948892467387,5.273994112822445E-4,0.001135262255528118,0.0016106887437193759,0.0010521857964345153,0.0012173689082856328,0.0011287633031166603,0.021077680430660065,1.16200444175453E-4,0.0010106834956085803,0.001760579415210095,1.0,0.0015773702343384979,9.680580936550832E-4,3.1923769913873464E-4,5.789955851205799E-4,6.760132179727415E-4,8.707102880324961E-4,9.991530973795576E-4,7.2357101696247E-4,0.0010214693879321754,0.0016867234723555937,6.143707860655518E-4,0.0038742978960020027,8.106253177888501E-4,9.61630488327245E-4,8.318924702610563E-4,1.480658154782684E-4,0.001383925706145917,0.0027511218083258165,0.00242870899532618,0.010475130112708567,0.0011459429345612553,0.0010174301211365677,0.002249646416775522,0.0026367904227428225,0.014794395713774475,0.0010472990543419047,0.0010485998409234623,0.004525674597845089,0.0010336432478442671],[0.004158796745098353,0.003680659717995269,0.003988419583924223,0.004990261057001705,0.004054208394423142,4.154629214727384E-4,0.0045894469728259574,0.00412748555905703,0.0037431068472208446,0.0020703847667093377,0.002544670725450956,5.368366446771081E-4,0.005692759164358221,1.3471217305578042E-4,0.004664711809036096,0.0026089720605720545,0.0107273546671188,0.0033051748222915037,0.0035716624514190933,1.108309850578843E-4,0.0035052064064932456,0.005037672283737168,6.348960061788411E-4,0.004719152032712155,0.0037640712643828853,0.01998308893531714,2.4013795008736498E-4,0.003482049637779271,0.0026148546402077933,0.0015773702343384979,1.0,0.003958003996768541,0.004545514375376071,0.001989482964106027,3.32276163467551E-4,2.0864775006117702E-4,0.002999148778152306,0.004163782110151585,0.003108183334808298,0.004733178792210238,0.004456186817332058,0.008213508285558549,0.003786715631716512,6.00339038600397E-4,0.0026241798426841004,7.449767512134463E-5,0.0038938664531101112,0.0039691920095843766,0.003103354473804,0.006262529935225253,0.003061681121547406,2.6308793120762307E-4,0.0036649303448407842,0.006052378976173771,0.01373129200053584,8.549176794812767E-4,8.036028046651334E-4,0.005153941134801581,0.0012215090618484762],[3.429595862235707E-4,9.194862520660689E-4,3.6720510684306847E-4,0.0041584211496904985,2.698084134478842E-4,3.50196259241022E-4,2.954587939162037E-4,3.353715610075161E-4,5.668505043889145E-4,3.517738927223601E-4,2.2816250819232583E-4,3.499909779796911E-4,9.034721900140405E-4,2.758972146537406E-5,3.4924276825923036E-4,1.1027611398708045E-4,0.0169613291279548,1.258111611487276E-4,0.0018743632166098238,1.5881589136484741E-4,8.415543477036678E-4,8.456996312241687E-4,3.522238764737728E-4,5.448299904345114E-4,0.0014151357325504453,0.010534319810189688,9.191950401666578E-5,3.5782544390933007E-4,0.001754534282315869,9.680580936550832E-4,0.003958003996768541,1.0,3.3076887084432737E-4,4.5378068555759055E-4,3.3960069540016916E-4,1.7667302969028243E-4,3.107721442841976E-4,3.6904235396766934E-4,5.2298725281511146E-5,6.697874905967609E-4,3.183667893412922E-4,0.007102453111473348,1.4864688774283757E-4,2.4595433823361375E-4,3.738339648136365E-4,8.022861032761304E-5,0.0010286935470491592,0.002562015471181846,4.81512263524402E-4,0.007639581077382886,6.879227562533825E-4,2.72403945386489E-4,0.002930590044299894,0.0032803746637421515,0.010886498804688822,1.379611958686332E-4,1.7327521401546786E-4,0.004280301954828901,2.804998727322091E-4],[1.7532348177300784E-4,5.493329253886204E-4,3.0331755078246586E-4,3.476414740156297E-4,6.923493580341495E-5,2.924711466432884E-4,6.0229005747086904E-5,1.3184096136951837E-4,5.767618373399494E-4,7.343403795485867E-5,1.818336889449716E-4,1.0702459106925133E-4,2.986095757329