[[1.0,0.006831431868015546,0.02632651533919432,0.002791321889693009,0.007318277626080918,0.01942140963225399,0.013480776382042262,0.001981656441148944,0.021181838973132958,0.018209049671116667,0.0055534244201933276,0.02866490028352741,0.016604137280444395,0.010721545415789055,0.01357529642651245,0.016306383572415817,0.021331470290394925,0.006786812815534493,0.003928601189428418,0.0030722186914214746,0.004147027205314145,0.027252198489621685,0.019700218033580415,9.093436928964031E-4,0.00642724053084822,0.010118853857222467,0.008260463847308927,0.021666996609312504,0.025306889573134914,0.011067283334619742,0.005071682974161547,0.0021314705525681287,0.025222206127820487,0.014601426989444005,0.014205952524099213,0.00894357908023574,0.02876240005649475,0.023535643636039445,0.029480822632326358,0.024478521857647074,0.024763731513589234,0.02235217516065272,0.017599178997268664,0.028767356263364907,0.013616934049417532,0.012372460324350323,0.017343896017371033,0.015212295314143523,0.007707271523782859,0.01212992130500623,0.00835068595060572,0.01866293573235042,0.01192589409324313,0.01763812815154749,0.005872181069451343,0.029561129076255983,0.009675866600537358,0.024454587467410614],[0.006831431868015546,1.0,2.0172068748348804E-4,8.144551222709742E-4,1.8078311946932528E-4,1.5927353428280008E-4,1.6054439834823635E-4,8.848044675485771E-5,4.51349468762234E-4,1.100053321169033E-4,8.815241254072061E-5,9.8770094934655E-4,7.057145751401944E-5,5.1950031457520415E-5,5.272608239131905E-4,4.503524810380244E-5,7.31685274756775E-5,2.1081701625249206E-5,6.528140070008127E-5,5.59975987758483E-5,2.6379357904751915E-4,5.017077535187988E-5,0.01062986384559593,1.2869989495443174E-4,1.530931760454021E-4,3.760186247844772E-5,1.124607704190423E-4,0.006829884167430445,0.003397766376048191,2.1830403651965598E-4,1.0484906590053266E-4,4.413243240838181E-5,0.010835686325765474,6.93309129464007E-5,0.01133884856904576,2.6716903966422434E-5,5.685975401369601E-4,8.726284026151695E-5,0.012630053065004207,8.599754706928766E-4,4.8289888797075E-5,9.416684462669084E-4,1.0577844671138303E-4,3.788420879940128E-4,9.884793689454672E-5,8.147299153013428E-5,1.0208537837788067E-4,4.366365837712976E-5,0.0015047798204522757,5.351498470457113E-5,0.0012263674131122225,0.0011676573956291279,1.6575966096230068E-4,3.5188143456477E-4,1.323500841649687E-4,0.029586263681579583,5.868527430023683E-5,1.0886460113714288E-4],[0.02632651533919432,2.0172068748348804E-4,1.0,9.575426880023749E-4,3.8736493277243873E-4,2.074161713916572E-4,2.618231988376856E-4,1.768004961780034E-4,0.0012602793862208442,2.807954489702331E-4,1.3609101249854988E-4,0.0020404689088329834,1.6839872867812088E-4,7.987952849418173E-5,2.473939071828981E-4,1.2339029763984842E-4,1.2088028899786803E-4,1.0561594722068337E-4,2.0438658288735373E-4,1.303960573622498E-4,0.0025265367090334355,1.0790759572964803E-4,0.011063064198725254,2.0744585078811696E-4,1.7705336385527432E-4,1.88715434638844E-4,2.8884413174557204E-4,0.007431083848491698,0.002066770850405494,2.2069926351964787E-4,1.9455713140130316E-4,3.634673723665674E-5,0.008598284363367417,1.5506141569251696E-4,0.008329455517205568,1.2917223909989127E-4,2.2975820865357534E-4,1.6757508988330105E-4,0.02906061180788879,8.82166305864386E-4,1.8179585883240778E-4,0.0016221671023222432,2.0348536015412987E-4,2.60226707168543E-4,2.0593000464901398E-4,0.0012059728769575119,1.4480815822547012E-4,1.4401003727231815E-4,0.0013542414957725866,1.4105468814303701E-4,8.005112153342656E-4,0.0010644766702047619,2.2030897803897924E-4,0.0023715963579075895,1.9786427074138636E-4,0.01750414659472571,1.9707393943973274E-4,1.9313502703192912E-4],[0.002791321889693009,8.144551222709742E-4,9.575426880023749E-4,1.0,6.541041879766464E-4,6.930215950838171E-4,0.0010250465958083536,5.930965315363321E-4,0.0015635295403434097,0.0012968872362483892,0.0011637562129292196,0.010469556338600647,0.0015498772368610335,9.708449819821605E-4,0.0011137059606919789,9.509157598728086E-4,1.9196323619197E-4,6.859154379788671E-4,0.001255387982789479,4.047827000485298E-4,0.002175223471599291,3.6736401772586853E-4,0.010843071616185963,0.0013705927702312892,6.995103582994864E-4,9.142178850661748E-4,0.0010711031043727295,0.006168823054237179,0.0033360636626292234,0.0015539413848861968,7.846430837185725E-4,0.0011734256761184037,0.013532050593096716,1.96737277532373E-4,0.011571234669689371,0.0011519958813368065,0.0017640165718413696,0.0013925950701309967,0.007351932534522942,0.001282220730649656,0.0013697232512257895,0.002748842520520202,0.0010871345404920394,0.0010871071712064738,2.2516578282875363E-4,0.0016177978339285638,4.7986269253171183E-4,9.353037995640448E-4,0.0015740888136448348,6.59419578471781E-4,0.0014457298875067864,0.0018549771454193,0.0011325944474649124,0.0026681834165028185,0.001346216606276483,0.01101286963251753,3.08695479236607E-4,7.984485839798071E-4],[0.007318277626080918,1.8078311946932528E-4,3.8736493277243873E-4,6.541041879766464E-4,1.0,2.8801479195299777E-4,3.758316457858771E-4,2.752661876538966E-4,0.0011825818677105816,4.914352155355783E-4,3.7671009392085557E-4,0.005435497609909093,2.402773854981557E-4,1.3707024035601736E-4,5.72876755018498E-4,1.369129635065234E-4,3.710638577676602E-4,1.7755973295423012E-4,1.8204474037325445E-4,3.4677295896225224E-4,7.525148153270879E-4,2.4836620697590075E-4,0.01015350755271217,3.825787528080318E-4,3.3653615387109107E-4,2.1963978373120156E-4,4.090322269386552E-4,0.008096755060303398,0.005872543496289238,3.4467402345057145E-4,3.1145591508951635E-4,2.7020132026244983E-4,0.013140186717318456,3.250559322741467E-4,0.006238883529318914,2.4380565426209168E-4,0.0010715047156236203,2.98357325913887E-4,0.022510332133924806,4.451588535332769E-4,3.426887095488287E-4,0.0028757969697286623,2.7127298625775366E-4,7.432045422799609E-4,2.880696673997654E-4,4.2012910513056337E-4,3.304205642875161E-4,3.349936091396749E-4,0.001279733044342252,1.0192906149748098E-4,5.70983951118375E-4,0.0016818773104705963,3.411082484652566E-4,6.949730325636991E-4,3.093709664819446E-4,0.027986209471219096,9.527932423294028E-5,1.5065554519382344E-4],[0.01942140963225399,1.5927353428280008E-4,2.074161713916572E-4,6.930215950838171E-4,2.8801479195299777E-4,1.0,2.785211881547425E-4,1.8003247043817586E-4,6.729959191217314E-4,2.985956093371856E-4,1.7834834282434985E-4,0.006066007645179471,1.529377277120702E-4,6.715711973747884E-5,8.243199859200741E-4,5.068489499540872E-5,9.217302345844562E-5,1.4453596562252508E-4,1.7373486345212196E-4,1.8478080407249668E-4,0.0016883595891426227,8.89701965603341E-5,0.005262463791496493,2.2919642760079522E-4,2.0285373393276237E-4,7.494191434387291E-5,2.756160977872974E-4,0.00266227583970981,4.8046205395755633E-4,2.146676325408721E-4,1.789030617281322E-4,7.618746547065428E-5,0.012717700146090007,1.4522811027568622E-4,0.009780029871815641,9.327621272941188E-5,0.0014903858560526876,1.5417031861091832E-4,0.0016215177863847235,2.646855894947955E-4,1.1855865928674016E-4,0.0025498139922841704,1.6832285004273522E-4,5.023279461294978E-4,1.47179430947448E-4,7.831691441301721E-4,1.8914450676683442E-4,1.326904927446011E-4,5.011438943638073E-4,1.39475476969159E-4,0.001041149553313195,0.002556545715381304,2.1141998590396883E-4,3.817578111391043E-4,1.9934972284981685E-4,0.0012801683289422503,6.846662486402507E-5,1.525218540327166E-4],[0.013480776382042262,1.6054439834823635E-4,2.618231988376856E-4,0.0010250465958083536,3.758316457858771E-4,2.785211881547425E-4,1.0,2.2783000428913086E-4,0.0015087920988778843,4.268773321717946E-4,2.5684060846261036E-4,0.011879960327560017,2.761267287518404E-4,1.9868487201239054E-4,7.319385921761177E-4,1.272989439361781E-4,2.394498703630603E-4,1.9685451534095323E-4,1.7241214538284627E-4,1.3030236837893413E-4,0.0010202885660219553,1.0344694263678526E-4,0.00789561282996077,2.3489620323503566E-4,1.9129019628332878E-4,2.3202202456843563E-4,3.805481122043754E-4,0.0033058796580564664,0.003239058119774355,2.6075342213747847E-4,1.950976028745047E-4,1.4735554462785768E-4,0.0017590933719918813,2.683195368189535E-4,0.004079792168080234,2.0107967849332162E-4,6.291852472421294E-4,2.773252839775403E-4,0.02251053925778834,4.4298002719152214E-4,7.44120695438558E-5,0.0013659725865122307,1.8620629809501142E-4,7.000484837456245E-4,1.7595583382753294E-4,7.835090345567574E-4,1.6127773454345705E-4,2.448067250503448E-4,9.535992808832977E-4,1.7447123142951297E-4,6.325507112795302E-4,0.0017698117208561016,2.2741205376609048E-4,0.0023394865225528534,2.55933993671412E-4,0.002259440512437598,6.301887658221821E-5,1.4715548524388766E-4],[0.001981656441148944,8.848044675485771E-5,1.768004961780034E-4,5.930965315363321E-4,2.752661876538966E-4,1.8003247043817586E-4,2.2783000428913086E-4,1.0,7.390664020672555E-4,3.9287405998012214E-4,1.3917628944693408E-4,0.0024416111394066084,1.2585368037463347E-4,1.1109346292531191E-4,3.499101180267428E-4,1.2363970611577977E-4,9.819102869024083E-5,5.473018974907435E-5,1.6886298651967358E-4,1.494820813653157E-4,0.0021123800654476214,8.348731352695958E-5,0.0015670681169077316,2.1475233000628718E-4,1.6337391070284424E-4,4.418239555220091E-5,2.7761925033504447E-4,0.008503413009839627,0.003984270345892656,2.1287005746351345E-4,1.671297209410207E-4,1.2823954895261897E-4,0.007864110230697873,1.2730876311265469E-4,4.7147092208653114E-4,7.411040161134395E-5,7.14835670454526E-4,1.6206408351230085E-4,0.0028620668625802953,1.7821107008754043E-4,1.6337718388607589E-4,8.10533757861659E-4,1.6532043451416642E-4,3.32028823556252E-4,1.5015174479429097E-4,0.001024909122665629,1.4108258773392438E-4,8.1660143370444E-5,2.6355905007382775E-4,1.3075855781948854E-4,6.098912693036819E-4,2.777425997938247E-4,1.7384656260835125E-4,0.001615118670376453,1.899246145853255E-4,0.007977294212745569,1.4033042184649614E-4,1.2479372692922143E-4],[0.021181838973132958,4.51349468762234E-4,0.0012602793862208442,0.0015635295403434097,0.0011825818677105816,6.729959191217314E-4,0.0015087920988778843,7.390664020672555E-4,1.0,0.001569899612627265,5.331238078639944E-4,0.002991848353826717,0.0015333924716907379,1.1509113856256942E-4,0.0011580174397003242,6.486188007259153E-4,4.398317870267996E-4,0.0013495462958896312,0.0013403040258596962,7.599600343699119E-4,0.0018498310385427815,6.801178773930996E-4,0.008676543929795886,2.5152249402343014E-4,0.0011147097399386333,4.7129713490804407E-4,0.001038884999428383,0.001673438390119565,0.004214615222963268,7.992435621121524E-4,5.931419472864127E-4,1.4778649232480057E-4,0.010091278648903999,6.268547802495473E-4,0.009244615402974958,8.966423518438396E-4,0.0016862770732211359,3.547095373926109E-4,0.0029565763581452585,0.001321359748323903,0.0014418160189459666,0.0025253353111071987,7.894686693926982E-4,0.0014179863285342874,5.806619333945649E-4,0.0015912945005667435,9.708401704725995E-4,0.0014147969076001097,0.0016121241453055932,8.727220680425248E-4,0.0014374859607202677,0.0019069265170800081,0.0012764353683674772,0.002290762050436972,9.091845001341957E-4,0.007004595654881595,9.966501569371137E-4,7.964829542507296E-4],[0.018209049671116667,1.100053321169033E-4,2.807954489702331E-4,0.0012968872362483892,4.914352155355783E-4,2.985956093371856E-4,4.268773321717946E-4,3.9287405998012214E-4,0.001569899612627265,1.0,2.204686647100598E-4,0.0054809094681966585,3.56572245086863E-4,2.6724401654992086E-4,7.779980906748661E-4,1.111574047456525E-4,2.802886951202996E-4,2.9233512638704315E-4,2.18775403072805E-4,3.870115511362284E-4,0.0016987923588014536,1.57973178961546E-4,0.004054298377967699,4.651114449176728E-4,2.96620512979999E-4,4.1122410602884675E-4,5.001357214615907E-4,8.706903681920683E-4,0.0014632448252080358,5.137323277657567E-4,3.5120881949353243E-4,1.4039782087499862E-4,0.0043923964769908485,3.118434412332214E-4,0.005708443527883355,7.771175432385071E-5,0.0011351861210147074,2.514746362632012E-4,0.021560712270109587,6.055326605664146E-4,4.7845610275145447E-4,0.0026003896340347672,2.754573028703231E-4,5.408879352975491E-4,3.818184129735979E-4,0.0014256742034613845,1.9543428404401677E-4,4.860047064214595E-4,0.0010592616197877577,3.616179789931722E-4,6.175930483819864E-4,0.002136858099288869,2.445608530380518E-4,0.002128514880075837,2.8586303443558776E-4,0.0027188457917385602,2.793728987925311E-4,3.0247925693401706E-4],[0.0055534244201933276,8.815241254072061E-5,1.3609101249854988E-4,0.0011637562129292196,3.7671009392085557E-4,1.7834834282434985E-4,2.5684060846261036E-4,1.3917628944693408E-4,5.331238078639944E-4,2.204686647100598E-4,1.0,0.012818723860992929,1.227240429880075E-4,5.664161800222469E-5,7.997013870216631E-4,7.680835876526344E-5,1.2007117933663694E-4,6.7371882951704E-5,1.3976935379751327E-4,1.2440719449693192E-4,0.0012670122630917794,1.1787973300235357E-4,0.0034697517912489185,1.8889596509181111E-4,1.5801458896710807E-4,2.5110747378370602E-5,3.8234875749156716E-4,0.006516329991245347,0.0044555406575512175,1.3178783796095729E-4,1.4803808753177157E-4,6.1876717475559E-5,0.010895847748696175,1.240885189029667E-4,0.0019823840021641623,8.433960008907307E-5,1.8476324095975305E-4,1.4047100604744207E-4,0.032460248816546314,0.0011196901389797184,1.0626743891530507E-4,9.725503026318458E-4,1.4826187792781585E-4,7.961381699669464E-4,1.1304005853191262E-4,0.0011056243728350629,1.2938135823177421E-4,4.053764864841988E-5,0.0015496161211506982,4.1161726752793505E-5,9.466766738017156E-4,0.0015983554367236953,1.9090583878951398E-4,0.0020552222316761633,1.8517505252816022E-4,0.006530061733627532,1.2175648734280846E-4,1.2279809650031972E-4],[0.02866490028352741,9.8770094934655E-4,0.0020404689088329834,0.010469556338600647,0.005435497609909093,0.006066007645179471,0.011879960327560017,0.0024416111394066084,0.002991848353826717,0.0054809094681966585,0.012818723860992929,1.0,3.673281947992376E-4,0.0059129896705375174,0.014429991168939718,0.018121733637178367,0.003658266753658918,0.008537405432689426,0.002321256284196666,0.010999754473425898,0.003401990632153045,0.015424340177697886,0.01450061570192321,0.00557675731697959,0.019326512525487376,0.016033759398232983,0.008924338197849359,0.01953579585903812,0.006875566712415374,0.00989231083704931,0.012787546523417712,0.005638128433109915,0.020194407193141823,0.006107199870156265,0.01437320310141054,0.016746319597186754,0.00527872121749337,0.014252474029938372,0.030244312136895317,0.02000145521241108,0.00838029198563561,0.0033622329985198408,0.008680536736625924,0.009174288228068806,0.01563969561988567,0.013823490704836325,0.011686161679188338,0.011839704719883127,0.009791962888373135,0.020163429881757334,0.0018903589576238764,0.007771677141098153,6.572939903597859E-4,0.008603962473993563,0.0011059287437613938,0.027739348355532423,0.008969459673355423,0.017790582427229796],[0.016604137280444395,7.057145751401944E-5,1.6839872867812088E-4,0.0015498772368610335,2.402773854981557E-4,1.529377277120702E-4,2.761267287518404E-4,1.2585368037463347E-4,0.0015333924716907379,3.56572245086863E-4,1.227240429880075E-4,3.673281947992376E-4,1.0,8.205517633109587E-5,5.918678694818863E-4,9.065202418983237E-5,9.97521562202806E-5,2.0953176825813948E-5,1.3485373532588706E-4,1.0730895917100912E-4,6.30696553460007E-4,4.579090243217018E-5,0.0078683803071255,2.0538831183612087E-4,1.2416027051264484E-4,8.000014237424886E-5,1.9151816381809148E-4,0.007127211435460731,0.005807646223137887,2.077764461172731E-4,1.2883309984657574E-4,7.644381831991422E-5,0.01780981763882606,1.0556675241421275E-4,2.3778992686819658E-4,9.806435402394177E-5,0.001451499282187104,1.295899041627988E-4,0.02869642292190367,9.353864150345813E-4,8.648407323183827E-5,0.00307811884856906,1.0890038651621631E-4,4.008342552583623E-4,1.1180009622698E-4,6.730131088795913E-4,1.3275185661171132E-4,6.664041754367947E-5,0.001385902199403062,6.791677070913955E-5,4.8187737360720124E-4,0.0015100980354765597,1.2925481483447876E-4,0.001682126679433034,1.4095442925979274E-4,0.0014185874028617065,7.070303070005321E-5,1.076791938443475E-4],[0.010721545415789055,5.1950031457520415E-5,7.987952849418173E-5,9.708449819821605E-4,1.3707024035601736E-4,6.715711973747884E-5,1.9868487201239054E-4,1.1109346292531191E-4,1.1509113856256942E-4,2.6724401654992086E-4,5.664161800222469E-5,0.0059129896705375174,8.205517633109587E-5,1.0,6.803408882721765E-4,2.26932696098885E-5,6.144377198975928E-5,2.58329868449306E-5,9.349733613146766E-5,6.509192317085435E-5,0.0015472235366535934,4.3980980168498485E-5,0.00756490847156286,1.4366401005426664E-4,9.235869638969904E-5,2.8404372475361685E-5,3.5169780482090474E-4,0.007793752512204905,0.0032002724691945665,1.232289026289311E-4,7.740707344778987E-5,4.019360954073669E-5,0.010637742871776214,8.060342761846465E-5,0.006050475834455708,3.340947231897428E-5,8.926564147505058E-4,8.119231527766135E-5,0.009643514835589333,0.0010800940895165853,4.106040976546265E-5,0.0026014503493209406,1.2164938177570588E-4,4.209059749108195E-4,4.68213192840402E-5,2.2666419100289867E-4,9.347357855756E-5,3.1343421931737136E-5,2.3210828960923966E-4,3.9121488185666785E-5,9.002741103615348E-4,0.001997959193112355,1.7488272450944106E-4,0.0019381797133074593,6.968702174044232E-5,0.014064874819189263,5.9973592850060666E-5,6.402925353364032E-5],[0.01357529642651245,5.272608239131905E-4,2.473939071828981E-4,0.0011137059606919789,5.72876755018498E-4,8.243199859200741E-4,7.319385921761177E-4,3.499101180267428E-4,0.0011580174397003242,7.779980906748661E-4,7.997013870216631E-4,0.014429991168939718,5.918678694818863E-4,6.803408882721765E-4,1.0,6.107376941488934E-4,5.815615927254554E-4,5.633825003877756E-4,6.395212058426197E-4,5.859378229298915E-4,0.001995411163233191,8.688172343896078E-4,0.005703966068283834,7.382337797247121E-4,3.724557343691119E-4,7.598756598760882E-4,5.141259369943604E-4,0.006888878762651749,0.002669805018060697,3.958921587628902E-4,8.201723148140996E-4,4.400012678608599E-4,0.013878847527141002,6.283747994297389E-4,0.0027792561043084806,5.201315983796797E-4,0.0010371043129418166,8.827586884373986E-4,0.029945705769707585,0.0010450085037999402,8.240717165493498E-4,0.003022057589627165,2.0092792373870247E-4,9.40220448822069E-4,3.690824069982797E-4,0.0010586527715055964,3.12244745214091E-4,9.075429646960626E-5,0.001478035334893305,2.8336489166537997E-4,0.0013138310033310062,0.0014991176531662519,6.834522415888767E-4,0.002553755898211055,5.625657918147414E-4,0.02475008584295026,3.3514243547091136E-4,5.722043744274864E-4],[0.016306383572415817,4.503524810380244E-5,1.2339029763984842E-4,9.509157598728086E-4,1.369129635065234E-4,5.068489499540872E-5,1.272989439361781E-4,1.2363970611577977E-4,6.486188007259153E-4,1.111574047456525E-4,7.680835876526344E-5,0.018121733637178367,9.065202418983237E-5,2.26932696098885E-5,6.107376941488934E-4,1.0,6.809370015007969E-5,1.5329007921462316E-5,8.962403723164742E-5,2.184968280507052E-5,0.0010250799005336218,3.7382318359671486E-5,0.005730742020884148,5.7255337336578904E-5,3.1448747430136515E-5,1.3948618993198586E-5,2.2512170640695108E-4,0.0017282041299559905,4.177960959266023E-4,1.1349373532662045E-4,5.383343466864568E-5,3.2565701939111366E-5,0.009397285481391248,2.0244030766570198E-5,0.004882126238790606,1.0619061596230311E-5,5.840117142747354E-4,1.728357165182901E-5,0.022605161580575406,0.0011273167672224025,1.499636520276469E-5,0.0026042491059689557,4.172194363655121E-5,5.750364936896993E-4,7.809113513670369E-5,3.4092570860517807E-4,8.399286226290962E-5,1.3298274093777969E-5,0.0015135794425825701,2.0381314549286778E-5,1.7230731212549132E-4,6.59445877780754E-4,2.094297690807362E-4,0.0015771658369329727,8.597300959165136E-5,0.009425068454709125,3.779522834781681E-5,8.622816673038212E-5],[0.021331470290394925,7.31685274756775E-5,1.2088028899786803E-4,1.9196323619197E-4,3.710638577676602E-4,9.217302345844562E-5,2.394498703630603E-4,9.819102869024083E-5,4.398317870267996E-4,2.802886951202996E-4,1.2007117933663694E-4,0.003658266753658918,9.97521562202806E-5,6.144377198975928E-5,5.815615927254554E-4,6.809370015007969E-5,1.0,2.66697764459649E-5,1.2917555773953043E-4,9.550115826861943E-5,5.898235885931778E-4,6.63934112013893E-5,7.259143445050524E-4,2.0973982572312233E-4,1.5275890024997693E-4,4.62663655908869E-5,1.2092499152078153E-4,0.006562040921620638,0.003970891188426644,1.0619153609041861E-4,1.5031897837119513E-4,3.850811044627819E-5,0.0027448635213224936,1.1139568008539696E-4,0.00929105043247546,5.883383877048586E-5,1.2919332319076126E-4,1.0376923348657234E-4,0.001052981128705497,1.21389592551317E-4,4.4300197768705607E-5,0.0014120601064484127,1.2676092316543316E-4,3.866798038775745E-4,1.0334497174568917E-4,6.338079179869435E-4,1.0746045411736096E-4,8.587569439419411E-5,8.059002483406182E-4,8.635496036337378E-5,5.321188367896582E-4,0.002607679120543326,9.355900597719379E-5,0.0017994539833765908,1.6231934162833718E-4,0.010212774953490236,6.018006936346276E-5,1.079896650426003E-4],[0.006786812815534493,2.1081701625249206E-5,1.0561594722068337E-4,6.859154379788671E-4,1.7755973295423012E-4,1.4453596562252508E-4,1.9685451534095323E-4,5.473018974907435E-5,0.0013495462958896312,2.9233512638704315E-4,6.7371882951704E-5,0.008537405432689426,2.0953176825813948E-5,2.58329868449306E-5,5.633825003877756E-4,1.5329007921462316E-5,2.66697764459649E-5,1.0,3.146928884712216E-5,4.7237274601030786E-5,8.265192066864003E-4,2.600837177600057E-5,0.0018466720585407935,2.012236777795908E-4,1.5502086943445674E-4,1.754196817435676E-5,8.063914348066589E-5,0.0013883542744098027,0.0056855707409947725,1.45388845507927E-4,2.678623229568531E-5,3.0794495793252567E-5,0.011858938039443162,3.549961054060483E-5,0.0063295583362283905,1.4958626330048984E-5,1.1154172804525506E-4,1.0532444187957786E-4,0.00227221791257545,2.561545650472428E-4,2.4885909145118285E-5,3.75147005108843E-4,1.0949644638281431E-4,2.019839657460222E-4,3.305264470508215E-5,0.0014363135748830336,1.1986706689410389E-4,2.8404586130690422E-5,4.7116305729999263E-4,3.427096450535977E-5,0.001406268603232422,0.0026717366969216403,8.449585101708458E-5,4.691654256454402E-4,1.534092009335939E-4,0.021417604849463864,5.798291539534994E-5,8.526178289953681E-5],[0.003928601189428418,6.528140070008127E-5,2.0438658288735373E-4,0.001255387982789479,1.8204474037325445E-4,1.7373486345212196E-4,1.7241214538284627E-4,1.6886298651967358E-4,0.0013403040258596962,2.18775403072805E-4,1.3976935379751327E-4,0.002321256284196666,1.3485373532588706E-4,9.349733613146766E-5,6.395212058426197E-4,8.962403723164742E-5,1.2917555773953043E-4,3.146928884712216E-5,1.0,1.2883962355078124E-4,0.0010339366475672932,6.883565587334163E-5,0.006732101879404999,1.985476640510015E-4,1.429416490378914E-4,4.862931806786921E-5,2.5067004474490313E-4,0.007053002743646566,0.004782312193473031,1.4743795883988555E-4,1.462733384667546E-4,9.847482671281169E-5,0.007590448061719466,1.3188785401287557E-4,0.006089705920498937,3.966544611834688E-5,9.960473951720256E-4,1.4808266621657733E-4,0.01174008817194918,3.2258303293211774E-4,4.309619365167595E-5,0.002494203145319268,1.5807141035062444E-4,4.504565309682971E-4,1.243632670614789E-4,0.0011558163051770332,1.3649952886372072E-4,8.709924699718133E-5,3.543257880684446E-4,6.674578746739531E-5,6.960037146914714E-4,0.0010581542464598312,2.1722987365474088E-4,5.398679419017388E-4,1.827005408851796E-4,0.01506432053583489,1.1339109792319599E-4,1.166004361026625E-4],[0.0030722186914214746,5.59975987758483E-5,1.303960573622498E-4,4.047827000485298E-4,3.4677295896225224E-4,1.8478080407249668E-4,1.3030236837893413E-4,1.494820813653157E-4,7.599600343699119E-4,3.870115511362284E-4,1.2440719449693192E-4,0.010999754473425898,1.0730895917100912E-4,6.509192317085435E-5,5.859378229298915E-4,2.184968280507052E-5,9.550115826861943E-5,4.7237274601030786E-5,1.2883962355078124E-4,1.0,0.0021250739173677086,7.879248895925847E-5,0.0027544040040049537,1.9316751771821487E-4,1.423465938409788E-4,6.249844447628726E-5,2.233878136379073E-4,0.004858792867011485,0.005099164199630816,1.586833296413466E-4,1.4998715326862988E-4,9.409167412629086E-5,0.016909931882109618,1.2090511332690723E-4,0.007565595457570291,1.0803598363418114E-4,1.5674935106680906E-4,1.487989771972708E-4,0.02230128223960321,0.001072832366494459,5.880718171621778E-5,0.001510078241148263,1.3073593113576763E-4,4.0355473444167586E-4,1.1714474890548667E-4,0.0011322973101090751,1.3191409426819228E-4,6.174699454482719E-5,8.110327375609565E-4,5.545196568149573E-5,5.172547220237305E-4,5.827753616465797E-4,1.7877067691497603E-4,6.557918726656551E-4,1.617421198587318E-4,0.02353758448721385,6.410080262718292E-5,1.2334998275101823E-4],[0.004147027205314145,2.6379357904751915E-4,0.0025265367090334355,0.002175223471599291,7.525148153270879E-4,0.0016883595891426227,0.0010202885660219553,0.0021123800654476214,0.0018498310385427815,0.0016987923588014536,0.0012670122630917794,0.003401990632153045,6.30696553460007E-4,0.0015472235366535934,0.001995411163233191,0.0010250799005336218,5.898235885931778E-4,8.265192066864003E-4,0.0010339366475672932,0.0021250739173677086,1.0,0.002589352284057015,0.004403948336327077,0.0021522922233119107,7.039941141012777E-4,0.002115618333133157,0.0011138703079708772,0.00874265268381074,0.004453680761571431,3.2569441289949776E-4,0.0022160079640350305,2.361790478067844E-4,0.01038134285496513,5.395097008879549E-4,0.007889485274811397,0.0023092955608278853,0.0018568543443093569,0.0012324145384300495,0.005955446664122504,0.00201432060139881,0.0024563857135955383,0.0026613892419236414,0.0021181290411035223,0.001049600015342328,0.0018915643674238486,0.0016609953008025595,0.002019254099046123,8.368938684593819E-4,0.0025276484598534994,4.20549838381941E-4,0.0023485962233144994,0.002853559621773896,3.0021433945132136E-4,0.0026784564085565728,0.001764024249601741,0.023602003456964015,8.802502257165461E-4,6.646651439622723E-4],[0.027252198489621685,5.017077535187988E-5,1.0790759572964803E-4,3.6736401772586853E-4,2.4836620697590075E-4,8.89701965603341E-5,1.0344694263678526E-4,8.348731352695958E-5,6.801178773930996E-4,1.57973178961546E-4,1.1787973300235357E-4,0.015424340177697886,4.579090243217018E-5,4.3980980168498485E-5,8.688172343896078E-4,3.7382318359671486E-5,6.63934112013893E-5,2.600837177600057E-5,6.883565587334163E-5,7.879248895925847E-5,0.002589352284057015,1.0,0.006537146496128568,1.6426607594109208E-4,6.29572656609561E-5,4.1191885407864206E-5,2.3860382362377535E-4,0.002934232707964156,0.001092244028390297,4.508253375305471E-5,8.209636856175952E-5,4.210243558162691E-5,0.00971641869586934,1.0385173152780295E-4,0.009914505336857988,3.3067623234687274E-5,0.0011580012880347793,1.0344815921781991E-4,0.02862082608876475,6.206427224366657E-5,3.940770278170877E-5,0.0022749853128846286,7.911154617521536E-5,2.1427096921229288E-4,5.695948226600598E-5,9.758650520598403E-4,1.2898958663438683E-4,3.6471181220714443E-5,1.2321249531387505E-4,4.095947221768173E-5,8.983760401014607E-4,5.654077328914828E-4,6.86906444966262E-5,0.0012597215652279132,1.1457213459950679E-4,0.0039986256011356955,5.624809254468656E-5,5.650591334042129E-5],[0.019700218033580415,0.01062986384559593,0.011063064198725254,0.010843071616185963,0.01015350755271217,0.005262463791496493,0.00789561282996077,0.0015670681169077316,0.008676543929795886,0.004054298377967699,0.0034697517912489185,0.01450061570192321,0.0078683803071255,0.00756490847156286,0.005703966068283834,0.005730742020884148,7.259143445050524E-4,0.0018466720585407935,0.006732101879404999,0.0027544040040049537,0.004403948336327077,0.006537146496128568,1.0,0.0038347048306127582,0.002614349858452527,3.998853848128527E-4,0.0012197253881080935,0.01103087861631656,0.008135350381594644,9.18896267308762E-4,0.010494765129543168,0.010890148058342685,0.01674986770001042,0.010773507392569267,0.01222608810184695,0.006218065582851198,0.004892140166470839,0.010069327717431043,0.02859422582616942,0.011076202332546815,0.005924268491371218,0.010038508435692454,0.010643877678340448,0.005068182965007651,0.005088482043310686,0.00779352151252149,0.009190634274791082,0.008404254581794368,0.002644040149137906,0.0010294513521874745,0.008529000301482877,0.008363987087608037,0.011084323953617609,0.004723577763826321,0.009661416127481117,0.018455843820679343,0.005184688736200702,0.0010829630911084664],[9.093436928964031E-4,1.2869989495443174E-4,2.0744585078811696E-4,0.0013705927702312892,3.825787528080318E-4,2.2919642760079522E-4,2.3489620323503566E-4,2.1475233000628718E-4,2.5152249402343014E-4,4.651114449176728E-4,1.8889596509181111E-4,0.00557675731697959,2.0538831183612087E-4,1.4366401005426664E-4,7.382337797247121E-4,5.7255337336578904E-5,2.0973982572312233E-4,2.012236777795908E-4,1.985476640510015E-4,1.9316751771821487E-4,0.0021522922233119107,1.6426607594109208E-4,0.0038347048306127582,1.0,1.9746815373001956E-4,1.5705877109941478E-4,3.4811616069249554E-4,0.010844661927090625,0.0034646228833695118,2.2343381159222917E-4,2.0440017851713628E-4,2.0178594917576902E-4,7.404125185823789E-4,1.3698944146883446E-4,0.01183549130256404,1.7257581777802244E-5,9.634128225261667E-4,1.7383394924861586E-4,0.007784025665034826,6.10579798119698E-4,1.187713383086942E-4,0.0013229998055756215,1.8462719650404687E-4,6.200336174871954E-4,2.0389070987580682E-4,6.938455363058405E-4,2.2059784772081778E-4,1.6355512400434804E-4,0.0013434281755806015,7.459840942519125E-5,4.1889262690558E-4,5.416801287607047E-4,2.2526709883473884E-4,3.814853635894961E-4,1.983314485187696E-4,0.0075755023397111754,1.4844980886775618E-4,2.004690015681494E-4],[0.00642724053084822,1.530931760454021E-4,1.7705336385527432E-4,6.995103582994864E-4,3.3653615387109107E-4,2.0285373393276237E-4,1.9129019628332878E-4,1.6337391070284424E-4,0.0011147097399386333,2.96620512979999E-4,1.5801458896710807E-4,0.019326512525487376,1.2416027051264484E-4,9.235869638969904E-5,3.724557343691119E-4,3.1448747430136515E-5,1.5275890024997693E-4,1.5502086943445674E-4,1.429416490378914E-4,1.423465938409788E-4,7.039941141012777E-4,6.29572656609561E-5,0.002614349858452527,1.9746815373001956E-4,1.0,9.776241025136748E-5,2.771847876786234E-4,0.004624236572722577,0.003690138497825648,1.8046365324632846E-4,1.5559673051841294E-4,1.5290927180027584E-4,0.018165911299999362,1.329358484698527E-4,0.0087448640623457,1.4683721862141609E-4,9.272583990462805E-4,1.5969703851901864E-4,0.03023654382456043,2.2522786553826583E-4,7.20222827212118E-5,0.002800214036218525,1.6078671348612652E-4,7.411913219444386E-4,1.3287928058400685E-4,5.46076917837259E-4,1.5725622543150814E-4,1.3712334533699843E-4,7.418147933008306E-4,1.1862021230067254E-4,4.468265520036429E-4,0.002879462318947759,2.019527922799794E-4,8.986096744303743E-4,1.6799440847352934E-4,0.0032230253648137188,6.544963594757111E-5,1.3308091054643818E-4],[0.010118853857222467,3.760186247844772E-5,1.88715434638844E-4,9.142178850661748E-4,2.1963978373120156E-4,7.494191434387291E-5,2.3202202456843563E-4,4.418239555220091E-5,4.7129713490804407E-4,4.1122410602884675E-4,2.5110747378370602E-5,0.016033759398232983,8.000014237424886E-5,2.8404372475361685E-5,7.598756598760882E-4,1.3948618993198586E-5,4.62663655908869E-5,1.754196817435676E-5,4.862931806786921E-5,6.249844447628726E-5,0.002115618333133157,4.1191885407864206E-5,3.998853848128527E-4,1.5705877109941478E-4,9.776241025136748E-5,1.0,3.7943846287552996E-4,0.010221597541674276,4.123236212503906E-4,1.0241841648226937E-4,1.0177426457850699E-4,3.232090732280237E-5,0.006931162022823699,8.759312275126309E-5,0.0016417305103533556,2.2934299742637284E-5,7.078085589568489E-4,6.465481101786283E-5,0.0028238550343945325,3.043396409177597E-5,3.3443923413762526E-5,0.001181502494393418,4.137153518781789E-5,5.241071650570568E-4,5.763202973849351E-5,8.159949644358236E-4,1.2952607947542375E-4,2.760533418621332E-5,2.1097450399526973E-4,3.769246100069125E-5,9.765474896754733E-4,2.2018388080012133E-4,1.2995577249873098E-4,0.0022691251582336557,1.8221399331477868E-4,0.015241535129149275,4.537324470620707E-5,6.008772659306456E-5],[0.008260463847308927,1.124607704190423E-4,2.8884413174557204E-4,0.0010711031043727295,4.090322269386552E-4,2.756160977872974E-4,3.805481122043754E-4,2.7761925033504447E-4,0.001038884999428383,5.001357214615907E-4,3.8234875749156716E-4,0.008924338197849359,1.9151816381809148E-4,3.5169780482090474E-4,5.141259369943604E-4,2.2512170640695108E-4,1.2092499152078153E-4,8.063914348066589E-5,2.5067004474490313E-4,2.233878136379073E-4,0.0011138703079708772,2.3860382362377535E-4,0.0012197253881080935,3.4811616069249554E-4,2.771847876786234E-4,3.7943846287552996E-4,1.0,0.00560563972958658,0.005562437840778753,3.927654729056027E-4,3.799397167883481E-4,3.436783947557991E-4,0.005939013580097211,1.9267266918081505E-4,0.004519833926738749,2.64043707606827E-4,8.817268677843896E-4,3.353163269308038E-4,0.005076876562374383,9.516633096928314E-4,2.960727135231228E-4,0.0024572843115147685,1.6735827028878413E-4,6.426289253552797E-4,2.2532217009190353E-4,8.129647080172483E-4,4.1040495322618755E-4,8.344531283579917E-5,0.0012730309667413199,7.804359585954535E-5,9.850161907229292E-4,5.590670338481863E-4,2.954788321800158E-4,0.0026597754884797467,2.9579059339200923E-4,0.021703367507448782,2.562180324494226E-4,1.1174423653890499E-4],[0.021666996609312504,0.006829884167430445,0.007431083848491698,0.006168823054237179,0.008096755060303398,0.00266227583970981,0.0033058796580564664,0.008503413009839627,0.001673438390119565,8.706903681920683E-4,0.006516329991245347,0.01953579585903812,0.007127211435460731,0.007793752512204905,0.006888878762651749,0.0017282041299559905,0.006562040921620638,0.0013883542744098027,0.007053002743646566,0.004858792867011485,0.00874265268381074,0.002934232707964156,0.01103087861631656,0.010844661927090625,0.004624236572722577,0.010221597541674276,0.00560563972958658,1.0,0.009584844404765714,0.009284917037218956,0.0061865403559095145,6.611903622933809E-4,0.01725664255971952,0.0022053615164934082,0.012239542580744552,0.004980455185189705,0.007094583301605515,0.010197696079126635,0.030868355662159896,0.003045655477629277,0.0038239158614244086,0.005540138073132859,0.005753624183596159,0.010152583021326562,0.0075117445031072875,0.010395706439680383,0.005079342917717544,0.002951286694611093,0.001984026224457184,7.751376557121942E-4,0.007472326466583079,0.008953539172582275,0.006821909631919439,0.0099756681530523,0.007055751189427121,0.0114004458195386,0.00371846084742154,0.0029270190194330414],[0.025306889573134914,0.003397766376048191,0.002066770850405494,0.0033360636626292234,0.005872543496289238,4.8046205395755633E-4,0.003239058119774355,0.003984270345892656,0.004214615222963268,0.0014632448252080358,0.0044555406575512175,0.006875566712415374,0.005807646223137887,0.0032002724691945665,0.002669805018060697,4.177960959266023E-4,0.003970891188426644,0.0056855707409947725,0.004782312193473031,0.005099164199630816,0.004453680761571431,0.001092244028390297,0.008135350381594644,0.0034646228833695118,0.003690138497825648,4.123236212503906E-4,0.005562437840778753,0.009584844404765714,1.0,0.0027088940535918817,0.005273980508693518,0.004815052096859038,0.007922484485274873,0.003937256760205108,0.0063848486679343435,0.0051349146026126455,0.004774169579282213,0.003399293272693288,0.02292301027088091,0.002704070297270352,0.004489432746259845,0.005199885536654603,0.0017518173799965443,0.00502382458056074,0.004406107283641371,0.004477740562762117,0.005239178667504891,0.005193654640456828,0.0016597673557459413,0.003084009047098088,0.0018289454280592543,0.005278711824228855,2.96732593010453E-4,0.003318334802609198,0.00584836650532764,0.008984194636227861,0.0017492626833812833,0.005609888786723252],[0.011067283334619742,2.1830403651965598E-4,2.2069926351964787E-4,0.0015539413848861968,3.4467402345057145E-4,2.146676325408721E-4,2.6075342213747847E-4,2.1287005746351345E-4,7.992435621121524E-4,5.137323277657567E-4,1.3178783796095729E-4,0.00989231083704931,2.077764461172731E-4,1.232289026289311E-4,3.958921587628902E-4,1.1349373532662045E-4,1.0619153609041861E-4,1.45388845507927E-4,1.4743795883988555E-4,1.586833296413466E-4,3.2569441289949776E-4,4.508253375305471E-5,9.18896267308762E-4,2.2343381159222917E-4,1.8046365324632846E-4,1.0241841648226937E-4,3.927654729056027E-4,0.009284917037218956,0.0027088940535918817,1.0,1.5435332987216873E-4,5.183743545102313E-5,0.010984845834190564,1.774458643820219E-4,0.0019981446434515987,7.270528769062702E-5,7.879935575494018E-4,1.563147771794392E-4,0.00961754949435118,0.0010874300840322047,1.5103182151163764E-4,0.0025075077285936715,1.7928905568254615E-4,4.835848151363654E-4,1.824633648216315E-4,5.990009463961244E-4,2.1532922379047085E-4,1.401164930094478E-4,0.0010548769963165013,5.89894909840781E-5,5.058342608103315E-4,0.002712712833146587,2.2101180051026275E-4,5.797107641095395E-4,1.9321723451111818E-4,0.013262203063184336,1.6505091480422472E-4,2.1145553877329712E-4],[0.005071682974161547,1.0484906590053266E-4,1.9455713140130316E-4,7.846430837185725E-4,3.1145591508951635E-4,1.789030617281322E-4,1.950976028745047E-4,1.671297209410207E-4,5.931419472864127E-4,3.5120881949353243E-4,1.4803808753177157E-4,0.012787546523417712,1.2883309984657574E-4,7.740707344778987E-5,8.201723148140996E-4,5.383343466864568E-5,1.5031897837119513E-4,2.678623229568531E-5,1.462733384667546E-4,1.4998715326862988E-4,0.0022160079640350305,8.209636856175952E-5,0.010494765129543168,2.0440017851713628E-4,1.5559673051841294E-4,1.0177426457850699E-4,3.799397167883481E-4,0.0061865403559095145,0.005273980508693518,1.5435332987216873E-4,1.0,8.864873952679842E-5,0.0035751522013177904,1.2076774550397705E-4,0.007032332214347491,9.035616482594127E-5,5.96458786712036E-4,1.498454992463231E-4,0.029732360604245976,0.0010584005438176991,8.533442273832425E-5,0.002453761053003528,1.6081684268034528E-4,5.032562263455455E-4,1.1819861787249522E-4,4.8496992905066634E-4,1.373240241507933E-4,3.946395915691514E-5,3.24581874055995E-4,4.6621068452053047E-5,3.320936088699091E-4,0.002173200295975221,1.7407246290232172E-4,0.0013289942680050114,1.594920957901084E-4,0.01668052194060013,1.1486991484461728E-4,1.4481232291000502E-4],[0.0021314705525681287,4.413243240838181E-5,3.634673723665674E-5,0.0011734256761184037,2.7020132026244983E-4,7.618746547065428E-5,1.4735554462785768E-4,1.2823954895261897E-4,1.4778649232480057E-4,1.4039782087499862E-4,6.1876717475559E-5,0.005638128433109915,7.644381831991422E-5,4.019360954073669E-5,4.400012678608599E-4,3.2565701939111366E-5,3.850811044627819E-5,3.0794495793252567E-5,9.847482671281169E-5,9.409167412629086E-5,2.361790478067844E-4,4.210243558162691E-5,0.010890148058342685,2.0178594917576902E-4,1.5290927180027584E-4,3.232090732280237E-5,3.436783947557991E-4,6.611903622933809E-4,0.004815052096859038,5.183743545102313E-5,8.864873952679842E-5,1.0,0.015088406038387236,6.900653327079998E-5,0.012130679639538858,3.352767337333345E-5,7.208474196154528E-4,4.016161871242403E-5,0.0166637034503259,6.908020371426262E-4,3.8200987366307645E-5,0.002674322533963534,1.425101609405658E-4,4.23564005099108E-4,6.048913882315304E-5,6.827736570303346E-4,8.882550254109049E-5,3.317857238095099E-5,0.0016159977780345512,3.7145113543148324E-5,8.943242186581073E-4,0.0028047625946358377,3.652025088402935E-5,0.0014008899087735074,1.2050359607910066E-4,0.022986489259460063,3.551266016102492E-5,5.7223606868582165E-5],[0.025222206127820487,0.010835686325765474,0.008598284363367417,0.013532050593096716,0.013140186717318456,0.012717700146090007,0.0017590933719918813,0.007864110230697873,0.010091278648903999,0.0043923964769908485,0.010895847748696175,0.020194407193141823,0.01780981763882606,0.010637742871776214,0.013878847527141002,0.009397285481391248,0.0027448635213224936,0.011858938039443162,0.007590448061719466,0.016909931882109618,0.01038134285496513,0.00971641869586934,0.01674986770001042,7.404125185823789E-4,0.018165911299999362,0.006931162022823699,0.005939013580097211,0.01725664255971952,0.007922484485274873,0.010984845834190564,0.0035751522013177904,0.015088406038387236,1.0,0.018447773124717758,0.01569242872518541,0.014066987357307322,0.007296848306023979,0.011902633363033276,0.028392241556164294,0.015493379798747538,0.005988356791151019,0.014140644783408051,0.006193137149268021,0.018765189676036256,0.009376491884927703,0.0053929540722368625,0.015266898649523014,0.009530602166529411,0.01876263