[[1.0,2.8818452908065504E-5,1.1735794133768893E-4,1.9966810528053073E-5,9.367405300697014E-5,0.0012840815789946832,0.0026849949914665733,9.17042943577111E-5,5.089692745179937E-5,1.3911759341656596E-5,3.702648622684727E-5,0.0010952184326619798,0.012905183821506695,1.5375060491115973E-4,8.373013530233266E-4,1.8705897779851486E-5,1.0654154808841677E-4,1.2900071057702275E-4,1.920773620229677E-4,2.1216447143087264E-5,7.289968143926964E-5,1.632949451444179E-5,1.8039541080303514E-4,1.237273752621642E-4,7.316771393661668E-5,0.001346156726065844,4.6290301586215536E-4,0.043386893206797165,1.2160458330373979E-4,3.370501308318222E-5,1.8498452877506226E-5,1.932034070260293E-5,6.86297510319676E-4,0.002120293551408389,5.702266596387242E-5,2.0759953550274096E-4,1.9640700154557397E-5,0.00166756446585596,0.002177589290170521,5.357336277261308E-5,2.338861935982834E-5,2.248980236146817E-5,2.4893608835553716E-5,2.500866246378081E-4,2.4121134030069007E-4,4.324418018055474E-5,6.267282301310362E-4,6.489475999944256E-4,4.942346562203899E-5,0.0016591081774527394,0.0018004240234969476,0.0011740167506879891,0.01824196511424854,1.1761252200209782E-4,7.501391465615381E-4,7.89168255370697E-5,3.101101708079744E-5,0.0010364639263925539,5.162264865305091E-5],[2.8818452908065504E-5,1.0,5.888166447230898E-5,3.567828359558373E-5,5.720405780065488E-5,0.0024780495479737063,0.0012128957955900672,4.0233629266044646E-5,7.171889242430898E-5,3.151403293949141E-5,7.40469754133184E-5,0.00746511499293558,0.002984182538534611,2.3685712637469376E-4,5.906716025196771E-4,2.9932846004023235E-5,4.1109234037734216E-5,2.1336921263245451E-4,0.0028675955313948024,5.9010261498260036E-5,1.107467854440066E-4,3.132420990418193E-5,8.123348456674628E-4,1.5163434584649802E-4,6.523367444775718E-5,5.396981808352213E-5,1.1100813172121912E-4,0.010366327164794279,2.542432320272463E-4,8.955927013152483E-5,1.681185947376022E-5,2.7885400021136334E-5,6.899116462621986E-4,0.0027173442388598586,7.269904196737366E-5,3.1758666319957416E-4,3.6297226038932426E-5,1.8092820747271488E-4,0.007136258413698463,8.929651144559152E-5,3.54006194235077E-5,2.9900124329282494E-5,2.823255542791552E-5,8.232621517894725E-5,0.0014284404128005294,4.3356361012996166E-5,3.432923641557473E-4,0.001840093525145054,3.823804978534826E-5,1.9567399391874914E-4,0.001707280526001117,6.245441747045172E-4,0.005858685341883704,7.359469438701806E-5,3.009981437314493E-4,1.0988951722893297E-4,3.668041957202637E-5,0.003670939423591971,8.579349407917068E-5],[1.1735794133768893E-4,5.888166447230898E-5,1.0,3.612493562446339E-5,1.169551534135697E-4,0.0029324010145385555,0.0026856885833196724,1.181754909180639E-4,1.225582832525586E-4,6.721637959498327E-5,1.1298177711467836E-4,0.00866732108938164,0.004939534366147097,2.736184724801615E-4,9.860654439102536E-4,1.9938966122038752E-5,1.1686875480302349E-4,1.3966459006693215E-4,0.0020820179466573573,1.2046712117648211E-4,1.1897457066008329E-4,9.941282580465403E-5,0.0011817242868281683,1.4456537894383322E-4,1.1088748188498998E-4,6.068261459472516E-4,7.825923386360948E-4,0.04942628594284733,1.3468256358249286E-4,1.1189754509612026E-4,9.820289610431207E-5,5.979052176729717E-5,7.927715307702066E-4,9.436767942318561E-4,1.2073049132028025E-4,3.6121574502132617E-4,3.999928791674204E-5,0.0021265034361641157,0.010275409415425303,1.2063638148480455E-4,1.1320605804264591E-4,7.490538893324203E-5,7.671638172043594E-5,3.0668428311327685E-4,0.0014058134145956826,8.077170419700388E-5,1.35421680870924E-4,0.002130620794847737,1.3106057383183465E-4,0.0014034792128342257,0.0016684393963534063,0.0011091584123888068,0.012761681617031471,1.2433499191063342E-4,3.466667497783231E-4,1.1702044710446889E-4,8.653136842578659E-5,0.0037745964950558937,1.3147833747268947E-4],[1.9966810528053073E-5,3.567828359558373E-5,3.612493562446339E-5,1.0,7.470965134174896E-5,0.005012490519345069,0.002953854438130352,6.989901857438667E-5,6.43315793561441E-5,1.2249778496410122E-5,7.884483389226739E-5,0.0016798921709049936,0.006708148760440881,3.071807284472954E-4,2.8759322189407207E-4,3.0274076652241712E-5,4.5055181290455556E-5,2.285767476371998E-4,8.545347267739833E-4,3.998544720583774E-5,8.240627287039239E-5,2.206550059066303E-5,2.1740818965491394E-4,7.869351104587257E-5,4.5531104894717934E-5,9.577620074583865E-5,1.7169149027869134E-4,0.01371300742233425,3.063160373234982E-4,8.911917080542376E-5,2.2827611833157228E-5,1.7306710474086443E-5,9.589485160468156E-4,0.0018567790667780705,7.990425498283107E-5,2.1190763642663516E-4,2.2758026270970813E-5,0.0027167486770276654,0.001524060604112915,5.354104967962348E-5,3.091373615549808E-5,2.8362077295506805E-5,2.6336697222300714E-5,4.115693664011035E-4,5.200146448909021E-4,3.849116716721288E-5,5.007723933812665E-4,9.384193493591668E-4,1.2495461444542443E-4,0.0011492952306308287,0.005835990609665022,0.001057089321216403,0.012832573030027668,3.615112669863475E-5,2.548399612730454E-4,9.052277179184145E-5,3.2825040915828083E-5,0.0013481774710439004,7.792463366860028E-5],[9.367405300697014E-5,5.720405780065488E-5,1.169551534135697E-4,7.470965134174896E-5,1.0,0.004333907232411459,0.001410843756619214,1.1263262143446671E-4,1.1902383448298646E-4,4.952067322999064E-5,1.0358406855736064E-4,0.012029536658688507,0.010031228062703613,2.8100517777435304E-4,1.1578629174736705E-4,1.0038933287129801E-4,1.0747599959549459E-4,1.2181645621009725E-4,0.0036078227628000246,1.273076730567166E-4,1.1320961523185386E-4,8.114964048777793E-5,0.001067893785998406,1.2804976265553986E-4,9.704069284815846E-5,3.112438969314512E-4,2.802908212496282E-4,0.005744756373610223,3.0610198376258043E-4,1.0700290883484351E-4,1.6411989054027107E-5,4.057078121506554E-5,7.756504561148766E-4,7.595983403011169E-4,1.266982702697533E-4,3.3758508680497125E-4,9.489948437814701E-5,0.002549292773825547,0.004092683638368657,1.2521492167587132E-4,4.7845821581888954E-5,9.631987009750438E-5,2.608786533542909E-5,3.852266559004237E-4,3.989079557234214E-4,6.669249607460613E-5,2.8892525800228185E-4,0.0011794745886721206,1.3326441313098482E-4,1.8069363600233562E-4,0.004176709033495206,1.742411093314791E-4,0.01576069450926887,1.1321037887295304E-4,3.4155890831687234E-4,1.1039657286778554E-4,8.993894836131403E-5,0.0037847113050970852,1.2381228392678218E-4],[0.0012840815789946832,0.0024780495479737063,0.0029324010145385555,0.005012490519345069,0.004333907232411459,1.0,0.004193269631914262,0.0019089633420551803,0.0024220400940118173,0.004428435218218602,1.3605192453576177E-4,0.006134170575865189,0.02143253406033627,0.0035320683990739867,0.005506004636915467,0.004973405415028012,0.0010416901100687268,0.001342664709041593,0.005451435100287775,7.568071216971354E-4,0.0017782979940682325,0.003919419601071165,0.00316003489258766,0.00492250680545629,0.002161746930190471,0.003426057046323582,0.004125558530960767,0.04037388458649221,6.104521380503734E-4,0.002302554627196236,7.506954577354544E-4,0.002811373086892832,0.0016909926382076721,0.004612044329696134,0.004415737527189782,0.0047531461305679815,0.002095153521836618,0.005181810362885453,0.011059857615564507,0.005552726020541862,9.041918069093241E-4,8.709592369142139E-4,0.004885203955926665,0.0033190982625453122,0.0038200299548905013,0.0038495946924208264,0.003117564027024811,0.004551311352491397,0.004265623672567774,0.0037934830346584153,0.005944354225147877,0.0037340687761815766,0.007216088559223953,0.0017166013781781705,0.0012085214937747693,0.0028131548819444016,0.001366877728903526,0.004746569325449685,3.2232892387342224E-4],[0.0026849949914665733,0.0012128957955900672,0.0026856885833196724,0.002953854438130352,0.001410843756619214,0.004193269631914262,1.0,4.7110824703128034E-4,0.0013848351600657335,0.0011512852389243759,4.684031709124199E-4,0.011018516720402551,0.008027153490619528,0.001183049825432346,0.0030763164092566346,3.595364365373357E-4,0.002041969974240264,0.003065364869564309,0.004857450043514462,0.002292188240641355,9.568640199573367E-4,0.00307390504717844,0.002037397235178253,3.9417555705951725E-4,6.860701691106896E-4,0.003172114368414158,0.002766742256733258,0.005829675945575553,0.002798620293087717,1.6358297191078098E-4,0.0026681669973311973,0.0031938036043570005,0.0017896676606636154,0.003711490419914505,7.127534946291577E-4,0.0022249792500407314,0.0014853553676437868,0.0032380204726526855,0.004566508678565103,7.492106996939234E-4,4.8669836690590576E-4,3.3792946128050554E-4,3.551518993410235E-4,0.002048306311472867,0.002512768267615533,0.0011844940517392911,0.002624740303134443,0.003248812153912085,0.0011260241355549013,0.0025124535347582264,0.00723469737942108,0.0019100236416633566,0.00802513416344446,2.1954154718781927E-4,0.0010309472727587463,0.001925419880496769,0.0023986590687295755,0.003954911318439249,0.0031477772774657236],[9.17042943577111E-5,4.0233629266044646E-5,1.181754909180639E-4,6.989901857438667E-5,1.1263262143446671E-4,0.0019089633420551803,4.7110824703128034E-4,1.0,1.2216653653921686E-4,9.448965598779801E-5,1.0479588052918577E-4,0.004434139467036052,0.014793587520631033,1.6295827902602765E-4,5.859989664885007E-4,1.1573195952160287E-4,1.1308040326294776E-4,2.275142465005988E-4,0.0028249752443288067,1.2844186410961386E-4,1.2159275230401701E-4,2.992254020528534E-5,7.350278402924256E-4,1.5488190361552444E-4,1.2096363953389581E-4,0.0010211579699649872,0.0011401078886345269,0.03877594495910467,2.9374227811198645E-4,1.1243346384120304E-4,9.578927203969276E-5,1.1620541690345339E-4,2.8384927484955617E-4,0.004040401564247028,1.2764220040454894E-4,3.735895835750913E-4,8.489930168379477E-5,0.001063432864055865,0.011566619102449605,2.167380053617167E-4,3.560009647161004E-5,1.0306387446980031E-4,6.412972903712599E-5,2.398239476151315E-4,0.0014627596109537103,9.642086534591081E-5,6.593527040476587E-4,0.001744098090190395,1.309330830071557E-4,3.3442353870617123E-4,0.009786044288559918,0.0012587308046474637,0.01681340667251438,1.2445778820240495E-4,2.1282506932207275E-4,1.2132874578756993E-4,8.284531100739319E-5,0.0012375064606467245,1.6595467915067407E-4],[5.089692745179937E-5,7.171889242430898E-5,1.225582832525586E-4,6.43315793561441E-5,1.1902383448298646E-4,0.0024220400940118173,0.0013848351600657335,1.2216653653921686E-4,1.0,1.0535050267467416E-4,1.0033638221842227E-4,0.007565094054691696,0.018561945712188888,3.0591361169112174E-4,1.7860541256961652E-4,1.1676670248888684E-4,1.081725183227462E-4,1.4242221803958618E-4,0.0014751627679683898,1.3190151726235938E-4,1.219999893893396E-4,5.1162367632275136E-5,0.0013496638469223052,1.380854743855753E-4,8.35114037159461E-5,6.263021056499063E-4,5.311801055172739E-4,0.029839201391282537,1.8688041787183924E-4,1.1373126056795174E-4,6.437991364541888E-5,5.6569351235418435E-5,2.3420139527308208E-4,0.0018521952298889656,1.2605497561251594E-4,3.5580216939058555E-4,8.1763331010129E-5,0.0026808134007922624,0.0019835005289895896,2.1041124433367517E-4,1.2028224161951961E-4,1.2121971517175926E-4,6.37767705828084E-5,4.488741751884572E-4,0.0015190878046112443,1.156176226909898E-4,6.611938686753206E-4,0.0018931521031046634,1.2633369794115928E-4,0.0015596851600187835,0.0012247303735813757,8.699128086857551E-4,0.0016096189023614544,1.2722639173655962E-4,7.189746021239151E-4,1.1830515436332444E-4,1.0305407940288587E-4,0.003170634364223387,1.3002313046214543E-4],[1.3911759341656596E-5,3.151403293949141E-5,6.721637959498327E-5,1.2249778496410122E-5,4.952067322999064E-5,0.004428435218218602,0.0011512852389243759,9.448965598779801E-5,1.0535050267467416E-4,1.0,4.2124914669605564E-5,0.007870827168728299,0.0030076161666723637,2.1185032763805514E-4,3.7863754321707335E-4,1.1141084146004264E-5,6.333378580314675E-5,1.1721607485863793E-5,0.001711131827950964,1.0032855496021231E-4,6.184101450822003E-5,1.1034048742736982E-5,1.7874984065966882E-4,1.4290496223008764E-4,8.079983332580483E-5,0.0011044905240169944,7.240051331123002E-4,0.03440165183951385,2.3945937434813352E-4,9.378557031148186E-5,1.175958013972518E-5,1.1325168288459969E-5,7.359179578937356E-4,0.0024460657389369107,1.0720776455752187E-4,1.6554367529332623E-4,1.135713147359446E-5,0.0028470874295658003,0.005263532543026372,6.42236591275086E-5,1.1569087390690268E-5,2.7410295876928728E-5,1.4786722844552629E-5,1.549138611845518E-5,0.0011446458949741893,3.605968562802252E-5,1.410714851712942E-4,4.3399496397832896E-4,5.844778217337828E-5,0.0015314371408330218,3.9277719361377944E-4,2.2691346248637407E-4,0.0014173879844799312,1.1121114181114071E-4,8.264130853722993E-4,1.113474646576547E-4,1.3783735906356666E-5,0.003368061861562707,1.4742897720435816E-4],[3.702648622684727E-5,7.40469754133184E-5,1.1298177711467836E-4,7.884483389226739E-5,1.0358406855736064E-4,1.3605192453576177E-4,4.684031709124199E-4,1.0479588052918577E-4,1.0033638221842227E-4,4.2124914669605564E-5,1.0,3.0109760224377195E-4,0.014567509201236237,2.2925415867892858E-4,6.558785329496046E-4,8.938451769209779E-5,1.0648501055306319E-4,1.863985992921856E-4,0.003657807021129081,1.2170452363841083E-4,1.0158681268904902E-4,2.284492286347899E-5,4.361849344057129E-4,1.2689859318163417E-4,9.193080959256581E-5,1.869823514108377E-4,4.888997171710936E-4,0.0023670557561757725,1.7171546166590079E-4,1.021082334636329E-4,6.839193437101498E-5,9.634118402762195E-5,2.0721181926578746E-4,0.001666577003331446,1.1069490245688813E-4,2.1331475915914932E-4,3.287068095009086E-5,7.119471538971442E-4,7.216672637312173E-4,1.2929872406174472E-4,2.9313925939505122E-5,4.615480475032755E-5,7.507847899473357E-5,4.5865635210479475E-4,9.68283580304476E-4,9.711331533992726E-5,6.516318356852622E-4,0.0026015871311237714,1.3384167739625657E-4,9.731085242407349E-4,0.009277500637667467,2.840159086861515E-4,0.02068895447512607,1.0940536693414552E-4,5.253661445867507E-4,1.0448989739109295E-4,9.171940438459388E-5,0.003591577543020081,1.4571305141270678E-4],[0.0010952184326619798,0.00746511499293558,0.00866732108938164,0.0016798921709049936,0.012029536658688507,0.006134170575865189,0.011018516720402551,0.004434139467036052,0.007565094054691696,0.007870827168728299,3.0109760224377195E-4,1.0,0.01614743527361697,0.008301006658402554,0.007437369643760022,0.0010229751322009277,0.008468335191632785,0.011284582236863032,0.008391664123738117,0.00509687801349699,0.00421718008037389,0.010022967883896285,0.004119697048259279,0.01288127017468789,0.002381121686940221,0.011074471682722709,0.005194448257802598,0.051226544719356275,0.01013738358196564,0.007816940291643508,0.00949204607945226,0.007987161665279208,0.011595514430833462,0.007159533383041473,0.011012828803151188,0.012474009909930622,0.01310009470901342,0.006848201601386716,0.012181085994509993,0.006867933211083198,0.006660528843220264,0.012438127987408997,0.004346672938135475,0.006473843336146038,0.009516017643128018,0.013294692740507118,0.0012021651525521034,0.010928361375312338,0.006138801579698861,0.011299126989025365,0.01137487934263598,0.008828176843720371,0.01893197609451496,0.013020633840995586,0.0044598225860396044,0.005803376321831406,0.007808542926872251,0.006622012336110476,0.010796744799864155],[0.012905183821506695,0.002984182538534611,0.004939534366147097,0.006708148760440881,0.010031228062703613,0.02143253406033627,0.008027153490619528,0.014793587520631033,0.018561945712188888,0.0030076161666723637,0.014567509201236237,0.01614743527361697,1.0,0.005219071936935883,0.006549534300161457,0.015102414641820676,0.02093872910877586,0.021051773035103274,0.015990355616393632,0.011040899381842549,7.322633102639566E-4,0.021783235603592823,0.01854386108356064,0.021893476377576018,0.0070350490997936966,0.015603166860864739,0.020986427195961013,0.04813201134054437,0.006200917573235932,0.01744530625585409,0.0068193112714894435,0.00818631381861149,0.02372974966512807,0.006968662117932388,0.016365379085655204,0.022936679994554874,0.016893995017404823,0.01750396978891415,0.018052717236999458,0.018199252737862402,0.018115422009358763,0.004467648895051713,0.02089107979656537,0.007019361522340957,0.016784654080276244,0.009005474832202147,0.02035503151308492,0.019704540171188827,0.0014469276298621045,0.0061965969231014455,0.01724114687837191,0.014907529147321137,0.023798527895144007,0.01844130716824119,0.003949763033954874,0.015409145768073099,0.011861107183965863,0.01663818394623329,0.00841506257711282],[1.5375060491115973E-4,2.3685712637469376E-4,2.736184724801615E-4,3.071807284472954E-4,2.8100517777435304E-4,0.0035320683990739867,0.001183049825432346,1.6295827902602765E-4,3.0591361169112174E-4,2.1185032763805514E-4,2.2925415867892858E-4,0.008301006658402554,0.005219071936935883,1.0,0.0011547171496045505,3.0993967494343086E-4,2.4129796177478456E-4,3.1724367329273454E-4,0.001306712514734906,2.2276321662196712E-4,1.3882902731249838E-4,8.389695655902152E-5,8.29512017875804E-4,1.656548491716476E-4,1.3006783942860636E-4,9.15007476493391E-4,0.0011015464202871047,0.012001555979410723,3.315874551418023E-4,3.3198232525088594E-4,3.183361451032554E-4,2.616631563646142E-4,6.221680652148064E-4,0.003652114831969499,1.3535504643876061E-4,4.97829105829476E-4,2.3310395021066164E-4,6.582657638983505E-4,0.006323665872343927,3.2623987089538676E-4,6.133461691809137E-5,3.097975729183983E-5,1.265133763852246E-4,3.6962997853612264E-4,0.0011825903157446315,1.6731581029238914E-4,4.4020106611793565E-4,5.455162969314221E-4,2.4831776407244595E-4,0.0017581544767317136,0.007477052726687085,5.635284751893943E-4,0.01854582833884237,3.066936353883842E-4,8.683038405429911E-4,2.722376103909819E-4,1.599256844366426E-4,0.0018343419604090118,1.8234822954337434E-4],[8.373013530233266E-4,5.906716025196771E-4,9.860654439102536E-4,2.8759322189407207E-4,1.1578629174736705E-4,0.005506004636915467,0.0030763164092566346,5.859989664885007E-4,1.7860541256961652E-4,3.7863754321707335E-4,6.558785329496046E-4,0.007437369643760022,0.006549534300161457,0.0011547171496045505,1.0,2.9798342621656098E-5,0.0012079324394298218,0.001062449567426094,0.0023854898810459543,0.0012962688034105102,0.001289380303824651,5.370210079103215E-4,0.0014190516773145336,0.0012852843186598767,0.0012251996685772675,0.0013558652079782203,0.0013164842430635662,0.035430143604759386,0.0010719264118591307,8.832053261170196E-4,0.0011239049117230838,8.509818075907887E-4,0.0011949603233950342,0.002749724607877222,1.8286402823828243E-4,0.0013276100851536436,7.432130470380013E-4,0.0015315212573874446,0.00280096580996393,4.411168583446721E-4,0.0011956683444921973,6.575194059837144E-4,0.0010156994334602303,6.795537066094679E-4,0.001636260713489963,8.13110419972122E-4,0.0013148353997059115,0.0013612100378407209,0.0011416425657676374,0.0019129251274691867,0.009851885986470061,0.0014394841257599194,0.012781774764033069,1.9950624998690337E-4,0.0013141581918271086,9.351857329723081E-4,1.069166993803585E-4,0.0029571665884088752,0.001086369586235587],[1.8705897779851486E-5,2.9932846004023235E-5,1.9938966122038752E-5,3.0274076652241712E-5,1.0038933287129801E-4,0.004973405415028012,3.595364365373357E-4,1.1573195952160287E-4,1.1676670248888684E-4,1.1141084146004264E-5,8.938451769209779E-5,0.0010229751322009277,0.015102414641820676,3.0993967494343086E-4,2.9798342621656098E-5,1.0,5.413545311851722E-5,1.2540696324140312E-4,4.939292598590601E-4,1.0650914480428956E-4,4.1706136352651355E-5,1.2503418650459488E-5,3.2496065223231287E-4,1.3562891069479832E-4,7.149885071359908E-5,4.304727597660445E-4,9.9782962232438E-4,0.040754911326969324,2.1634704237525934E-4,2.7025348033558793E-5,1.3241085473167104E-5,1.3275594286140812E-5,3.3426298134446526E-4,0.0015240014827863438,6.422370738013675E-5,2.4345374742561012E-4,1.77792512879014E-5,0.0010827711213822861,0.0028153257148503816,2.379833815941292E-4,2.0601976907728053E-5,1.5373771816355033E-5,1.7319711306911024E-5,1.8963462181903977E-4,5.371064569121674E-4,1.742085702033349E-5,4.923498130899167E-4,0.0023559965589957936,5.0127274690372326E-5,6.850030216642491E-4,9.123495222184961E-4,4.1669837740680905E-4,0.005611446400214609,1.10027654308229E-4,5.218046940753862E-4,6.378280213771953E-5,3.217869721703517E-5,7.742703050819888E-4,1.1188369761623843E-4],[1.0654154808841677E-4,4.1109234037734216E-5,1.1686875480302349E-4,4.5055181290455556E-5,1.0747599959549459E-4,0.0010416901100687268,0.002041969974240264,1.1308040326294776E-4,1.081725183227462E-4,6.333378580314675E-5,1.0648501055306319E-4,0.008468335191632785,0.02093872910877586,2.4129796177478456E-4,0.0012079324394298218,5.413545311851722E-5,1.0,1.6977581472900376E-4,0.0015697434886975216,1.21806310106028E-4,1.1175405916509866E-4,1.0124068139384463E-4,0.0012303986163049068,1.3320278273925822E-4,1.0132855987134055E-4,0.0010415077297737663,8.593734057810575E-4,0.03407294882665673,2.6508786810312574E-4,1.0759585497962711E-4,1.9072985177891465E-5,1.0452839768333166E-4,6.911984600074929E-4,0.0010730081137679752,1.2396208614966843E-4,4.48948935471957E-4,9.66929562036654E-5,0.0025083157997249864,6.800569576442569E-4,2.3331871984494523E-4,9.307288280970918E-5,4.905430902397204E-5,8.235365613805035E-5,1.83925354280952E-4,0.0011627196262034324,6.703964198505907E-5,2.457097308095103E-4,2.0255958770317096E-4,1.3022697317473085E-4,6.939667251979029E-4,0.005074427455798139,7.112254146156842E-4,0.005153535693996792,1.1456352228330083E-4,6.581643924845925E-4,1.1140354232506767E-4,5.1676857902169434E-5,0.003473715296059123,1.440688101695261E-4],[1.2900071057702275E-4,2.1336921263245451E-4,1.3966459006693215E-4,2.285767476371998E-4,1.2181645621009725E-4,0.001342664709041593,0.003065364869564309,2.275142465005988E-4,1.4242221803958618E-4,1.1721607485863793E-5,1.863985992921856E-4,0.011284582236863032,0.021051773035103274,3.1724367329273454E-4,0.001062449567426094,1.2540696324140312E-4,1.6977581472900376E-4,1.0,0.0034431161022125214,2.0245158318698756E-4,1.4731039878301878E-4,1.7035243554638094E-4,8.583962882802048E-4,1.985160915591727E-4,8.889448187852473E-5,5.425206361048334E-4,0.001203814972379447,0.04372862333251807,2.976040731531618E-4,1.9119251929771347E-4,2.29233853831574E-4,9.359372539565297E-5,9.931882588696496E-4,0.001048325297710935,2.3264548027996512E-4,5.185241271460301E-4,2.036114798935836E-4,4.168344224068669E-4,0.005054407433271623,2.444864898955769E-4,2.2472416370008453E-4,4.1907743266855876E-5,3.1389476654401754E-5,4.8088720060364E-4,5.357125102738512E-4,4.5239473601231324E-5,5.75573753631946E-4,0.0017178683422465117,2.322632028237005E-4,0.0011351112435483977,0.0027785988366167175,0.0014667738130982003,0.004729573347345655,1.4031872510649184E-4,8.646612623313468E-4,2.2380618192282837E-4,2.1827234738567991E-4,0.0028734821256161534,2.4200166381907988E-4],[1.920773620229677E-4,0.0028675955313948024,0.0020820179466573573,8.545347267739833E-4,0.0036078227628000246,0.005451435100287775,0.004857450043514462,0.0028249752443288067,0.0014751627679683898,0.001711131827950964,0.003657807021129081,0.008391664123738117,0.015990355616393632,0.001306712514734906,0.0023854898810459543,4.939292598590601E-4,0.0015697434886975216,0.0034431161022125214,1.0,8.26341284534753E-4,0.0020234662404356807,0.0018153175049606212,0.0022643931836916105,0.00452605637844588,7.553134249835682E-4,0.004355229210119012,0.003794269395137522,0.04878108543521222,0.002083723807599959,0.00488817177866661,0.0047974019363207126,0.0014461649654442144,0.0040689105410269535,0.004653968143352757,0.0020080132842693215,0.002551021211013594,0.004705985791268103,0.004051733847646883,0.008641614071096732,0.0033349590453895933,6.151033952115011E-5,0.0035507992625205048,4.201393488982418E-4,0.0023142265017633765,0.002575585944100763,0.0018282481120347222,0.0037694760560838293,0.004798495116715912,0.0030483193005625573,0.002100827948082394,0.005570361890117439,0.0041557508649240965,0.012451925523089397,0.003461536161038052,0.004264592868659183,0.004070387446803277,0.00226345818185302,0.004300013753890129,0.0038138495622631317],[2.1216447143087264E-5,5.9010261498260036E-5,1.2046712117648211E-4,3.998544720583774E-5,1.273076730567166E-4,7.568071216971354E-4,0.002292188240641355,1.2844186410961386E-4,1.3190151726235938E-4,1.0032855496021231E-4,1.2170452363841083E-4,0.00509687801349699,0.011040899381842549,2.2276321662196712E-4,0.0012962688034105102,1.0650914480428956E-4,1.21806310106028E-4,2.0245158318698756E-4,8.26341284534753E-4,1.0,1.2891485600313897E-4,1.1042907244348218E-4,0.0010993679199854866,1.4249376607330916E-4,8.882629012539241E-5,0.0011847908796888834,9.911388677459497E-4,0.045842570550287995,1.54425966708187E-4,1.1671954147480349E-4,6.146429500567427E-5,7.766223349067561E-5,6.923609894362049E-4,0.0012646052952173012,1.3279705028798892E-4,2.770231465381934E-4,1.2493022985078056E-4,0.0016619162334226129,0.007316495554383192,1.4762826670921113E-4,1.3397954812224263E-4,9.780935965456272E-5,1.0440394119266879E-4,4.6358282857098833E-4,2.3453987284103092E-4,8.400839113138669E-5,5.938147352659077E-4,8.477458260741209E-4,1.3623004406142236E-4,6.385292191476879E-4,0.009190512897409672,0.0016753250329466021,0.015097235764192772,1.3194564456896137E-4,6.33440863632599E-4,1.2255784142653663E-4,7.407074914191989E-5,7.026378587679851E-4,1.6590460782341994E-4],[7.289968143926964E-5,1.107467854440066E-4,1.1897457066008329E-4,8.240627287039239E-5,1.1320961523185386E-4,0.0017782979940682325,9.568640199573367E-4,1.2159275230401701E-4,1.219999893893396E-4,6.184101450822003E-5,1.0158681268904902E-4,0.00421718008037389,7.322633102639566E-4,1.3882902731249838E-4,0.001289380303824651,4.1706136352651355E-5,1.1175405916509866E-4,1.4731039878301878E-4,0.0020234662404356807,1.2891485600313897E-4,1.0,6.919164283359446E-5,8.413784080498437E-4,1.2882459242193192E-4,9.049658998241987E-5,9.166717712904923E-4,7.290801907302316E-4,0.05846249053855047,2.9680653456166635E-4,1.1733517018710182E-4,8.536259751582592E-5,4.280505967905087E-5,2.3066320686559191E-4,0.002358860884291763,1.2392203582505768E-4,3.8077849485387393E-4,9.780402149277875E-5,8.103904786565867E-4,0.006527358251846712,1.6327261464409428E-4,1.1632057589945578E-4,6.1029683875341096E-5,1.0032995535819206E-4,2.108854910811402E-4,0.001291888404233442,6.486003018178097E-5,2.87039141146934E-4,0.0025723277389500154,1.3327574349859732E-4,0.0014411124137850076,0.0060030634463500675,0.0012632977598040222,0.009285681374324149,1.2768496678124534E-4,2.7494319507377065E-4,1.1277628718012767E-4,6.237973512869119E-5,9.621747128200007E-4,1.3897052652081017E-4],[1.632949451444179E-5,3.132420990418193E-5,9.941282580465403E-5,2.206550059066303E-5,8.114964048777793E-5,0.003919419601071165,0.00307390504717844,2.992254020528534E-5,5.1162367632275136E-5,1.1034048742736982E-5,2.284492286347899E-5,0.010022967883896285,0.021783235603592823,8.389695655902152E-5,5.370210079103215E-4,1.2503418650459488E-5,1.0124068139384463E-4,1.7035243554638094E-4,0.0018153175049606212,1.1042907244348218E-4,6.919164283359446E-5,1.0,3.8253458605524944E-4,8.890888218189498E-5,8.007289992671849E-5,4.36340009684258E-4,0.0010626292522982342,0.03667949578018856,2.6713123037419074E-4,5.0648393033004356E-5,1.2348502929378723E-5,1.1454054406065745E-5,2.2434661933288578E-4,4.5611529949363957E-4,2.7129832519437635E-5,2.797410007902902E-4,2.025756853655615E-5,0.0012022217952821206,0.009782460560810727,1.0090391495892783E-4,1.4455852298556978E-5,1.956765842318274E-5,1.7927040571117195E-5,2.4224098364842095E-4,0.0013302780122787666,3.6758197038870344E-5,6.240312928954329E-4,0.0026038884357787737,9.66078250164022E-5,0.0013289365010574479,0.0029745739798656672,5.698943639561471E-4,0.018884325244210836,7.18191212851966E-5,5.94186184023561E-4,2.9543547252523908E-5,4.3878102888084854E-5,8.447305336002514E-4,1.1735841518786243E-4],[1.8039541080303514E-4,8.123348456674628E-4,0.0011817242868281683,2.1740818965491394E-4,0.001067893785998406,0.00316003489258766,0.002037397235178253,7.350278402924256E-4,0.0013496638469223052,1.7874984065966882E-4,4.361849344057129E-4,0.004119697048259279,0.01854386108356064,8.29512017875804E-4,0.0014190516773145336,3.2496065223231287E-4,0.0012303986163049068,8.583962882802048E-4,0.0022643931836916105,0.0010993679199854866,8.413784080498437E-4,3.8253458605524944E-4,1.0,0.0011329845093632819,0.00122644166678477,0.0013948518715356125,0.0013019469604217439,0.007313317937005867,0.0010715524873036865,0.0011801759072430332,4.568980390322825E-4,0.0011605476762295399,0.001364515311930666,0.003162152126236271,4.162129802253587E-4,0.0011762029208729177,1.085641993296842E-4,0.0028902505523412097,0.004041630224675052,9.582345991919728E-4,3.1670827297396685E-4,7.765302606976632E-4,9.765475542787254E-4,0.0011743758207258888,0.0016856135546570352,0.0010260601351771404,0.001340691199311211,0.0022442286608425465,0.0012228106148080397,0.0018608915139631014,0.0050604739564193875,0.0015569085260595074,0.01719194036479239,6.757217825692499E-4,0.0011339603318212886,0.0013369074703026833,1.126648901368473E-4,0.0016463758623520793,7.407451353618902E-4],[1.237273752621642E-4,1.5163434584649802E-4,1.4456537894383322E-4,7.869351104587257E-5,1.2804976265553986E-4,0.00492250680545629,3.9417555705951725E-4,1.5488190361552444E-4,1.380854743855753E-4,1.4290496223008764E-4,1.2689859318163417E-4,0.01288127017468789,0.021893476377576018,1.656548491716476E-4,0.0012852843186598767,1.3562891069479832E-4,1.3320278273925822E-4,1.985160915591727E-4,0.00452605637844588,1.4249376607330916E-4,1.2882459242193192E-4,8.890888218189498E-5,0.0011329845093632819,1.0,1.1571050441725123E-4,0.0011005997911736002,0.001079632292737229,0.04555211257297848,2.9185261854219164E-4,1.5250941478898056E-4,5.950079084348346E-5,1.0142952500726666E-4,6.857717532857085E-4,0.003533280515422823,1.5901155471186398E-4,3.855358306462051E-4,1.529144747300287E-4,0.002242743386884341,0.0022480802836036093,1.9952435030366498E-4,4.672404408253474E-5,7.186528090270448E-5,4.7252456136080364E-5,3.910881746133798E-4,0.0014455822019088186,9.909007872102503E-5,4.904348999927035E-4,9.116769661084761E-4,1.4075578978587456E-4,0.001327106993433817,0.009940758668067134,0.0016129075898077784,0.005096879792041734,1.52515988435914E-4,5.360348094015724E-4,1.3380544347047247E-4,7.204751905751193E-5,0.002899557398602146,1.6655309937417702E-4],[7.316771393661668E-5,6.523367444775718E-5,1.1088748188498998E-4,4.5531104894717934E-5,9.704069284815846E-5,0.002161746930190471,6.860701691106896E-4,1.2096363953389581E-4,8.35114037159461E-5,8.079983332580483E-5,9.193080959256581E-5,0.002381121686940221,0.0070350490997936966,1.3006783942860636E-4,0.0012251996685772675,7.149885071359908E-5,1.0132855987134055E-4,8.889448187852473E-5,7.553134249835682E-4,8.882629012539241E-5,9.049658998241987E-5,8.007289992671849E-5,0.00122644166678477,1.1571050441725123E-4,1.0,0.001289410126218732,7.102996162980152E-4,0.04154675367684848,8.85887438776094E-5,8.983843366368529E-5,3.702101438254085E-5,5.74052684737099E-5,2.547772730243902E-4,0.0011795007397231959,8.560166807609986E-5,1.293846310758709E-4,2.8256594144971305E-5,1.736080274657675E-4,0.008249585023555613,2.446058008751146E-4,4.667346153072185E-5,4.557135134121712E-5,4.4594051220599146E-5,4.7275402525495804E-4,0.0015524899452597672,7.145222795390232E-5,8.643153955639904E-5,0.002513735407593345,1.2173991674532239E-4,8.644998909120743E-4,0.008673954542223866,0.001012814590443537,0.013956113552501512,1.023308340370843E-4,7.494180446890021E-4,1.082685973680508E-4,5.6123828866994284E-5,4.336411114230271E-4,1.409933675544951E-4],[0.001346156726065844,5.396981808352213E-5,6.068261459472516E-4,9.577620074583865E-5,3.112438969314512E-4,0.003426057046323582,0.003172114368414158,0.0010211579699649872,6.263021056499063E-4,0.0011044905240169944,1.869823514108377E-4,0.011074471682722709,0.015603166860864739,9.15007476493391E-4,0.0013558652079782203,4.304727597660445E-4,0.0010415077297737663,5.425206361048334E-4,0.004355229210119012,0.0011847908796888834,9.166717712904923E-4,4.36340009684258E-4,0.0013948518715356125,0.0011005997911736002,0.001289410126218732,1.0,0.0012960630674077507,0.0193249797911156,0.0011011927495785086,9.92024216480469E-4,7.49260914228562E-4,8.581678274576307E-4,0.001196019298784531,0.003857439841800528,0.0013176471047331186,8.645165615597875E-4,9.646868387585976E-4,0.0025281851784813643,0.007230577315137857,0.0010631515906081442,0.001243232769900945,2.113744461658324E-4,4.108449263506651E-4,6.617297442967144E-4,0.0013834502843849486,5.982133751939132E-4,0.0011519972020123926,0.0025900536650911646,1.5228825168241825E-4,0.0015199582444337383,0.007364337737778479,0.0016306671106271898,0.005325260716404652,5.525647990648507E-4,0.001028422441566284,3.6676600789715876E-4,8.236128936820491E-5,0.0038688226182233454,6.495878256779338E-4],[4.6290301586215536E-4,1.1100813172121912E-4,7.825923386360948E-4,1.7169149027869134E-4,2.802908212496282E-4,0.004125558530960767,0.002766742256733258,0.0011401078886345269,5.311801055172739E-4,7.240051331123002E-4,4.888997171710936E-4,0.005194448257802598,0.020986427195961013,0.0011015464202871047,0.0013164842430635662,9.9782962232438E-4,8.593734057810575E-4,0.001203814972379447,0.003794269395137522,9.911388677459497E-4,7.290801907302316E-4,0.0010626292522982342,0.0013019469604217439,0.001079632292737229,7.102996162980152E-4,0.0012960630674077507,1.0,0.03238141281683329,0.00126677196017068,0.0010940366931648496,3.9923790594682763E-4,3.775647942095517E-4,0.0010475706160470392,0.0040403483134465465,2.1512167218788898E-4,8.682091996482156E-4,0.0010363982645850453,0.0020501303117495444,0.009047933561560398,7.423067409751715E-4,7.735984653597151E-4,3.6520817703386126E-4,8.158895511812166E-4,6.845927184312016E-4,0.0015468957154606902,2.1462618339913815E-4,9.024742950081393E-4,0.0016557431405281474,0.001131904460702678,0.0016994098337893327,0.007315922308403412,0.0015998618248508816,0.012301628505817695,5.2727102970763E-4,9.301931824087843E-4,8.69681058179522E-4,0.001121271452607764,0.002587800746956359,0.001162406703843961],[0.043386893206797165,0.010366327164794279,0.04942628594284733,0.01371300742233425,0.005744756373610223,0.04037388458649221,0.005829675945575553,0.03877594495910467,0.029839201391282537,0.03440165183951385,0.0023670557561757725,0.051226544719356275,0.04813201134054437,0.012001555979410723,0.035430143604759386,0.040754911326969324,0.03407294882665673,0.04372862333251807,0.04878108543521222,0.045842570550287995,0.05846249053855047,0.03667949578018856,0.007313317937005867,0.04555211257297848,0.04154675367684848,0.0193249797911156,0.03238141281683329,1.0,0.052125710205133395,0.010253942467448436,0.05023762818931803,0.034429087392224014,0.05501041886443393,0.04822761960211715,0.04683446486535856,0.0344177538837133,0.010603835159199201,0.027383972439616298,0.05150493397251954,0.0021266733158647744,0.049292170349662656,0.04472851184337927,0.04914831432111412,0.04281055531982496,0.013042862942341932,0.02301558723271598,0.03022141763701439,0.025146896241807902,0.016407099577039806,0.044854513695331645,0.023728624731520865,0.05127086803216699,0.05515760511340052,0.014911471050282668,0.04959540097613919,0.0302271683225434,9.819370557111987E-4,0.01678704750521314,0.008072782431582125],[1.2160458330373979E-4,2.542432320272463E-4,1.3468256358249286E-4,3.063160373234982E-4,3.0610198376258043E-4,6.104521380503734E-4,0.002798620293087717,2.9374227811198645E-4,1.8688041787183924E-4,2.3945937434813352E-4,1.7171546166590079E-4,0.01013738358196564,0.006200917573235932,3.315874551418023E-4,0.0010719264118591307,2.1634704237525934E-4,2.6508786810312574E-4,2.976040731531618E-4,0.002083723807599959,1.54425966708187E-4,2.9680653456166635E-4,2.6713123037419074E-4,0.0010715524873036865,2.9185261854219164E-4,8.85887438776094E-5,0.0011011927495785086,0.00126677196017068,0.052125710205133395,1.0,2.1040042218174314E-4,1.7041960971003108E-4,2.322132480948366E-4,5.006736561906865E-4,0.001707447038082074,1.8934202977853722E-4,4.032775681972509E-4,3.01962092741654E-4,3.8677333047515503E-4,0.0028922021869795082,2.6500534331792353E-4,3.016850690918221E-4,2.4097144994507036E-4,9.364023647774302E-5,3.231432909940804E-4,5.87876673390621E-4,2.177320373772886E-4,6.557915386500178E-4,4.009237852825904E-4,1.75949155497071E-4,0.0011402822208933213,0.008972780003327314,0.0014149317811751336,0.0014903020465696012,2.2940909843751367E-4,5.841244217995761E-4,1.3067831251472526E-4,2.8083770768060306E-4,0.002761278435616093,2.8455713847624605E-4],[3.370501308318222E-5,8.955927013152483E-5,1.1189754509612026E-4,8.911917080542376E-5,1.0700290883484351E-4,0.002302554627196236,1.6358297191078098E-4,1.1243346384120304E-4,1.1373126056795174E-4,9.378557031148186E-5,1.021082334636329E-4,0.007816940291643508,0.01744530625585409,3.3198232525088594E-4,8.832053261170196E-4,2.7025348033558793E-5,1.0759585497962711E-4,1.9119251929771347E-4,0.00488817177866661,1.1671954147480349E-4,1.1733517018710182E-4,5.0648393033004356E-5,0.0011801759072430332,1.5250941478898056E-4,8.983843366368529E-5,9.92024216480469E-4,0.0010940366931648496,0.010253942467448436,2.1040042218174314E-4,1.0,6.104761302613237E-5,8.201806151885872E-5,2.1693423968529327E-4,7.759287514287494E-4,1.101305808436792E-4,5.187359422535108E-4,6.653779253684914E-5,0.0026281218536364243,5.145087080683703E-4,1.4101844733720284E-4,9.682506322242836E-5,6.510539577446018E-5,3.0408327830310486E-5,4.7116102040029864E-4,3.702043037280842E-4,1.0544260850283777E-4,1.572301544454109E-4,0.001279535200477033,1.3192189484083027E-4,0.0011392604388516304,0.010600318835816861,7.351989137048285E-4,0.01227908887591959,1.1944207967914386E-4,5.577409420936359E-4,1.0795900848290457E-4,7.059523973415948E-5,0.002062417883888035,1.1729453315798596E-4],[1.8498452877506226E-5,1.681185947376022E-5,9.820289610431207E-5,2.2827611833157228E-5,1.6411989054027107E-5,7.506954577354544E-4,0.0026681669973311973,9.578927203969276E-5,6.437991364541888E-5,1.175958013972518E-5,6.839193437101498E-5,0.00949204607945226,0.0068193112714894435,3.183361451032554E-4,0.0011239049117230838,1.3241085473167104E-5,1.9072985177891465E-5,2.29233853831574E-4,0.0047974019363207126,6.146429500567427E-5,8.536259751582592E-5,1.2348502929378723E-5,4.568980390322825E-4,5.950079084348346E-5,3.702101438254085E-5,7.49260914228562E-4,3.9923790594682763E-4,0.05023762818931803,1.7041960971003108E-4,6.104761302613237E-5,1.0,1.6230462727234786E-5,2.1070551391154214E-4,0.0013666912974840705,7.512084365422096E-5,3.0513171478753124E-4,1.9835220065213264E-5,0.0020918563823241845,0.008058809801455971,7.153620882072929E-5,2.55861350984468E-5,1.3339491366842192E-5,2.2438941564979926E-5,1.9965236678572167E-4,2.4485488245073615E-4,4.113439305257229E-5,4.2590571880580743E-4,3.769700901784326E-4,1.302464428426629E-4,0.0018427401124645542,0.00994319063079357,3.1167119649651455E-4,0.009143071109484393,7.225681673964471E-5,1.7279782477472904E-4,8.13763640497026E-5,3.592505410124715E-5,5.561164089392483E-4,8.504173292866684E-5],[1.932034070260293E-5,2.7885400021136334E-5,5.979052176729717E-5,1.7306710474086443E-5,4.057078121506554E-5,0.002811373086892832,0.0031938036043570005,1.1620541690345339E-4,5.6569351235418435E-5,1.1325168288459969E-5,9.634118402762195E-5,0.007987161665279208,0.00818631381861149,2.616631563646142E-4,8.509818075907887E-4,1.3275594286140812E-5,1.0452839768333166E-4,9.359372539565297E-5,0.0014461649654442144,7.766223349067561E-5,4.280505967905087E-5,1.1454054406065745E-5,0.0011605476762295399,1.0142952500726666E-4,5.74052684737099E-5,8.581678274576307E-4,3.775647942095517E-4,0.034429087392224014,2.322132480948366E-4,8.201806151885872E-5,1.6230462727234786E-5,1.0,3.81698661584108E-4,4.964200460850568E-4,6.076937728148378E-5,2.3136261399072787E-4,1.756058914373934E-5,0.0027053399905359933,0.004528932338233062,1.2274138901627313E-4,2.0819727473847646E-5,1.9137295542955973E-5,1.8449590125316376E-5,3.557211042461682E-4,6.023828352633183E-4,2.749743673000354E-5,5.497865294482659E-4,0.001871858280286137,2.8345899219234874E-5,7.62830773555536E-4,0.006503697371133863,0.0016391065445422392,0.015275055257592799,1.9437997466175117E-5,7.43566289842982E-4,3.45746681419317E-5,2.7348156892225018E-5,0.0019188644798790082,7.947405899706202E-5],[6.86297510319676E-4,6.899116462621986E-4,7.927715307702066E-4,9.589485160468156E-4,7.756504561148766E-4,0.0016909926382076721,0.0017896676606636154,2.8384927484955617E-4,2.3420139527308208E-4,7.359179578937356E-4,2.07211819