[[1.0,0.0010164954224864814,7.111306538172858E-4,0.0010821205498558646,2.4690967065042123E-4,0.024191414338908163,4.4814651387958636E-4,3.85583506293915E-4,4.252795904970254E-4,4.231643315286182E-4,5.129560268333451E-4,8.307977409974824E-4,0.01158861994636439,2.5313739385914285E-4,6.780591582953403E-4,0.008135038482527435,0.003433442743143479,9.0890205100221E-4,7.015749876034651E-4,9.88111293831161E-4,0.0016028099091724651,0.0011696398014099255,0.0013253156958251246,7.407690116166166E-4,0.0010637195181709379,1.705331416159881E-4,7.928861529060004E-4,7.799270005542639E-4,0.0014222106180680162,8.002226787514333E-4,6.232584429896298E-4,0.0012925957540175813,8.175997594605585E-4,4.505154069948191E-4,3.9781534725308223E-4,7.985009657109792E-4,4.892830716900271E-4,8.805286218435536E-4,0.0013754724960740334,7.200681226547273E-4,1.9404508461316972E-4,2.244971002552242E-4,6.782385586073574E-4,8.42744340016718E-4,8.691605498978842E-4,0.0020633323093907103,5.131146618656762E-4,9.597714369737221E-4,0.001175790199005864,0.007507147374987585,0.0011544397347535672,5.264610374614892E-4,6.95240374647545E-4],[0.0010164954224864814,1.0,7.258575341950222E-4,0.0015969197842932127,3.3139704656872564E-4,0.02656836450991562,9.055462250494405E-4,6.181051183125568E-4,2.379925634359891E-4,4.907188656257873E-4,0.0010918819631992797,7.50997295275817E-4,0.008162599580808835,9.978973590877049E-4,0.001115394522277133,0.024041137777923792,0.0024158177970492285,0.001103589251220119,7.298558774533413E-4,5.76777728111895E-4,0.001946738039817994,0.002036745698686709,0.0011736626804739218,9.863820466202156E-4,0.001209789072856756,9.288170493497034E-4,3.5989293958303475E-4,5.786030100210767E-4,0.0014313182460303536,8.421965371391981E-4,6.467566228338824E-4,0.0012616847767775306,8.140282504979214E-4,7.356994301432395E-4,1.724331970416759E-4,9.702868291453757E-4,8.852034551421444E-4,8.15198235242451E-5,0.0013547129930758632,7.705789780251144E-5,0.0010408080233383437,1.9491952760835365E-4,4.404884008836844E-4,8.503401587108275E-4,3.595019478240936E-4,0.0017808451049552254,0.0010595955076726997,8.220306235124412E-4,0.0059878438184630695,0.014505253337365631,0.0011865795332140622,9.192425288114023E-4,5.849922980553717E-4],[7.111306538172858E-4,7.258575341950222E-4,1.0,0.001411599039651944,4.7045428036480766E-5,0.024080748165442624,6.468705309471874E-5,2.6654264320687273E-4,2.0185312220054617E-4,2.61743190150256E-4,4.4961550739747505E-4,1.904628377608453E-4,0.008955295673015283,1.9391576735471733E-4,3.302980797374014E-4,0.018286462357972714,0.002606252193345345,3.471887729039572E-4,3.819389869229494E-4,2.910854050729422E-4,0.0010465392822215588,0.0020533446625468593,3.457155970737849E-4,3.0530050499570345E-4,5.086711685836586E-4,2.3865841751391124E-4,2.626256718059188E-4,3.599208140265775E-4,0.0015268802359958654,3.977100934953642E-4,1.4948210407830445E-4,0.0010358789185603609,7.565671241878531E-5,3.1322583886998626E-4,1.8423454320697173E-4,5.281428643091299E-4,3.117177251759775E-4,1.9787106427817666E-4,0.0010063457860496592,2.586972439452478E-4,1.5858691134968615E-4,3.126623372524135E-4,1.9116905303970662E-4,1.5671684156112113E-4,1.3781996416070165E-4,0.0013048635578095456,3.3644564521173245E-4,3.3276210470170424E-4,4.870636405748275E-4,0.010132958923203674,4.341699725402184E-4,1.8747168242866922E-4,7.103528625125417E-5],[0.0010821205498558646,0.0015969197842932127,0.001411599039651944,1.0,4.1716152056702285E-4,0.020329119312339296,8.077295063622032E-4,0.0010659827463819756,6.792454616942856E-4,0.0012191398116363952,7.697300100709919E-4,0.0016637076623920609,0.011953954874784557,9.358684623627673E-4,0.001116764401286289,0.019662154533816284,0.002817799430631124,0.0012234898988307172,0.0010394491566808653,0.0015026941808434144,0.002197347813475744,0.002670762537198254,0.0015557529576728534,3.848817024868062E-4,0.0012997309442450758,0.0015292186686593641,6.267377618241295E-4,0.0015835355042076481,0.0019217127759769174,0.0012407537385794043,0.0016279236629568139,0.0016659903016582474,5.959139948343652E-4,0.0013507086101969953,1.547291658903992E-4,0.0011983060838691825,0.0013687210410402622,7.991207390516542E-5,0.0016668067379574905,0.0014602022786196656,7.809834076200855E-4,0.0016219056896220115,5.998436663219257E-4,2.918033878899879E-4,0.0012066914100522773,0.0017191124117551468,0.0010846180781013165,4.575708151808317E-4,0.0052593239122399665,0.008941117149376386,0.0013744959198913657,8.644881787679444E-4,2.0018913500916086E-4],[2.4690967065042123E-4,3.3139704656872564E-4,4.7045428036480766E-5,4.1716152056702285E-4,1.0,0.01872782246051693,1.0244262480358199E-5,1.59771398656178E-5,1.9694874884824795E-5,1.0771534645958105E-5,1.8763489447713274E-4,1.88284804408536E-5,0.002934663447463195,1.480906859086414E-5,1.4790376307287996E-5,0.011522576511236235,0.002952143913188035,3.815687385060198E-4,2.2204496957444316E-4,5.5346787438017686E-5,1.4494869050008693E-4,0.0026354634480704555,7.214044548476351E-5,1.0692583563827511E-4,1.9329581197832842E-4,1.119793638364219E-5,8.031867108093714E-5,1.4552726036483503E-4,0.0016926148123766768,4.00304900791888E-4,6.884368302371246E-5,0.0010857144694781955,1.0237137102052225E-5,1.9510532184674706E-4,8.880515961726674E-5,3.4549976659984256E-4,5.8635363026523295E-5,1.0649544225886966E-5,5.029764676150025E-4,1.0555403359137E-5,1.4547999649290407E-4,1.2059504288647547E-5,1.5852660685245276E-5,1.0224261453889506E-5,2.561226646759922E-5,0.001854032390803049,9.910233781715819E-5,1.4767085630680774E-4,0.005755625232208081,0.004189609864628918,0.001065391308097887,5.5954388113736E-5,1.0511156874531602E-5],[0.024191414338908163,0.02656836450991562,0.024080748165442624,0.020329119312339296,0.01872782246051693,1.0,0.0108868970588904,0.025052516359194102,3.334788822061673E-4,0.020500065554236616,0.018969501489295264,0.026033422149842993,0.027484340637049756,0.0015915516209241806,0.02686796631881113,0.02776974009000794,0.00856835388264392,0.020432995707022516,0.014754381671423233,0.0013477887980918016,0.021043273691310312,0.011339029496758034,0.008779729638013666,0.003054785164384658,0.0022378583448497756,0.005403515961625269,0.008490424757445145,0.002197792273478591,0.014520135249787538,0.02420640940889986,0.0012998962068516782,0.007458999395783957,0.01701729052733953,0.012627816734142374,0.010396558431343121,0.0017095945591008724,0.007391300657870185,0.01787236450066214,0.013068946460907817,0.01349823567750625,0.014627985434592178,6.23713220120812E-4,0.010128396408295392,0.0037052069198274815,0.0067004873814974,0.010732476730099472,0.011661301510747978,0.021973706852166226,0.01040271672756777,0.02709833069340111,0.0235002462412467,0.011230796733910886,0.013809537875514978],[4.4814651387958636E-4,9.055462250494405E-4,6.468705309471874E-5,8.077295063622032E-4,1.0244262480358199E-5,0.0108868970588904,1.0,2.0214306548299318E-5,3.1059172754479926E-5,1.2700740928699584E-4,3.884842998550404E-4,2.4367792114931064E-5,0.00420810391538098,1.5859183624580102E-5,2.2159623473677148E-4,0.017756157366407416,2.667409414716104E-4,2.3774523815845081E-4,4.8314640174358897E-4,4.6535807115312235E-5,1.9390454369183003E-4,3.614551928034691E-4,9.722522739254674E-4,9.072187283618045E-5,6.69852494337622E-4,2.1937615850280267E-5,5.602037537281505E-5,3.0288907110823516E-4,7.987423074280358E-5,4.2647925263614427E-4,8.455842640923355E-5,0.0012755254955397967,1.2082937753896613E-5,1.2183498150466204E-4,2.87212128226954E-5,6.890338013682234E-5,1.5233020133224997E-5,1.4978421703330772E-5,6.573379311922891E-4,1.2042727680880414E-5,1.4860084862420078E-4,1.3346909065289305E-5,7.391507578396931E-5,1.4160350565510823E-5,2.630620001127603E-5,0.001693480874751793,2.890478767151187E-4,1.0687293631723417E-4,5.303342706939632E-4,0.0016407528823470774,6.97509238767879E-4,1.0430836222235203E-4,1.1786186552664806E-5],[3.85583506293915E-4,6.181051183125568E-4,2.6654264320687273E-4,0.0010659827463819756,1.59771398656178E-5,0.025052516359194102,2.0214306548299318E-5,1.0,3.638404483909681E-5,1.2973391659206086E-4,2.56641759843172E-4,4.703947851382256E-5,0.007374642779124184,3.465340099619536E-5,1.376276874897121E-4,0.005048122337053474,0.003217843277238892,5.59737898604633E-4,3.9676692348445037E-4,1.0729855785091901E-4,0.0016223576971191294,0.0014168288849677275,0.0012639114560440863,2.632818328722224E-4,7.760241191403107E-4,4.030214849528468E-5,1.3076137820796502E-4,3.4876776288385195E-4,0.0035315047891732276,4.271862811648998E-4,1.4475094950309168E-4,0.0010163796801038805,3.439796899943097E-5,1.6797320722776362E-4,8.207261835746515E-5,5.162657871864204E-4,1.0411506732252024E-4,3.249547386429452E-5,0.0013989211884482375,2.9544740561928767E-5,8.878052623964466E-5,3.3045998629994744E-5,8.166879328348418E-5,2.305598637898755E-5,5.801571108350983E-5,9.716562899766767E-4,9.703897486065311E-5,8.053261447217425E-5,0.004740475499051175,0.009211546494570864,3.1999798585362587E-4,7.483337851210892E-5,1.5165923553745265E-5],[4.252795904970254E-4,2.379925634359891E-4,2.0185312220054617E-4,6.792454616942856E-4,1.9694874884824795E-5,3.334788822061673E-4,3.1059172754479926E-5,3.638404483909681E-5,1.0,1.1221864831682335E-4,3.206506358932337E-4,4.7474088840567186E-5,0.0022072320850735354,3.3754640597999155E-5,5.376632422403874E-5,0.004019650666674865,4.6565480845313075E-4,1.1409599378844281E-4,6.741940293082903E-5,6.0964525957670735E-5,0.0017858018978180949,9.277911146783322E-4,1.1001457279217507E-4,2.6963083277814633E-4,6.405444616382732E-4,5.3684857864701743E-5,5.633976921063703E-5,3.569849490488334E-4,0.003498815705302593,2.5734184314265456E-4,1.043788054748059E-4,4.315168237407801E-4,3.318836182513289E-5,1.0006285018121709E-4,1.2691525164991706E-4,3.653847832131117E-4,9.53380580765408E-5,2.6196233874633846E-5,9.366556034265769E-4,3.371599231780201E-5,9.017838585137138E-5,2.88389823571919E-5,5.769325401080247E-5,2.786795763596977E-5,5.121700295565412E-5,4.5037211202027824E-4,1.2254264957687193E-4,1.1834222218606498E-4,0.005773387152822585,0.01100235269952677,0.0011304628775854497,1.0022639124143106E-4,3.653051380941448E-5],[4.231643315286182E-4,4.907188656257873E-4,2.61743190150256E-4,0.0012191398116363952,1.0771534645958105E-5,0.020500065554236616,1.2700740928699584E-4,1.2973391659206086E-4,1.1221864831682335E-4,1.0,2.6250085765129047E-4,1.1146909530745325E-4,0.004510054146395346,4.197635407362215E-5,3.0362842750623323E-4,0.015090198688726205,0.0018056330017015105,2.579683770005797E-4,1.9286850385570332E-4,1.3642725451594708E-4,7.934297465816775E-4,0.0014197881760558818,9.017055990881136E-4,2.4653493027120514E-4,7.11921260519667E-4,1.512937514500099E-4,1.862825591064638E-4,2.2713961155302709E-4,3.296764818832611E-4,4.8126136528038924E-4,1.5574530913753254E-4,5.896715924254393E-4,4.001993168142096E-5,1.986974907300214E-4,1.5013136580529644E-4,1.9236347090096728E-4,1.2240547002235873E-4,3.819950509127422E-5,0.0012781371652319897,1.2490723255500393E-4,1.518390017254599E-4,2.5923781541805806E-5,1.4947678488612902E-4,1.0388421963235824E-4,9.553565519136938E-5,5.353335010589008E-4,1.808183280174258E-4,1.5492370927021532E-4,0.0024312142210606534,0.004647993139409491,3.311013198828718E-4,1.3579731679665548E-4,2.261617786780285E-5],[5.129560268333451E-4,0.0010918819631992797,4.4961550739747505E-4,7.697300100709919E-4,1.8763489447713274E-4,0.018969501489295264,3.884842998550404E-4,2.56641759843172E-4,3.206506358932337E-4,2.6250085765129047E-4,1.0,5.01128093309952E-5,0.00929007832194449,4.006663337610286E-4,4.48712512437392E-4,0.022888931327997533,0.0032749363911985137,6.226008434704964E-4,5.118174990729302E-4,2.0914370026121627E-4,0.001413116894801475,8.963988852666554E-4,7.105283208799574E-4,3.429791873825101E-4,0.0011989551666073748,3.950409853919702E-4,2.3555961855648412E-4,3.77913866367928E-4,0.0022164835818177884,5.045872118014248E-4,2.634106403610223E-4,0.0010375409952708822,2.3028338369447768E-4,3.630696027251122E-4,3.1369790575584884E-4,5.181003561527658E-4,3.8365706633965065E-4,2.0007035470306705E-4,5.688454058771405E-4,3.130003317946523E-4,2.778167822978185E-4,4.0615114924285715E-5,4.6379123071272396E-4,3.747331627375907E-4,2.966466836429233E-4,4.7593567556287444E-4,4.4222540340215665E-4,4.4434952290520955E-4,0.0012818589672998109,7.492067561275754E-4,6.26603771193837E-4,2.495050530645879E-4,3.703200065428004E-4],[8.307977409974824E-4,7.50997295275817E-4,1.904628377608453E-4,0.0016637076623920609,1.88284804408536E-5,0.026033422149842993,2.4367792114931064E-5,4.703947851382256E-5,4.7474088840567186E-5,1.1146909530745325E-4,5.01128093309952E-5,1.0,0.0026377574632173366,4.707654090174655E-5,9.438387383587074E-5,7.513863045999951E-4,0.0035204559017240986,1.2609149103713993E-4,1.5492825600778968E-4,7.846390685090733E-5,9.311477655028442E-4,0.0020596029849005203,0.0011594058351627656,1.2075543716234805E-4,3.903745232495599E-4,5.2164105083893055E-5,1.0663741943414128E-4,1.312580041828459E-4,0.0031080900009858668,3.3623624955035213E-4,1.1078869979642072E-4,0.0011900789398714558,3.135644309143456E-5,1.703145495453858E-4,9.622979408929216E-5,2.668741455491597E-4,1.0586979549774413E-4,2.4470270178423834E-5,8.151936643170493E-4,3.097673109060585E-5,1.0750555848691693E-4,1.9163978263390107E-5,8.946846044008171E-5,3.4531775893328345E-5,5.0742041308392846E-5,9.107943216689146E-4,3.2313536702960425E-4,6.430016217950655E-5,0.005266989173816257,0.011781675629097516,8.850214509947591E-4,1.0332828773952087E-4,3.2777704683965526E-5],[0.01158861994636439,0.008162599580808835,0.008955295673015283,0.011953954874784557,0.002934663447463195,0.027484340637049756,0.00420810391538098,0.007374642779124184,0.0022072320850735354,0.004510054146395346,0.00929007832194449,0.0026377574632173366,1.0,0.00468562416805048,0.004230186977758174,0.014022188675196919,0.01138539426710736,0.008629156123344204,0.0035809719337180647,0.006270049918419051,0.007893584557728676,0.009166530646992082,0.00997745340039905,0.0010724774912197696,0.012420838110159557,0.0024971631372401057,0.0010912836105651787,0.011893623879823232,0.009992777005129658,0.002193430182839148,0.009354491223123573,0.0039005197624888306,0.007756823933112177,0.004115038750662412,0.002888647371018792,0.00968534837375955,0.0041622936463046835,0.009335578631138782,0.0037630072458660034,0.007162482852949745,0.006332251607972229,0.006460560996768255,0.0011408024449732347,0.00771898783734009,0.0012312864933902172,0.0048412031641607445,0.008285449659631789,0.007316865211582258,0.007900906169983539,0.012750758148708354,0.005019072810039217,0.011129573474974048,0.012252835325903856],[2.5313739385914285E-4,9.978973590877049E-4,1.9391576735471733E-4,9.358684623627673E-4,1.480906859086414E-5,0.0015915516209241806,1.5859183624580102E-5,3.465340099619536E-5,3.3754640597999155E-5,4.197635407362215E-5,4.006663337610286E-4,4.707654090174655E-5,0.00468562416805048,1.0,2.958119408311519E-4,0.015954548084031753,0.001658288297041009,3.872048765924067E-4,2.5450940100099493E-4,5.070672393531919E-5,0.002118811159141685,0.0023371592645241713,7.454370810603521E-4,2.655678130556676E-4,0.0012028998049247207,4.127955045817958E-5,5.0385945009125545E-5,1.7671838875622415E-4,1.76486413527438E-4,2.0231422998766486E-4,4.5935942447510576E-5,6.651909028573177E-4,1.2637203595854881E-5,2.0126225595413523E-4,1.0119945134631573E-4,1.4443662729787313E-4,1.6863023122618736E-5,1.6992172066344215E-5,3.7038075281834034E-4,1.2973040192690421E-5,1.3032125143982822E-4,1.484722332434593E-5,1.2952886147780544E-4,1.5089171578285E-5,3.8057775012528835E-5,5.915613154914237E-4,2.138962503915245E-4,9.647263953162202E-5,5.389550903558989E-4,0.0056170740717802325,2.4658532960172223E-4,7.565927887441965E-5,1.4545646816428326E-5],[6.780591582953403E-4,0.001115394522277133,3.302980797374014E-4,0.001116764401286289,1.4790376307287996E-5,0.02686796631881113,2.2159623473677148E-4,1.376276874897121E-4,5.376632422403874E-5,3.0362842750623323E-4,4.48712512437392E-4,9.438387383587074E-5,0.004230186977758174,2.958119408311519E-4,1.0,0.006442862437426188,9.528051331679822E-4,3.5319529571518844E-4,4.8030916456548553E-4,3.117067308472522E-4,0.0010331543007324286,0.0024934642735751607,9.236738817174098E-4,3.1312660128694455E-4,8.642168724427459E-4,3.101376213349849E-4,3.1267305369036554E-4,3.615175895103323E-4,4.140181170378599E-4,5.059033677436481E-4,3.0089838776893563E-4,4.461605239910652E-4,2.3859231061948286E-4,2.750057517767032E-4,1.9744487904750646E-4,4.0383055929925187E-4,3.032919829807382E-4,2.436371409776105E-4,6.233220808468177E-4,2.513506503893078E-4,1.9827763749593995E-4,9.681907625439994E-5,2.2445174027455256E-4,1.433071854095855E-4,1.1956537529009858E-4,0.002079757628973398,3.421738492087067E-4,2.3235347121756015E-4,0.0032693019962807186,0.007951650024657402,0.0010801727321150534,3.066569109445842E-4,4.3614346988040195E-5],[0.008135038482527435,0.024041137777923792,0.018286462357972714,0.019662154533816284,0.011522576511236235,0.02776974009000794,0.017756157366407416,0.005048122337053474,0.004019650666674865,0.015090198688726205,0.022888931327997533,7.513863045999951E-4,0.014022188675196919,0.015954548084031753,0.006442862437426188,1.0,0.02516446671379285,0.005105170973706272,0.01602817626580659,0.020310023465661294,0.01690612600923196,0.01811336686348551,0.013641784166224235,0.003133381466908905,0.012408090978635636,0.003917263224912165,0.0020147434060963595,0.014483772250852494,0.013143265756155986,0.022313224825051877,0.01217143300485704,0.023690354397232563,0.02358937228027555,0.025615683171143943,0.02501241035366538,0.019901439828427687,0.02171084266602728,4.736019267030964E-5,0.014068509606531499,0.008084764046377957,0.0024739688111084027,0.022505575290581465,0.012211387729683977,0.016631069478055913,0.02337922826943589,0.006862642939502254,0.01370915083809956,0.007441989658073188,0.020102060884764444,0.020254677466413323,0.01353870597188802,0.02218158559497355,0.010916218031264146],[0.003433442743143479,0.0024158177970492285,0.002606252193345345,0.002817799430631124,0.002952143913188035,0.00856835388264392,2.667409414716104E-4,0.003217843277238892,4.6565480845313075E-4,0.0018056330017015105,0.0032749363911985137,0.0035204559017240986,0.01138539426710736,0.001658288297041009,9.528051331679822E-4,0.02516446671379285,1.0,0.0017695722790246333,0.001803398154051621,0.002217749164097735,0.0024573982536388148,0.0030001094285261897,0.0030901784426132567,0.0022632668325919974,0.002170247324190858,0.003283398223145323,2.1335120601383606E-4,0.002754396104877236,0.003742031065415335,0.0034546428061671603,0.0036073723070426697,0.0014759234669297237,0.002361418824598638,2.835382028719469E-4,0.0020901459610131244,0.0012716366502492178,0.0013495957154467972,0.00213631532117549,0.0016546316883521545,0.0023943342997481596,0.0025545863862145696,0.0023608260461451588,0.0026464860045783954,0.0015766302811334946,0.0022345500870558027,0.0029254638603078255,0.0020262395244467673,6.205671955070497E-4,0.0053029222865862875,0.011178249154253885,0.0013523632019807532,0.0010535624449541803,0.003016453443524839],[9.0890205100221E-4,0.001103589251220119,3.471887729039572E-4,0.0012234898988307172,3.815687385060198E-4,0.020432995707022516,2.3774523815845081E-4,5.59737898604633E-4,1.1409599378844281E-4,2.579683770005797E-4,6.226008434704964E-4,1.2609149103713993E-4,0.008629156123344204,3.872048765924067E-4,3.5319529571518844E-4,0.005105170973706272,0.0017695722790246333,1.0,6.098182580022866E-4,3.430637251501478E-4,0.0012135393266034435,0.0014361254770782297,9.927735282026181E-4,4.389127795884188E-4,0.0010854777467234906,8.739131209435137E-5,2.652306789961548E-4,4.335707676757371E-4,0.0016027755941281714,5.621456650513944E-4,5.403804407185999E-4,0.0012451229618012415,1.0824076667495447E-4,5.22733771057994E-4,5.157839457990169E-4,6.217080646945896E-4,6.235502092422274E-4,3.466351278799207E-4,0.0014804969836272022,1.4832809641823376E-4,2.538991707111914E-4,6.127719472831529E-4,2.7638612933385937E-4,3.403815573125238E-4,4.501325979754733E-4,0.0018226198591560195,4.390934624621793E-4,1.5642823535342155E-4,0.004130390717089922,0.0035422910410109506,6.629643758381561E-4,2.762040328221682E-4,1.4930479515523265E-4],[7.015749876034651E-4,7.298558774533413E-4,3.819389869229494E-4,0.0010394491566808653,2.2204496957444316E-4,0.014754381671423233,4.8314640174358897E-4,3.9676692348445037E-4,6.741940293082903E-5,1.9286850385570332E-4,5.118174990729302E-4,1.5492825600778968E-4,0.0035809719337180647,2.5450940100099493E-4,4.8030916456548553E-4,0.01602817626580659,0.001803398154051621,6.098182580022866E-4,1.0,5.063071478849632E-4,0.0016823847867259456,0.002745789287004188,5.962535642037488E-4,4.682954539242984E-4,0.001081497438602863,3.119305119533561E-4,2.330661992358915E-4,3.9873568621714896E-4,0.0016114291784823987,5.119437658266526E-4,1.9232774210530364E-4,9.844603511188466E-4,4.5719223305508037E-4,2.632777496390864E-4,2.7275838460611E-4,5.419805936738514E-4,2.8536490729394096E-4,5.2026616016141464E-5,5.458538031150563E-4,2.969788115209937E-4,2.5660461333269075E-4,2.4708605249941685E-5,4.714575022979721E-4,4.2214070781854915E-4,9.238824475074559E-5,9.725834152248154E-4,3.944622422038903E-4,2.27224739544803E-4,0.0056856217067600134,0.010071419083314125,7.564478449196565E-4,2.946893087983765E-4,4.0212929268760175E-5],[9.88111293831161E-4,5.76777728111895E-4,2.910854050729422E-4,0.0015026941808434144,5.5346787438017686E-5,0.0013477887980918016,4.6535807115312235E-5,1.0729855785091901E-4,6.0964525957670735E-5,1.3642725451594708E-4,2.0914370026121627E-4,7.846390685090733E-5,0.006270049918419051,5.070672393531919E-5,3.117067308472522E-4,0.020310023465661294,0.002217749164097735,3.430637251501478E-4,5.063071478849632E-4,1.0,3.873215329810026E-4,0.0016461639865921953,0.0013667798718710598,2.2355819374411597E-4,0.0011551806085581546,8.225091139089103E-5,1.919614798840696E-4,2.5632832623986965E-4,0.003443918314075651,4.819425419162536E-4,1.3027128414695076E-4,4.982377913400982E-4,5.191172286713966E-5,1.8580805993847793E-4,1.322162110297372E-4,3.6934394345111644E-4,1.2636258126685285E-4,1.0483401628749629E-4,2.755970308350699E-4,2.1050155489871202E-5,1.460083858899325E-4,4.214415149271509E-5,1.3674366808880117E-4,1.1956730048532089E-4,1.1559989536484675E-4,0.001648834096135665,3.923281571267069E-4,1.4844715963583852E-4,0.0015403769088859602,0.006308575286417052,0.0011735983783160622,1.2804519296753114E-4,7.8849275027918E-5],[0.0016028099091724651,0.001946738039817994,0.0010465392822215588,0.002197347813475744,1.4494869050008693E-4,0.021043273691310312,1.9390454369183003E-4,0.0016223576971191294,0.0017858018978180949,7.934297465816775E-4,0.001413116894801475,9.311477655028442E-4,0.007893584557728676,0.002118811159141685,0.0010331543007324286,0.01690612600923196,0.0024573982536388148,0.0012135393266034435,0.0016823847867259456,3.873215329810026E-4,1.0,0.002702822486651808,0.0015254229827873116,0.0011712542958061548,0.0018679728570614334,5.952249421112526E-4,7.624554348441569E-4,0.00173907082730967,0.0033448179699469586,8.599370075844678E-4,0.0018653656099339036,0.0018506588778883536,4.4914193821202116E-4,6.271550913305709E-4,8.9741923188144E-4,0.0014319286271523056,8.600992111669881E-4,7.106048360469951E-4,0.002206235593380926,0.0012448908756388353,8.877983198762846E-4,8.818237511443313E-5,0.0014516724588974918,0.001447447754141343,0.0013265362089950159,0.0023084978889682606,6.738994952975061E-4,0.0018956909693766757,0.0061236442148890746,0.004006932099073333,0.0022589306703505296,0.0021476453384186383,0.002273765503942549],[0.0011696398014099255,0.002036745698686709,0.0020533446625468593,0.002670762537198254,0.0026354634480704555,0.011339029496758034,3.614551928034691E-4,0.0014168288849677275,9.277911146783322E-4,0.0014197881760558818,8.963988852666554E-4,0.0020596029849005203,0.009166530646992082,0.0023371592645241713,0.0024934642735751607,0.01811336686348551,0.0030001094285261897,0.0014361254770782297,0.002745789287004188,0.0016461639865921953,0.002702822486651808,1.0,0.0023916775190643983,7.320956231979987E-4,0.002102458240700866,1.9940987089735158E-4,0.0018147404476245442,0.001158352639300191,0.003130440136242507,0.0013961902629562302,0.0020276682416549164,0.0015735750309025661,5.978157870646733E-5,0.002119126185625555,0.0018514819058174149,0.0020610928557881804,0.0010872560036665892,9.157564729045911E-4,0.0021341200644182687,8.715992721418082E-4,0.0028218318969689517,0.0016476749924259901,4.136643898483655E-4,0.0020372530925305238,0.002873701875387981,0.0025283644750178115,5.791587008724874E-4,0.00254724441096051,0.0034562554560550202,0.0030357852915612487,0.002110643762673166,0.001860821557870947,0.0025135879546474863],[0.0013253156958251246,0.0011736626804739218,3.457155970737849E-4,0.0015557529576728534,7.214044548476351E-5,0.008779729638013666,9.722522739254674E-4,0.0012639114560440863,1.1001457279217507E-4,9.017055990881136E-4,7.105283208799574E-4,0.0011594058351627656,0.00997745340039905,7.454370810603521E-4,9.236738817174098E-4,0.013641784166224235,0.0030901784426132567,9.927735282026181E-4,5.962535642037488E-4,0.0013667798718710598,0.0015254229827873116,0.0023916775190643983,1.0,0.001283200579429396,0.0013223375737922024,9.69243830861291E-4,7.57305675728399E-4,0.0010108397270444033,0.0023068364940985672,0.0013627562235562292,5.242288846250987E-4,0.0014258241637620144,0.0011573550401248378,7.074139288728242E-4,0.0013735954455440101,6.284543262057629E-4,0.001291520523125514,8.956457710550162E-4,0.00152134823946873,4.726814596571252E-5,0.001066008991242809,2.9901514134597976E-4,9.962517078661562E-4,0.0013091271224366327,0.0012986747669285533,0.001875891615287412,0.0012448143205792738,6.872920776614378E-4,0.006576741415453888,0.010400415845185314,0.0013357892741252114,0.0012142209211564391,9.74249872243662E-4],[7.407690116166166E-4,9.863820466202156E-4,3.0530050499570345E-4,3.848817024868062E-4,1.0692583563827511E-4,0.003054785164384658,9.072187283618045E-5,2.632818328722224E-4,2.6963083277814633E-4,2.4653493027120514E-4,3.429791873825101E-4,1.2075543716234805E-4,0.0010724774912197696,2.655678130556676E-4,3.1312660128694455E-4,0.003133381466908905,0.0022632668325919974,4.389127795884188E-4,4.682954539242984E-4,2.2355819374411597E-4,0.0011712542958061548,7.320956231979987E-4,0.001283200579429396,1.0,0.0011855802648225808,2.482811157367697E-4,2.3459957008034138E-4,3.4869162083200103E-4,0.0029232513950985047,4.5943251422263763E-4,2.68713760870277E-4,7.780466765794551E-4,5.970426667518697E-5,2.4020554560086273E-4,1.5195630554470723E-4,4.1917098044686954E-4,1.7408113880118789E-4,2.136593217896783E-4,4.8048012751495414E-4,2.401880965706089E-5,2.685648239610766E-4,6.256675659986369E-5,2.645781777200779E-4,1.3965712974891737E-4,2.715842859272707E-4,0.0018261117308794581,3.8739025760177286E-4,1.8960994708088757E-4,0.001597699584347247,0.005413966380656307,9.725029753042244E-4,2.241488602546908E-4,6.391705158881043E-5],[0.0010637195181709379,0.001209789072856756,5.086711685836586E-4,0.0012997309442450758,1.9329581197832842E-4,0.0022378583448497756,6.69852494337622E-4,7.760241191403107E-4,6.405444616382732E-4,7.11921260519667E-4,0.0011989551666073748,3.903745232495599E-4,0.012420838110159557,0.0012028998049247207,8.642168724427459E-4,0.012408090978635636,0.002170247324190858,0.0010854777467234906,0.001081497438602863,0.0011551806085581546,0.0018679728570614334,0.002102458240700866,0.0013223375737922024,0.0011855802648225808,1.0,2.778105180903228E-4,6.83203259697771E-4,0.0010741674838445922,0.003342702714284323,0.0011963660332329298,2.2518126691454832E-4,0.0013629331677938068,8.731207954853191E-4,0.0010051040504814232,4.736632077480985E-4,0.001099872717576826,2.507688995794355E-4,9.966191798662343E-4,0.0014327973648296435,6.953786664251224E-4,2.973914658708711E-4,2.903690039489363E-4,7.559204188591098E-4,3.387986040240108E-4,2.522343178412399E-4,0.0013808595127458771,0.0011064553174372402,0.0010311502280172858,0.0028400774761185446,0.0046586395267092205,0.0012319720596904616,0.001026215784255733,4.161805043382977E-4],[1.705331416159881E-4,9.288170493497034E-4,2.3865841751391124E-4,0.0015292186686593641,1.119793638364219E-5,0.005403515961625269,2.1937615850280267E-5,4.030214849528468E-5,5.3684857864701743E-5,1.512937514500099E-4,3.950409853919702E-4,5.2164105083893055E-5,0.0024971631372401057,4.127955045817958E-5,3.101376213349849E-4,0.003917263224912165,0.003283398223145323,8.739131209435137E-5,3.119305119533561E-4,8.225091139089103E-5,5.952249421112526E-4,1.9940987089735158E-4,9.69243830861291E-4,2.482811157367697E-4,2.778105180903228E-4,1.0,1.4610346769921212E-4,1.1485312967844311E-4,0.0025480244550478864,2.82875087478484E-4,1.0145642533697987E-4,3.770465910455734E-4,2.8159325934658043E-5,1.1969422681551317E-4,6.983740807322817E-5,9.346806685982062E-5,9.099435094668314E-5,4.0912332483656604E-5,8.958500947706886E-4,2.5842063117092662E-5,1.0280379817901881E-4,3.7815361493602653E-5,1.0182037725707997E-4,2.3546584246993935E-5,5.8968871723618584E-5,0.0014043642311002188,2.407766156551762E-4,1.2775345944053524E-4,0.0016238545202530747,0.015210713078415514,1.263535136615914E-4,7.926653307358261E-5,4.981074496849966E-5],[7.928861529060004E-4,3.5989293958303475E-4,2.626256718059188E-4,6.267377618241295E-4,8.031867108093714E-5,0.008490424757445145,5.602037537281505E-5,1.3076137820796502E-4,5.633976921063703E-5,1.862825591064638E-4,2.3555961855648412E-4,1.0663741943414128E-4,0.0010912836105651787,5.0385945009125545E-5,3.1267305369036554E-4,0.0020147434060963595,2.1335120601383606E-4,2.652306789961548E-4,2.330661992358915E-4,1.919614798840696E-4,7.624554348441569E-4,0.0018147404476245442,7.57305675728399E-4,2.3459957008034138E-4,6.83203259697771E-4,1.4610346769921212E-4,1.0,2.847694789399191E-4,4.2573697886536465E-4,4.2194895362449643E-4,1.895800840208652E-4,5.606713445933205E-4,1.0071818101424886E-4,2.0242959613769195E-4,1.3885326424491247E-4,2.3911708859817712E-4,1.6812025900862023E-4,1.0161129960034715E-4,0.0011223726336914782,1.7052925334272133E-4,1.9661654039729987E-4,1.928032737874206E-4,1.932514865911034E-4,4.569133134800561E-5,1.493822713571417E-4,0.0017492872688703255,3.055621456947859E-4,1.7272363353021785E-4,0.0023209616784416885,0.011674469362270276,8.211951366363065E-4,1.8106761114079165E-4,1.843216462607046E-4],[7.799270005542639E-4,5.786030100210767E-4,3.599208140265775E-4,0.0015835355042076481,1.4552726036483503E-4,0.002197792273478591,3.0288907110823516E-4,3.4876776288385195E-4,3.569849490488334E-4,2.2713961155302709E-4,3.77913866367928E-4,1.312580041828459E-4,0.011893623879823232,1.7671838875622415E-4,3.615175895103323E-4,0.014483772250852494,0.002754396104877236,4.335707676757371E-4,3.9873568621714896E-4,2.5632832623986965E-4,0.00173907082730967,0.001158352639300191,0.0010108397270444033,3.4869162083200103E-4,0.0010741674838445922,1.1485312967844311E-4,2.847694789399191E-4,1.0,0.0034199727476231646,4.647648094139146E-4,2.2671782059530138E-4,7.555149244262415E-4,2.572210251305006E-4,3.0862204407520376E-4,2.0367781034714614E-4,5.090682266536267E-4,1.4348573435551504E-4,2.432127161304921E-4,9.846027004782884E-4,1.635163216954822E-4,2.0023815211699835E-4,3.986998855603161E-5,3.5566041019095693E-4,3.595496025864979E-4,2.191785603449181E-4,0.0012368644976772933,3.7294386432088796E-4,1.8153577374157158E-4,0.001213416858972359,0.007076602740025613,4.8345507894290135E-4,2.476111427314901E-4,3.1758210869536205E-5],[0.0014222106180680162,0.0014313182460303536,0.0015268802359958654,0.0019217127759769174,0.0016926148123766768,0.014520135249787538,7.987423074280358E-5,0.0035315047891732276,0.003498815705302593,3.296764818832611E-4,0.0022164835818177884,0.0031080900009858668,0.009992777005129658,1.76486413527438E-4,4.140181170378599E-4,0.013143265756155986,0.003742031065415335,0.0016027755941281714,0.0016114291784823987,0.003443918314075651,0.0033448179699469586,0.003130440136242507,0.0023068364940985672,0.0029232513950985047,0.003342702714284323,0.0025480244550478864,4.2573697886536465E-4,0.0034199727476231646,1.0,0.002321605322129535,0.0010428643521051355,0.0035553930745451457,5.529325011506272E-4,0.0037779690538087512,0.002148272840016777,0.0013348288388510716,6.014119111059427E-4,0.0015829048607006633,0.0022278341283572,0.0017949266866070061,0.0033921221749612885,0.0031418496880765397,0.0018638008649528176,0.0026169897608882262,0.0032601541188655827,0.0036895524750411753,0.0034464629610087725,3.655638328823764E-4,0.005052861537850256,0.011018401284847792,0.0035284241070659386,4.611868628190218E-4,6.851544678557938E-4],[8.002226787514333E-4,8.421965371391981E-4,3.977100934953642E-4,0.0012407537385794043,4.00304900791888E-4,0.02420640940889986,4.2647925263614427E-4,4.271862811648998E-4,2.5734184314265456E-4,4.8126136528038924E-4,5.045872118014248E-4,3.3623624955035213E-4,0.002193430182839148,2.0231422998766486E-4,5.059033677436481E-4,0.022313224825051877,0.0034546428061671603,5.621456650513944E-4,5.119437658266526E-4,4.819425419162536E-4,8.599370075844678E-4,0.0013961902629562302,0.0013627562235562292,4.5943251422263763E-4,0.0011963660332329298,2.82875087478484E-4,4.2194895362449643E-4,4.647648094139146E-4,0.002321605322129535,1.0,5.067529827167897E-4,5.380161800024169E-4,4.849130008564186E-4,4.714566198233339E-4,5.024598628999498E-4,5.172665725273858E-4,2.9094360958652074E-4,1.8584328733633592E-4,0.0012217190691788727,3.1963598803771433E-4,1.5683053063598532E-4,1.764808429808091E-5,1.3879190838155165E-4,3.487210785615289E-4,4.945072955224317E-4,7.594091316988412E-4,4.191734126095993E-4,2.0910176842821784E-4,0.0012221853463281666,0.012257351348242351,0.0011739778943673914,4.0066132166540033E-4,4.62062103385574E-4],[6.232584429896298E-4,6.467566228338824E-4,1.4948210407830445E-4,0.0016279236629568139,6.884368302371246E-5,0.0012998962068516782,8.455842640923355E-5,1.4475094950309168E-4,1.043788054748059E-4,1.5574530913753254E-4,2.634106403610223E-4,1.1078869979642072E-4,0.009354491223123573,4.5935942447510576E-5,3.0089838776893563E-4,0.01217143300485704,0.0036073723070426697,5.403804407185999E-4,1.9232774210530364E-4,1.3027128414695076E-4,0.0018653656099339036,0.0020276682416549164,5.242288846250987E-4,2.68713760870277E-4,2.2518126691454832E-4,1.0145642533697987E-4,1.895800840208652E-4,2.2671782059530138E-4,0.0010428643521051355,5.067529827167897E-4,1.0,4.0445201759385717E-4,2.6847819363527455E-5,1.9909905295510525E-4,1.412942048889104E-4,5.074043656048269E-4,1.3832100122669608E-4,3.1586729827094774E-5,0.0011860229218556323,6.215460444421301E-5,1.4664109996173562E-4,1.354010993360895E-4,1.379551686256989E-4,1.7531786394196037E-5,1.0081109284178689E-4,0.0018128326249219136,3.4252691324461633E-4,1.498014706902924E-4,6.963124519493005E-4,0.006886994343798316,0.0011201200080006204,1.3245831695711408E-4,2.1825706039163944E-5],[0.0012925957540175813,0.0012616847767775306,0.0010358789185603609,0.0016659903016582474,0.0010857144694781955,0.007458999395783957,0.0012755254955397967,0.0010163796801038805,4.315168237407801E-4,5.896715924254393E-4,0.0010375409952708822,0.0011900789398714558,0.0039005197624888306,6.651909028573177E-4,4.461605239910652E-4,0.023690354397232563,0.0014759234669297237,0.0012451229618012415,9.844603511188466E-4,4.982377913400982E-4,0.0018506588778883536,0.0015735750309025661,0.0014258241637620144,7.780466765794551E-4,0.0013629331677938068,3.770465910455734E-4,5.606713445933205E-4,7.555149244262415E-4,0.0035553930745451457,5.380161800024169E-4,4.0445201759385717E-4,1.0,1.230826790986079E-4,7.129350839939323E-4,0.0011113595574403724,8.338837999987079E-4,4.5562578430347956E-4,4.370824023483691E-4,0.0015423109121076347,9.64157142201585E-4,6.330771734815944E-4,9.002628964620748E-4,0.0010029116360178215,0.0013576243520309083,3.364626321088994E-4,0.0020033626723255046,4.562002690409991E-4,0.0010086399131032868,0.003784553104705762,0.0036300081874767786,0.0013618170150978253,5.57211680135685E-4,4.489916484377541E-5],[8.175997594605585E-4,8.140282504979214E-4,7.565671241878531E-5,5.959139948343652E-4,1.0237137102052225E-5,0.01701729052733953,1.2082937753896613E-5,3.439796899943097E-5,3.318836182513289E-5,4.001993168142096E-5,2.3028338369447768E-4,3.135644309143456E-5,0.007756823933112177,1.2637203595854881E-5,2.3859231061948286E-4,0.02358937228027555,0.002361418824598638,1.0824076667495447E-4,4.5719223305508037E-4,5.191172286713966E-5,4.4914193821202116E-4,5.978157870646733E-5,0.0011573550401248378,5.970426667518697E-5,8.731207954853191E-4,2.8159325934658043E-5,1.0071818101424886E-4,2.572210251305006E-4,5.529325011506272E-4,4.849130008564186E-4,2.6847819363527455E-5,1.230826790986079E-4,1.0,1.1264269204061046E-4,8.160613221312632E-5,1.4492770756925144E-4,3.3385283588640194E-5,1.2848316696414359E-5,0.0013756222730564325,1.0896058789953539E-5,1.4399279822011589E-4,1.1048823469861615E-5,9.862974249889092E-5,1.0663719012832022E-5,2.4231184344955586E-5,6.5824054171259E-4,8.655563609069703E-5,2.144170664119452E-5,0.004312230815959406,0.004528448403732607,7.812591266796057E-4,8.25621896289725E-5,1.0791758244768699E-5],[4.505154069948191E-4,7.356994301432395E-4,3.1322583886998626E-4,0.0013507086101969953,1.9510532184674706E-4,0.012627816734142374,1.2183498150466204E-4,1.6797320722776362E-4,1.0006285018121709E-4,1.986974907300214E-4,3.630696027251122E-4,1.703145495453858E-4,0.004115038750662412,2.0126225595413523E-4,2.750057517767032E-4,0.025615683171143943,2.835382028719469E-4,5.22733771057994E-4,2.632777496390864E-4,1.8580805993847793E-4,6.271550913305709E-4,0.002119126185625555,7.074139288728242E-4,2.4020554560086273E-4,0.0010051040504814232,1.1969422681551317E-4,2.0242959613769195E-4,3.0862204407520376E-4,0.0037779690538087512,4.714566198233339E-4,1.9909905295510525E-4,7.129350839939323E-4,1.1264269204061046E-4,1.0,1.531684817721438E-4,4.230110778649423E-4,1.2371870623619714E-4,1.68051980700601E-4,8.76843419498477E-4,1.6085051493246546E-4,1.653622078346086E-4,1.4166320356836165E-4,1.9705370420880838E-4,1.8987103488033103E-4,1.2169496315817173E-4,0.0012328440192504878,2.497956555693465E-4,1.737909491989814E-4,5.148962346437195E-4,0.007633189647812553,0.0010785210529329163,1.6904060255546271E-4,1.0626271265751424E-4],[3.9781534725308223E-4,1.724331970416759E-4,1.8423454320697173E-4,1.547291658903992E-4,8.880515961726674E-5,0.010396558431343121,2.87212128226954E-5,8.207261835746515E-5,1.2691525164991706E-4,1.5013136580529644E-4,3.1369790575584884E-4,9.622979408929216E-5,0.002888647371018792,1.0119945134631573E-4,1.9744487904750646E-4,0.02501241035366538,0.0020901459610131244,5.157839457990169E-4,2.7275838460611E-4,1.322162110297372E-4,8.9741923188144E-4,0.0018514819058174149,0.0013735954455440101,1.5195630554470723E-4,4.736632077480985E-4,6.983740807322817E-5,1.3885326424491247E-4,2.0367781034714614E-4,0.002148272840016777,5.024598628999498E-4,1.412942048889104E-4,0.0011113595574403724,8.160613221312632E-5,1.531684817721438E-4,1.0,2.4211689908175318E-4,1.3385820012751053E-4,1.0758341495107139E-4,2.8291046119887346E-4,1.4600605427428677E-5,1.3678761589685197E-4,1.2968778764155188E-4,1.3547654629584438E-4,9.773373819416832E-5,1.120474717901212E-4,5.66456798300372E-4,3.814158660349603E-4,1.3892672870386897E-4,0.007319259880941884,0.0015414210409069576,6.373840017898141E-4,1.3132511304808856E-4,1.1556775630095158E-4],[7.985009657109792E-4,9.702868291453757E-4,5.281428643091299E-4,0.0011983060838691825,3.4549976659984256E-4,0.0017095945591008724,6.890338013682234E-5,5.162657871864204E-4,3.653847832131117E-4,1.9236347090096728E-4,5.181003561527658E-4,2.668741455491597E-4,0.00968534837375955,1.4443662729787313E-4,4.0383055929925187E-4,0.019901439828427687,0.0012716366502492178,6.217080646945896E-4,5.419805936738514E-4,3.6934394345111644E-4,0.0014319286271523056,0.0020610928557881804,6.284543262057629E-4,4.1917098044686954E-4,0.001099872717576826,9.346806685982062E-5,2.3911708859817712E-4,5.090682266536267E-4,0.0013348288388510716,5.172665725273858E-4,5.074043656048269E-4,8.338837999987079E-4,1.4492770756925144E-4,4.230110778649423E-4,2.4211689908175318E-4,1.0,4.108662789138502E-4,4.435715785512128E-5,0.0014351228465060597,4.11733969193861E-5,3.5546040367168645E-4,1.8658660786534536E-4,3.4104197050749483E-4,1.847123895829