[[1.0,4.884803261598669E-4,2.1275783668509523E-4,4.226575512957832E-4,0.009121162207516386,0.004849836811631052,0.01392711057350487,3.158046698963055E-4,4.314909007441771E-4,2.2777343951214336E-4,6.17069082199422E-4,3.3087299445116346E-4,3.2349479054218913E-4,9.374515228660451E-5,4.3100292080590645E-4,0.008682592599168041,0.001669672405035771,7.027769989582447E-4,2.713962580891871E-4,2.526802389188694E-4,2.0730733872029096E-4,2.995213989051676E-4,2.573120281882152E-4,0.0022589269924106967,1.385487250059087E-4,2.4222120859302175E-4,2.604996593935784E-4,3.7651530769927406E-4,7.33905348615671E-4,7.124029822345227E-4,9.706778671360722E-4,0.001391213068041108,2.402686156251074E-4,2.7651688341897126E-4,6.846452025510506E-4,5.679862042538683E-4,1.233220315059185E-4,2.437030295177891E-4,2.879100573221167E-4,4.062434659754901E-4,9.756394400496924E-4,3.1728717544859226E-4,0.006051064377742602,2.353877172854095E-4,2.6918067867853806E-4,1.426485060162053E-4,1.6394992675564834E-4,8.375655196114842E-4,0.032101573448530867,2.6985897340095304E-4,1.909626531719489E-4,0.0028500837730008805],[4.884803261598669E-4,1.0,4.713398638017646E-4,8.048634468398313E-4,0.004778319683777646,0.0046328866354398675,0.001938523551497393,4.594107628863758E-4,0.0044003484663099,6.825073524545552E-4,0.0059700527696161625,8.283562561294513E-4,4.7639466059593835E-4,8.780654878123101E-4,9.121513466263799E-4,0.0037346026925978073,0.005677350919444824,0.001026892134773418,0.0010044084874454924,2.6746156066137657E-4,2.870354704565546E-4,5.061633842278225E-4,5.452145825534632E-4,0.0018380786982968083,8.329000607139184E-4,5.281657090231163E-4,3.945371627375625E-4,4.834795643033289E-4,0.001023974479072308,0.0014612579563963472,0.0010489740845473446,0.0027407541639491127,5.646809883278541E-4,8.630096499576582E-4,0.0010139775860386498,0.0010279918948097485,1.2876686761990706E-4,5.218609008624329E-4,5.776340600843264E-4,0.001120693890096953,0.0016305441605765022,7.911946616898474E-4,0.00832336227786928,5.686524483661709E-4,4.4081917673365615E-4,5.21986094687848E-5,1.455948205934953E-4,0.0011017243198290757,0.04184044446410144,3.2237956353474016E-4,3.9998170502908583E-4,0.0019180084326562482],[2.1275783668509523E-4,4.713398638017646E-4,1.0,3.621939779724182E-4,0.010230658373988212,0.009749904502335972,0.017981807153902192,1.2588254709439278E-4,0.007210829593045224,1.22352267551955E-4,0.0014784397665394391,2.335950167785497E-4,1.7695481789836853E-4,3.697925140591255E-5,3.563833583971175E-4,0.006382399588782864,0.0033336786031047502,8.58380968547404E-4,1.4851440065312828E-4,1.40209807160214E-4,1.6658441183145463E-4,1.0769841011356756E-4,1.2890326532514083E-4,0.0018037516577251319,8.139947975083514E-5,1.250952090933664E-4,9.386721443088318E-5,3.826472013748645E-4,6.60284688178036E-4,0.0023543127363275843,6.646812785877896E-4,0.0023013998548890506,1.861532538950222E-4,1.6837980886933232E-4,7.555277331958488E-4,0.0010162554625694903,6.15550619571766E-5,7.280098510007781E-5,1.3325710993942027E-4,4.225421216884844E-4,7.921969291821722E-4,5.913424968466983E-5,0.012391397104738775,1.1180068802842451E-4,9.686550296221922E-5,9.27541287720409E-5,7.712749351857145E-5,0.0010968971038214613,0.004975986921549974,1.4452466816827186E-4,1.1607636658386574E-4,0.002169803178848333],[4.226575512957832E-4,8.048634468398313E-4,3.621939779724182E-4,1.0,0.0025283705464177846,0.011048412243891899,0.01500273254302354,2.9286487574601915E-4,0.002509576827918576,3.14972932537607E-4,0.007534422895902104,2.646421239493522E-4,3.666446676335687E-4,3.4565430595588696E-4,4.8760376359326634E-4,0.0032949280751127536,0.006215395582298296,6.871913388526561E-4,2.2040706513128363E-4,1.8971455019466392E-4,2.6546524352734114E-4,5.329952070293278E-5,3.229055433081048E-4,0.0010165050493174156,1.5275962070342662E-4,2.475449903176382E-4,2.560191027029678E-4,4.5177075943872376E-4,4.5339691480160335E-4,0.0015291037898686425,8.221505948808154E-4,0.0017793703423235286,3.0756997041516527E-4,1.7419540298750923E-4,9.610269638368788E-4,8.338448562748978E-4,2.637115504013482E-4,5.5009297254536105E-5,2.1676566655202929E-4,0.0011665990753132892,4.7882735837714624E-4,3.4441202541767176E-4,0.012607716650440493,3.1956328618320016E-4,3.744358542406213E-4,1.3120726858697072E-4,4.43216527157132E-4,0.00101691170560619,0.027445718225534276,3.35352336269862E-4,1.2151800224527306E-4,0.0023392083395641174],[0.009121162207516386,0.004778319683777646,0.010230658373988212,0.0025283705464177846,1.0,0.011904761904761904,0.018554423314417066,0.006191974887202771,0.012013059365121316,0.0022049824509578707,0.011841807579846167,0.0024593887241036966,0.006145382160384742,0.009849450900192461,0.005251511566483313,0.01081477009095808,0.011929278187345665,0.004192083059881861,0.011721086758351146,0.010207002641068013,0.009230282735353493,0.008032684551436648,0.004128112281740337,0.007301630333768044,0.009003117765779042,0.004724574104925756,0.01135489860698516,0.00434997630680303,0.009081910951947183,0.011634608624489345,0.0015912687420187423,0.007921601606594622,0.0010084360122837343,0.0072149753209699114,0.00928403217761744,0.009584512288150654,0.0015240504851767832,0.0011775948983392653,0.0019826999269546026,0.0014490990665618673,0.005870824476213629,0.0060837663548948245,0.013934343040134124,0.010593907950583206,0.010568634147064257,0.0022136350558816724,0.009054809872115733,0.003815790561766552,0.0374375311427598,0.0013160533071056458,0.008077296012191938,0.009914707855721136],[0.004849836811631052,0.0046328866354398675,0.009749904502335972,0.011048412243891899,0.011904761904761904,1.0,0.01835373024116631,0.005367902708475907,0.012164473924504208,0.002566324798461154,0.011196571022091711,0.0017470732950768916,0.007839144130721353,0.003940729962237531,0.0015594748917743648,0.01053824393509346,0.012075692404506228,0.0020127499339686926,0.005096823637723482,0.011488041720247597,0.0014242569275287555,0.0038759307427153797,0.008295520887628187,0.010482418241816508,0.010901264385511754,0.006979600295064749,0.010415382086032392,0.0073033067673906665,0.010925227513219246,0.011306482339534248,0.009456063008660474,0.003034965029035656,0.010750093309039296,0.00467706606631969,0.01178398653674434,0.005495526764478458,0.008154873859801627,0.005947339317709777,0.007772932759141392,0.008847255780629424,0.005337211076461908,0.011621558791697007,0.012991567411258525,7.898229047332498E-4,0.009904646214104708,0.0076112690032768705,0.0033674030680710615,0.01016849203299818,0.05369966363411538,0.010660041018836173,0.0012388649249041304,0.005927302818579749],[0.01392711057350487,0.001938523551497393,0.017981807153902192,0.01500273254302354,0.018554423314417066,0.01835373024116631,1.0,0.017366057076826816,0.012556521379809785,0.018600032504369642,0.01789812133434013,0.0025529565375742177,0.02054251907343168,0.010046604317522344,0.02072634632598665,0.012852043065659801,0.017221877515442106,0.002435750605485219,0.005505644549713128,0.009862797394118975,0.002605511316894179,0.0062204632343178055,0.016595239749340913,0.00673608180361022,0.006469198776194119,0.0030563348241168923,0.008617077490900862,0.0015321406014052136,0.003270291502276028,0.004903572531367525,0.01272718606574635,0.004552749083035372,0.007671072696275314,0.016743437837779696,0.0163913154830745,0.013231427678852336,0.01714068328875249,0.004904913712087127,0.014528462403923498,0.009233165801240293,0.011718340676535995,0.012919249549416537,0.021266930101002633,0.002688244036479722,0.02040369218651472,0.01726189602143077,7.690642922020441E-4,0.012540805641478636,0.04261507102282752,0.017914171525010833,0.0014850849774168278,0.007227533268669636],[3.158046698963055E-4,4.594107628863758E-4,1.2588254709439278E-4,2.9286487574601915E-4,0.006191974887202771,0.005367902708475907,0.017366057076826816,1.0,0.0015073498807796153,2.126335006811786E-4,0.003593213282544499,2.4654905298231004E-4,2.3752851936217355E-4,4.226357442802216E-5,4.273555028378892E-4,0.0060070985201111544,0.006093021158418676,3.613807406228043E-4,2.1595200021846896E-4,2.291821148289238E-4,2.183875316834095E-4,1.6183593824651954E-5,1.751392820883713E-4,0.0014154764621986612,3.1645919394380526E-5,1.5401594640377888E-4,6.397207457601235E-5,3.634625209041687E-4,8.11826727243146E-4,6.512181449241344E-4,3.802713663349236E-4,0.001028219454018496,2.2592449124709808E-4,1.953078921808836E-4,3.9864938149424656E-4,5.914429072189681E-4,2.297722009861193E-4,1.2299084965865063E-4,1.8021997383067288E-4,7.710057795065498E-4,0.0011432792493399947,1.7371505115570257E-4,0.01414680856017086,2.1805678601099322E-4,6.613708334223632E-5,2.9592572383540498E-5,2.0315266795983188E-4,9.629123095627882E-4,0.044938978022149134,2.3722173349487996E-4,2.1050182351783605E-4,0.0023272215429712864],[4.314909007441771E-4,0.0044003484663099,0.007210829593045224,0.002509576827918576,0.012013059365121316,0.012164473924504208,0.012556521379809785,0.0015073498807796153,1.0,0.010017733148276987,0.01194075198353467,0.010250052351623436,0.00797954388806325,0.010287261665140483,0.006610800131723896,0.010058840184717721,0.012195121951219513,0.005261762071490211,0.01213959692108322,0.007212415316195938,0.011087110307577261,0.0036035140120892544,0.011869069707962187,0.0026641167277891174,0.004697264648821354,0.008197652332229043,0.0061260815457099636,0.007740545405741752,0.008533094668462264,0.011586462437060761,0.0012744406122444064,0.008315768589650038,0.001936375586065604,0.007829611492918144,0.0011998006495234463,0.00848996161253265,0.009239199368800086,0.012014141569605154,0.010138872310953694,0.0024434993864722973,0.01218353916246516,0.0027383507636116237,0.012579253579335987,0.00398684698710183,0.008112895735090601,0.004925023153784675,0.006029096724756217,0.010354483866929533,0.023314036472148435,0.0057773234253055165,0.012046316586707226,0.004653578427583074],[2.2777343951214336E-4,6.825073524545552E-4,1.22352267551955E-4,3.14972932537607E-4,0.0022049824509578707,0.002566324798461154,0.018600032504369642,2.126335006811786E-4,0.010017733148276987,1.0,0.003932450257085987,2.145135017112278E-4,2.213622946500671E-4,7.505671900655794E-5,3.3982729340055126E-4,0.00415164719193161,0.011003311530232086,7.172403113750959E-4,1.9304590475522767E-4,1.4350606718729165E-4,1.5028521082468781E-4,7.012725670629426E-5,1.4294554998649816E-4,0.002200128848925919,1.1496117214839135E-4,1.4058238154392166E-4,4.422577000578898E-5,4.0834330554935527E-4,8.299703413916606E-4,0.0016093989030970992,2.047261704340579E-4,0.0015594187722851962,2.0478674368040167E-4,1.6673027047010172E-4,7.350854915481186E-4,2.491538018471931E-4,9.835263174283695E-5,1.0251139737054955E-4,1.4800115239319505E-4,0.001236946380402927,0.0014878649979581569,1.1161128197956373E-4,0.010174122448764244,1.0978998386929267E-4,9.501374520396431E-5,1.421940129831781E-4,3.79601950824711E-5,8.247380540913138E-4,0.027951747466246492,2.4077753657235297E-4,1.252461855925019E-4,0.002489794837528911],[6.17069082199422E-4,0.0059700527696161625,0.0014784397665394391,0.007534422895902104,0.011841807579846167,0.011196571022091711,0.01789812133434013,0.003593213282544499,0.01194075198353467,0.003932450257085987,1.0,4.2787472695775806E-4,0.0016627782432002594,0.008034521328910246,0.0010135106873208981,0.010186981870183522,0.011682571148806933,0.006018863337886107,0.002615861636284572,0.0019696635304957064,0.009420746604897707,0.0020576619283943854,0.008877348213236496,0.006836922858441816,0.0019591527565071386,0.005951580235628085,0.003977157881519453,0.008375763013695284,0.004792630089040656,0.007639096848425748,0.01040467791250134,0.010310536069905112,0.005286507411569562,0.003182119065581117,0.0010818667087470774,0.004532915628226422,0.002189771490332734,0.010296801809646552,0.007565720346237004,0.0019834370438564283,0.005876406445853814,0.00948331785060358,0.01317090224806775,0.006676148903657068,0.006063375712128978,0.0041641221003242,0.003057560766246342,0.0037436131885249225,0.05263218468224926,0.0012113285667047647,0.009082717437009245,0.0039559753244266605],[3.3087299445116346E-4,8.283562561294513E-4,2.335950167785497E-4,2.646421239493522E-4,0.0024593887241036966,0.0017470732950768916,0.0025529565375742177,2.4654905298231004E-4,0.010250052351623436,2.145135017112278E-4,4.2787472695775806E-4,1.0,2.422215355399392E-4,8.505363784651423E-5,3.2940698604722306E-4,0.007335738083437351,0.010328133893097684,4.3847459674053286E-4,2.4252061782122864E-4,1.7184633461922718E-4,1.819388679830468E-4,1.6954268752603622E-4,2.4789168386778106E-4,6.351561103845038E-4,1.3752926298887512E-4,2.2411779838621735E-4,2.395014822760286E-4,3.9487682828179775E-4,4.324129618120416E-4,2.6425917749722263E-4,9.850145135655987E-4,0.0026587444508576787,2.4505101490910697E-4,2.2538083011080688E-4,7.012160151985094E-4,7.766442823878086E-4,7.622841256649921E-5,4.302256612276021E-5,2.111798960539458E-4,7.832674722010409E-4,4.135745837192497E-4,1.894927367392701E-4,0.002107234379583546,1.289531767976164E-4,1.439796805639517E-4,1.8905118559539043E-4,1.0564825709243778E-4,9.699634870503611E-4,0.034349204166515004,2.4520673799508685E-4,3.531809311551802E-5,0.0011637959102201434],[3.2349479054218913E-4,4.7639466059593835E-4,1.7695481789836853E-4,3.666446676335687E-4,0.006145382160384742,0.007839144130721353,0.02054251907343168,2.3752851936217355E-4,0.00797954388806325,2.213622946500671E-4,0.0016627782432002594,2.422215355399392E-4,1.0,1.7188558811335837E-4,3.9982758833984576E-4,0.003496034704029475,0.012068400381290771,0.001003658336685309,2.1910204000342938E-4,1.8651215837264893E-4,2.016476535617427E-4,3.54944521516875E-5,1.8730825878874474E-4,0.0025375181832530814,1.2668377050263234E-4,2.2628031534550452E-4,1.1442732145193147E-4,2.649795774096491E-4,3.6253641107081015E-4,0.0016796986618232365,5.771597430334868E-4,0.002725576122911208,2.2117893398991963E-4,2.0296021617989126E-4,9.962987411383797E-4,7.01877577962667E-4,4.523252954703999E-5,1.3986483499264725E-4,1.9803700717057837E-4,8.572823820331234E-4,5.166414571431814E-4,2.097385090828833E-4,0.00585751994021293,1.0504730040277442E-4,1.34132234031779E-4,1.3302535675288238E-4,1.8784775043392414E-4,3.402278706518948E-4,0.013488759238801976,2.4270511087945895E-4,8.559225570268875E-5,0.002038202826175833],[9.374515228660451E-5,8.780654878123101E-4,3.697925140591255E-5,3.4565430595588696E-4,0.009849450900192461,0.003940729962237531,0.010046604317522344,4.226357442802216E-5,0.010287261665140483,7.505671900655794E-5,0.008034521328910246,8.505363784651423E-5,1.7188558811335837E-4,1.0,4.4724762409173663E-4,0.004775558403509872,0.00372330668888169,8.515294006849422E-4,1.459262527660973E-4,5.8572850296191605E-5,1.0212873534860206E-4,1.4399533364958233E-5,1.1062489323211352E-4,0.0025532836782633443,1.444918485568249E-5,1.0122085051544732E-4,2.9828336297890665E-5,4.2871407055178904E-4,4.1175554226260865E-4,0.0028260984525723316,6.618271811791115E-4,0.001403849358787017,1.5471384200828114E-4,1.1185414769828565E-4,3.718365630962617E-4,9.046466978075423E-4,2.312153446149232E-5,1.4932377706058076E-5,3.396252575758188E-5,3.9685577102556045E-4,1.551780679287422E-4,1.0753844335158153E-5,0.008222694770972113,1.64510525347001E-5,1.762270615455009E-5,1.214366807831066E-5,1.5360539868665315E-5,7.914913931016439E-4,0.012329742089048629,1.4385883822245118E-4,2.053214194752018E-5,0.002570166933419832],[4.3100292080590645E-4,9.121513466263799E-4,3.563833583971175E-4,4.8760376359326634E-4,0.005251511566483313,0.0015594748917743648,0.02072634632598665,4.273555028378892E-4,0.006610800131723896,3.3982729340055126E-4,0.0010135106873208981,3.2940698604722306E-4,3.9982758833984576E-4,4.4724762409173663E-4,1.0,0.005839905621860708,0.005916785916672676,8.701406774928636E-4,4.354091332060512E-4,4.516554544694204E-4,3.232038199687554E-4,1.31549505492999E-4,4.8601234205995444E-4,0.0013528297688908519,1.8769702816499992E-4,3.3660379684164875E-4,3.0820445607278915E-4,4.8523599958031363E-4,7.144911856155999E-4,0.0014601220363593282,7.826533875106892E-4,0.002858721318072228,3.293199530343217E-4,4.579348202852441E-4,5.947939132380265E-4,7.147402330797012E-4,1.4617948136574547E-4,2.5923531611646034E-4,2.6958787926806456E-4,6.940791691447867E-4,0.0012237979741621017,2.3449425704134317E-4,0.012221934179550356,4.462136700840927E-4,2.8409592984875414E-4,1.5143939160749576E-4,1.8612391167606353E-4,5.68022825073566E-4,0.0019760474144485517,4.3532453443662544E-4,2.2248560102821436E-4,9.536038733415581E-4],[0.008682592599168041,0.0037346026925978073,0.006382399588782864,0.0032949280751127536,0.01081477009095808,0.01053824393509346,0.012852043065659801,0.0060070985201111544,0.010058840184717721,0.00415164719193161,0.010186981870183522,0.007335738083437351,0.003496034704029475,0.004775558403509872,0.005839905621860708,1.0,0.011663503187428098,0.001586212089224256,0.009264106125436686,0.005254416961842143,0.0067038958516010185,0.004242779350962511,0.006649235658215392,0.008803098870300414,0.006564325276956445,0.0049577754280973295,0.006732640189750763,0.0028278716878189342,0.001423313290096887,0.007665416851118245,0.003476002805167929,0.008978761486561578,0.008556532005393356,0.005778121056601274,0.008926366314536263,0.004411341963968052,0.008764795525325128,0.0070003986095100845,0.003147688117748921,0.006507672873945687,0.006912611721083922,0.003524604659971196,0.01105203464827944,0.008197276528711661,0.007149434071684371,0.0028833740851497264,3.785325273284242E-5,0.009502658193911422,0.024928645034445217,0.006520354996122656,0.006049144380597713,0.007306550234706333],[0.001669672405035771,0.005677350919444824,0.0033336786031047502,0.006215395582298296,0.011929278187345665,0.012075692404506228,0.017221877515442106,0.006093021158418676,0.012195121951219513,0.011003311530232086,0.011682571148806933,0.010328133893097684,0.012068400381290771,0.00372330668888169,0.005916785916672676,0.011663503187428098,1.0,0.00499461547675651,0.00837360991307556,0.00822167373819248,0.009323855979675538,0.008965746571326877,0.011762550071512477,0.006222754834292097,0.004981582380737013,0.0016361770391889528,9.308656315263093E-4,0.0022803260425688617,0.008916604549898018,0.01057411230004098,0.010943116846217214,0.003870807651896535,0.007997177622954802,0.0031028863653938038,0.004810281360783288,0.006368775999338716,0.01089826073502053,0.0030091690339824058,0.0015577512174816197,0.009194466524462352,0.007572131370982736,0.009030919700388922,0.01403484055498409,0.0014494708573655707,0.006284422635539414,0.006905458064012489,0.009041254246682168,0.0030802697911550847,0.03436986811498734,0.002969498246612662,0.009009327054653049,0.006740404357458213],[7.027769989582447E-4,0.001026892134773418,8.58380968547404E-4,6.871913388526561E-4,0.004192083059881861,0.0020127499339686926,0.002435750605485219,3.613807406228043E-4,0.005261762071490211,7.172403113750959E-4,0.006018863337886107,4.3847459674053286E-4,0.001003658336685309,8.515294006849422E-4,8.701406774928636E-4,0.001586212089224256,0.00499461547675651,1.0,3.263064003421464E-4,4.4900530010034815E-4,3.907043978735368E-4,5.30820984991331E-5,5.788080421298193E-4,0.0020153949918001383,4.009365273833175E-4,9.818455388407E-4,0.0010180015379369339,6.155623998577546E-4,0.0010628867868988094,0.001211575336896104,0.0011695972418801254,0.001376106079859846,7.692210958319019E-4,7.81665674179013E-4,0.0010431886710844972,0.0010419161448481068,8.097909909810736E-4,9.318488941284366E-4,5.445937874253371E-4,0.0012445972471819527,0.001104146577533915,8.724871770478009E-4,0.01160582946478974,0.001044730957049237,9.497296105735771E-4,9.53717191669661E-4,8.063698034347985E-4,0.0011069097924698904,0.0079045103814778,8.658083513309376E-4,3.87536391747794E-4,0.0029592877444052125],[2.713962580891871E-4,0.0010044084874454924,1.4851440065312828E-4,2.2040706513128363E-4,0.011721086758351146,0.005096823637723482,0.005505644549713128,2.1595200021846896E-4,0.01213959692108322,1.9304590475522767E-4,0.002615861636284572,2.4252061782122864E-4,2.1910204000342938E-4,1.459262527660973E-4,4.354091332060512E-4,0.009264106125436686,0.00837360991307556,3.263064003421464E-4,1.0,1.673917498178512E-4,1.9762655449975423E-4,1.8115938436820872E-4,1.9193433890162353E-4,0.0014713605433026465,4.5720644803453743E-5,1.9552925765304593E-4,5.8128697479879675E-5,2.9569014089607317E-4,5.628775010569777E-4,0.0013424902096313748,2.3744225038082182E-4,0.001392289103385153,2.1219535561918708E-4,1.7261391841722523E-4,7.231582127078491E-4,2.7500719359162956E-4,1.7880784293712373E-4,1.1459814809024761E-4,1.5542041525821646E-4,3.525413570971455E-4,0.0015798027623592581,1.8580502854018694E-4,0.006901292683971406,1.727509432991134E-4,1.8860918991140416E-4,1.7503398876192144E-4,1.5904246162900344E-4,9.268721546045215E-4,0.053665668918017904,2.1448142660273868E-4,7.033157000654381E-5,0.002206219663135329],[2.526802389188694E-4,2.6746156066137657E-4,1.40209807160214E-4,1.8971455019466392E-4,0.010207002641068013,0.011488041720247597,0.009862797394118975,2.291821148289238E-4,0.007212415316195938,1.4350606718729165E-4,0.0019696635304957064,1.7184633461922718E-4,1.8651215837264893E-4,5.8572850296191605E-5,4.516554544694204E-4,0.005254416961842143,0.00822167373819248,4.4900530010034815E-4,1.673917498178512E-4,1.0,1.7130759244811595E-4,1.6477875959355515E-5,1.4207220175613483E-4,0.002576183270359114,8.719008404932702E-5,1.3501194713595228E-4,8.637165918499087E-5,3.843701992964605E-4,2.3787495084604692E-4,7.942653768625906E-4,7.839499963578544E-4,0.001440206509085893,2.0745877614988497E-4,1.5984579816466694E-4,7.94895933593882E-4,4.428577388262607E-4,1.0497472166027927E-4,9.087200915453956E-5,1.4316649671614282E-4,4.1044203018513554E-4,0.0010338369644759277,7.912024681294838E-5,0.0013416650974309287,1.4217185508461346E-4,5.759466353683555E-5,7.789486196094999E-5,6.835309244547014E-5,8.571121765120102E-4,0.013143718163313025,1.6765422898940534E-4,1.2982961916396593E-4,0.0018062845626143132],[2.0730733872029096E-4,2.870354704565546E-4,1.6658441183145463E-4,2.6546524352734114E-4,0.009230282735353493,0.0014242569275287555,0.002605511316894179,2.183875316834095E-4,0.011087110307577261,1.5028521082468781E-4,0.009420746604897707,1.819388679830468E-4,2.016476535617427E-4,1.0212873534860206E-4,3.232038199687554E-4,0.0067038958516010185,0.009323855979675538,3.907043978735368E-4,1.9762655449975423E-4,1.7130759244811595E-4,1.0,8.471438696050456E-5,1.4448663185185319E-4,0.0022312892039126693,1.4926774386104754E-4,1.4889154070391215E-4,5.884155031738063E-5,2.938587173166865E-4,6.692308433951719E-4,0.0019219152870755725,6.59345530581066E-4,0.002783754201995452,1.828205743017586E-4,1.7279347932175787E-4,4.6421904974507783E-4,5.277391293257447E-4,5.261710440868219E-5,8.712882118141259E-5,1.5143586283816358E-4,2.535721051176472E-4,0.0010361117293450658,1.6063984956263882E-4,0.01171124136009128,1.6242117223990582E-4,1.15139553773108E-4,7.074112597660878E-5,6.461684896163174E-5,0.0010651410259039625,0.04707803393136838,2.1184501486594043E-4,1.5428375805510156E-4,0.0011936488416291213],[2.995213989051676E-4,5.061633842278225E-4,1.0769841011356756E-4,5.329952070293278E-5,0.008032684551436648,0.0038759307427153797,0.0062204632343178055,1.6183593824651954E-5,0.0036035140120892544,7.012725670629426E-5,0.0020576619283943854,1.6954268752603622E-4,3.54944521516875E-5,1.4399533364958233E-5,1.31549505492999E-4,0.004242779350962511,0.008965746571326877,5.30820984991331E-5,1.8115938436820872E-4,1.6477875959355515E-5,8.471438696050456E-5,1.0,9.378930210838064E-5,2.7780707716371176E-4,1.3814043992857577E-5,1.273757764769576E-4,2.2495400991298143E-5,2.0230073644769662E-4,8.767770111323295E-4,8.445244762745546E-4,9.556206640185875E-4,0.001450416444922815,1.58141286638735E-4,6.507815113042632E-5,7.132656696338901E-4,8.563132564540382E-4,2.0791615770850777E-5,1.4756132281064268E-5,1.2084550163468793E-4,1.519710416813366E-5,0.0010167036472729836,1.0234760415432142E-5,1.9484771618254288E-4,3.076595021718108E-5,1.7332419925828488E-5,1.3510607954226393E-5,1.3894120347237866E-5,2.519211570095222E-4,0.025798076535680305,1.1092312472651297E-4,1.4124821548350573E-5,0.0023208911362093024],[2.573120281882152E-4,5.452145825534632E-4,1.2890326532514083E-4,3.229055433081048E-4,0.004128112281740337,0.008295520887628187,0.016595239749340913,1.751392820883713E-4,0.011869069707962187,1.4294554998649816E-4,0.008877348213236496,2.4789168386778106E-4,1.8730825878874474E-4,1.1062489323211352E-4,4.8601234205995444E-4,0.006649235658215392,0.011762550071512477,5.788080421298193E-4,1.9193433890162353E-4,1.4207220175613483E-4,1.4448663185185319E-4,9.378930210838064E-5,1.0,5.908835982144913E-4,4.793212348541823E-5,1.3286682850186256E-4,4.942722563051217E-5,2.2492359399467298E-4,7.474201472731305E-4,0.0013234771412315388,3.5240156094767336E-4,0.0027865022948066784,1.8009645053595704E-4,1.3984592218993643E-4,8.63740767949245E-4,8.724239690102776E-4,1.0219957668434875E-4,2.4547301514276397E-5,1.4035233809975628E-4,6.820836986122171E-4,6.445786605789141E-4,1.0955578723682966E-4,0.006373420510076362,1.0597722581289728E-4,3.34524836989703E-5,1.1711061800800149E-4,1.3212520827857166E-4,0.0010086636060934863,0.007476445044726147,1.9718561883745774E-4,8.100127794044391E-5,0.002996538338507068],[0.0022589269924106967,0.0018380786982968083,0.0018037516577251319,0.0010165050493174156,0.007301630333768044,0.010482418241816508,0.00673608180361022,0.0014154764621986612,0.0026641167277891174,0.002200128848925919,0.006836922858441816,6.351561103845038E-4,0.0025375181832530814,0.0025532836782633443,0.0013528297688908519,0.008803098870300414,0.006222754834292097,0.0020153949918001383,0.0014713605433026465,0.002576183270359114,0.0022312892039126693,2.7780707716371176E-4,5.908835982144913E-4,1.0,7.901367286748288E-4,0.0016239047999485156,0.002489646973876306,0.002164316269361996,0.002559814461522756,0.0026833323222224814,0.0011834462739608513,0.0026512013209420023,0.0020375492669853683,0.0020854260720061307,0.0014820962033039397,0.002570988301812909,0.0017097253796917707,0.0024778047349480596,0.001199747511465957,0.0019365918150987492,0.0018552891424455202,0.0019397682917037984,0.009395529047298786,9.265558793114301E-4,7.935800612414379E-4,0.0016680776442166401,7.399235717605049E-4,0.002288245609433505,0.010603632014427943,0.002522438525736174,0.002138893857684934,0.0026466713613555767],[1.385487250059087E-4,8.329000607139184E-4,8.139947975083514E-5,1.5275962070342662E-4,0.009003117765779042,0.010901264385511754,0.006469198776194119,3.1645919394380526E-5,0.004697264648821354,1.1496117214839135E-4,0.0019591527565071386,1.3752926298887512E-4,1.2668377050263234E-4,1.444918485568249E-5,1.8769702816499992E-4,0.006564325276956445,0.004981582380737013,4.009365273833175E-4,4.5720644803453743E-5,8.719008404932702E-5,1.4926774386104754E-4,1.3814043992857577E-5,4.793212348541823E-5,7.901367286748288E-4,1.0,7.810693145857261E-5,3.06705512607183E-5,2.9518099578774824E-4,0.0010036188454188837,2.9036546463531503E-4,9.196112149837634E-4,0.002866544804670939,1.9918615822033748E-4,1.6276585483903508E-4,9.506993728115458E-4,8.531907634384022E-4,2.1822048995318408E-5,1.3980155273083951E-5,1.3735969322880808E-4,2.3389858027169608E-5,0.0013929616056342139,1.2898765003278004E-5,0.008067542809159717,8.189011376758008E-5,1.7326796844160266E-5,1.3736620840116177E-5,1.4270997516750841E-5,1.0747785441678673E-4,0.030557748347728137,1.6257610812702323E-4,1.945052258999191E-5,0.0018967425773066357],[2.4222120859302175E-4,5.281657090231163E-4,1.250952090933664E-4,2.475449903176382E-4,0.004724574104925756,0.006979600295064749,0.0030563348241168923,1.5401594640377888E-4,0.008197652332229043,1.4058238154392166E-4,0.005951580235628085,2.2411779838621735E-4,2.2628031534550452E-4,1.0122085051544732E-4,3.3660379684164875E-4,0.0049577754280973295,0.0016361770391889528,9.818455388407E-4,1.9552925765304593E-4,1.3501194713595228E-4,1.4889154070391215E-4,1.273757764769576E-4,1.3286682850186256E-4,0.0016239047999485156,7.810693145857261E-5,1.0,8.433175854714341E-5,3.4380640714493316E-4,9.264939817410073E-4,0.002319039569500791,0.0010627367309989052,0.0011475917455674694,1.669287945055532E-4,1.6727749731032673E-4,3.28781786431657E-4,4.663591057089569E-4,1.0412714894103282E-4,5.9600089877504634E-5,1.440965873093798E-4,3.251919631794167E-4,0.001464504759805201,5.747043245883852E-5,0.010800892882542972,1.30762970908991E-4,9.629077607246309E-5,4.7929853822355206E-5,1.3175057279441352E-4,8.245529730982421E-4,0.01843265424304229,1.9212993400150366E-4,5.433748727620685E-5,9.731418989273619E-4],[2.604996593935784E-4,3.945371627375625E-4,9.386721443088318E-5,2.560191027029678E-4,0.01135489860698516,0.010415382086032392,0.008617077490900862,6.397207457601235E-5,0.0061260815457099636,4.422577000578898E-5,0.003977157881519453,2.395014822760286E-4,1.1442732145193147E-4,2.9828336297890665E-5,3.0820445607278915E-4,0.006732640189750763,9.308656315263093E-4,0.0010180015379369339,5.8128697479879675E-5,8.637165918499087E-5,5.884155031738063E-5,2.2495400991298143E-5,4.942722563051217E-5,0.002489646973876306,3.06705512607183E-5,8.433175854714341E-5,1.0,1.46905390818568E-4,6.343798072484787E-4,0.0010814408123307688,7.782915121597791E-4,0.0020829049624140274,1.6151873725395088E-4,1.0389075120232258E-4,9.664901268231854E-4,5.917014212147372E-4,3.7701027977798176E-5,3.603350090904844E-5,5.740863858863993E-5,6.092257039307785E-4,8.134068416661058E-5,1.490607873019003E-5,0.012835905621484223,6.950940441386469E-5,2.8476055772563495E-5,1.5656206524678202E-5,1.7741186210819823E-5,8.393357865075005E-4,0.053595902379730276,2.39002700502926E-4,3.404494468741056E-5,0.002481832388255432],[3.7651530769927406E-4,4.834795643033289E-4,3.826472013748645E-4,4.5177075943872376E-4,0.00434997630680303,0.0073033067673906665,0.0015321406014052136,3.634625209041687E-4,0.007740545405741752,4.0834330554935527E-4,0.008375763013695284,3.9487682828179775E-4,2.649795774096491E-4,4.2871407055178904E-4,4.8523599958031363E-4,0.0028278716878189342,0.0022803260425688617,6.155623998577546E-4,2.9569014089607317E-4,3.843701992964605E-4,2.938587173166865E-4,2.0230073644769662E-4,2.2492359399467298E-4,0.002164316269361996,2.9518099578774824E-4,3.4380640714493316E-4,1.46905390818568E-4,1.0,0.0010093958675883358,0.0017106802473347792,7.235814273136511E-4,0.0012263047108621182,3.0889324241893174E-4,2.9666377600605213E-4,8.853636757157283E-4,9.534340678242312E-4,2.5923821290917023E-4,1.1629719535419764E-4,2.4308921785898404E-4,5.127777857338065E-4,0.0010528223856934346,1.2586174594522048E-4,0.006625380643455679,1.4166490615271708E-4,1.8143571237089586E-4,3.547310995617278E-4,1.2486984970395553E-4,5.566639916025721E-4,0.012093959642391778,4.0176788993252863E-4,6.88941798399631E-5,0.001477944020144164],[7.33905348615671E-4,0.001023974479072308,6.60284688178036E-4,4.5339691480160335E-4,0.009081910951947183,0.010925227513219246,0.003270291502276028,8.11826727243146E-4,0.008533094668462264,8.299703413916606E-4,0.004792630089040656,4.324129618120416E-4,3.6253641107081015E-4,4.1175554226260865E-4,7.144911856155999E-4,0.001423313290096887,0.008916604549898018,0.0010628867868988094,5.628775010569777E-4,2.3787495084604692E-4,6.692308433951719E-4,8.767770111323295E-4,7.474201472731305E-4,0.002559814461522756,0.0010036188454188837,9.264939817410073E-4,6.343798072484787E-4,0.0010093958675883358,1.0,0.0015565478571323433,0.001119353249010042,0.0013521982721295747,8.904661963361995E-4,2.951825365710317E-4,0.001015428715527509,0.0010470019846134482,0.0010282125256703242,8.557454925636733E-4,6.122508740829626E-4,0.0010952943665845471,0.0014235330486690784,7.716634839165733E-4,0.006352711230429841,2.295896047232921E-4,9.676692183984751E-4,7.905010788853531E-4,0.0010017811370631674,0.001050371900784062,0.04447349967046148,0.001027251207844392,2.7871550621531876E-4,0.0017453738379793991],[7.124029822345227E-4,0.0014612579563963472,0.0023543127363275843,0.0015291037898686425,0.011634608624489345,0.011306482339534248,0.004903572531367525,6.512181449241344E-4,0.011586462437060761,0.0016093989030970992,0.007639096848425748,2.6425917749722263E-4,0.0016796986618232365,0.0028260984525723316,0.0014601220363593282,0.007665416851118245,0.01057411230004098,0.001211575336896104,0.0013424902096313748,7.942653768625906E-4,0.0019219152870755725,8.445244762745546E-4,0.0013234771412315388,0.0026833323222224814,2.9036546463531503E-4,0.002319039569500791,0.0010814408123307688,0.0017106802473347792,0.0015565478571323433,1.0,0.0025731344940697217,0.0029243325342590038,0.002306751271804045,0.001196686302318673,0.002416703720690965,0.002827300513329314,3.9007757937555075E-4,0.0023842762347144907,0.0024729890693322007,0.002938060305795354,0.0028410596928968176,0.0018186582755750273,0.008932971245727242,0.0027166579820580164,4.65002069874767E-4,0.002022277736235908,0.002652186200791674,0.0023980199648436637,0.05139192848628504,0.002823984457083633,0.0020935462541269287,0.003063199928943499],[9.706778671360722E-4,0.0010489740845473446,6.646812785877896E-4,8.221505948808154E-4,0.0015912687420187423,0.009456063008660474,0.01272718606574635,3.802713663349236E-4,0.0012744406122444064,2.047261704340579E-4,0.01040467791250134,9.850145135655987E-4,5.771597430334868E-4,6.618271811791115E-4,7.826533875106892E-4,0.003476002805167929,0.010943116846217214,0.0011695972418801254,2.3744225038082182E-4,7.839499963578544E-4,6.59345530581066E-4,9.556206640185875E-4,3.5240156094767336E-4,0.0011834462739608513,9.196112149837634E-4,0.0010627367309989052,7.782915121597791E-4,7.235814273136511E-4,0.001119353249010042,0.0025731344940697217,1.0,0.001334009088667967,9.286952201775694E-4,0.001046769940280972,0.0010012111764322166,0.0011462911467717777,3.833875302178631E-4,4.2972811078067255E-4,2.2375384659371753E-4,0.001250706375773517,0.0014511944806288055,4.3268921365891016E-4,0.002974363604097324,9.260182145319181E-4,6.807448776423325E-4,0.0010636268393751562,4.6867742611937587E-4,0.0011580993098431588,0.0065752790032539594,0.0010469602805946638,0.0011666336029201487,0.0015874691091793639],[0.001391213068041108,0.0027407541639491127,0.0023013998548890506,0.0017793703423235286,0.007921601606594622,0.003034965029035656,0.004552749083035372,0.001028219454018496,0.008315768589650038,0.0015594187722851962,0.010310536069905112,0.0026587444508576787,0.002725576122911208,0.001403849358787017,0.002858721318072228,0.008978761486561578,0.003870807651896535,0.001376106079859846,0.001392289103385153,0.001440206509085893,0.002783754201995452,0.001450416444922815,0.0027865022948066784,0.0026512013209420023,0.002866544804670939,0.0011475917455674694,0.0020829049624140274,0.0012263047108621182,0.0013521982721295747,0.0029243325342590038,0.001334009088667967,1.0,0.0012934335214174113,0.002291718525839592,0.0012062443534706824,0.0014669227016087076,6.934176312149725E-5,0.0022287665485265845,4.1191098001402396E-4,0.0018188577730696986,0.002635118115387362,9.979626578154337E-4,0.013494802569302022,0.002180116434055327,0.002781457266170386,0.0021839092514914465,4.0162717260451867E-4,0.001471262171052275,0.006801272572482144,4.859729851489148E-4,0.001003967402932989,0.0030250348961654242],[2.402686156251074E-4,5.646809883278541E-4,1.861532538950222E-4,3.0756997041516527E-4,0.0010084360122837343,0.010750093309039296,0.007671072696275314,2.2592449124709808E-4,0.001936375586065604,2.0478674368040167E-4,0.005286507411569562,2.4505101490910697E-4,2.2117893398991963E-4,1.5471384200828114E-4,3.293199530343217E-4,0.008556532005393356,0.007997177622954802,7.692210958319019E-4,2.1219535561918708E-4,2.0745877614988497E-4,1.828205743017586E-4,1.58141286638735E-4,1.8009645053595704E-4,0.0020375492669853683,1.9918615822033748E-4,1.669287945055532E-4,1.6151873725395088E-4,3.0889324241893174E-4,8.904661963361995E-4,0.002306751271804045,9.286952201775694E-4,0.0012934335214174113,1.0,2.1030768743139796E-4,6.987358151408472E-4,6.278258815285467E-4,1.8708117688549079E-4,1.0280739215775098E-4,2.071732910361564E-4,0.0012458513762993316,0.00134250998166637,1.3479410745424094E-4,0.007058138930906688,1.3545121924516226E-4,4.342342401973491E-5,9.419572865574042E-5,5.432429637835531E-5,0.001037675597651396,0.0017849129388007486,2.3688085140748948E-4,2.0059752777941707E-4,0.0012587055404911583],[2.7651688341897126E-4,8.630096499576582E-4,1.6837980886933232E-4,1.7419540298750923E-4,0.0072149753209699114,0.00467706606631969,0.016743437837779696,1.953078921808836E-4,0.007829611492918144,1.6673027047010172E-4,0.003182119065581117,2.2538083011080688E-4,2.0296021617989126E-4,1.1185414769828565E-4,4.579348202852441E-4,0.005778121056601274,0.0031028863653938038,7.81665674179013E-4,1.7261391841722523E-4,1.5984579816466694E-4,1.7279347932175787E-4,6.507815113042632E-5,1.3984592218993643E-4,0.0020854260720061307,1.6276585483903508E-4,1.6727749731032673E-4,1.0389075120232258E-4,2.9666377600605213E-4,2.951825365710317E-4,0.001196686302318673,0.001046769940280972,0.002291718525839592,2.1030768743139796E-4,1.0,3.822767446981341E-4,5.791996060421327E-4,7.259622671707629E-5,1.0421378140333006E-4,1.6547692859430365E-4,4.6119284904351987E-4,6.819538882111797E-4,3.4434698534852306E-5,0.0032170608819021337,1.6184759209324597E-4,1.1766334189232574E-4,1.1073144850604774E-4,6.244546000902973E-5,0.0010366591897699928,0.009000805141230268,2.0331396891271937E-4,6.106695985217718E-5,0.001340445813784694],[6.846452025510506E-4,0.0010139775860386498,7.555277331958488E-4,9.610269638368788E-4,0.00928403217761744,0.01178398653674434,0.0163913154830745,3.9864938149424656E-4,0.0011998006495234463,7.350854915481186E-4,0.0010818667087470774,7.012160151985094E-4,9.962987411383797E-4,3.718365630962617E-4,5.947939132380265E-4,0.008926366314536263,0.004810281360783288,0.0010431886710844972,7.231582127078491E-4,7.94895933593882E-4,4.6421904974507783E-4,7.132656696338901E-4,8.63740767949245E-4,0.0014820962033039397,9.506993728115458E-4,3.28781786431657E-4,9.664901268231854E-4,8.853636757157283E-4,0.001015428715527509,0.002416703720690965,0.0010012111764322166,0.0012062443534706824,6.987358151408472E-4,3.822767446981341E-4,1.0,0.0010303263263794279,1.8883672862573503E-4,6.949494449116621E-4,8.693728813037026E-4,0.0012494973075570653,0.0014789104498195548,7.393423373927212E-4,0.013600512653744543,8.785751176902453E-4,8.388255867510978E-4,4.344362885511388E-4,1.3355490700382288E-4,0.0010830392498019498,0.010134049912055403,6.323194135901876E-4,1.3112233083651038E-4,0.002380888964241835],[5.679862042538683E-4,0.0010279918948097485,0.0010162554625694903,8.338448562748978E-4,0.009584512288150654,0.005495526764478458,0.013231427678852336,5.914429072189681E-4,0.00848996161253265,2.491538018471931E-4,0.004532915628226422,7.766442823878086E-4,7.01877577962667E-4,9.046466978075423E-4,7.147402330797012E-4,0.004411341963968052,0.006368775999338716,0.0010419161448481068,2.7500719359162956E-4,4.428577388262607E-4,5.277391293257447E-4,8.563132564540382E-4,8.724239690102776E-4,0.002570988301812909,8.531907634384022E-4,4.663591057089569E-4,5.917014212147372E-4,9.534340678242312E-4,0.0010470019846134482,0.002827300513329314,0.0011462911467717777,0.0014669227016087076,6.278258815285467E-4,5.791996060421327E-4,0.0010303263263794279,1.0,8.92979393016245E-4,9.22514274770343E-4,0.0010024264504191866,0.0012057046237374778,0.0015163170568307563,8.411420677087644E-4,0.006818799667459032,7.941774456335561E-4,1.0927848667648509E-4,6.837852282553171E-4,7.039191977810981E-4,0.0010729202206634825,0.02012904454739631,5.070812785109419E-4,5.825176565583148E-4,0.002499720072192761],[1.233220315059185E-4,1.2876686761990706E-4,6.15550619571766E-5,2.637115504013482E-4,0.0015240504851767832,0.008154873859801627,0.01714068328875249,2.297722009861193E-4,0.009239199368800086,9.835263174283695E-5,0.002189771490332734,7.622841256649921E-5,4.523252954703999E-5,2.312153446149232E-5,1.4617948136574547E-4,0.008764795525325128,0.01089826073502053,8.097909909810736E-4,1.7880784293712373E-4,1.0497472166027927E-4,5.261710440868219E-5,2.0791615770850777E-5,1.0219957668434875E-4,0.0017097253796917707,2.1822048995318408E-5,1.0412714894103282E-4,3.7701027977798176E-5,2.5923821290917023E-4,0.0010282125256703242,3.9007757937555075E-4,3.833875302178631E-4,6.93417631214