[[1.0,1.6979750938926519E-4,0.013171411838148654,3.196260447567447E-4,5.604634172245286E-4,1.0268270406475821E-4,4.2550685880213317E-4,3.68824897631629E-4,0.011067108054545569,3.4948196373271034E-4,0.007135457460431876,1.9621935636244566E-4,2.9997781498555576E-4,2.840444932416487E-4,2.8618437740582554E-4,2.366691062255082E-4,0.001139982344852531,2.0036186318340166E-4,3.1159834612232823E-4,0.0022752376234238154,0.0037722510316411176,3.4093412323550783E-4,1.6823535275069306E-5,5.906300737696344E-5,1.7106553425395022E-4,0.009060067910008343,2.38315205505285E-4,3.4630547620537026E-4,3.2692802556606607E-4,0.002830553894231867,1.7780269691477666E-4,1.1384688524714833E-4,0.003243052530070476,7.576942942566099E-4,0.0011764876404562186,0.0018941668026529268,3.0919047658901813E-4,0.0048521774866836075,5.067344101623815E-4,5.25704806952883E-4,2.1911293026553522E-4,0.0021807747467118685,5.931296070440652E-4,3.9474583739732125E-4,3.3125933842507874E-4,0.023733116301505146,2.957178530612164E-4,0.003468957062271482,2.1760001093835626E-4,0.0011059035612229315,2.0184388897586956E-4,1.9334508636911405E-4,2.447571446615657E-4,7.174589063363207E-5,2.813416321562601E-4,1.1430454662190092E-4],[1.6979750938926519E-4,1.0,0.002901502789465187,1.0031184582307125E-4,0.004807423677779683,2.8753841634931494E-5,7.959843230329451E-5,1.833661644422161E-4,0.004285873297864966,4.9595531796972414E-5,0.003260692074692766,1.8797326369937177E-4,1.9572384720654577E-4,4.9736850598090226E-5,9.0658379943809E-5,9.755786370062506E-5,7.114662380438566E-4,1.3058136162908183E-4,4.9359172239326764E-5,8.752728480024899E-4,0.004278661182602029,2.3716589358756946E-4,1.654224685953867E-5,1.7998562902107453E-5,1.5246225549505104E-5,0.006965505207539688,1.1118176084176255E-4,6.693773066295217E-5,1.8889952892096074E-4,0.004611901476832766,4.1262446204411736E-5,1.9239538326332377E-5,0.0032377083934655893,0.0014801842049604647,0.0011163579386937934,8.841272073142876E-5,1.431437175202314E-4,0.002303653530054321,0.0010342275239923952,3.02300838108624E-4,1.5044690745705899E-5,0.0027403479213036776,3.878728082649663E-4,7.57850022444592E-4,1.6614670236020537E-5,0.038128798093750485,6.373223496730633E-5,0.0027525149610053883,4.633335953102186E-5,8.354076177920726E-4,1.1802594454920327E-5,6.618319747607232E-5,1.0932855448619725E-4,2.1471427562412916E-5,9.760929859042758E-5,1.693766565019252E-5],[0.013171411838148654,0.002901502789465187,1.0,0.00316166143277439,0.016453461717894725,0.011552038240999308,0.0105637118917682,0.011774608824413422,0.01666416908120665,0.011844352730873524,0.013838695995494255,0.0031218328259529273,0.002730539015546738,0.01174693523776915,6.978981939268415E-4,0.010628263634934226,0.0023007153764377977,0.0013965925330510433,0.007868991985211462,0.014213452747075295,0.016101823177967732,0.0012746895251990954,0.0066032995489244545,0.009407929807862916,0.008003060739211237,0.016911165726630727,2.621009105714075E-4,0.0028905552156268458,0.013080404321741857,0.0250347627940371,0.0026003893327628514,0.004955644631828297,0.010110683684350068,0.016468806230563102,0.014376690546744699,0.008878776256533136,0.015736901664496917,0.015867821473609094,0.015203765537122726,0.004638902669865193,0.006894390853825669,0.011048771432887825,0.01311051948284046,0.008368197181730755,0.007822781804830403,0.026608119502066853,0.0067524029923787116,0.01408442660048909,0.005920382710765389,0.009958749069380594,0.010893897588393946,0.0013778662082041988,0.012624458577444105,5.953904362039912E-4,0.01555456357658089,0.0016717292667152413],[3.196260447567447E-4,1.0031184582307125E-4,0.00316166143277439,1.0,0.015196429740827081,6.844431990257962E-5,1.605673054749785E-4,3.4571129723137115E-4,3.7342709195001397E-4,2.5346400935303355E-4,0.004336861277430717,1.6382048392698682E-4,1.66433616655725E-4,1.3617462665779656E-4,1.073099673307467E-4,1.8946914037208383E-4,4.3010600364912894E-4,1.3201015818896576E-4,1.3199180188908116E-4,0.002374072872673958,0.0021547639266473015,2.753440857905233E-4,1.0440982627856951E-4,8.363857878640943E-5,1.0216307222839257E-4,2.535513838519615E-4,1.1172822262275591E-4,3.8303944511995235E-4,2.4657213376735377E-4,0.005474108536679767,1.1615127760740043E-4,6.519981492527319E-5,3.4373454580206945E-4,0.0014903277234746231,6.814784650933602E-4,0.0016531903468722001,1.4791317516452883E-4,0.007396152357734486,4.8377909710795996E-4,0.0010280543166554692,7.616877293072114E-5,8.349824917439875E-4,1.348540308985283E-4,2.624649189234274E-4,4.804476579793334E-5,0.03689109869676974,1.378165346225007E-4,0.010461745927484403,1.1366410643276076E-4,7.458900075069665E-4,9.602864056605377E-5,1.1056330154536956E-4,1.4418330280984717E-4,9.038687926481796E-5,1.275374976592072E-4,4.468480329921802E-5],[5.604634172245286E-4,0.004807423677779683,0.016453461717894725,0.015196429740827081,1.0,0.004878552282157138,0.012419207685484398,0.014023726714153091,0.015821252064442855,0.002217721737003211,0.014895870858888317,0.006602847188140767,0.015237965584995097,0.005567500581309206,0.014179441057266191,0.0015176202140031899,0.014865210793056898,2.95692107672279E-4,0.009735785761462968,0.012271074214585039,0.009298007950002343,0.006177566351876448,0.004323176406160029,0.010083295657381683,0.0033546902958155136,0.01200460214790104,0.0010427638601596552,0.006135025639952532,0.008941497199445354,0.03122169281774268,0.014983749547725925,0.006811091266250754,0.011836273208582195,0.00814640395914047,0.006085607257348058,0.0042459091142102836,0.015624508769826117,0.014972218519105145,0.0029591519758110016,0.006427208215698772,0.002340204340002809,0.011155194880664063,0.0035851484353657775,0.005611549124994321,0.0061321693585648625,0.020241234555091872,0.006161466469888165,0.013590997353185787,0.008114073830205586,0.015794731150721705,0.006398318653025284,0.0015039252915553586,0.002334299761743878,1.0078471462193788E-4,0.009597333765699233,0.009811186206260382],[1.0268270406475821E-4,2.8753841634931494E-5,0.011552038240999308,6.844431990257962E-5,0.004878552282157138,1.0,2.7083599559522386E-4,3.788171364586944E-4,0.005788271804250339,2.1082620544901558E-4,0.005620374086215274,1.8674008998640666E-4,2.8788320950601655E-4,5.577355437569167E-5,5.765400208986657E-5,1.4863601869787396E-4,6.964607003820802E-4,1.141713650096757E-4,6.499730806007992E-5,6.817897456712233E-4,0.0011591617683846802,2.839816231656856E-4,1.635231383860959E-5,3.1420637250065915E-5,1.8608369863817784E-5,0.005781365687827414,4.5312744220564734E-5,9.302742235511211E-5,8.831643170558113E-5,0.009298384019784785,6.711352743747222E-5,2.325200399385522E-5,0.0017090407440115353,7.858850940246101E-4,0.0010255355848491135,0.0010084594769745815,4.8348563348266194E-5,0.009982128197406941,8.814586220797628E-4,4.936136581247788E-4,2.3661782605492986E-5,0.0035575321109539066,3.9565913219158876E-4,2.0629380547703278E-4,2.143556143170326E-5,0.001338626421452578,3.357233948408459E-5,0.0057979373835332,1.151214510037013E-4,2.843884153043107E-4,1.3423221728736002E-5,3.2415199193735895E-5,9.526800254475749E-5,2.8391570788311533E-5,1.2416790891032998E-4,2.4712243583663683E-5],[4.2550685880213317E-4,7.959843230329451E-5,0.0105637118917682,1.605673054749785E-4,0.012419207685484398,2.7083599559522386E-4,1.0,5.082264715552453E-4,0.004284484939352831,5.784169959415582E-4,0.00271514668662727,5.266859707435383E-4,3.437591125555888E-4,6.212249480831156E-4,5.692115587606962E-4,5.062753307034241E-4,0.0011551068513641846,4.654555931182678E-4,5.376029147399792E-4,0.002412657916787007,0.0038736999087448172,4.5353920674124276E-4,1.2239028983078632E-4,5.994097406033646E-4,4.91376958651273E-4,0.0029859719066124414,5.486452813478987E-4,6.326773644985932E-4,4.300594819754665E-4,0.024471357328113397,5.964981260487527E-4,2.6801060330299963E-4,0.0031696144769265086,0.0013027877176617088,0.0011505375759679577,0.0016231495465565634,3.447771964285253E-4,0.002907734774215821,0.0010551679007585874,6.373587097946908E-4,2.9186088430999455E-4,0.0033745278788441155,6.862426926380273E-4,0.0010330303294986702,3.475422448163827E-4,0.02167576536583296,3.2482463791598824E-4,0.009453544483809643,3.390687875355283E-4,6.421253425732419E-4,6.219370246573785E-4,1.933335265806517E-4,2.1296364601617248E-4,2.7998273604688143E-5,1.6877735563289417E-4,3.157726140080506E-4],[3.68824897631629E-4,1.833661644422161E-4,0.011774608824413422,3.4571129723137115E-4,0.014023726714153091,3.788171364586944E-4,5.082264715552453E-4,1.0,0.005725740651804391,3.746516574777197E-4,0.005689090662621691,3.493504534938264E-4,3.257230578132098E-4,2.645126884668269E-4,3.1256769397401956E-4,3.130177107309252E-4,7.435532512840448E-4,3.715783323943703E-4,2.2767048129471962E-4,0.0014161125119186294,0.0015546401577394746,4.2961033742214017E-4,2.0289248888328475E-4,1.7690244845239574E-4,2.63417123517148E-4,0.009241780983610637,1.3279278499101965E-4,4.135756780036719E-4,3.084821176672592E-4,0.015475869719908966,2.9046822813674896E-4,1.7770235824442245E-4,6.506011413244062E-4,0.0017854766834639122,6.553318908354093E-4,0.0014877347709272243,3.8180753478704317E-4,0.010571596911902778,5.660923874185276E-4,0.0011910927117963351,2.2826408793781875E-4,5.223551333096473E-4,7.195018820207036E-4,9.38227818722758E-4,2.4119307099918855E-4,0.005712078009024696,2.659914385278457E-4,0.010342359327163129,3.600706366341932E-4,7.793623339646863E-4,9.535735580591781E-5,2.0505014905989753E-4,3.0312537535279427E-4,5.981276348468086E-5,1.5520378229317268E-4,3.5804703622495593E-4],[0.011067108054545569,0.004285873297864966,0.01666416908120665,3.7342709195001397E-4,0.015821252064442855,0.005788271804250339,0.004284484939352831,0.005725740651804391,1.0,0.012865931807310224,0.013333333333333334,0.005714579861309525,0.009465496271474805,0.005431780338334594,0.006642631967277287,0.011590516814027244,0.005348618669620451,0.0043269102822772725,0.012922818228652088,0.007333643429404553,0.010418660827728793,0.012196803946681961,0.011468650741039777,0.010135071273807363,0.008469401250944475,0.012036341161217483,2.0978405797681288E-4,0.00503708975007691,0.006297129673366922,0.03309587509694263,0.001577155048952463,0.009212441984536138,0.0071612154823693566,0.006634442889204695,0.004739834170740623,0.0028479049355401476,0.004400404477254661,0.01256094667533841,0.013061950660542533,0.006986398673816934,0.0011949256237509215,0.00924766753324003,0.0032971711609984743,0.009843183065829184,0.005260661760423027,0.033032404413676685,0.011472828545464312,0.013083834830329663,0.0014936202141049592,0.011683855029204684,2.9465260022264157E-5,0.009438999955466503,0.007406626926030323,3.329611757245533E-4,0.00986001753776298,0.009157466466387959],[3.4948196373271034E-4,4.9595531796972414E-5,0.011844352730873524,2.5346400935303355E-4,0.002217721737003211,2.1082620544901558E-4,5.784169959415582E-4,3.746516574777197E-4,0.012865931807310224,1.0,0.01084456879016915,2.0231371544877092E-4,3.4128983064551867E-4,2.018508162563151E-4,2.5943525766133956E-4,2.7680558422591475E-4,6.10911518963506E-4,1.9198961070590034E-4,1.574262048026957E-4,0.0015111847702788646,0.0022613507524227743,4.2456781032479185E-4,1.4696369835177442E-4,3.2597655212615085E-4,1.0953120624254831E-4,0.005669897758601736,3.25234376086584E-4,4.0057692676818176E-4,2.717227073683182E-4,0.027014959524586105,3.127472275821857E-4,3.388983808217776E-4,6.094451914870454E-4,9.568536774500303E-4,6.34335454949977E-4,4.7042314201701705E-4,2.1075644574665499E-4,0.0072756878801401035,0.0011374613250359701,0.0012812478349212664,1.74678280681658E-4,0.002519094402294809,5.835156264650398E-4,5.834905797621473E-4,3.137339518301629E-4,0.03657825939423249,3.32450854420979E-4,0.012570749107002809,2.294970213404946E-4,8.880814804528007E-4,2.19327145417998E-4,2.3342505130671663E-4,2.383967953027031E-4,1.0035957449219273E-4,3.1489299083444834E-4,2.7796478882425294E-4],[0.007135457460431876,0.003260692074692766,0.013838695995494255,0.004336861277430717,0.014895870858888317,0.005620374086215274,0.00271514668662727,0.005689090662621691,0.013333333333333334,0.01084456879016915,1.0,0.009775103064792321,0.01028736903940183,0.01240015452213717,0.005052243949614112,0.0024924713042188554,0.00803763739730199,0.011761387066972736,0.011916122046931436,0.009642556084038063,0.0073438458035175996,0.001516667048047432,0.010323000314013448,0.0069560593653425025,0.0032010074212990383,0.010337006094679635,0.007604187358070313,0.00455557933733198,4.06595668020056E-4,0.026968900467979375,0.0029820655133069363,0.0032385380667279526,0.010639691752412778,0.0046464473549439455,0.011426871090317162,0.002307178664732587,0.006777168374942348,0.012819855290340148,0.013018900203456927,0.01254707217454577,0.012757049167125702,0.009086199959461621,0.005652942129216017,0.009177605255797475,0.011917252180910085,0.01616629590158067,0.012128381461694024,0.013234434974841358,0.007541329183210774,0.005627225692426732,0.0027130040608076187,0.008876142246599609,0.008527993603553902,0.011579106005227085,0.005769069611277211,0.010083675905258627],[1.9621935636244566E-4,1.8797326369937177E-4,0.0031218328259529273,1.6382048392698682E-4,0.006602847188140767,1.8674008998640666E-4,5.266859707435383E-4,3.493504534938264E-4,0.005714579861309525,2.0231371544877092E-4,0.009775103064792321,1.0,2.538705886322958E-4,1.6640304018365209E-4,1.699383226666156E-4,1.9114380065594414E-4,2.0038582012708175E-4,1.7511871921866318E-4,1.551638410265645E-4,0.0021752038512965082,0.00271282531131482,1.9488385104880562E-4,1.3320763277492568E-4,1.16221552476749E-4,1.7136123043206522E-4,0.006089916420450267,1.6865960297436942E-4,3.102657242594802E-4,2.1705740420705153E-4,0.03161388629167937,1.7662330503072962E-4,9.30678551757079E-5,0.001741716215678312,0.0015758691585533021,8.192582626010629E-4,0.0015966818268316762,1.926396291538966E-4,0.007654673767628466,0.0010182205119562537,0.0011683735142354634,8.682405853488757E-5,0.001395013237000093,3.6438290317211165E-4,7.338042124541138E-4,1.2578817608402583E-4,0.023107232290586352,1.4187695565472528E-4,0.006599981197446183,1.753116178515447E-4,4.267611277430008E-4,1.0989429736475562E-4,1.5307417709970887E-4,1.7455189717695385E-4,8.52788502578521E-5,1.5658943778952555E-4,4.674934169273358E-5],[2.9997781498555576E-4,1.9572384720654577E-4,0.002730539015546738,1.66433616655725E-4,0.015237965584995097,2.8788320950601655E-4,3.437591125555888E-4,3.257230578132098E-4,0.009465496271474805,3.4128983064551867E-4,0.01028736903940183,2.538705886322958E-4,1.0,2.0129200926885966E-4,1.8290301412444274E-4,2.8593234784079314E-4,5.201069053894494E-4,2.8410807699337303E-4,1.6293871099098134E-4,0.0022977142588049178,4.507890141305218E-4,3.7671014239293386E-4,1.5472160335749116E-4,1.4316577272006692E-4,2.092456554664081E-4,0.00808116674992361,1.8216423329066024E-4,3.3776420966146083E-4,2.8836608272671E-4,0.011718930931405388,2.2979097920590146E-4,8.965782523800918E-5,0.003407869247544836,0.001355583983372464,0.0011567948685559085,0.0019198862621552344,2.2959733664336803E-4,0.009666726550761796,0.0011714747430884025,6.163213676033354E-4,5.605845709782807E-5,0.0016219793819430173,6.054896945826254E-4,9.375215172601761E-4,2.0096591500662505E-4,0.032444077639426354,1.6668590106346448E-4,0.0041948771293875385,2.749826707800611E-4,3.50516047040864E-4,7.472689040745419E-5,2.6029345429065017E-4,1.5503271894467491E-4,8.119708114388827E-5,2.879217183767994E-4,7.831585164910836E-5],[2.840444932416487E-4,4.9736850598090226E-5,0.01174693523776915,1.3617462665779656E-4,0.005567500581309206,5.577355437569167E-5,6.212249480831156E-4,2.645126884668269E-4,0.005431780338334594,2.018508162563151E-4,0.01240015452213717,1.6640304018365209E-4,2.0129200926885966E-4,1.0,1.3039805779250016E-4,1.8634902571368337E-4,4.4888235848484544E-4,1.4218884229897033E-4,1.3652129215921765E-4,0.0026424897903850734,0.0025937027919025373,2.2293101169936326E-4,1.3116862427814662E-4,3.312149540013358E-5,1.5045240126127435E-4,0.006296486847758394,1.1135630542170329E-4,3.612887006282933E-4,2.5755636790571125E-4,0.03096679404907325,1.590202233523413E-4,1.5060335638321343E-4,0.002349362225536265,0.0010772960617823743,2.991303734102708E-4,0.0014820983892480954,1.952910410857353E-4,0.009133179993910322,4.603129637233043E-4,7.968559139534776E-4,6.804871666063658E-5,0.0016609207166077607,5.01268794592305E-4,6.153828988794911E-4,2.445540613330315E-5,0.014813463371904945,1.5051343551592393E-4,0.010162070198460518,1.4280274470362465E-4,3.983875685126157E-4,7.423311146304084E-5,1.374923990352313E-4,1.5241008014874434E-4,1.1404097810587281E-4,1.4891482452017297E-4,8.516758349933062E-5],[2.8618437740582554E-4,9.0658379943809E-5,6.978981939268415E-4,1.073099673307467E-4,0.014179441057266191,5.765400208986657E-5,5.692115587606962E-4,3.1256769397401956E-4,0.006642631967277287,2.5943525766133956E-4,0.005052243949614112,1.699383226666156E-4,1.8290301412444274E-4,1.3039805779250016E-4,1.0,1.335010865244303E-4,0.001102958045069997,1.0675402980671234E-4,1.2413430356530782E-4,2.975092527494053E-4,4.958230844058775E-4,3.9681534480104824E-4,7.418710446809829E-5,8.27431799707612E-5,8.601140744754615E-5,0.008510615410303967,1.0688000726968643E-4,3.3719712867029384E-4,2.4704777782291114E-4,0.003829846052027575,1.0481272345550969E-4,5.506735093395378E-5,0.001845068319618262,3.3452767275436246E-4,4.8645574041341645E-4,9.349273596786474E-4,1.2116608959971195E-4,0.002376405389531718,7.386327567709244E-4,4.8594165918150695E-4,1.684115038850461E-5,0.0022349681347833207,5.356835647024733E-4,2.6319227956380877E-4,7.972824524513353E-5,0.020077553040194675,1.3544383732972968E-4,0.005122955892315289,1.1044544310090009E-4,0.0012298844312794931,7.599917837061705E-5,1.0450974277495532E-4,1.1248886685262909E-4,9.585733606102227E-5,1.3102064511127628E-4,4.5084057561493174E-5],[2.366691062255082E-4,9.755786370062506E-5,0.010628263634934226,1.8946914037208383E-4,0.0015176202140031899,1.4863601869787396E-4,5.062753307034241E-4,3.130177107309252E-4,0.011590516814027244,2.7680558422591475E-4,0.0024924713042188554,1.9114380065594414E-4,2.8593234784079314E-4,1.8634902571368337E-4,1.335010865244303E-4,1.0,8.277766336982427E-4,1.5873580542701338E-4,1.960338077265314E-4,0.0016847257789181587,0.0038078836552345664,2.9442314620475895E-4,2.030675749316843E-5,4.98795650516396E-5,8.891470750476473E-5,0.005962741408255009,1.261929989575925E-4,3.760368661407757E-4,2.5170273256026627E-4,0.009944125836654914,1.894854672458054E-4,3.49597391924364E-5,4.692295671958251E-4,0.001989262970467895,7.307415429176292E-4,7.336121059842277E-4,2.156356038736044E-4,3.220854248490268E-4,9.96594634994838E-4,9.947000953026593E-4,3.907597356945091E-5,0.0028919868769729288,2.69606796319722E-4,7.615689055356831E-4,3.429666487750607E-5,0.01552204128588472,2.138582774859988E-4,0.008528389131988315,1.6082965688447303E-4,6.561205324181783E-4,1.5025544598651933E-4,1.451990310728465E-4,2.0253020678520785E-4,1.8663199351804638E-4,2.0460933051518962E-4,1.6256505188029573E-4],[0.001139982344852531,7.114662380438566E-4,0.0023007153764377977,4.3010600364912894E-4,0.014865210793056898,6.964607003820802E-4,0.0011551068513641846,7.435532512840448E-4,0.005348618669620451,6.10911518963506E-4,0.00803763739730199,2.0038582012708175E-4,5.201069053894494E-4,4.4888235848484544E-4,0.001102958045069997,8.277766336982427E-4,1.0,3.383509343300923E-4,8.092133713472905E-4,0.0016368946311221947,0.0030492015790943064,8.297215961524906E-4,0.0011906667503133012,6.866967780176912E-4,2.6457570336419086E-4,0.007216147382968311,2.128046095471645E-4,0.0010443894266083313,8.979699251470308E-4,0.0279437819337405,3.722403356101266E-4,4.8825739470196753E-4,0.001555632159822914,0.0017919696251821118,0.0012853223150994734,0.0020584218660639544,2.9742583832502824E-4,0.005703266305304498,0.0012591427638196865,0.0013059222604742046,0.0011465095377739842,0.0028206482285824553,9.045728066573245E-4,0.001050472003767324,4.3525541937453895E-4,0.037976784990617386,3.9889526557048663E-4,0.009330873994157,0.0012637889722852671,0.001506027539576732,7.17307271394338E-4,0.0010947775153106556,0.001124758830716442,2.298067817476821E-4,2.9385309735628434E-4,6.832098326187705E-4],[2.0036186318340166E-4,1.3058136162908183E-4,0.0013965925330510433,1.3201015818896576E-4,2.95692107672279E-4,1.141713650096757E-4,4.654555931182678E-4,3.715783323943703E-4,0.0043269102822772725,1.9198961070590034E-4,0.011761387066972736,1.7511871921866318E-4,2.8410807699337303E-4,1.4218884229897033E-4,1.0675402980671234E-4,1.5873580542701338E-4,3.383509343300923E-4,1.0,1.3591166740997072E-4,0.0018434119264123896,0.0016796422580625818,3.3250100204451996E-4,1.050383363623144E-4,1.0002713399697347E-4,3.855943215383335E-5,0.0026519526202320913,1.3284288365721916E-4,3.529927726861991E-4,2.1960657477819456E-4,0.007410944541674844,1.4259132372356845E-4,8.975232530387985E-5,0.0036360557188276884,2.819294271864293E-4,2.2626954607871764E-4,7.2980667629011E-4,1.5691654086435246E-4,0.0033413018858246078,5.105487335712066E-4,1.8995341905722282E-4,2.560657853807473E-5,6.100361473941936E-4,2.1589841683022942E-4,8.228354749140404E-4,1.3965800785280288E-4,0.008826658681622461,1.399533757678583E-4,0.005080320857304324,1.3445525524088218E-4,9.879519301861882E-4,4.389708818987239E-5,1.086104776221692E-4,1.4505863306980824E-4,9.194375128349837E-5,1.4700578377308446E-4,5.42795262891986E-5],[3.1159834612232823E-4,4.9359172239326764E-5,0.007868991985211462,1.3199180188908116E-4,0.009735785761462968,6.499730806007992E-5,5.376029147399792E-4,2.2767048129471962E-4,0.012922818228652088,1.574262048026957E-4,0.011916122046931436,1.551638410265645E-4,1.6293871099098134E-4,1.3652129215921765E-4,1.2413430356530782E-4,1.960338077265314E-4,8.092133713472905E-4,1.3591166740997072E-4,1.0,0.0017380177754666769,0.003280450145045193,3.722297852107804E-4,5.1176674396499E-5,3.579585814783709E-5,1.1695311340975333E-4,0.006798770226640502,1.1736239552141285E-4,2.0385742549500996E-4,2.1749904690138548E-4,0.020537759643651923,1.375690597260364E-4,6.832775718386811E-5,0.0015922158464551654,0.0019352980439621612,5.375088642327996E-4,6.098041438247209E-4,1.9266654340063506E-4,0.00581725829152229,4.4724653828658186E-4,4.0907121253659455E-4,1.1620053453244368E-5,0.0016546639222473037,6.423492821755494E-4,4.4258866780679765E-4,1.328633748312504E-4,0.009345612227995142,1.3787487714079876E-4,0.006868062791070464,1.222990792325956E-4,2.496246362199318E-4,1.0129349721098547E-4,1.1765862696474884E-4,1.5130531426821834E-4,4.629371350941556E-5,1.363938472866397E-4,1.3234811566150334E-4],[0.0022752376234238154,8.752728480024899E-4,0.014213452747075295,0.002374072872673958,0.012271074214585039,6.817897456712233E-4,0.002412657916787007,0.0014161125119186294,0.007333643429404553,0.0015111847702788646,0.009642556084038063,0.0021752038512965082,0.0022977142588049178,0.0026424897903850734,2.975092527494053E-4,0.0016847257789181587,0.0016368946311221947,0.0018434119264123896,0.0017380177754666769,1.0,0.003953259718541964,0.0024720608425759807,0.0029244127026485643,4.3881755540995304E-4,5.841115251743499E-4,0.006499594107276099,0.0012944384471605447,9.139032150167572E-4,7.380495417365092E-4,0.03694441076465707,0.001781800561380849,5.834929763537672E-4,0.0035570776970431294,0.0027937411547450533,0.00224609841964944,0.002501998581126203,0.0021697132606663264,0.006329612214840491,0.0012914555581194276,0.0024980064258267346,0.0013811911936929798,0.003918986208450699,9.938396773469217E-4,0.0026026375603044934,0.0029879345101626324,0.0154346070996805,0.002490120292096832,0.007172879072411476,0.0010470115662914194,0.002178071039001149,0.0021602010894573556,0.003203136617966149,0.00292907460895712,0.001637667486347716,0.002373713258421704,0.002359192873063157],[0.0037722510316411176,0.004278661182602029,0.016101823177967732,0.0021547639266473015,0.009298007950002343,0.0011591617683846802,0.0038736999087448172,0.0015546401577394746,0.010418660827728793,0.0022613507524227743,0.0073438458035175996,0.00271282531131482,4.507890141305218E-4,0.0025937027919025373,4.958230844058775E-4,0.0038078836552345664,0.0030492015790943064,0.0016796422580625818,0.003280450145045193,0.003953259718541964,1.0,0.003857062576238244,0.0028088645840613612,0.0027352828179723118,2.8514246897410597E-4,0.006267224352228753,0.004897838601994086,0.0031815459689584907,0.0016217426164958871,0.02841265125503468,0.004639965065518764,0.0029982769862735973,0.004777240256557481,0.003979056309350613,0.0039792700105796015,0.0025863438344451628,0.0028489637415962947,0.007128342821783217,0.0018163754462046777,0.002054230541571806,0.002617069557528487,0.004612336494248052,0.0025469610838286766,0.0017632193237607772,0.00463250341845121,0.031732089055191946,0.0013784437739385808,0.00918129188335269,5.692763596524234E-4,0.002356083992158331,0.00301706282837775,0.003814012173737778,7.157065672266971E-4,0.001738580268827949,0.0016378239799581967,0.004788239775638395],[3.4093412323550783E-4,2.3716589358756946E-4,0.0012746895251990954,2.753440857905233E-4,0.006177566351876448,2.839816231656856E-4,4.5353920674124276E-4,4.2961033742214017E-4,0.012196803946681961,4.2456781032479185E-4,0.001516667048047432,1.9488385104880562E-4,3.7671014239293386E-4,2.2293101169936326E-4,3.9681534480104824E-4,2.9442314620475895E-4,8.297215961524906E-4,3.3250100204451996E-4,3.722297852107804E-4,0.0024720608425759807,0.003857062576238244,1.0,1.3623838165629422E-4,3.9238484599235117E-4,4.149448933624935E-5,0.002307099292902284,3.4229986096764224E-4,4.263568462578032E-4,4.374742145222739E-4,0.013100438439559426,4.378541929767405E-4,1.3894215158052724E-4,5.810899329934992E-4,9.852378905491398E-4,6.607958557236636E-4,0.0015740383883403792,2.2253539665959238E-4,0.0021919702622372425,5.448698069980625E-4,0.0012819612699987253,2.3202444571495572E-4,5.532996786206073E-4,6.644987445372485E-4,5.792761445016016E-4,1.4449415849688256E-4,0.015074862754287714,1.449597739030398E-4,0.012151746991456817,3.1650432795276315E-4,7.775202012046312E-4,7.306290927732883E-5,2.2011339256352934E-4,1.9741188897509404E-4,2.1482689031554887E-4,4.2833909961958365E-4,2.9174226103833206E-4],[1.6823535275069306E-5,1.654224685953867E-5,0.0066032995489244545,1.0440982627856951E-4,0.004323176406160029,1.635231383860959E-5,1.2239028983078632E-4,2.0289248888328475E-4,0.011468650741039777,1.4696369835177442E-4,0.010323000314013448,1.3320763277492568E-4,1.5472160335749116E-4,1.3116862427814662E-4,7.418710446809829E-5,2.030675749316843E-5,0.0011906667503133012,1.050383363623144E-4,5.1176674396499E-5,0.0029244127026485643,0.0028088645840613612,1.3623838165629422E-4,1.0,1.6877905013635374E-5,1.5431056353147638E-5,0.007464156352715489,7.872572157434605E-5,2.3501802070465037E-4,1.2864903277830987E-4,0.022012360295542724,6.170014960082547E-5,1.7722405810166033E-5,0.0018387025100725627,0.00164166424089432,6.424127094167459E-4,9.299670641314407E-4,3.991426525200483E-5,0.004922207692670039,4.271749974656104E-4,3.55403585020633E-4,1.201296223830578E-5,5.648056826243235E-4,1.94021942439589E-4,4.664874234715729E-4,1.5887004976995055E-5,0.0409097007317626,3.767898260519834E-5,0.010603208806068387,7.198622136042481E-5,6.720011877687344E-4,1.561219909739969E-5,2.7117958174517273E-5,1.7844508736810722E-5,1.7758877531852754E-5,8.165495361514335E-5,1.577639594692103E-5],[5.906300737696344E-5,1.7998562902107453E-5,0.009407929807862916,8.363857878640943E-5,0.010083295657381683,3.1420637250065915E-5,5.994097406033646E-4,1.7690244845239574E-4,0.010135071273807363,3.2597655212615085E-4,0.0069560593653425025,1.16221552476749E-4,1.4316577272006692E-4,3.312149540013358E-5,8.27431799707612E-5,4.98795650516396E-5,6.866967780176912E-4,1.0002713399697347E-4,3.579585814783709E-5,4.3881755540995304E-4,0.0027352828179723118,3.9238484599235117E-4,1.6877905013635374E-5,1.0,2.5010462382142617E-5,0.004894580546795582,4.9363388703238096E-5,3.3306821387845103E-4,9.894526832186285E-5,0.009590983116998278,6.177802909389266E-5,2.2411312849788355E-5,0.0021140198455397237,9.94037218894242E-4,9.69516557027994E-4,0.0012132463599273825,1.7759095011213907E-4,0.0049993184264882935,5.75367825345571E-4,5.788070562675661E-4,2.5374585578503667E-5,6.812762063287099E-5,3.369471844891636E-4,3.3583467531360633E-4,1.822587086245736E-5,0.03150064182755548,1.252481827782499E-4,0.005037123192922025,5.854100824271477E-5,0.001118240188466185,1.3288212615400469E-5,7.607059819833845E-5,1.0628711721110934E-4,2.3630212191664883E-5,3.8978992801770467E-5,1.9117316739149344E-5],[1.7106553425395022E-4,1.5246225549505104E-5,0.008003060739211237,1.0216307222839257E-4,0.0033546902958155136,1.8608369863817784E-5,4.91376958651273E-4,2.63417123517148E-4,0.008469401250944475,1.0953120624254831E-4,0.0032010074212990383,1.7136123043206522E-4,2.092456554664081E-4,1.5045240126127435E-4,8.601140744754615E-5,8.891470750476473E-5,2.6457570336419086E-4,3.855943215383335E-5,1.1695311340975333E-4,5.841115251743499E-4,2.8514246897410597E-4,4.149448933624935E-5,1.5431056353147638E-5,2.5010462382142617E-5,1.0,0.003282391163676923,8.191179357151977E-5,2.3253603910157485E-4,1.3979357425912973E-4,4.1319322047414107E-4,8.233949507757309E-5,1.8586313635391314E-5,1.237263674685075E-4,0.0017802459720051757,1.629306999152019E-4,0.0019228324079514309,1.1823117268027524E-4,0.0089405337237117,1.4722766060823296E-4,3.88950330660103E-5,1.2348306760102632E-5,0.00294436874608982,2.9745790520958605E-4,6.248735738561729E-4,1.5270094993521978E-5,0.01217310701466567,1.2746219665791907E-4,0.004431577836262599,6.159184825456686E-5,8.312293175156976E-4,1.2246297704164452E-5,4.728198325774601E-5,7.72211475197464E-5,1.7689613120708358E-5,1.449452960335023E-4,1.432886940397679E-5],[0.009060067910008343,0.006965505207539688,0.016911165726630727,2.535513838519615E-4,0.01200460214790104,0.005781365687827414,0.0029859719066124414,0.009241780983610637,0.012036341161217483,0.005669897758601736,0.010337006094679635,0.006089916420450267,0.00808116674992361,0.006296486847758394,0.008510615410303967,0.005962741408255009,0.007216147382968311,0.0026519526202320913,0.006798770226640502,0.006499594107276099,0.006267224352228753,0.002307099292902284,0.007464156352715489,0.004894580546795582,0.003282391163676923,1.0,0.010263473074461472,0.008043100177875984,0.009527500719559894,0.03465145791787935,0.0075230920188798685,0.0060516756233104235,0.010095776885169796,0.009270323873733662,0.00856415472577364,0.005224491596464206,0.008409374634172379,0.01033630241401098,0.005284775673663245,0.009187079577054494,0.003317566310049323,0.006305687781889592,0.009259486174989095,0.006437849377689547,0.0045957296244297525,0.03640545061924018,0.00619275485140388,0.012028413322170946,0.0029951574625285944,0.0017446753301929498,0.007786463208858908,0.0022157160673681535,0.00304135893307153,0.00207120629657312,0.002869952070938167,0.005500980059640507],[2.38315205505285E-4,1.1118176084176255E-4,2.621009105714075E-4,1.1172822262275591E-4,0.0010427638601596552,4.5312744220564734E-5,5.486452813478987E-4,1.3279278499101965E-4,2.0978405797681288E-4,3.25234376086584E-4,0.007604187358070313,1.6865960297436942E-4,1.8216423329066024E-4,1.1135630542170329E-4,1.0688000726968643E-4,1.261929989575925E-4,2.128046095471645E-4,1.3284288365721916E-4,1.1736239552141285E-4,0.0012944384471605447,0.004897838601994086,3.4229986096764224E-4,7.872572157434605E-5,4.9363388703238096E-5,8.191179357151977E-5,0.010263473074461472,1.0,1.6427674057381265E-4,1.585766311978696E-4,0.025951435904028725,1.2909624340910481E-4,9.051067012717752E-5,0.00128495369201898,0.0016065034614217476,5.980084459254316E-4,0.0010913406183981709,1.6181660166009383E-4,0.007299763421719422,0.0011365245306527634,0.0011582496806527586,7.773841392437304E-5,0.0014108240305906934,6.850218568044845E-4,9.56234915203055E-4,4.9274973283297966E-5,0.029836347405441138,1.221490196910032E-4,0.011727595963490208,1.1231022352828063E-4,9.903995094610128E-4,3.8230076337282786E-5,1.1079695362295403E-4,1.2671038946270244E-4,6.173184222594603E-5,1.2259258931992989E-4,8.088492461796511E-5],[3.4630547620537026E-4,6.693773066295217E-5,0.0028905552156268458,3.8303944511995235E-4,0.006135025639952532,9.302742235511211E-5,6.326773644985932E-4,4.135756780036719E-4,0.00503708975007691,4.0057692676818176E-4,0.00455557933733198,3.102657242594802E-4,3.3776420966146083E-4,3.612887006282933E-4,3.3719712867029384E-4,3.760368661407757E-4,0.0010443894266083313,3.529927726861991E-4,2.0385742549500996E-4,9.139032150167572E-4,0.0031815459689584907,4.263568462578032E-4,2.3501802070465037E-4,3.3306821387845103E-4,2.3253603910157485E-4,0.008043100177875984,1.6427674057381265E-4,1.0,3.5591536340100514E-4,0.03525933812619263,3.494986764328848E-4,1.5631386083375722E-4,0.0035877109367874077,0.0018869879728721328,4.6622575801959297E-4,0.0015470365119473915,3.862842894521976E-4,0.003855527405252206,4.166256825488351E-4,7.821447786802724E-4,1.3679771478365953E-4,0.003960851312255943,5.022196665005733E-4,0.0010110678642707635,2.9481217981221307E-5,0.013829793103973313,3.4447794701361893E-4,0.003390584875782391,3.0124417163826674E-4,0.0011969661714734384,1.3843089065100126E-4,1.0984347453466872E-4,3.884137116039615E-4,3.484535591328916E-4,1.9638787537923412E-4,2.941772464233491E-4],[3.2692802556606607E-4,1.8889952892096074E-4,0.013080404321741857,2.4657213376735377E-4,0.008941497199445354,8.831643170558113E-5,4.300594819754665E-4,3.084821176672592E-4,0.006297129673366922,2.717227073683182E-4,4.06595668020056E-4,2.1705740420705153E-4,2.8836608272671E-4,2.5755636790571125E-4,2.4704777782291114E-4,2.5170273256026627E-4,8.979699251470308E-4,2.1960657477819456E-4,2.1749904690138548E-4,7.380495417365092E-4,0.0016217426164958871,4.374742145222739E-4,1.2864903277830987E-4,9.894526832186285E-5,1.3979357425912973E-4,0.009527500719559894,1.585766311978696E-4,3.5591536340100514E-4,1.0,0.0076855691788136745,1.7044420918859728E-4,1.8342498529152451E-4,0.0027291538824254654,0.0016811604654319151,8.369313057979605E-4,0.001303952218123438,2.2478823113790907E-4,0.010164671079803725,9.675095449194232E-4,0.0011893145635575658,1.1609920317450286E-4,0.0030040515072599803,5.010580503791325E-4,0.0010141620197633952,8.703979529285709E-5,0.023298440233650998,1.7292485510081576E-4,0.0012210226935492204,1.9467965875160498E-4,3.7806928041554514E-4,1.2711902206386126E-4,1.7679751240941185E-4,2.616525454387485E-4,2.644700197426687E-4,2.3682261880975564E-4,5.1877206532869926E-5],[0.002830553894231867,0.004611901476832766,0.0250347627940371,0.005474108536679767,0.03122169281774268,0.009298384019784785,0.024471357328113397,0.015475869719908966,0.03309587509694263,0.027014959524586105,0.026968900467979375,0.03161388629167937,0.011718930931405388,0.03096679404907325,0.003829846052027575,0.009944125836654914,0.0279437819337405,0.007410944541674844,0.020537759643651923,0.03694441076465707,0.02841265125503468,0.013100438439559426,0.022012360295542724,0.009590983116998278,4.1319322047414107E-4,0.03465145791787935,0.025951435904028725,0.03525933812619263,0.0076855691788136745,1.0,0.00796170681944854,0.007972326567256884,0.036195468638923506,0.018125851735104857,0.009197368396257444,0.0064259404526009496,0.03160413810986793,0.03443618132114319,0.02920831064019776,0.012279843228094051,0.012634437067747013,0.020379402740041935,0.020190110843429362,0.017275548024233492,0.01823320361499972,0.041029568153692825,0.02957556061190112,0.03561551494290996,0.001702275828692116,0.008568766212399482,0.030844393460485113,0.01767451896761893,0.03557951064652194,0.03415174642096145,0.014292004509686287,0.02423066534746979],[1.7780269691477666E-4,4.1262446204411736E-5,0.0026003893327628514,1.1615127760740043E-4,0.014983749547725925,6.711352743747222E-5,5.964981260487527E-4,2.9046822813674896E-4,0.001577155048952463,3.127472275821857E-4,0.0029820655133069363,1.7662330503072962E-4,2.2979097920590146E-4,1.590202233523413E-4,1.0481272345550969E-4,1.894854672458054E-4,3.722403356101266E-4,1.4259132372356845E-4,1.375690597260364E-4,0.001781800561380849,0.004639965065518764,4.378541929767405E-4,6.170014960082547E-5,6.177802909389266E-5,8.233949507757309E-5,0.0075230920188798685,1.2909624340910481E-4,3.494986764328848E-4,1.7044420918859728E-4,0.00796170681944854,1.0,1.2805791364035534E-4,0.0021607994024055357,0.0014087503005508614,1.9443846360139036E-4,0.0016930698726812853,1.7553930855870444E-4,0.008221068344126219,8.804866349787716E-4,4.1097432611106137E-4,2.3078479589601784E-5,0.002964627485186647,3.3284121451394844E-4,3.870427889922167E-4,2.522601314440257E-5,0.021123700294791995,1.4306942150097923E-4,7.764879681212745E-4,1.270860325632001E-4,9.907911627511782E-4,2.313115364564649E-5,1.1252596037368082E-4,1.59316006274508E-4,9.469506507674567E-5,1.490859809069532E-4,1.1667831073210946E-4],[1.1384688524714833E-4,1.9239538326332377E-5,0.004955644631828297,6.519981492527319E-5,0.006811091266250754,2.325200399385522E-5,2.6801060330299963E-4,1.7770235824442245E-4,0.009212441984536138,3.388983808217776E-4,0.0032385380667279526,9.30678551757079E-5,8.965782523800918E-5,1.5060335638321343E-4,5.506735093395378E-5,3.49597391924364E-5,4.8825739470196753E-4,8.975232530387985E-5,6.832775718386811E-5,5.834929763537672E-4,0.0029982769862735973,1.3894215158052724E-4,1.7722405810166033E-5,2.2411312849788355E-5,1.8586313635391314E-5,0.0060516756233104235,9.051067012717752E-5,1.5631386083375722E-4,1.8342498529152451E-4,0.007972326567256884,1.2805791364035534E-4,1.0,0.0016489986779543216,0.0016793722768954596,9.753639591833232E-4,0.001025951148420445,3.634092037849134E-5,0.011020882078693664,0.0010475325381134588,0.0011025597182664887,1.959069290857763E-5,0.0026946291799558745,1.7010630883202002E-4,7.546216470501601E-5,2.0570030329020106E-5,0.024688490935209265,3.646494117155505E-5,0.002943014413803348,8.695837750851337E-5,2.1134613565385298E-4,1.6089535343851624E-5,8.505226451486773E-5,3.365123702089878E-5,2.143283742586303E-5,6.335188766136367E-5,1.8677609916376638E-5],[0.003243052530070476,0.0032377083934655893,0.010110683684350068,3.4373454580206945E-4,0.011836273208582195,0.0017090407440115353,0.0031696144769265086,6.506011413244062E-4,0.0071612154823693566,6.094451914870454E-4,0.010639691752412778,0.001741716215678312,0.003407869247544836,0.002349362225536265,0.001845068319618262,4.692295671958251E-4,0.001555632159822914,0.0036360557188276884,0.0015922158464551654,0.0035570776970431294,0.004777240256557481,5.810899329934992E-4,0.0018387025100725627,0.0021140198455397237,1.237263674685075E-4,0.010095776885169796,0.00128495369201898,0.0035877109367874077,0.0027291538824254654,0.036195468638923506,0.0021607994024055357,0.0016489986779543216,1.0,0.002674371933425928,0.0017391379546074742,0.00350489098723794,7.491656739275789E-4,0.005029906606938573,0.003655260262299261,0.003321980094736923,0.0020463018245362448,0.004069137635506706,0.003595264187489785,0.0030423514950703844,0.003004041395826767,0.010620430555573119,0.003323905193093739,0.010092955119911453,0.0018512714364417554,0.0036100168610090208,0.003004212600033608,0.003429227310236045,0.003218470903432259,0.0035466116420615275,1.9007322640015326E-4,0.0011088366902604193],[7.576942942566099E-4,0.0014801842049604647,0.016468806230563102,0.0014903277234746231,0.00814640395914047,7.858850940246101E-4,0.0013027877176617088,0.0017854766834639122,0.006634442889204695,9.568536774500303E-4,0.0046464473549439455,0.0015758691585533021,0.001355583983372464,0.0010772960617823743,3.3452767275436246E-4,0.001989262970467895,0.0017919696251821118,2.819294271864293E-4,0.0019352980439621612,0.0027937411547450533,0.003979056309350613,9.852378905491398E-4,0.00164166424089432,9.94037218894242E-4,0.0017802459720051757,0.009270323873733662,0.0016065034614217476,0.0018869879728721328,0.0016811604654319151,0.018125851735104857,0.0014087503005508614,0.0016793722768954596,0.002674371933425928,1.0,0.0015745270537213638,0.002081856767900713,3.4106119766186456E-4,0.003654876752083345,0.0018366053544563916,0.0018376932656775438,8.008265669916884E-4,0.00392853140426387,0.001299068301528829,0.0014743348246949713,4.8666654193099614E-4,0.03842679065061182,0.0015670418999475843,0.006983508795713753,1.4820625324749202E-4,0.0016916915779166047,8.132410534812997E-4,7.947679166948208E-4,0.0015905370909449117,0