[[1.0,1.8368977860278802E-4,1.0820228621704025E-5,1.2858553964205765E-4,2.3009792938006145E-5,2.183987019464046E-4,1.4902765131260152E-5,8.633000819215127E-5,0.02049860131497149,6.404619571897994E-5,1.1182667175861343E-5,6.4325621131824E-5,2.4152434166705404E-4,1.6319739870607323E-5,1.0688108158048859E-5,4.951913727875187E-4,0.002964861540953301,1.903163129969673E-5,0.010487815183363324,0.0010897397558350809,9.276058284981911E-5,2.1686182432288415E-5,2.16946438588454E-4,7.765198002317942E-4,2.3383651531568012E-5,0.009315279058970413,6.143467074506745E-5,2.212034581301007E-5,0.002351490241607141,0.008000216323468881,1.1374932729211685E-5,1.797608223167269E-4,2.0954317722096587E-5,0.0012545533665639307,0.035933149518438776,1.2335534408208578E-4,0.002579452097015425,0.017125741055760292,5.071234729213123E-4,0.021329159593756225,1.5506067770950323E-4,0.005206181246029583,1.961412237018716E-4,7.474242876717075E-5,6.816389217724258E-5,3.0020596804344707E-5,0.001987335981859843,3.1592896122536587E-5,2.64178014447439E-4,1.6692379345739972E-4,3.1467586489015146E-4,3.7280885933890226E-4,2.050386746484787E-4,1.1097308234007793E-5,0.011349874923435232,1.855134582952801E-4,0.028773643043647188],[1.8368977860278802E-4,1.0,6.748849668824887E-5,1.9458267542643925E-4,1.91722672014895E-4,2.3808379181756997E-4,1.532778377843238E-4,2.0460779080389227E-4,0.008577806541846845,1.695053922410688E-4,8.483336421650185E-5,2.0248960034194944E-4,2.0745152534413415E-4,1.52745259158696E-4,2.020684552550256E-4,0.0012857431656159181,0.002172349779949626,8.902288580098997E-5,0.012965866495703467,0.002177451251135628,2.2070746043932537E-4,7.138002358709578E-5,2.7960158197833074E-4,0.018406098470350053,2.7917549628379634E-5,0.005080009535289248,1.5009203530694953E-4,1.606942494125971E-4,7.715039236600334E-4,0.009913190101186575,1.104285941917873E-4,2.08154815462848E-4,1.2811708707928776E-4,0.0012518125627621287,0.0063373405961567,1.5706737196796578E-4,6.659065467470676E-4,0.0029702445227221194,4.446559559052666E-4,0.009391664305576114,1.9956949985516656E-4,0.026905056966793253,0.0012074981768469824,2.1487136692581644E-4,1.9092186288765847E-4,1.1228997852886085E-4,0.0023371993937136965,2.3166747517004124E-4,2.854404392542044E-4,2.0367130311814232E-4,3.4071889189331756E-4,0.009418066815808198,2.2531189242358247E-4,1.3532785148093603E-4,0.004296879784051434,2.2763960158990562E-4,0.011229091039725098],[1.0820228621704025E-5,6.748849668824887E-5,1.0,7.834119799967202E-5,2.3724934293085624E-5,2.348270520220569E-4,1.1762927441719421E-5,1.6015859015090883E-4,0.00690778243652725,1.0763463210333332E-4,1.504506649236177E-5,7.380464147446358E-5,2.1453125029420673E-4,1.8332445262891526E-5,1.0852643778748816E-5,0.0011820741338800292,0.006115160276052963,1.6301815468440724E-5,2.7000513870987825E-4,9.281394359410982E-4,2.2674009230052973E-4,1.791917823446659E-5,0.0014169822609071678,0.01709468980492646,1.1188973536968231E-5,0.005086641501474426,1.391959845289663E-5,1.9322993545364594E-5,0.0013975070710831815,0.007845619369746967,1.398742071126355E-5,1.0517133517179813E-4,1.8470828599700766E-5,2.9556218115805495E-4,0.018213530267994705,1.3409312928501916E-4,5.788532858248875E-4,5.800403853788974E-4,6.064359744543251E-4,0.017210518113423934,7.648833071736065E-5,0.011141925553956348,0.0010222941315140423,1.603150424342516E-4,3.688632329611901E-5,5.6188015833893636E-5,0.0015907190334744708,2.464040033716858E-4,6.834468522468802E-5,8.178213800253152E-5,2.2242506664440836E-4,0.0107119552111738,6.497708022803172E-5,1.1420023121416722E-5,0.006686529728039923,1.7602926547296665E-4,0.03002742869602668],[1.2858553964205765E-4,1.9458267542643925E-4,7.834119799967202E-5,1.0,8.502695515501133E-5,2.3001881203598955E-4,8.984430453829351E-5,1.7599280820686166E-4,0.014670324738797508,1.3296335232360995E-4,7.144520307161694E-5,1.5898601199486375E-4,2.0304119624146012E-4,1.2048153015862048E-4,1.4760894975936483E-5,0.0016495044351583156,6.668830537029577E-4,6.484883733153245E-5,0.013880253963252017,0.0023098422628096767,1.3809457237971986E-4,4.952582821182257E-5,9.549068376099053E-4,0.014442508491247116,1.1754448930781508E-4,0.007413072670869492,1.1325202143959576E-4,9.014675921862185E-5,0.001546513446060428,0.008829525226186085,5.2391353132116167E-5,1.860271945214079E-4,4.954666934377419E-5,6.74968694902653E-4,0.02592868144774353,1.407450832175519E-4,0.0014435303525405143,0.016671700297466386,4.3001059220192214E-4,0.014450538467511811,1.503977557398855E-4,0.01256018763256149,0.0011601164988381445,1.7115692850683194E-4,1.498772836048348E-4,1.2157340367716045E-4,0.001313191820466051,1.989621176088846E-4,6.283535531228117E-4,1.781162818196284E-4,2.3040600802509085E-4,0.00883609691969872,2.0173533457726577E-4,2.8603937245910646E-5,0.002850846142616842,1.4561328030795017E-4,0.0038053849291892284],[2.3009792938006145E-5,1.91722672014895E-4,2.3724934293085624E-5,8.502695515501133E-5,1.0,5.251643638123208E-5,2.934180390188075E-5,9.410525175719594E-5,0.00616506476328379,8.199222937717665E-5,3.636569321880763E-5,9.890405522436574E-5,1.592044356078152E-4,4.45886576719628E-5,1.5769825829706767E-5,0.0019892500109735707,0.004936061290039323,2.969957478579208E-5,0.018262100097904643,9.86061371819901E-4,8.347369538369253E-5,2.7044778199483153E-5,0.0010008149169857426,0.013343389557053395,2.8518139624578955E-5,0.005275829413641595,9.800298165031697E-5,4.3448464187553854E-5,0.0014349611713161,0.005160858678287312,2.350188518598858E-5,1.7270919233295293E-4,2.401305567993767E-5,8.929426176815243E-4,0.027984523415823807,1.2775421751366083E-4,0.0021871862984547035,0.012873484534266762,3.9480661267836376E-4,0.019577883752814718,1.1747009698364312E-4,0.015177789944943407,6.015810758978528E-4,2.3800463458668005E-4,1.5570285058699677E-4,5.808172629487617E-5,4.179060688130355E-4,4.854144474504531E-5,4.5043090582748364E-4,6.440273013966957E-5,3.261099776259821E-4,5.439450944332083E-4,5.8105085441768434E-5,2.9573159751121927E-5,0.00886483754927741,2.207971261624304E-4,0.01500661268621808],[2.183987019464046E-4,2.3808379181756997E-4,2.348270520220569E-4,2.3001881203598955E-4,5.251643638123208E-5,1.0,4.816442658217601E-5,2.3160600848167278E-4,0.01608137574056004,1.697484644093789E-4,2.316339722136879E-4,1.763793679430545E-4,2.63895849132002E-4,2.0160555313070632E-4,2.1703678187567156E-4,0.002357775199041025,0.004148765960934,1.0906088511723262E-4,0.008462592909859925,0.0010640355968229338,2.4179589777115426E-4,1.2623438112649522E-4,3.9223153723247166E-4,0.003634888929123941,1.7938921637590047E-4,0.009706652771342292,1.4274751753674147E-4,1.824521697619777E-4,0.001723890218034862,0.007996318560849062,2.9494786674059657E-5,2.6912464333047345E-4,1.9924751304098984E-4,8.95870220476202E-4,0.027220097192869327,1.8298147304205665E-4,0.0018781667539979551,0.007071208870196499,6.102300208546393E-4,0.008128058511986079,2.02310567155898E-4,0.025769727550402022,4.713896061930238E-4,2.443406169150474E-4,2.0755144161338924E-4,1.0943422794922911E-4,0.0018090563683690326,3.027568705340936E-4,7.592621963114106E-4,2.046463139619047E-4,3.5337236962401045E-4,0.004868765687798636,2.3431370109384023E-4,6.711980892428326E-5,0.004358606852976695,2.371250213389335E-4,0.0052777610694246194],[1.4902765131260152E-5,1.532778377843238E-4,1.1762927441719421E-5,8.984430453829351E-5,2.934180390188075E-5,4.816442658217601E-5,1.0,1.315376454482758E-4,0.00436486525676489,7.79851847366659E-5,2.223082762162778E-5,1.3722067930366328E-4,3.0301724223866233E-4,2.2782610893475586E-5,2.3616605821852678E-5,0.0024787972694980515,0.006912591406948369,2.4826853298363418E-5,0.01506694716468077,0.0017717479881333461,6.217760026706943E-5,2.305478939305898E-5,0.0012801126395501055,0.003024948059161899,2.4014444314149072E-5,0.010636303841781443,3.7370739948509125E-5,2.9958362233624115E-5,8.908149703778174E-4,0.008705828987226593,1.4913066670638803E-5,1.1287779634728665E-4,2.3595212686722716E-5,8.449199539880988E-4,0.013426555975841439,1.0802320078030486E-4,8.776173594851232E-4,0.010887986936885754,3.880016458932791E-4,0.016263579291498825,2.666739289214803E-5,0.02580670763930109,4.8295803949479596E-4,2.3498538383196345E-4,3.711200361633172E-5,7.441110488251293E-5,0.001451599099836872,1.2244271338669385E-4,6.724900002975627E-4,8.730942072548687E-5,5.7691956327771185E-5,9.474670292670528E-4,6.9992233043785E-5,2.2459014445165255E-5,0.00363385350339782,2.1937457346127672E-4,0.005360455736244681],[8.633000819215127E-5,2.0460779080389227E-4,1.6015859015090883E-4,1.7599280820686166E-4,9.410525175719594E-5,2.3160600848167278E-4,1.315376454482758E-4,1.0,0.0014304008022653387,1.9677801073206177E-4,1.3609867709099422E-4,2.157763755256588E-4,2.7196269867663114E-4,1.8405004605408413E-4,3.079719234179822E-5,8.631951478487745E-4,0.003464593978218476,1.7572764308561176E-4,0.00439277080738914,0.0011296172987053164,2.316880273840621E-4,2.0622533677189925E-4,0.001069607675651111,0.0062751871042848436,1.437857676489872E-4,0.008562517020629191,2.1389764054752336E-4,1.8186404333426159E-4,0.0024252125756227105,0.001428907658150952,4.4885145949102665E-5,2.519444362766342E-4,2.0885472501735867E-4,5.685002592332013E-4,0.03550730137339426,1.9712019992431176E-4,0.0010814235890315071,0.005298721234902441,3.880861652788775E-4,0.016035968737803333,2.1199624303358522E-4,5.968380555418434E-4,3.089747743266043E-4,2.4502927578099555E-4,2.2235976329195903E-4,1.9433760262176967E-4,2.9464264971825393E-4,3.1920682095289913E-4,3.3474213380201294E-4,2.1479451675753415E-4,2.9979753033393256E-4,0.00987802775462126,2.294633251684649E-4,1.8249963459595643E-4,0.0047640288015242905,2.3567346371929866E-4,0.010361937279256597],[0.02049860131497149,0.008577806541846845,0.00690778243652725,0.014670324738797508,0.00616506476328379,0.01608137574056004,0.00436486525676489,0.0014304008022653387,1.0,0.01026896407471951,0.014778087123436656,0.005026319531840539,0.007892808008853973,0.010139788901736065,0.019695420314401375,0.0058711798808190625,0.007864715187640169,0.010795575843163072,0.020393450221345394,0.008549270387253519,0.008289828962444078,0.0010321328842468672,0.01697705172436826,0.019382922158378908,0.006965808356147794,0.014489944989317816,0.012427492296132258,0.0043471628195275195,0.011442572424657562,0.016784875773444938,0.005798567765839505,0.0017583382620853343,0.008263346797732397,0.010423468157193742,0.021672168769456754,0.02022437940330719,0.011555325005812127,0.019420922093113597,0.004954835419138579,0.02400641712056938,9.115688480454444E-4,0.027194794357436408,0.004630035590902052,0.002493638805595303,0.01555756159044333,0.0031891906852288474,0.01657689189250415,0.0030997470714300545,0.01564051593713701,0.011712853899072626,0.015064914379580015,0.013405458679930782,0.01481590480086332,0.005779240127148063,0.01629160401438248,0.008208858118747074,0.030686744377726838],[6.404619571897994E-5,1.695053922410688E-4,1.0763463210333332E-4,1.3296335232360995E-4,8.199222937717665E-5,1.697484644093789E-4,7.79851847366659E-5,1.9677801073206177E-4,0.01026896407471951,1.0,4.039241824029838E-5,1.5667190882581673E-4,2.483349673149242E-4,5.543086631376026E-5,1.1604482981229536E-4,0.0019661619484105555,0.004014983797598955,6.319008085368698E-5,0.013257626524467346,0.001153506389326074,1.9959021280016885E-4,1.2732233563083153E-4,0.0012604413300646292,0.005379347072688082,8.847191199453126E-5,0.009129972685805308,1.1625131446263136E-4,6.945622784905956E-5,0.0016501685360986093,0.009313443892054126,1.324444167860322E-4,2.4294111648387782E-4,1.2632512993355127E-4,0.0011938900808172517,0.03383604201314585,1.3955301685672036E-4,0.0011882026738844374,0.0012832740216307107,1.5057028146436187E-4,0.017797103657488884,1.6410381888447794E-4,0.027739670261817603,6.9711327666437E-4,2.3481393352488977E-4,1.570271975384662E-4,1.228109652223518E-4,0.0013808599202564864,2.905102474802503E-4,5.433077456822614E-4,1.645032054598724E-4,3.459682968991864E-4,0.004098893565083621,1.9478554583708896E-4,3.025273965338227E-5,2.694569688589058E-4,1.8778870161002486E-4,0.008710980718778707],[1.1182667175861343E-5,8.483336421650185E-5,1.504506649236177E-5,7.144520307161694E-5,3.636569321880763E-5,2.316339722136879E-4,2.223082762162778E-5,1.3609867709099422E-4,0.014778087123436656,4.039241824029838E-5,1.0,1.3066159203559632E-4,7.7534205706363E-5,1.7781537106279037E-5,1.4937927509984055E-5,5.077016519660113E-4,0.0037483664639951244,1.8772739727401108E-5,0.01785020524869421,0.0011892668361138628,1.4201182603690258E-4,2.030417737737259E-5,3.6152951125780977E-4,0.01908975796006109,2.0259902678192018E-5,0.005209822447492506,5.507750796708685E-5,3.222041271734415E-5,0.0016446308819089912,0.00853706640985008,1.459763941838576E-5,1.5621166103433254E-4,1.80863285657491E-5,4.2284653352000297E-4,0.02809628556989924,1.3796872030590436E-4,0.002086524443658845,0.006655458435571002,2.9465773366503425E-4,0.009782264859316974,8.885376211577423E-5,0.00373336700488389,8.242667141956491E-4,7.96635135191881E-5,9.24084045621E-5,9.035294532282048E-5,4.2671925357204085E-4,1.6102035893394843E-4,5.176917960557136E-4,2.0074249138741062E-4,3.403829829721835E-4,7.762378312410936E-4,1.2620562336970137E-4,1.6354699988113374E-5,1.1343039554564072E-4,1.9428210520588618E-4,0.028897589700596304],[6.4325621131824E-5,2.0248960034194944E-4,7.380464147446358E-5,1.5898601199486375E-4,9.890405522436574E-5,1.763793679430545E-4,1.3722067930366328E-4,2.157763755256588E-4,0.005026319531840539,1.5667190882581673E-4,1.3066159203559632E-4,1.0,3.087090362929088E-4,5.9860470931571245E-5,1.0817302275299148E-5,0.0026474056443390633,0.0018021878989245388,1.0542694034412679E-4,0.008670888927900529,0.0012115274261657067,2.4398761210455233E-4,1.1457592398571782E-4,0.0011333698283033317,0.008294520153805466,6.708158208984925E-5,0.002471771615898237,1.2639416382219636E-4,1.0692783328815816E-4,0.0016641172065481548,0.001971705197726129,1.5220077063391612E-4,2.6455014711755084E-4,4.913920137706203E-5,4.340945866645841E-4,0.010766830752401708,1.5194587617705252E-4,2.1326924955808682E-4,0.003239892924855838,4.3416590202608276E-4,0.0045724683795023225,1.6495224638857385E-4,0.027283001258111658,0.0011059992470980131,2.3994281885785328E-4,1.6207912441042972E-4,1.0579821370104774E-4,6.572237261516015E-4,1.7032068803823523E-4,0.0010532463421083539,1.847674048322279E-4,1.793768958364194E-4,0.005362875179620441,1.99021469860722E-4,4.175986162316055E-5,0.010465649204385254,2.3389855122683866E-4,0.02637006513127382],[2.4152434166705404E-4,2.0745152534413415E-4,2.1453125029420673E-4,2.0304119624146012E-4,1.592044356078152E-4,2.63895849132002E-4,3.0301724223866233E-4,2.7196269867663114E-4,0.007892808008853973,2.483349673149242E-4,7.7534205706363E-5,3.087090362929088E-4,1.0,1.2374222796329582E-4,1.9582575854426665E-4,4.1514593856539805E-4,0.0056333198181559435,2.4099111728448402E-4,0.0075037180021204205,3.712040454247313E-4,3.016010676921501E-4,2.688944142084528E-4,8.314559744706015E-4,0.004110405854846399,2.803443674288893E-4,0.00604383298789503,1.0264604396525183E-4,8.794093958267984E-5,0.0022470309798370697,0.004247726035054876,8.750927366240782E-5,2.947672867140063E-4,2.725777155439402E-5,8.888342850932108E-4,0.017926150785575006,2.897160687950125E-4,0.0019437082757572477,0.017439099143406644,3.642165221578845E-4,0.01510483014166395,2.7901991592320363E-4,0.0012493616281354133,6.260839377964919E-4,2.8061607956566685E-4,2.708684863016466E-4,1.5215689914023026E-4,0.00227442978127192,3.361169653842651E-4,8.979164252181683E-4,2.636885677155188E-4,3.41435503832052E-4,0.010597028970440093,2.582552687142524E-4,3.0419121336143327E-4,0.00888263879587164,2.633402225098116E-4,0.005015261189003479],[1.6319739870607323E-5,1.52745259158696E-4,1.8332445262891526E-5,1.2048153015862048E-4,4.45886576719628E-5,2.0160555313070632E-4,2.2782610893475586E-5,1.8405004605408413E-4,0.010139788901736065,5.543086631376026E-5,1.7781537106279037E-5,5.9860470931571245E-5,1.2374222796329582E-4,1.0,1.4022017070946853E-5,9.504349932440131E-4,0.002432842880759212,2.0964812807317188E-5,0.012880255594572763,4.5927865379908787E-4,1.0435884281054754E-4,2.1144157359163344E-5,8.188689845608841E-4,0.006779304849082611,2.1767223882756027E-5,0.0018681655915327934,6.838368542733026E-5,2.3715282992238434E-5,0.0012976578376880032,0.002743630548396178,1.755416406973794E-5,2.484838345263892E-4,1.976312431776423E-5,0.0011105838984886592,0.031594633340098814,1.0552935126965625E-4,0.0011694499871165512,0.01341450118416515,4.3609191472080105E-4,0.02296122045186761,4.17274424269157E-5,0.007172189244037751,5.631230754870561E-4,7.826309734661926E-5,7.753713926596516E-5,4.263701149900638E-5,0.0020465880163859067,1.402285070024877E-4,6.516703331959222E-5,2.000816751301921E-4,8.388452544363809E-5,0.005013282995048854,2.1933205321567406E-4,1.7827510182333633E-5,0.0011973244735392094,1.2960627070181875E-4,0.015342200527458215],[1.0688108158048859E-5,2.020684552550256E-4,1.0852643778748816E-5,1.4760894975936483E-5,1.5769825829706767E-5,2.1703678187567156E-4,2.3616605821852678E-5,3.079719234179822E-5,0.019695420314401375,1.1604482981229536E-4,1.4937927509984055E-5,1.0817302275299148E-5,1.9582575854426665E-4,1.4022017070946853E-5,1.0,7.278133983271628E-5,0.005391674664363096,2.4006900620498806E-5,0.012072965327158694,0.0019214736459054636,3.826937308182986E-5,2.1692052809056426E-5,0.0013507998410798652,0.008891023168786791,1.502138346798288E-5,0.006665796171148674,8.148020309892558E-5,1.5100530328828979E-5,0.0019009328862061297,0.004646251026144778,1.1298775605655221E-5,5.148221949533208E-5,1.4184108257447482E-5,8.042815999847802E-5,0.009986628284860969,3.6588459243575523E-5,8.42101861434333E-4,0.012912540287182165,5.497495399365776E-4,0.004829290909647405,1.3627924178554493E-4,0.01587421179727568,8.742722394066628E-5,3.171597041553188E-5,1.4062102403264877E-5,4.130379303389086E-5,0.0010404012781065587,1.5061190264465586E-4,9.144656315985974E-4,1.5511207038774452E-4,4.3999738671676895E-5,0.00836923790417993,1.9843525563938825E-4,1.2310907755830758E-5,0.005087658054211403,5.227142034771194E-5,0.004867469269576009],[4.951913727875187E-4,0.0012857431656159181,0.0011820741338800292,0.0016495044351583156,0.0019892500109735707,0.002357775199041025,0.0024787972694980515,8.631951478487745E-4,0.0058711798808190625,0.0019661619484105555,5.077016519660113E-4,0.0026474056443390633,4.1514593856539805E-4,9.504349932440131E-4,7.278133983271628E-5,1.0,0.004479373743289902,2.734180876775389E-4,0.014290868080232248,0.0026368799280945205,8.296138813975976E-4,1.8763661881985127E-4,0.002365617346872421,0.0034447003805361826,2.8583876820599725E-4,0.0044811071015033645,0.0018590169594491816,5.9944681825311E-4,0.00263604087624865,0.008998365923260684,5.425013663922079E-4,0.002266641938426789,0.0020679481278710376,0.001699827848507231,0.006721263076003023,5.20297148440547E-4,0.002639545640991182,0.005694668069347265,0.002216195155940349,0.003534169694852857,0.0018371932734918507,0.025724242132667274,0.002432016898327858,0.0012722353832753184,0.0020483924609825976,0.001512940667982032,0.0025668375632826182,0.002477171687096149,0.001364493435191306,0.0024165811171895568,0.0024259593084625356,0.0055078542130144814,0.0025013510548593954,0.0021351152698684587,0.004538206792672635,0.0019017455949773198,0.028266669443145424],[0.002964861540953301,0.002172349779949626,0.006115160276052963,6.668830537029577E-4,0.004936061290039323,0.004148765960934,0.006912591406948369,0.003464593978218476,0.007864715187640169,0.004014983797598955,0.0037483664639951244,0.0018021878989245388,0.0056333198181559435,0.002432842880759212,0.005391674664363096,0.004479373743289902,1.0,0.0025100374578429048,0.011211326587717799,0.0027262007493958273,0.0017083889361923193,0.0027707213358581875,0.0031604493248658513,0.013089516029405444,0.00713979308255898,0.010041139472611309,0.006126453095427081,0.005977250117698245,0.007514154781163237,0.008248371059605249,0.004282941874272028,0.0011518469090863737,0.00687541404169766,0.004878585224557645,0.008474076415775684,0.0016189986887953272,0.00631810352403377,0.014799356685130563,0.00507280317581806,0.009647706811486282,0.004733418975986169,0.008969511613518024,0.0038795827030795454,0.0048304546826645626,3.739467315950455E-4,0.007197794805849907,0.0038818087911772223,0.003733344916505494,0.0053859347480901005,0.0058699019300987795,0.004920231273006869,0.010003495633756455,0.006066870505178388,0.005466076172113974,0.013870009619137409,0.001240252731086557,0.022306465667368575],[1.903163129969673E-5,8.902288580098997E-5,1.6301815468440724E-5,6.484883733153245E-5,2.969957478579208E-5,1.0906088511723262E-4,2.4826853298363418E-5,1.7572764308561176E-4,0.010795575843163072,6.319008085368698E-5,1.8772739727401108E-5,1.0542694034412679E-4,2.4099111728448402E-4,2.0964812807317188E-5,2.4006900620498806E-5,2.734180876775389E-4,0.0025100374578429048,1.0,0.00854443508286167,0.0016427564121990338,1.7220340224378616E-4,2.3277013222129213E-5,0.0014800268028693228,0.0132101815486707,2.5159554031442557E-5,0.006576988810262233,6.14344201181679E-5,4.175180844558324E-5,0.0021765803439548004,0.00959902967998283,2.3486557284612857E-5,4.847419377635464E-5,2.5555935385918903E-5,4.314867408836468E-5,0.036984481913386984,1.274324258326782E-4,0.0011065920725545977,0.010592514571190906,5.092362082149861E-4,0.00250832400011732,6.367496719878376E-5,0.026926283314461147,8.557503504567022E-4,9.788099067196345E-5,1.516825454328911E-4,9.877957568096286E-5,0.0022018624319161675,3.0746255858464625E-4,4.163481899250152E-4,7.959538145759129E-5,5.011207998013078E-5,0.002784896619726758,2.1247929504257052E-4,1.9727294441718927E-5,0.009807877840439261,1.8855965463285225E-4,0.015154871530844088],[0.010487815183363324,0.012965866495703467,2.7000513870987825E-4,0.013880253963252017,0.018262100097904643,0.008462592909859925,0.01506694716468077,0.00439277080738914,0.020393450221345394,0.013257626524467346,0.01785020524869421,0.008670888927900529,0.0075037180021204205,0.012880255594572763,0.012072965327158694,0.014290868080232248,0.011211326587717799,0.00854443508286167,1.0,0.0027747801597824986,0.015767170340785314,3.576734390759141E-5,0.0034991617682142324,0.01918888862230554,0.012401745661680993,0.01720024132844775,0.011757271108792459,0.010498936597865598,0.002512866603791349,0.01132297651623909,0.012868297061190009,0.00438011513092988,0.001223683258779861,0.003199861078450901,0.036861507886978395,2.3926745495359805E-4,0.005677024681632198,0.018490133758523337,0.017461610997091617,0.019479292046720182,0.009054916658076105,0.027146454322128158,0.015274564486164832,0.015818573196156965,0.018415086356642782,0.012413968702779676,0.010508909311360594,0.011439827021520476,0.015970746209159472,0.017752167434230737,0.00257388134457292,0.01158692285629959,2.7577708760789435E-4,0.012133476567040112,0.01634468345144361,0.01489631398421129,0.0346997521655804],[0.0010897397558350809,0.002177451251135628,9.281394359410982E-4,0.0023098422628096767,9.86061371819901E-4,0.0010640355968229338,0.0017717479881333461,0.0011296172987053164,0.008549270387253519,0.001153506389326074,0.0011892668361138628,0.0012115274261657067,3.712040454247313E-4,4.5927865379908787E-4,0.0019214736459054636,0.0026368799280945205,0.0027262007493958273,0.0016427564121990338,0.0027747801597824986,1.0,8.164321583387065E-4,0.00208357218272999,0.0016441491261612875,0.00619813695972438,2.795934383855282E-4,0.004567690005941414,4.2592769197006246E-4,7.288292174962494E-4,0.0023920135145296248,0.003643139732815189,0.0019456513665243118,0.0013661288425219971,0.0020557341563572336,0.0020836158791456734,0.02232028965765655,9.968489029241084E-4,0.0026175934002867505,0.012208173186383491,0.001260125391131878,0.023476890919912598,0.0016612146561723097,0.026160587598443436,0.002093013527017344,2.531189578501672E-4,0.001933342496829507,3.203921120204481E-4,0.002360279619328205,0.0010177631321192462,0.002227553866205132,6.192198300145303E-4,8.808721394023475E-4,0.004526676710919358,0.0010111594447027037,1.1855679743291988E-4,0.005007813245713056,8.514780235525519E-4,0.03295418404500275],[9.276058284981911E-5,2.2070746043932537E-4,2.2674009230052973E-4,1.3809457237971986E-4,8.347369538369253E-5,2.4179589777115426E-4,6.217760026706943E-5,2.316880273840621E-4,0.008289828962444078,1.9959021280016885E-4,1.4201182603690258E-4,2.4398761210455233E-4,3.016010676921501E-4,1.0435884281054754E-4,3.826937308182986E-5,8.296138813975976E-4,0.0017083889361923193,1.7220340224378616E-4,0.015767170340785314,8.164321583387065E-4,1.0,1.1570931285555169E-4,0.001149231428431196,0.01342092449110685,4.067750194381856E-5,0.004781184513384325,1.4058154331417547E-4,1.7778425560642584E-4,4.683654283428026E-4,0.001860769408515559,5.590203779166373E-5,2.5785678683164275E-4,1.1183164473641083E-4,0.001300130904239379,0.018477428938424998,1.5168707015132416E-4,0.002102628309452775,0.0024934960196398926,3.8751289537833464E-4,0.0061632200259737185,2.0908622994785336E-4,0.017941362288438335,0.001052088080151842,2.4664849206062545E-4,2.198702983684167E-4,1.554048089902033E-4,0.001094235268451804,2.559946767852226E-4,0.0010655059827650258,2.216137205351168E-4,3.449246334285856E-4,0.007025979322765705,2.3048287229440655E-4,2.2094938512447548E-4,0.0015553397792802323,2.4164818941257527E-4,0.027501805380534764],[2.1686182432288415E-5,7.138002358709578E-5,1.791917823446659E-5,4.952582821182257E-5,2.7044778199483153E-5,1.2623438112649522E-4,2.305478939305898E-5,2.0622533677189925E-4,0.0010321328842468672,1.2732233563083153E-4,2.030417737737259E-5,1.1457592398571782E-4,2.688944142084528E-4,2.1144157359163344E-5,2.1692052809056426E-5,1.8763661881985127E-4,0.0027707213358581875,2.3277013222129213E-5,3.576734390759141E-5,0.00208357218272999,1.1570931285555169E-4,1.0,3.4337479367761345E-4,0.002851876190549534,2.180870823650998E-5,0.009670927324564229,6.033856298158068E-5,4.0567395035185654E-5,0.0017901113588582233,0.008917087825709982,2.0175993396472652E-5,2.3970870553222267E-4,2.2104709034140385E-5,7.982843205849433E-4,0.017269043641080416,1.2544627189679545E-4,0.0013991033047494052,0.005180531769534363,3.80513508961954E-4,0.017903454642875665,2.511134815144506E-5,0.015449564096646249,9.4337492278241E-4,1.4300593945533647E-4,8.010774168121422E-5,3.192058465071104E-5,0.0019574723430806195,9.204423459466268E-5,0.0010772399479531713,1.966864651617635E-4,4.868764723826656E-5,0.0014608762583616884,7.489518664913456E-5,1.400026641416919E-5,0.006977997433028159,1.2787907395118173E-4,0.015846525758923563],[2.16946438588454E-4,2.7960158197833074E-4,0.0014169822609071678,9.549068376099053E-4,0.0010008149169857426,3.9223153723247166E-4,0.0012801126395501055,0.001069607675651111,0.01697705172436826,0.0012604413300646292,3.6152951125780977E-4,0.0011333698283033317,8.314559744706015E-4,8.188689845608841E-4,0.0013507998410798652,0.002365617346872421,0.0031604493248658513,0.0014800268028693228,0.0034991617682142324,0.0016441491261612875,0.001149231428431196,3.4337479367761345E-4,1.0,0.006759990138156835,2.445206356955329E-4,0.003181890647739321,7.923338094422288E-4,6.642745689315157E-4,0.002263379225764383,0.005746621107534605,0.0010372930683325858,0.0010629792063788952,1.354954712645877E-4,0.0013747098501577005,0.036321084356616004,4.440755833103226E-4,0.0024670430020736988,0.012186881945968573,0.0014245717747689004,0.018369206307552285,4.573000442194765E-4,0.011559029975713675,0.0013461104310453272,5.025806751395041E-4,0.0012635135615188843,5.621992283490369E-4,0.0022302034372171636,0.0013540168673144212,0.0013125485455609375,0.0010063693831923552,3.740203549485531E-4,0.00816187561495933,7.208701868840268E-4,4.414993418683614E-4,0.008090474797968178,0.0013496181150524302,0.029234503763412478],[7.765198002317942E-4,0.018406098470350053,0.01709468980492646,0.014442508491247116,0.013343389557053395,0.003634888929123941,0.003024948059161899,0.0062751871042848436,0.019382922158378908,0.005379347072688082,0.01908975796006109,0.008294520153805466,0.004110405854846399,0.006779304849082611,0.008891023168786791,0.0034447003805361826,0.013089516029405444,0.0132101815486707,0.01918888862230554,0.00619813695972438,0.01342092449110685,0.002851876190549534,0.006759990138156835,1.0,0.013085312230169172,0.011301193204926346,0.004933908785904497,0.017775545404233595,0.01002841533825868,0.015424697581367396,0.0016843484683437572,0.011080519212918064,0.004590917846645199,0.007256736729551686,0.019584601471776004,0.012515899447850845,0.013807915826657153,0.01837785549309108,0.005228523974854375,0.021862387252448073,9.841819569723067E-4,0.034116853230669875,0.011031349258588626,0.0014129348076110568,0.013919049619513915,0.015002869836357714,0.015325951996869518,0.00869252233989034,0.012678987669267412,0.0058638008516559825,0.01904367112741189,0.014057346543002596,0.007823193306155057,0.017382935727825843,0.019112134971179452,0.011294754809075654,0.025626626855438095],[2.3383651531568012E-5,2.7917549628379634E-5,1.1188973536968231E-5,1.1754448930781508E-4,2.8518139624578955E-5,1.7938921637590047E-4,2.4014444314149072E-5,1.437857676489872E-4,0.006965808356147794,8.847191199453126E-5,2.0259902678192018E-5,6.708158208984925E-5,2.803443674288893E-4,2.1767223882756027E-5,1.502138346798288E-5,2.8583876820599725E-4,0.00713979308255898,2.5159554031442557E-5,0.012401745661680993,2.795934383855282E-4,4.067750194381856E-5,2.180870823650998E-5,2.445206356955329E-4,0.013085312230169172,1.0,0.002675562178195316,8.162011673786264E-5,3.9264822251510304E-5,2.4802032069152683E-4,0.0041384557888469,1.4844902780916201E-5,1.4823000888725596E-4,2.3037848427146443E-5,1.8391654754154423E-4,0.012922200684303308,9.947700397440755E-5,7.420563913717508E-4,0.007503212168690657,3.7245671072535404E-5,0.022956932988592596,8.427457159422943E-5,0.022048435803791677,0.0010944066149975353,3.2328641594316405E-5,1.309035060781444E-4,4.431267943385696E-5,0.0017558682055604257,3.103323629140494E-5,3.7050188504041424E-4,2.0229690931178128E-4,2.3423054717387247E-4,0.0035178279026062105,1.9450099377347845E-4,1.7495854770514512E-5,0.014642370400776197,1.4297174179119502E-4,0.019999925493530493],[0.009315279058970413,0.005080009535289248,0.005086641501474426,0.007413072670869492,0.005275829413641595,0.009706652771342292,0.010636303841781443,0.008562517020629191,0.014489944989317816,0.009129972685805308,0.005209822447492506,0.002471771615898237,0.00604383298789503,0.0018681655915327934,0.006665796171148674,0.0044811071015033645,0.010041139472611309,0.006576988810262233,0.01720024132844775,0.004567690005941414,0.004781184513384325,0.009670927324564229,0.003181890647739321,0.011301193204926346,0.002675562178195316,1.0,0.007742032656919738,0.009354099392056888,0.006356858885594325,0.01036740129522233,0.0010784506642418032,0.010566215336096729,0.005564411567102808,0.008098883026322268,0.022722126526551693,0.0020332462112839507,0.006388859532902465,0.016195949065052687,0.010334975351219052,0.023717479897501156,0.00925823188852387,0.016576725710484012,0.0074606728183019,0.009668277165668156,0.01023859076755852,6.473067957448675E-4,0.004741341065154829,0.005364477286399931,0.003912111439225839,0.00753662721624364,0.005865175730948837,0.010759358562403086,3.1108278998957627E-4,0.0015678730658246736,0.012983404131358123,0.01025407788689972,0.025595438478457536],[6.143467074506745E-5,1.5009203530694953E-4,1.391959845289663E-5,1.1325202143959576E-4,9.800298165031697E-5,1.4274751753674147E-4,3.7370739948509125E-5,2.1389764054752336E-4,0.012427492296132258,1.1625131446263136E-4,5.507750796708685E-5,1.2639416382219636E-4,1.0264604396525183E-4,6.838368542733026E-5,8.148020309892558E-5,0.0018590169594491816,0.006126453095427081,6.14344201181679E-5,0.011757271108792459,4.2592769197006246E-4,1.4058154331417547E-4,6.033856298158068E-5,7.923338094422288E-4,0.004933908785904497,8.162011673786264E-5,0.007742032656919738,1.0,8.212192237029425E-5,0.0023461846457079457,0.009103000533932945,6.765461308471138E-5,1.8043229120283264E-4,7.491841831111564E-5,4.6087629753885703E-4,0.0273750949190571,1.2101088935789737E-4,0.0011178878523644045,0.010789291569278466,2.6727238190683795E-4,0.024371991583730723,1.1517169015288993E-4,0.016875221480798643,7.989254118654008E-4,2.05613134981225E-4,1.4560447426967835E-4,1.0336127574906879E-4,0.002229555288797574,3.221378657276003E-4,1.4350256338408233E-4,1.1371014790198444E-4,2.9504973393211764E-4,0.010676772468549717,1.5489108611403996E-4,6.968453326072547E-5,0.013610504748561406,1.3009468268860262E-4,0.009268567286866087],[2.212034581301007E-5,1.606942494125971E-4,1.9322993545364594E-5,9.014675921862185E-5,4.3448464187553854E-5,1.824521697619777E-4,2.9958362233624115E-5,1.8186404333426159E-4,0.0043471628195275195,6.945622784905956E-5,3.222041271734415E-5,1.0692783328815816E-4,8.794093958267984E-5,2.3715282992238434E-5,1.5100530328828979E-5,5.9944681825311E-4,0.005977250117698245,4.175180844558324E-5,0.010498936597865598,7.288292174962494E-4,1.7778425560642584E-4,4.0567395035185654E-5,6.642745689315157E-4,0.017775545404233595,3.9264822251510304E-5,0.009354099392056888,8.212192237029425E-5,1.0,0.0012585745431387273,0.0031230102384161925,3.2418756872226745E-5,7.492146248006336E-5,2.4633582647280296E-5,8.585805576403853E-4,0.017356194491459708,1.3398904480220076E-4,8.008767652375065E-4,0.0024583142536512104,2.6435579750244546E-4,0.01924040561618694,1.32490080633167E-4,0.020762299585899303,0.0010153892524578131,1.0990897663084655E-4,1.1703036528686999E-4,8.431501356185217E-5,0.0014912350339779412,8.877408129965978E-5,6.978495473133248E-4,1.1081867878725178E-4,2.2701717180985222E-4,0.008770923988426018,7.832873538738509E-5,4.237461761483467E-5,0.013262764864785188,2.1368713410715447E-4,0.0337035356532629],[0.002351490241607141,7.715039236600334E-4,0.0013975070710831815,0.001546513446060428,0.0014349611713161,0.001723890218034862,8.908149703778174E-4,0.0024252125756227105,0.011442572424657562,0.0016501685360986093,0.0016446308819089912,0.0016641172065481548,0.0022470309798370697,0.0012976578376880032,0.0019009328862061297,0.00263604087624865,0.007514154781163237,0.0021765803439548004,0.002512866603791349,0.0023920135145296248,4.683654283428026E-4,0.0017901113588582233,0.002263379225764383,0.01002841533825868,2.4802032069152683E-4,0.006356858885594325,0.0023461846457079457,0.0012585745431387273,1.0,0.0037434730326671804,3.399385627419865E-4,3.7526506461808595E-4,0.001989758642207632,0.001672769223152946,0.013786924547597076,0.0013999093576291845,0.0024742954633117293,0.00887308526557156,0.0014794417776148754,0.017251760817487572,9.742675527230232E-4,0.024879653994674594,0.0012437833633457064,0.0020877713202016287,0.0017171419060966699,0.0012368483099137193,0.002421797924318859,0.0012025712841342317,0.001280824785446688,0.002425552618914447,5.764144759832004E-4,0.0047307063208507,3.555089147105772E-4,0.0020485900846950937,0.014510855981986514,6.256188394383191E-4,0.035698366253864015],[0.008000216323468881,0.009913190101186575,0.007845619369746967,0.008829525226186085,0.005160858678287312,0.007996318560849062,0.008705828987226593,0.001428907658150952,0.016784875773444938,0.009313443892054126,0.00853706640985008,0.001971705197726129,0.004247726035054876,0.002743630548396178,0.004646251026144778,0.008998365923260684,0.008248371059605249,0.00959902967998283,0.01132297651623909,0.003643139732815189,0.001860769408515559,0.008917087825709982,0.005746621107534605,0.015424697581367396,0.0041384557888469,0.01036740129522233,0.009103000533932945,0.0031230102384161925,0.0037434730326671804,1.0,0.00700702208924366,0.004204317453063127,0.00956013269498238,0.00877845533877186,0.03246334723839569,0.005098262086306913,0.009586945339540074,0.010734368979961061,0.008836734997282892,0.014697180157085987,1.766061423754908E-4,0.011193533950544616,0.00994915478894868,0.008059213020657888,0.009522109085502072,0.0034726862350750766,0.003942940194678482,0.010132768390540224,0.004084284283474872,0.004845619214597308,0.008294529604253711,0.010466300939247393,0.0015937879687186875,0.01007703489256249,0.013355129398019049,0.004413800681733748,0.0129550926974961],[1.1374932729211685E-5,1.104285941917873E-4,1.398742071126355E-5,5.2391353132116167E-5,2.350188518598858E-5,2.9494786674059657E-5,1.4913066670638803E-5,4.4885145949102665E-5,0.005798567765839505,1.324444167860322E-4,1.459763941838576E-5,1.5220077063391612E-4,8.750927366240782E-5,1.755416406973794E-5,1.1298775605655221E-5,5.425013663922079E-4,0.004282941874272028,2.3486557284612857E-5,0.012868297061190009,0.0019456513665243118,5.590203779166373E-5,2.0175993396472652E-5,0.0010372930683325858,0.0016843484683437572,1.4844902780916201E-5,0.0010784506642418032,6.765461308471138E-5,3.2418756872226745E-5,3.399385627419865E-4,0.00700702208924366,1.0,1.2735982003127505E-4,1.8871269701464096E-5,5.683582382512806E-4,0.018418807469184638,3.1163837277779904E-5,0.0022930759149973902,0.011034198969232498,3.492688206995174E-4,0.015438990390264789,4.33240916727674E-5,0.026644503497475634,3.463429618586047E-4,1.9790795747835706E-5,7.268130734595761E-5,9.22034773308452E-5,0.00167327198829708,1.6870276892526608E-4,5.638442915092451E-4,8.654612931468524E-5,1.8565278818136847E-4,0.0025318997843509273,1.5894100055189797E-4,1.3983763370215947E-5,0.014417603931325285,7.613475143937532E-5,0.03228121106916699],[1.797608223167269E-4,2.08154815462848E-4,1.0517133517179813E-4,1.860271945214079E-4,1.7270919233295293E-4,2.6912464333047345E-4,1.1287779634728665E-4,2.519444362766342E-4,0.0017583382620853343,2.4294111648387782E-4,1.5621166103433254E-4,2.6455014711755084E-4,2.947672867140063E-4,2.484838345263892E-4,5.148221949533208E-5,0.002266641938426789,0.0011518469090863737,4.847419377635464E-5,0.00438011513092988,0.0013661288425219971,2.5785678683164275E-4,2.3970870553222267E-4,0.0010629792063788952,0.011080519212918064,1.4823000888725596E-4,0.010566215336096729,1.8043229120283264E-4,7.492146248006336E-5,3.7526506461808595E-4,0.004204317453063127,1.2735982003127505E-4,1.0,4.027081736833189E-5,2.806327070147569E-4,0.007422666444157663,2.5549200015537686E-4,5.569785343403312E-4,0.005107867701320645,3.4813394895991405E-4,0.023743282240822138,1.9209931601531598E-4,0.016643379986373316,4.953699754823182E-4,2.5401213530189184E-4,1.7073579416513896E-4,2.601484432100538E-4,0.0012551389242213197,3.2822385732304935E-4,3.7810142061785206E-4,2.250075226885828E-4,3.552408537914679E-4,0.00886467892981793,2.376447603740355E-4,7.907271095937907E-5,5.67698387098192E-4,2.653543568799111E-4,0.019237448290272137],[2.0954317722096587E-5,1.2811708707928776E-4,1.8470828599700766E-5,4.954666934377419E-5,2.401305567993767E-5,1.9924751304098984E-4,2.3595212686722716E-5,2.0885472501735867E-4,0.008263346797732397,1.2632512993355127E-4,1.80863285657491E-5,4.913920137706203E-5,2.725777155439402E-5,1.976312431776423E-5,1.4184108257447482E-5,0.0020679481278710376,0.00687541404169766,2.5555935385918903E-5,0.001223683258779861,0.0020557341563572336,1.1183164473641083E-4,2.2104709034140385E-5,1.354954712645877E-4,0.004590917846645199,2.3037848427146443E-5,0.005564411567102808,7.491841831111564E-5,2.4633582647280296E-5,0.001989758642207632,0.00956013269498238,1.8871269701464096E-5,4.027081736833189E-5,1.0,0.0010613410820041413,0.004432567673431307,1.373101081083886E-4,8.137995746203738E-4,0.016959549477252228,4.6821057070031106E-4,0.011608789105057313,6.338554947170675E-5,0.023912025704737525,8.299523667973377E-4,2.362717740183709E-4,8.061657804434458E-5,3.678246883267231E-5,0.002081267604223354,6.179900050701826E-5,4.084861944121858E-4,7.773192221639517E-5,4.759325658825829E-5,3.7463484130165583E-4,2.522849108568579E-5,2.0640303294318465E-5,0.004717090047810327,1.2078528128096485E-4,0.009797240801509894],[0.0012545533665639307,0.0012518125627621287,2.9556218115805495E-4,6.74968694902653E-4,8.929426176815243E-4,8.95870220476202E-4,8.449199539880988E-4,5.685002592332013E-4,0.010423468157193742,0.0011938900808172517,4.2284653352000297E-4,4.340945866645841E-4,8.888342850932108E-4,0.0011105838984886592,8.042815999847802E-5,0.001699827848507231,0.004878585224557645,4.314867408836468E-5,0.003199861078450901,0.0020836158791456734,0.001300130904239379,7.982843205849433E-4,0.0013747098