[[1.0,6.281520983157879E-4,0.0020443637242222516,0.0047538749791989215,0.07194432842055778,4.7995315971893207E-4,0.0017583522356384486,0.01106218982340898,0.0016611818969798247,0.013459329339373459,0.0025544405099799886,0.0019174118363675385,0.002771574358452846,5.948362301705265E-4,0.0020343582660284415,0.002513489682673066,0.002105084616658553,0.011241891508036419,0.0012859568294962028,0.002801534057768018,0.010245144483449549,0.00327211446061083,0.0024570733658066234,0.00281754110346939,0.004362745834506734,0.0028038951039716254,0.004149207043442132,0.002266789110094045,0.0013898276785154011,7.151228380820781E-4,0.0018836861997259893,0.0026533109942941243,0.007182854382616999,0.04141740832348844,6.517066271115176E-4,0.002179399292039879,0.001023848787838249,0.0038885679209639304,0.0022451348254171805,0.002027442676707684,0.0013953633947439584,7.231602358844489E-4,0.0019638085087877333,0.0028026984552114807,0.011133887936578666,1.519377358350788E-4,0.0014962182739907638,0.00648141834777849,2.809622126294145E-4,0.00268673622271735,0.0023054558510478248,8.733437387069438E-4,0.024457181371087315,0.0024699770519957687,0.0026740167380606625,0.0015503164561446298,0.001400549232673239,0.0023886084871105042,0.0020388971449027036,0.0027056400406308585],[6.281520983157879E-4,1.0,6.900017437638671E-4,0.0023141650240956105,0.04161437723864633,5.8551836662052155E-5,1.4360837369943922E-4,0.0029870343981567454,7.763416881363531E-4,0.029430676740662135,2.9515074477569946E-5,2.078842362553356E-5,0.0017326292735063014,1.5461165154434387E-4,6.548032043259717E-4,7.677408760833E-5,4.560414637178429E-5,0.005680521496628695,1.7350234099330038E-5,2.910759753927482E-4,0.006930720058048296,0.006655342629043321,0.0016298929610375095,5.845938960901373E-4,0.0034526230021051144,0.0024719471350726167,0.001075807802827205,7.981937990231679E-5,4.0189655902061425E-4,3.591155943885202E-5,9.261837016379048E-5,0.0010126679624940758,0.02222128647054198,0.008124562879617301,3.940971784037034E-5,0.0011662258920545887,6.39623005305039E-5,0.005682126539898546,2.7323387012860868E-5,3.887000833024883E-5,9.697811655214343E-5,2.8523899663064317E-5,6.0356488651090995E-5,0.0024916906335487998,0.002044286325818449,1.0376267306864468E-4,9.794160605158545E-5,0.01450853200181782,3.205549944360787E-5,5.524361010001727E-5,2.6018747009545554E-5,3.057199614861019E-4,0.03214134059967787,1.888181494225329E-5,7.298887615334875E-4,4.5389659689782454E-4,6.671137849339424E-4,3.2589997212092005E-5,6.634462769187142E-5,9.309443872947753E-5],[0.0020443637242222516,6.900017437638671E-4,1.0,0.004964981915571715,0.07892206953473972,4.7549555914889E-4,3.8461500249492765E-4,0.006564609588164957,8.202588041183303E-4,0.03535738713797828,9.134829445415639E-5,6.790742589698401E-4,0.0013746502517511066,4.5710636967169287E-4,8.570115492167483E-4,3.75452607405495E-4,5.750149052244861E-4,0.00240579357760198,3.442544756136011E-4,7.143125494712463E-4,8.946151968979364E-4,0.0033023502336032968,0.0013158617104957887,9.328451169492557E-4,0.004912030037151137,0.0015588552590898512,0.0027570853738368467,6.518898609824589E-4,7.396671895596692E-4,3.222064027197138E-4,4.6034676504196276E-4,0.001386646797297247,0.028130497679746146,0.058186230328114666,3.796066789241865E-4,7.437743000634353E-4,6.228804335089799E-4,0.0020261644642497042,3.16305642025085E-4,4.802982794343411E-4,5.465953775375264E-4,2.2603699557351462E-4,6.420468705899927E-4,0.0010154687528624526,0.0014171365131434056,1.7371213100716678E-4,2.2871645298405322E-4,0.015261912594966183,3.051322488436863E-4,5.29265728658274E-4,6.799064965695346E-4,5.701349092790311E-4,0.04391582183055535,4.940483784576144E-5,7.121386357430221E-4,6.236391564166286E-4,7.686036943657275E-4,3.456612090826462E-4,6.511911115930233E-4,3.5010914028362714E-4],[0.0047538749791989215,0.0023141650240956105,0.004964981915571715,1.0,0.06368147383881384,0.002534596981382412,0.002968101840477789,0.010308902133611384,0.0012779491757127644,0.0309041293184852,0.004657830464180148,0.0014189556165849443,0.004748456016003821,0.001684600539303477,0.002178265557503419,9.503943390531067E-4,0.0033896983630243827,0.011093625715425269,0.0024664187581511735,0.0024251648936714117,0.012365169274010143,0.006959385944833286,0.004859363822612928,0.0031892104797725,0.006400434283243319,0.0055909685397311035,0.004587561952723076,7.154274153116574E-4,0.0024786701072229992,0.00163635135513366,0.0048184076770786,0.004570483792679984,0.03338927833771618,0.019391680977315643,0.0036889849029929636,0.00441697602078745,6.995285330746104E-4,0.007984324980536152,0.005244104088273872,0.0021863784111412605,5.257344105907334E-4,0.0015494464141370557,0.001206969380370802,0.005913958020400215,0.008663763358317839,2.836988868105799E-4,0.004683097963464078,0.008849278819087663,0.0011800906495620708,0.0018813263937809408,0.0018245346150212978,0.003547688477305641,0.030417395300590587,0.0029496366860401572,0.003836919790180005,0.002592513774109073,0.006435708027753932,0.004845798789593143,0.004376660741643746,0.0038334116228293837],[0.07194432842055778,0.04161437723864633,0.07892206953473972,0.06368147383881384,1.0,0.04650986048206345,0.07934417195960716,0.037352418647625174,0.04696984707911899,0.05582205357736003,0.08789664307154083,0.06812338117959676,0.0651136390820261,0.030195762955540332,0.052853038398689024,0.06008281563552093,0.023044386235375292,0.07244122606529739,0.0674782811092537,0.03465703961784295,0.09048095933476905,0.07410646457317999,0.08313258326305663,0.08182267712334797,0.07645341652675515,0.03224957262289039,0.03853494339242144,0.05816186976404493,0.07776619747743048,0.05559061444806071,0.04291744567882809,0.003725057212556697,0.06686635462574257,0.08991269740677799,0.029907849585695388,0.058953001452017074,0.014993594514188725,0.06634600653697686,0.06305274016386357,0.08471576008183147,0.08325947849192492,0.025383112161451976,0.01818499541835546,0.0899371758780082,0.08092570560474285,0.005226961046448939,0.02050427154248445,0.04295842846064471,0.0750170024983832,0.03698884822450801,0.01966801829850483,0.061457391387923735,0.07558741167851224,0.06942757305010436,0.02414590234222271,0.06786665412678473,0.024007673744807063,0.04042648320866234,0.08495719525363779,0.046730255729196105],[4.7995315971893207E-4,5.8551836662052155E-5,4.7549555914889E-4,0.002534596981382412,0.04650986048206345,1.0,3.032733333978085E-4,9.107619118374848E-4,5.272867460745797E-4,0.013274481145912679,1.3889924384565173E-4,8.052177323847996E-5,6.862046439151968E-4,2.0654366846518797E-4,2.80670311210029E-4,2.2449876636804197E-4,8.419505422408624E-5,0.007635473514016778,2.97972358055373E-5,0.0012923675059359379,0.010579539385342058,0.0049776555310062824,0.0010680652091102482,0.0026850130957175567,0.003194546787351477,0.0010792298892752783,7.988899900557765E-4,1.4403837819347126E-4,2.1138941408512153E-4,7.234625275358828E-5,1.047127518365202E-4,9.79600759056384E-4,0.023098209188492605,0.016177477238334157,1.3788061832046712E-4,0.0010797088761720888,1.31280244974692E-4,0.009202918355312551,2.1762812817689057E-5,3.1658175983233615E-5,1.550391119827126E-4,7.463676595268264E-5,1.401249620165757E-4,0.0017265817930384373,0.009924659285788128,1.421745334926558E-4,1.8663396505618995E-4,0.01185463167988646,4.4068314753499135E-5,1.3427704945898438E-4,2.2145531488137378E-5,3.3804467080932477E-4,0.032769875441609676,5.5639689124133226E-5,4.156927231663202E-4,4.4913835455263505E-4,0.001072151587739997,8.245088424986189E-5,1.5060952762456603E-4,2.131853576778228E-4],[0.0017583522356384486,1.4360837369943922E-4,3.8461500249492765E-4,0.002968101840477789,0.07934417195960716,3.032733333978085E-4,1.0,0.01200543315329104,8.265632571394225E-4,0.018413901658210833,2.7473659874309084E-4,7.355838275519519E-5,0.0021737965755891497,2.578719353367594E-4,7.656814049652216E-4,2.750907441708065E-4,1.65576855811848E-4,0.009031499628874852,6.90964652636472E-5,3.629611006679603E-4,0.0033109227658776686,0.0019293523915349011,6.450853081835799E-4,0.002182562113748193,8.37758864408588E-4,6.402555165378261E-4,0.0012523836793909993,3.206035023208765E-4,5.017690574150801E-4,2.702973114766925E-4,1.4258787664226893E-4,0.0012389766229115805,0.003220801386931903,0.04904557857778133,2.5843971021513763E-4,0.0013118090228100598,2.592328262539808E-4,0.0036473028378511737,2.0913019341809426E-5,2.4523161515799713E-4,3.15774083057348E-4,7.273266855063687E-5,1.608580956028833E-4,0.00111609860301628,5.829767491643659E-4,1.7019746111429778E-4,3.112066105624184E-4,0.00617190139286677,3.875920475428142E-5,2.0549357234677632E-4,1.0732071671233748E-4,3.4188955141692607E-4,0.014955519974954657,1.5898244105174862E-4,6.211661263840181E-4,3.349536624468662E-4,7.762546290191796E-4,3.235390927484251E-4,2.6418753417748787E-4,2.975674254090403E-4],[0.01106218982340898,0.0029870343981567454,0.006564609588164957,0.010308902133611384,0.037352418647625174,9.107619118374848E-4,0.01200543315329104,1.0,0.003641083105489355,0.034501331780599435,0.003644949514658471,0.010609183166131022,0.0059988235008834705,0.0053111407144788726,0.01163513268008523,0.010871844033324952,8.502360041916025E-4,0.012059447080819002,0.007798233735878508,0.005185590897872889,0.012414572393109226,0.00986784675331165,0.0050438757812038245,0.009069943482292968,0.008944632218463713,0.011052026065409093,0.008461700887228623,0.01117549260893315,0.0011355249063994528,5.481976287918551E-4,0.009561681748786344,0.009569616833401576,0.013009849771986602,0.050804045002273784,0.0014003524943319863,0.007961121181143204,0.00871206502911635,0.010781374835886535,0.00743302655373658,8.180631703473556E-5,7.908088113311859E-4,0.008219426081818366,0.010553907529318469,0.003063153572923333,0.012414366146459535,0.004278867697544509,0.004032971951201787,0.015016004289517267,0.007158379777845131,0.006968944625917948,6.129907830885029E-4,0.004771509798809805,0.04163620114556506,0.009790784386363494,0.00967794983701725,0.0012923443353926422,0.002860322535924674,0.005549006306180488,0.010159253299097669,0.01128861789759611],[0.0016611818969798247,7.763416881363531E-4,8.202588041183303E-4,0.0012779491757127644,0.04696984707911899,5.272867460745797E-4,8.265632571394225E-4,0.003641083105489355,1.0,0.02974759360554615,6.483931964850956E-4,9.799926537860761E-4,0.0014551873189156382,3.3239382557669376E-4,0.0010571615114394436,4.8735551904024446E-4,3.4872769194850024E-4,0.008043541944124006,5.236022294159067E-4,0.0019941763110519688,0.010418376823337024,0.0024561532254650234,0.0012996515972083023,0.0023533344215902093,0.0011074085586173228,0.002769293345312583,0.003522754100373846,6.170723809232703E-4,0.001008993271725167,7.570243868820703E-4,1.5624155380774776E-4,0.001517232069990848,0.028779480062099166,0.016034014077852907,4.6997577470426024E-4,0.001016885347321216,2.815293040311441E-4,0.00421549244555325,1.5036133032146748E-4,7.513552179987525E-5,7.988498789876311E-4,2.2351186039541536E-4,5.980428186399236E-4,0.002515823739220158,0.002497520753104721,3.513123166452989E-4,5.068097580526401E-4,0.015308971608354222,9.284829248735408E-4,9.78666930910047E-4,3.0731270803630397E-4,8.545805011105966E-4,0.041585865868670156,9.351858782324589E-4,0.0010375743841123013,8.205438669023569E-4,0.0011708899946289164,7.530933205476971E-4,8.990978938674064E-4,6.512832262957447E-4],[0.013459329339373459,0.029430676740662135,0.03535738713797828,0.0309041293184852,0.05582205357736003,0.013274481145912679,0.018413901658210833,0.034501331780599435,0.02974759360554615,1.0,0.032833743812864684,0.009650918600293405,0.02826965820223882,0.0037190114974367887,0.018755740043874872,0.021499543100968358,0.012992526634251348,0.031099308092681698,1.9622677027402287E-4,0.008837877062361107,0.03271728616626688,0.03446839706012436,0.0175848241812863,0.014099935661230748,0.015934364311525954,0.03252497208154046,0.020186304576326024,0.020557666971015708,0.008927074391377247,0.0231597142903201,0.007268780276132456,0.02745224459295859,0.03672063976769176,0.055252525586746024,0.009895406997170548,0.02484933249669871,0.006398795623157668,0.02519430215966452,0.009917345208815449,0.0019030447568304403,0.005560515080372987,0.0047765478960722085,6.153096228639629E-4,0.024238504254616832,0.018958328538642755,0.018245776017866217,0.028363825104681106,0.028765656801911482,0.012295865939756035,0.026400886423164308,0.029769376092903723,0.028508976984084083,0.039593191912268885,0.012941562738246471,0.016674462583950632,0.02714534991901698,0.01977302275683994,0.011521201950954752,0.01795884914203657,0.016569754159040977],[0.0025544405099799886,2.9515074477569946E-5,9.134829445415639E-5,0.004657830464180148,0.08789664307154083,1.3889924384565173E-4,2.7473659874309084E-4,0.003644949514658471,6.483931964850956E-4,0.032833743812864684,1.0,2.5004980587870732E-5,3.4546214267508425E-4,2.15985614605811E-4,2.4379759538232726E-4,2.128880901393745E-4,5.6533695139560235E-5,0.002355455466875637,1.2771072464410928E-5,0.001083778095615749,0.012132603600740146,0.004474701273458612,3.502109453355812E-4,0.0027555436178741503,0.0038155435891788947,0.002406254461765631,9.988949624325234E-4,1.1663042384671551E-4,7.075407519244293E-4,3.02005547684814E-5,1.0382589490283626E-4,0.0012340586916741892,0.005936766684631673,0.02431431233610943,7.31837007207552E-5,9.408816040881467E-4,3.2252955801580896E-5,0.004274127878111662,2.098779460437669E-5,2.3771552358643264E-5,1.1712347705771628E-4,2.644240161482409E-5,1.057137142743198E-4,0.002094499968496496,0.006230409795296418,8.211444541817884E-5,1.5660339033163583E-4,0.007425491345933382,2.0169179301193087E-5,5.105457272879739E-5,2.5588479037210954E-5,5.5506982001647404E-5,0.019752556703395166,2.3827646649512942E-5,0.0010438484463693948,1.2139743344280175E-4,9.143727253212951E-4,1.6296817421583513E-5,7.221050607104302E-5,7.675161400608847E-5],[0.0019174118363675385,2.078842362553356E-5,6.790742589698401E-4,0.0014189556165849443,0.06812338117959676,8.052177323847996E-5,7.355838275519519E-5,0.010609183166131022,9.799926537860761E-4,0.009650918600293405,2.5004980587870732E-5,1.0,0.002147278455196613,1.5681637341287224E-4,2.0268412868068824E-4,7.445460265434817E-5,4.209997783194776E-5,0.004109657330964524,1.341141463419614E-5,2.605395561057258E-4,0.019442578054016807,0.005105723497569817,0.001297758402815652,9.854822166517102E-4,0.003453316297801136,3.1932284326744017E-4,0.003333341548947283,4.344816722954392E-5,2.4158999306551175E-4,2.3375744049861934E-5,5.403627799932366E-5,8.491353596105761E-4,0.03694849746756307,0.01711984351677648,1.1666855632767563E-4,2.7628962223469425E-4,6.552908851175439E-5,0.005742966927030615,1.8248646792822482E-5,2.3419809306849188E-5,5.651141018713903E-5,2.320375102785271E-5,9.95580936915849E-5,0.001743073850335312,0.009602472360712759,6.860028513648383E-5,2.1894830397298272E-4,9.580186310363706E-4,1.4745595478354811E-5,8.169464261772042E-5,1.8833624181295386E-5,3.4434337609677064E-4,0.025512899245218306,1.8546897305699624E-5,5.878833735962626E-4,2.2907068108894154E-4,0.0010518328662379602,1.7458725626998038E-5,7.973672518567382E-5,1.4786427031201983E-4],[0.002771574358452846,0.0017326292735063014,0.0013746502517511066,0.004748456016003821,0.0651136390820261,6.862046439151968E-4,0.0021737965755891497,0.0059988235008834705,0.0014551873189156382,0.02826965820223882,3.4546214267508425E-4,0.002147278455196613,1.0,0.0016757376642585996,0.0023126091149941706,0.0019040075103180765,4.3418471111938007E-4,0.0037500691438531117,9.753403680518485E-4,0.0020854198305780658,0.019307547450690955,0.005090923438834102,0.0021220069592309096,0.0028098240083682087,0.002441393537587481,0.0023450706655738928,0.004208360249358497,5.047307727515186E-4,0.002185519594784565,0.0010290432969709787,0.0013063220443156939,0.002009313158365559,0.013196408862346104,0.05504187546815253,4.02786837889347E-4,0.0014814803916063965,0.0015885013874575081,0.004293238871186972,3.559099294893722E-4,0.0013328660772733718,0.0017073930593102908,0.0023166740941466873,4.3067777396852954E-4,0.0024702181146931024,0.010705396468686873,0.002175106834501472,0.002005250074816967,0.006368162854871552,1.0965694528800829E-4,7.211285112997062E-4,0.0017113929408994757,8.398513909113763E-4,0.02746565819399482,0.0012343664782439605,0.0014806524095076277,0.001666717364186002,0.0014406479987711654,7.609186535804176E-4,0.0017616254886740432,0.0018332821739388797],[5.948362301705265E-4,1.5461165154434387E-4,4.5710636967169287E-4,0.001684600539303477,0.030195762955540332,2.0654366846518797E-4,2.578719353367594E-4,0.0053111407144788726,3.3239382557669376E-4,0.0037190114974367887,2.15985614605811E-4,1.5681637341287224E-4,0.0016757376642585996,1.0,6.669259037581576E-4,2.506189465971933E-4,1.9131110459861815E-4,0.001747631146657234,1.9528462100977965E-4,0.0014926321660542804,0.01253560477271839,4.5587116144899724E-4,0.0012890031717570458,0.0027840920050382946,0.002825255356618911,0.001812306010073397,7.538807217620493E-4,1.77138589143551E-4,7.554612851547862E-4,1.3603798794537315E-4,1.453873574368507E-4,9.496020121765495E-4,0.03465716645126539,0.03650208480809117,1.8048306335458308E-4,7.502930855464806E-4,1.5246479233414856E-4,0.00844656642572904,1.4358489976354483E-4,1.0917774487738281E-4,2.2640365664956826E-4,8.905199712854537E-5,1.9682705298046957E-4,0.0023403370911180997,0.0012950310556845907,1.9117349451980753E-4,2.2732182492614763E-4,8.129133378161225E-4,1.31637621043046E-4,1.250447462097963E-4,1.722879105522008E-4,3.9609256190288627E-4,0.01575276753877806,1.446681494411266E-4,7.548756301377124E-4,3.0026848086319016E-4,8.502642512223833E-4,1.7416968521201094E-4,2.0444613189815922E-4,2.572207879845951E-4],[0.0020343582660284415,6.548032043259717E-4,8.570115492167483E-4,0.002178265557503419,0.052853038398689024,2.80670311210029E-4,7.656814049652216E-4,0.01163513268008523,0.0010571615114394436,0.018755740043874872,2.4379759538232726E-4,2.0268412868068824E-4,0.0023126091149941706,6.669259037581576E-4,1.0,0.0011669597068521295,5.842048944404311E-4,0.003245862918536296,0.0013307786761913958,0.0016582589042402525,0.019641536387929034,0.003897085596974063,0.0015901989270732176,0.002448089045236697,0.0021749510287325867,0.0018515093540524348,0.0030474707565630137,3.767040476389895E-4,0.0010946188483759356,2.7627898786596186E-4,0.001286604047417437,0.0015795107924658726,0.032867366815132054,0.015128802991861878,0.0013189079421179468,0.0014458047910233117,1.9144735231616883E-4,0.00881928065725403,2.7931022036270465E-4,0.0014113378209058148,8.408836218314196E-4,8.109328290556598E-4,0.0013893223393742983,0.0024130119270201573,0.011467031419994044,0.0014195448074234185,9.602762082104998E-4,0.014005300253809576,4.262521023647646E-4,2.292196059636055E-4,9.202764827626732E-4,0.0012211776240536748,0.03963451211905873,3.0889121570030966E-4,0.0013942063950562078,0.0011105481540722869,0.0013942676089252779,8.459274261651303E-5,4.816849452993313E-4,4.07487789273186E-4],[0.002513489682673066,7.677408760833E-5,3.75452607405495E-4,9.503943390531067E-4,0.06008281563552093,2.2449876636804197E-4,2.750907441708065E-4,0.010871844033324952,4.8735551904024446E-4,0.021499543100968358,2.128880901393745E-4,7.445460265434817E-5,0.0019040075103180765,2.506189465971933E-4,0.0011669597068521295,1.0,9.573561960642044E-5,0.006138532650431974,4.5319404633912616E-5,0.002070018412847782,0.014835683480435374,0.004860085280316966,5.592860566440237E-4,0.002357955575694614,0.0033792738068658245,3.229021442792835E-4,0.0018909953755579148,2.3206544298224653E-4,7.623136311815278E-4,2.132147378871543E-4,1.831098811580972E-4,2.768643710844996E-4,0.0254731834050621,0.026707063683190358,1.617680331065917E-4,2.7848583184489757E-4,2.0018377138270794E-4,0.0018695953777507807,9.2821014909671E-5,1.1688265433447619E-4,2.288363443577771E-4,1.8519454104710693E-4,2.2685776812822095E-4,0.001520681717371606,0.010553410197097735,1.4254294446635599E-4,2.3942982547125072E-4,0.012334190314782516,8.718349956901114E-5,2.5026631151747763E-4,1.1415430660202214E-4,3.660579127621827E-4,0.04881262586089057,1.6003045599910927E-4,6.448716233811934E-4,3.010512019318879E-4,6.89238931117341E-4,1.7711166686717057E-4,1.8629426668385443E-4,2.8541797299801646E-4],[0.002105084616658553,4.560414637178429E-5,5.750149052244861E-4,0.0033896983630243827,0.023044386235375292,8.419505422408624E-5,1.65576855811848E-4,8.502360041916025E-4,3.4872769194850024E-4,0.012992526634251348,5.6533695139560235E-5,4.209997783194776E-5,4.3418471111938007E-4,1.9131110459861815E-4,5.842048944404311E-4,9.573561960642044E-5,1.0,0.0032836957402189422,3.485404532948933E-5,0.002067842447426466,0.010212192550489104,0.00281933558383464,0.0011321820594729754,0.0025765794961792395,5.458549009418696E-4,0.0012709048490690154,0.0033682643158296963,1.0596018263390065E-4,7.19719927161446E-5,4.8353423741999364E-5,9.864048590929879E-5,7.129063558025505E-4,0.005536451489334752,0.05430180912618853,7.738573015967184E-5,9.434335616718523E-4,9.217014001394019E-5,0.001007460244107581,2.1747891710091868E-5,5.227513998374958E-5,1.9971531473563897E-4,5.933194816812638E-5,7.016328055854268E-5,0.0015962608613684032,0.0025602126790641466,9.373724323599413E-5,1.7153805826543972E-4,0.005690803970236948,1.869078444369986E-5,6.876885014320043E-5,5.993790551099353E-5,3.0645646974275184E-4,0.012210352452089948,2.7439344793426645E-5,0.0010191569204575602,3.180039733456608E-4,2.7011252021652457E-4,3.2761960804881165E-5,1.5513524926449109E-4,2.721495262294843E-4],[0.011241891508036419,0.005680521496628695,0.00240579357760198,0.011093625715425269,0.07244122606529739,0.007635473514016778,0.009031499628874852,0.012059447080819002,0.008043541944124006,0.031099308092681698,0.002355455466875637,0.004109657330964524,0.0037500691438531117,0.001747631146657234,0.003245862918536296,0.006138532650431974,0.0032836957402189422,1.0,0.008272030195936069,0.010507270894787037,0.016490192609146477,0.011409071467049706,0.007351254757503003,0.008919631946142571,0.010538774652241121,0.009153476969316274,0.010726526638019533,0.0044974990703599005,0.011414903051313133,0.004762484810794318,0.003275108562154067,0.009453284876844036,0.014579530948624419,0.02722623435186807,0.0057386238802736664,0.007402275256233403,0.00923596568442882,0.011388970461408455,0.007179037555910815,0.01173826867909837,0.011832562970879954,0.0030415220846308788,0.008251262751922487,0.01181468368671689,0.012046948844767513,0.003786302700810275,0.0072367286490723215,0.014430129050340945,0.0037969727142545284,0.008848411803444669,0.01185554380748559,0.00792297912809512,0.020025421969946364,0.002311373118673226,0.00820107009388317,0.00322365509954803,0.007242976804791501,0.00783800337311103,0.0070375154080666415,0.009660484151422146],[0.0012859568294962028,1.7350234099330038E-5,3.442544756136011E-4,0.0024664187581511735,0.0674782811092537,2.97972358055373E-5,6.90964652636472E-5,0.007798233735878508,5.236022294159067E-4,1.9622677027402287E-4,1.2771072464410928E-5,1.341141463419614E-5,9.753403680518485E-4,1.9528462100977965E-4,0.0013307786761913958,4.5319404633912616E-5,3.485404532948933E-5,0.008272030195936069,1.0,7.549103019319604E-4,4.3533955417303616E-4,3.972576501673279E-4,0.0011296465490684402,6.881883897525961E-4,0.004489752273339683,0.0027212223409056706,0.003016319765178988,8.878945730064167E-5,3.5425819242130175E-4,3.0442533902642702E-5,4.8550658822260704E-5,0.0014393577615256135,0.009322046681080954,0.02695515531097914,9.612493993642556E-5,3.1496353305107797E-4,1.2252910800969008E-4,0.004284352845530936,1.3730341959337163E-5,2.1989258968875213E-5,1.2554824053456442E-4,1.3805175127400904E-5,1.1640720826066068E-4,0.0022493351159663813,0.008361173882820778,5.30294681939227E-5,3.325250360655427E-5,0.01057373981525945,1.3069153391789506E-5,3.1113970540014036E-5,1.6996433048224895E-5,2.0126070691026154E-4,0.03750750838210618,1.3753889728652536E-5,6.941863915145037E-5,2.3893359233325423E-4,9.23593307925366E-4,1.2523476127081897E-5,6.990659176997758E-5,1.8102912559825145E-4],[0.002801534057768018,2.910759753927482E-4,7.143125494712463E-4,0.0024251648936714117,0.03465703961784295,0.0012923675059359379,3.629611006679603E-4,0.005185590897872889,0.0019941763110519688,0.008837877062361107,0.001083778095615749,2.605395561057258E-4,0.0020854198305780658,0.0014926321660542804,0.0016582589042402525,0.002070018412847782,0.002067842447426466,0.010507270894787037,7.549103019319604E-4,1.0,0.008915197647944692,0.0026856941797611805,0.0020157824890064215,0.002878329176612406,0.002505232023544752,0.0022448526024574727,0.002206250907086124,0.001916780290615551,0.0016138911006983612,6.089200664102832E-4,0.001682495121548257,0.0020313489084650693,0.013043701390224057,0.025804867922637878,8.547833098246962E-4,0.0015905294372759583,8.190362997316276E-4,0.00950134947283015,1.745684177253261E-4,5.22687856829686E-4,7.929442842243507E-4,2.680422864911783E-4,3.248558490292901E-4,0.002345599857928426,0.011304591466484949,3.669229980334106E-4,0.0013310192086173089,0.009400097492069194,0.0014808971894134245,4.82323328539247E-4,8.903563607692651E-5,0.0016237152165296154,0.018814442901325442,2.907157317145544E-4,0.001474431684658053,0.0012618024511896215,0.0019999201716766964,0.002005144219099891,0.0018037662331413036,0.0018051719758975537],[0.010245144483449549,0.006930720058048296,8.946151968979364E-4,0.012365169274010143,0.09048095933476905,0.010579539385342058,0.0033109227658776686,0.012414572393109226,0.010418376823337024,0.03271728616626688,0.012132603600740146,0.019442578054016807,0.019307547450690955,0.01253560477271839,0.019641536387929034,0.014835683480435374,0.010212192550489104,0.016490192609146477,4.3533955417303616E-4,0.008915197647944692,1.0,0.012527299439335744,0.004058163773419587,0.019410957088475806,0.01853761235742624,0.007104507861067328,0.007064499720293332,0.013479465524561434,0.016788218753829683,0.015375167852322087,0.00734209828231484,0.016188567959953288,0.02226589416884401,0.02166671234074406,0.018364136399366782,0.005690571008920639,0.016975571262308312,0.016572132780828138,7.54719117255868E-5,4.088434966298986E-4,0.01894876921546009,0.004662104795844489,0.014457430157845,0.017550638445989766,0.018416652062567918,0.011757115886071808,0.008048174105738574,0.01708780230960399,0.0032186670727236766,0.00648818816500727,0.006098380514238204,0.009024057520384245,0.024057888303330596,0.0075798640195741205,0.013183064443127768,0.0015609747961206626,0.014551056148228644,0.013763267284116712,0.011836200498409858,0.0014464262836094946],[0.00327211446061083,0.006655342629043321,0.0033023502336032968,0.006959385944833286,0.07410646457317999,0.0049776555310062824,0.0019293523915349011,0.00986784675331165,0.0024561532254650234,0.03446839706012436,0.004474701273458612,0.005105723497569817,0.005090923438834102,4.5587116144899724E-4,0.003897085596974063,0.004860085280316966,0.00281933558383464,0.011409071467049706,3.972576501673279E-4,0.0026856941797611805,0.012527299439335744,1.0,0.007188674132242998,0.007020053611048385,0.005187496728893936,0.004153902600284223,0.004322722068600626,0.00420950441757342,0.007424080429692595,0.0013214146021332234,0.006412706338811653,0.0036526296664973184,0.03558440441266089,0.01182533316709575,0.0063213253604939715,0.0019730818718663072,6.815439940261937E-4,0.008292414898541059,0.0041803160695773585,0.0037562733494989876,0.0018848782232467397,0.00694463835901475,0.005811691377602894,0.005657986370637542,0.00899782434138649,2.7318253025360135E-4,0.007453750071089331,0.015261383327707097,0.004896027024358024,0.006046963806015057,0.0031448365192665905,0.004554780826155492,0.049913487291534823,0.005419748369060094,0.0021732148713395696,0.003032244679228558,0.0032021407195356707,0.00665917600680854,0.005435620139509965,0.0011067706559931847],[0.0024570733658066234,0.0016298929610375095,0.0013158617104957887,0.004859363822612928,0.08313258326305663,0.0010680652091102482,6.450853081835799E-4,0.0050438757812038245,0.0012996515972083023,0.0175848241812863,3.502109453355812E-4,0.001297758402815652,0.0021220069592309096,0.0012890031717570458,0.0015901989270732176,5.592860566440237E-4,0.0011321820594729754,0.007351254757503003,0.0011296465490684402,0.0020157824890064215,0.004058163773419587,0.007188674132242998,1.0,0.0021515547454805588,0.004168322288071301,0.0024602530972526833,0.0029482182322106715,5.401800020355182E-4,0.001447000044993719,0.0013698717451122232,3.8783212677945267E-4,0.0016159878783100468,0.015224765172109507,0.04541410277065521,0.0016889465253795183,0.0018302824760592447,0.0014424840915374653,0.004452751109030103,6.689014715928423E-4,5.556181724214896E-4,0.001594100568534285,7.281364395884092E-4,0.0012487140004102568,0.0025758308715918667,0.0062028459304712975,6.012371965789301E-4,0.0010158848529032416,0.007728942249732082,0.001402435885801269,0.001071082932308848,1.864344759153235E-4,5.660751955599044E-4,0.018378769422247802,0.0011949047536718171,0.001808899172637515,8.934351634018621E-4,0.0018047109546804239,8.344787861201882E-4,8.631992387362738E-4,5.358648376184815E-4],[0.00281754110346939,5.845938960901373E-4,9.328451169492557E-4,0.0031892104797725,0.08182267712334797,0.0026850130957175567,0.002182562113748193,0.009069943482292968,0.0023533344215902093,0.014099935661230748,0.0027555436178741503,9.854822166517102E-4,0.0028098240083682087,0.0027840920050382946,0.002448089045236697,0.002357955575694614,0.0025765794961792395,0.008919631946142571,6.881883897525961E-4,0.002878329176612406,0.019410957088475806,0.007020053611048385,0.0021515547454805588,1.0,0.0031628506141247255,0.002973057619051618,0.0036582601091473765,0.0028915628861361344,0.001821367164834065,0.0018498576366938711,0.0020493430651666424,0.0017874540193061061,0.006080838667030386,0.041174333433932106,0.002077052153666534,0.0017259243322065236,0.0013232799722657062,0.003401457985968415,0.002105862945339841,0.0018597008069247767,0.002870570810512777,0.0030197147912531305,0.0024987874324744652,0.002839677029145637,0.008333781858300894,3.128499685907684E-4,0.0027267120085001277,0.013263913529892882,7.882377236178E-4,0.002185132432863957,0.001063905389617094,0.0022696135061468048,0.009833612654127692,0.001672213375754768,0.0016468970260914008,9.707872827028183E-4,0.0015794502058615871,0.002028137700448165,0.0023283957164718107,0.002581783242746069],[0.004362745834506734,0.0034526230021051144,0.004912030037151137,0.006400434283243319,0.07645341652675515,0.003194546787351477,8.37758864408588E-4,0.008944632218463713,0.0011074085586173228,0.015934364311525954,0.0038155435891788947,0.003453316297801136,0.002441393537587481,0.002825255356618911,0.0021749510287325867,0.0033792738068658245,5.458549009418696E-4,0.010538774652241121,0.004489752273339683,0.002505232023544752,0.01853761235742624,0.005187496728893936,0.004168322288071301,0.0031628506141247255,1.0,0.004667116612925734,0.00444343302474083,0.0027695099596294574,0.0032672736121961915,0.001248103920800101,0.00165717055232088,0.003462968316898204,0.031779245269113805,0.010758905485632077,0.0033350800250028633,0.0014187784410797648,0.0029320195343286648,0.008779356316460506,7.064773000744571E-4,0.0013235711152482258,0.0025283167522173367,0.002120139984933863,0.0021416101807108915,0.0038314160712398125,0.006411872911957687,0.003228971161576664,0.0017722635885421023,0.009635213565984867,0.0024604541654217747,8.085169176528054E-4,0.0030203220070783793,0.004231493235151596,0.01881550902869374,0.0029664145415672577,0.001375170249253759,0.003142072874412553,0.0022417610796816425,5.396499475738063E-4,0.004929769560578834,0.0019070895963172493],[0.0028038951039716254,0.0024719471350726167,0.0015588552590898512,0.0055909685397311035,0.03224957262289039,0.0010792298892752783,6.402555165378261E-4,0.011052026065409093,0.002769293345312583,0.03252497208154046,0.002406254461765631,3.1932284326744017E-4,0.0023450706655738928,0.001812306010073397,0.0018515093540524348,3.229021442792835E-4,0.0012709048490690154,0.009153476969316274,0.0027212223409056706,0.0022448526024574727,0.007104507861067328,0.004153902600284223,0.0024602530972526833,0.002973057619051618,0.004667116612925734,1.0,0.004002999236493699,0.0012708207338713359,0.002142361727681839,0.0016491887814017846,0.002023101903914075,0.002708583251032708,0.0122961582792264,0.021336762865055113,0.0021991020016019535,0.002397255272297909,0.002688558771626411,0.0065309337522938835,0.0013928064104704273,0.0010533019893161262,2.667219427291269E-4,0.002344468795539144,4.0455666167880103E-4,0.002794182343612332,0.009649171871952874,0.002108374994576281,4.5385542422084543E-4,0.012023771868337165,7.450709859906647E-4,0.0026053843921346517,0.0015669817145022415,7.753478121443665E-4,0.03504990174188295,0.0020574321476908787,0.0018546978186269973,8.056041332486933E-4,0.0027683636894769662,6.967298600949726E-4,0.0019082596122936626,0.0020066348584294605],[0.004149207043442132,0.001075807802827205,0.0027570853738368467,0.004587561952723076,0.03853494339242144,7.988899900557765E-4,0.0012523836793909993,0.008461700887228623,0.003522754100373846,0.020186304576326024,9.988949624325234E-4,0.003333341548947283,0.004208360249358497,7.538807217620493E-4,0.0030474707565630137,0.0018909953755579148,0.0033682643158296963,0.010726526638019533,0.003016319765178988,0.002206250907086124,0.007064499720293332,0.004322722068600626,0.0029482182322106715,0.0036582601091473765,0.00444343302474083,0.004002999236493699,1.0,0.0012401309968814614,0.0034836904434374463,0.0037555914982219016,0.002259248723695305,0.0017100051635131923,0.027260489292425007,0.029727747279262282,0.002329598661773183,0.0022715872282518,0.001517358409351373,0.004272147525953793,0.0011220248081109554,0.0013872273759841037,0.0022656174465921523,0.00395090812720445,0.0032742749211573815,0.00334450465128957,0.006652760671965999,0.0012067721661629617,0.0040614287666852645,0.0148567140911509,0.003970005029554554,0.003957570395406339,5.029986007319597E-4,0.003325772676221136,0.044797256456578796,0.0030563013479134303,0.0011321571988219265,0.004148962735804864,0.002520628409999756,0.001097925221345709,0.0010456569498816044,0.003810893484599287],[0.002266789110094045,7.981937990231679E-5,6.518898609824589E-4,7.154274153116574E-4,0.05816186976404493,1.4403837819347126E-4,3.206035023208765E-4,0.01117549260893315,6.170723809232703E-4,0.020557666971015708,1.1663042384671551E-4,4.344816722954392E-5,5.047307727515186E-4,1.77138589143551E-4,3.767040476389895E-4,2.3206544298224653E-4,1.0596018263390065E-4,0.0044974990703599005,8.878945730064167E-5,0.001916780290615551,0.013479465524561434,0.00420950441757342,5.401800020355182E-4,0.0028915628861361344,0.0027695099596294574,0.0012708207338713359,0.0012401309968814614,1.0,7.975933780501938E-4,5.649460539447384E-5,1.2539397531126603E-4,4.138744116133762E-4,0.003558844684604316,0.008195060877616182,1.405519789404763E-4,0.0012826512793176583,1.3409514600009424E-4,0.006151298080810609,3.832340446545534E-5,5.572715568513684E-5,1.760941812422427E-4,4.308886463668488E-5,1.383256867269099E-4,4.4557230501515884E-4,0.011255194803534794,1.294814913808954E-4,1.9786235423292883E-4,0.01435026616088665,9.94046164224926E-5,1.224242532317369E-4,1.086213830678204E-4,2.6038071307772593E-4,0.008304725336259755,1.0404993783353855E-4,3.2519374930084293E-4,4.230339584322164E-4,0.0011873672861931047,1.4446385917807564E-4,1.6597928905613321E-4,1.486234375236197E-4],[0.0013898276785154011,4.0189655902061425E-4,7.396671895596692E-4,0.0024786701072229992,0.07776619747743048,2.1138941408512153E-4,5.017690574150801E-4,0.0011355249063994528,0.001008993271725167,0.008927074391377247,7.075407519244293E-4,2.4158999306551175E-4,0.002185519594784565,7.554612851547862E-4,0.0010946188483759356,7.623136311815278E-4,7.19719927161446E-5,0.011414903051313133,3.5425819242130175E-4,0.0016138911006983612,0.016788218753829683,0.007424080429692595,0.001447000044993719,0.001821367164834065,0.0032672736121961915,0.002142361727681839,0.0034836904434374463,7.975933780501938E-4,1.0,1.2223424815787336E-4,7.633541127187372E-4,0.0010740048895738876,0.0069903930563926485,0.022159056391520528,7.607844050277911E-4,0.0011805311813865163,8.662548495837922E-4,0.005540575213056958,9.512270007076591E-4,9.686400342953188E-4,2.7417616205504473E-4,3.3379115657414607E-4,0.001041105262301153,0.002331219100135112,0.009631443668686077,7.415974038300724E-4,7.561348505891931E-4,0.014666845851693297,7.588084874008258E-4,4.033627625413766E-4,5.735359923308322E-4,8.525401792512238E-4,0.049151431361611556,6.783174557121107E-4,0.0010587557535078308,6.892324319865515E-4,0.0011165986211976522,0.0010204614682708816,4.5400234085125044E-4,8.973572169784816E-4],[7.151228380820781E-4,3.591155943885202E-5,3.222064027197138E-4,0.00163635135513366,0.05559061444806071,7.234625275358828E-5,2.702973114766925E-4,5.481976287918551E-4,7.570243868820703E-4,0.0231597142903201,3.02005547684814E-5,2.3375744049861934E-5,0.0010290432969709787,1.3603798794537315E-4,2.7627898786596186E-4,2.132147378871543E-4,4.8353423741999364E-5,0.004762484810794318,3.0442533902642702E-5,6.089200664102832E-4,0.015375167852322087,0.0013214146021332234,0.0013698717451122232,0.0018498576366938711,0.001248103920800101,0.0016491887814017846,0.0037555914982219016,5.649460539447384E-5,1.2223424815787336E-4,1.0,5.319386138258752E-5,2.5053467040506004E-4,0.01232937577418798,0.02961433212192101,4.815963885207536E-5,6.533993077958238E-4,1.1676051997814421E-4,0.007620366567370317,2.1058679455303338E-5,2.675916502180475E-5,1.2250996979471735E-4,2.743734176975054E-5,6.7173681856168E-5,0.0024554505725369056,0.00791373801529849,7.733843611721017E-5,1.6837834118879136E-4,0.012350111485732363,2.3379661253462926E-5,5.2245182641995114E-5,2.827363929490396E-5,4.25322315476773E-4,0.027126867949609786,2.093302213204429E-5,4.978999499082332E-4,1.2139453826256344E-4,6.567513232631874E-4,2.269291254632462E-5,1.4349715051102332E-4,2.4646669588768643E-4],[0.0018836861997259893,9.261837016379048E-5,4.6034676504196276E-4,0.0048184076770786,0.04291744567882809,1.047127518365202E-4,1.4258787664226893E-4,0.009561681748786344,1.5624155380774776E-4,0.007268780276132456,1.0382589490283626E-4,5.403627799932366E-5,0.0013063220443156939,1.453873574368507E-4,0.001286604047417437,1.831098811580972E-4,9.864048590929879E-5,0.003275108562154067,4.8550658822260704E-5,0.001682495121548257,0.00734209828231484,0.006412706338811653,3.8783212677945267E-4,0.0020493430651666424,0.00165717055232088,0.002023101903914075,0.002259248723695305,1.2539397531126603E-4,7.633541127187372E-4,5.319386138258752E-5,1.0,0.001421083004454918,0.025912441420647244,0.04024992461703639,1.1389258903360192E-4,0.0012652296309908603,1.1652386290453889E-4,0.007433588860217183,8.414100725620649E-5,4.321595497675108E-5,1.9752713009335386E-4,4.383173427442961E-5,1.3606593838753819E-4,0.0023379018657362863,0.010416510567607881,1.0482646617345386E-4,1.6721022356440608E-4,0.005402095933844169,5.0985939211795285E-5,1.0382676441399886E-4,6.375171315488732E-5,1.1327622095954343E-4,0.023778748674461433,6.282757903459095E-5,8.120048113231805E-4,3.4786746395828983E-4,3.2257949505764465E-4,9.409590050268849E-5,1.4399792003849348E-4,2.190741811625351E-4],[0.0026533109942941243,0.0010126679624940758,0.001386646797297247,0.004570483792679984,0.003725057212556697,9.79600759056384E-4,0.0012389766229115805,0.009569616833401576,0.001517232069990848,0.02745224459295859,0.0012340586916741892,8.491353596105761E-4,0.002009313158365559,9.496020121765495E-4,0.0015795107924658726,2.768643710844996E-4,7.129063558025505E-4,0.009453284876844036,0.0014393577615256135,0.0020313489084650693,0.016188567959953288,0.0036526296664973184,0.0016159878783100468,0.0017874540193061061,0.003462968316898204,0.002708583251032708,0.0017100051635131923,4.138744116133762E-4,0.0010740048895738876,2.5053467040506004E-4,0.001421083004454918,1.0,0.022730866432948672,0.029503452101327404,0.0015152358456765865,0.0015821066679030979,0.0013420070607773526,0.005760565289822556,5.761370417677041E-4,2.8570205256606775E-4,0.0012915107927871175,0.0015178049670162802,0.0014645460778498552,0.0023284707753630524,0.01210279982329901,7.94880314505773E-4,4.940384091747231E-4,0.011168954595851224,9.716741673169664E-4,8.572147381284666E-4,4.10086613