[[1.0,0.0012352235838490738,9.24163062439793E-5,0.0011721543668029417,9.643926863716007E-4,6.454583379996553E-4,6.18424041530497E-5,7.640261672226817E-4,1.9798374492211406E-4,1.1842459066409106E-4,4.594934622104476E-5,9.549631108144769E-5,0.006079197159249492,2.509495083148759E-5,0.0019176160281152558,8.631395061446098E-4,0.012257356971428074,0.003649582307400744,9.134830175777196E-5,2.0927043902199398E-4,6.216545198485575E-5,6.304238928065252E-5,0.0012388841563341383,5.01208721410071E-4,0.01699010754196422,0.0019054574685771488,1.933396445118008E-5,9.83773419956864E-5,3.490141530753852E-4,1.274347140714384E-4,2.114863822751853E-5,0.0020311772974236954,6.772934714096709E-4,4.084664702496428E-4,2.174834619327252E-4,0.002885971483504499,7.56271382160146E-5,6.564374478709977E-5,5.096623424115935E-5,3.985639546954799E-5,0.004184161296822736,7.925052587301519E-4,4.981975215134107E-4,2.2026917822883237E-4,2.3810102428221535E-4,0.0012074035083321447,8.791642273691312E-5,5.317948154924915E-4,3.292717056742201E-5,0.001956006445513591,1.1291744702894204E-4,0.012620300406029196,6.686708019640102E-4,1.503826762678629E-5,0.0024889491747859113,9.244158929246432E-5,0.0010132876539201124,6.277166479070207E-5,1.9711441804490363E-5],[0.0012352235838490738,1.0,6.263922835116162E-4,0.003999248543144722,0.0012002955442865012,0.001038618387886815,7.411256477090682E-4,0.0012096697470430602,8.969327855437395E-4,0.0010371206860394823,8.614023330249421E-4,7.767682079147475E-4,0.012150353123165567,1.7810903372797966E-4,0.0036975569520813194,0.001318906156323908,0.013079963194505639,0.003313262588041074,4.577863558082533E-4,0.001224527721324778,1.418938850104891E-4,2.7007140265375966E-4,0.001538236973549963,0.0011247538081880074,0.013350417987757143,0.0014045761131981018,5.881128661248021E-4,4.387666209014772E-4,8.549965130374924E-4,5.551515481702039E-4,7.988342742239899E-4,0.002038211168095436,0.0013573491558559964,0.0011371525237040905,0.0012728762015339402,0.0025928402999978624,9.285636610021159E-4,7.434588362198652E-4,0.0010154375090830898,0.0011799442971883519,0.012745799720507687,0.0016263761383588859,0.001283838533928198,9.446754451148624E-4,0.0035851684697409104,0.001974973524739512,5.057637986782983E-4,0.0010693825509100307,6.619657778597418E-4,0.0021269536999225817,6.413694909232698E-4,0.006294040618522578,0.0017506872686292494,0.0011948440258699575,0.002268099721999317,9.252793056972368E-4,0.001240458224450789,3.3201523770612747E-4,1.8347894609639068E-4],[9.24163062439793E-5,6.263922835116162E-4,1.0,0.0044934531306060135,6.848471485381367E-4,7.168182470140015E-4,2.992388217848545E-4,7.080507049160333E-4,5.756590620103139E-4,5.986840125918734E-4,3.760577308498392E-4,3.3058987247272184E-4,0.012411265667230758,5.480834938796987E-4,0.009383525946369268,6.176399165572735E-4,0.008887572648710615,0.009012054534585975,5.26093546631429E-4,2.347288445184198E-4,3.9988059637682306E-4,1.3942107886458227E-4,0.0010497922192596895,7.95364446964627E-4,0.01812014990096976,0.0023320963949682687,9.549413836974237E-5,1.9305493112199842E-4,5.415401268968536E-4,5.192202132280833E-4,2.5956603463836827E-4,0.0013473655159962797,0.001300851288839692,9.40689581790999E-4,0.0010131416528061168,0.0019489176707550603,4.144608552177112E-4,2.3231363261728998E-4,1.7451420239288497E-4,1.6541037709897954E-4,0.008013963684963479,0.0019862253839757656,9.618301953724108E-4,5.754058667608962E-4,0.003924984703081974,0.0019381166358409582,4.241612036570108E-4,6.990305355495739E-4,3.526429754497766E-4,0.0021884456980827364,2.452363394895929E-4,0.008941011733703054,0.0013338194509323132,5.449593972194327E-4,7.247691008321362E-4,4.431370880047884E-4,8.603550206711343E-4,4.382166915686409E-4,4.559609338925654E-4],[0.0011721543668029417,0.003999248543144722,0.0044934531306060135,1.0,0.0013164516216394567,0.0031491061903880626,0.0030762741549594367,0.0025734137417237897,0.0014702580850193504,0.002741079706415174,0.0044557234991616,3.620522717348682E-4,0.012287716225781273,0.004627273687063709,0.00915650969586284,0.0029343579642400665,0.009441735968694277,0.007476714609361867,3.0305410270675643E-4,0.0033425318106048304,0.0031649062822776677,0.0038524391394274184,0.004968627996716498,0.003089169004968366,0.01145557924593445,0.004319181611446158,0.0028605509965711155,0.003020955970492414,0.0034833952951714613,0.001960171007907981,0.0034752892854313304,0.0037842492086432936,0.0027150951429140997,0.004857812527933229,0.002881760767795935,0.003611718469367936,0.004600317121654184,2.3111199490470456E-4,0.0015905437223238121,0.004014563462069909,0.013837241494749313,0.0035715656611494456,0.0036904375367822076,5.354186184454864E-4,0.004705990225751796,0.003408331412007259,6.227954362066417E-4,0.0035305304506686236,6.941542817123306E-4,0.0041258148961292596,0.004198203492086924,0.00649374211565631,0.0022682239690134613,0.004386565380286915,0.003494043298857847,0.0049575851058021704,0.004066522876271603,0.0029275888679221227,0.0034414013011767846],[9.643926863716007E-4,0.0012002955442865012,6.848471485381367E-4,0.0013164516216394567,1.0,9.806294022349418E-4,4.95870628217E-4,9.596537322127885E-4,9.197425024701137E-4,7.894587269559121E-4,4.691885877629461E-4,2.79998330494092E-4,0.011344268043236173,9.978358272980765E-4,0.009116042737842578,0.0013359619558143457,0.015276290481050702,0.003161988658120708,5.153756710206459E-4,0.0010305239278853154,1.7469012179770343E-4,6.973418980958684E-4,0.0023773015308518443,0.0011582948400806672,0.006141998665551906,0.0023511058683847843,4.099051021462876E-4,3.9115208801035646E-4,8.73289395347295E-4,2.842154901651584E-4,8.264064148552862E-4,0.002440362513308698,0.001523882687505093,0.0011717269293889455,0.001234876864000511,0.003215684982010173,4.8808642807283975E-4,4.8492222885879437E-4,8.731004636445331E-4,8.874859450830902E-4,0.01434316964007262,0.001278029955216216,0.0011906550240720346,9.627743227308371E-4,0.0022504795019305758,0.0015945009931171699,8.449659485729749E-4,0.0011522381003842006,7.693680994042831E-4,0.0012136937894901218,6.047499773439346E-4,0.014191567824244904,0.001187768105244336,7.516036700012881E-4,0.0021739813899988086,4.7824014028849046E-4,0.0011458573831257717,3.628387195631248E-4,5.734419532653982E-4],[6.454583379996553E-4,0.001038618387886815,7.168182470140015E-4,0.0031491061903880626,9.806294022349418E-4,1.0,6.216240124180835E-4,8.808990780302551E-4,5.168429543068697E-4,8.775064324304905E-4,8.471546683053825E-4,4.889794683890533E-4,0.014938422106460255,2.6518662248160185E-4,0.010483099296253948,0.001262587796791073,0.0026941098410305114,0.007042414323992746,5.422837487421186E-4,3.218053177253508E-4,8.193231194124648E-4,1.2112103301306554E-4,0.0017713994896475871,0.0010847186088734297,0.006396689687411443,0.0018958424840719848,5.074639344361418E-4,3.1838606324621787E-4,8.628340050383578E-4,6.601444768982634E-4,4.975691450082189E-4,0.0014423881849932117,0.001109458788289069,0.0010068733923869599,0.001033247816708654,0.0011779686332894243,8.78049752391409E-4,4.910859083845874E-4,5.535141486421785E-4,6.100479447817358E-4,0.011211756910707114,0.0016033970227495769,9.235959747942742E-4,6.838565449115639E-4,0.004091746172632356,0.0019091791836520849,5.467395903051007E-4,0.0010167472593328722,3.9887695516553504E-4,0.002048237485406455,5.879266085353865E-4,0.009760993810698379,0.0017028109075972568,5.494174479409711E-4,0.0014360846418888058,6.151074106884487E-4,0.0010279334941095313,5.841909804453004E-4,6.962825592330696E-4],[6.18424041530497E-5,7.411256477090682E-4,2.992388217848545E-4,0.0030762741549594367,4.95870628217E-4,6.216240124180835E-4,1.0,7.872938939415611E-4,1.8909143082898347E-4,5.149824450821917E-4,1.3355327510074382E-4,1.3370837386605006E-4,0.003156517956188063,1.2460242418310558E-4,0.004432033064964456,0.0012800638591930669,0.01144923143109345,9.515553641248474E-4,1.556662337514888E-4,1.5301428321398081E-4,1.1671022535049812E-4,1.3086666929919882E-4,6.967212905085326E-4,0.0010915901525473902,0.020827714186335028,0.002434118269257919,4.763832670010349E-5,1.2888960822178154E-4,2.908686507934965E-4,1.6882313780749883E-4,1.0899810809303229E-4,0.0012967794185923182,0.0015306271399376519,2.6767360694691727E-4,9.966239077016407E-4,0.00192879304966646,1.3459510018004495E-4,1.3545162702979918E-4,1.0992768649367575E-4,1.2675097125876993E-4,0.012610453625295132,0.001975883998485123,5.448968912218301E-4,1.9842787683529644E-4,0.0018386298813067516,0.0017283001983925586,1.320593508374108E-4,6.010633001384287E-4,1.1547456457104214E-4,0.002406766355887478,1.393113650266759E-4,0.0018033159339122006,9.06579248998454E-4,4.244134357925845E-5,0.0017624331844245784,1.690733716508137E-4,8.32989688865545E-4,1.3193166337573708E-4,1.0371980260160249E-4],[7.640261672226817E-4,0.0012096697470430602,7.080507049160333E-4,0.0025734137417237897,9.596537322127885E-4,8.808990780302551E-4,7.872938939415611E-4,1.0,4.285347451450052E-4,6.750403173037409E-4,4.221080788438986E-4,5.14612830868994E-4,0.009131343796729877,5.50923486691757E-4,0.004043865690229412,0.0013303824939179846,0.011844897054952758,0.009351771854794279,6.379919773647963E-4,6.580934473147115E-4,6.146727392315372E-4,2.0822947336658615E-4,0.0019507859022970743,0.001051539566906728,0.001673743710321611,0.0016340432118394541,3.381241262521201E-4,6.200117217843137E-4,6.436014450935968E-4,4.6704800368596003E-4,1.7371375249844E-4,0.0015340200211850295,0.0015895309086776735,9.644236943777172E-4,0.001039577271014114,0.0015608949531297853,4.97035248886678E-4,3.004902540925255E-4,3.7052788625373517E-4,3.271133555243339E-4,0.011569593588539989,8.906242951844595E-4,0.0011645639431666812,7.675848651586873E-4,0.0024480762224833898,0.0010320707522866739,3.949617932307037E-4,9.983891752191418E-4,7.628863724640476E-4,0.001100834538759113,2.8558946126974483E-4,0.015797916725225084,8.929122705641189E-4,4.354111784847188E-4,0.0026311140019454095,6.914968362844405E-4,0.0010682311804465934,4.660933798709572E-4,1.5608408247709478E-4],[1.9798374492211406E-4,8.969327855437395E-4,5.756590620103139E-4,0.0014702580850193504,9.197425024701137E-4,5.168429543068697E-4,1.8909143082898347E-4,4.285347451450052E-4,1.0,3.6464901571099624E-4,1.951076026873162E-4,1.3429331046614854E-4,0.0010353897484782952,1.4472782137319747E-4,0.0016622418616220257,0.0011141194563552117,0.008939675012452873,0.01134019028956247,2.2858768790176613E-4,2.2130674139457504E-4,1.9780759364377637E-4,1.1323389156574623E-4,6.914189984571551E-4,5.735104838678285E-4,0.015313824376585067,0.0015203291463466713,1.596037384196455E-4,1.9128679263712378E-4,3.476591426995635E-4,2.2064307733054423E-4,1.4396887563853525E-4,0.0015657430433181562,5.827920837971844E-4,3.3158712216796877E-4,4.94914354977912E-4,3.795149040481489E-4,1.6195095260077198E-4,1.6736275134707318E-4,1.1845615554206078E-4,1.3255524321740075E-4,0.0020859656105832627,7.660472886058422E-4,3.8994413539182756E-4,3.069295119817376E-4,0.0037710748253181386,0.0010407485247510742,1.8210362847731593E-4,7.809525076487049E-4,1.7128414419248663E-4,0.0020826277785098834,2.1868214966565784E-4,0.0016410300545512857,0.0012059630176041625,1.3977173955224465E-4,5.234058490295998E-4,2.246645192864098E-4,0.0010698440866547124,1.5039495964009746E-4,1.8350397983079686E-4],[1.1842459066409106E-4,0.0010371206860394823,5.986840125918734E-4,0.002741079706415174,7.894587269559121E-4,8.775064324304905E-4,5.149824450821917E-4,6.750403173037409E-4,3.6464901571099624E-4,1.0,1.6902614444618021E-4,1.740556032702285E-4,0.002410549302327979,4.4335332963879056E-4,0.006548898336523536,7.669090168725425E-4,0.002328020161275506,0.01145422616078615,3.6187907228114446E-4,2.730769834946707E-4,4.7162505407317995E-4,1.3657519274659535E-4,0.002050204679832434,7.986298618985648E-4,0.009129968206621404,0.002252669222242814,1.6487955228622618E-4,5.027587297357939E-4,4.701629937606988E-4,2.69657098330535E-4,2.48296416482918E-4,6.447288218904606E-4,0.0011331196350698885,6.015741015658964E-4,8.104447879823421E-4,0.002766461600145228,1.49948007478434E-4,5.051066274007842E-4,3.513157489683349E-4,2.7377394740428366E-4,0.0017730650728177972,6.57875600225602E-4,8.526647865774643E-4,5.575229539230437E-4,0.0031435002773400385,7.770982659557541E-4,2.320753059189631E-4,6.025055873577476E-4,3.134112342918334E-4,0.0021330375804848993,5.274224686911623E-4,0.01961353853797532,8.721180757457257E-4,8.92646389110555E-5,8.929615581797228E-4,3.9832348370570197E-4,0.0010276310769523967,1.6327137257568194E-4,5.466324636018976E-4],[4.594934622104476E-5,8.614023330249421E-4,3.760577308498392E-4,0.0044557234991616,4.691885877629461E-4,8.471546683053825E-4,1.3355327510074382E-4,4.221080788438986E-4,1.951076026873162E-4,1.6902614444618021E-4,1.0,1.312473610013638E-4,0.009265655068596583,4.578431671051147E-5,0.006920098941527301,0.0012180542953321228,0.001593691878105797,9.636185433868853E-4,1.9911924187757487E-4,1.755851652712456E-4,1.2733169110323468E-4,1.240852585450902E-4,0.0014379667732404941,7.263555982898501E-4,0.0041740834719293475,8.286136890843481E-4,1.0708032940707202E-4,1.2465026248304032E-4,1.915279745295712E-4,1.8808560494640167E-4,7.97760816554794E-5,4.1363431496714017E-4,3.9003759790970317E-4,1.6443741644555526E-4,4.923075004884549E-4,0.0014671032590897327,1.31595134636905E-4,1.3189247465384449E-4,1.0235886559685646E-4,1.296269874772084E-4,0.001599974785792221,7.544296563193062E-4,5.392847870859972E-4,1.3576255019477363E-4,0.0031527127199746726,8.997025917932234E-4,1.0888729763921322E-4,9.066980769674229E-4,1.2598779434988804E-4,5.203427129557138E-4,1.3674597396217726E-4,0.0121073583215073,0.0015474941823403205,5.666915559222967E-5,0.0012458953887553596,1.6665729705407626E-4,3.358341981137711E-4,1.2098200044561394E-4,1.1837249970338658E-4],[9.549631108144769E-5,7.767682079147475E-4,3.3058987247272184E-4,3.620522717348682E-4,2.79998330494092E-4,4.889794683890533E-4,1.3370837386605006E-4,5.14612830868994E-4,1.3429331046614854E-4,1.740556032702285E-4,1.312473610013638E-4,1.0,0.013672220701504046,8.464377020329605E-5,8.668849736062209E-4,8.837527787710445E-4,0.011545912628892784,0.010577623021335601,1.5337147348013378E-4,1.5544446500126766E-4,9.597743234831854E-5,1.1173464408761646E-4,5.472600193246926E-4,5.08318715969855E-4,0.015018108491730908,6.107229305503649E-4,8.317793802895264E-5,1.2854275394689883E-4,4.1646567081653956E-4,1.3875856975442176E-4,6.95687135265504E-5,0.0015412084586340713,0.0012553859529671725,9.204374571208593E-4,5.378003491294337E-4,0.001676501093062578,1.3359552751734697E-4,1.5389067440469594E-4,1.2603720520163998E-4,1.2971391972503186E-4,0.009075168447786584,0.0015473491713499043,2.932755135637559E-4,1.527226210601523E-4,0.004020634710908534,0.001320862520313397,1.296910992320502E-4,7.523313390154446E-4,1.1970797411163699E-4,9.053329672026476E-4,1.354235532683033E-4,0.009240089311820703,1.3185957371476218E-4,1.1412696811751268E-4,0.0027104693215214493,1.9531271867990148E-4,6.880853987460685E-4,1.254203090762661E-4,6.140695980669144E-5],[0.006079197159249492,0.012150353123165567,0.012411265667230758,0.012287716225781273,0.011344268043236173,0.014938422106460255,0.003156517956188063,0.009131343796729877,0.0010353897484782952,0.002410549302327979,0.009265655068596583,0.013672220701504046,1.0,0.0031329705969104743,0.013037081483301275,0.009086113387276627,0.01607774289176228,0.014766306028916598,0.0033860118969057827,0.003410882734341781,0.00754094932831306,0.003237644142732863,0.007373029775555327,0.006304953520844326,0.018412774441090664,0.014781258151719965,0.004654961349149304,0.011518909244869703,0.0022097750171489973,0.002516995007020032,0.008067907829383233,0.0050897942549354355,0.013745531270035657,0.0016315018066376892,0.014710392223412883,0.012417854838582666,6.472649446581087E-4,0.01353905546855635,7.405076936852212E-4,0.007186885729732431,0.01663151171862354,0.015750379972500478,0.015666590090322452,7.94516845587692E-4,0.011094590572488051,0.010454924245269169,0.0035676061972291858,0.009155876356635662,0.012632285183108398,0.013346672306133586,0.010744538949410073,0.017055498298617484,0.012090977992983684,0.013749965191058892,0.010481760395534398,0.013590839980329953,0.007684256356549122,0.004846261047364285,0.01578444124939191],[2.509495083148759E-5,1.7810903372797966E-4,5.480834938796987E-4,0.004627273687063709,9.978358272980765E-4,2.6518662248160185E-4,1.2460242418310558E-4,5.50923486691757E-4,1.4472782137319747E-4,4.4335332963879056E-4,4.578431671051147E-5,8.464377020329605E-5,0.0031329705969104743,1.0,0.008115011457792035,3.3232044482091214E-4,0.006814815957444381,0.007277157907258101,1.1561679677069055E-4,1.5376168725641563E-4,8.350235018169679E-5,1.0068350429706072E-4,0.0013052374971425445,9.521557281556935E-4,0.002014876188598878,0.0011070880242389882,2.2986603026361796E-5,1.012047322346232E-4,2.79668847095523E-4,1.8915510725556658E-4,2.729312766736135E-5,3.438866777512006E-4,7.804368232934658E-4,0.0010811505665313408,3.4923134811373335E-4,0.00284120509467795,7.983565207664246E-5,1.0665341521040803E-4,5.616265235794108E-5,1.0702950733497977E-4,0.005079658319026968,0.001246108311529279,5.610091899550227E-4,1.4119470823608624E-4,0.0018654777572682537,8.154677291480342E-4,8.777727242460032E-5,6.199056716240546E-4,8.773749298306816E-5,0.001106051467321772,1.0359949156303855E-4,0.0052855275233973245,0.0011679169433563507,3.149766536043485E-5,0.0028990391116003027,2.1708302073637247E-4,5.181796010234742E-4,6.07438656703242E-5,3.76300227286571E-5],[0.0019176160281152558,0.0036975569520813194,0.009383525946369268,0.00915650969586284,0.009116042737842578,0.010483099296253948,0.004432033064964456,0.004043865690229412,0.0016622418616220257,0.006548898336523536,0.006920098941527301,8.668849736062209E-4,0.013037081483301275,0.008115011457792035,1.0,0.009876805403787539,0.011555986770707892,0.01173982904287617,0.002521558239834041,0.0067426419713968915,0.0042619396056337066,0.00699649769285932,0.005633734058588632,0.0057272415228099465,0.013640714567364145,0.008102489126805078,1.281490505220349E-4,0.0048207697133096,0.006744485737026365,0.007498237535489289,0.009942888759252502,0.007395162681556208,0.00843482162150708,0.002676785923261651,0.0023469441921505087,0.007585117242072344,0.002130421277212826,0.004867375824387738,0.0068423020204176465,0.00884278662864539,0.012971224420973503,0.0057197560500717014,0.00842966120649958,0.0014456742325797255,0.008357579031505809,0.006645764359533906,0.006324504745066155,0.003967558137599767,0.005893062603625892,0.005938130567679176,0.007683166471589967,0.01632008726860681,0.007075283905644344,0.0025283463435306114,0.008501770680944943,0.0023170727974855484,0.007554956727247231,0.010132732675155944,0.0047410231102733595],[8.631395061446098E-4,0.001318906156323908,6.176399165572735E-4,0.0029343579642400665,0.0013359619558143457,0.001262587796791073,0.0012800638591930669,0.0013303824939179846,0.0011141194563552117,7.669090168725425E-4,0.0012180542953321228,8.837527787710445E-4,0.009086113387276627,3.3232044482091214E-4,0.009876805403787539,1.0,0.010020501061944858,0.003178690756908245,9.086965326264127E-4,0.001001688239598795,8.989683122381188E-4,9.650765558537868E-4,0.0021769434919685898,0.0012088425473041752,0.008661626787236962,0.0017189549677366603,2.8647626060861577E-4,7.77154800500047E-4,7.964186968413001E-4,2.4788696882850164E-4,7.589706959385117E-4,0.0023145608614133844,0.0015312581652850378,0.001121007078274531,0.0013477525866071782,0.0029693263825143878,0.0012529721592225598,3.5362385837206436E-4,0.0011057219509831308,6.503848230075469E-4,0.009159342605307078,0.001784692362355385,0.0013382506268369166,8.888902453862136E-4,0.004280538303337815,0.0013853172730079655,5.359098728286714E-4,0.0011361348746587966,0.0010013652186473278,0.0017470500782939078,0.0011691833926910993,0.017633056698470612,0.0015379246659036696,3.884949681830295E-5,0.0019276866783708097,7.545969747656304E-4,0.0011572865237324589,6.018910217167251E-4,5.546457317249702E-4],[0.012257356971428074,0.013079963194505639,0.008887572648710615,0.009441735968694277,0.015276290481050702,0.0026941098410305114,0.01144923143109345,0.011844897054952758,0.008939675012452873,0.002328020161275506,0.001593691878105797,0.011545912628892784,0.01607774289176228,0.006814815957444381,0.011555986770707892,0.010020501061944858,1.0,0.015576905825968691,0.012989039707439892,3.8962877849351194E-4,0.008660102645138718,0.007752091368280842,0.0028398750713851907,0.008268366365043377,0.020564056195848245,0.010497108521956316,0.011561682520983912,0.014385656556547078,0.007026066859619378,0.004142257042010051,0.008986706783078129,0.011968387548505809,0.006817921752464696,0.0066186143862005855,0.009674061228562821,0.0033750963123080585,0.003488282359741929,0.00937106906682936,0.009326595131824576,0.0029378311908581775,0.016804423847450456,0.009985797734495533,0.012815716713419478,0.015286765238996131,0.015532755948851493,0.006415565795706218,0.013122651621022835,0.01268671402245377,0.009819547762860516,0.0038788133046754867,0.0032421060204364297,0.019244835532970083,0.005840826073448338,0.005343000736660161,0.008720179506152231,0.011731045582432471,0.009117462742123574,0.0013403803746797666,0.006535351589605924],[0.003649582307400744,0.003313262588041074,0.009012054534585975,0.007476714609361867,0.003161988658120708,0.007042414323992746,9.515553641248474E-4,0.009351771854794279,0.01134019028956247,0.01145422616078615,9.636185433868853E-4,0.010577623021335601,0.014766306028916598,0.007277157907258101,0.01173982904287617,0.003178690756908245,0.015576905825968691,1.0,0.009737671941929125,0.0025158870581222254,0.00825682689284358,0.002197926269423382,0.009341934899984508,0.008594640185897475,0.01726955560539613,0.008758252419794181,0.001737348747822104,0.005650374983330441,0.006516131559840628,0.008243330531373482,0.010467564311517649,0.008900392198354125,0.008435093636893005,0.006845599316363018,0.0018018097523425983,0.005382413549150745,0.007849758007094709,0.00980006320382229,0.011561087616652347,0.009086256454476173,0.017237839350229642,0.01048262702697048,0.006875803086418648,0.008565931527476802,0.011969280620858783,0.01113770264800687,0.0065762255428259645,0.004661765027725734,0.003645484538485222,0.007153549277138065,0.009991254579418692,0.01563848899567995,0.0025949699367451787,0.0039777484138164825,0.011600337187624793,0.007312282359778927,0.0017962367920222552,0.00641873533902397,0.007157315315876611],[9.134830175777196E-5,4.577863558082533E-4,5.26093546631429E-4,3.0305410270675643E-4,5.153756710206459E-4,5.422837487421186E-4,1.556662337514888E-4,6.379919773647963E-4,2.2858768790176613E-4,3.6187907228114446E-4,1.9911924187757487E-4,1.5337147348013378E-4,0.0033860118969057827,1.1561679677069055E-4,0.002521558239834041,9.086965326264127E-4,0.012989039707439892,0.009737671941929125,1.0,2.326924087749076E-4,1.5759409534699668E-4,2.1620171911003455E-4,0.0010514322283913476,6.136260858077625E-4,0.011943843358151896,9.983939516780703E-4,2.2644386459798059E-4,2.3449075689064279E-4,4.1880733700299245E-4,2.2897031223278043E-4,1.1682796393270567E-4,0.0021939125698071343,5.609394892215597E-4,6.679196573664111E-4,4.316733585654902E-4,0.002049450235019278,2.1115914436646539E-4,1.776987174814067E-4,2.3235723279370387E-4,2.006956112133464E-4,0.003194651290104679,6.911885377512252E-4,0.0012090167655941782,4.4747412914936157E-4,0.003635088109999359,0.0011159315346257973,2.2240605704478103E-4,3.181124166123113E-4,1.1301636832389583E-4,0.0023790539692156378,2.0187188926588343E-4,0.018492705591126098,0.0013201282305332581,2.3168445798534172E-4,0.001725474533493169,2.371627036409801E-4,7.108122373005696E-4,1.9407377579551118E-4,1.5919420165328688E-4],[2.0927043902199398E-4,0.001224527721324778,2.347288445184198E-4,0.0033425318106048304,0.0010305239278853154,3.218053177253508E-4,1.5301428321398081E-4,6.580934473147115E-4,2.2130674139457504E-4,2.730769834946707E-4,1.755851652712456E-4,1.5544446500126766E-4,0.003410882734341781,1.5376168725641563E-4,0.0067426419713968915,0.001001688239598795,3.8962877849351194E-4,0.0025158870581222254,2.326924087749076E-4,1.0,1.1295033079703346E-4,1.3012325023642018E-4,0.002367108343360648,7.712858393729907E-4,0.0037409480561507594,6.099134272120934E-4,1.642415011374538E-4,1.7913467155954285E-4,3.7033132645544645E-4,2.2279987952596958E-4,1.7082242037547835E-4,0.0019133205144140988,9.666381076071094E-4,9.343564891612698E-4,0.0011230780514908771,7.857709867159225E-4,2.2523307427088589E-4,2.2418945249417477E-4,1.5270367539753037E-4,1.4068849556120807E-4,0.008004000377554742,6.331567172297585E-4,4.4087626414237853E-4,2.4238612660448992E-4,6.335883275476919E-4,6.719899565039484E-4,1.4001408316902136E-4,6.697479221267755E-4,1.0896290073919806E-4,0.003028174720365733,1.7709289370199785E-4,0.0172095697607165,0.0011466293231176554,2.1334244770938128E-4,0.002209873020720757,2.2679624479907625E-4,5.532410707683609E-4,1.3804206392030517E-4,1.3652274720722869E-4],[6.216545198485575E-5,1.418938850104891E-4,3.9988059637682306E-4,0.0031649062822776677,1.7469012179770343E-4,8.193231194124648E-4,1.1671022535049812E-4,6.146727392315372E-4,1.9780759364377637E-4,4.7162505407317995E-4,1.2733169110323468E-4,9.597743234831854E-5,0.00754094932831306,8.350235018169679E-5,0.0042619396056337066,8.989683122381188E-4,0.008660102645138718,0.00825682689284358,1.5759409534699668E-4,1.1295033079703346E-4,1.0,8.798900948672931E-5,0.0017773570526226287,1.6607053627151454E-4,0.01680235204290745,7.683594285723058E-4,7.194686796678688E-5,1.2014776232033083E-4,1.7982420465318186E-4,1.6631235597598128E-4,7.387043898628712E-5,1.7676391347505203E-4,0.0013280747995282167,2.727331988424382E-4,9.158962575548061E-4,9.301398955588477E-4,1.1776875752359798E-4,1.0573203257630841E-4,8.951713883455644E-5,1.1528572383891072E-4,0.010877586946520287,0.0017706969000114954,5.887498375504478E-4,4.100176043143045E-4,0.0015148488020443203,0.001531009942339046,9.472271840624274E-5,9.410190813345111E-4,9.128617598119051E-5,2.0800679186587317E-4,9.52661635227787E-5,0.016627392543532134,0.001301227803174607,2.1816221182322335E-5,0.0020031742324605794,1.963522150580915E-4,1.5807461714420137E-4,9.744269113656002E-5,8.137218364506468E-5],[6.304238928065252E-5,2.7007140265375966E-4,1.3942107886458227E-4,0.0038524391394274184,6.973418980958684E-4,1.2112103301306554E-4,1.3086666929919882E-4,2.0822947336658615E-4,1.1323389156574623E-4,1.3657519274659535E-4,1.240852585450902E-4,1.1173464408761646E-4,0.003237644142732863,1.0068350429706072E-4,0.00699649769285932,9.650765558537868E-4,0.007752091368280842,0.002197926269423382,2.1620171911003455E-4,1.3012325023642018E-4,8.798900948672931E-5,1.0,0.0019168176400291158,0.0010867644442397355,0.013441501013171693,5.423270333631949E-4,1.0586592337722594E-4,1.1422240680012248E-4,1.8911222832458332E-4,1.1297697915792221E-4,7.65544916830102E-5,3.4541076303888695E-4,9.943292510635172E-4,3.4876712605379147E-4,1.3922258518469342E-4,0.002879426868100538,1.1555079718891556E-4,1.438921322628971E-4,1.0787977852959446E-4,1.0922903407659972E-4,0.009052211181666618,0.0013283898440422841,0.0010009254488949986,4.475669201211541E-4,0.0032424122331514813,0.002051073464546163,1.0375281883671651E-4,1.9679216429356153E-4,1.024869548230448E-4,0.002569346218995877,1.4965011452682908E-4,0.004030187978662107,0.0011523325977527987,9.076134653867127E-5,1.8953268146163732E-4,2.1845309565372405E-4,4.934488252256869E-4,1.1230378178507896E-4,6.397472698492837E-5],[0.0012388841563341383,0.001538236973549963,0.0010497922192596895,0.004968627996716498,0.0023773015308518443,0.0017713994896475871,6.967212905085326E-4,0.0019507859022970743,6.914189984571551E-4,0.002050204679832434,0.0014379667732404941,5.472600193246926E-4,0.007373029775555327,0.0013052374971425445,0.005633734058588632,0.0021769434919685898,0.0028398750713851907,0.009341934899984508,0.0010514322283913476,0.002367108343360648,0.0017773570526226287,0.0019168176400291158,1.0,0.0012204278666300256,0.014496729286417511,0.0025026990940080424,0.00224214202386458,0.0011256487308691416,0.001246583254362483,0.0017552437363614795,3.440656355630306E-4,0.0024976601279535268,0.0018999278862637504,0.0014770805631349427,0.0014090992001297203,0.002924672521074635,5.189689221753648E-4,0.002198832537961605,0.0010333523485566419,0.002200699353102932,0.013270516728783627,0.0020922859528472422,0.0014994980623138782,8.104977457490247E-4,0.0035086707191225954,0.0021891293234922314,0.0018714918575674102,0.0022570435729733613,0.0020546804119316135,0.0032114224320138746,3.057780008081696E-4,0.015705144171664565,0.0022999700849360414,0.002184943247627568,0.002881464447072189,0.0018264510774557772,0.0021403956346322996,8.587628365563591E-4,0.0019708624482531697],[5.01208721410071E-4,0.0011247538081880074,7.95364446964627E-4,0.003089169004968366,0.0011582948400806672,0.0010847186088734297,0.0010915901525473902,0.001051539566906728,5.735104838678285E-4,7.986298618985648E-4,7.263555982898501E-4,5.08318715969855E-4,0.006304953520844326,9.521557281556935E-4,0.0057272415228099465,0.0012088425473041752,0.008268366365043377,0.008594640185897475,6.136260858077625E-4,7.712858393729907E-4,1.6607053627151454E-4,0.0010867644442397355,0.0012204278666300256,1.0,0.01918538354544734,0.002614248873968784,0.0010836015170925457,5.928212383498628E-4,9.560136038881863E-4,0.0010187999010781617,4.417784740027807E-4,0.0023861919389360784,0.0010999344026500376,0.0010999955063472964,0.0012358623320548223,0.002873648177882156,6.832152950554615E-4,0.001078544829094908,2.1163647556110424E-4,2.4208696245646638E-4,0.014073836473777981,0.001631138144257463,0.0012569446567217762,6.938508544809805E-4,0.0012028639916054516,0.0011632152428717863,2.380038241571744E-4,0.0010672933222989703,2.0782627521106912E-4,0.0011971585443421322,4.173538212377505E-4,0.017015566737686175,0.0015204574204941953,2.7208934918457176E-4,0.001527537322057712,2.476703046862681E-4,0.001127714309445368,2.8087288740343344E-4,8.609397330788558E-4],[0.01699010754196422,0.013350417987757143,0.01812014990096976,0.01145557924593445,0.006141998665551906,0.006396689687411443,0.020827714186335028,0.001673743710321611,0.015313824376585067,0.009129968206621404,0.0041740834719293475,0.015018108491730908,0.018412774441090664,0.002014876188598878,0.013640714567364145,0.008661626787236962,0.020564056195848245,0.01726955560539613,0.011943843358151896,0.0037409480561507594,0.01680235204290745,0.013441501013171693,0.014496729286417511,0.01918538354544734,1.0,0.015236698681805204,0.019435570766473956,0.00421876062063427,0.005344095600274403,0.003974252310459985,0.020662581262229467,0.004710847843305126,0.008078117183613816,0.013673492686663569,0.008353471109319145,0.007060461166562969,1.4222446393038284E-4,0.010126960223471457,0.01452430903747827,0.011077386123749833,0.018521636641601825,0.0034100879184506584,0.006113725403167658,0.0036552239104745057,0.012626747679962348,0.004109950169185996,0.0035158906112840267,0.017308222994403346,0.004971224129684422,0.00646001181845603,0.00852991397312522,0.020441240170242025,0.009650722346115408,0.014759623503225242,0.007903356974477966,0.00946288468892684,0.015167024057283901,0.005750550033799471,0.01635098100283287],[0.0019054574685771488,0.0014045761131981018,0.0023320963949682687,0.004319181611446158,0.0023511058683847843,0.0018958424840719848,0.002434118269257919,0.0016340432118394541,0.0015203291463466713,0.002252669222242814,8.286136890843481E-4,6.107229305503649E-4,0.014781258151719965,0.0011070880242389882,0.008102489126805078,0.0017189549677366603,0.010497108521956316,0.008758252419794181,9.983939516780703E-4,6.099134272120934E-4,7.683594285723058E-4,5.423270333631949E-4,0.0025026990940080424,0.002614248873968784,0.015236698681805204,1.0,0.0018885537535718504,0.00256673333477732,0.001055943889032227,8.115457875047924E-4,5.956966579159152E-4,0.0025786709821966148,0.0024947003502119947,0.002731540223662679,0.0022587104692168136,0.002970239056978301,0.0012968892276580958,0.0010389578164408358,8.631358641351956E-4,2.772078247995403E-4,0.005866508076723219,0.002409775284967208,0.0017598134588395846,0.002530427255711026,0.003507515261666538,0.002214231843589185,0.0022018921500046246,0.0024837093176682625,0.0016363648318185335,0.0028298891204412875,0.0023602056396851987,0.01614185745844656,0.0020107989522354557,7.326274153487147E-5,0.0030034930877533223,0.0010611598744293598,0.001979383920957782,0.0017569407789112456,0.0017206780875549887],[1.933396445118008E-5,5.881128661248021E-4,9.549413836974237E-5,0.0028605509965711155,4.099051021462876E-4,5.074639344361418E-4,4.763832670010349E-5,3.381241262521201E-4,1.596037384196455E-4,1.6487955228622618E-4,1.0708032940707202E-4,8.317793802895264E-5,0.004654961349149304,2.2986603026361796E-5,1.281490505220349E-4,2.8647626060861577E-4,0.011561682520983912,0.001737348747822104,2.2644386459798059E-4,1.642415011374538E-4,7.194686796678688E-5,1.0586592337722594E-4,0.00224214202386458,0.0010836015170925457,0.019435570766473956,0.0018885537535718504,1.0,5.906827914648291E-5,2.0713797760451829E-4,4.972079480936228E-5,2.3430510406580967E-5,0.0019231083304817786,6.822362721668893E-4,2.888554040829505E-4,0.0012823222948024058,6.456425658806563E-4,1.1815810090135895E-4,9.381983352915426E-5,3.221317017959319E-5,6.001868368347577E-5,0.007528331592966119,3.554736495273244E-4,6.530279031670263E-4,3.932035436111252E-4,0.002379545813808123,9.380961117023275E-4,3.299856504338539E-5,5.984726491691573E-4,9.13225044271864E-5,0.002935450008191192,3.728192321129631E-5,0.01679502059240639,1.7376894762339008E-4,1.6756478019400024E-5,6.445924767170174E-4,8.234947262491813E-5,6.951720169559242E-4,8.498559156228694E-5,1.814501559149334E-5],[9.83773419956864E-5,4.387666209014772E-4,1.9305493112199842E-4,0.003020955970492414,3.9115208801035646E-4,3.1838606324621787E-4,1.2888960822178154E-4,6.200117217843137E-4,1.9128679263712378E-4,5.027587297357939E-4,1.2465026248304032E-4,1.2854275394689883E-4,0.011518909244869703,1.012047322346232E-4,0.0048207697133096,7.77154800500047E-4,0.014385656556547078,0.005650374983330441,2.3449075689064279E-4,1.7913467155954285E-4,1.2014776232033083E-4,1.1422240680012248E-4,0.0011256487308691416,5.928212383498628E-4,0.00421876062063427,0.00256673333477732,5.906827914648291E-5,1.0,3.3105586500799185E-4,1.4543582842231623E-4,6.777058839116059E-5,0.002204227071148308,0.0012333757172094772,0.0010866600575295256,3.7214686667507465E-4,0.001501059542671194,1.2712661160230643E-4,1.293764730056355E-4,1.0078191059476358E-4,1.2253836517210032E-4,0.013161033033703386,5.449789352687771E-4,2.8006010579895407E-4,2.000054780382649E-4,0.0012456040342989634,4.5723989820718367E-4,1.22307960797669E-4,3.082621943985446E-4,1.1597766710781366E-4,0.00274674090436358,1.526190097814414E-4,0.007900412882786013,3.606437794110402E-4,9.03913357202187E-5,0.002917800282997244,2.3175108150593466E-4,9.733097346585877E-4,1.2265104039199684E-4,5.385199872726001E-5],[3.490141530753852E-4,8.549965130374924E-4,5.415401268968536E-4,0.0034833952951714613,8.73289395347295E-4,8.628340050383578E-4,2.908686507934965E-4,6.436014450935968E-4,3.476591426995635E-4,4.701629937606988E-4,1.915279745295712E-4,4.1646567081653956E-4,0.0022097750171489973,2.79668847095523E-4,0.006744485737026365,7.964186968413001E-4,0.007026066859619378,0.006516131559840628,4.1880733700299245E-4,3.7033132645544645E-4,1.7982420465318186E-4,1.8911222832458332E-4,0.001246583254362483,9.560136038881863E-4,0.005344095600274403,0.001055943889032227,2.0713797760451829E-4,3.3105586500799185E-4,1.0,3.6566969726893324E-4,9.111121213034942E-5,7.7020265636642E-4,0.001557908145214365,7.168318048635827E-4,6.317740744859498E-4,0.0030826302174638874,3.131367412477073E-4,2.9136112046319136E-4,1.0422439705396894E-4,3.319514012268958E-4,0.0077832309194127685,0.0019237516411697488,0.0012230068714571395,4.7879154169907373E-4,0.0018490789429199152,0.0012359584577265282,4.5544041953481194E-4,8.64112813944456E-4,3.3784650795962704E-4,0.003262511815788491,4.521440961464533E-4,0.016378031229875925,0.0015124146542751533,1.3226850649543934E-4,0.00268681912557231,2.5517769453556327E-4,7.951089603756541E-4,4.231464094698927E-4,2.1990127857548272E-4],[1.274347140714384E-4,5.551515481702039E-4,5.192202132280833E-4,0.001960171007907981,2.842154901651584E-4,6.601444768982634E-4,1.6882313780749883E-4,4.6704800368596003E-4,2.2064307733054423E-4,2.69657098330535E-4,1.8808560494640167E-4,1.3875856975442176E-4,0.002516995007020032,1.8915510725556658E-4,0.007498237535489289,2.4788696882850164E-4,0.004142257042010051,0.008243330531373482,2.2897031223278043E-4,2.2279987952596958E-4,1.6631235597598128E-4,1.1297697915792221E-4,0.0017552437363614795,0.0010187999010781617,0.003974252310459985,8.115457875047924E-4,4.972079480936228E-5,1.4543582842231623E-4,3.6566969726893324E-4,1.0,1.8279090214840077E-4,3.7333368693847073E-4,0.0012952632464759022,9.379695872519069E-4,7.243786313358867E-4,0.0023770282494085504,1.879905982166023E-4,1.6467174498377985E-4,2.0573159042272028E-4,1.4565246254829052E-4,0.0015633798495010049,9.575426932955102E-4,0.0010065210914767698,3.841378119668393E-4,0.0034030475921058303,0.001644620756097504,1.5612777210570125E-4,6.302983047078985E-4,1.0644065804796955E-4,0.0024743281155007327,1.6389101588879488E-4,0.016101116409871424,7.704216243742386E-4,9.29157435894092E-5,0.0019917406527120234,2.2252697851275259E-4,9.697746992229073E-4,2.061487700783339E-4,7.224784382874084E-5],[2.114863822751853E-5,7.988342742239899E-4,2.5956603463836827E-4,0.0034752892854313304,8.264064148552862E-4,4.975691450082189E-4,1.0899810809303229E-4,1.7371375249844E-4,1.4396887563853525E-4,2.48296416482918E-4,7.97760816554794E-5,6.95687135265504E-5,0.008067907829383233,2.729312766736135E-5,0.009942888759252502,7.589706959385117E-4,0.008986706783078129,0.010467564311517649,1.1682796393270567E-4,1.7082242037547835E-4,7.387043898628712E-5,7.65544916830102E-5,3.440656355630306E-4,4.417784740027807E-4,0.020662581262229467,5.956966579159152E-4,2.3430510406580967E-5,6.777058839116059E-5,9.111121213034942E-5,1.8279090214840077E-4,1.0,0.0014058372968978518,3.834152030199717E-4,9.153473504029667E-4,2.4048742700005728E-4,0.0027564257422795406,3.225609188420654E-5,1.093000411747594E-4,5.046851480317538E-5,6.767089888704028E-5,0.010571117486713195,0.0020047394801461075,3.374191712158507E-4,2.703455124427992E-4,8.095165691735571E-4,0.0020826045432406743,9.474466442176905E-5,6.275859049693592E-4,8.208576922427691E-5,0.0017482570542525554,7.796468294850637E-5,0.019646322787725108,1.8752595084907522E-4,2.0093536188938578E-5,5.88244665130409E-4,1.611328091418868E-4,3.7106915762693713E-4,6.657366911557407E-5,2.1754399114967006E-5],[0.0020311772974236954,0.002038211168095436,0.0013473655159962797,0.0037842492086432936,0.002440362513308698,0.0014423881849932117,0.0012967794185923182,0.0015340200211850295,0.0015657430433181562,6.447288218904606E-4,4.1363431496714017E-4,0.0015412084586340713,0.0050897942549354355,3.438866777512006E-4,0.007395162681556208,0.0023145608614133844,0.011968387548505809,0.008900392198354125,0.0021939125698071343,0.0019133205144140988,1.7676391347505203E-4,3.4541076303888695E-4,0.0024976601279535268,0.0023861919389360784,0.004710847843305126,0.0025786709821966148,0.0019231083304817786,0.002204227071148308,7.7020265636642E-4,3.7333368693847073E-4,0.0014058372968978518,1.0,0.0020542957950260466,0.0020295631189320177,0.0021730925864272763,0.0032627773767215065,9.898819390868024E-4,0.00225144583381654,1.1635878192823557E-4,0.0020482199990043957,0.008536524392572842,0.002464211601266728,0.0014456528048708435,0.001266093489522003,0.002825826665656976,0.002336719492303558,0.002183549873943671,0.0019811361017991265,0.002017279645928908,0.0028752545917816504,0.0014174167526107776,0.012603304308710414,0.0024980380160904547,3.76456071936925E-4,0.002525599308059349,4.168619820900583E-4,0.0012589114722251292,0.0016473974331072626,8.095581137814591E-4],[6.772934714096709E-4,0.0013573491558559964,0.001300851288839692,0.0027150951429140997,0.001523882687505093,0.001109458788289069,0.0015306271399376519,0.0015895309086776735,5.827920837971844E-4,0.0011331196350698885,3.9003759790970317E-4,0.0012553859529671725,0