[[1.0,4.016677532512568E-4,2.0598135873125642E-5,7.477153328559177E-5,0.010155932828461391,0.0019636425149062208,6.880359638954841E-4,0.0029323722816942265,3.253301243135113E-5,0.002282347667453059,2.402042463383434E-5,0.007182183910454192,2.521021661829211E-5,1.9604091664748045E-5,2.2759111044627078E-4,5.920534892167195E-4,6.563518553966803E-5,7.502587669668989E-5,2.2224322381253307E-5,7.716912260013165E-5,3.844400971927291E-5,0.013430146667425725,1.3973490157424834E-4,3.3845239531387454E-5,0.008269619182965272,1.627303704770127E-4,0.015450239007501707,2.7152917128033213E-5,4.8291134455614376E-5,0.0014188740872936548,7.533165567351444E-5,0.001304561438384092,8.543476005962572E-5,1.4649417371329073E-5,2.1969188909950278E-4,2.0645945317600785E-5,0.0024008636830942596,0.0027000656349620965,8.711449225669964E-5,1.2928291046288012E-4,6.20168850005212E-5,4.419421418122423E-4,3.176365653295679E-5,1.6287153495467918E-5,0.009319927172557401,7.891214275853353E-5,0.001056132305357259,1.1423690382953617E-4,2.6612926469392215E-4,1.5000777653469195E-4,7.313186595031425E-5,7.86959521276252E-5,1.538825186932366E-4],[4.016677532512568E-4,1.0,7.411402748596039E-4,8.144532235230324E-4,0.017563932409683437,0.0011920912718905272,0.0015184736846676871,0.015470948860580232,9.743769905528457E-4,0.001900702662484809,1.9439077602378407E-4,0.0019094425389740263,9.729692275473767E-4,1.1888304810701777E-4,0.0070617030571494014,0.0010591467204350727,8.339117058942764E-4,3.3213972699401415E-4,8.028820553219142E-5,6.13211823852748E-4,5.345981023748025E-4,0.003512470014918158,3.9208510791876943E-4,2.1941888388150518E-4,0.005351880816944587,3.10572250535986E-4,0.00604910007642623,2.2255423573992088E-4,8.504030708032241E-4,0.0010120485207179744,2.9769465195258245E-4,0.0017535430131347095,8.492950977935436E-4,9.459360185292058E-5,9.103627884285814E-4,7.751245593888183E-4,0.001692763465458237,0.008850426458899137,4.311354206283433E-4,4.5176958129558695E-4,3.894262888498174E-4,7.734835750135022E-4,8.636823293166817E-4,8.111845607496419E-4,0.0024530469682354935,5.338959528175653E-4,0.0010306900198505796,5.12754923508196E-4,0.0011098650717777435,2.483354505976881E-4,5.294485285856116E-4,6.247487707027187E-4,5.655028841168781E-4],[2.0598135873125642E-5,7.411402748596039E-4,1.0,9.932390950163702E-5,3.2993043344472253E-4,0.0023587310749557866,0.0012852591666097065,0.03356231345955364,1.3992659268784513E-4,0.003150081374017642,2.3647083473479403E-5,0.0027796507013713666,2.2186726115654722E-5,1.3579182276903483E-5,4.69230048350769E-4,4.2985105190537776E-4,1.3361931095477644E-4,2.1422713048844104E-5,2.5984248111614516E-5,2.0326085181576953E-4,5.959056907531509E-5,0.009900618871261441,1.64151427039614E-4,7.692425394895786E-5,2.529332182132314E-4,1.7409392367376868E-4,0.004063169641184539,3.201232039361103E-5,4.9353582593046085E-5,3.06980406377777E-4,1.1003044869586318E-4,7.01393071989852E-4,2.1418816523274765E-5,1.4585878831393492E-5,1.5593070565369054E-4,2.050746448239415E-5,0.005429608949538971,0.00511418945061077,6.898926331956105E-5,6.757457094394846E-5,2.3783223482728711E-4,4.207887418019412E-4,3.3382529112847836E-4,1.841316372108705E-5,5.620417720732828E-4,2.3589029855566085E-4,2.6135388329997036E-4,3.26707611853792E-5,2.112754885006985E-4,1.6011180017606324E-4,1.8170369254840905E-4,1.1911240757508893E-4,2.992787949629734E-4],[7.477153328559177E-5,8.144532235230324E-4,9.932390950163702E-5,1.0,0.0048400841216405905,0.001915216633597972,0.001065859956059519,0.01833938861694452,1.6299901464135574E-4,0.004290501718487584,2.9172263762071444E-5,0.004810991799228772,6.0276255503782266E-5,1.0467859130961136E-4,7.652971814033271E-4,5.271096673424119E-4,1.536411444868154E-4,1.5462007465760346E-4,3.1496874669960034E-5,3.7106429776794815E-4,1.1604831943954992E-4,0.014135721499176596,2.7251636163559787E-4,1.2259951447651947E-4,0.011107717481816522,1.8819591577526402E-4,0.01663003102197079,1.53849702006716E-4,1.7658664905307025E-4,9.952992082881166E-4,1.4926272901850382E-4,0.0010064003765114073,1.4346542260702116E-4,1.7679952497323786E-5,2.4141664474923324E-4,3.7605144499227406E-5,0.005455168175288359,0.007003538493953721,1.5613402352485559E-4,1.555883686157212E-4,1.5783379082876808E-4,2.061330801361708E-4,6.141058024312251E-4,1.4298075518671393E-4,0.0015796052429921297,1.803923026904671E-4,1.8610725909778102E-4,1.280884002754551E-4,8.467118109174483E-4,1.6483355798247053E-4,2.368204532556863E-4,1.7202882145752292E-4,2.2866556977323642E-4],[0.010155932828461391,0.017563932409683437,3.2993043344472253E-4,0.0048400841216405905,1.0,0.007877836432852038,0.00686346521892002,0.023235679467979598,0.010204461369823625,0.01364723707442982,0.01776478988409984,0.017110956362269798,5.095076831901894E-4,0.01438284338294948,0.01919087607556818,0.005226859706068904,0.011118457105112068,0.004316222948411685,0.005514128463216148,0.009576848463704647,0.01798174327730246,0.01776543925105562,0.0032428653652129113,0.01867711017856078,0.016659412075231264,0.005065466385033315,0.0196078431372549,0.011918548585962082,0.016411106137418714,0.00491613904624796,0.005470293543703998,0.009883889891015529,0.0046022024473570105,0.010534111677995183,0.010656265932059336,0.019343339165713163,0.009914310933542477,0.01469260098060059,0.005162484012262317,0.0060126913174640894,0.015235278927251756,0.009722890355433715,0.01202095810860894,0.01126667632887358,0.012230652976374982,0.014286514334720111,0.012649766500214979,0.01499038386036977,0.006058725339028333,0.01064515643173006,0.01127431322972536,0.007464469829626167,0.01643657833716413],[0.0019636425149062208,0.0011920912718905272,0.0023587310749557866,0.001915216633597972,0.007877836432852038,1.0,0.0021359596658005794,0.03430514376960019,0.0024013272861810437,0.004002003088941981,0.0023362706045281217,0.003374675371098223,0.0015478226449660334,0.0020124097277973456,0.0026537949039091555,0.002277647331204899,0.001265145117390355,0.0018764189449538221,2.5517402129942104E-4,0.002516920618416546,0.002059789530093314,0.010249488750213077,0.001699769632852046,0.0022888371617971292,0.0036633279765714726,6.979921382376467E-4,0.01834277710198778,0.001049738147205618,8.842277881682199E-4,0.002560291762337717,0.00126629156605409,0.002626033478207188,0.0024752612335587954,0.0010231054762726214,0.001199459391644472,1.259336365894339E-4,0.004270466017872718,0.01007358140097994,0.0017871168680856603,7.010065302241894E-4,0.0022285923331199385,0.0012823633802923674,0.0024882223731513397,5.358763211978792E-4,0.005254144880649375,0.001080924356401499,0.0015816763720145422,0.002117095369537281,0.001391347074586601,2.1289603413410433E-4,5.018630332343297E-4,0.00120584079187857,0.0014620141080877657],[6.880359638954841E-4,0.0015184736846676871,0.0012852591666097065,0.001065859956059519,0.00686346521892002,0.0021359596658005794,1.0,0.03558917266367013,8.190460307122867E-4,0.0038161869405946075,2.504071800115418E-4,0.013014953731249328,9.814287540624608E-5,4.1956768989645054E-4,0.005548135250471481,0.0014710927439818054,4.352386596456137E-4,0.0010691370844479956,7.223499267715384E-5,0.0012392810581665981,9.602328824271923E-4,0.01315039362127729,0.001334358922801234,2.6009938381439993E-4,0.0027574521168348192,4.6913442072252795E-4,0.002708686158857122,2.544021382665305E-4,2.3663588921744676E-4,0.0019682842008488257,6.63791527361884E-4,0.0022742212285891826,0.0013718696376807662,4.955792526478789E-4,5.427898275700702E-4,3.688938480663168E-4,0.0031411188906140513,0.002260549554239803,3.260382754464238E-4,7.686663967377526E-4,9.760961034379515E-4,0.0012543997735148444,0.0014812750107277089,8.262172843807462E-4,0.003945901097890225,9.490045775807729E-4,0.001293907583841017,0.001162011013841268,0.001434954857628597,0.0015112775787802782,7.427828489678949E-4,0.0013875157256103261,0.0012889521848302484],[0.0029323722816942265,0.015470948860580232,0.03356231345955364,0.01833938861694452,0.023235679467979598,0.03430514376960019,0.03558917266367013,1.0,0.0332998290538924,0.006041054984010964,0.02678712768203096,0.030992165350921558,0.014325272033711365,0.002330481668850103,0.027774634061408343,0.024472543070198728,0.0011222014879043608,0.02464697241360417,0.004908645113810248,0.009762392672336074,0.03370021652865935,0.025723766295432188,0.02908955261740114,0.036286251149864404,0.023476820130170554,0.02192892640488864,0.03457073688565002,0.033107034493010744,0.035342011153339466,0.009121041268681171,0.03206149206587911,0.01851464258304872,0.006230073568374657,0.03033166815414797,0.006234515271778926,0.031476000818865556,0.009350320370379596,0.03345158785999664,0.0348419737633828,0.007490256095047633,0.02124459058547411,0.023235953100620217,0.023160161866902347,0.027035494752105486,0.02126096143306113,0.03189076961364799,0.03509972026835269,0.015424749840745584,0.03564178494307725,0.032468058201601285,0.0016490200669619889,0.03302122520267781,0.036074381444527764],[3.253301243135113E-5,9.743769905528457E-4,1.3992659268784513E-4,1.6299901464135574E-4,0.010204461369823625,0.0024013272861810437,8.190460307122867E-4,0.0332998290538924,1.0,5.750521777897105E-4,1.92236213433715E-4,0.005452239518853382,9.789791924522985E-5,2.0615635450052088E-4,0.004834020989663737,2.2581435152742605E-4,1.489267705709451E-4,1.9170245498642427E-4,2.0223406103217576E-4,3.3918812151294926E-4,1.2594939208486017E-4,0.005047842038695005,2.6893423527614614E-4,1.9141050631981923E-4,0.009961149310553436,2.1825439279024263E-4,0.012230978068954278,1.1957262997119248E-4,2.1134011016852238E-4,3.6932980022681965E-4,1.9180027356328016E-4,0.002578985933857022,1.7997480228554148E-4,1.4189208736240782E-4,3.266159058036249E-4,1.4462123944658268E-4,0.0022009745819578696,9.433422175631022E-4,1.5624195463783086E-4,1.8405184027542985E-4,3.4317965886646084E-4,3.315705364541573E-4,6.817306792017539E-4,1.8504623331108068E-5,0.008386595832042218,2.2641726554520597E-4,8.897885367668361E-4,1.9697495631473355E-4,0.0011420599265878565,1.907653124888254E-4,2.479074542719275E-4,1.9604818373876052E-4,2.473786225180677E-4],[0.002282347667453059,0.001900702662484809,0.003150081374017642,0.004290501718487584,0.01364723707442982,0.004002003088941981,0.0038161869405946075,0.006041054984010964,5.750521777897105E-4,1.0,2.944557087536105E-4,0.011896101900707933,0.0034764619495306496,0.004506008306860062,0.0075531971269062045,0.0014900450627554236,1.5158347301330623E-4,4.91847435180348E-4,0.0037105104059645764,0.0033497530594072513,7.331852550726902E-4,0.005560808148932564,0.0027308700923119908,2.8946539280956583E-4,0.011503705054885918,0.0043562506147850595,0.014325109278033913,0.0037842656009881744,3.4104869845703086E-4,0.004625256512108775,8.200069791583359E-4,0.004136331911955952,0.0024985716318841745,0.002688330216171208,0.0029627988788763267,0.001717653549491055,0.005471055862414397,0.008578163618419184,0.0014026508220160445,0.0010339872030248672,0.0043487264103356385,0.003028186515574228,0.0022221488526800934,0.0037834941520824552,0.010035377436527389,3.1330042044689575E-4,0.0026582055329818608,2.3096544630146464E-4,0.002327850180277291,0.0021168409376207593,0.0013690749490277866,0.004515220284501133,0.0011052281073149713],[2.402042463383434E-5,1.9439077602378407E-4,2.3647083473479403E-5,2.9172263762071444E-5,0.01776478988409984,0.0023362706045281217,2.504071800115418E-4,0.02678712768203096,1.92236213433715E-4,2.944557087536105E-4,1.0,0.002610901361956653,3.737357455299821E-5,1.1897064107913514E-5,0.0067042143470701625,7.817373945275002E-4,8.247043452077251E-5,1.2496566559248973E-4,2.6490419735915003E-5,2.775754269553187E-4,9.371225205959523E-5,0.012636937538838149,8.980912272005167E-5,9.116002760452944E-5,0.002120507933162403,7.970860647277915E-5,0.010566576918147205,3.911944624510055E-5,1.5028802253716476E-4,2.6746722610650998E-5,6.721932604652884E-5,0.0021083899414878603,1.0048962465481777E-4,1.4390627198571756E-5,2.962095167996859E-4,2.2804226050903037E-5,0.003576978939125882,0.007441878994976712,1.0994615001157535E-4,1.1065380426217891E-4,1.3474879852137827E-4,2.6068639859897576E-4,1.1280425501777571E-4,2.201925308565713E-5,0.009899403094299956,1.2791786788387104E-4,6.043963082079059E-4,8.815365304458401E-5,3.7627406451008793E-4,1.010044131787552E-4,2.681227444695525E-4,1.77116921368535E-4,2.53257379094633E-4],[0.007182183910454192,0.0019094425389740263,0.0027796507013713666,0.004810991799228772,0.017110956362269798,0.003374675371098223,0.013014953731249328,0.030992165350921558,0.005452239518853382,0.011896101900707933,0.002610901361956653,1.0,0.0042871410524850185,5.695736380068634E-4,0.011120489388991572,0.015009860884875974,0.009228752986447299,0.005409376506055748,0.006975745030980129,0.014843464778670183,0.0033102070014946654,0.01557607095132787,0.013108981609642925,0.0070180195772616295,0.014346805149960841,0.012562777083828181,0.01849264089900952,0.0048709396420266145,0.011402567441614622,0.004543529317409934,0.010589196337636997,0.014831935330942823,0.0024421388415135185,0.0018544224079683664,0.0013040578878836956,0.005873695890463287,0.011730533706762023,0.013701132004074764,2.460160881348878E-4,0.008365127252506604,0.0030620994743648794,0.0024679787728871232,0.007364256103704192,0.0020519656534318618,0.014455771596601405,0.00949320459082054,0.012907010849044729,0.0034677275208561224,0.011722525303415386,0.003961422212933122,0.005293666509366533,0.010954892245840992,0.0017397224729577704],[2.521021661829211E-5,9.729692275473767E-4,2.2186726115654722E-5,6.0276255503782266E-5,5.095076831901894E-4,0.0015478226449660334,9.814287540624608E-5,0.014325272033711365,9.789791924522985E-5,0.0034764619495306496,3.737357455299821E-5,0.0042871410524850185,1.0,1.9029391482709003E-5,0.006866471659405465,1.8033937072805972E-4,1.3615688492580572E-4,1.1822633828305755E-4,3.3270353391923484E-5,1.468363089882936E-4,6.942808778993839E-5,0.004177658971355183,1.8493473475049869E-4,8.626811161878275E-5,0.0011109847526200184,1.004252013696828E-4,0.01705864263448319,3.859692670888193E-5,1.6640998301756103E-4,9.367506980491244E-4,6.206951511521613E-5,0.0030471205007827906,6.740198490547854E-5,2.7425493523236884E-5,3.4777923275081004E-4,3.6698549939315325E-5,0.0013664529795745094,0.00429341720003003,7.953308082568817E-5,1.111684320792817E-4,2.532626265309057E-4,6.269869595940358E-5,5.022797623076127E-4,1.7601110936394734E-5,0.0027251102741163587,2.0388859606974204E-4,5.633939386775771E-4,4.1674906976884365E-5,4.6093302534625695E-4,1.4745580055132478E-4,9.063767486207461E-5,1.8024947002129367E-4,9.91620984719514E-5],[1.9604091664748045E-5,1.1888304810701777E-4,1.3579182276903483E-5,1.0467859130961136E-4,0.01438284338294948,0.0020124097277973456,4.1956768989645054E-4,0.002330481668850103,2.0615635450052088E-4,0.004506008306860062,1.1897064107913514E-5,5.695736380068634E-4,1.9029391482709003E-5,1.0,0.0015534674226065956,3.117576612892048E-4,8.218874869355512E-5,8.597779039841383E-5,2.1480500119555037E-5,3.331930658435052E-4,1.0656450981213579E-4,0.01126670964528009,2.1069360304912832E-4,9.935328377691078E-5,1.5326325397591896E-4,1.0964564483602531E-4,0.0047781014481299705,3.566733437501337E-5,4.4683066644964794E-5,0.002697684539670038,1.1579807100223501E-4,2.831552349585487E-4,6.605820302249179E-5,1.1436097590892666E-5,2.2789885556918436E-5,1.788589496239818E-5,0.005143072282738298,0.002639741281604004,5.7755381044569756E-5,1.1396276297747503E-4,9.815738490348727E-5,1.6450901717777875E-4,6.395409420634009E-4,1.2618126161325028E-5,0.0026783410588108016,1.0298960204752361E-4,0.0012366479690441856,2.329132870444309E-5,2.0795486830230833E-4,4.8330619677294585E-5,5.114995249753174E-5,1.6629803999317534E-5,1.730843732188391E-4],[2.2759111044627078E-4,0.0070617030571494014,4.69230048350769E-4,7.652971814033271E-4,0.01919087607556818,0.0026537949039091555,0.005548135250471481,0.027774634061408343,0.004834020989663737,0.0075531971269062045,0.0067042143470701625,0.011120489388991572,0.006866471659405465,0.0015534674226065956,1.0,0.002451804216300234,0.004007745522222955,0.0047617638543320994,0.002994777831775476,0.00142152368266715,0.004955978452280831,0.01318034846773781,0.008635528544491698,0.007800170922809469,0.01112037741602881,0.004000304840708364,0.011972233896230696,0.009985856960569783,0.007501506672981805,0.0073240414360968495,0.0028919313009206234,0.007955868488627022,0.0023587011104996545,0.0059074017117672975,0.0022250020203129052,0.00931704875098196,0.007447249944258038,0.010726431121736813,0.0042636306251006666,0.0018884434649301305,0.0101826295511124,0.010527829491052779,0.0072522943344970146,0.009379750417263083,0.01090594879316307,0.008930883263587387,0.003449074172403409,0.009102716926469577,0.007397294940818839,0.009680662493987142,0.010671769301616778,0.010551483196395551,0.0034713776241475282],[5.920534892167195E-4,0.0010591467204350727,4.2985105190537776E-4,5.271096673424119E-4,0.005226859706068904,0.002277647331204899,0.0014710927439818054,0.024472543070198728,2.2581435152742605E-4,0.0014900450627554236,7.817373945275002E-4,0.015009860884875974,1.8033937072805972E-4,3.117576612892048E-4,0.002451804216300234,1.0,3.1966432388611855E-4,3.455829112884572E-4,5.90582155931931E-4,5.873993649295842E-4,8.378110554132689E-4,0.011336628848316753,5.464062643968297E-4,1.1265606406594714E-4,0.0022712454873246154,3.9626567404237316E-4,0.01777347223832706,8.864660354495384E-4,3.4163560179687835E-4,0.0017335612071726473,5.259910249167298E-4,0.00220308955416571,9.334552610317904E-4,2.8122839211057156E-4,0.001052879188405432,9.801882107208742E-4,0.0033441087464977075,0.006520181372387186,5.892627405272568E-4,3.425732934619025E-4,9.755640680465224E-4,8.875021039331486E-4,9.721830675349171E-4,6.557565115644791E-4,0.006798983875077186,2.6782611238908944E-4,0.001258141609753397,8.856469713653435E-4,0.0011404122505198559,5.747883707967449E-4,6.43653285244401E-4,3.3358692294880774E-4,5.452419083030192E-4],[6.563518553966803E-5,8.339117058942764E-4,1.3361931095477644E-4,1.536411444868154E-4,0.011118457105112068,0.001265145117390355,4.352386596456137E-4,0.0011222014879043608,1.489267705709451E-4,1.5158347301330623E-4,8.247043452077251E-5,0.009228752986447299,1.3615688492580572E-4,8.218874869355512E-5,0.004007745522222955,3.1966432388611855E-4,1.0,1.4224515299670148E-4,1.2043631434392496E-4,4.3548648654959777E-4,1.1638281382504614E-4,0.00609359007536403,1.7427699630000637E-4,1.2394478403050533E-4,5.987129175070529E-4,1.865178832763496E-4,0.008918756248099341,1.1842903898854712E-4,1.7310235412561887E-4,7.010219277125029E-4,1.427899913298695E-4,8.092063645175169E-4,1.3832405850735112E-4,8.803527763854682E-5,3.177033935589474E-4,1.390962610399696E-4,9.348613591052643E-4,0.002316511852868594,1.391535873001301E-4,1.5322831007576562E-4,2.8825615112646277E-4,1.8763100974660636E-4,3.6022663518805727E-4,5.398449554112406E-5,0.0013251893244826327,1.566827616899806E-4,9.245713468966652E-4,1.2493026381723928E-4,4.253274646806524E-4,1.609521160256271E-4,2.2768895815219371E-4,1.520592195515352E-4,3.4676067419385894E-4],[7.502587669668989E-5,3.3213972699401415E-4,2.1422713048844104E-5,1.5462007465760346E-4,0.004316222948411685,0.0018764189449538221,0.0010691370844479956,0.02464697241360417,1.9170245498642427E-4,4.91847435180348E-4,1.2496566559248973E-4,0.005409376506055748,1.1822633828305755E-4,8.597779039841383E-5,0.0047617638543320994,3.455829112884572E-4,1.4224515299670148E-4,1.0,7.095748308406528E-5,4.193391468597832E-4,1.224110740225118E-4,0.014227294846290891,1.5705954066773804E-4,1.2323630301637535E-4,0.0029288999906464603,1.6686973642149674E-4,0.0110829371130227,1.1941689714722536E-4,1.503013182710116E-4,4.4236708614773835E-4,1.4026517065769591E-4,0.0015161973855598468,1.3151087539790756E-4,1.2552608032310582E-4,1.847458935624674E-4,1.351530064072987E-4,0.005317358281432423,0.007483047881142762,1.1718354174821979E-4,1.504141481861693E-4,2.836132313859916E-4,1.6383393945274447E-4,1.427117948763485E-4,2.4976797832703643E-5,0.0032288713281778446,1.9246670614247682E-4,4.636165878918956E-4,1.3248851653446057E-4,6.277600911696042E-4,1.4987851770465748E-4,1.605522081251725E-4,1.7896176373104872E-4,3.1963360828834704E-4],[2.2224322381253307E-5,8.028820553219142E-5,2.5984248111614516E-5,3.1496874669960034E-5,0.005514128463216148,2.5517402129942104E-4,7.223499267715384E-5,0.004908645113810248,2.0223406103217576E-4,0.0037105104059645764,2.6490419735915003E-5,0.006975745030980129,3.3270353391923484E-5,2.1480500119555037E-5,0.002994777831775476,5.90582155931931E-4,1.2043631434392496E-4,7.095748308406528E-5,1.0,2.557175847108491E-4,4.2121920277852586E-5,0.007212553340849801,4.6317476413336946E-5,8.424991572237621E-5,4.18345038567688E-4,1.5495212972525376E-4,0.011193666769926686,3.930023582972443E-5,8.28301989932449E-5,0.001258627333413531,7.998460743306122E-5,0.002374056597728625,1.0642070181904289E-4,1.5992485588329426E-5,4.7648984089296894E-4,2.0744712205531627E-5,1.5719509235256397E-4,0.004889626011368439,1.1004744421379448E-4,1.2479469300182803E-4,2.8064372897851244E-4,2.709255523011445E-4,1.5243973967807897E-4,2.5760713812861508E-5,0.010337964043320077,2.188806718987676E-4,9.503322408689716E-4,8.78822285757693E-5,8.732969412528223E-4,6.68323462853501E-5,1.698017978706264E-4,1.32962341270476E-4,3.423423178054439E-4],[7.716912260013165E-5,6.13211823852748E-4,2.0326085181576953E-4,3.7106429776794815E-4,0.009576848463704647,0.002516920618416546,0.0012392810581665981,0.009762392672336074,3.3918812151294926E-4,0.0033497530594072513,2.775754269553187E-4,0.014843464778670183,1.468363089882936E-4,3.331930658435052E-4,0.00142152368266715,5.873993649295842E-4,4.3548648654959777E-4,4.193391468597832E-4,2.557175847108491E-4,1.0,3.5899782802860397E-4,0.003695646177321249,4.2661840186553014E-4,3.6512859102116565E-4,0.0026225037363138155,4.394149634690149E-4,0.00790373195955994,5.60156584719748E-5,3.384878710364521E-4,0.002347641303012561,1.7450237933425077E-4,0.002791393630176581,3.568840989846893E-4,1.211974971719327E-4,5.09270492112632E-4,1.4533998608545274E-4,0.005006357639467121,0.009612132819190053,4.14543862212506E-4,4.6069273546160054E-4,3.531852047083421E-4,4.861107749452932E-4,5.726905663561355E-4,2.323632785871139E-4,0.00749839057178037,3.7612894949245784E-4,0.0011505352328241305,3.4634053390837985E-4,6.839969641222007E-4,3.563179419774715E-4,3.0879582468155807E-4,2.3890900497231402E-4,4.8622606050821896E-4],[3.844400971927291E-5,5.345981023748025E-4,5.959056907531509E-5,1.1604831943954992E-4,0.01798174327730246,0.002059789530093314,9.602328824271923E-4,0.03370021652865935,1.2594939208486017E-4,7.331852550726902E-4,9.371225205959523E-5,0.0033102070014946654,6.942808778993839E-5,1.0656450981213579E-4,0.004955978452280831,8.378110554132689E-4,1.1638281382504614E-4,1.224110740225118E-4,4.2121920277852586E-5,3.5899782802860397E-4,1.0,8.122528721673067E-4,1.6022977700815222E-4,1.0738819116771178E-4,0.0029090456749940917,1.3754512526510426E-4,0.004094643562506316,6.162913934941188E-5,1.431005253746063E-4,0.002140944442212228,1.2064393227906779E-4,2.3604957097964464E-4,1.2195126363397123E-4,1.9883628714654217E-5,2.4315696899819442E-4,5.9512188522607493E-5,0.0042977078148259806,0.005190401509440363,1.1138480485928988E-4,1.3261421240241798E-4,2.295841881848799E-4,1.347589168058742E-4,3.96604081363832E-4,1.560270970309355E-5,0.007988665916996946,1.9839646234657307E-4,7.104721164392652E-4,1.1418409590278179E-4,6.266346487900001E-4,1.2622876249674715E-4,2.5070262046757104E-4,1.1563096043794612E-4,3.7777233904306816E-4],[0.013430146667425725,0.003512470014918158,0.009900618871261441,0.014135721499176596,0.01776543925105562,0.010249488750213077,0.01315039362127729,0.025723766295432188,0.005047842038695005,0.005560808148932564,0.012636937538838149,0.01557607095132787,0.004177658971355183,0.01126670964528009,0.01318034846773781,0.011336628848316753,0.00609359007536403,0.014227294846290891,0.007212553340849801,0.003695646177321249,8.122528721673067E-4,1.0,5.893871576608811E-4,0.004176708065082711,0.01243784617900191,0.012459027649394714,0.019193812270319147,0.013273758637402013,0.005557152818315539,0.0030226572520202174,0.014296308823964005,0.007847539214815798,0.014149444284964076,0.0016224441671158546,0.009733427146391648,0.014100007231786714,0.010756112761127652,0.013118799637593152,0.009487929422508055,0.006993143638469751,0.009388158879752875,0.008202551246130885,0.006089153122688214,0.013979893537925165,0.014800373799648697,0.009806035375351251,0.009266848691518614,0.005334432263205288,0.009165416747109838,0.01511881775986737,0.00921743478454223,0.014165631544555891,0.0059282595849706275],[1.3973490157424834E-4,3.9208510791876943E-4,1.64151427039614E-4,2.7251636163559787E-4,0.0032428653652129113,0.001699769632852046,0.001334358922801234,0.02908955261740114,2.6893423527614614E-4,0.0027308700923119908,8.980912272005167E-5,0.013108981609642925,1.8493473475049869E-4,2.1069360304912832E-4,0.008635528544491698,5.464062643968297E-4,1.7427699630000637E-4,1.5705954066773804E-4,4.6317476413336946E-5,4.2661840186553014E-4,1.6022977700815222E-4,5.893871576608811E-4,1.0,1.065180724797869E-4,0.007160376131351345,2.208232046647382E-4,0.008810390226933354,1.3804698277610985E-4,1.7996261076039835E-4,0.0011427685554389602,1.4869626893111547E-4,0.0029866366663099508,1.6694152837146972E-4,1.2623695432288108E-4,3.481743273476879E-4,1.8926949732011965E-4,0.0050777463379040955,0.008213488845912914,2.1312904550060865E-4,2.6410082803926646E-4,3.089075700293185E-4,4.066451974080421E-4,3.112897953664181E-4,2.096708831307222E-4,0.009163779800726921,2.535081696484708E-4,0.0011730466990744375,2.1123486002183706E-4,9.539025307617507E-4,1.736248142886669E-4,2.8994185392781067E-4,2.0606664567152027E-4,3.125989440396446E-4],[3.3845239531387454E-5,2.1941888388150518E-4,7.692425394895786E-5,1.2259951447651947E-4,0.01867711017856078,0.0022888371617971292,2.6009938381439993E-4,0.036286251149864404,1.9141050631981923E-4,2.8946539280956583E-4,9.116002760452944E-5,0.0070180195772616295,8.626811161878275E-5,9.935328377691078E-5,0.007800170922809469,1.1265606406594714E-4,1.2394478403050533E-4,1.2323630301637535E-4,8.424991572237621E-5,3.6512859102116565E-4,1.0738819116771178E-4,0.004176708065082711,1.065180724797869E-4,1.0,0.005149343291022718,1.3518402601939118E-4,0.009888656213945652,6.588272170529113E-5,1.7356848413478535E-4,0.0020097164502022365,1.2722220847386322E-4,9.973057079470159E-4,1.0788990802496999E-4,8.978272329693109E-5,2.273408815225346E-4,2.877834948629174E-5,0.005241118422250587,0.0016855471298737948,1.1145277349389813E-4,1.426882470964837E-4,3.0546900618178577E-4,2.7782571559746067E-4,3.856325679139499E-4,9.809480914732969E-5,2.501290686891171E-4,2.1079481201376633E-4,8.033967876874848E-4,1.0803886585931621E-4,0.0010125035173882406,1.2704858687745445E-4,1.3227001568129386E-4,1.5192704504355414E-4,2.3548205219163374E-4],[0.008269619182965272,0.005351880816944587,2.529332182132314E-4,0.011107717481816522,0.016659412075231264,0.0036633279765714726,0.0027574521168348192,0.023476820130170554,0.009961149310553436,0.011503705054885918,0.002120507933162403,0.014346805149960841,0.0011109847526200184,1.5326325397591896E-4,0.01112037741602881,0.0022712454873246154,5.987129175070529E-4,0.0029288999906464603,4.18345038567688E-4,0.0026225037363138155,0.0029090456749940917,0.01243784617900191,0.007160376131351345,0.005149343291022718,1.0,0.002875137680818514,0.01544279377780637,0.00883905794059376,0.009993632956680501,0.008201441649507056,0.008767392376626474,0.009881375124376738,0.0028505737366145874,0.00497312571863168,0.006857540551633765,0.00889334091185979,0.009906847170248333,0.01171478788065502,5.769411249987818E-4,0.010641202637185184,0.0012967283643118906,0.008922857954565341,0.007645487379091294,0.011564798615240993,0.011239924649549838,0.0046694664687637185,0.01066931545497059,0.010481230837917316,0.003443496933673451,8.007934529859335E-4,0.009416217963481101,4.5773323415452215E-4,0.005690001165572192],[1.627303704770127E-4,3.10572250535986E-4,1.7409392367376868E-4,1.8819591577526402E-4,0.005065466385033315,6.979921382376467E-4,4.6913442072252795E-4,0.02192892640488864,2.1825439279024263E-4,0.0043562506147850595,7.970860647277915E-5,0.012562777083828181,1.004252013696828E-4,1.0964564483602531E-4,0.004000304840708364,3.9626567404237316E-4,1.865178832763496E-4,1.6686973642149674E-4,1.5495212972525376E-4,4.394149634690149E-4,1.3754512526510426E-4,0.012459027649394714,2.208232046647382E-4,1.3518402601939118E-4,0.002875137680818514,1.0,0.011997693899516935,1.1222342734136385E-4,2.052449098978679E-4,6.372017899673322E-4,1.9454972318668282E-4,0.002276866346007303,1.7516268517414783E-4,1.3458844691361258E-4,4.2616222759518955E-4,1.6176193539911007E-4,0.0013317731866421122,0.008044367163847398,1.5982373672628254E-4,1.814401293106271E-4,3.4674894793334116E-4,3.4668575146287094E-4,4.910203817602243E-4,1.9227606629293096E-4,0.009216404483314634,2.159567344025348E-4,2.863265117009013E-4,2.028570404730641E-4,5.338680752142317E-4,1.8918727481128137E-4,2.816465312641376E-4,1.8491532060692102E-4,2.3454541006233168E-4],[0.015450239007501707,0.00604910007642623,0.004063169641184539,0.01663003102197079,0.0196078431372549,0.01834277710198778,0.002708686158857122,0.03457073688565002,0.012230978068954278,0.014325109278033913,0.010566576918147205,0.01849264089900952,0.01705864263448319,0.0047781014481299705,0.011972233896230696,0.01777347223832706,0.008918756248099341,0.0110829371130227,0.011193666769926686,0.00790373195955994,0.004094643562506316,0.019193812270319147,0.008810390226933354,0.009888656213945652,0.01544279377780637,0.011997693899516935,1.0,0.0029239510856847047,0.015315031263544273,0.008254730426577941,0.019072266005888024,0.003557937563390827,0.0025555821535410087,0.016952120949324963,0.00409957831831543,0.01620509777077193,0.01914034695968187,0.01240371585671043,0.010799667777053039,0.009208918882749308,0.015986003577277787,0.00649082134907204,0.01032593035463813,0.017142243048373394,0.01760457840000266,0.013499402981163845,0.0097145295867859,0.015471190787095553,0.0085144152110689,0.012971841455090255,0.01630612183130891,0.004528789613120529,0.008608392344298551],[2.7152917128033213E-5,2.2255423573992088E-4,3.201232039361103E-5,1.53849702006716E-4,0.011918548585962082,0.001049738147205618,2.544021382665305E-4,0.033107034493010744,1.1957262997119248E-4,0.0037842656009881744,3.911944624510055E-5,0.0048709396420266145,3.859692670888193E-5,3.566733437501337E-5,0.009985856960569783,8.864660354495384E-4,1.1842903898854712E-4,1.1941689714722536E-4,3.930023582972443E-5,5.60156584719748E-5,6.162913934941188E-5,0.013273758637402013,1.3804698277610985E-4,6.588272170529113E-5,0.00883905794059376,1.1222342734136385E-4,0.0029239510856847047,1.0,1.5019815419108098E-4,9.867358562351094E-4,1.1293762506948182E-4,0.002750464839380688,8.206127278533097E-5,2.5812578632945787E-5,1.0177899150125267E-4,2.5993187416570385E-5,0.0013469957013353107,0.00437315308916821,1.0152464421476808E-4,9.899037854657153E-5,2.5061321493227354E-4,8.097657652731023E-5,2.9308790310361504E-4,3.069838651318081E-5,0.0018328008530353519,1.3919788161917402E-4,2.0927093740480472E-4,9.307220438804095E-5,7.284938343173474E-4,1.534756305036052E-4,2.3570202886157357E-4,4.593807100029814E-5,1.1562387142878117E-4],[4.8291134455614376E-5,8.504030708032241E-4,4.9353582593046085E-5,1.7658664905307025E-4,0.016411106137418714,8.842277881682199E-4,2.3663588921744676E-4,0.035342011153339466,2.1134011016852238E-4,3.4104869845703086E-4,1.5028802253716476E-4,0.011402567441614622,1.6640998301756103E-4,4.4683066644964794E-5,0.007501506672981805,3.4163560179687835E-4,1.7310235412561887E-4,1.503013182710116E-4,8.28301989932449E-5,3.384878710364521E-4,1.431005253746063E-4,0.005557152818315539,1.7996261076039835E-4,1.7356848413478535E-4,0.009993632956680501,2.052449098978679E-4,0.015315031263544273,1.5019815419108098E-4,1.0,0.0014059341002051443,1.677663989056833E-4,0.0029385582431510223,1.770242293297885E-4,1.4628048987158326E-4,3.4244783927405743E-4,7.506720118846848E-5,0.002805937764881567,0.008920244391580234,1.6700763906630866E-4,1.595388135654921E-4,2.417642245884002E-4,4.573668385613519E-4,5.151764135446228E-4,5.87095228390342E-5,0.005236161979627497,2.2893432795564623E-4,2.2189526194562104E-4,1.456240540034196E-4,9.396226321078319E-4,1.7369447700541944E-4,2.8852496706555217E-4,1.836644327154536E-4,2.9884687618147136E-4],[0.0014188740872936548,0.0010120485207179744,3.06980406377777E-4,9.952992082881166E-4,0.00491613904624796,0.002560291762337717,0.0019682842008488257,0.009121041268681171,3.6932980022681965E-4,0.004625256512108775,2.6746722610650998E-5,0.004543529317409934,9.367506980491244E-4,0.002697684539670038,0.0073240414360968495,0.0017335612071726473,7.010219277125029E-4,4.4236708614773835E-4,0.001258627333413531,0.002347641303012561,0.002140944442212228,0.0030226572520202174,0.0011427685554389602,0.0020097164502022365,0.008201441649507056,6.372017899673322E-4,0.008254730426577941,9.867358562351094E-4,0.0014059341002051443,1.0,5.151499178068996E-4,0.0029323663708750317,0.0013518555838566027,0.0022664539833656015,0.0013146241558736368,0.001401033608411784,0.005500366970123712,0.00825531660004191,0.0024935727553533262,0.0010500445228115187,0.002730656667263302,0.0019448770262624976,0.0010990903451046496,0.0013367271519748793,0.008430700224359058,0.0021191767470177224,0.001685552737773251,0.0019307574298539462,0.0015357249175896412,0.0024465255801641946,5.12066707150267E-4,0.0023815161011516562,0.0026853798607366156],[7.533165567351444E-5,2.9769465195258245E-4,1.1003044869586318E-4,1.4926272901850382E-4,0.005470293543703998,0.00126629156605409,6.63791527361884E-4,0.03206149206587911,1.9180027356328016E-4,8.200069791583359E-4,6.721932604652884E-5,0.010589196337636997,6.206951511521613E-5,1.1579807100223501E-4,0.0028919313009206234,5.259910249167298E-4,1.427899913298695E-4,1.4026517065769591E-4,7.998460743306122E-5,1.7450237933425077E-4,1.2064393227906779E-4,0.014296308823964005,1.4869626893111547E-4,1.2722220847386322E-4,0.008767392376626474,1.9454972318668282E-4,0.019072266005888024,1.1293762506948182E-4,1.677663989056833E-4,5.151499178068996E-4,1.0,0.003100531829477871,1.3713014715565475E-4,1.3858171578611992E-4,3.346690373905154E-4,5.093948635047974E-5,0.0033483150860459067,0.006455077301442789,1.1752078134405452E-4,1.4575411294888077E-4,1.9222893554750998E-4,3.657449702456093E-4,7.042521717887663E-4,1.3744036288351605E-4,0.005670551844975891,2.0718662214063604E-4,6.316970648366779E-4,1.3674406486208248E-4,6.22329472202273E-4,1.4587240016991613E-4,2.1083679655704E-4,1.4609863082155783E-4,2.784989668706005E-4],[0.001304561438384092,0.0017535430131347095,7.01393071989852E-4,0.0010064003765114073,0.009883889891015529,0.002626033478207188,0.0022742212285891826,0.01851464258304872,0.002578985933857022,0.004136331911955952,0.0021083899414878603,0.014831935330942823,0.0030471205007827906,2.831552349585487E-4,0.007955868488627022,0.00220308955416571,8.092063645175169E-4,0.0015161973855598468,0.002374056597728625,0.002791393630176581,2.3604957097964464E-4,0.007847539214815798,0.0029866366663099508,9.973057079470159E-4,0.009881375124376738,0.002276866346007303,0.003557937563390827,0.002750464839380688,0.0029385582431510223,0.0029323663708750317,0.003100531829477871,1.0,5.765027486566647E-4,1.7511069909893767E-4,0.002507035275790599,0.0018872743828214414,0.005028590170996857,0.00920847718179894,0.0017443209607124338,0.002846102622185953,8.125394180818802E-4,0.0019166177393883572,0.0032227119545065355,0.002046940246163027,0.0060182385924747745,0.002174740158377152,0.003096235287707527,0.003066529063303075,0.0023978615265349704,5.402423691491904E-4,6.178863245891203E-4,2.712292980179243E-4,0.0023830195568774917],[8.543476005962572E-5,8.492950977935436E-4,2.1418816523274765E-5,1.4346542260702116E-4,0.0046022024473570105,0.0024752612335587954,0.0013718696376807662,0.006230073568374657,1.7997480228554148E-4,0.0024985716318841745,1.0048962465481777E-4,0.0024421388415135185,6.740198490547854E-5,6.605820302249179E-5,0.0023587011104996545,9.334552610317904E-4,1.3832405850735112E-4,1.3151087539790756E-4,1.0642070181904289E-4,3.568840989846893E-4,1.2195126363397123E-4,0.014149444284964076,1.6694152837146972E-4,1.0788990802496999E-4,0.0028505737366145874,1.7516268517414783E-4,0.0025555821535410087,8.206127278533097E-5,1.770242293297885E-4,0.0013518555838566027,1.3713014715565475E-4,5.765027486566647E-4,1.0,9.643275696889756E-5,2.71641621430463E-4,5.5915858492208226E-5,0.004819566639535874,0.0015464343740337378,1.1550826180237883E-4,1.3518683779709066E-4,2.0274498004423504E-4,4.0921100473451566E-4,3.716630595511087E-4,1.0916678675986118E-4,0.003018427089679516,1.7028189737279214E-4,3.342332930728201E-4,1.245019920318725E-4,8.409707067287877E-4,1.4225366311035824E-4,2.0515871801319669E-4,1.7661524297664965E-4,1.845792692899525E-4],[1.4649417371329073E-5,9.459360185292058E-5,1.4585878831393492E-5,1.7679952497323786E-5,0.010534111677995183,0.0010231054762726214,4.955792526478789E-4,0.03033166815414797,1.4189208736240782E-4,0.002688330216171208,1.4390627198571756E-5,0.0018544224079683664,2.7425493523236884E-5,1.1436097590892666E-5,0.0059074017117672975,2.8122839211057156E-4,8.803527763854682E-5,1.2552608032310582E-4,1.5992485588329426E-5,1.211974971719327E-4,1.9883628714654217E-5,0.0016224441671158546,1.2623695432288108E-4,8.978272329693109E-5,0.00497312571863168,1.3458844691361258E-4,0.016952120949324963,2.5812578632945787E-5,1.4628048987158326E-4,0.0022664539833656015,1.3858171578611992E-4,1.7511069909893767E-4,9.643275696889756E-5,1.0,4.2945882555745467E-4,1.9032880403568103E-5,0.0038835613055006836,0.0017877752551714728,7.164126459215438E-5,5.779561201508047E-5,1.25166825637446E-4,2.369594188487845E-4,1.1350009013302735E-5,1.1538718996634967E-5,0.008737305198401962,2.1296640980640228E-4,4.2451140540726806E-4,1.4175305347315516E-5,5.734390290835267E-4,1.6709974323792114E-4,1.2872759146645768E-4,6.570047880083894E-5,2.5998727545381675E-4],[2.1969188909950278E-4,9.103627884285814E-4,1.5593070565369054E-4,2.4141664474923324E-4,0.010656265932059336,0.001199459391644472,5.427898275700702E-4,0.006234515271778926,3.266159058036249E-4,0.0029627988788763267,2.962095167996859E-4,0.0013040578878836956,3.4777923275081004E-4,2.2789885556918436E-5,0.0022250020203129052,0.001052879188405432,3.177033935589474E-4,1.847458935624674E-4,4.7648984089296894E-4,5.09270492112632E-4,2.4315696899819442E-4,0.009733427146391648,3.481743273476879E-4,2.273408815225346E-4,0.006857540551633765,4.2616222759518955E-4,0.00409957831831543,1.0177899150125267E-4,3.4244783927405743E-4,0.0013146241558736368,3.346690373905154E-4,0.002507035275790599,2.71641621430463E-4,4.2945882555745467E-4,1.0,3.011270166938639E-4,0.005106996230465724,0.008562483922325103,2.4644420995050974E-4,1.937039373186037E-4,4.675343075248629E-4,4.704584875405106E-4,5.089971065685816E-4,2.6252444856829175E-5,0.005193450488281582,2.619569772502226E-4,8.282860567810707E-4,3.587855026667972E-4,8.803031501067605E-4,3.5373948296634167E-4,3.625514533026492E-4,2.4055899925865023E-4,4.6450235222138627E-4],[2.0645945317600785E-5,7.751245593888183E-4,2.050746448239415E-5,3.7605144499227406E-5,0.019343339165713163,1.259336365894339E-4,3.688938480663168E-4,0.031476000818865556,1.4462123944658268E-4,0.001717653549491055,2.2804226050903037E-5,0.005873695890463287,3.6698549939315325E-5,1.788589496239818E-5,0.00931704875098196,9.801882107208742E-4,1.390962610399696E-4,1.351530064072987E-4,2.0744712205531627E-5,1.4533998608545274E-4,5.9512188522607493E-5,0.014100007231786714,1.8926949732011965E-4,2.877834948629174E-5,0.00889334091185979,1.6176193539911007E-4,0.01620509777077193,2.5993187416570385E-5,7.506720118846848E-5,0.001401033608411784,5.093948635047974E-5,0.0018872743828214414,5.5915858492208226E-5,1.9032880403568103E-5,3.011270166938639E-4,1.0,0.004329832089681199,0.002431155592455558,5.438867105042536E-5,1.4779552431216168E-4,7.116985417196888E-5,3.966234348007929E-4,2.199999128879111E-5,2.0095469490342738E-5,3.109190192179931E-4,1.6931780448315614E-4,8.815050086740864E-5,5.197656468328037E-5,4.0155569534707