[[1.0,9.227219530468631E-5,0.007988831596155654,4.0466059938776485E-5,0.0021536203883703695,9.57921897844317E-4,4.754561667282178E-4,3.3274112823148023E-4,0.002402842501799989,0.0016907389050156848,9.89643301166317E-5,0.0014016789208591408,0.03392396923924465,3.8680105039409486E-4,2.0139846291266637E-5,4.90914042238933E-4,2.4558697122503204E-4,0.010617979969687575,1.4719946153632086E-4,6.387806529355362E-5,0.014693433661260939,1.6185893860254282E-4,1.0171912634070308E-4,2.3084140684534543E-5,7.361611792220405E-5,7.612167121750536E-5,1.4451359073970965E-4,2.345580773904945E-4,3.464129570483793E-5,1.003375159265919E-4,8.406212888237229E-5,2.2487915679543572E-5,4.469031220237172E-5,0.005196263791435691,1.7312030387984639E-4,2.4638926500893536E-5,0.00404573916522657,1.2892600852537243E-4,1.349109629563179E-4,7.510508169928039E-5,0.04042089054031048,0.010105716029039114],[9.227219530468631E-5,1.0,0.017472095580458043,1.0927947177324099E-4,0.011802464620651914,4.2649839015620995E-4,2.475429422702796E-4,1.9162140190303402E-4,0.0011035821429545587,0.0010375031500826257,1.6229926299979593E-4,0.001028887705279471,0.04008634942655438,7.435407491533613E-4,9.413789438333417E-5,0.008985000165861876,4.5885106036924685E-4,0.011896482300234752,1.5758322887377392E-4,1.6032473699931086E-4,0.018878264625997104,3.196924585897695E-4,1.049215166677612E-4,4.973580082828201E-5,1.2525187416646323E-4,1.0989555616032881E-4,2.13396286753153E-4,1.1763317184452153E-4,8.01096825196068E-5,0.0012034147532218665,1.2289171198379836E-4,6.104194383089765E-5,1.0649058937171692E-4,0.0040840430751613805,3.309871822968572E-4,3.406102625103399E-5,0.004606085814421555,2.065054488367339E-4,3.5273906462118126E-4,1.1745170985627524E-4,0.014806618792648102,0.010795973559879577],[0.007988831596155654,0.017472095580458043,1.0,0.011370016789729391,0.01793730143489158,0.007560265066723187,0.005678077721865595,0.0028296055705733856,0.015010256264144269,0.015143819113116337,0.009301058333266327,0.011645778586398472,0.04688707359902704,0.012688131738668267,0.013996400045229463,0.0136631989859047,0.010444792124716315,0.017630722813196924,0.008546300618585375,0.003602782351362831,0.01823209204990663,0.011128226865602215,0.004305707638042887,0.015849143026011394,0.008690188628815057,2.449042321595636E-4,0.003365441459145865,0.006572329174168129,0.011990993945997976,0.005389748124550304,0.004017188173688577,0.01713579253043784,0.004295189566791458,0.01623946368411936,0.014236259504003803,0.013857407927508347,0.015689833351223502,0.009472601646825474,0.006314572814446064,0.00857461792409549,0.030881766810049303,0.02230304009081239],[4.0466059938776485E-5,1.0927947177324099E-4,0.011370016789729391,1.0,0.017987729021172686,3.5177742548959625E-4,5.308665036943056E-4,0.0012195586175184018,0.0012197088669033314,7.705699667936388E-4,1.2583274945088488E-4,5.33472093393545E-4,0.030195328261400332,7.425167541703147E-4,9.843423695245947E-5,0.009899580873814453,2.387957325045964E-4,0.012790830034443356,1.1996236463022318E-4,2.0489929350956166E-4,0.005193015212920263,2.554509455736317E-4,1.1201714936355708E-4,1.1269597663527629E-4,1.2326388813167254E-4,1.1264477558646243E-4,1.4514591380250757E-4,2.018472003508106E-4,8.390778719249314E-5,0.0014083707801330594,1.6189152462255102E-4,9.42671599387322E-5,1.1208622359145141E-4,0.0020331135099360743,2.9398212683329515E-4,7.524059919856875E-5,0.003366601185201993,1.7167270053699388E-4,1.5369519813238552E-4,1.3161441358252506E-4,0.0447648388141417,0.015480014221185244],[0.0021536203883703695,0.011802464620651914,0.01793730143489158,0.017987729021172686,1.0,0.018242577998290155,0.0045528730874263845,0.012117697458390442,0.007757201833793459,0.015790792233263264,0.018985400993409042,0.015271725748396112,0.02769439045178554,0.008182212632818538,0.0028038050823199663,0.017653492956061154,0.011441392387676698,0.02001303148934908,0.015130650653916562,0.005823858291143022,0.02338146212114948,0.016125360593570892,0.008790078971449698,0.013918980345184169,0.004091032556798484,0.011511658498701038,0.01523421986159053,0.00682259668811139,0.018887433899603488,0.006884388391048277,0.012264743649558379,0.003393062077123611,6.227647736572877E-4,0.012590553253918745,0.01411770343453166,0.015680066627492252,0.019464447597273338,0.004276781479208949,0.014389958234066918,0.00865039328958218,0.04502790963833196,0.022671301866555162],[9.57921897844317E-4,4.2649839015620995E-4,0.007560265066723187,3.5177742548959625E-4,0.018242577998290155,1.0,0.001182699139677807,0.0015376671320678668,0.0028694051337416282,0.0016438494698497665,5.43443707561708E-4,0.0014337140824507958,0.036592539651132294,0.0011604854658989656,1.4731074223541766E-4,0.0019833338165322345,0.0010464934505511054,0.005075172590679095,3.899331870242742E-4,6.871218278347828E-4,0.001914075064654137,5.975460250190567E-4,8.909589032611015E-4,8.972468118420666E-4,6.371212588746006E-4,4.8563596567703757E-4,0.0011958302867276257,0.001047334834557039,0.0010528848024416477,0.0014707189837740225,8.90559723179645E-4,1.1613054505351895E-4,0.001189738102702204,0.002836553898799772,5.192867086776904E-4,2.5651098444816925E-4,0.009933627236501829,3.677961162572635E-4,8.571786779518268E-4,5.819934146133864E-4,0.03433850598897742,0.010322299616975906],[4.754561667282178E-4,2.475429422702796E-4,0.005678077721865595,5.308665036943056E-4,0.0045528730874263845,0.001182699139677807,1.0,0.0012280832022500444,0.0029568972748462456,0.00150786866197277,3.355727567098011E-4,0.0011883428919154376,0.006818327798160088,8.45278793489974E-4,7.247231260462257E-4,0.0013268813640894032,6.4844017960191E-4,0.001367630177776013,2.4304591127406202E-4,6.414829486556387E-4,0.004060869781691894,6.121452444565499E-4,8.413161259929356E-4,4.886834092953926E-4,2.1736253841944965E-4,9.991629513854926E-4,5.516733796562574E-4,6.417584046033108E-4,3.4395756762542094E-4,0.001436218018700793,7.919960714093074E-4,1.5394025822830157E-4,5.769572673302928E-4,0.005373460538279116,8.371692070574179E-4,2.2077555846489836E-4,0.007873993973583095,3.3075611996552707E-4,9.0464107656459E-4,3.1008537385648243E-4,0.04285256916326604,0.009699515090677884],[3.3274112823148023E-4,1.9162140190303402E-4,0.0028296055705733856,0.0012195586175184018,0.012117697458390442,0.0015376671320678668,0.0012280832022500444,1.0,0.003536357979671413,0.0019926820442892094,7.530530967946844E-4,0.001639244901525108,0.03359614293779512,0.0011686886216760747,7.360916509737898E-4,0.005496458647561913,0.0018406146757343883,0.015515818134616196,2.0717199868977882E-4,0.0012526505660518552,0.017478950616827114,5.898035913109007E-4,6.032433290774201E-4,8.205826881114258E-4,0.0012870395044178027,0.0014663779124751333,5.874422225089852E-4,8.945919100071677E-4,0.001830430933223689,0.0018057695612169703,5.473873915247896E-4,0.001527172112007519,0.0010128343815509456,0.00502438620417127,9.612270573559502E-4,7.049317361943309E-4,0.0019330670243035931,6.75242678219673E-4,9.583984729943493E-4,4.323928894273769E-4,0.008812503414340178,0.004493603225269628],[0.002402842501799989,0.0011035821429545587,0.015010256264144269,0.0012197088669033314,0.007757201833793459,0.0028694051337416282,0.0029568972748462456,0.003536357979671413,1.0,0.002294935314253637,3.9334794572575595E-4,0.00344178216160327,0.036617116857595305,8.142897245553643E-4,0.0012843430637603066,0.005797745027774,0.0021197637414656512,0.0067950498192835005,0.001266583319501472,0.0024033471404435285,0.023320083597258876,0.002260329873400109,0.0017018765468922654,0.0033143508356834944,0.002857744987338207,0.002826693636401135,0.0014098141465336525,0.0015315149458007622,0.0015173545048362057,0.001989614024967436,6.671320888732759E-4,0.0015248357898024175,5.14078463638314E-4,0.005830975739946431,0.00307247231890432,0.003584221202149103,0.004261990805473316,0.003124244291600776,0.0012012487349327184,0.002034930933269142,0.038325812992751965,0.019721453881210705],[0.0016907389050156848,0.0010375031500826257,0.015143819113116337,7.705699667936388E-4,0.015790792233263264,0.0016438494698497665,0.00150786866197277,0.0019926820442892094,0.002294935314253637,1.0,6.12967114063099E-4,0.0017892017594329402,0.03069416193093561,0.001754929137347983,1.7912368870329525E-5,0.003550701414568755,9.014591444143727E-4,0.002532177957079403,0.0015212361893837615,0.002090220062886048,0.011201568600890608,0.0016732433416219534,4.812160433466622E-4,7.679518880150302E-4,0.0014264275600112208,8.090227586217314E-4,0.002058624762169451,0.0013346211401199003,0.001429558091162514,0.0018677162919844593,5.34107185840561E-4,0.002026646373839272,5.969352994434769E-4,0.005099105247849253,0.0012725920997042482,8.370503193215497E-4,0.010931680999948599,5.16998046526047E-4,0.0017051374123025016,0.0015113738746506912,0.019172246060631823,0.013744766616890648],[9.89643301166317E-5,1.6229926299979593E-4,0.009301058333266327,1.2583274945088488E-4,0.018985400993409042,5.43443707561708E-4,3.355727567098011E-4,7.530530967946844E-4,3.9334794572575595E-4,6.12967114063099E-4,1.0,0.001064900250631863,0.042422962554922575,6.86053554597944E-4,8.903744079743808E-5,0.013331565732507523,1.8458585938947622E-4,0.0028663243157807067,1.7613884899726252E-4,2.3104930426234605E-4,0.01894206398229049,2.0870974319623913E-4,1.2152234518480762E-4,1.2358200580474244E-4,1.5658497283154658E-4,1.475154697775922E-4,2.6415986273845265E-4,1.9504703221486327E-4,5.6289608658890056E-5,9.98415188092737E-4,2.1209211237448484E-4,5.319256705690571E-5,1.6074474544651012E-4,0.004894282027277637,2.911600857556892E-4,6.382975159514685E-5,0.009522578940350614,1.659244756111995E-4,2.966320957167491E-4,1.5184056141675608E-4,0.045439170874925126,0.003597188081813902],[0.0014016789208591408,0.001028887705279471,0.011645778586398472,5.33472093393545E-4,0.015271725748396112,0.0014337140824507958,0.0011883428919154376,0.001639244901525108,0.00344178216160327,0.0017892017594329402,0.001064900250631863,1.0,0.010072069129377631,8.965225026324287E-4,2.4647993913216675E-4,0.00417963952815901,7.708694460362771E-4,0.009539843172599519,3.364633727082079E-4,0.0011706483420988601,0.009800857620223768,0.0012659720968409855,4.740652649615712E-4,0.0010013871227008068,0.001393601849847137,4.954909449182883E-4,0.0012561570005108667,7.093984454554467E-4,0.001019267528272027,0.0015212713099939624,6.215716287911705E-4,3.004799722633945E-4,0.0012779320878574373,0.0037831911589186864,9.988378061568525E-4,1.624055153253168E-4,0.003053586793105299,0.0012128977299382547,7.65962704292383E-4,1.8702853720201513E-4,0.030634410737452034,0.010563210780715338],[0.03392396923924465,0.04008634942655438,0.04688707359902704,0.030195328261400332,0.02769439045178554,0.036592539651132294,0.006818327798160088,0.03359614293779512,0.036617116857595305,0.03069416193093561,0.042422962554922575,0.010072069129377631,1.0,0.046881118822070765,0.016756984414337848,0.018096227996484002,0.049189164249887944,0.05537905504471309,0.01677201756703207,0.003475685809602045,0.02623573616759528,0.021019771701738445,0.02305233181247261,0.0021831954698437366,0.044242560659221525,0.03352938844066063,0.05048588469755283,0.041629968316206495,0.03569638587495218,0.01641799147142239,0.028634566702808582,0.053634632059558096,0.05761768483230172,0.006915943442271371,0.04887688421182584,0.02908790540970332,0.026865240576102112,0.03687283239892046,0.04044451126588241,0.03398201940243288,0.05599422225139893,0.03305867013859052],[3.8680105039409486E-4,7.435407491533613E-4,0.012688131738668267,7.425167541703147E-4,0.008182212632818538,0.0011604854658989656,8.45278793489974E-4,0.0011686886216760747,8.142897245553643E-4,0.001754929137347983,6.86053554597944E-4,8.965225026324287E-4,0.046881118822070765,1.0,2.266486953298176E-5,0.01265134112682044,6.193573688271513E-4,0.009548830405689702,4.5383063634285895E-4,5.153022551958375E-4,0.00841957547875032,5.94321602582564E-4,7.814405547340573E-4,6.473202819085449E-4,5.897994027932459E-4,1.707864591829479E-4,6.209350139850837E-4,6.887487195309291E-4,1.6655078393886107E-4,0.0012206815884063553,2.72746667925199E-4,4.0391015870701785E-4,5.956109848177299E-4,0.002518213080375394,5.66133764141554E-4,7.27489255295142E-4,0.003554667413164198,3.5795683511951834E-4,7.522682624185107E-4,3.595677509960814E-4,0.02129764596532746,0.01995466492023909],[2.0139846291266637E-5,9.413789438333417E-5,0.013996400045229463,9.843423695245947E-5,0.0028038050823199663,1.4731074223541766E-4,7.247231260462257E-4,7.360916509737898E-4,0.0012843430637603066,1.7912368870329525E-5,8.903744079743808E-5,2.4647993913216675E-4,0.016756984414337848,2.266486953298176E-5,1.0,0.01297473836594433,2.0359050087275386E-4,0.011773207964657527,4.2538526456637824E-5,1.133116064739532E-4,0.003912279156829083,1.3358778984717565E-4,4.2117939523742256E-5,1.4546949020586667E-5,1.2423105166596497E-4,8.491444696208434E-5,9.878659062547725E-5,2.1657795825728144E-4,3.5972640604945176E-5,7.362877116712559E-4,1.196957644656098E-4,1.4584003961859962E-5,7.703568594154991E-5,0.005540365430057397,1.9071833943683724E-4,2.467929799624936E-5,0.0088691267942594,2.4383188330654766E-4,3.494400112292928E-4,1.157419887515481E-4,0.02287338733169469,0.005950898181856506],[4.90914042238933E-4,0.008985000165861876,0.0136631989859047,0.009899580873814453,0.017653492956061154,0.0019833338165322345,0.0013268813640894032,0.005496458647561913,0.005797745027774,0.003550701414568755,0.013331565732507523,0.00417963952815901,0.018096227996484002,0.01265134112682044,0.01297473836594433,1.0,0.012727911088851181,0.014018957932634997,0.004586342406852809,0.011527076928855184,0.023396544479597964,8.086354261252454E-4,0.0030211381720998197,0.0026273012886909508,0.0010374247340228465,9.309148504701973E-4,0.010270290438906792,0.013053379033794324,0.011508191806993459,0.012104246213527377,0.005414954786998981,3.1573829794894533E-4,0.0025417890519227877,0.007669313139312116,0.01208583987360152,0.008787446342604322,0.012819587709032111,0.003986695443329631,0.008913315046046292,0.002145205058331987,0.036241963362404324,0.020392870704242776],[2.4558697122503204E-4,4.5885106036924685E-4,0.010444792124716315,2.387957325045964E-4,0.011441392387676698,0.0010464934505511054,6.4844017960191E-4,0.0018406146757343883,0.0021197637414656512,9.014591444143727E-4,1.8458585938947622E-4,7.708694460362771E-4,0.049189164249887944,6.193573688271513E-4,2.0359050087275386E-4,0.012727911088851181,1.0,0.01512875649458032,4.893555564396674E-4,4.5642439477644415E-4,0.011929758241854264,4.4896803452565686E-4,1.5942784025125084E-4,1.2735876401056304E-4,2.493459888651381E-4,3.046583794636517E-4,5.063139677450096E-4,6.112895299735051E-4,3.0549787095784367E-4,8.250697296025243E-4,5.077139646267371E-4,1.1836483268645052E-4,3.876638107498385E-4,0.0034083025086929465,4.1266665110003533E-4,2.877797763833019E-4,0.006477286997047924,5.475835601357129E-4,5.420359942004413E-4,4.632851255375917E-4,0.013159282982775036,0.006393198296815847],[0.010617979969687575,0.011896482300234752,0.017630722813196924,0.012790830034443356,0.02001303148934908,0.005075172590679095,0.001367630177776013,0.015515818134616196,0.0067950498192835005,0.002532177957079403,0.0028663243157807067,0.009539843172599519,0.05537905504471309,0.009548830405689702,0.011773207964657527,0.014018957932634997,0.01512875649458032,1.0,0.006350879023098881,0.005303355487461249,0.0230080742134859,0.01470207780849232,0.007442401393335332,0.016011595983977972,0.017098951397859077,0.014359656766677338,0.01468560951985479,0.004682956067191767,0.0035427899328805443,0.007129442067864513,0.010123282814732786,0.001785484423258772,0.009088060484574077,0.009898375813960749,0.007427032000179019,0.014507932649824933,0.01338634161012617,0.0011694363091473217,0.0071611081858592275,0.008633221125617686,0.023599198295194808,0.01937911214952502],[1.4719946153632086E-4,1.5758322887377392E-4,0.008546300618585375,1.1996236463022318E-4,0.015130650653916562,3.899331870242742E-4,2.4304591127406202E-4,2.0717199868977882E-4,0.001266583319501472,0.0015212361893837615,1.7613884899726252E-4,3.364633727082079E-4,0.01677201756703207,4.5383063634285895E-4,4.2538526456637824E-5,0.004586342406852809,4.893555564396674E-4,0.006350879023098881,1.0,3.124995865889085E-4,0.006169858009483161,3.060170310875581E-4,1.7633849729107416E-4,1.0292960083176382E-4,1.7892056124874624E-4,1.9191984037308596E-4,2.2279586328360053E-4,6.090528310347809E-4,1.2894235823428566E-4,3.029350017547627E-4,2.1483361229759625E-4,3.982584357283418E-5,1.6781334051475837E-4,0.004144834209094997,2.824478493606993E-4,7.410783796799416E-5,0.005285813153953378,2.1401517308364363E-4,3.293357409671625E-4,1.9416402372754717E-4,0.00843538045920915,7.105388382540023E-4],[6.387806529355362E-5,1.6032473699931086E-4,0.003602782351362831,2.0489929350956166E-4,0.005823858291143022,6.871218278347828E-4,6.414829486556387E-4,0.0012526505660518552,0.0024033471404435285,0.002090220062886048,2.3104930426234605E-4,0.0011706483420988601,0.003475685809602045,5.153022551958375E-4,1.133116064739532E-4,0.011527076928855184,4.5642439477644415E-4,0.005303355487461249,3.124995865889085E-4,1.0,0.018527759973407474,3.2299209488760236E-4,1.2872101869919396E-4,7.699556531424567E-5,2.7191300982315865E-4,2.2476608350697474E-4,3.0814132768930386E-4,4.791061053707955E-4,1.5772839798660628E-4,8.737117179358491E-4,2.9964114181226203E-4,1.355538284792508E-4,3.1025925367373654E-4,0.004626975938434659,3.365290210265481E-4,1.279444432012427E-4,0.006982169353283881,3.163342754581072E-4,3.5547787720166806E-4,1.4970841547614134E-4,0.03115987024525702,0.020910674224046025],[0.014693433661260939,0.018878264625997104,0.01823209204990663,0.005193015212920263,0.02338146212114948,0.001914075064654137,0.004060869781691894,0.017478950616827114,0.023320083597258876,0.011201568600890608,0.01894206398229049,0.009800857620223768,0.02623573616759528,0.00841957547875032,0.003912279156829083,0.023396544479597964,0.011929758241854264,0.0230080742134859,0.006169858009483161,0.018527759973407474,1.0,0.016636687844255264,0.00417820132642261,0.023805079093880025,0.020528085454039443,0.0056057563111388455,0.00406172690151512,0.005173182475478403,0.013240662157661244,0.013523285845860988,0.014603499215262784,0.01965429921636977,4.6310537258401367E-4,0.009915720942018647,0.008624977020832857,0.016026837509611674,0.02240324502524028,0.003085335466833656,0.013119654305628056,0.005033429999218945,0.044455511997073774,0.02333984929539551],[1.6185893860254282E-4,3.196924585897695E-4,0.011128226865602215,2.554509455736317E-4,0.016125360593570892,5.975460250190567E-4,6.121452444565499E-4,5.898035913109007E-4,0.002260329873400109,0.0016732433416219534,2.0870974319623913E-4,0.0012659720968409855,0.021019771701738445,5.94321602582564E-4,1.3358778984717565E-4,8.086354261252454E-4,4.4896803452565686E-4,0.01470207780849232,3.060170310875581E-4,3.2299209488760236E-4,0.016636687844255264,1.0,3.1918723096039986E-4,1.7742520553513312E-4,1.955255545356754E-4,3.0260765197806397E-4,3.030092568249935E-4,3.2902557839319823E-4,1.5464693108953884E-4,0.0014437696850719854,2.9894254608904953E-4,2.685517869361871E-4,1.1624528585369703E-4,0.005780624764993579,3.6195461471166823E-4,2.1504755814646018E-4,0.009557353802094664,2.984104655323847E-4,3.4776748230990465E-4,2.0867094095261234E-4,0.036571011355950166,0.003362523844213395],[1.0171912634070308E-4,1.049215166677612E-4,0.004305707638042887,1.1201714936355708E-4,0.008790078971449698,8.909589032611015E-4,8.413161259929356E-4,6.032433290774201E-4,0.0017018765468922654,4.812160433466622E-4,1.2152234518480762E-4,4.740652649615712E-4,0.02305233181247261,7.814405547340573E-4,4.2117939523742256E-5,0.0030211381720998197,1.5942784025125084E-4,0.007442401393335332,1.7633849729107416E-4,1.2872101869919396E-4,0.00417820132642261,3.1918723096039986E-4,1.0,6.954221270614926E-5,1.1903875429971304E-4,1.0956470830226958E-4,1.917872345372059E-4,4.99707185133179E-4,5.299383909993495E-5,0.0016148029265628681,1.1536675527070114E-4,2.5127205742132988E-5,1.0779577307588507E-4,0.005811999765125495,1.2130070855945524E-4,1.0680768521950865E-4,0.00902717175254358,2.4896529699559156E-4,2.2853257902534762E-4,1.308155578884088E-4,0.042899376791731565,0.01915065297843484],[2.3084140684534543E-5,4.973580082828201E-5,0.015849143026011394,1.1269597663527629E-4,0.013918980345184169,8.972468118420666E-4,4.886834092953926E-4,8.205826881114258E-4,0.0033143508356834944,7.679518880150302E-4,1.2358200580474244E-4,0.0010013871227008068,0.0021831954698437366,6.473202819085449E-4,1.4546949020586667E-5,0.0026273012886909508,1.2735876401056304E-4,0.016011595983977972,1.0292960083176382E-4,7.699556531424567E-5,0.023805079093880025,1.7742520553513312E-4,6.954221270614926E-5,1.0,1.338298048691851E-4,7.241327064969757E-5,6.819999849182298E-5,5.904308094140121E-4,1.974864622651144E-5,2.171952415940112E-4,1.1731960448921441E-4,1.345876088013526E-5,9.009805366234637E-5,0.0013164546768497038,1.3404576187414543E-4,1.8058751898136684E-5,0.009803000648220652,1.2362414750895822E-4,7.454219714608717E-5,1.1324471845653735E-4,0.004554232141142287,0.016115803319950817],[7.361611792220405E-5,1.2525187416646323E-4,0.008690188628815057,1.2326388813167254E-4,0.004091032556798484,6.371212588746006E-4,2.1736253841944965E-4,0.0012870395044178027,0.002857744987338207,0.0014264275600112208,1.5658497283154658E-4,0.001393601849847137,0.044242560659221525,5.897994027932459E-4,1.2423105166596497E-4,0.0010374247340228465,2.493459888651381E-4,0.017098951397859077,1.7892056124874624E-4,2.7191300982315865E-4,0.020528085454039443,1.955255545356754E-4,1.1903875429971304E-4,1.338298048691851E-4,1.0,1.381680059665571E-4,1.4429144491464712E-4,5.023519589037134E-4,5.932397874836E-5,7.523251325689799E-4,1.8440640392552123E-4,8.975150449705352E-5,1.1461642156136556E-4,9.878156935386202E-4,3.5513501696874614E-4,8.018878876362038E-5,0.002936794483057146,2.762852316437101E-4,2.4250855193187645E-4,1.4033108972718304E-4,0.017393974464276606,0.016152869984385244],[7.612167121750536E-5,1.0989555616032881E-4,2.449042321595636E-4,1.1264477558646243E-4,0.011511658498701038,4.8563596567703757E-4,9.991629513854926E-4,0.0014663779124751333,0.002826693636401135,8.090227586217314E-4,1.475154697775922E-4,4.954909449182883E-4,0.03352938844066063,1.707864591829479E-4,8.491444696208434E-5,9.309148504701973E-4,3.046583794636517E-4,0.014359656766677338,1.9191984037308596E-4,2.2476608350697474E-4,0.0056057563111388455,3.0260765197806397E-4,1.0956470830226958E-4,7.241327064969757E-5,1.381680059665571E-4,1.0,2.0483230921780726E-4,4.810566814874422E-4,4.7670351277574096E-5,0.0017358611138142568,1.662145081207529E-4,5.780939222270264E-5,1.120327786549528E-4,0.005929309864310105,3.448095801521548E-4,3.308299233383904E-5,0.008841321923523939,2.3690384451765818E-4,2.2251844300834965E-4,1.3828788504938088E-4,0.032579773803538735,0.0073702360705508695],[1.4451359073970965E-4,2.13396286753153E-4,0.003365441459145865,1.4514591380250757E-4,0.01523421986159053,0.0011958302867276257,5.516733796562574E-4,5.874422225089852E-4,0.0014098141465336525,0.002058624762169451,2.6415986273845265E-4,0.0012561570005108667,0.05048588469755283,6.209350139850837E-4,9.878659062547725E-5,0.010270290438906792,5.063139677450096E-4,0.01468560951985479,2.2279586328360053E-4,3.0814132768930386E-4,0.00406172690151512,3.030092568249935E-4,1.917872345372059E-4,6.819999849182298E-5,1.4429144491464712E-4,2.0483230921780726E-4,1.0,4.3308414840391077E-4,1.920632391788012E-4,8.724641371403989E-4,2.365122029556213E-4,1.796565893497064E-4,2.123174600872541E-4,0.0062224067323232045,3.0272577092279186E-4,2.4494598702339525E-4,0.009340582666570915,2.7789125690069316E-4,2.9674367969835096E-4,1.8777865334765887E-4,0.005564985623516501,0.019401596501571246],[2.345580773904945E-4,1.1763317184452153E-4,0.006572329174168129,2.018472003508106E-4,0.00682259668811139,0.001047334834557039,6.417584046033108E-4,8.945919100071677E-4,0.0015315149458007622,0.0013346211401199003,1.9504703221486327E-4,7.093984454554467E-4,0.041629968316206495,6.887487195309291E-4,2.1657795825728144E-4,0.013053379033794324,6.112895299735051E-4,0.004682956067191767,6.090528310347809E-4,4.791061053707955E-4,0.005173182475478403,3.2902557839319823E-4,4.99707185133179E-4,5.904308094140121E-4,5.023519589037134E-4,4.810566814874422E-4,4.3308414840391077E-4,1.0,2.6834195644973475E-4,0.0017279280612223725,3.178201028936238E-4,2.4795017115496117E-4,1.63745057351281E-4,0.0011959692612231862,5.241837030531451E-4,5.368044501002656E-4,0.00934147384026961,4.119285640138021E-4,4.4636548313355454E-4,3.997640678821813E-4,0.03970580096968426,0.009269211740379658],[3.464129570483793E-5,8.01096825196068E-5,0.011990993945997976,8.390778719249314E-5,0.018887433899603488,0.0010528848024416477,3.4395756762542094E-4,0.001830430933223689,0.0015173545048362057,0.001429558091162514,5.6289608658890056E-5,0.001019267528272027,0.03569638587495218,1.6655078393886107E-4,3.5972640604945176E-5,0.011508191806993459,3.0549787095784367E-4,0.0035427899328805443,1.2894235823428566E-4,1.5772839798660628E-4,0.013240662157661244,1.5464693108953884E-4,5.299383909993495E-5,1.974864622651144E-5,5.932397874836E-5,4.7670351277574096E-5,1.920632391788012E-4,2.6834195644973475E-4,1.0,0.0014583919151704128,9.608581609408075E-5,2.366318991423826E-5,5.6040670626414405E-5,3.305096120025414E-4,2.2768139324580398E-4,3.392122720346831E-5,0.008899375243273597,2.785137601013858E-4,1.583185260734158E-4,1.255257008376764E-4,0.020346069288106287,0.016433672467894605],[1.003375159265919E-4,0.0012034147532218665,0.005389748124550304,0.0014083707801330594,0.006884388391048277,0.0014707189837740225,0.001436218018700793,0.0018057695612169703,0.001989614024967436,0.0018677162919844593,9.98415188092737E-4,0.0015212713099939624,0.01641799147142239,0.0012206815884063553,7.362877116712559E-4,0.012104246213527377,8.250697296025243E-4,0.007129442067864513,3.029350017547627E-4,8.737117179358491E-4,0.013523285845860988,0.0014437696850719854,0.0016148029265628681,2.171952415940112E-4,7.523251325689799E-4,0.0017358611138142568,8.724641371403989E-4,0.0017279280612223725,0.0014583919151704128,1.0,3.663223170723474E-4,0.0012787358179661337,0.0010904408408363004,0.0022435090511986333,6.186787632456844E-4,4.047887218766557E-4,0.003330550936504,6.722115447086931E-4,0.0010106442374342916,6.37605157935218E-4,0.0025773111754797415,0.010183440173674438],[8.406212888237229E-5,1.2289171198379836E-4,0.004017188173688577,1.6189152462255102E-4,0.012264743649558379,8.90559723179645E-4,7.919960714093074E-4,5.473873915247896E-4,6.671320888732759E-4,5.34107185840561E-4,2.1209211237448484E-4,6.215716287911705E-4,0.028634566702808582,2.72746667925199E-4,1.196957644656098E-4,0.005414954786998981,5.077139646267371E-4,0.010123282814732786,2.1483361229759625E-4,2.9964114181226203E-4,0.014603499215262784,2.9894254608904953E-4,1.1536675527070114E-4,1.1731960448921441E-4,1.8440640392552123E-4,1.662145081207529E-4,2.365122029556213E-4,3.178201028936238E-4,9.608581609408075E-5,3.663223170723474E-4,1.0,1.9213985034953213E-4,1.5577885951419593E-4,0.003181280678901353,3.536725801341859E-4,1.7932282500106433E-4,0.0019127469412682568,2.2734384427057752E-4,2.4400827099456586E-4,1.937445907498016E-4,0.024404733148574047,0.0076420214748021955],[2.2487915679543572E-5,6.104194383089765E-5,0.01713579253043784,9.42671599387322E-5,0.003393062077123611,1.1613054505351895E-4,1.5394025822830157E-4,0.001527172112007519,0.0015248357898024175,0.002026646373839272,5.319256705690571E-5,3.004799722633945E-4,0.053634632059558096,4.0391015870701785E-4,1.4584003961859962E-5,3.1573829794894533E-4,1.1836483268645052E-4,0.001785484423258772,3.982584357283418E-5,1.355538284792508E-4,0.01965429921636977,2.685517869361871E-4,2.5127205742132988E-5,1.345876088013526E-5,8.975150449705352E-5,5.780939222270264E-5,1.796565893497064E-4,2.4795017115496117E-4,2.366318991423826E-5,0.0012787358179661337,1.9213985034953213E-4,1.0,5.472225358521465E-5,0.002825287363493131,1.8428875384877727E-4,1.3891492879141627E-5,0.007333494384550195,1.7868289999119398E-4,2.6689694694300976E-4,1.2581386669975012E-4,0.031726061382333776,0.0026234510635621774],[4.469031220237172E-5,1.0649058937171692E-4,0.004295189566791458,1.1208622359145141E-4,6.227647736572877E-4,0.001189738102702204,5.769572673302928E-4,0.0010128343815509456,5.14078463638314E-4,5.969352994434769E-4,1.6074474544651012E-4,0.0012779320878574373,0.05761768483230172,5.956109848177299E-4,7.703568594154991E-5,0.0025417890519227877,3.876638107498385E-4,0.009088060484574077,1.6781334051475837E-4,3.1025925367373654E-4,4.6310537258401367E-4,1.1624528585369703E-4,1.0779577307588507E-4,9.009805366234637E-5,1.1461642156136556E-4,1.120327786549528E-4,2.123174600872541E-4,1.63745057351281E-4,5.6040670626414405E-5,0.0010904408408363004,1.5577885951419593E-4,5.472225358521465E-5,1.0,0.0022417615611143808,2.40826413785947E-4,1.0833539077658317E-4,9.87587684154528E-4,2.130103230817639E-4,2.697069257812452E-4,1.1981482529726616E-4,0.03301012375684189,0.0232551272876809],[0.005196263791435691,0.0040840430751613805,0.01623946368411936,0.0020331135099360743,0.012590553253918745,0.002836553898799772,0.005373460538279116,0.00502438620417127,0.005830975739946431,0.005099105247849253,0.004894282027277637,0.0037831911589186864,0.006915943442271371,0.002518213080375394,0.005540365430057397,0.007669313139312116,0.0034083025086929465,0.009898375813960749,0.004144834209094997,0.004626975938434659,0.009915720942018647,0.005780624764993579,0.005811999765125495,0.0013164546768497038,9.878156935386202E-4,0.005929309864310105,0.0062224067323232045,0.0011959692612231862,3.305096120025414E-4,0.0022435090511986333,0.003181280678901353,0.002825287363493131,0.0022417615611143808,1.0,0.0017492758665330328,3.494866508847154E-4,0.010268967572151896,0.0036831470988770297,0.0028113444479437133,0.0066186774837133895,0.00818852262730067,0.020433500020265217],[1.7312030387984639E-4,3.309871822968572E-4,0.014236259504003803,2.9398212683329515E-4,0.01411770343453166,5.192867086776904E-4,8.371692070574179E-4,9.612270573559502E-4,0.00307247231890432,0.0012725920997042482,2.911600857556892E-4,9.988378061568525E-4,0.04887688421182584,5.66133764141554E-4,1.9071833943683724E-4,0.01208583987360152,4.1266665110003533E-4,0.007427032000179019,2.824478493606993E-4,3.365290210265481E-4,0.008624977020832857,3.6195461471166823E-4,1.2130070855945524E-4,1.3404576187414543E-4,3.5513501696874614E-4,3.448095801521548E-4,3.0272577092279186E-4,5.241837030531451E-4,2.2768139324580398E-4,6.186787632456844E-4,3.536725801341859E-4,1.8428875384877727E-4,2.40826413785947E-4,0.0017492758665330328,1.0,2.0921961714063972E-4,0.005630175506646386,3.447112752712335E-4,3.863629657791563E-4,3.183371993541893E-4,0.016170294039748314,0.003222216537893497],[2.4638926500893536E-5,3.406102625103399E-5,0.013857407927508347,7.524059919856875E-5,0.015680066627492252,2.5651098444816925E-4,2.2077555846489836E-4,7.049317361943309E-4,0.003584221202149103,8.370503193215497E-4,6.382975159514685E-5,1.624055153253168E-4,0.02908790540970332,7.27489255295142E-4,2.467929799624936E-5,0.008787446342604322,2.877797763833019E-4,0.014507932649824933,7.410783796799416E-5,1.279444432012427E-4,0.016026837509611674,2.1504755814646018E-4,1.0680768521950865E-4,1.8058751898136684E-5,8.018878876362038E-5,3.308299233383904E-5,2.4494598702339525E-4,5.368044501002656E-4,3.392122720346831E-5,4.047887218766557E-4,1.7932282500106433E-4,1.3891492879141627E-5,1.0833539077658317E-4,3.494866508847154E-4,2.0921961714063972E-4,1.0,0.006038668463440386,7.363991240220041E-5,3.171157227371866E-4,4.4897278919317154E-5,0.003922060609467454,0.01576056151587233],[0.00404573916522657,0.004606085814421555,0.015689833351223502,0.003366601185201993,0.019464447597273338,0.009933627236501829,0.007873993973583095,0.0019330670243035931,0.004261990805473316,0.010931680999948599,0.009522578940350614,0.003053586793105299,0.026865240576102112,0.003554667413164198,0.0088691267942594,0.012819587709032111,0.006477286997047924,0.01338634161012617,0.005285813153953378,0.006982169353283881,0.02240324502524028,0.009557353802094664,0.00902717175254358,0.009803000648220652,0.002936794483057146,0.008841321923523939,0.009340582666570915,0.00934147384026961,0.008899375243273597,0.003330550936504,0.0019127469412682568,0.007333494384550195,9.87587684154528E-4,0.010268967572151896,0.005630175506646386,0.006038668463440386,1.0,0.0034909315854740365,0.004405495618843586,0.006211371996416052,0.02215679900832073,0.012681028623129226],[1.2892600852537243E-4,2.065054488367339E-4,0.009472601646825474,1.7167270053699388E-4,0.004276781479208949,3.677961162572635E-4,3.3075611996552707E-4,6.75242678219673E-4,0.003124244291600776,5.16998046526047E-4,1.659244756111995E-4,0.0012128977299382547,0.03687283239892046,3.5795683511951834E-4,2.4383188330654766E-4,0.003986695443329631,5.475835601357129E-4,0.0011694363091473217,2.1401517308364363E-4,3.163342754581072E-4,0.003085335466833656,2.984104655323847E-4,2.4896529699559156E-4,1.2362414750895822E-4,2.762852316437101E-4,2.3690384451765818E-4,2.7789125690069316E-4,4.119285640138021E-4,2.785137601013858E-4,6.722115447086931E-4,2.2734384427057752E-4,1.7868289999119398E-4,2.130103230817639E-4,0.0036831470988770297,3.447112752712335E-4,7.363991240220041E-5,0.0034909315854740365,1.0,3.676487296039642E-4,2.1505066635479626E-4,0.007198785871777194,0.02023268210554617],[1.349109629563179E-4,3.5273906462118126E-4,0.006314572814446064,1.5369519813238552E-4,0.014389958234066918,8.571786779518268E-4,9.0464107656459E-4,9.583984729943493E-4,0.0012012487349327184,0.0017051374123025016,2.966320957167491E-4,7.65962704292383E-4,0.04044451126588241,7.522682624185107E-4,3.494400112292928E-4,0.008913315046046292,5.420359942004413E-4,0.0071611081858592275,3.293357409671625E-4,3.5547787720166806E-4,0.013119654305628056,3.4776748230990465E-4,2.2853257902534762E-4,7.454219714608717E-5,2.4250855193187645E-4,2.2251844300834965E-4,2.9674367969835096E-4,4.4636548313355454E-4,1.583185260734158E-4,0.0010106442374342916,2.4400827099456586E-4,2.6689694694300976E-4,2.697069257812452E-4,0.0028113444479437133,3.863629657791563E-4,3.171157227371866E-4,0.004405495618843586,3.676487296039642E-4,1.0,2.6859152177932894E-4,0.03346153977761638,0.01973095792389675],[7.510508169928039E-5,1.1745170985627524E-4,0.00857461792409549,1.3161441358252506E-4,0.00865039328958218,5.819934146133864E-4,3.1008537385648243E-4,4.323928894273769E-4,0.002034930933269142,0.0015113738746506912,1.5184056141675608E-4,1.8702853720201513E-4,0.03398201940243288,3.595677509960814E-4,1.157419887515481E-4,0.002145205058331987,4.632851255375917E-4,0.008633221125617686,1.9416402372754717E-4,1.4970841547614134E-4,0.005033429999218945,2.0867094095261234E-4,1.308155578884088E-4,1.1324471845653735E-4,1.4033108972718304E-4,1.3828788504938088E-4,1.8777865334765887E-4,3.997640678821813E-4,1.255257008376764E-4,6.37605157935218E-4,1.937445907498016E-4,1.2581386669975012E-4,1.1981482529726616E-4,0.0066186774837133895,3.183371993541893E-4,4.4897278919317154E-5,0.006211371996416052,2.1505066635479626E-4,2.6859152177932894E-4,1.0,0.02059720518884174,0.0057333001110444395],[0.04042089054031048,0.014806618792648102,0.030881766810049303,0.0447648388141417,0.04502790963833196,0.03433850598897742,0.04285256916326604,0.008812503414340178,0.038325812992751965,0.019172246060631823,0.045439170874925126,0.030634410737452034,0.05599422225139893,0.02129764596532746,0.02287338733169469,0.036241963362404324,0.013159282982775036,0.023599198295194808,0.00843538045920915,0.03115987024525702,0.044455511997073774,0.036571011355950166,0.042899376791731565,0.004554232141142287,0.017393974464276606,0.032579773803538735,0.005564985623516501,0.03970580096968426,0.020346069288106287,0.0025773111754797415,0.024404733148574047,0.031726061382333776,0.03301012375684189,0.00818852262730067,0.016170294039748314,0.003922060609467454,0.02215679900832073,0.007198785871777194,0.03346153977761638,0.02059720518884174,1.0,0.03092385166233603],[0.010105716029039114,0.010795973559879577,0.02230304009081239,0.015480014221185244,0.022671301866555162,0.010322299616975906,0.009699515090677884,0.004493603225269628,0.019721453881210705,0.013744766616890648,0.003597188081813902,0.010563210780715338,0.03305867013859052,0.01995466492023909,0.005950898181856506,0.020392870704242776,0.006393198296815847,0.01937911214952502,7.105388382540023E-4,0.020910674224046025,0.02333984929539551,0.003362523844213395,0.01915065297843484,0.016115803319950817,0.016152869984385244,0.0073702360705508695,0.019401596501571246,0.009269211740379658,0.016433672467894605,0.010183440173674438,0.0076420214748021955,0.0026234510635621774,0.0232551272876809,0.020433500020265217,0.003222216537893497,0.01576056151587233,0.012681028623129226,0.02023268210554617,0.01973095792389675,0.0057333001110444395,0.03092385166233603,1.0]]