[[1.0,8.409090541100657E-5,2.415150585040506E-5,7.835665944148877E-5,1.0053635149598325E-4,0.04893817332527729,6.182216650767958E-5,2.861768164363135E-5,2.12744166845316E-4,1.3897967832326882E-4,8.353487027462259E-5,0.0029417226356711497,5.489465721415687E-5,1.4541206836257193E-4,2.1550688105266227E-4,3.0466843236047488E-5,0.003916548244102705,0.006202048950138175,1.8506008088594269E-4,1.9141979999502822E-4,1.0458608920620304E-4,1.3322382306660277E-4,0.0011688859470807827,2.3435509700129537E-4,0.0015676201846441195,0.0015846008191535148,0.011518089956065085,0.021450295052309727,3.0092866808794947E-5,1.056713010683163E-5,7.898382876552062E-5,0.01329038449201681,6.653526814003578E-5,0.04587974061349345,3.137712632636985E-4,6.434348799822282E-5,7.32265126186468E-5,2.7405417192938093E-5,3.0476428456452376E-5,1.237100439309626E-4,0.0016826019256643498,6.219463921703372E-5,4.247079451127839E-5,3.3167610193010855E-4,9.547349212153273E-5,1.9769970247553446E-5,3.352532845543943E-5],[8.409090541100657E-5,1.0,3.935700024374172E-5,1.099584968680942E-4,0.001650195121352297,0.01962762817301596,1.100767182486723E-4,2.9343603120168547E-5,1.419234438683204E-4,1.2208316689996525E-4,1.2997929914956526E-4,0.004098431755137058,8.640498068671027E-5,6.671956986421693E-4,4.583294059584456E-4,9.675880969380446E-5,0.0034837278898174383,0.0035402083198624664,2.3646216079997829E-4,1.1291653406817074E-4,1.214681099889473E-4,1.3475822023414381E-4,9.986327116357349E-4,0.052304745101039156,0.009138523999507231,6.72777021425407E-4,0.011689744051168668,0.027509880986559827,6.65841111610408E-5,8.404196274240991E-5,1.2644452782319612E-4,0.016351187583564696,1.1130761261646862E-4,0.045382158947414104,5.359009237344778E-4,1.5311867021577014E-4,4.974187405851615E-4,5.646603476060165E-5,9.305801071062388E-5,2.749922133467325E-4,0.001334091693277189,1.1025652446054626E-4,8.656810675487931E-5,0.0013348971275723748,1.0591863256222885E-4,2.1170946490074137E-5,7.148272109695005E-5],[2.415150585040506E-5,3.935700024374172E-5,1.0,6.834779351590751E-5,9.4384521838527E-4,0.009461453119402639,4.2052693156919866E-5,1.7781573079568932E-5,1.3852582610771803E-4,9.939296365780157E-5,7.153013337229848E-5,0.0029922952649109272,5.430831035524367E-5,3.51015826549254E-4,8.148538701896641E-4,1.864881943265452E-5,0.004413186816275346,0.0010951768040676998,3.165402588489358E-4,6.238954733156458E-5,7.753019609047847E-5,4.0364767186723614E-4,0.0013401545242469422,0.008598232165747658,0.014428014755660142,0.001491967719035036,0.007127279539835216,0.03729755142731867,1.98365290951313E-5,1.626524239719692E-5,5.784819812486782E-5,0.032262555794208767,2.0182742067853496E-5,0.009543701752787771,3.486109142018197E-4,9.477612298839317E-5,1.3284142184072473E-4,1.8233260578698267E-5,2.1753994061923857E-5,3.3901605093381455E-4,2.9615848889474265E-4,6.443559886034741E-5,2.0336034860965544E-5,7.259980792587659E-4,9.553353437680009E-5,1.8405780600239562E-5,1.9239964347711128E-5],[7.835665944148877E-5,1.099584968680942E-4,6.834779351590751E-5,1.0,6.463904527099868E-4,0.017063294832866505,1.0677594626755981E-4,8.787759371929741E-5,2.4004961264647724E-4,1.1986813602006867E-4,1.2875294593597892E-4,0.00402880319849243,8.221268284082489E-5,3.789697800956704E-4,2.9140986047188023E-4,4.009697187393588E-5,0.003882122816529677,0.010193531329792414,1.3076270210455996E-4,1.755392565795341E-4,1.1254329454360982E-4,3.7417077145631913E-4,0.0013463903524666395,0.009041539854674598,0.012073397934454598,5.473880539615904E-4,9.537602653957352E-4,0.018659131491472948,9.78864716543226E-5,1.9025586983945636E-5,1.4240072614967475E-4,1.3261564963048866E-4,1.1024503792283088E-4,0.043148504665295184,8.243023821906594E-4,1.2557589197859572E-4,6.102506875860763E-4,9.825365599918628E-5,6.751222126856631E-5,1.1298943159371725E-4,0.00230482069639365,1.0549755276677461E-4,3.203241450235459E-5,4.3083535415680346E-4,1.061876232727765E-4,8.804056894839148E-5,9.853132037668355E-5],[1.0053635149598325E-4,0.001650195121352297,9.4384521838527E-4,6.463904527099868E-4,1.0,0.017945049200549963,9.800306596790167E-4,8.592950330051912E-4,0.002372295687644272,0.001761755932206148,5.57926142504104E-4,0.0054830697476077285,0.0012774372099321684,0.0019348461405814016,0.001799231759107292,7.090808788658225E-4,0.0028985970867351123,0.008227953486124248,0.001336520171893387,2.6857726236336393E-4,0.002033141760508444,0.0010103898042677635,0.0024434214135019986,0.04070346177764891,0.013544711029300558,0.001782324910629433,0.016260260198418697,0.007681343459319416,6.05212006941313E-4,0.0022784474936476473,0.0021077267705767967,0.0026256779586766197,8.349110204408921E-4,0.0025145352275352966,0.001596960700833078,0.002160828540575307,0.0019493196084567458,5.452393760338601E-4,0.0023693076721004683,0.0019185859548307505,0.0024744190195525972,0.0023602147597763475,0.002192246776773565,0.0020257139596800812,4.5420721556348393E-4,2.4431696461144016E-4,6.102963671123873E-4],[0.04893817332527729,0.01962762817301596,0.009461453119402639,0.017063294832866505,0.017945049200549963,1.0,0.032775032620013494,0.0015144523339413716,0.01394970543144427,0.04549400848576205,0.00926864849672943,0.04705736706048431,0.011178510977664737,0.052060243488367464,0.032239794244077226,0.013811354346099336,0.04074108993806915,0.01497171850348771,0.0366494867229049,0.0385110965222933,0.02375686827132007,0.020964122797520593,0.04455645263466091,0.056953646516699145,0.02348137562605776,0.04560911527610726,0.026249019764116262,0.050272684510132594,0.04758757430948593,0.04711041663424505,0.01800674385094924,0.03890364538216788,0.013831696244421427,0.050663113126694435,0.0038664708580284897,0.028721663077909656,0.0323010839622661,0.00961501796689495,0.04801043857289625,0.047556818815200796,0.02862242879392167,0.047100438618898774,0.03184052562753049,0.03540889911512527,0.03906539547925087,0.013854232285728156,0.02168446344429771],[6.182216650767958E-5,1.100767182486723E-4,4.2052693156919866E-5,1.0677594626755981E-4,9.800306596790167E-4,0.032775032620013494,1.0,5.3983700962224234E-5,1.547430205493992E-4,1.5780218868258867E-4,1.4494691348443102E-4,8.241483346704629E-4,7.394254110898362E-5,4.2026843348651183E-4,4.147452455005408E-4,6.734982765229405E-5,0.0027828186994082187,0.0033559496647381564,3.181485261149925E-4,1.3003795155454843E-4,1.1645882208681868E-4,3.938196000458103E-4,0.0013577832025772666,0.048201454069324384,0.008764498439892042,0.001121492835785357,0.012889293628085954,0.0313776646195043,8.614712263486541E-5,3.4027088027302534E-5,1.3068135172834933E-4,0.02576803393486427,1.0950834078878842E-4,0.03608396470627347,5.405628407848625E-4,1.2756044551881835E-4,6.011492647965913E-4,2.784956930551318E-5,5.5719992152228375E-5,2.23407898323145E-4,0.0029327829302857374,1.0800487303288621E-4,6.344170541507942E-5,9.00289090789772E-4,1.0488687072483349E-4,8.255237580437199E-5,3.988812867133927E-5],[2.861768164363135E-5,2.9343603120168547E-5,1.7781573079568932E-5,8.787759371929741E-5,8.592950330051912E-4,0.0015144523339413716,5.3983700962224234E-5,1.0,2.4381251696281955E-4,8.555641163020649E-5,1.4131455969628413E-4,0.002095822190976794,5.209240492590512E-5,6.619329980555637E-4,3.6844872910738575E-4,1.6083959693582458E-5,0.0015941553415643006,0.0033480246890553516,9.045953357936442E-5,1.4204855204804723E-4,7.587298796267384E-5,4.136495916297616E-4,0.0010683648326184946,0.013761877762719317,0.013447526106453885,0.001550380801051366,0.00792470020254536,0.024874230382713528,1.9803014444068432E-5,1.565864935515358E-5,4.503478082929489E-5,0.0018288540893455576,6.704303067235887E-5,0.02942106117469694,2.463528248074961E-4,1.0253430033035555E-4,7.116063715965244E-4,1.6031432217291657E-5,2.4220284332126452E-5,3.300532788452137E-4,0.003141282298912728,1.766404783258412E-5,1.807121179213903E-5,0.001463234304658218,2.4760349977131883E-5,1.6000417975953052E-5,1.7660678956254063E-5],[2.12744166845316E-4,1.419234438683204E-4,1.3852582610771803E-4,2.4004961264647724E-4,0.002372295687644272,0.01394970543144427,1.547430205493992E-4,2.4381251696281955E-4,1.0,2.2215437863131653E-4,2.275673974057238E-4,0.004930531296645889,7.010680100975142E-5,2.8718503527536604E-4,7.396070005788308E-4,1.361345413914584E-4,0.0021123047455336797,0.005671324741740582,3.3455665410568277E-4,2.4185677029603023E-4,1.4162380039328053E-4,4.957460019663891E-4,0.0010940409977627601,0.004055715570938005,0.014685192629908505,3.351116143890635E-4,0.012899527091099337,0.024709414665313283,1.3570327070866519E-4,2.3496587480387196E-4,2.0440219176210184E-4,0.03326986657433423,2.246374263983683E-4,0.045391052989339306,0.0010340962491729394,1.604967479997536E-4,7.589215693715131E-4,3.5202744646614796E-5,6.702193042097756E-5,2.937645125658175E-4,9.079156472970814E-4,2.024085541480881E-4,1.1227074424041431E-4,0.0012790661015970376,2.1573398967238773E-4,1.6379348940902705E-4,6.979472693291025E-5],[1.3897967832326882E-4,1.2208316689996525E-4,9.939296365780157E-5,1.1986813602006867E-4,0.001761755932206148,0.04549400848576205,1.5780218868258867E-4,8.555641163020649E-5,2.2215437863131653E-4,1.0,1.5049907320798526E-4,0.004837413683267589,8.072078969297647E-5,2.0312869696794057E-4,3.1481272582106084E-4,1.3425167968822167E-4,0.002165313789019746,0.009069697660648808,2.208952109431868E-4,1.8113644873725857E-4,1.5547161042694002E-4,5.387943703277118E-4,8.81741220069252E-4,5.760843206217418E-4,0.0026180687293766262,0.0016160421418286225,0.006583143025161847,0.02604525293463758,1.3984113775237177E-4,1.571062804311523E-4,1.555206024722201E-4,0.006090309974150431,1.1898145917976733E-4,0.009126510453141992,0.0010617133026725436,1.6010686057749075E-4,4.096897264365708E-4,7.479513465483899E-5,1.4709392709951852E-4,3.089894834939366E-4,0.0024137418924391457,1.2412654175844825E-4,1.0181700305971687E-4,6.252203434453797E-4,1.4412141047645606E-4,2.8781989744153016E-5,9.655607547820881E-5],[8.353487027462259E-5,1.2997929914956526E-4,7.153013337229848E-5,1.2875294593597892E-4,5.57926142504104E-4,0.00926864849672943,1.4494691348443102E-4,1.4131455969628413E-4,2.275673974057238E-4,1.5049907320798526E-4,1.0,0.005482157279259798,1.3974003817859848E-4,4.444793938306301E-4,9.409520198482026E-4,3.1913483474609554E-5,0.0035821837496955757,0.005571970125074004,2.8495441358736035E-4,1.8922177560624475E-4,1.3636343491843747E-4,5.461002073660652E-4,2.8772813054223263E-4,0.04679334186504266,0.016552223335428724,0.0012195265618936118,0.0031984422605124876,0.0364202396870983,5.535178185474556E-5,7.828460584549328E-5,1.4593073723073691E-4,0.015903282011097985,1.2363300198379437E-4,0.04746887514161182,0.001119037859729573,1.5090655894926558E-4,5.443599254494106E-4,6.28491059175536E-5,6.89806896765831E-5,2.878209237871912E-4,0.0015316166849887426,1.2002735996458564E-4,1.1727539837350509E-4,9.217984274848932E-4,1.2093574791487594E-4,1.404288579099211E-4,6.155558466531072E-5],[0.0029417226356711497,0.004098431755137058,0.0029922952649109272,0.00402880319849243,0.0054830697476077285,0.04705736706048431,8.241483346704629E-4,0.002095822190976794,0.004930531296645889,0.004837413683267589,0.005482157279259798,1.0,0.004103247791159871,0.003669949992833337,0.0032210620965028632,0.0020997837776949454,0.005022645852319691,0.008781244566997786,8.854137323569069E-4,0.0015997607273929623,0.002187104925773388,0.0042383396664348654,0.004506507983873903,0.01660024769922606,0.0061603572995320545,0.004617155730306091,0.015831678066792084,0.010695529834735621,0.005038778182174943,0.00496380200246568,0.004280772896612352,0.032891234559194224,0.005389634463156857,0.021658718352981086,0.005088325058820773,8.3500058588226E-4,0.004752373835984006,0.0022282760490329938,0.004448567259496845,0.001172444174125505,0.0038279105900315634,0.0026839031663374135,0.0023944023765794767,0.0041409600373460125,0.0040358888803503,0.005316235644959233,0.0020740904456576425],[5.489465721415687E-5,8.640498068671027E-5,5.430831035524367E-5,8.221268284082489E-5,0.0012774372099321684,0.011178510977664737,7.394254110898362E-5,5.209240492590512E-5,7.010680100975142E-5,8.072078969297647E-5,1.3974003817859848E-4,0.004103247791159871,1.0,1.59504666275605E-4,7.226920283641616E-4,5.272063557237091E-5,6.902037798593655E-4,0.003815473163478402,2.8248074735246815E-4,1.5130782859295236E-4,8.224581946919129E-5,2.306207236777107E-4,5.722188577222017E-4,0.05180654789629035,0.011036996213606045,6.108769395241245E-5,0.015353345692694975,0.0060608588120187965,3.142495407887422E-5,1.9284877248474008E-5,1.1068989852870605E-4,0.029388954234838744,8.472610066080673E-5,0.029784933657325516,0.00103284786879741,1.450569060613027E-4,9.41319805112278E-4,3.1887418602699976E-5,3.942609136519234E-5,7.629909505355907E-5,0.0015736675815916372,6.794881502380458E-5,4.350561221634321E-5,3.12446075577705E-4,7.812843969899505E-5,4.8580244373403944E-5,3.764831417056759E-5],[1.4541206836257193E-4,6.671956986421693E-4,3.51015826549254E-4,3.789697800956704E-4,0.0019348461405814016,0.052060243488367464,4.2026843348651183E-4,6.619329980555637E-4,2.8718503527536604E-4,2.0312869696794057E-4,4.444793938306301E-4,0.003669949992833337,1.59504666275605E-4,1.0,7.924960913743364E-4,5.2319230070546787E-5,0.0010148580717563175,0.009414249087797623,3.84256894830181E-4,5.736971753566661E-4,3.1457717401418877E-4,6.84990763849451E-4,0.0010405690011951294,0.02161619332272747,0.008402039136608088,8.366586694089212E-4,0.002559491308321945,0.0299131330500695,5.561235656511057E-4,3.942190656037526E-4,2.816794229868249E-4,0.016548782973561417,1.8374977605858787E-4,0.009809004106779253,9.420872713729736E-4,6.772082587629923E-4,9.301738460896404E-4,1.969193708632589E-4,5.651556695855716E-4,5.435753762061642E-4,0.0026144999675413176,6.182938276686542E-4,3.3731414262671395E-4,0.0012918602749480328,4.751487979179937E-4,1.7568583842627534E-4,4.985682140367154E-4],[2.1550688105266227E-4,4.583294059584456E-4,8.148538701896641E-4,2.9140986047188023E-4,0.001799231759107292,0.032239794244077226,4.147452455005408E-4,3.6844872910738575E-4,7.396070005788308E-4,3.1481272582106084E-4,9.409520198482026E-4,0.0032210620965028632,7.226920283641616E-4,7.924960913743364E-4,1.0,3.118973090048972E-4,0.004293805620916892,0.005502328682793798,4.979137217602308E-4,2.75688061430871E-4,8.570853795365062E-4,6.490477424781333E-4,0.0014026980679320584,0.022072007888558152,0.005022477238830028,0.0016340659676943817,0.007203584584518592,0.016184371614650615,6.879689877348822E-4,4.20307482514613E-4,0.0011725535881608796,0.003005665233765409,6.789049195325214E-4,0.012272937150656575,0.001306202561107367,5.174990889578258E-4,0.0012409762365830585,1.7450632031960775E-4,5.026118291822084E-4,4.771135500646981E-4,0.0030217244813343647,8.972126934645853E-4,3.2846364061496757E-4,0.0018058706390055878,1.6679144724545655E-4,0.00135435372892303,4.729697675537047E-5],[3.0466843236047488E-5,9.675880969380446E-5,1.864881943265452E-5,4.009697187393588E-5,7.090808788658225E-4,0.013811354346099336,6.734982765229405E-5,1.6083959693582458E-5,1.361345413914584E-4,1.3425167968822167E-4,3.1913483474609554E-5,0.0020997837776949454,5.272063557237091E-5,5.2319230070546787E-5,3.118973090048972E-4,1.0,0.004479598314893933,0.009413578735182306,2.1776833518548854E-4,1.1086622306929739E-4,1.071366677984028E-4,5.971390714609317E-4,4.317918117037371E-4,0.03633082557376175,0.012916803242855115,4.1952882611337363E-4,0.0072951503819392,0.02468306756185038,1.998350871497166E-5,1.2549113877432257E-5,1.0728704669625827E-4,0.012349312567827205,5.038987150939081E-5,0.03663563815245519,9.373616813715403E-4,7.01000215432593E-5,7.163349646665524E-4,1.3396002873408658E-5,2.5930205534753487E-5,2.2469359812893767E-4,0.0011413942646073074,9.917769370346594E-5,1.745991657938874E-5,0.001194413894624782,5.153590670022696E-5,1.3939524846331985E-5,1.4992603451195936E-5],[0.003916548244102705,0.0034837278898174383,0.004413186816275346,0.003882122816529677,0.0028985970867351123,0.04074108993806915,0.0027828186994082187,0.0015941553415643006,0.0021123047455336797,0.002165313789019746,0.0035821837496955757,0.005022645852319691,6.902037798593655E-4,0.0010148580717563175,0.004293805620916892,0.004479598314893933,1.0,0.010208150213194779,0.0028261790238370272,0.0038003174736477344,3.8116364279973863E-4,0.003526372111666855,0.003133590328734474,0.017605202059954254,0.009984759235481186,0.0037247184464016805,0.008408842346266602,0.01083202599600432,0.001982471736925531,0.0034912403668173925,2.565626442794842E-4,0.013625474246662057,0.0037136840351531747,0.027652574187015146,0.0034673136588335993,0.004050818511887346,0.0029553953519164465,0.0028941233168218493,6.763307557055404E-4,0.0019137464591758467,0.0036058013860110257,0.002030614528297338,0.003344727708495608,0.0036557508949309776,0.003270293697363306,0.00238794891179473,0.0015278488149725454],[0.006202048950138175,0.0035402083198624664,0.0010951768040676998,0.010193531329792414,0.008227953486124248,0.01497171850348771,0.0033559496647381564,0.0033480246890553516,0.005671324741740582,0.009069697660648808,0.005571970125074004,0.008781244566997786,0.003815473163478402,0.009414249087797623,0.005502328682793798,0.009413578735182306,0.010208150213194779,1.0,0.0026137206290715843,0.0021200866169881,0.0096097107522243,0.006063139327399945,0.00885272985250735,0.03868755559276848,0.014493669963092981,0.009836651203202235,0.011332804984526169,0.012401520115468774,0.009609866633318774,0.0017953975181552674,0.00488424159376711,0.017753169144021766,0.003711858847864934,0.03339415835454961,0.00981307246742362,0.009337961771598324,0.005540590374531954,0.005356209877706062,0.00994976154222312,0.007663739328633813,0.006832193316285278,0.0031361994401714654,0.007590020554330889,0.00969017046274728,9.182409712168084E-4,0.005948034187349527,0.0035611917054944736],[1.8506008088594269E-4,2.3646216079997829E-4,3.165402588489358E-4,1.3076270210455996E-4,0.001336520171893387,0.0366494867229049,3.181485261149925E-4,9.045953357936442E-5,3.3455665410568277E-4,2.208952109431868E-4,2.8495441358736035E-4,8.854137323569069E-4,2.8248074735246815E-4,3.84256894830181E-4,4.979137217602308E-4,2.1776833518548854E-4,0.0028261790238370272,0.0026137206290715843,1.0,2.1524366615868938E-4,1.9682332181995995E-4,3.621302944713794E-4,0.0011772879105042204,0.025342305678710347,0.01022392947423774,0.0016078083152620964,0.011205166982884391,0.009181648777443402,9.246405623475007E-5,1.622981856301573E-4,2.0985771291976574E-4,0.010730345439883389,2.0267695875733583E-4,0.011409872746906496,6.568328947657159E-4,2.541650964839449E-4,4.29143771211165E-4,7.866251462772978E-5,9.830808889597722E-5,3.4851676635946465E-4,0.00310452246896114,2.0842023822512844E-4,3.059208751216549E-4,5.77581539036899E-4,2.7544633328419575E-4,2.168822739093622E-5,2.1644043433997572E-4],[1.9141979999502822E-4,1.1291653406817074E-4,6.238954733156458E-5,1.755392565795341E-4,2.6857726236336393E-4,0.0385110965222933,1.3003795155454843E-4,1.4204855204804723E-4,2.4185677029603023E-4,1.8113644873725857E-4,1.8922177560624475E-4,0.0015997607273929623,1.5130782859295236E-4,5.736971753566661E-4,2.75688061430871E-4,1.1086622306929739E-4,0.0038003174736477344,0.0021200866169881,2.1524366615868938E-4,1.0,1.7273073711080464E-4,5.487520815736452E-4,0.0010776353278921706,0.012485729018370698,0.0030619496979729485,0.0012412545878792718,0.014452318741569457,0.029818161564990474,6.803462971229089E-5,7.211004003932925E-5,1.567152354888092E-4,0.022616499847091732,1.9885047655123547E-4,0.0161968053693233,6.687022537746475E-4,2.0099490972498007E-4,2.2931030485164115E-4,1.312578545537407E-5,1.4798403886113134E-4,3.1575615526850085E-4,0.002583218311441068,1.3937765426420037E-4,4.1728309597145396E-5,4.94594653320486E-4,1.1528764521405949E-4,1.6928153231016765E-4,1.8504023235601516E-4],[1.0458608920620304E-4,1.214681099889473E-4,7.753019609047847E-5,1.1254329454360982E-4,0.002033141760508444,0.02375686827132007,1.1645882208681868E-4,7.587298796267384E-5,1.4162380039328053E-4,1.5547161042694002E-4,1.3636343491843747E-4,0.002187104925773388,8.224581946919129E-5,3.1457717401418877E-4,8.570853795365062E-4,1.071366677984028E-4,3.8116364279973863E-4,0.0096097107522243,1.9682332181995995E-4,1.7273073711080464E-4,1.0,5.442957484497592E-4,9.210870440438752E-4,0.037072131584250365,0.018495356234442088,0.0010689723275280278,0.01990105319790402,0.02426121294743961,9.18349359574703E-5,1.549528867683174E-5,1.2867950690271943E-4,0.026502904987085414,1.1280136936196488E-4,0.018556867024759265,0.0010769821956968378,1.2365711511675955E-4,5.027929797487094E-4,6.757629768800003E-5,7.699066648315863E-5,3.5402920402191195E-4,0.002181137876614267,1.0310200008463009E-4,9.93463703671033E-5,0.0018243733626552637,1.1095695979217782E-4,4.952036472058125E-5,8.645919075980283E-5],[1.3322382306660277E-4,1.3475822023414381E-4,4.0364767186723614E-4,3.7417077145631913E-4,0.0010103898042677635,0.020964122797520593,3.938196000458103E-4,4.136495916297616E-4,4.957460019663891E-4,5.387943703277118E-4,5.461002073660652E-4,0.0042383396664348654,2.306207236777107E-4,6.84990763849451E-4,6.490477424781333E-4,5.971390714609317E-4,0.003526372111666855,0.006063139327399945,3.621302944713794E-4,5.487520815736452E-4,5.442957484497592E-4,1.0,0.0012179176254306907,0.045360359614498115,0.0060806352748572655,9.387839361903812E-4,8.458450975332879E-4,0.011281829693663958,4.030609482205989E-5,8.598074076262856E-5,3.977733669646489E-4,0.01377568916523535,5.508725691686811E-4,0.028010561903572106,8.310536584507711E-4,3.4477643752024007E-4,0.0010768740431945053,2.518098142087485E-4,2.812342624029578E-4,3.8610617927181576E-4,7.665929565400198E-4,5.195809174728535E-4,2.3543061789301446E-4,0.0014828391782978527,4.2577454618529715E-4,4.519491830596811E-4,4.2334610323544315E-4],[0.0011688859470807827,9.986327116357349E-4,0.0013401545242469422,0.0013463903524666395,0.0024434214135019986,0.04455645263466091,0.0013577832025772666,0.0010683648326184946,0.0010940409977627601,8.81741220069252E-4,2.8772813054223263E-4,0.004506507983873903,5.722188577222017E-4,0.0010405690011951294,0.0014026980679320584,4.317918117037371E-4,0.003133590328734474,0.00885272985250735,0.0011772879105042204,0.0010776353278921706,9.210870440438752E-4,0.0012179176254306907,1.0,0.04007285560574271,0.005435412976552678,0.001402549427819352,0.007792455135885176,0.03172697655829506,2.275552343636057E-4,0.0011785913659971127,3.4694545395235485E-4,0.012413921792781842,2.8316759620272496E-4,0.024012257717784796,0.001336409646077354,3.512826998580252E-4,0.0013046407119324279,0.0010369813167764514,0.0010910713546476497,0.001023596617386992,0.001534239487578581,7.379603162955797E-4,3.423555336879615E-5,0.0018019428908839412,0.0011769310617827248,9.223054464383545E-4,0.0012369821197664736],[2.3435509700129537E-4,0.052304745101039156,0.008598232165747658,0.009041539854674598,0.04070346177764891,0.056953646516699145,0.048201454069324384,0.013761877762719317,0.004055715570938005,5.760843206217418E-4,0.04679334186504266,0.01660024769922606,0.05180654789629035,0.02161619332272747,0.022072007888558152,0.03633082557376175,0.017605202059954254,0.03868755559276848,0.025342305678710347,0.012485729018370698,0.037072131584250365,0.045360359614498115,0.04007285560574271,1.0,0.03880218514035659,0.03559633899604978,0.04723933842106688,0.053821476675626596,0.04327421732676595,0.025604870407659134,0.021667078553041955,0.05268861457783791,0.030251324211483247,0.05153451146360219,0.029543032118712318,0.011668072743730372,0.05157456685615153,0.017481915666379442,0.027069327488011243,0.05237434191535055,0.051228809050979575,0.039570868587558254,0.044433525944678184,0.007513660467598727,0.0059859099951057974,0.05366022035904724,0.03588045484061165],[0.0015676201846441195,0.009138523999507231,0.014428014755660142,0.012073397934454598,0.013544711029300558,0.02348137562605776,0.008764498439892042,0.013447526106453885,0.014685192629908505,0.0026180687293766262,0.016552223335428724,0.0061603572995320545,0.011036996213606045,0.008402039136608088,0.005022477238830028,0.012916803242855115,0.009984759235481186,0.014493669963092981,0.01022392947423774,0.0030619496979729485,0.018495356234442088,0.0060806352748572655,0.005435412976552678,0.03880218514035659,1.0,0.0036986152710392108,0.019706786041718063,0.03168805324523447,0.0012296336549950148,0.006009595642628332,1.8417113313283202E-4,0.0223624780396248,0.012421371049210305,0.03352503680796848,0.011883027842028143,1.935544975046176E-4,0.01304762645628102,0.003006176595620558,0.016524207125106112,0.005855343194753236,0.012540769076908438,0.018447512547887616,0.005029286346873201,0.01372573958365291,1.3166098297000956E-4,0.01068031896926359,0.015938791515563856],[0.0015846008191535148,6.72777021425407E-4,0.001491967719035036,5.473880539615904E-4,0.001782324910629433,0.04560911527610726,0.001121492835785357,0.001550380801051366,3.351116143890635E-4,0.0016160421418286225,0.0012195265618936118,0.004617155730306091,6.108769395241245E-5,8.366586694089212E-4,0.0016340659676943817,4.1952882611337363E-4,0.0037247184464016805,0.009836651203202235,0.0016078083152620964,0.0012412545878792718,0.0010689723275280278,9.387839361903812E-4,0.001402549427819352,0.03559633899604978,0.0036986152710392108,1.0,0.014957944234943652,0.008136370168292956,7.701327434464748E-4,0.0012383587472254748,5.745545573756446E-4,0.010737342432254326,0.0015907081644998702,0.021415384872573728,0.001440702801196544,6.569773666852216E-4,0.0013995116581812309,6.208788675273767E-4,0.0010421581587509983,9.060497953603101E-4,0.0024505547495321115,1.8956456036218857E-4,7.00612395999058E-4,0.001799069304701417,0.0017321288198572488,5.688038934265615E-4,0.0017245908157830993],[0.011518089956065085,0.011689744051168668,0.007127279539835216,9.537602653957352E-4,0.016260260198418697,0.026249019764116262,0.012889293628085954,0.00792470020254536,0.012899527091099337,0.006583143025161847,0.0031984422605124876,0.015831678066792084,0.015353345692694975,0.002559491308321945,0.007203584584518592,0.0072951503819392,0.008408842346266602,0.011332804984526169,0.011205166982884391,0.014452318741569457,0.01990105319790402,8.458450975332879E-4,0.007792455135885176,0.04723933842106688,0.019706786041718063,0.014957944234943652,1.0,0.023332451096376036,3.39806582768896E-4,0.0010455345042596732,0.005077296177088692,0.031752026196631235,0.007596608102084231,0.023098283955084377,0.009041938758928336,0.01988136889925678,0.004565791045599305,0.015701811309338915,0.01362869808143365,0.007602607230578726,0.01415881179517155,0.019003879466522572,0.004947946827663121,0.016002903907134637,0.011796115283213487,0.003990891377188894,0.019047243616959583],[0.021450295052309727,0.027509880986559827,0.03729755142731867,0.018659131491472948,0.007681343459319416,0.050272684510132594,0.0313776646195043,0.024874230382713528,0.024709414665313283,0.02604525293463758,0.0364202396870983,0.010695529834735621,0.0060608588120187965,0.0299131330500695,0.016184371614650615,0.02468306756185038,0.01083202599600432,0.012401520115468774,0.009181648777443402,0.029818161564990474,0.02426121294743961,0.011281829693663958,0.03172697655829506,0.053821476675626596,0.03168805324523447,0.008136370168292956,0.023332451096376036,1.0,0.001192367861691186,0.035161521496881044,0.033677059830840524,0.037527539756519776,0.01957154623245015,0.044078792815527776,0.01051627298147725,0.031046060604642697,0.03637815372298216,0.026480910757000715,0.03688726040233173,0.018570051703484282,0.034586726796103355,0.01103364479422126,0.014501641108012381,0.03049389842356971,0.03730886098328694,0.0365404246644568,0.026577344980073983],[3.0092866808794947E-5,6.65841111610408E-5,1.98365290951313E-5,9.78864716543226E-5,6.05212006941313E-4,0.04758757430948593,8.614712263486541E-5,1.9803014444068432E-5,1.3570327070866519E-4,1.3984113775237177E-4,5.535178185474556E-5,0.005038778182174943,3.142495407887422E-5,5.561235656511057E-4,6.879689877348822E-4,1.998350871497166E-5,0.001982471736925531,0.009609866633318774,9.246405623475007E-5,6.803462971229089E-5,9.18349359574703E-5,4.030609482205989E-5,2.275552343636057E-4,0.04327421732676595,0.0012296336549950148,7.701327434464748E-4,3.39806582768896E-4,0.001192367861691186,1.0,1.594454425863609E-5,2.8318161795066286E-5,0.025886044914093378,6.441328581036808E-5,0.0432110440235477,2.1862046116767348E-4,5.8818058863604907E-5,2.809300510017622E-4,1.8852791468075162E-5,2.5284160235841404E-5,1.0694284558981522E-4,0.0025864863527991513,8.702683884393179E-5,2.312665473055441E-5,0.0016805468439123475,7.911088561922912E-5,1.874135743844402E-5,2.1546583795331406E-5],[1.056713010683163E-5,8.404196274240991E-5,1.626524239719692E-5,1.9025586983945636E-5,0.0022784474936476473,0.04711041663424505,3.4027088027302534E-5,1.565864935515358E-5,2.3496587480387196E-4,1.571062804311523E-4,7.828460584549328E-5,0.00496380200246568,1.9284877248474008E-5,3.942190656037526E-4,4.20307482514613E-4,1.2549113877432257E-5,0.0034912403668173925,0.0017953975181552674,1.622981856301573E-4,7.211004003932925E-5,1.549528867683174E-5,8.598074076262856E-5,0.0011785913659971127,0.025604870407659134,0.006009595642628332,0.0012383587472254748,0.0010455345042596732,0.035161521496881044,1.594454425863609E-5,1.0,1.103910539569864E-4,0.03152611519362568,1.564407782810631E-5,0.0018121879184981485,1.7652680521370632E-4,4.6267894483981E-5,7.787102020513099E-4,1.1689371938523342E-5,1.9917736366924897E-5,1.2802690044775135E-4,5.726864418930558E-4,5.2422160216454674E-5,1.5700664368403535E-5,8.362698914538382E-4,6.085864462056945E-5,1.0263784719599444E-5,1.4154080934739312E-5],[7.898382876552062E-5,1.2644452782319612E-4,5.784819812486782E-5,1.4240072614967475E-4,0.0021077267705767967,0.01800674385094924,1.3068135172834933E-4,4.503478082929489E-5,2.0440219176210184E-4,1.555206024722201E-4,1.4593073723073691E-4,0.004280772896612352,1.1068989852870605E-4,2.816794229868249E-4,0.0011725535881608796,1.0728704669625827E-4,2.565626442794842E-4,0.00488424159376711,2.0985771291976574E-4,1.567152354888092E-4,1.2867950690271943E-4,3.977733669646489E-4,3.4694545395235485E-4,0.021667078553041955,1.8417113313283202E-4,5.745545573756446E-4,0.005077296177088692,0.033677059830840524,2.8318161795066286E-5,1.103910539569864E-4,1.0,0.019694224818768105,1.2777944395149133E-4,0.0073665093342677275,9.59704293383853E-4,1.4348554766515671E-4,0.001018022764131239,1.529728132835113E-5,9.65215833297201E-5,2.3505878785128886E-4,0.0013146193388937444,1.1962901188458501E-4,8.785510568020895E-5,3.0288990509609224E-4,1.1726873009301457E-4,4.69004525230574E-5,1.1194709635268141E-4],[0.01329038449201681,0.016351187583564696,0.032262555794208767,1.3261564963048866E-4,0.0026256779586766197,0.03890364538216788,0.02576803393486427,0.0018288540893455576,0.03326986657433423,0.006090309974150431,0.015903282011097985,0.032891234559194224,0.029388954234838744,0.016548782973561417,0.003005665233765409,0.012349312567827205,0.013625474246662057,0.017753169144021766,0.010730345439883389,0.022616499847091732,0.026502904987085414,0.01377568916523535,0.012413921792781842,0.05268861457783791,0.0223624780396248,0.010737342432254326,0.031752026196631235,0.037527539756519776,0.025886044914093378,0.03152611519362568,0.019694224818768105,1.0,0.014165323584543092,0.04052593711904223,0.017626988945164394,0.030911421522514363,0.015580262028326316,0.027236940157308754,0.003431479185829009,0.018473360967053796,0.024226166493046607,0.02474712377906317,0.009421739336988937,0.008287260795104882,0.02066711016873603,0.030272260257291284,0.031162894397718872],[6.653526814003578E-5,1.1130761261646862E-4,2.0182742067853496E-5,1.1024503792283088E-4,8.349110204408921E-4,0.013831696244421427,1.0950834078878842E-4,6.704303067235887E-5,2.246374263983683E-4,1.1898145917976733E-4,1.2363300198379437E-4,0.005389634463156857,8.472610066080673E-5,1.8374977605858787E-4,6.789049195325214E-4,5.038987150939081E-5,0.0037136840351531747,0.003711858847864934,2.0267695875733583E-4,1.9885047655123547E-4,1.1280136936196488E-4,5.508725691686811E-4,2.8316759620272496E-4,0.030251324211483247,0.012421371049210305,0.0015907081644998702,0.007596608102084231,0.01957154623245015,6.441328581036808E-5,1.564407782810631E-5,1.2777944395149133E-4,0.014165323584543092,1.0,0.027355886676064995,8.61723003105502E-4,1.558474781336669E-4,7.589086664446657E-4,1.8762050441789432E-5,8.524806286852425E-5,2.7796697096631434E-4,0.002850364782944266,1.0492074712837896E-4,9.29612273893868E-5,5.811969209544531E-4,1.0824449566870205E-4,7.897717788934328E-5,1.0352488795330251E-4],[0.04587974061349345,0.045382158947414104,0.009543701752787771,0.043148504665295184,0.0025145352275352966,0.050663113126694435,0.03608396470627347,0.02942106117469694,0.045391052989339306,0.009126510453141992,0.04746887514161182,0.021658718352981086,0.029784933657325516,0.009809004106779253,0.012272937150656575,0.03663563815245519,0.027652574187015146,0.03339415835454961,0.011409872746906496,0.0161968053693233,0.018556867024759265,0.028010561903572106,0.024012257717784796,0.05153451146360219,0.03352503680796848,0.021415384872573728,0.023098283955084377,0.044078792815527776,0.0432110440235477,0.0018121879184981485,0.0073665093342677275,0.04052593711904223,0.027355886676064995,1.0,0.03598819545570068,0.0044199047747188105,0.04424934805554788,0.035510008931069176,0.010486846748867018,0.012299201627289594,0.04709499609216124,0.047475001054295814,0.003968077210474203,0.039475907491104044,0.006132914835322446,0.017985122895865326,0.030923505579228343],[3.137712632636985E-4,5.359009237344778E-4,3.486109142018197E-4,8.243023821906594E-4,0.001596960700833078,0.0038664708580284897,5.405628407848625E-4,2.463528248074961E-4,0.0010340962491729394,0.0010617133026725436,0.001119037859729573,0.005088325058820773,0.00103284786879741,9.420872713729736E-4,0.001306202561107367,9.373616813715403E-4,0.0034673136588335993,0.00981307246742362,6.568328947657159E-4,6.687022537746475E-4,0.0010769821956968378,8.310536584507711E-4,0.001336409646077354,0.029543032118712318,0.011883027842028143,0.001440702801196544,0.009041938758928336,0.01051627298147725,2.1862046116767348E-4,1.7652680521370632E-4,9.59704293383853E-4,0.017626988945164394,8.61723003105502E-4,0.03598819545570068,1.0,9.369398462176524E-4,0.0011937205699479546,0.0011850047818904757,1.539925946248291E-4,9.090234976067553E-4,0.0015974994280793706,2.2077368366337592E-4,2.4327480582620847E-4,0.0018053277179230342,1.6267949201671198E-4,3.553107450896725E-4,1.0999101493479018E-4],[6.434348799822282E-5,1.5311867021577014E-4,9.477612298839317E-5,1.2557589197859572E-4,0.002160828540575307,0.028721663077909656,1.2756044551881835E-4,1.0253430033035555E-4,1.604967479997536E-4,1.6010686057749075E-4,1.5090655894926558E-4,8.3500058588226E-4,1.450569060613027E-4,6.772082587629923E-4,5.174990889578258E-4,7.01000215432593E-5,0.004050818511887346,0.009337961771598324,2.541650964839449E-4,2.0099490972498007E-4,1.2365711511675955E-4,3.4477643752024007E-4,3.512826998580252E-4,0.011668072743730372,1.935544975046176E-4,6.569773666852216E-4,0.01988136889925678,0.031046060604642697,5.8818058863604907E-5,4.6267894483981E-5,1.4348554766515671E-4,0.030911421522514363,1.558474781336669E-4,0.0044199047747188105,9.369398462176524E-4,1.0,9.298328720372225E-4,3.357713238940339E-5,9.647427851179918E-5,2.320152299804877E-4,0.0018965709527990766,1.172082468689126E-4,1.2572767473813324E-4,8.277582810886701E-4,1.4327169985101266E-4,1.539807158527631E-4,1.2911851112649367E-4],[7.32265126186468E-5,4.974187405851615E-4,1.3284142184072473E-4,6.102506875860763E-4,0.0019493196084567458,0.0323010839622661,6.011492647965913E-4,7.116063715965244E-4,7.589215693715131E-4,4.096897264365708E-4,5.443599254494106E-4,0.004752373835984006,9.41319805112278E-4,9.301738460896404E-4,0.0012409762365830585,7.163349646665524E-4,0.0029553953519164465,0.005540590374531954,4.29143771211165E-4,2.2931030485164115E-4,5.027929797487094E-4,0.0010768740431945053,0.0013046407119324279,0.05157456685615153,0.01304762645628102,0.0013995116581812309,0.004565791045599305,0.03637815372298216,2.809300510017622E-4,7.787102020513099E-4,0.001018022764131239,0.015580262028326316,7.589086664446657E-4,0.04424934805554788,0.0011937205699479546,9.298328720372225E-4,1.0,7.444164587527633E-4,1.0887183033231805E-4,6.501808816117653E-4,0.0024141418975926455,6.77572600095321E-4,9.686094189768999E-4,0.0013257481668644067,7.916599819811176E-4,4.322760641644783E-4,3.6010730428164716E-4],[2.7405417192938093E-5,5.646603476060165E-5,1.8233260578698267E-5,9.825365599918628E-5,5.452393760338601E-4,0.00961501796689495,2.784956930551318E-5,1.6031432217291657E-5,3.5202744646614796E-5,7.479513465483899E-5,6.28491059175536E-5,0.0022282760490329938,3.1887418602699976E-5,1.969193708632589E-4,1.7450632031960775E-4,1.3396002873408658E-5,0.0028941233168218493,0.005356209877706062,7.866251462772978E-5,1.312578545537407E-5,6.757629768800003E-5,2.518098142087485E-4,0.0010369813167764514,0.017481915666379442,0.003006176595620558,6.208788675273767E-4,0.015701811309338915,0.026480910757000715,1.8852791468075162E-5,1.1689371938523342E-5,1.529728132835113E-5,0.027236940157308754,1.8762050441789432E-5,0.035510008931069176,0.0011850047818904757,3.357713238940339E-5,7.444164587527633E-4,1.0,2.3208321873806978E-5,1.1255825773821151E-4,0.0030584966892084897,2.595403001587629E-5,1.9956278445513747E-5,6.112455594908768E-4,9.681019297298762E-5,1.2365527523799356E-5,1.6551671150574282E-5],[3.0476428456452376E-5,9.305801071062388E-5,2.1753994061923857E-5,6.751222126856631E-5,0.0023693076721004683,0.04801043857289625,5.5719992152228375E-5,2.4220284332126452E-5,6.702193042097756E-5,1.4709392709951852E-4,6.89806896765831E-5,0.004448567259496845,3.942609136519234E-5,5.651556695855716E-4,5.026118291822084E-4,2.5930205534753487E-5,6.763307557055404E-4,0.00994976154222312,9.830808889597722E-5,1.4798403886113134E-4,7.699066648315863E-5,2.812342624029578E-4,0.0010910713546476497,0.027069327488011243,0.016524207125106112,0.0010421581587509983,0.01362869808143365,0.03688726040233173,2.5284160235841404E-5,1.9917736366924897E-5,9.65215833297201E-5,0.003431479185829009,8.524806286852425E-5,0.010486846748867018,1.539925946248291E-4,9.647427851179918E-5,1.0887183033231805E-4,2.3208321873806978E-5,1.0,5.2214859895935014E-5,8.216415851951535E-5,9.141482004264509E-5,2.2783682538649424E-5,5.523445843706621E-4,6.529469737045547E-5,2.3915644893658457E-5,2.594007956211937E-5],[1.237100439309626E-4,2.749922133467325E-4,3.3901605093381455E-4,1.1298943159371725E-4,0.0019185859548307505,0.047556818815200796,2.23407898323145E-4,3.300532788452137E-4,2.937645125658175E-4,3.089894834939366E-4,2.878209237871912E-4,0.001172444174125505,7.629909505355907E-5,5.435753762061642E-4,4.771135500646981E-4,2.2469359812893767E-4,0.0019137464591758467,0.007663739328633813,3.4851676635946465E-4,3.1575615526850085E-4,3.5402920402191195E-4,3.8610617927181576E-4,0.001023596617386992,0.05237434191535055,0.005855343194753236,9.060497953603101E-4,0.007602607230578726,0.018570051703484282,1.0694284558981522E-4,1.2802690044775135E-4,2.3505878785128886E-4,0.018473360967053796,2.7796697096631434E-4,0.012299201627289594,9.090234976067553E-4,2.320152299804877E-4,6.501808816117653E-4,1.1255825773821151E-4,5.2214859895935014E-5,1.0,0.0014242816917342436,1.146313129923411E-4,2.7014415615097496E-4,0.0011290485271495372,1.1312755573412193E-4,3.291322205258593E-4,2.212121139060106E-4],[0.0016826019256643498,0.001334091693277189,2.9615848889474265E-4,0.00230482069639365,0.0024744190195525972,0.02862242879392167,0.0029327829302857374,0.003141282298912728,9.079156472970814E-4,0.0024137418924391457,0.0015316166849887426,0.0038279105900315634,0.0015736675815916372,0.0026144999675413176,0.0030217244813343647,0.0011413942646073074,0.0036058013860110257,0.006832193316285278,0.00310452246896114,0.002583218311441068,0.002181137876614267,7.665929565400198E-4,0.001534239487578581,0.051228809050979575,0.012540769076908438,0.0024505547495321115,0.01415881179517155,0.034586726796103355,0.0025864863527991513,5.726864418930558E-4,0.0013146193388937444,0.024226166493046607,0.002850364782944266,0.04709499609216124,0.0015974994280793706,0.0018965709527990766,0.0024141418975926455,0.003058496689