[[1.0,3.107704624354768E-5,0.003812586697817706,1.3751804742345022E-4,0.01063086275437537,2.7028026771188724E-4,1.7588565100749803E-5,2.029783269642838E-4,0.004303757036438725,1.7147576488916428E-4,0.0011010853040556447,0.0043054199814305215,1.36274697976167E-4,1.9436303837619034E-5,2.88841877381578E-5,6.850274252293595E-4,1.6926421052354597E-5,2.9360384539086964E-5,2.3586724160796376E-5,4.199995000806878E-4,0.00705251326338209,3.9381629062302006E-5,0.017738805714499744,5.317395076394811E-4,3.362826125819487E-5,6.891065070693735E-4,1.8723776152845977E-5,3.2050088095542795E-4,1.6209599932065784E-5,0.0032279355609851866,1.8830737678147832E-5,2.038211485484245E-5,1.2037301733888007E-4,0.028538114991104282,1.3422887170504928E-4,1.5807140580726323E-5,8.541397473855981E-5,0.0020439276635518997,6.419920448098328E-5,3.3346939956743966E-4,1.2687040513521814E-4,5.14394513566408E-4,5.190850098426475E-4,1.2341309135626939E-5,6.204980366330388E-5,0.023726451268483,0.004285273500350751,0.005666400898370463],[3.107704624354768E-5,1.0,0.005250486589851505,8.177473761459352E-5,0.0010569107108570944,1.7847424688279093E-4,3.7024076602551765E-5,3.208793517327333E-4,0.002756723759100263,5.7727322667502944E-5,0.0021295225466456545,0.00336645368932862,1.577038925232424E-4,3.627950108060745E-5,3.397838421240534E-5,0.001297495646743024,3.2035312558875606E-5,5.0498918802918687E-5,8.959441011503904E-5,4.033105278063376E-4,0.007632111086170079,6.660970520596261E-5,0.01942270334255456,1.1875566230057447E-4,5.0000583329113687E-5,2.713344468738057E-4,3.731717607216125E-5,3.51969929444503E-4,2.5765182914621426E-5,3.4973642295198036E-4,1.9184618805013793E-5,3.375368921753043E-5,5.2960210773224545E-5,0.026995230301852604,5.325728893168695E-4,2.823466625400731E-5,6.666382347634597E-5,9.667398625955693E-4,4.2976357731735385E-5,1.643848206870519E-4,6.721230739744371E-5,7.67316778847081E-4,3.865785620390545E-4,1.806730218279981E-5,7.662001051660989E-5,0.023198183375739798,0.004386721176625024,0.011413884346052087],[0.003812586697817706,0.005250486589851505,1.0,0.003609034476883145,0.013682068213356515,0.0050011728453244345,0.0014302860820648235,0.001744388760718787,0.004884374072296216,0.0019434580468621252,0.004973396478255749,0.005828781718325083,0.005084658642776829,0.0013307262912166935,0.003491307378602817,0.0021594611108423827,0.002759928421859742,0.00122618482568259,9.533426977070872E-4,0.0025469335507743275,0.012995343663654253,0.0014921083190175895,0.024727668787704257,0.0037512334810679594,0.003766578918808167,0.00370382945328916,4.6238653383902096E-4,0.002788197085371367,0.0037569626862991173,0.007544616111636079,0.0021904617169893983,0.004799707127195999,0.0015537598200708331,0.0061708991876928895,0.002362795979558168,0.002624421147093494,0.0011441798465156926,0.006635639814639935,9.68980266630683E-4,0.0034088230208341257,0.0011677266272238653,0.004313059203378962,0.0020072843156745046,0.004768304843258453,0.0029073275686727143,0.016645854767628993,0.005882002181781811,0.00823350325567414],[1.3751804742345022E-4,8.177473761459352E-5,0.003609034476883145,1.0,2.904238857359243E-4,2.66408494657116E-4,1.0523407388200277E-4,2.2571173872792485E-4,2.3730420727191364E-4,1.5709091345145158E-4,0.001579870335920213,0.0037843779156416014,2.2477829432073065E-4,1.330623566267815E-4,9.746639003067787E-5,0.0010976132091008483,6.632961089031728E-5,1.177292671225923E-4,1.487844875164838E-4,4.7199595876909624E-4,0.00882242441851622,1.4364982206037036E-4,0.021678160203290126,3.926592848653552E-4,1.1772854970036946E-4,3.2557896750906286E-4,1.0932301758774637E-4,2.1450042069950327E-4,1.2876736734035782E-4,0.0028961805232166444,7.920070314799895E-5,3.65141530067675E-5,1.3397047067881783E-4,0.00964108245791275,6.228977472385013E-4,9.818811406722767E-5,1.1103532219374253E-4,0.005528171002029968,1.242683367553103E-4,4.630925794925282E-4,1.4543777833416526E-4,9.915361735290753E-4,0.0014349763179103761,1.0204661460577698E-4,1.1683165614340127E-4,0.008203374206217324,3.8970124265738757E-4,0.020273996293869837],[0.01063086275437537,0.0010569107108570944,0.013682068213356515,2.904238857359243E-4,1.0,0.011918260151111144,0.01642068651831675,0.0013017143642381605,0.019480229045954582,0.0034836390293749124,0.0186658073649248,0.015324084423736662,0.00771458694978091,0.006312573824291474,0.01098724998895453,0.010454241365240195,0.009115394709077579,0.006316705232659115,0.009056968555987522,0.016908955401829982,0.019047917732344086,0.01159672142537066,0.031981685314006456,0.015265414806910491,0.01381698420421125,0.012330074176978081,0.010914848687106333,0.015960705020464153,0.017282344503958866,0.019197247021239344,0.015581364078899866,0.015349121678418173,0.015317184290194182,0.023651503552442305,0.0039379329612621765,0.006003547586511633,0.001895056112025048,0.0184898792288732,0.009492309618370349,0.005423900943875354,0.012554096031244326,0.01695107189747935,0.00896084785759454,0.012677861966373721,0.0036260229747501994,0.024454867543879478,0.006860026347407671,0.022592523418217256],[2.7028026771188724E-4,1.7847424688279093E-4,0.0050011728453244345,2.66408494657116E-4,0.011918260151111144,1.0,1.501130760525519E-4,4.322542988802894E-4,0.004003846938191178,3.2785890809648396E-4,0.0039192351044381535,0.001516985132623426,3.4123427560724714E-4,1.9724064001693954E-4,2.581140316260049E-4,4.949076061351377E-4,3.2795696065985165E-4,3.495672556877328E-4,2.254030594549989E-4,4.27898337967531E-4,0.010801234800198747,3.414611786903152E-4,0.010135236041487222,3.731401009702766E-4,2.4184569995122304E-4,0.0023817750126879094,2.731188953140102E-4,4.1300930601208735E-4,6.138221067016449E-5,0.0012308705364412562,2.6211885097119736E-4,3.691368495953426E-5,3.089955088944322E-4,0.016537909320042943,3.7740314521523936E-4,2.867902054201359E-4,2.025777975537475E-4,0.003032106045593595,3.476012593400707E-4,4.3254375322858895E-4,2.799428459248906E-4,4.3835423084066577E-4,0.0011857810444043547,1.9921592993337402E-4,3.486532916905293E-4,0.0031523698332592194,0.0013519747553178787,0.013394913471707992],[1.7588565100749803E-5,3.7024076602551765E-5,0.0014302860820648235,1.0523407388200277E-4,0.01642068651831675,1.501130760525519E-4,1.0,8.63993636094927E-5,0.0020572512863183397,1.725174263414645E-5,0.003757607803523388,0.0011480690175762085,5.0977958275526E-5,1.542003109893489E-5,2.3409458190518755E-5,3.3048960272307447E-4,1.561893121038296E-5,4.083613414078578E-5,1.4313783690068823E-4,1.2012982082758182E-4,0.01736292271711387,1.4312103733969648E-4,0.003959172393140383,3.209840155385294E-4,2.7186573691299002E-5,0.0027047194529903327,1.6096387480806233E-5,3.712219884527049E-4,1.3779554269360936E-5,0.005849249536670408,1.5757914156499026E-5,1.4959338970741682E-5,2.923405577323042E-5,0.010755372908245601,0.001266978321205517,1.404704319593765E-5,2.614466565181895E-5,4.3900587741071403E-4,8.157643494266959E-5,3.388517171802859E-4,2.243410052885465E-5,8.263927761111852E-4,0.0010851715990473454,1.1233193832539433E-5,1.0329966075627141E-4,0.013138872743853492,0.0018376573036034648,0.012922577869336972],[2.029783269642838E-4,3.208793517327333E-4,0.001744388760718787,2.2571173872792485E-4,0.0013017143642381605,4.322542988802894E-4,8.63993636094927E-5,1.0,0.0037734925735972797,2.416183946673244E-4,0.0020958942254526436,0.006280474242560011,2.9453878503741464E-4,1.8432340621258642E-5,9.585375222770876E-5,0.001009957941626626,2.2495050639525065E-4,2.370314686779491E-4,2.229079945517368E-4,9.98905115928447E-4,0.01243758907958078,2.5474088403582316E-4,0.02145531381169078,5.459425794517578E-4,2.6843953119502523E-4,9.271480132750315E-4,6.0734948230956494E-5,4.5648715489296905E-4,2.4287232184457404E-5,0.011431739525482076,2.878607583775665E-4,3.711846030737209E-4,2.022517666271891E-4,0.016717975048608138,6.407285176458806E-4,1.6277736619423625E-4,4.004929869025912E-4,0.007444115068701811,2.164727066071395E-4,4.555621858648754E-4,3.5965385981332837E-4,8.970706030152628E-4,9.084786824524481E-4,3.937898472223693E-4,1.753233268854605E-4,0.008509902444716572,0.0010500667026053989,0.0077861303245144765],[0.004303757036438725,0.002756723759100263,0.004884374072296216,2.3730420727191364E-4,0.019480229045954582,0.004003846938191178,0.0020572512863183397,0.0037734925735972797,1.0,0.0041809595586949164,0.004681501165393785,0.006933520896305088,7.078499698419733E-4,0.0036459783929813287,0.0023959641257421237,0.003295838772943013,0.001831813517072442,0.0032714843922391442,0.0029796004081116692,0.0039227305776309606,0.00805651681027404,0.004304752077702597,0.03217821620997198,7.906481580799224E-4,0.003484987150994261,0.0031803710474574438,0.0021017059069278897,7.99136321813316E-4,2.642945410474772E-4,0.008754359297831943,0.0022166497950051036,2.2593941203032892E-4,0.0037961919344817814,0.009615042475224338,0.004428697496551195,0.001398757725578157,0.0018544342160110895,0.007095566872395238,0.001325088543108838,0.0016664990361537789,0.002710719412598344,0.0014676264820535105,0.0036851399647255334,1.1355061656059839E-4,2.4083033263614634E-4,0.014520113702844784,0.004669606927504626,0.01698878079462076],[1.7147576488916428E-4,5.7727322667502944E-5,0.0019434580468621252,1.5709091345145158E-4,0.0034836390293749124,3.2785890809648396E-4,1.725174263414645E-5,2.416183946673244E-4,0.0041809595586949164,1.0,7.041793113456454E-4,0.005364730818935329,2.3813652046465197E-4,4.280417422009101E-5,1.4715270103804766E-4,0.0013677281673488573,6.254775215284147E-5,1.655107006105939E-4,1.6614965428776626E-4,0.0010220078365305067,0.012496266805936228,1.6710766589378423E-4,0.028175495275191562,4.5303664091618506E-4,1.5027432999291376E-4,0.001228197954523827,1.694708083076043E-4,3.559341272370042E-4,9.73928203483413E-5,0.0022194273900275176,1.5431074519364874E-4,1.7188425083731167E-4,1.3588055612408733E-4,7.156723019443185E-4,8.702801496117143E-4,3.7085358521030485E-5,1.7832505423641555E-4,0.00239462816160995,1.247120713146736E-4,4.621411885530184E-4,1.6059638600685587E-4,4.193513052233017E-4,0.0014383271007853988,1.8278359936005012E-4,1.609627459612692E-4,0.014822923047416307,0.0020754384626248145,0.010918028350611893],[0.0011010853040556447,0.0021295225466456545,0.004973396478255749,0.001579870335920213,0.0186658073649248,0.0039192351044381535,0.003757607803523388,0.0020958942254526436,0.004681501165393785,7.041793113456454E-4,1.0,0.00590333467167075,0.0035123240063213075,0.004043257741324237,2.675278996892987E-4,0.002679749746702304,0.0026899778476492183,0.003991578781143662,0.0024320665131877467,0.0027634623647200254,0.009833443649397353,0.0036899519828460983,0.029122056694905012,0.004427994751977182,9.078189682764782E-4,0.004711084829989543,0.0015627033310544008,0.004596048468126481,0.0027220742364139653,0.00591830202998748,0.002443215201510104,0.0012103124900653842,0.004708643981627335,0.028756004292156863,0.0018644749505460731,0.004307446556743525,0.004880313950681895,0.006652769127016474,4.021669898963341E-4,9.045380286558902E-4,0.002257886018762508,0.004296751792477459,0.004223366795727429,0.002958427753461396,0.0023958597151630184,0.023907701961979534,0.0060888315238131225,0.010597368968854512],[0.0043054199814305215,0.00336645368932862,0.005828781718325083,0.0037843779156416014,0.015324084423736662,0.001516985132623426,0.0011480690175762085,0.006280474242560011,0.006933520896305088,0.005364730818935329,0.00590333467167075,1.0,0.00455928975651797,0.006070771144006676,0.001591176944891255,0.005356043196577613,0.0023276540278632848,0.003082633702168611,0.005770761716245023,0.006416064966384449,0.012832407727194298,0.004986600920666923,0.008953352776455304,0.0025395943066431515,0.002048933253510845,0.0069136364339298885,0.0038662016021061025,0.00634548917149713,0.004343654329131696,0.008173455611307744,0.005677254649211258,0.005095163787292734,7.838710900876924E-4,0.021053743135939183,0.006136440275454932,0.0017282256493039497,7.382399186449003E-4,0.007948307746551296,0.0018068250257043787,0.006688758997581081,0.0018537064201269405,0.0036959105251325427,0.003175614321369164,0.0042773573965411244,0.003059249334661333,0.00750548778333932,0.007023717529826274,0.02011457368386404],[1.36274697976167E-4,1.577038925232424E-4,0.005084658642776829,2.2477829432073065E-4,0.00771458694978091,3.4123427560724714E-4,5.0977958275526E-5,2.9453878503741464E-4,7.078499698419733E-4,2.3813652046465197E-4,0.0035123240063213075,0.00455928975651797,1.0,8.872006900890439E-5,1.516147718848437E-4,0.0011532546349040979,1.2025093831147317E-4,2.289914992542225E-4,1.823166405628738E-4,7.959552157359338E-4,0.017218289142052774,1.5590175460292554E-4,0.0223688612904251,4.78617977755466E-4,1.7267105320481062E-4,3.554266680237659E-4,1.8606227457395347E-5,4.7557587191089147E-4,1.1722754844121273E-4,0.008980046808086171,1.6917454042075246E-4,8.350880788499573E-5,1.883933065991852E-4,0.01396902419808491,5.100578661405251E-4,4.4104176300827896E-5,1.5467205346353363E-4,0.007634457054867484,1.28447871402964E-4,4.073817914478676E-4,2.2923808283041233E-4,0.0011789734814415635,4.848065374324985E-4,2.681889594341172E-5,2.1085571149924074E-4,0.018086832346069438,0.0051327997324181335,0.002128661261112502],[1.9436303837619034E-5,3.627950108060745E-5,0.0013307262912166935,1.330623566267815E-4,0.006312573824291474,1.9724064001693954E-4,1.542003109893489E-5,1.8432340621258642E-5,0.0036459783929813287,4.280417422009101E-5,0.004043257741324237,0.006070771144006676,8.872006900890439E-5,1.0,2.7751911428859247E-5,3.2080402699382986E-4,1.623034689312235E-5,3.1757827129965154E-5,9.398045849379543E-5,3.073600507358568E-4,0.011702762506618492,1.2197523270871474E-4,0.02173373448724091,3.2483576037262987E-4,5.50660420090996E-5,0.002358865070155154,1.8090648889092725E-5,1.5774498550068952E-4,1.7274552205373314E-5,0.0012888978113700209,1.744291394190188E-5,2.1683181748863256E-5,8.435368792238729E-5,0.008152307195832055,0.0011397393194602775,1.4963639360560977E-5,2.5734689184887264E-5,0.0031375824115498145,6.865066451638547E-5,4.260041854538377E-4,1.3487572371538454E-4,0.0010737392103088925,0.0013384644280780204,1.6452869898037624E-5,6.906760837967567E-5,0.011297074180489329,0.0025278818542254287,0.008649326426725234],[2.88841877381578E-5,3.397838421240534E-5,0.003491307378602817,9.746639003067787E-5,0.01098724998895453,2.581140316260049E-4,2.3409458190518755E-5,9.585375222770876E-5,0.0023959641257421237,1.4715270103804766E-4,2.675278996892987E-4,0.001591176944891255,1.516147718848437E-4,2.7751911428859247E-5,1.0,5.643004195394973E-4,2.7310708445963966E-5,3.916844968673361E-5,4.059089229925761E-5,9.124663460437916E-5,0.013238370720401814,7.489410692099275E-5,0.010756991140392977,3.6918628677325095E-4,3.4526441000333976E-5,3.6282635653124356E-4,2.747075753780658E-5,3.742257310773269E-4,1.5787408632097415E-5,0.0012939515743759864,1.99900092249316E-5,2.9498463136894383E-5,9.352685089448902E-5,0.012936187846070474,5.988806712503028E-4,2.0506473323001656E-5,4.92361074595726E-5,0.004667545182970156,3.699281246793321E-5,2.2754257435363704E-4,5.023456676932516E-5,3.458656294961235E-4,8.468589228419224E-4,2.748101420596851E-5,7.885663874979667E-5,0.020649977877187607,0.0018870663853735176,0.01454233576595937],[6.850274252293595E-4,0.001297495646743024,0.0021594611108423827,0.0010976132091008483,0.010454241365240195,4.949076061351377E-4,3.3048960272307447E-4,0.001009957941626626,0.003295838772943013,0.0013677281673488573,0.002679749746702304,0.005356043196577613,0.0011532546349040979,3.2080402699382986E-4,5.643004195394973E-4,1.0,3.3958551239518015E-4,0.0012612096643641606,3.8222234535592115E-4,0.0013012674597543546,0.017069287955492327,0.0011005868765517244,0.007913327168848116,0.0010825941035035901,0.001123186211768564,0.0022255846310494567,4.3326485043719895E-5,6.934123803385918E-4,9.509117998962893E-4,0.008516961495487616,2.4427282208971664E-4,9.132118964640314E-4,3.8413145742120206E-4,0.003763657519676421,0.0014075175645636734,6.001295559239152E-4,3.166279230751107E-4,0.0029735018208524727,8.546282726664647E-4,7.789061428569958E-4,0.0011808693075010014,0.001314249037298032,0.0014499080251792321,1.3152256820491405E-4,0.0012017512645174848,0.006637376770238037,0.005269111719996627,0.018793371151496808],[1.6926421052354597E-5,3.2035312558875606E-5,0.002759928421859742,6.632961089031728E-5,0.009115394709077579,3.2795696065985165E-4,1.561893121038296E-5,2.2495050639525065E-4,0.001831813517072442,6.254775215284147E-5,0.0026899778476492183,0.0023276540278632848,1.2025093831147317E-4,1.623034689312235E-5,2.7310708445963966E-5,3.3958551239518015E-4,1.0,4.558047531649255E-5,1.0806853427888248E-4,1.0571633046104087E-4,0.005564973994600958,1.2302816900955422E-4,0.03222031694449147,3.6984651957835973E-4,6.698516163242242E-5,0.002198583075411148,1.6307294260467262E-5,1.3354496251530518E-4,1.5411538391687642E-5,0.013033118363408753,1.616806426781166E-5,2.281004496311233E-5,7.784245767522816E-5,0.0065812488455245545,4.813577607218848E-4,1.534021546200852E-5,3.2032976742087866E-5,0.00488262933042501,3.449191148931871E-5,2.92679397146122E-4,1.29571361017751E-4,0.0011637123424061806,5.228056451984688E-4,1.3478748147672412E-5,5.169357894599124E-5,0.014446867556413393,0.003138262269104301,0.016107022043609382],[2.9360384539086964E-5,5.0498918802918687E-5,0.00122618482568259,1.177292671225923E-4,0.006316705232659115,3.495672556877328E-4,4.083613414078578E-5,2.370314686779491E-4,0.0032714843922391442,1.655107006105939E-4,0.003991578781143662,0.003082633702168611,2.289914992542225E-4,3.1757827129965154E-5,3.916844968673361E-5,0.0012612096643641606,4.558047531649255E-5,1.0,9.61657990750687E-5,3.4897333260327086E-4,0.004276025747846663,1.1750936596365244E-4,0.02933509461651674,1.1979626949295608E-4,8.504811680646029E-5,0.0024976169389645266,4.049065171151192E-5,2.69394872102489E-4,4.17091135586225E-5,0.0047631738806370475,3.702036480812591E-5,5.229263338700786E-5,1.0321274096081372E-4,0.010283156464885304,4.3341003144797314E-4,3.8591573337715564E-5,7.996302468879388E-5,6.761225698380449E-4,1.1106003112395495E-4,4.8405331649570656E-4,1.4559721330991159E-4,9.27001717706088E-4,0.0015457754561663524,2.0514709806711102E-5,6.615318535153147E-5,0.01048809631527429,0.0024226113804745224,0.003440226291673828],[2.3586724160796376E-5,8.959441011503904E-5,9.533426977070872E-4,1.487844875164838E-4,0.009056968555987522,2.254030594549989E-4,1.4313783690068823E-4,2.229079945517368E-4,0.0029796004081116692,1.6614965428776626E-4,0.0024320665131877467,0.005770761716245023,1.823166405628738E-4,9.398045849379543E-5,4.059089229925761E-5,3.8222234535592115E-4,1.0806853427888248E-4,9.61657990750687E-5,1.0,6.500795940904056E-4,3.3964670971790633E-4,1.5637329119767932E-4,0.03181754765485082,5.179148555361523E-4,1.2488836029198334E-4,0.00212426410479711,3.01133688891516E-5,4.2969873883807254E-4,6.601120677282244E-5,0.011695009633620385,2.913214325242457E-5,9.587211050477698E-5,1.3964121495556542E-4,0.026761683737300385,0.0012900411567483665,1.2601536548345892E-4,1.4405077969599186E-4,0.003153765782112247,1.3176846235035724E-4,4.902902426704588E-4,1.561408746036983E-4,0.001135209172768904,4.654885985716036E-4,6.19254934992267E-5,1.4871035462120022E-4,0.014304080958982845,0.004876436181116808,0.008682024685908991],[4.199995000806878E-4,4.033105278063376E-4,0.0025469335507743275,4.7199595876909624E-4,0.016908955401829982,4.27898337967531E-4,1.2012982082758182E-4,9.98905115928447E-4,0.0039227305776309606,0.0010220078365305067,0.0027634623647200254,0.006416064966384449,7.959552157359338E-4,3.073600507358568E-4,9.124663460437916E-5,0.0013012674597543546,1.0571633046104087E-4,3.4897333260327086E-4,6.500795940904056E-4,1.0,0.012832994567350264,5.741271380542766E-4,0.029476296640302907,7.776930653283767E-4,1.1023114221389751E-4,0.00240400508109068,5.647639771873305E-4,9.994390096577709E-4,9.330813581837403E-4,0.012771695619591805,6.940302668336929E-4,7.938511204732382E-4,8.092063566955987E-4,0.014608474191618589,0.001321245715098647,2.3673436839881772E-4,0.0010314322206024847,0.007208061069959322,7.481973718879022E-4,5.855526333686968E-4,4.236814825388164E-4,0.0011904192398509176,0.0011811779393729742,6.766855060137513E-4,7.794021584916023E-4,0.012717031922311224,0.005901483764297036,0.014877013362901426],[0.00705251326338209,0.007632111086170079,0.012995343663654253,0.00882242441851622,0.019047917732344086,0.010801234800198747,0.01736292271711387,0.01243758907958078,0.00805651681027404,0.012496266805936228,0.009833443649397353,0.012832407727194298,0.017218289142052774,0.011702762506618492,0.013238370720401814,0.017069287955492327,0.005564973994600958,0.004276025747846663,3.3964670971790633E-4,0.012832994567350264,1.0,0.01180987441395425,0.02424747905446905,0.002614626146662909,0.007403869663197342,0.004621812690572746,0.016890173718741318,0.012024495244798367,0.01784108665103703,0.017872167935058112,0.007785354776140491,0.00995615307984427,0.006591493488278305,0.02069355944724123,0.017813822705822123,0.0060836270756514125,0.012952455600810682,0.011552127750686165,0.012096742844813371,0.015903861255005366,0.004893330933821473,0.010173550431110316,0.01108928977010314,0.015419263397141452,0.017014262518801664,0.019071305497328737,0.012403935266862464,0.022178552057651447],[3.9381629062302006E-5,6.660970520596261E-5,0.0014921083190175895,1.4364982206037036E-4,0.01159672142537066,3.414611786903152E-4,1.4312103733969648E-4,2.5474088403582316E-4,0.004304752077702597,1.6710766589378423E-4,0.0036899519828460983,0.004986600920666923,1.5590175460292554E-4,1.2197523270871474E-4,7.489410692099275E-5,0.0011005868765517244,1.2302816900955422E-4,1.1750936596365244E-4,1.5637329119767932E-4,5.741271380542766E-4,0.01180987441395425,1.0,0.031335828428699225,2.965884497798477E-4,1.1951221080604042E-4,0.0016206802567066765,4.689225541494917E-5,4.1755352632390653E-4,5.265731356127732E-5,0.0035504593372180124,8.049918458866077E-5,9.759116894162093E-5,1.3327090913241445E-4,0.007679779594178678,6.162771168659417E-4,7.624530394568854E-5,1.3082358880044814E-4,0.0048580617063001975,1.1462283927348993E-4,4.3620696060818964E-4,1.4409894349244953E-4,8.420768516628143E-4,0.001441570072394814,1.183040409332324E-4,1.3364718445534E-4,0.013486999512025673,0.0057313201787146184,0.002865539438238818],[0.017738805714499744,0.01942270334255456,0.024727668787704257,0.021678160203290126,0.031981685314006456,0.010135236041487222,0.003959172393140383,0.02145531381169078,0.03217821620997198,0.028175495275191562,0.029122056694905012,0.008953352776455304,0.0223688612904251,0.02173373448724091,0.010756991140392977,0.007913327168848116,0.03222031694449147,0.02933509461651674,0.03181754765485082,0.029476296640302907,0.02424747905446905,0.031335828428699225,1.0,0.02846990208416579,0.03221337598483589,0.027140225662248416,0.01093687101737884,0.02912705284290451,0.013289734904031647,0.03103650501259589,0.02824502750425263,0.017930797191188164,0.015798340796032095,0.03133561081419682,0.016669611292226133,0.025099184547026816,0.009648445539069121,0.013140734836406678,0.006775274981796354,0.0035167376503922386,0.004489830955212771,0.00997086258731855,0.02797526048734768,0.01499234235844019,0.03166838111447067,0.032183936418180036,0.032332051839371136,0.03329556910134149],[5.317395076394811E-4,1.1875566230057447E-4,0.0037512334810679594,3.926592848653552E-4,0.015265414806910491,3.731401009702766E-4,3.209840155385294E-4,5.459425794517578E-4,7.906481580799224E-4,4.5303664091618506E-4,0.004427994751977182,0.0025395943066431515,4.78617977755466E-4,3.2483576037262987E-4,3.6918628677325095E-4,0.0010825941035035901,3.6984651957835973E-4,1.1979626949295608E-4,5.179148555361523E-4,7.776930653283767E-4,0.002614626146662909,2.965884497798477E-4,0.02846990208416579,1.0,3.939897707614767E-4,0.0026592399290553768,2.3988694933194644E-4,5.504936286535711E-4,5.184688184173772E-4,0.014403889462377318,2.9481831088287795E-4,2.2108985000717356E-4,5.69864172146855E-4,0.005818636102163469,8.457957338110671E-4,1.1498702690707428E-4,3.11826458397431E-4,0.0025818695870884717,2.6759924842948405E-4,5.661287441357239E-4,2.601439261140245E-4,5.85616283878614E-4,0.0012671015506667731,5.392337051204516E-4,1.9542145190931133E-4,0.005196634399807837,0.0010978276822365663,0.017901297425814453],[3.362826125819487E-5,5.0000583329113687E-5,0.003766578918808167,1.1772854970036946E-4,0.01381698420421125,2.4184569995122304E-4,2.7186573691299002E-5,2.6843953119502523E-4,0.003484987150994261,1.5027432999291376E-4,9.078189682764782E-4,0.002048933253510845,1.7267105320481062E-4,5.50660420090996E-5,3.4526441000333976E-5,0.001123186211768564,6.698516163242242E-5,8.504811680646029E-5,1.2488836029198334E-4,1.1023114221389751E-4,0.007403869663197342,1.1951221080604042E-4,0.03221337598483589,3.939897707614767E-4,1.0,0.002531178649379931,7.090025576929859E-5,3.4154913464574233E-4,5.717270628874957E-5,0.002755719602263313,7.019937372904536E-5,7.297370245799004E-5,1.2478372411229763E-4,0.018240639180088725,2.0256380107720084E-4,7.524956822701812E-5,1.0197612889198466E-4,0.002993205126419695,1.1070814225066113E-4,2.0306193287994992E-4,1.2095200716092871E-4,0.001192925232492644,5.71601590192637E-4,8.722742105053406E-5,1.0860401275419523E-4,0.006333963624660915,0.0025026991841523775,0.010511968550543763],[6.891065070693735E-4,2.713344468738057E-4,0.00370382945328916,3.2557896750906286E-4,0.012330074176978081,0.0023817750126879094,0.0027047194529903327,9.271480132750315E-4,0.0031803710474574438,0.001228197954523827,0.004711084829989543,0.0069136364339298885,3.554266680237659E-4,0.002358865070155154,3.6282635653124356E-4,0.0022255846310494567,0.002198583075411148,0.0024976169389645266,0.00212426410479711,0.00240400508109068,0.004621812690572746,0.0016206802567066765,0.027140225662248416,0.0026592399290553768,0.002531178649379931,1.0,5.10968191921103E-4,9.52668197519303E-4,0.0018173331952571522,0.00606451276810056,7.633848138858319E-4,0.001879313307139828,0.0012499215223743222,0.006135734688376067,0.002316390536558696,8.752936136770624E-4,7.317237086633309E-4,0.006355522669483507,0.001349898482201465,0.0013060486301641112,0.0018590710465905185,0.0026733282170625806,0.0019329510664627416,0.0013909390921529932,0.002800164839240657,0.013157332000191936,0.005948712834905855,0.014286203479970344],[1.8723776152845977E-5,3.731717607216125E-5,4.6238653383902096E-4,1.0932301758774637E-4,0.010914848687106333,2.731188953140102E-4,1.6096387480806233E-5,6.0734948230956494E-5,0.0021017059069278897,1.694708083076043E-4,0.0015627033310544008,0.0038662016021061025,1.8606227457395347E-5,1.8090648889092725E-5,2.747075753780658E-5,4.3326485043719895E-5,1.6307294260467262E-5,4.049065171151192E-5,3.01133688891516E-5,5.647639771873305E-4,0.016890173718741318,4.689225541494917E-5,0.01093687101737884,2.3988694933194644E-4,7.090025576929859E-5,5.10968191921103E-4,1.0,2.8466197976931024E-4,1.3737130432245392E-5,0.011364338907137042,1.723225873621007E-5,2.3306267190205426E-5,1.1632065742871894E-4,0.02123572018163127,9.660731825416543E-4,1.74184313966522E-5,8.612174413178638E-5,0.004735954101893161,7.907591382839463E-5,2.3681344642455574E-4,1.3669085082526738E-4,0.0011725973850701512,5.057854323368164E-4,1.4861774238017311E-5,4.549069435030265E-5,0.01339963018721049,0.005035268595077819,0.015962414355353373],[3.2050088095542795E-4,3.51969929444503E-4,0.002788197085371367,2.1450042069950327E-4,0.015960705020464153,4.1300930601208735E-4,3.712219884527049E-4,4.5648715489296905E-4,7.99136321813316E-4,3.559341272370042E-4,0.004596048468126481,0.00634548917149713,4.7557587191089147E-4,1.5774498550068952E-4,3.742257310773269E-4,6.934123803385918E-4,1.3354496251530518E-4,2.69394872102489E-4,4.2969873883807254E-4,9.994390096577709E-4,0.012024495244798367,4.1755352632390653E-4,0.02912705284290451,5.504936286535711E-4,3.4154913464574233E-4,9.52668197519303E-4,2.8466197976931024E-4,1.0,1.7977749479181778E-5,0.002037256124449739,8.713561038860983E-5,6.884293242159155E-5,4.2999956239436754E-4,0.0073802791019923816,0.0010926424785145923,9.744973971165488E-5,1.220668525376956E-4,0.007205377565658345,4.040019941709728E-4,4.883002015845608E-4,4.109197435197287E-4,8.252164959490657E-4,8.205968463968574E-4,4.54612056578514E-4,3.9613408798415666E-4,0.02270153736310448,0.00521371268454772,0.010832613123817338],[1.6209599932065784E-5,2.5765182914621426E-5,0.0037569626862991173,1.2876736734035782E-4,0.017282344503958866,6.138221067016449E-5,1.3779554269360936E-5,2.4287232184457404E-5,2.642945410474772E-4,9.73928203483413E-5,0.0027220742364139653,0.004343654329131696,1.1722754844121273E-4,1.7274552205373314E-5,1.5787408632097415E-5,9.509117998962893E-4,1.5411538391687642E-5,4.17091135586225E-5,6.601120677282244E-5,9.330813581837403E-4,0.01784108665103703,5.265731356127732E-5,0.013289734904031647,5.184688184173772E-4,5.717270628874957E-5,0.0018173331952571522,1.3737130432245392E-5,1.7977749479181778E-5,1.0,0.01448910614504971,1.361887846545861E-5,1.76935628090053E-5,5.179570283979441E-5,0.013335289818712804,0.0011952704348260454,1.2649424831680892E-5,8.382018533239347E-5,0.006299145794819441,3.567727302839864E-5,4.2816306949340996E-4,1.3691787032002426E-4,2.8859612033619615E-4,0.0011553525460770843,1.1178266217455954E-5,5.66092348195649E-5,0.014116785587407725,0.0033463367652735634,0.004552213818173569],[0.0032279355609851866,3.4973642295198036E-4,0.007544616111636079,0.0028961805232166444,0.019197247021239344,0.0012308705364412562,0.005849249536670408,0.011431739525482076,0.008754359297831943,0.0022194273900275176,0.00591830202998748,0.008173455611307744,0.008980046808086171,0.0012888978113700209,0.0012939515743759864,0.008516961495487616,0.013033118363408753,0.0047631738806370475,0.011695009633620385,0.012771695619591805,0.017872167935058112,0.0035504593372180124,0.03103650501259589,0.014403889462377318,0.002755719602263313,0.00606451276810056,0.011364338907137042,0.002037256124449739,0.01448910614504971,1.0,0.0019582565756309264,0.01332242597466193,0.011107544433585343,0.025689087739071532,0.00925808039523861,0.01214029674598672,0.002561728796556384,0.010876356009262515,0.009640876496357175,0.013534306847736405,0.006327255127414255,0.0033569843756527033,0.01286393364280663,0.004619926064187182,0.004746372427394849,0.02492511915024929,0.009484522876517274,0.020642806666818527],[1.8830737678147832E-5,1.9184618805013793E-5,0.0021904617169893983,7.920070314799895E-5,0.015581364078899866,2.6211885097119736E-4,1.5757914156499026E-5,2.878607583775665E-4,0.0022166497950051036,1.5431074519364874E-4,0.002443215201510104,0.005677254649211258,1.6917454042075246E-4,1.744291394190188E-5,1.99900092249316E-5,2.4427282208971664E-4,1.616806426781166E-5,3.702036480812591E-5,2.913214325242457E-5,6.940302668336929E-4,0.007785354776140491,8.049918458866077E-5,0.02824502750425263,2.9481831088287795E-4,7.019937372904536E-5,7.633848138858319E-4,1.723225873621007E-5,8.713561038860983E-5,1.361887846545861E-5,0.0019582565756309264,1.0,2.242518555389254E-5,4.421424472615761E-5,0.01019655666210256,0.0011387361781710975,1.6036044977028768E-5,6.271804911496491E-5,0.0042483025301629715,2.90973808268589E-5,3.810338979091374E-4,1.415921167759756E-4,0.0011165563369644588,0.0012079493863948751,1.4113234106275362E-5,9.72887021152696E-5,0.01747400123965481,0.005909874500232144,0.01227719603710247],[2.038211485484245E-5,3.375368921753043E-5,0.004799707127195999,3.65141530067675E-5,0.015349121678418173,3.691368495953426E-5,1.4959338970741682E-5,3.711846030737209E-4,2.2593941203032892E-4,1.7188425083731167E-4,0.0012103124900653842,0.005095163787292734,8.350880788499573E-5,2.1683181748863256E-5,2.9498463136894383E-5,9.132118964640314E-4,2.281004496311233E-5,5.229263338700786E-5,9.587211050477698E-5,7.938511204732382E-4,0.00995615307984427,9.759116894162093E-5,0.017930797191188164,2.2108985000717356E-4,7.297370245799004E-5,0.001879313307139828,2.3306267190205426E-5,6.884293242159155E-5,1.76935628090053E-5,0.01332242597466193,2.242518555389254E-5,1.0,5.144024856487372E-5,0.028687262679551594,0.0013155816135771029,1.4741360642063718E-5,6.284563924330019E-5,0.007417417903212445,1.0912503334533533E-4,3.474262071573458E-4,1.1987094986410395E-4,0.0011516423149586328,6.398639637302052E-4,1.5255408946845397E-5,8.185054354904488E-5,0.02425878773878272,0.004891128608177409,0.013759408511039017],[1.2037301733888007E-4,5.2960210773224545E-5,0.0015537598200708331,1.3397047067881783E-4,0.015317184290194182,3.089955088944322E-4,2.923405577323042E-5,2.022517666271891E-4,0.0037961919344817814,1.3588055612408733E-4,0.004708643981627335,7.838710900876924E-4,1.883933065991852E-4,8.435368792238729E-5,9.352685089448902E-5,3.8413145742120206E-4,7.784245767522816E-5,1.0321274096081372E-4,1.3964121495556542E-4,8.092063566955987E-4,0.006591493488278305,1.3327090913241445E-4,0.015798340796032095,5.69864172146855E-4,1.2478372411229763E-4,0.0012499215223743222,1.1632065742871894E-4,4.2999956239436754E-4,5.179570283979441E-5,0.011107544433585343,4.421424472615761E-5,5.144024856487372E-5,1.0,0.012510303006741786,0.001199153983229536,5.608148745399648E-5,1.2848969634835538E-4,0.007171648438623867,1.1744496125179645E-4,3.809178524868355E-4,1.458387863078337E-4,2.430511734598392E-4,0.001394230586032621,1.2943581113541462E-4,1.0763713726737168E-4,0.0021395034595016555,0.005523157417983466,0.021320290603755288],[0.028538114991104282,0.026995230301852604,0.0061708991876928895,0.00964108245791275,0.023651503552442305,0.016537909320042943,0.010755372908245601,0.016717975048608138,0.009615042475224338,7.156723019443185E-4,0.028756004292156863,0.021053743135939183,0.01396902419808491,0.008152307195832055,0.012936187846070474,0.003763657519676421,0.0065812488455245545,0.010283156464885304,0.026761683737300385,0.014608474191618589,0.02069355944724123,0.007679779594178678,0.03133561081419682,0.005818636102163469,0.018240639180088725,0.006135734688376067,0.02123572018163127,0.0073802791019923816,0.013335289818712804,0.025689087739071532,0.01019655666210256,0.028687262679551594,0.012510303006741786,1.0,0.02610651096188774,0.01228036244411403,0.024893596393690702,0.021078525021928536,0.02544208578686469,0.022059595952592097,0.02262889834686574,0.02135185214670116,0.01928834283093506,0.012333507838420323,0.017227243780096452,0.02872663703173214,0.017406345580919705,0.028427622062536104],[1.3422887170504928E-4,5.325728893168695E-4,0.002362795979558168,6.228977472385013E-4,0.0039379329612621765,3.7740314521523936E-4,0.001266978321205517,6.407285176458806E-4,0.004428697496551195,8.702801496117143E-4,0.0018644749505460731,0.006136440275454932,5.100578661405251E-4,0.0011397393194602775,5.988806712503028E-4,0.0014075175645636734,4.813577607218848E-4,4.3341003144797314E-4,0.0012900411567483665,0.001321245715098647,0.017813822705822123,6.162771168659417E-4,0.016669611292226133,8.457957338110671E-4,2.0256380107720084E-4,0.002316390536558696,9.660731825416543E-4,0.0010926424785145923,0.0011952704348260454,0.00925808039523861,0.0011387361781710975,0.0013155816135771029,0.001199153983229536,0.02610651096188774,1.0,4.126255944934497E-4,0.001261034002617668,0.007391438329953635,0.0012123686340376146,0.001236289588968177,6.211812928379327E-4,0.0012902929563488159,0.0015522200121233043,9.637388524053433E-4,2.0959071428766523E-4,0.016412879138940354,0.00481327736245433,0.008137563154740296],[1.5807140580726323E-5,2.823466625400731E-5,0.002624421147093494,9.818811406722767E-5,0.006003547586511633,2.867902054201359E-4,1.404704319593765E-5,1.6277736619423625E-4,0.001398757725578157,3.7085358521030485E-5,0.004307446556743525,0.0017282256493039497,4.4104176300827896E-5,1.4963639360560977E-5,2.0506473323001656E-5,6.001295559239152E-4,1.534021546200852E-5,3.8591573337715564E-5,1.2601536548345892E-4,2.3673436839881772E-4,0.0060836270756514125,7.624530394568854E-5,0.025099184547026816,1.1498702690707428E-4,7.524956822701812E-5,8.752936136770624E-4,1.74184313966522E-5,9.744973971165488E-5,1.2649424831680892E-5,0.01214029674598672,1.6036044977028768E-5,1.4741360642063718E-5,5.608148745399648E-5,0.01228036244411403,4.126255944934497E-4,1.0,7.603375160198449E-5,0.007896052467204037,5.36259223916733E-5,4.30001907371067E-4,3.959074738054938E-5,4.123545714367841E-5,0.0014505041827968163,1.2126541895727174E-5,7.536323382893395E-5,0.009397332752525083,7.106386887373172E-4,0.003119722507247038],[8.541397473855981E-5,6.666382347634597E-5,0.0011441798465156926,1.1103532219374253E-4,0.001895056112025048,2.025777975537475E-4,2.614466565181895E-5,4.004929869025912E-4,0.0018544342160110895,1.7832505423641555E-4,0.004880313950681895,7.382399186449003E-4,1.5467205346353363E-4,2.5734689184887264E-5,4.92361074595726E-5,3.166279230751107E-4,3.2032976742087866E-5,7.996302468879388E-5,1.4405077969599186E-4,0.0010314322206024847,0.012952455600810682,1.3082358880044814E-4,0.009648445539069121,3.11826458397431E-4,1.0197612889198466E-4,7.317237086633309E-4,8.612174413178638E-5,1.220668525376956E-4,8.382018533239347E-5,0.002561728796556384,6.271804911496491E-5,6.284563924330019E-5,1.2848969634835538E-4,0.024893596393690702,0.001261034002617668,7.603375160198449E-5,1.0,0.0033197461410669894,1.078313148362963E-4,1.3186540389572754E-4,1.495441316931225E-4,9.753232096412266E-4,0.001052168378505367,4.901041862676329E-5,1.0427633265666967E-4,0.003936998400979226,0.0012048566229569718,0.012188724300176325],[0.0020439276635518997,9.667398625955693E-4,0.006635639814639935,0.005528171002029968,0.0184898792288732,0.003032106045593595,4.3900587741071403E-4,0.007444115068701811,0.007095566872395238,0.00239462816160995,0.006652769127016474,0.007948307746551296,0.007634457054867484,0.0031375824115498145,0.004667545182970156,0.0029735018208524727,0.00488262933042501,6.761225698380449E-4,0.003153765782112247,0.007208061069959322,0.011552127750686165,0.0048580617063001975,0.013140734836406678,0.0025818695870884717,0.002993205126419695,0.006355522669483507,0.004735954101893161,0.007205377565658345,0.006299145794819441,0.010876356009262515,0.0042483025301629715,0.007417417903212445,0.007171648438623867,0.021078525021928536,0.007391438329953635,0.007896052467204037,0.0033197461410669894,1.0,0.0016502428314786749,8.093927048874966E-4,1.6072378471985863E-4,0.002473762824089144,0.00758326895059307,0.002088839314176989,0.007268839103788445,0.01328256729647927,0.007256246285145177,0.015550109313549545],[6.419920448098328E-5,4.2976357731735385E-5,9.68980266630683E-4,1.242683367553103E-4,0.009492309618370349,3.476012593400707E-4,8.157643494266959E-5,2.164727066071395E-4,0.001325088543108838,1.247120713146736E-4,4.021669898963341E-4,0.0018068250257043787,1.28447871402964E-4,6.865066451638547E-5,3.699281246793321E-5,8.546282726664647E-4,3.449191148931871E-5,1.1106003112395495E-4,1.3176846235035724E-4,7.481973718879022E-4,0.012096742844813371,1.1462283927348993E-4,0.006775274981796354,2.6759924842948405E-4,1.1070814225066113E-4,0.001349898482201465,7.907591382839463E-5,4.040019941709728E-4,3.567727302839864E-5,0.009640876496357175,2.90973808268589E-5,1.0912503334533533E-4,1.1744496125179645E-4,0.02544208578686469,0.0012123686340376146,5.36259223916733E-5,1.078313148362963E-4,0.0016502428314786749,1.0,3.721741064592236E-4,1.4123144781585042E-4,6.920932775652903E-4,0.0010745954364816113,6.829383507660612E-5,1.1002282378647187E-4,0.02518875417199809,0.004307872012240277,0.004026788829384511],[3.3346939956743966E-4,1.643848206870519E-4,0.0034088230208341257,4.630925794925282E-4,0.005423900943875354,4.3254375322858895E-4,3.388517171802859E-4,4.555621858648754E-4,0.0016664990361537789,4.621411885530184E-4,9.045380286558902E-4,0.006688758997581081,4.073817914478676E-4,4.260041854538377E-4,2.2754257435363704E-4,7.789061428569958E-4,2.92679397146122E-4,4.8405331649570656E-4,4.902902426704588E-4,5.855526333686968E-4,0.015903861255005366,4.3620696060818964E-4,0.0035167376503922386,5.661287441357239E-4,2.0306193287994992E-4,0.0013060486301641112,2.3681344642455574E-4,4.883002015845608E-4,4.2816306949340996E-4,0.013534306847736405,3.810338979091374E-4,3.474262071573458E-4,3.809178524868355E-4,0.022059595952592097,0.001236289588968177,4.30001907371067E-4,1.3186540389572754E-4,8.093927048874966E-4,3.721741064592236E-4,1.0,4.999082936396627E-4