[[1.0, 0.5347287900093322, 0.041164979113808786, 0.1226030799591753, 0.733132880313793, 0.15292914101225785, 0.4492554714657878, 0.031577635463639564, 0.7765691630239409, 0.5584077563159651, 0.602206972569809, 0.12708126589965418, 0.7519012939292582, 0.5991568173296642, 0.9549380769037449, 0.34005491162074886, 0.9290333827683289, 0.8454950920820797, 0.7844156104498686, 0.39842007289625847, 0.1821900929801744, 0.32802974669604745, 0.9373753270371014, 0.24557345516774132, 0.41432050445579127, 0.07728395457741744, 0.14408424688965404, 0.6100798341755658, 0.3000795896944638, 0.22987470015568856, 0.6990343349251102, 0.6635604481450857, 0.909614995274744, 0.06860684855003885, 0.29260175525584065], [0.5347287900093322, 1.0, 0.9386988505945437, 0.693433797336415, 0.9122918994989707, 0.0760805199461263, 0.5385139849155334, 0.9888245282107604, 0.20056093319843882, 0.5543328254692405, 0.27970983928446, 0.5998265546588789, 0.2748748457757656, 0.1723437391867373, 0.49078930830203216, 0.18510088066102315, 0.8995782392284161, 0.7681038323563198, 0.727169460341579, 0.5806144784798424, 0.032251647641460046, 0.25960537646947157, 0.9587894914423709, 0.009757277901370709, 0.33031831540185896, 0.3482785770131017, 0.7601624247244148, 0.000129548841240279, 0.7178906597324348, 0.14379787545000278, 0.16385199765515557, 0.27958515965915376, 0.8415446366004762, 0.8799324706802447, 0.8359109243542661], [0.041164979113808786, 0.9386988505945437, 1.0, 0.7555408276562492, 0.3142830777036326, 0.3506762921611274, 0.9587569948735261, 0.9734548698753687, 0.8214462015590145, 0.5865319506954246, 0.014244960643862048, 0.9650130040052816, 0.23046463452347854, 0.11312569549120954, 0.954167519084533, 0.008619439071947399, 0.7406278780501852, 0.3755054522488631, 0.02283542681961881, 0.5688003946751067, 0.6794786822552835, 0.5701401918214487, 0.3001594562064689, 0.14513351830529753, 0.9880191272193587, 0.1062904360800071, 0.8792447311896265, 0.49642438937068145, 0.5305741302822782, 0.7053075258787278, 0.3949989523334234, 0.40882444659455675, 0.45169568868807897, 0.10963648996777842, 0.2966197007490219], [0.1226030799591753, 0.693433797336415, 0.7555408276562492, 1.0, 0.8073242753540609, 0.9314208180593513, 0.1587673564103662, 0.7496028411895471, 0.698044397927302, 0.40526775346146027, 0.7350342937190847, 0.3055579573608398, 0.3067272454713167, 0.1558086326663256, 0.2784879199977872, 0.9294406287547993, 0.11470039215710048, 0.6049841503391168, 0.949994724969663, 0.5980566230296167, 0.9551324407679886, 0.4542913718105317, 0.24467009423150654, 0.33078172892360624, 0.6373857681452345, 0.3709884742626125, 0.8824396886438591, 0.5257666097031498, 0.7873377765343673, 0.8253600405786217, 0.49377754598473356, 0.8370291724816752, 0.5271506297087988, 0.12294172651371005, 0.403419088372594], [0.733132880313793, 0.9122918994989707, 0.3142830777036326, 0.8073242753540609, 1.0, 0.1681208752974731, 0.14190776776465097, 0.4262998486069475, 0.6306097581023736, 0.9588826328372928, 0.6401032303115792, 0.9038463930466649, 0.6567942137067989, 0.20841251793387128, 0.740698108912693, 0.8987991300398295, 0.8560754121324163, 0.35089896329614667, 0.7513576833996738, 0.7756600552944904, 0.004284263013128453, 0.34103398878081037, 0.4442147009931551, 0.807618979139347, 0.6926067076842116, 0.742173499686639, 0.692521442145199, 0.247082293394296, 0.3050271703943719, 0.49465492038285963, 0.7037656643507091, 0.6387386742349465, 0.10384777684308177, 0.43898981164562634, 0.507872479339504], [0.15292914101225785, 0.0760805199461263, 0.3506762921611274, 0.9314208180593513, 0.1681208752974731, 1.0, 0.9220513637341087, 0.9700744973282818, 0.6594471626250058, 0.6368660803071453, 0.7076734000690436, 0.08793146509125127, 0.5179871672891203, 0.36216141728533646, 0.9308763011963279, 0.023074772970474777, 0.636363337991481, 0.8142313886795944, 0.962159510036169, 0.8896750867908014, 0.7721578089384293, 0.9735030641317439, 0.5311813469808534, 0.7049490664593117, 0.9741845577582069, 0.9484494162441176, 0.7358193301741502, 0.8437256076592581, 0.013051925273079745, 0.41396253753252854, 0.730817056448351, 0.9827191647523716, 0.11862340530365434, 0.19619908392848495, 0.9623806533956103], [0.4492554714657878, 0.5385139849155334, 0.9587569948735261, 0.1587673564103662, 0.14190776776465097, 0.9220513637341087, 1.0, 0.812449576281151, 0.18790001753630425, 0.8490473013876435, 0.5850931171418299, 0.14574500230697573, 0.5896935593895428, 0.42340204195723663, 0.9087928368682853, 0.4438721610224168, 0.19469726562473466, 0.3662493285643521, 0.29687080247188824, 0.741108920410606, 0.7027015376317904, 0.8325749618154394, 0.5623050165125748, 0.25839236745300365, 0.5492259545692305, 0.7302676984603513, 0.10044391799882868, 0.5701855319299834, 0.07170281014668489, 0.4044665800363365, 0.0005631940527529578, 0.4199031101626215, 0.6876305394740609, 0.11637475411888942, 0.6137610544856779], [0.031577635463639564, 0.9888245282107604, 0.9734548698753687, 0.7496028411895471, 0.4262998486069475, 0.9700744973282818, 0.812449576281151, 1.0, 0.5252399106294203, 0.30323256502847307, 0.5368158730233477, 0.46659778555728204, 0.3008577485049977, 0.5504431980727438, 0.33803274768228264, 0.054135627579468215, 0.6511163996076292, 0.7885741304203359, 0.8141620644140993, 0.9627506628076941, 0.4453586772081436, 0.43552300188621584, 0.4727547551578736, 0.3806576894199676, 0.7515800502944003, 0.7618153106173841, 0.16991206540056003, 0.34003764719306107, 0.8900731792850305, 0.6589347376834669, 0.16884905614721413, 0.3276712783398801, 0.9781130361213789, 0.9067199907185317, 0.691257364014643], [0.7765691630239409, 0.20056093319843882, 0.8214462015590145, 0.698044397927302, 0.6306097581023736, 0.6594471626250058, 0.18790001753630425, 0.5252399106294203, 1.0, 0.2096507895449521, 0.8629243010103886, 0.9979296670992801, 0.041234035147514336, 0.15474133241488697, 0.9673780689154041, 0.964045370725525, 0.7104241405077057, 0.9273942600546073, 0.27656802824590676, 0.769319509961653, 0.29789891888630116, 0.3360228499322757, 0.59973889317369, 0.9496662967589137, 0.746744393864475, 0.2950072793990266, 0.11449154867439337, 0.8551145298670385, 0.2044325213683199, 0.07105090832834526, 0.4862286647385001, 0.6084211602662564, 0.2453994958162703, 0.6419617767134996, 0.5506543142434724], [0.5584077563159651, 0.5543328254692405, 0.5865319506954246, 0.40526775346146027, 0.9588826328372928, 0.6368660803071453, 0.8490473013876435, 0.30323256502847307, 0.2096507895449521, 1.0, 0.6860702719549545, 0.2265338921764215, 0.1718786927928363, 0.574023567987159, 0.19055084034801995, 0.7277487614779853, 0.06280194167802222, 0.8031500452253008, 0.6678099380257678, 0.7927503446638249, 0.5861376792146379, 0.8716120342966376, 0.0237985351296246, 0.30325463318833734, 0.3732666836270948, 0.529326746142589, 0.8934048432337359, 0.2006123508023211, 0.0057854744084342435, 0.05483060756645297, 0.5161824273692105, 0.10586309835020391, 0.08932772193801097, 0.057443355914630456, 0.6229614765613947], [0.602206972569809, 0.27970983928446, 0.014244960643862048, 0.7350342937190847, 0.6401032303115792, 0.7076734000690436, 0.5850931171418299, 0.5368158730233477, 0.8629243010103886, 0.6860702719549545, 1.0, 0.06084458980279994, 0.08738030249092377, 0.14811563049065102, 0.920233996601843, 0.03389056435597948, 0.0830051854171504, 0.9928110085611688, 0.661829994061466, 0.08173206263253652, 0.5437968727405297, 0.6546563267163459, 0.10185390433291308, 0.1904367897261363, 0.8273685459519247, 0.6068201320887758, 0.34875076583645337, 0.21828506524884106, 0.04319636964359741, 0.4526493454933094, 0.11178766483660385, 0.018540927667706986, 0.2662588754279077, 0.6251066106436364, 0.7645328608427897], [0.12708126589965418, 0.5998265546588789, 0.9650130040052816, 0.3055579573608398, 0.9038463930466649, 0.08793146509125127, 0.14574500230697573, 0.46659778555728204, 0.9979296670992801, 0.2265338921764215, 0.06084458980279994, 1.0, 0.9540223868861185, 0.10999207261445931, 0.48652670112254603, 0.48013700440526597, 0.6650791183387016, 0.206853855481537, 0.791860769774501, 0.7524798300711081, 0.243115690909113, 0.9252192468894919, 0.43615953472678903, 0.5372948158617766, 0.6860265545680158, 0.8240803574741801, 0.4089294818373366, 0.9373411209294007, 0.2645590630102189, 0.9310064954913184, 0.5861966496393314, 0.5888840298739578, 0.9729833604759396, 0.5882790879072907, 0.6999191076435282], [0.7519012939292582, 0.2748748457757656, 0.23046463452347854, 0.3067272454713167, 0.6567942137067989, 0.5179871672891203, 0.5896935593895428, 0.3008577485049977, 0.041234035147514336, 0.1718786927928363, 0.08738030249092377, 0.9540223868861185, 1.0, 0.3662871974891012, 0.781831160968316, 0.5091223315558296, 0.7978145306986966, 0.7679527283877443, 0.8511589811213838, 0.1799653768888676, 0.5235616104148675, 0.35584759576302705, 0.04510099141963386, 0.3470394369521955, 0.2241720018431166, 0.6338850375924485, 0.5620268009991404, 0.8615634350881224, 0.6574263018458182, 0.31785111420335477, 0.45551619131591503, 0.5017801607371455, 0.3194333972139173, 0.8359381291330739, 0.2155777379220447], [0.5991568173296642, 0.1723437391867373, 0.11312569549120954, 0.1558086326663256, 0.20841251793387128, 0.36216141728533646, 0.42340204195723663, 0.5504431980727438, 0.15474133241488697, 0.574023567987159, 0.14811563049065102, 0.10999207261445931, 0.3662871974891012, 1.0, 0.46470369141282963, 0.5347433582226945, 0.5085970319614787, 0.41015374626100554, 0.9671808864750642, 0.4886177346686664, 0.4757721429419811, 0.729355766810394, 0.7354744224063514, 0.9816815833179658, 0.2885992064896372, 0.8445460214334151, 0.3547811854553462, 0.7118602516940158, 0.4039490485922099, 0.03404967810770265, 0.2070193854343524, 0.07340972358304743, 0.1942498904336053, 0.46395807405468015, 0.6377754885470195], [0.9549380769037449, 0.49078930830203216, 0.954167519084533, 0.2784879199977872, 0.740698108912693, 0.9308763011963279, 0.9087928368682853, 0.33803274768228264, 0.9673780689154041, 0.19055084034801995, 0.920233996601843, 0.48652670112254603, 0.781831160968316, 0.46470369141282963, 1.0, 0.7470352711797091, 0.8965029890659153, 0.9307189768602542, 0.9213059812101486, 0.9682310181029073, 0.8829088267766878, 0.12212998971203815, 0.9745291914731637, 0.03847549326392985, 0.15506466342244762, 0.597055983906202, 0.9171465842487065, 0.9029085551775905, 0.6248917288408884, 0.5569297129462816, 0.7472577952920444, 0.3215092802368906, 0.9258583624687623, 0.06324188440203105, 0.07232818770591953], [0.34005491162074886, 0.18510088066102315, 0.008619439071947399, 0.9294406287547993, 0.8987991300398295, 0.023074772970474777, 0.4438721610224168, 0.054135627579468215, 0.964045370725525, 0.7277487614779853, 0.03389056435597948, 0.48013700440526597, 0.5091223315558296, 0.5347433582226945, 0.7470352711797091, 1.0, 0.11764343950221257, 0.71744354663031, 0.1635451756889571, 0.2623724933175565, 0.852545590821592, 0.18672577756292297, 0.8318188246323385, 0.5307419932225471, 0.2685135924379788, 0.07179157668646596, 0.8239697367975827, 0.7078335978193143, 0.1020504041576692, 0.7224542671326998, 0.3404145762406806, 0.6602377566556327, 0.11079610329942502, 0.41551683270210105, 0.8801759791227763], [0.9290333827683289, 0.8995782392284161, 0.7406278780501852, 0.11470039215710048, 0.8560754121324163, 0.636363337991481, 0.19469726562473466, 0.6511163996076292, 0.7104241405077057, 0.06280194167802222, 0.0830051854171504, 0.6650791183387016, 0.7978145306986966, 0.5085970319614787, 0.8965029890659153, 0.11764343950221257, 1.0, 0.9884964982937969, 0.3634353881532687, 0.20438465451386267, 0.010760033304627381, 0.4720630217699957, 0.20308429096656255, 0.8514821717957319, 0.8775283642754795, 0.7791145815101935, 0.27890269892714215, 0.7973884956916443, 0.5175766792587269, 0.026514262592420734, 0.41668124188682076, 0.1842428571700353, 0.0027623667879288494, 0.37880138018169207, 0.8284396080137858], [0.8454950920820797, 0.7681038323563198, 0.3755054522488631, 0.6049841503391168, 0.35089896329614667, 0.8142313886795944, 0.3662493285643521, 0.7885741304203359, 0.9273942600546073, 0.8031500452253008, 0.9928110085611688, 0.206853855481537, 0.7679527283877443, 0.41015374626100554, 0.9307189768602542, 0.71744354663031, 0.9884964982937969, 1.0, 0.7783963837444868, 0.5813225965764945, 0.422227355623072, 0.38909897637798474, 0.8038539595013062, 0.17054614525545608, 0.2914064182114112, 0.5611935094624183, 0.7473843044962689, 0.7982304043711328, 0.5742105164346664, 0.32585774601915074, 0.4766306535152901, 0.46837593424021573, 0.825145049714068, 0.4326379999015979, 0.3272521609839941], [0.7844156104498686, 0.727169460341579, 0.02283542681961881, 0.949994724969663, 0.7513576833996738, 0.962159510036169, 0.29687080247188824, 0.8141620644140993, 0.27656802824590676, 0.6678099380257678, 0.661829994061466, 0.791860769774501, 0.8511589811213838, 0.9671808864750642, 0.9213059812101486, 0.1635451756889571, 0.3634353881532687, 0.7783963837444868, 1.0, 0.8257879740577038, 0.5681093677044355, 0.3580892783325421, 0.2874218370283078, 0.63113403398763, 0.6509586432399445, 0.3752678216950236, 0.48073045713319573, 0.11252269961602379, 0.5454610486665282, 0.5196820392882612, 0.4578138394516539, 0.6104282804986851, 0.27584272502479157, 0.42939671427144144, 0.9392372156272408], [0.39842007289625847, 0.5806144784798424, 0.5688003946751067, 0.5980566230296167, 0.7756600552944904, 0.8896750867908014, 0.741108920410606, 0.9627506628076941, 0.769319509961653, 0.7927503446638249, 0.08173206263253652, 0.7524798300711081, 0.1799653768888676, 0.4886177346686664, 0.9682310181029073, 0.2623724933175565, 0.20438465451386267, 0.5813225965764945, 0.8257879740577038, 1.0, 0.16091155648634703, 0.30124585974779694, 0.1977960922292621, 0.2141425725422763, 0.703204338249288, 0.7409830359179865, 0.2737649360544494, 0.40318032047947827, 0.14716603294596264, 0.025041947979444257, 0.3270780481347487, 0.5490574927904052, 0.04370633574659355, 0.9193675788359964, 0.7869469175883759], [0.1821900929801744, 0.032251647641460046, 0.6794786822552835, 0.9551324407679886, 0.004284263013128453, 0.7721578089384293, 0.7027015376317904, 0.4453586772081436, 0.29789891888630116, 0.5861376792146379, 0.5437968727405297, 0.243115690909113, 0.5235616104148675, 0.4757721429419811, 0.8829088267766878, 0.852545590821592, 0.010760033304627381, 0.422227355623072, 0.5681093677044355, 0.16091155648634703, 1.0, 0.8065803585917005, 0.44097375169162023, 0.4801146688273815, 0.6128269455886604, 0.3003448266698189, 0.9470321749576474, 0.5086641252802422, 0.840156046595427, 0.030952354821425887, 0.5953075834527172, 0.4896132376501864, 0.8994846503927663, 0.7439097092453667, 0.6027720951950379], [0.32802974669604745, 0.25960537646947157, 0.5701401918214487, 0.4542913718105317, 0.34103398878081037, 0.9735030641317439, 0.8325749618154394, 0.43552300188621584, 0.3360228499322757, 0.8716120342966376, 0.6546563267163459, 0.9252192468894919, 0.35584759576302705, 0.729355766810394, 0.12212998971203815, 0.18672577756292297, 0.4720630217699957, 0.38909897637798474, 0.3580892783325421, 0.30124585974779694, 0.8065803585917005, 1.0, 0.7618195627019542, 0.1653800314724979, 0.22889459526803835, 0.47428798039567166, 0.8887154828675932, 0.9926734947183887, 0.5162297446286261, 0.7020970578941507, 0.05760761653119528, 0.5180104115805972, 0.03042540570009733, 0.6859243059584658, 0.5682340230601163], [0.9373753270371014, 0.9587894914423709, 0.3001594562064689, 0.24467009423150654, 0.4442147009931551, 0.5311813469808534, 0.5623050165125748, 0.4727547551578736, 0.59973889317369, 0.0237985351296246, 0.10185390433291308, 0.43615953472678903, 0.04510099141963386, 0.7354744224063514, 0.9745291914731637, 0.8318188246323385, 0.20308429096656255, 0.8038539595013062, 0.2874218370283078, 0.1977960922292621, 0.44097375169162023, 0.7618195627019542, 1.0, 0.2528789475777088, 0.36115985166138, 0.33300262750303444, 0.6530453490457397, 0.469417722765345, 0.4820520005208869, 0.752232945955736, 0.32221731444157553, 0.388846181915115, 0.8575459771075694, 0.20141396762065344, 0.04526458559799684], [0.24557345516774132, 0.009757277901370709, 0.14513351830529753, 0.33078172892360624, 0.807618979139347, 0.7049490664593117, 0.25839236745300365, 0.3806576894199676, 0.9496662967589137, 0.30325463318833734, 0.1904367897261363, 0.5372948158617766, 0.3470394369521955, 0.9816815833179658, 0.03847549326392985, 0.5307419932225471, 0.8514821717957319, 0.17054614525545608, 0.63113403398763, 0.2141425725422763, 0.4801146688273815, 0.1653800314724979, 0.2528789475777088, 1.0, 0.7840175569513973, 0.9597079651694883, 0.4993445430006448, 0.8149408681825028, 0.23664290616581796, 0.05125603339203699, 0.08660883354119375, 0.8853376412317253, 0.051949478780315084, 0.2309978450479444, 0.9390655492056863], [0.41432050445579127, 0.33031831540185896, 0.9880191272193587, 0.6373857681452345, 0.6926067076842116, 0.9741845577582069, 0.5492259545692305, 0.7515800502944003, 0.746744393864475, 0.3732666836270948, 0.8273685459519247, 0.6860265545680158, 0.2241720018431166, 0.2885992064896372, 0.15506466342244762, 0.2685135924379788, 0.8775283642754795, 0.2914064182114112, 0.6509586432399445, 0.703204338249288, 0.6128269455886604, 0.22889459526803835, 0.36115985166138, 0.7840175569513973, 1.0, 0.008343499345911498, 0.5285505900909616, 0.3876932800726163, 0.2872622967820476, 0.45720407912706396, 0.6499278070265042, 0.9509667724776315, 0.4125271381248997, 0.07650494687942877, 0.1897485296790773], [0.07728395457741744, 0.3482785770131017, 0.1062904360800071, 0.3709884742626125, 0.742173499686639, 0.9484494162441176, 0.7302676984603513, 0.7618153106173841, 0.2950072793990266, 0.529326746142589, 0.6068201320887758, 0.8240803574741801, 0.6338850375924485, 0.8445460214334151, 0.597055983906202, 0.07179157668646596, 0.7791145815101935, 0.5611935094624183, 0.3752678216950236, 0.7409830359179865, 0.3003448266698189, 0.47428798039567166, 0.33300262750303444, 0.9597079651694883, 0.008343499345911498, 1.0, 0.7389179055943222, 0.32397101558534813, 0.9993462486146977, 0.037020764576846665, 0.23557717067054385, 0.7893978064480159, 0.8516713618232512, 0.08255816693372775, 0.11643893766927038], [0.14408424688965404, 0.7601624247244148, 0.8792447311896265, 0.8824396886438591, 0.692521442145199, 0.7358193301741502, 0.10044391799882868, 0.16991206540056003, 0.11449154867439337, 0.8934048432337359, 0.34875076583645337, 0.4089294818373366, 0.5620268009991404, 0.3547811854553462, 0.9171465842487065, 0.8239697367975827, 0.27890269892714215, 0.7473843044962689, 0.48073045713319573, 0.2737649360544494, 0.9470321749576474, 0.8887154828675932, 0.6530453490457397, 0.4993445430006448, 0.5285505900909616, 0.7389179055943222, 1.0, 0.4959946931301512, 0.9091345703611182, 0.6554069370584473, 0.9362355536217831, 0.4071698595476586, 0.35204979256270585, 0.92728344896436, 0.224842527339577], [0.6100798341755658, 0.000129548841240279, 0.49642438937068145, 0.5257666097031498, 0.247082293394296, 0.8437256076592581, 0.5701855319299834, 0.34003764719306107, 0.8551145298670385, 0.2006123508023211, 0.21828506524884106, 0.9373411209294007, 0.8615634350881224, 0.7118602516940158, 0.9029085551775905, 0.7078335978193143, 0.7973884956916443, 0.7982304043711328, 0.11252269961602379, 0.40318032047947827, 0.5086641252802422, 0.9926734947183887, 0.469417722765345, 0.8149408681825028, 0.3876932800726163, 0.32397101558534813, 0.4959946931301512, 1.0, 0.664332143173907, 0.3233441467755549, 0.5938343053711468, 0.4415143688351223, 0.3703208626158069, 0.662017104012791, 0.7019265090935475], [0.3000795896944638, 0.7178906597324348, 0.5305741302822782, 0.7873377765343673, 0.3050271703943719, 0.013051925273079745, 0.07170281014668489, 0.8900731792850305, 0.2044325213683199, 0.0057854744084342435, 0.04319636964359741, 0.2645590630102189, 0.6574263018458182, 0.4039490485922099, 0.6248917288408884, 0.1020504041576692, 0.5175766792587269, 0.5742105164346664, 0.5454610486665282, 0.14716603294596264, 0.840156046595427, 0.5162297446286261, 0.4820520005208869, 0.23664290616581796, 0.2872622967820476, 0.9993462486146977, 0.9091345703611182, 0.664332143173907, 1.0, 0.7476085913447034, 0.09155028147375133, 0.18501625852964154, 0.4179102692063299, 0.8942368099883734, 0.07906542904688862], [0.22987470015568856, 0.14379787545000278, 0.7053075258787278, 0.8253600405786217, 0.49465492038285963, 0.41396253753252854, 0.4044665800363365, 0.6589347376834669, 0.07105090832834526, 0.05483060756645297, 0.4526493454933094, 0.9310064954913184, 0.31785111420335477, 0.03404967810770265, 0.5569297129462816, 0.7224542671326998, 0.026514262592420734, 0.32585774601915074, 0.5196820392882612, 0.025041947979444257, 0.030952354821425887, 0.7020970578941507, 0.752232945955736, 0.05125603339203699, 0.45720407912706396, 0.037020764576846665, 0.6554069370584473, 0.3233441467755549, 0.7476085913447034, 1.0, 0.24675376437869267, 0.7545646810556652, 0.787415565573066, 0.07178969899094978, 0.996967464467262], [0.6990343349251102, 0.16385199765515557, 0.3949989523334234, 0.49377754598473356, 0.7037656643507091, 0.730817056448351, 0.0005631940527529578, 0.16884905614721413, 0.4862286647385001, 0.5161824273692105, 0.11178766483660385, 0.5861966496393314, 0.45551619131591503, 0.2070193854343524, 0.7472577952920444, 0.3404145762406806, 0.41668124188682076, 0.4766306535152901, 0.4578138394516539, 0.3270780481347487, 0.5953075834527172, 0.05760761653119528, 0.32221731444157553, 0.08660883354119375, 0.6499278070265042, 0.23557717067054385, 0.9362355536217831, 0.5938343053711468, 0.09155028147375133, 0.24675376437869267, 1.0, 0.6220692729892404, 0.20078091106894802, 0.6967310990573413, 0.054457084495440844], [0.6635604481450857, 0.27958515965915376, 0.40882444659455675, 0.8370291724816752, 0.6387386742349465, 0.9827191647523716, 0.4199031101626215, 0.3276712783398801, 0.6084211602662564, 0.10586309835020391, 0.018540927667706986, 0.5888840298739578, 0.5017801607371455, 0.07340972358304743, 0.3215092802368906, 0.6602377566556327, 0.1842428571700353, 0.46837593424021573, 0.6104282804986851, 0.5490574927904052, 0.4896132376501864, 0.5180104115805972, 0.388846181915115, 0.8853376412317253, 0.9509667724776315, 0.7893978064480159, 0.4071698595476586, 0.4415143688351223, 0.18501625852964154, 0.7545646810556652, 0.6220692729892404, 1.0, 0.6345250151661971, 0.7107500969050674, 0.6768734832194125], [0.909614995274744, 0.8415446366004762, 0.45169568868807897, 0.5271506297087988, 0.10384777684308177, 0.11862340530365434, 0.6876305394740609, 0.9781130361213789, 0.2453994958162703, 0.08932772193801097, 0.2662588754279077, 0.9729833604759396, 0.3194333972139173, 0.1942498904336053, 0.9258583624687623, 0.11079610329942502, 0.0027623667879288494, 0.825145049714068, 0.27584272502479157, 0.04370633574659355, 0.8994846503927663, 0.03042540570009733, 0.8575459771075694, 0.051949478780315084, 0.4125271381248997, 0.8516713618232512, 0.35204979256270585, 0.3703208626158069, 0.4179102692063299, 0.787415565573066, 0.20078091106894802, 0.6345250151661971, 1.0, 0.4868776154992166, 0.6383418262682956], [0.06860684855003885, 0.8799324706802447, 0.10963648996777842, 0.12294172651371005, 0.43898981164562634, 0.19619908392848495, 0.11637475411888942, 0.9067199907185317, 0.6419617767134996, 0.057443355914630456, 0.6251066106436364, 0.5882790879072907, 0.8359381291330739, 0.46395807405468015, 0.06324188440203105, 0.41551683270210105, 0.37880138018169207, 0.4326379999015979, 0.42939671427144144, 0.9193675788359964, 0.7439097092453667, 0.6859243059584658, 0.20141396762065344, 0.2309978450479444, 0.07650494687942877, 0.08255816693372775, 0.92728344896436, 0.662017104012791, 0.8942368099883734, 0.07178969899094978, 0.6967310990573413, 0.7107500969050674, 0.4868776154992166, 1.0, 0.9431856908579614], [0.29260175525584065, 0.8359109243542661, 0.2966197007490219, 0.403419088372594, 0.507872479339504, 0.9623806533956103, 0.6137610544856779, 0.691257364014643, 0.5506543142434724, 0.6229614765613947, 0.7645328608427897, 0.6999191076435282, 0.2155777379220447, 0.6377754885470195, 0.07232818770591953, 0.8801759791227763, 0.8284396080137858, 0.3272521609839941, 0.9392372156272408, 0.7869469175883759, 0.6027720951950379, 0.5682340230601163, 0.04526458559799684, 0.9390655492056863, 0.1897485296790773, 0.11643893766927038, 0.224842527339577, 0.7019265090935475, 0.07906542904688862, 0.996967464467262, 0.054457084495440844, 0.6768734832194125, 0.6383418262682956, 0.9431856908579614, 1.0]]