[[1.0,8.589245269811714E-4,7.980308140681665E-5,1.3411314144421793E-4,1.124083867272828E-4,8.16685002773683E-4,5.172935611601576E-4,3.0558323297305383E-4,1.560116085564233E-4,8.781143055591938E-4,2.1738198177821423E-4,1.483850258729736E-4,1.4306246804311786E-4,1.5766148624829865E-4,7.700897103231851E-5,0.028952934413215437,6.287352351939943E-4,3.4182988477166135E-4,2.9437332301561755E-5,0.0011524291049167612,5.182228075979851E-4,9.586447638605498E-5,3.366047396732617E-5,9.17650708473785E-4,3.2055311369220534E-4,0.0014411754509010503,8.80975643309972E-4,2.5542527213147187E-5,8.73229396315398E-5,0.0010093702134394262,0.01087555340162586,1.1873472343696156E-4,1.9581142336217683E-5,6.651561199460261E-4,5.192781075903089E-4,0.001812265839663269,1.2373254966040523E-4,2.3179864337690792E-4,1.7910307910305162E-4,0.0010770593481797127,1.0166251757521533E-4,0.017759078693176698,3.719562217737518E-5,3.52095461887167E-4,6.405970744350637E-4,0.023369136732505992,1.0055318565305976E-4,1.1141593463236341E-4,0.0020997799840369894,0.027773858610135437,1.479266526941889E-4,8.705383615688903E-4,4.519493588536138E-4,0.003269491580381842,5.6251282831075E-4,0.0015519435031781381,0.003638589041200169],[8.589245269811714E-4,1.0,5.394875247839062E-4,9.139468600933359E-4,8.593893190540215E-4,0.0013373230078527465,0.0012609728020652482,0.0011007698776557056,3.723841611514417E-4,0.0014129038037470434,3.4101203237960976E-4,6.314578980124105E-4,0.0010936926255188748,7.590159986588831E-4,3.3359930464983364E-4,0.02456223572647969,0.0011386167053407073,0.0020178289754361864,7.135183384505584E-4,0.0016100017630496042,0.0011055184248085835,0.0012110219588780326,2.723637860601476E-4,0.0035703446573201025,0.0016209679207961976,0.0019747514369515655,0.0016586165687842843,0.001044694744992088,7.697762006296372E-4,0.007531009075332933,0.04661038594725363,4.870122772669632E-4,0.0013528598507155532,0.0010765437237309646,0.001443791418333008,0.0015389700783787856,0.0011649920143672822,4.393337856091883E-4,7.082055360356874E-4,0.0019182176990523118,2.4241110425861272E-4,0.0019438113739794723,0.0012601548946022543,9.201926426370937E-4,0.0022129061001244033,0.016985132980913573,1.325836882886366E-4,4.875794505823821E-4,0.001970818255747101,0.003884166912496369,0.001168525065940364,0.0016185484332762324,0.011005672373289551,0.014756257346028244,0.0012978288238532855,0.0015008225623680935,0.002818329923761198],[7.980308140681665E-5,5.394875247839062E-4,1.0,6.952695311837875E-5,3.545311670557214E-5,8.009947344152024E-4,6.321279681095628E-4,6.281067451384171E-4,1.2545149164157159E-4,5.074844887949953E-4,6.534876898044915E-5,7.23798453894879E-5,6.59465228936225E-5,1.4427353256086503E-4,3.721929070064773E-5,0.022120391657287755,8.343192000492142E-5,0.0016012861346107582,3.705829942376966E-5,4.5828426680742597E-4,4.887924693308469E-4,1.6646639009575122E-5,3.964216977082435E-5,0.004324963926559876,4.2332904551091433E-4,4.336524026643075E-4,0.001717930091802604,1.971761355441867E-5,1.8651630025261726E-5,0.006451468365966734,0.046285686920399256,1.4054050537924811E-4,1.8351872405862125E-5,3.707347773245175E-4,0.0014639457032442557,2.4119791264432504E-4,2.2575390190423942E-4,1.0359804876265446E-4,3.130254862232215E-4,0.0018904572187201305,4.976767946592026E-5,0.01088906620546617,3.151243222291584E-5,1.7820960627549983E-4,7.984099715464964E-5,0.04490627553273551,3.102754495710597E-5,4.574529114201664E-5,8.371756218802328E-4,0.028843130089920604,9.805641805135009E-5,0.0012472484290511382,0.011999002992009662,0.008473439130450074,3.673255434755374E-4,6.450340598962166E-4,0.0030667310585697273],[1.3411314144421793E-4,9.139468600933359E-4,6.952695311837875E-5,1.0,1.0420766961281024E-4,0.0010311723267299752,9.177564894339468E-4,2.4905835346329154E-4,1.548358968127882E-4,9.042488489742723E-4,2.3965760569182284E-4,1.6125206595099048E-4,1.4885556842130578E-4,1.5265326825137458E-4,4.0510789498114206E-5,0.012120501424492442,9.215320121123499E-4,0.0014785665253246082,1.0548706812160065E-4,7.342538103943067E-4,1.655516755608296E-4,6.849498697926959E-5,1.3148810872681593E-4,0.0017879594082300114,7.869816384663976E-4,0.0028356261763419033,0.0016864724923091076,1.0952351750203077E-4,2.6424610152109514E-5,0.0015448818843349175,0.037144567587073705,1.4736935906038665E-4,4.131471927889716E-5,3.3469905832465754E-4,7.506462630151558E-4,4.457373609545914E-4,1.8145989345166123E-4,2.2405192507582176E-4,3.243910164914364E-4,0.0015415213687467373,1.434097813878653E-4,0.015851814987181398,1.3571839040189438E-4,4.300845224109967E-4,0.0011047720625083487,0.017543494022918944,7.216461129504786E-5,1.1026651509563741E-4,4.041016347907923E-4,0.01839817355648489,2.4004398583495377E-4,0.0015503580758916427,0.00203839184518934,0.021911527636504887,7.615443078530384E-4,2.813715183868592E-4,0.002320344836809894],[1.124083867272828E-4,8.593893190540215E-4,3.545311670557214E-5,1.0420766961281024E-4,1.0,4.768073380688998E-4,8.788846396083466E-4,4.8353362097165975E-5,1.046597722416085E-4,4.075387917477235E-4,1.0046181373933801E-4,1.1594617955652484E-4,8.590061605031933E-5,4.979240973406921E-5,1.8310059689918243E-5,0.018654826597822968,1.4962464060731224E-4,0.001344732221753112,2.0061103381324334E-5,0.0014274311245220132,3.7844263745778685E-4,1.642908309838335E-5,2.2523294732768113E-5,0.0036653893262955455,4.2624193205346474E-4,0.0026254842137544703,0.0015813382359935533,2.0079670156280677E-5,1.8544915095755283E-5,0.013678524561599558,0.018413723957635793,1.2766500189950738E-4,1.467094828778975E-5,9.343738061893964E-5,4.5026063944308135E-4,8.953323888853315E-4,3.319471306887723E-4,1.4431808469380172E-4,9.33297235791486E-5,0.001613294479432551,7.715865813640095E-5,0.012689805914600324,2.3313396574887443E-5,4.405723642731563E-4,0.0018267596257818069,0.02765366261393383,2.199952408519977E-5,7.971494357355238E-5,3.7444819702779457E-4,0.0014577705517697444,1.6770775013832696E-4,4.836372866889806E-4,0.009209972995310858,0.0039736965344644585,7.068008260684859E-4,0.0010751022510035538,4.7511633776788726E-4],[8.16685002773683E-4,0.0013373230078527465,8.009947344152024E-4,0.0010311723267299752,4.768073380688998E-4,1.0,0.0012019973524739292,8.32656499778408E-4,8.57904454280637E-4,0.0012328061923793689,5.517218226014778E-4,7.959847400190558E-4,8.323392403202462E-4,3.5326234948782715E-4,8.836514654560012E-4,0.011421872889528199,0.0011057947256657974,0.0019059139950326535,3.209801652085192E-4,0.0013652380407236226,7.961348390787505E-4,2.765782462605964E-4,7.269349393503609E-4,0.004910398937501309,0.0014427487617573453,0.003071284663119492,0.0015491256450151573,8.181092250276538E-4,0.0010654945636512229,0.018484086877629806,0.038341207343534627,1.552774070115991E-4,3.762075234689568E-4,7.6887518543439E-4,0.0013106770296514648,0.0012211489164497484,7.829248863750316E-4,8.624785805302502E-4,7.085218754653805E-4,0.002392926700761349,5.757879949967529E-4,0.0047335776637035445,3.5775369007834526E-4,6.920570942539123E-4,0.0012324001288735015,0.007854471566431964,5.996624258335424E-4,4.1119052703703454E-4,0.0016598820912240267,0.03225659640594436,9.546161831102526E-4,0.0013691381088797496,0.009701144306126801,0.012126032400101095,0.001079014852721933,0.0016818798029927678,0.0030032941403456293],[5.172935611601576E-4,0.0012609728020652482,6.321279681095628E-4,9.177564894339468E-4,8.788846396083466E-4,0.0012019973524739292,1.0,0.0010251916045852343,7.912699034228325E-4,0.0013064978046718237,5.20019386373045E-4,5.54874908534483E-4,6.522406292400191E-4,5.815894478479891E-4,6.090673658334492E-4,0.010872302292032815,0.0011020519506567436,0.0013820365759691022,0.0011571540250024772,0.0015610705638367953,8.51735293592152E-4,0.0011429774255336037,2.9664990098890643E-4,0.002650149359475046,0.001765909851866543,0.0024293753413895842,0.0016164661038380805,3.591548976919042E-4,1.413393401946005E-4,0.002533991600964792,0.02311913467619747,6.225573389272642E-4,5.29463263911181E-5,0.0010708225954530158,0.0012175245133626863,0.0015679918731162797,6.928947304162422E-4,9.266849878499851E-4,3.5657171211620305E-4,0.0023461979573473086,7.115075682101876E-4,0.004343786299071811,1.9391286947349979E-4,0.0011078049814987436,0.0013621976914385677,0.03599031457192419,1.7846199811699973E-4,4.4317568380566267E-4,0.0015882502533501614,0.017969048132503863,7.853796276565046E-4,0.0014587227787759831,0.002309163243102093,0.0022254460958078164,0.0011570971316151423,0.0015041386353373764,0.0036526973320108896],[3.0558323297305383E-4,0.0011007698776557056,6.281067451384171E-4,2.4905835346329154E-4,4.8353362097165975E-5,8.32656499778408E-4,0.0010251916045852343,1.0,4.289314737929757E-4,0.00105921877350325,6.599158887291708E-4,6.436460631644035E-4,3.096649273844034E-4,4.873296393731527E-4,3.124485561632852E-4,0.0013858246167203127,0.001057260876613106,0.0017574695487884162,2.9184278640136118E-5,0.001044294145997436,5.70161365685465E-4,3.7689708222579107E-4,6.661129986253957E-4,0.002964963690804653,8.369461558133927E-4,0.002277993023780938,0.0018891563504665411,9.629771239630231E-5,2.0655485039555374E-4,0.022967837993831463,0.014847592655302779,6.055129075960698E-4,4.5792860661683475E-4,7.085931110941599E-4,8.944753902505369E-4,7.607986872918082E-4,6.095805285330923E-4,5.495740489008972E-4,4.415761142394076E-4,0.0027208483163422914,4.1623937065813114E-4,0.003076222336333757,6.800089682206491E-4,5.827456673809078E-4,0.0019855828897788284,0.03267768993104763,1.296291840872275E-4,5.508708858001742E-4,9.65485522820634E-4,0.03718697479381337,4.990758462863732E-4,0.0015735557055475467,0.010317958637799485,0.022210193430561676,0.001065211670432876,0.0010459869578413113,0.001698377833305003],[1.560116085564233E-4,3.723841611514417E-4,1.2545149164157159E-4,1.548358968127882E-4,1.046597722416085E-4,8.57904454280637E-4,7.912699034228325E-4,4.289314737929757E-4,1.0,0.001310725350701614,2.2730672471695136E-4,1.7191043652805597E-4,1.4772328042913285E-4,2.2502057398902621E-4,9.20431318355843E-5,0.00417053693674627,0.0010472633772051086,0.0018377509708730367,8.486797694063758E-5,2.97864671654347E-4,3.168710741060501E-4,9.412015709199601E-5,1.092943098396989E-4,0.003208282145832063,0.0016403162248877718,0.002883802702293336,0.0012349980469578562,1.243900868623877E-4,1.03694780566914E-4,0.02773300053205761,0.0327530823730662,1.4791544062312315E-4,2.7296406395754035E-5,3.6801744687927E-4,4.056423729486201E-4,0.0010632394795698364,3.1376919020071085E-4,2.6677976402434783E-4,2.1414906676172905E-4,0.002726186319682201,1.510707344242495E-4,0.016698622825895355,7.851264810272265E-5,4.5343893694543E-4,0.0016489883366550971,0.02356381835545878,9.975364867235389E-5,1.255916563015555E-4,0.0010889906759120806,0.0376643713502917,2.410336284649983E-4,0.0016284033998962984,0.004748256933338917,0.019347060669764625,4.886592697874141E-4,0.0014598792637297053,6.475222709989865E-4],[8.781143055591938E-4,0.0014129038037470434,5.074844887949953E-4,9.042488489742723E-4,4.075387917477235E-4,0.0012328061923793689,0.0013064978046718237,0.00105921877350325,0.001310725350701614,1.0,0.0012734965578427822,0.0010273439841234897,4.057919331158415E-4,0.0010602138350140028,2.4101642400385957E-4,0.02155067236975388,0.0012207933829283051,0.0014169358519942222,0.0010173251946849634,0.0013774910017814378,0.0010825905170152412,0.0012383669788650572,1.069784666954061E-4,0.004651899652559634,0.0016446689701046535,0.002310620598424698,0.0016568114406811994,3.500359976269696E-4,9.399753849093118E-5,0.0044456625590741485,0.0038418305711751333,6.510447217895587E-4,0.0010196477766872376,9.032315261496055E-4,0.0014226538648835154,0.0016328176596947692,0.0010337053496801718,7.327639629462312E-4,9.645187303338252E-4,0.0023472887632943126,8.734517767332762E-4,0.014602774897832283,7.001544076722397E-4,5.37626791756198E-4,0.0019313320426195806,0.027124127487271103,0.0011516387903074603,7.556585938035933E-4,0.0013219257813860332,0.032187923090305735,8.074683155985113E-4,0.0018921477833426996,0.010485030753996767,0.010376977974814365,0.0011874245675772544,0.001639928900539702,0.003555695433798165],[2.1738198177821423E-4,3.4101203237960976E-4,6.534876898044915E-5,2.3965760569182284E-4,1.0046181373933801E-4,5.517218226014778E-4,5.20019386373045E-4,6.599158887291708E-4,2.2730672471695136E-4,0.0012734965578427822,1.0,2.5920041242643226E-4,1.57468718641938E-4,2.953111713437709E-4,1.190701201398743E-4,0.0036059329574264476,9.99528945367521E-4,0.0011127901125378794,2.085657698300302E-4,0.0014203729638507488,3.376699748260785E-4,2.984550897086749E-4,2.0648332361389974E-4,0.0045511756763650804,0.0013391553986614319,0.0014946080384033822,8.942980298510646E-4,2.590344878467321E-4,1.4086051680415286E-4,0.00804998027627936,0.05254157661817136,2.0860413590857114E-4,8.105056295851237E-5,5.122676806386865E-4,0.0012959690144554313,7.765847493845623E-4,3.975599867647938E-4,3.089465201803408E-4,3.1292416110096055E-4,0.002625925946811972,1.247761694532968E-4,0.01709249838932806,1.5972294372614766E-4,3.6171891181009793E-4,5.232521636964496E-4,0.025798609141912017,2.2456234573524667E-4,2.8477463880130787E-4,0.0011070675086224122,0.03710208407515582,2.8894192172637705E-4,6.14107629751666E-4,0.00157995349661033,0.0144820927957178,7.447111227416215E-4,0.0010885209563439083,0.0028494330117391025],[1.483850258729736E-4,6.314578980124105E-4,7.23798453894879E-5,1.6125206595099048E-4,1.1594617955652484E-4,7.959847400190558E-4,5.54874908534483E-4,6.436460631644035E-4,1.7191043652805597E-4,0.0010273439841234897,2.5920041242643226E-4,1.0,1.535136707410412E-4,2.2821978795797552E-4,1.089666496150767E-4,0.016729421546106512,6.11803912168014E-4,0.0018738324859175184,3.1089684030963775E-5,3.642192360081047E-4,5.575405193342302E-4,1.0693594084502216E-4,9.8387788977758E-5,0.0016659491521258895,7.914857368462264E-4,0.002723921723371412,5.823254952775952E-4,1.0919843976465304E-4,1.5197509053704747E-4,0.011719639764081533,0.0056605020834115186,1.6881274216737493E-4,4.622453874219995E-5,5.561290732890034E-4,4.044106500707714E-4,1.8523830288727077E-4,3.6827152308288217E-4,2.451578695288747E-4,3.287060542247837E-4,0.002471835312660699,1.687920448058825E-4,0.0010329449924814946,9.917144809015667E-5,2.7267982407107967E-4,6.062196012509838E-4,0.03191942491583065,1.721762327391307E-4,1.1965118884023111E-4,1.9378105720391128E-4,0.020100313411642017,2.565478161343748E-4,2.673303674205615E-4,0.009384158560176388,0.0196830638013081,8.175288815604522E-4,6.278623220367071E-4,0.003285778101096204],[1.4306246804311786E-4,0.0010936926255188748,6.59465228936225E-5,1.4885556842130578E-4,8.590061605031933E-5,8.323392403202462E-4,6.522406292400191E-4,3.096649273844034E-4,1.4772328042913285E-4,4.057919331158415E-4,1.57468718641938E-4,1.535136707410412E-4,1.0,1.7704159305165928E-4,4.5118164071913435E-5,0.009128326688385242,7.443479273316413E-4,8.430798079208894E-4,9.334101658754302E-5,7.489850430783517E-4,4.0451005321172915E-4,1.4067122206166586E-4,2.530900613992548E-5,0.004459958449462962,1.704888547504178E-4,0.003116005418823359,7.75322536121741E-4,1.5007805026191271E-5,1.1635385417991201E-5,0.021663831399696885,0.005644449061489012,1.4393993305865613E-4,5.040254822122205E-5,3.520955255727133E-4,0.0015174010100194723,7.497758825463015E-4,2.7776181927788296E-4,2.7045663405681104E-4,2.671397238896724E-4,0.0013122700126481743,1.0886996360319239E-4,0.017931687539691335,4.3888187684425886E-5,2.7068240234210566E-4,3.466618960657486E-4,0.014083435641363239,8.942800350371073E-5,1.2056146560350924E-4,0.0019009937215754458,0.026719482882390094,1.9659444557614713E-4,0.0015997830547035173,0.011472995455741333,0.01866270892045417,3.811726879130601E-4,0.0012454251700988806,0.0037780471502144625],[1.5766148624829865E-4,7.590159986588831E-4,1.4427353256086503E-4,1.5265326825137458E-4,4.979240973406921E-5,3.5326234948782715E-4,5.815894478479891E-4,4.873296393731527E-4,2.2502057398902621E-4,0.0010602138350140028,2.953111713437709E-4,2.2821978795797552E-4,1.7704159305165928E-4,1.0,2.009246031706881E-4,0.00886563958949626,5.242857229612781E-4,0.0020051165348277237,1.0770010866862057E-4,8.089225571657891E-4,4.157548795735806E-4,2.1423393055723344E-4,1.880217005186054E-4,0.0035567388961986164,0.0010397532666836444,6.453593615516704E-4,0.001428262954775667,2.1998451740552584E-4,1.9091650342321507E-5,0.018783366317556883,0.028920726411141007,2.0094210273531325E-4,1.6479796010718324E-4,3.2206507473368985E-4,0.0013046535592184246,5.878122513231836E-4,4.8386458843664156E-4,2.9987484062933686E-4,2.462710249014222E-4,0.0023767665690363226,1.6521732357543335E-4,0.009841244699840221,3.4699829525895844E-5,4.188660650918158E-4,6.331143410968436E-4,0.012103776470879003,1.3769520036364735E-4,2.359668145998301E-4,5.580930845337612E-4,0.036205751603565234,2.533873730184705E-4,0.0012193649003896356,0.013330203206598732,0.007646591961135512,8.130328836796845E-4,6.364528535993744E-4,0.003639274329031432],[7.700897103231851E-5,3.3359930464983364E-4,3.721929070064773E-5,4.0510789498114206E-5,1.8310059689918243E-5,8.836514654560012E-4,6.090673658334492E-4,3.124485561632852E-4,9.20431318355843E-5,2.4101642400385957E-4,1.190701201398743E-4,1.089666496150767E-4,4.5118164071913435E-5,2.009246031706881E-4,1.0,3.657217134298047E-4,1.8164574094250008E-5,0.001612355304123213,1.6142948356165383E-5,0.001049184897721525,4.316966930704091E-4,1.4675076359090408E-5,1.7063035526418374E-5,0.0011374605491459439,0.0010616429399701694,5.283337600056545E-4,6.231693838013298E-4,1.243506022298476E-5,1.2994558044431785E-5,0.03021926995086528,0.008249101420563513,4.9279458896922456E-5,1.1963231382543573E-5,1.3803376591859628E-4,0.0014750172837248185,0.0014680299815405808,1.679477884680434E-4,2.3590874710795518E-4,3.0258829134578366E-4,0.0026331914328599675,9.699566339998916E-5,0.014581067812237,1.975589341981665E-5,8.892085773616986E-5,5.787762532838633E-4,0.017308086403530026,1.386098872255923E-5,2.08716471290827E-5,0.0015338736519371655,0.024486549132291632,1.0923239221987378E-4,0.0014778112936765155,0.011112857704322644,0.0013956824296583784,3.36114648534108E-4,0.0011581145407502636,6.580672239374952E-4],[0.028952934413215437,0.02456223572647969,0.022120391657287755,0.012120501424492442,0.018654826597822968,0.011421872889528199,0.010872302292032815,0.0013858246167203127,0.00417053693674627,0.02155067236975388,0.0036059329574264476,0.016729421546106512,0.009128326688385242,0.00886563958949626,3.657217134298047E-4,1.0,0.013083565938862835,0.029461592292559236,0.01869899120341755,0.010963192669517847,0.02002845729764559,0.028321159857066774,0.02765473557033033,0.02901860955856673,0.006514272129015475,0.019477666509140727,0.02940098825477619,0.0010980767228786536,0.027902685167010777,0.030614155374740517,0.041089016821547406,0.017637501047703567,0.030878505301955246,0.015320261743901118,0.020129224795183424,0.016167393799375755,0.014229547999665464,0.008307398016313328,0.02753728523443124,0.003081612413489503,0.0084634104419611,0.0200877792221065,0.024687789535926034,0.018051921363236714,0.004903995900382884,0.04338507542235641,0.006697532680863636,0.010844511834414967,0.0031585340783551567,0.036795516906634865,0.012510025740678237,0.005659059723012071,0.023769750484255513,0.023591391973253065,0.00215169884325548,0.011386753350840413,0.012149137451134676],[6.287352351939943E-4,0.0011386167053407073,8.343192000492142E-5,9.215320121123499E-4,1.4962464060731224E-4,0.0011057947256657974,0.0011020519506567436,0.001057260876613106,0.0010472633772051086,0.0012207933829283051,9.99528945367521E-4,6.11803912168014E-4,7.443479273316413E-4,5.242857229612781E-4,1.8164574094250008E-5,0.013083565938862835,1.0,0.001361423788121254,2.6553357628328464E-4,0.0015536717693687904,6.335004114615534E-4,3.107181130243352E-4,2.575186926633703E-4,0.004281772938679029,0.0015690958392965335,0.003201489083742728,0.001315209009557633,5.987532504651636E-4,0.0010227032121092237,0.012259585082652229,0.03404125981606914,0.0010021350848382629,2.6246905078641596E-4,9.509163554571687E-4,0.0013787112193381999,0.0021816041789196883,9.070119817259801E-4,6.412850369826036E-4,3.9190411990830507E-4,0.0029426170928604813,7.175597773085022E-4,0.012755109938795844,0.0010205535982578092,9.955096806699487E-4,0.001836884038866139,0.025938198947203422,9.345175535409942E-4,3.634790738648643E-4,0.0018496722207879362,0.009971987324105003,7.714271201081963E-4,0.001511791463200568,0.01259125147101056,0.013683772713900635,0.001096334334029423,0.0016957436205270971,0.0013152358321647517],[3.4182988477166135E-4,0.0020178289754361864,0.0016012861346107582,0.0014785665253246082,0.001344732221753112,0.0019059139950326535,0.0013820365759691022,0.0017574695487884162,0.0018377509708730367,0.0014169358519942222,0.0011127901125378794,0.0018738324859175184,8.430798079208894E-4,0.0020051165348277237,0.001612355304123213,0.029461592292559236,0.001361423788121254,1.0,3.0678548326756405E-4,0.0020159725309531807,0.0016239158110785499,0.0019122989414506934,5.76095440214076E-4,0.0043352942333368056,0.0018417193448423451,0.0028933735637825956,0.001993622374164264,0.0018025280465325286,0.0012947976914732175,0.01565743331952285,0.007420354871669767,0.0011674929101110768,5.281699408449457E-4,0.0019340386575603821,0.0017381749410951973,0.0022712923469874685,0.0013179418863028954,0.001463749060441382,0.0016050278983980465,0.0024409332007613214,4.3397391933108195E-4,0.016443041472079197,0.0013517026284260208,9.336106592357086E-4,0.0021820295399826396,0.01803725174367449,4.296992903850817E-4,7.833786465164237E-4,0.0021487574493418656,0.034542380790117046,8.950131970080618E-4,0.002028240762125355,0.01309753858227945,0.022591277329621108,0.0012225252753089296,0.001874997380400716,0.004253745554114742],[2.9437332301561755E-5,7.135183384505584E-4,3.705829942376966E-5,1.0548706812160065E-4,2.0061103381324334E-5,3.209801652085192E-4,0.0011571540250024772,2.9184278640136118E-5,8.486797694063758E-5,0.0010173251946849634,2.085657698300302E-4,3.1089684030963775E-5,9.334101658754302E-5,1.0770010866862057E-4,1.6142948356165383E-5,0.01869899120341755,2.6553357628328464E-4,3.0678548326756405E-4,1.0,6.873347324943083E-5,7.100464574860221E-5,1.6248715950217745E-5,1.8570666374375957E-5,0.0026459368351058566,2.6228985926601063E-4,0.0027256339372430877,0.0012477949153780815,1.5330510485321285E-5,1.5895045369643826E-5,0.025223667355702854,0.02295859455019068,9.460010588306742E-5,1.6278546626261957E-5,4.4557035967565515E-4,9.396252723507787E-4,6.162815498768871E-4,5.00733011026151E-4,3.078672094703449E-4,9.585138860705795E-5,4.0141084139249696E-4,7.851490477295358E-5,0.01812964361045444,2.317254757559625E-5,3.069781727706352E-4,0.0016667310158547464,0.0038046079319753855,1.9549689911785577E-5,2.4665729404796872E-5,0.0014409791096547222,0.03150354696259269,1.4889614654164788E-4,8.866368171309897E-4,0.006757660973695321,0.016488208675444396,4.354495330435759E-5,0.0013556323358658513,0.0016063397030660234],[0.0011524291049167612,0.0016100017630496042,4.5828426680742597E-4,7.342538103943067E-4,0.0014274311245220132,0.0013652380407236226,0.0015610705638367953,0.001044294145997436,2.97864671654347E-4,0.0013774910017814378,0.0014203729638507488,3.642192360081047E-4,7.489850430783517E-4,8.089225571657891E-4,0.001049184897721525,0.010963192669517847,0.0015536717693687904,0.0020159725309531807,6.873347324943083E-5,1.0,0.0010810793303101505,0.0015246173916962369,4.3894346251735646E-4,0.0022458570555686933,0.0016428160544438733,0.001796701174491659,0.0018227149250818477,0.001617764910855313,4.202672509656673E-4,0.020555080447520434,0.009145378170053323,0.0010981942394817732,7.665356119108316E-4,0.001340983036449469,0.0016226870956614586,0.0016333194895139247,7.408254795764318E-4,5.436952456812983E-4,0.0011396833358045327,0.0029352868916927306,7.863612307076309E-4,0.012313485923959486,3.0122704100194294E-4,5.97127417182341E-4,0.0024663873654517518,0.038315115449547105,0.0013735109431409658,9.899299635777663E-4,0.0019203196979633132,0.0061349218804930775,0.0015041808930977198,0.0016404350887537166,0.001771909019880303,0.012936075495660445,0.0011913741597170343,0.001624442555233106,0.002822792251775068],[5.182228075979851E-4,0.0011055184248085835,4.887924693308469E-4,1.655516755608296E-4,3.7844263745778685E-4,7.961348390787505E-4,8.51735293592152E-4,5.70161365685465E-4,3.168710741060501E-4,0.0010825905170152412,3.376699748260785E-4,5.575405193342302E-4,4.0451005321172915E-4,4.157548795735806E-4,4.316966930704091E-4,0.02002845729764559,6.335004114615534E-4,0.0016239158110785499,7.100464574860221E-5,0.0010810793303101505,1.0,3.17320745785028E-5,1.495240198347228E-4,7.200883269604346E-4,9.932058507926822E-4,0.001140790832074589,0.0012585964554914712,4.69829068592374E-5,3.408380006543261E-4,0.02022597601981116,0.005034711177340085,1.5765265795211178E-4,4.7186631591017664E-4,6.714184016045603E-4,0.0013787944440951533,0.002151750614037516,5.67918752131062E-4,3.283220987763399E-4,4.475629940747878E-4,0.002703531971472868,3.028781165718129E-4,0.0011325170643389814,3.442253770503719E-4,5.256072641656093E-4,0.0014286370300497426,0.033126066616746816,4.2911610902245757E-4,1.141304678923913E-4,0.002140746495344053,0.03784657831949278,4.892109827189206E-4,8.689358507366367E-4,0.004557038316554819,0.010977424848931034,7.650653527674154E-4,0.00126783403299969,0.003445226672684587],[9.586447638605498E-5,0.0012110219588780326,1.6646639009575122E-5,6.849498697926959E-5,1.642908309838335E-5,2.765782462605964E-4,0.0011429774255336037,3.7689708222579107E-4,9.412015709199601E-5,0.0012383669788650572,2.984550897086749E-4,1.0693594084502216E-4,1.4067122206166586E-4,2.1423393055723344E-4,1.4675076359090408E-5,0.028321159857066774,3.107181130243352E-4,0.0019122989414506934,1.6248715950217745E-5,0.0015246173916962369,3.17320745785028E-5,1.0,1.8709304899560352E-5,4.3034762155967464E-4,2.6042307183085916E-4,9.513068659444582E-4,0.001834262090769189,1.2820081060846001E-5,1.1673000326965244E-5,0.024405940797431847,0.027442638793675207,3.586794350597338E-5,1.32027637129594E-5,5.831612925636808E-4,6.60159110212284E-4,0.0012695473715431307,1.9306591635441346E-4,3.9789846167298415E-5,2.929270319673244E-4,6.79398809930751E-4,7.704045298026978E-5,0.0012790170890667662,1.8405177269932058E-5,1.2104011763704249E-4,0.0019128603103649986,0.025691921023058496,2.0509866993460778E-5,3.536146593249342E-5,0.0017406046406758897,0.027113916199392588,1.7703236839684957E-4,1.0982539215617873E-4,0.0040919566395355746,0.02245882767752343,2.280097455309462E-4,3.7662778896015544E-4,5.348123096220542E-4],[3.366047396732617E-5,2.723637860601476E-4,3.964216977082435E-5,1.3148810872681593E-4,2.2523294732768113E-5,7.269349393503609E-4,2.9664990098890643E-4,6.661129986253957E-4,1.092943098396989E-4,1.069784666954061E-4,2.0648332361389974E-4,9.8387788977758E-5,2.530900613992548E-5,1.880217005186054E-4,1.7063035526418374E-5,0.02765473557033033,2.575186926633703E-4,5.76095440214076E-4,1.8570666374375957E-5,4.3894346251735646E-4,1.495240198347228E-4,1.8709304899560352E-5,1.0,0.0038975515865326046,4.897479597002109E-4,7.457246135650498E-4,9.656396294621627E-4,2.028655419046078E-5,1.4862641799838961E-5,0.007371858032013723,0.029211656536543392,9.278476557471012E-5,2.051620959103159E-5,1.303865138341622E-4,8.870480568544338E-4,0.001967857486048438,1.4839249291773098E-4,1.693311490675913E-4,1.3774412250296112E-4,0.0010840149928712539,6.702181547202107E-5,0.010010117443672768,2.2473823937323225E-5,1.8122023125799472E-4,0.0023760959445084926,0.020193627041099865,2.222318536310215E-5,6.315768976338724E-5,0.0019069417462956298,3.193138931409827E-4,2.4021526129070156E-4,4.434440376814639E-4,0.004852008802100231,0.003318385252740555,8.904305784633089E-4,0.0010726267506695646,0.002455314049518369],[9.17650708473785E-4,0.0035703446573201025,0.004324963926559876,0.0017879594082300114,0.0036653893262955455,0.004910398937501309,0.002650149359475046,0.002964963690804653,0.003208282145832063,0.004651899652559634,0.0045511756763650804,0.0016659491521258895,0.004459958449462962,0.0035567388961986164,0.0011374605491459439,0.02901860955856673,0.004281772938679029,0.0043352942333368056,0.0026459368351058566,0.0022458570555686933,7.200883269604346E-4,4.3034762155967464E-4,0.0038975515865326046,1.0,0.003809493324267885,0.004704125068485241,0.00384330118179607,0.004145224200695956,1.1665608896944191E-4,0.027877377266223118,0.011400691701647073,0.0014036662675776961,0.003679311076063916,0.004310786951319607,0.0020472789427778224,0.0044117346400984565,0.0039774209170911025,0.003396454326245505,0.0015076378742105575,0.0049660149436475155,0.0020010366812400677,0.009280896628803671,0.0032937447214902845,0.001045998869379094,0.0026161565354178963,0.0128168663587493,0.001079370207603336,0.00257615732957568,0.003464126789857272,0.029893782826863835,0.004395419162659014,0.004170817442663845,0.008985209483136872,0.010794365189142958,0.001882393779945383,0.004299890555385775,0.005029160723459836],[3.2055311369220534E-4,0.0016209679207961976,4.2332904551091433E-4,7.869816384663976E-4,4.2624193205346474E-4,0.0014427487617573453,0.001765909851866543,8.369461558133927E-4,0.0016403162248877718,0.0016446689701046535,0.0013391553986614319,7.914857368462264E-4,1.704888547504178E-4,0.0010397532666836444,0.0010616429399701694,0.006514272129015475,0.0015690958392965335,0.0018417193448423451,2.6228985926601063E-4,0.0016428160544438733,9.932058507926822E-4,2.6042307183085916E-4,4.897479597002109E-4,0.003809493324267885,1.0,0.0030069055156370012,0.0018363844166255552,0.0017397368785409676,0.0011669478869563584,0.014576350639865458,0.04601100817717928,9.990898744886647E-4,0.0015176779889844506,0.0017437636694089685,0.001632483289621351,0.002283011448783177,0.001190492665726281,0.0012643653459840645,0.0012504872747743615,0.002193814656184127,0.001539127026034333,0.006464641324891069,8.829409122640893E-5,0.0010050379371265203,0.001877037469601678,0.020512808391026406,4.018697472948451E-4,5.321272887005518E-4,0.002005996746171344,0.013549219924417648,0.0015485427331924729,0.0018633099614355,0.011635006750562182,0.01780966951151099,0.0017632191076495714,0.001756222009927155,0.002135514699352225],[0.0014411754509010503,0.0019747514369515655,4.336524026643075E-4,0.0028356261763419033,0.0026254842137544703,0.003071284663119492,0.0024293753413895842,0.002277993023780938,0.002883802702293336,0.002310620598424698,0.0014946080384033822,0.002723921723371412,0.003116005418823359,6.453593615516704E-4,5.283337600056545E-4,0.019477666509140727,0.003201489083742728,0.0028933735637825956,0.0027256339372430877,0.001796701174491659,0.001140790832074589,9.513068659444582E-4,7.457246135650498E-4,0.004704125068485241,0.0030069055156370012,1.0,0.0033977272573441487,0.0027516398622910595,0.003739513560374205,0.010023153739667931,0.03632513002290987,5.958610533921146E-4,0.003785670741264858,0.0012935712497715878,0.0019387202610800962,0.002995595709528497,0.0025075410061648007,0.0015029921692561066,0.001804873973906598,0.0036257033895840847,0.0032032010918433256,0.005591751606950049,0.0030208425986726906,8.784164584130079E-4,0.0032500773163709907,0.01598113168940274,0.0032704001906314097,0.0036382436934309305,0.003851162375635114,0.02966594292067344,8.49630463251995E-4,0.0033638033268640227,0.010054399648578398,0.004010804634543418,0.002663535135501281,0.003689729959432324,0.003967427897021489],[8.80975643309972E-4,0.0016586165687842843,0.001717930091802604,0.0016864724923091076,0.0015813382359935533,0.0015491256450151573,0.0016164661038380805,0.0018891563504665411,0.0012349980469578562,0.0016568114406811994,8.942980298510646E-4,5.823254952775952E-4,7.75322536121741E-4,0.001428262954775667,6.231693838013298E-4,0.02940098825477619,0.001315209009557633,0.001993622374164264,0.0012477949153780815,0.0018227149250818477,0.0012585964554914712,0.001834262090769189,9.656396294621627E-4,0.00384330118179607,0.0018363844166255552,0.0033977272573441487,1.0,1.6857735498806108E-4,0.0011471684572290576,0.020916519425378238,0.04312627847560551,0.0015426084346609344,5.78544105003722E-4,0.0013358429170927887,0.001627178047566761,0.002057614843303359,0.001574108997930227,0.0010919874617778525,0.0013923600068521265,0.0028929076487961363,2.8088245594711653E-4,0.00470238156729986,0.0014545922374339972,0.0012441825472886852,0.0021912847377880615,0.024106747180862607,0.001885303615820006,0.00120991644216305,0.002031453099566381,0.014662446453142203,5.884125329509273E-4,0.0019120458891013384,0.012513716602073678,0.013063686149576662,0.0017572905287780972,0.0019048099494410294,0.0038969294640844813],[2.5542527213147187E-5,0.001044694744992088,1.971761355441867E-5,1.0952351750203077E-4,2.0079670156280677E-5,8.181092250276538E-4,3.591548976919042E-4,9.629771239630231E-5,1.243900868623877E-4,3.500359976269696E-4,2.590344878467321E-4,1.0919843976465304E-4,1.5007805026191271E-5,2.1998451740552584E-4,1.243506022298476E-5,0.0010980767228786536,5.987532504651636E-4,0.0018025280465325286,1.5330510485321285E-5,0.001617764910855313,4.69829068592374E-5,1.2820081060846001E-5,2.028655419046078E-5,0.004145224200695956,0.0017397368785409676,0.0027516398622910595,1.6857735498806108E-4,1.0,1.2184720503662884E-5,0.0036223820477469513,0.021410679837571094,4.7529363406514305E-5,1.2274932532683812E-5,6.30933451462305E-4,0.0010462812015432723,7.371468150147611E-4,4.214579598929175E-4,9.77453064848651E-5,2.045542109767546E-4,0.0023008638565154755,3.265474425780209E-5,0.016647462203126996,1.7271970527091626E-5,2.994018069996028E-4,0.0011107148022018922,0.027728751814093393,1.4171351806115822E-5,9.434197075550881E-5,4.0725633752705675E-4,0.01899704725670479,6.812350486529569E-5,0.001036532904674087,0.013268061718989666,0.014123548914270246,5.70881912978211E-4,0.0012753654241545562,0.0013203805842997142],[8.73229396315398E-5,7.697762006296372E-4,1.8651630025261726E-5,2.6424610152109514E-5,1.8544915095755283E-5,0.0010654945636512229,1.413393401946005E-4,2.0655485039555374E-4,1.03694780566914E-4,9.399753849093118E-5,1.4086051680415286E-4,1.5197509053704747E-4,1.1635385417991201E-5,1.9091650342321507E-5,1.2994558044431785E-5,0.027902685167010777,0.0010227032121092237,0.0012947976914732175,1.5895045369643826E-5,4.202672509656673E-4,3.408380006543261E-4,1.1673000326965244E-5,1.4862641799838961E-5,1.1665608896944191E-4,0.0011669478869563584,0.003739513560374205,0.0011471684572290576,1.2184720503662884E-5,1.0,0.02679973000769685,0.02571175716128353,1.2670785783633391E-4,1.1536549132327191E-5,1.5292657912867674E-4,3.7323097911132815E-4,9.365591582279291E-4,2.213066195501944E-4,3.521191923901337E-5,2.9416485878271093E-4,3.901749767823931E-4,3.3798017321490193E-5,0.013473746597840893,2.2031400491148233E-5,1.0272804824031387E-4,0.0021335748363958545,0.04514380084220214,1.3241606651815243E-5,3.607513785189673E-5,5.764027919612327E-4,0.020056140467390907,1.317666859495351E-4,6.356158360517297E-4,0.012679305915013686,0.009298289200510608,9.653995548655503E-4,8.961831134764649E-4,0.003410329336998804],[0.0010093702134394262,0.007531009075332933,0.006451468365966734,0.0015448818843349175,0.013678524561599558,0.018484086877629806,0.002533991600964792,0.022967837993831463,0.02773300053205761,0.0044456625590741485,0.00804998027627936,0.011719639764081533,0.021663831399696885,0.018783366317556883,0.03021926995086528,0.030614155374740517,0.012259585082652229,0.01565743331952285,0.025223667355702854,0.020555080447520434,0.02022597601981116,0.024405940797431847,0.007371858032013723,0.027877377266223118,0.014576350639865458,0.010023153739667931,0.020916519425378238,0.0036223820477469513,0.02679973000769685,1.0,0.03170858847280101,0.02363874687945988,0.026912842712594174,0.01776820602706964,0.008299635513689783,0.026002790499542055,0.01037514956577957,0.020031887741483297,0.01723062983904926,0.025923745966250213,0.012126405526082688,0.023670737072111196,0.01996049578902931,0.006211957734988206,0.00263470339010021,0.04310160574757822,0.029772801786587536,0.0034061176618964146,0.023622674454657135,0.033765427201632905,0.017881142841995334,0.014989496586765886,0.02808191800508319,0.023851974223855796,0.01377328500482699,0.026190601938095283,0.01424182155646444],[0.01087555340162586,0.04661038594725363,0.046285686920399256,0.037144567587073705,0.018413723957635793,0.038341207343534627,0.02311913467619747,0.014847592655302779,0.0327530823730662,0.0038418305711751333,0.05254157661817136,0.0056605020834115186,0.005644449061489012,0.028920726411141007,0.008249101420563513,0.041089016821547406,0.03404125981606914,0.007420354871669767,0.02295859455019068,0.009145378170053323,0.005034711177340085,0.027442638793675207,0.029211656536543392,0.011400691701647073,0.04601100817717928,0.03632513002290987,0.04312627847560551,0.021410679837571094,0.02571175716128353,0.03170858847280101,1.0,0.010350680338462917,0.030256230092277358,0.05242331821143307,0.046859483448984246,0.02766203232758628,0.01862910909000382,0.04649354045880283,0.03105190092770118,0.01458565441408951,0.0165408070305578,0.0448995627032988,0.0012675378468855415,0.040519689486763676,0.03412929125135884,0.05088152137695021,0.04177823737894713,0.01469475278478884,0.00864749324474917,0.051021334709707634,0.04323651150185823,0.03750703440589003,0.030930182783824926,0.024028898768320615,0.05044534125340536,0.048048365100167204,0.014321366957269085],[1.1873472343696156E-4,4.870122772669632E-4,1.4054050537924811E-4,1.4736935906038665E-4,1.2766500189950738E-4,1.552774070115991E-4,6.225573389272642E-4,6.055129075960698E-4,1.4791544062312315E-4,6.510447217895587E-4,2.0860413590857114E-4,1.6881274216737493E-4,1.4393993305865613E-4,2.0094210273531325E-4,4.9279458896922456E-5,0.017637501047703567,0.0010021350848382629,0.0011674929101110768,9.460010588306742E-5,0.0010981942394817732,1.5765265795211178E-4,3.586794350597338E-5,9.278476557471012E-5,0.0014036662675776961,9.990898744886647E-4,5.958610533921146E-4,0.0015426084346609344,4.7529363406514305E-5,1.2670785783633391E-4,0.02363874687945988,0.010350680338462917,1.0,7.209388716076789E-5,7.009508949771294E-4,9.551487597046404E-4,9.073708237537696E-4,2.1078348724610043E-4,1.8826774222396636E-4,1.4543742219526494E-4,0.0014608307829772115,1.2531772582496703E-4,0.01775456693149345,5.479330452771849E-5,4.780035268776922E-4,4.2159790659692845E-4,0.00623643900192549,9.288537995143012E-5,1.1631649804946686E-4,0.0014965192272128878,0.021622255665217555,2.0425385987235276E-4,8.093588157997763E-4,0.012686530335661115,0.022650712645118917,7.516553263154199E-4,8.450669885095014E-4,9.422925394048778E-4],[1.9581142336217683E-5,0.0013528598507155532,1.8351872405862125E-5,4.131471927889716E-5,1.467094828778975E-5,3.762075234689568E-4,5.29463263911181E-5,4.5792860661683475E-4,2.7296406395754035E-5,0.0010196477766872376,8.105056295851237E-5,4.622453874219995E-5,5.040254822122205E-5,1.6479796010718324E-4,1.1963231382543573E-5,0.030878505301955246,2.6246905078641596E-4,5.281699408449457E-4,1.6278546626261957E-5,7.665356119108316E-4,4.7186631591017664E-4,1.32027637129594E-5,2.051620959103159E-5,0.003679311076063916,0.0015176779889844506,0.003785670741264858,5.78544105003722E-4,1.2274932532683812E-5,1.1536549132327191E-5,0.026912842712594174,0.030256230092277358,7.209388716076789E-5,1.0,7.056814515652422E-4,4.54719325996462E-4,0.0019615878337099425,3.3732198994831876E-4,8.346275886821956E-5,1.183346272306906E-4,8.329642239902926E-4,9.212160313825112E-5,0.007545389808019615,1.4416385954270068E-5,4.362729653965921E-4,0.002170451739109671,0.032940614580423015,1.5354725212868303E-5,4.887952418330793E-5,0.0020810819210053027,0.026452592371032826,9.465757684416297E-5,5.969526850104209E-4,0.009565267968882933,0.006160317638647682,8.126850651231525E-4,0.001374698796740427,7.08498080607925E-4],[6.651561199460261E-4,0.0010765437237309646,3.707347773245175E-4,3.3469905832465754E-4,9.343738061893964E-5,7.6887518543439E-4,0.0010708225954530158,7.085931110941599E-4,3.6801744687927E-4,9.032315261496055E-4,5.122676806386865E-4,5.561290732890034E-4,3.520955255727133E-4,3.2206507473368985E-4,1.3803376591859628E-4,0.015320261743901118,9.509163554571687E-4,0.0019340386575603821,4.4557035967565515E-4,0.001340983036449469,6.714184016045603E-4,5.831612925636808E-4,1.303865