[[1.0,2.505219483322216E-4,6.808501967260243E-4,0.0010238333140881314,2.3658101757183578E-4,4.51960512373585E-4,0.007357802743269128,0.010528369443421889,0.0051212115247573535,1.804922854276417E-4,3.841496750993031E-4,9.121632028387782E-5,5.993602934247715E-4,0.030908697466149437,1.3970932090070855E-4,8.200943100247872E-5,0.001442944904641068,1.89684609495056E-4,0.008689167459678604,2.7684579533332595E-4,1.1138382093984054E-4,5.712757284182424E-4,9.91489627481519E-4,0.001446501672797539,3.4325252797021583E-4,1.3029834571064999E-4,0.001013022533008459,5.385274480827261E-4,5.767039883570601E-4,2.353139945618164E-4,0.001574079999924654,0.005195095550975424,1.612866449066549E-4,0.013424804870960278,5.040360991967836E-4,9.968285465189834E-4,3.2242519177066954E-4,9.029803889700838E-4,2.0554024658884213E-4,0.004688931004602487,0.005275505929142259,3.7113968357416666E-4,3.507645600194762E-4,1.3208176588269677E-4,0.0011614084689480744,0.014185262170709744,2.2907066333873355E-4,0.002234281870352138,0.0013515040763780201,9.146145184742654E-5,2.92219248050549E-4,0.005433901284221724,1.5098644438689285E-4,6.515713051940292E-4,3.779908693737813E-4,6.93443239627394E-5,0.0014016208719903479,4.515601890826476E-5,6.108602462777818E-4],[2.505219483322216E-4,1.0,7.048680434752891E-4,6.899695771327745E-4,2.2235013887434246E-4,6.873228224923159E-4,0.002972731801344695,0.012064313570926978,0.0020438443071688905,4.925825032833912E-5,2.4321825360294327E-4,1.49984151867521E-4,3.0991182288078896E-4,0.008583481481973583,1.623152090351979E-5,5.983380877420082E-5,0.0060536581434054125,1.590997389000671E-4,0.009271841153851892,1.5380860401278593E-4,4.1633949018751766E-5,2.5741672141913385E-4,0.0019453203235864321,4.4855612122549115E-4,1.985187623829858E-4,8.482298268140077E-5,9.726881003459773E-4,0.0020607937557860392,5.187545994181778E-4,1.4622340079496805E-4,9.490276645805709E-4,0.0026033051034644195,5.701646426818979E-5,0.009143484091370375,0.001042214704233793,4.2432068338513304E-4,1.4975040917971884E-4,5.555580738517431E-4,1.7266749159001313E-4,0.003929789445892078,0.004076276175100734,1.392827423244401E-4,1.3055705782909416E-4,1.1074391781406656E-4,0.0010338008799078537,0.020474357503748326,1.1538315058318996E-4,0.0022220169236048986,7.617010254761994E-4,9.585739687789451E-5,1.566583660969594E-4,2.712542953860418E-4,1.6306302259478278E-4,6.972687742153293E-4,1.810027946675224E-4,1.600400249485932E-4,0.0010572736012779095,4.041106715097328E-5,4.582868905611559E-4],[6.808501967260243E-4,7.048680434752891E-4,1.0,0.0016598730802099195,0.0019070620586715025,0.0017427233083344123,0.002569771351970798,0.0029488307469053682,0.002999858215453499,5.403788273909566E-4,0.001802183406691416,1.440974760274356E-4,0.0017055352732719409,0.008533543730515254,5.752537180154657E-5,6.738296106983229E-4,0.012699064350495948,0.0017180551437334733,0.009925256944612739,5.534986011486422E-4,1.9382392405331675E-4,0.001485567715753952,0.006125587113502249,0.0019267291311852886,0.0015400808576912807,5.473822140642301E-4,0.0015235636786804577,0.0021221637798665267,0.0013125059159249859,0.0015981118260807764,0.001844274742521547,0.0034969420870075633,9.543603772738167E-5,0.02735907668093965,0.0012314316440244883,0.0018295155551309376,1.7981445871416028E-4,0.0018421788548591204,5.951764480837325E-4,0.0034515203091020565,0.003920022615813627,8.26270272239097E-4,0.0017270231438233277,0.0013662111592824384,0.0014397584864921421,0.027086522914491273,1.0178686772932697E-4,0.0022506874890894173,0.002233910185501723,3.3128830292975637E-4,0.0010941865795805628,0.002971646375103692,6.57221455273952E-4,8.191103815061884E-4,0.0012371442683106568,0.001434521312723119,0.0016671925530362256,5.899020541118394E-4,0.0013683607596323196],[0.0010238333140881314,6.899695771327745E-4,0.0016598730802099195,1.0,0.0013308437202045416,0.0015941785009649801,0.011312139293932865,0.0035489230912796165,0.0025254842742106582,8.194947149946115E-4,0.0013082828962430607,5.362663319965064E-4,0.0011202571523117979,0.014592575573176399,0.0010204879380734848,0.001113103696185758,0.0053628801919512956,0.0013935615216641582,0.009696437022385786,1.5323869397679846E-4,0.0012835287759041397,8.692433490062397E-4,0.002771554019858532,0.0017204105050339022,7.337602920064485E-4,0.0014322350760502815,0.0014221023437204553,0.00199590125432836,0.001426666023498356,0.00131678706361819,0.0015706330000814527,0.0027160007975789583,5.885497816501163E-4,0.03814312430043354,0.0014216240183347977,0.0013137868014549393,0.0012919887571838054,0.0013300337801702637,9.722318496938122E-4,0.005599784058338842,0.0026042349536146816,1.1214488095622994E-4,4.075552422046042E-4,0.0011503867419000804,0.0012425828536852784,0.014761195912612395,0.0010865308847158818,0.0019939387183543888,0.0016077321649236465,0.0012718511841697429,0.0011660385946033337,0.006217837399861998,0.0013407968117914424,0.0012216415020946158,0.0013231362248306076,7.186634110750304E-4,0.00149817460608712,0.0011082013128129397,0.0013051812395389341],[2.3658101757183578E-4,2.2235013887434246E-4,0.0019070620586715025,0.0013308437202045416,1.0,0.0014817586800525797,0.01381625013955407,0.012407842084036806,0.0022888337237790546,1.812903532717502E-4,0.0012024635681987662,2.1287539066489243E-4,7.079335400739281E-4,0.04694503249552268,1.805634393195777E-4,2.2045049419432955E-4,0.016830698569984835,1.8813814763851756E-4,0.007173247831055973,1.5795613461336047E-4,1.055540435795872E-4,4.887312827801112E-4,0.001808806334706842,0.001360177912406746,3.007590105636903E-4,1.4285364688468855E-4,9.469026771902992E-4,0.0016466947522421388,4.8222614528825505E-4,1.428539618924171E-4,0.0016930144805552114,0.0047822723002371855,1.690879523237411E-4,0.030601827540850113,9.453085623708419E-4,2.734658900521503E-4,1.403151502760086E-4,4.375162685232957E-4,7.890243505931453E-5,0.0037889326752875495,0.009665525784310437,2.1942724125619526E-4,1.8699288726977079E-4,1.6333167889289818E-4,0.0010203406695225104,0.01201657910719672,9.707227916472975E-5,0.0017982314517179146,5.85895033843385E-4,1.1749356989259619E-4,8.828901086032672E-5,0.006372660177100775,2.2051100936889694E-4,3.702183666655141E-4,2.2315626609106147E-4,2.026783262862994E-4,6.947468773986179E-4,2.1768797587215621E-4,2.947877380248642E-4],[4.51960512373585E-4,6.873228224923159E-4,0.0017427233083344123,0.0015941785009649801,0.0014817586800525797,1.0,0.00956145584509778,0.005076882835031309,0.002103879545165875,0.001137491298881099,0.0016499218291189514,0.0013004208161032157,0.001117345336899414,0.039689161877366444,0.0016661590914197246,0.001240219576640283,0.0165768921980499,0.0010335667389134333,0.006792991419923691,7.608200054157846E-4,4.3924266015111146E-4,0.0010122186246633558,0.002808686586393702,0.0017932241712674902,0.0010524473228075008,0.0011323767860322701,0.001609442648229367,0.001860399057484528,0.0016252291342850342,0.001096810604509804,0.0017136927683890947,0.0050257108935711,4.625482736355408E-4,0.013719547688286213,0.0011686967183544294,0.0013877759955179154,6.185300530620073E-4,0.0012223825563117145,1.1462991843115092E-4,0.006261404744327565,0.0044373945344577575,7.876989698847752E-4,0.001270340997205841,9.057959336328033E-4,0.0012420259387964034,0.013799541972190027,0.0010639423414112478,0.00198299164789542,0.001914743610032811,1.2009830536102225E-4,0.0013876122537402724,0.0044011964023905,0.0010890231481296892,0.0011190506754950682,6.234977547190394E-4,5.793222029599421E-4,0.0016931913897983426,2.398858964423388E-4,0.0011583700559521903],[0.007357802743269128,0.002972731801344695,0.002569771351970798,0.011312139293932865,0.01381625013955407,0.00956145584509778,1.0,0.01807016921726385,0.01515652265009769,0.008256394178171651,0.0016853628094254851,0.004182418626794069,0.0170373134335443,0.04349371376863784,7.767359428671367E-4,0.0064518419869000025,0.018133805278798886,0.012564092904788268,0.018347927683780046,0.0025716160796523703,0.010977541779008825,0.013506572653515042,0.013952022984967583,0.015958248086353266,0.015770644299387654,0.008452980662626532,0.004314266832167479,0.00831689913433855,0.00405622042625255,0.00906007272727035,0.01061712608625164,0.007952775920688734,0.018084322485055995,0.03475144021055715,0.004253929120895499,0.016282649604486617,0.01591058225646526,0.008772434811927689,0.012260650218374008,0.007735988658658283,0.01334278266075732,0.0054082830298221645,0.0033710165772397166,0.010655309176832554,0.017731321195017646,0.030439489156801322,0.0027936323718242874,0.004779918748142962,0.006238560688642396,0.0032211514625775928,0.01791826097860991,0.00860713809769369,3.423690210433676E-4,0.004022695998505268,0.01647958008425792,0.0031957623050566496,0.015276218682350635,0.003624879419682429,0.010486321449783363],[0.010528369443421889,0.012064313570926978,0.0029488307469053682,0.0035489230912796165,0.012407842084036806,0.005076882835031309,0.01807016921726385,1.0,0.012731348921771083,5.349098347719556E-5,0.005012598647036039,0.005207993822575735,0.005047351376464318,0.04289765322691046,0.0015945487449418136,0.002642138356471523,0.015974631341900712,0.006315614693924811,0.01586351965493285,0.01218797718114265,0.006297311694948566,0.001057497444049038,0.010312570600689196,0.009242320862412563,0.005534761773044122,0.012180757747405306,0.00622536046911825,0.009483959079071153,0.008812899751394177,4.734214259786982E-4,0.0018649003347083587,0.013307628781782165,0.009851739644339772,0.039454306268107656,0.013727985000524159,0.006376484107100292,0.008304090941469763,0.004670167263177308,0.003940571668522205,0.011633554277292537,0.01284732680375971,0.009759586335858198,0.013278318497153468,0.007248352741357396,0.011792449746026923,0.02319700157319013,0.007463165402432852,0.009951395665076242,0.010466225999013788,0.01110491033657423,0.004262372796421545,0.008357865049260489,0.005575054964609278,0.012648111237440002,0.010996254011465771,0.01216527458508414,0.010790885591532693,0.010077839414956808,0.005418757387159948],[0.0051212115247573535,0.0020438443071688905,0.002999858215453499,0.0025254842742106582,0.0022888337237790546,0.002103879545165875,0.01515652265009769,0.012731348921771083,1.0,0.004890855198520366,0.0031139294316382075,8.919310651510283E-4,0.0026382309976738815,0.01633833361891752,4.043046957621725E-4,0.004859218657120325,0.01305132890777879,8.937992183411626E-4,0.014132322131876929,0.0039937993890534615,0.003957295514393281,0.004120310655582736,0.00560009192223809,0.003788702441562543,0.0047747321565155855,0.0038987938801527764,0.0037239340727189,0.004481914002159009,0.0019243393595510794,0.002637957919614308,0.0036189432613543595,0.005414925821542543,0.003058214714786381,0.013542974514939285,0.003749543984285793,0.0026312023067399234,0.0010924786956726,0.002840582987176447,0.004109693875487263,0.005765963185848673,0.009660514731599531,0.004498273610856105,3.1999857367416947E-4,0.004397751862991711,0.0054362367951656465,0.03308855584942931,0.0014440570283370555,0.0041464221631816196,0.0048155497465540865,4.1596286201706816E-4,7.927967495136308E-4,0.005787376268963941,0.004231353738749539,0.005093901085988838,0.005407582688465164,0.0012244976128503947,0.0025721622507357857,0.0031976427489297057,0.0015215621291315218],[1.804922854276417E-4,4.925825032833912E-5,5.403788273909566E-4,8.194947149946115E-4,1.812903532717502E-4,0.001137491298881099,0.008256394178171651,5.349098347719556E-5,0.004890855198520366,1.0,8.906522911725018E-4,1.815123547677955E-5,8.27468707157535E-4,5.761003901137371E-4,1.2316033470324052E-5,3.5914617780744464E-5,0.01559547917866568,1.0931579869170056E-4,0.0161071426239178,1.5868358109917135E-5,1.7677794889342733E-5,5.751604264499778E-4,0.006741834889083273,0.0017745063844641015,9.490886467408504E-5,2.209283982159226E-5,4.203248097835654E-4,0.00109070414469588,9.699778594990866E-5,1.6000495666788205E-5,2.928427920937994E-4,0.0033371842427092867,1.3603951384952225E-5,0.0039430011834865495,9.119588568459463E-4,2.0959128053399154E-4,3.833741826864526E-5,9.939316152663624E-4,1.5623190267268936E-5,0.003572474113220656,0.004690788613949896,8.979641907284788E-5,6.74656030103173E-5,4.2926538450684094E-5,0.0010625897870350821,0.002758246755728601,9.309989769135875E-5,0.0020120904318271598,0.0011634076134077339,2.7536480436906162E-5,2.234051446870806E-5,0.002572966003479806,2.0459310546014968E-5,5.600726710862145E-4,2.387756120478217E-5,1.7072631451714266E-5,0.0014181881237792613,1.4199274817939624E-5,9.620195869356155E-4],[3.841496750993031E-4,2.4321825360294327E-4,0.001802183406691416,0.0013082828962430607,0.0012024635681987662,0.0016499218291189514,0.0016853628094254851,0.005012598647036039,0.0031139294316382075,8.906522911725018E-4,1.0,7.759508151458695E-4,0.0011710953941151926,0.0326658613979873,4.237970165878499E-4,2.4206512355505835E-4,0.006518544532336253,4.09929725422093E-4,0.01496984004294207,9.86821878104276E-4,0.0010906811235655658,0.0011411918146391011,0.0024735302066858905,0.0017091783711575333,0.0012435625424267113,5.322012977820056E-4,0.0011221257536642504,0.002208505194860247,0.001035418967789371,2.4841895271308754E-4,0.001339278949520117,0.00458351018527204,5.910243154173366E-4,0.012240977715061984,0.0011797902051803668,0.001169139538236062,2.043323489495085E-4,0.0011877589508335683,8.774856583808495E-4,0.0038389419801786056,0.003053803372713519,3.2899873389819964E-4,0.0010657906694853812,1.91550776527893E-4,0.0012390820845635147,0.007256674073033865,5.73179084146183E-4,0.0012755111430262026,0.002122233719139855,7.298615601054536E-4,7.04059489696348E-4,0.006780304350377794,3.5355896313502856E-4,0.0011043473362014878,5.373317096111505E-4,6.614886382484396E-4,0.0015399901295161268,5.816882949751842E-4,0.0011576701270963204],[9.121632028387782E-5,1.49984151867521E-4,1.440974760274356E-4,5.362663319965064E-4,2.1287539066489243E-4,0.0013004208161032157,0.004182418626794069,0.005207993822575735,8.919310651510283E-4,1.815123547677955E-5,7.759508151458695E-4,1.0,3.8975089503951116E-4,0.010493358153090908,1.7707243310283144E-5,2.1822654068188955E-5,0.008643259157206394,1.053600879341424E-4,0.007820505925840392,5.4072744870847016E-5,1.962096220184826E-5,5.839752235915169E-4,0.005673889681238293,8.088946724187117E-4,2.995928298046052E-4,2.53846265874797E-5,1.452685703132697E-4,2.889188243345727E-4,3.3861136538380785E-4,2.003184349607406E-5,6.73516063639591E-4,7.608710715376535E-4,1.55306934569932E-5,0.012164681982785823,9.631543664951042E-5,0.0010037196764509579,1.107719213571689E-4,9.525478606450406E-4,1.965943834181806E-5,0.0061138117742158575,0.006350022102092967,6.7350931139878E-5,5.5460741955578655E-5,3.7345876576826996E-5,5.979884690304337E-4,0.005547603095552585,2.148842394320675E-5,1.6269173481428623E-4,0.0012638723449435669,2.6803299487152255E-5,2.3143665030662712E-5,0.0063717150833199655,4.451482298535047E-5,1.773367597569127E-4,9.144466138328715E-5,1.9534017684222643E-5,0.0010774832248744103,2.0063999798810942E-5,6.542421170295922E-4],[5.993602934247715E-4,3.0991182288078896E-4,0.0017055352732719409,0.0011202571523117979,7.079335400739281E-4,0.001117345336899414,0.0170373134335443,0.005047351376464318,0.0026382309976738815,8.27468707157535E-4,0.0011710953941151926,3.8975089503951116E-4,1.0,0.0036764984855084037,9.793237832215415E-4,8.611759549692616E-4,0.010967707788756057,5.278094137694331E-4,0.015042825518441145,5.086617593473004E-4,9.821591090430123E-4,6.884661009752345E-4,0.004934833973837397,0.0011415422868214587,5.004577535555686E-4,3.6775946655435467E-4,0.001071633624034661,0.0018008118064663382,9.708787590894831E-4,8.140673557303823E-4,0.0016767329905759084,0.005293343928875854,8.729584991483998E-4,0.024843664223665716,0.0010734968624262905,0.0010522919839628722,1.9807525381651872E-4,0.001069004055398796,8.436746704904314E-4,0.001971738326291335,0.010282497537340852,5.798315026246983E-4,5.666772118916636E-4,4.672459336793927E-4,0.001212128989915971,0.009122641567378619,5.43680980788752E-4,0.0018476240556131057,0.0023247372312857613,5.833042157210657E-4,5.932857555613264E-4,0.0018087374570205617,8.880473832273328E-4,0.0010365724174074423,8.187701026810378E-4,7.302169977139744E-4,0.0015837707556659313,4.4872689743814256E-4,9.720699694871032E-4],[0.030908697466149437,0.008583481481973583,0.008533543730515254,0.014592575573176399,0.04694503249552268,0.039689161877366444,0.04349371376863784,0.04289765322691046,0.01633833361891752,5.761003901137371E-4,0.0326658613979873,0.010493358153090908,0.0036764984855084037,1.0,0.002078464351869295,0.040109503437924174,0.04023654773021082,0.0033132758003951517,0.04752766761653507,0.021090334995565077,0.016377121170577224,0.00528162551151639,0.045018745550073284,0.017943819207408715,9.576464597881541E-4,0.03426265357249749,0.034052988907726456,0.03616262352655954,0.04261861873716408,0.027330636195465646,0.027758264039760613,0.019973849815561127,0.009623315411871624,0.046634939811631554,0.00381809329838058,0.03494654711940914,0.015175648477597831,0.01833857439569558,0.022574515629790893,0.0263789202141827,0.039934664133031574,0.028981581222241076,0.020717900228098256,0.045158309185932305,0.034187519586548726,0.04696703105666768,0.04757851336612889,0.04259138035445374,0.011612904214085722,0.032019930932461055,0.035920770875918745,0.02049511620327033,0.025847232262887095,0.025861569175939205,0.00984094368358255,0.042315279267045654,0.04167941576277823,0.034428445121529684,0.04164113006333884],[1.3970932090070855E-4,1.623152090351979E-5,5.752537180154657E-5,0.0010204879380734848,1.805634393195777E-4,0.0016661590914197246,7.767359428671367E-4,0.0015945487449418136,4.043046957621725E-4,1.2316033470324052E-5,4.237970165878499E-4,1.7707243310283144E-5,9.793237832215415E-4,0.002078464351869295,1.0,2.1095363087218474E-5,0.006821699618321498,7.742185699319761E-5,0.009812114348091395,1.2291191882605356E-4,1.3325783167518525E-5,6.260420758170054E-4,2.1195244822244384E-4,2.862432682735742E-4,2.9739254023463047E-4,2.5909890003789205E-5,3.8856903971128245E-4,0.0014816316820102239,3.8532340874558845E-4,1.240331581885414E-5,0.0010371051107283514,0.0020393504907127366,1.2823330171235866E-5,0.034832033265310064,9.324652474612797E-4,4.5960294226872055E-4,1.1815399060159738E-4,9.022402351796033E-5,1.5892384955099684E-5,0.0026740439478359704,0.010001369217367743,2.199802254446314E-5,5.5158202093577505E-5,1.754929680371193E-5,7.280419928147497E-4,0.0236349255187257,8.96825668888262E-5,0.0010380604395222278,0.002263602479174975,2.892839045365593E-5,2.206951521037444E-5,8.094190085605651E-4,2.8436199648734966E-5,4.0587260366465835E-4,1.5447952467486346E-4,1.5119785923693216E-5,8.14874028297874E-4,1.4027281457133395E-5,6.307146845430548E-4],[8.200943100247872E-5,5.983380877420082E-5,6.738296106983229E-4,0.001113103696185758,2.2045049419432955E-4,0.001240219576640283,0.0064518419869000025,0.002642138356471523,0.004859218657120325,3.5914617780744464E-5,2.4206512355505835E-4,2.1822654068188955E-5,8.611759549692616E-4,0.040109503437924174,2.1095363087218474E-5,1.0,0.01655881165599293,1.0640635053326664E-4,0.01753663686371535,5.22500731949202E-5,2.2856284269906354E-5,1.1141198343454583E-4,0.0045191051401659915,0.0014445510923629167,1.0326347947242737E-4,2.800230888729448E-5,4.140764340629934E-4,0.0020398772144492126,6.424577639864416E-4,2.431816017034096E-5,0.0012685935779789175,0.002854468877013677,2.5790194664444932E-5,8.012419254355781E-4,1.7371219110663542E-4,7.876879441501768E-5,1.0600192157457971E-4,4.504782327775495E-4,2.5116128082017324E-5,1.4173515063762085E-4,0.0015209410585900348,5.484017170597162E-5,5.077419916885486E-5,4.44812742091291E-5,3.9557627349016603E-4,0.016694263635274476,5.44109336068985E-5,0.001453540322194076,9.461200233473481E-4,3.763437489563853E-5,2.703236856439876E-5,0.003651783866700101,1.3988094428485636E-4,6.076409720166265E-4,1.8250626280443452E-4,2.3436874786422164E-5,8.130139884649068E-4,1.8982171888691075E-5,9.665320151572445E-4],[0.001442944904641068,0.0060536581434054125,0.012699064350495948,0.0053628801919512956,0.016830698569984835,0.0165768921980499,0.018133805278798886,0.015974631341900712,0.01305132890777879,0.01559547917866568,0.006518544532336253,0.008643259157206394,0.010967707788756057,0.04023654773021082,0.006821699618321498,0.01655881165599293,1.0,0.012432662097873491,0.018249763664076827,0.010060197000463112,0.002081971302615802,0.003937392982703848,0.010008974691531308,0.014576517863423321,0.009721549450566603,0.013937253979000896,0.010148967858085722,0.01415557808582009,0.01663512975359365,0.0018968376701321223,0.005333311369742667,0.009894898059935726,0.008096138145409989,0.024374194883388735,0.0044762495250899315,0.014463698890723322,0.008163031665248989,0.006931547119308192,0.01768031577248025,0.017298668217513122,0.011756767991998018,0.005581706555890413,0.015204317212808072,0.009940415564967265,0.012687333467008649,0.025391479502739733,0.010381563928780516,0.005903718554048143,0.010748607649725052,0.015152910366797008,0.006189051995790755,0.008552359983474695,0.009501360806984247,0.014176872784222562,0.015935376598246745,0.011561708720444512,0.010014224744012427,0.007020467701180239,0.016326395495426128],[1.89684609495056E-4,1.590997389000671E-4,0.0017180551437334733,0.0013935615216641582,1.8813814763851756E-4,0.0010335667389134333,0.012564092904788268,0.006315614693924811,8.937992183411626E-4,1.0931579869170056E-4,4.09929725422093E-4,1.053600879341424E-4,5.278094137694331E-4,0.0033132758003951517,7.742185699319761E-5,1.0640635053326664E-4,0.012432662097873491,1.0,0.015632038292564123,1.2172119987377768E-4,6.4555508296877E-5,1.7985984881832302E-4,0.005034072538110459,3.21552631242222E-4,2.1663486474047785E-4,7.023481706792206E-5,5.27772010659993E-4,0.0015971990581288029,7.819034162236675E-4,5.989431920105754E-5,8.370944744563076E-4,0.0020352291185712352,7.963547707774298E-5,0.009397929951057087,1.854508374830905E-4,6.462277785156408E-4,1.1846990310066857E-4,9.736400227407512E-4,5.092878442669584E-5,0.004746574378435806,0.0030007642353596965,1.0720185648791449E-4,1.1287291478378376E-4,1.1249016300166389E-4,3.891345430382966E-4,0.0022847330590604125,1.1393300982292658E-4,0.0018069881566200113,0.002198249367353012,4.2522864377027484E-5,3.405650200772526E-5,0.0032861321808914184,1.3334763249246964E-4,1.6019919726539616E-4,1.335674688418869E-4,4.035411004802101E-5,0.0010315670666756459,1.8029383441322798E-5,4.444469000784635E-4],[0.008689167459678604,0.009271841153851892,0.009925256944612739,0.009696437022385786,0.007173247831055973,0.006792991419923691,0.018347927683780046,0.01586351965493285,0.014132322131876929,0.0161071426239178,0.01496984004294207,0.007820505925840392,0.015042825518441145,0.04752766761653507,0.009812114348091395,0.01753663686371535,0.018249763664076827,0.015632038292564123,1.0,0.010267123454529525,0.005533494926679183,0.005669176805280014,0.010665347239969997,0.013623003537570217,0.007932904655836438,0.0018201892324334447,0.008642501480200095,0.01612662972917332,0.018268341834710697,0.01385506586264321,0.003758595155986412,0.015066577673072897,0.018052895553420805,0.03348786543847191,0.01304005034489341,0.00381008094356915,0.00640840674619948,0.0019020852347277914,0.0013666693596143093,0.009286510944628767,0.017409103965767246,0.01789034356511176,0.006503117041383129,0.017045386856178436,0.013939882106039811,0.021546189673612257,0.009094946416727659,0.0100455093119266,0.0030578008542198024,0.0014321115174612024,0.013304271388302338,0.0123264781584717,0.01183519031669364,0.00621870519136036,0.008754604467200439,0.015723349767030565,0.0018740475585753828,2.4808912379101303E-4,0.012574343551379001],[2.7684579533332595E-4,1.5380860401278593E-4,5.534986011486422E-4,1.5323869397679846E-4,1.5795613461336047E-4,7.608200054157846E-4,0.0025716160796523703,0.01218797718114265,0.0039937993890534615,1.5868358109917135E-5,9.86821878104276E-4,5.4072744870847016E-5,5.086617593473004E-4,0.021090334995565077,1.2291191882605356E-4,5.22500731949202E-5,0.010060197000463112,1.2172119987377768E-4,0.010267123454529525,1.0,3.0784823087681246E-5,3.51600441370694E-4,0.0030022348699023415,1.9640279296828645E-4,2.77146483926125E-4,6.80024764078221E-5,8.157769226616983E-4,0.001985467125403099,6.462175895268687E-4,3.242156813778442E-5,1.3971076375945583E-4,0.001191498232047197,3.5095867510134686E-5,0.025761078693480124,9.77667967789635E-4,5.854127747807666E-4,1.2197991379479834E-4,3.5696483674838925E-4,1.2099717047325383E-4,0.0046257826833844586,0.011113715459387065,1.2124778839560759E-4,1.117807730612362E-4,1.1730636504649305E-4,3.0809604000824536E-4,0.002519339047431948,9.506416511627373E-5,0.0022926609577089306,0.001232509555924916,4.646547597749637E-5,4.7383442373897656E-5,0.004207507783583664,1.444244350174169E-4,1.8474372228750353E-4,1.3513195713558794E-4,2.9575704428471406E-5,0.0012293132860018876,1.0341449082884959E-4,6.80575956496991E-4],[1.1138382093984054E-4,4.1633949018751766E-5,1.9382392405331675E-4,0.0012835287759041397,1.055540435795872E-4,4.3924266015111146E-4,0.010977541779008825,0.006297311694948566,0.003957295514393281,1.7677794889342733E-5,0.0010906811235655658,1.962096220184826E-5,9.821591090430123E-4,0.016377121170577224,1.3325783167518525E-5,2.2856284269906354E-5,0.002081971302615802,6.4555508296877E-5,0.005533494926679183,3.0784823087681246E-5,1.0,2.9827139475205224E-4,0.0034371319158749414,0.0014073414956127935,2.702265075202805E-4,2.5168346857896782E-5,7.01732001440015E-4,8.388366059722732E-5,7.443703901329116E-4,1.8420070029611406E-5,0.0014237388061721877,0.002631116312549261,1.9058301029853764E-5,0.009055785748633496,8.799086094937527E-5,6.209825598455107E-4,8.316749766763154E-5,4.008093083428239E-4,1.8976676754209627E-5,0.003134911059587002,0.007617410838505002,4.4667061276676995E-5,4.595342051503009E-5,2.174515926750921E-5,7.258529571937586E-5,0.0020716873466022617,8.705502916975519E-5,4.1491668336705027E-4,7.895062341428036E-4,2.9494338092137246E-5,2.200679149478285E-5,0.006088527773179602,1.202367396215353E-4,7.606975347549778E-5,1.4236725459756714E-4,1.9032295293505102E-5,0.001498893832825525,1.605079328012459E-5,6.019097152817616E-4],[5.712757284182424E-4,2.5741672141913385E-4,0.001485567715753952,8.692433490062397E-4,4.887312827801112E-4,0.0010122186246633558,0.013506572653515042,0.001057497444049038,0.004120310655582736,5.751604264499778E-4,0.0011411918146391011,5.839752235915169E-4,6.884661009752345E-4,0.00528162551151639,6.260420758170054E-4,1.1141198343454583E-4,0.003937392982703848,1.7985984881832302E-4,0.005669176805280014,3.51600441370694E-4,2.9827139475205224E-4,1.0,0.0012244518493646863,0.0015180053788418977,3.832998022560879E-4,3.8516220400603655E-4,9.612554886091792E-4,0.0022730242929748165,7.798081853451468E-4,3.764146925512441E-4,0.001580106186446416,0.005036304545983387,2.5637681817669106E-4,0.006941259333057731,9.696729201820718E-4,0.0010458585117856358,3.140721825177451E-4,6.746964936051588E-4,5.41703726859387E-4,0.003136013556319035,0.004155241273169799,6.473975223256722E-4,1.5782488235224968E-4,4.450355997993781E-4,8.227492262446315E-4,0.031532347036557405,5.257697067816755E-4,7.636458207682166E-4,0.001558248718677257,2.5718378215837325E-4,2.945016578833338E-4,0.005048844969086808,3.509051069042768E-4,6.943523438696066E-4,5.971982563819334E-4,6.401397658982729E-4,0.0012143265899509864,6.674017977979266E-5,8.746039735142682E-4],[9.91489627481519E-4,0.0019453203235864321,0.006125587113502249,0.002771554019858532,0.001808806334706842,0.002808686586393702,0.013952022984967583,0.010312570600689196,0.00560009192223809,0.006741834889083273,0.0024735302066858905,0.005673889681238293,0.004934833973837397,0.045018745550073284,2.1195244822244384E-4,0.0045191051401659915,0.010008974691531308,0.005034072538110459,0.010665347239969997,0.0030022348699023415,0.0034371319158749414,0.0012244518493646863,1.0,0.0023200606195029868,0.0032833265151624874,6.215434962813167E-4,0.005107923786835847,0.005095735070890812,0.002154349342265862,0.006178429575935841,0.0039015102026814102,0.006746157399257871,0.006165365221631081,0.007940992838081709,0.0013709267688668167,0.006065258857695051,0.004702553217984108,0.005439759098119309,0.004573175161180968,0.006620710995970841,0.010827134826149436,0.004241251917141976,0.0022055663269864986,0.0060320885107122005,0.0060378336548342045,0.029420256662517474,2.952563219003271E-4,0.005440957955408056,0.0027929449950295938,0.00411067859938328,4.694132403304452E-5,0.006888808294037831,4.4084802568662945E-4,0.0037753258246344037,0.005177443442350774,0.0036821275992640137,0.006355750458357177,0.005763259177765681,0.004755588799248966],[0.001446501672797539,4.4855612122549115E-4,0.0019267291311852886,0.0017204105050339022,0.001360177912406746,0.0017932241712674902,0.015958248086353266,0.009242320862412563,0.003788702441562543,0.0017745063844641015,0.0017091783711575333,8.088946724187117E-4,0.0011415422868214587,0.017943819207408715,2.862432682735742E-4,0.0014445510923629167,0.014576517863423321,3.21552631242222E-4,0.013623003537570217,1.9640279296828645E-4,0.0014073414956127935,0.0015180053788418977,0.0023200606195029868,1.0,8.444780178909759E-4,7.498124317756981E-4,0.0014486607040975672,0.002208418704325219,0.0018014164803411238,0.0016766608821598048,0.0017262490889426378,0.00467304121006591,9.501290343143885E-4,0.017787584395393925,0.0015060249599862044,0.00117028791942025,3.9892404176687635E-4,0.0015562030104735,9.559216604330448E-4,0.004182580748739278,0.0062164185221760225,0.0016584117393408577,0.0013229718383657235,0.0016243097952376134,0.001535060154698439,0.02744992763739986,2.6389181469260487E-4,0.002454824435284579,0.0020565054260571107,8.676965020667254E-4,8.070872917962976E-4,0.0026769297276909927,3.576569128020098E-4,0.001294269049271931,8.680326178264891E-4,8.65330645083206E-4,0.0016386747594983196,5.828938782769879E-4,0.0010413140754789042],[3.4325252797021583E-4,1.985187623829858E-4,0.0015400808576912807,7.337602920064485E-4,3.007590105636903E-4,0.0010524473228075008,0.015770644299387654,0.005534761773044122,0.0047747321565155855,9.490886467408504E-5,0.0012435625424267113,2.995928298046052E-4,5.004577535555686E-4,9.576464597881541E-4,2.9739254023463047E-4,1.0326347947242737E-4,0.009721549450566603,2.1663486474047785E-4,0.007932904655836438,2.77146483926125E-4,2.702265075202805E-4,3.832998022560879E-4,0.0032833265151624874,8.444780178909759E-4,1.0,5.3492364023300865E-5,4.3909960415762825E-4,0.0022549596351220356,4.8782913727585535E-4,2.2926177228026299E-4,0.001111182310937057,0.005107598332883542,4.056824500462629E-5,0.02854872785478326,0.0010722112293266163,5.979302357245943E-4,1.547820629549552E-4,4.2183021855652335E-4,5.066769838098863E-5,8.266806281093015E-4,0.00796646337651297,1.3698771885217308E-4,2.961300009729736E-4,1.7774144393111074E-4,3.6459318410847036E-4,0.0056020057631961965,2.1689099146330308E-4,0.002140172434783772,6.912406771865968E-4,2.2154114834222784E-4,1.7220513434712195E-4,0.005855925022415284,1.4831136841330205E-4,7.061047584267716E-4,2.1820270992763382E-4,4.063275232576968E-5,0.0010998047844488973,2.548805915244671E-4,9.257913649174374E-4],[1.3029834571064999E-4,8.482298268140077E-5,5.473822140642301E-4,0.0014322350760502815,1.4285364688468855E-4,0.0011323767860322701,0.008452980662626532,0.012180757747405306,0.0038987938801527764,2.209283982159226E-5,5.322012977820056E-4,2.53846265874797E-5,3.6775946655435467E-4,0.03426265357249749,2.5909890003789205E-5,2.800230888729448E-5,0.013937253979000896,7.023481706792206E-5,0.0018201892324334447,6.80024764078221E-5,2.5168346857896782E-5,3.8516220400603655E-4,6.215434962813167E-4,7.498124317756981E-4,5.3492364023300865E-5,1.0,7.604222732916108E-4,6.970274073660889E-4,2.325673782314303E-4,2.5104941433179012E-5,3.508570221118238E-4,2.517891910518913E-4,1.3914228535214386E-5,0.02972493033120523,0.0010671916709740306,8.528938269676672E-4,9.168493990446995E-5,0.0011486806099169464,2.0095686788140854E-5,4.315795902216357E-4,0.007314261513750474,6.058922419871446E-5,3.9868326452253994E-5,5.819182578302746E-5,5.355224677903134E-4,0.023162403616395422,7.617328405294373E-5,1.6499259262187582E-4,3.3144912280000133E-4,2.8351880265044884E-5,2.6234083417796227E-5,0.005982741726903719,2.7004061937294226E-5,5.4209413141996365E-5,1.2919818902723616E-4,2.1670984089079852E-5,4.784784427161557E-4,2.3807618242687965E-5,8.795762229887817E-4],[0.001013022533008459,9.726881003459773E-4,0.0015235636786804577,0.0014221023437204553,9.469026771902992E-4,0.001609442648229367,0.004314266832167479,0.00622536046911825,0.0037239340727189,4.203248097835654E-4,0.0011221257536642504,1.452685703132697E-4,0.001071633624034661,0.034052988907726456,3.8856903971128245E-4,4.140764340629934E-4,0.010148967858085722,5.27772010659993E-4,0.008642501480200095,8.157769226616983E-4,7.01732001440015E-4,9.612554886091792E-4,0.005107923786835847,0.0014486607040975672,4.3909960415762825E-4,7.604222732916108E-4,1.0,0.0019207246373711042,9.902290025434134E-4,6.243833656714123E-4,0.001269512388977159,0.002540042136006444,3.742436321212761E-4,0.027582707414261647,0.0011073170469615254,0.0010501504217089036,8.540052768612308E-4,0.0010786027831967678,0.0010396937156774261,0.0025079431017683727,0.005315402172886209,7.693259705071934E-4,6.66244565757663E-4,4.590367272938426E-4,0.0012039003583948868,0.02752888566450166,1.707032834129962E-4,0.0011639047862056506,0.0021761839181930085,7.062660004456799E-4,9.682392542253326E-4,0.00596672378814583,9.659691003226416E-4,8.747340698058023E-4,0.0010735356750048368,6.032732126643593E-4,0.0015535370335344495,5.25583817014678E-4,0.001022058842669257],[5.385274480827261E-4,0.0020607937557860392,0.0021221637798665267,0.00199590125432836,0.0016466947522421388,0.001860399057484528,0.00831689913433855,0.009483959079071153,0.004481914002159009,0.00109070414469588,0.002208505194860247,2.889188243345727E-4,0.0018008118064663382,0.03616262352655954,0.0014816316820102239,0.0020398772144492126,0.01415557808582009,0.0015971990581288029,0.01612662972917332,0.001985467125403099,8.388366059722732E-5,0.0022730242929748165,0.005095735070890812,0.002208418704325219,0.0022549596351220356,6.970274073660889E-4,0.0019207246373711042,1.0,0.002152553322341792,0.001245391056021057,0.0022190324699044766,0.0039017286485855036,2.908851045102405E-5,0.020312759618027264,0.0012527328389154377,0.0022370977870809217,0.001287786486386673,0.0015304422587580737,2.9150557298320316E-4,0.002411908255133595,0.008254130119246013,0.0010718676915421835,0.0010222103362753485,0.001937004267760918,0.002192727402713924,0.0038034831953296343,0.0012987814197816915,0.002365945370944023,0.0023393506589710652,0.0016733198904610024,3.918507778003694E-4,0.0025550342143640732,0.001055737818582779,0.0022110983211862537,3.820636499181903E-4,2.856477964611974E-4,0.0019376061893772343,0.0013459767316381782,0.0014045539027745817],[5.767039883570601E-4,5.187545994181778E-4,0.0013125059159249859,0.001426666023498356,4.8222614528825505E-4,0.0016252291342850342,0.00405622042625255,0.008812899751394177,0.0019243393595510794,9.699778594990866E-5,0.001035418967789371,3.3861136538380785E-4,9.708787590894831E-4,0.04261861873716408,3.8532340874558845E-4,6.424577639864416E-4,0.01663512975359365,7.819034162236675E-4,0.018268341834710697,6.462175895268687E-4,7.443703901329116E-4,7.798081853451468E-4,0.002154349342265862,0.0018014164803411238,4.8782913727585535E-4,2.325673782314303E-4,9.902290025434134E-4,0.002152553322341792,1.0,8.010097176596567E-4,8.831430775961896E-4,0.0013486080675695256,3.687461858606648E-4,0.012495785752560402,8.824240345443704E-4,9.126684440432432E-4,5.471564489265555E-4,0.001077381822720002,1.1500450793165734E-4,0.0033121743446724704,0.005795242397881903,1.3751333394899261E-4,5.201425658695896E-4,5.21490523595207E-4,0.0011040979186752022,0.004607269775171043,7.520904608392543E-4,0.0020753414082401653,0.0019462594335603043,9.13721457505237E-5,3.5603345874039713E-4,0.004590545560098938,6.012929422894339E-4,7.703822269123652E-4,7.491116123691944E-4,2.2267304084892177E-4,0.0011416179326355419,3.38699282659211E-4,8.823221010534872E-4],[2.353139945618164E-4,1.4622340079496805E-4,0.0015981118260807764,0.00131678706361819,1.428539618924171E-4,0.001096810604509804,0.00906007272727035,4.734214259786982E-4,0.002637957919614308,1.6000495666788205E-5,2.4841895271308754E-4,2.003184349607406E-5,8.140673557303823E-4,0.027330636195465646,1.240331581885414E-5,2.431816017034096E-5,0.0018968376701321223,5.989431920105754E-5,0.01385506586264321,3.242156813778442E-5,1.8420070029611406E-5,3.764146925512441E-4,0.006178429575935841,0.0016766608821598048,2.2926177228026299E-4,2.5104941433179012E-5,6.243833656714123E-4,0.001245391056021057,8.010097176596567E-4,1.0,0.001587230028564101,0.004568639702796378,1.7069241046268346E-5,0.014402440652284847,8.139613019050401E-4,4.682472477408682E-5,1.0231741929173884E-4,3.787750463005818E-4,1.7772895807286624E-5,0.0026499802692422896,0.003156480095755716,2.4651981082734304E-5,4.804144425248148E-5,3.70583096101611E-5,7.036582674801147E-4,0.025099941596288783,8.950471661550115E-5,6.358785961093479E-4,0.001215134913899729,2.289833527778831E-5,1.7715829301156916E-5,0.0025669345993569338,1.3978804509220987E-4,2.60347824388272E-4,1.0199428488977041E-4,1.837936135624324E-5,0.0011406138282399735,1.6153191304459693E-5,9.096268218986889E-4],[0.001574079999924654,9.490276645805709E-4,0.001844274742521547,0.0015706330000814527,0.0016930144805552114,0.0017136927683890947,0.01061712608625164,0.0018649003347083587,0.0036189432613543595,2.928427920937994E-4,0.001339278949520117,6.73516063639591E-4,0.0016767329905759084,0.027758264039760613,0.0010371051107283514,0.0012685935779789175,0.005333311369742667,8.370944744563076E-4,0.003758595155986412,1.3971076375945583E-4,0.0014237388061721877,0.001580106186446416,0.0039015102026814102,0.0017262490889426378,0.001111182310937057,3.508570221118238E-4,0.001269512388977159,0.0022190324699044766,8.831430775961896E-4,0.001587230028564101,1.0,0.0028945348632038164,1.6874217589285465E-5,0.0147826919463811,0.001579311239078426,0.0013038095133470328,4.345468715586797E-4,0.0013320776186425652,3.660148109725927E-4,0.004608214260728238,0.007155679527111955,0.0013654900401896964,1.821073095000715E-4,8.372341312621345E-4,0.0014390410526728466,0.022660883545429233,9.039999206008579E-4,0.0018343054672959984,0.0018428154403180902,0.0013517754414845886,2.813493947213523E-4,0.005213844118763439,0.0015869873399189005,0.0016787531931242777,0.0014193077437545181,5.539388740755471E-4,0.0016007178624235833,0.001038229647372051,0.0011153916513509698],[0.005195095550975424,0.0026033051034644195,0.0034969420870075633,0.0027160007975789583,0.0047822723002371855,0.0050257108935711,0.007952775920688734,0.013307628781782165,0.005414925821542543,0.0033371842427092867,0.00458351018527204,7.608710715376535E-4,0.005293343928875854,0.019973849815561127,0.0020393504907127366,0.002854468877013677,0.009894898059935726,0.0020352291185712352,0.015066577673072897,0.001191498232047197,0.002631116312549261,0.005036304545983387,0.006746157399257871,0.00467304121006591,0.005107598332883542,2.517891910518913E-4,0.002540042136006444,0.0039017286485855036,0.0013486080675695256,0.004568639702796378,0.0028945348632038164,1.0,0.004540694596877594,0.036449568703721895,0.005231550459540479,0.002234526690847459,0.0015324940750680585,0.0016019416303608594,0.0026433558203882647,0.006018110348943564,0.008870523388959672,0.0030259839563003404,0.0036102540960779527,7.515041766251524E-4,0.004558747337520267,0.011015177543198595,0.002928823465453996,0.003609359147605005,0.003202162117281529,0.0032349923428444316,0.004658525285491535,0.00569244317319774,0.0013974885092429324,0.0012428230657593568,0.00540086900245355,0.0014075513124196105,0.0026518972011889907,0.0016103918625151134,0.005156141388052147],[1.612866449066549E-4,5.701646426818979E-5,9.543603772738167E-5,5.885497816501163E-4,1.690879523237411E-4,4.625482736355408E-4,0.018084322485055995,0.009851739644339772,0.003058214714786381,1.3603951384952225E-5,5.910243154173366E-4,1.55306934569932E-5,8.729584991483998E-4,0.009623315411871624,1.2823330171235866E-5,2.5790194664444932E-5,0.008096138145409989,7.963547707774298E-5,0.01