[[1.0,7.652460833586703E-4,3.082357257322431E-5,1.6701128271057128E-5,0.001413365281523844,4.310001618958928E-5,4.208605784103879E-5,0.016201409354744272,0.004501557369564784,0.009745081624564644,0.013043236566605464,7.667754439088908E-4,8.404259138140406E-4,0.0016362060023660506,0.0015505831295216258,4.008914784327974E-4,0.0014426466933927533,8.87287980196471E-4,3.475524444039326E-5,0.050500088683404054,1.0208418088813046E-4,2.9527706125716274E-4,4.6930616855746975E-4,8.445587277867724E-4,3.1105359231670474E-5,1.5238316639546568E-4,2.8291763331558895E-5,8.05762918367095E-4,2.3788376406894243E-4,1.2336929433881332E-4,1.2059481638848225E-4,7.522490323667504E-5,1.9565796624161055E-4,0.01839760329625787,2.42521212851396E-4,6.016601124948977E-5,0.0011994456271413828,3.665347396348806E-5,9.627472427377288E-4,5.111319744284165E-4,0.004951389397885687,5.2599048122471234E-5],[7.652460833586703E-4,1.0,0.0016759664399922064,0.001428171301552297,0.013512776899326152,0.0016036621966431823,2.4755060120849285E-4,0.020304985670585,0.003633490287320332,0.0028566361475822477,0.004364111994735492,0.003160556859107007,0.003082076191940972,0.0017149232035857085,0.00177464836073168,0.0015346775840411851,0.0017606409611786355,0.0017631497319155662,6.572908051639119E-4,0.04637931223128182,4.3762175814047284E-4,0.0014635900104586254,0.0012333213526724426,0.0019850742705852424,0.001187020959223544,7.196591236886719E-4,4.2464875161865936E-4,0.001705218871295159,3.3917654333395027E-4,0.0015759607298114198,0.0013113025092138114,0.001115911640877112,2.9733526796272614E-4,0.019402580957972322,0.0013356173613933125,2.7152251391263245E-4,0.0018001458710410762,8.292251098401138E-4,0.003323923347330191,0.0014629571795263536,0.01047554877245054,5.163669881697677E-4],[3.082357257322431E-5,0.0016759664399922064,1.0,1.2846661160544377E-5,0.001148705743228234,1.8544661066942507E-5,4.044224428543601E-5,0.015766255139773935,0.007712519830507492,0.00725634583517476,0.012403631729570201,0.0029839836928406867,0.0021426412547459034,9.205928266636105E-4,0.001360753936674956,4.3558139832258904E-4,0.0011084750857438136,7.451862385455023E-4,1.354948011707825E-5,1.3803019033749967E-4,1.4197206027780488E-4,0.001055308167726009,5.052063913250633E-4,2.2597800572505495E-4,1.1875221805608474E-5,1.0353389478578418E-4,1.4143269783614243E-5,6.097331107598239E-4,3.295724650462502E-4,1.2001511773956599E-4,2.529011407265409E-4,7.045546866940987E-5,2.3502195779846857E-4,0.004238795345293576,9.089922159921035E-4,8.440202392557202E-5,1.3112015422387524E-4,1.2638904685309126E-5,0.0013736200746544624,3.6564349409576254E-4,0.011237865608045294,6.753822730853406E-5],[1.6701128271057128E-5,0.001428171301552297,1.2846661160544377E-5,1.0,0.00909398042969926,1.3030415401615282E-5,3.1220376907091735E-5,0.003350140742388957,0.010654304726966216,0.00791174427362262,0.015404467057690684,1.729187628494854E-4,1.9658360858972966E-5,0.0010398702890219414,1.5847479048231687E-4,8.826198451086862E-5,0.0015755655848254113,6.870904081896673E-4,1.09963167557943E-5,0.019334145667163925,1.918886575102008E-4,9.870041276949946E-4,1.177367671176393E-4,3.2068108626461325E-4,1.1206641043564254E-5,1.1104676692112706E-4,1.0971741858899358E-5,1.548546927174262E-4,1.624534743340855E-4,8.124256899184639E-4,5.7137951862846565E-5,2.403807075666881E-5,2.29426040419349E-4,0.014243116477721774,0.0010048990431286366,9.344992602751642E-5,0.0011492859992847137,1.0755564022507152E-5,0.0025935093789213864,7.279459481551594E-4,0.015520613138332171,5.121538812202931E-5],[0.001413365281523844,0.013512776899326152,0.001148705743228234,0.00909398042969926,1.0,0.007161844548322089,0.008539363683569869,0.01915440290334498,0.01337940694279416,0.013002549346882344,0.014292670652939753,0.009495131556006337,0.012946177313503837,0.00478449000975222,0.0036239113307586805,0.003034894718136983,0.007540645164799653,0.006320680628866616,0.01193798415979038,0.05445918577644246,0.013474646174146883,0.005302567560343349,0.008966025044486615,0.007333534579664989,0.007412824453183374,0.0074783927715903215,0.008700059147192313,0.012503552997570017,0.004461311547081438,0.007842703656381868,0.008560346037986609,0.004841163172115697,0.0024044427579470082,0.01388543447066922,0.004398541812374942,0.010401308809104694,0.008975897101400829,0.0029566379685161616,0.006493187426034493,0.01174410598002728,0.014016245154935212,0.004490050290528504],[4.310001618958928E-5,0.0016036621966431823,1.8544661066942507E-5,1.3030415401615282E-5,0.007161844548322089,1.0,5.1188223659701164E-5,0.0042671972652987954,0.010551739937880653,0.010052164147131552,0.015272151078006899,2.5707584883858384E-4,0.0014721316136927058,4.336863999527922E-4,0.0011472352881246707,3.5231598864706267E-4,0.0012600780113133387,0.001114738430408689,3.7563141482577E-5,0.07009157387604395,1.2840069331066688E-4,7.580506373892502E-4,6.094886160439521E-4,8.680023030277411E-4,2.592443181452365E-5,1.1034330138877217E-4,5.489302635769994E-5,3.980711344902238E-4,1.768358844122208E-4,6.785565872922272E-4,1.7158176829810157E-4,8.732800106384431E-5,1.9432262108439862E-4,0.01420135307921741,4.333726898306443E-4,2.2361728313056132E-4,0.001324715282273836,4.3574551238799324E-5,0.0030447146951354483,4.2917762168684983E-4,0.02638940982294401,6.846264205893953E-5],[4.208605784103879E-5,2.4755060120849285E-4,4.044224428543601E-5,3.1220376907091735E-5,0.008539363683569869,5.1188223659701164E-5,1.0,0.005817430454855382,0.006131789468904012,0.01026633862321189,0.004504740444543055,0.0014455279362074528,0.002224767756138676,0.0015877242236654935,4.956565913737365E-4,3.5930813748876584E-4,1.0217412366123426E-4,2.7501222790748877E-4,2.8979510257848586E-5,0.03830402731786513,1.1571811110382978E-4,4.7821199782626777E-4,5.097279996280655E-4,0.0019383654557508555,2.7817347436612258E-5,3.2505154124502105E-4,2.4701669865407348E-5,3.109748901748209E-4,1.8954088718043454E-4,4.40600699093253E-4,2.228407738441485E-4,9.665177127831893E-5,1.6090590761720308E-4,0.014657143189320557,1.0477650970466407E-4,1.6557231499831978E-4,0.0017007071679463034,3.5090615394566555E-5,0.0020593257703271947,6.957879217395009E-4,0.015824315805917276,4.5341709605829024E-5],[0.016201409354744272,0.020304985670585,0.015766255139773935,0.003350140742388957,0.01915440290334498,0.0042671972652987954,0.005817430454855382,1.0,0.01346921332610634,0.018874442806680485,0.018633416522371903,0.01918247291635776,0.0036657166204983995,0.006530679607593801,0.014861035401517973,0.01356348435483414,0.00400243125222439,0.010832507984130744,0.008745465733798929,0.032859012424187393,0.0163616421150018,0.01355738991994969,0.01199749153059777,0.0021369629828653946,0.01644891747936104,0.005867661297351087,0.010366623743362589,0.014907189701872405,0.01121191546322388,0.007725984788283864,0.010584462297024108,0.007977290243834008,0.014182565769593319,0.02035416984668361,0.0120604860839033,0.004406796552324619,0.01626579895562076,0.004858824202606542,0.004206006644071045,0.010941854928849871,0.022086719385011572,0.0114682977955943],[0.004501557369564784,0.003633490287320332,0.007712519830507492,0.010654304726966216,0.01337940694279416,0.010551739937880653,0.006131789468904012,0.01346921332610634,1.0,0.0125928234641094,0.012839818726754142,0.009150320055284676,0.009838416151793709,0.004520375094122684,0.0026396846813370673,0.008979075656882912,0.0032933485438579073,0.007052174289710269,0.006557016712284344,0.024873669827215415,0.012259870183948628,0.0028803035987090223,0.0035361444972914703,0.004852898533558551,0.0028610968812282445,0.012718566325760997,0.010568648627061689,0.006574214304004471,0.0071591185061756135,0.008656836492510632,0.0028290990860427106,8.765985789663826E-4,0.00635594482621229,0.016069487638163193,0.010699206471509074,0.00859942927989058,0.008787367275056688,0.008884360349530973,0.010258029035201385,0.005972471263321894,0.02093811821401801,0.0058363420378428595],[0.009745081624564644,0.0028566361475822477,0.00725634583517476,0.00791174427362262,0.013002549346882344,0.010052164147131552,0.01026633862321189,0.018874442806680485,0.0125928234641094,1.0,0.013580979983967779,0.007325056407821493,0.008689598237608741,0.006842677123851424,0.0036812281407405424,0.008269158906776736,0.003414825185444635,0.006650953973617699,0.002166460095416202,0.03771645938866786,0.0032012064444617394,0.00658141984551001,0.006754726857895773,0.004118723036971813,0.009922965745301462,0.00858997066285515,2.763963170974522E-4,0.006128117132597899,0.008222409471992377,0.004822039217505838,0.004489725182015667,0.006562031772384149,0.005789934909743774,0.013249937477463572,0.0014613392853597314,0.0015816745692970773,0.006665030988236833,0.0010003775576541449,0.005835753036784233,0.0020742849216951516,0.026682057015536047,7.802218615382296E-4],[0.013043236566605464,0.004364111994735492,0.012403631729570201,0.015404467057690684,0.014292670652939753,0.015272151078006899,0.004504740444543055,0.018633416522371903,0.012839818726754142,0.013580979983967779,1.0,0.01637072246003613,0.007874377877938871,0.012095899174414443,0.00806429546853071,0.011510555124545765,0.005530244899540496,0.013881280975960624,0.005982325507610393,0.07031229019131158,0.01444351460622123,0.0023495665369511424,0.01233426855822231,0.017141489173075397,0.0014194169276833689,0.006417962981461827,0.016446502858018033,0.005938504075620384,0.014904512873240234,0.0033584459230522946,0.017103413375812393,0.006642332492651304,3.538914445949715E-4,0.018804483662136037,0.00659128822626361,0.013676302923185736,0.01666839161175328,0.008566993995201522,0.012485474728896821,0.011794882520271225,0.019666710975114077,6.058244564711787E-4],[7.667754439088908E-4,0.003160556859107007,0.0029839836928406867,1.729187628494854E-4,0.009495131556006337,2.5707584883858384E-4,0.0014455279362074528,0.01918247291635776,0.009150320055284676,0.007325056407821493,0.01637072246003613,1.0,0.0032130809676803756,0.0020734697272706127,0.0027915219541671007,0.002093701897518647,0.003398570556220279,0.002381284169447528,0.0025298406931451786,0.0407905735788407,0.002404555814045278,0.0024131515537054457,0.0017034234258658967,0.0026125634476445968,2.2965835142132985E-4,0.0031724868228089078,0.0030596756178030743,0.002815611690398339,0.002130834007898371,0.001233055594652656,2.7552168148559585E-4,0.0012828580780514021,9.659721270400394E-4,0.011206876404283845,0.0025022050349939136,2.4510227690441663E-4,0.002071013271070695,0.0010412765814637568,0.0035055724576811996,0.002250896460886483,0.024325533251313425,0.0021775165222045513],[8.404259138140406E-4,0.003082076191940972,0.0021426412547459034,1.9658360858972966E-5,0.012946177313503837,0.0014721316136927058,0.002224767756138676,0.0036657166204983995,0.009838416151793709,0.008689598237608741,0.007874377877938871,0.0032130809676803756,1.0,0.002086982625551554,0.002495556913707022,0.0012258789489800017,0.002990952367549291,0.0013584848429759164,0.0010497301238880734,0.03650394978171395,0.0012673198312068005,0.0030041373510923926,0.0023176973084202915,0.0021989929046759772,0.0011449527689911024,0.0010505439673580508,0.001628709352033945,0.0015122259908020392,0.0012910465529195976,0.002040030812565807,0.0023686673204985614,0.0030136714596133637,9.588898605647684E-4,0.008259250509728196,0.001978821554113231,0.0012147609234717978,0.00191108896546524,0.003191203330754107,0.0033214793710107187,0.0011696460206548711,0.006275716485686813,6.968236957493148E-4],[0.0016362060023660506,0.0017149232035857085,9.205928266636105E-4,0.0010398702890219414,0.00478449000975222,4.336863999527922E-4,0.0015877242236654935,0.006530679607593801,0.004520375094122684,0.006842677123851424,0.012095899174414443,0.0020734697272706127,0.002086982625551554,1.0,0.0017679230959824273,0.0015321328970188913,0.0016935384220946792,0.0013956923659074344,0.001568493649274874,0.04037579029814565,0.0011609093575387125,0.001510704153425763,9.00235065799181E-4,0.002007742270759119,7.131493961140962E-4,0.001308021216389918,0.0014348902449582354,0.0015735750829586575,5.355717188577058E-4,0.0011992372306539876,0.0010219086259817302,6.277198560587113E-4,6.600208244848794E-4,0.0032914553785980656,0.001360331668754583,3.909821107506478E-4,0.0017620422066928383,0.0010502023314953946,0.001785564691561274,0.0012717725356639598,0.02087823673520229,5.972095852632705E-4],[0.0015505831295216258,0.00177464836073168,0.001360753936674956,1.5847479048231687E-4,0.0036239113307586805,0.0011472352881246707,4.956565913737365E-4,0.014861035401517973,0.0026396846813370673,0.0036812281407405424,0.00806429546853071,0.0027915219541671007,0.002495556913707022,0.0017679230959824273,1.0,0.0014206196629381544,0.0016970225017027955,0.001530681491248285,0.0012454568592773232,0.05578706881245266,0.001224810211653526,0.001558809099379278,8.813275412876485E-4,0.0019344059928592706,0.0015990501613979923,0.001265871960241059,0.0012451828605972725,0.0015831958578566073,3.825143598149983E-4,0.0017116418106238476,4.203905419555874E-4,0.0013876953722919312,0.0012082727710047265,0.012470960994680359,0.001752506354040944,5.104763878821124E-4,0.0017942279871996083,0.0016815711296867663,0.0030330677550815593,0.0011188908739109995,0.011011918443990075,6.673800996302439E-4],[4.008914784327974E-4,0.0015346775840411851,4.3558139832258904E-4,8.826198451086862E-5,0.003034894718136983,3.5231598864706267E-4,3.5930813748876584E-4,0.01356348435483414,0.008979075656882912,0.008269158906776736,0.011510555124545765,0.002093701897518647,0.0012258789489800017,0.0015321328970188913,0.0014206196629381544,1.0,0.001164911519886576,0.0011585197773776776,6.738270075183054E-5,0.0035560318583675926,2.8235392345901086E-4,0.0011216922818398894,7.111907837422879E-4,0.001279936419580628,5.051002528183136E-4,5.097372807701752E-4,3.010171523682165E-4,0.0010834945148927994,4.985607534571102E-4,0.0010550903886659643,8.606464061984729E-4,1.7435561902563916E-4,5.102416164319979E-4,0.01139942173222247,0.0010700287640671422,8.670721747450508E-4,0.001516353843449472,3.136892765971183E-4,0.0021747185123744484,0.0010604477785221748,0.012927725277796712,7.426555165087447E-4],[0.0014426466933927533,0.0017606409611786355,0.0011084750857438136,0.0015755655848254113,0.007540645164799653,0.0012600780113133387,1.0217412366123426E-4,0.00400243125222439,0.0032933485438579073,0.003414825185444635,0.005530244899540496,0.003398570556220279,0.002990952367549291,0.0016935384220946792,0.0016970225017027955,0.001164911519886576,1.0,0.0013010171608138835,9.091761070667828E-4,0.03171211464470956,0.0011896861167475584,0.0012334856949320538,0.0015714074937645945,0.0020452589563362605,0.0015628102370903376,0.0010480927399783698,8.800227199918476E-5,0.0015832632043347862,0.001432839156775753,0.0013723484966369675,0.0011531372738904594,0.001648223841109419,7.37103698293355E-4,0.017173372140991242,0.0012981536743461996,4.0902142956076145E-4,0.0018447223198673605,0.001028808655909231,0.0018242393657100018,0.0015129790294116756,0.018081958729472436,9.007160159336204E-4],[8.87287980196471E-4,0.0017631497319155662,7.451862385455023E-4,6.870904081896673E-4,0.006320680628866616,0.001114738430408689,2.7501222790748877E-4,0.010832507984130744,0.007052174289710269,0.006650953973617699,0.013881280975960624,0.002381284169447528,0.0013584848429759164,0.0013956923659074344,0.001530681491248285,0.0011585197773776776,0.0013010171608138835,1.0,6.481633533711439E-4,0.050699121938370395,9.181371951850639E-4,0.0011741251741510094,8.897114512988098E-4,0.0012447888215866803,5.997428254087303E-4,0.0011022780147221772,3.955223364945805E-4,0.0011577831322357286,6.307325244357857E-4,0.0011042959266694655,0.0010526775244933926,5.846703544264649E-4,3.891602077564166E-4,0.006094792268782586,0.001132319619767852,0.0010214311246572068,0.0017570326256328077,5.99075990662138E-4,0.002603055080123433,0.0011690170821126525,0.023520296023504,8.874927940397837E-4],[3.475524444039326E-5,6.572908051639119E-4,1.354948011707825E-5,1.09963167557943E-5,0.01193798415979038,3.7563141482577E-5,2.8979510257848586E-5,0.008745465733798929,0.006557016712284344,0.002166460095416202,0.005982325507610393,0.0025298406931451786,0.0010497301238880734,0.001568493649274874,0.0012454568592773232,6.738270075183054E-5,9.091761070667828E-4,6.481633533711439E-4,1.0,0.016875969858564842,1.8235184921389308E-4,6.912548789676604E-4,2.0593798951138863E-4,0.0019834239593168957,1.1618718633242838E-5,2.9272191456285645E-4,1.3093662922562969E-5,6.120620474650044E-4,2.5247071057339805E-4,4.4282484854922055E-4,1.6887359940982084E-4,5.8801154437378516E-5,1.5346824904417873E-4,0.009409247417061903,3.325733494809404E-4,1.8048662978386142E-4,0.0014903227974472624,1.0306149229272617E-5,0.003005551085538062,2.8467907329103327E-4,0.014838863770535187,6.602952515212854E-5],[0.050500088683404054,0.04637931223128182,1.3803019033749967E-4,0.019334145667163925,0.05445918577644246,0.07009157387604395,0.03830402731786513,0.032859012424187393,0.024873669827215415,0.03771645938866786,0.07031229019131158,0.0407905735788407,0.03650394978171395,0.04037579029814565,0.05578706881245266,0.0035560318583675926,0.03171211464470956,0.050699121938370395,0.016875969858564842,1.0,0.05799861945044759,0.020737948930139593,0.06927828830199963,0.015847013345247404,0.030201711870868585,0.03939192848696334,0.06144721140016761,0.034504897645740724,0.0023916853584495853,0.03224969769008842,0.029196869911626965,0.07373813005214393,0.03677079582458244,0.03790796147885632,0.0750008525840451,0.03198140454965256,0.003630080355981895,0.02407157375457706,0.02132588631929431,0.0405929128379646,0.047889484232603134,0.01417143147701955],[1.0208418088813046E-4,4.3762175814047284E-4,1.4197206027780488E-4,1.918886575102008E-4,0.013474646174146883,1.2840069331066688E-4,1.1571811110382978E-4,0.0163616421150018,0.012259870183948628,0.0032012064444617394,0.01444351460622123,0.002404555814045278,0.0012673198312068005,0.0011609093575387125,0.001224810211653526,2.8235392345901086E-4,0.0011896861167475584,9.181371951850639E-4,1.8235184921389308E-4,0.05799861945044759,1.0,8.755062613582287E-4,2.6176922903341877E-4,3.9753917311492466E-4,2.778463319165599E-5,3.104177493956621E-4,3.360256625398138E-5,6.576036335192448E-4,3.1533929992187156E-4,3.9988529788363746E-4,2.347479975142647E-4,1.8770974047887195E-4,2.1689482482258437E-4,0.015268467648991112,9.615922085488354E-4,2.2837053992887205E-4,0.001089091705187765,1.397456536257677E-4,0.0013065539272213858,8.478837558370531E-4,0.021141174315851587,8.094927125195094E-5],[2.9527706125716274E-4,0.0014635900104586254,0.001055308167726009,9.870041276949946E-4,0.005302567560343349,7.580506373892502E-4,4.7821199782626777E-4,0.01355738991994969,0.0028803035987090223,0.00658141984551001,0.0023495665369511424,0.0024131515537054457,0.0030041373510923926,0.001510704153425763,0.001558809099379278,0.0011216922818398894,0.0012334856949320538,0.0011741251741510094,6.912548789676604E-4,0.020737948930139593,8.755062613582287E-4,1.0,7.554570961987565E-4,0.0015104892171765583,8.057269792955773E-5,6.681643158282986E-4,5.370319502962993E-4,0.0011153477312382898,4.94612882566958E-4,0.001115594760384871,3.1119881331246685E-4,6.908605340895466E-4,5.482249957912524E-4,0.007174875130030162,0.0010890419321002787,8.010426078422136E-4,0.0017669395617099667,4.7429238651471527E-4,0.0025824184598356305,0.0011305647686672983,0.0018175557181724057,5.708197113080804E-4],[4.6930616855746975E-4,0.0012333213526724426,5.052063913250633E-4,1.177367671176393E-4,0.008966025044486615,6.094886160439521E-4,5.097279996280655E-4,0.01199749153059777,0.0035361444972914703,0.006754726857895773,0.01233426855822231,0.0017034234258658967,0.0023176973084202915,9.00235065799181E-4,8.813275412876485E-4,7.111907837422879E-4,0.0015714074937645945,8.897114512988098E-4,2.0593798951138863E-4,0.06927828830199963,2.6176922903341877E-4,7.554570961987565E-4,1.0,0.0012200950810315084,2.946571603118681E-4,4.998493908286443E-4,3.1777789089184835E-4,0.0010964612164360153,6.432795338166409E-4,9.99336991409186E-4,5.154612405270794E-4,6.027223892354707E-4,5.685817707985032E-4,0.009434839037601733,6.699054911369353E-4,6.188836290473804E-4,0.0017507184069926506,6.278821924682906E-4,8.240195652473069E-4,9.84611646855497E-4,0.012772296732203313,2.83857433672648E-4],[8.445587277867724E-4,0.0019850742705852424,2.2597800572505495E-4,3.2068108626461325E-4,0.007333534579664989,8.680023030277411E-4,0.0019383654557508555,0.0021369629828653946,0.004852898533558551,0.004118723036971813,0.017141489173075397,0.0026125634476445968,0.0021989929046759772,0.002007742270759119,0.0019344059928592706,0.001279936419580628,0.0020452589563362605,0.0012447888215866803,0.0019834239593168957,0.015847013345247404,3.9753917311492466E-4,0.0015104892171765583,0.0012200950810315084,1.0,0.0020932376827295955,8.009388382377814E-4,8.318995452101304E-5,0.0018714064061913956,0.0015672180498320465,0.0018699235922777623,7.516403219556607E-4,5.277846337424592E-4,0.0016046286066407722,0.012710301943277373,0.0016838398185910265,0.001301425007113219,0.001943212099398259,2.973035281488799E-4,0.0026868853607605256,0.0015009743877020447,0.003086380432632032,1.7921155974911303E-4],[3.1105359231670474E-5,0.001187020959223544,1.1875221805608474E-5,1.1206641043564254E-5,0.007412824453183374,2.592443181452365E-5,2.7817347436612258E-5,0.01644891747936104,0.0028610968812282445,0.009922965745301462,0.0014194169276833689,2.2965835142132985E-4,0.0011449527689911024,7.131493961140962E-4,0.0015990501613979923,5.051002528183136E-4,0.0015628102370903376,5.997428254087303E-4,1.1618718633242838E-5,0.030201711870868585,2.778463319165599E-5,8.057269792955773E-5,2.946571603118681E-4,0.0020932376827295955,1.0,2.6233524913037566E-4,1.3187107758355322E-5,6.070112449339919E-4,2.1848812705630498E-4,9.865815497343575E-4,6.650644149420264E-5,4.716356255364528E-5,1.1328930734223579E-4,0.017547878895747254,0.0010523568432536,9.860539531494179E-5,0.0010404340866963027,1.0477670093510607E-5,0.003040698237294142,3.880176720946797E-5,0.001745548164138172,1.4939025909390009E-5],[1.5238316639546568E-4,7.196591236886719E-4,1.0353389478578418E-4,1.1104676692112706E-4,0.0074783927715903215,1.1034330138877217E-4,3.2505154124502105E-4,0.005867661297351087,0.012718566325760997,0.00858997066285515,0.006417962981461827,0.0031724868228089078,0.0010505439673580508,0.001308021216389918,0.001265871960241059,5.097372807701752E-4,0.0010480927399783698,0.0011022780147221772,2.9272191456285645E-4,0.03939192848696334,3.104177493956621E-4,6.681643158282986E-4,4.998493908286443E-4,8.009388382377814E-4,2.6233524913037566E-4,1.0,9.44183680127369E-5,6.695730102825449E-4,3.452114102883147E-4,3.7890064831355886E-4,3.2741321089544936E-4,3.391764879442085E-4,2.3911723984651267E-4,0.01587732563476744,4.300077481186236E-4,3.30080589943767E-4,8.845425791280382E-4,3.248938391020158E-4,0.0018173928693976569,6.791798062739679E-4,0.01829407561051258,1.2744582224389727E-4],[2.8291763331558895E-5,4.2464875161865936E-4,1.4143269783614243E-5,1.0971741858899358E-5,0.008700059147192313,5.489302635769994E-5,2.4701669865407348E-5,0.010366623743362589,0.010568648627061689,2.763963170974522E-4,0.016446502858018033,0.0030596756178030743,0.001628709352033945,0.0014348902449582354,0.0012451828605972725,3.010171523682165E-4,8.800227199918476E-5,3.955223364945805E-4,1.3093662922562969E-5,0.06144721140016761,3.360256625398138E-5,5.370319502962993E-4,3.1777789089184835E-4,8.318995452101304E-5,1.3187107758355322E-5,9.44183680127369E-5,1.0,5.233816847979508E-4,2.908951498313495E-4,3.6331636828732124E-4,3.254459504110077E-5,6.658992910912482E-5,1.2732840738464383E-4,0.013868418362606,6.346439494809826E-4,1.2716303775848608E-4,0.0017040023583395998,1.1198563640684593E-5,0.0017052115690823853,2.7734951379380186E-4,0.026226922447428108,7.192634047933268E-5],[8.05762918367095E-4,0.001705218871295159,6.097331107598239E-4,1.548546927174262E-4,0.012503552997570017,3.980711344902238E-4,3.109748901748209E-4,0.014907189701872405,0.006574214304004471,0.006128117132597899,0.005938504075620384,0.002815611690398339,0.0015122259908020392,0.0015735750829586575,0.0015831958578566073,0.0010834945148927994,0.0015832632043347862,0.0011577831322357286,6.120620474650044E-4,0.034504897645740724,6.576036335192448E-4,0.0011153477312382898,0.0010964612164360153,0.0018714064061913956,6.070112449339919E-4,6.695730102825449E-4,5.233816847979508E-4,1.0,5.97401950434941E-4,0.0010421927072482627,9.97521869325441E-4,0.0010369678734492961,7.162362534824423E-4,0.007624786625789377,0.001083946006940588,0.0010709694852991739,0.0017212381752893416,6.349954279168643E-4,0.0028291834709939724,0.001111960417125451,0.016284237426988323,4.973718371245516E-4],[2.3788376406894243E-4,3.3917654333395027E-4,3.295724650462502E-4,1.624534743340855E-4,0.004461311547081438,1.768358844122208E-4,1.8954088718043454E-4,0.01121191546322388,0.0071591185061756135,0.008222409471992377,0.014904512873240234,0.002130834007898371,0.0012910465529195976,5.355717188577058E-4,3.825143598149983E-4,4.985607534571102E-4,0.001432839156775753,6.307325244357857E-4,2.5247071057339805E-4,0.0023916853584495853,3.1533929992187156E-4,4.94612882566958E-4,6.432795338166409E-4,0.0015672180498320465,2.1848812705630498E-4,3.452114102883147E-4,2.908951498313495E-4,5.97401950434941E-4,1.0,8.976946693729213E-4,2.9233705332882816E-4,1.332187336728223E-4,2.6155245803652865E-4,0.008440016691436406,8.059356680332876E-4,2.7491380255356836E-4,0.001193795931664453,2.8072976889673732E-5,9.129209795065382E-4,7.194357473058954E-4,0.005602491134441912,1.3118470612713637E-4],[1.2336929433881332E-4,0.0015759607298114198,1.2001511773956599E-4,8.124256899184639E-4,0.007842703656381868,6.785565872922272E-4,4.40600699093253E-4,0.007725984788283864,0.008656836492510632,0.004822039217505838,0.0033584459230522946,0.001233055594652656,0.002040030812565807,0.0011992372306539876,0.0017116418106238476,0.0010550903886659643,0.0013723484966369675,0.0011042959266694655,4.4282484854922055E-4,0.03224969769008842,3.9988529788363746E-4,0.001115594760384871,9.99336991409186E-4,0.0018699235922777623,9.865815497343575E-4,3.7890064831355886E-4,3.6331636828732124E-4,0.0010421927072482627,8.976946693729213E-4,1.0,8.023466708611676E-4,2.072338859993486E-4,9.109863705052486E-4,0.01735715955553074,0.0010372934228359643,5.268861983753489E-4,0.0010387232673854403,7.552638578429946E-4,0.0010723821839127852,0.001038022795014286,0.018112985059331933,3.985754979177815E-4],[1.2059481638848225E-4,0.0013113025092138114,2.529011407265409E-4,5.7137951862846565E-5,0.008560346037986609,1.7158176829810157E-4,2.228407738441485E-4,0.010584462297024108,0.0028290990860427106,0.004489725182015667,0.017103413375812393,2.7552168148559585E-4,0.0023686673204985614,0.0010219086259817302,4.203905419555874E-4,8.606464061984729E-4,0.0011531372738904594,0.0010526775244933926,1.6887359940982084E-4,0.029196869911626965,2.347479975142647E-4,3.1119881331246685E-4,5.154612405270794E-4,7.516403219556607E-4,6.650644149420264E-5,3.2741321089544936E-4,3.254459504110077E-5,9.97521869325441E-4,2.9233705332882816E-4,8.023466708611676E-4,1.0,2.0679690919035682E-4,2.479317890681206E-4,0.018023843584608533,9.393409278042944E-4,2.5478256940664374E-4,8.32806890100884E-4,1.886117133652749E-4,0.003159837094385546,5.343430966638103E-4,0.01734286900199551,7.437087570308114E-5],[7.522490323667504E-5,0.001115911640877112,7.045546866940987E-5,2.403807075666881E-5,0.004841163172115697,8.732800106384431E-5,9.665177127831893E-5,0.007977290243834008,8.765985789663826E-4,0.006562031772384149,0.006642332492651304,0.0012828580780514021,0.0030136714596133637,6.277198560587113E-4,0.0013876953722919312,1.7435561902563916E-4,0.001648223841109419,5.846703544264649E-4,5.8801154437378516E-5,0.07373813005214393,1.8770974047887195E-4,6.908605340895466E-4,6.027223892354707E-4,5.277846337424592E-4,4.716356255364528E-5,3.391764879442085E-4,6.658992910912482E-5,0.0010369678734492961,1.332187336728223E-4,2.072338859993486E-4,2.0679690919035682E-4,1.0,2.350577717757157E-4,0.013128574266374038,9.763695122006698E-4,1.6193386060331497E-4,0.0016326969841847674,2.887395085851753E-5,0.0013745979862035433,6.88522040044887E-4,0.008881706833766465,9.646947173065393E-5],[1.9565796624161055E-4,2.9733526796272614E-4,2.3502195779846857E-4,2.29426040419349E-4,0.0024044427579470082,1.9432262108439862E-4,1.6090590761720308E-4,0.014182565769593319,0.00635594482621229,0.005789934909743774,3.538914445949715E-4,9.659721270400394E-4,9.588898605647684E-4,6.600208244848794E-4,0.0012082727710047265,5.102416164319979E-4,7.37103698293355E-4,3.891602077564166E-4,1.5346824904417873E-4,0.03677079582458244,2.1689482482258437E-4,5.482249957912524E-4,5.685817707985032E-4,0.0016046286066407722,1.1328930734223579E-4,2.3911723984651267E-4,1.2732840738464383E-4,7.162362534824423E-4,2.6155245803652865E-4,9.109863705052486E-4,2.479317890681206E-4,2.350577717757157E-4,1.0,0.01476296916110467,3.3456248779755463E-4,2.3381263512164027E-4,9.57514495694872E-4,2.3480909119399097E-4,0.001997063511536561,9.907127113241037E-4,0.020979364427838158,2.1379752709515322E-4],[0.01839760329625787,0.019402580957972322,0.004238795345293576,0.014243116477721774,0.01388543447066922,0.01420135307921741,0.014657143189320557,0.02035416984668361,0.016069487638163193,0.013249937477463572,0.018804483662136037,0.011206876404283845,0.008259250509728196,0.0032914553785980656,0.012470960994680359,0.01139942173222247,0.017173372140991242,0.006094792268782586,0.009409247417061903,0.03790796147885632,0.015268467648991112,0.007174875130030162,0.009434839037601733,0.012710301943277373,0.017547878895747254,0.01587732563476744,0.013868418362606,0.007624786625789377,0.008440016691436406,0.01735715955553074,0.018023843584608533,0.013128574266374038,0.01476296916110467,1.0,0.0031031563478427625,0.019472393162090373,0.017147603871410413,0.0070556328268485905,0.00614928880448307,0.0051570979281841435,0.027045185325300286,0.010562848351751622],[2.42521212851396E-4,0.0013356173613933125,9.089922159921035E-4,0.0010048990431286366,0.004398541812374942,4.333726898306443E-4,1.0477650970466407E-4,0.0120604860839033,0.010699206471509074,0.0014613392853597314,0.00659128822626361,0.0025022050349939136,0.001978821554113231,0.001360331668754583,0.001752506354040944,0.0010700287640671422,0.0012981536743461996,0.001132319619767852,3.325733494809404E-4,0.0750008525840451,9.615922085488354E-4,0.0010890419321002787,6.699054911369353E-4,0.0016838398185910265,0.0010523568432536,4.300077481186236E-4,6.346439494809826E-4,0.001083946006940588,8.059356680332876E-4,0.0010372934228359643,9.393409278042944E-4,9.763695122006698E-4,3.3456248779755463E-4,0.0031031563478427625,1.0,0.0010144264475208612,0.0017632353749572796,8.436422488989143E-4,0.002839106413753311,0.0010865163660668633,0.009901307076077757,1.1017967990039062E-4],[6.016601124948977E-5,2.7152251391263245E-4,8.440202392557202E-5,9.344992602751642E-5,0.010401308809104694,2.2361728313056132E-4,1.6557231499831978E-4,0.004406796552324619,0.00859942927989058,0.0015816745692970773,0.013676302923185736,2.4510227690441663E-4,0.0012147609234717978,3.909821107506478E-4,5.104763878821124E-4,8.670721747450508E-4,4.0902142956076145E-4,0.0010214311246572068,1.8048662978386142E-4,0.03198140454965256,2.2837053992887205E-4,8.010426078422136E-4,6.188836290473804E-4,0.001301425007113219,9.860539531494179E-5,3.30080589943767E-4,1.2716303775848608E-4,0.0010709694852991739,2.7491380255356836E-4,5.268861983753489E-4,2.5478256940664374E-4,1.6193386060331497E-4,2.3381263512164027E-4,0.019472393162090373,0.0010144264475208612,1.0,8.295063041444388E-4,1.2644700854486676E-5,0.0011346370482264814,5.272691269962639E-4,0.016506121458765365,1.427103042445936E-4],[0.0011994456271413828,0.0018001458710410762,1.3112015422387524E-4,0.0011492859992847137,0.008975897101400829,0.001324715282273836,0.0017007071679463034,0.01626579895562076,0.008787367275056688,0.006665030988236833,0.01666839161175328,0.002071013271070695,0.00191108896546524,0.0017620422066928383,0.0017942279871996083,0.001516353843449472,0.0018447223198673605,0.0017570326256328077,0.0014903227974472624,0.003630080355981895,0.001089091705187765,0.0017669395617099667,0.0017507184069926506,0.001943212099398259,0.0010404340866963027,8.845425791280382E-4,0.0017040023583395998,0.0017212381752893416,0.001193795931664453,0.0010387232673854403,8.32806890100884E-4,0.0016326969841847674,9.57514495694872E-4,0.017147603871410413,0.0017632353749572796,8.295063041444388E-4,1.0,2.886163549145139E-4,0.0030038100749317166,0.001540974134267509,0.015950254490062543,0.0011355056222661028],[3.665347396348806E-5,8.292251098401138E-4,1.2638904685309126E-5,1.0755564022507152E-5,0.0029566379685161616,4.3574551238799324E-5,3.5090615394566555E-5,0.004858824202606542,0.008884360349530973,0.0010003775576541449,0.008566993995201522,0.0010412765814637568,0.003191203330754107,0.0010502023314953946,0.0016815711296867663,3.136892765971183E-4,0.001028808655909231,5.99075990662138E-4,1.0306149229272617E-5,0.02407157375457706,1.397456536257677E-4,4.7429238651471527E-4,6.278821924682906E-4,2.973035281488799E-4,1.0477670093510607E-5,3.248938391020158E-4,1.1198563640684593E-5,6.349954279168643E-4,2.8072976889673732E-5,7.552638578429946E-4,1.886117133652749E-4,2.887395085851753E-5,2.3480909119399097E-4,0.0070556328268485905,8.436422488989143E-4,1.2644700854486676E-5,2.886163549145139E-4,1.0,0.0015796805574442578,3.2899185363236276E-4,0.024164414591277696,3.904479956198158E-5],[9.627472427377288E-4,0.003323923347330191,0.0013736200746544624,0.0025935093789213864,0.006493187426034493,0.0030447146951354483,0.0020593257703271947,0.004206006644071045,0.010258029035201385,0.005835753036784233,0.012485474728896821,0.0035055724576811996,0.0033214793710107187,0.001785564691561274,0.0030330677550815593,0.0021747185123744484,0.0018242393657100018,0.002603055080123433,0.003005551085538062,0.02132588631929431,0.0013065539272213858,0.0025824184598356305,8.240195652473069E-4,0.0026868853607605256,0.003040698237294142,0.0018173928693976569,0.0017052115690823853,0.0028291834709939724,9.129209795065382E-4,0.0010723821839127852,0.003159837094385546,0.0013745979862035433,0.001997063511536561,0.00614928880448307,0.002839106413753311,0.0011346370482264814,0.0030038100749317166,0.0015796805574442578,1.0,0.0032219763204858172,0.026257992272461086,0.0010887785153641456],[5.111319744284165E-4,0.0014629571795263536,3.6564349409576254E-4,7.279459481551594E-4,0.01174410598002728,4.2917762168684983E-4,6.957879217395009E-4,0.010941854928849871,0.005972471263321894,0.0020742849216951516,0.011794882520271225,0.002250896460886483,0.0011696460206548711,0.0012717725356639598,0.0011188908739109995,0.0010604477785221748,0.0015129790294116756,0.0011690170821126525,2.8467907329103327E-4,0.0405929128379646,8.478837558370531E-4,0.0011305647686672983,9.84611646855497E-4,0.0015009743877020447,3.880176720946797E-5,6.791798062739679E-4,2.7734951379380186E-4,0.001111960417125451,7.194357473058954E-4,0.001038022795014286,5.343430966638103E-4,6.88522040044887E-4,9.907127113241037E-4,0.0051570979281841435,0.0010865163660668633,5.272691269962639E-4,0.001540974134267509,3.2899185363236276E-4,0.0032219763204858172,1.0,0.004356544804051591,5.319273943254164E-4],[0.004951389397885687,0.01047554877245054,0.011237865608045294,0.015520613138332171,0.014016245154935212,0.02638940982294401,0.015824315805917276,0.022086719385011572,0.02093811821401801,0.026682057015536047,0.019666710975114077,0.024325533251313425,0.006275716485686813,0.02087823673520229,0.011011918443990075,0.012927725277796712,0.018081958729472436,0.023520296023504,0.014838863770535187,0.047889484232603134,0.021141174315851587,0.0018175557181724057,0.012772296732203313,0.003086380432632032,0.001745548164138172,0.01829407561051258,0.026226922447428108,0.016284237426988323,0.005602491134441912,0.018112985059331933,0.01734286900199551,0.008881706833766465,0.020979364427838158,0.027045185325300286,0.009901307076077757,0.016506121458765365,0.015950254490062543,0.024164414591277696,0.026257992272461086,0.004356544804051591,1.0,0.0249265788721135],[5.2599048122471234E-5,5.163669881697677E-4,6.753822730853406E-5,5.121538812202931E-5,0.004490050290528504,6.846264205893953E-5,4.5341709605829024E-5,0.0114682977955943,0.0058363420378428595,7.802218615382296E-4,6.058244564711787E-4,0.0021775165222045513,6.968236957493148E-4,5.972095852632705E-4,6.673800996302439E-4,7.426555165087447E-4,9.007160159336204E-4,8.874927940397837E-4,6.602952515212854E-5,0.01417143147701955,8.094927125195094E-5,5.708197113080804E-4,2.83857433672648E-4,1.7921155974911303E-4,1.4939025909390009E-5,1.2744582224389727E-4,7.192634047933268E-5,4.973718371245516E-4,1.3118470612713637E-4,3.985754979177815E-4,7.437087570308114E-5,9.646947173065393E-5,2.1379752709515322E-4,0.010562848351751622,1.1017967990039062E-4,1.427103042445936E-4,0.0011355056222661028,3.904479956198158E-5,0.0010887785153641456,5.319273943254164E-4,0.0249265788721135,1.0]]