[[1.0,0.009591257435123809,0.004435938645977692,0.0015130920984485032,0.009044124851316806,0.008356078909522183,0.003105757342283887,0.008565257891984607,0.009377429715207287,0.007534161469959233,0.0012334700303537139,0.022046724155121898,0.00467632885937756,0.009360291026533667,0.007794680185268889,0.005348170507632698,0.002819996878986464,0.01639205932307067,0.0037336577667042383,0.009536241314064029,0.005738194092740578,0.0024869647113342536,0.001996302846350438,0.01930838360868631,0.0033880745677868974,0.007557716224130685,0.001967211407866627,0.004734782546830346,0.004515477609133756,0.005712660322478468,0.006246230235485348,0.03888871403001245,0.0031652395544554883,8.778786016082256E-4,0.003974049526064223,0.008560664960741362,0.007297529859610235,0.008768026440806494,0.004445814634333333,0.004902718712325724,0.013286612334099139,0.007065396302347275,4.087816827036024E-4,0.013681506781457714,0.010543349915836924,0.0030412784847901695,0.0022868844472489756,0.0035047603823410607,0.0015501563534716773,0.004258085510215257],[0.009591257435123809,1.0,9.253972201868582E-4,1.385628427285639E-4,4.4441345222932685E-4,1.8525525385130044E-4,1.4570064282701874E-4,1.7063464468284012E-4,0.0010935974287040284,1.414515232661424E-4,1.8903390923635292E-4,0.03848976558535431,2.062650952682319E-4,0.0010178966273272601,1.8893607226100467E-4,1.466408499322772E-4,4.879975365757843E-4,0.011670475483998773,1.2923564165580155E-4,6.301041235282794E-4,1.6134765417898125E-4,3.4818339161755876E-4,1.6760852641554822E-4,0.012782678366565672,5.107808168049222E-5,2.0499229394861616E-4,1.9105831002818807E-4,4.216588952429145E-4,2.5275946619996434E-4,1.074939291405819E-4,1.0655636799417117E-4,0.04076706854336564,1.6300835744743636E-4,1.6347030610395222E-4,3.971893182364864E-4,1.983243910930627E-4,4.227551993531133E-4,1.5739854616725593E-4,4.3891563291033624E-4,1.0242749981185405E-4,4.436120438752422E-4,1.7984595445646364E-4,1.7774119117833185E-4,0.004926158938268382,0.0041442464309703105,0.001331041330191441,2.1452179971123543E-4,4.62140372938649E-4,1.6742947733504034E-4,9.640428947063905E-5],[0.004435938645977692,9.253972201868582E-4,1.0,0.001312570918067937,0.0013523770715156579,0.0011443790243124469,2.6228319736800235E-4,6.021211007330758E-4,0.0014499097217292938,2.879792174171418E-5,6.579234213043416E-4,0.03597009077316803,0.0011066899084871424,0.0013991759527669763,8.117785957855578E-4,8.758630594316866E-4,0.0013568518130683059,0.01720540043226641,0.0013317221356142859,0.0036036574454461857,7.594357519951477E-4,6.112898575931925E-4,2.1972194453250606E-4,0.022470490559059232,1.668622947334181E-4,0.00111604540639675,3.5500412917886196E-4,0.0021373128573336938,4.7865688537147627E-4,5.756962466156659E-4,2.490963890493236E-4,0.0394732507689926,0.0014184874443330796,3.185376806754957E-4,0.0023412413045748506,8.968781554925093E-4,0.001410858824144302,0.0013356656091813722,0.0017663236352426842,0.001238174269292961,0.007522287232003812,6.280131643953298E-4,0.0011695491785000591,0.008392927340987863,0.003594572395039932,0.0014310606208195705,0.0010126449507847136,0.0012574115458181424,2.1658397055250526E-4,7.432894433187819E-4],[0.0015130920984485032,1.385628427285639E-4,0.001312570918067937,1.0,1.2418380091362648E-4,1.0746844913337896E-4,2.1440559162109062E-5,9.396802639273608E-5,1.1465700659645144E-4,2.2279938179831628E-5,5.427523843691191E-5,0.04615222337723287,2.3498706915008836E-4,7.610401678755214E-4,1.056047460996355E-5,2.3072053647887157E-5,0.0011265593874822688,0.008882118848957484,6.673644858573116E-5,0.0025894512503680904,1.2506015381711524E-4,3.5705054964718495E-4,5.9711875089101285E-5,0.024179482197283983,3.438375451089358E-5,3.492898615994543E-5,5.168433693010504E-5,0.001688846618715025,1.3699087318555845E-4,1.1674547736741233E-5,3.485627853023188E-5,0.04104003028139511,9.73873248555031E-5,2.975722467526272E-5,7.604883986609273E-5,3.456265562492869E-5,2.2346701323099294E-4,1.480276096906497E-5,0.0012689659617605188,1.7063111973471516E-5,0.013851965318020418,3.5858064299846326E-5,1.5005634468084894E-4,0.012692486960678801,0.01060126482923655,0.0013491956080788367,1.2722464646922993E-4,8.219820624794978E-4,1.2008966714297197E-5,1.1132124160787921E-5],[0.009044124851316806,4.4441345222932685E-4,0.0013523770715156579,1.2418380091362648E-4,1.0,8.136021203345042E-4,8.164246544667316E-4,9.614196029892518E-4,0.0013494037751146212,9.196872921936074E-4,2.453205900884367E-4,0.03337540314773938,9.075371170319849E-4,0.001195717511638221,0.0010550001723571628,5.123472613732068E-4,0.0011637877112251906,0.0073653916314749025,8.391962230376495E-4,0.003574146773497788,2.189073795902123E-4,0.001219667089883321,0.0010109403613118091,0.026818819821240784,0.001140219175492755,3.19053310221964E-4,3.390230047753206E-4,0.0012830428617558944,0.001138437900418713,5.314144548083426E-4,7.898347797613618E-4,0.023887483081804568,0.0010275048191819318,0.0012061468858548488,0.0015061021546359998,6.516848873432782E-4,0.0013651504083341845,5.202493791547912E-4,0.0020617219341717203,1.8494222662325814E-4,0.008706599848964155,0.0012015692939644472,0.0010812304519619588,0.012074796991134569,0.007815051901052951,0.0013696591164111096,8.203532303823136E-4,0.0011095690835964335,7.341145026834191E-4,8.180963995583449E-4],[0.008356078909522183,1.8525525385130044E-4,0.0011443790243124469,1.0746844913337896E-4,8.136021203345042E-4,1.0,5.0280787918115125E-5,1.2003981428337969E-4,0.0011719543141216174,5.29404627977661E-5,1.2690909430083637E-4,0.033521812684818963,6.616097523945906E-4,1.7548057358990593E-4,4.7341476794830024E-5,1.1412102959232573E-4,6.664202944672926E-4,0.010638439288794684,1.170178630200839E-4,0.0022968975916351866,1.3013567955762507E-4,1.530852655131601E-4,1.1504886288178462E-4,0.024998237335499694,9.396948060685029E-5,1.4370967191200908E-4,1.2162995384555577E-4,8.57498681157678E-4,1.208039926340223E-4,6.912119305707813E-5,1.016123709042698E-4,0.009817274165366943,1.155960841575534E-4,8.696955456499485E-5,6.495167201802295E-4,1.1459382353098113E-4,6.990488345504705E-4,1.1004697285720706E-4,4.162199955107444E-4,4.104876782269147E-5,4.308801354845496E-4,1.1996172266757948E-4,1.333493396614553E-4,0.007384808006088756,0.006878466008787366,6.635584398583012E-4,1.3298221454511816E-4,5.684226793070159E-4,1.0117254806457589E-4,7.595887545683869E-5],[0.003105757342283887,1.4570064282701874E-4,2.6228319736800235E-4,2.1440559162109062E-5,8.164246544667316E-4,5.0280787918115125E-5,1.0,3.7482506066407785E-5,1.204759333601982E-4,2.5459215083657036E-5,1.099103737614541E-4,0.010853378596455148,6.446450687317268E-4,6.842851235179383E-4,2.1631661047570212E-5,2.835981370378553E-5,0.0010360524786646428,0.01850478859817527,9.547501794666105E-5,0.002961874329018407,9.661773889820311E-5,2.2655059714861967E-4,8.597201844640839E-5,0.00942141137842066,2.8137563138631828E-5,2.52008473370819E-4,1.8259956651924068E-4,0.001474873436029704,1.4861511463290197E-4,2.0201665191084586E-5,3.000579093479075E-5,0.012621767795618298,9.029881843107176E-5,2.9220766442617023E-5,0.0010548182998486363,2.506850433076948E-5,4.14594061442218E-4,5.1501368686081814E-5,0.0036912714047507597,1.9497569479701094E-5,0.006738246632712538,1.282988546026544E-4,7.418655900905439E-5,0.007027679399284249,0.004260975696087974,3.581914441533303E-4,1.4825828707025972E-4,5.094731824817152E-4,2.440778312198205E-5,2.3114370795860263E-5],[0.008565257891984607,1.7063464468284012E-4,6.021211007330758E-4,9.396802639273608E-5,9.614196029892518E-4,1.2003981428337969E-4,3.7482506066407785E-5,1.0,1.832234401419423E-4,1.532035213915008E-4,1.714963506577507E-4,0.014503068013227264,1.6314379516204554E-4,9.302565650143131E-4,3.959327452547977E-5,1.34383631432234E-4,2.2598582562995275E-4,0.012292759084400565,1.5208538388226256E-4,0.0015765060259148027,1.5671029749964437E-4,2.717363967164833E-4,1.5288018719482568E-4,0.008831472309677504,5.047416546992234E-5,1.5948040961926227E-4,1.6131342591555153E-4,8.616769162057057E-4,2.231731789066092E-4,5.6880868603551773E-5,1.572616801608144E-4,0.05175042057053872,1.431986951424642E-4,1.1730246785278316E-4,7.967145633627428E-4,1.8888528069806778E-4,5.117878027991192E-4,1.5729197015204127E-4,0.002998856212011551,6.386347261084406E-5,0.011247092402389873,1.721002103517735E-4,1.554140476919454E-4,0.008375754404940167,0.005133237162444058,4.082240389178709E-4,1.704675035117211E-4,1.9786640416958898E-4,1.5696658909567665E-4,7.670760492630891E-5],[0.009377429715207287,0.0010935974287040284,0.0014499097217292938,1.1465700659645144E-4,0.0013494037751146212,0.0011719543141216174,1.204759333601982E-4,1.832234401419423E-4,1.0,4.058331041681978E-5,9.788566196979834E-4,0.018731082201422965,9.141340375442763E-4,0.0014933256879204918,8.638854197957194E-5,2.4599628742598986E-4,0.0011430097655355245,0.001773346046418794,5.444258022630604E-4,0.001563365449193393,7.262360050182925E-4,7.416782679512997E-4,9.865333138353418E-4,0.007399198236275025,0.0011317278754883738,8.188501420358084E-4,6.8466047416318E-4,0.0018669730338665483,0.001314868404237466,2.8832208424000726E-4,0.0015007369622318783,0.05007646559808425,5.615476901686073E-4,0.001188758969996298,0.0015217391565905706,0.0013117255470004078,0.001429565838019388,8.590676748803411E-4,0.001971802027572281,1.2885173200073683E-4,0.002647556523486299,5.09496627873178E-4,0.001279615887505173,0.01245086864456656,0.004052948997160197,0.001405497920510598,9.168837410274889E-4,0.001352932631078546,5.102668066788429E-4,0.0014759678700424054],[0.007534161469959233,1.414515232661424E-4,2.879792174171418E-5,2.2279938179831628E-5,9.196872921936074E-4,5.29404627977661E-5,2.5459215083657036E-5,1.532035213915008E-4,4.058331041681978E-5,1.0,3.063910046489203E-5,0.009867104698437294,1.5535258724104045E-4,7.792586234358508E-4,2.4986102411511398E-5,1.2495814970488162E-4,0.001130522478695555,0.012210320133011012,4.6853029715176405E-5,2.7580699927758453E-4,6.450006322241943E-5,5.2383713642108986E-5,4.212504322806241E-5,0.028998499239992256,3.7414743705157575E-5,7.72688659539727E-5,1.5400665827761025E-4,2.923389175902068E-4,1.1815326561750896E-4,2.51298399965668E-5,6.872561653229446E-5,0.05192155595692484,8.241378662228392E-5,2.8025298903131792E-5,0.001921235926244334,9.200753205042774E-5,0.0013724319967178577,3.912227089755618E-5,0.0020954226615100342,2.4958254879665785E-5,0.013535004877979253,1.1141942563159784E-4,7.808241381401965E-5,0.0043374132804355125,5.064327470352173E-4,2.4090293853504878E-4,1.0088062588479135E-4,3.512040462745723E-4,2.606973092399494E-5,2.234891077267944E-5],[0.0012334700303537139,1.8903390923635292E-4,6.579234213043416E-4,5.427523843691191E-5,2.453205900884367E-4,1.2690909430083637E-4,1.099103737614541E-4,1.714963506577507E-4,9.788566196979834E-4,3.063910046489203E-5,1.0,0.01985712814892879,7.179527580543452E-4,5.699695075174485E-4,4.311862236600806E-5,1.5251316035299256E-4,1.886603024314514E-4,0.021056532312185725,1.468142364665743E-4,0.0018747676462090507,1.609817400211385E-4,2.771050837077413E-4,1.2492019321199457E-4,0.01602136315363266,1.3475197933049987E-4,2.1424130487997567E-4,1.7377314376304325E-4,0.0011840562174147574,1.737539001376985E-4,8.912814778326129E-5,1.5221161652210358E-4,0.008383056832542177,1.3056555519706803E-4,9.567793608451056E-5,0.0016028667708392994,1.9800180226818087E-4,5.222185786194395E-4,1.7144754853547347E-4,6.743111349675609E-4,1.1486500934015202E-4,0.001621173306982518,1.7357933040051875E-4,1.512731945446549E-4,0.016391906603661178,0.009020413520518451,0.0013159108613985063,1.9292694498337476E-4,2.752484375846826E-4,1.4292753282483948E-4,1.1993296329917302E-4],[0.022046724155121898,0.03848976558535431,0.03597009077316803,0.04615222337723287,0.03337540314773938,0.033521812684818963,0.010853378596455148,0.014503068013227264,0.018731082201422965,0.009867104698437294,0.01985712814892879,1.0,0.057076982866636955,0.033427052022857784,0.047391319349860524,0.05481258081725704,0.057455668483823975,0.05448148778216645,0.04915406696265648,0.01509410321706583,0.012793785009945694,0.0010806996369365145,0.0144696608126997,0.03453694308366462,0.038702202290081,0.0408939944095231,0.02332740871943514,0.04593307834032682,0.02466669466995829,0.02993462705760468,0.029315071549668316,0.06241030307551071,0.01758434982645152,0.03012284427271484,0.020572629965125593,0.05881037179030332,0.05599320844097117,0.014050143439084329,0.04024878825546925,0.03567454412230155,0.03753924592416309,0.0023048426269336123,0.04192535462880585,0.061827226631374355,0.023481057037091874,0.012538018416595692,0.016490887690241415,0.061563110120811705,0.04368264759062678,0.05982541102765986],[0.00467632885937756,2.062650952682319E-4,0.0011066899084871424,2.3498706915008836E-4,9.075371170319849E-4,6.616097523945906E-4,6.446450687317268E-4,1.6314379516204554E-4,9.141340375442763E-4,1.5535258724104045E-4,7.179527580543452E-4,0.057076982866636955,1.0,9.52619233733631E-4,2.76516478802986E-4,5.163218271294148E-4,0.0010457718252599787,0.009832308707071122,3.3356112359227857E-4,0.0017266592283033777,6.332818857959761E-4,5.07987770697635E-4,5.3831545644245E-4,0.025573649937852876,3.5850220087817403E-4,3.156282142369251E-4,3.3879438575817606E-4,0.0017940846095322181,5.502365335102588E-4,3.573944740441515E-4,2.9390221584940846E-4,0.005044157037096729,4.590885269259652E-4,2.7926494027509215E-4,0.0014137947236703271,6.070667891005753E-4,9.201705831575649E-4,2.2859433679005286E-4,8.459802831425161E-4,4.2531247741019976E-4,0.002192561665865066,4.980685788108256E-4,1.8354815307357588E-4,0.012713581415516144,0.00608086271591473,0.0012546347913806235,4.22258456371614E-4,8.389377514717874E-4,6.217117307435862E-4,3.270905843621454E-4],[0.009360291026533667,0.0010178966273272601,0.0013991759527669763,7.610401678755214E-4,0.001195717511638221,1.7548057358990593E-4,6.842851235179383E-4,9.302565650143131E-4,0.0014933256879204918,7.792586234358508E-4,5.699695075174485E-4,0.033427052022857784,9.52619233733631E-4,1.0,1.2311678151887158E-4,4.997563695110465E-4,0.0010753424791156414,0.014191489327121817,1.2588976651142292E-4,0.003702660704659977,5.964616912041386E-4,7.697780811783608E-4,2.5038871574960405E-4,0.005089928507372426,9.21912332724178E-5,7.059516466010445E-4,7.353578095265733E-4,0.0019477699574435587,3.163047394533175E-4,4.4439922128102676E-4,8.686779364446531E-4,0.04774456639385187,2.200394304193047E-4,2.2709623123545546E-4,0.0013165363483819195,8.519687168618031E-4,0.0012432469974251504,8.470568809514262E-4,0.0015108047111050237,2.0233915455560713E-5,0.012517317951312707,9.728288221161803E-4,9.863810697555877E-4,0.005225178208898984,0.010883499203072319,0.001116572307333826,8.609908658344637E-4,0.0010432610756724492,9.419367501336495E-4,5.988158892285369E-4],[0.007794680185268889,1.8893607226100467E-4,8.117785957855578E-4,1.056047460996355E-5,0.0010550001723571628,4.7341476794830024E-5,2.1631661047570212E-5,3.959327452547977E-5,8.638854197957194E-5,2.4986102411511398E-5,4.311862236600806E-5,0.047391319349860524,2.76516478802986E-4,1.2311678151887158E-4,1.0,6.573944778609088E-5,0.0010630583940600651,0.009445378455531417,1.0590229183575926E-4,0.002216226515381452,8.344047727434694E-5,5.766812771204463E-5,2.6410432222769768E-5,0.029761154311506454,2.9124750701940187E-5,2.2484604507679343E-4,1.2606842146744814E-4,5.010889314653276E-4,2.4482722038366507E-4,1.805927526610065E-5,1.0061523762107023E-4,0.03536654506400477,7.283538788530622E-5,1.9195362637128932E-5,0.0024409951905453764,1.8440232200331612E-4,3.6352202895570233E-4,1.101095934350093E-4,4.0305176183011236E-5,1.7894435073516448E-5,0.006799727191971708,3.950668940379642E-5,1.8871207954948345E-5,9.632212429578699E-4,0.0031105568831463607,6.912423793512661E-4,1.337242960451638E-4,4.078533562665683E-4,1.83359743928827E-5,1.944397213664758E-5],[0.005348170507632698,1.466408499322772E-4,8.758630594316866E-4,2.3072053647887157E-5,5.123472613732068E-4,1.1412102959232573E-4,2.835981370378553E-5,1.34383631432234E-4,2.4599628742598986E-4,1.2495814970488162E-4,1.5251316035299256E-4,0.05481258081725704,5.163218271294148E-4,4.997563695110465E-4,6.573944778609088E-5,1.0,9.635579121366355E-4,0.017405908670574594,1.2343919236984294E-4,0.0012451743055877972,1.3489272825726508E-4,1.9917471422441078E-4,1.1963915953991733E-4,0.012396234001032104,6.834462983919333E-5,2.0634877148997485E-4,1.7643536417325656E-4,0.0012591236659476837,2.3310735822784477E-4,4.2873063201818576E-5,1.0994021870472335E-4,0.034602398901726165,1.2514514117335473E-4,1.0672633147068075E-4,0.0016161679992230049,1.4442197466127575E-4,4.6420304529349915E-4,1.4443814614878116E-4,2.273145444556274E-4,4.0568135085126565E-5,0.0051358225106412055,1.6142930293840186E-4,1.4469807201200093E-4,0.005014460606542737,0.007209197184383234,0.0010210213779833683,2.074876253781425E-4,7.083118557683027E-4,4.2499180214258326E-5,4.91882371906461E-5],[0.002819996878986464,4.879975365757843E-4,0.0013568518130683059,0.0011265593874822688,0.0011637877112251906,6.664202944672926E-4,0.0010360524786646428,2.2598582562995275E-4,0.0011430097655355245,0.001130522478695555,1.886603024314514E-4,0.057455668483823975,0.0010457718252599787,0.0010753424791156414,0.0010630583940600651,9.635579121366355E-4,1.0,0.0038842449169196845,7.96916171406725E-4,0.001817863857491578,3.0909613379921733E-4,5.311149482457462E-4,8.126254328354075E-4,0.02285158031337136,4.456513030169655E-4,3.521818044534809E-4,5.082707257784333E-4,0.002008725593946763,5.328230103025689E-4,2.9731664207243325E-4,1.2700948293416472E-4,0.033683870164349546,1.5315752231530641E-4,3.551705995872239E-4,0.0017297249331946556,2.802699971255355E-4,0.0012385999122553903,9.454450412087778E-4,0.00369485099315651,7.385424028332929E-4,0.009505124192515133,5.914075420152138E-4,0.0010480139941330354,0.004112019436479181,0.0020479941617593377,0.001271466318793645,7.517989012506898E-4,0.0011140109806307788,9.656781049117973E-4,2.6320841219461564E-4],[0.01639205932307067,0.011670475483998773,0.01720540043226641,0.008882118848957484,0.0073653916314749025,0.010638439288794684,0.01850478859817527,0.012292759084400565,0.001773346046418794,0.012210320133011012,0.021056532312185725,0.05448148778216645,0.009832308707071122,0.014191489327121817,0.009445378455531417,0.017405908670574594,0.0038842449169196845,1.0,0.009202721834156116,0.019330453190595596,0.005273182042896603,0.01618450161307998,0.0022833870078708,0.026674598984478222,0.0014057076791086384,0.015374809192093402,0.0219450208019069,0.009800037997503107,0.0011026595691626566,0.0025663940201599094,0.014659125636380832,0.03488354538163414,0.0015570083331656799,0.0087915980911996,0.013006919055160594,0.01870064004740458,0.012051078591406205,0.0034718236991633403,0.0077648274024438805,0.003459383361938041,0.017249869705346525,0.004971468040543639,0.0026931989380500044,0.017458756142601818,0.013362015833201414,0.013876217739058788,0.0029907254800006717,0.016910468680074744,0.0033639122660834094,0.018116098276171232],[0.0037336577667042383,1.2923564165580155E-4,0.0013317221356142859,6.673644858573116E-5,8.391962230376495E-4,1.170178630200839E-4,9.547501794666105E-5,1.5208538388226256E-4,5.444258022630604E-4,4.6853029715176405E-5,1.468142364665743E-4,0.04915406696265648,3.3356112359227857E-4,1.2588976651142292E-4,1.0590229183575926E-4,1.2343919236984294E-4,7.96916171406725E-4,0.009202721834156116,1.0,0.0024750568860572985,1.4044553518382247E-4,1.393488392564299E-4,1.1710565596510795E-4,0.02533857781344678,9.165820182154382E-5,1.6696861444369485E-4,1.8321824823336954E-4,8.440852540823798E-4,2.1091350930799868E-4,1.6344075910669682E-5,1.1516500034043666E-4,0.009518239094988227,1.1975386180734908E-4,7.643928491984743E-5,7.566958698343259E-4,1.7138118490212068E-4,4.920739702877419E-4,1.4368892347196795E-4,0.002322970992830512,5.214894848777537E-5,0.010726111895372004,1.2688447260218445E-4,1.1953089414396361E-4,0.014463045914649983,0.010065250804660256,6.245609104714234E-4,2.1990428067406183E-4,1.8329736365887563E-4,6.162743993903125E-5,4.543578035306942E-5],[0.009536241314064029,6.301041235282794E-4,0.0036036574454461857,0.0025894512503680904,0.003574146773497788,0.0022968975916351866,0.002961874329018407,0.0015765060259148027,0.001563365449193393,2.7580699927758453E-4,0.0018747676462090507,0.01509410321706583,0.0017266592283033777,0.003702660704659977,0.002216226515381452,0.0012451743055877972,0.001817863857491578,0.019330453190595596,0.0024750568860572985,1.0,0.0016121057566370793,0.0016452622232812687,3.6699728626726676E-4,0.027105369745479634,0.0019774223168137397,0.0012685344108225231,0.003843777907052002,0.003708137555640122,0.0018916673072086531,0.0022799793270069212,3.7404421729799375E-4,0.048007380177355286,0.002059302330538861,1.041738884756075E-4,0.0036852928295223212,0.0036682240126013274,0.003666902181869325,0.0026094863512851445,0.003911102040816773,0.002457593018233724,0.011180616197745116,1.819229023196881E-4,0.0035670360727093633,0.004657860241962452,0.010349714520588296,0.002792236805163356,0.0014714219220305917,0.002983135584314378,0.0010507381578846787,0.0036522053541732783],[0.005738194092740578,1.6134765417898125E-4,7.594357519951477E-4,1.2506015381711524E-4,2.189073795902123E-4,1.3013567955762507E-4,9.661773889820311E-5,1.5671029749964437E-4,7.262360050182925E-4,6.450006322241943E-5,1.609817400211385E-4,0.012793785009945694,6.332818857959761E-4,5.964616912041386E-4,8.344047727434694E-5,1.3489272825726508E-4,3.0909613379921733E-4,0.005273182042896603,1.4044553518382247E-4,0.0016121057566370793,1.0,2.934420380990274E-4,1.364317051509132E-4,0.019832713267053766,1.4780467757289584E-4,2.217260048580468E-4,1.852465708394055E-4,9.15278902671053E-4,1.863286179061505E-4,1.331292132501097E-4,1.242534248770346E-4,4.2285161495270336E-4,1.3451287344918387E-4,1.0110250272498327E-4,0.0013239208669302046,1.909168236317426E-4,5.395012951789441E-4,1.4971987593212277E-4,0.0026547647945658814,9.977324261516477E-5,0.008145567863678652,1.7009205330563993E-4,1.5057050969934105E-4,0.007482978545648395,4.964480052114075E-4,2.030810106478401E-4,2.0186626493817658E-4,9.370132499456203E-4,8.567127803256115E-5,3.637845374397134E-5],[0.0024869647113342536,3.4818339161755876E-4,6.112898575931925E-4,3.5705054964718495E-4,0.001219667089883321,1.530852655131601E-4,2.2655059714861967E-4,2.717363967164833E-4,7.416782679512997E-4,5.2383713642108986E-5,2.771050837077413E-4,0.0010806996369365145,5.07987770697635E-4,7.697780811783608E-4,5.766812771204463E-5,1.9917471422441078E-4,5.311149482457462E-4,0.01618450161307998,1.393488392564299E-4,0.0016452622232812687,2.934420380990274E-4,1.0,2.8790616020465726E-4,0.013429420500270644,3.6476243694714234E-4,3.057296663193384E-4,2.0937594530001451E-4,7.482129441064187E-4,3.309262190485427E-4,3.9585915386400775E-5,3.139921651310546E-4,0.00686206310005801,3.418614758711072E-4,1.473099363648894E-4,5.184037978454906E-4,2.511272194274468E-4,0.001299221590721756,3.1449558056841504E-4,0.0036820926383052633,3.655720890428812E-4,0.0012874204408254077,3.0875142747750127E-4,2.4368075678078357E-4,0.00133197551090271,0.010975877383395163,3.7379074560673384E-4,2.6731166121529346E-4,7.80304147335351E-4,2.7383524707661383E-4,1.5877171039832698E-4],[0.001996302846350438,1.6760852641554822E-4,2.1972194453250606E-4,5.9711875089101285E-5,0.0010109403613118091,1.1504886288178462E-4,8.597201844640839E-5,1.5288018719482568E-4,9.865333138353418E-4,4.212504322806241E-5,1.2492019321199457E-4,0.0144696608126997,5.3831545644245E-4,2.5038871574960405E-4,2.6410432222769768E-5,1.1963915953991733E-4,8.126254328354075E-4,0.0022833870078708,1.1710565596510795E-4,3.6699728626726676E-4,1.364317051509132E-4,2.8790616020465726E-4,1.0,0.028163091866204217,1.0659966436956744E-4,2.130391482858584E-4,1.28986585554935E-4,5.874326010019381E-4,1.561578384675579E-4,7.200646193773882E-5,1.0513815037461125E-4,0.04262894463000618,1.1657883432421754E-4,4.369217515001388E-5,0.001526504263549975,1.7668400797101196E-4,9.008804156599021E-4,1.396553760822992E-4,0.003095055223553708,5.397053048608116E-5,0.0019643450619975175,1.3005811228458702E-4,1.3637947481268226E-4,0.006147928605473043,0.00611495016308822,7.483425956786007E-4,1.8986232124600878E-4,6.431810048140634E-4,5.8139704909779114E-5,3.0255738924843074E-5],[0.01930838360868631,0.012782678366565672,0.022470490559059232,0.024179482197283983,0.026818819821240784,0.024998237335499694,0.00942141137842066,0.008831472309677504,0.007399198236275025,0.028998499239992256,0.01602136315363266,0.03453694308366462,0.025573649937852876,0.005089928507372426,0.029761154311506454,0.012396234001032104,0.02285158031337136,0.026674598984478222,0.02533857781344678,0.027105369745479634,0.019832713267053766,0.013429420500270644,0.028163091866204217,1.0,0.03157466408237214,0.021133704022502725,2.1881934424883954E-4,0.010488268920951832,0.015312772293477708,0.003062155402422022,0.014748197149436862,0.04463533307639315,0.01826360146740054,0.026563881754942342,0.00942600539333215,0.01582318580154692,0.024016319470717085,0.00516369694657692,0.014772622248534643,0.0016649342572398734,0.030216753968617144,0.018005943072838777,0.014430865870913724,0.027229544470467437,0.014785594937140647,0.016903107130830198,0.02773828819782002,0.02408938018099308,0.012449531501577207,0.012470592607474745],[0.0033880745677868974,5.107808168049222E-5,1.668622947334181E-4,3.438375451089358E-5,0.001140219175492755,9.396948060685029E-5,2.8137563138631828E-5,5.047416546992234E-5,0.0011317278754883738,3.7414743705157575E-5,1.3475197933049987E-4,0.038702202290081,3.5850220087817403E-4,9.21912332724178E-5,2.9124750701940187E-5,6.834462983919333E-5,4.456513030169655E-4,0.0014057076791086384,9.165820182154382E-5,0.0019774223168137397,1.4780467757289584E-4,3.6476243694714234E-4,1.0659966436956744E-4,0.03157466408237214,1.0,1.5248498332220056E-4,1.5334418712659886E-4,0.0020007895961520967,2.540663870855703E-4,3.053997766965788E-5,5.016316368177145E-5,0.043966325283001234,4.650689814006863E-5,3.07066121545109E-5,0.0011780221436439458,7.08272752783859E-5,4.880706356016995E-4,1.05356157725228E-4,0.003620375485681424,2.615783292333166E-5,0.009600810639049771,1.0699861224142297E-4,1.4379158584369226E-4,0.005738512644565574,0.002637951952136807,8.322801946895601E-4,2.0144277542074216E-4,9.280163880300147E-4,3.25102704090015E-5,3.4617746738955E-5],[0.007557716224130685,2.0499229394861616E-4,0.00111604540639675,3.492898615994543E-5,3.19053310221964E-4,1.4370967191200908E-4,2.52008473370819E-4,1.5948040961926227E-4,8.188501420358084E-4,7.72688659539727E-5,2.1424130487997567E-4,0.0408939944095231,3.156282142369251E-4,7.059516466010445E-4,2.2484604507679343E-4,2.0634877148997485E-4,3.521818044534809E-4,0.015374809192093402,1.6696861444369485E-4,0.0012685344108225231,2.217260048580468E-4,3.057296663193384E-4,2.130391482858584E-4,0.021133704022502725,1.5248498332220056E-4,1.0,2.4326298868238884E-4,6.904565912110212E-4,2.6900146366067474E-4,4.0888941864144415E-5,1.844590828183083E-4,0.049173654715521986,1.8012034748595532E-4,2.258936513230916E-4,0.0021774886256763436,2.3498411239213077E-4,3.932094879238077E-4,2.2685735201539986E-4,0.001315385167545429,1.8804779977014683E-4,0.0019106641683870275,2.2378593264514587E-4,2.281411935153664E-4,0.0062541994172230185,0.007646502036544253,4.528246883397309E-4,2.572769913207142E-4,4.5361106359038093E-4,1.3105129596944714E-4,1.3701049492998547E-4],[0.001967211407866627,1.9105831002818807E-4,3.5500412917886196E-4,5.168433693010504E-5,3.390230047753206E-4,1.2162995384555577E-4,1.8259956651924068E-4,1.6131342591555153E-4,6.8466047416318E-4,1.5400665827761025E-4,1.7377314376304325E-4,0.02332740871943514,3.3879438575817606E-4,7.353578095265733E-4,1.2606842146744814E-4,1.7643536417325656E-4,5.082707257784333E-4,0.0219450208019069,1.8321824823336954E-4,0.003843777907052002,1.852465708394055E-4,2.0937594530001451E-4,1.28986585554935E-4,2.1881934424883954E-4,1.5334418712659886E-4,2.4326298868238884E-4,1.0,0.0010593129428357686,1.9879287127200042E-4,1.5025673530905557E-4,1.7171765830678798E-4,0.027284839582936326,1.55059972731159E-4,8.596696488506423E-5,7.410597152906443E-4,2.0895118805961744E-4,5.398254619458821E-4,1.529478017844932E-4,0.0011568173183862111,1.4123380804836096E-4,0.014503566193961273,1.8334717055193923E-4,1.820432825628128E-4,0.010774343907061494,0.009698657297230108,7.05657496745685E-4,2.2572676465509205E-4,0.001053258535379727,9.272302851866939E-5,1.7448084827606216E-4],[0.004734782546830346,4.216588952429145E-4,0.0021373128573336938,0.001688846618715025,0.0012830428617558944,8.57498681157678E-4,0.001474873436029704,8.616769162057057E-4,0.0018669730338665483,2.923389175902068E-4,0.0011840562174147574,0.04593307834032682,0.0017940846095322181,0.0019477699574435587,5.010889314653276E-4,0.0012591236659476837,0.002008725593946763,0.009800037997503107,8.440852540823798E-4,0.003708137555640122,9.15278902671053E-4,7.482129441064187E-4,5.874326010019381E-4,0.010488268920951832,0.0020007895961520967,6.904565912110212E-4,0.0010593129428357686,1.0,0.001094116931694341,0.002052032883819305,0.0012142246767863378,0.029979523371583584,7.28471283144251E-4,0.0012138028922003348,0.0023161932152710256,9.062477695555629E-4,0.0019231750469004619,4.342905793688485E-4,0.003662596365369589,0.0015015574022483908,0.0057844439393034365,0.0013059965915643923,2.176802130452571E-4,0.006563954951402207,0.009223531161134004,0.0018540654556984618,4.194554412899973E-4,0.001242184148630393,5.024192784247156E-4,0.0017668441615112246],[0.004515477609133756,2.5275946619996434E-4,4.7865688537147627E-4,1.3699087318555845E-4,0.001138437900418713,1.208039926340223E-4,1.4861511463290197E-4,2.231731789066092E-4,0.001314868404237466,1.1815326561750896E-4,1.737539001376985E-4,0.02466669466995829,5.502365335102588E-4,3.163047394533175E-4,2.4482722038366507E-4,2.3310735822784477E-4,5.328230103025689E-4,0.0011026595691626566,2.1091350930799868E-4,0.0018916673072086531,1.863286179061505E-4,3.309262190485427E-4,1.561578384675579E-4,0.015312772293477708,2.540663870855703E-4,2.6900146366067474E-4,1.9879287127200042E-4,0.001094116931694341,1.0,1.358881739056236E-4,2.378858553019071E-4,0.02301025282410511,1.7982962365802556E-4,5.635387684861755E-5,0.0017701367554950973,2.2691739077654755E-4,2.9180584541538566E-4,1.5550356148829304E-4,0.0037834759326927075,6.782730976300183E-5,0.01251647639350067,2.606350632731126E-4,1.9379122935803467E-4,0.0050392537715744125,8.625493107389506E-4,6.791742187466118E-4,2.4297741827617578E-4,9.9952211151561E-4,1.0332697006177249E-4,1.888836030385754E-4],[0.005712660322478468,1.074939291405819E-4,5.756962466156659E-4,1.1674547736741233E-5,5.314144548083426E-4,6.912119305707813E-5,2.0201665191084586E-5,5.6880868603551773E-5,2.8832208424000726E-4,2.51298399965668E-5,8.912814778326129E-5,0.02993462705760468,3.573944740441515E-4,4.4439922128102676E-4,1.805927526610065E-5,4.2873063201818576E-5,2.9731664207243325E-4,0.0025663940201599094,1.6344075910669682E-5,0.0022799793270069212,1.331292132501097E-4,3.9585915386400775E-5,7.200646193773882E-5,0.003062155402422022,3.053997766965788E-5,4.0888941864144415E-5,1.5025673530905557E-4,0.002052032883819305,1.358881739056236E-4,1.0,6.494036578758564E-5,0.014078538306744014,1.0359287211450746E-4,1.601923131379425E-5,0.0017237455713460838,1.6612198683056434E-4,0.001022233536282179,1.288767289667634E-4,9.907980629206092E-4,1.5250507035142214E-5,0.00524512334445474,6.573831978712796E-5,1.228516115896835E-4,0.010874726470830228,0.004092073971605522,2.785940343025766E-4,1.9626945055903577E-4,5.55226917488025E-4,2.3555241672335465E-5,1.5485128870809408E-5],[0.006246230235485348,1.0655636799417117E-4,2.490963890493236E-4,3.485627853023188E-5,7.898347797613618E-4,1.016123709042698E-4,3.000579093479075E-5,1.572616801608144E-4,0.0015007369622318783,6.872561653229446E-5,1.5221161652210358E-4,0.029315071549668316,2.9390221584940846E-4,8.686779364446531E-4,1.0061523762107023E-4,1.0994021870472335E-4,1.2700948293416472E-4,0.014659125636380832,1.1516500034043666E-4,3.7404421729799375E-4,1.242534248770346E-4,3.139921651310546E-4,1.0513815037461125E-4,0.014748197149436862,5.016316368177145E-5,1.844590828183083E-4,1.7171765830678798E-4,0.0012142246767863378,2.378858553019071E-4,6.494036578758564E-5,1.0,0.040798149914375796,1.1840196736608044E-4,5.984485124649398E-5,0.0014642292399115707,1.377308537734934E-4,7.798115999881577E-4,1.3049966413969312E-4,0.0028948500278117863,4.2283665745865786E-5,0.002032110439329261,1.1541706784618194E-4,1.2707844510892962E-4,0.012919165577145737,0.0012725041971904604,0.0011680401564314736,1.5618602892226844E-4,9.755585429347484E-4,3.065756245800053E-5,7.628468741029387E-5],[0.03888871403001245,0.04076706854336564,0.0394732507689926,0.04104003028139511,0.023887483081804568,0.009817274165366943,0.012621767795618298,0.05175042057053872,0.05007646559808425,0.05192155595692484,0.008383056832542177,0.06241030307551071,0.005044157037096729,0.04774456639385187,0.03536654506400477,0.034602398901726165,0.033683870164349546,0.03488354538163414,0.009518239094988227,0.048007380177355286,4.2285161495270336E-4,0.00686206310005801,0.04262894463000618,0.04463533307639315,0.043966325283001234,0.049173654715521986,0.027284839582936326,0.029979523371583584,0.02301025282410511,0.014078538306744014,0.040798149914375796,1.0,0.036875195788831604,0.025161695312849456,0.03912551347943881,0.021470338594096562,0.034215468394821945,0.033581772991323276,0.03726797496087288,0.03798062367760144,0.03533100357717319,0.0033736101357802954,0.003793666912623799,0.048375107954911206,0.021755511447199796,0.04397253671824455,0.003046688385704188,0.008981703561173253,0.003907231844225103,0.028887685050612327],[0.0031652395544554883,1.6300835744743636E-4,0.0014184874443330796,9.73873248555031E-5,0.0010275048191819318,1.155960841575534E-4,9.029881843107176E-5,1.431986951424642E-4,5.615476901686073E-4,8.241378662228392E-5,1.3056555519706803E-4,0.01758434982645152,4.590885269259652E-4,2.200394304193047E-4,7.283538788530622E-5,1.2514514117335473E-4,1.5315752231530641E-4,0.0015570083331656799,1.1975386180734908E-4,0.002059302330538861,1.3451287344918387E-4,3.418614758711072E-4,1.1657883432421754E-4,0.01826360146740054,4.650689814006863E-5,1.8012034748595532E-4,1.55059972731159E-4,7.28471283144251E-4,1.7982962365802556E-4,1.0359287211450746E-4,1.1840196736608044E-4,0.036875195788831604,1.0,1.0308917973780584E-4,0.001783311663922051,1.773627675058197E-4,0.001378902727069014,1.3510135614139697E-4,0.0034111820027013014,9.769904571581018E-5,0.007210263075020376,1.6214768777671654E-4,1.3434398574132996E-4,0.01223251104036838,0.0056335590528688645,4.217785660156001E-4,2.3773105578456114E-4,3.9060453095226535E-4,1.0999616407344811E-4,6.825402612648993E-5],[8.778786016082256E-4,1.6347030610395222E-4,3.185376806754957E-4,2.975722467526272E-5,0.0012061468858548488,8.696955456499485E-5,2.9220766442617023E-5,1.1730246785278316E-4,0.001188758969996298,2.8025298903131792E-5,9.567793608451056E-5,0.03012284427271484,2.7926494027509215E-4,2.2709623123545546E-4,1.9195362637128932E-5,1.0672633147068075E-4,3.551705995872239E-4,0.0087915980911996,7.643928491984743E-5,1.041738884756075E-4,1.0110250272498327E-4,1.473099363648894E-4,4.369217515001388E-5,0.026563881754942342,3.07066121545109E-5,2.258936513230916E-4,8.596696488506423E-5,0.0012138028922003348,5.635387684861755E-5,1.601923131379425E-5,5.984485124649398E-5,0.025161695312849456,1.0308917973780584E-4,1.0,0.0010921337681025674,1.623949344427471E-4,0.0011681286628446716,6.226361873612581E-5,0.0025758120303780796,1.8034647939454898E-5,0.0025794204599766763,7.91187937963505E-5,3.699526318977108E-5,0.008424124016609705,0.0018971279921119577,0.001021703950906273,9.913781030178004E-5,1.7770297900944232E-4,2.6971514367010315E-5,2.7822579628240715E-5],[0.003974049526064223,3.971893182364864E-4,0.0023412413045748506,7.604883986609273E-5,0.0015061021546359998,6.495167201802295E-4,0.0010548182998486363,7.967145633627428E-4,0.0015217391565905706,0.001921235926244334,0.0016028667708392994,0.020572629965125593,0.0014137947236703271,0.0013165363483819195,0.0024409951905453764,0.0016161679992230049,0.0017297249331946556,0.013006919055160594,7.566958698343259E-4,0.0036852928295223212,0.0013239208669302046,5.184037978454906E-4,0.001526504263549975,0.00942600539333215,0.0011780221436439458,0.0021774886256763436,7.410597152906443E-4,0.0023161932152710256,0.0017701367554950973,0.0017237455713460838,0.0014642292399115707,0.03912551347943881,0.001783311663922051,0.0010921337681025674,1.0,9.041987450524933E-4,0.001783134310481243,0.0016812725702975754,0.003605587146386079,0.002044125857822608,0.003985470184804673,2.578763209533513E-4,0.0018849803622365913,0.010007035567838189,0.009547062293980852,0.0022822136395923313,0.001785971169379624,0.0017905089582901266,0.0015806823189858155,1.2537830269646597E-4],[0.008560664960741362,1.983243910930627E-4,8.968781554925093E-4,3.456265562492869E-5,6.516848873432782E-4,1.1459382353098113E-4,2.506850433076948E-5,1.8888528069806778E-4,0.0013117255470004078,9.200753205042774E-5,1.9800180226818087E-4,0.05881037179030332,6.070667891005753E-4,8.519687168618031E-4,1.8440232200331612E-4,1.4442197466127575E-4,2.802699971255355E-4,0.01870064004740458,1.7138118490212068E-4,0.0036682240126013274,1.909168236317426E-4,2.511272194274468E-4,1.7668400797101196E-4,0.01582318580154692,7.08272752783859E-5,2.3498411239213077E-4,2.0895118805961744E-4,9.062477695555629E-4,2.2691739077654755E-4,1.6612198683056434E-4,1.377308537734934E-4,0.021470338594096562,1.773627675058197E-4,1.623949344427471E-4,9.041987450524933E-4,1.0,6.554498770293177E-4,2.041826601471871E-4,0.0018309806638334369,1.88487373669864E-4,0.011000962407588995,2.1086394514564484E-4,1.9703692174998216E-4,0.01530087824042771,0.009363414528436632,0.0013876471874417293,2.1988506386627047E-4,8.956297326190657E-4,4.416696278719082E-5,1.9974505996890718E-4],[0.007297529859610235,4.227551993531133E-4,0.001410858824144302,2.2346701323099294E-4,0.0013651504083341845,6.990488345504705E-4,4.14594061442218E-4,5.117878027991192E-4,0.001429565838019388,0.0013724319967178577,5.222185786194395E-4,0.05599320844097117,9.201705831575649E-4,0.0012432469974251504,3.6352202895570233E-4,4.6420304529349915E-4,0.0012385999122553903,0.012051078591406205,4.920739702877419E-4,0.003666902181869325,5.395012951789441E-4,0.001299221590721756,9.008804156599021E-4,0.024016319470717085,4.880706356016995E-4,3.932094879238077E-4,5.398254619458821E-4,0.0019231750469004619,2.9180584541538566E-4,0.001022233536282179,7.798115999881577E-4,0.034215468394821945,0.001378902727069014,0.0011681286628446716,0.001783134310481243,6.554498770293177E-4,1.0,9.712751497637953E-4,0.001870730567762888,0.0010463677676265236,0.002344024732852914,0.001230060767289788,7.487670015855619E-4,0.015665998578800036,0.0020469646812691176,0.0013870037675658682,0.001297636993598463,0.001382327270276818,3.096323783432212E-4,0.0010625098832471888],[0.008768026440806494,1.5739854616725593E-4,0.0013356656091813722,1.480276096906497E-5,5.202493791547912E-4,1.1004697285720706E-4,5.1501368686081814E-5,1.5729197015204127E-4,8.590676748803411E-4,3.912227089755618E-5,1.7144754853547347E-4,0.014050143439084329,2.2859433679005286E-4,8.470568809514262E-4,1.101095934350093E-4,1.4443814614878116E-4,9.454450412087778E-4,0.0034718236991633403,1.4368892347196795E-4,0.0026094863512851445,1.4971987593212277E-4,3.1449558056841504E-4,1.396553760822992E-4,0.00516369694657692,1.05356157725228E-4,2.2685735201539986E-4,1.529478017844932E-4,4.342905793688485E-4,1.5550356148829304E-4,1.288767289667634E-4,1.3049966413969312E-4,0.033581772991323276,1.3510135614139697E-4,6.226361873612581E-5,0.0016812725702975754,2.041826601471871E-4,9.712751497637953E-4,1.0,0.0019140191570011392,7.580454906635042E-5,0.015289961733554186,1.582251990143362E-4,1.5003543517745058E-4,0.014908134537537575,0.003147756115218762,5.60362132198147E-4,2.2851533669159734E-4,9.534851265641578E-4,4.0811773082976134E-5,3.216344008299591E-5],[0.004445814634333333,4.3891563291033624E-4,0.0017663236352426842,0.0012689659617605188,0.0020617219341717203,4.162199955107444E-4,0.0036912714047507597,0.00299885621201