[[1.0,0.0020807754460830602,2.527851747108305E-4,2.2257116036962334E-4,2.906197411086988E-4,2.7921104597190355E-4,5.434243615741469E-4,1.4103343460324504E-4,3.605543617778843E-4,6.225594513477712E-4,0.009548752904811938,8.329351970676429E-4,0.0011693587111097138,4.48524326566688E-4,8.365914283354401E-4,2.4361131952080301E-4,4.7194907760086485E-4,2.1138026545967716E-4,2.577314042509135E-4,0.00375479442963108,2.1493867754594152E-4,7.764482411015804E-4,6.395723086542388E-4,0.014661782954023029,3.3504405288715136E-4,4.2012212470489204E-5,2.8251256054084866E-4,0.001120813107189754,0.006277702149652107,0.008024666207028332,0.007858165548056864,2.3928170330472012E-5,2.136874791579078E-4,2.90115848489131E-4,7.588884925442897E-4,1.5991004941816146E-4,0.002243333652003513,2.128493645916325E-4,3.033661415157348E-5,2.6758310253087534E-4,1.6715154835508303E-4,2.747529064860802E-4,2.0988410647743995E-4,9.81769240341214E-4],[0.0020807754460830602,1.0,3.0018373099825117E-4,0.003804901763355917,0.001161063144579095,0.002582598339474029,0.0018056270932982686,0.0019460573461138342,9.622657927758598E-4,0.0041140186985903025,0.008087426216836578,0.004130916155718955,0.004832440793629175,0.004712132942163862,0.008518274463540781,0.002566779068312404,0.002542373775277447,0.0015663820645140936,0.004141214586176752,0.005271539533538894,0.004487551846361092,0.00220420573875644,0.0023841007915454977,0.0177836151022023,0.003233510337972114,0.002890376706708317,0.004741573678776441,0.0026429846106933485,0.009118534245378361,0.009335964565301065,0.008122376907508227,0.003705491285055513,0.002267019307487204,0.0018255903238286694,0.005129505457286358,0.004372251618434141,0.005091666103356742,0.0029299252633926,2.01095828344992E-4,0.0029073840206526973,0.0033012575036830893,0.003911525613280027,4.163278096027999E-4,0.0022123618968707126],[2.527851747108305E-4,3.0018373099825117E-4,1.0,1.2266290403864432E-4,9.025064979144091E-5,1.1457168235498939E-5,5.093580384431163E-4,1.3518610774098085E-5,8.796352391511713E-4,1.311393751422438E-4,5.06364999519742E-4,5.304235378027593E-4,5.731913391954602E-4,0.00133434984449057,0.01144734845256362,1.1732140482903292E-4,0.0010198853819095043,8.48041334527183E-5,1.222627446970375E-5,0.003908538625027151,4.6270897395496606E-5,4.639717090790479E-4,0.0010285598858081199,0.020040500084929053,2.7240893935980703E-4,1.3971280712447454E-5,5.167610470923049E-5,6.676153415326019E-4,0.010194355340534304,0.00844642191469926,0.005732539620049691,1.0765716129766687E-5,6.784714592418875E-5,3.4476166110974216E-4,0.0019309296641382004,3.049367375011695E-5,0.002735409866821135,1.3946600321748133E-5,1.435559178681423E-5,1.5177184092150618E-4,1.1508608628595787E-5,1.5179700981911775E-5,9.315606056629257E-5,8.255563225247595E-4],[2.2257116036962334E-4,0.003804901763355917,1.2266290403864432E-4,1.0,2.0005688278529479E-4,3.8001149719161315E-5,2.4296201470730584E-4,7.439090026106255E-5,2.2579208614895705E-4,7.140953884469052E-4,0.0075472861452545266,3.6847329376446297E-4,0.0035784625633745247,3.8418511289951254E-4,0.007952667250810378,1.4606828320528508E-4,0.0010215820732985715,1.5772412125621612E-4,4.2864355250642456E-5,0.0014511669552998581,1.2499887554922467E-4,9.246175938179062E-4,9.965691650310087E-4,0.013427179626525738,2.514199196364907E-4,8.819326061462684E-5,1.5233950450305409E-4,1.9930694777480512E-4,0.01936508780457014,0.005050463288621409,0.002685151122040184,1.2330879725280989E-5,1.535464313009778E-4,3.8487608197729944E-4,0.0014949259459119677,8.342162723024277E-5,0.0028650533154348304,1.0990500070828827E-4,1.2825078754497812E-4,1.592678221069746E-4,1.4838294493873207E-4,1.556661438922849E-4,1.831799500703503E-4,0.0010896592131943957],[2.906197411086988E-4,0.001161063144579095,9.025064979144091E-5,2.0005688278529479E-4,1.0,5.170891298515136E-5,6.128614338328381E-4,1.6099752734904412E-4,6.533782719401928E-4,0.0010016765058026473,0.0026263227537381313,9.283695000254908E-4,0.0038076404014488687,9.716925006828542E-4,0.011377585049155613,5.03550257076783E-4,5.578633031055991E-4,3.684458003518894E-4,3.630298812695452E-4,0.0025152758681034454,3.2535617109139984E-4,9.254693589295099E-4,6.487056615530584E-4,0.01698391058040312,4.744432583692069E-4,2.532686703417339E-4,4.4814727088617366E-4,0.002238663301971679,0.008275868082588655,0.011908979664796182,7.751198863837783E-4,4.202270791231189E-4,3.912332618485534E-4,4.7288990235467345E-4,0.001440507005864437,4.1453769539656664E-4,0.0027240515658705773,4.976830501521281E-4,4.1527165978318364E-4,2.786821528976988E-4,3.62522454492414E-4,3.572020321145782E-4,2.2325841398435772E-4,7.271420067954061E-4],[2.7921104597190355E-4,0.002582598339474029,1.1457168235498939E-5,3.8001149719161315E-5,5.170891298515136E-5,1.0,1.7265339191115033E-4,1.1793453137713843E-5,6.303352336673798E-4,0.0012764635830368439,0.0050863899031773595,1.2831256079800325E-4,0.0028173710102472535,0.001091258889578125,0.009989534814976523,1.8680065845953704E-5,7.706250395818303E-4,1.0811399316066527E-4,1.2002965903767593E-5,0.001512048043947614,4.545353466178858E-5,3.930427735934471E-4,5.464691212754639E-4,0.017951119084300374,4.020614280972621E-4,1.3214063664298157E-5,1.0478227823086536E-4,8.111150321932862E-4,9.8188590820472E-4,0.0016898647516281472,0.0016121244986618062,1.1258787833685052E-5,9.156323472481087E-5,2.7889351101885066E-4,0.0010174291702124583,2.8382076096978745E-5,0.002378677280680181,1.7799378306111064E-5,2.1116489797698215E-5,1.82271887220789E-4,1.1198010726955579E-5,2.3838440388096403E-5,3.190068247173736E-5,1.5350808518422914E-4],[5.434243615741469E-4,0.0018056270932982686,5.093580384431163E-4,2.4296201470730584E-4,6.128614338328381E-4,1.7265339191115033E-4,1.0,1.1678070666689182E-4,7.597292306927363E-4,0.0011814203959843012,0.0019008812560322664,7.429814669619017E-4,0.002911703084441288,0.0011445343937863898,0.0043782891018942964,4.438626181819542E-4,9.118176715609252E-4,3.8743074585519555E-4,2.7913318520368495E-4,0.001052380799231312,2.21193817696417E-4,0.001202093221964872,0.0010766809566188761,0.016961946152764796,6.008770785604126E-4,2.784763570487115E-5,5.284469430969932E-4,0.002280189385219627,0.015035868599507713,0.018082825076708994,0.009092940872825347,4.046396785943266E-4,1.7683873247033465E-4,5.444987560739907E-4,0.002513859139935127,6.234885687364829E-4,7.857063236354201E-4,9.508112938381172E-5,6.751303506675845E-5,3.7618642448199456E-4,3.8983058032243965E-4,4.4123286175849297E-4,5.841621614956358E-4,6.549725829247303E-4],[1.4103343460324504E-4,0.0019460573461138342,1.3518610774098085E-5,7.439090026106255E-5,1.6099752734904412E-4,1.1793453137713843E-5,1.1678070666689182E-4,1.0,9.84616937300541E-5,7.114811498482341E-4,0.005707798872032499,5.269628272726647E-4,0.001397340639560619,7.939301926233196E-4,0.0030626003100430554,9.050177647181734E-5,4.111397228726781E-4,1.1659526961023467E-4,1.2478357155147953E-5,0.001649084264938237,1.0264090247949799E-4,5.715615801285983E-4,7.15831781943889E-4,0.003090181881330796,2.4414662650976387E-4,1.3626826886711187E-5,1.1076472125769499E-4,0.002369569214902924,0.019282798228818544,0.015854709919259944,0.0023632268439719105,1.2322548387080076E-5,1.525316765807322E-4,2.8137242461871584E-4,0.0023599372076030718,2.8715049895293543E-5,0.004187173898656183,1.7217944787120976E-5,1.827578470661696E-5,1.8895105840861142E-4,1.2247528543997084E-5,1.0245182542066366E-4,1.55780283484508E-4,9.431298598553991E-4],[3.605543617778843E-4,9.622657927758598E-4,8.796352391511713E-4,2.2579208614895705E-4,6.533782719401928E-4,6.303352336673798E-4,7.597292306927363E-4,9.84616937300541E-5,1.0,0.0010954964307765282,0.006056983023502769,0.001018293740997849,0.002064171643295522,9.313680361073389E-4,0.0011800758911681265,2.7959191136595697E-4,0.0011342030761817582,5.640917462632051E-4,3.0521607940647215E-4,0.002986949138476101,5.837834310043421E-4,9.846987502624808E-4,0.00107053926803134,0.008611599334632843,4.661438436010272E-4,6.642835423038062E-4,4.780413168096918E-4,0.0014333943056244474,0.011404450978402775,0.013574171701144335,0.007810822115935879,7.906810332269949E-4,3.5253802898469453E-4,7.914858289902266E-4,0.0018860994592892687,4.709321444866927E-5,0.004549125135691683,3.199890171139662E-4,4.813360622646006E-4,3.6491992743012045E-4,5.358269433103504E-4,5.879085672412291E-4,2.216818942354197E-4,0.0010750736106230057],[6.225594513477712E-4,0.0041140186985903025,1.311393751422438E-4,7.140953884469052E-4,0.0010016765058026473,0.0012764635830368439,0.0011814203959843012,7.114811498482341E-4,0.0010954964307765282,1.0,0.0017030144977552716,0.001239392827582799,0.0033542661841826126,0.001483449918512267,0.00932519444654133,1.9393170480986753E-4,0.0014018484465187545,7.732811999356669E-4,0.0012679773416668107,0.0038468974126927825,5.307193271899612E-4,0.0015070110849018101,0.0010944013026406762,0.009164610651792571,9.911038697585346E-4,2.082135017718483E-4,5.558350922318866E-4,0.002093160644258019,0.011604203716766116,0.013769474370791377,0.002074282364008264,0.0012110749252289066,0.0013304760332805443,8.448652974462013E-4,0.001872514298412163,0.0011598374031303502,0.0025766383247150483,9.237505163560124E-4,3.256416637899403E-5,5.090672738192264E-4,3.9953380254986585E-4,2.906561561605393E-4,4.041048165067721E-4,0.0014307146415053244],[0.009548752904811938,0.008087426216836578,5.06364999519742E-4,0.0075472861452545266,0.0026263227537381313,0.0050863899031773595,0.0019008812560322664,0.005707798872032499,0.006056983023502769,0.0017030144977552716,1.0,0.009884321580567554,0.005518281260511944,0.0037653811687442086,0.011409968270331312,0.0026463330823095947,0.0022581328942637173,0.004232123661083467,0.0053953500617687465,0.011343530768134541,0.002050766853630367,0.00743237143814014,0.0034644057778489886,0.018470923658652737,0.0038602428477014904,0.011315061143917624,0.01122904158479442,0.005277869577510535,0.01583000711784108,0.014359303727335685,0.010345367866340077,0.005347560148586849,0.00985541397893695,0.00858062261689473,0.008094160200179567,0.0112006893876463,0.005968174685975752,7.920531860696682E-4,0.0012192763212441513,0.00644816298278111,0.006195124158789363,0.0036547456834960775,0.003970789812407594,0.008633136547081309],[8.329351970676429E-4,0.004130916155718955,5.304235378027593E-4,3.6847329376446297E-4,9.283695000254908E-4,1.2831256079800325E-4,7.429814669619017E-4,5.269628272726647E-4,0.001018293740997849,0.001239392827582799,0.009884321580567554,1.0,0.004079858310065739,0.001312008007050186,0.004469066100639095,6.439280268348794E-4,0.0011360700647556645,5.480923670009277E-4,3.903120316151457E-4,0.0012153644472372412,1.9729680399321127E-4,0.0015480860495940773,0.001094242501268161,0.004681815089318211,9.152083651890362E-4,9.091724266082937E-4,6.624144258419622E-4,0.0012076924204413707,0.020392685028950502,0.00699715029642017,0.00927213282068794,6.45076021184378E-4,7.409801851153544E-4,5.568988654520908E-4,0.0020779502858666856,2.979720872772863E-4,0.0027421352223852067,4.637952742842661E-4,4.336461651948331E-4,7.052258250427872E-4,8.875938187845684E-4,8.611659501801584E-4,5.735151661926475E-4,0.001114797800973673],[0.0011693587111097138,0.004832440793629175,5.731913391954602E-4,0.0035784625633745247,0.0038076404014488687,0.0028173710102472535,0.002911703084441288,0.001397340639560619,0.002064171643295522,0.0033542661841826126,0.005518281260511944,0.004079858310065739,1.0,0.0017112939258964628,0.008494060732134445,0.0017662790005291227,0.0017113721812219932,0.003446660998136649,6.905737458312505E-4,0.0045045045045045045,0.0018275390601944432,0.0034786598950186072,0.003486803310293844,0.008173832945763758,0.0027271697681330014,0.004174020624289327,0.0034780397297651754,0.002811877691147802,0.014411527780000506,0.016359709863642366,0.006356587054688612,9.439376188096596E-4,0.0020220087147808665,0.0030185039885341977,0.00285570281356976,7.173784651752572E-4,0.004704557932496578,0.002768430720284794,0.0011990545650837536,0.0016830076735481758,0.0018341437455044506,0.0013643888244019818,9.172569660744603E-4,0.002266052848844232],[4.48524326566688E-4,0.004712132942163862,0.00133434984449057,3.8418511289951254E-4,9.716925006828542E-4,0.001091258889578125,0.0011445343937863898,7.939301926233196E-4,9.313680361073389E-4,0.001483449918512267,0.0037653811687442086,0.001312008007050186,0.0017112939258964628,1.0,0.006673659766425003,0.0010279300336575752,0.0014192921335637063,7.887123952127738E-4,4.807675131788532E-4,0.002048272646193029,1.9324091006187505E-4,0.0015025035214161022,0.0011414561356732353,0.007108632436372164,0.0012675413384834744,5.400886378298225E-5,0.0010710532362487404,0.0016575406753981993,0.012419193358371342,0.0026090071327809993,0.00429803499965568,0.0012364930869393949,3.3904807777909143E-4,0.001028678258230752,0.001652628245523437,8.781189951114079E-4,0.002000276898122444,0.0012322112172674198,8.942869038953988E-4,2.6954472910062057E-4,0.0011790514574436474,9.360117680698597E-4,8.144488424874893E-4,0.001180839593093941],[8.365914283354401E-4,0.008518274463540781,0.01144734845256362,0.007952667250810378,0.011377585049155613,0.009989534814976523,0.0043782891018942964,0.0030626003100430554,0.0011800758911681265,0.00932519444654133,0.011409968270331312,0.004469066100639095,0.008494060732134445,0.006673659766425003,1.0,0.010039743976642208,0.0038051616717036767,0.00625606900281505,0.0010123641195312744,0.005037421007017445,0.004538669816538386,0.01038870979468127,0.0032039190829462974,0.01635191103409324,0.005590964883822505,0.010924767880379955,0.010645208586840073,0.004738263182698774,0.01669485812689005,0.01260261850728684,0.010722718071943662,0.01002429717568778,0.010959863658239156,0.003945323302899102,0.009760730003413397,0.004388430338584663,0.008426134614841697,0.011287801892078002,3.6719634121870734E-4,0.0037152236156500038,0.004397471597751318,0.00358614658934149,0.0102848878792311,0.00792451303188505],[2.4361131952080301E-4,0.002566779068312404,1.1732140482903292E-4,1.4606828320528508E-4,5.03550257076783E-4,1.8680065845953704E-5,4.438626181819542E-4,9.050177647181734E-5,2.7959191136595697E-4,1.9393170480986753E-4,0.0026463330823095947,6.439280268348794E-4,0.0017662790005291227,0.0010279300336575752,0.010039743976642208,1.0,5.992334613874403E-4,1.460553285679149E-4,6.625248471402966E-5,0.004452492680894257,1.2933628799975105E-4,5.958792680317978E-4,2.49987282872401E-4,0.012932616639976123,1.5146151858278162E-4,1.2576791028778725E-4,1.472864886514613E-4,0.0017161237225510415,0.018376217291491033,0.009054384152949423,0.007677918231414318,7.572989638850702E-5,1.547743810806868E-4,1.713036417818427E-4,0.0013244303027805976,1.1001551310138856E-4,0.00309774258446104,6.425053851107027E-5,5.759962919856897E-5,1.5774950011621667E-4,1.3423724982503018E-4,1.6174243712946417E-4,1.944904042438198E-4,8.170969896405936E-4],[4.7194907760086485E-4,0.002542373775277447,0.0010198853819095043,0.0010215820732985715,5.578633031055991E-4,7.706250395818303E-4,9.118176715609252E-4,4.111397228726781E-4,0.0011342030761817582,0.0014018484465187545,0.0022581328942637173,0.0011360700647556645,0.0017113721812219932,0.0014192921335637063,0.0038051616717036767,5.992334613874403E-4,1.0,5.561364743026438E-4,9.080378673188197E-5,0.0021046856872340256,7.716311606418052E-4,0.0013605526929361834,0.0010983530351298823,0.01678866015664053,4.765158161640117E-4,8.87819434142153E-4,8.550341004793175E-4,0.002402685278867773,0.006250638230586994,0.004762148521346899,0.0086557403291279,2.5902193686846997E-4,7.568861654270977E-4,7.333700443996113E-4,0.0020137502344198628,7.459072323671808E-4,0.0028604396279263153,5.73426808214716E-4,7.317097165936508E-4,0.00101525546065577,9.35140607476593E-5,9.356557736311323E-4,5.107647492465511E-4,0.0011551653346656544],[2.1138026545967716E-4,0.0015663820645140936,8.48041334527183E-5,1.5772412125621612E-4,3.684458003518894E-4,1.0811399316066527E-4,3.8743074585519555E-4,1.1659526961023467E-4,5.640917462632051E-4,7.732811999356669E-4,0.004232123661083467,5.480923670009277E-4,0.003446660998136649,7.887123952127738E-4,0.00625606900281505,1.460553285679149E-4,5.561364743026438E-4,1.0,5.234348655888788E-5,0.004381315033973992,1.608718763121507E-4,1.7951463701165236E-4,4.187555424336741E-4,0.005114822698879747,3.256649940435031E-4,7.575392318324012E-5,1.6664145876980926E-4,0.00152538069080743,0.013212365477570218,0.0035444300485644206,0.008598288818893568,1.6354047409391638E-4,1.6622608077816275E-4,2.748571127967174E-4,0.0018056868156890043,1.1332271562733865E-4,0.001571542613065318,1.54281946841955E-4,1.2019291860469995E-4,1.8089877785774813E-4,1.2317069866136403E-5,1.6844050280217544E-4,1.9508961562430123E-4,9.506756952608945E-4],[2.577314042509135E-4,0.004141214586176752,1.222627446970375E-5,4.2864355250642456E-5,3.630298812695452E-4,1.2002965903767593E-5,2.7913318520368495E-4,1.2478357155147953E-5,3.0521607940647215E-4,0.0012679773416668107,0.0053953500617687465,3.903120316151457E-4,6.905737458312505E-4,4.807675131788532E-4,0.0010123641195312744,6.625248471402966E-5,9.080378673188197E-5,5.234348655888788E-5,1.0,2.689898451802644E-5,8.119903688908546E-5,1.0386189335538037E-4,0.0010673054351572845,0.007229770916732948,3.115008125426346E-4,1.2835497067855223E-5,6.123757233990992E-5,0.001848876380873607,0.010755450462425516,0.008974829311482488,0.0012004496731926246,1.097815427947458E-5,1.5329347585537557E-4,3.566949979518223E-4,0.0024088702934733875,2.123872560662352E-5,0.0037617632799906006,2.1989623646375043E-5,1.8457420011161765E-5,2.267294893485833E-4,1.2195370117996919E-5,1.5721897543611727E-5,1.8412234097278538E-4,1.4974861582256E-5],[0.00375479442963108,0.005271539533538894,0.003908538625027151,0.0014511669552998581,0.0025152758681034454,0.001512048043947614,0.001052380799231312,0.001649084264938237,0.002986949138476101,0.0038468974126927825,0.011343530768134541,0.0012153644472372412,0.0045045045045045045,0.002048272646193029,0.005037421007017445,0.004452492680894257,0.0021046856872340256,0.004381315033973992,2.689898451802644E-5,1.0,0.0019774928497167652,0.0019695687208061328,0.0030035706748721466,0.01240581325881943,0.0034650854404141033,0.004326810752540492,0.004308198701481565,0.003447657624028572,0.020301568573965322,0.01688145245831032,0.004828190496731698,0.0010501932613692193,0.004480748782731804,0.0023307312992466083,0.0034811586431788173,0.002556326355889303,0.004702177136654425,0.003138851462400487,0.0020083567611830777,0.00144488133121814,0.001000653879032477,0.00270469632534512,9.624317597901377E-4,0.003329131737999449],[2.1493867754594152E-4,0.004487551846361092,4.6270897395496606E-5,1.2499887554922467E-4,3.2535617109139984E-4,4.545353466178858E-5,2.21193817696417E-4,1.0264090247949799E-4,5.837834310043421E-4,5.307193271899612E-4,0.002050766853630367,1.9729680399321127E-4,0.0018275390601944432,1.9324091006187505E-4,0.004538669816538386,1.2933628799975105E-4,7.716311606418052E-4,1.608718763121507E-4,8.119903688908546E-5,0.0019774928497167652,1.0,6.632015235767849E-4,8.640291221205537E-4,9.145294812531856E-4,2.9856690623633917E-4,5.9421367745182544E-5,1.364018802317705E-4,7.897915515365343E-4,0.020415692655241274,0.017757920869468875,0.0010242397965222916,1.430971655371506E-5,1.3800258906046184E-4,1.8676056586352174E-4,0.001050354530706775,3.447160409889905E-5,7.795704912110556E-4,7.864571501519236E-5,4.913188856613053E-5,1.7655396591746415E-4,9.811466650742941E-5,1.6470391327078027E-4,1.9732588336379258E-4,9.285743706544756E-4],[7.764482411015804E-4,0.00220420573875644,4.639717090790479E-4,9.246175938179062E-4,9.254693589295099E-4,3.930427735934471E-4,0.001202093221964872,5.715615801285983E-4,9.846987502624808E-4,0.0015070110849018101,0.00743237143814014,0.0015480860495940773,0.0034786598950186072,0.0015025035214161022,0.01038870979468127,5.958792680317978E-4,0.0013605526929361834,1.7951463701165236E-4,1.0386189335538037E-4,0.0019695687208061328,6.632015235767849E-4,1.0,0.0013421853911942455,0.005711750850567045,9.141138819327984E-4,6.047309442386755E-4,2.8307820278505207E-4,0.0020790208156546645,0.009221791337646144,0.01532840813005771,0.0076452669525390515,0.001406195446698592,7.110204926119975E-4,9.039788880970911E-4,0.002552091617493586,8.478614726702011E-4,0.0038314353234110516,2.21996636540207E-4,0.001346855574465179,3.8048732552094184E-4,8.250793642993866E-4,0.0012165648020146297,6.838913474638998E-4,0.0012801541523135111],[6.395723086542388E-4,0.0023841007915454977,0.0010285598858081199,9.965691650310087E-4,6.487056615530584E-4,5.464691212754639E-4,0.0010766809566188761,7.15831781943889E-4,0.00107053926803134,0.0010944013026406762,0.0034644057778489886,0.001094242501268161,0.003486803310293844,0.0011414561356732353,0.0032039190829462974,2.49987282872401E-4,0.0010983530351298823,4.187555424336741E-4,0.0010673054351572845,0.0030035706748721466,8.640291221205537E-4,0.0013421853911942455,1.0,0.016661546308544918,0.0010155042974119167,1.361445008934277E-4,0.0010009824458760497,0.0017922754980401446,0.011271338314133909,0.01796197018781863,0.003057475586806019,2.1094730194537827E-4,4.5340203676454745E-4,8.727619081677884E-4,0.0022977993388654276,5.570893679475553E-4,0.003976533623805513,8.69122202891517E-4,1.1290569779905801E-4,9.258971079645463E-4,2.0582594488191612E-4,4.6502613228249605E-4,3.025589742410824E-4,0.0010982358484195147],[0.014661782954023029,0.0177836151022023,0.020040500084929053,0.013427179626525738,0.01698391058040312,0.017951119084300374,0.016961946152764796,0.003090181881330796,0.008611599334632843,0.009164610651792571,0.018470923658652737,0.004681815089318211,0.008173832945763758,0.007108632436372164,0.01635191103409324,0.012932616639976123,0.01678866015664053,0.005114822698879747,0.007229770916732948,0.01240581325881943,9.145294812531856E-4,0.005711750850567045,0.016661546308544918,1.0,0.011486362443204034,0.01371824925428454,0.018551399582702622,0.007936222144641247,0.020833333333333332,0.02040548911782413,0.020382867672488616,0.014654362566733959,0.010701321062505745,0.013637530229660227,0.009090483521881392,0.01877719816787883,0.007638453924805901,0.019855681921982376,0.01494544465823162,0.017645861428981915,0.013022449382995314,0.0011341838556916922,0.019734268892471228,0.01721534013048747],[3.3504405288715136E-4,0.003233510337972114,2.7240893935980703E-4,2.514199196364907E-4,4.744432583692069E-4,4.020614280972621E-4,6.008770785604126E-4,2.4414662650976387E-4,4.661438436010272E-4,9.911038697585346E-4,0.0038602428477014904,9.152083651890362E-4,0.0027271697681330014,0.0012675413384834744,0.005590964883822505,1.5146151858278162E-4,4.765158161640117E-4,3.256649940435031E-4,3.115008125426346E-4,0.0034650854404141033,2.9856690623633917E-4,9.141138819327984E-4,0.0010155042974119167,0.011486362443204034,1.0,4.1321102966721673E-4,3.7870606586341783E-4,0.002029553682594069,0.011767669578052802,0.004135732337300376,0.007113733926028442,3.8701962069242617E-4,2.8483979684544906E-4,3.927616958624078E-4,0.001316373889673017,3.1239228189097843E-4,0.0019622906905999884,1.7803606591132253E-4,1.5679040659518872E-4,3.003706181629742E-4,3.596457200798254E-5,2.667608391100737E-4,3.1475645957110407E-4,0.0011297477445130167],[4.2012212470489204E-5,0.002890376706708317,1.3971280712447454E-5,8.819326061462684E-5,2.532686703417339E-4,1.3214063664298157E-5,2.784763570487115E-5,1.3626826886711187E-5,6.642835423038062E-4,2.082135017718483E-4,0.011315061143917624,9.091724266082937E-4,0.004174020624289327,5.400886378298225E-5,0.010924767880379955,1.2576791028778725E-4,8.87819434142153E-4,7.575392318324012E-5,1.2835497067855223E-5,0.004326810752540492,5.9421367745182544E-5,6.047309442386755E-4,1.361445008934277E-4,0.01371824925428454,4.1321102966721673E-4,1.0,1.3256827610090614E-4,3.625850376519775E-5,0.005057871926015343,0.005883026081302412,0.004368475914845644,1.4353080359443876E-5,6.713020623387654E-5,3.215980447535641E-5,2.920555130559501E-4,2.326087604402341E-5,9.465524066907371E-4,2.5764035120940335E-5,1.9770980024931882E-5,6.433425137820479E-5,1.5751972033645807E-5,1.3367971322842827E-4,1.6894987242069504E-4,4.153839902398237E-4],[2.8251256054084866E-4,0.004741573678776441,5.167610470923049E-5,1.5233950450305409E-4,4.4814727088617366E-4,1.0478227823086536E-4,5.284469430969932E-4,1.1076472125769499E-4,4.780413168096918E-4,5.558350922318866E-4,0.01122904158479442,6.624144258419622E-4,0.0034780397297651754,0.0010710532362487404,0.010645208586840073,1.472864886514613E-4,8.550341004793175E-4,1.6664145876980926E-4,6.123757233990992E-5,0.004308198701481565,1.364018802317705E-4,2.8307820278505207E-4,0.0010009824458760497,0.018551399582702622,3.7870606586341783E-4,1.3256827610090614E-4,1.0,0.0022234149585651673,0.02052827907541594,0.013340294026302081,0.003965216692582601,4.347039720194752E-5,1.5585235294809493E-4,3.5683141399720284E-4,0.0016971538458077585,1.4734554380911865E-4,0.002322177643165389,6.839213357590208E-5,4.9206351080663E-5,2.1562314680055508E-4,7.168592385236551E-5,1.6451477156329263E-4,1.7115543163693747E-4,2.719257905065775E-4],[0.001120813107189754,0.0026429846106933485,6.676153415326019E-4,1.9930694777480512E-4,0.002238663301971679,8.111150321932862E-4,0.002280189385219627,0.002369569214902924,0.0014333943056244474,0.002093160644258019,0.005277869577510535,0.0012076924204413707,0.002811877691147802,0.0016575406753981993,0.004738263182698774,0.0017161237225510415,0.002402685278867773,0.00152538069080743,0.001848876380873607,0.003447657624028572,7.897915515365343E-4,0.0020790208156546645,0.0017922754980401446,0.007936222144641247,0.002029553682594069,3.625850376519775E-5,0.0022234149585651673,1.0,0.010389852823031754,0.003202182679393946,0.0034205883783568485,1.6674037279269696E-4,7.86690366657614E-4,0.0023177953052064076,0.0027350825204029887,0.0019122481515758943,0.0032987865081002005,2.5912642001737373E-4,0.0015782342445619347,0.001790649694499311,1.8617043579357455E-4,3.375764829533491E-4,0.0015957709467723197,0.002085966607850524],[0.006277702149652107,0.009118534245378361,0.010194355340534304,0.01936508780457014,0.008275868082588655,9.8188590820472E-4,0.015035868599507713,0.019282798228818544,0.011404450978402775,0.011604203716766116,0.01583000711784108,0.020392685028950502,0.014411527780000506,0.012419193358371342,0.01669485812689005,0.018376217291491033,0.006250638230586994,0.013212365477570218,0.010755450462425516,0.020301568573965322,0.020415692655241274,0.009221791337646144,0.011271338314133909,0.020833333333333332,0.011767669578052802,0.005057871926015343,0.02052827907541594,0.010389852823031754,1.0,0.019048412595754665,0.013122915809651846,0.017528121612197637,0.012073290236574968,0.005382770347135462,0.0041197081946696594,0.0012333450474976886,0.020112500803970434,0.01465871794234576,0.00825674337650928,0.006766138044797201,0.017571497552600446,0.01958408845336438,0.017289443073685868,0.013121856536488693],[0.008024666207028332,0.009335964565301065,0.00844642191469926,0.005050463288621409,0.011908979664796182,0.0016898647516281472,0.018082825076708994,0.015854709919259944,0.013574171701144335,0.013769474370791377,0.014359303727335685,0.00699715029642017,0.016359709863642366,0.0026090071327809993,0.01260261850728684,0.009054384152949423,0.004762148521346899,0.0035444300485644206,0.008974829311482488,0.01688145245831032,0.017757920869468875,0.01532840813005771,0.01796197018781863,0.02040548911782413,0.004135732337300376,0.005883026081302412,0.013340294026302081,0.003202182679393946,0.019048412595754665,1.0,0.01345142358046039,0.006264898207414,0.01825653783153727,0.010186733023830987,0.0032158746211516406,0.01636567958712292,0.012367364795769742,0.015012796790972295,5.229815832929693E-4,0.004673225007037636,0.00666427371056688,0.01342062743077428,0.005971152791857556,0.014790764937395567],[0.007858165548056864,0.008122376907508227,0.005732539620049691,0.002685151122040184,7.751198863837783E-4,0.0016121244986618062,0.009092940872825347,0.0023632268439719105,0.007810822115935879,0.002074282364008264,0.010345367866340077,0.00927213282068794,0.006356587054688612,0.00429803499965568,0.010722718071943662,0.007677918231414318,0.0086557403291279,0.008598288818893568,0.0012004496731926246,0.004828190496731698,0.0010242397965222916,0.0076452669525390515,0.003057475586806019,0.020382867672488616,0.007113733926028442,0.004368475914845644,0.003965216692582601,0.0034205883783568485,0.013122915809651846,0.01345142358046039,1.0,0.009190051812629864,0.0088675398381288,0.0010769383040614051,0.003141464331468517,0.006226094680525373,0.008389545069626574,0.007201375331729478,0.007688570262450548,0.00844132111048215,0.008632770389245743,0.007994645302222577,0.006247059755236231,0.003697798651632617],[2.3928170330472012E-5,0.003705491285055513,1.0765716129766687E-5,1.2330879725280989E-5,4.202270791231189E-4,1.1258787833685052E-5,4.046396785943266E-4,1.2322548387080076E-5,7.906810332269949E-4,0.0012110749252289066,0.005347560148586849,6.45076021184378E-4,9.439376188096596E-4,0.0012364930869393949,0.01002429717568778,7.572989638850702E-5,2.5902193686846997E-4,1.6354047409391638E-4,1.097815427947458E-5,0.0010501932613692193,1.430971655371506E-5,0.001406195446698592,2.1094730194537827E-4,0.014654362566733959,3.8701962069242617E-4,1.4353080359443876E-5,4.347039720194752E-5,1.6674037279269696E-4,0.017528121612197637,0.006264898207414,0.009190051812629864,1.0,4.322939232648032E-5,2.2403920791606836E-4,0.0010980244586210565,2.804849909162274E-5,6.276999615910273E-4,2.196482284160183E-5,1.641711836237014E-5,1.0309130333795169E-4,1.0549280018104477E-5,1.4040577057991926E-4,5.587566840950885E-5,7.361562911444865E-4],[2.136874791579078E-4,0.002267019307487204,6.784714592418875E-5,1.535464313009778E-4,3.912332618485534E-4,9.156323472481087E-5,1.7683873247033465E-4,1.525316765807322E-4,3.5253802898469453E-4,0.0013304760332805443,0.00985541397893695,7.409801851153544E-4,0.0020220087147808665,3.3904807777909143E-4,0.010959863658239156,1.547743810806868E-4,7.568861654270977E-4,1.6622608077816275E-4,1.5329347585537557E-4,0.004480748782731804,1.3800258906046184E-4,7.110204926119975E-4,4.5340203676454745E-4,0.010701321062505745,2.8483979684544906E-4,6.713020623387654E-5,1.5585235294809493E-4,7.86690366657614E-4,0.012073290236574968,0.01825653783153727,0.0088675398381288,4.322939232648032E-5,1.0,3.6283059773538665E-4,0.002249661793090183,1.0595459154305825E-4,0.002020004224625035,1.4195659390130465E-4,6.86046317463264E-5,2.1448492018471638E-4,7.43836020969282E-5,1.6453341475919478E-4,1.8515820022289834E-4,3.769745685427943E-4],[2.90115848489131E-4,0.0018255903238286694,3.4476166110974216E-4,3.8487608197729944E-4,4.7288990235467345E-4,2.7889351101885066E-4,5.444987560739907E-4,2.8137242461871584E-4,7.914858289902266E-4,8.448652974462013E-4,0.00858062261689473,5.568988654520908E-4,0.0030185039885341977,0.001028678258230752,0.003945323302899102,1.713036417818427E-4,7.333700443996113E-4,2.748571127967174E-4,3.566949979518223E-4,0.0023307312992466083,1.8676056586352174E-4,9.039788880970911E-4,8.727619081677884E-4,0.013637530229660227,3.927616958624078E-4,3.215980447535641E-5,3.5683141399720284E-4,0.0023177953052064076,0.005382770347135462,0.010186733023830987,0.0010769383040614051,2.2403920791606836E-4,3.6283059773538665E-4,1.0,0.002439378703859683,3.267759287199166E-4,0.0016858109555452886,3.160655973754486E-4,4.8723599821392155E-5,3.19931528732135E-4,3.001574627681426E-4,2.9758836397036394E-4,2.924465173556049E-4,0.0011162280474665408],[7.588884925442897E-4,0.005129505457286358,0.0019309296641382004,0.0014949259459119677,0.001440507005864437,0.0010174291702124583,0.002513859139935127,0.0023599372076030718,0.0018860994592892687,0.001872514298412163,0.008094160200179567,0.0020779502858666856,0.00285570281356976,0.001652628245523437,0.009760730003413397,0.0013244303027805976,0.0020137502344198628,0.0018056868156890043,0.0024088702934733875,0.0034811586431788173,0.001050354530706775,0.002552091617493586,0.0022977993388654276,0.009090483521881392,0.001316373889673017,2.920555130559501E-4,0.0016971538458077585,0.0027350825204029887,0.0041197081946696594,0.0032158746211516406,0.003141464331468517,0.0010980244586210565,0.002249661793090183,0.002439378703859683,1.0,7.535801216771898E-4,0.00465600762664634,1.3700754513188904E-4,0.0012204412356036994,0.0024292255226676697,0.0012577108470615,0.002402432726552948,0.0014997141909037768,0.0018465762925213409],[1.5991004941816146E-4,0.004372251618434141,3.049367375011695E-5,8.342162723024277E-5,4.1453769539656664E-4,2.8382076096978745E-5,6.234885687364829E-4,2.8715049895293543E-5,4.709321444866927E-5,0.0011598374031303502,0.0112006893876463,2.979720872772863E-4,7.173784651752572E-4,8.781189951114079E-4,0.004388430338584663,1.1001551310138856E-4,7.459072323671808E-4,1.1332271562733865E-4,2.123872560662352E-5,0.002556326355889303,3.447160409889905E-5,8.478614726702011E-4,5.570893679475553E-4,0.01877719816787883,3.1239228189097843E-4,2.326087604402341E-5,1.4734554380911865E-4,0.0019122481515758943,0.0012333450474976886,0.01636567958712292,0.006226094680525373,2.804849909162274E-5,1.0595459154305825E-4,3.267759287199166E-4,7.535801216771898E-4,1.0,0.004322393998559993,3.069472299149143E-5,3.127306938658656E-5,1.1146440069304347E-4,1.5879282440602192E-5,1.409992388769228E-4,1.930788918209558E-4,3.813973301832558E-5],[0.002243333652003513,0.005091666103356742,0.002735409866821135,0.0028650533154348304,0.0027240515658705773,0.002378677280680181,7.857063236354201E-4,0.004187173898656183,0.004549125135691683,0.0025766383247150483,0.005968174685975752,0.0027421352223852067,0.004704557932496578,0.002000276898122444,0.008426134614841697,0.00309774258446104,0.0028604396279263153,0.001571542613065318,0.0037617632799906006,0.004702177136654425,7.795704912110556E-4,0.0038314353234110516,0.003976533623805513,0.007638453924805901,0.0019622906905999884,9.465524066907371E-4,0.002322177643165389,0.0032987865081002005,0.020112500803970434,0.012367364795769742,0.008389545069626574,6.276999615910273E-4,0.002020004224625035,0.0016858109555452886,0.00465600762664634,0.004322393998559993,1.0,0.003605318444361328,0.0026073814787412487,9.811628337032421E-4,9.319649345598274E-4,0.0014861319497207642,0.001836355683361564,0.0031409062388977893],[2.128493645916325E-4,0.0029299252633926,1.3946600321748133E-5,1.0990500070828827E-4,4.976830501521281E-4,1.7799378306111064E-5,9.508112938381172E-5,1.7217944787120976E-5,3.199890171139662E-4,9.237505163560124E-4,7.920531860696682E-4,4.637952742842661E-4,0.002768430720284794,0.0012322112172674198,0.011287801892078002,6.425053851107027E-5,5.73426808214716E-4,1.54281946841955E-4,2.1989623646375043E-5,0.003138851462400487,7.864571501519236E-5,2.21996636540207E-4,8.69122202891517E-4,0.019855681921982376,1.7803606591132253E-4,2.5764035120940335E-5,6.839213357590208E-5,2.5912642001737373E-4,0.01465871794234576,0.015012796790972295,0.007201375331729478,2.196482284160183E-5,1.4195659390130465E-4,3.160655973754486E-4,1.3700754513188904E-4,3.069472299149143E-5,0.003605318444361328,1.0,2.795174305160766E-5,1.4827558668586692E-4,1.9739941374668608E-5,6.067353454499992E-5,1.704984619439662E-4,4.572603211886039E-4],[3.033661415157348E-5,2.01095828344992E-4,1.435559178681423E-5,1.2825078754497812E-4,4.1527165978318364E-4,2.1116489797698215E-5,6.751303506675845E-5,1.827578470661696E-5,4.813360622646006E-4,3.256416637899403E-5,0.0012192763212441513,4.336461651948331E-4,0.0011990545650837536,8.942869038953988E-4,3.6719634121870734E-4,5.759962919856897E-5,7.317097165936508E-4,1.2019291860469995E-4,1.8457420011161765E-5,0.0020083567611830777,4.913188856613053E-5,0.001346855574465179,1.1290569779905801E-4,0.01494544465823162,1.5679040659518872E-4,1.9770980024931882E-5,4.9206351080663E-5,0.0015782342445619347,0.00825674337650928,5.229815832929693E-4,0.007688570262450548,1.641711836237014E-5,6.86046317463264E-5,4.8723599821392155E-5,0.0012204412356036994,3.127306938658656E-5,0.0026073814787412487,2.795174305160766E-5,1.0,2.3035126384436132E-4,1.935128046295721E-5,4.78929944718809E-5,7.954875101903344E-5,4.647252587430035E-4],[2.6758310253087534E-4,0.0029073840206526973,1.5177184092150618E-4,1.592678221069746E-4,2.786821528976988E-4,1.82271887220789E-4,3.7618642448199456E-4,1.8895105840861142E-4,3.6491992743012045E-4,5.090672738192264E-4,0.00644816298278111,7.052258250427872E-4,0.0016830076735481758,2.6954472910062057E-4,0.0037152236156500038,1.5774950011621667E-4,0.00101525546065577,1.8089877785774813E-4,2.267294893485833E-4,0.00144488133121814,1.7655396591746415E-4,3.8048732552094184E-4,9.258971079645463E-4,0.017645861428981915,3.003706181629742E-4,6.433425137820479E-5,2.1562314680055508E-4,0.001790649694499311,0.006766138044797201,0.004673225007037636,0.00844132111048215,1.0309130333795169E-4,2.1448492018471638E-4,3.19931528732135E-4,0.0024292255226676697,1.1146440069304347E-4,9.811628337032421E-4,1.4827558668586692E-4,2.3035126384436132E-4,1.0,1.994593338015318E-4,2.1001883073616993E-4,2.1914661955195684E-4,8.474103023649051E-4],[1.6715154835508303E-4,0.0033012575036830893,1.1508608628595787E-5,1.4838294493873207E-4,3.62522454492414E-4,1.1198010726955579E-5,3.8983058032243965E-4,1.2247528543997084E-5,5.358269433103504E-4,3.9953380254986585E-4,0.006195124158789363,8.875938187845684E-4,0.0018341437455044506,0.0011790514574436474,0.004397471597751318,1.3423724982503018E-4,9.35140607476593E-5,1.2317069866136403E-5,1.2195370117996919E-5,0.001000653879032477,9.811466650742941E-5,8.250793642993866E-4,2.0582594488191612E-4,0.013022449382995314,3.596457200798254E-5,1.5751972033645807E-5,7.168592385236551E-5,1.8617043579357455E-4,0.017571497552600446,0.00666427371056688,0.008632770389245743,1.0549280018104477E-5,7.43836020969282E-5,3.001574627681426E-4,0.0012577108470615,1.5879282440602192E-5,9.319649345598274E-4,1.9739941374668608E-5,1.935128046295721E-5,1.994593338015318E-4,1.0,1.5148497848276542E-4,1.8583343176579794E-4,0.0010040885608883783],[2.747529064860802E-4,0.003911525613280027,1.5179700981911775E-5,1.556661438922849E-4,3.572020321145782E-4,2.3838440388096403E-5,4.4123286175849297E-4,1.0245182542066366E-4,5.879085672412291E-4,2.906561561605393E-4,0.0036547456834960775,8.611659501801584E-4,0.0013643888244019818,9.360117680698597E-4,0.00358614658934149,1.6174243712946417E-4,9.356557736311323E-4,1.6844050280217544E-4,1.5721897543611727E-5,0.00270469632534512,1.6470391327078027E-4,0.0012165648020146297,4.6502613228249605E-4,0.0011341838556916922,2.667608391100737E-4,1.3367971322842827E-4,1.6451477156329263E-4,3.375764829533491E-4,0.01958408845336438,0.01342062743077428,0.007994645302222577,1.4040577057991926E-4,1.6453341475919478E-4,2.9758836397036394E-4,0.002402432726552948,1.409992388769228E-4,0.0014861319497207642,6.067353454499992E-5,4.78929944718809E-5,2.1001883073616993E-4,1.5148497848276542E-4,1.0,2.0219011208863564E-4,0.0010180415190635516],[2.0988410647743995E-4,4.163278096027999E-4,9.315606056629257E-5,1.831799500703503E-4,2.2325841398435772E-4,3.190068247173736E-5,5.841621614956358E-4,1.55780283484508E-4,2.216818942354197E-4,4.041048165067721E-4,0.003970789812407594,5.735151661926475E-4,9.172569660744603E-4,8.144488424874893E-4,0.0102848878792311,1.944904042438198E-4,5.107647492465511E-4,1.9508961562430123E-4,1.8412234097278538E-4,9.624317597901377E-4,1.9732588336379258E-4,6.838913474638998E-4,3.025589742410824E-4,0.019734268892471228,3.1475645957110407E-4,1.6894987242069504E-4,1.7115543163693747E-4,0.0015957709467723197,0.017289443073685868,0.005971152791857556,0.006247059755236231,5.587566840950885E-5,1.8515820022289834E-4,2.924465173556049E-4,0.0014997141909037768,1.930788918209558E-4,0.001836355683361564,1.704984619439662E-4,7.954875101903344E-5,2.1914661955195684E-4,1.8583343176579794E-4,2.0219011208863564E-4,1.0,0.0010730552067079336],[9.81769240341214E-4,0.0022123618968707126,8.255563225247595E-4,0.0010896592131943957,7.271420067954061E-4,1.5350808518422914E-4,6.549725829247303E-4,9.431298598553991E-4,0.0010750736106230057,0.0014307146415053244,0.008633136547081309,0.001114797800973673,0.002266052848844232,0.001180839593093941,0.00792451303188505,8.170969896405936E-4,0.0011551653346656544,9.506756952608945E-4,1.4974861582256E-5,0.003329131737999449