[[1.0,0.005661898303351836,0.008935960042476624,0.0011068591502379909,0.0063498977710371935,0.005412838858553395,0.004523046407466793,0.013464683151843166,0.01095809057429355,0.005409764510177331,0.009453504269998008,6.783580407275966E-4,0.012398562511928168,0.02485177440048099,0.00738519297847323,0.004645460115671423,0.0027155210299227993,0.012689640323878,0.010615696710243563,0.002810866637935512,0.0034298384099381114,8.805492288832805E-4,0.01726742704358402,0.0027320163919855017,0.012252989477766098,0.01076967336595972,0.0017311853501002334,0.006691033161885032,0.011049550944085811,0.004793444038426922,0.01155148458170617,8.172241446872703E-4,0.002170699625809459,0.00821689599981,0.00403597126670233,0.0088359125578393,0.004016212545323694,0.0031909257712527395,0.007041802486183678,0.012867890675668469,0.012663779112139497,0.014579929322989238,0.09267907034208447,0.0032128023445025483,6.076367052479199E-4,0.008387112505086607,0.006624844460247101,0.012459953549322925,0.0063279582005577924,0.009108763164552088,0.007266158615163567,0.011030361326784593,0.004115330527309038,0.0025521890042351576,0.01144708168840799],[0.005661898303351836,1.0,0.0025482838068173006,1.9656020066168466E-5,9.606125154309097E-4,1.4410818426226037E-4,3.222886366298792E-5,1.6736565105483897E-4,0.0020071413375745972,7.808145254153316E-4,4.689451775965455E-4,2.140438867782281E-5,5.4482899064139514E-5,0.012308632644297499,2.702212027858156E-4,7.779664555847506E-5,6.451655076337247E-5,4.7770325231407735E-5,0.002083653714526655,9.468512536991347E-5,1.76641699421976E-5,1.2744999510255082E-5,0.02234746491065647,7.256229870050363E-4,1.5864153176175207E-5,5.70065261334402E-5,2.108814912221675E-5,3.389106176718234E-5,0.007917246098647229,6.064169038863167E-5,7.467214706633865E-4,8.074152422153439E-5,1.3571703361180978E-4,1.1623677742380878E-4,1.1470143315551414E-4,0.0010297626726608882,6.713847821969283E-4,1.7210915597334097E-4,0.0016582301635035073,6.619874561368651E-5,3.2984460573904103E-5,0.01627171495647993,0.0404716658582898,8.358235799326714E-5,8.893893507336052E-5,0.002677868961769551,3.330900912212998E-5,4.3361197370449483E-4,1.5643916778684827E-4,0.003887953100227523,2.2120226731786962E-5,0.001564658256185397,3.34040194731571E-5,1.7251846008308877E-5,9.834529035247392E-5],[0.008935960042476624,0.0025482838068173006,1.0,0.0018588419390567796,0.007015032833481002,0.007813015993965139,0.004577604165012039,0.005632652744072558,0.005395786632244148,0.005545815548722498,0.0070991474575997126,0.006886124202857386,0.00682271208325156,0.036382906777777266,0.003908816268706939,0.0036570155987506415,0.0030476672956202305,0.004721403958684234,0.006446099915313878,0.007470844501909347,0.0017798150401976468,0.0016181405891367666,0.026148398658680645,0.005724256795550279,0.0015380437124887715,0.00344126384565453,0.00284260394365347,5.84019298110276E-4,0.010182120917770748,0.005806431071316595,0.007801585692252399,0.0019174236552131948,0.005392108059456015,0.007818706358731766,0.006701018604761819,0.004671994217033128,0.00200594240975534,0.005525186383525731,0.005818160851997527,0.007554437443084729,0.0019088907311307058,0.016316617218411062,0.09531549248469037,0.004647062255976425,0.0033086208579052446,0.00710852615586646,0.005735793457831083,0.002358422420018347,0.0023693894714820617,0.007453817092778363,0.005518932069289941,0.007362694397974147,0.003420548559354966,0.0028873624654058784,0.0023454612020245673],[0.0011068591502379909,1.9656020066168466E-5,0.0018588419390567796,1.0,6.905876437044778E-4,5.686647132392413E-4,6.0682098746878255E-5,5.115619405879968E-4,0.0020018572342363856,0.0016500151094267718,0.0015689473918851018,1.9826103078703203E-5,4.691888913037416E-5,0.008330844548134353,8.650487487871445E-4,7.821769389347496E-5,5.642893236470841E-5,1.0500710357304446E-4,2.6548229256636934E-4,6.671575018007911E-5,1.548487160367004E-5,1.5191230639964063E-5,0.019494450967233935,1.6773020602717765E-4,1.8843095715498524E-5,1.07956693871173E-4,2.053952283494513E-5,3.258950771227105E-5,8.557799743073898E-4,5.732063621196153E-5,1.2103414259240963E-4,2.228134409511983E-5,5.796437754245794E-4,2.0155150958434017E-4,1.110552258562645E-4,1.1158660878712668E-4,2.259548299887318E-4,1.536529237063584E-4,6.444777433890564E-4,2.9594099824432268E-5,2.253357156204374E-5,0.012446033163747669,0.09702417808576969,6.0516141644442785E-5,3.6341790211497545E-5,0.002874045084122302,6.267077685531114E-5,6.977877277518604E-4,5.232600842445973E-4,0.003325297568519017,1.9890948362030807E-5,0.0016398744516554706,2.887550090395673E-5,1.8608574852326597E-5,7.9083478209156E-5],[0.0063498977710371935,9.606125154309097E-4,0.007015032833481002,6.905876437044778E-4,1.0,0.0028588867806289926,0.0044457184909568025,0.0021449634221566453,0.004511412307700958,0.004312143058059071,0.005709262585276197,0.004159205759162838,0.004138401599311638,0.014346391556438812,0.003280752408675801,6.702827256986825E-4,6.738794963702277E-4,0.0037586037649218296,0.004096336211738984,3.0307731863279236E-4,0.0017554068592503822,0.0011579708362515848,0.021053357064527937,0.004329910119561704,0.001355268726763136,0.004931554492801425,0.002233243190655115,0.002451956340695954,0.007481053260545672,0.0023006135820200476,0.0048466684791407325,0.0011604474666181404,0.004043988642355768,0.0034265273814186054,2.2269291249583936E-4,0.0033358462387812382,0.0011203128700933783,0.004572989338372502,0.00326324149237158,3.787156411179759E-4,0.0010849177656217564,0.016052298184616395,0.027231944004544803,0.002141198060612939,0.003804856929413552,0.005287849929051337,0.00457213674575636,0.0031295398351829113,0.0032222769685206192,0.0053923094326571806,0.004375739880494775,0.0025585214615053606,0.003381968831624455,0.00473784436290616,0.004132415947365363],[0.005412838858553395,1.4410818426226037E-4,0.007813015993965139,5.686647132392413E-4,0.0028588867806289926,1.0,1.5112787712445814E-4,7.256904519983197E-4,0.0015152058630635457,0.0013909315848930027,0.0047299699841944235,6.591311159933595E-4,3.433545996233625E-4,0.027394741036324784,7.590517613506838E-4,1.76324872706796E-4,3.3765936624621015E-4,3.2258680438662684E-4,0.001587354499327558,6.889159902326538E-4,2.8410471012637093E-4,6.644973223479437E-4,0.005692704966870692,0.0014930431256051364,5.431837735851423E-4,2.866331875365256E-4,2.725531720753146E-4,3.20372268200088E-4,0.004261718104618746,1.8100106601144034E-4,9.680064367481433E-4,4.358043349272462E-4,7.560966676893302E-4,6.805953711494219E-4,6.80868678437706E-4,7.225110805580906E-4,7.109097769090729E-4,7.017625712073832E-4,0.001540326256167148,6.258135612021165E-4,3.155760742816055E-4,0.003037347466919659,0.06202159189461107,6.981455062701247E-4,4.5436913878843044E-4,0.0024357995638613007,5.167459583627692E-4,7.276162902876297E-4,8.414214912966639E-4,0.002958424462920753,4.121170558925389E-4,0.0016331580003522141,7.82735381392401E-5,2.835753494901305E-4,4.7237089947333116E-4],[0.004523046407466793,3.222886366298792E-5,0.004577604165012039,6.0682098746878255E-5,0.0044457184909568025,1.5112787712445814E-4,1.0,2.526206974389714E-4,0.00117450149878893,0.001571019598238917,0.00505683716750865,7.721304497508025E-5,1.1467008032104053E-4,0.014273641910279702,4.2568800577250343E-4,9.362792855123817E-5,7.786001342752727E-5,1.4401285558228623E-4,0.0016582014101982167,8.273246120811755E-5,3.3377415863247466E-5,4.672783113087685E-5,0.004690822858383331,4.772647601818187E-4,6.160855183315522E-5,1.323537078249128E-4,3.5510911470427106E-5,7.488733264533127E-5,0.004997470734586958,9.761109679674138E-5,5.112968348443098E-4,8.927553836365354E-5,5.54263929483752E-4,5.218879498147951E-4,1.2536145794358395E-4,4.04535876385745E-4,3.66840370102929E-4,1.96894139142357E-4,4.439850962322354E-4,9.990414732557654E-5,1.2233804075867432E-4,0.02021072055737122,0.028340221272041673,1.094687034076284E-4,1.3952205248015726E-4,7.492114262086244E-4,1.1071408496301317E-4,7.413019268116195E-4,2.4377796133813226E-4,3.696765975077356E-4,6.398840381603954E-5,0.0015558356087166253,6.582719801553251E-5,3.6857947503670544E-5,9.283570167865884E-5],[0.013464683151843166,1.6736565105483897E-4,0.005632652744072558,5.115619405879968E-4,0.0021449634221566453,7.256904519983197E-4,2.526206974389714E-4,1.0,0.0024723263267396336,8.872240124438572E-4,0.00230489554293499,3.9940962473798366E-4,6.191693510069528E-4,0.02996605580842671,8.405425669955806E-4,1.26500478084992E-4,2.441993053165765E-4,6.067354176258274E-4,0.0016805467204400845,2.6296076898124247E-4,3.8254327500900624E-4,6.422685624472671E-4,0.01342061408273807,0.0016093018636868398,5.517536580019355E-4,6.730253837934291E-4,5.478777474758703E-4,2.6344980394933394E-4,8.7958082375749E-4,2.1632234520925102E-4,0.0010272483897552078,5.036533915432877E-4,8.69349789921016E-4,5.889396055039554E-4,6.014223908098379E-4,9.57767198660985E-4,7.8489864965602E-4,2.8094990767335256E-4,0.0016162328433460109,7.822000186487577E-4,7.131350523930111E-4,0.017261657055888856,0.05808811445862361,3.2826917105340415E-4,5.295720286134358E-4,0.003243901209137228,2.741537147544796E-4,7.66526919837455E-4,0.0010435828834249507,0.0026866444487217787,3.556162124649144E-4,9.095416632952711E-4,3.210518975329421E-4,1.1825079358194332E-4,5.574643924289024E-4],[0.01095809057429355,0.0020071413375745972,0.005395786632244148,0.0020018572342363856,0.004511412307700958,0.0015152058630635457,0.00117450149878893,0.0024723263267396336,1.0,0.0024705590897169186,0.003698558417258498,0.002160412505922211,7.322930780870235E-4,0.00876127521973244,0.002055881406971858,0.002513048583486456,0.0020039850604130494,0.002679397319705738,0.002716988828522789,7.86747138394025E-4,0.0014272370042883093,0.0023009373266760762,0.01753096200747398,0.0017886319033056518,0.001884707166822199,0.0016218248075470126,0.001654117780861225,0.0016136666377802925,0.006134807796499662,2.046116304481993E-4,0.0024529608231417597,9.122137795894412E-4,0.0023239846187852816,0.0013702741668000086,2.6381480018356114E-4,0.002263133026546982,0.0014061525546498073,0.0019912291320884744,0.0024721848837684075,0.0023339462064301338,0.0018928115876607706,0.009566038758084889,0.032192530297064474,3.005680249711202E-4,0.0023350527245005683,0.0031604371273466422,0.0026870912418334794,0.0012372888239507642,0.002275910766596193,0.005413411911529196,0.0010544363413203654,0.002136156069155836,5.713768348904015E-4,0.0024907385376041966,0.002694012245502666],[0.005409764510177331,7.808145254153316E-4,0.005545815548722498,0.0016500151094267718,0.004312143058059071,0.0013909315848930027,0.001571019598238917,8.872240124438572E-4,0.0024705590897169186,1.0,0.002557794600537672,0.0010248635828372377,0.0017493861747359695,0.0021875085202162758,0.0018819143119223215,7.378395493390352E-4,7.207143990443734E-4,2.827717731297142E-4,0.002618929741500225,0.0018357952775107116,5.416973927713744E-4,3.1844329054344885E-4,0.011952940528805796,0.0018895484868517631,7.51866762541169E-4,0.001869095130749907,8.913158626106867E-4,0.001801511757489558,0.007985863912312142,0.0018910749924855056,0.0013688913497507988,7.693443089819527E-4,0.0017187161841543338,8.159483591656507E-4,3.16416345272344E-4,0.0014197995639051416,0.0016738974762303665,0.0013422688864374558,0.00184261680545361,0.001856617240547819,4.8748166296744684E-4,0.004830777421933786,0.06447238086971407,0.0018737935232630626,5.840501946491816E-4,0.002783148053369241,0.0010887435355238085,8.86301546011812E-4,0.0018055725737966058,0.0043204629903118,8.342810669637125E-4,0.0018619221216509072,6.780404522868758E-4,0.0011176769428472898,0.0016182651952461055],[0.009453504269998008,4.689451775965455E-4,0.0070991474575997126,0.0015689473918851018,0.005709262585276197,0.0047299699841944235,0.00505683716750865,0.00230489554293499,0.003698558417258498,0.002557794600537672,1.0,0.006386419055716628,0.0014392277476279907,0.009381215933704034,0.004723885665567394,0.0022869978570144948,0.006156752792584865,0.0038518982419689326,0.004775645723955953,0.005210787124342933,0.005344334946492653,8.750180839138243E-4,0.023401438429728316,0.003751510197636889,0.0023829819893973056,0.004309258920194353,0.0012538256170892984,0.002304801767468678,0.009337117514216405,0.005980143344868055,0.004547587779654403,0.0038373176403062727,0.006454249387511624,0.005277212390616021,0.0033366042062336217,0.004740101084229859,0.003932238612888382,0.0016847478645818197,0.004435156471083269,0.006020914473992653,0.003989438897970484,0.015367331568448862,0.047633698655004046,0.004220211293346557,0.0026785927913154945,0.006349341651076762,0.0019484843603948605,9.158298930521335E-4,0.004921154105529007,0.006194778897773018,0.0022438239415758805,0.0025515623639997174,4.872898048357302E-4,0.004291899334860316,0.0015907502307622708],[6.783580407275966E-4,2.140438867782281E-5,0.006886124202857386,1.9826103078703203E-5,0.004159205759162838,6.591311159933595E-4,7.721304497508025E-5,3.9940962473798366E-4,0.002160412505922211,0.0010248635828372377,0.006386419055716628,1.0,5.435738470100732E-5,0.01076866673950419,0.0017441143492162683,9.693015364819975E-5,1.02745156154568E-4,1.4314117006736715E-4,0.0014501305855391816,1.0780182737200929E-4,1.941853707292659E-5,2.0015661282561482E-5,0.017907561156431297,3.723102306961622E-4,2.1201603059391818E-5,1.3716047979547488E-4,2.1299113944601706E-5,4.1833832713057285E-5,0.009510268682158055,9.286439131347065E-5,6.283931052555345E-4,6.646089769482619E-5,9.435629325999675E-5,2.6993777422026287E-4,8.004527967045999E-5,3.391526406124873E-4,4.6913052340261184E-4,1.14885287390853E-4,9.578248011320381E-4,1.1002180403801734E-4,1.1841674886673956E-4,0.017483314247065375,0.045797396012437444,5.295616579233906E-5,1.0187149436737322E-4,4.219766031525558E-4,6.872865193991839E-5,1.3179719011790562E-4,0.0010678753537491023,5.197709878918369E-4,2.275862439155341E-5,0.0015639622489403706,3.344095647481931E-5,1.7695273483226875E-5,5.564111831623553E-5],[0.012398562511928168,5.4482899064139514E-5,0.00682271208325156,4.691888913037416E-5,0.004138401599311638,3.433545996233625E-4,1.1467008032104053E-4,6.191693510069528E-4,7.322930780870235E-4,0.0017493861747359695,0.0014392277476279907,5.435738470100732E-5,1.0,0.03535987502542469,7.445175401952557E-4,1.415486707246647E-4,1.1792692114586584E-4,1.439472720418826E-4,0.0022428569440915546,1.3362675847795787E-4,1.353783944113594E-4,1.1896874597276314E-4,0.00991765102510805,8.81251008452393E-4,1.0179893472225789E-4,1.4276162674310233E-4,1.0384988459287894E-4,1.2517205598988357E-4,0.0028542678093251054,1.3409154698597878E-4,4.863947118088506E-4,1.3537866808184483E-4,5.595348572307806E-4,3.5928098965230576E-4,1.5583913768650435E-4,3.839828911674008E-4,2.4365007272157517E-4,1.736926874288252E-4,3.0463976569951393E-4,1.1775909268986209E-4,1.4673673940297227E-4,0.002569636390064096,0.09381763087662816,1.471994043526338E-4,1.4376120868886985E-4,0.0014782539578650968,1.4364569758536976E-4,6.53981069987184E-4,4.169035721646162E-4,3.379725898675892E-4,8.21215208193927E-5,0.0012552913451216632,1.1526037848741348E-4,9.103733057665976E-5,1.3757648824870575E-4],[0.02485177440048099,0.012308632644297499,0.036382906777777266,0.008330844548134353,0.014346391556438812,0.027394741036324784,0.014273641910279702,0.02996605580842671,0.00876127521973244,0.0021875085202162758,0.009381215933704034,0.01076866673950419,0.03535987502542469,1.0,0.015903173374859643,0.019754972286475304,0.03144686820308118,0.033293243319715574,0.02478381195629752,0.015070634835432063,0.0090256317643688,0.001876088195768762,0.02649760819499991,0.019402995040104603,0.003031360459211569,0.03309865620968891,0.010954878848715044,0.029823266964299527,0.03638284469208176,0.03370833970527626,0.02124916902926263,0.01343340631852779,0.023892285176149834,0.01683392686450206,3.1188394243907876E-4,0.01496507436101124,0.027898773900979834,0.034227341368469,0.009638488700383871,0.03664953187644743,0.006622392080366355,0.02793427910342793,0.0873103349322959,0.0029577505924558707,0.007678650670698233,0.01873619575362619,0.03350325262970986,0.0069222724312445385,0.014481510114235619,0.017901327131679794,0.024782190607380537,0.012136842905120683,0.03491096571073577,0.03290355490407376,0.004970821892712675],[0.00738519297847323,2.702212027858156E-4,0.003908816268706939,8.650487487871445E-4,0.003280752408675801,7.590517613506838E-4,4.2568800577250343E-4,8.405425669955806E-4,0.002055881406971858,0.0018819143119223215,0.004723885665567394,0.0017441143492162683,7.445175401952557E-4,0.015903173374859643,1.0,0.0013642906364549564,0.001307312710571665,0.0014244557354046307,0.0023405019519741285,0.0012361335626746327,0.0014414341199747104,4.835255155467762E-4,0.0157716654950643,0.0016835457130057645,6.726526526979369E-4,0.0016269585983539794,0.001397125063039795,3.541450418871321E-4,0.006530793940038127,6.835639955509497E-4,0.001462265048004295,7.164653646763343E-4,0.001589627916148291,0.0014085402946529184,2.5127155776395174E-4,0.0013758638430037922,9.857319217179156E-4,7.275013599701461E-4,0.0017933905970375973,3.6015247640047953E-4,0.0017598911130406888,0.013476453491089134,0.0038967118677314355,0.0011095550056713348,0.0013605821821384427,0.0021161177815980075,0.0015093415366704852,8.823499878825539E-4,0.0014555171265329546,0.002593715998678795,4.5356002469385415E-4,0.0017634676125339432,7.275457011557341E-4,0.0013218441789469282,0.001227557634629346],[0.004645460115671423,7.779664555847506E-5,0.0036570155987506415,7.821769389347496E-5,6.702827256986825E-4,1.76324872706796E-4,9.362792855123817E-5,1.26500478084992E-4,0.002513048583486456,7.378395493390352E-4,0.0022869978570144948,9.693015364819975E-5,1.415486707246647E-4,0.019754972286475304,0.0013642906364549564,1.0,1.0966632861731896E-4,1.3534511222093603E-4,0.0012369336506546002,1.108268778907169E-4,4.971757591703589E-5,5.385428001235345E-5,0.01747098814215593,0.001597302206791143,8.531733827514147E-5,1.3795989474599756E-4,6.95417749332961E-5,7.215459055441613E-5,0.004218923615229617,1.2166106608156875E-4,7.508732073907658E-4,1.1395589269415074E-4,9.460615549930024E-4,1.6819980997471879E-4,1.4207106501224495E-4,7.465796285650417E-4,1.1341071427272789E-4,1.7038400660430997E-4,1.9513483210829846E-4,1.1463870155008362E-4,1.2450964828333993E-4,0.017586849487545762,0.07181963906531941,1.4912992221643903E-4,1.2924547027176787E-4,9.551928561264677E-4,1.1246412534061867E-4,3.1349272293779585E-4,6.127978492397538E-4,0.0020778017337265624,2.9587394398445675E-5,0.0010555293473512785,5.6142638761357954E-5,6.846743072816023E-5,1.2526747811504162E-4],[0.0027155210299227993,6.451655076337247E-5,0.0030476672956202305,5.642893236470841E-5,6.738794963702277E-4,3.3765936624621015E-4,7.786001342752727E-5,2.441993053165765E-4,0.0020039850604130494,7.207143990443734E-4,0.006156752792584865,1.02745156154568E-4,1.1792692114586584E-4,0.03144686820308118,0.001307312710571665,1.0966632861731896E-4,1.0,1.4102817378063457E-4,9.955626637028062E-4,1.0800962581532742E-4,6.191957394880808E-5,1.010274771943994E-4,0.014886302022171484,5.121826450516278E-4,7.619645725380521E-5,1.0819036922132923E-4,7.284586743043954E-5,6.211186269829724E-5,0.009381778712188813,1.0828097078361014E-4,3.6111229740841546E-4,1.074690448287426E-4,8.45286063626321E-4,2.6729613962494733E-4,1.2494196508013104E-4,1.4486419332565862E-4,2.267413691692145E-4,1.3110700820036122E-4,7.065968982847987E-4,1.0797140460181988E-4,1.327403219726713E-4,0.010559392614351076,0.05513193889937397,1.280033764983881E-4,1.3251162255232879E-4,0.0016277142137394816,1.4920990232291303E-4,5.149511268125501E-4,2.0322341885930384E-4,0.002843520691305646,1.0214842436906604E-4,8.395217180087157E-4,7.640936045139302E-5,3.248691243114693E-5,1.2607540589391973E-4],[0.012689640323878,4.7770325231407735E-5,0.004721403958684234,1.0500710357304446E-4,0.0037586037649218296,3.2258680438662684E-4,1.4401285558228623E-4,6.067354176258274E-4,0.002679397319705738,2.827717731297142E-4,0.0038518982419689326,1.4314117006736715E-4,1.439472720418826E-4,0.033293243319715574,0.0014244557354046307,1.3534511222093603E-4,1.4102817378063457E-4,1.0,9.340777306279867E-4,1.3417709216314422E-4,1.3338423282965585E-4,2.976681960448353E-5,0.011138017946062631,2.106360437084068E-4,9.866789340648594E-5,1.4491231339133258E-4,3.628331521465531E-5,1.402887267240505E-4,0.0010094740605042837,1.4426966393624088E-4,4.66139186846098E-4,1.4278308869843312E-4,9.221634636029403E-4,4.6510628113636914E-4,1.4881804578033533E-4,9.224171231345947E-4,4.0912542487296947E-4,1.7968048262716115E-4,1.7363330125592233E-4,1.2876049041089373E-4,1.4599768101081795E-4,0.001977149766840333,0.005416960373037298,1.462137116877721E-4,1.5081617587250969E-4,0.0026502653135108255,1.4945178394158235E-4,7.354561275038749E-4,0.0010722573731709133,0.0018066785201443253,5.3634981232639813E-5,7.602882567641586E-4,1.1569289375184895E-4,1.0778133660797728E-4,1.3646051101735872E-4],[0.010615696710243563,0.002083653714526655,0.006446099915313878,2.6548229256636934E-4,0.004096336211738984,0.001587354499327558,0.0016582014101982167,0.0016805467204400845,0.002716988828522789,0.002618929741500225,0.004775645723955953,0.0014501305855391816,0.0022428569440915546,0.02478381195629752,0.0023405019519741285,0.0012369336506546002,9.955626637028062E-4,9.340777306279867E-4,1.0,0.0024229774106658,6.740106120438902E-4,7.14828658877402E-4,0.012497868020605842,0.0026322659155449723,0.002633473054079034,2.0331967114341004E-4,0.0020573511585427156,0.0011175931850721309,0.008172043493548137,0.001419869725853108,0.0020866269241357196,0.002267435619701188,0.0016828357121111265,0.0016702756369926276,0.0014063317243065314,0.002645719059168093,0.00175299959782598,0.0015720948391803892,0.002025537692795151,5.561622767774277E-4,6.384072304392804E-4,0.015321041931897195,0.0656712883151117,0.0017541597902355798,4.960774914756623E-4,0.0027089362979555386,5.489429672031758E-4,0.0010833231526651184,0.002606653619344796,0.005146768438725522,2.484817845676397E-4,0.0026144467983318653,0.0011535327456076777,3.00093679704141E-4,3.382976061330715E-4],[0.002810866637935512,9.468512536991347E-5,0.007470844501909347,6.671575018007911E-5,3.0307731863279236E-4,6.889159902326538E-4,8.273246120811755E-5,2.6296076898124247E-4,7.86747138394025E-4,0.0018357952775107116,0.005210787124342933,1.0780182737200929E-4,1.3362675847795787E-4,0.015070634835432063,0.0012361335626746327,1.108268778907169E-4,1.0800962581532742E-4,1.3417709216314422E-4,0.0024229774106658,1.0,8.373683704240423E-5,6.708489081489559E-5,0.01710531721246881,7.589909809690001E-4,4.221010984440164E-5,1.420993578127888E-4,4.087020840980167E-5,1.0440593842872542E-4,0.0029725214257147223,1.1181740367445688E-4,3.8096875740447337E-4,1.2119385058618644E-4,0.0014144091773808664,1.4388743313986847E-4,1.2587659556762478E-4,4.1588191094389676E-4,4.762843422706767E-4,2.1264566688736921E-4,6.505764443528625E-4,1.1495762532047464E-4,1.321956529493477E-4,0.004708929830882036,0.08932582722427097,1.4778829415877068E-4,1.351808829336533E-4,0.0027058587889959066,1.2986885271534733E-4,1.2438333882670112E-4,9.536537589693706E-4,0.004569615441452278,9.254168250008258E-5,2.72577861080901E-4,9.307226770375247E-5,8.796191584571501E-5,1.2740451625276289E-4],[0.0034298384099381114,1.76641699421976E-5,0.0017798150401976468,1.548487160367004E-5,0.0017554068592503822,2.8410471012637093E-4,3.3377415863247466E-5,3.8254327500900624E-4,0.0014272370042883093,5.416973927713744E-4,0.005344334946492653,1.941853707292659E-5,1.353783944113594E-4,0.0090256317643688,0.0014414341199747104,4.971757591703589E-5,6.191957394880808E-5,1.3338423282965585E-4,6.740106120438902E-4,8.373683704240423E-5,1.0,1.2680653444846905E-5,0.014784597173392817,4.741132026437003E-4,1.5072766287560846E-5,9.605347326031475E-5,2.0371488959748076E-5,2.3370105165520337E-5,7.83561678985507E-4,1.1304069834553681E-4,1.1839452867936273E-4,4.8659757879165725E-5,0.001520338786996018,8.96670735752962E-5,9.974472971829302E-5,1.2808577752081442E-4,1.2968503300354777E-4,9.967110906391982E-5,0.0014924323784872998,5.287366313102792E-5,5.057728726472045E-5,0.006742592306487173,0.029043411011184364,4.754841786535121E-5,6.20300576375247E-5,0.002912453370584312,5.775854911609649E-5,2.0396435997987328E-4,0.0010347408378982637,0.0022335670593511096,2.085788528298727E-5,4.955314752771108E-4,2.858355112733136E-5,1.5363673913892842E-5,1.0274295985513567E-4],[8.805492288832805E-4,1.2744999510255082E-5,0.0016181405891367666,1.5191230639964063E-5,0.0011579708362515848,6.644973223479437E-4,4.672783113087685E-5,6.422685624472671E-4,0.0023009373266760762,3.1844329054344885E-4,8.750180839138243E-4,2.0015661282561482E-5,1.1896874597276314E-4,0.001876088195768762,4.835255155467762E-4,5.385428001235345E-5,1.010274771943994E-4,2.976681960448353E-5,7.14828658877402E-4,6.708489081489559E-5,1.2680653444846905E-5,1.0,0.008676646822831783,0.0015634260651363732,1.2574807970923799E-5,7.079664955203693E-5,1.4772346598804064E-5,2.2646786733136357E-5,0.0011543572234262195,6.804165710730148E-5,1.1078193747961023E-4,4.2151899609217825E-5,4.870914393862024E-4,4.2213311521185166E-4,1.3494028782760794E-4,2.06339535141225E-4,3.087007428518755E-4,9.773192616270609E-5,7.47632810794967E-4,5.367903859265515E-5,8.745970535914977E-5,0.021160935415880017,0.059911160925511166,1.0672495760241416E-4,1.446342597648571E-4,0.0010481986971143892,1.8791962066269657E-5,2.0609783500676122E-4,1.3521759884101012E-4,0.0034067379688271465,1.3487969362580902E-5,7.177629585037588E-4,2.541327835407156E-5,1.524065067412883E-5,1.1292432801384778E-4],[0.01726742704358402,0.02234746491065647,0.026148398658680645,0.019494450967233935,0.021053357064527937,0.005692704966870692,0.004690822858383331,0.01342061408273807,0.01753096200747398,0.011952940528805796,0.023401438429728316,0.017907561156431297,0.00991765102510805,0.02649760819499991,0.0157716654950643,0.01747098814215593,0.014886302022171484,0.011138017946062631,0.012497868020605842,0.01710531721246881,0.014784597173392817,0.008676646822831783,1.0,0.017276843647509848,0.01681836815214048,0.025234443325399904,0.022571846785475854,0.018484038760980075,0.010651057269483236,0.007674758201782684,0.007975514477375621,0.009344938570500025,0.016842942710305488,5.611919858797914E-4,0.012710775833051758,0.025874295248673615,0.0059341047437439275,0.014697336331146641,0.015957090855299255,0.002126864567298811,0.011516824568080739,0.025475853158217807,0.03983874955686953,0.016313759111852594,0.014732449417000316,0.010458796227000416,0.011548970757940286,0.019229665160847814,0.004120777637082713,0.005780499033953861,0.01109795876841952,0.024555022449255393,4.587383373222796E-4,0.005568936367980851,0.022957601180335938],[0.0027320163919855017,7.256229870050363E-4,0.005724256795550279,1.6773020602717765E-4,0.004329910119561704,0.0014930431256051364,4.772647601818187E-4,0.0016093018636868398,0.0017886319033056518,0.0018895484868517631,0.003751510197636889,3.723102306961622E-4,8.81251008452393E-4,0.019402995040104603,0.0016835457130057645,0.001597302206791143,5.121826450516278E-4,2.106360437084068E-4,0.0026322659155449723,7.589909809690001E-4,4.741132026437003E-4,0.0015634260651363732,0.017276843647509848,1.0,6.849759850777901E-5,0.0012293648592504457,2.523415247501415E-4,8.817492534066502E-4,0.003241359314028702,8.563131501991726E-4,0.0013849161697998605,4.7519995923918075E-4,0.0016296382820379489,0.001339584141362858,7.627302058706189E-4,0.001351955673390841,9.597140436790887E-4,6.073494488791731E-4,0.0017330902259355368,0.0014709754027664708,9.366575800435132E-4,0.020683556895233043,0.09912898437739949,9.54184085987111E-4,4.427550878824993E-4,0.001952833053721515,0.0014121459344311668,0.0011203630063961586,0.0011902307236014928,0.004982603243036039,0.0014520996245000978,0.0016634307272982674,6.728875187906605E-4,6.837853016205119E-4,8.233012252724209E-4],[0.012252989477766098,1.5864153176175207E-5,0.0015380437124887715,1.8843095715498524E-5,0.001355268726763136,5.431837735851423E-4,6.160855183315522E-5,5.517536580019355E-4,0.001884707166822199,7.51866762541169E-4,0.0023829819893973056,2.1201603059391818E-5,1.0179893472225789E-4,0.003031360459211569,6.726526526979369E-4,8.531733827514147E-5,7.619645725380521E-5,9.866789340648594E-5,0.002633473054079034,4.221010984440164E-5,1.5072766287560846E-5,1.2574807970923799E-5,0.01681836815214048,6.849759850777901E-5,1.0,4.3360917993482166E-5,1.5381973679029026E-5,2.338163229739746E-5,9.284167155308944E-4,4.7042628599954804E-5,9.263109645523845E-4,1.138040291175849E-4,0.001392449128291409,4.4036978482886826E-4,4.9967958077375753E-5,1.0324070694686338E-4,3.048187450256005E-4,7.684556237707777E-5,9.852825903899037E-4,4.478707873504834E-5,1.33277833566403E-4,0.010944884732949236,0.06438938041973392,1.1099929140529182E-4,8.25358064111257E-5,8.425786286278154E-4,1.3054363209777476E-4,5.490061096788582E-4,5.567161056919071E-4,0.004257901071040737,1.800083464723712E-5,4.87208255404285E-4,2.328881706803488E-5,1.5428153480898074E-5,3.983806993739764E-5],[0.01076967336595972,5.70065261334402E-5,0.00344126384565453,1.07956693871173E-4,0.004931554492801425,2.866331875365256E-4,1.323537078249128E-4,6.730253837934291E-4,0.0016218248075470126,0.001869095130749907,0.004309258920194353,1.3716047979547488E-4,1.4276162674310233E-4,0.03309865620968891,0.0016269585983539794,1.3795989474599756E-4,1.0819036922132923E-4,1.4491231339133258E-4,2.0331967114341004E-4,1.420993578127888E-4,9.605347326031475E-5,7.079664955203693E-5,0.025234443325399904,0.0012293648592504457,4.3360917993482166E-5,1.0,7.4633775412072E-5,5.05600142180495E-5,0.008906884625370735,1.4352683615675434E-4,9.371218691612471E-4,1.2992058747465497E-4,6.029384669693329E-4,4.497587359628388E-4,1.528531050866404E-4,4.5020065481699055E-4,4.265804782385647E-4,1.9196727823626918E-4,1.939301448126901E-4,1.365824740058848E-4,1.4719247105699637E-4,0.01753726881331047,0.0031153523431096436,1.4675322694041127E-4,1.476037944904412E-4,0.0013114060368860198,1.5156735287096766E-4,2.809480322216491E-4,0.0010958162985523104,0.0016752817560931276,1.3412681687242063E-4,0.0014365339671388283,6.0814901587970125E-5,6.245542433527598E-5,1.3673826708317466E-4],[0.0017311853501002334,2.108814912221675E-5,0.00284260394365347,2.053952283494513E-5,0.002233243190655115,2.725531720753146E-4,3.5510911470427106E-5,5.478777474758703E-4,0.001654117780861225,8.913158626106867E-4,0.0012538256170892984,2.1299113944601706E-5,1.0384988459287894E-4,0.010954878848715044,0.001397125063039795,6.95417749332961E-5,7.284586743043954E-5,3.628331521465531E-5,0.0020573511585427156,4.087020840980167E-5,2.0371488959748076E-5,1.4772346598804064E-5,0.022571846785475854,2.523415247501415E-4,1.5381973679029026E-5,7.4633775412072E-5,1.0,4.201878092254812E-5,0.0012865058008008716,1.2063128058782833E-4,1.521799314496947E-4,4.8724877697298416E-5,0.0012834640703789995,3.910888872005718E-4,9.197061244233643E-5,5.262068321432928E-4,1.8166821101841553E-4,2.0637954178520215E-4,0.001656442826077849,8.165688264256167E-5,1.1864194341255195E-4,0.009373333652110778,0.025698962868086754,7.644793795927898E-5,1.113957125364062E-4,0.003124474460450385,7.801808629534237E-5,5.290810054393842E-4,6.390169390093139E-4,0.0024585333725123224,2.2439588872047235E-5,5.325197816361022E-4,2.8338294456777858E-5,1.5661394661927428E-5,3.168138688170658E-5],[0.006691033161885032,3.389106176718234E-5,5.84019298110276E-4,3.258950771227105E-5,0.002451956340695954,3.20372268200088E-4,7.488733264533127E-5,2.6344980394933394E-4,0.0016136666377802925,0.001801511757489558,0.002304801767468678,4.1833832713057285E-5,1.2517205598988357E-4,0.029823266964299527,3.541450418871321E-4,7.215459055441613E-5,6.211186269829724E-5,1.402887267240505E-4,0.0011175931850721309,1.0440593842872542E-4,2.3370105165520337E-5,2.2646786733136357E-5,0.018484038760980075,8.817492534066502E-4,2.338163229739746E-5,5.05600142180495E-5,4.201878092254812E-5,1.0,0.010046470215028924,5.306643930979666E-5,3.164499311395566E-4,1.2183276098957923E-4,0.001313363886206887,7.603296535333386E-5,1.066506482689621E-4,2.653494803967701E-4,3.019602341265376E-4,1.1071549557882518E-4,5.599825360663997E-4,1.02396965938333E-4,1.2709230159690127E-4,0.006579344688086514,0.02955473444160171,6.871967024436548E-5,1.3286885899760906E-4,0.002223040521011773,7.190490432306388E-5,3.523380034146609E-4,7.771039041217414E-4,0.0017562218375333717,2.373540191967588E-5,1.8210241447897053E-4,3.833067811987824E-5,3.4507651918849335E-5,6.332271971115257E-5],[0.011049550944085811,0.007917246098647229,0.010182120917770748,8.557799743073898E-4,0.007481053260545672,0.004261718104618746,0.004997470734586958,8.7958082375749E-4,0.006134807796499662,0.007985863912312142,0.009337117514216405,0.009510268682158055,0.0028542678093251054,0.03638284469208176,0.006530793940038127,0.004218923615229617,0.009381778712188813,0.0010094740605042837,0.008172043493548137,0.0029725214257147223,7.83561678985507E-4,0.0011543572234262195,0.010651057269483236,0.003241359314028702,9.284167155308944E-4,0.008906884625370735,0.0012865058008008716,0.010046470215028924,1.0,0.009906923591712297,0.00694903071538581,0.004674339616871361,0.006088509583130329,0.0032585621362167605,0.010291958330504149,0.0016908096772987862,0.00832932315399185,0.008106638744741509,0.006469517231790289,0.009188980140960859,6.107265126587382E-4,0.017662592056248275,0.07458802564456886,7.655126067872185E-4,0.001612877366832524,0.0063708608770534185,0.008115115605072803,0.0019671115579100165,0.003958728490431902,0.010290511498805116,0.008585850547418547,0.009435203948860327,0.007282595007641775,0.0016765968223353663,0.0038761514275304308],[0.004793444038426922,6.064169038863167E-5,0.005806431071316595,5.732063621196153E-5,0.0023006135820200476,1.8100106601144034E-4,9.761109679674138E-5,2.1632234520925102E-4,2.046116304481993E-4,0.0018910749924855056,0.005980143344868055,9.286439131347065E-5,1.3409154698597878E-4,0.03370833970527626,6.835639955509497E-4,1.2166106608156875E-4,1.0828097078361014E-4,1.4426966393624088E-4,0.001419869725853108,1.1181740367445688E-4,1.1304069834553681E-4,6.804165710730148E-5,0.007674758201782684,8.563131501991726E-4,4.7042628599954804E-5,1.4352683615675434E-4,1.2063128058782833E-4,5.306643930979666E-5,0.009906923591712297,1.0,8.043015867288349E-4,1.2917180841947194E-4,0.0015422381999543656,1.5117088407249233E-4,1.3784441772662955E-4,1.337903853036983E-4,6.059621521919035E-4,2.1102470707106376E-4,0.0017436782077410507,1.161216913589099E-4,1.3569017492736317E-4,0.019281956861859198,0.09947899544820148,1.3667058908008547E-4,1.3533025460585248E-4,0.002685181620429798,1.2995731908844573E-4,2.359901634920269E-4,5.300558413763663E-4,0.0012895525250245811,9.753837150659959E-5,0.0015169412545412092,8.46202377474765E-5,8.596758962545545E-5,1.318831820966496E-4],[0.01155148458170617,7.467214706633865E-4,0.007801585692252399,1.2103414259240963E-4,0.0048466684791407325,9.680064367481433E-4,5.112968348443098E-4,0.0010272483897552078,0.0024529608231417597,0.0013688913497507988,0.004547587779654403,6.283931052555345E-4,4.863947118088506E-4,0.02124916902926263,0.001462265048004295,7.508732073907658E-4,3.6111229740841546E-4,4.66139186846098E-4,0.0020866269241357196,3.8096875740447337E-4,1.1839452867936273E-4,1.1078193747961023E-4,0.007975514477375621,0.0013849161697998605,9.263109645523845E-4,9.371218691612471E-4,1.521799314496947E-4,3.164499311395566E-4,0.00694903071538581,8.043015867288349E-4,1.0,8.083715012715968E-4,0.0012862097771742438,7.602256611545456E-4,7.72710946743706E-4,0.001057558326940199,7.030415689301521E-4,3.9143455676706693E-4,0.0016973845470572868,2.737277800801769E-4,5.374124036884698E-4,0.00967237765406827,0.07581163267748015,4.5009467477614507E-4,8.639169346200077E-4,0.002802016558920866,6.22736324318679E-4,9.211778787793405E-4,0.001098947216276873,0.003948843617051124,4.6221642597020935E-4,0.0012614421914160978,5.231718260966507E-4,8.586382981725229E-4,6.968562980160721E-4],[8.172241446872703E-4,8.074152422153439E-5,0.0019174236552131948,2.228134409511983E-5,0.0011604474666181404,4.358043349272462E-4,8.927553836365354E-5,5.036533915432877E-4,9.122137795894412E-4,7.693443089819527E-4,0.0038373176403062727,6.646089769482619E-5,1.3537866808184483E-4,0.01343340631852779,7.164653646763343E-4,1.1395589269415074E-4,1.074690448287426E-4,1.4278308869843312E-4,0.002267435619701188,1.2119385058618644E-4,4.8659757879165725E-5,4.2151899609217825E-5,0.009344938570500025,4.7519995923918075E-4,1.138040291175849E-4,1.2992058747465497E-4,4.8724877697298416E-5,1.2183276098957923E-4,0.004674339616871361,1.2917180841947194E-4,8.083715012715968E-4,1.0,7.297331595159541E-4,3.554589106761137E-4,1.5537131559007367E-4,9.479571656854628E-4,5.207033220757513E-4,1.978490264738029E-4,7.270613930368716E-4,1.2149795096224925E-4,1.328727152058772E-4,0.01309121988897168,0.06677487971171046,1.3948900861056044E-4,1.4009432671928482E-4,5.864137430310264E-4,1.5151836426564158E-4,5.613270476535521E-4,4.2841663877121137E-4,8.929910264044561E-4,6.57271119168055E-5,0.0015094265338171152,1.0308593920398696E-4,1.0718294086725585E-4,1.262215827843155E-4],[0.002170699625809459,1.3571703361180978E-4,0.005392108059456015,5.796437754245794E-4,0.004043988642355768,7.560966676893302E-4,5.54263929483752E-4,8.69349789921016E-4,0.0023239846187852816,0.0017187161841543338,0.006454249387511624,9.435629325999675E-5,5.595348572307806E-4,0.023892285176149834,0.001589627916148291,9.460615549930024E-4,8.45286063626321E-4,9.221634636029403E-4,0.0016828357121111265,0.0014144091773808664,0.001520338786996018,4.870914393862024E-4,0.016842942710305488,0.0016296382820379489,0.001392449128291409,6.029384669693329E-4,0.0012834640703789995,0.001313363886206887,0.006088509583130329,0.0015422381999543656,0.0012862097771742438,7.297331595159541E-4,1.0,9.64554860325552E-4,3.847627220435212E-4,0.001169180096675246,0.001177820806557693,0.0015413968751806545,0.001674347737065372,7.705795678863702E-4,7.373133826614928E-4,0.007851811563241572,0.03615398075823812,0.0010983733921911517,0.0012737252148196795,0.0017304095981796734,4.42635883590364E-4,0.0013853349025048814,0.0012534048467292833,0.0017847923109666187,0.00134510556335466,0.0016250037814419078,1.3724465302744323E-4,4.452670795420779E-4,0.0012059749614321648],[0.00821689599981,1.1623677742380878E-4,0.007818706358731766,2.0155150958434017E-4,0.0034265273814186054,6.805953711494219E-4,5.218879498147951E-4,5.889396055039554E-4,0.0013702741668000086,8.159483591656507E-4,0.005277212390616021,2.6993777422026287E-4,3.5928098965230576E-4,0.01683392686450206,0.0014085402946529184,1.6819980997471879E-4,2.6729613962494733E-4,4.6510628113636914E-4,0.0016702756369926276,1.4388743313986847E-4,8.96670735752962E-5,4.2213311521185166E-4,5.611919858797914E-4,0.001339584141362858,4.4036978482886826E-4,4.497587359628388E-4,3.910888872005718E-4,7.603296535333386E-5,0.0032585621362167605,1.5117088407249233E-4,7.602256611545456E-4,3.554589106761137E-4,9.64554860325552E-4,1.0,4.2360969592461376E-4,8.080370836928935E-4,6.531677015871603E-4,2.5303813329758366E-4,0.001562117460972952,2.1257009450772812E-4,3.92743520035991E-4,0.015172480272954715,0.08582716159050456,2.5617624512251625E-4,1.818951185122199E-4,8.578074529921162E-4,4.968250192326527E-4,7.314387051105266E-4,6.534295641262509E-4,8.740618321212962E-4,4.032863019002388E-5,0.0015798402046225968,1.624693960171717E-4,5.254832978979127E-5,2.2575097837647384E-4],[0.00403597126670233,1.1470143315551414E-4,0.006701018604761819,1.110552258562645E-4,2.2269291249583936E-4,6.80868678437706E-4,1.2536145794358395E-4,6.014223908098379E-4,2.6381480018356114E-4,3.16416345272344E-4,0.0033366042062336217,8.004527967045999E-5,1.5583913768650435E-4,3.1188394243907876E-4,2.5127155776395174E-4,1.4207106501224495E-4,1.2494196508013104E-4,1.4881804578033533E-4,0.0014063317243065314,1.2587659556762478E-4,9.974472971829302E-5,1.3494028782760794E-4,0.012710775833051758,7.627302058706189E-4,4.9967958077375753E-5,1.528531050866404E-4,9.197061244233643E-5,1.066506482689621E-4,0.010291958330504149,1.3784441772662955E-4,7.72710946743706E-4,1.5537131559007367E-4,3.847627220435212E-4,4.2360969592461376E-4,1.0,5.879772067072165E-4,3.136311583567396E-4,2.0020895368123197E-4,0.0017523