[[1.0,0.010862425298683196,0.005432550885688906,0.004702945217761072,0.0010642394850364457,0.009590762609689328,0.004559453360824531,0.008395138793070557,0.00911525555079976,0.0017969952414691108,0.008648076015234415,0.0010922742300549506,0.004390310295781584,4.438784000311744E-4,0.010856038623905127,0.0065210060303203645,0.001599778323013501,0.006470435060331195,0.008585869302097288,0.006169901902593864,0.007603669788124286,0.010062547710979343,0.008820887224697541,0.0022595892088746556,0.0016696399511525663,0.009765777521995042,0.00596852345020834,0.010997217968416531,0.0051275341106122195,0.0030131225513276524,0.002452297030977519,0.0033578523456625937,0.0036690025993150674,0.008486472565923166,0.002048484763300704,8.578195296692395E-4,0.006469978856673448,0.011861608498551914,0.0014816544254700596,0.007621839145717158,0.009286756711901035,0.009457817031518536,0.0045651055290287686,0.007654298010140304,0.0036084239496999965,0.008198341784025698,0.007666489053717968],[0.010862425298683196,1.0,0.008097727103646485,0.0059370703276387105,0.005319867352769055,0.00917741945129657,0.003296337916639736,0.0031573430148882815,0.0031964404810913625,0.010703559541964794,0.009539017596399166,0.009734489164039536,0.0030482518524602518,0.0014520201518885658,0.013622470314883927,0.00517011560952665,0.006619713278399528,0.007079135467690579,0.007473191212558643,0.0019446550057112943,0.009449454698248547,0.010323932732785654,0.010126578011255691,0.005764682110943748,3.355975283119992E-4,0.007841639351058008,0.0017316104455627544,0.011072634999238887,0.007618743857541423,0.0023498473506928944,0.009840440887716587,0.009368807825414986,0.006201749422795698,0.009994275319828978,0.010637911799051953,0.003016684434584247,0.00999509731153426,0.011021906797328897,0.004743632808202411,0.003450835930188283,0.009911633582734041,0.0023283906679452708,0.006974136640591815,0.008683234907519191,0.004140779278128122,0.0026797206120699572,0.009992567623858627],[0.005432550885688906,0.008097727103646485,1.0,0.0017247397010931465,2.377782783736589E-5,3.091198783426649E-4,3.09878069445645E-4,0.0016847438033089621,3.1836403378181064E-4,1.057270988972447E-5,0.002896839236034756,2.3261439842397187E-5,2.6278333080469437E-5,1.3572382088289535E-4,0.0015370375004092128,0.0035681340059130987,7.353261060739296E-5,0.0019168362294936904,0.0035607597781473705,7.132361999169846E-4,2.0655779129055243E-5,1.2580684956294013E-5,1.6937389409970728E-4,1.136729210934452E-5,1.2940666526915833E-4,2.6529455933981704E-4,4.8012627895697833E-4,0.0062309631228306345,5.268096995964493E-5,1.540296405229702E-5,9.46471011475876E-4,2.690247908722743E-5,2.5629823822761563E-5,2.55513489378449E-4,9.242150559528759E-5,2.3786233798834587E-5,1.1248527713921155E-4,0.006520138229278117,3.586968836716145E-4,0.002400999280114777,5.928246015841397E-5,1.7080051642565955E-5,8.690719091299098E-5,0.0034773514760848083,0.0010237452935841476,2.85263688885088E-4,4.917227847242733E-4],[0.004702945217761072,0.0059370703276387105,0.0017247397010931465,1.0,0.001177809615051011,0.0016943058229113126,0.0018923969333397629,0.0020078448514774805,9.151462881424116E-4,0.001911493105913614,0.002102023055936926,0.0019092301370367158,9.852683575039302E-4,0.001998015175851041,0.006018313919592895,0.0032859854052987086,0.0015775682226228886,0.001935027085882088,0.0025110401562670314,0.0019320583080178807,7.547326802910311E-4,0.0010925689850741144,0.0019548719185297674,0.0012950606843455648,7.975490263382021E-4,7.037996215453099E-4,0.0014877483127431264,0.0033478662396418044,6.555429685171862E-4,0.0019152233580723805,0.001870438840687806,6.437845509430738E-4,0.0018322025808522224,8.832251009910302E-4,0.0017265923784798097,0.001802158543857489,9.22076425088694E-4,0.00976342835539256,0.0015398049311199362,0.0021587325610859273,0.0018766954975867813,6.260625730033891E-4,2.94481989821602E-4,0.0034187334700491764,0.0016463253578179757,0.0010125471974753242,0.002724188640619345],[0.0010642394850364457,0.005319867352769055,2.377782783736589E-5,0.001177809615051011,1.0,2.3632812370179453E-4,2.7253325719622486E-4,7.792573160677685E-4,9.579297924331429E-5,1.356376588891575E-5,0.0038551556015370774,1.379142669931769E-4,3.575547256958764E-5,8.823707904097909E-5,0.013956683636019271,0.002881332133053716,9.589833703442878E-5,1.8837244025750734E-4,0.0027079841338557412,1.7873156609273853E-4,3.354427772649131E-5,2.4159147355880797E-5,1.8582988368610846E-4,5.204538199502099E-5,1.1284943679990468E-4,2.094865853618284E-4,8.414930244816528E-4,0.004277542192682221,9.835086625115355E-5,2.575999673022305E-5,8.655100643057951E-4,7.314639276872528E-5,2.9512407181913042E-5,5.872849031141576E-5,4.582928654963702E-4,3.3894899854995054E-5,4.3134834003081895E-4,0.0055954700663384555,4.771334270776117E-4,0.0013612976657773979,8.757159669509902E-5,2.7468780169637225E-5,7.500243896608646E-5,0.0059334776569153255,8.720047043317112E-4,2.9335689821196427E-4,0.0020280141953246404],[0.009590762609689328,0.00917741945129657,3.091198783426649E-4,0.0016943058229113126,2.3632812370179453E-4,1.0,0.0014034469775743835,0.0017393253835846403,9.825782532442006E-4,4.8367772337769185E-4,0.0014797726363392977,4.520299260280095E-4,6.537374565472283E-4,3.205158634405591E-4,0.019267250897736593,0.0033259165476192225,5.849021350339027E-4,0.0015790010489215031,0.0021403740347572774,0.0012105515536551205,9.983057721469721E-5,5.3902356881594E-4,0.0011568875727958655,0.0012221658243788246,0.0011232418417911902,6.114982714074662E-4,0.0013352660989114937,0.008524958622537144,0.0012986626731644915,2.407567246830534E-5,0.0014719521984269545,0.0010676831486997565,0.0013564797653319773,0.0013255481034804796,0.001685353582418522,6.253156339889099E-4,7.238785763967717E-4,0.0015899049292298832,0.00124872935408503,0.0013755543353254312,3.958773102055865E-4,9.815746555952845E-4,0.001207253661361813,0.004908538134006134,0.0012895839191516972,6.172676511216164E-4,0.001871360196946426],[0.004559453360824531,0.003296337916639736,3.09878069445645E-4,0.0018923969333397629,2.7253325719622486E-4,0.0014034469775743835,1.0,0.0014990722179532858,0.0012705859207893656,0.0011711471148669122,0.004260914514043998,8.70895319244396E-4,0.0014360238657445989,0.0013172648727831954,0.011563083242785373,0.0037426796393808023,8.716085835998202E-4,0.001893115190978551,0.003937108584173334,0.0014275632988921668,0.001199988708229208,4.027839813631767E-4,0.0010332099130304774,2.132075641505237E-4,9.764388768056825E-4,5.280758143535787E-4,0.0014122994301814429,0.0040365105262777385,0.0014004589697828504,4.087540962395274E-5,0.0016875150270559977,3.6922617100455595E-4,5.86145087893479E-4,3.9831764136220155E-4,0.001639708519530011,0.0011484295337945867,0.0011098834781899903,0.008585146677037256,8.094684515625508E-4,0.002083041157204233,4.7417345827259423E-4,8.009912604469978E-4,9.51950794488759E-4,0.004818491134585325,0.0012738266273134365,0.001278091302355249,0.002548230305820718],[0.008395138793070557,0.0031573430148882815,0.0016847438033089621,0.0020078448514774805,7.792573160677685E-4,0.0017393253835846403,0.0014990722179532858,1.0,5.608837611681452E-4,6.635251075786531E-4,0.002936749674852329,8.410181881004422E-4,0.0013431289187703702,0.0016410697140494838,0.013108251131638486,0.00253936627229794,8.733699322050808E-4,0.00184001903687266,0.004250225534010116,0.0016967758558705669,9.169590673192677E-4,0.001742207826213424,6.268658505631836E-4,5.419517068261207E-4,8.78097981016804E-4,0.001620577882274086,0.0017159784095886108,0.008304715403438257,0.001369789682562816,5.487083413088372E-4,0.0018157315734555234,0.0018056943280714203,2.5283900234528275E-4,0.0015726559777642928,0.0018075178582270149,0.0016858065038610286,0.0016949222978566254,0.00865955986030709,0.0010541519782569229,0.0030085729773604913,0.001519972802504798,5.521040268004597E-4,0.0015187021225493192,0.004101139585705725,0.001324096858767922,0.0010411301654724573,0.0018385143316054378],[0.00911525555079976,0.0031964404810913625,3.1836403378181064E-4,9.151462881424116E-4,9.579297924331429E-5,9.825782532442006E-4,0.0012705859207893656,5.608837611681452E-4,1.0,4.6137491060248916E-4,0.004241722514133169,4.47693032309856E-4,2.6280413733507143E-4,5.108584566554336E-4,0.02306404077528369,0.002811852500599973,3.812693925441568E-4,7.607172858018613E-4,0.0011038541357966825,7.802152180964694E-4,5.301132156899993E-4,2.752316693063666E-4,5.263112492535652E-4,4.916228231920465E-4,4.354919250432002E-4,5.385723125358501E-4,6.614509923149601E-4,0.0065296105178410755,4.26840804135294E-4,1.698956107629152E-4,0.0015441529304944751,4.7287186465820954E-4,5.07916855133513E-4,3.9292998057732125E-4,6.294267767169793E-4,4.6563838912417433E-4,5.693498831133551E-4,0.002416622321105036,5.698431481550967E-4,0.002677946647959281,4.355549576151783E-4,4.762065883564672E-5,4.2991830854664326E-4,0.0030988309838152167,5.919736574851892E-4,4.87343745745331E-4,0.0020394626999904455],[0.0017969952414691108,0.010703559541964794,1.057270988972447E-5,0.001911493105913614,1.356376588891575E-5,4.8367772337769185E-4,0.0011711471148669122,6.635251075786531E-4,4.6137491060248916E-4,1.0,0.0035714181040745205,4.1869209249184415E-5,3.190175031293584E-5,1.1486616660014349E-4,0.01356545223678322,0.003317562875421994,8.663257688472791E-5,4.0397904088298255E-4,0.0038659936218089896,5.964152814683975E-4,2.1191049201801007E-5,1.4136392579809239E-5,2.2433901153380903E-4,6.0360060956128205E-5,3.162463157432379E-5,2.1665086865500646E-5,1.2094841307638761E-4,0.008165641888102754,1.1844740787680993E-5,1.386345162846136E-5,0.0013278552351316242,7.678676833714855E-5,2.2860292955258035E-5,7.033903848453346E-5,8.699167032996418E-4,2.4842651671321097E-5,4.5904411370994953E-4,0.002671032172862686,1.6029260645754074E-4,6.649086549125926E-4,8.837659481705417E-5,1.4286923081482472E-5,1.1882169799310179E-4,0.0052324076969822286,4.1681775352173735E-4,4.592266797438766E-5,2.2629167223198242E-4],[0.008648076015234415,0.009539017596399166,0.002896839236034756,0.002102023055936926,0.0038551556015370774,0.0014797726363392977,0.004260914514043998,0.002936749674852329,0.004241722514133169,0.0035714181040745205,1.0,0.004435497802123753,0.001658229704054369,4.126803363404414E-4,0.017711256200564286,0.00441317032652032,0.0016570308231221925,0.0038976083453126547,0.004498553583114375,0.0015704336286330386,0.0035393583915900974,0.0010273819272865053,0.001485687007127716,0.001326102343243603,0.0028335005138989053,0.003068392595777456,0.0017546462782911947,0.0083400340796771,0.0019508804017223855,0.002630631422015123,0.002602559528896771,0.00392649166883588,0.001865159818777481,0.003853154892045472,0.003843080619342522,0.002503194302661899,0.001902612449819097,0.006550694839487449,0.0029051769704826814,0.003659432985197065,4.933654509794532E-4,0.0011255578511067362,0.002419465313539275,0.005618896900876135,0.003110027612135617,0.002176119479983171,0.0041753195184963355],[0.0010922742300549506,0.009734489164039536,2.3261439842397187E-5,0.0019092301370367158,1.379142669931769E-4,4.520299260280095E-4,8.70895319244396E-4,8.410181881004422E-4,4.47693032309856E-4,4.1869209249184415E-5,0.004435497802123753,1.0,1.5503101517616336E-4,1.634812227103651E-4,0.01789905791327481,0.004241717228972891,1.9235668289661558E-4,8.62284002193523E-4,0.004020526893869081,5.43615263770908E-4,4.392734730019795E-5,3.25325518714045E-5,2.8114370985442283E-4,1.7839360978640022E-4,2.5039350906649774E-4,1.6892969124065644E-4,3.173813715797861E-4,0.002652099768433054,1.3566636714582565E-4,8.195630134091456E-5,0.001069669153783454,1.1135640093047927E-4,5.772005521901601E-5,2.1289905953706363E-4,0.0012710572213320524,9.449224340890236E-5,3.803427950879512E-4,0.009190332179128163,2.3571330003751623E-4,0.0013071566046434359,1.2069106024347725E-4,2.430212949674428E-5,1.5137653450866841E-4,0.0016171599078621548,1.7415314072656083E-4,2.2470059978439136E-4,0.0013911565355842876],[0.004390310295781584,0.0030482518524602518,2.6278333080469437E-5,9.852683575039302E-4,3.575547256958764E-5,6.537374565472283E-4,0.0014360238657445989,0.0013431289187703702,2.6280413733507143E-4,3.190175031293584E-5,0.001658229704054369,1.5503101517616336E-4,1.0,8.746329276082636E-5,0.012525065680486313,0.0010004705371246382,1.907171441221485E-4,0.0010747958432430237,0.0037208401991141826,4.118499255868334E-4,3.732263256594879E-5,2.9825390678295134E-5,7.231526369620279E-5,1.335799013024354E-4,1.5192988083087653E-4,2.3989975966102846E-4,2.5748853363225877E-4,0.00864517028318506,5.510406246050189E-5,3.294990880642592E-5,0.001488519718394686,9.66345806262354E-5,4.083040587567066E-5,2.51591896745955E-4,6.292276828947814E-4,3.9828408289832145E-5,3.8714922789610367E-4,0.009359117842219702,1.6516303607652487E-4,8.797409124589334E-5,5.49033937344887E-5,3.0378077219992122E-5,1.2227535527367667E-4,7.108435934698945E-4,1.1320277636009971E-4,1.6786488840534762E-4,0.002148903060923023],[4.438784000311744E-4,0.0014520201518885658,1.3572382088289535E-4,0.001998015175851041,8.823707904097909E-5,3.205158634405591E-4,0.0013172648727831954,0.0016410697140494838,5.108584566554336E-4,1.1486616660014349E-4,4.126803363404414E-4,1.634812227103651E-4,8.746329276082636E-5,1.0,0.018821797911283873,1.7159741341681308E-4,2.126151405039087E-4,0.0016931401057641124,0.0015200440726001326,0.001021446517847394,8.803079798767847E-5,8.561694871534928E-5,3.356315270649431E-4,1.825174930260046E-4,1.9243417209457406E-4,1.9240829555958481E-4,2.3517792020435216E-4,0.004408722658091537,1.5908433382471338E-4,3.7681829300809136E-5,5.849134105139716E-4,1.5948980414722186E-4,1.178697577793204E-4,2.561070901544053E-4,0.0010100151210586535,1.3227160831870668E-4,3.157457005872617E-4,0.008230373828117489,1.7357851479966364E-4,2.6691478088380953E-4,1.656971525413809E-4,1.3039927199025807E-4,1.6188685544179623E-4,0.004543718642498107,7.385985415538486E-4,2.048750169366487E-4,0.002971357826092344],[0.010856038623905127,0.013622470314883927,0.0015370375004092128,0.006018313919592895,0.013956683636019271,0.019267250897736593,0.011563083242785373,0.013108251131638486,0.02306404077528369,0.01356545223678322,0.017711256200564286,0.01789905791327481,0.012525065680486313,0.018821797911283873,1.0,0.020648890638487957,0.015384479529253321,0.009811851337053618,0.01690916882679654,0.012998091468140405,0.007931829892110167,0.015792279171878906,0.018264034203845897,0.020952076683823796,0.0030823306953492494,0.014949843499889988,0.018508394938809142,0.015265469676020455,0.013132287655832723,0.004645624264609847,0.02050503052522234,0.005429449010493949,0.02349016412025353,0.013850830422026,0.014650500292111488,0.016592494451046158,0.0027441883481911836,0.012082056136331431,0.009111342647279351,0.011767677882519707,0.006291915023191579,0.014310896409347811,0.013416265730588097,0.019201555414878876,0.01742351641464612,0.02157062289291114,0.012810289151628719],[0.0065210060303203645,0.00517011560952665,0.0035681340059130987,0.0032859854052987086,0.002881332133053716,0.0033259165476192225,0.0037426796393808023,0.00253936627229794,0.002811852500599973,0.003317562875421994,0.00441317032652032,0.004241717228972891,0.0010004705371246382,1.7159741341681308E-4,0.020648890638487957,1.0,4.004438645062934E-4,0.0027167646518448997,0.004337196305108042,0.0016557646103305906,0.0023768315059042784,0.0017870294960534055,5.803059650033069E-4,0.0013754907794937701,0.002441303503665132,0.0021541779420576647,0.0013920154686923216,0.005711484541956351,0.0017677020699722271,0.002104930264102989,0.003848539338585531,0.0032775470288005947,0.003309723657637718,0.001591856573041704,0.003939626909257244,0.0034039100804397395,0.0021970991185663647,0.007369541762224079,0.001880614317578631,0.003642591172208568,0.003206022353494919,0.0010534438479367328,0.003718504358542135,0.004926382143454765,0.0028026983009374136,0.00378134060111878,0.004322462865810485],[0.001599778323013501,0.006619713278399528,7.353261060739296E-5,0.0015775682226228886,9.589833703442878E-5,5.849021350339027E-4,8.716085835998202E-4,8.733699322050808E-4,3.812693925441568E-4,8.663257688472791E-5,0.0016570308231221925,1.9235668289661558E-4,1.907171441221485E-4,2.126151405039087E-4,0.015384479529253321,4.004438645062934E-4,1.0,0.0014958862269612158,0.004326239797826162,8.686950476674932E-4,8.605721696870913E-5,9.778089252378088E-5,2.513018114637972E-4,2.11414399179128E-4,2.713058853726619E-4,3.174030347644753E-4,2.7279681657589843E-4,0.00568379239334406,2.135381636590396E-4,1.3307331557078092E-4,8.231023372866601E-4,2.3187004107179187E-4,1.2731505647540803E-4,2.6190967736620106E-4,0.0015531772159634097,1.0763178733537076E-4,3.897002575914863E-4,0.006709441349345935,3.939164285997966E-4,2.594890475926204E-4,2.1141123776762392E-4,4.084934474456398E-5,1.5359001147925968E-4,5.342504266786945E-4,6.404937053011901E-4,2.469845184327336E-4,8.833959155246747E-4],[0.006470435060331195,0.007079135467690579,0.0019168362294936904,0.001935027085882088,1.8837244025750734E-4,0.0015790010489215031,0.001893115190978551,0.00184001903687266,7.607172858018613E-4,4.0397904088298255E-4,0.0038976083453126547,8.62284002193523E-4,0.0010747958432430237,0.0016931401057641124,0.009811851337053618,0.0027167646518448997,0.0014958862269612158,1.0,0.0020629371129641766,0.001552096414488876,0.00134731263947307,0.0017795320795895432,6.989662103262113E-4,3.856820422883533E-4,3.456257800118714E-4,0.0011514912185906436,0.0019246051286653959,0.006588218417123905,9.745792022301616E-4,0.0013123001454384562,0.0017277219012883935,0.0018750127255928377,7.133104653176233E-5,0.001293519242305584,0.001814776621680002,0.0013071627115909972,0.0015120342893000546,0.006658584033107865,0.0014901753688678673,0.0019582569446598805,0.001435709244975555,0.0014465905008399867,5.348833246947753E-4,0.004658258285935177,0.0013113036709030536,0.0016017211464517235,0.002676632693508399],[0.008585869302097288,0.007473191212558643,0.0035607597781473705,0.0025110401562670314,0.0027079841338557412,0.0021403740347572774,0.003937108584173334,0.004250225534010116,0.0011038541357966825,0.0038659936218089896,0.004498553583114375,0.004020526893869081,0.0037208401991141826,0.0015200440726001326,0.01690916882679654,0.004337196305108042,0.004326239797826162,0.0020629371129641766,1.0,0.001702397144842356,0.003273865905056505,0.0021083540815675476,0.0011752834595644933,0.0020459664998655155,0.003969798554296749,0.004196666996910192,0.003075277993855892,0.006072654547525293,0.0010940740854154802,0.001279529230727577,0.0032589996511698488,0.003595296986769214,0.0042784239576619905,0.0033746872374479423,0.003491971626302555,0.002251842483752865,0.0027567689811919477,0.007604970109601709,0.0010590275719149704,0.004088849869118781,0.0010942099287030139,0.003305810641020605,0.002027912330863505,0.004810238187740462,0.002188796435149701,0.003509836339731247,0.004265358182023294],[0.006169901902593864,0.0019446550057112943,7.132361999169846E-4,0.0019320583080178807,1.7873156609273853E-4,0.0012105515536551205,0.0014275632988921668,0.0016967758558705669,7.802152180964694E-4,5.964152814683975E-4,0.0015704336286330386,5.43615263770908E-4,4.118499255868334E-4,0.001021446517847394,0.012998091468140405,0.0016557646103305906,8.686950476674932E-4,0.001552096414488876,0.001702397144842356,1.0,6.423662858004546E-4,0.0010629642610694393,0.0010209006428168817,4.1701277306244416E-4,4.597070858911315E-4,9.651962705106978E-4,0.0011499163628818018,0.0012382027093689398,3.079653811261808E-4,2.4439017849341567E-4,0.0013336783926878892,8.145914414850649E-4,6.024420466108191E-4,8.473499887087608E-4,0.0013439060162592311,9.362220423512047E-4,8.720320308271868E-4,0.010046560776106779,9.749985345388387E-4,0.0029626899304121034,9.121188097056939E-4,7.233229459551385E-4,2.136133844610127E-4,0.0038127201291371154,0.0010737712473122398,5.68431962253486E-4,0.00304385114941311],[0.007603669788124286,0.009449454698248547,2.0655779129055243E-5,7.547326802910311E-4,3.354427772649131E-5,9.983057721469721E-5,0.001199988708229208,9.169590673192677E-4,5.301132156899993E-4,2.1191049201801007E-5,0.0035393583915900974,4.392734730019795E-5,3.732263256594879E-5,8.803079798767847E-5,0.007931829892110167,0.0023768315059042784,8.605721696870913E-5,0.00134731263947307,0.003273865905056505,6.423662858004546E-4,1.0,3.5252024823824054E-5,1.897585543676644E-4,1.0937261275324289E-4,3.9152316593967175E-5,5.785455397056245E-5,2.5371212422363606E-4,0.002722487870733605,5.787899959074724E-5,2.8457607132184603E-5,7.677537912004235E-4,6.638061301512328E-5,3.6497482271458384E-5,2.358599629939785E-4,2.579698549663736E-4,3.670982393739909E-5,8.679354685866989E-5,0.002189650934065981,3.727980245165611E-4,2.736533629845388E-4,8.176774176988761E-5,3.030421244347549E-5,1.0394063577019553E-4,0.005286729184590669,9.384823125599615E-4,1.3477787509156815E-4,0.0032427372855599055],[0.010062547710979343,0.010323932732785654,1.2580684956294013E-5,0.0010925689850741144,2.4159147355880797E-5,5.3902356881594E-4,4.027839813631767E-4,0.001742207826213424,2.752316693063666E-4,1.4136392579809239E-5,0.0010273819272865053,3.25325518714045E-5,2.9825390678295134E-5,8.561694871534928E-5,0.015792279171878906,0.0017870294960534055,9.778089252378088E-5,0.0017795320795895432,0.0021083540815675476,0.0010629642610694393,3.5252024823824054E-5,1.0,5.552010323570946E-5,1.3899951905227848E-4,1.5403517626784663E-4,2.5241018401784036E-4,0.0011742886907818231,0.003063682125392834,3.84674269953517E-5,1.8625446084086386E-5,4.2701628671605704E-4,1.9752630584809744E-5,1.948705988266374E-5,1.149895507282548E-4,0.0011063128048518025,2.4271987698982364E-5,6.710424557751664E-4,0.005811695754522027,5.397286274597098E-4,0.0024229167044083296,1.1396993514198843E-4,2.0458953795998894E-5,1.1071715751096356E-4,0.005972570639597851,2.2226981496977107E-4,2.2448197780829904E-5,0.0030719092554334125],[0.008820887224697541,0.010126578011255691,1.6937389409970728E-4,0.0019548719185297674,1.8582988368610846E-4,0.0011568875727958655,0.0010332099130304774,6.268658505631836E-4,5.263112492535652E-4,2.2433901153380903E-4,0.001485687007127716,2.8114370985442283E-4,7.231526369620279E-5,3.356315270649431E-4,0.018264034203845897,5.803059650033069E-4,2.513018114637972E-4,6.989662103262113E-4,0.0011752834595644933,0.0010209006428168817,1.897585543676644E-4,5.552010323570946E-5,1.0,2.2349422056770573E-4,2.8464690330703426E-4,3.3539386968857015E-4,3.9359158739070877E-4,0.0075300849297642875,3.050738663513045E-4,5.241151455833543E-5,0.0013956429600632573,2.4045847474902718E-4,9.34259698650195E-5,3.1904628327837495E-4,7.253674560352326E-4,1.9818698145005625E-4,5.40696311436328E-4,9.20369570587381E-4,4.4666278792894574E-4,0.00308941324557731,1.5474998385370102E-4,3.180562588547992E-4,3.3826209292182283E-4,0.005062231279843732,0.0010453591747340328,3.195770925376227E-4,4.394342159225659E-4],[0.0022595892088746556,0.005764682110943748,1.136729210934452E-5,0.0012950606843455648,5.204538199502099E-5,0.0012221658243788246,2.132075641505237E-4,5.419517068261207E-4,4.916228231920465E-4,6.0360060956128205E-5,0.001326102343243603,1.7839360978640022E-4,1.335799013024354E-4,1.825174930260046E-4,0.020952076683823796,0.0013754907794937701,2.11414399179128E-4,3.856820422883533E-4,0.0020459664998655155,4.1701277306244416E-4,1.0937261275324289E-4,1.3899951905227848E-4,2.2349422056770573E-4,1.0,2.634878865525236E-4,3.2130637091012216E-4,5.643542711128321E-4,7.896876378090116E-4,1.2917513409198029E-4,1.8357002741330256E-4,4.004740275164102E-4,1.4494960659036112E-4,3.062545859511172E-5,2.6775272494724417E-4,4.5103977639602904E-4,6.827157753325466E-5,2.6435008279773135E-4,0.002290965763240667,6.129208051687837E-4,0.0020404681151640013,1.676228202170738E-4,1.1165494857580689E-4,1.773517451516382E-4,0.005707159648733874,5.602912908240738E-4,2.3327335392867414E-4,6.347949789510455E-4],[0.0016696399511525663,3.355975283119992E-4,1.2940666526915833E-4,7.975490263382021E-4,1.1284943679990468E-4,0.0011232418417911902,9.764388768056825E-4,8.78097981016804E-4,4.354919250432002E-4,3.162463157432379E-5,0.0028335005138989053,2.5039350906649774E-4,1.5192988083087653E-4,1.9243417209457406E-4,0.0030823306953492494,0.002441303503665132,2.713058853726619E-4,3.456257800118714E-4,0.003969798554296749,4.597070858911315E-4,3.9152316593967175E-5,1.5403517626784663E-4,2.8464690330703426E-4,2.634878865525236E-4,1.0,3.0432766433684716E-4,4.16795748561255E-4,0.008838553912304429,1.0701830576853199E-4,2.718222743326534E-4,0.001694322402788305,2.5785416302647607E-4,6.45423342108056E-5,2.694357849060117E-4,0.0013284039771717258,1.3745858310239118E-4,6.37447025685277E-4,0.005306404921938388,4.3192276288641686E-4,0.0028842806775298472,2.2190533647676214E-4,2.467892395358448E-4,2.4390488641986728E-4,0.0024251559259022243,9.095974680794858E-4,3.02540002655278E-4,0.0031641749037047808],[0.009765777521995042,0.007841639351058008,2.6529455933981704E-4,7.037996215453099E-4,2.094865853618284E-4,6.114982714074662E-4,5.280758143535787E-4,0.001620577882274086,5.385723125358501E-4,2.1665086865500646E-5,0.003068392595777456,1.6892969124065644E-4,2.3989975966102846E-4,1.9240829555958481E-4,0.014949843499889988,0.0021541779420576647,3.174030347644753E-4,0.0011514912185906436,0.004196666996910192,9.651962705106978E-4,5.785455397056245E-5,2.5241018401784036E-4,3.3539386968857015E-4,3.2130637091012216E-4,3.0432766433684716E-4,1.0,6.381741700734224E-4,7.595389837705939E-4,1.159498716332878E-4,1.4880287904485906E-4,5.131408030945991E-4,2.3924206074155913E-4,2.118043305905961E-4,2.842673757040642E-4,4.87417336786045E-4,1.559594225453203E-4,6.031335646490186E-4,0.008885728327430994,5.076013393158234E-4,0.0014771812229846804,2.7018195788633983E-4,4.709307836489299E-5,3.08481598238947E-4,6.135266014893027E-4,5.587551021631653E-4,3.105179172537585E-4,0.002761586092348039],[0.00596852345020834,0.0017316104455627544,4.8012627895697833E-4,0.0014877483127431264,8.414930244816528E-4,0.0013352660989114937,0.0014122994301814429,0.0017159784095886108,6.614509923149601E-4,1.2094841307638761E-4,0.0017546462782911947,3.173813715797861E-4,2.5748853363225877E-4,2.3517792020435216E-4,0.018508394938809142,0.0013920154686923216,2.7279681657589843E-4,0.0019246051286653959,0.003075277993855892,0.0011499163628818018,2.5371212422363606E-4,0.0011742886907818231,3.9359158739070877E-4,5.643542711128321E-4,4.16795748561255E-4,6.381741700734224E-4,1.0,0.007550401719542042,2.602807676056708E-4,9.935689529541483E-4,0.0015732923214826326,0.0010769229120318796,0.0012075044105028386,4.081056369817648E-4,0.0012769376427333777,5.143039187872626E-4,0.0011693011124153019,0.011509791052349077,0.0010287061370273028,0.0018159943168001458,5.345954590704993E-4,9.494156982646545E-4,6.675790471147742E-4,0.004114029188530833,0.0010574868156103953,7.407782215906269E-4,0.001468216985621437],[0.010997217968416531,0.011072634999238887,0.0062309631228306345,0.0033478662396418044,0.004277542192682221,0.008524958622537144,0.0040365105262777385,0.008304715403438257,0.0065296105178410755,0.008165641888102754,0.0083400340796771,0.002652099768433054,0.00864517028318506,0.004408722658091537,0.015265469676020455,0.005711484541956351,0.00568379239334406,0.006588218417123905,0.006072654547525293,0.0012382027093689398,0.002722487870733605,0.003063682125392834,0.0075300849297642875,7.896876378090116E-4,0.008838553912304429,7.595389837705939E-4,0.007550401719542042,1.0,0.0013742547499654386,0.005487439687500292,0.01057447136168492,0.010623451467024835,0.006420648036693295,0.0091466448509912,0.008447860998669718,0.006703024279414736,0.0072617649577577555,0.011429892926623874,8.260975880605725E-4,0.009666543158978642,0.0015761208360956507,0.0074073616544975554,4.351742821821241E-4,0.006794106312544033,0.00958428304205087,0.009129510763160596,0.0034180232696163354],[0.0051275341106122195,0.007618743857541423,5.268096995964493E-5,6.555429685171862E-4,9.835086625115355E-5,0.0012986626731644915,0.0014004589697828504,0.001369789682562816,4.26840804135294E-4,1.1844740787680993E-5,0.0019508804017223855,1.3566636714582565E-4,5.510406246050189E-5,1.5908433382471338E-4,0.013132287655832723,0.0017677020699722271,2.135381636590396E-4,9.745792022301616E-4,0.0010940740854154802,3.079653811261808E-4,5.787899959074724E-5,3.84674269953517E-5,3.050738663513045E-4,1.2917513409198029E-4,1.0701830576853199E-4,1.159498716332878E-4,2.602807676056708E-4,0.0013742547499654386,1.0,5.7896889729004166E-5,0.001399964909952433,1.0825180052240218E-4,9.333513384432709E-5,1.7662322088679507E-4,0.0016689182940472082,8.714235424965752E-5,3.4556764603522E-4,7.854425724426544E-4,5.880191325253767E-4,0.0022345547558039916,1.0782304765148566E-4,6.485961816642707E-5,1.300756323840896E-4,0.0010659747223607688,4.7175436880534456E-4,2.0833075476638465E-4,6.414291536502556E-4],[0.0030131225513276524,0.0023498473506928944,1.540296405229702E-5,0.0019152233580723805,2.575999673022305E-5,2.407567246830534E-5,4.087540962395274E-5,5.487083413088372E-4,1.698956107629152E-4,1.386345162846136E-5,0.002630631422015123,8.195630134091456E-5,3.294990880642592E-5,3.7681829300809136E-5,0.004645624264609847,0.002104930264102989,1.3307331557078092E-4,0.0013123001454384562,0.001279529230727577,2.4439017849341567E-4,2.8457607132184603E-5,1.8625446084086386E-5,5.241151455833543E-5,1.8357002741330256E-4,2.718222743326534E-4,1.4880287904485906E-4,9.935689529541483E-4,0.005487439687500292,5.7896889729004166E-5,1.0,7.28393602319469E-5,1.040110994815463E-4,2.506178305900047E-5,9.69907665502612E-5,7.140483027919862E-4,2.6537105546164267E-5,4.6111409009214174E-4,0.010965630203494855,5.211733218551683E-4,4.717296342269039E-4,1.1474965221916811E-4,1.9646203056442904E-5,6.939466442984722E-5,0.005214278400018216,7.372428619390047E-4,1.4078827941293835E-4,0.0023431841785452206],[0.002452297030977519,0.009840440887716587,9.46471011475876E-4,0.001870438840687806,8.655100643057951E-4,0.0014719521984269545,0.0016875150270559977,0.0018157315734555234,0.0015441529304944751,0.0013278552351316242,0.002602559528896771,0.001069669153783454,0.001488519718394686,5.849134105139716E-4,0.02050503052522234,0.003848539338585531,8.231023372866601E-4,0.0017277219012883935,0.0032589996511698488,0.0013336783926878892,7.677537912004235E-4,4.2701628671605704E-4,0.0013956429600632573,4.004740275164102E-4,0.001694322402788305,5.131408030945991E-4,0.0015732923214826326,0.01057447136168492,0.001399964909952433,7.28393602319469E-5,1.0,4.8469034297248675E-4,8.506476680757983E-4,0.0015900984917602786,0.001694915254237288,4.26854383355591E-4,0.0016540007963662192,0.003599974211154466,0.0012911764572760792,0.0028305463555205897,0.0011630634410330926,0.001560775256264837,1.587041192897862E-4,0.004399820696925156,0.0014956938914227071,0.0013758984337496278,0.002226229386443043],[0.0033578523456625937,0.009368807825414986,2.690247908722743E-5,6.437845509430738E-4,7.314639276872528E-5,0.0010676831486997565,3.6922617100455595E-4,0.0018056943280714203,4.7287186465820954E-4,7.678676833714855E-5,0.00392649166883588,1.1135640093047927E-4,9.66345806262354E-5,1.5948980414722186E-4,0.005429449010493949,0.0032775470288005947,2.3187004107179187E-4,0.0018750127255928377,0.003595296986769214,8.145914414850649E-4,6.638061301512328E-5,1.9752630584809744E-5,2.4045847474902718E-4,1.4494960659036112E-4,2.5785416302647607E-4,2.3924206074155913E-4,0.0010769229120318796,0.010623451467024835,1.0825180052240218E-4,1.040110994815463E-4,4.8469034297248675E-4,1.0,4.858358078599772E-5,1.5189886258961785E-4,3.484950621982685E-4,6.960947080388292E-5,4.6097792450042066E-4,0.009210504365325134,4.077775722463602E-4,0.001105461692349385,1.1382276346765122E-4,2.997245659642606E-5,1.2222035026157683E-4,0.0028295790073653037,5.422541283461896E-4,2.6981686324389963E-4,1.5484646148920594E-4],[0.0036690025993150674,0.006201749422795698,2.5629823822761563E-5,0.0018322025808522224,2.9512407181913042E-5,0.0013564797653319773,5.86145087893479E-4,2.5283900234528275E-4,5.07916855133513E-4,2.2860292955258035E-5,0.001865159818777481,5.772005521901601E-5,4.083040587567066E-5,1.178697577793204E-4,0.02349016412025353,0.003309723657637718,1.2731505647540803E-4,7.133104653176233E-5,0.0042784239576619905,6.024420466108191E-4,3.6497482271458384E-5,1.948705988266374E-5,9.34259698650195E-5,3.062545859511172E-5,6.45423342108056E-5,2.118043305905961E-4,0.0012075044105028386,0.006420648036693295,9.333513384432709E-5,2.506178305900047E-5,8.506476680757983E-4,4.858358078599772E-5,1.0,1.263353616601082E-4,0.0014983760445703822,3.3401735110201444E-5,4.5612773976876807E-4,0.002360393391348963,2.0927646751959337E-4,0.0023884355995377146,9.780365084694891E-5,2.6933661991441144E-5,8.676088911325852E-5,0.004958138375789734,4.862733229101897E-5,9.138339278103163E-5,0.00308760361664189],[0.008486472565923166,0.009994275319828978,2.55513489378449E-4,8.832251009910302E-4,5.872849031141576E-5,0.0013255481034804796,3.9831764136220155E-4,0.0015726559777642928,3.9292998057732125E-4,7.033903848453346E-5,0.003853154892045472,2.1289905953706363E-4,2.51591896745955E-4,2.561070901544053E-4,0.013850830422026,0.001591856573041704,2.6190967736620106E-4,0.001293519242305584,0.0033746872374479423,8.473499887087608E-4,2.358599629939785E-4,1.149895507282548E-4,3.1904628327837495E-4,2.6775272494724417E-4,2.694357849060117E-4,2.842673757040642E-4,4.081056369817648E-4,0.0091466448509912,1.7662322088679507E-4,9.69907665502612E-5,0.0015900984917602786,1.5189886258961785E-4,1.263353616601082E-4,1.0,0.001489305379687758,2.4007676987527647E-4,6.739967646144068E-4,0.011776195939926706,3.8928610295946764E-4,0.00268578282048883,1.8175248164325819E-4,7.52351588317929E-5,2.5089297448704706E-4,0.005302031021383699,5.124233572131509E-4,2.889357303311658E-4,0.001970077039274897],[0.002048484763300704,0.010637911799051953,9.242150559528759E-5,0.0017265923784798097,4.582928654963702E-4,0.001685353582418522,0.001639708519530011,0.0018075178582270149,6.294267767169793E-4,8.699167032996418E-4,0.003843080619342522,0.0012710572213320524,6.292276828947814E-4,0.0010100151210586535,0.014650500292111488,0.003939626909257244,0.0015531772159634097,0.001814776621680002,0.003491971626302555,0.0013439060162592311,2.579698549663736E-4,0.0011063128048518025,7.253674560352326E-4,4.5103977639602904E-4,0.0013284039771717258,4.87417336786045E-4,0.0012769376427333777,0.008447860998669718,0.0016689182940472082,7.140483027919862E-4,0.001694915254237288,3.484950621982685E-4,0.0014983760445703822,0.001489305379687758,1.0,0.0010244214286175377,0.0011146256645055096,0.01179715086445322,0.00147540941083331,0.002914245040708734,9.610477196645208E-4,2.7163374806693833E-4,3.671859007946395E-4,0.003091734690430207,0.0016732344935871577,0.0012915680369572193,0.0025517835767580243],[8.578195296692395E-4,0.003016684434584247,2.3786233798834587E-5,0.001802158543857489,3.3894899854995054E-5,6.253156339889099E-4,0.0011484295337945867,0.0016858065038610286,4.6563838912417433E-4,2.4842651671321097E-5,0.002503194302661899,9.449224340890236E-5,3.9828408289832145E-5,1.3227160831870668E-4,0.016592494451046158,0.0034039100804397395,1.0763178733537076E-4,0.0013071627115909972,0.002251842483752865,9.362220423512047E-4,3.670982393739909E-5,2.4271987698982364E-5,1.9818698145005625E-4,6.827157753325466E-5,1.3745858310239118E-4,1.559594225453203E-4,5.143039187872626E-4,0.006703024279414736,8.714235424965752E-5,2.6537105546164267E-5,4.26854383355591E-4,6.960947080388292E-5,3.3401735110201444E-5,2.4007676987527647E-4,0.0010244214286175377,1.0,3.5596058956245197E-4,0.001905807255966563,3.4349554283020817E-4,0.0025737216119254905,8.89816438444063E-5,2.279906914993991E-5,1.0272904153300703E-4,1.7852460043676048E-4,1.476396292190622E-4,2.1680378616375763E-4,0.003249690561188033],[0.006469978856673448,0.00999509731153426,1.1248527713921155E-4,9.22076425088694E-4,4.3134834003081895E-4,7.238785763967717E-4,0.0011098834781899903,0.0016949222978566254,5.693498831133551E-4,4.5904411370994953E-4,0.001902612449819097,3.803427950879512E-4,3.8714922789610367E-4,3.157457005872617E-4,0.0027441883481911836,0.0021970991185663647,3.897002575914863E-4,0.0015120342893000546,0.0027567689811919477,8.720320308271868E-4,8.679354685866989E-5,6.710424557751664E-4,5.40696311436328E-4,2.6435008279773135E-4,6.37447025685277E-4,6.031335646490186E-4,0.0011693011124153019,0.0072617649577577555,3.4556764603522E-4,4.6111409009214174E-4,0.0016540007963662192,4.6097792450042066E-4,4.5612773976876807E-4,6.739967646144068E-4,0.0011146256645055096,3.5596058956245197E-4,1.0,0.010710193156041513,7.060978919307605E-4,0.0010514333396508433,4.934429549126791E-4,6.825045129107141E-4,5.584666904989297E-4,0.003145359642703193,9.445246171375459E-4,3.287357343151656E-4,0.0022323380577569858],[0.011861608498551914,0.011021906797328897,0.006520138229278117,0.00976342835539256,0.0055954700663384555,0.0015899049292298832,0.008585146677037256,0.00865955986030709,0.002416622321105036,0.002671032172862686,0.006550694839487449,0.009190332179128163,0.009359117842219702,0.008230373828117489,0.012082056136331431,0.007369541762224079,0.006709441349345935,0.006658584033107865,0.007604970109601709,0.010046560776106779,0.002189650934065981,0.005811695754522027,9.20369570587381E-4,0.002290965763240667,0.005306404921938388,0.008885728327430994,0.011509791052349077,0.011429892926623874,7.854425724426544E-4,0.010965630203494855,0.003599974211154466,0.009210504365325134,0.002360393391348963,0.011776195939926706,0.01179715086445322,0.001905807255966563,0.010710193156041513,1.0,0.007516959098629875,0.003466733404444278,0.004727593175635967,3.390112435284198E-4,0.001834952642107508,0.010747637570998033,0.007220205994025468,0.00402807395069425,0.006991670233263591],[0.0014816544254700596,0.004743632808202411,3.586968836716145E-4,0.0015398049311199362,4.771334270776117E-4,0.00124872935408503,8.094684515625508E-4,0.0010541519782569229,5.698431481550967E-4,1.6029260645754074E-4,0.0029051769704826814,2.3571330003751623E-4,1.6516303607652487E-4,1.7357851479966364E-4,0.009111342647279351,0.001880614317578631,3.939164285997966E-4,0.0014901753688678673,0.0010590275719149704,9.749985345388387E-4,3.727980245165611E-4,5.397286274597098E-4,4.4666278792894574E-4,6.129208051687837E-4,4.3192276288641686E-4,5.076013393158234E-4,0.0010287061370273028,8.260975880605725E-4,5.880191325253767E-4,5.211733218551683E-4,0.0012911764572760792,4.077775722463602E-4,2.0927646751959337E-4,3.8928610295946764E-4,0.00147540941083331,3.4349554283020817E-4,7.060978919307605E-4,0.007516959098629875,1.0,0.0028738332956689113,2.0325698621254551E-4,3.0933662953990004E-4,4.458582723039337E-4,0.0046784288821284875,7.805493592720749E-4,3.210472334977071E-4,0.0031175033443922823],[0.007621839145717158,0.003450835930188283,0.002400999280114777,0.0021587325610859273,0.0013612976657773979,0.0013755543353254312,0.002083041157204233,0.0030085729773604913,0.002677946647959281,6.649086549125926E-4,0.003659432985197065,0.0013071566046434359,8.797409124589334E-5,2.6691478088380953E-4,0.011767677882519707,0.003642591172208568,2.594890475926204E-4,0.0019582569446598805,0.004088849869118781,0.0029626899304121034,2.736533629845388E-4,0.0024229167044083296,0.00308941324557731,0.0020404681151640013,0.0028842806775298472,0.0014771812229846804,0.0018159943168001458,0.009666543158978642,0.0022345547558039916,4.717296342269039E-4,0.0028305463555205897,0.001105461692349385,0.0023884355995377146,0.00268578282048883,0.002914245040708734,0.0025737216119254905,0.0010514333396508433,0.003466733404444278,0.0028738332956689113,1.0,0.003124701273251071,0.0021947572331130587,0.0022447108745504993,0.005348707936840022,0.0019189712964457308,5.659851719297911E-4,0.0032285974690491816],[0.009286756711901035,0.009911633582734041,5.928246015841397E-5,0.0018766954975867813,8.757159669509902E-5,3.958773102055865E-4,4.7417345827259423E-4,0.001519972802504798,4.355549576151783E-4,8.837659481705417E-5,4.933654509794532E-4,1.2069106024347725E-4,5.49033937344887E-5,1.656971525413809E-4,0.006291915023191579,0.003206022353494919,2.1141123776762392E-4,0.001435709244975555,0.0010942099287030139,9.121188097056939E-4,8.176774176988761E-5,1.1396993514198843E-4,1.5474998385370102E-4,1.676228202170738E-4,2.21