[[1.0,3.8747356657914696E-5,5.545513539542297E-5,6.727927712811854E-4,1.3997651155405678E-4,8.887493583456696E-4,1.0309553988719375E-4,7.416369160514634E-4,0.004870376478625526,0.0016909930962306279,8.503297985371026E-4,1.5733256395697107E-4,9.829317011468377E-4,0.003912019981589669,0.0012165776556251975,9.234032388599177E-5,3.162762127704631E-4,6.372353040208164E-5,2.789019134038126E-4,0.004748815394010587,0.00847548729873413,0.001703654429642972,7.68479737362075E-5,9.090775062038157E-5,9.99439236149639E-4,1.5033747245154168E-4,1.2784610932509263E-4,1.990387072822671E-5,0.006234202925311291,2.5195769938988674E-4,2.0527971727056447E-5,7.716573628319002E-4,1.6787581577918016E-5,1.759210380149302E-5,1.1225672831709262E-4,7.420678138552616E-5,1.8187962822627645E-4,1.7826826601157512E-5,1.9024312883358727E-5,2.116689695483878E-5,2.1941478342306887E-4,7.026194418941757E-5,2.9414532157222897E-5,5.553114211143073E-5,7.383969999693907E-4,9.6138087214191E-5,1.8046317769351203E-5,5.382031428633965E-5,5.4643052991207815E-5,2.7768982618612138E-5,0.0010896676963291524],[3.8747356657914696E-5,1.0,0.001861988640054196,0.002277792723099298,0.0023207032875962328,0.0021186601147788102,0.001895115530985396,0.0020356202183291544,0.004940489938955259,0.0017458899269760773,0.0018973996928713817,7.709528213702155E-4,0.011161883957763739,0.0028224954345984743,0.002373001111891091,0.0016676851848750074,0.002047507284869979,0.0024107776669215334,0.0020421009800056815,0.010522617068019357,0.005716631034928531,0.0024520227112118107,0.002425327771047517,0.002373028681575435,0.0017526365609598,0.0017742285862173727,5.436239032371565E-4,0.0014142882462070843,0.006307892180714356,0.0023162168825508617,1.467553318700244E-4,0.0015463098503704443,0.0023940577511226656,0.00124901090358091,3.74564421504701E-4,4.8464320172601283E-4,0.0014122372612638274,0.002065407281807748,5.835764150103555E-4,0.0023398602194044044,0.001205882211533737,9.951458069954286E-4,2.897481309988111E-4,0.0010476098274223244,0.0023892224257913157,0.0022542234025358272,0.0011063289793517,0.002045615985409606,0.0016610603998247764,9.520041204188699E-4,0.002399028200183553],[5.545513539542297E-5,0.001861988640054196,1.0,0.0010981212112390617,2.00688575184403E-4,0.0012312646429059892,4.490698720817039E-4,0.0010289862251776857,0.0038829949958532335,9.372725680910608E-4,9.038352563750652E-4,2.3791629795958796E-4,0.006425337157881048,0.004540820552483501,3.795192346643015E-4,2.2593834886200002E-4,8.125045828011532E-4,2.586291534083638E-4,0.0013469761825761445,0.005932726224921217,0.0069634374825395685,0.002302496683214492,3.10009344026948E-4,1.1675685506704543E-4,6.940481533944668E-4,1.8995734911212824E-4,3.4468622424607107E-4,2.0990273377175878E-4,0.012978491761562915,5.707706447268001E-4,1.1072635412700994E-4,3.583001783417379E-4,1.5475055228501096E-4,1.9870345681333572E-4,2.7322675288601227E-4,2.5345031824596203E-4,2.4700206431800325E-4,6.474705069929183E-5,2.3019633274352585E-4,1.7105228866973334E-4,3.958531951228913E-4,3.1300788057757865E-4,2.0262632842913764E-4,4.147937360571563E-4,5.799071889359391E-4,1.7490718436655758E-4,9.713565514000264E-5,2.3095857946207985E-4,2.096004975852855E-4,2.004794373688828E-4,8.701677323322446E-4],[6.727927712811854E-4,0.002277792723099298,0.0010981212112390617,1.0,7.936569660521374E-4,0.0012967779146481969,9.956897075635081E-4,0.001187418566223376,0.004933917026246654,0.0015942510215436936,0.0011149386126877141,0.0010099586574389466,0.001713264717065707,0.0012208665347773731,0.0013729812631870124,9.036580415881471E-4,0.0011548018011982956,2.4224034397627516E-4,0.0012718378899831285,0.009823247735145143,0.009457031857760579,0.0012703029938403228,4.4348767933452093E-4,6.726746885867513E-4,0.0011152648347248716,7.652296588279495E-4,5.287779025824408E-4,7.294973806386839E-4,0.016173500507735174,0.0011259142816782415,6.119785937336114E-4,0.0011447413062084053,7.940682323962367E-4,0.0010323964629719556,5.947584748997045E-4,3.0921873514357974E-4,8.73345055734765E-4,0.0011109136345464187,3.222789485450448E-5,4.639509958800963E-5,5.96538173175971E-4,4.8461727842304575E-4,3.001671250927589E-4,7.20530935542494E-4,0.0012184134053356385,9.97838667302924E-4,8.914086994417731E-4,5.013576202299664E-4,0.001049276922177144,1.8070581462966155E-4,0.0011748266857865752],[1.3997651155405678E-4,0.0023207032875962328,2.00688575184403E-4,7.936569660521374E-4,1.0,0.0011612510343319265,3.732259037235036E-4,9.179955496754461E-4,0.002604429101452372,0.0015661958008911397,5.461265412184603E-4,1.7748686259283576E-4,0.004481065361134711,4.69973410698274E-4,7.906737822243197E-4,1.9631038045588711E-4,0.001006554203810038,1.7225590552950973E-4,0.0010232509423592645,0.0019625445172523448,0.0057294182026053015,0.0013232789717634837,3.2686178880149397E-4,1.2003108905663612E-4,5.271329290757672E-4,1.7378494228726022E-4,2.3978580672549203E-4,1.5527794973457503E-4,0.009941780171044967,3.114459401080944E-4,1.1254794855097478E-4,3.9627627128250496E-4,9.439802489545019E-5,9.900681507414278E-5,1.8765779360307495E-4,1.6090308053133006E-4,1.9867364270330018E-4,1.3517306333938331E-4,3.0366746017969178E-5,1.6918705350154218E-4,4.0730547486303394E-4,2.4412357716521526E-4,6.526719824011013E-5,2.6081733368795313E-4,6.375306127961416E-4,1.2765896572884846E-4,1.7323304430256803E-4,1.4185970385785051E-4,1.8509841587645634E-4,4.059017199158991E-5,5.234064009488871E-4],[8.887493583456696E-4,0.0021186601147788102,0.0012312646429059892,0.0012967779146481969,0.0011612510343319265,1.0,0.0010153337579990754,0.0012328465917743959,0.002008795571473425,0.0016192153906446588,0.0011857642415153342,0.0011889030205240855,0.0038256522003574196,0.0016382189677189582,0.0014303041959466637,7.931605529026093E-4,0.0011291316122719098,1.8149402062779416E-4,0.0014067069779203551,0.0037334437425020446,0.010142574540341448,0.0024871960539146966,0.0011189041486265967,6.255845042958398E-4,0.0011075008329856431,3.613458910191761E-4,0.0011330655139146647,0.0011983194622147693,0.009192529730065381,0.0010706440855704704,4.0970310372232937E-4,0.0013119144805862006,2.6423698542981863E-4,4.733145085072093E-4,9.134107097406301E-4,1.5397639918782974E-4,0.0010518336480994797,5.966584953978607E-4,0.0010931305381969127,4.1269826106289306E-4,0.0012030167130095493,0.0010210682503425782,7.447553996485345E-4,0.0013162636784850648,0.0013123679790092038,5.647080207756907E-4,6.882595191984179E-4,2.014982649685842E-4,6.641167016766224E-4,2.846395892918876E-4,0.0013349705232354894],[1.0309553988719375E-4,0.001895115530985396,4.490698720817039E-4,9.956897075635081E-4,3.732259037235036E-4,0.0010153337579990754,1.0,9.845482186491773E-4,0.002057006695598518,0.001690078778447179,0.0010290060507520283,4.8071429133479145E-4,0.007909967263631756,0.0037385391815678796,0.0014158314602887782,2.2002780100742125E-4,0.0010663677570173487,3.9932860780983963E-4,0.0010135686543919515,0.003298174824331564,9.408659506996809E-4,0.0014798901484165696,3.646752357300011E-4,3.1359512348501714E-4,8.447283981696447E-4,5.678124669013556E-4,5.15410787209701E-4,2.233747820601102E-4,0.009793130461943427,7.49400021327861E-4,4.898797983816616E-4,8.612416479143075E-4,3.5635274968569085E-4,6.685299211784464E-4,2.3203348765562552E-4,5.006429277827971E-4,3.23198138961299E-4,7.208650207329181E-5,3.4590761263587547E-4,3.9449149309022025E-4,4.602264340121567E-4,6.051256688137185E-4,6.98721223749097E-4,7.045689124813869E-4,7.718734622694534E-4,2.856223836803181E-4,2.9349020040269865E-5,1.9423369932402735E-4,2.1559514023929661E-4,3.048070335204404E-4,7.518685086336424E-4],[7.416369160514634E-4,0.0020356202183291544,0.0010289862251776857,0.001187418566223376,9.179955496754461E-4,0.0012328465917743959,9.845482186491773E-4,1.0,0.002742890256631641,0.0014804136384762956,0.0011516581204223143,6.426032579791867E-4,0.011630348743269016,0.0028456675108630065,0.0021433081552498126,2.64268946232675E-4,0.0011798481412285903,2.5718974342145136E-4,0.0013766726731228964,0.015149441779665502,0.00288195826443144,0.002339388970395986,0.0011758230738277854,5.237780861385662E-4,0.0011215573987573696,7.048677926601053E-4,6.606636721455986E-4,6.941510132371078E-4,0.0020794323028327,0.0011525917311815874,0.0011417660299592664,0.001124728465009758,7.077254583407498E-4,5.72914882592069E-4,8.097112431948471E-4,7.499392391713412E-4,7.122640620963246E-4,8.473185331702029E-4,1.356596132290189E-4,9.12784131234804E-4,8.775555780135011E-4,4.3369327907663905E-4,4.259793034518753E-4,8.841199372061589E-4,0.0012169279082548561,1.380709463638585E-4,1.937083932252356E-4,3.342481339051195E-4,9.983128563880491E-4,4.150744394168595E-4,0.0012713160744808154],[0.004870376478625526,0.004940489938955259,0.0038829949958532335,0.004933917026246654,0.002604429101452372,0.002008795571473425,0.002057006695598518,0.002742890256631641,1.0,0.0058388981013399194,0.0016736029650787335,0.005658908734329483,0.006592353735875497,0.005298260149956785,0.005666574548849337,0.0044997368386741335,0.003552301921948453,0.001955556299789112,0.004679502504063587,0.00851873867145891,0.009554415730690748,0.0025688675434350126,0.0034119208674225363,0.005330542193163601,0.0022032957696454317,0.0024793669914975123,0.004060232329678851,0.005101929200448214,0.014928842003531938,0.004693432986282747,0.003891138263865129,0.0016586665836451396,0.003518981318004053,0.0011047789771976735,2.0354376574565128E-4,0.004116598301178261,5.698457223349198E-4,0.004216955642580845,0.00203379726264082,4.7296662441879435E-4,0.0026651138195166726,0.004291296458790788,0.002200046117990102,0.003680283366322977,0.0038077518594101965,0.001381934295432346,0.0021004823072263887,0.005982624182616225,0.005478718904060684,0.006124320770994058,0.0026867092494550658],[0.0016909930962306279,0.0017458899269760773,9.372725680910608E-4,0.0015942510215436936,0.0015661958008911397,0.0016192153906446588,0.001690078778447179,0.0014804136384762956,0.0058388981013399194,1.0,0.001305013375538799,0.0010479873112944592,0.0075000890809905005,0.0029052492436792716,0.0019213778024538583,0.001528911057782793,0.0013601200672149205,0.0010409582304475226,0.0017062271409451042,0.010822789505915661,0.0026263722630141383,0.002237242882472021,4.789748210675065E-4,0.001686846295170626,0.0013549031893054194,6.817753788741433E-4,7.844127615700589E-4,7.63512560076197E-4,0.017358681193323476,0.0011006246816189567,5.011206179016484E-4,0.0017267990705504754,0.0012462583010723549,3.7137774918125614E-4,6.999951696463891E-4,0.0014868192236770807,0.001465410303965288,8.930320239295936E-5,0.0010498890391294625,0.0010740717446581732,9.84428745467397E-4,0.0016853568116979882,9.33841759298383E-4,0.0011792032991468039,0.0014232135288460206,0.0016039523652660445,0.0013513687923458956,5.265239143761926E-4,4.1827672994080895E-4,2.3300442604536108E-4,0.0014321766046753496],[8.503297985371026E-4,0.0018973996928713817,9.038352563750652E-4,0.0011149386126877141,5.461265412184603E-4,0.0011857642415153342,0.0010290060507520283,0.0011516581204223143,0.0016736029650787335,0.001305013375538799,1.0,8.994985334520178E-4,0.011408199087763292,0.001281688396722125,0.0016960800377639998,7.897173823625009E-4,0.0011006942549793388,8.820211100168279E-4,0.0014918667490831383,0.004068645403783876,0.003487393467608094,0.0017334611191379004,4.483021558349329E-4,7.532457470807635E-4,0.0011059635470088065,4.792047204037025E-4,6.072138438571512E-4,6.196289999016724E-4,0.009803724537522178,0.0010976450049477937,8.701368912908338E-4,0.001103109993667083,3.1848519494220547E-4,2.0936002008910742E-4,9.059057932991348E-4,7.019841494564809E-4,0.001020373473696623,4.425671189390019E-4,3.087609553338979E-4,8.316312114822513E-4,7.995784590355688E-4,5.065855823824354E-4,4.56531750227821E-4,9.399132780571182E-4,0.0011796121805185235,1.482915138491902E-4,9.598914333775646E-4,2.0397707925410533E-4,8.207275174403725E-4,5.632330959506361E-4,0.001155828058750304],[1.5733256395697107E-4,7.709528213702155E-4,2.3791629795958796E-4,0.0010099586574389466,1.7748686259283576E-4,0.0011889030205240855,4.8071429133479145E-4,6.426032579791867E-4,0.005658908734329483,0.0010479873112944592,8.994985334520178E-4,1.0,0.005745074097854367,0.001223404141698778,0.0012545542295482126,1.9420665358994103E-4,7.747567399167995E-4,1.781713806065842E-4,3.0593348421253204E-4,0.0053758210195771474,0.0010613586693687814,0.0023608250989296926,2.350135373089543E-4,1.464005942921816E-4,2.838156397687362E-4,1.7803710316001162E-4,2.180408715827412E-4,6.927444886738978E-5,0.01634396905244943,5.249159239943844E-4,1.7997923085901613E-4,5.940275834291373E-4,1.1652852239011462E-4,7.436277221947501E-5,1.9180980221154972E-4,1.6711063716486893E-4,1.9814724081573337E-4,1.8003727359989374E-4,1.4721113584227142E-4,1.629431063885401E-4,2.3426247703303588E-4,2.7008326957977285E-4,9.535202745263147E-5,3.4760210719046334E-4,7.853275771553678E-4,1.4607375203438565E-4,1.7644441258534606E-4,1.434214081495397E-4,1.8816997479611876E-4,1.56143571669615E-4,3.144681301610998E-4],[9.829317011468377E-4,0.011161883957763739,0.006425337157881048,0.001713264717065707,0.004481065361134711,0.0038256522003574196,0.007909967263631756,0.011630348743269016,0.006592353735875497,0.0075000890809905005,0.011408199087763292,0.005745074097854367,1.0,0.006262862686368983,0.0039895631909771506,0.01063541315119434,0.0016122147295375765,0.007698400463641057,0.003711772836228911,0.01211785888807206,0.011752274996962785,0.006779863801001274,0.0013676195175562934,0.0011123080416220908,0.0046635930786295,0.004254313745261128,0.003561256335584171,0.0073072177777916015,0.018594212686288632,0.00848476654514823,0.005207764410600984,0.00864840216558847,0.008236922066967562,0.007429786004713432,3.141213004985754E-4,0.007100188631862215,0.006820238647246789,0.008635284595044628,0.0065316536458169755,0.009262425018620981,0.008239852416224318,0.0028876067772388744,0.008540126172396675,0.010372318454172054,0.004101129946570133,0.004085416997101419,0.003595234657980946,0.00936769797034797,0.01088681646389377,0.0073944881326381265,0.0025821447134820904],[0.003912019981589669,0.0028224954345984743,0.004540820552483501,0.0012208665347773731,4.69973410698274E-4,0.0016382189677189582,0.0037385391815678796,0.0028456675108630065,0.005298260149956785,0.0029052492436792716,0.001281688396722125,0.001223404141698778,0.006262862686368983,1.0,0.004087208982252343,0.0025523416498371013,0.0018470084179103838,0.004109438967534196,0.004236439962248552,0.013567484400489304,0.007955548467402842,0.00508975855236566,0.0023856783255937477,0.004287579142320532,0.002361269099794727,0.004551963059367382,0.004602004125915049,0.004643554978034253,0.007445779846676104,0.005232275645980378,9.718422458306702E-4,0.005018132567795685,5.429685234040431E-4,0.004746870949982429,0.0029865689603044,6.34748247133701E-4,0.0011796469503690668,0.004837871941166404,0.0024271408302509265,0.003602425492021403,0.0010570737390083213,0.0025290869776043268,1.4948701891853293E-4,0.002089048015271643,0.004822520166500268,0.0034077413956802843,0.0014030702640069749,0.003913925174142531,0.0014346145806128801,0.003476197688021167,0.0022710603971811748],[0.0012165776556251975,0.002373001111891091,3.795192346643015E-4,0.0013729812631870124,7.906737822243197E-4,0.0014303041959466637,0.0014158314602887782,0.0021433081552498126,0.005666574548849337,0.0019213778024538583,0.0016960800377639998,0.0012545542295482126,0.0039895631909771506,0.004087208982252343,1.0,0.0010765607836864524,0.0019362187788653897,0.0010386730193446556,0.0022380538148688376,0.013349133814162762,0.0023341685910198543,0.0023548379088555857,0.00130192992860771,0.002122467241634159,0.0014698362232790241,5.478499106425299E-4,0.0018214055736245354,0.0022858755841383715,0.007263820263939729,0.0016211808990949004,0.0016656493453042044,0.0012806340394747602,0.002047618291533106,9.344547196854703E-4,0.0012191940750142056,4.581731953387851E-4,0.0013275577533293124,1.383171019041032E-4,8.49064062392733E-4,7.668466688333004E-5,0.002177756455305561,0.0015350055426205653,0.0021423040579632577,0.0017116720635073162,0.0013399597781821053,0.0022240937579055876,0.0019753500499774665,0.0013331530699553621,9.130172014681895E-4,7.185824538083377E-4,0.0018622596017078637],[9.234032388599177E-5,0.0016676851848750074,2.2593834886200002E-4,9.036580415881471E-4,1.9631038045588711E-4,7.931605529026093E-4,2.2002780100742125E-4,2.64268946232675E-4,0.0044997368386741335,0.001528911057782793,7.897173823625009E-4,1.9420665358994103E-4,0.01063541315119434,0.0025523416498371013,0.0010765607836864524,1.0,2.9166800022642904E-4,1.9671995989599698E-4,0.0014284910303333422,6.998824826447746E-4,0.01085024627842364,0.002011389887473854,2.600678847472769E-4,1.7239758259550005E-4,7.883233656785916E-4,1.7920397258516704E-4,2.984910753943373E-4,1.2097065290390209E-4,0.0061967432612769794,5.731786596862877E-4,5.1978288649573166E-5,8.264143824346388E-4,1.6529178782753474E-4,1.7297583569213354E-4,2.0357756753688254E-4,1.9236725746606175E-4,2.1104899057369935E-4,1.1346047833879535E-4,6.329205841848175E-5,7.976494892360391E-5,3.8380230998701586E-4,3.3901984720436344E-4,1.585355383555508E-4,2.950002799455646E-4,6.08198696709972E-4,1.6445862820879377E-4,7.453978747149224E-5,1.9824586904832185E-4,1.9887171534298636E-4,1.589898284569645E-4,9.086503718432201E-4],[3.162762127704631E-4,0.002047507284869979,8.125045828011532E-4,0.0011548018011982956,0.001006554203810038,0.0011291316122719098,0.0010663677570173487,0.0011798481412285903,0.003552301921948453,0.0013601200672149205,0.0011006942549793388,7.747567399167995E-4,0.0016122147295375765,0.0018470084179103838,0.0019362187788653897,2.9166800022642904E-4,1.0,3.4971332112027607E-4,0.0015258572044716194,0.00813242408943353,0.003163212542080772,0.0019345263126606684,0.0010704791006477068,5.224223527705239E-4,0.001105010208168835,2.536423079724921E-4,3.706593548551133E-4,1.1586062075295096E-4,0.008675129382613549,0.0010585419831414269,8.101492645765812E-4,0.0011216304558046893,1.504928920735653E-4,7.653889679801218E-4,5.671989801585473E-4,0.0010839366233854524,6.685022085962206E-4,1.9873530116746538E-4,4.848407936502426E-4,3.0124040173910225E-4,4.5000096965306735E-4,9.036652477825765E-4,2.9964275186061454E-4,0.0010505919915184119,0.0011958902366063008,5.611782015785176E-4,2.3595465951074542E-5,4.6201708802952866E-4,6.316819002886919E-4,0.0010449370546195753,0.001276168490964208],[6.372353040208164E-5,0.0024107776669215334,2.586291534083638E-4,2.4224034397627516E-4,1.7225590552950973E-4,1.8149402062779416E-4,3.9932860780983963E-4,2.5718974342145136E-4,0.001955556299789112,0.0010409582304475226,8.820211100168279E-4,1.781713806065842E-4,0.007698400463641057,0.004109438967534196,0.0010386730193446556,1.9671995989599698E-4,3.4971332112027607E-4,1.0,2.0157401358085052E-4,0.006506343676774582,0.010008918566221858,7.835978418179965E-4,2.546124441165068E-4,1.2616073390438355E-4,5.010118193631756E-4,1.632405280451887E-4,2.0678868900451443E-4,1.2751624113924994E-4,0.011317260153622366,7.034974416191035E-4,1.6364646378220257E-4,8.640779996089167E-4,8.263650007496238E-5,1.2993624762208463E-4,1.7082336798806405E-4,1.5442868017901925E-4,2.006090429630968E-4,1.2713296241890758E-4,1.1793336004869717E-4,9.689493959335996E-5,3.7136085099649316E-4,2.4233944938633787E-4,1.4350365592637665E-4,4.874416856954605E-4,4.3613056357280806E-4,1.4714133030358995E-4,5.292095235700881E-5,1.5090824615684927E-4,1.8687344660014854E-4,9.533339060507895E-5,7.78728051610239E-4],[2.789019134038126E-4,0.0020421009800056815,0.0013469761825761445,0.0012718378899831285,0.0010232509423592645,0.0014067069779203551,0.0010135686543919515,0.0013766726731228964,0.004679502504063587,0.0017062271409451042,0.0014918667490831383,3.0593348421253204E-4,0.003711772836228911,0.004236439962248552,0.0022380538148688376,0.0014284910303333422,0.0015258572044716194,2.0157401358085052E-4,1.0,0.004692112614905049,0.011276440945301173,0.0019016987370238374,9.540897567401648E-4,9.476654178701828E-4,0.0013939629390758265,2.4757763432693095E-4,3.525661882042078E-4,5.305930430616596E-4,0.016229622456358703,0.0013323345517217043,9.955368327637932E-4,0.0015460927578202764,7.685179998233967E-4,5.831517279611112E-4,4.115376474420466E-4,5.783909511417906E-4,3.9327070223241255E-4,1.9035820268962112E-4,3.519283515686433E-4,0.0012803448984012287,6.191539633766185E-4,0.0011489165223294157,0.001414417663438117,0.0010714815055064462,0.0014792191583770874,0.0012038497337404275,0.0014948727217614446,8.540996986710332E-4,9.913339235948222E-4,0.0015351892926311257,0.00154434951996412],[0.004748815394010587,0.010522617068019357,0.005932726224921217,0.009823247735145143,0.0019625445172523448,0.0037334437425020446,0.003298174824331564,0.015149441779665502,0.00851873867145891,0.010822789505915661,0.004068645403783876,0.0053758210195771474,0.01211785888807206,0.013567484400489304,0.013349133814162762,6.998824826447746E-4,0.00813242408943353,0.006506343676774582,0.004692112614905049,1.0,0.014313410254879148,0.015277414747388043,0.001538431563702634,0.007942128596070736,0.007649097701470976,0.0028450331082887784,0.0039419896125405755,0.010410183771715247,0.016055921185399575,0.012555373259797376,0.013117581691887053,0.0012316621896190322,0.00861087035199954,0.007874634284288555,0.010530836993959066,0.0067947457646107745,0.011985091679117332,0.009733017164163287,0.01325253956102533,0.002026539087167438,0.0013618266302507524,0.010529616139313342,0.004197748338103165,0.003634735486071202,0.012073233121783952,0.00982750908720424,0.00829179886645778,0.005156898869728959,0.006836284650532673,0.010810141809175241,0.004668986314447833],[0.00847548729873413,0.005716631034928531,0.0069634374825395685,0.009457031857760579,0.0057294182026053015,0.010142574540341448,9.408659506996809E-4,0.00288195826443144,0.009554415730690748,0.0026263722630141383,0.003487393467608094,0.0010613586693687814,0.011752274996962785,0.007955548467402842,0.0023341685910198543,0.01085024627842364,0.003163212542080772,0.010008918566221858,0.011276440945301173,0.014313410254879148,1.0,0.007453372911716654,0.0030566878697186758,0.006296624301390796,0.003886099393633132,0.008621743930009428,0.009855716479879697,0.010375795552858216,0.012774289951673115,0.007747142586646911,0.008659378778907831,0.011166037483696566,0.0017857445983231316,0.0035323132895066643,0.006208300506981378,0.005981291672172938,0.0040381491439083475,0.005933952694535589,0.010648808518577186,0.007304336448109549,0.002889580898468052,0.007715016754198711,0.007264178084402514,0.005692040605411824,0.010219553662508112,0.0029117897117725104,0.009934500581892578,0.003143894585612632,0.0011192716913568566,0.006026520281568788,0.0020543196439577324],[0.001703654429642972,0.0024520227112118107,0.002302496683214492,0.0012703029938403228,0.0013232789717634837,0.0024871960539146966,0.0014798901484165696,0.002339388970395986,0.0025688675434350126,0.002237242882472021,0.0017334611191379004,0.0023608250989296926,0.006779863801001274,0.00508975855236566,0.0023548379088555857,0.002011389887473854,0.0019345263126606684,7.835978418179965E-4,0.0019016987370238374,0.015277414747388043,0.007453372911716654,1.0,0.0021270533093482435,3.1535240122892625E-4,0.0023491568003048786,3.279730587916476E-4,4.626179179114366E-4,0.0015417036183575051,0.01613698017238579,0.0019521990792240992,0.0011157623284425745,0.0018224026326758304,0.0012531343634161897,2.726121136113967E-4,4.1976856078127845E-4,5.777562419369899E-4,0.0014518168093466998,3.727096541150979E-4,0.001872014295178653,0.0017647486737911832,0.0013910377508528768,7.310267598870605E-4,5.473309957399485E-4,0.0015474671525600593,0.0018297417367231098,0.0018422306691161837,0.0018744575222394868,6.851850055930265E-4,4.7084611714473805E-4,8.09739054552744E-4,0.002336529008744907],[7.68479737362075E-5,0.002425327771047517,3.10009344026948E-4,4.4348767933452093E-4,3.2686178880149397E-4,0.0011189041486265967,3.646752357300011E-4,0.0011758230738277854,0.0034119208674225363,4.789748210675065E-4,4.483021558349329E-4,2.350135373089543E-4,0.0013676195175562934,0.0023856783255937477,0.00130192992860771,2.600678847472769E-4,0.0010704791006477068,2.546124441165068E-4,9.540897567401648E-4,0.001538431563702634,0.0030566878697186758,0.0021270533093482435,1.0,3.2555535352407064E-4,9.468893753104443E-4,2.17421315159234E-4,3.5439040167824546E-4,3.439876663280721E-4,0.007262160595672937,5.767720202657333E-4,1.6903790128914068E-4,4.131125012713761E-4,1.4666975716161866E-4,2.3701900272596587E-4,2.51801926940973E-4,2.0031367070303104E-4,2.808698951103967E-4,2.7385977388034674E-4,2.2882025179588898E-4,1.3145876699452701E-4,4.231036833210233E-4,3.786351273639985E-4,1.3443235867332634E-4,6.532289894419915E-4,0.0011783172842312999,1.95794631826029E-4,2.011871132979832E-5,2.251445556084084E-4,2.7473595804349444E-4,2.320730392143476E-4,0.0011998207465846774],[9.090775062038157E-5,0.002373028681575435,1.1675685506704543E-4,6.726746885867513E-4,1.2003108905663612E-4,6.255845042958398E-4,3.1359512348501714E-4,5.237780861385662E-4,0.005330542193163601,0.001686846295170626,7.532457470807635E-4,1.464005942921816E-4,0.0011123080416220908,0.004287579142320532,0.002122467241634159,1.7239758259550005E-4,5.224223527705239E-4,1.2616073390438355E-4,9.476654178701828E-4,0.007942128596070736,0.006296624301390796,3.1535240122892625E-4,3.2555535352407064E-4,1.0,5.008573083878388E-4,1.1854371330265856E-4,1.970345916357374E-4,7.230205202078654E-5,0.006250131173510346,9.656964296130092E-4,3.94172834265599E-5,3.677693347274945E-4,1.572617542619985E-5,9.218412363325306E-5,1.2134032391558356E-4,1.4126532125965306E-4,1.519010724991996E-4,2.6223661257010878E-5,1.0565085900424192E-4,3.3248696438091866E-5,2.9093276157051015E-4,1.4730668449526775E-4,1.1041045610978644E-4,6.028551321436526E-4,3.215269708467484E-4,1.2268381310774436E-4,1.111835157434235E-4,1.2961044996605145E-4,1.6243874481224095E-4,5.865798739761142E-5,0.0011483802054393514],[9.99439236149639E-4,0.0017526365609598,6.940481533944668E-4,0.0011152648347248716,5.271329290757672E-4,0.0011075008329856431,8.447283981696447E-4,0.0011215573987573696,0.0022032957696454317,0.0013549031893054194,0.0011059635470088065,2.838156397687362E-4,0.0046635930786295,0.002361269099794727,0.0014698362232790241,7.883233656785916E-4,0.001105010208168835,5.010118193631756E-4,0.0013939629390758265,0.007649097701470976,0.003886099393633132,0.0023491568003048786,9.468893753104443E-4,5.008573083878388E-4,1.0,3.6864067568911864E-4,0.0010514891815964315,9.312606464236967E-4,0.017162856346692682,0.0010838508231883156,8.461877036101429E-4,0.0011116110126851086,1.1450352931925074E-4,2.1099421124996665E-4,5.966451008905466E-4,7.95054021705191E-4,4.481329335341974E-4,5.459421378368675E-4,5.875508284882063E-4,7.560838451016662E-4,0.0010486030435077351,9.036590431387151E-4,6.919458014471123E-5,9.559678057046617E-4,0.001223038939189001,5.664426644837804E-4,2.07878215559891E-4,9.900286296607658E-4,2.4026994570976924E-4,7.316933071458736E-4,0.0011946670569351458],[1.5033747245154168E-4,0.0017742285862173727,1.8995734911212824E-4,7.652296588279495E-4,1.7378494228726022E-4,3.613458910191761E-4,5.678124669013556E-4,7.048677926601053E-4,0.0024793669914975123,6.817753788741433E-4,4.792047204037025E-4,1.7803710316001162E-4,0.004254313745261128,0.004551963059367382,5.478499106425299E-4,1.7920397258516704E-4,2.536423079724921E-4,1.632405280451887E-4,2.4757763432693095E-4,0.0028450331082887784,0.008621743930009428,3.279730587916476E-4,2.17421315159234E-4,1.1854371330265856E-4,3.6864067568911864E-4,1.0,3.4676618290731265E-4,6.995573996098869E-5,0.009104540105010248,3.143448329711656E-4,4.778793365505166E-5,7.274725518658056E-4,1.2106901148315059E-4,3.4552597264372797E-5,1.908788139408038E-4,1.6191332782682243E-4,1.7481769749236718E-4,1.0561366753231091E-4,1.2619353348715265E-4,4.6642191041466E-5,2.1443770358252706E-4,3.9511089440245835E-4,1.2544309161690467E-4,4.533208702922403E-4,6.314409734649604E-4,1.280545052041528E-4,1.3614936715963534E-4,1.4978039812669035E-4,1.6993194664319833E-4,1.4906374404292325E-4,0.0010810372462966766],[1.2784610932509263E-4,5.436239032371565E-4,3.4468622424607107E-4,5.287779025824408E-4,2.3978580672549203E-4,0.0011330655139146647,5.15410787209701E-4,6.606636721455986E-4,0.004060232329678851,7.844127615700589E-4,6.072138438571512E-4,2.180408715827412E-4,0.003561256335584171,0.004602004125915049,0.0018214055736245354,2.984910753943373E-4,3.706593548551133E-4,2.0678868900451443E-4,3.525661882042078E-4,0.0039419896125405755,0.009855716479879697,4.626179179114366E-4,3.5439040167824546E-4,1.970345916357374E-4,0.0010514891815964315,3.4676618290731265E-4,1.0,2.260941934902919E-4,0.0010984420818097303,4.137755627160972E-4,2.2438957543862443E-4,6.789624125122194E-4,1.7622164816388325E-4,5.081508590375317E-5,2.3880902728326949E-4,1.576496612741233E-4,2.504000495825971E-4,1.5897567503068315E-4,3.040921557565879E-4,7.574455729021572E-5,4.011162637717812E-4,3.7133566348195247E-4,8.004177287958832E-5,3.66249678206948E-4,4.115461835120676E-4,3.087416204976761E-4,2.1471457817743488E-4,2.604546737424987E-4,2.812015467465763E-4,1.1173110942880031E-4,6.341900171124943E-4],[1.990387072822671E-5,0.0014142882462070843,2.0990273377175878E-4,7.294973806386839E-4,1.5527794973457503E-4,0.0011983194622147693,2.233747820601102E-4,6.941510132371078E-4,0.005101929200448214,7.63512560076197E-4,6.196289999016724E-4,6.927444886738978E-5,0.0073072177777916015,0.004643554978034253,0.0022858755841383715,1.2097065290390209E-4,1.1586062075295096E-4,1.2751624113924994E-4,5.305930430616596E-4,0.010410183771715247,0.010375795552858216,0.0015417036183575051,3.439876663280721E-4,7.230205202078654E-5,9.312606464236967E-4,6.995573996098869E-5,2.260941934902919E-4,1.0,0.016719700363290856,6.689470916391887E-5,4.8828266583939494E-5,8.403003811289918E-5,1.767704188802877E-5,5.402085401163473E-5,6.543328229571401E-5,1.1185476082918895E-4,1.9005883377202335E-4,2.65554046615977E-5,3.72807114879832E-5,4.9028078121747493E-5,1.6177811283233514E-4,1.901847221037069E-4,5.5282490282499024E-5,4.275244184872867E-4,2.6092194390994283E-4,9.100857434933233E-5,2.4250348328884E-5,1.1616929133447878E-4,1.0744058760138598E-4,5.406104231783127E-5,8.139652103238765E-4],[0.006234202925311291,0.006307892180714356,0.012978491761562915,0.016173500507735174,0.009941780171044967,0.009192529730065381,0.009793130461943427,0.0020794323028327,0.014928842003531938,0.017358681193323476,0.009803724537522178,0.01634396905244943,0.018594212686288632,0.007445779846676104,0.007263820263939729,0.0061967432612769794,0.008675129382613549,0.011317260153622366,0.016229622456358703,0.016055921185399575,0.012774289951673115,0.01613698017238579,0.007262160595672937,0.006250131173510346,0.017162856346692682,0.009104540105010248,0.0010984420818097303,0.016719700363290856,1.0,0.00637331331638343,0.0029703880695406324,0.01028643854514418,0.01522472591334904,0.013825688191300303,0.015886172524493914,0.01353021030245093,0.006975387903850359,0.0022132729557536894,0.007471611232735474,0.01194651812811768,0.013251045761832314,0.004858408723218542,0.017857231540411415,0.0029341665477539843,0.0014564690189276626,0.012999097838092335,0.0074825271303833015,0.010396574453349938,0.017259918293264707,0.017210458346715377,0.018153446088091694],[2.5195769938988674E-4,0.0023162168825508617,5.707706447268001E-4,0.0011259142816782415,3.114459401080944E-4,0.0010706440855704704,7.49400021327861E-4,0.0011525917311815874,0.004693432986282747,0.0011006246816189567,0.0010976450049477937,5.249159239943844E-4,0.00848476654514823,0.005232275645980378,0.0016211808990949004,5.731786596862877E-4,0.0010585419831414269,7.034974416191035E-4,0.0013323345517217043,0.012555373259797376,0.007747142586646911,0.0019521990792240992,5.767720202657333E-4,9.656964296130092E-4,0.0010838508231883156,3.143448329711656E-4,4.137755627160972E-4,6.689470916391887E-5,0.00637331331638343,1.0,3.431084703766103E-4,0.0010969528121430518,3.583568665476912E-4,2.6296821583247226E-4,9.587415153600426E-4,2.0484939853592172E-4,9.351033755374551E-4,3.5293707735104576E-4,2.1940668583036494E-4,4.1627715859507983E-4,0.001017000733995031,6.251879697353406E-4,9.650945694198618E-4,9.149371126971027E-4,0.0010951977365050536,2.6857113646994727E-4,4.3311911102654455E-4,3.2233565686366414E-4,4.184375284051403E-4,9.20528531352525E-4,0.0012818514403967463],[2.0527971727056447E-5,1.467553318700244E-4,1.1072635412700994E-4,6.119785937336114E-4,1.1254794855097478E-4,4.0970310372232937E-4,4.898797983816616E-4,0.0011417660299592664,0.003891138263865129,5.011206179016484E-4,8.701368912908338E-4,1.7997923085901613E-4,0.005207764410600984,9.718422458306702E-4,0.0016656493453042044,5.1978288649573166E-5,8.101492645765812E-4,1.6364646378220257E-4,9.955368327637932E-4,0.013117581691887053,0.008659378778907831,0.0011157623284425745,1.6903790128914068E-4,3.94172834265599E-5,8.461877036101429E-4,4.778793365505166E-5,2.2438957543862443E-4,4.8828266583939494E-5,0.0029703880695406324,3.431084703766103E-4,1.0,0.0010124402276865585,2.4581418413307864E-5,1.5596627887730505E-5,1.2171342560649851E-4,1.0268302670449336E-4,1.2415521640617134E-4,1.8058214271171677E-5,2.7902799274076257E-5,2.5067833032864795E-5,3.5719347511721495E-4,1.4159725142073377E-4,2.7864988592762085E-5,5.149437825640297E-5,4.691048062978304E-4,1.1633322880456968E-4,1.7309807225297388E-5,3.715796456690146E-5,3.175884909047387E-5,2.7850094323524505E-5,6.865327913406531E-4],[7.716573628319002E-4,0.0015463098503704443,3.583001783417379E-4,0.0011447413062084053,3.9627627128250496E-4,0.0013119144805862006,8.612416479143075E-4,0.001124728465009758,0.0016586665836451396,0.0017267990705504754,0.001103109993667083,5.940275834291373E-4,0.00864840216558847,0.005018132567795685,0.0012806340394747602,8.264143824346388E-4,0.0011216304558046893,8.640779996089167E-4,0.0015460927578202764,0.0012316621896190322,0.011166037483696566,0.0018224026326758304,4.131125012713761E-4,3.677693347274945E-4,0.0011116110126851086,7.274725518658056E-4,6.789624125122194E-4,8.403003811289918E-5,0.01028643854514418,0.0010969528121430518,0.0010124402276865585,1.0,4.853388680282142E-4,3.572832348538926E-4,5.220677567698073E-4,0.0010613260284855121,8.107173259670448E-4,9.259224902717099E-4,4.0780209566846607E-4,0.0010507794496355338,0.001047826090799126,6.726246286765287E-4,3.9688530741091365E-4,7.621243510127281E-4,0.0011644799322243307,2.4825096774834467E-4,1.773597996667516E-4,5.24706575299863E-4,3.1382995112731114E-4,7.878965882320458E-5,0.0012415893403869848],[1.6787581577918016E-5,0.0023940577511226656,1.5475055228501096E-4,7.940682323962367E-4,9.439802489545019E-5,2.6423698542981863E-4,3.5635274968569085E-4,7.077254583407498E-4,0.003518981318004053,0.0012462583010723549,3.1848519494220547E-4,1.1652852239011462E-4,0.008236922066967562,5.429685234040431E-4,0.002047618291533106,1.6529178782753474E-4,1.504928920735653E-4,8.263650007496238E-5,7.685179998233967E-4,0.00861087035199954,0.0017857445983231316,0.0012531343634161897,1.4666975716161866E-4,1.572617542619985E-5,1.1450352931925074E-4,1.2106901148315059E-4,1.7622164816388325E-4,1.767704188802877E-5,0.01522472591334904,3.583568665476912E-4,2.4581418413307864E-5,4.853388680282142E-4,1.0,1.429636263729424E-5,8.488796408476908E-5,8.18104401594156E-5,1.330316425099363E-4,1.2375453323283343E-5,2.365600707117621E-5,1.847663769403845E-5,2.152323007592994E-4,7.63991945274697E-5,1.8923453467316992E-5,6.771854850225925E-4,1.3717849884267936E-4,3.0553963418857445E-5,1.127266776589934E-5,1.2202280701503475E-4,1.0069816476143562E-4,1.4746114014757288E-5,2.9017387601725647E-4],[1.759210380149302E-5,0.00124901090358091,1.9870345681333572E-4,0.0010323964629719556,9.900681507414278E-5,4.733145085072093E-4,6.685299211784464E-4,5.72914882592069E-4,0.0011047789771976735,3.7137774918125614E-4,2.0936002008910742E-4,7.436277221947501E-5,0.007429786004713432,0.004746870949982429,9.344547196854703E-4,1.7297583569213354E-4,7.653889679801218E-4,1.2993624762208463E-4,5.831517279611112E-4,0.007874634284288555,0.0035323132895066643,2.726121136113967E-4,2.3701900272596587E-4,9.218412363325306E-5,2.1099421124996665E-4,3.4552597264372797E-5,5.081508590375317E-5,5.402085401163473E-5,0.013825688191300303,2.6296821583247226E-4,1.5596627887730505E-5,3.572832348538926E-4,1.429636263729424E-5,1.0,1.3498039891518508E-4,6.679475725751731E-5,1.7165100104705677E-4,1.4648628743488347E-5,2.1127136189810863E-5,2.2094392925254374E-5,3.736127642303119E-4,2.2984082313989177E-5,2.732069830764612E-5,6.600489518646007E-4,9.84655484748368E-4,6.546955004052016E-5,1.6344658311283397E-5,1.2355814686305076E-4,7.760855963073931E-5,2.187157397183454E-5,8.100965027059938E-4],[1.1225672831709262E-4,3.74564421504701E-4,2.7322675288601227E-4,5.947584748997045E-4,1.8765779360307495E-4,9.134107097406301E-4,2.3203348765562552E-4,8.097112431948471E-4,2.0354376574565128E-4,6.999951696463891E-4,9.059057932991348E-4,1.9180980221154972E-4,3.141213004985754E-4,0.0029865689603044,0.0012191940750142056,2.0357756753688254E-4,5.671989801585473E-4,1.7082336798806405E-4,4.115376474420466E-4,0.010530836993959066,0.006208300506981378,4.1976856078127845E-4,2.51801926940973E-4,1.2134032391558356E-4,5.966451008905466E-4,1.908788139408038E-4,2.3880902728326949E-4,6.543328229571401E-5,0.015886172524493914,9.587415153600426E-4,1.2171342560649851E-4,5.220677567698073E-4,8.488796408476908E-5,1.3498039891518508E-4,1.0,1.6985702767971067E-4,1.9641821416034233E-4,5.6447531861200355E-5,7.575050587886427E-5,1.7994147604937817E-4,3.419531516536973E-4,2.462483116852172E-4,1.209525838501459E-4,6.787588451155919E-4,8.902688134038836E-4,1.5186676261197006E-4,1.77820393952113E-5,1.73039198466498E-4,1.910387825563602E-4,1.021130340765995E-4,3.9391938835576915E-4],[7.420678138552616E-5,4.8464320172601283E-4,2.5345031824596203E-4,3.0921873514357974E-4,1.6090308053133006E-4,1.5397639918782974E-4,5.006429277827971E-4,7.499392391713412E-4,0.004116598301178261,0.0014868192236770807,7.019841494564809E-4,1.6711063716486893E-4,0.007100188631862215,6.34748247133701E-4,4.581731953387851E-4,1.9236725746606175E-4,0.0010839366233854524,1.5442868017901925E-4,5.783909511417906E-4,0.0067947457646107745,0.005981291672172938,5.777562419369899E-4,2.0031367070303104E-4,1.4126532125965306E-4,7.95054021705191E-4,1.6191332782682243E-4,1.576496612741233E-4,1.1185476082918895E-4,0.01353021030245093,2.0484939853592172E-4,1.0268302670449336E-4,0.0010613260284855121,8.18104401594156E-5,6.679475725751731E-5,1.6985702767971067E-4,1.0,1.855746790575424E-4,4.4877960993241165E-5,7.166558377929156E-5,6.812723087507272E-5,3.84530465417172E-4,1.6114868819352586E-4,1.0941861894049361E-4,4.408482555261096E-4,6.555523608003591E-4,1.4497390703366813E-4,1.18196548868884E-4,1.4680328327528887E-4,1.8735064322253437E-4,1.1436277672724607E-4,9.81986044560577E-4],[1.8187962822627645E-4,0.0014122372612638274,2.4700206431800325E-4,8.73345055734765E-4,1.9867364270330018E-4,0.0010518336480994797,3.23198138961299E-4,7.122640620963246E-4,5.698457223349198E-4,0.001465410303965288,0.001020373473696623,1.9814724081573337E-4,0.006820238647246789,0.0011796469503690668,0.0013275577533293124,2.1104899057369935E-4,6.685022085962206E-4,2.006090429630968E-4,3.9327070223241255E-4,0.011985091679117332,0.0040381491439083475,0.0014518168093466998,2.808698951103967E-4,1.519010724991996E-4,4.481329335341974E-4,1.7481769749236718E-4,2.504000495825971E-4,1.9005883377202335E-4,0.006975387903850359,9.351033755374551E-4,1.2415521640617134E-4,8.107173259670448E-4,1.330316425099363E-4,1.7165100104705677E-4,1.9641821416034233E-4,1.855746790575424E-4,1.0,1.9767935373873614E-4,1.915568514687933E-4,1.699205625518281E-4,2.679580380017235E-4,2.9089303503100443E-4,6.717578150411781E-5,4.993568479553417E-4,2.540305116443347E-4,1.8165566693731518E-4,1.8501679872769786E-4,1.860904947692722E-4,1.952599875996509E-4,5.605164404761145E-5,6.631108559428353E-4],[1.7826826601157512E-5,0.002065407281807748,6.474705069929183E-5,0.0011109136345464187,1.3517306333938331E-4,5.966584953978607E-4,7.208650207329181E-5,8.473185331702029E-4,0.004216955642580845,8.930320239295936E-5,4.425671189390019E-4,1.800372735