[[1.0,0.019495136172771113,0.0022230013959870032,0.002972611004550118,0.0024415821046484317,0.0029639467032076213,0.0034812656723650086,0.005692571692794025,0.004528119540885211,0.004914572880661755,0.005252076886682714,0.01039863390310918,0.005352790294335334,0.005510986786943629,0.0016773539593797745,0.003284600580802969,0.008630385959477339,0.005737110703924619,0.0014846855206279179,0.005870919294118948,0.010864012533381928,0.004304727497626991,0.0030116948329377193,0.007077652468678483,0.00885276657055525,0.0037062078454517425,6.463560467736967E-4,0.004880280299600006,0.01505377150847431,0.00493756930627072,0.003613948126320063,0.0032782947168199694,0.004877264593144138,0.0011219491113313182,0.0038079358492455403,0.001477001154456379,0.005443992130548702,0.0036515617023897087,0.0023898916965495415,0.0028638055301059826,1.494013598672566E-5,0.005416174533025812,0.003145939097001153,0.0011985127297252846,0.004603753996873952,0.0059698835417900005,0.002925774552278808,0.005319510035985586,0.005889322089000669,0.0023041103487489428,0.0036529622075494386,0.0030796138341108894,0.0043346736093179405,0.00254980210589976,0.0025815919245450692,0.0014438934272638939,0.005965857365958821,0.00513120664583655,0.002541072983427562],[0.019495136172771113,1.0,0.0028460945640442405,0.005661609053399158,0.006754048271528174,0.0197692392770845,0.017136392996757347,0.01198169352833759,0.01445199135915021,0.020126560635886928,0.0153111018837785,0.016661523528029517,0.022645322928124524,0.002307555861430151,0.02094108055292359,0.01853713428901932,0.022237951539362425,0.012953704292525799,0.005983151016222128,0.012580711233045222,0.018437222502278278,0.011866757904282604,0.018510981679366437,0.014896099342311193,0.030987703625494183,0.014149462422195922,0.003918777745640521,0.012677591345914802,0.023709521475913254,0.015396481833541982,0.023290610178051053,8.874686932004242E-4,0.01252555712201271,0.0052917986606110185,0.022664118635722194,0.019576671489153492,0.015218413314681442,0.015909819804507213,0.007701715938226544,0.018890067184531102,0.0027466662367833608,0.013672885213543831,0.012024176626188165,0.001761740152719129,0.021992865099317253,0.003639060814768064,0.0212488839309794,0.010498689504572544,0.0073833550558282425,0.008747565763397172,4.92072868697592E-4,0.0027929850979642045,0.005790296685156079,0.0152365219169184,0.021807157220317435,0.005392675307584876,0.015203580610064613,0.022397624723989512,0.01820510125090836],[0.0022230013959870032,0.0028460945640442405,1.0,0.002090351101631858,0.001046411572223316,0.001017355615072727,8.096241068905035E-4,8.870398749078512E-4,0.0012748798350316923,0.00110516799480039,0.00106525153765428,0.0027542561011296074,0.0011284879270655906,0.0012117399967444898,8.453288632125444E-4,3.641379813361439E-4,0.003963621410049187,0.0011733758057132304,0.0010678988161904224,0.0015900012435725829,0.003919957081651535,2.3846079741291783E-4,2.317493081710565E-4,0.007035384003673566,0.0034067900293485677,0.001210042475341413,0.0011989372593781728,0.0011502410403059619,0.01174773868619141,0.0014257922964152098,4.449278451637486E-4,2.9636801135507886E-4,0.002201626487566351,4.5250602386931037E-4,9.476856306613651E-4,0.0011031619004570794,0.0010037514044208317,5.479698723992567E-4,8.114207471056644E-4,0.001354495015940785,0.0010691363593134592,7.741992136051242E-4,0.0017012574899208871,4.771435703016144E-4,0.0031480635231249956,0.001173864324121218,0.0012311015407185716,6.440811337233936E-4,3.1869836075578865E-4,6.481055680700219E-4,0.0011332505897388412,9.693820326264905E-4,0.0011524302810188062,0.0014059618766194546,7.56825979828096E-4,1.7394723899253473E-4,0.0013224574825481117,0.0012454204117572588,6.766423697220586E-4],[0.002972611004550118,0.005661609053399158,0.002090351101631858,1.0,0.0016100789505225969,0.002579676648659507,8.948462125505676E-4,0.001045371255886174,0.002310601263663413,0.0016772503502067773,0.0020962569499140683,0.007572983817232307,0.002469791717114463,0.0022920133050242566,0.0012154022627079031,9.572232160501117E-4,0.003165574947849092,0.0017295817790675817,0.0024282098081449895,0.0017078033834838997,0.003178395436791127,0.001153993089983899,0.0023022471693604535,0.004853354392478627,0.006424482261060207,0.0013329814975363962,0.001385261785156914,0.0022418760919182858,0.011220037515049037,0.0021419855723578056,8.161456539597332E-4,0.0014617042026488678,0.002634704536825313,0.0012886033033930933,0.0020102163449655566,5.001524916232517E-4,0.001599719196822643,0.0012636152268636796,0.002258213110680512,0.0022739500143270333,0.0014988763435288485,0.0018817193999704238,0.002205357402376996,0.002370512364495155,0.003310690537462324,0.001953103291918472,0.0013220318276565201,8.808047532694854E-4,1.7130468333913734E-4,0.0017904948511690865,1.5517875955780428E-4,2.500176068277824E-4,0.0018617019440749063,0.002548336095690659,0.0016138459244710605,3.493560507868827E-4,0.0024582823021587537,0.0015015263938513046,4.884633878362352E-4],[0.0024415821046484317,0.006754048271528174,0.001046411572223316,0.0016100789505225969,1.0,2.481688307638144E-5,2.4763519313041575E-4,7.27802526342263E-5,7.054515777777774E-4,1.5534456676696203E-4,9.375298703553411E-4,0.0017883328532090714,7.080692222768209E-5,2.722462944431416E-4,1.439333932126846E-4,7.754027640894282E-5,0.013197369203209505,4.6798404039025056E-4,9.48121756737824E-5,0.0010637693972488965,0.011642301847249643,9.760658907183246E-5,4.8475890417942726E-5,0.0033919244562664592,0.01692936410785411,1.644201663634308E-5,2.6126653783857042E-5,1.4223524805431734E-4,0.014708998570279944,0.0015387630037899894,1.2584845957449355E-4,9.324588089173916E-5,8.681662457950267E-4,1.4112113180561375E-5,2.125271968653852E-5,5.077458638432406E-5,3.587817161511455E-4,3.4587732848758855E-4,8.828621020049018E-5,5.660959927142681E-4,1.3506119080161497E-5,1.642240345611602E-5,8.267162936553531E-4,2.0545705186886804E-5,0.0020637671848771533,6.309833485665391E-4,3.273903389328412E-4,1.6783610356254896E-5,3.2229303986685385E-5,5.36148247389302E-5,9.685270680948716E-5,1.6495314227621242E-4,0.0010500139988586048,0.0012057950079394956,6.101257492823028E-5,3.485378324700725E-5,1.349361373393232E-4,3.4635236341392116E-4,3.507016926395462E-5],[0.0029639467032076213,0.0197692392770845,0.001017355615072727,0.002579676648659507,2.481688307638144E-5,1.0,1.4382024884720794E-4,1.7061721388484177E-4,6.594815263059083E-4,1.393911326797279E-4,2.1064615838708807E-4,0.005463227487179842,2.66813279199475E-4,0.0010481227713856778,1.1005282843221224E-4,1.0782793984244165E-4,0.006182018211646836,2.572035214371376E-4,1.0877779847256521E-4,0.0010535994362165012,0.0025979614514071237,1.0606129098520858E-4,1.0998754489631924E-4,0.0011062276801439457,0.006061088586527833,3.33359063177552E-4,3.075207293632839E-5,5.1417062497269E-4,0.011190559322956563,0.0012560724348207814,1.1738111468542218E-4,2.127153244640286E-4,9.890006613487838E-4,8.06433332552151E-5,4.246302726383056E-5,1.9174682571844416E-4,2.282793185552911E-4,2.934007050910792E-4,1.1760826554053592E-4,4.324986267891385E-4,4.2183414558946964E-5,4.39162388906008E-5,0.002011967626343415,2.1384337095320437E-4,0.002865369861357242,9.021822214431197E-4,1.1309831791902193E-4,1.0772993126776143E-4,5.444021284938599E-5,1.1200152802523308E-4,1.1917191242445568E-4,1.4154627806531593E-4,2.77595301446466E-4,0.0018899452584128854,1.3885977244321832E-4,1.0560907423406955E-4,0.0014709306999158935,0.0010916482186348344,1.2935257498934504E-4],[0.0034812656723650086,0.017136392996757347,8.096241068905035E-4,8.948462125505676E-4,2.4763519313041575E-4,1.4382024884720794E-4,1.0,2.2014299673927043E-4,7.870567486530487E-4,2.934605514747014E-4,4.0227075331869826E-4,0.013494055253934807,4.38414341206421E-4,3.1947433229305883E-4,2.514862231999642E-4,2.523695806020075E-4,0.017191854705198854,3.7567732980927883E-4,3.035248673950758E-4,8.246414894174769E-4,0.010356589132382299,1.2872800645595891E-4,2.996502328122612E-4,0.008421412094847312,0.018084598167679544,4.756358063003939E-4,3.1155121518536147E-4,6.402683827848441E-4,0.013733841351598308,0.0019004870199472847,3.017130921952956E-4,3.126315255982525E-4,4.600232369366034E-4,2.70300773717185E-4,3.0047990674958165E-4,2.3529611822563807E-4,4.4832790238825135E-4,4.350701810851273E-4,1.871596527984266E-4,0.001322897681560369,2.624137213430811E-4,2.231500715353203E-4,8.251655261073477E-4,2.9420627303923714E-4,0.0012142901050647803,0.0010661585897146996,0.0010767266224936062,1.2951846839960295E-4,1.9311728105177612E-4,3.082427696477966E-4,2.919959893587296E-4,2.3281444769260076E-4,6.030328025207401E-4,9.56262005638323E-4,1.8180971717660611E-4,2.2359345502171322E-4,0.0017293095999016959,7.797288766309004E-4,2.722149664265448E-4],[0.005692571692794025,0.01198169352833759,8.870398749078512E-4,0.001045371255886174,7.27802526342263E-5,1.7061721388484177E-4,2.2014299673927043E-4,1.0,4.8405855685575974E-4,2.024586289445848E-4,6.243655941406743E-4,0.0034315550487795062,8.441324971484776E-4,2.0142756152128377E-4,1.598733225202015E-4,1.8292749384367748E-4,0.006535100056884006,2.0426917605139233E-4,1.340431276863647E-4,4.022207244854406E-4,0.011058653571633497,1.874847301455529E-4,1.4876847068479417E-4,0.008066572420275574,0.01094154143997047,0.0010582840851634467,4.409277850102097E-5,4.3043805874852373E-4,0.006410935888170638,0.002072419675363637,1.624039914528999E-4,2.1485417506266524E-4,2.539497246889663E-4,3.0148191872858978E-5,1.1831546722161117E-4,2.0126066780398725E-4,3.9581867541905655E-4,4.310010900106947E-4,1.3807693086153428E-4,9.662991030637324E-4,8.0083940979349E-5,7.431415732751505E-5,9.557288456494699E-4,2.374433236113374E-4,0.0021903019213643164,9.77970253576316E-4,6.146021974976031E-4,1.3866703871720927E-4,6.979620499801395E-5,2.1700434082014034E-4,1.439084010660139E-4,1.7316824433965985E-4,7.525029328637609E-4,9.212443884861085E-4,1.6719057050785271E-4,1.2206050357081086E-4,0.001601948955603139,2.2042702969332178E-4,2.2959514207854077E-4],[0.004528119540885211,0.01445199135915021,0.0012748798350316923,0.002310601263663413,7.054515777777774E-4,6.594815263059083E-4,7.870567486530487E-4,4.8405855685575974E-4,1.0,9.757898214585198E-4,0.0012430832920297984,0.003805567347362644,0.0010884147453368788,0.0012702704157118608,7.531877928313097E-4,0.0010834013381566992,0.008994678212186682,7.876504545074357E-4,0.0010355713281685547,0.0014233417419803002,0.008670724239235409,0.0010091063705477247,8.867048817292857E-4,0.008225079324472497,0.027509981740575493,0.0012338346269596444,0.001204486242335958,8.426279603668054E-4,0.002543726057661531,0.002016751736362969,9.475087688924705E-4,0.0011281864815375225,0.001694064217526671,0.0011233229571909538,2.2165999564530226E-4,5.004376483537685E-4,0.0010255493326662246,0.0012586871184671565,7.681099282953823E-4,0.0013361282812938018,5.416655510520889E-4,7.740220949518752E-4,0.0013732599537954083,4.8240216387171025E-4,0.0022774874837359505,0.0011991390299426793,0.0012739825186980165,0.0011288105105678827,7.260698745499355E-4,6.451834069288008E-4,6.930315140713752E-4,0.0010806471648098941,0.0012040533711256264,0.0016699787073125288,1.564224760031867E-4,0.0011031838368035672,0.0016198361807387752,0.0012756359816310562,0.0012513323759693515],[0.004914572880661755,0.020126560635886928,0.00110516799480039,0.0016772503502067773,1.5534456676696203E-4,1.393911326797279E-4,2.934605514747014E-4,2.024586289445848E-4,9.757898214585198E-4,1.0,7.534368005013702E-4,0.008765501978227088,8.437179867785479E-4,3.364654128263312E-4,2.592868584713442E-4,2.0797244295922524E-4,0.004485411390808767,7.818659052391687E-4,1.4101285384086892E-4,0.0015306031045212798,0.00954998652205355,2.2145903920235428E-4,1.83488363386425E-4,0.00797177078613573,0.005452578503741439,7.808981778852133E-4,1.079560191864791E-4,6.135687911076081E-4,0.014507593901805144,0.0013469328805433888,2.6605694665655065E-4,2.225701660402235E-4,5.187908185444532E-4,1.9819574137673712E-4,2.1325143561573548E-4,2.5222286817576015E-4,4.138585088069922E-4,4.0151407108856744E-4,1.4270875228594455E-4,0.0013647528142784492,1.2850986676855972E-4,9.959294356873072E-5,0.0017001650035747653,2.69656404873653E-4,0.0026329609746223908,6.408826265993507E-4,9.711180440250216E-4,1.396787493530277E-4,7.346278296609892E-5,2.4824133548210153E-4,1.5801873070834293E-4,1.8016202042842112E-4,7.480984347753054E-4,7.191605012646109E-4,2.282565216392992E-4,2.1255636074737327E-4,6.023007027005835E-4,7.335437342878737E-4,2.645987996356394E-4],[0.005252076886682714,0.0153111018837785,0.00106525153765428,0.0020962569499140683,9.375298703553411E-4,2.1064615838708807E-4,4.0227075331869826E-4,6.243655941406743E-4,0.0012430832920297984,7.534368005013702E-4,1.0,0.012956867865884066,0.0010318742866246603,0.001120555837164447,9.242269696108014E-4,3.555503387936291E-4,0.0036256888099301596,8.677799873755824E-4,6.14247557469525E-4,0.0010696168019211252,0.003395302945898876,9.878807335698952E-4,3.9998447154658865E-4,0.0024052559378775267,0.017702365121280976,0.0011042068283851495,6.406739935609217E-4,8.791594351641157E-4,0.007412072813453232,0.001243714745646423,2.98980483665816E-4,8.310573628624667E-4,0.001780898667450512,3.701715258708604E-4,1.696233053013052E-4,8.081189169144656E-4,9.560886170080341E-4,8.108081866985508E-4,2.6908028835717754E-4,0.001411830722178487,8.84428667855985E-4,3.9351445594093406E-5,0.0015534591762395057,8.298118173745428E-4,0.001917417864517869,0.0010566339018085221,0.0011697435963062704,5.566084832881875E-4,2.5087392287409115E-4,5.771578004836218E-4,4.329720752549002E-4,0.0010365918822970617,0.001075424127960364,0.0014148745738460679,1.7733786169611332E-4,6.5837642518425E-4,0.0011690144927734702,0.0011880545364280379,8.987970301731366E-4],[0.01039863390310918,0.016661523528029517,0.0027542561011296074,0.007572983817232307,0.0017883328532090714,0.005463227487179842,0.013494055253934807,0.0034315550487795062,0.003805567347362644,0.008765501978227088,0.012956867865884066,1.0,0.003303345218660477,0.007697319537067093,0.004194213448177489,0.011229008821988818,0.01656121391492412,0.003932442254726081,0.0028331308998452366,0.01297606471958486,0.014482124422410765,0.001995580831567027,9.940956494268662E-4,0.011096349942754408,0.030518562437919894,0.01128290407505857,0.002778046960476451,0.0029885542655518037,0.014901125880516475,0.007092479135339241,0.0016950965944376715,0.01093223410072746,0.004876931782947142,0.011581009062275107,0.008640241100049356,0.0015476204644395443,0.009458993345083757,0.013636847902730172,0.010209807857222872,0.007420062345081985,0.011986593950896587,0.008335188860081806,0.007267752192010796,0.005641070130079253,0.007783169587839657,0.008645733434300341,0.002339531440438208,0.010010654062952457,0.013717482027238777,0.008888260239479414,0.0022244666692641628,0.010328306326815737,0.009793230183594636,0.0076693573738991026,0.013615886731085403,0.006664929196839674,0.005493933547430822,0.004340310488060832,0.0033179581833973743],[0.005352790294335334,0.022645322928124524,0.0011284879270655906,0.002469791717114463,7.080692222768209E-5,2.66813279199475E-4,4.38414341206421E-4,8.441324971484776E-4,0.0010884147453368788,8.437179867785479E-4,0.0010318742866246603,0.003303345218660477,1.0,0.0011289578766112691,8.359819454066917E-4,1.530751475409082E-4,0.014209500989634865,7.964514427588295E-4,0.0010271375216422236,0.0014374215594096166,0.002963400308567937,3.248213518231441E-4,8.575328837973407E-4,0.00849536654208808,0.027833946716005035,0.0010918186865096493,4.997077217328747E-4,0.0010089969919695279,0.006293455781715923,0.0019097370660042428,2.1093769797409623E-4,7.000790324026739E-4,0.0013255156576798123,8.470408413630486E-4,7.824943328873168E-4,6.247301578953948E-4,9.908157908670439E-4,6.111994296012467E-4,6.690044286952137E-4,0.001074406055613453,2.1973307516720894E-4,8.607505789155491E-4,0.0010929321132117755,3.5608816480779443E-4,0.003238043846232063,0.0010337842984509131,0.0011049723861201518,5.95403048062961E-4,9.541296121606017E-4,3.316715974807571E-4,5.412112538951115E-4,4.529549713955967E-4,0.0010938485934813762,0.0017913796496459792,0.0010076394351208372,8.537768163407525E-4,0.0017179668173459674,0.0010414980664763148,9.603622747489729E-4],[0.005510986786943629,0.002307555861430151,0.0012117399967444898,0.0022920133050242566,2.722462944431416E-4,0.0010481227713856778,3.1947433229305883E-4,2.0142756152128377E-4,0.0012702704157118608,3.364654128263312E-4,0.001120555837164447,0.007697319537067093,0.0011289578766112691,1.0,1.6689817316633084E-4,1.435128178603451E-4,0.015822713419004767,0.001063519797131643,8.815181936152923E-4,0.0014854152749961772,0.005065677903752529,3.442215165257139E-4,4.6638172046068E-4,0.008258197237656827,0.01949063151358104,0.0012065226807179523,7.55585262176208E-4,0.0011441397254980182,0.0090577122328952,0.0016262232959523913,2.717438881070823E-4,8.845104488119751E-4,0.00215730114957576,5.4801417988429526E-5,3.4645131544690607E-4,5.611190619206519E-4,0.0011875676377031204,0.0012046443638148124,1.447349730856011E-4,0.0013294180320659896,0.0011535472040436912,1.4829845604108008E-4,0.0013701151409161011,5.948864950664425E-4,0.001851450123874511,0.001131082964339958,0.0012218772306498565,4.0793311189675263E-4,7.160445153533055E-4,6.098798753615298E-4,9.45542850908272E-4,5.071755818923261E-4,0.001155272684569749,0.0012132044473338384,0.0010448911364491673,5.676012470629757E-4,0.0016595380671627045,0.0012219602358706973,7.367956255933587E-4],[0.0016773539593797745,0.02094108055292359,8.453288632125444E-4,0.0012154022627079031,1.439333932126846E-4,1.1005282843221224E-4,2.514862231999642E-4,1.598733225202015E-4,7.531877928313097E-4,2.592868584713442E-4,9.242269696108014E-4,0.004194213448177489,8.359819454066917E-4,1.6689817316633084E-4,1.0,1.3261607770895893E-4,0.01646687891216814,6.02852064039424E-4,1.3787421922105132E-4,4.345026662749368E-4,0.008360920750561291,1.399658687639336E-4,1.377355997802888E-4,0.005457657305311795,0.021209784979954033,2.529539882883936E-4,1.0990710275303438E-4,1.6435821302180706E-4,0.006295650842225462,0.0019802214542213445,1.495351970675018E-4,1.7214074615579865E-4,0.0024466210774772377,1.3388237902804207E-4,3.9242808480058645E-5,1.8887925879096623E-4,4.1160952659247607E-4,2.9981105716375906E-4,1.4240083418189326E-4,0.001133607754222997,5.03437156935616E-5,9.765972777595707E-5,0.0012485228790225292,1.849470161419227E-4,5.502226592278409E-4,7.204080113606449E-4,9.455111178089447E-4,1.4190739248853463E-4,1.4135144691108305E-4,1.8387621275014468E-4,1.3270391534283519E-4,1.490340259995083E-4,5.433585517424964E-4,0.0018533467542190007,1.493069034333153E-4,1.2061586788785342E-4,0.0010409745143447938,0.001037675493129385,1.9712784718735785E-4],[0.003284600580802969,0.01853713428901932,3.641379813361439E-4,9.572232160501117E-4,7.754027640894282E-5,1.0782793984244165E-4,2.523695806020075E-4,1.8292749384367748E-4,0.0010834013381566992,2.0797244295922524E-4,3.555503387936291E-4,0.011229008821988818,1.530751475409082E-4,1.435128178603451E-4,1.3261607770895893E-4,1.0,0.007609526320336209,2.3904203274728993E-4,1.2424504646535464E-4,4.449548494414286E-4,0.007875274489498678,1.098032203368867E-4,1.1759172154280339E-4,0.008896601623532289,0.024946924005467577,5.331286167672676E-4,7.652811919969614E-5,2.734677838920386E-4,0.015188697378520154,2.965816992419308E-4,1.449682589874316E-4,1.351211929682213E-4,0.0014092145476172697,3.370238853285275E-5,6.332434934995282E-5,1.5714830023927996E-4,9.112668507554467E-4,1.2897134433250565E-4,1.351053143951391E-4,3.1385679038788654E-4,1.1333423588795107E-4,7.451502161214221E-5,0.0012818496400341893,1.9535288939924664E-4,0.0013632550039586633,9.690805562798237E-4,5.046756756604546E-4,1.1038477289040019E-4,8.071233068412155E-5,1.693425561780581E-4,1.2569615311573202E-4,1.5752832980783045E-4,3.5158686879155056E-4,0.0017755657655624513,1.4912702151735797E-4,1.1449524389681528E-4,7.857797587141067E-4,6.729988684459724E-4,2.1909238793910756E-4],[0.008630385959477339,0.022237951539362425,0.003963621410049187,0.003165574947849092,0.013197369203209505,0.006182018211646836,0.017191854705198854,0.006535100056884006,0.008994678212186682,0.004485411390808767,0.0036256888099301596,0.01656121391492412,0.014209500989634865,0.015822713419004767,0.01646687891216814,0.007609526320336209,1.0,0.006292580992465865,0.0021266979937522145,0.015894395181045556,0.01336699377819623,0.003816435350688803,0.0046153962486797555,0.0165305464042488,0.023470935559237596,0.003889608647371698,0.008374417278228014,0.011086382092354201,0.018555592212929836,0.00966358766446731,0.015415458133670438,0.013958809322215571,0.013999440569108394,0.011747332073978307,0.016290883565838597,0.01475943667561003,0.003018529971166484,0.009695765747910373,0.0029512266741668048,0.016912118634603478,0.008820176067830067,0.0074469932603104146,0.01542528690605277,0.002122366007306346,0.012899648321836123,0.0028240423991133558,0.005615199454656905,0.015928092396730202,0.009085797608108941,0.011776018272345444,0.007242160840068819,0.016540681274590966,0.008429448077657178,0.0034773617389748466,0.01321196827197977,0.00707125915880045,0.015433390065672984,0.01358388369305588,0.014928145253507347],[0.005737110703924619,0.012953704292525799,0.0011733758057132304,0.0017295817790675817,4.6798404039025056E-4,2.572035214371376E-4,3.7567732980927883E-4,2.0426917605139233E-4,7.876504545074357E-4,7.818659052391687E-4,8.677799873755824E-4,0.003932442254726081,7.964514427588295E-4,0.001063519797131643,6.02852064039424E-4,2.3904203274728993E-4,0.006292580992465865,1.0,2.3529618159260916E-4,0.0016279156512559096,0.005286637255906992,5.093803472267333E-4,3.891645529311228E-4,0.003444367116157937,0.0060178210108333885,0.0010487987298629649,5.742383168904859E-4,7.762447769907064E-4,0.009353255176659928,0.0014715019039227841,3.230592555462349E-4,2.3801940568934972E-4,0.0025912030770857005,3.829446515334676E-4,7.477832078302605E-4,6.31105342912614E-4,9.060939039729344E-4,7.21351678580229E-4,4.172011535837611E-4,0.001382486537993645,3.3312139676553316E-4,1.196921360378907E-4,0.0019050476118121122,2.736551526284665E-4,0.0018385647637223109,9.136492549031509E-4,0.0010749789248144805,1.1938759976075365E-4,1.527719803084516E-4,4.2064909378721816E-4,7.424488775444574E-4,2.494001592074675E-4,8.201409178743314E-4,0.0013153915267646614,2.435582322141334E-4,5.001117122622973E-4,0.0012851681485173965,0.0010570079868541902,3.129736989606959E-4],[0.0014846855206279179,0.005983151016222128,0.0010678988161904224,0.0024282098081449895,9.48121756737824E-5,1.0877779847256521E-4,3.035248673950758E-4,1.340431276863647E-4,0.0010355713281685547,1.4101285384086892E-4,6.14247557469525E-4,0.0028331308998452366,0.0010271375216422236,8.815181936152923E-4,1.3787421922105132E-4,1.2424504646535464E-4,0.0021266979937522145,2.3529618159260916E-4,1.0,4.916611819116757E-4,0.0046098127564626785,1.0468972099867175E-4,1.2490245072163973E-4,0.0011771312890982342,0.029184259059532574,5.779682011995735E-4,4.3726802200651516E-5,2.0724359535961308E-4,0.011868163703224728,2.604238871141521E-4,1.360157984479454E-4,1.346718616376426E-4,2.628924316798048E-4,6.874207668319346E-5,1.3146543725623558E-4,1.8667229850760498E-4,3.7430605703853473E-4,3.1573924930043413E-4,1.3533956177581854E-4,0.001287113445965947,3.2159278282768053E-5,1.3088602674916943E-4,0.0012778296259896922,1.5132545805226932E-4,0.002423863122226517,6.674093198139697E-4,0.0010836030598065148,1.085215556164522E-4,8.70131463517253E-5,2.3181052684139065E-4,1.299095260804E-4,1.4085525606547628E-4,3.5716853187557434E-4,6.607516102986819E-4,1.4027022369444107E-4,1.2781943984120625E-4,0.001447298655663797,3.876352038021507E-4,1.4566194347767565E-4],[0.005870919294118948,0.012580711233045222,0.0015900012435725829,0.0017078033834838997,0.0010637693972488965,0.0010535994362165012,8.246414894174769E-4,4.022207244854406E-4,0.0014233417419803002,0.0015306031045212798,0.0010696168019211252,0.01297606471958486,0.0014374215594096166,0.0014854152749961772,4.345026662749368E-4,4.449548494414286E-4,0.015894395181045556,0.0016279156512559096,4.916611819116757E-4,1.0,0.009054794863530662,0.0014390001450709457,8.238562132015137E-4,0.008034200127500998,0.012880967099700158,0.0015120905672281915,7.746452413481523E-4,0.0011359020829173297,0.01140873537036588,0.0017906115440379394,0.0010568240436260382,0.0010848443309478951,0.0017922899131390811,5.634367629252561E-4,0.0012568274742288507,6.623804279942655E-4,0.0010415963999721673,0.0011638466687545442,0.0011345633354491566,0.0015629277948276913,0.0016182733285654814,8.326949673081206E-4,0.0018076026272882246,0.0010244425711423213,0.002247181461004403,0.001402254080150427,0.0015213865203257894,9.653714577790801E-4,0.001288155632216841,9.833883249853312E-4,3.4935217138242305E-4,3.037922226612452E-4,0.0012039147247997787,0.0017316249791667973,7.856931210642563E-4,0.001223161665986032,0.0016486725024548402,0.0016204915574748087,9.986125438599782E-4],[0.010864012533381928,0.018437222502278278,0.003919957081651535,0.003178395436791127,0.011642301847249643,0.0025979614514071237,0.010356589132382299,0.011058653571633497,0.008670724239235409,0.00954998652205355,0.003395302945898876,0.014482124422410765,0.002963400308567937,0.005065677903752529,0.008360920750561291,0.007875274489498678,0.01336699377819623,0.005286637255906992,0.0046098127564626785,0.009054794863530662,1.0,0.003575771621350571,0.0014885451814869975,0.010659806881076594,0.02902690099297303,0.006319789936932199,0.008579976089474518,0.004278899885296269,0.012646610161273367,0.0025971213121050683,0.0035238614631975277,0.010822234846562218,0.004523396014293443,0.008680025212090648,0.011467635611190428,0.008739189880230952,0.011591523935978496,0.009545778759628004,0.009629645099674464,0.007247328631530152,0.007430185161219714,0.006293837554632989,0.0024558034186764,0.006842832635880527,0.009640381090808158,0.007697511888312627,0.005099876474219416,0.005742213583582693,0.00815212307153496,0.005910651056789431,0.008033604876732344,0.008271143117064686,0.0016285498477787604,0.003475147499837481,0.0073219992244478406,0.005136082889030827,0.006328214489776577,0.006959021965491705,0.007568837400507169],[0.004304727497626991,0.011866757904282604,2.3846079741291783E-4,0.001153993089983899,9.760658907183246E-5,1.0606129098520858E-4,1.2872800645595891E-4,1.874847301455529E-4,0.0010091063705477247,2.2145903920235428E-4,9.878807335698952E-4,0.001995580831567027,3.248213518231441E-4,3.442215165257139E-4,1.399658687639336E-4,1.098032203368867E-4,0.003816435350688803,5.093803472267333E-4,1.0468972099867175E-4,0.0014390001450709457,0.003575771621350571,1.0,1.0826187409054544E-4,0.006162280115706482,0.0013316550386395939,0.0011267433402420207,6.021631061446309E-5,4.253472059892416E-4,0.019112144063976634,0.00211793503256055,1.5793280137419132E-4,1.5162032812427416E-4,0.0022273116362096653,8.810881083905331E-5,5.565015366705416E-5,1.7723765232612873E-4,2.3247735701944746E-4,4.2963754153731154E-4,1.1073211528354406E-4,0.0010587235152862997,2.14957503753908E-5,8.194652335571885E-5,0.0018143695942378852,2.0762710241586843E-4,0.002507918686257623,8.196724231265594E-4,6.477196454937443E-4,1.0491310717100347E-4,8.53776102201794E-5,1.1251383729021047E-4,1.1381106637577563E-4,1.3410376431459347E-4,0.001096152306839959,0.0016894506158607278,1.5386923344967463E-4,1.0370304847263603E-4,0.0011357539084579388,7.016212588617553E-4,1.8945781184174148E-4],[0.0030116948329377193,0.018510981679366437,2.317493081710565E-4,0.0023022471693604535,4.8475890417942726E-5,1.0998754489631924E-4,2.996502328122612E-4,1.4876847068479417E-4,8.867048817292857E-4,1.83488363386425E-4,3.9998447154658865E-4,9.940956494268662E-4,8.575328837973407E-4,4.6638172046068E-4,1.377355997802888E-4,1.1759172154280339E-4,0.0046153962486797555,3.891645529311228E-4,1.2490245072163973E-4,8.238562132015137E-4,0.0014885451814869975,1.0826187409054544E-4,1.0,0.005796137694882128,0.013982603518675267,5.186531038687041E-4,3.40898101574184E-5,4.75447163356357E-4,0.004362661480409296,0.0010451365737867107,1.594382007114888E-4,1.825855999171872E-4,1.997929469234708E-4,3.0044422983275832E-5,5.691451718323169E-5,1.2092393306660523E-4,7.747668059332108E-4,4.90955631135655E-4,1.3706595022248941E-4,0.0014805011194955668,3.989219016066929E-5,5.7564070637375154E-5,0.0018234924646868382,2.2753319213789368E-4,0.003049135123511836,3.855591885764941E-4,4.779005627053433E-4,1.0940919038306974E-4,5.587052439663519E-5,1.39673377650653E-4,1.2013492208096437E-4,1.6997699836675037E-4,4.126967315575908E-4,5.990363679565966E-4,1.444717146819899E-4,1.0821185369001383E-4,0.0013826586567354262,6.928847128113052E-4,1.8253958959022333E-4],[0.007077652468678483,0.014896099342311193,0.007035384003673566,0.004853354392478627,0.0033919244562664592,0.0011062276801439457,0.008421412094847312,0.008066572420275574,0.008225079324472497,0.00797177078613573,0.0024052559378775267,0.011096349942754408,0.00849536654208808,0.008258197237656827,0.005457657305311795,0.008896601623532289,0.0165305464042488,0.003444367116157937,0.0011771312890982342,0.008034200127500998,0.010659806881076594,0.006162280115706482,0.005796137694882128,1.0,0.027380632141356692,0.004989530267818697,0.005061225218342612,0.0066851345556692525,0.016106764257550317,0.008252045990560113,0.007390458077765428,0.006570010626480623,0.006175731964184139,1.503140538950733E-4,0.004561161679377654,0.006209307198651363,0.007585771840793119,0.008133670413831265,0.0011233686915618657,0.0031709320767250486,0.0024840051687202345,0.010015004420895443,0.008737089577328157,0.002316724625222169,0.008550397128975916,0.008152793831572348,0.0027745422310035683,0.006631944361800257,0.0033234131652850737,0.009471937429535535,0.004123370927267173,0.006992032335200223,0.002126747749793231,0.008748444391090612,0.0011291944166307948,0.0011377629121358003,0.006173935232768441,0.00793517285919276,0.0064578927776143],[0.00885276657055525,0.030987703625494183,0.0034067900293485677,0.006424482261060207,0.01692936410785411,0.006061088586527833,0.018084598167679544,0.01094154143997047,0.027509981740575493,0.005452578503741439,0.017702365121280976,0.030518562437919894,0.027833946716005035,0.01949063151358104,0.021209784979954033,0.024946924005467577,0.023470935559237596,0.0060178210108333885,0.029184259059532574,0.012880967099700158,0.02902690099297303,0.0013316550386395939,0.013982603518675267,0.027380632141356692,1.0,0.010083886745620607,0.02873671969882544,0.02010617421033769,0.025051637831299208,0.027255579128030102,0.031975361203108475,0.012008507591344544,0.032668288194448745,0.02836097433599651,0.004012625735185604,0.007633145526847101,0.03311684227078061,0.014454646491177446,0.001724922104450976,0.006370031263486819,0.013126481695969052,9.092296841067466E-4,0.013215359572391984,0.0022177724755436477,0.024421263296635926,0.0024023937605829023,0.004201543718681215,0.010662523546660838,0.01773985124445635,0.0210626515705841,0.03184440257372477,0.009196601398499954,0.020474079719452688,0.012656537518587904,0.02792254611269301,0.015154499733843235,0.033143668434496835,0.02861360841946796,0.013675434793413271],[0.0037062078454517425,0.014149462422195922,0.001210042475341413,0.0013329814975363962,1.644201663634308E-5,3.33359063177552E-4,4.756358063003939E-4,0.0010582840851634467,0.0012338346269596444,7.808981778852133E-4,0.0011042068283851495,0.01128290407505857,0.0010918186865096493,0.0012065226807179523,2.529539882883936E-4,5.331286167672676E-4,0.003889608647371698,0.0010487987298629649,5.779682011995735E-4,0.0015120905672281915,0.006319789936932199,0.0011267433402420207,5.186531038687041E-4,0.004989530267818697,0.010083886745620607,1.0,2.9832968464392885E-4,8.389758201141615E-4,0.004946455939378573,0.0015975979500223642,6.257393163981052E-4,5.823136167457357E-4,0.0020295396508960553,3.4257578203684963E-4,7.925259908499383E-5,2.229073265563996E-4,0.0010317729254594689,8.124539176443811E-4,0.0011635766398135161,0.0012967479357470385,3.172799367375424E-4,5.429744993238064E-4,0.0015741372428598153,4.989668372444762E-4,0.0013966676952520674,0.0011752717140230632,0.0012391469058893024,2.854089951642523E-4,0.0011056044726187565,7.976235262273717E-4,6.800682416199261E-4,8.800901722984135E-4,0.0011392435110194157,0.0017855052772235936,0.0011652615678896109,7.202338885123543E-4,0.0015854711275778252,0.0012135872142291638,4.5696557104165E-4],[6.463560467736967E-4,0.003918777745640521,0.0011989372593781728,0.001385261785156914,2.6126653783857042E-5,3.075207293632839E-5,3.1155121518536147E-4,4.409277850102097E-5,0.001204486242335958,1.079560191864791E-4,6.406739935609217E-4,0.002778046960476451,4.997077217328747E-4,7.55585262176208E-4,1.0990710275303438E-4,7.652811919969614E-5,0.008374417278228014,5.742383168904859E-4,4.3726802200651516E-5,7.746452413481523E-4,0.008579976089474518,6.021631061446309E-5,3.40898101574184E-5,0.005061225218342612,0.02873671969882544,2.9832968464392885E-4,1.0,4.4117635409094554E-5,0.002997848491548256,9.084325739226908E-4,2.9070652400484822E-5,1.683947632584523E-4,5.204217724832952E-4,2.4897470613680586E-5,2.324738733257349E-5,1.9263502299255464E-4,4.053739669409303E-4,8.382152361686416E-5,1.1688011359625158E-4,9.551762449403129E-4,2.22254399140917E-5,3.2668500172764256E-5,0.0019464265066514656,8.91664337724498E-5,0.0015043842447668432,6.27052719476929E-5,2.8952721587274105E-4,9.738673141026614E-5,4.303472119221594E-5,2.3782252602244267E-4,7.911920987248948E-5,1.1288355680712358E-4,0.001049549226733259,0.001709485897846462,1.2440246309686713E-4,8.271304801690286E-5,0.0016126150923293416,3.765722461741164E-4,2.4735882380148237E-4],[0.004880280299600006,0.012677591345914802,0.0011502410403059619,0.0022418760919182858,1.4223524805431734E-4,5.1417062497269E-4,6.402683827848441E-4,4.3043805874852373E-4,8.426279603668054E-4,6.135687911076081E-4,8.791594351641157E-4,0.0029885542655518037,0.0010089969919695279,0.0011441397254980182,1.6435821302180706E-4,2.734677838920386E-4,0.011086382092354201,7.762447769907064E-4,2.0724359535961308E-4,0.0011359020829173297,0.004278899885296269,4.253472059892416E-4,4.75447163356357E-4,0.0066851345556692525,0.02010617421033769,8.389758201141615E-4,4.4117635409094554E-5,1.0,0.0037423459154642914,0.0014494458930311722,6.023487049208612E-4,5.685344175215421E-4,0.00234990276563283,3.334205942499197E-4,1.8001256866390043E-4,3.65257424865806E-4,8.349046824838532E-4,6.432976589688529E-4,3.8756996272761447E-4,0.0010885007774351146,5.042413620084245E-4,6.603074153566354E-4,0.0019085785216189648,5.376946368952078E-4,0.002634331017162221,0.001061704608245517,0.0010088620035411425,3.1343897474722345E-4,1.1166298061822871E-4,4.4401388069748466E-4,5.301546868038745E-4,5.009775176352082E-4,0.0010205267430539408,0.0018753465411713093,6.634580581976515E-4,5.949388826605756E-4,0.0014967739284092929,0.0011885218991076446,4.1638034414686747E-4],[0.01505377150847431,0.023709521475913254,0.01174773868619141,0.011220037515049037,0.014708998570279944,0.011190559322956563,0.013733841351598308,0.006410935888170638,0.002543726057661531,0.014507593901805144,0.007412072813453232,0.014901125880516475,0.006293455781715923,0.0090577122328952,0.006295650842225462,0.015188697378520154,0.018555592212929836,0.009353255176659928,0.011868163703224728,0.01140873537036588,0.012646610161273367,0.019112144063976634,0.004362661480409296,0.016106764257550317,0.025051637831299208,0.004946455939378573,0.002997848491548256,0.0037423459154642914,1.0,0.013196147765938755,0.015144206204435363,0.008729072391866927,0.01813419826422749,0.0182771845679422,0.01335622356071636,0.011434095512226607,0.003668978370021576,0.004992371570243889,0.010866499072586548,0.015132565337156564,0.006193926639746674,0.00675371041983763,0.0027514360395976384,0.013306811751835308,0.019178360465273027,0.008811988651598622,0.01644696115422163,0.002037355776257587,0.010031826096332352,0.005424710667481413,0.014529210050478088,0.0038051057203681315,0.011956216911254414,0.005836309288743588,0.014054120629981013,0.011950096107280764,0.0073250934812691525,0.0031607497138111795,0.014726536176389981],[0.00493756930627072,0.015396481833541982,0.0014257922964152098,0.0021419855723578056,0.0015387630037899894,0.0012560724348207814,0.0019004870199472847,0.002072419675363637,0.002016751736362969,0.0013469328805433888,0.001243714745646423,0.007092479135339241,0.0019097370660042428,0.0016262232959523913,0.0019802214542213445,2.965816992419308E-4,0.00966358766446731,0.0014715019039227841,2.604238871141521E-4,0.0017906115440379394,0.0025971213121050683,0.00211793503256055,0.0010451365737867107,0.008252045990560113,0.027255579128030102,0.0015975979500223642,9.084325739226908E-4,0.0014494458930311722,0.013196147765938755,1.0,0.002066436720852347,0.0018405201795286565,0.0025694966451092417,0.0017969909386762847,0.0018616426360716471,2.8202251414111303E-4,9.88077952317379E-4,0.0020661400146647323,0.0019732366917975266,0.001888254537784924,1.772625579837828E-4,0.0010993398860513171,0.0021302190226825017,0.002035011333000115,0.0026181226597342643,0.0015496133379346506,0.0012930471612878235,0.001743817379262655,4.865056196831306E-5,0.0012307674954051924,2.0947118627866597E-4,2.3399816210166246E-4,0.001312263207955779,0.0020897578961575638,7.132875272362377E-4,2.2583336207651904E-4,0.002121543283268443,0.0015650798518081748,0.001910826096379172],[0.003613948126320063,0.023290610178051053,4.449278451637486E-4,8.161456539597332E-4,1.2584845957449355E-4,1.1738111468542218E-4,3.017130921952956E-4,1.624039914528999E-4,9.475087688924705E-4,2.6605694665655065E-4,2.98980483665816E-4,0.0016950965944376715,2.1093769797409623E-4,2.717438881070823E-4,1.495351970675018E-4,1.449682589874316E-4,0.015415458133670438,3.230592555462349E-4,1.360157984479454E-4,0.0010568240436260382,0.0035238614631975277,1.5793280137419132E-4,1.594382007114888E-4,0.007390458077765428,0.031975361203108475,6.257393163981052E-4,2.9070652400484822E-5,6.023487049208612E-4,0.015144206204435363,0.002066436720852347,1.0,1.9731580507997249E-4,0.001546779885020569,3.389452751288214E-5,2.771260339991235E-5,1.794490438060773E-4,9.15485635411097E-4,4.635365014280732E-4,1.4817510839936252E-4,0.0011633697171644904,9.794162047281712E-5,1.3232996534963732E-4,5.943566963493279E-4,1.9245400634834633E-4,0.0023476910190242113,2.8158994101928827E-4,6.180059076905469E-4,1.13658388309484E-4,1.3517907374115682E-4,1.6790000356067561E-4,1.303850370066722E-4,1.6683243793168837E-4,2.957528027872692E-4,5.788261056823751E-4,1.56663417789659E-4,1.4266293927206925E-4,0.0013448237145987452,0.001197321533845937,1.9117164632353009E-4],[0.0032782947168199694,8.874686932004242E-4,2.9636801135507886E-4,0.0014617042026488678,9.324588089173916E-5,2.127153244640286E-4,3.126315255982525E-4,2.1485417506266524E-4,0.0011281864815375225,2.225701660402235E-4,8.310573628624667E-4,0.01093223410072746,7.000790324026739E-4,8.845104488119751E-4,1.7214074615579865E-4,1.351211929682213E-4,0.013958809322215571,2.3801940568934972E-4,1.346718616376426E-4,0.0010848443309478951,0.010822234846562218,1.5162032812427416E-4,1.825855999171872E-4,0.006570010626480623,0.012008507591344544,5.823136167457357E-4,1.683947632584523E-4,5.685344175215421E-4,0.008729072391866927,0.0018405201795286565,1.9731580507997249E-4,1.0,0.002601248470229448,1.7285213868465215E-4,3.826329752023361E-5,2.1343081531755392E-4,5.626637611767307E-4,4.888605189304963E-4,1.7967834808821205E-4,6.710101002150563E-4,1.0499383247178933E-4,9.357051173350557E-5,4.50606404534476E-4,2.5736164726278466E-4,9.712353769768967E-4,4.794057362872582E-4,9.870526933951304E-4,1.2009216787866999E-4,9.679732030947834E-5,2.249672583445504E-4,1.4000659295699544E-4,2.0813013961543136E-4,7.370338784216857E-4,0.0012224383813754232,1.8905324242206604E-4,1.2161846580442071E-4,0.001714563712902452,4.17021151918172E-4,2.203847078670605E-4],[0.004877264593144138,0.01252555712201271,0.002201626487566351,0.002634704536825313,8.681662457950267E-4,9.890006613487838E-4,4.600232369366034E-4,2.539497246889663E-4,0.001694064217526671,5.187908185444532E-4,0.001780898667450512,0.004876931782947142,0.0013255156576798123,0.00215730114957576,0.0024466210774772377,0.0014