[[1.0,6.539715358429704E-4,0.008424494169970313,0.007355649971339416,0.0050518022611293414,0.008503797869213773,0.002737963763406146,0.005588631987451292,0.009130842242114688,0.010309053331087923,0.006344973343788531,0.0014076820282831687,0.007724442981447709,0.00794964613594491,0.00883215705500415,0.001128486881785668,0.0017066037792893046,0.009416312348243189,0.010101010101010102,0.002511835980114208,0.0010702819075590051,0.0092235408923546,0.0017045280514771596,0.004641585240874888,0.007878175128863116,0.012018884099513327,0.009578857110753864,5.553780787347557E-4,0.007006862021985602,0.007109571424037524,0.0021195641718937566,0.008763976768611553,0.008804519977525294,0.0026879092612053525,0.008360945973840796,0.008264301562538264,0.010084505895049379,0.005443472465691911,0.010680317803590664,0.005695723639683458,0.0065791182108562735,0.00626160271674085,0.00933695082102683,0.00939061961474303,0.006679115291315441,0.0042614822026929905,4.978575893576033E-4,0.0074772659172962375,0.006767944948916909,0.007421955627556955],[6.539715358429704E-4,1.0,0.00785529835392459,0.0049096487079148855,0.0043279656751327444,0.0018115323797692883,7.185781546886676E-5,7.730506811636803E-4,8.762431612176578E-5,0.009399379126009518,0.0019563641128147327,1.3609993061802956E-4,1.261028398584841E-4,0.001325766505502248,0.008005666480510279,5.093652101646314E-5,1.1922793328397212E-4,8.415470904560344E-4,0.00891525862777132,2.06696157848445E-4,1.5974572963725554E-4,6.569980736240578E-4,2.411610666221847E-5,1.012707458740531E-4,4.2492649780659E-4,0.08276780055387951,0.0035460748127394306,1.0571607031878671E-4,5.261701962311997E-5,4.6686171415418406E-5,5.650713494818652E-5,0.0037190811799165864,8.676715353137174E-4,4.131647689556399E-4,5.4122309180182536E-5,2.9734334489534226E-4,0.0013842253202885075,0.0010105615406435517,0.004927441253983493,2.710334556955949E-4,1.500206527238373E-4,0.0028609097136389444,8.152466813331107E-5,2.560449373997151E-4,9.633270293182898E-5,2.1982303482380802E-4,9.155817576350411E-5,7.187309707385057E-5,4.1558508387014585E-5,9.10727351312005E-5],[0.008424494169970313,0.00785529835392459,1.0,0.008258643364359676,0.006694212466314296,0.007794153564533767,0.0054253828710982685,0.004616968014096291,8.909420648438156E-4,0.009285597668166515,0.004037813145641206,0.008182021003045737,0.0073118070029649885,0.007517048427601317,0.008261123616787096,0.008057250248142769,0.00804430462175737,0.002318057727623968,0.00866778491369141,0.006858404254989999,0.007372909484538392,0.0018487037337257292,9.362207596035025E-4,0.004613767835263027,0.004975323629495059,0.033459203014277863,0.007571988637794226,0.007953322164289822,0.0072314373551509445,0.0010471370244470037,0.0043514669053257736,0.006150886620867816,0.0050010292074144785,0.0023283996665882925,0.003085797719225853,0.00717892799935615,0.0017952910323515933,0.005067425935959361,0.009045862456015987,0.002162039493438288,0.0023085645832188213,0.007688316059588949,6.502046482059975E-4,0.0072333224261761225,0.002487567333431174,0.003640592836226215,0.004963217072095381,0.0031945967745258853,0.007799429537843047,0.006410326474885564],[0.007355649971339416,0.0049096487079148855,0.008258643364359676,1.0,0.005896690996812768,0.006286934872741515,0.005921387193759623,0.0016016248396096514,0.005165791931379702,0.006392772094225568,0.005221819036639122,0.0022139502297057693,0.004369703089135617,0.003670232111604697,0.007783864659665213,0.00347574656112576,6.478799994187756E-4,0.0057239725884103455,0.007403176899181362,0.0035917592893368114,9.447068984528357E-4,0.003992303127482634,0.001576331561877057,0.0010121905640879364,0.0012392385010492125,0.03723358823161351,0.006683793781196624,0.0024083833307931,0.0014104835306503324,0.005649002154496472,0.0019689875548603605,0.006135532604119511,0.0020129748918094954,0.004162860161049507,0.006039959281245003,0.0020066370842229584,0.0019485504864796383,0.0027693189739204965,0.006868355182062565,0.002673561592578537,0.0012651362073686245,0.005680922305923866,0.0037326939403249998,0.0037503163416873655,0.0025154445508716234,0.006091747831101921,0.005810303446459571,0.0028379990305968565,0.0036524396574429845,0.0058002739976967975],[0.0050518022611293414,0.0043279656751327444,0.006694212466314296,0.005896690996812768,1.0,0.005334210377449924,0.0026781894845841433,0.004151540961341809,0.001748055525613899,0.00715541431653589,0.004242876404270625,0.0018739335562298896,0.002454726205191047,0.0020246485220853363,0.004471089465773505,0.0017774836562809242,0.003619322322548936,0.0024639038959206124,0.005162029395403536,0.0012725324362847668,0.0014375794498922988,0.002467150387356677,0.0026619193879083864,0.0020711256701375137,0.002389422100786941,0.03836281328816895,0.004557418886975567,0.003516900434614524,3.386526384282625E-4,0.002959235040134868,0.0034956566768512783,0.004238678458684505,0.003140551805239779,0.003523378300497506,0.001999950550687683,0.0012173869083242977,0.004334346910567951,0.003698254075943765,0.0075709011499434315,0.0010002259412354366,0.003925587967469108,0.0037248007015433376,3.69069501172778E-4,0.001387825543686402,1.3765556331754074E-4,0.0017432120882101547,0.003659571383871683,0.0010324272163165509,0.0025613800081658606,0.0037772472165606115],[0.008503797869213773,0.0018115323797692883,0.007794153564533767,0.006286934872741515,0.005334210377449924,1.0,0.0024106457125848114,0.0040077716447549094,0.004730520484287683,0.00665790700853542,0.004253436542675183,0.003706920966272584,0.0020277879471621227,0.0030999256035264423,0.006082934311626204,0.0019778436509158377,0.002326934659485921,0.00386396608187123,0.009030973336805397,0.0018212204450300399,0.005181051859999946,0.005185985745323585,0.002985692325003658,0.00406868354786152,0.0014290508097754774,0.07552307153778558,0.006472923997680444,0.003184816117039605,2.734063920608043E-4,0.0017355700790877987,0.003416513428275969,0.005358300429248645,0.0016248980252268515,0.002744407353750808,4.073514502792045E-4,0.004573777786781531,0.0036262042969753844,0.003785189156165599,0.008100112784992867,0.0015833327597850608,0.001696107098968375,0.004228061575689317,0.0010947266798880632,0.0021916599747130385,0.005103013087454787,6.503937193286642E-4,0.0026009014362930838,0.0048100768573735905,6.473069198836355E-4,0.004856247871987734],[0.002737963763406146,7.185781546886676E-5,0.0054253828710982685,0.005921387193759623,0.0026781894845841433,0.0024106457125848114,1.0,0.0014829078551824484,7.854866691808899E-4,0.002045355388932402,0.003925118526553059,6.314935056960685E-4,8.311442255673244E-4,0.0013876515539268364,0.004379130971321245,0.001228749002054335,0.001566368201233783,0.0017778307741835079,0.0029262883652178715,8.082705693776039E-4,9.951927266353179E-4,0.0016084996146815368,0.0010933388594620802,7.184499688106521E-4,0.0012538946036525522,0.0019112624710621972,0.004849226946882893,6.529365384773249E-4,7.865245259491789E-5,0.001534009756347512,0.0014408633483136224,0.00280375202059094,0.0016442829585510592,0.0016353526436135078,0.0013535122844499402,0.001382563939587197,0.0016243991168482157,0.0022046931929961223,0.006589986357072455,6.019269145008139E-4,7.537371080992151E-4,0.0023249265522591804,5.810757792173625E-4,5.88569692812778E-4,4.854459649052347E-4,0.0015066348697455845,0.001182116371787972,4.8189454762840526E-4,1.0645779002330914E-4,0.0013247440601338702],[0.005588631987451292,7.730506811636803E-4,0.004616968014096291,0.0016016248396096514,0.004151540961341809,0.0040077716447549094,0.0014829078551824484,1.0,8.032116237312074E-4,0.00847659420034936,0.003445762259309625,0.0010219817843567587,0.001086044136512066,0.0014637298411366273,0.005722609958133667,3.315318018349254E-4,9.208727284366336E-4,0.0015934883425128533,0.004003429194150591,7.862161240731211E-4,2.6612477043031396E-4,0.001281654239969152,9.840050636413073E-4,7.148133546217953E-4,0.0014258045874294978,0.03316797976219886,0.0029353571194773807,4.8792358581843285E-4,2.648449589692755E-4,0.0012610861344933698,5.326926413301644E-4,0.001600024337977204,0.0012919334440909195,0.0014801343825892094,0.0014087171155533645,0.001459299097289152,0.0015870517870174615,0.0015346204585231333,0.009201378960219359,8.690110559572012E-4,0.001083937853178306,0.002212283233993465,0.001195572000767603,3.5646435823135535E-4,4.358932424948614E-4,0.0013422554669001105,7.603883221146991E-4,5.094109830526433E-4,7.802610309136595E-4,3.649896286236288E-4],[0.009130842242114688,8.762431612176578E-5,8.909420648438156E-4,0.005165791931379702,0.001748055525613899,0.004730520484287683,7.854866691808899E-4,8.032116237312074E-4,1.0,0.00158252448845828,0.003378105600550976,2.6359021986325636E-4,1.1352232520282229E-4,9.123688458515496E-4,0.008042009457110758,8.542617675896916E-5,1.8024830715988692E-4,5.90269479698784E-4,0.0030020800028394603,1.2216604942047373E-4,1.6366567200176013E-4,0.0011879170908153925,3.488537697003593E-5,1.353086759568805E-4,0.0011283705937103104,0.07460087650121928,0.005631826754615347,1.1346160624906377E-4,5.289284757051896E-5,7.489146789429157E-5,3.596696726755797E-5,0.0016316996380143771,5.169782844541654E-4,7.672635886374353E-4,8.056571091217785E-5,5.246292233615986E-4,1.2268099748998786E-4,0.002183129184537312,0.005224971947886538,2.9378563137574603E-4,2.3303964228728436E-4,9.138176067069652E-4,1.1869762088797603E-4,1.500292595681475E-4,1.1134983179684003E-4,2.216550893733332E-4,1.0925320030932665E-4,1.1242300977232302E-4,6.805019063862603E-5,1.4595821612082107E-4],[0.010309053331087923,0.009399379126009518,0.009285597668166515,0.006392772094225568,0.00715541431653589,0.00665790700853542,0.002045355388932402,0.00847659420034936,0.00158252448845828,1.0,0.004081314290228369,0.004332794603253229,0.003126385914495833,0.00215277329877564,0.009062132305364108,0.007593322295486627,0.008666137745589017,0.007207117476614131,0.010192011101234565,0.0016845648422791045,0.005541037468010633,0.001852987161542265,5.263795579157005E-4,0.006763932041933462,0.007252818006082294,0.06391003061148515,0.006971018964519954,0.009070404977188737,0.006482999620310778,0.006544056005419136,0.010077273140554588,0.004587015068488614,0.005526417692625693,0.009556385570725712,0.0014422154376354732,0.002682027426127773,0.005518400545815439,0.009967596736401383,0.010793543008325572,0.006612154846152647,0.009753531150927624,0.006142465925092984,0.005529996064782192,0.001412090668266468,0.008210841229761503,0.0016928135252595729,0.0070060292634923265,0.004262803189379901,7.979594097184878E-4,0.0019061307350352018],[0.006344973343788531,0.0019563641128147327,0.004037813145641206,0.005221819036639122,0.004242876404270625,0.004253436542675183,0.003925118526553059,0.003445762259309625,0.003378105600550976,0.004081314290228369,1.0,0.00399686768761815,0.002860369142683495,0.0026023143952827055,0.007586685317349196,3.122765752131041E-4,6.72802412508605E-4,0.0028574282826100434,0.006246323250058437,2.96779329169809E-4,0.0022397360495090913,0.0035764849902172927,0.0023261997707017053,0.002203619925127044,0.002749696854762479,0.0462569110191698,0.004519468915626169,7.94354552443245E-4,0.002878838091991279,4.767842416370263E-4,0.0038964099065271676,0.004085115352397548,0.0031930559933702543,0.0017236118064613878,0.0022197731942734393,0.002916999279560891,0.0038575409543025628,0.0033937369972498067,0.010215878102028038,0.0028641888554374073,7.120009852258993E-4,0.0038793662797384403,0.0012901034754823786,0.003308164045633628,0.0037242572056407713,4.591049316975919E-4,0.003808775630607775,0.0031631517330400006,0.0013127387685850245,0.002358730480040849],[0.0014076820282831687,1.3609993061802956E-4,0.008182021003045737,0.0022139502297057693,0.0018739335562298896,0.003706920966272584,6.314935056960685E-4,0.0010219817843567587,2.6359021986325636E-4,0.004332794603253229,0.00399686768761815,1.0,2.965298138316205E-4,7.347589814585449E-4,0.007293516109785778,2.990328849741608E-4,2.521828946168508E-4,0.0011645478941303316,0.006505800319450918,2.2589392320552043E-4,2.60550582899244E-4,3.949960409336752E-4,1.927824945687457E-4,2.178995252723507E-4,0.0010993194949192435,0.04576873967049966,0.004124285061008544,3.2012666177879485E-4,2.050635382767129E-4,2.22683513186081E-4,1.3485818049893395E-5,0.004072029731947841,4.412070157842212E-4,0.0014804212604391793,1.7743628178478805E-4,4.997866479171379E-4,6.100946491095405E-4,0.0014658858123763436,0.002237630931448227,3.2979884891968386E-4,3.1968892353030154E-4,7.692845529943291E-4,2.093193233679043E-4,3.2431528035116805E-4,2.4653144155604143E-4,2.8885571991577096E-4,1.512687281990762E-4,3.218436398631976E-4,2.8123966250603925E-4,2.4405543409588838E-4],[0.007724442981447709,1.261028398584841E-4,0.0073118070029649885,0.004369703089135617,0.002454726205191047,0.0020277879471621227,8.311442255673244E-4,0.001086044136512066,1.1352232520282229E-4,0.003126385914495833,0.002860369142683495,2.965298138316205E-4,1.0,3.841764185365939E-4,9.629377276967575E-4,4.4728898548896594E-5,2.078100051726063E-4,0.001259030173856674,0.004068944045043812,1.480627707055605E-4,1.9075461454824336E-4,4.089175779524384E-4,1.6935359086711422E-5,1.438714907645875E-4,3.8429768243566085E-4,0.0011156365563516166,8.885078820224533E-4,3.0696422393803024E-4,5.865719673224731E-5,8.326190880189604E-5,7.664002323081023E-5,0.0019576028664367155,0.0010209928057244807,9.948073371292615E-4,7.40131156514961E-5,8.088793861694291E-4,5.177759282239804E-4,4.451922674487984E-4,0.005010331319036813,2.3522739606163034E-4,2.525294888170178E-4,0.0022024794745371325,1.2590826480040528E-4,2.4025409351073216E-4,1.1923230859007184E-4,1.55223737588249E-4,1.1512638248985382E-4,1.2702858120516346E-4,1.1374392827740253E-4,1.4589939240378542E-4],[0.00794964613594491,0.001325766505502248,0.007517048427601317,0.003670232111604697,0.0020246485220853363,0.0030999256035264423,0.0013876515539268364,0.0014637298411366273,9.123688458515496E-4,0.00215277329877564,0.0026023143952827055,7.347589814585449E-4,3.841764185365939E-4,1.0,0.005396512826999342,3.750290144566688E-4,2.3191336950144112E-4,0.0016705943295491326,0.008523233536381063,8.125250141780456E-4,9.708372278966381E-4,0.0012751804483418297,0.001163309113655094,0.0012450103224548104,0.0012490137535036876,0.053193347267587184,0.002442375721454539,0.001248237542066197,2.2067851257026963E-4,9.756862014934018E-5,5.555656872021063E-4,0.0021543118792697424,0.001336203578453363,0.001514593769348581,1.1863957968822072E-4,0.0012470375133289435,0.0015653644398345725,0.002075178529352874,0.008344366510553591,3.8582482187014675E-4,0.0011891498125805346,0.0018178575222808472,5.448340398505637E-4,0.0011241666269406416,2.847045324244651E-4,0.0012672818897437022,0.0013465295672446013,7.062310257722574E-4,1.9533798103322795E-4,0.0012571810217465692],[0.00883215705500415,0.008005666480510279,0.008261123616787096,0.007783864659665213,0.004471089465773505,0.006082934311626204,0.004379130971321245,0.005722609958133667,0.008042009457110758,0.009062132305364108,0.007586685317349196,0.007293516109785778,9.629377276967575E-4,0.005396512826999342,1.0,0.004191016027163744,0.0067539017801797755,0.007509463979336579,0.00892263612212103,0.004861448343539023,0.005038015464620969,0.00137553354675806,0.005805980130112765,6.478498471912274E-4,0.003232327986861177,0.0720768598299057,0.007042495202016644,0.007676458405035205,0.002802188927687969,0.006735863847118497,0.002706762583294596,0.004918149449566139,0.006559256320933897,0.005927313848168926,0.002319027817011284,0.005340576115184948,0.004986356766467295,0.0054148731995045316,0.010314606768749292,0.005828953241303595,0.001731367722634159,0.0034661328790835198,0.0074424902592459125,0.0052776517791649075,0.00402238209504739,0.007310474565801001,0.005758713682092687,0.005612139502321644,0.006342856050229188,0.006558198683765221],[0.001128486881785668,5.093652101646314E-5,0.008057250248142769,0.00347574656112576,0.0017774836562809242,0.0019778436509158377,0.001228749002054335,3.315318018349254E-4,8.542617675896916E-5,0.007593322295486627,3.122765752131041E-4,2.990328849741608E-4,4.4728898548896594E-5,3.750290144566688E-4,0.004191016027163744,1.0,2.1193862712975018E-4,0.0016560145939068045,0.00752127951356257,1.921493078290083E-4,2.990220904783903E-5,0.0011217542982103553,2.1414913148364373E-5,1.1052152336059315E-4,7.37641568873062E-4,0.062075550672879905,8.221314923854287E-4,2.134096323846905E-4,2.874651098593275E-5,2.190515114104529E-5,1.3364045358277069E-5,0.003974791856083497,6.854705855686166E-4,0.0014369313712420998,2.498018439567519E-5,3.63774707330863E-4,1.0748123432857115E-4,6.595873589207377E-4,0.006028844420562806,2.11381854421291E-4,1.7522589693475882E-4,0.0011754845756847552,1.1374296972848063E-4,1.3004793588123397E-4,5.108045238605236E-5,6.245503364409024E-5,3.4889248406932804E-5,9.516542675576555E-5,2.2431451603298322E-5,8.196588003383917E-5],[0.0017066037792893046,1.1922793328397212E-4,0.00804430462175737,6.478799994187756E-4,0.003619322322548936,0.002326934659485921,0.001566368201233783,9.208727284366336E-4,1.8024830715988692E-4,0.008666137745589017,6.72802412508605E-4,2.521828946168508E-4,2.078100051726063E-4,2.3191336950144112E-4,0.0067539017801797755,2.1193862712975018E-4,1.0,2.5876483687858957E-4,0.001997658264068961,2.1491566891336438E-4,2.1175798457510856E-4,0.001029170276655521,1.1118356695365554E-4,1.6590285122731305E-4,4.851652923104331E-4,0.027717479148506217,0.005163943176333966,2.435442030205903E-4,2.064721296104079E-4,1.7647251695455094E-4,1.5874150700568058E-4,0.0035345800686227493,3.320998800960716E-4,0.001097379364426565,6.614189977385113E-5,0.0011176666444457184,0.0011279996263284103,0.001684924271223148,0.007185683321365677,2.549861655420029E-4,2.6039481550453906E-4,0.0028082047933134318,1.665054549416551E-4,2.6959636223622673E-4,1.6849919339201555E-4,2.621494671829245E-4,2.0584284122787317E-4,1.8414944253241025E-4,1.988415827870121E-4,1.8692818734814941E-4],[0.009416312348243189,8.415470904560344E-4,0.002318057727623968,0.0057239725884103455,0.0024639038959206124,0.00386396608187123,0.0017778307741835079,0.0015934883425128533,5.90269479698784E-4,0.007207117476614131,0.0028574282826100434,0.0011645478941303316,0.001259030173856674,0.0016705943295491326,0.007509463979336579,0.0016560145939068045,2.5876483687858957E-4,1.0,0.006929301529616738,0.0015576170910020547,2.8900889826042264E-4,0.0013673413445968994,3.0163975894509257E-4,7.83055112649198E-4,0.0017556330085079013,0.007355898283709103,0.005365415127806817,4.1205529330955935E-4,0.0015402448438691116,0.0016415598485402137,9.068246967661057E-4,0.0026479513624728065,0.0016535884820324028,0.001740603142975318,8.451979766620025E-4,0.0013843507969426368,0.001803641291508291,0.0019959394637242213,0.0043669681111675384,0.0014876102178336733,0.0013027789696203119,0.002080101623582858,2.9891340562796756E-4,0.0017559708529049603,2.8119999298156746E-4,0.0015600766853078143,2.4674515855264295E-4,0.0012855629638915912,7.312487749773126E-4,0.0011062507597046447],[0.010101010101010102,0.00891525862777132,0.00866778491369141,0.007403176899181362,0.005162029395403536,0.009030973336805397,0.0029262883652178715,0.004003429194150591,0.0030020800028394603,0.010192011101234565,0.006246323250058437,0.006505800319450918,0.004068944045043812,0.008523233536381063,0.00892263612212103,0.00752127951356257,0.001997658264068961,0.006929301529616738,1.0,0.009156217765176689,0.005172031744270175,0.0021469313008681077,0.008145571829013506,0.00542501587650409,0.003942934650086468,0.026198614668235677,0.00982928590311221,0.005396850993155157,0.0037635552780606236,0.001861412285457024,0.005623937953582923,0.004709572795182686,0.002410923640965704,0.002408877745120449,0.008750902804978172,0.007359492145450196,0.004383598178982853,0.009636151137107096,0.01077571783153772,0.005261997640555446,0.006614253817989113,0.0036462526765293334,0.005992743705696011,0.00939880841543033,0.006913788214343278,0.006006333230068756,0.0012068578890996695,0.008047032719766686,0.007632022958969593,0.008872905875703541],[0.002511835980114208,2.06696157848445E-4,0.006858404254989999,0.0035917592893368114,0.0012725324362847668,0.0018212204450300399,8.082705693776039E-4,7.862161240731211E-4,1.2216604942047373E-4,0.0016845648422791045,2.96779329169809E-4,2.2589392320552043E-4,1.480627707055605E-4,8.125250141780456E-4,0.004861448343539023,1.921493078290083E-4,2.1491566891336438E-4,0.0015576170910020547,0.009156217765176689,1.0,2.2421765406531907E-4,4.086149596009766E-4,1.6316652133196202E-4,2.045762069178972E-4,7.116173433223786E-4,0.056008620371522634,0.004094365245497557,2.80819037031352E-4,1.0299330757555828E-4,1.8149434547708803E-4,1.4054335327271577E-4,0.002897058186449095,5.452839993224122E-4,2.4049435079539285E-4,1.3606682073923364E-4,7.948839968947982E-4,0.0011952731669338593,0.002201106614400345,0.006120428203082813,2.3955644869986265E-4,2.593950229791795E-4,0.0025130141563181945,2.0491478629141606E-4,2.729141719465615E-4,1.3892029215418147E-4,2.2602491621098503E-4,2.0962450136724806E-4,2.0949395423457097E-4,2.034940895682683E-5,1.7766046014532742E-4],[0.0010702819075590051,1.5974572963725554E-4,0.007372909484538392,9.447068984528357E-4,0.0014375794498922988,0.005181051859999946,9.951927266353179E-4,2.6612477043031396E-4,1.6366567200176013E-4,0.005541037468010633,0.0022397360495090913,2.60550582899244E-4,1.9075461454824336E-4,9.708372278966381E-4,0.005038015464620969,2.990220904783903E-5,2.1175798457510856E-4,2.8900889826042264E-4,0.005172031744270175,2.2421765406531907E-4,1.0,4.45566022163203E-4,3.364825943632942E-5,1.908554379427816E-4,6.461845637946099E-4,0.03046760895351584,0.00506040084420623,2.9066687683115166E-4,9.219800325593262E-5,1.4169767743824196E-4,9.474400561817498E-5,0.002287431928391884,3.808100064424945E-4,3.038515239028198E-4,5.388997726919218E-5,0.0011378352962859118,2.7630584710753805E-4,8.072537285691523E-4,0.010702470538225112,2.492131854972912E-4,2.483218720768304E-4,0.0012815126528841372,1.4310580197653572E-4,2.865968404021252E-4,1.7242962835481E-4,2.2442929497286694E-4,1.672574012247107E-4,1.9474900470277195E-4,9.585199168886799E-5,2.0933821852953398E-4],[0.0092235408923546,6.569980736240578E-4,0.0018487037337257292,0.003992303127482634,0.002467150387356677,0.005185985745323585,0.0016084996146815368,0.001281654239969152,0.0011879170908153925,0.001852987161542265,0.0035764849902172927,3.949960409336752E-4,4.089175779524384E-4,0.0012751804483418297,0.00137553354675806,0.0011217542982103553,0.001029170276655521,0.0013673413445968994,0.0021469313008681077,4.086149596009766E-4,4.45566022163203E-4,1.0,6.153600655355335E-4,0.0011187322526139214,0.0011738747884358235,0.032701728333515895,0.004931261156391007,0.0011593314339889212,2.916695703371951E-4,4.041842171905715E-4,5.925404775360139E-4,0.0027647303484698137,0.001153682209437684,0.0014459792572096477,6.467456799132705E-4,0.001209238120986428,0.0013401379282155115,0.00138222821526132,0.0015270490384547135,5.355873956838636E-4,0.0011589478709007027,0.0017627893665683588,6.121371900161294E-4,6.815150117574539E-4,0.0010570343320259559,0.0010292396242601626,1.477934569854154E-4,2.16191283331777E-4,4.339810716276516E-4,1.607136370635078E-4],[0.0017045280514771596,2.411610666221847E-5,9.362207596035025E-4,0.001576331561877057,0.0026619193879083864,0.002985692325003658,0.0010933388594620802,9.840050636413073E-4,3.488537697003593E-5,5.263795579157005E-4,0.0023261997707017053,1.927824945687457E-4,1.6935359086711422E-5,0.001163309113655094,0.005805980130112765,2.1414913148364373E-5,1.1118356695365554E-4,3.0163975894509257E-4,0.008145571829013506,1.6316652133196202E-4,3.364825943632942E-5,6.153600655355335E-4,1.0,1.0105177847204257E-4,3.64610832794321E-4,0.08238714757554502,6.160375583006078E-5,9.691008360287879E-5,2.7015731588634465E-5,1.7250671764165943E-5,1.177162649084807E-5,6.409145256355895E-4,9.310651766703597E-4,7.552574241037715E-4,1.89115027514856E-5,9.846541639694348E-4,4.4304411104209584E-4,9.063221530874563E-4,0.0012480384261364774,9.089377432269477E-5,1.8892151183973467E-4,0.0020554602466717614,1.0710929788961926E-4,2.2537354308815606E-4,9.49855463982043E-5,1.5968335019375728E-4,1.468828463552639E-5,1.7712794945407938E-5,1.1734107210051319E-5,1.4796841136365934E-4],[0.004641585240874888,1.012707458740531E-4,0.004613767835263027,0.0010121905640879364,0.0020711256701375137,0.00406868354786152,7.184499688106521E-4,7.148133546217953E-4,1.353086759568805E-4,0.006763932041933462,0.002203619925127044,2.178995252723507E-4,1.438714907645875E-4,0.0012450103224548104,6.478498471912274E-4,1.1052152336059315E-4,1.6590285122731305E-4,7.83055112649198E-4,0.00542501587650409,2.045762069178972E-4,1.908554379427816E-4,0.0011187322526139214,1.0105177847204257E-4,1.0,7.050268619818784E-4,0.013021719511392386,0.0018164211362372508,2.068180528066985E-4,9.615131143766889E-5,1.2366284245816998E-4,1.1006221608823081E-4,0.0024862005364205556,0.0010106282806708307,8.121397877390078E-4,1.0791525017749717E-4,7.180064413962993E-4,0.0014053132276054924,0.00200210441088242,0.0038781383538569946,3.403064502309378E-4,2.614131779234154E-4,0.0030692092759372095,1.25973745300553E-4,2.499467557880023E-4,1.2221770587154024E-4,2.2570678950490202E-4,1.0796334744182859E-4,1.682817257490801E-4,4.738632034453941E-5,1.495226333357391E-4],[0.007878175128863116,4.2492649780659E-4,0.004975323629495059,0.0012392385010492125,0.002389422100786941,0.0014290508097754774,0.0012538946036525522,0.0014258045874294978,0.0011283705937103104,0.007252818006082294,0.002749696854762479,0.0010993194949192435,3.8429768243566085E-4,0.0012490137535036876,0.003232327986861177,7.37641568873062E-4,4.851652923104331E-4,0.0017556330085079013,0.003942934650086468,7.116173433223786E-4,6.461845637946099E-4,0.0011738747884358235,3.64610832794321E-4,7.050268619818784E-4,1.0,0.0021088642534408523,0.0014994391163111866,9.349227707173177E-4,3.3620829466113046E-4,3.3025828309748046E-4,7.727571469611206E-4,0.001266166392242123,0.0010803298467210814,0.001261144888295035,3.5634437330877655E-4,0.001173196190145656,0.0016070280073901357,0.0012971380345116203,0.004920618665064781,0.0010242177439911122,2.846638012290035E-4,0.0017633511651535339,8.720627578348563E-4,8.47473126379597E-4,8.163933906388839E-4,0.0011242948700110182,4.665138463592199E-4,3.259420322793362E-4,1.3443884026799482E-4,6.566312099827856E-4],[0.012018884099513327,0.08276780055387951,0.033459203014277863,0.03723358823161351,0.03836281328816895,0.07552307153778558,0.0019112624710621972,0.03316797976219886,0.07460087650121928,0.06391003061148515,0.0462569110191698,0.04576873967049966,0.0011156365563516166,0.053193347267587184,0.0720768598299057,0.062075550672879905,0.027717479148506217,0.007355898283709103,0.026198614668235677,0.056008620371522634,0.03046760895351584,0.032701728333515895,0.08238714757554502,0.013021719511392386,0.0021088642534408523,1.0,0.047516823551890394,0.055785101468797775,0.040045012076319754,0.01188895920082299,0.06651280220387468,0.050955494165786756,0.03363750808231561,0.014361926688717462,0.039756572149770006,0.03532988342979568,0.013465054883050123,0.035171082485543126,0.04583454195174686,0.007874319721623429,0.08198260512616988,0.05481390371193323,0.06315455647407829,0.06203047367888212,0.07554722942234089,0.06583029185000157,0.05234053078732142,0.03498732434918382,0.06810202895827479,0.04658106892899669],[0.009578857110753864,0.0035460748127394306,0.007571988637794226,0.006683793781196624,0.004557418886975567,0.006472923997680444,0.004849226946882893,0.0029353571194773807,0.005631826754615347,0.006971018964519954,0.004519468915626169,0.004124285061008544,8.885078820224533E-4,0.002442375721454539,0.007042495202016644,8.221314923854287E-4,0.005163943176333966,0.005365415127806817,0.00982928590311221,0.004094365245497557,0.00506040084420623,0.004931261156391007,6.160375583006078E-5,0.0018164211362372508,0.0014994391163111866,0.047516823551890394,1.0,0.004997584911784599,0.0021781999802243848,0.005114340807266009,0.003838107324153697,0.005139798971379845,0.005955097063773302,0.005441194448569913,0.0010840957642588875,0.0035813384665978176,0.005556320098227888,0.004153681182083352,0.007985882519942072,0.0037401046330382544,0.0030639504113062796,0.005947958930897925,0.003234001248423078,0.004009352939956628,0.0032721827418061553,0.0023177084923885634,0.004267084073550642,0.0057044532180854715,0.004107270312556429,0.00506084065651999],[5.553780787347557E-4,1.0571607031878671E-4,0.007953322164289822,0.0024083833307931,0.003516900434614524,0.003184816117039605,6.529365384773249E-4,4.8792358581843285E-4,1.1346160624906377E-4,0.009070404977188737,7.94354552443245E-4,3.2012666177879485E-4,3.0696422393803024E-4,0.001248237542066197,0.007676458405035205,2.134096323846905E-4,2.435442030205903E-4,4.1205529330955935E-4,0.005396850993155157,2.80819037031352E-4,2.9066687683115166E-4,0.0011593314339889212,9.691008360287879E-5,2.068180528066985E-4,9.349227707173177E-4,0.055785101468797775,0.004997584911784599,1.0,2.5171252687964833E-4,7.024641419506597E-5,2.9114848323150974E-4,9.97540422509184E-4,9.116302415983416E-4,7.902060872217208E-4,2.652904683915508E-4,8.318198118479534E-4,0.0010650567831403006,4.7528911380008887E-4,0.003889965913028995,3.197094041851999E-4,2.9977233553604395E-4,0.001165230581080551,2.3872770947604773E-4,3.188272253933002E-4,2.541169142766064E-4,2.777173519797673E-4,2.817621102771808E-4,2.0458553877572932E-4,2.492906441503868E-4,3.009517320171712E-4],[0.007006862021985602,5.261701962311997E-5,0.0072314373551509445,0.0014104835306503324,3.386526384282625E-4,2.734063920608043E-4,7.865245259491789E-5,2.648449589692755E-4,5.289284757051896E-5,0.006482999620310778,0.002878838091991279,2.050635382767129E-4,5.865719673224731E-5,2.2067851257026963E-4,0.002802188927687969,2.874651098593275E-5,2.064721296104079E-4,0.0015402448438691116,0.0037635552780606236,1.0299330757555828E-4,9.219800325593262E-5,2.916695703371951E-4,2.7015731588634465E-5,9.615131143766889E-5,3.3620829466113046E-4,0.040045012076319754,0.0021781999802243848,2.5171252687964833E-4,1.0,1.923470989183475E-5,2.9297252140670655E-5,0.003696914312244636,7.916453562387969E-4,4.3364237504866176E-4,3.345614053423447E-5,6.723796143253535E-4,0.0014170530320298455,0.001050590497631519,0.0056570152774672025,1.745714573581273E-4,2.2840550303581756E-4,7.929316619504903E-4,1.1326741767942105E-4,1.968797691793812E-4,9.499841216581224E-5,2.5492649146766837E-4,8.704051922315798E-5,4.9195056940532183E-5,2.5689499973151802E-5,1.2621769251682993E-4],[0.007109571424037524,4.6686171415418406E-5,0.0010471370244470037,0.005649002154496472,0.002959235040134868,0.0017355700790877987,0.001534009756347512,0.0012610861344933698,7.489146789429157E-5,0.006544056005419136,4.767842416370263E-4,2.22683513186081E-4,8.326190880189604E-5,9.756862014934018E-5,0.006735863847118497,2.190515114104529E-5,1.7647251695455094E-4,0.0016415598485402137,0.001861412285457024,1.8149434547708803E-4,1.4169767743824196E-4,4.041842171905715E-4,1.7250671764165943E-5,1.2366284245816998E-4,3.3025828309748046E-4,0.01188895920082299,0.005114340807266009,7.024641419506597E-5,1.923470989183475E-5,1.0,1.6493429246065524E-5,0.003113574072561437,6.0251769212995E-4,4.858438479364768E-5,3.627143190322891E-5,3.1026242137419514E-4,0.0012311086495873187,0.001793071167979028,0.00551730338393988,8.762836844569543E-5,2.2453278188807135E-4,0.0030793198402208214,9.280578204585447E-5,1.073220802196537E-4,6.827736896549635E-5,6.734744420226607E-5,2.7173503484427753E-5,1.3233191708892899E-4,1.9171273181564453E-5,1.383645749849397E-4],[0.0021195641718937566,5.650713494818652E-5,0.0043514669053257736,0.0019689875548603605,0.0034956566768512783,0.003416513428275969,0.0014408633483136224,5.326926413301644E-4,3.596696726755797E-5,0.010077273140554588,0.0038964099065271676,1.3485818049893395E-5,7.664002323081023E-5,5.555656872021063E-4,0.002706762583294596,1.3364045358277069E-5,1.5874150700568058E-4,9.068246967661057E-4,0.005623937953582923,1.4054335327271577E-4,9.474400561817498E-5,5.925404775360139E-4,1.177162649084807E-5,1.1006221608823081E-4,7.727571469611206E-4,0.06651280220387468,0.003838107324153697,2.9114848323150974E-4,2.9297252140670655E-5,1.6493429246065524E-5,1.0,0.0031876198577680515,4.557055630241706E-4,3.719085537662383E-4,2.7776186967729825E-5,5.085588395209126E-4,6.717449560207204E-5,6.613995911902083E-4,0.0013892187604883685,2.0654406786033747E-5,2.31408767754246E-4,0.001028664424008712,8.193636441523655E-5,1.8504929935338635E-4,5.433435337319304E-5,2.465264527709261E-4,8.348846880892598E-5,9.393332791350527E-5,1.2345724934494744E-5,1.0589222233240865E-4],[0.008763976768611553,0.0037190811799165864,0.006150886620867816,0.006135532604119511,0.004238678458684505,0.005358300429248645,0.00280375202059094,0.001600024337977204,0.0016316996380143771,0.004587015068488614,0.004085115352397548,0.004072029731947841,0.0019576028664367155,0.0021543118792697424,0.004918149449566139,0.003974791856083497,0.0035345800686227493,0.0026479513624728065,0.004709572795182686,0.002897058186449095,0.002287431928391884,0.0027647303484698137,6.409145256355895E-4,0.0024862005364205556,0.001266166392242123,0.050955494165786756,0.005139798971379845,9.97540422509184E-4,0.003696914312244636,0.003113574072561437,0.0031876198577680515,1.0,0.002317425739644175,0.002978809604683833,0.0033421584719132485,0.001373629445699583,0.00244087406837695,0.0023917217764640644,0.01091485761849881,0.0036891520791793395,0.0033375952222764395,0.0034946317924318534,0.003344348628712754,0.001308624428809595,0.003874701114900595,0.0034197686606876453,0.00291943228282628,0.0033700420063551423,0.0010334956838503977,0.0010532645714444906],[0.008804519977525294,8.676715353137174E-4,0.0050010292074144785,0.0020129748918094954,0.003140551805239779,0.0016248980252268515,0.0016442829585510592,0.0012919334440909195,5.169782844541654E-4,0.005526417692625693,0.0031930559933702543,4.412070157842212E-4,0.0010209928057244807,0.001336203578453363,0.006559256320933897,6.854705855686166E-4,3.320998800960716E-4,0.0016535884820324028,0.002410923640965704,5.452839993224122E-4,3.808100064424945E-4,0.001153682209437684,9.310651766703597E-4,0.0010106282806708307,0.0010803298467210814,0.03363750808231561,0.005955097063773302,9.116302415983416E-4,7.916453562387969E-4,6.0251769212995E-4,4.557055630241706E-4,0.002317425739644175,1.0,0.0014133063241292313,4.917768039777326E-4,0.0011143219348771997,0.0012794371020001178,0.0020021485304614795,0.009856903649373487,9.402037124423795E-4,0.0010201421092445632,0.0026234680368181947,2.5494182645970895E-4,7.296081310181966E-4,4.2713706676416973E-4,3.198058482867247E-4,7.148689610869427E-4,5.18167778352897E-4,4.169626677666455E-4,6.616591263058996E-4],[0.0026879092612053525,4.131647689556399E-4,0.0023283996665882925,0.004162860161049507,0.003523378300497506,0.002744407353750808,0.0016353526436135078,0.0014801343825892094,7.672635886374353E-4,0.009556385570725712,0.0017236118064613878,0.0014804212604391793,9.948073371292615E-4,0.001514593769348581,0.005927313848168926,0.0014369313712420998,0.001097379364426565,0.001740603142975318,0.002408877745120449,2.4049435079539285E-4,3.038515239028198E-4,0.0014459792572096477,7.552574241037715E-4,8.121397877390078E-4,0.001261144888295035,0.014361926688717462,0.005441194448569913,7.902060872217208E-4,4.3364237504866176E-4,4.858438479364768E-5,3.719085537662383E-4,0.002978809604683833,0.0014133063241292313,1.0,8.037677843344349E-4,0.0013521251737595844,0.0015301563892110594,0.00174501359985601,0.002447777494004735,5.793189634632406E-4,4.800831644718159E-4,0.0029726500490836827,4.925414484436183E-4,0.0014520773292790539,0.0010237920441211563,8.420536329247507E-4,8.786939387355759E-4,8.261518196972439E-4,4.55723615279112E-4,0.001311825339746867],[0.008360945973840796,5.4122309180182536E-5,0.003085797719225853,0.006039959281245003,0.001999950550687683,4.073514502792045E-4,0.0013535122844499402,0.0014087171155533645,8.056571091217785E-5,0.0014422154376354732,0.0022197731942734393,1.7743628178478805E-4,7.40131156514961E-5,1.1863957968822072E-4,0.002319027817011284,2.498018439567519E-5,6.614189977385113E-5,8.451979766620025E-4,0.008750902804978172,1.3606682073923364E-4,5.388997726919218E-5,6.467456799132705E-4,1.89115027514856E-5,1.0791525017749717E-4,3.5634437330877655E-4,0.039756572149770006,0.0010840957642588875,2.652904683915508E-4,3.345614053423447E-5,3.627143190322891E-5,2.7776186967729825E-5,0.0033421584719132485,4.917768039777326E-4,8.037677843344349E-4,1.0,8.733061557472632E-4,0.0014080598457429506,0.001179364097221932,0.004317200467650578,2.9204654596876246E-4,8.985663266447889E-5,0.0011093680469449068,6.64430200079877E-5,9.497428975297249E-5,8.85322275634701E-5,1.8947073972109038E-4,8.656137882167566E-5,1.2403507362554044E-4,2.8128740595367966E-5,7.25116075991176E-5],[0.008264301562538264,2.9734334489534226E-4,0.00717892799935615,0.0020066370842229584,0.0012173869083242977,0.004573777786781531,0.001382563939587197,0.001459299097289152,5.246292233615986E-4,0.002682027426127773,0.002916999279560891,4.997866479171379E-4,8.088793861694291E-4,0.0012470375133289435,0.005340576115184948,3.63774707330863E-4,0.0011176666444457184,0.0013843507969426368,0.007359492145450196,7.948839968947982E-4,0.0011378352962859118,0.001209238120986428,9.846541639694348E-4,7.180064413962993E-4,0.001173196190145656,0.03532988342979568,0.0035813384665978176,8.318198118479534E-4,6.723796143253535E-4,3.1026242137419514E-4,5.085588395209126E-4,0.001373629445699583,0.0011143219348771997,0.0013521251737595844,8.733061557472632E-4,1.0,0.001413611250226818,0.0012230779301835761,0.008310923470979361,6.999260193994333E-4,8.650832689442855E-4,0.0030414323934358036,0.0011675110656227405,0.001137074922135113,7.112745230830382E-4,5.24266253530941E-4,0.001167671557386514,0.001128807063072143,0.0010494290457423792,5.58918764982867E-4],[0.010084505895049379,0.0013842253202885075,0.0017952910323515933,0.0019485504864796383,0.004334346910567951,0.0036262042969753844,0.0016243991168482157,0.0015870517870174615,1.2268099748998786E-4,0.005518400545815439,0.0038575409543025628,6.100946491095405E-4,5.177759282239804E-4,0.0015653644398345725,0.004986356766467295,1.0748123432857115E-4,0.0011279996263284103,0.001803641291508291,0.004383598178982853,0.0011952731669338593,2.7630584710753805E-4,0.0013401379282155115,4.4304411104209584E-4,0.0014053132276054924,0.0016070280073901357,0.013465054883050123,0.005556320098227888,0.0010650567831403006,0.0014170530320298455,0.0012311086495873187,6.717449560207204E-5,0.00244087406837695,0.0012794371020001178,0.0015301563892110594,0.0014080598457429506,0.001413611250226818,1.0,0.0017445549839232828,0.0066268539919321625,5.336383280985335E-4,0.001018423361231701,0.002817463271233964,4.827840239843625E-4,6.092266273834952E-4,0.0015295281875715718,2.749264625320902E-4,4.141024336371915E-4,5.666024108664668E-4,3.6867305661754716E-4,5.636813526386142E-4],[0.005443472465691911,0.0010105615406435517,0.005067425935959361,0.0027693189739204965,0.003698254075943765,0.003785189156165599,0.0022046931929961223,0.0015346204585231333,0.002183129184537312,0.009967596736401383,0.0033937369972498067,0.0014658858123763436,4.451922674487984E-4,0.002075178529352874,0.0054148731995045316,6.595873589207377E-4,0.001684924271223148,0.0019959394637242213,0.009636151137107096,0.002201106614400345,8.072537285691523E-4,0.00138222821526132,9.063221530874563E-4,0.00200210441088242,0.0012971380345116203,0.035171082485543126,0.004153681182083352,4.7528911380008887E-4,0.001050590497631519,0.001793071167979028,6.613995911902083E-4,0.0023917217764640644,0.0020021485304614795,0.00174501359985601,0.001179364097221932,0.0012230779301835761,0.0017445549839232828,1.0,0.009191999435810472,8.178626940462983E-4,0.002196497211133825,0.002598835322549355,7.67280650281057E-4,0.0018365765596919607,0.0013065337255370002,4.2933271712029494E-4,1.1279562284309526E-4,0.0011605121600990127,0.0017691695789872396,0.0019701974490434473],[0.010680317803590664,0.004927441253983493,0.009045862456015987,0.006868355182062565,0.0075709011499434315,0.008100112784992867,0.006589986357072455,0.009201378960219359,0.005