[[1.0,3.035112467597887E-4,4.747136144565291E-5,2.456786349301614E-4,1.7388902683125837E-4,0.0015932199153621492,5.441875390661023E-4,1.7567966407321963E-4,2.763906694861221E-5,2.552645757295441E-4,1.7738504514826236E-4,1.9023644913838158E-4,8.124749617563625E-5,1.8794281253913892E-4,1.9986427023466706E-4,4.896392838478877E-4,3.573737352319128E-4,3.427728362744607E-4,9.294140593605191E-4,4.1500515991008374E-4,1.5365492452031073E-4,2.0374434434880487E-4,0.0010095285029748688,1.7751693450446872E-4,5.062242986059199E-4,0.017406172212148612,2.076330301400817E-4,9.384498371515501E-4,0.0038525788258287437,1.7178871204225136E-4,3.14034886559325E-4,0.009181112482045362,0.0019505869892806464,5.523989520309327E-4,4.191260924519824E-4,2.0057582973385338E-4,1.339087216255872E-4,1.9289033488502594E-4,3.885518537793326E-4,7.055556168689351E-5,9.71802622796442E-4,1.8962197761957612E-4],[3.035112467597887E-4,1.0,2.2179531789681749E-4,4.646933521903128E-4,3.966928664297516E-4,0.0027424432173263286,5.867109458109983E-4,3.7386152197266937E-4,4.2474885259335526E-4,8.647658912339143E-4,3.511570728063942E-4,1.7410703415180774E-4,6.532226314674355E-5,4.0809085229173995E-4,2.467153603769563E-4,0.002918227410141123,0.0014129234767283488,5.212992797631931E-4,9.363585615840921E-4,8.848305819911684E-4,1.9816059728932053E-4,0.0014690788997080186,7.617072882424412E-4,7.131589638884685E-5,5.671779563619186E-4,0.024999809151132125,8.931717993731575E-4,0.001094823342758068,0.01430344779967775,3.0976166214663665E-4,3.9002094575045607E-4,0.0035731055299613353,0.0017058866409620508,5.83337283634571E-4,0.0020785613653603796,5.157727027018588E-4,3.133065069131383E-4,2.2677875857167083E-4,9.100742779458083E-4,3.201373836465386E-5,0.0026027090153956847,1.735348315885804E-4],[4.747136144565291E-5,2.2179531789681749E-4,1.0,1.7266102017468522E-4,4.5497127590134945E-5,9.057296688936229E-4,0.0015442372814165196,7.973089455911805E-5,1.4210468590283601E-5,6.010574671891744E-4,1.0773759452981351E-4,2.3424418042645857E-5,1.604545401690965E-5,1.0380419544270215E-4,9.853927774097228E-5,0.003599996542631139,2.3267034048052675E-4,1.3400114095025564E-4,0.0013593680060533212,6.918985236825525E-4,1.1807634266807967E-4,0.004846278713039928,0.0012980237963387397,3.718367348239732E-5,5.628102389671243E-4,0.0227944916355577,4.1434891360182336E-4,8.049290143948589E-4,0.01833903993629944,1.4563637616810696E-4,8.527523279366599E-5,0.017741223533099894,0.0017424570212987442,1.8303649802187596E-4,0.0021500029226915944,5.780876346402708E-5,1.655728430292302E-5,1.0213561967875614E-4,3.148462112342256E-4,1.6134590555740382E-5,0.0026819634273155166,8.049529881510415E-5],[2.456786349301614E-4,4.646933521903128E-4,1.7266102017468522E-4,1.0,1.6001553326105747E-4,9.067502710142367E-4,0.0016643392575222868,2.180344765208752E-4,2.0787985812708312E-4,5.274947458050717E-4,1.614584029393464E-4,2.091802730728845E-4,1.1053771792683373E-4,2.645521500287036E-4,2.739518839204526E-4,3.0269366343718023E-4,0.0010618157964617952,3.042645488372906E-4,0.0010538065131613507,0.0010353909872965084,2.695291116748146E-4,0.003845979690967952,9.223096590616313E-4,8.231658883344126E-5,7.676598118999957E-4,0.01387352299772579,0.0010346640627309327,7.490370961407199E-4,0.015666371942114184,2.146504844031408E-4,3.192483601942101E-4,0.006249175218553374,0.0010697033382299258,5.276696979440063E-4,0.0029068656546591114,2.116864634605785E-4,1.0167273974579763E-4,2.860668731195632E-4,4.302754784189102E-4,2.496822046568082E-4,6.726892459975869E-4,2.310728096460303E-4],[1.7388902683125837E-4,3.966928664297516E-4,4.5497127590134945E-5,1.6001553326105747E-4,1.0,0.0016624492473501884,0.0013489134562531546,1.2161561158607302E-4,1.4965590280016178E-4,4.52155310238022E-4,1.375923642096335E-4,1.4832843513543136E-4,7.326177794824557E-5,1.593758911382385E-4,1.887202792998068E-4,0.003627217932093403,0.001042946285386068,4.120083691257936E-4,3.664896723472407E-4,8.54653247760559E-4,1.5119258480891657E-4,0.0028156824341780437,7.007667535155956E-4,5.915234650066065E-5,4.342049321740825E-4,0.027846658076569244,3.137418664456893E-4,1.9544565592686145E-4,0.017238228943791845,1.5800938584842382E-4,3.7501013039615514E-4,0.0048184028618514126,0.0020836840418028456,4.4239134506089185E-4,0.002172635296656898,1.9515047424635893E-4,1.4798063586292918E-4,1.589951387440618E-4,5.029392050397577E-4,9.283503986420012E-5,0.00226868429797616,1.4562789540858886E-4],[0.0015932199153621492,0.0027424432173263286,9.057296688936229E-4,9.067502710142367E-4,0.0016624492473501884,1.0,0.002288133184401929,0.0036111517457990405,0.002729831252458863,0.0022773783615999544,0.0029061017776465105,0.0018578395069419333,0.0013120039439061862,0.0010376912988328635,2.8043792047966864E-4,0.004041930684950459,0.0038018240976000228,0.001596722856315909,0.0015433784003505652,0.003894197223476487,0.0023161271174722245,0.004349910819022133,0.003233515769300476,0.0017319362203286647,0.0036625267747478966,0.008573213551131147,0.0019183548677379624,0.0033248553701427,0.02167915355647421,0.003171331440551348,0.002656121879377129,0.014514486988195161,0.003235126615027154,0.003746870873510161,0.003948916366077172,0.0020654600401476975,0.003256399016977412,0.004039440115891225,0.0038755561120602648,0.0033743890513521675,0.0033455683479883132,0.002633984036744012],[5.441875390661023E-4,5.867109458109983E-4,0.0015442372814165196,0.0016643392575222868,0.0013489134562531546,0.002288133184401929,1.0,0.0017834971738062636,0.0015607019869577346,0.0021236155102307957,5.344356030183648E-4,5.745366586655401E-4,0.0012015048594361834,4.14411760235224E-4,0.0010056911457481975,0.002522527340316793,0.0020543946785509413,0.0014833167741067242,0.0018454542046897164,0.0012019039200158355,0.0021394471297240354,0.004651835869317068,0.001663058351648114,1.309652471663961E-4,0.0022015291722636238,0.01317216450778815,0.0016095286645433837,0.001705321145702602,0.012331702458569748,6.348900849263667E-4,0.001929778683416723,0.007361493772549285,0.002232062368511951,0.0020587360452021283,0.0024959487876248226,0.0016052015012247762,3.271864613744369E-4,0.002040080179895862,0.002091210926471545,7.067684774215801E-4,0.0026826041495660972,0.0010442470606742622],[1.7567966407321963E-4,3.7386152197266937E-4,7.973089455911805E-5,2.180344765208752E-4,1.2161561158607302E-4,0.0036111517457990405,0.0017834971738062636,1.0,5.806813366776961E-5,1.681449413189989E-4,1.1755399308565567E-4,1.0152755805611867E-4,4.549554980451522E-5,1.466491965907814E-4,1.8446838385714336E-4,0.0023252259802968244,7.498018643215605E-4,3.0443530478889874E-4,2.728113450654349E-4,5.021507371846131E-4,1.368785692254353E-4,0.003404843878750345,5.9158498019032E-4,8.496717366069718E-5,1.513294078462713E-4,0.028386956133001896,4.425371350724207E-4,6.29402467909203E-4,0.0013968225069467908,1.1997593147321161E-4,2.721128270916171E-4,0.008460075578446184,0.0016900968325042089,3.543473815928003E-4,7.319805927013911E-4,1.6665611588479628E-4,8.994451415637982E-5,1.2007736706336632E-4,0.0010525663644824984,8.060463629145711E-5,6.831869622712496E-4,1.1391897865629862E-4],[2.763906694861221E-5,4.2474885259335526E-4,1.4210468590283601E-5,2.0787985812708312E-4,1.4965590280016178E-4,0.002729831252458863,0.0015607019869577346,5.806813366776961E-5,1.0,3.066697269404808E-4,6.549935707332528E-5,9.33451103235197E-5,1.464123116374849E-5,1.5835944003350365E-4,8.241089807985086E-5,1.8655297216955974E-4,0.0012438713630790862,3.915986074039853E-4,9.197062346454751E-4,5.930841710436301E-4,5.535754720030011E-5,9.140963888699359E-4,2.2173176526774045E-4,3.9682458063616826E-5,5.09441221667895E-4,0.004922711030855971,5.705050959776E-4,5.93781790141263E-4,0.018823462656392696,4.233649866693442E-5,1.3050062421641627E-4,0.009897763581907528,7.271775704342326E-4,4.956489663231382E-4,0.002366130691645668,2.0379632165380522E-4,1.4308156064548094E-5,1.604098118331438E-4,4.465231126937789E-4,1.575766705363296E-5,0.0011574561609642637,2.7611287448340924E-5],[2.552645757295441E-4,8.647658912339143E-4,6.010574671891744E-4,5.274947458050717E-4,4.52155310238022E-4,0.0022773783615999544,0.0021236155102307957,1.681449413189989E-4,3.066697269404808E-4,1.0,0.0010972153576693764,4.69973387667713E-4,5.163255133304779E-4,9.955442304658006E-4,0.0012269705817405032,0.0033117086153272627,0.0019784659599154566,9.337485724416692E-4,0.0015889604098303063,0.001455028702705703,0.0014369069628269227,0.0024893262729887176,0.0016449221220868758,0.0011788733550566193,0.0012750383416669574,0.020674022205264722,0.0012092713141372718,0.0016511857300137965,0.011638359606645396,5.317285398392557E-4,4.013329887634585E-4,0.011341993256186395,0.002065676845064189,0.0017803792468399442,0.002446828919038568,6.177685582421386E-4,0.0019412697284180412,0.0014749144235064054,0.0011369714427119076,8.16334032430295E-4,0.0020260446997288086,0.0013578279986465134],[1.7738504514826236E-4,3.511570728063942E-4,1.0773759452981351E-4,1.614584029393464E-4,1.375923642096335E-4,0.0029061017776465105,5.344356030183648E-4,1.1755399308565567E-4,6.549935707332528E-5,0.0010972153576693764,1.0,1.3228793908272876E-4,7.316894303862386E-5,1.4361916516909563E-4,1.6626441552044168E-4,6.15510668414099E-4,0.0014327306514151149,2.4096193446675103E-4,0.0010407275550514323,1.3519194606843673E-4,1.3421294959406363E-4,9.894784053243483E-4,4.279686382478911E-4,7.83308166504703E-5,2.7226604556723294E-4,0.013610621394310463,3.26938652860224E-4,3.270463441235142E-4,0.006623203260270446,1.5101577672869487E-4,3.3923159535714743E-4,0.009386151673916657,0.0019524797125318057,1.784212840890094E-4,4.48722067559926E-4,2.0807858473365472E-4,9.056722761302099E-5,1.4866718154011256E-4,0.001025052985569893,8.309776871303712E-5,7.948266344383077E-4,1.2511774591101983E-4],[1.9023644913838158E-4,1.7410703415180774E-4,2.3424418042645857E-5,2.091802730728845E-4,1.4832843513543136E-4,0.0018578395069419333,5.745366586655401E-4,1.0152755805611867E-4,9.33451103235197E-5,4.69973387667713E-4,1.3228793908272876E-4,1.0,1.3480565091402564E-4,1.6115211922196316E-4,1.6811370190834848E-4,0.003571021530004288,0.0010897993624276747,5.135424557735687E-4,5.020221468879679E-4,7.515427937661963E-4,1.4789509923879808E-4,0.003376745440954662,4.4228059797046197E-4,1.390510714441342E-4,8.543609630292123E-4,0.023825988666612705,2.9707229812292273E-4,0.0010010954316241139,0.021010325727921702,1.482392356845753E-4,2.266581924845427E-4,0.013981871295471368,9.259310594849763E-4,1.5752645060070037E-4,0.0024469485017185274,1.5106568415302853E-4,6.444382423644973E-5,1.6500048118884685E-4,6.861717473359026E-4,4.336080477835899E-5,0.0017251336541206884,1.4575676922700773E-4],[8.124749617563625E-5,6.532226314674355E-5,1.604545401690965E-5,1.1053771792683373E-4,7.326177794824557E-5,0.0013120039439061862,0.0012015048594361834,4.549554980451522E-5,1.464123116374849E-5,5.163255133304779E-4,7.316894303862386E-5,1.3480565091402564E-4,1.0,9.352385194151754E-5,1.0086798631548936E-4,6.680812830139932E-4,0.0018650542992526672,1.3715408594480288E-4,4.971886000047286E-4,7.340338374973582E-4,5.22815080118604E-5,0.0016310157621837462,8.950935488252361E-4,4.323272010401142E-5,3.082426525938163E-4,0.00482136352590681,5.937129497548289E-4,6.728034260720466E-4,0.020237759599564288,1.4490163412403135E-4,1.6259413318654844E-4,0.01254941733572789,0.0015703797873282614,3.03214413494752E-4,0.002070749284014875,8.828225293915784E-5,1.8936843009639444E-5,1.602204487046059E-4,5.420788089686938E-4,3.6225043292854835E-5,9.165697475563522E-4,1.0188097101335609E-4],[1.8794281253913892E-4,4.0809085229173995E-4,1.0380419544270215E-4,2.645521500287036E-4,1.593758911382385E-4,0.0010376912988328635,4.14411760235224E-4,1.466491965907814E-4,1.5835944003350365E-4,9.955442304658006E-4,1.4361916516909563E-4,1.6115211922196316E-4,9.352385194151754E-5,1.0,1.8671171121774935E-4,0.003756267152673958,0.0014612604563427694,4.891010400422729E-4,0.001163343994937055,6.971927605397349E-4,1.499446593159381E-4,0.0012352470190370333,9.401416044691705E-4,9.107752623588414E-5,6.819777276718977E-4,0.006227470289384242,0.0011118557581487362,0.0011333247282449927,0.02350388530793712,1.5852232967058242E-4,3.0747852140059113E-4,0.0028722829460537153,7.500526609328257E-4,2.805996393718261E-4,0.0024712404751458293,1.866165021791628E-4,5.261696453545427E-5,1.689684788120708E-4,7.435108053665217E-4,1.4541016925913089E-4,0.0023038334028194947,1.6564781821943114E-4],[1.9986427023466706E-4,2.467153603769563E-4,9.853927774097228E-5,2.739518839204526E-4,1.887202792998068E-4,2.8043792047966864E-4,0.0010056911457481975,1.8446838385714336E-4,8.241089807985086E-5,0.0012269705817405032,1.6626441552044168E-4,1.6811370190834848E-4,1.0086798631548936E-4,1.8671171121774935E-4,1.0,0.0031926273498568327,6.439224893851646E-4,2.965560169953013E-4,0.0012396270376786866,8.900097111515854E-4,1.752957912491592E-4,0.0032182676252569906,0.0012209066360892305,1.2141288122060312E-4,6.856433506241302E-4,0.0023937996377143456,2.25115291734784E-4,8.932289429409933E-4,0.024224909963766764,1.7652150554082617E-4,3.087087118590777E-4,0.01365530345196436,0.0013825122507404941,2.6766350007842107E-4,0.0030095341573931718,2.0244651479522536E-4,3.074005293535099E-5,1.7691463360443958E-4,6.060070487553535E-4,7.478278745864343E-5,0.0010252048983337267,1.8096955549610314E-4],[4.896392838478877E-4,0.002918227410141123,0.003599996542631139,3.0269366343718023E-4,0.003627217932093403,0.004041930684950459,0.002522527340316793,0.0023252259802968244,1.8655297216955974E-4,0.0033117086153272627,6.15510668414099E-4,0.003571021530004288,6.680812830139932E-4,0.003756267152673958,0.0031926273498568327,1.0,0.003229610750972647,0.0011893879414312852,0.0030063644654032854,0.003158018195527462,7.799246198783564E-4,0.004731538716832671,0.003214272967941409,0.0011333514048705972,0.0034259862767622154,0.005826626581468193,0.0026561556133189996,0.002381563038880566,0.011268367640602114,0.0026452699574655994,0.0037359014384703544,0.013538297373689423,0.002891343903168343,0.002451708862678254,0.0036925309818321692,0.003148087173709602,0.001647285724966842,0.0031286520351191983,0.0021645761116515015,6.735258285098121E-4,0.003374943798882753,0.0012888150421058381],[3.573737352319128E-4,0.0014129234767283488,2.3267034048052675E-4,0.0010618157964617952,0.001042946285386068,0.0038018240976000228,0.0020543946785509413,7.498018643215605E-4,0.0012438713630790862,0.0019784659599154566,0.0014327306514151149,0.0010897993624276747,0.0018650542992526672,0.0014612604563427694,6.439224893851646E-4,0.003229610750972647,1.0,0.0013490915789968953,0.0017594772315202417,0.0013171883214703262,0.0011232520588446552,0.0020965091459106966,0.001453607054241055,0.00155597990113234,0.0011357606296910792,0.010255815518334589,0.0014294954428171424,0.001607864583487799,0.009654404038810285,0.0014616737057170158,0.001327794699560339,0.007673766643401038,0.002033818727426436,0.0013498263865184402,0.0028609933945360666,8.71790799308261E-4,7.05844984069786E-4,0.0013072614979361989,0.0018862805643907877,0.0013099845971426142,0.002069684580199213,0.0010898800294194772],[3.427728362744607E-4,5.212992797631931E-4,1.3400114095025564E-4,3.042645488372906E-4,4.120083691257936E-4,0.001596722856315909,0.0014833167741067242,3.0443530478889874E-4,3.915986074039853E-4,9.337485724416692E-4,2.4096193446675103E-4,5.135424557735687E-4,1.3715408594480288E-4,4.891010400422729E-4,2.965560169953013E-4,0.0011893879414312852,0.0013490915789968953,1.0,7.835094114399829E-4,7.045542484079617E-4,3.576634884450907E-4,0.004023072693745369,0.0011905681203479772,4.2047007450939284E-4,6.998467090913504E-4,0.019785279259549638,7.158696382717083E-4,8.026520260907849E-4,0.00168756375292991,1.952898053232637E-4,4.494508923215311E-4,0.0166864018409891,0.0013406298906358117,5.265451141754404E-4,0.0017439209243759535,3.1187359212269934E-4,2.8252195663398144E-4,2.033709197906313E-4,7.573330313193104E-4,2.4811245547087227E-4,0.0021148399368799897,2.4676232498201475E-4],[9.294140593605191E-4,9.363585615840921E-4,0.0013593680060533212,0.0010538065131613507,3.664896723472407E-4,0.0015433784003505652,0.0018454542046897164,2.728113450654349E-4,9.197062346454751E-4,0.0015889604098303063,0.0010407275550514323,5.020221468879679E-4,4.971886000047286E-4,0.001163343994937055,0.0012396270376786866,0.0030063644654032854,0.0017594772315202417,7.835094114399829E-4,1.0,0.0013027988159607926,0.0011483697420578065,0.00330754745426449,0.0013733856325398644,0.0010062319547853745,0.0010513335872154655,0.024229001744774225,0.0011794353987573676,0.001304519539459031,0.006258637340016579,0.0013053091589608139,0.0013559070460722722,0.01240342729787152,0.0017850900629857748,8.233626247338263E-4,0.0014169596688361822,6.486635916843294E-4,0.001291246881970423,9.070502618477634E-4,0.0011837430899626757,0.0012672524190271114,0.0016243832002059463,0.0013836936168551874],[4.1500515991008374E-4,8.848305819911684E-4,6.918985236825525E-4,0.0010353909872965084,8.54653247760559E-4,0.003894197223476487,0.0012019039200158355,5.021507371846131E-4,5.930841710436301E-4,0.001455028702705703,1.3519194606843673E-4,7.515427937661963E-4,7.340338374973582E-4,6.971927605397349E-4,8.900097111515854E-4,0.003158018195527462,0.0013171883214703262,7.045542484079617E-4,0.0013027988159607926,1.0,9.54876517376472E-4,0.0025959371200935588,0.0010920457365549334,5.058795625049485E-4,0.00102725442084679,0.02482664411514908,0.0011319132166430605,0.0010962694352342453,0.017816372696572404,6.266908318848644E-4,9.845841906753771E-4,0.0020696339938983547,0.0013653277760141897,8.83464972137159E-4,0.003129218956063336,3.251788491701154E-4,2.983247312062993E-4,9.312455993504064E-4,0.0010965610280786631,7.048340532309423E-4,0.001314801986158091,9.978328110824169E-4],[1.5365492452031073E-4,1.9816059728932053E-4,1.1807634266807967E-4,2.695291116748146E-4,1.5119258480891657E-4,0.0023161271174722245,0.0021394471297240354,1.368785692254353E-4,5.535754720030011E-5,0.0014369069628269227,1.3421294959406363E-4,1.4789509923879808E-4,5.22815080118604E-5,1.499446593159381E-4,1.752957912491592E-4,7.799246198783564E-4,0.0011232520588446552,3.576634884450907E-4,0.0011483697420578065,9.54876517376472E-4,1.0,0.0024974820156338767,9.138638027348141E-4,7.503266139610338E-5,8.726662489214717E-4,0.015666555275085578,4.8403473614331096E-4,3.923942467549623E-4,0.01967533610632695,1.531525264905264E-4,2.5253781819913214E-4,0.014188739223120934,0.001260973891879449,4.837808721295623E-4,0.001761539893512468,2.0028220769445322E-4,4.544146073640142E-5,1.6382862959925435E-4,7.61924958133587E-4,8.893352161238558E-5,0.0024572694958615022,1.4508488895154743E-4],[2.0374434434880487E-4,0.0014690788997080186,0.004846278713039928,0.003845979690967952,0.0028156824341780437,0.004349910819022133,0.004651835869317068,0.003404843878750345,9.140963888699359E-4,0.0024893262729887176,9.894784053243483E-4,0.003376745440954662,0.0016310157621837462,0.0012352470190370333,0.0032182676252569906,0.004731538716832671,0.0020965091459106966,0.004023072693745369,0.00330754745426449,0.0025959371200935588,0.0024974820156338767,1.0,0.0022537142242254112,0.0014594197696008232,0.003520178423565805,0.012383485479944573,0.0032989593469851166,0.0033413402365021754,0.009916021110962507,0.0026492953202840136,0.0029999616045366983,0.01438096098552365,0.0030192270478138546,0.0038017919176101377,0.003433981604563544,0.0032230395771170157,6.603068243508248E-4,0.0016700878661808124,0.002584421396113561,0.00232558216021215,0.0033880539402379307,0.004157915943190095],[0.0010095285029748688,7.617072882424412E-4,0.0012980237963387397,9.223096590616313E-4,7.007667535155956E-4,0.003233515769300476,0.001663058351648114,5.9158498019032E-4,2.2173176526774045E-4,0.0016449221220868758,4.279686382478911E-4,4.4228059797046197E-4,8.950935488252361E-4,9.401416044691705E-4,0.0012209066360892305,0.003214272967941409,0.001453607054241055,0.0011905681203479772,0.0013733856325398644,0.0010920457365549334,9.138638027348141E-4,0.0022537142242254112,1.0,0.0010277115343739706,0.0011186123519093506,0.014090833858017014,0.001302703943854506,0.0012979758317067888,0.007793752254701698,0.0012653112149832479,0.0012111681602645311,0.018064884253981277,0.0018898430981840763,7.392750694895422E-4,0.002460325047839958,7.49175574922632E-4,0.0011043960700133628,7.272403117144663E-4,0.0011557179948347921,3.2616701840848576E-4,0.0014066395501180244,4.4921751835734643E-4],[1.7751693450446872E-4,7.131589638884685E-5,3.718367348239732E-5,8.231658883344126E-5,5.915234650066065E-5,0.0017319362203286647,1.309652471663961E-4,8.496717366069718E-5,3.9682458063616826E-5,0.0011788733550566193,7.83308166504703E-5,1.390510714441342E-4,4.323272010401142E-5,9.107752623588414E-5,1.2141288122060312E-4,0.0011333514048705972,0.00155597990113234,4.2047007450939284E-4,0.0010062319547853745,5.058795625049485E-4,7.503266139610338E-5,0.0014594197696008232,0.0010277115343739706,1.0,4.329146208817623E-4,0.020013079388341695,4.335084371275752E-4,7.278140935460158E-4,0.024377800444158496,1.4767932495260845E-4,1.2936263520092796E-4,0.007570588588265181,8.394491232366704E-4,3.7986838883650824E-4,0.0022936377721789894,1.1961097165026649E-4,3.2151449303922136E-5,4.6145123631995374E-5,7.739202396321079E-4,3.066659766713095E-5,0.0013733444546109278,1.238262440143665E-4],[5.062242986059199E-4,5.671779563619186E-4,5.628102389671243E-4,7.676598118999957E-4,4.342049321740825E-4,0.0036625267747478966,0.0022015291722636238,1.513294078462713E-4,5.09441221667895E-4,0.0012750383416669574,2.7226604556723294E-4,8.543609630292123E-4,3.082426525938163E-4,6.819777276718977E-4,6.856433506241302E-4,0.0034259862767622154,0.0011357606296910792,6.998467090913504E-4,0.0010513335872154655,0.00102725442084679,8.726662489214717E-4,0.003520178423565805,0.0011186123519093506,4.329146208817623E-4,1.0,0.01734916655440396,0.001027669589428964,0.0011989694502673109,0.015361492623788903,4.198229055801001E-4,6.48458034989572E-4,0.0069689502111831255,0.0011633559000227217,6.179501151921757E-4,0.0010966591864208757,8.51102114159883E-4,3.8403149829969145E-4,3.9566533639755176E-4,0.0010668005007052367,9.786951384262964E-5,0.0022402221188585984,6.136018516468829E-4],[0.017406172212148612,0.024999809151132125,0.0227944916355577,0.01387352299772579,0.027846658076569244,0.008573213551131147,0.01317216450778815,0.028386956133001896,0.004922711030855971,0.020674022205264722,0.013610621394310463,0.023825988666612705,0.00482136352590681,0.006227470289384242,0.0023937996377143456,0.005826626581468193,0.010255815518334589,0.019785279259549638,0.024229001744774225,0.02482664411514908,0.015666555275085578,0.012383485479944573,0.014090833858017014,0.020013079388341695,0.01734916655440396,1.0,0.01610614241854055,0.010165823756268628,0.026483011287857804,0.01898816829137499,0.017054156284896385,0.022846595838248437,0.021589400996445397,0.012684859445188426,0.012790815277222364,0.005089717147522604,0.020002820709869376,0.006967327930448233,0.024827221841857473,0.006606205273380449,0.006630766530446511,0.0061552522322044275],[2.076330301400817E-4,8.931717993731575E-4,4.1434891360182336E-4,0.0010346640627309327,3.137418664456893E-4,0.0019183548677379624,0.0016095286645433837,4.425371350724207E-4,5.705050959776E-4,0.0012092713141372718,3.26938652860224E-4,2.9707229812292273E-4,5.937129497548289E-4,0.0011118557581487362,2.25115291734784E-4,0.0026561556133189996,0.0014294954428171424,7.158696382717083E-4,0.0011794353987573676,0.0011319132166430605,4.8403473614331096E-4,0.0032989593469851166,0.001302703943854506,4.335084371275752E-4,0.001027669589428964,0.01610614241854055,1.0,0.001151243998395459,0.007825621167985547,5.834646507274327E-4,9.226260012915407E-4,0.015580336706055176,0.0012889910046724887,0.0010333724725688706,0.0022394827107476353,0.0011321529003765242,4.4352820878821366E-4,7.540002617024482E-4,0.0011120505781458325,8.702163401854558E-4,0.0025500335915332943,9.35437854953167E-4],[9.384498371515501E-4,0.001094823342758068,8.049290143948589E-4,7.490370961407199E-4,1.9544565592686145E-4,0.0033248553701427,0.001705321145702602,6.29402467909203E-4,5.93781790141263E-4,0.0016511857300137965,3.270463441235142E-4,0.0010010954316241139,6.728034260720466E-4,0.0011333247282449927,8.932289429409933E-4,0.002381563038880566,0.001607864583487799,8.026520260907849E-4,0.001304519539459031,0.0010962694352342453,3.923942467549623E-4,0.0033413402365021754,0.0012979758317067888,7.278140935460158E-4,0.0011989694502673109,0.010165823756268628,0.001151243998395459,1.0,0.007725819113425397,5.807540307970107E-4,0.00105155072170375,0.004526486210256909,0.0017977236292438844,6.448624521383442E-4,0.002046959347174275,6.735125058083873E-4,4.983939506878137E-4,5.616747682991281E-4,0.001099084367999902,2.1778301342049032E-4,0.001639135235436179,4.0734382878387725E-4],[0.0038525788258287437,0.01430344779967775,0.01833903993629944,0.015666371942114184,0.017238228943791845,0.02167915355647421,0.012331702458569748,0.0013968225069467908,0.018823462656392696,0.011638359606645396,0.006623203260270446,0.021010325727921702,0.020237759599564288,0.02350388530793712,0.024224909963766764,0.011268367640602114,0.009654404038810285,0.00168756375292991,0.006258637340016579,0.017816372696572404,0.01967533610632695,0.009916021110962507,0.007793752254701698,0.024377800444158496,0.015361492623788903,0.026483011287857804,0.007825621167985547,0.007725819113425397,1.0,0.01766926735484229,0.009594787096338079,0.019144866507543684,0.021995423792228595,0.01562527982686113,0.0032668150179702067,0.021744511479337838,0.006352657411819957,0.015326054643894582,0.014594654610913634,0.010996789623986753,0.0189432366436432,0.02214346451070299],[1.7178871204225136E-4,3.0976166214663665E-4,1.4563637616810696E-4,2.146504844031408E-4,1.5800938584842382E-4,0.003171331440551348,6.348900849263667E-4,1.1997593147321161E-4,4.233649866693442E-5,5.317285398392557E-4,1.5101577672869487E-4,1.482392356845753E-4,1.4490163412403135E-4,1.5852232967058242E-4,1.7652150554082617E-4,0.0026452699574655994,0.0014616737057170158,1.952898053232637E-4,0.0013053091589608139,6.266908318848644E-4,1.531525264905264E-4,0.0026492953202840136,0.0012653112149832479,1.4767932495260845E-4,4.198229055801001E-4,0.01898816829137499,5.834646507274327E-4,5.807540307970107E-4,0.01766926735484229,1.0,3.2102864102031225E-4,0.002735537101573494,0.0019239209404440685,5.372214699529001E-4,0.001968618649428696,2.0739973209769178E-4,4.500101159803889E-5,1.6355469451539566E-4,8.073212131310977E-4,1.8384691408836785E-5,0.001184062279461887,1.4526017409287716E-4],[3.14034886559325E-4,3.9002094575045607E-4,8.527523279366599E-5,3.192483601942101E-4,3.7501013039615514E-4,0.002656121879377129,0.001929778683416723,2.721128270916171E-4,1.3050062421641627E-4,4.013329887634585E-4,3.3923159535714743E-4,2.266581924845427E-4,1.6259413318654844E-4,3.0747852140059113E-4,3.087087118590777E-4,0.0037359014384703544,0.001327794699560339,4.494508923215311E-4,0.0013559070460722722,9.845841906753771E-4,2.5253781819913214E-4,0.0029999616045366983,0.0012111681602645311,1.2936263520092796E-4,6.48458034989572E-4,0.017054156284896385,9.226260012915407E-4,0.00105155072170375,0.009594787096338079,3.2102864102031225E-4,1.0,0.00539899516711906,4.093752291496144E-4,4.899127534137034E-4,0.0022129995686455666,3.6368736894459484E-4,1.2886080546272013E-4,3.0920545610134826E-4,8.291292263405838E-4,2.725058750382182E-4,0.0026181644111829398,1.7441083643269687E-4],[0.009181112482045362,0.0035731055299613353,0.017741223533099894,0.006249175218553374,0.0048184028618514126,0.014514486988195161,0.007361493772549285,0.008460075578446184,0.009897763581907528,0.011341993256186395,0.009386151673916657,0.013981871295471368,0.01254941733572789,0.0028722829460537153,0.01365530345196436,0.013538297373689423,0.007673766643401038,0.0166864018409891,0.01240342729787152,0.0020696339938983547,0.014188739223120934,0.01438096098552365,0.018064884253981277,0.007570588588265181,0.0069689502111831255,0.022846595838248437,0.015580336706055176,0.004526486210256909,0.019144866507543684,0.002735537101573494,0.00539899516711906,1.0,0.004784787463284781,0.017054321798100215,0.004964699000998949,0.007339375351552194,0.01160815262022837,0.01710807887609792,0.008824943091885295,0.01324994310200956,0.005684326195820861,0.010839325216178794],[0.0019505869892806464,0.0017058866409620508,0.0017424570212987442,0.0010697033382299258,0.0020836840418028456,0.003235126615027154,0.002232062368511951,0.0016900968325042089,7.271775704342326E-4,0.002065676845064189,0.0019524797125318057,9.259310594849763E-4,0.0015703797873282614,7.500526609328257E-4,0.0013825122507404941,0.002891343903168343,0.002033818727426436,0.0013406298906358117,0.0017850900629857748,0.0013653277760141897,0.001260973891879449,0.0030192270478138546,0.0018898430981840763,8.394491232366704E-4,0.0011633559000227217,0.021589400996445397,0.0012889910046724887,0.0017977236292438844,0.021995423792228595,0.0019239209404440685,4.093752291496144E-4,0.004784787463284781,1.0,0.0016083570118747346,0.0027997916572415067,0.0012869277111999405,8.453925216363248E-4,0.0016897857120508834,0.001720337798694003,0.0018033211237045194,0.002251123292050535,6.332666113994088E-4],[5.523989520309327E-4,5.83337283634571E-4,1.8303649802187596E-4,5.276696979440063E-4,4.4239134506089185E-4,0.003746870873510161,0.0020587360452021283,3.543473815928003E-4,4.956489663231382E-4,0.0017803792468399442,1.784212840890094E-4,1.5752645060070037E-4,3.03214413494752E-4,2.805996393718261E-4,2.6766350007842107E-4,0.002451708862678254,0.0013498263865184402,5.265451141754404E-4,8.233626247338263E-4,8.83464972137159E-4,4.837808721295623E-4,0.0038017919176101377,7.392750694895422E-4,3.7986838883650824E-4,6.179501151921757E-4,0.012684859445188426,0.0010333724725688706,6.448624521383442E-4,0.01562527982686113,5.372214699529001E-4,4.899127534137034E-4,0.017054321798100215,0.0016083570118747346,1.0,0.0017481469924952111,2.9933111921448183E-4,8.991756175979679E-5,3.51415733110756E-4,8.992140898295882E-4,1.747309079046134E-4,6.604220868651328E-4,2.0723104860948189E-4],[4.191260924519824E-4,0.0020785613653603796,0.0021500029226915944,0.0029068656546591114,0.002172635296656898,0.003948916366077172,0.0024959487876248226,7.319805927013911E-4,0.002366130691645668,0.002446828919038568,4.48722067559926E-4,0.0024469485017185274,0.002070749284014875,0.0024712404751458293,0.0030095341573931718,0.0036925309818321692,0.0028609933945360666,0.0017439209243759535,0.0014169596688361822,0.003129218956063336,0.001761539893512468,0.003433981604563544,0.002460325047839958,0.0022936377721789894,0.0010966591864208757,0.012790815277222364,0.0022394827107476353,0.002046959347174275,0.0032668150179702067,0.001968618649428696,0.0022129995686455666,0.004964699000998949,0.0027997916572415067,0.0017481469924952111,1.0,0.002678649892418282,6.740515699378461E-5,0.002626981251784099,0.0028067556514003657,0.0028963872582082337,0.002875789678891935,0.0016288389635716804],[2.0057582973385338E-4,5.157727027018588E-4,5.780876346402708E-5,2.116864634605785E-4,1.9515047424635893E-4,0.0020654600401476975,0.0016052015012247762,1.6665611588479628E-4,2.0379632165380522E-4,6.177685582421386E-4,2.0807858473365472E-4,1.5106568415302853E-4,8.828225293915784E-5,1.866165021791628E-4,2.0244651479522536E-4,0.003148087173709602,8.71790799308261E-4,3.1187359212269934E-4,6.486635916843294E-4,3.251788491701154E-4,2.0028220769445322E-4,0.0032230395771170157,7.49175574922632E-4,1.1961097165026649E-4,8.51102114159883E-4,0.005089717147522604,0.0011321529003765242,6.735125058083873E-4,0.021744511479337838,2.0739973209769178E-4,3.6368736894459484E-4,0.007339375351552194,0.0012869277111999405,2.9933111921448183E-4,0.002678649892418282,1.0,1.6334061384200467E-4,1.9065313886175507E-4,9.108936971329072E-4,1.119688490681603E-4,8.418820447940309E-4,1.8943673696623722E-4],[1.339087216255872E-4,3.133065069131383E-4,1.655728430292302E-5,1.0167273974579763E-4,1.4798063586292918E-4,0.003256399016977412,3.271864613744369E-4,8.994451415637982E-5,1.4308156064548094E-5,0.0019412697284180412,9.056722761302099E-5,6.444382423644973E-5,1.8936843009639444E-5,5.261696453545427E-5,3.074005293535099E-5,0.001647285724966842,7.05844984069786E-4,2.8252195663398144E-4,0.001291246881970423,2.983247312062993E-4,4.544146073640142E-5,6.603068243508248E-4,0.0011043960700133628,3.2151449303922136E-5,3.8403149829969145E-4,0.020002820709869376,4.4352820878821366E-4,4.983939506878137E-4,0.006352657411819957,4.500101159803889E-5,1.2886080546272013E-4,0.01160815262022837,8.453925216363248E-4,8.991756175979679E-5,6.740515699378461E-5,1.6334061384200467E-4,1.0,7.135668201491153E-5,5.254224185927293E-4,1.6553086346887084E-5,0.002610619071219359,4.058411872425073E-5],[1.9289033488502594E-4,2.2677875857167083E-4,1.0213561967875614E-4,2.860668731195632E-4,1.589951387440618E-4,0.004039440115891225,0.002040080179895862,1.2007736706336632E-4,1.604098118331438E-4,0.0014749144235064054,1.4866718154011256E-4,1.6500048118884685E-4,1.602204487046059E-4,1.689684788120708E-4,1.7691463360443958E-4,0.0031286520351191983,0.0013072614979361989,2.033709197906313E-4,9.070502618477634E-4,9.312455993504064E-4,1.6382862959925435E-4,0.0016700878661808124,7.272403117144663E-4,4.6145123631995374E-5,3.9566533639755176E-4,0.006967327930448233,7.540002617024482E-4,5.616747682991281E-4,0.015326054643894582,1.6355469451539566E-4,3.0920545610134826E-4,0.01710807887609792,0.0016897857120508834,3.51415733110756E-4,0.002626981251784099,1.9065313886175507E-4,7.135668201491153E-5,1.0,7.104348547591504E-4,1.5457493962791287E-4,0.0024698705832646075,1.532194004418818E-4],[3.885518537793326E-4,9.100742779458083E-4,3.148462112342256E-4,4.302754784189102E-4,5.029392050397577E-4,0.0038755561120602648,0.002091210926471545,0.0010525663644824984,4.465231126937789E-4,0.0011369714427119076,0.001025052985569893,6.861717473359026E-4,5.420788089686938E-4,7.435108053665217E-4,6.060070487553535E-4,0.0021645761116515015,0.0018862805643907877,7.573330313193104E-4,0.0011837430899626757,0.0010965610280786631,7.61924958133587E-4,0.002584421396113561,0.0011557179948347921,7.739202396321079E-4,0.0010668005007052367,0.024827221841857473,0.0011120505781458325,0.001099084367999902,0.014594654610913634,8.073212131310977E-4,8.291292263405838E-4,0.008824943091885295,0.001720337798694003,8.992140898295882E-4,0.0028067556514003657,9.108936971329072E-4,5.254224185927293E-4,7.104348547591504E-4,1.0,9.43028502991946E-4,0.001798529942366338,5.69293688652244E-4],[7.055556168689351E-5,3.201373836465386E-5,1.6134590555740382E-5,2.496822046568082E-4,9.283503986420012E-5,0.0033743890513521675,7.067684774215801E-4,8.060463629145711E-5,1.575766705363296E-5,8.16334032430295E-4,8.309776871303712E-5,4.336080477835899E-5,3.6225043292854835E-5,1.4541016925913089E-4,7.478278745864343E-5,6.735258285098121E-4,0.0013099845971426142,2.4811245547087227E-4,0.0012672524190271114,7.048340532309423E-4,8.893352161238558E-5,0.00232558216021215,3.2616701840848576E-4,3.066659766713095E-5,9.786951384262964E-5,0.006606205273380449,8.702163401854558E-4,2.1778301342049032E-4,0.010996789623986753,1.8384691408836785E-5,2.725058750382182E-4,0.01324994310200956,0.0018033211237045194,1.747309079046134E-4,0.0028963872582082337,1.119688490681603E-4,1.6553086346887084E-5,1.5457493962791287E-4,9.43028502991946E-4,1.0,0.0026267418447546804,6.168430138849779E-5],[9.71802622796442E-4,0.0026027090153956847,0.0026819634273155166,6.726892459975869E-4,0.00226868429797616,0.0033455683479883132,0.0026826041495660972,6.831869622712496E-4,0.0011574561609642637,0.0020260446997288086,7.948266344383077E-4,0.0017251336541206884,9.165697475563522E-4,0.0023038334028194947,0.0010252048983337267,0.003374943798882753,0.002069684580199213,0.0021148399368799897,0.0016243832002059463,0.001314801986158091,0.0024572694958615022,0.0033880539402379307,0.0014066395501180244,0.0013733444546109278,0.0022402221188585984,0.006630766530446511,0.0025500335915332943,0.001639135235436179,0.0189432366436432,0.001184062279461887,0.0026181644111829398,0.005684326195820861,0.002251123292050535,6.604220868651328E-4,0.002875789678891935,8.418820447940309E-4,0.002610619071219359,0.0024698705832646075,0.001798529942366338,0.0026267418447546804,1.0,2.3913125935352825E-4],[1.8962197761957612E-4,1.735348315885804E-4,8.049529881510415E-5,2.310728096460303E-4,1.4562789540858886E-4,0.002633984036744012,0.0010442470606742622,1.1391897865629862E-4,2.7611287448340924E-5,0.0013578279986465134,1.2511774591101983E-4,1.4575676922700773E-4,1.0188097101335609E-4,1.6564781821943114E-4,1.8096955549610314E-4,0.0012888150421058381,0.0010898800294194772,2.4676232498201475E-4,0.0013836936168551874,9.978328110824169E-4,1.4508488895154743E-4,0.004157915943190095,4.4921751835734643E-4,1.238262440143665E-4,6.136018516468829E-4,0.0061552522322044275,9.35437854953167E-4,4.0734382878387725E-4,0.02214346451070299,1.4526017409287716E-4,1.7441083643269687E-4,0.010839325216178794,6.332666113994088E-4,2.0723104860948189E-4,0.0016288389635716804,1.8943673696623722E-4,4.058411872425073E-5,1.532194004418818E-4,5.69293688652244E-4,6.168430138849779E-5,2.3913125935352825E-4,1.0]]