[[1.0,0.0012432128513456997,7.278693632156968E-4,0.0038781129068348953,0.0011540208058913718,6.608403054638775E-4,6.946333907889273E-4,0.0012479234991098862,0.001322555091132498,5.51831702597984E-4,0.0013926832967443346,7.567467347171617E-4,4.091486277665046E-4,3.3740260037305465E-4,0.0012087460568579785,0.0011396240709064408,3.819149571835283E-4,0.0012659123398239699,0.004071830933694758,0.0011380096719063872,0.001195646530459943,0.0012317250907422034,0.010937646533168687,6.908550709389279E-4,5.346499986683183E-4,0.0010669694150851447,0.0023565873530626523,0.0011644857212431514,7.099337714166999E-4,0.0011891660739422184,0.0010277013276051852,0.007020585968366378,4.717657416274211E-4,0.007776711532021554,3.413496959445936E-4,0.0010528513131587006,7.712789180489444E-4,7.47110742960842E-4,4.954302176013002E-4,0.0013060439902193514,4.635939964986092E-4,0.0010202789492973414,0.001940385954763314,1.885069754900929E-4,0.0013561895832573778,4.970920260161184E-4,3.035261658749391E-4,2.3951027439944868E-4,0.0011209846841498308,0.0266161617523741],[0.0012432128513456997,1.0,0.001010004679064694,0.003061980828279573,0.0012280505510466966,4.797031583624705E-4,9.865904591573927E-4,0.0013618221051267512,0.0013823077150114389,0.0011886739143873715,0.0012431253775245954,0.001198412674273277,3.419432290755652E-4,0.001061733541441258,7.72351079049918E-4,8.887259366934067E-4,2.3278866060217636E-4,0.0012445570711681591,0.005802003814447787,4.246609034703565E-4,0.0011333019826371008,0.0012275683366491047,0.0065941834285739315,0.0011777971448236014,7.97299826962103E-4,0.0011436749403395622,0.0020930860595960517,3.7967573652065626E-4,6.316894120546736E-4,9.655552778626507E-4,8.13687799714322E-4,0.008543779503673334,4.429080320109792E-4,0.01447175719132036,8.723948084781478E-4,2.255354312411925E-4,8.388408503160555E-4,9.20699916148044E-4,6.010473212079974E-4,0.0024847336097330863,0.0010259386728868635,9.685092349327398E-4,0.002753925284717697,0.001190033997635527,0.001991254034489368,7.340926102708084E-4,3.3601066697201985E-4,3.1678539778641794E-4,0.0012244078458354003,0.04858426812489463],[7.278693632156968E-4,0.001010004679064694,1.0,6.729045844751151E-4,6.285559176367453E-4,2.1526195123747986E-4,4.61506244366848E-4,7.876683728287256E-4,0.0015632127510922609,3.9300853147708107E-4,0.0013495098050982169,3.0659610295998664E-4,2.3956015779447875E-4,1.8295386728036734E-4,1.8742998583326308E-4,4.1032648161651775E-4,1.7997215256642968E-4,5.099198573236343E-4,0.006213492660665261,1.7067082800076598E-4,9.658771153576181E-4,0.0010567590161366283,0.013473998281774343,1.2637136092501862E-4,1.2781914321459233E-4,3.063582339996829E-4,6.579169618235146E-4,3.583718468387915E-4,4.6132901137013537E-4,7.8636317365417E-4,3.0103840954637923E-4,0.006792503481230008,2.106289652878159E-4,0.010654473732980759,4.180833406583232E-4,2.7685098139445895E-4,3.20895288877182E-4,4.8432372835436336E-4,4.303183060049484E-4,0.002425080895579174,4.345788322792128E-4,3.7945649874325857E-4,0.001372072620726533,1.8066483875101122E-4,0.001630285048110591,3.9322139925582417E-4,2.3319985222399205E-4,1.1661353178168691E-4,0.0010191059392757804,0.029950045347606754],[0.0038781129068348953,0.003061980828279573,6.729045844751151E-4,1.0,0.0013063024536284803,0.003362506615591281,0.004399391937858793,0.00331759379694697,0.0019595506136466084,0.0034264219282286812,0.006608325472981288,0.0062239291884205305,0.0010246153028132025,0.005397990787985418,0.001139073009243451,0.0016787024087749187,0.00429409236582399,0.00350415716360226,0.006543771264936918,0.005183676950780456,0.004088505163947248,0.0021826880704433104,0.009888521781438248,0.004202832445388045,0.006080158662044383,0.0041513860176238876,0.004200860423682572,0.004301908661205854,0.001098862095755379,0.0031959596958179726,0.004008097623107287,0.00727364423912077,0.004773368413184153,0.007879334006432277,0.005331244981796767,0.003380224019342805,0.0064379921975883,6.689227061747427E-4,0.005709832626488761,0.0066519850960934344,9.790475405195857E-4,0.006358707980362169,0.0036723190134810508,0.0027225115470646114,0.0024391024112130873,5.786689912416202E-4,0.005089033335533773,0.0036595008410144304,0.006053759285086105,0.041432822210474805],[0.0011540208058913718,0.0012280505510466966,6.285559176367453E-4,0.0013063024536284803,1.0,4.0774077777184364E-4,0.0010487034332478861,0.0012538081084304742,0.0015892856416577297,9.342424805050607E-4,0.0011092227602199514,9.492534648878476E-4,4.224836063507349E-4,4.2429799277070995E-4,7.589882568306415E-4,9.728497313263057E-4,8.508526113732206E-4,0.0011843579468332995,0.0014358979710880075,1.9429339965831009E-4,0.001097316498252291,0.00108348303945799,0.0035337034494427933,6.585245879805942E-4,8.658874890940368E-4,7.769293876525678E-4,0.0017386210111261262,7.608327966053556E-4,7.065607262994854E-4,9.413355146919804E-4,3.7394232427678863E-4,0.002644116079887442,2.239468334218381E-4,0.004470918728825015,3.0177768566691217E-4,6.439118121563426E-4,8.279842414338339E-4,9.072299979026668E-4,5.161403213247506E-4,0.0011423590048433342,6.465018365060017E-4,8.28104841606047E-4,0.0020525153234177127,4.6383662816483387E-4,0.001665840256008555,8.664650233185673E-4,5.5421302013324414E-5,2.5891647957088182E-5,0.0010335538168366313,0.046282569617265464],[6.608403054638775E-4,4.797031583624705E-4,2.1526195123747986E-4,0.003362506615591281,4.0774077777184364E-4,1.0,1.752911699048832E-4,1.835520543007801E-4,2.6252201763572606E-4,2.7293239792985333E-4,5.559025114650775E-4,1.616757787835683E-5,1.2283538377145218E-4,4.797074310051106E-5,4.973354528748009E-5,2.0720524760371245E-4,1.0534519867937637E-4,0.001116699907737562,0.003553489297587025,1.3932621856953851E-5,7.406108639308852E-4,0.0010979298318486075,0.02310304915494885,4.8630554748604353E-5,9.847887636556832E-5,6.193018241678876E-5,0.0019316631043346229,1.1387019148522818E-4,3.9326286280819334E-4,1.7465463921936708E-4,1.2995596709984699E-5,1.8777104499159594E-4,4.628182127409273E-5,8.462094585195348E-4,5.357835138513889E-5,1.377874086517308E-5,5.2351062486686385E-5,3.760860646716267E-4,2.868338117615956E-4,0.005916369669432332,3.833813540391405E-4,8.547592904516513E-5,0.0012169445004162173,6.8597461970572E-5,0.0011735145227694276,3.3052395614002815E-5,2.5997675754865458E-5,1.392908536256445E-5,2.9346499067413225E-4,0.051634466685874895],[6.946333907889273E-4,9.865904591573927E-4,4.61506244366848E-4,0.004399391937858793,0.0010487034332478861,1.752911699048832E-4,1.0,9.667701201402578E-4,0.0017719646287800224,4.309468880358705E-4,0.0011927318561669414,4.6680300098354496E-4,2.720592712047221E-4,4.571070349746938E-4,2.820614807663576E-4,4.514364380210316E-4,1.7273344427668678E-4,6.234315369463696E-4,0.004831650394943155,1.4508169070625963E-4,5.291213934371825E-4,4.777843614032504E-4,0.01541078321014834,3.826559389081092E-4,2.9236930174498637E-4,3.852029659561681E-4,9.73160777666083E-4,3.488641927660691E-4,5.446730333659905E-4,4.988617395452591E-4,1.5029302867031644E-4,0.0037767539175220196,1.6598776599960336E-4,0.0143246997365592,3.161203510032971E-4,2.474290195569615E-4,1.6097413095525975E-4,5.542651494392896E-4,4.3189803164641726E-4,0.0056624403847393475,4.3530794143027457E-4,3.1164714435403547E-4,0.0011705690232109236,4.4381003832124114E-4,0.0019902754314489886,3.5266101894820085E-4,3.1959326651304494E-4,2.041501091083285E-4,6.15211854664618E-4,0.05115779173928397],[0.0012479234991098862,0.0013618221051267512,7.876683728287256E-4,0.00331759379694697,0.0012538081084304742,1.835520543007801E-4,9.667701201402578E-4,1.0,0.0017055804207407226,9.167731824226938E-4,0.0013895459074074175,9.707913691700736E-4,9.279278199846976E-4,5.770788106566155E-4,6.867255934817791E-4,0.0012135644231483285,4.405044389085014E-4,0.0012788820780386151,0.002506421693474743,9.591216747825503E-4,0.0013112803170215266,0.0012083795121907864,0.012693762108698983,0.001301486433316066,6.920423142304788E-4,2.835911583364256E-4,0.002304389269704239,7.036006608349E-4,9.068632094291129E-4,0.0013405581205487137,0.0011068748211874016,0.013636457433681623,8.090087947899029E-4,0.008568877739956201,4.936720604536141E-4,0.0013322117735585265,0.00122287795889161,0.0010351624820421413,5.183764701604374E-4,0.004330305336882776,7.688884464802589E-4,2.712847166102078E-4,0.002514557761032053,8.935586909754369E-4,0.0015972882402768998,4.7943636349471883E-4,2.88049866238969E-4,7.015254559133672E-4,0.0011973727350732565,0.023321446629821194],[0.001322555091132498,0.0013823077150114389,0.0015632127510922609,0.0019595506136466084,0.0015892856416577297,2.6252201763572606E-4,0.0017719646287800224,0.0017055804207407226,1.0,0.0012068719971473725,0.0016479210402919613,0.0017088656650061423,0.0017452749617218291,7.034896366261251E-4,1.6592548756680408E-4,9.035975817221281E-4,4.207327209662806E-4,0.0016048859257150353,0.0044031128080427966,4.0309581326050746E-4,0.0013961068320432432,0.001699829054987554,0.009263549574502017,6.325483531185684E-4,3.257693852171933E-4,0.0013961690579491937,0.0022555457716270945,0.0014473887137586782,7.521464598892645E-4,0.0012845477386041432,8.170790884490143E-4,0.004042487547362166,5.957916630928652E-4,0.0028106369745825874,7.824394493544616E-4,3.160290588239552E-5,0.0012890214574420892,9.447053152891891E-4,0.0015995571925783581,0.004946581713814016,0.0016487925161922665,0.0014731906097251181,0.00331936491400568,6.297813679836265E-4,0.0021921486690817697,1.7021536587328602E-4,0.0013119067720472634,0.0014222790993111386,0.001539662652460853,0.03290285016538804],[5.51831702597984E-4,0.0011886739143873715,3.9300853147708107E-4,0.0034264219282286812,9.342424805050607E-4,2.7293239792985333E-4,4.309468880358705E-4,9.167731824226938E-4,0.0012068719971473725,1.0,5.994548391299983E-4,2.0338242504798856E-4,1.8993795852316678E-4,2.498100060107083E-4,2.7683018986273035E-4,4.0155878632820724E-4,3.020067030521992E-4,8.804411942491249E-4,7.035222930537731E-4,1.6957034733788883E-4,4.980137399924031E-4,8.165124911309266E-4,0.006082596172375441,3.381797001861062E-4,3.595516717739457E-4,2.9760053243014514E-4,5.880146134924357E-4,2.8972614646833504E-4,4.8432009349029103E-4,5.476566894579999E-4,1.338038432076204E-4,0.013504544348096049,2.4463702228589743E-4,0.005734668206446589,1.8598409465582434E-4,3.423908436855579E-4,1.6681171930147691E-4,6.137591498614192E-4,3.894193599000914E-4,0.006414593086887152,4.31297754136278E-4,3.674550029226515E-4,0.0010926296298388988,3.1693985475153964E-4,5.630666256263811E-4,2.1251125429200572E-4,1.1444884371661834E-4,2.1290265708839723E-4,8.176283189310907E-4,0.06641755460720197],[0.0013926832967443346,0.0012431253775245954,0.0013495098050982169,0.006608325472981288,0.0011092227602199514,5.559025114650775E-4,0.0011927318561669414,0.0013895459074074175,0.0016479210402919613,5.994548391299983E-4,1.0,0.001065324021713313,0.0011704806986961073,0.001174044475721873,7.254303361040573E-4,5.873754260755532E-4,3.8962750315665493E-4,0.0012985623533628677,0.0064137046369448026,0.001005852723099761,0.0013874855074306387,0.0013862831963602734,0.004653211072458288,0.0010370999521869602,7.193350306665652E-4,0.0013991917199109732,0.002205703095675572,9.170195517764514E-4,6.609048617144539E-4,0.0011650288061667857,1.962155871338764E-4,0.011345332329412925,3.6768242690562905E-4,0.0042980937325230745,0.0010898376727769149,6.31072730891519E-4,0.0010355740644976412,0.001285783584751986,4.3428228471848997E-4,0.004782604657925028,0.0010436339240062521,9.113999463933845E-4,0.0020941426604808872,0.00114698092097288,0.00206926398535883,0.0011585511860913546,0.00104676526364995,3.1969739426102625E-4,0.0011773311602242577,0.015975078962272952],[7.567467347171617E-4,0.001198412674273277,3.0659610295998664E-4,0.0062239291884205305,9.492534648878476E-4,1.616757787835683E-5,4.6680300098354496E-4,9.707913691700736E-4,0.0017088656650061423,2.0338242504798856E-4,0.001065324021713313,1.0,1.302584645879539E-4,1.4268741687766356E-4,1.0574477699303644E-4,2.406948968512311E-4,1.517356918062634E-4,9.004802954526139E-4,0.0011552226824974993,1.0136056180230371E-4,3.325723469885171E-4,2.1859477752831117E-4,0.016303555933658807,1.1782090257362006E-4,1.2244455807795872E-4,2.764612590830781E-4,4.1436961623277964E-4,1.6180059579643072E-4,4.2891603539410594E-4,4.143711350847444E-4,3.047293608609176E-5,0.01097341742238104,1.325861869984413E-4,0.0031906042391034646,1.3125391388031578E-4,2.401610843251633E-5,1.0741838996907752E-4,1.9754724752387104E-4,2.7605172782018707E-4,0.0017715136263207793,4.003370883460105E-4,1.426255197807475E-4,0.0024917524604676777,1.6799056912614627E-4,0.0014092314131323434,1.1764059617877187E-4,5.58260907281904E-5,1.1131855984496979E-4,2.0307016269638544E-4,0.029654300512505127],[4.091486277665046E-4,3.419432290755652E-4,2.3956015779447875E-4,0.0010246153028132025,4.224836063507349E-4,1.2283538377145218E-4,2.720592712047221E-4,9.279278199846976E-4,0.0017452749617218291,1.8993795852316678E-4,0.0011704806986961073,1.302584645879539E-4,1.0,1.4392091331541344E-4,7.408288148294583E-5,3.1357391422327276E-4,1.507901922112898E-4,3.033036040166274E-4,0.0017318950998671217,6.218134886234731E-5,7.123677217238761E-4,6.713603827190835E-4,0.008829049894285932,1.2509408995508187E-4,1.289293158705307E-4,1.5355786887096296E-4,0.0019309999029328499,1.475882366409664E-4,2.3136203499542408E-4,1.4251740801130765E-4,1.4024957995412954E-4,0.005775663688133279,1.347821074831073E-4,0.0113589993739341,1.420672011838855E-4,3.720659813588125E-5,1.2215728786318247E-4,5.896906297529021E-4,3.220893008282627E-4,8.850849897660917E-4,2.913077410703648E-4,1.428928329135851E-4,9.146063627785601E-4,1.6246954402893523E-4,0.001551246604319538,1.269817857423007E-4,8.807695695166678E-5,1.3584666316743222E-4,6.20536355879605E-4,0.013562018034958353],[3.3740260037305465E-4,0.001061733541441258,1.8295386728036734E-4,0.005397990787985418,4.2429799277070995E-4,4.797074310051106E-5,4.571070349746938E-4,5.770788106566155E-4,7.034896366261251E-4,2.498100060107083E-4,0.001174044475721873,1.4268741687766356E-4,1.4392091331541344E-4,1.0,9.308773630025774E-5,3.087875666143143E-4,1.6628214608766173E-4,0.0011373936615871705,0.0021868742622197235,1.373804403381109E-4,5.096068904388393E-4,6.466753088907252E-4,0.0013335767653361984,1.2053665083103952E-4,1.3732377790181058E-4,2.220376380926749E-4,0.0011912657992538232,1.6384117480829045E-4,3.589823463345319E-4,7.518878671544317E-4,1.2733555436124618E-4,0.0015663447459080126,1.3382641337618577E-4,0.007005005045207347,1.455617025834732E-4,5.775856991261221E-5,1.4211490205331674E-4,3.0607150888666983E-4,1.5273803102062124E-4,0.0012773153142164732,3.9542798107426117E-4,1.4578778030456782E-4,0.0026991685694483626,1.5543985983403508E-4,0.0016795549609013897,1.2296950258263478E-4,1.0333430968830646E-4,1.1484696758629358E-4,8.585382067452932E-4,0.0631715155238235],[0.0012087460568579785,7.72351079049918E-4,1.8742998583326308E-4,0.001139073009243451,7.589882568306415E-4,4.973354528748009E-5,2.820614807663576E-4,6.867255934817791E-4,1.6592548756680408E-4,2.7683018986273035E-4,7.254303361040573E-4,1.0574477699303644E-4,7.408288148294583E-5,9.308773630025774E-5,1.0,2.160811743791205E-4,1.6088698011411644E-4,4.059650609923126E-4,0.006213006215858876,5.976401258299417E-5,3.212251878350775E-4,0.0010681093165504688,0.00879547283917144,1.0259826173042701E-4,1.1128020968030643E-4,1.6318111310099914E-4,0.0018729687043696445,1.1525285964543466E-4,1.187856312773045E-4,7.506007013130091E-4,5.737865514977669E-5,0.01327191447449449,9.573874556369316E-5,0.00860830437718807,1.2343522904172458E-4,4.560884431158209E-5,7.514367269326483E-5,5.071118023197052E-4,1.1073508954973922E-4,0.0068419160137600495,8.460214739553484E-5,1.1574753771896395E-4,0.0016731988673537677,1.4265544216278376E-4,0.0021100609088540614,9.683810623329519E-5,4.695323504097722E-5,2.7466230242745548E-5,6.528899723916319E-4,0.005349392278997064],[0.0011396240709064408,8.887259366934067E-4,4.1032648161651775E-4,0.0016787024087749187,9.728497313263057E-4,2.0720524760371245E-4,4.514364380210316E-4,0.0012135644231483285,9.035975817221281E-4,4.0155878632820724E-4,5.873754260755532E-4,2.406948968512311E-4,3.1357391422327276E-4,3.087875666143143E-4,2.160811743791205E-4,1.0,2.577862252079346E-4,8.520727105760734E-4,0.006396092063731694,3.954641996796648E-4,9.413675332496122E-4,8.477996958157689E-4,0.0026587742393979446,3.867644201736069E-4,2.1944488041591992E-4,3.030146859127928E-4,0.001094972335582603,3.9647613016532523E-4,5.277613582780777E-4,7.783015371271912E-4,9.291791053977084E-5,0.013543869165816286,3.999051123724811E-4,0.0060364945122520055,2.1392626361765784E-4,3.777164490390798E-4,2.2183758224666696E-4,6.082620632659337E-4,3.875188525225402E-4,0.0027583140312103785,4.147653121456483E-4,2.063061349178476E-4,0.002017285348684549,3.462638813285972E-4,0.001725143166992007,1.90030674852077E-4,3.777508504944274E-4,9.113752756245944E-5,6.258483866040731E-4,0.006626567860510542],[3.819149571835283E-4,2.3278866060217636E-4,1.7997215256642968E-4,0.00429409236582399,8.508526113732206E-4,1.0534519867937637E-4,1.7273344427668678E-4,4.405044389085014E-4,4.207327209662806E-4,3.020067030521992E-4,3.8962750315665493E-4,1.517356918062634E-4,1.507901922112898E-4,1.6628214608766173E-4,1.6088698011411644E-4,2.577862252079346E-4,1.0,7.079274986709084E-4,0.0033648078395232756,1.0465837832786203E-4,2.5622911003184335E-4,2.850327238065225E-4,0.013350772306344984,1.6547046671770173E-4,1.4739770702540855E-4,2.3940036272626538E-4,8.927353732649298E-4,1.733280781355021E-4,2.9680339483072735E-4,3.306321270316283E-4,1.419758014231828E-4,0.012868291968457592,1.3641993441241418E-4,5.539838608734731E-4,1.6994690587323813E-4,9.085563870362361E-5,1.587396698212962E-4,2.9498225779919107E-4,2.2674835941548113E-4,0.0032384886472940247,2.005221331777001E-4,1.4732333306064638E-4,2.58663753529176E-4,1.7404203969404518E-4,0.0016380527590874926,1.4410460331547E-4,1.665076097021034E-4,9.668378500756009E-5,6.983417575287586E-4,0.05359605476302392],[0.0012659123398239699,0.0012445570711681591,5.099198573236343E-4,0.00350415716360226,0.0011843579468332995,0.001116699907737562,6.234315369463696E-4,0.0012788820780386151,0.0016048859257150353,8.804411942491249E-4,0.0012985623533628677,9.004802954526139E-4,3.033036040166274E-4,0.0011373936615871705,4.059650609923126E-4,8.520727105760734E-4,7.079274986709084E-4,1.0,0.006244631717903088,3.17430626896016E-4,0.0011393217420471958,0.0011817983986282768,0.024863604219571907,5.622636700269503E-4,6.290961831667628E-4,5.761467260352551E-4,0.002137565957005468,5.891642327336131E-4,0.0010458068626182503,8.734563432527778E-4,5.758092799773586E-5,0.003297726064058275,8.033846604917848E-4,0.01384485720884626,6.515247551713136E-4,1.604964767411936E-4,0.0011770187333426875,0.0010835188315150067,0.0010408066146961627,0.0029295956777658154,0.0011327402271044023,0.001192832726184976,0.0015073061704261434,3.5996373943555135E-4,0.0017092247252028505,8.167485860459513E-4,3.1732021427860176E-4,1.7603431838375584E-4,0.0012425486686028142,0.05440298673116724],[0.004071830933694758,0.005802003814447787,0.006213492660665261,0.006543771264936918,0.0014358979710880075,0.003553489297587025,0.004831650394943155,0.002506421693474743,0.0044031128080427966,7.035222930537731E-4,0.0064137046369448026,0.0011552226824974993,0.0017318950998671217,0.0021868742622197235,0.006213006215858876,0.006396092063731694,0.0033648078395232756,0.006244631717903088,1.0,0.005336696249921947,0.00426216647685717,0.005215604773858263,0.014149956632305317,0.0033953587235225633,0.002469115679731461,0.001730129993118568,0.0031586769989798455,0.005175857319520538,0.0064998565485769955,0.0015188452124234976,0.005795015757707531,0.011918305881177836,0.005759458938353875,0.007662926382438492,0.005563040272456702,0.00461334443961511,7.970661576057934E-4,0.0059819690213270835,0.0039444325996266585,0.006761639078383871,0.002950181605506248,0.0046805367938165835,0.005708547294867975,0.0011785652385978423,0.006189950118934546,0.006393492309957698,0.0019129127012564684,6.768486747772022E-4,0.0016189525936544636,0.06859767090193433],[0.0011380096719063872,4.246609034703565E-4,1.7067082800076598E-4,0.005183676950780456,1.9429339965831009E-4,1.3932621856953851E-5,1.4508169070625963E-4,9.591216747825503E-4,4.0309581326050746E-4,1.6957034733788883E-4,0.001005852723099761,1.0136056180230371E-4,6.218134886234731E-5,1.373804403381109E-4,5.976401258299417E-5,3.954641996796648E-4,1.0465837832786203E-4,3.17430626896016E-4,0.005336696249921947,1.0,9.533378762987156E-4,3.480169002085828E-4,0.019829973371026245,8.418472846794354E-5,5.366542441415253E-5,1.2516485040813956E-4,0.002152883787033595,1.6406158561767725E-4,3.9514796432491525E-5,4.37154111420269E-5,1.3885894164773587E-5,0.003529525469922832,1.04155140682929E-4,0.0015736649016875079,1.4010961026660176E-4,2.1199411003736848E-5,8.060022288696697E-5,1.9350583459388886E-4,4.696972431378937E-5,0.004881023301559087,4.0875198976971216E-5,6.192215698936282E-5,0.0014141923882759388,2.368071646766344E-5,0.0019897222841952157,3.138062979701596E-5,2.3108107656699666E-5,1.8952251243539137E-5,3.339735609852498E-5,0.002414638956508014],[0.001195646530459943,0.0011333019826371008,9.658771153576181E-4,0.004088505163947248,0.001097316498252291,7.406108639308852E-4,5.291213934371825E-4,0.0013112803170215266,0.0013961068320432432,4.980137399924031E-4,0.0013874855074306387,3.325723469885171E-4,7.123677217238761E-4,5.096068904388393E-4,3.212251878350775E-4,9.413675332496122E-4,2.5622911003184335E-4,0.0011393217420471958,0.00426216647685717,9.533378762987156E-4,1.0,0.0011258306413635029,0.024087729568478156,3.217690092394388E-4,2.101266343129569E-4,6.024835265696074E-4,0.002146019395901796,8.265267313239866E-4,6.921243103126371E-4,0.001041165345685341,6.169810100444282E-4,0.004603078013883886,4.385977652538997E-4,0.008544199593430318,0.0010033645516172901,3.669043675401154E-4,5.588682841580312E-4,7.6308712792498E-4,6.29382792399846E-4,0.0012663746701917515,4.5018670497292497E-4,0.0010026281636996961,0.002172916823387107,0.0010359909722574459,0.0016105297232949535,4.6755677683953914E-4,7.669546950412733E-4,1.5993572068496314E-4,0.0010759437468528695,0.024561812386195814],[0.0012317250907422034,0.0012275683366491047,0.0010567590161366283,0.0021826880704433104,0.00108348303945799,0.0010979298318486075,4.777843614032504E-4,0.0012083795121907864,0.001699829054987554,8.165124911309266E-4,0.0013862831963602734,2.1859477752831117E-4,6.713603827190835E-4,6.466753088907252E-4,0.0010681093165504688,8.477996958157689E-4,2.850327238065225E-4,0.0011817983986282768,0.005215604773858263,3.480169002085828E-4,0.0011258306413635029,1.0,0.006994337083669908,7.687913283660044E-4,2.791575191397538E-4,3.133157002444953E-4,0.002369168924467271,8.923597506599622E-4,8.504861409890213E-4,9.081838808849266E-4,5.472501821405523E-4,0.012737848246555383,0.001042363946646762,0.011230983332567075,8.322444549570666E-4,7.563905165846137E-4,5.529506139228167E-4,7.321327394560932E-4,9.33977100969603E-4,0.0038779750514004183,0.0010152819633261958,1.4625566975157888E-4,0.002938569375763773,7.009198467409156E-4,0.0014836061032244326,2.1348861649115968E-4,1.3860417563462137E-4,0.0010702802910585911,0.00109015543168524,0.021293195800355463],[0.010937646533168687,0.0065941834285739315,0.013473998281774343,0.009888521781438248,0.0035337034494427933,0.02310304915494885,0.01541078321014834,0.012693762108698983,0.009263549574502017,0.006082596172375441,0.004653211072458288,0.016303555933658807,0.008829049894285932,0.0013335767653361984,0.00879547283917144,0.0026587742393979446,0.013350772306344984,0.024863604219571907,0.014149956632305317,0.019829973371026245,0.024087729568478156,0.006994337083669908,1.0,0.020565687920691963,0.022014531131595752,0.017350539986714215,0.006802498995692073,0.008317335373999632,0.0011534550232529615,0.022999167232578235,0.015212929274899659,0.023935067327563852,0.0036677076193339228,0.025119123658095266,0.011623143883284781,0.021237058767616834,0.016132021677626708,0.0243046834992711,0.024692936406619858,0.01871435797724673,0.014925621917159838,0.005612677563282355,0.011106781296285707,0.024021868580747906,0.025874049651981396,0.017759175706668996,0.0231565341318943,0.015333897252087112,0.02465728352154441,0.047186396612338324],[6.908550709389279E-4,0.0011777971448236014,1.2637136092501862E-4,0.004202832445388045,6.585245879805942E-4,4.8630554748604353E-5,3.826559389081092E-4,0.001301486433316066,6.325483531185684E-4,3.381797001861062E-4,0.0010370999521869602,1.1782090257362006E-4,1.2509408995508187E-4,1.2053665083103952E-4,1.0259826173042701E-4,3.867644201736069E-4,1.6547046671770173E-4,5.622636700269503E-4,0.0033953587235225633,8.418472846794354E-5,3.217690092394388E-4,7.687913283660044E-4,0.020565687920691963,1.0,1.1207817663609984E-4,2.7298763649783743E-4,0.0020758016715989955,1.6550810990967782E-4,1.9754453691548374E-4,7.011605647092225E-4,1.0267539328371266E-4,0.005494564185776207,1.1248259685376167E-4,0.0046614648157180414,1.358131080186223E-4,6.619334827825818E-5,8.822178256849073E-5,2.1151173517862943E-4,1.1914389776098305E-4,0.006152622842011889,1.4000841477118257E-4,1.3721040513658858E-4,0.003122923838967663,1.40515810689234E-4,2.847956285754234E-4,1.0807389346727829E-4,4.214585551322468E-5,5.191431279780225E-5,9.243121523481481E-4,0.06606653348955172],[5.346499986683183E-4,7.97299826962103E-4,1.2781914321459233E-4,0.006080158662044383,8.658874890940368E-4,9.847887636556832E-5,2.9236930174498637E-4,6.920423142304788E-4,3.257693852171933E-4,3.595516717739457E-4,7.193350306665652E-4,1.2244455807795872E-4,1.289293158705307E-4,1.3732377790181058E-4,1.1128020968030643E-4,2.1944488041591992E-4,1.4739770702540855E-4,6.290961831667628E-4,0.002469115679731461,5.366542441415253E-5,2.101266343129569E-4,2.791575191397538E-4,0.022014531131595752,1.1207817663609984E-4,1.0,1.482563930907773E-4,0.0014819590485985602,1.57419450070546E-4,1.9543753680419413E-4,6.777539094333551E-4,6.435349669056953E-5,0.008121927428209602,1.323312549082358E-4,0.01392192494525729,1.2114624014644869E-4,2.4196713432291044E-5,1.0948310605489803E-4,4.273864946580863E-4,3.578111421090264E-4,0.0017443281162157912,1.611242831707659E-4,1.1857095529573867E-4,0.0020664149139599844,1.3079852052341889E-4,0.0018868987937205942,1.1381132184015176E-4,1.0551850304558171E-4,1.0643655801415624E-4,8.407472441398847E-4,0.06935294629739445],[0.0010669694150851447,0.0011436749403395622,3.063582339996829E-4,0.0041513860176238876,7.769293876525678E-4,6.193018241678876E-5,3.852029659561681E-4,2.835911583364256E-4,0.0013961690579491937,2.9760053243014514E-4,0.0013991917199109732,2.764612590830781E-4,1.5355786887096296E-4,2.220376380926749E-4,1.6318111310099914E-4,3.030146859127928E-4,2.3940036272626538E-4,5.761467260352551E-4,0.001730129993118568,1.2516485040813956E-4,6.024835265696074E-4,3.133157002444953E-4,0.017350539986714215,2.7298763649783743E-4,1.482563930907773E-4,1.0,9.536951001608653E-4,1.9056206083009874E-4,5.500531486178609E-4,4.6059516174726516E-4,5.2015944270348005E-5,0.010641523692407024,2.470659246808607E-4,0.008483534154852675,2.477577819274426E-4,3.463690994848482E-5,1.5482068309226235E-4,5.468748539367563E-4,2.9056240049035617E-4,0.004969279388314372,3.531235814807025E-4,2.0984016630123828E-4,0.0031741343663231874,1.8366929896676193E-4,0.002265934046781577,2.687419196019532E-4,1.4989387882726813E-4,2.582899410974301E-4,4.6575780843186607E-4,0.039084805496267416],[0.0023565873530626523,0.0020930860595960517,6.579169618235146E-4,0.004200860423682572,0.0017386210111261262,0.0019316631043346229,9.73160777666083E-4,0.002304389269704239,0.0022555457716270945,5.880146134924357E-4,0.002205703095675572,4.1436961623277964E-4,0.0019309999029328499,0.0011912657992538232,0.0018729687043696445,0.001094972335582603,8.927353732649298E-4,0.002137565957005468,0.0031586769989798455,0.002152883787033595,0.002146019395901796,0.002369168924467271,0.006802498995692073,0.0020758016715989955,0.0014819590485985602,9.536951001608653E-4,1.0,4.364185814164943E-4,0.0016514698126098223,0.0012522135792462767,0.002446568697427328,0.008601857721100439,0.0022029830141798846,0.014608799514669755,0.0023070757962207963,0.0014543827731519246,0.0017284986704176207,0.002442492150217161,7.387314078666826E-4,0.006764729477245443,0.0013225490283565113,0.0016371994912059437,0.002991997488789768,9.427182656833683E-4,0.002398943931102746,5.650394269164854E-4,9.089342933367369E-4,0.0023344139295698734,0.002312519700791484,0.0281119065197922],[0.0011644857212431514,3.7967573652065626E-4,3.583718468387915E-4,0.004301908661205854,7.608327966053556E-4,1.1387019148522818E-4,3.488641927660691E-4,7.036006608349E-4,0.0014473887137586782,2.8972614646833504E-4,9.170195517764514E-4,1.6180059579643072E-4,1.475882366409664E-4,1.6384117480829045E-4,1.1525285964543466E-4,3.9647613016532523E-4,1.733280781355021E-4,5.891642327336131E-4,0.005175857319520538,1.6406158561767725E-4,8.265267313239866E-4,8.923597506599622E-4,0.008317335373999632,1.6550810990967782E-4,1.57419450070546E-4,1.9056206083009874E-4,4.364185814164943E-4,1.0,2.992612856876314E-4,5.592792004105336E-4,1.0986124942757255E-4,0.00498738815214762,1.3590124675723044E-4,7.015995072703271E-4,1.6249768900855442E-4,1.0949370691786446E-4,8.816030272726664E-5,6.221274847798505E-4,3.5122061421802547E-4,0.002659090987361837,4.186422095597466E-4,1.5799089165569378E-4,0.0033439432144117863,1.7565327880732045E-4,0.0017610200225367612,1.6474878192731897E-4,1.1434692915340987E-4,6.603211260795979E-5,5.646148613544346E-4,0.012826724370261878],[7.099337714166999E-4,6.316894120546736E-4,4.6132901137013537E-4,0.001098862095755379,7.065607262994854E-4,3.9326286280819334E-4,5.446730333659905E-4,9.068632094291129E-4,7.521464598892645E-4,4.8432009349029103E-4,6.609048617144539E-4,4.2891603539410594E-4,2.3136203499542408E-4,3.589823463345319E-4,1.187856312773045E-4,5.277613582780777E-4,2.9680339483072735E-4,0.0010458068626182503,0.0064998565485769955,3.9514796432491525E-5,6.921243103126371E-4,8.504861409890213E-4,0.0011534550232529615,1.9754453691548374E-4,1.9543753680419413E-4,5.500531486178609E-4,0.0016514698126098223,2.992612856876314E-4,1.0,7.501421876991253E-4,3.1532086601776744E-5,0.011929962074279099,5.363163736688858E-4,0.012640947421889651,3.582158012373721E-4,1.8765771970915125E-4,4.8441963583905083E-4,5.644154426035081E-4,4.139955451634574E-4,0.002277014430251165,5.40215824506151E-4,4.1070616457538093E-4,0.002935593707705536,2.1778482218861176E-4,0.0012660805914344628,5.409382152191702E-4,4.930469666924871E-4,5.190883826938032E-4,9.260021670172857E-4,0.0645021993886315],[0.0011891660739422184,9.655552778626507E-4,7.8636317365417E-4,0.0031959596958179726,9.413355146919804E-4,1.7465463921936708E-4,4.988617395452591E-4,0.0013405581205487137,0.0012845477386041432,5.476566894579999E-4,0.0011650288061667857,4.143711350847444E-4,1.4251740801130765E-4,7.518878671544317E-4,7.506007013130091E-4,7.783015371271912E-4,3.306321270316283E-4,8.734563432527778E-4,0.0015188452124234976,4.37154111420269E-5,0.001041165345685341,9.081838808849266E-4,0.022999167232578235,7.011605647092225E-4,6.777539094333551E-4,4.6059516174726516E-4,0.0012522135792462767,5.592792004105336E-4,7.501421876991253E-4,1.0,8.139025204401491E-4,0.007952714530941943,5.106360567630232E-4,0.0024310499628561614,8.326038143983583E-4,8.185814495315409E-4,4.896052291797867E-4,6.655207291968812E-4,8.005037599896947E-4,0.005474307148835313,5.958546540588942E-4,4.30422701819109E-4,0.0017376796980784308,6.841552452364524E-4,0.002091108528760136,4.1314241472186413E-4,6.03462569690714E-4,6.248329688092729E-4,0.0010002265466192784,0.04067128739273336],[0.0010277013276051852,8.13687799714322E-4,3.0103840954637923E-4,0.004008097623107287,3.7394232427678863E-4,1.2995596709984699E-5,1.5029302867031644E-4,0.0011068748211874016,8.170790884490143E-4,1.338038432076204E-4,1.962155871338764E-4,3.047293608609176E-5,1.4024957995412954E-4,1.2733555436124618E-4,5.737865514977669E-5,9.291791053977084E-5,1.419758014231828E-4,5.758092799773586E-5,0.005795015757707531,1.3885894164773587E-5,6.169810100444282E-4,5.472501821405523E-4,0.015212929274899659,1.0267539328371266E-4,6.435349669056953E-5,5.2015944270348005E-5,0.002446568697427328,1.0986124942757255E-4,3.1532086601776744E-5,8.139025204401491E-4,1.0,0.007821971981706978,4.693096839860463E-5,0.0076011405293999424,3.175613936574248E-5,1.78253472908653E-5,8.327730784373119E-5,3.4934272008486613E-4,9.156898654460853E-5,0.002180713743531764,3.745075325005032E-4,4.232591538663585E-5,0.0012858996858667333,8.081382440446063E-5,2.428067924675862E-4,1.9218634154837137E-5,1.545496066765518E-5,1.895916710168569E-5,7.453935700719707E-4,0.036420490015147244],[0.007020585968366378,0.008543779503673334,0.006792503481230008,0.00727364423912077,0.002644116079887442,1.8777104499159594E-4,0.0037767539175220196,0.013636457433681623,0.004042487547362166,0.013504544348096049,0.011345332329412925,0.01097341742238104,0.005775663688133279,0.0015663447459080126,0.01327191447449449,0.013543869165816286,0.012868291968457592,0.003297726064058275,0.011918305881177836,0.003529525469922832,0.004603078013883886,0.012737848246555383,0.023935067327563852,0.005494564185776207,0.008121927428209602,0.010641523692407024,0.008601857721100439,0.00498738815214762,0.011929962074279099,0.007952714530941943,0.007821971981706978,1.0,0.012154179940322371,0.015008698271406029,0.002568340248297709,0.009899035257873154,0.004980988643206208,0.0066672419086489755,0.007626865886423474,0.007172580623764663,0.0025743390767879264,0.007356718092828618,0.01311677437487504,0.013378046405706034,0.009134754937310464,0.0014359863391200619,0.00858109214943767,0.011479071681526348,0.00499414197539322,0.023672413504989553],[4.717657416274211E-4,4.429080320109792E-4,2.106289652878159E-4,0.004773368413184153,2.239468334218381E-4,4.628182127409273E-5,1.6598776599960336E-4,8.090087947899029E-4,5.957916630928652E-4,2.4463702228589743E-4,3.6768242690562905E-4,1.325861869984413E-4,1.347821074831073E-4,1.3382641337618577E-4,9.573874556369316E-5,3.999051123724811E-4,1.3641993441241418E-4,8.033846604917848E-4,0.005759458938353875,1.04155140682929E-4,4.385977652538997E-4,0.001042363946646762,0.0036677076193339228,1.1248259685376167E-4,1.323312549082358E-4,2.470659246808607E-4,0.0022029830141798846,1.3590124675723044E-4,5.363163736688858E-4,5.106360567630232E-4,4.693096839860463E-5,0.012154179940322371,1.0,1.9920963870275935E-4,1.447357040341618E-4,5.658878387797442E-5,9.420410675648528E-5,2.3088516876421997E-4,1.3442203337547177E-4,0.004312794710379205,1.4005142823284781E-4,1.451449601080367E-4,0.0024612249662593145,1.6495088484873606E-4,0.001924437537996406,1.1476135143048685E-4,3.581716381609193E-5,1.1528767399109953E-4,9.115548793573957E-4,0.014095342646057451],[0.007776711532021554,0.01447175719132036,0.010654473732980759,0.007879334006432277,0.004470918728825015,8.462094585195348E-4,0.0143246997365592,0.008568877739956201,0.0028106369745825874,0.005734668206446589,0.0042980937325230745,0.0031906042391034646,0.0113589993739341,0.007005005045207347,0.00860830437718807,0.0060364945122520055,5.539838608734731E-4,0.01384485720884626,0.007662926382438492,0.0015736649016875079,0.008544199593430318,0.011230983332567075,0.025119123658095266,0.0046614648157180414,0.01392192494525729,0.008483534154852675,0.014608799514669755,7.015995072703271E-4,0.012640947421889651,0.0024310499628561614,0.0076011405293999424,0.015008698271406029,1.9920963870275935E-4,1.0,0.009647704683173037,0.00304690403296908,0.010108075437236443,0.015293643894393624,0.010010149093300981,0.013147576905726738,0.008176305127947764,0.007342842209394783,0.010144793956583173,0.010556794480675332,0.0036655125080940027,0.004956505742535057,0.012953490662215515,0.0031219755392298838,0.014425010782985668,0.0618112960541857],[3.413496959445936E-4,8.723948084781478E-4,4.180833406583232E-4,0.005331244981796767,3.0177768566691217E-4,5.357835138513889E-5,3.161203510032971E-4,4.936720604536141E-4,7.824394493544616E-4,1.8598409465582434E-4,0.0010898376727769149,1.3125391388031578E-4,1.420672011838855E-4,1.455617025834732E-4,1.2343522904172458E-4,2.1392626361765784E-4,1.6994690587323813E-4,6.515247551713136E-4,0.005563040272456702,1.4010961026660176E-4,0.0010033645516172901,8.322444549570666E-4,0.011623143883284781,1.358131080186223E-4,1.2114624014644869E-4,2.477577819274426E-4,0.0023070757962207963,1.6249768900855442E-4,3.582158012373721E-4,8.326038143983583E-4,3.175613936574248E-5,0.002568340248297709,1.447357040341618E-4,0.009647704683173037,1.0,1.0860429157307019E-4,1.1954723189306757E-4,2.0459545531760414E-4,2.390139520595544E-4,0.004238244385427033,1.6172659479347768E-4,1.4513971281763334E-4,0.0028742738383521187,1.7070748305393277E-4,0.0012488673686264478,1.0920277918504377E-4,6.99687457824889E-5,1.3778991977198788E-4,5.533823292859907E-4,0.048034835665605534],[0.0010528513131587006,2.255354312411925E-4,2.7685098139445895E-4,0.003380224019342805,6.439118121563426E-4,1.377874086517308E-5,2.474290195569615E-4,0.0013322117735585265,3.160290588239552E-5,3.423908436855579E-4,6.31072730891519E-4,2.401610843251633E-5,3.720659813588125E-5,5.775856991261221E-5,4.560884431158209E-5,3.777164490390798E-4,9.085563870362361E-5,1.604964767411936E-4,0.00461334443961511,2.1199411003736848E-5,3.669043675401154E-4,7.563905165846137E-4,0.021237058767616834,6.619334827825818E-5,2.4196713432291044E-5,3.463690994848482E-5,0.0014543827731519246,1.0949370691786446E-4,1.8765771970915125E-4,8.185814495315409E-4,1.78253472908653E-5,0.009899035257873154,5.658878387797442E-5,0.00304690403296908,1.0860429157307019E-4,1.0,7.006470787581146E-5,4.286882294922354E-4,1.6939375539691271E-4,0.005646084873902183,3.6172645781694715E-4,1.0732723191684961E-4,0.0012550236442004984,5.819239979806152E-5,2.497257784849942E-4,7.723674198747998E-5,2.546070901530415E-5,1.997546137142312E-5,8.845433890128995E-4,0.025564696659392944],[7.712789180489444E-4,8.388408503160555E-4,3.20895288877182E-4,0.0064379921975883,8.279842414338339E-4,5.2351062486686385E-5,1.6097413095525975E-4,0.00122287795889161,0.0012890214574420892,1.6681171930147691E-4,0.0010355740644976412,1.0741838996907752E-4,1.2215728786318247E-4,1.4211490205331674E-4,7.514367269326483E-5,2.2183758224666696E-4,1.587396698212962E-4,0.0011770187333426875,7.970661576057934E-4,8.060022288696697E-5,5.588682841580312E-4,5.529506139228167E-4,0.016132021677626708,8.822178256849073E-5,1.0948310605489803E-4,1.5482068309226235E-4,0.0017284986704176207,8.816030272726664E-5,4.8441963583905083E-4,4.896052291797867E-4,8.327730784373119E-5,0.004980988643206208,9.420410675648528E-5,0.010108075437236443,1.1954723189306757E-4,7.006470787581146E-5,1.0,4.117109677329347E-4,2.160968700760804E-4,0.005612101079652013,1.4466146855113778E-4,1.2742574471336158E-4,4.038435190825482E-4,1.7448251233211567E-4,2.0422062194484292E-4,8.983236544227769E-5,6.324649374002411E-5,6.767390493894331E-5,1.1302170356625559E-4,0.03217498883807156],[7.47110742960842E-4,9.20699916148044E-4,4.8432372835436336E-4,6.689227061747427E-4,9.072299979026668E-4,3.760860646716267E-4,5.542651494392896E-4,0.0010351624820421413,9.447053152891891E-4,6.137591498614192E-4,0.001285783584751986,1.9754724752387104E-4,5.896906297529021E-4,3.0607150888666983E-4,5.071118023197052E-4,6.082620632659337E-4,2.9498225779919107E-4,0.0010835188315150067,0.0059819690213270835,1.9350583459388886E-4,7.6308712792498E-4,7.321327394560932E-4,0.0243046834992711,2.1151173517862943E-4,4.273864946580863E-4,5.468748539367563E-4,0.002442492150217161,6.221274847798505E-4,5.644154426035081E-4,6.655207291968812E-4,3.4934272008486613E-4,0.0066672419086489755,2.3088516876421997E-4,0.015293643894393624,2.0459545531760414E-4,4.286882294922354E-4,4.117109677329347E-4,1.0,4.18295602483426E-4,0.0019340513761354587,5.895153283211839E-4,1.5826290407529428E-4,0.002011987840595861,5.369150798306125E-4,0.0017477610641756767,3.1328510698272434E-4,5.427992498717975E-4,4.614988201399859E-4,6.520598195889491E-4,0.06778317516443612],[4.954302176013002E-4,6.010473212079974E-4,4.303183060049484E-4,0.005709832626488761,5.161