[[1.0,2.271219369707264E-5,0.002897732588241104,1.310740053058263E-5,1.57401693130531E-5,7.664298938948041E-5,0.048551607854289504,2.524176491810064E-5,3.2431995599165774E-5,1.8638829209435828E-4,1.0404775503088238E-4,0.001189732504744787,1.0048770792783372E-4,1.7369445356536788E-5,3.047933933572614E-5,6.747884161448162E-5,4.3716874015889645E-4,0.002876239246616408,0.020537645117672882,0.002633781860794399,0.001271229696269434,0.0034626542889902964,3.12062515456283E-4,2.2364114954524607E-4,0.0012899117715761456,0.03880381126059877,4.991569396035616E-4,1.0133945603771009E-4,3.601531609073226E-4,1.6093452984679243E-5,6.860361663176931E-5,2.560834245985615E-5,6.44755702164157E-5,6.601065015335715E-4,1.6334353862432598E-5,6.374881949194815E-5,4.467355985764034E-5,0.01273272876063533,5.7291248672260495E-5,7.839401146692516E-5,5.486912759695652E-5,5.930305073063E-5,0.014049698363387294,9.559670965642407E-4,3.6744538493361606E-4,1.001689982794969E-4,0.003736274251735628,4.7082111374924994E-4,2.886535059777395E-4,1.3470084018942587E-5,8.644594228426222E-5,1.085792486109366E-4,0.003668692234498817,0.004836650792153462,0.0046597205170979235,3.808043194092717E-4],[2.271219369707264E-5,1.0,0.011115594981598982,5.3485835342006233E-5,1.2856017957988588E-4,1.6195220635368087E-4,0.07090778687637853,6.567072653542924E-5,6.495627697981302E-5,1.3448257052629917E-4,1.2328364217708475E-4,8.643806382896306E-4,1.274286458166368E-4,3.45068722615412E-5,1.0177729773587617E-4,1.3748767803357522E-4,9.290431256673915E-4,5.450463407439787E-4,0.03497340749457883,0.0018471444502893715,0.0034887038736222246,0.03335623116466876,2.884193080578785E-4,4.563401207803629E-4,0.001731236019643195,0.03379879186763933,4.195055154550577E-4,1.2487150723552166E-4,3.698795195398707E-4,1.4239397478165447E-4,1.4023322565947198E-4,2.9020401645181147E-5,1.4069674253902898E-4,2.517711251170605E-4,2.0748534396183586E-4,6.341039126737638E-4,1.2202431629349917E-4,0.009625968571363315,1.1575954739013864E-4,2.078436541330534E-4,1.334859223745849E-4,1.124745875877093E-4,0.013337878331535939,0.0010551195711635626,3.041284777095479E-4,2.395459969742635E-4,0.00190424858818872,3.101183354343059E-4,5.596979886283086E-4,1.278838808330634E-4,6.607320274571567E-4,1.221165217178679E-4,0.0019439431712803162,0.006078457634372557,0.012494833243932241,9.426072618279142E-4],[0.002897732588241104,0.011115594981598982,1.0,0.004530611214886108,0.008499355639991537,0.004964067435709002,0.07106041489633992,0.012398286420073977,9.878716267632617E-4,8.415013082052797E-4,0.011253341928329719,0.0023946612665584925,0.00914239302879317,0.008926258285963277,0.004356317193752916,0.0034771948706039993,0.011345698012430955,0.01138415124881571,0.025434187132379965,0.007142843458892274,0.010672754632831873,0.03253101191926901,0.006505601037984672,0.009469125541202002,0.009843778665308871,0.020494615313229027,0.010360139111707722,0.00879392944340735,0.009995303301653657,0.01154934866038553,0.010373236953249881,0.0019416540655231085,0.007076287527516618,0.011239677013840987,0.0017249320914687893,0.008508837989816288,0.0025045988504472476,0.012867617079458904,0.007924585266260007,0.0024494497874385877,0.011330255242231578,0.006129141366485849,0.013206088104313443,0.008706852549870924,0.011484540634341402,0.00743656117511985,0.0114083720940385,0.0029545203412144495,0.004249563195609578,0.011901867316958472,0.008546961194899725,0.004413845668211113,0.010969891115573765,0.008776576796118476,0.012717799405853498,0.004422985344831775],[1.310740053058263E-5,5.3485835342006233E-5,0.004530611214886108,1.0,9.247919810364387E-5,1.7663093935383457E-4,0.03222997855858637,1.4857138164007152E-5,3.0659650885256844E-5,3.285490847994339E-5,1.8912796438471672E-5,0.0016492768369031966,6.841446128817945E-5,1.6328353876935767E-5,7.246331314213156E-5,4.131710667727908E-5,9.691224330895759E-4,0.0034954340625782303,0.03149203900206252,0.0019451251347134568,0.002757559806860306,0.015382580497133659,4.0213144604759357E-4,6.738019274261981E-4,0.001632986695699749,0.032720136495739315,3.4949212521043476E-4,2.0692730397817265E-5,1.968385046689582E-4,3.8648650373416065E-5,1.4199223747721E-4,1.567866879921399E-5,4.3573316160413236E-5,1.3575639669840784E-5,1.0014074414029981E-4,6.958658236353592E-4,7.13778230750736E-5,0.0104231452246335,1.6452815256075272E-5,8.583748687979039E-5,1.3674815676215788E-5,5.353098857736715E-5,0.004828084497372288,1.758533438446461E-4,1.1055712155352769E-4,0.0013271023179670647,0.003701938332666334,2.868005936300201E-4,1.7892631086714918E-4,1.128612578488286E-5,5.449232661380756E-4,1.1155246742765576E-4,0.00223764767341541,0.006624874000302028,0.009796186897235321,0.002385770020650207],[1.57401693130531E-5,1.2856017957988588E-4,0.008499355639991537,9.247919810364387E-5,1.0,2.580762100768586E-4,0.041358510299207035,5.829518138213667E-5,6.452706563089234E-5,1.6316490870742865E-4,1.2542537921018146E-4,0.0011082344664449125,1.313398053438178E-4,6.2877363977303E-5,1.2034439681510135E-4,1.53006453129852E-4,1.5145316255430166E-4,0.0010653872122765053,0.032155278902873355,0.0027330925329465613,0.002504686993353174,0.031306399921082424,3.262464314629167E-4,2.111764373558934E-4,0.001722026601191867,0.03495838010375772,1.3864419240626016E-4,1.306291100783605E-4,3.9451890799458843E-4,1.373384271747033E-4,1.4450633424594727E-4,2.7417021487583362E-5,1.495682202201314E-4,4.436310118591574E-4,1.7611623674714902E-4,8.08403433949714E-4,1.152895172816572E-4,0.009082373680747232,1.322099542742064E-4,5.96334884182123E-4,1.363307363812047E-4,1.075384278963316E-4,0.012744965937580769,9.31620897439293E-4,3.8558179707497457E-4,0.0012253525363951064,0.001008001526073026,4.3413596243148747E-4,2.7451118388181295E-4,5.3205583152165476E-5,0.0010402242275940458,1.2799537779994852E-4,0.0034169796109332806,9.721913858088864E-4,0.004865565079097903,0.0018899223431582367],[7.664298938948041E-5,1.6195220635368087E-4,0.004964067435709002,1.7663093935383457E-4,2.580762100768586E-4,1.0,0.07085648146704288,3.3409789094654166E-5,1.4055432078449086E-4,2.305093409721845E-4,2.1981490667318204E-4,0.0011721197847682165,1.492150410873045E-4,9.071849774219507E-5,2.5568881732780744E-4,1.7662635404979066E-4,0.0010154281882936672,0.00640477764921765,0.023627371666491814,0.0011366686052356565,0.0012265626194282687,0.015043444240076595,3.9385140641685294E-4,3.652608535136395E-4,3.099488949237527E-4,0.038773399404572244,4.5281912769831853E-4,2.4241817201104825E-4,3.997856906285193E-4,1.5330840812920556E-4,2.1731454467271218E-4,9.917030017287762E-5,1.5546642844114142E-4,4.0532812603767763E-4,2.4780663270687115E-4,0.0010121341985803829,1.3883909498822126E-4,0.0027902325174520566,2.2081003756947135E-4,4.102971397556359E-4,2.0049570752179462E-4,7.246595983813892E-5,0.0033883940680580066,0.00110477990298964,4.7831602625002473E-4,3.510512120807772E-4,0.006564783081325868,4.2560970970579334E-4,3.6223989451034013E-4,2.1701701649322474E-4,0.0010887174518353806,1.2815165139805639E-4,0.003155465548751266,0.0019330125882841259,0.008714292177558505,6.008684989734694E-4],[0.048551607854289504,0.07090778687637853,0.07106041489633992,0.03222997855858637,0.041358510299207035,0.07085648146704288,1.0,0.030726174489036105,0.0033247861804945726,0.030212185507607705,0.056128464675826155,0.012032697024953128,0.031808209588492786,0.06833750628896693,0.02331771819145799,0.047731690464425755,0.0556288000131579,0.04546707016349594,0.053753234096325694,0.039502737188434216,0.005928378249969828,0.03518345280611923,0.034470065353519895,0.02785716547887556,0.03157336586595321,0.06658778065562107,0.0010688335301737451,0.05699001375206943,0.04522312552594834,0.049955065852800774,0.04027389476817417,0.01182814122876031,0.04280044261711275,0.046701237541678514,0.045339123649755744,0.07011610304179534,0.008976123556165207,0.04537392313990736,0.04925271993621126,0.008931860764036605,0.02785189544023871,0.050751498253810236,0.04338171768408823,0.029605407810486768,0.03370595358406506,0.02885478642322706,0.042269928688864464,0.024351598494637198,0.032107316674552404,0.022837591915692852,0.06987569307761642,0.010114025688383143,0.01201483656006825,0.04913135937879377,0.039948234738880525,0.027448360492010097],[2.524176491810064E-5,6.567072653542924E-5,0.012398286420073977,1.4857138164007152E-5,5.829518138213667E-5,3.3409789094654166E-5,0.030726174489036105,1.0,3.40005499742521E-5,1.430194550848847E-4,4.6983916814263146E-5,0.0010147618506991456,8.638082566089921E-5,2.197456691158482E-5,9.915965342315099E-5,6.946711464679033E-5,9.054861162294009E-4,0.005852042389922048,0.019792920464134642,0.0030835693867716433,0.0031347882425527256,0.015698947666031176,2.255781478728253E-4,1.796484257247999E-4,0.0015404247616869838,0.007203363927916878,1.558067377853368E-4,1.1235674025362953E-4,2.4596319831967283E-4,8.642991423378298E-5,1.3233651005376635E-4,2.7334962412203696E-5,1.398178872142178E-4,5.866856411557825E-4,7.632813752636639E-5,5.6152155404223175E-5,7.836415587391489E-5,0.004264595581067046,1.0388454980828014E-4,4.568406739257055E-4,5.8675135077129484E-5,3.528376433012135E-5,0.009552541669677781,5.023268007378965E-4,2.558790196147057E-4,0.0013020081115898644,0.004705923025275855,4.4490037977448863E-4,5.772907171804438E-4,2.303532020569985E-5,6.936518383614461E-4,5.978049724057005E-5,0.0014524807678839974,4.636098523144243E-4,0.007874024626126125,0.0016846511746141145],[3.2431995599165774E-5,6.495627697981302E-5,9.878716267632617E-4,3.0659650885256844E-5,6.452706563089234E-5,1.4055432078449086E-4,0.0033247861804945726,3.40005499742521E-5,1.0,7.466270145413528E-5,9.315420931111326E-5,1.709083763857607E-4,6.972138455699959E-5,2.6146568577459688E-5,9.743643494378068E-5,5.814593448573053E-5,4.7695556464067427E-4,0.0020278141797237417,0.02398500603271452,0.002180069215444597,0.0014024316601257208,0.017246528425776116,3.1668317114460386E-4,1.490273648742039E-4,0.001641343294769034,0.004483210704617585,2.7701800939453845E-4,8.549049197654113E-5,4.0634026063782023E-4,4.884773947961555E-5,8.377263868144238E-5,3.681304447934096E-5,1.2571060429843078E-4,2.9893131647238075E-4,1.2112451889460964E-4,1.0750347618510668E-4,9.185910979095666E-5,0.010638305952706774,4.44010272521755E-5,8.756723110331967E-4,1.2876031192259843E-4,4.6884630566351684E-5,0.012459515541500142,8.490537298014803E-4,4.3239847860503675E-4,1.648305082732195E-4,0.006588018829512426,3.6889810548505265E-4,4.903460657965079E-4,3.345324010467203E-5,4.0676350564518147E-4,7.364842538800893E-5,0.002825814057370084,0.006778878224597105,0.0025735130041996176,0.0012319688848961253],[1.8638829209435828E-4,1.3448257052629917E-4,8.415013082052797E-4,3.285490847994339E-5,1.6316490870742865E-4,2.305093409721845E-4,0.030212185507607705,1.430194550848847E-4,7.466270145413528E-5,1.0,1.2790349703550738E-4,7.984720551791185E-4,1.4790243794820352E-4,1.1222712505268508E-4,1.3324271179931306E-4,1.736606311943797E-4,3.530816852170575E-4,2.4919158238563967E-4,0.00451789327640204,0.0012431170038960803,5.135533403776892E-4,0.011981734666160327,2.613457661975533E-4,6.05070865720477E-4,0.0016339429334915002,0.0364777443996122,2.4893053429383163E-4,1.936943279541383E-4,4.3476383389857607E-4,2.0619305622673623E-4,2.071209151591574E-4,1.6915495068870937E-4,1.8850275974447643E-4,4.911363725869909E-4,2.1702458564372087E-4,4.477922497616657E-4,2.1020631283228698E-4,0.006599617635983923,1.322901798898147E-4,0.001052738801921866,1.6101975456919804E-4,1.9129966728639457E-4,0.01176021727290108,8.589974237974214E-4,4.535078614687853E-4,7.647444537486807E-4,0.006358629836480421,3.490787706572784E-4,2.2132060619924732E-4,5.524149511494363E-5,4.942101225421414E-4,1.4160060364408798E-4,0.004469982525626814,0.0034776136616468246,0.008325572162852525,0.002001752138036496],[1.0404775503088238E-4,1.2328364217708475E-4,0.011253341928329719,1.8912796438471672E-5,1.2542537921018146E-4,2.1981490667318204E-4,0.056128464675826155,4.6983916814263146E-5,9.315420931111326E-5,1.2790349703550738E-4,1.0,0.0016283345818581775,1.1671819985211233E-4,7.588480477275802E-5,1.142084240476486E-4,1.34339472692844E-4,4.045883001728213E-4,0.006777169661371506,0.02473119268741281,0.0019561804430137776,0.003432640614571667,0.030447656354965758,1.1967770234389325E-4,4.457198569686328E-4,5.230948696751502E-4,0.0025249082102548072,5.499443698201077E-4,1.2217859567324025E-4,3.879492862908588E-4,1.2433620693882446E-4,1.2475687098431907E-4,8.566076177098134E-5,1.313368617849054E-4,7.362563774760576E-4,1.2304506885191097E-4,4.505171518875766E-4,1.1230984911487398E-4,0.005214968453485336,1.1433148728849773E-4,0.0010600761359693973,1.2731708306037206E-4,1.0396759278144587E-4,0.010260332064962904,1.3340140574898503E-4,2.159741007737078E-4,5.258135121652689E-4,0.009345277401081742,3.896093385129351E-4,2.7499009968287385E-4,4.870653998484284E-5,8.660892641348302E-4,1.1892024054604994E-4,0.0033776347534268136,0.0012700473254070538,0.012744588876626446,0.0010111547814389411],[0.001189732504744787,8.643806382896306E-4,0.0023946612665584925,0.0016492768369031966,0.0011082344664449125,0.0011721197847682165,0.012032697024953128,0.0010147618506991456,1.709083763857607E-4,7.984720551791185E-4,0.0016283345818581775,1.0,0.0017256039318855588,0.0011707140859724158,1.3592563546076185E-4,5.000470560799976E-4,0.0018154796113458382,0.005498356983761469,0.017722914607771072,0.0020898849825024784,0.00392040167195794,0.012363205321002395,0.0017733723943250898,0.0011738789073822112,0.0020682656337966646,0.01299433719281355,0.0015315399686976617,0.0017991620758997494,9.915867882696978E-4,0.0018051562351762973,0.0014137425052235392,8.716140816510934E-4,0.0012364883497458959,0.00169535197160476,9.085898683284831E-4,0.0017504757011299018,9.930424287650185E-4,0.004392870835109158,7.413945748637109E-4,0.00163866398068995,0.0012833701468166708,4.727686218396304E-4,0.004094651011893659,0.0016731309596106358,6.046989820310954E-4,0.0015560553965403032,0.009315411163770633,0.00146622442772214,6.502305100766068E-4,4.663063347873736E-4,0.001452104810684193,0.0015752568200180226,0.003549415422844029,0.006651352826780156,0.007420201658322039,0.0022082720789731378],[1.0048770792783372E-4,1.274286458166368E-4,0.00914239302879317,6.841446128817945E-5,1.313398053438178E-4,1.492150410873045E-4,0.031808209588492786,8.638082566089921E-5,6.972138455699959E-5,1.4790243794820352E-4,1.1671819985211233E-4,0.0017256039318855588,1.0,9.170891303643671E-5,1.0842626058672507E-4,1.2145078238681489E-4,2.9385117482882305E-4,0.0036053244347036446,0.009656744119573683,8.792401213228824E-4,0.0010120173587794645,0.023063289499430498,3.1705054491656563E-4,5.980738983736315E-4,0.0010654522293028256,0.0346258706674425,3.435759202994917E-4,1.2187060266609116E-4,1.518221347639534E-4,1.2656953445972844E-4,1.2476672542741581E-4,1.1132684511011534E-4,1.1626823893883911E-4,6.355868411577029E-4,1.2650298127749577E-4,2.9084778127450034E-4,1.1081069057467866E-4,0.011264078276923726,1.1265090572030382E-4,5.092054903341088E-4,1.3126127702958038E-4,9.993555079594469E-5,1.7045601200895875E-4,5.844207315883954E-4,3.575876498819747E-4,1.1818965209900956E-4,0.00810613299282296,3.415179592105304E-4,3.388391163511306E-4,1.0626736605321743E-4,1.3732333324728926E-4,1.1609199182003734E-4,0.0032409958061389087,0.0026598885745889975,6.466358988178964E-4,0.0017886510809409215],[1.7369445356536788E-5,3.45068722615412E-5,0.008926258285963277,1.6328353876935767E-5,6.2877363977303E-5,9.071849774219507E-5,0.06833750628896693,2.197456691158482E-5,2.6146568577459688E-5,1.1222712505268508E-4,7.588480477275802E-5,0.0011707140859724158,9.170891303643671E-5,1.0,4.343082604442676E-5,9.832951232192708E-5,0.0010167875111055783,0.004540124522133748,0.03091933040602339,6.77252642696127E-4,0.003253689332007635,0.011645089777476646,2.8088498292186246E-4,2.4080419591087022E-4,0.0018688279558485973,0.030498591629963826,1.1476137139853117E-4,3.4038609267036855E-5,3.9424306028707625E-5,9.277520208217629E-5,9.36696283311078E-5,2.5282435784428914E-5,7.169778056712885E-5,2.0654363605751382E-4,2.1673064518213463E-4,4.884760874114223E-4,2.973718064181709E-5,7.794148956115734E-5,4.5193509257639516E-5,2.4329581698898302E-5,8.516314139391276E-5,5.4435489859013626E-5,0.01293744560718742,8.25550700416657E-4,1.1259506991678731E-4,0.001443694507816983,0.008969906227311884,3.928531775247364E-4,3.235866455909689E-4,1.3425530801964153E-5,4.066124130824993E-5,2.8746442654472917E-5,0.0015022369473417002,0.001467368461321829,0.009170123971212375,0.00176033047123902],[3.047933933572614E-5,1.0177729773587617E-4,0.004356317193752916,7.246331314213156E-5,1.2034439681510135E-4,2.5568881732780744E-4,0.02331771819145799,9.915965342315099E-5,9.743643494378068E-5,1.3324271179931306E-4,1.142084240476486E-4,1.3592563546076185E-4,1.0842626058672507E-4,4.343082604442676E-5,1.0,1.3565457978370856E-4,8.473266810948386E-4,0.0049966618597443325,0.0016486517775443667,0.0014696404736438571,0.003805776380981777,0.026774376695909784,1.9131521203067905E-4,4.383689037005661E-4,7.573916244817196E-4,0.016064841257812275,3.5749715015756804E-4,1.0885668169346967E-4,2.076184467707724E-4,1.0744501573248136E-4,1.329117266391457E-4,8.445692897380552E-5,1.2736616237397214E-4,4.282516805230104E-4,1.5137272560054562E-4,8.18072568829155E-4,1.0358385377706241E-4,0.005723530967153351,1.0927150140030065E-4,8.024711058793065E-4,1.2849824621617074E-4,8.81890404271604E-5,0.0032284873683130644,4.2359530052404356E-4,4.457094700199414E-4,0.0012155702312358471,0.003061266858173243,1.1568743875693917E-4,1.4716782703627925E-4,9.652751397697356E-5,3.0382820604019464E-4,1.0623385951206043E-4,0.003266175535631337,0.0058044518912234175,0.012175819913107563,6.733222370865288E-4],[6.747884161448162E-5,1.3748767803357522E-4,0.0034771948706039993,4.131710667727908E-5,1.53006453129852E-4,1.7662635404979066E-4,0.047731690464425755,6.946711464679033E-5,5.814593448573053E-5,1.736606311943797E-4,1.34339472692844E-4,5.000470560799976E-4,1.2145078238681489E-4,9.832951232192708E-5,1.3565457978370856E-4,1.0,0.00115591634538355,0.00741808720875104,0.02141180652674928,0.0016370635814737396,0.0018491325898323386,0.0017671399914638063,2.4352284158091865E-4,5.565082410144953E-4,8.463322262589976E-4,0.0043679340475089486,5.311003385944386E-4,1.336333065494273E-4,3.352061929931654E-4,1.5100811043175164E-4,1.5316570728007368E-4,1.2108929798894087E-4,1.5287240165707478E-4,1.932452718186452E-4,2.1488404926193138E-4,3.1771207320664414E-4,1.2616492188289018E-4,0.0075750956810001725,1.424127253551817E-4,0.001153299801744374,1.3903647197015847E-4,1.0816310562967836E-4,0.010292408830274873,1.638204217346192E-4,1.62704766282954E-4,0.001364610953528425,0.0052324816169268575,2.0196277419480958E-4,5.638628437109362E-4,1.3609537071293298E-4,3.500381609920388E-4,1.3715113542105226E-4,0.002496072844989551,0.0016576061316672488,0.010194595640824604,6.35870970125978E-4],[4.3716874015889645E-4,9.290431256673915E-4,0.011345698012430955,9.691224330895759E-4,1.5145316255430166E-4,0.0010154281882936672,0.0556288000131579,9.054861162294009E-4,4.7695556464067427E-4,3.530816852170575E-4,4.045883001728213E-4,0.0018154796113458382,2.9385117482882305E-4,0.0010167875111055783,8.473266810948386E-4,0.00115591634538355,1.0,0.0029025598806055215,0.016353012825914327,0.0025850842488800495,0.0027329268098441753,0.017675490092020865,9.034331802644572E-4,9.994424056560737E-4,0.0021804312538014864,0.03617366395620469,0.0014675934032999695,0.0014754440619423662,6.172427731299163E-4,0.0015386364763068975,6.74829553144987E-4,9.331413572219427E-4,0.0015109932041096413,0.0010781266396731088,0.0012415468622553542,0.0015835770043394989,0.0016223355671870117,0.004653562077692104,4.978058634147797E-4,0.0013483950540700699,6.554560244954708E-4,3.9460347755826354E-4,0.003544720574924702,0.0011245047569925018,0.0013241691815887753,0.0015149631422058823,0.007804282770671505,7.46485071512016E-4,0.0010095768032951555,7.494367998450809E-4,0.0014659855399423325,0.0012338865890001416,0.002799564678471241,0.006730460471653847,0.007479108404793159,0.0020784045168940977],[0.002876239246616408,5.450463407439787E-4,0.01138415124881571,0.0034954340625782303,0.0010653872122765053,0.00640477764921765,0.04546707016349594,0.005852042389922048,0.0020278141797237417,2.4919158238563967E-4,0.006777169661371506,0.005498356983761469,0.0036053244347036446,0.004540124522133748,0.0049966618597443325,0.00741808720875104,0.0029025598806055215,1.0,0.010585372033332008,0.0040406754175261,0.0045284471058632,0.025260629573923388,0.003215512538193762,0.0035407037881943033,0.003980495537960536,0.026968083359424046,0.0035804419856350703,0.0025429318836960343,0.004051180019259948,0.005972397650298563,0.004426968402819827,0.0018312314901916223,0.004906696235151825,0.006074223669579732,0.006944248837148458,0.007023109378890299,4.350345907907804E-4,0.009823995436289016,0.0037962930349900495,0.0034558607502431053,0.005141087165072224,6.14074847467544E-4,0.008922401249314184,0.0025296259851974854,0.006931716215960669,0.006385550748529284,0.008079857585997033,0.005132052824460304,0.0019494476366131697,2.1315736976730814E-4,0.006297547709113613,0.007859654802015057,0.007764375429231816,0.008020218164791627,0.01026358212000952,0.003052445873217415],[0.020537645117672882,0.03497340749457883,0.025434187132379965,0.03149203900206252,0.032155278902873355,0.023627371666491814,0.053753234096325694,0.019792920464134642,0.02398500603271452,0.00451789327640204,0.02473119268741281,0.017722914607771072,0.009656744119573683,0.03091933040602339,0.0016486517775443667,0.02141180652674928,0.016353012825914327,0.010585372033332008,1.0,0.019260830556383782,0.009463406796867671,0.038389257687071444,0.025129252202283448,0.02275956236222895,0.01311866416466306,0.04,0.03743791554159336,0.020832789671205134,0.01703041259057199,0.015559061808643576,0.031924406973604776,0.0158269504222502,0.03552751003344655,0.019581262517867796,0.03928339110067854,0.023740603522487146,0.019905525155140463,0.022336722806251416,0.004417578558815466,0.029850922858621634,0.004101740683111584,0.003074356837626075,0.01643206921032006,0.0346217097817734,0.025581766539019293,0.0320193316870507,0.01091521674404158,9.502622541250462E-4,0.020391692705639338,0.007350275786117497,0.005757092082616677,0.00454277183756761,0.006956477691857477,0.038131389939554526,0.026804031564778022,0.01361061431722162],[0.002633781860794399,0.0018471444502893715,0.007142843458892274,0.0019451251347134568,0.0027330925329465613,0.0011366686052356565,0.039502737188434216,0.0030835693867716433,0.002180069215444597,0.0012431170038960803,0.0019561804430137776,0.0020898849825024784,8.792401213228824E-4,6.77252642696127E-4,0.0014696404736438571,0.0016370635814737396,0.0025850842488800495,0.0040406754175261,0.019260830556383782,1.0,0.0033003642565521633,0.023933929179313,0.0011930182672302697,0.0012015226475112408,0.0023189475414913006,0.012131263344704928,0.001759136165551818,0.0024459375712449004,0.0022772123821777797,3.771770011370435E-4,2.0995731290511128E-4,0.002919808653431303,8.191135645291856E-4,0.0015683110952531335,8.225197361409137E-4,0.0012582317903341027,0.002453138953767847,0.005305335266780125,4.2732431469106566E-4,0.0013772032917731326,5.174358366469431E-4,0.0019530492506871855,0.0033467955737706543,0.0018153191795367836,0.0031362313882225545,0.00194127414401865,0.0063462061792239136,0.0025417923960507297,0.001051793375661473,0.0030381065981778116,0.0025306805797823996,0.002038937107046952,0.004321463943957565,0.005996612609898159,0.005614923101168744,0.003073902505073338],[0.001271229696269434,0.0034887038736222246,0.010672754632831873,0.002757559806860306,0.002504686993353174,0.0012265626194282687,0.005928378249969828,0.0031347882425527256,0.0014024316601257208,5.135533403776892E-4,0.003432640614571667,0.00392040167195794,0.0010120173587794645,0.003253689332007635,0.003805776380981777,0.0018491325898323386,0.0027329268098441753,0.0045284471058632,0.009463406796867671,0.0033003642565521633,1.0,0.029508745718709734,0.003227086165656362,7.879396169198904E-4,0.002328893321819674,0.03533077824859539,0.0022294890701620843,0.0038286342398470186,0.0035165520453614594,0.0013676430942717878,1.562774133016524E-4,8.014586888329582E-4,0.0013254264613013745,0.0026013522679859675,0.003600732073972335,0.0011929937694262608,0.0036448755350594214,0.004391588825758349,0.0024903307060629523,0.0015959830471392207,0.0036244872764004416,0.0010895835107264497,0.012459043623318448,0.0015739728554265287,0.0035409349771136655,0.003913557668300703,0.006073552430192579,0.0029212226585175398,0.0018164176897981165,0.0020126140925030194,0.0015453216102307575,0.0010624036474843025,0.004129543997769525,0.007554914327827822,0.011745392312082261,0.003573731819593289],[0.0034626542889902964,0.03335623116466876,0.03253101191926901,0.015382580497133659,0.031306399921082424,0.015043444240076595,0.03518345280611923,0.015698947666031176,0.017246528425776116,0.011981734666160327,0.030447656354965758,0.012363205321002395,0.023063289499430498,0.011645089777476646,0.026774376695909784,0.0017671399914638063,0.017675490092020865,0.025260629573923388,0.038389257687071444,0.023933929179313,0.029508745718709734,1.0,0.009015437330381373,0.005050833937042771,0.006337405266631822,0.03575485593291202,0.015416377744191972,0.03295013074596264,0.020739604815794444,0.02924996399396313,0.014844226632339558,0.013819853582707056,0.008547850045075859,0.029222072462577006,0.012609399846851716,0.018353643081698567,0.028218157069743007,0.02210580172065197,0.017819632002974563,0.0059171255106531435,0.01056250821335571,0.006953111225727784,0.017409749430719837,0.020283543255070303,0.013737057294861452,0.016172579927199855,0.023937139887221764,0.02984268254215228,0.004868952429718486,0.022853571490541198,0.009109455139184833,0.018853571287612714,0.024731132512761166,0.020485487356687624,0.024468532512212867,0.007067411419101493],[3.12062515456283E-4,2.884193080578785E-4,0.006505601037984672,4.0213144604759357E-4,3.262464314629167E-4,3.9385140641685294E-4,0.034470065353519895,2.255781478728253E-4,3.1668317114460386E-4,2.613457661975533E-4,1.1967770234389325E-4,0.0017733723943250898,3.1705054491656563E-4,2.8088498292186246E-4,1.9131521203067905E-4,2.4352284158091865E-4,9.034331802644572E-4,0.003215512538193762,0.025129252202283448,0.0011930182672302697,0.003227086165656362,0.009015437330381373,1.0,4.569055989095348E-4,0.0019451583801622734,0.03379158438464224,4.8245411117749527E-4,2.0615282564677534E-4,4.3119188554766437E-4,4.173265044931044E-4,3.755173795313155E-4,4.6146345317768996E-5,3.6831020347094577E-4,5.848564670643838E-4,3.00181116279928E-4,8.837526582545136E-4,2.1748219121190939E-4,6.486563914837825E-4,3.76451832388428E-4,4.2530294507759205E-4,3.975890971783233E-4,3.6437807653702444E-4,0.013487593556762411,0.0011085998050846862,4.3577162695277285E-4,8.290712848170932E-4,0.006947942804319003,5.455519522750969E-4,5.752885415965377E-4,4.222907569147455E-5,8.290057788640802E-4,3.1772754922430597E-4,0.0037079608821399975,0.004544222717724966,0.005235750781254982,9.057647823125365E-4],[2.2364114954524607E-4,4.563401207803629E-4,0.009469125541202002,6.738019274261981E-4,2.111764373558934E-4,3.652608535136395E-4,0.02785716547887556,1.796484257247999E-4,1.490273648742039E-4,6.05070865720477E-4,4.457198569686328E-4,0.0011738789073822112,5.980738983736315E-4,2.4080419591087022E-4,4.383689037005661E-4,5.565082410144953E-4,9.994424056560737E-4,0.0035407037881943033,0.02275956236222895,0.0012015226475112408,7.879396169198904E-4,0.005050833937042771,4.569055989095348E-4,1.0,0.0011354882791723068,0.0022498364734571874,6.422700733208352E-4,4.8485806503026086E-4,4.4885747028859685E-4,5.62944691903855E-4,6.762415628173557E-4,1.8439495969454502E-4,5.19197768186982E-4,7.153578069990088E-4,5.233763577935833E-4,9.289392938878462E-4,2.449680300937309E-4,0.010103394483426629,6.310510688883482E-4,7.90893552560255E-4,2.73323494925599E-4,5.829556866427009E-4,0.015023383532834968,0.001100879767653138,5.865217990078824E-4,6.907304825397349E-4,0.006423543346104088,5.828033229934336E-4,6.767596439015703E-4,3.50453543573713E-4,9.097629142206238E-4,6.539168692115412E-4,0.004294667047574268,0.007311870954897357,0.0026217614089116587,0.0020093961445475815],[0.0012899117715761456,0.001731236019643195,0.009843778665308871,0.001632986695699749,0.001722026601191867,3.099488949237527E-4,0.03157336586595321,0.0015404247616869838,0.001641343294769034,0.0016339429334915002,5.230948696751502E-4,0.0020682656337966646,0.0010654522293028256,0.0018688279558485973,7.573916244817196E-4,8.463322262589976E-4,0.0021804312538014864,0.003980495537960536,0.01311866416466306,0.0023189475414913006,0.002328893321819674,0.006337405266631822,0.0019451583801622734,0.0011354882791723068,1.0,0.030516615064683388,0.0015027791952695034,9.6595824933012E-4,0.001443834589165766,2.817713968118653E-4,0.0020644129595904018,0.00127602704156931,0.0011290445905546235,0.001999425086486365,6.393531004784973E-4,0.0021033794679100122,1.729636112976052E-4,0.004068744904331011,1.79670249835471E-4,0.0013729250521362024,0.0018191700843043837,0.002097403328406486,0.004478739938673935,0.002107106961946651,9.345594560941495E-4,0.001871792214092396,0.009863273516200009,0.001708380857127878,0.0012892539413413024,0.0011453172337510446,0.00151919847846859,0.0011429481623348016,0.004021991038020212,0.0035481077055928767,0.0028780720078824553,0.0024630975239847753],[0.03880381126059877,0.03379879186763933,0.020494615313229027,0.032720136495739315,0.03495838010375772,0.038773399404572244,0.06658778065562107,0.007203363927916878,0.004483210704617585,0.0364777443996122,0.0025249082102548072,0.01299433719281355,0.0346258706674425,0.030498591629963826,0.016064841257812275,0.0043679340475089486,0.03617366395620469,0.026968083359424046,0.04,0.012131263344704928,0.03533077824859539,0.03575485593291202,0.03379158438464224,0.0022498364734571874,0.030516615064683388,1.0,0.03516442248046972,0.018351654462273326,0.024617268466754993,0.01183102224291754,0.011318560956613485,0.011837875744671126,0.012454228539507575,0.01036224512599676,3.7312536810963194E-4,0.02887641459695875,0.011967120018298756,0.022399717894618504,0.030517372583667483,0.02451811415708073,0.018200125702228606,0.018302842012907685,0.028660963303112783,0.006122561226702754,0.01956317993895707,0.017920055582163814,0.0383947553793091,0.021198065353783668,0.010656351707339386,0.028036681328863344,0.03339849196075295,0.007276753471229187,0.011606947024719549,0.0191811499767839,0.02090645239174599,0.031000459880220543],[4.991569396035616E-4,4.195055154550577E-4,0.010360139111707722,3.4949212521043476E-4,1.3864419240626016E-4,4.5281912769831853E-4,0.0010688335301737451,1.558067377853368E-4,2.7701800939453845E-4,2.4893053429383163E-4,5.499443698201077E-4,0.0015315399686976617,3.435759202994917E-4,1.1476137139853117E-4,3.5749715015756804E-4,5.311003385944386E-4,0.0014675934032999695,0.0035804419856350703,0.03743791554159336,0.001759136165551818,0.0022294890701620843,0.015416377744191972,4.8245411117749527E-4,6.422700733208352E-4,0.0015027791952695034,0.03516442248046972,1.0,2.642672669735768E-4,4.8545713518868415E-4,3.244364573365599E-4,3.120167570163113E-4,2.173157062002894E-4,5.143374257038451E-4,6.980691249923422E-4,3.388846802565021E-4,6.318868845207245E-4,2.0603711837829478E-4,0.011930374847075924,3.6635586504524096E-4,0.001002048683288553,4.935889075231476E-4,3.985915020355444E-4,0.003721932115028563,9.358309784429021E-4,5.724660440558834E-4,0.0013568820694448104,0.001898406941333098,5.503529462950976E-4,5.804447987409179E-4,4.726948328087521E-5,7.942276593011191E-4,4.603360198896294E-4,0.0035738616324495097,0.008012879734178456,0.002691710982381525,0.0016321961949702201],[1.0133945603771009E-4,1.2487150723552166E-4,0.00879392944340735,2.0692730397817265E-5,1.306291100783605E-4,2.4241817201104825E-4,0.05699001375206943,1.1235674025362953E-4,8.549049197654113E-5,1.936943279541383E-4,1.2217859567324025E-4,0.0017991620758997494,1.2187060266609116E-4,3.4038609267036855E-5,1.0885668169346967E-4,1.336333065494273E-4,0.0014754440619423662,0.0025429318836960343,0.020832789671205134,0.0024459375712449004,0.0038286342398470186,0.03295013074596264,2.0615282564677534E-4,4.8485806503026086E-4,9.6595824933012E-4,0.018351654462273326,2.642672669735768E-4,1.0,3.3671700642628083E-4,1.4126845691424288E-4,1.2995942594094638E-4,4.1370860597818207E-5,1.3178826287163798E-4,4.013990658542138E-4,1.428147241165275E-4,6.343469479588445E-4,1.2224851091562018E-4,0.005114368496829148,1.2134490212164839E-4,0.0010964312464071288,1.2386830064238847E-4,7.359929183373758E-5,0.007839795779200558,7.281969206987033E-4,3.216994961632261E-4,6.357924709329078E-4,0.008566091829910397,1.4293801898848874E-4,1.715820471823668E-4,8.94329511378471E-5,5.9806837924258E-4,1.1864583072030129E-4,9.876602079477883E-4,0.007685748004058381,0.0057504875428109475,0.0017401221200138868],[3.601531609073226E-4,3.698795195398707E-4,0.009995303301653657,1.968385046689582E-4,3.9451890799458843E-4,3.997856906285193E-4,0.04522312552594834,2.4596319831967283E-4,4.0634026063782023E-4,4.3476383389857607E-4,3.879492862908588E-4,9.915867882696978E-4,1.518221347639534E-4,3.9424306028707625E-5,2.076184467707724E-4,3.352061929931654E-4,6.172427731299163E-4,0.004051180019259948,0.01703041259057199,0.0022772123821777797,0.0035165520453614594,0.020739604815794444,4.3119188554766437E-4,4.4885747028859685E-4,0.001443834589165766,0.024617268466754993,4.8545713518868415E-4,3.3671700642628083E-4,1.0,2.551852783560195E-4,1.671183287826916E-4,2.957432929382874E-4,4.254091301616718E-4,5.680438433772019E-4,2.7270198841871176E-4,5.07788924444961E-4,3.400536566721165E-4,0.004176792524786459,2.2950381651243805E-4,6.99766311000804E-4,2.5224932541290654E-4,4.240631609348402E-4,0.007585843051869076,9.099833437467913E-4,4.8294925044671826E-4,0.0013074087938407066,0.007782228737510134,5.027658722073692E-4,5.421389901056762E-4,3.0874377102671166E-4,8.877772737499736E-4,2.9565491771428625E-4,0.0013965747563465772,0.0015524795449121597,0.010393391850151534,6.947057216993477E-4],[1.6093452984679243E-5,1.4239397478165447E-4,0.01154934866038553,3.8648650373416065E-5,1.373384271747033E-4,1.5330840812920556E-4,0.049955065852800774,8.642991423378298E-5,4.884773947961555E-5,2.0619305622673623E-4,1.2433620693882446E-4,0.0018051562351762973,1.2656953445972844E-4,9.277520208217629E-5,1.0744501573248136E-4,1.5100811043175164E-4,0.0015386364763068975,0.005972397650298563,0.015559061808643576,3.771770011370435E-4,0.0013676430942717878,0.02924996399396313,4.173265044931044E-4,5.62944691903855E-4,2.817713968118653E-4,0.01183102224291754,3.244364573365599E-4,1.4126845691424288E-4,2.551852783560195E-4,1.0,1.5044771994624767E-4,3.620250141231464E-5,1.5124285916453067E-4,3.583919790092632E-4,2.0502511803000987E-4,7.254140249476003E-4,1.3045136779425974E-4,5.580665271691509E-4,1.3496807934553601E-4,7.925552633071395E-4,1.4113951699004542E-4,6.693879207455711E-5,0.009741315469499337,9.55939764707299E-4,2.7317269231534505E-4,8.840338732274845E-4,0.0045446317219719375,5.221245937791128E-4,5.449857681607083E-4,4.791737119526747E-5,9.591169464038284E-4,1.269247153064331E-4,3.990270587174142E-4,0.0035920363841433953,0.007339610905686643,0.0020475492899333287],[6.860361663176931E-5,1.4023322565947198E-4,0.010373236953249881,1.4199223747721E-4,1.4450633424594727E-4,2.1731454467271218E-4,0.04027389476817417,1.3233651005376635E-4,8.377263868144238E-5,2.071209151591574E-4,1.2475687098431907E-4,0.0014137425052235392,1.2476672542741581E-4,9.36696283311078E-5,1.329117266391457E-4,1.5316570728007368E-4,6.74829553144987E-4,0.004426968402819827,0.031924406973604776,2.0995731290511128E-4,1.562774133016524E-4,0.014844226632339558,3.755173795313155E-4,6.762415628173557E-4,0.0020644129595904018,0.011318560956613485,3.120167570163113E-4,1.2995942594094638E-4,1.671183287826916E-4,1.5044771994624767E-4,1.0,4.2969542302758514E-5,1.5273403009664492E-4,2.335216510903702E-4,1.5645794118786623E-4,2.1768316252930497E-4,1.1488550527811908E-4,0.007482527544604387,1.3353852391918898E-4,0.0010958238400512535,1.50141080668176E-4,9.221007085766635E-5,0.012632771147132868,5.511593984362786E-4,3.7420242930089227E-4,2.562645259983011E-4,0.004034224524200807,2.3123181904334767E-4,2.829172858498773E-4,3.0332177114535617E-5,8.189004950446426E-4,1.3824942025935554E-4,0.0017262404576681315,9.121357881213194E-4,0.0065308951850711035,0.002004253903943263],[2.560834245985615E-5,2.9020401645181147E-5,0.0019416540655231085,1.567866879921399E-5,2.7417021487583362E-5,9.917030017287762E-5,0.01182814122876031,2.7334962412203696E-5,3.681304447934096E-5,1.6915495068870937E-4,8.566076177098134E-5,8.716140816510934E-4,1.1132684511011534E-4,2.5282435784428914E-5,8.445692897380552E-5,1.2108929798894087E-4,9.331413572219427E-4,0.0018312314901916223,0.0158269504222502,0.002919808653431303,8.014586888329582E-4,0.013819853582707056,4.6146345317768996E-5,1.8439495969454502E-4,0.00127602704156931,0.011837875744671126,2.173157062002894E-4,4.1370860597818207E-5,2.957432929382874E-4,3.620250141231464E-5,4.2969542302758514E-5,1.0,7.521030308072227E-5,4.8761726889627905E-5,1.5884644556631697E-4,4.0785977408713483E-4,9.638577637814524E-5,0.007643185585285722,7.563082087379844E-5,4.467602317038796E-4,1.2729934880924648E-4,2.9147774760523888E-5,0.006250403321972246,3.411322745218009E-4,2.9706063560319E-4,0.0014560194348775086,0.0026668281477690487,5.657598483573532E-5,1.7068438147204915E-4,1.5052963879370422E-5,9.097501677093688E-4,4.813592871792602E-5,3.354539475606948E-4,0.00263272462546395,6.108804278473933E-4,0.0013805472288604054],[6.44755702164157E-5,1.4069674253902898E-4,0.007076287527516618,4.3573316160413236E-5,1.495682202201314E-4,1.5546642844114142E-4,0.04280044261711275,1.398178872142178E-4,1.2571060429843078E-4,1.8850275974447643E-4,1.313368617849054E-4,0.0012364883497458959,1.1626823893883911E-4,7.169778056712885E-5,1.2736616237397214E-4,1.5287240165707478E-4,0.0015109932041096413,0.004906696235151825,0.03552751003344655,8.191135645291856E-4,0.0013254264613013745,0.008547850045075859,3.6831020347094577E-4,5.19197768186982E-4,0.0011290445905546235,0.012454228539507575,5.143374257038451E-4,1.3178826287163798E-4,4.254091301616718E-4,1.5124285916453067E-4,1.5273403009664492E-4,7.521030308072227E-5,1.0,7.137386628178777E-4,1.6765414778511096E-4,5.528650553433792E-4,1.3817193436770281E-4,0.003153637086136336,1.2026871453882377E-4,3.913152499434964E-4,1.4988095359529268E-4,8.446520073520627E-5,0.013414564880012981,5.975134543206773E-4,1.6641211096675762E-4,0.0014283999305519917,0.008563794838252725,5.133178113777792E-4,5.02291484151882E-4,1.2667607808361996E-4,3.783680954992556E-4,1.2590943912094195E-4,3.1161314012720533E-4,0.006657570962016118,0.006340707281956178,0.0013711072495526018],[6.601065015335715E-4,2.517711251170605E-4,0.011239677013840987,1.3575639669840784E-5,4.436310118591574E-4,4.0532812603767763E-4,0.046701237541678514,5.866856411557825E-4,2.9893131647238075E-4,4.911363725869909E-4,7.362563774760576E-4,0.00169535197160476,6.355868411577029E-4,2.0654363605751382E-4,4.282516805230104E-4,1.932452718186452E-4,0.0010781266396731088,0.006074223669579732,0.019581262517867796,0.0015683110952531335,0.0026013522679859675,0.029222072462577006,5.848564670643838E-4,7.153578069990088E-4,0.001999425086486365,0.01036224512599676,6.980691249923422E-4,4.013990658542138E-4,5.680438433772019E-4,3.583919790092632E-4,2.335216510903702E-4,4.8761726889627905E-5,7.137386628178777E-4,1.0,3.324589734164864E-4,7.388351980066028E-4,3.139229775356904E-4,0.003761382277873739,5.978159312738859E-4,8.997647285093223E-4,7.38445180364616E-4,6.621309890211915E-4,0.006610390036868655,0.001069006062727796,6.409865908970755E-4,0.001444650989515331,0.0022107129590885222,6.489580081752301E-4,7.207874667604938E-4,1.2366111401090055E-4,9.442188060741759E-4,3.2216092463858607E-4,0.002357956208277485,0.0030633428417604974,0.0016777224833824818,9.767619224010098E-4],[1.6334353862432598E-5,2.0748534396183586E-4,0.0017249320914687893,1.0014074414029981E-4,1.7611623674714902E-4,2.4780663270687115E