[[1.0,7.024254264603554E-4,4.605197899225469E-4,1.6065669953122502E-5,1.4201517785276214E-4,0.003570982454111221,4.509943299880809E-4,1.2892740612460868E-5,0.0014303260186883046,4.0559460740042223E-4,0.007263482524836194,2.31768201961104E-5,0.0015775954251225233,1.18990685812781E-5,1.4052182061568587E-5,2.1507790746016554E-5,1.384421992530513E-5,1.2314186838106231E-5,9.448673131337181E-4,0.0037546727276081583,1.5735292530770137E-4,0.04914133365095462,0.006939173317940559,0.003173716942488868,0.002244232557855567,5.780801701092279E-4,1.4272329607778352E-5,1.3135887120665628E-4,1.2769032270733067E-5,9.074771430119901E-4,4.9925734345090725E-5,9.100915242333634E-4,0.0030367405604125545,5.19013081738026E-4,2.598990488973461E-4,9.431201329448013E-5,0.0011265523797568096,1.5781177729647877E-5,1.2949305723223942E-5,2.4580723337132407E-4,2.450218203480366E-4,9.335068449654722E-5,1.0285223404643642E-4,0.0018958550487970301,0.010015677038124957,5.672140468635943E-4,8.572675852348226E-5,1.1047757755424906E-4,0.0010648539186892429,1.235897031761122E-5,0.0020319265463434213,1.9831698963070673E-4,0.0014372019370576725,1.2479847231373684E-5,0.003985847314159381,1.7095752174316414E-4,1.1710221216223087E-5],[7.024254264603554E-4,1.0,0.0013706870810630172,3.790721381762285E-4,0.0013103591087237246,0.0024037947135399614,0.0015988519653637168,7.174250809774325E-4,0.0025094947003289104,0.0015279207511869198,0.004667935109147054,0.0010045972291182989,0.001551559731667354,4.8677418122815985E-4,0.001239622914944954,3.503567467861378E-4,1.3072590211790137E-4,0.0011964174718774386,0.0014452477269035105,0.005052122658878083,0.001457871808490363,0.0356213142613571,0.003400338308625684,0.00293146864867168,0.002077030951464473,0.004748231127834329,1.0898135816480995E-4,0.0014380252497514635,3.393142953241327E-4,0.0012140484550941324,9.204273439141948E-4,0.0015905927794098494,0.0014969278653518396,8.64256992776231E-4,7.566290547179667E-4,0.001022432205554631,0.002096287727056052,0.001318206402668518,1.9139912815417645E-4,0.0013738767951941397,0.0013416632471050776,0.0010750388813133664,6.543807186975652E-4,0.0049605394128711885,0.005435021723801118,0.0013898475741199083,0.0013827569809881928,7.411463249038471E-4,0.0017857235926239277,0.0010999614179130518,0.0037739868986143774,0.0012518807310961527,0.0021279201684468165,7.663946897220012E-4,0.03030295837808364,9.983306186634455E-4,6.612161587486096E-5],[4.605197899225469E-4,0.0013706870810630172,1.0,1.872871992096031E-4,0.0010277741586826828,0.005207599479185071,0.0013642420778384795,4.849581249486868E-4,0.0012051249282526082,0.0012441217023007663,0.001845912484322016,5.259295567145217E-4,0.0012285766214431926,9.900498086379856E-4,2.0565591348254333E-4,2.5394088210506274E-4,5.346427456153382E-4,0.0010221702410218106,0.001339337761111859,0.004264334364987594,0.0013566592731792302,0.04346686346873647,0.010537037892055439,0.005480560048788164,0.0025259519475994458,0.00594831166506559,9.397345687196242E-4,0.0014370190466375455,5.967491182025433E-4,0.001199049240983017,4.291797123623746E-4,0.0014059481820005754,0.0031768919566156637,8.76458851324213E-4,3.551321589148162E-4,4.417625381079409E-4,0.001416850910943068,5.962055103063337E-4,0.0010543350162783836,3.8303621166094404E-4,5.78545149611553E-4,6.356551432369051E-4,8.564440713971686E-4,0.00922054338981883,0.005399230829205983,0.0013286189018983084,4.576217868204503E-4,9.592879508081968E-4,0.007694865343472204,3.978062089475331E-4,0.001754194081649754,3.4783955338929453E-4,0.0015524214382253195,3.4433313869565836E-4,0.009148159634027915,6.717799725150846E-4,2.3335588303529886E-4],[1.6065669953122502E-5,3.790721381762285E-4,1.872871992096031E-4,1.0,1.5878515225951575E-4,0.0018085992118054175,1.2741344992647227E-4,1.911033327930822E-5,8.893852337681236E-4,0.0012752861790425525,0.006750885062317914,4.267059786707071E-5,0.0011246770503086315,5.0610067768932317E-5,3.15321169392189E-5,6.234362215199339E-5,4.843121510928495E-5,3.407495386885993E-5,4.3461790564587014E-4,0.006992289399717724,0.00149249598096449,0.02621194910098058,0.010638550792379948,0.003273704755924663,7.873684487204796E-4,0.004906423397741627,3.969114086348404E-5,0.0013769076951368488,2.7544851064066E-5,1.4794153053916632E-4,1.2703783601303314E-4,0.0013587518388489515,0.002235273175928606,3.82067825992024E-4,1.9846245553130286E-4,1.2487468919921655E-4,0.0018195387135689146,5.649372104249614E-5,4.214715778736645E-5,2.370997910076497E-4,4.253895276137728E-4,7.624665423260386E-5,3.8208774358929477E-4,0.009200173328850715,0.014099527378452218,2.7102653567637555E-4,8.627669442726868E-5,1.0025053326943738E-4,0.00445796231559296,8.737101981312324E-5,0.004043662168598036,2.571557889153647E-4,4.572886620349175E-4,6.994804837871473E-5,0.024763532361856504,4.7748713747746617E-4,5.6496993105014723E-5],[1.4201517785276214E-4,0.0013103591087237246,0.0010277741586826828,1.5878515225951575E-4,1.0,0.004524902770415574,0.0012674429913375998,1.340707550513067E-4,0.002109038306982391,4.340954518743012E-4,0.003020489566565133,1.0920858696962872E-4,9.097028388603892E-4,2.529232317978441E-5,1.626473650064537E-4,1.3428183184772925E-4,1.6908049993048927E-5,1.3399841469920287E-4,0.0013175298914574383,0.009352765569169058,6.283078958864407E-4,0.03472560095743453,0.012155531244008725,0.0038294102905335405,0.0019417871811749597,0.005902082111698681,8.956850454358524E-5,0.0011014651216768592,4.678411523737331E-5,9.739605171233699E-4,1.4934087448744554E-4,9.993240547051083E-4,0.0028229373153202935,2.2871709979441093E-4,2.905606638418551E-4,1.2903727587573415E-4,8.173410287138425E-4,3.829521810513378E-5,3.4779694111640696E-5,2.035844704696091E-4,2.2936576287045917E-4,1.787974506846495E-4,2.461066589276306E-4,0.010746729173129795,0.011723664768444098,6.807329987113517E-4,1.4632655766521986E-4,2.9303173124969125E-4,0.009297645899118391,1.3879041987847028E-4,0.0019360048749948637,2.1006414531452152E-4,0.0030729122485892973,1.4961167720652712E-4,0.016398240318438544,5.267729173143888E-4,1.792566301887729E-5],[0.003570982454111221,0.0024037947135399614,0.005207599479185071,0.0018085992118054175,0.004524902770415574,1.0,0.0018987440500271974,0.005809121042764499,0.005760889967587663,0.0021815895439257654,0.007766707803392897,0.0011176626196758215,0.0040241617404527495,0.004728430967317437,0.0026137738753395363,0.00276168787488935,0.0023592566620292063,0.0034871234394082077,0.0052866244399457675,0.007817072803094488,0.002680463077455354,0.05383004700688995,0.008940787359614578,0.0059881939754290615,0.004677378941677211,0.006647433334134391,8.524595624237632E-4,0.003491048888576702,4.1621888617390026E-4,0.004970385659188623,0.0030917700770606224,0.003190418546942384,0.004249262507662775,0.0014109714925305418,0.005163354030784804,0.005117499398648749,0.004812341197519479,0.0016698103309090084,4.916645734682569E-4,0.004775536093093565,0.005383941036565531,0.0011583735916868368,0.004705718720848353,0.010890129575421575,0.016636058721061817,0.0030176301338002273,0.001958477477780956,0.005098973323964866,0.007111556693621,0.001501084643554167,0.0057144329347723725,0.002812898743879296,0.005079491446953126,8.599203236116695E-4,0.007506711215925301,0.0011307014719949752,0.0014843231802799312],[4.509943299880809E-4,0.0015988519653637168,0.0013642420778384795,1.2741344992647227E-4,0.0012674429913375998,0.0018987440500271974,1.0,0.001077388500548414,0.002360380104613871,0.0016073109775888916,0.007614310595967795,0.0010257651954855736,0.0018564227014264412,5.497476010685492E-4,4.845305617733048E-4,7.988696642657946E-4,2.801398072235474E-4,0.0011774353263628453,0.0018441561658664469,0.0018846612640554192,0.001625561149963241,0.047425219039395894,0.0035875397723431597,0.0048676928690433215,0.002586468678478091,0.004281546951005056,7.386605925672535E-4,0.0016723318518377986,2.8721065601384176E-4,0.0016781263307699662,4.2049928546131665E-4,0.0018225276268108166,0.0025937637256368434,8.659635147290459E-4,0.001161711460127733,0.0016868505501098177,0.002104742836261984,0.001384509737426286,0.0017687650993792358,0.001727910251891456,0.0014385619533080103,0.0016700987867545344,4.903272445633026E-4,0.005982182702962956,0.013191798469516649,0.001831493981879559,0.0018093360906768156,4.608930228110158E-4,0.008174035645336492,2.3884897371771675E-4,0.003043758467878887,0.001242982428765771,0.002607077524817129,0.0018086188917519443,0.016886140741346638,0.0010417397471231184,0.0017878992937306753],[1.2892740612460868E-5,7.174250809774325E-4,4.849581249486868E-4,1.911033327930822E-5,1.340707550513067E-4,0.005809121042764499,0.001077388500548414,1.0,0.0023344834417592377,0.0011803694593783417,0.0038700747009322977,2.0426408926667617E-5,9.065930434061586E-4,1.7196537547474062E-5,1.9988281581209212E-5,2.478576115308151E-5,1.5478178303868733E-5,1.4611040925622679E-5,0.0011392643068420842,0.00881513302183193,0.001585403198639788,0.026156939305471912,0.0034102145759902164,1.428417788627652E-4,0.002286015958267237,2.3780089164555644E-4,1.979567183890278E-5,8.823968872779702E-4,1.4339654650931818E-5,7.613040642697982E-4,4.525139534611356E-5,3.8532164025222954E-4,0.0019845997594668888,1.2058284956986364E-4,1.1935088782432656E-4,1.1143328130833793E-4,0.0023898829961323583,2.224521655650008E-5,1.782277628845487E-5,8.29107855404716E-5,4.126592608637498E-5,1.0896831974284744E-4,3.1065984297185884E-4,0.0029124708643533887,0.004376916535619325,4.465360540349737E-5,8.300978839995069E-5,1.3828756845975145E-4,0.009308843642556634,9.925956157829056E-5,0.0041680156844809075,1.218140033801325E-4,0.001468494574625127,6.864368286079859E-5,0.004415111627182246,3.602089219431809E-4,1.7121584503621892E-5],[0.0014303260186883046,0.0025094947003289104,0.0012051249282526082,8.893852337681236E-4,0.002109038306982391,0.005760889967587663,0.002360380104613871,0.0023344834417592377,1.0,0.0025644348999591393,0.006375997713101023,0.0027772518759398047,0.0026768471257123958,0.002333789276515201,0.0024473455944091335,0.001008103126514392,0.002328700223529998,0.0018723019208180544,0.0022119955670904206,0.006136897634951689,0.002521295155673422,0.04599614738339152,0.012829498412997506,0.006349722804490032,0.0027601730050507904,0.0038095906364340793,8.448961457518463E-4,0.0021708927013094946,0.0013756194610002838,0.0027250871796399533,0.0025090361029020208,0.002734019921086155,0.0029441492598910432,0.00215960514772564,0.002266200659839906,0.001736051210788668,0.0025450820325713633,0.002388228279993081,4.24809851131912E-4,0.0016948281455726561,0.001648369537464599,0.002725150226335505,4.3765853281807965E-4,0.00823990836868339,0.012270023976184949,0.001777417965163989,0.002436890986974923,3.7780057552409997E-4,0.007573119831309438,0.002449696181268824,0.0028735201555380972,0.001490916472321165,0.0032838611477597848,5.946227852485069E-4,0.029115760927333582,0.0027563921185172766,0.0016982622007466618],[4.0559460740042223E-4,0.0015279207511869198,0.0012441217023007663,0.0012752861790425525,4.340954518743012E-4,0.0021815895439257654,0.0016073109775888916,0.0011803694593783417,0.0025644348999591393,1.0,0.006423943425196421,7.986566811789218E-4,0.0018509315551063481,3.978980845186605E-4,8.881244055075799E-4,0.0013447198514965708,9.257156850402623E-4,3.50775850709367E-4,0.0015175983651198458,0.0019492591166140587,0.0015678771756654543,0.013853096319800638,0.0034133250844076493,0.003665672129118095,0.001957236022584789,0.006141378011526541,9.728821860104783E-4,0.0015348094328177472,9.663352956850843E-4,0.001430565712817422,8.882072947846456E-4,0.0016288270922094057,0.00302129459909967,6.865870244909986E-4,0.0012450286026329438,0.0014844335545707006,0.002222052265884819,0.0012929572763754004,4.892239258998762E-4,0.0014549997731893578,8.181351685809244E-4,3.876643075530129E-4,0.001116577753850834,0.007148569871343019,0.004831625939527566,0.0014209124936423886,0.001235419609134946,7.106059560820534E-4,0.009308050383104585,5.455625388379496E-4,0.0031854095442928037,4.96565143480507E-4,0.0027640397161558415,7.272735879471883E-4,0.021578768692630465,5.72913905681884E-4,7.024439784976577E-5],[0.007263482524836194,0.004667935109147054,0.001845912484322016,0.006750885062317914,0.003020489566565133,0.007766707803392897,0.007614310595967795,0.0038700747009322977,0.006375997713101023,0.006423943425196421,1.0,0.00670241458988709,0.00394506202683362,3.5005684144673305E-4,0.007012358194868234,6.7470589445552E-4,6.526521330735878E-4,0.0018164686306210908,0.006681728838175364,0.008478779517665649,0.00454646187133389,0.044411369112761084,0.013013421097506646,0.0067688273606172815,0.0034213792087390096,0.0076144860930410195,8.063407605757513E-4,0.003639473785714313,0.006077834980040052,0.0037556476310846767,0.0021134795070609806,0.005138859153380379,0.00542011542143761,0.0021767894431863172,0.00673393857411471,0.0046992617676024605,0.004540153039017801,0.0013974113613187328,0.006165542007538407,0.004708219194449639,0.0023624902562398116,0.002257181499298149,0.002603940520931531,0.008580273334951592,0.01184753674937667,0.006738509561098844,0.006119873309452691,0.005807599771352341,0.00877468061963158,0.004207394964705261,0.007697639802519126,0.0029134247001821167,0.006139188525595694,0.0020010201645028493,0.02615264589690479,0.007201203552220504,0.0031356384365442505],[2.31768201961104E-5,0.0010045972291182989,5.259295567145217E-4,4.267059786707071E-5,1.0920858696962872E-4,0.0011176626196758215,0.0010257651954855736,2.0426408926667617E-5,0.0027772518759398047,7.986566811789218E-4,0.00670241458988709,1.0,5.147725869019788E-4,1.5617455875584074E-5,3.460302811990175E-5,2.8646195252771928E-5,2.9852101610362456E-5,1.7822483432174412E-5,7.581065922264652E-4,0.009494433417343585,2.423144959558107E-4,0.05355369810532364,0.001945575028891803,8.869734871443432E-5,0.0026549962988810013,0.004234082242962229,3.4647816200648615E-5,2.2766610886523926E-4,2.0365842435597998E-5,6.641560329685513E-4,8.158620812123002E-5,8.287881782778191E-4,0.0023397433105538986,1.3487284679711037E-4,1.0834551442804688E-4,7.885304894907243E-5,4.5827647837695255E-4,3.0041120506178877E-5,3.15264535151324E-5,2.9961457178590223E-4,2.4056755816780642E-4,1.2469244751477288E-4,3.1749036989184683E-4,9.288117792837642E-4,0.011694134804960434,0.001355521275376273,4.0165664776035685E-5,2.3294960414032412E-4,0.007914270503390544,8.738606729192525E-5,0.002871345502277897,1.9695671110786994E-4,7.641515567133982E-4,6.462818414961871E-5,0.0029781599528422432,2.473869244624309E-4,1.615018610812796E-5],[0.0015775954251225233,0.001551559731667354,0.0012285766214431926,0.0011246770503086315,9.097028388603892E-4,0.0040241617404527495,0.0018564227014264412,9.065930434061586E-4,0.0026768471257123958,0.0018509315551063481,0.00394506202683362,5.147725869019788E-4,1.0,1.0042015181167942E-4,9.66651661329295E-4,0.0014427485157284005,2.2509467270695924E-4,0.0018542920135584174,0.0018603224806067616,0.0020385146897332566,0.0017889439826609436,0.006498643741125875,0.002335793851710602,0.004914246818760229,0.0024156085111450257,0.004616749192851208,0.0011957850390407322,0.001715047489895334,0.0018753792686088744,0.001861863831865844,0.0014619473384283037,0.0017578352964480735,0.003278033940153174,6.676686035770572E-4,8.004007222236775E-4,0.0016789886345905487,0.002247364053539533,0.0014587457909539668,0.0019090520888869686,5.924725790882513E-4,0.0018419332551417615,0.0012942059405148985,0.0011769247305410161,0.007756788223712768,0.012391990221781694,0.0014123912537740426,8.536420844734325E-4,0.0014366518311531293,0.006208838263281545,0.0018209308244612162,0.0034338137415302083,0.0013350405701604273,0.002468955493366712,9.185956780532293E-4,0.025824417666668063,0.0014380413824104912,0.0017730723884454667],[1.18990685812781E-5,4.8677418122815985E-4,9.900498086379856E-4,5.0610067768932317E-5,2.529232317978441E-5,0.004728430967317437,5.497476010685492E-4,1.7196537547474062E-5,0.002333789276515201,3.978980845186605E-4,3.5005684144673305E-4,1.5617455875584074E-5,1.0042015181167942E-4,1.0,1.7137282934141592E-5,2.0775881120453323E-5,1.3232906587358775E-5,1.2271879685243913E-5,5.794511496698117E-4,0.0051695402599783065,5.677837687277639E-4,0.04841979902230068,0.004575394806440425,3.088642491723598E-4,0.0020738656506725283,0.005075928483761025,1.4760143986197998E-5,0.0010903460941838578,1.343204077299284E-5,0.0011551102187744762,3.255387991668301E-5,6.23379443020322E-5,0.0033176054712653635,6.478199508949343E-5,1.8337020098897167E-4,6.790987316843586E-5,0.0023139459338427726,2.687820724630408E-5,1.2651757810043092E-5,2.877283220773666E-4,1.2452914346993438E-4,7.146161805939462E-5,1.7666604779155182E-4,0.0029173703584655037,0.013850051155262891,4.177652811684699E-4,3.149866283875728E-5,2.013070927230155E-4,0.0073542891753992645,4.760662238533486E-5,0.003926509578736711,3.968398803355275E-5,0.0010692528943054924,3.168734607558055E-5,0.025521800101155186,4.424721348153912E-4,1.2123389683969928E-5],[1.4052182061568587E-5,0.001239622914944954,2.0565591348254333E-4,3.15321169392189E-5,1.626473650064537E-4,0.0026137738753395363,4.845305617733048E-4,1.9988281581209212E-5,0.0024473455944091335,8.881244055075799E-4,0.007012358194868234,3.460302811990175E-5,9.66651661329295E-4,1.7137282934141592E-5,1.0,2.4924194011808718E-5,1.5745551541762923E-5,1.994411868050934E-5,3.2498416971341927E-4,8.203592442961093E-4,0.0014817459787451943,0.003321356437874264,0.006387802836081512,0.005103686005720111,4.302952222136577E-4,0.001289673816068387,2.0300001781431023E-5,3.453662886326865E-4,1.927978244259977E-5,7.863419198794633E-4,7.010237025863875E-5,7.881518884026755E-4,0.0018960940669691942,5.53519353424272E-4,2.6663384489576523E-4,9.324808793317897E-5,6.056466958319471E-4,2.2678653966017927E-5,1.6209461575126357E-5,6.507428417856708E-5,6.799814855701109E-5,1.6196613000867696E-4,1.2972299594096414E-4,0.010386663584570105,0.014948598446875109,4.167738551597909E-4,1.0609636929633503E-4,3.382505483672744E-4,0.00543353822525731,9.186911901641403E-5,0.002332619867020691,1.8388426853399394E-4,5.33055804793579E-4,2.440690975043164E-5,0.010226013364078206,4.043516795628091E-4,1.2740813710176484E-5],[2.1507790746016554E-5,3.503567467861378E-4,2.5394088210506274E-4,6.234362215199339E-5,1.3428183184772925E-4,0.00276168787488935,7.988696642657946E-4,2.478576115308151E-5,0.001008103126514392,0.0013447198514965708,6.7470589445552E-4,2.8646195252771928E-5,0.0014427485157284005,2.0775881120453323E-5,2.4924194011808718E-5,1.0,2.2654905138589734E-5,1.716424734391879E-5,8.665986658561493E-4,6.752444905255223E-4,0.0013877307768576468,0.024824570082976442,0.0025320572485578946,0.004702594846008917,0.0015969101203970359,0.005968791606326681,2.0530900463455043E-5,1.9592257448776564E-4,1.7349696715393863E-5,5.32774268914637E-4,8.557626809923176E-5,0.001465587700307431,0.0029810964031952007,2.994268279173978E-4,1.0688313767691936E-4,4.657905622658012E-5,3.1580329260422505E-4,2.6490590538327947E-5,2.029675516070063E-5,5.418668806118385E-5,1.3085394553164436E-4,1.1565956456381732E-4,1.1596775592605722E-4,0.001306100070906425,0.0044305654404163215,6.58611281860003E-4,5.861825000917731E-5,2.4436547843906443E-4,0.0016804186429431242,1.1651942204734935E-4,0.004089187986016773,5.1734388699884254E-5,0.0017960304278806963,6.795132808600139E-5,0.001974460585294425,4.1610526067041586E-4,2.0574267989184395E-5],[1.384421992530513E-5,1.3072590211790137E-4,5.346427456153382E-4,4.843121510928495E-5,1.6908049993048927E-5,0.0023592566620292063,2.801398072235474E-4,1.5478178303868733E-5,0.002328700223529998,9.257156850402623E-4,6.526521330735878E-4,2.9852101610362456E-5,2.2509467270695924E-4,1.3232906587358775E-5,1.5745551541762923E-5,2.2654905138589734E-5,1.0,1.5078289985957073E-5,2.1653863585321498E-4,0.008742296946695977,7.307050353838409E-4,0.04022064685446469,0.00900299336456779,0.00314469385630619,7.806425711942753E-4,0.0018372686101657196,1.9386564481034727E-5,5.789227228101222E-4,1.424640109423851E-5,2.2823311963415902E-4,9.467055619134282E-5,7.26717865339006E-4,0.003252061671511418,1.9865781770281237E-4,6.666953045360177E-5,7.942363273711553E-5,7.628029319205029E-4,2.7726782670157673E-5,1.3697531804342106E-5,3.3606817648809586E-4,3.582922788250932E-4,1.514848891161802E-4,3.084763481566846E-4,0.005798019848455451,0.008573733694615079,8.033973366064087E-4,6.872514023665446E-5,3.0746366694446836E-4,0.002929063126096327,8.156903254959924E-5,0.0014452187894619304,3.634814336657296E-5,0.0028863742028649047,2.1002172001656248E-5,0.022476875509840816,4.41696560078581E-4,1.2412253592354736E-5],[1.2314186838106231E-5,0.0011964174718774386,0.0010221702410218106,3.407495386885993E-5,1.3399841469920287E-4,0.0034871234394082077,0.0011774353263628453,1.4611040925622679E-5,0.0018723019208180544,3.50775850709367E-4,0.0018164686306210908,1.7822483432174412E-5,0.0018542920135584174,1.2271879685243913E-5,1.994411868050934E-5,1.716424734391879E-5,1.5078289985957073E-5,1.0,7.187687651950717E-4,0.009773501567933926,0.001192945743832674,0.057108527414758754,0.011343971788234881,0.004194905533032691,8.601965499467381E-4,0.004720509368423811,1.6631743390076144E-5,0.001426825226597096,1.3471565233967115E-5,6.361374943369294E-4,8.727595808361566E-5,6.577773659030287E-4,0.0013449329903358885,5.522478179333637E-4,8.224482657020487E-5,4.800472997391313E-5,9.457017770461232E-5,1.691676665978813E-5,1.2976015390727437E-5,1.429698934562523E-4,2.8438943173711613E-4,1.0388480098788444E-4,3.237470551079718E-4,0.014382818556899322,0.010378415180058723,7.986712958913525E-5,3.840827261557804E-5,9.803250841812245E-5,0.006980332224963413,4.763253450526605E-5,5.651049732668916E-4,4.422240631283552E-5,6.28317018962389E-4,4.3677129654451206E-5,0.02860151720570045,2.0882358857757247E-4,1.295492698905841E-5],[9.448673131337181E-4,0.0014452477269035105,0.001339337761111859,4.3461790564587014E-4,0.0013175298914574383,0.0052866244399457675,0.0018441561658664469,0.0011392643068420842,0.0022119955670904206,0.0015175983651198458,0.006681728838175364,7.581065922264652E-4,0.0018603224806067616,5.794511496698117E-4,3.2498416971341927E-4,8.665986658561493E-4,2.1653863585321498E-4,7.187687651950717E-4,1.0,0.0022043201884582803,0.00150128786879884,0.028081936424096735,0.008187853539549726,0.0024843060079604243,0.0025342149053331495,0.0053025690726703325,4.1554700804435755E-4,0.0014417976221327779,3.0296156083462465E-4,0.0014458662543810335,0.0012438556024164868,0.0015909698110246164,0.002726382608368139,0.001117825603781011,3.804161146611191E-4,4.230631540845664E-4,0.0015063328557191442,0.0011533825176745934,0.001374226556832741,0.0011288011535354214,0.0014500994081420556,2.6194672373111235E-4,0.0012464722036829117,0.013389558682895356,0.003183892504355544,0.0014065139077194947,8.245682037393229E-4,7.745150612949595E-4,0.0047278481964997225,7.798684600202358E-4,0.0030498777864540003,0.0011814455119814058,0.002100130703428331,5.611734770284239E-4,0.030498746296568287,7.08643656667315E-4,8.432051403910483E-4],[0.0037546727276081583,0.005052122658878083,0.004264334364987594,0.006992289399717724,0.009352765569169058,0.007817072803094488,0.0018846612640554192,0.00881513302183193,0.006136897634951689,0.0019492591166140587,0.008478779517665649,0.009494433417343585,0.0020385146897332566,0.0051695402599783065,8.203592442961093E-4,6.752444905255223E-4,0.008742296946695977,0.009773501567933926,0.0022043201884582803,1.0,0.0074628252114318444,0.03280300497027454,0.013221189102921988,0.008955478017052158,0.0035295402411837204,0.009151321734480388,0.007783956950015499,0.002787073456646083,0.002629860654742123,0.005418824241474171,0.003140795030625919,0.008798245691530118,0.006534702554720174,0.00569107586676338,0.0012384838177052844,0.00894013669874153,0.00781484878728106,0.0028619984086314604,0.00657485077156504,0.004334777330756314,0.00508441965566489,2.1870284588448985E-4,0.007584559659340634,0.012854332710759473,0.01659489017510044,0.008471899039757716,0.0016153119489547719,0.004902279198890146,0.009499151006842718,0.009569030795053543,0.008329307979657835,0.0015389855740286101,0.005442286339495117,0.006495775340801227,0.026048023860480538,0.0018763685830818708,0.005386403028260649],[1.5735292530770137E-4,0.001457871808490363,0.0013566592731792302,0.00149249598096449,6.283078958864407E-4,0.002680463077455354,0.001625561149963241,0.001585403198639788,0.002521295155673422,0.0015678771756654543,0.00454646187133389,2.423144959558107E-4,0.0017889439826609436,5.677837687277639E-4,0.0014817459787451943,0.0013877307768576468,7.307050353838409E-4,0.001192945743832674,0.00150128786879884,0.0074628252114318444,1.0,0.029933733637794883,0.0057876278031159765,0.006412984363456964,0.0020010711962754934,0.003351095153999783,4.792158152660484E-5,0.0015853023436132583,0.0014261277113156031,0.0014286831988308414,4.36241574399167E-4,0.0016257566181891677,0.00259024717688799,9.676901447602708E-4,0.0011504124608161276,8.062765477458462E-4,0.0018394500535730619,0.0015378824104957604,8.384122015718662E-4,5.100475530819412E-4,0.0014099006155953069,0.0012706426097732835,0.001404008109542184,0.01123750398156522,0.005908974515925479,0.001452718141076382,9.87224416294531E-4,4.789689514464963E-4,0.002943926031621263,0.0010530541240570403,0.002155487829724927,7.182590448578431E-4,0.0019148772909207401,5.036898600155721E-4,0.00355752979421709,9.766655093257945E-4,0.0013071490310358812],[0.04914133365095462,0.0356213142613571,0.04346686346873647,0.02621194910098058,0.03472560095743453,0.05383004700688995,0.047425219039395894,0.026156939305471912,0.04599614738339152,0.013853096319800638,0.044411369112761084,0.05355369810532364,0.006498643741125875,0.04841979902230068,0.003321356437874264,0.024824570082976442,0.04022064685446469,0.057108527414758754,0.028081936424096735,0.03280300497027454,0.029933733637794883,1.0,0.05084078511910797,0.01860465866993623,0.032162820708122423,0.057961325271641356,0.04361075781475031,0.05233497743528022,0.041335814613566384,0.016714358591649478,0.034125838816507006,0.022069169691553495,0.039524142559316904,0.02322202633624582,0.051117418377064384,0.04378194905876653,0.003151572735996757,0.021775081936700906,0.025074183427951077,0.009881150616320033,0.03774862375212035,0.01162214236352661,0.05443883213770366,0.029170079164694628,0.04778449840613938,0.023152485723251518,0.04937275236529299,0.030169830215036726,0.04357879647330283,0.05072394226634958,0.010931908680406017,0.03325210711054794,0.01970792662844048,0.030098463244578016,0.046729936193083715,0.01272315057275754,0.036027571272812774],[0.006939173317940559,0.003400338308625684,0.010537037892055439,0.010638550792379948,0.012155531244008725,0.008940787359614578,0.0035875397723431597,0.0034102145759902164,0.012829498412997506,0.0034133250844076493,0.013013421097506646,0.001945575028891803,0.002335793851710602,0.004575394806440425,0.006387802836081512,0.0025320572485578946,0.00900299336456779,0.011343971788234881,0.008187853539549726,0.013221189102921988,0.0057876278031159765,0.05084078511910797,1.0,0.010478815083388056,0.010025015239463473,0.00996711265112128,0.002751120250251288,0.008673428029167873,0.007929419092275205,0.013697709023401599,0.004373280413209963,0.013475224219630641,0.010055648013142064,0.013231146661592101,0.0017567328138331682,0.004212812085143575,0.011044427912042363,5.726963869385012E-4,0.0025239768160528905,0.0032596224560415446,0.0046172519864322425,3.8394761181656143E-4,0.0021204651665505487,0.014676433078231623,0.015659472267511198,0.005064820086575573,0.014276937753057968,0.009777483722235381,0.009912175826838699,0.014996454783265039,0.0053040573829836206,0.012647275416969188,0.008550328821960015,0.007747843135017084,0.024820857395767386,0.0063970559882596525,0.012954611532230126],[0.003173716942488868,0.00293146864867168,0.005480560048788164,0.003273704755924663,0.0038294102905335405,0.0059881939754290615,0.0048676928690433215,1.428417788627652E-4,0.006349722804490032,0.003665672129118095,0.0067688273606172815,8.869734871443432E-5,0.004914246818760229,3.088642491723598E-4,0.005103686005720111,0.004702594846008917,0.00314469385630619,0.004194905533032691,0.0024843060079604243,0.008955478017052158,0.006412984363456964,0.01860465866993623,0.010478815083388056,1.0,0.006283070439224641,0.006884801544333441,6.785106898762637E-4,0.005677946724755371,0.003485824120908535,0.00441068231533657,0.002074733572377399,0.005340482663718992,0.00626026730411814,0.005736454636941467,0.0018115556196048597,0.0013525727746487633,0.006342094091206254,4.285822288866873E-5,9.14181357292165E-4,0.005447131960988998,0.006154656805163324,0.0012451863277680567,0.003972401449318345,0.010950024516355562,0.015230951034349217,0.0036921882213966526,1.9669052062116992E-4,0.006069884175527367,0.008333087699910528,0.0013663920792947243,0.004836637654741391,0.004802167371962174,0.004025576199619024,0.004913643659762462,0.011628703137078847,0.0015604434839344788,4.0110718591722626E-5],[0.002244232557855567,0.002077030951464473,0.0025259519475994458,7.873684487204796E-4,0.0019417871811749597,0.004677378941677211,0.002586468678478091,0.002286015958267237,0.0027601730050507904,0.001957236022584789,0.0034213792087390096,0.0026549962988810013,0.0024156085111450257,0.0020738656506725283,4.302952222136577E-4,0.0015969101203970359,7.806425711942753E-4,8.601965499467381E-4,0.0025342149053331495,0.0035295402411837204,0.0020010711962754934,0.032162820708122423,0.010025015239463473,0.006283070439224641,1.0,0.005258109162504992,6.819531769857809E-5,0.0019820249895245974,0.00119773187551412,0.001530367576668307,9.223701108551017E-4,0.002446848983818778,0.002768688809350053,0.0025733400213243354,0.002224840509807972,0.002026063797386357,0.0025590168749069866,0.0024028222421487665,0.0014554470556506565,0.002387531987766634,0.0023211489925498946,7.003043828626379E-4,0.0021371517610667594,0.0052481077190729255,0.005262960202273582,0.002272434771370052,0.001808355871169593,4.326361345123815E-4,0.006237265697997027,9.781503240307546E-4,0.0032824348438119572,0.001648010914005972,0.0028536221955224365,0.0019817989514868835,0.026618617983851046,5.471271511657045E-4,3.890354384994811E-4],[5.780801701092279E-4,0.004748231127834329,0.00594831166506559,0.004906423397741627,0.005902082111698681,0.006647433334134391,0.004281546951005056,2.3780089164555644E-4,0.0038095906364340793,0.006141378011526541,0.0076144860930410195,0.004234082242962229,0.004616749192851208,0.005075928483761025,0.001289673816068387,0.005968791606326681,0.0018372686101657196,0.004720509368423811,0.0053025690726703325,0.009151321734480388,0.003351095153999783,0.057961325271641356,0.00996711265112128,0.006884801544333441,0.005258109162504992,1.0,0.002426196900315439,0.001750038225964692,0.006281771960243736,0.005017782216085332,0.0044322227881264924,0.0034359702431604015,0.005041703685932434,0.004452309090041514,0.00468191650629832,0.002439349367649046,0.005658028297219885,0.0023048237341114384,0.0023915643401648946,0.0063236416374143406,0.004243532888894324,8.694257779414661E-4,0.004360023099224426,0.011426827313914409,0.010352099424057303,0.0014100784652158046,0.006388248501682979,0.002381969036162037,0.007882900332163403,0.002720793793702852,0.005344788887900945,0.006643237158374041,0.005367646511862896,0.001681568410575834,0.015227939776912816,0.0020534115537397058,0.005729277403778336],[1.4272329607778352E-5,1.0898135816480995E-4,9.397345687196242E-4,3.969114086348404E-5,8.956850454358524E-5,8.524595624237632E-4,7.386605925672535E-4,1.979567183890278E-5,8.448961457518463E-4,9.728821860104783E-4,8.063407605757513E-4,3.4647816200648615E-5,0.0011957850390407322,1.4760143986197998E-5,2.0300001781431023E-5,2.0530900463455043E-5,1.9386564481034727E-5,1.6631743390076144E-5,4.1554700804435755E-4,0.007783956950015499,4.792158152660484E-5,0.04361075781475031,0.002751120250251288,6.785106898762637E-4,6.819531769857809E-5,0.002426196900315439,1.0,0.0010624136954968842,1.4204897268200195E-5,5.990214974059012E-4,5.064915201893838E-5,6.8242324043251E-4,4.270066691340531E-4,3.9441850942597905E-4,1.9413314883015472E-4,6.252509455496514E-5,0.0023883104689461127,2.3177399362750733E-5,1.9154390255974065E-5,3.416731697942555E-4,2.455975978735714E-4,6.80407861664531E-5,1.447298474139369E-4,0.006965696081154641,0.012473262194266714,1.3147497440362042E-4,6.177831959232959E-5,6.230578871713595E-5,0.0021392880823309585,1.1375090807381029E-4,3.5020642049614706E-4,1.9196436126433738E-4,0.00171725845141836,3.8968207530359085E-5,0.01889521010930151,2.136228947926185E-4,1.6906784311482856E-5],[1.3135887120665628E-4,0.0014380252497514635,0.0014370190466375455,0.0013769076951368488,0.0011014651216768592,0.003491048888576702,0.0016723318518377986,8.823968872779702E-4,0.0021708927013094946,0.0015348094328177472,0.003639473785714313,2.2766610886523926E-4,0.001715047489895334,0.0010903460941838578,3.453662886326865E-4,1.9592257448776564E-4,5.789227228101222E-4,0.001426825226597096,0.0014417976221327779,0.002787073456646083,0.0015853023436132583,0.05233497743528022,0.008673428029167873,0.005677946724755371,0.0019820249895245974,0.001750038225964692,0.0010624136954968842,1.0,9.417868592978552E-5,0.001327889288803931,9.267996086367186E-4,0.0016826234102422443,0.0015775601205168027,0.0013811133545935514,8.356437680736648E-4,0.0012734774616337838,0.0021196862350248836,5.027795445943843E-4,0.0012063822377339263,9.91081870300509E-4,5.663261519497955E-4,6.581531110079266E-4,0.0013409278078655336,0.0053253896835562505,0.00445819665243069,0.0013994206467473286,0.00127906255855858,5.717420925981287E-4,0.005746950566219433,4.643531437887374E-4,0.001666626650772128,0.0011019822382606398,0.003077366426135202,0.0012903996953646242,0.009359934900450223,5.702682662715191E-4,5.758002824567333E-4],[1.2769032270733067E-5,3.393142953241327E-4,5.967491182025433E-4,2.7544851064066E-5,4.678411523737331E-5,4.1621888617390026E-4,2.8721065601384176E-4,1.4339654650931818E-5,0.0013756194610002838,9.663352956850843E-4,0.006077834980040052,2.0365842435597998E-5,0.0018753792686088744,1.343204077299284E-5,1.927978244259977E-5,1.7349696715393863E-5,1.424640109423851E-5,1.3471565233967115E-5,3.0296156083462465E-4,0.002629860654742123,0.0014261277113156031,0.041335814613566384,0.007929419092275205,0.003485824120908535,0.00119773187551412,0.006281771960243736,1.4204897268200195E-5,9.417868592978552E-5,1.0,2.8276808318628054E-4,8.325463522305134E-5,7.247468617638628E-5,0.00199378123938999,9.898614129391035E-5,1.7820096246858254E-5,4.485426370754834E-5,6.723724883417101E-4,2.714879776895626E-5,1.3048957521482155E-5,1.1244062387467686E-4,1.7880229471661736E-4,1.3376808406282282E-4,1.773294555858784E-5,0.005459914643179593,0.004374612649584156,1.972476554031871E-4,7.208504454250143E-5,3.683055620005655E-4,0.004986489199622027,1.1735551977578009E-4,0.0019234525096600472,5.915581966533668E-5,0.003312500393027977,5.1366760645460405E-5,0.0019302644960439142,5.249605069694457E-4,1.3353038061407964E-5],[9.074771430119901E-4,0.0012140484550941324,0.001199049240983017,1.4794153053916632E-4,9.739605171233699E-4,0.004970385659188623,0.0016781263307699662,7.613040642697982E-4,0.0027250871796399533,0.001430565712817422,0.0037556476310846767,6.641560329685513E-4,0.001861863831865844,0.0011551102187744762,7.863419198794633E-4,5.32774268914637E-4,2.2823311963415902E-4,6.361374943369294E-4,0.0014458662543810335,0.005418824241474171,0.0014286831988308414,0.016714358591649478,0.013697709023401599,0.00441068231533657,0.001530367576668307,0.005017782216085332,5.990214974059012E-4,0.001327889288803931,2.8276808318628054E-4,1.0,2.570292805653005E-4,0.0015398462549747584,0.0021974879421458866,0.0011912374478441185,0.0010265471057760006,0.0011113919908211538,0.0014558050969626442,5.8676221520347786E-5,9.008203983536617E-4,0.0010869690671888497,9.099557782427628E-4,9.337624152105912E-4,5.94870280219798E-4,0.0016008272202348098,0.010752526226954672,0.0012246686339960776,1.665882231284404E-4,8.444286266702154E-4,0.009206653165504368,2.785539014508344E-4,0.0018251986622352654,5.61111951995847E-4,0.0026684407630950483,1.233362241019481E-4,0.021506506286326783,0.0011851267844265444,3.814781587971728E-4],[4.9925734345090725E-5,9.204273439141948E-4,4.291797123623746E-4,1.2703783601303314E-4,1.4934087448744554E-4,0.0030917700770606224,4.2049928546131665E-4,4.525139534611356E-5,0.0025090361029020208,8.882072947846456E-4,0.0021134795070609806,8.158620812123002E-5,0.0014619473384283037,3.255387991668301E-5,7.010237025863875E-5,8.557626809923176E-5,9.467055619134282E-5,8.727595808361566E-5,0.0012438556024164868,0.003140795030625919,4.36241574399167E-4,0.034125838816507006,0.004373280413209963,0.002074733572377399,9.223701108551017E-4,0.0044322227881264924,5.064915201893838E-5,9.267996086367186E-4,8.325463522305134E-5,2.570292805653005E-4,1.0,0.0010752725614862888,0.002403924124692286,5.819552140721871E-4,2.7681484339797224E-4,1.3378808148136403E-4,0.0018080493532202921,6.676687247944068E-5,1.1716901689530322E-4,2.5575876348544395E-4,2.4382406737044485E-4,1.5203118180168081E-4,2.679648616074838E-4,0.011801420195627084,0.010789922284497627,3.597365511853562E-4,1.2961859456301294E-4,1.5509623348362427E-4,0.007243776757775964,1.31763518770088E-4,0.0032702664277966618,2.33946748031787E-4,0.002822809596920807,1.184573307282517E-4,0.020721246296179482,4.700337735729336E-4,9.4300389206683E-5],[9.100915242333634E-4,0.0015905927794098494,0.0014059481820005754,0.0013587518388489515,9.993240547051083E-4,0.003190418546942384,0.0018225276268108166,3.8532164025222954E-4,0.002734019921086155,0.0016288270922094057,0.005138859153380379,8.287881782778191E-4,0.0017578352964480735,6.23379443020322E-5,7.881518884026755E-4,0.001465587700307431,7.26717865339006E-4,6.577773659030287E-4,0.0015909698110246164,0.008798245691530118,0.0016257566181891677,0.022069169691553495,0.013475224219630641,0.005340482663718992,0.002446848983818778,0.0034359702431604015,6.8242324043251E-4,0.0016826234102422443,7.247468617638628E-5,0.0015398462549747584,0.0010752725614862888,1.0,0.0032619004133903774,8.340549919756197E-4,0.0015366137489723178,0.0012723549584854586,0.002018257949798324,7.60432949539989E-4,0.00152375776566361,0.0012938236131854464,0.0015083311069704034,9.226987886506489E-4,0.0015102255481358672,0.010448334148125057,0.012134481524010823,0.0016946774476828978,5.723540764629912E-4,6.000137805791039E-4,0.007595524439279964,3.4493485081160924E-4,0.0028378642665194665,0.001366641418010852,0.0031535171117532033,0.0014357517907347093,0.025877789871583283,5.913148774947946E-4,0.0012974165960981388],[0.0030367405604125545,0.0014969278653518396,0.0031768919566156637,0.002235273175928606,0.0028229373153202935,0.004249262507662775,0.0025937637256368434,0.0019845997594668888,0.0029441492598910432,0.00302129459909967,0.00542011542143761,0.0023397433105538986,0.003278033940153174,0.0033176054712653635,0.0018960940669691942,0.0029810964031952007,0.003252061671511418,0.0013449329903358885,0.002726382608368139,0.006534702554720174,0.00259024717688799,0.039524142559316904,0.010055648013142064,0.00626026730411814,0.002768688809350053,0.005041703685932434,4.270066691340531E-4,0.0015775601205168027,0.00199378123938999,0.0021974879421458866,0.002403924124692286,0.0032619004133903774,1.0,0.0019426898160709795,0.002624070439711117,0.0013557557171376576,0.003018674098725618,0.0017538991198477916,0.0029591641042703283,0.0021331895023870215,0.0010151246249682265,0.0020502517164825763,0.0014981446686142756,0.01119809174884721,0.013550778039142748,0.0031694116280493482,0.0017582078894833473,0.00106490447935749,0.006016810333975799,9.163346814099326E-4,0.003850587902197493,0.002283047796004311,0.00337868075026063,0.001870316728208822,0.029937197509958467,0.001723186420639755,0.002793964851484699],[5.19013081738026E-4,8.64256992776231E-4,8.76458851324213E-4,3.82067825992024E-4,2.2871709979441093E-4,0.0014109714925305418,8.659635147290459E-4,1.2058284956986364E-4,0.00215960514772564,6.865870244909986E-4,0.0021767894431863172,1.3487284679711037E-4,6.676686035770572E-4,6.478199508949343E-5,5.53519353424272E-4,2.994268279173978E-4,1.9865781770281237E-4,5.522478179333637E-4,0.001117825603781011,0.00569107586676338,9.676901447