[[1.0,0.0021932942822054757,3.8044604569810936E-4,5.489669332645952E-4,9.601458263123253E-4,8.014854692913378E-4,0.0011410684397405873,0.0015255775940732268,0.0048751288045896625,6.904846432160881E-4,0.001894013889303561,4.02898461796525E-4,0.0021061871692014044,3.3581523781177954E-4,0.005466757120529413,0.0012167376630624358,0.0013319290774731747,0.0010166222736500204,0.0011691457693648111,0.0014354681848471821,0.0012314421610653882,0.0014097373887904604,0.0015072572656523188,3.621778028055077E-4,0.001427308027122581,1.6345345798212036E-4,0.0010112937245740858,0.001070629877095585,7.234018707792324E-4,3.5161322653140894E-4,0.0010766746018001662,0.010134431250167285,4.1154322669347167E-4,5.557959611404986E-4,3.1346733851896156E-4,0.005630407869988665,0.001851535102330958,0.002145155425995945,9.507157260002749E-4,7.649263684131814E-4,0.0016721158488403605,0.002680037304516684,0.0031986826941163135,2.7795687601330513E-4,3.296853488639361E-5,0.0013133995081987017,0.0012014641281615456,0.0012484753099431152,5.467825955439079E-4,0.001264502253304466,0.001334579106193139,0.0010774161158604667,0.01064219804539629,7.878360494184539E-4,0.0013396143212231306],[0.0021932942822054757,1.0,3.6043523386839973E-4,0.0023612173734581486,0.0012734504198987297,0.002085428944241584,8.127935268754947E-5,0.0024097391877610595,0.0053350890037224315,0.0012040221708821313,0.0022050637504924648,0.002309202753062959,0.0022891261086602915,6.246767612714797E-4,0.006433708461436443,0.002410162553539422,0.00114923573184336,0.0019468108215194976,0.0011355699375636056,0.002404730559002992,6.971459617179032E-4,0.001999862235517194,0.00214110227422421,2.762703903379872E-4,0.0030413770609868914,8.175848883746529E-4,0.0018046851522095888,0.0011913430434916136,0.002164880425177473,0.0010180664746126582,0.0019050504916738255,0.0074253569790503505,7.452924187376744E-4,8.790142480345009E-4,0.0010239824133920481,0.015045461072060853,0.0023208224820831674,0.0037119581296079715,0.0020671224766679575,0.0015208241361398156,0.002544295140958441,0.0030816793346600804,0.005182702388609017,0.002190370733096137,0.0023440226751699996,0.002203515508330608,0.001295845768673181,0.001094740457928164,0.0023978625455799824,0.002283907459999663,6.232410577379931E-4,0.001107979957011547,0.006616183822635926,2.3746037583980345E-4,0.0018501858262646282],[3.8044604569810936E-4,3.6043523386839973E-4,1.0,1.0903362051332122E-4,2.307303831195577E-5,1.720417184421468E-4,3.4011187494327054E-5,9.070575236105021E-4,0.0011208309435676435,3.682248940201784E-5,6.216331165236905E-4,2.5953763163100884E-5,2.325868793568441E-4,9.822754072908308E-5,0.005627897570977783,1.362534420243434E-4,2.841088967380861E-4,6.791243598767123E-5,1.1424231010982686E-4,0.0016130805939629416,3.0076414517640895E-4,0.001234165277754471,3.411166028962574E-4,2.8115736018726466E-5,0.0017375659130590309,2.388756288420597E-5,2.821154798237457E-5,2.4621253128115415E-4,2.0334636153222587E-4,4.576661682932981E-5,7.186326671423883E-5,0.005776231795376292,1.6886221323917466E-5,1.0280844522493065E-4,2.855897928432647E-5,0.013200870390013246,9.712750969751764E-4,0.005060921878506626,3.11217322474429E-4,2.263809998235669E-4,0.0030988736818592126,0.0032216366298561303,0.0012588987653636369,5.927484653553732E-5,2.854801995192843E-5,5.150060496722344E-5,3.7750089081259204E-5,1.6436409952906412E-4,7.399290331592506E-5,3.339286919971352E-4,2.9314810545208664E-5,2.9042424836214826E-5,0.0021635922985147075,1.5258787016672175E-4,0.0011143814274610767],[5.489669332645952E-4,0.0023612173734581486,1.0903362051332122E-4,1.0,8.204487016496972E-5,1.7253308309036756E-4,8.005582439157556E-5,0.001647136003486591,0.006569293018297272,5.220433581730408E-5,4.7966911444807526E-4,7.506252287308689E-5,0.0019942537791509695,2.454084789284882E-4,0.00900284584685919,5.655585164260843E-4,3.2668133547109383E-4,1.3345077440972715E-4,1.2702295572333572E-4,0.0021227186924023286,1.6152477099076078E-4,9.410761732137098E-4,0.0012512853454344757,1.3326643750093136E-4,0.004377778590896545,5.521723744698639E-5,5.278584529324484E-5,3.878168457234291E-4,2.293801613713869E-4,1.1220407159224691E-4,4.734625269504474E-4,0.0051529417032156605,4.38454969269598E-5,1.122034058720898E-4,8.851553375861369E-5,0.001086443610114399,0.0017450799330122717,0.003074689921815266,4.2583153460504507E-4,1.9095140621965781E-4,0.0017118498344071305,0.0024655168499186056,0.004925240046656457,1.788181294437366E-4,5.753217654369971E-5,1.1309153995382486E-4,1.9688980027050352E-4,2.0163741771615621E-4,1.408418641316398E-4,3.496983097870989E-4,4.5882466484448114E-5,1.1545546951085557E-4,0.0234903459378379,1.8509598584431255E-4,6.302684530133251E-4],[9.601458263123253E-4,0.0012734504198987297,2.307303831195577E-5,8.204487016496972E-5,1.0,7.9981830431987E-5,2.4313377480948954E-5,8.483533674177598E-4,0.0036631173245321993,4.021744547969743E-5,2.5276062537668017E-4,1.3718595178076423E-5,0.0015867775680283777,2.051087937904187E-4,0.007057822776231231,6.20747483020976E-4,5.269485706461078E-4,1.7290571275663326E-5,1.312228725639272E-4,1.9398862074755595E-4,8.769940756751385E-5,0.0012196737072245737,5.930506636578323E-4,4.3614347614254025E-5,0.004849001520974481,1.1777692679402104E-5,2.916656132016631E-5,7.149485473291554E-4,5.005086395494976E-5,3.221172425018594E-5,5.061637421034581E-4,0.016843951076705017,1.3469015002491746E-5,9.378556537876522E-5,3.0791655775435064E-5,0.010169931327860956,5.598652414616208E-4,0.0025128836330425616,1.436423860492047E-5,1.863270084932719E-4,1.937166043033961E-4,6.985164550567585E-4,0.003678971467909403,1.714320668543097E-4,2.687275536894734E-5,5.37013826879232E-5,2.3571016450550667E-5,5.9968361695139516E-5,1.0448124033964748E-4,9.72737852945522E-4,2.9664257269275988E-5,1.0336257529528002E-4,0.023603280762237434,1.6581372194692524E-4,9.77472718263638E-4],[8.014854692913378E-4,0.002085428944241584,1.720417184421468E-4,1.7253308309036756E-4,7.9981830431987E-5,1.0,1.5827752246135463E-4,8.268882368205402E-4,0.002306809220652247,1.1743138939112593E-4,2.416249343487177E-4,3.595772805436725E-5,0.002107452653518872,2.0798493745180282E-4,0.009952848060572778,2.123912218997813E-4,5.124465675602379E-4,1.688105593610592E-4,1.731711230330129E-4,9.371686272902475E-4,4.111718825455113E-4,0.001194689609567167,4.37481096282708E-4,1.6096242052175572E-4,0.0017892654533957456,1.4450320777893575E-4,9.187877207249515E-5,6.642021913041153E-4,2.444073129397898E-4,1.6256655569255843E-4,8.242020800799559E-4,0.00658304417293438,1.5141093233907486E-4,1.8036873152766093E-4,5.665848851925303E-5,0.0012210748201298013,3.274998714804043E-4,0.002059641372317883,5.737520482595925E-4,2.5400038192378643E-4,0.0020824890199654575,0.008049028659754353,0.004915245777860487,1.9305979279085668E-4,1.0311473121992076E-4,1.4617167162255272E-4,2.189566008219228E-4,2.2491173929499133E-4,1.7860973056529962E-4,7.986673012627246E-4,1.5124923836269831E-4,1.6941626856758305E-4,0.021664178052626857,2.0425493330395413E-4,2.3765534740994188E-4],[0.0011410684397405873,8.127935268754947E-5,3.4011187494327054E-5,8.005582439157556E-5,2.4313377480948954E-5,1.5827752246135463E-4,1.0,0.0012659419161199935,0.002228836161784574,4.027353148275627E-5,0.0010426694342406209,3.334874960708065E-5,0.0016990536378235167,2.081205906341055E-4,0.0017069197297696931,0.0010931068510163279,3.602691036643136E-5,1.3233994934714455E-4,9.822871889403173E-5,0.0021113628874630816,1.4687097201352374E-4,0.0014740746500619417,0.0012276366105058404,1.188670560880689E-4,0.0013863620777511917,2.1033878337165458E-5,3.825451081357173E-5,3.9468578300775947E-4,9.844580083583464E-5,5.694729669602571E-5,3.265434693378207E-4,0.009304670767813713,1.588123539483987E-5,6.634690352676264E-5,3.4477707758621555E-5,0.017598152229969105,0.0013643445994573422,0.002303331373016387,4.3859206643784385E-4,1.6265664385845246E-4,9.534765652616872E-4,0.006531020131221361,1.3892099424642616E-4,9.880507682932894E-5,3.512547255264805E-5,4.661792715174546E-5,7.72624350385925E-5,2.1716207229893693E-4,4.311813720754145E-5,8.684171844081218E-5,3.540492167582342E-5,4.220376915318303E-5,0.01247583504836929,1.282344821715515E-4,9.260873606554979E-4],[0.0015255775940732268,0.0024097391877610595,9.070575236105021E-4,0.001647136003486591,8.483533674177598E-4,8.268882368205402E-4,0.0012659419161199935,1.0,0.006434493093562907,0.0014561326674592963,0.0020907095073701486,0.0016218155872080222,0.0019365870765514445,9.79016746297023E-4,0.005981828382196546,0.0015447397964835111,0.0017359839213776649,5.222040851821682E-4,9.954887887966457E-4,0.0020372134852691738,0.0011213108106526955,0.0017042383475536973,0.0018955331828224638,5.450327873918455E-4,0.003808982633704395,0.0015792056652955344,6.333507558319359E-4,0.0012517232104577898,0.0015474930316543784,6.173837109791731E-4,0.0013040803704084027,0.0019278190074430838,5.199942196937259E-4,7.80697077717143E-4,6.761556815126238E-4,0.006666889905134922,0.0017949307077865168,0.0021878777536832768,0.0015934269563544633,0.0017343210585910231,0.0023061662180180703,0.005209106267868776,0.003070824104083765,0.0015681179023217028,1.9538968236781584E-4,0.0014693844589796713,7.491218078434921E-4,4.879350392035023E-4,2.6127238766411793E-4,0.0015744707601917317,7.737838769279806E-4,0.0015886554186177358,0.019649760367711874,9.720890090973961E-4,0.0011725162494825535],[0.0048751288045896625,0.0053350890037224315,0.0011208309435676435,0.006569293018297272,0.0036631173245321993,0.002306809220652247,0.002228836161784574,0.006434493093562907,1.0,0.005121398062720711,0.003546971554850479,0.002394035007433381,0.005962131151538378,0.0057101232626294175,0.010808151069814583,0.001666346508631018,0.0029428036047807315,0.0014542057957316408,0.0019593385332098232,0.0023490488383587625,7.830983097608114E-4,0.006725674679572217,0.0021652857851906585,0.005265230266827337,0.006351058958291262,0.0015284574590088142,0.002888039326538113,0.004860139581224333,0.0010582389620968464,0.0022680152205789904,0.001408029045096482,0.01229753590502303,0.0020339102674746374,4.39615834927559E-4,0.003235714198809649,0.0175981034953005,0.003516860754907093,0.00696468230510404,0.006684552317655188,0.005434951630424164,0.006240547086706124,0.00714239289722849,0.005788434294973349,0.005381940191696741,0.0018130338553999604,0.006950458244356805,7.717125480670084E-4,0.005721447832375891,0.004935607247310069,0.005637303032572919,5.048494068792943E-4,0.003587558203062768,0.014834805620818542,0.001232595931184015,0.0025466459090969975],[6.904846432160881E-4,0.0012040221708821313,3.682248940201784E-5,5.220433581730408E-5,4.021744547969743E-5,1.1743138939112593E-4,4.027353148275627E-5,0.0014561326674592963,0.005121398062720711,1.0,0.001328804959843035,2.2181596348598985E-5,9.212962575062703E-4,1.8519968430568039E-4,0.00974142809907652,2.0056138618693964E-4,1.1058973387330167E-4,8.817722831289248E-5,8.700667234522203E-5,1.2348260207837114E-4,3.934379588554581E-4,0.0010441804520602545,4.891791295989719E-4,1.2905322427042825E-4,5.510891243421596E-5,1.5605201993173436E-5,4.4888911298687974E-5,8.467939619822527E-4,2.0965685177754012E-4,7.323889179940385E-5,9.650808517615457E-4,0.009067918484764617,3.5950823845414075E-5,5.9977539203970595E-5,3.959230979285799E-5,0.013004383410796709,1.412154189259117E-4,0.0028467501920401424,1.0832799073087011E-4,1.1983606432743952E-4,0.0028848746874319525,0.006613526831808623,0.005426075570922336,1.4632373586891204E-4,4.8270028822266456E-5,9.371000238444989E-5,1.0498816566215513E-4,1.8660409517857885E-4,1.3154173599232876E-4,6.860949567439252E-4,3.51924318663571E-5,1.0398525606682088E-4,0.00226820848451395,1.0621523040012668E-4,0.0011323716001323154],[0.001894013889303561,0.0022050637504924648,6.216331165236905E-4,4.7966911444807526E-4,2.5276062537668017E-4,2.416249343487177E-4,0.0010426694342406209,0.0020907095073701486,0.003546971554850479,0.001328804959843035,1.0,9.008038911489605E-4,0.002154389462852222,2.7185101052571033E-4,0.005728496773781781,0.0016683943763538957,0.0015944381015177023,0.0021387064784315684,7.203440349383781E-4,0.0021480542658637997,7.937289439837643E-4,0.00205092816750359,0.0020917852711737697,4.648955578915813E-4,0.004749011411343487,8.533334986200763E-4,0.0010275471741190711,0.0012552904952524656,0.0017222112107264944,3.568916209916779E-4,0.002160528740615286,0.002509369761458307,8.149332293941922E-4,3.9630159751958427E-4,9.337884411275202E-4,0.01575554811357742,0.0021646491220435105,0.0031602571267130963,6.311386380515693E-4,0.0010329971940690838,0.0030588269581564194,0.0037688705843922383,0.0043006510344222966,8.383346300174347E-4,0.0010532161384545927,0.0010080746645761596,0.0011812164787786156,0.001004078561041219,7.637959394968838E-4,0.0015863190453215257,0.0018906422153982232,0.00188147037327698,0.015192981146825692,2.2972616808103E-4,0.0014834648007726393],[4.02898461796525E-4,0.002309202753062959,2.5953763163100884E-5,7.506252287308689E-5,1.3718595178076423E-5,3.595772805436725E-5,3.334874960708065E-5,0.0016218155872080222,0.002394035007433381,2.2181596348598985E-5,9.008038911489605E-4,1.0,7.756986498816123E-4,6.812064210139455E-5,0.005824613828677953,2.440938723249379E-4,3.119653834141076E-4,5.153399516778548E-5,1.157480779756818E-4,0.0012840145422366562,1.797614741416393E-4,6.868100905090801E-4,0.0010365558554368082,5.472442746947826E-5,9.04646571123785E-4,1.8792336290457997E-5,2.035449270390678E-5,4.1618667149555824E-4,1.3405758078897535E-4,2.130619216714389E-5,9.93295608053905E-4,0.0048620544455423255,1.8805391558281797E-5,2.0172386342942043E-5,2.582613328440276E-5,0.009123033948977455,0.00198554212017596,9.542131573529754E-4,1.0065242359488013E-4,2.7707518163870494E-4,2.1905091345463033E-4,0.007586074265616673,0.003008295070732083,8.008621307101062E-5,2.656113782483495E-5,6.529617984289315E-5,1.409710855680002E-4,2.1621995564738712E-4,6.886799514631333E-5,3.5025267782191866E-4,2.8513792757512904E-5,1.0320689539485878E-4,0.022571580071555096,9.294548868563044E-5,4.163447008312647E-4],[0.0021061871692014044,0.0022891261086602915,2.325868793568441E-4,0.0019942537791509695,0.0015867775680283777,0.002107452653518872,0.0016990536378235167,0.0019365870765514445,0.005962131151538378,9.212962575062703E-4,0.002154389462852222,7.756986498816123E-4,1.0,8.072569734051374E-4,0.00900652112343935,0.0015361209275721894,0.00180921996087245,0.0016278402919382147,0.001427333299557352,0.0021403519235200334,6.874467011532553E-4,0.0020228391636207717,0.0020898609392513887,0.0019273471542542878,0.0037638414572266016,0.0013562294391501718,0.0014540970199828566,0.0020741067996904944,6.164570220950835E-4,0.0014440044372896488,0.0014242589692578483,0.016069536366320806,4.289201811804839E-5,7.72695708000723E-4,0.0012490640283921532,0.004938207074541663,0.0021478554818816597,0.003421194635416378,0.0016017337884415936,2.9412964910785407E-4,0.002160742585016833,0.005332206852095958,0.003720987661136865,0.0012637788073828068,4.007127822929391E-4,0.0015875198445249494,0.0012613977147807338,0.001891547927316799,0.0019206933056392453,0.0012003196686519355,0.0010126658833975993,0.0010851815249466035,0.0026752993637269838,9.554378574396325E-4,0.001793126809405284],[3.3581523781177954E-4,6.246767612714797E-4,9.822754072908308E-5,2.454084789284882E-4,2.051087937904187E-4,2.0798493745180282E-4,2.081205906341055E-4,9.79016746297023E-4,0.0057101232626294175,1.8519968430568039E-4,2.7185101052571033E-4,6.812064210139455E-5,8.072569734051374E-4,1.0,0.0011928018999879,3.4791756586625863E-4,4.691865124959091E-4,2.0551981410556945E-4,2.2226191555701618E-4,0.0012078150290917157,3.953005743684418E-4,7.126389580301259E-4,6.510471050064162E-4,1.89014472345037E-4,6.637851174843922E-4,1.8504053243870183E-4,1.1307538394456199E-4,5.658467725493456E-4,2.740650975233419E-4,2.425776328409286E-4,6.947164080263473E-4,0.013994112462526829,1.8435337201817712E-4,2.0191948592120014E-4,5.322177488491113E-5,0.0028261455488811866,3.380156633235146E-4,0.004963264644766059,5.963937144309905E-4,2.6542616760024854E-4,0.0012982715154712717,0.001998967729217055,0.0016755498808037816,2.0198965656183059E-4,2.3161649898541072E-4,2.4061100288926614E-4,2.557052385381864E-4,2.4455959377177257E-4,1.754111942476608E-4,7.80844867119825E-4,1.2076028974830402E-4,2.2165794673255484E-4,0.00647248663784405,2.2255017287304126E-4,3.5083953829458803E-4],[0.005466757120529413,0.006433708461436443,0.005627897570977783,0.00900284584685919,0.007057822776231231,0.009952848060572778,0.0017069197297696931,0.005981828382196546,0.010808151069814583,0.00974142809907652,0.005728496773781781,0.005824613828677953,0.00900652112343935,0.0011928018999879,1.0,0.002155606869454236,0.00795429452128873,0.010049339155272558,0.006829981154709509,0.0071446383750200845,0.00424188729094965,0.0076851189863843036,0.008356222323371548,0.0075056735822612445,0.010721188489734221,0.010511425479043232,0.010865207066486197,0.010835505215579496,0.010929596085618951,0.0012557708723378762,0.00999487582887221,0.0164537445370337,0.00775396753970624,0.009736732962015382,0.005401085810828714,0.016682055154733068,0.010223306714220802,0.011024242953610973,0.00875461304405919,0.01096903716169599,0.009745366275599245,0.010553384776201682,0.007199239770022321,4.4767336266440414E-4,6.998889591919514E-4,0.009380866899215926,0.005023505932913573,0.005396070809079747,0.0028683203094218204,0.0031913985041736453,0.007356450945940978,0.0036783243188346347,0.015006797661701519,0.0024442793469936874,0.010330689543690198],[0.0012167376630624358,0.002410162553539422,1.362534420243434E-4,5.655585164260843E-4,6.20747483020976E-4,2.123912218997813E-4,0.0010931068510163279,0.0015447397964835111,0.001666346508631018,2.0056138618693964E-4,0.0016683943763538957,2.440938723249379E-4,0.0015361209275721894,3.4791756586625863E-4,0.002155606869454236,1.0,0.0010889586999003559,5.745531398101736E-4,5.345025460844568E-4,0.0014976120771776433,4.316680796811177E-4,0.0012940927417002992,0.001931627663183874,0.001075982534739336,0.0012972608530519272,7.602559550607397E-4,6.108562890100938E-4,0.0011319878389462216,6.977705962728301E-4,9.184802977663124E-4,0.0011960113943304913,0.006900837423102525,4.056753691774191E-4,0.0011690799018827145,8.766054703538388E-5,0.00617439301165185,0.0015156915562742905,0.0030746535167894213,0.0011177585732038264,0.0010681129095716157,0.002486410250423175,0.007364577795506059,0.0041959949363146,4.597970885370793E-4,1.1416061513457997E-4,2.031359212506957E-4,3.3901694439879656E-4,7.147832151717767E-4,1.695984705394923E-4,0.0011553113300687573,1.5392741586172886E-4,0.001102971977459202,0.01877205372708103,3.335937404217103E-4,0.0011586972119595927],[0.0013319290774731747,0.00114923573184336,2.841088967380861E-4,3.2668133547109383E-4,5.269485706461078E-4,5.124465675602379E-4,3.602691036643136E-5,0.0017359839213776649,0.0029428036047807315,1.1058973387330167E-4,0.0015944381015177023,3.119653834141076E-4,0.00180921996087245,4.691865124959091E-4,0.00795429452128873,0.0010889586999003559,1.0,4.131548395948009E-4,8.376850150321024E-4,0.002065004325477976,4.609065094993757E-4,0.0012166025879424237,0.0016214976978060887,8.62811631759057E-4,0.0031622375020916643,8.255733237175877E-4,7.548404530865444E-4,9.582115011236529E-4,7.562744085074896E-4,5.387071189833063E-4,0.0010125396128984718,0.007784248878054442,9.248619333041081E-4,2.3927239566198208E-4,6.796020474799308E-4,0.01601135214430825,0.0013185845294049006,0.0031789971409240726,8.660700582620056E-4,2.9502682425206134E-4,0.001835704607399029,0.003245124593651035,0.003684003279232077,8.151218244267046E-4,4.7735797841814997E-4,9.15681108333215E-4,4.7139883201469823E-4,8.267151046602533E-4,8.719952088346466E-4,9.96863060431045E-4,8.805464853915434E-5,1.6119246249975564E-4,0.015065605512806614,6.728599436581095E-4,0.001114343844317993],[0.0010166222736500204,0.0019468108215194976,6.791243598767123E-5,1.3345077440972715E-4,1.7290571275663326E-5,1.688105593610592E-4,1.3233994934714455E-4,5.222040851821682E-4,0.0014542057957316408,8.817722831289248E-5,0.0021387064784315684,5.153399516778548E-5,0.0016278402919382147,2.0551981410556945E-4,0.010049339155272558,5.745531398101736E-4,4.131548395948009E-4,1.0,1.425653340491639E-4,2.2934148525649345E-4,1.6061466385982896E-4,3.8519379276704855E-4,0.0018890807053584095,1.3645622896818298E-4,0.0019377252537094393,6.347252126541524E-5,7.194340628048721E-5,9.210651022687825E-4,1.6783498775035393E-4,1.285546070576326E-4,3.3347824700312846E-4,0.002016747926946498,2.745885822164701E-5,1.4239207404029847E-4,5.603640176429592E-5,0.005973804132060505,6.1909386823198E-4,0.005665465185668285,4.126668052329074E-4,1.9241278225856282E-4,0.0010421362791729542,0.0043754459986180706,0.003300770679641166,1.9144351060219555E-4,3.1808327413477574E-5,1.2431793529205684E-4,1.9493706034670746E-4,1.7340748072694457E-4,1.473285258672277E-4,9.830676402447492E-4,1.1442029985305545E-4,1.3724858637114792E-4,0.011226477881511649,1.5451021054564004E-4,2.0204077801086115E-4],[0.0011691457693648111,0.0011355699375636056,1.1424231010982686E-4,1.2702295572333572E-4,1.312228725639272E-4,1.731711230330129E-4,9.822871889403173E-5,9.954887887966457E-4,0.0019593385332098232,8.700667234522203E-5,7.203440349383781E-4,1.157480779756818E-4,0.001427333299557352,2.2226191555701618E-4,0.006829981154709509,5.345025460844568E-4,8.376850150321024E-4,1.425653340491639E-4,1.0,0.0020219996752150853,2.6828048967829615E-4,4.349483793340933E-4,0.001827966889130356,1.402344590190541E-4,0.0015385942688467323,1.0752202951497992E-4,5.438023089327149E-5,7.180051274564891E-4,2.390339835888436E-4,1.1713379339974132E-4,7.565311397168901E-4,0.007437712744860225,7.462401985366177E-5,1.368282389988284E-4,7.527440301092499E-5,0.006308233255243265,7.499443072383783E-4,0.004295694388982086,1.960644173979852E-4,1.932022247704679E-4,0.001409599698298585,0.00601053492639221,0.0017981059661657417,1.5631758352446318E-4,5.067929953376729E-5,1.1565004732848479E-4,2.0416882912107433E-4,1.894801394522396E-4,1.4595840613510785E-4,8.884026141522041E-4,1.2033838421666811E-4,1.188213472625828E-4,0.005592031776108442,1.6361274226692324E-4,2.611706352710175E-4],[0.0014354681848471821,0.002404730559002992,0.0016130805939629416,0.0021227186924023286,1.9398862074755595E-4,9.371686272902475E-4,0.0021113628874630816,0.0020372134852691738,0.0023490488383587625,1.2348260207837114E-4,0.0021480542658637997,0.0012840145422366562,0.0021403519235200334,0.0012078150290917157,0.0071446383750200845,0.0014976120771776433,0.002065004325477976,2.2934148525649345E-4,0.0020219996752150853,1.0,0.0018787236536560539,0.0017331319958330427,0.002115877858442805,7.295242302383937E-4,0.004235864868826458,7.209943047564719E-4,0.0011664207344256833,0.0017191075780825338,0.001466201975303879,0.0010131050096853587,0.00144277445959755,0.012615382321825032,0.0018708284243975151,0.0017266992031716776,0.001194758690836819,0.011713579737501228,0.002170636583114026,0.0057049413186350045,8.676337936864159E-4,0.0020228097528482473,0.002309088603963824,0.002708401173156674,0.004181038651617716,6.531593106601381E-4,8.342450221564962E-4,0.0014585064332307584,0.0017380795078402373,0.0013273348341904232,8.612067088103218E-4,0.0016300789842201577,0.0011613068677554467,3.9941540572079417E-4,0.012289461393049579,2.3746692057120933E-4,0.0018810893730627884],[0.0012314421610653882,6.971459617179032E-4,3.0076414517640895E-4,1.6152477099076078E-4,8.769940756751385E-5,4.111718825455113E-4,1.4687097201352374E-4,0.0011213108106526955,7.830983097608114E-4,3.934379588554581E-4,7.937289439837643E-4,1.797614741416393E-4,6.874467011532553E-4,3.953005743684418E-4,0.00424188729094965,4.316680796811177E-4,4.609065094993757E-4,1.6061466385982896E-4,2.6828048967829615E-4,0.0018787236536560539,1.0,0.001306083442916413,7.995304515899283E-4,1.6429729806124289E-4,6.320297824547504E-4,2.9959980497424124E-4,3.2662581430329193E-4,8.72763335788904E-4,4.025248693295243E-4,2.2078284544072748E-4,9.841992985817807E-4,0.011273948338206283,1.1379031912769989E-4,3.26678289807165E-4,2.1874736524653003E-4,0.011817773597588125,0.0019614033256472583,0.004464842269676142,5.02723172826755E-4,4.1234556602696407E-4,0.001212522079391797,0.004569877243739076,7.605945027942491E-4,4.1212998179985123E-4,1.4109625656016393E-4,1.2481515545073973E-4,3.175213140374568E-4,3.309652721920593E-4,2.607311925724277E-4,6.820451630995539E-4,3.881254908218074E-4,3.6295469042451386E-4,0.0033623387634024414,3.3111842926333417E-4,7.150868287394872E-4],[0.0014097373887904604,0.001999862235517194,0.001234165277754471,9.410761732137098E-4,0.0012196737072245737,0.001194689609567167,0.0014740746500619417,0.0017042383475536973,0.006725674679572217,0.0010441804520602545,0.00205092816750359,6.868100905090801E-4,0.0020228391636207717,7.126389580301259E-4,0.0076851189863843036,0.0012940927417002992,0.0012166025879424237,3.8519379276704855E-4,4.349483793340933E-4,0.0017331319958330427,0.001306083442916413,1.0,0.0017638348247992494,0.0011224825403173808,0.0016353925930548245,4.087843276835783E-4,6.304053987768039E-4,0.0010661866905926794,3.926076269105093E-4,8.313955869262565E-4,0.0015016011399503805,0.013054008350912853,0.0012190213009351974,7.31532574664018E-4,0.0010273689600478956,0.008948433518749686,0.0016479935282186406,0.0035116357698793325,0.0015923489743702981,9.104670169784066E-4,0.0023663075131403178,0.002311149343501001,0.005229711784092367,0.001423033599475559,6.060412726333481E-4,0.0014145994931599926,0.0012656861787512517,0.0015163286912394612,2.776657473625494E-4,0.0012465973186945108,0.0014517978307668422,0.0015053743005578556,0.012652607526677986,5.037231880158227E-4,0.0013967602499879435],[0.0015072572656523188,0.00214110227422421,3.411166028962574E-4,0.0012512853454344757,5.930506636578323E-4,4.37481096282708E-4,0.0012276366105058404,0.0018955331828224638,0.0021652857851906585,4.891791295989719E-4,0.0020917852711737697,0.0010365558554368082,0.0020898609392513887,6.510471050064162E-4,0.008356222323371548,0.001931627663183874,0.0016214976978060887,0.0018890807053584095,0.001827966889130356,0.002115877858442805,7.995304515899283E-4,0.0017638348247992494,1.0,6.355165201371274E-4,0.00478211449981743,2.501164410749643E-4,5.500964857400492E-4,0.0014925078454968502,0.001797706743147434,0.001701992589271223,0.001720878564377439,0.01224528962546224,8.998538708303613E-4,8.448124353013446E-4,0.0011297038971050727,0.004617753086964125,0.0020401285869526137,0.0028710309226623546,0.0014453316690955895,8.110088239377767E-4,0.0026583798841371235,0.00343920714655469,0.005463759496330857,0.0015989394820259853,7.670486051515538E-4,5.321189728244207E-4,0.0016869167809958688,7.193504789376852E-4,0.0015914487406481935,0.0017852835095864264,0.001718732663279076,2.184699458689957E-4,0.02106930521183188,2.944104796152509E-4,0.0019489710353349549],[3.621778028055077E-4,2.762703903379872E-4,2.8115736018726466E-5,1.3326643750093136E-4,4.3614347614254025E-5,1.6096242052175572E-4,1.188670560880689E-4,5.450327873918455E-4,0.005265230266827337,1.2905322427042825E-4,4.648955578915813E-4,5.472442746947826E-5,0.0019273471542542878,1.89014472345037E-4,0.0075056735822612445,0.001075982534739336,8.62811631759057E-4,1.3645622896818298E-4,1.402344590190541E-4,7.295242302383937E-4,1.6429729806124289E-4,0.0011224825403173808,6.355165201371274E-4,1.0,0.0016892348427538337,5.6286706494935704E-5,5.196686132587622E-5,0.001012710298543388,2.135377603707822E-4,1.0687759141024921E-4,4.950033274334665E-4,0.009524900726196807,1.1700289062138376E-4,1.197184955071082E-4,1.0027828367822694E-4,0.013243293685867692,9.470139827774673E-4,0.004148247771359144,1.5177638221432015E-4,1.6882320275482228E-4,9.911992882125384E-4,0.001693437731653748,0.0035392204950782627,1.9562798493400532E-4,6.183476769121331E-5,1.1638733324504351E-4,1.587947429714608E-4,2.0969047822722134E-4,1.609510093999738E-4,4.85296279010342E-4,9.090692471766713E-5,1.320361876050839E-4,0.019221633431784502,2.0058503399024446E-4,8.117164230383573E-4],[0.001427308027122581,0.0030413770609868914,0.0017375659130590309,0.004377778590896545,0.004849001520974481,0.0017892654533957456,0.0013863620777511917,0.003808982633704395,0.006351058958291262,5.510891243421596E-5,0.004749011411343487,9.04646571123785E-4,0.0037638414572266016,6.637851174843922E-4,0.010721188489734221,0.0012972608530519272,0.0031622375020916643,0.0019377252537094393,0.0015385942688467323,0.004235864868826458,6.320297824547504E-4,0.0016353925930548245,0.00478211449981743,0.0016892348427538337,1.0,0.0038259669143362487,0.002732590439001725,0.002359550810248772,0.001971617719451402,0.00431046927097382,0.001946702278676265,0.014059330596199661,0.0040971695209583575,0.002062145922963903,0.004332585080308602,0.01539143945940118,0.004191278645170153,0.005619433600630067,0.0020095504453156443,0.0026720484135322963,0.004368978581770754,0.007953789447127817,0.005028287032079662,0.0031843950317617426,0.0030311287805427924,4.838304431009733E-4,0.003746641016159578,6.721578394226897E-4,0.004937030666426688,0.004522623524017048,0.0013291056691719198,0.0017665049531394833,0.009284819630900614,0.003727152890155222,0.003587573611643623],[1.6345345798212036E-4,8.175848883746529E-4,2.388756288420597E-5,5.521723744698639E-5,1.1777692679402104E-5,1.4450320777893575E-4,2.1033878337165458E-5,0.0015792056652955344,0.0015284574590088142,1.5605201993173436E-5,8.533334986200763E-4,1.8792336290457997E-5,0.0013562294391501718,1.8504053243870183E-4,0.010511425479043232,7.602559550607397E-4,8.255733237175877E-4,6.347252126541524E-5,1.0752202951497992E-4,7.209943047564719E-4,2.9959980497424124E-4,4.087843276835783E-4,2.501164410749643E-4,5.6286706494935704E-5,0.0038259669143362487,1.0,3.528525499672639E-5,3.8822651003249576E-4,3.313224209998661E-4,5.6025772136948055E-5,5.726230601019144E-4,0.012244626063204032,1.0903679668092066E-5,3.584216702520538E-5,1.9240962049942374E-5,1.2422556952592541E-5,0.0021280899380549828,0.005154586009616308,4.323273383228239E-4,2.4694035227986204E-4,0.0016319004733628501,0.00625414923510907,0.0033083696735803397,9.991178194502929E-5,2.445260401487796E-5,2.346349896554935E-5,9.854082442354197E-5,8.04996335478357E-5,1.0930451434953816E-4,6.401543413396538E-5,2.4458842117762762E-5,1.0800944974128724E-4,0.01071692264720537,9.051740672603229E-5,0.0011480624888690358],[0.0010112937245740858,0.0018046851522095888,2.821154798237457E-5,5.278584529324484E-5,2.916656132016631E-5,9.187877207249515E-5,3.825451081357173E-5,6.333507558319359E-4,0.002888039326538113,4.4888911298687974E-5,0.0010275471741190711,2.035449270390678E-5,0.0014540970199828566,1.1307538394456199E-4,0.010865207066486197,6.108562890100938E-4,7.548404530865444E-4,7.194340628048721E-5,5.438023089327149E-5,0.0011664207344256833,3.2662581430329193E-4,6.304053987768039E-4,5.500964857400492E-4,5.196686132587622E-5,0.002732590439001725,3.528525499672639E-5,1.0,4.268756799242124E-5,1.4727913966107085E-4,5.095480028187361E-5,4.694599982174961E-4,0.007295368804415257,2.7686108150764097E-5,7.587568645991521E-5,3.579243802161498E-5,0.0022297179084761823,4.950311872828098E-4,0.00355015628253485,4.3753467690940803E-4,2.32402934737358E-4,2.2017343209743286E-4,0.007967138088477313,0.0025909066252705446,1.0669191149494326E-4,3.4794540342346306E-5,6.74580781924828E-5,2.0759561340933839E-4,9.736591328089248E-5,1.4186122201336618E-4,5.966326782150267E-4,3.737938725670442E-5,1.0764648435000144E-4,0.008136855451712234,1.0093744921654509E-4,9.821053604900226E-4],[0.001070629877095585,0.0011913430434916136,2.4621253128115415E-4,3.878168457234291E-4,7.149485473291554E-4,6.642021913041153E-4,3.9468578300775947E-4,0.0012517232104577898,0.004860139581224333,8.467939619822527E-4,0.0012552904952524656,4.1618667149555824E-4,0.0020741067996904944,5.658467725493456E-4,0.010835505215579496,0.0011319878389462216,9.582115011236529E-4,9.210651022687825E-4,7.180051274564891E-4,0.0017191075780825338,8.72763335788904E-4,0.0010661866905926794,0.0014925078454968502,0.001012710298543388,0.002359550810248772,3.8822651003249576E-4,4.268756799242124E-5,1.0,9.274697590035497E-4,5.229415910956202E-4,0.0010188900135081535,0.006133032595781822,2.9790942387651766E-4,3.8457862184149117E-4,1.45546950280302E-4,0.015435048423359509,0.001856565974582117,0.005186621579465318,8.044987424652152E-4,8.784493747428845E-4,0.0023633300555511295,0.002033720289679908,0.0041331394149475625,8.550780602431815E-4,6.2035478594227E-4,9.765397575857477E-4,4.368505008517439E-4,3.9553234775340754E-4,9.522625169404801E-4,0.0010503745913588332,3.3457746223120304E-4,1.4821572019815439E-4,0.022049124699410543,3.18457253266328E-4,0.0011200740066422833],[7.234018707792324E-4,0.002164880425177473,2.0334636153222587E-4,2.293801613713869E-4,5.005086395494976E-5,2.444073129397898E-4,9.844580083583464E-5,0.0015474930316543784,0.0010582389620968464,2.0965685177754012E-4,0.0017222112107264944,1.3405758078897535E-4,6.164570220950835E-4,2.740650975233419E-4,0.010929596085618951,6.977705962728301E-4,7.562744085074896E-4,1.6783498775035393E-4,2.390339835888436E-4,0.001466201975303879,4.025248693295243E-4,3.926076269105093E-4,0.001797706743147434,2.135377603707822E-4,0.001971617719451402,3.313224209998661E-4,1.4727913966107085E-4,9.274697590035497E-4,1.0,3.070981530438157E-4,9.320706971509961E-4,0.005534643106861927,1.0765065841242426E-4,1.9727266778185116E-4,2.2976839712827163E-4,0.012937034678388673,0.0018714919316129366,0.0044208288114766636,5.771544555348263E-4,2.9079389025634707E-4,0.001376044214070313,0.005382862928241261,0.004325685285128478,2.9008788105671464E-4,2.4320313326465698E-4,1.792165072126941E-4,3.1810664069360664E-4,3.274906096580575E-4,3.069352060998999E-4,7.126352768752494E-4,1.7889620873317514E-4,1.8884922040368778E-4,0.018516735651396863,3.177690558807336E-4,8.358456950536754E-4],[3.5161322653140894E-4,0.0010180664746126582,4.576661682932981E-5,1.1220407159224691E-4,3.221172425018594E-5,1.6256655569255843E-4,5.694729669602571E-5,6.173837109791731E-4,0.0022680152205789904,7.323889179940385E-5,3.568916209916779E-4,2.130619216714389E-5,0.0014440044372896488,2.425776328409286E-4,0.0012557708723378762,9.184802977663124E-4,5.387071189833063E-4,1.285546070576326E-4,1.1713379339974132E-4,0.0010131050096853587,2.2078284544072748E-4,8.313955869262565E-4,0.001701992589271223,1.0687759141024921E-4,0.00431046927097382,5.6025772136948055E-5,5.095480028187361E-5,5.229415910956202E-4,3.070981530438157E-4,1.0,6.381732823856076E-4,0.004637374813090861,6.19490657563885E-5,8.563462977319368E-5,4.204194866624093E-5,0.014133359497939882,9.398079824804893E-4,0.0037430441381053393,1.8978367834704028E-4,2.2717593429621101E-4,2.452437419001086E-4,0.002199235476273086,0.0028013053426085995,1.1809112345848799E-4,5.272595070566486E-5,9.588027014896884E-5,2.0542798893404273E-4,1.1753202859375319E-4,1.575168861126276E-4,8.934628273969634E-4,5.1731465796593126E-5,8.849143420009303E-5,0.006188216467646915,1.479836964325977E-4,7.898114875221939E-4],[0.0010766746018001662,0.0019050504916738255,7.186326671423883E-5,4.734625269504474E-4,5.061637421034581E-4,8.242020800799559E-4,3.265434693378207E-4,0.0013040803704084027,0.001408029045096482,9.650808517615457E-4,0.002160528740615286,9.93295608053905E-4,0.0014242589692578483,6.947164080263473E-4,0.00999487582887221,0.0011960113943304913,0.0010125396128984718,3.3347824700312846E-4,7.565311397168901E-4,0.00144277445959755,9.841992985817807E-4,0.0015016011399503805,0.001720878564377439,4.950033274334665E-4,0.001946702278676265,5.726230601019144E-4,4.694599982174961E-4,0.0010188900135081535,9.320706971509961E-4,6.381732823856076E-4,1.0,0.015234711446503063,3.160089335197016E-4,3.456421401588373E-4,2.1054450908210778E-4,0.0029939846556381626,0.0013419267476713456,0.0023366090427459456,0.0010076915750489037,3.3558941892295743E-4,0.001966680884189588,0.006719468712017061,0.0031723142163697223,8.815595798148226E-4,6.086460951162452E-4,4.366584810308023E-4,6.903465975256094E-4,8.572360302954503E-4,4.0591949117238957E-4,0.0010363603470939272,8.91155024947388E-4,7.098560086541371E-4,0.019617155751906486,6.735093715402417E-4,0.0010650250937812382],[0.010134431250167285,0.0074253569790503505,0.005776231795376292,0.0051529417032156605,0.016843951076705017,0.00658304417293438,0.009304670767813713,0.0019278190074430838,0.01229753590502303,0.009067918484764617,0.002509369761458307,0.0048620544455423255,0.016069536366320806,0.013994112462526829,0.0164537445370337,0.006900837423102525,0.007784248878054442,0.002016747926946498,0.007437712744860225,0.012615382321825032,0.011273948338206283,0.013054008350912853,0.01224528962546224,0.009524900726196807,0.014059330596199661,0.012244626063204032,0.007295368804415257,0.006133032595781822,0.005534643106861927,0.004637374813090861,0.015234711446503063,1.0,0.014630583178372918,4.580665089692484E-4,0.005271081881159504,0.017522200532768914,0.005711262898813513,0.006105241687402481,9.902629021385325E-4,6.333165454306341E-4,0.014396338656469833,0.013901717896575634,0.007913506911330484,0.003918182357741737,0.014529765462566391,0.006642522083269425,0.004431241840829765,0.013861724330032577,0.008234507360026361,0.016696508253234266,0.015208583510277165,0.0040738737194438,0.022189857825752914,0.0015299339558774393,0.0014461541684023622],[4.1154322669347167E-4,7.452924187376744E-4,1.6886221323917466E-5,4.38454969269598E-5,1.3469015002491746E-5,1.5141093233907486E-4,1.588123539483987E-5,5.199942196937259E-4,0.0020339102674746374,3.5950823845414075E-5,8.149332293941922E-4,1.8805391558281797E-5,4.289201811804839E-5,1.8435337201817712E-4,0.00775396753970624,4.056753691774191E-4,9.248619333041081E-4,2.745885822164701E-5,7.462401985366177E-5,0.0018708284243975151,1.1379031912769989E-4,0.0012190213009351974,8.998538708303613E-4,1.1700289062138376E-4,0.0040971695209583575,1.0903679668092066E-5,2.7686108150764097E-5,2.9790942387651766E-4,1.0765065841242426E-4,6.19490657563885E-5,3.160089335197016E-4,0.014630583178372918,1.0,6.157605733764808E-5,1.5845960763706997E-5,0.007338892476341981,0.0014336691837786198,9.78942598059577E-5,3.073376294819629E-4,2.2080551672885374E-4,0.0021627121379683384,0.0013773091602529719,0.002604929897938794,1.3702841560906689E-4,2.1848736567529183E-5,7.087211542297266E-5,1.7500568568361627E-4,1.2403618804335915E-4,1.5668510779114889E-4,9.811958634212978E-4,2.4901180650165743E-5,5.445088196088354E-5,0.014280509391611896,7.157902167669314E-5,7.28597202222197E-4],[5.557959611404986E-4,8.790142480345009E-4,1.0280844522493065E-4,1.122034058720898E-4,9.378556537876522E-5,1.8036873152766093E-4,6.634690352676264E-5,7.80697077717143E-4,4.39615834927559E-4,5.9977539203970595E-5,3.9630159751958427E-4,2.0172386342942043E-5,7.72695708000723E-4,2.0191948592120014E-4,0.009736732962015382,0.0011690799018827145,2.3927239566198208E-4,1.4239207404029847E-4,1.368282389988284E-4,0.0017266992031716776,3.26678289807165E-4,7.31532574664018E-4,8.448124353013446E-4,1.197184955071082E-4,0.002062145922963903,3.584216702520538E-5,7.587568645991521E-5,3.8457862184149117E-4,1.9727266778185116E-4,8.563462977319368E-5,3.456421401588373E-4,4.580665089692484E-4,6.157605733764808E-5,1.0,5.2232963060592446E-5,0.011725732630956758,9.160064867629349E-4,0.0038671572271249104,5.245038974463132E-4,2.3893444768592013E-4,0.0021229241730475667,9.850500630361016E-4,0.00264838653712826,1.7895532819607525E-4,6.58138708428799E-5,1.0525418410002596E-4,1.4850474744203701E-4,1.0679689838503589E-4,1.6105813489850665E-4,0.001040727259762524,4.675699529922173E-5,1.1132896685497674E-4,1.9652663345814925E-4,1.1891231140023997E-4,0.001072474244370018],[3.1346733851896156E-4,0.0010239824133920481,2.855897928432647E-5,8.851553375861369E-5,3.0791655775435064E-5,5.665848851925303E-5,3.4477707758621555E-5,6.761556815126238E-4,0.003235714198809649,3.959230979285799E-5,9.337884411275202E-4,2.582613328440276E-5,0.0012490640283921532,5.322177488491113E-5,0.005401085810828714,8.766054703538388E-5,6.796020474799308E-4,5.603640176429592E-5,7.527440301092499E-5,0.001194758690836819,2.1874736524653003E-4,0.0010273689600478956,0.0011297038971050727,1.0027828367822694E-4,0.004332585080308602,1.9240962049942374E-5,3.579243802161498E-5,1.45546950280302E-4