[[1.0,9.606895691620421E-5,0.003484327541202407,0.011699462327887801,0.005498172394145354,5.785530954532266E-4,6.033996789593133E-4,1.8046151544751836E-4,0.001021490373061799,7.37899744195045E-4,4.035693805466295E-4,0.016025051626344395,3.0749867902335454E-4,4.188829014478778E-4,6.155387542152477E-4,2.8089428559959954E-4,3.2064307428521574E-4,0.0014438527355927135,0.0011938097965270055,1.9800319487159454E-4,1.436147136297359E-4,0.027180833998259865,1.5536943695689913E-5,0.00814139363378181,0.0029963766513997165,6.217430109092818E-4,8.825037010349664E-4,4.775210893393104E-4,3.312444510478902E-4,0.002848232129391075,7.445125105148502E-4,2.5142993388463917E-4,8.057172741660378E-4,0.017258949031073865,0.010833325211583008,8.494579601310123E-4,4.012985069802959E-4,0.0010399012254806925,1.580827215728639E-4,5.283604467359445E-4,2.699474676327102E-4,3.941924664958503E-4,0.018454075139211334,8.357844447555051E-4,4.183698685185457E-4,6.625093374961745E-4,4.182081059960661E-4,6.808875785769147E-4,4.053868463926778E-4],[9.606895691620421E-5,1.0,0.0032365029036491833,0.004020402429349643,0.006273073193303634,2.3937485911780613E-4,1.5595269806763044E-5,1.3439639677103032E-4,8.497686386770833E-4,6.37633948489866E-5,9.253461316547517E-5,0.016213209366221597,1.1284929254426948E-4,1.1171731678722896E-4,9.541480792928938E-5,1.716717286284817E-5,1.1664738042033887E-5,0.0011226438260609338,0.001309267986602911,7.221633875000696E-5,1.656569636556182E-5,0.005132492996049508,1.65077441150071E-5,0.00969738592253419,0.0012041992233961596,5.161825960190249E-5,7.854608818821209E-4,2.2117574321813267E-5,9.937233622020551E-5,3.207947057087162E-5,2.603331789675667E-4,6.421394690830345E-5,7.320472815665346E-4,0.02880033574842048,0.010472907553539027,0.00930933130248891,2.120938956393345E-5,0.0010542513783346622,4.6194055495805744E-5,3.651816395131412E-5,1.1709991305669057E-4,5.1180385424003444E-5,0.001807637677143333,6.336518686354905E-4,1.965192478233535E-4,7.603549440705348E-4,1.0360087877806056E-4,3.5196707536391944E-4,5.6456973147528085E-5],[0.003484327541202407,0.0032365029036491833,1.0,0.006066726438513862,0.011101021678747311,0.0036963121123679862,3.3860160324057257E-4,0.004313624202298853,0.004850289410447248,0.004732632289993386,0.0010831957456653779,0.013454480036752967,7.160204090143458E-4,0.003813192566440059,0.005369150417878591,0.0018784190247514597,0.00461729017541705,0.004323412214694061,0.004196390030237193,0.003342509230030886,0.0010519287636457182,0.01686024730722631,0.0014911216969073623,0.00794137250921059,0.006373060968265131,0.002917064246962564,0.0035985938935431997,0.004843552326205442,0.001798647412081239,0.004219493137117088,0.003066498803441218,6.621344776281112E-4,0.004743502512617267,0.02134011853287906,0.013229391395962513,0.01640699015940909,0.0012192834209797164,0.0039150866790293795,0.0017903374124204343,0.002626097595171921,0.0010126166564134711,0.0011187335962639187,0.006519419904647903,0.002684539485090058,0.002861898973804759,0.003525650448316051,0.002647878428491794,0.003701178786264341,3.688416953227615E-4],[0.011699462327887801,0.004020402429349643,0.006066726438513862,1.0,0.014052163766533265,0.003941068252284166,0.0017673219061878616,0.0050597665344886715,0.013089121309082201,0.013447058891371677,0.011039022032781383,0.014435530246875437,0.013686256175903157,0.012784748501887136,0.007351506685710487,0.003935456170177377,0.0096476623567163,0.010897961951189479,0.003871008613981436,0.008598631079110075,0.008969799475174177,0.026929434142970977,0.0015823908503847064,0.01052848474116183,0.007146298168533034,0.003752193950246782,0.005927404761916191,0.006945972718841328,0.0012177399051959965,0.0077753252168939885,0.005632856164757298,0.013571921564984563,0.0060767327530716585,0.02607236460146606,0.013809841370630975,0.017152464858020418,0.002527707689873587,0.01370047239720705,0.011778948446264188,0.010299944823274378,0.01340574275087621,0.008758464888765326,0.01563553472933598,0.009276613323948217,0.008760043000651273,0.004691194382571972,0.0015585010675670892,0.005279597186277974,0.0029636733094204446],[0.005498172394145354,0.006273073193303634,0.011101021678747311,0.014052163766533265,1.0,0.009384859377791916,0.0029580941594125193,0.009203254303291433,0.0033820590594000346,0.010087016669247554,0.00823706560495859,0.01444493727089515,0.006699391867088784,0.008453709043873082,0.006362405578520764,0.006746582574677807,0.009910260832100077,0.011932065745185967,0.0038148160535429318,1.9725672705148316E-4,0.0124531737608516,0.027389471718996958,0.012648370362765586,0.012880134283676355,0.009309899743478392,0.0029449953674428033,0.009379864427617166,0.006033008824381209,0.012731325835639708,0.003686966981843554,0.011112949495959906,0.011100412103495695,0.006494763377378763,0.04377143313510169,0.013460669432752169,0.016486647646209402,0.012039006680498832,0.010383081408294248,0.013224975639744448,0.0030072313591012964,0.005291001108215191,0.009247529895623902,0.021578317220906033,0.010719342135391873,0.01184903525364311,0.0014347410298869974,0.013581599895663956,9.040993741581267E-4,0.012326999145718014],[5.785530954532266E-4,2.3937485911780613E-4,0.0036963121123679862,0.003941068252284166,0.009384859377791916,1.0,2.606387399940171E-4,3.321888172975496E-4,0.0011398704571023849,6.823433087034278E-4,3.910998206475433E-4,0.010602247852690748,3.1061739460974143E-4,2.643414318962895E-4,1.7751040901933538E-4,7.871708216100395E-5,7.376352778790129E-5,0.0010233512819104432,5.906245551940015E-4,3.0165552093168067E-4,2.4158923217625146E-5,0.013457869551247661,2.4443958778034154E-4,0.00825671986581504,0.00447399009428199,3.8017265310889115E-4,9.252486100081547E-4,1.1055017834616474E-4,3.932172889752648E-4,0.001362528300823912,5.72956919849735E-4,4.0776118018317397E-4,5.623675704066941E-4,0.010005772931262098,0.00842223037820645,0.010785711133785684,5.375284115800108E-5,5.39798235611066E-4,3.387052958423927E-4,1.681385625617723E-4,3.3258786956841393E-4,3.3137390580741935E-4,0.011830275707795015,7.28795171820972E-4,3.476689273848386E-4,7.875693404495582E-4,2.891197315687166E-4,6.134120112587821E-4,3.230838725940861E-4],[6.033996789593133E-4,1.5595269806763044E-5,3.3860160324057257E-4,0.0017673219061878616,0.0029580941594125193,2.606387399940171E-4,1.0,1.4191340926496133E-4,0.0012277820890421263,2.0754931595958054E-4,3.019142999858836E-4,0.00525795292601001,4.857470342553676E-5,8.25880154018533E-5,9.209635459109078E-5,1.2799678163991645E-5,1.208794350418571E-5,0.001964744761286988,8.360647092858285E-4,1.0595069388087577E-4,1.274894598778833E-5,1.908190184295827E-5,1.3237053068453627E-5,0.009593030638175688,0.00152696672339892,2.738348258582297E-4,5.143369159768047E-4,1.3895730786706138E-5,9.66756849111483E-5,8.092894585598465E-4,9.168993530683114E-4,7.194736123676544E-5,2.359128477105415E-4,0.017935323774416957,0.005174923228080745,0.001036802784018821,2.125703861858151E-5,2.624738228758603E-4,1.5344947384001148E-5,6.270504867278839E-5,1.9088614930490422E-4,7.781981359537536E-5,0.014606150214152897,8.490271109968001E-4,2.136359593828122E-4,6.697348095374939E-4,1.926784937826551E-5,3.803361329003273E-4,7.914575650817394E-5],[1.8046151544751836E-4,1.3439639677103032E-4,0.004313624202298853,0.0050597665344886715,0.009203254303291433,3.321888172975496E-4,1.4191340926496133E-4,1.0,9.03358182099074E-4,3.6811555521181215E-4,2.840642972234302E-4,0.012976024052507312,1.4644074639292749E-4,1.9479575336613336E-4,1.4852419621477964E-4,7.480059614038841E-5,9.907286422297269E-5,0.0012314747188858558,8.664430982905735E-4,1.4431515206639743E-4,1.568183249196647E-5,0.041213849735063986,4.0279100924942135E-5,0.006023283260047723,0.0034159834003902505,2.54259225828262E-4,5.236097311347644E-4,1.0394084176439979E-4,1.3425125898618116E-4,0.0023232170718569577,7.955255230162638E-4,1.5940305222399509E-4,9.538386040183865E-4,0.037495415273536156,0.001959491359015268,0.010028173564665326,2.4387895531250415E-5,0.0011791595436815969,1.2466886852037943E-4,1.2037556177260829E-4,1.7544309993264957E-4,2.3767320746593076E-4,0.003216265213049834,9.761909217077732E-4,2.5136364815672046E-4,4.644869223658511E-4,1.6102146131678064E-4,3.556562766060612E-4,1.6248469853426747E-4],[0.001021490373061799,8.497686386770833E-4,0.004850289410447248,0.013089121309082201,0.0033820590594000346,0.0011398704571023849,0.0012277820890421263,9.03358182099074E-4,1.0,9.50539521808932E-4,0.0016363819760648725,0.002813751267135277,0.0011989952179618378,0.0010319605740050871,0.0011321181919811732,2.1379363878776188E-4,0.0017466052938979557,0.00301679610910911,0.001432808552305386,4.311606247586175E-4,0.002175603393524405,0.018563886744362934,0.002182474085137952,0.009477520415549999,0.005271369797682037,7.645222597233273E-4,0.0016579122975963244,0.002229945293851097,9.28172466450786E-4,0.0025904672182275918,0.0011278634957874426,0.0020492278607324777,0.0012993283846197512,0.007502496992273832,0.00734540738839588,0.014893511141795497,0.0016478014157832624,0.0015248724362777362,0.0012918968339045212,7.063329852198726E-4,0.0012311058600308002,0.0012443270133511253,0.015215034240690033,0.0018604465374849897,0.0016585278300151633,0.0013952701326832497,0.0015506677681286442,0.0013973921085901606,5.011757548480804E-4],[7.37899744195045E-4,6.37633948489866E-5,0.004732632289993386,0.013447058891371677,0.010087016669247554,6.823433087034278E-4,2.0754931595958054E-4,3.6811555521181215E-4,9.50539521808932E-4,1.0,3.8626076680595557E-4,0.002904446522329939,3.449231500750749E-4,3.270190074828764E-4,2.978191454871651E-4,2.836172795436979E-4,5.945858010816929E-4,0.0029457884599448352,0.0013251404303927655,2.069299159396166E-4,6.54887376863342E-4,0.03017252675590505,2.4498688842115716E-4,0.006900083407609797,0.003059378104117481,4.073066554374422E-4,8.430786268330729E-4,5.664702915750164E-4,6.370121231669946E-4,0.0018891758805024885,8.052095665540954E-4,6.144356458565512E-4,0.0010246253016867846,0.045161920269900346,0.0059938985871022124,0.008159690711244076,4.483758227249011E-4,8.252940284582532E-4,1.2383879048922646E-4,3.3375073485512186E-4,3.683769501396921E-4,5.893474470663556E-4,0.006220119620220211,9.300121845096809E-4,7.366718239505063E-4,8.401909188083143E-4,5.070095077550318E-4,6.955882787017172E-4,5.488275678972257E-4],[4.035693805466295E-4,9.253461316547517E-5,0.0010831957456653779,0.011039022032781383,0.00823706560495859,3.910998206475433E-4,3.019142999858836E-4,2.840642972234302E-4,0.0016363819760648725,3.8626076680595557E-4,1.0,0.01072051460969818,3.459487863110712E-4,2.4774783691337414E-4,3.608465383822519E-4,1.6121862593891745E-4,2.1133359828909984E-4,8.423635608630108E-4,5.916027153766219E-4,1.827451592500211E-4,3.6428398448380223E-4,0.03847010276910408,3.036852765139627E-4,0.00879591666861269,0.00465691473982564,3.725017018848721E-4,4.4608556822445803E-4,2.3721415251114E-4,1.305553596816995E-4,0.0026315464871933163,5.423096583981491E-4,2.2622729771613285E-4,0.0010331933774374307,0.03086672578497209,0.009884822572558558,0.0016680533673598835,2.6997242975110317E-5,0.0010932681628538065,2.6013600495879976E-4,2.767957553879051E-4,2.870359647213473E-4,3.1826233752108783E-4,0.0022751708633234665,4.1382986895706104E-4,3.6757515880745767E-4,5.287735692458036E-4,2.0786739674135554E-4,5.245866362746036E-4,2.709459412242097E-4],[0.016025051626344395,0.016213209366221597,0.013454480036752967,0.014435530246875437,0.01444493727089515,0.010602247852690748,0.00525795292601001,0.012976024052507312,0.002813751267135277,0.002904446522329939,0.01072051460969818,1.0,0.00534586178873807,0.016735256673074135,0.015938070596054517,4.96039387824336E-4,0.0018609419277236753,0.01670945053282494,0.006549851077550537,0.002361793915024291,0.008712388395764098,0.028473181711069367,0.009559635995076336,0.013913364174409876,0.009735268709707152,0.0023080674360849737,0.009365874659511872,0.012704284964969182,0.01390581177117423,0.01605943409415807,0.010827502225150536,0.008127884329899492,0.016544303425298924,0.04617084061067678,0.014276639208825222,0.017485025582657656,0.016811034672893785,0.0025764977656918125,3.415975602419816E-4,0.011090817512931764,0.01709480235748173,0.012810552320908027,0.021640486749238724,0.004540050737670837,0.005241289996017846,0.01097001474595648,0.00772956516941961,0.014303647409504202,6.661445050347847E-4],[3.0749867902335454E-4,1.1284929254426948E-4,7.160204090143458E-4,0.013686256175903157,0.006699391867088784,3.1061739460974143E-4,4.857470342553676E-5,1.4644074639292749E-4,0.0011989952179618378,3.449231500750749E-4,3.459487863110712E-4,0.00534586178873807,1.0,1.5618599481138543E-4,1.3236332989020443E-4,1.583945734918545E-5,1.0364072120593589E-4,0.0022456227870488034,0.0011256438308567557,1.2089769001130774E-4,2.567934898279772E-5,0.002564995856054206,1.0602239654490704E-4,0.0015541043893208574,0.005175186476525026,3.4294954680372486E-4,1.413828869753995E-4,9.233220887950768E-5,1.2908403427234826E-4,7.020261187980153E-4,7.129870568845493E-4,1.310786815613386E-4,3.081900027571804E-4,0.02589534146142213,0.006321334234711326,0.013080904363955119,4.6913219099883543E-5,3.534970825751543E-4,1.2448428706662916E-4,1.2023204121373332E-4,2.2016064998659453E-4,1.3813981929091635E-4,0.0013538718324615766,8.269594968010003E-4,1.9182966513544723E-4,1.4057837906643892E-4,1.359925124956431E-4,6.188896512216882E-4,1.6175092941727066E-4],[4.188829014478778E-4,1.1171731678722896E-4,0.003813192566440059,0.012784748501887136,0.008453709043873082,2.643414318962895E-4,8.25880154018533E-5,1.9479575336613336E-4,0.0010319605740050871,3.270190074828764E-4,2.4774783691337414E-4,0.016735256673074135,1.5618599481138543E-4,1.0,1.4946019523954265E-4,1.4193502947365945E-4,1.3956722385891052E-4,5.951907666468951E-4,0.0010259254540759,1.6255052692050275E-4,1.6597080354645194E-4,0.02278918443357655,1.075562071067447E-4,0.006549057871687375,0.005291567800797327,3.019317053004474E-4,4.899297890795418E-4,1.9699335212882362E-4,1.28950107667049E-4,0.0019300457432532662,8.079403594391818E-4,1.3776159615863702E-4,7.422260101962331E-4,0.04273053354816549,0.010375073347720948,0.008686984886988509,1.095173266000702E-4,8.943990683608958E-4,1.8854304214006862E-4,1.6519376803706472E-4,2.118301718473395E-4,2.194009348847732E-4,0.005016270868324577,9.01139218792972E-4,2.3896654774639781E-4,5.599202310089751E-4,1.615103031898388E-4,2.6610202735346346E-4,1.840873859470054E-4],[6.155387542152477E-4,9.541480792928938E-5,0.005369150417878591,0.007351506685710487,0.006362405578520764,1.7751040901933538E-4,9.209635459109078E-5,1.4852419621477964E-4,0.0011321181919811732,2.978191454871651E-4,3.608465383822519E-4,0.015938070596054517,1.3236332989020443E-4,1.4946019523954265E-4,1.0,6.771510110618943E-5,1.301955054326824E-4,0.0021486962143325633,0.0011492497511684833,1.3306174660875634E-4,4.0470128009802516E-5,0.014074553912177015,9.088402070526021E-5,0.007772694593051241,0.003857459720693824,1.5783870313514398E-4,3.635375620240401E-4,1.0337068045438539E-4,1.3089301373835814E-4,0.002537372538715493,3.508890256462842E-4,1.338729784201145E-4,9.055072449763049E-4,0.04428395685594073,0.009506173747230935,0.0010039873433376673,3.532257705546267E-5,2.016319837473987E-4,1.24829465594378E-4,1.3051966774985335E-4,1.9229494313929965E-4,1.786183962353674E-4,0.024703081250891074,3.5234048414946323E-4,1.6656449357343534E-4,5.399969597038147E-4,1.3877321652041517E-4,6.722405009456913E-4,1.3624912039592868E-4],[2.8089428559959954E-4,1.716717286284817E-5,0.0018784190247514597,0.003935456170177377,0.006746582574677807,7.871708216100395E-5,1.2799678163991645E-5,7.480059614038841E-5,2.1379363878776188E-4,2.836172795436979E-4,1.6121862593891745E-4,4.96039387824336E-4,1.583945734918545E-5,1.4193502947365945E-4,6.771510110618943E-5,1.0,1.3063758539750614E-5,0.0020217192074034216,3.812977008001612E-4,2.831174190127578E-5,1.3144970475045437E-5,0.02621333968883315,1.3600805463531007E-5,0.008966943810041112,3.1917535521750926E-4,2.2273794952044622E-4,4.15819664367027E-4,1.3769462385871573E-5,6.347321309632357E-5,5.106187392968763E-5,6.090711841662472E-4,4.72550433182101E-5,4.6788093714657963E-4,0.04058630326140339,0.002062952614790773,0.01270190389876652,1.6256697599758986E-5,7.137237097931123E-4,9.257762303792922E-5,9.189976992296383E-5,1.1632536945303797E-4,9.926038267958322E-5,0.02692294051431287,3.8669770833922774E-4,9.079489687563971E-5,3.7131019848444185E-4,8.454640796712594E-5,6.042627911466096E-4,9.335302887415187E-5],[3.2064307428521574E-4,1.1664738042033887E-5,0.00461729017541705,0.0096476623567163,0.009910260832100077,7.376352778790129E-5,1.208794350418571E-5,9.907286422297269E-5,0.0017466052938979557,5.945858010816929E-4,2.1133359828909984E-4,0.0018609419277236753,1.0364072120593589E-4,1.3956722385891052E-4,1.301955054326824E-4,1.3063758539750614E-5,1.0,0.0014555960249466762,7.831266577583275E-4,5.3126830931654984E-5,1.2017546587877038E-5,0.03833369184561606,1.3691635581273916E-5,0.008307763137655988,0.0032987132805794342,2.0931814328876885E-4,2.153183449486834E-4,2.362240868308204E-5,5.484799709132036E-5,8.259650068788908E-4,8.090471763521571E-4,1.3103234085450201E-4,6.457890521395875E-4,0.013891090918695463,0.009201319377041389,0.016943571739766336,1.494809246690455E-5,3.792296303339067E-5,2.31093337699568E-5,7.357144816606243E-5,4.450125888310184E-5,5.303265676664466E-5,0.0064313182662510075,6.225744989646067E-4,2.2789170992962456E-4,8.579425816713918E-4,1.4039253713942656E-4,4.684082928483549E-4,9.521634543688303E-5],[0.0014438527355927135,0.0011226438260609338,0.004323412214694061,0.010897961951189479,0.011932065745185967,0.0010233512819104432,0.001964744761286988,0.0012314747188858558,0.00301679610910911,0.0029457884599448352,8.423635608630108E-4,0.01670945053282494,0.0022456227870488034,5.951907666468951E-4,0.0021486962143325633,0.0020217192074034216,0.0014555960249466762,1.0,0.0022138975572361915,0.002628953198265383,0.002213062549611868,0.035415673041167745,7.171653863394175E-4,0.004027905186174334,0.0064006007394925525,0.0026866188435162803,0.002678609443524675,0.002165282240231448,0.002113631183929295,0.003040765407500497,0.002158352902015134,7.861617092542928E-4,0.0019612077130507707,0.024987633392544322,0.011579307931746715,0.0031386053974849577,3.6896295562052593E-4,0.0026759683184067974,0.0010879854315908807,9.575633551766019E-4,0.0022499881523585464,0.0029270181152155077,0.025310367881642818,0.0023546833372472516,0.0024894171138499684,0.0016200219917844975,0.0029407417634599673,0.0018709883471688853,0.0022169580721644886],[0.0011938097965270055,0.001309267986602911,0.004196390030237193,0.003871008613981436,0.0038148160535429318,5.906245551940015E-4,8.360647092858285E-4,8.664430982905735E-4,0.001432808552305386,0.0013251404303927655,5.916027153766219E-4,0.006549851077550537,0.0011256438308567557,0.0010259254540759,0.0011492497511684833,3.812977008001612E-4,7.831266577583275E-4,0.0022138975572361915,1.0,0.0012128534101246812,0.0011389575114399534,0.03628316645693012,5.979283387153676E-4,0.006766030296132931,0.002795679275901671,7.095292812094322E-4,0.0013373302644384445,7.245433669128018E-4,2.810047787564193E-4,0.002340442770089506,9.999853925414547E-4,4.3645794022779624E-4,0.0010723143452416905,0.012991746354135334,0.01045654775987952,0.008780742608732656,7.372208094203022E-4,0.0012783758528124335,6.246794389269941E-4,6.513106886220676E-4,0.001213734440673185,0.0013336714259841558,0.02044603156719939,0.0012200136196478342,7.534027282767371E-4,0.0011794187175174183,8.794361034081392E-4,9.893111944924446E-4,5.425003493692554E-4],[1.9800319487159454E-4,7.221633875000696E-5,0.003342509230030886,0.008598631079110075,1.9725672705148316E-4,3.0165552093168067E-4,1.0595069388087577E-4,1.4431515206639743E-4,4.311606247586175E-4,2.069299159396166E-4,1.827451592500211E-4,0.002361793915024291,1.2089769001130774E-4,1.6255052692050275E-4,1.3306174660875634E-4,2.831174190127578E-5,5.3126830931654984E-5,0.002628953198265383,0.0012128534101246812,1.0,2.0477050128948648E-5,0.019732607378608703,7.604791101376625E-5,0.0030022113595981467,0.0015005138118991596,2.0673824917674904E-4,3.829877244303933E-4,2.6143554777136194E-5,1.1160198076940206E-4,0.0011527495337750823,4.641987649955508E-4,1.2218091962484052E-4,4.883786364446338E-4,2.4431148213508206E-4,0.004155092218055549,0.011230354240205222,1.1663212381641959E-4,9.540813235019542E-4,1.2018861427338588E-4,1.1657337013844897E-4,1.4254415002576678E-4,1.6869021688144885E-4,0.0048273127698925025,2.9816722569299983E-4,2.0702338803668072E-4,5.691157477114284E-4,1.2287096403086273E-4,5.377343679121462E-4,1.5836108188766417E-4],[1.436147136297359E-4,1.656569636556182E-5,0.0010519287636457182,0.008969799475174177,0.0124531737608516,2.4158923217625146E-5,1.274894598778833E-5,1.568183249196647E-5,0.002175603393524405,6.54887376863342E-4,3.6428398448380223E-4,0.008712388395764098,2.567934898279772E-5,1.6597080354645194E-4,4.0470128009802516E-5,1.3144970475045437E-5,1.2017546587877038E-5,0.002213062549611868,0.0011389575114399534,2.0477050128948648E-5,1.0,0.019990405767464952,1.4300152286030071E-5,0.0035213345139008465,0.0029022651153158083,2.9859396423868395E-4,4.2083228273761666E-5,2.131046603307106E-5,6.933352439119459E-5,7.607774182762066E-4,1.0379172158253844E-4,7.191924933484066E-5,4.122334746557474E-4,0.013205604583689905,0.012190035446274764,0.002145860736214516,1.5681873214526746E-5,0.0011254552765951032,1.0122833670933207E-4,3.913483451889742E-5,2.154085495994225E-4,1.5728664405153744E-4,0.0190651064802712,8.866952766219754E-4,1.97484897409623E-4,2.21172751619607E-4,1.4621032585535152E-4,6.107974226496798E-4,3.374573729691537E-5],[0.027180833998259865,0.005132492996049508,0.01686024730722631,0.026929434142970977,0.027389471718996958,0.013457869551247661,1.908190184295827E-5,0.041213849735063986,0.018563886744362934,0.03017252675590505,0.03847010276910408,0.028473181711069367,0.002564995856054206,0.02278918443357655,0.014074553912177015,0.02621333968883315,0.03833369184561606,0.035415673041167745,0.03628316645693012,0.019732607378608703,0.019990405767464952,1.0,0.03879949964179453,0.027887370904285134,0.024397332954476936,0.01642612957054097,0.017272731900504004,0.030651783588687004,0.01573289116701928,0.042962421692701445,0.030526982615941476,0.018176360944139665,0.017075666161910072,0.04513806514955007,0.027102090245423125,0.03873610092911546,0.03929769494662076,0.03275211356573056,0.04279008956631778,0.030839912854371498,0.035688969559019845,0.008260852400550878,0.03842052777197696,0.025448275182226008,0.0318793466312004,0.029508351528188828,0.012146226150022834,0.01865842704460302,0.03926466923734992],[1.5536943695689913E-5,1.65077441150071E-5,0.0014911216969073623,0.0015823908503847064,0.012648370362765586,2.4443958778034154E-4,1.3237053068453627E-5,4.0279100924942135E-5,0.002182474085137952,2.4498688842115716E-4,3.036852765139627E-4,0.009559635995076336,1.0602239654490704E-4,1.075562071067447E-4,9.088402070526021E-5,1.3600805463531007E-5,1.3691635581273916E-5,7.171653863394175E-4,5.979283387153676E-4,7.604791101376625E-5,1.4300152286030071E-5,0.03879949964179453,1.0,0.0037399117450832983,0.003806174898518407,1.7134092606916265E-4,7.037953531361656E-4,2.2248189239054204E-5,2.028872882486086E-5,0.0017353978405247191,2.248956768516354E-4,7.976495401776124E-5,7.040062193215088E-4,0.03804949898232127,0.008407741322408863,0.016194327245023662,1.4726820089396414E-5,5.805605810498101E-4,9.388899225545297E-5,2.0031170046579077E-5,1.680785624311296E-4,2.446606692733839E-4,0.02144587040402896,7.920398810409426E-4,1.7871178793268583E-4,2.694183657129288E-4,1.4128574903297096E-4,5.542029041848657E-4,9.520387376267184E-5],[0.00814139363378181,0.00969738592253419,0.00794137250921059,0.01052848474116183,0.012880134283676355,0.00825671986581504,0.009593030638175688,0.006023283260047723,0.009477520415549999,0.006900083407609797,0.00879591666861269,0.013913364174409876,0.0015541043893208574,0.006549057871687375,0.007772694593051241,0.008966943810041112,0.008307763137655988,0.004027905186174334,0.006766030296132931,0.0030022113595981467,0.0035213345139008465,0.027887370904285134,0.0037399117450832983,1.0,0.007289688875938987,0.00885346021899769,0.001939057970184121,0.007092928389625746,0.00882046283378068,0.007066534605406374,0.004424280262092738,0.005978410596082518,0.005792845161635573,0.013760779134543571,0.010657125555139013,0.015449156684547261,0.009770109061446533,0.0020699568972715673,2.3140093719073112E-4,0.00894371659760956,0.007351800854052214,0.00879263701014005,0.014036658081992757,0.005537638287091804,0.0049816249392873,0.004475217791496692,0.006470569803779955,0.0031931331303554555,0.009277710362359423],[0.0029963766513997165,0.0012041992233961596,0.006373060968265131,0.007146298168533034,0.009309899743478392,0.00447399009428199,0.00152696672339892,0.0034159834003902505,0.005271369797682037,0.003059378104117481,0.00465691473982564,0.009735268709707152,0.005175186476525026,0.005291567800797327,0.003857459720693824,3.1917535521750926E-4,0.0032987132805794342,0.0064006007394925525,0.002795679275901671,0.0015005138118991596,0.0029022651153158083,0.024397332954476936,0.003806174898518407,0.007289688875938987,1.0,0.0021838790643044117,0.0034850085643139007,0.004339932279120295,0.0016873385814450508,0.0047413641980373865,0.004309057272340645,1.4168719836455296E-4,0.002090197995692076,0.023525608258122603,0.010442259795569828,0.015869810693664492,0.004112915185469866,0.0039662170242790356,0.004935921622051211,0.005938479099856585,0.002309144715290693,0.0031089655443573,0.009300383149247207,0.003678648060724844,0.0036658521968132,0.0062659410952950025,0.0032025797441764276,0.0024834958608078374,7.872040837905411E-4],[6.217430109092818E-4,5.161825960190249E-5,0.002917064246962564,0.003752193950246782,0.0029449953674428033,3.8017265310889115E-4,2.738348258582297E-4,2.54259225828262E-4,7.645222597233273E-4,4.073066554374422E-4,3.725017018848721E-4,0.0023080674360849737,3.4294954680372486E-4,3.019317053004474E-4,1.5783870313514398E-4,2.2273794952044622E-4,2.0931814328876885E-4,0.0026866188435162803,7.095292812094322E-4,2.0673824917674904E-4,2.9859396423868395E-4,0.01642612957054097,1.7134092606916265E-4,0.00885346021899769,0.0021838790643044117,1.0,9.03224898246495E-4,1.307584755626149E-4,1.632466343480374E-4,0.001702788351871106,4.911924541662633E-4,2.559832933993066E-4,4.893574836111487E-4,0.025433563463626324,0.006993745585758399,0.009110828011629678,3.1695057449394E-4,7.421849773760507E-4,3.333120571218975E-4,1.7405158689737382E-4,3.368017462300449E-4,3.2170464981256137E-4,0.016311241139876375,9.668112975473554E-4,2.8951834214778835E-4,3.9865455528191113E-4,1.6520322458772697E-4,3.852119916035047E-4,2.545836178938572E-4],[8.825037010349664E-4,7.854608818821209E-4,0.0035985938935431997,0.005927404761916191,0.009379864427617166,9.252486100081547E-4,5.143369159768047E-4,5.236097311347644E-4,0.0016579122975963244,8.430786268330729E-4,4.4608556822445803E-4,0.009365874659511872,1.413828869753995E-4,4.899297890795418E-4,3.635375620240401E-4,4.15819664367027E-4,2.153183449486834E-4,0.002678609443524675,0.0013373302644384445,3.829877244303933E-4,4.2083228273761666E-5,0.017272731900504004,7.037953531361656E-4,0.001939057970184121,0.0034850085643139007,9.03224898246495E-4,1.0,5.823699334879911E-5,4.1420858608102047E-4,0.0025824059678766728,9.214842095943187E-4,7.899200540354756E-4,0.0010507449283401608,0.017507928165247513,0.0046401895869947595,0.01201547893637894,6.13082159428932E-4,0.0010894009958758398,1.4161800904458253E-4,7.335593431930197E-4,9.056627238273928E-4,5.129018391727695E-4,0.028029334060907865,0.0010476783180458301,8.227565425420268E-4,9.929360740225642E-4,2.6573652469775826E-4,8.676642896092867E-4,5.722862422177733E-4],[4.775210893393104E-4,2.2117574321813267E-5,0.004843552326205442,0.006945972718841328,0.006033008824381209,1.1055017834616474E-4,1.3895730786706138E-5,1.0394084176439979E-4,0.002229945293851097,5.664702915750164E-4,2.3721415251114E-4,0.012704284964969182,9.233220887950768E-5,1.9699335212882362E-4,1.0337068045438539E-4,1.3769462385871573E-5,2.362240868308204E-5,0.002165282240231448,7.245433669128018E-4,2.6143554777136194E-5,2.131046603307106E-5,0.030651783588687004,2.2248189239054204E-5,0.007092928389625746,0.004339932279120295,1.307584755626149E-4,5.823699334879911E-5,1.0,2.791099479901719E-5,0.0016061440611455128,5.689645920524726E-4,3.49251369620915E-5,4.7682241552727026E-4,0.028257551256590893,0.010013627829099838,0.006992566210907652,2.3635824057163784E-5,9.61109799366325E-4,9.455981509797494E-5,6.287428291187362E-5,1.6969241322425385E-4,1.1890751702772388E-4,0.006935373303650299,8.185117505343373E-4,9.262498542010276E-5,1.956685091321181E-4,1.4078082176631633E-4,9.770895769969692E-5,1.1120972729660044E-4],[3.312444510478902E-4,9.937233622020551E-5,0.001798647412081239,0.0012177399051959965,0.012731325835639708,3.932172889752648E-4,9.66756849111483E-5,1.3425125898618116E-4,9.28172466450786E-4,6.370121231669946E-4,1.305553596816995E-4,0.01390581177117423,1.2908403427234826E-4,1.28950107667049E-4,1.3089301373835814E-4,6.347321309632357E-5,5.484799709132036E-5,0.002113631183929295,2.810047787564193E-4,1.1160198076940206E-4,6.933352439119459E-5,0.01573289116701928,2.028872882486086E-5,0.00882046283378068,0.0016873385814450508,1.632466343480374E-4,4.1420858608102047E-4,2.791099479901719E-5,1.0,0.0015040844801993418,5.733187371024483E-4,1.2606385146611275E-4,5.889680246838795E-4,0.02203641234564313,0.012119968459519345,0.00848736759084594,3.168802247810294E-5,7.360110679467708E-4,1.089984571644601E-4,1.0275170434973685E-4,1.9278610943257516E-4,2.4723612709497524E-4,0.008137093458580819,8.557191492825913E-4,1.4678702792234638E-4,7.61342454461256E-4,1.41854863760268E-4,1.1049068902884183E-4,1.0802614431006718E-4],[0.002848232129391075,3.207947057087162E-5,0.004219493137117088,0.0077753252168939885,0.003686966981843554,0.001362528300823912,8.092894585598465E-4,0.0023232170718569577,0.0025904672182275918,0.0018891758805024885,0.0026315464871933163,0.01605943409415807,7.020261187980153E-4,0.0019300457432532662,0.002537372538715493,5.106187392968763E-5,8.259650068788908E-4,0.003040765407500497,0.002340442770089506,0.0011527495337750823,7.607774182762066E-4,0.042962421692701445,0.0017353978405247191,0.007066534605406374,0.0047413641980373865,0.001702788351871106,0.0025824059678766728,0.0016061440611455128,0.0015040844801993418,1.0,0.002122763142154556,0.0018160342085350935,0.0012069420861533027,0.01932411513352071,0.007180773154917275,0.013383216448494144,3.143326977906524E-4,0.0016103481847369783,8.734689154928888E-4,0.001100432163806584,4.461837937255525E-4,6.541250411551907E-4,0.023414517746096652,0.001520451728152539,0.0016292103285329871,0.001578190082834543,0.002991025123975645,0.0021512378592970487,4.0786779476249596E-4],[7.445125105148502E-4,2.603331789675667E-4,0.003066498803441218,0.005632856164757298,0.011112949495959906,5.72956919849735E-4,9.168993530683114E-4,7.955255230162638E-4,0.0011278634957874426,8.052095665540954E-4,5.423096583981491E-4,0.010827502225150536,7.129870568845493E-4,8.079403594391818E-4,3.508890256462842E-4,6.090711841662472E-4,8.090471763521571E-4,0.002158352902015134,9.999853925414547E-4,4.641987649955508E-4,1.0379172158253844E-4,0.030526982615941476,2.248956768516354E-4,0.004424280262092738,0.004309057272340645,4.911924541662633E-4,9.214842095943187E-4,5.689645920524726E-4,5.733187371024483E-4,0.002122763142154556,1.0,4.072950350409386E-4,9.657585222777398E-4,0.013491596246199184,0.007133807259627745,0.011717712311313713,8.036467051299836E-4,9.24320837966037E-4,7.315001742671342E-4,4.978633463803997E-4,8.356357149339278E-4,8.854692249560524E-4,0.006800148824705253,0.0010664105298356088,4.0779618332880384E-4,9.323388309257276E-4,4.8580662666288443E-4,6.955421831648264E-4,3.7860057070165975E-4],[2.5142993388463917E-4,6.421394690830345E-5,6.621344776281112E-4,0.013571921564984563,0.011100412103495695,4.0776118018317397E-4,7.194736123676544E-5,1.5940305222399509E-4,0.0020492278607324777,6.144356458565512E-4,2.2622729771613285E-4,0.008127884329899492,1.310786815613386E-4,1.3776159615863702E-4,1.338729784201145E-4,4.72550433182101E-5,1.3103234085450201E-4,7.861617092542928E-4,4.3645794022779624E-4,1.2218091962484052E-4,7.191924933484066E-5,0.018176360944139665,7.976495401776124E-5,0.005978410596082518,1.4168719836455296E-4,2.559832933993066E-4,7.899200540354756E-4,3.49251369620915E-5,1.2606385146611275E-4,0.0018160342085350935,4.072950350409386E-4,1.0,3.4894495461471596E-4,0.01659265414365543,0.006237039391571894,0.001983430058088851,3.2141920415262706E-5,7.824279045434777E-4,1.288270730938742E-4,1.0919669432738277E-4,1.4354590160752212E-4,1.7494652403977624E-4,0.02462160007875467,5.209153615229442E-4,1.975962403361315E-4,3.08436525029811E-4,1.357400243692988E-4,1.846019559944709E-4,1.5547460456206882E-4],[8.057172741660378E-4,7.320472815665346E-4,0.004743502512617267,0.0060767327530716585,0.006494763377378763,5.623675704066941E-4,2.359128477105415E-4,9.538386040183865E-4,0.0012993283846197512,0.0010246253016867846,0.0010331933774374307,0.016544303425298924,3.081900027571804E-4,7.422260101962331E-4,9.055072449763049E-4,4.6788093714657963E-4,6.457890521395875E-4,0.0019612077130507707,0.0010723143452416905,4.883786364446338E-4,4.122334746557474E-4,0.017075666161910072,7.040062193215088E-4,0.005792845161635573,0.002090197995692076,4.893574836111487E-4,0.0010507449283401608,4.7682241552727026E-4,5.889680246838795E-4,0.0012069420861533027,9.657585222777398E-4,3.4894495461471596E-4,1.0,0.024418693125165966,0.001905457670401576,0.00965677757022807,9.554378150825096E-4,0.0011333069929739977,6.234806566484837E-4,1.844938806735205E-4,6.302319410024826E-4,8.649678160718327E-4,0.01620963277342161,0.0010747150813135828,4.0230906628840944E-4,0.0010582636977637782,7.896921017495034E-4,7.489824780252903E-4,7.917660606981476E-4],[0.017258949031073865,0.02880033574842048,0.02134011853287906,0.02607236460146606,0.04377143313510169,0.010005772931262098,0.017935323774416957,0.037495415273536156,0.007502496992273832,0.045161920269900346,0.03086672578497209,0.04617084061067678,0.02589534146142213,0.04273053354816549,0.04428395685594073,0.04058630326140339,0.013891090918695463,0.024987633392544322,0.012991746354135334,2.4431148213508206E-4,0.013205604583689905,0.04513806514955007,0.03804949898232127,0.013760779134543571,0.023525608258122603,0.025433563463626324,0.017507928165247513,0.028257551256590893,0.02203641234564313,0.01932411513352071,0.013491596246199184,0.01659265414365543,0.024418693125165966,1.0,0.02031242181295967,0.025339442387717022,0.007360644235008048,0.02848806175653569,0.0023597195775060765,0.015232622850602525,0.041211923606120845,0.022795720937006762,0.04721657456003375,0.01225845360238709,0.01151770805647645,0.0071531207513838915,0.023259752818749153,0.0043504967128524304,0.036277200361343145],[0.010833325211583008,0.010472907553539027,0.013229391395962513,0.013809841370630975,0.013460669432752169,0.00842223037820645,0.005174923228080745,0.001959491359015268,0.00734540738839588,0.0059938985871022124,0.009884822572558558,0.014276639208825222,0.006321334234711326,0.010375073347720948,0.009506173747230935,0.002062952614790773,0.009201319377041389,0.011579307931746715,0.01045654775987952,0.004155092218055549,0.012190035446274764,0.027102090245423125,0.008407741322408863,0.010657125555139013,0.010442259795569828,0.006993745585758399,0.0046401895869947595,0.010013627829099838,0.012119968459519345,0.007180773154917275,0.007133807259627745,0.006237039391571894,0.001905457670401576,0.02031242181295967,1.0,0.014861068318534388,7.188414593228053E-4,0.008357295344411864,0.005422929180834686,0.011924358212979116,0.010689816880716168,0.00722399042634766,0.027305569455457368,0.005993533090632103,0.005366164941414937,0.01278668385935042,0.0014794589154038646,0.00513954595471065,0.0010250557544740008],[8.494579601310123E-4,0.00930933130248891,0.01640699015940909,0.017152464858020418,0.016486647646209402,0.010785711133785684,0.001036802784018821,0.010028173564665326,0.014893511141795497,0.008159690711244076,0.0016680533673598835,0.017485025582657656,0.013080904363955119,0.008686984886988509,0.0010039873433376673,0.01270190389876652,0.016943571739766336,0.0031386053974849577,0.008780742608732656,0.011230354240205222,0.002145860736214516,0.03873610092911546,0.016194327245023662,0.015449156684547261,0.015869810693664492,0.009110828011629678,0.01201547893637894,0.006992566210907652,0.00848736759084594,0.013383216448494144,0.011717712311313713,0.001983430058088851,0.00965677757022807,0.025339442387717022,0.014861068318534388,1.0,8.400822173937968E-4,0.011830252235122369,0.003955539472384447,0.004538530811797549,0.007007754272283716,0.0069031174337372695,0.020062217475339723,0.003821957016111262,0.006400790495439635,0.01609257607824693,0.014592778319864753,0.012724661547503539,0.009994042906153744],[4.012985069802959E-4,2.120938956393345E-5,0.0012192834209797164,0.002527707689873587,0.012039006680498832,5.375284115800108E-5,2.125703861858151E-5,2.4387895531250415E-5,0.0016478014157832624,4.483758227249011E-4,2.6997242975110317E-5,0.016811034672893785,4.6913219099883543E-5,1.095173266000702E-4,3.532257705546267E-5,1.6256697599758986E-5,1.494809246690455E-5,3.6896295562052593E-4,7.372208094203022E-4,1.1663212381641959E-4,1.5681873214526746E-5,0.03929769494662076,1.4726820089396414E-5,0.009770109061446533,0.004112915185469866,3.1695057449394E-4,6.13082159428932E-4,2.3635824057163784E-5,3.168802247810294E-5,3.143326977906524E-4,8.036467051299836E-4,3.2141920415262706E-5,9.554378150825096E-4,0.007360644235008048,7.188414593228053E-4,8.400822173937968E-4,1.0,3.633981131641734E-5,8.582781950110168E-5,8.99148311866149E-5,1.4690222039560213E-4,8.477050438194091E-5,9.706246174495246E-4,7.049644899562695E-4,5.047055262726033E-5,6.146999937695737E-5,9.071365586077325E-5,2.8880033042605247E-5,1.4297229896741777E-4],[0.0010399012254806925,0.0010542513783346622,0.0039150866790293795,0.01370047239720705,0.010383081408294248,5.39798235611066E-4,2.624738228758603E-4,0.0011791595436815969,0.0015248724362777362,8.252940284582532E-4,0.0010932681628538065,0.0025764977656918125,3.534970825751543E-4,8.943990683608958E-4,2.016319837473987E-4,7.137237097931123E-4,3.792296303339067E-5,0.0026759683184067974,0.0012783758528124335,9.540813235019542E-4,0.0011254552765951032,0.03275211356573056,5.805605810498101E-4,0.0020699568972715673,0.0039662170242790356,7.421849773760507E-4,0.0010894009958758398,9.61109799366325E-4,7.360110679467708E-4,0.0016103481847369783,9.24320837966037E-4,7.824279045434777E-4,0.0011333069929739977,0.02848806175653569,0.008357295344411864,0.011830252235122369,3.633981131641734E-5,1.0,3.3119924986574746E-4,0.001183328999561853,8.579387362101182E-4,6.277827383594114E-4,0.008100151111249428,0.0011342295877414398,0.001013752333624469,0.0010962949029307805,2.338333760779886E-4,9.421941135036613E-4,0.0011124056028508373],[1.580827215728639E-4,4.6194055495805744E-5,0.0017903374124204343,0.011778948446264188,0.013224975639744448,3.387052958423927E-4,1.5344947384001148E-5,1.2466886852037943E-4,0.0012918968339045212,1.2383879048922646E-4,2.6013600495879976E-4,3.415975602419816E-4,1.2448428706662916E-4,1.8854304214006862E-4,1.24829465594378E-4,9.257762303792922E-5,2.31093337699568E-5,0.0010879854315908807,6.246794389269941E-4,1.2018861427338588E-4,1.0122833670933207E-4,0.04279008956631778,9.388899225545297E-5,2.3140093719073112E-4,0.004935921622051211,3.333120571218975E-4,1.4161800904458253E-4,9.455981509797494E-5,1.089984571644601E-4,8.734689154928888E-4,7.315001742671342E-4,1.288270730938742E-4,6.234806566484837E-4,0.0023597195775060765,0.005422929180834686,0.003955539472384447,8.582781950110168E-5,3.3119924986574746E-4,1.0,1.0377934361074612E-4,1.7067152932414583E-4,1.2777179588830645E-4,0.01864709305797767,8.925009257904615E-4,1.6696291729488306E-4,3.338981439206848E-4,1.5348827350989956E-4,4.211741683407325E-4,1.4856584582206134E-4],[5.283604467359445E-4,3.651816395131412E-5,0.002626097595171921,0.010299944823274378,0.00300723135910129