[[1.0,2.0328836044950576E-4,3.360374207306158E-4,5.338882109210792E-4,2.6425432515794463E-4,2.0866670738273977E-4,1.65022673057581E-4,4.985819518244359E-4,0.0051247805105821,1.5155100531151483E-4,7.657299503311956E-4,6.684627549628944E-4,0.001503282332410435,4.338594463416857E-4,0.007046294854968849,4.354061450826642E-4,6.96686975301121E-5,0.0011690647692516448,3.5336075773898497E-5,2.0533248797269108E-4,0.0077037292345431135,1.678867359267424E-4,2.0445251112424616E-4,0.001279156952788327,0.008096961882906933,0.0023216797569123346,0.0027098342728003396,2.1754076514903783E-4,0.011518826721186579,0.036149904674114046,0.001673129992475735,1.1913009114726673E-4,0.009811483801560708,2.7956740157718913E-4,0.0022661711889832947,2.2234742946864155E-4,0.0012818609626653909,4.414914891234061E-4,3.798963883870663E-4,0.03670766176386405,8.555471099447421E-4,0.0010707801549098186,2.4429950745810983E-4,0.008369274932462322,2.6188455313076107E-4,5.487973623636777E-5,2.2022725217162834E-4,2.2274691929101322E-4,4.4158852239006504E-4,2.495055281138743E-4,0.03798952957185443,9.740277152556408E-4,2.895062015027404E-4,7.449805463865736E-4,1.732903414356498E-4,2.1650029634138972E-4],[2.0328836044950576E-4,1.0,2.8077413586108586E-4,5.206253718755602E-4,2.9177236534305755E-4,7.508775906926981E-5,1.239320859689017E-4,0.0038976285534710717,0.005422610540708324,7.345032468824346E-5,0.0015625987458285358,8.584611146016441E-4,0.001148591835355393,0.001404026952118558,0.002112783437284555,4.5764529662353087E-4,3.1649723907982666E-5,0.01476665156023383,3.4025627363330245E-5,8.637586703829194E-5,9.488626351303706E-5,4.162429547993483E-5,1.5418505952868687E-4,0.0013016617880996428,0.003291525760131397,0.002634883930134584,0.003791743376325674,4.2865444729643435E-5,0.0017107561008515943,0.020695494501728504,5.195947860814015E-4,3.706943015358244E-5,0.007810076560697033,2.8358783552935845E-4,0.005074234420402815,2.305735100653904E-5,0.0015619697464003964,1.9037399936069782E-4,1.5111601181736636E-4,0.03997369376553928,0.001360664546990828,0.0010776457729401595,1.7437909108296144E-4,0.0043052539967129355,2.954195789294854E-4,3.284018621744227E-5,4.2386587017902796E-5,3.6406290913118136E-5,0.0023300430496114954,1.932280227848971E-4,0.03031742005758031,6.662568911793351E-4,0.0011500550650289673,0.0016660986326782253,1.4269267647163826E-4,1.2492194880693632E-4],[3.360374207306158E-4,2.8077413586108586E-4,1.0,4.202230679889875E-4,3.6796421437265404E-4,1.876015371243713E-4,3.1133143944420133E-4,0.009671703807582265,0.0032641319470148294,3.358652979277558E-4,0.0024308076445637263,6.452510451998462E-4,0.0013445413184072314,7.898557946507599E-4,0.007120634580553876,0.0034422870976370834,1.8094060867435897E-4,0.0011118152081375258,4.970737891248359E-5,2.0313383889590894E-4,0.008599667542652116,2.4916337486543063E-4,2.6919872393015373E-4,0.00167043645055602,0.005715600773556234,0.001498437776811178,5.878142781018186E-4,5.598838819711163E-5,0.017202493068079753,0.028745158407678138,0.001113369792296797,1.4474377630095895E-4,0.011497867658561454,3.5711204774360923E-4,0.007346689930219859,2.7324353522497263E-4,5.839726424723781E-4,7.554667949558147E-4,6.310278116060677E-4,0.021392895161031645,5.470321699727E-4,8.503732095960861E-4,3.3622932209010286E-4,0.005873814845356659,3.67392204793284E-4,2.128781508043417E-4,3.021181389129689E-4,3.5616112359792917E-4,0.0034264503960604632,2.855047261315512E-4,0.04982123119500324,5.858630120548769E-4,6.30736554900133E-4,9.84612095469825E-4,3.1649536198316477E-4,3.0899984017261064E-4],[5.338882109210792E-4,5.206253718755602E-4,4.202230679889875E-4,1.0,4.5657099064830287E-4,2.870366083304592E-4,5.249789680778748E-4,0.009172502636284002,0.002707642076356622,3.80850986427192E-4,5.927887992063079E-4,0.0011966961515081506,8.766551372732148E-4,0.0018811736589159664,0.0049562406158955765,0.003276067470578998,3.07000702650289E-4,0.011503569916537693,4.618603506432974E-4,2.596883356394961E-4,0.009091175262422412,3.747126848756081E-4,3.4127000740000397E-4,0.0016714594791378454,0.003195959563123145,0.0028455205887444606,0.004169318205271118,5.037859365781251E-4,0.0036407195860971592,0.027793009963460458,0.001743223462137997,2.200004521915039E-4,0.007264671085435733,5.39901072574526E-4,0.00893994395851915,7.824445244968491E-5,0.0012604200329933918,9.290220050712959E-4,6.331225524507085E-4,0.028228714537268242,5.784324413333046E-4,7.283970562425376E-4,4.966757152586688E-4,0.00755287127585526,4.968957307320532E-4,4.29593787447134E-4,3.71445464302201E-4,1.3477432686321748E-4,0.001939439101908922,3.7311614341808724E-4,0.032140799537556296,6.687196794883113E-4,0.001094704199241612,0.0022507327280009075,3.5044330370524057E-4,3.9905428732599853E-4],[2.6425432515794463E-4,2.9177236534305755E-4,3.6796421437265404E-4,4.5657099064830287E-4,1.0,3.1845557394621265E-4,1.7175084152148848E-4,0.0016841588615207055,0.006447839824934904,1.8796351376357484E-4,0.002315823213807351,0.001164883451416706,4.118551606552623E-4,0.002509639132278806,0.0017282779669302016,6.855326612967836E-4,2.210305550372564E-4,0.012570790505555339,1.8721428082095292E-4,2.2325808201050957E-4,0.006902194303785648,1.4218871727918997E-4,1.8816046012373427E-4,0.0012097986701900937,0.015584654202243572,0.0026242893753025925,0.006628327813079406,3.143959160153397E-4,0.011360251301068462,0.02668384561918545,6.731254908804474E-4,1.9510304460925283E-4,0.005882740001175746,3.613028106089439E-4,0.004694678475058285,2.214266324080971E-5,0.0016646349317960823,0.001284172450624358,4.588137740022831E-4,0.014809989488388652,0.0012267137289231522,8.343877200250513E-4,3.495573748409382E-4,3.961603555085755E-4,3.75836474599052E-4,2.548953456531761E-4,2.2388087641897014E-4,2.3709777881317944E-4,0.001985115510872542,3.121302971258828E-4,0.02232796567223747,0.0013299443250886695,9.889688781913497E-4,0.0021242476095922553,1.9090259772780205E-4,3.277519464086019E-4],[2.0866670738273977E-4,7.508775906926981E-5,1.876015371243713E-4,2.870366083304592E-4,3.1845557394621265E-4,1.0,1.448613293192769E-4,0.0015224103563354356,0.009603238196892927,1.2054215996313403E-4,0.0024414605079026218,2.2834113904353798E-4,0.0011822655271121966,6.652428640380605E-4,0.0033017448173525447,0.0019177811826028236,3.799006981090662E-5,0.005048152411321205,3.232273648404442E-5,1.3307991944554978E-4,0.004163358627755638,1.2395374429386124E-4,1.677055424359915E-4,9.334339564611979E-4,0.011400801450169163,5.733258763774199E-4,0.006156269860488956,5.1223579519649907E-5,0.004995282476473097,0.024893940074451767,9.109231982373752E-4,4.467317678179215E-5,0.0032924837003575325,3.1729173470310986E-4,0.003195396816012242,1.601473735758659E-4,5.488981510725044E-4,0.001361317203095176,6.534529501436065E-4,0.018414431993237862,0.001415322047651556,5.785241581610768E-4,2.6706664433452545E-4,0.005704455113925359,3.8995294318075214E-4,3.156151192439335E-5,1.9437535654381403E-4,5.337595717246762E-5,0.008284618178637652,2.1342526903110409E-4,0.051242264959285445,3.2567483131510424E-4,0.0010407058972877344,0.0014890164987628974,1.6838976850301837E-4,1.754731259923075E-4],[1.65022673057581E-4,1.239320859689017E-4,3.1133143944420133E-4,5.249789680778748E-4,1.7175084152148848E-4,1.448613293192769E-4,1.0,0.0015881289172967581,0.004571599790971477,1.1064951355280281E-4,0.0017751368094049411,6.634705969795081E-4,5.045180598896865E-4,7.81454425661128E-4,0.005750617257837156,0.004154563466618525,1.3176873741353414E-4,0.001102886433048683,1.2193275484112152E-4,1.2504238387165567E-4,0.008548649476641296,1.0783231123091095E-4,1.5007435171112703E-4,7.42649096869752E-4,0.02113229035674149,7.337411675210248E-4,0.0029472319835596953,5.224973331742409E-5,0.02163307133087362,0.02945604539759208,0.0011225926210787864,1.2038807214174306E-4,0.008794971100822188,3.220787678270424E-4,0.005293270452480398,3.5858473161568636E-5,6.203222340084954E-4,1.4763298858102533E-4,1.8017539486184925E-4,0.0032872075742034863,0.0013080122354211933,0.001064794449898437,2.737666756957486E-4,0.011864609751109102,2.4905361454750956E-4,1.2761878070869563E-4,2.1436804599907309E-4,6.505031842740593E-5,0.0019635512150735827,2.5799907379269154E-4,0.04037421125297325,0.0012540129219602673,2.737252600455448E-4,0.002270626432931425,1.5907585307588918E-4,1.4761009649405965E-4],[4.985819518244359E-4,0.0038976285534710717,0.009671703807582265,0.009172502636284002,0.0016841588615207055,0.0015224103563354356,0.0015881289172967581,1.0,0.010971750237589603,0.0058992035308183186,0.006457238306490174,0.005740430208899175,0.007016676951112292,0.006415335372606832,0.008804437157087024,0.007813024838090002,0.001640408339038571,0.011299763296166682,2.6812260137211094E-4,0.0023861801835681645,0.010645765111650319,0.004101312731687996,0.005316478153739527,0.007216099360271734,0.026815743816912326,0.00838802395697441,0.009812696403339743,0.0012065761826702097,0.011666255748875712,0.02486357267116564,0.006133641939172785,0.0013605005757499674,0.010486128699871176,0.001335833785036734,0.011085582584840239,0.001061650363666045,0.0033792077605732645,0.009047336407532892,0.0013526009602333076,0.027188297065909285,0.00916179793488672,0.004073416889926854,6.087923203179977E-4,0.012856051204637082,0.008284170327184072,0.0048765662644869355,0.001953386649778888,0.007932854379133632,0.008819536748656298,0.0027710658873424925,0.02382086256513096,0.002987865581825835,0.0021732474024187655,0.006562182273131087,0.0010124811574838575,0.003084756255613891],[0.0051247805105821,0.005422610540708324,0.0032641319470148294,0.002707642076356622,0.006447839824934904,0.009603238196892927,0.004571599790971477,0.010971750237589603,1.0,0.008867417275209946,0.008548353320085725,0.008270541934254218,0.0018433242999981163,0.004051919598210514,0.011273191931710351,0.008438148832036325,0.008762734101290186,0.014496055549160582,0.009901460246028561,0.0023857280327357934,0.011561604984597264,0.011871735609769256,0.0038428387634212836,0.011877250169025313,0.012308944227736285,0.00500164148852666,0.009461998936667167,0.007955770013468304,0.015339699195786274,0.031768378957846906,0.0029908085609983846,0.004413055226610899,0.012848703739187232,0.0016176092389835262,0.011712755451692205,0.008845664986258217,0.007904610738601991,0.005466923184107711,0.011452930260371485,0.01662552054918161,0.00340070036901808,0.010003685141991398,0.004554029796382626,0.01375002380070734,0.0034019278386579026,0.002704452468672331,0.009859181791250097,4.108552971777575E-4,0.011688338177808264,0.009285115218598877,0.046638431996817484,0.009093125508925201,0.0013753124937277731,0.005112221325918099,0.009280769498945293,0.00795843383866037],[1.5155100531151483E-4,7.345032468824346E-5,3.358652979277558E-4,3.80850986427192E-4,1.8796351376357484E-4,1.2054215996313403E-4,1.1064951355280281E-4,0.0058992035308183186,0.008867417275209946,1.0,5.419409928207709E-4,0.0016942151578878324,6.232966327594121E-4,0.00266655298243734,0.004104883742889139,0.0018656312740009577,1.0120592453574748E-4,0.014233138905496106,5.224846262482153E-5,1.0959237264018128E-4,7.818515975768992E-4,1.071710767994534E-4,1.4546695625697686E-4,8.049584236363458E-4,0.019222351391860206,0.002224005051241315,0.002679486486064576,9.056222319259028E-5,0.019916535471650305,0.01367416868793095,9.664467160115527E-4,8.553623234320234E-5,4.4126418479944216E-4,1.134504331027456E-4,0.0038054689869858062,3.452664695940478E-5,1.0607066594392862E-4,1.749605912396194E-4,5.5892944338766E-4,0.04042250849855437,3.82745770914698E-4,0.0010408832419993477,2.0714548033272625E-4,0.0074748999471829156,3.409916910525883E-4,9.195858369371405E-5,1.280630359241224E-4,5.664464851960815E-5,0.004412791523492578,2.2521717726687045E-4,0.04087191909222527,6.270372250752576E-4,8.78413621730882E-4,0.001994291422915353,1.6400812888272832E-4,1.990193067494461E-4],[7.657299503311956E-4,0.0015625987458285358,0.0024308076445637263,5.927887992063079E-4,0.002315823213807351,0.0024414605079026218,0.0017751368094049411,0.006457238306490174,0.008548353320085725,5.419409928207709E-4,1.0,0.0019062005137579644,0.0022877519759009904,0.0025991092008896895,0.007612836788834815,0.004309234630378314,0.002459580975339813,0.006034355543244747,3.6156810581198314E-4,1.3946183519471513E-4,0.006700853131120036,0.0011040002006932257,2.6545853012467375E-4,0.002009948702734355,0.010680872449380591,0.0027698088311966995,0.0045314208820909935,2.579805268746212E-4,0.012827021537255904,0.027556613041447135,0.0025109939604300024,0.0010834342890373942,0.014265421954309498,0.002396439157283367,0.006208712746109825,6.360197589825914E-4,0.002430992025786011,0.0023931159518568615,0.0017587908914483258,0.015428200565738357,0.0025307188917447895,0.002462902724087737,0.0023990302594700808,0.005845947345748882,0.001521900192747716,0.0011186062362496128,7.586272628317622E-4,0.0013027062380504583,0.0072252680926699776,0.0015470484709061586,0.01877327466687866,0.0022162455356171396,0.002230714204154787,0.002734036936981564,0.0012535455235172912,0.0019525062170206544],[6.684627549628944E-4,8.584611146016441E-4,6.452510451998462E-4,0.0011966961515081506,0.001164883451416706,2.2834113904353798E-4,6.634705969795081E-4,0.005740430208899175,0.008270541934254218,0.0016942151578878324,0.0019062005137579644,1.0,0.001728800849407926,0.002343022613920388,0.006457503949059444,0.002682904576017808,5.358066143225796E-4,0.007882812865696224,0.001544705848286405,9.51432127521217E-4,0.003823110050633806,0.0017052625240611852,4.5040174653636247E-4,0.00187673944179202,0.0029692686688333435,0.0020585549718891566,0.006977638069084455,5.016597239942167E-4,0.017971634937548223,0.007456237169929426,0.0018325869102000258,0.0010547273725679002,0.009936181722248822,5.590735991788074E-4,0.008644871632604599,0.0011341985494618522,0.0017185516152463552,0.0017874574941123956,0.001235776076794165,0.02648089735378235,0.0016596682903154748,0.0013162618875375198,8.521887182186664E-4,0.005708484161286824,0.0013223765064222558,4.764637944787276E-4,0.001301132632658111,1.6143890322788845E-4,0.002504709006278573,6.825124118444721E-4,0.02346240127778932,0.0016122571639019807,0.0014246214348583195,0.0022774320505174485,0.0016306540276770762,0.0013787947344739624],[0.001503282332410435,0.001148591835355393,0.0013445413184072314,8.766551372732148E-4,4.118551606552623E-4,0.0011822655271121966,5.045180598896865E-4,0.007016676951112292,0.0018433242999981163,6.232966327594121E-4,0.0022877519759009904,0.001728800849407926,1.0,0.002201281591561918,0.005233442441559273,0.002941518895120657,5.727330596592412E-4,0.0023380353074595192,0.0013237992265753464,0.0015089957872310318,0.0018872186720429013,0.0011915687380368441,0.001368182099628249,0.0018342475546327607,0.00944603898640097,0.0022440452696146774,0.0033168588771707256,0.0016314987661666604,0.01759856900696782,0.02692027877205483,0.0018969384590383203,0.0015065751765968138,0.009384763955750528,5.011568100809509E-4,0.0022139899801925213,1.1092681706682032E-4,0.0017365012839271048,0.00186718366597382,0.001703831453838657,0.0021933422521234008,0.0017158235317170372,0.0012072831661839188,0.0014208481462984004,0.007622843077903124,0.0015990531735090715,9.814530067538542E-4,0.0016570234543525485,6.248774863429496E-4,0.006294157099367217,0.001436989048817554,0.040794989132290856,0.0016750020937576651,0.0016043515170599569,0.002584013805392804,0.001433036431291627,3.728352905074033E-4],[4.338594463416857E-4,0.001404026952118558,7.898557946507599E-4,0.0018811736589159664,0.002509639132278806,6.652428640380605E-4,7.81454425661128E-4,0.006415335372606832,0.004051919598210514,0.00266655298243734,0.0025991092008896895,0.002343022613920388,0.002201281591561918,1.0,0.008191264515452953,0.003721471961274255,6.823185991267793E-4,0.008015995855869132,8.579194352979126E-4,0.0018151407832373318,0.010104449979880225,0.0021279698792236847,0.0016402772549393514,0.0020569974775987683,0.004219861530117714,0.0027573030485791273,0.00423151905137057,0.0017146875213278105,0.018981303213059207,0.025619812254902084,0.002092502090669427,6.134573330745209E-4,0.0102235815801325,0.001915840948940722,0.008619024719271872,0.0011517423275759593,0.002370934728103428,0.0023606507348075427,9.88874856828305E-4,0.010338728804231494,0.0016960817239963471,0.0011654070339310576,5.215482226084133E-4,0.005841675971561154,0.0016971948218443833,0.0013958588194977254,0.002263214474406899,0.001829463859445298,0.004941041861348046,0.0012442384195262544,0.04045651005880698,0.002000105790170981,0.0018369469061223962,0.0030519830102469806,0.0025378286752900676,6.716275563544242E-4],[0.007046294854968849,0.002112783437284555,0.007120634580553876,0.0049562406158955765,0.0017282779669302016,0.0033017448173525447,0.005750617257837156,0.008804437157087024,0.011273191931710351,0.004104883742889139,0.007612836788834815,0.006457503949059444,0.005233442441559273,0.008191264515452953,1.0,0.008055954259596793,0.002620130901813498,0.012194452085109778,0.001927950031270818,0.004581940216870346,0.01048480064168908,0.005790379688370173,0.005882487084518029,0.00759284827857449,0.021761289161845637,0.004834562555233814,0.007951157381818074,0.004948399460470166,0.020810960778685165,0.03761640078012756,0.004912522475215869,0.0025026836313491777,0.009642211198916614,8.686429294964288E-4,0.010260809504273827,0.006859728271271317,0.0030525085191082037,0.005282051864024423,8.350713204981709E-4,0.03333531745218089,0.003561527865847146,0.004159725890552992,0.003952312844478937,0.013081825607739371,4.6248199782947486E-4,0.005916798402862967,7.386601672721225E-4,3.719451684606908E-4,0.008678586340304608,0.0021342523634885345,0.04369222879519909,0.0018650338903057032,0.0013745847092544714,0.004745412054188392,0.0022228693328747253,0.004848715055257891],[4.354061450826642E-4,4.5764529662353087E-4,0.0034422870976370834,0.003276067470578998,6.855326612967836E-4,0.0019177811826028236,0.004154563466618525,0.007813024838090002,0.008438148832036325,0.0018656312740009577,0.004309234630378314,0.002682904576017808,0.002941518895120657,0.003721471961274255,0.008055954259596793,1.0,8.148691166951161E-4,0.009892489051891492,7.682313037789959E-4,7.931129112071461E-4,0.008913015112997268,0.001543202059287605,8.769537453205068E-4,0.003079595613837012,0.010176068821667869,0.0040359015641211115,0.007312913409075517,2.160582521781067E-4,0.008366215626689228,0.03187414875212967,0.0019456979328508286,0.0017387815551385178,0.012256388369565205,3.9550122184337183E-4,0.010852477305857165,0.0012729072410610704,0.003855645714526429,0.0027034338733234174,0.004056331784074154,0.040179924565580546,0.0032698681853924575,0.0012564407254715064,0.003447751082184803,0.013284813827274559,4.24144433953219E-4,0.0011146054664848968,0.0021658092460666964,0.004058227338661864,0.004857096789016553,0.0028092730399329035,0.005722888491038837,0.004149409877524723,0.0016638790482420445,0.00385133081239784,0.003259650920218873,7.569635695719097E-4],[6.96686975301121E-5,3.1649723907982666E-5,1.8094060867435897E-4,3.07000702650289E-4,2.210305550372564E-4,3.799006981090662E-5,1.3176873741353414E-4,0.001640408339038571,0.008762734101290186,1.0120592453574748E-4,0.002459580975339813,5.358066143225796E-4,5.727330596592412E-4,6.823185991267793E-4,0.002620130901813498,8.148691166951161E-4,1.0,4.7283450302937124E-4,2.7893978653081024E-5,4.023239296569231E-5,0.0066253368529195986,9.796087480991093E-5,1.560968286115078E-4,0.0015619747233028155,0.0060256512041969015,0.0018236023702956012,0.004209975388640771,2.8415408048654234E-5,0.004352361894160246,3.2310327370770866E-4,9.851540464138355E-4,3.1917186321674756E-5,0.0018487699708696628,3.2446191894497237E-4,0.008387048443339347,2.3008108942435897E-5,8.166184713723557E-4,0.0016717203608802261,2.6801506432303987E-4,0.022469670019923775,7.147211645553731E-4,3.054195059108366E-4,1.5053218032244262E-4,0.012378532037409741,2.065772003577755E-4,2.9452290472689706E-5,7.613797285823487E-5,3.1583111399954974E-5,0.004847268270010575,1.3624950086518013E-4,0.029110715110370586,3.275896890832504E-4,6.124189866087807E-4,0.002443023041251338,1.2831324588829957E-4,7.583692810125175E-5],[0.0011690647692516448,0.01476665156023383,0.0011118152081375258,0.011503569916537693,0.012570790505555339,0.005048152411321205,0.001102886433048683,0.011299763296166682,0.014496055549160582,0.014233138905496106,0.006034355543244747,0.007882812865696224,0.0023380353074595192,0.008015995855869132,0.012194452085109778,0.009892489051891492,4.7283450302937124E-4,1.0,0.009459864538220354,0.010933530504327157,0.01313008697628785,0.0031308182872286407,0.013614214801096506,0.0034939529582775335,0.01716834899221227,0.014443686250261248,0.014313297248431053,0.014639570298323516,0.016419193826578762,0.017679566540590677,0.0021179924133771294,0.01601975262983689,0.015022090545472055,0.006804073691900277,0.01450229326410054,0.012660105510655726,0.0023278406942027763,0.005362883408852234,0.004411647423181785,0.028942454226423206,0.004696298355102613,0.004411082981121644,0.009046470223542212,0.015014406230551863,0.008671083523470248,0.012015230379833751,0.0023698495017600335,0.01573820172447996,0.011967552878856326,0.013431425610799455,0.046203302727827314,0.0015256940791557897,0.015615899975032954,0.014115947423617305,3.9953065279647073E-4,0.0012056301051673096],[3.5336075773898497E-5,3.4025627363330245E-5,4.970737891248359E-5,4.618603506432974E-4,1.8721428082095292E-4,3.232273648404442E-5,1.2193275484112152E-4,2.6812260137211094E-4,0.009901460246028561,5.224846262482153E-5,3.6156810581198314E-4,0.001544705848286405,0.0013237992265753464,8.579194352979126E-4,0.001927950031270818,7.682313037789959E-4,2.7893978653081024E-5,0.009459864538220354,1.0,5.5229035217458326E-5,0.006385424137689654,4.139323754508617E-5,1.4774738923715465E-4,0.0011986486854246021,0.015267287936977335,0.0011277654832902793,0.0035470683360746204,4.016668093266489E-5,0.017578618244696625,0.027883725985155313,3.490307193387099E-4,3.138667312150721E-5,0.0015132803477666357,1.4962577488038964E-4,3.4125979903985805E-4,2.4316999065396827E-5,0.0010086690528501802,0.0017340835739584053,9.501259989030048E-5,0.02080999222265335,3.8912062955154947E-4,4.314996237949762E-4,1.391635947763552E-4,0.004538676929890182,6.763421909574783E-5,2.8247266167646567E-5,1.1865056064764807E-4,4.8496319762818245E-5,0.001513012159115824,1.9145608710065203E-4,0.0017465305162725389,4.5913900338838604E-5,9.404827500480613E-4,0.003013567029341182,1.3985420555655034E-4,7.042414939021999E-5],[2.0533248797269108E-4,8.637586703829194E-5,2.0313383889590894E-4,2.596883356394961E-4,2.2325808201050957E-4,1.3307991944554978E-4,1.2504238387165567E-4,0.0023861801835681645,0.0023857280327357934,1.0959237264018128E-4,1.3946183519471513E-4,9.51432127521217E-4,0.0015089957872310318,0.0018151407832373318,0.004581940216870346,7.931129112071461E-4,4.023239296569231E-5,0.010933530504327157,5.5229035217458326E-5,1.0,0.0014276338178035176,1.0936762515718249E-4,1.3733402380976308E-4,0.0010780046173346578,0.020594151822806737,0.0012097850124802973,3.1500916986097516E-4,1.0058259264317648E-4,0.0150227039096328,0.0017392399588735598,9.89558014781285E-4,5.584337177764631E-5,0.005145473158946477,2.9385304532234387E-4,0.003622746931402206,1.0643930284055713E-4,0.0017052506453286945,0.0019177066637820711,4.4737869367387747E-4,0.005744018684935656,5.449885472483894E-4,7.293275711081508E-4,1.9470367654251424E-4,0.004507019073793192,1.8652646215558988E-4,8.711955269251716E-5,1.2674330769518058E-4,8.863901796215851E-5,0.005629618433604423,2.8130532942637824E-4,0.031817391606698504,3.38378596189369E-4,4.642015852705481E-4,2.1947930895240074E-4,1.3618738165806706E-4,1.1910422751417296E-4],[0.0077037292345431135,9.488626351303706E-5,0.008599667542652116,0.009091175262422412,0.006902194303785648,0.004163358627755638,0.008548649476641296,0.010645765111650319,0.011561604984597264,7.818515975768992E-4,0.006700853131120036,0.003823110050633806,0.0018872186720429013,0.010104449979880225,0.01048480064168908,0.008913015112997268,0.0066253368529195986,0.01313008697628785,0.006385424137689654,0.0014276338178035176,1.0,0.002840133023849483,0.003920371577706108,0.010020542298526539,0.02394596796896069,0.008921692570442943,0.007999686275431487,0.0034335202238758265,0.019989880741030797,0.035390423697653065,0.010557584932517756,0.006016674131149348,0.014283639863926147,0.006246947770614882,0.01095169888558497,0.006844937525166678,0.002399405315861681,0.0020332408623208315,0.010014684780847492,0.030172936512876343,0.00928662445784193,0.005881336633725226,0.0036438483411319,0.01235975070960102,0.007214808445908897,0.010310116646601702,0.0010899069841995295,0.003561640844535448,0.00886782018420144,0.006329848100691584,0.03878902342739342,0.007957358051668317,0.0075598187143599005,0.006461001407743312,0.007226875472523651,0.004479220474447176],[1.678867359267424E-4,4.162429547993483E-5,2.4916337486543063E-4,3.747126848756081E-4,1.4218871727918997E-4,1.2395374429386124E-4,1.0783231123091095E-4,0.004101312731687996,0.011871735609769256,1.071710767994534E-4,0.0011040002006932257,0.0017052625240611852,0.0011915687380368441,0.0021279698792236847,0.005790379688370173,0.001543202059287605,9.796087480991093E-5,0.0031308182872286407,4.139323754508617E-5,1.0936762515718249E-4,0.002840133023849483,1.0,1.1838133221118199E-4,4.761190087566569E-4,0.0140033468349431,0.002846276587298866,0.0037153841985649474,9.612740799655566E-5,0.005114090465584917,0.025378047063305993,2.4031432643565714E-4,4.977191665468349E-5,0.005855052548424274,1.8394455799061916E-4,0.009149837511773281,6.048115581295378E-5,9.432868008037378E-4,0.0011742497047387474,6.627968302918511E-4,0.005683376372065046,5.789399692823684E-4,2.303432511207539E-4,1.9617295134806282E-4,0.006506987752818773,2.1714191185756384E-4,6.525515932469834E-5,1.8055805076642707E-4,9.837385035162078E-5,0.004687112157864358,1.2264122906909718E-4,0.006888132235415456,7.512485912473025E-4,6.898023470770881E-4,0.0016019893322164191,1.5153876683980983E-4,1.8109374980325904E-4],[2.0445251112424616E-4,1.5418505952868687E-4,2.6919872393015373E-4,3.4127000740000397E-4,1.8816046012373427E-4,1.677055424359915E-4,1.5007435171112703E-4,0.005316478153739527,0.0038428387634212836,1.4546695625697686E-4,2.6545853012467375E-4,4.5040174653636247E-4,0.001368182099628249,0.0016402772549393514,0.005882487084518029,8.769537453205068E-4,1.560968286115078E-4,0.013614214801096506,1.4774738923715465E-4,1.3733402380976308E-4,0.003920371577706108,1.1838133221118199E-4,1.0,1.6622765825619623E-4,0.012122611994364325,0.0018158180261138844,0.0023661542786261544,7.623487792481716E-5,0.0027212472392593623,0.016806056615650728,0.001100419193987226,1.0837115645879016E-4,0.010780163934736466,3.058359022596425E-4,0.010335036410162373,1.3813878966124663E-4,0.0016112408413675053,0.0015140477601674534,2.8229751119734773E-4,0.028594309844751996,5.112277547029992E-4,0.0010597995524951106,1.7724714011545367E-4,0.00994538606221617,2.5039173255899603E-4,6.242215461294999E-5,1.9881559870779187E-4,7.039507275879662E-5,0.004215284748572933,1.8119195116791964E-4,0.01612354592180714,6.565192314630116E-4,3.4845789077405916E-4,6.783640998532091E-4,1.6407324751231553E-4,2.0069774528280282E-4],[0.001279156952788327,0.0013016617880996428,0.00167043645055602,0.0016714594791378454,0.0012097986701900937,9.334339564611979E-4,7.42649096869752E-4,0.007216099360271734,0.011877250169025313,8.049584236363458E-4,0.002009948702734355,0.00187673944179202,0.0018342475546327607,0.0020569974775987683,0.00759284827857449,0.003079595613837012,0.0015619747233028155,0.0034939529582775335,0.0011986486854246021,0.0010780046173346578,0.010020542298526539,4.761190087566569E-4,1.6622765825619623E-4,1.0,0.017068560492814102,0.0020007516726405737,0.004970026533940372,0.0018578020177924676,0.01649887510254551,0.0019149012569524828,0.0019015325578556623,5.463623614200519E-4,0.010755909103653104,7.536550604199247E-4,0.009264326513471628,5.709267359778943E-4,0.001756575767513449,0.0019266956512824342,0.001538879335732879,0.028081018948925705,0.0016963608403332724,0.0011372082057390692,0.001622583841278715,0.004190345012588956,8.125731374037424E-4,0.001709143813938612,6.114059159062412E-4,0.0017402149706770642,0.005432718683983122,3.836976874056602E-4,0.008983789220370934,0.0018844222011579026,0.0013857667045418522,0.0024147371289451208,0.0010846774223273903,5.795995905214521E-4],[0.008096961882906933,0.003291525760131397,0.005715600773556234,0.003195959563123145,0.015584654202243572,0.011400801450169163,0.02113229035674149,0.026815743816912326,0.012308944227736285,0.019222351391860206,0.010680872449380591,0.0029692686688333435,0.00944603898640097,0.004219861530117714,0.021761289161845637,0.010176068821667869,0.0060256512041969015,0.01716834899221227,0.015267287936977335,0.020594151822806737,0.02394596796896069,0.0140033468349431,0.012122611994364325,0.017068560492814102,1.0,0.011578861038435839,0.020378890547927134,0.01597952959975611,0.0242773080302652,0.03339448162276735,0.007109429065272687,0.023973651219683808,0.02090221070928495,0.02707781426250652,0.01788729750139644,9.822469798087161E-4,0.01921864692868854,0.02391337621874729,0.023231974395961943,0.03801841229880743,0.021954582777599187,0.02466186471799442,0.023693303425817772,0.01890362748474734,0.011083395570418595,0.002155183714180418,0.00962243582281915,0.026815636709103936,0.01903118371709741,0.022259621289815623,0.04683710304318535,0.01706823193776258,0.027252818824210163,0.01870361468987802,0.027887046131915724,0.01181772750521026],[0.0023216797569123346,0.002634883930134584,0.001498437776811178,0.0028455205887444606,0.0026242893753025925,5.733258763774199E-4,7.337411675210248E-4,0.00838802395697441,0.00500164148852666,0.002224005051241315,0.0027698088311966995,0.0020585549718891566,0.0022440452696146774,0.0027573030485791273,0.004834562555233814,0.0040359015641211115,0.0018236023702956012,0.014443686250261248,0.0011277654832902793,0.0012097850124802973,0.008921692570442943,0.002846276587298866,0.0018158180261138844,0.0020007516726405737,0.011578861038435839,1.0,0.006947110614497667,0.0020619835715461063,0.005038016560852778,0.014055664113713418,0.0022994361837117647,0.0024132053317286123,0.011247255334976548,0.0019735386777931492,0.00473862195807385,6.15120505033958E-4,0.0028624179565911244,0.0028619890961428256,0.002179496188813144,0.013798964290143262,0.0017943502826132636,0.001684037322375419,9.130161294911825E-4,0.013685128213557269,0.001287894829685794,7.26644299350811E-4,9.734580979579284E-4,0.0022265033344465992,0.00742607362877164,0.0027020159265721024,0.012888016026484529,0.0014835259966709258,0.0012058573465783566,0.0030448580357465248,0.0020260901536167182,8.304685295585897E-4],[0.0027098342728003396,0.003791743376325674,5.878142781018186E-4,0.004169318205271118,0.006628327813079406,0.006156269860488956,0.0029472319835596953,0.009812696403339743,0.009461998936667167,0.002679486486064576,0.0045314208820909935,0.006977638069084455,0.0033168588771707256,0.00423151905137057,0.007951157381818074,0.007312913409075517,0.004209975388640771,0.014313297248431053,0.0035470683360746204,3.1500916986097516E-4,0.007999686275431487,0.0037153841985649474,0.0023661542786261544,0.004970026533940372,0.020378890547927134,0.006947110614497667,1.0,0.0022985035885263734,0.015748818605654066,0.012596413722187595,0.002706018944377303,0.005842248419036471,0.013335868295486308,0.00583841333766852,0.011323441300909516,0.004998266356636838,0.0038598423763839536,0.007445064302042531,0.005704465745657934,0.03192359235559965,0.005911633845973378,0.0013485349772154747,0.005247700561367182,0.009347450174540013,0.0027037833944139516,0.005919700197417141,0.002401874554037508,0.004629763361401381,0.008443057694218395,0.006682754414579363,0.05141685731433714,0.0026475576049308763,0.002039957553531748,0.007015219547732386,0.006723991667899827,0.007401727348376505],[2.1754076514903783E-4,4.2865444729643435E-5,5.598838819711163E-5,5.037859365781251E-4,3.143959160153397E-4,5.1223579519649907E-5,5.224973331742409E-5,0.0012065761826702097,0.007955770013468304,9.056222319259028E-5,2.579805268746212E-4,5.016597239942167E-4,0.0016314987661666604,0.0017146875213278105,0.004948399460470166,2.160582521781067E-4,2.8415408048654234E-5,0.014639570298323516,4.016668093266489E-5,1.0058259264317648E-4,0.0034335202238758265,9.612740799655566E-5,7.623487792481716E-5,0.0018578020177924676,0.01597952959975611,0.0020619835715461063,0.0022985035885263734,1.0,0.016747597387118677,0.006193280550026274,3.2421861543656784E-4,4.284122900015913E-5,0.0073821248669801295,2.9585627232034433E-4,0.0015837911559375799,3.885252157045095E-5,0.001374637577107014,0.0017109708287688702,4.492854648646498E-4,0.029133252686706582,3.101123351807427E-4,6.664679318428048E-4,2.5646271002760594E-4,0.00828997765042301,2.3028548913871236E-4,3.6548983397776476E-5,1.0362096046782562E-4,4.6890081818078354E-5,0.0026588873748946557,1.0980549117369824E-4,0.04354847010261741,7.486852415550567E-4,7.240177113704641E-4,0.002070427888667942,1.2787517153145422E-4,1.7447257701746E-4],[0.011518826721186579,0.0017107561008515943,0.017202493068079753,0.0036407195860971592,0.011360251301068462,0.004995282476473097,0.02163307133087362,0.011666255748875712,0.015339699195786274,0.019916535471650305,0.012827021537255904,0.017971634937548223,0.01759856900696782,0.018981303213059207,0.020810960778685165,0.008366215626689228,0.004352361894160246,0.016419193826578762,0.017578618244696625,0.0150227039096328,0.019989880741030797,0.005114090465584917,0.0027212472392593623,0.01649887510254551,0.0242773080302652,0.005038016560852778,0.015748818605654066,0.016747597387118677,1.0,0.028162077666772013,0.01006440637770402,0.009186723165033495,0.019921480055399447,0.010462380657963873,0.014262064345906303,0.002751439227912183,0.0209574516149106,0.008887449038860299,0.017448437369327444,0.026768936482170456,0.003558479195094266,0.008439947787289914,0.00453438657972938,0.021071430446843117,0.020343319540775423,0.020121925182185176,0.008305352764577015,0.022011873036301935,0.02047150692087301,0.0010318688091479223,0.0427410170458109,0.021719806992345884,0.02128305356238805,0.006105767288363679,0.004214361926138793,0.01037584280464867],[0.036149904674114046,0.020695494501728504,0.028745158407678138,0.027793009963460458,0.02668384561918545,0.024893940074451767,0.02945604539759208,0.02486357267116564,0.031768378957846906,0.01367416868793095,0.027556613041447135,0.007456237169929426,0.02692027877205483,0.025619812254902084,0.03761640078012756,0.03187414875212967,3.2310327370770866E-4,0.017679566540590677,0.027883725985155313,0.0017392399588735598,0.035390423697653065,0.025378047063305993,0.016806056615650728,0.0019149012569524828,0.03339448162276735,0.014055664113713418,0.012596413722187595,0.006193280550026274,0.028162077666772013,1.0,0.02282944897057164,0.0018109242707670917,0.035491526570276724,0.013927636801278316,0.025932345798035175,0.0319213219837747,0.029434462389858102,0.022133027274704974,0.019899592741637554,0.039699270841620296,0.013097875259968302,0.030078651572418128,0.014264494810465527,0.017354148380045634,0.03797233721288105,0.0020358226377425502,0.015162060818375733,0.002819627399090358,0.03613047363681386,0.010718748272281442,0.04404915733419407,0.022060864488796666,0.020002000522298207,0.005515630095555239,0.011742408193898136,7.321813240633166E-4],[0.001673129992475735,5.195947860814015E-4,0.001113369792296797,0.001743223462137997,6.731254908804474E-4,9.109231982373752E-4,0.0011225926210787864,0.006133641939172785,0.0029908085609983846,9.664467160115527E-4,0.0025109939604300024,0.0018325869102000258,0.0018969384590383203,0.002092502090669427,0.004912522475215869,0.0019456979328508286,9.851540464138355E-4,0.0021179924133771294,3.490307193387099E-4,9.89558014781285E-4,0.010557584932517756,2.4031432643565714E-4,0.001100419193987226,0.0019015325578556623,0.007109429065272687,0.0022994361837117647,0.002706018944377303,3.2421861543656784E-4,0.01006440637770402,0.02282944897057164,1.0,4.218662964040239E-5,0.011300560000007237,4.7479967386962983E-4,0.00746089781456403,0.0014765177426676749,0.0017935895545455691,0.0019265522723788946,6.997677239288393E-4,0.01816812153481751,0.0016941499671104267,0.0014711522806307958,0.0015176600179098968,0.00880400321617799,5.986716242992504E-4,0.0016762339025233738,0.0018010710210569344,0.001458491370378589,0.008366824698786945,0.0011473530035980158,0.03476127268777181,0.0017083791016687918,0.0017031442521495109,0.002318072092405051,6.652483067585525E-4,0.001085205792398302],[1.1913009114726673E-4,3.706943015358244E-5,1.4474377630095895E-4,2.200004521915039E-4,1.9510304460925283E-4,4.467317678179215E-5,1.2038807214174306E-4,0.0013605005757499674,0.004413055226610899,8.553623234320234E-5,0.0010834342890373942,0.0010547273725679002,0.0015065751765968138,6.134573330745209E-4,0.0025026836313491777,0.0017387815551385178,3.1917186321674756E-5,0.01601975262983689,3.138667312150721E-5,5.584337177764631E-5,0.006016674131149348,4.977191665468349E-5,1.0837115645879016E-4,5.463623614200519E-4,0.023973651219683808,0.0024132053317286123,0.005842248419036471,4.284122900015913E-5,0.009186723165033495,0.0018109242707670917,4.218662964040239E-5,1.0,0.007243875175573619,1.6194171493821461E-4,8.72523889593689E-4,2.1332844049721082E-5,0.0010237344755918143,6.265572168781185E-4,5.850471910925748E-4,0.01010887132629233,0.0013299757566902243,1.631397307798202E-4,3.9676112727578544E-5,0.011806998878712654,2.2926637628558976E-4,3.6073635979829786E-5,2.1748438808225686E-4,4.3462737936858915E-5,0.004598855546928169,1.5869666431270137E-4,0.016959419152248596,6.989321950599226E-4,6.90516897864109E-4,2.5052798637996627E-4,1.469431169068356E-4,7.686984910911909E-5],[0.009811483801560708,0.007810076560697033,0.011497867658561454,0.007264671085435733,0.005882740001175746,0.0032924837003575325,0.008794971100822188,0.010486128699871176,0.012848703739187232,4.4126418479944216E-4,0.014265421954309498,0.009936181722248822,0.009384763955750528,0.0102235815801325,0.009642211198916614,0.012256388369565205,0.0018487699708696628,0.015022090545472055,0.0015132803477666357,0.005145473158946477,0.014283639863926147,0.005855052548424274,0.010780163934736466,0.010755909103653104,0.02090221070928495,0.011247255334976548,0.013335868295486308,0.0073821248669801295,0.019921480055399447,0.035491526570276724,0.011300560000007237,0.007243875175573619,1.0,0.00417964142567166,0.01262077498195906,0.006891071418503514,0.005194623477280997,0.007710632725386131,0.006592810906348996,0.029661331045412277,0.003763154283058255,0.011239408031079713,0.011547591333232736,0.014492753623188406,0.012818799356239018,0.007969371105100525,0.010093386973725303,0.0014464583035497494,0.010479848559062838,3.237179179671946E-4,0.01611226238445171,0.009890044102125312,0.008365154493936528,0.008065331238682645,0.002527670311710939,0.008568146207244467],[2.7956740157718913E-4,2.8358783552935845E-4,3.5711204774360923E-4,5.39901072574526E-4,3.613028106089439E-4,3.1729173470310986E-4,3.220787678270424E-4,0.001335833785036734,0.0016176092389835262,1.134504331027456E-4,0.002396439157283367,5.590735991788074E-4,5.011568100809509E-4,0.001915840948940722,8.686429294964288E-4,3.9550122184337183E-4,3.2446191894497237E-4,0.006804073691900277,1.4962577488038964E-4,2.9385304532234387E-4,0.006246947770614882,1.8394455799061916E-4,3.058359022596425E-4,7.536550604199247E-4,0.02707781426250652,0.0019735386777931492,0.00583841333766852,2.9585627232034433E-4,0.010462380657963873,0.013927636801278316,4.7479967386962983E-4,1.6194171493821461E-4,0.00417964142567166,1.0,0.008827534367365091,3.1527317925089573E-4,5.09513633985579E-4,0.0017522259356224058,5.885841216988745E-4,0.029321941322537202,0.0015061868995420223,0.0010779108752340335,3.2321910367333594E-4,0.0016224250835962758,3.5040033761315375E-4,7.053120218470204E-5,2.8180366136939703E-4,2.0666889641825383E-4,0.003148770616684537,3.0599062159591847E-4,0.03501154538072529,0.0012399914843053924,6.391378067839256E-4,0.002965908423700159,3.202235886907793E-4,2.562248709843589E-4],[0.0022661711889832947,0.005074234420402815,0.007346689930219859,0.0089399439585191