[[1.0,2.2081286717003774E-5,2.403793910036928E-5,0.002896558586359282,1.4216318344683818E-4,1.0693040360451627E-4,0.0016472910938448778,4.551719603844869E-5,0.0013523584237450973,0.0028173755596091025,5.862988309687119E-4,0.0010735399786903084,0.001306117301579874,2.812296980704572E-4,0.034125166003429575,1.5884160260114745E-4,1.8960042372304447E-4,1.0667250669104457E-4,7.01774787512194E-5,1.1980322048444585E-4,1.1730890334667703E-4,0.011218506131311746,0.0023380382714618332,0.00728687426230601,0.006731828864425632,1.0948801793816698E-4,1.157343124585581E-4,1.1544392180151763E-4,0.0010361044985450166,7.195748284714339E-5,2.795552212057321E-4,1.2701364099844054E-4,0.0033150301624536144,1.312350683899377E-4,2.3520678626575103E-4,1.1900166370931312E-4,6.243160296719736E-5,1.1644843362660639E-4,2.1346540088791057E-4,1.8651678211920545E-5,2.3624348664275362E-4,2.7958197515355314E-5,9.848392289041105E-5,2.7974297392439874E-4,5.283789735107066E-4,2.646474470201985E-4,7.20227780114441E-5,1.1894703102314493E-4,1.0522883988868698E-4,1.6739608331336528E-5,9.786769930328374E-5,9.730901406044311E-4,2.82822736061194E-4,1.571865912942157E-4],[2.2081286717003774E-5,1.0,2.0765718298242848E-5,0.002995247898610007,9.702543146252043E-4,7.5193520811642E-5,2.2506650152494349E-4,1.707594295939097E-5,0.0029671868015552346,0.04600756019222759,6.368137187644498E-4,0.001183022141625482,3.803340641309131E-4,0.0012615039200550321,0.030838676883516433,5.3284354222282386E-5,7.849861963055968E-5,7.255241914676574E-5,1.9581382173676184E-5,9.247276695112308E-5,1.4238816813456825E-4,0.005744388949555055,0.00272088997903233,0.003053450104975656,0.0032395972828252696,4.328976278632045E-5,5.430075931895207E-5,1.2356550058058904E-4,0.0014383742245506236,2.0898077613763956E-5,2.6651098025403525E-4,9.039561391486682E-5,0.0013482870435207344,5.2156614955206474E-5,1.5309803700094924E-4,1.2452495274003757E-4,2.6456779397180935E-5,7.954731932518412E-5,3.2040806424330046E-4,1.200919959932697E-5,2.0926624674845137E-4,1.923517857494576E-5,5.5405797386728216E-5,4.092505823634254E-4,3.5184504375383426E-4,3.92419839578075E-4,2.1965050497097064E-5,1.278836777563686E-4,1.723985562162719E-5,1.4286050707515178E-5,2.2463894115374646E-5,0.0025727632584282155,4.8810894551669566E-4,1.686830511720048E-4],[2.403793910036928E-5,2.0765718298242848E-5,1.0,0.002909218628153924,0.0033542916168425017,9.346178407872331E-5,0.0010316498521536679,1.6211036673492318E-5,4.515077763401186E-4,0.06219846850217737,4.980562003791748E-4,3.1536277242300145E-4,0.001970196255780435,3.1465127768850765E-4,0.023553169170037313,1.1765113313128909E-4,1.3879068931844013E-4,2.0597821704565718E-5,1.583436453722529E-5,1.3141544503318003E-4,1.7611941289552468E-4,0.007879868775555604,8.599147825394414E-4,0.011406084717743879,0.006727264967253906,3.159728101870103E-5,6.819278702130766E-5,5.798808854436528E-5,8.652933056040996E-4,1.3394601931465078E-5,1.0395293556724871E-4,1.2488967337007014E-4,0.0012243686061444814,5.502133137711821E-5,2.500563295611426E-4,1.230502173275486E-4,2.5857245697443497E-5,5.62562998455376E-5,1.2735516391482036E-4,1.3037893395423738E-5,2.2755649900775272E-4,1.3173909305880821E-5,5.665106059869002E-5,0.0016933037270920636,1.7228785131587993E-4,6.774079068785411E-4,1.992156369268311E-5,1.1218694094111494E-4,1.55891339988973E-5,1.3949001790263799E-5,2.5463058764922697E-5,0.004102947906602031,5.181291177720372E-4,5.085380319486372E-5],[0.002896558586359282,0.002995247898610007,0.002909218628153924,1.0,0.003927508618009735,4.688684942400414E-4,0.005997052401599655,5.355613720036776E-4,0.003753483218005703,0.045777924457142724,0.0019109120718169403,0.002973012183473258,0.0030239775462068217,0.002807823799425057,0.008212412805692262,0.0015634206807946711,0.0012938321394541366,0.002529172077679655,9.305084333777301E-5,4.223259368947565E-4,7.92866320904184E-4,0.01466180363043849,0.0031993902701240684,0.004909270961560658,0.006426180282453006,0.0013134955977529047,7.595969402030341E-4,0.002399704273944956,0.002568083281461324,3.9710400611134175E-4,9.604364504586255E-4,0.0031115897879574134,0.003226708654156171,6.22107510220378E-4,0.0026545967442317053,5.193419757538603E-4,0.0015503647004112828,0.0016199510595227345,0.001817079206055836,0.002116893744238084,0.0025102943883323183,7.942102418358746E-4,0.002377214666313314,0.0030982724900583945,0.002462400251659681,0.003106099860891785,0.0012238111460872968,0.0026393232185184467,0.0017747895660755804,7.678945981787745E-4,0.002371547542653472,0.003158908763239058,0.0018224092684550079,0.0017520037024874482],[1.4216318344683818E-4,9.702543146252043E-4,0.0033542916168425017,0.003927508618009735,1.0,0.002155710801724303,0.006732025954295889,0.0017277499187615996,0.003934506820968057,0.03653456893174158,0.002237483518645165,0.002368995673589734,0.0038631834018003214,0.003390957732584448,0.019686272203850073,0.001250170329403766,0.0025421512157657307,0.00292578536298443,0.002247717577933945,0.0021431011937100048,0.0025025152582482204,0.008750631495246162,0.0034873766050720865,0.012115305919297582,0.007026077496355249,0.0011720029971934495,0.0022304421496302652,0.002956521478477851,0.0032603872949090564,0.0013864445647218961,0.0024450906047772513,0.0038786612368909676,0.003531023369514042,0.0031232583149663185,8.456557610795545E-4,0.0011957038505332883,1.0862421156449904E-4,0.0015875668497343052,4.425863215229655E-4,0.0021110720591417586,0.0024587061228651353,9.44556032024415E-4,0.002056472206591788,0.0029062560832295472,0.0016383607110069952,0.0033615414760612412,2.989528652940418E-4,0.00372145159412266,0.0035481954305043653,0.0012502214106598136,0.0035494746545108873,0.004866987701340525,0.0021534116767487686,6.283288976903763E-4],[1.0693040360451627E-4,7.5193520811642E-5,9.346178407872331E-5,4.688684942400414E-4,0.002155710801724303,1.0,0.007173517372726816,3.932480861511314E-5,0.0017790313144186135,0.047814207291642805,4.595880070198823E-4,6.339578948997234E-4,0.002720424120552438,2.641381495561597E-4,0.06279705262875782,1.269968790416608E-4,2.1956725648414094E-4,1.0145882124235497E-4,7.628664600513054E-5,1.3707070392001355E-4,1.9771375516296197E-4,0.0027120432048314495,0.0015984686612275408,0.009826131719018026,0.00609144636540908,1.04476739937852E-4,1.093523366790585E-4,1.4706706360995394E-4,2.3626047902481582E-4,3.740896616258923E-5,2.171311547783812E-4,1.0132184518583641E-4,0.002052818283968004,1.0904160855361362E-4,1.3236141183865753E-4,2.0826198460789704E-4,5.786946960261337E-5,1.2993102969047177E-4,1.4558182576271676E-4,8.616982093031089E-5,1.2329200757798953E-4,5.305251456604497E-5,9.594888873719847E-5,0.0015068513867422919,2.0844695490736655E-4,0.002403039852848811,5.656402628228002E-5,1.2745007962775345E-4,6.927664181852414E-5,7.850946778234733E-5,8.765090992488745E-5,0.004879543624040926,4.941388942851523E-4,1.0228219193117433E-4],[0.0016472910938448778,2.2506650152494349E-4,0.0010316498521536679,0.005997052401599655,0.006732025954295889,0.007173517372726816,1.0,0.003574992112800053,0.00943798444639593,0.05296243490123499,0.005913144888705112,0.008542410019434886,0.004362248031101853,0.00854683650379528,0.013399037234536355,0.004254127780219969,0.010192195294492983,0.0036520142760745867,0.007627644064920848,0.010282179006072645,0.0013467988738687902,0.013798284087006115,0.009412791289122742,0.014392970473073474,0.010540793595789931,0.0069213862957038744,8.909086376395573E-4,0.005589509593710973,0.001975857580498778,0.008238388735320287,0.010312357684544474,0.004468328529878146,0.008369817714753716,0.006825676656813881,0.010286544437776907,0.0019461063954217736,0.0071151437299254916,0.008512093926492109,0.008942081785771156,0.0021846533127519003,0.0034150834774135524,0.006364247195878013,0.006535813690380561,0.003831028274994817,0.00802857622394512,0.003007842882898279,0.00992614272067178,0.0071809619364998495,0.0016871633115928806,0.0011300505177425626,4.7280824971166055E-4,0.009563482221216184,0.0046016627431993,0.004429741349048805],[4.551719603844869E-5,1.707594295939097E-5,1.6211036673492318E-5,5.355613720036776E-4,0.0017277499187615996,3.932480861511314E-5,0.003574992112800053,1.0,0.0028629633532321055,0.005793192524321092,7.579649019730417E-4,1.544603534749389E-4,0.0025564377934208845,0.0018741083184794392,0.058584471620179,1.829124731361022E-5,1.992531962523022E-4,5.4690828443024975E-5,1.661101215157535E-5,2.592595287442373E-5,4.793937435303204E-5,0.0015368669547940177,0.001152056470072898,0.0010629453014019605,0.001568240718995189,1.0260288215125025E-4,5.594987983212313E-5,1.0798252193930757E-4,0.0018983994635006218,1.6649396709574742E-5,1.7508916498503184E-4,1.290686380914533E-4,0.002203260192334492,6.357558761214814E-5,1.6797556011826086E-4,3.112802538647499E-4,2.367344304250185E-5,1.8954502186488927E-4,3.8412907370325913E-5,1.6650030808599664E-5,1.0116947866754659E-4,1.4164507549790105E-5,3.3411002549416925E-5,0.001474505025326083,4.996322046780932E-4,0.0012100082740908523,2.029459355048282E-5,4.474056098746442E-5,1.3120448532934613E-5,1.1689482316694467E-5,2.2346571156930293E-5,9.70060417605637E-4,6.030266168264833E-4,4.024290783090801E-5],[0.0013523584237450973,0.0029671868015552346,4.515077763401186E-4,0.003753483218005703,0.003934506820968057,0.0017790313144186135,0.00943798444639593,0.0028629633532321055,1.0,0.024859088086366225,0.0019405369941011726,0.0031971213582472576,0.0038743083109474205,0.0026887817462692806,0.010123454513504382,0.0011791614893136226,0.0017382749404093365,1.2655266433474427E-4,0.002289563229469157,0.0011618355584908184,5.658344388749259E-4,0.02470936401273371,0.0036585375972914584,0.003970191947579613,0.004271733761754615,0.003565421945466823,0.0017031297593503522,0.0012640866569991539,0.0036601945478832863,0.0018630044859376438,0.0014547819317578107,0.0018851107100777097,0.003569526472827008,0.003165196888386056,0.0013969241415578543,4.245998787523246E-4,0.0010127071458082915,0.003233638411308332,5.246371436968191E-4,0.0024633373783300595,0.003219075984401316,0.0019061808831600695,0.0026452576656450363,0.0038288998270033688,9.767928273859577E-4,0.0030789858185196048,2.8818197394635345E-4,0.00386640037470964,3.289391886732707E-4,4.6911790829642246E-4,2.822861575275696E-5,0.004157409154641401,0.0038210955616114635,0.0016946235645654167],[0.0028173755596091025,0.04600756019222759,0.06219846850217737,0.045777924457142724,0.03653456893174158,0.047814207291642805,0.05296243490123499,0.005793192524321092,0.024859088086366225,1.0,0.009700809267924384,0.020143230941621744,0.028698560380244095,0.06184857443092411,0.07441288586759004,0.0685422455554925,0.023750400817454102,0.06715715865816889,0.016470124309165408,0.0327171860932802,0.043054730503723625,0.029114392712097398,0.017790586419981734,0.07472238227688999,0.033751588250186745,0.03724989753035024,0.06909780662997966,0.010509860068315651,0.006412878631380587,0.004608316981679628,0.041616874912028236,0.041034307000416985,0.015511019543581602,0.01416286731750034,0.03194000873235252,0.01332474948096193,0.04435157575370582,0.057630084283830686,0.04752122854431419,0.0478807041181233,0.028087138695089636,0.011967517332915125,0.04263744316354403,0.048850717133149923,0.05863041992832266,0.01748750294587181,0.022975978007549535,0.03226711540327336,0.023245492142571243,0.0718901933935967,0.002954128760057494,0.020215140477778074,0.06084803162774937,0.06796131848362812],[5.862988309687119E-4,6.368137187644498E-4,4.980562003791748E-4,0.0019109120718169403,0.002237483518645165,4.595880070198823E-4,0.005913144888705112,7.579649019730417E-4,0.0019405369941011726,0.009700809267924384,1.0,0.001130540183126689,0.0025068864879698553,0.0012393869027185409,0.0047189628436155075,6.955057020853997E-4,6.426663850061518E-4,8.396549443050935E-4,8.076711674668415E-4,6.158927763496261E-4,2.880672846459876E-4,0.015795543727077487,0.0016140044568348508,0.014971670611978793,0.002040777905414205,8.300009188012438E-4,1.886842226522555E-4,2.104347104208061E-4,0.0012501736095306532,2.5281830005113317E-4,7.032636999520527E-4,2.573703392173434E-4,0.002812611826118822,0.0010604570305667547,9.494517818622609E-4,0.0010572836543032253,7.200360499808649E-4,6.490384959531185E-4,5.283050307572014E-4,7.353981249539086E-4,3.9930183409213614E-4,3.32005657780387E-4,6.62743992099047E-4,0.001675614620992785,8.236757591843445E-4,0.0014866776993997344,8.465169617725851E-5,3.820085470988689E-4,7.791554919008733E-4,9.767802889965264E-4,7.393153729418043E-4,0.0035509631409198304,9.377203947095404E-4,5.544224798029402E-4],[0.0010735399786903084,0.001183022141625482,3.1536277242300145E-4,0.002973012183473258,0.002368995673589734,6.339578948997234E-4,0.008542410019434886,1.544603534749389E-4,0.0031971213582472576,0.020143230941621744,0.001130540183126689,1.0,0.0024328304299712413,0.0015166886180563147,0.05350406751324887,3.0083358094614007E-4,0.0011386871629550472,7.932008306731607E-4,0.001031299542032024,8.080368467345977E-4,5.711713593184647E-4,0.022934709016771207,0.0018679094366982106,0.009442220845397092,0.004039419521071527,7.105652321517787E-4,3.8060723958090637E-4,2.934071131752043E-4,0.0017738056235905362,4.569480208510514E-4,5.781400085190438E-4,5.229138884492278E-4,0.002389793438901537,0.0011206794322769216,0.0010874021143851154,6.863893431131137E-4,0.0010914982419735135,8.473033814214933E-4,9.079791319399452E-4,4.6524881962146925E-4,7.810955253937643E-4,0.0011876786197102663,1.7034275211579985E-4,0.001386347820248876,9.267299140050676E-4,0.0017324439536259661,6.355463800911968E-4,8.158450825402715E-4,1.0990555289666885E-4,7.308084062025412E-4,9.942167016672586E-4,0.0020898532465833,8.108996823338365E-4,9.821407871146623E-4],[0.001306117301579874,3.803340641309131E-4,0.001970196255780435,0.0030239775462068217,0.0038631834018003214,0.002720424120552438,0.004362248031101853,0.0025564377934208845,0.0038743083109474205,0.028698560380244095,0.0025068864879698553,0.0024328304299712413,1.0,0.002762159190273043,0.06330243613992259,0.00133141592248315,0.0010337593643993978,9.508934368695748E-4,0.0022424620296920346,0.0028309324831460874,0.002410703733233003,0.003065524543981102,0.002866594896200607,0.002973280624218057,0.0029141581432457053,0.001907669885626657,0.002365328489019497,0.0017041810271890784,0.002631706261146778,0.0019536389541960106,0.002043974898080806,0.0016211785905348094,0.0030315760380761007,3.9012031487130534E-4,0.0026111271861835915,0.0014757578965684068,0.0011475110209097235,0.0010085425508056622,0.0015565946631983458,0.002237180983806801,0.0014239438863731914,6.008703197190301E-4,0.00192405665188768,0.0019945288825082876,7.890215944283488E-4,0.002905816845147745,0.0027815437958728087,0.0017787607234450292,0.0027682807089502684,0.0016240445433189418,0.0013799795291757134,0.002999404159666902,0.002493151200808147,0.002384639650990561],[2.812296980704572E-4,0.0012615039200550321,3.1465127768850765E-4,0.002807823799425057,0.003390957732584448,2.641381495561597E-4,0.00854683650379528,0.0018741083184794392,0.0026887817462692806,0.06184857443092411,0.0012393869027185409,0.0015166886180563147,0.002762159190273043,1.0,0.022119495427237606,4.005568621457253E-4,0.001870259566653229,0.0012657860855207561,1.3469673272614634E-4,0.0010391285806675462,2.7465278420845383E-4,0.014675393158699897,0.002214695852165451,0.009733547851178985,0.004341990902636022,3.630628201044194E-4,0.0016977326417765184,6.642051843147884E-4,0.001908221489149856,6.579466060242421E-4,0.0012527120808081863,4.537002967578447E-4,0.0029703593148044547,0.001277399590620678,0.001109532429450831,0.001414369860416898,0.001817797460241069,0.0015141837394586023,0.0017298727648944988,7.598214158371127E-4,0.001136668550452505,6.389940476941799E-4,0.0017690894129717377,0.0017885435263674562,0.001558404007894218,0.0019757415467136817,8.169266536251645E-4,2.0854819270735463E-4,1.8098498669193156E-4,3.659990584104924E-4,5.668900385234553E-4,0.003615293611467241,0.0014135247803955143,6.4809178327336E-4],[0.034125166003429575,0.030838676883516433,0.023553169170037313,0.008212412805692262,0.019686272203850073,0.06279705262875782,0.013399037234536355,0.058584471620179,0.010123454513504382,0.07441288586759004,0.0047189628436155075,0.05350406751324887,0.06330243613992259,0.022119495427237606,1.0,0.04814575659527693,0.026363089940367318,0.008786895211370542,0.05735171332852618,0.04181398060953178,0.0478591362091215,0.03747593861229062,0.007458322991381815,0.053712803007811026,0.010111344539680087,0.0285619022044012,0.06451636317224245,0.047072075828019325,0.036684280873057334,0.04543852792179523,0.05752859782863981,0.016585856256501996,0.041311376952374274,0.05849871870594975,0.004607694272860344,0.008339232354939375,0.004165001843810099,0.02695562442510126,0.02647551395219939,0.030622700776309086,0.0369679491608091,0.05963205857423792,0.018838274949840143,0.07003884247902893,0.059686219640853244,0.03292733198556654,0.0321440151763282,0.030866603724118737,0.06456777981517667,0.04400294304875642,0.02238049887887628,0.06938552899646515,0.03193132336545563,0.060952226403254844],[1.5884160260114745E-4,5.3284354222282386E-5,1.1765113313128909E-4,0.0015634206807946711,0.001250170329403766,1.269968790416608E-4,0.004254127780219969,1.829124731361022E-5,0.0011791614893136226,0.0685422455554925,6.955057020853997E-4,3.0083358094614007E-4,0.00133141592248315,4.005568621457253E-4,0.04814575659527693,1.0,2.139697508405481E-4,1.2640467286734929E-4,6.596323918818192E-5,1.7437549046899113E-4,1.99927459090256E-4,0.010023645076042892,8.079385197157316E-4,4.816327492318818E-4,0.00657836094942423,1.7862955413920937E-4,1.460398341272351E-4,1.552985204492889E-4,0.0019237343197845117,1.3570554720815178E-5,2.1567273167180477E-4,1.6391802863885218E-4,0.003246517824962622,1.9316909376728726E-4,3.0529974632509887E-4,2.880745772191766E-4,1.4330943157129722E-4,2.0445530470077666E-4,2.0789182153330732E-4,1.2461045879589048E-4,3.050940802513685E-4,1.4456391700701126E-4,1.5563368690695327E-4,0.0012543288779423903,4.296429074457257E-4,0.0017699533316954236,4.293472658608526E-5,1.8631482013290476E-4,4.543715094722323E-5,7.439096966382902E-5,1.6026695029695148E-4,0.0038533849296001413,4.930886271792654E-4,1.9491499850355314E-4],[1.8960042372304447E-4,7.849861963055968E-5,1.3879068931844013E-4,0.0012938321394541366,0.0025421512157657307,2.1956725648414094E-4,0.010192195294492983,1.992531962523022E-4,0.0017382749404093365,0.023750400817454102,6.426663850061518E-4,0.0011386871629550472,0.0010337593643993978,0.001870259566653229,0.026363089940367318,2.139697508405481E-4,1.0,1.1555020307973761E-4,9.9311854579376E-5,2.2602116614224669E-4,2.2563744795563032E-4,3.114974595791845E-4,9.012382330583253E-4,0.0019342400209436715,0.005104087942310474,1.657469683123534E-4,2.2614734855612884E-4,1.8828875594348763E-4,7.613518648171894E-4,1.2959412417786143E-4,3.296435719780456E-4,1.9110552842193426E-4,0.0018551828027412276,1.9863135328141747E-4,3.5199860758765154E-4,2.601067403240129E-4,1.5346168759392773E-4,2.2694953018427094E-4,2.780090423992774E-4,9.211883668008249E-5,2.763325534528727E-4,1.4642628177412848E-4,1.5262924479361655E-4,8.204095213884701E-4,7.198507500670862E-4,0.0019562712920620363,3.274104102658289E-5,1.815894569624959E-4,6.033100555521993E-5,1.3596586328611023E-4,2.196967073616153E-4,0.0020032719660656732,5.352470995359458E-4,1.9034745370440952E-4],[1.0667250669104457E-4,7.255241914676574E-5,2.0597821704565718E-5,0.002529172077679655,0.00292578536298443,1.0145882124235497E-4,0.0036520142760745867,5.4690828443024975E-5,1.2655266433474427E-4,0.06715715865816889,8.396549443050935E-4,7.932008306731607E-4,9.508934368695748E-4,0.0012657860855207561,0.008786895211370542,1.2640467286734929E-4,1.1555020307973761E-4,1.0,3.235528899308651E-5,1.2256081019435347E-4,1.7802782943806796E-4,0.01692090949333921,0.0015659729691072368,2.8299625615711666E-4,0.00615033196161992,1.0600543489376625E-4,1.1636250484821718E-4,1.1605960514893047E-4,0.0014277402623823663,8.378817470914204E-5,3.267358038723883E-4,1.1212639694123425E-4,0.0016786443635262184,1.0836493582345477E-4,3.4264019565795854E-4,1.8764314669382807E-4,4.926027084203391E-5,1.5078186651617325E-4,1.2066022168346262E-4,8.774538581021438E-5,1.2678135140141683E-4,3.8584312842151797E-5,9.910049167393912E-5,0.0012206972822827308,5.857346455824335E-4,0.002598762737363488,8.021595184610862E-5,1.2938874057863187E-4,3.5600153927070734E-5,8.65140905442744E-5,3.710555276203249E-5,0.004957581742832872,2.025576507377035E-4,1.120113045077442E-4],[7.01774787512194E-5,1.9581382173676184E-5,1.583436453722529E-5,9.305084333777301E-5,0.002247717577933945,7.628664600513054E-5,0.007627644064920848,1.661101215157535E-5,0.002289563229469157,0.016470124309165408,8.076711674668415E-4,0.001031299542032024,0.0022424620296920346,1.3469673272614634E-4,0.05735171332852618,6.596323918818192E-5,9.9311854579376E-5,3.235528899308651E-5,1.0,8.561937647961132E-5,3.148049361562935E-5,0.014700966093098403,0.0018379568969359163,0.007252043995432144,0.0064918986047248104,2.138646972206601E-5,2.259876588433317E-5,5.197093304935293E-5,0.0013161551149834545,1.339028017527832E-5,6.462449102871352E-5,1.0336175625071867E-4,0.0031750978133209627,1.2860524351285884E-4,3.603924303745658E-4,2.0327764431150467E-4,2.2699981756765633E-5,3.1533425948891594E-5,1.3420970199814583E-4,1.188640479286431E-5,1.0643918668149732E-4,1.481557332696401E-5,7.907293520146624E-5,8.620316203648592E-4,4.1447183741523413E-4,1.4654251495454173E-4,1.968583446198932E-5,1.0067477183634101E-4,1.2051955503862595E-5,1.2799110522280246E-5,2.369701609915024E-5,0.0027431052012462853,2.4567585592623423E-4,1.243932007039752E-4],[1.1980322048444585E-4,9.247276695112308E-5,1.3141544503318003E-4,4.223259368947565E-4,0.0021431011937100048,1.3707070392001355E-4,0.010282179006072645,2.592595287442373E-5,0.0011618355584908184,0.0327171860932802,6.158927763496261E-4,8.080368467345977E-4,0.0028309324831460874,0.0010391285806675462,0.04181398060953178,1.7437549046899113E-4,2.2602116614224669E-4,1.2256081019435347E-4,8.561937647961132E-5,1.0,1.599707995401117E-4,0.0013391827092275187,8.347345925388628E-4,0.004333121389487264,0.005754749586294813,1.436382283221228E-4,1.2809014661813064E-4,1.5464522217264331E-4,8.513693167346176E-4,4.8348493247201836E-5,3.389088625881081E-4,1.5425667928257265E-4,0.00286059156835457,1.565363428485577E-4,1.7629141121545068E-4,3.172060689213253E-4,8.713960068337741E-5,1.7569767651524405E-4,2.1066819949334378E-4,1.423855963758763E-4,1.7400593663374826E-4,8.764132345158588E-5,1.363838056092345E-4,6.132014190688899E-4,4.992712166874399E-4,3.570099372134175E-4,1.1003851211578061E-4,1.5309648916427994E-4,6.805411097649414E-5,7.490092273591584E-5,5.335024717297822E-5,8.340360839731081E-4,6.888273575944177E-4,1.6872447990564894E-4],[1.1730890334667703E-4,1.4238816813456825E-4,1.7611941289552468E-4,7.92866320904184E-4,0.0025025152582482204,1.9771375516296197E-4,0.0013467988738687902,4.793937435303204E-5,5.658344388749259E-4,0.043054730503723625,2.880672846459876E-4,5.711713593184647E-4,0.002410703733233003,2.7465278420845383E-4,0.0478591362091215,1.99927459090256E-4,2.2563744795563032E-4,1.7802782943806796E-4,3.148049361562935E-5,1.599707995401117E-4,1.0,0.016221558785030718,9.870010780058422E-4,0.009598146009266709,9.987652377507477E-4,1.1129010359309268E-4,1.2043320615584893E-4,1.9849498567929734E-4,7.874567734501582E-4,1.1509057009668482E-4,2.3370413763954077E-4,1.4917188177111375E-4,0.0013711226967794187,1.8573792956591773E-4,3.3031939733188834E-4,2.3473903525565853E-4,2.0821940608813715E-4,2.082696879531227E-4,3.2407665498224657E-4,1.3816823739216683E-4,2.9503631189226867E-4,1.0659258082445846E-4,1.4004704184768682E-4,4.899638169889264E-4,7.0968249755715E-4,0.0017984781553177821,1.2833117628216557E-4,1.372701386773098E-4,4.923798620845048E-5,1.801606387394119E-4,1.1134580075682074E-4,0.0035964748022001493,2.634613429916439E-4,1.7548879796721768E-4],[0.011218506131311746,0.005744388949555055,0.007879868775555604,0.01466180363043849,0.008750631495246162,0.0027120432048314495,0.013798284087006115,0.0015368669547940177,0.02470936401273371,0.029114392712097398,0.015795543727077487,0.022934709016771207,0.003065524543981102,0.014675393158699897,0.03747593861229062,0.010023645076042892,3.114974595791845E-4,0.01692090949333921,0.014700966093098403,0.0013391827092275187,0.016221558785030718,1.0,0.01308142391928312,0.023940497934951226,0.009993149059565486,0.02486511395518953,0.015703821591729825,0.015877057715725493,0.008526508731910312,0.009525820092168659,0.010951687971523473,0.01186391591946045,0.004245073217933213,0.0043492288848438615,0.004133905566699967,0.012371511669414146,0.01083028800204725,0.009209769183828235,0.020153037018159264,0.001553226574705855,0.004910035832609992,0.012974895777849571,0.006438423204198332,0.004894976491005438,0.024061325351322514,0.006974925188919754,0.02134859728699587,0.023104870352777272,0.019787476127448723,0.0076171517246748505,0.016352203109585982,0.022131572067073634,0.005576229142136475,0.010477268495892419],[0.0023380382714618332,0.00272088997903233,8.599147825394414E-4,0.0031993902701240684,0.0034873766050720865,0.0015984686612275408,0.009412791289122742,0.001152056470072898,0.0036585375972914584,0.017790586419981734,0.0016140044568348508,0.0018679094366982106,0.002866594896200607,0.002214695852165451,0.007458322991381815,8.079385197157316E-4,9.012382330583253E-4,0.0015659729691072368,0.0018379568969359163,8.347345925388628E-4,9.870010780058422E-4,0.01308142391928312,1.0,0.0070499488405086595,0.0038114631523380547,0.0010195664312078944,0.0017405160507809171,0.0019798331188807753,0.0031874177038434953,5.298569100719203E-4,0.001631664669642067,0.0017855067482429078,0.003316969998754758,9.173439249215999E-4,0.0027840555318400144,0.001108456557086249,0.001570309435557972,4.389603927472474E-4,7.96863052871439E-4,5.823803221962902E-4,0.002903010971729005,9.686425662948708E-4,0.002327645097043404,0.0019789346462959737,0.001050036762401805,0.0031199065606035306,0.0028681455300139055,0.001238815416082814,0.00231054051756681,9.595679361934532E-4,4.853842061359302E-4,0.004899756968918374,0.001357297610297287,0.002062655984008812],[0.00728687426230601,0.003053450104975656,0.011406084717743879,0.004909270961560658,0.012115305919297582,0.009826131719018026,0.014392970473073474,0.0010629453014019605,0.003970191947579613,0.07472238227688999,0.014971670611978793,0.009442220845397092,0.002973280624218057,0.009733547851178985,0.053712803007811026,4.816327492318818E-4,0.0019342400209436715,2.8299625615711666E-4,0.007252043995432144,0.004333121389487264,0.009598146009266709,0.023940497934951226,0.0070499488405086595,1.0,0.0142849384773735,0.00620561368875747,0.0015632921553453444,4.947272807052092E-4,0.014445612669441815,0.014844872936430265,0.0102717607492391,0.010470244410764221,0.011754423073071299,0.002484197541767804,0.01534365900233243,0.002706338516017269,0.004532676516347241,0.0030870400057327694,0.0027627599599663304,0.013197692284643889,0.007332228503859578,0.0012985894755963472,0.006858663082747489,0.0030795234704428373,0.009273834407440604,0.01298467495671594,0.0028583870091356076,0.010551362187957252,0.006314512524744995,0.004599773386246884,0.012612484419200674,0.011546461639547896,0.001603793169848777,0.008074494526790274],[0.006731828864425632,0.0032395972828252696,0.006727264967253906,0.006426180282453006,0.007026077496355249,0.00609144636540908,0.010540793595789931,0.001568240718995189,0.004271733761754615,0.033751588250186745,0.002040777905414205,0.004039419521071527,0.0029141581432457053,0.004341990902636022,0.010111344539680087,0.00657836094942423,0.005104087942310474,0.00615033196161992,0.0064918986047248104,0.005754749586294813,9.987652377507477E-4,0.009993149059565486,0.0038114631523380547,0.0142849384773735,1.0,8.554575481704074E-4,0.0023673804134628986,0.0019475673420583394,0.0031759853978053443,0.005246684275485184,0.0027356017250744296,0.00159382299413351,0.005357978139821553,0.005934655748225176,7.266602419462337E-4,7.522201476700102E-4,0.006420232587616237,2.135977720625223E-4,0.006043904773992441,6.697053427840472E-4,0.0033190233081703204,0.003188499994800624,0.0018643251744041086,0.004761549880466313,0.0043159815704229484,0.004190298926258027,0.0025744531009092844,0.003137840864508081,0.0023416253688007013,0.002721327844074601,7.092331758351229E-5,0.0067427293056286,0.0033604585940164313,0.005211149726466095],[1.0948801793816698E-4,4.328976278632045E-5,3.159728101870103E-5,0.0013134955977529047,0.0011720029971934495,1.04476739937852E-4,0.0069213862957038744,1.0260288215125025E-4,0.003565421945466823,0.03724989753035024,8.300009188012438E-4,7.105652321517787E-4,0.001907669885626657,3.630628201044194E-4,0.0285619022044012,1.7862955413920937E-4,1.657469683123534E-4,1.0600543489376625E-4,2.138646972206601E-5,1.436382283221228E-4,1.1129010359309268E-4,0.02486511395518953,0.0010195664312078944,0.00620561368875747,8.554575481704074E-4,1.0,1.1713375412581491E-4,1.412645739331543E-4,0.0013389355642009692,8.876850601071971E-5,1.1649765699936292E-4,1.199808828095014E-4,0.0028525237232709007,1.3541426600586075E-4,2.675781813798805E-4,3.3081488432368966E-4,7.416564616825133E-5,1.9990465312801553E-4,2.079910083025173E-4,1.031592702072124E-4,2.9212705264097116E-4,3.354224537469094E-5,9.620745515771127E-5,0.0014053975513821442,3.910169150462828E-4,0.0020799096327964893,9.481306635629001E-5,1.1249776434914316E-4,5.060955956038777E-5,1.0620033920245522E-4,7.707772117334052E-5,0.0013195243248468659,1.895632123059881E-4,1.5148042388665639E-4],[1.157343124585581E-4,5.430075931895207E-5,6.819278702130766E-5,7.595969402030341E-4,0.0022304421496302652,1.093523366790585E-4,8.909086376395573E-4,5.594987983212313E-5,0.0017031297593503522,0.06909780662997966,1.886842226522555E-4,3.8060723958090637E-4,0.002365328489019497,0.0016977326417765184,0.06451636317224245,1.460398341272351E-4,2.2614734855612884E-4,1.1636250484821718E-4,2.259876588433317E-5,1.2809014661813064E-4,1.2043320615584893E-4,0.015703821591729825,0.0017405160507809171,0.0015632921553453444,0.0023673804134628986,1.1713375412581491E-4,1.0,1.2729811895494689E-4,4.3075941214311875E-4,9.338518646998046E-5,2.624647595896452E-4,1.2110195185009301E-4,0.0020860596075210295,1.3681930150129143E-4,2.947186157350977E-4,2.7384367300558026E-4,7.642312237478826E-5,1.362299033262596E-4,1.3521736317470735E-4,3.354933926867188E-5,3.088169144073315E-4,3.599653441297156E-5,1.0709113566980794E-4,7.712044660697929E-4,5.16056783913628E-4,9.140264441521127E-4,8.996061290295854E-5,1.2924060618409514E-4,3.84296011140288E-5,1.5448810947900782E-5,3.960103048830665E-5,0.003527970080303065,2.5439979988090835E-4,1.5932334868213146E-4],[1.1544392180151763E-4,1.2356550058058904E-4,5.798808854436528E-5,0.002399704273944956,0.002956521478477851,1.4706706360995394E-4,0.005589509593710973,1.0798252193930757E-4,0.0012640866569991539,0.010509860068315651,2.104347104208061E-4,2.934071131752043E-4,0.0017041810271890784,6.642051843147884E-4,0.047072075828019325,1.552985204492889E-4,1.8828875594348763E-4,1.1605960514893047E-4,5.197093304935293E-5,1.5464522217264331E-4,1.9849498567929734E-4,0.015877057715725493,0.0019798331188807753,4.947272807052092E-4,0.0019475673420583394,1.412645739331543E-4,1.2729811895494689E-4,1.0,0.0015257536753387928,3.875960665854659E-5,2.2597444817228502E-4,1.3765336095581537E-4,8.784847573446884E-4,1.4765161088627405E-4,3.783852437913446E-4,2.15943110331539E-4,9.968852032607606E-5,1.7659081748265428E-4,2.0142570375092833E-4,2.2935282944944895E-5,2.571912824772954E-4,4.9850813252147596E-5,1.2728661806314182E-4,4.410486184693648E-4,7.109082395667439E-4,9.648057760799516E-4,6.255537592890754E-5,1.4007726722246224E-4,1.1928023698275927E-4,9.709742023844934E-5,4.104655417356145E-5,0.0012703678408336864,4.453972519885638E-4,1.536613309772932E-4],[0.0010361044985450166,0.0014383742245506236,8.652933056040996E-4,0.002568083281461324,0.0032603872949090564,2.3626047902481582E-4,0.001975857580498778,0.0018983994635006218,0.0036601945478832863,0.006412878631380587,0.0012501736095306532,0.0017738056235905362,0.002631706261146778,0.001908221489149856,0.036684280873057334,0.0019237343197845117,7.613518648171894E-4,0.0014277402623823663,0.0013161551149834545,8.513693167346176E-4,7.874567734501582E-4,0.008526508731910312,0.0031874177038434953,0.014445612669441815,0.0031759853978053443,0.0013389355642009692,4.3075941214311875E-4,0.0015257536753387928,1.0,3.4011129618396525E-4,0.001421592261368155,0.0018586707187267005,0.00231571104575855,0.0014563999987058564,9.383527914333702E-4,0.0018425271686937235,0.0014186614617608506,0.001843244160188734,7.920737331378127E-4,0.0010793561253009726,9.21780563487846E-4,5.458628628264572E-4,6.641608235420724E-4,0.001832871425516981,0.0011867648159325423,0.0023526181669462163,0.0013072761193275385,8.119734092756045E-4,0.001150763775659943,0.0017440135804871581,0.0013405098919656447,0.00200916300492854,0.001757203151235304,0.0012286388194591847],[7.195748284714339E-5,2.0898077613763956E-5,1.3394601931465078E-5,3.9710400611134175E-4,0.0013864445647218961,3.740896616258923E-5,0.008238388735320287,1.6649396709574742E-5,0.0018630044859376438,0.004608316981679628,2.5281830005113317E-4,4.569480208510514E-4,0.0019536389541960106,6.579466060242421E-4,0.04543852792179523,1.3570554720815178E-5,1.2959412417786143E-4,8.378817470914204E-5,1.339028017527832E-5,4.8348493247201836E-5,1.1509057009668482E-4,0.009525820092168659,5.298569100719203E-4,0.014844872936430265,0.005246684275485184,8.876850601071971E-5,9.338518646998046E-5,3.875960665854659E-5,3.4011129618396525E-4,1.0,1.4268169109403757E-4,1.2560892738903005E-4,1.1128746629810991E-4,5.834739877861822E-5,3.852786156916909E-5,2.7417697019735453E-4,1.3855991837987722E-5,2.0685819447456425E-4,1.387310939930956E-4,1.0882878894148633E-5,1.9419444989850015E-4,1.2189864469555858E-5,3.389165112691709E-5,1.1592539486431796E-4,4.6032617050695745E-4,0.0029694260938665177,2.365684458600226E-5,7.065983054231616E-5,1.0608918609497265E-5,1.132151244178762E-5,1.1521715588063972E-5,0.004308763073857697,6.215650409602229E-4,1.419907881099508E-4],[2.795552212057321E-4,2.6651098025403525E-4,1.0395293556724871E-4,9.604364504586255E-4,0.0024450906047772513,2.171311547783812E-4,0.010312357684544474,1.7508916498503184E-4,0.0014547819317578107,0.041616874912028236,7.032636999520527E-4,5.781400085190438E-4,0.002043974898080806,0.0012527120808081863,0.05752859782863981,2.1567273167180477E-4,3.296435719780456E-4,3.267358038723883E-4,6.462449102871352E-5,3.389088625881081E-4,2.3370413763954077E-4,0.010951687971523473,0.001631664669642067,0.0102717607492391,0.0027356017250744296,1.1649765699936292E-4,2.624647595896452E-4,2.2597444817228502E-4,0.001421592261368155,1.4268169109403757E-4,1.0,3.0499978322892987E-4,9.777625417347537E-4,2.7565674395904063E-4,3.513246244940937E-4,3.4781706407594387E-4,1.1579099505882248E-4,3.019863095301396E-4,3.396611307197837E-4,9.938597176240389E-5,3.179491901693661E-4,3.4623524617209944E-4,1.505349960263826E-4,0.001395019843683102,5.50295693536833E-4,0.0011906394376668134,2.824504388166043E-5,2.2338309438386852E-4,8.797606910082424E-5,1.9009470006599804E-4,1.680914927207584E-4,0.004756746608639483,5.894301597127573E-4,3.341144829159564E-4],[1.2701364099844054E-4,9.039561391486682E-5,1.2488967337007014E-4,0.0031115897879574134,0.0038786612368909676,1.0132184518583641E-4,0.004468328529878146,1.290686380914533E-4,0.0018851107100777097,0.041034307000416985,2.573703392173434E-4,5.229138884492278E-4,0.0016211785905348094,4.537002967578447E-4,0.016585856256501996,1.6391802863885218E-4,1.9110552842193426E-4,1.1212639694123425E-4,1.0336175625071867E-4,1.5425667928257265E-4,1.4917188177111375E-4,0.01186391591946045,0.0017855067482429078,0.010470244410764221,0.00159382299413351,1.199808828095014E-4,1.2110195185009301E-4,1.3765336095581537E-4,0.0018586707187267005,1.2560892738903005E-4,3.0499978322892987E-4,1.0,0.0011592646380519046,1.389152709810617E-4,3.7734285617326837E-4,1.4125576084252702E-4,8.223940641413074E-5,2.0097420582811776E-4,3.091919987928322E-4,9.301979532359896E-5,1.8519852568122638E-4,1.2673102586576758E-4,1.2655530372579713E-4,0.0016191723334007715,3.953816420096008E-4,0.002777495008422978,4.103338951361529E-5,1.309463020370962E-4,1.0313934657964006E-4,6.57391501392634E-5,6.256826560806328E-5,0.0047030034015240595,4.0088065686053786E-4,1.482242404245883E-4],[0.0033150301624536144,0.0013482870435207344,0.0012243686061444814,0.003226708654156171,0.003531023369514042,0.002052818283968004,0.008369817714753716,0.002203260192334492,0.003569526472827008,0.015511019543581602,0.002812611826118822,0.002389793438901537,0.0030315760380761007,0.0029703593148044547,0.041311376952374274,0.003246517824962622,0.0018551828027412276,0.0016786443635262184,0.0031750978133209627,0.00286059156835457,0.0013711226967794187,0.004245073217933213,0.003316969998754758,0.011754423073071299,0.005357978139821553,0.0028525237232709007,0.0020860596075210295,8.784847573446884E-4,0.00231571104575855,1.1128746629810991E-4,9.777625417347537E-4,0.0011592646380519046,1.0,0.002977380314779392,4.319778777675915E-4,0.0023422394252188075,0.00247279454078157,0.001310206202024028,0.0011493915480846229,0.0010643166763833788,0.0014568731201455936,9.081844363395957E-4,0.0022053376543284433,0.002259466386907413,0.0025799894661381576,0.0030752639530257824,0.0019660012409183562,2.628517715775737E-4,0.0030649711673515025,0.0014350487478650784,0.003221841613948847,0.0046057465853436355,0.0018727569284210286,9.407452929539875E-4],[1.312350683899377E-4,5.2156614955206474E-5,5.502133137711821E-5,6.22107510220378E-4,0.0031232583149663185,1.0904160855361362E-4,0.006825676656813881,6.357558761214814E-5,0.003165196888386056,0.01416286731750034,0.0010604570305667547,0.0011206794322769216,3.9012031487130534E-4,0.001277399590620678,0.05849871870594975,1.9316909376728726E-4,1.9863135328141747E-4,1.0836493582345477E-4,1.2860524351285884E-4,1.565363428485577E-4,1.8573792956591773E-4,0.0043492288848438615,9.173439249215999E-4,0.002484197541767804,0.005934655748225176,1.3541426600586075E-4,1.3681930150129143E-4,1.4765161088627405E-4,0.0014563999987058564,5.834739877861822E-5,2.7565674395904063E-4,1.389152709810617E-4,0.002977380314779392,1.0,2.5039713924903545E-4,1.7238825946302273E-4,1.1797295042083353E-4,1.9778582114904223E-4,1.5872560696321536E-4,1.191286137362036E-4,1.890541489207889E-4,1.3530318973345573E-4,1.4921324290498306E-4,5.922110893284093E-4,4.691932790699837E-4,7.29788305020997E-4,8.717939661211022E-5,1.3611492526182747E-4,2.670791520882123E-5,9.961230663818412E-5,6.830739922078781E-5,0.0021932686126364433,5.074894520803682E-4,1.5852097693266947E-4],[2.3520678626575103E-4,1.5309803700094924E-4,2.500563295611426E-4,0.0026545967442317053,8.456557610795545E-4,1.3236141183865753E-4,0.010286544437776907,1.6797556011826086E-4,0.0013969241415578543,0.03194000873235252,9.494517818622609E-4,0.0010874021143851154,0.0026111271861835915,0.001109532429450831,0.004607694272860344,3.0529974632509887E-4,3.5199860758765154E-4,3.4264019565795854E-4,3.603924303745658E-4,1.7629141121545068E-4,3.3031939733188834E-4,0.004133905566699967,0.0027840555318400144,0.01534365900233243,7.266602419462337E-4,2.675781813798805E-4,2.947186157350977E-4,3.783852437913446E-4,9.383527914333702E-4,3.852786156916909E-5,3.513246244940937E-4,3.7734285617326837E-4,4.319778777675915E-4,2.5039713924903545E-4,1.0,3.8129645903021156E-4,8.969724871802864E-5,3.4050932286892085E-4,3.3419365364171095E-4,2.696756465386565E-4,3.7161029715265456E-4,2.884393995108578E-4,1.1299416193203936E-4,0.0017099070450629188,6.471568195773177E-4,0.001169596104095345,5.6728408558102486E-5,1.7941208689466518E-4,2.250436126658234E-4,3.0298426356879618E-5,1.3960569795179939E-4,0.005045466765782526,4.3391673063793E-4,3.362686612702896E-4],[1.1900166370931312E-4,1.2452495274003757E-4,1.230502173275486E-4,5.193419757538603E-4,0.0011957038505332883,2.0826198460789704E-4,0.0019461063954217736,3.112802538647499E-4,4.245998787523246E-4,0.01332474948096193,0.0010572836543032253,6.863893431131137E-4,0.0014757578965684068,