[[1.0,0.06778740094556643,0.003258900861309517,0.026464794883259847,0.013301915513500054,0.01977448517280427,0.005329096104734946,0.0017999093962003205,0.0017541198436937303,0.0023663884992877857,0.007294436089110738,0.004609883551814015,0.01189649259467424,0.002888813277562794,0.008063504110829907,0.009479836392907946,0.005929427109455944,0.047216303874173284,0.003886278494169845,0.010106765926135361,0.001167379027929978,0.009033579965011423,0.012340150940554991,0.010193679690273278,0.00279265313745981,0.0010976108994701305,0.012831737273060426,0.010799015706192176,0.0016028613945072636,0.015926999255138425,0.0017171261334609773,0.009036395962016703,0.010015331275871397,0.013670592430421576,0.009449510028749674,0.00897126691262605,0.005902890930712786,0.005216365312910815,0.02332855863597799,0.006437806952195104,0.011662155077479829,0.005424343221593269,0.028463679962978702,0.02437222228226682],[0.06778740094556643,1.0,0.009814974317958133,0.05657367499336574,0.028383568043705502,0.03855807588744108,0.028544050788626648,0.061985472309661414,0.052893958788161444,0.025014146161869016,0.017319793450426085,0.01777221293511612,0.007837057041731196,0.015816313763894755,0.045386318349494935,0.037019178259167514,0.03227270877172161,0.05064262579445532,0.050149789436351254,0.02447038587482992,0.016743759237822148,0.04702877807161491,0.0343885999396771,0.05804995834039059,0.04584389942458556,0.0466126274898372,0.022795554750227123,0.0026822580239393382,0.07019612291645423,0.0403172870119783,0.0578667621064613,0.04291732340986293,0.04719173595195234,0.06071600888717791,0.0038970643237262684,0.05878963492580618,0.05665684959932708,0.043003876824247035,0.06407418269057079,0.053869717313372735,0.059032146248563525,0.06258270600876199,0.04352420393729742,0.056281299763259136],[0.003258900861309517,0.009814974317958133,1.0,0.021326972233788058,0.004428266584372292,0.010624575076475158,5.56408195180822E-4,2.9406790180101387E-5,5.658919839051358E-5,2.4861070676322648E-5,0.0011424281531163389,2.670097568775649E-4,0.003115174985025517,0.0017515113725572321,6.66944754025038E-5,7.669556077261975E-4,4.571649856068783E-4,0.029787515530729995,6.924416222917596E-5,3.112342770952211E-5,2.4315590307430385E-5,4.4460506185990055E-4,5.190044746819718E-5,2.1346323937243675E-4,9.979617361717134E-5,3.2747445388455214E-4,1.4610838204839595E-5,9.196318198465558E-4,6.939857439513253E-5,0.015498626975395351,2.046880390645793E-4,0.002451227931719009,3.420344898802289E-5,0.005947406698739418,6.854781781485123E-5,1.38087587578948E-4,1.2210685276897312E-5,1.3666571453692727E-4,0.010549862346549144,1.0255318440235996E-4,1.31010435072336E-4,4.3144883336969474E-5,0.020430101027351932,0.012436455532373953],[0.026464794883259847,0.05657367499336574,0.021326972233788058,1.0,0.028482042605301558,0.03496412759439734,0.010330172884598242,0.0015676340359071005,0.02910723640429941,0.0027910147179986988,0.008203860741897235,0.008411892341432844,0.008910029602776412,0.015177247281194704,0.015702507661030263,0.004960876046179403,0.015770905940132363,0.03839738301356795,0.02028947761443141,0.013782758143196131,0.03103802513194368,0.027037367978841466,0.016744689940225592,0.011596816618736685,0.01857626045569643,0.013434907705714894,0.001708354622703207,0.029047869618221762,0.025490405048082473,0.02914379364016813,0.019786839880066798,0.02880689485442229,0.032442915624723005,0.02891880290294188,0.0029361297008955733,0.01343779673085395,0.014326629437208688,0.017850065284376798,0.03272995705629682,0.009446753326161312,0.015025636448889372,0.019464480596363815,0.03317031562329268,0.034482758620689655],[0.013301915513500054,0.028383568043705502,0.004428266584372292,0.028482042605301558,1.0,0.03835738191566485,0.007241070566446954,0.007483990648621545,0.0021124816046269464,0.00825455628607121,0.0037087756366895137,0.007472433522510688,0.007056196939103962,0.0043892595323998165,0.008485261184832667,0.0028385503153308626,0.004044114314372159,0.014812915238852574,0.010441492434855228,0.009143560273523612,0.005700964035588743,0.01015214797289253,0.0015894553860916687,0.004276534230103672,0.01006973677147164,0.010769371902520435,0.012524746727166318,0.01079511306348092,0.012794589673024232,0.01738089845983925,0.009720800068971747,0.011869229999152646,0.004876655594892595,0.013395401497728141,0.00556296465569775,0.0048442331343608045,0.0019757197423540046,0.003528384231822946,0.02347014365596966,0.00401164920586466,0.0031189425651646533,7.898747157077682E-4,0.02456901684522051,0.028924652816528014],[0.01977448517280427,0.03855807588744108,0.010624575076475158,0.03496412759439734,0.03835738191566485,1.0,0.02131774628803025,0.023247319767606262,0.03805718193616952,0.007197048880153104,0.030740351806186277,0.03223168733768645,0.014694829251339747,0.0380249878793892,0.0034653306884439837,0.015989139074568195,0.021479600393824027,0.044188698634762685,0.014562122326964452,0.008970354326135856,0.005538978975903589,0.019332715038017742,0.0048634731576057775,0.01962930817976567,0.02407628862508323,0.005276457482378968,0.03231088287626961,0.007820244519885389,0.016105616141059056,0.027659641410830358,0.0206868310332604,0.033920777305801175,0.030555030861486577,0.02059460739202067,0.013936111001666446,0.022075406833656476,0.007865731555692895,0.02505571723626043,0.029774180543521225,0.0303267210464259,0.014644447111990687,0.013309820218264852,0.031013299364073585,0.038031563385291005],[0.005329096104734946,0.028544050788626648,5.56408195180822E-4,0.010330172884598242,0.007241070566446954,0.02131774628803025,1.0,0.0019448148784285137,4.164209208950298E-4,0.0018764677485378928,0.002611335595445474,0.0019060857203744936,0.002867318611808126,0.0019683201096807206,0.0025082927838587566,0.0021242124582651835,0.0020050378796368086,0.007459154215181129,5.147183894742144E-4,0.0014666114313117383,2.893498343687785E-4,0.0026334953290449896,0.0016827285141974065,0.0019781291019058565,1.7472748040460987E-4,0.0014669106857564858,0.0014583379448100083,0.0017436320571497768,7.422290499060824E-4,0.017471426861420093,5.614898823178737E-4,0.005455785741820594,0.0018229775244381914,0.014350025918223422,8.298040341527395E-4,0.00119330201039837,0.002068741048166401,0.0013031277879024489,0.013980592778510997,0.0017894551974567546,7.51673160852032E-4,9.888899419358682E-4,0.017386249412352346,0.01783776324473405],[0.0017999093962003205,0.061985472309661414,2.9406790180101387E-5,0.0015676340359071005,0.007483990648621545,0.023247319767606262,0.0019448148784285137,1.0,5.626971873229109E-5,2.0266738464855264E-5,0.0018392479963271404,1.31535489386018E-4,0.0014577429231348072,8.005241543726728E-4,7.141303427350792E-4,5.61345031439261E-4,2.9257827978653437E-4,0.004478479946535387,2.5773862412853637E-5,2.105563563817601E-5,1.576238229931769E-5,6.941330422322279E-4,4.686076616853559E-5,9.229145748103506E-5,7.60400259792106E-5,8.241304918170337E-5,1.9891819783813475E-5,3.2070257156815204E-4,1.1328641971884303E-4,0.017764618050334285,1.0442479794379265E-4,0.0029165876915942983,3.235297527616356E-5,0.00867590210407756,1.0786396736727155E-4,7.068140209955153E-5,1.3882431325167603E-5,1.7857125460517492E-4,0.006808663312898881,3.0489240587598772E-5,8.006122732014752E-5,1.1565933652417455E-4,0.013024536140922211,0.013794121348207972],[0.0017541198436937303,0.052893958788161444,5.658919839051358E-5,0.02910723640429941,0.0021124816046269464,0.03805718193616952,4.164209208950298E-4,5.626971873229109E-5,1.0,4.241295329054858E-5,2.91440481599607E-4,8.738410089356489E-4,0.0017958936933901255,9.54877510737054E-4,7.295583534819501E-4,2.1824287156243892E-4,8.248981334685286E-4,0.03643711488731744,1.1068714523556172E-4,1.2180169819631144E-4,9.231400036801963E-5,7.621273206304188E-4,2.0881283052656924E-4,2.7396672179317726E-4,1.1616904506418617E-4,0.001047923475440261,4.555126673744999E-5,2.4781814833495637E-4,1.286180969088398E-4,0.004764505532300418,3.076320754160215E-4,0.005626698536650371,4.0366075613707616E-5,0.015352581086070446,1.5198512256201703E-4,1.2350264940071454E-4,5.15011394995615E-5,1.5638664300635032E-4,0.004160095713323901,1.1623531146105577E-4,1.2393386292574042E-4,1.708591941699376E-4,0.00510628690965945,0.02408658822912402],[0.0023663884992877857,0.025014146161869016,2.4861070676322648E-5,0.0027910147179986988,0.00825455628607121,0.007197048880153104,0.0018764677485378928,2.0266738464855264E-5,4.241295329054858E-5,1.0,0.0012749609015102132,3.98826499482632E-4,0.002711400561038494,2.1016994676694535E-4,2.9776361807867346E-4,9.762930465866331E-4,0.0013967665896454959,0.028864324949222007,7.70115364890733E-5,2.2017734146498347E-5,1.6296968871974435E-5,2.2253430502838895E-5,1.074555199851691E-4,3.7006562159475954E-4,3.04957633856273E-5,7.715730011577547E-4,1.3322775154292539E-5,1.1556015855412763E-4,5.5992127285964045E-5,0.02035704592077627,1.7715873439764896E-4,0.0011771617119944572,3.1646618789397714E-5,0.00965031476073745,2.487662307433835E-5,5.1483285602496624E-5,1.7159703629142256E-5,9.055964713798208E-5,0.0021715351500617734,7.427488916327438E-5,1.4131236539743412E-4,4.474788977242604E-5,5.977773952173293E-4,0.02577317583855642],[0.007294436089110738,0.017319793450426085,0.0011424281531163389,0.008203860741897235,0.0037087756366895137,0.030740351806186277,0.002611335595445474,0.0018392479963271404,2.91440481599607E-4,0.0012749609015102132,1.0,0.0029647328423740562,0.0031230603300645998,0.0022457954370067048,0.0029971145801482133,0.0019739538992331047,0.0029505291153702207,0.010272816086594975,0.002945423696624463,4.0773230515092585E-4,7.432568342582489E-4,0.002905903231329897,0.002838542924955094,6.209726966919106E-4,2.460873891802104E-4,0.0015404617917125565,0.002411817198055499,0.0026899554344182917,0.0010238669524407647,0.023206072382827035,0.0017755600881405658,0.0038734111520802453,1.6032790660329868E-4,0.014793158955862093,0.002387111691447902,0.0010673354385762502,9.524210279730816E-4,0.0013170280973675607,0.012327076798059302,0.0022419198170420223,0.0026042764984006064,4.276217095016022E-4,0.01862072532976751,0.01669319589487742],[0.004609883551814015,0.01777221293511612,2.670097568775649E-4,0.008411892341432844,0.007472433522510688,0.03223168733768645,0.0019060857203744936,1.31535489386018E-4,8.738410089356489E-4,3.98826499482632E-4,0.0029647328423740562,1.0,0.002133199206618576,0.0011739436968749898,0.0019475896025333069,0.0011744440099846919,0.0014427824959154312,0.02488899474087982,9.663662923532404E-4,2.4386966844357436E-4,4.217505124202321E-4,0.0010335671562170024,8.546132877718747E-4,9.811259369105405E-4,6.486709202301064E-4,0.0010466042449968598,8.255284418224768E-4,0.001433189119752841,3.1798333906659265E-4,0.01238743262251084,4.984890943844468E-4,0.0021151157191583486,5.5556272600961845E-5,0.0030993588386625886,7.970007123129688E-4,8.555055176166686E-4,5.0461359768094E-4,5.959755004613963E-4,0.00934925157210239,4.093255659073003E-4,4.8787190612999793E-4,2.605415064620927E-4,0.02874490342844691,0.00806621977847285],[0.01189649259467424,0.007837057041731196,0.003115174985025517,0.008910029602776412,0.007056196939103962,0.014694829251339747,0.002867318611808126,0.0014577429231348072,0.0017958936933901255,0.002711400561038494,0.0031230603300645998,0.002133199206618576,1.0,0.0021782098643679643,0.0030299204742643,0.0020819465240347903,0.002526277211762634,0.017299204378160238,0.0028422388625981973,0.0023092036279053654,9.673398091869447E-4,0.0028687366354818956,0.003169572797252746,0.0023340313327584183,0.0023345260362097,0.0017971046507827707,0.0012753939466918118,0.0026653400172499068,0.0024361331966645354,0.0119782695268606,0.002341519766355038,0.003801623482525488,5.251571918532291E-4,0.003712752214872743,0.0018898153645416427,0.0018268467582498477,0.003067255879256673,0.0025417440231301942,0.022513421991937184,0.0024519169984728896,0.0016836777110663182,0.001171395030549129,0.011455775448434869,0.009823272255007454],[0.002888813277562794,0.015816313763894755,0.0017515113725572321,0.015177247281194704,0.0043892595323998165,0.0380249878793892,0.0019683201096807206,8.005241543726728E-4,9.54877510737054E-4,2.1016994676694535E-4,0.0022457954370067048,0.0011739436968749898,0.0021782098643679643,1.0,0.0023801670869819324,0.0014726914960341468,0.001851174980790474,0.03505180400349863,1.9811569885435867E-4,6.469678739963983E-5,0.0015610488741318311,0.0019904162122364078,0.0013960572630238597,0.0010146884169867365,3.831100498628615E-4,0.0014807802538118827,4.525876694453697E-4,0.0018435297169058175,2.913198901715022E-4,0.008739112483936572,0.0014719535640699169,0.004589177591168317,0.0017245826579751614,0.015403503006752802,4.1730055638109225E-4,0.0010898018199088893,0.0011228882398664406,2.0042458908081483E-4,0.01134173427252277,0.0018707033750472908,0.0014541656199494463,0.0017332609982584958,0.023010503089933684,0.023125368049633138],[0.008063504110829907,0.045386318349494935,6.66944754025038E-5,0.015702507661030263,0.008485261184832667,0.0034653306884439837,0.0025082927838587566,7.141303427350792E-4,7.295583534819501E-4,2.9776361807867346E-4,0.0029971145801482133,0.0019475896025333069,0.0030299204742643,0.0023801670869819324,1.0,0.0029900410780669224,0.0021649774812956546,0.022861351104273037,0.0022661121771479628,0.0027554520036631534,0.0013346739293362518,0.002861889008554168,0.001601758967980268,8.421882682662312E-4,6.422731314197935E-4,0.0029380471798426643,0.002917068260297596,0.002213667152389661,0.0012255589240193381,0.009021764581971051,0.002379100141946363,0.005633191677193578,0.0019750467060135344,0.0038802035065188044,0.0012532694658003445,0.0019449220913039227,5.741621079948451E-5,9.048842449542909E-4,0.010340627587807367,7.401508054282409E-4,3.971891488325375E-4,0.002538428097150038,0.00526402431378031,0.015191916651272758],[0.009479836392907946,0.037019178259167514,7.669556077261975E-4,0.004960876046179403,0.0028385503153308626,0.015989139074568195,0.0021242124582651835,5.61345031439261E-4,2.1824287156243892E-4,9.762930465866331E-4,0.0019739538992331047,0.0011744440099846919,0.0020819465240347903,0.0014726914960341468,0.0029900410780669224,1.0,0.0015703404762304996,0.014977388708286778,2.2437272943056453E-4,2.0220013612633783E-4,8.671953953506284E-4,0.002763823983133692,9.45768467346473E-4,5.305846420673667E-4,3.974140082283004E-4,0.001083797939614372,7.917712938538147E-4,0.0012223054868568926,0.0010873205440168217,0.019511782011338127,0.0011074082875421525,0.005728603718103952,5.98613003383351E-4,0.008175623669666293,6.178991386389732E-4,5.274972311790902E-4,5.589794298298586E-4,7.205393949374114E-4,0.008043201252406764,0.001176923563978152,0.0010572738447860706,5.04652301263463E-4,0.01553620111038339,0.007983072095846672],[0.005929427109455944,0.03227270877172161,4.571649856068783E-4,0.015770905940132363,0.004044114314372159,0.021479600393824027,0.0020050378796368086,2.9257827978653437E-4,8.248981334685286E-4,0.0013967665896454959,0.0029505291153702207,0.0014427824959154312,0.002526277211762634,0.001851174980790474,0.0021649774812956546,0.0015703404762304996,1.0,0.02512551779423078,0.0010915955889851245,5.125585608930066E-4,0.0010717124660464322,0.00239328026211144,5.332727477558906E-4,4.8157541528155126E-4,4.1030146817878194E-4,0.0016245039479814128,1.0361427532612177E-4,0.0015358580758471636,4.271850344865979E-4,0.0036054964296599024,0.001490811791208067,0.004391622495384618,0.0010015718012172706,0.003072756023884999,0.0013766361289110237,0.0013396712086404814,8.196652815819134E-4,0.0015926714694949901,0.0025354364908525724,0.0012989630663674165,9.019344050558845E-4,4.7689577507777905E-4,0.005198545271622956,0.0095168283544598],[0.047216303874173284,0.05064262579445532,0.029787515530729995,0.03839738301356795,0.014812915238852574,0.044188698634762685,0.007459154215181129,0.004478479946535387,0.03643711488731744,0.028864324949222007,0.010272816086594975,0.02488899474087982,0.017299204378160238,0.03505180400349863,0.022861351104273037,0.014977388708286778,0.02512551779423078,1.0,0.025557866840577655,0.028848224665017068,0.047726839431872704,0.005512746157427333,0.030161631507812026,0.04784751761299595,0.016169572272968096,0.03185934828658127,0.04341191900864375,0.027248539981664807,0.0035838332259813368,0.03745153834013748,0.0022720179327844724,0.04120737004277462,0.022255032089166554,0.04970047837659391,0.038980102407852844,0.01717032786317333,0.023574979745240806,0.01940194830693157,0.04846499597211133,0.03550628672086683,0.02893393966792696,0.010570053305117677,0.0327824677178694,0.03569623928248627],[0.003886278494169845,0.050149789436351254,6.924416222917596E-5,0.02028947761443141,0.010441492434855228,0.014562122326964452,5.147183894742144E-4,2.5773862412853637E-5,1.1068714523556172E-4,7.70115364890733E-5,0.002945423696624463,9.663662923532404E-4,0.0028422388625981973,1.9811569885435867E-4,0.0022661121771479628,2.2437272943056453E-4,0.0010915955889851245,0.025557866840577655,1.0,3.44240522326108E-5,4.314910909872506E-5,0.0020681571686445234,1.6193313560982758E-4,1.0703710075992079E-4,1.0428602827432823E-4,1.1606146168116725E-4,9.199427402628951E-5,0.0011204417580498313,1.1647361297903927E-4,0.013440615167980752,2.1339916966115098E-4,0.0010246300774549738,7.882299157400795E-5,0.010800747251188314,1.2415343192841955E-4,1.74989560158446E-4,3.0848187250170854E-5,1.4307056277451625E-4,0.00688322116008806,1.1279581377273806E-4,1.403756037679976E-4,1.62880595141423E-4,0.015248223517699897,0.012299082525793628],[0.010106765926135361,0.02447038587482992,3.112342770952211E-5,0.013782758143196131,0.009143560273523612,0.008970354326135856,0.0014666114313117383,2.105563563817601E-5,1.2180169819631144E-4,2.2017734146498347E-5,4.0773230515092585E-4,2.4386966844357436E-4,0.0023092036279053654,6.469678739963983E-5,0.0027554520036631534,2.0220013612633783E-4,5.125585608930066E-4,0.028848224665017068,3.44240522326108E-5,1.0,2.250872769021281E-5,0.0021944286755583224,8.392347713864258E-5,3.128567897424081E-4,1.0740906312617395E-4,9.394342368599217E-4,1.2409057800617204E-5,4.6101672450704655E-5,1.2520813062280218E-4,0.026272655444697212,1.2302660376151944E-4,0.005066085170357834,2.625184015180252E-5,0.013828343949051193,1.4888911908794556E-4,1.404452394711879E-4,2.0893555893124384E-5,3.557357207790566E-5,0.004360045947116302,8.595004645224319E-5,9.719638612794561E-5,1.1614667565471976E-4,0.018115432904936928,0.012535546008969492],[0.001167379027929978,0.016743759237822148,2.4315590307430385E-5,0.03103802513194368,0.005700964035588743,0.005538978975903589,2.893498343687785E-4,1.576238229931769E-5,9.231400036801963E-5,1.6296968871974435E-5,7.432568342582489E-4,4.217505124202321E-4,9.673398091869447E-4,0.0015610488741318311,0.0013346739293362518,8.671953953506284E-4,0.0010717124660464322,0.047726839431872704,4.314910909872506E-5,2.250872769021281E-5,1.0,0.001714825860091531,1.7081043478150482E-4,2.5379401855264787E-4,9.8791330081096E-5,9.91071943336174E-4,1.53719212693294E-5,0.0010574439875366704,8.134929550025027E-5,0.019159039068394983,5.185847149599907E-5,0.004241320455906822,1.842670676269004E-5,0.011886912889137355,1.605517178847028E-4,1.192727021424826E-4,1.1037786891584608E-5,2.5420722299328954E-5,0.004253085696081223,7.023341738284616E-5,1.5177610798603505E-4,8.836370610451406E-5,0.015767089333630177,0.024112614085479916],[0.009033579965011423,0.04702877807161491,4.4460506185990055E-4,0.027037367978841466,0.01015214797289253,0.019332715038017742,0.0026334953290449896,6.941330422322279E-4,7.621273206304188E-4,2.2253430502838895E-5,0.002905903231329897,0.0010335671562170024,0.0028687366354818956,0.0019904162122364078,0.002861889008554168,0.002763823983133692,0.00239328026211144,0.005512746157427333,0.0020681571686445234,0.0021944286755583224,0.001714825860091531,1.0,3.5338933741192936E-4,0.0021744643082139844,0.0020666304535194146,0.002155603930366427,6.217239207602409E-5,0.0026627249395893664,6.588396996909843E-4,0.010823247268590326,0.002126619108710228,0.003326291678590517,1.2214970464149885E-4,0.009042566614267169,4.304625636373739E-4,0.0018459975938701848,0.0012478780752765573,0.0018923621331841077,0.01398589545591617,0.002173464850430052,0.0020135367488087366,0.0027530444523669474,0.025043976709667456,0.03349176934061171],[0.012340150940554991,0.0343885999396771,5.190044746819718E-5,0.016744689940225592,0.0015894553860916687,0.0048634731576057775,0.0016827285141974065,4.686076616853559E-5,2.0881283052656924E-4,1.074555199851691E-4,0.002838542924955094,8.546132877718747E-4,0.003169572797252746,0.0013960572630238597,0.001601758967980268,9.45768467346473E-4,5.332727477558906E-4,0.030161631507812026,1.6193313560982758E-4,8.392347713864258E-5,1.7081043478150482E-4,3.5338933741192936E-4,1.0,4.0375074366578306E-4,2.0724948591356005E-4,5.846262471757159E-4,2.367740748664869E-4,4.1138560241240854E-4,1.5015704875142577E-4,0.0014480983385672503,2.9497495527859834E-4,5.882021150684033E-4,1.9217782657191475E-4,0.00524426316511573,1.9840131841826838E-4,2.3109072164655242E-4,1.2982287235107604E-4,2.3298284720895123E-4,0.0034974518401562605,1.3824898632642813E-4,1.9691114890805613E-4,2.2806238900715083E-4,0.01644298842411455,0.0063110459632250504],[0.010193679690273278,0.05804995834039059,2.1346323937243675E-4,0.011596816618736685,0.004276534230103672,0.01962930817976567,0.0019781291019058565,9.229145748103506E-5,2.7396672179317726E-4,3.7006562159475954E-4,6.209726966919106E-4,9.811259369105405E-4,0.0023340313327584183,0.0010146884169867365,8.421882682662312E-4,5.305846420673667E-4,4.8157541528155126E-4,0.04784751761299595,1.0703710075992079E-4,3.128567897424081E-4,2.5379401855264787E-4,0.0021744643082139844,4.0375074366578306E-4,1.0,1.603633801354457E-4,7.630880917557775E-4,1.6389189410501476E-4,0.00145353125093673,4.025199839672042E-4,0.00715946770174891,3.7869566429379306E-4,0.0046167216843382404,3.911583910274378E-4,0.008226271185296374,3.972557904694143E-4,2.724520327168856E-4,2.3120561889747494E-4,2.4526059370105237E-4,0.017511535115257288,3.7302151810360425E-4,3.7885018567286187E-4,3.865614546217321E-4,0.007592517205618846,0.011749619404019624],[0.00279265313745981,0.04584389942458556,9.979617361717134E-5,0.01857626045569643,0.01006973677147164,0.02407628862508323,1.7472748040460987E-4,7.60400259792106E-5,1.1616904506418617E-4,3.04957633856273E-5,2.460873891802104E-4,6.486709202301064E-4,0.0023345260362097,3.831100498628615E-4,6.422731314197935E-4,3.974140082283004E-4,4.1030146817878194E-4,0.016169572272968096,1.0428602827432823E-4,1.0740906312617395E-4,9.8791330081096E-5,0.0020666304535194146,2.0724948591356005E-4,1.603633801354457E-4,1.0,0.0010300102678861135,5.0074465458881536E-5,8.509146674810622E-4,1.321633372644529E-4,0.017776141121217663,1.3000433275207052E-4,0.0019225221128793609,5.134094381297176E-5,0.014303124940699031,1.3885146226659257E-4,1.1323496281222213E-4,4.7955065967275503E-5,1.7824195420658076E-4,0.01843750392795651,1.1280299682467117E-4,1.7599052577647032E-4,1.4467591357866466E-4,0.020023626034838454,0.023413799883571944],[0.0010976108994701305,0.0466126274898372,3.2747445388455214E-4,0.013434907705714894,0.010769371902520435,0.005276457482378968,0.0014669106857564858,8.241304918170337E-5,0.001047923475440261,7.715730011577547E-4,0.0015404617917125565,0.0010466042449968598,0.0017971046507827707,0.0014807802538118827,0.0029380471798426643,0.001083797939614372,0.0016245039479814128,0.03185934828658127,1.1606146168116725E-4,9.394342368599217E-4,9.91071943336174E-4,0.002155603930366427,5.846262471757159E-4,7.630880917557775E-4,0.0010300102678861135,1.0,5.519073501480862E-4,0.0011932466725510752,4.404888335590197E-4,0.004699588515554029,9.178625039831536E-4,0.0027846818932318264,2.3957299164189437E-4,0.008857539820004616,2.2616146374904012E-4,9.845028368953546E-4,6.234904478108307E-4,4.0411873835084766E-4,0.0039105466955735736,3.450817250120998E-4,1.8594533987587147E-4,0.0010177971988349546,0.01409599729916962,0.027496615573429264],[0.012831737273060426,0.022795554750227123,1.4610838204839595E-5,0.001708354622703207,0.012524746727166318,0.03231088287626961,0.0014583379448100083,1.9891819783813475E-5,4.555126673744999E-5,1.3322775154292539E-5,0.002411817198055499,8.255284418224768E-4,0.0012753939466918118,4.525876694453697E-4,0.002917068260297596,7.917712938538147E-4,1.0361427532612177E-4,0.04341191900864375,9.199427402628951E-5,1.2409057800617204E-5,1.53719212693294E-5,6.217239207602409E-5,2.367740748664869E-4,1.6389189410501476E-4,5.0074465458881536E-5,5.519073501480862E-4,1.0,0.0010550765362525346,7.377057590559111E-5,0.010918248148358132,2.2766783545901547E-4,0.004379250067553507,2.9839608444451357E-5,0.015519347632575167,9.350681543127376E-5,1.1425822911575307E-4,1.0722434101276234E-5,4.871321981675203E-5,0.0032096450286980085,2.166332283265236E-5,1.282448579525866E-4,1.6485894452451154E-4,0.0072999292150503214,0.01727252383407555],[0.010799015706192176,0.0026822580239393382,9.196318198465558E-4,0.029047869618221762,0.01079511306348092,0.007820244519885389,0.0017436320571497768,3.2070257156815204E-4,2.4781814833495637E-4,1.1556015855412763E-4,0.0026899554344182917,0.001433189119752841,0.0026653400172499068,0.0018435297169058175,0.002213667152389661,0.0012223054868568926,0.0015358580758471636,0.027248539981664807,0.0011204417580498313,4.6101672450704655E-5,0.0010574439875366704,0.0026627249395893664,4.1138560241240854E-4,0.00145353125093673,8.509146674810622E-4,0.0011932466725510752,0.0010550765362525346,1.0,0.0014822076845876643,0.011142382645377624,6.99128103664336E-4,0.0019829725427597134,9.137469551784591E-4,0.009038557277583523,5.974615524755386E-4,5.674262183281157E-4,8.253131683126505E-4,9.727039285177326E-4,0.013749251602805348,0.001008794914061007,6.105175679961335E-4,0.0010363900111521448,0.008224448187196847,0.019482929972623794],[0.0016028613945072636,0.07019612291645423,6.939857439513253E-5,0.025490405048082473,0.012794589673024232,0.016105616141059056,7.422290499060824E-4,1.1328641971884303E-4,1.286180969088398E-4,5.5992127285964045E-5,0.0010238669524407647,3.1798333906659265E-4,0.0024361331966645354,2.913198901715022E-4,0.0012255589240193381,0.0010873205440168217,4.271850344865979E-4,0.0035838332259813368,1.1647361297903927E-4,1.2520813062280218E-4,8.134929550025027E-5,6.588396996909843E-4,1.5015704875142577E-4,4.025199839672042E-4,1.321633372644529E-4,4.404888335590197E-4,7.377057590559111E-5,0.0014822076845876643,1.0,0.00500120704197065,2.4017222672598453E-4,0.0032180270165367173,9.866951978956823E-5,0.014123035828066125,1.4900517850688255E-4,1.7164026641089327E-4,5.693775656152156E-5,1.5305201593549062E-4,0.01866549841372488,1.2387498545386426E-4,1.5117293050086124E-4,1.5487442316088694E-4,0.019511204299897812,0.0019936330348901423],[0.015926999255138425,0.0403172870119783,0.015498626975395351,0.02914379364016813,0.01738089845983925,0.027659641410830358,0.017471426861420093,0.017764618050334285,0.004764505532300418,0.02035704592077627,0.023206072382827035,0.01238743262251084,0.0119782695268606,0.008739112483936572,0.009021764581971051,0.019511782011338127,0.0036054964296599024,0.03745153834013748,0.013440615167980752,0.026272655444697212,0.019159039068394983,0.010823247268590326,0.0014480983385672503,0.00715946770174891,0.017776141121217663,0.004699588515554029,0.010918248148358132,0.011142382645377624,0.00500120704197065,1.0,0.017562012234542984,0.01395598396850267,0.01890658443177453,0.02589771312962142,0.01735788743515928,0.021007589018387184,0.010535804692780327,0.011833570361843229,0.024731373641441602,0.01932546107406004,3.3868901187686883E-4,0.01856488107370799,0.02769809744050649,0.0276455889405011],[0.0017171261334609773,0.0578667621064613,2.046880390645793E-4,0.019786839880066798,0.009720800068971747,0.0206868310332604,5.614898823178737E-4,1.0442479794379265E-4,3.076320754160215E-4,1.7715873439764896E-4,0.0017755600881405658,4.984890943844468E-4,0.002341519766355038,0.0014719535640699169,0.002379100141946363,0.0011074082875421525,0.001490811791208067,0.0022720179327844724,2.1339916966115098E-4,1.2302660376151944E-4,5.185847149599907E-5,0.002126619108710228,2.9497495527859834E-4,3.7869566429379306E-4,1.3000433275207052E-4,9.178625039831536E-4,2.2766783545901547E-4,6.99128103664336E-4,2.4017222672598453E-4,0.017562012234542984,1.0,0.00570319100809894,7.772040721548023E-5,0.01293777658393263,2.3512917115266652E-4,2.497711663302497E-4,2.2311430758908808E-4,2.4234615014133854E-4,0.005558175148142252,1.1980133073533224E-4,2.009117309927771E-4,2.1082248462895507E-4,0.020559728819106535,0.008323778748903127],[0.009036395962016703,0.04291732340986293,0.002451227931719009,0.02880689485442229,0.011869229999152646,0.033920777305801175,0.005455785741820594,0.0029165876915942983,0.005626698536650371,0.0011771617119944572,0.0038734111520802453,0.0021151157191583486,0.003801623482525488,0.004589177591168317,0.005633191677193578,0.005728603718103952,0.004391622495384618,0.04120737004277462,0.0010246300774549738,0.005066085170357834,0.004241320455906822,0.003326291678590517,5.882021150684033E-4,0.0046167216843382404,0.0019225221128793609,0.0027846818932318264,0.004379250067553507,0.0019829725427597134,0.0032180270165367173,0.01395598396850267,0.00570319100809894,1.0,0.0029862073589098422,0.011545799841491488,0.006172537550391445,0.003577380024116067,0.004729023248209569,0.0011878539771557142,0.013512106633991414,0.0015159555373077328,0.006195794956556543,6.101829288684883E-4,0.006696697342916992,0.01127932262359773],[0.010015331275871397,0.04719173595195234,3.420344898802289E-5,0.032442915624723005,0.004876655594892595,0.030555030861486577,0.0018229775244381914,3.235297527616356E-5,4.0366075613707616E-5,3.1646618789397714E-5,1.6032790660329868E-4,5.5556272600961845E-5,5.251571918532291E-4,0.0017245826579751614,0.0019750467060135344,5.98613003383351E-4,0.0010015718012172706,0.022255032089166554,7.882299157400795E-5,2.625184015180252E-5,1.842670676269004E-5,1.2214970464149885E-4,1.9217782657191475E-4,3.911583910274378E-4,5.134094381297176E-5,2.3957299164189437E-4,2.9839608444451357E-5,9.137469551784591E-4,9.866951978956823E-5,0.01890658443177453,7.772040721548023E-5,0.0029862073589098422,1.0,0.015015505347431048,6.509674062443892E-5,1.9553397959422866E-4,2.8811746882812903E-5,1.7513256420120465E-4,0.0022155461602410406,1.082749504573975E-4,1.3070926563599444E-4,1.5144329450834238E-4,0.014224592468061823,0.03354897702857221],[0.013670592430421576,0.06071600888717791,0.005947406698739418,0.02891880290294188,0.013395401497728141,0.02059460739202067,0.014350025918223422,0.00867590210407756,0.015352581086070446,0.00965031476073745,0.014793158955862093,0.0030993588386625886,0.003712752214872743,0.015403503006752802,0.0038802035065188044,0.008175623669666293,0.003072756023884999,0.04970047837659391,0.010800747251188314,0.013828343949051193,0.011886912889137355,0.009042566614267169,0.00524426316511573,0.008226271185296374,0.014303124940699031,0.008857539820004616,0.015519347632575167,0.009038557277583523,0.014123035828066125,0.02589771312962142,0.01293777658393263,0.011545799841491488,0.015015505347431048,1.0,0.0011844569105540562,0.014643069688346213,0.013268795311938128,0.010565745726096252,0.02061268434070033,0.009415198501840855,0.014703835408919107,0.0025235375544292735,0.018913313612849807,0.02386040828091305],[0.009449510028749674,0.0038970643237262684,6.854781781485123E-5,0.0029361297008955733,0.00556296465569775,0.013936111001666446,8.298040341527395E-4,1.0786396736727155E-4,1.5198512256201703E-4,2.487662307433835E-5,0.002387111691447902,7.970007123129688E-4,0.0018898153645416427,4.1730055638109225E-4,0.0012532694658003445,6.178991386389732E-4,0.0013766361289110237,0.038980102407852844,1.2415343192841955E-4,1.4888911908794556E-4,1.605517178847028E-4,4.304625636373739E-4,1.9840131841826838E-4,3.972557904694143E-4,1.3885146226659257E-4,2.2616146374904012E-4,9.350681543127376E-5,5.974615524755386E-4,1.4900517850688255E-4,0.01735788743515928,2.3512917115266652E-4,0.006172537550391445,6.509674062443892E-5,0.0011844569105540562,1.0,1.9552901294532583E-4,1.3461923509953188E-4,1.8520195592580145E-4,0.017446585251258008,1.5204933038360103E-4,1.8348410309730265E-4,1.7098683166383348E-4,0.025402713252568508,0.031090649671485733],[0.00897126691262605,0.05878963492580618,1.38087587578948E-4,0.01343779673085395,0.0048442331343608045,0.022075406833656476,0.00119330201039837,7.068140209955153E-5,1.2350264940071454E-4,5.1483285602496624E-5,0.0010673354385762502,8.555055176166686E-4,0.0018268467582498477,0.0010898018199088893,0.0019449220913039227,5.274972311790902E-4,0.0013396712086404814,0.01717032786317333,1.74989560158446E-4,1.404452394711879E-4,1.192727021424826E-4,0.0018459975938701848,2.3109072164655242E-4,2.724520327168856E-4,1.1323496281222213E-4,9.845028368953546E-4,1.1425822911575307E-4,5.674262183281157E-4,1.7164026641089327E-4,0.021007589018387184,2.497711663302497E-4,0.003577380024116067,1.9553397959422866E-4,0.014643069688346213,1.9552901294532583E-4,1.0,8.622723701547565E-5,1.8994146298573566E-4,0.01200642143301397,1.4754303193721476E-4,1.981635211898614E-4,1.8599374684396267E-4,0.007212199550159043,0.005718529369287287],[0.005902890930712786,0.05665684959932708,1.2210685276897312E-5,0.014326629437208688,0.0019757197423540046,0.007865731555692895,0.002068741048166401,1.3882431325167603E-5,5.15011394995615E-5,1.7159703629142256E-5,9.524210279730816E-4,5.0461359768094E-4,0.003067255879256673,0.0011228882398664406,5.741621079948451E-5,5.589794298298586E-4,8.196652815819134E-4,0.023574979745240806,3.0848187250170854E-5,2.0893555893124384E-5,1.1037786891584608E-5,0.0012478780752765573,1.2982287235107604E-4,2.3120561889747494E-4,4.7955065967275503E-5,6.234904478108307E-4,1.0722434101276234E-5,8.253131683126505E-4,5.693775656152156E-5,0.010535804692780327,2.2311430758908808E-4,0.004729023248209569,2.8811746882812903E-5,0.013268795311938128,1.3461923509953188E-4,8.622723701547565E-5,1.0,1.1503734215973973E-4,0.012138519325526618,4.815739397894915E-5,1.7722007210973386E-4,1.3776456517464216E-4,0.0241494471526104,0.013805258933818149],[0.005216365312910815,0.043003876824247035,1.3666571453692727E-4,0.017850065284376798,0.003528384231822946,0.02505571723626043,0.0013031277879024489,1.7857125460517492E-4,1.5638664300635032E-4,9.055964713798208E-5,0.0013170280973675607,5.959755004613963E-4,0.0025417440231301942,2.0042458908081483E-4,9.048842449542909E-4,7.205393949374114E-4,0.0015926714694949901,0.01940194830693157,1.4307056277451625E-4,3.557357207790566E-5,2.5420722299328954E-5,0.0018923621331841077,2.3298284720895123E-4,2.4526059370105237E-4,1.7824195420658076E-4,4.0411873835084766E-4,4.871321981675203E-5,9.727039285177326E-4,1.5305201593549062E-4,0.011833570361843229,2.4234615014133854E-4,0.0011878539771557142,1.7513256420120465E-4,0.010565745726096252,1.8520195592580145E-4,1.8994146298573566E-4,1.1503734215973973E-4,1.0,0.00730235838924481,1.745670223785336E-4,1.860557392743452E-4,1.726262394786542E-4,0.029558412026847752,0.026407207860864094],[0.02332855863597799,0.06407418269057079,0.010549862346549144,0.03272995705629682,0.02347014365596966,0.029774180543521225,0.013980592778510997,0.006808663312898881,0.004160095713323901,0.0021715351500617734,0.012327076798059302,0.00934925157210239,0.022513421991937184,0.01134173427252277,0.010340627587807367,0.008043201252406764,0.0025354364908525724,0.04846499597211133,0.00688322116008806,0.004360045947116302,0.004253085696081223,0.01398589545591617,0.0034974518401562605,0.017511535115257288,0.01843750392795651,0.0039105466955735736,0.0032096450286980085,0.013749251602805348,0.01866549841372488,0.024731373641441602,0.005558175148142252,0.013512106633991414,0.0022155461602410406,0.02061268434070033,0.017446585251258008,0.01200642143301397,0.012138519325526618,0.00730235838924481,1.0,0.014501493285894578,0.0020812869153491163,0.015611929428835172,0.028723014171156424,0.028138500549475996],[0.006437806952195104,0.053869717313372735,1.0255318440235996E-4,0.009446753326161312,0.00401164920586466,0.0303267210464259,0.0017894551974567546,3.0489240587598772E-5,1.1623531146105577E-4,7.427488916327438E-5,0.0022419198170420223,4.093255659073003E-4,0.0024519169984728896,0.0018707033750472908,7.401508054282409E-4,0.001176923563978152,0.0012989630663674165,0.03550628672086683,1.1279581377273806E-4,8.595004645224319E-5,7.023341738284616E-5,0.002173464850430052,1.3824898632642813E-4,3.7302151810360425E-4,1.1280299682467117E-4,3.450817250120998E-4,2.166332283265236E-5,0.001008794914061007,1.2387498545386426E-4,0.01932546107406004,1.1980133073533224E-4,0.0015159555373077328,1.082749504573975E-4,0.009415198501840855,1.5204933038360103E-4,1.4754303193721476E-4,4.815739397894915E-5,1.745670223785336E-4,0.014501493285894578,1.0,1.5545197873433818E-4,1.3184044803817087E-4,0.005457370902872919,0.004148799779170697],[0.011662155077479829,0.059032146248563525,1.31010435072336E-4,0.015025636448889372,0.0031189425651646533,0.014644447111990687,7.51673160852032E-4,8.006122732014752E-5,1.2393386292574042E-4,1.4131236539743412E-4,0.0026042764984006064,4.8787190612999793E-4,0.0016836777110663182,0.0014541656199494463,3.971891488325375E-4,0.0010572738447860706,9.019344050558845E-4,0.02893393966792696,1.403756037679976E-4,9.719638612794561E-5,1.5177610798603505E-4,0.0020135367488087366,1.9691114890805613E-4,3.7885018567286187E-4,1.7599052577647032E-4,1.8594533987587147E-4,1.282448579525866E-4,6.105175679961335E-4,1.5117293050086124E-4,3.3868901187686883E-4,2.009117309927771E-4,0.006195794956556543,1.3070926563599444E-4,0.014703835408919107,1.8348410309730265E-4,1.981635211898614E-4,1.7722007210973386E-4,1.860557392743452E-4,0.0020812869153491163,1.5545197873433818E-4,1.0,1.8067866720701862E-4,0.009122353134398574,0.003918598951216849],[0.005424343221593269,0.06258270600876199,4.3144883336969474E-5,0.019464480596363815,7.898747157077682E-4,0.013309820218264852,9.888899419358682E-4,1.1565933652417455E-4,1.708591941699376E-4,4.474788977242604E-5,4.276217095016022E-4,2.605415064620927E-4,0.001171395030549129,0.0017332609982584958,0.002538428097150038,5.04652301263463E-4,4.7689577507777905E-4,0.010570053305117677,1.62880595141423E-4,1.1614667565471976E-4,8.836370610451406E-5,0.0027530444523669474,2.2806238900715083E-4,3.865614546217321E-4,1.4467591357866466E-4,0.0010177971988349546,1.6485894452451154E-4,0.0010363900111521448,1.5487442316088694E-4,0.01856488107370799,2.1082248462895507E-4,6.101829288684883E-4,1.5144329450834238E-4,0.0025235375544292735,1.7098683166383348E-4,1.8599374684396267E-4,1.3776456517464216E-4,1.726262394786542E-4,0.015611929428835172,1.3184044803817087E-4,1.8067866720701862E-4,1.0,0.010535711609020934,0.013489090280791764],[0.028463679962978702,0.04352420393729742,0.020430101027351932,0.03317031562329268,0.02456901684522051,0.031013299364073585,0.017386249412352346,0.013024536140922211,0.00510628690965945,5.977773952173293E-4,0.01862072532976751,0.02874490342844691,0.011455775448434869,0.023010503089933684,0.00526402431378031,0.01553620111038339,0.005198545271622956,0.0327824677178694,0.015248223517699897,0.018115432904936928,0.015767089333630177,0.025043976709667456,0.01644298842411455,0.007592517205618846,0.020023626034838454,0.01409599729916962,0.0072999292150503214,0.008224448187196847,0.019511204299897812,0.02769809744050649,0.020559728819106535,0.006696697342916992,0.014224592468061823,0.018913313612849807,0.025402713252568508,0.007212199550159043,0.0241494471526104,0.029558412026847752,0.028723014171156424,0.005457370902872919,0.009122353134398574,0.010535711609020934,1.0,0.030751661652655436],[0.02437222228226682,0.056281299763259136,0.012436455532373953,0.034482758620689655,0.028924652816528014,0.038031563385291005,0.01783776324473405,0.013794121348207972,0.02408658822912402,0.02577317583855642,0.01669319589487742,0.00806621977847285,0.009823272255007454,0.023125368049633138,0.015191916651272758,0.007983072095846672,0.0095168283544598,0.03569623928248627,0.012299082525793628,0.012535546008969492,0.024112614085479916,0.03349176934061171,0.0063110459632250504,0.011749619404019624,0.023413799883571944,0.027496615573429264,0.01727252383407555,0.019482929972623794,0.0