[[1.0,0.025703501730089225,0.023665392451401694,0.00683173113419515,0.01618941574946159,0.027495879864156626,0.015967307157852356,0.006532200657127998,0.010242950622730475,0.02405398165573478,0.010292476818885822,0.00433911040032194,0.01616609149498656,0.016013433171736736,0.02368328212501314,0.022858220852862928,0.0152088768454933,0.00539998765878858,0.026214574536228486,0.02421713149294056,0.008309629818185687,0.021515836714317154,0.01990836795978041,0.022484258016993514,0.006344034342684317,0.02763118151826391,0.005563664695572617,0.024013211661333415,0.016366969458377192,0.01543194851758569,0.023823456547239195,0.01788726409235392,0.002537846465377691,0.018817650345476177,0.02355249454280673,0.0071960902784386415,0.04504924599157181,0.01282010882430116,0.02505258135133553,0.02266646815041931,0.006603169771176738,0.01999696360544936,0.017296961374950473,0.014115017039540243,0.001837237827086125,0.0010904334500480162,0.01714304901063099,0.004120270537676879,0.02776960167799813,0.019450591669842344,0.007243273314686621,0.018846498081227465],[0.025703501730089225,1.0,0.003970054132075144,8.135177005217159E-4,0.0018493497280195935,2.0740574821948105E-4,0.001678465316685328,0.0019166135789297127,0.009853719949646952,0.019535128683516433,0.0016939755578705992,3.8262147490195867E-4,0.0015746363036705517,0.0018657530765166723,0.0016169115854909862,0.0018601388215770324,0.0012491763027239781,9.217564507586342E-4,2.6612857806477093E-4,0.010491280734197792,0.0014523196081104627,0.0013533924022067342,0.0014958241759971242,3.2420164227941664E-4,0.00210129655743077,0.019796741772911,0.001693280359343275,0.0017512415770637277,4.990564743091674E-4,9.817432751040227E-4,0.0017815188957373681,6.334681634058011E-4,0.001681906101563123,0.0029122522459635123,0.0016683389445402153,6.505423336510762E-4,0.035194729845334984,8.859116912132094E-4,0.004022778691792361,6.462641422969142E-4,0.001039020870087881,0.010422589883266543,0.0015737731814729067,0.00154404767789141,6.385544780917894E-4,0.0018841802677379868,0.001353101341575613,6.630697034437285E-4,0.0013915387378687534,0.0016506562345957351,0.001245123690669881,0.0013400231344176065],[0.023665392451401694,0.003970054132075144,1.0,0.010916520527523772,0.008572552248039236,0.002475070996614974,0.004028036125497538,0.007530524598692339,0.01237289880740342,0.019214321648848554,0.007886054963193988,0.008052470311756677,0.012080497232378907,0.005978848844181792,0.0021840796570681406,0.004612949361631714,0.004990420962491106,0.004303776851925135,0.009049234352368131,0.011064534986146879,0.01041278792987232,0.007443281572764555,0.007000840721699153,0.013049540262289331,0.0095975554542739,0.019826384398084138,0.007843249758815994,0.0094889032215033,0.01086054817818292,0.009234144909370226,0.005707270272866026,0.005051285222207457,0.0024680361934369933,0.01116284658244171,0.007927603677440522,0.006473385522919863,0.02726360227505667,0.004344420642419059,0.01371036897741397,5.629005230030903E-5,0.002480206251697039,0.014797207801778026,0.010829648620533754,0.008856028352154967,0.008631503407372837,0.0066924819439938155,0.0058761312956160106,0.011944132477730606,0.008256179850425153,0.01362972072458164,0.0012867503575974904,0.011182805662805745],[0.00683173113419515,8.135177005217159E-4,0.010916520527523772,1.0,3.307688414684396E-4,1.650093470749905E-4,1.2698340819998117E-4,8.243716552802322E-4,0.007770580764292768,0.002695850438856942,2.2313767536567684E-4,2.2018805260157486E-4,2.123430963142454E-4,1.732807063895495E-4,2.752920702003606E-4,1.8782607436682825E-4,8.901540997766424E-4,1.8310741077563682E-4,9.853374826943848E-5,0.010688496219302058,1.8740127310635555E-4,2.8515829616417953E-4,1.4139118436819155E-4,1.3720489314498338E-4,8.275424995769485E-4,0.00630486304699117,0.0013089387569149664,0.0010376259253940241,1.2100997078691667E-4,1.413562939948224E-4,2.9338300508819823E-4,1.536540781724385E-4,1.473133458148134E-4,0.0021029456382256908,1.9275175604085894E-4,1.8692470933352517E-4,0.03972924519326909,1.8349092342937997E-4,0.0013977632937909746,7.045012442507745E-5,1.5256719369035978E-4,0.010400924235122596,2.9030479680676794E-4,4.002695006842128E-4,2.989618564504926E-4,1.2367851922865316E-4,1.5231935710466126E-4,2.144704870757612E-4,6.853348342719212E-5,7.903637639393054E-4,1.2900772010933487E-4,4.8449120201955043E-4],[0.01618941574946159,0.0018493497280195935,0.008572552248039236,3.307688414684396E-4,1.0,0.001016426049064646,3.394573017415507E-5,0.0017697573638039122,0.007045724866257789,0.015043580465091164,0.0013038396920209072,0.0010696013497074911,6.402061289015268E-4,3.223000005207828E-4,0.001129720417268449,9.042460609729526E-4,0.0010473401104033173,4.30616965800875E-4,1.747330061366535E-4,0.0026004060984884756,9.115042824729191E-4,0.0010354192303366312,8.274975552499E-4,8.149746846767352E-4,0.0012758700842468698,0.016488670318240622,0.001654526267528144,0.0012353708954881146,8.509273158630424E-4,8.96858643348549E-4,0.0013910129621249165,1.6334007393477417E-4,7.178031708734972E-5,0.0018441598461782548,8.144867393111313E-4,8.404302533646136E-4,0.03848458848633639,3.7414578288698234E-4,0.007087481430077928,2.0865472205582386E-4,9.086990342890188E-4,0.009635094478774812,4.2749972826406556E-4,4.91344562660524E-4,4.1960511722988393E-4,0.001040860744376382,2.4694072582163816E-4,3.680578268176275E-4,8.530939793606975E-4,9.203745195438296E-4,7.90054778603084E-4,0.0010401424948498306],[0.027495879864156626,2.0740574821948105E-4,0.002475070996614974,1.650093470749905E-4,0.001016426049064646,1.0,3.105276015847871E-5,0.0012323508408643219,0.008267857475489342,0.016816067002562617,0.0010472262828741213,1.6612562655374887E-4,2.624017278723888E-4,1.5919410328590317E-4,6.141006362999912E-4,1.769817681118055E-4,7.321630590038856E-4,1.548639041661291E-4,9.420243864273142E-5,0.006693265032030581,1.7515595264739448E-4,4.717650670149469E-4,1.411228560221685E-4,1.1914739446596048E-4,2.636568923471983E-4,5.438442403503521E-4,0.0015952342181788685,0.0010912733964158615,1.3400974997857036E-4,7.519070194425633E-5,4.2916491479243505E-4,1.5041938723440952E-4,1.2300741194916885E-4,3.4507903692354417E-4,2.0466048569569293E-4,1.5424525757480186E-4,0.014926414799460245,1.5923096247891434E-4,9.864074926388459E-4,1.309771041062355E-4,1.1571543444693466E-4,0.009748806299231283,1.7631205580940978E-4,2.0242646151198557E-4,3.366821834458394E-4,8.520228507459302E-5,1.4930899389027432E-4,1.7593589915399128E-4,1.5054903431668397E-4,7.53634907404201E-4,7.009143668318071E-5,4.785973831426825E-4],[0.015967307157852356,0.001678465316685328,0.004028036125497538,1.2698340819998117E-4,3.394573017415507E-5,3.105276015847871E-5,1.0,8.085826055654822E-5,8.542604189694006E-4,0.003784341381372433,0.0011890953177779596,6.539320396205E-5,7.150451519320044E-5,9.771908306521205E-5,5.468402071893492E-4,2.9179205063867552E-5,9.678037976447246E-4,1.3521443242287703E-4,1.3532703970029112E-5,0.001033247304550739,2.0919305799764584E-4,3.015136644277388E-4,1.3556500342196037E-4,1.5648520023970618E-5,0.0012670184211597312,0.0069409757505322555,0.0011490851465919215,0.0011461281140016028,7.759881119397547E-5,1.76675013613823E-5,7.205142909275186E-4,9.132485645190375E-5,2.369660013921349E-5,2.9456502267133247E-4,4.434405230334053E-4,4.509820602695038E-5,0.033351660451859,6.840392775992162E-5,0.0031643054545873756,1.2517955266467696E-5,1.3540065439907244E-5,0.010876411065091494,2.0149562130742572E-4,1.621535168676375E-4,3.5643174884256705E-5,4.529683739279965E-5,6.767070449624782E-5,1.7990883549117852E-4,1.7848806713468507E-5,1.6517648491014018E-4,1.5526158956993754E-5,4.4536130275619047E-4],[0.006532200657127998,0.0019166135789297127,0.007530524598692339,8.243716552802322E-4,0.0017697573638039122,0.0012323508408643219,8.085826055654822E-5,1.0,0.006266071159668558,0.006821196854415857,0.0016586759384754361,3.3970543826573885E-4,8.116425920861596E-4,0.0014944474062133092,0.0015202832895566797,0.0013608484334041203,0.0015670925075061152,3.2502142986491915E-4,0.0010499739792543177,0.0032648683194619636,0.001640586045305964,9.088878761402811E-4,0.0017979464049100063,0.0011028872200844748,0.0022065071344738382,0.016920092766101336,0.0017775437067722394,0.001779276914399804,0.0015103626840731166,0.001867333252824348,0.0016072280200922133,0.0017355532691038693,2.7917473210288616E-4,0.002217123290082045,8.445481567501337E-4,3.639404444476661E-4,0.0318043907015382,8.057766284446684E-4,0.004077581530645452,8.10509183808828E-4,0.0012539548295034814,0.015265590396243577,0.0016908400325095143,0.0014211979441048647,8.906853208461072E-4,0.001127840373201313,0.0014766097527350807,3.3832075853769893E-4,0.0018334763291114075,0.0010981581424543223,2.3911606154577403E-4,0.0012295131492729087],[0.010242950622730475,0.009853719949646952,0.01237289880740342,0.007770580764292768,0.007045724866257789,0.008267857475489342,8.542604189694006E-4,0.006266071159668558,1.0,0.01621111452687816,0.00765201056886153,0.006065209945651248,0.009758973605994663,0.0014658425892127536,0.0022105829336774617,0.001472593264383799,0.002029836849197628,0.0038262547993803044,0.006229273183719747,0.010549986655136569,0.00596422529639385,0.0012424894577058522,0.00304345126578502,0.0024705383712452884,0.0038624365265855602,0.011397664402688485,0.00844560622813716,0.005507986540475202,0.0029779294079585513,0.005501360856999693,0.002592882194576078,0.0025766003678766363,0.006944844537642713,0.007236806001683119,0.004745667091286244,9.207988340909229E-4,0.047019978689108705,0.006664398374747136,0.01017985120282708,0.0015464616447992794,0.0035890516882637643,0.010635735963507673,0.006880316235766557,0.0036490973706084767,0.0032938458921237803,0.0065533005750830296,0.007714457101241888,0.009226997169181973,0.005683888761077009,0.0074153660346765425,0.006956061244710304,0.001874880030535866],[0.02405398165573478,0.019535128683516433,0.019214321648848554,0.002695850438856942,0.015043580465091164,0.016816067002562617,0.003784341381372433,0.006821196854415857,0.01621111452687816,1.0,0.021172729133535323,0.01758938001417216,0.014321129036677245,0.011864380691775084,0.0030727196929527098,0.007195573982977688,0.010613368578264126,0.008607396575233992,0.005107053516171333,0.022446231086646926,0.02067681330891308,0.005502860009487932,0.013386194105385262,0.006031998086542548,0.01750845169694544,0.023512545616264657,0.019198194717490923,0.003511635629378359,0.007732531424857976,0.0017103205116067509,0.01629821970249544,0.006624781415212963,0.010274889080514228,0.0063306535725668,0.021617995834436934,0.004669606347860642,0.038043173838447866,0.021701040168456233,0.017337387454353183,0.010004055876457961,0.01567557276809299,0.0158520702965529,0.01005903183752492,0.022559161324640788,0.01221745730444114,0.01293832698925061,0.0016045239444928932,0.00865677185859645,0.00888539200351611,0.0070341092295813385,4.4003940235238376E-4,0.016407665770864575],[0.010292476818885822,0.0016939755578705992,0.007886054963193988,2.2313767536567684E-4,0.0013038396920209072,0.0010472262828741213,0.0011890953177779596,0.0016586759384754361,0.00765201056886153,0.021172729133535323,1.0,6.825353477408014E-4,7.545922246903743E-4,3.929781051619762E-4,0.0012458394921065596,0.0011375485211882479,0.001515252775423282,4.2879731656023036E-4,0.001163765984976515,0.0023209623826254246,5.099861875189823E-4,7.834022221526319E-4,1.3818438576192988E-4,0.0013398194189128488,0.0021184698422533387,0.015541344755401039,0.001646832673014594,0.0014891217381661395,7.387691495804969E-4,2.7491570485879126E-5,0.0015597694456436148,0.0014199343150348282,0.0010811539789171232,0.002957248848791208,0.001453509359602644,2.1166090337131833E-4,0.010448971932568935,5.92432915820942E-4,0.003229994417796884,0.0014087685125710341,9.102877741637819E-4,0.015359667980290205,7.00039727431642E-4,8.094589859907878E-4,0.0011751505955481937,6.284593426204235E-4,6.567746746939616E-4,0.0012810333615696989,0.0010359962972867885,0.0012747358752649308,0.0014489334063881542,0.0011632416307167642],[0.00433911040032194,3.8262147490195867E-4,0.008052470311756677,2.2018805260157486E-4,0.0010696013497074911,1.6612562655374887E-4,6.539320396205E-5,3.3970543826573885E-4,0.006065209945651248,0.01758938001417216,6.825353477408014E-4,1.0,2.7204438068146957E-4,1.6521144624841985E-4,7.799153690285352E-4,2.1155919611636005E-4,7.479686282527745E-4,1.7477246907961043E-4,9.916749426118788E-5,0.003985396940023045,2.1735785236448647E-4,2.808030495279343E-4,1.4165682482849016E-4,2.192131750882511E-4,0.0012435918283919141,0.008516488139216058,0.0016561890788153774,0.0011082778804744529,1.3527915727377238E-4,9.132854826541286E-5,8.575841532306653E-4,1.8178931975052883E-4,3.657015817196875E-5,6.950619310229208E-4,2.926713591789733E-4,1.5700148889523466E-4,0.02416689483162589,1.7418748785183173E-4,0.00781857472856584,1.2271075854496664E-4,1.3183776686051738E-4,0.014772022603286554,2.8987595390221556E-4,4.3716400775799903E-4,3.1865258253592753E-4,2.091987754596666E-4,1.9650287299628074E-4,3.138775660933776E-4,1.760049278673029E-4,5.804170842627536E-4,1.4582390934980504E-4,8.928419847601013E-4],[0.01616609149498656,0.0015746363036705517,0.012080497232378907,2.123430963142454E-4,6.402061289015268E-4,2.624017278723888E-4,7.150451519320044E-5,8.116425920861596E-4,0.009758973605994663,0.014321129036677245,7.545922246903743E-4,2.7204438068146957E-4,1.0,2.7558336844310164E-4,6.820440327614342E-4,2.7547002439018534E-4,8.518183813687153E-4,2.557763513393208E-4,3.850186781354329E-5,0.005729135449398133,2.3572759257088876E-4,6.792735043940786E-4,2.6039733931523064E-4,2.4528361423877466E-5,5.648133373663964E-4,0.009805749528651223,0.001155871768618649,0.0010332758511677116,2.516328078267893E-4,2.12820857469066E-4,0.0013217486208627217,2.625950019596488E-4,1.370001635328021E-4,0.0010005671775193744,3.153075401635418E-4,2.331433054457183E-4,0.026607805813381076,2.8598090080627747E-4,0.006638406744838154,2.54575991506751E-4,1.8370612309687843E-4,0.014886281192179862,2.936956752428191E-4,3.8809846926554957E-4,3.1121819990647266E-4,2.243081097333265E-4,1.6263538011658125E-4,3.1357026834488526E-4,1.470236897807783E-4,4.821138984374806E-4,2.0950907980976546E-4,7.502986653380176E-4],[0.016013433171736736,0.0018657530765166723,0.005978848844181792,1.732807063895495E-4,3.223000005207828E-4,1.5919410328590317E-4,9.771908306521205E-5,0.0014944474062133092,0.0014658425892127536,0.011864380691775084,3.929781051619762E-4,1.6521144624841985E-4,2.7558336844310164E-4,1.0,0.001072757052334992,1.831729880360447E-4,8.636558342054199E-4,1.5769080210375195E-4,5.96830762870206E-5,0.0035172632608752564,1.7040680871326143E-4,7.257881127777608E-4,1.488084588748274E-4,1.401664587639797E-4,6.470816232274473E-4,0.002092967938103231,0.0016516120998677167,2.011555198261041E-4,1.0784071215583967E-4,1.9938122204543825E-5,2.749413792284179E-4,1.5691483486178427E-4,1.1682865113763829E-4,0.0024025207900204093,5.212491444158502E-4,1.5708375677594703E-4,0.03783156688877531,1.622739727206176E-4,0.006995019418583639,1.1463444680334004E-4,1.4345235422811155E-4,0.0012618988305668878,2.3653162563135226E-4,4.6223760039905046E-4,3.118600782694127E-4,1.0067998485225935E-4,1.5540872663314179E-4,2.788148916160621E-4,1.5304321358862452E-4,4.1431297986249346E-4,9.914095350365908E-5,5.326635087411499E-4],[0.02368328212501314,0.0016169115854909862,0.0021840796570681406,2.752920702003606E-4,0.001129720417268449,6.141006362999912E-4,5.468402071893492E-4,0.0015202832895566797,0.0022105829336774617,0.0030727196929527098,0.0012458394921065596,7.799153690285352E-4,6.820440327614342E-4,0.001072757052334992,1.0,6.342758852948282E-4,0.001075713178103038,8.087320728555317E-4,3.704471555511277E-4,0.006769941682285538,9.010906689858128E-4,0.001018132188761036,0.0011811696004963878,9.977956024509148E-4,0.002052083173479169,0.0030373127373936435,0.0012452006894272778,0.0012769051806775203,7.868346056888947E-4,8.213300944061857E-4,0.0014138862794402334,2.4047803706105466E-4,9.859593363016911E-4,0.001739942848059522,6.699387104930753E-4,2.1024616119392922E-4,0.00676895834411647,4.628387221863751E-4,0.004570314484771783,9.049795801541133E-4,1.6044161287339571E-4,0.0014697561689348397,5.652494234399531E-4,0.0010966821295747796,7.19408822383091E-4,9.356917664726774E-4,9.349894448295841E-4,8.232095938020838E-4,2.637883801309553E-4,0.0011374781603416377,7.451558517029885E-4,0.0011111443967392971],[0.022858220852862928,0.0018601388215770324,0.004612949361631714,1.8782607436682825E-4,9.042460609729526E-4,1.769817681118055E-4,2.9179205063867552E-5,0.0013608484334041203,0.001472593264383799,0.007195573982977688,0.0011375485211882479,2.1155919611636005E-4,2.7547002439018534E-4,1.831729880360447E-4,6.342758852948282E-4,1.0,6.949691167446306E-4,1.9584542344170083E-4,9.384210033786813E-5,0.007722854301554388,2.1032219088911748E-4,2.121694452363017E-4,1.5609594605069E-4,8.897599091906854E-5,0.0017184826559296029,0.005568830511623626,4.998597884660696E-4,0.0011684055128408444,1.71740398069499E-4,5.318608876859339E-5,9.875626203420488E-4,1.6683832022182634E-4,4.212329072368516E-5,0.001376900454298745,4.5287816157701716E-4,2.0123290767468137E-4,0.03189465482743228,2.0068261123296923E-4,0.0068368957667410005,5.748408627243853E-5,1.341781482126106E-4,0.006256594621854454,2.291540549268721E-4,2.545512075995837E-4,2.2674649246215626E-4,1.9250090891847837E-4,1.310334608814792E-4,3.154316135979777E-4,8.257521482371072E-5,3.715421909664722E-4,1.2913804036501585E-4,3.756066626532825E-4],[0.0152088768454933,0.0012491763027239781,0.004990420962491106,8.901540997766424E-4,0.0010473401104033173,7.321630590038856E-4,9.678037976447246E-4,0.0015670925075061152,0.002029836849197628,0.010613368578264126,0.001515252775423282,7.479686282527745E-4,8.518183813687153E-4,8.636558342054199E-4,0.001075713178103038,6.949691167446306E-4,1.0,9.830164234944205E-4,4.368893343796958E-4,0.001111834741832903,9.661635092187953E-4,9.993280432821603E-4,4.3587095398197153E-4,5.091253472235406E-4,0.002194650264473626,0.012625458632571737,0.0016054648432079442,0.00115891866786919,8.049110355274521E-4,2.423370127011322E-4,0.0010377330679780558,4.5819695693964386E-4,9.117012298326442E-4,0.002527609411813554,9.097402688138016E-4,8.055487716974553E-4,0.030028591474343787,2.4215702902995098E-4,0.004614360370794117,7.388949589999684E-4,6.588288467866407E-4,0.0061974638077889254,9.993473732038596E-4,8.740368012776854E-4,4.272620252662796E-4,9.87853152883536E-4,4.917064824272811E-4,7.556404213400992E-4,9.936167481265656E-4,9.444028160573305E-4,4.466805018699683E-4,0.0010319544584410888],[0.00539998765878858,9.217564507586342E-4,0.004303776851925135,1.8310741077563682E-4,4.30616965800875E-4,1.548639041661291E-4,1.3521443242287703E-4,3.2502142986491915E-4,0.0038262547993803044,0.008607396575233992,4.2879731656023036E-4,1.7477246907961043E-4,2.557763513393208E-4,1.5769080210375195E-4,8.087320728555317E-4,1.9584542344170083E-4,9.830164234944205E-4,1.0,4.259604895682737E-5,0.006204511214836796,1.7843165349261663E-4,2.3988741631189722E-4,1.5600519049742734E-4,5.24339558778635E-5,0.0013085227576827756,0.009550305389569313,7.854128827793607E-4,0.0010705242880083544,1.2791619432414795E-4,8.115920939833559E-5,0.0012900964983929837,1.4963923111784792E-4,1.4763451579775046E-4,0.0013639554778645203,4.03240492188157E-4,1.5644412931605718E-4,0.039285842583166614,1.6213812955553358E-4,0.0015018382771342124,3.936954474330982E-5,5.9177518804063735E-5,0.007724054060580897,2.0506743089072026E-4,1.575886632369387E-4,2.562870368206663E-4,1.2752064819504652E-4,1.3422578068707512E-4,2.0514246111344884E-4,9.82070198207732E-5,7.438798484686569E-4,1.8291254625634005E-5,2.4379737907806958E-4],[0.026214574536228486,2.6612857806477093E-4,0.009049234352368131,9.853374826943848E-5,1.747330061366535E-4,9.420243864273142E-5,1.3532703970029112E-5,0.0010499739792543177,0.006229273183719747,0.005107053516171333,0.001163765984976515,9.916749426118788E-5,3.850186781354329E-5,5.96830762870206E-5,3.704471555511277E-4,9.384210033786813E-5,4.368893343796958E-4,4.259604895682737E-5,1.0,0.0033321872037537803,9.974077480470574E-5,9.118781713380605E-5,1.0873172133288206E-4,1.4298710757408208E-5,1.5496503412910977E-4,0.0045138227307573876,0.0011709819655030603,3.961655789752288E-4,6.853059479144903E-5,1.499712445813905E-5,1.017915800382041E-4,2.5573340725122657E-5,2.0132620552206747E-5,0.002885531265159484,5.042582050613045E-4,4.3805510180854606E-5,0.005818574412586847,1.3198715778562581E-4,0.0072306074957126,1.3492754508043116E-5,1.3385581614984928E-5,0.01458818126666279,1.0363937246849202E-4,1.5304470478664248E-4,9.62099969331486E-5,4.020466743288669E-5,9.956195367485064E-5,7.00360845821413E-5,2.596762532218031E-5,5.007925502677649E-4,1.3685385933830441E-5,7.50192872738508E-4],[0.02421713149294056,0.010491280734197792,0.011064534986146879,0.010688496219302058,0.0026004060984884756,0.006693265032030581,0.001033247304550739,0.0032648683194619636,0.010549986655136569,0.022446231086646926,0.0023209623826254246,0.003985396940023045,0.005729135449398133,0.0035172632608752564,0.006769941682285538,0.007722854301554388,0.001111834741832903,0.006204511214836796,0.0033321872037537803,1.0,0.008361446162831397,0.009959476466812126,0.008304999807358505,0.003013558946060845,0.004620487837474031,0.021817915991698605,0.008901378472753251,0.008382848854319058,0.009121613041842464,0.0068558060938517075,0.002666482342169277,0.005734266755584299,5.467301871701391E-5,0.008479071584748584,0.010385455885955363,0.00886835605568976,0.020292232678112906,0.0012055539650891703,0.010486636859712739,0.003703535091919134,0.0038163970732579626,0.014334682178055471,0.010717977934134053,0.004299113037950043,0.00233928413829652,0.005843063396373461,9.018078230680389E-4,0.009606455788110028,0.008051105605644756,0.001639060791724256,0.008249375031478833,0.007622220158175517],[0.008309629818185687,0.0014523196081104627,0.01041278792987232,1.8740127310635555E-4,9.115042824729191E-4,1.7515595264739448E-4,2.0919305799764584E-4,0.001640586045305964,0.00596422529639385,0.02067681330891308,5.099861875189823E-4,2.1735785236448647E-4,2.3572759257088876E-4,1.7040680871326143E-4,9.010906689858128E-4,2.1032219088911748E-4,9.661635092187953E-4,1.7843165349261663E-4,9.974077480470574E-5,0.008361446162831397,1.0,3.8706993215803433E-4,1.5999873231524483E-4,7.729932855499985E-5,0.0013692511946718667,0.0013762544043434666,3.720469822031924E-4,4.046356565090964E-4,2.0678086768317953E-4,3.354274496877495E-5,8.500084222660095E-4,1.5242752270665366E-4,1.1666232634373729E-4,4.350097880239614E-4,3.9186881868280587E-4,1.897353185289499E-4,0.011982172543098506,1.7455153095695476E-4,0.005377510719077934,8.222252777247506E-5,2.4072373951493017E-5,0.0076627300213736515,2.8104293273321636E-4,3.745824010081598E-4,3.5058405007501686E-4,1.18576333405212E-4,2.0143928076842767E-4,2.3324827305869436E-4,1.669673955709415E-4,4.454708721295046E-4,2.8675869500141994E-5,5.368861028968088E-4],[0.021515836714317154,0.0013533924022067342,0.007443281572764555,2.8515829616417953E-4,0.0010354192303366312,4.717650670149469E-4,3.015136644277388E-4,9.088878761402811E-4,0.0012424894577058522,0.005502860009487932,7.834022221526319E-4,2.808030495279343E-4,6.792735043940786E-4,7.257881127777608E-4,0.001018132188761036,2.121694452363017E-4,9.993280432821603E-4,2.3988741631189722E-4,9.118781713380605E-5,0.009959476466812126,3.8706993215803433E-4,1.0,2.292563340581274E-4,1.902078071832863E-4,0.0016751791163648157,0.014442169314610207,0.0011277732068496872,9.82813342932241E-4,6.534645367477733E-4,6.025898312206174E-5,0.0010794789291528506,4.7905002011978243E-4,5.465839361318119E-4,0.0027867584032063796,7.20079008873974E-4,1.9137358599164483E-4,0.004115170139462303,5.52973658398987E-4,0.005582839102127852,7.122564277044676E-4,3.153814791723577E-4,0.01048108038791039,4.294380631878244E-4,7.285722603848071E-4,4.537165636065845E-4,3.484732478483467E-4,3.601509144954267E-4,6.087428086538872E-4,6.483524709017495E-4,8.069576099469058E-4,5.511580014628555E-4,7.980385689966712E-4],[0.01990836795978041,0.0014958241759971242,0.007000840721699153,1.4139118436819155E-4,8.274975552499E-4,1.411228560221685E-4,1.3556500342196037E-4,0.0017979464049100063,0.00304345126578502,0.013386194105385262,1.3818438576192988E-4,1.4165682482849016E-4,2.6039733931523064E-4,1.488084588748274E-4,0.0011811696004963878,1.5609594605069E-4,4.3587095398197153E-4,1.5600519049742734E-4,1.0873172133288206E-4,0.008304999807358505,1.5999873231524483E-4,2.292563340581274E-4,1.0,6.14419336079041E-5,0.0012128101889638248,0.008484162951472148,0.0011425208167833072,0.0011912407996995161,1.1746275121586098E-4,8.627168281590535E-5,0.0014981175457922976,1.393703508224467E-4,8.256089890838429E-5,0.0011217857245920833,5.230823050822528E-4,1.4914406735517282E-4,0.03665022647511712,1.6032438802798067E-4,6.24285015352455E-4,8.210248493265793E-5,1.1986466593507312E-4,0.014640129221196094,2.1283623595357598E-4,2.267111910984333E-4,3.0961613696486894E-4,8.578162912220161E-5,1.3006869757728034E-4,2.414381628566808E-4,1.236950806351591E-4,3.4092735032487266E-4,2.4384661968946014E-5,5.917424811123896E-4],[0.022484258016993514,3.2420164227941664E-4,0.013049540262289331,1.3720489314498338E-4,8.149746846767352E-4,1.1914739446596048E-4,1.5648520023970618E-5,0.0011028872200844748,0.0024705383712452884,0.006031998086542548,0.0013398194189128488,2.192131750882511E-4,2.4528361423877466E-5,1.401664587639797E-4,9.977956024509148E-4,8.897599091906854E-5,5.091253472235406E-4,5.24339558778635E-5,1.4298710757408208E-5,0.003013558946060845,7.729932855499985E-5,1.902078071832863E-4,6.14419336079041E-5,1.0,5.470866333752997E-5,0.014712211895374954,0.001610678974608343,9.861947747145212E-4,4.9739548051398066E-5,1.695326191898284E-5,5.396733601309916E-4,6.022413111181739E-5,3.191581110032196E-5,0.001367164297969122,5.732494775550988E-4,2.3768412097753125E-5,0.026983656865611185,1.0511945979092556E-4,0.006070531250856476,1.2778265403286678E-5,1.364182184656308E-5,0.009605806192048552,2.482205503466585E-4,2.4897565696714406E-5,1.143661048814197E-4,6.665186780252725E-5,1.2079379658397894E-4,1.7692679904093877E-5,4.890830345427497E-5,1.680617606132183E-4,1.4866605660270271E-5,7.166811181873265E-4],[0.006344034342684317,0.00210129655743077,0.0095975554542739,8.275424995769485E-4,0.0012758700842468698,2.636568923471983E-4,0.0012670184211597312,0.0022065071344738382,0.0038624365265855602,0.01750845169694544,0.0021184698422533387,0.0012435918283919141,5.648133373663964E-4,6.470816232274473E-4,0.002052083173479169,0.0017184826559296029,0.002194650264473626,0.0013085227576827756,1.5496503412910977E-4,0.004620487837474031,0.0013692511946718667,0.0016751791163648157,0.0012128101889638248,5.470866333752997E-5,1.0,0.008324170366067835,0.0024568411010721723,0.002084483746497531,0.0015760910887845016,8.557576465725992E-4,0.0025022872206678717,6.336206165461978E-4,0.0014759862315109117,0.0026721770707311874,0.0018188473440246284,0.0010700283407865255,0.0360536573116026,0.0012491968158780827,0.004881561887410306,0.0015677640341873087,3.828831854276754E-4,0.014630736132074362,0.002179494248264485,7.704089686548527E-4,0.0013862055542470317,3.7618226098115593E-4,0.001955055694293679,9.959600254306408E-4,0.0010765092844380866,0.002164632219027706,0.0020586735469538286,0.0011970066898789394],[0.02763118151826391,0.019796741772911,0.019826384398084138,0.00630486304699117,0.016488670318240622,5.438442403503521E-4,0.0069409757505322555,0.016920092766101336,0.011397664402688485,0.023512545616264657,0.015541344755401039,0.008516488139216058,0.009805749528651223,0.002092967938103231,0.0030373127373936435,0.005568830511623626,0.012625458632571737,0.009550305389569313,0.0045138227307573876,0.021817915991698605,0.0013762544043434666,0.014442169314610207,0.008484162951472148,0.014712211895374954,0.008324170366067835,1.0,0.017919809200670427,0.020538903312557897,0.013218834161553963,0.011836864170609664,0.019285869753692276,0.006108239800720195,0.01865309489321742,0.020107591429752988,0.01967221046581889,0.017027091186151682,0.04664388050651776,0.018031156653330643,0.023323847980617887,0.00435479856664548,0.002417023818681184,0.017068655491157405,0.02017714600114839,0.008200001891701515,0.003717336079456753,0.014235132568560526,0.018742303494124223,0.00946695171918029,0.017183286479230713,0.020313350939778436,0.017211982706616922,0.00837973474151435],[0.005563664695572617,0.001693280359343275,0.007843249758815994,0.0013089387569149664,0.001654526267528144,0.0015952342181788685,0.0011490851465919215,0.0017775437067722394,0.00844560622813716,0.019198194717490923,0.001646832673014594,0.0016561890788153774,0.001155871768618649,0.0016516120998677167,0.0012452006894272778,4.998597884660696E-4,0.0016054648432079442,7.854128827793607E-4,0.0011709819655030603,0.008901378472753251,3.720469822031924E-4,0.0011277732068496872,0.0011425208167833072,0.001610678974608343,0.0024568411010721723,0.017919809200670427,1.0,0.0015418191776107877,0.0015327289084176624,0.001112684480048825,0.0016131603351057008,0.0016047087411587707,0.0013716236951871136,0.002241951731905411,0.0014344372588987455,0.0016332640049942046,0.011442638571733417,2.801306879037469E-4,0.0057160253906982685,0.0013578658499374418,7.343189860143063E-4,0.0025965552593571425,9.298163622830557E-4,0.001519818960004371,8.448293246212307E-4,0.0010599710637182423,2.9281073910066946E-4,0.0013384623149653976,0.0011622424994971433,9.680490071564678E-4,0.0013905893340756454,0.0010860322910131318],[0.024013211661333415,0.0017512415770637277,0.0094889032215033,0.0010376259253940241,0.0012353708954881146,0.0010912733964158615,0.0011461281140016028,0.001779276914399804,0.005507986540475202,0.003511635629378359,0.0014891217381661395,0.0011082778804744529,0.0010332758511677116,2.011555198261041E-4,0.0012769051806775203,0.0011684055128408444,0.00115891866786919,0.0010705242880083544,3.961655789752288E-4,0.008382848854319058,4.046356565090964E-4,9.82813342932241E-4,0.0011912407996995161,9.861947747145212E-4,0.002084483746497531,0.020538903312557897,0.0015418191776107877,1.0,9.868360377532517E-4,6.101752946887835E-4,0.0014613836649761919,6.760948173414702E-4,0.0012914774888868777,0.0020277930463578247,9.968997822832905E-4,2.615301874491331E-4,0.030783183672759118,2.705279414718378E-4,0.00718961705426369,0.0011092299770709922,1.3267169338796922E-4,0.008763771739316716,5.852982625772689E-4,8.033097401300504E-4,6.176182822073195E-4,1.2827220824660564E-4,9.726109323480076E-4,7.087598703247302E-4,5.954479244571951E-4,0.001138002487664174,2.8571033767665427E-4,0.0010787289672966787],[0.016366969458377192,4.990564743091674E-4,0.01086054817818292,1.2100997078691667E-4,8.509273158630424E-4,1.3400974997857036E-4,7.759881119397547E-5,0.0015103626840731166,0.0029779294079585513,0.007732531424857976,7.387691495804969E-4,1.3527915727377238E-4,2.516328078267893E-4,1.0784071215583967E-4,7.868346056888947E-4,1.71740398069499E-4,8.049110355274521E-4,1.2791619432414795E-4,6.853059479144903E-5,0.009121613041842464,2.0678086768317953E-4,6.534645367477733E-4,1.1746275121586098E-4,4.9739548051398066E-5,0.0015760910887845016,0.013218834161553963,0.0015327289084176624,9.868360377532517E-4,1.0,9.947710382539155E-5,2.6687793472058023E-4,1.0807826971106443E-4,4.554364809392677E-5,0.002858220274621767,2.031894861647952E-4,1.1977067293598469E-4,0.04561403352643102,1.1807023889470107E-4,0.002637112786923219,9.793724408007693E-5,9.29688703346609E-5,0.012957022461893609,2.0814378286526083E-4,2.2404586919039983E-4,1.7852651445131077E-4,1.0028862537734217E-4,1.2923847971601894E-4,1.6000106962278389E-4,9.69811252879285E-5,8.056397749506208E-4,9.117171543445031E-5,9.527044039451434E-4],[0.01543194851758569,9.817432751040227E-4,0.009234144909370226,1.413562939948224E-4,8.96858643348549E-4,7.519070194425633E-5,1.76675013613823E-5,0.001867333252824348,0.005501360856999693,0.0017103205116067509,2.7491570485879126E-5,9.132854826541286E-5,2.12820857469066E-4,1.9938122204543825E-5,8.213300944061857E-4,5.318608876859339E-5,2.423370127011322E-4,8.115920939833559E-5,1.499712445813905E-5,0.0068558060938517075,3.354274496877495E-5,6.025898312206174E-5,8.627168281590535E-5,1.695326191898284E-5,8.557576465725992E-4,0.011836864170609664,0.001112684480048825,6.101752946887835E-4,9.947710382539155E-5,1.0,6.326915114837624E-4,6.79435975655962E-5,2.186528747794295E-5,6.109275204630748E-4,5.863960259826558E-4,4.291021385937726E-5,0.021964895436281905,1.4172180357376377E-4,0.008128132858701646,1.5560832042110652E-5,1.7167343257307876E-5,0.012176066731547936,1.251159686982387E-4,3.7347939018377913E-4,2.042719939192026E-4,5.537194828078053E-5,1.2052517075720962E-4,2.854692406831112E-4,4.275778811578832E-5,8.362470257686489E-4,1.6132891481444215E-5,4.986206297453096E-5],[0.023823456547239195,0.0017815188957373681,0.005707270272866026,2.9338300508819823E-4,0.0013910129621249165,4.2916491479243505E-4,7.205142909275186E-4,0.0016072280200922133,0.002592882194576078,0.01629821970249544,0.0015597694456436148,8.575841532306653E-4,0.0013217486208627217,2.749413792284179E-4,0.0014138862794402334,9.875626203420488E-4,0.0010377330679780558,0.0012900964983929837,1.017915800382041E-4,0.002666482342169277,8.500084222660095E-4,0.0010794789291528506,0.0014981175457922976,5.396733601309916E-4,0.0025022872206678717,0.019285869753692276,0.0016131603351057008,0.0014613836649761919,2.6687793472058023E-4,6.326915114837624E-4,1.0,6.404697561057164E-4,3.538491828428413E-4,0.0020751965363035047,9.008504951854881E-4,9.07042284379534E-4,0.008132132199911987,4.068306285073018E-4,0.009091918296646712,0.0010380159506923733,3.0250282579007513E-5,0.005811618989691244,0.001038906136642404,5.71862791108222E-4,4.3296745376628673E-4,8.644385510001514E-4,0.0010033654636717772,5.353396570866118E-4,5.823569547422539E-4,0.0011525342391331378,0.0013186856816824089,0.0012685569871853802],[0.01788726409235392,6.334681634058011E-4,0.005051285222207457,1.536540781724385E-4,1.6334007393477417E-4,1.5041938723440952E-4,9.132485645190375E-5,0.0017355532691038693,0.0025766003678766363,0.006624781415212963,0.0014199343150348282,1.8178931975052883E-4,2.625950019596488E-4,1.5691483486178427E-4,2.4047803706105466E-4,1.6683832022182634E-4,4.5819695693964386E-4,1.4963923111784792E-4,2.5573340725122657E-5,0.005734266755584299,1.5242752270665366E-4,4.7905002011978243E-4,1.393703508224467E-4,6.022413111181739E-5,6.336206165461978E-4,0.006108239800720195,0.0016047087411587707,6.760948173414702E-4,1.0807826971106443E-4,6.79435975655962E-5,6.404697561057164E-4,1.0,8.687497667085767E-5,0.0017799918508445178,5.066173811158976E-4,1.5278285043642418E-4,0.02263185095843619,1.574328982020424E-4,0.003735379534304627,1.347193764669563E-4,8.735740386373714E-5,0.014523257166909415,2.641611357790247E-4,4.0600495531166025E-4,3.0199756586172946E-4,1.4172763582282486E-4,1.3962822971526115E-4,3.0012863795302286E-4,1.2445014691795595E-4,1.8026491588358658E-4,9.869012070564404E-5,3.53247294706124E-4],[0.002537846465377691,0.001681906101563123,0.0024680361934369933,1.473133458148134E-4,7.178031708734972E-5,1.2300741194916885E-4,2.369660013921349E-5,2.7917473210288616E-4,0.006944844537642713,0.010274889080514228,0.0010811539789171232,3.657015817196875E-5,1.370001635328021E-4,1.1682865113763829E-4,9.859593363016911E-4,4.212329072368516E-5,9.117012298326442E-4,1.4763451579775046E-4,2.0132620552206747E-5,5.467301871701391E-5,1.1666232634373729E-4,5.465839361318119E-4,8.256089890838429E-5,3.191581110032196E-5,0.0014759862315109117,0.01865309489321742,0.0013716236951871136,0.0012914774888868777,4.554364809392677E-5,2.186528747794295E-5,3.538491828428413E-4,8.687497667085767E-5,1.0,0.0010380989401793245,1.8342066770815944E-4,1.355788409773544E-4,0.009945509917091583,5.4648286277734905E-5,0.008817078277803193,2.0272235727066354E-5,3.1053873231939634E-5,0.007510713828692111,1.3720684501480833E-4,4.037418956973924E-4,4.3173531226393917E-5,5.635757433705402E-5,4.8228720694704056E-5,2.2575890510083093E-4,3.622773112787866E-5,6.120340315273308E-4,2.8069292073655163E-5,2.5601581036348325E-4],[0.018817650345476177,0.0029122522459635123,0.01116284658244171,0.0021029456382256908,0.0018441598461782548,3.4507903692354417E-4,2.9456502267133247E-4,0.002217123290082045,0.007236806001683119,0.0063306535725668,0.002957248848791208,6.950619310229208E-4,0.0010005671775193744,0.0024025207900204093,0.001739942848059522,0.001376900454298745,0.002527609411813554,0.0013639554778645203,0.002885531265159484,0.008479071584748584,4.350097880239614E-4,0.0027867584032063796,0.0011217857245920833,0.001367164297969122,0.0026721770707311874,0.020107591429752988,0.002241951731905411,0.0020277930463578247,0.002858220274621767,6.109275204630748E-4,0.0020751965363035047,0.0017799918508445178,0.0010380989401793245,1.0,0.002204871040528354,5.720334846007551E-4,0.017342325791620455,0.001058006511439382,0.004684626368837673,3.5973778164275427E-4,0.0026593523618339203,0.014955836205969492,0.001958551205557401,0.0018293858444819796,0.0017162672365663395,2.530463594598244E-4,8.000691518454084E-4,7.867675605898925E-4,0.002210773607059323,0.0027238023675677098,0.0018735452846891294,0.0014267237679451593],[0.02355249454280673,0.0016683389445402153,0.007927603677440522,1.9275175604085894E-4,8.144867393111313E-4,2.0466048569569293E-4,4.434405230334053E-4,8.445481567501337E-4,0.004745667091286244,0.021617995834436934,0.001453509359602644,2.926713591789733E-4,3.153075401635418E-4,5.212491444158502E-4,6.699387104930753E-4,4.5287816157701716E-4,9.097402688138016E-4,4.03240492188157E-4,5.042582050613045E-4,0.010385455885955363,3.9186881868280587E-4,7.20079008873974E-4,5.230823050822528E-4,5.732494775550988E-4,0.0018188473440246284,0.01967221046581889,0.0014344372588987455,9.968997822832905E-4,2.031894861647952E-4,5.863960259826558E-4,9.008504951854881E-4,5.066173811158976E-4,1.8342066770815944E-4,0.002204871040528354,1.0,2.8609779688252364E-4,0.013054242228342382,3.125917782031861E-4,0.009518036767712542,4.91751229686671E-4,5.516628240279423E-4,0.007174712784706663,3.5343041554333564E-4,4.7754980952690825E-4,4.95834782928745E-4,4.5484935835969414E-4,1.358363304995519E-4,5.621372842091915E-4,5.772780516524448E-4,6.369334598569645E-4,2.0498115479866918E-4,7.554749234184044E-4],[0.0071960902784386415,6.505423336510762E-4,0.006473385522919863,1.8692470933352517E-4,8.404302533646136E-4,1.5424525757480186E-4,4.509820602695038E-5,3.639404444476661E-4,9.207988340909229E-4,0.004669606347860642,2.1166090337131833E-4,1.5700148889523466E-4,2.331433054457183E-4,1.5708375677594703E-4,2.1024616119392922E-4,2.0123290767468137E-4,8.055487716974553E-4,1.5644412931605718E-4,4.3805510180854606E-5,0.00886835605568976,1.897353185289499E-4,1.9137358599164483E-4,1.4914406735517282E-4,2.3768412097753125E-5,0.0010700283407865255,0.017027091186151682,0.0016332640049942046,2.615301874491331E-4,1.1977067293598469E-4,4.291021385937726E-5,9.07042284379534E-4,1.5278285043642418E-4,1.355788409773544E-4,5.720334846007551E-4,2.8609779688252364E-4,1.0,0.00606541911504642,1.5533576101272646E-4,0.008396537758058393,1.0117968504762892E-4,1.9851381635682776E-5,0.003369211335893743,2.8297547398065077E-4,3.263430388652853E-4,3.332525764634406E-4,8.316869963158272E-5,1.4244634597462185E-4,1.6897960605704045E-4,9.145503543404025E-5,8.109662010136335E-4,1.3904641276402428E-4,8.8586419186616E-4],[0.04504924599157181,0.035194729845334984,0.02726360227505667,0.03972924519326909,0.03848458848633639,0.014926414799460245,0.033351660451859,0.0318043907015382,0.047019978689108705,0.038043173838447866,0.010448971932568935,0.02416689483162589,0.026607805813381076,0.03783156688877531,0.00676895834411647,0.03189465482743228,0.030028591474343787,0.039285842583166614,0.005818574412586847,0.020292232678112906,0.011982172543098506,0.004115170139462303,0.03665022647511712,0.026983656865611185,0.0360536573116026,0.04664388050651776,0.011442638571733417,0.030783183672759118,0.04561403352643102,0.021964895436281905,0.008132132199911987,0.02263185095843619,0.009945509917091583,0.017342325791620455,0.013054242228342382,0.00606541911504642,1.0,0.03