[[1.0,2.5612844157828457E-4,4.165982869011306E-4,6.772142019351742E-4,3.583206051826005E-5,0.006516027044534467,2.152307647557715E-5,7.993955163493897E-4,0.001060953726713495,1.3174658761958005E-4,0.007641174316075843,0.0027459055200972334,1.5946034138251394E-4,0.0017313961206241023,0.0033603983284252246,1.0871282257809525E-4,0.0010679170644492262,1.7034199649822613E-4,8.649366345265426E-4,1.2456762486889614E-4,0.004767332482206471,1.0912986463719297E-4,2.476758777179543E-5,2.2271354325721088E-5,1.9789130990638452E-4,3.2877149611743855E-5,8.655746238667705E-5,2.2714621103018997E-4,1.852197043356031E-4,1.4321841542630427E-4,1.1847341447307469E-4,1.1258533872145341E-4,1.1770923366027596E-4,5.840141274787757E-4,9.327660144740014E-4,2.0220801218542074E-5,8.534629361370226E-5,0.0022169472919914093,0.0011426721103164502,1.2076207327259844E-4,1.3949190898664103E-4,9.055494662282063E-5,6.5927288528546E-5],[2.5612844157828457E-4,1.0,0.0027558329427342532,0.0020895448702403633,7.844473900309715E-4,0.0028899895373898188,4.908391240814924E-4,0.0022478627560988474,0.0027278687736599404,0.0010408342380898712,0.007793270343709224,0.003282050848344667,0.002470597238366057,0.0029891221745567786,0.005584523714624463,0.0015852764256818453,0.0026080558626094077,0.0013006518045730066,0.001589039181324184,0.0011001778304197871,0.007209034944616468,0.0017777642704779606,3.7474973407205424E-4,6.468843113181681E-5,0.0018985674486836097,0.002357062354745688,0.0017673166903171863,0.0022237121531699273,0.0026264342575205483,0.002356077013156995,0.0015385140254690118,4.333335121840956E-4,2.0212568378496807E-4,0.0027324804038451906,0.00173258163391085,0.0010876042176289121,0.0010598019451576379,0.004276876785715831,0.001613380312822448,0.0010502564947122608,0.0019933704509537582,0.001032591231684739,0.002574578497327694],[4.165982869011306E-4,0.0027558329427342532,1.0,0.0013405301719960504,2.231268611391453E-4,0.002258061668779696,9.310747425814939E-4,0.0015928178219809426,0.0015063118776846248,7.523054194346658E-4,0.01084241531685822,0.0019686696054420517,2.347602964409765E-4,0.002878809404744672,0.0022615448261383074,6.086906658889555E-4,0.001523901079383801,6.037821720625451E-4,0.001328137966856223,7.241697795399471E-4,0.010795354348890203,9.601468153809275E-4,9.84096959195184E-4,4.1362614069352194E-4,9.791882498005734E-4,3.62869018563197E-4,0.0014417521678744064,0.0012496803669666942,3.245616612166443E-4,3.512772564897644E-4,5.267340867885355E-4,9.02107142598967E-4,2.644946167596184E-4,0.0013236084579546674,0.0013042043304862317,0.0013665412083592764,0.0013773202507425674,0.002291387801498467,0.0012392984125043913,0.0011718981528929008,9.139612174727465E-4,4.088469036637935E-4,0.0012361583704000956],[6.772142019351742E-4,0.0020895448702403633,0.0013405301719960504,1.0,5.505996790391633E-5,0.0027808222207134567,3.156710936444134E-4,0.0017217376389627418,0.0019349530139241328,0.0012019827525466447,0.0014868461013327957,0.0027622341801238556,7.866605415780639E-4,0.0020102528292159543,0.0067021780007834025,7.4198595584361E-4,0.0013737781854186288,9.465853522782409E-4,0.0011974170024993344,2.7436506067362925E-4,0.010734911620099069,5.753858003879446E-4,8.997414509852725E-4,1.4942309390903567E-4,0.0010479334542477323,3.591355996710664E-4,2.279882065006101E-4,7.575869009469205E-4,0.001140469862688077,4.3347586466633095E-4,2.646522386222484E-4,3.4304377554355365E-4,2.424582220603084E-4,0.0011715742803327762,0.0012154940628453046,0.0011113123989006692,3.5796233645201753E-4,0.001628137615205768,0.0012420229330178858,1.444404930934791E-4,6.815712224606609E-4,8.445269296429453E-4,8.759914944203055E-4],[3.583206051826005E-5,7.844473900309715E-4,2.231268611391453E-4,5.505996790391633E-5,1.0,0.008047105160503833,2.101175660900147E-5,4.268089148246985E-4,6.502507707651424E-4,8.305441961878812E-5,4.707043604432303E-4,1.629072149129007E-4,7.772767618200019E-5,0.0035596030839944305,0.0054274392622445915,4.735394969121427E-5,0.0012395220563555034,1.4844876895877133E-4,7.603675892260752E-4,1.2192014556951078E-4,0.007726845994020051,2.030397880500642E-5,2.255161311072468E-5,2.1986434776484843E-5,2.0318190153113493E-4,2.4744632944700594E-5,2.6568671361982155E-5,1.418076493510031E-4,1.4047163731310586E-4,1.911404141680168E-4,2.370607019642863E-5,3.878142862648387E-5,8.728776337525421E-5,9.930709386651506E-4,8.399166358035232E-4,1.7922755870746127E-5,1.1635825695403394E-5,0.0052709546148606195,9.94289115974918E-4,1.1474523287276128E-4,8.784004130909323E-5,3.430267541423891E-5,3.3679185076117735E-5],[0.006516027044534467,0.0028899895373898188,0.002258061668779696,0.0027808222207134567,0.008047105160503833,1.0,0.01325613212408414,0.004789843726548954,0.010473935479203212,0.005746930357654945,0.01331054048701873,0.005107299020644271,0.014072312351011659,0.007886142499538985,0.013743215410223702,0.00824957894495957,0.01383517397517075,0.00732674109228899,0.0017654169169202508,0.01327200470215595,0.01268037091327124,0.011672593272592756,0.009900434852920584,0.012546363607157258,0.00790117502739267,0.011342455085137997,0.002852140379591806,0.005736092457261865,0.005760470541010252,0.005043048697356587,0.001923800795709823,0.009896452884007157,7.797871917290516E-4,0.011423822280284171,0.012912749868113815,0.013341381903124882,0.00415912151326066,0.01296156253192584,0.013799951000759416,0.00792042909278774,0.004269072281272668,0.008566917456223639,4.2165055183121823E-4],[2.152307647557715E-5,4.908391240814924E-4,9.310747425814939E-4,3.156710936444134E-4,2.101175660900147E-5,0.01325613212408414,1.0,0.0016752552290269804,0.0013448636781691334,1.2001565067338774E-4,0.010345214577289995,0.002377458477019458,3.660829100053413E-5,0.001967688541585414,0.003615459602674215,3.844002903436377E-5,4.2030261905221574E-4,8.966822036906553E-5,3.7030819791483927E-4,3.453820790669993E-5,0.005056413438214828,1.5401117831594752E-5,1.5104704958214675E-5,1.3668490562755357E-5,6.659063685474223E-5,1.571236402965527E-5,1.4327577112930128E-5,8.240762959961058E-5,1.7494602424795641E-4,9.349844114641647E-5,1.4147582177707394E-5,7.662453766841245E-5,7.538043343785843E-5,7.401437907544542E-4,1.864799147345904E-4,1.4796312432116244E-5,1.3092235384929177E-5,0.005244830576057366,5.35172366844099E-4,1.048275199754926E-4,6.409412667965158E-5,5.19648704408896E-5,3.862619011631256E-5],[7.993955163493897E-4,0.0022478627560988474,0.0015928178219809426,0.0017217376389627418,4.268089148246985E-4,0.004789843726548954,0.0016752552290269804,1.0,0.0019372269045739771,3.5020562250846977E-4,0.007568506227004027,0.0031964045423869755,3.5390066958807106E-4,0.002604832286298256,0.002395055972006958,4.9679417689475E-4,0.0015519452727012514,3.711957259578946E-4,0.0014459779929656658,0.0016569191521564465,0.004224863078448734,0.0012647872545507818,0.0015575167338573225,0.0012869172533925058,2.692651873779562E-4,2.2732968003061146E-4,1.7987946799565805E-4,0.001742456186879539,0.001486111378584968,7.368523347820454E-4,9.36309610167125E-4,4.6843475287782865E-4,1.0898245345812005E-4,0.0015680683763074227,0.0012570038931562016,0.001411211413067854,1.1672622464304437E-4,0.0036304929237657275,0.0012193510354174058,0.0012182218538760406,0.0017028785103164554,0.0010866511532502956,0.0010364581322039599],[0.001060953726713495,0.0027278687736599404,0.0015063118776846248,0.0019349530139241328,6.502507707651424E-4,0.010473935479203212,0.0013448636781691334,0.0019372269045739771,1.0,0.0010465036825885758,0.00730033974073164,0.00256862697016266,7.204618672196828E-4,0.0052445711222594005,0.008680571197971367,0.0011572706603422155,0.001983575068315881,0.0016585320994651192,0.0013338651596642476,0.002111172158347589,0.005752590366439859,0.0019054317932204884,0.0012919503014505718,5.148664457970583E-4,0.0017435902030460918,9.541862493828543E-4,0.0014536945052548184,0.002150994116888288,0.0013287007236187141,6.148039452881552E-4,5.955309151381288E-4,0.00186347333544173,0.0016035969117765112,0.002038996892665247,0.001950108171427475,6.539751641489436E-4,0.0012676007209932727,0.0041099848735855985,0.0012812571777367698,0.0016481847941082542,0.0014643881834959772,0.0018015714696676807,0.0014903573444546448],[1.3174658761958005E-4,0.0010408342380898712,7.523054194346658E-4,0.0012019827525466447,8.305441961878812E-5,0.005746930357654945,1.2001565067338774E-4,3.5020562250846977E-4,0.0010465036825885758,1.0,0.009575065055941826,0.001529694543133691,1.5059328372769298E-4,0.0029996461704039326,0.011232396995279713,1.252386471303525E-4,0.0011998954090864853,1.549269084181415E-4,7.396251977875069E-4,1.3306481660103184E-4,0.010211943745678402,1.1334976288299788E-4,9.190817134874346E-5,1.0996499662472237E-4,2.2825595624768167E-4,1.1259111766727196E-4,1.0824820339524072E-4,1.937139891533151E-4,1.583557951477783E-4,1.4435669818413385E-4,1.799258722922618E-5,1.0850858851559105E-4,1.2029717253551165E-4,5.250031216031993E-4,5.43613132736913E-4,4.60667582609115E-5,9.683924831156704E-5,0.0033245505964892112,0.0010311645533015723,1.2656571220735554E-4,1.3794901145563871E-4,1.2190045955768122E-4,7.898713700119679E-5],[0.007641174316075843,0.007793270343709224,0.01084241531685822,0.0014868461013327957,4.707043604432303E-4,0.01331054048701873,0.010345214577289995,0.007568506227004027,0.00730033974073164,0.009575065055941826,1.0,0.004854629452852866,0.005443873722294838,0.00545910679921555,0.011982772179402136,0.008070073695932453,0.005538342478653627,0.002368851380805057,0.006198658997957346,0.0013691296169175409,0.011542757444478796,0.0037324001085494714,0.0027601527827458647,0.0047414584386035715,0.008766353035417286,0.0014017712894089259,0.002517658500151391,0.0019465993699315646,6.161195940853687E-4,0.00961125980863733,0.010578501296421464,0.01028556498538948,0.003434553081439652,0.010800023690878449,0.010570842727889966,0.003890998253591786,0.009656467289671128,0.009613825644154254,0.008772446160019692,0.009508131621305246,0.0012846900613806425,0.005703805632087653,0.00892941932216886],[0.0027459055200972334,0.003282050848344667,0.0019686696054420517,0.0027622341801238556,1.629072149129007E-4,0.005107299020644271,0.002377458477019458,0.0031964045423869755,0.00256862697016266,0.001529694543133691,0.004854629452852866,1.0,0.003119696370672809,0.004503519557787108,0.004956614253767518,0.0028003746891214596,0.002580779617083163,2.4134462227839686E-4,0.00277205054041044,0.001268000165028591,0.005492280846862267,1.278872437927055E-4,0.0019241698710006439,0.0010044380273408606,0.0014825787071067135,0.001994238493319084,0.0018360087077472634,0.002700507143910055,0.002468711985755079,0.0011221692799333897,4.271440310246605E-4,0.0016810938230748152,8.194929994885701E-4,0.0017968070089195533,0.0020394534992597847,9.194072938303795E-4,3.061763505161327E-4,0.004921533161616892,0.00294283139675596,0.0026130603534836976,0.0022974778961413703,6.154300927017597E-4,5.532258054940041E-4],[1.5946034138251394E-4,0.002470597238366057,2.347602964409765E-4,7.866605415780639E-4,7.772767618200019E-5,0.014072312351011659,3.660829100053413E-5,3.5390066958807106E-4,7.204618672196828E-4,1.5059328372769298E-4,0.005443873722294838,0.003119696370672809,1.0,0.0010673501601132084,0.008558270236853674,7.48916731979425E-5,3.310520561777253E-4,2.015585394204423E-4,5.872697822751443E-4,1.4906748933943008E-4,0.0019606031151173354,9.665474039421032E-5,1.36568883496664E-4,3.0721971348684313E-5,1.6829090725072198E-4,7.728748675786887E-5,1.5670272119975906E-4,2.197544218841904E-4,1.8994736036417805E-4,2.082547822926554E-4,4.317687346070162E-5,1.1943013104085764E-4,1.2057587679958986E-4,9.284440778134721E-4,1.8165697037957073E-4,1.4518655078496872E-4,1.564749966235158E-4,0.005313430043358334,9.600085148334208E-4,1.296792821434095E-4,1.6183457805390842E-4,9.34399962188671E-5,1.5899864033960104E-4],[0.0017313961206241023,0.0029891221745567786,0.002878809404744672,0.0020102528292159543,0.0035596030839944305,0.007886142499538985,0.001967688541585414,0.002604832286298256,0.0052445711222594005,0.0029996461704039326,0.00545910679921555,0.004503519557787108,0.0010673501601132084,1.0,0.01191342484096307,6.409980213452219E-4,0.0034473901795465957,8.005936146753372E-4,0.0048433599355272305,0.0018810973601177793,0.011109929567011997,0.00461900559210313,4.2432855682894197E-4,5.973471378735622E-4,0.0016323320731420742,3.5669993496265453E-4,0.0024692431890037084,0.005187576442220155,0.003990664809466772,0.0045497057950721394,0.002960160462737306,4.3683686489670863E-4,0.0028412773971380726,0.002026931341724392,0.0048142639917980005,7.939193801537156E-4,0.0032578604727859415,0.0053569188417820586,0.002479667418075119,0.0038561941082300567,0.004668035463019025,0.004052298593876543,0.0020148612666489067],[0.0033603983284252246,0.005584523714624463,0.0022615448261383074,0.0067021780007834025,0.0054274392622445915,0.013743215410223702,0.003615459602674215,0.002395055972006958,0.008680571197971367,0.011232396995279713,0.011982772179402136,0.004956614253767518,0.008558270236853674,0.01191342484096307,1.0,0.002845579298492164,0.011014678675046673,0.006268390253213321,0.0071276690331238315,0.001230291818341837,0.011451249090699453,0.008425069215449877,0.005624586560424311,0.005256640636620762,0.002479002217762158,0.0034171853698749927,0.010551466651304978,0.011894570059499288,0.004241570362917774,0.0018416371341966281,0.0059185050441769756,0.007115779316212337,0.008279642406782682,0.008772068598771209,0.00560333968066794,0.011857421701532327,0.002994902576115461,0.009289004074382412,0.0059355846907426894,4.908736443032255E-4,0.007543773403259274,0.0053185139185417075,0.0021295586197818874],[1.0871282257809525E-4,0.0015852764256818453,6.086906658889555E-4,7.4198595584361E-4,4.735394969121427E-5,0.00824957894495957,3.844002903436377E-5,4.9679417689475E-4,0.0011572706603422155,1.252386471303525E-4,0.008070073695932453,0.0028003746891214596,7.48916731979425E-5,6.409980213452219E-4,0.002845579298492164,1.0,3.304122028192115E-4,1.0277545896247068E-4,2.52061694789654E-4,8.925598061525688E-5,0.002662777108706927,2.0914151175892974E-5,2.5650818443980984E-5,1.4381976933526507E-5,1.6920809296268641E-4,4.2240073891252385E-5,3.2242923872314176E-5,1.2187409718836484E-4,6.420036321526151E-5,6.180043277220452E-5,4.4831832516341785E-5,6.475193887331925E-5,7.307618323558825E-5,3.1418436168519136E-4,8.460588626164381E-4,3.1744318786987686E-5,3.987503471033585E-5,0.002766069666242972,8.867744391230289E-4,9.798065008851483E-5,1.1191905405013474E-4,6.41621646293178E-5,5.901667952012542E-5],[0.0010679170644492262,0.0026080558626094077,0.001523901079383801,0.0013737781854186288,0.0012395220563555034,0.01383517397517075,4.2030261905221574E-4,0.0015519452727012514,0.001983575068315881,0.0011998954090864853,0.005538342478653627,0.002580779617083163,3.310520561777253E-4,0.0034473901795465957,0.011014678675046673,3.304122028192115E-4,1.0,6.686952989009055E-4,0.0014085208105660142,0.0011429587973572004,0.0034771649881088036,1.3433513893253496E-4,0.001303823937504889,0.0014315089035956874,8.988471418982867E-4,7.369570076443598E-4,0.0012898504967242884,7.296353674138709E-4,0.0015363962785588665,3.0952730524728885E-4,9.291805025638252E-4,0.001084137866047651,8.735051312991509E-4,0.0012886691642140546,0.001513347907904394,4.7202459665582775E-4,4.466879186679254E-4,0.0047615715370187255,0.0014033115377243947,6.339959914051908E-4,0.0013661844150945329,0.0014314028653509597,3.1418485975869367E-4],[1.7034199649822613E-4,0.0013006518045730066,6.037821720625451E-4,9.465853522782409E-4,1.4844876895877133E-4,0.00732674109228899,8.966822036906553E-5,3.711957259578946E-4,0.0016585320994651192,1.549269084181415E-4,0.002368851380805057,2.4134462227839686E-4,2.015585394204423E-4,8.005936146753372E-4,0.006268390253213321,1.0277545896247068E-4,6.686952989009055E-4,1.0,6.002413093596987E-4,1.747362448281944E-4,0.008731259472975797,1.9450860970459936E-4,1.823775070204555E-4,1.1063806727996757E-4,2.1176251144956683E-4,6.543811859328492E-5,1.369720076154985E-4,2.2106633849257575E-4,2.0521406516701225E-4,2.1045376925669845E-4,1.0361673846815724E-4,1.655485800311919E-4,1.7673790699747918E-4,3.6178718638976573E-4,3.328514792195402E-4,1.714101374315027E-4,1.866466657848106E-4,0.001736876547165576,5.144224397219797E-4,1.6614010034441816E-4,1.9161963569162173E-4,1.564807145671405E-4,1.92313117848397E-4],[8.649366345265426E-4,0.001589039181324184,0.001328137966856223,0.0011974170024993344,7.603675892260752E-4,0.0017654169169202508,3.7030819791483927E-4,0.0014459779929656658,0.0013338651596642476,7.396251977875069E-4,0.006198658997957346,0.00277205054041044,5.872697822751443E-4,0.0048433599355272305,0.0071276690331238315,2.52061694789654E-4,0.0014085208105660142,6.002413093596987E-4,1.0,9.454257772881174E-4,0.004715241637330862,0.00100545522995069,5.407438453473382E-4,3.921999623282206E-5,2.8332675496807545E-4,6.713353251093999E-4,5.146609496606019E-5,6.498879736250654E-4,5.23313893325509E-4,0.0010379531577334657,8.352942473659867E-4,7.086314495352426E-4,8.673214224378946E-4,0.0011039001339024242,0.0011220188522139932,0.0010740671156974624,7.498755856413723E-4,0.005211906972357187,0.0010766558462609556,8.872724944098249E-4,8.779636097476998E-4,8.294031753853207E-4,1.2049246090819948E-4],[1.2456762486889614E-4,0.0011001778304197871,7.241697795399471E-4,2.7436506067362925E-4,1.2192014556951078E-4,0.01327200470215595,3.453820790669993E-5,0.0016569191521564465,0.002111172158347589,1.3306481660103184E-4,0.0013691296169175409,0.001268000165028591,1.4906748933943008E-4,0.0018810973601177793,0.001230291818341837,8.925598061525688E-5,0.0011429587973572004,1.747362448281944E-4,9.454257772881174E-4,1.0,0.008649439700011117,4.68057559837129E-5,6.119352731244148E-5,1.160630191144064E-4,1.7172714448749702E-4,1.2100631960577312E-4,9.752362725823038E-5,1.9031726205820713E-4,1.8585360445423047E-4,1.5460819781739534E-4,9.433631644995943E-5,1.1965594023369309E-4,1.115989343146786E-4,2.3884362865673792E-4,0.0010319442368303758,7.71549664796335E-5,8.894161214950929E-5,0.0025403461885203024,0.0011334475067493867,1.222969268382942E-4,1.5677807250399214E-4,1.1171202646090635E-4,9.529765738816221E-5],[0.004767332482206471,0.007209034944616468,0.010795354348890203,0.010734911620099069,0.007726845994020051,0.01268037091327124,0.005056413438214828,0.004224863078448734,0.005752590366439859,0.010211943745678402,0.011542757444478796,0.005492280846862267,0.0019606031151173354,0.011109929567011997,0.011451249090699453,0.002662777108706927,0.0034771649881088036,0.008731259472975797,0.004715241637330862,0.008649439700011117,1.0,0.003676076554986711,0.002601653849814608,0.0053108281702974845,9.507215201867379E-4,0.001059808532631044,0.008302341796576173,0.0052546607218509995,0.003905571910808037,0.008785861001065586,0.009057585673372113,0.004570682090336597,0.005598086860882013,0.005214941245383931,0.00512107623463345,0.007441685602974979,0.004985555405574109,0.0065493126747673495,0.008835015052702113,8.533027784538559E-4,0.0075732702083803425,0.008371990267204083,0.010364964779191977],[1.0912986463719297E-4,0.0017777642704779606,9.601468153809275E-4,5.753858003879446E-4,2.030397880500642E-5,0.011672593272592756,1.5401117831594752E-5,0.0012647872545507818,0.0019054317932204884,1.1334976288299788E-4,0.0037324001085494714,1.278872437927055E-4,9.665474039421032E-5,0.00461900559210313,0.008425069215449877,2.0914151175892974E-5,1.3433513893253496E-4,1.9450860970459936E-4,0.00100545522995069,4.68057559837129E-5,0.003676076554986711,1.0,1.6481094884028833E-5,1.4763607281197006E-5,2.000255313803704E-4,2.0566647690663637E-5,1.4550640269747764E-5,8.710245923638878E-5,1.5692797820344385E-4,1.2181260361570289E-4,1.5421268144739482E-5,9.028049225051364E-5,6.0932785316155426E-5,9.052883161608898E-4,4.7701977900169303E-4,1.5776278355164574E-5,1.4075709839519822E-5,0.003908002974462217,6.025111698870182E-4,1.9679921635038007E-5,1.1028065708930854E-4,3.783270789361269E-5,3.9350965706053306E-5],[2.476758777179543E-5,3.7474973407205424E-4,9.84096959195184E-4,8.997414509852725E-4,2.255161311072468E-5,0.009900434852920584,1.5104704958214675E-5,0.0015575167338573225,0.0012919503014505718,9.190817134874346E-5,0.0027601527827458647,0.0019241698710006439,1.36568883496664E-4,4.2432855682894197E-4,0.005624586560424311,2.5650818443980984E-5,0.001303823937504889,1.823775070204555E-4,5.407438453473382E-4,6.119352731244148E-5,0.002601653849814608,1.6481094884028833E-5,1.0,1.4892655375092099E-5,2.1585794403851665E-4,1.923910446024594E-5,1.4943601317916193E-5,4.210409330008247E-5,8.208651357565175E-5,1.3491091595235305E-4,1.5833001186002288E-5,9.379856106183452E-5,5.5184870045119384E-5,3.6623068868707324E-4,9.051828699240944E-4,1.5908780054374658E-5,1.2208656108585589E-5,0.002460072009511429,1.6053618357396492E-4,7.265560298403155E-5,1.2174146182609042E-4,3.125449555178095E-5,2.7114622540782134E-5],[2.2271354325721088E-5,6.468843113181681E-5,4.1362614069352194E-4,1.4942309390903567E-4,2.1986434776484843E-5,0.012546363607157258,1.3668490562755357E-5,0.0012869172533925058,5.148664457970583E-4,1.0996499662472237E-4,0.0047414584386035715,0.0010044380273408606,3.0721971348684313E-5,5.973471378735622E-4,0.005256640636620762,1.4381976933526507E-5,0.0014315089035956874,1.1063806727996757E-4,3.921999623282206E-5,1.160630191144064E-4,0.0053108281702974845,1.4763607281197006E-5,1.4892655375092099E-5,1.0,1.964553507107136E-4,1.5625622645704486E-5,1.0259376805872284E-5,2.1405111734384857E-4,1.5045560416038293E-4,1.6668890452921259E-4,1.3446541079614053E-5,8.521700800970861E-5,6.89967308669398E-5,0.001074628728217184,2.336889592239973E-4,1.3913501190690546E-5,1.0434754881111701E-5,0.00282994909197719,0.0011163411739734158,5.843515772799829E-5,1.4949541155092656E-5,8.021775500456079E-5,1.7785801701828787E-5],[1.9789130990638452E-4,0.0018985674486836097,9.791882498005734E-4,0.0010479334542477323,2.0318190153113493E-4,0.00790117502739267,6.659063685474223E-5,2.692651873779562E-4,0.0017435902030460918,2.2825595624768167E-4,0.008766353035417286,0.0014825787071067135,1.6829090725072198E-4,0.0016323320731420742,0.002479002217762158,1.6920809296268641E-4,8.988471418982867E-4,2.1176251144956683E-4,2.8332675496807545E-4,1.7172714448749702E-4,9.507215201867379E-4,2.000255313803704E-4,2.1585794403851665E-4,1.964553507107136E-4,1.0,1.548550230354494E-4,9.68555712574787E-5,2.384397481177272E-4,2.358457360344814E-4,2.3368108006314035E-4,3.46843210247903E-5,1.5435059246433257E-4,1.2287588705002815E-4,8.580372329838039E-4,0.0010903717643966104,1.2220012728548287E-4,7.716856735076412E-5,6.21690593682699E-4,0.001205061805556463,1.862217802168895E-4,1.8120724442969476E-4,1.1003304564979451E-4,2.2529876892999885E-4],[3.2877149611743855E-5,0.002357062354745688,3.62869018563197E-4,3.591355996710664E-4,2.4744632944700594E-5,0.011342455085137997,1.571236402965527E-5,2.2732968003061146E-4,9.541862493828543E-4,1.1259111766727196E-4,0.0014017712894089259,0.001994238493319084,7.728748675786887E-5,3.5669993496265453E-4,0.0034171853698749927,4.2240073891252385E-5,7.369570076443598E-4,6.543811859328492E-5,6.713353251093999E-4,1.2100631960577312E-4,0.001059808532631044,2.0566647690663637E-5,1.923910446024594E-5,1.5625622645704486E-5,1.548550230354494E-4,1.0,1.671307406522708E-5,4.9216560295705114E-5,1.464896357589011E-4,1.0615093383857918E-4,1.7185343608908903E-5,3.345270790135859E-5,6.959839789908713E-5,8.848811449133998E-4,7.569939551654925E-4,1.945370506233132E-5,1.537136609453446E-5,6.954101151721747E-5,1.727273848875806E-4,3.847549020670376E-5,6.234195540776377E-5,7.621437345448182E-5,3.9730584224805754E-5],[8.655746238667705E-5,0.0017673166903171863,0.0014417521678744064,2.279882065006101E-4,2.6568671361982155E-5,0.002852140379591806,1.4327577112930128E-5,1.7987946799565805E-4,0.0014536945052548184,1.0824820339524072E-4,0.002517658500151391,0.0018360087077472634,1.5670272119975906E-4,0.0024692431890037084,0.010551466651304978,3.2242923872314176E-5,0.0012898504967242884,1.369720076154985E-4,5.146609496606019E-5,9.752362725823038E-5,0.008302341796576173,1.4550640269747764E-5,1.4943601317916193E-5,1.0259376805872284E-5,9.68555712574787E-5,1.671307406522708E-5,1.0,2.0597748366894337E-4,6.0725708005897344E-5,7.256730006828536E-5,1.2703137099680169E-5,1.0702876437186592E-4,2.0534050739900973E-5,1.9339961721214044E-4,2.882610105156785E-4,1.4070010417058984E-5,1.0014718757294848E-5,7.481557752476537E-4,6.170388687091852E-5,8.631867051572593E-5,1.2908477294928117E-4,1.6075007691116405E-5,1.0417631705511992E-5],[2.2714621103018997E-4,0.0022237121531699273,0.0012496803669666942,7.575869009469205E-4,1.418076493510031E-4,0.005736092457261865,8.240762959961058E-5,0.001742456186879539,0.002150994116888288,1.937139891533151E-4,0.0019465993699315646,0.002700507143910055,2.197544218841904E-4,0.005187576442220155,0.011894570059499288,1.2187409718836484E-4,7.296353674138709E-4,2.2106633849257575E-4,6.498879736250654E-4,1.9031726205820713E-4,0.0052546607218509995,8.710245923638878E-5,4.210409330008247E-5,2.1405111734384857E-4,2.384397481177272E-4,4.9216560295705114E-5,2.0597748366894337E-4,1.0,2.1192565998102465E-4,2.3827114367785222E-4,1.705548980028198E-4,2.167824588862402E-4,1.1332358491882632E-4,0.0010791711764709397,9.648889962605611E-4,1.1304374714352318E-4,2.1354222632224485E-4,9.264068820991878E-4,5.831288452132396E-4,2.0348993146191753E-4,2.3880620407377404E-4,1.2843613559093383E-4,1.7877177869085847E-4],[1.852197043356031E-4,0.0026264342575205483,3.245616612166443E-4,0.001140469862688077,1.4047163731310586E-4,0.005760470541010252,1.7494602424795641E-4,0.001486111378584968,0.0013287007236187141,1.583557951477783E-4,6.161195940853687E-4,0.002468711985755079,1.8994736036417805E-4,0.003990664809466772,0.004241570362917774,6.420036321526151E-5,0.0015363962785588665,2.0521406516701225E-4,5.23313893325509E-4,1.8585360445423047E-4,0.003905571910808037,1.5692797820344385E-4,8.208651357565175E-5,1.5045560416038293E-4,2.358457360344814E-4,1.464896357589011E-4,6.0725708005897344E-5,2.1192565998102465E-4,1.0,2.0960709496231083E-4,8.189571482479711E-5,1.606588159082338E-4,1.4834744097075897E-4,3.3470507105081934E-4,5.320864731764524E-4,7.639391790087977E-5,1.1188563525405196E-4,0.002603941818267219,6.475800892635795E-4,1.7232239879425305E-4,1.8505212785244836E-4,9.513405786700257E-5,1.72935693975819E-4],[1.4321841542630427E-4,0.002356077013156995,3.512772564897644E-4,4.3347586466633095E-4,1.911404141680168E-4,0.005043048697356587,9.349844114641647E-5,7.368523347820454E-4,6.148039452881552E-4,1.4435669818413385E-4,0.00961125980863733,0.0011221692799333897,2.082547822926554E-4,0.0045497057950721394,0.0018416371341966281,6.180043277220452E-5,3.0952730524728885E-4,2.1045376925669845E-4,0.0010379531577334657,1.5460819781739534E-4,0.008785861001065586,1.2181260361570289E-4,1.3491091595235305E-4,1.6668890452921259E-4,2.3368108006314035E-4,1.0615093383857918E-4,7.256730006828536E-5,2.3827114367785222E-4,2.0960709496231083E-4,1.0,3.255074817401664E-5,1.7665797621557418E-4,1.2635234839267315E-4,2.6243688431547643E-4,0.0011120189534352895,4.7966219092331647E-5,1.574997942507077E-4,8.821674482310645E-4,3.587704331358537E-4,1.3274950793924919E-4,1.8115399063738577E-4,9.305099209108361E-5,1.519316976558313E-4],[1.1847341447307469E-4,0.0015385140254690118,5.267340867885355E-4,2.646522386222484E-4,2.370607019642863E-5,0.001923800795709823,1.4147582177707394E-5,9.36309610167125E-4,5.955309151381288E-4,1.799258722922618E-5,0.010578501296421464,4.271440310246605E-4,4.317687346070162E-5,0.002960160462737306,0.0059185050441769756,4.4831832516341785E-5,9.291805025638252E-4,1.0361673846815724E-4,8.352942473659867E-4,9.433631644995943E-5,0.009057585673372113,1.5421268144739482E-5,1.5833001186002288E-5,1.3446541079614053E-5,3.46843210247903E-5,1.7185343608908903E-5,1.2703137099680169E-5,1.705548980028198E-4,8.189571482479711E-5,3.255074817401664E-5,1.0,1.0767593505465046E-4,4.335797677496488E-5,9.007728779169332E-5,2.394387786080668E-4,1.5551621354765438E-5,1.2089768253173265E-5,3.418171329193458E-5,0.0011163784417723497,1.1359773186416763E-4,1.6087010506280174E-4,3.5444548763156615E-5,3.898905490163869E-5],[1.1258533872145341E-4,4.333335121840956E-4,9.02107142598967E-4,3.4304377554355365E-4,3.878142862648387E-5,0.009896452884007157,7.662453766841245E-5,4.6843475287782865E-4,0.00186347333544173,1.0850858851559105E-4,0.01028556498538948,0.0016810938230748152,1.1943013104085764E-4,4.3683686489670863E-4,0.007115779316212337,6.475193887331925E-5,0.001084137866047651,1.655485800311919E-4,7.086314495352426E-4,1.1965594023369309E-4,0.004570682090336597,9.028049225051364E-5,9.379856106183452E-5,8.521700800970861E-5,1.5435059246433257E-4,3.345270790135859E-5,1.0702876437186592E-4,2.167824588862402E-4,1.606588159082338E-4,1.7665797621557418E-4,1.0767593505465046E-4,1.0,1.0753783047305083E-4,7.392417267965158E-4,7.687982360649874E-4,8.65880108622925E-5,5.3451993795107134E-5,0.00244952149285377,0.0011341088103561303,1.1114194204567474E-4,1.3979008023707966E-4,9.584851184079484E-5,7.085307015338948E-5],[1.1770923366027596E-4,2.0212568378496807E-4,2.644946167596184E-4,2.424582220603084E-4,8.728776337525421E-5,7.797871917290516E-4,7.538043343785843E-5,1.0898245345812005E-4,0.0016035969117765112,1.2029717253551165E-4,0.003434553081439652,8.194929994885701E-4,1.2057587679958986E-4,0.0028412773971380726,0.008279642406782682,7.307618323558825E-5,8.735051312991509E-4,1.7673790699747918E-4,8.673214224378946E-4,1.115989343146786E-4,0.005598086860882013,6.0932785316155426E-5,5.5184870045119384E-5,6.89967308669398E-5,1.2287588705002815E-4,6.959839789908713E-5,2.0534050739900973E-5,1.1332358491882632E-4,1.4834744097075897E-4,1.2635234839267315E-4,4.335797677496488E-5,1.0753783047305083E-4,1.0,9.448000164444205E-4,3.595926087831161E-4,8.48298915070358E-5,2.9846392840005885E-5,0.005380233286570478,0.0010487845214867094,9.97123770106188E-5,1.2259578634870965E-4,9.608445133907428E-5,9.364756498813463E-5],[5.840141274787757E-4,0.0027324804038451906,0.0013236084579546674,0.0011715742803327762,9.930709386651506E-4,0.011423822280284171,7.401437907544542E-4,0.0015680683763074227,0.002038996892665247,5.250031216031993E-4,0.010800023690878449,0.0017968070089195533,9.284440778134721E-4,0.002026931341724392,0.008772068598771209,3.1418436168519136E-4,0.0012886691642140546,3.6178718638976573E-4,0.0011039001339024242,2.3884362865673792E-4,0.005214941245383931,9.052883161608898E-4,3.6623068868707324E-4,0.001074628728217184,8.580372329838039E-4,8.848811449133998E-4,1.9339961721214044E-4,0.0010791711764709397,3.3470507105081934E-4,2.6243688431547643E-4,9.007728779169332E-5,7.392417267965158E-4,9.448000164444205E-4,1.0,0.0011295798555520924,9.844497435574902E-4,7.559910071815375E-4,0.0048400861908570805,0.00120991193445789,6.756992303301867E-4,8.069923220595536E-4,9.347102501277955E-4,9.096275252647164E-4],[9.327660144740014E-4,0.00173258163391085,0.0013042043304862317,0.0012154940628453046,8.399166358035232E-4,0.012912749868113815,1.864799147345904E-4,0.0012570038931562016,0.001950108171427475,5.43613132736913E-4,0.010570842727889966,0.0020394534992597847,1.8165697037957073E-4,0.0048142639917980005,0.00560333968066794,8.460588626164381E-4,0.001513347907904394,3.328514792195402E-4,0.0011220188522139932,0.0010319442368303758,0.00512107623463345,4.7701977900169303E-4,9.051828699240944E-4,2.336889592239973E-4,0.0010903717643966104,7.569939551654925E-4,2.882610105156785E-4,9.648889962605611E-4,5.320864731764524E-4,0.0011120189534352895,2.394387786080668E-4,7.687982360649874E-4,3.595926087831161E-4,0.0011295798555520924,1.0,5.595274748076592E-4,9.327204289784617E-4,0.004709210968015017,0.0011653180618219725,7.269415477095659E-4,8.586864692408782E-4,4.0889006939690746E-4,3.5123454080187926E-4],[2.0220801218542074E-5,0.0010876042176289121,0.0013665412083592764,0.0011113123989006692,1.7922755870746127E-5,0.013341381903124882,1.4796312432116244E-5,0.001411211413067854,6.539751641489436E-4,4.60667582609115E-5,0.003890998253591786,9.194072938303795E-4,1.4518655078496872E-4,7.939193801537156E-4,0.011857421701532327,3.1744318786987686E-5,4.7202459665582775E-4,1.714101374315027E-4,0.0010740671156974624,7.71549664796335E-5,0.007441685602974979,1.5776278355164574E-5,1.5908780054374658E-5,1.3913501190690546E-5,1.2220012728548287E-4,1.945370506233132E-5,1.4070010417058984E-5,1.1304374714352318E-4,7.639391790087977E-5,4.7966219092331647E-5,1.5551621354765438E-5,8.65880108622925E-5,8.48298915070358E-5,9.844497435574902E-4,5.595274748076592E-4,1.0,1.216508587256046E-5,5.248061799767411E-4,5.694228674632843E-4,4.6887427699886385E-5,1.472886136761415E-4,7.805668932519533E-5,3.289874753138548E-5],[8.534629361370226E-5,0.0010598019451576379,0.0013773202507425674,3.5796233645201753E-4,1.1635825695403394E-5,0.00415912151326066,1.3092235384929177E-5,1.1672622464304437E-4,0.0012676007209932727,9.683924831156704E-5,0.009656467289671128,3.061763505161327E-4,1.564749966235158E-4,0.0032578604727859415,0.002994902576115461,3.987503471033585E-5,4.466879186679254E-4,1.866466657848106E-4,7.498755856413723E-4,8.894161214950929E-5,0.004985555405574109,1.4075709839519822E-5,1.2208656108585589E-5,1.0434754881111701E-5,7.716856735076412E-5,1.537136609453446E-5,1.0014718757294848E-5,2.1354222632224485E-4,1.1188563525405196E-4,1.574997942507077E-4,1.2089768253173265E-5,5.3451993795107134E-5,2.9846392840005885E-5,7.559910071815375E-4,9.327204289784617E-4,1.216508587256046E-5,1.0,0.0025480703579443833,9.53114242264399E-4,1.9382294537959552E-5,1.367582706221432E-4,2.395937922502594E-5,3.7565868643041973E-5],[0.0022169472919914093,0.004276876785715831,0.002291387801498467,0.001628137615205768,0.0052709546148606195,0.01296156253192584,0.005244830576057366,0.0036304929237657275,0.0041099848735855985,0.0033245505964892112,0.009613825644154254,0.004921533161616892,0.005313430043358334,0.0053569188417820586,0.009289004074382412,0.002766069666242972,0.0047615715370187255,0.001736876547165576,0.005211906972357187,0.0025403461885203024,0.0065493126747673495,0.003908002974462217,0.002460072009511429,0.00282994909197719,6.21690593682699E-4,6.954101151721747E-5,7.481557752476537E-4,9.264068820991878E-4,0.002603941818267219,8.821674482310645E-4,3.418171329193458E-5,0.00244952149285377,0.005380233286570478,0.0048400861908570805,0.004709210968015017,5.248061799767411E-4,0.0025480703579443833,1.0,0.004413154517753648,0.00539630952267314,0.003403305660175117,5.716782395297755E-4,0.0029003015235542547],[0.0011426721103164502,0.001613380312822448,0.0012392984125043913,0.0012420229330178858,9.94289115974918E-4,0.013799951000759416,5.35172366844099E-4,0.0012193510354174058,0.0012812571777367698,0.0010311645533015723,0.008772446160019692,0.00294283139675596,9.600085148334208E-4,0.002479667418075119,0.0059355846907426894,8.867744391230289E-4,0.0014033115377243947,5.144224397219797E-4,0.0010766558462609556,0.0011334475067493867,0.008835015052702113,6.025111698870182E-4,1.6053618357396492E-4,0.0011163411739734158,0.001205061805556463,1.727273848875806E-4,6.170388687091852E-5,5.831288452132396E-4,6.475800892635795E-4,3.587704331358537E-4,0.0011163784417723497,0.0011341088103561303,0.0010487845214867094,0.00120991193445789,0.0011653180618219725,5.694228674632843E-4,9.53114242264399E-4,0.004413154517753648,1.0,0.0011375559174348368,3.349550197881315E-4,5.637460413474826E-4,9.675579987155178E-4],[1.2076207327259844E-4,0.0010502564947122608,0.0011718981528929008,1.444404930934791E-4,1.1474523287276128E-4,0.00792042909278774,1.048275199754926E-4,0.0012182218538760406,0.0016481847941082542,1.2656571220735554E-4,0.009508131621305246,0.0026130603534836976,1.296792821434095E-4,0.0038561941082300567,4.908736443032255E-4,9.798065008851483E-5,6.339959914051908E-4,1.6614010034441816E-4,8.872724944098249E-4,1.222969268382942E-4,8.533027784538559E-4,1.9679921635038007E-5,7.265560298403155E-5,5.843515772799829E-5,1.862217802168895E-4,3.847549020670376E-5,8.631867051572593E-5,2.0348993146191753E-4,1.7232239879425305E-4,1.3274950793924919E-4,1.1359773186416763E-4,1.1114194204567474E-4,9.97123770106188E-5,6.756992303301867E-4,7.269415477095659E-4,4.6887427699886385E-5,1.9382294537959552E-5,0.00539630952267314,0.0011375559174348368,1.0,1.2636787424561503E-4,9.697462876675074E-5,8.912832466208707E-5],[1.3949190898664103E-4,0.0019933704509537582,9.139612174727465E-4,6.815712224606609E-4,8.784004130909323E-5,0.004269072281272668,6.409412667965158E-5,0.0017028785103164554,0.0014643881834959772,1.3794901145563871E-4,0.0012846900613806425,0.0022974778961413703,1.6183457805390842E-4,0.004668035463019025,0.007543773403259274,1.1191905405013474E-4,0.0013661844150945329,1.9161963569162173E-4,8.779636097476998E-4,1.5677807250399214E-4,0.0075732702083803425,1.1028065708930854E-4,1.2174146182609042E-4,1.4949541155092656E-5,1.8120724442969476E-4,6.234195540776377E-5,1.2908477294928117E-4,2.3880620407377404E-4,1.8505212785244836E-4,1.8115399063738577E-4,1.6087010506280174E-4,1.3979008023707966E-4,1.2259578634870965E-4,8.069923220595536E-4,8.586864692408782E-4,1.472886136761415E-4,1.367582706221432E-4,0.003403305660175117,3.349550197881315E-4,1.2636787424561503E-4,1.0,1.4839899157056513E-4,9.669106473188013E-5],[9.055494662282063E-5,0.001032591231684739,4.088469036637935E-4,8.445269296429453E-4,3.430267541423891E-5,0.008566917456223639,5.19648704408896E-5,0.0010866511532502956,0.0018015714696676807,1.2190045955768122E-4,0.005703805632087653,6.154300927017597E-4,9.34399962188671E-5,0.004052298593876543,0.0053185139185417075,6.41621646293178E-5,0.0014314028653509597,1.564807145671405E-4,8.294031753853207E-4,1.1171202646090635E-4,0.008371990267204083,3.783270789361269E-5,3.125449555178095E-5,8.021775500456079E-5,1.1003304564979451E-4,7.621437345448182E-5,1.6075007691116405E-5,1.2843613559093383E-4,9.513405786700257E-5,9.305099209108361E-5,3.5444548763156615E-5,9.584851184079484E-5,9.608445133907428E-5,9.347102501277955E-4,4.0889006939690746E-4,7.805668932519533E-5,2.395937922502594E-5,5.716782395297755E-4,5.637460413474826E-4,9.697462876675074E-5,1.4839899157056513E-4,1.0,8.052486308433644E-5],[6.5927288528546E-5,0.002574578497327694,0.0012361583704000956,8.759914944203055E-4,3.3679185076117735E-5,4.2165055183121823E-4,3.862619011631256E-5,0.0010364581322039599,0.0014903573444546448,7.898713700119679E-5,0.00892941932216886,5.532258054940041E-4,1.5899864033960104E-4,0.0020148612666489067,0.0021295586197818874,5.901667952012542E-5,3.1418485975869367E-4,1.92313117848397E-4,1.2049246090819948E-4,9.529765738816221E-5,0.010364964779191977,3.9350965706053306E-5,2.7114622540782134E-5,1.7785801701828787E-5,2.2529876892999885E-4,3.9730584224805754E-5,1.0417631705511992E-5,1.7877177869085847E-4,1.72935693975819E-4,1.519316976558313E-4,3.898905490163869E-5,7.085307015338948E-5,9.364756498813463E-5,9.096275252647164E-4,3.5123454080187926E-4,3.289874753138548E-5,3.7565868643041973E-5,0.0029003015235542547,9.675579987155178E-4,8.912832466208707E-5,9.669106473188013E-5,8.052486308433644E-5,1.0]]