[[1.0,2.258788105537265E-4,2.0950939777753734E-4,1.7400652418194548E-4,2.7730436096598326E-4,8.826817887748004E-4,4.167680963417899E-4,9.783738066735303E-4,1.5864561653440232E-4,1.6073119314168147E-4,0.001108305387601144,1.7213853653134763E-4,2.7403879185608715E-4,1.917065809372743E-4,4.166112275750599E-5,2.56169932267233E-4,2.4034176875168808E-4,2.3585173846559708E-4,0.0012042540694473223,2.4287983838304286E-4,2.548110287593872E-4,2.101678997315694E-4,0.0014463266352989757,2.1932634301007287E-4,1.5949148043892198E-4,6.249166924152413E-4,2.4066537748051683E-4,2.1122932772192743E-4,7.260740213261054E-5,0.00553282009091849,2.8754430549609124E-4,4.027810667498545E-4,2.652227304495526E-4,2.2982873385091155E-4,6.601744505695846E-4,4.0160358467926865E-4,3.667700931702851E-4,3.856693670353499E-4,2.1134421129269997E-4,0.002103379125136127,0.0026737544441638047,0.0014462982760086339,2.4377373875328432E-4,2.787184520562958E-4,0.0011111858092758874,0.001034091103215878,1.136389289062593E-4,1.99913532918416E-4,0.0011209113936458733,1.3941407274475806E-4,2.418110172347546E-4,2.3231607382318418E-4],[2.258788105537265E-4,1.0,1.729626053603617E-4,6.466935593425256E-5,1.5057294877949298E-4,0.0010970422144341446,4.706159642156333E-4,0.0012298539185122653,1.1338215396120181E-4,1.1321183268983039E-4,0.040334566719900676,1.1936750115943692E-4,2.447261661422447E-4,1.085842545831458E-4,2.5659288015316877E-5,0.001325930792214599,1.5997395689130455E-4,2.2814365737494505E-4,7.656042320542721E-4,2.053609854399866E-4,2.701214498906109E-4,1.175320838884996E-4,4.956160716072919E-4,1.733044187759539E-4,1.1854106655526304E-4,0.0019628820084032945,1.8277853840045278E-4,1.3670943730335956E-4,8.253996981447056E-5,0.0027471686268275915,2.2797066785716736E-4,1.8460285787421033E-4,1.4394245795145363E-4,1.1258715760312056E-4,0.0013085292062410278,4.263489083711991E-4,0.0013928489468781114,3.3438991226784426E-4,1.2835869309762177E-4,0.001092737284567839,0.003913200997217364,0.0017987460134722447,1.5736881670006794E-4,4.652384216427434E-4,1.3589381797266193E-4,0.0010192745592549905,9.157303497207134E-5,7.731585022170044E-5,3.854563184665116E-4,8.369125882851554E-5,1.4861209081459028E-4,1.3344868636911398E-4],[2.0950939777753734E-4,1.729626053603617E-4,1.0,1.8924195448961757E-4,2.4172412564486424E-4,2.51083150036202E-4,4.3712463742375267E-4,0.0013348416226138613,1.2392321045137468E-4,1.3889895180367495E-4,0.024122888677520826,1.8118060198076918E-4,7.299065167725312E-4,1.6264247916233305E-4,3.615950008450231E-5,0.00278489935444034,1.9213525295899705E-4,1.9892850032686681E-4,8.410454959908707E-4,1.942819770238512E-4,3.1289978508782163E-4,1.5999618700730884E-4,0.002190361523319092,1.9143462635485973E-4,1.5645114194639683E-4,0.0019017159111395074,2.604091180309461E-4,1.9738011257898895E-4,1.8945265495140024E-4,0.005601433155771574,2.2279200369905412E-4,8.401324793425709E-4,2.7736371918088133E-4,1.6454323693506297E-4,0.0011949717787281676,2.3470419584817765E-4,0.0013403433615671815,2.603727591946127E-4,1.6428087795645005E-4,0.0010323881500677757,0.0011112675902022683,0.0015769591615136542,2.3421020977407815E-4,2.4473392971771836E-4,0.0011658630953991114,3.4540825615304535E-4,9.874314989159584E-5,2.5297309180631603E-5,0.00115093178835194,1.7661821789369963E-4,2.837046701826594E-4,1.9030365829190255E-4],[1.7400652418194548E-4,6.466935593425256E-5,1.8924195448961757E-4,1.0,4.6404396068766E-5,1.7390802938469294E-4,5.016222674297759E-4,0.0011233546033724631,1.6419785284703583E-5,8.154400605894145E-5,0.03808456624955913,4.496230441414476E-5,3.6444827553048995E-5,1.6450652324861655E-5,1.7476736028716592E-5,0.0025295397411615045,1.319871560020887E-4,1.055294884759529E-4,6.07722905281928E-5,2.2618197451224054E-4,3.207140217589026E-4,4.973802057219727E-5,0.0023139577956176826,9.153464090432711E-5,3.945224035869519E-5,0.0013177972296836986,2.0468836378234882E-4,1.9675617937542974E-4,1.625326034750037E-5,0.019559139562893096,8.348143368379026E-5,7.087505843338232E-4,1.1876372176968428E-4,4.945731688675329E-5,0.0012293632639051241,1.1283869251986793E-4,0.001858961499810788,3.9399345154055915E-4,7.154241825020002E-5,0.0024489698133225014,0.004907303866057749,0.0016073866240397007,2.5894988814370414E-5,1.490428899982185E-4,2.7467875427594947E-4,0.0011966769345160522,7.924868885200121E-5,1.620826447247564E-5,1.5199521514240572E-4,5.621921280644209E-5,2.0074197300535532E-4,1.1753818253282952E-4],[2.7730436096598326E-4,1.5057294877949298E-4,2.4172412564486424E-4,4.6404396068766E-5,1.0,3.4033667384250377E-4,4.1341952516816465E-4,4.8118762975513237E-4,2.788039977342384E-4,2.821651953425884E-4,0.01490437879463518,2.3056292213777005E-4,0.0010373484699289712,1.4916282950242776E-4,2.1240775459842854E-4,8.54359754079064E-4,2.941229906001809E-4,2.8791943748572536E-4,6.06133772454632E-4,2.747152944968927E-4,3.1400563415684294E-4,2.168347626332254E-4,0.0017321687905890257,2.5821907799256327E-4,1.7168273682132532E-4,7.580715649063597E-4,3.1725478767407017E-4,2.7792670263854973E-4,1.3652512341460233E-5,0.0034931983393692843,3.0034366751994465E-4,0.0012886796275063902,3.1278179607139114E-4,2.7671173802674607E-4,0.0010154407893816796,3.768124628159935E-4,0.0023951947413446664,4.174751524557177E-4,2.795312386435536E-4,0.0014754578695628162,0.0015421534281192034,0.0017311350355000304,2.8249566525094766E-4,4.91232009608718E-4,0.001133408601631173,0.0010272970805433477,1.580832353648855E-4,3.262331558080173E-5,0.001004285359808091,9.455379381425958E-5,2.9906735118035295E-4,2.3302049573553413E-4],[8.826817887748004E-4,0.0010970422144341446,2.51083150036202E-4,1.7390802938469294E-4,3.4033667384250377E-4,1.0,0.0012996307712957568,0.0014073489340602834,0.0010380180622489427,1.611299994701886E-4,0.017396955986337108,8.140842936896458E-4,0.0013406059251389523,0.001018633894325838,6.048614293470115E-5,0.003215345606909085,4.889486064786321E-4,6.97356556819496E-4,0.0013830464837962973,0.001280212525741132,0.0010197050483703202,2.855635889741641E-4,0.0017213715563212451,2.580020524786353E-4,4.580344098058729E-4,0.0020429021418313844,0.0013467192596505926,5.210284736133884E-4,1.8800348412880937E-4,0.00722442723800268,6.467352081952673E-4,0.0014156973921865563,0.0012112236465501068,7.659108067708282E-4,0.0014618766609504797,0.0013575373870992088,0.0020075817917335082,6.944967567954748E-4,0.0011745945103791508,0.002366619592404804,0.003404607971175106,0.001549621467948179,9.04886185367009E-4,8.44379884367742E-4,0.0013916649995525754,0.0014155755543854625,0.0013869242594789061,8.420262562796619E-4,0.001509139168315955,8.659745905865308E-4,0.0011794903368337482,6.801415094227014E-4],[4.167680963417899E-4,4.706159642156333E-4,4.3712463742375267E-4,5.016222674297759E-4,4.1341952516816465E-4,0.0012996307712957568,1.0,0.0012980130894839292,5.893903567127342E-4,1.8458473273114887E-4,0.04301702898125107,2.128986048419476E-4,6.343738911353728E-4,5.947276772556272E-4,2.217721793815027E-4,0.0031684393963519754,5.632448611496282E-4,4.682477544962261E-4,8.103822339879845E-4,4.743140786045433E-4,4.0788966690308276E-4,4.55401339726944E-4,6.668901324880473E-4,3.232226216619468E-4,2.3802722549074695E-4,0.002045020677020987,5.077223298972813E-4,6.047368099103749E-4,3.0244962360112765E-4,0.018696672721427107,5.956250373265641E-4,0.0013569746055461965,3.54980431892438E-4,1.7500046434723343E-4,9.938605415699198E-4,5.477929792169569E-4,0.002323674974207237,5.583509224009508E-4,5.407666385481433E-4,0.0013524439740019913,0.0017507521719970786,7.556762136551667E-4,4.191119532884042E-4,5.874913483677642E-4,0.0012449606944556903,0.001192481388286338,2.629835629150264E-4,5.24773149322053E-4,0.0013216983190071437,3.1178271746720406E-4,4.457910910505955E-4,3.045224073004027E-4],[9.783738066735303E-4,0.0012298539185122653,0.0013348416226138613,0.0011233546033724631,4.8118762975513237E-4,0.0014073489340602834,0.0012980130894839292,1.0,0.0014334753079695058,2.5847939201079225E-4,0.008992078303610084,2.176545723752624E-4,0.0013846410565865892,0.0014038342139500854,0.0010215952532155526,0.0019440203016345872,0.0013339938519656615,0.001223139873168364,0.0012780641018881164,0.0011851895188016502,7.432700449542673E-4,0.0011744072945131803,0.0019247231599131068,0.0013105879329650164,0.001007373252520258,0.0018442920032135815,0.0011405932326631002,4.2601355844995895E-4,1.3921879167456844E-4,0.006200513971451245,0.0010062659319876443,0.0014478450971561027,8.437657393814161E-4,3.97088068206545E-4,0.0014614563813111121,0.0014004856057567565,0.0018902586487472724,0.0014434660137818845,8.501399798842222E-4,0.0021120719698573456,0.005954318967080034,0.0017425041203665745,6.106236705277831E-4,5.650875781054817E-4,0.0014283092438801492,0.001427700715742709,1.8625851741138196E-4,0.0011567954597133195,0.001473133649929347,0.0014312065123547103,0.0011799799424593146,3.5523447857257204E-4],[1.5864561653440232E-4,1.1338215396120181E-4,1.2392321045137468E-4,1.6419785284703583E-5,2.788039977342384E-4,0.0010380180622489427,5.893903567127342E-4,0.0014334753079695058,1.0,8.059785657938997E-5,0.011990300379590866,1.0491506256228751E-4,7.595005111871586E-4,2.63800936643657E-5,5.4168073287737736E-5,0.0022541735846018816,1.1340914202068628E-4,2.2774214307718166E-4,2.1112402885232304E-4,2.0313909346442838E-4,2.903152897007934E-4,1.2201623342567489E-4,8.530572065146597E-4,1.9593364022819812E-4,1.1955498026113272E-4,0.0013624268675821705,2.305696187096291E-4,1.4648821964986894E-4,4.95342160185069E-5,0.0037044448593324918,2.466911053144553E-4,0.0011895775553264953,2.0839833327837036E-4,9.463529857689731E-5,7.4924732598238E-4,3.467424793642003E-4,0.002383374628735026,2.0295403495185422E-4,8.014314646294054E-5,0.0010529360989528802,7.164854355683938E-4,0.001645879076428155,2.3700420477705628E-4,1.041609036532979E-4,0.0010833275528695956,2.1754267794725352E-4,9.111342507882826E-5,3.434824034355153E-5,0.0013085401212957017,6.12902351670538E-5,1.7170319341379317E-4,1.8975361965647226E-4],[1.6073119314168147E-4,1.1321183268983039E-4,1.3889895180367495E-4,8.154400605894145E-5,2.821651953425884E-4,1.611299994701886E-4,1.8458473273114887E-4,2.5847939201079225E-4,8.059785657938997E-5,1.0,0.035298360991407075,1.2301525872880116E-4,3.3043151013192103E-4,2.3302410726901957E-5,6.448665510328852E-5,0.0017679788749435498,2.5530444897149066E-4,2.643587788788371E-4,5.081544275389694E-4,2.0876929504238783E-4,2.2454140408479484E-4,1.2311626303260502E-4,0.0019511311698752717,1.2279471290154787E-4,1.1612250957577825E-4,5.922380911622954E-4,1.8637214832072134E-4,1.8656683612451147E-4,8.136431701674001E-5,0.014396900435874854,2.1886935465288872E-4,0.0013393929874032605,2.3688272369983354E-4,1.1248477494167567E-4,0.0011460115165394349,1.70535325303539E-4,0.001463081401843315,2.5367577139253814E-4,1.2320788501142015E-4,0.0013275592739566626,0.006595021491565707,0.001031344440288633,2.3914915384113167E-4,5.189714938028016E-4,0.0010987527567186135,9.19332327506595E-4,9.66426275639266E-5,7.266674511962511E-5,7.502364548675016E-4,9.364221974639953E-5,2.09214537450979E-4,1.1905245226513098E-4],[0.001108305387601144,0.040334566719900676,0.024122888677520826,0.03808456624955913,0.01490437879463518,0.017396955986337108,0.04301702898125107,0.008992078303610084,0.011990300379590866,0.035298360991407075,1.0,0.033863079254171834,0.043029398569076345,0.03812864362880653,0.04098501920125967,0.04346665887002707,0.00995737605955476,0.009816907921501607,0.02798071400388387,0.0012643362403267498,0.008845741650606713,0.02300149545321872,0.03673641332791126,0.002469172285979867,0.03072453744399169,0.026323225620736287,0.025534700992662376,0.016763127838589877,0.026911968901556116,0.026378790619591946,0.03274718120667283,0.04139526256220932,0.039915973026633474,0.038051674342873515,0.01020670234351199,0.0013422676763461905,0.04107402537215475,6.022146104287679E-4,0.031515578098481545,0.041141301536187135,0.03156877183989153,0.014220297552234244,0.018726055861091887,0.02541521065531536,0.018962012560959307,0.034253431239428825,0.011018991194675542,0.011124959828912472,0.035610514628045514,0.008957943162285351,0.0312559786280109,0.005432454267271239],[1.7213853653134763E-4,1.1936750115943692E-4,1.8118060198076918E-4,4.496230441414476E-5,2.3056292213777005E-4,8.140842936896458E-4,2.128986048419476E-4,2.176545723752624E-4,1.0491506256228751E-4,1.2301525872880116E-4,0.033863079254171834,1.0,0.0012218552199679024,6.280488888654852E-5,2.9198459047723506E-5,0.0028874209761133077,2.2479813135048885E-4,1.542124414096194E-4,3.8258603684473297E-4,1.6960919378987416E-4,2.8138070654162156E-4,1.494831221244714E-4,7.14470894760869E-4,2.0191814319810137E-4,1.3137273561127652E-4,0.0012934489418498704,3.4362132821111807E-4,1.9372481953859228E-4,3.229178320990029E-5,0.007469520679554483,2.6489959864187416E-4,2.574802495649904E-4,2.775081415853648E-4,1.2927458431787923E-4,0.001279367860231077,3.649746452190607E-4,0.0013718281882063063,2.1165641242037677E-4,1.3928200879383197E-4,7.353797857046293E-4,0.0020316232612112217,4.3122379958031353E-4,1.5697714707391594E-4,3.8345091397117676E-4,3.5119872222831236E-4,9.88043317548655E-4,1.05447864995588E-4,1.0108141648463201E-4,6.740055116682672E-4,1.1814024755665519E-4,1.4549645985944442E-4,1.876896683723832E-4],[2.7403879185608715E-4,2.447261661422447E-4,7.299065167725312E-4,3.6444827553048995E-5,0.0010373484699289712,0.0013406059251389523,6.343738911353728E-4,0.0013846410565865892,7.595005111871586E-4,3.3043151013192103E-4,0.043029398569076345,0.0012218552199679024,1.0,3.635072133163126E-4,0.0012803593115676723,0.001685063480127875,3.9665683248883335E-4,0.0012614168153260148,0.0013174228662506762,6.220203270861575E-4,0.001071964400659576,3.243081510548888E-4,0.0013988637907122196,5.483423135328875E-4,0.0010795428158411969,0.001414202488914329,6.040407502411324E-4,6.87625196124488E-4,2.9842834014207824E-4,0.017820973530098542,8.266739355928057E-4,0.0013536934092556806,6.625713680551435E-4,0.0012154749765187155,0.0013930461978826614,0.001241830937276317,0.0016152673135575717,4.437382354228994E-4,6.080198938427495E-4,0.0026318259462395,0.0032535268233239625,0.0014187905122180389,8.963379153668183E-4,0.0010001827777496382,0.0013530337945560752,0.0013374359406436254,6.196235786857983E-4,4.976198623125636E-4,0.0015042176341900236,0.001252724992363762,8.007155012734817E-4,0.0010621529085940726],[1.917065809372743E-4,1.085842545831458E-4,1.6264247916233305E-4,1.6450652324861655E-5,1.4916282950242776E-4,0.001018633894325838,5.947276772556272E-4,0.0014038342139500854,2.63800936643657E-5,2.3302410726901957E-5,0.03812864362880653,6.280488888654852E-5,3.635072133163126E-4,1.0,1.7684725180490695E-5,0.0023594776078018687,1.348945993303877E-4,1.0493209765618144E-4,1.441535324633248E-4,2.0130196034528732E-4,8.378713217122973E-5,1.0525920232524162E-4,2.299210441503563E-4,9.421371846003195E-5,1.192678938471919E-4,8.557090719841519E-4,2.0308751232483164E-4,1.098354807212784E-4,1.165911267939639E-5,0.0020394267137613677,1.3783654537007529E-4,3.864898840167685E-4,2.4577357989514326E-4,9.203376364312171E-5,8.703155801922225E-4,4.6484671171304065E-4,0.0018287687927228886,3.3023807268597053E-4,1.1757938056698261E-4,0.0012788357909445554,0.0062845063960266356,0.001439622260234475,1.0070607140185496E-4,9.747800574896727E-5,0.0012843449575065716,8.540009908201625E-4,4.030316063650601E-5,1.5737350444714557E-5,0.001474410418255607,2.2100422957624343E-5,4.710434584885248E-5,1.795411024059806E-4],[4.166112275750599E-5,2.5659288015316877E-5,3.615950008450231E-5,1.7476736028716592E-5,2.1240775459842854E-4,6.048614293470115E-5,2.217721793815027E-4,0.0010215952532155526,5.4168073287737736E-5,6.448665510328852E-5,0.04098501920125967,2.9198459047723506E-5,0.0012803593115676723,1.7684725180490695E-5,1.0,5.574325100278033E-4,1.3020539426750072E-4,1.0392222165945528E-4,7.981359982459066E-4,2.3246178168176323E-4,1.1586983085975171E-4,8.229239609391273E-5,0.001704349411322378,1.5890324904813192E-4,6.99709664738262E-5,0.0015732813272939243,2.2735671121681017E-4,1.9184408196404963E-4,1.3726219636060733E-5,0.017179370792356003,3.0959949544672274E-5,8.621620735986459E-4,4.452547565908537E-5,7.756469480502854E-5,4.06776721736049E-4,2.752897279253018E-4,1.9842524905853157E-4,2.5688846333253953E-4,8.928865868662661E-5,0.0024076279600959904,0.005769133172042383,0.0015338892415474234,4.2526792258167334E-5,2.2594817574369595E-4,1.7779097228164738E-4,0.0013060741530965092,4.7009811952192096E-5,1.9364638481870052E-5,4.78893286686945E-4,5.970642848645694E-5,1.4253352974609606E-4,1.1471690818218049E-4],[2.56169932267233E-4,0.001325930792214599,0.00278489935444034,0.0025295397411615045,8.54359754079064E-4,0.003215345606909085,0.0031684393963519754,0.0019440203016345872,0.0022541735846018816,0.0017679788749435498,0.04346665887002707,0.0028874209761133077,0.001685063480127875,0.0023594776078018687,5.574325100278033E-4,1.0,9.580359467576335E-4,0.001062603597452886,0.002094084993641696,0.0014962787820192956,0.0019699980011716263,0.0031456581002632803,0.0031452866958513767,5.034545440517903E-4,0.002484041264016355,0.0026193123530788244,0.0015162518866704542,0.0020904780327620598,0.002733137372930116,0.011481649583696331,8.425461704452953E-4,0.0016489295176140538,0.0020210604314280295,8.786938023871046E-4,0.003189385409552382,0.002824089430070864,0.003122986225128333,0.002107800118943702,0.0016756096485008938,0.00322489649855498,0.006391589591596015,0.003007739703517414,0.002633839597387654,0.002435789374445965,0.00150233670894044,0.001502936903162899,0.002124254816485099,0.001036513419816624,0.002221769716242944,5.103412951451315E-4,0.0012537897764598154,0.002518662940813542],[2.4034176875168808E-4,1.5997395689130455E-4,1.9213525295899705E-4,1.319871560020887E-4,2.941229906001809E-4,4.889486064786321E-4,5.632448611496282E-4,0.0013339938519656615,1.1340914202068628E-4,2.5530444897149066E-4,0.00995737605955476,2.2479813135048885E-4,3.9665683248883335E-4,1.348945993303877E-4,1.3020539426750072E-4,9.580359467576335E-4,1.0,2.695845958167063E-4,9.159879516613865E-4,2.7027118380687975E-4,3.1835669764017246E-4,2.840302152183748E-4,0.0020608456829922005,2.528764133961623E-4,2.2817665529934272E-4,0.001818471928609816,3.7210105914450804E-4,2.1837564984836114E-4,6.487704557250467E-5,0.007525401383129451,3.158117268076564E-4,5.585834110930942E-4,3.0704441507343566E-4,2.047974251136536E-4,0.0014076452050323595,3.167616067970745E-4,0.002456902690057106,3.5094139319659205E-4,2.846081961628504E-4,0.0021839066378841238,0.005526006761963713,7.029854115059542E-4,2.8624696816954273E-4,5.03900572767373E-4,7.792310166918398E-4,8.059038709203146E-4,1.806706309546258E-4,2.62232615651167E-4,0.0012164697385393785,2.5766267690247843E-4,3.049271906105461E-4,2.2678579900664453E-4],[2.3585173846559708E-4,2.2814365737494505E-4,1.9892850032686681E-4,1.055294884759529E-4,2.8791943748572536E-4,6.97356556819496E-4,4.682477544962261E-4,0.001223139873168364,2.2774214307718166E-4,2.643587788788371E-4,0.009816907921501607,1.542124414096194E-4,0.0012614168153260148,1.0493209765618144E-4,1.0392222165945528E-4,0.001062603597452886,2.695845958167063E-4,1.0,8.065077579823012E-4,2.634246515267724E-4,2.792827476954286E-4,1.5838143474930958E-4,4.5125102847829E-4,2.1486547271413298E-4,2.484075871664232E-4,9.890805288104312E-4,2.749633179091494E-4,2.3652655173542057E-4,1.063134987559833E-4,0.014194484250752917,3.069006074838153E-4,0.0010846530846306095,2.8964645632549634E-4,1.8640548136558007E-4,8.284195892486047E-4,3.044693240381642E-4,0.0013289896953633073,4.0250989863081104E-4,2.2659246961422816E-4,7.220473992547007E-4,0.005530261735520532,9.116763917739708E-4,2.5509739920683466E-4,5.204527780663813E-4,0.0012402965879851958,5.897180975474327E-4,1.1153192436925426E-4,1.789566817014281E-4,0.0011031690968824463,7.563222791128354E-5,2.887090035417596E-4,2.5649018126917974E-4],[0.0012042540694473223,7.656042320542721E-4,8.410454959908707E-4,6.07722905281928E-5,6.06133772454632E-4,0.0013830464837962973,8.103822339879845E-4,0.0012780641018881164,2.1112402885232304E-4,5.081544275389694E-4,0.02798071400388387,3.8258603684473297E-4,0.0013174228662506762,1.441535324633248E-4,7.981359982459066E-4,0.002094084993641696,9.159879516613865E-4,8.065077579823012E-4,1.0,6.849238297403942E-4,6.636433332745128E-4,7.88441045572642E-4,0.0014176735416825247,3.802436749004713E-4,8.286352136075288E-4,0.0015425635098541056,0.0011818169128281182,5.024691731597643E-4,0.001111055164080247,0.0070347639272509924,4.600567941820625E-4,0.0013242436760113247,9.50329115629676E-4,2.8473372043131575E-4,0.0013266149567302034,6.295611689832632E-4,0.0025916039859933348,7.608889125075885E-4,4.121313648842446E-4,0.0024160187263786697,0.006512310636729269,0.0016089128161181567,0.0011850570627602703,7.234322727097576E-4,0.0012869025877405434,0.0013665830149098565,0.0010657702385044377,9.116054873757721E-4,0.0015278305778347405,1.7451237914007614E-4,0.0010609164949318898,0.0012094229577966338],[2.4287983838304286E-4,2.053609854399866E-4,1.942819770238512E-4,2.2618197451224054E-4,2.747152944968927E-4,0.001280212525741132,4.743140786045433E-4,0.0011851895188016502,2.0313909346442838E-4,2.0876929504238783E-4,0.0012643362403267498,1.6960919378987416E-4,6.220203270861575E-4,2.0130196034528732E-4,2.3246178168176323E-4,0.0014962787820192956,2.7027118380687975E-4,2.634246515267724E-4,6.849238297403942E-4,1.0,3.110496144057523E-4,2.2161765461794103E-4,0.0023376791847426618,2.2890029686121699E-4,1.903289267830898E-4,9.187511784140866E-4,3.7217123646367126E-4,2.349805330768634E-4,1.8660226543485293E-4,0.017192703093444724,3.0711045902484405E-4,0.0011683322147437022,2.7411220169075147E-4,2.2665161140331713E-4,2.809236642313908E-4,3.931882423029223E-4,4.6436459956611197E-4,3.3915826832582694E-4,1.7368616508377615E-4,0.0015517730162752496,0.006482427564929601,0.0011485412968851548,2.4870406447392054E-4,2.683191605582951E-4,0.001114259152486594,9.724255370255949E-4,1.6306399065874782E-4,1.5487908331831752E-4,0.0015216118492078295,1.3157307822656459E-4,2.717593836524353E-4,2.147790694075414E-4],[2.548110287593872E-4,2.701214498906109E-4,3.1289978508782163E-4,3.207140217589026E-4,3.1400563415684294E-4,0.0010197050483703202,4.0788966690308276E-4,7.432700449542673E-4,2.903152897007934E-4,2.2454140408479484E-4,0.008845741650606713,2.8138070654162156E-4,0.001071964400659576,8.378713217122973E-5,1.1586983085975171E-4,0.0019699980011716263,3.1835669764017246E-4,2.792827476954286E-4,6.636433332745128E-4,3.110496144057523E-4,1.0,2.2684207473085556E-4,0.001675797580634539,2.188787337022222E-4,2.4660792876189945E-4,0.0010952025327794958,3.416331223202146E-4,2.754318088153665E-4,3.0187384612332844E-4,0.00953562384602175,3.2238208252152804E-4,5.239691738256312E-4,3.196758974971357E-4,2.0399834685795874E-4,8.357707579966294E-4,3.666695996186899E-4,4.4439679368274236E-4,4.185842026790498E-4,1.9682970340598004E-4,4.38047155878005E-4,0.0035737155687362507,0.0010969496059560515,3.0215111256503364E-4,3.804952874776577E-4,8.350407840689847E-4,7.012345175242304E-4,2.40387701312476E-4,7.400239056199484E-5,3.397603770449018E-4,3.203363478457371E-4,3.119554675224409E-4,1.9788071961926736E-4],[2.101678997315694E-4,1.175320838884996E-4,1.5999618700730884E-4,4.973802057219727E-5,2.168347626332254E-4,2.855635889741641E-4,4.55401339726944E-4,0.0011744072945131803,1.2201623342567489E-4,1.2311626303260502E-4,0.02300149545321872,1.494831221244714E-4,3.243081510548888E-4,1.0525920232524162E-4,8.229239609391273E-5,0.0031456581002632803,2.840302152183748E-4,1.5838143474930958E-4,7.88441045572642E-4,2.2161765461794103E-4,2.2684207473085556E-4,1.0,0.002054560644966574,1.9766140305075915E-4,1.4650445780517367E-4,2.551338743955356E-4,2.777874648424403E-4,1.7982891344784366E-4,4.0363466875886414E-5,0.004738581618284459,2.8883241945062434E-4,0.0010598174694484565,2.498602826013292E-4,1.4654065125519278E-4,7.729910819496515E-4,1.7796395008228737E-4,6.314289498917875E-4,3.859688577005858E-4,1.5610042729296073E-4,0.0010408346816845316,0.006558138914552775,0.0018206957994198684,2.0181450997638561E-4,3.145740698334246E-4,4.395403228066375E-4,2.9890106394575924E-4,1.5328627306481477E-4,1.4256728827330447E-4,0.0014242839644185033,1.1214708800111899E-4,2.0174422184090053E-4,1.7768289663368318E-4],[0.0014463266352989757,4.956160716072919E-4,0.002190361523319092,0.0023139577956176826,0.0017321687905890257,0.0017213715563212451,6.668901324880473E-4,0.0019247231599131068,8.530572065146597E-4,0.0019511311698752717,0.03673641332791126,7.14470894760869E-4,0.0013988637907122196,2.299210441503563E-4,0.001704349411322378,0.0031452866958513767,0.0020608456829922005,4.5125102847829E-4,0.0014176735416825247,0.0023376791847426618,0.001675797580634539,0.002054560644966574,1.0,3.300048948437146E-4,5.845338272882934E-4,0.002136434687880123,0.001328655132743906,0.0014855557414080577,0.0014220866717140665,0.004570709508102055,0.0017002641011798708,0.0017548015885044366,0.001561890078831888,0.0013453744791913727,0.0019708760061992107,0.0010479083348293138,0.002742798880099318,0.0015147911154026455,0.0018966057281751038,0.0026014813418207133,0.0032336392704072963,0.0021744155858801234,6.202668933860856E-4,6.844880987958376E-4,0.0017812214517461261,0.0016661852280934555,0.0016529031428531228,0.0010287457754600841,0.0021574990040796912,8.278393599042119E-4,0.0018139304061676872,0.002239639532458752],[2.1932634301007287E-4,1.733044187759539E-4,1.9143462635485973E-4,9.153464090432711E-5,2.5821907799256327E-4,2.580020524786353E-4,3.232226216619468E-4,0.0013105879329650164,1.9593364022819812E-4,1.2279471290154787E-4,0.002469172285979867,2.0191814319810137E-4,5.483423135328875E-4,9.421371846003195E-5,1.5890324904813192E-4,5.034545440517903E-4,2.528764133961623E-4,2.1486547271413298E-4,3.802436749004713E-4,2.2890029686121699E-4,2.188787337022222E-4,1.9766140305075915E-4,3.300048948437146E-4,1.0,1.9203900537621027E-4,0.0010640199727842542,2.3620458729560676E-4,2.0503797753842904E-4,1.6151277571482597E-4,0.008821990686315982,2.2858703340875318E-4,4.6683822771480276E-4,2.1374592404118837E-4,1.6981912457625904E-4,6.083595397574223E-4,4.707894202052625E-4,5.686807861809876E-4,2.7436961392184793E-4,1.6081600479147783E-4,0.001752888936243264,0.006417711214180612,0.0010601821168634371,2.345480739390488E-4,2.817309672952684E-4,5.212336456545843E-4,8.382343171303097E-4,2.031682918581866E-4,1.3586437706198176E-4,0.00114378975134363,1.2698704380580012E-4,2.0843238434003317E-4,2.042628604873124E-4],[1.5949148043892198E-4,1.1854106655526304E-4,1.5645114194639683E-4,3.945224035869519E-5,1.7168273682132532E-4,4.580344098058729E-4,2.3802722549074695E-4,0.001007373252520258,1.1955498026113272E-4,1.1612250957577825E-4,0.03072453744399169,1.3137273561127652E-4,0.0010795428158411969,1.192678938471919E-4,6.99709664738262E-5,0.002484041264016355,2.2817665529934272E-4,2.484075871664232E-4,8.286352136075288E-4,1.903289267830898E-4,2.4660792876189945E-4,1.4650445780517367E-4,5.845338272882934E-4,1.9203900537621027E-4,1.0,4.444039314045076E-4,3.709182496867847E-4,1.23946756239074E-4,1.1010739249371747E-4,0.01757474428803416,2.802484124021521E-4,3.587943522768232E-4,1.4370517483671E-4,1.2008078575165182E-4,0.001419894524768624,3.7218870228479013E-4,8.090260653028569E-4,3.943236810159709E-4,1.3796683343434479E-4,0.0024740344812385273,5.356859481436297E-4,0.0016903946527912013,2.2501909746329993E-4,3.056502279756132E-4,1.5549934340330235E-4,0.0012729658904221323,1.1612227640391539E-4,2.9280803758011706E-5,0.0014013957411418854,1.0846307901508226E-4,2.8584830400350065E-4,1.675966300824324E-4],[6.249166924152413E-4,0.0019628820084032945,0.0019017159111395074,0.0013177972296836986,7.580715649063597E-4,0.0020429021418313844,0.002045020677020987,0.0018442920032135815,0.0013624268675821705,5.922380911622954E-4,0.026323225620736287,0.0012934489418498704,0.001414202488914329,8.557090719841519E-4,0.0015732813272939243,0.0026193123530788244,0.001818471928609816,9.890805288104312E-4,0.0015425635098541056,9.187511784140866E-4,0.0010952025327794958,2.551338743955356E-4,0.002136434687880123,0.0010640199727842542,4.444039314045076E-4,1.0,5.257130294067058E-4,0.0013885051059154678,8.118488377119494E-5,0.014027303833402067,3.763417874458547E-4,0.00200042182860779,0.00118418337440471,0.0017685788633123659,0.0019008949613376004,0.00173053420425697,0.0027713154399170575,0.0012371625325280154,0.001772514727777339,0.0022904587503023827,0.003996388227329505,0.002035698641411956,0.00194506357659633,0.0014447069775454695,0.0014062571025571626,0.0014761677720100386,0.001372335130116753,0.0020475864336745486,0.0018965614076905126,6.146731536596716E-4,0.001593755187069602,5.970035513776896E-4],[2.4066537748051683E-4,1.8277853840045278E-4,2.604091180309461E-4,2.0468836378234882E-4,3.1725478767407017E-4,0.0013467192596505926,5.077223298972813E-4,0.0011405932326631002,2.305696187096291E-4,1.8637214832072134E-4,0.025534700992662376,3.4362132821111807E-4,6.040407502411324E-4,2.0308751232483164E-4,2.2735671121681017E-4,0.0015162518866704542,3.7210105914450804E-4,2.749633179091494E-4,0.0011818169128281182,3.7217123646367126E-4,3.416331223202146E-4,2.777874648424403E-4,0.001328655132743906,2.3620458729560676E-4,3.709182496867847E-4,5.257130294067058E-4,1.0,3.828555964178707E-4,2.4848024262038595E-4,0.007620930185982705,3.661267574656403E-4,6.360917463126981E-4,3.6925974263363507E-4,1.7959344111189189E-4,9.9511719918461E-4,4.4602365153075543E-4,0.0018963397721643992,4.2162788304151257E-4,1.5467292867779733E-4,0.0012024827198485876,5.919349621800738E-4,0.001144922197289164,3.6452277369182034E-4,3.974328605830521E-4,6.098194868290858E-4,0.0013880921988132632,2.539439120927872E-4,3.2915739728361167E-4,0.0015284982567905416,1.1952341741836973E-4,3.5124602648748125E-4,3.209005702057935E-4],[2.1122932772192743E-4,1.3670943730335956E-4,1.9738011257898895E-4,1.9675617937542974E-4,2.7792670263854973E-4,5.210284736133884E-4,6.047368099103749E-4,4.2601355844995895E-4,1.4648821964986894E-4,1.8656683612451147E-4,0.016763127838589877,1.9372481953859228E-4,6.87625196124488E-4,1.098354807212784E-4,1.9184408196404963E-4,0.0020904780327620598,2.1837564984836114E-4,2.3652655173542057E-4,5.024691731597643E-4,2.349805330768634E-4,2.754318088153665E-4,1.7982891344784366E-4,0.0014855557414080577,2.0503797753842904E-4,1.23946756239074E-4,0.0013885051059154678,3.828555964178707E-4,1.0,1.3613912057026186E-4,2.459015500442901E-4,2.2237579451284207E-4,5.637945285107877E-4,2.6202544164210856E-4,1.4531726168905463E-4,0.0010077086351136548,3.1725468496375856E-4,0.001075298533961806,3.135052350067167E-4,1.861441834046316E-4,6.422801983655836E-4,0.0032860885927088234,0.0011502870041519395,2.2499309207927776E-4,3.1834203679179736E-4,0.0010743272948649492,8.632828479722709E-4,1.3498234908155247E-4,4.939022836834148E-5,0.0014066487731803645,1.6448574701035274E-4,3.02345112172499E-4,2.0094712551920843E-4],[7.260740213261054E-5,8.253996981447056E-5,1.8945265495140024E-4,1.625326034750037E-5,1.3652512341460233E-5,1.8800348412880937E-4,3.0244962360112765E-4,1.3921879167456844E-4,4.95342160185069E-5,8.136431701674001E-5,0.026911968901556116,3.229178320990029E-5,2.9842834014207824E-4,1.165911267939639E-5,1.3726219636060733E-5,0.002733137372930116,6.487704557250467E-5,1.063134987559833E-4,0.001111055164080247,1.8660226543485293E-4,3.0187384612332844E-4,4.0363466875886414E-5,0.0014220866717140665,1.6151277571482597E-4,1.1010739249371747E-4,8.118488377119494E-5,2.4848024262038595E-4,1.3613912057026186E-4,1.0,0.006720610227556265,1.1157155359700566E-4,0.0013497216091682474,2.5164501668985424E-4,9.486146383020718E-5,8.183012868500729E-5,3.909788206482604E-4,3.9712098933173746E-4,1.5865851895679095E-4,7.621223295587002E-5,0.0019538770026600503,0.002889280392501802,0.0012816882331676345,3.0987775110197984E-5,6.891258000009165E-5,1.7652573511352807E-4,5.188648545072194E-4,4.600058934067102E-5,1.153384710305608E-5,0.0011186255828716332,3.317812653701443E-5,1.575537685601103E-4,1.2780712870356754E-4],[0.00553282009091849,0.0027471686268275915,0.005601433155771574,0.019559139562893096,0.0034931983393692843,0.00722442723800268,0.018696672721427107,0.006200513971451245,0.0037044448593324918,0.014396900435874854,0.026378790619591946,0.007469520679554483,0.017820973530098542,0.0020394267137613677,0.017179370792356003,0.011481649583696331,0.007525401383129451,0.014194484250752917,0.0070347639272509924,0.017192703093444724,0.00953562384602175,0.004738581618284459,0.004570709508102055,0.008821990686315982,0.01757474428803416,0.014027303833402067,0.007620930185982705,2.459015500442901E-4,0.006720610227556265,1.0,0.015153595860745895,0.014898686075627483,0.0038141651526430917,0.006910306084457236,0.012121906526046115,0.01046788500398757,0.01857945467223423,0.0032406247202325495,0.007227011072865208,0.006121592426424452,0.013895513088353772,0.015459331574052977,0.011447039323916205,0.001099152831653554,0.004988768092275389,0.004451902428828171,0.008876133930897978,0.008255157762038992,0.005035371301681394,0.012364887033046185,0.005167164085659809,0.01125767792461751],[2.8754430549609124E-4,2.2797066785716736E-4,2.2279200369905412E-4,8.348143368379026E-5,3.0034366751994465E-4,6.467352081952673E-4,5.956250373265641E-4,0.0010062659319876443,2.466911053144553E-4,2.1886935465288872E-4,0.03274718120667283,2.6489959864187416E-4,8.266739355928057E-4,1.3783654537007529E-4,3.0959949544672274E-5,8.425461704452953E-4,3.158117268076564E-4,3.069006074838153E-4,4.600567941820625E-4,3.0711045902484405E-4,3.2238208252152804E-4,2.8883241945062434E-4,0.0017002641011798708,2.2858703340875318E-4,2.802484124021521E-4,3.763417874458547E-4,3.661267574656403E-4,2.2237579451284207E-4,1.1157155359700566E-4,0.015153595860745895,1.0,8.064294778656303E-4,3.1971570511051174E-4,1.7584772095128492E-4,0.0012636526302996797,3.4952079967982776E-4,0.002778324278407907,3.8440384174591083E-4,2.5170112729384464E-4,0.001258852469179302,6.780136662648245E-4,5.969020011466917E-4,2.9465119311753113E-4,3.3496819206233814E-4,0.0013580204922134667,5.48670335683553E-4,3.1432672034726575E-4,4.301115860790856E-5,4.676724801058329E-4,2.4871421578198747E-4,3.1463516772788715E-4,2.747090574144569E-4],[4.027810667498545E-4,1.8460285787421033E-4,8.401324793425709E-4,7.087505843338232E-4,0.0012886796275063902,0.0014156973921865563,0.0013569746055461965,0.0014478450971561027,0.0011895775553264953,0.0013393929874032605,0.04139526256220932,2.574802495649904E-4,0.0013536934092556806,3.864898840167685E-4,8.621620735986459E-4,0.0016489295176140538,5.585834110930942E-4,0.0010846530846306095,0.0013242436760113247,0.0011683322147437022,5.239691738256312E-4,0.0010598174694484565,0.0017548015885044366,4.6683822771480276E-4,3.587943522768232E-4,0.00200042182860779,6.360917463126981E-4,5.637945285107877E-4,0.0013497216091682474,0.014898686075627483,8.064294778656303E-4,1.0,6.471999797280686E-4,0.0012845345486507003,0.001434813324376292,0.0012567407192455155,0.0019777718938100075,7.314469966789363E-4,8.241105509795604E-4,0.0018885671092025214,0.005382638645652938,0.0018436326935922223,6.799015199721592E-4,5.694467088952778E-4,0.0014038153239760468,0.0014209511964296262,9.711403358583465E-4,2.8485497392891724E-4,0.0015161846531194202,4.3223374769578915E-4,0.0013597023877149868,6.60637095939963E-4],[2.652227304495526E-4,1.4394245795145363E-4,2.7736371918088133E-4,1.1876372176968428E-4,3.1278179607139114E-4,0.0012112236465501068,3.54980431892438E-4,8.437657393814161E-4,2.0839833327837036E-4,2.3688272369983354E-4,0.039915973026633474,2.775081415853648E-4,6.625713680551435E-4,2.4577357989514326E-4,4.452547565908537E-5,0.0020210604314280295,3.0704441507343566E-4,2.8964645632549634E-4,9.50329115629676E-4,2.7411220169075147E-4,3.196758974971357E-4,2.498602826013292E-4,0.001561890078831888,2.1374592404118837E-4,1.4370517483671E-4,0.00118418337440471,3.6925974263363507E-4,2.6202544164210856E-4,2.5164501668985424E-4,0.0038141651526430917,3.1971570511051174E-4,6.471999797280686E-4,1.0,2.351279722648456E-4,4.616945488195935E-4,3.345360845806211E-4,9.743011954031003E-4,3.904089650802665E-4,1.618861092706817E-4,7.226216216294908E-4,0.0022844957225018926,0.0011939674248143963,2.47161421433924E-4,4.686240709094919E-4,0.0012292596148093433,0.001048579925647882,2.5844680364241516E-4,3.02747746979449E-4,0.0013390310442195244,6.780676914272871E-5,3.1297117368025876E-4,2.1055276492119819E-4],[2.2982873385091155E-4,1.1258715760312056E-4,1.6454323693506297E-4,4.945731688675329E-5,2.7671173802674607E-4,7.659108067708282E-4,1.7500046434723343E-4,3.97088068206545E-4,9.463529857689731E-5,1.1248477494167567E-4,0.038051674342873515,1.2927458431787923E-4,0.0012154749765187155,9.203376364312171E-5,7.756469480502854E-5,8.786938023871046E-4,2.047974251136536E-4,1.8640548136558007E-4,2.8473372043131575E-4,2.2665161140331713E-4,2.0399834685795874E-4,1.4654065125519278E-4,0.0013453744791913727,1.6981912457625904E-4,1.2008078575165182E-4,0.0017685788633123659,1.7959344111189189E-4,1.4531726168905463E-4,9.486146383020718E-5,0.006910306084457236,1.7584772095128492E-4,0.0012845345486507003,2.351279722648456E-4,1.0,9.758584217708114E-4,3.6771257623347177E-4,0.002456060967650982,3.98147995466743E-4,1.1311302695123981E-4,0.002598956017968938,0.005243310555047815,2.0921242344855133E-4,1.804022697947816E-4,1.5893611322358782E-4,7.742079820052895E-4,5.028100528294273E-4,1.0251981380110564E-4,4.0133214604454165E-5,2.7397940581989205E-4,9.871748394882432E-5,1.66818164183484E-4,1.8635925951514747E-4],[6.601744505695846E-4,0.0013085292062410278,0.0011949717787281676,0.0012293632639051241,0.0010154407893816796,0.0014618766609504797,9.938605415699198E-4,0.0014614563813111121,7.4924732598238E-4,0.0011460115165394349,0.01020670234351199,0.001279367860231077,0.0013930461978826614,8.703155801922225E-4,4.06776721736049E-4,0.003189385409552382,0.0014076452050323595,8.284195892486047E-4,0.0013266149567302034,2.809236642313908E-4,8.357707579966294E-4,7.729910819496515E-4,0.0019708760061992107,6.083595397574223E-4,0.001419894524768624,0.0019008949613376004,9.9511719918461E-4,0.0010077086351136548,8.183012868500729E-5,0.012121906526046115,0.0012636526302996797,0.001434813324376292,4.616945488195935E-4,9.758584217708114E-4,1.0,0.001414745905558471,0.0021414995421160325,9.031899355353844E-4,5.129690609878867E-4,0.002171990160821863,0.005370838256590155,0.0017883718005091973,7.192631697970769E-4,9.204167577305771E-4,0.0013880406027264552,0.0014695728869731598,1.5966481344431837E-4,6.782952357603306E-5,0.0015866734685037493,9.235404657930926E-4,8.992624849144158E-4,7.516122681060914E-4],[4.0160358467926865E-4,4.263489083711991E-4,2.3470419584817765E-4,1.1283869251986793E-4,3.768124628159935E-4,0.0013575373870992088,5.477929792169569E-4,0.0014004856057567565,3.467424793642003E-4,1.70535325303539E-4,0.0013422676763461905,3.649746452190607E-4,0.001241830937276317,4.6484671171304065E-4,2.752897279253018E-4,0.002824089430070864,3.167616067970745E-4,3.044693240381642E-4,6.295611689832632E-4,3.931882423029223E-4,3.666695996186899E-4,1.7796395008228737E-4,0.0010479083348293138,4.707894202052625E-4,3.7218870228479013E-4,0.00173053420425697,4.4602365153075543E-4,3.1725468496375856E-4,3.909788206482604E-4,0.01046788500398757,3.4952079967982776E-4,0.0012567407192455155,3.345360845806211E-4,3.6771257623347177E-4,0.001414745905558471,1.0,8.846233034631545E-4,4.4646713100180265E-4,3.9923176723897136E-4,7.749504549010857E-4,0.006128569675617662,0.0016546804046626983,3.6455918469208544E-4,5.404765721176593E-4,9.579141603242686E-4,0.0012407432865053133,2.7416489862665077E-4,2.9773330872982345E-4,0.001353154135366567,4.5638888817364916E-4,3.396748329128349E-4,2.927131642507336E-4],[3.667700931702851E-4,0.0013928489468781114,0.0013403433615671815,0.001858961499810788,0.0023951947413446664,0.0020075817917335082,0.002323674974207237,0.0018902586487472724,0.002383374628735026,0.001463081401843315,0.04107402537215475,0.0013718281882063063,0.0016152673135575717,0.0018287687927228886,1.9842524905853157E-4,0.003122986225128333,0.002456902690057106,0.0013289896953633073,0.0025916039859933348,4.6436459956611197E-4,4.4439679368274236E-4,6.31