[[1.0,1.2521704874171748E-4,0.05700171147898851,7.741963176428575E-5,1.9936821797179774E-4,3.081032608936751E-4,4.327163306583005E-4,1.718997216607918E-4,7.405818211386908E-4,0.0031743068153360643,0.0016722559321972147,9.737501727773759E-5,5.943104631108858E-4,8.928038869533784E-5,3.005326786276857E-4,9.807882347893664E-4,1.3963854279852266E-4,0.0015560088778498746,1.8704020662452294E-4,0.0021948629708620493,7.249335359482633E-4,0.001112716842164915,1.2107573898322031E-4,0.04053066321887912,0.0017402211267164326,1.9402046119136167E-4,0.0019265887445388855,1.8517031439058978E-4,0.001999507261134337,1.081467418030795E-4,9.561957298385822E-5,0.07237079236406437,8.039228970685285E-4,0.004722916776521127,1.811077814535752E-4,2.4964522090685677E-4,0.007164228917772929,0.011309101156771745,0.001116608158683271,0.004823409333567018,1.142218372321158E-4,1.5554241307528475E-4,1.882208577918464E-4,1.29864582866249E-4,1.3390763197471524E-4,1.6691667998570503E-4,0.0010037280109252175,0.008633296896510816,2.6007850457911597E-4],[1.2521704874171748E-4,1.0,0.04365749788819507,3.8325765546562486E-5,1.5512389617663015E-4,8.09388986905913E-4,4.397485660714696E-4,1.0891606837228956E-4,0.001061529593379636,0.010256751321086933,0.0013896318378678716,9.275446874450595E-5,0.0011435462531037637,3.5281283297945456E-5,0.0010438083881987156,6.185379002300315E-4,1.023174445437291E-4,0.0013487657870256378,1.329088981989423E-4,0.0018228828451854933,9.619508532342276E-4,7.047090753339751E-4,2.5106051087492696E-5,0.012778015329046497,5.046458603345464E-4,1.8894618532830308E-4,0.001080662433009094,1.0751752325457463E-4,0.0037998720977282007,1.0461797708008613E-4,7.556106227244622E-5,0.0023928877065909878,8.389675870943225E-4,0.002159280907889762,7.21895248417554E-5,1.4652076701341028E-4,0.007485999021473913,0.012934279790059853,9.373495636084123E-4,0.005061400873604834,6.05872492904286E-5,1.0453476221734767E-4,2.718982341666188E-5,1.1759348391285755E-4,2.0093690537690226E-5,2.3563651475769643E-5,3.2318127150407353E-4,0.009280680735554851,2.4109809826687443E-4],[0.05700171147898851,0.04365749788819507,1.0,0.008399879233800247,0.02212137189747722,0.03690053776320887,0.01553824685597241,0.07338716606235106,0.07345602838720576,0.050749074237989654,0.04224313692529437,0.009497134221905651,0.06499889254952124,0.0024037206753313865,0.023942603931762313,0.07373154603489296,0.022193715775472134,0.07024411660947869,0.0673760797471891,0.07486937202341333,0.0417519219749361,0.0685809435207033,0.003097381949023805,0.08129808897780133,0.06182539710773152,0.0739471432704385,0.05570729533093929,0.04391919921747506,0.019132664641785684,5.393173483468761E-4,0.03757578031998739,0.08091103883702402,0.00750017445261957,0.07671009153362149,0.062685678858798,0.0045551867002720636,0.046201077006855565,0.05060620238208363,0.030852257643818,0.03471138800883107,0.03184537363048605,0.06286597205517486,0.07664480844673993,0.0715881513384068,0.004371652419219403,0.006507827066859444,0.026853090257998306,0.06381584159867235,0.022658683512378524],[7.741963176428575E-5,3.8325765546562486E-5,0.008399879233800247,1.0,1.995170801263443E-4,6.542451082251207E-4,1.4452561867565877E-4,4.7803070908679254E-5,5.909930603726359E-4,0.013457539262597313,4.768311745379971E-4,2.9170654883613508E-5,3.4485357453029633E-4,3.562562151956408E-5,3.7907926447655225E-4,6.508463906665669E-5,3.770614221315375E-5,0.0017212506486511366,4.571222845512468E-5,4.8163519228453503E-4,5.289733870419267E-4,3.1341879864384023E-4,2.154998513475626E-5,0.03244795023293269,0.0010749138485757958,1.9704461221139996E-4,1.9349569035953407E-4,8.087972915061689E-5,0.0011155734372840375,5.5228219957511766E-5,2.6629666548734486E-5,0.029166894388270078,4.295868937955417E-4,0.0018360488965905627,1.6655735368158655E-5,1.9411626870825138E-4,0.012942402556485983,0.0012330320330288915,9.173958768579773E-4,0.008781176596277678,3.0228346326962696E-5,5.5709460584583796E-5,2.695248750143262E-5,8.528235604952306E-5,1.7949929784560224E-5,1.688953497091703E-5,9.432898732585748E-4,0.009066329188110143,6.985456166501238E-5],[1.9936821797179774E-4,1.5512389617663015E-4,0.02212137189747722,1.995170801263443E-4,1.0,2.3616985015980632E-4,3.1907498259337025E-4,1.7589173264439295E-4,0.001851528613062521,0.005819496209249048,0.0019971855209532526,4.81000250928427E-5,7.688083389494183E-4,5.591741410171043E-5,4.472558348252416E-4,6.386525313568638E-4,9.317926066469908E-5,0.0014957994142152868,1.9736475603370136E-4,0.0010136011461777264,2.3048346848449628E-4,3.788387328867777E-4,1.7800808636440836E-4,0.023253707215061873,0.0014448438808220734,1.9940410120631883E-4,0.00170348578145413,1.5494014047283416E-4,0.003632637373894098,1.2225573773506546E-4,1.6181979966489277E-4,0.049028385174087356,9.616410584336584E-4,0.005803023563845433,2.0342780597475465E-5,2.7056985418674165E-4,3.7776295041000083E-4,0.0021752156443089936,5.696030124449189E-4,0.009148434863070098,4.654785055524577E-5,1.308617496135685E-4,1.3384634646894112E-4,1.6747125381527444E-4,1.6552786790140068E-4,5.191182033353581E-5,2.268454213822002E-4,0.014638450468666638,2.4965278925472185E-4],[3.081032608936751E-4,8.09388986905913E-4,0.03690053776320887,6.542451082251207E-4,2.3616985015980632E-4,1.0,9.180165520856071E-4,5.421634739341824E-4,0.0013528893060349735,0.008091343947310214,0.0017533470440147057,6.167233986231906E-4,0.0012566077027670835,5.199880478704282E-4,0.0011791735924289958,0.0012169087428966715,5.773735637435231E-4,0.0015975802524823546,8.725206035125768E-4,0.002419678498523146,0.001371835011732593,0.0012117384228017179,7.155929146972713E-4,0.01008436262699676,0.0012707220919236986,2.645408666195286E-4,0.002046635687963638,4.970473992607304E-4,0.002978714194243965,7.650444759787306E-4,0.0012231748018587704,0.04037331032207893,0.0011457133807075714,0.0029246410788531336,4.60060550662069E-5,0.001154767563620799,0.0032157041967406366,0.012189478724919562,0.0012048903037544152,0.005445437881821497,5.729884240241004E-4,3.195449520353386E-4,0.0010836851621649996,5.221412702829244E-4,7.277439891012502E-4,3.524679079487985E-4,0.0012721972957083054,0.0019511981604648043,2.76534179888955E-4],[4.327163306583005E-4,4.397485660714696E-4,0.01553824685597241,1.4452561867565877E-4,3.1907498259337025E-4,9.180165520856071E-4,1.0,3.327317275541617E-4,0.0015046917379624766,0.016535450872209517,0.0014033884238233167,3.0274733996122694E-4,0.0012182186687525738,1.9518170445186934E-4,9.950929932003327E-4,7.143400323385118E-4,4.164621155357501E-4,6.693003238893079E-4,3.728915769361928E-4,0.00227698788552427,7.237246064146757E-4,5.329862476425878E-4,3.5182868362049246E-4,0.01621861641217938,0.0019388193342392023,2.783535205656962E-4,0.0011532018190151144,3.790667781192177E-4,0.003754132700988755,4.3431412756057635E-4,3.871902271022462E-4,0.010002872154671308,8.154444213228076E-4,8.408707516903864E-4,2.0029328460156398E-4,4.0330500064937976E-4,0.003613513778917394,4.6478536821155803E-4,5.995967313185253E-4,0.0032739837721799474,2.229980938552234E-4,1.7377074388220037E-4,2.7878341961318757E-4,4.018648462264455E-4,1.7067620778927304E-5,3.588222758078245E-4,7.902892483707699E-4,0.011398795981035199,3.428117117418183E-4],[1.718997216607918E-4,1.0891606837228956E-4,0.07338716606235106,4.7803070908679254E-5,1.7589173264439295E-4,5.421634739341824E-4,3.327317275541617E-4,1.0,0.0016972570350919822,0.008114516849483602,0.0011458784202844846,7.457528502497062E-5,0.0012004004406728688,5.329587924826997E-5,6.790336620578616E-4,9.476866332404544E-4,1.0999478323369543E-4,0.0017989623891288458,1.4665521204412153E-4,9.91531802086427E-4,4.424175318829399E-4,0.0010811459956725882,6.226429032524743E-5,0.016131507915459566,6.68410360102244E-4,1.8896079135616498E-4,0.0010254190800096385,1.3028231952247796E-4,0.0017150901362164744,1.2120027360232857E-4,5.312700454376232E-5,0.05957714140008414,6.830881113404473E-4,0.003979664523853175,9.879865470986316E-5,1.8239922866547333E-4,0.005834047606716434,0.006179364385699338,1.6300687365204247E-4,0.00841105807944575,8.960631486148389E-5,1.210014000590488E-4,2.325270998195524E-5,1.3186295593571926E-4,9.26912535167982E-5,8.223270827624758E-5,5.161540062094507E-4,0.014547628326538402,1.7902897369464105E-4],[7.405818211386908E-4,0.001061529593379636,0.07345602838720576,5.909930603726359E-4,0.001851528613062521,0.0013528893060349735,0.0015046917379624766,0.0016972570350919822,1.0,0.014253739624467751,0.001999083260299276,0.0010146230729311749,0.0013362324796288786,0.0015371079214606853,0.0012323684335632794,0.0015026087622626043,0.001918304439599454,0.001889437765914618,0.0017559088320372785,0.002507681260855706,0.0017372345812964969,0.001226367037130204,0.0011800535264537893,0.005133499723906959,0.002041111613751336,0.001330801827406953,0.002043482352386196,6.217744270040385E-4,0.0026610802892366413,0.0015358396215700706,0.0019189201934766797,0.05239370172810216,0.0019296842524956816,0.006025836743406392,0.001960523680339777,3.4175416905158636E-4,0.005366297898799707,0.011544959935911986,0.0014134672885493034,0.010238496099475728,2.484144493990354E-4,0.0017375331244970868,9.916006465776849E-4,0.0010184991369333303,6.065502419271986E-4,2.545883869192952E-4,0.001888094588194087,0.009422495470342816,0.0014919084259494794],[0.0031743068153360643,0.010256751321086933,0.050749074237989654,0.013457539262597313,0.005819496209249048,0.008091343947310214,0.016535450872209517,0.008114516849483602,0.014253739624467751,1.0,0.0141189839666029,0.017369075152468574,0.0067554512303577615,0.011404042959090732,0.004305622427952786,0.01480387314377562,0.00782509575528783,0.016406406329378703,0.01642716602817494,0.00801890693887219,0.009149711006723418,0.010051508748041114,8.022988016653304E-4,0.038337622793962925,0.0165844006677741,0.007768314512773048,0.0035404777310890883,0.013692456756868006,0.0057050146876407755,0.009855907638525218,0.01622035891292687,0.06705734052942444,0.015041840365779957,0.014467626827187208,0.01539681934979183,0.015846871298124555,0.017145916489671828,0.017515843914877236,0.007771876762271793,0.012207251795829238,0.011852075093848715,0.006549304151415085,0.014557083363236563,0.00857915104187519,0.005504962141468268,0.003834838935214144,0.01724194387495312,0.01703270714264788,0.016689850464024943],[0.0016722559321972147,0.0013896318378678716,0.04224313692529437,4.768311745379971E-4,0.0019971855209532526,0.0017533470440147057,0.0014033884238233167,0.0011458784202844846,0.001999083260299276,0.0141189839666029,1.0,4.5256273757682963E-4,0.0014925188823990145,0.001854407309978885,0.0014258192807614209,0.001282416874221996,0.0017714202341978331,0.0019284336570447932,4.752357944928923E-4,0.0021648172749311302,0.0017142382759926112,0.0014464243175674285,1.4690490308080426E-4,0.010703149770400058,0.002024016805406377,7.891119999554247E-4,0.002108086991258309,7.891445309812445E-4,0.0032416695246287237,0.0011054887609809436,0.0017378053956123365,0.03518932297807343,0.001637668889681157,0.002185868648771992,1.6288519506818546E-5,0.0018555193594925804,0.002453441773664509,0.008199412480756119,0.0018121849585413523,0.0047008311420331395,0.0019103392216201585,0.001503955475910926,5.202497509111596E-4,4.8715006286177134E-4,0.001592179465881035,7.281419937488624E-4,0.0017597102636265642,0.01116860463565875,0.0016714624623865486],[9.737501727773759E-5,9.275446874450595E-5,0.009497134221905651,2.9170654883613508E-5,4.81000250928427E-5,6.167233986231906E-4,3.0274733996122694E-4,7.457528502497062E-5,0.0010146230729311749,0.017369075152468574,4.5256273757682963E-4,1.0,1.0724275752097592E-4,1.1967302259014513E-5,1.138344847606378E-4,7.371964580334879E-5,2.9189701162294585E-5,0.0011816873286439465,1.082214388288993E-4,0.0021074987623646117,0.0010924970170351422,1.4228906270679636E-4,1.5776731051433032E-5,0.007617697210199433,0.0010434467630747201,8.69821701937396E-5,0.0014991570959331508,9.560776437991586E-5,6.396283462932911E-4,4.190619005434802E-5,1.7900270583769114E-5,0.03433689370709065,8.765931136813905E-4,0.004657916553391524,1.4273841910498935E-5,2.7202091716366136E-4,0.014625086226814767,0.006777806516246082,1.4699371454081431E-4,0.004831758554270639,2.007110659435281E-5,5.156596285842249E-5,1.4621054409888471E-5,1.0018355406975348E-4,1.5831113759445262E-5,1.2077221016077793E-5,0.0012016866640224854,0.005651161817395518,3.526956954538376E-5],[5.943104631108858E-4,0.0011435462531037637,0.06499889254952124,3.4485357453029633E-4,7.688083389494183E-4,0.0012566077027670835,0.0012182186687525738,0.0012004004406728688,0.0013362324796288786,0.0067554512303577615,0.0014925188823990145,1.0724275752097592E-4,1.0,7.925961907221966E-4,0.0012496650674784658,0.0012503381105634134,0.001173151569660203,0.0018313245565072691,3.568844876273951E-4,0.0016239856039361631,0.0014370124971898848,0.0011511935882973592,4.518953762748699E-4,0.042108379199073454,0.0014046770278332017,4.6161600060488163E-4,0.00170856311583031,5.57566724613836E-4,0.003155021359325793,7.825233786862867E-4,0.0010992031628961278,0.043608107935541235,0.0010773567356694126,0.004002457386230401,5.759297528563303E-4,0.001014494355473751,0.002120125056714989,0.004381035284064686,0.0012299531940557164,0.007197090067320888,8.246396339077189E-4,0.0010943827577259895,5.23149868026907E-5,2.999821244143126E-4,0.0012369762667770459,4.0302269323584064E-4,0.0012614443509378563,0.013162176386485414,4.609830528322786E-4],[8.928038869533784E-5,3.5281283297945456E-5,0.0024037206753313865,3.562562151956408E-5,5.591741410171043E-5,5.199880478704282E-4,1.9518170445186934E-4,5.329587924826997E-5,0.0015371079214606853,0.011404042959090732,0.001854407309978885,1.1967302259014513E-5,7.925961907221966E-4,1.0,6.923326081403026E-5,7.389501792076918E-4,3.8745178333814386E-5,7.150104656228392E-4,2.5468227679604378E-5,0.0010777069895345245,0.0014166629044724552,0.0010127445060418153,1.3117581257685775E-5,0.03596050720021297,9.921972236857151E-4,1.222020657357206E-4,3.680251193977607E-4,6.239812869556287E-5,0.002699837299871435,6.498957236572155E-5,1.3815961328643894E-5,0.042754991067648594,3.439426750282046E-4,0.004756441420365716,1.077487072491167E-5,6.906952274007234E-5,0.0025722353684563166,7.079079001607E-5,5.938809374406004E-4,0.009415975628451416,1.9654544776406056E-5,4.55797353749746E-5,1.1101079446165324E-5,1.1002483374674565E-4,1.2908809869436727E-5,1.0579252912360418E-5,4.109777537913435E-4,0.005958577788480623,2.2734798730292353E-4],[3.005326786276857E-4,0.0010438083881987156,0.023942603931762313,3.7907926447655225E-4,4.472558348252416E-4,0.0011791735924289958,9.950929932003327E-4,6.790336620578616E-4,0.0012323684335632794,0.004305622427952786,0.0014258192807614209,1.138344847606378E-4,0.0012496650674784658,6.923326081403026E-5,1.0,0.0011619450965763994,0.0011078695774579448,0.0018514182250210392,2.9731107098916065E-4,0.0018751458888439454,0.0014409278814809222,0.0011627154976100375,2.1056423237273864E-5,0.01097666179062143,0.00119971712322021,3.934271045169501E-4,0.0019445205783617991,8.925744840772857E-4,0.003183434768307291,7.293763649912138E-4,8.249558053013449E-4,0.07344583403618103,0.0010363120442777262,0.0025720697014267645,3.3017202897792726E-4,7.514751223468103E-4,0.015952588268156098,0.0016899050085241952,0.0011633964515533704,0.0032560315414532537,6.88356058360081E-4,4.968218416861399E-4,1.4011753410503644E-4,0.0011345649596822495,9.723288699235431E-4,6.136039216771882E-4,0.001238088509055875,0.012826846571374739,0.0011566480261887126],[9.807882347893664E-4,6.185379002300315E-4,0.07373154603489296,6.508463906665669E-5,6.386525313568638E-4,0.0012169087428966715,7.143400323385118E-4,9.476866332404544E-4,0.0015026087622626043,0.01480387314377562,0.001282416874221996,7.371964580334879E-5,0.0012503381105634134,7.389501792076918E-4,0.0011619450965763994,1.0,9.082098907709611E-4,0.0016992579272325768,8.93044814905204E-4,0.0014158073066891422,0.0015205811568154847,0.0011422855484987714,2.5622457534913145E-4,0.014875802159002128,0.0018553261330568126,9.088865588815188E-4,0.002105723983376528,6.154910367299075E-4,0.0033464836009595676,5.562345008399784E-4,6.823116273943509E-4,0.029839655756366504,0.001071397720354509,0.0027019261732413257,0.0010872989726652914,8.205708724539483E-4,0.014651922273907832,0.010430337248347308,0.0011605214703014463,0.006152154990945564,2.794075366482934E-4,2.725361352968599E-4,1.4690838777723793E-5,9.127664382424968E-4,0.0010794622566516908,0.0010020581298443465,0.0011642742557652198,0.01053528811663331,0.0010613291642069672],[1.3963854279852266E-4,1.023174445437291E-4,0.022193715775472134,3.770614221315375E-5,9.317926066469908E-5,5.773735637435231E-4,4.164621155357501E-4,1.0999478323369543E-4,0.001918304439599454,0.00782509575528783,0.0017714202341978331,2.9189701162294585E-5,0.001173151569660203,3.8745178333814386E-5,0.0011078695774579448,9.082098907709611E-4,1.0,0.001771643910958459,1.2419311315601189E-4,0.001233837837965492,0.001240932341899168,1.995248080027063E-4,5.2451582559861716E-5,0.03762800996644032,0.001392826060401625,1.0977522431813553E-4,0.0019430918737098342,1.1242341543686837E-4,0.002786392916543945,9.788985532518414E-5,6.0455008122016057E-5,0.013773247028425513,6.204210659803053E-4,0.0027234151400613586,5.983781543649932E-5,1.1756273785167379E-4,0.008174263044035634,0.011409949716463544,8.871177534955212E-4,0.004283922462842706,2.611696957603175E-5,9.643304830048686E-5,6.673141001981864E-5,1.1283240550398578E-4,7.061945604906866E-5,6.868962988895125E-5,3.181203999126068E-4,0.00770017087798144,2.4829001797782807E-4],[0.0015560088778498746,0.0013487657870256378,0.07024411660947869,0.0017212506486511366,0.0014957994142152868,0.0015975802524823546,6.693003238893079E-4,0.0017989623891288458,0.001889437765914618,0.016406406329378703,0.0019284336570447932,0.0011816873286439465,0.0018313245565072691,7.150104656228392E-4,0.0018514182250210392,0.0016992579272325768,0.001771643910958459,1.0,9.438544331918507E-4,0.0022715257806094763,0.0016528797602398814,0.0016049879143928273,9.742930307430905E-4,0.037504755516625084,0.002025181092488563,2.166582583599063E-4,0.001925155464008817,9.198866036557041E-4,0.0030201292136198994,4.417073694136165E-4,0.0013418010537447806,0.02504977454530172,0.001522978805652666,0.0025563252892366654,0.00165700135472269,0.0010674947573577017,0.007648518184213731,0.011100733577254253,0.0014346828144913705,0.006401871799530538,3.299910948844961E-4,6.948271955841491E-4,0.0014663366499509823,5.316299661654773E-4,9.167475749084083E-4,2.881996596841052E-4,0.0017213501186674823,0.004332827431204396,0.0011603484912269335],[1.8704020662452294E-4,1.329088981989423E-4,0.0673760797471891,4.571222845512468E-5,1.9736475603370136E-4,8.725206035125768E-4,3.728915769361928E-4,1.4665521204412153E-4,0.0017559088320372785,0.01642716602817494,4.752357944928923E-4,1.082214388288993E-4,3.568844876273951E-4,2.5468227679604378E-5,2.9731107098916065E-4,8.93044814905204E-4,1.2419311315601189E-4,9.438544331918507E-4,1.0,0.0010752188823307297,0.0013871029230024222,0.0010051123053051033,1.489262894830668E-4,0.02413485053157551,9.668169806197964E-4,1.9380269923831788E-4,8.304975644239639E-4,1.536772916562551E-4,0.0010028625888527352,1.2417366501057657E-4,5.2199091217042864E-5,0.01782162697812672,2.523812821479597E-4,0.0020757744414080037,4.5131560644629916E-5,2.2729222772225905E-4,0.0053755837197935275,0.007975775094973185,8.465841505112513E-4,0.0067988973842577315,1.529567633078911E-4,1.2664140755330502E-4,4.072685792857486E-5,1.7891706604677095E-4,1.1904674510731322E-4,1.503794651776853E-4,4.983787392462041E-4,0.00986862004153675,2.4491143569589733E-4],[0.0021948629708620493,0.0018228828451854933,0.07486937202341333,4.8163519228453503E-4,0.0010136011461777264,0.002419678498523146,0.00227698788552427,9.91531802086427E-4,0.002507681260855706,0.00801890693887219,0.0021648172749311302,0.0021074987623646117,0.0016239856039361631,0.0010777069895345245,0.0018751458888439454,0.0014158073066891422,0.001233837837965492,0.0022715257806094763,0.0010752188823307297,1.0,0.0016319744077370225,0.002585852002165881,4.2290396303776073E-4,0.03185473909956956,0.002803864172121086,8.540755281918631E-4,0.0027387893364378183,0.0012101994164338222,0.0030453322932317353,0.0025173622079637647,9.067868851340096E-4,0.07056519119251059,0.001191878603006664,0.006649580434495296,5.575930298708064E-5,0.0011567399389890538,0.0031371257723487953,0.00828519555213878,0.002649142568853669,0.006990073389844222,0.0018108853196241866,0.0027790235163514384,0.001380072808585838,3.145575434084334E-4,0.002416598996527937,4.77930563662954E-4,0.0024668459931870704,0.004064323517169451,6.240733449564759E-4],[7.249335359482633E-4,9.619508532342276E-4,0.0417519219749361,5.289733870419267E-4,2.3048346848449628E-4,0.001371835011732593,7.237246064146757E-4,4.424175318829399E-4,0.0017372345812964969,0.009149711006723418,0.0017142382759926112,0.0010924970170351422,0.0014370124971898848,0.0014166629044724552,0.0014409278814809222,0.0015205811568154847,0.001240932341899168,0.0016528797602398814,0.0013871029230024222,0.0016319744077370225,1.0,0.001211102675332623,7.10536085378464E-5,0.023294704227952698,0.0016422143087533182,0.001588688333271443,0.0019836002552834488,3.766062186460181E-4,0.003959270755424769,0.0015077875600489768,0.0011170162639143426,0.05796310316204792,0.0010881910087652722,0.003466071991600302,0.0015503992263498905,6.270551052839841E-4,0.014865306896887908,0.006985814213365233,0.0013973010038692488,0.007587794404602393,0.0013235773429728845,2.673747809670308E-4,6.406134721036307E-4,7.738129378135188E-4,0.0011949022626059048,0.001152165989660467,0.0015163459941709776,0.009382606820169264,3.255407730329792E-4],[0.001112716842164915,7.047090753339751E-4,0.0685809435207033,3.1341879864384023E-4,3.788387328867777E-4,0.0012117384228017179,5.329862476425878E-4,0.0010811459956725882,0.001226367037130204,0.010051508748041114,0.0014464243175674285,1.4228906270679636E-4,0.0011511935882973592,0.0010127445060418153,0.0011627154976100375,0.0011422855484987714,1.995248080027063E-4,0.0016049879143928273,0.0010051123053051033,0.002585852002165881,0.001211102675332623,1.0,0.0011134863885826597,0.03512318401196192,0.0018253301093081303,6.466839397192622E-4,0.0011709953705505355,5.119048450506138E-4,0.001563515186880522,6.152492829181811E-4,3.87726438537737E-4,0.05968072680436081,0.0010923375000043804,0.002678067523496144,3.772020340743163E-4,8.106789496832555E-4,0.008201433483226116,0.012657267780239385,0.001145811329597267,0.006964309100393084,2.92667941702873E-4,6.803880083589404E-4,5.413739082665138E-4,3.380101824258308E-4,4.1333011531296404E-5,0.0010484617501415995,0.0011902453725111028,0.0012853017392038943,4.648619681742413E-4],[1.2107573898322031E-4,2.5106051087492696E-5,0.003097381949023805,2.154998513475626E-5,1.7800808636440836E-4,7.155929146972713E-4,3.5182868362049246E-4,6.226429032524743E-5,0.0011800535264537893,8.022988016653304E-4,1.4690490308080426E-4,1.5776731051433032E-5,4.518953762748699E-4,1.3117581257685775E-5,2.1056423237273864E-5,2.5622457534913145E-4,5.2451582559861716E-5,9.742930307430905E-4,1.489262894830668E-4,4.2290396303776073E-4,7.10536085378464E-5,0.0011134863885826597,1.0,0.033222913811000475,0.0013805069501315623,1.768572839386113E-4,3.838908493515109E-4,7.202345870712133E-5,3.3441195512832946E-4,7.388577304510312E-5,1.7172576834977324E-5,0.06229771875253622,9.877535373152278E-4,0.004275565511059662,1.2011726203233096E-5,2.906499804461661E-4,0.0025587177845667565,0.011733213452236593,9.6326254835842E-4,0.004753299312368258,1.5298826791485436E-5,4.7531970924848187E-5,1.4621904136618887E-5,5.847004786528779E-5,1.473646991598844E-5,1.4870941432522442E-5,0.0010025545532887175,0.007528347775723572,2.708615715944023E-4],[0.04053066321887912,0.012778015329046497,0.08129808897780133,0.03244795023293269,0.023253707215061873,0.01008436262699676,0.01621861641217938,0.016131507915459566,0.005133499723906959,0.038337622793962925,0.010703149770400058,0.007617697210199433,0.042108379199073454,0.03596050720021297,0.01097666179062143,0.014875802159002128,0.03762800996644032,0.037504755516625084,0.02413485053157551,0.03185473909956956,0.023294704227952698,0.03512318401196192,0.033222913811000475,1.0,0.03809099721330215,0.020331727031670317,0.025265926420495244,0.017487731556118474,0.021792733143681253,0.003329152636130673,0.022726724396220706,0.04558230446156653,0.03258364554752412,0.03995064378125589,0.025233272566556577,0.02213644156257151,0.03333773538105995,0.04234693000407368,0.010669708599158336,0.039087002884765784,0.013158546289366342,0.017476098597526035,0.016045446210246804,0.00735389048317179,0.041617111123841144,0.0033003741168769704,0.04132106743528321,0.04327772033501409,0.006190203530571476],[0.0017402211267164326,5.046458603345464E-4,0.06182539710773152,0.0010749138485757958,0.0014448438808220734,0.0012707220919236986,0.0019388193342392023,6.68410360102244E-4,0.002041111613751336,0.0165844006677741,0.002024016805406377,0.0010434467630747201,0.0014046770278332017,9.921972236857151E-4,0.00119971712322021,0.0018553261330568126,0.001392826060401625,0.002025181092488563,9.668169806197964E-4,0.002803864172121086,0.0016422143087533182,0.0018253301093081303,0.0013805069501315623,0.03809099721330215,1.0,0.0010990162345039778,0.0020782705790013804,2.064175002129507E-4,0.003550144618648863,8.032027400620583E-4,0.0018726771904827178,0.03163167125121308,0.0019970656179453235,0.006623438860823711,0.0020279820671364286,0.0020536853227213414,0.005267502538110945,0.010489981167230093,0.0015902793274658322,0.0025717513952581935,0.001417032085733838,7.612829041230019E-4,9.468589034462427E-4,3.6121101440545546E-4,1.2097309706679855E-4,5.911395670139964E-4,0.0017886182420014521,0.009503961315083482,0.0017339569172968793],[1.9402046119136167E-4,1.8894618532830308E-4,0.0739471432704385,1.9704461221139996E-4,1.9940410120631883E-4,2.645408666195286E-4,2.783535205656962E-4,1.8896079135616498E-4,0.001330801827406953,0.007768314512773048,7.891119999554247E-4,8.69821701937396E-5,4.6161600060488163E-4,1.222020657357206E-4,3.934271045169501E-4,9.088865588815188E-4,1.0977522431813553E-4,2.166582583599063E-4,1.9380269923831788E-4,8.540755281918631E-4,0.001588688333271443,6.466839397192622E-4,1.768572839386113E-4,0.020331727031670317,0.0010990162345039778,1.0,2.2078644128234232E-4,1.7520495701164857E-4,0.0012903523106844396,1.2853225296351073E-4,1.6079420646137856E-4,0.05894106972102067,3.760881336448224E-4,0.007113843845627889,6.0174977904412676E-5,2.901541704791687E-4,2.9248033360128496E-4,0.010899661099466327,3.35010612175201E-4,0.010124224833763696,5.909851950012759E-5,1.8250132558733932E-4,1.581415206150119E-5,1.8486283958353593E-4,2.4484377173642407E-5,2.7647207761370826E-5,5.240071089325528E-4,0.008825630275552516,2.2198314439602067E-4],[0.0019265887445388855,0.001080662433009094,0.05570729533093929,1.9349569035953407E-4,0.00170348578145413,0.002046635687963638,0.0011532018190151144,0.0010254190800096385,0.002043482352386196,0.0035404777310890883,0.002108086991258309,0.0014991570959331508,0.00170856311583031,3.680251193977607E-4,0.0019445205783617991,0.002105723983376528,0.0019430918737098342,0.001925155464008817,8.304975644239639E-4,0.0027387893364378183,0.0019836002552834488,0.0011709953705505355,3.838908493515109E-4,0.025265926420495244,0.0020782705790013804,2.2078644128234232E-4,1.0,3.895077450033594E-4,0.0034792417433320098,0.00121464897627468,2.160566005048832E-5,0.06359071339653466,0.0014770156830958144,0.006549802766470821,0.0017737147063157808,3.690070786481265E-4,0.0038599413098655503,0.009940236187195545,0.0017239142481395306,0.003930551001239331,5.861629643067054E-4,7.79041717396764E-4,7.386947314812103E-4,0.002008524664432611,3.5527261915357835E-4,9.750917913197762E-4,0.001898107010219328,0.003141202643835198,9.599234083025275E-4],[1.8517031439058978E-4,1.0751752325457463E-4,0.04391919921747506,8.087972915061689E-5,1.5494014047283416E-4,4.970473992607304E-4,3.790667781192177E-4,1.3028231952247796E-4,6.217744270040385E-4,0.013692456756868006,7.891445309812445E-4,9.560776437991586E-5,5.57566724613836E-4,6.239812869556287E-5,8.925744840772857E-4,6.154910367299075E-4,1.1242341543686837E-4,9.198866036557041E-4,1.536772916562551E-4,0.0012101994164338222,3.766062186460181E-4,5.119048450506138E-4,7.202345870712133E-5,0.017487731556118474,2.064175002129507E-4,1.7520495701164857E-4,3.895077450033594E-4,1.0,0.001217711885985962,1.1537805053458217E-4,1.0360669504869173E-4,0.016151000781174006,7.144442671522728E-4,0.003977584233615816,1.0960223193598424E-4,2.748322584925512E-4,0.005359755251353265,6.530542252991797E-4,4.924527561719635E-4,0.010725062475556308,4.586796623174335E-5,1.0819549094785044E-4,3.155643302291175E-5,1.2799139189605775E-4,2.7940675410091584E-5,2.7857261503479123E-5,7.911814185623778E-4,0.015388658736321085,1.6047760361960085E-4],[0.001999507261134337,0.0037998720977282007,0.019132664641785684,0.0011155734372840375,0.003632637373894098,0.002978714194243965,0.003754132700988755,0.0017150901362164744,0.0026610802892366413,0.0057050146876407755,0.0032416695246287237,6.396283462932911E-4,0.003155021359325793,0.002699837299871435,0.003183434768307291,0.0033464836009595676,0.002786392916543945,0.0030201292136198994,0.0010028625888527352,0.0030453322932317353,0.003959270755424769,0.001563515186880522,3.3441195512832946E-4,0.021792733143681253,0.003550144618648863,0.0012903523106844396,0.0034792417433320098,0.001217711885985962,1.0,0.0026254324223872892,6.79301962453716E-4,0.05208823876621695,0.0037588180767205727,0.007298004793080223,0.004068248572666296,0.0010574457210071387,0.0110384565516198,0.008964155919999627,0.0014115590960420894,0.01055988267314904,9.689445241159764E-5,0.0012810870810003076,0.0025274519677862097,5.269120915088089E-4,0.0035528938877343297,0.002419787934599029,0.001846065586333827,0.009246728230706918,0.0014169454111163829],[1.081467418030795E-4,1.0461797708008613E-4,5.393173483468761E-4,5.5228219957511766E-5,1.2225573773506546E-4,7.650444759787306E-4,4.3431412756057635E-4,1.2120027360232857E-4,0.0015358396215700706,0.009855907638525218,0.0011054887609809436,4.190619005434802E-5,7.825233786862867E-4,6.498957236572155E-5,7.293763649912138E-4,5.562345008399784E-4,9.788985532518414E-5,4.417073694136165E-4,1.2417366501057657E-4,0.0025173622079637647,0.0015077875600489768,6.152492829181811E-4,7.388577304510312E-5,0.003329152636130673,8.032027400620583E-4,1.2853225296351073E-4,0.00121464897627468,1.1537805053458217E-4,0.0026254324223872892,1.0,1.0148243763825277E-4,0.03275793006874802,3.5756412999822756E-4,0.004060980917842335,5.151274861340507E-5,2.467156764849823E-4,0.010693044776739989,0.009366568853356516,2.37132625575431E-4,0.009781580995264173,9.198957404591046E-5,1.0531504802763186E-4,9.504477954753778E-5,1.1894965275797376E-4,4.0427678337017095E-5,9.728200170220208E-5,1.7695239616314487E-4,0.0016405795659330856,2.0757974327657999E-4],[9.561957298385822E-5,7.556106227244622E-5,0.03757578031998739,2.6629666548734486E-5,1.6181979966489277E-4,0.0012231748018587704,3.871902271022462E-4,5.312700454376232E-5,0.0019189201934766797,0.01622035891292687,0.0017378053956123365,1.7900270583769114E-5,0.0010992031628961278,1.3815961328643894E-5,8.249558053013449E-4,6.823116273943509E-4,6.0455008122016057E-5,0.0013418010537447806,5.2199091217042864E-5,9.067868851340096E-4,0.0011170162639143426,3.87726438537737E-4,1.7172576834977324E-5,0.022726724396220706,0.0018726771904827178,1.6079420646137856E-4,2.160566005048832E-5,1.0360669504869173E-4,6.79301962453716E-4,1.0148243763825277E-4,1.0,0.005214349280857403,4.0306157818893696E-4,0.004043628698885169,1.750346849832885E-5,2.4460846360520094E-4,0.01469184624262498,0.0011064731346351543,3.4935853451599464E-4,0.008183387848303131,2.347126188115233E-5,2.7598176784685478E-5,1.5116068703252111E-5,8.757174485909004E-5,1.7234312513538957E-5,1.402676557349697E-5,9.159821121560562E-4,0.0080720892244721,2.0025188491218268E-4],[0.07237079236406437,0.0023928877065909878,0.08091103883702402,0.029166894388270078,0.049028385174087356,0.04037331032207893,0.010002872154671308,0.05957714140008414,0.05239370172810216,0.06705734052942444,0.03518932297807343,0.03433689370709065,0.043608107935541235,0.042754991067648594,0.07344583403618103,0.029839655756366504,0.013773247028425513,0.02504977454530172,0.01782162697812672,0.07056519119251059,0.05796310316204792,0.05968072680436081,0.06229771875253622,0.04558230446156653,0.03163167125121308,0.05894106972102067,0.06359071339653466,0.016151000781174006,0.05208823876621695,0.03275793006874802,0.005214349280857403,1.0,0.045044110592874734,0.030202736190028924,0.04205248378798753,0.04854138626304186,0.03580422215650324,0.027822461565180142,0.06358647834257061,0.045749336335273685,0.018176293196448475,0.009650289598787262,0.0687464076966325,0.01088781626316617,0.011800209425199127,0.05555261709752047,0.01356070949720152,0.027492970275654546,0.028294001665980326],[8.039228970685285E-4,8.389675870943225E-4,0.00750017445261957,4.295868937955417E-4,9.616410584336584E-4,0.0011457133807075714,8.154444213228076E-4,6.830881113404473E-4,0.0019296842524956816,0.015041840365779957,0.001637668889681157,8.765931136813905E-4,0.0010773567356694126,3.439426750282046E-4,0.0010363120442777262,0.001071397720354509,6.204210659803053E-4,0.001522978805652666,2.523812821479597E-4,0.001191878603006664,0.0010881910087652722,0.0010923375000043804,9.877535373152278E-4,0.03258364554752412,0.0019970656179453235,3.760881336448224E-4,0.0014770156830958144,7.144442671522728E-4,0.0037588180767205727,3.5756412999822756E-4,4.0306157818893696E-4,0.045044110592874734,1.0,0.004060701270009718,5.734478497585313E-4,5.89147965126041E-4,0.004854219721188248,0.008232494774069888,0.001121759680786945,0.0020234468771004894,2.1642299836187594E-4,6.1317481662761E-4,9.18051282896097E-4,3.295921311215735E-4,4.405580665955836E-4,1.1095113836177855E-4,0.0011803615085869777,0.007237139470687727,5.943359974884465E-4],[0.004722916776521127,0.002159280907889762,0.07671009153362149,0.0018360488965905627,0.005803023563845433,0.0029246410788531336,8.408707516903864E-4,0.003979664523853175,0.006025836743406392,0.014467626827187208,0.002185868648771992,0.004657916553391524,0.004002457386230401,0.004756441420365716,0.0025720697014267645,0.0027019261732413257,0.0027234151400613586,0.0025563252892366654,0.0020757744414080037,0.006649580434495296,0.003466071991600302,0.002678067523496144,0.004275565511059662,0.03995064378125589,0.006623438860823711,0.007113843845627889,0.006549802766470821,0.003977584233615816,0.007298004793080223,0.004060980917842335,0.004043628698885169,0.030202736190028924,0.004060701270009718,1.0,0.001197360753518094,0.0047131691758389195,0.016539388144558402,0.008284857784820012,0.004275989927521805,0.009759085362797794,0.0033665444698332187,1.4027379339291775E-4,0.00481342744440166,0.002570847254660484,0.0034563913073488903,0.004021334041321883,0.007481302496573454,0.01297133698043757,0.003908770918516611],[1.811077814535752E-4,7.21895248417554E-5,0.062685678858798,1.6655735368158655E-5,2.0342780597475465E-5,4.60060550662069E-5,2.0029328460156398E-4,9.879865470986316E-5,0.001960523680339777,0.01539681934979183,1.6288519506818546E-5,1.4273841910498935E-5,5.759297528563303E-4,1.077487072491167E-5,3.3017202897792726E-4,0.0010872989726652914,5.983781543649932E-5,0.00165700135472269,4.5131560644629916E-5,5.575930298708064E-5,0.0015503992263498905,3.772020340743163E-4,1.2011726203233096E-5,0.025233272566556577,0.0020279820671364286,6.0174977904412676E-5,0.0017737147063157808,1.0960223193598424E-4,0.004068248572666296,5.151274861340507E-5,1.750346849832885E-5,0.04205248378798753,5.734478497585313E-4,0.001197360753518094,1.0,2.59590968364192E-4,0.015319794333193706,9.574602137677591E-4,4.252964340271259E-4,0.001996222514173674,2.1592685381125422E-5,1.6189448931632527E-5,1.1843284999133893E-5,6.441420284398233E-5,1.3382874325953127E-5,1.047674552648628E-5,1.441688059594277E-4,0.0037865120703561963,6.63002832831302E-5],[2.4964522090685677E-4,1.4652076701341028E-4,0.0045551867002720636,1.9411626870825138E-4,2.7056985418674165E-4,0.001154767563620799,4.0330500064937976E-4,1.8239922866547333E-4,3.4175416905158636E-4,0.015846871298124555,0.0018555193594925804,2.7202091716366136E-4,0.001014494355473751,6.906952274007234E-5,7.514751223468103E-4,8.205708724539483E-4,1.1756273785167379E-4,0.0010674947573577017,2.2729222772225905E-4,0.0011567399389890538,6.270551052839841E-4,8.106789496832555E-4,2.906499804461661E-4,0.02213644156257151,0.0020536853227213414,2.901541704791687E-4,3.690070786481265E-4,2.748322584925512E-4,0.0010574457210071387,2.467156764849823E-4,2.4460846360520094E-4,0.04854138626304186,5.89147965126041E-4,0.0047131691758389195,2.59590968364192E-4,1.0,0.003982350420351019,0.0012976640261151413,8.854338928581965E-4,0.00612479137182971,2.927068108195749E-4,1.9754483318392346E-4,1.9674735589636033E-4,1.7624172256252278E-4,2.7178722143535165E-5,1.2596643784016832E-4,8.621056323092647E-4,0.00909407337140165,3.161848841026438E-4],[0.007164228917772929,0.007485999021473913,0.046201077006855565,0.012942402556485983,3.7776295041000083E-4,0.0032157041967406366,0.003613513778917394,0.005834047606716434,0.005366297898799707,0.017145916489671828,0.002453441773664509,0.014625086226814767,0.002120125056714989,0.0025722353684563166,0.015952588268156098,0.014651922273907832,0.008174263044035634,0.007648518184213731,0.0053755837197935275,0.0031371257723487953,0.014865306896887908,0.008201433483226116,0.0025587177845667565,0.03333773538105995,0.005267502538110945,2.9248033360128496E-4,0.0038599413098655503,0.005359755251353265,0.0110384565516198,0.010693044776739989,0.01469184624262498,0.03580422215650324,0.004854219721188248,0.016539388144558402,0.015319794333193706,0.003982350420351019,1.0,0.015535007739337322,0.013545290495924194,0.016539806071051988,0.011099495180246092,0.001123664850748943,0.01497162456353484,0.008812918623079818,0.012832934367118834,0.006634689975850524,0.015376248410022348,0.01660761663912901,0.01214221226399182],[0.011309101156771745,0.012934279790059853,0.05060620238208363,0.0012330320330288915,0.0021752156443089936,0.012189478724919562,4.6478536821155803E-4,0.006179364385699338,0.011544959935911986,0.017515843914877236,0.008199412480756119,0.006777806516246082,0.004381035284064686,7.079079001607E-5,0.0016899050085241952,0.010430337248347308,0.011409949716463544,0.011100733577254253,0.007975775094973185,0.00828519555213878,0.006985814213365233,0.012657267780239385,0.011733213452236593,0.04234693000407368,0.010489981167230093,0.010899661099466327,0.009940236187195545,6.530542252991797E-4,0.008964155919999627,0.009366568853356516,0.0011064731346351543,0.027822461565180142,0.008232494774069888,0.008284857784820012,9.574602137677591E-4,0.0012976640261151413,0.015535007739337322,1.0,0.004264111472120089,0.011832663149511102,2.0528798892349365E-4,0.011411176662850752,0.003988078364166417,0.0061671835398585525,0.002867312195756783,0.007600391333602151,0.005477776749962155,0.015377197348544043,0.012083632626483409],[0.001116608158683271,9.373495636084123E-4,0.030852257643818,9.173958768579773E-4,5.696030124449189E-4,0.0012048903037544152,5.995967313185253E-4,1.6300687365204247E-4,0.0014134672885493034,0.007771876762271793,0.0018121849585413523,1.4699371454081431E-4,0.0012299531940557164,5.938809374406004E-4,0.0011633964515533704,0.0011605214703014463,8.871177534955212E-4,0.0014346828144913705,8.465841505112513E-4,0.002649142568853669,0.0013973010038692488,0.001145811329597267,9.6326254835842E-4,0.010669708599158336,0.0015902793274658322,3.35010612175201E-4,0.0017239142481395306,4.924527561719635E-4,0.0014115590960420894,2.37132625575431E-4,3.4935853451599464E-4,0.06358647834257061,0.001121759680786945,0.004275989927521805,4.252964340271259E-4,8.854338928581965E-4,0.013545290495924194,0.004264111472120089,1.0,0.003614616475603004,9.595654282580121E-4,1.4684168194129243E-4,9.686180941968546E-4,9.453392043826609E-4,7.591964121343753E-4,6.86648560726208E-4,0.0012299836020182161,0.0014445130772721905,6.025125137901924E-4],[0.004823409333567018,0.0050614008