[[1.0,3.160619477815985E-4,1.9151198290192256E-4,4.248296018375215E-4,1.2322604818654562E-4,0.019374359464333756,4.5800599447392437E-4,1.2763103327208543E-4,1.903466208036199E-4,0.0028679459441091366,0.001243345553683597,9.8677509071373E-5,0.004776068312958637,1.8598488282373365E-4,0.0012087048992868651,0.009804244448787745,0.0012886820379177598,0.0011276859895792083,0.003667429981975904,7.283155565374928E-5,7.662568013707515E-4,4.3186318424338324E-4,0.0013011355138915991,1.6492175353553272E-4,1.5958273366810974E-4,1.592450620428639E-4,0.0025954324685777777,0.0010774330690055923,3.753816625650775E-4,1.6363707550155955E-4,1.5981168455657835E-4,0.001020771400488916,4.5382893114789386E-5,0.0270137633868196,7.43681837410942E-5,0.004037328349882405,4.2666195946614477E-4,2.928000282347268E-5,1.2833327840797412E-4,1.7908173942914944E-4,1.927156818481309E-4,1.6875127019294687E-4,1.9505964093340978E-4,1.7316292459535094E-4,2.803701424499397E-4,8.413296478817044E-4,0.0016948722268188719,1.8600143537416043E-4,0.0027772951717290237,2.09709086194265E-4],[3.160619477815985E-4,1.0,3.833154421129199E-4,9.509224763168935E-4,3.7396810658084915E-4,0.0020530368321159723,6.064879158730116E-4,4.0220104522442005E-4,5.661856788769162E-4,9.236799624614535E-4,0.0014227995212888964,2.3825260013245132E-4,0.007377289167396821,3.6329024915419885E-4,0.0016912419155263596,0.012710298548373985,0.0022869921839300924,0.008845380556085828,0.0012740736969051453,3.3579965697105456E-4,9.005553464361002E-4,8.72760888092722E-4,0.0016284018199645162,2.579735066786208E-4,4.403946013760775E-5,1.699540377920716E-4,0.0029567209052184795,8.021972440247526E-4,3.9773575306097325E-4,4.82964200281372E-4,2.9482895292548273E-4,0.0011510698006355678,4.6537007393811957E-4,0.03265357831502946,2.077973355337993E-4,8.636552840255642E-4,9.21035887432554E-4,2.8886464725826804E-4,3.817459131508103E-4,2.1938075889309336E-4,2.0211761662422605E-4,3.8191931831944815E-4,4.584752214185591E-4,1.5129383832508507E-4,4.988196299169238E-4,8.225261893971694E-4,0.0016040152008035963,2.624315765220833E-4,0.0019678277825800417,9.72988201052633E-4],[1.9151198290192256E-4,3.833154421129199E-4,1.0,0.0010555581650782456,8.263705940832197E-5,0.004961199238549468,5.83754521738255E-4,1.1931429473981917E-4,1.8543951129681147E-4,0.0028393805748266375,0.001081823998805517,8.25603479304436E-5,0.011713982886522705,1.0745626506429424E-4,6.990136470732546E-4,0.00768167525754462,4.7871381691133965E-4,0.006325787466258658,4.141995739335795E-4,6.336603828851731E-5,7.806549304348018E-4,7.184165717768006E-4,0.0015794901635669946,9.431842699940868E-5,1.091883236591794E-4,4.2203167710741815E-5,5.491835643722597E-4,3.533013843842794E-4,3.375893267403443E-4,1.968708748566156E-5,8.780135370059069E-5,0.0011118846012194252,1.108208060991731E-4,0.022445235289098576,1.0786546162301074E-4,8.185400501923012E-4,6.255634702204436E-4,5.536097080472952E-5,1.0071274345606613E-4,1.4576104623864903E-4,1.255024667120422E-4,1.5892845794595093E-4,1.9121383838455647E-4,1.328340569097136E-4,4.2572695311271806E-4,3.249939399565601E-4,0.003427926328938309,1.4053467230355952E-4,0.0022361472726228067,4.994565223179646E-4],[4.248296018375215E-4,9.509224763168935E-4,0.0010555581650782456,1.0,0.0010680143251041573,0.025029728361867135,8.952863540652601E-4,2.8181663015802E-4,9.914826798880624E-4,0.0016978730193238372,0.0013131484149260888,8.930452277453112E-4,0.007493314195525774,2.5502034926655655E-4,0.0017024947454120387,0.008133317117879204,0.001944978812633294,0.004988136868982048,0.0036155980056550322,5.120898976781779E-4,0.0011326677019548059,0.001041852147938171,0.0018653938454392257,0.001125093617144161,4.634998774192463E-4,1.1675407820485655E-4,0.002769161913650794,0.0016367672976148207,5.293674013476438E-4,2.552041070720209E-5,7.273445279011436E-4,0.0012702444218946588,7.287988617680992E-4,0.03777702567063165,6.872187247221988E-4,0.0025953339275339177,0.0012640307743535069,5.270611048293743E-4,3.7973833681895143E-4,0.001000383811431178,0.0010011738038534618,9.640800038530259E-4,4.7907014405549936E-4,4.874657717456105E-4,7.202269367519631E-4,0.001017018302232844,0.0028252319216807093,6.792280874643648E-4,0.0022797622712921756,0.0011476894098321963],[1.2322604818654562E-4,3.7396810658084915E-4,8.263705940832197E-5,0.0010680143251041573,1.0,0.009638720776517028,3.146234940501884E-4,1.1619450058279381E-4,1.1892642080915665E-4,0.0024627480559081733,7.265703162492335E-4,2.3408540377303156E-5,0.004375621817654784,1.7935331186746234E-5,2.1040728995945165E-4,1.2230305888505412E-4,4.8002039439271337E-4,0.007644645184832392,1.533976255813339E-4,3.9989426269184894E-5,8.405890843112105E-4,2.651011151766068E-4,1.825349473204315E-4,5.077982381440333E-5,4.170489210975767E-5,1.8431846148376694E-5,0.003170582444882412,5.195301271524913E-4,2.44461337377045E-4,1.3418555364196717E-5,2.1493424299721764E-5,2.5799609668647325E-4,1.2087056875756712E-5,0.020316528041022422,2.6523190107225287E-5,0.0032858460134715345,5.843819572495551E-4,1.1779144757989504E-5,2.3147832472823413E-5,5.865477139332717E-5,1.3180380494690316E-4,2.4611823672767143E-5,1.3922616715590018E-4,1.1309186398361709E-4,1.386094498589302E-4,6.075937229936169E-4,0.002968829776476262,1.4201117260445133E-5,8.509429615213138E-4,0.0015301585282768313],[0.019374359464333756,0.0020530368321159723,0.004961199238549468,0.025029728361867135,0.009638720776517028,1.0,0.009813575485411596,0.01821941214304306,0.010518598347487836,0.009577912224438621,0.021369818716224728,0.012455922147181274,0.03283320064668191,0.02189935594858385,0.02352307918435523,0.017657259330724442,0.02835584631161517,0.03332615428794698,0.01815997191584636,0.004972092561377727,0.0032651245176598676,0.004487061003222291,0.009531531361875694,0.017124042722725625,0.029306625003581773,0.012494516901379042,0.025568004769103158,0.025346019061808125,0.011350054718023654,0.027659012817314647,0.0024569926705849026,0.03025535704717563,0.024599973000383055,0.04295897910178133,0.02508815054739227,0.014542216161896777,0.010208720803906795,0.0273783800132941,0.017493763713949458,0.006738105750699343,0.0016641711583379804,0.004315505504100561,0.016057584958715013,0.014433515841444648,0.01358654708442571,0.024545868983753903,0.03348124659643127,0.03263339715417585,0.006046943938695713,0.017522504815729485],[4.5800599447392437E-4,6.064879158730116E-4,5.83754521738255E-4,8.952863540652601E-4,3.146234940501884E-4,0.009813575485411596,1.0,3.153476523969244E-4,2.688101776444759E-4,0.0012651459308136647,0.001111334644967184,2.958766327984994E-4,0.0049104471534654305,1.5576614000456325E-4,0.0013267299111394365,0.008272326159769321,0.0016914958158571196,0.009636000613030552,0.0035610750937622062,2.9967136715441207E-4,9.024593576237789E-4,9.545304790138857E-4,8.645156864312662E-4,6.004175553413377E-4,3.1557132134625603E-4,4.360282964615309E-4,0.0016331284627566062,7.22983307559052E-4,6.09080657521263E-4,1.7040444277825024E-4,3.0944392494275505E-4,7.064883113718203E-4,4.2633045719901296E-4,0.03686398811248558,1.305588883022977E-4,0.0012515118329638432,8.320202785224867E-4,5.213917258126863E-4,1.509088208192854E-4,3.279501462896317E-4,5.595367936327882E-4,1.6591877795359893E-4,5.239820798155089E-4,5.58032733306877E-4,4.899292687074859E-4,6.852242153502923E-4,0.00169504014687641,1.7905866772509002E-4,0.0016441415802413931,0.0016937666861565346],[1.2763103327208543E-4,4.0220104522442005E-4,1.1931429473981917E-4,2.8181663015802E-4,1.1619450058279381E-4,0.01821941214304306,3.153476523969244E-4,1.0,1.2290527761202468E-4,0.0020337739870814773,2.2129091142409946E-4,8.802636640108281E-5,0.010274394071053496,5.247356683982924E-5,0.001091142461181677,0.011125723292974512,6.86715053898898E-4,0.004352848088629384,0.002276257849760329,9.101503562616785E-5,5.573322466976802E-4,7.106020705402066E-4,0.001622154915088639,9.959568972711033E-5,6.859862726122439E-5,5.5440309485453105E-5,0.001834990535658417,8.618351964337866E-4,2.3524321687578474E-4,6.236525873655775E-5,8.261155074734194E-5,1.5869197433065644E-4,3.402672313239805E-5,0.02687948243228922,6.35576661268354E-5,0.0027760046962645485,7.170906949679843E-4,8.721335910120025E-5,1.0451205391645777E-4,1.6114302078164603E-4,1.2421093116134432E-4,1.555774354432868E-4,1.37274414454717E-4,1.303503889500898E-4,4.295540754754459E-4,7.801330880445937E-4,0.002540238975665033,1.602615310903177E-4,0.0026689839590066655,4.5311079271049583E-4],[1.903466208036199E-4,5.661856788769162E-4,1.8543951129681147E-4,9.914826798880624E-4,1.1892642080915665E-4,0.010518598347487836,2.688101776444759E-4,1.2290527761202468E-4,1.0,0.0019528013530575967,0.0011944940864715204,5.4250451889921516E-5,0.0032432015010128586,1.8363175924341197E-4,0.0014659410070311614,0.0032880411797799277,0.0015792459877112465,0.004662304065141029,7.279697042153792E-4,1.1280568923123732E-4,3.689279359047256E-4,2.1649803529216342E-4,3.7550826732615024E-4,1.276459565663364E-4,1.779100955349448E-4,1.8498592394560512E-4,0.0010928093253604206,2.941286936533857E-4,3.0950283889743195E-4,1.615780739332803E-4,1.5713017518747204E-4,0.0011491573387128777,2.5973588252988703E-5,0.04674131194167477,1.1202787684277642E-4,0.0026067149872508813,6.927606621713238E-4,8.411164160961835E-5,1.290125938974131E-4,1.8227685372461052E-4,1.4546181751367364E-4,1.7322939959236712E-4,1.8941157356659462E-4,1.7199217405954942E-4,2.7928748442031834E-4,2.4156856911785148E-4,2.108058798473741E-4,1.791485422366426E-4,7.725805003422677E-4,4.083815295787512E-4],[0.0028679459441091366,9.236799624614535E-4,0.0028393805748266375,0.0016978730193238372,0.0024627480559081733,0.009577912224438621,0.0012651459308136647,0.0020337739870814773,0.0019528013530575967,1.0,0.0025843103979812194,0.0020781111951282444,0.008908485866255922,0.002429181314206989,0.0030982730016497107,0.008507820147897471,0.002813090712629922,0.00701287341771426,0.003564683738054568,0.0013059614155508641,0.002556607541825473,0.002854923553118183,0.002118559798174399,5.485823470745179E-4,0.0015571818990798097,0.0016480916329055233,0.003246753246753247,0.001891123244655914,0.0020755634222564953,0.0025955117228917417,8.01054201928451E-4,0.00195931324549107,8.73702659694148E-4,0.049431065251551276,0.00141426965112325,0.003367994132213143,0.0018109794145149357,5.296951591517116E-4,0.002504958777296305,4.409899596270239E-4,0.0019504070528558258,0.00301589533894069,0.0013071296610432446,0.003226382907519746,0.003043770029398687,0.0016231361562757246,0.0032880748034948533,5.07286970702349E-4,0.0031460351731336187,0.002963638840334234],[0.001243345553683597,0.0014227995212888964,0.001081823998805517,0.0013131484149260888,7.265703162492335E-4,0.021369818716224728,0.001111334644967184,2.2129091142409946E-4,0.0011944940864715204,0.0025843103979812194,1.0,6.139269594529968E-4,0.004343426705266145,1.043776486564772E-4,0.0020299640328961524,0.008849982951987339,0.001896157453147697,0.005182449916860026,0.001810259078193612,0.001229122324020221,0.001009369007036222,0.0014256045853743209,0.0017170304325665852,4.731342780833673E-4,7.083956743909697E-4,3.074095209651185E-4,0.0017954448176929038,0.0016096602342022123,7.295321002696485E-4,1.1145811073937298E-4,0.0015518917055608776,0.0013788561074137879,0.001332146756652816,0.040098104992103985,8.474178924602169E-4,0.001920266379023757,0.0017093585078930664,3.721882915774251E-4,7.727090043277104E-4,6.172393802732535E-4,0.00150615644375379,3.3032684649695937E-4,8.364572362028237E-4,0.0012958724757659845,9.508980071337217E-4,0.0012532085938467088,0.0032608353617065823,0.0012401316476337142,0.001725041052245831,0.0016742270026378725],[9.8677509071373E-5,2.3825260013245132E-4,8.25603479304436E-5,8.930452277453112E-4,2.3408540377303156E-5,0.012455922147181274,2.958766327984994E-4,8.802636640108281E-5,5.4250451889921516E-5,0.0020781111951282444,6.139269594529968E-4,1.0,0.005415829022019611,2.63293354367299E-5,7.701766722911217E-4,0.003193869558002998,9.564276382033469E-5,0.006927624389971866,0.001828423834747694,3.289747946393774E-5,3.9722767393709146E-4,4.7018966049308615E-4,0.0013466920116298109,3.251076671887276E-5,4.161282500865011E-5,2.981744374626379E-5,8.289792393646773E-4,1.7424001916562627E-4,2.1871522106515552E-4,2.032914635008433E-5,2.2918551786831873E-5,2.9768565038522263E-4,1.9536136559926945E-5,0.029349228221297523,3.037523307694496E-5,1.6425808657462813E-4,0.0015994399256200698,2.4597506848477036E-5,4.082571191410531E-5,1.2488087419518836E-4,1.1369084846167625E-4,1.4068412560396126E-4,1.3720137114059644E-4,8.588670524981991E-5,3.210671723302071E-5,7.938661428336299E-4,0.0013939158714240754,4.8559379503571615E-5,2.932714850114732E-4,0.0016428196621656804],[0.004776068312958637,0.007377289167396821,0.011713982886522705,0.007493314195525774,0.004375621817654784,0.03283320064668191,0.0049104471534654305,0.010274394071053496,0.0032432015010128586,0.008908485866255922,0.004343426705266145,0.005415829022019611,1.0,0.008727404837797772,0.008139419192873915,0.014107690209882522,0.004919180125129485,0.011836494449315137,0.006022985403306218,0.003327098411664946,0.0076770173519775725,0.011129242218098169,0.013101985400660541,0.010886165856750554,0.00576653007664909,0.0018855001308270031,0.011319992526035078,0.011823375163173284,0.005132591358940628,0.006212527305777418,0.011362849712030986,0.009871006116416586,0.0035133486939436633,0.030871717477277516,0.008248937795915042,0.012951529722791358,0.007501075277741009,0.012022970390499491,0.0010115957893062496,0.012805604456576329,0.008492907501387464,0.00319355101154231,0.0034685935972665876,0.010153904268277603,0.0015735733435878084,0.004405706426091451,0.006996019422715256,0.00642168882880499,0.012206903948583557,0.005028990696157537],[1.8598488282373365E-4,3.6329024915419885E-4,1.0745626506429424E-4,2.5502034926655655E-4,1.7935331186746234E-5,0.02189935594858385,1.5576614000456325E-4,5.247356683982924E-5,1.8363175924341197E-4,0.002429181314206989,1.043776486564772E-4,2.63293354367299E-5,0.008727404837797772,1.0,0.0016756090679009654,0.003760209524073983,4.0670476551009366E-4,0.0020622429775517303,7.2379653532932E-4,2.318229458400171E-5,2.312300381832821E-4,8.14778389269059E-4,4.320734310251951E-5,4.811494443215696E-5,3.054415303701582E-5,2.45419637809376E-5,0.0032123970326718002,0.0011277210870837872,1.0533539153195933E-4,1.583843280611547E-5,2.2553977230125043E-5,0.001029537483220814,1.930295665969188E-5,0.024507432396925738,2.4628483575078793E-5,5.093327919904221E-4,3.372741752966612E-4,2.0690867872947024E-5,4.311030036710613E-5,4.809772747051992E-5,1.0230109522330082E-4,4.688969179289693E-5,9.642553692408386E-5,6.633004477042997E-5,2.704752809727127E-4,3.713506327309427E-4,0.0022135646998680644,3.941264132811028E-5,2.888286777268787E-4,3.73918687286101E-4],[0.0012087048992868651,0.0016912419155263596,6.990136470732546E-4,0.0017024947454120387,2.1040728995945165E-4,0.02352307918435523,0.0013267299111394365,0.001091142461181677,0.0014659410070311614,0.0030982730016497107,0.0020299640328961524,7.701766722911217E-4,0.008139419192873915,0.0016756090679009654,1.0,0.012919749694214942,0.0027815381834876145,0.0043117230980390785,0.003487596284863726,2.8860380903797346E-4,0.002162801750758518,0.001621451270802906,0.002340240705366943,0.002731398314358772,0.001694197940773334,0.001053711399739702,0.0031263674928611743,0.002618624092988412,7.532360683308459E-4,0.0026803385580041928,0.0014617359103862365,0.0016108645585017755,0.002362018896995634,0.05815636975150946,0.001216243592102654,0.003907617478853501,0.0018930319139876853,9.934518471674916E-4,0.002296353510168747,0.0022732832217127324,0.00122423977242591,0.0016410376081256294,0.002250122688503926,0.001990520613535524,0.002294280738297778,0.001237252398622511,0.003377385770109968,2.8111757146799136E-4,0.002879240555787571,0.002332488479886827],[0.009804244448787745,0.012710298548373985,0.00768167525754462,0.008133317117879204,1.2230305888505412E-4,0.017657259330724442,0.008272326159769321,0.011125723292974512,0.0032880411797799277,0.008507820147897471,0.008849982951987339,0.003193869558002998,0.014107690209882522,0.003760209524073983,0.012919749694214942,1.0,0.005091865705659367,0.01479398265589199,0.009776291923582828,0.00730560431623396,0.0062830029640916244,0.011031490866529709,0.010018143789040534,0.00980061789568873,0.005019555822479834,0.008339120810704275,0.010719982508609876,0.007749059722790275,0.004270798836909211,0.005863772706870256,0.00980823975324365,0.004236461341939692,0.01601100458082967,0.02356135998749053,0.0021626727894984345,0.01574118481951804,0.01395329613610663,0.006611429653477494,0.012694062085967645,0.004889479335434498,0.010952895890828368,0.007199257589789802,0.014607510578738804,0.011716247281239654,0.011275972997907682,0.015674438535358742,0.01518070493516559,0.005664001224018763,0.0147242067993225,0.0067789326736568956],[0.0012886820379177598,0.0022869921839300924,4.7871381691133965E-4,0.001944978812633294,4.8002039439271337E-4,0.02835584631161517,0.0016914958158571196,6.86715053898898E-4,0.0015792459877112465,0.002813090712629922,0.001896157453147697,9.564276382033469E-5,0.004919180125129485,4.0670476551009366E-4,0.0027815381834876145,0.005091865705659367,1.0,0.010177479440044004,0.0024966999163352236,5.249923297690411E-4,0.0021025526111889126,0.0014845182484992082,0.0019688232590183014,0.002239164979028337,0.0022710461808383765,7.362498054085172E-5,0.002721661259760029,0.002015553244835408,8.778770795556549E-4,2.2191024433025115E-4,1.6188909401953648E-4,0.002018588093687975,4.069319339388866E-4,0.049614126109999636,6.044600623317111E-4,0.002718141033802893,0.0021758716699327167,0.0016739895985872935,3.318158344167725E-4,9.891790077143122E-4,0.0016424208757665352,0.001298520691991358,0.0022292638517181548,0.0021714095403258683,9.646147025285473E-4,0.0013906168529247563,0.003357846736084885,6.472720806663219E-4,0.002553726327312202,0.001782100706449336],[0.0011276859895792083,0.008845380556085828,0.006325787466258658,0.004988136868982048,0.007644645184832392,0.03332615428794698,0.009636000613030552,0.004352848088629384,0.004662304065141029,0.00701287341771426,0.005182449916860026,0.006927624389971866,0.011836494449315137,0.0020622429775517303,0.0043117230980390785,0.01479398265589199,0.010177479440044004,1.0,0.006451003184480204,9.331135548330403E-4,0.0031243744331681195,0.005061438679895243,0.010185139186070656,0.005395455228850548,0.0035881634791584487,0.0018191066491981675,0.004696465903833335,0.010254816445552272,0.00658872953378911,0.0074301493610290405,0.011145271183282358,0.006798289689213448,0.002445759507336574,0.023992045800461884,0.00572914411987877,0.0044302422936267054,0.01097641227474983,0.006625724624738328,0.00268811840601064,0.009339852559088833,2.577116157962628E-4,0.005707481163481533,4.745131208121051E-4,0.0052387695160495025,5.22390065161859E-4,0.003718024349939443,0.010452856311411126,0.002769561846867245,0.0031796042369649858,0.0049079995840464775],[0.003667429981975904,0.0012740736969051453,4.141995739335795E-4,0.0036155980056550322,1.533976255813339E-4,0.01815997191584636,0.0035610750937622062,0.002276257849760329,7.279697042153792E-4,0.003564683738054568,0.001810259078193612,0.001828423834747694,0.006022985403306218,7.2379653532932E-4,0.003487596284863726,0.009776291923582828,0.0024966999163352236,0.006451003184480204,1.0,0.0028260624082664786,0.0014580785264487338,0.0012051392910882785,0.002634829871788195,0.001050004738910311,0.002400264151854331,8.458002944968807E-4,0.0033835412199054262,0.003196929643069491,0.00360333371157083,0.002337775014271609,0.001873904471557444,0.0027955271301464265,0.0019830482606044593,0.031768879766455475,6.04455655323945E-4,0.003993911239069873,0.0037912532932286532,0.0026295676763977635,0.002096960536470906,0.0019008016592859118,0.0028505592227953034,0.0018579369165331594,0.0017002182021387015,1.7601148744360442E-4,0.0020249341873409977,0.001604535969753072,0.0038892979677349337,0.0014182995553919096,0.003019068592079817,0.0026147380430939513],[7.283155565374928E-5,3.3579965697105456E-4,6.336603828851731E-5,5.120898976781779E-4,3.9989426269184894E-5,0.004972092561377727,2.9967136715441207E-4,9.101503562616785E-5,1.1280568923123732E-4,0.0013059614155508641,0.001229122324020221,3.289747946393774E-5,0.003327098411664946,2.318229458400171E-5,2.8860380903797346E-4,0.00730560431623396,5.249923297690411E-4,9.331135548330403E-4,0.0028260624082664786,1.0,9.096577230386324E-4,7.627914754886905E-4,5.57007613029721E-4,5.362358276876191E-5,4.884590027759139E-5,4.4282929193161244E-5,0.0016641792859974514,0.0014245645723088376,6.879310349653227E-5,2.2897454376408038E-5,4.303016778192299E-5,3.8931634653510916E-4,4.7583667547372734E-5,0.035365548851223914,4.463295418205792E-5,0.0035332828385906973,0.0015166817568992492,4.340074590428212E-5,8.563489274635866E-5,5.345709874084723E-5,9.301833371128241E-5,5.7097034462500025E-5,6.995767684746551E-5,9.925656486706598E-5,3.821643853453849E-4,3.4216158416748793E-4,0.0015798994437763992,7.228225397664024E-5,0.0012907548511690678,7.21948653155498E-4],[7.662568013707515E-4,9.005553464361002E-4,7.806549304348018E-4,0.0011326677019548059,8.405890843112105E-4,0.0032651245176598676,9.024593576237789E-4,5.573322466976802E-4,3.689279359047256E-4,0.002556607541825473,0.001009369007036222,3.9722767393709146E-4,0.0076770173519775725,2.312300381832821E-4,0.002162801750758518,0.0062830029640916244,0.0021025526111889126,0.0031243744331681195,0.0014580785264487338,9.096577230386324E-4,1.0,0.001020168761454924,0.0013041695104746567,1.7293667155210692E-4,9.589840202694127E-4,5.195316417752039E-4,0.0025456396357229003,0.0014622935194617869,5.096536435420281E-4,9.317874485767655E-4,9.555724348925845E-4,0.001075831895764163,6.366557466793003E-4,0.002116658152608808,1.321920803449852E-4,0.0012007945483526626,0.001264099952869543,7.557464382459388E-4,5.141393609338123E-4,3.902430449448718E-4,4.397327720479028E-4,6.774095846364831E-4,7.477599555191803E-4,1.8528096261309868E-4,8.630867656239587E-4,9.820109343266334E-4,0.002697498254127577,7.080738123210485E-4,0.0019109879776085074,0.0011690371725841253],[4.3186318424338324E-4,8.72760888092722E-4,7.184165717768006E-4,0.001041852147938171,2.651011151766068E-4,0.004487061003222291,9.545304790138857E-4,7.106020705402066E-4,2.1649803529216342E-4,0.002854923553118183,0.0014256045853743209,4.7018966049308615E-4,0.011129242218098169,8.14778389269059E-4,0.001621451270802906,0.011031490866529709,0.0014845182484992082,0.005061438679895243,0.0012051392910882785,7.627914754886905E-4,0.001020168761454924,1.0,0.0013333944432671145,9.968121107723482E-4,4.4707597693328363E-4,0.0010014676256001364,0.0012044440178238733,0.0010901116552766922,0.0010282122705381092,2.902552965737607E-4,7.41638158695948E-4,0.001161506648388892,2.928022710470647E-4,0.014354174839361716,1.3568633302153837E-4,0.003523477759422078,0.0010753850678574303,4.531892896421589E-4,7.255936945213275E-4,4.484005852938061E-4,8.294824142544028E-4,3.0526306097756556E-4,7.157789995063612E-4,1.9402814673353E-4,5.263968584649675E-4,8.818564258222766E-4,0.002176976094361514,2.5292525902841935E-4,0.0011720085276824418,0.0013390532648222737],[0.0013011355138915991,0.0016284018199645162,0.0015794901635669946,0.0018653938454392257,1.825349473204315E-4,0.009531531361875694,8.645156864312662E-4,0.001622154915088639,3.7550826732615024E-4,0.002118559798174399,0.0017170304325665852,0.0013466920116298109,0.013101985400660541,4.320734310251951E-5,0.002340240705366943,0.010018143789040534,0.0019688232590183014,0.010185139186070656,0.002634829871788195,5.57007613029721E-4,0.0013041695104746567,0.0013333944432671145,1.0,0.0017261161801327592,0.0012065504427526794,0.0012663491416749337,0.002199435968448798,0.001963325232417219,0.0019585120238160498,3.6406744841729145E-4,2.873426102873608E-4,0.001476130197076873,2.04063186605367E-4,0.015591079571613934,9.312532074477149E-4,0.0032753452159653114,0.0019319364444689389,0.001262432273800602,3.545301248654657E-4,9.045862692920456E-4,0.001667017432293517,2.8277229378336237E-4,0.0013729261310589944,6.380769378941858E-4,0.0015462899318900458,0.0012688376017244997,0.003760353480460368,0.0015729556122879235,0.002798934137910401,0.0018330545659225395],[1.6492175353553272E-4,2.579735066786208E-4,9.431842699940868E-5,0.001125093617144161,5.077982381440333E-5,0.017124042722725625,6.004175553413377E-4,9.959568972711033E-5,1.276459565663364E-4,5.485823470745179E-4,4.731342780833673E-4,3.251076671887276E-5,0.010886165856750554,4.811494443215696E-5,0.002731398314358772,0.00980061789568873,0.002239164979028337,0.005395455228850548,0.001050004738910311,5.362358276876191E-5,1.7293667155210692E-4,9.968121107723482E-4,0.0017261161801327592,1.0,7.66656672024028E-5,6.403399396127346E-5,5.914611041499324E-4,1.1739707403571112E-4,1.5911138564417976E-4,6.045983491420108E-5,4.241086802343287E-5,0.001264846195544429,5.286873720938754E-5,0.008518217949599366,5.483551987925137E-5,0.0026537939091318685,1.7273071306358578E-4,4.73157954353362E-5,8.966014780939361E-5,8.217601847615686E-5,1.378074941247029E-4,8.18740786642622E-5,1.308796249259694E-4,1.2276552254732265E-4,1.877475117754788E-4,3.3840559281127827E-4,0.0020734172620989907,1.567246597112289E-4,9.925571748047306E-4,0.0013339671921089116],[1.5958273366810974E-4,4.403946013760775E-5,1.091883236591794E-4,4.634998774192463E-4,4.170489210975767E-5,0.029306625003581773,3.1557132134625603E-4,6.859862726122439E-5,1.779100955349448E-4,0.0015571818990798097,7.083956743909697E-4,4.161282500865011E-5,0.00576653007664909,3.054415303701582E-5,0.001694197940773334,0.005019555822479834,0.0022710461808383765,0.0035881634791584487,0.002400264151854331,4.884590027759139E-5,9.589840202694127E-4,4.4707597693328363E-4,0.0012065504427526794,7.66656672024028E-5,1.0,3.273287455952442E-5,6.798357664718284E-4,0.0013053552404726876,1.7422043819560051E-4,2.0366924590401103E-5,2.544568872580862E-5,6.316985741777537E-4,3.646116469029126E-5,0.030497633924704393,4.165371691762668E-5,0.0038020982763133154,5.669878624496754E-4,3.134527036746356E-5,4.444720203290049E-5,6.874700357103972E-5,7.154530734197433E-5,1.5326149269958084E-4,1.553855406466095E-4,5.8593066244655425E-5,1.5769503168178302E-4,5.16687072691192E-4,0.0013290322983930591,7.864699870060296E-5,0.0024453058915683687,0.0013526123084231286],[1.592450620428639E-4,1.699540377920716E-4,4.2203167710741815E-5,1.1675407820485655E-4,1.8431846148376694E-5,0.012494516901379042,4.360282964615309E-4,5.5440309485453105E-5,1.8498592394560512E-4,0.0016480916329055233,3.074095209651185E-4,2.981744374626379E-5,0.0018855001308270031,2.45419637809376E-5,0.001053711399739702,0.008339120810704275,7.362498054085172E-5,0.0018191066491981675,8.458002944968807E-4,4.4282929193161244E-5,5.195316417752039E-4,0.0010014676256001364,0.0012663491416749337,6.403399396127346E-5,3.273287455952442E-5,1.0,0.003123976026200088,8.357391514224086E-4,3.2013387125158374E-4,2.2788246313058792E-5,2.7884299677706345E-5,3.458449401715927E-4,2.5419335268575104E-5,0.048563492347457236,3.644935202288143E-5,8.080069340447267E-4,0.0017813924706072955,2.6110028676523293E-5,6.440619489096049E-5,4.511923028683261E-5,1.2383958276384786E-4,1.479216250539617E-4,5.001492642410186E-5,1.2659425671284657E-4,3.854762537292724E-4,1.5477493082166112E-4,0.0010023546826410466,7.204058823941827E-5,0.0025660704532073962,0.0012613463789471772],[0.0025954324685777777,0.0029567209052184795,5.491835643722597E-4,0.002769161913650794,0.003170582444882412,0.025568004769103158,0.0016331284627566062,0.001834990535658417,0.0010928093253604206,0.003246753246753247,0.0017954448176929038,8.289792393646773E-4,0.011319992526035078,0.0032123970326718002,0.0031263674928611743,0.010719982508609876,0.002721661259760029,0.004696465903833335,0.0033835412199054262,0.0016641792859974514,0.0025456396357229003,0.0012044440178238733,0.002199435968448798,5.914611041499324E-4,6.798357664718284E-4,0.003123976026200088,1.0,0.0025408753512634434,0.001959884915073655,0.0019447493285766658,0.0010341209090188657,0.0014494596727172892,0.002211402435161603,0.03795973101091086,0.002220852566674185,0.003597128064709565,0.0025793997056008516,0.0017558764213716593,0.0010617673945560457,0.0018478739063077575,1.4941294371164586E-4,0.002345719491712046,0.0029572908774108202,0.002460766996463559,0.0022935747544377307,0.0026619168829732512,0.003497298498357083,0.002766254695283518,0.002913598174555818,0.0021784289478627566],[0.0010774330690055923,8.021972440247526E-4,3.533013843842794E-4,0.0016367672976148207,5.195301271524913E-4,0.025346019061808125,7.22983307559052E-4,8.618351964337866E-4,2.941286936533857E-4,0.001891123244655914,0.0016096602342022123,1.7424001916562627E-4,0.011823375163173284,0.0011277210870837872,0.002618624092988412,0.007749059722790275,0.002015553244835408,0.010254816445552272,0.003196929643069491,0.0014245645723088376,0.0014622935194617869,0.0010901116552766922,0.001963325232417219,1.1739707403571112E-4,0.0013053552404726876,8.357391514224086E-4,0.0025408753512634434,1.0,0.001070510984214684,1.9144080059484738E-4,6.365907076633259E-4,0.001377154473331606,3.0310160864770354E-4,0.057705957741009846,0.0010590125806148013,0.0034296126633394175,0.0017007280510120417,0.0012244181085009802,5.282442877184399E-4,4.557414971818175E-4,0.0012462733997951982,6.678274153656786E-4,5.432981431785583E-4,0.0012831102625556487,6.729111604057527E-4,0.00154477703223707,0.0022042921377753676,0.00116527414911902,0.0018218004847749183,0.001687895779085084],[3.753816625650775E-4,3.9773575306097325E-4,3.375893267403443E-4,5.293674013476438E-4,2.44461337377045E-4,0.011350054718023654,6.09080657521263E-4,2.3524321687578474E-4,3.0950283889743195E-4,0.0020755634222564953,7.295321002696485E-4,2.1871522106515552E-4,0.005132591358940628,1.0533539153195933E-4,7.532360683308459E-4,0.004270798836909211,8.778770795556549E-4,0.00658872953378911,0.00360333371157083,6.879310349653227E-5,5.096536435420281E-4,0.0010282122705381092,0.0019585120238160498,1.5911138564417976E-4,1.7422043819560051E-4,3.2013387125158374E-4,0.001959884915073655,0.001070510984214684,1.0,2.770859192416099E-4,8.954079485299592E-5,6.076090215566219E-4,2.670435853446618E-4,0.020291269719074197,4.900674760256083E-5,0.0027922241030046177,9.779213662732375E-4,1.7550747831917833E-4,2.9620293659759036E-4,1.9239098300186737E-4,2.3123034656785468E-4,2.3788458508007128E-4,3.1581987146257675E-4,2.742595788375174E-4,3.9222186182019984E-4,4.9448490447433E-4,0.0029139666341340903,3.8582298506052975E-4,7.249732041597187E-4,6.513956075329793E-4],[1.6363707550155955E-4,4.82964200281372E-4,1.968708748566156E-5,2.552041070720209E-5,1.3418555364196717E-5,0.027659012817314647,1.7040444277825024E-4,6.236525873655775E-5,1.615780739332803E-4,0.0025955117228917417,1.1145811073937298E-4,2.032914635008433E-5,0.006212527305777418,1.583843280611547E-5,0.0026803385580041928,0.005863772706870256,2.2191024433025115E-4,0.0074301493610290405,0.002337775014271609,2.2897454376408038E-5,9.317874485767655E-4,2.902552965737607E-4,3.6406744841729145E-4,6.045983491420108E-5,2.0366924590401103E-5,2.2788246313058792E-5,0.0019447493285766658,1.9144080059484738E-4,2.770859192416099E-4,1.0,1.789152529782882E-5,4.244172083853718E-4,1.2959056465066346E-5,0.02705537123823969,1.6986605532324915E-5,8.010139877589274E-4,2.3921035500511074E-4,1.6652328625830625E-5,6.055226679085524E-5,1.6331852878759612E-4,7.503712244831742E-5,1.761643003506388E-5,3.115412574888881E-5,1.1628969838749212E-4,2.4008206273205018E-4,5.523316119838702E-4,0.0012831399617973071,1.61826252880938E-4,2.6762615868390887E-4,7.9012245482914E-4],[1.5981168455657835E-4,2.9482895292548273E-4,8.780135370059069E-5,7.273445279011436E-4,2.1493424299721764E-5,0.0024569926705849026,3.0944392494275505E-4,8.261155074734194E-5,1.5713017518747204E-4,8.01054201928451E-4,0.0015518917055608776,2.2918551786831873E-5,0.011362849712030986,2.2553977230125043E-5,0.0014617359103862365,0.00980823975324365,1.6188909401953648E-4,0.011145271183282358,0.001873904471557444,4.303016778192299E-5,9.555724348925845E-4,7.41638158695948E-4,2.873426102873608E-4,4.241086802343287E-5,2.544568872580862E-5,2.7884299677706345E-5,0.0010341209090188657,6.365907076633259E-4,8.954079485299592E-5,1.789152529782882E-5,1.0,6.854700408660309E-4,1.9866413608688744E-5,0.034603843539854254,2.250830611480891E-5,0.0015946395607048527,4.0633865586668785E-4,1.881747164887354E-5,5.6287214818818345E-5,1.6389803863611104E-4,1.1646329004267033E-4,1.1894355791473E-4,1.5853011263495346E-4,9.333980179319343E-5,7.549886290331957E-5,1.97791246632363E-4,0.0027026597825131945,7.241411560381324E-5,0.0011751690074635751,3.0579274290152425E-4],[0.001020771400488916,0.0011510698006355678,0.0011118846012194252,0.0012702444218946588,2.5799609668647325E-4,0.03025535704717563,7.064883113718203E-4,1.5869197433065644E-4,0.0011491573387128777,0.00195931324549107,0.0013788561074137879,2.9768565038522263E-4,0.009871006116416586,0.001029537483220814,0.0016108645585017755,0.004236461341939692,0.002018588093687975,0.006798289689213448,0.0027955271301464265,3.8931634653510916E-4,0.001075831895764163,0.001161506648388892,0.001476130197076873,0.001264846195544429,6.316985741777537E-4,3.458449401715927E-4,0.0014494596727172892,0.001377154473331606,6.076090215566219E-4,4.244172083853718E-4,6.854700408660309E-4,1.0,8.849044395941484E-4,0.00843313053906275,6.594295842314505E-4,0.0015194834436328567,0.0015442716138033066,2.1541192108750882E-4,0.0011209867290958024,5.722333825200551E-4,9.389543937414217E-4,6.635454252444542E-4,2.3771095429047344E-4,8.780328112985784E-4,0.0010008359074030165,0.0010749757089044635,0.0030543678589049837,6.326071504878068E-4,0.002204438483455849,0.0015064554287205904],[4.5382893114789386E-5,4.6537007393811957E-4,1.108208060991731E-4,7.287988617680992E-4,1.2087056875756712E-5,0.024599973000383055,4.2633045719901296E-4,3.402672313239805E-5,2.5973588252988703E-5,8.73702659694148E-4,0.001332146756652816,1.9536136559926945E-5,0.0035133486939436633,1.930295665969188E-5,0.002362018896995634,0.01601100458082967,4.069319339388866E-4,0.002445759507336574,0.0019830482606044593,4.7583667547372734E-5,6.366557466793003E-4,2.928022710470647E-4,2.04063186605367E-4,5.286873720938754E-5,3.646116469029126E-5,2.5419335268575104E-5,0.002211402435161603,3.0310160864770354E-4,2.670435853446618E-4,1.2959056465066346E-5,1.9866413608688744E-5,8.849044395941484E-4,1.0,0.0395727385011914,3.395180050135808E-5,0.002953322387620936,0.0014288624742792122,1.5767148105731828E-5,6.34258653078227E-5,8.149724072375978E-5,1.026398783842607E-4,1.1568397498133554E-4,3.1533604993527E-5,9.276017407160502E-5,2.1640119493383255E-4,5.403317377527464E-4,0.0011050184512226915,1.0324362101538856E-4,0.0018911516302264196,4.100833669589522E-4],[0.0270137633868196,0.03265357831502946,0.022445235289098576,0.03777702567063165,0.020316528041022422,0.04295897910178133,0.03686398811248558,0.02687948243228922,0.04674131194167477,0.049431065251551276,0.040098104992103985,0.029349228221297523,0.030871717477277516,0.024507432396925738,0.05815636975150946,0.02356135998749053,0.049614126109999636,0.023992045800461884,0.031768879766455475,0.035365548851223914,0.002116658152608808,0.014354174839361716,0.015591079571613934,0.008518217949599366,0.030497633924704393,0.048563492347457236,0.03795973101091086,0.057705957741009846,0.020291269719074197,0.02705537123823969,0.034603843539854254,0.00843313053906275,0.0395727385011914,1.0,0.012586591306485333,0.008487721685997922,0.015399068395427847,0.021548893697084168,0.042028814507406864,0.018390201172897355,0.061777015748594434,0.004984995861620989,0.04439389951433212,0.021525016071287612,0.06634623915989492,0.047369598553855544,0.029987077777734752,0.05276796516343305,0.05965989868853463,0.012021411201356065],[7.43681837410942E-5,2.077973355337993E-4,1.0786546162301074E-4,6.872187247221988E-4,2.6523190107225287E-5,0.02508815054739227,1.305588883022977E-4,6.35576661268354E-5,1.1202787684277642E-4,0.00141426965112325,8.474178924602169E-4,3.037523307694496E-5,0.008248937795915042,2.4628483575078793E-5,0.001216243592102654,0.0021626727894984345,6.044600623317111E-4,0.00572914411987877,6.04455655323945E-4,4.463295418205792E-5,1.321920803449852E-4,1.3568633302153837E-4,9.312532074477149E-4,5.483551987925137E-5,4.165371691762668E-5,3.644935202288143E-5,0.002220852566674185,0.0010590125806148013,4.900674760256083E-5,1.6986605532324915E-5,2.250830611480891E-5,6.594295842314505E-4,3.395180050135808E-5,0.012586591306485333,1.0,1.1728989394349236E-4,0.0011963308822521678,3.196984966904382E-5,8.819047114828417E-5,1.5454955073999725E-4,1.1376219506927223E-4,7.802254086094972E-5,8.756231270347002E-5,1.0359623500484611E-4,7.851248381490387E-5,4.911532027082775E-4,8.266005236893249E-4,1.118661554986868E-4,5.548154826021221E-4,1.69516314668353E-4],[0.004037328349882405,8.636552840255642E-4,8.185400501923012E-4,0.0025953339275339177,0.0032858460134715345,0.014542216161896777,0.0012515118329638432,0.0027760046962645485,0.0026067149872508813,0.003367994132213143,0.001920266379023757,1.6425808657462813E-4,0.012951529722791358,5.093327919904221E-4,0.003907617478853501,0.01574118481951804,0.002718141033802893,0.0044302422936267054,0.003993911239069873,0.0035332828385906973,0.0012007945483526626,0.003523477759422078,0.0032753452159653114,0.0026537939091318685,0.0038020982763133154,8.080069340447267E-4,0.003597128064709565,0.0034296126633394175,0.0027922241030046177,8.010139877589274E-4,0.0015946395607048527,0.0015194834436328567,0.002953322387620936,0.008487721685997922,1.1728989394349236E-4,1.0,0.0034057821885155283,0.00397870347180148,0.0032260160330819334,0.0034973014205200324,7.096247387135294E-4,0.0031362554738138568,0.00226259816190819,0.002800979612624436,0.003438126929825534,0.0026567471321038505,0.00404793196070666,0.002615369204703341,0.003481306339218189,0.001736629960674649],[4.2666195946614477E-4,9.21035887432554E-4,6.255634702204436E-4,0.0012640307743535069,5.843819572495551E-4,0.010208720803906795,8.320202785224867E-4,7.170906949679843E-4,6.927606621713238E-4,0.0018109794145149357,0.0017093585078930664,0.0015994399256200698,0.007501075277741009,3.372741752966612E-4,0.0018930319139876853,0.01395329613610663,0.0021758716699327167,0.01097641227474983,0.0037912532932286532,0.0015166817568992492,0.001264099952869543,0.0010753850678574303,0.0019319364444689389,1.7273071306358578E-4,5.669878624496754E-4,0.0017813924706072955,0.0025793997056008516,0.0017007280510120417,9.779213662732375E-4,2.3921035500511074E-4,4.0633865586668785E-4,0.0015442716138033066,0.0014288624742792122,0.015399068395427847,0.0011963308822521678,0.0034057821885155283,1.0,5.770703799128042E-4,4.2946178556279506E-4,7.712067240619299E-4,0.0014012509444043062,9.146833260601085E-4,0.001395891460233209,0.0017520265985101404,0.0010315873730132041,0.0012003165801593404,0.0027599598115495725,8.602847968518662E-4,0.002825507845035752,0.0017663692931753775],[2.928000282347268E-5,2.8886464725826804E-4,5.536097080472952E-5,5.270611048293743E-4,1.1779144757989504E-5,0.0273783800132941,5.213917258126863E-4,8.721335910120025E-5,8.411164160961835E-5,5.296951591517116E-4,3.721882915774251E-4,2.4597506848477036E-5,0.012022970390499491,2.0690867872947024E-5,9.934518471674916E-4,0.006611429653477494,0.0016739895985872935,0.006625724624738328,0.0026295676763977635,4.340074590428212E-5,7.557464382459388E-4,4.531892896421589E-4,0.001262432273800602,4.73157954353362E-5,3.134527036746356E-5,2.6110028676523293E-5,0.0017558764213716593,0.0012244181085009802,1.7550747831917833E-4,1.6652328625830625E-5,1.881747164887354E-5,2.1541192108750882E-4,1.5767148105731828E-5,0.021548893697084168,3.196984966904382E-5,0.00397870347180148,5.770703799128042E-4,1.0,4.545967693976931E-5,1.416888035596828E-4,8.952386555862117E-5,3.4202638772118474E-5,7.643285993733678E-5,1.1016969564299116E-4,9.904991820251402E-5,8.033773758937122E-4,0.001293731122784802,8.77582487652321E-5,0.0025330226524146724,0.001412980295628227],[1.2833327840797412E-4,3.817459131508103E-4,1.0071274345606613E-4,3.7973833681895143E-4,2.3147832472823413E-5,0.017493763713949458,1.509088208192854E