[[1.0,0.003174320019829366,0.0021073424625432362,0.0012168560093098058,0.0029130035741823323,1.6941599768037106E-4,0.002035128813419125,0.003243093402820192,0.0015342168646029287,0.0033596470364181006,0.02168024774673098,8.03698142916425E-4,0.00161549657546218,0.010557950784863008,4.0417020679551705E-4,0.004736715383952681,0.0027787077801054005,8.35380874805545E-4,0.00921700877415716,0.0016323298238137664,0.002022283375133572,0.023482255557640226,0.002418886217818621,0.004341694254253751,0.002917001052302485,0.0013592874773333114,0.001356697359248345,0.003628994560578961,0.002502785222305805,0.03552590401596155,0.0012813447955376189,0.0026525260084496564,0.011350400111735751,0.0023049843907551005,0.0021296637439599734,0.02513663621870016,0.0429381154391235,0.0021205097017355677,0.0026090968339040075,0.0017151332175328062,0.002434339505013516,0.0019871616007722964,0.00233472882903898,0.0016928931067135104],[0.003174320019829366,1.0,0.0110798510123378,0.005784890056258325,0.008756781302257191,0.012642874511131228,0.011814360490934407,0.005692260639254555,0.014467907869192151,0.009443641338751559,0.015658539092730742,0.009439938158857556,0.007525546707123543,0.01423262426187931,0.014845403740256316,0.013976912952496959,0.011312404459006468,0.005113400126853862,0.015183645294050198,0.008888845929790055,0.012495572557318039,0.02341558734484246,0.007485726403147882,0.01062117218287688,0.015239743606966649,0.008788649512274599,0.010478468639102987,0.012708165049023112,0.0056116674710401,0.038882500532913866,0.006367375371693887,0.003222628349783157,0.02181509417829293,0.009315507713835089,0.01096041619577308,0.02849552352398946,0.042025356016623695,0.0058231760943314665,0.011300789558814877,0.004658215809065527,0.007434840947676301,0.007785452524709,0.010597052495050848,0.007460696174981575],[0.0021073424625432362,0.0110798510123378,1.0,1.4811546598599218E-4,5.247319298233632E-4,1.398110016708924E-4,1.8388165848538948E-4,0.0024934949887036803,1.228226427727339E-4,0.004034051264062833,0.013777097003130541,1.2240946464242499E-4,1.0851111322075134E-4,0.01200375872280843,1.1203050919884277E-4,0.002364369593585491,0.0024050956378999224,3.749041551264281E-5,0.02049050779928902,1.5592425878920927E-4,1.5789598638882556E-4,0.035707921833475535,1.0255605970650478E-4,0.0012612412630657855,0.011800406701330401,3.0177353842598975E-4,1.0134002526281033E-4,1.731051703924528E-4,0.0015356607709882987,0.01685327998837979,6.703747721073813E-4,0.0014157653243225983,0.0069021964041293665,1.8562756204411904E-4,1.0728291839312931E-4,0.01979667550682363,0.018813879538729643,1.7568014195134917E-4,0.0027669913306921632,1.1557594721438889E-4,3.27539553723114E-4,7.003173112033306E-4,8.160824762509314E-4,2.1484888892534784E-4],[0.0012168560093098058,0.005784890056258325,1.4811546598599218E-4,1.0,7.990217382035564E-4,1.608567141748378E-4,2.4392694717190422E-4,0.0025780856285030555,2.4533632622532114E-4,0.005061150543590133,0.007803704501373177,1.8554184217919336E-4,1.6320473506888702E-4,0.007306368693187591,1.5407478797566822E-4,0.0015707757892619236,0.0019669366565980935,7.449285285742314E-5,0.010212389327603384,1.6863981629212452E-4,3.4101730357413E-4,0.013017070241977976,1.3522685217051868E-4,0.0011371178570222045,0.009329068732239631,2.2886892889328737E-4,1.2000604679302298E-4,0.009201773732402966,2.504031581354177E-4,0.03891441854398812,2.64165684437794E-4,0.0012192692954595755,0.020320050216054857,3.971157516670811E-4,1.3154313676662886E-4,0.0035336424085004774,0.006026797865682849,6.755382687994833E-4,0.0019223200983806792,1.642521264784264E-4,2.749494303321725E-4,5.732282962895518E-4,4.166640377810305E-4,4.491516981779773E-4],[0.0029130035741823323,0.008756781302257191,5.247319298233632E-4,7.990217382035564E-4,1.0,0.003249465282549073,0.0033229311490650176,0.0060400561269012,7.54448356975289E-4,0.005935669273096697,0.017309721264808054,0.0010428158352713901,0.005307941554833877,0.007519047370309388,0.0041770051795891805,0.007630475589160526,0.003388687606490412,0.0048236580411232365,0.020196171751529074,5.165592090818362E-4,0.004037453447013247,0.02150135396103698,0.0017389986834506679,0.007148474943889039,0.013280511194535726,0.002490672597999486,0.0047957853841128035,0.008680052978041045,0.0026063769569199197,0.03906522641437768,0.0012008233572079806,0.006349680081422922,0.01873602174604577,0.004851388161651522,1.53019501875295E-4,0.008390909627098845,0.047023821311365586,0.003632321998011112,0.006343704426554543,0.0013065883176533724,0.0020271617091964394,0.0018884479098568228,0.0029172374855039093,0.004702608501214706],[1.6941599768037106E-4,0.012642874511131228,1.398110016708924E-4,1.608567141748378E-4,0.003249465282549073,1.0,3.74548776473662E-4,0.0031672241949156996,3.6370026032166733E-4,8.146400180330793E-4,0.004380477498536817,1.792682927859198E-4,1.4807206279810568E-4,0.0016004890252752364,1.5300806820135455E-4,0.005506932834649552,0.0021712243261798304,1.112172041571504E-4,0.001563493775807292,1.8139957661549965E-4,1.8492855639474853E-4,0.011179965290006103,1.0744598060116178E-4,8.119525029347823E-4,0.007587860514069116,2.6801212224358546E-4,1.448597710006134E-4,0.0030227587245461843,0.001721246807610214,3.7965235261353247E-4,4.7731926932302225E-4,0.001872698645663834,0.0029364069899300133,4.6249219060762094E-4,1.520038494674379E-4,0.02325861523676155,0.008752795507902863,0.0011400931798634037,0.001812034427184291,1.7081800662585488E-4,0.0012814279544108736,0.0011657297675304054,9.655602881456807E-4,1.9248454392849928E-4],[0.002035128813419125,0.011814360490934407,1.8388165848538948E-4,2.4392694717190422E-4,0.0033229311490650176,3.74548776473662E-4,1.0,9.86464552673609E-4,4.317774661399206E-4,0.004953510494099616,0.00957719268609283,3.4859194034666944E-4,1.8924590163972495E-4,0.0033643496437422518,4.17786132803667E-4,0.0015735118643710744,0.0025633358476045485,1.4970983508329604E-4,0.01206228374189228,3.1649335175254473E-4,4.118951181047974E-4,0.029631625668211176,2.916707738074845E-4,0.003067248969121309,0.002311043806247773,4.1577395811786904E-4,1.2074573521211907E-4,0.007208295245769957,0.001637482760571456,0.012414197516224985,7.875121497807417E-4,0.0018911870677429678,0.01748278934984241,0.0014039820078195645,2.808426951636017E-4,0.010641332955583158,0.022120639097296727,8.44411351766258E-4,0.0015620964717963952,4.184622293417939E-4,4.296040449596649E-4,5.968743360954152E-4,7.937494023575215E-4,5.158404622424258E-4],[0.003243093402820192,0.005692260639254555,0.0024934949887036803,0.0025780856285030555,0.0060400561269012,0.0031672241949156996,9.86464552673609E-4,1.0,0.0011281732026792901,0.003737783443085983,0.009368471368334033,0.0011769790401269138,0.0017516332835174136,0.004780397864886637,5.000324782768995E-4,0.007660260144014422,0.003137916170969049,0.003055209980951514,0.005643492906155302,0.0013979011401440184,7.807082441298994E-4,0.023578813318645277,8.610663660972248E-4,0.004215608135930763,0.00742727728297485,0.0019495501892945045,6.633319967727533E-4,0.00472593923428476,0.0029504754581676116,0.01095458571780417,0.002769901251173398,0.002752697699826698,0.017195840543251215,0.002852436206449519,3.0505192493150723E-4,0.029261887142317727,0.023490493063429912,0.0025076982639707446,0.00301529218130475,0.0020677705860040895,0.0032476493784893102,0.0017293680786442608,0.0025277793529294443,0.0013933929915441086],[0.0015342168646029287,0.014467907869192151,1.228226427727339E-4,2.4533632622532114E-4,7.54448356975289E-4,3.6370026032166733E-4,4.317774661399206E-4,0.0011281732026792901,1.0,8.512150984037897E-4,0.019930541639553146,2.7294404334795566E-4,2.0370325461474686E-4,0.0059688245683065955,1.6137492891169818E-4,0.0058647577209385675,0.002807414101723167,8.416406254979582E-5,0.014632158051464398,2.26625106349825E-4,4.191693006414802E-4,0.008426456669397838,3.656285364094724E-4,0.008818423020563295,0.0021112758091706716,4.562432468186335E-4,4.603510210922958E-4,0.009627122522515151,0.0017441008707519278,0.014084459705741082,8.572477247099234E-4,0.0013904680862851708,0.015696228714925646,6.194048452971049E-4,1.5601921616885067E-4,0.015117662815162563,0.026286669898964728,0.0015200656741390895,0.0021195079126190776,1.9555237077111654E-4,0.0012602465979776652,0.0012487672451117347,0.0011600804978786502,5.859144614361641E-4],[0.0033596470364181006,0.009443641338751559,0.004034051264062833,0.005061150543590133,0.005935669273096697,8.146400180330793E-4,0.004953510494099616,0.003737783443085983,8.512150984037897E-4,1.0,0.0096247760472356,0.002890407964660321,3.179347011228148E-4,0.01075013982749477,0.004473580959368839,0.0077340335525274235,0.0036260383713700587,0.005175529354430055,0.010549094865644142,7.477987926049478E-4,0.0035158227456298435,0.018314471824240605,0.004856427342558508,0.008329475764126359,0.013743245205863498,8.293431053306654E-4,0.00490422911399002,0.010532845331868372,0.0035633158303965576,0.026644503935686886,0.0022213673284692467,0.00301204990502823,0.008793197610732733,0.003999993672267748,0.002778279849166105,0.025276045229454442,0.008029415999395332,0.005307402807513358,0.003909924118187109,0.0016795849810380221,0.0022209614803114317,0.0033662156700671863,0.005444897237620648,0.003657901107373064],[0.02168024774673098,0.015658539092730742,0.013777097003130541,0.007803704501373177,0.017309721264808054,0.004380477498536817,0.00957719268609283,0.009368471368334033,0.019930541639553146,0.0096247760472356,1.0,7.234079415878673E-4,0.020478953020741916,0.013776166236360647,0.02050015432225368,0.021687485578543025,0.015174742584793519,0.012288916148947782,0.022506967535579597,0.01056724071831427,0.0021018812592615748,0.02281610994897546,0.008416129106127837,0.01566632684168362,0.020643439787035905,0.0018247641481114506,0.00728598444905957,0.02235819925674013,0.013973346932068266,0.03938342733669633,0.01975364226887971,0.006461233142894066,0.02245271745707838,0.01817428148070051,0.022078408580384876,0.027396825816654723,0.0415396956331123,0.01519393243828829,0.018858419321723954,0.0067124966623489345,0.012802471805746807,0.02131503414699744,0.020389083813501935,0.01756222022836957],[8.03698142916425E-4,0.009439938158857556,1.2240946464242499E-4,1.8554184217919336E-4,0.0010428158352713901,1.792682927859198E-4,3.4859194034666944E-4,0.0011769790401269138,2.7294404334795566E-4,0.002890407964660321,7.234079415878673E-4,1.0,1.5034253334607038E-4,0.006772039308510493,1.6092608009549486E-4,0.002565283689263508,0.0011266671249229214,1.3524439370301262E-4,0.01686962956423047,1.92380372161592E-4,2.6454737086799236E-4,0.0029462326281411862,1.40813794327436E-4,0.006108568498806791,0.014890940857682312,2.500441252344053E-4,1.3934561745340858E-4,0.0030208179356072213,0.0014630700764748674,0.006380402320724075,7.589646035217668E-4,8.537033950028113E-4,0.0017725653623530944,0.002178386826252175,1.8021168406731842E-4,0.017313051928980465,0.020396307125589833,4.447479767004098E-4,0.0011040764144433935,1.871631937326111E-4,9.577408524129541E-4,0.0012136594322943975,9.805001621182201E-4,3.7277340798864164E-4],[0.00161549657546218,0.007525546707123543,1.0851111322075134E-4,1.6320473506888702E-4,0.005307941554833877,1.4807206279810568E-4,1.8924590163972495E-4,0.0017516332835174136,2.0370325461474686E-4,3.179347011228148E-4,0.020478953020741916,1.5034253334607038E-4,1.0,0.002929258716233068,1.366588235410839E-4,0.003977872972741163,5.222464195972002E-4,1.0112187409835844E-4,0.011588855610606475,1.3278867669288226E-4,1.904662121058322E-4,0.004608676818288172,1.0769886378740368E-4,0.008102142690970775,0.011541383535110507,2.982753326534006E-4,1.0702236483410204E-4,0.011828382043364954,0.0015182742250385694,0.015314071890942554,4.4518556491896557E-4,0.0016038674967918565,0.012813488224631119,0.0010910036659753147,1.2683740610511932E-4,0.005123991485952364,0.036293407454132745,0.0011727401148375132,0.0024124766685682084,1.6943332398095304E-4,2.7303007359895897E-4,0.001286382574375278,8.17962386378035E-4,4.4181030606394036E-4],[0.010557950784863008,0.01423262426187931,0.01200375872280843,0.007306368693187591,0.007519047370309388,0.0016004890252752364,0.0033643496437422518,0.004780397864886637,0.0059688245683065955,0.01075013982749477,0.013776166236360647,0.006772039308510493,0.002929258716233068,1.0,0.008339450096617514,0.011961117633567235,0.0040213092391286,0.005224651365468334,0.018484586293481306,0.013235846265606524,8.810388581721375E-4,0.029914565524943232,0.01060465884401812,0.012796942235811327,0.013927482865619276,0.011873787722438828,0.00626525149174827,0.013158087157532963,0.005513912795835926,0.033960576271062984,0.00730405374850944,0.010745620009272644,0.02125290104151325,0.01212826867695728,0.008770671136571066,0.027004345048992837,0.017575671171554653,0.00727313335237004,0.004288119675019682,0.006905440397599602,0.002736464721924935,0.0021013784847992018,0.003843769092593145,9.669755217365962E-4],[4.0417020679551705E-4,0.014845403740256316,1.1203050919884277E-4,1.5407478797566822E-4,0.0041770051795891805,1.5300806820135455E-4,4.17786132803667E-4,5.000324782768995E-4,1.6137492891169818E-4,0.004473580959368839,0.02050015432225368,1.6092608009549486E-4,1.366588235410839E-4,0.008339450096617514,1.0,0.002925659145142692,0.002799906777042771,8.291929881301698E-5,0.014310325590602012,1.9626337152105146E-4,3.310051639476717E-4,0.027652602517660482,1.2595797336149338E-4,0.00845099004942427,0.00576606043023941,3.0764207680863563E-4,1.4435866867245234E-4,0.003017306185688968,0.0021182962043713623,0.005495846265412301,1.7471310685995757E-4,0.0021954192296804263,0.002334509221098884,2.5064980229740763E-4,1.3596421251331245E-4,0.02967942756001518,0.019967695620526017,2.2518794601329007E-4,0.0016872116809174937,1.6015506064409214E-4,0.0011775695582859865,1.7851179638314816E-4,5.731079097855042E-4,3.800453192402737E-4],[0.004736715383952681,0.013976912952496959,0.002364369593585491,0.0015707757892619236,0.007630475589160526,0.005506932834649552,0.0015735118643710744,0.007660260144014422,0.0058647577209385675,0.0077340335525274235,0.021687485578543025,0.002565283689263508,0.003977872972741163,0.011961117633567235,0.002925659145142692,1.0,0.0072190762769474715,0.0065736546423093775,0.01475073117921953,0.0063989144764223516,0.007912985139654874,0.01985573317589226,0.007944002780240305,0.00813776927454232,0.011845521679844807,0.003212606170948851,0.006439692991067346,0.010528128560699878,0.0059523382000179524,0.008764992412431056,0.0063878780173841215,0.005703704368782607,0.021752597515509547,0.007417365005445239,8.243477445176603E-4,0.0093785186945723,0.014782962685900819,0.0035996693634161876,0.0035369035795438926,0.0023153080084919783,0.0031457613389600193,0.002969776872104122,0.007369539061082319,0.0018712858753263243],[0.0027787077801054005,0.011312404459006468,0.0024050956378999224,0.0019669366565980935,0.003388687606490412,0.0021712243261798304,0.0025633358476045485,0.003137916170969049,0.002807414101723167,0.0036260383713700587,0.015174742584793519,0.0011266671249229214,5.222464195972002E-4,0.0040213092391286,0.002799906777042771,0.0072190762769474715,1.0,0.0013426328322767554,0.00971299526131094,0.002793736958636407,0.0010364347441807458,0.011842229543342924,0.0014448880418670561,0.006397763707286995,0.0031607375391317755,5.528533652766892E-4,0.0016290980159049595,0.01202316747117834,0.00250121217284084,0.011749434070837048,0.002649359889959362,0.0028221339191584196,0.016532778138362354,0.002738691073418207,0.002830465602290416,0.011382829281756551,0.013304743499785086,0.002754497436517473,0.0028519821145456393,0.0025734017327007416,0.0018910540103030794,0.0018726638837044621,0.0026760829004109352,6.625856056924558E-4],[8.35380874805545E-4,0.005113400126853862,3.749041551264281E-5,7.449285285742314E-5,0.0048236580411232365,1.112172041571504E-4,1.4970983508329604E-4,0.003055209980951514,8.416406254979582E-5,0.005175529354430055,0.012288916148947782,1.3524439370301262E-4,1.0112187409835844E-4,0.005224651365468334,8.291929881301698E-5,0.0065736546423093775,0.0013426328322767554,1.0,0.004374566084829084,1.8710308331530245E-4,2.739436844972085E-4,0.02656390445785686,8.532298958357465E-5,0.004870252164356408,0.001902938445074429,4.756028274823992E-5,3.823744883978118E-5,0.011487988392207691,6.057917462610997E-4,0.015413297931871585,2.4144926785246232E-4,0.0018851829076378531,0.019507094835848334,0.0018633141822364235,4.439110707777238E-5,0.01980913449349865,0.03103878781871525,9.603815907743062E-5,2.470890724413981E-4,1.2505098554578084E-4,9.857610551580575E-4,5.09489142913151E-4,8.664922217805936E-4,2.5926922403410918E-5],[0.00921700877415716,0.015183645294050198,0.02049050779928902,0.010212389327603384,0.020196171751529074,0.001563493775807292,0.01206228374189228,0.005643492906155302,0.014632158051464398,0.010549094865644142,0.022506967535579597,0.01686962956423047,0.011588855610606475,0.018484586293481306,0.014310325590602012,0.01475073117921953,0.00971299526131094,0.004374566084829084,1.0,0.005907771965455177,0.0068647378221517825,0.032520890680111984,0.015382915737780646,0.021318063296249898,0.0168585445354299,0.0148296663969404,0.0023646414541711232,0.015355816160115394,0.0033207022196142613,0.03535413348242586,0.01810868757558822,0.020612610290698392,0.022157644833164885,0.008564899107900214,0.008014171701081246,0.030833768268093933,0.029460974401890466,0.013476224660713123,0.014043056467280862,0.010982288880463128,0.007778394332010267,0.01997135375382144,0.0022989859118571097,0.01362434465874308],[0.0016323298238137664,0.008888845929790055,1.5592425878920927E-4,1.6863981629212452E-4,5.165592090818362E-4,1.8139957661549965E-4,3.1649335175254473E-4,0.0013979011401440184,2.26625106349825E-4,7.477987926049478E-4,0.01056724071831427,1.92380372161592E-4,1.3278867669288226E-4,0.013235846265606524,1.9626337152105146E-4,0.0063989144764223516,0.002793736958636407,1.8710308331530245E-4,0.005907771965455177,1.0,3.3604694572310535E-4,0.027650892256290048,1.5983825983191037E-4,0.0011513021312380325,0.003378849637763129,2.2206389806855555E-4,1.4437401244979015E-4,0.010710211559829362,2.604140297567623E-4,0.00898737341954125,7.843521007259248E-4,0.002469708010432656,0.010663956723336872,0.0010831180445968508,2.0675404098431186E-4,0.006715818418459429,0.028369887591704633,0.00161395787768008,0.0025381064290936985,1.7382852356356002E-4,0.0012692696695445994,8.678674999450859E-4,9.91334471963841E-4,3.458762588011039E-4],[0.002022283375133572,0.012495572557318039,1.5789598638882556E-4,3.4101730357413E-4,0.004037453447013247,1.8492855639474853E-4,4.118951181047974E-4,7.807082441298994E-4,4.191693006414802E-4,0.0035158227456298435,0.0021018812592615748,2.6454737086799236E-4,1.904662121058322E-4,8.810388581721375E-4,3.310051639476717E-4,0.007912985139654874,0.0010364347441807458,2.739436844972085E-4,0.0068647378221517825,3.3604694572310535E-4,1.0,0.001425023156937693,2.9486426833117476E-4,0.004991393092064173,0.001273596761448182,3.9244227749371275E-4,1.3938572918577145E-4,0.0050682293006111415,0.0020077324141409367,0.0046604950486811144,4.2358647484752636E-4,0.002665503372983507,0.017936083701976524,7.958474589576747E-4,1.3744504706190457E-4,0.010350609853496364,0.044274554990933926,0.0010979246008705455,0.002461197010065532,2.8722381357609026E-4,9.582236414486969E-4,0.0010899021578889192,4.6213803684397217E-4,5.84235280054949E-4],[0.023482255557640226,0.02341558734484246,0.035707921833475535,0.013017070241977976,0.02150135396103698,0.011179965290006103,0.029631625668211176,0.023578813318645277,0.008426456669397838,0.018314471824240605,0.02281610994897546,0.0029462326281411862,0.004608676818288172,0.029914565524943232,0.027652602517660482,0.01985573317589226,0.011842229543342924,0.02656390445785686,0.032520890680111984,0.027650892256290048,0.001425023156937693,1.0,0.01125682544985605,0.03561730801429157,0.03228896782076787,6.40683235563602E-4,0.016957737297523687,0.020850652965692648,0.0286576616111131,0.037315301694562,0.015178748970748111,0.02714779617777576,0.02921246797541141,0.0043691432758774735,0.01721588682221803,0.0339344570980044,0.040257213193407575,0.020752715841166697,0.031467091119886326,0.030250464737598414,0.010545705713433341,0.022529004394774215,0.026735847625578943,0.012049026930135858],[0.002418886217818621,0.007485726403147882,1.0255605970650478E-4,1.3522685217051868E-4,0.0017389986834506679,1.0744598060116178E-4,2.916707738074845E-4,8.610663660972248E-4,3.656285364094724E-4,0.004856427342558508,0.008416129106127837,1.40813794327436E-4,1.0769886378740368E-4,0.01060465884401812,1.2595797336149338E-4,0.007944002780240305,0.0014448880418670561,8.532298958357465E-5,0.015382915737780646,1.5983825983191037E-4,2.9486426833117476E-4,0.01125682544985605,1.0,0.0028270102288210286,0.008382329079170208,2.253477384135868E-4,1.0512765980642305E-4,0.007509142253046177,0.0018931394774899526,0.01936628987144,4.5309678549161256E-4,0.001032914481801075,0.008358354328736724,0.0017207863565091935,1.0919055410323289E-4,0.005345508314760089,0.0065968352697492625,7.270997408354309E-4,0.0010058325584128202,1.1963097606886074E-4,2.4721759308130714E-4,6.331156840382986E-4,6.955045335381332E-4,5.698482060768358E-4],[0.004341694254253751,0.01062117218287688,0.0012612412630657855,0.0011371178570222045,0.007148474943889039,8.119525029347823E-4,0.003067248969121309,0.004215608135930763,0.008818423020563295,0.008329475764126359,0.01566632684168362,0.006108568498806791,0.008102142690970775,0.012796942235811327,0.00845099004942427,0.00813776927454232,0.006397763707286995,0.004870252164356408,0.021318063296249898,0.0011513021312380325,0.004991393092064173,0.03561730801429157,0.0028270102288210286,1.0,0.012274488246418157,0.008683367955328349,6.572982064320685E-4,0.010615893840122057,0.007580132304943886,0.0237000090499091,0.0027625999865428788,0.0053940141371747255,0.017524824025202487,0.006079326128795099,0.0025335759471132933,0.030502169975172144,0.018120223726951573,0.007993207291300276,0.005693540501358082,7.941635164882779E-4,0.00812443348215338,0.0060328877174941325,0.005932562062206902,0.00875364784106618],[0.002917001052302485,0.015239743606966649,0.011800406701330401,0.009329068732239631,0.013280511194535726,0.007587860514069116,0.002311043806247773,0.00742727728297485,0.0021112758091706716,0.013743245205863498,0.020643439787035905,0.014890940857682312,0.011541383535110507,0.013927482865619276,0.00576606043023941,0.011845521679844807,0.0031607375391317755,0.001902938445074429,0.0168585445354299,0.003378849637763129,0.001273596761448182,0.03228896782076787,0.008382329079170208,0.012274488246418157,1.0,0.009246743177244204,0.0028048119366247955,0.015105619872404148,0.01289916381798199,0.01916822370264065,0.014430002105181264,0.008088859452560448,0.02114131711406512,0.006772576541308859,0.006039559022549454,0.03183029046587586,0.045133530032708424,0.007857073510664501,0.006402182422746474,0.005064982051092971,0.004101925604857482,0.015266316020158403,0.010828087727705814,0.0062489772634639566],[0.0013592874773333114,0.008788649512274599,3.0177353842598975E-4,2.2886892889328737E-4,0.002490672597999486,2.6801212224358546E-4,4.1577395811786904E-4,0.0019495501892945045,4.562432468186335E-4,8.293431053306654E-4,0.0018247641481114506,2.500441252344053E-4,2.982753326534006E-4,0.011873787722438828,3.0764207680863563E-4,0.003212606170948851,5.528533652766892E-4,4.756028274823992E-5,0.0148296663969404,2.2206389806855555E-4,3.9244227749371275E-4,6.40683235563602E-4,2.253477384135868E-4,0.008683367955328349,0.009246743177244204,1.0,2.0379127845195403E-4,0.006214590209151732,0.0013598016581507708,0.032770001619723016,5.393034604602935E-4,0.001364112590635197,0.004512303804799736,5.03059430305388E-4,2.4626998534436943E-4,0.02346560570844348,8.057722305583367E-4,0.0010545386801964274,0.0011986940287521566,1.9913054336663052E-4,6.235411539676407E-4,0.001232930350545131,5.759862389363895E-4,4.313383037566652E-4],[0.001356697359248345,0.010478468639102987,1.0134002526281033E-4,1.2000604679302298E-4,0.0047957853841128035,1.448597710006134E-4,1.2074573521211907E-4,6.633319967727533E-4,4.603510210922958E-4,0.00490422911399002,0.00728598444905957,1.3934561745340858E-4,1.0702236483410204E-4,0.00626525149174827,1.4435866867245234E-4,0.006439692991067346,0.0016290980159049595,3.823744883978118E-5,0.0023646414541711232,1.4437401244979015E-4,1.3938572918577145E-4,0.016957737297523687,1.0512765980642305E-4,6.572982064320685E-4,0.0028048119366247955,2.0379127845195403E-4,1.0,0.011507569544343595,0.002120155258317252,0.01203878871078806,7.433713389794061E-4,0.0019645580737727934,0.0034919305182334955,5.440452343132961E-4,1.0745547673051548E-4,0.003984108578288101,0.012055622051138897,5.76215903346127E-4,6.554934377246854E-4,1.2137628496313649E-4,4.503333760950282E-4,1.9730064450213463E-4,4.82279543449392E-4,3.3581873579803057E-4],[0.003628994560578961,0.012708165049023112,1.731051703924528E-4,0.009201773732402966,0.008680052978041045,0.0030227587245461843,0.007208295245769957,0.00472593923428476,0.009627122522515151,0.010532845331868372,0.02235819925674013,0.0030208179356072213,0.011828382043364954,0.013158087157532963,0.003017306185688968,0.010528128560699878,0.01202316747117834,0.011487988392207691,0.015355816160115394,0.010710211559829362,0.0050682293006111415,0.020850652965692648,0.007509142253046177,0.010615893840122057,0.015105619872404148,0.006214590209151732,0.011507569544343595,1.0,0.004769466491916673,0.0172597136578208,0.009279082730273305,0.00526072450674756,0.021239066419915922,0.00904435936522012,0.011545331835686474,0.01841115734324154,0.0254039411599186,0.009075709905405469,0.011684055041800957,0.011742739428208164,0.0020070064248984597,0.007002771569774819,0.005495222887480075,0.003001341135890725],[0.002502785222305805,0.0056116674710401,0.0015356607709882987,2.504031581354177E-4,0.0026063769569199197,0.001721246807610214,0.001637482760571456,0.0029504754581676116,0.0017441008707519278,0.0035633158303965576,0.013973346932068266,0.0014630700764748674,0.0015182742250385694,0.005513912795835926,0.0021182962043713623,0.0059523382000179524,0.00250121217284084,6.057917462610997E-4,0.0033207022196142613,2.604140297567623E-4,0.0020077324141409367,0.0286576616111131,0.0018931394774899526,0.007580132304943886,0.01289916381798199,0.0013598016581507708,0.002120155258317252,0.004769466491916673,1.0,0.027125494935241842,0.0015899490889960488,0.002515968280306066,0.0031564644858898326,0.002202778773698106,0.0013742429766184694,0.012900223417274174,0.04477179579495728,0.002161443507336877,0.0027496541303625574,0.0014265768685219034,0.0020306516429376776,0.0021246361841790375,0.002024834299294677,6.247905700145021E-4],[0.03552590401596155,0.038882500532913866,0.01685327998837979,0.03891441854398812,0.03906522641437768,3.7965235261353247E-4,0.012414197516224985,0.01095458571780417,0.014084459705741082,0.026644503935686886,0.03938342733669633,0.006380402320724075,0.015314071890942554,0.033960576271062984,0.005495846265412301,0.008764992412431056,0.011749434070837048,0.015413297931871585,0.03535413348242586,0.00898737341954125,0.0046604950486811144,0.037315301694562,0.01936628987144,0.0237000090499091,0.01916822370264065,0.032770001619723016,0.01203878871078806,0.0172597136578208,0.027125494935241842,1.0,0.0018350520463700625,0.00966373232868409,0.024175308166671117,0.007328130285171615,0.0367448788018225,0.0346417884937935,0.04259785459992871,0.03265027160274332,0.02102599471846842,4.3316376084631247E-4,0.01956345403782896,0.02655031998270312,0.004188705619971032,0.02147847173568721],[0.0012813447955376189,0.006367375371693887,6.703747721073813E-4,2.64165684437794E-4,0.0012008233572079806,4.7731926932302225E-4,7.875121497807417E-4,0.002769901251173398,8.572477247099234E-4,0.0022213673284692467,0.01975364226887971,7.589646035217668E-4,4.4518556491896557E-4,0.00730405374850944,1.7471310685995757E-4,0.0063878780173841215,0.002649359889959362,2.4144926785246232E-4,0.01810868757558822,7.843521007259248E-4,4.2358647484752636E-4,0.015178748970748111,4.5309678549161256E-4,0.0027625999865428788,0.014430002105181264,5.393034604602935E-4,7.433713389794061E-4,0.009279082730273305,0.0015899490889960488,0.0018350520463700625,1.0,0.0014155495261864571,0.019152024767236188,0.0022068753055661788,6.396786794145026E-4,0.01254104874672034,0.037315694120769266,0.0012442644936596398,0.0019253880747633705,8.41687932025358E-4,0.0012260107614816616,0.0015310098938849073,0.0011321224371457813,9.294516232933558E-4],[0.0026525260084496564,0.003222628349783157,0.0014157653243225983,0.0012192692954595755,0.006349680081422922,0.001872698645663834,0.0018911870677429678,0.002752697699826698,0.0013904680862851708,0.00301204990502823,0.006461233142894066,8.537033950028113E-4,0.0016038674967918565,0.010745620009272644,0.0021954192296804263,0.005703704368782607,0.0028221339191584196,0.0018851829076378531,0.020612610290698392,0.002469708010432656,0.002665503372983507,0.02714779617777576,0.001032914481801075,0.0053940141371747255,0.008088859452560448,0.001364112590635197,0.0019645580737727934,0.00526072450674756,0.002515968280306066,0.00966373232868409,0.0014155495261864571,1.0,0.014491973927419018,0.002227852084296069,0.0017928410030016264,0.013017045066057545,0.014349467371099222,0.002043058316749642,0.0027852785589038364,0.001857682768221894,0.0018341476557410079,0.0025863961935509456,0.0023356232056792976,0.0012351263054330664],[0.011350400111735751,0.02181509417829293,0.0069021964041293665,0.020320050216054857,0.01873602174604577,0.0029364069899300133,0.01748278934984241,0.017195840543251215,0.015696228714925646,0.008793197610732733,0.02245271745707838,0.0017725653623530944,0.012813488224631119,0.02125290104151325,0.002334509221098884,0.021752597515509547,0.016532778138362354,0.019507094835848334,0.022157644833164885,0.010663956723336872,0.017936083701976524,0.02921246797541141,0.008358354328736724,0.017524824025202487,0.02114131711406512,0.004512303804799736,0.0034919305182334955,0.021239066419915922,0.0031564644858898326,0.024175308166671117,0.019152024767236188,0.014491973927419018,1.0,0.00932801380841085,0.005426751576465182,0.025961292751519073,0.02331537809512072,0.013736039529696063,0.00789771775334276,0.014160593206908413,0.0046939590668500794,0.0025288000409515224,0.013779057912268704,0.0020592049555701853],[0.0023049843907551005,0.009315507713835089,1.8562756204411904E-4,3.971157516670811E-4,0.004851388161651522,4.6249219060762094E-4,0.0014039820078195645,0.002852436206449519,6.194048452971049E-4,0.003999993672267748,0.01817428148070051,0.002178386826252175,0.0010910036659753147,0.01212826867695728,2.5064980229740763E-4,0.007417365005445239,0.002738691073418207,0.0018633141822364235,0.008564899107900214,0.0010831180445968508,7.958474589576747E-4,0.0043691432758774735,0.0017207863565091935,0.006079326128795099,0.006772576541308859,5.03059430305388E-4,5.440452343132961E-4,0.00904435936522012,0.002202778773698106,0.007328130285171615,0.0022068753055661788,0.002227852084296069,0.00932801380841085,1.0,9.774511947497151E-4,0.003582096112014872,0.026035527498979895,0.001780364430824775,0.002247167910852608,6.674654055290254E-4,0.0015216124867608646,0.0016311807718255842,0.0013850827216946664,7.055321795745313E-4],[0.0021296637439599734,0.01096041619577308,1.0728291839312931E-4,1.3154313676662886E-4,1.53019501875295E-4,1.520038494674379E-4,2.808426951636017E-4,3.0505192493150723E-4,1.5601921616885067E-4,0.002778279849166105,0.022078408580384876,1.8021168406731842E-4,1.2683740610511932E-4,0.008770671136571066,1.3596421251331245E-4,8.243477445176603E-4,0.002830465602290416,4.439110707777238E-5,0.008014171701081246,2.0675404098431186E-4,1.3744504706190457E-4,0.01721588682221803,1.0919055410323289E-4,0.0025335759471132933,0.006039559022549454,2.4626998534436943E-4,1.0745547673051548E-4,0.011545331835686474,0.0013742429766184694,0.0367448788018225,6.396786794145026E-4,0.0017928410030016264,0.005426751576465182,9.774511947497151E-4,1.0,0.009284515660872208,0.014876025749779911,0.0015850988164283404,0.0026506665330032634,1.6857469315781888E-4,1.6437848668710605E-4,0.0011299590332736857,2.6386635950540426E-4,5.3408345189519E-4],[0.02513663621870016,0.02849552352398946,0.01979667550682363,0.0035336424085004774,0.008390909627098845,0.02325861523676155,0.010641332955583158,0.029261887142317727,0.015117662815162563,0.025276045229454442,0.027396825816654723,0.017313051928980465,0.005123991485952364,0.027004345048992837,0.02967942756001518,0.0093785186945723,0.011382829281756551,0.01980913449349865,0.030833768268093933,0.006715818418459429,0.010350609853496364,0.0339344570980044,0.005345508314760089,0.030502169975172144,0.03183029046587586,0.02346560570844348,0.003984108578288101,0.01841115734324154,0.012900223417274174,0.0346417884937935,0.01254104874672034,0.013017045066057545,0.025961292751519073,0.003582096112014872,0.009284515660872208,1.0,0.04006606810981165,0.027419687677769148,0.026230268742088367,0.002288297353461957,0.01545746031075967,0.016375466124251132,0.02491327042997426,0.009314352058279947],[0.0429381154391235,0.042025356016623695,0.018813879538729643,0.006026797865682849,0.047023821311365586,0.008752795507902863,0.022120639097296727,0.023490493063429912,0.026286669898964728,0.008029415999395332,0.0415396956331123,0.020396307125589833,0.036293407454132745,0.017575671171554653,0.019967695620526017,0.014782962685900819,0.013304743499785086,0.03103878781871525,0.029460974401890466,0.028369887591704633,0.044274554990933926,0.040257213193407575,0.0065968352697492625,0.018120223726951573,0.045133530032708424,8.057722305583367E-4,0.012055622051138897,0.0254039411599186,0.04477179579495728,0.04259785459992871,0.037315694120769266,0.014349467371099222,0.02331537809512072,0.026035527498979895,0.014876025749779911,0.04006606810981165,1.0,0.02880696668027212,0.04255409774092479,0.007085715986038869,0.013267548592610517,0.02736740887425007,0.039641209572500676,0.006519793258730648],[0.0021205097017355677,0.0058231760943314665,1.7568014195134917E-4,6.755382687994833E-4,0.003632321998011112,0.0011400931798634037,8.44411351766258E-4,0.0025076982639707446,0.0015200656741390895,0.005307402807513358,0.01519393243828829,4.447479767004098E-4,0.0011727401148375132,0.00727313335237004,2.2518794601329007E-4,0.0035996693634161876,0.002754497436517473,9.603815907743062E-5,0.013476224660713123,0.00161395787768008,0.0010979246008705455,0.020752715841166697,7.270997408354309E-4,0.007993207291300276,0.007857073510664501,0.0010545386801964274,5.76215903346127E-4,0.009075709905405469,0.002161443507336877,0.03265027160274332,0.0012442644936596398,0.002043058316749642,0.013736039529696063,0.001780364430824775,0.0015850988164283404,0.027419687677769148,0.02880696668027212,1.0,0.0017782446747515181,0.0013735468038370475,0.0013394207204034275,0.0015831378495907344,0.0014315219572244556,0.00153905117209434],[0.0026090968339040075,0.011300789558814877,0.0027669913306921632,0.0019223200983806792,0.006343704426554543,0.001812034427184291,0.0015620964717963952,0.00301529218130475,0.0021195079126190776,0.003909924118187109,0.018858419321723954,0.0011040764144433935,0.0024124766685682084,0.004288119675019682,0.0016872116809174937,0.0035369035795438926,0.0028519821145456393,2.470890724413981E-4,0.014043056467280862,0.0025381064290936985,0.002461197010065532,0.031467091119886326,0.0010058325584128202,0.005693540501358082,0.006402182422746474,0.0011986940287521566,6.554934377246854E-4,0.011684055041800957,0.0027496541303625574,0.02102599471846842,0.0019253880747633705,0.0027852785589038364,0.00789771775334276,0.002247167910852608,0.0026506665330032634,0.026230268742088367,0.04255409774092479,0.0017782446747515181,1.0,0.0026040497605596584,0.0013895999668931695,0.0018244646046418418,0.0026212492195381775,0.0015529895270625367],[0.0017151332175328062,0.004658215809065527,1.1557594721438889E-4,1.642521264784264E-4,0.0013065883176533724,1.7081800662585488E-4,4.184622293417939E-4,0.0020677705860040895,1.9555237077111654E-4,0.0016795849810380221,0.0067124966623489345,1.871631937326111E-4,1.6943332398095304E-4,0.006905440397599602,1.6015506064409214E-4,0.0023153080084919783,0.0025734017327007416,1.2505098554578084E-4,0.010982288880463128,1.7382852356356002E-4,2.8722381357609026E-4,0.030250464737598414,1.1963097606886074E-4,7.941635164882779E-4,0.005064982051092971,1.9913054336663052E-4,1.2137628496313649E-4,0.011742739428208164,0.0014265768685219034,4.3316376084631247E-4,8.41687932025358E-4,0.001857682768221894,0.014160593206908413,6.674654055290254E-4,1.6857469315781888E-4,0.002288297353461957,0.007085715986038869,0.0013735468038370475,0.0026040497605596584,1.0,0.0010275378232667731,6.789814434164659E-4,4.3466842375582804E-4,5.811184303213112E-4],[0.002434339505013516,0.007434840947676301,3.27539553723114E-4,2.749494303321725E-4,0.0020271617091964394,0.0012814279544108736,4.296040449596649E-4,0.0032476493784893102,0.0012602465979776652,0.0022209614803114317,0.012802471805746807,9.577408524129541E-4,2.7303007359895897E-4,0.002736464721924935,0.0011775695582859865,0.0031457613389600193,0.0018910540103030794,9.857610551580575E-4,0.007778394332010267,0.0012692696695445994,9.582236414486969E-4,0.010545705713433341,2.4721759308130714E-4,0.00812443348215338,0.004101925604857482,6.235411539676407E-4,4.503333760950282E-4,0.0020070064248984597,0.0020306516429376776,0.01956345403782896,0.0012260107614816616,0.0018341476557410079,0.0046939590668500794,0.0015216124867608646,1.6437848668710605E-4,0.01545746031075967,0.013267548592610517,0.0013394207204034275,0.0013895999668931695,0.0010275378232667731,1.0,0.0015241664004148681,0.0013261913683150655,0.0011001024280873793],[0.0019871616007722964,0.007785452524709,7.003173112033306E-4,5.732282962895518E-4,0.0018884479098568228,0.0011657297675304054,5.968743360954152E-4,0.0017293680786442608,0.0012487672451117347,0.0033662156700671863,0.02131503414699744,0.0012136594322943975,0.001286382574375278,0.0021013784847992018,1.7851179638314816E-4,0.002969776872104122,0.0018726638837044621,5.09489142913151E-4,0.01997135375382144,8.678674999450859E-4,0.0010899021578889192,0.022529004394774215,6.331156840382986E-4,0.0060328877174941325,0.015266316020158403,0.001232930350545131,1.9730064450213463E-4,0.007002771569774819,0.0021246361841790375,0.02655031998270312,0.0015310098938849073,0.0025863961935509456,0.0025288000409515224,0.0016311807718255842,0.0011299590332736857,0.016375466124251132,0.02736740887425007,0.0015831378495907344,0.0018244646046418418,6.789814434164659E-4,0.0015241664004148681,1.0,0.001340839003303796,7.457023487492706E-4],[0.00233472882903898,0.010597052495050848,8.160824762509314E-4,4.166640377810305E-4,0.0029172374855039093,9.655602881456807E-4,7.937494023575215E-4,0.0025277793529294443,0.0011600804978786502,0.005444897237620648,0.020389083813501935,9.805001621182201E-4,8.17962386378035E-4,0.003843769092593145,5.731079097855042E-4,0.007369539061082319,0.0026760829004109352,8.664922217805936E-4,0.0022989859118571097,9.91334471963841E-4,4.6213803684397217E-4,0.026735847625578943,6.955045335381332E-4,0.005932562062206902,0.010828087727705814,5.759862389363895E-4,4.82279543449392E-4,0.005495222887480075,0.002024834299294677,0.004188705619971032,0.0011321224371457813,0.0023356232056792976,0.013779057912268704,0.0013850827216946664,2.6386635950540426E-4,0.02491327042997426,0.039641209572500676,0.0014315219572244556,0.0026212492195381775,4.3466842375582804E-4,0.0013261913683150655,0.001340839003303796,1.0,6.180785478720882E-4],[0.0016928931067135104,0.007460696174981575,2.1484888892534784E-4,4.491516981779773E-4,0.004702608501214706,1.9248454392849928E-4,5.158404622424258E-4,0.0013933929915441086,5.859144614361641E-4,0.003657901107373064,0.01756222022836957,3.7277340798864164E-4,4.4181030606394036E-4,9.669755217365962E-4,3.800453192402737E-4,0.0018712858753263243,6.625856056924558E-4,2.5926922403410918E-5,0.01362434465874308,3.458762588011039E-4,5.84235280054949E-4,0.012049026930135858,5.698482060768358E-4,0.00875364784106618,0.0062489772634639566,4.313383037566652E-4,3.3581873579803057E-4,0.003001341135890725,6.247905700145021E-4,0.0214784717356872