[[1.0,3.3620636612522847E-4,1.4783162663387761E-4,1.1487686303479137E-4,9.2486944133888E-4,0.0011065877238484443,4.2432064222790974E-5,2.4082896999650042E-4,3.1514758674391474E-4,8.880876233652604E-5,1.872860735117481E-4,5.772497212423386E-4,4.938865905268448E-5,0.0037607416574618083,9.423490593728318E-4,4.796381083967332E-4,9.700269081068333E-5,8.334595309680566E-5,0.0012348869437238134,8.930333837581554E-5,6.765197564141516E-5,5.052052725433417E-4,0.007773094570188106,0.009782498995749211,1.101126879980926E-4,1.6858155051261374E-4,0.008606966179632029,0.008715852473098997,6.134993269232201E-5,4.567811239879955E-5,6.51019364182035E-5,4.3693975724148925E-4,5.749695803669644E-4,8.025519235458939E-4,0.002424706162681402,8.030362270408024E-5,8.840623102373865E-5,0.006422881418656193,0.00697860321005249,5.004522037965819E-4,0.0026833580837354507,0.00877430257128641,0.0023059310548912276,0.0011969612130984062,5.354325443235183E-5,0.018170739825770044],[3.3620636612522847E-4,1.0,6.405594569225116E-4,4.6813903971178005E-4,7.015366875357217E-4,6.706508052654546E-4,8.699570265935289E-5,5.485122316891359E-4,4.571642594569175E-4,4.509506671521222E-4,0.0015235655391275804,5.838961411677093E-4,5.4892023763128E-4,0.008330751726283463,7.992088512660384E-4,5.988783498207302E-4,1.6898118945375646E-4,5.174142651186358E-4,0.0016164979863836772,4.081975706291333E-4,4.7665240875061207E-4,5.924207667619024E-4,0.005583684773883853,0.020086544981365438,2.2025526793138174E-4,2.469366292023815E-4,0.012922327198007894,0.006337502894383831,7.038831261091615E-5,1.7536759614541347E-4,9.938330945207451E-5,9.77294366498166E-4,7.27428143125658E-4,0.0011772424892085155,8.034418404822949E-4,3.767898630119969E-4,5.008875663599759E-4,0.007553054009691334,0.004569301163277414,0.003137390269267134,0.002590409249307954,0.009513333133026597,0.0015257773994857618,0.001007030666725866,3.651134104210563E-4,0.018350849933923715],[1.4783162663387761E-4,6.405594569225116E-4,1.0,0.0013285883136352776,0.0013841511058475364,0.0013270287138298057,9.672859005131718E-4,9.070938119807167E-4,0.001239608256274918,5.422843655710683E-4,0.0015649156395720265,8.477142751436098E-4,7.69599719828448E-4,0.01560823314032334,0.0014423792592257213,0.0012783708609458045,6.175992871998743E-4,9.221957999059197E-4,0.0016026518789072181,0.0012025944124727534,5.715915281687986E-4,0.0016558380872386817,0.009820829526643534,0.010837173186238516,0.0011275353200277064,0.0014772204136029728,0.012250355886830626,0.010011214137524089,2.2832940341350374E-4,0.0014510895475411047,9.389937136824084E-4,0.001527853327848566,0.001309319019859776,0.0014068336421467443,0.001965558708404851,4.095300718913209E-4,3.160766376995899E-4,0.009883049023734084,0.004534780840034478,0.0034921379880498062,0.004543139489258606,0.010392936825902064,0.002665864753946633,0.0014545830293430807,7.309806287649023E-4,0.010059907942586392],[1.1487686303479137E-4,4.6813903971178005E-4,0.0013285883136352776,1.0,5.943903026036276E-4,9.29094853273939E-4,1.0129058914189375E-4,1.5520817286033848E-4,1.302697000661243E-4,1.2997749598485844E-4,1.819931906149585E-4,4.141384824600252E-4,3.576957064548774E-5,0.012279169114819386,3.170024431411471E-4,3.257499487956797E-4,1.0236109381551772E-4,1.2390881857833797E-4,0.0017002322499455884,1.1879265602088892E-4,6.274857107665088E-5,0.002058631263836636,0.005221054136434458,0.007542441117182286,1.4892523765197007E-4,1.3906381903412053E-4,0.007332911141602084,0.013901007824672261,4.3844514378320844E-5,3.4045822128136975E-5,1.1598268290175744E-4,1.709930847915873E-4,5.302680268660569E-4,9.712168320756193E-4,0.0011788425457707572,1.2727288492225816E-4,9.413593855899884E-5,0.007974403161651688,0.007740962985183188,8.057446748561561E-4,0.003713976577571468,0.0076042773558690335,0.0019052251153866147,5.833638856202025E-4,7.415879722985805E-5,0.0026377180510954194],[9.2486944133888E-4,7.015366875357217E-4,0.0013841511058475364,5.943903026036276E-4,1.0,0.001209951721893923,5.912888446115737E-4,3.926301726646785E-4,0.0011226652480441502,2.696118128718277E-4,0.0015153843641147805,6.869420424533595E-4,1.902053715023419E-4,0.01008091717866979,0.0011709901046800472,0.0011934712975012962,9.463058482808615E-4,0.00123340129122562,0.0016858124559746893,0.0011940439597715952,2.0005022222345663E-4,0.001330477750122626,0.0032706919442006743,0.021063940407185896,6.611486137622774E-4,0.0010051713715342452,0.008943008698368105,0.009295378541719473,0.0010373398451524146,9.930626005440946E-4,9.166480833815236E-4,0.001340903992670692,0.001094787643291589,0.0012344916596231685,0.0017708139802588637,4.764000185663868E-4,0.0011573527913270188,0.006920310680672751,0.006571765578020806,0.004261191825088455,0.0022805795786150843,0.0073278421074516155,0.0016161198894764643,0.0012616661116486203,6.522450112146304E-4,0.014316519035051862],[0.0011065877238484443,6.706508052654546E-4,0.0013270287138298057,9.29094853273939E-4,0.001209951721893923,1.0,9.080397636241879E-4,8.162369588329085E-4,4.8169635970263854E-4,0.0010110989969397191,0.0013455154167095102,8.110270481279981E-4,0.0011218302536721786,0.01241960567927595,0.001026222342408686,8.479494524259498E-4,8.060125033279456E-4,2.0824470416590978E-4,0.001601359117155638,1.5686655834885004E-4,6.819725462306068E-4,0.0018570506966032337,0.003929832572975013,0.02031439568305457,8.71979600820051E-4,5.287577540270723E-4,0.00475920862900919,0.006167457888158292,1.8336195941804669E-4,6.438999615960451E-4,2.568935104599782E-4,0.0012102610630513346,0.0011114841154274775,0.00114199946693637,0.0016379993416851093,3.9264918607891076E-4,3.867207458124704E-4,0.014463837305852083,0.014509792470466909,0.004213013291573512,0.00165159986520356,0.004811937225090594,0.0025480210533574354,0.001171708861337485,8.214817582451575E-4,0.0019081996127200552],[4.2432064222790974E-5,8.699570265935289E-5,9.672859005131718E-4,1.0129058914189375E-4,5.912888446115737E-4,9.080397636241879E-4,1.0,7.764409566972253E-5,3.1614263227881616E-4,1.0124477699970823E-4,3.0717493442853873E-4,6.314671239766933E-4,1.6333656306500456E-5,0.016019537501886803,6.130044212395692E-4,1.2903515805696872E-4,4.4246354992140484E-5,5.1244436791042144E-5,0.00104813227538805,7.752340353699112E-5,1.9074536783234358E-5,3.389035367706389E-4,0.004293574847496348,0.016621460118773936,1.2865547061868498E-4,3.65939288781032E-5,0.01052896094785621,3.126415062434174E-4,2.3447261574475436E-5,2.0294819502741162E-5,5.82127058979397E-5,0.0012966466063141244,2.3517486537976578E-4,1.2147619739777639E-4,0.0016335637721969186,1.0687258596193773E-4,2.559240980320975E-5,0.00785435118209387,0.02431479304017188,0.0012167663827370822,9.931570911830123E-4,9.468226985047301E-4,0.005332586272133293,8.579671520919637E-4,2.694779256582662E-5,0.01187037560077027],[2.4082896999650042E-4,5.485122316891359E-4,9.070938119807167E-4,1.5520817286033848E-4,3.926301726646785E-4,8.162369588329085E-4,7.764409566972253E-5,1.0,3.0069808524518186E-4,1.37957565204214E-4,0.0010928818322613464,5.052101193067416E-4,7.772524497356971E-5,0.011314456720337625,4.165768308061175E-4,4.038629196177547E-4,2.3992348298555505E-4,1.4265779805635497E-4,0.0010466143705936657,2.570863981597956E-4,2.2989986329416062E-4,3.3541705304511915E-4,0.001369473681073099,0.01984266054325973,2.531581003789555E-4,2.24034763080043E-4,0.008770467862720304,0.0010618428145131554,2.0345925292190054E-4,1.2342908387730353E-4,6.668534479084623E-5,9.460099667722102E-4,8.599288542385465E-4,6.543280396687116E-4,0.0020678533514807214,2.454546138062906E-4,2.5888200843971555E-4,0.014511572991855442,0.006384058087740552,0.0013341946477199809,0.003984309228408626,0.003778393341580535,0.0015077041377774634,9.811302290096751E-4,1.377253705328272E-4,0.01039734025938448],[3.1514758674391474E-4,4.571642594569175E-4,0.001239608256274918,1.302697000661243E-4,0.0011226652480441502,4.8169635970263854E-4,3.1614263227881616E-4,3.0069808524518186E-4,1.0,1.4168892313471657E-4,6.736402935929767E-4,6.712406424736444E-4,1.7885533206076523E-4,0.008855724645124503,7.523920514868278E-4,5.963817467107725E-4,4.065884234725259E-4,1.254859110453578E-4,0.001130589704860098,4.0545424506579944E-4,5.9164182039563414E-5,0.0010630378387247678,0.0035442149151276737,0.02020578588275006,2.972905795043626E-4,1.941118595023701E-4,0.013153588145234894,0.013621238531809306,8.348062563466354E-5,3.234235976198388E-4,1.6376872642478383E-4,5.48306931193082E-4,8.049243579937536E-4,8.150972170973955E-4,0.001481935385813123,2.3408914068231206E-4,4.120662351107794E-4,0.008392028045768673,0.029318920748812143,0.0038351415856216968,0.004677257463914176,0.007979863603203748,0.0016668148759094949,6.729896300404882E-4,2.891794221344035E-4,0.021532442459912704],[8.880876233652604E-5,4.509506671521222E-4,5.422843655710683E-4,1.2997749598485844E-4,2.696118128718277E-4,0.0010110989969397191,1.0124477699970823E-4,1.37957565204214E-4,1.4168892313471657E-4,1.0,9.084610364815076E-4,3.9300580108296123E-4,1.8750757394914423E-5,0.007867352736044912,3.498536560105962E-4,6.147203737315429E-4,1.144247012256434E-4,1.2316826545359682E-4,2.8478566399808196E-4,1.223407275814847E-4,8.904895746178744E-5,2.827118812619749E-4,0.004130765647872475,0.016580277939913776,1.4465834910926145E-4,1.7903482056856265E-4,0.008751495625920048,0.00676486780133291,3.534528802223358E-5,1.161465922714114E-4,1.1364697850876264E-4,8.881976558002264E-4,5.815017510064778E-4,8.819706514268543E-4,0.0021918599972989587,1.3137243430189676E-4,1.2818676827482673E-4,9.957108046889898E-4,0.015369991686181427,0.002541028507457955,0.004115362680751709,0.009961298504084485,0.002045881077858347,8.820575686269105E-4,7.820459661081156E-5,0.0058453782864614405],[1.872860735117481E-4,0.0015235655391275804,0.0015649156395720265,1.819931906149585E-4,0.0015153843641147805,0.0013455154167095102,3.0717493442853873E-4,0.0010928818322613464,6.736402935929767E-4,9.084610364815076E-4,1.0,0.0010525880433703378,0.0010861003248811597,0.0064407590222068396,0.0011323201577052519,0.0014091068559074914,5.693077538070991E-4,6.505390713414139E-4,0.0018688194681981839,1.9812324662152195E-4,5.779715226625279E-4,0.0017707424026442437,0.0026236266625571927,0.008618015687838734,3.488748978501193E-4,0.0014216700892031014,0.0035761266910788536,0.009618800280582165,5.286761662938491E-4,2.5630811908958586E-4,4.289337100299828E-4,0.0015548177558335485,0.0011828528109120958,0.0011887324095115877,0.002814791420254843,8.350131403947221E-4,0.0011635079777309741,0.014677505357292736,0.02465060509935511,0.0037556286334459723,0.005141524669436832,0.0022156950019914814,0.004787729939698638,0.0013944490394828459,7.939272611338425E-4,0.0034084535766377567],[5.772497212423386E-4,5.838961411677093E-4,8.477142751436098E-4,4.141384824600252E-4,6.869420424533595E-4,8.110270481279981E-4,6.314671239766933E-4,5.052101193067416E-4,6.712406424736444E-4,3.9300580108296123E-4,0.0010525880433703378,1.0,5.902676130611729E-4,0.003319665381856732,9.81252630871842E-4,6.470733507818727E-4,4.280598104345339E-4,2.204192396462991E-4,7.017483668598063E-4,4.860339940848499E-4,6.439868468877142E-4,9.13301378977032E-4,0.001607785518197159,0.017822674939836768,1.9346254900451585E-4,2.905294667760098E-4,0.006457589889214429,0.009563661161505237,5.793218463816465E-4,1.3626223751488577E-4,6.118399358137014E-4,0.001392766735723042,0.0010261478995119504,0.00102312940628934,9.573582339396742E-4,3.5979028311788913E-4,4.031087918330503E-4,0.005179355523079923,0.026441598728240298,9.667946009198048E-4,0.005633990058078273,0.008655598663201198,8.409090198169021E-4,9.146306841283509E-4,3.4308921783900636E-4,0.014058803088776965],[4.938865905268448E-5,5.4892023763128E-4,7.69599719828448E-4,3.576957064548774E-5,1.902053715023419E-4,0.0011218302536721786,1.6333656306500456E-5,7.772524497356971E-5,1.7885533206076523E-4,1.8750757394914423E-5,0.0010861003248811597,5.902676130611729E-4,1.0,0.00817232399599453,5.296021827229005E-4,4.6822895413725737E-5,6.519242070865649E-5,4.639204623944807E-5,0.0011694890133674054,4.597456653203161E-5,1.3628169122409718E-5,8.212112825301595E-4,0.008636837855780176,0.015720475614896968,9.110575969144097E-5,6.054305952141071E-5,0.008589445192394943,0.010189831819984398,1.5199180823014471E-5,1.3639056589955674E-5,1.4333118240936703E-5,0.001244538104826751,7.757203171640047E-5,6.552787535696398E-5,3.2908526294812374E-4,1.0604078461743937E-4,7.928342863089233E-5,0.0010228683559963538,0.025415259337307247,0.0031775423135530683,0.004536783204655925,0.003755911865780363,0.004765973229450482,0.0012105884122445316,2.9278514885393144E-5,0.014946555476014768],[0.0037607416574618083,0.008330751726283463,0.01560823314032334,0.012279169114819386,0.01008091717866979,0.01241960567927595,0.016019537501886803,0.011314456720337625,0.008855724645124503,0.007867352736044912,0.0064407590222068396,0.003319665381856732,0.00817232399599453,1.0,0.008285430782978295,0.009488520682892345,0.002582192408777237,0.015905610992809443,0.0029872124494399483,0.007798970617315624,0.006403141119605745,0.00788751166516886,0.017379736665841753,0.01936129684695947,0.009162662267362162,0.015202225133858339,0.018228872258027433,0.01780490817138164,0.0112123092464758,0.01019352854403334,0.015876364045299782,0.010882210976754753,0.007268346846226698,0.006570492833912287,0.008230852069967431,0.004704962751112264,0.01286674266910269,0.017554608886397323,0.024985678006045075,0.00969249387058089,0.009193859411637667,0.011522373327042338,0.007168690909441703,0.01179252689340031,0.007105965111086716,0.019056783672080645],[9.423490593728318E-4,7.992088512660384E-4,0.0014423792592257213,3.170024431411471E-4,0.0011709901046800472,0.001026222342408686,6.130044212395692E-4,4.165768308061175E-4,7.523920514868278E-4,3.498536560105962E-4,0.0011323201577052519,9.81252630871842E-4,5.296021827229005E-4,0.008285430782978295,1.0,9.132751480285203E-4,7.100175109337606E-4,4.204395384093769E-4,0.0018626575486406223,8.020871520461553E-4,4.748627285307582E-4,0.0010509007616369202,0.005341024671946884,0.009327768635548203,8.028544635097961E-4,3.270958948955313E-4,0.004049931521525461,0.010093364046188432,7.445961622288753E-4,2.838362981411035E-4,4.8123362777965917E-4,0.001402833248771846,0.0010068962760115953,0.0011411813050665866,0.001635376310043283,9.760456487595428E-4,8.071482327928906E-4,0.010288075954276932,0.011385532430759524,0.0025892899137334334,0.004845256663606635,0.0015234035211393775,0.0013799858215140966,0.0011705139304403914,9.545543125033997E-4,0.005216973748388079],[4.796381083967332E-4,5.988783498207302E-4,0.0012783708609458045,3.257499487956797E-4,0.0011934712975012962,8.479494524259498E-4,1.2903515805696872E-4,4.038629196177547E-4,5.963817467107725E-4,6.147203737315429E-4,0.0014091068559074914,6.470733507818727E-4,4.6822895413725737E-5,0.009488520682892345,9.132751480285203E-4,1.0,1.1106008734456715E-4,5.912337296157063E-4,9.439919893728436E-4,1.8955510307439561E-4,6.24581663448028E-4,0.002078860534501776,0.006143755934121301,0.021769515040129226,5.838859238245932E-4,4.534837174114281E-4,0.005013020515773129,0.0019343946529214201,3.342308197189146E-4,5.238860778243522E-4,3.3959546895346454E-4,9.88417499691672E-4,9.002364243207876E-4,0.0010469635799321532,0.0022990180264621505,6.385021546673566E-4,3.060013916877039E-4,0.001795496738557462,0.028085152278024786,0.002980542879499902,0.005363339396567014,0.0038295528227710813,0.0013348141914423742,0.0010108300684340795,1.1158062287119758E-4,0.02100719539295138],[9.700269081068333E-5,1.6898118945375646E-4,6.175992871998743E-4,1.0236109381551772E-4,9.463058482808615E-4,8.060125033279456E-4,4.4246354992140484E-5,2.3992348298555505E-4,4.065884234725259E-4,1.144247012256434E-4,5.693077538070991E-4,4.280598104345339E-4,6.519242070865649E-5,0.002582192408777237,7.100175109337606E-4,1.1106008734456715E-4,1.0,1.1049951054056672E-4,2.8153389195508156E-4,1.0300768078407635E-4,9.569176267625952E-5,0.0020029615674012112,0.010646575728700043,0.008332749027420084,1.4592275265411976E-4,1.6461311643963908E-4,0.01211501259664783,1.9584936409580272E-4,3.816248497270235E-5,6.809711729073516E-5,8.490639388820901E-5,3.9368251227472895E-4,0.0010447031247400988,7.751395944423191E-4,0.0015211127937328286,1.2195453923966604E-4,9.141325377229743E-5,0.0018097838392983519,0.00621841796484541,0.004057012842658883,0.0037138850537623337,0.006581428028548418,0.001580945683821052,4.482744539654638E-4,7.356723922435195E-5,0.008456898844990818],[8.334595309680566E-5,5.174142651186358E-4,9.221957999059197E-4,1.2390881857833797E-4,0.00123340129122562,2.0824470416590978E-4,5.1244436791042144E-5,1.4265779805635497E-4,1.254859110453578E-4,1.2316826545359682E-4,6.505390713414139E-4,2.204192396462991E-4,4.639204623944807E-5,0.015905610992809443,4.204395384093769E-4,5.912337296157063E-4,1.1049951054056672E-4,1.0,3.915745507347381E-4,1.1200104074281318E-4,8.460881490255849E-5,9.356390161491105E-4,0.005588294080048939,0.011780190542546504,1.7276196589094815E-4,1.2114800357767253E-4,0.011769577531329472,0.007792021677221453,1.0048831652979665E-4,6.83368180825046E-5,8.011104972414977E-5,7.953867066712196E-4,3.963725858333223E-4,2.3559824390084538E-4,2.4758582324197923E-4,1.2900668334929618E-4,9.702062056753223E-5,0.012863570063139184,0.012825944924615387,0.0030848489980610746,0.004538726510478009,0.0018429527708157256,0.004016734354137931,5.447007501751479E-4,8.339062881456484E-5,6.800046768934698E-4],[0.0012348869437238134,0.0016164979863836772,0.0016026518789072181,0.0017002322499455884,0.0016858124559746893,0.001601359117155638,0.00104813227538805,0.0010466143705936657,0.001130589704860098,2.8478566399808196E-4,0.0018688194681981839,7.017483668598063E-4,0.0011694890133674054,0.0029872124494399483,0.0018626575486406223,9.439919893728436E-4,2.8153389195508156E-4,3.915745507347381E-4,1.0,0.0017555545932796842,0.0015341406410662296,0.002154500100072942,0.002540127317270321,0.012925571713909945,0.0011263947303673406,0.0014677249266422752,0.004022506902933655,0.002466986528061101,5.996163418113403E-4,0.0017449223650240352,0.0016947426318971897,0.0016898421384637383,0.0014955201336392348,0.001215937594942754,0.0022683578256503956,0.001147874253091122,9.745808031107156E-5,0.014960835859298466,0.01811490515194847,0.003918559865854474,0.0021906650656148396,0.01066110193122434,0.003881119072749837,0.00143703899395746,4.984477996620505E-4,0.02147104012933703],[8.930333837581554E-5,4.081975706291333E-4,0.0012025944124727534,1.1879265602088892E-4,0.0011940439597715952,1.5686655834885004E-4,7.752340353699112E-5,2.570863981597956E-4,4.0545424506579944E-4,1.223407275814847E-4,1.9812324662152195E-4,4.860339940848499E-4,4.597456653203161E-5,0.007798970617315624,8.020871520461553E-4,1.8955510307439561E-4,1.0300768078407635E-4,1.1200104074281318E-4,0.0017555545932796842,1.0,6.3999494090717E-5,8.027072412923357E-4,0.002227672804925699,0.007050705702886063,1.1239440338712016E-4,1.7942745347938324E-4,0.002308502862780464,0.004437077272799324,2.8482630175903318E-5,7.273428989201301E-5,9.654715353836512E-5,8.442197023780828E-4,5.814769498977939E-4,0.0011359675689456665,3.145450465424193E-4,1.1851395310865135E-4,1.0165451164136903E-4,0.005266991112850062,0.004755637287566441,1.7155993246943224E-4,0.0029068513288676282,6.122971018115801E-4,9.841265276279033E-4,5.203284055802453E-4,8.505937678178908E-5,0.014282730062373381],[6.765197564141516E-5,4.7665240875061207E-4,5.715915281687986E-4,6.274857107665088E-5,2.0005022222345663E-4,6.819725462306068E-4,1.9074536783234358E-5,2.2989986329416062E-4,5.9164182039563414E-5,8.904895746178744E-5,5.779715226625279E-4,6.439868468877142E-4,1.3628169122409718E-5,0.006403141119605745,4.748627285307582E-4,6.24581663448028E-4,9.569176267625952E-5,8.460881490255849E-5,0.0015341406410662296,6.3999494090717E-5,1.0,0.0012694512969470746,0.004619598021392757,0.013456943204482317,1.6119075260839254E-4,1.5727442241702361E-4,0.008947754345545341,1.770042207784307E-4,2.343210568582418E-5,1.3355856438287034E-5,2.249192454075294E-5,0.0013187351669868628,2.2709494525232652E-5,9.280288286501218E-4,7.559704340075801E-4,2.6116320980624653E-5,5.6982981653288134E-5,0.00210015615011493,0.020625834593773512,0.002459970797135061,0.002887296496427303,0.010296150228053162,0.0018992689578195608,7.704298436782177E-4,2.3897014382249452E-5,0.009136052342947832],[5.052052725433417E-4,5.924207667619024E-4,0.0016558380872386817,0.002058631263836636,0.001330477750122626,0.0018570506966032337,3.389035367706389E-4,3.3541705304511915E-4,0.0010630378387247678,2.827118812619749E-4,0.0017707424026442437,9.13301378977032E-4,8.212112825301595E-4,0.00788751166516886,0.0010509007616369202,0.002078860534501776,0.0020029615674012112,9.356390161491105E-4,0.002154500100072942,8.027072412923357E-4,0.0012694512969470746,1.0,0.010791616435174397,0.021898334328898955,0.0019775443142984943,0.0012340977516779638,0.008503791205826186,0.01097233995026934,5.447202012891845E-4,0.0016900399207298797,5.749549537488518E-4,0.0015262243854945855,0.001776583149269011,0.001858254013733384,0.0025467962361826824,0.0014095698330019591,0.0010215143165880026,0.01430061699500152,0.010123840555006147,0.002396888900376293,0.005895076397812978,0.002345263833201442,0.004235860142599869,0.0015445835551385959,0.0017547323367542661,0.011843479251349345],[0.007773094570188106,0.005583684773883853,0.009820829526643534,0.005221054136434458,0.0032706919442006743,0.003929832572975013,0.004293574847496348,0.001369473681073099,0.0035442149151276737,0.004130765647872475,0.0026236266625571927,0.001607785518197159,0.008636837855780176,0.017379736665841753,0.005341024671946884,0.006143755934121301,0.010646575728700043,0.005588294080048939,0.002540127317270321,0.002227672804925699,0.004619598021392757,0.010791616435174397,1.0,0.012348656192650444,0.009920016407891091,0.00708071972810743,0.013057822656543216,0.014490484478371618,0.0023865254566171634,0.008737736634667065,0.011062062972204263,0.004350843140439955,0.004476549512422289,0.009217078413514601,0.0036468128394056684,0.007221017384766816,4.2290771580250357E-4,0.012326852029774535,0.012193473350469601,0.0060375177948505335,0.00996332226367554,0.010877616034700915,0.008223482942016674,0.0060310104519506694,0.007651480483660567,0.021075797952425354],[0.009782498995749211,0.020086544981365438,0.010837173186238516,0.007542441117182286,0.021063940407185896,0.02031439568305457,0.016621460118773936,0.01984266054325973,0.02020578588275006,0.016580277939913776,0.008618015687838734,0.017822674939836768,0.015720475614896968,0.01936129684695947,0.009327768635548203,0.021769515040129226,0.008332749027420084,0.011780190542546504,0.012925571713909945,0.007050705702886063,0.013456943204482317,0.021898334328898955,0.012348656192650444,1.0,0.014551148712416655,0.009468908963423584,0.017040700589768705,0.018551368626324963,0.014355287038289139,0.009965738297868348,0.01698555837067325,0.015066476865594473,0.018108413412318676,0.017557912289609203,0.017653270225367543,0.00797076698341218,0.01540326147320796,0.018281193419283272,0.02345724488017009,0.005576603411559936,0.007864412924348793,0.021371360193811008,0.00597159306492356,0.0039328034707947325,0.019808986939855867,0.022104385076066813],[1.101126879980926E-4,2.2025526793138174E-4,0.0011275353200277064,1.4892523765197007E-4,6.611486137622774E-4,8.71979600820051E-4,1.2865547061868498E-4,2.531581003789555E-4,2.972905795043626E-4,1.4465834910926145E-4,3.488748978501193E-4,1.9346254900451585E-4,9.110575969144097E-5,0.009162662267362162,8.028544635097961E-4,5.838859238245932E-4,1.4592275265411976E-4,1.7276196589094815E-4,0.0011263947303673406,1.1239440338712016E-4,1.6119075260839254E-4,0.0019775443142984943,0.009920016407891091,0.014551148712416655,1.0,1.7969956984293547E-4,0.002624649252344966,0.003390600725704504,1.155296874618047E-4,1.4593912366156638E-4,8.110060562098914E-5,0.001103804532993911,7.91350580632594E-4,8.018370988657315E-4,0.0024408477031058933,1.3676665461276287E-4,1.4489379213465246E-4,0.008568884464251993,0.02934542731818489,0.0028324894395320268,0.0011227181894003777,0.006922507502977262,0.0012151071800226268,6.220746860853983E-4,1.0409961979430943E-4,0.001944369259949423],[1.6858155051261374E-4,2.469366292023815E-4,0.0014772204136029728,1.3906381903412053E-4,0.0010051713715342452,5.287577540270723E-4,3.65939288781032E-5,2.24034763080043E-4,1.941118595023701E-4,1.7903482056856265E-4,0.0014216700892031014,2.905294667760098E-4,6.054305952141071E-5,0.015202225133858339,3.270958948955313E-4,4.534837174114281E-4,1.6461311643963908E-4,1.2114800357767253E-4,0.0014677249266422752,1.7942745347938324E-4,1.5727442241702361E-4,0.0012340977516779638,0.00708071972810743,0.009468908963423584,1.7969956984293547E-4,1.0,0.009180501142354332,0.007051463325729968,3.6095893354452906E-5,8.04761191362681E-5,1.1572285080490973E-4,0.0010941104373374635,7.569883670169871E-4,0.0011764877037497036,6.856880473556354E-4,1.7306302252310084E-4,1.5793869879071804E-4,0.011048848239441762,0.001996171201594065,6.13048883967571E-4,0.0025783465099867876,0.0105764818124766,0.00546691123186334,3.7166095749285394E-4,8.676311706857107E-5,0.003995910115689504],[0.008606966179632029,0.012922327198007894,0.012250355886830626,0.007332911141602084,0.008943008698368105,0.00475920862900919,0.01052896094785621,0.008770467862720304,0.013153588145234894,0.008751495625920048,0.0035761266910788536,0.006457589889214429,0.008589445192394943,0.018228872258027433,0.004049931521525461,0.005013020515773129,0.01211501259664783,0.011769577531329472,0.004022506902933655,0.002308502862780464,0.008947754345545341,0.008503791205826186,0.013057822656543216,0.017040700589768705,0.002624649252344966,0.009180501142354332,1.0,0.014060676455136187,0.009539859607722738,0.00817479465898624,0.00958506329116547,0.004121541948352372,0.0019561891293287635,0.00474417213765282,0.008774613021004353,1.412660160485466E-4,0.011016666142920978,0.01333892161635248,0.01893994215938656,0.00701035505381324,0.006762115678365821,0.012475528159925826,0.010083943710491192,0.002043239761751036,0.008457709663869785,0.020095544404253332],[0.008715852473098997,0.006337502894383831,0.010011214137524089,0.013901007824672261,0.009295378541719473,0.006167457888158292,3.126415062434174E-4,0.0010618428145131554,0.013621238531809306,0.00676486780133291,0.009618800280582165,0.009563661161505237,0.010189831819984398,0.01780490817138164,0.010093364046188432,0.0019343946529214201,1.9584936409580272E-4,0.007792021677221453,0.002466986528061101,0.004437077272799324,1.770042207784307E-4,0.01097233995026934,0.014490484478371618,0.018551368626324963,0.003390600725704504,0.007051463325729968,0.014060676455136187,1.0,0.006434707550970334,0.012699964394373615,0.010624981388194588,0.010832808332368772,0.013750022190312213,0.010048162463400958,0.008034202019224255,0.006657887224630767,0.0010059311236235162,0.01511803012447897,0.02232994129043481,0.005663032691072323,0.013395994594985612,0.01349779573212538,0.006131604451612308,0.010048487678517761,0.006071153965542687,0.01836622120923903],[6.134993269232201E-5,7.038831261091615E-5,2.2832940341350374E-4,4.3844514378320844E-5,0.0010373398451524146,1.8336195941804669E-4,2.3447261574475436E-5,2.0345925292190054E-4,8.348062563466354E-5,3.534528802223358E-5,5.286761662938491E-4,5.793218463816465E-4,1.5199180823014471E-5,0.0112123092464758,7.445961622288753E-4,3.342308197189146E-4,3.816248497270235E-5,1.0048831652979665E-4,5.996163418113403E-4,2.8482630175903318E-5,2.343210568582418E-5,5.447202012891845E-4,0.0023865254566171634,0.014355287038289139,1.155296874618047E-4,3.6095893354452906E-5,0.009539859607722738,0.006434707550970334,1.0,2.0617472269491386E-5,5.5802898182045265E-5,0.0013237867702964388,6.868305231439247E-4,0.001010924778986802,0.0017836629842907714,2.8163601187395677E-5,4.3342113087502734E-5,0.013822424447662707,0.003792255019476277,0.003105599375550658,0.0020607786106430757,0.0051965818460075,0.0020511376381883405,6.141357651073404E-4,3.7208412850784416E-5,1.8407263790998294E-4],[4.567811239879955E-5,1.7536759614541347E-4,0.0014510895475411047,3.4045822128136975E-5,9.930626005440946E-4,6.438999615960451E-4,2.0294819502741162E-5,1.2342908387730353E-4,3.234235976198388E-4,1.161465922714114E-4,2.5630811908958586E-4,1.3626223751488577E-4,1.3639056589955674E-5,0.01019352854403334,2.838362981411035E-4,5.238860778243522E-4,6.809711729073516E-5,6.83368180825046E-5,0.0017449223650240352,7.273428989201301E-5,1.3355856438287034E-5,0.0016900399207298797,0.008737736634667065,0.009965738297868348,1.4593912366156638E-4,8.04761191362681E-5,0.00817479465898624,0.012699964394373615,2.0617472269491386E-5,1.0,2.421407672589185E-5,3.085339301785707E-4,9.33972706482025E-4,1.6058807945555268E-4,6.877788540316315E-4,4.9833646991376485E-5,3.7213256630722015E-5,0.0035530369212175995,0.022562037443022036,0.0030672596657874635,5.671326296321053E-4,0.0027290400776151537,0.003811008795325148,5.341921328722198E-4,3.825679532996094E-5,0.01129634845938684],[6.51019364182035E-5,9.938330945207451E-5,9.389937136824084E-4,1.1598268290175744E-4,9.166480833815236E-4,2.568935104599782E-4,5.82127058979397E-5,6.668534479084623E-5,1.6376872642478383E-4,1.1364697850876264E-4,4.289337100299828E-4,6.118399358137014E-4,1.4333118240936703E-5,0.015876364045299782,4.8123362777965917E-4,3.3959546895346454E-4,8.490639388820901E-5,8.011104972414977E-5,0.0016947426318971897,9.654715353836512E-5,2.249192454075294E-5,5.749549537488518E-4,0.011062062972204263,0.01698555837067325,8.110060562098914E-5,1.1572285080490973E-4,0.00958506329116547,0.010624981388194588,5.5802898182045265E-5,2.421407672589185E-5,1.0,1.0964176673738775E-4,7.88367917630565E-4,0.0010981401193483154,0.0022227729934443823,1.1189812419714842E-4,6.333746132971607E-5,0.002423983197082542,0.001258407396093803,0.0034462530726101117,1.4243041329015238E-4,0.004295446557112404,0.0010603995282429332,0.0011556113411537458,5.296182684904024E-5,0.01661493950134512],[4.3693975724148925E-4,9.77294366498166E-4,0.001527853327848566,1.709930847915873E-4,0.001340903992670692,0.0012102610630513346,0.0012966466063141244,9.460099667722102E-4,5.48306931193082E-4,8.881976558002264E-4,0.0015548177558335485,0.001392766735723042,0.001244538104826751,0.010882210976754753,0.001402833248771846,9.88417499691672E-4,3.9368251227472895E-4,7.953867066712196E-4,0.0016898421384637383,8.442197023780828E-4,0.0013187351669868628,0.0015262243854945855,0.004350843140439955,0.015066476865594473,0.001103804532993911,0.0010941104373374635,0.004121541948352372,0.010832808332368772,0.0013237867702964388,3.085339301785707E-4,1.0964176673738775E-4,1.0,0.0015046345277144615,0.0012782851902398452,0.0017096704819047172,4.286595864980687E-4,8.221906166106861E-4,0.003962441584368733,0.002356979896022973,0.0018128911873742579,0.005296406834777024,0.009167455653608275,0.001870406981091721,0.0014768581967180448,5.702370546129709E-4,0.008275765229547979],[5.749695803669644E-4,7.27428143125658E-4,0.001309319019859776,5.302680268660569E-4,0.001094787643291589,0.0011114841154274775,2.3517486537976578E-4,8.599288542385465E-4,8.049243579937536E-4,5.815017510064778E-4,0.0011828528109120958,0.0010261478995119504,7.757203171640047E-5,0.007268346846226698,0.0010068962760115953,9.002364243207876E-4,0.0010447031247400988,3.963725858333223E-4,0.0014955201336392348,5.814769498977939E-4,2.2709494525232652E-5,0.001776583149269011,0.004476549512422289,0.018108413412318676,7.91350580632594E-4,7.569883670169871E-4,0.0019561891293287635,0.013750022190312213,6.868305231439247E-4,9.33972706482025E-4,7.88367917630565E-4,0.0015046345277144615,1.0,0.0011791732589950137,0.0012562050129013523,2.768528566996232E-4,1.9383626847312618E-4,0.010832439036183493,0.025978473797779962,0.004359450080252661,0.0026449926946369917,0.006450635773048335,0.0021367763923214192,0.0011907373877979312,7.054358497366191E-4,0.02113395663870165],[8.025519235458939E-4,0.0011772424892085155,0.0014068336421467443,9.712168320756193E-4,0.0012344916596231685,0.00114199946693637,1.2147619739777639E-4,6.543280396687116E-4,8.150972170973955E-4,8.819706514268543E-4,0.0011887324095115877,0.00102312940628934,6.552787535696398E-5,0.006570492833912287,0.0011411813050665866,0.0010469635799321532,7.751395944423191E-4,2.3559824390084538E-4,0.001215937594942754,0.0011359675689456665,9.280288286501218E-4,0.001858254013733384,0.009217078413514601,0.017557912289609203,8.018370988657315E-4,0.0011764877037497036,0.00474417213765282,0.010048162463400958,0.001010924778986802,1.6058807945555268E-4,0.0010981401193483154,0.0012782851902398452,0.0011791732589950137,1.0,0.0011912580577740216,3.517820856934204E-4,4.24934641929795E-4,0.009157338530762853,0.011061676109938823,0.0038081549734750074,0.006185001770566842,0.005683023373776852,0.005309007389675652,0.0011965052726347393,2.122541107417377E-4,0.013304289869949032],[0.002424706162681402,8.034418404822949E-4,0.001965558708404851,0.0011788425457707572,0.0017708139802588637,0.0016379993416851093,0.0016335637721969186,0.0020678533514807214,0.001481935385813123,0.0021918599972989587,0.002814791420254843,9.573582339396742E-4,3.2908526294812374E-4,0.008230852069967431,0.001635376310043283,0.0022990180264621505,0.0015211127937328286,2.4758582324197923E-4,0.0022683578256503956,3.145450465424193E-4,7.559704340075801E-4,0.0025467962361826824,0.0036468128394056684,0.017653270225367543,0.0024408477031058933,6.856880473556354E-4,0.008774613021004353,0.008034202019224255,0.0017836629842907714,6.877788540316315E-4,0.0022227729934443823,0.0017096704819047172,0.0012562050129013523,0.0011912580577740216,1.0,0.0011087590603868446,6.584459019728197E-4,0.008379161784413804,0.005699259051872916,0.002901546113166074,0.003550368684899697,0.003140223447772313,0.003732790176402994,0.0015996845918332414,8.145064432704084E-4,0.012403583443170017],[8.030362270408024E-5,3.767898630119969E-4,4.095300718913209E-4,1.2727288492225816E-4,4.764000185663868E-4,3.9264918607891076E-4,1.0687258596193773E-4,2.454546138062906E-4,2.3408914068231206E-4,1.3137243430189676E-4,8.350131403947221E-4,3.5979028311788913E-4,1.0604078461743937E-4,0.004704962751112264,9.760456487595428E-4,6.385021546673566E-4,1.2195453923966604E-4,1.2900668334929618E-4,0.001147874253091122,1.1851395310865135E-4,2.6116320980624653E-5,0.0014095698330019591,0.007221017384766816,0.00797076698341218,1.3676665461276287E-4,1.7306302252310084E-4,1.412660160485466E-4,0.006657887224630767,2.8163601187395677E-5,4.9833646991376485E-5,1.1189812419714842E-4,4.286595864980687E-4,2.768528566996232E-4,3.517820856934204E-4,0.0011087590603868446,1.0,1.1227722265161653E-4,0.008853981235046904,0.018349749615918322,0.0035991049789816185,0.0011544410486876344,0.01038765153348451,1.5695468171483937E-4,3.606686469289441E-4,1.0070967765454778E-4,0.012062536743770735],[8.840623102373865E-5,5.008875663599759E-4,3.160766376995899E-4,9.413593855899884E-5,0.0011573527913270188,3.867207458124704E-4,2.559240980320975E-5,2.5888200843971555E-4,4.120662351107794E-4,1.2818676827482673E-4,0.0011635079777309741,4.031087918330503E-4,7.928342863089233E-5,0.01286674266910269,8.071482327928906E-4,3.060013916877039E-4,9.141325377229743E-5,9.702062056753223E-5,9.745808031107156E-5,1.0165451164136903E-4,5.6982981653288134E-5,0.0010215143165880026,4.2290771580250357E-4,0.01540326147320796,1.4489379213465246E-4,1.5793869879071804E-4,0.011016666142920978,0.0010059311236235162,4.3342113087502734E-5,3.7213256630722015E-5,6.333746132971607E-5,8.221906166106861E-4,1.9383626847312618E-4,4.24934641929795E-4,6.584459019728197E-4,1.1227722265161653E-4,1.0,0.015028399788729338,0.008103235223252982,2.3333942859525672E-4,0.0016456765419117702,0.0088016815326253,0.0012285341137524626,9.6295287770377E-4,7.547180154200006E-5,0.013372616258102028],[0.006422881418656193,0.007553054009691334,0.009883049023734084,0.007974403161651688,0.006920310680672751,0.014463837305852083,0.00785435118209387,0.014511572991855442,0.008392028045768673,9.957108046889898E-4,0.014677505357292736,0.005179355523079923,0.0010228683559963538,0.017554608886397323,0.010288075954276932,0.001795496738557462,0.0018097838392983519,0.012863570063139184,0.014960835859298466,0.005266991112850062,0.00210015615011493,0.01430061699500152,0.012326852029774535,0.018281193419283272,0.008568884464251993,0.011048848239441762,0.01333892161635248,0.01511803012447897,0.013822424447662707,0.0035530369212175995,0.002423983197082542,0.003962441584368733,0.010832439036183493,0.009157338530762853,0.008379161784413804,0.008853981235046904,0.015028399788729338,1.0,0.01876412453209763,0.010286457697478022,0.0062788059497057265,0.013552193550920374,0.007533417214733212,0.014641750186991282,0.0037421741884580834,0.016065043145343138],[0.00697860321005249,0.004569301163277414,0.004534780840034478,0.007740962985183188,0.006571765578020806,0.014509792470466909,0.02431479304017188,0.006384058087740552,0.029318920748812143,0.015369991686181427,0.02465060509935511,0.026441598728240298,0.025415259337307247,0.024985678006045075,0.011385532430759524,0.028085152278024786,0.00621841796484541,0.012825944924615387,0.01811490515194847,0.004755637287566441,0.020625834593773512,0.010123840555006147,0.012193473350469601,0.02345724488017009,0.02934542731818489,0.001996171201594065,0.01893994215938656,0.02232994129043481,0.003792255019476277,0.022562037443022036,0.001258407396093803,0.002356979896022973,0.025978473797779962,0.011061676109938823,0.005699259051872916,0.018349749615918322,0.008103235223252982,0.01876412453209763,1.0,0.013587524869757006,0.014614464982799823,0.01640803955596742,0.02131830493761768,0.02784549800858861,0.00533492286145772,0.025038528571987084],[5.004522037965819E-4,0.003137390269267134,0.0034921379880498062,8.057446748561561E-4,0.004261191825088455,0.004213013291573512,0.0012167663827370822,0.0013341946477199809,0.0038351415856216968,0.002541028507457955,0.0037556286334459723,9.667946009198048E-4,0.0031775423135530683,0.00969249387058089,0.0025892899137334334,0.002980542879499902,0.004057012842658883,0.0030848489980610746,0.003918559865854474,1.7155993246943224E-4,0.002459970797135061,0.002396888900376293,0.0060375177948505335,0.005576603411559936,0.0028324894395320268,6.13048883967571E-4,0.00701035505381324,0.005663032691072323,0.003105599375550658,0.0030672596657874635,0.0034462530726101117,0.0018128911873742579,0.004359450080252661,0.0038081549734750074,0.002901546113166074,0.0035991049789816185,2.3333942859525672E-4,0.010286457697478022,0.013587524869757006,1.0,0.0058648871700027584,0.009427367489778054,0.004491017009722064,0.004101447908870581,0.0014959655811561672,0.009579445189508876],[0.0026833580837354507,0.002590409249307954,0.004543139489258606,0.003713976577571468,0.0022805795786150843,0.00165159986520356,9.931570911830123E-4,0.003984309228408626,0.004677257463914176,0.004115362680751709,0.005141524669436832,0.005633990058078273,0.004536783204655925,0.009193859411637667,0.004845256663606635,0.005363339396567014,0.0037138850537623337,0.004538726510478009,0.0021906650656148396,0.0029068513288676282,0.002887296496427303,0.005895076397812978,0.00996332226367554,0.007864412924348793,0.0011227181894003777,0.0025783465099867876,0.006762115678365821,0.013395994594985612,0.0020607786106430757,5.671326296321053E-4,1.4243041329015238E-4,0.005296406834777024,0.0026449926946369917,0.006185001770566842,0.003550368684899697,0.0011544410486876344,0.0016456765419117702,0.0062788059497057265,0.014614464982799823,0.0058648871700027584,1.0,0.007047682120587634,0.006060826232967517,0.002940777298650951,0.002100792713389326,0.011862058792242095],[0.00877430257128641,0.009513333133026597,0.010392936825902064,0.0076042773558690335,0.0073278421074516155,0.004811937225090594,9.468226985047301E-4,0.003778393341580535,0.007979863603203748,0.009961298504084485,0.0022156950019914814,0.008655598663201198,0.003755911865780363,0.011522373327042338,0.0015234035211393775,0.0038295528227710813,0.006581428028548418,0.0018429527708157256,0.01066110193122434,6.122971018115801E-4,0.010296150228053162,0.002345263833201442,0.010877616034700915,0.021371360193811008,0.006922507502977262,0.0105764818124766,0.012475528159925826,0.01349779