[[1.0,2.944358260270724E-4,0.005308634191942633,0.00440950873908287,4.180747169173168E-4,1.974112683601209E-4,0.024673672079771055,3.58950189744684E-4,1.366704726242719E-4,6.42403806648101E-4,0.002351623727983651,5.095100720377936E-4,8.678873125552277E-4,0.008188333085543637,1.857992159721125E-5,8.867259284027835E-4,4.0047392636418126E-4,5.062400575324367E-4,3.7043635797869755E-4,1.8597768742734843E-4,0.00435834546977432,4.7202966456515226E-4,1.5627786787119496E-4,4.210303629996666E-4,2.0887659012114562E-4,3.780073786748392E-4,0.003524964925626652,0.0026637409603062264,2.3546150836054096E-4,2.07499828338711E-4,7.763947775652949E-4,2.3786735593653535E-4,2.4954506618806387E-4,6.246164551073708E-4,5.166835951615273E-4,1.7684677804826777E-4,8.962963885161157E-4,0.019305577139605505,1.6175796995480414E-4,0.027102777036142958,3.351768978525965E-4,0.0023680404197043243,4.0637887031244434E-4,3.219946420714748E-4,0.0037421347162570413,5.673510869203999E-4,5.715861600419345E-4],[2.944358260270724E-4,1.0,0.003888860145625509,0.007914390328432169,1.454835559763603E-4,1.385318414493935E-5,0.008781424081313483,1.9330878586177897E-4,2.2035611063517862E-5,0.002928112974571888,7.758760607798435E-4,6.341050899249059E-5,3.3985085021673224E-4,0.02250441117275379,1.3941952935928288E-5,0.001398714281204273,1.1169921241522255E-4,9.218590580958209E-4,3.772864810789718E-5,5.228540391940906E-5,0.0030255613595695538,5.941932155217952E-4,5.8101313825884386E-5,1.1719442774848388E-5,3.407821988121592E-5,2.080000291826683E-4,7.500591572039874E-5,9.627220582998952E-4,1.0871983354641176E-4,1.1378261425871975E-4,0.0011804110809382263,8.893195808214868E-5,8.827229361583569E-5,3.7459431018626313E-4,6.221914292618662E-4,1.5132758605785826E-4,3.357075338248779E-4,0.035047675240298795,8.738713854744681E-5,0.0014513475513567465,1.6760718962065334E-4,0.0021422504425303935,5.294705308741552E-5,1.8559531964990302E-4,0.004025062857580346,3.7328397353463916E-4,5.120002389000651E-4],[0.005308634191942633,0.003888860145625509,1.0,0.014410887636241862,0.003124161116378007,0.002796216581947702,0.015789844644856207,0.0018447937593701498,0.013463231966048312,0.0037916814568577212,0.013266354223419399,0.008428809087634971,0.010877915241028515,0.03072915049301627,0.008338678401078785,0.005216977572943559,0.009376388054281808,0.013931954837111647,0.0019529038408007343,0.00488319034722676,0.008169230913027112,0.014991430524409467,0.004990563033371559,0.015463410975746182,0.002944958137599719,0.009593030039845506,0.014919010727117382,0.016389709514681067,0.013429366414402708,0.013053877513932884,0.0019599220087373865,0.006389657593136221,0.003002156276755743,0.005260400098906161,0.0023648363934290033,0.008269511050000788,0.007078420510235616,0.026758666863307044,0.006513285484692921,0.04286933608433198,0.009429924466968631,0.010563457644322555,0.00298896198310956,0.0021771081363085826,0.017691929696341736,0.007024018899307067,0.012513816671243268],[0.00440950873908287,0.007914390328432169,0.014410887636241862,1.0,0.004940066550025948,0.009377317269643925,0.014941747168529692,0.008834964748651869,0.003968577185278479,0.00660228353011328,0.004026072515547019,0.003651850313996788,0.0021001812645897477,0.023670644386206443,0.009973220296308444,0.010156076462355971,0.0035925369330845783,0.007080732595019298,0.0017847349597061816,0.009543489536734003,0.011954241031513223,0.008472423167683726,0.011762047948178443,0.00471956416649139,0.01111044761705823,7.756990509215475E-4,0.003927692393303389,0.014544681394914494,0.004875155133309591,0.008724556558836914,0.008160320461004148,0.01156468131169837,0.0011510636031999844,0.0022403240098144697,0.0017872516614520504,0.010894228301191964,0.0070271451038200474,0.01470484097986754,0.004941197883596887,0.030757555610719106,0.0038480230292164456,0.011711106590408242,0.0031042112475077417,0.0025278231411731194,0.014280744035922489,0.004263002516057337,0.011989167006609704],[4.180747169173168E-4,1.454835559763603E-4,0.003124161116378007,0.004940066550025948,1.0,5.957653309212185E-5,0.02836290877048651,2.8567997881224594E-4,1.421679653142729E-4,0.0012093441819597702,0.0016041245089660156,4.973498624023152E-4,9.782027882749575E-4,0.0018259931974130097,1.9213830052587916E-5,0.001486259647500999,1.2102366201723987E-4,5.579427046195063E-4,1.5521401012208848E-4,1.4054701783304985E-4,0.004676296668598666,0.0011724004485881199,1.4805548056677316E-4,6.248649469605669E-5,1.1254822476981902E-4,1.7687888313652658E-4,0.00336889354058361,0.0010508953318938896,2.0694005260102387E-4,1.6558041898936853E-4,0.0011080545437480173,1.2148208348348773E-4,2.063274265764692E-4,2.3468980889617595E-4,3.3648153881178134E-4,1.510147592234713E-4,2.3084790285248904E-4,0.008085313681011544,1.4497392627476385E-4,0.03364170236671185,1.7057789697306293E-4,0.005907419568975279,3.3856288653505944E-4,1.953538938347412E-4,0.018629688430569964,1.5796593053090665E-4,4.4726438286163287E-4],[1.974112683601209E-4,1.385318414493935E-5,0.002796216581947702,0.009377317269643925,5.957653309212185E-5,1.0,0.00588825470303632,1.1201297694146021E-4,8.721905983490628E-5,0.00200641703659156,0.0020524738528574673,3.822676965883927E-5,5.583948285303353E-4,0.010207934252046453,1.7325233480291606E-5,0.0010297014690178977,6.871716084780487E-5,6.328413090486311E-4,4.422147173759744E-5,3.6028243545557976E-5,0.0019493544403893154,0.0011920289750419386,6.367635578766584E-5,1.4436450242699325E-5,8.028555978964889E-5,1.0239966433766915E-4,8.869244458400593E-4,0.014399590420041665,8.495770191919964E-5,1.6244242565768496E-4,0.0014688179640725237,7.266991582828066E-5,6.932630181952167E-5,7.661154483275576E-4,2.5575034532206305E-4,2.181786999512081E-5,2.0508557460688272E-4,0.02529716431116144,9.678320964241688E-5,0.048317677308383454,7.296507340705466E-5,0.004786072991382753,2.8423181586222914E-4,2.3355916220168E-4,0.001742872983980006,4.0202758520149274E-4,5.810740458399917E-4],[0.024673672079771055,0.008781424081313483,0.015789844644856207,0.014941747168529692,0.02836290877048651,0.00588825470303632,1.0,0.019533596340791395,0.018801567084391343,0.01474551372063906,0.009883804788271082,0.005703953468671657,0.0033201621299327726,0.03356167209107335,0.017057718572795276,0.022593416006730704,0.0157438845668128,0.018115523486967662,0.020261126318969504,0.027302798698639375,0.009144566871587108,0.022911898409121327,0.013474161584343829,0.018940938404976123,0.023437700805182652,0.0016629685294065999,0.028850661645516088,0.024081938027998753,0.020152777094511024,0.027496026700256644,0.0283790755575297,0.021662781831777257,0.02155667149998111,0.016138211256492497,0.0020937286963846223,0.022930184047527297,0.024044538387700744,0.03429134508772201,0.011223725079907909,0.04371026368578113,0.01816538571067725,0.018085954565857622,0.011741633756606485,0.025303621233685084,0.025985853312725828,0.028258154530214224,0.012706189252246952],[3.58950189744684E-4,1.9330878586177897E-4,0.0018447937593701498,0.008834964748651869,2.8567997881224594E-4,1.1201297694146021E-4,0.019533596340791395,1.0,1.8855334079261916E-4,0.0020774407146614804,0.0012440399920535252,4.80137415681304E-4,7.575932104243461E-4,0.017648304017552435,2.3830380208536247E-4,8.679091850107127E-4,2.4396525439491847E-4,0.0010813438117325675,2.0334269359526696E-4,7.347232310022574E-5,7.624334424043462E-4,3.611704470310239E-4,1.9362766149759962E-4,1.5260327006814332E-4,2.8415766596988953E-4,2.533209879266626E-4,0.0030356599125412657,0.006607340268407439,2.654658323673876E-4,2.7217093378953817E-4,0.0012741993914321386,1.080923981905563E-4,2.430713421645367E-4,4.8704706304005777E-4,6.864113191094522E-4,2.73117758878333E-4,8.196015228268288E-4,0.01213900351028078,1.7954173745829332E-4,0.02023447238838444,2.9800481608431844E-4,0.0016652412026397327,3.288544905712224E-4,3.1298568954122663E-4,0.010415653988391968,7.945902051909467E-4,0.001810129127894665],[1.366704726242719E-4,2.2035611063517862E-5,0.013463231966048312,0.003968577185278479,1.421679653142729E-4,8.721905983490628E-5,0.018801567084391343,1.8855334079261916E-4,1.0,0.001569588057242038,0.0015833216346110596,4.2143359234151105E-4,6.446120279934919E-4,0.01010158825249564,6.131311016649595E-5,1.9789298023284365E-4,1.0726347297156184E-4,0.001762446947015954,1.5580284274430218E-4,7.164877882291981E-5,0.006048246637942537,8.994457315703703E-4,1.0742963956466743E-4,5.831149882497571E-5,1.047356190693523E-4,2.2799570098441595E-4,0.0011456911285861616,0.011721281469919626,1.705731500534217E-4,1.661232613957108E-4,6.817849869274081E-4,1.0385883412336093E-4,2.1074306204031765E-4,0.0011603621104917382,8.742414076025062E-4,1.370463323476389E-4,1.1111907402067051E-4,0.021454938376901083,1.2480521761816727E-4,0.04787706113405941,1.728846592401728E-4,0.0010565243797236801,1.7974167460555515E-4,2.2513712954823738E-4,0.008957445534104222,2.240546968457691E-4,6.400838638173244E-4],[6.42403806648101E-4,0.002928112974571888,0.0037916814568577212,0.00660228353011328,0.0012093441819597702,0.00200641703659156,0.01474551372063906,0.0020774407146614804,0.001569588057242038,1.0,0.0032532454461800453,0.0016582512919801006,0.0013400789085487108,0.009655224875708785,8.559281405141562E-4,0.0024720406115463995,0.0020066865512806155,0.002793715364281994,0.0020495109807457685,0.0019691605896983867,0.005660145351120619,0.002829388390050846,0.0018002084007535109,5.509760407058773E-4,0.0019261773255013278,0.002616338648150294,0.0034728359358098706,0.005288119025312189,0.0011943784433199902,5.90257033815703E-4,0.0022249134495718366,3.676107965550062E-4,0.0022409260865156612,0.0026056499964245954,0.0015932352456474118,0.0014910857726844432,0.0010890158483541144,0.007962581039464432,9.923740227245719E-4,0.01344320381203575,0.0018937472645688194,0.008324541829979921,0.002906550153070246,5.348436395658585E-4,0.01642872466855689,0.00112858304445077,0.0026111102439551432],[0.002351623727983651,7.758760607798435E-4,0.013266354223419399,0.004026072515547019,0.0016041245089660156,0.0020524738528574673,0.009883804788271082,0.0012440399920535252,0.0015833216346110596,0.0032532454461800453,1.0,0.002368917771003725,0.001256605546949608,0.029697133082474438,0.0020472933213740102,0.0018654582421451806,2.5917562100304694E-4,0.003067242513028129,0.002203129100574695,7.751042070262299E-4,0.0039245855462815196,0.001999607037569602,0.0030907737130184618,6.591274833251319E-4,0.0033130913917714835,0.0011615329888645845,0.0035875480955462643,0.01601073816932737,0.0033058657841177333,0.003162173189806046,0.0022834689055282183,0.0030223813891115136,0.0029436008605279802,0.0020299735908089972,0.001780062708200571,0.0022649001186607295,0.002027265538516742,0.019708821480593077,0.0026084686198350267,0.01721041967205411,0.0010148523013996569,0.0073995629345518146,0.0010478422839400813,0.0010174154603732138,0.008331168593946734,0.002327261036535598,0.003297486595497824],[5.095100720377936E-4,6.341050899249059E-5,0.008428809087634971,0.003651850313996788,4.973498624023152E-4,3.822676965883927E-5,0.005703953468671657,4.80137415681304E-4,4.2143359234151105E-4,0.0016582512919801006,0.002368917771003725,1.0,7.247708204433322E-4,0.0012974498097602597,3.6464182650389556E-4,0.0015613943232232782,4.2815021686268035E-4,0.0014368048880053685,2.850280743174197E-4,1.7224698546938825E-4,0.003616853726279149,8.84058996064215E-4,4.937700721315456E-4,3.1849272239202806E-4,2.853377040485174E-4,5.497129231761357E-4,0.001660907679089787,0.012680804904150054,3.794603807946431E-4,4.991284174495589E-4,0.0012588809091581509,3.406383216953151E-4,2.7282238028560746E-4,7.52223624135307E-4,9.271229193191202E-4,2.6435338852824993E-4,6.76737569313915E-4,0.0036557284537026124,2.2565315446722403E-4,0.0042797206116745624,5.425175450063933E-4,0.009268568056937921,4.2760963095457534E-4,4.600304809088654E-4,0.006617961865656043,6.461503783724851E-4,6.857235521490233E-4],[8.678873125552277E-4,3.3985085021673224E-4,0.010877915241028515,0.0021001812645897477,9.782027882749575E-4,5.583948285303353E-4,0.0033201621299327726,7.575932104243461E-4,6.446120279934919E-4,0.0013400789085487108,0.001256605546949608,7.247708204433322E-4,1.0,0.02572888407720339,1.8901067656977463E-4,0.001233425386404983,5.13913389107412E-4,0.0011971853912792997,4.5607522407599323E-4,1.5745895871416445E-4,0.0011110398085024465,0.001206482500899602,3.1411947030306756E-4,1.2720650117588222E-4,3.114081245858023E-4,3.226340684916211E-4,0.0012991705976532382,0.015016167563229717,6.220456104683767E-4,8.172834446473192E-4,0.001534115392385501,0.0010290262603297557,9.528605126129694E-4,0.001272578491202376,0.0010578444923454449,5.491160821821222E-4,9.572667780005723E-4,0.018959017977189786,7.169811964905851E-4,0.03038023363888237,3.274046315247295E-4,0.004741615287446179,6.950992063835316E-4,4.3778921426640763E-4,0.018610670559517054,9.91886858739817E-4,0.0015450949472062922],[0.008188333085543637,0.02250441117275379,0.03072915049301627,0.023670644386206443,0.0018259931974130097,0.010207934252046453,0.03356167209107335,0.017648304017552435,0.01010158825249564,0.009655224875708785,0.029697133082474438,0.0012974498097602597,0.02572888407720339,1.0,0.020611886334000965,0.0039659026248645545,0.005363116182672549,0.005462374827611027,0.03027025415037521,0.01402143962883886,0.01506266737400042,0.031727307205224466,0.014467229936323716,0.010271980145949879,0.01000202365589718,0.001415833108966443,0.012630074234643992,0.030459264593634412,0.007502249294223742,0.010843759020281288,0.010139392105150098,0.010477662643705428,0.007418720444133639,0.010039299183982185,0.03099603598397685,0.005370106869867579,0.011178342002305745,0.035132988674527195,0.021169350445551995,0.0443406503316577,0.017360625087226092,0.029076313656087913,0.018699941361722917,0.01674466858292762,0.030407905140768403,0.012599619175716378,0.021588508684898977],[1.857992159721125E-5,1.3941952935928288E-5,0.008338678401078785,0.009973220296308444,1.9213830052587916E-5,1.7325233480291606E-5,0.017057718572795276,2.3830380208536247E-4,6.131311016649595E-5,8.559281405141562E-4,0.0020472933213740102,3.6464182650389556E-4,1.8901067656977463E-4,0.020611886334000965,1.0,0.0011221682563238098,3.5724426178505835E-5,2.3823632146005997E-4,6.530817246912335E-5,2.0434111525052764E-5,0.003666756919404095,0.0012018298705666177,3.7960937538993145E-5,1.5251158276739705E-5,5.6334963779197915E-5,5.792546098917638E-5,0.003311724559376018,0.01655154532742088,6.981652998204426E-5,4.730849600850559E-5,0.0013386618884398559,7.819179205312992E-5,2.0576151626738447E-4,3.320070594053865E-4,5.922871250758017E-5,3.104130911079123E-5,7.067207994279043E-4,0.016886686751213086,1.2664336380332195E-4,0.04830754946973752,1.5271404672377245E-4,0.009624451031355861,6.647562970437383E-5,1.893167133390756E-4,0.020085862841935212,7.009660579147637E-4,9.256023075234635E-4],[8.867259284027835E-4,0.001398714281204273,0.005216977572943559,0.010156076462355971,0.001486259647500999,0.0010297014690178977,0.022593416006730704,8.679091850107127E-4,1.9789298023284365E-4,0.0024720406115463995,0.0018654582421451806,0.0015613943232232782,0.001233425386404983,0.0039659026248645545,0.0011221682563238098,1.0,9.545924007344841E-4,0.0017653316373132447,0.0010622522761060793,2.8438269334042567E-4,0.0047368701966538414,0.0012834148761240696,5.178516818232278E-4,3.9726147746435613E-4,0.0013158553428386792,2.806897064234521E-4,0.0025736447893730855,0.0064081906367986965,0.0016049103098342656,3.872072891545834E-4,0.0016992421691369916,0.0012004411276517958,5.427833759249296E-4,0.0013568090373352337,0.0015852270399905172,7.428578800268253E-4,9.792356003476858E-4,0.007898739462809987,8.605028750211688E-4,0.007942249127078783,3.407795201275857E-4,0.0068219930163623925,0.001563729696061332,5.335726902332553E-4,0.014081681545334596,0.001307157916084459,0.0018970254190641793],[4.0047392636418126E-4,1.1169921241522255E-4,0.009376388054281808,0.0035925369330845783,1.2102366201723987E-4,6.871716084780487E-5,0.0157438845668128,2.4396525439491847E-4,1.0726347297156184E-4,0.0020066865512806155,2.5917562100304694E-4,4.2815021686268035E-4,5.13913389107412E-4,0.005363116182672549,3.5724426178505835E-5,9.545924007344841E-4,1.0,4.168683834452991E-4,1.5088647689606762E-4,8.61731616864297E-5,0.0030832387721068935,3.461278545845286E-4,1.1456232137014716E-4,5.670266059136518E-5,1.1140549899206703E-4,2.4056623814203992E-4,7.171612167496809E-4,0.003310298138917828,1.5867735724554158E-4,1.570654614109833E-4,0.001093826160866577,1.0267689488824755E-4,1.9380470541531574E-4,2.3793596596663474E-4,3.77679202777665E-4,1.1683013924651527E-4,4.277762412547508E-4,0.022052284050950145,1.2991415670038234E-4,0.03235389598180995,1.6225051631525809E-4,0.00247939830225506,2.2404455018806304E-4,2.3817069852718884E-4,0.001724550104913678,1.435913000002253E-4,0.0017047155592072808],[5.062400575324367E-4,9.218590580958209E-4,0.013931954837111647,0.007080732595019298,5.579427046195063E-4,6.328413090486311E-4,0.018115523486967662,0.0010813438117325675,0.001762446947015954,0.002793715364281994,0.003067242513028129,0.0014368048880053685,0.0011971853912792997,0.005462374827611027,2.3823632146005997E-4,0.0017653316373132447,4.168683834452991E-4,1.0,0.001537842318742488,0.001055693638155628,0.004060400273991918,0.001550410285649951,0.001512570776556679,4.0851577406241044E-4,1.1606467232902308E-4,0.0014081899819810742,0.0032442613454853712,0.016323957457342168,6.980760880617345E-4,0.0017950383096486911,0.0018182017480360521,9.796905169953969E-4,0.001360692759849369,0.00143264947993159,0.0011267996348457024,6.924099816374464E-4,0.0013256765657403172,0.005891523116604276,0.001246136797104072,0.013171057551443745,0.0015775982822368452,0.009255651691514337,0.0013790645846444324,0.0012563529228664006,0.004361096713285861,8.559137549485991E-4,0.0019098145339368367],[3.7043635797869755E-4,3.772864810789718E-5,0.0019529038408007343,0.0017847349597061816,1.5521401012208848E-4,4.422147173759744E-5,0.020261126318969504,2.0334269359526696E-4,1.5580284274430218E-4,0.0020495109807457685,0.002203129100574695,2.850280743174197E-4,4.5607522407599323E-4,0.03027025415037521,6.530817246912335E-5,0.0010622522761060793,1.5088647689606762E-4,0.001537842318742488,1.0,1.3784140999589895E-4,9.30500145194977E-4,3.531134431050206E-4,1.2172598359015918E-4,7.712060793664251E-5,1.3091569382509723E-4,2.0996340055244982E-4,0.001037042065307003,0.015213987412144091,1.6470189859031856E-4,1.611886562379111E-4,7.183717578820334E-4,1.092989164413282E-4,1.6833916720202275E-4,8.238459267113119E-4,0.0010489956946958656,1.5930684144383408E-4,2.603821215658432E-4,0.00995132568313176,1.5409777732591654E-4,0.04072943394708281,1.7787099722991489E-4,0.004564496641535535,3.3328408722352115E-4,2.680771419010117E-4,0.010626715139850838,4.4491623470562685E-4,0.0017480683795981695],[1.8597768742734843E-4,5.228540391940906E-5,0.00488319034722676,0.009543489536734003,1.4054701783304985E-4,3.6028243545557976E-5,0.027302798698639375,7.347232310022574E-5,7.164877882291981E-5,0.0019691605896983867,7.751042070262299E-4,1.7224698546938825E-4,1.5745895871416445E-4,0.01402143962883886,2.0434111525052764E-5,2.8438269334042567E-4,8.61731616864297E-5,0.001055693638155628,1.3784140999589895E-4,1.0,2.0816848957187209E-4,8.108214189743886E-4,1.086154812656166E-4,2.8505760431321548E-5,6.897998982548517E-5,1.1210252279471879E-4,0.0028277576552793665,0.006134526862168218,1.8556283943780202E-4,1.2257234484741426E-4,6.956154260775004E-5,9.31613130335834E-5,1.7034081455752394E-4,0.001125399247361883,5.081577756136601E-4,1.346687463343855E-4,6.714606168428705E-4,0.026929491406874815,1.2171587528068628E-4,0.04541839714048251,1.8605234819527196E-4,0.007911604726439427,1.2271865029280982E-4,2.3028141752051362E-4,0.012762832381153109,3.802892222197732E-4,3.3292203407910264E-4],[0.00435834546977432,0.0030255613595695538,0.008169230913027112,0.011954241031513223,0.004676296668598666,0.0019493544403893154,0.009144566871587108,7.624334424043462E-4,0.006048246637942537,0.005660145351120619,0.0039245855462815196,0.003616853726279149,0.0011110398085024465,0.01506266737400042,0.003666756919404095,0.0047368701966538414,0.0030832387721068935,0.004060400273991918,9.30500145194977E-4,2.0816848957187209E-4,1.0,0.004749317634432907,0.0016601682832521828,9.952228093494119E-5,4.4686615871507914E-4,0.005803610826643858,0.00562621086927443,0.013976033247651155,0.0015613860181313327,0.003956089080581919,0.005974705168261813,2.749042646530639E-4,0.0041516951769919085,0.003465146834241088,0.0030673655529587186,0.0042744350627595545,0.0013415852333964523,0.015311505027427882,0.0032995321178785784,0.038004955296079314,2.444351811339863E-4,0.007963571240584728,0.001955413367382485,0.005491499801531423,0.02116114129251125,0.0021542420686844824,0.0027630214565774495],[4.7202966456515226E-4,5.941932155217952E-4,0.014991430524409467,0.008472423167683726,0.0011724004485881199,0.0011920289750419386,0.022911898409121327,3.611704470310239E-4,8.994457315703703E-4,0.002829388390050846,0.001999607037569602,8.84058996064215E-4,0.001206482500899602,0.031727307205224466,0.0012018298705666177,0.0012834148761240696,3.461278545845286E-4,0.001550410285649951,3.531134431050206E-4,8.108214189743886E-4,0.004749317634432907,1.0,9.815498357368616E-4,1.4260494444180602E-4,2.409592431530693E-4,6.917974656525353E-4,0.00243072157484965,0.010440093502803723,7.080343182940067E-4,3.4686088418478E-4,0.0013662995525044802,2.227549784810866E-4,7.684631133535339E-4,0.0012896358823438977,0.0012033025317290382,3.6216756439478475E-4,9.630369510612129E-4,0.028853364968985936,8.603466070061203E-4,0.038214136326231475,0.0011304707755861471,0.002589662936784938,6.73441742300623E-4,9.79699185824375E-4,0.012225345897346864,0.0011419824282887189,0.0013542799716937059],[1.5627786787119496E-4,5.8101313825884386E-5,0.004990563033371559,0.011762047948178443,1.4805548056677316E-4,6.367635578766584E-5,0.013474161584343829,1.9362766149759962E-4,1.0742963956466743E-4,0.0018002084007535109,0.0030907737130184618,4.937700721315456E-4,3.1411947030306756E-4,0.014467229936323716,3.7960937538993145E-5,5.178516818232278E-4,1.1456232137014716E-4,0.001512570776556679,1.2172598359015918E-4,1.086154812656166E-4,0.0016601682832521828,9.815498357368616E-4,1.0,5.505439524404545E-5,1.0811677568539213E-4,1.9894592514706027E-4,0.0020423320200201284,0.008725186252665886,1.7280811026181055E-4,1.2900949856795648E-4,0.0012655733966567392,1.1271819463480879E-4,1.156070009224956E-4,5.325922632305693E-4,4.636617415669011E-4,1.467683782956142E-4,5.8519085773926E-4,0.02349813656156839,1.3136390732509267E-4,0.028806179554852276,1.3690459820657873E-4,0.0014121240880782086,3.767199051606585E-4,2.7414836200145165E-4,0.001897453990427418,5.354422973145115E-4,0.001786440663660017],[4.210303629996666E-4,1.1719442774848388E-5,0.015463410975746182,0.00471956416649139,6.248649469605669E-5,1.4436450242699325E-5,0.018940938404976123,1.5260327006814332E-4,5.831149882497571E-5,5.509760407058773E-4,6.591274833251319E-4,3.1849272239202806E-4,1.2720650117588222E-4,0.010271980145949879,1.5251158276739705E-5,3.9726147746435613E-4,5.670266059136518E-5,4.0851577406241044E-4,7.712060793664251E-5,2.8505760431321548E-5,9.952228093494119E-5,1.4260494444180602E-4,5.505439524404545E-5,1.0,3.3375211442749585E-5,5.740261434212891E-5,0.0012288021432267017,0.00870396334881703,1.9970978896876354E-4,4.4977788190025406E-5,0.001270573916307383,7.715894564127176E-5,1.9545301633779657E-4,0.0013156497645919949,9.82926039188306E-4,8.734469062633781E-5,1.7030422738885837E-4,0.009949143629574855,9.939954423739563E-5,0.014696999998768407,1.8127129214841393E-4,0.00799136966904561,2.693067589697826E-4,2.8706159877746956E-5,0.008720852237348484,4.731047304689E-4,2.3238296269300469E-4],[2.0887659012114562E-4,3.407821988121592E-5,0.002944958137599719,0.01111044761705823,1.1254822476981902E-4,8.028555978964889E-5,0.023437700805182652,2.8415766596988953E-4,1.047356190693523E-4,0.0019261773255013278,0.0033130913917714835,2.853377040485174E-4,3.114081245858023E-4,0.01000202365589718,5.6334963779197915E-5,0.0013158553428386792,1.1140549899206703E-4,1.1606467232902308E-4,1.3091569382509723E-4,6.897998982548517E-5,4.4686615871507914E-4,2.409592431530693E-4,1.0811677568539213E-4,3.3375211442749585E-5,1.0,1.4609530664702E-4,2.6761023951076283E-4,0.01209412661393643,1.4602757621859786E-4,1.6520829535420146E-4,0.0011315603191333766,1.0158263676350556E-4,1.9805909449299383E-4,5.115575816511544E-4,3.644355235594463E-4,1.2717594241194364E-4,8.312616845947419E-4,0.01673279217513395,1.1718874709342371E-4,0.033908483164798116,1.4735958450425073E-4,0.002818954723953308,3.0991295186807944E-4,1.5915677734578803E-4,0.01725645545689011,7.2256365834553E-4,0.0018615738442282637],[3.780073786748392E-4,2.080000291826683E-4,0.009593030039845506,7.756990509215475E-4,1.7687888313652658E-4,1.0239966433766915E-4,0.0016629685294065999,2.533209879266626E-4,2.2799570098441595E-4,0.002616338648150294,0.0011615329888645845,5.497129231761357E-4,3.226340684916211E-4,0.001415833108966443,5.792546098917638E-5,2.806897064234521E-4,2.4056623814203992E-4,0.0014081899819810742,2.0996340055244982E-4,1.1210252279471879E-4,0.005803610826643858,6.917974656525353E-4,1.9894592514706027E-4,5.740261434212891E-5,1.4609530664702E-4,1.0,0.003188293452645859,0.012196782354386721,2.194742777670743E-4,2.136071650467149E-4,0.0012921181534379718,2.1841892808767982E-4,2.1991378780579547E-4,0.001261297535497346,8.950063220694268E-4,2.241113722870122E-4,4.412676002574352E-4,0.014441387624379392,1.467287317840374E-4,0.015166080528527762,2.1261274801548526E-4,0.00880721247164523,3.5679637846331515E-4,2.4212833024599836E-4,0.01601885984774388,4.074987279603608E-4,0.0012978878892191598],[0.003524964925626652,7.500591572039874E-5,0.014919010727117382,0.003927692393303389,0.00336889354058361,8.869244458400593E-4,0.028850661645516088,0.0030356599125412657,0.0011456911285861616,0.0034728359358098706,0.0035875480955462643,0.001660907679089787,0.0012991705976532382,0.012630074234643992,0.003311724559376018,0.0025736447893730855,7.171612167496809E-4,0.0032442613454853712,0.001037042065307003,0.0028277576552793665,0.00562621086927443,0.00243072157484965,0.0020423320200201284,0.0012288021432267017,2.6761023951076283E-4,0.003188293452645859,1.0,0.00466390064706838,0.0017128053567056038,0.0019447787477085,0.0030267695884908692,1.2256463210569518E-4,0.0014995659716310556,0.002267761482512485,0.0024130390619886144,0.0015287400142683688,0.003498055790929197,0.010891715067798902,8.007611232588999E-4,0.04709163819860192,0.0017878405103787566,0.004053047999517013,5.368106713674586E-4,0.0034375094713566426,0.012571872901746063,0.002498556453958084,0.0022185203220022294],[0.0026637409603062264,9.627220582998952E-4,0.016389709514681067,0.014544681394914494,0.0010508953318938896,0.014399590420041665,0.024081938027998753,0.006607340268407439,0.011721281469919626,0.005288119025312189,0.01601073816932737,0.012680804904150054,0.015016167563229717,0.030459264593634412,0.01655154532742088,0.0064081906367986965,0.003310298138917828,0.016323957457342168,0.015213987412144091,0.006134526862168218,0.013976033247651155,0.010440093502803723,0.008725186252665886,0.00870396334881703,0.01209412661393643,0.012196782354386721,0.00466390064706838,1.0,0.010848260570292074,0.006962842332276464,0.00461275588929625,0.012196836643202993,0.01634587993781277,0.007209091917451064,0.007807353043687491,0.012852088603718835,0.003952592900920659,0.03483110847930141,0.010790173330558997,0.037024911964257654,0.004865058089064923,0.014130632164449673,0.014592305961595848,0.004505559817920955,0.021708303606849992,0.009216234706067285,0.012458995152088568],[2.3546150836054096E-4,1.0871983354641176E-4,0.013429366414402708,0.004875155133309591,2.0694005260102387E-4,8.495770191919964E-5,0.020152777094511024,2.654658323673876E-4,1.705731500534217E-4,0.0011943784433199902,0.0033058657841177333,3.794603807946431E-4,6.220456104683767E-4,0.007502249294223742,6.981652998204426E-5,0.0016049103098342656,1.5867735724554158E-4,6.980760880617345E-4,1.6470189859031856E-4,1.8556283943780202E-4,0.0015613860181313327,7.080343182940067E-4,1.7280811026181055E-4,1.9970978896876354E-4,1.4602757621859786E-4,2.194742777670743E-4,0.0017128053567056038,0.010848260570292074,1.0,1.8027304616191796E-4,2.9416980915403517E-4,2.032378033196931E-4,2.133753431133756E-4,5.346420795155184E-4,0.0010456766072304297,1.626055651899049E-4,6.660348795581114E-4,0.024816312327963847,1.8376520439014263E-4,0.049965323739882245,2.024250308037056E-4,0.0038691986424362274,2.408366192080225E-4,2.3253254165797442E-4,0.013897862529086159,2.936019487212086E-4,0.0016528128173897497],[2.07499828338711E-4,1.1378261425871975E-4,0.013053877513932884,0.008724556558836914,1.6558041898936853E-4,1.6244242565768496E-4,0.027496026700256644,2.7217093378953817E-4,1.661232613957108E-4,5.90257033815703E-4,0.003162173189806046,4.991284174495589E-4,8.172834446473192E-4,0.010843759020281288,4.730849600850559E-5,3.872072891545834E-4,1.570654614109833E-4,0.0017950383096486911,1.611886562379111E-4,1.2257234484741426E-4,0.003956089080581919,3.4686088418478E-4,1.2900949856795648E-4,4.4977788190025406E-5,1.6520829535420146E-4,2.136071650467149E-4,0.0019447787477085,0.006962842332276464,1.8027304616191796E-4,1.0,4.6415506083674683E-4,1.298317560128837E-4,2.1056250305791213E-4,5.636668940295661E-4,9.081865298006995E-4,1.631226890994675E-4,6.47805342957075E-4,0.00551072602131852,1.5010049618850957E-4,0.024581137229579574,1.8344273792628672E-4,0.007612776644447726,3.2775243218043874E-4,2.410528289033386E-4,0.013913987815793866,5.636880174648864E-4,0.0019259248268120187],[7.763947775652949E-4,0.0011804110809382263,0.0019599220087373865,0.008160320461004148,0.0011080545437480173,0.0014688179640725237,0.0283790755575297,0.0012741993914321386,6.817849869274081E-4,0.0022249134495718366,0.0022834689055282183,0.0012588809091581509,0.001534115392385501,0.010139392105150098,0.0013386618884398559,0.0016992421691369916,0.001093826160866577,0.0018182017480360521,7.183717578820334E-4,6.956154260775004E-5,0.005974705168261813,0.0013662995525044802,0.0012655733966567392,0.001270573916307383,0.0011315603191333766,0.0012921181534379718,0.0030267695884908692,0.00461275588929625,2.9416980915403517E-4,4.6415506083674683E-4,1.0,3.12320055792656E-4,0.001809498321884841,0.0014239019941065538,0.0017590327397906734,7.034358578764349E-4,0.0013547076900436458,0.02106939675731279,4.062546855528571E-4,0.03225330804477307,6.649105116463593E-4,0.008825777774610322,6.666666056536355E-4,0.0015373369777984397,0.00497630488008894,0.0017698920578293818,0.0018439072860453425],[2.3786735593653535E-4,8.893195808214868E-5,0.006389657593136221,0.01156468131169837,1.2148208348348773E-4,7.266991582828066E-5,0.021662781831777257,1.080923981905563E-4,1.0385883412336093E-4,3.676107965550062E-4,0.0030223813891115136,3.406383216953151E-4,0.0010290262603297557,0.010477662643705428,7.819179205312992E-5,0.0012004411276517958,1.0267689488824755E-4,9.796905169953969E-4,1.092989164413282E-4,9.31613130335834E-5,2.749042646530639E-4,2.227549784810866E-4,1.1271819463480879E-4,7.715894564127176E-5,1.0158263676350556E-4,2.1841892808767982E-4,1.2256463210569518E-4,0.012196836643202993,2.032378033196931E-4,1.298317560128837E-4,3.12320055792656E-4,1.0,2.0632521375672775E-4,0.0011338995287372858,6.560460324456711E-4,1.2187376040759768E-4,6.108524861367353E-4,0.014399437513190354,1.3544866508129172E-4,2.0818608793037984E-4,1.5912602457766878E-4,0.0019623127885555138,2.9261015416618823E-4,1.3131867303356015E-4,0.015828161639312596,5.415038625184537E-4,0.0014213075848259495],[2.4954506618806387E-4,8.827229361583569E-5,0.003002156276755743,0.0011510636031999844,2.063274265764692E-4,6.932630181952167E-5,0.02155667149998111,2.430713421645367E-4,2.1074306204031765E-4,0.0022409260865156612,0.0029436008605279802,2.7282238028560746E-4,9.528605126129694E-4,0.007418720444133639,2.0576151626738447E-4,5.427833759249296E-4,1.9380470541531574E-4,0.001360692759849369,1.6833916720202275E-4,1.7034081455752394E-4,0.0041516951769919085,7.684631133535339E-4,1.156070009224956E-4,1.9545301633779657E-4,1.9805909449299383E-4,2.1991378780579547E-4,0.0014995659716310556,0.01634587993781277,2.133753431133756E-4,2.1056250305791213E-4,0.001809498321884841,2.0632521375672775E-4,1.0,3.531934057861073E-4,0.0010540102106601538,1.569563526735741E-4,7.111538253443517E-4,0.03237589385636564,2.068823973194597E-4,0.010254178739580339,2.094138095492438E-4,0.005123538795005898,3.0926860182753986E-4,2.554085407986991E-4,0.01070410586015874,7.218527121211797E-4,0.0019281502715133344],[6.246164551073708E-4,3.7459431018626313E-4,0.005260400098906161,0.0022403240098144697,2.3468980889617595E-4,7.661154483275576E-4,0.016138211256492497,4.8704706304005777E-4,0.0011603621104917382,0.0026056499964245954,0.0020299735908089972,7.52223624135307E-4,0.001272578491202376,0.010039299183982185,3.320070594053865E-4,0.0013568090373352337,2.3793596596663474E-4,0.00143264947993159,8.238459267113119E-4,0.001125399247361883,0.003465146834241088,0.0012896358823438977,5.325922632305693E-4,0.0013156497645919949,5.115575816511544E-4,0.001261297535497346,0.002267761482512485,0.007209091917451064,5.346420795155184E-4,5.636668940295661E-4,0.0014239019941065538,0.0011338995287372858,3.531934057861073E-4,1.0,0.0011641584022097939,7.06432001487198E-4,0.001179674574692034,0.0053175639538030825,8.894763945134155E-4,0.03662134434011227,7.667454179901103E-4,0.008091210347534605,0.0010388803703359631,2.8866557567850667E-4,0.006137955824301976,0.001174670357747308,0.001708473373078765],[5.166835951615273E-4,6.221914292618662E-4,0.0023648363934290033,0.0017872516614520504,3.3648153881178134E-4,2.5575034532206305E-4,0.0020937286963846223,6.864113191094522E-4,8.742414076025062E-4,0.0015932352456474118,0.001780062708200571,9.271229193191202E-4,0.0010578444923454449,0.03099603598397685,5.922871250758017E-5,0.0015852270399905172,3.77679202777665E-4,0.0011267996348457024,0.0010489956946958656,5.081577756136601E-4,0.0030673655529587186,0.0012033025317290382,4.636617415669011E-4,9.82926039188306E-4,3.644355235594463E-4,8.950063220694268E-4,0.0024130390619886144,0.007807353043687491,0.0010456766072304297,9.081865298006995E-4,0.0017590327397906734,6.560460324456711E-4,0.0010540102106601538,0.0011641584022097939,1.0,1.698231304551108E-4,9.927534960473459E-4,0.015160063805051619,5.118119056190874E-4,0.029314156176563473,6.017491020664738E-4,0.006944644447954864,8.33259304582413E-4,3.7501655589730306E-4,0.014954876501409635,9.850895667076424E-4,0.0016952534292042343],[1.7684677804826777E-4,1.5132758605785826E-4,0.008269511050000788,0.010894228301191964,1.510147592234713E-4,2.181786999512081E-5,0.022930184047527297,2.73117758878333E-4,1.370463323476389E-4,0.0014910857726844432,0.0022649001186607295,2.6435338852824993E-4,5.491160821821222E-4,0.005370106869867579,3.104130911079123E-5,7.428578800268253E-4,1.1683013924651527E-4,6.924099816374464E-4,1.5930684144383408E-4,1.346687463343855E-4,0.0042744350627595545,3.6216756439478475E-4,1.467683782956142E-4,8.734469062633781E-5,1.2717594241194364E-4,2.241113722870122E-4,0.0015287400142683688,0.012852088603718835,1.626055651899049E-4,1.631226890994675E-4,7.034358578764349E-4,1.2187376040759768E-4,1.569563526735741E-4,7.06432001487198E-4,1.698231304551108E-4,1.0,4.3347661014104405E-4,0.0015075685731552296,1.4712560664608616E-4,0.04993369473778788,1.6286889899640947E-4,0.007298853207205183,2.328331992527548E-4,2.649322120646837E-4,0.0121930772762946,1.699210755318036E-4,4.3542918551461786E-4],[8.962963885161157E-4,3.357075338248779E-4,0.007078420510235616,0.0070271451038200474,2.3084790285248904E-4,2.0508557460688272E-4,0.024044538387700744,8.196015228268288E-4,1.1111907402067051E-4,0.0010890158483541144,0.002027265538516742,6.76737569313915E-4,9.572667780005723E-4,0.011178342002305745,7.067207994279043E-4,9.792356003476858E-4,4.277762412547508E-4,0.0013256765657403172,2.603821215658432E-4,6.714606168428705E-4,0.0013415852333964523,9.630369510612129E-4,5.8519085773926E-4,1.7030422738885837E-4,8.312616845947419E-4,4.412676002574352E-4,0.003498055790929197,0.003952592900920659,6.660348795581114E-4,6.47805342957075E-4,0.0013547076900436458,6.108524861367353E-4,7.111538253443517E-4,0.001179674574692034,9.927534960473459E-4,4.3347661014104405E-4,1.0,0.03344744696015142,1.4188870524549428E-4,0.01833613683754664,4.6185911387125385E-4,0.008644948480656422,8.884129821521856E-4,5.063148961314404E-4,0.01919310024831035,9.230449974796301E-4,0.0015940772570873713],[0.019305577139605505,0.035047675240298795,0.026758666863307044,0.01470484097986754,0.008085313681011544,0.02529716431116144,0.03429134508772201,0.01213900351028078,0.021454938376901083,0.007962581039464432,0.019708821480593077,0.0036557284537026124,0.018959017977189786,0.035132988674527195,0.016886686751213086,0.007898739462809987,0.022052284050950145,0.005891523116604276,0.00995132568313176,0.026929491406874815,0.015311505027427882,0.028853364968985936,0.02349813656156839,0.009949143629574855,0.01673279217513395,0.014441387624379392,0.010891715067798902,0.03483110847930141,0.024816312327963847,0.00551072602131852,0.02106939675731279,0.014399437513190354,0.03237589385636564,0.0053175639538030825,0.015160063805051619,0.0015075685731552296,0.03344744696015142,1.0,0.02599431594110218,0.05219764834973001,0.012948187289122703,0.027895403793997853,0.03372869366871196,0.01874998935026607,0.03207065838919251,0.026056672480966072,0.032455047400291454],[1.6175796995480414E-4,8.738713854744681E-5,0.006513285484692921,0.004941197883596887,1.4497392627476385E-4,9.678320964241688E-5,0.011223725079907909,1.7954173745829332E-4,1.2480521761816727E-4,9.923740227245719E-4,0.0026084686198350267,2.2565315446722403E-4,7.169811964905851E-4,0.021169350445551995,1.2664336380332195E-4,8.605028750211688E-4,1.2991415670038234E-4,0.001246136797104072,1.5409777732591654E-4,1.2171587528068628E-4,0.0032995321178785784,8.603466070061203E-4,1.3136390732509267E-4,9.939954423739563E-5,1.1718874709342371E-4,1.467287317840374E-4,8.007611232588999E-4,0.010790173330558997,1.8376520439014263E-4,1.5010049618850957E-4,4.062546855528571E-4,1.3544866508129172E-4,2.068823973194597E-4,8.894763945134155E-4,5.118119056190874E-4,1.4712560664608616E-4,1.4188870524549428E-4,0.02599431594110218,1.0,0.0038536467495968183,1.647345812356212E-4,0.004629973691980956,3.5294235735189837E-4,1.7013219617711403E-4,0.011572702669853802,2.8131781697882986E-4,6.240160233984922E-4],[0.027102777036142958,0.0014513475513567465,0.04286933608433198,0.030757555610719106,0.03364170236671185,0.048317677308383454,0.04371026368578113,0.02023447238838444,0.04787706113405941,0.01344320381203575,0.01721041967205411,0.0042797206116745624,0.03038023363888237,0.0443406503316577,0.04830754946973752,0.007942249127078783,0.03235389598180995,0.013171057551443745,0.04072943394708281,0.04541839714048251,0.038004955296079314,0.038214136326231475,0.028806179554852276,0.014696999998768407,0.033908483164798116,0.015166080528527762,0.04709163819860192,0.037024911964257654,0.049965323739882245,0.024581137229579574,0.03225330804477307,2.0818608793037984E-4,0.010254178739580339,0.03662134434011227,0.029314156176563473,0.04993369473778788,0.01833613683754664,0.05219764834973001,0.0038536467495968183,1.0,0.039308351647788065,0.015356767470665538,0.016273696127303387,0.037321528616381355,0.050110763971791664,0.020612744989384684,0.024619042176996703],[3.351768978525965E-4,1.6760718962065334E-4,0.009429924466968631,0.0038480230292164456,1.7057789697306293E-4,7.296507340705466E-5,0.01816538571067725,2.9800481608431844E-4,1.728846592401728E-4,0.0018937472645688194,0.0010148523013996569,5.425175450063933E-4,3.274046315247295E-4,0.017360625087226092,1.5271404672377245E-4,3.407795201275857E-4,1.6225051631525809E-4,0.0015775982822368452,1.7787099722991489E-4,1.8605234819527196E-4,2.444351811339863E-4,0.0011304707755861471,1.3690459820657873E-4,1.8127129214841393E-4,1.4735958450425073E-4,2.1261274801548526E-4,0.0017878405103787566,0.004865058089064923,2.024250308037056E-4,1.8344273792628672E-4,6.649105116463593