[[1.0,8.639191030976941E-5,2.4337439488148505E-5,1.0755217807173446E-4,0.0019676890489687166,5.199861038093519E-4,2.0543599518062632E-4,2.644446474206937E-4,8.222213207164899E-5,0.00320347564378633,0.001278282401197773,1.1447146057934934E-4,1.8257208033795965E-5,4.6041745047679033E-4,3.779885353693685E-5,0.004719817810074625,1.9279233630899506E-4,0.021198507645278173,4.5862242024917314E-4,4.9288834291810624E-5,1.9435994231836115E-5,0.014875574619530327,7.718342590249487E-5,4.8690072878743625E-5,2.5704489674557436E-5,0.003071801115561806,5.419215871500612E-4,6.781506250890795E-5,5.817943557004826E-5,0.00323174462787328,0.0013591736299423474,4.520442797398217E-4,6.097212651963971E-4,4.158845458943139E-4,0.008079276756539964,1.030230476459841E-4,6.161299514847011E-4,2.5964270490645415E-4,3.018266904527216E-4,8.744467973392847E-4,6.529429966855183E-4,0.01393670931418718,1.4081153513613508E-4,3.079596489984398E-5,1.2051121139793097E-4,1.6920610557649167E-4,2.0084943055288985E-4,6.571812079995688E-4,2.66776137275024E-4,5.728232538232042E-4,1.9922235651724843E-4,0.0017110858266313534,7.019420437662186E-4,2.953437482296907E-5,5.0524795911841E-4,1.18852295466479E-4],[8.639191030976941E-5,1.0,2.5099644648265533E-5,1.1527427127583355E-4,0.0017406604492347696,0.001292798538882172,3.776564647052866E-4,3.9388614439100276E-4,1.1460599354849686E-4,0.012995372638659724,2.2331534204921526E-4,1.2571373023954736E-4,4.81116815713065E-5,4.8285781046403345E-4,8.343020234865146E-5,0.0065308866350891025,2.2860168946132743E-4,0.03979272258069553,0.00337983840789917,1.0999910477246458E-4,1.0952992492104679E-4,0.0024955437853315175,1.0439223354758442E-4,1.743284640075949E-4,9.150323533388776E-5,0.003491956146622418,2.472635072598817E-4,1.4617069175435274E-4,1.0853544246234824E-4,0.0025641366997814956,0.0012780278367895649,4.3551734228289735E-4,0.0020553633679100194,7.640394494186128E-4,0.007096582389462981,1.174786628992982E-4,8.667625895307149E-4,2.45505126138894E-4,3.3865053624220544E-4,0.0020843335898724775,5.957499698884178E-4,0.016150609527823222,1.5634720675838606E-4,3.8820411169571275E-5,1.9010150350882104E-4,1.3483793825290295E-4,6.794459262009426E-4,4.9310848964065E-4,7.827024071452035E-4,2.9457895869259383E-4,1.9064599805403298E-4,0.0015026352178851693,6.673305823992612E-4,6.80351957212379E-5,0.002845661262763891,2.098918256661074E-4],[2.4337439488148505E-5,2.5099644648265533E-5,1.0,4.506187994582552E-5,6.912109706932025E-4,6.499738567850031E-4,2.9093961182359866E-4,5.933090951428504E-4,8.282440614307732E-5,0.015552793379578515,7.34321388335446E-4,1.6013251432822972E-4,1.3883531175774947E-5,9.37469781406186E-4,1.4691108077851882E-5,0.009194958655782752,1.9043377809539527E-4,0.016974979707451196,0.005029212484836274,8.21687621179525E-5,1.4309495065447133E-5,0.020667811314220193,2.9041986169325497E-5,3.852739034301153E-5,1.5870498451985045E-5,0.0011593135931200343,4.6364097216066336E-4,5.709628752297431E-5,1.0279925633695065E-4,0.006231072620609621,7.725107561545296E-4,3.800781051817396E-4,7.906841664926872E-4,9.636529079850562E-4,0.005062784910079721,1.440581424477497E-4,6.926549156610933E-4,1.1314452594680609E-4,7.823620945806336E-5,0.00258453608230593,8.22200212093884E-4,0.026186067027884577,1.1869978212997055E-4,1.524786664673827E-5,1.4783522449569658E-4,8.293020603113914E-5,5.86868880155598E-4,2.2332595431000636E-4,6.49809367900014E-4,0.0011011761958945447,5.084668306168777E-5,0.0016220763156951606,8.791748020630586E-4,1.3020019822158345E-5,2.608128069159317E-4,0.0013927943007794007],[1.0755217807173446E-4,1.1527427127583355E-4,4.506187994582552E-5,1.0,2.2885899389036034E-4,4.8184181136351326E-4,8.4957745265118E-4,1.4937382547876765E-4,1.1746344194543165E-4,0.016157063821245713,0.0021175891524889165,1.794634306226197E-4,7.395625460426437E-5,0.001068876707930125,9.28903844039673E-5,0.007697463823279786,1.3466708375840447E-4,0.011102843745838453,5.188157767760181E-4,1.131889288889779E-4,1.0375256363608621E-4,0.025156335635036487,9.476323392178461E-5,1.9769551075648903E-4,7.503250328559847E-5,2.9985474477061547E-4,3.380619474561323E-4,1.1982433596936107E-4,1.0983511296362405E-4,0.0029492925849762814,0.0010595338596379833,2.0333891799278661E-4,0.0026052556907273615,1.421134245627739E-4,0.003917057496795423,1.8782833329825831E-4,0.0011297945864519696,2.921274163504834E-4,2.8787799726158665E-4,0.0024108940919586436,3.262683261246669E-4,0.005316116151614867,1.5793890629210635E-4,5.944915860538329E-5,1.3915972977740772E-4,1.4405415062899158E-4,0.0014614291445391749,8.267399200480517E-4,3.517752722051445E-4,9.348844908072796E-4,1.9497464595503197E-4,6.256718174388636E-4,6.091767679386155E-4,2.3503392484681015E-5,2.4235203680060823E-4,9.392888789987901E-4],[0.0019676890489687166,0.0017406604492347696,6.912109706932025E-4,2.2885899389036034E-4,1.0,0.0024906308003647625,9.378449969914496E-4,0.001885784110387545,0.0012068390612947947,0.00887146583798968,0.002424844672178243,4.249753435004442E-4,0.0024705897021889533,0.0024770506235700287,4.145261000404036E-4,0.0026875240862453222,0.0016799591646693653,0.02364413620822631,0.0058474670626696874,9.90093197004338E-4,0.002397470476296024,0.046704905447693436,0.0015243929352331744,0.0019453845813529511,0.0021646382816589726,0.003215159821375154,7.139191901397249E-4,9.437481797461768E-4,5.104509044485824E-4,0.0033933547793815262,0.0024498014254602006,5.759139912573355E-4,0.0025883788568065013,0.002139527930019358,0.006043069907345513,0.0015786456957496975,0.002141371452413889,6.577828494764187E-4,4.940230736391129E-4,0.003148886970315443,0.001261216631702949,0.005589236107984039,0.0011867768728298237,0.0017283472623303834,6.637494501556348E-4,0.0010783755881374408,0.0020451145873574754,0.0014517829517068058,0.0020705481480814414,0.001867073297935379,0.0021822570712095608,0.0025954563145561237,0.001960271452629259,0.0010102223601402092,0.002774783128863018,0.0018441849402613026],[5.199861038093519E-4,0.001292798538882172,6.499738567850031E-4,4.8184181136351326E-4,0.0024906308003647625,1.0,0.0010398039927805684,0.0012300496963629387,0.0011720231537004056,0.007817041135775568,0.0018838548389875079,8.686400937434758E-4,6.592198569283171E-4,0.001228774373476841,8.77458022913823E-4,0.01048003267305722,3.5801016481369283E-4,0.060311912553581426,0.006182084290183235,1.0895404011530415E-4,5.218897396855168E-4,0.033837072103147625,0.0010602547484316464,2.157611237079924E-4,4.6766542187617644E-4,0.0018341648546504217,8.202054274316559E-4,8.887913392259849E-4,8.85745997495566E-4,0.0032114926137862907,0.0014310729596093777,5.365443289022493E-4,0.002056699017608441,0.0012893843680316412,0.004350607797263529,0.001197497597340402,0.0015141390418534637,0.0010640650874104765,4.264183620772332E-4,0.0015877610538834125,0.00111273632122793,0.032826753543873634,7.622583643329447E-4,9.428774916977339E-5,0.0010467836361836898,0.0011712330191390498,0.0013254953844138882,0.0010904151173554953,0.0011834158114874507,0.001296914913354885,4.991563044198933E-4,0.002774781842618284,0.001192254277592087,0.0012635558631254352,0.0027575766207367527,0.0013330018590868922],[2.0543599518062632E-4,3.776564647052866E-4,2.9093961182359866E-4,8.4957745265118E-4,9.378449969914496E-4,0.0010398039927805684,1.0,8.482688392369657E-4,6.263637569687463E-4,0.010706210941339727,0.0012446909416482087,3.1076009720844386E-4,3.2900788282429617E-4,0.0011372432919891276,4.254024093097187E-4,0.0012422403385451378,7.963141134010105E-4,0.024634055399948472,0.005929484585897462,2.5905295361752995E-4,7.632135902442352E-4,0.006910981607505619,1.6018127210929014E-4,8.057867392037071E-4,5.146737661535271E-4,0.0028578400198681388,8.025399413184727E-4,6.461929344223566E-4,7.993337050212321E-4,0.004285627012216624,0.0013515902047563384,6.833884198167777E-4,0.002247693315342476,9.390954095986337E-4,0.0018668010644582833,6.045268287929327E-4,0.001219522166899768,5.744395676199182E-4,3.695930229265164E-4,0.0031052362019476595,9.51240785233329E-4,0.027043727005183916,7.13482247993642E-4,2.0485763910674563E-4,7.077696811532853E-4,4.161762526056209E-4,0.0013367100095145119,9.190670242090337E-4,9.336320529632753E-4,0.0011264270898613913,6.90654317091989E-4,0.0018598766082404904,9.967737707460855E-4,6.496117563141281E-4,0.00203293106829093,0.0012936017354797324],[2.644446474206937E-4,3.9388614439100276E-4,5.933090951428504E-4,1.4937382547876765E-4,0.001885784110387545,0.0012300496963629387,8.482688392369657E-4,1.0,1.7038164214219832E-4,8.291257447801018E-4,0.0014884461548515275,5.21224420889777E-4,3.3298751249193884E-4,0.0011258700377551373,5.140004786776038E-4,0.00914458499034149,3.4096118329087464E-4,0.06395166874053312,9.467752909904862E-4,3.980292885728733E-4,6.917078220653009E-4,0.0031696326887923594,4.055994411048548E-4,5.458341854908492E-4,5.364730526491041E-4,8.190115666317568E-4,6.736525010824831E-4,3.3884833779755674E-4,6.838826997265608E-4,0.004956746881318957,7.234063361395064E-4,6.797813032202717E-4,8.043032519342657E-4,9.977332018413637E-4,9.607303451715766E-4,5.816795526479947E-4,0.0010553531141377637,4.6922438698027006E-4,4.687411125040117E-4,0.001288341659787666,8.199053778145922E-4,0.02730492076996642,4.0882719119259567E-4,3.990867849047516E-4,2.2918067324749296E-4,2.9978690035201724E-4,0.0012577965262001848,0.0010540004957223287,7.909405940013688E-4,9.063281981582343E-4,2.459313031850241E-4,0.001733210181658259,9.729871829709194E-4,3.0044078695536584E-5,0.001438718604000779,7.111096070083091E-4],[8.222213207164899E-5,1.1460599354849686E-4,8.282440614307732E-5,1.1746344194543165E-4,0.0012068390612947947,0.0011720231537004056,6.263637569687463E-4,1.7038164214219832E-4,1.0,0.005982681599352387,4.175131668906205E-4,1.568604918100454E-4,8.957910407620178E-5,6.723104461956313E-4,3.8706147873415056E-5,0.0019398459153158196,2.5764255716393634E-4,0.0038270661016433405,3.271673930216085E-4,1.150834582211775E-4,7.668872370957738E-5,0.01330645425137202,9.336805329575289E-5,1.38245540227963E-4,5.121358465175867E-5,6.045557196873218E-4,4.989500040501234E-4,1.244804043474082E-4,1.1580377001724311E-4,0.003851458986037095,9.846935887094586E-4,1.4799729704920053E-4,0.002556866076549163,8.197806190321777E-4,0.006066548016765613,1.865041263998306E-4,0.0012612890961413302,2.598175884956725E-4,1.7725129023296734E-4,0.004090978437305735,0.0010514615552586581,0.02484103036074613,1.332840849831785E-4,4.907083342002697E-5,1.4422625914936796E-4,1.2184290382450572E-4,6.511080978116836E-4,9.542434633531899E-4,8.996172602706441E-4,4.865852264938486E-4,1.9028711993904164E-4,4.758381943281054E-4,8.181587593008851E-4,2.323585686802447E-5,0.003220974667780719,5.540193021940691E-4],[0.00320347564378633,0.012995372638659724,0.015552793379578515,0.016157063821245713,0.00887146583798968,0.007817041135775568,0.010706210941339727,8.291257447801018E-4,0.005982681599352387,1.0,0.012679529559598694,0.015598305364767943,0.006845487691166974,0.0024247999330053744,0.00864295196558399,0.011531170117326205,0.01700716303683856,0.061285318954223685,0.011985191963457624,0.010458005631494804,0.004199893075719567,0.04428375898367219,0.009295980816276847,0.003638489823082108,0.011439700020746022,0.011702494630746886,0.006428263946156666,0.0038699248184811113,0.012420993782611129,0.010169833019331127,0.009118714202599125,0.016453888970951958,0.006885168188476949,0.011681984096362149,0.012566751643438968,0.012706018190236486,0.011939273474405949,0.0027867728876429317,0.0015611017625198197,0.006505332254958095,0.0020624586066987,0.029004663148627263,9.361104287456966E-4,0.011324176152074662,0.01616051473732846,0.01756618193083457,0.01270837814123766,0.01578966598926132,0.015214255211024538,0.015161511959476397,0.006871253236754692,0.016092539031526378,0.014952947866985129,0.014041355153803647,0.012475058299296723,0.012789598305360764],[0.001278282401197773,2.2331534204921526E-4,7.34321388335446E-4,0.0021175891524889165,0.002424844672178243,0.0018838548389875079,0.0012446909416482087,0.0014884461548515275,4.175131668906205E-4,0.012679529559598694,1.0,3.3157961089217965E-4,0.0015639077539459031,0.001235709229871721,7.605727169371202E-4,0.010738000765459329,0.001758464630425283,0.06851433606071879,0.0053753148533097084,8.628936008301578E-4,0.0022381420982161746,0.030502030396456787,0.0018078924196733542,7.314156163363353E-4,0.002344269047308577,0.002992505400252634,0.0017125799598359409,0.001899045327873114,0.0022342432261100004,0.005013387058487645,0.0018933081395313327,0.0023146762534914165,0.0026716891557731423,0.0023513377233224312,0.006325627616914921,0.0021725230818016136,0.0017857587172210834,0.0017440679969909648,0.0021245416238985107,0.0032470387730372152,0.0017061686154846818,0.028504264268017818,0.0016039942826669442,0.0019590438027328565,0.0013111521079894916,0.002153044473693246,0.002164237315013261,0.0018559251729642129,0.001037692367647974,0.0012731036764771124,9.357357023589207E-4,0.002399053124088842,0.0017716461212822783,0.0021962434452040868,0.0032818642748438263,0.0021514342497636193],[1.1447146057934934E-4,1.2571373023954736E-4,1.6013251432822972E-4,1.794634306226197E-4,4.249753435004442E-4,8.686400937434758E-4,3.1076009720844386E-4,5.21224420889777E-4,1.568604918100454E-4,0.015598305364767943,3.3157961089217965E-4,1.0,7.759738599080882E-5,5.477746510559092E-4,1.5117435098267333E-4,0.002472097657202491,2.415572822593215E-4,0.04311081854864342,0.003354938536991187,2.042427034105988E-4,1.923104635275112E-4,0.034867633123971974,1.269723771385529E-4,1.9878817403955922E-4,6.572315647933923E-5,9.071043927286244E-4,5.281457086664997E-4,2.161568671945602E-4,1.6555259033825453E-4,0.006043659505682021,2.507479021977302E-4,2.576995887044404E-4,0.0024233995876734482,9.073893310289818E-4,0.004775318685489093,2.1202491438480125E-4,8.718982464967967E-4,2.579374365694998E-4,2.5223899428997333E-4,0.004122656321733724,2.244629409059253E-4,0.023481495353300113,2.1181520596428682E-4,1.0439113950491474E-4,2.244913010341516E-4,2.1953967287805965E-4,7.840253570915115E-4,9.601758340731762E-4,9.022105954549859E-4,8.241525002285592E-4,2.2044726925986988E-4,0.0011500426261538375,5.626846477477956E-4,1.914137620135108E-4,0.0022539338584920423,8.391723865454944E-4],[1.8257208033795965E-5,4.81116815713065E-5,1.3883531175774947E-5,7.395625460426437E-5,0.0024705897021889533,6.592198569283171E-4,3.2900788282429617E-4,3.3298751249193884E-4,8.957910407620178E-5,0.006845487691166974,0.0015639077539459031,7.759738599080882E-5,1.0,2.070493756337264E-4,1.546524898021885E-5,0.006383385140045579,2.2585942461933852E-4,0.06700717752595563,0.0018377710266993686,6.95947263106995E-5,1.2177684756095517E-5,0.01859132226700485,3.316808601322243E-5,1.0692700375932909E-4,1.5976106497239708E-5,0.0020478220773681222,4.01440809081364E-4,1.1513908939267092E-4,1.6656954763096337E-5,0.0042604205365283435,0.0013837009408401082,1.9027447527420656E-4,3.3564575676773314E-4,1.8560608870825566E-4,0.0034840604887288835,1.372286608105578E-5,0.0013402160827767399,1.4147541364608655E-4,3.419546502774283E-4,0.0014738133853002976,1.781935145459685E-4,0.017274929140702344,8.66983616315294E-5,1.3982441762298579E-5,1.2883882723028757E-4,4.0587712452991794E-5,3.397146777075006E-4,2.7258815241621944E-4,7.113788469143285E-4,3.1892484600810087E-4,1.6226563049004129E-4,0.0021166146317335034,0.0010771766992586542,1.2461882518924753E-5,0.002478986280472229,0.0012676898481277649],[4.6041745047679033E-4,4.8285781046403345E-4,9.37469781406186E-4,0.001068876707930125,0.0024770506235700287,0.001228774373476841,0.0011372432919891276,0.0011258700377551373,6.723104461956313E-4,0.0024247999330053744,0.001235709229871721,5.477746510559092E-4,2.070493756337264E-4,1.0,5.219483480312645E-5,0.005620726223210606,0.0011548822880693781,0.056582374538592654,0.0019090248573570862,7.411850907876179E-4,1.7548821025686363E-4,0.047246785577479904,4.2466204608856777E-4,0.0011617742316845881,5.738112954065273E-4,0.003251678947613557,0.001004517797239363,8.806975198832484E-4,7.033393702538E-4,0.005321303007300326,0.0012629582068201528,9.048987917412872E-4,0.0013498589178381482,0.0012711072884941152,0.008464159169513704,8.939309289123968E-4,0.001550061936250939,3.7325494724557186E-4,4.2516472234799935E-4,0.00325520738066842,0.0011351278636795056,0.010336445614522665,9.102003538647481E-4,9.093387807824508E-4,6.827516606158745E-4,4.7970663619907605E-4,0.0012250972891269707,0.0010597571013346596,9.925190971370144E-4,0.001206248722048483,2.347979988527138E-4,0.0027294687818910906,0.0011787557651267452,0.0011536619780938729,0.0016234630062806341,0.0012863415929988211],[3.779885353693685E-5,8.343020234865146E-5,1.4691108077851882E-5,9.28903844039673E-5,4.145261000404036E-4,8.77458022913823E-4,4.254024093097187E-4,5.140004786776038E-4,3.8706147873415056E-5,0.00864295196558399,7.605727169371202E-4,1.5117435098267333E-4,1.546524898021885E-5,5.219483480312645E-5,1.0,0.007780083951562478,2.509168764487429E-4,0.01641920036656767,0.0064422091298903675,7.514543006420499E-5,3.3731358021953914E-5,0.015222051490889853,6.379036083559384E-5,9.370384571070792E-5,3.319302592337794E-5,8.652873034872944E-4,4.1038609324874087E-4,1.36019532404927E-4,4.093801654715252E-5,0.0031325709106555773,0.0012189644091523842,2.4312465145053232E-4,0.0014747617206889246,9.938057976441028E-4,3.7064718684236525E-4,1.5945717617538E-4,0.0011957600626132975,1.2341595578242484E-4,2.0687150272800524E-4,0.0016448151455607815,3.0538597686951977E-4,0.015391587924497465,1.2709198757192806E-4,1.929560250521784E-5,1.2945978006751423E-4,5.3731222245409824E-5,0.0013169740828396352,8.241139910442132E-4,7.578863197281612E-4,9.467518267074488E-4,8.107329236476356E-5,0.0020563975716361388,4.030313483477636E-4,2.241159389678757E-5,0.001973198368208458,8.305485891123973E-5],[0.004719817810074625,0.0065308866350891025,0.009194958655782752,0.007697463823279786,0.0026875240862453222,0.01048003267305722,0.0012422403385451378,0.00914458499034149,0.0019398459153158196,0.011531170117326205,0.010738000765459329,0.002472097657202491,0.006383385140045579,0.005620726223210606,0.007780083951562478,1.0,0.009650779995457626,0.05407441384387766,0.009766504851600228,0.009622134825702027,0.003022572837021718,0.01275761310128193,0.00754472429949676,0.009924949522936306,0.009227827929881126,0.009081874106383933,0.00555772249852995,0.00816931028727227,0.0030733219455569083,0.008598187112434926,0.006513807550429945,0.005513669178172433,0.006366482662358217,0.005990821310667887,0.009330937176798221,0.0028353859775901405,0.005379924817749753,8.469390347013738E-4,0.0012178816440002803,0.005908419723449469,0.00463019456264457,0.020917058530560403,0.008975654340590646,0.010694243048089637,0.01018209327858116,0.005069226849194472,0.00976105137843638,0.004313110026204353,0.0077103180537921,0.002044788910082387,0.0018505208393037587,0.006999538944501305,0.007400309473801016,0.0049873623574247915,0.010428126729791595,0.009830439488470169],[1.9279233630899506E-4,2.2860168946132743E-4,1.9043377809539527E-4,1.3466708375840447E-4,0.0016799591646693653,3.5801016481369283E-4,7.963141134010105E-4,3.4096118329087464E-4,2.5764255716393634E-4,0.01700716303683856,0.001758464630425283,2.415572822593215E-4,2.2585942461933852E-4,0.0011548822880693781,2.509168764487429E-4,0.009650779995457626,1.0,0.004602150109938286,0.005548083609514796,2.2887312057850995E-4,9.916319705970455E-5,0.02273443710263113,2.166228227151145E-4,2.4146997961487364E-4,2.4349950933209337E-4,0.0028673800935246916,3.060145552333385E-4,2.341068168449851E-4,1.4393820572270846E-4,0.00209063009771044,0.0013168379865402722,3.417378985433769E-4,0.0014244708199965227,7.918596164998731E-4,6.032570534799333E-4,2.5077256749082047E-4,0.0013157984523796086,2.821989021282257E-4,3.4532404335564496E-4,4.984210243748658E-4,4.5918803116959915E-4,0.0212058030716256,1.7568942937220926E-4,1.2045780341544762E-4,2.5908338031738274E-4,2.453285753535306E-4,0.001234702090499436,0.0010054048939012149,7.330308033564228E-4,8.176451278496303E-4,2.695875847429931E-4,7.899505794200965E-4,9.753218479868494E-4,1.1023884369630046E-4,0.00227087245987689,0.0013752503019315403],[0.021198507645278173,0.03979272258069553,0.016974979707451196,0.011102843745838453,0.02364413620822631,0.060311912553581426,0.024634055399948472,0.06395166874053312,0.0038270661016433405,0.061285318954223685,0.06851433606071879,0.04311081854864342,0.06700717752595563,0.056582374538592654,0.01641920036656767,0.05407441384387766,0.004602150109938286,1.0,0.042111287647076126,0.03925332749935221,0.011746567049321265,0.07095763926318337,0.05078761328464518,0.02667359670052713,0.04532118136435223,0.02058901324796916,0.045682640790301855,0.009162833840125846,0.05349214436136574,0.0449366707987917,0.029893030247446006,0.06519814197791363,0.06468740156202192,0.04473705383335815,0.027695109714709877,0.003750556195106345,0.049822493312835434,0.035728549382134524,0.009708792030240734,0.04157189182092781,0.045304350799524884,0.06867894901544971,0.06077400269361433,0.024814904952057893,0.024058957907811842,0.002435544173518128,0.05443985259895461,0.05678595173173059,0.05406493959532018,0.0016083770437887496,0.046111958045274216,0.00295948981813404,0.023879592285652656,0.05883344210335382,0.009471432533541383,0.05484145238630275],[4.5862242024917314E-4,0.00337983840789917,0.005029212484836274,5.188157767760181E-4,0.0058474670626696874,0.006182084290183235,0.005929484585897462,9.467752909904862E-4,3.271673930216085E-4,0.011985191963457624,0.0053753148533097084,0.003354938536991187,0.0018377710266993686,0.0019090248573570862,0.0064422091298903675,0.009766504851600228,0.005548083609514796,0.042111287647076126,1.0,0.002692802950223208,0.0015231708468300873,0.020293910398775743,0.0022980470551117738,0.003976279426364897,0.0012042944838382762,0.006275852749157831,0.0031652360890550746,0.0020212561483001243,0.0029670326983235796,0.0067399412087990945,0.004530532770150312,0.0063118836948775235,0.0043304297282297875,0.006231240819072601,0.008157668754932523,8.906665629361253E-4,0.004174277111894034,0.005903264699405199,0.0022703567759803068,0.004943269935566515,0.003328130671920803,0.027958758511129618,0.0036717027784015487,0.003641116340640341,0.005906058368304718,0.004868401549088125,0.0063522712944665705,0.004309717032629688,0.0014011921446155876,0.003908204575428648,0.006116632974029649,0.004633314215074228,0.005245821206012348,1.578206054954621E-4,0.0034246208250757735,0.0034581372822865128],[4.9288834291810624E-5,1.0999910477246458E-4,8.21687621179525E-5,1.131889288889779E-4,9.90093197004338E-4,1.0895404011530415E-4,2.5905295361752995E-4,3.980292885728733E-4,1.150834582211775E-4,0.010458005631494804,8.628936008301578E-4,2.042427034105988E-4,6.95947263106995E-5,7.411850907876179E-4,7.514543006420499E-5,0.009622134825702027,2.2887312057850995E-4,0.03925332749935221,0.002692802950223208,1.0,4.0719287071926697E-5,0.022190543559250327,8.400151514891163E-5,1.705910157860186E-4,8.796343275526675E-5,2.2144474371462434E-4,3.4699069383609165E-4,1.4053250483423758E-4,1.0677093125631238E-4,0.0044387920495676915,2.010382626109266E-4,1.4071772976545922E-4,0.0018927272958301888,0.0010572325305058278,0.008748808360443637,1.3929229924739784E-4,1.4708294439828607E-4,2.2343197648732195E-4,1.4939122651002053E-4,0.003935187658486641,8.217056127339025E-4,0.03381634486094388,1.228091216795561E-4,8.614201245890944E-5,1.4449266508594332E-4,1.8318238482088647E-4,5.679694972276526E-4,1.264698475975523E-4,2.767976899690826E-4,2.982581300411603E-4,1.8051605576599965E-4,2.2514892482281083E-4,9.127564446338664E-4,5.782866332414827E-5,0.0025904263003053924,8.934230224249513E-4],[1.9435994231836115E-5,1.0952992492104679E-4,1.4309495065447133E-5,1.0375256363608621E-4,0.002397470476296024,5.218897396855168E-4,7.632135902442352E-4,6.917078220653009E-4,7.668872370957738E-5,0.004199893075719567,0.0022381420982161746,1.923104635275112E-4,1.2177684756095517E-5,1.7548821025686363E-4,3.3731358021953914E-5,0.003022572837021718,9.916319705970455E-5,0.011746567049321265,0.0015231708468300873,4.0719287071926697E-5,1.0,0.024994828385821257,4.9620295760279016E-5,1.2453158766324122E-5,1.7257059588770517E-5,8.189999800106317E-4,4.2147755192225504E-4,3.661844829647376E-5,6.145549142209926E-5,9.57134805696153E-4,7.368721250494463E-4,2.3104572171199104E-4,7.053631165797483E-4,0.001273296917081354,0.0028608845827800687,1.9629111244855873E-4,0.001454272800714833,2.870924709279444E-4,3.3653676105420297E-4,6.599144686844046E-4,5.384939889936568E-4,0.023012445090039725,6.372455605583048E-5,1.3917277210015733E-5,2.8627923903440145E-5,9.092624565706562E-5,3.545697878307388E-4,2.051688165137582E-4,8.270136458280797E-4,1.6058530326010315E-4,3.976495659682337E-5,0.0024946075849702713,1.2078368833721696E-4,1.2039755766118075E-5,4.973975846955785E-4,9.683920451844977E-4],[0.014875574619530327,0.0024955437853315175,0.020667811314220193,0.025156335635036487,0.046704905447693436,0.033837072103147625,0.006910981607505619,0.0031696326887923594,0.01330645425137202,0.04428375898367219,0.030502030396456787,0.034867633123971974,0.01859132226700485,0.047246785577479904,0.015222051490889853,0.01275761310128193,0.02273443710263113,0.07095763926318337,0.020293910398775743,0.022190543559250327,0.024994828385821257,1.0,0.04015534064344231,0.010738584932787846,0.04115755651681385,0.014485117076600875,0.030848103895093886,0.03601286138231233,0.024258027467265266,0.028102381821125802,0.04979316407429232,0.035247821471403824,0.005816962546887346,0.04655598568241037,0.014647209392332074,0.043364179867954385,0.018264340607013207,7.187245951129635E-4,0.009899384430893138,0.047151485325040265,0.04887917527917011,0.04238443859769128,0.044944120250568424,0.011098168341222866,0.002993641226424835,0.018591246244974963,0.01233833989681517,0.048907238940462026,0.036383157865186096,0.04693062181613125,0.03982521600179483,0.013630045691031885,0.035262998387837724,0.01714812980553238,0.03490555127350437,0.015067711599380092],[7.718342590249487E-5,1.0439223354758442E-4,2.9041986169325497E-5,9.476323392178461E-5,0.0015243929352331744,0.0010602547484316464,1.6018127210929014E-4,4.055994411048548E-4,9.336805329575289E-5,0.009295980816276847,0.0018078924196733542,1.269723771385529E-4,3.316808601322243E-5,4.2466204608856777E-4,6.379036083559384E-5,0.00754472429949676,2.166228227151145E-4,0.05078761328464518,0.0022980470551117738,8.400151514891163E-5,4.9620295760279016E-5,0.04015534064344231,1.0,1.3449384427325543E-4,4.2392451637059074E-5,0.0011805764907030095,1.4559701198637307E-4,9.381507655826654E-5,9.801219035405567E-5,0.0014354818018418806,4.223548540690274E-4,2.975203044324157E-4,0.001171437584929907,3.879902503201221E-4,0.0020097769706839685,2.0408318403957636E-4,1.4020573849168056E-4,1.9254219177120073E-4,3.189315245581984E-4,0.0019190687355916114,8.597238464300354E-4,0.021227650238073454,9.909354381455748E-5,6.091408076038781E-5,1.2166052281291725E-4,1.4751790913666846E-4,4.2750202677461786E-4,1.3452529805331058E-4,9.332524069424784E-4,2.2109567137638074E-4,2.081729496852824E-4,6.132835515881709E-4,4.251424836127113E-4,3.6095828634499497E-5,1.939652018559783E-4,4.347688163418976E-4],[4.8690072878743625E-5,1.743284640075949E-4,3.852739034301153E-5,1.9769551075648903E-4,0.0019453845813529511,2.157611237079924E-4,8.057867392037071E-4,5.458341854908492E-4,1.38245540227963E-4,0.003638489823082108,7.314156163363353E-4,1.9878817403955922E-4,1.0692700375932909E-4,0.0011617742316845881,9.370384571070792E-5,0.009924949522936306,2.4146997961487364E-4,0.02667359670052713,0.003976279426364897,1.705910157860186E-4,1.2453158766324122E-5,0.010738584932787846,1.3449384427325543E-4,1.0,8.325375308813857E-5,7.419032794610702E-4,1.999098029283033E-4,1.5199193254109591E-4,1.4963975129539975E-4,0.002630755133031254,0.001272019884255226,3.7921060528919013E-4,0.001728742387993898,2.7601742290107477E-4,0.005041668794460282,2.0065356279108432E-4,0.0015065367057578135,2.891908446265296E-4,3.308952606718156E-4,0.001498979824318181,5.923874481665083E-4,0.004982133400227616,1.641898162922654E-4,4.35624067931769E-5,1.993231929222509E-4,1.971012795887551E-4,0.0013226050790529345,3.5344684481640367E-4,4.482338775560164E-4,9.190359206353768E-4,2.082731971646016E-4,7.764087012153049E-4,5.56080941807714E-4,1.5133511725604306E-4,0.0018587982642253986,3.16311587830726E-4],[2.5704489674557436E-5,9.150323533388776E-5,1.5870498451985045E-5,7.503250328559847E-5,0.0021646382816589726,4.6766542187617644E-4,5.146737661535271E-4,5.364730526491041E-4,5.121358465175867E-5,0.011439700020746022,0.002344269047308577,6.572315647933923E-5,1.5976106497239708E-5,5.738112954065273E-4,3.319302592337794E-5,0.009227827929881126,2.4349950933209337E-4,0.04532118136435223,0.0012042944838382762,8.796343275526675E-5,1.7257059588770517E-5,0.04115755651681385,4.2392451637059074E-5,8.325375308813857E-5,1.0,0.0013435560002789412,1.4559418446979808E-4,2.7754207441336128E-5,9.802192778535286E-5,0.004925539840695091,2.299759205878541E-4,1.7290234797303434E-4,5.525229597191296E-4,6.969312643150591E-4,0.001873323742257872,9.241952480172309E-5,1.8821429511824058E-4,2.4023364699507667E-4,2.3655817208012532E-4,0.0028990819118001145,4.2340836917570374E-4,0.002970347676546522,6.176938401533831E-5,1.8205450677064087E-5,1.470889201308365E-4,1.7797671798355856E-4,6.415783204648047E-4,5.858814428505852E-4,3.1026208483235436E-4,9.27210154801662E-4,4.27660358952874E-5,5.997618497530484E-4,7.994818482348296E-4,1.743491209491608E-5,0.0025933212500627027,3.780403926622723E-4],[0.003071801115561806,0.003491956146622418,0.0011593135931200343,2.9985474477061547E-4,0.003215159821375154,0.0018341648546504217,0.0028578400198681388,8.190115666317568E-4,6.045557196873218E-4,0.011702494630746886,0.002992505400252634,9.071043927286244E-4,0.0020478220773681222,0.003251678947613557,8.652873034872944E-4,0.009081874106383933,0.0028673800935246916,0.02058901324796916,0.006275852749157831,2.2144474371462434E-4,8.189999800106317E-4,0.014485117076600875,0.0011805764907030095,7.419032794610702E-4,0.0013435560002789412,1.0,0.002199038794385813,6.888670080565454E-4,0.0016927773882253984,0.00571707656692001,0.001995712560225108,5.557241631798617E-4,0.003374092885623815,0.0017362984622047582,0.007488667278880314,9.521235211383122E-4,0.0034036887195437217,0.0027128280878664403,0.003150267677241078,0.0037873148091865055,0.002487190060427538,0.02091720623109105,8.461120290733923E-4,0.0034202960616567593,9.891599145642233E-4,7.434964578671743E-4,0.0033051484116070995,0.0018995398568958152,0.0026803489133491007,0.002014415147680436,0.003540646891754969,0.003321436993817784,0.0030609775344837948,1.8466569440062617E-4,0.0035002276093424657,0.0025511114517294403],[5.419215871500612E-4,2.472635072598817E-4,4.6364097216066336E-4,3.380619474561323E-4,7.139191901397249E-4,8.202054274316559E-4,8.025399413184727E-4,6.736525010824831E-4,4.989500040501234E-4,0.006428263946156666,0.0017125799598359409,5.281457086664997E-4,4.01440809081364E-4,0.001004517797239363,4.1038609324874087E-4,0.00555772249852995,3.060145552333385E-4,0.045682640790301855,0.0031652360890550746,3.4699069383609165E-4,4.2147755192225504E-4,0.030848103895093886,1.4559701198637307E-4,1.999098029283033E-4,1.4559418446979808E-4,0.002199038794385813,1.0,3.6151957905625393E-4,2.538079657995751E-4,0.004874700177730432,9.518500539371858E-4,4.6118992838484977E-4,0.0018352795998291013,8.044677905502033E-4,5.827658688495035E-4,2.259485194925442E-4,0.0011298636390023732,3.931821272202526E-4,3.622117768842092E-4,9.965488405871737E-4,0.0010792160162714527,0.01439203927294557,3.3826124961012724E-4,4.2099634065314597E-4,4.1321712111303845E-4,2.4268950856028767E-4,0.0010500575064649794,5.558525104942348E-4,5.986791739829669E-4,0.0011374506352314607,4.673963090110737E-4,7.867200942302198E-4,8.932892253967213E-4,3.2308600990424457E-4,0.0023317502792937267,7.56126524419347E-4],[6.781506250890795E-5,1.4617069175435274E-4,5.709628752297431E-5,1.1982433596936107E-4,9.437481797461768E-4,8.887913392259849E-4,6.461929344223566E-4,3.3884833779755674E-4,1.244804043474082E-4,0.0038699248184811113,0.001899045327873114,2.161568671945602E-4,1.1513908939267092E-4,8.806975198832484E-4,1.36019532404927E-4,0.00816931028727227,2.341068168449851E-4,0.009162833840125846,0.0020212561483001243,1.4053250483423758E-4,3.661844829647376E-5,0.03601286138231233,9.381507655826654E-5,1.5199193254109591E-4,2.7754207441336128E-5,6.888670080565454E-4,3.6151957905625393E-4,1.0,1.4804043724775688E-4,5.373711083860306E-4,3.7644235202067053E-4,3.7452213218865256E-4,0.0026474759103312837,3.306827646138696E-4,9.431577453625636E-4,1.7697375331070174E-4,0.0014012502983618464,2.7773548314718695E-4,3.3756138372294513E-4,0.0013879467992631402,6.07052188759745E-4,0.03297703943183773,1.5634191007531003E-4,1.2392185424729335E-4,2.1553476167928464E-4,1.9327282451268195E-4,9.595697485544324E-4,2.3934880983912462E-4,3.5679094005230206E-4,5.043886684527926E-4,2.1529476859053214E-4,0.0016319060335915237,4.6692324642683445E-4,1.2650137990868014E-4,4.7222183023945026E-4,0.001260321739037081],[5.817943557004826E-5,1.0853544246234824E-4,1.0279925633695065E-4,1.0983511296362405E-4,5.104509044485824E-4,8.85745997495566E-4,7.993337050212321E-4,6.838826997265608E-4,1.1580377001724311E-4,0.012420993782611129,0.0022342432261100004,1.6555259033825453E-4,1.6656954763096337E-5,7.033393702538E-4,4.093801654715252E-5,0.0030733219455569083,1.4393820572270846E-4,0.05349214436136574,0.0029670326983235796,1.0677093125631238E-4,6.145549142209926E-5,0.024258027467265266,9.801219035405567E-5,1.4963975129539975E-4,9.802192778535286E-5,0.0016927773882253984,2.538079657995751E-4,1.4804043724775688E-4,1.0,0.004165480921553248,0.0015004405904505149,2.0340351724620426E-4,0.0015411773978474806,0.0012145148393814362,0.0028690402620443587,1.302455737788137E-4,9.973190951300948E-4,1.3905398155082202E-4,1.6811929585942262E-4,0.003616878402773647,2.8731842057022963E-4,0.007482313871894651,1.1747688242962407E-4,8.556093164151238E-5,1.8212465767013513E-4,1.5770136998531113E-4,0.0015581805372676858,3.0345002953815537E-4,5.889149793093698E-4,0.0011063581882083504,1.856475390213724E-4,0.0027359464558636103,1.8464665329485095E-4,4.713820452018357E-5,7.572159370788627E-4,9.001007602572611E-4],[0.00323174462787328,0.0025641366997814956,0.006231072620609621,0.0029492925849762814,0.0033933547793815262,0.0032114926137862907,0.004285627012216624,0.004956746881318957,0.003851458986037095,0.010169833019331127,0.005013387058487645,0.006043659505682021,0.0042604205365283435,0.005321303007300326,0.0031325709106555773,0.008598187112434926,0.00209063009771044,0.0449366707987917,0.0067399412087990945,0.0044387920495676915,9.57134805696153E-4,0.028102381821125802,0.0014354818018418806,0.002630755133031254,0.004925539840695091,0.00571707656692001,0.004874700177730432,5.373711083860306E-4,0.004165480921553248,1.0,0.0055976822042129604,0.005403476581180764,0.0033279575943962574,0.006618265272471385,0.008732488313382213,3.282482018952923E-4,0.0023245786303091372,0.0015996513263849346,4.088574917117996E-4,0.004965067185902911,0.005830893866815689,0.0274752065949412,0.004486658134314046,0.005191488453819049,0.0041031127929322545,0.004360468002891571,0.0018938061811260949,0.003434322782641745,0.006115317602984584,0.0015218530517064949,0.0036844612598931044,0.006549960511349315,0.005040710134663383,0.003687441484910149,0.0046580761143138775,0.005671033545902253],[0.0013591736299423474,0.0012780278367895649,7.725107561545296E-4,0.0010595338596379833,0.0024498014254602006,0.0014310729596093777,0.0013515902047563384,7.234063361395064E-4,9.846935887094586E-4,0.009118714202599125,0.0018933081395313327,2.507479021977302E-4,0.0013837009408401082,0.0012629582068201528,0.0012189644091523842,0.006513807550429945,0.0013168379865402722,0.029893030247446006,0.004530532770150312,2.010382626109266E-4,7.368721250494463E-4,0.04979316407429232,4.223548540690274E-4,0.001272019884255226,2.299759205878541E-4,0.001995712560225108,9.518500539371858E-4,3.7644235202067053E-4,0.0015004405904505149,0.0055976822042129604,1.0,0.0015685892934088515,0.002568696008259923,0.0016444959989468091,0.0020322386134771784,0.0016446571960935185,0.0016620265306433982,0.0016183049526346624,0.0010621394250971343,0.004077677646903338,0.0015895222736947055,0.029167075460076904,7.392499212778329E-4,3.4803535827058763E-4,7.444647362312499E-4,4.0633819383360624E-4,0.0016555092007035919,0.0014557783643248069,0.0010821707452006294,0.0012696638756104425,9.807371669467537E-4,0.002552217528868837,0.0012558132190071585,0.0015694226005784728,0.0018683686176196952,0.0014875032365334116],[4.520442797398217E-4,4.3551734228289735E-4,3.800781051817396E-4,2.0333891799278661E-4,5.759139912573355E-4,5.365443289022493E-4,6.833884198167777E-4,6.797813032202717E-4,1.4799729704920053E-4,0.016453888970951958,0.0023146762534914165,2.576995887044404E-4,1.9027447527420656E-4,9.048987917412872E-4,2.4312465145053232E-4,0.005513669178172433,3.417378985433769E-4,0.06519814197791363,0.0063118836948775235,1.4071772976545922E-4,2.3104572171199104E-4,0.035247821471403824,2.975203044324157E-4,3.7921060528919013E-4,1.7290234797303434E-4,5.557241631798617E-4,4.6118992838484977E-4,3.7452213218865256E-4,2.0340351724620426E-4,0.005403476581180764,0.0015685892934088515,1.0,0.0015250433634136575,9.917141447703106E-4,0.005392705955489714,3.063861302406943E-4,0.0013407224630386828,4.295082169175309E-4,3.8467906475069E-4,0.0028134031201191506,8.823796864748862E-4,0.029298804779166493,1.848040671925045E-4,2.734342583383094E-4,2.554690895783935E-4,2.883084422200395E-4,8.100903405531664E-4,9.598823177213955E-4,6.950602258062513E-4,6.982983038844881E-4,4.2208259511167365E-4,0.002647606977964039,8.468673507332786E-4,3.844227637418017E-4,0.0019062231736974473,9.803025855492171E-4],[6.097212651963971E-4,0.0020553633679100194,7.906841664926872E-4,0.0026052556907273615,0.0025883788568065013,0.002056699017608441,0.002247693315342476,8.043032519342657E-4,0.002556866076549163,0.006885168188476949,0.0026716891557731423,0.0024233995876734482,3.3564575676773314E-4,0.0013498589178381482,0.0014747617206889246,0.006366482662358217,0.0014244708199965227,0.06468740156202192,0.0043304297282297875,0.0018927272958301888,7.053631165797483E-4,0.005816962546887346,0.001171437584929907,0.001728742387993898,5.525229597191296E-4,0.003374092885623815,0.0018352795998291013,0.0026474759103312837,0.0015411773978474806,0.0033279575943962574,0.002568696008259923,0.0015250433634136575,1.0,0.0015256302690600033,0.004551501759745596,0.0018203031432368678,0.002007353419808722,0.0016940925930041828,0.0010262697355549648,0.0037762260295074327,0.0016289622421523445,0.015968833291089977,0.002341783030537984,0.002164480567085122,0.0027359311498704793,9.301311442824619E-4,0.0019688045913609925,0.0018938877150569725,0.0016939478423233642,0.0012500841811262189,0.002629171622096698,0.0027811319875762222,0.002528856706115765,1.6001757127599993E-4,0.0028557783452047396,0.0025162734321500894],[4.158845458943139E-4,7.640394494186128E-4,9.636529079850562E-4,1.421134245627739E-4,0.002139527930019358,0.0012893843680316412,9.390954095986337E-4,9.977332018413637E-4,8.197806190321777E-4,0.011681984096362149,0.0023513377233224312,9.073893310289818E-4,1.8560608870825566E-4,0.0012711072884941152,9.938057976441028E-4,0.005990821310667887,7.918596164998731E-4,0.04473705383335815,0.006231240819072601,0.0010572325305058278,0.001273296917081354,0.04655598568241037,3.879902503201221E-4,2.7601742290107477E-4,6.969312643150591E-4,0.0017362984622047582,8.044677905502033E-4,3.306827646138696E-4,0.0012145148393814362,0.006618265272471385,0.0016444959989468091,9.917141447703106E-4,0.0015256302690600033,1.0,0.005124711828184733,0.0011284830789700159,0.0015598758370629724,0.0011632214064422187,0.0012321536017578525,0.0019319254124706734,0.0012648166028584556,0.025016602868723432,0.0011176976175655603,5.557269285174716E-4,6.031188708242413E-4,7.472014802695152E-4,0.0013583934850326274,0.0011356580694051697,0.0010664348650586263,0.0012760465887129134,6.802917104219723E-4,0.0026757121149085885,0.001234590096446622,0.0012545630114349905,0.002870016944263003,0.0