[[1.0, 0.31474501861905835, 0.16453930384612026, 0.9823044655689301, 0.8087790990637134, 0.11864800363035921, 0.9532988445837572, 0.5635811644414389, 0.6710896461860008, 0.5321747480652483, 0.2670260558471623, 0.7803723751063046, 0.4750877296154489, 0.771289841642809, 0.16779793578497915, 0.07829601458152691, 0.48290448262951424, 0.2316319154421368, 0.4794761633186595, 0.8463257493878468, 0.9039522673823421, 0.5337535033435109, 0.3504060300696571, 0.41336296277378504, 0.17869699999158528, 0.5730490920089323, 0.1989142016071448, 0.009863642563937569, 0.30789620644281046, 0.7548906635627958, 0.9229089039126438, 0.8764378350352704, 0.30049696158440486, 0.2893303380996295, 0.39031814236321927], [0.31474501861905835, 1.0, 0.3977341540326874, 0.30951441900825294, 0.5208324476426878, 0.17601761327796006, 0.4007298908330206, 0.7501470869539953, 0.6280708083774207, 0.9007339844354827, 0.551471994067805, 0.5266566843139704, 0.6814891503731487, 0.16674079747753356, 0.31095242995363914, 0.8100295205861551, 0.3782947441196888, 0.6263082773461962, 0.6202075472532963, 0.403379612492375, 0.4573034529645761, 0.27114433479558175, 0.5472138931127395, 0.16128399631351442, 0.6471902848552792, 0.9354261781082711, 0.9238928003947181, 0.06728678065277072, 0.0657415070430144, 0.4544139550448092, 0.5263876747505385, 0.5562353068273054, 0.2932506926773477, 0.9406869816351286, 0.6505275851533721], [0.16453930384612026, 0.3977341540326874, 1.0, 0.1730547332485387, 0.8976420610135797, 0.5552894470397729, 0.5294464031997248, 0.7942812659667798, 0.10259437468785704, 0.6795240249172282, 0.7804695242742168, 0.5207193649974269, 0.10966464847385626, 0.3987216074645513, 0.5937716825157293, 0.13988146369305055, 0.49002320252372567, 0.01474350901012611, 0.9830870081036601, 0.6108666898423233, 0.010862604205461701, 0.2511391678354361, 0.49571122529483935, 0.466542226185955, 0.5288460946607021, 0.0541008583370407, 0.6500524646110613, 0.9296323342465046, 0.7489974629874327, 0.31979748556736154, 0.2898090974355042, 0.9112884786576099, 0.03869923125087227, 0.8010444667125062, 0.8337716050306264], [0.9823044655689301, 0.30951441900825294, 0.1730547332485387, 1.0, 0.6716811344187401, 0.5582641573037115, 0.7488420236105138, 0.02286086351795036, 0.9601147043924406, 0.9852299573914735, 0.6042416907781409, 0.48313004547489347, 0.735280856211705, 0.09206996288178282, 0.7725871293474775, 0.8159007140172602, 0.4289895245693851, 0.7358340882011998, 0.7949904968715218, 0.8725563006361883, 0.93742019062602, 0.3276335871260131, 0.27048532619247045, 0.3036047933180972, 0.42603512537442567, 0.9080213604932185, 0.12565145298036595, 0.5745845265831862, 0.6242204322888154, 0.6782540664083394, 0.2626843413894451, 0.509950559291527, 0.19338004624126304, 0.8729467291514471, 0.19749758570070652], [0.8087790990637134, 0.5208324476426878, 0.8976420610135797, 0.6716811344187401, 1.0, 0.5221906419999988, 0.5328072744106741, 0.8905877259745869, 0.1735489809395654, 0.7163857853989302, 0.743393644843193, 0.7468678881392893, 0.7296214469129495, 0.5239809761131555, 0.2883046342395297, 0.12854879177993583, 0.16416405164960857, 0.703275576863472, 0.6935822581302584, 0.5595454518513393, 0.5189588572257466, 0.9759111676567481, 0.17163235996801296, 0.19561301174269563, 0.15788884504402767, 0.17034540138659426, 0.5856294467813891, 0.44403069539497897, 0.6674094210454844, 0.9726022580458844, 0.7121673983525735, 0.48848093029104445, 0.8114900356989595, 0.3366157126039002, 0.8108777249485072], [0.11864800363035921, 0.17601761327796006, 0.5552894470397729, 0.5582641573037115, 0.5221906419999988, 1.0, 0.8528099837057604, 0.803120010565501, 0.5723562813688249, 0.20100936077879983, 0.2188115094900811, 0.6153890774393049, 0.5088026891272418, 0.5709105260797586, 0.7313439339549997, 0.852381215822872, 0.7266131409479658, 0.885823770521067, 0.7759886618093529, 0.54629749564715, 0.36645656658757, 0.7263816007169023, 0.9061812908787269, 0.43023903793325047, 0.5827137429273658, 0.037216841130408906, 0.929895718944349, 0.8158572478169506, 0.19927277446635616, 0.36864093063880454, 0.860394188102351, 0.30390912045609086, 0.22821924634887736, 0.48674054322886406, 0.14129967341546124], [0.9532988445837572, 0.4007298908330206, 0.5294464031997248, 0.7488420236105138, 0.5328072744106741, 0.8528099837057604, 1.0, 0.3969837040655665, 0.4186805765680637, 0.7941771671870963, 0.34669153284671617, 0.1936706063499305, 0.7985565649919235, 0.7779459853969265, 0.4404218027729865, 0.5914888758846609, 0.23270520557303886, 0.20509499804084463, 0.5619467890151784, 0.15462507436295592, 0.7412890661431005, 0.13831553137043573, 0.8962395173505755, 0.755189812164071, 0.28803592977142956, 0.29015717494098625, 0.15446316737757504, 0.7354628555325468, 0.09334979853124148, 0.2071303748651392, 0.9032248983364947, 0.43929500133816357, 0.6241096670619157, 0.38636773891265275, 0.4825851491711757], [0.5635811644414389, 0.7501470869539953, 0.7942812659667798, 0.02286086351795036, 0.8905877259745869, 0.803120010565501, 0.3969837040655665, 1.0, 0.765822210727807, 0.13009633115400743, 0.8282517182520903, 0.4762776561549529, 0.09552576046843109, 0.03710806415916312, 0.6862551153624384, 0.8781070465116035, 0.4819908923074706, 0.1809314614216625, 0.9091858503198307, 0.19196300892267604, 0.2453397125692477, 0.650209077893072, 0.811533143090429, 0.8373059494741624, 0.13506885035244176, 0.24622767930694522, 0.798092342607072, 0.3572674069828624, 0.3317449569934392, 0.6018024619251007, 0.17325952692375868, 0.8012735471582367, 0.40221079113275193, 0.5074154230175338, 0.6451307348700257], [0.6710896461860008, 0.6280708083774207, 0.10259437468785704, 0.9601147043924406, 0.1735489809395654, 0.5723562813688249, 0.4186805765680637, 0.765822210727807, 1.0, 0.9367718424884273, 0.8329477789044097, 0.17719402543034934, 0.14059356903448028, 0.1770359445226718, 0.49860400449334585, 0.28278440361374146, 0.9067659878559684, 0.17917366834299409, 0.5605068273742972, 0.2862117346025572, 0.8867777385448777, 0.6179296653635851, 0.16383268670130624, 0.6427905268676911, 0.23737105933422875, 0.21374664344665817, 0.6326494847929512, 0.15382852396428215, 0.8059857361730517, 0.20343237155826221, 0.41975372532950816, 0.008634474111991697, 0.7486891625447577, 0.11722900193146568, 0.6734980284527855], [0.5321747480652483, 0.9007339844354827, 0.6795240249172282, 0.9852299573914735, 0.7163857853989302, 0.20100936077879983, 0.7941771671870963, 0.13009633115400743, 0.9367718424884273, 1.0, 0.8263854615344639, 0.19225824437208017, 0.8795031336460783, 0.9357737379985437, 0.4184501185008822, 0.8559571109375926, 0.3521370694885043, 0.9064552179447757, 0.7458268331052607, 0.7796642149984978, 0.5025269388479082, 0.13190926660223246, 0.05675521730644917, 0.7782991206291973, 0.5693019624025398, 0.6180785700406636, 0.3131213097365454, 0.8548660848574667, 0.5725152775096302, 0.41527033425820936, 0.4632950104574487, 0.5371222018466842, 0.1836774357534341, 0.8462143655890131, 0.5397165233386322], [0.2670260558471623, 0.551471994067805, 0.7804695242742168, 0.6042416907781409, 0.743393644843193, 0.2188115094900811, 0.34669153284671617, 0.8282517182520903, 0.8329477789044097, 0.8263854615344639, 1.0, 0.4036735654632272, 0.9125960737950821, 0.16989284240324587, 0.9345576438076674, 0.10103616284513817, 0.38746343238648706, 0.3502737172016286, 0.6160425758692706, 0.48962234524430104, 0.2879985152332758, 0.24185767000430514, 0.23187497740723184, 0.9943046293073776, 0.8536462127608789, 0.5833738639857671, 0.5749510849585215, 0.9272620753287917, 0.7897444410244746, 0.3681399774656573, 0.39877542826710966, 0.4617064165708836, 0.7636888808568132, 0.07125792114871798, 0.4813047379890524], [0.7803723751063046, 0.5266566843139704, 0.5207193649974269, 0.48313004547489347, 0.7468678881392893, 0.6153890774393049, 0.1936706063499305, 0.4762776561549529, 0.17719402543034934, 0.19225824437208017, 0.4036735654632272, 1.0, 0.14956493925146852, 0.0023838184331841372, 0.6698500441193328, 0.9045108263048245, 0.9879765054891791, 0.3751978423453052, 0.17995866650732506, 0.8880192188819963, 0.9024255996902718, 0.24506815867708964, 0.2518486923384302, 0.02998297452947607, 0.25839628971021855, 0.20305302028273697, 0.49174872102241296, 0.6806228302153433, 0.1930139941833119, 0.83581580303321, 0.6070722460837557, 0.919836392254545, 0.1967954425965277, 0.7550312294938437, 0.034913640868512674], [0.4750877296154489, 0.6814891503731487, 0.10966464847385626, 0.735280856211705, 0.7296214469129495, 0.5088026891272418, 0.7985565649919235, 0.09552576046843109, 0.14059356903448028, 0.8795031336460783, 0.9125960737950821, 0.14956493925146852, 1.0, 0.06434248725184277, 0.43388310171753597, 0.8249659898796249, 0.7491201086925597, 0.514098576268958, 0.4835641713327701, 0.26101541436885245, 0.12501423936907763, 0.5789657888495424, 0.48228216964634285, 0.7200250119107705, 0.6377483635959155, 0.2499913365430284, 0.8460957060696518, 0.2811208025348757, 0.0002390421741785831, 0.7754702860178936, 0.3151260425940653, 0.35229383082098564, 0.9094069494896162, 0.08354168294295772, 0.2131554311615399], [0.771289841642809, 0.16674079747753356, 0.3987216074645513, 0.09206996288178282, 0.5239809761131555, 0.5709105260797586, 0.7779459853969265, 0.03710806415916312, 0.1770359445226718, 0.9357737379985437, 0.16989284240324587, 0.0023838184331841372, 0.06434248725184277, 1.0, 0.5724599312722061, 0.16158555083422232, 0.9366827220944363, 0.16891733225430827, 0.9012626311486225, 0.023266441544330108, 0.1626500505203895, 0.9746997092864047, 0.22712308879733356, 0.5492814760681645, 0.7202139148241885, 0.8560288865130993, 0.40497850117237566, 0.165643796131963, 0.2786077592658004, 0.8484851380806865, 0.6608472075642989, 0.7546919111883978, 0.4605524281269514, 0.9054030709528046, 0.13278383515721803], [0.16779793578497915, 0.31095242995363914, 0.5937716825157293, 0.7725871293474775, 0.2883046342395297, 0.7313439339549997, 0.4404218027729865, 0.6862551153624384, 0.49860400449334585, 0.4184501185008822, 0.9345576438076674, 0.6698500441193328, 0.43388310171753597, 0.5724599312722061, 1.0, 0.9469149023046171, 0.8901209841240066, 0.1459289561605518, 0.21212308446545736, 0.9607413969723069, 0.5359328626280201, 0.5835837809145781, 0.9447778490742282, 0.8935384773034248, 0.9174848034409112, 0.09920464385260441, 0.9125625622530368, 0.5945888580480156, 0.5691577257979442, 0.37291663729246394, 0.8677060893021108, 0.9547898987897235, 0.3572089520942403, 0.7737438787438671, 0.9553812250127636], [0.07829601458152691, 0.8100295205861551, 0.13988146369305055, 0.8159007140172602, 0.12854879177993583, 0.852381215822872, 0.5914888758846609, 0.8781070465116035, 0.28278440361374146, 0.8559571109375926, 0.10103616284513817, 0.9045108263048245, 0.8249659898796249, 0.16158555083422232, 0.9469149023046171, 1.0, 0.29297179938130447, 0.1441339104245738, 0.8804410475724433, 0.9021389226336403, 0.00022994335956949552, 0.7353886419632659, 0.6450921824041745, 0.22948724984965208, 0.2171642752697197, 0.921944274310507, 0.9857126395389476, 0.6979498339732929, 0.527927196136833, 0.2773769418140417, 0.34478865654582536, 0.7171071778480441, 0.5924463508483532, 0.09359481603441278, 0.36692804554207825], [0.48290448262951424, 0.3782947441196888, 0.49002320252372567, 0.4289895245693851, 0.16416405164960857, 0.7266131409479658, 0.23270520557303886, 0.4819908923074706, 0.9067659878559684, 0.3521370694885043, 0.38746343238648706, 0.9879765054891791, 0.7491201086925597, 0.9366827220944363, 0.8901209841240066, 0.29297179938130447, 1.0, 0.8766325400797244, 0.8161126085532933, 0.22404458935123694, 0.6460582705443144, 0.6388138147788895, 0.9821271555281946, 0.46269018324568534, 0.4399216503299166, 0.5732915516363113, 0.9697928068765197, 0.3694253824003234, 0.9010642632052369, 0.23821432081273053, 0.32045408779492845, 0.7916725925430538, 0.4895371959561704, 0.013174921756741176, 0.044584636829076985], [0.2316319154421368, 0.6263082773461962, 0.01474350901012611, 0.7358340882011998, 0.703275576863472, 0.885823770521067, 0.20509499804084463, 0.1809314614216625, 0.17917366834299409, 0.9064552179447757, 0.3502737172016286, 0.3751978423453052, 0.514098576268958, 0.16891733225430827, 0.1459289561605518, 0.1441339104245738, 0.8766325400797244, 1.0, 0.3355168014801534, 0.15650022119017637, 0.504260297642744, 0.14835282355373414, 0.3720333348711313, 0.6796171232431519, 0.29169268038214935, 0.3022310132349404, 0.7827284844332065, 0.9725963849859877, 0.29596554852013623, 0.5860167953642188, 0.8462554683521747, 0.5225358629434194, 0.4123364847622947, 0.5766208179705417, 0.8512367328805892], [0.4794761633186595, 0.6202075472532963, 0.9830870081036601, 0.7949904968715218, 0.6935822581302584, 0.7759886618093529, 0.5619467890151784, 0.9091858503198307, 0.5605068273742972, 0.7458268331052607, 0.6160425758692706, 0.17995866650732506, 0.4835641713327701, 0.9012626311486225, 0.21212308446545736, 0.8804410475724433, 0.8161126085532933, 0.3355168014801534, 1.0, 0.44244965899648336, 0.7491627878459, 0.694755451076434, 0.6960364690214756, 0.9124147362076617, 0.24857551394217092, 0.5676117726020072, 0.48155126424391836, 0.35514664698409826, 0.37600358509887866, 0.7759980720651427, 0.026736115752191703, 0.29016563585655997, 0.9243798888666854, 0.5132830027023293, 0.18909497558648158], [0.8463257493878468, 0.403379612492375, 0.6108666898423233, 0.8725563006361883, 0.5595454518513393, 0.54629749564715, 0.15462507436295592, 0.19196300892267604, 0.2862117346025572, 0.7796642149984978, 0.48962234524430104, 0.8880192188819963, 0.26101541436885245, 0.023266441544330108, 0.9607413969723069, 0.9021389226336403, 0.22404458935123694, 0.15650022119017637, 0.44244965899648336, 1.0, 0.08412017514879833, 0.05281994846340121, 0.2623851864924486, 0.5664703385453256, 0.7178393336331809, 0.7306150956216806, 0.3968523478465795, 0.4073548520339547, 0.3673209423756012, 0.7961749384577079, 0.2699090768329607, 0.4166714896029927, 0.40888257803607475, 0.019033018479342023, 0.4936241306801942], [0.9039522673823421, 0.4573034529645761, 0.010862604205461701, 0.93742019062602, 0.5189588572257466, 0.36645656658757, 0.7412890661431005, 0.2453397125692477, 0.8867777385448777, 0.5025269388479082, 0.2879985152332758, 0.9024255996902718, 0.12501423936907763, 0.1626500505203895, 0.5359328626280201, 0.00022994335956949552, 0.6460582705443144, 0.504260297642744, 0.7491627878459, 0.08412017514879833, 1.0, 0.842171825238689, 0.11468577876883923, 0.11117835550261113, 0.12625791215786553, 0.4764012746563092, 0.567013139552471, 0.9910230729288398, 0.029216239538761957, 0.027197549468214732, 0.9105444177862169, 0.139361764490462, 0.49413525025021643, 0.7633288122743577, 0.8505798815785427], [0.5337535033435109, 0.27114433479558175, 0.2511391678354361, 0.3276335871260131, 0.9759111676567481, 0.7263816007169023, 0.13831553137043573, 0.650209077893072, 0.6179296653635851, 0.13190926660223246, 0.24185767000430514, 0.24506815867708964, 0.5789657888495424, 0.9746997092864047, 0.5835837809145781, 0.7353886419632659, 0.6388138147788895, 0.14835282355373414, 0.694755451076434, 0.05281994846340121, 0.842171825238689, 1.0, 0.022470554955713262, 0.7577356052165548, 0.3618728171274479, 0.2941399531849288, 0.0710239426186896, 0.020885359570403272, 0.1713816022150111, 0.4701605713270025, 0.11876284885964739, 0.10840986361903515, 0.050236071196445686, 0.2263977396745508, 0.7721305069897846], [0.3504060300696571, 0.5472138931127395, 0.49571122529483935, 0.27048532619247045, 0.17163235996801296, 0.9061812908787269, 0.8962395173505755, 0.811533143090429, 0.16383268670130624, 0.05675521730644917, 0.23187497740723184, 0.2518486923384302, 0.48228216964634285, 0.22712308879733356, 0.9447778490742282, 0.6450921824041745, 0.9821271555281946, 0.3720333348711313, 0.6960364690214756, 0.2623851864924486, 0.11468577876883923, 0.022470554955713262, 1.0, 0.45981133505800886, 0.8074400523187992, 0.6601479327594579, 0.27610890419759426, 0.03450052551903193, 0.04648567765448741, 0.23388848763232128, 0.1225472884238662, 0.5917879414309787, 0.8759936559558857, 0.12329610866758789, 0.12107504176144401], [0.41336296277378504, 0.16128399631351442, 0.466542226185955, 0.3036047933180972, 0.19561301174269563, 0.43023903793325047, 0.755189812164071, 0.8373059494741624, 0.6427905268676911, 0.7782991206291973, 0.9943046293073776, 0.02998297452947607, 0.7200250119107705, 0.5492814760681645, 0.8935384773034248, 0.22948724984965208, 0.46269018324568534, 0.6796171232431519, 0.9124147362076617, 0.5664703385453256, 0.11117835550261113, 0.7577356052165548, 0.45981133505800886, 1.0, 0.2113964064024978, 0.8914584467352126, 0.646322990502862, 0.1745389730988245, 0.12404944600193213, 0.5352422066073217, 0.525932026723205, 0.9709744112932047, 0.955030619589538, 0.1946125407374133, 0.7003487001186597], [0.17869699999158528, 0.6471902848552792, 0.5288460946607021, 0.42603512537442567, 0.15788884504402767, 0.5827137429273658, 0.28803592977142956, 0.13506885035244176, 0.23737105933422875, 0.5693019624025398, 0.8536462127608789, 0.25839628971021855, 0.6377483635959155, 0.7202139148241885, 0.9174848034409112, 0.2171642752697197, 0.4399216503299166, 0.29169268038214935, 0.24857551394217092, 0.7178393336331809, 0.12625791215786553, 0.3618728171274479, 0.8074400523187992, 0.2113964064024978, 1.0, 0.8438691855207772, 0.004475248162725376, 0.49906318505093594, 0.29250725434390745, 0.7889059667587561, 0.3445243125721662, 0.10291229741794972, 0.3203395015132866, 0.5489169633284496, 0.31397711225929303], [0.5730490920089323, 0.9354261781082711, 0.0541008583370407, 0.9080213604932185, 0.17034540138659426, 0.037216841130408906, 0.29015717494098625, 0.24622767930694522, 0.21374664344665817, 0.6180785700406636, 0.5833738639857671, 0.20305302028273697, 0.2499913365430284, 0.8560288865130993, 0.09920464385260441, 0.921944274310507, 0.5732915516363113, 0.3022310132349404, 0.5676117726020072, 0.7306150956216806, 0.4764012746563092, 0.2941399531849288, 0.6601479327594579, 0.8914584467352126, 0.8438691855207772, 1.0, 0.23610815279149322, 0.9717549089583594, 0.5622111739070494, 0.565594380404526, 0.14573299588783073, 0.4068167850366028, 0.8875001948377979, 0.9862626912538685, 0.20601050708496627], [0.1989142016071448, 0.9238928003947181, 0.6500524646110613, 0.12565145298036595, 0.5856294467813891, 0.929895718944349, 0.15446316737757504, 0.798092342607072, 0.6326494847929512, 0.3131213097365454, 0.5749510849585215, 0.49174872102241296, 0.8460957060696518, 0.40497850117237566, 0.9125625622530368, 0.9857126395389476, 0.9697928068765197, 0.7827284844332065, 0.48155126424391836, 0.3968523478465795, 0.567013139552471, 0.0710239426186896, 0.27610890419759426, 0.646322990502862, 0.004475248162725376, 0.23610815279149322, 1.0, 0.27618412627006905, 0.02375923139268654, 0.4118928417292035, 0.5561847183068787, 0.5653978556611968, 0.09418278951204406, 0.749784089520833, 0.703622759667526], [0.009863642563937569, 0.06728678065277072, 0.9296323342465046, 0.5745845265831862, 0.44403069539497897, 0.8158572478169506, 0.7354628555325468, 0.3572674069828624, 0.15382852396428215, 0.8548660848574667, 0.9272620753287917, 0.6806228302153433, 0.2811208025348757, 0.165643796131963, 0.5945888580480156, 0.6979498339732929, 0.3694253824003234, 0.9725963849859877, 0.35514664698409826, 0.4073548520339547, 0.9910230729288398, 0.020885359570403272, 0.03450052551903193, 0.1745389730988245, 0.49906318505093594, 0.9717549089583594, 0.27618412627006905, 1.0, 0.11268326429064124, 0.13721285130409977, 0.7234773729031712, 0.903426365084865, 0.7049556655609466, 0.7480914295493464, 0.3181387735705973], [0.30789620644281046, 0.0657415070430144, 0.7489974629874327, 0.6242204322888154, 0.6674094210454844, 0.19927277446635616, 0.09334979853124148, 0.3317449569934392, 0.8059857361730517, 0.5725152775096302, 0.7897444410244746, 0.1930139941833119, 0.0002390421741785831, 0.2786077592658004, 0.5691577257979442, 0.527927196136833, 0.9010642632052369, 0.29596554852013623, 0.37600358509887866, 0.3673209423756012, 0.029216239538761957, 0.1713816022150111, 0.04648567765448741, 0.12404944600193213, 0.29250725434390745, 0.5622111739070494, 0.02375923139268654, 0.11268326429064124, 1.0, 0.7134769716474538, 0.7478603711522221, 0.7453535874667955, 0.41847789515948297, 0.13773980938378894, 0.7919803447464553], [0.7548906635627958, 0.4544139550448092, 0.31979748556736154, 0.6782540664083394, 0.9726022580458844, 0.36864093063880454, 0.2071303748651392, 0.6018024619251007, 0.20343237155826221, 0.41527033425820936, 0.3681399774656573, 0.83581580303321, 0.7754702860178936, 0.8484851380806865, 0.37291663729246394, 0.2773769418140417, 0.23821432081273053, 0.5860167953642188, 0.7759980720651427, 0.7961749384577079, 0.027197549468214732, 0.4701605713270025, 0.23388848763232128, 0.5352422066073217, 0.7889059667587561, 0.565594380404526, 0.4118928417292035, 0.13721285130409977, 0.7134769716474538, 1.0, 0.4449862808754489, 0.5709584294468553, 0.6764140931735568, 0.18406114754240532, 0.9171480451295001], [0.9229089039126438, 0.5263876747505385, 0.2898090974355042, 0.2626843413894451, 0.7121673983525735, 0.860394188102351, 0.9032248983364947, 0.17325952692375868, 0.41975372532950816, 0.4632950104574487, 0.39877542826710966, 0.6070722460837557, 0.3151260425940653, 0.6608472075642989, 0.8677060893021108, 0.34478865654582536, 0.32045408779492845, 0.8462554683521747, 0.026736115752191703, 0.2699090768329607, 0.9105444177862169, 0.11876284885964739, 0.1225472884238662, 0.525932026723205, 0.3445243125721662, 0.14573299588783073, 0.5561847183068787, 0.7234773729031712, 0.7478603711522221, 0.4449862808754489, 1.0, 0.7275144868948371, 0.6939374984964468, 0.11300182674574555, 0.9922020423441322], [0.8764378350352704, 0.5562353068273054, 0.9112884786576099, 0.509950559291527, 0.48848093029104445, 0.30390912045609086, 0.43929500133816357, 0.8012735471582367, 0.008634474111991697, 0.5371222018466842, 0.4617064165708836, 0.919836392254545, 0.35229383082098564, 0.7546919111883978, 0.9547898987897235, 0.7171071778480441, 0.7916725925430538, 0.5225358629434194, 0.29016563585655997, 0.4166714896029927, 0.139361764490462, 0.10840986361903515, 0.5917879414309787, 0.9709744112932047, 0.10291229741794972, 0.4068167850366028, 0.5653978556611968, 0.903426365084865, 0.7453535874667955, 0.5709584294468553, 0.7275144868948371, 1.0, 0.06407939102311888, 0.6316303819958045, 0.6161979676911646], [0.30049696158440486, 0.2932506926773477, 0.03869923125087227, 0.19338004624126304, 0.8114900356989595, 0.22821924634887736, 0.6241096670619157, 0.40221079113275193, 0.7486891625447577, 0.1836774357534341, 0.7636888808568132, 0.1967954425965277, 0.9094069494896162, 0.4605524281269514, 0.3572089520942403, 0.5924463508483532, 0.4895371959561704, 0.4123364847622947, 0.9243798888666854, 0.40888257803607475, 0.49413525025021643, 0.050236071196445686, 0.8759936559558857, 0.955030619589538, 0.3203395015132866, 0.8875001948377979, 0.09418278951204406, 0.7049556655609466, 0.41847789515948297, 0.6764140931735568, 0.6939374984964468, 0.06407939102311888, 1.0, 0.480141824970581, 0.5565131447852977], [0.2893303380996295, 0.9406869816351286, 0.8010444667125062, 0.8729467291514471, 0.3366157126039002, 0.48674054322886406, 0.38636773891265275, 0.5074154230175338, 0.11722900193146568, 0.8462143655890131, 0.07125792114871798, 0.7550312294938437, 0.08354168294295772, 0.9054030709528046, 0.7737438787438671, 0.09359481603441278, 0.013174921756741176, 0.5766208179705417, 0.5132830027023293, 0.019033018479342023, 0.7633288122743577, 0.2263977396745508, 0.12329610866758789, 0.1946125407374133, 0.5489169633284496, 0.9862626912538685, 0.749784089520833, 0.7480914295493464, 0.13773980938378894, 0.18406114754240532, 0.11300182674574555, 0.6316303819958045, 0.480141824970581, 1.0, 0.9904454629963759], [0.39031814236321927, 0.6505275851533721, 0.8337716050306264, 0.19749758570070652, 0.8108777249485072, 0.14129967341546124, 0.4825851491711757, 0.6451307348700257, 0.6734980284527855, 0.5397165233386322, 0.4813047379890524, 0.034913640868512674, 0.2131554311615399, 0.13278383515721803, 0.9553812250127636, 0.36692804554207825, 0.044584636829076985, 0.8512367328805892, 0.18909497558648158, 0.4936241306801942, 0.8505798815785427, 0.7721305069897846, 0.12107504176144401, 0.7003487001186597, 0.31397711225929303, 0.20601050708496627, 0.703622759667526, 0.3181387735705973, 0.7919803447464553, 0.9171480451295001, 0.9922020423441322, 0.6161979676911646, 0.5565131447852977, 0.9904454629963759, 1.0]]