[[1.0,0.007722791952605894,0.009873604280530045,0.01198411916981163,0.007077343376438714,2.3127135891592185E-4,0.019653085341153904,0.04114129279926194,0.012195385739790714,0.007837482980409021,0.009038553082412241,0.012440399992874765,0.004633326822384565,0.0017713498223547593,0.008888241554891088,0.005290777027612523,0.01798159246017138,0.005853573795964543,0.008241190960480937,0.004106132169609424,0.006803984338913501,0.01094635533137987,0.012358102780626662,0.00409473836341049,0.0017368355133613113,0.009492979690543319,4.220331198351654E-4,0.006933960737343755,0.009187601349764138,0.005227220963937851,0.007884386904948339,0.005085559045849431,0.010898236211153295,0.012313828809387244,0.005871418433793348,0.0074154403594395004,0.01132689214888901,0.010072249202776235,0.011471998208634414,0.004645856712153476,0.007211886507045498,0.01073693307116514,0.013056995548330492,0.01202483852032978,0.006869416941030378,0.0011706130469015094,0.003003781556089469,0.01214313795231855,0.0039053986793965104,0.008829035552773817,0.011265647229334678,0.006699680817351084,0.0017834981258038182,0.011934075722446388,0.003722156639345316,0.003191184868156248,0.003821167293957366,0.010602518048863021],[0.007722791952605894,1.0,8.254520136160412E-5,5.85530754629198E-4,1.2679841409499483E-4,1.9462423806724586E-4,0.02121392932444121,0.01544017012223331,4.901519982931716E-5,1.1200443397529324E-4,0.0024405064757330557,0.006697630754589147,0.002339561523524715,1.4855770145936751E-4,1.448622932853292E-4,0.0026174979009741402,0.010511397619696926,0.0011085923346247832,8.911645536770077E-5,8.185401612368825E-5,1.618239715138341E-4,7.557667284907459E-4,0.00536197323139283,9.924697961156402E-4,1.7458400923866908E-4,0.0011175562509629284,1.5991534864257654E-4,0.0029013474052743985,4.872754128769466E-5,1.0514451875853367E-4,4.0211620567304093E-4,9.186920467508816E-4,4.303131775809503E-4,1.3339572957137694E-4,2.6297301264933596E-5,4.0911996992717484E-5,0.0034494723462308694,7.484053921995042E-5,2.204567590142788E-4,3.8628908471285376E-4,3.3206253502573996E-4,1.1941762911977919E-4,0.00615681325549797,9.56693145333131E-5,2.978531891388936E-4,9.209158951230157E-5,2.3774787461423386E-5,2.58106009804219E-5,9.728304218688114E-5,4.875788139086506E-5,0.009430598327551833,1.4579997117960958E-4,2.373280318306677E-5,8.322504823263978E-4,2.4097276866303497E-5,7.468906157268627E-5,2.78597787774521E-5,9.98153963556739E-5],[0.009873604280530045,8.254520136160412E-5,1.0,5.884406311490452E-4,1.327581191835776E-4,1.2998582176983924E-4,0.014284976089062599,0.001626971417137115,1.2481228827251005E-4,1.8707324816978074E-4,0.0013978580639589055,0.0020341669663547306,0.003658351761947869,1.5539742863857504E-4,8.742555654936885E-4,5.744338331047303E-4,0.004503469571114454,2.9751129702414386E-4,1.0432594649228442E-4,1.1953003511967989E-4,1.3653470212825097E-4,8.800947936977373E-4,0.007952546746299766,2.2303845082736925E-4,0.0011704342932272183,9.87517309582525E-4,1.6641624573794688E-4,0.0024327350341979835,1.2045585755533813E-4,1.2073540885491989E-4,1.8228450887231785E-4,1.2254758792995077E-4,2.7525772493224444E-4,1.1994949324999494E-4,2.4827994825998656E-5,1.0564877099680164E-4,0.010418607995627835,1.1372772698128407E-4,1.6684729665876062E-4,2.5113193493162564E-4,5.424121977194085E-4,1.1062525502439962E-4,0.009510426021000818,1.9116650088949058E-4,3.5727431525011495E-4,1.1781775663954402E-4,1.7381913189541978E-5,4.321753240363964E-5,1.0955492258520792E-4,1.5032697135924626E-4,0.002096074500476481,1.0477005997959501E-4,4.5683908146653936E-5,6.241934398121219E-4,9.928933422725258E-5,1.0946275194656823E-4,7.95031829317796E-5,1.5939171850274143E-4],[0.01198411916981163,5.85530754629198E-4,5.884406311490452E-4,1.0,1.975311849304623E-4,4.6822135732041957E-4,0.010046011130725488,0.03385924162883908,5.485766669791113E-4,3.060616555333003E-4,0.00604944144094801,0.002621297138039546,0.003161242081390358,6.618353899672058E-4,0.001460077221647516,0.0025306155154176287,0.011340551573868676,0.001223766699763544,2.3584417942864317E-4,7.462638099057852E-4,5.355158597265308E-4,0.0012470175083020697,0.00861864833393969,0.00108992395517543,0.0011252852195493498,0.0011504290069418632,4.389314065234689E-4,0.0016367926457442452,2.7197362014586387E-4,1.6665852200449017E-4,0.0011646003191079666,0.001043437676329071,0.0010815875622140676,7.535400170854754E-4,9.043053538476515E-4,1.3158864764995927E-4,0.005392207598578681,7.932954270264206E-4,3.421500719816549E-4,6.203008700386651E-4,8.338973197489524E-4,6.886638529266126E-4,0.012463061778499613,7.58984481873975E-4,0.0011700458122261223,6.93971288471435E-4,2.5005087890829335E-4,6.190437632413955E-4,9.322015169966071E-4,4.2053115877295884E-4,0.009639780122064102,4.171547548110824E-4,1.29775437765409E-4,0.0012523598247988347,2.7277762350999497E-4,4.197739177055239E-4,6.997810515277238E-4,2.3867339267957103E-4],[0.007077343376438714,1.2679841409499483E-4,1.327581191835776E-4,1.975311849304623E-4,1.0,1.6238505127016435E-4,0.017000052822019197,0.02855034019195685,1.4367141257355749E-4,2.1604363299872867E-4,0.004342511288231256,0.0036184933719235423,0.0035615883891963315,2.550645910342628E-4,0.0015900038539091498,0.0013028706697121061,0.010713598912515295,4.933089809544774E-4,1.1665341268252735E-4,1.3661918435734974E-4,1.526899490730762E-4,0.0016527260362164309,0.009298417904091714,7.961229777157941E-4,0.0011489414374497272,5.811741609890151E-4,1.5004990681340084E-4,0.002448251825512254,1.308688995889677E-4,1.455403101346905E-4,8.202939028069207E-4,5.681762738377039E-4,6.701846412496252E-4,1.881805596581915E-4,8.31606418026524E-5,1.2697001016950203E-4,0.009720823388670663,1.2793149394118466E-4,2.774954170949265E-4,3.021161164136381E-4,6.573720270381092E-4,1.4318532547876587E-4,0.005842957374490908,2.6635145535725024E-4,0.0011143780726294015,1.450058601086765E-4,8.314985407086928E-5,1.0222276131457476E-4,2.4736511779371623E-4,1.7262871426647068E-4,0.0020392338674301114,1.4906183970958553E-4,8.055006713496181E-5,2.3115326153292366E-4,4.465976151471196E-5,1.2671943119188243E-4,6.988467302790815E-5,2.3545089768757386E-4],[2.3127135891592185E-4,1.9462423806724586E-4,1.2998582176983924E-4,4.6822135732041957E-4,1.6238505127016435E-4,1.0,0.0031976392449708244,0.03495236694308925,1.4785560115785176E-4,2.1918843859503832E-4,0.00133773450982874,0.005386226184372313,9.126241618071317E-4,2.5254184939643357E-4,6.75066815227573E-4,8.575202491994563E-4,0.010234086731399146,7.769184322854803E-4,2.035301068009929E-4,1.4568667610385827E-4,1.8297286716136514E-4,0.0015435418369105097,0.004697206063300225,3.6679269015036037E-4,0.0010341073285777109,3.9635720201811595E-4,2.0628475624582247E-4,0.002210761918911581,1.9785532161373066E-4,1.992175316573518E-4,6.916985551153459E-4,3.800260965989594E-4,7.085018974234454E-4,2.139575133180788E-4,1.5255845958832512E-4,2.0759819170584198E-4,0.005620181301620526,1.2711701495160134E-4,2.4094636157792506E-4,2.4237743558287164E-4,3.422145963705105E-4,1.4148926559773517E-4,0.00562138759053254,2.492911358587835E-4,2.2975854213168665E-4,1.5172867928586105E-4,1.5005834299329233E-4,1.7433274236150178E-4,2.4549531047319347E-4,2.139460143247226E-4,0.009764870664048124,1.7354270947123876E-4,1.1424644953093155E-4,6.053940230197323E-4,9.011513571336839E-5,2.082656758082591E-4,7.45391286344877E-5,2.2472749679840757E-4],[0.019653085341153904,0.02121392932444121,0.014284976089062599,0.010046011130725488,0.017000052822019197,0.0031976392449708244,1.0,0.04328072865021144,0.024781434043547226,0.0017050595732602631,0.017234434203113547,0.016758978511372064,0.009904945807243788,0.007892635000529905,0.018205908720552475,0.02602606250307477,0.020700141569069422,0.01533131344699446,0.004076903487053185,0.024658410072602027,0.02149077669955561,0.005540292747027418,0.021367061474524857,0.02289151818937692,0.01887154630353343,0.017623209585414232,0.016760013257159066,0.004879609578729042,0.01638619050140546,0.001964491500858815,0.015453306239543798,0.024648691752988124,0.012956037328342714,0.021675946835777546,0.008377077997426955,0.023190292404084573,0.024352623502205184,0.009354036859461155,0.018628655004854083,0.021847276414027974,0.01713496023538909,0.020066398013708065,0.01418694038957369,0.0063053611724552,0.014286920037414483,0.013006572361380564,0.02935604375410546,0.017392568570881957,0.020893427933592057,0.026627052194078436,0.01819332342764761,0.0019484934619259679,0.0024096669843977295,0.005403643765574889,0.0032424506628949802,0.01853417555973147,0.02628812210706722,0.022861094572180964],[0.04114129279926194,0.01544017012223331,0.001626971417137115,0.03385924162883908,0.02855034019195685,0.03495236694308925,0.04328072865021144,1.0,0.018325165558687143,0.03042770669196298,0.030039659313718492,0.04222343433664638,0.005125010044766247,0.01793182083858399,0.033722162323699394,0.026798848145489204,0.030454980576999992,0.019160001521892785,0.027953788046727865,0.0020338693695437695,0.016253876094411816,0.016900573847201564,0.024390941922416122,0.0013857305712034883,0.00918769356969427,0.01147791048118223,0.03869071396095495,0.031011966535162673,0.03989072087620269,0.03851975034991241,0.03815522523645554,0.02670486719840405,0.024218834890936496,0.01992354126439288,0.03425140301938225,0.01755472722776335,0.04029596403062108,0.016707214146879465,0.003867277587196638,0.02356424301242232,0.01432206985290725,0.013859707166288173,0.041043380455164286,0.029894770839047416,0.00914613744538035,0.03964592189344551,5.157735049832608E-4,0.0203931129184872,0.019032378198367225,0.03679137460747671,0.04185626915359849,0.03415339850138577,0.036397917514684346,0.016205770731832096,0.005223133323069775,0.014319804694297646,0.005839396893924628,0.029238510314769903],[0.012195385739790714,4.901519982931716E-5,1.2481228827251005E-4,5.485766669791113E-4,1.4367141257355749E-4,1.4785560115785176E-4,0.024781434043547226,0.018325165558687143,1.0,1.9470822474031163E-4,8.265883718226929E-4,0.010725673041810383,0.0010694774291741208,1.6132736085430014E-4,9.366015349138626E-4,1.577464959638646E-4,0.0046538184136505,6.913388577720891E-4,1.326912896080645E-4,1.2432358999086725E-4,1.6605705061887747E-4,0.001272031627152838,0.008248337829851203,2.183572861969789E-4,9.893008351952838E-4,7.557739855644235E-4,1.450024310421971E-4,0.0030970150589931062,1.2898775132099517E-4,1.3782162436976015E-4,6.741893321556612E-4,3.4425251743086597E-4,5.097777692222353E-4,1.356726353528407E-4,5.381792157303644E-5,1.2012731590029348E-4,0.008387684624172751,1.2505577916531563E-4,1.365395304040809E-4,3.457144858916442E-4,1.661519835376665E-4,1.3464423051727663E-4,0.004951090496335624,2.0496188832458162E-4,2.747774794749629E-4,1.2723814476141084E-4,1.267202041939827E-4,9.427389733142439E-5,1.8106479881839317E-4,2.066085176690432E-4,2.0938993785423062E-4,1.3388966021290504E-4,4.250877890999714E-5,9.406102779285507E-4,9.885683708847345E-5,1.2221028370069055E-4,7.652233388257282E-5,1.6703084156899437E-4],[0.007837482980409021,1.1200443397529324E-4,1.8707324816978074E-4,3.060616555333003E-4,2.1604363299872867E-4,2.1918843859503832E-4,0.0017050595732602631,0.03042770669196298,1.9470822474031163E-4,1.0,0.0030783433236112653,0.004400969701955259,0.00225276501465174,2.3560868220451648E-4,8.144180877266484E-4,0.0025788747506379417,0.00646290428737692,0.0012987326946612282,1.3847853493404924E-4,1.3458160394111057E-4,2.1496056353229395E-4,0.0012566385517028562,0.008635209962806315,0.0011605311054266837,5.918373276978609E-4,7.717853076331799E-4,1.901002775271023E-4,0.002647565520192097,1.8683916453375734E-4,2.1375613587748695E-4,9.684736303459189E-4,6.741583527620738E-4,9.389252075959392E-4,2.0541634463626442E-4,3.105143551473384E-5,1.5485391735881027E-4,0.00218543432544385,1.7103966299680156E-4,2.230870709616054E-4,2.8088579071870387E-4,2.775793696043019E-4,2.091957295140449E-4,0.001718221887855212,2.403252368269986E-4,4.487171005967877E-4,1.9552810377891698E-4,1.902173976431622E-4,4.581654170668316E-5,2.2268226933518055E-4,2.0919032449462542E-4,0.004686374455046705,2.173918895697833E-4,4.165822191696359E-5,0.0012311749195086806,1.1910582538730698E-4,2.0638009756499155E-4,1.5020890124241794E-4,2.2996431682551912E-4],[0.009038553082412241,0.0024405064757330557,0.0013978580639589055,0.00604944144094801,0.004342511288231256,0.00133773450982874,0.017234434203113547,0.030039659313718492,8.265883718226929E-4,0.0030783433236112653,1.0,0.011483890942640733,0.0042644238481581035,0.005066456779671146,0.0031685037027931766,0.0065486615051581695,0.008854512284350026,0.004257491066981158,9.4982449401212E-4,0.007870787555169645,0.0036079633378768923,0.004698967767943409,0.009369654402229036,0.007169843006138361,0.005399970654659222,0.007411297121350307,0.003997628231564481,0.005524793094659721,0.001180391920797385,0.0065188559315667435,0.002900744786463952,0.002752205695610243,0.001971244741459749,5.676045530662705E-4,0.0020158391364810133,0.00573669988618192,0.00843655609315458,0.0030239743721148416,0.0029460836272199903,0.004333564256151293,0.006149121236945633,0.0028379591696802674,0.01141028066306229,3.448093323787206E-4,0.0036315636866220812,0.006728177312478639,0.004158447855219987,0.0038096718068942794,0.0069878380420914125,0.006963968472445706,0.00791249554391611,0.004252351308392318,0.001814973279978963,0.002247318511534619,2.475066117332383E-4,0.005398134179543219,0.006932409832161294,0.0016569477544091248],[0.012440399992874765,0.006697630754589147,0.0020341669663547306,0.002621297138039546,0.0036184933719235423,0.005386226184372313,0.016758978511372064,0.04222343433664638,0.010725673041810383,0.004400969701955259,0.011483890942640733,1.0,0.009917407119753216,0.0037055072932752225,0.009342688768526081,0.009114903394339655,0.013416990611789557,0.005892961136126098,0.0034629169192473314,0.0071566594004621575,0.0055185959662266615,0.003120368727220456,0.011473614710317622,0.0026889941913254846,0.010372278378258123,0.0038645108234247215,9.08896767131069E-4,0.009848814747994932,0.002941452208288207,0.011374623164797232,0.010567603875366373,0.006373548717048091,0.006408836180083219,0.0053970791082562615,0.010967822135357352,0.008669080926614413,0.012049982639161575,0.00889728267448688,0.004868625423609761,0.009003523969549312,0.011369349393492434,0.00347163701664437,0.012826456079099643,0.0036023071924852655,0.010795618985591974,0.009527891919447645,0.004585336276603619,0.0032308049301935896,3.0356234473865186E-4,0.005061402742604701,0.010704475105046773,0.01096071647805407,0.004864610229924504,0.002164593467824282,0.0068746656731545645,0.005747187134011168,0.00200823813036454,0.0021395150562570583],[0.004633326822384565,0.002339561523524715,0.003658351761947869,0.003161242081390358,0.0035615883891963315,9.126241618071317E-4,0.009904945807243788,0.005125010044766247,0.0010694774291741208,0.00225276501465174,0.0042644238481581035,0.009917407119753216,1.0,0.0021196757408441774,0.003313921817654899,0.0030269698662512756,0.015991020757041712,0.0021191823776052607,0.0034111817881318997,3.198907862265083E-4,0.0031355405703994816,0.003642823245488598,0.00933793539118425,0.002297332271302333,0.0019023900928981951,0.002053184694627472,0.0010748342611443902,0.0037017311776103095,0.001986237915009828,0.002483074587575483,0.0017170045217332827,0.003700511952317337,0.003016163652453054,0.002496178825018993,0.0010983343996638583,5.636654115325151E-4,0.00725521785205621,0.003807480666847708,0.002564420094493338,0.0035489586152919112,0.003657244215658376,0.00316010597838357,0.011458792401421173,0.0021440970181584584,0.0027943982055854437,0.0025883182126013355,0.0025583221631110546,0.0031330184499860168,3.2934613531299773E-4,0.001295278923992746,0.007091632781620805,8.09351538397638E-4,2.486180628927052E-4,0.0025290203381272518,0.0020491003242288914,0.003398592498492292,4.98981356980672E-4,0.0015298939676368028],[0.0017713498223547593,1.4855770145936751E-4,1.5539742863857504E-4,6.618353899672058E-4,2.550645910342628E-4,2.5254184939643357E-4,0.007892635000529905,0.01793182083858399,1.6132736085430014E-4,2.3560868220451648E-4,0.005066456779671146,0.0037055072932752225,0.0021196757408441774,1.0,3.696532082620708E-4,0.00267783456984811,0.015387254996926487,0.0018541464442504581,2.256870521260535E-4,2.184474827298722E-4,1.9176163615609087E-4,4.412528487713491E-4,0.006439740335659095,7.660919025837049E-4,6.582602141378524E-4,6.972899243965918E-4,2.1850487159752861E-4,0.0016086830719705628,2.287769285409353E-4,1.732856498499282E-4,3.63365215607949E-4,8.610980160381859E-4,4.921626080387718E-4,2.3576503413485461E-4,1.895194249223848E-4,1.4155657659603417E-4,0.008133991003424578,2.4186490453878936E-4,2.7352650385765044E-4,3.7415450103915566E-4,7.899355709941143E-4,2.0252722776778617E-4,0.011043475224056127,2.936093817159386E-4,7.894535684968153E-4,2.1307375439628726E-4,1.178948835834218E-4,1.0356025808612103E-4,2.649162966531828E-4,2.1885733910440198E-4,0.0014612514294249195,1.6471872842864914E-4,1.9581592531818677E-4,0.001134442929044287,2.205104250988266E-4,1.5115716060845098E-4,2.2931262914483512E-4,2.478065075332613E-4],[0.008888241554891088,1.448622932853292E-4,8.742555654936885E-4,0.001460077221647516,0.0015900038539091498,6.75066815227573E-4,0.018205908720552475,0.033722162323699394,9.366015349138626E-4,8.144180877266484E-4,0.0031685037027931766,0.009342688768526081,0.003313921817654899,3.696532082620708E-4,1.0,0.002834503317532213,0.01994562317762013,0.001769701472235013,9.44442398588756E-4,6.569793692168722E-4,0.001162495055957557,0.0017609533643352681,0.010120701066488352,0.0012240569226499166,0.0014945909501724065,0.001391818139013993,3.247426618492724E-4,0.0018686567764373526,3.978470929176907E-4,7.744351394235929E-4,0.00153827535785054,0.0014968711251326233,0.0013567197164576121,0.00155826467200122,0.0010546153348724202,0.0012280818003438468,0.006737121636735871,3.9191073429214107E-4,0.0012197768262160046,6.343063976498992E-4,0.0015450987445544504,8.611528679159287E-4,0.0033734576479102192,0.0011513492362231262,0.0014109290556248147,5.318066873749657E-4,2.5712619855727093E-4,0.0012226689270818094,9.804524276318272E-4,0.0013327317020567812,0.002749368632121668,5.642241666831294E-4,5.12730099552541E-5,0.0014911126374161435,4.278180984448192E-4,3.3367065618881715E-4,8.310839559584434E-4,0.0013914788409406303],[0.005290777027612523,0.0026174979009741402,5.744338331047303E-4,0.0025306155154176287,0.0013028706697121061,8.575202491994563E-4,0.02602606250307477,0.026798848145489204,1.577464959638646E-4,0.0025788747506379417,0.0065486615051581695,0.009114903394339655,0.0030269698662512756,0.00267783456984811,0.002834503317532213,1.0,0.00596195013582863,0.0023552350325405954,0.00130219916479114,8.632377179867416E-4,8.556455425393218E-4,0.0029065598138073917,0.007949782937712018,0.0028279927388431686,0.0019914265643722283,0.0023901972154555294,0.0026132412907324473,0.0030141763162722683,0.0014355789688797432,0.0010140177083550828,0.002410317012253378,0.0022332709236085727,0.001192984393407468,0.002923099321456426,1.925065649357844E-4,0.002246149522618122,0.003881040878469526,4.846724067484537E-4,8.587299990733254E-4,0.0016422287423017209,0.0013788000088431071,5.123095038722034E-4,0.008741368920648088,0.0012875168032050266,0.0014764834991303588,0.0025010000918501527,0.0025985221800826344,1.0599165180091827E-4,0.0018807729850553003,4.41254262720096E-4,0.004546366294283237,0.0014724758593524286,0.0026669107670828367,0.0018802693378000249,0.001239386810613301,7.610070991864966E-4,0.002824629524597094,0.00271854892161949],[0.01798159246017138,0.010511397619696926,0.004503469571114454,0.011340551573868676,0.010713598912515295,0.010234086731399146,0.020700141569069422,0.030454980576999992,0.0046538184136505,0.00646290428737692,0.008854512284350026,0.013416990611789557,0.015991020757041712,0.015387254996926487,0.01994562317762013,0.00596195013582863,1.0,0.010491328342384003,0.014160844748447147,0.015679871609938525,0.015319578224560742,0.011215694949225625,0.011562280244949116,0.01184142884037942,0.01901294576603719,0.009630655127668463,0.011517466221246983,0.007997223496816435,0.006248527079361857,0.0019436876981675283,0.007816343805297563,0.012987575020672548,0.020188441177364444,0.0032245165927552648,0.014629616829917069,0.003563065842435277,0.0155597289619724,6.373286886903566E-4,0.013782240073396604,0.008414932958294156,0.006231926228166309,0.019416707468959238,0.015818224146372923,0.008716271067794759,0.012143430584688704,1.8005810521253538E-4,0.0014971851065008598,0.010603361350265742,0.01561531872755621,0.013138508856051367,0.017404771668053716,0.0032310128034251737,0.011574005062774057,0.018725823007121088,0.014548752750749391,0.01885449244943678,0.0030495264709511373,0.009747957597554735],[0.005853573795964543,0.0011085923346247832,2.9751129702414386E-4,0.001223766699763544,4.933089809544774E-4,7.769184322854803E-4,0.01533131344699446,0.019160001521892785,6.913388577720891E-4,0.0012987326946612282,0.004257491066981158,0.005892961136126098,0.0021191823776052607,0.0018541464442504581,0.001769701472235013,0.0023552350325405954,0.010491328342384003,1.0,5.593871795232337E-4,9.56889872881967E-4,0.0013050750324449885,0.0018309355996746768,0.007710520845673219,0.001999249306695098,0.0013036489066021745,0.0017555265210277764,6.541792589763644E-4,0.0022817298420685075,0.00138617098578654,7.147195757473286E-4,0.002008986106062932,0.0012937060086320017,0.0013037571406413894,0.0018427684894527377,9.614539197662998E-4,0.0019405205512964703,0.01072231439327483,0.0018192075540681225,7.152998323487069E-4,0.0016669164226863235,0.0013897600062306255,0.0018051486100306969,0.012818270567068921,0.0011154202125062693,0.0018159252971911828,3.3286536372459884E-4,2.582617324903712E-4,4.4854825742639655E-4,0.0012452180336370384,0.0013282091284835067,0.008764647405006577,3.1549521465742655E-4,0.0011168301535151044,0.0015849527939494263,0.0012570895516101786,2.6942400192725175E-4,0.0016371371784080662,0.0013174393327026804],[0.008241190960480937,8.911645536770077E-5,1.0432594649228442E-4,2.3584417942864317E-4,1.1665341268252735E-4,2.035301068009929E-4,0.004076903487053185,0.027953788046727865,1.326912896080645E-4,1.3847853493404924E-4,9.4982449401212E-4,0.0034629169192473314,0.0034111817881318997,2.256870521260535E-4,9.44442398588756E-4,0.00130219916479114,0.014160844748447147,5.593871795232337E-4,1.0,1.1247490053348789E-4,1.7169457503579292E-4,9.012328856465416E-4,5.182503358533992E-4,9.88358712154434E-4,4.477487151226158E-4,6.509227554101406E-4,1.6896322219445468E-4,9.69387075612244E-4,1.260322534376251E-4,1.2899288139501912E-4,1.346601006130638E-4,5.050749570729417E-4,7.910862963908137E-4,1.1730072864513498E-4,8.924501456336598E-5,1.1110789088185686E-4,0.002890152876424548,1.0943751225854404E-4,1.079849988799168E-4,2.7725929030770406E-4,6.948308218122324E-4,1.0779453471134331E-4,0.005216687351264876,1.87556800301101E-4,2.6220893559554894E-4,1.0777122243390682E-4,2.7966270591761782E-5,5.022459895656672E-5,2.7091279376466326E-4,2.0833885199929243E-4,0.008673775788059066,1.0996452123783938E-4,1.599031505436503E-5,0.001355223896512974,6.14692297771358E-5,1.1198588446349941E-4,6.333063466712375E-5,1.592382022322409E-4],[0.004106132169609424,8.185401612368825E-5,1.1953003511967989E-4,7.462638099057852E-4,1.3661918435734974E-4,1.4568667610385827E-4,0.024658410072602027,0.0020338693695437695,1.2432358999086725E-4,1.3458160394111057E-4,0.007870787555169645,0.0071566594004621575,3.198907862265083E-4,2.184474827298722E-4,6.569793692168722E-4,8.632377179867416E-4,0.015679871609938525,9.56889872881967E-4,1.1247490053348789E-4,1.0,1.626179840031617E-4,7.6067435971407E-4,8.557075824011711E-4,1.3238570140000118E-4,5.701777605536823E-4,2.3586064817807028E-4,1.2400611146518793E-4,0.002978080842146995,1.2617899302881793E-4,1.3084624322069158E-4,5.343129020972167E-4,2.9693600063164006E-4,4.6551628238178865E-4,1.5892745385499087E-4,5.144359470008955E-5,1.1451422620105064E-4,0.0031048908237732947,1.2368402759399625E-4,1.499059393158642E-4,3.661260250828183E-4,4.5140682073114007E-4,1.2822051409249138E-4,0.005888219491671428,2.5833234524819885E-4,9.49362395662048E-4,1.2214460189416637E-4,7.466327911519196E-5,1.1408430418107074E-4,1.6424519736742553E-4,1.4092178126126563E-4,0.007119330390074697,1.235299749663555E-4,1.1119943615630044E-4,0.0012242851140386447,8.985866268113586E-5,1.2214021012340969E-4,1.2043636032127794E-4,1.2475815056608015E-4],[0.006803984338913501,1.618239715138341E-4,1.3653470212825097E-4,5.355158597265308E-4,1.526899490730762E-4,1.8297286716136514E-4,0.02149077669955561,0.016253876094411816,1.6605705061887747E-4,2.1496056353229395E-4,0.0036079633378768923,0.0055185959662266615,0.0031355405703994816,1.9176163615609087E-4,0.001162495055957557,8.556455425393218E-4,0.015319578224560742,0.0013050750324449885,1.7169457503579292E-4,1.626179840031617E-4,1.0,0.0012151206341564622,0.006519677624260223,0.0010569657862197256,9.189972529878376E-4,9.095163230577137E-4,1.7824040266225163E-4,3.931712992276007E-4,1.5389089385511198E-4,1.731127931432803E-4,0.0013564205451988488,9.109696603920714E-4,9.229080133423829E-4,1.9171229607526752E-4,1.132257476486994E-5,1.7721875031047872E-4,0.002631448797761613,1.507765339959408E-4,2.504664929135436E-4,3.3123667659008674E-4,6.078192074482291E-4,1.7489461182763357E-4,0.009641072007084688,2.3855880437198342E-4,0.0010750773118250762,1.470295811489428E-4,1.9027153167453204E-5,4.2934156944926835E-5,1.8657053001760104E-4,1.867630423659959E-4,0.006108537000408899,1.6701376939655906E-4,1.5171993928330825E-4,8.724657755550465E-4,1.1165773675660999E-4,1.5587947955795006E-4,1.269106523938068E-4,2.037375200506173E-4],[0.01094635533137987,7.557667284907459E-4,8.800947936977373E-4,0.0012470175083020697,0.0016527260362164309,0.0015435418369105097,0.005540292747027418,0.016900573847201564,0.001272031627152838,0.0012566385517028562,0.004698967767943409,0.003120368727220456,0.003642823245488598,4.412528487713491E-4,0.0017609533643352681,0.0029065598138073917,0.011215694949225625,0.0018309355996746768,9.012328856465416E-4,7.6067435971407E-4,0.0012151206341564622,1.0,0.0029766169173770065,0.001695627045581705,0.0015708116303471266,0.0013616582448515969,0.0016618473204685687,0.00283010492673462,1.4935715527967678E-4,0.0013107222717728213,0.0015172079735265062,0.0017300685710138581,0.0014534819066095261,0.0012600379963983396,3.654932283949923E-4,0.001269001324599592,0.004961715518646265,4.976600420503258E-4,0.0011475897462914423,0.0016681261756891737,0.0012177646073053107,0.0015135533686003648,0.01084897116984555,0.0011009731599395602,0.0014154469669285102,5.277650727681836E-4,0.0014973681468641981,3.0675399640145965E-4,6.926326648431134E-4,2.711992278811125E-4,0.003591943909225746,7.17258733016663E-4,0.0015929320298958187,0.0016269466013112245,0.001315892409366327,2.162907818502524E-4,0.0013135670344549297,6.840682342988374E-4],[0.012358102780626662,0.00536197323139283,0.007952546746299766,0.00861864833393969,0.009298417904091714,0.004697206063300225,0.021367061474524857,0.024390941922416122,0.008248337829851203,0.008635209962806315,0.009369654402229036,0.011473614710317622,0.00933793539118425,0.006439740335659095,0.010120701066488352,0.007949782937712018,0.011562280244949116,0.007710520845673219,5.182503358533992E-4,8.557075824011711E-4,0.006519677624260223,0.0029766169173770065,1.0,0.008430301263102267,0.0056545427997845045,0.0069994150699498325,0.0081182227882216,0.004730634332571891,0.0016010283073473104,0.0015292164326523084,0.009651785863571795,0.0021970939562910487,0.010109677267352596,0.00951593358222538,0.007086473284001602,6.238424786262301E-4,0.010689301759888747,0.005635967614417624,0.005933048456131792,0.0013590829044398372,0.00783497026454141,0.00742389553766141,0.013382990511303101,0.006582270822167323,0.008382176870307925,0.008351382198618723,0.007454455491165224,0.006270180736107924,0.00917494745595877,0.006715216766761406,0.010112163219692527,0.008221388793504068,0.010001492270558854,0.004327703476680629,0.009506010219487335,0.007993953620478597,0.0029801212207336437,0.0032367023694567154],[0.00409473836341049,9.924697961156402E-4,2.2303845082736925E-4,0.00108992395517543,7.961229777157941E-4,3.6679269015036037E-4,0.02289151818937692,0.0013857305712034883,2.183572861969789E-4,0.0011605311054266837,0.007169843006138361,0.0026889941913254846,0.002297332271302333,7.660919025837049E-4,0.0012240569226499166,0.0028279927388431686,0.01184142884037942,0.001999249306695098,9.88358712154434E-4,1.3238570140000118E-4,0.0010569657862197256,0.001695627045581705,0.008430301263102267,1.0,0.0011817673697679279,0.001224957645981892,2.3980534887484706E-4,0.0024902005753137456,4.995090504150376E-4,5.188653317156791E-4,0.0013625024969904777,9.867169358702917E-4,0.0011193509072264683,9.381689902589373E-4,6.348199122098722E-4,9.43226815993094E-4,0.001271172635446678,9.178939044386671E-4,7.914600671512479E-4,8.212093561612271E-4,8.756561998941783E-4,0.00115197912746376,0.013077716094268794,8.932752639239468E-4,0.0012459035624066252,0.0010265194624265582,1.5093108678265082E-4,7.258129703732408E-4,4.706834955105875E-4,0.0010014716703990259,0.01010010703018898,7.404591562739647E-4,1.3204641031153917E-5,0.0012913982123253574,8.297745210454184E-4,0.0010787715175697551,3.8707732804644155E-5,8.425970899741603E-4],[0.0017368355133613113,1.7458400923866908E-4,0.0011704342932272183,0.0011252852195493498,0.0011489414374497272,0.0010341073285777109,0.01887154630353343,0.00918769356969427,9.893008351952838E-4,5.918373276978609E-4,0.005399970654659222,0.010372278378258123,0.0019023900928981951,6.582602141378524E-4,0.0014945909501724065,0.0019914265643722283,0.01901294576603719,0.0013036489066021745,4.477487151226158E-4,5.701777605536823E-4,9.189972529878376E-4,0.0015708116303471266,0.0056545427997845045,0.0011817673697679279,1.0,0.0012313027764808112,0.0010792562467468393,0.002781337394542456,6.067397080650019E-4,3.2352913358234747E-4,0.001292598545846692,0.001081789235019251,0.0010855693150087023,9.142771552232378E-4,9.462725945295464E-4,4.75158200801076E-4,0.008517528206089869,0.001049829396408463,0.0010806847234706995,6.437617165138522E-4,0.0010161046702311253,0.0010910551000740233,0.012218898313566175,0.0010121667054169702,0.00124402018105968,8.811877246971107E-4,3.077887216502996E-5,3.263751229251607E-4,9.544198896951938E-4,5.339449432812973E-4,0.004305641261856216,4.6423134356508654E-4,9.933322297087884E-4,0.0012123492444587212,0.0010760791736363295,7.994016408553728E-4,6.183159987576385E-4,6.581468120225639E-4],[0.009492979690543319,0.0011175562509629284,9.87517309582525E-4,0.0011504290069418632,5.811741609890151E-4,3.9635720201811595E-4,0.017623209585414232,0.01147791048118223,7.557739855644235E-4,7.717853076331799E-4,0.007411297121350307,0.0038645108234247215,0.002053184694627472,6.972899243965918E-4,0.001391818139013993,0.0023901972154555294,0.009630655127668463,0.0017555265210277764,6.509227554101406E-4,2.3586064817807028E-4,9.095163230577137E-4,0.0013616582448515969,0.0069994150699498325,0.001224957645981892,0.0012313027764808112,1.0,7.856979037827261E-4,0.001795806307586191,5.441078980302E-4,7.153853099758291E-4,0.0013272757130282035,9.645307551992641E-4,0.0011265661080914814,5.112096933795656E-4,0.001162218874236501,2.7654087040147754E-4,0.0032033862080565675,5.311121898989886E-4,0.0011742956766260288,9.808671130345139E-4,8.809324186557537E-4,0.0011876726743506702,0.011563497486096523,8.605192166774322E-4,0.001314641855740655,5.442431761463545E-4,2.9663861384450106E-4,2.674429905067117E-4,8.305077034128465E-4,0.0011948130061505814,0.009330557423954495,2.939625857846542E-4,7.913336532258769E-4,0.0013454485626471567,0.001208192460340641,2.9490490069087737E-4,3.5060457640192336E-5,8.480959021902059E-4],[4.220331198351654E-4,1.5991534864257654E-4,1.6641624573794688E-4,4.389314065234689E-4,1.5004990681340084E-4,2.0628475624582247E-4,0.016760013257159066,0.03869071396095495,1.450024310421971E-4,1.901002775271023E-4,0.003997628231564481,9.08896767131069E-4,0.0010748342611443902,2.1850487159752861E-4,3.247426618492724E-4,0.0026132412907324473,0.011517466221246983,6.541792589763644E-4,1.6896322219445468E-4,1.2400611146518793E-4,1.7824040266225163E-4,0.0016618473204685687,0.0081182227882216,2.3980534887484706E-4,0.0010792562467468393,7.856979037827261E-4,1.0,0.0011242282072847117,1.4546786467145242E-4,1.5389088203120435E-4,4.020013919960346E-4,9.189188241683653E-4,6.388548351653445E-4,1.864598133841332E-4,4.9883579553395255E-5,1.4253466350781018E-4,0.0015187828900884953,1.3742028232014257E-4,1.938665808067771E-4,3.979100836292529E-4,8.01640610814461E-4,1.362933273912112E-4,0.009881332572555567,2.735590699158301E-4,9.243418877923875E-4,1.41933009134052E-4,1.8296593927674709E-4,6.540491987576939E-5,1.9219309911834234E-4,1.9746115659434577E-4,0.0041626634723333274,1.690998885637078E-4,3.206694484775595E-5,0.0011319362233700616,1.1176704861103833E-4,1.4360469078287334E-4,1.3515163472270852E-4,2.161911526556073E-4],[0.006933960737343755,0.0029013474052743985,0.0024327350341979835,0.0016367926457442452,0.002448251825512254,0.002210761918911581,0.004879609578729042,0.031011966535162673,0.0030970150589931062,0.002647565520192097,0.005524793094659721,0.009848814747994932,0.0037017311776103095,0.0016086830719705628,0.0018686567764373526,0.0030141763162722683,0.007997223496816435,0.0022817298420685075,9.69387075612244E-4,0.002978080842146995,3.931712992276007E-4,0.00283010492673462,0.004730634332571891,0.0024902005753137456,0.002781337394542456,0.001795806307586191,0.0011242282072847117,1.0,0.002887437541066459,0.0012637515333683454,0.0027404216713381602,0.0032567507822366675,0.0035551421357012435,0.0014917205431503027,3.5990336277208826E-4,6.682873999233943E-4,0.009642252504117129,0.0027519497670207556,9.435984394870854E-4,0.0013289043532716915,0.0031822250838887197,4.3254531970354337E-4,0.0049217863590392255,0.003495975497412278,0.0028020623817706976,0.003330173731122551,0.003613991228150698,0.00203192656577973,0.002024853567420595,5.975994428794953E-4,0.004449517329755778,0.0020722115554318806,0.0028601984246395774,0.0022592969511544495,0.0017955288184751993,0.0033571488243277874,0.0036077663591912415,0.0019791174974603796],[0.009187601349764138,4.872754128769466E-5,1.2045585755533813E-4,2.7197362014586387E-4,1.308688995889677E-4,1.9785532161373066E-4,0.01638619050140546,0.03989072087620269,1.2898775132099517E-4,1.8683916453375734E-4,0.001180391920797385,0.002941452208288207,0.001986237915009828,2.287769285409353E-4,3.978470929176907E-4,0.0014355789688797432,0.006248527079361857,0.00138617098578654,1.260322534376251E-4,1.2617899302881793E-4,1.5389089385511198E-4,1.4935715527967678E-4,0.0016010283073473104,4.995090504150376E-4,6.067397080650019E-4,5.441078980302E-4,1.4546786467145242E-4,0.002887437541066459,1.0,1.4194157924159875E-4,3.987803954692917E-4,7.351048953199485E-4,4.066649395052911E-4,1.6924390188263709E-4,8.819939939018775E-5,1.21471626044798E-4,0.009027931131492126,1.2396501918707906E-4,2.845578243530503E-4,1.3677230024553873E-4,3.499906624786036E-4,1.325082542581335E-4,0.007863708496187435,1.3012663116860837E-4,6.908518436156622E-4,1.2478341898130435E-4,1.1602344575397996E-4,4.010859219346029E-5,1.7578903786661567E-4,1.3980452794299362E-4,0.009004110564405018,1.413000534496208E-4,4.958794985143152E-5,7.877949183448809E-4,8.317568558613497E-5,1.2622705897210823E-4,3.360072972651741E-5,1.6011317594561022E-4],[0.005227220963937851,1.0514451875853367E-4,1.2073540885491989E-4,1.6665852200449017E-4,1.455403101346905E-4,1.992175316573518E-4,0.001964491500858815,0.03851975034991241,1.3782162436976015E-4,2.1375613587748695E-4,0.0065188559315667435,0.011374623164797232,0.002483074587575483,1.732856498499282E-4,7.744351394235929E-4,0.0010140177083550828,0.0019436876981675283,7.147195757473286E-4,1.2899288139501912E-4,1.3084624322069158E-4,1.731127931432803E-4,0.0013107222717728213,0.0015292164326523084,5.188653317156791E-4,3.2352913358234747E-4,7.153853099758291E-4,1.5389088203120435E-4,0.0012637515333683454,1.4194157924159875E-4,1.0,8.730544066682119E-4,8.416833936287511E-4,8.569869262895648E-4,1.707702336048523E-4,2.1171487382136824E-5,1.411842077439602E-4,0.006069708875573441,1.249831931724165E-4,2.694650529693676E-4,3.1723799548180403E-4,6.440778990036378E-4,1.3633849696267596E-4,0.005645868803164361,1.9519067843971392E-4,1.9387629571627514E-4,1.393056163608621E-4,1.2622585335906285E-4,8.06319080419467E-5,1.8092083272371544E-4,1.8934637058125406E-4,0.005904333061727119,1.4393715606298313E-4,1.0508568897388283E-4,8.552889700549559E-4,5.812374255544549E-5,1.3077538547070486E-4,3.578805329165639E-5,1.5282286280750821E-4],[0.007884386904948339,4.0211620567304093E-4,1.8228450887231785E-4,0.0011646003191079666,8.202939028069207E-4,6.916985551153459E-4,0.015453306239543798,0.03815522523645554,6.741893321556612E-4,9.684736303459189E-4,0.002900744786463952,0.010567603875366373,0.0017170045217332827,3.63365215607949E-4,0.00153827535785054,0.002410317012253378,0.007816343805297563,0.002008986106062932,1.346601006130638E-4,5.343129020972167E-4,0.0013564205451988488,0.0015172079735265062,0.009651785863571795,0.0013625024969904777,0.001292598545846692,0.0013272757130282035,4.020013919960346E-4,0.0027404216713381602,3.987803954692917E-4,8.730544066682119E-4,1.0,0.0012424234015804853,0.0013081775118853715,9.399629900179166E-4,2.9164848034489367E-4,6.821180930543803E-4,0.009849307625399673,4.0557337429299075E-4,8.322965538513625E-4,7.922644826388952E-4,8.724650976089458E-4,9.155475389538853E-4,0.009438395697961654,3.373038212067483E-4,0.0013470093751783833,4.21242500066267E-4,4.969244964183964E-4,3.270658263542536E-4,0.0010037851837958107,0.0011971092243571358,0.006431674859120938,6.873585255153192E-4,4.714378206327848E-4,0.0013879068418627156,0.0012037868005607393,0.00116435323014913,9.699775103072952E-4,0.0010920682901216874],[0.005085559045849431,9.186920467508816E-4,1.2254758792995077E-4,0.001043437676329071,5.681762738377039E-4,3.800260965989594E-4,0.024648691752988124,0.02670486719840405,3.4425251743086597E-4,6.741583527620738E-4,0.002752205695610243,0.006373548717048091,0.003700511952317337,8.610980160381859E-4,0.0014968711251326233,0.0022332709236085727,0.012987575020672548,0.0012937060086320017,5.050749570729417E-4,2.9693600063164006E-4,9.109696603920714E-4,0.0017300685710138581,0.0021970939562910487,9.867169358702917E-4,0.001081789235019251,9.645307551992641E-4,9.189188241683653E-4,0.0032567507822366675,7.351048953199485E-4,8.416833936287511E-4,0.0012424234015804853,1.0,0.0010375315319296294,9.451771496423033E-4,8.206061598877839E-4,4.1665235490737757E-4,0.008323053593210695,8.54328276563326E-4,3.07908562580408E-4,8.561332050165918E-4,8.626861653030369E-4,3.217090562309082E-4,0.0023927799931986707,4.6653134083662147E-4,0.0012624536664127086,8.502678995041718E-4,9.127062016372388E-4,1.2538522874714101E-4,8.863648013692571E-4,6.138786713358857E-4,0.0030000580232072537,9.058173763498337E-4,2.488589886163005E-4,0.0013183499459431258,6.255664591094282E-4,5.559611105233943E-4,7.060479585293756E-4,4.577181271186144E-4],[0.010898236211153295,4.303131775809503E-4,2.7525772493224444E-4,0.0010815875622140676,6.701846412496252E-4,7.085018974234454E-4,0.012956037328342714,0.024218834890936496,5.097777692222353E-4,9.389252075959392E-4,0.001971244741459749,0.006408836180083219,0.003016163652453054,4.921626080387718E-4,0.0013567197164576121,0.001192984393407468,0.020188441177364444,0.0013037571406413894,7.910862963908137E-4,4.6551628238178865E-4,9.229080133423829E-4,0.0014534819066095261,0.010109677267352596,0.0011193509072264683,0.0010855693150087023,0.0011265661080914814,6.388548351653445E-4,0.0035551421357012435,4.066649395052911E-4,8.569869262895648E-4,0.0013081775118853715,0.0010375315319296294,1.0,7.066730111422282E-4,8.587569454525113E-5,7.640154978848984E-4,0.005118357708370738,2.67567067176597E-4,4.187260519443248E-4,4.422759536054166E-4,8.728750214074581E-4,3.459059952768885E-4,0.006034037958076084,5.230307052002429E-4,0.0012324176089287854,1.3981395463801862E-4,6.595887329629079E-4,1.981598396576644E-4,3.8803622699