[[1.0,5.569678043700592E-5,1.4950749674380907E-4,5.785523575603108E-4,1.5277978706922393E-5,1.4317375430440812E-5,1.9596307962157552E-5,1.1612849756418398E-5,6.69442945531015E-4,2.7466854371980245E-5,1.2333319278245715E-5,1.4834829762859716E-5,0.001329789634140461,0.001572432573364306,1.3707250828184968E-5,8.956051825436008E-5,1.2887683732768701E-5,1.5769890261639765E-5,1.3172341013097001E-5,6.189399587579649E-5,1.1697314869086447E-5,0.011028781452388194,7.85413405210654E-4,0.006428681098189592,0.0016367177019082034,1.1906867902576715E-4,8.735560583353563E-5,8.779155211517559E-5,4.3841677069981935E-4,1.3177503321344736E-4,0.002368177717583288,0.001130951875370147,1.962555794183431E-5,1.2944695503971059E-5,7.951068526332934E-4,0.0012174999900563133,1.0959630786865632E-4,3.6819324822427366E-5,8.2779298821765E-5,0.004078816913713842,1.0429327950893161E-4,6.473966763910637E-4,1.0977220558148839E-4,2.0645150684307144E-5,2.0038237964629675E-4,0.012497527178869268,6.456032282151747E-5],[5.569678043700592E-5,1.0,2.9848995043800703E-4,9.961955969644697E-4,2.7697069882878604E-4,7.316360889387157E-5,3.088978273276884E-5,2.0584277911061405E-4,0.0010577997238897137,3.2485528836740426E-4,3.602229918620884E-4,6.304452688515659E-5,0.002176959937021496,0.0023242173368231093,3.1200127683636087E-4,4.3219842647355955E-4,2.2327647419733382E-5,1.5991783010020988E-4,3.3805361886867245E-4,2.905453884695722E-4,2.8078195920856194E-4,0.012878143846002497,0.002125067185501685,0.01166286025298602,0.001007754677612261,3.6864583994174546E-4,2.7191616299379595E-4,2.6506766603806467E-4,0.0022645196027042303,4.0299095273337395E-4,8.288664057215094E-4,0.006182116495356947,3.656870997571352E-4,2.390740456486958E-4,6.463300753606581E-4,7.780451137187301E-4,3.6405722266318665E-4,3.1674588464585603E-4,9.593800255036213E-4,0.005147816706884559,4.3754430685906143E-4,0.0013593775145430962,2.2718162826445518E-4,2.0900139398959561E-4,4.662370268886611E-4,0.006800444582602068,2.5278353747780805E-4],[1.4950749674380907E-4,2.9848995043800703E-4,1.0,2.3521815368365004E-4,9.711075848396759E-5,1.0313762765749428E-4,4.108712088440939E-5,8.594098189617528E-5,4.623252835302341E-4,1.2342341814115256E-4,2.5681808274221347E-5,8.26424944114383E-5,0.002898138443476045,8.051075856405709E-4,7.685075271858196E-5,1.5656566058217566E-4,8.19585589990417E-5,1.356315631608244E-4,5.827810979732469E-5,1.604938723353896E-4,3.646045622653236E-5,0.015883980944496376,9.441810822829282E-4,0.0019660496114527063,7.23308542863752E-4,1.5462265870433761E-4,1.301630163721737E-4,1.703169322915668E-4,9.150151632758815E-4,1.5044814251698085E-4,7.560364156605724E-4,0.004505946176315418,1.3042329565250276E-4,6.778870451589226E-5,0.0010699334699840718,8.146317135339018E-4,2.652557200364314E-4,1.2518928972483226E-4,9.173307315807549E-4,0.00630949232934503,3.387823184747452E-4,7.227423664839958E-4,1.4797159617119666E-4,5.843956751671578E-5,1.561265305267026E-4,0.004493830734013378,1.224735006501168E-4],[5.785523575603108E-4,9.961955969644697E-4,2.3521815368365004E-4,1.0,1.3805067918985553E-4,0.0011597741431200739,6.453969686790811E-4,8.795914148530606E-4,0.0012785032083840258,7.141753021428473E-4,9.629224639199357E-4,0.0010433432510781834,0.0017162693983674882,0.002035169321040438,3.9775319993441525E-4,0.0010350188976195596,5.523817318728237E-4,3.5050501866110844E-4,0.0012358819305989565,6.556155564790009E-4,3.457809092968615E-4,0.018642697919258575,0.0020782215496927513,0.009371021814272322,0.0015219920653451173,6.310601658170846E-4,0.001163657464540076,0.001169233894680837,0.0019312292245415566,9.790038589589328E-4,0.001450959556214169,0.005714215725224167,0.0011326538959330462,7.430909583058357E-4,0.0012474515286590646,0.0013951507391787943,0.001035985048338757,0.001049609175221382,0.001097247470195833,0.00269535390641696,0.0012722857428917294,0.0013940529150420539,7.189858969295134E-4,8.874762373606773E-4,7.227440924014761E-4,0.01864116143252436,5.72192366542386E-4],[1.5277978706922393E-5,2.7697069882878604E-4,9.711075848396759E-5,1.3805067918985553E-4,1.0,1.6084158709665145E-5,1.859419866378542E-5,1.8187716131658403E-5,1.447947134409773E-4,1.110078590231274E-4,1.782447099851404E-5,1.748434906821382E-5,0.002592360617713839,0.0016352325340805165,1.6985710291137E-5,5.023271646526499E-5,1.8112961563632776E-5,1.7756412194308268E-5,1.75316666616247E-5,3.325785723896913E-5,1.5026014227704311E-5,0.013725804670675005,9.092466935543488E-4,0.009734105393221806,0.0011168675951050548,1.3459215139212402E-4,3.305178424658985E-5,6.700386788680409E-5,3.7497615140695366E-4,3.6069064021261894E-5,0.00141285698755083,0.004708183726666482,3.815383464495084E-5,1.636097965606219E-5,8.189913117122275E-4,0.0026832298563322235,1.4076661437344227E-4,2.181079297770027E-5,1.0074040946044083E-4,0.0040344843316522045,3.1298562554396493E-4,4.5007201243935546E-4,2.8166880522464553E-5,2.2462715488185693E-5,1.968702644030382E-4,0.009109050782166643,6.739060641117452E-5],[1.4317375430440812E-5,7.316360889387157E-5,1.0313762765749428E-4,0.0011597741431200739,1.6084158709665145E-5,1.0,1.8441044918668494E-5,1.0937263565423339E-5,0.0011402325667731928,4.2136491480081016E-5,1.294975308085942E-5,1.58430639329461E-5,0.002235111992629109,3.432871735282081E-4,1.5276630579499672E-5,4.252284450404051E-5,1.4557555234996321E-5,1.672457473729347E-5,1.581539454376765E-5,1.341319986448747E-4,1.2029211963568699E-5,0.0017953392967823673,0.0018795341619753931,0.002804655863237694,0.0010019568913629058,2.6112831487530877E-5,5.084913241610343E-5,1.4790283952990135E-4,0.001150837592182436,6.67941174124847E-5,0.0025796364621569422,0.0016857572901372703,6.979411472569652E-5,1.5158525008069944E-5,3.4841463927710094E-4,0.0010612778095456087,1.6647071079113957E-4,5.074743271356735E-5,8.358692675487047E-4,0.002733280401762686,9.618590273419939E-5,7.616236319190641E-4,1.272581189221702E-4,2.6105851336376373E-5,2.3873858201142539E-4,0.012688738522372537,2.7941000841538335E-5],[1.9596307962157552E-5,3.088978273276884E-5,4.108712088440939E-5,6.453969686790811E-4,1.859419866378542E-5,1.8441044918668494E-5,1.0,1.573459317613358E-5,4.6693595930900054E-4,4.7542042893832034E-5,1.069528216913186E-5,1.730956257997875E-5,0.0011807811349769616,0.0018772182828374682,1.9755586359004635E-5,1.4883048366186368E-4,1.6023103499796274E-5,1.9593794676748502E-5,1.9230320613744514E-5,1.789013838624578E-4,1.3645366882360535E-5,0.00391369169745757,1.0665930136889612E-4,0.008195883921108262,6.830636612203797E-4,7.455523000518254E-5,3.368420358999408E-5,1.4991351721459808E-4,0.001086087045953844,1.2412526743435715E-4,9.959741689796408E-4,0.0018471804026374348,2.1693150225516682E-5,1.9748387324479518E-5,0.0010761439738751028,0.001418790218235375,1.209602426330756E-4,1.1044777183193759E-4,6.432779715353261E-4,0.0030679578220868513,1.6021304580731332E-4,3.0888851586864414E-5,4.693150288574928E-5,2.9266095200508423E-5,1.7213972434559433E-4,4.148787165457419E-4,4.2401910269213266E-5],[1.1612849756418398E-5,2.0584277911061405E-4,8.594098189617528E-5,8.795914148530606E-4,1.8187716131658403E-5,1.0937263565423339E-5,1.573459317613358E-5,1.0,2.8475190499351743E-4,5.921891768673601E-5,1.0403081652604371E-5,1.0784214105655328E-5,0.0011405327343414384,0.0014314612273193111,1.3046368623490778E-5,4.496150870404266E-5,1.0874568553878134E-5,1.1155228649058396E-5,1.0391166338868909E-5,1.1593802065696128E-4,1.0161561675341525E-5,0.006428597663549207,4.7679895450741734E-4,0.002424520885047291,0.0013164958822769702,1.2930003035206794E-4,8.739962349512897E-5,1.668834980864205E-4,0.0017438454377065348,9.53288512797556E-5,0.0010114991110521153,0.005881998363805686,3.6033505754651346E-5,1.1811847431803135E-5,5.167174251121312E-4,3.596838900720018E-4,1.0500273022420093E-4,6.282364741277015E-5,6.620703760575133E-4,0.004238223474156624,2.226465204399893E-4,0.001072331783489584,1.0155105465946045E-4,1.6714313713755185E-5,1.3920849081508974E-5,0.013708347898769279,3.701457120469676E-5],[6.69442945531015E-4,0.0010577997238897137,4.623252835302341E-4,0.0012785032083840258,1.447947134409773E-4,0.0011402325667731928,4.6693595930900054E-4,2.8475190499351743E-4,1.0,3.6949454048554125E-4,0.001273927338245419,7.324495246252183E-4,0.0016748562192149717,0.00211350618103437,0.0011422701084795683,6.801437757482506E-4,1.322798726518021E-4,6.53333556810744E-4,7.738057499533529E-4,8.200248694556164E-4,0.0011917115105469815,0.007609952348165886,0.0015690212208473557,0.009726155051585157,0.0013792790530770516,0.001065996637660604,1.33276060591396E-4,6.648398760142761E-4,0.0018456075596290748,6.721443972931482E-4,0.0012898645076109545,0.0024052466298861643,5.032263208778603E-4,1.8750684999212773E-4,0.001271176657264672,0.001448608855227366,0.0011534301134196404,2.5006514516920137E-4,0.001141607682265071,0.0056368358735034065,9.397867479743244E-4,0.0013187402246353475,3.8592037346007395E-4,2.994222850422952E-4,8.396765411393059E-4,0.020156937879718468,8.81367408924149E-4],[2.7466854371980245E-5,3.2485528836740426E-4,1.2342341814115256E-4,7.141753021428473E-4,1.110078590231274E-4,4.2136491480081016E-5,4.7542042893832034E-5,5.921891768673601E-5,3.6949454048554125E-4,1.0,9.171960617695215E-5,8.40321336627897E-5,0.001850779333826054,0.0016742115823152187,6.616626708034358E-5,1.2392910252894475E-4,9.922669986378879E-5,3.952871915216858E-5,9.5045334737633E-5,1.6329029747647817E-4,1.806597544339866E-5,0.010545924104610648,0.001712999098603861,0.012190058711901434,4.6934781900442564E-4,1.4669173164947577E-4,1.1649033353505602E-4,1.4012753208728188E-4,0.0011594025778031685,1.2299412552634712E-4,0.0019786136196918223,0.0013638880791909734,8.059098551247839E-5,3.5659507832403766E-5,8.591959889627548E-4,0.002708900372824973,3.056241561577767E-4,1.160399453159811E-4,0.0010219877820865054,2.656456842094262E-4,1.86554036807269E-4,0.00137352415422276,1.1954179310571377E-4,1.1482659514465448E-4,3.64375177851991E-4,0.009362276345551132,8.156732253649888E-5],[1.2333319278245715E-5,3.602229918620884E-4,2.5681808274221347E-5,9.629224639199357E-4,1.782447099851404E-5,1.294975308085942E-5,1.069528216913186E-5,1.0403081652604371E-5,0.001273927338245419,9.171960617695215E-5,1.0,1.4789725531795453E-5,0.0022006547596364603,4.729968207408461E-4,1.3038093785527185E-5,9.608325933586507E-5,1.076997468507675E-5,1.533355082124938E-5,1.4614860665935213E-5,5.3878435765347026E-5,1.0149326167464006E-5,0.013306432286557382,5.673631400893127E-4,0.002207663927507621,0.0016295644008850962,4.788356995312265E-5,9.952001267838358E-5,1.2108485581276757E-4,2.0237984914301478E-4,5.152588883173885E-5,0.0011562853725110116,0.003142949755007208,7.367366536327116E-5,1.0943310909101417E-5,0.0011619310114669044,0.002050046846460733,2.3658446809849662E-4,4.3897107189443956E-5,0.0010297830082692495,0.002794140820575916,2.9506615547709417E-4,2.0890174523450583E-4,7.650410957618527E-5,2.0432232148968638E-5,9.617824568967752E-5,0.012793000254831462,2.1223896583807777E-5],[1.4834829762859716E-5,6.304452688515659E-5,8.26424944114383E-5,0.0010433432510781834,1.748434906821382E-5,1.58430639329461E-5,1.730956257997875E-5,1.0784214105655328E-5,7.324495246252183E-4,8.40321336627897E-5,1.4789725531795453E-5,1.0,5.631342344126143E-4,0.0018837719828457785,1.4339524917619694E-5,2.8962186796011918E-5,1.3811181830544667E-5,1.522922780172968E-5,1.5333134120447242E-5,1.738414290764097E-4,1.379547122823538E-5,0.01280321700629861,4.2489232805153224E-4,0.0151030450069785,9.071514132142027E-4,7.424963357963868E-5,8.19189129371065E-5,1.3136384220601335E-4,0.001597184745527508,6.268329790716149E-5,0.002581906857827647,0.006812914493740743,4.27168179808818E-5,1.5032355312618655E-5,1.9952495012432052E-4,7.106574771618069E-4,2.0966394224053211E-4,2.288396234965573E-5,7.944284873122988E-4,0.001993838667013791,3.378856651858103E-4,7.891757239482433E-4,1.3687075676786095E-4,1.645554674977405E-5,6.305839987366127E-5,0.0027980519786449825,3.2759871637034064E-5],[0.001329789634140461,0.002176959937021496,0.002898138443476045,0.0017162693983674882,0.002592360617713839,0.002235111992629109,0.0011807811349769616,0.0011405327343414384,0.0016748562192149717,0.001850779333826054,0.0022006547596364603,5.631342344126143E-4,1.0,0.003208408875733256,0.0016134878685316856,0.002411849332933707,0.001509084816732461,0.0030111140265109016,5.885786214338086E-4,0.0023679562034868654,0.0027479070457050725,0.008882852855576169,0.0030951302067077154,0.012358142905365238,0.0022158857742653774,0.0033570333854167755,8.570426855373342E-4,0.0023256851046444377,0.0031549098905014044,0.0016799216111086615,0.0030961427793328783,0.006732385861930721,0.0024883883204138355,0.0022822365372232277,0.0018979295371040633,0.0030136406070067237,0.0017676449761539611,0.0015635201105993176,0.0018287055791199496,0.005655737209950733,0.002185775182852263,0.0027239121566641116,0.0013238453107223425,0.0012114015724593685,0.0019336003785055966,0.0090684659767966,0.0021297369080747466],[0.001572432573364306,0.0023242173368231093,8.051075856405709E-4,0.002035169321040438,0.0016352325340805165,3.432871735282081E-4,0.0018772182828374682,0.0014314612273193111,0.00211350618103437,0.0016742115823152187,4.729968207408461E-4,0.0018837719828457785,0.003208408875733256,1.0,3.068734812381973E-4,0.0020027174579620535,7.778098053643461E-4,0.0016925777664989377,0.0018605441621835465,5.417618218780404E-4,0.002264648277125701,0.018825671299330465,0.0025100856920238974,0.011373472400692206,0.002251551591014705,0.0012678342097592467,0.002102236214654536,0.0024232100260490634,0.0023799655675278445,4.600764406549934E-4,0.0026658567702373946,0.006911659824081588,0.0022522505053845076,0.0016645436842696061,0.0018798091905018865,0.002530971152814522,0.0010304048344654542,0.0020324058354297195,0.0014273243611753281,0.0029855450902716513,0.001964241521161987,0.0019052407250384758,1.784282699871074E-4,0.001819174210256181,0.0012457180480194847,0.005753822328523645,0.0017698614321803314],[1.3707250828184968E-5,3.1200127683636087E-4,7.685075271858196E-5,3.9775319993441525E-4,1.6985710291137E-5,1.5276630579499672E-5,1.9755586359004635E-5,1.3046368623490778E-5,0.0011422701084795683,6.616626708034358E-5,1.3038093785527185E-5,1.4339524917619694E-5,0.0016134878685316856,3.068734812381973E-4,1.0,9.154110756958487E-5,1.383489217967233E-5,1.5044329173593821E-5,1.4264783191641051E-5,7.726584745062058E-5,1.3806941757070967E-5,0.011124805475840258,0.001467112845388344,0.007546888121821941,4.314214744161771E-5,5.5661250212003516E-5,8.094220234506872E-5,6.393797954599746E-5,6.815513290771114E-4,3.7770146720246716E-5,0.0020620946055108095,0.0017372789368493352,4.081848796179621E-5,1.4920024221577864E-5,6.643031977797796E-4,0.0025112000187439,1.8584861778227945E-4,1.1262062489809033E-4,8.960807535881109E-4,0.0020312483384942108,3.38500798299379E-4,1.8818858819105247E-4,8.241158754885445E-5,2.270168231601347E-5,2.7882493371395294E-4,0.016836319314112818,1.4932082813232997E-5],[8.956051825436008E-5,4.3219842647355955E-4,1.5656566058217566E-4,0.0010350188976195596,5.023271646526499E-5,4.252284450404051E-5,1.4883048366186368E-4,4.496150870404266E-5,6.801437757482506E-4,1.2392910252894475E-4,9.608325933586507E-5,2.8962186796011918E-5,0.002411849332933707,0.0020027174579620535,9.154110756958487E-5,1.0,1.262670907023727E-4,1.47849841262971E-4,1.699179456396178E-5,1.6848120800323942E-4,7.520952834515917E-5,0.0037786914673232264,0.002472673171455225,0.0027770875984754933,0.0012003105913393768,1.5782220837407145E-4,1.4790348675305687E-4,1.7535879023521981E-4,0.0016768965371301361,1.6385060028084613E-4,0.0011432855410839905,0.00580743259094749,1.3058123472782523E-4,5.201659916520112E-5,6.791948420857179E-4,0.0015052917375413574,3.2525250528960356E-4,1.4407772100100466E-4,4.108580779061976E-4,7.516645339724444E-4,2.3619412308434253E-4,3.1831832942531173E-4,1.5091387685802014E-4,1.5161044598154276E-4,2.0326058932144885E-4,0.013847336928313931,7.094462116568354E-5],[1.2887683732768701E-5,2.2327647419733382E-5,8.19585589990417E-5,5.523817318728237E-4,1.8112961563632776E-5,1.4557555234996321E-5,1.6023103499796274E-5,1.0874568553878134E-5,1.322798726518021E-4,9.922669986378879E-5,1.076997468507675E-5,1.3811181830544667E-5,0.001509084816732461,7.778098053643461E-4,1.383489217967233E-5,1.262670907023727E-4,1.0,1.6694865253516554E-5,1.4165766435776997E-5,9.101996358413908E-5,1.136163957159023E-5,0.004035959027283917,0.002113101741005531,0.00377079652345132,1.5198503460050919E-5,1.7594172176300806E-5,1.0069870777491476E-4,1.1398829014128549E-4,9.467172612714377E-4,6.547189017754592E-5,9.230002496916982E-4,0.0024638605146199504,5.370635097248426E-5,1.4328118697227534E-5,0.0011355949935725924,8.127537067878325E-4,8.336970173090518E-5,9.229959722255855E-5,5.502968161215608E-4,0.0034503056295051566,7.05450654974944E-5,3.53475835206078E-4,7.022013537047141E-5,3.1613770116802066E-5,3.0310704559428437E-4,0.015801811491834305,4.102202601451014E-5],[1.5769890261639765E-5,1.5991783010020988E-4,1.356315631608244E-4,3.5050501866110844E-4,1.7756412194308268E-5,1.672457473729347E-5,1.9593794676748502E-5,1.1155228649058396E-5,6.53333556810744E-4,3.952871915216858E-5,1.533355082124938E-5,1.522922780172968E-5,0.0030111140265109016,0.0016925777664989377,1.5044329173593821E-5,1.47849841262971E-4,1.6694865253516554E-5,1.0,1.728372015776126E-5,1.7860424902136645E-4,1.1161795274981948E-5,0.013337135025479655,0.0018959558731850216,0.0013216267437307677,2.7334983237696053E-4,1.0351829044120193E-4,2.914212746086906E-5,7.68616929711168E-5,6.841651081893858E-4,1.1658998363614052E-4,0.002248227941275555,0.006546496501462495,6.555086521628242E-5,1.584748696498825E-5,3.81516703489231E-4,3.240926580825252E-4,2.3526433425472403E-4,1.0277689666961283E-4,7.061212595940463E-4,0.0029260559563006145,1.7817789275666738E-4,2.4270601066304432E-4,1.0843202852187576E-4,2.493291908654349E-5,3.5471883289140685E-4,0.0014043408035682948,6.690513282045559E-5],[1.3172341013097001E-5,3.3805361886867245E-4,5.827810979732469E-5,0.0012358819305989565,1.75316666616247E-5,1.581539454376765E-5,1.9230320613744514E-5,1.0391166338868909E-5,7.738057499533529E-4,9.5045334737633E-5,1.4614860665935213E-5,1.5333134120447242E-5,5.885786214338086E-4,0.0018605441621835465,1.4264783191641051E-5,1.699179456396178E-5,1.4165766435776997E-5,1.728372015776126E-5,1.0,2.9179500029992692E-5,1.1751875975239092E-5,0.006018916310821385,6.400011189387276E-4,0.013998683465034861,5.587728924953062E-4,1.2137930645241901E-4,9.921566024854487E-5,8.455984095073063E-5,0.0014485414370479827,1.3086040674105653E-4,0.002140317680223539,0.003826574105742409,4.4749340304339905E-5,1.5098468374356874E-5,5.463080865634912E-4,2.0362467991794843E-4,9.002981067674191E-5,4.004191728558524E-5,2.9393727521136343E-5,0.005699117480937934,1.8322475259278945E-4,5.973097655797642E-4,4.483715536550058E-5,1.685250588451114E-5,2.858361242322828E-4,0.01759823840464014,5.144630106446437E-5],[6.189399587579649E-5,2.905453884695722E-4,1.604938723353896E-4,6.556155564790009E-4,3.325785723896913E-5,1.341319986448747E-4,1.789013838624578E-4,1.1593802065696128E-4,8.200248694556164E-4,1.6329029747647817E-4,5.3878435765347026E-5,1.738414290764097E-4,0.0023679562034868654,5.417618218780404E-4,7.726584745062058E-5,1.6848120800323942E-4,9.101996358413908E-5,1.7860424902136645E-4,2.9179500029992692E-5,1.0,1.3065422207943426E-4,0.010781665208955758,0.0010326542209612897,0.002111573501621064,9.76594026930825E-4,1.700284047114987E-4,1.2694543381818428E-4,1.9150647276764334E-4,0.0011273044501739068,1.603517090407225E-4,0.0022075672675267,0.0033845205337641507,1.829001305268388E-4,1.0494507393083108E-4,9.395536580126865E-4,0.0016355400506413455,3.089317027415722E-4,1.6210195970544475E-4,6.49948150396449E-4,0.0011681828354455858,2.0901586802909403E-4,0.0013392745651319136,1.7990405623975704E-4,9.074796085308296E-5,2.718713896570613E-4,0.01721142646659161,8.102809628203935E-5],[1.1697314869086447E-5,2.8078195920856194E-4,3.646045622653236E-5,3.457809092968615E-4,1.5026014227704311E-5,1.2029211963568699E-5,1.3645366882360535E-5,1.0161561675341525E-5,0.0011917115105469815,1.806597544339866E-5,1.0149326167464006E-5,1.379547122823538E-5,0.0027479070457050725,0.002264648277125701,1.3806941757070967E-5,7.520952834515917E-5,1.136163957159023E-5,1.1161795274981948E-5,1.1751875975239092E-5,1.3065422207943426E-4,1.0,0.01438213725002579,6.275745629377579E-4,0.008718408406436418,0.0014133031134433496,3.469874962151924E-5,1.9532577551045246E-5,1.3544385798914697E-4,3.5137630233094125E-5,1.120191839230487E-4,9.748779929599645E-4,0.006961479257262529,1.0753977650658873E-5,1.1067284772550514E-5,5.6940416580830934E-5,0.0010884595297740766,2.5386652165593133E-5,1.0432659670768995E-4,7.771796258871079E-4,0.001320360289128723,2.779907439801255E-4,4.762049932732828E-4,4.374317293163112E-5,1.7729310248332734E-5,9.371095923751591E-5,0.0051242634234602855,5.639860832225165E-5],[0.011028781452388194,0.012878143846002497,0.015883980944496376,0.018642697919258575,0.013725804670675005,0.0017953392967823673,0.00391369169745757,0.006428597663549207,0.007609952348165886,0.010545924104610648,0.013306432286557382,0.01280321700629861,0.008882852855576169,0.018825671299330465,0.011124805475840258,0.0037786914673232264,0.004035959027283917,0.013337135025479655,0.006018916310821385,0.010781665208955758,0.01438213725002579,1.0,0.004101702348465259,0.018182684825681042,0.004217342604748795,0.01551549333181179,0.014501515956425055,0.01057455433835377,0.016468938717588522,0.005591101283506237,0.011298612999359088,0.013985889119306986,0.01750517479239262,0.009791076622561897,0.014618265468286616,0.01668539395058324,0.007767114154234788,0.011869759796960283,0.01008089159923476,0.010340916845722192,0.007736592317769507,0.00669943034659346,0.011869848146662235,0.014212786374783978,0.004440279258380979,0.02233218754828385,0.018990475795333032],[7.85413405210654E-4,0.002125067185501685,9.441810822829282E-4,0.0020782215496927513,9.092466935543488E-4,0.0018795341619753931,1.0665930136889612E-4,4.7679895450741734E-4,0.0015690212208473557,0.001712999098603861,5.673631400893127E-4,4.2489232805153224E-4,0.0030951302067077154,0.0025100856920238974,0.001467112845388344,0.002472673171455225,0.002113101741005531,0.0018959558731850216,6.400011189387276E-4,0.0010326542209612897,6.275745629377579E-4,0.004101702348465259,1.0,0.011182077438005027,0.0017323667661341955,9.070182395878103E-4,0.0023091216125588625,4.4889506449416537E-4,0.0024459108139269045,6.119596677254266E-4,0.002758479975375537,0.004325469378794514,0.001432840865632129,0.0019203077911672168,0.002508935578441461,0.0026992875351869224,0.0013756856867655047,3.192915543668665E-4,0.0013560331648159974,0.0060120849021450835,0.002363012457530476,0.0023507938737455446,0.002554671954094901,0.0010693789864487096,7.354459115324247E-4,0.016815864028204418,2.405753756582237E-4],[0.006428681098189592,0.01166286025298602,0.0019660496114527063,0.009371021814272322,0.009734105393221806,0.002804655863237694,0.008195883921108262,0.002424520885047291,0.009726155051585157,0.012190058711901434,0.002207663927507621,0.0151030450069785,0.012358142905365238,0.011373472400692206,0.007546888121821941,0.0027770875984754933,0.00377079652345132,0.0013216267437307677,0.013998683465034861,0.002111573501621064,0.008718408406436418,0.018182684825681042,0.011182077438005027,1.0,0.0021109846021408847,0.005436345619770883,0.0036700760690873673,9.329280985751239E-4,0.007231084268360856,0.013875435704189438,0.0035208661355569746,0.007181044974569258,0.007189029588138985,0.007926533423420652,0.013549084735055086,0.013915284866333403,0.012064405366645301,0.0038304978224312563,0.007186565461908712,0.01246103473211424,0.009636786281280282,0.0028151616428806836,0.002549469249577315,0.0033548390402830587,0.005805626780771763,0.019632006345209937,0.00725887370237864],[0.0016367177019082034,0.001007754677612261,7.23308542863752E-4,0.0015219920653451173,0.0011168675951050548,0.0010019568913629058,6.830636612203797E-4,0.0013164958822769702,0.0013792790530770516,4.6934781900442564E-4,0.0016295644008850962,9.071514132142027E-4,0.0022158857742653774,0.002251551591014705,4.314214744161771E-5,0.0012003105913393768,1.5198503460050919E-5,2.7334983237696053E-4,5.587728924953062E-4,9.76594026930825E-4,0.0014133031134433496,0.004217342604748795,0.0017323667661341955,0.0021109846021408847,1.0,4.6938873398957626E-4,0.0015491972518817585,0.0012824511557242425,0.0017592894104731976,0.001126978337636114,0.002749603342935565,0.0041975371956110554,0.0011600578901362088,7.695354759992227E-4,0.0013407283283633365,0.0023106296744513574,0.0015807590130512972,4.550668701845766E-4,0.0010860990681251786,0.004710012183193772,0.001425149039326226,0.0015265627701043342,5.061943583082968E-4,0.0011739556861412035,0.0012740887114003668,0.01202010868113796,0.0011351404350692222],[1.1906867902576715E-4,3.6864583994174546E-4,1.5462265870433761E-4,6.310601658170846E-4,1.3459215139212402E-4,2.6112831487530877E-5,7.455523000518254E-5,1.2930003035206794E-4,0.001065996637660604,1.4669173164947577E-4,4.788356995312265E-5,7.424963357963868E-5,0.0033570333854167755,0.0012678342097592467,5.5661250212003516E-5,1.5782220837407145E-4,1.7594172176300806E-5,1.0351829044120193E-4,1.2137930645241901E-4,1.700284047114987E-4,3.469874962151924E-5,0.01551549333181179,9.070182395878103E-4,0.005436345619770883,4.6938873398957626E-4,1.0,1.1773351952215334E-4,1.6800288724933858E-4,7.860634174274488E-4,1.5454352485092416E-4,0.0025465902700026956,0.006984129883198552,9.496443630941592E-5,6.398167158230256E-5,0.0011902910735610023,3.7068658481080016E-4,2.3496741630081572E-4,1.3968197394249263E-4,5.815454390952408E-4,0.0013585204704186227,2.500377638315174E-4,7.572613818312175E-4,1.5239433675361E-4,7.073542260386663E-5,3.5678183969996237E-4,0.020173464202809622,1.1593584819341221E-4],[8.735560583353563E-5,2.7191616299379595E-4,1.301630163721737E-4,0.001163657464540076,3.305178424658985E-5,5.084913241610343E-5,3.368420358999408E-5,8.739962349512897E-5,1.33276060591396E-4,1.1649033353505602E-4,9.952001267838358E-5,8.19189129371065E-5,8.570426855373342E-4,0.002102236214654536,8.094220234506872E-5,1.4790348675305687E-4,1.0069870777491476E-4,2.914212746086906E-5,9.921566024854487E-5,1.2694543381818428E-4,1.9532577551045246E-5,0.014501515956425055,0.0023091216125588625,0.0036700760690873673,0.0015491972518817585,1.1773351952215334E-4,1.0,1.4060755198434002E-4,0.0021896063261712764,1.2851403984614414E-4,7.011113011127038E-4,0.003712253733861132,1.0922486895601296E-4,9.559879646413171E-5,7.504582748398619E-4,5.54153160926094E-4,2.684876425373465E-4,1.1590768681196432E-4,7.847615732663576E-4,0.0024855482202200537,1.863901950504718E-4,9.713506681149589E-4,1.3859537249765337E-4,1.1643923165480659E-4,1.341501872786304E-4,0.016883740418835603,9.842771154203967E-5],[8.779155211517559E-5,2.6506766603806467E-4,1.703169322915668E-4,0.001169233894680837,6.700386788680409E-5,1.4790283952990135E-4,1.4991351721459808E-4,1.668834980864205E-4,6.648398760142761E-4,1.4012753208728188E-4,1.2108485581276757E-4,1.3136384220601335E-4,0.0023256851046444377,0.0024232100260490634,6.393797954599746E-5,1.7535879023521981E-4,1.1398829014128549E-4,7.68616929711168E-5,8.455984095073063E-5,1.9150647276764334E-4,1.3544385798914697E-4,0.01057455433835377,4.4889506449416537E-4,9.329280985751239E-4,0.0012824511557242425,1.6800288724933858E-4,1.4060755198434002E-4,1.0,7.875510683298069E-4,1.7157005273077736E-4,0.00197655464443662,0.0026277498817073477,1.738741381474953E-4,1.0408514074747897E-4,6.576108402639531E-4,6.64123523746499E-4,3.2545115376157073E-4,1.20400569265521E-4,5.741302608788444E-4,0.006250254101824552,2.437905735004408E-4,0.0010527074453206217,1.5497814749880048E-4,1.8585794687169254E-4,1.954888441587356E-4,0.010371677224067004,1.5778471458421293E-4],[4.3841677069981935E-4,0.0022645196027042303,9.150151632758815E-4,0.0019312292245415566,3.7497615140695366E-4,0.001150837592182436,0.001086087045953844,0.0017438454377065348,0.0018456075596290748,0.0011594025778031685,2.0237984914301478E-4,0.001597184745527508,0.0031549098905014044,0.0023799655675278445,6.815513290771114E-4,0.0016768965371301361,9.467172612714377E-4,6.841651081893858E-4,0.0014485414370479827,0.0011273044501739068,3.5137630233094125E-5,0.016468938717588522,0.0024459108139269045,0.007231084268360856,0.0017592894104731976,7.860634174274488E-4,0.0021896063261712764,7.875510683298069E-4,1.0,7.830885617172774E-4,0.0027062789093678656,0.0053515446193285,6.769834605295044E-4,0.0013735838861999407,0.001999438059957354,0.00270508547977643,5.839443001032419E-4,3.522169187479223E-4,0.001221942815862894,0.0026042123336736233,3.6399107379597647E-4,0.002176519089317177,0.0011719336436915827,0.0021864107087613553,0.0015984506053948807,0.006290240385003927,0.0013190645147563931],[1.3177503321344736E-4,4.0299095273337395E-4,1.5044814251698085E-4,9.790038589589328E-4,3.6069064021261894E-5,6.67941174124847E-5,1.2412526743435715E-4,9.53288512797556E-5,6.721443972931482E-4,1.2299412552634712E-4,5.152588883173885E-5,6.268329790716149E-5,0.0016799216111086615,4.600764406549934E-4,3.7770146720246716E-5,1.6385060028084613E-4,6.547189017754592E-5,1.1658998363614052E-4,1.3086040674105653E-4,1.603517090407225E-4,1.120191839230487E-4,0.005591101283506237,6.119596677254266E-4,0.013875435704189438,0.001126978337636114,1.5454352485092416E-4,1.2851403984614414E-4,1.7157005273077736E-4,7.830885617172774E-4,1.0,0.002095100052204853,0.002037194501606001,1.2017784055660083E-4,3.811520963308625E-5,5.502416767270624E-4,0.0014453642423840126,2.839494083343686E-4,1.268290656482938E-4,9.936415853748007E-4,0.0036685040244484185,1.922622695820919E-4,0.0013555017239567412,1.495731189725993E-4,1.1502114500640899E-4,2.4191046458850728E-4,0.0019149910582764945,8.269458855119491E-5],[0.002368177717583288,8.288664057215094E-4,7.560364156605724E-4,0.001450959556214169,0.00141285698755083,0.0025796364621569422,9.959741689796408E-4,0.0010114991110521153,0.0012898645076109545,0.0019786136196918223,0.0011562853725110116,0.002581906857827647,0.0030961427793328783,0.0026658567702373946,0.0020620946055108095,0.0011432855410839905,9.230002496916982E-4,0.002248227941275555,0.002140317680223539,0.0022075672675267,9.748779929599645E-4,0.011298612999359088,0.002758479975375537,0.0035208661355569746,0.002749603342935565,0.0025465902700026956,7.011113011127038E-4,0.00197655464443662,0.0027062789093678656,0.002095100052204853,1.0,0.004915620045318762,0.0016395301215407295,0.002577567813112703,0.0015469940938842737,0.0027422929075382953,0.0018840290050155665,0.002550498075301171,0.0014482333398553756,0.003324671327714258,7.00070827021059E-4,0.0023191301967595257,0.0028078415490206555,0.001043823764698757,0.0020357963036315555,0.002964825657181944,0.001640850265911664],[0.001130951875370147,0.006182116495356947,0.004505946176315418,0.005714215725224167,0.004708183726666482,0.0016857572901372703,0.0018471804026374348,0.005881998363805686,0.0024052466298861643,0.0013638880791909734,0.003142949755007208,0.006812914493740743,0.006732385861930721,0.006911659824081588,0.0017372789368493352,0.00580743259094749,0.0024638605146199504,0.006546496501462495,0.003826574105742409,0.0033845205337641507,0.006961479257262529,0.013985889119306986,0.004325469378794514,0.007181044974569258,0.0041975371956110554,0.006984129883198552,0.003712253733861132,0.0026277498817073477,0.0053515446193285,0.002037194501606001,0.004915620045318762,1.0,0.0013957984988701533,0.003608870095622322,0.0059500187812633705,0.004448222453928865,7.70317025241315E-4,0.006782948585075266,0.0034137016560974493,0.00647682333864562,0.0012111658055005859,0.001690772775574655,0.0012801861626699157,0.004901317486531025,0.006059462491905953,0.013036051352397444,0.00699439399432852],[1.962555794183431E-5,3.656870997571352E-4,1.3042329565250276E-4,0.0011326538959330462,3.815383464495084E-5,6.979411472569652E-5,2.1693150225516682E-5,3.6033505754651346E-5,5.032263208778603E-4,8.059098551247839E-5,7.367366536327116E-5,4.27168179808818E-5,0.0024883883204138355,0.0022522505053845076,4.081848796179621E-5,1.3058123472782523E-4,5.370635097248426E-5,6.555086521628242E-5,4.4749340304339905E-5,1.829001305268388E-4,1.0753977650658873E-5,0.01750517479239262,0.001432840865632129,0.007189029588138985,0.0011600578901362088,9.496443630941592E-5,1.0922486895601296E-4,1.738741381474953E-4,6.769834605295044E-4,1.2017784055660083E-4,0.0016395301215407295,0.0013957984988701533,1.0,5.239303966037117E-5,8.789500654427464E-4,7.316433480497881E-4,1.6622269049124973E-4,8.599327938391658E-5,0.0010061972148024925,0.0030460206789534976,1.3151986728188544E-4,1.1608844096727621E-4,1.1385590296066261E-4,7.95182716234193E-5,3.5418892986741475E-4,0.02221284441152769,7.50523245413578E-5],[1.2944695503971059E-5,2.390740456486958E-4,6.778870451589226E-5,7.430909583058357E-4,1.636097965606219E-5,1.5158525008069944E-5,1.9748387324479518E-5,1.1811847431803135E-5,1.8750684999212773E-4,3.5659507832403766E-5,1.0943310909101417E-5,1.5032355312618655E-5,0.0022822365372232277,0.0016645436842696061,1.4920024221577864E-5,5.201659916520112E-5,1.4328118697227534E-5,1.584748696498825E-5,1.5098468374356874E-5,1.0494507393083108E-4,1.1067284772550514E-5,0.009791076622561897,0.0019203077911672168,0.007926533423420652,7.695354759992227E-4,6.398167158230256E-5,9.559879646413171E-5,1.0408514074747897E-4,0.0013735838861999407,3.811520963308625E-5,0.002577567813112703,0.003608870095622322,5.239303966037117E-5,1.0,1.1490706113851065E-4,0.002040181040225043,9.565311011551218E-5,7.2738964127076E-5,1.523117861762639E-4,0.0020142339806207598,2.2087920702597226E-4,3.261630038607842E-4,1.4377589788280412E-4,2.7543491746627187E-5,1.50086080057375E-4,0.02023051077440352,3.6771335203456786E-5],[7.951068526332934E-4,6.463300753606581E-4,0.0010699334699840718,0.0012474515286590646,8.189913117122275E-4,3.4841463927710094E-4,0.0010761439738751028,5.167174251121312E-4,0.001271176657264672,8.591959889627548E-4,0.0011619310114669044,1.9952495012432052E-4,0.0018979295371040633,0.0018798091905018865,6.643031977797796E-4,6.791948420857179E-4,0.0011355949935725924,3.81516703489231E-4,5.463080865634912E-4,9.395536580126865E-4,5.6940416580830934E-5,0.014618265468286616,0.002508935578441461,0.013549084735055086,0.0013407283283633365,0.0011902910735610023,7.504582748398619E-4,6.576108402639531E-4,0.001999438059957354,5.502416767270624E-4,0.0015469940938842737,0.0059500187812633705,8.789500654427464E-4,1.1490706113851065E-4,1.0,0.001256059627801465,9.71001684374063E-4,9.910542808839696E-4,0.0011600223748250398,0.0018548178536897672,0.0011857584333124845,0.0013749238355110112,9.496491835813399E-4,5.442897977051107E-4,5.425217726224263E-4,0.004463230562972652,8.706479036540434E-4],[0.0012174999900563133,7.780451137187301E-4,8.146317135339018E-4,0.0013951507391787943,0.0026832298563322235,0.0010612778095456087,0.001418790218235375,3.596838900720018E-4,0.001448608855227366,0.002708900372824973,0.002050046846460733,7.106574771618069E-4,0.0030136406070067237,0.002530971152814522,0.0025112000187439,0.0015052917375413574,8.127537067878325E-4,3.240926580825252E-4,2.0362467991794843E-4,0.0016355400506413455,0.0010884595297740766,0.01668539395058324,0.0026992875351869224,0.013915284866333403,0.0023106296744513574,3.7068658481080016E-4,5.54153160926094E-4,6.64123523746499E-4,0.00270508547977643,0.0014453642423840126,0.0027422929075382953,0.004448222453928865,7.316433480497881E-4,0.002040181040225043,0.001256059627801465,1.0,9.076468362920733E-4,0.0023290748972090067,0.001932194778735622,0.0030594344896290385,0.00250185254518194,0.0016215594857294363,0.0026296816045183985,8.214861931196572E-4,0.0012040239769727115,0.0135053843307321,9.056055660084462E-4],[1.0959630786865632E-4,3.6405722266318665E-4,2.652557200364314E-4,0.001035985048338757,1.4076661437344227E-4,1.6647071079113957E-4,1.209602426330756E-4,1.0500273022420093E-4,0.0011534301134196404,3.056241561577767E-4,2.3658446809849662E-4,2.0966394224053211E-4,0.0017676449761539611,0.0010304048344654542,1.8584861778227945E-4,3.2525250528960356E-4,8.336970173090518E-5,2.3526433425472403E-4,9.002981067674191E-5,3.089317027415722E-4,2.5386652165593133E-5,0.007767114154234788,0.0013756856867655047,0.012064405366645301,0.0015807590130512972,2.3496741630081572E-4,2.684876425373465E-4,3.2545115376157073E-4,5.839443001032419E-4,2.839494083343686E-4,0.0018840290050155665,7.70317025241315E-4,1.6622269049124973E-4,9.565311011551218E-5,9.71001684374063E-4,9.076468362920733E-4,1.0,2.234806003542074E-4,7.369156387038008E-4,0.0031262611778577975,3.283696941012233E-4,5.12206867852332E-4,1.5770297383277876E-4,1.2727741029906888E-4,3.485111856718569E-4,0.008477050863232506,1.0400858976979745E-4],[3.6819324822427366E-5,3.1674588464585603E-4,1.2518928972483226E-4,0.001049609175221382,2.181079297770027E-5,5.074743271356735E-5,1.1044777183193759E-4,6.282364741277015E-5,2.5006514516920137E-4,1.160399453159811E-4,4.3897107189443956E-5,2.288396234965573E-5,0.0015635201105993176,0.0020324058354297195,1.1262062489809033E-4,1.4407772100100466E-4,9.229959722255855E-5,1.0277689666961283E-4,4.004191728558524E-5,1.6210195970544475E-4,1.0432659670768995E-4,0.011869759796960283,3.192915543668665E-4,0.0038304978224312563,4.550668701845766E-4,1.3968197394249263E-4,1.1590768681196432E-4,1.20400569265521E-4,3.522169187479223E-4,1.268290656482938E-4,0.002550498075301171,0.006782948585075266,8.599327938391658E-5,7.2738964127076E-5,9.910542808839696E-4,0.0023290748972090067,2.234806003542074E-4,1.0,6.854874715137637E-4,0.002929749220714811,1.5303141792677222E-4,4.5320036392542155E-4,1.2008109910816616E-4,5.110889191550013E-5,2.3386382834744823E-4,0.01378234653013732,1.0647887305454727E-4],[8.2779298821765E-5,9.593800255036213E-4,9.173307315807549E-4,0.001097247470195833,1.0074040946044083E-4,8.358692675487047E-4,6.432779715353261E-4,6.620703760575133E-4,0.001141607682265071,0.0010219877820865054,0.0010297830082692495,7.944284873122988E-4,0.0018287055791199496,0.0014273243611753281,8.960807535881109E-4,4.108580779061976E-4,5.502968161215608E-4,7.061212595940463E-4,2.9393727521136343E-5,6.49948150396449E-4,7.771796258871079E-4,0.01008089159923476,0.0013560331648159974,0.007186565461908712,0.0010860990681251786,5.815454390952408E-4,7.847615732663576E-4,5.741302608788444E-4,0.001221942815862894,9.936415853748007E-4,0.0014482333398553756,0.0034137016560974493,0.0010061972148024925,1.523117861762639E-4,0.0011600223748250398,0.001932194778735622,7.369156387038008E-4,6.854874715137637E-4,1.0,0.002544524036588024,9.570467361084062E-4,0.001390198539173103,2.57308506302289E-4,0.0010415751854427992,8.816963118552052E-4,0.01693150636580218,2.664820586128661E-4],[0.004078816913713842,0.005147816706884559,0.00630949232934503,0.00269535390641696,0.0040344843316522045,0.002733280401762686,0.0030679578220868513,0.004238223474156624,0.0056368358735034065,2.656456842094262E-4,0.002794140820575916,0.001993838667013791,0.005655737209950733,0.0029855450902716513,0.0020312483384942108,7.516645339724444E-4,0.0034503056295051566,0.0029260559563006145,0.005699117480937934,0.0011681828354455858,0.001320360289128723,0.010340916845722192,0.0060120849021450835,0.01246103473211424,0.004710012183193772,0.0013585204704186227,0.0024855482202200537,0.006250254101824552,0.0026042123336736233,0.0036685040244484185,0.003324671327714258,0.00647682333864562,0.0030460206789534976,0.0020142339806207598,0.0018548178536897672,0.0030594344896290385,0.0031262611778577975,0.002929749220714811,0.002544524036588024,1.0,4.577138157528808E-4,0.005877625334305267,0.00416012675226098,0.0034609582595129685,0.003456798303224157,0.020166492879963603,0.001008523472265664],[1.0429327950893161E-4,4.3754430685906143E-4,3.387823184747452E-4,0.0012722857428917294,3.1298562554396493E-4,9.618590273419939E-5,1.6021304580731332E-4,2.226465204399893E-4,9.397867479743244E-4,1.86554036807269E-4,2.9506615547709417E-4,3.378856651858103E-4,0.002185775182852263,0.001964241521161987,3.38500798299379E-4,2.3619412308434253E-4,7.05450654974944E-5,1.7817789275666738E-4,1.8322475259278945E-4,2.0901586802909403E-4,2.7