[[1.0,7.399527653225767E-4,0.0013231903217238669,5.8490010065944434E-5,2.209613100377915E-4,0.012711011305217495,6.2081603685603E-4,3.757180973777692E-4,0.0010452929990224856,0.0013320723757029391,0.001125872133034021,4.929051344827828E-4,7.63083484340259E-4,9.736099442328341E-4,0.0010379720551022633,8.434811411975214E-4,7.640418518416593E-4,8.812610011724167E-4,8.672132398662502E-4,0.0010532094525423361,0.0016022737515731526,9.71575103137287E-4,2.0519920581564576E-4,4.0623323290183084E-4,0.001223739834840654,0.021515435698425865,2.463467373743917E-4,0.0010611632438377082,9.870835175069994E-4,3.402952099494958E-4,0.0013130018780996883,8.769604264035213E-4,5.667669625169286E-4,1.6403699329025693E-4,1.2729871850562026E-4,4.623902858078701E-4,0.001068308716768674,5.906718759009048E-4,0.0013409781316045058,6.156284332346789E-4,0.0010919371999113096,0.003362570729807992,3.81199409509149E-4,0.0012973600827227098,0.0012982625652554003,4.922302834175624E-4,0.015134133149306402,6.091996720285629E-4,7.783067556509363E-4,0.001381098592757499,5.654281598239478E-4,9.852198328765803E-4,1.6669650110182912E-4,2.218893391448141E-4],[7.399527653225767E-4,1.0,4.91097702679922E-4,8.73802402433728E-5,2.2357517773689237E-4,0.003231007950723946,1.953373143984179E-4,2.939043530791301E-4,2.679402967154023E-4,0.0016648494686548893,5.40379897618069E-4,3.1181770151828946E-4,3.2438117680111227E-4,4.509882580981046E-4,3.2237156316249966E-4,1.5858724148993159E-4,2.747391586851611E-4,4.2227274340461295E-4,2.5970673572282143E-4,9.355216803795627E-4,8.035519685491301E-4,2.9073778991096276E-4,2.1071300621498048E-4,3.0261659540555116E-4,0.0010496238517060316,0.0025343933031590216,3.0882375900861004E-4,0.0019370695570859087,8.719364551137245E-4,2.188523576052556E-4,6.737602468097598E-4,1.1827786254707193E-4,1.3245285156947373E-4,6.9965094666732E-5,3.0552246656045603E-4,1.9439530288909741E-4,9.614839232896695E-4,3.2126854556618553E-4,3.6380275392764946E-4,7.725973991733861E-5,0.008383514421990566,0.004316619342394232,2.820073857330594E-4,0.0012535343278303225,9.81198445891847E-4,2.46945561369503E-4,0.005435247339472055,4.22837847271099E-4,2.6611649872976775E-5,9.783218005306176E-4,1.7899089662774427E-4,3.096559982800675E-4,1.333089843390908E-4,2.5449503069777395E-4],[0.0013231903217238669,4.91097702679922E-4,1.0,0.0015686104853146225,0.0016117774816643644,0.0159263673216243,6.652302549587587E-4,0.0014985817261793297,7.429808921256155E-4,0.002019304649843676,0.001277877984082582,9.895114868104207E-4,0.0011922366649005118,6.494697758505387E-4,0.0017124070248484336,0.001396838764424022,2.7883075954687265E-4,0.0015267501098926467,8.568624645859214E-4,0.0011376001469997601,0.0018409163728865308,0.001778351638507965,0.0010112813243892526,7.726701730245322E-4,0.0018063823880445273,0.004228010490092067,0.001206659135906049,0.002194774139073765,0.0012044025959288835,8.018561388909213E-4,0.0017495756630801851,9.839562761446894E-4,0.0010455399984549113,7.612568208553192E-4,4.7310547710573055E-4,0.0012770169225064397,0.0017464036215297184,5.117359173604635E-4,0.0016402597322280545,0.001577998542003187,0.010022775552636596,0.0037927557074484393,0.0012091627388777068,0.001720605628457401,0.0016512136780842497,5.28555817569772E-4,0.006345989110930483,0.0010377249591759059,5.709551122142087E-4,0.0016671122253936609,3.8869779407010657E-4,0.0011422219638441478,4.9353106493544424E-5,5.664463649574033E-4],[5.8490010065944434E-5,8.73802402433728E-5,0.0015686104853146225,1.0,2.8109660257499653E-5,0.023994390966678752,2.8117909370705577E-5,2.6403516777558108E-5,4.834049332564905E-5,0.0013323099602620004,5.15855823861257E-4,1.2575847744330363E-4,1.287080758827668E-4,9.87349591434272E-5,4.1422710197885714E-5,2.0089295134769316E-5,3.4696917240146414E-5,1.5992709363780397E-4,6.020613561360707E-5,4.1952614711848236E-4,8.0305384257283E-4,1.8566604782743447E-4,3.155601311893551E-5,1.753184145605243E-4,7.256785198581756E-4,0.00243092096772076,2.300362597110806E-5,2.0622963641607896E-4,5.310408346068383E-4,9.64195431873112E-5,3.3442472601439535E-4,2.5333019275571407E-5,2.362106436450103E-5,3.545423818245843E-5,1.6981012770849423E-5,9.09091599919545E-5,8.468649747887977E-4,2.03043717838347E-4,0.0015565319132807677,2.8993062651821758E-5,0.0074602548095120645,6.023491885263981E-4,4.830418545195271E-5,0.0012276434860955946,0.0011412261764221507,1.5437608614226455E-5,0.012340289299711324,3.590426964607371E-5,2.6236671639527053E-5,1.279571598209026E-4,7.964021252699641E-5,1.791498418511843E-4,1.8270165077481384E-5,1.6894906820558204E-5],[2.209613100377915E-4,2.2357517773689237E-4,0.0016117774816643644,2.8109660257499653E-5,1.0,0.003701357736687085,2.6837553601047522E-5,1.677857519408168E-5,9.257621357617788E-5,0.0011386607132113243,6.800789570861332E-4,1.1682854498761266E-4,2.551234487329211E-4,1.647943435196291E-4,2.757692085523812E-4,1.3644777490924896E-5,4.739736302421309E-5,1.0260104704278854E-4,1.1682143869760582E-4,5.385571896966119E-4,9.88052341783602E-4,1.7482196313551012E-4,9.29487001499482E-5,7.004452227487018E-5,0.0014500028067402269,0.020117700310807736,2.7080581413547263E-5,3.330251701707851E-4,3.2676517790910815E-4,8.552319165143418E-5,7.365340618109641E-4,2.5332079915123873E-5,1.9566543356180706E-5,3.210181819207961E-5,2.428213661600981E-5,9.528248537668852E-5,3.526868097383723E-4,2.116721075279085E-4,7.338297495485607E-4,2.9484400352984716E-5,0.001628949195202063,0.0116138543189645,4.368473588830018E-5,0.0013569166322244426,0.0012600954514900428,2.1000123757433164E-5,0.014492118550605036,3.019162470310467E-4,2.56519154409375E-5,6.750888182486977E-4,4.377528258463368E-5,1.082534728988419E-4,2.150347920065788E-5,2.3677156533350467E-5],[0.012711011305217495,0.003231007950723946,0.0159263673216243,0.023994390966678752,0.003701357736687085,1.0,0.023309373255546332,0.0015600764191291314,0.014353701731109125,0.004899155112525931,0.026476319676718693,0.016300543290366065,0.017187010480250762,0.010513674703779056,0.02639932634650426,0.007911168696596117,0.013311465276192671,0.011460113604447209,0.026430764905776595,0.01733926462387041,0.021133226399354374,0.016554068933047294,0.022617665451156604,0.0057910693767908965,0.02230972115889488,0.02551197148466222,0.014099638486476643,0.0043788603191657945,0.006108919270447047,0.01703501026829638,0.025085002373366732,0.001291369436139245,0.0097797456312657,0.01187876024346009,0.022324563837663007,0.0046858438216574065,0.0029466879075765447,0.025971530086983087,0.006817588893023068,0.0018987748844322948,0.025764875469233443,0.025815971411397538,0.005458413053775826,0.026104395622166827,0.014279354213083366,0.0017307580188850639,0.01634080140488343,0.02443537287412057,0.00736410016735356,0.012441885136349612,0.004606767231411513,0.010464463296165571,0.014528650273164972,0.012688823396933401],[6.2081603685603E-4,1.953373143984179E-4,6.652302549587587E-4,2.8117909370705577E-5,2.6837553601047522E-5,0.023309373255546332,1.0,2.0542743864022368E-5,1.5777436623704604E-4,6.847234626065908E-4,2.8335281888690827E-4,1.0760048740915442E-4,2.7112354121985486E-4,4.535841213783997E-4,2.9446974740582316E-4,1.318390352964086E-5,6.932184108286583E-5,3.635306744924973E-4,4.219683699523026E-5,9.416374468623717E-4,0.0013467335067274904,1.9036129885497793E-4,2.9604321734747E-5,3.628779753556742E-5,0.0015355676089918102,0.005089711893391199,2.278062202238333E-5,5.860517435644433E-4,8.823980359201844E-5,9.885731316421948E-5,1.875506846310674E-4,2.387418960558836E-5,1.7565329916580267E-5,4.1102096167869736E-5,1.4890068055284833E-5,7.835335457206438E-5,0.0015339159712636648,2.087332797012542E-4,9.612700860425373E-4,3.090529118178167E-5,0.009350388648884642,0.013628597301421755,3.710328002048818E-5,0.0013291932735642084,4.3098434607848237E-4,2.063339119821798E-5,0.004268234480430698,4.956561628871619E-5,2.3557027961777335E-5,4.912200918912624E-4,1.1237845896873544E-4,4.807860417341267E-5,1.672182076814539E-5,1.997701075368019E-5],[3.757180973777692E-4,2.939043530791301E-4,0.0014985817261793297,2.6403516777558108E-5,1.677857519408168E-5,0.0015600764191291314,2.0542743864022368E-5,1.0,4.212011776596382E-5,4.363592776858027E-4,2.1320130071074943E-4,7.718994187352128E-5,2.5906827410015885E-4,4.4177093653617686E-4,2.595280614453055E-5,1.5597771817391143E-5,1.0877323872776222E-4,1.4797113309556674E-4,5.758223349556619E-5,8.75403324800358E-4,7.971398386442851E-4,7.009163582854299E-5,5.1313427147736596E-5,1.5773656220560467E-4,2.2715976598841457E-4,0.012813877241932102,1.849576493930848E-5,3.7810428832317223E-4,5.9838982985525685E-5,1.3198248091547397E-4,0.0013548212088201322,2.4802907935856588E-5,1.6182901570882524E-5,2.8392633463244016E-5,1.4692707211155886E-5,2.4191998968628013E-5,0.0012161220796377918,5.900482746445106E-5,5.134187622005484E-4,1.6341865606853182E-5,0.011932571480582807,0.01608067136857525,2.90657565807611E-5,9.256710555994634E-4,9.652900933017241E-5,1.5184862491189648E-5,0.007266121894624876,3.72404743188077E-5,2.1161740686016674E-5,7.343751542735825E-4,1.2228295188154356E-4,9.65176763686399E-5,1.5074530388907E-5,1.5764749163275053E-5],[0.0010452929990224856,2.679402967154023E-4,7.429808921256155E-4,4.834049332564905E-5,9.257621357617788E-5,0.014353701731109125,1.5777436623704604E-4,4.212011776596382E-5,1.0,9.827357719936992E-4,2.925866131234466E-4,1.595195479621503E-4,2.59836831535716E-4,3.5377529848144124E-4,2.744656007179469E-4,9.903824904923034E-5,1.6778067661115607E-4,2.1451908553677087E-4,1.2012993872212019E-4,2.9163490713522895E-4,0.0016242728538797076,2.0577758051330868E-4,1.1063823781097011E-4,2.0121173978551276E-4,9.485523746309216E-4,0.004639119687138348,1.3255792697896705E-4,0.0010788752290520778,5.731015169238852E-4,1.6878363856339808E-4,0.0014638977892268807,4.426606789515621E-5,8.611772123032565E-5,5.657148077686801E-5,1.7577720162943999E-4,1.6299308830888934E-4,7.398635675687033E-4,2.338121809768043E-4,0.0014497708518184061,5.475052261695873E-5,0.0014548653164757762,0.018878503884595967,1.3143591187029466E-4,4.705843689565074E-4,0.0013199635318715337,1.1308358397602977E-4,0.006553728329752174,3.1810497379212066E-4,5.6134336324898136E-5,5.734598994579914E-4,1.401537681650982E-4,2.18063816447966E-4,1.2105691740216579E-4,1.455001532129385E-4],[0.0013320723757029391,0.0016648494686548893,0.002019304649843676,0.0013323099602620004,0.0011386607132113243,0.004899155112525931,6.847234626065908E-4,4.363592776858027E-4,9.827357719936992E-4,1.0,0.001884182383680765,2.574253967235535E-4,0.0014130877178856755,0.0016922166938262411,0.0011788152446863367,7.054774505228727E-4,1.9584119862892736E-4,0.0011262366549171403,0.0017041657634479514,0.0016256315583357168,0.001971619121573628,9.724323042447995E-4,2.89820376396626E-4,5.299423030115213E-4,0.002025656044039358,0.016714642327860185,6.829777220280194E-4,0.002335476289279376,0.0011945699520049162,0.0014504275307301768,0.0018542114236574675,0.0012123026727740552,9.612620426773356E-4,0.001709952145915473,0.0015720934075031216,8.041661697218093E-4,0.0019383503563804548,0.0011876211927602078,0.0020429615754745125,0.0019131218427949645,0.01012445186343592,0.007616665442389511,1.4388260608622598E-4,0.001791042537211671,0.0014602108481437705,0.001352258292929237,0.009119839914135626,0.0017084640599245946,8.387947168192971E-4,0.0014600588208306302,4.991222908844716E-4,0.0019459219000348626,8.912905985040603E-4,0.0020094484226112898],[0.001125872133034021,5.40379897618069E-4,0.001277877984082582,5.15855823861257E-4,6.800789570861332E-4,0.026476319676718693,2.8335281888690827E-4,2.1320130071074943E-4,2.925866131234466E-4,0.001884182383680765,1.0,3.8654408063934243E-4,4.6845625532735595E-4,0.0011462439599112082,5.053870973143993E-4,0.001102714814432966,2.1044844548619396E-4,7.095544333094313E-4,9.977071737074532E-4,0.0011319339050652405,0.001160420730979409,5.098781637375889E-4,0.0011062781038583336,4.6413416408092934E-4,0.0014472413618250711,0.00837503223631683,1.4231540105431962E-4,0.001561093675756858,0.001145041970253548,1.994657365832812E-4,0.0016688940391497683,2.928020019872942E-4,1.067817104014827E-4,7.793264200449049E-4,5.481574287816448E-5,9.375402371779361E-4,0.0015461787589641349,3.210284932266604E-4,0.001464562548340762,6.170472362367116E-5,0.011134615283443205,0.010833301620077247,5.564229876318759E-4,0.001170778130484893,0.0012563365464975126,4.6789296940478753E-4,0.004940047362213469,0.0010816683219430682,6.731652615956328E-4,0.0011855186439037693,0.0010371820026898381,0.001146741241296759,2.5076614571486203E-4,0.0011219857794110121],[4.929051344827828E-4,3.1181770151828946E-4,9.895114868104207E-4,1.2575847744330363E-4,1.1682854498761266E-4,0.016300543290366065,1.0760048740915442E-4,7.718994187352128E-5,1.595195479621503E-4,2.574253967235535E-4,3.8654408063934243E-4,1.0,2.947630840744517E-4,1.917645451551977E-4,2.656279954348982E-4,3.1756415830851366E-5,1.2565074197131874E-4,3.317464097295952E-4,1.2982675258768714E-4,2.3483783785038277E-4,0.0016291194424511931,2.012269573028824E-4,1.4210289830580497E-4,1.512658174955662E-4,0.0012558313378351117,0.006885090228430363,1.4738306896061216E-4,0.0023725086195005027,3.654562650635391E-4,1.5418229980131747E-4,4.306549805601845E-4,1.0812678627334992E-4,5.991767939560586E-5,6.108907589375714E-5,1.3063297580660123E-4,1.409118080226551E-4,9.885451813198627E-4,2.2267155281669446E-4,6.135052318283603E-4,1.2969837751048335E-4,0.007863702493945112,0.007698874643340533,1.2042677021207977E-4,9.5967087955451E-4,0.0013588760729753367,1.2209989866630478E-4,0.00785411050368941,4.7750967620337366E-4,7.458126719377006E-5,0.0012396069934517337,1.41706204118654E-4,1.9810515494260629E-4,6.116877048431567E-5,1.2033182096410117E-4],[7.63083484340259E-4,3.2438117680111227E-4,0.0011922366649005118,1.287080758827668E-4,2.551234487329211E-4,0.017187010480250762,2.7112354121985486E-4,2.5906827410015885E-4,2.59836831535716E-4,0.0014130877178856755,4.6845625532735595E-4,2.947630840744517E-4,1.0,3.9147540911320877E-4,3.2401556405612655E-4,3.1446647344642823E-4,1.5323544679099902E-4,4.1070340598468684E-4,2.1611655977514478E-4,5.336800554280678E-4,0.0012829884577101513,2.880147664187365E-4,2.142015979373276E-4,2.8049610438052764E-4,0.0010088569364035801,0.01090569117056848,2.898904325122722E-4,0.0011047882209864442,5.590840928727628E-4,1.9067871052202208E-4,4.715811156889881E-4,1.8807791293330844E-4,1.7288656928726186E-4,2.396125678849764E-4,5.4446011271323684E-5,1.2222661634691967E-4,0.0014254514947333243,2.932871561896164E-4,6.642146739588594E-4,1.4853388277322478E-4,0.001543185932912107,0.0013940837167084738,2.3954877940173636E-4,7.509423599816227E-4,0.0013662904206339544,1.8347087967368673E-4,0.011465211783338482,4.4466915860051073E-4,7.517909192465779E-5,0.001255147837402404,1.3572938107511137E-4,2.9889290040792827E-4,9.489984012771777E-5,2.1712004287083281E-4],[9.736099442328341E-4,4.509882580981046E-4,6.494697758505387E-4,9.87349591434272E-5,1.647943435196291E-4,0.010513674703779056,4.535841213783997E-4,4.4177093653617686E-4,3.5377529848144124E-4,0.0016922166938262411,0.0011462439599112082,1.917645451551977E-4,3.9147540911320877E-4,1.0,4.5024097507990335E-4,4.299903040100715E-4,3.3321551661044115E-4,4.436730185349443E-4,3.4449155528298495E-4,8.859558199465847E-4,6.868422109392066E-4,3.505353311456298E-4,2.543508654358395E-4,3.681450576019817E-4,0.0018293742371020233,0.00498160441316274,3.4842829004307947E-4,9.559920080166176E-4,8.725024993304458E-4,4.329214882936635E-4,0.0012489008258364403,2.5439554106483815E-4,3.269057203352396E-4,2.945648423604879E-4,5.840897404024168E-5,1.529298535300593E-4,0.0013716187263363001,4.327111786901312E-4,0.00104021473575271,3.826588178235451E-4,0.005254434503916759,0.011809615579296393,3.6925519585859386E-4,5.014944853729953E-4,7.665100749848563E-4,7.990053215062942E-5,0.015543775295860061,4.772739545970389E-4,4.1892406529154636E-4,0.0011759913729338075,3.275551067865756E-4,2.902252961056182E-4,4.5785662193476067E-4,1.1960236954050215E-4],[0.0010379720551022633,3.2237156316249966E-4,0.0017124070248484336,4.1422710197885714E-5,2.757692085523812E-4,0.02639932634650426,2.9446974740582316E-4,2.595280614453055E-5,2.744656007179469E-4,0.0011788152446863367,5.053870973143993E-4,2.656279954348982E-4,3.2401556405612655E-4,4.5024097507990335E-4,1.0,5.284869335630309E-5,3.082311636985229E-4,3.3498377848588693E-4,2.0424847016201685E-4,3.746877297234973E-4,0.0012316968412618354,2.6625740801643736E-4,2.7497658621649876E-4,3.14737867060357E-4,0.0017979705984267368,6.362457505416683E-4,2.0017028789469208E-4,0.0024769234218537124,4.8732071586571996E-4,3.060506246316618E-4,0.0017186821143354112,2.92933183054588E-4,2.6868845563264994E-4,1.0321127531443862E-4,1.9237885313040646E-4,1.9879939166504365E-4,9.225803492956168E-4,2.964038767524864E-4,4.0704325326809817E-4,1.0689381314024258E-4,0.004136105529745382,0.0016108757490490117,9.124629566258273E-5,0.0012534777081704977,0.001187447733679455,3.3745482459667184E-5,0.001576115741372816,4.229884674989162E-4,2.941267024944847E-4,4.929998349506244E-4,1.9814349748256677E-4,3.094709240954108E-4,8.599092280929253E-5,3.1662029306655446E-5],[8.434811411975214E-4,1.5858724148993159E-4,0.001396838764424022,2.0089295134769316E-5,1.3644777490924896E-5,0.007911168696596117,1.318390352964086E-5,1.5597771817391143E-5,9.903824904923034E-5,7.054774505228727E-4,0.001102714814432966,3.1756415830851366E-5,3.1446647344642823E-4,4.299903040100715E-4,5.284869335630309E-5,1.0,5.804101412381729E-5,2.691011530458015E-4,5.9216572305894715E-5,6.505263789630905E-4,0.0010737311916933757,1.7210443203690594E-4,3.235160480586276E-5,1.711641190887813E-5,0.0010918106500458788,0.010427470384961222,1.95287246763869E-5,0.0014602383880648541,4.3297898611097005E-4,7.268397665987784E-5,6.516993781318615E-4,2.1933469070790255E-5,1.5816842878201526E-5,4.3943342016043656E-5,1.2781717654881482E-5,8.179061339538795E-5,8.226147695540046E-4,2.592683439096372E-4,8.304319379831526E-4,2.0311629827685573E-5,0.0015882921541688442,0.01700460450464761,3.931529245910807E-5,8.951349398188677E-4,9.226087299501149E-4,1.2517081568571205E-5,0.007084099732027002,1.6085693611126752E-4,1.8715131052944822E-5,1.4985521308860338E-4,4.161095743142016E-5,1.4215782785341612E-4,1.3079145322161138E-5,1.1998036047982825E-5],[7.640418518416593E-4,2.747391586851611E-4,2.7883075954687265E-4,3.4696917240146414E-5,4.739736302421309E-5,0.013311465276192671,6.932184108286583E-5,1.0877323872776222E-4,1.6778067661115607E-4,1.9584119862892736E-4,2.1044844548619396E-4,1.2565074197131874E-4,1.5323544679099902E-4,3.3321551661044115E-4,3.082311636985229E-4,5.804101412381729E-5,1.0,3.391672417404802E-4,1.1877344246703127E-4,3.4402285595237737E-4,2.575051492641515E-4,1.4597527847118148E-4,1.0557035385170252E-4,1.9288271206861177E-4,7.083133782509858E-4,0.006560151890067313,6.983579696493533E-5,1.9279474012078702E-4,5.44300509009497E-4,1.3124026938287947E-4,1.436835648581418E-4,1.0017709671861447E-4,1.0103244127073464E-4,7.049607008575263E-5,1.16991312136279E-4,1.1767122679571725E-4,0.0013911943364585554,2.107358292514977E-4,7.73866257162498E-4,1.0276464677676911E-4,0.009674098112392948,0.017063601734024346,5.9313083503477644E-5,0.0010886664350421898,9.087471490881377E-4,4.243335872447659E-5,0.004751738549925009,4.22265125100875E-4,5.281248012980861E-5,2.8105068723967806E-4,1.1923090037075657E-4,1.3619492522842035E-4,9.676051171275049E-5,6.36674915254949E-5],[8.812610011724167E-4,4.2227274340461295E-4,0.0015267501098926467,1.5992709363780397E-4,1.0260104704278854E-4,0.011460113604447209,3.635306744924973E-4,1.4797113309556674E-4,2.1451908553677087E-4,0.0011262366549171403,7.095544333094313E-4,3.317464097295952E-4,4.1070340598468684E-4,4.436730185349443E-4,3.3498377848588693E-4,2.691011530458015E-4,3.391672417404802E-4,1.0,3.575646749036558E-4,6.288618294278633E-4,6.051727940348331E-4,3.604582694277669E-4,2.713099394864579E-4,3.520958718487451E-4,0.0018439899121874485,0.01040511056642467,4.2356455100084686E-4,4.53371572846699E-4,7.129547971484137E-4,2.5644316324078593E-4,0.0015687617752595576,1.419591376147264E-4,3.473306531620725E-4,1.0822725843218102E-4,3.343019386498424E-4,2.808527591316422E-4,0.0015043918866854918,3.3638586338751765E-4,0.0012925158149895914,2.6035964440965226E-4,0.0020766057557831032,0.01122309595170133,1.442289852577733E-4,0.0012952802294876726,6.018451644430496E-4,1.4314367373717419E-4,0.005223466633184742,4.704982604347033E-4,3.622948298181607E-4,0.0013042806012613945,2.539916595634749E-4,3.3586406682296124E-4,3.796750119085586E-4,1.3909578784596666E-4],[8.672132398662502E-4,2.5970673572282143E-4,8.568624645859214E-4,6.020613561360707E-5,1.1682143869760582E-4,0.026430764905776595,4.219683699523026E-5,5.758223349556619E-5,1.2012993872212019E-4,0.0017041657634479514,9.977071737074532E-4,1.2982675258768714E-4,2.1611655977514478E-4,3.4449155528298495E-4,2.0424847016201685E-4,5.9216572305894715E-5,1.1877344246703127E-4,3.575646749036558E-4,1.0,8.035497424563768E-4,3.074146293791885E-4,1.6439322043988272E-4,1.096430246523603E-4,2.1124432576527015E-4,0.0017713038695995895,0.022621010691796523,9.747121806994352E-5,0.0026723963981814163,7.966922440424602E-4,1.3582136885618922E-4,5.58777645186205E-4,2.8921158910708963E-5,4.566994303186787E-5,8.955364698150818E-5,8.856321210276825E-5,1.1757343797215829E-4,0.001179452364948156,2.4174026712553247E-4,0.0013181738836134233,4.49121087742688E-5,0.010445464655697612,0.0020004277510359903,8.103743465381154E-5,7.937722479290844E-4,0.0012961203528050063,1.1303688451586368E-4,0.010231186750410156,1.7298146764231805E-4,5.684732500534957E-5,5.438231805977775E-4,1.3114393895083873E-4,1.8989591632499693E-4,1.7703589961145274E-5,1.3773856393297996E-5],[0.0010532094525423361,9.355216803795627E-4,0.0011376001469997601,4.1952614711848236E-4,5.385571896966119E-4,0.01733926462387041,9.416374468623717E-4,8.75403324800358E-4,2.9163490713522895E-4,0.0016256315583357168,0.0011319339050652405,2.3483783785038277E-4,5.336800554280678E-4,8.859558199465847E-4,3.746877297234973E-4,6.505263789630905E-4,3.4402285595237737E-4,6.288618294278633E-4,8.035497424563768E-4,1.0,0.0014279875973064033,9.091432927068498E-4,7.901985041081175E-4,2.2082544377265487E-4,0.001111994838089793,0.015572875121038915,4.8395930555692536E-4,0.002517842908323206,9.627239316675944E-4,9.837179658823824E-4,0.0012192206094920187,9.098200780585086E-4,1.2109366676857926E-4,2.5592039786596124E-4,4.993055561484806E-4,1.2939015521499914E-4,0.0014255050174982868,6.582496882094215E-4,0.001383991482364727,6.076618195088498E-4,0.0029547790555332376,0.010488688325552723,7.183517450886484E-4,0.0010754578573057008,0.0011137854511777143,3.910859575671952E-4,0.004168591297792677,7.423458802236954E-4,3.541605231200305E-4,0.0011536972963326203,9.47629372468308E-4,2.558392588375974E-4,8.158035150643644E-4,2.31129482421079E-4],[0.0016022737515731526,8.035519685491301E-4,0.0018409163728865308,8.0305384257283E-4,9.88052341783602E-4,0.021133226399354374,0.0013467335067274904,7.971398386442851E-4,0.0016242728538797076,0.001971619121573628,0.001160420730979409,0.0016291194424511931,0.0012829884577101513,6.868422109392066E-4,0.0012316968412618354,0.0010737311916933757,2.575051492641515E-4,6.051727940348331E-4,3.074146293791885E-4,0.0014279875973064033,1.0,5.90282166135275E-4,7.22055669516818E-4,2.8852394289399807E-4,0.0018436594586718478,0.007213663448999031,1.6131408267864195E-4,0.0027312817435523233,0.0014679480614016873,7.188733202719481E-4,0.0017476986189347177,0.001778823688481794,8.006318102738243E-4,0.001052774070508409,0.0017255187208897766,2.9239751728610047E-4,0.0018356250049093503,0.0018173987365944636,0.0017771166962158235,5.115374176846624E-4,0.010937352853601668,0.005335264258839347,0.0014653456032100276,0.0017592684890718857,0.0015923408671807305,5.134381507497016E-4,0.005305478745215484,0.0013676565662831376,9.159392878493407E-4,0.0018248170249048493,4.623596595469716E-4,0.0015793860775138635,0.0012329372854134573,1.2889027317801647E-4],[9.71575103137287E-4,2.9073778991096276E-4,0.001778351638507965,1.8566604782743447E-4,1.7482196313551012E-4,0.016554068933047294,1.9036129885497793E-4,7.009163582854299E-5,2.0577758051330868E-4,9.724323042447995E-4,5.098781637375889E-4,2.012269573028824E-4,2.880147664187365E-4,3.505353311456298E-4,2.6625740801643736E-4,1.7210443203690594E-4,1.4597527847118148E-4,3.604582694277669E-4,1.6439322043988272E-4,9.091432927068498E-4,5.90282166135275E-4,1.0,1.550766995985312E-4,2.145920364149618E-4,4.0394550619410514E-4,0.0123426254132883,8.329672174949937E-5,0.002481702408972947,8.199179514922823E-4,2.04337918795509E-4,9.405178700915946E-4,6.766272550979378E-5,2.0121423033848954E-4,1.9579016422892733E-4,1.5827604036395046E-4,1.0754265288993432E-4,0.0010947053149995309,2.2783861515273787E-4,0.0010879085704352481,6.316679303898441E-5,0.005542713552695763,0.0062626301418186765,6.599183705658569E-5,0.0013635612342289942,9.874322167362358E-4,1.8942732222484052E-4,0.014993388665427872,3.340984520265519E-4,1.3502138578460596E-4,0.0012624272913551037,1.8669908582338165E-4,2.1630214860825014E-4,1.0477478220074733E-4,1.0553191441165484E-4],[2.0519920581564576E-4,2.1071300621498048E-4,0.0010112813243892526,3.155601311893551E-5,9.29487001499482E-5,0.022617665451156604,2.9604321734747E-5,5.1313427147736596E-5,1.1063823781097011E-4,2.89820376396626E-4,0.0011062781038583336,1.4210289830580497E-4,2.142015979373276E-4,2.543508654358395E-4,2.7497658621649876E-4,3.235160480586276E-5,1.0557035385170252E-4,2.713099394864579E-4,1.096430246523603E-4,7.901985041081175E-4,7.22055669516818E-4,1.550766995985312E-4,1.0,1.7270058004446214E-4,1.6981797326716164E-4,0.006030434836192274,5.23852343900152E-5,0.0012794832276166754,1.754473780333448E-4,1.0306460068331682E-4,9.95130019344902E-4,9.12506923822774E-5,7.092888187970451E-5,5.817311830993413E-5,1.443532501026207E-5,1.0263445147846535E-4,0.0015574028363973993,2.3792005099645603E-4,1.3451782169972504E-4,4.63058699022253E-5,0.012727988509725958,0.013052672336822198,7.385450355345044E-5,0.0015927546794268037,3.82841641736162E-4,7.08764715604505E-5,0.0053036035773847585,2.152178799467823E-4,8.174661780983773E-5,0.0010934314134486782,1.3012698527028292E-4,1.4566102189120695E-4,4.91981288449425E-5,9.027301341849516E-5],[4.0623323290183084E-4,3.0261659540555116E-4,7.726701730245322E-4,1.753184145605243E-4,7.004452227487018E-5,0.0057910693767908965,3.628779753556742E-5,1.5773656220560467E-4,2.0121173978551276E-4,5.299423030115213E-4,4.6413416408092934E-4,1.512658174955662E-4,2.8049610438052764E-4,3.681450576019817E-4,3.14737867060357E-4,1.711641190887813E-5,1.9288271206861177E-4,3.520958718487451E-4,2.1124432576527015E-4,2.2082544377265487E-4,2.8852394289399807E-4,2.145920364149618E-4,1.7270058004446214E-4,1.0,0.0013450752865067815,0.010053053816883345,1.7247696473267866E-4,8.329803123174604E-4,7.919698651435467E-4,1.8400052902799724E-4,3.2382390287627363E-4,6.682768649532435E-5,7.667470343186101E-5,1.221009736242967E-4,9.819228465168681E-5,1.8641347670966157E-4,0.0014794461151099848,2.3849862799267603E-4,4.4949845858173644E-4,1.257436795386171E-4,0.004681376606004765,7.879198455435291E-4,1.5944653024023702E-4,3.67338126551478E-4,0.0011579751286042179,8.658755378039776E-5,0.00809051452937261,3.8530096066353227E-4,2.053329143997338E-4,3.734796094193604E-4,1.870405555414372E-4,2.2054270472386564E-4,1.5978631132058607E-4,1.302801154867031E-4],[0.001223739834840654,0.0010496238517060316,0.0018063823880445273,7.256785198581756E-4,0.0014500028067402269,0.02230972115889488,0.0015355676089918102,2.2715976598841457E-4,9.485523746309216E-4,0.002025656044039358,0.0014472413618250711,0.0012558313378351117,0.0010088569364035801,0.0018293742371020233,0.0017979705984267368,0.0010918106500458788,7.083133782509858E-4,0.0018439899121874485,0.0017713038695995895,0.001111994838089793,0.0018436594586718478,4.0394550619410514E-4,1.6981797326716164E-4,0.0013450752865067815,1.0,0.013196783514650312,0.0014641202070788959,0.0023921442888572373,0.0012868094291268442,4.8376351756211514E-4,0.001752118097554178,4.691937141581261E-4,0.0015831558339825618,9.672215095623126E-4,3.7976879637068153E-4,0.0010625319254802946,0.0017822581195062576,6.299876598384372E-4,0.0016591640367157557,0.001079536541515144,0.012065967083733066,0.0073600600961072175,9.531432882179402E-4,0.0018167329747030593,0.0014498801939042344,9.760782989271933E-4,0.01431560977229097,0.001872257166295041,6.571551679709052E-5,0.0017593108921729553,5.664578508395184E-4,6.698461434344315E-4,5.855318473038433E-4,0.0011392471180608618],[0.021515435698425865,0.0025343933031590216,0.004228010490092067,0.00243092096772076,0.020117700310807736,0.02551197148466222,0.005089711893391199,0.012813877241932102,0.004639119687138348,0.016714642327860185,0.00837503223631683,0.006885090228430363,0.01090569117056848,0.00498160441316274,6.362457505416683E-4,0.010427470384961222,0.006560151890067313,0.01040511056642467,0.022621010691796523,0.015572875121038915,0.007213663448999031,0.0123426254132883,0.006030434836192274,0.010053053816883345,0.013196783514650312,1.0,0.020261050322225135,0.018404927281513404,0.004097021708831121,0.0033279490241504704,0.010305246069388981,0.007491695393543657,0.019836225604597975,0.00717385093928832,0.01375903343051165,0.01970884372566942,0.0070172671618753315,0.002363083335612414,0.02152681543319705,0.02123792586348564,0.015242981247859718,0.020725008098129574,0.0202021865036384,0.01643393244203612,0.01336225489468457,0.005552284783901228,0.019479085365497542,0.005939232296425326,0.014092257278552995,0.019954661966188576,4.6865833902422877E-4,0.015933595905483558,0.008331931398033529,0.00686315638008094],[2.463467373743917E-4,3.0882375900861004E-4,0.001206659135906049,2.300362597110806E-5,2.7080581413547263E-5,0.014099638486476643,2.278062202238333E-5,1.849576493930848E-5,1.3255792697896705E-4,6.829777220280194E-4,1.4231540105431962E-4,1.4738306896061216E-4,2.898904325122722E-4,3.4842829004307947E-4,2.0017028789469208E-4,1.95287246763869E-5,6.983579696493533E-5,4.2356455100084686E-4,9.747121806994352E-5,4.8395930555692536E-4,1.6131408267864195E-4,8.329672174949937E-5,5.23852343900152E-5,1.7247696473267866E-4,0.0014641202070788959,0.020261050322225135,1.0,0.0011150862939895544,4.6247985418914906E-4,1.3070286880705918E-4,5.468371763408339E-4,2.4406296469496376E-5,1.7494058035418274E-5,2.5728638201811522E-5,1.6516992669581404E-5,4.892139059239277E-5,0.001104774970767065,9.813484455139772E-5,0.0015510506863794405,2.7924790202834636E-5,0.009068909400651994,0.018937205581237352,4.421470261427765E-5,0.0014957301085500468,0.0013980048001869618,1.490614410886129E-5,0.003489797536619826,4.4635411332206667E-4,2.407843378379103E-5,8.461115617272771E-5,3.55311434347189E-5,2.506644696186156E-5,2.1777061580620552E-5,1.990229730815257E-5],[0.0010611632438377082,0.0019370695570859087,0.002194774139073765,2.0622963641607896E-4,3.330251701707851E-4,0.0043788603191657945,5.860517435644433E-4,3.7810428832317223E-4,0.0010788752290520778,0.002335476289279376,0.001561093675756858,0.0023725086195005027,0.0011047882209864442,9.559920080166176E-4,0.0024769234218537124,0.0014602383880648541,1.9279474012078702E-4,4.53371572846699E-4,0.0026723963981814163,0.002517842908323206,0.0027312817435523233,0.002481702408972947,0.0012794832276166754,8.329803123174604E-4,0.0023921442888572373,0.018404927281513404,0.0011150862939895544,1.0,9.647946693538741E-4,0.0027485054290996543,0.0022692772670573885,0.002657895824970018,2.5209681616077074E-4,0.0016213550685707503,0.0010331406930789478,0.0023531993277623835,0.0022295915377993697,5.775676381208281E-4,0.0019801526464578176,0.001710871037028151,0.010422642562955097,0.016410143205353396,0.0026804469857025616,0.0022183364669766687,0.0025117482327456733,1.9953790092725322E-4,0.010003529876838651,0.0017381916918644703,0.0018215239050657452,0.0016898141344626081,0.0024304815916464523,0.001043712060766667,1.833995560106949E-4,0.001876525885747787],[9.870835175069994E-4,8.719364551137245E-4,0.0012044025959288835,5.310408346068383E-4,3.2676517790910815E-4,0.006108919270447047,8.823980359201844E-5,5.9838982985525685E-5,5.731015169238852E-4,0.0011945699520049162,0.001145041970253548,3.654562650635391E-4,5.590840928727628E-4,8.725024993304458E-4,4.8732071586571996E-4,4.3297898611097005E-4,5.44300509009497E-4,7.129547971484137E-4,7.966922440424602E-4,9.627239316675944E-4,0.0014679480614016873,8.199179514922823E-4,1.754473780333448E-4,7.919698651435467E-4,0.0012868094291268442,0.004097021708831121,4.6247985418914906E-4,9.647946693538741E-4,1.0,2.3937737305586504E-4,0.0015426025016171277,1.161713013247002E-4,1.3621043932185412E-4,2.0718493008025274E-4,8.066745721022425E-4,4.968624264819552E-4,0.001582241931849397,4.604276732256239E-4,0.001581693832777641,6.897691474471289E-5,0.0043659412064100955,0.002360629795221731,8.836012141644308E-4,0.0013631527432068872,9.82686614029834E-4,8.505637826383341E-4,0.015493261160247195,5.457430505460989E-4,1.2888954990011086E-4,9.243684877081946E-4,4.426144124060608E-4,5.732983475223601E-4,8.543517398952199E-4,4.330288287957352E-4],[3.402952099494958E-4,2.188523576052556E-4,8.018561388909213E-4,9.64195431873112E-5,8.552319165143418E-5,0.01703501026829638,9.885731316421948E-5,1.3198248091547397E-4,1.6878363856339808E-4,0.0014504275307301768,1.994657365832812E-4,1.5418229980131747E-4,1.9067871052202208E-4,4.329214882936635E-4,3.060506246316618E-4,7.268397665987784E-5,1.3124026938287947E-4,2.5644316324078593E-4,1.3582136885618922E-4,9.837179658823824E-4,7.188733202719481E-4,2.04337918795509E-4,1.0306460068331682E-4,1.8400052902799724E-4,4.8376351756211514E-4,0.0033279490241504704,1.3070286880705918E-4,0.0027485054290996543,2.3937737305586504E-4,1.0,0.001463398941265355,8.680375337093035E-5,7.40763963857431E-5,1.1866267918402972E-4,8.171426284127595E-5,1.463031627461709E-4,9.699839433307047E-4,2.0975862957669657E-4,8.780797926144997E-4,1.132748293645773E-4,0.008402242172706725,0.0013635372065814069,7.642142287418442E-5,7.461820731294877E-4,6.407202647089166E-4,1.0192185469412732E-4,0.0036315921810953907,4.4237383027104465E-4,1.3211587617008137E-4,8.394327128065002E-4,1.4859102787555403E-4,2.1906005453706825E-4,3.208095984660962E-5,1.2739762572777904E-4],[0.0013130018780996883,6.737602468097598E-4,0.0017495756630801851,3.3442472601439535E-4,7.365340618109641E-4,0.025085002373366732,1.875506846310674E-4,0.0013548212088201322,0.0014638977892268807,0.0018542114236574675,0.0016688940391497683,4.306549805601845E-4,4.715811156889881E-4,0.0012489008258364403,0.0017186821143354112,6.516993781318615E-4,1.436835648581418E-4,0.0015687617752595576,5.58777645186205E-4,0.0012192206094920187,0.0017476986189347177,9.405178700915946E-4,9.95130019344902E-4,3.2382390287627363E-4,0.001752118097554178,0.010305246069388981,5.468371763408339E-4,0.0022692772670573885,0.0015426025016171277,0.001463398941265355,1.0,2.630099910810024E-4,2.5481883677491447E-4,0.0012110265789895165,0.0012996895123332007,1.0777033588966715E-4,0.0017162044166592792,0.0011072696351172233,0.0016129142102098966,8.761844839849336E-4,0.007314565039835575,0.00409607609483572,7.126308613810744E-4,0.0017124900021640895,0.0016423911684098592,6.744359961538833E-4,0.0032403551316345877,0.0010267833990341138,0.0012413349014532547,0.0016433539097986992,0.0012811152222901292,4.5068709851665676E-4,3.467962984508627E-4,6.641462858765119E-4],[8.769604264035213E-4,1.1827786254707193E-4,9.839562761446894E-4,2.5333019275571407E-5,2.5332079915123873E-5,0.001291369436139245,2.387418960558836E-5,2.4802907935856588E-5,4.426606789515621E-5,0.0012123026727740552,2.928020019872942E-4,1.0812678627334992E-4,1.8807791293330844E-4,2.5439554106483815E-4,2.92933183054588E-4,2.1933469070790255E-5,1.0017709671861447E-4,1.419591376147264E-4,2.8921158910708963E-5,9.098200780585086E-4,0.001778823688481794,6.766272550979378E-5,9.12506923822774E-5,6.682768649532435E-5,4.691937141581261E-4,0.007491695393543657,2.4406296469496376E-5,0.002657895824970018,1.161713013247002E-4,8.680375337093035E-5,2.630099910810024E-4,1.0,1.973734072581269E-5,4.493741825011143E-5,1.3905218510681125E-5,9.479951669816476E-5,0.0015269580209589504,1.7182621737578784E-4,2.62686947436291E-4,2.8518318359755178E-5,1.7242639978567195E-4,0.007865605258100252,3.909701784253122E-5,0.0013221912496632756,3.5680874754905913E-4,1.8921242443445986E-5,0.014669391515680228,1.2783629821326855E-4,2.4957884346468175E-5,6.72107392655828E-4,6.295656194069105E-5,1.0215120749241792E-4,1.6781449921787087E-5,1.472371823134093E-5],[5.667669625169286E-4,1.3245285156947373E-4,0.0010455399984549113,2.362106436450103E-5,1.9566543356180706E-5,0.0097797456312657,1.7565329916580267E-5,1.6182901570882524E-5,8.611772123032565E-5,9.612620426773356E-4,1.067817104014827E-4,5.991767939560586E-5,1.7288656928726186E-4,3.269057203352396E-4,2.6868845563264994E-4,1.5816842878201526E-5,1.0103244127073464E-4,3.473306531620725E-4,4.566994303186787E-5,1.2109366676857926E-4,8.006318102738243E-4,2.0121423033848954E-4,7.092888187970451E-5,7.667470343186101E-5,0.0015831558339825618,0.019836225604597975,1.7494058035418274E-5,2.5209681616077074E-4,1.3621043932185412E-4,7.40763963857431E-5,2.5481883677491447E-4,1.973734072581269E-5,1.0,3.763491901571888E-5,1.4101951936818471E-5,1.0139762005657824E-4,6.795725926034834E-4,2.425682173802951E-4,1.0931207828230277E-4,2.1836708116285534E-5,0.00621611723545516,0.014325111857956476,3.570129153613336E-5,5.897289075763622E-5,2.9021673751550856E-4,1.6670258850354764E-5,0.007810533260664379,1.5226542718244475E-4,2.5221981648537998E-5,6.642250695693603E-4,1.1793919817291041E-4,2.2311704028261066E-4,1.6524783685058003E-5,1.6623749710903076E-5],[1.6403699329025693E-4,6.9965094666732E-5,7.612568208553192E-4,3.545423818245843E-5,3.210181819207961E-5,0.01187876024346009,4.1102096167869736E-5,2.8392633463244016E-5,5.657148077686801E-5,0.001709952145915473,7.793264200449049E-4,6.108907589375714E-5,2.396125678849764E-4,2.945648423604879E-4,1.0321127531443862E-4,4.3943342016043656E-5,7.049607008575263E-5,1.0822725843218102E-4,8.955364698150818E-5,2.5592039786596124E-4,0.001052774070508409,1.9579016422892733E-4,5.817311830993413E-5,1.221009736242967E-4,9.672215095623126E-4,0.00717385093928832,2.5728638201811522E-5,0.0016213550685707503,2.0718493008025274E-4,1.1866267918402972E-4,0.0012110265789895165,4.493741825011143E-5,3.763491901571888E-5,1.0,4.441866343283619E-5,5.3780810489430795E-5,8.659900154836537E-4,1.1515519701454203E-4,0.0014433915759894346,3.898803153545336E-5,0.0036898588681281257,0.019636198053617947,5.16533227407734E-5,0.0015992400104005897,4.38380756617275E-4,4.258050632571806E-5,3.586863685621182E-4,1.369838315361306E-4,3.37190353882407E-5,9.665291583043527E-4,8.247779785060145E-5,1.692517599025319E-4,4.257870875221446E-5,1.8644443313613395E-5],[1.2729871850562026E-4,3.0552246656045603E-4,4.7310547710573055E-4,1.6981012770849423E-5,2.428213661600981E-5,0.022324563837663007,1.4890068055284833E-5,1.4692707211155886E-5,1.7577720162943999E-4,0.0015720934075031216,5.481574287816448E-5,1.3063297580660123E-4,5.4446011271323684E-5,5.840897404024168E-5,1.9237885313040646E-4,1.2781717654881482E-5,1.16991312136279E-4,3.343019386498424E-4,8.856321210276825E-5,4.993055561484806E-4,0.0017255187208897766,1.5827604036395046E-4,1.443532501026207E-5,9.819228465168681E-5,3.7976879637068153E-4,0.01375903343051165,1.6516992669581404E-5,0.0010331406930789478,8.066745721022425E-4,8.171426284127595E-5,0.0012996895123332007,1.3905218510681125E-5,1.4101951936818471E-5,4.441866343283619E-5,1.0,2.4302030494996355E-5,8.546873285586517E-4,2.0777087173697714E-4,9.525964740213019E-4,2.6902730565525082E-5,0.010601135316779876,0.005157466924134892,3.9141787589952433E-5,9.515365260048654E-4,7.323148401415811E-4,1.3687086902107536E-5,0.007758449207050094,1.996242612882503E-4,1.4560103999425492E-5,2.3181431480748382E-4,3.151376364237339E-5,1.0131860256609436E-4,1.3496696065275025E-5,1.310836670297358E-5],[4.623902858078701E-4,1.9439530288909741E-4,0.0012770169225064397,9.09091599919545E-5,9.528248537668852E-5,0.0046858438216574065,7.835335457206438E-5,2.4191998968628013E