[[1.0,0.010781268250559512,0.011219387932799472,0.002789324408243272,0.0012437110039753999,0.004928367579599919,0.009581532132433908,0.003733417203870095,0.005500583176224356,0.0030361625292577143,0.0075562872766920305,0.013233012676676818,0.06458990757747685,0.005416497926001645,0.012515963038314435,0.00784260644988064,0.07749717479827437,0.013628398077985732,0.0010459790018066662,0.01873544581254037,0.012999226252042192,0.006867691069609271,0.012987942771896686,0.0030510419283079297,0.004349739926455321,0.01317852802128982,0.008728852533808918,0.011869171542028883,0.012928513309445227,0.0039484874740092005,0.01087806059558635,0.06123024168873854,0.013613142307569829,0.005109501784617272,0.012022560836260843,0.011449447684195336,0.006926110908688246,0.011798712229843952,0.008456826420292983,0.011154231892638936,0.0054958726853647725],[0.010781268250559512,1.0,0.0015240411450878183,0.0014189762116224671,0.0011008761946917083,0.0011400672269216688,0.0014633411542014333,0.0013174854516838875,0.0010640073913197395,0.001616522676236846,0.001511407672006558,0.0012283888352902655,0.0019718949443830553,0.0013423020165809112,0.00585359796271159,0.0013439398538457334,0.05865524143464548,0.0014285000949463664,9.915777448903883E-4,0.015777829642902554,3.016990292840046E-4,0.0013571310647048373,2.1266048091192767E-4,0.0013352513659641552,6.315410851129582E-4,1.6299745462870286E-4,8.623156275234391E-4,4.955390236372586E-4,0.004012001469121921,0.001101944358238769,0.006682252909383811,0.0525715218072341,0.0014846444118545052,7.090362918145326E-4,9.614175701390002E-4,6.101154645842881E-4,0.001319918717100761,0.0023023961145361483,0.001144439397891913,0.0011371195822050435,0.0015007464107793299],[0.011219387932799472,0.0015240411450878183,1.0,0.0012705936681114787,5.930496970631196E-4,2.3508805552380948E-4,0.0014217326896934065,0.001481300857452469,0.0014652739672863526,0.001542917291785551,0.0015562037450924952,0.0012409008066167713,0.0152626921809139,0.0010858587871124827,0.011354425341136842,0.0014666212013771844,0.03621124156970486,0.0014167644446461852,5.074817798051503E-4,0.018670549617848975,6.362502826307349E-4,0.0013808382682229724,0.0013946831656295989,8.750515635661789E-4,9.354919331529859E-4,8.957726809299409E-4,5.020506431938258E-4,4.351341716856171E-4,0.009004108579014845,0.001172650345670077,0.006732324828540233,0.05768170542686185,0.0014760468085235992,0.001471915561741183,9.584953690297031E-4,0.0011954749199989943,0.0011931069735901714,0.0022748630162133356,0.0012672650233157222,0.0013817616528830484,0.0015029155982717575],[0.002789324408243272,0.0014189762116224671,0.0012705936681114787,1.0,1.2314732326823766E-4,1.6912238233242948E-4,9.034774776512226E-4,1.2063335600065709E-4,1.3625461119548692E-4,0.0013547740083992097,5.872258742446156E-4,6.007377833908447E-4,0.03172550761675866,6.913708374812893E-5,4.1230482720890516E-4,5.224975845879984E-4,0.04611400247070735,0.0011717479109222878,1.7530654718344384E-4,0.004256990969858525,1.5809555948770887E-4,0.0011951495810483103,1.413258324356824E-4,9.232090737393102E-5,1.1031521904258141E-4,6.464554585720441E-5,1.1587866424371632E-4,1.0908389028194406E-4,4.196220626988015E-4,1.2230265423622566E-4,0.008137491309178638,1.824531783405454E-4,0.0012740461530292597,6.337572199027407E-5,1.867457397336258E-5,1.4654409681314815E-4,1.2290090882451752E-4,0.0023980619851391343,7.125984130672926E-4,2.4242309306779183E-4,5.130436530131115E-4],[0.0012437110039753999,0.0011008761946917083,5.930496970631196E-4,1.2314732326823766E-4,1.0,1.556835007409061E-4,7.03790961533328E-4,1.2436191606198657E-4,2.1418613927741208E-4,8.082824250888317E-4,3.421475975177431E-4,9.587186985586707E-4,0.05565065515048193,2.8977925675505158E-5,0.005543642094007848,4.2045524873667614E-4,0.04536827013859015,2.4632998323880927E-4,1.906685771891309E-4,0.001918416710087248,1.320543122344957E-4,9.29341800219284E-4,1.395764944920001E-4,5.14761981289731E-5,8.323040265669797E-5,6.630773014925677E-5,1.169239003427135E-4,1.1537829472660298E-4,0.008074583687568802,1.2864391050551593E-4,0.005046881781896819,0.028481344877006202,3.0208602709779544E-4,9.536537246391777E-5,7.123728898270628E-5,1.3079583129180437E-4,1.257397970703369E-4,0.001860879482560638,8.719201407815969E-4,1.3720320828675313E-4,4.093084131100114E-4],[0.004928367579599919,0.0011400672269216688,2.3508805552380948E-4,1.6912238233242948E-4,1.556835007409061E-4,1.0,0.0013855672510243782,1.9427193750011656E-4,2.2552250858242864E-4,0.0017596571486610405,0.0015263831451839982,3.401410780540532E-4,0.059488000708177086,2.2850060703552184E-5,0.006244928453612045,4.246535521355236E-4,0.02875429264209855,4.1825601666075794E-4,2.1559839535188226E-4,0.016173602674761863,2.0365869462128482E-4,3.3494106612118335E-4,2.1728397961735208E-4,2.0609943172741983E-4,1.2819397445541797E-4,7.332742256213449E-5,1.1965379197798444E-4,1.741882273285951E-4,0.010663546115190681,1.487320359334258E-4,0.005307922759860166,0.021848773321491856,0.001344875276936827,1.7382713787795782E-4,2.1423085497390362E-4,1.8481108879661953E-4,1.8159471322333123E-4,4.321465420377633E-4,8.440650299163165E-4,0.001027181073768986,9.244643347811123E-4],[0.009581532132433908,0.0014633411542014333,0.0014217326896934065,9.034774776512226E-4,7.03790961533328E-4,0.0013855672510243782,1.0,7.924536459347595E-4,0.0012448910132265556,0.0016250928472192527,0.001535414274799903,0.0013186992923523342,0.05301414260481572,7.690505546599531E-4,0.005375845399054644,0.0013747631982573393,0.04905268592652888,0.0013133488457787365,6.808397279710722E-4,0.009199096066868952,8.998757275722333E-4,0.0013020977351988821,8.441542007258183E-4,1.0898847176990737E-4,2.6196537477720993E-4,7.975705642299544E-4,0.0012574407564714591,2.70140025970906E-4,0.0037187208481731003,8.763079207764853E-4,0.0059129863401583055,0.05360709055889589,0.0014011881042296026,2.4000908183250707E-5,7.789799670518346E-4,3.4774316878055287E-4,0.001243614548742937,0.0016928949521925378,0.0011914053747334342,0.0013111778720802094,0.001394823371262312],[0.003733417203870095,0.0013174854516838875,0.001481300857452469,1.2063335600065709E-4,1.2436191606198657E-4,1.9427193750011656E-4,7.924536459347595E-4,1.0,1.3619246164972188E-4,9.822490420272447E-4,0.0012149042095150548,2.645368324895915E-4,0.05793312209284512,1.0529204038263053E-4,0.007279833518098712,2.6083186096769546E-4,0.05558430637004211,2.944329997349529E-4,1.2877028415151243E-4,0.00384671316140193,1.8665210128857476E-4,9.506203382081442E-4,1.460991844941759E-4,9.21723522574638E-5,1.2373159255667777E-4,9.20957741354577E-5,1.239378798267538E-4,1.2392224252500572E-4,0.005770233825883915,1.3179180388424755E-4,0.010090158301868652,0.037277972523542396,1.3301094948465908E-4,9.36632464470829E-5,1.1472681830455733E-4,1.3989651713401929E-4,1.2581398588627625E-4,1.5476253826081485E-4,2.6904631772344087E-4,1.8781591069794718E-4,1.6152318736104593E-4],[0.005500583176224356,0.0010640073913197395,0.0014652739672863526,1.3625461119548692E-4,2.1418613927741208E-4,2.2552250858242864E-4,0.0012448910132265556,1.3619246164972188E-4,1.0,0.0015956557173373138,0.0013053091885044295,0.0011672733808929863,0.06053280083840062,2.488246505113535E-5,0.007578136255122293,4.3588182324020604E-4,0.03501707339185139,2.9617973995320617E-4,2.239045323926199E-4,0.011940544155358316,1.9214290344420854E-4,0.0011435066096480307,1.5159835514443406E-4,2.1868375714786487E-4,7.264140887246721E-5,1.8678245753800908E-4,1.7549083743469257E-4,1.8703175930649083E-4,0.0046820734867164425,2.302774090300222E-4,0.0021484699911204588,0.041322326826791544,7.685967693652838E-4,1.4532375547898E-4,5.9758159777464675E-5,2.0640545015794792E-4,2.1185249503822748E-4,0.0019324266239887553,9.011802215435184E-4,4.1747940395936846E-4,7.37488817155737E-4],[0.0030361625292577143,0.001616522676236846,0.001542917291785551,0.0013547740083992097,8.082824250888317E-4,0.0017596571486610405,0.0016250928472192527,9.822490420272447E-4,0.0015956557173373138,1.0,0.0015991291155305688,0.001405488704886906,0.01841789348369889,9.470731379526013E-4,0.012190821455721423,0.0016576657133318524,0.010064565383381628,0.00162753396041625,9.253832674094737E-4,0.011267263824222232,0.0011090437466691582,0.0013888260033680672,0.0010122641265988387,0.0015814518296580961,0.0015823494904127983,0.0011673437501936665,0.0015385873123605295,0.0014654092002105723,0.004574877988931201,7.712180013017428E-4,0.008997705146803007,0.0067965444647851425,0.0017465796777807905,6.489094360699345E-4,1.1338188657231782E-4,6.210282345300755E-4,3.8138996910217523E-4,0.0017609546136508056,0.0015488876640442149,0.001083196534322778,0.0016698170613445125],[0.0075562872766920305,0.001511407672006558,0.0015562037450924952,5.872258742446156E-4,3.421475975177431E-4,0.0015263831451839982,0.001535414274799903,0.0012149042095150548,0.0013053091885044295,0.0015991291155305688,1.0,0.0013419685417268529,0.0448892658154721,0.0013230092316311311,0.01002651021568598,0.0013662498328956309,0.034885210395207464,0.0015262994029022346,0.0014149030605344862,0.011879586095274145,8.168900046413196E-4,0.001396165392023565,4.3575774804926245E-4,9.381587395359001E-4,1.0861022108566835E-4,5.579050552107729E-4,0.0013239782073878599,5.719897687271035E-4,0.0034490718149820434,0.0011965116116374797,0.007034997098808388,0.02080889120954124,0.0015804356311560877,6.562030831483384E-4,0.0015040831989629386,3.65721736667002E-4,4.0048267757360504E-4,0.0017003704073639517,0.001404978030937883,0.0012483501069006113,0.0014888399203851533],[0.013233012676676818,0.0012283888352902655,0.0012409008066167713,6.007377833908447E-4,9.587186985586707E-4,3.401410780540532E-4,0.0013186992923523342,2.645368324895915E-4,0.0011672733808929863,0.001405488704886906,0.0013419685417268529,1.0,0.051907907015746955,2.771249992922541E-4,0.011619415286496699,0.0011160810494228366,0.004687548996258093,0.001222862378614257,0.001109021527233368,0.012634266841634652,4.7177385423071946E-4,0.0011993812982889172,2.749581582860972E-4,0.0011243807212535288,4.610110260587592E-4,7.57846381281019E-4,4.1604257729247965E-4,7.230322106338556E-4,0.010107847892367999,0.0011167773095974505,0.009129089014308828,0.06174536279602526,0.001419945066289757,8.517060804390671E-4,9.7913635641925E-4,8.844156734209117E-4,9.762364719127642E-4,0.0022308187526844294,0.0011890446365659512,0.0011324481815361781,0.001333128108915841],[0.06458990757747685,0.0019718949443830553,0.0152626921809139,0.03172550761675866,0.05565065515048193,0.059488000708177086,0.05301414260481572,0.05793312209284512,0.06053280083840062,0.01841789348369889,0.0448892658154721,0.051907907015746955,1.0,0.017641499107640086,0.03661687248897393,0.011484658584435146,0.07311980605296221,0.06453305453484726,0.05816626920146499,0.054252210032218126,0.02844146244357152,0.003653584296571799,0.04596194592564522,0.008356275329049635,0.0612291203202093,0.060111835302383,0.0271979825665956,1.6070410413105275E-4,0.015222665650416342,0.0023497403127912104,0.0371352616309597,0.06666666666666667,0.014434559054336275,0.02305178510414356,0.04381207009665518,0.031776061850219306,0.054852432127190306,0.008782363158976339,0.06499825578532338,0.06247916195411098,0.043315006644736156],[0.005416497926001645,0.0013423020165809112,0.0010858587871124827,6.913708374812893E-5,2.8977925675505158E-5,2.2850060703552184E-5,7.690505546599531E-4,1.0529204038263053E-4,2.488246505113535E-5,9.470731379526013E-4,0.0013230092316311311,2.771249992922541E-4,0.017641499107640086,1.0,0.0027141293357577046,4.8781216659807644E-4,0.05152637278130813,5.177554160586602E-4,1.6460243800513525E-4,0.0030321091254956857,7.71291801044033E-5,5.055991064717331E-4,9.40930947800098E-5,1.1965119110904497E-5,2.3631748678467865E-5,1.8785857693012076E-5,7.652007850076393E-5,9.930312725545535E-5,0.006553372150618738,8.403653010767383E-5,0.005216929232162908,0.011880272782814684,5.401251133106865E-4,1.412211214494349E-5,1.6276472786377347E-5,1.486703268824139E-4,3.268289765466815E-5,0.001986715749610048,4.090847087025967E-4,2.087985928356415E-4,1.9641072478122662E-4],[0.012515963038314435,0.00585359796271159,0.011354425341136842,4.1230482720890516E-4,0.005543642094007848,0.006244928453612045,0.005375845399054644,0.007279833518098712,0.007578136255122293,0.012190821455721423,0.01002651021568598,0.011619415286496699,0.03661687248897393,0.0027141293357577046,1.0,0.0057702621627784695,0.07860611386969048,0.009711267432444127,0.005862231181755197,0.014584023769799852,0.005054445854704011,0.009152575630121808,0.004524262304570202,0.0038861086229228514,0.011395254651298346,5.658676079528128E-4,0.010908514493521275,0.003208119407575809,0.012025391614576931,0.0076209331615853014,0.011028261004900165,0.0203836743780227,0.008443122018216287,0.00406440748952685,0.0026891552160175107,0.00728837218911829,0.00394062391722601,0.011794554485174382,0.004294323714459035,0.008670513702366215,0.01241578749706619],[0.00784260644988064,0.0013439398538457334,0.0014666212013771844,5.224975845879984E-4,4.2045524873667614E-4,4.246535521355236E-4,0.0013747631982573393,2.6083186096769546E-4,4.3588182324020604E-4,0.0016576657133318524,0.0013662498328956309,0.0011160810494228366,0.011484658584435146,4.8781216659807644E-4,0.0057702621627784695,1.0,0.0593729385057135,0.001097626445582189,3.106267268054801E-4,0.017386057530524485,7.93494645799884E-4,0.0011961339105633953,6.081883757026071E-4,6.460081186233532E-4,6.98872016694319E-5,3.370912687950158E-4,6.60772672313166E-4,9.419656930587722E-4,0.005567374543667539,3.72534363641592E-4,0.00819916734043733,0.04469733269523888,0.001351971983314079,3.867551883926453E-4,2.029604856325886E-4,2.084640835227606E-4,2.1097785962478994E-4,0.0023099992245236203,0.0011052979199561808,0.001058200025851023,0.0011655810864180142],[0.07749717479827437,0.05865524143464548,0.03621124156970486,0.04611400247070735,0.04536827013859015,0.02875429264209855,0.04905268592652888,0.05558430637004211,0.03501707339185139,0.010064565383381628,0.034885210395207464,0.004687548996258093,0.07311980605296221,0.05152637278130813,0.07860611386969048,0.0593729385057135,1.0,0.02211400851378353,0.006414664128227559,0.03515674035408352,0.01915333540691725,0.04423192673875066,0.003324308593047759,0.08034189440847919,0.019184612534224675,0.00713431855156159,0.029931952342352443,0.019979234432030254,0.015589655788595187,0.0540716570945154,0.07130863594865917,0.07340772821957423,0.06825939181545058,0.027631426037885827,0.026683301455821207,0.05650402981560616,0.04177843246827197,0.04278281271639008,0.06646138275315956,0.040185609653365546,0.06494785929591129],[0.013628398077985732,0.0014285000949463664,0.0014167644446461852,0.0011717479109222878,2.4632998323880927E-4,4.1825601666075794E-4,0.0013133488457787365,2.944329997349529E-4,2.9617973995320617E-4,0.00162753396041625,0.0015262994029022346,0.001222862378614257,0.06453305453484726,5.177554160586602E-4,0.009711267432444127,0.001097626445582189,0.02211400851378353,1.0,0.0010383497786086503,0.011843815956348319,4.227997334777166E-4,0.0012152414582383981,0.001026914356850553,6.378000233931174E-4,8.995574586777117E-4,2.107478180523571E-4,9.425849218225465E-4,2.1806634620754776E-4,0.010627344859254161,5.036339458863224E-4,0.008040399344341306,0.009413145558578811,0.0013195834956744674,8.599688374667329E-4,5.032689221347582E-4,2.2556242177647747E-4,1.3003967453184643E-4,0.003080667250405046,0.001166822081921669,0.001088977854263006,0.001363780735463066],[0.0010459790018066662,9.915777448903883E-4,5.074817798051503E-4,1.7530654718344384E-4,1.906685771891309E-4,2.1559839535188226E-4,6.808397279710722E-4,1.2877028415151243E-4,2.239045323926199E-4,9.253832674094737E-4,0.0014149030605344862,0.001109021527233368,0.05816626920146499,1.6460243800513525E-4,0.005862231181755197,3.106267268054801E-4,0.006414664128227559,0.0010383497786086503,1.0,0.010284770257200765,1.9388728685900563E-4,6.517184005502149E-4,1.5365858763576683E-4,1.0676550745791682E-4,8.002638763993904E-5,1.3726271443007014E-4,1.2455642288305564E-4,1.470648901081731E-4,0.006233094506410574,1.6568284158321317E-4,0.00873080086897406,0.004245186087923988,6.296527690363764E-4,8.967303428783447E-5,8.372597649093351E-5,1.9518797416012956E-4,1.6606814609844702E-4,0.0017039041874375217,9.818567676866989E-4,2.027756266401472E-4,0.0014413163705217233],[0.01873544581254037,0.015777829642902554,0.018670549617848975,0.004256990969858525,0.001918416710087248,0.016173602674761863,0.009199096066868952,0.00384671316140193,0.011940544155358316,0.011267263824222232,0.011879586095274145,0.012634266841634652,0.054252210032218126,0.0030321091254956857,0.014584023769799852,0.017386057530524485,0.03515674035408352,0.011843815956348319,0.010284770257200765,1.0,0.00637572592762773,0.010233028405097499,0.017605254807058737,0.0035293123426030967,0.014075817041899126,0.0073025119735902295,0.005302257346900013,0.005825616559361437,0.017654119537495523,0.011091648024884175,0.01763825963674489,0.052336761585082874,0.003075001929740737,0.015794287523010698,0.016249660048270356,0.015020467101580314,0.011237701062365001,0.0032341435031033685,0.003520986454072855,0.0076385791994125676,0.00682740012146446],[0.012999226252042192,3.016990292840046E-4,6.362502826307349E-4,1.5809555948770887E-4,1.320543122344957E-4,2.0365869462128482E-4,8.998757275722333E-4,1.8665210128857476E-4,1.9214290344420854E-4,0.0011090437466691582,8.168900046413196E-4,4.7177385423071946E-4,0.02844146244357152,7.71291801044033E-5,0.005054445854704011,7.93494645799884E-4,0.01915333540691725,4.227997334777166E-4,1.9388728685900563E-4,0.00637572592762773,1.0,6.099097179489121E-4,1.5798410180913817E-4,1.6543230001650052E-4,2.6485472703268806E-5,4.836851609973746E-5,1.8206681784701766E-4,1.5959267405676262E-4,0.0038121863455669843,1.7773190925325668E-4,0.0058034497477476325,0.034657719992023876,2.1795819141654736E-4,7.837369574746272E-5,1.4397964715738259E-4,1.5684011988968463E-4,1.5300372059658633E-4,0.0019479232888233995,7.950529748220138E-4,8.457644400848429E-4,2.171843566171218E-4],[0.006867691069609271,0.0013571310647048373,0.0013808382682229724,0.0011951495810483103,9.29341800219284E-4,3.3494106612118335E-4,0.0013020977351988821,9.506203382081442E-4,0.0011435066096480307,0.0013888260033680672,0.001396165392023565,0.0011993812982889172,0.003653584296571799,5.055991064717331E-4,0.009152575630121808,0.0011961339105633953,0.04423192673875066,0.0012152414582383981,6.517184005502149E-4,0.010233028405097499,6.099097179489121E-4,1.0,7.477079548121934E-4,5.036577824983955E-4,7.263529344635753E-4,9.88075430490629E-5,0.0010363854132748864,0.0010606366807668316,0.007516975930673671,6.065389758782276E-4,0.009283913445832952,0.05302418591079132,0.0012218292750978566,9.198995140557489E-4,0.0010096861683233738,0.0011370963595528024,3.7362587982689313E-4,0.002333311235238555,0.0011979458267546038,0.0011669732867793535,0.0013569050308847],[0.012987942771896686,2.1266048091192767E-4,0.0013946831656295989,1.413258324356824E-4,1.395764944920001E-4,2.1728397961735208E-4,8.441542007258183E-4,1.460991844941759E-4,1.5159835514443406E-4,0.0010122641265988387,4.3575774804926245E-4,2.749581582860972E-4,0.04596194592564522,9.40930947800098E-5,0.004524262304570202,6.081883757026071E-4,0.003324308593047759,0.001026914356850553,1.5365858763576683E-4,0.017605254807058737,1.5798410180913817E-4,7.477079548121934E-4,1.0,5.305436296709389E-5,6.796997333755427E-5,6.159719325482169E-5,1.4675840405410558E-4,1.4743340921555633E-4,0.008118007340260693,1.4320707798636234E-4,0.003528177733605353,0.05794690167920818,9.987484711929389E-4,8.621438053264357E-5,5.794837822053277E-5,1.5054909773881063E-4,1.3090928811993597E-4,0.0010263518287600905,9.874622042395506E-4,5.7960963457377E-4,0.0012757491896906456],[0.0030510419283079297,0.0013352513659641552,8.750515635661789E-4,9.232090737393102E-5,5.14761981289731E-5,2.0609943172741983E-4,1.0898847176990737E-4,9.21723522574638E-5,2.1868375714786487E-4,0.0015814518296580961,9.381587395359001E-4,0.0011243807212535288,0.008356275329049635,1.1965119110904497E-5,0.0038861086229228514,6.460081186233532E-4,0.08034189440847919,6.378000233931174E-4,1.0676550745791682E-4,0.0035293123426030967,1.6543230001650052E-4,5.036577824983955E-4,5.305436296709389E-5,1.0,1.5743867715311877E-5,2.5821696303986385E-5,9.191885380271822E-5,5.9013179540957824E-5,0.007187279506602354,1.752372532668444E-5,0.002617453779512817,0.014025476299443855,0.0010769874262860307,1.536166805092634E-5,1.2613981998973397E-5,4.655886343032419E-5,1.0663303864124109E-4,0.0012744312150133026,7.818857160856001E-4,1.8027658784806826E-4,0.0010042861689739677],[0.004349739926455321,6.315410851129582E-4,9.354919331529859E-4,1.1031521904258141E-4,8.323040265669797E-5,1.2819397445541797E-4,2.6196537477720993E-4,1.2373159255667777E-4,7.264140887246721E-5,0.0015823494904127983,1.0861022108566835E-4,4.610110260587592E-4,0.0612291203202093,2.3631748678467865E-5,0.011395254651298346,6.98872016694319E-5,0.019184612534224675,8.995574586777117E-4,8.002638763993904E-5,0.014075817041899126,2.6485472703268806E-5,7.263529344635753E-4,6.796997333755427E-5,1.5743867715311877E-5,1.0,2.68979126526078E-5,8.58755584229385E-5,9.966779297353297E-5,0.005736999260183549,1.1684034378658905E-4,0.010372578472636607,0.020228114364620256,1.8944262047325668E-4,2.0714186463133577E-5,2.316845446432993E-5,9.407852941607899E-5,3.901489448641977E-5,0.001130025374587531,8.891128581560963E-4,5.667378466205714E-4,1.6206469320623437E-4],[0.01317852802128982,1.6299745462870286E-4,8.957726809299409E-4,6.464554585720441E-5,6.630773014925677E-5,7.332742256213449E-5,7.975705642299544E-4,9.20957741354577E-5,1.8678245753800908E-4,0.0011673437501936665,5.579050552107729E-4,7.57846381281019E-4,0.060111835302383,1.8785857693012076E-5,5.658676079528128E-4,3.370912687950158E-4,0.00713431855156159,2.107478180523571E-4,1.3726271443007014E-4,0.0073025119735902295,4.836851609973746E-5,9.88075430490629E-5,6.159719325482169E-5,2.5821696303986385E-5,2.68979126526078E-5,1.0,7.109006881420944E-5,8.756993821535537E-5,0.00908410458823341,5.4627314388597916E-5,0.005120579013463808,0.02003904527497541,0.0014384575115189671,2.2810245917572205E-5,1.7617123031405224E-5,1.300236911728606E-4,6.492020268817604E-5,0.0026911796091238422,5.892848394335252E-4,4.7614988642755477E-4,0.0011450403724941913],[0.008728852533808918,8.623156275234391E-4,5.020506431938258E-4,1.1587866424371632E-4,1.169239003427135E-4,1.1965379197798444E-4,0.0012574407564714591,1.239378798267538E-4,1.7549083743469257E-4,0.0015385873123605295,0.0013239782073878599,4.1604257729247965E-4,0.0271979825665956,7.652007850076393E-5,0.010908514493521275,6.60772672313166E-4,0.029931952342352443,9.425849218225465E-4,1.2455642288305564E-4,0.005302257346900013,1.8206681784701766E-4,0.0010363854132748864,1.4675840405410558E-4,9.191885380271822E-5,8.58755584229385E-5,7.109006881420944E-5,1.0,1.060856038520273E-4,0.00808585680251535,1.2658970330916633E-4,9.269909035456988E-4,0.002119784698364885,2.767504450806321E-4,5.3752048478770365E-5,4.388222018023234E-5,1.48555181018779E-4,1.1659841958652415E-4,7.170791295395541E-4,6.545139449299637E-4,1.3024110245088145E-4,0.0013022363755577353],[0.011869171542028883,4.955390236372586E-4,4.351341716856171E-4,1.0908389028194406E-4,1.1537829472660298E-4,1.741882273285951E-4,2.70140025970906E-4,1.2392224252500572E-4,1.8703175930649083E-4,0.0014654092002105723,5.719897687271035E-4,7.230322106338556E-4,1.6070410413105275E-4,9.930312725545535E-5,0.003208119407575809,9.419656930587722E-4,0.019979234432030254,2.1806634620754776E-4,1.470648901081731E-4,0.005825616559361437,1.5959267405676262E-4,0.0010606366807668316,1.4743340921555633E-4,5.9013179540957824E-5,9.966779297353297E-5,8.756993821535537E-5,1.060856038520273E-4,1.0,0.010520687585670612,1.2380497595736357E-4,0.0015498688171923245,0.020992072676757186,0.0014378059708328812,3.357911153813207E-5,5.13759635446259E-5,1.2086988284407653E-4,1.1198007840116446E-4,0.0010299933314108242,1.814681875411429E-4,8.898907877758305E-4,6.341796291881469E-4],[0.012928513309445227,0.004012001469121921,0.009004108579014845,4.196220626988015E-4,0.008074583687568802,0.010663546115190681,0.0037187208481731003,0.005770233825883915,0.0046820734867164425,0.004574877988931201,0.0034490718149820434,0.010107847892367999,0.015222665650416342,0.006553372150618738,0.012025391614576931,0.005567374543667539,0.015589655788595187,0.010627344859254161,0.006233094506410574,0.017654119537495523,0.0038121863455669843,0.007516975930673671,0.008118007340260693,0.007187279506602354,0.005736999260183549,0.00908410458823341,0.00808585680251535,0.010520687585670612,1.0,5.585165582581772E-4,0.010801663838431994,0.012946930550176714,0.0042483422807840995,0.002292867004034338,0.007135993345031961,0.0070244923020288536,0.002319523148723297,0.0073097363959337865,0.008267901217983578,0.0014218170321810058,0.0034797225462850946],[0.0039484874740092005,0.001101944358238769,0.001172650345670077,1.2230265423622566E-4,1.2864391050551593E-4,1.487320359334258E-4,8.763079207764853E-4,1.3179180388424755E-4,2.302774090300222E-4,7.712180013017428E-4,0.0011965116116374797,0.0011167773095974505,0.0023497403127912104,8.403653010767383E-5,0.0076209331615853014,3.72534363641592E-4,0.0540716570945154,5.036339458863224E-4,1.6568284158321317E-4,0.011091648024884175,1.7773190925325668E-4,6.065389758782276E-4,1.4320707798636234E-4,1.752372532668444E-5,1.1684034378658905E-4,5.4627314388597916E-5,1.2658970330916633E-4,1.2380497595736357E-4,5.585165582581772E-4,1.0,0.007696312820731526,0.02653832738847241,0.0013514076219017352,7.224955335275194E-5,4.668375798542181E-5,1.3597409569001176E-4,1.3036710077574993E-4,0.00231034034699438,0.0010481552694922844,7.601657030141765E-4,2.807100306172441E-4],[0.01087806059558635,0.006682252909383811,0.006732324828540233,0.008137491309178638,0.005046881781896819,0.005307922759860166,0.0059129863401583055,0.010090158301868652,0.0021484699911204588,0.008997705146803007,0.007034997098808388,0.009129089014308828,0.0371352616309597,0.005216929232162908,0.011028261004900165,0.00819916734043733,0.07130863594865917,0.008040399344341306,0.00873080086897406,0.01763825963674489,0.0058034497477476325,0.009283913445832952,0.003528177733605353,0.002617453779512817,0.010372578472636607,0.005120579013463808,9.269909035456988E-4,0.0015498688171923245,0.010801663838431994,0.007696312820731526,1.0,0.010631536852066687,0.0023741988567469825,0.0028818506529782175,0.00908311107172772,0.005343377993509714,0.005878255566797218,0.003892394979307663,0.0012669470391877577,0.001332860105151565,0.0023757141924029912],[0.06123024168873854,0.0525715218072341,0.05768170542686185,1.824531783405454E-4,0.028481344877006202,0.021848773321491856,0.05360709055889589,0.037277972523542396,0.041322326826791544,0.0067965444647851425,0.02080889120954124,0.06174536279602526,0.06666666666666667,0.011880272782814684,0.0203836743780227,0.04469733269523888,0.07340772821957423,0.009413145558578811,0.004245186087923988,0.052336761585082874,0.034657719992023876,0.05302418591079132,0.05794690167920818,0.014025476299443855,0.020228114364620256,0.02003904527497541,0.002119784698364885,0.020992072676757186,0.012946930550176714,0.02653832738847241,0.010631536852066687,1.0,0.03022406733976241,0.01975077324963965,0.03683901160754366,0.036503027924869536,0.04486133978096471,0.009174303610942926,0.04800215590212372,0.03284958068001466,0.04466468572985533],[0.013613142307569829,0.0014846444118545052,0.0014760468085235992,0.0012740461530292597,3.0208602709779544E-4,0.001344875276936827,0.0014011881042296026,1.3301094948465908E-4,7.685967693652838E-4,0.0017465796777807905,0.0015804356311560877,0.001419945066289757,0.014434559054336275,5.401251133106865E-4,0.008443122018216287,0.001351971983314079,0.06825939181545058,0.0013195834956744674,6.296527690363764E-4,0.003075001929740737,2.1795819141654736E-4,0.0012218292750978566,9.987484711929389E-4,0.0010769874262860307,1.8944262047325668E-4,0.0014384575115189671,2.767504450806321E-4,0.0014378059708328812,0.0042483422807840995,0.0013514076219017352,0.0023741988567469825,0.03022406733976241,1.0,9.887231524869566E-4,5.760314978642074E-4,2.2530936503450537E-4,9.803138106981195E-4,0.0015291924495045505,0.001196087373292781,0.001378579076295011,0.00145627432901112],[0.005109501784617272,7.090362918145326E-4,0.001471915561741183,6.337572199027407E-5,9.536537246391777E-5,1.7382713787795782E-4,2.4000908183250707E-5,9.36632464470829E-5,1.4532375547898E-4,6.489094360699345E-4,6.562030831483384E-4,8.517060804390671E-4,0.02305178510414356,1.412211214494349E-5,0.00406440748952685,3.867551883926453E-4,0.027631426037885827,8.599688374667329E-4,8.967303428783447E-5,0.015794287523010698,7.837369574746272E-5,9.198995140557489E-4,8.621438053264357E-5,1.536166805092634E-5,2.0714186463133577E-5,2.2810245917572205E-5,5.3752048478770365E-5,3.357911153813207E-5,0.002292867004034338,7.224955335275194E-5,0.0028818506529782175,0.01975077324963965,9.887231524869566E-4,1.0,1.6330785237654404E-5,9.618312368713737E-5,5.7490113550256945E-5,0.0021236154121692385,9.396620949698774E-4,4.6094478153932975E-4,0.0012211266239244335],[0.012022560836260843,9.614175701390002E-4,9.584953690297031E-4,1.867457397336258E-5,7.123728898270628E-5,2.1423085497390362E-4,7.789799670518346E-4,1.1472681830455733E-4,5.9758159777464675E-5,1.1338188657231782E-4,0.0015040831989629386,9.7913635641925E-4,0.04381207009665518,1.6276472786377347E-5,0.0026891552160175107,2.029604856325886E-4,0.026683301455821207,5.032689221347582E-4,8.372597649093351E-5,0.016249660048270356,1.4397964715738259E-4,0.0010096861683233738,5.794837822053277E-5,1.2613981998973397E-5,2.316845446432993E-5,1.7617123031405224E-5,4.388222018023234E-5,5.13759635446259E-5,0.007135993345031961,4.668375798542181E-5,0.00908311107172772,0.03683901160754366,5.760314978642074E-4,1.6330785237654404E-5,1.0,9.186172760066163E-5,6.251244183546553E-5,0.0010419889152435242,3.5479960847860424E-4,0.0010359256708716363,4.552930617804694E-4],[0.011449447684195336,6.101154645842881E-4,0.0011954749199989943,1.4654409681314815E-4,1.3079583129180437E-4,1.8481108879661953E-4,3.4774316878055287E-4,1.3989651713401929E-4,2.0640545015794792E-4,6.210282345300755E-4,3.65721736667002E-4,8.844156734209117E-4,0.031776061850219306,1.486703268824139E-4,0.00728837218911829,2.084640835227606E-4,0.05650402981560616,2.2556242177647747E-4,1.9518797416012956E-4,0.015020467101580314,1.5684011988968463E-4,0.0011370963595528024,1.5054909773881063E-4,4.655886343032419E-5,9.407852941607899E-5,1.300236911728606E-4,1.48555181018779E-4,1.2086988284407653E-4,0.0070244923020288536,1.3597409569001176E-4,0.005343377993509714,0.036503027924869536,2.2530936503450537E-4,9.618312368713737E-5,9.186172760066163E-5,1.0,1.3503556398637942E-4,0.0019512788705692075,0.0010348771875979264,7.392798542936123E-4,0.0012069715680254705],[0.006926110908688246,0.001319918717100761,0.0011931069735901714,1.2290090882451752E-4,1.257397970703369E-4,1.8159471322333123E-4,0.001243614548742937,1.2581398588627625E-4,2.1185249503822748E-4,3.8138996910217523E-4,4.0048267757360504E-4,9.762364719127642E-4,0.054852432127190306,3.268289765466815E-5,0.00394062391722601,2.1097785962478994E-4,0.04177843246827197,1.3003967453184643E-4,1.6606814609844702E-4,0.011237701062365001,1.5300372059658633E-4,3.7362587982689313E-4,1.3090928811993597E-4,1.0663303864124109E-4,3.901489448641977E-5,6.492020268817604E-5,1.1659841958652415E-4,1.1198007840116446E-4,0.002319523148723297,1.3036710077574993E-4,0.005878255566797218,0.04486133978096471,9.803138106981195E-4,5.7490113550256945E-5,6.251244183546553E-5,1.3503556398637942E-4,1.0,0.00294040231370941,6.971047729419478E-4,7.071170185753284E-4,8.080195875977066E-4],[0.011798712229843952,0.0023023961145361483,0.0022748630162133356,0.0023980619851391343,0.001860879482560638,4.321465420377633E-4,0.0016928949521925378,1.5476253826081485E-4,0.0019324266239887553,0.0017609546136508056,0.0017003704073639517,0.0022308187526844294,0.008782363158976339,0.001986715749610048,0.011794554485174382,0.0023099992245236203,0.04278281271639008,0.003080667250405046,0.0017039041874375217,0.0032341435031033685,0.0019479232888233995,0.002333311235238555,0.0010263518287600905,0.0012744312150133026,0.001130025374587531,0.0026911796091238422,7.170791295395541E-4,0.0010299933314108242,0.0073097363959337865,0.00231034034699438,0.003892394979307663,0.009174303610942926,0.0015291924495045505,0.0021236154121692385,0.0010419889152435242,0.0019512788705692075,0.00294040231370941,1.0,0.0013281115116018053,0.0020128274086992767,0.0016335267769016183],[0.008456826420292983,0.001144439397891913,0.0012672650233157222,7.125984130672926E-4,8.719201407815969E-4,8.440650299163165E-4,0.0011914053747334342,2.6904631772344087E-4,9.011802215435184E-4,0.0015488876640442149,0.001404978030937883,0.0011890446365659512,0.06499825578532338,4.090847087025967E-4,0.004294323714459035,0.0011052979199561808,0.06646138275315956,0.001166822081921669,9.818567676866989E-4,0.003520986454072855,7.950529748220138E-4,0.0011979458267546038,9.874622042395506E-4,7.818857160856001E-4,8.891128581560963E-4,5.892848394335252E-4,6.545139449299637E-4,1.814681875411429E-4,0.008267901217983578,0.0010481552694922844,0.0012669470391877577,0.04800215590212372,0.001196087373292781,9.396620949698774E-4,3.5479960847860424E-4,0.0010348771875979264,6.971047729419478E-4,0.0013281115116018053,1.0,0.0011065849477004763,0.0013762225969921548],[0.011154231892638936,0.0011371195822050435,0.0013817616528830484,2.4242309306779183E-4,1.3720320828675313E-4,0.001027181073768986,0.0013111778720802094,1.8781591069794718E-4,4.1747940395936846E-4,0.001083196534322778,0.0012483501069006113,0.0011324481815361781,0.06247916195411098,2.087985928356415E-4,0.008670513702366215,0.001058200025851023,0.040185609653365546,0.001088977854263006,2.027756266401472E-4,0.0076385791994125676,8.457644400848429E-4,0.0011669732867793535,5.7960963457377E-4,1.8027658784806826E-4,5.667378466205714E-4,4.7614988642755477E-4,1.3024110245088145E-4,8.898907877758305E-4,0.0014218170321810058,7.601657030141765E-4,0.001332860105151565,0.03284958068001466,0.001378579076295011,4.6094478153932975E-4,0.0010359256708716363,7.392798542936123E-4,7.071170185753284E-4,0.0020128274086992767,0.0011065849477004763,1.0,0.0013747795661744452],[0.0054958726853647725,0.0015007464107793299,0.0015029155982717575,5.130436530131115E-4,4.093084131100114E-4,9.244643347811123E-4,0.001394823371262312,1.6152318736104593E-4,7.37488817155737E-4,0.0016698170613445125,0.0014888399203851533,0.001333128108915841,0.043315006644736156,1.9641072478122662E-4,0.01241578749706619,0.0011655810864180142,0.06494785929591129,0.001363780735463066,0.0014413163705217233,0.00682740012146446,2.171843566171218E-4,0.0013569050308847,0.0012757491896906456,0.0010042861689739677,1.6206469320623437E-4,0.0011450403724941913,0.0013022363755577353,6.341796291881469E-4,0.0034797225462850946,2.807100306172441E-4,0.0023757141924029912,0.04466468572985533,0.00145627432901112,0.0012211266239244335,4.552930617804694E-4,0.0012069715680254705,8.080195875977066E-4,0.0016335267769016183,0.0013762225969921548,0.0013747795661744452,1.0]]