[[1.0,3.0164994918841214E-4,1.899981128299562E-5,0.01805787505536653,4.462533181291136E-4,6.63692420001033E-5,1.263239736645373E-4,1.377065582565869E-4,3.637702146312743E-4,5.042462522183721E-5,2.3743200521985558E-5,2.4110973437891037E-4,3.06596438260223E-4,1.0921304472246899E-4,0.0037829504337675156,2.226194803778806E-5,1.325466555172892E-4,1.0839156967667743E-5,2.4253611826586982E-4,0.002809756318587829,6.882557566663566E-5,1.1896082868258067E-4,0.014849609043415915,1.0598612093284724E-4,0.0024804674185607634,1.0013957166554276E-4,3.040724489866461E-4,1.3768507291459067E-4,0.00261670303774263,1.5492342377844556E-4,8.125636135055341E-5,0.003470582655594074,5.5108776927919936E-5,2.3736758922488307E-5,3.1548202504487797E-4,0.016846868178278393,1.0292192352982111E-4,1.4911157146624333E-4,3.7345801064264894E-4,7.567685078553429E-4,0.0011215380346280429,2.1137854597485058E-4,7.547398007476123E-5,8.462787807975412E-4,2.884446073522939E-5,2.284439555110038E-4,5.537694126238275E-4,1.1793881557068336E-4,6.487994189953579E-4,0.003213491341986761,8.358520488302124E-5,0.007753614752593245,3.970066668922976E-5,0.027306269663526794,1.376016406911612E-4,0.0014748665378096209,5.961290861009271E-5],[3.0164994918841214E-4,1.0,5.966487442411649E-4,0.02302089732501928,9.314119597262481E-4,7.423206642858107E-4,6.928941118792842E-4,3.4935648511494555E-4,0.009379051629416636,2.5623115092109365E-4,1.4407676594445582E-4,5.542972860756341E-4,0.0010632449244982476,3.106560189810076E-4,0.001953823805677455,1.0886564732230461E-4,6.683017659651775E-4,6.583198338011933E-4,8.729423687215153E-4,0.00523248357515371,6.639803692798657E-4,6.506748421326845E-4,0.017997906793194317,2.8038111992121696E-4,0.0028658690281108904,9.418022688731435E-5,7.129924451913798E-4,5.019790417809787E-4,0.0013012881161373227,6.237625696302212E-4,2.670110240570237E-4,0.01460202981845207,6.95769552896048E-4,2.973037243426135E-4,6.416814371040952E-4,0.010903008447960463,3.0124113767519877E-4,4.1657408557130337E-4,0.0010791966971849492,0.001149120679086742,0.0010266727409277798,6.367242806591007E-4,2.995000352861365E-4,0.0010836517336847503,1.8212632651588972E-4,6.067715257915556E-4,0.008355306704327716,6.663726055968309E-4,7.938252509385818E-4,0.002296123459970491,1.274536681665653E-4,0.004285459449168974,3.6085317029252315E-4,0.016586905950203974,5.833572729148928E-4,0.0014884734452497563,5.645947233171156E-4],[1.899981128299562E-5,5.966487442411649E-4,1.0,0.016974328167149808,2.134842795138053E-4,1.2899814747206233E-5,8.287100867244572E-5,6.626456151828575E-5,0.011106237832360378,1.3697827013149326E-5,1.4232973654856445E-5,1.258696846172009E-4,1.1480192154115351E-4,3.6514412042751694E-5,0.003315094699555677,1.552696642605358E-5,3.687105053748038E-4,1.4376021092876023E-5,0.001297305972147525,0.004767372499686737,1.3471715089086464E-5,1.395624531077967E-4,0.018196992651831716,8.342131884435066E-5,0.001344510765554976,1.1947383658242355E-5,2.969058735160688E-4,1.2928363681194714E-4,0.0024502424390301374,2.153999962049758E-4,1.526620597927396E-5,0.005127699969656854,2.472334760080669E-5,1.5620419127707045E-5,3.4919028615250337E-4,0.0012705370869677498,2.2490168908755922E-5,1.2123490743564144E-4,6.588137734887234E-4,9.963948111402275E-4,4.3847679938127546E-5,4.72948096743954E-5,4.4885451855873656E-5,5.909331865101835E-4,1.850111189604952E-5,1.0001927456965458E-4,0.007911833236920893,4.985715215870596E-5,2.035402138158716E-4,0.004073158359107951,2.032364731667029E-5,0.006283752324597399,1.4259378801996247E-5,0.024550076588007123,1.7100261939457018E-4,5.10461371083761E-4,1.7845842822416404E-5],[0.01805787505536653,0.02302089732501928,0.016974328167149808,1.0,0.021682385417164225,0.016809721567410386,0.01128767938935464,0.0014501277254187726,0.024293900423970543,0.018066506534473458,0.020613758198961347,0.0023346484341914622,0.010034475448917939,0.012830641799850816,0.009415419201684448,0.01765219562094274,0.006774389138109114,0.019044917977842267,0.02155398772335972,0.010770952764164265,0.020442394646323216,0.013562265697543504,0.024339739516737003,0.0011773025277550407,0.015448824426862458,0.009572053443783365,0.0026168808029196555,0.013269792151830594,0.008970277091467747,0.009800720031963542,0.010403055147641126,0.01691463925555956,0.005357463245113408,0.012769775406642883,0.004903066922804929,0.02331696092949237,0.0036950027222646563,0.014579239600072586,0.02163179835055498,0.00746142219474223,0.004692007391110869,0.022105624516232707,0.016556076548835393,0.01996605801461126,0.015855024271340622,0.008757300904949982,0.021745588592228495,0.01955617438569188,0.0021734243665814854,0.021507683378237944,0.022699901371826765,0.009480887344553521,0.004968620793908796,0.02711258805476682,0.0051194686882657155,0.016693445006640557,0.014339237959613208],[4.462533181291136E-4,9.314119597262481E-4,2.134842795138053E-4,0.021682385417164225,1.0,2.0060814715379519E-4,0.0010177844232115837,9.361869142902677E-4,0.009538378038883268,6.713169366869636E-4,8.171991808302157E-4,8.539421441615528E-4,0.0011564986736215344,6.289305511902073E-4,0.0032134157000974946,6.45941672228754E-4,5.32659706632449E-4,4.415925162027087E-5,0.0010784829208173143,0.003994263799366361,4.108829353783451E-4,5.787176172378848E-4,0.007206044584525913,7.032722320101144E-4,0.0010850895611207894,6.00235055969877E-4,6.608474916373064E-4,3.682433850351976E-4,0.0013322527782016929,5.228647454354782E-4,1.568195638576021E-4,0.003074882512468852,4.0942619973695745E-4,4.1433243955827254E-5,7.364348108949762E-4,0.003162451301332074,6.825006278935526E-4,2.4493376687641336E-4,0.0012035944533135916,0.0010752606858991608,0.0015219321077082943,8.545172175100947E-4,7.014547878374603E-5,0.0011266110985825985,9.842317478831598E-4,6.342283310041141E-4,0.011648015843315861,8.615848360794692E-4,0.0010710698150470945,0.012807157829800632,1.0147435549417445E-4,0.0011005248091020081,3.1471475936165066E-4,0.024016020721645638,9.110584557992717E-4,0.0014715610340789809,3.89181885249746E-4],[6.63692420001033E-5,7.423206642858107E-4,1.2899814747206233E-5,0.016809721567410386,2.0060814715379519E-4,1.0,8.268501079927379E-5,1.0798879583425646E-4,0.0012018802224096872,1.1450052734125906E-5,1.1363466224737959E-5,5.7592727208589604E-5,9.559830951052772E-4,1.942410890268554E-5,0.001540827273633039,1.5932940215858368E-5,2.9765832726235623E-4,1.1218787711662808E-5,0.0015454448374660585,0.004444293902657984,1.0993174433188791E-5,7.877947680383793E-5,0.003195758688402004,4.817746298756494E-5,7.290540008656126E-4,1.1584634005956196E-5,5.783895086170433E-5,7.483543279416854E-5,9.26424725807298E-4,7.391335123234041E-5,1.5154136641422643E-5,0.0054997954727492035,1.650758290041232E-5,1.4122009746678279E-5,2.0641275161814847E-4,0.0032068078790957874,2.4291018394409146E-5,5.745079529954975E-5,2.3031552432094005E-4,0.0012492313537334774,6.476993595567859E-4,9.845167889482393E-5,2.4758288416583475E-5,1.1393395633134756E-4,1.8458382573404155E-5,2.152857169832098E-4,3.28127617559825E-4,1.1336864245399073E-4,2.6497834795664524E-4,0.011859574403327003,1.409609256352322E-5,8.282367169422083E-4,1.2901065094926457E-5,0.0018722003398603047,1.1047521464191371E-4,0.001799616704004588,1.2892725677139434E-5],[1.263239736645373E-4,6.928941118792842E-4,8.287100867244572E-5,0.01128767938935464,0.0010177844232115837,8.268501079927379E-5,1.0,2.21701649132442E-4,0.010733049521243682,6.0384914467076387E-5,7.040722938121002E-5,1.3941858786902848E-4,0.0010074882387309273,1.1105401017113033E-4,0.0038048948651778604,4.105886514439087E-5,4.7917220554494607E-4,9.983612606179577E-5,0.0010938224583889847,0.003683857782744934,3.332410710164424E-5,1.6124869555517166E-4,0.008748467612297832,1.1811527344260205E-4,0.0014349226185245633,2.5736351670433502E-5,2.0408890519374087E-4,1.4060376422831352E-4,0.0022356923876923245,1.8398718731188262E-4,3.330331199576912E-5,0.0094441482570671,1.0412107693616863E-4,1.257397523188093E-4,3.9315385527205254E-4,0.0035502482471656475,1.163012145238786E-4,1.4844371418849047E-4,3.865623486446313E-4,6.856536799047955E-4,4.631251374051286E-4,1.922927657769741E-4,8.812867240688699E-5,4.5031328700535344E-4,1.0048259812843138E-4,2.12348752098454E-4,0.0032930199775635595,1.2900013265942638E-4,7.934868630725281E-4,0.0042963443265947214,7.902099903910887E-5,0.006712081200557502,6.335955136981347E-5,0.023603661899176967,2.438824278347263E-4,6.895395091894136E-4,8.100385067921615E-5],[1.377065582565869E-4,3.4935648511494555E-4,6.626456151828575E-5,0.0014501277254187726,9.361869142902677E-4,1.0798879583425646E-4,2.21701649132442E-4,1.0,0.0022292501933827255,5.2735017304823755E-5,2.0451356381415443E-4,2.3425679103307014E-4,0.0011654412550379494,1.6831769036664197E-4,0.0021338816042158542,1.1126328199715708E-4,2.764093231943992E-4,1.0651372059913761E-4,0.0012720434495415692,0.001576733257774906,8.149114011985628E-5,2.0105940055380417E-4,0.009596545429831425,1.3380146619457127E-4,0.0018049522446634961,6.198984447829416E-5,3.749058409465121E-4,2.1043911557930064E-4,0.0012597000467366784,2.177722765145418E-4,8.700917956253867E-5,0.002101615617757997,5.780906164145521E-5,2.0561904498102754E-4,3.7324313952345485E-4,0.019789853691649484,3.5263969183226544E-5,1.6694715325458602E-4,0.0013062254919819567,9.960090999669344E-4,6.641740650669718E-4,2.2393312614590698E-4,1.1603765955852863E-4,4.3421278026059497E-4,8.338111204821754E-5,2.2578906485088535E-4,0.009167165051559676,1.4208880438025632E-4,4.278876737428253E-4,0.0032323695114118106,9.094993627797335E-5,0.004055237934137454,2.146167545279233E-4,0.009144330012071393,2.9888261883982746E-4,0.00178709740376824,1.5056020740642328E-4],[3.637702146312743E-4,0.009379051629416636,0.011106237832360378,0.024293900423970543,0.009538378038883268,0.0012018802224096872,0.010733049521243682,0.0022292501933827255,1.0,0.006983199123435,0.0050585169657252505,0.008837800516051738,0.006068898237058104,0.005564494659084784,0.009311179288431618,0.0018332409923667921,0.007346440095079516,0.0067170953439276765,0.005766933261545854,0.007097842157552394,0.004842476653554567,0.006897209599871679,0.015634972596419043,0.005271694423714057,0.00735729814111469,7.947359840340598E-4,0.005247616348445854,0.0017250178594265025,0.005021798853749556,0.006293961832074563,7.563780854742452E-5,0.011984925656074445,0.002013323272896107,0.001802022499103617,0.00551551744239944,0.012626975308263937,1.9164968418083713E-4,0.006891363677793069,0.002746799165525376,0.009128696723981207,0.007958546946977906,0.0012176386118221898,0.0010220501275940898,0.0021852508781918627,0.006831380840102061,0.003175721513078298,0.013362415324119003,0.00295056873194722,0.004619825048285362,0.01672794275216223,0.004992921597326662,0.008741276819392355,0.006091173981938694,0.02411353729548501,0.003518368760750108,0.0042935575792531445,0.007714608680174088],[5.042462522183721E-5,2.5623115092109365E-4,1.3697827013149326E-5,0.018066506534473458,6.713169366869636E-4,1.1450052734125906E-5,6.0384914467076387E-5,5.2735017304823755E-5,0.006983199123435,1.0,1.1172790612177897E-5,7.120792918169632E-5,1.652314704718913E-4,1.0123134881178441E-4,4.1307457798167254E-4,1.5427286922016497E-5,1.6901993539272846E-4,1.071185278042577E-5,0.0015534101865000145,0.0052058258061152525,1.083753758112532E-5,1.46173326441833E-4,0.0021488560960979926,1.024804232147938E-4,0.0021306124429822004,1.1541079940793871E-5,3.9128469007950834E-4,7.732210892343321E-5,4.485126641225326E-4,2.0391600045192444E-4,1.2136897357779733E-5,0.014327897143980747,2.0501868580516944E-5,1.4695129363032236E-5,8.968063717650978E-5,0.007453519468437592,1.7429716384318076E-5,9.72323335479265E-5,0.0012133459397849849,3.8813776135371866E-4,5.782590055207547E-4,3.0002834884233746E-5,5.699253186231454E-5,0.0010383483980336832,1.463837692393534E-5,2.0807141984613536E-4,0.0017127986109308259,3.0109373233107505E-5,1.9328875918662376E-4,0.003677687815236475,1.1393366057927335E-5,0.005511394919653903,1.1565048469651405E-5,0.004087116949545678,2.9045151406633947E-4,2.3875794080996976E-4,1.2591237370479743E-5],[2.3743200521985558E-5,1.4407676594445582E-4,1.4232973654856445E-5,0.020613758198961347,8.171991808302157E-4,1.1363466224737959E-5,7.040722938121002E-5,2.0451356381415443E-4,0.0050585169657252505,1.1172790612177897E-5,1.0,1.007257387238585E-4,5.749088303170207E-4,1.0336230628450282E-4,9.888636770379847E-4,1.4088381386614291E-5,3.097296893956328E-4,1.0928393379057265E-5,6.122870174742253E-4,0.003853277697652205,1.0629141232413625E-5,5.6568129849471254E-5,0.00586035541286535,1.5802200971398596E-5,5.8775181400345E-4,1.1325497140125101E-5,1.4550015823803074E-4,1.06227211089824E-4,0.0018952568580953885,1.328910464922798E-4,1.4539525230249427E-5,2.6958769932217087E-4,2.418145652131247E-5,1.4818543923018126E-5,3.185300170263737E-4,0.005365859551010475,2.2522045833891392E-5,1.0191352026751749E-4,9.794326052400039E-4,0.001010951745903245,9.203885275183901E-4,3.50278557175153E-5,4.5040956038800334E-5,3.5864860198887356E-4,2.6924657174787192E-5,9.669064847106581E-5,0.012949066122090905,2.127699452687698E-5,7.775471044817615E-4,0.003521108213401343,1.4904414216356297E-5,0.006807603705729553,1.2998086545381042E-5,0.024952440227575527,1.6081128675549399E-4,4.311267162298688E-4,1.3243639779671513E-5],[2.4110973437891037E-4,5.542972860756341E-4,1.258696846172009E-4,0.0023346484341914622,8.539421441615528E-4,5.7592727208589604E-5,1.3941858786902848E-4,2.3425679103307014E-4,0.008837800516051738,7.120792918169632E-5,1.007257387238585E-4,1.0,5.788098636517205E-4,2.2831642063297008E-4,8.130775349059164E-4,8.762821437163151E-5,4.4297912448568985E-4,2.0329118860372221E-4,6.726494289248492E-4,0.0035316558285282997,1.8677122650195152E-4,2.469888556561289E-4,0.00960749033262833,1.4373637523302813E-4,8.123893488122332E-4,1.1397246276171977E-4,3.0445517362421074E-4,1.7982815563960522E-4,0.0024031152019643727,2.2845559599434477E-4,4.583791411801413E-5,0.010483736263588193,1.7007833492649698E-4,8.097733176104868E-5,3.7547142807950674E-4,0.0025227024066196376,2.1335013340940598E-4,2.0617928254138056E-4,0.0012819158800528184,0.001265498409637995,2.7329503122314425E-4,2.5186296376223847E-4,1.521354967384785E-4,6.846836886926406E-4,1.8091411056785436E-4,2.4291455145233502E-4,0.010621118684818937,1.722500602190672E-4,7.326907439780319E-4,0.01616058020198935,2.00950747084601E-4,0.0020970097012683406,6.48775096503229E-5,0.022453086361403893,2.6168999622997347E-4,0.0013360353216704637,1.1803313626517446E-4],[3.06596438260223E-4,0.0010632449244982476,1.1480192154115351E-4,0.010034475448917939,0.0011564986736215344,9.559830951052772E-4,0.0010074882387309273,0.0011654412550379494,0.006068898237058104,1.652314704718913E-4,5.749088303170207E-4,5.788098636517205E-4,1.0,4.2257802383570604E-4,0.0032399457630520054,8.39451371039072E-4,5.47926247367435E-4,0.001023221392831381,0.0012659873859374663,0.0024896270727607995,8.617823318133076E-5,8.091440751076443E-4,0.013330241300995936,3.25030714772969E-4,0.0025646707522053967,2.4403484369156837E-4,0.0010822204211649328,6.735015807892851E-4,0.0013182776060135226,0.0011744928705998729,4.1952495803582483E-4,0.008796896556056444,0.0010640781506418727,9.281531657565964E-4,7.625372731289574E-4,0.0025053689580826826,7.496023525838366E-4,3.3352486214427397E-4,0.0013877323864311191,0.001302427628800312,0.0016033182299188202,7.528990022067476E-4,6.165296179382074E-4,0.0011959978509154662,1.5033978811167248E-4,3.9317650762698924E-4,0.001492694784133527,4.8616266779656105E-4,0.0011996212616242905,0.006475996813102578,8.957549781928655E-4,0.003537388419738315,3.3564748481035517E-4,0.018345494884213165,0.0010965072232998973,0.0012665738600854256,9.437161634743126E-4],[1.0921304472246899E-4,3.106560189810076E-4,3.6514412042751694E-5,0.012830641799850816,6.289305511902073E-4,1.942410890268554E-5,1.1105401017113033E-4,1.6831769036664197E-4,0.005564494659084784,1.0123134881178441E-4,1.0336230628450282E-4,2.2831642063297008E-4,4.2257802383570604E-4,1.0,2.0247974364623876E-4,4.0474214234766475E-5,2.758876792610594E-4,1.604031004186285E-5,8.352109425681528E-4,5.448633145398632E-4,5.481976902530409E-5,1.228843747020529E-4,0.003815381783629886,1.0532041521816256E-4,0.0033875359095435816,5.8512920645937095E-5,1.6449137605762082E-4,1.2485780040182492E-4,0.0016953000814842773,1.809185902923054E-4,4.370286390668253E-5,0.0023432162867500946,7.633874928720223E-5,6.024586084888936E-5,3.354701838363742E-4,0.011396604165111361,1.0878492891446169E-4,1.1829085297355703E-4,2.6891222115772565E-4,3.8708826749975195E-4,4.5876184767817946E-4,1.422714801228173E-4,7.552199005779518E-5,6.274524743167583E-4,1.0704436930005802E-4,1.4879034700252138E-4,0.011119561461938958,1.1105431874898569E-4,2.257460221251986E-4,0.010126101609809746,4.796094050274772E-5,0.003826911978457049,8.90821483342231E-5,0.0046687300260293075,1.6114361117323532E-4,9.526584019323132E-4,9.294047027276969E-5],[0.0037829504337675156,0.001953823805677455,0.003315094699555677,0.009415419201684448,0.0032134157000974946,0.001540827273633039,0.0038048948651778604,0.0021338816042158542,0.009311179288431618,4.1307457798167254E-4,9.888636770379847E-4,8.130775349059164E-4,0.0032399457630520054,2.0247974364623876E-4,1.0,0.002014158095701354,0.0034032382529463954,0.001859180976622606,0.0034693749661145815,0.004875413077708561,0.0026018874301108126,0.0010173378250043258,0.014016352250522005,0.0025698984676542406,0.003859916060125322,0.00239446827707836,0.0035487240062470823,0.002489557633276621,0.003376309258158293,0.0025552710340596137,2.3082050958843288E-4,0.01059928536644729,8.995405714935893E-4,0.0018568229571069453,4.3380946831969385E-4,0.016373644886949854,8.109870366636267E-4,0.0039000072383279525,0.003186207958931257,0.0021569851636608845,0.0031399693596353296,0.0030248974313288107,8.375509425536004E-5,0.002006552385116215,0.002921811506533629,0.0033851508909653015,0.015219596316029359,0.003221115139022759,0.0032082629965824853,0.009176372918325779,5.237394022774921E-4,0.006235340897223013,0.0033560800083176114,0.009667580687566658,0.004020942415758354,0.0038538021733763943,0.0023124382461901186],[2.226194803778806E-5,1.0886564732230461E-4,1.552696642605358E-5,0.01765219562094274,6.45941672228754E-4,1.5932940215858368E-5,4.105886514439087E-5,1.1126328199715708E-4,0.0018332409923667921,1.5427286922016497E-5,1.4088381386614291E-5,8.762821437163151E-5,8.39451371039072E-4,4.0474214234766475E-5,0.002014158095701354,1.0,2.0672330220943125E-4,1.0634728882389217E-5,0.0016650681332996654,0.00437675281924778,1.5115945256915147E-5,5.8674556985371116E-5,0.0019891852758496245,7.012865764324402E-5,0.0024475555191833293,1.3729428489999474E-5,1.691477800021714E-4,5.641678274389906E-5,0.0016964312532542812,6.353203880940926E-5,1.59959192201726E-5,0.012844894995843825,2.4424571907032157E-5,1.5773043854066967E-5,1.626599672984924E-4,0.014697621697081774,2.439937072758827E-5,8.325694253255881E-5,1.1818483864499872E-4,5.625064064162732E-4,0.0011592187173646135,8.619817137436689E-5,2.694893545028322E-5,8.060724630711E-4,2.248526122135291E-5,1.9544908678607956E-4,0.011229470359430472,1.0571086222533027E-4,8.195296395709985E-4,0.009397548580042294,2.2000193886140056E-5,0.004974217765180925,1.3177459943540847E-5,0.023635636623115682,2.2039894702655382E-4,6.24955773459332E-4,1.8026745234468906E-5],[1.325466555172892E-4,6.683017659651775E-4,3.687105053748038E-4,0.006774389138109114,5.32659706632449E-4,2.9765832726235623E-4,4.7917220554494607E-4,2.764093231943992E-4,0.007346440095079516,1.6901993539272846E-4,3.097296893956328E-4,4.4297912448568985E-4,5.47926247367435E-4,2.758876792610594E-4,0.0034032382529463954,2.0672330220943125E-4,1.0,4.6675226884374985E-4,9.853159283896929E-4,0.00366967546859203,1.695244169017645E-4,4.1971922925448116E-4,0.01741855841658485,1.0718853186643882E-4,0.0010068229573631825,3.7654512080652537E-4,4.7669449529410635E-4,2.5554367576411193E-4,0.0014522086888757782,3.132517985787185E-4,2.978690206441231E-4,0.007379096779208963,3.773404728921099E-4,3.797754381463726E-4,4.6038308658818885E-4,0.01277141706911078,4.7661256206223503E-4,2.4232155861327834E-4,9.572109149850576E-4,7.880902849889599E-4,0.001324674834642485,2.6483082687925715E-4,4.580958028648951E-4,8.081944810753784E-4,2.714179309871452E-4,3.903395113967918E-4,0.0038840416973439946,2.1770660058273395E-4,5.506911731472181E-4,0.0056167044673030575,3.394834996459454E-4,0.005647185490164491,4.625320623640049E-4,0.02384325804849184,4.874276042941832E-4,0.0018113605874413535,4.481696175677625E-4],[1.0839156967667743E-5,6.583198338011933E-4,1.4376021092876023E-5,0.019044917977842267,4.415925162027087E-5,1.1218787711662808E-5,9.983612606179577E-5,1.0651372059913761E-4,0.0067170953439276765,1.071185278042577E-5,1.0928393379057265E-5,2.0329118860372221E-4,0.001023221392831381,1.604031004186285E-5,0.001859180976622606,1.0634728882389217E-5,4.6675226884374985E-4,1.0,2.0610809601543458E-4,0.00203217372786997,1.0248014803010128E-5,8.081981353268727E-5,0.016272922573047105,3.4892140045168886E-5,0.0031350777888390228,1.0871047290016026E-5,3.0509665624164683E-4,1.0228782016881704E-4,0.0021394390356105583,1.1637837713665436E-4,1.2386965709810294E-5,9.019062298708903E-5,1.618420213622881E-5,1.0744004108707905E-5,1.8117165115533564E-4,0.01122867203595178,2.0374377149501786E-5,7.208164538588463E-5,0.0010228190095886197,1.3768956825835475E-5,0.0013653626965097305,1.6837677212375307E-4,1.9227512766265128E-5,4.973786486010753E-4,1.2884155162621037E-5,5.2044609255594324E-5,0.012985913319014733,2.1066398297504012E-5,3.968145383156028E-4,0.006671658579009674,1.8334763906432323E-5,0.006920278625239647,1.2218188544719217E-5,0.015037021698585862,1.0134630470563713E-4,2.1794455663878533E-4,1.1108132341917262E-5],[2.4253611826586982E-4,8.729423687215153E-4,0.001297305972147525,0.02155398772335972,0.0010784829208173143,0.0015454448374660585,0.0010938224583889847,0.0012720434495415692,0.005766933261545854,0.0015534101865000145,6.122870174742253E-4,6.726494289248492E-4,0.0012659873859374663,8.352109425681528E-4,0.0034693749661145815,0.0016650681332996654,9.853159283896929E-4,2.0610809601543458E-4,1.0,0.0031883827091260474,2.738017865609448E-4,4.5623113837200085E-4,0.01425289069876814,0.001096708992937752,0.002477243328068709,0.0011089336576098141,4.6440167314451184E-4,0.001500137495858595,0.0018902972175902143,5.73598102836346E-4,2.486103933732882E-4,0.014810219665880687,0.0011482113233105599,4.0559672460302497E-4,0.001662415841737931,0.009106518848650692,4.50876699928499E-4,8.306964708065863E-4,0.0015958181540434982,0.0016038148375256242,0.001623394480045716,6.200385795801323E-4,3.0459530326887085E-4,0.0012639358759715888,4.7395244808320377E-4,9.021281146421285E-4,0.0030542698930616065,0.0013251156181620528,0.0010275274148034757,0.017154137755142566,9.005651471462424E-4,0.003487658912699674,0.0013734908936450505,0.007471283398420549,0.0014893272116072458,0.001753181670916263,6.87066712185925E-4],[0.002809756318587829,0.00523248357515371,0.004767372499686737,0.010770952764164265,0.003994263799366361,0.004444293902657984,0.003683857782744934,0.001576733257774906,0.007097842157552394,0.0052058258061152525,0.003853277697652205,0.0035316558285282997,0.0024896270727607995,5.448633145398632E-4,0.004875413077708561,0.00437675281924778,0.00366967546859203,0.00203217372786997,0.0031883827091260474,1.0,0.002625783552247253,0.004025692580254222,0.014845086135962818,0.0024238526932939923,0.00466990879236516,3.3566268817476937E-4,0.00411905916501982,0.0012898021720289207,0.0051334937025522415,9.488641196440042E-4,0.0013290064489179317,0.012026181912258222,0.0020760923873239406,0.004478839454653843,5.630751899452815E-4,0.010707114141311754,0.005169779214768803,5.632108859586364E-4,0.004548841544150494,0.001607835010958763,0.002222058177830945,0.005080994255903403,0.005058375750791246,0.003732581409800616,0.002632587323529501,0.0010174963494025257,0.008717868418301567,0.005424939286156536,0.002839463801447546,0.01534366627432062,0.0031373949896810246,0.007291214982124007,0.005186936892379934,0.025204288677767448,0.0011194073067177855,0.0038060721905471295,0.004250412721773708],[6.882557566663566E-5,6.639803692798657E-4,1.3471715089086464E-5,0.020442394646323216,4.108829353783451E-4,1.0993174433188791E-5,3.332410710164424E-5,8.149114011985628E-5,0.004842476653554567,1.083753758112532E-5,1.0629141232413625E-5,1.8677122650195152E-4,8.617823318133076E-5,5.481976902530409E-5,0.0026018874301108126,1.5115945256915147E-5,1.695244169017645E-4,1.0248014803010128E-5,2.738017865609448E-4,0.002625783552247253,1.0,3.6417369821013515E-5,0.012049778222053512,7.915639827658016E-5,0.0022591392099829822,1.1073983111810608E-5,1.9574091654418857E-4,6.851346806843491E-5,7.501001612401384E-4,1.5427570761614173E-4,1.2032765262854495E-5,0.004394539865557862,1.3486610722630956E-5,1.4586354634217895E-5,1.8959403949477444E-5,0.013634955181633946,1.3782363830056378E-5,1.0318229576614346E-4,4.551924243787133E-4,1.893073176122364E-4,8.400272073536585E-5,2.0216601171314384E-4,1.8400084792472773E-5,7.059521264628763E-5,2.2423359346258308E-5,1.2496523347076778E-4,0.008814557416607091,2.855361533541988E-5,3.1069583844897024E-4,0.0020430452295664096,1.0618917504369439E-5,0.0070869344921929,1.077827201247562E-5,0.01847692033198541,1.686156251388711E-4,0.001569995541372261,1.3816093009242973E-5],[1.1896082868258067E-4,6.506748421326845E-4,1.395624531077967E-4,0.013562265697543504,5.787176172378848E-4,7.877947680383793E-5,1.6124869555517166E-4,2.0105940055380417E-4,0.006897209599871679,1.46173326441833E-4,5.6568129849471254E-5,2.469888556561289E-4,8.091440751076443E-4,1.228843747020529E-4,0.0010173378250043258,5.8674556985371116E-5,4.1971922925448116E-4,8.081981353268727E-5,4.5623113837200085E-4,0.004025692580254222,3.6417369821013515E-5,1.0,0.003184774975198202,1.63183250394289E-4,0.001947497124991343,9.625998912764547E-5,3.938801174876134E-4,1.5831258940271955E-4,0.0023019513956957123,1.7891769358456425E-4,1.643629320924241E-4,0.007615967641036853,4.84867604135905E-5,5.672669028180109E-5,2.909712171934491E-4,0.01905090335782214,5.5211065412399154E-5,1.6421014699114934E-4,0.0012797512244717272,0.0012565946393819586,9.622620118035252E-4,2.062488537515381E-4,1.2289898250161162E-4,6.071329506497693E-4,1.1374393244610131E-4,1.7655495002479447E-4,0.0064941837127788695,1.3115361158829063E-4,2.398818905052616E-4,0.011116906115648506,7.304958986904963E-5,0.004458568016775034,5.5736528107488915E-5,0.018812564859807684,3.0470818750276754E-4,0.0013201712754860543,1.6337302211872772E-4],[0.014849609043415915,0.017997906793194317,0.018196992651831716,0.024339739516737003,0.007206044584525913,0.003195758688402004,0.008748467612297832,0.009596545429831425,0.015634972596419043,0.0021488560960979926,0.00586035541286535,0.00960749033262833,0.013330241300995936,0.003815381783629886,0.014016352250522005,0.0019891852758496245,0.01741855841658485,0.016272922573047105,0.01425289069876814,0.014845086135962818,0.012049778222053512,0.003184774975198202,1.0,0.015512727584188719,0.004546445335398919,0.006032448518378131,0.004753883726684066,0.004926492625965745,0.010530169166814006,0.009461454866704262,0.009409996452796008,0.016543335160771985,0.011463146259472737,0.013134921954300256,0.012206838985663888,0.019839526626818184,0.010496019781980157,0.01068624149264646,0.008089268746511454,0.005391503178459888,0.004899975847509386,0.015603713519063414,0.01722996891401218,0.012165801733042958,0.012933639921913084,9.6422996604558E-4,0.01565074346972121,0.008742316467989638,0.014340758971483254,0.018086201133757453,0.014945500999900658,0.012035561245720368,0.008668711642220708,0.02276521664324349,0.01600013096841468,0.01150295122603245,0.0051175252554335774],[1.0598612093284724E-4,2.8038111992121696E-4,8.342131884435066E-5,0.0011773025277550407,7.032722320101144E-4,4.817746298756494E-5,1.1811527344260205E-4,1.3380146619457127E-4,0.005271694423714057,1.024804232147938E-4,1.5802200971398596E-5,1.4373637523302813E-4,3.25030714772969E-4,1.0532041521816256E-4,0.0025698984676542406,7.012865764324402E-5,1.0718853186643882E-4,3.4892140045168886E-5,0.001096708992937752,0.0024238526932939923,7.915639827658016E-5,1.63183250394289E-4,0.015512727584188719,1.0,4.396120193760972E-4,4.627051384940844E-5,3.10495993808502E-4,1.2416079656172175E-4,0.0018885303794723726,1.7044747382692047E-4,1.983164010250131E-5,0.006052413417675154,9.147357163080778E-5,8.541478367294318E-5,2.943622376344445E-4,0.01100470107324463,5.176166691816251E-5,1.1871255120163063E-4,0.0012773168904507708,3.674529987706571E-4,8.923166153475657E-4,1.1806579345350584E-4,8.145126887190945E-5,6.663204388807573E-4,4.2969188358255616E-5,1.940964428290786E-4,0.0016750020003205514,1.1961107831876337E-4,3.3995602754442516E-4,0.011407594515502892,9.77354206629666E-5,0.008115301580599024,2.8951663419238335E-5,0.012132785561248804,2.0455181817410545E-4,0.001292824926119178,5.444734226760301E-5],[0.0024804674185607634,0.0028658690281108904,0.001344510765554976,0.015448824426862458,0.0010850895611207894,7.290540008656126E-4,0.0014349226185245633,0.0018049522446634961,0.00735729814111469,0.0021306124429822004,5.8775181400345E-4,8.123893488122332E-4,0.0025646707522053967,0.0033875359095435816,0.003859916060125322,0.0024475555191833293,0.0010068229573631825,0.0031350777888390228,0.002477243328068709,0.00466990879236516,0.0022591392099829822,0.001947497124991343,0.004546445335398919,4.396120193760972E-4,1.0,1.7894429116599195E-4,5.964343796490732E-4,0.0028790638046386394,0.0033462740909698404,0.0015971178372829308,0.003228170371968359,0.007785555875742561,0.003236196901026294,0.0033845790197383125,0.0034064250310720974,0.004022885047298437,0.0025704642105888542,0.0022136767773758424,0.003126836714742856,0.0017784595674904251,0.0025756425934557767,9.733408886837513E-4,9.116014400179209E-4,0.0019811443465698286,0.001191862339424344,0.002174056572020419,0.015085004189158464,0.0034086721477251023,0.0018234607578528602,0.006511692715635159,0.002219864756658479,0.004334277815173732,0.0027964299468821873,0.021457571096463998,0.0015602176555467094,0.0030109121085466354,0.0018074913488855633],[1.0013957166554276E-4,9.418022688731435E-5,1.1947383658242355E-5,0.009572053443783365,6.00235055969877E-4,1.1584634005956196E-5,2.5736351670433502E-5,6.198984447829416E-5,7.947359840340598E-4,1.1541079940793871E-5,1.1325497140125101E-5,1.1397246276171977E-4,2.4403484369156837E-4,5.8512920645937095E-5,0.00239446827707836,1.3729428489999474E-5,3.7654512080652537E-4,1.0871047290016026E-5,0.0011089336576098141,3.3566268817476937E-4,1.1073983111810608E-5,9.625998912764547E-5,0.006032448518378131,4.627051384940844E-5,1.7894429116599195E-4,1.0,3.79091648461438E-4,1.3898571266399523E-4,0.0018836492981579994,2.0207051696391858E-4,1.3554377825035555E-5,0.009682795779717666,2.525112179452132E-5,1.507055150519209E-5,1.0986091866603159E-4,0.007878213127059535,1.3448914427014184E-5,9.280858191887467E-5,4.5786463918740276E-4,1.3393838727948783E-4,1.2960535912989263E-4,2.496625821891234E-4,4.639806034166395E-5,4.2352948037879503E-4,2.036943397974691E-5,8.507119354050175E-5,0.00599980988531781,4.4251232150522086E-5,5.719047419771038E-4,0.005796307466407576,1.988546338924652E-5,0.001751148203119673,1.2944752752702083E-5,0.0025138757069974936,2.0886085272404847E-4,6.915430907544322E-4,1.683221510141382E-5],[3.040724489866461E-4,7.129924451913798E-4,2.969058735160688E-4,0.0026168808029196555,6.608474916373064E-4,5.783895086170433E-5,2.0408890519374087E-4,3.749058409465121E-4,0.005247616348445854,3.9128469007950834E-4,1.4550015823803074E-4,3.0445517362421074E-4,0.0010822204211649328,1.6449137605762082E-4,0.0035487240062470823,1.691477800021714E-4,4.7669449529410635E-4,3.0509665624164683E-4,4.6440167314451184E-4,0.00411905916501982,1.9574091654418857E-4,3.938801174876134E-4,0.004753883726684066,3.10495993808502E-4,5.964343796490732E-4,3.79091648461438E-4,1.0,2.866060698898552E-4,4.521046495326786E-4,2.948085910569028E-4,2.8059934191156663E-4,6.345004887371363E-4,1.643085473634115E-4,1.2432454406988489E-4,4.0507906308917676E-4,0.018779748649003038,9.828272095401184E-5,2.992299984692302E-4,0.0012900640023562925,5.447397004435346E-4,5.211594939902403E-4,3.299001965713031E-4,3.174927236831792E-4,8.368067825720587E-4,3.0202483123989475E-4,3.3809946239405714E-4,0.0015375799304527928,2.8931290804399054E-4,6.555627837144994E-4,0.010452138091285606,2.8620865660847975E-4,0.006121457110123732,3.680565368119695E-5,0.012730714329140313,3.327217854671953E-4,5.219321924162452E-4,1.5250183450351456E-4],[1.3768507291459067E-4,5.019790417809787E-4,1.2928363681194714E-4,0.013269792151830594,3.682433850351976E-4,7.483543279416854E-5,1.4060376422831352E-4,2.1043911557930064E-4,0.0017250178594265025,7.732210892343321E-5,1.06227211089824E-4,1.7982815563960522E-4,6.735015807892851E-4,1.2485780040182492E-4,0.002489557633276621,5.641678274389906E-5,2.5554367576411193E-4,1.0228782016881704E-4,0.001500137495858595,0.0012898021720289207,6.851346806843491E-5,1.5831258940271955E-4,0.004926492625965745,1.2416079656172175E-4,0.0028790638046386394,1.3898571266399523E-4,2.866060698898552E-4,1.0,0.0025885103046916044,2.0090741343662815E-4,1.3572713468412606E-4,0.0035015746472755837,3.367557609982943E-5,8.27162327856618E-5,2.087188029874539E-4,0.016443117773379718,3.2215512549198995E-5,1.4888090987816215E-4,0.0010172630009141145,4.770252592869935E-4,8.914307349814422E-4,2.127028891963557E-4,1.4638049940955664E-4,0.0011402498938498523,6.483783311902558E-5,1.7008724462554795E-4,0.0026165106039969135,1.2589237945120774E-4,3.914735353396301E-4,0.003690678650429562,1.2559844523866168E-4,5.011998550238688E-4,1.9280452975888757E-5,0.01745216971740698,2.282639793390803E-4,0.0016154111260213723,7.486072410395503E-5],[0.00261670303774263,0.0013012881161373227,0.0024502424390301374,0.008970277091467747,0.0013322527782016929,9.26424725807298E-4,0.0022356923876923245,0.0012597000467366784,0.005021798853749556,4.485126641225326E-4,0.0018952568580953885,0.0024031152019643727,0.0013182776060135226,0.0016953000814842773,0.003376309258158293,0.0016964312532542812,0.0014522086888757782,0.0021394390356105583,0.0018902972175902143,0.0051334937025522415,7.501001612401384E-4,0.0023019513956957123,0.010530169166814006,0.0018885303794723726,0.0033462740909698404,0.0018836492981579994,4.521046495326786E-4,0.0025885103046916044,1.0,0.0024646976814071925,0.0024219231087262367,0.014195783530884805,0.0025366260258422486,0.0022127932102588704,6.238835779715582E-4,0.00751396165338329,0.0024903727247475626,2.0131263788521908E-4,0.0017709724480931906,0.0024000311403212828,0.0022535150735858217,0.0015567334993454858,0.0013983335547329443,0.001520468038442676,0.001205652475665614,7.020139558649038E-4,0.009816167422330237,2.1223910860352786E-4,0.002160154899844043,0.015548118417959935,0.0015712272275367337,0.005195790334070958,9.475371367967934E-4,0.018368124279209763,0.0020631411602726113,0.002435909690802182,8.634799159312004E-4],[1.5492342377844556E-4,6.237625696302212E-4,2.153999962049758E-4,0.009800720031963542,5.228647454354782E-4,7.391335123234041E-5,1.8398718731188262E-4,2.177722765145418E-4,0.006293961832074563,2.0391600045192444E-4,1.328910464922798E-4,2.2845559599434477E-4,0.0011744928705998729,1.809185902923054E-4,0.0025552710340596137,6.353203880940926E-5,3.132517985787185E-4,1.1637837713665436E-4,5.73598102836346E-4,9.488641196440042E-4,1.5427570761614173E-4,1.7891769358456425E-4,0.009461454866704262,1.7044747382692047E-4,0.0015971178372829308,2.0207051696391858E-4,2.948085910569028E-4,2.0090741343662815E-4,0.0024646976814071925,1.0,1.347337160870012E-4,0.014422686221464125,8.753655138376238E-5,1.73116624233761E-4,2.240687566084216E-4,0.014253579916015426,4.1025674955792653E-5,1.5385309851536998E-4,4.4236233648887546E-4,9.138862005721831E-4,0.0015414033440988453,2.1785242552067196E-4,1.0657485639391408E-4,7.493942095389491E-4,3.424653284588958E-5,2.1989412356722456E-4,0.009051025378727012,1.9003122962085825E-4,8.712309976199535E-4,0.008746306613666793,2.029895946463579E-4,0.003359525248110285,8.078457832699967E-5,0.025469816454927324,2.923473251998618E-4,0.0015857655978620136,2.1079464971555256E-4],[8.125636135055341E-5,2.670110240570237E-4,1.526620597927396E-5,0.010403055147641126,1.568195638576021E-4,1.5154136641422643E-5,3.330331199576912E-5,8.700917956253867E-5,7.563780854742452E-5,1.2136897357779733E-5,1.4539525230249427E-5,4.583791411801413E-5,4.1952495803582483E-4,4.370286390668253E-5,2.3082050958843288E-4,1.59959192201726E-5,2.978690206441231E-4,1.2386965709810294E-5,2.486103933732882E-4,0.0013290064489179317,1.2032765262854495E-5,1.643629320924241E-4,0.009409996452796008,1.983164010250131E-5,0.003228170371968359,1.3554377825035555E-5,2.8059934191156663E-4,1.3572713468412606E-4,0.0024219231087262367,1.347337160870012E-4,1.0,0.015327105382950642,2.212734032767749E-5,1.5632092168231955E-5,3.2617066967573146E-4,0.012481663227384048,2.442753489572664E-5,1.4293135748166927E-4,5.436586682392749E-4,3.0448579950569235E-4,0.0010116630602833394,1.9205433877256823E-4,4.1913676405840305E-5,0.001049022030897105,1.5680015386414123E-5,6.89808001175875E-5,0.00515443309366473,1.0962663845281226E-4,5.1571939233909205E-5,0.004459797560107657,1.9940002582078068E-5,0.004103964385330314,1.4171811288384395E-5,0.023847235295123156,2.3105265704188846E-4,3.918038964593298E-4,1.7009329961989998E-5],[0.003470582655594074,0.01460202981845207,0.005127699969656854,0.01691463925555956,0.003074882512468852,0.0054997954727492035,0.0094441482570671,0.002101615617757997,0.011984925656074445,0.014327897143980747,2.6958769932217087E-4,0.010483736263588193,0.008796896556056444,0.0023432162867500946,0.01059928536644729,0.012844894995843825,0.007379096779208963,9.019062298708903E-5,0.014810219665880687,0.012026181912258222,0.004394539865557862,0.007615967641036853,0.016543335160771985,0.006052413417675154,0.007785555875742561,0.009682795779717666,6.345004887371363E-4,0.0035015746472755837,0.014195783530884805,0.014422686221464125,0.015327105382950642,1.0,0.0064564830993365544,0.0031882368961540833,0.005439343120105249,0.01834688485747924,0.005239405148595945,0.007380759146385439,0.0048693956746465985,0.012843444243662983,0.006489672048385227,0.015038276444908476,0.014551180290794363,0.0016581429598466406,0.005458333420635526,0.011790625045647303,0.015625,0.014488905293909083,0.014602389338811361,0.016022576142761247,0.012314473647934462,0.00991422752913374,0.007014388130556003,0.022087289613956985,0.0059828824906738125,0.0054331188360557375,3.200923051354858E-4],[5.5108776927919936E-5,6.95769552896048E-4,2.472334760080669E-5,0.005357463245113408,4.0942619973695745E-4,1.650758290041232E-5,1.0412107693616863E-4,5.780906164145521E-5,0.002013323272896107,2.0501868580516944E-5,2.418145652131247E-5,1.7007833492649698E-4,0.0010640781506418727,7.633874928720223E-5,8.995405714935893E-4,2.4424571907032157E-5,3.773404728921099E-4,1.618420213622881E-5,0.0011482113233105599,0.0020760923873239406,1.3486610722630956E-5,4.84867604135905E-5,0.011463146259472737,9.147357163080778E-5,0.003236196901026294,2.525112179452132E-5,1.643085473634115E-4,3.367557609982943E-5,0.0025366260258422486,8.753655138376238E-5,2.212734032767749E-5,0.0064564830993365544,1.0,2.0643801251451515E-5,1.739615507686386E-4,0.0018004383192651353,2.5636947413964382E-5,1.1857871616921749E-4,7.3587847734294E-4,0.0013177559311035693,7.499332675437021E-4,1.8774683033748814E-4,2.6174890292227507E-5,7.69224482163929E-4,2.6504697937096005E-5,2.1192392564831072E-4,0.0024445798354289726,7.928081524934267E-5,4.896227403792854E-4,0.010683718405103328,2.5010110842652832E-5,0.005295135865577934,2.127393110886481E-5,0.006438058346846456,2.4720792806277647E-4,0.0013238104920141967,2.2202231445921285E-5],[2.3736758922488307E-5,2.973037243426135E-4,1.5620419127707045E-5,0.012769775406642883,4.1433243955827254E-5,1.4122009746678279E-5,1.257397523188093E-4,2.0561904498102754E-4,0.001802022499103617,1.4695129363032236E-5,1.4818543923018126E-5,8.097733176104868E-5,9.281531657565964E-4,6.024586084888936E-5,0.0018568229571069453,1.5773043854066967E-5,3.797754381463726E-4,1.