[[1.0,2.8750057886001336E-4,0.0023211666320892654,1.2381584414659493E-4,2.0662358584872664E-4,2.1343448494023942E-4,0.001215333205797035,2.2824953756322882E-4,0.001204485611379138,1.0213398648729781E-4,0.0010833643056571817,1.2497252154708142E-4,9.359514216090293E-4,3.834301889171428E-4,0.00496461689684081,6.665096849582087E-4,6.302642708822432E-4,2.4734469882180704E-4,8.132875202060815E-4,2.0012906000924544E-4,2.226205979796934E-4,2.0633236528663345E-4,8.031961570020587E-4,2.2762766145999663E-4,1.5136744565453087E-4,3.6028389497088113E-4,9.458440763531995E-4,1.3855717184303688E-4,9.828269579965686E-4,0.0015261610820716059,2.0782231552247255E-4,5.895978117181846E-4,0.0027860516068655794,0.005897106013143409,2.3359724533759816E-4,0.005985583669495211,3.54188938890153E-4,1.7626542297292345E-5,1.9406613304089472E-4,0.0011534871848373385,1.8906186664871218E-4,2.3149712386978568E-4,4.009053196625952E-4,2.1813721808708688E-4,3.1074657871129696E-4,4.507223967379625E-4,9.008222646532779E-4,6.444011927677102E-4,2.275462365598354E-4,1.6625415260060998E-4,0.004306891009045633,0.013247263196878066],[2.8750057886001336E-4,1.0,0.0013413898468079988,4.854980829480563E-4,2.729878623889991E-4,0.0010516169186096946,0.0018330648998508036,8.207633767822775E-4,0.001343815173843588,5.559081265015919E-4,0.0012259787180661625,2.1451336939429168E-4,0.0012626012044917403,0.0010620129788853183,0.016588242951872893,0.001069916984381815,0.001074669772432556,0.00122790000384927,0.0011057646615663683,8.988667263235714E-4,4.6956163867665525E-4,2.2116978162361916E-4,0.0014439763727828142,5.301349068576821E-4,9.526776925213562E-4,5.861060372867205E-4,0.0016930264891495707,0.0010140260551042787,0.0011509572516153817,0.0023123402797900977,3.389540969636862E-4,8.782926679229631E-4,0.001873484913095502,0.0033034122965662086,9.222729786203377E-4,0.011304120316389566,7.044077504936932E-4,1.4550638948628063E-4,8.583481957819489E-4,0.00397969935016095,1.8885762840422965E-4,0.0010339918746173377,0.0010177819587848386,0.0010657275758891025,0.0013086079820554234,8.295343803110447E-4,0.0014226383284457497,0.0032300287940876596,8.986689824645024E-4,8.144851743126487E-4,0.019540000524957662,0.010908408755705099],[0.0023211666320892654,0.0013413898468079988,1.0,0.001290082486560367,0.0010420829675920021,0.0013994271765549629,0.0030575963009585377,0.0028192591412928175,0.0020760517500721582,0.001428692287042777,0.0024324058664477164,0.0012791301328550424,0.0023054833122675387,0.002944747594012378,0.06229376441406463,0.0014917396763851648,0.0020882515610155298,0.003402204539365157,0.001670888475310875,0.002588623482689226,5.354608756006546E-4,0.0017026738276053322,0.00492547094027084,0.0029318848811562916,4.0342162744349115E-4,8.072352605707268E-4,0.0028836762053747436,1.7888367599496835E-4,0.003042160948074435,0.0025323671897475187,0.0021494704121267022,0.0023809193213050078,0.015918539783044822,0.0033562114270471264,0.0015596152750036686,0.009232451797630145,0.0029589046894817543,0.001630706123678695,2.1714083963130548E-4,0.0033406543974941576,0.002643759178881701,0.0022165931910448533,0.0014188123558255886,0.0018097477941636563,0.0024795497627996647,0.0027996842143196265,0.0023058380541562794,0.005300047116975588,0.0011034270530498624,0.003023497789113388,0.023272180875428983,0.011669449080653071],[1.2381584414659493E-4,4.854980829480563E-4,0.001290082486560367,1.0,1.2682953683057868E-4,9.546121688148774E-5,0.0014862955197376582,4.8272577004132375E-5,6.280020047957197E-4,1.0668969901406072E-5,4.016962895381975E-4,1.1577933772268093E-5,1.6166129076847823E-4,8.495043647976722E-5,0.012693462495193363,2.559992453146077E-4,9.098690144816147E-4,0.00425195568608826,1.1798179605733204E-4,1.1495237215012435E-5,6.702594190882924E-5,1.3665068066797043E-4,0.00679628655782151,5.166054508467692E-5,2.8990394431407917E-5,2.962811473585049E-4,7.4464427524372E-4,8.614039089387697E-5,0.0011596645176076266,0.0012292737624106738,1.5064061740972256E-5,3.6022633167583177E-4,0.014881983782005047,0.0021757830665334447,4.481642913706323E-5,0.01205922122022042,3.420701382487117E-4,1.4341856312549405E-5,1.1800180744085867E-5,0.001980683417525712,4.3912730560140746E-5,8.733604713627782E-5,6.81037723849963E-4,1.3354526271903413E-4,1.2778620592655475E-5,1.8925693985910588E-4,6.821777434654229E-5,8.377972129871224E-5,3.996499221936814E-5,1.4315544049521082E-5,0.011475602084407413,0.012672396416644112],[2.0662358584872664E-4,2.729878623889991E-4,0.0010420829675920021,1.2682953683057868E-4,1.0,1.4250711883700002E-4,0.001090211789674859,1.7855179763845194E-4,0.0013373254419203964,8.414712101210567E-5,3.2107006139782407E-4,4.611221867184981E-5,4.005072126176761E-4,3.950320061662893E-4,0.03597525387804951,1.773177496553782E-4,7.158115337090283E-4,0.0013466200753177646,4.984439994448198E-4,1.105072524223056E-4,1.2878398637079395E-4,1.615518167649791E-4,0.0035700351922751013,1.1579822746166614E-4,9.403164428120858E-5,1.2893668560092338E-4,8.581293081579E-4,1.0598607163125195E-4,0.0011660670672918548,3.057004820514055E-4,1.267115241023515E-4,2.0057790515928174E-4,0.013656447911811245,0.004719385110502151,1.7885561115043468E-4,0.002539011566107423,3.554147653357812E-4,6.454904044087676E-5,1.2464262103108762E-4,3.40370015547541E-4,1.2323284836091743E-4,2.0436172121296046E-4,2.0421997534999665E-4,1.4943263916112796E-4,9.97100331403655E-4,5.004059267286534E-4,7.679226740178155E-4,0.005259331593163558,1.552190108782818E-4,4.3719738193939555E-5,0.026218588343714627,0.012917575475815039],[2.1343448494023942E-4,0.0010516169186096946,0.0013994271765549629,9.546121688148774E-5,1.4250711883700002E-4,1.0,0.0021115673018733093,1.5857439259127343E-4,2.5615565674728914E-4,6.583402133740009E-5,0.0014501822953585726,6.068743611188895E-5,8.635840941735015E-4,1.522845282577297E-4,0.05312530631940081,5.077247813397498E-4,5.497476521459741E-4,0.0019362305219463374,0.0011593481259527093,1.2721679084099353E-4,1.3255011679720306E-4,1.7670228694880287E-4,0.0027790035942253516,1.1780101942290436E-4,4.826588143907538E-5,2.915007667051477E-4,0.0011904880493685656,1.3069715990866735E-4,0.001227043799822088,9.493731512955592E-4,8.198258902056697E-5,3.1132611247908904E-4,0.014186698335676538,0.004073609719469238,1.6319164031563185E-4,0.008236062478724326,3.500640085889702E-4,2.3338696564172007E-5,1.2170348312679978E-4,8.61076768557126E-4,1.3266791686953277E-4,1.777665435221485E-4,6.418563422814994E-4,1.561751889494435E-4,0.0012589151043840602,6.091510475850605E-4,0.0010013254681317807,0.00142727572599562,1.7102135774626172E-4,9.984416512005355E-5,0.022380942763425723,0.009397416155234685],[0.001215333205797035,0.0018330648998508036,0.0030575963009585377,0.0014862955197376582,0.001090211789674859,0.0021115673018733093,1.0,9.260858590182884E-4,0.0014104158485558618,0.002632201744193771,0.0029176266539396273,0.0018613215093951127,0.0015257660011333404,0.0013622195260004153,0.06047800655721634,0.001890333660224141,0.002728968574906,0.0035875235483813286,0.0018672607664362998,0.001829695564218658,0.0011208399984177517,8.401053362166051E-4,0.008731683727500833,0.0017082059038063461,2.1919475551167278E-4,0.0014709046034457065,0.0027174769303865845,0.0011521080019432947,0.0016725530339404303,0.0029393370577150755,0.002496839208162639,0.002149176804459389,0.01443706767044797,0.003175973389588379,8.597557070262964E-4,0.010985205655239874,9.472556325849327E-4,0.0020920083461556634,0.0029205274657439443,0.003571174389480528,0.0012360182912082881,0.002239872139639903,0.0012564349336796905,0.002547465231511983,0.002108032215387138,0.0017744245872295067,0.001759181910700835,0.004278782336738864,0.0021599769944843435,0.0010614579086400033,0.010287792253340953,0.0063172721702848605],[2.2824953756322882E-4,8.207633767822775E-4,0.0028192591412928175,4.8272577004132375E-5,1.7855179763845194E-4,1.5857439259127343E-4,9.260858590182884E-4,1.0,0.0011424668649696872,1.722020579380366E-4,7.547080042910631E-4,8.264459880445901E-5,3.561437759597207E-4,3.949902705657949E-4,0.011082889196127717,3.057909855001869E-4,6.734383710187304E-4,0.0032158708557198453,0.0014199303010156055,3.127610723757123E-5,1.6707267968947697E-4,1.9145632963288845E-4,0.004611951973254162,1.454999290086396E-4,1.7519861748756778E-4,2.608709985968069E-4,7.185969842971562E-4,1.5295537849195666E-4,9.303261158840846E-4,0.0010528576950120504,1.858563905272041E-4,5.19634715617325E-4,0.00127193347969297,0.00569736672803465,2.1320048323299822E-4,7.33774623939028E-4,4.0153084453687336E-4,2.6545103606324404E-5,1.9029553318682395E-4,0.003489811341386394,1.4595687115977942E-4,2.1189555092503002E-4,4.941921897263933E-4,1.8815289671883178E-4,4.991705461985455E-4,2.022439006978955E-4,0.0012637115073377125,0.005658216650171908,1.7882805870234064E-4,7.776311860504416E-5,0.015794395252234313,0.008612540006248245],[0.001204485611379138,0.001343815173843588,0.0020760517500721582,6.280020047957197E-4,0.0013373254419203964,2.5615565674728914E-4,0.0014104158485558618,0.0011424668649696872,1.0,8.137219857204835E-4,0.0014652204882204803,9.741063733883659E-4,0.001354894882532603,0.0010939689337592245,0.04178028952980448,0.001175025397345812,0.0012846577060515436,0.002648804349932179,0.0014000590666443523,6.196266112055678E-4,2.913239084930215E-4,3.5351063865186796E-4,0.004088217514967426,6.876083878164908E-4,8.375915012585789E-4,9.013403557502148E-4,0.0019643360213213966,0.0010049685592159682,0.0013221010983183804,0.002339387924694987,0.0011472486199684722,0.0012516482932800538,0.004966939098167674,0.001597310608101481,0.0011422713998832093,0.01027378822106709,0.0010063748362782723,0.0012926157759087739,0.0012123046818261695,0.0029236615515901,9.449588373717356E-4,8.160259108360762E-4,0.0011361719220252607,9.826067193180322E-4,0.001336919893649401,7.619965802429142E-4,0.0013945820391029781,0.0019083695824465303,4.731212786453832E-4,0.0010820124546706527,0.01888022493769816,0.00529659776108533],[1.0213398648729781E-4,5.559081265015919E-4,0.001428692287042777,1.0668969901406072E-5,8.414712101210567E-5,6.583402133740009E-5,0.002632201744193771,1.722020579380366E-4,8.137219857204835E-4,1.0,5.250287330740682E-4,1.1416107565329833E-5,0.0010033409495762238,1.925373463667746E-5,0.016582221540194134,9.636004497914276E-4,8.001581272981306E-4,0.0019713362738457843,2.1695673842013117E-4,1.2946099390826738E-5,8.998121314722734E-5,3.0393253720808237E-5,0.009683188095861887,1.0540616825794077E-4,1.7664083272106162E-5,1.2075458125976091E-4,0.001960983091727049,5.540950061263551E-5,0.0011860018085969664,6.389669028570973E-4,1.784616303618448E-5,4.2958218332595773E-4,0.014011311709414491,0.002194736747295408,4.644013638876292E-5,0.013356051952826221,4.5962273964623285E-4,1.3108438570078009E-5,4.4079077127522294E-5,9.109534586370543E-4,6.745177410837545E-5,1.8159915668163233E-4,3.883463360317774E-5,3.08318803261078E-5,6.831898721256457E-4,2.857585701152404E-4,9.170778495408269E-4,0.0049225581169913156,9.973159396190461E-5,1.51271104028825E-5,0.0019387274838220901,0.005190608977000117],[0.0010833643056571817,0.0012259787180661625,0.0024324058664477164,4.016962895381975E-4,3.2107006139782407E-4,0.0014501822953585726,0.0029176266539396273,7.547080042910631E-4,0.0014652204882204803,5.250287330740682E-4,1.0,0.001569786229165309,0.0014050619819937532,6.296221892651206E-4,0.05105174228800297,0.0011545039857895636,0.0012845161736847709,0.0035669981453233645,0.0014887502626477263,0.0010644235336849763,3.3505939398626925E-4,0.001418626807603261,0.005146586245668918,8.123593526181412E-4,9.510633809644523E-4,5.016991465429111E-4,0.0022413776305853844,7.449042331547659E-4,0.0014098383936642354,0.00197016968832728,0.001136890779353395,0.0010492609215389404,0.00794207877592757,0.0030319898599893407,0.0013941496030941622,0.011180720575885345,4.948446397305054E-4,0.0012334916139055696,0.00124275599400856,0.0026978439605175155,0.0011371389627772362,0.0011803853378536033,0.0012898588689754646,6.705123809090778E-4,0.0015403940431113735,7.156072477379832E-4,0.0015398631014219178,0.005076843907271812,8.114028281064566E-4,0.001036456044053815,0.012138431203786871,0.0072848630308513145],[1.2497252154708142E-4,2.1451336939429168E-4,0.0012791301328550424,1.1577933772268093E-5,4.611221867184981E-5,6.068743611188895E-5,0.0018613215093951127,8.264459880445901E-5,9.741063733883659E-4,1.1416107565329833E-5,0.001569786229165309,1.0,7.514201280691194E-4,3.648314222031283E-4,0.03984850756176443,2.267416758701054E-4,3.354162850775266E-4,8.612379698745497E-5,5.443642586716824E-4,1.2391486845950907E-5,1.0592150007761885E-4,5.0601147187173134E-5,0.009270880428282405,3.148069856234774E-5,2.92120472941922E-5,1.3389277220722764E-4,6.776988905902247E-4,3.3494384733223193E-5,9.9853202444878E-4,8.696472286504441E-4,1.2513310397465313E-5,7.770135443112667E-4,0.012678738700119882,0.004354654084109627,2.411169898538584E-4,5.576837984427391E-4,3.7043210439802025E-4,1.448936488659465E-5,4.298176613980675E-5,3.0171992341222493E-5,4.270022112576202E-5,1.391767926167515E-4,2.311676511940806E-4,1.598160193148637E-4,3.5703416191418117E-4,5.169480721753584E-4,5.63109050404896E-4,0.0019612928153860875,7.48730935324846E-5,1.6161482571778127E-5,0.019858775467590854,6.021273395480801E-4],[9.359514216090293E-4,0.0012626012044917403,0.0023054833122675387,1.6166129076847823E-4,4.005072126176761E-4,8.635840941735015E-4,0.0015257660011333404,3.561437759597207E-4,0.001354894882532603,0.0010033409495762238,0.0014050619819937532,7.514201280691194E-4,1.0,0.0011602791415074813,0.0050087259980372625,0.0013299195806211683,0.001293188065729853,0.004514201869531552,0.0013774897228945075,8.330574398226891E-4,9.408186244860469E-4,0.0013094827865005063,0.0032797882874708523,4.386970597686829E-4,9.612792093682259E-4,0.001099551318166156,0.0021442139302445054,3.4866445624893554E-4,0.0013243219816497704,0.0018034828116935558,2.2491200522761784E-4,0.0010322837131233737,0.002219799400343535,0.00523235555307878,0.0012286985923141629,0.002444638478540156,6.427728617442867E-4,5.219934415231071E-4,0.0012838168985833509,0.003104449655495554,0.001095472788993154,8.159935719781156E-4,0.0012235368813265659,8.23738559861349E-4,0.0013455778851377404,0.0012873441873957037,0.0013928111147579593,0.0028086351838482815,9.608053911364517E-4,2.5404541842664256E-4,0.006669393189269534,0.01082109761400631],[3.834301889171428E-4,0.0010620129788853183,0.002944747594012378,8.495043647976722E-5,3.950320061662893E-4,1.522845282577297E-4,0.0013622195260004153,3.949902705657949E-4,0.0010939689337592245,1.925373463667746E-5,6.296221892651206E-4,3.648314222031283E-4,0.0011602791415074813,1.0,0.062159350985045964,6.699106148400919E-4,0.0010077445696327855,0.004010458182561906,0.0012941970936587372,2.7597239506561535E-4,3.105989348271673E-4,2.5648849967657304E-4,0.007390574117152824,2.1967018515086934E-4,2.199668928488371E-4,4.327702787197894E-4,0.0013938234205828702,2.516499782970389E-4,5.442037883345523E-4,0.0012504836263849742,3.755507095839339E-4,6.619484494714822E-4,0.0148858930403105,4.6233237126099566E-4,4.03300828670494E-4,0.006010172940670675,4.7209391882691303E-4,4.704019065631205E-5,2.300826366810604E-4,0.003061087275858926,2.2491766820579412E-4,2.400037125133332E-4,5.023237549002452E-4,2.262444261649726E-4,6.085778211566548E-4,6.158250640694158E-4,8.553212992557192E-4,0.0019266225876383009,3.647803209590484E-4,1.9350130851540444E-4,0.010886059107490171,0.01074855782816633],[0.00496461689684081,0.016588242951872893,0.06229376441406463,0.012693462495193363,0.03597525387804951,0.05312530631940081,0.06047800655721634,0.011082889196127717,0.04178028952980448,0.016582221540194134,0.05105174228800297,0.03984850756176443,0.0050087259980372625,0.062159350985045964,1.0,0.04036290388900903,0.018499190167118464,0.004839388543110141,0.045775549502971004,0.015282082722383006,0.061087782879843004,0.026263923846353076,0.015096432528033492,0.052819235461222844,0.05663003494108049,0.008600160778614908,0.01710266844160871,0.03566498685043466,0.018222433896620482,0.008915823034930943,0.015101929368252493,0.05654431816411328,0.026427237638081913,0.05182393779785144,0.018914899056129964,0.044940514567799884,0.046542773530750814,0.044452229187765556,0.03828429011311804,0.04602420105813218,0.019239578234073917,0.05308365930060415,0.02433170524490064,0.003961855544881067,0.004175310273586139,0.04108747768806994,0.03140343065249562,0.0224738329140534,0.049082200368889384,0.019365233767651487,0.03128090331396452,0.06036306274756436],[6.665096849582087E-4,0.001069916984381815,0.0014917396763851648,2.559992453146077E-4,1.773177496553782E-4,5.077247813397498E-4,0.001890333660224141,3.057909855001869E-4,0.001175025397345812,9.636004497914276E-4,0.0011545039857895636,2.267416758701054E-4,0.0013299195806211683,6.699106148400919E-4,0.04036290388900903,1.0,0.0011168640903238523,0.0033777606254807397,0.0011482542500214467,7.108714068086037E-4,2.639136632705131E-4,6.808093102606779E-4,0.007933523031437083,3.1327709928402636E-4,7.829719295690417E-4,4.1469195543178004E-4,0.001588333325702796,4.785386551191973E-4,0.00130371700424305,0.0022226257417779175,9.206742984599608E-4,9.538685305416462E-4,0.012250526302132235,0.002193184929744963,0.0010820236035350803,0.008285185594134348,8.143777852907591E-4,7.019812039983734E-4,4.305234609548938E-4,0.002763942202603554,3.2298075199041975E-4,9.501642384706564E-4,0.0011113188398762732,3.857323590797954E-4,0.0012135905802155523,6.841784486271575E-4,0.001159795492317685,0.004972543160716478,6.560934354409661E-4,2.778122610740253E-4,0.027488577211631,0.006558592695523313],[6.302642708822432E-4,0.001074669772432556,0.0020882515610155298,9.098690144816147E-4,7.158115337090283E-4,5.497476521459741E-4,0.002728968574906,6.734383710187304E-4,0.0012846577060515436,8.001581272981306E-4,0.0012845161736847709,3.354162850775266E-4,0.001293188065729853,0.0010077445696327855,0.018499190167118464,0.0011168640903238523,1.0,0.002094444766605876,0.001318379424526175,5.412345992502107E-4,5.3988792588767E-4,2.9289752984610826E-4,0.005226981510561883,2.0982306968591534E-4,9.29073808524837E-5,8.326299311412831E-4,0.0016726637827758188,7.25401225487633E-4,0.0011874864730967282,0.0023177229636010205,8.614672581180755E-4,9.554784665802728E-4,0.007850281986280279,0.0014144456555500718,5.823497577542515E-4,0.010677154940152103,5.315494257077889E-4,3.270754690458015E-4,5.757369079559603E-4,0.0032758918266357333,3.238591144552828E-4,3.100907178281288E-4,0.0010410663523822141,7.412658118716005E-4,0.001316653858231434,9.835955622745241E-4,0.001160097437148588,0.004760550404869988,9.11054657165217E-4,1.7049453279143785E-4,0.008752215504777339,0.016055436471929346],[2.4734469882180704E-4,0.00122790000384927,0.003402204539365157,0.00425195568608826,0.0013466200753177646,0.0019362305219463374,0.0035875235483813286,0.0032158708557198453,0.002648804349932179,0.0019713362738457843,0.0035669981453233645,8.612379698745497E-5,0.004514201869531552,0.004010458182561906,0.004839388543110141,0.0033777606254807397,0.002094444766605876,1.0,0.004245792454212015,0.0031450372611063673,0.0010929948891122247,0.0016913765477355666,0.010541623069089349,0.0032386094469583297,0.0020458012639511663,0.00251482611638792,0.003647144361804221,0.0030492886514624728,0.0023581554754863784,0.0028108463754897704,9.761449527713675E-4,0.002610451027013939,0.010721647355891685,0.00566295947330587,0.002329274785209272,0.007576579599128667,0.0037128729023295326,0.0024954052924100905,0.0022308758259200804,0.004611070598576576,0.0031427771604399125,6.619622215772755E-4,0.0021547858153551616,3.116295178199206E-4,0.0040120181603699075,7.981339497888157E-4,0.0026909140103289573,0.005304534259864719,0.0033335956026148104,0.002875638333408062,0.02660791121973217,0.010055305532872545],[8.132875202060815E-4,0.0011057646615663683,0.001670888475310875,1.1798179605733204E-4,4.984439994448198E-4,0.0011593481259527093,0.0018672607664362998,0.0014199303010156055,0.0014000590666443523,2.1695673842013117E-4,0.0014887502626477263,5.443642586716824E-4,0.0013774897228945075,0.0012941970936587372,0.045775549502971004,0.0011482542500214467,0.001318379424526175,0.004245792454212015,1.0,0.0010286049507997892,7.892203306295256E-4,4.678241585279751E-4,0.011021338549453363,0.0011938756882321055,0.0014087688759503118,5.782989979004856E-4,0.0016588554352945223,2.2909399798024872E-4,0.001319391755593287,0.0020137385898305036,4.141479186090502E-4,0.0013372801619723545,0.007258892921417555,0.005490356328016495,0.0012122213733723151,0.007082363661730905,0.001161488604033536,0.0014427374190373711,8.308990225614984E-4,0.002456014696907971,3.8037329706904415E-4,0.0011857643119700635,0.0014346432188966905,6.228186091882488E-4,0.0014235000343372827,8.409929085803317E-4,0.0014438680641106925,0.002143713965150718,7.918725258021592E-4,6.279074108345156E-4,0.0209754701750437,0.013763854189408429],[2.0012906000924544E-4,8.988667263235714E-4,0.002588623482689226,1.1495237215012435E-5,1.105072524223056E-4,1.2721679084099353E-4,0.001829695564218658,3.127610723757123E-5,6.196266112055678E-4,1.2946099390826738E-5,0.0010644235336849763,1.2391486845950907E-5,8.330574398226891E-4,2.7597239506561535E-4,0.015282082722383006,7.108714068086037E-4,5.412345992502107E-4,0.0031450372611063673,0.0010286049507997892,1.0,7.849230295985547E-5,5.215869727416402E-5,0.006978961270246065,5.727446281104129E-5,1.896963148029042E-5,8.322156197578707E-5,0.0017511487507115325,8.496392024499736E-5,3.0192237122854296E-5,0.0014306018155234414,2.1040750383732312E-5,4.317173058023367E-4,0.019367342648721413,0.00168334787374916,2.4561425497756056E-4,0.007225640191953406,3.3223094107295907E-4,1.4425764709008556E-5,8.120779267974832E-5,0.0012964143561802095,7.877252301762641E-5,1.864319290747581E-4,5.128233110011371E-4,7.602914601990412E-5,6.64171694186331E-4,3.013708716432044E-4,5.477057928366078E-4,0.004886184158942523,8.923231157009613E-5,1.7153903659180637E-5,0.0026246911817625496,0.012176715112398082],[2.226205979796934E-4,4.6956163867665525E-4,5.354608756006546E-4,6.702594190882924E-5,1.2878398637079395E-4,1.3255011679720306E-4,0.0011208399984177517,1.6707267968947697E-4,2.913239084930215E-4,8.998121314722734E-5,3.3505939398626925E-4,1.0592150007761885E-4,9.408186244860469E-4,3.105989348271673E-4,0.061087782879843004,2.639136632705131E-4,5.3988792588767E-4,0.0010929948891122247,7.892203306295256E-4,7.849230295985547E-5,1.0,1.8276061139653853E-4,0.010553709349625198,1.2082466159918503E-4,9.755272759275695E-5,1.5309304157311033E-4,0.0010581012625217835,1.0713509453695907E-4,8.242731618371795E-4,0.0011752142347902352,5.3518090536178596E-5,5.791874493628522E-4,0.017159709618310166,8.561097770603838E-4,2.3726864069080212E-4,0.003474790011220179,4.1240557166588793E-4,1.0246219635867615E-4,1.2061808815213464E-4,0.003966019537102431,1.2530444026956225E-4,1.449503840913897E-4,4.2056390764226353E-4,1.4425762738079785E-4,0.0010122270719148307,5.059742785921728E-4,0.0011034706754043501,0.005712620732110163,1.6242631374641326E-4,4.390241334213041E-5,0.004305489902993086,0.0013439169984413896],[2.0633236528663345E-4,2.2116978162361916E-4,0.0017026738276053322,1.3665068066797043E-4,1.615518167649791E-4,1.7670228694880287E-4,8.401053362166051E-4,1.9145632963288845E-4,3.5351063865186796E-4,3.0393253720808237E-5,0.001418626807603261,5.0601147187173134E-5,0.0013094827865005063,2.5648849967657304E-4,0.026263923846353076,6.808093102606779E-4,2.9289752984610826E-4,0.0016913765477355666,4.678241585279751E-4,5.215869727416402E-5,1.8276061139653853E-4,1.0,0.007816484405752583,1.3551401770640637E-4,9.384952308651916E-5,3.591583276714262E-4,0.002055469314638262,1.904935750238619E-4,4.025968829315189E-4,0.0011997415305538927,9.898690160477557E-5,3.5799799885304843E-4,0.009342375127228209,0.0011718223344756495,2.035364852080793E-4,0.0013038197751594968,3.438244565480748E-4,1.479428165899604E-4,1.8577725303467512E-4,0.0025647191189360334,1.8866545018779858E-4,1.9530889043214167E-4,4.7979368349582857E-4,1.8508074377402147E-4,6.536867076490882E-4,4.556608463667308E-4,5.723033526351769E-4,0.005084918340394712,1.7721780026254665E-4,7.088054629388946E-5,0.006231087211252281,0.01098538345792458],[8.031961570020587E-4,0.0014439763727828142,0.00492547094027084,0.00679628655782151,0.0035700351922751013,0.0027790035942253516,0.008731683727500833,0.004611951973254162,0.004088217514967426,0.009683188095861887,0.005146586245668918,0.009270880428282405,0.0032797882874708523,0.007390574117152824,0.015096432528033492,0.007933523031437083,0.005226981510561883,0.010541623069089349,0.011021338549453363,0.006978961270246065,0.010553709349625198,0.007816484405752583,1.0,0.0040102894976034534,0.011008770736192853,0.001308892133328332,0.010185283939300153,0.008223227877500678,0.01003664416502023,0.0029847178097597107,0.008147293929372499,0.0032828682284725503,0.016720737078108443,0.00592883396453671,0.0038255052187305943,0.012291108744794796,0.00944203255494467,0.010929764767958613,0.008425616562009713,0.006572237854779846,0.004987192269703259,0.007451445318754941,0.008185588670514598,0.003988019792476768,0.007712662979856268,0.003228523386146944,0.0028870240517481363,0.01093924602101351,0.011036362013041496,0.006777795529619296,0.0258362293959699,0.012205671518088627],[2.2762766145999663E-4,5.301349068576821E-4,0.0029318848811562916,5.166054508467692E-5,1.1579822746166614E-4,1.1780101942290436E-4,0.0017082059038063461,1.454999290086396E-4,6.876083878164908E-4,1.0540616825794077E-4,8.123593526181412E-4,3.148069856234774E-5,4.386970597686829E-4,2.1967018515086934E-4,0.052819235461222844,3.1327709928402636E-4,2.0982306968591534E-4,0.0032386094469583297,0.0011938756882321055,5.727446281104129E-5,1.2082466159918503E-4,1.3551401770640637E-4,0.0040102894976034534,1.0,7.829672033213912E-5,1.975324973774849E-4,0.0016745110628413654,1.0403688851539044E-4,0.001254113168825222,0.0020880064707366297,4.7587454006949836E-5,2.4135883012279651E-4,0.019527038738850477,0.004693201429907313,1.2569042593184787E-4,0.003476082454129962,3.518525783748424E-4,4.0992741185680054E-5,1.1457447670890676E-4,0.0015758981810694143,1.1800276509819578E-4,1.764838533972717E-4,4.529684868111703E-4,1.6856496820715535E-4,3.3148949042961665E-4,2.834142272934562E-4,3.662690052659702E-4,0.004042127597930538,1.1846502725728039E-4,3.1036090768039304E-5,0.010785300092964455,0.013060252609238024],[1.5136744565453087E-4,9.526776925213562E-4,4.0342162744349115E-4,2.8990394431407917E-5,9.403164428120858E-5,4.826588143907538E-5,2.1919475551167278E-4,1.7519861748756778E-4,8.375915012585789E-4,1.7664083272106162E-5,9.510633809644523E-4,2.92120472941922E-5,9.612792093682259E-4,2.199668928488371E-4,0.05663003494108049,7.829719295690417E-4,9.29073808524837E-5,0.0020458012639511663,0.0014087688759503118,1.896963148029042E-5,9.755272759275695E-5,9.384952308651916E-5,0.011008770736192853,7.829672033213912E-5,1.0,8.817699739789144E-5,0.0024984814028398113,9.857394452653979E-5,0.0012951482561125603,0.001830637664299515,3.158356841162297E-5,6.773122606167551E-4,0.007085701213442463,0.0010540000799529486,4.805534328726851E-5,0.01237025850849332,2.9131368457248184E-4,2.232702657748493E-5,9.046252468764851E-5,0.003568098697226013,5.094367396256968E-5,7.057970996141814E-5,9.129609039251899E-4,7.875540643221253E-5,7.316240250030378E-4,4.547128239519077E-4,3.429185098763244E-4,0.00347927798394421,1.611288393673278E-4,2.1612321895210955E-5,0.010322334410259468,0.015571695291454812],[3.6028389497088113E-4,5.861060372867205E-4,8.072352605707268E-4,2.962811473585049E-4,1.2893668560092338E-4,2.915007667051477E-4,0.0014709046034457065,2.608709985968069E-4,9.013403557502148E-4,1.2075458125976091E-4,5.016991465429111E-4,1.3389277220722764E-4,0.001099551318166156,4.327702787197894E-4,0.008600160778614908,4.1469195543178004E-4,8.326299311412831E-4,0.00251482611638792,5.782989979004856E-4,8.322156197578707E-5,1.5309304157311033E-4,3.591583276714262E-4,0.001308892133328332,1.975324973774849E-4,8.817699739789144E-5,1.0,0.0011329815962067098,3.424661623444914E-4,0.0012316606397994212,0.001093497575598574,3.453784553012204E-4,7.544577465829411E-4,0.014797318952275457,0.0039554206000091885,3.6823069377633384E-4,0.009024911129374391,4.686621456583077E-4,2.8267000715241934E-4,2.7001350270044853E-4,0.00240011995313393,3.08712205455715E-4,3.7928729709746996E-4,7.928720925578193E-4,3.671981238133087E-4,7.512475527453902E-4,3.8623729499407615E-4,0.0010431980623364127,0.0042257327002963915,3.000252300907938E-4,1.8728957390518554E-4,0.004180053402891144,0.007855294983340484],[9.458440763531995E-4,0.0016930264891495707,0.0028836762053747436,7.4464427524372E-4,8.581293081579E-4,0.0011904880493685656,0.0027174769303865845,7.185969842971562E-4,0.0019643360213213966,0.001960983091727049,0.0022413776305853844,6.776988905902247E-4,0.0021442139302445054,0.0013938234205828702,0.01710266844160871,0.001588333325702796,0.0016726637827758188,0.003647144361804221,0.0016588554352945223,0.0017511487507115325,0.0010581012625217835,0.002055469314638262,0.010185283939300153,0.0016745110628413654,0.0024984814028398113,0.0011329815962067098,1.0,6.444390980257036E-4,0.0021135481901284774,0.002489163255287693,0.0019045850433884993,0.0019419620314011254,0.01958484738112051,0.002663999888701795,5.576890841523564E-4,0.003888729553105108,0.0023092664997599616,0.002156654500349017,0.001534042639585899,0.0038109454927944273,0.0010432680255082051,0.0010484569402122125,0.0012981591669827433,0.0022922479857627655,0.002012992462533513,0.0013090402915581477,0.001959298827416105,0.005542420832142394,3.2027631415082545E-4,0.0010888383323103738,0.027560551218103278,0.01137118297146717],[1.3855717184303688E-4,0.0010140260551042787,1.7888367599496835E-4,8.614039089387697E-5,1.0598607163125195E-4,1.3069715990866735E-4,0.0011521080019432947,1.5295537849195666E-4,0.0010049685592159682,5.540950061263551E-5,7.449042331547659E-4,3.3494384733223193E-5,3.4866445624893554E-4,2.516499782970389E-4,0.03566498685043466,4.785386551191973E-4,7.25401225487633E-4,0.0030492886514624728,2.2909399798024872E-4,8.496392024499736E-5,1.0713509453695907E-4,1.904935750238619E-4,0.008223227877500678,1.0403688851539044E-4,9.857394452653979E-5,3.424661623444914E-4,6.444390980257036E-4,1.0,2.2099961269550722E-4,0.0010747541737713146,2.2478691591702076E-5,6.444999540908701E-4,0.005352020232373937,8.532780075076844E-4,1.5296106847900617E-4,0.004850338610890924,1.2156807101664967E-4,3.228835952458107E-5,1.0280377228346153E-4,0.0012654658990335838,1.1931156234803379E-4,1.2041677340094735E-4,8.121384309584369E-4,1.0389745352120193E-4,0.0011029262415668574,5.143520302804542E-4,5.622184543789068E-4,0.0034702826949415256,1.7387433658888884E-4,9.616281007767076E-5,0.025753054364157056,0.013706359343604304],[9.828269579965686E-4,0.0011509572516153817,0.003042160948074435,0.0011596645176076266,0.0011660670672918548,0.001227043799822088,0.0016725530339404303,9.303261158840846E-4,0.0013221010983183804,0.0011860018085969664,0.0014098383936642354,9.9853202444878E-4,0.0013243219816497704,5.442037883345523E-4,0.018222433896620482,0.00130371700424305,0.0011874864730967282,0.0023581554754863784,0.001319391755593287,3.0192237122854296E-5,8.242731618371795E-4,4.025968829315189E-4,0.01003664416502023,0.001254113168825222,0.0012951482561125603,0.0012316606397994212,0.0021135481901284774,2.2099961269550722E-4,1.0,0.0017633855959753675,0.0012537849972675216,0.0012182904946410305,0.0018514109997009058,0.004908454092545647,9.425824849113757E-4,0.008848990452837685,5.76756691059381E-4,2.74890352171872E-4,8.247562263874525E-4,0.002924311538324385,3.331961764593678E-4,6.170273379001541E-4,0.0011428037706267102,6.675588671362164E-4,0.0013167423049346635,8.821943179040518E-4,0.0013290087505365806,0.00368761738236273,7.320702073791634E-4,9.657799231467884E-4,0.017081060544261513,0.013225331546375996],[0.0015261610820716059,0.0023123402797900977,0.0025323671897475187,0.0012292737624106738,3.057004820514055E-4,9.493731512955592E-4,0.0029393370577150755,0.0010528576950120504,0.002339387924694987,6.389669028570973E-4,0.00197016968832728,8.696472286504441E-4,0.0018034828116935558,0.0012504836263849742,0.008915823034930943,0.0022226257417779175,0.0023177229636010205,0.0028108463754897704,0.0020137385898305036,0.0014306018155234414,0.0011752142347902352,0.0011997415305538927,0.0029847178097597107,0.0020880064707366297,0.001830637664299515,0.001093497575598574,0.002489163255287693,0.0010747541737713146,0.0017633855959753675,1.0,0.002011173194272125,0.0022635613053547366,0.002469071447415044,0.002539432904508374,0.001465296706888863,0.010249020057736914,0.00154658479369067,0.0020149507663320214,0.0022785362798972025,0.0030352729904208073,4.7643510672933933E-4,7.776302993430168E-4,0.0018894680519572125,0.0017100292832604913,0.00224462159599314,0.0014677423074596753,0.002286530207104267,0.00497675119945944,0.001175852162382249,0.0020050058106494796,0.020231008136713233,0.012506490847281386],[2.0782231552247255E-4,3.389540969636862E-4,0.0021494704121267022,1.5064061740972256E-5,1.267115241023515E-4,8.198258902056697E-5,0.002496839208162639,1.858563905272041E-4,0.0011472486199684722,1.784616303618448E-5,0.001136890779353395,1.2513310397465313E-5,2.2491200522761784E-4,3.755507095839339E-4,0.015101929368252493,9.206742984599608E-4,8.614672581180755E-4,9.761449527713675E-4,4.141479186090502E-4,2.1040750383732312E-5,5.3518090536178596E-5,9.898690160477557E-5,0.008147293929372499,4.7587454006949836E-5,3.158356841162297E-5,3.453784553012204E-4,0.0019045850433884993,2.2478691591702076E-5,0.0012537849972675216,0.002011173194272125,1.0,3.548533885281007E-4,0.014514852424866562,0.0051878653562518265,2.388584880832776E-4,0.004462795481800281,6.170596082418444E-5,2.1199370484194374E-5,3.042515900564238E-5,0.002957350002598203,5.4945630678050586E-5,5.863435950061993E-5,7.858744516674497E-4,1.744017843221424E-4,4.8717711563275076E-4,1.1340708188503228E-4,1.7366965313281584E-4,4.075512380329943E-4,6.700073572193067E-5,2.081052761754279E-5,0.021460735796010762,0.01494742408816905],[5.895978117181846E-4,8.782926679229631E-4,0.0023809193213050078,3.6022633167583177E-4,2.0057790515928174E-4,3.1132611247908904E-4,0.002149176804459389,5.19634715617325E-4,0.0012516482932800538,4.2958218332595773E-4,0.0010492609215389404,7.770135443112667E-4,0.0010322837131233737,6.619484494714822E-4,0.05654431816411328,9.538685305416462E-4,9.554784665802728E-4,0.002610451027013939,0.0013372801619723545,4.317173058023367E-4,5.791874493628522E-4,3.5799799885304843E-4,0.0032828682284725503,2.4135883012279651E-4,6.773122606167551E-4,7.544577465829411E-4,0.0019419620314011254,6.444999540908701E-4,0.0012182904946410305,0.0022635613053547366,3.548533885281007E-4,1.0,0.019402992348576044,0.005743483149297203,5.478368520328628E-4,0.004480267986980243,8.445973032464281E-4,6.181645048751533E-5,6.41164105011006E-4,0.004004035500304595,6.202189629574724E-4,3.075207466431359E-4,8.738533432929077E-4,4.2184785059657645E-4,0.0010336240885543784,8.106364322559956E-4,0.0013685296345028962,0.00589460227705209,1.7646815889588003E-4,1.0284132202298553E-4,0.01254301126972474,0.01048693676244401],[0.0027860516068655794,0.001873484913095502,0.015918539783044822,0.014881983782005047,0.013656447911811245,0.014186698335676538,0.01443706767044797,0.00127193347969297,0.004966939098167674,0.014011311709414491,0.00794207877592757,0.012678738700119882,0.002219799400343535,0.0148858930403105,0.026427237638081913,0.012250526302132235,0.007850281986280279,0.010721647355891685,0.007258892921417555,0.019367342648721413,0.017159709618310166,0.009342375127228209,0.016720737078108443,0.019527038738850477,0.007085701213442463,0.014797318952275457,0.01958484738112051,0.005352020232373937,0.0018514109997009058,0.002469071447415044,0.014514852424866562,0.019402992348576044,1.0,0.018197107509346104,0.01820255512013111,0.016368691989806932,0.019373303470272323,0.009786494345529856,0.016434410720149412,0.015405008148831808,0.0018223080362745202,0.008689296220021325,0.017564405934753228,0.008145654618722995,0.012192602924870014,0.0066117947580351735,0.0066652070043164,0.012895921565440848,0.008565318742532836,0.010555698676540683,0.025621116728776726,0.016911227970455706],[0.005897106013143409,0.0033034122965662086,0.0033562114270471264,0.0021757830665334447,0.004719385110502151,0.004073609719469238,0.003175973389588379,0.00569736672803465,0.001597310608101481,0.002194736747295408,0.0030319898599893407,0.004354654084109627,0.00523235555307878,4.6233237126099566E-4,0.05182393779785144,0.002193184929744963,0.0014144456555500718,0.00566295947330587,0.005490356328016495,0.00168334787374916,8.561097770603838E-4,0.0011718223344756495,0.00592883396453671,0.004693201429907313,0.0010540000799529486,0.0039554206000091885,0.002663999888701795,8.532780075076844E-4,0.004908454092545647,0.002539432904508374,0.0051878653562518265,0.005743483149297203,0.018197107509346104,1.0,0.003554346889221769,0.009906384683689151,0.0010325854544351756,6.903181196153609E-5,0.003915275309904272,0.00557805155260501,4.5843404699775857E-4,0.00454685172845269,0.0031997138663083687,0.004110079220023293,0.0016584045833926103,0.003973890775642308,0.003827605160835402,0.005946335740042005,8.121541304880317E-4,0.0049320442060887025,0.018744555522884482,0.006896779049459421],[2.3359724533759816E-4,9.222729786203377E-4,0.0015596152750036686,4.481642913706323E-5,1.7885561115043468E-4,1.6319164031563185E-4,8.597557070262964E-4,2.1320048323299822E-4,0.0011422713998832093,4.644013638876292E-5,0.0013941496030941622,2.411169898538584E-4,0.0012286985923141629,4.03300828670494E-4,0.018914899056129964,0.0010820236035350803,5.823497577542515E-4,0.002329274785209272,0.0012122213733723151,2.4561425497756056E-4,2.3726864069080212E-4,2.035364852080793E-4,0.0038255052187305943,1.2569042593184787E-4,4.805534328726851E-5,3.6823069377633384E-4,5.576890841523564E-4,1.5296106847900617E-4,9.425824849113757E-4,0.001465296706888863,2.388584880832776E-4,5.478368520328628E-4,0.01820255512013111,0.003554346889221769,1.0,0.0024289332944413635,3.769703629556303E-4,1.62332561768388E-5,1.9360811016032168E-4,0.003471591968059982,1.683032454270073E-4,2.2983256001378886E-4,8.484300876902275E-4,1.8998816129387185E-4,6.599834447455306E-4,4.745242965862041E-4,7.178466893689275E-4,2.776120227643001E-4,1.9117776351177415E-4,1.9586867938166914E-4,0.008962609547405218,0.01605354688498033],[0.005985583669495211,0.011304120316389566,0.009232451797630145,0.01205922122022042,0.002539011566107423,0.008236062478724326,0.010985205655239874,7.33774623939028E-4,0.01027378822106709,0.013356051952826221,0.011180720575885345,5.576837984427391E-4,0.002444638478540156,0.006010172940670675,0.044940514567799884,0.008285185594134348,0.010677154940152103,0.007576579599128667,0.007082363661730905,0.007225640191953406,0.003474790011220179,0.0013038197751594968,0.012291108744794796,0.003476082454129962,0.01237025850849332,0.009024911129374391,0.003888729553105108,0.004850338610890924,0.008848990452837685,0.010249020057736914,0.004462795481800281,0.004480267986980243,0.016368691989806932,0.009906384683689151,0.0024289332944413635,1.0,0.004740254930122393,0.011175067287347434,0.009747324576938186,0.009041071188831396,6.121497869552992E-4,0.010034028924357908,0.01274358178836244,0.005278656383317999,0.011163154463994221,0.008697680747392394,0.0015771187109745444,0.00770029124260054,0.008327798819238525,0.0029101551993667538,0.020784326254440086,0.015241316542948889],[3.54188938890153E-4,7.044077504936932E-4,0.0029589046894817543,3.420701382487117E-4,3.554147653357812E-4,3.500640085889702E-4,9.472556325849327E-4,4.0153084453687336E-4,0.0010063748362782723,4.5962273964623285E-4,4.948446397305054E-4,3.7043210439802025E-4,6.427728617442867E-4,4.7209391882691303E-4,0.046542773530750814,8.143777852907591E-4,5.315494257077889E-4,0.0037128729023295326,0.001161488604033536,3.3223094107295907E-4,4.1240557166588793E-4,3.438244565480748E-4,0.00944203255494467,3.518525783748424E-4,2.9131368457248184E-4,4.686621456583077E-4,0.0023092664997599616,1.2156807101664967E-4,5.76756691059381E-4,0.00154658479369067,6.170596082418444E-5,8.44597