[[1.0,3.0662025860567166E-5,1.6022757821116732E-4,2.1775966409918148E-4,0.007833012319213172,2.0283559186792342E-5,0.0015646253687439868,0.016550097176074665,0.002121440825437155,2.4556339128498585E-5,0.009683920023146119,0.0020746237057931096,0.0026019233923657565,9.565530900919458E-5,2.204951849198911E-5,2.1242046162755435E-4,6.748449962922586E-5,1.5000505219745312E-5,0.010207476410791724,1.4730500610576125E-5,2.461903081349248E-5,2.7283584931057376E-5,0.0016515892526990752,9.387251400918123E-5,7.73181615995461E-5,1.682337970910915E-5,8.566856932459253E-4,2.435994863422807E-5,1.0243267188182712E-4,2.121057239637135E-4,2.2783582367323876E-4,7.617629294457442E-5,7.060409815542148E-5,6.998939442683327E-4,2.029580823059381E-5,0.0034473876213924437,1.4137578755871912E-5,0.0014681900922826332,2.1024331465968172E-5,9.714238269643399E-5,1.5612559589910902E-4,1.338103238131176E-4,0.001146447276781819,1.4375268216676514E-4,5.2527536406489885E-5],[3.0662025860567166E-5,1.0,4.257694118667254E-4,6.249742447793432E-4,0.011340231543417227,5.223672672970542E-4,0.0013505213439077854,0.008488626106889347,0.0014689081591199786,9.251233728246536E-5,0.017167416902504055,0.0029023006023366875,0.004172755387795846,1.739788078324573E-4,2.4114240310709034E-4,5.724801360579997E-4,5.349179308336723E-4,3.7331812681828556E-4,0.021253159179525746,4.8609732989241325E-4,2.6495707124874715E-4,1.8654837393913059E-4,0.0021484606126502426,1.9678664383249487E-4,5.297467609154164E-4,2.998515498951139E-4,7.960716540577948E-4,4.805990609642689E-4,0.0013610577364426592,6.720034553400561E-4,4.7587064984772775E-4,3.853675892237473E-4,2.718662226309218E-4,0.010564794314800986,4.960847695826378E-4,0.06318263195168856,3.29385103795927E-4,0.0015883856846683616,3.7732371584365377E-4,3.779404040410117E-4,3.4004393464308986E-4,4.373916276376773E-4,0.0014588232856670253,5.051831238390398E-4,2.448579835665939E-4],[1.6022757821116732E-4,4.257694118667254E-4,1.0,3.417345293133364E-4,0.0029546817706657606,1.3360345069467897E-4,4.833702651838785E-4,0.015534939566929334,0.0021875804019416533,1.7798275224783515E-4,0.002460348362722384,7.009869820595014E-4,0.0017105024612117273,1.4378768127567252E-4,8.250446800563926E-5,2.2624696733458834E-4,1.7163334921866858E-4,2.972497750359896E-5,0.010988615589458413,5.8216640093277535E-5,1.6591819832859024E-4,1.4916499318570086E-4,0.002013007549706013,1.9399962661383047E-4,1.2679296755536843E-4,1.9757229704703782E-4,0.002720393099393927,1.0198568459623275E-4,7.285864891908099E-4,3.41166675727019E-4,2.387939788979772E-4,2.586695559707823E-4,1.2897321275122343E-4,0.008628386260730805,1.7821057186522433E-4,0.03705616200418569,9.482953566686123E-5,0.002685017560111427,1.0516903237151925E-4,1.899050895720523E-4,2.432862878775351E-4,1.4738545345262222E-4,0.0012173961487257422,1.701935530836078E-4,1.055342289311219E-4],[2.1775966409918148E-4,6.249742447793432E-4,3.417345293133364E-4,1.0,0.014604022036614935,2.944769899412661E-5,0.0033899114019201385,0.006935577996508338,0.0032209110088299723,0.0029180697061922272,0.00399656742027654,0.0034598535916464347,0.0045409367710773415,0.0017042383611443016,0.001094375718253772,0.0016917779551717132,9.586216806372172E-4,0.0011127466946828054,0.007718509161050996,0.0016000466926961757,0.0020341237332903855,0.0034152421623644814,0.0031026298668403282,9.12304287107562E-4,0.001368889054199596,3.105059472409525E-4,0.003440824198963982,0.0033036759654530984,0.0027759208641927103,0.0013392469898096957,0.0017558150636304169,0.002657857653056847,0.0013587338046537642,0.0038974596199477826,0.0013589875585975912,0.018401727086133114,5.698533777009643E-4,0.0031535260717836856,7.453124121957037E-4,5.530644933022219E-4,0.0029271126659207764,0.0018411605163556,0.0032629330503692808,7.493161822039272E-4,0.0013974138096711991],[0.007833012319213172,0.011340231543417227,0.0029546817706657606,0.014604022036614935,1.0,0.006138031719759709,0.013625652468957163,0.015504199583905696,0.008254791212370823,0.008775547915939614,0.01722919305646666,0.008252594502816808,0.014777450799373624,0.010402613886153156,0.00692105671225153,0.004911439799419976,0.012102670933770928,0.014544506479815368,0.01543486127711837,0.002773364352651701,6.144330403499418E-4,0.005107557992918897,0.013439202168294462,0.004261228032232753,0.005350550133800676,0.008113925269366874,0.006035690344869485,0.0014666732752377355,0.005067825746522668,0.008767996365128414,0.002686526975424242,0.00993595870151236,0.015246414434496,0.015387872963946524,0.008661835562534624,0.06516760864893412,0.005631708836719978,0.007698899134066853,0.0012704742645308434,0.0014065781705197605,0.004161495639790764,0.007836009050708297,0.00703273797502534,0.014275457112205266,0.007879808596942735],[2.0283559186792342E-5,5.223672672970542E-4,1.3360345069467897E-4,2.944769899412661E-5,0.006138031719759709,1.0,9.031182127329198E-4,0.010188786914302925,0.0012765674192695034,2.7374926852275894E-5,0.013959739457556599,7.047950618256884E-4,0.003139171262438795,3.456158459356146E-5,2.3760764948585394E-5,6.753712736699957E-5,5.157135186489961E-5,1.4860312862177717E-5,0.009862038582901314,1.741953328721442E-5,2.6051571855093774E-5,3.8314516747877086E-5,9.793958717284556E-4,1.2748721741602466E-4,8.28015024313637E-5,1.1779240301034447E-4,7.870521308487634E-4,2.689857179014998E-5,0.0017140061328957215,1.4639263751712963E-4,2.1435426058232984E-4,1.6974935289418438E-4,7.90798906812209E-5,0.006760208128892966,4.602628977697406E-5,0.012689043382435004,1.7057005016055943E-5,0.0026798892291891832,2.4366920716978635E-5,1.526861907429698E-4,1.734149328360827E-4,2.68738456714696E-5,0.002644462311347204,1.3969361668794177E-4,5.9471683468716613E-5],[0.0015646253687439868,0.0013505213439077854,4.833702651838785E-4,0.0033899114019201385,0.013625652468957163,9.031182127329198E-4,1.0,0.0041925903963359315,0.00193386063334882,0.001107973719799629,0.01157874309939724,0.00432087612354073,0.002031687993436389,0.0011391049396407339,7.772418735979763E-4,7.620939793333524E-4,0.0011003621614771113,0.001215445050545291,0.008375208771267177,5.160564907450289E-4,0.0010353213073879025,5.4394358503447E-4,0.001709094640998682,0.001452270167048307,0.0011261741255385095,9.959741487829401E-4,0.0030232605886529734,0.0010610726377780347,0.002064659543809484,7.949657970059942E-4,0.0014251072443653553,3.9929611666509446E-4,6.103158789071625E-4,0.010730664366360524,1.1078958829902672E-4,0.062339750691520146,6.619975163725061E-4,0.0023492589579959242,2.2668605862481323E-4,1.6945614223269327E-4,8.967308029369451E-4,4.3602509638818583E-4,0.0021970220465611762,0.0010863735048836235,7.344006674446823E-4],[0.016550097176074665,0.008488626106889347,0.015534939566929334,0.006935577996508338,0.015504199583905696,0.010188786914302925,0.0041925903963359315,1.0,0.004248008961197533,0.014516014177157583,0.01755226372508297,0.010699700771842947,0.010328979903808481,0.004236283728706582,0.003719061421554728,0.014642142288900917,0.003675832062957595,0.01782691972257635,0.01997002379254179,0.01727287108596374,0.016881662454540553,0.002612460561644614,0.01533798191068094,0.013359349137723107,0.01033578196068686,0.012296849248817063,0.0047743153692581634,0.016043976272451285,0.010210891211035087,0.013515468668492406,0.007915576423859802,0.002126151269849483,0.016115484106032685,0.017668202367495302,0.011897334445569207,0.040049387699036654,0.006940551030719792,0.014670567530732485,0.015028006584876338,0.0159144970745178,0.013796359321937082,0.006850942855419175,0.014431232858513941,3.3273890003326847E-4,0.012158413711672766],[0.002121440825437155,0.0014689081591199786,0.0021875804019416533,0.0032209110088299723,0.008254791212370823,0.0012765674192695034,0.00193386063334882,0.004248008961197533,1.0,0.0017606270408241094,0.015297146276804448,0.004367905830815821,0.004884354794104538,6.138629520711079E-4,0.0017706163948695793,0.0018916546288505992,6.771372288461076E-4,2.8976599658908593E-4,0.002926689789170334,4.045455251184429E-4,0.0022831092344942462,6.803295136842233E-4,0.00241138041744165,0.0018642743338015695,0.0013721589002505055,0.001111171771953615,0.0027795416614540634,0.002050130275141625,0.0023559752011552146,9.603128139987875E-4,0.0021046678668657005,0.0014468062271724648,0.0017363726256636085,0.015062842073226636,8.070940129333126E-4,0.004753161181092393,6.574637112081186E-4,0.0028290680615758105,0.0012323514620275744,0.0019425780980358398,0.0010401426071864179,0.0018491641743839115,0.0027025415517879362,0.0013262945108127473,0.0013372263644875321],[2.4556339128498585E-5,9.251233728246536E-5,1.7798275224783515E-4,0.0029180697061922272,0.008775547915939614,2.7374926852275894E-5,0.001107973719799629,0.014516014177157583,0.0017606270408241094,1.0,0.017320515645162318,0.004734081358846057,6.439235473627696E-4,7.706565149125803E-5,2.520961486012659E-5,1.4374873035543948E-4,8.219968431562637E-5,1.4135137346001401E-5,0.01732136749416932,1.6890707898742245E-5,2.5361386792874056E-5,3.112015333740394E-5,0.002062925823980077,4.96536935002334E-5,6.675569888179373E-5,1.0498788745108239E-4,0.0013134226025638953,2.938559870561566E-5,0.0019341548617219466,4.489082642081155E-4,2.4513374738690646E-4,1.5974066912746157E-4,4.1339766365818724E-5,0.007223010332494933,6.829363872981686E-5,0.06492840727779085,1.6179646983183172E-5,6.990802572890873E-4,2.7027674837128236E-5,3.5790827851963394E-5,1.2291348119570876E-4,4.46550304183466E-5,0.0011902061672500479,1.4995067107982825E-4,4.141246581975243E-5],[0.009683920023146119,0.017167416902504055,0.002460348362722384,0.00399656742027654,0.01722919305646666,0.013959739457556599,0.01157874309939724,0.01755226372508297,0.015297146276804448,0.017320515645162318,1.0,0.007513749362464594,0.009793701612455078,0.016713762465621906,0.004620600180389279,0.00468524522847053,0.0017915259817579852,0.0029634535714299914,0.0217200643495584,0.0036652171845136853,0.011106141891567497,0.015197356437893264,0.015054195722592555,0.0017656156997076515,0.015855571010768395,0.015853266503415,0.011730327445313521,0.006322633326991721,0.006893531708311843,0.010430800861053188,0.015277813521382978,4.749618573434372E-4,0.0019627759333879667,0.016500952812758995,0.014194871030265045,0.02893978459633434,0.0019380398418513253,0.0039108112756850635,0.004745405350352968,0.0028563671875152822,0.011080944539459266,0.00972860829601117,0.01612343372749011,0.013035664077519642,0.01712205495354865],[0.0020746237057931096,0.0029023006023366875,7.009869820595014E-4,0.0034598535916464347,0.008252594502816808,7.047950618256884E-4,0.00432087612354073,0.010699700771842947,0.004367905830815821,0.004734081358846057,0.007513749362464594,1.0,0.004827852619577543,0.003092258640801423,0.0018404772471097702,0.0015538746387224944,0.002255977451162165,0.0022499546907150743,0.01581553758495581,0.0023856462954431647,0.0018671044304296707,0.0033065799290106085,0.003850674825483084,0.0014482075432807836,4.667813962687736E-4,4.557232939513083E-4,0.003907152769802702,0.0024996929966811256,0.004592192198578119,0.003157133598865518,0.003502037810633525,0.001127569929364108,0.003916316659263213,0.011138101608837546,9.105463588485065E-4,0.011406212926933314,3.606477234857466E-4,0.004175375673626635,0.0017138159022076552,0.0035773109971835243,0.002679746032723204,0.001064550888794572,0.00276789877173287,0.002269761104188975,0.0020654488640936604],[0.0026019233923657565,0.004172755387795846,0.0017105024612117273,0.0045409367710773415,0.014777450799373624,0.003139171262438795,0.002031687993436389,0.010328979903808481,0.004884354794104538,6.439235473627696E-4,0.009793701612455078,0.004827852619577543,1.0,5.138869403177569E-4,0.004851042466658628,0.0025678955564027656,0.002661925282113068,0.0017155440307984858,0.008597269444664817,0.003679991117192483,0.0037332598672101583,0.0014702076654522114,0.0030214378995463234,0.0032157155283960744,7.095480859262341E-4,0.0034367861717199124,0.0037388261917439664,0.0030094974379730644,0.003311362845775592,0.0033685460824631557,0.0037257416119891727,0.0045957440825852855,0.0011629414280649943,0.012354864660922673,0.003585266846649183,0.005831996317292776,0.002619618730193095,0.003047746142402117,0.00127902918790724,0.0026188261476665906,0.00370275748556212,0.004662051628357813,0.003938523486986482,0.003825111167156059,0.004656111730555501],[9.565530900919458E-5,1.739788078324573E-4,1.4378768127567252E-4,0.0017042383611443016,0.010402613886153156,3.456158459356146E-5,0.0011391049396407339,0.004236283728706582,6.138629520711079E-4,7.706565149125803E-5,0.016713762465621906,0.003092258640801423,5.138869403177569E-4,1.0,3.1943893827715546E-5,2.3824245176184945E-4,1.4585341327768973E-4,1.1885778419765923E-4,0.0066318666040107496,5.7576600909722717E-5,7.929594164413276E-5,1.0425358223128384E-4,0.0013982378041416,1.5486820619874027E-4,1.1390854902451688E-4,1.7523746026895293E-4,0.001493655236055062,4.20573995496875E-5,0.001632066257900573,4.5428283345902844E-4,2.487252875603401E-4,1.6457133456593772E-4,1.231920175934363E-4,0.0036452581134428967,1.1431889293956877E-4,0.022166534738431762,1.0322975207203644E-4,3.58301398589469E-4,9.892467063219002E-5,1.566270366333493E-4,2.3671620425828052E-4,1.390455913208915E-4,0.001370983729979685,1.38784186905581E-4,1.2187273922478555E-4],[2.204951849198911E-5,2.4114240310709034E-4,8.250446800563926E-5,0.001094375718253772,0.00692105671225153,2.3760764948585394E-5,7.772418735979763E-4,0.003719061421554728,0.0017706163948695793,2.520961486012659E-5,0.004620600180389279,0.0018404772471097702,0.004851042466658628,3.1943893827715546E-5,1.0,3.650894256685099E-5,1.4053664574928605E-4,1.3630363738619772E-5,0.016103217062457792,1.6554154249441878E-5,2.4818022378089408E-5,3.54216665180707E-5,0.0026944914598093146,1.574328017206639E-4,1.104759938687562E-4,2.2822029719095667E-4,6.70812211012136E-4,2.6612028617311024E-5,5.63733572838391E-4,2.982387479847513E-4,1.9189353894822175E-4,1.5440222802755977E-4,7.896471497409929E-5,0.01475028510571285,2.7622289715960695E-5,0.0504432425972185,2.1744810497706107E-5,0.001964502599830987,2.2581737503238377E-5,1.1228177168785891E-4,1.481216058311125E-4,3.117643292214425E-5,1.3230802700865907E-4,2.3700594774372938E-5,5.5414118645031145E-5],[2.1242046162755435E-4,5.724801360579997E-4,2.2624696733458834E-4,0.0016917779551717132,0.004911439799419976,6.753712736699957E-5,7.620939793333524E-4,0.014642142288900917,0.0018916546288505992,1.4374873035543948E-4,0.00468524522847053,0.0015538746387224944,0.0025678955564027656,2.3824245176184945E-4,3.650894256685099E-5,1.0,2.772482698811283E-4,2.3415500348341974E-4,0.013340118152745072,1.6105307982391089E-4,1.2907184809380793E-4,1.2602640045562615E-4,0.002465506574165122,2.441382482315199E-4,1.659360705992831E-4,2.614890848943299E-4,0.0022321564210847585,3.541619253289097E-5,3.655951550230995E-4,6.52355942675458E-4,2.805237917905929E-4,2.9321474206924386E-4,1.8672309201403446E-4,0.014175987549535373,2.7098405343420513E-4,0.05204152222590693,2.3145359986736163E-4,0.0028443505282959853,2.557608601298204E-4,2.2253998205349316E-4,2.63092613084738E-4,2.6080628365648506E-4,0.0014512593043896262,1.9329573461834092E-4,2.6413958998909343E-4],[6.748449962922586E-5,5.349179308336723E-4,1.7163334921866858E-4,9.586216806372172E-4,0.012102670933770928,5.157135186489961E-5,0.0011003621614771113,0.003675832062957595,6.771372288461076E-4,8.219968431562637E-5,0.0017915259817579852,0.002255977451162165,0.002661925282113068,1.4585341327768973E-4,1.4053664574928605E-4,2.772482698811283E-4,1.0,7.527006432797445E-5,0.0013668362348437995,7.149954702166553E-5,3.6717148952756956E-5,4.656456194423805E-5,0.001171632530698825,1.619575573504912E-4,1.1364124408129029E-4,1.8610467935562078E-4,0.0021691733802389956,1.3346005907275213E-4,8.920557775676522E-4,6.316834475887955E-4,1.8095026847449804E-4,1.517849502709791E-4,1.377020405659973E-4,0.00443094881328357,1.106301825134239E-4,0.048706046479347426,1.3773864829499775E-5,0.0010592670367561023,4.330734346332703E-5,1.5240461612848474E-4,2.3214276789793547E-4,1.4053405936826152E-4,0.002038926787038649,1.507902713515261E-4,1.318512121705699E-4],[1.5000505219745312E-5,3.7331812681828556E-4,2.972497750359896E-5,0.0011127466946828054,0.014544506479815368,1.4860312862177717E-5,0.001215445050545291,0.01782691972257635,2.8976599658908593E-4,1.4135137346001401E-5,0.0029634535714299914,0.0022499546907150743,0.0017155440307984858,1.1885778419765923E-4,1.3630363738619772E-5,2.3415500348341974E-4,7.527006432797445E-5,1.0,0.005359027276129371,1.3087553492044312E-5,2.126103485436514E-5,3.0080827530857502E-5,0.0012552428393742866,2.2265838925594877E-5,7.283719298496852E-5,1.926262369554204E-4,0.0013419627692992844,2.380794716729821E-5,5.442759528191891E-4,7.157195960085247E-4,2.448295545144505E-4,9.693172291882133E-5,2.7236279591335044E-5,0.007042970543925472,2.264201722557503E-5,0.013946391671065528,1.2778729826763355E-5,0.0023508768602922905,1.4778623293479775E-5,1.2778622730294032E-4,7.947767574591669E-5,5.298908446336316E-5,0.0026608159561945697,3.2026551862922996E-5,2.4043149364332863E-5],[0.010207476410791724,0.021253159179525746,0.010988615589458413,0.007718509161050996,0.01543486127711837,0.009862038582901314,0.008375208771267177,0.01997002379254179,0.002926689789170334,0.01732136749416932,0.0217200643495584,0.01581553758495581,0.008597269444664817,0.0066318666040107496,0.016103217062457792,0.013340118152745072,0.0013668362348437995,0.005359027276129371,1.0,0.018252316379431994,0.0026578591263241155,0.018446053366572637,0.003939371760216838,0.013576344398863368,0.013669588412718587,0.004919632543401418,0.017316009267503738,0.008850088041816589,0.01813110194361861,0.013973676272603557,0.017648412536419095,0.011667986325989085,0.02013194165069849,0.016994709296209165,0.004791149643862977,0.06897173131161397,0.02072468445278128,0.008097321537956045,0.00953027918414234,0.013247867090019986,0.01759735603935977,0.011012855014212206,0.007758282223356041,0.002785939144969763,0.00926178735047126],[1.4730500610576125E-5,4.8609732989241325E-4,5.8216640093277535E-5,0.0016000466926961757,0.002773364352651701,1.741953328721442E-5,5.160564907450289E-4,0.01727287108596374,4.045455251184429E-4,1.6890707898742245E-5,0.0036652171845136853,0.0023856462954431647,0.003679991117192483,5.7576600909722717E-5,1.6554154249441878E-5,1.6105307982391089E-4,7.149954702166553E-5,1.3087553492044312E-5,0.018252316379431994,1.0,1.657460230611616E-5,3.5786197183054796E-5,0.0027039557124994454,7.125120307539442E-5,7.55091670766871E-5,1.1597185741011637E-4,0.0011613421326643297,1.4484680759536122E-5,6.050688441175406E-4,7.589804703667587E-4,1.926900829395527E-4,3.4965037798166714E-4,1.1922462692834794E-4,7.202894379676075E-4,6.671684547502357E-5,0.056973657855155735,1.1754924409403584E-5,0.0012238767048799158,1.7655906937848135E-5,2.0589010473830037E-5,2.1559271141514892E-4,7.53599879146185E-5,0.00113853228392507,1.2450787994028296E-4,4.6097682245473294E-5],[2.461903081349248E-5,2.6495707124874715E-4,1.6591819832859024E-4,0.0020341237332903855,6.144330403499418E-4,2.6051571855093774E-5,0.0010353213073879025,0.016881662454540553,0.0022831092344942462,2.5361386792874056E-5,0.011106141891567497,0.0018671044304296707,0.0037332598672101583,7.929594164413276E-5,2.4818022378089408E-5,1.2907184809380793E-4,3.6717148952756956E-5,2.126103485436514E-5,0.0026578591263241155,1.657460230611616E-5,1.0,3.1630492068710736E-5,0.0024985694569243763,6.169282901639926E-5,3.061837864013084E-5,9.116714954937695E-5,0.0027379859298848576,2.8013263352122805E-5,0.0010300018049701227,1.5008050063971333E-4,2.1876214727817886E-4,1.9730263045226846E-4,8.048086636332009E-5,0.004222155351867841,6.944007199796657E-5,0.0032934482768071697,2.244323627123523E-5,0.0027203060253129002,2.513095367964859E-5,7.233196214647452E-5,3.8643612348398166E-5,6.209522654671201E-5,1.649803252804089E-4,5.8098821807578624E-5,6.689433857773658E-5],[2.7283584931057376E-5,1.8654837393913059E-4,1.4916499318570086E-4,0.0034152421623644814,0.005107557992918897,3.8314516747877086E-5,5.4394358503447E-4,0.002612460561644614,6.803295136842233E-4,3.112015333740394E-5,0.015197356437893264,0.0033065799290106085,0.0014702076654522114,1.0425358223128384E-4,3.54216665180707E-5,1.2602640045562615E-4,4.656456194423805E-5,3.0080827530857502E-5,0.018446053366572637,3.5786197183054796E-5,3.1630492068710736E-5,1.0,7.54853728837303E-4,1.3277049709120245E-4,6.26316346426756E-5,1.6743519962883282E-4,6.231908820085677E-4,3.8208895730813466E-5,0.0012495999984112737,5.172512695186998E-4,3.999863486431446E-5,5.292204973519713E-5,4.9963325999758895E-5,0.01605733551292624,4.475575345268738E-5,0.01955458685635083,1.4360687754924405E-5,0.002352748072721759,3.4244647454869455E-5,1.0601710049802968E-4,1.9248506399327614E-4,6.627070176620676E-5,0.0019615603037777146,1.242384442408929E-4,6.341059834723349E-5],[0.0016515892526990752,0.0021484606126502426,0.002013007549706013,0.0031026298668403282,0.013439202168294462,9.793958717284556E-4,0.001709094640998682,0.01533798191068094,0.00241138041744165,0.002062925823980077,0.015054195722592555,0.003850674825483084,0.0030214378995463234,0.0013982378041416,0.0026944914598093146,0.002465506574165122,0.001171632530698825,0.0012552428393742866,0.003939371760216838,0.0027039557124994454,0.0024985694569243763,7.54853728837303E-4,1.0,0.0013517270484596838,0.0012189259886184758,0.0010839586021692744,0.003419296492765047,0.0023359053227818174,0.002567393083464459,0.0023632867959566405,4.353197284142472E-4,0.0024875611453288194,0.0024175942894758395,0.005901393200510686,0.0018929624150976954,0.03313356472453914,6.139579489690486E-4,0.0029135094893396572,0.0015682314920054425,6.333824739958615E-4,0.0024956868784736805,0.0015810227555669945,0.0027138987656602307,9.175030238827916E-4,0.0027825880707233273],[9.387251400918123E-5,1.9678664383249487E-4,1.9399962661383047E-4,9.12304287107562E-4,0.004261228032232753,1.2748721741602466E-4,0.001452270167048307,0.013359349137723107,0.0018642743338015695,4.96536935002334E-5,0.0017656156997076515,0.0014482075432807836,0.0032157155283960744,1.5486820619874027E-4,1.574328017206639E-4,2.441382482315199E-4,1.619575573504912E-4,2.2265838925594877E-5,0.013576344398863368,7.125120307539442E-5,6.169282901639926E-5,1.3277049709120245E-4,0.0013517270484596838,1.0,1.5351542471830773E-4,2.3186988919244515E-4,3.3475068587852924E-4,3.304440371252009E-5,0.0022367715735282213,4.1803191335120014E-4,1.9634541487342446E-4,2.4055379762085528E-4,1.5705482511831097E-4,0.010214545480986709,1.2154277524405136E-4,0.0031435025698728224,7.546216759926635E-5,0.0016923793496021844,1.4765785550385137E-4,1.641335680168987E-4,1.8370035742491166E-4,1.6176360321945194E-4,3.284718557723795E-4,1.63272574759671E-4,1.0876197922063357E-4],[7.73181615995461E-5,5.297467609154164E-4,1.2679296755536843E-4,0.001368889054199596,0.005350550133800676,8.28015024313637E-5,0.0011261741255385095,0.01033578196068686,0.0013721589002505055,6.675569888179373E-5,0.015855571010768395,4.667813962687736E-4,7.095480859262341E-4,1.1390854902451688E-4,1.104759938687562E-4,1.659360705992831E-4,1.1364124408129029E-4,7.283719298496852E-5,0.013669588412718587,7.55091670766871E-5,3.061837864013084E-5,6.26316346426756E-5,0.0012189259886184758,1.5351542471830773E-4,1.0,2.40338177814175E-4,0.002325931145976264,4.743490150654023E-5,0.0021925949970510086,3.2997065714617104E-4,1.2036210871080075E-4,3.293492788376606E-4,1.2100530634502496E-4,0.01610137430998055,1.1085173262274303E-4,0.04702520220446272,2.2742841532818175E-5,0.0017317979641604116,8.062562383887709E-5,1.4146885298228494E-4,1.4827761575882936E-4,1.1866702190705808E-4,9.362624773379004E-4,1.1398470492344192E-4,1.056621649837817E-4],[1.682337970910915E-5,2.998515498951139E-4,1.9757229704703782E-4,3.105059472409525E-4,0.008113925269366874,1.1779240301034447E-4,9.959741487829401E-4,0.012296849248817063,0.001111171771953615,1.0498788745108239E-4,0.015853266503415,4.557232939513083E-4,0.0034367861717199124,1.7523746026895293E-4,2.2822029719095667E-4,2.614890848943299E-4,1.8610467935562078E-4,1.926262369554204E-4,0.004919632543401418,1.1597185741011637E-4,9.116714954937695E-5,1.6743519962883282E-4,0.0010839586021692744,2.3186988919244515E-4,2.40338177814175E-4,1.0,0.001874886104270729,2.5380220502553607E-4,0.0017634007776166558,3.1044216480979707E-4,2.587924126996001E-4,2.719071172876098E-4,2.4437406215728805E-4,0.006448412885363667,1.2757294711287636E-4,0.03588143575779049,1.69313369951346E-4,4.0919906062464247E-4,1.0784940497339015E-4,2.2788218755426495E-4,2.5335620943991375E-4,1.4172264945737915E-4,5.851187684812943E-4,1.9150617275634157E-4,2.2745435005568028E-4],[8.566856932459253E-4,7.960716540577948E-4,0.002720393099393927,0.003440824198963982,0.006035690344869485,7.870521308487634E-4,0.0030232605886529734,0.0047743153692581634,0.0027795416614540634,0.0013134226025638953,0.011730327445313521,0.003907152769802702,0.0037388261917439664,0.001493655236055062,6.70812211012136E-4,0.0022321564210847585,0.0021691733802389956,0.0013419627692992844,0.017316009267503738,0.0011613421326643297,0.0027379859298848576,6.231908820085677E-4,0.003419296492765047,3.3475068587852924E-4,0.002325931145976264,0.001874886104270729,1.0,0.0028846528471705955,0.003430633538613293,0.0028037224813662943,0.0019714149191666407,0.0018044560410842218,0.003463111226569915,0.015818352741887184,2.1831988706503584E-4,0.02618522942742251,0.0011187862565488137,0.003137029814053324,4.7717741587428674E-4,0.0012059375033603328,0.0020880580665260055,0.002777262519454615,0.0028344303501838743,1.960962729782451E-4,0.0017393740988342018],[2.435994863422807E-5,4.805990609642689E-4,1.0198568459623275E-4,0.0033036759654530984,0.0014666732752377355,2.689857179014998E-5,0.0010610726377780347,0.016043976272451285,0.002050130275141625,2.938559870561566E-5,0.006322633326991721,0.0024996929966811256,0.0030094974379730644,4.20573995496875E-5,2.6612028617311024E-5,3.541619253289097E-5,1.3346005907275213E-4,2.380794716729821E-5,0.008850088041816589,1.4484680759536122E-5,2.8013263352122805E-5,3.8208895730813466E-5,0.0023359053227818174,3.304440371252009E-5,4.743490150654023E-5,2.5380220502553607E-4,0.0028846528471705955,1.0,0.002153081827430132,4.978369491249365E-4,2.481345246650675E-4,3.439674496587026E-4,4.459855017274686E-5,0.008299969295791859,3.1829078785671614E-5,0.003814613405551403,1.8946483966638478E-5,0.002291816868998934,2.363032869181389E-5,1.4125638798566736E-4,1.1352293092333868E-4,8.850550371686003E-5,0.00171451899209943,3.750819267248552E-5,5.9397913080438075E-5],[1.0243267188182712E-4,0.0013610577364426592,7.285864891908099E-4,0.0027759208641927103,0.005067825746522668,0.0017140061328957215,0.002064659543809484,0.010210891211035087,0.0023559752011552146,0.0019341548617219466,0.006893531708311843,0.004592192198578119,0.003311362845775592,0.001632066257900573,5.63733572838391E-4,3.655951550230995E-4,8.920557775676522E-4,5.442759528191891E-4,0.01813110194361861,6.050688441175406E-4,0.0010300018049701227,0.0012495999984112737,0.002567393083464459,0.0022367715735282213,0.0021925949970510086,0.0017634007776166558,0.003430633538613293,0.002153081827430132,1.0,0.001804124464423813,0.0021699724232689416,6.965294074442535E-4,0.0017612421202941415,0.01539028415534202,0.0019106389938380603,0.0024849330495337937,4.495447414554976E-4,0.0027515438087368426,0.0014999597704934953,4.685363109212349E-4,9.071203664688177E-4,7.646984707498318E-4,0.002473809006646119,3.908114333446513E-4,0.0019938012827402742],[2.121057239637135E-4,6.720034553400561E-4,3.41166675727019E-4,0.0013392469898096957,0.008767996365128414,1.4639263751712963E-4,7.949657970059942E-4,0.013515468668492406,9.603128139987875E-4,4.489082642081155E-4,0.010430800861053188,0.003157133598865518,0.0033685460824631557,4.5428283345902844E-4,2.982387479847513E-4,6.52355942675458E-4,6.316834475887955E-4,7.157195960085247E-4,0.013973676272603557,7.589804703667587E-4,1.5008050063971333E-4,5.172512695186998E-4,0.0023632867959566405,4.1803191335120014E-4,3.2997065714617104E-4,3.1044216480979707E-4,0.0028037224813662943,4.978369491249365E-4,0.001804124464423813,1.0,3.227495159672314E-4,5.446498873152748E-4,6.528514499696697E-4,0.004228601990410499,5.71516808038437E-4,0.012266086553352444,5.398058979593734E-4,0.002802041224399336,5.6874834226638E-4,4.958614648563882E-4,6.277370379644534E-4,5.436699000272154E-4,0.0012832723999869381,5.031269674088011E-4,1.318912626573025E-4],[2.2783582367323876E-4,4.7587064984772775E-4,2.387939788979772E-4,0.0017558150636304169,0.002686526975424242,2.1435426058232984E-4,0.0014251072443653553,0.007915576423859802,0.0021046678668657005,2.4513374738690646E-4,0.015277813521382978,0.003502037810633525,0.0037257416119891727,2.487252875603401E-4,1.9189353894822175E-4,2.805237917905929E-4,1.8095026847449804E-4,2.448295545144505E-4,0.017648412536419095,1.926900829395527E-4,2.1876214727817886E-4,3.999863486431446E-5,4.353197284142472E-4,1.9634541487342446E-4,1.2036210871080075E-4,2.587924126996001E-4,0.0019714149191666407,2.481345246650675E-4,0.0021699724232689416,3.227495159672314E-4,1.0,3.200061398885885E-4,2.5565439754527146E-4,0.016112461579853816,2.1437109154499504E-4,0.05615466282194323,1.8217675438741813E-4,6.691737351622489E-4,1.360153093042969E-4,1.7591434391966997E-4,2.5807551983355264E-4,2.551270552083823E-4,0.0012461950556972878,2.3100301374916806E-4,1.613192801221966E-4],[7.617629294457442E-5,3.853675892237473E-4,2.586695559707823E-4,0.002657857653056847,0.00993595870151236,1.6974935289418438E-4,3.9929611666509446E-4,0.002126151269849483,0.0014468062271724648,1.5974066912746157E-4,4.749618573434372E-4,0.001127569929364108,0.0045957440825852855,1.6457133456593772E-4,1.5440222802755977E-4,2.9321474206924386E-4,1.517849502709791E-4,9.693172291882133E-5,0.011667986325989085,3.4965037798166714E-4,1.9730263045226846E-4,5.292204973519713E-5,0.0024875611453288194,2.4055379762085528E-4,3.293492788376606E-4,2.719071172876098E-4,0.0018044560410842218,3.439674496587026E-4,6.965294074442535E-4,5.446498873152748E-4,3.200061398885885E-4,1.0,2.7211040503843204E-4,0.015623514761195558,1.5776136161422508E-4,0.054575204317601336,1.1818263656379075E-4,0.0011294322407821352,2.9811740732050597E-4,3.296304517107629E-4,3.6443315485375455E-4,1.837263174889118E-4,8.150383058626355E-4,2.9368890160092745E-4,2.7167203782577846E-4],[7.060409815542148E-5,2.718662226309218E-4,1.2897321275122343E-4,0.0013587338046537642,0.015246414434496,7.90798906812209E-5,6.103158789071625E-4,0.016115484106032685,0.0017363726256636085,4.1339766365818724E-5,0.0019627759333879667,0.003916316659263213,0.0011629414280649943,1.231920175934363E-4,7.896471497409929E-5,1.8672309201403446E-4,1.377020405659973E-4,2.7236279591335044E-5,0.02013194165069849,1.1922462692834794E-4,8.048086636332009E-5,4.9963325999758895E-5,0.0024175942894758395,1.5705482511831097E-4,1.2100530634502496E-4,2.4437406215728805E-4,0.003463111226569915,4.459855017274686E-5,0.0017612421202941415,6.528514499696697E-4,2.5565439754527146E-4,2.7211040503843204E-4,1.0,0.014354328908981013,1.1265065187049115E-4,0.050920049762163896,4.5452588141453445E-5,0.0011004825761068838,6.083586484739026E-5,1.5859308848224703E-4,1.4061546586500276E-4,1.249124842956029E-4,0.0020564824199959327,1.2299020931978607E-4,1.1660559122112089E-4],[6.998939442683327E-4,0.010564794314800986,0.008628386260730805,0.0038974596199477826,0.015387872963946524,0.006760208128892966,0.010730664366360524,0.017668202367495302,0.015062842073226636,0.007223010332494933,0.016500952812758995,0.011138101608837546,0.012354864660922673,0.0036452581134428967,0.01475028510571285,0.014175987549535373,0.00443094881328357,0.007042970543925472,0.016994709296209165,7.202894379676075E-4,0.004222155351867841,0.01605733551292624,0.005901393200510686,0.010214545480986709,0.01610137430998055,0.006448412885363667,0.015818352741887184,0.008299969295791859,0.01539028415534202,0.004228601990410499,0.016112461579853816,0.015623514761195558,0.014354328908981013,1.0,0.0019529120535843234,0.05413377659826564,0.012318627389932215,0.012140765549666711,0.01227266798524293,6.180605418697352E-4,0.01476160185170027,0.009790416939364478,0.005532242366048198,0.015719526112446282,4.1228664734238243E-4],[2.029580823059381E-5,4.960847695826378E-4,1.7821057186522433E-4,0.0013589875585975912,0.008661835562534624,4.602628977697406E-5,1.1078958829902672E-4,0.011897334445569207,8.070940129333126E-4,6.829363872981686E-5,0.014194871030265045,9.105463588485065E-4,0.003585266846649183,1.1431889293956877E-4,2.7622289715960695E-5,2.7098405343420513E-4,1.106301825134239E-4,2.264201722557503E-5,0.004791149643862977,6.671684547502357E-5,6.944007199796657E-5,4.475575345268738E-5,0.0018929624150976954,1.2154277524405136E-4,1.1085173262274303E-4,1.2757294711287636E-4,2.1831988706503584E-4,3.1829078785671614E-5,0.0019106389938380603,5.71516808038437E-4,2.1437109154499504E-4,1.5776136161422508E-4,1.1265065187049115E-4,0.0019529120535843234,1.0,0.03695582711301099,9.782014345024454E-5,0.002745424077133879,7.601737576768747E-5,1.3887235153189168E-4,1.8124965616084574E-4,1.1348201199518635E-4,0.0026068539126062307,1.3368861417651314E-4,1.083692208159904E-4],[0.0034473876213924437,0.06318263195168856,0.03705616200418569,0.018401727086133114,0.06516760864893412,0.012689043382435004,0.062339750691520146,0.040049387699036654,0.004753161181092393,0.06492840727779085,0.02893978459633434,0.011406212926933314,0.005831996317292776,0.022166534738431762,0.0504432425972185,0.05204152222590693,0.048706046479347426,0.013946391671065528,0.06897173131161397,0.056973657855155735,0.0032934482768071697,0.01955458685635083,0.03313356472453914,0.0031435025698728224,0.04702520220446272,0.03588143575779049,0.02618522942742251,0.003814613405551403,0.0024849330495337937,0.012266086553352444,0.05615466282194323,0.054575204317601336,0.050920049762163896,0.05413377659826564,0.03695582711301099,1.0,0.018618388016074135,0.034181161257561946,0.04165096602382451,0.03047303938811777,0.05066918566981867,0.05143681496623763,0.005602637389014679,0.043603451877620825,0.03383066345659116],[1.4137578755871912E-5,3.29385103795927E-4,9.482953566686123E-5,5.698533777009643E-4,0.005631708836719978,1.7057005016055943E-5,6.619975163725061E-4,0.006940551030719792,6.574637112081186E-4,1.6179646983183172E-5,0.0019380398418513253,3.606477234857466E-4,0.002619618730193095,1.0322975207203644E-4,2.1744810497706107E-5,2.3145359986736163E-4,1.3773864829499775E-5,1.2778729826763355E-5,0.02072468445278128,1.1754924409403584E-5,2.244323627123523E-5,1.4360687754924405E-5,6.139579489690486E-4,7.546216759926635E-5,2.2742841532818175E-5,1.69313369951346E-4,0.0011187862565488137,1.8946483966638478E-5,4.495447414554976E-4,5.398058979593734E-4,1.8217675438741813E-4,1.1818263656379075E-4,4.5452588141453445E-5,0.012318627389932215,9.782014345024454E-5,0.018618388016074135,1.0,6.708072958667222E-4,1.7413246465041678E-5,1.1087657922862183E-4,8.405842406218486E-5,4.0740636143279905E-5,0.0011868599633308727,8.816715356680098E-5,5.675968712710578E-5],[0.0014681900922826332,0.0015883856846683616,0.002685017560111427,0.0031535260717836856,0.007698899134066853,0.0026798892291891832,0.0023492589579959242,0.014670567530732485,0.0028290680615758105,6.990802572890873E-4,0.0039108112756850635,0.004175375673626635,0.003047746142402117,3.58301398589469E-4,0.001964502599830987,0.0028443505282959853,0.0010592670367561023,0.0023508768602922905,0.008097321537956045,0.0012238767048799158,0.0027203060253129002,0.002352748072721759,0.0029135094893396572,0.0016923793496021844,0.0017317979641604116,4.0919906062464247E-4,0.003137029814053324,0.002291816868998934,0.0027515438087368426,0.002802041224399336,6.691737351622489E-4,0.0011294322407821352,0.0011004825761068838,0.012140765549666711,0.002745424077133879,0.034181161257561946,6.708072958667222E-4,1.0,0.0011644606305397528,0.0017010760171268244,0.0015133040614176882,0.0013943939754409588,0.0029220686238235222,0.0023362128225745383,4.593196777425065E-4],[2.1024331465968172E-5,3.7732371584365377E-4,1.0516903237151925E-4,7.453124121957037E-4,0.0012704742645308434,2.4366920716978635E-5,2.2668605862481323E-4,0.015028006584876338,0.0012323514620275744,2.7027674837128236E-5,0.004745405350352968,0.0017138159022076552,0.00127902918790724,9.892467063219002E-5,2.2581737503238377E-5,2.557608601298204E-4,4.330734346332703E-5,1.4778623293479775E-5,0.00953027918414234,1.7655906937848135E-5,2.513095367964859E-5,3.4244647454869455E-5,0.0015682314920054425,1.4765785550385137E-4,8.062562383887709E-5,1.0784940497339015E-4,4.7717741587428674E-4,2.363032869181389E-5,0.0014999597704934953,5.6874834226638E-4,1.360153093042969E-4,2.9811740732050597E-4,6.083586484739026E-5,0.01227266798524293,7.601737576768747E-5,0.04165096602382451,1.7413246465041678E-5,0.0011644606305397528,1.0,3.228880460847681E-5,3.970242128621936E-5,1.0452815757455381E-4,0.0013814786867021047,1.5481521012743294E-4,6.215902724788074E-5],[9.714238269643399E-5,3.779404040410117E-4,1.899050895720523E-4,5.530644933022219E-4,0.0014065781705197605,1.526861907429698E-4,1.6945614223269327E-4,0.0159144970745178,0.0019425780980358398,3.5790827851963394E-5,0.0028563671875152822,0.0035773109971835243,0.0026188261476665906,1.566270366333493E-4,1.1228177168785891E-4,2.2253998205349316E-4,1.5240461612848474E-4,1.2778622730294032E-4,0.013247867090019986,2.0589010473830037E-5,7.233196214647452E-5,1.0601710049802968E-4,6.333824739958615E-4,1.641335680168987E-4,1.4146885298228494E-4,2.2788218755426495E-4,0.0012059375033603328,1.4125638798566736E-4,4.685363109212349E-4,4.958614648563882E-4,1.7591434391966997E-4,3.296304517107629E-4,1.5859308848224703E-4,6.180605418697352E-4,1.3887235153189168E-4,0.03047303938811777,1.1087657922862183E-4,0.0017010760171268244,3.228880460847681E-5,1.0,1.9122786467368444E-4,1.6166543499811199E-4,5.471909716684886E-4,1.6248983368433948E-4,1.501804138339413E-4],[1.5612559589910902E-4,3.4004393464308986E-4,2.432862878775351E-4,0.0029271126659207764,0.004161495639790764,1.734149328360827E-4,8.967308029369451E-4,0.013796359321937082,0.0010401426071864179,1.2291348119570876E-4,0.011080944539459266,0.002679746032723204,0.00370275748556212,2.3671620425828052E-4,1.481216058311125E-4,2.63092613084738E-4,2.3214276789793547E-4,7.947767574591669E-5,0.01759735603935977,2.1559271141514892E-4,3.8643612348398166E-5,1.9248506399327614E-4,0.0024956868784736805,1.8370035742491166E-4,1.4827761575882936E-4,2.5335620943991375E-4,0.0020880580665260055,1.1352293092333868E-4,9.071203664688177E-4,6.277370379644534E-4,2.5807551983355264E-4,3.6443315485375455E-4,1.4061546586500276E-4,0.01476160185170027,1.8124965616084574E-4,0.05066918566981867,8.405842406218486E-5,0.0015133040614176882,3.970242128621936E-5,1.9122786467368444E-4,1.0,1.681681393888672E-4,7.547730905638784E-4,1.7504156563237402E-4,2.1872826096740633E-4],[1.338103238131176E-4,4.373916276376773E-4,1.4738545345262222E-4,0.0018411605163556,0.007836009050708297,2.68738456714696E-5,4.3602509638818583E-4,0.006850942855419175,0.0018491641743839115,4.46550304183466E-5,0.00972860829601117,0.001064550888794572,0.004662051628357813,1.390455913208915E-4,3.117643292214425E-5,2.6080628365648506E-4,1.4053405936826152E-4,5.298908446336316E-5,0.011012855014212206,7.53599879146185E-5,6.209522654671201E-5,6.627070176620676E-5,0.0015810227555669945,1.6176360321945194E-4,1.1866702190705808E-4,1.4172264945737915E-4,0.002777262519454615,8.850550371686003E-5,7.646984707498318E-4,5.436699000272154E-4,2.551270552083823E-4,1.837263174889118E-4,1.249124842956029E-4,0.009790416939364478,1.1348201199518635E-4,0.05143681496623763,4.0740636143279905E-5,0.0013943939754409588,1.0452815757455381E-4,1.6166543499811199E-4,1.681681393888672E-4,1.0,0.0018271327333588743,1.4582043488823784E-4,1.3769652436492456E-4],[0.001146447276781819,0.0014588232856670253,0.0012173961487257422,0.0032629330503692808,0.00703273797502534,0.002644462311347204,0.0021970220465611762,0.014431232858513941,0.0027025415517879362,0.0011902061672500479,0.01612343372749011,0.00276789877173287,0.003938523486986482,0.001370983729979685,1.3230802700865907E-4,0.0014512593043896262,0.00203892