[[1.0,0.002439476994378776,0.001732168807305773,0.0016375362113255048,4.378158188168469E-4,0.0012042968968617065,0.002556477038206264,2.687527696252466E-4,0.0013218650042287107,0.0019828937362575115,1.561480713730069E-4,6.768317813001491E-4,0.002253483954322455,0.0026372883142523366,0.0021624139244859814,9.268035726791496E-5,0.0024884754519298585,0.0020020804521602067,0.0031085277970921274,0.003402940914960062,0.0013642620001218242,0.0016811660038543522,0.0026166908876258605,0.0023894930794625393,0.0020978550755514497,0.002766514803645196,0.002323577809572788,0.0015046622601733897,7.641555117159545E-4,0.0033268725617819532,0.0012316643022149164,0.00115405804165348,2.2409950694326163E-4,0.0024965692281351697,0.0026316050787507502,0.002776038921937818,0.0019507833302962881,6.885161355442625E-4,0.0026561173615202776,0.001554381722949689,0.0010624526663559545,0.012209081544450018,0.0026380903980355148,0.003956903888706647,0.0026283343843853503,0.0022967930273848063,0.0032844359530832434,0.019778469348073632,0.0023439402186885704,0.005464570316359711,0.0017441531336583875,0.00975905527150373,9.236906006059454E-4,0.002382356597385413,0.009991023882828754],[0.002439476994378776,1.0,1.9549157358728778E-4,1.9133861181567935E-4,1.606965693481647E-4,3.8689773400970965E-4,6.447038035232631E-4,1.485616101971098E-4,0.0012105817296000272,2.9042101229513894E-4,9.768381594574606E-5,1.901558736373882E-4,1.0082233525017436E-4,1.6767719941677338E-4,2.440658585478095E-4,8.055089364222033E-5,5.152988991195391E-4,1.0457580862777076E-4,7.335730862593146E-4,0.006816685557596045,2.0368752833945663E-4,3.6307383893359707E-4,1.1484903827913134E-4,1.6669178196586994E-4,2.8985274855964336E-4,0.002079390544353943,1.3705139728018787E-4,7.191558962636171E-5,1.0864120215187927E-4,0.003038135157184991,2.6459567685885576E-4,1.9119962523524693E-4,1.6711429764278157E-4,3.817487791295801E-4,1.0863298727525165E-4,2.6067876380737756E-4,0.0016022204733147222,7.873505634685212E-5,0.002245466462871749,9.267484635902963E-5,2.639751323230219E-4,0.009111601165172449,0.0018338962489020758,0.0058070586644080185,1.6607333834428632E-4,6.92154670401204E-4,0.006561466932677815,4.493918890305012E-4,1.7894124317546377E-4,0.011437274852982179,3.341298297149213E-4,0.0019767702142181,2.0274039116102138E-4,3.620520632066004E-4,0.0034574854276754586],[0.001732168807305773,1.9549157358728778E-4,1.0,2.449519614490429E-4,1.369880068676495E-4,4.683707902790348E-4,0.0015488702839374915,1.7592051400898973E-4,9.29208488553802E-4,7.294381032608111E-4,1.6701044730351626E-4,2.1487625633176177E-4,1.7187162731696832E-4,1.9837310909805107E-4,0.0012440890120171632,2.4021784027038423E-4,3.735959054684861E-4,1.716785450120078E-4,6.080919434640452E-4,0.005829843640948718,2.5625218768563266E-4,4.1670473006997957E-4,4.11936175406637E-5,1.5813412420822716E-4,6.657573099245928E-4,0.0012671808532727113,1.896437947413301E-4,2.33268743567662E-4,1.5910109343409223E-4,0.0010057849491467987,2.782866739547944E-4,2.4704590279599057E-4,2.1013761472779286E-4,8.711129860820685E-4,1.5389789040854912E-4,0.0028909859838514387,0.0012576928759632049,1.0521363074696017E-4,7.918713793980783E-4,1.2198864509714428E-4,2.499280345777914E-4,0.009787804365886063,0.0019543158901460596,0.015063571397470561,1.89638416420943E-4,3.369964682884033E-4,3.364243822831425E-4,0.011133854910448967,1.8756347153808095E-4,0.0034352364109745746,5.059921154680904E-4,0.0026317633755517794,2.7436714333451995E-4,0.0010084488249933762,0.009123686771410065],[0.0016375362113255048,1.9133861181567935E-4,2.449519614490429E-4,1.0,1.2752232726347324E-4,2.501486500464326E-4,0.0016940096023845897,2.1506579558587663E-4,8.99346680670252E-4,8.693550353436066E-4,2.0373998460646833E-4,2.4255459476048226E-4,1.6736458858817584E-4,1.7622204752200312E-4,6.523831950127403E-4,1.2708725658660132E-4,8.655717584424079E-4,1.9629897710855078E-4,0.0024080698778599953,0.011322660044540012,2.744001738373347E-4,3.6124947895385705E-4,1.737597505109243E-4,2.2823276055898263E-4,9.541258545105246E-4,0.0022985143524169266,1.7116479946862253E-4,2.3957747156861325E-4,1.2481550053145297E-4,0.002708594211559367,2.717033256511129E-4,2.410553996276999E-4,2.1595942595183101E-4,0.0010715555680253649,2.103591838048634E-4,0.004880554404527801,2.806966402744126E-4,1.1932696448807158E-4,0.001683066291691398,2.4116349542126594E-4,3.013385792913565E-4,0.014539335378992676,0.0019689260387201453,0.01154061792624507,2.3243153096857158E-4,5.66563158403643E-4,0.0016255176198102905,0.0016518400421427282,2.1170065500492104E-4,0.002217581059096337,5.338907138871527E-4,0.00667883034920015,2.802103593441694E-4,9.672036735603075E-4,0.004246366827140607],[4.378158188168469E-4,1.606965693481647E-4,1.369880068676495E-4,1.2752232726347324E-4,1.0,2.5697293459458895E-4,0.0012408312620848588,7.185863953479565E-5,9.981599870115497E-4,2.653313198745711E-4,3.549178302531857E-5,1.321453093377218E-4,5.807393604488754E-5,7.90565276831707E-5,0.0011088513055201874,7.461062701586378E-5,6.59744515974109E-4,6.381013397361924E-5,3.907857786582416E-4,0.009749883830841192,1.1435327629573692E-4,3.6867435421400225E-4,5.57715832819622E-5,8.184390376360068E-5,2.365237847705036E-4,0.0032746446370540017,7.124991253784811E-5,5.0780118035736375E-5,9.299134733082025E-5,0.004702030894595796,2.655745130294675E-4,2.178462638637084E-4,1.4284032325567096E-4,0.0012507888992009805,9.94740860725491E-5,9.59766742995853E-4,0.0014912419473494145,7.650864374785033E-5,0.0013848068846695433,4.66145207537816E-5,1.3432103901362782E-4,0.011909979910333079,0.0012825064271976766,1.2928886739102676E-4,1.282592515440279E-4,0.0010768400186104525,0.006143556408934161,0.005794784098629806,1.373423489455886E-4,0.012513572340134945,5.691755423138815E-4,0.0035968034465065973,1.5469449851354607E-4,0.001119833275143305,0.0016866334355350957],[0.0012042968968617065,3.8689773400970965E-4,4.683707902790348E-4,2.501486500464326E-4,2.5697293459458895E-4,1.0,0.0011921008589157018,2.5629708004673086E-4,6.890355487069044E-4,7.943760615909051E-4,2.4057913819064647E-4,3.1541468940695023E-4,2.378732921547313E-4,4.768447815989218E-4,0.0012134732184215847,1.658336337109682E-4,0.0010537607550729965,1.9004684583168042E-4,0.0014051413120552796,0.006663163767388031,4.284727267491673E-4,4.3677715102069005E-4,1.4842929222509313E-4,4.2065667568733485E-4,8.723976347547869E-4,0.0028516115915554713,3.302488306282156E-4,1.7945274120824965E-4,4.0570302399150094E-4,0.004246698085214235,4.7612825724347753E-4,2.8985971785302296E-4,2.1088670423840959E-4,5.625423370271177E-4,3.6105349409075964E-4,0.002312585054030852,0.0015347991032058717,3.2712792459477366E-4,0.002065160304395433,8.905239916272772E-5,4.0539046204755115E-4,0.014086536436768356,0.002542993193765153,0.008634843781697479,2.7850997559483736E-4,0.0012130478846295134,0.0034471927328651023,0.013545323865984168,4.7247388435452467E-4,0.012624756825389764,6.19465934100131E-4,0.001709199898186502,3.5046319537360913E-4,6.482500158951565E-4,0.0021310970358210464],[0.002556477038206264,6.447038035232631E-4,0.0015488702839374915,0.0016940096023845897,0.0012408312620848588,0.0011921008589157018,1.0,5.289603518089954E-4,0.0014755652883819768,0.0014000515692286367,0.0015858543551338416,9.328865157669929E-4,4.4709910826462915E-4,8.05292630898868E-4,0.0018792949594108558,7.885260981806545E-4,0.001618971261314215,1.4467434816956657E-4,0.0023864229993851563,0.0052624893785036585,4.280529768264785E-4,0.0013789324312832372,8.291181877493034E-4,1.2544526166479556E-4,0.001365550612475578,0.0018223809511831953,9.004689754497232E-4,0.001052623674748864,8.087725022506109E-4,0.0020153977803700216,0.001540226463320053,4.884005290747941E-4,3.944360497314393E-4,0.002453200223459561,8.353395205977937E-4,0.0043701636648897,0.0017805915018451494,0.0014582310081161529,0.002385651702569971,8.322469870206711E-4,0.0015227362909873427,0.002467639094171615,0.0019960252119141405,0.007590351095166053,3.7431274684359957E-4,0.001575808547217231,0.005333338379985666,0.020970994014088966,2.9559317158573686E-4,0.006625448635668975,0.0014374698881737798,0.008693511580805315,0.0010654040556313667,0.0012012513338794753,0.007740043610703732],[2.687527696252466E-4,1.485616101971098E-4,1.7592051400898973E-4,2.1506579558587663E-4,7.185863953479565E-5,2.5629708004673086E-4,5.289603518089954E-4,1.0,9.81497380117565E-4,3.3166978405960054E-4,1.6456711205365555E-5,2.6222797514242207E-5,3.902968256042181E-5,4.517259075548393E-5,2.9255474237489115E-4,6.173702528238608E-5,6.605857929039305E-4,1.827842279688439E-5,0.0016800326098947297,0.0035317642384804825,2.266015444586126E-4,3.692283795296299E-4,2.4969547555084442E-5,9.889792579288379E-5,8.451812508054424E-5,0.0027826765107463363,2.8018634883554483E-5,1.517372138048393E-5,7.802584956694022E-5,0.0016423135055438497,1.302814274414995E-4,6.01409918684411E-5,1.1483836761921496E-4,4.834227959933159E-4,9.214698924230597E-5,0.005207459246261422,0.0015964455434013605,5.97912795911778E-5,0.0011262243588829788,1.893122925567475E-5,2.703008448333999E-4,0.013515747333317488,0.0010166658996346898,0.012000233976012454,1.1906283493908954E-4,4.971616323620174E-4,0.0044708679387705395,0.004011406547989766,1.71716247063935E-4,0.0041404850324700355,5.303417385258071E-4,0.01064039326456516,1.6710203172262943E-4,8.468860672334355E-4,0.011312961022885495],[0.0013218650042287107,0.0012105817296000272,9.29208488553802E-4,8.99346680670252E-4,9.981599870115497E-4,6.890355487069044E-4,0.0014755652883819768,9.81497380117565E-4,1.0,0.0012365847533764643,0.0011048302888351555,9.509061642625812E-4,5.866902138975372E-4,1.8864146674742478E-4,0.0015949632699288584,7.720102555886296E-4,0.001247945172970577,6.547868250512416E-4,0.002783590531467012,0.002308392998843451,6.104684599403209E-4,0.0010731231865587563,5.539198545109618E-4,0.0012130019548244738,0.0012251039826022291,0.0012700176347892414,0.0011796978468871127,5.098984840957185E-4,1.1248725981449808E-4,0.004612648561524754,0.001118113272403223,9.994117499848624E-4,3.5494706519623154E-4,0.002154425417602932,9.507503982699719E-4,0.0032641748973149753,0.001538189069719477,5.134453974134705E-4,0.0018805222966972132,1.9286119985537174E-4,5.102486258398532E-4,0.016118945356564166,0.0013747164096253638,0.01365151895252596,2.1929235753908682E-4,0.0012218888812578438,0.003946768124812395,0.010942194151024804,7.85122224638866E-4,0.006480973977425766,0.0012343737908804293,0.007612366883909797,0.0010465134029361816,0.0012019519745333916,0.001957671974213883],[0.0019828937362575115,2.9042101229513894E-4,7.294381032608111E-4,8.693550353436066E-4,2.653313198745711E-4,7.943760615909051E-4,0.0014000515692286367,3.3166978405960054E-4,0.0012365847533764643,1.0,3.753593967675446E-4,9.467358468959813E-4,2.7707958664325286E-4,2.7057986228845035E-4,0.0010966994538085832,4.2650990843816605E-4,0.0011798225132334207,7.85765921282234E-4,0.003159507259303923,0.011510818006442883,6.560465352678918E-4,9.354338503220861E-4,3.765088371837522E-5,0.00104913298952786,0.0011177968987435137,0.0023479827633061494,1.8788326203624352E-4,7.442535354646791E-4,4.3850642529880406E-4,0.0025894595629921296,7.645906021274986E-4,4.2228056330573835E-4,8.822165453312543E-4,0.0023010431510648126,0.001036861903814546,0.0032903037991446754,0.0016986971875742594,3.5714549758211593E-4,0.002180167529694415,6.032725104966521E-4,7.637351080040419E-4,0.006727037795925352,0.0020774990055861444,0.01679947299636544,8.696154294673212E-4,0.0011610003001633273,0.002778730139126103,0.017199760110306984,5.160190249670858E-4,0.0123546174846525,0.0012161953096611541,0.008896378042658054,9.660900102978139E-4,0.001137630299755688,0.0067978265094512024],[1.561480713730069E-4,9.768381594574606E-5,1.6701044730351626E-4,2.0373998460646833E-4,3.549178302531857E-5,2.4057913819064647E-4,0.0015858543551338416,1.6456711205365555E-5,0.0011048302888351555,3.753593967675446E-4,1.0,9.794893754490722E-5,1.510783373909672E-5,9.526259980529106E-5,0.001942925871635676,6.296525480388885E-5,0.0010582945203024407,1.5294263044732016E-5,0.0016315160086989907,0.001933083916662261,8.42404327242127E-5,1.5010092388921076E-4,2.170460237570492E-5,6.452220704241429E-5,6.889414856400345E-4,0.002148852647237585,2.0209189655048382E-5,1.4334296001165433E-5,3.8204840329355765E-5,3.220027871493562E-5,2.0724976157067984E-4,3.7097846977240067E-5,1.420539796535871E-4,0.001982775875970721,2.088757575037615E-5,0.004407674947274803,8.859575572184689E-4,3.4306094187276E-5,9.477319012149711E-5,1.4906253950828208E-5,1.7487704816080687E-4,0.002538430847981092,7.744803180035179E-4,0.0013326285447473113,7.279599404231714E-5,0.0010001446128006654,0.009299590106864403,0.0251935221166873,6.679162231880217E-5,0.004501485363384,7.820487972782527E-4,0.0022062855793077516,5.226288864369549E-5,5.152429822281082E-4,0.00407531002940294],[6.768317813001491E-4,1.901558736373882E-4,2.1487625633176177E-4,2.4255459476048226E-4,1.321453093377218E-4,3.1541468940695023E-4,9.328865157669929E-4,2.6222797514242207E-5,9.509061642625812E-4,9.467358468959813E-4,9.794893754490722E-5,1.0,7.181662085655873E-5,1.4399772479412756E-4,9.877480430121567E-4,1.7955736068605617E-4,2.9152388406016743E-4,4.638416245856707E-5,0.002041062602574376,0.0034385975273762814,2.3745117502088742E-4,3.157097778774919E-4,7.019200759665511E-5,1.69670907112351E-4,5.29375167058272E-4,0.0023501785016962237,1.7304395334005585E-4,2.1500219178683467E-5,1.7295064663568196E-4,0.003360304487687831,2.194951818388774E-4,2.3400857734218343E-4,1.6014448784794176E-4,0.002130929211017707,1.8650134916074694E-4,2.1391389494721278E-4,8.036462018886656E-4,8.831307620422493E-5,0.0011644630285853814,1.1892177245999749E-4,3.019446502982472E-4,0.014667245505641769,0.001794996575007224,0.011864196650148049,1.7236206410926002E-4,5.672188423550867E-4,5.621452689279769E-4,0.017126652856787026,1.8691505631653128E-4,0.011644862651236555,3.628869329293084E-4,0.00816950383056284,2.458877170418844E-4,9.424118897370321E-4,0.01143020083392683],[0.002253483954322455,1.0082233525017436E-4,1.7187162731696832E-4,1.6736458858817584E-4,5.807393604488754E-5,2.378732921547313E-4,4.4709910826462915E-4,3.902968256042181E-5,5.866902138975372E-4,2.7707958664325286E-4,1.510783373909672E-5,7.181662085655873E-5,1.0,1.0279005358655301E-4,7.749371881432581E-4,6.153639871768245E-5,0.0012481554443181445,5.6191350185827985E-5,0.002514728881624536,0.005447905294425076,1.6449943039209317E-4,2.9341407605505855E-4,2.9356489251006263E-5,9.064943085033289E-5,1.297537158514501E-4,0.0032751861295776913,4.624209295098213E-5,2.7899730496545298E-5,6.030025698175237E-5,4.105215288658696E-4,1.9791860496467585E-4,1.0614740264418935E-4,1.067665505675952E-4,0.001630053894926498,6.376150147306253E-5,0.004554099714644294,0.001265324974704158,6.270938460881661E-5,3.20790496008599E-4,3.5829707384542E-5,2.8594737749634987E-4,0.005821695180603209,5.493868887395005E-4,0.010897507723668376,1.548993577130103E-4,0.001098564366471038,0.0023343581075415893,0.018633297482157078,1.6058880174784346E-4,0.004613134184722862,3.6529651626494126E-4,0.009371052231382538,7.977131054933616E-5,1.7234634560584156E-4,0.005557541137121909],[0.0026372883142523366,1.6767719941677338E-4,1.9837310909805107E-4,1.7622204752200312E-4,7.90565276831707E-5,4.768447815989218E-4,8.05292630898868E-4,4.517259075548393E-5,1.8864146674742478E-4,2.7057986228845035E-4,9.526259980529106E-5,1.4399772479412756E-4,1.0279005358655301E-4,1.0,0.001113450566882247,1.157783341549296E-4,5.27590362660161E-4,5.532535034799093E-5,0.0026676592356847796,0.007498576075061896,1.782730930055466E-4,2.7543764513498185E-4,1.2184806457558466E-4,1.1971999022875846E-4,4.2719853796541543E-4,1.5110237465114872E-4,1.077200883060161E-4,4.487002380788153E-5,1.286267506236982E-4,0.0019787275886741615,1.8199327420547756E-4,1.9763823577829547E-4,1.3577578250047978E-4,3.929551636809446E-4,1.1149134028411961E-4,0.004515200186220455,5.493143370465778E-4,7.981813969683441E-5,0.0010443704987830992,7.220319816961266E-5,2.2486226167703984E-4,0.018204060682359326,3.972981366680351E-4,0.015068577578452147,1.4946921012110628E-4,2.941045220703866E-4,0.009524217587567859,0.022628767912514322,1.6232028857565895E-4,0.005849730056444012,0.0011905406096393467,0.006367498531690334,2.7808112833588907E-4,0.0010029642507634882,0.0010910732094516445],[0.0021624139244859814,2.440658585478095E-4,0.0012440890120171632,6.523831950127403E-4,0.0011088513055201874,0.0012134732184215847,0.0018792949594108558,2.9255474237489115E-4,0.0015949632699288584,0.0010966994538085832,0.001942925871635676,9.877480430121567E-4,7.749371881432581E-4,0.001113450566882247,1.0,0.0014960295413106491,0.0012722003804331505,9.395073669152709E-4,0.002233935730011014,0.003505756104634952,8.807013023581106E-4,0.0015464365797267562,0.0017293860693736588,0.0010234843397171184,0.0014505038103098163,0.0027522664214564676,6.469291824557599E-4,0.0019200352096380453,9.344733134287704E-4,0.0033851853062407252,6.00860509549024E-4,0.0011126759533573358,8.759529961475469E-4,0.002263344919163687,0.0018637351558251968,0.002442144849640329,0.0019724449643661957,0.0010627180934115654,0.00243475159134857,0.0012072248997111756,0.0019047013688974152,0.009584676587553166,0.002074096985859858,0.011397645337123858,0.0011830891961287118,0.001858145109292266,0.008716736062323933,0.024908181092608377,0.0014708982279025835,0.0088136723363061,0.001255533516041472,0.00690287155223261,7.806585913922718E-4,0.0016558820087684348,0.006443482835140537],[9.268035726791496E-5,8.055089364222033E-5,2.4021784027038423E-4,1.2708725658660132E-4,7.461062701586378E-5,1.658336337109682E-4,7.885260981806545E-4,6.173702528238608E-5,7.720102555886296E-4,4.2650990843816605E-4,6.296525480388885E-5,1.7955736068605617E-4,6.153639871768245E-5,1.157783341549296E-4,0.0014960295413106491,1.0,4.921818436307351E-4,2.0267458947633608E-5,4.877365350866798E-4,0.004790077590967963,2.0271116253731808E-4,3.9895021510241523E-4,3.334560519539021E-5,7.700300140683569E-5,0.0010431901688996504,0.0025411766233350793,3.7854063698424757E-5,6.432838667575729E-5,8.122766489571651E-5,0.003276619587405412,2.571843870335648E-4,2.143900064843215E-4,8.348797365541177E-5,8.752804488380496E-4,1.018938227527996E-4,0.004477355900892856,5.720063803399456E-4,7.562544239867959E-5,0.001022751528716041,2.6127014834422803E-5,2.200823239824042E-4,0.010007375872998393,0.0017960067811895013,0.0040194722231504335,1.313406686973608E-4,5.054413442875459E-4,0.006244105540768374,0.008931605259960448,1.6129212188963505E-4,0.010955206708498108,2.191053932926853E-4,0.007492993367178448,2.0327430405755727E-4,0.0010740772284136765,0.009353849145363842],[0.0024884754519298585,5.152988991195391E-4,3.735959054684861E-4,8.655717584424079E-4,6.59744515974109E-4,0.0010537607550729965,0.001618971261314215,6.605857929039305E-4,0.001247945172970577,0.0011798225132334207,0.0010582945203024407,2.9152388406016743E-4,0.0012481554443181445,5.27590362660161E-4,0.0012722003804331505,4.921818436307351E-4,1.0,3.878046994078399E-4,0.0026046309876200605,0.010407024012358858,5.771237046858083E-4,0.0010865794837511046,0.0011215301170160944,8.044190740015356E-4,0.0012404227807906244,0.0016144196172734689,8.378984854249728E-4,2.802534825470312E-5,4.982891684763378E-4,0.002348569547804158,6.674598001201727E-4,3.58339441446596E-4,4.2925529189436065E-4,0.0015254477968417164,8.29628760947022E-4,0.0023756832895125675,0.0016031284102720953,0.0011137124947619406,0.0025276518773658554,8.22636426858066E-5,5.507982371542235E-4,0.012850725608214575,0.001986798832861138,0.008159856106308011,2.1086429040082934E-4,0.001238049154925749,0.008797935619183609,0.011244524459767794,3.125855259595386E-4,0.0042095332408714214,0.0012528490094680864,0.004948326850783123,0.0011330368210602003,0.0012131036028871875,0.0052161764741516575],[0.0020020804521602067,1.0457580862777076E-4,1.716785450120078E-4,1.9629897710855078E-4,6.381013397361924E-5,1.9004684583168042E-4,1.4467434816956657E-4,1.827842279688439E-5,6.547868250512416E-4,7.85765921282234E-4,1.5294263044732016E-5,4.638416245856707E-5,5.6191350185827985E-5,5.532535034799093E-5,9.395073669152709E-4,2.0267458947633608E-5,3.878046994078399E-4,1.0,0.0031508659586157077,0.01186253605273759,6.675159788547896E-5,6.429771009552457E-5,2.0755918483269754E-5,4.049438329620416E-5,8.387567737398743E-4,0.0030759637823222015,2.6975124813357832E-5,1.4043504147691697E-5,7.815688756206195E-5,0.001309375069589999,1.0905162227308949E-4,1.7591381562728484E-5,1.7303299500960887E-5,9.256756991322406E-4,3.9339973340319934E-5,0.0010022009665843626,9.820917989498761E-4,5.905030162875432E-5,9.61750416188863E-4,1.650424780030391E-5,1.964172123670646E-4,0.0172416863610996,0.0017188450110765827,0.008199236926211214,3.461701095795832E-5,7.599907307155047E-4,0.007704900613828068,2.9217196135659706E-4,8.387937063283362E-5,0.003471171253835513,7.246631172723221E-4,0.0032274221409474718,2.4166736684995792E-4,3.0467065394455394E-4,0.010093643894075964],[0.0031085277970921274,7.335730862593146E-4,6.080919434640452E-4,0.0024080698778599953,3.907857786582416E-4,0.0014051413120552796,0.0023864229993851563,0.0016800326098947297,0.002783590531467012,0.003159507259303923,0.0016315160086989907,0.002041062602574376,0.002514728881624536,0.0026676592356847796,0.002233935730011014,4.877365350866798E-4,0.0026046309876200605,0.0031508659586157077,1.0,0.01094279721523404,0.0025790061638500147,7.740186566429182E-4,9.555150913746318E-4,0.0024532499471903555,0.0019817929419285265,0.00332838106027694,0.003180931423094637,0.0016473835471803946,0.0011806822132295835,0.003330584216088211,0.0022288188151547315,0.0029940200761046235,0.0017989264170472667,0.003027722996838352,0.0014184533641444653,0.0047622706012239975,0.0027473282935905926,3.803622778400002E-4,0.0030940479280394447,5.786424579627247E-4,0.0018068772425664558,0.015780936246047924,0.002954622526789999,0.0037079144135847538,1.577127610039934E-4,0.0026741047858907458,0.008180273746987614,0.016341501476311526,0.002897067764150996,0.0032342633267078576,0.0020498939255520986,0.008435607600208575,0.0016054529068387207,0.0014761729816004055,0.007710008848964384],[0.003402940914960062,0.006816685557596045,0.005829843640948718,0.011322660044540012,0.009749883830841192,0.006663163767388031,0.0052624893785036585,0.0035317642384804825,0.002308392998843451,0.011510818006442883,0.001933083916662261,0.0034385975273762814,0.005447905294425076,0.007498576075061896,0.003505756104634952,0.004790077590967963,0.010407024012358858,0.01186253605273759,0.01094279721523404,1.0,0.004664016405670877,0.00965995160383221,0.01098439602729314,0.010220428904368101,0.0015487404044402318,0.007089904319327932,0.008409760331592993,0.011417561651352662,0.010362162418286504,0.009633531492302805,0.0038425745355589323,0.008078997880589193,0.005885176856105886,0.011399147748591243,0.00614249792119299,0.005547353226721126,0.010820091990667989,0.005590624737267087,0.0031561421639577547,0.003606688563064955,0.004409655568479534,0.019467444870258414,0.007200101106762471,0.01708235990133551,0.00728116906665954,0.0073162755613755456,0.010055671285671664,0.015016459417346762,0.004148692338146131,0.01300254970249135,0.005426199920320481,0.01187280562986565,7.567938383579766E-4,0.007021590068668312,0.011526906039076081],[0.0013642620001218242,2.0368752833945663E-4,2.5625218768563266E-4,2.744001738373347E-4,1.1435327629573692E-4,4.284727267491673E-4,4.280529768264785E-4,2.266015444586126E-4,6.104684599403209E-4,6.560465352678918E-4,8.42404327242127E-5,2.3745117502088742E-4,1.6449943039209317E-4,1.782730930055466E-4,8.807013023581106E-4,2.0271116253731808E-4,5.771237046858083E-4,6.675159788547896E-5,0.0025790061638500147,0.004664016405670877,1.0,4.226401768189607E-4,1.7137658765970073E-4,2.791768540255236E-4,0.0011910941543064012,0.0016755199236783667,2.5754335948580847E-4,2.682635376461589E-4,1.9027125462458004E-4,0.001377178216241418,2.943826019804898E-4,2.830747447797636E-4,2.2810672008067415E-4,9.161205663803555E-4,1.374891141960699E-4,0.002128482238024132,4.2461911365256034E-4,2.938128061734968E-4,0.0016575299491873442,1.313441938527882E-4,3.024252632401831E-4,0.0062750574545710446,0.0012355408892361923,0.0020335738938582807,2.8855291280177316E-4,5.411101279411022E-4,0.004701673104167699,0.005586004799033966,2.3688281034182261E-4,0.011447451093599723,7.934399488088882E-4,0.003217076024042801,3.0024376871541186E-4,8.684490136150858E-4,0.005479353077302183],[0.0016811660038543522,3.6307383893359707E-4,4.1670473006997957E-4,3.6124947895385705E-4,3.6867435421400225E-4,4.3677715102069005E-4,0.0013789324312832372,3.692283795296299E-4,0.0010731231865587563,9.354338503220861E-4,1.5010092388921076E-4,3.157097778774919E-4,2.9341407605505855E-4,2.7543764513498185E-4,0.0015464365797267562,3.9895021510241523E-4,0.0010865794837511046,6.429771009552457E-5,7.740186566429182E-4,0.00965995160383221,4.226401768189607E-4,1.0,1.4044544672911654E-4,3.796607881742908E-4,0.0011865488965429158,0.001052604694415163,2.6050447408658086E-4,4.389599676813546E-5,2.7941394433498136E-4,8.879017628308358E-4,3.6907799828968203E-4,3.4536015370444133E-4,1.8096088337930184E-4,0.0014659731394295913,3.779695184782139E-4,0.004059754900985449,4.7244372620369924E-4,1.0969171483511764E-4,0.0010862389481686575,3.185489056874199E-4,4.1221740346845877E-4,0.010173301576542192,0.0019251737618752153,0.012153554061574472,3.508967197413396E-4,8.176550317642562E-4,0.006802537362186325,0.011168742956724233,2.4420269823709776E-4,0.008025764002883315,9.267527463318538E-4,0.004968588269203519,3.110068134273739E-4,5.700024112786156E-4,0.006455556620762276],[0.0026166908876258605,1.1484903827913134E-4,4.11936175406637E-5,1.737597505109243E-4,5.57715832819622E-5,1.4842929222509313E-4,8.291181877493034E-4,2.4969547555084442E-5,5.539198545109618E-4,3.765088371837522E-5,2.170460237570492E-5,7.019200759665511E-5,2.9356489251006263E-5,1.2184806457558466E-4,0.0017293860693736588,3.334560519539021E-5,0.0011215301170160944,2.0755918483269754E-5,9.555150913746318E-4,0.01098439602729314,1.7137658765970073E-4,1.4044544672911654E-4,1.0,6.868299053830016E-5,6.855387553455683E-5,0.0021503693309351886,3.353994191954421E-5,2.5351319890256016E-5,7.633850180794703E-5,7.804062414594291E-4,1.9850965358587678E-4,2.1299510027526566E-4,5.271338266859593E-5,8.999881819951644E-4,1.0499052659471049E-4,0.004445137742252558,0.0017098649639286441,5.413615683438257E-5,0.0021742139432514673,2.2979755998274756E-5,2.3267496134961871E-4,0.01797031689780699,1.5227319522232967E-4,0.009129529348386367,8.115301320247746E-5,9.251885629686122E-4,0.002767455136997829,9.190237522453227E-4,1.1358504888391804E-4,0.013208857505720015,8.666499675263272E-4,0.010230279158859922,1.3232525233392457E-4,0.001101006389621155,0.00477069763475237],[0.0023894930794625393,1.6669178196586994E-4,1.5813412420822716E-4,2.2823276055898263E-4,8.184390376360068E-5,4.2065667568733485E-4,1.2544526166479556E-4,9.889792579288379E-5,0.0012130019548244738,0.00104913298952786,6.452220704241429E-5,1.69670907112351E-4,9.064943085033289E-5,1.1971999022875846E-4,0.0010234843397171184,7.700300140683569E-5,8.044190740015356E-4,4.049438329620416E-5,0.0024532499471903555,0.010220428904368101,2.791768540255236E-4,3.796607881742908E-4,6.868299053830016E-5,1.0,1.6159480812224435E-4,2.7202428098968545E-4,7.563545313171981E-5,9.16766309477706E-5,1.0346800216708032E-4,0.0038974181403320647,1.7775204321611297E-4,1.357826564518796E-4,1.1720183766883114E-4,7.050554678178774E-4,1.0423938136323987E-4,0.0038749858549962145,0.0010927545244881272,9.639380855423403E-5,0.0023411668469407424,5.434713809932464E-5,1.432732354723476E-4,0.0042461681933358905,0.0017147117415319158,0.009140997126020243,1.2500358311519588E-4,7.87410730969923E-4,0.0036846404630364346,0.02490918689838162,1.419143988032075E-4,0.012080129816169282,3.3939758056831913E-4,0.0053801302743921725,2.487097894532898E-4,3.317199618903145E-4,0.008791154781386309],[0.0020978550755514497,2.8985274855964336E-4,6.657573099245928E-4,9.541258545105246E-4,2.365237847705036E-4,8.723976347547869E-4,0.001365550612475578,8.451812508054424E-5,0.0012251039826022291,0.0011177968987435137,6.889414856400345E-4,5.29375167058272E-4,1.297537158514501E-4,4.2719853796541543E-4,0.0014505038103098163,0.0010431901688996504,0.0012404227807906244,8.387567737398743E-4,0.0019817929419285265,0.0015487404044402318,0.0011910941543064012,0.0011865488965429158,6.855387553455683E-5,1.6159480812224435E-4,1.0,0.0026563165525385225,9.965198901273561E-4,7.601675797342091E-5,1.4397783826848188E-4,0.0028334650531378408,0.001126830163323141,7.479472222071264E-4,4.376368339052126E-4,0.0016302921937754174,3.0327447127370146E-4,0.0017391484322424695,0.0013010849988607646,6.362119009668034E-4,0.0018077320529553396,2.3210527393234025E-4,8.792963212785214E-4,0.0021341346434475624,0.0025497964737521313,0.00501898187020461,9.082508018410276E-4,0.0012057982388579912,0.008385758987713116,0.0023135506325749292,7.16085764317554E-4,0.004287990300162644,0.0012073158599511954,0.010639797796664172,7.343242655323341E-4,0.00118564056569652,0.010008317170718553],[0.002766514803645196,0.002079390544353943,0.0012671808532727113,0.0022985143524169266,0.0032746446370540017,0.0028516115915554713,0.0018223809511831953,0.0027826765107463363,0.0012700176347892414,0.0023479827633061494,0.002148852647237585,0.0023501785016962237,0.0032751861295776913,1.5110237465114872E-4,0.0027522664214564676,0.0025411766233350793,0.0016144196172734689,0.0030759637823222015,0.00332838106027694,0.007089904319327932,0.0016755199236783667,0.001052604694415163,0.0021503693309351886,2.7202428098968545E-4,0.0026563165525385225,1.0,2.915959075789556E-4,0.0029245031896722937,0.002159885521795487,0.004495756724294378,0.001954793517553537,2.7655447444641725E-4,0.002932618487059651,0.003030011737840682,0.0021753060139185804,0.0036379219818047934,0.003035197432774954,0.0029587938425716144,0.002952705152452392,0.003349566510217773,0.0012825569502812532,0.0037276205275485813,0.003223699629871612,0.004472545763691754,0.0032808562306801425,0.001849824735457372,0.008233536482831687,0.01832851134207583,0.002418762927761713,0.014135554074522723,0.001578082215550502,0.01132508899265422,0.0013822314100420618,0.0034336305503456796,0.009211080216260258],[0.002323577809572788,1.3705139728018787E-4,1.896437947413301E-4,1.7116479946862253E-4,7.124991253784811E-5,3.302488306282156E-4,9.004689754497232E-4,2.8018634883554483E-5,0.0011796978468871127,1.8788326203624352E-4,2.0209189655048382E-5,1.7304395334005585E-4,4.624209295098213E-5,1.077200883060161E-4,6.469291824557599E-4,3.7854063698424757E-5,8.378984854249728E-4,2.6975124813357832E-5,0.003180931423094637,0.008409760331592993,2.5754335948580847E-4,2.6050447408658086E-4,3.353994191954421E-5,7.563545313171981E-5,9.965198901273561E-4,2.915959075789556E-4,1.0,1.8784064884207777E-5,8.27773347950529E-5,0.002482895940519182,9.695132003530922E-5,5.6968562418536616E-5,5.267884999344559E-5,6.429809430876432E-4,7.01139642783747E-5,0.004937947129233838,4.2142467130452076E-4,6.451512108876704E-5,0.0014555001156450161,2.6215843267547836E-5,2.135878430623853E-4,0.009122473295832488,0.002510740333969269,1.2171383586340458E-4,1.317983703726956E-4,6.461950085599972E-4,0.002641041591422973,0.0043904555547215314,1.2564484665538838E-4,0.012410117709067817,2.6522622504561764E-4,2.89329778538205E-4,1.440594929534222E-4,0.0011237873563176184,0.007404466535615885],[0.0015046622601733897,7.191558962636171E-5,2.33268743567662E-4,2.3957747156861325E-4,5.0780118035736375E-5,1.7945274120824965E-4,0.001052623674748864,1.517372138048393E-5,5.098984840957185E-4,7.442535354646791E-4,1.4334296001165433E-5,2.1500219178683467E-5,2.7899730496545298E-5,4.487002380788153E-5,0.0019200352096380453,6.432838667575729E-5,2.802534825470312E-5,1.4043504147691697E-5,0.0016473835471803946,0.011417561651352662,2.682635376461589E-4,4.389599676813546E-5,2.5351319890256016E-5,9.16766309477706E-5,7.601675797342091E-5,0.0029245031896722937,1.8784064884207777E-5,1.0,7.59147698574345E-5,0.004443023886566961,1.7708499468362384E-4,7.656535170776874E-5,1.2681253642410538E-4,7.830596753903466E-4,7.549445706587326E-5,0.004453119470687663,0.0017744077037357986,6.082291458761791E-5,0.0023613356585320566,1.8449920708425857E-5,2.7283185716004435E-4,0.011466857897204131,0.0017213381720607398,0.002985435616280965,6.262441036915716E-5,0.0011040749015617153,4.7527644156457745E-4,0.022613143726850488,1.509193311725737E-4,0.010732245321928726,2.415809321181598E-4,0.005749049839066335,1.1975930351725625E-4,0.001100762046241458,0.0024640319805646223],[7.641555117159545E-4,1.0864120215187927E-4,1.5910109343409223E-4,1.2481550053145297E-4,9.299134733082025E-5,4.0570302399150094E-4,8.087725022506109E-4,7.802584956694022E-5,1.1248725981449808E-4,4.3850642529880406E-4,3.8204840329355765E-5,1.7295064663568196E-4,6.030025698175237E-5,1.286267506236982E-4,9.344733134287704E-4,8.122766489571651E-5,4.982891684763378E-4,7.815688756206195E-5,0.0011806822132295835,0.010362162418286504,1.9027125462458004E-4,2.7941394433498136E-4,7.633850180794703E-5,1.0346800216708032E-4,1.4397783826848188E-4,0.002159885521795487,8.27773347950529E-5,7.59147698574345E-5,1.0,0.004603830619871853,2.3903004028013228E-4,1.1232560766402922E-4,1.2904128006710277E-4,5.844914233356512E-4,1.0505866994605616E-4,0.003588047141585938,1.0945614501098933E-4,9.54215310916707E-5,0.002473972259047869,9.233338641105766E-5,2.9490626465896727E-4,0.0035184170576445547,0.001363053070234651,0.010873084872653954,1.5612104283886015E-4,5.266118822480899E-4,0.008554925875809498,0.0173150807326263,1.3601637063173768E-4,0.007797290710644503,0.0011811642141101033,0.00732422311449605,2.4182251596221907E-4,8.438198702768171E-4,2.6093897443708484E-4],[0.0033268725617819532,0.003038135157184991,0.0010057849491467987,0.002708594211559367,0.004702030894595796,0.004246698085214235,0.0020153977803700216,0.0016423135055438497,0.004612648561524754,0.0025894595629921296,3.220027871493562E-5,0.003360304487687831,4.105215288658696E-4,0.0019787275886741615,0.0033851853062407252,0.003276619587405412,0.002348569547804158,0.001309375069589999,0.003330584216088211,0.009633531492302805,0.001377178216241418,8.879017628308358E-4,7.804062414594291E-4,0.0038974181403320647,0.0028334650531378408,0.004495756724294378,0.002482895940519182,0.004443023886566961,0.004603830619871853,1.0,0.003634372254079986,8.09684632494212E-4,0.0011980487247929064,0.004396304167432785,0.004193477153296317,0.005156898426798137,0.001986705767668611,0.0035401068751888757,0.0039043206390943965,8.450619772853169E-4,0.002864365079555684,0.018175918752962334,0.003693519787958147,0.013062504604448844,5.042829780993033E-4,0.0018689504779502318,0.005307011917404529,0.018731756951279946,0.0015084724972283456,0.00978764351690039,0.0036757381020109435,0.007823111617279164,0.003275158565747853,0.0028798158661775147,0.010224056593070067],[0.0012316643022149164,2.6459567685885576E-4,2.782866739547944E-4,2.717033256511129E-4,2.655745130294675E-4,4.7612825724347753E-4,0.001540226463320053,1.302814274414995E-4,0.001118113272403223,7.645906021274986E-4,2.0724976157067984E-4,2.194951818388774E-4,1.9791860496467585E-4,1.8199327420547756E-4,6.00860509549024E-4,2.571843870335648E-4,6.674598001201727E-4,1.0905162227308949E-4,0.0022288188151547315,0.0038425745355589323,2.943826019804898E-4,3.6907799828968203E-4,1.9850965358587678E-4,1.7775204321611297E-4,0.001126830163323141,0.001954793517553537,9.695132003530922E-5,1.7708499468362384E-4,2.3903004028013228E-4,0.003634372254079986,1.0,2.5147928543589897E-4,1.572968986536315E-4,0.0010712237291541893,2.25640767702289E-4,0.0011087467177599444,0.0014317092986543235,1.641140382724022E-4,4.950186887728901E-4,1.077378159390954E-4,3.060637597304893E-4,0.015757541507544465,0.0022400898743501654,0.017491555012765662,1.9824904861632793E-4,4.847298301015805E-4,0.007727858660023691,0.01133760487668618,2.662173501119853E-4,0.01338941083722805,8.932211311625819E-4,0.004119419623543411,3.0375830314282855E-4,6.144628767978139E-4,0.005095494632068764],[0.00115405804165348,1.9119962523524693E-4,2.4704590279599057E-4,2.410553996276999E-4,2.178462638637084E-4,2.8985971785302296E-4,4.884005290747941E-4,6.01409918684411E-5,9.994117499848624E-4,4.2228056330573835E-4,3.7097846977240067E-5,2.3400857734218343E-4,1.0614740264418935E-4,1.9763823577829547E-4,0.0011126759533573358,2.143900064843215E-4,3.58339441446596E-4,1.7591381562728484E-5,0.0029940200761046235,0.008078997880589193,2.830747447797636E-4,3.4536015370444133E-4,2.1299510027526566E-4,1.357826564518796E-4,7.479472222071264E-4,2.7655447444641725E-4,5.6968562418536616E-5,7.656535170776874E-5,1.1232560766402922E-4,8.09684632494212E-4,2.5147928543589897E-4,1.0,1.9547122712456483E-4,0.0021066162765166216,1.512587239506077E-4,6.035949837757803E-4,4.273283092866383E-4,1.035189716591631E-4,2.876725402205395E-4,2.9475295747776683E-5,2.6741921719938085E-4,0.0013611601769106065,0.002426055240961359,0.0046583738684350595,1.898324533417157E-4,0.0011364715629795864,0.008515474375882426,0.0021636818147901544,2.36480607868197E-4,0.014408493716468454,4.8479322222234227E-4,3.90311730682842E-4,2.7184718483492474E-4,4.732025767822136E-4,0.006211314397326688],[2.2409950694326163E-4,1.6711429764278157E-4,2.1013761472779286E-4,2.1595942595183101E-4,1.4284032325567096E-4,2.1088670423840959E-4,3.944360497314393E-4,1.1483836761921496E-4,3.5494706519623154E-4,8.822165453312543E-4,1.420539796535871E-4,1.6014448784794176E-4,1.067665505675952E-4,1.3577578250047978E-4,8.759529961475469E-4,8.348797365541177E-5,4.2925529189436065E-4,1.7303299500960887E-5,0.0017989264170472667,0.005885176856105886,2.2810672008067415E-4,1.8096088337930184E-4,5.271338266859593E-5,1.1720183766883114E-4,4.376368339052126E-4,0.002932618487059651,5.267884999344559E-5,1.2681253642410538E-4,1.2904128006710277E-4,0.0011980487247929064,1.572968986536315E-4,1.9547122712456483E-4,1.0,2.856796430962897E-4,1.1099113228975936E-4,0.002800360047430041,0.0017472710645384248,1.060186842369965E-4,0.0019026520746858399,2.914837472930285E-5,2.794714025194492E-4,0.002726519025063153,0.0017786278839410398,0.0023187977245332126,1.5110347408892549E-4,6.23904490989621E-4,0.002621294750760433,0.003880787043583945,1.6384861781247863E-4,0.004572067481275076,0.0010674797245453075,5.947450876091959E-4,1.8491437838342328E-4,0.00105639973299126,0.010794326315687695],[0.0024965692281351697,3.817487791295801E-4,8.711129860820685E-4,0.0010715555680253649,0.0012507888992009805,5.625423370271177E-4,0.002453200223459561,4.834227959933159E-4,0.002154425417602932,0.0023010431510648126,0.001982775875970721,0.002130929211017707,0.001630053894926498,3.929551636809446E-4,0.002263344919163687,8.752804488380496E-4,0.0015254477968417164,9.256756991322406E-4,0.003027722996838352,0.011399147748591243,9.161205663803555E-4,0.0014659731394295913,8.999881819951644E-4,7.050554678178774E-4,0.0016302921937754174,0.003030011737840682,6.429809430876432E-4,7.830596753903466E-4,5.844914233356512E-4,0.004396304167432785,0.0010712237291541893,0.0021066162765166216,2.856796430962897E-4,1.0,0.001197579219246191,0.005294574124678969,0.0020177542040028117,0.002345330568020046,0.0025036629174110896,3.6997931269532064E-4,0.0011040400280850375,0.018569546436712776,0.002620434549085344,0.01500085496862248,0.0010377912671310028,0.0019657728750973255,0.004852857279547459,0.010781581693214333,0.0020900769251431,0.013337464468835164,0.0015318876067439762,0.004555966672146833,0.0021718941886187454,0.002211580816519493,0.006506446856592978],[0.0026316050787507502,1.0863298727525165E-4,1.5389789040854912E-4,2.103591838048634E-4,9.94740860725491E-5,3.6105349409075964E-4,8.353395205977937E-4,9.214698924230597E-5,9.507503982699719E-4,0.001036861903814546,2.088757575037615E-5,1.8650134916074694E-4,6.376150147306253E-5,1.1149134028411961E-4,0.0018637351558251968,1.018938227527996E-4,8.29628760947022E-4,3.9339973340319934E-5,0.0014184533641444653,0.00614249792119299,1.374891141960699E-4,3.779695184782139E-4,1.0499052659471049E-4,1.0423938136323987E-4,3.0327447127370146E-4,0.0021753060139185804,7.0113964278