[[1.0,2.3924448741905626E-4,3.487498611019991E-4,1.829579018546619E-5,1.7888187299326474E-4,0.001192439736933253,0.0014070855889096235,5.419787494555213E-4,1.6491873356704656E-5,0.001694820667379861,4.230555255860115E-5,1.7785024700492218E-5,0.0020950288847426924,2.6937408480996664E-5,1.478109038564391E-5,2.0826802671908635E-5,0.011230654900964913,6.683685370800412E-4,3.353474789831024E-5,1.6778917875890614E-4,1.6706746407082874E-4,5.104324963767625E-4,2.2136030279248265E-5,1.9691151496128493E-5,8.038064878643994E-5,2.7577537808212315E-5,0.006736780206322486,4.368353513919847E-4,9.764843052307065E-4,9.650697918257689E-5,4.889663200423194E-4,1.9982972536601958E-4,9.64853602167477E-4,0.006182668154031692,8.924722234731572E-5,0.0013992109941145905,1.2412934586565882E-4,2.1586968901439033E-5,0.007536579632718818,1.7297891390030188E-4,1.411566297848364E-4,1.347344651711064E-4,0.015050208437429269,0.001577587062542992,2.446992340499858E-5,1.592242790396228E-5,0.0033847782097098373,0.001996687603376377,4.627855205359938E-4,3.512139307945158E-5,1.1843221270919843E-4,1.2612372095988867E-4,2.2877761103431372E-5,7.480922936476062E-5],[2.3924448741905626E-4,1.0,4.8675441745151806E-4,1.6387153674424435E-4,4.296050690605456E-4,0.0014234021670478446,0.001259908842472871,0.001310851213331134,2.5856807405255004E-5,0.0012668914155355181,9.827517277929334E-4,8.975413189890335E-4,0.01589311573179008,0.0010070572174397982,7.856404654066312E-4,9.038096565675699E-4,0.0051309153187844795,0.001221151705437655,9.347139687601319E-4,4.345477047542471E-4,7.983400090938556E-4,0.0013243022298079794,9.011589962298159E-4,6.714915324326713E-4,7.801085426475076E-4,8.438889627274339E-4,0.015147918878521273,6.418692210558241E-4,0.002684816333792579,0.001658824384034162,0.0011725520490458064,7.614140634659901E-4,0.001709499196477645,0.01856168211056405,2.1800949951495085E-4,0.0019282773702747758,0.005611980965911372,6.138962884774736E-4,0.0015946953707402984,0.002000512835042796,9.570532501280169E-4,6.641479287504825E-4,0.009721373159642594,0.0021972582784920433,1.7003018519717118E-4,2.328030396061941E-4,0.007874499715796386,0.0013151821636788212,0.0013908243842962538,0.0011749639131065812,0.0011983533626479662,4.4276076546708517E-4,4.4194101012958874E-4,0.0010678611324329216],[3.487498611019991E-4,4.8675441745151806E-4,1.0,2.2903122967856754E-4,3.965608477846163E-4,0.001063186670534331,0.0013762124846261837,0.0013864163176492096,2.6573919626360896E-4,9.100959453112959E-4,3.6093456899276375E-4,3.78405746387757E-4,0.02179813869679941,3.767540093863969E-4,3.950722450709941E-5,3.999811671201706E-4,0.00314143254286784,4.687167538272565E-4,1.1576884050116927E-4,3.252105608503348E-4,3.9861166966603464E-4,7.189414223336759E-4,3.51581667560153E-4,3.3298639661425653E-4,2.4929171370957235E-4,1.129019246667329E-4,0.0014124504606517544,4.654086791247901E-4,0.0015464868246760819,0.0019827147712534543,5.859183984127154E-4,4.316186576590002E-4,4.548449362741067E-4,0.019346822906700718,2.5191843854936204E-4,0.0023482267839797853,0.013489397805160947,3.252306435965009E-4,0.00349965774466919,0.0017421574378322646,3.3772590371604604E-4,4.0492941746487186E-4,0.019725335220287826,0.001595846604912723,3.702331930428635E-4,2.018787185357788E-4,0.00659418799745568,0.0024302741042614238,7.720855607716496E-4,8.78631607631745E-4,0.0013084367389690735,3.3462382621752277E-4,3.9577340088632336E-4,8.999958902940337E-5],[1.829579018546619E-5,1.6387153674424435E-4,2.2903122967856754E-4,1.0,1.1921468618682927E-4,0.0014997458842960026,4.383419469715821E-4,3.214999711164798E-4,1.663611027453383E-5,5.897570139352302E-4,6.445866357502788E-5,3.215538962022976E-5,0.008298505461773966,7.434289127729929E-5,2.3200547001848867E-5,2.4944533505578694E-5,0.014559151384343402,2.2995635887944715E-4,4.035431091099025E-5,1.7647820808895954E-4,9.754007225985453E-5,6.616315904472132E-4,6.149558114521881E-5,2.466306445920241E-5,7.342847959710349E-5,4.682673573044647E-5,0.01625505961431923,2.616891749576763E-4,0.0023563132679671147,6.36813839898695E-4,5.821019819812811E-4,2.1211208800787841E-4,0.0028953792395833918,0.025784465159244874,3.4689622055344456E-5,7.313584523910114E-4,0.01077445925257761,7.142707712663133E-5,8.975694510056294E-4,0.0013162724777056245,1.4142980466563744E-4,2.320683375440097E-4,0.009452724280978167,4.457171096611125E-4,4.812863949054167E-5,2.1824085761474365E-5,0.007930072934227634,0.0018771133288431599,2.4727169361237925E-4,6.458542991024743E-4,6.784801921834271E-4,1.6293765617600453E-4,3.22490467710243E-5,2.918162954869404E-5],[1.7888187299326474E-4,4.296050690605456E-4,3.965608477846163E-4,1.1921468618682927E-4,1.0,0.0010858226075116883,0.0015008320666689175,6.989973485510546E-4,3.658490725312894E-4,7.697004895436605E-4,2.5164315044781844E-4,3.4005263696229007E-4,0.01067605404670973,1.989063822403921E-4,7.099754263583581E-5,1.1953724499289138E-4,0.012439735345622534,9.915041600614906E-4,2.085973274414884E-4,3.682768789310082E-4,3.8170007928773865E-4,3.9337607909333303E-4,2.8771279342338474E-4,2.464224841090695E-4,3.10227547600061E-4,9.217848775716107E-5,0.01351502606203789,5.558881771839321E-4,0.0016645427900982847,0.001891903759241714,9.594046198370201E-4,4.2211745359739745E-4,0.002620894587900078,0.008877195188911073,2.4482869757176554E-4,0.002394184626777165,0.008871089484945478,2.7247878020719224E-4,0.0010616859533955293,0.0013795674610855078,3.4446917753023555E-4,4.391732585250802E-4,0.021399124038655036,0.0024856281104421686,3.594158994091712E-4,8.256996506023859E-5,0.008175596449990982,0.0028899419084252777,0.0012632816000792304,7.657343231013505E-4,4.3641755085725324E-4,3.74891844642855E-4,3.464866828707088E-4,3.1795489254384944E-4],[0.001192439736933253,0.0014234021670478446,0.001063186670534331,0.0014997458842960026,0.0010858226075116883,1.0,0.0016312011110941717,0.0017840036516489543,0.0014833952133590728,0.0021845991606729885,9.790899450883483E-4,0.0014792980153488936,0.01122903756614673,2.800775468625647E-4,0.0014121440172114494,0.0010019676104979808,0.014521055313578174,0.0016009025300750554,2.950098251225415E-4,0.0014450688628558919,0.0012385116827645423,0.001771246840044237,0.0013240204402473195,1.7197801213589777E-4,8.655355186208412E-4,6.559086421906348E-4,0.004108613329433823,0.0013194285440646211,0.0021698679005224967,0.0019541849792227253,0.0012031205946805633,9.711920284805977E-4,0.0021415681728068174,0.01936214288632742,0.0011001260429500798,0.0026015602857333573,0.009497863986793417,0.0015210970618582493,0.0037249540900327303,0.002093077367709825,8.613907601997565E-4,0.0012913568739133352,0.011122238340425021,0.0029600028589408483,0.001767581214107143,4.535215643889407E-4,0.008717725236829933,0.0024077866226359886,0.0017747883768956508,0.0011668515231788557,0.0018565682677416898,0.0016407041077216467,6.119073033165386E-4,0.0016714879849878965],[0.0014070855889096235,0.001259908842472871,0.0013762124846261837,4.383419469715821E-4,0.0015008320666689175,0.0016312011110941717,1.0,0.0015486169525396705,0.0015005548721039128,0.0017185740944350618,8.449839309153143E-4,2.2894794109127762E-4,0.003312620096262101,9.201155460884206E-4,2.941541206284745E-4,3.133189912404973E-4,0.01433589982609679,0.0013553214249740386,6.674007543518618E-4,6.892432161757457E-4,0.0014440435668605334,0.0015347835470685028,7.787577568516668E-4,0.0013640795606043438,1.1607795746341127E-4,6.596158271006643E-4,0.011671077326228806,0.0014589772998954533,0.002072539253707973,0.0020028629866039103,0.0012726739738810838,9.727069034837664E-4,0.003414605717189356,0.027436725465508214,8.823789630581198E-4,0.0015392262433311583,0.014742656868245819,0.0011058669164987212,0.008401738114556783,0.0023349166722815866,0.001155516075768515,0.0011732697680664152,0.029222229991673388,0.0023498479154958345,5.099527537249032E-4,0.0010514051032664597,0.006936649318478347,0.0030315033158995267,0.0015156034802430794,0.0014529019297905164,0.001521115018497633,5.828404126563874E-4,5.473301257024136E-4,1.2512580909641467E-4],[5.419787494555213E-4,0.001310851213331134,0.0013864163176492096,3.214999711164798E-4,6.989973485510546E-4,0.0017840036516489543,0.0015486169525396705,1.0,9.776037927960272E-4,0.0016981967437629674,4.1068025847093624E-4,8.24413857533944E-4,0.01808927752244144,9.561922470276666E-4,0.00125980626359807,7.261531571231297E-4,0.008897770873809385,0.0016205336396947951,0.0012121578497481,6.939024777313084E-4,0.0010795037693893351,0.0016249892976426344,5.981273496738445E-4,3.133898990970503E-4,0.001416406721213971,1.4886898049347398E-4,0.012366342552183121,0.0016129728825746538,0.0019496921860572415,0.0016354201263758911,0.0015142898947060517,5.583638585258382E-4,0.003159440610831561,0.01149621911699191,0.0012486828002320133,0.001837333759247948,0.008160052153958153,0.0011658246570792803,0.007011033822025005,0.0027007890461781,0.0012722631465946156,0.001624011666851046,0.011902262840654154,0.002741483773202013,9.174455635288561E-4,5.9499807824190056E-5,0.0027052722264976395,0.003397829532266872,0.0015613947360332387,0.0016222121183684084,0.0015017860399930158,0.0013390578889439719,0.0011832146382702794,2.8409439242269827E-4],[1.6491873356704656E-5,2.5856807405255004E-5,2.6573919626360896E-4,1.663611027453383E-5,3.658490725312894E-4,0.0014833952133590728,0.0015005548721039128,9.776037927960272E-4,1.0,4.5566650244920174E-4,2.68737773946112E-5,2.7603833185891496E-5,0.011961424945471427,9.872810667559538E-5,1.6025681444274405E-5,2.3583899233010683E-5,0.001847622955159895,2.716049255409754E-4,2.9570667050392725E-5,1.8816637811285144E-4,1.3326696234780425E-4,9.698162157083604E-4,1.1647005754753855E-4,1.9729359255305318E-5,1.0595553115763174E-4,4.412812453602537E-5,2.46517203177242E-4,4.236027465548717E-4,0.0024805948608023157,0.001073027845433618,7.970826639761227E-4,4.5533243679120913E-4,3.2249741324233823E-4,0.015904363989217445,9.82546187222114E-5,0.0016593202535339824,0.0035633366875058676,6.785160252750349E-5,0.0028459453022458723,0.0010866087154179265,1.520381903672238E-4,2.0715778822127535E-4,0.008871307490307217,0.003263057526940695,6.066837016283716E-5,1.6109486997347994E-5,0.008106817311028672,0.0034896413893439173,0.0012201881162339995,6.148411108529944E-4,5.2173531562111E-4,8.363722130516892E-5,2.632108353513579E-5,3.9332761589426705E-5],[0.001694820667379861,0.0012668914155355181,9.100959453112959E-4,5.897570139352302E-4,7.697004895436605E-4,0.0021845991606729885,0.0017185740944350618,0.0016981967437629674,4.5566650244920174E-4,1.0,0.0021974690258029102,1.4929226508080776E-4,0.01768594266667928,0.0021486330131645108,0.0016565055223578475,6.327276590886085E-4,0.008872917054247724,0.001995396104096898,0.0016031284392399405,8.140725385729567E-4,4.1970655146294497E-4,0.0019436115545284878,2.8404409175788895E-4,0.001638372593433472,0.0018874897323225472,0.0012527249949758096,0.004740325898757329,0.0018171863769758188,0.0023421112311923526,0.0020509445725029394,0.0019090338413848308,8.529210901382278E-4,0.0028712218162665957,0.015068152342139872,0.0019606529545769876,0.0024048547613902595,0.005565641073031143,4.06016320050644E-4,0.010176433919003488,0.002484580014810826,6.370371132769523E-4,6.462490875828097E-4,0.031302156033928295,0.002546905381486797,0.0014390062843754874,0.0015742649534539054,0.003530765531797906,0.0027873009941891164,0.0021213839195960956,0.0015325864847393965,0.001576038159093896,5.405916815775164E-4,0.0010179980135509633,0.0018588726542922113],[4.230555255860115E-5,9.827517277929334E-4,3.6093456899276375E-4,6.445866357502788E-5,2.5164315044781844E-4,9.790899450883483E-4,8.449839309153143E-4,4.1068025847093624E-4,2.68737773946112E-5,0.0021974690258029102,1.0,4.5923024845910635E-5,0.00752643074062653,1.0816131534981422E-4,1.0704821680847843E-4,6.808573876074725E-5,0.006945703104952427,8.839164963370971E-4,9.919372268746136E-5,2.1195280755278458E-4,1.2340846541264094E-4,3.082694772564424E-4,2.171523336732087E-4,2.689507571723822E-5,1.0759011316208316E-4,8.69807912871166E-5,0.002302272669490598,3.284661261627584E-4,3.4550286816730576E-4,0.0012258107750197683,7.653585183703606E-4,1.888759786986253E-4,0.00134341316905134,0.01603709712932237,1.1183214729323857E-4,0.002435163255848185,0.007510293971342042,1.1107635337883163E-4,0.0026326394391081765,0.0016586999412011362,1.4132829241330318E-4,2.84049781048851E-4,2.902790977939273E-4,0.002218087382093963,1.0769256871704779E-4,3.350019547631044E-5,0.007844979129885578,5.995916369837006E-4,1.9912315718891168E-4,0.0010247858327449364,6.02309983481983E-4,2.545867486330453E-4,1.0082205245621426E-4,9.31835503290974E-5],[1.7785024700492218E-5,8.975413189890335E-4,3.78405746387757E-4,3.215538962022976E-5,3.4005263696229007E-4,0.0014792980153488936,2.2894794109127762E-4,8.24413857533944E-4,2.7603833185891496E-5,1.4929226508080776E-4,4.5923024845910635E-5,1.0,0.011080245944168116,5.7024565086992825E-5,1.754953550000628E-5,2.75503751888189E-5,0.007278737329195777,2.0624979550880562E-4,3.8365677852611474E-5,1.1343623215657642E-4,1.3883041535884551E-4,5.911803084812639E-4,4.0221539013479805E-5,3.6029888580030957E-5,8.455568481880754E-5,5.120546218260632E-5,0.0027542773089240177,4.397424012341163E-4,0.0011472140205158357,9.847020718646807E-4,5.614446325846958E-4,4.980765114751205E-4,0.002053594895058829,4.1499168532567086E-4,8.906796766984061E-5,5.682830185554203E-4,0.014633335488820665,6.119135936423828E-5,0.0027333833299063347,0.0014756833613396843,9.909561029974824E-5,5.9612055386879976E-5,0.010976078791998363,0.0022660249313085972,8.699956260619214E-5,2.066830602286454E-5,0.005980239108579783,7.136516166616231E-4,9.480355073852564E-4,0.0010624550417725255,0.0012992750758026028,7.785354070988693E-5,3.679808837972241E-5,4.860980908207729E-5],[0.0020950288847426924,0.01589311573179008,0.02179813869679941,0.008298505461773966,0.01067605404670973,0.01122903756614673,0.003312620096262101,0.01808927752244144,0.011961424945471427,0.01768594266667928,0.00752643074062653,0.011080245944168116,1.0,0.005043915036996761,0.01949241845024828,0.007433461178563119,0.019180378376792033,0.01576348470289131,0.017251216991171145,0.019792287467529344,0.013311112974323013,0.0033798103991936196,0.0014144254031738497,0.008524189605856384,0.0063175019526914376,0.008251369562950256,0.023477892619148958,0.0024134736617859977,0.007769989918305331,0.016123489424411174,0.016626330395018936,0.013340543060738423,0.010627819020257424,0.0270390917608632,0.015388082336751933,0.003229805303743032,0.02325914855502128,0.018316187457716473,0.016177237180684763,0.007092015206864822,0.0038054820030775606,0.0010369041042768042,0.026874248603187698,0.013439493044584938,0.016523762166532896,0.0024376805502726046,0.015635073844385804,0.011655549876811342,0.005075972267831168,0.011177928984365782,0.011973019527101678,0.01686303301431924,0.017421016269309707,0.02048612453888313],[2.6937408480996664E-5,0.0010070572174397982,3.767540093863969E-4,7.434289127729929E-5,1.989063822403921E-4,2.800775468625647E-4,9.201155460884206E-4,9.561922470276666E-4,9.872810667559538E-5,0.0021486330131645108,1.0816131534981422E-4,5.7024565086992825E-5,0.005043915036996761,1.0,4.385220037128734E-5,3.312769909420603E-5,9.143232649255241E-4,6.800326648378509E-4,7.687022304443014E-5,2.499144090051771E-4,2.3728621667493032E-4,7.431926106054646E-4,2.113444742284373E-4,4.363387248278648E-5,1.0719247137810655E-4,9.267415464601195E-5,0.014152408971497383,3.1849226057972124E-4,2.486393565968074E-4,1.6545301047919382E-4,9.488691777409829E-4,1.1013009226089547E-4,0.0029481352642997303,0.028320726464317405,1.081973567034574E-4,8.435774626804834E-4,0.00971771848406577,1.1311732810811786E-4,0.0033413160841438707,0.002283555382160656,1.4089241543673947E-4,1.3948059989541886E-4,0.008830221326427832,0.0018859521623941775,1.0695961943554187E-4,1.79627234957825E-5,0.005039103112250167,1.3240749439501524E-4,6.074144259202368E-4,8.730623878624554E-4,4.99648651450271E-4,1.9403833270926536E-4,8.629899462117289E-5,9.256347339933724E-5],[1.478109038564391E-5,7.856404654066312E-4,3.950722450709941E-5,2.3200547001848867E-5,7.099754263583581E-5,0.0014121440172114494,2.941541206284745E-4,0.00125980626359807,1.6025681444274405E-5,0.0016565055223578475,1.0704821680847843E-4,1.754953550000628E-5,0.01949241845024828,4.385220037128734E-5,1.0,1.7082675651149626E-5,0.015710567721368442,9.764184570734027E-4,3.7816637394587663E-5,1.5954443902084522E-4,2.3163041533139775E-4,7.225165632785815E-5,1.9303946828770862E-4,2.337120948631529E-5,2.592830106332958E-5,5.463895544697095E-5,0.006639420354090697,7.397240578632547E-5,0.001483278027701115,5.687430132228837E-5,4.399966048303448E-4,1.8564981278445045E-4,5.248544275542966E-4,0.027463412685480974,3.44455157961787E-5,4.442812466897249E-5,0.011936246473847448,1.1740921768696593E-4,0.010010980870902828,0.002544951034339435,1.3936715746513611E-4,4.6958915881010257E-4,0.006888838476524121,0.0032064027213235475,1.033397614028848E-4,1.527829452506972E-5,0.0067432036901768,0.0029727863910304787,9.920011701259018E-4,5.283767696248195E-4,1.1510254688584767E-4,1.1961281111417061E-4,2.399576513683842E-5,7.224629620380181E-5],[2.0826802671908635E-5,9.038096565675699E-4,3.999811671201706E-4,2.4944533505578694E-5,1.1953724499289138E-4,0.0010019676104979808,3.133189912404973E-4,7.261531571231297E-4,2.3583899233010683E-5,6.327276590886085E-4,6.808573876074725E-5,2.75503751888189E-5,0.007433461178563119,3.312769909420603E-5,1.7082675651149626E-5,1.0,0.011675492598788794,1.1773481051040056E-4,3.8899236138259135E-5,1.2680638202636584E-4,1.0204778761693861E-4,0.0012041289196271455,1.8621223117063707E-4,2.5268663726063005E-5,6.561184288858755E-5,6.433842312948764E-5,0.015082534852552265,5.467336007733332E-4,0.002459677502646308,5.973871642461113E-4,8.104791779368274E-5,1.804288555212403E-4,0.0017848130820966007,0.001815419180999246,6.975948211632009E-5,0.0024181431732141416,6.35645608917184E-4,9.405777021831951E-5,0.006429050735217603,0.0026570075025670794,8.549895097625852E-5,2.2903291355928573E-4,0.015540387034473852,0.0022511329257637355,7.427530552994518E-5,1.8315692526721468E-5,0.007833799174908593,0.0018044340728301004,5.369714029700408E-4,3.769609424352317E-4,9.358878449754046E-4,1.8169533513332065E-4,2.6387464276677514E-5,7.454230986905262E-5],[0.011230654900964913,0.0051309153187844795,0.00314143254286784,0.014559151384343402,0.012439735345622534,0.014521055313578174,0.01433589982609679,0.008897770873809385,0.001847622955159895,0.008872917054247724,0.006945703104952427,0.007278737329195777,0.019180378376792033,9.143232649255241E-4,0.015710567721368442,0.011675492598788794,1.0,0.0028472353284837424,0.004612036192397478,0.0022427382929009958,0.004880260326072108,0.009295538592588118,0.0053744321524746294,0.0053889598746312785,0.011076487053895358,0.012412342508564163,0.017417903928346485,0.00638459722701637,0.012889264973429182,0.005174075398997093,0.013683211690661242,0.01578678835470238,0.0088930729356013,0.027234701295749016,0.002273388758398839,0.0056480336309738316,0.016289828589175125,0.009056180416489198,0.015288829666369293,0.009625742937437533,0.013577021967733532,0.006205138252245931,0.02617369195329406,0.006794156654059376,0.0040049973096906045,0.006371993692714826,0.015080674258423736,0.007105568461931735,0.010359824122121416,0.013404410575257722,0.008480874443042142,0.014727553155498702,0.013413421299456081,0.0030201942009057555],[6.683685370800412E-4,0.001221151705437655,4.687167538272565E-4,2.2995635887944715E-4,9.915041600614906E-4,0.0016009025300750554,0.0013553214249740386,0.0016205336396947951,2.716049255409754E-4,0.001995396104096898,8.839164963370971E-4,2.0624979550880562E-4,0.01576348470289131,6.800326648378509E-4,9.764184570734027E-4,1.1773481051040056E-4,0.0028472353284837424,1.0,6.637109950610773E-4,7.236429586458316E-4,6.6751459291439E-4,0.001283578578931046,0.001217189223894365,8.738489688270183E-4,8.675223497675449E-4,6.864232989840178E-4,0.016571776384516686,8.620505457571923E-4,0.001937009318433219,0.0015788532768649197,0.001184229460934342,6.6662046735092E-4,0.0017386894224021964,0.010393919030585307,0.0010059011952125378,0.0018886513115849955,0.003947275264580852,6.204839473752841E-4,0.0035945794666081693,0.0020568920060206356,3.125424511940155E-4,5.852968311754732E-4,0.0023083310080619485,0.0029895799107458876,2.626045447814506E-4,7.012259896445414E-4,0.003353838070824444,0.0024234235385258607,0.0014545981583971221,0.0011546059473841776,0.001245099329813938,5.27041621395152E-4,9.192945444332516E-4,2.7202828751064247E-4],[3.353474789831024E-5,9.347139687601319E-4,1.1576884050116927E-4,4.035431091099025E-5,2.085973274414884E-4,2.950098251225415E-4,6.674007543518618E-4,0.0012121578497481,2.9570667050392725E-5,0.0016031284392399405,9.919372268746136E-5,3.8365677852611474E-5,0.017251216991171145,7.687022304443014E-5,3.7816637394587663E-5,3.8899236138259135E-5,0.004612036192397478,6.637109950610773E-4,1.0,1.0318153451042767E-4,3.0485951612146115E-4,2.1985038891220485E-4,1.2687607465963784E-4,3.482134116840937E-5,6.964609758304426E-5,6.193581884769603E-5,0.004687464416360134,5.607277097202595E-4,0.0017879538615666727,0.0010818753374606117,5.0563067260953375E-5,3.6762156702209084E-4,0.0034570573200898417,0.022691818459347708,5.027299313513159E-5,0.001930516348615695,0.004226934835538837,8.755626708134035E-5,0.009080960350977649,7.515474407701264E-4,1.743468936361962E-4,2.5280805946973224E-4,0.029783659188409695,0.0018846554750985374,9.754838946080326E-5,2.9672848762668794E-5,0.007124361022750209,0.0029183388667219593,0.0012466834944462335,9.120034988289211E-4,0.0012110762254797884,1.381082183394045E-4,3.5589629126932835E-5,6.136285329342824E-5],[1.6778917875890614E-4,4.345477047542471E-4,3.252105608503348E-4,1.7647820808895954E-4,3.682768789310082E-4,0.0014450688628558919,6.892432161757457E-4,6.939024777313084E-4,1.8816637811285144E-4,8.140725385729567E-4,2.1195280755278458E-4,1.1343623215657642E-4,0.019792287467529344,2.499144090051771E-4,1.5954443902084522E-4,1.2680638202636584E-4,0.0022427382929009958,7.236429586458316E-4,1.0318153451042767E-4,1.0,3.2008500846546494E-4,0.0013207424731704995,2.751503797958312E-4,2.108242886449624E-4,2.799197605376241E-4,1.788336162263797E-4,0.009561530061671883,3.1070848229765557E-4,6.292218067383702E-4,0.0012773745802229937,0.0010379429694146324,4.45576500272107E-4,0.003381835051769436,0.011274264039770164,2.2964100471010534E-4,6.387982937663002E-4,0.005345378381533856,1.4156590937438966E-4,0.002072264083109093,0.0028251444023034526,1.9733353013331166E-4,4.6040693922071315E-4,0.006358993904554697,7.303588188714913E-4,2.2848816825950035E-4,1.371454141843333E-4,0.004088220416252762,0.0011901561239067225,5.065448861341375E-4,3.743835578248867E-4,0.0010315038371700661,3.1394155849128244E-4,1.3762287204204928E-4,1.1650345819664556E-4],[1.6706746407082874E-4,7.983400090938556E-4,3.9861166966603464E-4,9.754007225985453E-5,3.8170007928773865E-4,0.0012385116827645423,0.0014440435668605334,0.0010795037693893351,1.3326696234780425E-4,4.1970655146294497E-4,1.2340846541264094E-4,1.3883041535884551E-4,0.013311112974323013,2.3728621667493032E-4,2.3163041533139775E-4,1.0204778761693861E-4,0.004880260326072108,6.6751459291439E-4,3.0485951612146115E-4,3.2008500846546494E-4,1.0,6.389679388201504E-4,2.977481284441615E-4,1.8303906729777718E-4,2.482324075041359E-4,2.8205427457277235E-4,0.01585453356505211,5.023471093835811E-4,4.693565068174493E-4,0.0018372355225886037,8.004967507888851E-4,5.204775286768206E-4,0.0027333364398268926,0.005779073123485257,1.8905202170235835E-4,0.002659971630560031,0.0048186542880869045,2.844764687287497E-4,0.009376038997219156,0.0017327152091583707,3.0668191604917483E-4,4.778403212733918E-4,0.011665888163549899,0.002893895994627617,3.8540652929361846E-4,2.0956039781910786E-4,0.010186738981240513,0.0012309667309285475,9.017095338347942E-4,0.0010162569417387372,8.835894733912769E-4,3.838806628623871E-4,8.946275654434498E-5,2.0985646227286028E-4],[5.104324963767625E-4,0.0013243022298079794,7.189414223336759E-4,6.616315904472132E-4,3.9337607909333303E-4,0.001771246840044237,0.0015347835470685028,0.0016249892976426344,9.698162157083604E-4,0.0019436115545284878,3.082694772564424E-4,5.911803084812639E-4,0.0033798103991936196,7.431926106054646E-4,7.225165632785815E-5,0.0012041289196271455,0.009295538592588118,0.001283578578931046,2.1985038891220485E-4,0.0013207424731704995,6.389679388201504E-4,1.0,0.0012174710349725532,0.0012911209754797616,3.7702263580814346E-4,5.519488441018565E-4,0.005774141640583255,0.001282883284179181,0.001429222982500419,0.001849269005524872,0.001195646645517606,0.0011728509817350934,0.0028038247287154195,0.021166899585334253,7.29443130134329E-4,0.0015872468607617692,0.01094557825686983,6.847669317772379E-4,0.001463081329360536,0.002805229199821504,6.114056595273694E-4,0.001041570102163924,0.0034728940957146786,0.0029240955325565503,8.859690765377606E-4,0.0010132744129355724,0.009549552031541887,0.002529925518655422,0.0013555984314842144,0.0012776775538556016,0.001317303590429964,0.001111875027244449,8.72485386743751E-4,8.594820415213981E-4],[2.2136030279248265E-5,9.011589962298159E-4,3.51581667560153E-4,6.149558114521881E-5,2.8771279342338474E-4,0.0013240204402473195,7.787577568516668E-4,5.981273496738445E-4,1.1647005754753855E-4,2.8404409175788895E-4,2.171523336732087E-4,4.0221539013479805E-5,0.0014144254031738497,2.113444742284373E-4,1.9303946828770862E-4,1.8621223117063707E-4,0.0053744321524746294,0.001217189223894365,1.2687607465963784E-4,2.751503797958312E-4,2.977481284441615E-4,0.0012174710349725532,1.0,1.472501866836911E-4,1.5611630791392904E-4,2.2668675852328566E-4,0.01217828520702624,4.977054423657188E-4,0.0013573499359060804,0.0016079904847289743,4.990874173215009E-4,4.931565971164203E-4,0.0014631883252881016,0.0016043668897014979,1.8214263538332797E-4,3.937747033834244E-4,0.008924943528140678,1.3555463851560407E-4,0.007656567761778036,0.002791744985229608,2.2145055512059916E-4,3.9317995729248124E-4,0.022629795904536763,0.003360082513780659,1.2296132601235924E-4,1.7121338054236046E-4,0.007376457159273281,9.211422434294222E-4,0.0011938605744579271,4.547687021680208E-4,0.0010570200912968085,3.1417156469381625E-4,4.888279737977616E-5,1.7872450809844592E-4],[1.9691151496128493E-5,6.714915324326713E-4,3.3298639661425653E-4,2.466306445920241E-5,2.464224841090695E-4,1.7197801213589777E-4,0.0013640795606043438,3.133898990970503E-4,1.9729359255305318E-5,0.001638372593433472,2.689507571723822E-5,3.6029888580030957E-5,0.008524189605856384,4.363387248278648E-5,2.337120948631529E-5,2.5268663726063005E-5,0.0053889598746312785,8.738489688270183E-4,3.482134116840937E-5,2.108242886449624E-4,1.8303906729777718E-4,0.0012911209754797616,1.472501866836911E-4,1.0,5.698041713053227E-5,7.512102617460715E-5,0.013458614561207057,5.414860076966755E-4,5.781805932414221E-4,2.779974893103827E-4,2.8855813458453043E-4,3.799318460546057E-5,0.0032291058785658593,0.007151569642710367,1.106661761226889E-4,0.0016340295290631533,0.010099667088477515,5.959091348231957E-5,0.002976952761706398,0.0029191620786413594,1.521894769312465E-4,4.506840630887518E-4,0.02413735482373826,3.6621414296366897E-4,9.984398550821999E-5,2.229724833290849E-5,0.008439830283996834,0.0030397197350233076,7.834642207701446E-4,5.440351658791281E-4,8.883806202466907E-4,3.769900912840954E-5,3.0369610548154135E-5,4.5447689199482614E-5],[8.038064878643994E-5,7.801085426475076E-4,2.4929171370957235E-4,7.342847959710349E-5,3.10227547600061E-4,8.655355186208412E-4,1.1607795746341127E-4,0.001416406721213971,1.0595553115763174E-4,0.0018874897323225472,1.0759011316208316E-4,8.455568481880754E-5,0.0063175019526914376,1.0719247137810655E-4,2.592830106332958E-5,6.561184288858755E-5,0.011076487053895358,8.675223497675449E-4,6.964609758304426E-5,2.799197605376241E-4,2.482324075041359E-4,3.7702263580814346E-4,1.5611630791392904E-4,5.698041713053227E-5,1.0,8.767339410640936E-5,0.014910627351421079,4.369909563928274E-4,0.002458041936575407,9.801364630722233E-4,4.5650913289180055E-4,4.061739703404572E-4,2.4444782982001084E-4,0.027195638828615504,1.1456107905362183E-4,0.001204199721694652,0.01005950805477064,1.1379314250355065E-4,0.010309273148006032,4.158518329538319E-4,1.2022901335130909E-4,1.894509456523003E-4,0.021261909567183573,0.0016877042772454607,1.0675109365858648E-4,1.0588025374798672E-4,0.00971931144907663,0.003449323039284392,6.762065310299537E-4,2.8832634750175707E-4,6.196119068514968E-4,1.1078940040915204E-4,5.952693439697543E-5,1.0235745528569876E-4],[2.7577537808212315E-5,8.438889627274339E-4,1.129019246667329E-4,4.682673573044647E-5,9.217848775716107E-5,6.559086421906348E-4,6.596158271006643E-4,1.4886898049347398E-4,4.412812453602537E-5,0.0012527249949758096,8.69807912871166E-5,5.120546218260632E-5,0.008251369562950256,9.267415464601195E-5,5.463895544697095E-5,6.433842312948764E-5,0.012412342508564163,6.864232989840178E-4,6.193581884769603E-5,1.788336162263797E-4,2.8205427457277235E-4,5.519488441018565E-4,2.2668675852328566E-4,7.512102617460715E-5,8.767339410640936E-5,1.0,0.009055051464048561,8.749316106457904E-5,9.156631739846487E-4,0.001975709491275921,3.8658130084286336E-4,3.319845630052762E-4,0.003302843161880695,0.016102469799390576,9.294310664591936E-5,0.0017892760300798401,0.005782857936678619,7.733537342264906E-5,0.009740389132537839,0.002357537887686982,8.266973983581734E-5,3.703773884618367E-4,0.027063817947223963,0.00303192223883957,9.690678845814954E-5,2.1601331104800474E-5,0.006777711819700151,0.001605473342128271,9.489551713189004E-4,6.247728588309245E-4,1.7100066425683122E-4,8.437339495621949E-5,4.658157680807677E-5,7.565252073724587E-5],[0.006736780206322486,0.015147918878521273,0.0014124504606517544,0.01625505961431923,0.01351502606203789,0.004108613329433823,0.011671077326228806,0.012366342552183121,2.46517203177242E-4,0.004740325898757329,0.002302272669490598,0.0027542773089240177,0.023477892619148958,0.014152408971497383,0.006639420354090697,0.015082534852552265,0.017417903928346485,0.016571776384516686,0.004687464416360134,0.009561530061671883,0.01585453356505211,0.005774141640583255,0.01217828520702624,0.013458614561207057,0.014910627351421079,0.009055051464048561,1.0,0.012596796761197104,0.009400243630919968,0.004783721078345803,0.010466891365116648,0.009117517627460821,0.0041528144170497865,0.018663762738225908,0.007675789749216852,0.007996848300798085,0.01585925314579763,0.014454333879966688,0.011815593306520688,0.00639147553129464,0.006775421892319244,0.010238991391067678,0.019942543076257438,0.007211059693598901,0.0077959621109401096,0.004253704156725535,0.016949663382944083,0.016581377888484884,0.011111121782274472,0.001990098788719554,0.006002891784936977,0.0034059206093570308,0.0029039581461486083,0.016408897014798043],[4.368353513919847E-4,6.418692210558241E-4,4.654086791247901E-4,2.616891749576763E-4,5.558881771839321E-4,0.0013194285440646211,0.0014589772998954533,0.0016129728825746538,4.236027465548717E-4,0.0018171863769758188,3.284661261627584E-4,4.397424012341163E-4,0.0024134736617859977,3.1849226057972124E-4,7.397240578632547E-5,5.467336007733332E-4,0.00638459722701637,8.620505457571923E-4,5.607277097202595E-4,3.1070848229765557E-4,5.023471093835811E-4,0.001282883284179181,4.977054423657188E-4,5.414860076966755E-4,4.369909563928274E-4,8.749316106457904E-5,0.012596796761197104,1.0,0.0022846065154413123,0.0012891033169973166,0.001001367954401723,5.507401411203137E-4,0.0029315628627551967,0.007563235633253439,1.3250808837696846E-4,0.0010049994954107215,0.011678252858194836,3.6196911666362355E-4,0.006525427548764459,0.002198802956089356,5.430801633975442E-4,5.184811565217257E-4,0.004516853361934558,0.0022504046197669427,4.7140131745598195E-4,4.61179938577192E-5,6.141543909972069E-4,0.001181023626553355,0.0013565899629492703,6.083583664485224E-4,0.001126862600362247,5.569270926543765E-4,4.900691782845003E-4,2.7968392397191187E-4],[9.764843052307065E-4,0.002684816333792579,0.0015464868246760819,0.0023563132679671147,0.0016645427900982847,0.0021698679005224967,0.002072539253707973,0.0019496921860572415,0.0024805948608023157,0.0023421112311923526,3.4550286816730576E-4,0.0011472140205158357,0.007769989918305331,2.486393565968074E-4,0.001483278027701115,0.002459677502646308,0.012889264973429182,0.001937009318433219,0.0017879538615666727,6.292218067383702E-4,4.693565068174493E-4,0.001429222982500419,0.0013573499359060804,5.781805932414221E-4,0.002458041936575407,9.156631739846487E-4,0.009400243630919968,0.0022846065154413123,1.0,0.002213300788062367,0.0012366559067751334,7.241509202486302E-4,0.002873301539772971,0.0037596169804578854,0.0016202130654411184,0.002703314110394861,0.012307188498755246,0.0015754086205262115,0.0031723385365085184,0.002883218130290299,0.0016561134057462108,0.00149790590122734,0.028408973522263303,0.003946003184571684,0.002129871506486147,0.0020942646551789733,0.007659531421110283,0.0031546091751452933,0.002586775081085571,0.00174777235625778,0.001866836155410498,7.88915897555322E-4,0.001133571170419188,0.002658709942245182],[9.650697918257689E-5,0.001658824384034162,0.0019827147712534543,6.36813839898695E-4,0.001891903759241714,0.0019541849792227253,0.0020028629866039103,0.0016354201263758911,0.001073027845433618,0.0020509445725029394,0.0012258107750197683,9.847020718646807E-4,0.016123489424411174,1.6545301047919382E-4,5.687430132228837E-5,5.973871642461113E-4,0.005174075398997093,0.0015788532768649197,0.0010818753374606117,0.0012773745802229937,0.0018372355225886037,0.001849269005524872,0.0016079904847289743,2.779974893103827E-4,9.801364630722233E-4,0.001975709491275921,0.004783721078345803,0.0012891033169973166,0.002213300788062367,1.0,0.0011660706292632183,0.0014939350864134188,0.0024412496741293634,0.02006105450865663,0.0010170413918150036,0.0021962923637284183,0.003836304763676835,0.0020145546945252646,0.0027545055323058617,0.0022365040891888207,7.745020855352889E-4,6.177788863406505E-4,0.017008992786725106,0.002101887742496689,9.902759383266688E-4,7.442634431316919E-4,0.009253124691944453,0.0024769891933804408,0.001703047263241365,0.001749797696680491,0.0015424979259250802,0.0011529176174754987,3.1972919185288085E-4,7.151876110460345E-4],[4.889663200423194E-4,0.0011725520490458064,5.859183984127154E-4,5.821019819812811E-4,9.594046198370201E-4,0.0012031205946805633,0.0012726739738810838,0.0015142898947060517,7.970826639761227E-4,0.0019090338413848308,7.653585183703606E-4,5.614446325846958E-4,0.016626330395018936,9.488691777409829E-4,4.399966048303448E-4,8.104791779368274E-5,0.013683211690661242,0.001184229460934342,5.0563067260953375E-5,0.0010379429694146324,8.004967507888851E-4,0.001195646645517606,4.990874173215009E-4,2.8855813458453043E-4,4.5650913289180055E-4,3.8658130084286336E-4,0.010466891365116648,0.001001367954401723,0.0012366559067751334,0.0011660706292632183,1.0,6.799478356541294E-4,0.00324318296487922,0.028231016085227708,9.334274717709781E-4,0.0013433389728273186,0.0030043024515050984,4.843216298217747E-4,0.00853137657044249,0.0028316478178608924,0.0010159858482954906,7.955246514727756E-4,0.02512890594362879,0.0011847375427862508,8.206906808327218E-4,1.9342106960837853E-5,0.010035606967650847,0.002005545340443706,0.0013287073261900898,0.0010929281230213116,0.0012057684385627637,4.5563617393458764E-4,1.2763926781698807E-4,3.367750121337819E-4],[1.9982972536601958E-4,7.614140634659901E-4,4.316186576590002E-4,2.1211208800787841E-4,4.2211745359739745E-4,9.711920284805977E-4,9.727069034837664E-4,5.583638585258382E-4,4.5533243679120913E-4,8.529210901382278E-4,1.888759786986253E-4,4.980765114751205E-4,0.013340543060738423,1.1013009226089547E-4,1.8564981278445045E-4,1.804288555212403E-4,0.01578678835470238,6.6662046735092E-4,3.6762156702209084E-4,4.45576500272107E-4,5.204775286768206E-4,0.0011728509817350934,4.931565971164203E-4,3.799318460546057E-5,4.061739703404572E-4,3.319845630052762E-4,0.009117517627460821,5.507401411203137E-4,7.241509202486302E-4,0.0014939350864134188,6.799478356541294E-4,1.0,9.478299425096509E-4,0.001691836456094743,3.5179272285282303E-4,6.543748580379531E-4,0.002822853701909381,2.071588832834294E-4,0.004415441957075615,0.002587560614683703,4.4167321022060423E-4,5.355045929112517E-4,0.02790902211314856,0.002706930324340319,2.9554895590194643E-4,1.674551505804258E-4,0.00420460111161238,0.003346184388894461,0.0011173708440577516,8.238098333326598E-4,9.188325677541823E-4,4.8110561419185537E-4,2.055021104676995E-4,5.103845715372739E-4],[9.64853602167477E-4,0.001709499196477645,4.548449362741067E-4,0.0028953792395833918,0.002620894587900078,0.0021415681728068174,0.003414605717189356,0.003159440610831561,3.2249741324233823E-4,0.0028712218162665957,0.00134341316905134,0.002053594895058829,0.010627819020257424,0.0029481352642997303,5.248544275542966E-4,0.0017848130820966007,0.0088930729356013,0.0017386894224021964,0.0034570573200898417,0.003381835051769436,0.0027333364398268926,0.0028038247287154195,0.0014631883252881016,0.0032291058785658593,2.4444782982001084E-4,0.003302843161880695,0.0041528144170497865,0.0029315628627551967,0.002873301539772971,0.0024412496741293634,0.00324318296487922,9.478299425096509E-4,1.0,0.0050077021564989,0.0016240906855208763,0.003221719446488899,0.008193488612259612,0.0010680149699145726,0.00706383981942799,0.003290915306315957,0.0022637812315699987,0.0013717370855197168,0.02444078765419575,0.003589528845534557,3.081915092985044E-4,0.002343638974051471,0.0037557122212149834,0.003542905267734819,0.0031378408701079655,0.0031961971640748913,0.0013229876143092515,0.003199899541889042,4.1122239068561693E-4,2.818796832629139E-4],[0.006182668154031692,0.01856168211056405,0.019346822906700718,0.025784465159244874,0.008877195188911073,0.01936214288632742,0.027436725465508214,0.01149621911699191,0.015904363989217445,0.015068152342139872,0.01603709712932237,4.1499168532567086E-4,0.0270390917608632,0.028320726464317405,0.027463412685480974,0.001815419180999246,0.027234701295749016,0.010393919030585307,0.022691818459347708,0.011274264039770164,0.005779073123485257,0.021166899585334253,0.0016043668897014979,0.007151569642710367,0.027195638828615504,0.016102469799390576,0.018663762738225908,0.007563235633253439,0.0037596169804578854,0.02006105450865663,0.028231016085227708,0.001691836456094743,0.0050077021564989,1.0,5.956319918773289E-4,0.004609864351616855,0.023750661901032467,0.01334867948610058,0.012305511605967994,0.004396632563038386,0.02131974442179784,0.017768983925527792,0.029743869831101513,0.026419701611759033,0.020721494913696823,0.02504953881713678,0.01564499600132272,0.019158717842639266,0.020955992841473106,0.024886235285584715,0.024492693984068704,0.01334391732157521,0.019365125835169222,0.008633822083836576],[8.924722234731572E-5,2.1800949951495085E-4,2.5191843854936204E-4,3.4689622055344456E-5,2.4482869757176554E-4,0.0011001260429500798,8.823789630581198E-4,0.0012486828002320133,9.82546187222114E-5,0.0019606529545769876,1.1183214729323857E-4,8.906796766984061E-5,0.015388082336751933,1.081973567034574E-4,3.44455157961787E-5,6.975948211632009E-5,0.002273388758398839,0.0010059011952125378,5.027299313513159E-5,2.2964100471010534E-4,1.8905202170235835E-4,7.29443130134329E-4,1.8214263538332797E-4,1.106661761226889E-4,1.1456107905362183E-4,9.294310664591936E-5,0.007675789749216852,1.3250808837696846E-4,0.0016202130654411184,0.0010170413918150036,9.334274717709781E-4,3.5179272285282303E-4,0.0016240906855208763,5.956319918773289E-4,1.0,9.046960237082648E-4,0.014807136674176127,1.1740740552542133E-4,0.00315912621035567,3.33203170627698E-4,1.4444216084235506E-4,2.181081007122782E-4,0.029933108650671066,0.002728692617053987,1.0760226248296831E-4,8.189545063779943E-5,0.009410773229397477,0.0014321517069625788,2.6222440479772304E-4,5.579452183075942E-4,1.3035999797117632E-4,1.900690953514472E-4,1.1290692214795377E-4,1.0610546163227418E-4],[0.0013992109941145905,0.0019282773702747758,0.0023482267839797853,7.313584523910114E-4,0.002394184626777165,0.0026015602857333573,0.0015392262433311583,0.001837333759247948,0.0016593202535339824,0.0024048547613902595,0.002435163255848185,5.682830185554203E-4,0.003229805303