[[1.0,1.779359314204981E-4,0.005962602551642129,1.887554985461367E-4,4.755243640765554E-4,4.3498341298365206E-4,5.631377839614146E-5,2.1872146358039684E-4,0.01460161276765313,7.959392020753895E-4,4.7281689482911595E-4,0.05288129285253659,3.1328885701708295E-4,9.805952567919982E-4,8.667093468246441E-4,2.239438936684586E-4,0.017956848781324045,0.005432035211706562,3.447205024985554E-4,4.599042513123638E-4,2.294834893699101E-4,3.3102914784652435E-4,2.2840337385489253E-4,3.992617212210403E-4,0.006458334208586606,0.0011977165180149089,4.019821156599287E-4,0.003690576474255031,4.91125178715194E-4,1.1325840307361566E-4,4.628455175321544E-4,0.0018777872840022366,2.9209392782861314E-4,2.6340847013084216E-4,0.0025526677610639365,7.226040480258014E-4,4.061895749937186E-4,4.5385771793376355E-4,2.587880284410419E-4,5.547978019177878E-4,2.543945804627377E-4,0.002349963246054637,8.469512415842456E-4,0.023671013892252114,3.2765302389408416E-4,2.622601391039542E-4,7.68829108870427E-4,2.1164879646980026E-4,7.886919374190961E-4,3.977160067863173E-4,2.4976009869379605E-4,5.575762061545447E-4,3.182897364542804E-4],[1.779359314204981E-4,1.0,0.03620129519622896,1.1808785977324274E-4,2.055120857354964E-4,1.257979366738048E-4,1.573055664007098E-5,1.2007811863887269E-4,0.0023298138438490974,8.044497774125993E-4,1.4496757561410542E-4,0.016783055357106946,2.9417406638072708E-5,2.484620960853337E-4,4.3128415754821974E-4,3.4541179645908074E-5,0.021073545546305212,0.0063356965817905056,8.39954263811194E-5,3.524283938943848E-5,1.74704245719382E-5,1.0507716694916441E-4,2.1220257282350464E-5,5.2158014526383905E-5,0.005692477949539689,0.0020082661786071285,1.3782172439436988E-5,0.02843343560627904,7.152490893573785E-5,3.832773544285145E-5,2.2847973604329922E-5,6.327332350094759E-4,2.1466080815212267E-5,6.298641791747063E-5,9.692869486068568E-4,8.360351506132529E-4,1.2768341417952452E-4,2.5103870935055107E-5,1.9092689534414527E-5,2.2299015961829005E-4,1.5924410329661063E-5,1.476005415785443E-4,9.84524826382018E-4,0.008093603133758051,2.707130347950259E-4,1.4158548515647386E-5,8.408772378765936E-4,1.270315695194507E-4,8.237149486070505E-4,2.132219133830851E-4,9.092829550360949E-5,1.2646652871217378E-4,2.4759375345571814E-5],[0.005962602551642129,0.03620129519622896,1.0,0.09266602049987717,0.0516413220463167,0.09621387159352067,0.097126391892682,0.06650777232323977,0.09079761791145326,0.030180174049367958,0.031235489968562773,0.09851936386598295,0.017182133595739134,0.07665145135534604,0.030406851517898893,0.021787071403612607,0.08283881515040838,0.08913721748247215,0.043132340262140925,0.0026485436209150197,0.01751981640894614,0.08377986206498965,0.08404617761609297,0.08762068051450868,0.08499900835058011,0.08820919232095686,0.051447396447380285,0.05125938022716024,0.03586841432818246,0.021276077370223655,0.048988604006969895,0.09392054521249148,0.05644225175533707,0.04858368938146453,0.05848465858338063,0.035224406257117695,0.08259093625990112,0.09895941497185745,0.07614235133190571,0.050053845382183916,0.0178306482934561,0.056340863263257324,0.036101793376676364,0.061613770925839556,0.08911576023499106,0.09289627388313268,0.0987145473057274,0.056796177253067806,0.007605378914400367,0.039935336312063564,0.006591706826485183,0.05911059587712853,0.053245980472417326],[1.887554985461367E-4,1.1808785977324274E-4,0.09266602049987717,1.0,4.865876822292089E-4,1.336183209261717E-4,7.229202045631246E-5,1.4631017645180174E-4,0.009637301995956622,6.531070781846305E-4,1.8839668218092518E-4,0.0223948109981777,1.0712988497821712E-4,7.145320953676849E-4,2.393690438175705E-4,1.4657431574376591E-4,0.015371080882343468,0.0033408643304766767,1.2539769695387647E-4,1.292257893410863E-4,4.1059777580978245E-5,2.9237239018598107E-4,1.0345826665100897E-4,1.2581135048217803E-4,0.0074393520936496815,0.0022396780537834297,1.262281537921372E-4,0.02497223247280818,5.074387010295265E-4,8.812818537694931E-5,1.3330368377670177E-4,0.0013480741819656098,2.4723591791682615E-4,1.2692565667310699E-4,8.053694296145193E-4,8.940349769124867E-4,1.905486238803842E-4,1.3214215247733734E-4,1.1852678115743902E-4,3.074285250322243E-4,6.34172831167683E-5,0.007262292489899812,3.6913320427174465E-4,4.6460707679097204E-4,1.8038086482023122E-4,8.586183024106394E-5,7.656816618548932E-4,1.6265226154140908E-4,6.069203727588414E-4,1.5409749755364608E-4,1.8563802548848934E-4,3.0682584080065186E-4,1.5398686676412233E-4],[4.755243640765554E-4,2.055120857354964E-4,0.0516413220463167,4.865876822292089E-4,1.0,5.118472537448017E-4,6.116555824232478E-4,4.2541481975380384E-4,0.011310782390213624,0.0013161611664625275,0.0010914234819115428,0.0232590361829973,7.601849448016989E-4,0.0011989105663778718,0.001284964838696669,6.273587501091064E-4,0.004602956973982726,0.0038715007091088475,1.3495085537393623E-4,0.0010350979835273089,1.0037814973758127E-4,0.001049703019739715,5.767819509613516E-4,0.0010018031307436792,0.002095012139212543,0.0017176184396663163,6.01547395255219E-4,0.025887096235766266,0.001129101257548443,4.001261542233434E-4,6.738560470997596E-4,0.001729672194616406,3.185519896431404E-4,0.0010851790051949473,0.004330702926301799,0.0012894104860914123,6.792139410102128E-4,7.25207772534839E-4,5.09606829826044E-4,0.0012304506772659316,0.0010985732853901768,0.013864991444869166,0.0011356925573950622,0.010131968714911708,0.001225863243929544,0.0011802604994064607,0.0011645967030532956,0.0010860934616119902,0.0012418734828244327,4.269216177803677E-4,3.2115034894392164E-4,8.623120796421328E-4,8.196509760192953E-4],[4.3498341298365206E-4,1.257979366738048E-4,0.09621387159352067,1.336183209261717E-4,5.118472537448017E-4,1.0,9.347183030398301E-5,1.586575946685653E-4,0.006215014109840462,3.96664606403533E-4,2.202634800974354E-4,0.018998509546658344,4.7407618065194214E-5,0.0010300535704966152,6.702828261568982E-4,1.5595084961029395E-4,0.0405453658199881,0.003157212008402506,1.4060489556822162E-4,1.863043187897662E-4,5.9077602151336684E-5,1.8625157479670116E-4,1.1098235947304465E-4,1.2568799912263156E-4,0.0022381652700165337,0.0016474734497548696,1.0742284049731632E-4,0.037788687965431,4.370334057094184E-4,9.476226790841289E-5,1.4584038557495898E-4,6.673259587409143E-4,2.0956575853175395E-4,1.3354489194162587E-4,0.0032498715894862997,7.833608065100346E-4,2.113802446618349E-4,1.4005341029099964E-4,1.2560091841650107E-4,4.7923040404996935E-4,3.0925965853982676E-5,0.01791571150432987,6.708159190524596E-4,0.010848109692617335,2.774952799892333E-4,1.1321067534161726E-4,4.568659365364096E-4,1.5772620923670786E-4,5.415290378504063E-4,1.9058999463042968E-4,1.8672123222480809E-4,5.961235352403978E-4,1.4834482170519492E-4],[5.631377839614146E-5,1.573055664007098E-5,0.097126391892682,7.229202045631246E-5,6.116555824232478E-4,9.347183030398301E-5,1.0,1.5859359272898902E-4,0.0018982859046371215,0.0010437873282720428,1.4961579093301686E-4,0.00648163972111235,3.74382894829941E-5,2.038655586564898E-4,1.2155251710149046E-4,2.5462754570453512E-5,0.0413928275693736,0.004590284567068533,9.75539679153785E-5,1.7921269356979108E-4,1.5465564282963182E-5,1.2900080566312865E-4,7.506366206213048E-5,5.482271885285862E-5,0.004186964910353771,0.0020426149475650615,1.1806461869760005E-5,0.03928547795823806,7.226398155349128E-4,1.5131533527953252E-5,6.348283027426572E-5,4.447447824433183E-5,9.93085000351252E-5,7.931588507970009E-5,0.0036761387525316622,4.4602763303383606E-4,6.310495562765143E-5,1.2895216764162613E-4,1.9089024766659416E-5,8.084945266979062E-4,1.3630106117598556E-5,5.000270592114826E-4,5.461661169131288E-4,0.01258856177344067,3.0173515089582787E-4,1.2969816062789996E-5,8.194512623307717E-4,9.549355408214E-5,9.800219979902485E-5,1.6552432440008604E-4,1.562131586855811E-4,5.158859411046353E-4,5.313636859015642E-5],[2.1872146358039684E-4,1.2007811863887269E-4,0.06650777232323977,1.4631017645180174E-4,4.2541481975380384E-4,1.586575946685653E-4,1.5859359272898902E-4,1.0,0.0015648794057320909,9.834755662096134E-4,1.7786273934320811E-4,8.451742490224056E-4,1.4770455639983383E-4,9.013248094281782E-4,5.24111305312842E-4,1.6122635035169423E-4,0.004161919556174127,0.004102257387097656,1.7423583713419244E-4,1.7610647109356329E-4,4.961874811915362E-5,2.3878058464105151E-4,1.4664266754271983E-4,1.7198305025058552E-4,0.005140129822316228,6.089821195470987E-4,2.2372072513499266E-5,0.024227375028091382,5.236909087098699E-4,9.5879475232294E-5,1.708958407760254E-4,2.8487373402131627E-4,1.9452102660154043E-4,1.2916123893115208E-4,0.003157145476992264,4.525118082141339E-4,2.1811960531272685E-4,1.689185787864413E-4,1.3977855746766894E-4,2.6827680160701033E-4,1.5426502082316604E-5,0.005073808579148696,2.050746353394075E-4,0.010881593400636897,2.548987784157467E-4,4.900041928848732E-5,3.2212555562433206E-4,1.774973571219692E-4,3.0808814907560536E-4,1.7753593884212E-4,1.849431803043347E-4,5.38811356160065E-4,1.8098744176169162E-4],[0.01460161276765313,0.0023298138438490974,0.09079761791145326,0.009637301995956622,0.011310782390213624,0.006215014109840462,0.0018982859046371215,0.0015648794057320909,1.0,0.011946708808194744,0.006623297046102133,0.03631339934163959,0.006239629081890912,0.0025770688529293028,0.0020825149891188824,0.009722744254612241,0.03139709460732116,0.015515436132299307,0.006653324197782449,2.092515410789078E-4,0.008142159477714133,0.004930900076977862,0.00418667177328409,0.01559470097381178,0.012907593100344424,0.01079706622225799,0.015557312766600584,0.03168524860253594,0.0018916662359785997,0.014843260868938375,0.015223131795414754,0.0036610181772492797,0.0084657645262464,0.005410112547701118,0.0157059417800769,0.01114250464574027,0.0154855250734412,0.010032143523163544,0.008270217936801641,0.012376119936358246,0.007842596109270142,0.01858261884088879,0.010138361697562243,0.017689137462752597,0.010561136088311851,0.01525472888762447,0.01564571302766935,0.009069126260685498,0.011701623633657504,0.011913335806723366,0.004363883856438868,0.012910902230466127,0.004488749894437986],[7.959392020753895E-4,8.044497774125993E-4,0.030180174049367958,6.531070781846305E-4,0.0013161611664625275,3.96664606403533E-4,0.0010437873282720428,9.834755662096134E-4,0.011946708808194744,1.0,0.001040587262852349,0.023065188416417134,1.605637874606401E-4,0.00108141036739181,0.0013035134036600534,4.927257019955757E-4,0.010356003016046195,0.0016843020040156278,3.918907404394965E-4,4.275608176666485E-4,9.271037084161917E-4,6.030929853113444E-4,0.001039679773559124,7.184616242665908E-4,0.005315323814143863,0.002033304071614595,2.534918830618566E-4,0.011128344438041313,9.742612121485424E-4,8.401218289115409E-5,0.0010317069738724361,0.0013955703311807385,9.921871635610773E-4,0.0010723082866291164,0.0036481463897052122,0.0012155687993597821,9.807905429433251E-4,8.834585778402466E-4,1.1277031609708787E-4,0.00106045147993072,0.0010939442364172683,0.008231055172991898,0.001210534215993573,0.016110925532048986,0.001093988655802627,4.293326441619036E-4,0.0012835670552373197,0.001276193291751316,0.001305825487651345,4.5636079341176066E-4,0.0012219673943687321,7.714866490484084E-4,9.023936362933103E-4],[4.7281689482911595E-4,1.4496757561410542E-4,0.031235489968562773,1.8839668218092518E-4,0.0010914234819115428,2.202634800974354E-4,1.4961579093301686E-4,1.7786273934320811E-4,0.006623297046102133,0.001040587262852349,1.0,0.03563777932625384,7.319607183731975E-5,3.116725396516425E-4,6.575475006399727E-4,2.043971061982005E-4,0.0012497925869565595,0.0010777990210705487,1.3139322997319868E-4,2.0370681978759312E-4,7.30680953694733E-5,2.6146890705099795E-4,8.246416546827516E-5,2.1618969503327593E-4,0.002036268250528715,0.0012748869991863645,1.9457719117934254E-5,0.003863243435443925,2.46335547954714E-4,8.483967573142162E-5,1.704727108671682E-4,0.0018205170151714889,2.2792315091169554E-4,1.3674432546666824E-4,0.0013107893123270892,5.452839510958881E-4,2.2677903961344892E-4,2.166320196211332E-4,1.9835637654781518E-4,7.783815980260101E-4,1.5103148771832895E-4,0.009032719104517252,7.23807339055045E-4,0.007709015423053149,3.1754120327826853E-4,1.9166909029995943E-4,6.442023100802956E-4,2.11912588181606E-4,4.906527237126237E-4,2.268290581826122E-4,2.1360680805523606E-4,2.9890579603040004E-4,2.1615047626838781E-4],[0.05288129285253659,0.016783055357106946,0.09851936386598295,0.0223948109981777,0.0232590361829973,0.018998509546658344,0.00648163972111235,8.451742490224056E-4,0.03631339934163959,0.023065188416417134,0.03563777932625384,1.0,0.05226772125327848,0.01650467882076317,0.04372785296664414,0.010293921273168567,0.05406162431136908,0.051583107695692035,0.018969852190513916,0.004111968531173407,0.05530695994475494,0.013313367271519525,0.024888220445658565,0.015274895014370508,0.03820962329108428,0.0039903548711020895,0.009917959503939327,0.06173497614363273,0.020161184493965836,0.002901794013893115,0.04803844398399343,0.030834351534215758,0.019197780333063824,0.05986240929390798,0.00801903648158512,0.014985953800053534,0.012206437762167533,0.03329715996646664,0.0283575699385115,0.04710140417639169,0.04346180501350078,0.02957009912932842,0.032881599299785694,0.03565649149176703,0.05919194790785761,0.058245881867838314,0.011143606493423296,0.028153470897463527,0.03476975681077028,0.06029862656602228,0.035543698114632906,0.02849554505803258,0.010772692734449656],[3.1328885701708295E-4,2.9417406638072708E-5,0.017182133595739134,1.0712988497821712E-4,7.601849448016989E-4,4.7407618065194214E-5,3.74382894829941E-5,1.4770455639983383E-4,0.006239629081890912,1.605637874606401E-4,7.319607183731975E-5,0.05226772125327848,1.0,3.868756286448409E-4,2.233201271742801E-4,4.089264889905756E-5,0.017797368038439766,1.0007659566963931E-4,8.723464551474292E-5,1.4868741825773104E-4,2.4043737698352366E-5,1.7664178471912747E-4,6.813034138606402E-5,4.5636751300154394E-5,0.0052926322553249845,0.0013811263271689238,1.3817068729892198E-5,0.00755248558918769,7.434153945749045E-4,4.364014430564139E-5,7.022670466997958E-5,0.0021689850439688737,1.749629719613027E-4,6.391663712942531E-5,0.002716287059026531,7.428163340640672E-4,1.5741788351313367E-4,1.2115394661262468E-4,6.015074506459554E-5,8.20420118893038E-4,2.0813866744293263E-5,0.0026167681188153376,1.1884360875829578E-4,0.0014067015055937268,3.035383325185225E-4,2.3641629733249832E-5,5.724625693035937E-4,1.8000256232795939E-4,1.9532830973988946E-4,2.324076844111887E-4,1.8365379726754654E-4,1.6484804057551755E-4,1.755607105527466E-4],[9.805952567919982E-4,2.484620960853337E-4,0.07665145135534604,7.145320953676849E-4,0.0011989105663778718,0.0010300535704966152,2.038655586564898E-4,9.013248094281782E-4,0.0025770688529293028,0.00108141036739181,3.116725396516425E-4,0.01650467882076317,3.868756286448409E-4,1.0,0.0011968033387222655,7.933182794551427E-4,0.029058479835719325,0.006622105867399168,5.736962594284601E-4,9.135403913108856E-4,5.244274729590787E-4,8.888268965753397E-4,9.979877926368686E-4,2.3376790594340248E-4,0.004725174692397846,0.001483178187290373,5.530377153524686E-4,0.03319756398853392,9.270253778704441E-4,6.952831924639916E-4,7.457855039463737E-4,0.0016857400753934196,7.019870247307738E-4,7.624367412045056E-4,0.003511739228424939,9.017978579982212E-4,8.885987692138647E-4,1.521570215443874E-4,8.303749684701857E-4,0.0010252688566388583,1.639070727112034E-4,0.010564027085867083,0.0010399824478460917,0.014072214602719988,8.397770471628534E-4,2.2092310340723106E-4,0.0010381348218166516,8.593671278486048E-4,0.0011706653582734745,9.358132015243065E-4,8.24740815155786E-4,8.509163271709147E-4,2.8440457686557347E-4],[8.667093468246441E-4,4.3128415754821974E-4,0.030406851517898893,2.393690438175705E-4,0.001284964838696669,6.702828261568982E-4,1.2155251710149046E-4,5.24111305312842E-4,0.0020825149891188824,0.0013035134036600534,6.575475006399727E-4,0.04372785296664414,2.233201271742801E-4,0.0011968033387222655,1.0,0.0010609722246495948,0.02140716273169667,0.004728683644483821,4.168228264214333E-4,4.955854602230686E-4,5.365118241410144E-4,3.245191714920102E-4,3.684219277003351E-4,4.676167460630061E-4,0.00257263555145192,0.0017868275977959707,0.001108744368292228,0.023387081601303237,9.19678043780114E-4,0.0010552250107428642,8.764512033014498E-4,0.0019342972386657254,7.474308799696502E-4,3.090416311665717E-4,0.002997943965500651,9.363893517920783E-4,2.4575758487460305E-4,6.321213786452463E-4,9.793085910598E-4,0.001129364983856029,6.468824211348203E-4,0.008829279141044998,0.0011586151218751482,0.014609117634043248,5.369205222692337E-4,4.914700462351803E-4,0.0010820262958121738,2.65034418154087E-4,0.001204123109318196,7.397329529408813E-4,9.103271139260293E-4,9.122449656955973E-4,8.742243103171027E-4],[2.239438936684586E-4,3.4541179645908074E-5,0.021787071403612607,1.4657431574376591E-4,6.273587501091064E-4,1.5595084961029395E-4,2.5462754570453512E-5,1.6122635035169423E-4,0.009722744254612241,4.927257019955757E-4,2.043971061982005E-4,0.010293921273168567,4.089264889905756E-5,7.933182794551427E-4,0.0010609722246495948,1.0,0.007247268225178742,0.004509662085808388,1.5740968508871656E-4,1.741443016080693E-4,1.2443948044416756E-4,1.6887489677414055E-4,7.643593910748875E-5,1.4195821667802174E-4,8.33168545802559E-4,0.0020008940107353102,9.615181934993906E-5,0.0016947849339005365,4.7322091905221557E-4,7.017842606953299E-5,1.5689393980276072E-4,3.326963585016426E-4,2.1083674790840106E-4,1.2727829063090593E-4,0.00258380740038132,6.951220625215273E-4,1.9113898925887118E-4,1.5403960643891972E-4,1.1851648472627143E-4,9.072759299785125E-4,8.024643076191806E-5,0.013567849494603304,7.506098118759189E-4,0.022852397890651226,2.840431106957645E-4,7.65194000432114E-5,7.567253451075636E-4,1.6823186171405915E-4,0.001009821111676173,2.2359243287920183E-4,1.6131340721737392E-4,4.2056105462198815E-4,1.8042401397601841E-4],[0.017956848781324045,0.021073545546305212,0.08283881515040838,0.015371080882343468,0.004602956973982726,0.0405453658199881,0.0413928275693736,0.004161919556174127,0.03139709460732116,0.010356003016046195,0.0012497925869565595,0.05406162431136908,0.017797368038439766,0.029058479835719325,0.02140716273169667,0.007247268225178742,1.0,0.043805220551914756,0.029070992930718787,0.03456854874973117,0.03555628146687286,0.024097854497514445,0.011036062394679814,0.013450506873383658,0.03754859488970265,0.027009940895215048,0.026595131740914216,0.04372863831135991,0.014483521712436827,0.037447677793345804,0.04495735734953257,0.012854269349214006,0.022409296804514145,0.013870785246301452,0.012777288255764513,0.0147575652222708,0.023778938789425583,0.008633315773450658,0.001694164889052463,0.02082778411857448,1.988605319509784E-4,0.038651559027571336,0.03544098297616758,0.02963130159346229,0.018282307666299114,0.0337472690668858,0.007613085751748919,0.01349186104099659,0.025623063016738144,0.0015774611192439475,0.026288241529015047,0.012820630063440513,0.04441568789050696],[0.005432035211706562,0.0063356965817905056,0.08913721748247215,0.0033408643304766767,0.0038715007091088475,0.003157212008402506,0.004590284567068533,0.004102257387097656,0.015515436132299307,0.0016843020040156278,0.0010777990210705487,0.051583107695692035,1.0007659566963931E-4,0.006622105867399168,0.004728683644483821,0.004509662085808388,0.043805220551914756,1.0,0.00479396307839029,0.005630872301013962,0.001600584236474117,0.001983963213547523,0.0031207802603838864,0.0029785013053862707,0.007589045327332343,0.002855522672426841,0.006090401016609106,0.03437057574109489,0.006591075093277365,0.004545915126260579,0.0013384003737963092,0.0066023063200841585,0.002809987773155281,0.0025224178245997577,0.005167801808718131,0.002747424151144829,0.006444460859282668,0.0023528345508625585,5.632361098265997E-4,0.002351839736417047,0.004386836613832984,0.01184100754671847,0.005775872286709346,0.016966510443868557,0.002468892032902231,0.006874229484829308,0.003344013873856674,0.0068444912300711655,0.004433666878550987,0.0057830037211925416,0.006122352188859653,0.002083991882216371,0.0026707070092570153],[3.447205024985554E-4,8.39954263811194E-5,0.043132340262140925,1.2539769695387647E-4,1.3495085537393623E-4,1.4060489556822162E-4,9.75539679153785E-5,1.7423583713419244E-4,0.006653324197782449,3.918907404394965E-4,1.3139322997319868E-4,0.018969852190513916,8.723464551474292E-5,5.736962594284601E-4,4.168228264214333E-4,1.5740968508871656E-4,0.029070992930718787,0.00479396307839029,1.0,1.7412760207794408E-4,2.4473350104421166E-5,1.3647704624045366E-4,8.142918003708E-5,1.1988113797695611E-4,0.0030115192705133602,6.065017203931512E-4,1.0249423390568171E-4,0.02027218046666142,4.7106640307379864E-4,8.067774208771303E-5,1.2475556644017004E-4,4.40052627428196E-4,1.326337312568854E-4,1.239733679537514E-4,0.0029933270660605594,3.2906069229023176E-4,2.035049517844729E-4,1.2850855651852695E-4,1.0540160782640591E-4,9.457767723918364E-4,8.980336599785683E-5,0.009456623199653194,5.891245554907296E-4,0.02004032761376714,1.384104248072361E-4,8.92411597792421E-5,8.498562546786616E-4,1.3089785952444678E-4,0.001075242800771931,1.2579160638695412E-4,1.859057773625826E-4,2.5567182906870514E-4,1.5408455015207198E-4],[4.599042513123638E-4,3.524283938943848E-5,0.0026485436209150197,1.292257893410863E-4,0.0010350979835273089,1.863043187897662E-4,1.7921269356979108E-4,1.7610647109356329E-4,2.092515410789078E-4,4.275608176666485E-4,2.0370681978759312E-4,0.004111968531173407,1.4868741825773104E-4,9.135403913108856E-4,4.955854602230686E-4,1.741443016080693E-4,0.03456854874973117,0.005630872301013962,1.7412760207794408E-4,1.0,9.488082322819968E-5,2.2075543892613605E-4,1.1559338277629139E-4,1.6768158233401901E-4,0.005874987589108895,0.0022092205458203247,3.613847597377822E-5,0.027778465645404517,3.227689043796651E-4,7.331529675256668E-5,1.5284863345141838E-4,6.804492858936899E-4,2.3324169282402493E-4,1.761391201438846E-4,5.372449728849062E-4,3.1167965666849967E-4,2.1554364629940826E-4,1.4739567369552605E-4,1.3282369366996238E-4,9.137392448571244E-4,1.8120444001894565E-4,0.008031962745581848,5.446142055165402E-4,0.024340545929409787,2.472817655209891E-4,1.3346317786439648E-4,8.373291992018579E-4,1.9189302935860582E-4,7.311802074038581E-4,2.4311149350424508E-4,1.9590884234769375E-4,5.5404545444553E-4,1.8291103905178295E-4],[2.294834893699101E-4,1.74704245719382E-5,0.01751981640894614,4.1059777580978245E-5,1.0037814973758127E-4,5.9077602151336684E-5,1.5465564282963182E-5,4.961874811915362E-5,0.008142159477714133,9.271037084161917E-4,7.30680953694733E-5,0.05530695994475494,2.4043737698352366E-5,5.244274729590787E-4,5.365118241410144E-4,1.2443948044416756E-4,0.03555628146687286,0.001600584236474117,2.4473350104421166E-5,9.488082322819968E-5,1.0,1.0832833290281589E-4,7.51649662389192E-5,6.115083316628166E-5,0.00786214988955912,0.002469322550726356,2.105835872269367E-5,0.022356686675560573,3.4297245605683334E-4,3.58135865763183E-5,4.395817291067424E-5,8.978678712483806E-4,1.8333834662706138E-4,7.348568024309862E-5,7.16465978943199E-4,7.612359952307474E-4,2.2035280866026017E-4,8.349312964052032E-5,6.261365047426578E-5,9.214734029873228E-4,2.180319039439937E-5,0.005300591063590406,7.12511611576409E-4,0.018917644082043453,1.4768949160286974E-4,1.8669827097656003E-5,5.923839661291034E-4,9.261651301866749E-5,6.396746177639092E-4,1.8798728507670576E-4,1.778518091362089E-4,9.704795195917512E-5,8.112018120109795E-5],[3.3102914784652435E-4,1.0507716694916441E-4,0.08377986206498965,2.9237239018598107E-4,0.001049703019739715,1.8625157479670116E-4,1.2900080566312865E-4,2.3878058464105151E-4,0.004930900076977862,6.030929853113444E-4,2.6146890705099795E-4,0.013313367271519525,1.7664178471912747E-4,8.888268965753397E-4,3.245191714920102E-4,1.6887489677414055E-4,0.024097854497514445,0.001983963213547523,1.3647704624045366E-4,2.2075543892613605E-4,1.0832833290281589E-4,1.0,2.448610933463019E-4,2.887184217371928E-4,0.004881820416315133,6.168427661945367E-4,2.1780948906022975E-4,0.013860559698284437,8.882212787362832E-4,6.0096233884053795E-5,1.6177365058213253E-4,0.0014871651963696247,2.861953311165569E-4,2.601990562373246E-4,0.002984487782026702,7.963055991119402E-4,2.3983072777555517E-4,1.385976100342156E-4,2.7741757969424846E-4,9.257877519227656E-4,1.3446732005676694E-4,0.01796513745968558,0.0010187098895905972,0.01971455055314929,3.020915343124192E-4,1.4438841887714633E-4,7.313617456801858E-4,2.8214314757150823E-4,9.996579618452158E-4,2.618298113616871E-4,2.4608510053724406E-4,4.6768722936745444E-4,2.0644491455667116E-4],[2.2840337385489253E-4,2.1220257282350464E-5,0.08404617761609297,1.0345826665100897E-4,5.767819509613516E-4,1.1098235947304465E-4,7.506366206213048E-5,1.4664266754271983E-4,0.00418667177328409,0.001039679773559124,8.246416546827516E-5,0.024888220445658565,6.813034138606402E-5,9.979877926368686E-4,3.684219277003351E-4,7.643593910748875E-5,0.011036062394679814,0.0031207802603838864,8.142918003708E-5,1.1559338277629139E-4,7.51649662389192E-5,2.448610933463019E-4,1.0,8.052260092502656E-5,0.007802896091700487,2.1243281068344922E-4,7.323833289377474E-5,0.02816013851420156,2.3761556139107658E-4,5.394537665741669E-5,9.677503100976443E-5,9.283817649467777E-4,1.42508980680895E-4,8.412793222134217E-5,0.0030607803288784136,1.3171286291448084E-4,1.1614075381831241E-4,9.804830986262501E-5,1.0132302549876844E-4,3.6767213139551923E-4,4.5163341662448646E-5,0.002066958003715326,4.722305847102271E-4,0.016885396310420388,1.358029911786204E-4,3.863314103166467E-5,7.212041387250729E-4,1.0482597822970504E-4,0.0010492688923102375,1.547843329653194E-4,1.3091145164832694E-4,1.775052273504655E-4,1.599168755165988E-4],[3.992617212210403E-4,5.2158014526383905E-5,0.08762068051450868,1.2581135048217803E-4,0.0010018031307436792,1.2568799912263156E-4,5.482271885285862E-5,1.7198305025058552E-4,0.01559470097381178,7.184616242665908E-4,2.1618969503327593E-4,0.015274895014370508,4.5636751300154394E-5,2.3376790594340248E-4,4.676167460630061E-4,1.4195821667802174E-4,0.013450506873383658,0.0029785013053862707,1.1988113797695611E-4,1.6768158233401901E-4,6.115083316628166E-5,2.887184217371928E-4,8.052260092502656E-5,1.0,0.004858259656956458,5.341227890843948E-4,1.1203187798231986E-4,0.04131191593997894,3.0587260341995636E-4,1.1883919510234691E-4,1.334178598686647E-4,0.0010421071055693569,1.3801324395759768E-4,1.267031369191828E-4,0.002170749458784295,5.609518940154021E-4,2.1424157538088844E-4,1.2581104986139063E-4,1.1863753118699274E-4,9.02771205787993E-4,3.3454217382557154E-5,0.015155714235002414,5.36425110103271E-4,0.015278683268076087,2.907957043611863E-4,1.2193318157454145E-4,4.275790747314983E-4,1.595595533323691E-4,9.229225583072238E-4,1.4748733672455684E-4,1.7404702030121084E-4,4.6287483047158316E-4,1.6191792240120964E-4],[0.006458334208586606,0.005692477949539689,0.08499900835058011,0.0074393520936496815,0.002095012139212543,0.0022381652700165337,0.004186964910353771,0.005140129822316228,0.012907593100344424,0.005315323814143863,0.002036268250528715,0.03820962329108428,0.0052926322553249845,0.004725174692397846,0.00257263555145192,8.33168545802559E-4,0.03754859488970265,0.007589045327332343,0.0030115192705133602,0.005874987589108895,0.00786214988955912,0.004881820416315133,0.007802896091700487,0.004858259656956458,1.0,0.004733978480840495,0.0035034557687725057,0.026581363806196905,0.005482165236006388,0.004285547927112486,0.007775495956068686,0.006816988371125528,0.0030034380006823146,0.0017459159270895937,0.005642424073391493,0.002510911182701232,0.0030837148554744816,0.001182757690075148,0.0027845254776114286,0.006344056647145198,0.0014604357427690502,0.018634484366384926,0.008269532453858612,0.018426063133681628,0.00315139313520188,4.296081866906578E-4,0.002508089680159468,0.005039997250441224,0.006235840008720331,0.004859346889201271,0.0027180870987577595,0.008095792907906716,0.001706315431345658],[0.0011977165180149089,0.0020082661786071285,0.08820919232095686,0.0022396780537834297,0.0017176184396663163,0.0016474734497548696,0.0020426149475650615,6.089821195470987E-4,0.01079706622225799,0.002033304071614595,0.0012748869991863645,0.0039903548711020895,0.0013811263271689238,0.001483178187290373,0.0017868275977959707,0.0020008940107353102,0.027009940895215048,0.002855522672426841,6.065017203931512E-4,0.0022092205458203247,0.002469322550726356,6.168427661945367E-4,2.1243281068344922E-4,5.341227890843948E-4,0.004733978480840495,1.0,0.0022351003103980426,0.008304894569602888,0.002601590350244298,5.732446768670394E-4,0.0018979319677208688,0.002389838488095441,9.5834683987755E-4,8.366534221385803E-4,0.003749143706980945,0.0011377561122539518,0.0021305327688580776,7.79555857311869E-4,4.334397308229873E-4,0.0020007499389711105,0.002402167070332942,0.011929563512610201,0.0021226726336885503,0.013366660942125873,0.0020448170109420467,7.689678763701915E-4,0.0011647793355727904,0.0010869276251081403,0.0016679966352600548,9.824888652558623E-4,0.0013453283771861684,0.0025193489034723224,0.0013601936638599004],[4.019821156599287E-4,1.3782172439436988E-5,0.051447396447380285,1.262281537921372E-4,6.01547395255219E-4,1.0742284049731632E-4,1.1806461869760005E-5,2.2372072513499266E-5,0.015557312766600584,2.534918830618566E-4,1.9457719117934254E-5,0.009917959503939327,1.3817068729892198E-5,5.530377153524686E-4,0.001108744368292228,9.615181934993906E-5,0.026595131740914216,0.006090401016609106,1.0249423390568171E-4,3.613847597377822E-5,2.105835872269367E-5,2.1780948906022975E-4,7.323833289377474E-5,1.1203187798231986E-4,0.0035034557687725057,0.0022351003103980426,1.0,0.01915286662239532,8.810601002637581E-5,2.8834847012275773E-5,6.806812188857363E-5,0.001347277491555899,6.965908152536477E-5,6.387644444981241E-5,0.003205127037509419,7.020535634608467E-4,1.4422168080869036E-4,7.730065776601826E-5,5.4270034115905895E-5,1.8243146783438128E-4,1.2201470078474033E-5,3.994413817464421E-4,0.0010656203510036176,0.013084477276829444,7.517275528167735E-5,1.3377100109563613E-5,9.022250627795709E-4,5.3652977308785E-5,7.401518914995849E-4,3.609587749830401E-5,4.6335859781786995E-5,3.2411028966300524E-4,1.6644976721838075E-4],[0.003690576474255031,0.02843343560627904,0.05125938022716024,0.02497223247280818,0.025887096235766266,0.037788687965431,0.03928547795823806,0.024227375028091382,0.03168524860253594,0.011128344438041313,0.003863243435443925,0.06173497614363273,0.00755248558918769,0.03319756398853392,0.023387081601303237,0.0016947849339005365,0.04372863831135991,0.03437057574109489,0.02027218046666142,0.027778465645404517,0.022356686675560573,0.013860559698284437,0.02816013851420156,0.04131191593997894,0.026581363806196905,0.008304894569602888,0.01915286662239532,1.0,0.028602021794197744,0.018969503354447758,0.03994043949586632,0.003913510209778136,0.01353232943849627,0.018555774028357667,0.03609271967639651,0.02930382300553663,0.02833911950053667,0.013664713163110352,0.013296745766501366,0.027826904114591926,0.00839967284465782,0.022943031056718095,0.02032739490045795,0.03206007116440481,0.009974485203654375,0.0028868560329376063,0.031153609827084282,0.03680588825604239,0.003700178740667869,0.009651323689213181,0.0201098752882999,0.025794436097295707,0.01307563584925291],[4.91125178715194E-4,7.152490893573785E-5,0.03586841432818246,5.074387010295265E-4,0.001129101257548443,4.370334057094184E-4,7.226398155349128E-4,5.236909087098699E-4,0.0018916662359785997,9.742612121485424E-4,2.46335547954714E-4,0.020161184493965836,7.434153945749045E-4,9.270253778704441E-4,9.19678043780114E-4,4.7322091905221557E-4,0.014483521712436827,0.006591075093277365,4.7106640307379864E-4,3.227689043796651E-4,3.4297245605683334E-4,8.882212787362832E-4,2.3761556139107658E-4,3.0587260341995636E-4,0.005482165236006388,0.002601590350244298,8.810601002637581E-5,0.028602021794197744,1.0,6.106140570744465E-4,7.815518372267019E-4,0.0012515757853679517,5.482129382267022E-4,5.714530461452081E-4,0.004482362931758824,8.953297930158572E-4,5.092199669138537E-4,7.980792104932471E-4,7.131727875006299E-4,0.0010179635678780993,8.90060978288534E-4,0.004773300999730998,9.024374944547799E-4,0.01263000715533906,8.392109536084818E-4,8.070579991935483E-5,9.428332152784804E-4,7.101485697587341E-4,0.001007219926960157,4.333915810721447E-4,6.866526240992519E-4,7.413604152290984E-4,6.111623891256183E-4],[1.1325840307361566E-4,3.832773544285145E-5,0.021276077370223655,8.812818537694931E-5,4.001261542233434E-4,9.476226790841289E-5,1.5131533527953252E-5,9.5879475232294E-5,0.014843260868938375,8.401218289115409E-5,8.483967573142162E-5,0.002901794013893115,4.364014430564139E-5,6.952831924639916E-4,0.0010552250107428642,7.017842606953299E-5,0.037447677793345804,0.004545915126260579,8.067774208771303E-5,7.331529675256668E-5,3.58135865763183E-5,6.0096233884053795E-5,5.394537665741669E-5,1.1883919510234691E-4,0.004285547927112486,5.732446768670394E-4,2.8834847012275773E-5,0.018969503354447758,6.106140570744465E-4,1.0,1.2655547639764126E-4,0.0018990625634614795,1.1355257664922243E-4,1.2087704977303852E-4,0.004626020252529211,8.352755426132174E-4,9.289655672421553E-5,6.669087087402383E-5,9.92330944764833E-5,3.7834179094272844E-4,1.466573472108377E-5,0.007030589417406878,8.327907810805665E-4,0.016022836377097973,1.761412590108354E-4,1.7888680201267496E-5,7.85838281963564E-4,9.395658528192472E-5,0.001073618553354162,2.2714040245802857E-4,1.6521131648667304E-4,5.193182575461425E-4,8.864180903022569E-5],[4.628455175321544E-4,2.2847973604329922E-5,0.048988604006969895,1.3330368377670177E-4,6.738560470997596E-4,1.4584038557495898E-4,6.348283027426572E-5,1.708958407760254E-4,0.015223131795414754,0.0010317069738724361,1.704727108671682E-4,0.04803844398399343,7.022670466997958E-5,7.457855039463737E-4,8.764512033014498E-4,1.5689393980276072E-4,0.04495735734953257,0.0013384003737963092,1.2475556644017004E-4,1.5284863345141838E-4,4.395817291067424E-5,1.6177365058213253E-4,9.677503100976443E-5,1.334178598686647E-4,0.007775495956068686,0.0018979319677208688,6.806812188857363E-5,0.03994043949586632,7.815518372267019E-4,1.2655547639764126E-4,1.0,2.104257579879585E-4,1.8667022695533408E-4,1.3720506749946912E-4,0.001494983434651134,3.614639116684461E-4,1.7084802110252451E-4,1.37028109242102E-4,1.3605202210647402E-4,3.8789263462801554E-4,1.1911646596595216E-4,0.006470156925847967,5.961861067440054E-4,0.019118832777092306,1.519253819439629E-4,8.489892334527876E-5,9.796726413999503E-4,1.6007237481497082E-4,4.7857282776658956E-4,2.2848144490536992E-4,1.5130296241849925E-4,5.471140800364725E-4,1.7989726001006176E-4],[0.0018777872840022366,6.327332350094759E-4,0.09392054521249148,0.0013480741819656098,0.001729672194616406,6.673259587409143E-4,4.447447824433183E-5,2.8487373402131627E-4,0.0036610181772492797,0.0013955703311807385,0.0018205170151714889,0.030834351534215758,0.0021689850439688737,0.0016857400753934196,0.0019342972386657254,3.326963585016426E-4,0.012854269349214006,0.0066023063200841585,4.40052627428196E-4,6.804492858936899E-4,8.978678712483806E-4,0.0014871651963696247,9.283817649467777E-4,0.0010421071055693569,0.006816988371125528,0.002389838488095441,0.001347277491555899,0.003913510209778136,0.0012515757853679517,0.0018990625634614795,2.104257579879585E-4,1.0,7.819702949979389E-4,0.001486215105754748,0.003941148425543401,0.002137701644112127,7.004820435621582E-4,0.0013054115161943425,0.0014341658388339453,0.0020030392845627374,0.0018076251435196358,0.015133169804814987,0.0010727264150790815,0.014126352267355424,0.0016133839826411396,9.357535550827155E-4,0.0013864390530005295,0.0013941332225869277,0.001719897145827019,0.001673452780899821,2.8732736859765466E-4,0.001744147678040111,0.0018829590593972012],[2.9209392782861314E-4,2.1466080815212267E-5,0.05644225175533707,2.4723591791682615E-4,3.185519896431404E-4,2.0956575853175395E-4,9.93085000351252E-5,1.9452102660154043E-4,0.0084657645262464,9.921871635610773E-4,2.2792315091169554E-4,0.019197780333063824,1.749629719613027E-4,7.019870247307738E-4,7.474308799696502E-4,2.1083674790840106E-4,0.022409296804514145,0.002809987773155281,1.326337312568854E-4,2.3324169282402493E-4,1.8333834662706138E-4,2.861953311165569E-4,1.42508980680895E-4,1.3801324395759768E-4,0.0030034380006823146,9.5834683987755E-4,6.965908152536477E-5,0.01353232943849627,5.482129382267022E-4,1.1355257664922243E-4,1.8667022695533408E-4,7.819702949979389E-4,1.0,2.342036343343919E-4,0.0013833642858758202,5.417460018712255E-4,2.461202704495321E-4,2.215840668004012E-4,1.7782007668812566E-4,7.007155435721976E-4,1.5294675916170824E-4,0.003739937990227296,7.227675126833819E-4,0.007877921982236726,2.869807574255036E-4,6.085127310254767E-5,0.0010110274386632813,2.3548074418809474E-4,9.590009688182199E-4,2.475629360444849E-4,2.486677903264677E-4,3.985600179022133E-4,1.8537697503984913E-4],[2.6340847013084216E-4,6.298641791747063E-5,0.04858368938146453,1.2692565667310699E-4,0.0010851790051949473,1.3354489194162587E-4,7.931588507970009E-5,1.2916123893115208E-4,0.005410112547701118,0.0010723082866291164,1.3674432546666824E-4,0.05986240929390798,6.391663712942531E-5,7.624367412045056E-4,3.090416311665717E-4,1.2727829063090593E-4,0.013870785246301452,0.0025224178245997577,1.239733679537514E-4,1.761391201438846E-4,7.348568024309862E-5,2.601990562373246E-4,8.412793222134217E-5,1.267031369191828E-4,0.0017459159270895937,8.366534221385803E-4,6.387644444981241E-5,0.018555774028357667,5.714530461452081E-4,1.2087704977303852E-4,1.3720506749946912E-4,0.001486215105754748,2.342036343343919E-4,1.0,3.215374800144261E-4,5.096807027587683E-4,2.0826732856285692E-4,1.368829691753729E-4,1.2216619399279312E-4,3.2002282724529044E-4,9.352487090560963E-5,0.007187182282895261,8.02543811271111E-4,0.013449148028149106,2.9667358498975803E-4,1.2410694353395292E-4,6.252904513432325E-4,1.4430495016416682E-4,6.011437882015139E-4,1.5324794604412674E-4,1.9681846581124545E-4,4.719917140916507E-4,1.3650626303371075E-4],[0.0025526677610639365,9.692869486068568E-4,0.05848465858338063,8.053694296145193E-4,0.004330702926301799,0.0032498715894862997,0.0036761387525316622,0.003157145476992264,0.0157059417800769,0.0036481463897052122,0.0013107893123270892,0.00801903648158512,0.002716287059026531,0.003511739228424939,0.002997943965500651,0.00258380740038132,0.012777288255764513,0.005167801808718131,0.0029933270660605594,5.372449728849062E-4,7.16465978943199E-4,0.002984487782026702,0.0030607803288784136,0.002170749458784295,0.005642424073391493,0.003749143706980945,0.003205127037509419,0.03609271967639651,0.004482362931758824,0.004626020252529211,0.001494983434651134,0.003941148425543401,0.0013833642858758202,3.215374800144261E-4,1.0,0.0011085864776995734,7.651834180260428E-4,0.003789985456264117,0.0020657202603200885,0.00426039591132148,0.0013858358459690103,0.012191098416028244,0.0013955897132711674,0.012323103817077175,0.001250788927768886,0.004041186057963046,0.0031565026461913667,0.0033469846147881834,0.001520023331104242,0.004042145070985278,0.0015875384664015982,0.0043915515156378055,0.0016758151283057516],[7.226040480258014E-4,8.360351506132529E-4,0.035224406257117695,8.940349769124867E-4,0.0012894104860914123,7.833608065100346E-4,4.4602763303383606E-4,4.525118082141339E-4,0.01114250464574027,0.0012155687993597821,5.452839510958881E-4,0.014985953800053534,7.428163340640672E-4,9.017978579982212E-4,9.363893517920783E-4,6.951220625215273E-4,0.0147575652222708,0.002747424151144829,3.2906069229023176E-4,3.1167965666849967E-4,7.612359952307474E-4,7.963055991119402E-4,1.3171286291448084E-4,5.609518940154021E-4,0.002510911182701232,0.0011377561122539518,7.020535634608467E-4,0.02930382300553663,8.953297930158572E-4,8.352755426132174E-4,3.614639116684461E-4,0.002137701644112127,5.417460018712255E-4,5.096807027587683E-4,0.0011085864776995734,1.0,5.065302748702611E-4,6.815097706135624E-4,6.899660364805646E-4,9.539824810778705E-4,8.908996152731205E-4,0.011450611074835216,0.0010119193973561898,0.00930656601190993,4.2061480579805364E-4,1.5484103161023398E-4,9.772850277416057E-4,3.3961689699459416E-4,0.0011565217885624347,8.082977504882841E-4,5.140584747486919E-4,7.414122583077919E-4,4.315544778275706E-4],[4.061895749937186E-4,1.2768341417952452E-4,0.08259093625990112,1.905486238803842E-4,6.792139410102128E-4,2.113802446618349E-4,6.310495562765143E-5,2.18119605312726