[[1.0,8.13339214162572E-5,2.4608653071812258E-5,1.2577685403539134E-4,0.007925788572853885,0.0012463220914350828,2.5315484492757475E-4,0.0014255605788810494,1.3263689353051864E-4,5.873322543641794E-5,2.2169112155649484E-4,0.0013113271920805628,0.002078964684207071,1.448931847028124E-4,2.021658777634318E-5,4.758561876709508E-4,7.01768082087468E-5,0.020915727135859267,5.3509022917188226E-5,2.8244019303176627E-5,1.9269944112599034E-4,6.493652312685946E-4,3.3912639195722674E-5,1.0877372219004678E-4,0.002282625905019434,1.0952255189057417E-4,0.012325377990742667,6.69982958155951E-4,6.367841615642641E-5,0.0011565163397302609,1.2925487062028814E-4,8.922278262644376E-5,5.056503048801573E-4,0.02272818366250791,1.8178024723780163E-5,3.179109158278576E-5,0.0018572053601936826,0.012009920867592436,2.8024492428690677E-5,0.0011673129047462733,2.034564371610608E-4],[8.13339214162572E-5,1.0,1.2590526689631472E-4,1.530032059336813E-4,0.007246637126477014,8.125560365954577E-4,1.9799008950041535E-4,0.0016447845678200066,2.0087667359234312E-4,2.6220680292617717E-4,2.1353374341920653E-4,5.108545701967601E-4,0.001724503034501989,1.727994910277508E-4,1.958580926367426E-5,5.374074827276482E-4,1.423090732392182E-4,0.012337483194149209,2.0749711978446572E-4,1.4048365948056746E-4,7.958521839142852E-4,7.189697313527294E-4,1.1740920541351876E-4,1.648636778039767E-4,4.317322815530229E-4,4.525412251610035E-4,0.007127171328568848,0.006432153073599286,2.768206173668679E-4,0.0015493641923167538,1.426090098479249E-4,1.8347663595912682E-4,0.0012724543732284032,0.02384266123019641,1.5470718902637192E-4,2.541826661740954E-4,0.0011436947694327664,0.009877861918244281,1.2388646830307405E-4,2.3102140367737753E-4,2.345162803496073E-4],[2.4608653071812258E-5,1.2590526689631472E-4,1.0,4.989401936445963E-5,0.004850394904020986,0.0010844031911666457,6.395895566034619E-5,6.349835988995316E-4,1.0150144248535552E-4,1.849029412535776E-4,3.334677860758546E-5,0.0014454572917929325,0.002573917824277037,3.799712916869901E-5,1.7679093080907017E-5,2.480519612746347E-4,3.877410879169875E-5,0.007661994263705956,2.1030065300140554E-4,2.6983246871667042E-5,6.203215406767798E-4,5.01682555062568E-4,3.254485129138533E-5,5.6239955357456544E-5,0.001910649022483321,6.039666070438291E-4,0.003926961798233066,0.00444204643669147,1.819827540932597E-4,0.0013282301989390574,8.815845422892789E-5,1.663888619481678E-4,0.001423266008610379,0.011542792157789411,1.3427565443627014E-5,2.6518893664472963E-4,9.828990620020287E-4,0.0061344985360515525,2.0459970272985853E-5,6.76574391565356E-4,5.550420179638864E-5],[1.2577685403539134E-4,1.530032059336813E-4,4.989401936445963E-5,1.0,0.0109342065781699,8.705084563195452E-4,2.095350189856551E-4,0.0016033720992229147,1.7865827431478052E-4,2.191113227993934E-4,2.481524382052417E-4,0.0010335462241308807,0.0028567228791530914,1.5587736051136955E-4,6.432683087749088E-5,4.1347042023469804E-4,1.3819636464291462E-4,0.01779376057496365,1.6977457343087378E-4,3.0160152161140197E-5,9.833066435357125E-4,9.517491372061672E-4,1.3079844449620485E-4,1.544892738498619E-4,0.0022874847310444977,2.3388092546222232E-4,0.010876017869549736,0.00917766394061143,1.6836005814664402E-4,0.002225038566861693,1.5090282451326128E-4,1.734289866291755E-4,0.0010629816350057819,0.004110427577492454,1.0429125797400442E-4,1.789985804213988E-4,4.640413364473668E-4,0.0026845882230694296,1.2782364395748933E-4,3.387906870879098E-4,2.2825167496694524E-4],[0.007925788572853885,0.007246637126477014,0.004850394904020986,0.0109342065781699,1.0,0.001850227306044689,0.0103162276841153,0.009350979446156309,0.003933426993127425,0.009267707598954317,0.011646123046782184,0.012223976603865733,0.005758473652163769,0.007813311524478662,0.009620436139067401,0.0026009228438576117,0.006091695050390814,0.015098344102627604,0.0021133763668273768,9.711892171710895E-4,0.0030555243738725237,0.006658072268460777,0.011632419358911773,0.0092436098264691,0.011584266697100377,0.003187260597629579,0.013402027158821214,0.012259586883199555,0.003989866006059564,0.0031417318538463327,0.007910161256536706,0.009294959636500382,0.009172921339029192,0.01816484169408995,0.010752804435053753,0.0046418603656863955,0.005920094305000014,0.015806595852574885,0.011305115845084339,0.012129799706737531,0.00294174461321818],[0.0012463220914350828,8.125560365954577E-4,0.0010844031911666457,8.705084563195452E-4,0.001850227306044689,1.0,0.0012386875235233445,0.001635886391970862,5.60682698402176E-4,8.763591778793334E-4,3.151127183744953E-4,0.0013961496598980771,0.0018495734213900385,3.466816970919051E-4,3.997346704592205E-4,9.290329300078474E-4,2.486798046861783E-4,0.01497718875872308,0.0012131451996426244,8.886482682475161E-4,0.0013424836294122786,0.001052307146895839,9.717978386971122E-4,7.026099859167628E-4,0.001485877462333016,0.001334843939718207,0.006282713209794299,0.0055487495001840925,5.025325366433428E-4,0.002474018315015266,3.016338445786966E-4,8.304582148944094E-4,0.001510115534123616,0.013476724448171046,9.665066095292353E-4,5.199544427910614E-4,0.001877639333625058,0.012715152897325796,5.881596087646408E-4,0.001752222197720847,7.123745106175511E-4],[2.5315484492757475E-4,1.9799008950041535E-4,6.395895566034619E-5,2.095350189856551E-4,0.0103162276841153,0.0012386875235233445,1.0,4.602653729385591E-4,2.575008233739241E-4,2.887722297574552E-4,2.851505580758955E-4,7.962790808742938E-4,0.00123046068240608,2.422309290251555E-4,1.1687544653731001E-4,6.611121983110383E-4,2.0645953459449794E-4,0.003845878490793818,2.1824553995698193E-4,1.8049463751971493E-4,6.55257687598313E-4,6.213931595986525E-4,2.457906783853945E-4,1.8129373640493818E-4,0.0013608416495272835,6.463552805004017E-4,0.007215857366495268,0.0033480151447782313,2.7252043228693585E-4,0.0021348949687168286,2.2118725137452056E-4,2.2128397982734482E-4,0.001246323199822559,0.007840102109294013,2.1826819411575855E-4,2.731134654235491E-4,0.00108697647013683,0.01428059120459215,1.4830491969031054E-4,0.0011924318953267484,2.521632765226951E-4],[0.0014255605788810494,0.0016447845678200066,6.349835988995316E-4,0.0016033720992229147,0.009350979446156309,0.001635886391970862,4.602653729385591E-4,1.0,0.001141373812669261,4.95420084328971E-4,0.0011078451690894543,0.0020597143634734872,0.003022892047580659,8.55635400381051E-4,5.860877613179021E-4,9.465207526306046E-4,0.0018996262317993692,0.010287346407057904,6.981866506624102E-4,8.777486704083687E-4,0.002011745693216907,0.0012196912302105958,0.0016136728564734547,0.001993137003574638,0.003002518928268187,0.0014846586032688557,0.002903043798415419,0.00684939975052649,0.0017850692871450595,0.0021197492314452104,9.560178180787214E-4,0.0012495663548058784,0.0017759359397784295,0.01774367535409942,4.494807278795149E-4,5.58580711189724E-4,0.002166847224739795,0.007170817636259494,9.119182086863576E-4,0.0023049267476251225,0.001973709712298916],[1.3263689353051864E-4,2.0087667359234312E-4,1.0150144248535552E-4,1.7865827431478052E-4,0.003933426993127425,5.60682698402176E-4,2.575008233739241E-4,0.001141373812669261,1.0,3.1766395687361E-4,2.2872157446333205E-4,4.320696700076817E-4,3.7933612372437073E-4,1.8874942212110304E-4,2.0642588269818399E-4,2.371732337876221E-4,1.4163978122487563E-4,0.017514882613951076,2.248880146169524E-4,1.9269788800510478E-4,0.0010100265002228558,4.0827528411155106E-4,1.8049296962520338E-4,2.024035931705605E-4,0.002224129404003465,2.4169235852027475E-4,0.005132916730034423,0.008337789902808916,2.3183121314444057E-4,0.0021245156864934897,1.9713258089095639E-4,2.2697627041932833E-4,4.959478681357979E-4,0.013163134334507961,6.92139721760643E-5,2.6694576973986667E-4,4.4365229083643794E-4,0.005012346245133322,2.2070214172693537E-4,0.0012860173949366008,2.2834546465482243E-4],[5.873322543641794E-5,2.6220680292617717E-4,1.849029412535776E-4,2.191113227993934E-4,0.009267707598954317,8.763591778793334E-4,2.887722297574552E-4,4.95420084328971E-4,3.1766395687361E-4,1.0,3.8661422262403116E-4,5.867346663796103E-4,0.001076018010613655,3.130849061964907E-4,3.041804764244137E-4,6.547791041630138E-4,1.3683185608927474E-4,0.016568320576666958,3.917928966420917E-4,1.5123405556588746E-4,0.0011712584394754115,5.70498462134874E-4,4.041562634769875E-4,2.07131177881018E-4,5.583318687513791E-4,6.209181142048214E-4,0.0016597016908564536,6.454192067766964E-4,3.864948354457777E-4,8.419687126427207E-4,1.633555499418292E-4,2.0473892379552005E-4,0.0013920786037185163,0.01636086498555742,2.5013801354381316E-4,3.212141642463921E-4,9.144587378154444E-4,0.016337564095712923,1.0641616025852392E-4,9.389935145552881E-4,3.6096360634261393E-4],[2.2169112155649484E-4,2.1353374341920653E-4,3.334677860758546E-5,2.481524382052417E-4,0.011646123046782184,3.151127183744953E-4,2.851505580758955E-4,0.0011078451690894543,2.2872157446333205E-4,3.8661422262403116E-4,1.0,0.001184009542473334,0.0029945202272854054,2.809870570971051E-4,2.3852904312751674E-4,3.4029404464405103E-4,2.2766345966001753E-4,0.013980905645097479,2.7340073747567675E-4,3.6698713266138054E-5,7.339753160420181E-4,9.078010971806682E-4,2.450976148006108E-4,1.9268035347400718E-4,0.0022808879177370514,3.132523346825177E-4,0.006407686285893431,0.007290755805984731,2.8934833807372194E-4,0.002837880518241264,1.642148750214668E-4,1.9964529482357167E-4,0.0015664604111490003,0.007773577856060623,5.114313083382302E-5,2.809685478294225E-4,9.462576359723566E-4,0.014096927081461496,7.703105452939259E-5,0.002046417951019156,2.8308231031012036E-4],[0.0013113271920805628,5.108545701967601E-4,0.0014454572917929325,0.0010335462241308807,0.012223976603865733,0.0013961496598980771,7.962790808742938E-4,0.0020597143634734872,4.320696700076817E-4,5.867346663796103E-4,0.001184009542473334,1.0,0.002454405362461222,0.0012261856734475981,0.0018873052889192892,0.0011345544205979014,7.106696178677823E-4,0.0049638294332706254,0.0010401950233275257,0.001526056218186892,0.0014619950449952883,0.001679389543263994,0.0011334021456081344,0.0010176941702861905,0.0029637952191037707,7.677455510945129E-4,0.010538659788575586,0.005601773407669329,2.866895342682763E-4,0.0026572173651327686,0.002065337567097328,4.146567900962829E-4,0.0019907437355420974,0.012738180240211146,0.0010240775480197938,0.0017740837973400244,0.002340576476419608,0.010001679271045139,0.0011992492665974719,0.002474260555159617,9.342518803536435E-4],[0.002078964684207071,0.001724503034501989,0.002573917824277037,0.0028567228791530914,0.005758473652163769,0.0018495734213900385,0.00123046068240608,0.003022892047580659,3.7933612372437073E-4,0.001076018010613655,0.0029945202272854054,0.002454405362461222,1.0,0.002968330378515708,0.0012726168087811868,0.0019978690781965796,0.0018717600526177913,0.01922352098333529,0.002791038517796232,0.002544966516072105,0.001997350387204513,0.003006246887126135,0.0013409577424198572,0.0023617639945462433,0.0030997688967040007,0.0017275535777736104,0.0048093915379258285,0.010920231013379324,5.796564150282218E-4,0.003016243930757408,0.0021561727101366422,8.027373168997301E-4,0.0026572417920812785,0.02411614882211611,0.002309035514401357,0.0010684983895669986,0.003123936839828676,0.015161832921449844,0.0027633852611114724,0.0029812176787660793,3.8205158016152543E-4],[1.448931847028124E-4,1.727994910277508E-4,3.799712916869901E-5,1.5587736051136955E-4,0.007813311524478662,3.466816970919051E-4,2.422309290251555E-4,8.55635400381051E-4,1.8874942212110304E-4,3.130849061964907E-4,2.809870570971051E-4,0.0012261856734475981,0.002968330378515708,1.0,1.5918323414968548E-4,5.211881109355081E-4,1.3235203112499182E-4,0.021325624390620836,1.8495707421080352E-4,1.3085529088419177E-4,8.651040421674901E-4,4.370121367935217E-4,1.4042298926006052E-4,1.6324084307005454E-4,3.713121134536992E-4,4.8176862363833155E-4,0.004176596865607366,0.008746710759528578,1.7579451638827942E-4,3.240602291141883E-4,1.4187055450675667E-4,1.693941385615145E-4,0.0012924002887827943,0.012429429713987868,1.1248538615400144E-4,1.844443980186693E-4,0.0019340625773123013,0.005134375121349207,1.0984793914482611E-4,0.0016186704655194472,1.713900365363278E-4],[2.021658777634318E-5,1.958580926367426E-5,1.7679093080907017E-5,6.432683087749088E-5,0.009620436139067401,3.997346704592205E-4,1.1687544653731001E-4,5.860877613179021E-4,2.0642588269818399E-4,3.041804764244137E-4,2.3852904312751674E-4,0.0018873052889192892,0.0012726168087811868,1.5918323414968548E-4,1.0,5.353315855806562E-4,6.962149705237307E-5,0.008332272318689772,7.114728568206126E-5,2.5587109094178025E-5,5.53093509299078E-4,2.4558262539592336E-4,1.0943917631414409E-4,1.374411804319061E-4,1.9011911445209742E-4,1.3614116156745687E-4,0.0023764872713568914,6.885303376493604E-4,2.4389160102571543E-4,0.0024027527273535847,3.88629706269922E-5,6.47102962557856E-5,0.0012873155628002108,0.01449341207756774,1.5169329142871619E-5,1.4391393192276114E-4,0.0018044469903812574,0.006139220664339108,1.9614154160523308E-5,0.0024933284850419484,5.127657055652873E-5],[4.758561876709508E-4,5.374074827276482E-4,2.480519612746347E-4,4.1347042023469804E-4,0.0026009228438576117,9.290329300078474E-4,6.611121983110383E-4,9.465207526306046E-4,2.371732337876221E-4,6.547791041630138E-4,3.4029404464405103E-4,0.0011345544205979014,0.0019978690781965796,5.211881109355081E-4,5.353315855806562E-4,1.0,5.812563872639287E-4,0.0026953084291001057,3.453138171367493E-4,1.7230116868382627E-4,8.625959638497502E-4,8.84947965271829E-4,5.572520211844369E-4,5.455166680689961E-4,0.0021288027710281918,6.7260344532628E-4,0.009033954251712013,0.003895520126587818,6.407264057891047E-4,0.0019865563290174595,4.2740072794943227E-4,6.957177780040377E-4,0.0011023582389518233,0.016321248670043753,2.5540424692045157E-4,4.3318819268330593E-4,9.232791653881872E-4,0.009311516568075556,4.183137236600325E-4,0.002009837354855503,6.088935048424247E-4],[7.01768082087468E-5,1.423090732392182E-4,3.877410879169875E-5,1.3819636464291462E-4,0.006091695050390814,2.486798046861783E-4,2.0645953459449794E-4,0.0018996262317993692,1.4163978122487563E-4,1.3683185608927474E-4,2.2766345966001753E-4,7.106696178677823E-4,0.0018717600526177913,1.3235203112499182E-4,6.962149705237307E-5,5.812563872639287E-4,1.0,2.9847746250190495E-4,1.7960789756206523E-4,3.5384820235887646E-5,2.1847862790015562E-4,7.250175014887265E-4,1.177322552209214E-4,1.6066184731411892E-4,4.941875771697697E-4,2.0648076513927764E-4,0.012588612809854169,0.011110387812565466,1.3309140109593406E-4,0.0022091246269700863,1.3277278195568165E-4,1.4453729481851322E-4,0.0015268688832754589,0.0091969726535736,8.351296567356385E-5,2.1309986037505474E-4,4.712760676515112E-4,0.0038830980127722583,1.0712084108025757E-4,5.434011000397876E-4,1.2343756673696457E-4],[0.020915727135859267,0.012337483194149209,0.007661994263705956,0.01779376057496365,0.015098344102627604,0.01497718875872308,0.003845878490793818,0.010287346407057904,0.017514882613951076,0.016568320576666958,0.013980905645097479,0.0049638294332706254,0.01922352098333529,0.021325624390620836,0.008332272318689772,0.0026953084291001057,2.9847746250190495E-4,1.0,0.019470309587766018,0.012946503108340017,0.011394626812926821,0.004233433636167059,0.01793820776755776,0.01722194554903712,0.022214031114273516,0.01827966481583638,0.019274252797720274,0.020768052683376385,0.01615498949891159,0.0033376822328694735,0.0023098107638053994,0.017628631803213023,0.014715138121006523,0.024012188516132973,0.012386309153481859,0.011709776253083578,0.005163529652942298,0.022647493632224156,0.016117338311889644,0.014066971925268318,0.01287975096679891],[5.3509022917188226E-5,2.0749711978446572E-4,2.1030065300140554E-4,1.6977457343087378E-4,0.0021133763668273768,0.0012131451996426244,2.1824553995698193E-4,6.981866506624102E-4,2.248880146169524E-4,3.917928966420917E-4,2.7340073747567675E-4,0.0010401950233275257,0.002791038517796232,1.8495707421080352E-4,7.114728568206126E-5,3.453138171367493E-4,1.7960789756206523E-4,0.019470309587766018,1.0,1.5824922878360118E-4,2.704943904170944E-4,5.55055083571997E-4,1.853095794423713E-4,2.041028116861206E-4,4.761424985253718E-4,4.456045835692213E-4,0.009227777535326508,0.00562748295846368,2.634432695888205E-4,0.0017072879789527997,1.512774130046201E-4,2.1081087941452175E-4,8.394230550588344E-4,0.024561032743890113,2.020137949625297E-4,2.5979065856290314E-4,0.0010622026578773066,0.013372687013384489,3.3708004520725824E-5,0.00259737343430729,2.2115454125010324E-4],[2.8244019303176627E-5,1.4048365948056746E-4,2.6983246871667042E-5,3.0160152161140197E-5,9.711892171710895E-4,8.886482682475161E-4,1.8049463751971493E-4,8.777486704083687E-4,1.9269788800510478E-4,1.5123405556588746E-4,3.6698713266138054E-5,0.001526056218186892,0.002544966516072105,1.3085529088419177E-4,2.5587109094178025E-5,1.7230116868382627E-4,3.5384820235887646E-5,0.012946503108340017,1.5824922878360118E-4,1.0,6.463624667019852E-4,5.022657232348505E-4,8.64214517246282E-5,8.678233767284712E-5,0.0029389930874275396,9.345515332332287E-5,0.0035407324266835266,0.004232841887325146,3.59650728633455E-5,0.0014892995013729158,3.496028132045175E-5,9.021080574008779E-5,2.8919159126854476E-4,0.00789092122910433,1.712634485084804E-5,1.5393346424796766E-4,0.002004257527239019,0.015354389859129323,2.849544876240735E-5,3.873765223584413E-4,1.53125768654346E-4],[1.9269944112599034E-4,7.958521839142852E-4,6.203215406767798E-4,9.833066435357125E-4,0.0030555243738725237,0.0013424836294122786,6.55257687598313E-4,0.002011745693216907,0.0010100265002228558,0.0011712584394754115,7.339753160420181E-4,0.0014619950449952883,0.001997350387204513,8.651040421674901E-4,5.53093509299078E-4,8.625959638497502E-4,2.1847862790015562E-4,0.011394626812926821,2.704943904170944E-4,6.463624667019852E-4,1.0,0.0012108882549032565,5.220018402288297E-4,3.631968616338562E-4,0.0023607969340937243,8.760985182356077E-4,0.007805294968639335,0.005032147773837789,5.304429444731803E-4,0.0016184228123751801,0.0011212432519131076,4.881663851269188E-4,0.001371810915108887,0.004010467109891871,8.991769131862135E-5,0.001010695849312684,0.002429486595228427,0.005297545769832204,0.0010649518868001036,0.0015859623236340094,5.489090915571401E-4],[6.493652312685946E-4,7.189697313527294E-4,5.01682555062568E-4,9.517491372061672E-4,0.006658072268460777,0.001052307146895839,6.213931595986525E-4,0.0012196912302105958,4.0827528411155106E-4,5.70498462134874E-4,9.078010971806682E-4,0.001679389543263994,0.003006246887126135,4.370121367935217E-4,2.4558262539592336E-4,8.84947965271829E-4,7.250175014887265E-4,0.004233433636167059,5.55055083571997E-4,5.022657232348505E-4,0.0012108882549032565,1.0,6.426283446597172E-4,6.81644573129113E-4,0.002457203032779928,9.603340932302304E-4,0.00656245833514323,0.0016258028405188721,4.576101859389115E-4,0.0018409047110488769,6.011619927831866E-4,8.972015437512048E-4,0.0013998901291010584,0.015571836387569314,7.37650279163126E-4,7.674783232507899E-4,0.0010284024615546093,0.011641094160030197,3.548040573435624E-4,0.00204502061689242,3.344075597353962E-4],[3.3912639195722674E-5,1.1740920541351876E-4,3.254485129138533E-5,1.3079844449620485E-4,0.011632419358911773,9.717978386971122E-4,2.457906783853945E-4,0.0016136728564734547,1.8049296962520338E-4,4.041562634769875E-4,2.450976148006108E-4,0.0011334021456081344,0.0013409577424198572,1.4042298926006052E-4,1.0943917631414409E-4,5.572520211844369E-4,1.177322552209214E-4,0.01793820776755776,1.853095794423713E-4,8.64214517246282E-5,5.220018402288297E-4,6.426283446597172E-4,1.0,1.3985687110298396E-4,0.0016731271782342472,2.0184411053947033E-4,3.8171909364692483E-4,0.011685214027933887,1.276551432330314E-4,0.001704757276009044,1.3207915561908715E-4,1.4230177928723054E-4,8.04700180431843E-4,0.009452659652685831,1.973510360809335E-5,2.115371280620811E-4,0.0016630945047767473,0.0019115312552137847,4.190648806936235E-5,0.002420265627383516,2.34044280428902E-4],[1.0877372219004678E-4,1.648636778039767E-4,5.6239955357456544E-5,1.544892738498619E-4,0.0092436098264691,7.026099859167628E-4,1.8129373640493818E-4,0.001993137003574638,2.024035931705605E-4,2.07131177881018E-4,1.9268035347400718E-4,0.0010176941702861905,0.0023617639945462433,1.6324084307005454E-4,1.374411804319061E-4,5.455166680689961E-4,1.6066184731411892E-4,0.01722194554903712,2.041028116861206E-4,8.678233767284712E-5,3.631968616338562E-4,6.81644573129113E-4,1.3985687110298396E-4,1.0,5.203788629310184E-4,2.0807058622436607E-4,0.012422495932437683,0.0018484325067762216,2.329159639076239E-4,0.002510118669275843,1.583219256648065E-4,1.7107837832190981E-4,0.001408030412274032,0.0025901552886363967,1.3353004897724671E-4,2.032251504679863E-4,0.0017232463837017727,0.005002445940399368,1.2731491682114128E-4,0.002137103777594297,1.8386787277632177E-4],[0.002282625905019434,4.317322815530229E-4,0.001910649022483321,0.0022874847310444977,0.011584266697100377,0.001485877462333016,0.0013608416495272835,0.003002518928268187,0.002224129404003465,5.583318687513791E-4,0.0022808879177370514,0.0029637952191037707,0.0030997688967040007,3.713121134536992E-4,1.9011911445209742E-4,0.0021288027710281918,4.941875771697697E-4,0.022214031114273516,4.761424985253718E-4,0.0029389930874275396,0.0023607969340937243,0.002457203032779928,0.0016731271782342472,5.203788629310184E-4,1.0,0.002176368040661509,0.006110728520763445,0.003759098348881876,0.0016917276722793436,0.002951371758206214,0.002371058017409747,0.0017931126678448568,0.001967913916019208,0.01456213474974732,0.002516151694395934,0.0025416550564281307,0.0025432586453526798,0.007844738031124038,8.919654106112984E-4,0.0026876190314156505,0.0019348634806267797],[1.0952255189057417E-4,4.525412251610035E-4,6.039666070438291E-4,2.3388092546222232E-4,0.003187260597629579,0.001334843939718207,6.463552805004017E-4,0.0014846586032688557,2.4169235852027475E-4,6.209181142048214E-4,3.132523346825177E-4,7.677455510945129E-4,0.0017275535777736104,4.8176862363833155E-4,1.3614116156745687E-4,6.7260344532628E-4,2.0648076513927764E-4,0.01827966481583638,4.456045835692213E-4,9.345515332332287E-5,8.760985182356077E-4,9.603340932302304E-4,2.0184411053947033E-4,2.0807058622436607E-4,0.002176368040661509,1.0,0.007942660319331519,0.009547333767497213,5.086756757215131E-4,0.0011968230467435867,6.569353553166603E-4,2.576546615380905E-4,0.0012744585769565652,0.001586141752543657,2.368504043038749E-4,6.621959345279387E-4,0.001372933145206045,0.008804242155611318,3.4129156182141824E-4,9.292558792558669E-4,3.355335432178093E-4],[0.012325377990742667,0.007127171328568848,0.003926961798233066,0.010876017869549736,0.013402027158821214,0.006282713209794299,0.007215857366495268,0.002903043798415419,0.005132916730034423,0.0016597016908564536,0.006407686285893431,0.010538659788575586,0.0048093915379258285,0.004176596865607366,0.0023764872713568914,0.009033954251712013,0.012588612809854169,0.019274252797720274,0.009227777535326508,0.0035407324266835266,0.007805294968639335,0.00656245833514323,3.8171909364692483E-4,0.012422495932437683,0.006110728520763445,0.007942660319331519,1.0,0.012672153133498204,0.007086906465590305,0.011481762349570698,0.003727866838767335,0.004163747505298522,0.0057531625445945665,0.018241468136063612,0.003050166305280327,7.039381098070931E-4,0.004221567882575911,0.015674153560649648,6.49883612909503E-4,0.005708059480625464,0.006095768120818955],[6.69982958155951E-4,0.006432153073599286,0.00444204643669147,0.00917766394061143,0.012259586883199555,0.0055487495001840925,0.0033480151447782313,0.00684939975052649,0.008337789902808916,6.454192067766964E-4,0.007290755805984731,0.005601773407669329,0.010920231013379324,0.008746710759528578,6.885303376493604E-4,0.003895520126587818,0.011110387812565466,0.020768052683376385,0.00562748295846368,0.004232841887325146,0.005032147773837789,0.0016258028405188721,0.011685214027933887,0.0018484325067762216,0.003759098348881876,0.009547333767497213,0.012672153133498204,1.0,0.01054545886849228,0.006948358053188013,0.00835481652527031,0.011715247857016447,0.007825018551924131,0.01715735182994499,8.518646009614297E-4,0.00457181772810789,0.00819460952829125,0.012086856306759214,5.859586102116633E-4,0.009273222107473549,0.0012303401975378076],[6.367841615642641E-5,2.768206173668679E-4,1.819827540932597E-4,1.6836005814664402E-4,0.003989866006059564,5.025325366433428E-4,2.7252043228693585E-4,0.0017850692871450595,2.3183121314444057E-4,3.864948354457777E-4,2.8934833807372194E-4,2.866895342682763E-4,5.796564150282218E-4,1.7579451638827942E-4,2.4389160102571543E-4,6.407264057891047E-4,1.3309140109593406E-4,0.01615498949891159,2.634432695888205E-4,3.59650728633455E-5,5.304429444731803E-4,4.576101859389115E-4,1.276551432330314E-4,2.329159639076239E-4,0.0016917276722793436,5.086756757215131E-4,0.007086906465590305,0.01054545886849228,1.0,0.00168490036178805,2.2628026701809409E-4,2.320276490234611E-4,9.780010245089368E-4,0.01035123500464051,1.4464255782482298E-5,2.821381351483029E-4,0.0017307334792604039,0.012125556040574918,1.1232393169919315E-4,3.6896546075545236E-4,2.54069979810291E-4],[0.0011565163397302609,0.0015493641923167538,0.0013282301989390574,0.002225038566861693,0.0031417318538463327,0.002474018315015266,0.0021348949687168286,0.0021197492314452104,0.0021245156864934897,8.419687126427207E-4,0.002837880518241264,0.0026572173651327686,0.003016243930757408,3.240602291141883E-4,0.0024027527273535847,0.0019865563290174595,0.0022091246269700863,0.0033376822328694735,0.0017072879789527997,0.0014892995013729158,0.0016184228123751801,0.0018409047110488769,0.001704757276009044,0.002510118669275843,0.002951371758206214,0.0011968230467435867,0.011481762349570698,0.006948358053188013,0.00168490036178805,1.0,4.3866725033154673E-4,3.195874108809731E-4,0.0024490842936223433,0.010824220531432062,0.002152691058808492,0.00270642175619773,0.0026142658567637404,0.013411723721165069,8.020265843659323E-4,0.002908656477211712,0.002492155061829688],[1.2925487062028814E-4,1.426090098479249E-4,8.815845422892789E-5,1.5090282451326128E-4,0.007910161256536706,3.016338445786966E-4,2.2118725137452056E-4,9.560178180787214E-4,1.9713258089095639E-4,1.633555499418292E-4,1.642148750214668E-4,0.002065337567097328,0.0021561727101366422,1.4187055450675667E-4,3.88629706269922E-5,4.2740072794943227E-4,1.3277278195568165E-4,0.0023098107638053994,1.512774130046201E-4,3.496028132045175E-5,0.0011212432519131076,6.011619927831866E-4,1.3207915561908715E-4,1.583219256648065E-4,0.002371058017409747,6.569353553166603E-4,0.003727866838767335,0.00835481652527031,2.2628026701809409E-4,4.3866725033154673E-4,1.0,1.7431269435189793E-4,8.390646932785315E-4,0.011272330077643087,8.365275533898232E-5,1.7834530634240563E-4,0.001810022409747794,0.003192090563376787,8.844289613603573E-5,6.142542505286979E-4,2.0925783755438665E-4],[8.922278262644376E-5,1.8347663595912682E-4,1.663888619481678E-4,1.734289866291755E-4,0.009294959636500382,8.304582148944094E-4,2.2128397982734482E-4,0.0012495663548058784,2.2697627041932833E-4,2.0473892379552005E-4,1.9964529482357167E-4,4.146567900962829E-4,8.027373168997301E-4,1.693941385615145E-4,6.47102962557856E-5,6.957177780040377E-4,1.4453729481851322E-4,0.017628631803213023,2.1081087941452175E-4,9.021080574008779E-5,4.881663851269188E-4,8.972015437512048E-4,1.4230177928723054E-4,1.7107837832190981E-4,0.0017931126678448568,2.576546615380905E-4,0.004163747505298522,0.011715247857016447,2.320276490234611E-4,3.195874108809731E-4,1.7431269435189793E-4,1.0,6.790655658573638E-4,0.007327375821410085,4.268679580176994E-5,2.45250460882013E-4,8.844538325007835E-4,0.005052233595241497,1.3296955281121394E-4,0.0011084339057951733,1.9394170926415882E-4],[5.056503048801573E-4,0.0012724543732284032,0.001423266008610379,0.0010629816350057819,0.009172921339029192,0.001510115534123616,0.001246323199822559,0.0017759359397784295,4.959478681357979E-4,0.0013920786037185163,0.0015664604111490003,0.0019907437355420974,0.0026572417920812785,0.0012924002887827943,0.0012873155628002108,0.0011023582389518233,0.0015268688832754589,0.014715138121006523,8.394230550588344E-4,2.8919159126854476E-4,0.001371810915108887,0.0013998901291010584,8.04700180431843E-4,0.001408030412274032,0.001967913916019208,0.0012744585769565652,0.0057531625445945665,0.007825018551924131,9.780010245089368E-4,0.0024490842936223433,8.390646932785315E-4,6.790655658573638E-4,1.0,0.01947118875701434,4.8428367224254045E-4,4.276330563279404E-4,0.0018481707693862937,0.0060092953584468195,9.419084241947657E-4,0.002148403716654556,8.159350772338194E-4],[0.02272818366250791,0.02384266123019641,0.011542792157789411,0.004110427577492454,0.01816484169408995,0.013476724448171046,0.007840102109294013,0.01774367535409942,0.013163134334507961,0.01636086498555742,0.007773577856060623,0.012738180240211146,0.02411614882211611,0.012429429713987868,0.01449341207756774,0.016321248670043753,0.0091969726535736,0.024012188516132973,0.024561032743890113,0.00789092122910433,0.004010467109891871,0.015571836387569314,0.009452659652685831,0.0025901552886363967,0.01456213474974732,0.001586141752543657,0.018241468136063612,0.01715735182994499,0.01035123500464051,0.010824220531432062,0.011272330077643087,0.007327375821410085,0.01947118875701434,1.0,0.00212437152536603,0.003590461615356919,0.013982896247784708,0.021844027266348744,0.004407648913827499,0.007639179866877285,0.024039129173700904],[1.8178024723780163E-5,1.5470718902637192E-4,1.3427565443627014E-5,1.0429125797400442E-4,0.010752804435053753,9.665066095292353E-4,2.1826819411575855E-4,4.494807278795149E-4,6.92139721760643E-5,2.5013801354381316E-4,5.114313083382302E-5,0.0010240775480197938,0.002309035514401357,1.1248538615400144E-4,1.5169329142871619E-5,2.5540424692045157E-4,8.351296567356385E-5,0.012386309153481859,2.020137949625297E-4,1.712634485084804E-5,8.991769131862135E-5,7.37650279163126E-4,1.973510360809335E-5,1.3353004897724671E-4,0.002516151694395934,2.368504043038749E-4,0.003050166305280327,8.518646009614297E-4,1.4464255782482298E-5,0.002152691058808492,8.365275533898232E-5,4.268679580176994E-5,4.8428367224254045E-4,0.00212437152536603,1.0,6.056917776438339E-5,0.0021905493057896093,0.012941419233203218,1.7654591929079622E-5,4.931709459062687E-4,2.4322395017399231E-4],[3.179109158278576E-5,2.541826661740954E-4,2.6518893664472963E-4,1.789985804213988E-4,0.0046418603656863955,5.199544427910614E-4,2.731134654235491E-4,5.58580711189724E-4,2.6694576973986667E-4,3.212141642463921E-4,2.809685478294225E-4,0.0017740837973400244,0.0010684983895669986,1.844443980186693E-4,1.4391393192276114E-4,4.3318819268330593E-4,2.1309986037505474E-4,0.011709776253083578,2.5979065856290314E-4,1.5393346424796766E-4,0.001010695849312684,7.674783232507899E-4,2.115371280620811E-4,2.032251504679863E-4,0.0025416550564281307,6.621959345279387E-4,7.039381098070931E-4,0.00457181772810789,2.821381351483029E-4,0.00270642175619773,1.7834530634240563E-4,2.45250460882013E-4,4.276330563279404E-4,0.003590461615356919,6.056917776438339E-5,1.0,0.0012871231766740242,0.007604754838300678,5.817857118024973E-5,0.0013014713929800313,2.6892253333889496E-4],[0.0018572053601936826,0.0011436947694327664,9.828990620020287E-4,4.640413364473668E-4,0.005920094305000014,0.001877639333625058,0.00108697647013683,0.002166847224739795,4.4365229083643794E-4,9.144587378154444E-4,9.462576359723566E-4,0.002340576476419608,0.003123936839828676,0.0019340625773123013,0.0018044469903812574,9.232791653881872E-4,4.712760676515112E-4,0.005163529652942298,0.0010622026578773066,0.002004257527239019,0.002429486595228427,0.0010284024615546093,0.0016630945047767473,0.0017232463837017727,0.0025432586453526798,0.001372933145206045,0.004221567882575911,0.00819460952829125,0.0017307334792604039,0.0026142658567637404,0.001810022409747794,8.844538325007835E-4,0.0018481707693862937,0.013982896247784708,0.0021905493057896093,0.0012871231766740242,1.0,0.006685052362000258,0.0014355056071563611,0.0025052857338855312,0.0013295306748215712],[0.012009920867592436,0.009877861918244281,0.0061344985360515525,0.0026845882230694296,0.015806595852574885,0.012715152897325796,0.01428059120459215,0.007170817636259494,0.005012346245133322,0.016337564095712923,0.014096927081461496,0.010001679271045139,0.015161832921449844,0.005134375121349207,0.006139220664339108,0.009311516568075556,0.0038830980127722583,0.022647493632224156,0.013372687013384489,0.015354389859129323,0.005297545769832204,0.011641094160030197,0.0019115312552137847,0.005002445940399368,0.007844738031124038,0.008804242155611318,0.015674153560649648,0.012086856306759214,0.012125556040574918,0.013411723721165069,0.003192090563376787,0.005052233595241497,0.0060092953584468195,0.021844027266348744,0.012941419233203218,0.007604754838300678,0.006685052362000258,1.0,0.014519829571080214,0.005573428831400802,0.003641276596121038],[2.8024492428690677E-5,1.2388646830307405E-4,2.0459970272985853E-5,1.2782364395748933E-4,0.011305115845084339,5.881596087646408E-4,1.4830491969031054E-4,9.119182086863576E-4,2.2070214172693537E-4,1.0641616025852392E-4,7.703105452939259E-5,0.0011992492665974719,0.0027633852611114724,1.0984793914482611E-4,1.9614154160523308E-5,4.183137236600325E-4,1.0712084108025757E-4,0.016117338311889644,3.3708004520725824E-5,2.849544876240735E-5,0.0010649518868001036,3.548040573435624E-4,4.190648806936235E-5,1.2731491682114128E-4,8.919654106112984E-4,3.4129156182141824E-4,6.49883612909503E-4,5.859586102116633E-4,1.1232393169919315E-4,8.020265843659323E-4,8.844289613603573E-5,1.3296955281121394E-4,9.419084241947657E-4,0.004407648913827499,1.7654591929079622E-5,5.817857118024973E-5,0.0014355056071563611,0.014519829571080214,1.0,9.101978605913626E-4,2.9763967161956113E-5],[0.0011673129047462733,2.3102140367737753E-4,6.76574391565356E-4,3.387906870879098E-4,0.012129799706737531,0.001752222197720847,0.0011924318953267484,0.0023049267476251225,0.0012860173949366008,9.389935145552881E-4,0.002046417951019156,0.002474260555159617,0.0029812176787660793,0.0016186704655194472,0.0024933284850419484,0.002009837354855503,5.434011000397876E-4,0.014066971925268318,0.00259737343430729,3.873765223584413E-4,0.0015859623236340094,0.00204502061689242,0.002420265627383516,0.002137103777594297,0.0026876190314156505,9.292558792558669E-4,0.005708059480625464,0.009273222107473549,3.6896546075545236E-4,0.002908656477211712,6.142542505286979E-4,0.0011084339057951733,0.002148403716654556,0.007639179866877285,4.931709459062687E-4,0.0013014713929800313,0.0025052857338855312,0.005573428831400802,9.101978605913626E-4,1.0,0.001500373817636521],[2.034564371610608E-4,2.345162803496073E-4,5.550420179638864E-5,2.2825167496694524E-4,0.00294174461321818,7.123745106175511E-4,2.521632765226951E-4,0.001973709712298916,2.2834546465482243E-4,3.6096360634261393E-4,2.8308231031012036E-4,9.342518803536435E-4,3.8205158016152543E-4,1.713900365363278E-4,5.127657055652873E-5,6.088935048424247E-4,1.2343756673696457E-4,0.01287975096679891,2.2115454125010324E-4,1.53125768654346E-4,5.489090915571401E-4,3.344075597353962E-4,2.34044280428902E-4,1.8386787277632177E-4,0.0019348634806267797,3.355335432178093E-4,0.006095768120818955,0.0012303401975378076,2.54069979810291E-4,0.002492155061829688,2.0925783755438665E-4,1.9394170926415882E-4,8.159350772338194E-4,0.024039129173700904,2.4322395017399231E-4,2.6892253333889496E-4,0.0013295306748215712,0.003641276596121038,2.9763967161956113E-5,0.001500373817636521,1.0]]