[[1.0,0.007741991805425217,0.036557453250009024,1.2122343398362772E-4,1.3173474667418764E-4,2.3948885389834442E-4,3.531736173952923E-4,7.876652056259848E-5,7.66433394698886E-5,1.4951166505777498E-5,5.320409539227931E-4,1.1584511740617617E-4,2.0079647121225565E-5,0.0020033156481244173,1.8654864189588294E-4,0.0011885033517661447,2.5578180825749637E-4,0.0010621253725048858,3.9154356949724876E-5,0.001968807082432303,8.32771055032015E-5,0.010397782515032785,0.0010816618198022062,0.011179577678595091,8.459884781143812E-5,1.2246128584611192E-4,1.0337080383666583E-4,1.1368016850246634E-4,0.004212622461205791,6.414639078213883E-4,8.207801746856218E-4,0.004956715217887395,1.019663145880259E-4,3.6647510832892217E-4,1.2939453380835943E-4,1.0809812979433787E-4,1.4165602131952114E-4,0.007537519931805593,6.053361559609195E-4,1.1695054929607336E-4,0.002517195073560316,6.561895966234923E-5,6.779221334333404E-4,6.42081168010532E-5,9.867574803990701E-4],[0.007741991805425217,1.0,0.0431661454751556,0.0059980923737170564,0.0015285071579723651,0.017576485211621876,0.004022044407486772,0.0074022037260713085,5.58649744266452E-4,0.018072958833525485,0.014351560393714859,0.0055655831727242835,0.006579264400605623,0.010191504287533229,0.009863360574564497,0.004919402680542939,0.01109881168743126,0.002984060478972396,0.0021331950614813973,0.02565714862481987,0.0071011281620759125,0.01783240836557697,0.009479685531357071,0.023808784125893864,0.01630496710793288,0.01454835432729152,0.010252611872664031,0.013300812334899678,0.013617885484047812,0.013020044580364338,0.010448217095529934,0.017669722467613214,9.843160662942197E-4,0.004121791333921067,0.011627042315654193,0.008520452461551574,0.013482752005982836,0.014942223419317932,0.011640202107059518,9.45582740324441E-4,0.022621274365260624,0.005353222554523657,0.010402082640172396,0.009394577846306987,0.012921453378471063],[0.036557453250009024,0.0431661454751556,1.0,0.048234875640212324,0.013445597137107794,0.003409035776817935,0.02900367152151421,0.013572656521325253,0.056514061368724056,0.05703651279982031,0.029942435910233278,0.053090068004590506,0.03749241567682805,0.03454226828804132,0.05576774602688001,0.010565728827475033,0.0038889634661453463,0.020117953175867304,0.009649644878174013,0.046258679435247196,0.03658624867342533,0.033001387875271,0.054231908254803354,0.04605252701267615,0.032762949444598524,0.013058812598511802,0.007205248864687723,0.057496001620662505,0.03193388533797087,0.04425536780285656,0.0585176521692723,0.023939901608070878,0.057783227651122156,0.05231928730755766,0.03352724529215645,0.014003402492983576,0.04491485584873265,0.041489130232378164,0.015762191835175104,0.05642216475845732,0.05203170654126735,0.010191012598200239,0.020579230197516972,0.018637853143009857,0.013405524937172402],[1.2122343398362772E-4,0.0059980923737170564,0.048234875640212324,1.0,1.2932953541200674E-4,2.4867304570068606E-4,3.7049091538161687E-4,5.03066491160508E-5,7.165198241962305E-5,2.28304993802406E-5,5.79462743375867E-4,1.1778446348304153E-4,1.170484522765213E-4,0.0020562642685863167,1.493070017999243E-4,7.422453952374901E-4,3.865425933691273E-4,0.0013742925495200658,1.0384124257627037E-4,0.010492808021183627,6.22520677845753E-5,0.004964354908909217,8.755401308535309E-4,0.013758713227312026,8.353825779899356E-5,1.3364687327146457E-4,2.4930193627285355E-5,1.1919576811781016E-4,0.0046719694877169855,2.0776274276395088E-4,0.0017828337891584458,8.634440221077227E-4,1.149457161064722E-4,1.6004564384972377E-4,1.2961442813715622E-4,1.0702876554764241E-4,1.348183502869532E-4,0.008470020002587519,0.0016440659095677927,1.2999525653674537E-4,0.01444241771989735,8.801020424824544E-5,0.0011348041829477217,4.676205726192426E-5,0.0011589817524322193],[1.3173474667418764E-4,0.0015285071579723651,0.013445597137107794,1.2932953541200674E-4,1.0,1.4605879257068298E-4,5.420037341091857E-4,8.359522046435982E-5,4.5172247401930235E-5,1.316305028636054E-4,2.76980033498658E-4,1.2764578484234735E-4,5.786744713673302E-5,5.723613564547881E-4,3.637567134260663E-4,0.0012754476814407793,2.465948623665879E-4,0.0014944501573880393,1.3700364463631119E-5,0.01103272541675956,5.250315046356003E-5,0.00782294120290574,0.001149435338048947,3.478218927392291E-4,1.427816318227085E-4,1.391189177363097E-4,1.1361476984924899E-4,1.41103964101216E-4,0.008398900440419039,7.354472514433558E-4,6.808885688415813E-4,0.0014555694994970046,3.690353300437209E-5,3.6995221444648753E-4,1.4735446085316155E-4,1.1783274314729082E-4,1.619259814943482E-4,0.01146600457049649,6.316791929374859E-4,1.351546514163469E-4,0.02000423554452148,7.767854843797008E-5,9.282536552077023E-4,1.2873889005653283E-4,0.0011962973789735741],[2.3948885389834442E-4,0.017576485211621876,0.003409035776817935,2.4867304570068606E-4,1.4605879257068298E-4,1.0,5.237611578140279E-4,2.2564464791926267E-4,3.313151420706401E-4,1.782051758541655E-4,0.0010126814057483953,3.136357152346068E-4,9.21837159664423E-5,0.0015399575421389368,4.6414568295097166E-4,9.885290839635038E-4,4.526341323445165E-4,6.302786186360871E-4,1.9020853375197099E-4,0.019521713844982788,3.999999437343648E-4,0.009643005417547146,7.155888490005069E-4,0.026633890270214948,2.0550497606397047E-4,4.4182118198512045E-4,1.1879572561316587E-4,2.0347678838824945E-4,0.006414902201757764,5.083720859430819E-4,0.0015880631966318154,0.002738806239641582,1.9417956711321487E-4,4.431000380119403E-4,3.748346785525698E-4,9.160903721351041E-5,3.3543968100520897E-4,0.005222567446410252,7.281765097993408E-4,1.4273620616397911E-4,0.029910444264994552,4.0399989314781075E-4,7.772604850228083E-4,3.854202932201373E-5,8.015691361093872E-4],[3.531736173952923E-4,0.004022044407486772,0.02900367152151421,3.7049091538161687E-4,5.420037341091857E-4,5.237611578140279E-4,1.0,8.100158492353842E-5,2.2843717132695561E-4,2.498346823714379E-4,7.699138812598391E-4,4.5991346261444886E-4,2.485143224981811E-4,8.595828008536347E-4,5.130331421811884E-4,0.0010962279662605119,5.410618656671998E-4,0.0013076809642222128,1.7043336915874868E-4,0.0038989330269782437,1.816485214394114E-4,0.003786884309360908,8.031633514392104E-4,0.002461674413963338,5.618051716354198E-5,5.242896317404922E-4,2.4409182151479322E-4,3.8244178318015573E-4,0.0066889613229983765,6.836787126665991E-4,0.0021949881621826563,8.60124997600006E-4,5.34557322026001E-4,4.5006552846396425E-4,2.2577060470616215E-4,2.444427018822719E-4,3.100906823078516E-4,0.0013314987632799783,0.0017498287916513733,3.664949175139538E-4,0.01798013034210559,1.7502164566158033E-4,0.0013870852307578316,5.026746919069653E-4,0.0012719105336319778],[7.876652056259848E-5,0.0074022037260713085,0.013572656521325253,5.03066491160508E-5,8.359522046435982E-5,2.2564464791926267E-4,8.100158492353842E-5,1.0,2.1564655282788374E-5,1.2547559548433348E-5,4.579608095849685E-4,8.683054409910145E-5,1.692450298492303E-5,0.0014761786001080098,4.3095963499317134E-4,5.481204882917858E-4,4.304486850431196E-4,9.746837792353672E-4,1.4088386635915934E-5,0.011828905756303763,2.07638420497374E-5,0.005838083534464271,7.409663747192254E-4,0.03439284839866167,1.9229853194769217E-5,9.258005209090991E-5,2.1369289210975916E-5,5.153626126557457E-5,0.011184988439407136,3.5396720724406827E-4,0.0010088387891229126,0.0026019725480956046,1.5573288427733972E-5,3.2197733136934086E-4,9.832365186424822E-5,4.540534702699086E-5,1.1574000730885472E-4,0.002252894141828933,0.0017935121733495302,2.114217391583318E-5,0.003868114601149705,1.9885278481737236E-5,4.3645453911277023E-4,1.5720056182394107E-5,0.0011815124982774954],[7.66433394698886E-5,5.58649744266452E-4,0.056514061368724056,7.165198241962305E-5,4.5172247401930235E-5,3.313151420706401E-4,2.2843717132695561E-4,2.1564655282788374E-5,1.0,1.802726357319284E-5,5.155417226879958E-4,6.427035499009567E-5,2.770174896075546E-5,0.0024017766297423043,1.580736597947501E-4,5.1172775747704643E-5,2.6258530894478866E-4,1.9714249887974402E-4,2.3202200224014556E-5,0.028287122688978438,2.947119518272485E-5,0.006114327127100973,9.556437564367733E-4,0.0035318713388908245,2.2554621192877747E-5,3.510944805642892E-5,2.7680655854315192E-5,6.981642395094226E-5,0.001921897629206346,9.163347828938817E-4,6.925579427834658E-4,0.002651719563189826,1.5044301521464865E-5,2.9662805531728507E-5,1.0895438670391982E-4,5.015318231552381E-5,1.664945338547255E-4,0.009654005054086371,0.001744006521061801,8.46854053576474E-5,0.02043705874614446,1.977579814103963E-5,1.7587002066304637E-4,1.3505678762481307E-5,6.892068248805465E-4],[1.4951166505777498E-5,0.018072958833525485,0.05703651279982031,2.28304993802406E-5,1.316305028636054E-4,1.782051758541655E-4,2.498346823714379E-4,1.2547559548433348E-5,1.802726357319284E-5,1.0,7.548606510912279E-4,6.881931864191263E-5,1.199395812772768E-5,0.001108512882517808,1.565595713615512E-4,9.346859519853767E-4,1.8525557584510082E-4,0.001253214204148204,1.1764276464500615E-5,0.011855050040259399,1.3444952904006627E-5,0.01106801192922002,1.6105110470592465E-4,0.027795422937002375,1.471375201329012E-5,1.1172823021741497E-4,1.0878357036098418E-5,6.696121952394726E-5,0.007253815987498162,4.246096272128357E-4,0.0012492857036692547,0.001106046042746962,1.1287785836363367E-5,2.1258858631982986E-4,1.4159819675098383E-4,1.66023696802637E-5,1.2237199695312604E-4,0.01284876362279199,6.754436837544169E-4,4.409128533689853E-5,0.03932845602178676,1.7675158180489085E-5,0.0014214217002482758,1.0909658189789135E-5,0.0012859693055990132],[5.320409539227931E-4,0.014351560393714859,0.029942435910233278,5.79462743375867E-4,2.76980033498658E-4,0.0010126814057483953,7.699138812598391E-4,4.579608095849685E-4,5.155417226879958E-4,7.548606510912279E-4,1.0,1.7601163536659918E-4,7.612643212641466E-4,0.002318850713414792,5.1970395753052E-4,0.0012732120762457316,4.7178489194445096E-4,0.0013382843130009831,4.208951229773885E-4,0.027108497760442125,5.281228847117142E-4,0.005147162673711531,0.0011438198592248262,0.0335005150166242,3.500109856947274E-4,9.851167573658533E-4,1.1173473617083948E-4,5.436029427111323E-4,0.010539758517130467,0.0010245220520849327,0.0015717612912107264,0.0022508869841942414,5.7294977630105536E-5,4.036849050259657E-4,4.2993721033091515E-4,9.509556368583526E-4,8.932186311266099E-4,0.009461837403818106,0.0023012205098760083,7.097019624425039E-4,0.03546500887175242,8.356492173061475E-5,0.0013802658790988535,5.445275031707136E-4,0.0011515745514744464],[1.1584511740617617E-4,0.0055655831727242835,0.053090068004590506,1.1778446348304153E-4,1.2764578484234735E-4,3.136357152346068E-4,4.5991346261444886E-4,8.683054409910145E-5,6.427035499009567E-5,6.881931864191263E-5,1.7601163536659918E-4,1.0,1.0610650141712844E-4,0.0010024438068962796,1.6417260798298416E-4,9.303164591317682E-4,2.8772849970000463E-4,7.574222585220885E-4,1.0187017355482615E-4,0.028639999938102918,6.470803264738087E-5,0.0030891361361275217,0.0010319956345466938,0.025611345585525008,1.0624261560040353E-4,1.3096551189586454E-4,1.0456171633013895E-4,1.1646215251567875E-4,0.0071063253122493,0.0010016379751816324,2.72687666374025E-4,0.003857435690182391,1.0108275972249392E-4,2.641419457837523E-4,1.2014022963986599E-4,7.936782603084568E-5,1.6106935859758816E-4,0.011864143969974346,0.0013747389409094857,1.2825822198000273E-4,0.023953477102150112,9.893055679782031E-5,7.769532849902685E-4,1.9475454267834136E-5,2.662943778664336E-4],[2.0079647121225565E-5,0.006579264400605623,0.03749241567682805,1.170484522765213E-4,5.786744713673302E-5,9.21837159664423E-5,2.485143224981811E-4,1.692450298492303E-5,2.770174896075546E-5,1.199395812772768E-5,7.612643212641466E-4,1.0610650141712844E-4,1.0,0.0015726791444779491,5.567656272458889E-5,0.0010284369176295528,2.157713610737064E-4,2.0892641255542159E-4,1.2805033245377173E-5,0.026630239701019603,1.9770565255101114E-5,0.0021919989016537487,8.938660827764164E-4,0.01735464500649217,1.6155914031068136E-5,1.1304276989439858E-4,1.605107745216376E-5,3.49237861624825E-5,0.012096935542562512,1.9427534343421492E-4,0.002043671186952424,0.004176459257954135,1.2294515547651708E-5,2.1476626435339044E-4,1.3877801688150828E-4,5.1171097183756026E-5,1.7749522506475563E-4,0.008691235150585931,8.13139717533499E-4,4.165701105943673E-5,0.014244042110571292,1.618426194069631E-5,0.0014512928050856072,1.143210338214885E-5,8.571715924890462E-4],[0.0020033156481244173,0.010191504287533229,0.03454226828804132,0.0020562642685863167,5.723613564547881E-4,0.0015399575421389368,8.595828008536347E-4,0.0014761786001080098,0.0024017766297423043,0.001108512882517808,0.002318850713414792,0.0010024438068962796,0.0015726791444779491,1.0,0.001404238875926379,0.0016227626453816089,0.001778490945508378,0.0017407011762379486,0.001325051941648274,0.029506565155114267,0.0011843739883112185,0.010983190557368124,0.0021876292686244846,0.03289294831363879,0.0014614039965039293,9.94827922094813E-4,0.0011827434737049524,0.001986515594914973,0.006803774475638583,0.0017692154344520006,0.002414574652357343,0.004563691876516867,1.1136074286023312E-4,0.0016920743401619403,0.002101845157825661,0.00126521826843328,7.92169055789749E-4,0.0093032916921333,0.002800731678189022,7.513776029465931E-4,0.030841318340845386,6.465548416888091E-4,0.0017948604445555876,0.001584104218357441,0.0020028585340998964],[1.8654864189588294E-4,0.009863360574564497,0.05576774602688001,1.493070017999243E-4,3.637567134260663E-4,4.6414568295097166E-4,5.130331421811884E-4,4.3095963499317134E-4,1.580736597947501E-4,1.565595713615512E-4,5.1970395753052E-4,1.6417260798298416E-4,5.567656272458889E-5,0.001404238875926379,1.0,0.0012905046083068299,4.683951577085728E-4,0.0010202411088053606,4.695699770662276E-4,0.004919898108389711,1.4820687199312764E-4,0.004132920224019393,5.030640054506341E-4,0.027705942470440118,1.639618059426618E-4,2.3627506351098375E-4,2.905311718664741E-5,1.8039305452810772E-4,0.008516002008174943,9.133704279362444E-4,0.0012455044266052962,0.004239874392068332,4.3999909323213653E-4,4.024667491025234E-4,3.791557174906637E-4,3.355383135672043E-4,3.917960659165776E-4,0.006478330346783649,0.0010488147662150306,3.465117944852383E-4,0.005711112868314759,1.7461847764871054E-4,0.0012492112984771376,1.678837726599533E-4,0.0010112460025112123],[0.0011885033517661447,0.004919402680542939,0.010565728827475033,7.422453952374901E-4,0.0012754476814407793,9.885290839635038E-4,0.0010962279662605119,5.481204882917858E-4,5.1172775747704643E-5,9.346859519853767E-4,0.0012732120762457316,9.303164591317682E-4,0.0010284369176295528,0.0016227626453816089,0.0012905046083068299,1.0,7.432520542690955E-4,0.001361817210329081,5.683872029505435E-4,0.007180456049292003,3.828550091566081E-4,0.0027371492769512748,0.001285040241183121,0.028874687027725793,9.97720661127785E-4,7.67312742059948E-4,5.257311187169659E-4,0.0012113972460118313,0.004084795630080839,0.0011287371422139608,0.0021898849102507624,0.0029613000200034018,4.155006571009508E-5,0.001289950802182456,4.2880330340268986E-4,4.6081470657082484E-4,8.780751659370222E-4,0.005519947571990732,0.002284246785762946,7.94340881215507E-4,0.03830073234883147,3.030604498410361E-4,0.0013829811962492735,1.7702574499818256E-5,0.0013444460877157143],[2.5578180825749637E-4,0.01109881168743126,0.0038889634661453463,3.865425933691273E-4,2.465948623665879E-4,4.526341323445165E-4,5.410618656671998E-4,4.304486850431196E-4,2.6258530894478866E-4,1.8525557584510082E-4,4.7178489194445096E-4,2.8772849970000463E-4,2.157713610737064E-4,0.001778490945508378,4.683951577085728E-4,7.432520542690955E-4,1.0,7.291071112803759E-4,3.912647279823528E-4,0.006065182775075127,2.3280009101506259E-4,0.008296893704455613,8.421297215302318E-4,0.010432551498760764,4.265662227100992E-4,2.1257429159878338E-4,4.175208361224148E-4,2.2232831234322576E-4,0.003929848462170942,7.483492348367268E-4,8.601585915231158E-4,0.0044570342925880045,2.9199305565512287E-4,4.4022661279283557E-4,4.255532808579302E-4,3.059628209427417E-4,4.5306466940322424E-4,0.008386657385613283,0.0011872437612631685,2.7039800595373114E-4,0.037440240019254105,2.936138501636826E-4,5.388077244743437E-4,4.4816381117822844E-4,6.240889043873685E-4],[0.0010621253725048858,0.002984060478972396,0.020117953175867304,0.0013742925495200658,0.0014944501573880393,6.302786186360871E-4,0.0013076809642222128,9.746837792353672E-4,1.9714249887974402E-4,0.001253214204148204,0.0013382843130009831,7.574222585220885E-4,2.0892641255542159E-4,0.0017407011762379486,0.0010202411088053606,0.001361817210329081,7.291071112803759E-4,1.0,0.0012370824051227837,0.019401901211770364,4.928805576180806E-4,0.010948721345446425,0.0014963867494246284,0.030341707013679768,4.4086626137447446E-4,5.358786126822939E-4,4.129117291479584E-5,0.0010430940812316807,0.011098143758537238,0.0013396197364271543,0.001665059114230905,0.004961229718150615,8.654951900672239E-4,4.105072337752687E-4,5.278017509585872E-4,5.799416647065625E-4,6.127628047733625E-4,0.0016811332696562203,0.001691298332615904,1.5398124840980423E-4,0.03995238905171386,5.061331376685547E-4,0.0015383270711567846,0.0011183644584255108,0.0014106987892256854],[3.9154356949724876E-5,0.0021331950614813973,0.009649644878174013,1.0384124257627037E-4,1.3700364463631119E-5,1.9020853375197099E-4,1.7043336915874868E-4,1.4088386635915934E-5,2.3202200224014556E-5,1.1764276464500615E-5,4.208951229773885E-4,1.0187017355482615E-4,1.2805033245377173E-5,0.001325051941648274,4.695699770662276E-4,5.683872029505435E-4,3.912647279823528E-4,0.0012370824051227837,1.0,0.023187249505519855,2.4703793504281953E-5,0.007217529525570712,9.019060857349627E-4,0.0015521679660888783,1.7161358648721724E-5,8.69939580949162E-5,1.5664185115372925E-5,5.2465203370199594E-5,5.156551413555066E-4,6.922285471122022E-4,0.001170877031177074,0.004061547815964856,1.2771270018569072E-5,2.0905319338874223E-5,7.170216400929573E-5,2.0603765634294244E-5,1.4845251170325532E-4,0.013447533565414595,3.4541863378639056E-4,1.00240358581133E-4,1.1430805912248175E-4,1.9085192320928105E-5,0.0010024837974339275,1.1749647902272655E-5,3.148623332864554E-4],[0.001968807082432303,0.02565714862481987,0.046258679435247196,0.010492808021183627,0.01103272541675956,0.019521713844982788,0.0038989330269782437,0.011828905756303763,0.028287122688978438,0.011855050040259399,0.027108497760442125,0.028639999938102918,0.026630239701019603,0.029506565155114267,0.004919898108389711,0.007180456049292003,0.006065182775075127,0.019401901211770364,0.023187249505519855,1.0,0.03005912786304213,0.01887563392450284,0.0274348046818526,0.03485779976516895,0.009885383599975331,0.006237113562740169,0.027708585821803394,0.01148881419943348,0.01685636256342268,0.004880077583724118,0.025541867445016277,0.013611664073935182,0.003560659500546051,0.018928305167469833,0.004161644886296796,0.01342227617664358,0.002504172938183945,0.020814448951046505,0.014954354562615436,0.02993972237193529,0.04064049001554089,0.013204906205658735,0.007814305972146328,0.019711438312320684,0.00921496398611544],[8.32771055032015E-5,0.0071011281620759125,0.03658624867342533,6.22520677845753E-5,5.250315046356003E-5,3.999999437343648E-4,1.816485214394114E-4,2.07638420497374E-5,2.947119518272485E-5,1.3444952904006627E-5,5.281228847117142E-4,6.470803264738087E-5,1.9770565255101114E-5,0.0011843739883112185,1.4820687199312764E-4,3.828550091566081E-4,2.3280009101506259E-4,4.928805576180806E-4,2.4703793504281953E-5,0.03005912786304213,1.0,0.010441081220613473,9.879024970718286E-5,0.020944355823288713,2.845773047772307E-5,1.0809529374091273E-4,2.4451266973470637E-5,8.419320323801992E-5,0.008968877362128563,4.526894869189262E-4,0.0012030486085483137,0.0036729106123788583,1.9999624135653034E-5,3.758089971205603E-4,7.880784815605745E-5,3.230432042856506E-5,7.620629595622748E-5,0.0070683122070414025,0.0013757586312617262,5.4133321826990314E-5,0.005419159932216834,2.419608861288989E-5,6.838302999282891E-4,2.868879168375319E-5,3.139666716168213E-4],[0.010397782515032785,0.01783240836557697,0.033001387875271,0.004964354908909217,0.00782294120290574,0.009643005417547146,0.003786884309360908,0.005838083534464271,0.006114327127100973,0.01106801192922002,0.005147162673711531,0.0030891361361275217,0.0021919989016537487,0.010983190557368124,0.004132920224019393,0.0027371492769512748,0.008296893704455613,0.010948721345446425,0.007217529525570712,0.01887563392450284,0.010441081220613473,1.0,0.0018315424762214497,0.025060695210786993,0.009415657184908293,0.0013448370757947895,0.0094109251757239,0.01106324867257245,0.012302278119920332,0.010468385243577481,0.008260973850621186,0.009391151152477559,0.004570893524572492,7.319245760181348E-4,0.002063465274710334,6.5172919779973E-4,0.006047896512891041,0.01354741568791781,0.004866700871755628,0.007728896223088696,0.03491707963477473,0.005794072927441573,0.0022175414914618217,0.0034694296118295154,0.007992795711419896],[0.0010816618198022062,0.009479685531357071,0.054231908254803354,8.755401308535309E-4,0.001149435338048947,7.155888490005069E-4,8.031633514392104E-4,7.409663747192254E-4,9.556437564367733E-4,1.6105110470592465E-4,0.0011438198592248262,0.0010319956345466938,8.938660827764164E-4,0.0021876292686244846,5.030640054506341E-4,0.001285040241183121,8.421297215302318E-4,0.0014963867494246284,9.019060857349627E-4,0.0274348046818526,9.879024970718286E-5,0.0018315424762214497,1.0,0.031495557898690386,1.7769745980050221E-4,0.001120846635782385,4.505401890455569E-4,0.0010096659643835494,0.009817581262059765,0.0011075693397756374,0.0016815645865825234,0.0017847175866088699,1.2483770237285894E-5,7.435707772033612E-4,6.40898750832104E-4,7.150581783897445E-4,2.208830685504169E-4,0.005954952068519802,0.001959389190739533,8.349665080759833E-4,0.007848902678953338,6.246404484380678E-4,0.0012847049514023118,3.587803347532491E-4,0.0013071158821462451],[0.011179577678595091,0.023808784125893864,0.04605252701267615,0.013758713227312026,3.478218927392291E-4,0.026633890270214948,0.002461674413963338,0.03439284839866167,0.0035318713388908245,0.027795422937002375,0.0335005150166242,0.025611345585525008,0.01735464500649217,0.03289294831363879,0.027705942470440118,0.028874687027725793,0.010432551498760764,0.030341707013679768,0.0015521679660888783,0.03485779976516895,0.020944355823288713,0.025060695210786993,0.031495557898690386,1.0,2.0006958678213196E-4,0.021133580300581847,0.026421819729861348,0.008865961061342008,0.02288724415802426,0.01476157288135797,0.026709231808391395,0.011476261877979326,0.011855596089429708,0.01663152819894147,0.008209697771163399,0.01534172019240534,0.027045344498457906,0.018217662107702207,0.002975732984208932,0.006867462055372147,0.036463636212986844,0.009527821275983091,0.021677814160220625,0.012212890370483032,0.022042822818066448],[8.459884781143812E-5,0.01630496710793288,0.032762949444598524,8.353825779899356E-5,1.427816318227085E-4,2.0550497606397047E-4,5.618051716354198E-5,1.9229853194769217E-5,2.2554621192877747E-5,1.471375201329012E-5,3.500109856947274E-4,1.0624261560040353E-4,1.6155914031068136E-5,0.0014614039965039293,1.639618059426618E-4,9.97720661127785E-4,4.265662227100992E-4,4.4086626137447446E-4,1.7161358648721724E-5,0.009885383599975331,2.845773047772307E-5,0.009415657184908293,1.7769745980050221E-4,2.0006958678213196E-4,1.0,1.3151990749824883E-4,2.000097095289993E-5,4.904797476947322E-5,0.010257826237921654,2.786422607199482E-4,6.706209568062051E-4,0.0026544659315552656,1.3513620795960703E-5,7.377606698450644E-5,4.573379796792563E-5,4.236435655862723E-5,8.674439979178495E-5,0.012478009600028076,8.707562240174276E-4,1.1009186941311098E-4,0.012593264122325006,1.855253480057343E-5,8.048564991919637E-4,1.1610484655462737E-5,3.954417388912772E-4],[1.2246128584611192E-4,0.01454835432729152,0.013058812598511802,1.3364687327146457E-4,1.391189177363097E-4,4.4182118198512045E-4,5.242896317404922E-4,9.258005209090991E-5,3.510944805642892E-5,1.1172823021741497E-4,9.851167573658533E-4,1.3096551189586454E-4,1.1304276989439858E-4,9.94827922094813E-4,2.3627506351098375E-4,7.67312742059948E-4,2.1257429159878338E-4,5.358786126822939E-4,8.69939580949162E-5,0.006237113562740169,1.0809529374091273E-4,0.0013448370757947895,0.001120846635782385,0.021133580300581847,1.3151990749824883E-4,1.0,4.711088478072831E-5,1.1610612480565168E-4,0.001010261892538769,0.0010072807358523512,8.249811392100653E-4,0.0032549435698510255,7.883510289186557E-5,3.3338515158640083E-4,1.4241230792634107E-4,1.1012075433452388E-4,1.4342982911864487E-4,5.838492038090145E-4,0.0010946496379816131,1.3196656907345325E-4,0.0019816127657434107,1.1799923274918403E-4,0.001308783880789325,3.106377320744871E-5,5.053502200618779E-4],[1.0337080383666583E-4,0.010252611872664031,0.007205248864687723,2.4930193627285355E-5,1.1361476984924899E-4,1.1879572561316587E-4,2.4409182151479322E-4,2.1369289210975916E-5,2.7680655854315192E-5,1.0878357036098418E-5,1.1173473617083948E-4,1.0456171633013895E-4,1.605107745216376E-5,0.0011827434737049524,2.905311718664741E-5,5.257311187169659E-4,4.175208361224148E-4,4.129117291479584E-5,1.5664185115372925E-5,0.027708585821803394,2.4451266973470637E-5,0.0094109251757239,4.505401890455569E-4,0.026421819729861348,2.000097095289993E-5,4.711088478072831E-5,1.0,7.037502560140117E-5,0.004749289678143911,7.413010175402214E-4,0.0013929735920571327,0.0013113977735298337,2.1683455730962444E-5,5.380384828627587E-5,8.669438767624547E-5,2.6081290921559636E-5,3.4513727487024214E-5,0.006306662404533213,2.121904470261998E-4,2.7584397505149296E-5,0.010542183026522866,2.2408589936466597E-5,0.001135283616694957,1.5297928568743767E-5,5.291671246515181E-4],[1.1368016850246634E-4,0.013300812334899678,0.057496001620662505,1.1919576811781016E-4,1.41103964101216E-4,2.0347678838824945E-4,3.8244178318015573E-4,5.153626126557457E-5,6.981642395094226E-5,6.696121952394726E-5,5.436029427111323E-4,1.1646215251567875E-4,3.49237861624825E-5,0.001986515594914973,1.8039305452810772E-4,0.0012113972460118313,2.2232831234322576E-4,0.0010430940812316807,5.2465203370199594E-5,0.01148881419943348,8.419320323801992E-5,0.01106324867257245,0.0010096659643835494,0.008865961061342008,4.904797476947322E-5,1.1610612480565168E-4,7.037502560140117E-5,1.0,0.010726981017936154,3.1888838205451083E-4,3.884819762948136E-4,0.0010946169981228965,3.3671299697783236E-5,1.8941874298613855E-4,1.1629484187066187E-4,1.0124863732734302E-4,1.548727777869859E-4,0.002782878238497884,0.001950249780610299,1.1823573488724277E-4,0.01926143340435113,5.679433032775307E-5,9.001748523486504E-4,8.958664620791183E-5,3.4833843093147064E-4],[0.004212622461205791,0.013617885484047812,0.03193388533797087,0.0046719694877169855,0.008398900440419039,0.006414902201757764,0.0066889613229983765,0.011184988439407136,0.001921897629206346,0.007253815987498162,0.010539758517130467,0.0071063253122493,0.012096935542562512,0.006803774475638583,0.008516002008174943,0.004084795630080839,0.003929848462170942,0.011098143758537238,5.156551413555066E-4,0.01685636256342268,0.008968877362128563,0.012302278119920332,0.009817581262059765,0.02288724415802426,0.010257826237921654,0.001010261892538769,0.004749289678143911,0.010726981017936154,1.0,0.004554471448886561,0.004629545312482617,0.012117644869552678,2.808775652243215E-4,0.011636955748401161,0.002343206475719955,0.0013465957481668548,0.011954501887423308,0.012404115991245999,0.00680116339933674,0.008153111101271726,0.0318956733872966,0.01052182257002699,0.0067751190057564826,0.009931516918507383,0.0024035004827861342],[6.414639078213883E-4,0.013020044580364338,0.04425536780285656,2.0776274276395088E-4,7.354472514433558E-4,5.083720859430819E-4,6.836787126665991E-4,3.5396720724406827E-4,9.163347828938817E-4,4.246096272128357E-4,0.0010245220520849327,0.0010016379751816324,1.9427534343421492E-4,0.0017692154344520006,9.133704279362444E-4,0.0011287371422139608,7.483492348367268E-4,0.0013396197364271543,6.922285471122022E-4,0.004880077583724118,4.526894869189262E-4,0.010468385243577481,0.0011075693397756374,0.01476157288135797,2.786422607199482E-4,0.0010072807358523512,7.413010175402214E-4,3.1888838205451083E-4,0.004554471448886561,1.0,0.0016077128364363142,0.004049216877093796,5.5335064346597E-4,4.79935526581056E-4,9.082754549059088E-4,8.94703684142748E-5,3.9272538355860677E-4,0.01347300793015812,0.0022868667861336177,1.621636852195594E-4,0.022887364994863765,4.782318883663411E-5,0.001035462220657754,6.508733599408754E-4,0.0012005713565392093],[8.207801746856218E-4,0.010448217095529934,0.0585176521692723,0.0017828337891584458,6.808885688415813E-4,0.0015880631966318154,0.0021949881621826563,0.0010088387891229126,6.925579427834658E-4,0.0012492857036692547,0.0015717612912107264,2.72687666374025E-4,0.002043671186952424,0.002414574652357343,0.0012455044266052962,0.0021898849102507624,8.601585915231158E-4,0.001665059114230905,0.001170877031177074,0.025541867445016277,0.0012030486085483137,0.008260973850621186,0.0016815645865825234,0.026709231808391395,6.706209568062051E-4,8.249811392100653E-4,0.0013929735920571327,3.884819762948136E-4,0.004629545312482617,0.0016077128364363142,1.0,0.003902487492345231,0.002201582446929551,4.6014325406246214E-4,2.291204306697756E-4,0.0016364783024167453,0.0020182199454042787,0.007953505287236477,0.002709028786177036,9.445431041240572E-4,0.028558274597072403,0.001981917700245927,0.0019293471514277255,0.0018006459032777662,0.0021282472394088497],[0.004956715217887395,0.017669722467613214,0.023939901608070878,8.634440221077227E-4,0.0014555694994970046,0.002738806239641582,8.60124997600006E-4,0.0026019725480956046,0.002651719563189826,0.001106046042746962,0.0022508869841942414,0.003857435690182391,0.004176459257954135,0.004563691876516867,0.004239874392068332,0.0029613000200034018,0.0044570342925880045,0.004961229718150615,0.004061547815964856,0.013611664073935182,0.0036729106123788583,0.009391151152477559,0.0017847175866088699,0.011476261877979326,0.0026544659315552656,0.0032549435698510255,0.0013113977735298337,0.0010946169981228965,0.012117644869552678,0.004049216877093796,0.003902487492345231,1.0,0.00365853825175059,0.0016323093655197997,0.0017368828617752839,0.004603556441972789,0.004295877714693642,0.01400813249005167,0.0032333002595670143,0.004901029196352302,0.03910121003251677,0.00234583835451249,0.0042180686011481835,0.0011032973019188734,0.0018096209979582257],[1.019663145880259E-4,9.843160662942197E-4,0.057783227651122156,1.149457161064722E-4,3.690353300437209E-5,1.9417956711321487E-4,5.34557322026001E-4,1.5573288427733972E-5,1.5044301521464865E-5,1.1287785836363367E-5,5.7294977630105536E-5,1.0108275972249392E-4,1.2294515547651708E-5,1.1136074286023312E-4,4.3999909323213653E-4,4.155006571009508E-5,2.9199305565512287E-4,8.654951900672239E-4,1.2771270018569072E-5,0.003560659500546051,1.9999624135653034E-5,0.004570893524572492,1.2483770237285894E-5,0.011855596089429708,1.3513620795960703E-5,7.883510289186557E-5,2.1683455730962444E-5,3.3671299697783236E-5,2.808775652243215E-4,5.5335064346597E-4,0.002201582446929551,0.00365853825175059,1.0,3.3468366589977185E-4,9.620133724988661E-5,1.4336103572165828E-5,1.5765335144328114E-4,0.010277072291144338,5.536403695476096E-4,2.4035959328600102E-5,0.037952093535369893,1.3287412604728697E-5,2.3348415961934625E-4,1.1647535841976332E-5,8.873944526292871E-4],[3.6647510832892217E-4,0.004121791333921067,0.05231928730755766,1.6004564384972377E-4,3.6995221444648753E-4,4.431000380119403E-4,4.5006552846396425E-4,3.2197733136934086E-4,2.9662805531728507E-5,2.1258858631982986E-4,4.036849050259657E-4,2.641419457837523E-4,2.1476626435339044E-4,0.0016920743401619403,4.024667491025234E-4,0.001289950802182456,4.4022661279283557E-4,4.105072337752687E-4,2.0905319338874223E-5,0.018928305167469833,3.758089971205603E-4,7.319245760181348E-4,7.435707772033612E-4,0.01663152819894147,7.377606698450644E-5,3.3338515158640083E-4,5.380384828627587E-5,1.8941874298613855E-4,0.011636955748401161,4.79935526581056E-4,4.6014325406246214E-4,0.0016323093655197997,3.3468366589977185E-4,1.0,3.4582175535176893E-4,2.6505948691039617E-4,3.7619959881698235E-4,0.008136898579778968,8.119362268846768E-4,2.0196002887385686E-4,0.0029448656299089775,3.460202423069228E-4,0.0015014929670035951,3.569657345206686E-4,0.0010506587492381293],[1.2939453380835943E-4,0.011627042315654193,0.03352724529215645,1.2961442813715622E-4,1.4735446085316155E-4,3.748346785525698E-4,2.2577060470616215E-4,9.832365186424822E-5,1.0895438670391982E-4,1.4159819675098383E-4,4.2993721033091515E-4,1.2014022963986599E-4,1.3877801688150828E-4,0.002101845157825661,3.791557174906637E-4,4.2880330340268986E-4,4.255532808579302E-4,5.278017509585872E-4,7.170216400929573E-5,0.004161644886296796,7.880784815605745E-5,0.002063465274710334,6.40898750832104E-4,0.008209697771163399,4.573379796792563E-5,1.4241230792634107E-4,8.669438767624547E-5,1.1629484187066187E-4,0.002343206475719955,9.082754549059088E-4,2.291204306697756E-4,0.0017368828617752839,9.620133724988661E-5,3.4582175535176893E-4,1.0,1.2085973643442865E-4,1.5379880324773606E-4,0.010275902183869005,0.001830601990570289,1.3761985169358302E-4,0.03304449862404612,4.088898189828708E-5,0.0014653491790126406,1.1430447617661983E-4,4.619723072600867E-4],[1.0809812979433787E-4,0.008520452461551574,0.014003402492983576,1.0702876554764241E-4,1.1783274314729082E-4,9.160903721351041E-5,2.444427018822719E-4,4.540534702699086E-5,5.015318231552381E-5,1.66023696802637E-5,9.509556368583526E-4,7.936782603084568E-5,5.1171097183756026E-5,0.00126521826843328,3.355383135672043E-4,4.6081470657082484E-4,3.059628209427417E-4,5.799416647065625E-4,2.0603765634294244E-5,0.01342227617664358,3.230432042856506E-5,6.5172919779973E-4,7.150581783897445E-4,0.01534172019240534,4.236435655862723E-5,1.1012075433452388E-4,2.6081290921559636E-5,1.0124863732734302E-4,0.0013465957481668548,8.94703684142748E-5,0.0016364783024167453,0.004603556441972789,1.4336103572165828E-5,2.6505948691039617E-4,1.2085973643442865E-4,1.0,1.0904577941350788E-4,0.001324804910071701,1.0300783167198653E-4,1.2659679982970876E-4,0.006266404905856084,5.180158604636249E-5,6.598893033421203E-4,1.9264695625736833E-5,0.0012588012251356965],[1.4165602131952114E-4,0.013482752005982836,0.04491485584873265,1.348183502869532E-4,1.619259814943482E-4,3.3543968100520897E-4,3.100906823078516E-4,1.1574000730885472E-4,1.664945338547255E-4,1.2237199695312604E-4,8.932186311266099E-4,1.6106935859758816E-4,1.7749522506475563E-4,7.92169055789749E-4,3.917960659165776E-4,8.780751659370222E-4,4.5306466940322424E-4,6.127628047733625E-4,1.4845251170325532E-4,0.002504172938183945,7.620629595622748E-5,0.006047896512891041,2.208830685504169E-4,0.027045344498457906,8.674439979178495E-5,1.4342982911864487E-4,3.4513727487024214E-5,1.548727777869859E-4,0.011954501887423308,3.9272538355860677E-4,0.0020182199454042787,0.004295877714693642,1.5765335144328114E-4,3.7619959881698235E-4,1.5379880324773606E-4,1.0904577941350788E-4,1.0,0.0033352142010184237,0.0022212344227566464,1.473633513163703E-4,0.03716034562168834,1.450439217457819E-4,0.001330711327306749,4.453881040922471E-5,3.9206070338733596E-4],[0.007537519931805593,0.014942223419317932,0.041489130232378164,0.008470020002587519,0.01146600457049649,0.005222567446410252,0.0013314987632799783,0.002252894141828933,0.009654005054086371,0.01284876362279199,0.009461837403818106,0.011864143969974346,0.008691235150585931,0.0093032916921333,0.006478330346783649,0.005519947571990732,0.008386657385613283,0.0016811332696562203,0.013447533565414595,0.020814448951046505,0.0070683122070414025,0.01354741568791781,0.005954952068519802,0.018217662107702207,0.012478009600028076,5.838492038090145E-4,0.006306662404533213,0.002782878238497884,0.012404115991245999,0.01347300793015812,0.007953505287236477,0.01400813249005167,0.010277072291144338,0.008136898579778968,0.010275902183869005,0.001324804910071701,0.0033352142010184237,1.0,0.003033740545804466,0.005952036113524281,0.027001580015077662,0.005838888963062777,0.003215586937336601,0.008205492550226009,0.002437280987418481],[6.053361559609195E-4,0.011640202107059518,0.015762191835175104,0.0016440659095677927,6.316791929374859E-4,7.281765097993408E-4,0.0017498287916513733,0.0017935121733495302,0.001744006521061801,6.754436837544169E-4,0.0023012205098760083,0.0013747389409094857,8.13139717533499E-4,0.002800731678189022,0.0010488147662150306,0.002284246785762946,0.0011872437612631685,0.001691298332615904,3.4541863378639056E-4,0.014954354562615436,0.0013757586312617262,0.004866700871755628,0.001959389190739533,0.002975732984208932,8.707562240174276E-4,0.0010946496379816131,2.121904470261998E-4,0.001950249780610299,0.00680116339933674,0.0022868667861336177,0.002709028786177036,0.0032333002595670143,5.536403695476096E-4,8.119362268846768E-4,0.001830601990570289,1.0300783167198653E-4,0.0022212344227566464,0.003033740545804466,1.0,0.0026848858790341906,0.026314750547730206,0.0018207313208621562,0.0019586119029255987,6.957108015140473E-4,0.002633504265060939],[1.1695054929607336E-4,9.45582740324441E-4,0.05642216475845732,1.2999525653674537E-4,1.351546514163469E-4,1.4273620616397911E-4,3.664949175139538E-4,2.114217391583318E-5,8.46854053576474E-5,4.409128533689853E-5,7.097019624425039E-4,1.2825822198000273E-4,4.165701105943673E-5,7.513776029465931E-4,3.465117944852383E-4,7.94340881215507E-4,2.7039800595373114E-4,1.5398124840980423E-4,1.00240358581133E-4,0.02993972237193529,5.4133321826990314E-5,0.007728896223088696,8.349665080759833E-4,0.006867462055372147,1.1009186941311098E-4,1.3196656907345325E-4,2.7584397505149296E-5,1.1823573488724277E-4,0.008153111101271726,1.621636852195594E-4,9.445431041240572E-4,0.004901029196352302,2.4035959328600102E-5,2.0196002887385686E-4,1.3761985169358302E-4,1.2659679982970876E-4,1.473633513163703E-4,0.005952036113524281,0.0026848858790341906,1.0,0.03840659263884107,1.108873250260086E-4,9.847674941253573E-4,8.333927259910823E-5,1.584852031580418E-4],[0.002517195073560316,0.022621274365260624,0.05203170654126735,0.01444241771989735,0.02000423554452148,0.029910444264994552,0.01798013034210559,0.003868114601149705,0.02043705874614446,0.03932845602178676,0.03546500887175242,0.023953477102150112,0.014244042110571292,0.030841318340845386,0.005711112868314759,0.03830073234883147,0.037440240019254105,0.03995238905171386,1.1430805912248175E-4,0.04064049001554089,0.005419159932216834,0.03491707963477473,0.007848902678953338,0.036463636212986844,0.012593264122325006,0.0019816127657434107,0.010542183026522866,0.01926143340435113,0.0318956733872966,0.022887364994863765,0.028558274597072403,0.03910121003251677,0.037952093535369893,0.0029448656299089775,0.03304449862404612,0.006266404905856084,0.03716034562168834,0.027001580015077662,0.026314750547730206,0.03840659263884107,1.0,9.772788906817712E-4,0.02647251952366208,0.019062941893862644,0.018358062242470226],[6.561895966234923E-5,0.005353222554523657,0.010191012598200239,8.801020424824544E-5,7.767854843797008E-5,4.0399989314781075E-4,1.7502164566158033E-4,1.9885278481737236E-5,1.977579814103963E-5,1.7675158180489085E-5,8.356492173061475E-5,9.893055679782031E-5,1.618426194069631E-5,6.465548416888091E-4,1.7461847764871054E-4,3.030604498410361E-4,2.936138501636826E-4,5.061331376685547E-4,1.9085192320928105E-5,0.013204906205658735,2.419608861288989E-5,0.005794072927441573,6.246404484380678E-4,0.009527821275983091,1.855253480057343E-5,1.1799923274918403E-4,2.2408589936466597E-5,5.679433032775307E-5,0.01052182257002699,4.782318883663411E-5,0.001981917700245927,0.00234583835451249,1.3287412604728697E-5,3.460202423069228E-4,4.088898189828708E-5,5.180158604636249E-5,1.450439217457819E-4,0.005838888963062777,0.0018207313208621562,1.108873250260086E-4,9.772788906817712E-4,1.0,8.300094678794861E-4,1.3617126230562692E-5,3.362391452351648E-4],[6.779221334333404E-4,0.010402082640172396,0.020579230197516972,0.0011348041829477217,9.282536552077023E-4,7.772604850228083E-4,0.0013870852307578316,4.3645453911277023E-4,1.7587002066304637E-4,0.0014214217002482758,0.0013802658790988535,7.769532849902685E-4,0.0014512928050856072,0.0017948604445555876,0.0012492112984771376,0.0013829811962492735,5.388077244743437E-4,0.0015383270711567846,0.0010024837974339275,0.007814305972146328,6.838302999282891E-4,0.0022175414914618217,0.0012847049514023118,0.021677814160220625,8.048