[[1.0,4.0711430687450604E-4,6.951874265756272E-5,0.0012096146129004105,1.5790072703526006E-4,5.027444243729693E-5,9.720404615004532E-4,5.040492876179657E-5,0.0037706169001380896,0.02599130553630025,1.1518885295830514E-5,1.419944378685772E-4,9.024359413503534E-4,1.740773384387074E-4,0.02838158527489826,2.708017148604424E-4,0.0016571026122822628,1.8410702312826786E-4,0.007177179876412427,0.001388809628154101,3.2880911659560194E-4,5.395266443988181E-4,1.487374813602104E-5,7.118871795067643E-4,5.329366041628194E-4,6.670477409271593E-5,1.254658870597813E-5,1.7761702948493425E-5,6.105090477214595E-4,1.4186471360296177E-5,2.273532549909498E-5,1.5462918408791507E-5,1.0336307538100827E-4,2.3457636591632973E-5,0.001150867246136588,2.8967970591554823E-5,2.732983561798126E-4,1.140309372381572E-5,6.167271939607348E-4,1.4183659551127468E-5,1.0989183572423763E-5,0.0018642079212021973,8.890075339728769E-5,0.0012049263378216086,0.008145646259623593,1.4145463921122136E-5,7.981541580644503E-5,0.014899850988073109,0.0011019028718836112,2.4237281033415626E-5,0.0019713397250085223,1.5526293638943523E-5,2.5568252206226772E-5],[4.0711430687450604E-4,1.0,2.641445096555129E-4,8.957913868680037E-4,3.5210388979693946E-4,3.013534364474836E-4,9.279751082454981E-4,5.991854792719931E-4,0.02679749901092925,0.0074004844250824065,2.2344273455527356E-4,3.7045981557344576E-4,6.527607373846418E-4,5.37291972918663E-4,0.011525501120378694,5.601330490707012E-4,0.0017057737004404724,0.0059058914376386796,0.0057660547159677535,0.004286274190518457,6.469097777728848E-4,6.22995492567129E-4,5.676666105651918E-4,0.0010752785279091125,9.04328600403793E-4,1.9744397015292352E-4,1.2409738354246354E-4,4.0676920255443295E-5,0.0013183506522102023,2.783376555487965E-4,5.580115697837496E-4,2.755159198230593E-5,1.1419612192046582E-4,3.798556254472198E-4,0.001880547754290475,6.048319589337756E-4,7.908213326411259E-4,2.3747444199868938E-4,0.0011371672184162765,2.1271562608130704E-4,1.65530786887391E-4,0.0017898182879354922,3.690533937186813E-4,7.692555799533945E-4,0.0023528336133685295,3.380790286219859E-4,5.133549235644239E-4,0.013643510159634413,9.87556127740285E-4,4.56448551531544E-4,0.0017172753882148902,5.207419410811886E-4,3.0671799691609706E-4],[6.951874265756272E-5,2.641445096555129E-4,1.0,4.33574629025331E-4,3.0000832028139845E-4,1.4176469056335976E-4,3.441821134904069E-4,2.9405171797099443E-4,0.014694730422315751,0.006361785695385888,2.8082648628065036E-5,2.3328267702531105E-4,2.0868735215667835E-4,2.0355681913439034E-4,0.023148503851201364,3.661951524818986E-4,0.0014937542045079712,0.004259565795114676,0.009043600222395738,0.003034562275060589,6.433321326820505E-4,4.632675311283497E-4,1.3010262619877894E-4,0.0016616088105814433,8.086088011611656E-4,1.38277476913392E-4,9.124525403722512E-5,4.901540729106794E-5,3.9286874283351995E-4,7.075415780904981E-5,4.776690866738647E-4,3.752789489960545E-5,1.5867369911418477E-4,1.4974686824780406E-4,6.03370514463479E-4,1.2088592180180366E-4,4.7559317973612763E-4,1.1041193146924681E-4,0.0010796019269185893,1.4588945709243198E-4,1.1910541853478741E-4,0.0012143138739561644,1.5308129359014501E-4,7.135545706119644E-4,0.013014629778624262,4.951001222664613E-5,2.89552688420938E-4,0.008118617234017493,0.0012762852987082084,1.2617824123308316E-4,0.006331059314124561,1.7009495896607563E-4,1.5739182487743334E-4],[0.0012096146129004105,8.957913868680037E-4,4.33574629025331E-4,1.0,4.917079698662678E-4,0.001029520951967916,0.0016046233832312045,6.154188948801504E-4,0.022427852433880808,0.016974021413626927,2.736617649367955E-5,4.008386980752654E-4,0.0011615344982839559,4.996181973259992E-4,0.019839587940521465,8.46858526462959E-4,0.0014586169800767592,0.007302123743109051,0.007783981267459135,0.0025023236498869696,9.3681146036949E-4,0.0011025714446549946,1.2548280484909354E-4,0.001692300079454238,0.0011712870861345,3.669087384805984E-4,0.0012038713165340219,3.951720291798913E-4,0.0013797847335446519,1.2736415388302574E-4,8.053124678982873E-4,0.0010984934023498829,2.845357620173356E-4,5.383641066772165E-4,0.0019818580174669705,9.177157457899187E-4,0.0012092347738468065,0.001046154791929882,0.0013258498490139926,9.765234967404401E-4,4.3289373731495226E-5,0.0024009755095682787,9.316891990597657E-4,0.0012851133386699986,0.016453208766684994,0.0011126193453842672,0.0011405504266702926,0.013925527709397732,0.0013279439569368798,6.21779788751856E-4,0.006035444523426218,3.417711780672677E-4,0.0012405474305978807],[1.5790072703526006E-4,3.5210388979693946E-4,3.0000832028139845E-4,4.917079698662678E-4,1.0,2.3485830782948088E-4,8.569691885145696E-4,3.250836095658362E-4,0.007345346584818006,0.016618922458300673,2.426565702615163E-4,2.7402234465278766E-4,4.5832823299083196E-4,2.617373450713197E-4,0.025958795973608454,5.092402908156857E-4,3.5281872726574656E-4,0.006234076075729322,0.007108525388547135,0.0010849658852539706,4.948956064358271E-4,4.7218868696032604E-4,1.2619402556738932E-4,7.570971562726808E-4,9.093638338943813E-4,3.0334464264627597E-4,5.063786313624917E-5,2.936422573767101E-4,7.269556869095889E-4,1.4452735256889637E-4,4.452256884080957E-4,8.041250104148524E-5,2.051135830390691E-4,1.4080570622304373E-4,0.0010352706855912353,2.9266867192154574E-4,4.3187957455794265E-4,2.9095258114114484E-4,6.021861398033917E-4,2.536549388498095E-4,1.3557243399115154E-4,0.0022699669324826007,2.333787896547231E-4,6.29807049519297E-4,0.010432932632241054,2.2183674296250808E-4,3.1034127686779285E-4,5.735951416081947E-4,5.385762490742299E-4,1.1752519137936778E-4,0.001730426616591037,1.5460051451000767E-4,2.433267752444371E-4],[5.027444243729693E-5,3.013534364474836E-4,1.4176469056335976E-4,0.001029520951967916,2.3485830782948088E-4,1.0,1.699753076999258E-4,3.5113122271062666E-4,0.030462493596674987,0.007773678772097734,2.414422170081891E-5,1.8243985075673037E-4,6.137252600018808E-4,1.7994050758432853E-4,0.0033995190659081805,4.5335380632307415E-4,6.016438525177973E-4,5.485790935184572E-4,0.0019509857590536892,0.004366562356803985,5.561586325667498E-4,6.13443555886532E-4,6.022509858539997E-5,3.981253867779821E-4,1.467190887094087E-4,1.1312293060625863E-4,1.0340924231756033E-4,1.0456936668047736E-4,9.543052951089553E-4,2.5509232411855904E-5,3.4454718922854555E-4,8.01663184676528E-5,1.0535576204460725E-4,8.958543434529498E-5,0.002238944361339411,9.610575631802316E-5,8.145215159412736E-4,1.8800642636905377E-5,2.730808116632046E-4,9.985042217000193E-5,3.492680515456368E-5,8.673649727443547E-4,1.1661606533872926E-4,0.0012504289108275532,0.008547249314956415,1.9209552961001856E-5,1.652506355131338E-4,0.009793492224890283,6.315950055857865E-4,7.429528585048742E-5,0.004781055777304983,1.4748700759060555E-4,1.1089506176723209E-4],[9.720404615004532E-4,9.279751082454981E-4,3.441821134904069E-4,0.0016046233832312045,8.569691885145696E-4,1.699753076999258E-4,1.0,0.0014998895938403327,0.028577182061970307,0.012309839020755912,3.6313665979337674E-4,0.0014926924273705269,0.0014726612540704388,4.948506290273224E-4,0.0021883864613255226,0.0012705519337465883,0.0017224130753813582,0.006487808086395536,0.007634632862199158,0.0016148826476719662,0.0015468803949085944,0.0015559181659822404,0.0014741570504405814,0.001730999959521854,0.0013872707550402208,6.54053350624922E-4,0.0013089629237304453,7.122218978399833E-4,0.0014078277607485906,0.0013202164207338303,0.0012295330335499914,0.001168437617491492,0.0014225400323621097,0.0011398786890548089,0.002102167869693165,5.483274737829145E-4,0.0013641869421654688,4.6419133205924195E-4,0.0014671990670559062,3.7286337294317485E-4,0.001453894626147801,0.0024006871701742743,0.0011703675375040136,0.0015290665538321333,0.006703909920524458,2.4491766442931104E-4,0.0012457081260949347,0.015106052811969226,0.0014559103385308047,0.0010700430497394974,0.006294132639483559,5.038566754859167E-4,4.2551365317341626E-4],[5.040492876179657E-5,5.991854792719931E-4,2.9405171797099443E-4,6.154188948801504E-4,3.250836095658362E-4,3.5113122271062666E-4,0.0014998895938403327,1.0,0.001742240945899763,0.013426922148051806,3.2500874507561834E-4,2.486248858856757E-4,8.018444497479005E-4,2.97312724467776E-4,0.014110317099875685,4.8170577423834403E-4,7.631848991067757E-4,0.008881132332029999,9.607004993963338E-4,0.00133418819747344,6.805028669852008E-4,7.773414016291546E-4,2.8590255830636043E-5,5.519665874906668E-4,4.64450875230139E-4,2.63770468243442E-4,2.4602972006852584E-4,1.1960051326365103E-4,6.093839739940716E-4,5.768874506594452E-5,3.884063605445021E-4,2.3154691616918913E-4,1.820580974233942E-4,1.4814880587356072E-4,6.675418979819271E-4,1.0818976172426341E-4,9.315708835129148E-4,2.3514803851371627E-4,5.028150209072883E-4,6.744349911648139E-5,7.414495222147707E-5,0.0019838145686462546,2.0578761699425525E-4,0.0011076701999679227,0.013337277991550857,5.298236520138415E-5,3.3587127102424066E-4,0.012293415482087608,9.883572524456638E-4,1.8373608524505745E-4,0.002445824124436581,3.516905308544908E-4,3.0155331586627853E-4],[0.0037706169001380896,0.02679749901092925,0.014694730422315751,0.022427852433880808,0.007345346584818006,0.030462493596674987,0.028577182061970307,0.001742240945899763,1.0,0.037011017858444815,0.03618647136325654,0.00911178696514145,0.030068010342128488,0.0272208058575064,0.038155404140682574,0.032711296266185054,0.03670463565827066,0.031303374938767295,0.03513154993095083,0.006840106336872664,0.034410314206401,0.033448152494886876,0.021006987967381485,0.023533937930151325,0.012161803495277658,0.01171618753866899,0.02012693755818311,0.036644133819480534,0.016491481251681133,0.03892535164191731,0.02662458082685894,0.030445366127414948,0.006486638114030429,0.031754188736532,0.022682750178484208,0.022066575637529694,0.029509112165479214,0.024783187283152826,0.017722279941422114,0.026969257428841816,0.02567542666746212,0.039033342981880194,0.025217948346428386,0.0033445576884778777,0.03041352778045349,0.025051895083730628,0.011604694083884362,0.03753845328877714,0.03810506939752968,0.001347366888438185,0.03446520616350279,0.02275331647392277,0.02201802816612533],[0.02599130553630025,0.0074004844250824065,0.006361785695385888,0.016974021413626927,0.016618922458300673,0.007773678772097734,0.012309839020755912,0.013426922148051806,0.037011017858444815,1.0,0.015378357722170582,0.027724117423667583,0.011299922255797139,0.01813846799585461,0.03297255357236894,0.013927207526389943,0.031014904781498532,0.01010958979503673,0.021671084694753442,0.028498428051201015,0.006725554477543125,0.019910831408097816,0.019628804474853268,0.010552932344308182,0.005045538015390462,0.029476706388761775,0.02093521233705739,0.008923442347755314,0.028334718428296865,0.010847190257500354,0.018586075235589333,0.005221920626414315,0.028599125203377262,0.02538735266748899,0.007907855914484174,0.0020860991497852967,0.021124020174049355,0.01575130993799188,0.02167747165943343,0.009304865923319803,0.019683867033853823,0.021212266358665136,0.031349114380812226,0.006414404693503788,0.03014497835965051,0.02965709365370323,0.022867717555092447,0.019680966972423185,0.004490190177351663,0.03108471002162076,0.016866612018855344,0.020991104207650543,0.011537561064760707],[1.1518885295830514E-5,2.2344273455527356E-4,2.8082648628065036E-5,2.736617649367955E-5,2.426565702615163E-4,2.414422170081891E-5,3.6313665979337674E-4,3.2500874507561834E-4,0.03618647136325654,0.015378357722170582,1.0,2.093691403506295E-4,1.431319588705863E-4,2.0534721015798095E-4,0.011696545932977294,8.344166619287657E-5,6.523121163928953E-4,0.001385432034714037,0.004405547714878087,0.00327688263285264,7.762357360274875E-5,5.844081441759948E-4,1.111317646009684E-5,8.255550757785553E-4,6.800081465774513E-4,1.9943102780077325E-5,1.1748100488975634E-5,3.3936137919191375E-5,5.866354442197763E-4,1.063987658424786E-5,3.246775816198457E-4,1.0958162253985881E-5,4.375524553791678E-5,2.5691550478052493E-5,0.0019727781914372143,4.846100218857405E-5,8.249371577076537E-5,1.0770752692516046E-5,9.439706564194096E-4,1.3072392125526205E-5,1.0328923217866327E-5,0.001331815609325593,7.433209209919388E-5,4.995772074051059E-4,0.013355504249906282,1.3643882233617557E-5,2.2831025143325314E-4,0.00516516836972778,0.0012223797757685204,3.128226049682338E-5,0.005612810031972865,4.0446351576966364E-5,3.127877374764019E-5],[1.419944378685772E-4,3.7045981557344576E-4,2.3328267702531105E-4,4.008386980752654E-4,2.7402234465278766E-4,1.8243985075673037E-4,0.0014926924273705269,2.486248858856757E-4,0.00911178696514145,0.027724117423667583,2.093691403506295E-4,1.0,0.0011121934893039277,2.5229864052654915E-4,0.025486959155190923,4.977220119392924E-4,0.0010296288249592948,0.002573564522846177,0.010267589703702125,0.003355399438311146,6.991100538062978E-4,2.9016634292834307E-4,4.121584693903856E-5,0.0010848802728368042,5.448701486692798E-4,1.853541920729025E-4,1.8368881588941063E-4,4.949745375006381E-5,0.0011368312744495508,2.0765794774778252E-5,4.595575138337365E-4,5.127701625637254E-5,1.7690865542981023E-4,2.1393900357939677E-4,0.0011741336051962214,8.945508650802812E-5,8.370258717117426E-4,1.4066715455574608E-4,0.0012325049336317905,1.0894350059911987E-4,2.2469575606413756E-4,8.90677854260116E-4,2.017660617063517E-4,5.167161672754618E-4,0.020260601703676773,1.0281988571169525E-4,2.6335058497927404E-4,0.01389992012823816,0.0010693852556666753,1.444874616476487E-4,0.006094679588026771,1.6131955281122482E-4,2.264065184462143E-4],[9.024359413503534E-4,6.527607373846418E-4,2.0868735215667835E-4,0.0011615344982839559,4.5832823299083196E-4,6.137252600018808E-4,0.0014726612540704388,8.018444497479005E-4,0.030068010342128488,0.011299922255797139,1.431319588705863E-4,0.0011121934893039277,1.0,4.962110897155452E-4,0.02934763879948985,5.985811883683328E-4,0.0016236187369409688,0.00806665326592694,0.005451757126299108,0.0038436180245855654,0.0010464537659817276,8.288539740570082E-4,5.72983516527861E-4,0.0014272795334428717,0.0011090816633783412,7.027286539500446E-4,2.3155371664969652E-4,8.649711590433018E-4,0.0013472004070948216,0.001054618345196486,9.158923993108856E-4,1.4693669328153322E-4,6.044234907783754E-4,7.618144199537315E-4,0.0018905123263676042,3.349776557482793E-4,0.0010945211597496592,5.6559106446782085E-5,0.0011815915096235528,9.508025973355456E-4,7.177788975103713E-4,0.0012375720346520485,3.590045626860485E-4,0.0011641118921153042,0.024898057220417637,0.0011018180676839748,6.585080123566913E-4,0.01259052283831595,0.001292243617716906,6.93893524215593E-5,0.002432182175455114,6.802761869873756E-4,8.408125017161845E-4],[1.740773384387074E-4,5.37291972918663E-4,2.0355681913439034E-4,4.996181973259992E-4,2.617373450713197E-4,1.7994050758432853E-4,4.948506290273224E-4,2.97312724467776E-4,0.0272208058575064,0.01813846799585461,2.0534721015798095E-4,2.5229864052654915E-4,4.962110897155452E-4,1.0,0.007462529147799913,3.472190544460973E-4,0.0015795780632834014,0.0018000073288068931,0.011636325042451268,0.0024157582721344674,5.480818609874333E-4,4.851863829148752E-4,1.0749146563080047E-4,3.070608957463001E-4,6.581386411444692E-4,1.2196704271875486E-4,1.5635463601908436E-4,1.6007377862018617E-4,9.639117906249976E-4,2.7131823290210784E-5,3.1155898951526164E-4,2.300646867512877E-4,2.0353741117690998E-4,9.44156809488359E-5,0.0022396869160547835,2.4194757947338408E-4,8.85402747000286E-4,2.518210237778896E-4,0.0013501263607154904,2.5870179414981613E-4,7.35542008652979E-5,8.263837953571828E-4,2.1005866477834012E-4,6.714495138857897E-4,0.017095424973210677,3.178448745807174E-5,2.9503433258235083E-4,0.010945410590780155,6.772727227445691E-4,6.284718973117106E-5,0.005856163484539092,1.9457968694621018E-4,2.2468843667706873E-4],[0.02838158527489826,0.011525501120378694,0.023148503851201364,0.019839587940521465,0.025958795973608454,0.0033995190659081805,0.0021883864613255226,0.014110317099875685,0.038155404140682574,0.03297255357236894,0.011696545932977294,0.025486959155190923,0.02934763879948985,0.007462529147799913,1.0,0.007622344379574928,0.022401689960828454,0.013295951359001997,0.032540397977678034,0.007031711554511965,0.007181180888361397,0.031345667753348,0.01934069624657702,0.01872287573362227,0.027294034604400986,6.451019832484966E-4,0.014591345821680323,0.028052624397262596,0.0321959756585272,0.023727670909237813,0.007696290757762928,0.02955987215258839,0.03225602746957112,0.013674669320610637,0.015645723248716728,0.026348407877393735,0.0025518852647944497,0.004029493053094378,0.005292507838635514,0.0111886693677789,0.024810843056250174,0.022568500610606654,0.029234964281707035,0.011120263304861622,0.028839425242151252,0.021480013512415446,0.011851945898266329,0.028009316913461438,0.022738879388047827,0.025502036285874,0.018677623071429568,0.028242348500227693,0.02713862185447635],[2.708017148604424E-4,5.601330490707012E-4,3.661951524818986E-4,8.46858526462959E-4,5.092402908156857E-4,4.5335380632307415E-4,0.0012705519337465883,4.8170577423834403E-4,0.032711296266185054,0.013927207526389943,8.344166619287657E-5,4.977220119392924E-4,5.985811883683328E-4,3.472190544460973E-4,0.007622344379574928,1.0,0.0015349676128611147,0.008305331251611503,0.004469035600029887,0.0022286563082535116,5.893700758960335E-4,5.855988421755059E-4,3.4862144518049216E-4,0.0014561770043593132,5.577810457281458E-4,4.528226147912612E-4,5.9805377794353934E-5,3.4966726836173194E-4,0.0012813186705401274,4.762758653149511E-4,5.122186190712177E-4,6.304501915472857E-5,1.7953607386408515E-4,1.2807086643489693E-4,0.0012548851374302099,5.217034230118774E-4,6.009934063739145E-4,9.44337920732949E-5,0.0013241207022366235,3.751971228896172E-4,2.989842197869943E-4,0.0014447361990792915,4.030800755398049E-4,0.0010879682026191217,0.020810636208749327,2.754839073527409E-4,3.7532775540280737E-4,0.016186260485405436,8.429901373502992E-4,2.211064283048882E-4,0.001203817362773765,2.383511431730325E-4,4.943248020436025E-4],[0.0016571026122822628,0.0017057737004404724,0.0014937542045079712,0.0014586169800767592,3.5281872726574656E-4,6.016438525177973E-4,0.0017224130753813582,7.631848991067757E-4,0.03670463565827066,0.031014904781498532,6.523121163928953E-4,0.0010296288249592948,0.0016236187369409688,0.0015795780632834014,0.022401689960828454,0.0015349676128611147,1.0,0.00357306559234813,0.006028669355554378,0.003038773469423143,0.0016388443565707265,8.641159756126082E-4,7.177211341149042E-4,0.001745241554922304,0.0016555140115592564,5.739302997703098E-4,8.331524049003233E-4,5.684438648052611E-4,0.0014263589389489962,1.5868774549698047E-4,0.001311278762458433,0.0017061261816351614,0.0013800425877508022,9.513485685793547E-4,0.001949807939721885,2.492238172451548E-4,0.001055217226602769,0.001704957185043939,0.0015477655598525792,2.9694633139291444E-4,9.782109898354454E-4,0.0023206584843445278,0.0017185400780291387,0.0016399243580835826,0.002713341137163746,2.2378391820687178E-4,0.001530918199628232,0.0037396753665946696,0.0017189149844323765,1.5925645456214818E-4,0.006372359674048186,0.0016996168214663749,0.0016066347498559872],[1.8410702312826786E-4,0.0059058914376386796,0.004259565795114676,0.007302123743109051,0.006234076075729322,5.485790935184572E-4,0.006487808086395536,0.008881132332029999,0.031303374938767295,0.01010958979503673,0.001385432034714037,0.002573564522846177,0.00806665326592694,0.0018000073288068931,0.013295951359001997,0.008305331251611503,0.00357306559234813,1.0,0.009973938728601483,0.00531595593781099,0.004318533486863026,0.005467533091347067,0.004588753773024306,0.002652186828932471,0.007960138733839495,0.0027533686794449764,0.006043456317244754,0.008490525302615798,0.008996323646001739,0.001501216530047366,0.006320712591014972,0.0032941269858199236,0.0017219473539341918,0.00810817705491858,0.005872224671211755,2.3198612485685405E-4,0.00774485525448341,0.0027706482598920043,0.006787316908700968,0.002615848056146747,0.0035828872885486354,0.008237553961680636,0.006312026696024013,0.004515727350371716,0.0263810507700543,0.005397350117540194,0.003645591370094567,0.01047941026223339,0.00578411113935805,0.008669119132890032,0.008483576390211361,0.004000631952429145,0.006142232881552264],[0.007177179876412427,0.0057660547159677535,0.009043600222395738,0.007783981267459135,0.007108525388547135,0.0019509857590536892,0.007634632862199158,9.607004993963338E-4,0.03513154993095083,0.021671084694753442,0.004405547714878087,0.010267589703702125,0.005451757126299108,0.011636325042451268,0.032540397977678034,0.004469035600029887,0.006028669355554378,0.009973938728601483,1.0,0.004772865752851206,0.006757394244721248,0.0040959695578159415,8.815029779095791E-4,0.00907369681543762,0.006467474359281982,0.0011569330982948442,0.009366509043663767,0.005860889784550206,0.011672739430970636,0.0056687374694864515,0.0075256020708247,0.005453254026536548,0.007136822955149494,0.003379392278864171,0.006050407062320558,0.006103454642245213,0.008764484521947799,0.01002860267874128,0.009120202938611708,0.003819129088992073,0.01059463077025084,0.01004018422834389,9.834249949628117E-4,0.004642093975339438,0.020068670189209565,0.004645936617759467,0.004903371652085505,0.015334524114677983,0.0027706029631294595,0.009788541018958503,0.011081153525349668,0.0013683521525878675,0.0030883461313995697],[0.001388809628154101,0.004286274190518457,0.003034562275060589,0.0025023236498869696,0.0010849658852539706,0.004366562356803985,0.0016148826476719662,0.00133418819747344,0.006840106336872664,0.028498428051201015,0.00327688263285264,0.003355399438311146,0.0038436180245855654,0.0024157582721344674,0.007031711554511965,0.0022286563082535116,0.003038773469423143,0.00531595593781099,0.004772865752851206,1.0,0.0023704064734987565,0.0020598189284847706,0.002380919323566267,0.0030614086277021687,0.0029990656700447866,0.0014683485304179521,0.0015976494968996632,0.004210795090208709,0.0037947313501428817,0.002304221764887226,0.002058351222858459,0.0019842672096556956,5.043186173016242E-4,0.001842711398863759,0.004516818875583875,0.004229939382696147,0.0033751908621769402,0.0032477772238054146,0.0046022269762364,8.700698110403357E-4,4.2866976380346634E-4,0.0029768932590209752,1.6123625376171418E-4,0.0014040626337749834,0.011318228024600347,4.298355133086378E-4,0.0043101728417699,0.011419490629731632,0.001792260673357054,0.001859471868274618,0.005868794515828441,0.0024951281866217863,0.004195925057699506],[3.2880911659560194E-4,6.469097777728848E-4,6.433321326820505E-4,9.3681146036949E-4,4.948956064358271E-4,5.561586325667498E-4,0.0015468803949085944,6.805028669852008E-4,0.034410314206401,0.006725554477543125,7.762357360274875E-5,6.991100538062978E-4,0.0010464537659817276,5.480818609874333E-4,0.007181180888361397,5.893700758960335E-4,0.0016388443565707265,0.004318533486863026,0.006757394244721248,0.0023704064734987565,1.0,7.282328980015656E-4,6.879316037313563E-4,0.0017160467659876597,7.724619074155598E-4,4.1270420853811376E-4,4.583412667106482E-4,4.6642822660561184E-4,0.0012269199269034992,6.706266099955983E-4,6.275911237988245E-4,6.454425916927871E-4,6.987535084153729E-4,5.547494986203375E-4,0.0016408688937527304,6.440136009098476E-4,8.466917538927333E-4,1.6868450852098988E-4,0.0012044132718015536,1.25270056046024E-4,2.506289741556678E-4,0.001389029166501552,1.61354012318033E-4,9.03572668991008E-4,0.007768578027955407,4.299529125774838E-4,6.872784989286954E-4,7.465953673025116E-4,0.0010092201556660353,5.376542854046528E-4,0.005223837845527863,5.102638149308952E-4,5.996460605383331E-4],[5.395266443988181E-4,6.22995492567129E-4,4.632675311283497E-4,0.0011025714446549946,4.7218868696032604E-4,6.13443555886532E-4,0.0015559181659822404,7.773414016291546E-4,0.033448152494886876,0.019910831408097816,5.844081441759948E-4,2.9016634292834307E-4,8.288539740570082E-4,4.851863829148752E-4,0.031345667753348,5.855988421755059E-4,8.641159756126082E-4,0.005467533091347067,0.0040959695578159415,0.0020598189284847706,7.282328980015656E-4,1.0,4.477990302361372E-5,0.0018844724326886745,9.470704881350844E-4,6.128680159780651E-4,5.998208271153453E-4,9.799400189632762E-5,9.671668869253528E-4,4.947907590821702E-4,5.880042135569998E-4,8.383800818873432E-5,8.07606708498726E-4,4.99888804227068E-4,0.0018366364586991483,2.9929006108112043E-4,9.040515423695456E-4,5.482295988359854E-4,8.488536272568364E-4,2.332341871271714E-4,3.600033023368219E-4,8.288590893858604E-4,4.752131716337207E-4,0.0011267897314632094,0.002305554984959082,8.106110029519461E-4,4.76496394732099E-4,0.01623290463400531,0.001235074287222106,5.908231292273921E-4,0.002670519882662305,7.080077618268931E-4,1.834435548490842E-4],[1.487374813602104E-5,5.676666105651918E-4,1.3010262619877894E-4,1.2548280484909354E-4,1.2619402556738932E-4,6.022509858539997E-5,0.0014741570504405814,2.8590255830636043E-5,0.021006987967381485,0.019628804474853268,1.111317646009684E-5,4.121584693903856E-5,5.72983516527861E-4,1.0749146563080047E-4,0.01934069624657702,3.4862144518049216E-4,7.177211341149042E-4,0.004588753773024306,8.815029779095791E-4,0.002380919323566267,6.879316037313563E-4,4.477990302361372E-5,1.0,0.0016135984240014717,3.3475372999164333E-4,5.401812118694835E-5,1.3713624587992912E-5,2.996650156889815E-5,0.0013346536998975014,1.8163275259500444E-5,3.1587944903128164E-4,1.6663912975648193E-5,2.513488948956464E-5,5.966763139570908E-5,0.0019487682213025026,7.034258853810308E-5,5.649808631806243E-4,1.5674984710820286E-5,9.442724460826422E-4,1.473899026439542E-5,1.1666325697525344E-5,0.0013568030659796484,9.608795623630822E-5,3.885351959961781E-4,0.017542014853484524,1.5519143334555727E-5,4.547905496321571E-5,0.007466728047532582,5.849694965186975E-4,2.2424669666080575E-5,0.0025309741644177946,1.31174951383533E-4,6.7717479338683E-5],[7.118871795067643E-4,0.0010752785279091125,0.0016616088105814433,0.001692300079454238,7.570971562726808E-4,3.981253867779821E-4,0.001730999959521854,5.519665874906668E-4,0.023533937930151325,0.010552932344308182,8.255550757785553E-4,0.0010848802728368042,0.0014272795334428717,3.070608957463001E-4,0.01872287573362227,0.0014561770043593132,0.001745241554922304,0.002652186828932471,0.00907369681543762,0.0030614086277021687,0.0017160467659876597,0.0018844724326886745,0.0016135984240014717,1.0,0.0010879347343482457,2.2624864546752412E-4,5.87796892156045E-4,0.0015094484108340576,0.0017337106784285075,0.0017863897538584706,8.859102065396892E-4,0.0011985095363577503,0.0015289669375251871,4.5560784613702066E-4,0.002057820417749628,0.0013946759625580115,0.0014631510420008138,8.682292672601832E-5,0.001733464970606648,1.0967141907102318E-4,0.001609714771696269,0.0025836631120665487,0.0017037874003515865,0.0016069293452822557,0.01856167224873421,0.0010917558440706467,4.632987361200891E-4,0.003110177264079285,0.0018809096013629432,8.756446701499777E-4,0.003992288546086344,8.284733895214928E-4,0.0016801492227604947],[5.329366041628194E-4,9.04328600403793E-4,8.086088011611656E-4,0.0011712870861345,9.093638338943813E-4,1.467190887094087E-4,0.0013872707550402208,4.64450875230139E-4,0.012161803495277658,0.005045538015390462,6.800081465774513E-4,5.448701486692798E-4,0.0011090816633783412,6.581386411444692E-4,0.027294034604400986,5.577810457281458E-4,0.0016555140115592564,0.007960138733839495,0.006467474359281982,0.0029990656700447866,7.724619074155598E-4,9.470704881350844E-4,3.3475372999164333E-4,0.0010879347343482457,1.0,9.581090818538613E-4,9.3268223029148E-5,8.865343678303534E-4,0.0013106176202185018,1.522765979528865E-4,7.791599580013797E-4,6.25556256266477E-4,3.604093205026624E-4,2.0337904336720976E-4,0.0018120129076494116,5.875515263097852E-4,0.0010418717996233309,4.436041818016976E-4,0.0010515142590321223,3.783623891189005E-5,9.933941352866199E-4,0.0011910763929101498,7.165120723663443E-4,0.001258908556460177,0.007895753760047086,2.695939470928974E-4,8.70697431366352E-4,0.005645779936542215,0.0011230189739989893,2.2305709386275614E-4,0.00678001399960901,2.9631254130976884E-4,2.6102160699810066E-4],[6.670477409271593E-5,1.9744397015292352E-4,1.38277476913392E-4,3.669087384805984E-4,3.0334464264627597E-4,1.1312293060625863E-4,6.54053350624922E-4,2.63770468243442E-4,0.01171618753866899,0.029476706388761775,1.9943102780077325E-5,1.853541920729025E-4,7.027286539500446E-4,1.2196704271875486E-4,6.451019832484966E-4,4.528226147912612E-4,5.739302997703098E-4,0.0027533686794449764,0.0011569330982948442,0.0014683485304179521,4.1270420853811376E-4,6.128680159780651E-4,5.401812118694835E-5,2.2624864546752412E-4,9.581090818538613E-4,1.0,1.0226493361696909E-4,9.727293496864E-5,0.0012931483364773564,8.941900062283056E-5,3.7658447999744843E-4,9.762471796107008E-5,1.1220603934032618E-4,1.0723995441149765E-4,5.512264683017018E-4,1.046799766696161E-4,6.446436510906134E-4,6.482810673097609E-5,9.309442800491958E-4,4.818149834119271E-5,1.1311179168628472E-4,7.23470949734011E-4,1.4651103259005134E-4,7.875469888314098E-4,0.008878805281884164,9.823030834595483E-5,2.940175814728046E-4,0.0021930716358426533,8.369638264794726E-4,6.45229560624105E-5,0.002336278466502603,1.533365483836613E-4,1.2756080707956023E-4],[1.254658870597813E-5,1.2409738354246354E-4,9.124525403722512E-5,0.0012038713165340219,5.063786313624917E-5,1.0340924231756033E-4,0.0013089629237304453,2.4602972006852584E-4,0.02012693755818311,0.02093521233705739,1.1748100488975634E-5,1.8368881588941063E-4,2.3155371664969652E-4,1.5635463601908436E-4,0.014591345821680323,5.9805377794353934E-5,8.331524049003233E-4,0.006043456317244754,0.009366509043663767,0.0015976494968996632,4.583412667106482E-4,5.998208271153453E-4,1.3713624587992912E-5,5.87796892156045E-4,9.3268223029148E-5,1.0226493361696909E-4,1.0,2.894335278232037E-5,0.0011757298419956873,1.3676966716186145E-5,3.556031713832172E-4,1.439523152709714E-5,9.824367908959828E-5,3.9071660526244885E-5,6.106640930250057E-5,1.2492820254755469E-5,3.275073292529779E-4,1.1774389616164646E-5,0.0013299064883719896,1.2840257894406767E-5,1.083447834314259E-5,0.002075048863673361,1.8231385929482764E-5,3.04881708939675E-4,0.014629676111672292,1.2261038825857383E-5,5.894237404118076E-5,0.014345510270630095,3.541697872487664E-4,4.987516452277106E-5,0.004674210257808514,1.4141866306175254E-4,8.642646014482382E-5],[1.7761702948493425E-5,4.0676920255443295E-5,4.901540729106794E-5,3.951720291798913E-4,2.936422573767101E-4,1.0456936668047736E-4,7.122218978399833E-4,1.1960051326365103E-4,0.036644133819480534,0.008923442347755314,3.3936137919191375E-5,4.949745375006381E-5,8.649711590433018E-4,1.6007377862018617E-4,0.028052624397262596,3.4966726836173194E-4,5.684438648052611E-4,0.008490525302615798,0.005860889784550206,0.004210795090208709,4.6642822660561184E-4,9.799400189632762E-5,2.996650156889815E-5,0.0015094484108340576,8.865343678303534E-4,9.727293496864E-5,2.894335278232037E-5,1.0,7.450321511083546E-4,2.2337060494429222E-5,3.878851731942424E-4,1.9312060897100802E-5,8.58275708571555E-5,5.1879198329362355E-5,9.249935862759499E-4,7.562606708059265E-5,8.031346777645134E-4,2.9969450406300646E-5,0.0012166119111101886,2.8086439752518937E-5,2.189164365070063E-5,9.408937385517655E-4,1.1178738695874697E-4,3.4193810410500746E-4,0.005447087060517821,1.674620713362551E-5,5.18789170642133E-5,0.01163533667307835,6.786211935708023E-4,4.672930866254483E-5,0.004710263685394482,8.834003411061404E-5,1.2065793052331151E-4],[6.105090477214595E-4,0.0013183506522102023,3.9286874283351995E-4,0.0013797847335446519,7.269556869095889E-4,9.543052951089553E-4,0.0014078277607485906,6.093839739940716E-4,0.016491481251681133,0.028334718428296865,5.866354442197763E-4,0.0011368312744495508,0.0013472004070948216,9.639117906249976E-4,0.0321959756585272,0.0012813186705401274,0.0014263589389489962,0.008996323646001739,0.011672739430970636,0.0037947313501428817,0.0012269199269034992,9.671668869253528E-4,0.0013346536998975014,0.0017337106784285075,0.0013106176202185018,0.0012931483364773564,0.0011757298419956873,7.450321511083546E-4,1.0,2.239467291729006E-4,0.001146401372477298,3.686751362410023E-4,0.0010237061979296938,3.033228401824611E-4,0.0014489204675604368,3.511670281762296E-4,0.0012683122762791673,6.488675858968712E-4,0.0013825368973504905,0.001200112414105106,5.771985688479991E-4,0.001784568234165497,7.814191639214693E-4,0.0012788897549006765,0.019865552541927952,0.0010511554146923569,0.001395517283847804,0.00750923350517993,0.0013504724319305097,0.0010952235617621275,0.0061638764606247575,0.0011954515672743357,0.0011891937829542943],[1.4186471360296177E-5,2.783376555487965E-4,7.075415780904981E-5,1.2736415388302574E-4,1.4452735256889637E-4,2.5509232411855904E-5,0.0013202164207338303,5.768874506594452E-5,0.03892535164191731,0.010847190257500354,1.063987658424786E-5,2.0765794774778252E-5,0.001054618345196486,2.7131823290210784E-5,0.023727670909237813,4.762758653149511E-4,1.5868774549698047E-4,0.001501216530047366,0.0056687374694864515,0.002304221764887226,6.706266099955983E-4,4.947907590821702E-4,1.8163275259500444E-5,0.0017863897538584706,1.522765979528865E-4,8.941900062283056E-5,1.3676966716186145E-5,2.2337060494429222E-5,2.239467291729006E-4,1.0,3.7746536159063586E-5,1.888299333853334E-5,6.54771232715042E-5,7.052829950319953E-5,9.168890020452697E-4,3.5578941432075096E-5,9.517901562921716E-4,1.4838116964771477E-5,6.130919720789923E-4,1.6817006176013346E-5,1.8535104863450627E-5,0.001391639293725467,1.4303885594574712E-4,0.0012266836511869343,0.025874977135146675,1.946373325263727E-5,6.121251649879452E-5,0.014806413054560557,6.592869380367816E-4,3.156436337261171E-5,0.005019436643684327,5.57305039018582E-5,8.144626689398027E-5],[2.273532549909498E-5,5.580115697837496E-4,4.776690866738647E-4,8.053124678982873E-4,4.452256884080957E-4,3.4454718922854555E-4,0.0012295330335499914,3.884063605445021E-4,0.02662458082685894,0.018586075235589333,3.246775816198457E-4,4.595575138337365E-4,9.158923993108856E-4,3.1155898951526164E-4,0.007696290757762928,5.122186190712177E-4,0.001311278762458433,0.006320712591014972,0.0075256020708247,0.002058351222858459,6.275911237988245E-4,5.880042135569998E-4,3.1587944903128164E-4,8.859102065396892E-4,7.791599580013797E-4,3.7658447999744843E-4,3.556031713832172E-4,3.878851731942424E-4,0.001146401372477298,3.7746536159063586E-5,1.0,1.825443441356066E-4,3.3252047870383015E-4,1.7319769765684233E-4,0.0018319680789187903,1.6436633121478565E-4,6.298181071932543E-4,1.7679963214145273E-4,7.820732500862808E-4,3.3894029697468554E-4,4.6155785918423263E-4,7.063956404591181E-4,3.675323418324923E-4,8.654716060389224E-4,0.011219676300571593,4.5953061407923135E-4,3.567272182705397E-4,0.004091036840145099,8.024241351965141E-4,2.4407974222746657E-4,0.0021575710667717006,4.5127665090869415E-4,4.305846236555229E-4],[1.5462918408791507E-5,2.755159198230593E-5,3.752789489960545E-5,0.0010984934023498829,8.041250104148524E-5,8.01663184676528E-5,0.001168437617491492,2.3154691616918913E-4,0.030445366127414948,0.005221920626414315,1.0958162253985881E-5,5.127701625637254E-5,1.4693669328153322E-4,2.300646867512877E-4,0.02955987215258839,6.304501915472857E-5,0.0017061261816351614,0.0032941269858199236,0.005453254026536548,0.0019842672096556956,6.454425916927871E-4,8.383800818873432E-5,1.6663912975648193E-5,0.0011985095363577503,6.25556256266477E-4,9.762471796107008E-5,1.439523152709714E-5,1.9312060897100802E-5,3.686751362410023E-4,1.888299333853334E-5,1.825443441356066E-4,1.0,7.286578031811516E-5,5.982645973318286E-5,0.0022310993383319695,7.428870156364918E-5,6.259617611130117E-4,1.7039850754729435E-5,4.458407992437564E-4,1.6691909088302473E-5,1.573450889157125E-5,3.532986192587456E-4,8.425374242287401E-5,1.5994535822017996E-4,0.006250987755422967,1.6132155977099093E-5,1.4028694009281972E-4,0.015867798578779593,1.1455865561292353E-4,2.644415864786782E-5,8.174521151477694E-4,1.472047222019255E-4,1.2117405845229512E-4],[1.0336307538100827E-4,1.1419612192046582E-4,1.5867369911418477E-4,2.845357620173356E-4,2.051135830390691E-4,1.0535576204460725E-4,0.0014225400323621097,1.820580974233942E-4,0.006486638114030429,0.028599125203377262,4.375524553791678E-5,1.7690865542981023E-4,6.044234907783754E-4,2.0353741117690998E-4,0.03225602746957112,1.7953607386408515E-4,0.0013800425877508022,0.0017219473539341918,0.007136822955149494,5.043186173016242E-4,6.987535084153729E-4,8.07606708498726E-4,2.513488948956464E-5,0.0015289669375251871,3.604093205026624E-4,1.1220603934032618E-4,9.824367908959828E-5,8.58275708571555E-5,0.0010237061979296938,6.54771232715042E-5,3.3252047870383015E-4,7.286578031811516E-5,1.0,8.578875064222099E-5,0.001879794768862853,9.17990930249845E-5,9.498488707701658E-4,5.867127903062058E-5,9.237304723525422E-4,6.260440010478647E-5,1.699897354127674E-5,0.0015387009395238268,1.1000310856689278E-4,0.0011113098226252255,0.02470111947261613,5.0281367205375524E-5,1.5619805435079545E-4,0.00412875843757694,4.4519411987002877E-4,5.468481257109792E-5,0.0043249030579507524,1.3085213696621475E-4,1.2784680995611388E-4],[2.3457636591632973E-5,3.798556254472198E-4,1.4974686824780406E-4,5.383641066772165E-4,1.4080570622304373E-4,8.958543434529498E-5,0.0011398786890548089,1.4814880587356072E-4,0.031754188736532,0.02538735266748899,2.5691550478052493E-5,2.1393900357939677E-4,7.618144199537315E-4,9.44156809488359E-5,0.013674669320610637,1.2807086643489693E-4,9.513485685793547E-4,0.00810817705491858,0.003379392278864171,0.001842711398863759,5.547494986203375E-4,4.99888804227068E-4,5.966763139570908E-5,4.5560784613702066E-4,2.0337904336720976E-4,1.0723995441149765E-4,3.9071660526244885E-5,5.1879198329362355E-5,3.033228401824611E-4,7.052829950319953E-5,1.7319769765684233E-4,5.982645973318286E-5,8.578875064222099E-5,1.0,0.0011290336871692885,8.323743167919333E-5,9.96346827514193E-4,5.42373820437786E-5,0.0013446249583063258,7.583941238131821E-5,4.9087716214223006E-5,0.001539673555666045,8.647740149782956E-5,5.42706876853269E-4,0.004436585229750777,3.549635668874587E-5,9.529738828367476E-5,0.011622883400427043,0.0010219933264551345,5.236500897134376E-5,9.847281965215332E-4,1.4812700285565559E-4,1.0835082297012764E-4],[0.001150867246136588,0.001880547754290475,6.03370514463479E-4,0.0019818580174669705,0.0010352706855912353,0.002238944361339411,0.002102167869693165,6.675418979819271E-4,0.022682750178484208,0.007907855914484174,0.0019727781914372143,0.0011741336051962214,0.0018905123263676042,0.0022396869160547835,0.015645723248716728,0.0012548851374302099,0.001949807939721885,0.005872224671211755,0.006050407062320558,0.004516818875583875,0.0016408688937527304,0.0018366364586991483,0.0019487682213025026,0.002057820417749628,0.0018120129076494116,5.512264683017018E-4,6.106640930250057E-5,9.249935862759499E-4,0.0014489204675604368,9.168890020452697E-4,0.0018319680789187903,0.0022310993383319695,0.001879794768862853,0.0011290336871692885,1.0,0.0017125147652641637,0.0019398329736942236,6.31686480757415E-4,0.0018125355375253247,8.072791951725771E-4,8.578676310777748E-4,0.0024816374279184113,0.0017719411455376802,0.002067197936899334,0.015899946190498275,5.882165081599413E-4,0.0018143722097789879,0.006739068322715664,0.0019988809645793554,0.0012813708814839603,0.004454998416298545,0.0017049783805141295,0.001213767696967451],[2.8967970591554823E-5,6.048319589337756E-4,1.2088592180180366E-4,9.177157457899187E-4,2.9266867192154574E-4,9.610575631802316E-5,5.483274737829145E-4,1.0818976172426341E-4,0.022066575637529694,0.0020860991497852967,4.846100218857405E-5,8.945508650802812E-5,3.349776557482793E-4,2.4194757947338408E-4,0.026348407877393735,5.217034230118774E-4,2.492238172451548E-4,2.3198612485685405E-4,0.006103454642245213,0.004229939382696147,6.440136009098476E-4,2.9929006108112043E-4,7.034258853810308E-5,0.0013946759625580115,5.875515263097852E-4,1.046799766696161E-4,1.2492820254755469E-5,7.562606708059265E-5,3.511670281762296E-4,3.5578941432075096E-5,1.6436633121478565E-4,7.428870156364918E-5,9.17990930249845E-5,8.323743167919333E-5,0.0017125147652641637,1.0,6.413849255431738E-4,6.836908529622466E-5,2.1286776113757963E-4,7.780063209557713E-5,5.728691834701028E-5,4.2318791100990483E-4,1.1476353071027351E-4,0.0010865606921982047,0.026898027231276014,6.879358898028101E-5,8.889116032763439E-5,7.911403237090423E-4,2.3187850704216897E-4,6.245896825393199E-5,0.002575526440738608,1.227854208806988E-4,1.4789333752804362E-4],[2.7329835617981