[[1.0,3.0900839819914845E-4,8.856848992007451E-4,0.0011077370677990083,5.930128122705188E-4,0.01246935485840367,0.010385910051753688,0.014392762217119631,0.0011277069748936372,7.939230645129532E-4,5.729697089674923E-4,0.0032391096120182768,0.0014372411399655532,9.692187703267061E-4,9.421288314232799E-4,4.936506047894963E-4,0.0015303734863476414,0.014107264530976974,0.0035156362569965577,0.024496242104105104,8.247622605690799E-4,0.0016382945343138447,2.2037670198736322E-4,0.0012399784748138045,0.0013377094862112085,0.0016511841548668138,0.0028141962863529888,8.945221205382283E-4,0.0011302873528305987,8.161675941822386E-4,2.277833207962724E-4,0.0010016513700482562,9.038434889596212E-4,0.0011587961090954151,0.006968492208538311,0.0012990161797210666,0.00532246610916187,0.0012532178741559595,4.46199242432223E-4,2.2586064198628464E-4,7.456804393593784E-4,0.0012648966921172571,3.694630389068797E-4,0.0017549575202047652,0.0011998834207071945,0.0012271357060116023,0.0028374438211381504,0.0016995515432951462,5.522912401707799E-4,1.9897376076555978E-4,2.3925074315100735E-4,0.0010113634588819497],[3.0900839819914845E-4,1.0,2.2430498505497242E-4,4.644860592024532E-4,1.6837594464151205E-4,0.006147718272464911,0.007536002508180528,0.006084456213617045,7.473881667321807E-5,3.2851898246019444E-4,2.5741116244010415E-4,0.0011175402001157065,0.0022572884278139944,1.4408369791817837E-5,1.3612197191597208E-4,2.066654157011885E-4,0.008549293038420223,0.0027823636517762965,0.001571326697342173,0.022105267087746898,1.5201284422227927E-5,8.042189336161236E-4,1.995632774154279E-5,2.616182660028019E-4,0.0010056517030859909,5.150752851151186E-4,0.008216579361869899,5.1550548966867325E-5,2.8064182198415575E-4,5.014931539261264E-4,9.741978983574143E-5,1.9627446466573625E-5,2.5707014558653528E-5,1.47521375138325E-5,0.016472835558261817,0.0010356697167902273,0.005771418149511406,5.280755369770583E-4,1.624896410396801E-5,9.691916245837997E-5,1.484983907627265E-4,3.3281654888171335E-4,2.389991753042247E-4,0.003561771174455734,7.475808557149492E-5,0.0011064240331247412,0.004295203113780244,0.020097393448219016,1.8297179655895498E-5,1.5160162590749665E-5,9.272826872586447E-5,7.808453734856688E-5],[8.856848992007451E-4,2.2430498505497242E-4,1.0,6.744962493575092E-4,3.835962692479884E-4,0.006716748081329228,0.02461156538785898,0.005935292275407405,9.478343070736863E-5,5.236651074754675E-4,3.261896440007795E-4,0.002479983847122927,0.0017467211078533984,3.8234039017246113E-4,4.358320902730746E-4,3.634095064780279E-4,0.0011717853036905853,0.03450507712589092,0.0010590265573572014,0.022668584767598837,1.8317999195767006E-4,9.313950429436994E-4,4.981916984586553E-5,3.317358119825643E-4,6.722737252700859E-4,0.001609003325741783,0.014543054105123548,4.413054711892887E-4,3.985565528210885E-4,5.125422246579605E-4,2.0730834035635932E-4,2.558774508889701E-4,4.501090244795785E-4,1.9213604166403751E-4,0.0161973331776237,0.0013449718886111703,0.004607419923603184,7.33198026000222E-4,3.961494514363625E-4,4.269005738456683E-4,3.5935562555313246E-4,6.793997940785784E-4,4.3824573495770486E-4,0.0016036245355727256,2.58864474947102E-4,0.0012059556893579673,0.004309245471925449,0.01700509816703534,3.656602035303464E-4,4.32757850094774E-4,2.1635885089400753E-4,2.714244765244173E-4],[0.0011077370677990083,4.644860592024532E-4,6.744962493575092E-4,1.0,6.460112312881045E-4,0.013200903368292313,0.007865715310911863,0.0025026794916049168,6.432221268820296E-4,6.704536982494369E-4,5.706215578694012E-4,0.003636299955617611,0.0019870598523270737,8.383843357582254E-4,3.860067724984574E-4,4.1543076067129917E-4,0.003745603977405342,0.020004067617768313,0.002704471818888589,0.02002945451872255,7.189670473804332E-5,0.0016952008691105882,8.201804278729428E-4,6.714812584648943E-4,0.001063030486230472,0.0015466380101312007,0.009921071742122348,5.460843585653485E-4,7.424536109547019E-4,5.561763963966538E-4,3.6536881058010757E-4,4.117630470283523E-5,5.968346147762546E-4,7.888789286803845E-4,0.0010817103511619693,0.002322227692881719,0.0057603880107571365,9.497061522513982E-4,4.281740959111314E-4,6.941684415944191E-4,5.394539497215879E-4,8.817984155397878E-4,5.160841422486528E-4,0.003233719846162245,8.318471729324007E-4,0.0010136371587104616,0.0024942393770246195,0.014970757160472822,3.3254130134031164E-4,3.7805293650215534E-5,4.8017463613079234E-4,8.907868876786566E-4],[5.930128122705188E-4,1.6837594464151205E-4,3.835962692479884E-4,6.460112312881045E-4,1.0,0.012918798904724986,0.005513378548744152,0.0024095966508141655,8.209740813568761E-5,3.372060775652452E-4,3.033517151751015E-4,9.777663767283613E-4,2.81976892655913E-4,6.569995624410282E-5,2.1263790862794833E-4,2.3780252919834884E-4,0.00846178028626057,0.027979645225239054,0.00561810253642124,0.01175643461283097,3.680911454424757E-5,0.0013809422914375302,1.1783665873154597E-4,3.0272932041856495E-4,7.184768665321234E-4,5.510458885319157E-4,0.0025318230279480322,2.1692513016354883E-4,3.088919324487533E-4,2.7849566296406534E-4,1.818682662230658E-4,7.574362380797204E-5,7.581345278183404E-5,1.8097395034532993E-4,0.01519921069876475,0.0017171489504157944,0.002811981507509717,1.9165249511807358E-4,1.0884462030883139E-4,1.3246663785512888E-4,3.11811969640387E-4,6.764988387709854E-4,2.0766857127869226E-4,0.0014506686917089614,2.3731998592120166E-4,9.605355942422201E-4,0.0021705413042052805,0.0076251360949871425,2.301091925766343E-4,4.8130265045468844E-5,1.4500090466701537E-4,1.5633712791605358E-4],[0.01246935485840367,0.006147718272464911,0.006716748081329228,0.013200903368292313,0.012918798904724986,1.0,0.018020897994702797,0.014481271313062798,0.0017171170226696123,0.01062910877470876,0.00512019439112723,0.004191478359280477,0.010221144018535756,0.007629430921797754,0.006075457531431199,0.0018725012168612583,0.010353707667303936,0.02328390396480781,0.010803982440090381,0.02796357789092279,0.0092905394302059,0.011912372849290564,0.007873987347097183,0.0016830504789886816,0.001406208867841544,0.003993009557085997,0.015191645144966653,0.012233503213499445,0.0014264677674189034,0.00874006210010263,0.0016585397893865207,0.013271415123298144,0.013218691714419703,0.005320913798165055,0.016237484138560476,0.005499685744948855,0.010942110479214888,0.006325293131455948,0.0037640452312832314,0.0010983693486220267,8.506140033634689E-4,0.011028564816912586,0.0026360384165041314,0.012115754382512417,0.008106562583379611,0.004140927839446099,0.007781528879242397,0.020547400776864917,0.008373111910601343,0.0013745720408418949,0.0032821909310077964,0.003339005839505883],[0.010385910051753688,0.007536002508180528,0.02461156538785898,0.007865715310911863,0.005513378548744152,0.018020897994702797,1.0,0.02295428990235644,0.0161770279076623,0.001348225976881123,0.01928037600021981,0.014784621574831496,0.017066519819917764,0.019001483563659424,0.02457109899197142,0.0063164074016873375,0.009333147022196328,0.028201418112758135,0.0139962057555967,0.02534465347866076,0.01738153760079857,0.01992459230663884,0.010469383984135931,0.023207131008153446,0.01300106621724628,0.012107613460412121,0.02161982765575573,0.004242117856641334,0.00813910712752146,0.010628413353343559,0.00539552420324836,0.0060721174958842045,0.019886365955356772,0.014908509672688145,0.020769725198593002,0.012084044104173053,0.019391673155475048,0.0228225087574469,0.003534827693856098,0.005738156454186264,0.023914218387604325,0.013680165723898416,0.016893324135755453,0.010440919485405504,0.016321242233787035,0.02416568923527083,0.014960074287459872,0.028420876679890426,0.015827961015605775,0.009099199202120073,0.015163268416311491,0.014767535168215138],[0.014392762217119631,0.006084456213617045,0.005935292275407405,0.0025026794916049168,0.0024095966508141655,0.014481271313062798,0.02295428990235644,1.0,0.005845376213343207,0.009763608902375452,0.007328848740939801,0.010045792912547254,0.008062500239138376,0.0030780953400600924,0.009905840771481737,0.012803726735486985,0.01505941327142242,0.03354646769737277,0.006975835961237427,0.023789291528486037,0.0076849573707828385,0.007039962186192331,0.008101012712063267,0.008910743953412497,0.008321200344013633,0.014971333196783315,0.016320191605720062,0.015872904767487345,0.008450810287299722,0.00460557131425814,0.0068424190346516745,0.011974184007200525,5.482519935818278E-4,0.013785904079241493,0.016666666666666666,0.01502422996454003,0.01224030021702861,0.013228499033534267,0.015206363086339453,0.004659159285745941,0.006375458594567635,0.012264226853351287,0.00960961499430564,0.010123272243406046,0.007424794817946008,0.012004128239030298,0.011931998794227091,0.022613832514218907,0.01596138399624669,0.006427459077692296,0.009678817344366781,0.014165949523020416],[0.0011277069748936372,7.473881667321807E-5,9.478343070736863E-5,6.432221268820296E-4,8.209740813568761E-5,0.0017171170226696123,0.0161770279076623,0.005845376213343207,1.0,3.2959039761526823E-4,2.6424567145116304E-4,0.002153168761122168,5.1764108709621E-4,4.526211076352993E-5,1.9205525502937626E-4,1.487373713250315E-4,0.007214421248490573,0.02694974284782422,0.0020793665088948586,0.014377978286679525,4.291352860383233E-5,9.560197838238908E-4,6.344337353815923E-5,2.1864593302758955E-4,0.001005131832688315,4.300683400876421E-4,0.009808344437306347,2.0070846675419342E-4,2.3470206280866543E-4,4.573802612407734E-4,1.3582684186003925E-4,4.361802998049432E-5,6.913617041927701E-5,3.840161426761083E-5,0.01333951408509046,1.5554095613097771E-4,0.0026441330894095326,1.4631798675271982E-4,5.55232629271096E-5,8.810943451428221E-5,1.7532425231059167E-4,7.397736995592745E-4,1.4166715194040874E-4,0.0034425784611581737,2.1697468716798797E-4,3.104278266521578E-4,3.768495428885926E-4,0.01609249263787491,1.1296484789514357E-4,4.031250586366612E-5,1.2902449972358553E-4,1.3343409298776244E-4],[7.939230645129532E-4,3.2851898246019444E-4,5.236651074754675E-4,6.704536982494369E-4,3.372060775652452E-4,0.01062910877470876,0.001348225976881123,0.009763608902375452,3.2959039761526823E-4,1.0,4.5465658098432066E-4,0.003623509178257191,0.00104372839517767,1.803928936167029E-4,3.6934213643421694E-4,4.1492031874478614E-4,0.007874452576939105,0.030458367329324207,0.005652156192198378,0.01077659431860884,5.058507320624436E-4,9.543199633676846E-4,2.064007583823549E-4,5.135085184649119E-4,0.0012205915144791477,6.82066145976102E-4,0.011731461127008885,3.594049374173087E-4,4.5986296773871925E-4,5.268666047960038E-4,1.9879668578710863E-4,8.164163040890149E-5,3.4426370637822987E-4,2.6090763753403257E-4,0.016519209088644456,0.002612584994438517,0.0056399925508887,8.512053188477093E-4,5.012494841988908E-4,4.783878613802744E-4,3.880277507225173E-4,7.025691097924027E-4,3.531652427353359E-4,0.001398039773020868,5.101477301575007E-4,7.584149940325666E-4,0.005096845341587102,0.0054747300763003295,2.895918777673033E-4,4.4596638385442454E-4,1.541877693417865E-4,4.608836543736808E-4],[5.729697089674923E-4,2.5741116244010415E-4,3.261896440007795E-4,5.706215578694012E-4,3.033517151751015E-4,0.00512019439112723,0.01928037600021981,0.007328848740939801,2.6424567145116304E-4,4.5465658098432066E-4,1.0,7.918454223536757E-4,8.195878626142508E-4,1.5292580638109573E-4,2.783918461262325E-4,3.0127672749545944E-4,0.008888448171160444,0.005661307813822022,0.0014281406286604896,0.012810409109435488,2.614134604660549E-4,0.0012405518003542804,2.854227118377827E-4,3.166800354691382E-4,6.79675001440224E-4,0.001345986874821925,0.007159752838881423,2.520346941842883E-4,3.752272320782167E-4,3.4842524543554344E-4,2.3174187582312525E-4,2.614486362057377E-4,7.232438757935866E-5,1.1052958015797994E-4,0.004496956213979304,0.0013059337305526878,0.005023332237812895,3.876264510958295E-4,2.104956274191033E-4,2.2305535673259214E-4,3.189402242043463E-4,7.195696724307664E-4,3.23158434403276E-4,0.003227459273632329,2.8112242809525014E-4,9.241334536020326E-4,0.002876356407450164,0.024896251302039575,2.9845121955747347E-4,3.8951903501673285E-5,2.319250019516524E-4,1.904978240544477E-4],[0.0032391096120182768,0.0011175402001157065,0.002479983847122927,0.003636299955617611,9.777663767283613E-4,0.004191478359280477,0.014784621574831496,0.010045792912547254,0.002153168761122168,0.003623509178257191,7.918454223536757E-4,1.0,0.0036974400264395647,0.0010866225172204945,0.0025742376145297583,0.001593677611452876,0.008517162746364975,0.005458375937611417,0.005204836844753964,0.018838196450108022,0.0015785721198175195,0.0030639793399461135,0.0032954157764544774,0.0033756840709560725,0.0030626034193198164,0.0017398538720501218,0.011337819556863846,0.0031680712076302834,0.0032227412706417975,0.0033744161046636665,0.0012536945424883282,0.0017591662738687028,0.003540298685190782,0.003393353023953362,0.010027059116824097,0.0037400294821669363,0.005040191736301736,0.002016408298523598,0.0023173245155799238,0.0036210296987930317,0.0027742431932891607,0.002779053911527929,0.0024136527623921157,0.0038448303886312513,0.0023703091554467827,0.0015464668121096367,0.004067804727347539,0.02255683757295901,5.692481349035387E-4,0.002010640891496001,0.0029397166655420986,0.002194601488441137],[0.0014372411399655532,0.0022572884278139944,0.0017467211078533984,0.0019870598523270737,2.81976892655913E-4,0.010221144018535756,0.017066519819917764,0.008062500239138376,5.1764108709621E-4,0.00104372839517767,8.195878626142508E-4,0.0036974400264395647,1.0,0.0010559494835185876,7.299175936249738E-4,0.0013126989947242617,0.005690869092748237,0.032216137714381615,0.0029752577465947607,0.015733500492292704,1.7889171400602185E-4,0.002122680415214209,9.317302779316716E-4,0.0010469038663285456,0.0018396785205554126,0.002149848353517795,0.008708960768702185,0.0019816918028342117,0.0011572916854204205,0.0021558660412743873,0.0010665123373967585,0.0019128391045241417,0.00172830868141922,0.0016017763961930906,0.0053841644320560015,0.002670031804833402,0.005352871933218299,0.002184418250317376,0.002092988860611486,0.0015590457490197546,0.0015634691179925882,0.001925556391524752,0.0013300366504810572,0.002735026846886784,0.0012770133509002345,0.0023625354875972185,0.002537546958030644,0.010868659359155819,8.714796407485047E-4,9.7277150440401E-4,0.001184087239747575,6.599629309739437E-4],[9.692187703267061E-4,1.4408369791817837E-5,3.8234039017246113E-4,8.383843357582254E-4,6.569995624410282E-5,0.007629430921797754,0.019001483563659424,0.0030780953400600924,4.526211076352993E-5,1.803928936167029E-4,1.5292580638109573E-4,0.0010866225172204945,0.0010559494835185876,1.0,1.9740991675795225E-4,6.426415805780891E-5,0.0017699390566275372,0.02505349797698961,0.002420704506134289,0.011036081459958087,1.6887431114450812E-5,9.152777474333019E-4,1.8894179587456362E-5,9.553900493244442E-5,0.00105624619821853,0.0014152635892079372,0.010997823235021138,1.6773771131959727E-4,3.683576339599399E-5,3.1194469724702E-4,7.467236684229747E-5,1.8081959935642563E-5,4.073448650081371E-5,1.442395096106127E-5,0.0032887624939244293,4.2208038291603495E-4,0.0010583504941062253,7.307944103578225E-4,1.4776089856891385E-5,5.0987341180675845E-5,2.961316317671453E-4,7.62368592096953E-5,2.028914061807774E-4,2.3523364696581302E-5,6.375290679136846E-5,3.61122628767012E-5,0.002765043210310028,0.01121509591730806,1.8457609990731378E-4,1.597470862480739E-5,1.1026155823534833E-4,1.543000460789735E-4],[9.421288314232799E-4,1.3612197191597208E-4,4.358320902730746E-4,3.860067724984574E-4,2.1263790862794833E-4,0.006075457531431199,0.02457109899197142,0.009905840771481737,1.9205525502937626E-4,3.6934213643421694E-4,2.783918461262325E-4,0.0025742376145297583,7.299175936249738E-4,1.9740991675795225E-4,1.0,2.3232712730558608E-4,0.0034076715847605266,0.019373043969764737,2.867754862559713E-4,0.0020374804414638502,2.112134386876231E-4,0.001478209603506908,2.067413924846604E-4,2.531314597988442E-4,3.1454583940746493E-4,0.0011666059014763162,0.0064206587993125884,2.279785972601916E-4,2.304079747950333E-4,3.729730308386296E-4,2.061508070455157E-4,8.399900024165165E-5,2.125972859015271E-4,1.7594569386809194E-4,0.014431066428566636,4.152439839242496E-4,0.00251416999330909,3.8102791455262534E-4,1.6236198435662938E-4,1.6671052266752618E-4,2.6223027661153263E-4,3.705397398670086E-4,2.8400178398945894E-4,7.661298682069472E-4,2.298873052842929E-4,4.2289819356521475E-4,0.005867366988636445,0.008451926683820277,2.3002590780642969E-4,1.9558037287673998E-4,1.8109297373719734E-4,1.6943313256966055E-4],[4.936506047894963E-4,2.066654157011885E-4,3.634095064780279E-4,4.1543076067129917E-4,2.3780252919834884E-4,0.0018725012168612583,0.0063164074016873375,0.012803726735486985,1.487373713250315E-4,4.1492031874478614E-4,3.0127672749545944E-4,0.001593677611452876,0.0013126989947242617,6.426415805780891E-5,2.3232712730558608E-4,1.0,0.006131571501760779,0.023916273528139083,0.003900538974091344,0.0046429679922686705,2.1243428058070223E-4,5.121519754765782E-4,1.2102250355288405E-4,2.7983117626087094E-4,6.363442549856504E-4,5.645614917627697E-4,0.01336175913314361,2.4118524091221811E-4,3.0817538067238483E-4,4.438823485824942E-4,1.9865181037914277E-4,1.467801339316326E-4,7.927233728873546E-5,2.1116058296610573E-4,0.014114911289894751,3.1409085913363175E-4,0.0017378303145913385,4.6396203282077296E-4,2.1863764437975923E-4,1.6240412434631848E-4,2.4662819395607704E-4,5.004758302925247E-4,2.8785003302615134E-4,0.0011755434906716236,2.4205654840795036E-4,2.9533768690855164E-4,3.577231324253552E-4,0.029355913911480472,2.4099970900434182E-4,6.88938660559552E-5,1.4776298045643578E-4,1.724933724297172E-4],[0.0015303734863476414,0.008549293038420223,0.0011717853036905853,0.003745603977405342,0.00846178028626057,0.010353707667303936,0.009333147022196328,0.01505941327142242,0.007214421248490573,0.007874452576939105,0.008888448171160444,0.008517162746364975,0.005690869092748237,0.0017699390566275372,0.0034076715847605266,0.006131571501760779,1.0,0.015466525798837706,0.00645167386690513,0.022283578286793053,0.0017319429118232933,0.006455114452711692,0.005166303973169323,0.0014278971825334072,0.004939715745959243,0.002131638736205174,0.009217104063962636,0.008821862754741118,0.00886737812461574,0.0078064868793891505,0.00766394167380149,0.007024818501146422,0.004802012148658404,3.700426431212461E-5,0.008935812286801958,0.004689427247040565,0.007173218898617604,0.002597487789164242,0.004719108216195184,0.008496709816991672,0.003150149080412302,0.002720457286095039,0.0058834191932491935,0.005067266366813501,0.0014158046845314089,0.0072666530687132665,0.007212870568642924,0.01568666467143559,0.002459420799271589,0.006408777949076805,0.003986093052821809,0.007383513756336539],[0.014107264530976974,0.0027823636517762965,0.03450507712589092,0.020004067617768313,0.027979645225239054,0.02328390396480781,0.028201418112758135,0.03354646769737277,0.02694974284782422,0.030458367329324207,0.005661307813822022,0.005458375937611417,0.032216137714381615,0.02505349797698961,0.019373043969764737,0.023916273528139083,0.015466525798837706,1.0,0.028405168983538925,0.03289278172958154,0.028076313885223685,0.023769330551913957,0.0032766284069180736,0.0081424725712783,0.025274511141287516,0.0028404981975631727,0.02815923194075149,0.009268445628427286,0.026241731473181883,0.019954669482153263,0.028009580096334908,0.002539438193272824,0.017671457357184422,0.014356144584715532,0.03512989800896543,0.031137073997527197,0.032638249556444225,0.0267210576132844,0.012123987590169425,0.028441070168677585,0.027993554997844047,0.00946021742924797,0.009397439548935498,0.03171811384332824,3.529843923584365E-4,0.0023701696710758217,0.013236374502779608,0.03566815655523352,0.009072229988690153,0.001310859109753716,0.017590122714540288,0.013724688039602754],[0.0035156362569965577,0.001571326697342173,0.0010590265573572014,0.002704471818888589,0.00561810253642124,0.010803982440090381,0.0139962057555967,0.006975835961237427,0.0020793665088948586,0.005652156192198378,0.0014281406286604896,0.005204836844753964,0.0029752577465947607,0.002420704506134289,2.867754862559713E-4,0.003900538974091344,0.00645167386690513,0.028405168983538925,1.0,0.009886591079120865,0.00292111333781306,0.005648947525457306,0.0056808615260082445,0.003909438780290864,0.005026128881090943,0.0040076419909343425,0.012000727704602428,0.0011841818176208953,0.005239518125205353,7.01762734634715E-4,0.0015053708348912146,0.004242833417404676,0.002195762133460443,0.003484444905145541,0.01238218898959284,0.003920032463602034,0.006241776268215716,0.004452221333582477,0.0018913835956099816,0.003934158536530938,0.001155453832499008,0.0028231515941498967,0.002491251468890342,0.0037025222355784016,3.169445635784166E-4,0.0025831771963945333,0.0059691168045972135,0.0067643721439668725,0.004839835216087707,0.005439485931685997,0.005198293916968025,0.0024757955241293808],[0.024496242104105104,0.022105267087746898,0.022668584767598837,0.02002945451872255,0.01175643461283097,0.02796357789092279,0.02534465347866076,0.023789291528486037,0.014377978286679525,0.01077659431860884,0.012810409109435488,0.018838196450108022,0.015733500492292704,0.011036081459958087,0.0020374804414638502,0.0046429679922686705,0.022283578286793053,0.03289278172958154,0.009886591079120865,1.0,8.992383621651359E-4,0.009832198288420321,0.01365692101579608,0.016253908217233687,0.02475857873337064,0.014914246068046791,0.023184768858711142,0.02035730493792861,0.01912513610298565,0.008181746601842076,0.0016566095324409087,2.6376129873324685E-4,0.017658642807414825,0.009126743965694361,0.02203566918407693,0.01579232036655556,0.015705055869356804,0.009576206537854095,0.003597903286472434,0.008101023406719456,0.004877555535889065,0.01994707841030567,0.007505232136577825,0.02449055011123888,0.024729368655683707,0.012678659751300381,0.026059968139090894,0.028815404035662823,0.0010039202456146935,0.008263967037572527,0.014037774159249524,0.02710597268690998],[8.247622605690799E-4,1.5201284422227927E-5,1.8317999195767006E-4,7.189670473804332E-5,3.680911454424757E-5,0.0092905394302059,0.01738153760079857,0.0076849573707828385,4.291352860383233E-5,5.058507320624436E-4,2.614134604660549E-4,0.0015785721198175195,1.7889171400602185E-4,1.6887431114450812E-5,2.112134386876231E-4,2.1243428058070223E-4,0.0017319429118232933,0.028076313885223685,0.00292111333781306,8.992383621651359E-4,1.0,3.0534967239119666E-4,4.174683494550586E-5,1.25682210573828E-4,4.98574551484642E-4,8.926926335917474E-4,0.0027447370391951963,1.7959119622711767E-4,3.131178508060036E-4,9.415045443495964E-5,1.4851700101874534E-4,3.0475921519241786E-5,3.7240458469614265E-5,3.1257853186701765E-5,0.0027928366248723743,0.0019145242383994954,0.002102653420442557,7.919452642304002E-4,2.546800448098321E-5,1.2027896912264406E-4,5.9465912395691796E-5,4.829246538753173E-4,8.026721708390891E-5,0.002347730073464601,1.0932775478630441E-4,7.188267127409087E-4,0.006039008111542815,0.026007925977119623,2.3866845846410423E-4,3.097084880527125E-5,1.0575922945773385E-4,1.0421641648254121E-4],[0.0016382945343138447,8.042189336161236E-4,9.313950429436994E-4,0.0016952008691105882,0.0013809422914375302,0.011912372849290564,0.01992459230663884,0.007039962186192331,9.560197838238908E-4,9.543199633676846E-4,0.0012405518003542804,0.0030639793399461135,0.002122680415214209,9.152777474333019E-4,0.001478209603506908,5.121519754765782E-4,0.006455114452711692,0.023769330551913957,0.005648947525457306,0.009832198288420321,3.0534967239119666E-4,1.0,0.0014940762747620887,5.150126019183878E-4,0.001552029684977109,0.001864995354076803,0.007165088726543161,0.001165443454549094,0.0014611814930882013,0.0010409655640404012,0.0019400814470167348,0.001778866443869836,0.0018479101155080072,0.0014243353393415298,0.014154106567715824,0.002246129588022613,0.005611495267754482,0.0016853562222138943,1.787645920591558E-4,4.727648010103947E-4,0.0010119094529995017,9.458575734246511E-4,8.936700809475337E-4,0.0021059048584186474,0.0018896804138327306,0.0012700689576805172,0.0023368933090295793,0.014018029347929952,0.0010287304667704633,5.531257092501957E-4,8.556573006363519E-4,4.885261313123099E-4],[2.2037670198736322E-4,1.995632774154279E-5,4.981916984586553E-5,8.201804278729428E-4,1.1783665873154597E-4,0.007873987347097183,0.010469383984135931,0.008101012712063267,6.344337353815923E-5,2.064007583823549E-4,2.854227118377827E-4,0.0032954157764544774,9.317302779316716E-4,1.8894179587456362E-5,2.067413924846604E-4,1.2102250355288405E-4,0.005166303973169323,0.0032766284069180736,0.0056808615260082445,0.01365692101579608,4.174683494550586E-5,0.0014940762747620887,1.0,3.0273018007732363E-4,0.001217142819701355,6.675867286497706E-4,0.009232719326575826,2.3591281700180571E-4,1.2869293733107915E-4,3.5046945462567197E-4,9.726028939197803E-5,3.772162917711007E-5,6.338712619483504E-5,3.6291059334686655E-5,2.75633019528841E-4,9.895771830018287E-4,0.004103171305108334,2.0373703565999303E-4,3.142203632857688E-5,8.390661546905822E-5,1.0279408189031867E-4,3.3450637929861784E-4,9.755101825724679E-5,1.8505854595374574E-4,1.395285049461139E-4,5.717283019930617E-4,0.004281917930433848,0.024403116030210788,1.8272246852762343E-4,4.2117343489365305E-5,5.9971664622822556E-5,8.036771654544438E-5],[0.0012399784748138045,2.616182660028019E-4,3.317358119825643E-4,6.714812584648943E-4,3.0272932041856495E-4,0.0016830504789886816,0.023207131008153446,0.008910743953412497,2.1864593302758955E-4,5.135085184649119E-4,3.166800354691382E-4,0.0033756840709560725,0.0010469038663285456,9.553900493244442E-5,2.531314597988442E-4,2.7983117626087094E-4,0.0014278971825334072,0.0081424725712783,0.003909438780290864,0.016253908217233687,1.25682210573828E-4,5.150126019183878E-4,3.0273018007732363E-4,1.0,5.509877352348771E-4,0.0016332283914746173,0.013456415029264396,3.026354776998831E-4,3.676562585566663E-4,3.2629336157518436E-4,2.5470852299242826E-4,8.056415944180235E-5,2.0565697436172105E-4,1.0313251712793643E-4,0.0010559202447379425,0.0023985649666876667,0.0044720319717315585,0.0012363507091393603,3.082957132911812E-4,2.991713530916031E-4,3.26051631794514E-4,7.629041372059607E-4,3.3382340954056283E-4,0.003203360270510861,2.517452561240272E-4,7.553614946866115E-4,0.0027107221443576795,0.01534491772910383,2.554211450320472E-4,1.7472345611113327E-4,1.4661539376965328E-4,2.491264497836355E-4],[0.0013377094862112085,0.0010056517030859909,6.722737252700859E-4,0.001063030486230472,7.184768665321234E-4,0.001406208867841544,0.01300106621724628,0.008321200344013633,0.001005131832688315,0.0012205915144791477,6.79675001440224E-4,0.0030626034193198164,0.0018396785205554126,0.00105624619821853,3.1454583940746493E-4,6.363442549856504E-4,0.004939715745959243,0.025274511141287516,0.005026128881090943,0.02475857873337064,4.98574551484642E-4,0.001552029684977109,0.001217142819701355,5.509877352348771E-4,1.0,0.001604516238936338,0.003907332438835072,6.10738372042036E-4,0.0011153685902124298,0.0010380458492752582,8.407919680775952E-4,0.0010976055046543235,1.4182734902135814E-4,5.760411183329963E-4,0.007265562268688252,0.0017545068900001303,0.004077286184095539,0.001347176687716556,6.709568644714762E-4,0.001317963333099502,9.497446645723856E-4,0.0011120588582609297,5.288995751941941E-4,0.0027197683649158484,0.0012691553637801311,0.0013299678598248932,0.002352434296875601,0.005699845676590123,8.105058313402786E-4,3.549548658561669E-4,3.0336588826431214E-4,0.0011784166094025632],[0.0016511841548668138,5.150752851151186E-4,0.001609003325741783,0.0015466380101312007,5.510458885319157E-4,0.003993009557085997,0.012107613460412121,0.014971333196783315,4.300683400876421E-4,6.82066145976102E-4,0.001345986874821925,0.0017398538720501218,0.002149848353517795,0.0014152635892079372,0.0011666059014763162,5.645614917627697E-4,0.002131638736205174,0.0028404981975631727,0.0040076419909343425,0.014914246068046791,8.926926335917474E-4,0.001864995354076803,6.675867286497706E-4,0.0016332283914746173,0.001604516238936338,1.0,0.010572712642442833,7.732471864944327E-4,9.47675763519191E-4,6.934733350101709E-4,5.965473396349102E-4,4.7589881003136044E-4,6.885194649618792E-4,0.0016328707609989006,0.010284623257925438,0.0026659551598225808,0.005760824222702555,0.0015989333399394228,7.208292861474397E-4,7.948487046185869E-4,0.0014118631078784115,0.0011169463374172206,4.398554225171782E-4,0.00233491062984687,5.673837876368419E-4,0.0013648541858880478,0.004208796833057472,0.018884267842785445,0.001370423857000968,6.479798285890544E-4,3.579970367967835E-4,0.0014973277518408941],[0.0028141962863529888,0.008216579361869899,0.014543054105123548,0.009921071742122348,0.0025318230279480322,0.015191645144966653,0.02161982765575573,0.016320191605720062,0.009808344437306347,0.011731461127008885,0.007159752838881423,0.011337819556863846,0.008708960768702185,0.010997823235021138,0.0064206587993125884,0.01336175913314361,0.009217104063962636,0.02815923194075149,0.012000727704602428,0.023184768858711142,0.0027447370391951963,0.007165088726543161,0.009232719326575826,0.013456415029264396,0.003907332438835072,0.010572712642442833,1.0,0.0049920318703441675,0.013638046495503727,0.009048790361841834,0.0077817062306016534,0.0020070112228961607,0.012734493524034917,1.5404224319426037E-4,0.016581211572297527,0.012455219236592319,0.009826079452663873,0.001685966536417251,0.003658414531405751,0.0023714446663739763,0.008862455401247884,0.0061984476607847205,0.010481416184265383,0.006696498958267507,0.010787083416249591,0.003571613332500537,0.008073706633664055,0.026670317284931456,0.0043633915011486515,0.01212386083564806,0.0022076091274329194,0.01273180708252538],[8.945221205382283E-4,5.1550548966867325E-5,4.413054711892887E-4,5.460843585653485E-4,2.1692513016354883E-4,0.012233503213499445,0.004242117856641334,0.015872904767487345,2.0070846675419342E-4,3.594049374173087E-4,2.520346941842883E-4,0.0031680712076302834,0.0019816918028342117,1.6773771131959727E-4,2.279785972601916E-4,2.4118524091221811E-4,0.008821862754741118,0.009268445628427286,0.0011841818176208953,0.02035730493792861,1.7959119622711767E-4,0.001165443454549094,2.3591281700180571E-4,3.026354776998831E-4,6.10738372042036E-4,7.732471864944327E-4,0.0049920318703441675,1.0,3.2741231695628773E-4,2.7462789023053875E-4,2.03058654605875E-4,1.5907438058121058E-4,2.3179351327601272E-4,1.3082083097972052E-4,0.012629667869809411,4.989813118948705E-4,0.004886174815938158,6.717510412811425E-4,2.3959226354396357E-4,1.9686851858028296E-4,2.993039620813521E-4,7.91957189637706E-4,3.0185544032204636E-4,0.0010020571485743286,2.4212478990538088E-4,9.484627730806639E-4,0.004582291525813572,0.016036866395599574,2.4091245378217668E-4,9.930231718337549E-5,2.3701830809123132E-4,1.91786691681615E-4],[0.0011302873528305987,2.8064182198415575E-4,3.985565528210885E-4,7.424536109547019E-4,3.088919324487533E-4,0.0014264677674189034,0.00813910712752146,0.008450810287299722,2.3470206280866543E-4,4.5986296773871925E-4,3.752272320782167E-4,0.0032227412706417975,0.0011572916854204205,3.683576339599399E-5,2.304079747950333E-4,3.0817538067238483E-4,0.00886737812461574,0.026241731473181883,0.005239518125205353,0.01912513610298565,3.131178508060036E-4,0.0014611814930882013,1.2869293733107915E-4,3.676562585566663E-4,0.0011153685902124298,9.47675763519191E-4,0.013638046495503727,3.2741231695628773E-4,1.0,5.230281526007677E-4,2.9121957785682907E-4,1.475837691567458E-4,8.033722762322612E-5,1.443839791506571E-4,0.004317194980321403,0.002788860283903137,0.0014469841424762674,4.6375472939670545E-4,2.850288109147132E-4,2.44948617147056E-4,3.7938273710439883E-4,4.128090230257654E-4,3.418444578900192E-4,0.003092325515457215,2.957820991447245E-4,6.755350237479473E-4,4.844566051688065E-4,0.005690748139777693,3.0872282377943745E-4,2.0087742712865533E-4,3.821617774427674E-4,2.543790212285584E-4],[8.161675941822386E-4,5.014931539261264E-4,5.125422246579605E-4,5.561763963966538E-4,2.7849566296406534E-4,0.00874006210010263,0.010628413353343559,0.00460557131425814,4.573802612407734E-4,5.268666047960038E-4,3.4842524543554344E-4,0.0033744161046636665,0.0021558660412743873,3.1194469724702E-4,3.729730308386296E-4,4.438823485824942E-4,0.0078064868793891505,0.019954669482153263,7.01762734634715E-4,0.008181746601842076,9.415045443495964E-5,0.0010409655640404012,3.5046945462567197E-4,3.2629336157518436E-4,0.0010380458492752582,6.934733350101709E-4,0.009048790361841834,2.7462789023053875E-4,5.230281526007677E-4,1.0,3.782411032092639E-4,3.9539650708171327E-4,3.152617169692463E-4,1.7880556790106304E-4,0.003245169871243117,0.0013222736589198919,0.0015218733233873741,0.0011248458271830484,5.071143477590889E-4,4.942949950805461E-4,3.4495015167696733E-4,7.370611706228436E-4,5.097756021677797E-4,0.0011365986721250973,5.073675567874576E-4,0.0011448606755020338,0.006016427853420307,0.007306813817514076,2.5847482449227216E-4,2.7131713577788154E-4,3.853571662520782E-4,2.1417636754084962E-4],[2.277833207962724E-4,9.741978983574143E-5,2.0730834035635932E-4,3.6536881058010757E-4,1.818682662230658E-4,0.0016585397893865207,0.00539552420324836,0.0068424190346516745,1.3582684186003925E-4,1.9879668578710863E-4,2.3174187582312525E-4,0.0012536945424883282,0.0010665123373967585,7.467236684229747E-5,2.061508070455157E-4,1.9865181037914277E-4,0.00766394167380149,0.028009580096334908,0.0015053708348912146,0.0016566095324409087,1.4851700101874534E-4,0.0019400814470167348,9.726028939197803E-5,2.5470852299242826E-4,8.407919680775952E-4,5.965473396349102E-4,0.0077817062306016534,2.03058654605875E-4,2.9121957785682907E-4,3.782411032092639E-4,1.0,1.6364881382513235E-4,9.804928259405792E-5,1.6056881748346554E-4,0.012169624284158622,0.0028610064464333687,0.0016144261475604794,8.982130249097332E-4,8.412143217158154E-5,1.4088121943100799E-4,1.8689132868063513E-4,2.59871217117599E-4,2.8302291718883396E-4,0.0031231043202892173,1.9710192434519347E-4,4.428016687168469E-4,0.006461491338311933,0.006782335073889556,2.1099595103471323E-4,1.0341778747616261E-4,1.6894003621221565E-4,1.6096350542235007E-4],[0.0010016513700482562,1.9627446466573625E-5,2.558774508889701E-4,4.117630470283523E-5,7.574362380797204E-5,0.013271415123298144,0.0060721174958842045,0.011974184007200525,4.361802998049432E-5,8.164163040890149E-5,2.614486362057377E-4,0.0017591662738687028,0.0019128391045241417,1.8081959935642563E-5,8.399900024165165E-5,1.467801339316326E-4,0.007024818501146422,0.002539438193272824,0.004242833417404676,2.6376129873324685E-4,3.0475921519241786E-5,0.001778866443869836,3.772162917711007E-5,8.056415944180235E-5,0.0010976055046543235,4.7589881003136044E-4,0.0020070112228961607,1.5907438058121058E-4,1.475837691567458E-4,3.9539650708171327E-4,1.6364881382513235E-4,1.0,4.940042195638945E-5,1.6213168567034655E-5,0.007829121100428691,3.204373077297863E-4,0.002846774430147249,0.0011900004697670491,2.3068987808719967E-5,7.061181015125108E-5,3.955964485033744E-5,1.2636581495744728E-4,1.1596173229636379E-4,0.0011884788811234307,2.4068731058800742E-4,5.579837430032785E-4,9.654555149213071E-4,0.008908345125266627,4.534449401021747E-5,2.1729042322152413E-5,9.419170300775508E-5,3.4417442694780444E-5],[9.038434889596212E-4,2.5707014558653528E-5,4.501090244795785E-4,5.968346147762546E-4,7.581345278183404E-5,0.013218691714419703,0.019886365955356772,5.482519935818278E-4,6.913617041927701E-5,3.4426370637822987E-4,7.232438757935866E-5,0.003540298685190782,0.00172830868141922,4.073448650081371E-5,2.125972859015271E-4,7.927233728873546E-5,0.004802012148658404,0.017671457357184422,0.002195762133460443,0.017658642807414825,3.7240458469614265E-5,0.0018479101155080072,6.338712619483504E-5,2.0565697436172105E-4,1.4182734902135814E-4,6.885194649618792E-4,0.012734493524034917,2.3179351327601272E-4,8.033722762322612E-5,3.152617169692463E-4,9.804928259405792E-5,4.940042195638945E-5,1.0,5.496277845310961E-5,0.0019890349169173205,0.0022502392989569996,0.002512463550934988,0.001184621297553348,2.3075198175738178E-5,1.2036681722310531E-4,2.9182763704696307E-4,4.434762838897471E-4,2.6358547787969853E-4,0.002775310405144671,2.1938167251601439E-4,3.84371637776414E-4,0.006440159838067668,0.024538445769516706,1.64330279977868E-4,3.6599228760811366E-5,7.811877843129149E-5,1.0506798546208086E-4],[0.0011587961090954151,1.47521375138325E-5,1.9213604166403751E-4,7.888789286803845E-4,1.8097395034532993E-4,0.005320913798165055,0.014908509672688145,0.013785904079241493,3.840161426761083E-5,2.6090763753403257E-4,1.1052958015797994E-4,0.003393353023953362,0.0016017763961930906,1.442395096106127E-5,1.7594569386809194E-4,2.1116058296610573E-4,3.700426431212461E-5,0.014356144584715532,0.003484444905145541,0.009126743965694361,3.1257853186701765E-5,0.0014243353393415298,3.6291059334686655E-5,1.0313251712793643E-4,5.760411183329963E-4,0.0016328707609989006,1.5404224319426037E-4,1.3082083097972052E-4,1.443839791506571E-4,1.7880556790106304E-4,1.6056881748346554E-4,1.6213168567034655E-5,5.496277845310961E-5,1.0,0.016092616591497973,0.0018073284039931672,0.002187593066620892,0.0012163183767488067,1.643896665996824E-5,7.40467362339629E-5,9.250741755424662E-5,3.622792468455799E-4,1.0067665418966878E-4,0.002302606414973185,1.2570739687728662E-4,2.847012307086192E-4,0.005692752152337227,0.00872930251110625,2.4722686404298754E-5,1.6015510651658577E-5,1.0916639559568523E-4,9.358939076460122E-5],[0.006968492208538311,0.016472835558261817,0.0161973331776237,0.0010817103511619693,0.01519921069876475,0.016237484138560476,0.020769725198593002,0.016666666666666666,0.01333951408509046,0.016519209088644456,0.004496956213979304,0.010027059116824097,0.0053841644320560015,0.0032887624939244293,0.014431066428566636,0.014114911289894751,0.008935812286801958,0.03512989800896543,0.01238218898959284,0.02203566918407693,0.0027928366248723743,0.014154106567715824,2.75633019528841E-4,0.0010559202447379425,0.007265562268688252,0.010284623257925438,0.016581211572297527,0.012629667869809411,0.004317194980321403,0.003245169871243117,0.012169624284158622,0.007829121100428691,0.0019890349169173205,0.016092616591497973,1.0,0.013696567876441643,0.015336558391099871,0.00834221301944743,0.011757585152498948,0.016304133082633204,0.00826638371196611,0.005249607265712984,0.0035992423905650186,0.006293917023313221,0.0028849198600163417,0.005263537599355683,0.009341299598210517,0.023849549232778385,0.007638376106983799,1.515268518715336E-4,0.0017631776074949707,0.005278599195769031],[0.0012990161797210666,0.0010356697167902273,0.0013449718886111703,0.002322227692881719,0.0017171489504157944,0.005499685744948855,0.012084044104173053,0.01502422996454003,1.5554095613097771E-4,0.002612584994438517,0.0013059337305526878,0.0037400294821669363,0.002670031804833402,4.2208038291603495E-4,4.152439839242496E-4,3.1409085913363175E-4,0.004689427247040565,0.031137073997527197,0.003920032463602034,0.01579232036655556,0.0019145242383994954,0.002246129588022613,9.895771830018287E-4,0.0023985649666876667,0.0017545068900001303,0.0026659551598225808,0.012455219236592319,4.989813118948705E-4,0.002788860283903137,0.0013222736589198919,0.0028610064464333687,3.204373077297863E-4,0.0022502392989569996,0.0018073284039931672,0.013696567876441643,1.0,0.004721015702019033,0.0028059416163905837,0.0027224537824406527,6.287239114196085E-4,0.00245946962994937,0.0017402896638549143,6.402179662868324E-4,0.0033844588775759003,0.0029139027133030025,0.0025070346085342486,0.004358492337781173,0.010926038089738454,0.0024707161852012835,0.0024928126584231325,0.0013186621981398146,1.8659545880592176E-4],[0.00532246610916187,0.005771418149511406,0.004607419923603184,0.0057603880107571365,0.002811981507509717,0.010942110479214888,0.019391673155475048,0.01224030021702861,0.0026441330894095326,0.0056399925508887,0.005023332237812895,0.005040191736301736,0.005352871933218299,0.0010583504941062253,0.00251416999330909,0.0017378303145913385,0.007173218898617604,0.032638249556444225,0.006241776268215716,0.015705055869356804,0.002102653420442557,0.005611495267754482,0.004103171305108334,0.0044720319717315585,0.004077286184095539,0.005760824222702555,0.009826079452663873,0.004886174815938158,0.0014469841424762674,0.0015218733233873741,0.0016144261475604794,0.002846774430147249,0.002512463550934988,0.002187593066620892,0.015336558391099871,0.004721015702019033,1.0,0.003418822589544064,0