[[1.0,9.44745451008732E-5,5.418463101453328E-4,1.648462920960815E-5,2.531623625765342E-4,0.027528878394084782,0.0022027640034329773,6.608147242442812E-5,0.001452822369853494,2.958273067598835E-5,4.702433096657481E-4,2.2366809184372173E-4,3.995096497996846E-5,9.262457226743785E-4,8.659449691013079E-5,0.07636720014699122,2.41521238274258E-5,6.398128064759353E-4,1.5281539946224523E-4,3.576467626512395E-5,7.740905165171635E-4,0.008979324011014901,1.6305178662855324E-5,4.470047121247219E-5,8.580488054143343E-4,0.0013634425119683161,3.078645710909774E-5,0.006908769287970437,0.0025431690598958843,8.767952796034005E-4,2.567829795476005E-4,0.00476123228083772,2.0307775469241874E-5,5.646885718398892E-4,4.817895051713261E-4,0.015669705364806188,1.7002114901579026E-5,9.824418849586027E-5,1.3885981338618132E-4,2.1121301262452572E-4,7.243645345035009E-5,0.007510077761009275,6.281344438376737E-4,0.004199036771748642,5.9956479188903435E-5,0.0011411202187804734,8.23578678960147E-5,0.0010227343011823614,0.00896455930023229,2.3597647506755324E-4,1.6603546507586662E-5,8.236916576616583E-5,6.884486675253272E-5,0.009111629759408529,1.2996484610378693E-4,1.8308225428856353E-5,0.002404272936998928],[9.44745451008732E-5,1.0,7.164938455467048E-4,8.641664677688312E-5,8.499686933500889E-4,0.020464410927731404,0.001046044758990826,1.0700761303570926E-4,0.001575224644334195,5.9885869277939276E-5,9.783314256653775E-4,5.589638514234264E-4,1.520100171642298E-4,0.0012700192822762413,1.888293387906288E-4,0.047360868785171636,6.141296938799558E-5,5.367817185946041E-4,2.452561619248243E-4,1.0739157856712977E-4,3.8629459204345443E-4,0.02400551669268516,9.542945285597623E-5,1.485180641298716E-4,0.0013342570029611766,0.003083020666851479,0.001084334944976998,0.014738755176563891,0.0025889490160772126,5.596606112347283E-4,1.9210129512410508E-4,0.0022508904899524104,8.321212331267405E-5,8.90816044149585E-4,1.3183868236876553E-4,3.326344548980107E-4,1.0507853400638578E-4,1.1751115379121095E-4,1.1278836137650342E-4,2.031011765981787E-4,1.429266134027497E-4,0.008939840699433304,8.135108441226114E-4,0.012590729405674048,4.5086991094443876E-4,1.2182361201544005E-4,1.8820021449761533E-4,0.0020936402205892833,0.014409605556748091,1.710017273287753E-4,9.413696079681371E-5,0.0021019928924437053,1.6904565782598871E-4,9.582408732882297E-4,1.8522798438479912E-4,7.657439850823656E-5,0.007866405978129836],[5.418463101453328E-4,7.164938455467048E-4,1.0,6.193450502249877E-4,0.0011879087746173114,0.01472281361677701,0.0015469665894528395,8.517861384347891E-4,0.001398870922352568,2.6132044823250564E-4,0.0012488740082248573,0.002045470405380041,9.508393898856533E-4,0.001675862059973388,8.399718952547836E-4,0.02231753854185973,3.624928845807801E-4,0.0011404561892422102,9.079386507427125E-4,3.9280201034928424E-4,9.529448398822638E-4,0.02478918465475869,0.0010372523686941408,9.336995801811212E-4,0.0013412802239065776,0.0016117294343215723,0.0018705313095262427,0.019583983102798595,0.0037142745125035913,0.0010561437927815154,9.93592955302008E-4,0.0062365430985001765,0.0012197195285241819,0.0012483378674539559,8.333703542261733E-4,0.013895364952150085,0.001179290236439202,1.6130055445069143E-4,2.956443219790921E-4,2.686534875973871E-4,8.88849782522604E-4,0.021834486920304187,0.0013110633680408995,0.010914526464403116,0.0011776891306373315,0.0012973281053590606,9.901774454825567E-4,0.001797621682408029,0.02080475606498507,0.0011428365472178012,0.001154129648661138,0.002212914603539246,0.0011675151904573732,0.004455851314982882,7.303719554077094E-4,6.96943562759284E-4,0.004669701357563342],[1.648462920960815E-5,8.641664677688312E-5,6.193450502249877E-4,1.0,9.701099879040777E-4,0.021746783794878422,0.00217804888409754,5.910797977577202E-5,0.0013516304127979997,2.5797676733315894E-5,1.0327525905537674E-4,5.794802506088351E-4,1.6836424004424405E-5,0.0016198003675948253,2.0799362773464493E-4,0.03474375893375284,2.4038029713228137E-5,1.4115667937660952E-4,2.1763679329967573E-4,7.976513168859249E-5,8.171668001647145E-5,0.003970787476111265,1.5618453329733444E-5,2.3980098648234349E-4,5.218825800095446E-4,6.285961114504319E-4,4.0745234109172424E-4,0.009697136696657201,0.00637254167324302,7.84412411933766E-4,1.6869752960533088E-4,0.0014416282497930833,1.9196058864093095E-5,6.067421729157015E-4,1.2781953458823893E-4,0.019930619838431415,1.7133186836583927E-5,5.3472044363991375E-5,1.0998305296647617E-4,8.542583485652247E-5,1.1916624736738086E-4,0.02202271759366924,4.678595816889996E-4,0.00965786192161086,6.003439323497594E-4,2.7929325733957994E-4,1.6793739987294636E-4,0.0018627218438672887,0.025840195969274816,2.800502910025412E-4,1.610623923014873E-5,0.0011680179691029053,8.579162785719539E-5,3.738610017568459E-4,1.1008785258924541E-4,2.120771649413919E-5,0.0022502126607139156],[2.531623625765342E-4,8.499686933500889E-4,0.0011879087746173114,9.701099879040777E-4,1.0,0.010897573420011745,0.0012599512892996691,5.488155713883222E-4,0.0012111677446238922,5.273006764398528E-5,0.001237698221084813,0.0018063446991555187,9.14165028589254E-4,0.0013202144067026103,7.228641156557887E-4,0.014731243444779673,7.934285319307936E-4,0.0011103421933817694,7.11298930198431E-4,4.949410413079455E-4,9.587902139796766E-4,0.006026878354788692,7.513017422164141E-4,6.078340802136797E-4,0.0015789078488493377,0.002477536131255332,0.0012844525241288121,0.0028467735119557507,0.004426912913026649,0.001091076592912986,6.116514434057202E-4,0.003835944647602239,2.5809850505768785E-4,0.0010205309775639124,6.48010862667824E-4,0.015332417544375433,1.6468213904347284E-4,7.480136584182049E-4,3.4903883153691525E-4,8.081245702101926E-4,8.820536210134578E-4,0.0013883844120679617,0.0013447787609751696,0.017316746797827756,0.001119469132363629,0.0012321262691081813,5.485344242927159E-4,0.0016840241676566552,0.0024404897010853396,9.192920393901673E-4,6.92275199804922E-4,0.0019884731722005413,8.083062540387215E-4,0.006280869477329942,4.70265128952107E-4,2.1858514227607315E-4,0.005791557047494593],[0.027528878394084782,0.020464410927731404,0.01472281361677701,0.021746783794878422,0.010897573420011745,1.0,0.008610167539308634,0.011935028165852237,0.014213501650771947,0.018469298364296453,0.007255140898684247,0.008541756042834203,0.0196506831098969,0.0060200880001501575,0.011190852706212936,0.07446304973305405,0.022981616650652598,0.021916619873629452,0.014091016321015969,0.008408554196886273,0.013341041089797522,0.02707244678763432,0.024123083204931315,0.013000825700803227,0.009442946036962222,0.022523703494613714,0.012166466596138367,0.026590969133714903,0.01985484633715299,0.013609370863736432,0.0015026987282668013,0.026432266043460967,0.0042078106195481664,0.025696376484220552,0.01292807206929207,0.029809726407083875,0.006179966355537985,0.0014856273926679817,0.024993984052288948,0.0286641735207841,0.002224996424461061,0.030303030303030304,0.008880292437374903,0.026592836676692162,0.026436828441784514,0.02979249406778376,0.0032569060401995142,0.02146914683957477,0.026857153570542622,0.02426436912704538,0.02190889073519211,0.0033104479860678513,0.0145624963792811,0.021171932092064985,0.029239686287544673,0.019372023921472747,0.016409943716456637],[0.0022027640034329773,0.001046044758990826,0.0015469665894528395,0.00217804888409754,0.0012599512892996691,0.008610167539308634,1.0,4.3290559865316673E-4,0.00189820017605837,9.701738004535598E-4,0.002187096362290395,0.00219428215285183,0.0010947153974436837,0.0020998824722909797,0.0015303727380404442,0.05399759929143054,0.001820827761235207,0.0012069197453709903,0.0010748123176472627,0.0010968670063505365,0.0010692419893870936,0.008794623698110689,9.375867609690781E-4,0.00220008281163398,0.0016302051035569588,0.0023637080862028313,0.0021508931888326965,0.01808570632352536,0.005865282031932732,0.001691868744945323,7.284723185451839E-4,0.002324683947239471,9.450279145472837E-4,0.002076960156448488,7.144081181553123E-4,0.00668044836727871,0.0012660688077789834,2.8261591352175255E-4,3.2466547812922796E-4,0.0021189497796437677,0.0021842327884530246,0.009728943243882814,0.001963797787029609,0.015605865035091121,0.0015821485837074875,0.0017094685235910477,0.0015850061657093038,0.0025014931512333904,0.007100346303513802,8.0490422370331E-4,8.145687322964597E-4,0.002298181619015154,8.301318408420556E-4,0.00810697992673904,2.646227627541775E-4,0.001468394799485974,0.007452379144234627],[6.608147242442812E-5,1.0700761303570926E-4,8.517861384347891E-4,5.910797977577202E-5,5.488155713883222E-4,0.011935028165852237,4.3290559865316673E-4,1.0,3.227585032096927E-4,9.010968472922689E-5,7.456984013991216E-4,2.3867612829904435E-4,1.2163977990909711E-4,0.0011681550428302896,1.6925997446214173E-4,0.05192829780135083,6.726191387078617E-5,5.871254993431834E-4,2.8258234183543564E-4,1.0881434159111834E-4,2.036819206442646E-4,0.011289952968516107,2.4300383142538496E-5,3.331612443759861E-4,0.0012290319746964113,0.001873004634661338,4.579642147712775E-4,0.016140395650342605,0.0012550946187386124,2.656939585771722E-4,4.6700553577389996E-4,0.0022072496315523626,5.7433191147778165E-5,7.503484948583011E-4,3.0566622160017756E-4,7.40577714112955E-4,6.876891506241593E-5,1.1629831477370208E-4,1.440281584195432E-4,1.4693710245860072E-4,1.2860349765179586E-4,0.02316706617911397,0.0012010556076856812,0.006480844367289666,6.481007852048706E-4,4.8190395035410617E-4,1.4115684807542632E-4,0.0022006404719739675,0.01237264649622627,2.458212906107255E-4,3.4166181349915924E-5,3.7458384122584273E-4,1.6534718887269994E-4,0.003265171175444442,1.608166689560862E-4,2.4300517094864013E-5,0.009359324722845976],[0.001452822369853494,0.001575224644334195,0.001398870922352568,0.0013516304127979997,0.0012111677446238922,0.014213501650771947,0.00189820017605837,3.227585032096927E-4,1.0,0.0011046982675459985,0.0015484549101016563,0.0018646325516153165,0.0017999434127766167,0.0017484040766383106,0.0015091434631233662,0.050403394920190296,0.0016670373730815094,0.0017903674356577934,8.50005552656946E-4,4.652955971577681E-4,0.001070474786035264,0.020819501748322224,6.07804441508436E-4,0.0015180890477834471,0.0017979752496832691,0.0035304269386121512,0.0018739035008989218,0.0069754662017332564,0.004836100760866401,0.0013407296216973608,9.276077973213318E-4,0.003441916769378003,1.5271793013504553E-4,0.0011850273775723323,0.001580749408091521,0.01282714093962841,0.0013642741804975385,8.470935516085896E-4,0.0016108841722995205,8.614167874703982E-4,0.0013055871396363244,0.01555336838457052,0.0017815243718203066,0.001905312242428021,0.0018165425374570777,0.0013975187545920615,7.418192380020795E-4,0.002938474888596954,0.01075101208622576,0.0011387943991625243,0.0017779084249286987,0.00225398718797269,0.0017452996466215535,0.007984986414290251,0.0016847988064743722,0.001304022027318806,0.015287201259695274],[2.958273067598835E-5,5.9885869277939276E-5,2.6132044823250564E-4,2.5797676733315894E-5,5.273006764398528E-5,0.018469298364296453,9.701738004535598E-4,9.010968472922689E-5,0.0011046982675459985,1.0,4.568351358354628E-4,0.0017568970486394908,1.3397298094586785E-4,7.202716738418812E-4,1.3535693083262083E-4,0.01031525466917753,2.5018666106281644E-5,6.609157093046631E-4,1.6428311501248558E-4,1.1181950869729214E-4,2.2002163450207367E-4,0.019259567257498944,1.9148513947990052E-5,2.3808616290467967E-4,3.79454161268137E-4,0.0032275060172763295,0.0011654235608954857,5.280908684327151E-4,0.004770651428626159,2.0530578618796027E-4,4.1986067967460445E-4,0.002255077432644348,2.2897350577054374E-5,5.048470626099974E-5,1.4083487190677958E-4,0.010851400454735515,3.207567319390791E-5,8.586110417069018E-5,9.270841674274166E-5,6.906551636689545E-5,2.1983240299736347E-4,0.027386870937122346,3.9536990685890846E-4,0.009218979773105443,1.0599086253039312E-4,0.0011433865706202708,1.1151171379968097E-4,0.0026919778810362907,0.006845961182241674,2.085688066248494E-4,1.9917794700653834E-5,8.189420185942865E-5,1.0625850604886609E-4,0.009398367052465143,1.4987517744747351E-4,2.733289112138462E-5,0.005170073967721639],[4.702433096657481E-4,9.783314256653775E-4,0.0012488740082248573,1.0327525905537674E-4,0.001237698221084813,0.007255140898684247,0.002187096362290395,7.456984013991216E-4,0.0015484549101016563,4.568351358354628E-4,1.0,0.001378123707332948,0.0011653266849369391,0.0016066724650744856,6.660634159678048E-4,0.03007975799760562,5.072742475460916E-4,0.0011986093954947327,9.535957832886694E-4,3.6347982845495025E-4,0.0010136364201891264,0.01772036026770427,8.980923217294869E-4,9.801769053337296E-4,0.001534670187352196,0.0012480062294312395,0.0018835801924324226,0.01362016871813534,0.00403593957476521,0.0010898264293460322,6.862531305104873E-4,0.005668142523720264,0.0010930899879642096,0.0011667044238764504,0.0011730025029807072,0.015213551775027392,0.0010489252096382174,0.0011614156663154406,3.98634410606802E-4,3.551010561884197E-4,9.665022061631656E-4,0.00653210616419724,0.0015806398745247423,0.011001494170163122,0.0011681621452793744,0.00125934489183483,0.001105797306051456,0.002326656253291156,0.005785260180428747,7.42024249487216E-4,4.835658995542652E-4,0.0015141724404326125,5.300296443915338E-4,0.004890719529806415,2.4152861286755938E-4,7.34831425276871E-4,0.013808024837071609],[2.2366809184372173E-4,5.589638514234264E-4,0.002045470405380041,5.794802506088351E-4,0.0018063446991555187,0.008541756042834203,0.00219428215285183,2.3867612829904435E-4,0.0018646325516153165,0.0017568970486394908,0.001378123707332948,1.0,4.863564744333324E-4,0.0020188976140375747,0.0011806970170990694,0.008071230681887687,0.0015410298520567541,0.0016066927315644096,0.001063071330996322,9.683811614008426E-4,0.0019274243096314328,0.01866043050234885,7.673112730993288E-4,0.0020624310806135787,0.0019269640783026755,0.0028140794648525884,0.002090329876416442,0.013232022559585289,0.004689067265789898,0.001897826202817849,0.0017820657215458246,0.003556996526158828,0.001395281563674537,0.0012115468737433869,6.934301413721418E-4,0.013910798539968773,0.0013509750482236698,3.3659052135839157E-4,6.620079900627597E-4,0.001745308384291619,5.241430822823934E-4,0.005118286480524998,0.0017923517612047724,0.007908590351630749,0.0016030771646029912,0.0019822073847471336,8.767608628391907E-4,0.002566341678863178,0.00454552217634019,0.0015329448429479665,0.0016160544282376342,0.0022113193479655516,3.1182540620496415E-4,0.0022832377428117162,0.002084490278597226,1.8264576638385907E-4,0.0033641435133116193],[3.995096497996846E-5,1.520100171642298E-4,9.508393898856533E-4,1.6836424004424405E-5,9.14165028589254E-4,0.0196506831098969,0.0010947153974436837,1.2163977990909711E-4,0.0017999434127766167,1.3397298094586785E-4,0.0011653266849369391,4.863564744333324E-4,1.0,8.377071041229648E-4,3.206476553753998E-4,0.07806110363001263,8.53607790561841E-5,0.0010504082146205258,2.876677768794662E-4,1.420473756506144E-4,6.224860006929687E-4,0.01996607227105238,1.5806863154828313E-4,1.9739034078176512E-4,0.0013971874939956502,0.0018459077212146986,0.0013184040388219804,0.014707236232733225,1.6977562757518807E-4,2.8716962809458165E-4,5.129473418534224E-4,0.004862498565800768,8.859825618639375E-5,8.04273451929061E-4,5.476953422365826E-4,0.0019518538731788117,1.5731715278224343E-4,1.4708114112321196E-4,1.7807455904373092E-4,2.1296056228605669E-4,2.4790826447375174E-4,0.01534056656596022,9.151526545157882E-4,0.00410609504116562,2.1332159187326742E-4,7.538765001703773E-4,1.6810802859803077E-4,0.0020966309170104506,0.016600296454323572,2.847415325476395E-4,6.111226141264104E-5,0.0013749874975034029,1.8426538571710582E-4,0.0058696911221065955,1.728846620405316E-4,1.0962410635420434E-4,0.013583733022163176],[9.262457226743785E-4,0.0012700192822762413,0.001675862059973388,0.0016198003675948253,0.0013202144067026103,0.0060200880001501575,0.0020998824722909797,0.0011681550428302896,0.0017484040766383106,7.202716738418812E-4,0.0016066724650744856,0.0020188976140375747,8.377071041229648E-4,1.0,0.0015733851752698035,0.03604630211911858,6.274285412021551E-4,0.0016807671270800697,0.0012206666921420143,5.955937803123602E-4,0.0013937321574511155,0.017043485082019773,4.5269290321411817E-4,6.154140169721332E-4,0.0016902118303605354,0.00238973091729151,0.0018988829295301466,0.003718624520980411,0.006139611997233976,0.0011136887632519168,0.0011159095922580022,0.006121034047507349,0.0011049860164027128,0.0014798990391403772,0.0016040077925149022,0.006407012138204067,0.00162948557124416,9.997117657694564E-4,9.434404550649057E-4,0.0015896612689367655,0.0010999322109828025,0.020260167921001083,0.0016983162993726114,0.0036389109626357987,0.0015476603186238443,0.0015287537437821584,0.0012877232960599237,0.002192224382919875,0.017680241103003865,5.994303613604653E-4,0.0016595686610927068,0.002076253735330551,9.849730782501855E-4,0.008825678694466894,0.0015547200466071406,6.217695545350235E-4,0.012435423406738939],[8.659449691013079E-5,1.888293387906288E-4,8.399718952547836E-4,2.0799362773464493E-4,7.228641156557887E-4,0.011190852706212936,0.0015303727380404442,1.6925997446214173E-4,0.0015091434631233662,1.3535693083262083E-4,6.660634159678048E-4,0.0011806970170990694,3.206476553753998E-4,0.0015733851752698035,1.0,0.05220328425336096,1.588146983833602E-4,0.00108312408837954,3.192479007530041E-4,1.803159146488913E-4,5.279259791851093E-4,0.002881952016966882,2.4170727561099238E-4,3.9033067937581655E-4,6.945947257467097E-4,6.49018818089689E-4,0.001963817456227935,0.009290476188925626,0.005215896215315604,7.251998262362118E-4,3.400476670810086E-4,0.0028697643469581652,3.319773186293754E-4,9.620019549424234E-4,3.640099578241236E-4,0.01636033241067245,3.189322226205878E-4,1.7257989627571642E-4,3.045456130488884E-4,2.9433868923819397E-4,3.383902372870104E-4,0.007010817689035946,9.583213229001873E-4,0.004255001952321985,4.648380771414873E-4,4.460314571737971E-4,3.309530053851946E-4,0.0024805999135301847,0.004457848005610931,3.221122424196302E-4,1.4486011726582584E-4,0.0016238870195083104,2.1255595841482787E-4,0.0024337409968924794,2.0579924703501465E-4,8.896259190923299E-5,0.011072914634480138],[0.07636720014699122,0.047360868785171636,0.02231753854185973,0.03474375893375284,0.014731243444779673,0.07446304973305405,0.05399759929143054,0.05192829780135083,0.050403394920190296,0.01031525466917753,0.03007975799760562,0.008071230681887687,0.07806110363001263,0.03604630211911858,0.05220328425336096,1.0,0.006122478301475665,0.06712416528334782,0.04006506841629217,0.019010279753105815,0.07529127795368333,0.030898327097501017,0.06059543286589924,0.03096804799332352,0.03895661917406386,0.06028947289587513,0.018816808582024377,0.07978673837708249,0.02740866882100951,0.06579529526521619,0.010508871727053268,0.0597319623048269,0.07166011602209454,0.01870312731052983,0.0645599075644723,0.08031855726774685,0.053659605793044775,0.05712644628101287,0.040491106250132886,0.062282296819729716,0.006456746333861632,0.07775801398946654,0.04184079560257128,0.056198100567542916,0.06889226646821606,0.025666692571464055,0.03063443589956125,0.07567472763915072,0.05441795173230751,0.03233281515024871,0.05233355490562248,0.06923705213673487,0.011238252980626355,0.05684784450850247,0.011165601850359856,0.05691073846971184,0.02585558553095836],[2.41521238274258E-5,6.141296938799558E-5,3.624928845807801E-4,2.4038029713228137E-5,7.934285319307936E-4,0.022981616650652598,0.001820827761235207,6.726191387078617E-5,0.0016670373730815094,2.5018666106281644E-5,5.072742475460916E-4,0.0015410298520567541,8.53607790561841E-5,6.274285412021551E-4,1.588146983833602E-4,0.006122478301475665,1.0,9.508877039358264E-4,1.5788122536062395E-4,6.982361442139823E-5,4.7676988530417935E-4,0.024076181091339237,1.8393474005067E-5,2.715017744838787E-4,1.71470999019572E-4,0.0020913166061932694,0.0020581710141962953,0.02035542135689032,0.0028293823509954303,9.105663066990345E-4,4.2736154633209075E-4,0.0023241510963813183,2.339472569639262E-5,6.338929703984353E-4,5.36374530041314E-4,0.0025476933080440674,2.282954137993368E-5,4.149340172050819E-5,1.7352517055483672E-4,1.4918796802600948E-4,3.246614563457068E-4,0.018595916852181937,3.7620701077164344E-4,0.010291906733433217,5.167525665508287E-4,6.148575457353221E-4,1.6592079397097546E-4,0.002406670913888127,0.012941300971530782,7.64658424209971E-5,2.0251132290733946E-5,5.013119175578001E-4,8.466564097656806E-5,0.00791204174747739,7.721113267885097E-5,2.2797315919644715E-5,0.014525595934467117],[6.398128064759353E-4,5.367817185946041E-4,0.0011404561892422102,1.4115667937660952E-4,0.0011103421933817694,0.021916619873629452,0.0012069197453709903,5.871254993431834E-4,0.0017903674356577934,6.609157093046631E-4,0.0011986093954947327,0.0016066927315644096,0.0010504082146205258,0.0016807671270800697,0.00108312408837954,0.06712416528334782,9.508877039358264E-4,1.0,3.23603394089328E-4,9.515555775755962E-4,0.0010124682413004894,0.024551598095116214,3.925209133194663E-4,5.199968576156954E-4,0.001285038138310179,0.001447686697032159,0.0013416574985968567,0.01132794990602331,0.003861260935532196,0.001076830202966099,5.527905203787811E-4,0.006425407780852392,4.7565697401822564E-4,0.001042994709326121,6.88017335390739E-4,0.0032279380015270533,6.026843068608338E-4,4.410813242516776E-4,9.52534945455864E-4,0.0010447755095913396,5.791158023541658E-4,0.01518481143339193,0.0015514821738794083,0.003394189312138019,0.001074696929169271,0.0011274223764820596,0.0010060166960445286,0.0015908969915095555,0.014836947120046674,6.13524422376798E-4,5.719906110666631E-4,0.002350268471709197,7.00672852814187E-4,0.001387690975461295,7.095835272258146E-4,0.0010376757169725385,0.014069510425076185],[1.5281539946224523E-4,2.452561619248243E-4,9.079386507427125E-4,2.1763679329967573E-4,7.11298930198431E-4,0.014091016321015969,0.0010748123176472627,2.8258234183543564E-4,8.50005552656946E-4,1.6428311501248558E-4,9.535957832886694E-4,0.001063071330996322,2.876677768794662E-4,0.0012206666921420143,3.192479007530041E-4,0.04006506841629217,1.5788122536062395E-4,3.23603394089328E-4,1.0,1.5907905678981006E-4,3.423433651698587E-4,0.019269855671382542,1.0149329687193068E-4,4.160416440390622E-4,0.001309460462798028,0.003422463547652384,0.00134381945560283,0.01160118508516543,0.00414253974271586,3.28624243755199E-4,3.182324948104061E-4,0.002182848218796615,1.1562818699585047E-4,7.934232072418868E-4,3.414851770619127E-4,0.00878634138556112,2.8758721583330973E-4,1.3958914242580774E-4,2.1214042200852796E-4,2.7943098316852625E-4,3.3214407267009513E-4,0.00390935332687251,0.0015829398394415232,0.0029979779856871723,7.104293440866019E-4,3.756523645195578E-4,2.2363917398546983E-4,0.002806430055002523,0.011034207703277206,2.988456898686208E-4,1.0619221517751929E-4,0.0014476385102122004,2.4655861608098616E-4,0.006156953718830205,2.947219203379579E-4,2.826677967592909E-4,0.003537030598747661],[3.576467626512395E-5,1.0739157856712977E-4,3.9280201034928424E-4,7.976513168859249E-5,4.949410413079455E-4,0.008408554196886273,0.0010968670063505365,1.0881434159111834E-4,4.652955971577681E-4,1.1181950869729214E-4,3.6347982845495025E-4,9.683811614008426E-4,1.420473756506144E-4,5.955937803123602E-4,1.803159146488913E-4,0.019010279753105815,6.982361442139823E-5,9.515555775755962E-4,1.5907905678981006E-4,1.0,4.3597222164639836E-4,0.008726136005532206,1.695457671466069E-5,1.982586459791091E-4,3.4708258813230964E-4,0.001396496387287908,0.001650165765142705,0.014913662512042142,9.224006103710052E-4,4.467259327830406E-4,4.7411591499541336E-4,0.005731060343920704,4.41641863266991E-5,5.709268079403811E-4,5.435541010228528E-4,0.0178002164874094,2.6541470555086685E-5,1.1660371510534956E-4,1.689868163258141E-4,1.8663179632887901E-4,2.835583618461461E-4,0.013245140216284357,8.992748616395077E-4,0.005268837426800405,0.0010063171358319495,3.3146722487828006E-4,1.4735518446226447E-4,8.74785643061032E-4,1.1444566740513858E-4,3.086601576169326E-4,9.835520284347259E-5,0.002314474680996676,1.623178915692506E-4,0.003064963145830117,1.1328501573811517E-4,3.103245191398867E-5,0.012828071903239712],[7.740905165171635E-4,3.8629459204345443E-4,9.529448398822638E-4,8.171668001647145E-5,9.587902139796766E-4,0.013341041089797522,0.0010692419893870936,2.036819206442646E-4,0.001070474786035264,2.2002163450207367E-4,0.0010136364201891264,0.0019274243096314328,6.224860006929687E-4,0.0013937321574511155,5.279259791851093E-4,0.07529127795368333,4.7676988530417935E-4,0.0010124682413004894,3.423433651698587E-4,4.3597222164639836E-4,1.0,0.0012343879306121143,5.999680619312844E-4,4.709535570345843E-4,0.0015635275739470387,0.002129630696113341,0.0019834122331592098,0.011497868886672138,0.003662045928777628,8.699241312489127E-4,8.513920609270244E-4,0.0014790253692242468,7.680116230052034E-4,9.921605292419942E-4,8.41145299997154E-4,0.01631181421788417,5.079504535399473E-5,2.6271808792249107E-4,4.7063245775237254E-4,6.046414365476146E-4,6.652530921038853E-4,0.012293886735045978,0.0013236819840630816,0.017545495214848952,8.836252022219757E-4,9.084094382499907E-4,6.786207100896815E-4,0.0015716954749356834,0.019551990441294208,3.942565818206694E-4,4.969032171069429E-4,0.0010768770962961036,7.07247639775398E-4,0.002480819698521426,4.012303832914509E-4,6.70014742201758E-4,0.00889078877433095],[0.008979324011014901,0.02400551669268516,0.02478918465475869,0.003970787476111265,0.006026878354788692,0.02707244678763432,0.008794623698110689,0.011289952968516107,0.020819501748322224,0.019259567257498944,0.01772036026770427,0.01866043050234885,0.01996607227105238,0.017043485082019773,0.002881952016966882,0.030898327097501017,0.024076181091339237,0.024551598095116214,0.019269855671382542,0.008726136005532206,0.0012343879306121143,1.0,0.020535706068815905,0.01729242343710824,0.005953801239634293,0.02473361557513945,0.007840025580211319,0.022101898781350368,0.012653412735034742,0.0074323325224344835,0.0075210753065575175,0.023356099020084422,0.007857160531177604,0.009990461627316982,0.017328284980784904,0.023852700626005474,0.007156915767229907,0.018206545655197564,0.014221072195091406,0.010422272808186436,0.009170284433886771,0.028033422957258594,0.00837370947074944,0.018013213343633,0.004607488327419356,0.02205974244355157,0.016538388435420062,0.008915599635073466,0.025784932664154228,0.007710519857002897,0.018300750201632007,0.01639386362401106,0.01627685812566239,0.017866341127939018,0.02489718500335513,0.024509740945200267,0.023780478084022914],[1.6305178662855324E-5,9.542945285597623E-5,0.0010372523686941408,1.5618453329733444E-5,7.513017422164141E-4,0.024123083204931315,9.375867609690781E-4,2.4300383142538496E-5,6.07804441508436E-4,1.9148513947990052E-5,8.980923217294869E-4,7.673112730993288E-4,1.5806863154828313E-4,4.5269290321411817E-4,2.4170727561099238E-4,0.06059543286589924,1.8393474005067E-5,3.925209133194663E-4,1.0149329687193068E-4,1.695457671466069E-5,5.999680619312844E-4,0.020535706068815905,1.0,2.6455289909092013E-4,5.223468287127706E-4,0.001613260563266635,0.0018460359201599484,0.006458240984690165,0.0035504700173309236,5.847134366800607E-4,4.871058645242596E-5,0.0018816053909124818,1.6973242149473367E-5,7.086114150274409E-5,4.537898314230746E-4,0.018317899967202535,1.7981958836308406E-5,3.408061997582477E-5,5.512088807163306E-5,1.7988593410577305E-4,1.8185519291552852E-4,0.027630111874737257,0.0015777565164894192,0.016865896053468173,8.558437453809147E-4,1.623257032319367E-4,1.818898555397898E-5,0.003369824429614302,0.02061608256397911,2.1661573237684832E-4,1.621366528115249E-5,1.7923452698514713E-4,1.2133012953542228E-4,0.004154441266546135,2.8685876577640932E-5,1.8441429803586525E-5,0.003507197077344878],[4.470047121247219E-5,1.485180641298716E-4,9.336995801811212E-4,2.3980098648234349E-4,6.078340802136797E-4,0.013000825700803227,0.00220008281163398,3.331612443759861E-4,0.0015180890477834471,2.3808616290467967E-4,9.801769053337296E-4,0.0020624310806135787,1.9739034078176512E-4,6.154140169721332E-4,3.9033067937581655E-4,0.03096804799332352,2.715017744838787E-4,5.199968576156954E-4,4.160416440390622E-4,1.982586459791091E-4,4.709535570345843E-4,0.01729242343710824,2.6455289909092013E-4,1.0,0.0011671035750134336,4.728256740636659E-4,5.495127019508757E-4,0.01631988667410505,0.0015436360031555326,8.547818045392889E-4,4.7175619685519966E-4,0.005527020584713592,3.632625098994993E-4,0.0010141361342556328,4.7124271803152917E-4,0.0014514358675537218,3.9359401126394246E-4,3.4705906368879484E-4,4.1482118326901705E-4,3.859039678465861E-4,4.2674882404989707E-4,0.02807094100214931,7.339453780143845E-4,0.007318912308014108,9.359598730953667E-4,0.00111201746653286,2.637526238004731E-4,0.0016076920688097478,0.010025890331501534,3.851842282217568E-4,4.236753447173611E-4,0.0010731834042180457,3.239718068370768E-4,0.008453034588499069,3.342382845749502E-4,5.876086690483949E-5,0.008576462502977271],[8.580488054143343E-4,0.0013342570029611766,0.0013412802239065776,5.218825800095446E-4,0.0015789078488493377,0.009442946036962222,0.0016302051035569588,0.0012290319746964113,0.0017979752496832691,3.79454161268137E-4,0.001534670187352196,0.0019269640783026755,0.0013971874939956502,0.0016902118303605354,6.945947257467097E-4,0.03895661917406386,1.71470999019572E-4,0.001285038138310179,0.001309460462798028,3.4708258813230964E-4,0.0015635275739470387,0.005953801239634293,5.223468287127706E-4,0.0011671035750134336,1.0,0.002634865310628833,0.0018918142039322785,0.009295379056425315,0.0065824679004736365,0.001170830236511393,0.0011310029014834399,0.0031646330687483274,5.937786759458316E-4,0.0015718980010916354,0.001104425207471369,0.006399381516618681,0.0013833892151517073,7.056460735368918E-4,0.001397399436214787,0.0015326763341057083,0.0014980329627720386,0.009361039989345435,0.0016472944563159584,0.009134974913800609,0.001184424109165448,0.0015507438425030847,0.0016151426320060907,0.0025960685655902305,0.010880832330497508,9.107452120378058E-4,0.0011403322567324636,0.0017164561610233827,8.902528410304723E-4,0.0017512432454774387,0.0012126940726829185,0.0010910185935271602,0.00786438702702528],[0.0013634425119683161,0.003083020666851479,0.0016117294343215723,6.285961114504319E-4,0.002477536131255332,0.022523703494613714,0.0023637080862028313,0.001873004634661338,0.0035304269386121512,0.0032275060172763295,0.0012480062294312395,0.0028140794648525884,0.0018459077212146986,0.00238973091729151,6.49018818089689E-4,0.06028947289587513,0.0020913166061932694,0.001447686697032159,0.003422463547652384,0.001396496387287908,0.002129630696113341,0.02473361557513945,0.001613260563266635,4.728256740636659E-4,0.002634865310628833,1.0,0.0035273000427274636,0.004548371707268414,0.006665063059985189,0.0023425138290719765,0.00338305593817932,0.005344230809400253,7.155066740467008E-4,0.002930013599163687,7.26804762882004E-4,0.006164690809521348,0.002682856701372424,4.0087563133152354E-4,0.0020643248058611653,0.001222008125260333,0.0034132611777029577,0.004775883938565941,0.002113918415199813,0.009983329674551773,0.002369227346424338,0.0033936230545624294,0.0018553967655321084,0.0035257640988017387,0.011494006552295169,0.0014611050587147029,9.845017335763774E-4,0.0031783009871199147,0.002975706302975444,0.006826382413080088,0.0030997833612284604,0.003277014325164919,0.005902482662805693],[3.078645710909774E-5,0.001084334944976998,0.0018705313095262427,4.0745234109172424E-4,0.0012844525241288121,0.012166466596138367,0.0021508931888326965,4.579642147712775E-4,0.0018739035008989218,0.0011654235608954857,0.0018835801924324226,0.002090329876416442,0.0013184040388219804,0.0018988829295301466,0.001963817456227935,0.018816808582024377,0.0020581710141962953,0.0013416574985968567,0.00134381945560283,0.001650165765142705,0.0019834122331592098,0.007840025580211319,0.0018460359201599484,5.495127019508757E-4,0.0018918142039322785,0.0035273000427274636,1.0,0.005372378084159401,0.0064759171909523575,0.0010606937530539956,9.739155953309786E-4,0.004692210165154271,0.001072678426699491,0.0011235227028004097,8.171585082724306E-4,0.008218107797163051,6.478836522725707E-4,1.1978313963655239E-4,9.656139842696703E-4,8.72880027542213E-4,4.340081996050089E-4,0.016533785734740996,0.0016852951213973883,0.008363264431767697,0.0016419056836491377,0.0018978233701933385,0.0014296457718585272,0.002154224014696374,0.003955692541027987,0.0016123872771900674,0.0014623209944641523,0.0021957988622193975,0.0013898811872228068,0.009853209941604725,0.0017223377116243174,2.0964700170856678E-4,0.01200259174918736],[0.006908769287970437,0.014738755176563891,0.019583983102798595,0.009697136696657201,0.0028467735119557507,0.026590969133714903,0.01808570632352536,0.016140395650342605,0.0069754662017332564,5.280908684327151E-4,0.01362016871813534,0.013232022559585289,0.014707236232733225,0.003718624520980411,0.009290476188925626,0.07978673837708249,0.02035542135689032,0.01132794990602331,0.01160118508516543,0.014913662512042142,0.011497868886672138,0.022101898781350368,0.006458240984690165,0.01631988667410505,0.009295379056425315,0.004548371707268414,0.005372378084159401,1.0,0.01682469363382451,0.009448039098555093,0.013632801781567474,0.015608785273205413,0.0061843963178515975,0.012493644998766193,0.004280391513757461,0.020748158028947753,0.002764336837183584,0.012928614471618182,0.004651189975183977,0.005486341071069368,0.018183148796646776,0.025503218668457683,0.006422180315474519,0.01798269626915826,0.020023658641033046,0.016872654976306405,0.010453919146550238,0.009852537796542698,0.0241133590420663,0.020460072127949935,0.017806262496838643,0.0200062266233212,0.016105124807413645,0.019499314190438245,0.01925006990911401,0.013766084315286548,0.016000475401972494],[0.0025431690598958843,0.0025889490160772126,0.0037142745125035913,0.00637254167324302,0.004426912913026649,0.01985484633715299,0.005865282031932732,0.0012550946187386124,0.004836100760866401,0.004770651428626159,0.00403593957476521,0.004689067265789898,1.6977562757518807E-4,0.006139611997233976,0.005215896215315604,0.02740866882100951,0.0028293823509954303,0.003861260935532196,0.00414253974271586,9.224006103710052E-4,0.003662045928777628,0.012653412735034742,0.0035504700173309236,0.0015436360031555326,0.0065824679004736365,0.006665063059985189,0.0064759171909523575,0.01682469363382451,1.0,0.001771426505836136,0.0020142805977989946,0.006676076297592714,0.004181320202909795,0.005761399195736624,0.004371506139278185,0.013107671625339497,0.005212435915025698,8.777167559601201E-4,0.006166045719346831,0.005230947822243737,0.0063138291533285365,0.019269901381169817,0.002103386301450025,0.01049993754577858,0.003462437778444597,0.003929356378764779,0.0033229162977869834,0.004343647792603654,0.009849688340139814,0.0036456895834395277,0.0010438134465027649,0.005085808954414881,0.0052685166089647805,0.007317790776661812,0.004324300172778498,0.0019864275919596187,0.014279760350487274],[8.767952796034005E-4,5.596606112347283E-4,0.0010561437927815154,7.84412411933766E-4,0.001091076592912986,0.013609370863736432,0.001691868744945323,2.656939585771722E-4,0.0013407296216973608,2.0530578618796027E-4,0.0010898264293460322,0.001897826202817849,2.8716962809458165E-4,0.0011136887632519168,7.251998262362118E-4,0.06579529526521619,9.105663066990345E-4,0.001076830202966099,3.28624243755199E-4,4.467259327830406E-4,8.699241312489127E-4,0.0074323325224344835,5.847134366800607E-4,8.547818045392889E-4,0.001170830236511393,0.0023425138290719765,0.0010606937530539956,0.009448039098555093,0.001771426505836136,1.0,6.560981357586662E-4,0.0018593526952302754,3.3349154197395844E-4,0.0010199408610950195,8.920357797660193E-4,0.017951876834403666,2.8695146063798736E-4,7.984766479925757E-4,5.085820673849187E-4,9.630654569223454E-4,7.701913293822803E-4,0.01959760935076608,0.0012046271336957493,0.009567445127906277,0.0010462433473915078,0.001144872857017236,8.023348722606113E-4,0.002022329245741932,0.01766169704561595,8.857018239855779E-4,8.649508867735015E-5,0.0018811944782295951,5.183252012225218E-4,0.004335778515298862,3.3160053367437665E-4,8.688476571434584E-4,0.014031878615900578],[2.567829795476005E-4,1.9210129512410508E-4,9.93592955302008E-4,1.6869752960533088E-4,6.116514434057202E-4,0.0015026987282668013,7.284723185451839E-4,4.6700553577389996E-4,9.276077973213318E-4,4.1986067967460445E-4,6.862531305104873E-4,0.0017820657215458246,5.129473418534224E-4,0.0011159095922580022,3.400476670810086E-4,0.010508871727053268,4.2736154633209075E-4,5.527905203787811E-4,3.182324948104061E-4,4.7411591499541336E-4,8.513920609270244E-4,0.0075210753065575175,4.871058645242596E-5,4.7175619685519966E-4,0.0011310029014834399,0.00338305593817932,9.739155953309786E-4,0.013632801781567474,0.0020142805977989946,6.560981357586662E-4,1.0,0.001145304255698092,4.602297569628255E-4,9.838417278295439E-4,5.526272491539379E-4,0.002745303288484003,1.4338761723964622E-4,5.102194239912127E-4,3.35194502134962E-4,2.638262309536944E-4,4.753235442900842E-4,0.01880705693589034,0.0015399078813774707,0.011813615981954701,5.583306832886498E-4,8.014509442680905E-4,4.417289716182424E-4,0.002553849033497117,0.006085164180945508,4.351179389672572E-4,1.717711479754794E-4,7.45352047154587E-4,5.03369982159659E-4,0.006200342080418014,4.2959891306338147E-4,2.95522294956314E-4,0.003596908488544742],[0.00476123228083772,0.0022508904899524104,0.0062365430985001765,0.0014416282497930833,0.003835944647602239,0.026432266043460967,0.002324683947239471,0.0022072496315523626,0.003441916769378003,0.002255077432644348,0.005668142523720264,0.003556996526158828,0.004862498565800768,0.006121034047507349,0.0028697643469581652,0.0597319623048269,0.0023241510963813183,0.006425407780852392,0.002182848218796615,0.005731060343920704,0.0014790253692242468,0.023356099020084422,0.0018816053909124818,0.005527020584713592,0.0031646330687483274,0.005344230809400253,0.004692210165154271,0.015608785273205413,0.006676076297592714,0.0018593526952302754,0.001145304255698092,1.0,0.005876925167319746,0.004785735052223407,0.0044263978833443685,0.019535178009310518,0.005249767960611436,0.0030072147690542008,0.006660057069009654,0.0028131485259294776,8.746136104211041E-4,0.021121797972680545,0.0026593575267823636,0.007939034494821706,0.006173867185913415,0.004421813367331145,0.003892316679225258,0.0057298398827112275,0.02199386965037603,0.005702368247099037,0.0025649675711764664,0.0030700506462353573,0.004100916497753116,0.006975747300922246,5.813891593423439E-4,0.004203734875487067,0.013132164102631214],[2.0307775469241874E-5,8.321212331267405E-5,0.0012197195285241819,1.9196058864093095E-5,2.5809850505768785E-4,0.0042078106195481664,9.450279145472837E-4,5.7433191147778165E-5,1.5271793013504553E-4,2.2897350577054374E-5,0.0010930899879642096,0.001395281563674537,8.859825618639375E-5,0.0011049860164027128,3.319773186293754E-4,0.07166011602209454,2.339472569639262E-5,4.7565697401822564E-4,1.1562818699585047E-4,4.41641863266991E-5,7.680116230052034E-4,0.007857160531177604,1.6973242149473367E-5,3.632625098994993E-4,5.937786759458316E-4,7.155066740467008E-4,0.001072678426699491,0.0061843963178515975,0.004181320202909795,3.3349154197395844E-4,4.602297569628255E-4,0.005876925167319746,1.0,8.267785135109745E-4,4.083036460560411E-4,0.014629840255125261,2.051647535022801E-5,8.073329196992392E-5,1.569909530229525E-4,8.383283736944502E-5,1.0118764936153663E-4,0.02675950965692558,0.001365017278443344,0.011646384208658073,9.396799217500573E-4,0.0012523205740808945,1.4794625532989103E-4,0.0017270048576801223,0.013484039209280997,2.4015759269151843E-4,1.864948005973849E-5,2.6830684051388245E-5,3.202636308528491E-5,0.002361443670056808,8.311249455483686E-5,2.1398487635219104E-5,0.009587570119995423],[5.646885718398892E-4,8.90816044149585E-4,0.0012483378674539559,6.067421729157015E-4,0.0010205309775639124,0.025696376484220552,0.002076960156448488,7.503484948583011E-4,0.0011850273775723323,5.048470626099974E-5,0.0011667044238764504,0.0012115468737433869,8.04273451929061E-4,0.0014798990391403772,9.620019549424234E-4,0.01870312731052983,6.338929703984353E-4,0.001042994709326121,7.934232072418868E-4,5.709268079403811E-4,9.921605292419942E-4,0.009990461627316982,7.086114150274409E-5,0.0010141361342556328,0.0015718980010916354,0.002930013599163687,0.0011235227028004097,0.012493644998766193,0.00