[[1.0,1.5684009201444307E-4,0.0030898663477561344,1.0872856114592108E-4,0.0034289048971711095,5.104169642615784E-4,8.380864236819976E-5,3.605157766167226E-4,0.006393186701881832,3.965795607944447E-4,1.3942852167642543E-4,1.2970546829800463E-4,9.882705539783138E-4,1.370884963441457E-4,1.3999990242859233E-4,8.658456500299725E-5,0.00701080387089242,7.407182842251748E-5,4.7669274125127403E-4,1.786422595693129E-4,9.160495099222106E-5,6.083088598359314E-4,2.974843192524706E-4,6.111288190247091E-5,4.097283985922874E-5,0.004128631499386447,4.225710977418094E-4,5.468399896887422E-5,1.3962073387810222E-4,0.0026463997392072664,3.2085602820258806E-4,1.1701895357881094E-4,0.010162295489188615,3.9317267221418024E-5,0.0036209120883839326,0.0017408124337405387,0.0022959859122815675,0.01620478224339439,1.6585514616822156E-4,4.3498798177369355E-4,1.376186446783006E-4,1.6362250445576895E-4,0.04052426929715898,0.02016839600525796,4.472598105873079E-5,8.597637482121573E-4],[1.5684009201444307E-4,1.0,0.005946232346068299,1.51721903349752E-4,0.022195124926931566,0.0010519675404567072,2.5934743837883594E-5,4.6801271345814143E-4,0.005331422805969924,7.052044998954992E-4,1.446617452546281E-4,1.4153726596215127E-4,0.0012065537951707391,1.2428038981302002E-4,1.423379857513634E-4,3.053036834756823E-5,0.004678269201194872,1.1976234422613881E-4,7.093354030051958E-4,1.8280874067602216E-4,1.375594640460415E-4,1.9704358255563133E-4,0.010139016964431554,3.779449846706889E-5,6.432822082217779E-5,0.005840346203837645,5.77651436635375E-4,7.166304043693605E-5,1.3965782451591825E-4,0.0022177374255712393,3.7792619695586687E-4,6.53957789517725E-5,0.034513282564070914,3.2090757892271964E-5,0.005196929041582932,9.86173349822136E-4,9.631842046926474E-4,0.014648560941611493,1.686910049353407E-4,3.995721562433483E-4,1.5007188073064336E-4,1.5906261389916763E-4,0.054919482604292975,0.022387356492345106,1.5163003581460295E-4,0.0011063446416401225],[0.0030898663477561344,0.005946232346068299,1.0,0.010371497195687049,0.016257743622929057,0.004865010938478553,0.015351990454878077,0.009981207472751955,0.014506936873469867,0.012276494885481824,0.010032021687018132,0.014656011366744649,0.005931422348977113,0.007222949356413764,0.0062584538830891415,0.015856906152847402,0.011401396694081696,0.001669561421448692,0.0018739851371481087,0.012834048113331158,0.003096258730541789,0.013328604214729334,0.0125016525320422,0.015811105987234928,0.005889309647305652,0.011862003731398287,0.006986359528616524,0.01512931568988552,0.004775467403826888,0.006565060408663835,0.014719163425715795,0.0030313490725599793,0.03420450889040706,0.0037908621363465693,0.005752228864301916,0.00871427025029027,0.011220539886808972,0.016249995582088436,0.012276478358166573,0.004627210971919417,0.0036114490105910464,0.014266039099581795,0.025638563180895316,0.031139522639073026,0.00714375018289017,0.010551473173055229],[1.0872856114592108E-4,1.51721903349752E-4,0.010371497195687049,1.0,0.010757587262334566,1.7174668907031388E-4,8.018809949037895E-5,3.2448382901642813E-4,0.004000983132022666,3.582434240914933E-4,1.336778355787851E-4,7.031007158068995E-5,5.34236925209732E-4,1.1403439498870751E-4,1.2073372984083762E-4,7.69756809295618E-5,0.003751719743360254,8.140982110739901E-5,3.5716153473596345E-4,1.719671941552432E-4,2.0530840895830244E-5,3.210276842184255E-4,0.007894416981404792,9.093212151356042E-5,3.201051280226951E-5,0.003586609470964876,4.2430002092662183E-4,9.129091221751371E-5,1.0809563266306895E-4,0.0015644567669481123,1.3250896714494905E-4,4.693137821205396E-5,0.013812443692506896,4.3235950802555255E-5,2.9830155375057366E-4,0.0018839314094908168,5.657218959736733E-4,0.013224513543675534,1.1020905064202122E-4,0.001953445891989651,1.2934881920447403E-4,1.4101034248970539E-4,0.012567815195760291,0.026404589829763278,2.2194669446598926E-5,9.770786815499258E-4],[0.0034289048971711095,0.022195124926931566,0.016257743622929057,0.010757587262334566,1.0,0.011268237272082227,0.006714346396373446,0.017435312235938652,0.013206007846372323,0.01355671409615693,0.0033499667966932433,0.016522975082648907,0.01467816292496595,0.005326869054052209,0.011182613967903212,0.017839170253809288,0.02075803467927371,0.020749741044957568,0.01647593125072725,0.015452994527605107,0.020208388422868675,0.010241878021591606,0.01303145184335689,0.0032945765560405344,0.014804181161854784,0.012281611908585722,0.017808009939143356,0.012225716630076497,0.020074313148479277,0.004003016630426332,0.010311932558004108,0.011794373292866157,0.026429397076703495,0.012110036616171,0.01013111235913112,0.004162479593762818,0.006136732369311979,0.019476886235456344,0.018415514158784604,0.01854187451633734,0.004407859511832366,0.0027811894043145158,0.05883900627465899,0.03006650706692854,0.013546623009470092,0.010786432670774254],[5.104169642615784E-4,0.0010519675404567072,0.004865010938478553,1.7174668907031388E-4,0.011268237272082227,1.0,1.656788093095868E-4,0.0010677413026357902,0.005392110859881064,7.961821672641005E-4,3.3926779161217666E-4,1.66282356883735E-5,0.0028270136553172863,7.199302821874766E-4,7.051210737806993E-4,8.601299297671703E-4,0.008804088067498713,1.5909031252437893E-4,0.0013334943825248102,5.863975072920443E-4,4.6180118131400994E-4,7.223841895903182E-4,0.0074171396101417476,9.711321082997364E-4,3.0104979835754594E-4,0.0056975074296029375,0.0011321165267894136,4.029954385215574E-4,3.8301310798133874E-4,0.0022577801931872193,7.660782711536229E-4,5.260310229116076E-4,0.013900212644836431,9.454257252329947E-4,0.0025080140722792436,0.0017351069603421048,0.0013622119580621445,0.008990829504569866,0.0010451792997969761,0.0032408073788490685,7.662268241065058E-4,9.184850608723353E-4,0.03969950836299142,0.013150774337187109,1.7446949600152674E-5,0.001131682709764053],[8.380864236819976E-5,2.5934743837883594E-5,0.015351990454878077,8.018809949037895E-5,0.006714346396373446,1.656788093095868E-4,1.0,4.853048037452548E-4,0.0040537018337728,6.874477960613572E-5,8.97958873632006E-5,1.7001135110516693E-5,5.433383785690619E-4,2.7000998336825022E-5,8.538094453269092E-5,1.5923483148109783E-5,9.224893409818906E-4,2.766061294444374E-5,7.43018067266979E-4,2.610293233670121E-4,1.5790820200322292E-5,6.025822767377719E-4,0.003764944188412538,1.6952952341213867E-5,2.4743957673516887E-5,0.004768791035951287,5.864917310989986E-4,3.3957888653980175E-5,3.850614015668938E-5,8.995767648506002E-4,4.912484044370082E-4,2.385637713014002E-5,7.484410664001441E-4,3.1216679291667574E-5,0.0011301389800430057,9.443920453980288E-4,7.78453048127932E-5,0.003804013113104239,1.0799766894689391E-4,4.6817142781443283E-4,6.417564238604764E-5,8.565544885166049E-5,0.03287739777959645,0.030446138400281212,1.510640484134034E-5,5.622674730290837E-5],[3.605157766167226E-4,4.6801271345814143E-4,0.009981207472751955,3.2448382901642813E-4,0.017435312235938652,0.0010677413026357902,4.853048037452548E-4,1.0,0.0041472868814624204,6.921104378111791E-4,4.658283592377994E-4,3.5056374464008047E-4,0.0032280409769544012,4.562645422117812E-4,4.298304101202758E-4,2.547902913239433E-4,0.007122325451343973,3.095115680054055E-4,6.46232030938331E-4,4.891579794399769E-4,4.546633219922877E-4,6.181724871180794E-4,0.007086833057564324,4.077372155983435E-4,4.1786296325469304E-4,0.005780120542110337,7.855900317935329E-4,4.2068270773082595E-4,3.862128367449718E-4,0.0028318058966616496,5.550624864962804E-4,3.66083419679821E-4,0.018247804089103883,2.5571660903333E-4,0.0036483083816845016,0.001985509510743476,0.0012326634414785837,0.0013093185015509196,5.795640016147348E-4,0.0035532008493326926,4.2598104335064575E-4,4.7640147039624474E-4,0.03991265548507323,0.024118038515687182,1.4162944299306857E-4,0.0011225098472246128],[0.006393186701881832,0.005331422805969924,0.014506936873469867,0.004000983132022666,0.013206007846372323,0.005392110859881064,0.0040537018337728,0.0041472868814624204,1.0,0.005523509486803131,0.004146610579881678,5.930427343521634E-4,0.004699150527656007,0.003124195145602449,0.006433895101044362,0.00600805276842078,0.008052892474325835,0.0017570714713095164,0.00573235896756344,0.002860676985894746,6.34316268522833E-4,0.004408172086812874,0.008174149894688234,0.0052341739750666905,0.0051592877916866115,0.0067733042657980285,0.005564756069867364,0.003542614254901927,0.0012014159943128694,0.004481924571070457,0.006266598864546199,0.004013349492893187,0.01967391760147332,0.004578010216999946,0.005975850573274145,0.0032839720119619813,0.002858454525401659,0.011915719660278436,0.0010012473615966485,0.0038979909754435138,0.004748292385473804,0.0016490160576220613,0.03538093347681337,0.03506622626276107,0.0031706617280051453,0.006063985947708791],[3.965795607944447E-4,7.052044998954992E-4,0.012276494885481824,3.582434240914933E-4,0.01355671409615693,7.961821672641005E-4,6.874477960613572E-5,6.921104378111791E-4,0.005523509486803131,1.0,3.46633141236263E-4,4.15704599401154E-4,0.0030110437557455665,3.6146824794863075E-4,6.246634129835644E-4,6.009414561708E-4,0.0026033602837991095,3.7089201680688076E-4,9.543227992583477E-4,3.726727607489603E-4,1.2434001752883805E-4,6.910119359337621E-4,0.009385328474291552,3.8401062269266734E-4,6.639525228974824E-4,0.0015639156371665519,0.0010824664035109738,1.0390712829768254E-4,2.2163037365562722E-4,0.0015877468349282404,5.542946104294609E-4,4.0617984999688883E-5,0.018173953132728186,6.282546777490032E-4,0.002319205316875078,0.0014411588642855157,0.0024674890355671775,0.006430471617915009,3.6010087431753956E-4,0.0026982868160919443,2.3909949875272E-4,7.109215216388621E-4,0.023112519573240026,0.03573367022130501,4.381538360050495E-4,9.592711607443161E-4],[1.3942852167642543E-4,1.446617452546281E-4,0.010032021687018132,1.336778355787851E-4,0.0033499667966932433,3.3926779161217666E-4,8.97958873632006E-5,4.658283592377994E-4,0.004146610579881678,3.46633141236263E-4,1.0,1.3039572717041489E-5,0.001544405418132903,1.3492267652375774E-4,1.3755599111625347E-4,4.935770663421985E-5,0.00435516640677959,8.329265247228901E-5,3.2041715567914306E-4,1.4446391146154185E-4,7.48665889756434E-5,4.6007667112145725E-4,3.280041313960248E-4,1.1779178861625258E-4,1.2935087507131294E-4,0.006717281666091678,8.705389238051114E-4,1.0236767702770091E-4,1.3285367867069895E-4,0.0018320511337510926,3.5700510973208017E-4,5.0367216146614544E-5,0.03382287454121544,6.548833636238495E-5,0.002710024431747977,0.0018933029366084548,6.256325680357549E-4,0.017936644800666805,1.7310839939429435E-4,0.002198024455377584,1.311545592651017E-4,1.6588073775855393E-4,0.021112609553583316,0.007371825956801799,8.322767134013598E-5,4.45788763481507E-4],[1.2970546829800463E-4,1.4153726596215127E-4,0.014656011366744649,7.031007158068995E-5,0.016522975082648907,1.66282356883735E-5,1.7001135110516693E-5,3.5056374464008047E-4,5.930427343521634E-4,4.15704599401154E-4,1.3039572717041489E-5,1.0,0.0018804218617959442,2.266281264239338E-5,1.016932104418715E-4,1.3821864846487003E-5,0.001589684367735676,3.0424962932589052E-5,3.264657811209433E-4,2.479070297529195E-4,1.2700681274725441E-5,3.514541739213577E-4,0.002232013625329809,1.2796454599934544E-5,1.4331274639408175E-5,0.006655340631652029,9.110430717111065E-4,4.652380844875232E-5,5.076695429185929E-5,2.4363275836558688E-4,2.3678093658870922E-4,1.2661882463691484E-5,0.012356835975831619,2.6295940631615755E-5,6.781951575171095E-4,3.084086022668246E-5,2.0239329077942225E-4,0.015838805910159237,9.203133671282615E-5,0.0011521692506878114,2.7415915643199958E-5,1.405670429697724E-4,0.04689098071447799,0.005332250810579225,1.1648389771064854E-5,7.814125343789632E-4],[9.882705539783138E-4,0.0012065537951707391,0.005931422348977113,5.34236925209732E-4,0.01467816292496595,0.0028270136553172863,5.433383785690619E-4,0.0032280409769544012,0.004699150527656007,0.0030110437557455665,0.001544405418132903,0.0018804218617959442,1.0,0.002299382127369215,6.938357605220346E-4,0.0012324199079442961,0.007288997713694194,2.818337766663321E-4,0.002572696728525491,0.0013970858387603602,0.0029644363667868053,0.001963054693852751,0.009880851409059381,0.0020892463260925023,0.0017271288145900398,0.004645536936315222,0.0029679352360242324,0.002912818815960823,4.219727316439046E-4,0.0032531843307812888,0.0018448156207526096,0.0013051821878924353,0.026824110300440438,0.0010761162209395791,0.004280867926001619,0.002702004696018309,0.0025344758306122283,0.013834836548693134,0.0024683387119461783,0.0035134875488656812,0.0026987400622100195,0.0013830786527270402,0.03625569128333509,0.023973569593937885,0.002068206694972624,0.0022506744971277667],[1.370884963441457E-4,1.2428038981302002E-4,0.007222949356413764,1.1403439498870751E-4,0.005326869054052209,7.199302821874766E-4,2.7000998336825022E-5,4.562645422117812E-4,0.003124195145602449,3.6146824794863075E-4,1.3492267652375774E-4,2.266281264239338E-5,0.002299382127369215,1.0,1.1922767823929838E-4,1.0279635394045851E-4,0.010079752392657204,6.786234361128103E-5,0.0010817625809920047,3.0475281359507677E-4,3.271010897575236E-5,6.223897323008481E-4,0.007701830043465319,1.512235390337204E-5,8.610944762651947E-5,0.001324493809604754,7.572564355606672E-4,1.1336626314210622E-4,1.1721325454866327E-4,0.0015867458799591657,1.438203179749562E-4,9.421049126029104E-5,0.02438827744478553,8.256452677238497E-5,0.00426336685025288,0.001127661884567214,0.0015319028200316126,0.0011055152658148355,1.9277334636732963E-4,0.0028604140901287716,1.1853760531367784E-4,1.5247035299417372E-4,0.013105452265500453,0.01175863922377154,6.0511431984173866E-5,4.2876022374123873E-4],[1.3999990242859233E-4,1.423379857513634E-4,0.0062584538830891415,1.2073372984083762E-4,0.011182613967903212,7.051210737806993E-4,8.538094453269092E-5,4.298304101202758E-4,0.006433895101044362,6.246634129835644E-4,1.3755599111625347E-4,1.016932104418715E-4,6.938357605220346E-4,1.1922767823929838E-4,1.0,1.2877746099850015E-4,5.300421908156123E-4,1.3315875115914753E-4,0.0012984123444039265,2.095346051838474E-4,8.406632695726277E-5,5.35787162958701E-4,0.0063571034526903976,8.030898825338721E-5,7.221921806952481E-5,0.008915427873417267,3.018263680418621E-4,1.2951191555262245E-4,1.341698045025647E-4,0.0026452298260808485,3.7835719356954E-4,4.0374541009134834E-5,0.009984925270114478,1.0557883969498288E-4,5.552611120113223E-4,0.0010746036574148794,0.0014190660191208797,0.01285769704671823,1.6116702437166648E-4,0.003321749599446258,1.3633767671491608E-4,1.4242687000797088E-4,0.037741619558651913,0.005071364547412699,1.2601615045227012E-4,4.540996732388092E-4],[8.658456500299725E-5,3.053036834756823E-5,0.015856906152847402,7.69756809295618E-5,0.017839170253809288,8.601299297671703E-4,1.5923483148109783E-5,2.547902913239433E-4,0.00600805276842078,6.009414561708E-4,4.935770663421985E-5,1.3821864846487003E-5,0.0012324199079442961,1.0279635394045851E-4,1.2877746099850015E-4,1.0,6.771377148336269E-4,1.5062232769933537E-5,0.0013113898497799893,2.8466998668635562E-5,1.4797582649475366E-5,5.578161402542489E-4,1.3315022511238195E-4,1.3907300329657242E-5,1.921937382548054E-5,0.006178822075240848,8.539859753231566E-5,1.770140374911752E-5,1.0215394042440593E-4,0.001474529104728453,2.86704368303053E-4,1.409710149778207E-5,0.012372428294040831,1.705148510113525E-5,0.0033849823109867215,8.896710932789364E-5,2.4539913131817003E-4,0.0012975913005578764,1.3886410326931393E-4,0.0022206749926665576,1.07768538900932E-4,4.659420543953495E-5,0.04273019749705273,0.021901624204267906,1.2974874468887183E-5,8.589117416560636E-4],[0.00701080387089242,0.004678269201194872,0.011401396694081696,0.003751719743360254,0.02075803467927371,0.008804088067498713,9.224893409818906E-4,0.007122325451343973,0.008052892474325835,0.0026033602837991095,0.00435516640677959,0.001589684367735676,0.007288997713694194,0.010079752392657204,5.300421908156123E-4,6.771377148336269E-4,1.0,0.004091549280687423,0.005351236265359597,0.009966904563732929,0.006347137112487714,0.0032946339816644138,0.010245550088231884,0.00404427173783484,0.007474848595196619,0.009837139102455773,0.0016022932807217543,0.00942805674595903,0.004388496219826368,0.004427472584549227,0.006290651202777917,0.007170041801678866,0.033341771830312186,0.002631732622318667,0.009627393428295264,0.005197130921508697,0.009433432429617883,0.010686418032998884,6.153044688755211E-4,0.005301038809252466,0.0011757997261944192,0.0025463001082841547,0.014037198154551468,0.02976100378802883,9.526778605318707E-4,0.00934214712611258],[7.407182842251748E-5,1.1976234422613881E-4,0.001669561421448692,8.140982110739901E-5,0.020749741044957568,1.5909031252437893E-4,2.766061294444374E-5,3.095115680054055E-4,0.0017570714713095164,3.7089201680688076E-4,8.329265247228901E-5,3.0424962932589052E-5,2.818337766663321E-4,6.786234361128103E-5,1.3315875115914753E-4,1.5062232769933537E-5,0.004091549280687423,1.0,0.0010146665662745886,1.5359645144060247E-4,3.005023272677646E-5,3.7516234655585103E-4,5.703275836132989E-5,2.526609299368383E-5,2.3668429503922416E-5,0.007790081336429079,0.0010731549800940033,4.8762098070624245E-5,7.95827148237574E-5,0.0026317013575381256,1.5204025711297437E-4,2.9965803889318707E-5,0.016678197634752878,3.228012636200609E-5,8.861603265459994E-4,0.0015097911485354555,6.810011651359765E-5,0.008542864569712623,9.105423808088695E-5,0.001031424382654744,1.2444084284621203E-4,6.332631282354776E-5,0.030278413489636145,0.023362664404988697,2.5906216573705224E-5,9.632523917348304E-5],[4.7669274125127403E-4,7.093354030051958E-4,0.0018739851371481087,3.5716153473596345E-4,0.01647593125072725,0.0013334943825248102,7.43018067266979E-4,6.46232030938331E-4,0.00573235896756344,9.543227992583477E-4,3.2041715567914306E-4,3.264657811209433E-4,0.002572696728525491,0.0010817625809920047,0.0012984123444039265,0.0013113898497799893,0.005351236265359597,0.0010146665662745886,1.0,8.304968488551858E-4,0.0011422717999933078,0.0012833912274222157,0.007255316858973815,4.7637755788648847E-4,3.7111890810135966E-4,0.0058818783104696935,0.0013911145843170589,0.0010846683542378207,0.0011460566383028662,0.0019444826105030405,0.0011545957809107835,9.34593656310031E-4,0.012777634494980407,9.56121444333376E-4,0.0038287878062372854,0.001891555316789477,0.0020573827101559717,0.005614380121536196,0.0010945615972314468,0.00361615003266344,9.384089106887944E-4,0.0010478054792994595,0.003117592051151054,0.02475042430097834,0.0011069402854386081,0.0013828505457166972],[1.786422595693129E-4,1.8280874067602216E-4,0.012834048113331158,1.719671941552432E-4,0.015452994527605107,5.863975072920443E-4,2.610293233670121E-4,4.891579794399769E-4,0.002860676985894746,3.726727607489603E-4,1.4446391146154185E-4,2.479070297529195E-4,0.0013970858387603602,3.0475281359507677E-4,2.095346051838474E-4,2.8466998668635562E-5,0.009966904563732929,1.5359645144060247E-4,8.304968488551858E-4,1.0,2.5967568843802334E-5,3.73187442719668E-4,0.006047028063522481,3.020233564355722E-5,2.3651478378073674E-4,0.0028496500532609694,4.3889681613021786E-4,9.760760922296194E-5,2.3883459984024502E-4,0.002754483676573611,4.6656649880777364E-4,2.013815512621124E-4,0.00399462444862146,4.896320026013413E-5,9.437722168894147E-4,0.001080381298070159,0.0016006113605746524,0.006561006388275749,2.906506600163052E-4,0.0011110300632365222,2.3237169859868586E-4,2.0932692577542368E-4,0.05558119922750508,0.03686983752849934,7.118248868919848E-5,5.649680623682153E-4],[9.160495099222106E-5,1.375594640460415E-4,0.003096258730541789,2.0530840895830244E-5,0.020208388422868675,4.6180118131400994E-4,1.5790820200322292E-5,4.546633219922877E-4,6.34316268522833E-4,1.2434001752883805E-4,7.48665889756434E-5,1.2700681274725441E-5,0.0029644363667868053,3.271010897575236E-5,8.406632695726277E-5,1.4797582649475366E-5,0.006347137112487714,3.005023272677646E-5,0.0011422717999933078,2.5967568843802334E-5,1.0,2.4813394224813807E-4,0.0027088296853302464,1.2632381409898636E-5,1.5722400477831124E-5,0.008333389746832674,0.0011489131081095676,1.753711013673157E-5,3.7699977844026596E-5,8.844161805904909E-4,3.1499427460227183E-4,1.2637870971716368E-5,0.0041653631811490255,1.6363637540274993E-5,0.005478525871888401,4.0093769310832304E-4,0.00177644741190484,5.913908486645994E-4,7.40719021581477E-5,0.003424027070671801,8.958589451121112E-5,1.2741675486105297E-4,0.010083007603168267,0.023278260273100513,1.2115238330580802E-5,3.070726642001971E-4],[6.083088598359314E-4,1.9704358255563133E-4,0.013328604214729334,3.210276842184255E-4,0.010241878021591606,7.223841895903182E-4,6.025822767377719E-4,6.181724871180794E-4,0.004408172086812874,6.910119359337621E-4,4.6007667112145725E-4,3.514541739213577E-4,0.001963054693852751,6.223897323008481E-4,5.35787162958701E-4,5.578161402542489E-4,0.0032946339816644138,3.7516234655585103E-4,0.0012833912274222157,3.73187442719668E-4,2.4813394224813807E-4,1.0,0.010207465326726856,3.4404647105712113E-4,6.168204761990046E-4,0.0011056955352072501,0.0010000606887896708,7.101172113652037E-5,5.202078672356134E-4,0.0031278935908766294,5.139251189396581E-4,2.4011841670847493E-4,0.0071896820731089635,3.0668975655345076E-4,0.0018167166613180222,0.0010388295335064465,7.598111127015764E-4,0.0174738082213691,2.1800276048483354E-4,0.0029842377412738295,4.646794141333262E-4,3.9588443824892163E-4,0.0511095080117066,0.030987532152508223,4.577323971969593E-4,0.0011167196733475812],[2.974843192524706E-4,0.010139016964431554,0.0125016525320422,0.007894416981404792,0.01303145184335689,0.0074171396101417476,0.003764944188412538,0.007086833057564324,0.008174149894688234,0.009385328474291552,3.280041313960248E-4,0.002232013625329809,0.009880851409059381,0.007701830043465319,0.0063571034526903976,1.3315022511238195E-4,0.010245550088231884,5.703275836132989E-5,0.007255316858973815,0.006047028063522481,0.0027088296853302464,0.010207465326726856,1.0,0.0034032291869237163,0.008292157618160106,0.01018405014511255,0.0028611553628468053,0.0072219804050626425,0.006466013116486474,0.008476644288125309,0.004246876102859694,0.006346506001220548,0.018431391418011017,0.006962001171275225,0.008269323449394983,0.004985064625669924,0.004445737134735488,0.014917388581571323,0.006788749439389188,0.008712335256011698,0.006604355686047303,0.003596163700585101,0.02755727405912678,0.03193651713637545,0.0035523345994377584,0.008442632952355948],[6.111288190247091E-5,3.779449846706889E-5,0.015811105987234928,9.093212151356042E-5,0.0032945765560405344,9.711321082997364E-4,1.6952952341213867E-5,4.077372155983435E-4,0.0052341739750666905,3.8401062269266734E-4,1.1779178861625258E-4,1.2796454599934544E-5,0.0020892463260925023,1.512235390337204E-5,8.030898825338721E-5,1.3907300329657242E-5,0.00404427173783484,2.526609299368383E-5,4.7637755788648847E-4,3.020233564355722E-5,1.2632381409898636E-5,3.4404647105712113E-4,0.0034032291869237163,1.0,1.3981985126214331E-5,0.005803746671055416,5.771134812328021E-4,4.80059466829269E-5,8.473766036934295E-5,0.0019435464246817353,1.1451205017976664E-4,1.2639266800791855E-5,0.030586973418214067,2.1826153407715734E-5,6.140082825682898E-4,0.0014394880430182626,8.520175595450767E-4,0.006659689502582728,3.956688948081021E-5,0.0013901194960169363,1.1722160861949575E-4,5.1639722375347675E-5,0.052042664723861355,0.022026695305059876,1.1974264028302367E-5,8.889885438081706E-4],[4.097283985922874E-5,6.432822082217779E-5,0.005889309647305652,3.201051280226951E-5,0.014804181161854784,3.0104979835754594E-4,2.4743957673516887E-5,4.1786296325469304E-4,0.0051592877916866115,6.639525228974824E-4,1.2935087507131294E-4,1.4331274639408175E-5,0.0017271288145900398,8.610944762651947E-5,7.221921806952481E-5,1.921937382548054E-5,0.007474848595196619,2.3668429503922416E-5,3.7111890810135966E-4,2.3651478378073674E-4,1.5722400477831124E-5,6.168204761990046E-4,0.008292157618160106,1.3981985126214331E-5,1.0,3.6521639014692623E-4,5.48827975514349E-4,3.496379694861418E-5,6.329320017036048E-5,0.001676475514750246,4.777010801798769E-4,1.5834322046309052E-5,0.0035855278299622407,2.4693025322798802E-5,4.3419001512684367E-4,5.522301200990226E-4,1.4606338124426168E-4,0.01721368970516435,1.5109185153637132E-4,0.0025715569252301746,5.3255521796486205E-5,7.936630348645431E-5,0.0585758830511522,0.018088272433669155,2.1188532977025653E-5,5.426946889515328E-4],[0.004128631499386447,0.005840346203837645,0.011862003731398287,0.003586609470964876,0.012281611908585722,0.0056975074296029375,0.004768791035951287,0.005780120542110337,0.0067733042657980285,0.0015639156371665519,0.006717281666091678,0.006655340631652029,0.004645536936315222,0.001324493809604754,0.008915427873417267,0.006178822075240848,0.009837139102455773,0.007790081336429079,0.0058818783104696935,0.0028496500532609694,0.008333389746832674,0.0011056955352072501,0.01018405014511255,0.005803746671055416,3.6521639014692623E-4,1.0,0.007665404414585962,0.002123892448885693,0.0033765187652793544,0.007444371564125762,0.008787556487666258,0.0014973366227920286,0.01806582208137942,0.0027596849520128263,0.008877821945283984,0.007829941843878294,0.0026462489604107938,0.014295768975169373,0.009012061903326788,0.008464992439652479,0.00862999691318019,0.004602404974933806,0.041978613899201746,0.014493392514979189,0.0034012222419606015,0.0015559135591395482],[4.225710977418094E-4,5.77651436635375E-4,0.006986359528616524,4.2430002092662183E-4,0.017808009939143356,0.0011321165267894136,5.864917310989986E-4,7.855900317935329E-4,0.005564756069867364,0.0010824664035109738,8.705389238051114E-4,9.110430717111065E-4,0.0029679352360242324,7.572564355606672E-4,3.018263680418621E-4,8.539859753231566E-5,0.0016022932807217543,0.0010731549800940033,0.0013911145843170589,4.3889681613021786E-4,0.0011489131081095676,0.0010000606887896708,0.0028611553628468053,5.771134812328021E-4,5.48827975514349E-4,0.007665404414585962,1.0,0.0010715736515108161,5.808835949606896E-4,0.0017254946889373396,5.073851667039296E-4,9.365081930880004E-4,0.02992647215168071,9.82841761145644E-4,0.0037297471830924963,0.001498243353396644,0.0019292981791428465,0.012888835269122207,0.001122028051049115,0.0012128598165162977,3.4516383684364646E-4,9.535985301141603E-4,0.007613478592696587,0.027769428916847416,6.751608934981075E-5,0.0011969384290401181],[5.468399896887422E-5,7.166304043693605E-5,0.01512931568988552,9.129091221751371E-5,0.012225716630076497,4.029954385215574E-4,3.3957888653980175E-5,4.2068270773082595E-4,0.003542614254901927,1.0390712829768254E-4,1.0236767702770091E-4,4.652380844875232E-5,0.002912818815960823,1.1336626314210622E-4,1.2951191555262245E-4,1.770140374911752E-5,0.00942805674595903,4.8762098070624245E-5,0.0010846683542378207,9.760760922296194E-5,1.753711013673157E-5,7.101172113652037E-5,0.0072219804050626425,4.80059466829269E-5,3.496379694861418E-5,0.002123892448885693,0.0010715736515108161,1.0,1.0018121430091216E-4,0.002837330701288798,1.9485692198707545E-4,5.307703852500797E-5,0.03081863038673477,3.4789713690364926E-5,0.005455784539338212,6.737278593314324E-5,0.002411034426055395,0.0138755547278398,5.4766500519394964E-5,0.003312710143684319,5.664155702932928E-5,1.2571111939243087E-4,0.033550859996253034,0.02323579544568454,3.941128064972849E-5,8.384206959088265E-4],[1.3962073387810222E-4,1.3965782451591825E-4,0.004775467403826888,1.0809563266306895E-4,0.020074313148479277,3.8301310798133874E-4,3.850614015668938E-5,3.862128367449718E-4,0.0012014159943128694,2.2163037365562722E-4,1.3285367867069895E-4,5.076695429185929E-5,4.219727316439046E-4,1.1721325454866327E-4,1.341698045025647E-4,1.0215394042440593E-4,0.004388496219826368,7.95827148237574E-5,0.0011460566383028662,2.3883459984024502E-4,3.7699977844026596E-5,5.202078672356134E-4,0.006466013116486474,8.473766036934295E-5,6.329320017036048E-5,0.0033765187652793544,5.808835949606896E-4,1.0018121430091216E-4,1.0,5.336308185273045E-4,2.6887197818771785E-4,4.3769601227760964E-5,0.009588860454374107,9.80496604285341E-5,0.003369522431956699,0.0014692749627717092,0.002171662861300222,0.007226186857556315,1.933726610255277E-4,0.0010832217292421507,1.305995774670345E-4,1.2966808306759468E-4,0.019941570569286495,0.01823414789194943,1.0995673997617157E-4,6.726080743354039E-4],[0.0026463997392072664,0.0022177374255712393,0.006565060408663835,0.0015644567669481123,0.004003016630426332,0.0022577801931872193,8.995767648506002E-4,0.0028318058966616496,0.004481924571070457,0.0015877468349282404,0.0018320511337510926,2.4363275836558688E-4,0.0032531843307812888,0.0015867458799591657,0.0026452298260808485,0.001474529104728453,0.004427472584549227,0.0026317013575381256,0.0019444826105030405,0.002754483676573611,8.844161805904909E-4,0.0031278935908766294,0.008476644288125309,0.0019435464246817353,0.001676475514750246,0.007444371564125762,0.0017254946889373396,0.002837330701288798,5.336308185273045E-4,1.0,0.0011698236960957153,4.982139547129035E-4,0.028688447096916186,0.002537058237273953,0.004110254513919911,0.0030371194977541227,0.002825574492148273,0.012349668253405178,8.269508020550922E-4,0.003844632251288725,5.892389095117988E-4,0.0017670927945153802,0.02384141476946483,0.03131368410293947,0.002601387924393932,0.002787589987646987],[3.2085602820258806E-4,3.7792619695586687E-4,0.014719163425715795,1.3250896714494905E-4,0.010311932558004108,7.660782711536229E-4,4.912484044370082E-4,5.550624864962804E-4,0.006266598864546199,5.542946104294609E-4,3.5700510973208017E-4,2.3678093658870922E-4,0.0018448156207526096,1.438203179749562E-4,3.7835719356954E-4,2.86704368303053E-4,0.006290651202777917,1.5204025711297437E-4,0.0011545957809107835,4.6656649880777364E-4,3.1499427460227183E-4,5.139251189396581E-4,0.004246876102859694,1.1451205017976664E-4,4.777010801798769E-4,0.008787556487666258,5.073851667039296E-4,1.9485692198707545E-4,2.6887197818771785E-4,0.0011698236960957153,1.0,3.5466115951777116E-4,0.02154721307331814,4.4562432994962073E-4,0.0015971696886582462,6.091007338437365E-4,9.843160670740976E-4,0.00857607491927173,2.7988431339555885E-4,0.0023827065240828193,4.776013757179109E-4,2.3282417447149906E-4,0.04230603136167931,0.0035791326948549098,2.519160424822566E-4,0.0011453236890365639],[1.1701895357881094E-4,6.53957789517725E-5,0.0030313490725599793,4.693137821205396E-5,0.011794373292866157,5.260310229116076E-4,2.385637713014002E-5,3.66083419679821E-4,0.004013349492893187,4.0617984999688883E-5,5.0367216146614544E-5,1.2661882463691484E-5,0.0013051821878924353,9.421049126029104E-5,4.0374541009134834E-5,1.409710149778207E-5,0.007170041801678866,2.9965803889318707E-5,9.34593656310031E-4,2.013815512621124E-4,1.2637870971716368E-5,2.4011841670847493E-4,0.006346506001220548,1.2639266800791855E-5,1.5834322046309052E-5,0.0014973366227920286,9.365081930880004E-4,5.307703852500797E-5,4.3769601227760964E-5,4.982139547129035E-4,3.5466115951777116E-4,1.0,0.026357342766334498,2.9872276859149018E-5,0.0021261121754728453,0.0018335785815986525,7.272482417544452E-4,0.007496221852048257,2.875814271029824E-5,0.0013087841050126313,5.3847135221529186E-5,1.6159289114795688E-5,0.0311665470742284,0.02049678538906006,1.2592223458181111E-5,1.8020139353208157E-4],[0.010162295489188615,0.034513282564070914,0.03420450889040706,0.013812443692506896,0.026429397076703495,0.013900212644836431,7.484410664001441E-4,0.018247804089103883,0.01967391760147332,0.018173953132728186,0.03382287454121544,0.012356835975831619,0.026824110300440438,0.02438827744478553,0.009984925270114478,0.012372428294040831,0.033341771830312186,0.016678197634752878,0.012777634494980407,0.00399462444862146,0.0041653631811490255,0.0071896820731089635,0.018431391418011017,0.030586973418214067,0.0035855278299622407,0.01806582208137942,0.02992647215168071,0.03081863038673477,0.009588860454374107,0.028688447096916186,0.02154721307331814,0.026357342766334498,1.0,0.032362174197247726,0.020855790408273213,0.009391882742265396,0.03360779313370586,0.034037249112473925,0.01916761221156837,0.017244619877294632,0.006822452853688641,0.025045350931787152,0.05195042829741993,0.037037037037037035,0.00526538729820118,0.004515787083025708],[3.9317267221418024E-5,3.2090757892271964E-5,0.0037908621363465693,4.3235950802555255E-5,0.012110036616171,9.454257252329947E-4,3.1216679291667574E-5,2.5571660903333E-4,0.004578010216999946,6.282546777490032E-4,6.548833636238495E-5,2.6295940631615755E-5,0.0010761162209395791,8.256452677238497E-5,1.0557883969498288E-4,1.705148510113525E-5,0.002631732622318667,3.228012636200609E-5,9.56121444333376E-4,4.896320026013413E-5,1.6363637540274993E-5,3.0668975655345076E-4,0.006962001171275225,2.1826153407715734E-5,2.4693025322798802E-5,0.0027596849520128263,9.82841761145644E-4,3.4789713690364926E-5,9.80496604285341E-5,0.002537058237273953,4.4562432994962073E-4,2.9872276859149018E-5,0.032362174197247726,1.0,0.005109457176045014,6.164993777661926E-4,7.167594477037694E-4,0.01156969643157063,6.386247406611908E-5,0.002684014695169195,5.855583354657086E-5,1.3980905124531717E-4,0.02800588379460275,0.030288992352381243,1.3437469546289852E-5,1.3262766238450002E-4],[0.0036209120883839326,0.005196929041582932,0.005752228864301916,2.9830155375057366E-4,0.01013111235913112,0.0025080140722792436,0.0011301389800430057,0.0036483083816845016,0.005975850573274145,0.002319205316875078,0.002710024431747977,6.781951575171095E-4,0.004280867926001619,0.00426336685025288,5.552611120113223E-4,0.0033849823109867215,0.009627393428295264,8.861603265459994E-4,0.0038287878062372854,9.437722168894147E-4,0.005478525871888401,0.0018167166613180222,0.008269323449394983,6.140082825682898E-4,4.3419001512684367E-4,0.008877821945283984,0.0037297471830924963,0.005455784539338212,0.003369522431956699,0.004110254513919911,0.0015971696886582462,0.0021261121754728453,0.020855790408273213,0.005109457176045014,1.0,0.002139753535931068,0.0033114170580900264,0.016253455354627147,0.0010482378161871784,0.00527526647666712,0.005013059077376819,9.33309468715471E-4,0.010897040303361156,0.014270047153627844,0.004991188049926348,0.0026874990620144945],[0.0017408124337405387,9.86173349822136E-4,0.00871427025029027,0.0018839314094908168,0.004162479593762818,0.0017351069603421048,9.443920453980288E-4,0.001985509510743476,0.0032839720119619813,0.0014411588642855157,0.0018933029366084548,3.084086022668246E-5,0.002702004696018309,0.001127661884567214,0.0010746036574148794,8.896710932789364E-5,0.005197130921508697,0.0015097911485354555,0.001891555316789477,0.001080381298070159,4.0093769310832304E-4,0.0010388295335064465,0.004985064625669924,0.0014394880430182626,5.522301200990226E-4,0.007829941843878294,0.001498243353396644,6.737278593314324E-5,0.0014692749627717092,0.0030371194977541227,6.091007338437365E-4,0.0018335785815986525,0.009391882742265396,6.164993777661926E-4,0.002139753535931068,1.0,0.002299734470114621,0.006858726862402407,0.0016443219540378143,0.003077425476157425,0.0012931198647021715,4.7566396183101954E-4,0.04830625731614369,0.014576159192596071,3.161411696243714E-4,0.001697723372709598],[0.0022959859122815675,9.631842046926474E-4,0.011220539886808972,5.657218959736733E-4,0.006136732369311979,0.0013622119580621445,7.78453048127932E-5,0.0012326634414785837,0.002858454525401659,0.0024674890355671775,6.256325680357549E-4,2.0239329077942225E-4,0.0025344758306122283,0.0015319028200316126,0.0014190660191208797,2.4539913131817003E-4,0.009433432429617883,6.810011651359765E-5,0.0020573827101559717,0.0016006113605746524,0.00177644741190484,7.598111127015764E-4,0.004445737134735488,8.520175595450767E-4,1.4606338124426168E-4,0.0026462489604107938,0.0019292981791428465,0.002411034426055395,0.002171662861300222,0.002825574492148273,9.843160670740976E-4,7.272482417544452E-4,0.03360779313370586,7.167594477037694E-4,0.0033114170580900264,0.002299734470114621,1.0,0.01649258016325097,8.705985479642127E-4,0.0037854952262037283,7.66209226408229E-4,8.762275519365863E-4,0.006723111635396722,0.036953030370062194,8.909115176989075E-4,0.00181572354453958],[0.01620478224339439,0.014648560941611493,0.016249995582088436,0.013224513543675534,0.019476886235456344,0.008990829504569866,0.003804013113104239,0.0013093185015509196,0.011915719660278436,0.006430471617915009,0.017936644800666805,0.015838805910159237,0.013834836548693134,0.0011055152658148355,0.01285769704671823,0.0012975913005578764,0.010686418032998884,0.008542864569712623,0.005614380121536196,0.006561006388275749,5.913908486645994E-4,0.0174738082213691,0.014917388581571323,0.006659689502582728,0.01721368970516435,0.014295768975169373,0.012888835269122207,0.0138755547278398,0.007226186857556315,0.012349668253405178,0.00857607491927173,0.007496221852048257,0.034037249112473925,0.01156969643157063,0.016253455354627147,0.006858726862402407,0.01649258016325097,1.0,0.0011990738658983933,0.01259769951652703,0.006223418557565714,0.003927939387503718,0.024847861615229123,0.021818007640197964,0.014885442520598894,0.016092449660069785],[1.6585514616822156E-4,1.686910049353407E-4,0.012276478358166573,1.1020905064202122E-4,0.018415514158784604,0.0010451792997969761,1.0799766894689391E-4,5.795640016147348E-4,0.0010012473615966485,3.6010087431753956E-4,1.7310839939429435E-4,9.203133671282615E-5,0.0024683387119461783,1.9277334636732963E-4,1.6116702437166648E-4,1.3886410326931393E-4,6.153044688755211E-4,9.105423808088695E-5,0.0010945615972314468,2.906506600163052E-4,7.40719021581477E-5,2.1800276048483354E-4,0.006788749439389188,3.956688948081021E-5,1.5109185153637132E-4,0.009012061903326788,0.001122028051049115,5.4766500519394964E-5,1.933726610255277E-4,8.269508020550922E-4,2.7988431339555885E-4,2.875814271029824E-5,0.01916761221156837,6.386247406611908E-5,0.0010482378161871784,0.0016443219540378143,8.705985479642127E-4,0.0011990738658983933,1.0,4.6616706915332496E-4,1.7205537173671225E-4,1.8508413749375558E-4,0.0037466658210753598,0.03141383005998395,4.6220165779577106E-5,5.504808094336529E-4],[4.3498798177369355E-4,3.995721562433483E-4,0.004627210971919417,0.001953445891989651,0.01854187451633734,0.0032408073788490685,4.6817142781443283E-4,0.0035532008493326926,0.0038979909754435138,0.0026982868160919443,0.002198024455377584,0.0011521692506878114,0.0035134875488656812,0.0028604140901287716,0.003321749599446258,0.0022206749926665576,0.005301038809252466,0.001031424382654744,0.00361615003266344,0.0011110300632365222,0.003424027070671801,0.0029842377412738295,0.008712335256011698,0.0013901194960169363,0.0025715569252301746,0.008464992439652479,0.0012128598165162977,0.003312710143684319,0.0010832217292421507,0.003844632251288725,0.0023827065240828193,0.0013087841050126313,0.017244619877294632,0.002684014695169195,0.00527526647666712,0.003077425476157425,0.0037854952262037283,0.01259769951652703,4.6616706915332496E-4,1.0,0.0025906242438693866,0.002473589290357992,0.037389496671635526,0.02838307093668012,0.0029781975619728638,0.0028731784349712987],[1.376186446783006E-4,1.5007188073064336E-4,0.0036114490105910464,1.2934881920447403E-4,0.004407859511832366,7.662268241065058E-4,6.417564238604764E-5,4.2598104335064575E-4,0.004748292385473804,2.3909949875272E-4,1.311545592651017E-4,2.7415915643199958E-5,0.0026987400622100195,1.1853760531367784E-4,1.3633767671491608E-4,1.07768538900932E-4,0.0011757997261944192,1.2444084284621203E-4,9.384089106887944E-4,2.3237169859868586E-4,8.958589451121112E-5,4.646794141333262E-4,0.006604355686047303,1.1722160861949575E-4,5.3255521796486205E-5,0.00862999691318019,3.4516383684364646E-4,5.664155702932928E-5,1.305995774670345E-4,5.892389095117988E-4,4.776013757179109E-4,5.3847135221529186E-5,0.006822452853688641,5.855583354657086E-5,0.005013059077376819,0.0012931198647021715,7.66209226408229E-4,0.006223418557565714,1.7205537173671225E-4,0.0025906242438693866,1.0,1.6091863109397728E-4,0.0341281084682365,0.013161588200398233,1.0464914166086928E-4,7.910873104318781E-4],[1.6362250445576895E-4,1.5906261389916763E-4,0.014266039099581795,1.4101034248970539E-4,0.0027811894043145158,9.184850608723353E-4,8.565544885166049E-5,4.7640147039624474E-4,0.0016490160576220613,7.109215216388621E-4,1.6588073775855393E-4,1.405670429697724E-4,0.0013830786527270402,1.5247035299417372E-4,1.4242687000797088E-4,4.659420543953495E-5,0.0025463001082841547,6.332631282354776E-5,0.0010478054792994595,2.0932692577542368E-4,1.2741675486105297E-4,3.9588443824892163E-4,0.003596163700585101,5.1639722375347675E-5,7.936630348645431E-5,0