[[1.0, 0.52509407599804, 0.8482203301206431, 0.23723858345947202, 0.9871010789094327, 0.09891492895961662, 0.7094317219316951, 0.1377579648312076, 0.2081880566491079, 0.49040090929013525, 0.4061471855261658, 0.6939092449733427, 0.6296926801466562, 0.9944184941689281, 0.994786441926982, 0.5604289114133908, 0.9234201112094859, 0.04592550854032085, 0.6047596480339565, 0.951563948862016, 0.08296100456939037, 0.010769640006382475, 0.5121275180557645, 0.584664222039279, 0.7492987404105823, 0.5120912255228197, 0.02849335069485459, 0.18390613609303763, 0.43575659524035526, 0.5970513352489987, 0.11401407595856194, 0.3731112119155896, 0.6857720871429671, 0.576210650822192, 0.009083647031848163], [0.52509407599804, 1.0, 0.39117674545448944, 0.6567121868012712, 0.49667568116994043, 0.2015563125700689, 0.07211603797376143, 0.6124437729189984, 0.29031739702839077, 0.41356764208149865, 0.2501721187513819, 0.6468316367252844, 0.530607161579697, 0.934418583131268, 0.20494784892354712, 0.2751856335449411, 0.7180839098838658, 0.7718062324624053, 0.5171723242996622, 0.6211260244643135, 0.0010949281436254399, 0.6648756003999439, 0.7808886645771277, 0.6456056025970581, 0.8631677564863331, 0.25151055401464506, 0.6882868289284305, 0.23576717584191909, 0.6785660180620101, 0.17241741630493168, 0.6035329296854065, 0.12544217678538938, 0.9861563508970967, 0.749332605242224, 0.9680923656015955], [0.8482203301206431, 0.39117674545448944, 1.0, 0.7075240162636319, 0.17331790154843885, 0.7527835232854514, 0.5823126681620386, 0.2991589430538485, 0.2038854689378018, 0.2418851939302985, 0.39148264314752435, 0.019643409080106977, 0.22133926130134307, 0.6895715594951362, 0.5766403448462718, 0.9783163170909074, 0.9117547025221249, 0.31957576696695567, 0.7147995704304511, 0.5198165440516057, 0.01653325000673367, 0.5472641512802829, 0.05825173302740949, 0.3917095947584709, 0.029732975780764725, 0.03617436429297749, 0.005110322026749214, 0.16825456604384315, 0.7518730098094598, 0.16282714013725463, 0.5250274747523513, 0.41702927076774976, 0.6291866436547553, 0.3104238398012281, 0.8789898163755315], [0.23723858345947202, 0.6567121868012712, 0.7075240162636319, 1.0, 0.7403112084164697, 0.7522497990470406, 0.6768551022589818, 0.8859093359018642, 0.04748944426103807, 0.10339552595468449, 0.9848292615568314, 0.6717211619901658, 0.0641735939524507, 0.0704321158750304, 0.09419260223781734, 0.23722059462999878, 0.6561023102976913, 0.4609522289128063, 0.0718605894294535, 0.5416188623556635, 0.7885652850086547, 0.15680950703818997, 0.8892686300524405, 0.9546942056021871, 0.577924049694842, 0.3796042023056496, 0.1526793339619803, 0.19462413486058505, 0.40930682757134507, 0.47799625560059, 0.6551700339894473, 0.09627152135609462, 0.7243511210437692, 0.08971088201720112, 0.5349915652316642], [0.9871010789094327, 0.49667568116994043, 0.17331790154843885, 0.7403112084164697, 1.0, 0.39329204352136116, 0.10769446757649692, 0.2920744647076663, 0.7433247619590316, 0.016880672103963268, 0.4503622387716255, 0.5011990211267077, 0.343778056232249, 0.7728515201687389, 0.7054331074393918, 0.48283163771629556, 0.5783122964242166, 0.5365466306568486, 0.5022912518118181, 0.43558091302694346, 0.1542020112245268, 0.49118057255475456, 0.1211765237613246, 0.34791847998998493, 0.6846560143493335, 0.8349580026916412, 0.2020738862901713, 0.5889159659799234, 0.1272571429883761, 0.06762631639965144, 0.872334110809692, 0.6538229526834289, 0.668039686188261, 0.09874828176325712, 0.44068132743753785], [0.09891492895961662, 0.2015563125700689, 0.7527835232854514, 0.7522497990470406, 0.39329204352136116, 1.0, 0.31936317350077903, 0.5595436632702466, 0.9950607757572195, 0.011344024557762844, 0.987600630954121, 0.26966578166112765, 0.784015878157871, 0.6804679322579493, 0.07743110268384357, 0.5454688188525016, 0.8158928476849598, 0.4642164038469382, 0.704401274975026, 0.6946540704413744, 0.6350759614259999, 0.7661819972076509, 0.2851979469090953, 0.9541455520766489, 0.5210615936276043, 0.21836708289564366, 0.5915880450681084, 0.6779441053141495, 0.8253960256528987, 0.5270002867399018, 0.6711386001602061, 0.9458455454793716, 0.021208699928853436, 0.9538946553784952, 0.3846756308308945], [0.7094317219316951, 0.07211603797376143, 0.5823126681620386, 0.6768551022589818, 0.10769446757649692, 0.31936317350077903, 1.0, 0.8586428532424664, 0.8909171505729251, 0.4653770613806515, 0.3068845239835519, 0.3162956747013197, 0.47740768053090676, 0.01519488140837777, 0.8206826190036031, 0.7318812441409652, 0.21253427179351092, 0.97509789642484, 0.726647675929579, 0.6944094380157799, 0.7461042082034356, 0.49668668887137735, 0.7999628426847173, 0.10523650084985303, 0.8743653945545797, 0.35544524230247354, 0.17988539398507897, 0.6468833893536591, 0.6273946680694327, 0.4757712618654084, 0.6076795241729608, 0.8040339535510393, 0.7603679446033897, 0.48558863936650865, 0.39888140548376483], [0.1377579648312076, 0.6124437729189984, 0.2991589430538485, 0.8859093359018642, 0.2920744647076663, 0.5595436632702466, 0.8586428532424664, 1.0, 0.5862838387891572, 0.7845563695461553, 0.8538463216982983, 0.2583843045741495, 0.08502525066916267, 0.6323410071058254, 0.7284036189725286, 0.6220310315662264, 0.17326480051563076, 0.1424981649969036, 0.9988415246823776, 0.2731195472212159, 0.8530656210304962, 0.543150828949659, 0.39138206489089, 0.406440634398627, 0.6921476915022302, 0.6388511204082318, 0.29611997930734313, 0.1893635222239295, 0.009676249912816681, 0.23772783357854566, 0.06921313225298464, 0.7887186410927427, 0.8934618376406529, 0.42465923025271, 0.4152294865416025], [0.2081880566491079, 0.29031739702839077, 0.2038854689378018, 0.04748944426103807, 0.7433247619590316, 0.9950607757572195, 0.8909171505729251, 0.5862838387891572, 1.0, 0.5605990066374636, 0.8881607428780653, 0.5333225875642202, 0.8067691713377536, 0.3735727799021, 0.2733509839888668, 0.29614474672697355, 0.12381286756205301, 0.8609603411793619, 0.40648923516287383, 0.32979870361107244, 0.9334310307049104, 0.0773082321227393, 0.022847649396120273, 0.4045678512632631, 0.04190507379064401, 0.9394202753124251, 0.3520543376248847, 0.5264774367624114, 0.6782346783926285, 0.18382103267498062, 0.35181971941899204, 0.019020914628345875, 0.5577094026354851, 0.956246719857686, 0.8251378359603405], [0.49040090929013525, 0.41356764208149865, 0.2418851939302985, 0.10339552595468449, 0.016880672103963268, 0.011344024557762844, 0.4653770613806515, 0.7845563695461553, 0.5605990066374636, 1.0, 0.956087467802144, 0.6436942124573869, 0.7574210658595784, 0.11426466989878636, 0.11069864450583344, 0.748696164241323, 0.6953651325921166, 0.43387455361613636, 0.9714838721757254, 0.664313860647708, 0.5669366400814209, 0.49987428948186674, 0.6835090426550405, 0.021434597672700062, 0.2636863207889206, 0.34693131365377483, 0.6934266848287534, 0.20501122136637473, 0.19815203811847448, 0.27343951418145607, 0.3291488176584204, 0.8066299731395314, 0.9520829538090775, 0.6941148709078846, 0.6123792893397668], [0.4061471855261658, 0.2501721187513819, 0.39148264314752435, 0.9848292615568314, 0.4503622387716255, 0.987600630954121, 0.3068845239835519, 0.8538463216982983, 0.8881607428780653, 0.956087467802144, 1.0, 0.14691280811244223, 0.9946489851399795, 0.17189231799358673, 0.1529563093181373, 0.21691847816597343, 0.3360816004579127, 0.07267317661839001, 0.742326218965851, 0.2564091955598288, 0.2646071972078001, 0.19180503693827666, 0.9770200589481887, 0.3168385725236341, 0.573837877688912, 0.5097791189094852, 0.9825981445818314, 0.1727349531611616, 0.31244133967017873, 0.9914349424102311, 0.2527382946052322, 0.9048709044214056, 0.9732527064663515, 0.814401628823701, 0.9632374742536871], [0.6939092449733427, 0.6468316367252844, 0.019643409080106977, 0.6717211619901658, 0.5011990211267077, 0.26966578166112765, 0.3162956747013197, 0.2583843045741495, 0.5333225875642202, 0.6436942124573869, 0.14691280811244223, 1.0, 0.46398630687407405, 0.0018626150036804567, 0.6258684088423501, 0.31071823998169956, 0.3826516370548819, 0.5223379672375889, 0.36471966992184135, 0.7246301993171913, 0.7564734510535046, 0.40857038201565854, 0.07555442880179974, 0.6722459923849273, 0.9655509381643173, 0.620434756258121, 0.7171071668979907, 0.17026360746918046, 0.18886310272526596, 0.34245687645172296, 0.6603302120466867, 0.26386988712883397, 0.26613190950039245, 0.502895170831548, 0.38567980226206533], [0.6296926801466562, 0.530607161579697, 0.22133926130134307, 0.0641735939524507, 0.343778056232249, 0.784015878157871, 0.47740768053090676, 0.08502525066916267, 0.8067691713377536, 0.7574210658595784, 0.9946489851399795, 0.46398630687407405, 1.0, 0.38728210069343005, 0.8379425238817333, 0.25502309388494093, 0.35195614446238854, 0.20305326406790547, 0.7427219584032543, 0.38497098532722607, 0.24813700110096537, 0.5210908196117306, 0.4020364200316833, 0.7304560266151661, 0.7084448079204438, 0.7548850534610568, 0.20937009527281358, 0.7934790395141887, 0.5190663221922841, 0.8735989723311955, 0.24032426436742127, 0.6197216476977124, 0.9308827499765098, 0.16882334399300247, 0.5489249170708109], [0.9944184941689281, 0.934418583131268, 0.6895715594951362, 0.0704321158750304, 0.7728515201687389, 0.6804679322579493, 0.01519488140837777, 0.6323410071058254, 0.3735727799021, 0.11426466989878636, 0.17189231799358673, 0.0018626150036804567, 0.38728210069343005, 1.0, 0.5675689445263046, 0.07644419037707295, 0.3079629430227222, 0.041373263938106364, 0.39102997001759754, 0.2983626303104666, 0.16458437383068747, 0.39968898881695525, 0.4369022456967303, 0.04307432929223032, 0.3555871537197983, 0.8424656730714016, 0.2866880622188446, 0.8554020115434499, 0.22424154476518865, 0.3625734513458153, 0.7659166174332216, 0.06932406266020075, 0.5578652742496396, 0.2534462693251349, 0.6012233313368134], [0.994786441926982, 0.20494784892354712, 0.5766403448462718, 0.09419260223781734, 0.7054331074393918, 0.07743110268384357, 0.8206826190036031, 0.7284036189725286, 0.2733509839888668, 0.11069864450583344, 0.1529563093181373, 0.6258684088423501, 0.8379425238817333, 0.5675689445263046, 1.0, 0.7463050128511598, 0.40861420756547784, 0.8010114365130566, 0.5885524012344655, 0.7621850675546157, 0.08342257897903504, 0.020922381375401033, 0.25016988888512715, 0.5162479634532435, 0.5254095855815324, 0.9898038081492349, 0.48441188193058216, 0.4286468055083854, 0.6750878891614798, 0.5823394182553505, 0.2661277746225932, 0.028226957374110295, 0.8869673172390815, 0.06015846239448808, 0.018075962206896334], [0.5604289114133908, 0.2751856335449411, 0.9783163170909074, 0.23722059462999878, 0.48283163771629556, 0.5454688188525016, 0.7318812441409652, 0.6220310315662264, 0.29614474672697355, 0.748696164241323, 0.21691847816597343, 0.31071823998169956, 0.25502309388494093, 0.07644419037707295, 0.7463050128511598, 1.0, 0.2761706003580431, 0.8004526558931415, 0.1714247607160463, 0.239522319574209, 0.9362978204071786, 0.867662957172044, 0.36203186782211816, 0.42036074017113323, 0.7665502371304534, 0.9929642563206199, 0.5284527234561563, 0.5500167784123468, 0.00815969195674926, 0.8000819542662632, 0.3175030133113308, 0.19590539613949465, 0.07567050189108537, 0.9185535769662054, 0.3477371804999557], [0.9234201112094859, 0.7180839098838658, 0.9117547025221249, 0.6561023102976913, 0.5783122964242166, 0.8158928476849598, 0.21253427179351092, 0.17326480051563076, 0.12381286756205301, 0.6953651325921166, 0.3360816004579127, 0.3826516370548819, 0.35195614446238854, 0.3079629430227222, 0.40861420756547784, 0.2761706003580431, 1.0, 0.8836512559877271, 0.4786187559027507, 0.2729136267281467, 0.12715519407870735, 0.33032944441045364, 0.781359823828198, 0.10482439875829996, 0.7788222297399462, 0.13204487398192366, 0.7365640679613666, 0.41637993276634355, 0.248332421279444, 0.5516373075017786, 0.9339972145600619, 0.23915055236697302, 0.009997089594357078, 0.7422215543196842, 0.8365246512424175], [0.04592550854032085, 0.7718062324624053, 0.31957576696695567, 0.4609522289128063, 0.5365466306568486, 0.4642164038469382, 0.97509789642484, 0.1424981649969036, 0.8609603411793619, 0.43387455361613636, 0.07267317661839001, 0.5223379672375889, 0.20305326406790547, 0.041373263938106364, 0.8010114365130566, 0.8004526558931415, 0.8836512559877271, 1.0, 0.46888710757354224, 0.6035633710089182, 0.5845382642822192, 0.5204599103020278, 0.7126042970049592, 0.8739992097849926, 0.6950158860576359, 0.9394820974349488, 0.6627136802680731, 0.48637890339097034, 0.12446322278111122, 0.8964602983089613, 0.7709663304562767, 0.2807980589440241, 0.4838644524338358, 0.3563820291424553, 0.8075496453344873], [0.6047596480339565, 0.5171723242996622, 0.7147995704304511, 0.0718605894294535, 0.5022912518118181, 0.704401274975026, 0.726647675929579, 0.9988415246823776, 0.40648923516287383, 0.9714838721757254, 0.742326218965851, 0.36471966992184135, 0.7427219584032543, 0.39102997001759754, 0.5885524012344655, 0.1714247607160463, 0.4786187559027507, 0.46888710757354224, 1.0, 0.967662540742437, 0.4998295143158299, 0.5770408092600855, 0.4783658618178793, 0.950214670184768, 0.24673142652206226, 0.29413155544723424, 0.6205602244124128, 0.7535593996296827, 0.13018886933467255, 0.5597574372723033, 0.018433716428919777, 0.7577151479308518, 0.07665217690402826, 0.7334093005086922, 0.9902801638040061], [0.951563948862016, 0.6211260244643135, 0.5198165440516057, 0.5416188623556635, 0.43558091302694346, 0.6946540704413744, 0.6944094380157799, 0.2731195472212159, 0.32979870361107244, 0.664313860647708, 0.2564091955598288, 0.7246301993171913, 0.38497098532722607, 0.2983626303104666, 0.7621850675546157, 0.239522319574209, 0.2729136267281467, 0.6035633710089182, 0.967662540742437, 1.0, 0.8192510928145958, 0.1289236150403409, 0.2911309499654883, 0.36486259023475665, 0.5130438620079699, 0.3963786863609363, 0.7370079562539645, 0.7540648901187229, 0.41760522080987594, 0.337254515516201, 0.4882243935229663, 0.6447287600927857, 0.8117173235107452, 0.9609732941811667, 0.4590217270709809], [0.08296100456939037, 0.0010949281436254399, 0.01653325000673367, 0.7885652850086547, 0.1542020112245268, 0.6350759614259999, 0.7461042082034356, 0.8530656210304962, 0.9334310307049104, 0.5669366400814209, 0.2646071972078001, 0.7564734510535046, 0.24813700110096537, 0.16458437383068747, 0.08342257897903504, 0.9362978204071786, 0.12715519407870735, 0.5845382642822192, 0.4998295143158299, 0.8192510928145958, 1.0, 0.3646501116223928, 0.2529321458410385, 0.8363115989522201, 0.18819816180735893, 0.9360690123523443, 0.6836036908689267, 0.8977822913127579, 0.9703693735369208, 0.3448479537469775, 0.7880827125583488, 0.40274946808322265, 0.45308134957203694, 0.22663608165076532, 0.3506880260970432], [0.010769640006382475, 0.6648756003999439, 0.5472641512802829, 0.15680950703818997, 0.49118057255475456, 0.7661819972076509, 0.49668668887137735, 0.543150828949659, 0.0773082321227393, 0.49987428948186674, 0.19180503693827666, 0.40857038201565854, 0.5210908196117306, 0.39968898881695525, 0.020922381375401033, 0.867662957172044, 0.33032944441045364, 0.5204599103020278, 0.5770408092600855, 0.1289236150403409, 0.3646501116223928, 1.0, 0.5148094710500198, 0.566564317337575, 0.16626472295840178, 0.7511825399871359, 0.5880836168777512, 0.603114928248163, 0.05726207556269536, 0.7509711715398386, 0.8128331632397197, 0.16509863880939113, 0.6279962261063085, 0.062221655604465576, 0.21311595555668972], [0.5121275180557645, 0.7808886645771277, 0.05825173302740949, 0.8892686300524405, 0.1211765237613246, 0.2851979469090953, 0.7999628426847173, 0.39138206489089, 0.022847649396120273, 0.6835090426550405, 0.9770200589481887, 0.07555442880179974, 0.4020364200316833, 0.4369022456967303, 0.25016988888512715, 0.36203186782211816, 0.781359823828198, 0.7126042970049592, 0.4783658618178793, 0.2911309499654883, 0.2529321458410385, 0.5148094710500198, 1.0, 0.8553508207323055, 0.34182210813100256, 0.7772485592792372, 0.782742246045946, 0.7190555874347456, 0.5547949886565073, 0.6685561149173914, 0.2223129651843545, 0.874314845092604, 0.8858238022633494, 0.4828911337029167, 0.6852301904115623], [0.584664222039279, 0.6456056025970581, 0.3917095947584709, 0.9546942056021871, 0.34791847998998493, 0.9541455520766489, 0.10523650084985303, 0.406440634398627, 0.4045678512632631, 0.021434597672700062, 0.3168385725236341, 0.6722459923849273, 0.7304560266151661, 0.04307432929223032, 0.5162479634532435, 0.42036074017113323, 0.10482439875829996, 0.8739992097849926, 0.950214670184768, 0.36486259023475665, 0.8363115989522201, 0.566564317337575, 0.8553508207323055, 1.0, 0.0178734414839814, 0.8677757103230075, 0.10507890255939623, 0.009067150279794878, 0.3726188579138491, 0.9299656388709169, 0.8185240894007979, 0.1515674900004479, 0.4238608840661039, 0.3457033171921977, 0.8581616979879336], [0.7492987404105823, 0.8631677564863331, 0.029732975780764725, 0.577924049694842, 0.6846560143493335, 0.5210615936276043, 0.8743653945545797, 0.6921476915022302, 0.04190507379064401, 0.2636863207889206, 0.573837877688912, 0.9655509381643173, 0.7084448079204438, 0.3555871537197983, 0.5254095855815324, 0.7665502371304534, 0.7788222297399462, 0.6950158860576359, 0.24673142652206226, 0.5130438620079699, 0.18819816180735893, 0.16626472295840178, 0.34182210813100256, 0.0178734414839814, 1.0, 0.2075491677645257, 0.6223605686017829, 0.3935708736312066, 0.9965058026138112, 0.9710122138076124, 0.8425255918208431, 0.33698938558153346, 0.2431897482102816, 0.7181847326269788, 0.81649515004927], [0.5120912255228197, 0.25151055401464506, 0.03617436429297749, 0.3796042023056496, 0.8349580026916412, 0.21836708289564366, 0.35544524230247354, 0.6388511204082318, 0.9394202753124251, 0.34693131365377483, 0.5097791189094852, 0.620434756258121, 0.7548850534610568, 0.8424656730714016, 0.9898038081492349, 0.9929642563206199, 0.13204487398192366, 0.9394820974349488, 0.29413155544723424, 0.3963786863609363, 0.9360690123523443, 0.7511825399871359, 0.7772485592792372, 0.8677757103230075, 0.2075491677645257, 1.0, 0.5786128789792305, 0.875976846029955, 0.7512327244450514, 0.0864918175562901, 0.37852429709940427, 0.7191928511531177, 0.7056811302906791, 0.23542564200347937, 0.8588469388622018], [0.02849335069485459, 0.6882868289284305, 0.005110322026749214, 0.1526793339619803, 0.2020738862901713, 0.5915880450681084, 0.17988539398507897, 0.29611997930734313, 0.3520543376248847, 0.6934266848287534, 0.9825981445818314, 0.7171071668979907, 0.20937009527281358, 0.2866880622188446, 0.48441188193058216, 0.5284527234561563, 0.7365640679613666, 0.6627136802680731, 0.6205602244124128, 0.7370079562539645, 0.6836036908689267, 0.5880836168777512, 0.782742246045946, 0.10507890255939623, 0.6223605686017829, 0.5786128789792305, 1.0, 0.5798138875260189, 0.7107914481063057, 0.7582214705527813, 0.3971256861248309, 0.8429968809460291, 0.7371896260681239, 0.29307610513486304, 0.32393382366586043], [0.18390613609303763, 0.23576717584191909, 0.16825456604384315, 0.19462413486058505, 0.5889159659799234, 0.6779441053141495, 0.6468833893536591, 0.1893635222239295, 0.5264774367624114, 0.20501122136637473, 0.1727349531611616, 0.17026360746918046, 0.7934790395141887, 0.8554020115434499, 0.4286468055083854, 0.5500167784123468, 0.41637993276634355, 0.48637890339097034, 0.7535593996296827, 0.7540648901187229, 0.8977822913127579, 0.603114928248163, 0.7190555874347456, 0.009067150279794878, 0.3935708736312066, 0.875976846029955, 0.5798138875260189, 1.0, 0.23331507090584425, 0.3267105302202251, 0.2823699813338765, 0.642481395371095, 0.4642341611328791, 0.6833493724902785, 0.46206570651925494], [0.43575659524035526, 0.6785660180620101, 0.7518730098094598, 0.40930682757134507, 0.1272571429883761, 0.8253960256528987, 0.6273946680694327, 0.009676249912816681, 0.6782346783926285, 0.19815203811847448, 0.31244133967017873, 0.18886310272526596, 0.5190663221922841, 0.22424154476518865, 0.6750878891614798, 0.00815969195674926, 0.248332421279444, 0.12446322278111122, 0.13018886933467255, 0.41760522080987594, 0.9703693735369208, 0.05726207556269536, 0.5547949886565073, 0.3726188579138491, 0.9965058026138112, 0.7512327244450514, 0.7107914481063057, 0.23331507090584425, 1.0, 0.6449862046782177, 0.9511066874037301, 0.4247835821152558, 0.8229864906331479, 0.7152690626398719, 0.43179193432939467], [0.5970513352489987, 0.17241741630493168, 0.16282714013725463, 0.47799625560059, 0.06762631639965144, 0.5270002867399018, 0.4757712618654084, 0.23772783357854566, 0.18382103267498062, 0.27343951418145607, 0.9914349424102311, 0.34245687645172296, 0.8735989723311955, 0.3625734513458153, 0.5823394182553505, 0.8000819542662632, 0.5516373075017786, 0.8964602983089613, 0.5597574372723033, 0.337254515516201, 0.3448479537469775, 0.7509711715398386, 0.6685561149173914, 0.9299656388709169, 0.9710122138076124, 0.0864918175562901, 0.7582214705527813, 0.3267105302202251, 0.6449862046782177, 1.0, 0.40752982146339223, 0.1653712069698664, 0.9673960503427574, 0.8532896171306014, 0.6701711898094008], [0.11401407595856194, 0.6035329296854065, 0.5250274747523513, 0.6551700339894473, 0.872334110809692, 0.6711386001602061, 0.6076795241729608, 0.06921313225298464, 0.35181971941899204, 0.3291488176584204, 0.2527382946052322, 0.6603302120466867, 0.24032426436742127, 0.7659166174332216, 0.2661277746225932, 0.3175030133113308, 0.9339972145600619, 0.7709663304562767, 0.018433716428919777, 0.4882243935229663, 0.7880827125583488, 0.8128331632397197, 0.2223129651843545, 0.8185240894007979, 0.8425255918208431, 0.37852429709940427, 0.3971256861248309, 0.2823699813338765, 0.9511066874037301, 0.40752982146339223, 1.0, 0.12339299749488386, 0.04257793717510994, 0.7762171999826204, 0.19702606907545428], [0.3731112119155896, 0.12544217678538938, 0.41702927076774976, 0.09627152135609462, 0.6538229526834289, 0.9458455454793716, 0.8040339535510393, 0.7887186410927427, 0.019020914628345875, 0.8066299731395314, 0.9048709044214056, 0.26386988712883397, 0.6197216476977124, 0.06932406266020075, 0.028226957374110295, 0.19590539613949465, 0.23915055236697302, 0.2807980589440241, 0.7577151479308518, 0.6447287600927857, 0.40274946808322265, 0.16509863880939113, 0.874314845092604, 0.1515674900004479, 0.33698938558153346, 0.7191928511531177, 0.8429968809460291, 0.642481395371095, 0.4247835821152558, 0.1653712069698664, 0.12339299749488386, 1.0, 0.20695242494419663, 0.39609208898629156, 0.34530445229834217], [0.6857720871429671, 0.9861563508970967, 0.6291866436547553, 0.7243511210437692, 0.668039686188261, 0.021208699928853436, 0.7603679446033897, 0.8934618376406529, 0.5577094026354851, 0.9520829538090775, 0.9732527064663515, 0.26613190950039245, 0.9308827499765098, 0.5578652742496396, 0.8869673172390815, 0.07567050189108537, 0.009997089594357078, 0.4838644524338358, 0.07665217690402826, 0.8117173235107452, 0.45308134957203694, 0.6279962261063085, 0.8858238022633494, 0.4238608840661039, 0.2431897482102816, 0.7056811302906791, 0.7371896260681239, 0.4642341611328791, 0.8229864906331479, 0.9673960503427574, 0.04257793717510994, 0.20695242494419663, 1.0, 0.16715109452680177, 0.8782507840332168], [0.576210650822192, 0.749332605242224, 0.3104238398012281, 0.08971088201720112, 0.09874828176325712, 0.9538946553784952, 0.48558863936650865, 0.42465923025271, 0.956246719857686, 0.6941148709078846, 0.814401628823701, 0.502895170831548, 0.16882334399300247, 0.2534462693251349, 0.06015846239448808, 0.9185535769662054, 0.7422215543196842, 0.3563820291424553, 0.7334093005086922, 0.9609732941811667, 0.22663608165076532, 0.062221655604465576, 0.4828911337029167, 0.3457033171921977, 0.7181847326269788, 0.23542564200347937, 0.29307610513486304, 0.6833493724902785, 0.7152690626398719, 0.8532896171306014, 0.7762171999826204, 0.39609208898629156, 0.16715109452680177, 1.0, 0.03455910959272501], [0.009083647031848163, 0.9680923656015955, 0.8789898163755315, 0.5349915652316642, 0.44068132743753785, 0.3846756308308945, 0.39888140548376483, 0.4152294865416025, 0.8251378359603405, 0.6123792893397668, 0.9632374742536871, 0.38567980226206533, 0.5489249170708109, 0.6012233313368134, 0.018075962206896334, 0.3477371804999557, 0.8365246512424175, 0.8075496453344873, 0.9902801638040061, 0.4590217270709809, 0.3506880260970432, 0.21311595555668972, 0.6852301904115623, 0.8581616979879336, 0.81649515004927, 0.8588469388622018, 0.32393382366586043, 0.46206570651925494, 0.43179193432939467, 0.6701711898094008, 0.19702606907545428, 0.34530445229834217, 0.8782507840332168, 0.03455910959272501, 1.0]]