[[1.0,0.010445915578240558,0.02205267504612831,0.02492187930248842,0.02110208297994555,0.012509995576550534,0.001920556756263402,0.008485411880740453,0.007012244402871918,5.367990104958532E-4,0.02195753294384201,0.020536358273007562,0.019596494104626,0.005623695764710752,0.010100820739789552,0.01377419720521127,0.010320571797958995,0.009613025189483537,0.01987337174358928,0.019874802255015325,0.01906615428558053,0.003851723599556399,0.015780146488049738,0.006864433643916741,0.020284072032455847,0.011246556580522168,0.020645041102570063,0.010797000137945567,0.023747228913572793,0.01711803436285994,0.007092797955804215,0.0021357158597167447,0.02121045208339854,0.024141042249146764,0.01793404945699884,0.015948371749318107,0.01995747715643932,0.015199580213679993,0.036598957154057164,0.001400274865695676,0.01110265004941653,0.006990054645045817,0.01679598683870872,0.02085888217755824,0.008229359940859216,0.0031558035254933706,0.023622662723605803,0.013127256699403936,0.017452726494648605,0.021607277292934764,0.01139566626898441,0.008551155558067774,0.022723021019824968,0.02052834143519649],[0.010445915578240558,1.0,0.008229297788761683,0.010709196567042245,0.0015699563161736107,8.121739799254556E-4,0.0013022511873245818,0.0012570938691988727,0.0011787770108296863,9.880842555219061E-4,0.001339231237724245,0.0018332440266005225,0.004418270679014412,0.00429540019325651,0.0012110280493205262,3.5272539830521213E-4,0.0019588430254307556,0.00205386652414784,0.0024112814888789646,7.328576089371671E-4,0.010734525292328236,0.0015820236598826063,0.0015993460018354942,0.0011444217268999934,0.0014667705674806333,0.0012028379340129078,0.010588017413970398,0.001508299368694399,1.7961054154944214E-4,0.0015696836285433366,7.914222414966817E-4,0.0013579046506655289,0.0016356759577550082,0.0013715358869004005,3.48649815325406E-4,0.0037477005558878103,7.889024565292534E-5,0.00547458985781844,0.006951550850897238,0.001280644632238364,0.001245250437648667,2.606017108899216E-4,0.010393926433685807,0.007148015886087532,0.0015465164023695055,0.001310825067694043,8.645868993889141E-4,7.52279592616578E-4,0.0010447925870160084,0.0011339810697803658,0.0014710160817349512,0.0012528041721309724,2.1419533442961045E-4,3.262973278839088E-4],[0.02205267504612831,0.008229297788761683,1.0,0.017550025215850043,0.008507304314225453,0.0034690172226406867,0.00689259896551748,0.0013606049299503269,9.915897262473261E-4,0.00895733166531346,0.001143414234863988,0.00904742990466224,0.010452599709910861,0.006803341681243972,0.004295069089969164,0.004129770423623267,0.009306800525170734,0.005789737060766978,0.010002086024634427,0.008275182876919498,0.011564405790744133,0.008592334560681697,0.0017892408753830034,0.002230161478775213,0.004952562750105071,0.003505096485462506,0.016431253528315964,0.009367595843732578,0.005480006292117541,0.0025389904020128888,4.6984328709159015E-4,0.007946575108389024,0.004649471448421911,0.004353066425384211,0.0026314173069369815,0.004480964065672171,0.009182770237037155,0.008886787811765306,0.021646065397125318,0.003709501781474629,0.004383782237410664,0.0064206132786896256,0.011399591974107778,0.010604682948121068,0.004522931462804463,0.007239338602214886,0.0046556148812830185,0.0047916524223519386,0.002334900432470466,0.007062001796367172,0.0027674080986524055,0.007435647202290344,0.006785784102944685,0.0072341260977959905],[0.02492187930248842,0.010709196567042245,0.017550025215850043,1.0,0.010164804389236861,4.093644483235277E-4,0.0039178259477551675,0.010683669483409583,0.025147480094209133,0.007941187022937989,1.381805725122713E-4,0.025630888084910052,0.015545935606872067,0.021539045671685603,0.007944387283206237,0.00786460547175289,0.024752662411506466,0.005359125304184137,0.013836457749655681,0.01824167001421305,0.0208973187406021,0.008119563829156556,0.023458908474703114,0.017194541111265692,0.019807950744010774,0.008955199303571793,0.026041213665076002,0.003032790185873751,0.026114382087178287,0.0028677885045465348,0.02695263526478194,0.012000061940828942,0.006846169339559921,0.0036900781955469977,0.00625149707530726,0.016169230336340115,0.025745587178581865,0.011460143015298624,0.03338107975238865,0.00630649432121339,0.013789050861419051,0.01539817820108022,0.026075436543513075,0.012656007448744556,0.006188210973449998,0.005295328991497892,0.016393533558186502,0.008697078020157876,0.004946775927465048,0.00593868315552434,0.01891270052040984,0.0023906430268291474,0.015053627995888273,0.012336157517244272],[0.02110208297994555,0.0015699563161736107,0.008507304314225453,0.010164804389236861,1.0,3.6781450449944374E-4,0.0012155899818019889,0.001297238313835316,0.001079277309262886,0.001223515726183444,0.0010386997121728612,0.0051914894919971285,0.005907251805252069,0.003291141841178649,0.0014775791320782055,3.2627783856938047E-4,0.004641701412189322,0.0026985654525843506,0.009446048484912593,0.00115024062039629,0.00457386336874705,0.0015320053633051292,0.0015612073708616908,0.001366427634063214,0.0013007552097077332,0.0012849746788404373,0.014473504178402626,0.0014523079011676454,0.0010252970207052646,0.0012546154164875198,8.986750785831038E-4,9.870259405841814E-4,0.0021713951826686133,0.0012041540189642742,0.0014322130835564008,0.0028203038011244477,0.0011466734584686209,0.007098185642113048,0.03013026712415879,9.556897944127856E-4,1.5403846534847723E-4,0.0013136340446716344,0.01504188270791726,0.009717565785458076,9.567033634597441E-4,9.95565004240207E-4,0.001370620833549173,5.93277977461831E-4,0.0011378732437242647,0.001354341755690415,0.001430800730671216,0.0013785605059971522,0.001174561512131073,0.0014645897014758922],[0.012509995576550534,8.121739799254556E-4,0.0034690172226406867,4.093644483235277E-4,3.6781450449944374E-4,1.0,5.725028855493554E-4,1.406173963137791E-4,1.0184567441154591E-4,8.42411696406951E-5,1.2169287044358012E-4,0.00387818224960838,0.00773521311946106,0.004628317143280991,6.13548971446317E-5,1.1051102475229011E-5,0.0035914650239565146,0.0024256740448121527,0.003976330241927471,3.739478785251631E-5,0.01499070057077463,9.813075758370237E-4,2.812111560173066E-4,7.079606030526461E-4,4.599023869209675E-4,4.3777004253029426E-4,0.013654354409037374,8.549921548902999E-4,4.5142052993721074E-5,2.727274274159695E-4,3.656366187971473E-5,1.3539841781988278E-4,0.002084635166348679,2.776844369093147E-4,7.137772888586305E-5,0.0019529073944469571,1.865531042498312E-5,0.00545464000564654,5.253978192153321E-4,1.9395981555496838E-5,1.7698670027524012E-5,4.50233657938343E-5,0.015847696153812707,0.008116110206132685,4.409454242918768E-5,1.5522461724996433E-4,2.838926828109995E-4,9.430305050111751E-5,1.2390221634071775E-4,1.5218927113404526E-4,1.8814065800827447E-4,1.9856870850649185E-4,2.7665446165024065E-5,1.163559027589454E-5],[0.001920556756263402,0.0013022511873245818,0.00689259896551748,0.0039178259477551675,0.0012155899818019889,5.725028855493554E-4,1.0,3.785219341301883E-4,3.0920089037448864E-4,6.141774940667337E-4,1.5648844686890333E-4,0.00434541357494664,0.008781916168553441,0.0030464830942512,3.5158073615397284E-4,3.006595157052382E-4,0.004806668962425451,0.0011506395743606228,0.006946701297671427,4.357395939899276E-4,0.005070497439591323,7.967307533921385E-4,8.939948407793374E-4,8.258103105494093E-4,9.625733812399411E-4,6.593941125012837E-4,0.011992474795931686,0.0011650453543776726,6.466429421102936E-4,8.083977159726313E-4,3.9139462621015273E-4,5.086696220145941E-4,0.0015290798248938932,8.020897863649425E-4,1.5256027993633872E-4,0.0035257082246252405,6.274400037606198E-4,0.0033924056502554643,0.010741128507278768,8.332536244283877E-5,2.9163828451537306E-4,2.7299963698047434E-4,0.011767446185878796,0.006790862821151271,2.0269779190055517E-4,2.4505251461462923E-4,7.108064832827754E-4,5.881418097174278E-4,3.976436210167629E-4,5.583414940857916E-4,7.433629665008287E-4,5.61767570463464E-4,4.512644678178709E-4,1.993470216452372E-4],[0.008485411880740453,0.0012570938691988727,0.0013606049299503269,0.010683669483409583,0.001297238313835316,1.406173963137791E-4,3.785219341301883E-4,1.0,1.2023983223314461E-4,1.7201441334994863E-4,1.3821574410719913E-4,0.003237365316817031,0.009830033099689153,0.001607877746419181,1.5895282860627275E-4,7.966471337211465E-5,0.002329556495625661,0.001507198532728431,0.004863011266424561,1.5507741900518978E-4,0.007621969614507456,0.0013479325654315115,3.6959648869548797E-4,4.770746737795771E-4,6.154062364732175E-4,3.274958564856676E-4,0.011720451898466813,0.0012757538715861777,1.221363000684022E-4,6.063935979764722E-4,1.419693309318281E-4,1.5940914153852177E-4,0.0021726305717497275,3.4062584893825227E-4,1.1609495461833882E-4,0.001326252640154967,7.770829351373553E-5,9.848714524232163E-4,0.0018427860097929654,1.170886583210918E-4,1.2412895202080444E-4,1.4605898711090857E-4,0.0016518547384401807,0.001935026789999925,1.1001723519936132E-4,1.924486683131832E-4,6.158271722534954E-4,1.0457250982035149E-4,1.6686414230680807E-4,1.8617498474088966E-4,5.336264353155647E-4,3.0201475707692564E-4,7.463016958401615E-5,3.181098415376051E-5],[0.007012244402871918,0.0011787770108296863,9.915897262473261E-4,0.025147480094209133,0.001079277309262886,1.0184567441154591E-4,3.0920089037448864E-4,1.2023983223314461E-4,1.0,1.4430902375554998E-4,1.235819962891392E-4,8.491181137278292E-4,0.010584167648809763,0.0030043527754902255,1.4322307381679322E-4,1.0122845326412059E-4,0.003006626770387923,8.127830233077783E-4,0.0026109276042788738,1.1737807184973654E-4,0.0142975223570476,3.9668373560410703E-4,7.671522535613414E-4,3.579754139633319E-4,1.308399968441469E-4,4.2918112315571517E-4,0.003873852610763551,6.256727437088809E-4,1.1461252817501691E-4,5.989533915261155E-4,1.3515686024192353E-4,1.360394486263885E-4,0.001194168127407419,7.849753966620408E-4,1.0977134246685662E-4,0.003043920828988131,9.410736375243206E-5,0.007070436554355542,0.026666843641973744,9.936042551319878E-5,2.4059872813487346E-5,1.5197069568213456E-4,0.002133838536205063,0.005167177265502451,1.099183364202697E-4,1.5795822288015805E-4,3.0971344670797663E-4,1.045029645147475E-4,1.6806040716428443E-4,1.4385789081733193E-4,5.599793483235206E-4,1.2616817297991237E-4,5.550318652899013E-5,1.0531432584741116E-4],[5.367990104958532E-4,9.880842555219061E-4,0.00895733166531346,0.007941187022937989,0.001223515726183444,8.42411696406951E-5,6.141774940667337E-4,1.7201441334994863E-4,1.4430902375554998E-4,1.0,1.431219244661732E-4,0.0019678810627570638,0.0019588779467096308,0.0033282972787802324,1.8542335325788634E-4,3.3885491302566296E-5,0.002611785721306069,0.002663865520539738,0.003966318043139485,1.9346029841568778E-4,0.0013536333756478472,9.292323616976669E-4,0.001551849029752087,9.073895677806942E-4,9.275665457954847E-4,2.3209545159576825E-4,0.006456433863720183,3.2773399630401523E-4,1.331873184628741E-4,7.082380949144274E-4,1.5392881189939836E-4,2.1555470189963132E-4,9.76373326448573E-4,5.383907304234969E-4,1.798534983946888E-4,0.002103514706314607,1.833679692601812E-4,0.0022689597126074527,0.022376280807343663,6.300165384762536E-5,1.0342786829967428E-4,1.6542764323711058E-4,0.013470328018115277,0.0012976712794370482,1.557014203131366E-4,1.973244208104524E-4,1.952241904657922E-4,1.7595796401010283E-4,1.857019950547065E-4,1.8570936304033764E-4,3.107680201328406E-4,1.94788334948532E-4,1.4111095407803113E-4,1.5826376030390034E-4],[0.02195753294384201,0.001339231237724245,0.001143414234863988,1.381805725122713E-4,0.0010386997121728612,1.2169287044358012E-4,1.5648844686890333E-4,1.3821574410719913E-4,1.235819962891392E-4,1.431219244661732E-4,1.0,0.0029790185987596707,0.007545715319159556,0.0023855949844056256,1.5921667266737566E-4,9.807967288106861E-5,6.859784652314448E-4,0.0022196035591855786,0.004809499023371144,1.8140735284735108E-4,0.005260583730585295,2.804737692978279E-4,9.324302700800283E-4,9.250945888089608E-4,0.0010014921055502084,4.5925194076821326E-4,0.015078476127323397,0.0011172045649511658,1.300494199926632E-4,3.9702199253071073E-4,1.382390461943074E-4,1.4221813754087506E-4,6.540857408144444E-4,3.657412251477272E-4,1.3434958101264178E-4,9.162267908211418E-4,1.3321879865099386E-4,0.003079222833289407,0.01947979373015161,1.1375298979006079E-4,4.7650149792369114E-5,1.47922510624918E-4,0.006919930187301285,0.0010456768368121518,1.343374304760354E-4,1.7291894084994153E-4,2.2981748934989584E-4,1.261618665412808E-4,1.525851577108627E-4,1.571867774657996E-4,4.054704365577721E-4,3.309894078725137E-4,9.253352646758081E-5,2.7965633545734203E-5],[0.020536358273007562,0.0018332440266005225,0.00904742990466224,0.025630888084910052,0.0051914894919971285,0.00387818224960838,0.00434541357494664,0.003237365316817031,8.491181137278292E-4,0.0019678810627570638,0.0029790185987596707,1.0,0.010514459284670544,0.004921228074869621,0.004379852809777206,0.0033094091207170203,0.004983258734601494,0.005405132606046607,0.008038119010176844,0.002257460867955965,0.016434911432524388,0.0030934311138222934,0.004451298617587705,0.0030312903477320275,0.003635214294955955,0.0017853610614635414,0.011052716651483123,0.002562553384937122,0.0015214370216733424,0.003730403061501059,0.003088987988236559,0.0034556306177069254,0.0029850745491775818,0.0015584107273728775,0.0032010764519072397,0.005172113225096411,0.005144548751295946,0.006052351458832213,0.0319195443508359,5.717427457549204E-4,0.003197456463893069,0.0035457585950225256,0.006275300016371963,0.010216198980432536,0.002838715404924306,2.807490136023674E-4,0.0021491162421170204,0.004925555378083885,7.23708054108812E-4,0.004816105022527363,0.002019216107585723,0.004826477569437735,0.0036194953898849185,0.005096965252661135],[0.019596494104626,0.004418270679014412,0.010452599709910861,0.015545935606872067,0.005907251805252069,0.00773521311946106,0.008781916168553441,0.009830033099689153,0.010584167648809763,0.0019588779467096308,0.007545715319159556,0.010514459284670544,1.0,0.00828950130517666,0.00433321202833517,0.003188081817644572,0.008820502800324462,0.005556329649378804,0.010535324625379509,0.01033773142867571,0.015147022245842873,0.010166872248421052,0.009645767766904272,0.0065385313172281155,0.005002757678738853,0.010492025374329438,0.012959837194114714,0.008310268796381307,0.00800701455691981,0.008683015373577938,0.005217924635686701,0.004328519484245805,0.009668949402344043,0.008816809569865263,0.006130985438766395,0.009465798815673053,9.386935396457016E-5,0.010268765356902318,0.020595735528204873,0.008298676393087215,0.00688086647134176,0.003574647220184826,0.013478069353039013,0.010820081525516268,0.008469453178220652,0.0035363982211828312,0.0032906549410719747,0.00344169530008303,0.004340768877240526,0.00884189619376117,0.0068731170676249115,0.01042255553648804,0.006273149425907951,0.0018638790528335615],[0.005623695764710752,0.00429540019325651,0.006803341681243972,0.021539045671685603,0.003291141841178649,0.004628317143280991,0.0030464830942512,0.001607877746419181,0.0030043527754902255,0.0033282972787802324,0.0023855949844056256,0.004921228074869621,0.00828950130517666,1.0,0.0025377257880022227,0.0020254000670066707,0.0049495571634588995,0.003471437802271759,0.0075717365383346814,0.00134378584093358,0.014208953675234169,0.003036744673236064,0.002202302200551495,0.003975101558518917,0.0033986907520178688,0.0014512417991611349,0.01894971809695621,0.00259054288445164,4.8745867767894423E-4,0.0032874261376179947,0.0033292817704486154,6.326286021497094E-4,0.00453374951310974,0.0018416681098876698,0.0020700395067118653,0.0040795694110156025,0.004399141461959437,0.007051310452424764,0.031224062198116923,0.001441762849479186,4.059542757794252E-4,0.0029337428876978966,0.013470782227458752,0.006406011298000162,0.002204253984031119,0.0024799523718487537,0.004202296011893042,0.0032002313514260684,0.0012858866136220917,0.004298692615136164,0.0013557379391678,0.0037318686273713365,0.004210150485804388,8.603792557897143E-5],[0.010100820739789552,0.0012110280493205262,0.004295069089969164,0.007944387283206237,0.0014775791320782055,6.13548971446317E-5,3.5158073615397284E-4,1.5895282860627275E-4,1.4322307381679322E-4,1.8542335325788634E-4,1.5921667266737566E-4,0.004379852809777206,0.00433321202833517,0.0025377257880022227,1.0,1.0101881473489335E-4,0.003518543464527451,0.0026508353499034177,0.006428840121127823,1.888643126121564E-4,0.0037195233473383054,4.2730356889132963E-4,6.162326059379284E-4,8.814954055642736E-4,8.446574059657133E-4,2.669799915338681E-4,0.010230858128723338,5.438949841755345E-4,1.7844935575939944E-4,4.1619187767186655E-4,1.5960327194494925E-4,1.9043866469414954E-4,0.0026253469942053853,3.0892543820758327E-4,1.4624648481007554E-4,0.002675997900048386,1.1763507609755702E-4,0.005737093116508439,0.0016689922228281756,1.716525046143618E-4,5.403939953941629E-5,1.6368639903925047E-4,0.015590088410319359,0.005460486662706515,1.4066428647773843E-4,1.8795183796126543E-4,6.668973330325518E-4,1.492386594164638E-4,1.8407924622089594E-4,1.8624271744898226E-4,9.021488931690194E-4,3.2686633719806546E-4,9.381987507244347E-5,3.8718229905002606E-5],[0.01377419720521127,3.5272539830521213E-4,0.004129770423623267,0.00786460547175289,3.2627783856938047E-4,1.1051102475229011E-5,3.006595157052382E-4,7.966471337211465E-5,1.0122845326412059E-4,3.3885491302566296E-5,9.807967288106861E-5,0.0033094091207170203,0.003188081817644572,0.0020254000670066707,1.0101881473489335E-4,1.0,0.0033460925576587392,3.123860063564886E-4,0.004307782897643895,2.779043230715335E-5,0.016019786560922924,6.602452764009391E-4,4.8757039766691155E-4,8.183329363967499E-4,0.0010602758131461852,7.846647269478646E-5,0.017447328175504255,0.001035062824882093,8.394894401243177E-5,4.0925813485052145E-4,1.1500023946200238E-4,2.1594248142987015E-4,3.728492912579666E-4,9.91242202832216E-4,9.683592349288868E-5,0.002300197797688332,1.1110653451469335E-5,3.2982234404088943E-4,0.02241334439503751,1.0460428825827314E-5,1.0968932134102814E-5,4.9811596040975305E-5,0.004473097514236288,0.005662656500881067,5.818279230236881E-5,1.092561431251175E-4,2.6358857202151303E-5,8.743342160976537E-5,4.1028807951277565E-5,1.1302028812002483E-4,9.767584151971122E-4,1.8545702408797043E-4,3.505759803719358E-5,1.0780878753394234E-5],[0.010320571797958995,0.0019588430254307556,0.009306800525170734,0.024752662411506466,0.004641701412189322,0.0035914650239565146,0.004806668962425451,0.002329556495625661,0.003006626770387923,0.002611785721306069,6.859784652314448E-4,0.004983258734601494,0.008820502800324462,0.0049495571634588995,0.003518543464527451,0.0033460925576587392,1.0,0.003914564787942641,0.006892875227170436,0.0015903597955761668,0.006476231512235237,0.003262972073745864,0.0023202199864747323,0.003156906289944171,0.0018026637692571269,0.0019641883513740015,0.019080742141068422,0.0020815008350597354,7.545511867134139E-4,0.0022326019111490424,6.01812516408506E-4,0.0021995120037726123,0.002990657652451585,0.0024270429890390433,0.0029016703610612905,0.003987362714109939,0.0043023315338596435,0.006887067790584607,0.031445954377452526,6.184397021188128E-4,0.0028909750511708584,0.0033064680465409516,0.006964525579208441,0.008814753772950329,0.0028075644651850825,0.002554058303791273,0.0020658043073684285,0.001063488462565094,0.0038685433492812913,5.636400304333038E-4,0.003174265605471918,0.0025646972052968298,8.737073994346349E-4,0.0019975801707076773],[0.009613025189483537,0.00205386652414784,0.005789737060766978,0.005359125304184137,0.0026985654525843506,0.0024256740448121527,0.0011506395743606228,0.001507198532728431,8.127830233077783E-4,0.002663865520539738,0.0022196035591855786,0.005405132606046607,0.005556329649378804,0.003471437802271759,0.0026508353499034177,3.123860063564886E-4,0.003914564787942641,1.0,0.006932080886488788,0.0013110881806606967,0.012285918814991716,0.0017041036424246727,0.0020310242129897224,0.00203583352708919,0.0016725415268120565,0.0016411452704552607,0.004187363016831248,0.0018736298451284578,5.900812622219122E-4,0.002196658071751364,8.699204112620568E-4,0.0027388922222699734,0.002724125752733505,0.00202681400293413,0.002433114251026605,0.0038081545757147435,9.749738892300528E-4,0.005790960402740431,0.033527284913265024,0.001527396619025703,2.589725277721744E-4,0.0020049071809593033,0.014485918407591166,0.010119092482342705,0.002515358784836716,0.0018596902286009142,0.001332215171997051,1.2633056182884784E-4,0.001282816880738297,0.0027392980694504873,0.00198102090958511,5.364836832454666E-4,0.0018975073388759788,0.002170442616551592],[0.01987337174358928,0.0024112814888789646,0.010002086024634427,0.013836457749655681,0.009446048484912593,0.003976330241927471,0.006946701297671427,0.004863011266424561,0.0026109276042788738,0.003966318043139485,0.004809499023371144,0.008038119010176844,0.010535324625379509,0.0075717365383346814,0.006428840121127823,0.004307782897643895,0.006892875227170436,0.006932080886488788,1.0,0.007311693298396744,0.016431732196208606,0.00792774087576731,0.004853053378590644,0.008333906205032802,0.0026794198668273397,0.0010975604124224313,0.013212754287513522,0.010195464340081895,0.0029009102979283804,0.0019366314675705548,0.006118177670607697,0.0035608798144899827,0.007013661610144804,0.002053191281902519,0.004609415923996503,0.009956572036963653,0.0024768257402708383,0.008883523145003762,0.016510891487829506,0.005122570941646021,0.009173192253433975,0.004751951373062707,0.013053174587925096,0.010736984048915661,0.006440570467690142,0.004351113982594325,0.002775594389045865,0.0017630935275572053,0.008642640351923312,0.007394023555496475,0.008576926240989607,0.001176635209745266,0.004244794241506167,8.448853333849947E-4],[0.019874802255015325,7.328576089371671E-4,0.008275182876919498,0.01824167001421305,0.00115024062039629,3.739478785251631E-5,4.357395939899276E-4,1.5507741900518978E-4,1.1737807184973654E-4,1.9346029841568778E-4,1.8140735284735108E-4,0.002257460867955965,0.01033773142867571,0.00134378584093358,1.888643126121564E-4,2.779043230715335E-5,0.0015903597955761668,0.0013110881806606967,0.007311693298396744,1.0,0.012449007555786078,0.001548901610944988,0.0014859412539391487,3.0348956557613665E-4,6.950136822676755E-4,4.7827449665214025E-4,0.018115095103412384,8.80120929458281E-4,1.1624861174956968E-4,4.5045306943880986E-4,1.913081413911096E-4,2.2156208769698823E-4,0.0013628705310007043,2.0411206208558925E-4,1.6370485542128554E-4,0.0033986218366799863,1.3973514325714133E-4,0.0011197614332029322,0.03560939380536898,2.3152510886158436E-5,1.5429116351277314E-5,1.8342672694277577E-4,0.014674250739748802,0.003294155255578622,1.6233913623441996E-4,2.2999202820883654E-4,5.059781555274117E-4,1.5110851946897833E-4,1.882852606279931E-4,1.9383752872409663E-4,0.0011889738603522424,2.3166154313823762E-4,7.466699437297919E-5,1.7364029307103627E-4],[0.01906615428558053,0.010734525292328236,0.011564405790744133,0.0208973187406021,0.00457386336874705,0.01499070057077463,0.005070497439591323,0.007621969614507456,0.0142975223570476,0.0013536333756478472,0.005260583730585295,0.016434911432524388,0.015147022245842873,0.014208953675234169,0.0037195233473383054,0.016019786560922924,0.006476231512235237,0.012285918814991716,0.016431732196208606,0.012449007555786078,1.0,0.008281139315963068,0.008094838128381106,0.004322148438137454,0.012420752221642867,0.004010397923934097,0.01787439243745161,0.01332044168865034,0.01412482517590381,0.005318276222049701,0.0010490081311472772,0.006450537449486631,0.005648935183746937,0.016471765198464765,0.01130177402181868,0.01497519566442735,0.00838370877913343,0.00983324729771717,0.0377509161646267,0.007265362868043493,0.013755854335078685,0.004337618475824468,0.01649262721239979,0.01508637340765529,0.014341571577359566,0.007032766891549453,0.01579557553001447,0.00512768245776918,0.003445107945972043,0.0066579592840451795,0.006171411334279962,0.010984342504650158,0.004726187825435858,0.014848666074303938],[0.003851723599556399,0.0015820236598826063,0.008592334560681697,0.008119563829156556,0.0015320053633051292,9.813075758370237E-4,7.967307533921385E-4,0.0013479325654315115,3.9668373560410703E-4,9.292323616976669E-4,2.804737692978279E-4,0.0030934311138222934,0.010166872248421052,0.003036744673236064,4.2730356889132963E-4,6.602452764009391E-4,0.003262972073745864,0.0017041036424246727,0.00792774087576731,0.001548901610944988,0.008281139315963068,1.0,0.0016904174793975447,0.0012475815331688467,0.0013381856727697806,0.0011845392823943057,0.017600027513237963,0.0015615597480307167,0.0013839884027430128,0.0013520380787059385,8.509164936465468E-4,4.394487051516884E-4,0.0025976146160400964,0.0011136413715267454,5.104083171022481E-4,0.0036872131684215423,5.716170436572042E-4,0.005315023553380285,0.019399961010824262,0.0013141620916037719,9.816199267496178E-4,0.0013736140640954377,0.006666267753113991,0.004323815325738836,1.8707803343407845E-4,3.3219917559753107E-4,7.576876538305E-4,0.0013827402737212758,0.0014310418159583663,0.0011223182405700625,0.0014163966814327651,0.0015138971431488389,9.576799568859507E-5,6.770560575552763E-4],[0.015780146488049738,0.0015993460018354942,0.0017892408753830034,0.023458908474703114,0.0015612073708616908,2.812111560173066E-4,8.939948407793374E-4,3.6959648869548797E-4,7.671522535613414E-4,0.001551849029752087,9.324302700800283E-4,0.004451298617587705,0.009645767766904272,0.002202302200551495,6.162326059379284E-4,4.8757039766691155E-4,0.0023202199864747323,0.0020310242129897224,0.004853053378590644,0.0014859412539391487,0.008094838128381106,0.0016904174793975447,1.0,0.0014711981159913675,0.0016312194151976872,0.0012403325546824025,0.005238740263953123,0.0014669170716685546,9.97391485089878E-4,0.0011603101279001563,3.1219504514186136E-4,0.0011637318014854775,0.0021402176710017414,0.001438584085872514,7.228157737076067E-4,0.0018058611657516806,0.0010406080682462092,0.0021046015425696487,0.03508498360029792,0.0014694959794236734,9.331474924448851E-4,4.952689308166788E-4,0.007097169592169824,0.007153136749609842,0.0012747845927767744,0.0010621892900567116,0.0010452729650559066,8.949151456707739E-4,9.325855575487742E-4,2.3559791747396308E-4,0.0015533434067683445,0.0012730100659024287,0.0012563244030539245,0.0011068587908461998],[0.006864433643916741,0.0011444217268999934,0.002230161478775213,0.017194541111265692,0.001366427634063214,7.079606030526461E-4,8.258103105494093E-4,4.770746737795771E-4,3.579754139633319E-4,9.073895677806942E-4,9.250945888089608E-4,0.0030312903477320275,0.0065385313172281155,0.003975101558518917,8.814954055642736E-4,8.183329363967499E-4,0.003156906289944171,0.00203583352708919,0.008333906205032802,3.0348956557613665E-4,0.004322148438137454,0.0012475815331688467,0.0014711981159913675,1.0,0.0010892283212820548,0.0010031383007878866,0.0019268035759763451,0.0012193795474847238,4.2306890379754063E-4,0.001111371978105535,4.401894445805496E-4,9.439432764759118E-4,0.0025860583578570136,0.001067858699685378,0.0010027686183627172,0.0019400871085152708,1.3618234939036998E-4,0.006755969416114772,0.02835728634617475,3.0609331609215084E-4,6.340242483688966E-4,4.5467179130366606E-4,0.008946297407230998,0.010664574368836086,5.052418740337389E-4,4.2417652982448595E-4,9.172889897615462E-4,2.6555010094110436E-4,6.684203656901788E-4,3.9270139066501604E-4,0.001086794818531031,4.707748133630056E-4,9.373558147100205E-4,9.844086351464638E-4],[0.020284072032455847,0.0014667705674806333,0.004952562750105071,0.019807950744010774,0.0013007552097077332,4.599023869209675E-4,9.625733812399411E-4,6.154062364732175E-4,1.308399968441469E-4,9.275665457954847E-4,0.0010014921055502084,0.003635214294955955,0.005002757678738853,0.0033986907520178688,8.446574059657133E-4,0.0010602758131461852,0.0018026637692571269,0.0016725415268120565,0.0026794198668273397,6.950136822676755E-4,0.012420752221642867,0.0013381856727697806,0.0016312194151976872,0.0010892283212820548,1.0,9.022286342647665E-4,0.005319867601631575,0.0013401883879931285,0.0010701621520991132,0.0011537280362685003,2.265948578631332E-4,3.5877269373705325E-4,0.0019191178738036702,0.001195877694383639,4.140321194794154E-4,0.0012607384381110721,1.4098503215207115E-4,0.00750158055013937,0.025673897209803013,6.388617600591941E-4,9.02940628082894E-5,9.125514914281904E-4,0.0018705827898884266,0.007054126288740105,4.6757256706271463E-4,4.497441628788574E-4,9.207127816405795E-4,6.479497724629967E-4,5.689811867108807E-4,0.0010925410089101142,0.0012205759998232056,0.0010635758542639137,2.3345088841121765E-4,8.774348272643374E-4],[0.011246556580522168,0.0012028379340129078,0.003505096485462506,0.008955199303571793,0.0012849746788404373,4.3777004253029426E-4,6.593941125012837E-4,3.274958564856676E-4,4.2918112315571517E-4,2.3209545159576825E-4,4.5925194076821326E-4,0.0017853610614635414,0.010492025374329438,0.0014512417991611349,2.669799915338681E-4,7.846647269478646E-5,0.0019641883513740015,0.0016411452704552607,0.0010975604124224313,4.7827449665214025E-4,0.004010397923934097,0.0011845392823943057,0.0012403325546824025,0.0010031383007878866,9.022286342647665E-4,1.0,0.009345020474687332,0.0013704301889150153,1.7193141985957251E-4,0.001077175071780406,4.372645580801291E-4,2.4589047535508366E-4,0.0011882025846019716,9.59691575925437E-4,3.177965011045695E-4,0.0031890734294333705,5.914023225049255E-4,0.004058091255822475,0.015399496302085288,3.289387593916051E-4,6.46638944993332E-5,4.626352791917812E-4,0.011640061098651514,0.004073606316024508,6.335672869047255E-4,2.531236841530048E-4,6.540022583838108E-4,4.057388645697282E-4,2.5405312757589284E-4,4.419419138200011E-4,7.118619137812615E-4,4.318266465082339E-4,6.150465977762998E-5,1.3121876975356908E-4],[0.020645041102570063,0.010588017413970398,0.016431253528315964,0.026041213665076002,0.014473504178402626,0.013654354409037374,0.011992474795931686,0.011720451898466813,0.003873852610763551,0.006456433863720183,0.015078476127323397,0.011052716651483123,0.012959837194114714,0.01894971809695621,0.010230858128723338,0.017447328175504255,0.019080742141068422,0.004187363016831248,0.013212754287513522,0.018115095103412384,0.01787439243745161,0.017600027513237963,0.005238740263953123,0.0019268035759763451,0.005319867601631575,0.009345020474687332,1.0,0.0032540180352323123,0.0017159200727714778,0.007950510149902189,0.01615403300557999,0.009483376839794872,0.00889567661924499,0.002615681413130435,0.011355298536164222,0.014485943718659711,0.004534330292969784,0.013319171536767954,0.03470329659511376,0.006428630343203115,0.01421485656941181,0.010706645744397267,0.01618929415859824,0.013914008004388318,0.0024194429762183097,0.005395452259022367,0.018607975134263634,0.0018597085098055039,3.089597527218921E-4,0.0035268709184333464,0.018548610225138058,0.005097797499658349,0.0014584468540604662,0.012644102474336533],[0.010797000137945567,0.001508299368694399,0.009367595843732578,0.003032790185873751,0.0014523079011676454,8.549921548902999E-4,0.0011650453543776726,0.0012757538715861777,6.256727437088809E-4,3.2773399630401523E-4,0.0011172045649511658,0.002562553384937122,0.008310268796381307,0.00259054288445164,5.438949841755345E-4,0.001035062824882093,0.0020815008350597354,0.0018736298451284578,0.010195464340081895,8.80120929458281E-4,0.01332044168865034,0.0015615597480307167,0.0014669170716685546,0.0012193795474847238,0.0013401883879931285,0.0013704301889150153,0.0032540180352323123,1.0,3.801530494440138E-4,0.00120354860717671,0.0010800501833521134,3.3949053988732643E-4,0.0024268075333916225,0.001137662871966867,7.450625833396776E-4,0.0026673004813761417,6.032424189995948E-4,0.006946950301497951,0.008876589390368504,2.2809628332154204E-4,0.0013613872594472464,5.582001111980544E-4,0.008187023476228966,0.00918851091158424,7.241715124305486E-4,6.534493745739497E-4,8.550108243594993E-4,0.0013374231768492984,0.001330081648657631,0.001036592471626169,0.001387166027743181,9.287323916309024E-4,5.69370870816619E-4,0.001108392512840716],[0.023747228913572793,1.7961054154944214E-4,0.005480006292117541,0.026114382087178287,0.0010252970207052646,4.5142052993721074E-5,6.466429421102936E-4,1.221363000684022E-4,1.1461252817501691E-4,1.331873184628741E-4,1.300494199926632E-4,0.0015214370216733424,0.00800701455691981,4.8745867767894423E-4,1.7844935575939944E-4,8.394894401243177E-5,7.545511867134139E-4,5.900812622219122E-4,0.0029009102979283804,1.1624861174956968E-4,0.01412482517590381,0.0013839884027430128,9.97391485089878E-4,4.2306890379754063E-4,0.0010701621520991132,1.7193141985957251E-4,0.0017159200727714778,3.801530494440138E-4,1.0,4.798465293334765E-4,1.2554973340857373E-4,1.6537467367643417E-4,0.0012834210043538193,5.57109941578132E-4,1.1132002409180114E-4,6.726791283603358E-4,1.141317248085046E-4,0.002359681873602728,0.03235978037093458,3.416477245314668E-5,1.0893615682899215E-4,1.2499276422177434E-4,0.005987001872734622,0.00765065482956961,1.1094107297939325E-4,1.979815338719884E-4,7.246805209838939E-4,1.0535262538873776E-4,1.823740684221757E-4,1.1985159142438448E-4,8.652522939039296E-4,2.9206284873750703E-4,5.5672338214150254E-5,1.046415240417722E-4],[0.01711803436285994,0.0015696836285433366,0.0025389904020128888,0.0028677885045465348,0.0012546154164875198,2.727274274159695E-4,8.083977159726313E-4,6.063935979764722E-4,5.989533915261155E-4,7.082380949144274E-4,3.9702199253071073E-4,0.003730403061501059,0.008683015373577938,0.0032874261376179947,4.1619187767186655E-4,4.0925813485052145E-4,0.0022326019111490424,0.002196658071751364,0.0019366314675705548,4.5045306943880986E-4,0.005318276222049701,0.0013520380787059385,0.0011603101279001563,0.001111371978105535,0.0011537280362685003,0.001077175071780406,0.007950510149902189,0.00120354860717671,4.798465293334765E-4,1.0,0.0010514841318568905,5.234945295931582E-4,0.0021470643048956796,0.0011100549767377177,1.4874962235606498E-4,0.0021195858050162748,5.898055450112203E-4,0.003791282252178589,0.01864468134426685,6.310431549903781E-4,6.615545794925802E-4,6.520468924157472E-4,0.013161911184424753,0.005286057516518266,4.899818338964904E-4,4.4785672909810725E-4,8.796838773594438E-4,3.386405306345365E-4,9.464519307894841E-4,5.74645293558617E-4,0.0012758373516811316,0.0010877894530903738,1.887901343896692E-4,5.051835079410858E-4],[0.007092797955804215,7.914222414966817E-4,4.6984328709159015E-4,0.02695263526478194,8.986750785831038E-4,3.656366187971473E-5,3.9139462621015273E-4,1.419693309318281E-4,1.3515686024192353E-4,1.5392881189939836E-4,1.382390461943074E-4,0.003088987988236559,0.005217924635686701,0.0033292817704486154,1.5960327194494925E-4,1.1500023946200238E-4,6.01812516408506E-4,8.699204112620568E-4,0.006118177670607697,1.913081413911096E-4,0.0010490081311472772,8.509164936465468E-4,3.1219504514186136E-4,4.401894445805496E-4,2.265948578631332E-4,4.372645580801291E-4,0.01615403300557999,0.0010800501833521134,1.2554973340857373E-4,0.0010514841318568905,1.0,1.9612713578741475E-4,0.002174886218625809,0.0010392781799109562,1.2146915455625648E-4,0.002457459555167634,8.29908753555859E-5,0.001615418692721496,0.01396553283952967,4.524741227322908E-5,3.777072581892769E-5,1.420578451197434E-4,0.013635817911476012,0.002248556882997409,1.221069701893754E-4,1.5676709361026357E-4,4.1303830471405684E-4,1.283425349488325E-4,1.7582822191895717E-4,1.7588875128105572E-4,0.0010499034726311103,3.479623490303328E-4,6.45233762872406E-5,5.567195123111008E-5],[0.0021357158597167447,0.0013579046506655289,0.007946575108389024,0.012000061940828942,9.870259405841814E-4,1.3539841781988278E-4,5.086696220145941E-4,1.5940914153852177E-4,1.360394486263885E-4,2.1555470189963132E-4,1.4221813754087506E-4,0.0034556306177069254,0.004328519484245805,6.326286021497094E-4,1.9043866469414954E-4,2.1594248142987015E-4,0.0021995120037726123,0.0027388922222699734,0.0035608798144899827,2.2156208769698823E-4,0.006450537449486631,4.394487051516884E-4,0.0011637318014854775,9.439432764759118E-4,3.5877269373705325E-4,2.4589047535508366E-4,0.009483376839794872,3.3949053988732643E-4,1.6537467367643417E-4,5.234945295931582E-4,1.9612713578741475E-4,1.0,6.612663574582247E-4,5.657273664053119E-4,1.7223291177705747E-4,4.827606719256136E-4,6.593073665029931E-5,0.0032503572667762653,0.019756744006861355,1.183418858036274E-4,8.144184738158251E-5,1.7128927504354236E-4,4.4653562230804664E-4,0.009495980591526133,1.3043850688757063E-4,2.291399244554594E-4,3.630322453525668E-4,1.915933370222494E-4,2.2228690695693472E-4,2.1712603607817392E-4,0.001085510872590033,2.462819316718155E-4,9.047960243267609E-5,2.1450580071965373E-4],[0.02121045208339854,0.0016356759577550082,0.004649471448421911,0.006846169339559921,0.0021713951826686133,0.002084635166348679,0.0015290798248938932,0.0021726305717497275,0.001194168127407419,9.76373326448573E-4,6.540857408144444E-4,0.0029850745491775818,0.009668949402344043,0.00453374951310974,0.0026253469942053853,3.728492912579666E-4,0.002990657652451585,0.002724125752733505,0.007013661610144804,0.0013628705310007043,0.005648935183746937,0.0025976146160400964,0.0021402176710017414,0.0025860583578570136,0.0019191178738036702,0.0011882025846019716,0.00889567661924499,0.0024268075333916225,0.0012834210043538193,0.0021470643048956796,0.002174886218625809,6.612663574582247E-4,1.0,0.0018960992228534484,0.0016856608582348598,0.0032249749281512362,4.44641239652448E-4,0.007353884049836185,0.0028593443532904388,0.002105670925126413,0.0025724624792209613,0.0021619993501147267,0.0037417301930270114,0.0056785599714101204,0.0014465649040789404,0.0017635897400222593,0.0016086812840404455,0.001568374260445999,0.0022102227398547694,9.169205441877116E-4,0.002289486955250247,9.771884197766086E-4,5.229077741320436E-4,0.002242327338901901],[0.024141042249146764,0.0013715358869004005,0.004353066425384211,0.0036900781955469977,0.0012041540189642742,2.776844369093147E-4,8.020897863649425E-4,3.4062584893825227E-4,7.849753966620408E-4,5.383907304234969E-4,3.657412251477272E-4,0.0015584107273728775,0.008816809569865263,0.0018416681098876698,3.0892543820758327E-4,9.91242202832216E-4,0.0024270429890390433,0.00202681400293413,0.002053191281902519,2.0411206208558925E-4,0.016471765198464765,0.0011136413715267454,0.001438584085872514,0.001067858699685378,0.001195877694383639,9.59691575925437E-4,0.002615681413130435,0.001137662871966867,5.57109941578132E-4,0.0011100549767377177,0.0010392781799109562,5.657273664053119E-4,0.0018960992228534484,1.0,4.362347581079943E-4,0.0013082445447013063,9.932980051161305E-4,0.005705281598661842,0.016678223895538326,4.4908061986812377E-4,4.439253254067878E-4,6.372157391587183E-4,0.014188586831262786,0.002187423032104079,3.369255306129176E-4,2.6240284153982487E-4,9.758402366902214E-4,8.603992282557487E-4,9.267646957209095E-4,0.0010812256749489343,0.0013096500947659502,0.0010080246904179816,6.652069660525522E-4,8.309970886296265E-4],[0.01793404945699884,3.48649815325406E-4,0.0026314173069369815,0.00625149707530726,0.0014322130835564008,7.137772888586305E-5,1.5256027993633872E-4,1.1609495461833882E-4,1.0977134246685662E-4,1.798534983946888E-4,1.3434958101264178E-4,0.0032010764519072397,0.006130985438766395,0.0020700395067118653,1.4624648481007554E-4,9.683592349288868E-5,0.0029016703610612905,0.002433114251026605,0.004609415923996503,1.6370485542128554E-4,0.01130177402181868,5.104083171022481E-4,7.228157737076067E-4,0.0010027686183627172,4.140321194794154E-4,3.177965011045695E-4,0.011355298536164222,7.450625833396776E-4,1.1132002409180114E-4,1.4874962235606498E-4,1.2146915455625648E-4,1.7223291177705747E-4,0.0016856608582348598,4.362347581079943E-4,1.0,0.002203568580262081,4.8699276677878066E-5,0.003373148895041111,0.02782404408896655,3.8107529674789414E-5,5.445064887323598E-5,1.2813887799962843E-4,0.0032940867570889288,0.0015329597535933888,1.0795094170764544E-4,1.678899949834132E-4,1.9827968668871342E-4,1.0661620412456402E-4,1.2181502511952636E-4,1.241239297773916E-4,0.0012009967207159697,2.193358064528273E-4,1.0038844298576797E-4,7.168982310369047E-5],[0.015948371749318107,0.0037477005558878103,0.004480964065672171,0.016169230336340115,0.0028203038011244477,0.0019529073944469571,0.0035257082246252405,0.001326252640154967,0.003043920828988131,0.002103514706314607,9.162267908211418E-4,0.005172113225096411,0.009465798815673053,0.0040795694110156025,0.002675997900048386,0.00230019779768833