[[1.0,0.0030507131431673938,0.010027444374330438,0.00568626028167073,0.0058906363467038985,0.004842999564554267,0.013397438820479283,0.0031155865277366717,0.003718282749507291,0.008312845904141969,0.005624516859305513,0.0071009015720360676,0.008258482219006125,0.0026954351924186677,5.283610053096136E-4,0.0032958361970547036,0.00738026334910501,0.01935017940186636,0.007738789846679644,0.005656766140673706,0.002581890066389678,0.009076664293629426,0.005318013706517169,0.005288065288999736,0.00800808933534301,0.004112988586456169,0.010350641423150474,0.006919808843265957,0.0037204513038467755,0.021931782154925014,0.014519503429463542,0.08709288152413767,0.0076170559522565,0.0014813950130189556,3.75493772662024E-4,0.008042289247777334,0.005740566729762438,0.002108538682482547,0.00590896616088188,0.0036016590682123473,0.006817597531170025,8.540847912912831E-4,0.007462197382747608,0.009487192127081497,0.005199678999532584,0.004167463095930388,0.005956024750082549,0.0012333911736641084,0.0014964739629600616,0.015792055051131577,0.008599349777746592,0.006893640695515908,0.004437897702861066,0.0077763169911088045,0.00783928664540966,0.006397431425657221,0.003538739223627039,0.006525752535039198,0.004922613620738829],[0.0030507131431673938,1.0,0.009446718798573974,1.5418606458830698E-4,6.548005067437774E-5,3.921967501889245E-5,0.00439598434358816,9.528597011722768E-4,0.0010708220253006439,1.7745765437159871E-4,1.6978877842037886E-4,5.378783493065872E-5,1.5533649450807867E-4,7.212796772049432E-4,1.2354088379082113E-4,5.010083178947046E-5,0.0015517445638867115,0.07971263224359441,6.44597385483328E-5,1.4814731926361644E-4,0.0017650648106944389,0.006182629379422921,0.002693792288445277,1.6741911508658607E-4,1.1796581479213322E-4,4.2968969546037464E-4,0.015691615451367755,2.935072049431298E-4,2.1716729074144688E-4,0.006836345763034691,0.011300856866620032,0.08160957672517248,8.996838050072774E-5,0.0011060147283439052,2.1967015391422532E-4,4.4385757042227287E-4,1.6110803806783567E-4,1.7002288927944303E-4,2.3754339038368924E-4,4.5835656832033907E-4,1.2140548712362215E-4,1.905521259832685E-4,1.2835040002246681E-4,0.008287267465244254,1.7236687785157772E-4,3.5627016939690005E-4,1.6702497076415823E-4,1.1795790447258447E-4,2.2985695927400134E-4,0.009256297282848717,2.680656533830787E-4,3.9422085311111347E-4,1.500433609787012E-4,0.001281437251679562,1.5932108600507413E-4,0.0019522617240960217,0.001439461354272745,1.5922652167101495E-4,3.785355436769364E-5],[0.010027444374330438,0.009446718798573974,1.0,0.0027918943196505717,0.002434178983831356,0.0032592834915102916,0.014074486687234959,0.011658644303547053,0.005627196496802644,0.0014736079952699425,0.012029009542824227,0.007402377443936726,8.554415391880646E-4,0.005314175223983147,0.007989250775541384,0.009295458237759966,0.006774327402231387,0.06229316590160151,0.0021640835018170153,0.010145827500248337,0.007851232086390035,0.010614194354470481,0.0048834778960192265,0.005254874829875745,0.0035440917287180716,0.004485837024979271,0.012537381245309825,0.003305451066943941,0.004215403718682431,0.014924840820903092,0.01867217666154268,0.09991858300488389,0.0044041184616332,0.009172497074482085,0.0017525790670692228,0.011955788694866078,0.006310528173424246,0.005068187674115857,0.009649723459518283,0.008486663865484962,0.009200394965191306,0.006227422666768829,0.00555310418190058,0.042028872105714085,0.0034536944172233516,6.409557653631096E-4,0.005444281661826135,0.006475911634781664,0.0022332073565274947,0.021925659881292827,0.010901421273401851,0.012002663417437675,0.0012493002371318056,0.006472542511185966,0.007427425842240202,0.004141919811781881,0.005210249303655833,0.009147540960864464,0.005310576877145868],[0.00568626028167073,1.5418606458830698E-4,0.0027918943196505717,1.0,4.637869877898574E-5,1.941299293447684E-5,0.014146820604739898,4.441698710876295E-4,0.0013803487565804936,1.9151919404734245E-4,4.7247793657561475E-5,1.288614332636359E-5,3.63778639983272E-5,5.294372548521119E-4,5.9004738566634784E-5,1.7716036552638975E-5,3.4419350600162446E-4,0.035395249017370574,1.4307007593705408E-5,1.8939831933678867E-5,4.7056332940261154E-5,0.007912456907453014,0.002863648685875562,1.1598350003919124E-4,4.5757400277625027E-5,8.235012772065379E-4,0.010219007541929073,0.0010974359533074721,5.100734774912708E-4,0.0017882503629101075,0.013273315860623625,0.010069169121318387,1.7193708274255858E-5,1.1657269767001395E-4,1.3402378282845038E-4,5.085192963566403E-4,3.745991452982387E-5,1.0105069667072822E-4,0.001072507650797079,1.9575087175730189E-4,7.20970913346536E-5,1.8958629167072565E-4,4.2147045966369005E-5,0.02148618757052826,1.1127057226279894E-4,3.410463532588082E-4,6.702406023714333E-5,2.8075522854903062E-5,1.696331781763036E-4,0.029402988122515867,0.0026302760845479736,3.9166711435614576E-4,1.3906434037654474E-5,0.00293682687807628,8.792674195455266E-5,0.0021006126961481478,8.548441538569809E-4,4.1148711951924776E-5,1.1956270883063874E-5],[0.0058906363467038985,6.548005067437774E-5,0.002434178983831356,4.637869877898574E-5,1.0,4.094813406731275E-5,9.34594619034878E-4,0.0011526386780297054,1.8554217837688986E-4,2.3487170613808441E-4,6.664864364251012E-5,4.87723806058846E-5,9.449301775276916E-5,8.028015994750756E-4,8.41616657384746E-5,4.5581236351929994E-5,1.2984550798752971E-4,0.042769572677007026,2.7085002490482588E-5,1.0325586446023798E-4,0.001570099857948103,0.008504610297947883,0.002623859970335863,9.817314795017067E-5,6.758854636180822E-5,1.8929183593016606E-4,0.0227551721953979,4.224014684521351E-4,2.7768811418729536E-4,0.02266678989831475,0.00881057610020197,0.06265454870151604,5.9443982814039557E-5,0.0012359438183198706,6.622196882045069E-5,0.002697790872281045,1.0389122126274661E-4,6.349581146634006E-5,4.155074762101241E-4,2.9178018692108067E-4,1.1479309195308731E-4,7.750986083567194E-5,7.583093163431276E-5,0.016404477957836384,6.548176457823096E-5,3.652413345494519E-4,8.764226325104635E-5,6.133600333171848E-5,1.595758251739264E-4,9.03279482123538E-5,0.0028015485726931174,0.001293423151137946,6.230977408077795E-5,0.0037197949444439165,1.03254863685991E-4,0.0010154059322338182,5.860854034852021E-4,1.1397824500289525E-4,5.6962863889472214E-5],[0.004842999564554267,3.921967501889245E-5,0.0032592834915102916,1.941299293447684E-5,4.094813406731275E-5,1.0,0.005670824242977896,0.0011597373404325078,4.0862877410904866E-5,7.639366262920557E-5,8.907558755410214E-5,4.260257672389936E-5,7.109839582153049E-5,6.836971326395197E-4,7.066125895530565E-5,2.7403385690197565E-5,9.529110969964905E-4,0.08094342095214749,1.6734419880233378E-5,9.394136894255542E-5,5.56842583813346E-4,0.005420431943117503,0.002110169005890964,7.487976602587316E-5,9.25608490944689E-5,4.2978256971107126E-4,0.0061489553367693505,0.0011270569002201605,5.25943800463494E-4,0.009151188812876621,0.012421467794456683,0.03969738591174134,3.684110700149875E-5,5.601720661765771E-4,1.9352241045593756E-4,0.004330122543715261,1.2164232711573382E-4,1.5889025300728853E-4,1.4012749375788474E-4,6.397865018625504E-4,4.712896776437464E-5,1.8493031387280875E-4,7.830152463055362E-5,0.014746360265389145,1.3995219971669687E-4,1.4037909866785494E-4,2.8245854036163114E-5,4.173237772345136E-5,6.083120069621809E-5,7.531068495269422E-4,0.0029792516777921445,0.0018849620681399841,1.9303358604478487E-5,6.966452432615028E-4,4.0289881671718984E-5,0.0021793386058624096,0.0016001939283267336,1.1350575418698139E-4,1.936345943593527E-5],[0.013397438820479283,0.00439598434358816,0.014074486687234959,0.014146820604739898,9.34594619034878E-4,0.005670824242977896,1.0,0.011956314193261444,0.009115126963353733,0.001222781674855926,0.001259667467172207,0.002876426732015951,0.00857740452252197,0.005697144169161585,0.002121717597302129,0.0055380445847116174,0.014307196775779034,0.023403263518810176,5.832747451789134E-4,0.012098801980167441,0.007920777189655422,0.010640442410003486,0.004745981360675222,0.002962442620907174,0.01012351648178792,0.00131430919276323,0.02243369364039073,0.01455285703902501,0.01224362151326017,0.024820496893638844,0.029207123104177776,0.02726411068592859,0.014136404526335957,0.00232940556046841,0.009080711185695619,0.0099647889458322,0.010528861594756337,0.0124630653154351,0.01419586809822301,0.008179309862950486,0.008159511296493536,0.00962865313044637,0.011486469032003468,0.023934894342540706,0.009074221449433362,0.012912952053318263,0.004561084525445059,0.012783215495116185,0.011333728719619351,0.027461315082398196,0.012620780377734526,0.004312834109073328,0.002245470846338169,0.013571225840694423,0.009244408219323472,0.009867420426267905,0.006583771356295965,0.013269955865138012,0.005494040461556462],[0.0031155865277366717,9.528597011722768E-4,0.011658644303547053,4.441698710876295E-4,0.0011526386780297054,0.0011597373404325078,0.011956314193261444,1.0,0.0019016452188126106,3.433231940033181E-4,0.0011807098380844862,9.430711350082013E-4,9.565250972281311E-4,0.0012363066753640533,8.713573542442152E-4,5.776036546496326E-4,0.0016312921491876645,0.016552223633926638,6.979811238111602E-4,8.266450658954962E-4,0.0015169188576056284,0.00460101384893942,0.0018682867162972978,9.152507763825867E-4,6.297918916744177E-4,0.0011116883353552596,0.009085615319911285,0.0011996260232561963,0.0012380599326212154,0.011168170365421943,0.012099403322257257,0.03691552405339293,9.732240836088213E-4,0.001326979996875163,9.482214788560448E-4,0.005133159967484882,6.293907620411864E-4,6.570085753717079E-4,0.0013197741489914172,0.0012796339538389623,9.734348240014055E-4,5.070738442612229E-4,4.2596504846546373E-4,0.0240520922307279,8.262279610020304E-4,6.481677676876246E-4,7.111542429909938E-4,2.4287120003386867E-4,5.611718513866481E-4,0.0038042557464898616,0.008845227321490156,0.0014567525087364587,2.711952747117681E-4,0.004347739356870427,2.677425336142713E-4,0.002725288033895641,0.0013743833558326085,1.4264898577858367E-4,9.141598307792137E-4],[0.003718282749507291,0.0010708220253006439,0.005627196496802644,0.0013803487565804936,1.8554217837688986E-4,4.0862877410904866E-5,0.009115126963353733,0.0019016452188126106,1.0,9.867552994352081E-4,0.0018852680337655128,9.693639021158345E-4,0.0014641031333182163,0.0015779781862353087,8.956947864740544E-4,0.0012644294760787266,0.0021227798703620437,0.020506999663900342,2.650510118770905E-4,0.0018746371403502297,0.002122589066279957,0.009963285787509235,0.00217399582440082,0.001594434825371413,3.0361746578839424E-4,9.615842793649808E-4,0.005764372539006525,0.001615850719886841,0.0014502294536609338,0.004127005271208992,0.0175902187403913,0.0872629123653849,7.706264656311985E-4,0.0014839106898377411,0.0013876431088006803,0.003275249190577009,6.434256180711223E-4,0.0019965888066995146,0.0019341547556818058,0.002328098631265443,1.6801058157150684E-4,0.001474086604081042,6.910161700974212E-4,0.004846974387692752,0.001495963428541061,0.00136736413425795,0.0015366794380490844,3.089743262627564E-4,0.0016049067133002445,0.022807860731519542,0.006439769688335161,0.0021140690177755797,0.0010767998153687127,0.0027692990376178943,0.001059913188284932,0.002177986442809984,0.0018035257280057798,0.001235339827187399,0.0010425655801129285],[0.008312845904141969,1.7745765437159871E-4,0.0014736079952699425,1.9151919404734245E-4,2.3487170613808441E-4,7.639366262920557E-5,0.001222781674855926,3.433231940033181E-4,9.867552994352081E-4,1.0,2.036436444038155E-4,1.2289512106666267E-4,1.6851980975126675E-4,0.0010657468419189265,1.8128879234575285E-4,1.2980443732989893E-4,0.001276288265953758,0.058513089698638825,5.919215644758629E-5,1.5286985045269956E-4,0.0015919887456738056,0.0037533755051350113,9.427691019310248E-4,1.7266884170953617E-4,2.26863248121883E-4,7.003214051953264E-4,0.004717432544191562,9.09155881599561E-4,2.717518091217168E-4,0.0018854293852796418,0.01870020919501608,0.03485465355959764,2.302670113477207E-4,0.0011938098551251054,2.488367010979705E-4,0.0047444652517871205,1.6165445060063537E-4,2.1502923996051312E-4,2.7368095808055987E-4,5.910696291831137E-4,1.7801300263054965E-4,2.3724156650439164E-4,1.2421425886486418E-4,0.02915723099033973,1.9778317800150602E-4,2.6173854994369857E-4,2.0680242251194765E-4,8.232297943601711E-5,2.8701973944437217E-4,0.01804731422436606,0.007565966584582181,8.11580407407189E-4,2.228274212275059E-4,0.0025884340824243947,2.4043151541876625E-4,0.002752405726537859,6.342408956497575E-4,1.5016150364797817E-4,2.989498908494446E-5],[0.005624516859305513,1.6978877842037886E-4,0.012029009542824227,4.7247793657561475E-5,6.664864364251012E-5,8.907558755410214E-5,0.001259667467172207,0.0011807098380844862,0.0018852680337655128,2.036436444038155E-4,1.0,6.196448531578302E-5,1.3619527333141073E-4,7.011169672325376E-4,1.3593358460361208E-4,1.7736416459357372E-4,7.109611279350196E-4,0.01705455933244303,8.001965034850459E-5,1.5131767075571398E-4,9.48343129210729E-4,0.005541869085273841,5.241406427817061E-4,1.6424643725478706E-4,1.6745270059317295E-4,6.115503383437122E-4,0.007974840195946676,3.1282380397677366E-4,4.5054839451152745E-4,0.006515340754851021,0.006518532689078723,0.0221341460710578,1.375613185961977E-4,0.0010447311515271172,2.1246280982347186E-4,0.004817672914319629,1.644464809639442E-4,1.7347887333015087E-4,5.727084731368056E-4,0.0018062570501522874,1.3494373573558077E-4,1.8617921710307835E-4,1.1436545335050786E-4,0.0074071685617879465,1.9085371639821955E-4,2.3154006525766407E-4,1.5977107032138507E-4,7.220816320130766E-5,2.7151836152362077E-4,0.012173424548079521,0.007449448324040083,0.0010218195193200858,1.6137438714287162E-4,0.004728716189652537,1.2898958389069508E-4,0.0014167060628773884,0.0014038111102870558,1.645574104102768E-4,1.5735700162044345E-4],[0.0071009015720360676,5.378783493065872E-5,0.007402377443936726,1.288614332636359E-5,4.87723806058846E-5,4.260257672389936E-5,0.002876426732015951,9.430711350082013E-4,9.693639021158345E-4,1.2289512106666267E-4,6.196448531578302E-5,1.0,8.258151518883634E-5,0.0010896652275599542,7.477706233920667E-5,3.353678059789286E-5,9.443971068082889E-4,0.05376356237238809,1.6487631561566204E-5,7.671007472578597E-5,4.738937993691612E-4,0.008209731489258573,2.2393020471670665E-4,8.143483791611293E-5,5.594812824297781E-5,7.175609841165791E-4,0.01699973977973507,5.812877558132567E-4,1.8811183972168558E-4,0.016837864508553832,0.025014351302106896,0.09439127220833768,5.6715387869699387E-5,0.0011755252715869823,1.7423030010065317E-4,0.00336912877462746,4.7318863358374806E-5,1.0316130098418321E-4,0.0012062285012770801,0.002422286504405805,9.778586091418334E-5,1.8082437936953172E-4,9.118070585041881E-5,0.011444995133132253,1.2886344825483533E-4,2.83742983986642E-4,1.3228819047990438E-4,4.9970276594994654E-5,2.425533277840082E-4,0.014381509818590663,0.0066171636309088335,0.0011448470767992242,3.4025855589818104E-5,0.003708633102440506,1.2106056658699749E-4,0.002357971553747605,0.0010922061399598405,5.124138591932531E-5,2.7841548784149196E-5],[0.008258482219006125,1.5533649450807867E-4,8.554415391880646E-4,3.63778639983272E-5,9.449301775276916E-5,7.109839582153049E-5,0.00857740452252197,9.565250972281311E-4,0.0014641031333182163,1.6851980975126675E-4,1.3619527333141073E-4,8.258151518883634E-5,1.0,1.4195003005862744E-4,1.2285744151256043E-4,8.33255435976961E-5,0.0012137571317834338,0.0482766241605982,7.389376910863979E-5,1.300944144773134E-4,0.002142428126767562,0.0019122265834449475,5.831023988464582E-4,1.1841517321819726E-4,1.1579184553831569E-4,8.319518912921545E-4,0.016320280292431787,5.295082191136116E-4,5.172475497608361E-4,0.010034418589260657,0.006541998590267796,0.08367174304549302,9.904955064951582E-5,5.734779122065533E-4,1.5877899128803434E-4,0.005196326501826444,1.3466694607147344E-4,1.696931475280329E-4,5.895942994768839E-4,0.0019027025053368733,1.2615424283697157E-4,1.4119565843720766E-4,9.389866091905569E-5,0.020576902697759032,1.4600256539000104E-4,2.208515754850468E-4,1.3295013165107514E-4,1.0615443205377649E-4,2.5818922475152536E-4,0.022208403204635668,0.007354139930796959,0.0020759396165833423,8.328873073119168E-5,0.003005730613521174,1.278532395822352E-4,0.0017937589672252377,0.0016395679024225212,1.3236513018565095E-4,8.374584727985872E-5],[0.0026954351924186677,7.212796772049432E-4,0.005314175223983147,5.294372548521119E-4,8.028015994750756E-4,6.836971326395197E-4,0.005697144169161585,0.0012363066753640533,0.0015779781862353087,0.0010657468419189265,7.011169672325376E-4,0.0010896652275599542,1.4195003005862744E-4,1.0,3.68961355642804E-4,3.4834030322282656E-4,0.0015469919959133405,0.07822888374793809,4.3110349290678235E-4,0.0010399428260785208,0.001187986139679903,0.006540909550594396,0.0017262532302571051,1.297561185086165E-4,6.348620353820837E-4,0.0010535446990769602,0.0037205027263308315,0.001167564722300124,9.731142653579962E-4,0.010060215634820228,0.010129076905027434,0.023494403092912647,9.089717541833715E-4,0.001304741943858559,8.796679194468188E-4,0.005135964873178458,4.74511091176132E-4,5.91474982380751E-4,0.0011826679691059427,0.0012163134869320109,3.7236825567627294E-4,3.073976293018234E-4,8.081772106183509E-4,0.014507865890934661,5.346995579302697E-4,7.854690886361204E-4,6.963592437631891E-4,1.911688113918881E-4,8.069454868280051E-4,0.015490182777519498,0.005115335631268418,0.001292541503698484,7.466528022569523E-4,0.0013635451399763587,0.0010623112933138043,0.0021958833913205984,0.0017615735539680305,3.7997147864980534E-4,8.907424433239264E-4],[5.283610053096136E-4,1.2354088379082113E-4,0.007989250775541384,5.9004738566634784E-5,8.41616657384746E-5,7.066125895530565E-5,0.002121717597302129,8.713573542442152E-4,8.956947864740544E-4,1.8128879234575285E-4,1.3593358460361208E-4,7.477706233920667E-5,1.2285744151256043E-4,3.68961355642804E-4,1.0,3.0101171518668828E-5,1.4220030363318661E-4,0.023611777272901105,1.2091452965999939E-4,1.2415386994175852E-4,0.001623700275364455,0.007000971032855346,7.990228155583442E-4,1.1975779554637465E-4,1.2086686634974256E-4,7.67125884957439E-4,0.01880895696509534,1.7283394394548463E-4,3.458906437100038E-4,5.354355087635024E-4,0.0019988906308395747,0.0036802908365987453,7.43162393308809E-5,9.1452670333147E-4,1.450959086379609E-4,0.005025189762062263,1.3995472697388457E-4,1.288893296227978E-4,0.0012608614217553295,0.0012924995945657602,1.1869045067817809E-4,1.3583807107820042E-4,9.946613283938305E-5,0.03585827463656724,1.7483691213436965E-4,1.8142457496243277E-4,1.276158712493606E-4,7.912176505406771E-5,1.4887921471017903E-4,0.027573768537963096,0.008539803168736633,6.403710260022734E-4,1.1339150581752731E-4,0.0027885498395592884,1.2269223023155578E-4,0.002327177378186038,0.0011888846045620364,1.2224294032296614E-4,6.629834289509037E-5],[0.0032958361970547036,5.010083178947046E-5,0.009295458237759966,1.7716036552638975E-5,4.5581236351929994E-5,2.7403385690197565E-5,0.0055380445847116174,5.776036546496326E-4,0.0012644294760787266,1.2980443732989893E-4,1.7736416459357372E-4,3.353678059789286E-5,8.33255435976961E-5,3.4834030322282656E-4,3.0101171518668828E-5,1.0,1.354567460861546E-4,0.02533302804892367,1.9412892647552826E-5,3.470230359000528E-5,4.3244362939221675E-4,0.008104775109756318,0.0019299498970692236,1.122387695063866E-4,8.014634729154208E-5,4.561472300518607E-4,0.006759878911165194,5.5715463065588754E-5,3.2971302272713683E-4,0.011698713632018055,0.004994123282705322,0.09051819666255123,5.6174906599495374E-5,6.047389218165043E-4,1.0363706413252549E-4,1.9861870427326705E-4,3.0092267657026665E-5,1.681455764646994E-4,6.518938289938799E-4,0.001678601108870817,8.906670441466834E-5,1.8590536162165936E-4,7.417178935896802E-5,0.013525458161291958,6.053198191443815E-5,2.956033500063655E-4,1.3330707493216766E-4,3.576330597097712E-5,1.9406251829874667E-4,0.01691047165186198,0.002329427621377704,5.921289107126757E-4,2.3342106221788934E-5,0.002434071358955812,1.0041054864509112E-4,9.634387314338811E-4,0.0015898103690608087,1.1876303004655463E-4,2.10437813079915E-5],[0.00738026334910501,0.0015517445638867115,0.006774327402231387,3.4419350600162446E-4,1.2984550798752971E-4,9.529110969964905E-4,0.014307196775779034,0.0016312921491876645,0.0021227798703620437,0.001276288265953758,7.109611279350196E-4,9.443971068082889E-4,0.0012137571317834338,0.0015469919959133405,1.4220030363318661E-4,1.354567460861546E-4,1.0,0.01248248038095965,0.0019447990610942539,7.092858410940413E-4,0.0022024777597110276,0.004801206569925111,0.0022882044244647475,0.001724858420983735,5.665043633898862E-4,0.0020926973409676466,0.004041491181712123,0.0014366206009114439,0.0019747978552046973,0.02310665933735643,0.010161712751739365,0.0993435843732655,8.09194888773386E-5,0.0014508281051299568,7.152275420399213E-4,0.0038733762442861395,7.278464249741828E-4,7.369469094487991E-4,0.001696171733954877,0.0024854328802416626,2.0891677776906223E-4,0.001845896702032137,6.046734060582615E-4,0.011263161692426724,9.324767416114156E-4,0.0010013523046979453,6.726746202257579E-4,6.304466682118145E-4,6.287342114123325E-4,0.012644158357090363,0.0037245910212611623,0.002177348960411187,0.0017439065389226996,0.004935572929623874,0.0014805401640776415,0.0025405417639661095,0.0021950506938760595,0.0018067957328706257,0.0014629024698382127],[0.01935017940186636,0.07971263224359441,0.06229316590160151,0.035395249017370574,0.042769572677007026,0.08094342095214749,0.023403263518810176,0.016552223633926638,0.020506999663900342,0.058513089698638825,0.01705455933244303,0.05376356237238809,0.0482766241605982,0.07822888374793809,0.023611777272901105,0.02533302804892367,0.01248248038095965,1.0,0.007589852098959038,0.0881184368298092,0.034149574080739105,0.02226148669998409,0.01910279555569896,0.052202691427582736,0.02020103242486833,0.041502217532044194,0.06740783681296916,0.024085328241076127,0.06187348566443245,0.03783432150260846,0.03672153121745194,0.09457361150015814,0.06473997169443296,0.06615254001849082,0.061188764654928986,0.08497057604606091,0.07808157093260948,0.015322960411362375,0.0842401011154586,0.06356069213954889,0.06517561337960573,0.0191882022191487,0.05255484621459526,0.07613829851546577,0.028241007686181364,0.003966767493151988,0.07094865981916747,0.07364696289189032,0.004874592812802973,0.05680286699099514,0.03653542789887684,0.01679720856571259,0.053728077606952696,0.08635525597884347,0.053642572019290354,0.04116676054772787,0.03682160700438336,0.011512526869238905,0.032059831568759065],[0.007738789846679644,6.44597385483328E-5,0.0021640835018170153,1.4307007593705408E-5,2.7085002490482588E-5,1.6734419880233378E-5,5.832747451789134E-4,6.979811238111602E-4,2.650510118770905E-4,5.919215644758629E-5,8.001965034850459E-5,1.6487631561566204E-5,7.389376910863979E-5,4.3110349290678235E-4,1.2091452965999939E-4,1.9412892647552826E-5,0.0019447990610942539,0.007589852098959038,1.0,8.071281465361189E-5,0.0010769242713267596,0.001260058672732439,6.083833904451652E-4,1.0391109095577864E-4,6.591931495900127E-5,2.6432963955442005E-4,0.022088395853041946,6.217697667845242E-4,5.137425345256354E-4,0.011748376936800328,0.0011672927488328936,0.09375302690063025,5.4603034746389656E-5,4.6634012256057056E-4,1.0825946393701193E-4,0.0045692675259844705,1.0617884590238672E-4,1.3748313578449239E-4,4.218783824674923E-4,0.00229273379637638,3.473024229553578E-5,1.546385917971655E-4,4.815496810067156E-5,0.03254456621009778,1.4343003906184079E-4,2.190950725061568E-4,1.382293471757251E-4,1.9482181780275017E-5,2.0302401590760203E-4,0.013950522628319337,0.004189185803124406,4.740589826337776E-4,1.5678207398636644E-5,0.0027952527337612174,5.486040007938173E-5,0.0016843385933413006,5.663857262432118E-4,1.2468552615330967E-4,1.1529590952091614E-5],[0.005656766140673706,1.4814731926361644E-4,0.010145827500248337,1.8939831933678867E-5,1.0325586446023798E-4,9.394136894255542E-5,0.012098801980167441,8.266450658954962E-4,0.0018746371403502297,1.5286985045269956E-4,1.5131767075571398E-4,7.671007472578597E-5,1.300944144773134E-4,0.0010399428260785208,1.2415386994175852E-4,3.470230359000528E-5,7.092858410940413E-4,0.0881184368298092,8.071281465361189E-5,1.0,0.001441327045790731,0.0033620581463591997,0.00280853160771386,1.2623559714058339E-4,1.2492243681589443E-4,3.1730373739968277E-4,0.0025761755959314136,8.428786287833094E-4,1.9751186188643536E-4,0.01946561896558495,0.009629621368673097,0.03953114080845756,9.872544795958972E-5,1.3544292964292037E-4,2.0647894518438167E-4,0.0021959334701459232,1.4404172865261486E-4,1.6965196782194037E-4,7.832303946823336E-4,0.0014315760732067002,1.2666973697962058E-4,1.395778880022646E-4,1.298097413235209E-4,0.03008288329367407,1.691234755306816E-4,1.9737630652731918E-4,1.3890622702786523E-4,9.709748478601296E-5,1.7885152502111092E-4,0.018205687930283588,0.00525930154109445,6.186516145768356E-4,4.2929834982047976E-5,0.004172745127042057,1.2830129286479702E-4,7.478694286528764E-4,0.0010257596096581133,1.3520234740422064E-4,6.752508255161351E-5],[0.002581890066389678,0.0017650648106944389,0.007851232086390035,4.7056332940261154E-5,0.001570099857948103,5.56842583813346E-4,0.007920777189655422,0.0015169188576056284,0.002122589066279957,0.0015919887456738056,9.48343129210729E-4,4.738937993691612E-4,0.002142428126767562,0.001187986139679903,0.001623700275364455,4.3244362939221675E-4,0.0022024777597110276,0.034149574080739105,0.0010769242713267596,0.001441327045790731,1.0,0.009901703227109846,0.0028573452091739037,8.16220254906601E-4,2.2852110558754118E-4,9.008432584844095E-4,0.004649688917970622,0.0018909032705075241,0.002094550605976734,0.0062716740290182215,0.026921616284586607,0.004676705645562667,0.0015683262087184558,0.0020804408098331873,0.0010035477077987944,0.0035645049110055805,0.001395768465368136,0.001322532713122513,0.0016162916226379756,0.002681389796843495,9.41258883420134E-4,0.001342606740452087,9.272375335016496E-4,0.0024949794950740083,0.002127086990714966,0.0019778935730569583,0.0019432220430518035,2.0636451970518162E-4,0.0017222333090013916,0.017235283378510036,0.006273896515007985,0.002131720628832487,0.0011400730761886137,0.005000443886747632,2.4322590845528736E-4,0.0022576131095231006,0.0019458639581818235,0.0017591827956574936,0.0015129769949673694],[0.009076664293629426,0.006182629379422921,0.010614194354470481,0.007912456907453014,0.008504610297947883,0.005420431943117503,0.010640442410003486,0.00460101384893942,0.009963285787509235,0.0037533755051350113,0.005541869085273841,0.008209731489258573,0.0019122265834449475,0.006540909550594396,0.007000971032855346,0.008104775109756318,0.004801206569925111,0.02226148669998409,0.001260058672732439,0.0033620581463591997,0.009901703227109846,1.0,0.007796871352885475,0.010006224753102314,4.679687941658582E-4,0.004065881252085106,0.013904385454231966,0.009203739182837465,0.007353123407301214,0.011387975649112382,0.019034860308267298,0.04098301147196596,0.005739953295385709,0.00397900321103224,5.567843945312268E-4,0.007388805457258847,0.0101523366090346,0.00756328549278688,0.007250001639131439,0.005814837712953739,0.0027222505413404103,0.004599657832381712,2.5395814393207783E-4,0.01453204391718077,0.004590127967899647,0.006047386592408046,0.0025895121243744807,0.004609297075219557,0.007006950103271766,0.020452265754262594,0.010124185629823323,0.006907232171578976,0.007839766496742022,0.005684223906591597,0.008168048813743453,0.006441376317164488,0.006354265341299894,0.009144326847203135,0.0017800710918123297],[0.005318013706517169,0.002693792288445277,0.0048834778960192265,0.002863648685875562,0.002623859970335863,0.002110169005890964,0.004745981360675222,0.0018682867162972978,0.00217399582440082,9.427691019310248E-4,5.241406427817061E-4,2.2393020471670665E-4,5.831023988464582E-4,0.0017262532302571051,7.990228155583442E-4,0.0019299498970692236,0.0022882044244647475,0.01910279555569896,6.083833904451652E-4,0.00280853160771386,0.0028573452091739037,0.007796871352885475,1.0,0.002066686651119181,0.002714372144266598,0.002835013697120954,0.02464267458822326,0.002132828535664705,0.0013981089520925488,0.019704831995589707,0.024676398770058706,0.0038569096672474773,6.918382575105015E-4,0.0014097172282163412,9.931607862476782E-4,0.004794201388712452,0.0031375056217495634,0.0021045670699014565,0.002978644631252713,0.002941348639336072,0.0026259579020540356,0.0028369962091724646,0.002285421969937433,0.02844672474641106,0.002913947779782541,7.101969597859837E-4,0.003025706111519792,0.002586302760331601,0.002689574232994064,0.01771570333502583,0.0034035113563101035,0.0027541175885117787,0.0014078995410292555,0.003572106756142134,7.802750020928961E-4,0.0033173592251364847,0.002340269065097945,0.001438708172436741,0.002012210933549813],[0.005288065288999736,1.6741911508658607E-4,0.005254874829875745,1.1598350003919124E-4,9.817314795017067E-5,7.487976602587316E-5,0.002962442620907174,9.152507763825867E-4,0.001594434825371413,1.7266884170953617E-4,1.6424643725478706E-4,8.143483791611293E-5,1.1841517321819726E-4,1.297561185086165E-4,1.1975779554637465E-4,1.122387695063866E-4,0.001724858420983735,0.052202691427582736,1.0391109095577864E-4,1.2623559714058339E-4,8.16220254906601E-4,0.010006224753102314,0.002066686651119181,1.0,1.105799219055608E-4,3.4079375294981354E-4,0.010662713037912792,6.846778901628106E-4,2.2102904799058013E-4,0.02444819679197529,3.207076122189581E-4,0.009183659352156445,6.229895857409173E-5,3.151828413491745E-4,1.3212316848666946E-4,0.002324654805060057,1.3489764701321138E-4,1.4224901028111884E-4,6.290189917565367E-4,0.0013190672659306826,1.16220656581114E-4,1.8103330697570146E-4,1.1537347864023432E-4,0.02815801176250266,1.6642032540378375E-4,1.343427692515742E-4,1.3841084044691445E-4,6.529365830177336E-5,2.846042113728006E-4,0.027863929984033173,0.006773230944040058,0.0020719937667383675,7.982150491671306E-5,0.003968718793281242,1.211738571059096E-4,0.0018553645258497064,9.012031163088618E-4,1.3133733856310537E-4,1.9208429963556515E-5],[0.00800808933534301,1.1796581479213322E-4,0.0035440917287180716,4.5757400277625027E-5,6.758854636180822E-5,9.25608490944689E-5,0.01012351648178792,6.297918916744177E-4,3.0361746578839424E-4,2.26863248121883E-4,1.6745270059317295E-4,5.594812824297781E-5,1.1579184553831569E-4,6.348620353820837E-4,1.2086686634974256E-4,8.014634729154208E-5,5.665043633898862E-4,0.02020103242486833,6.591931495900127E-5,1.2492243681589443E-4,2.2852110558754118E-4,4.679687941658582E-4,0.002714372144266598,1.105799219055608E-4,1.0,5.496486255009707E-4,0.024648444608893674,8.452116302701998E-4,4.1933806299903394E-4,0.014893741022430983,0.02850311915192451,0.010559110978649134,1.0611588360525461E-4,3.07813449184658E-4,1.515386610379709E-4,0.002467770624909791,1.1742733787182588E-4,1.5060554423310005E-4,6.548555361288247E-4,3.218897609909305E-4,1.14766046145113E-4,1.4726422115283336E-4,9.450846649699297E-5,0.03360244732730727,1.6766286664960346E-4,3.768323036760484E-4,1.1403221404080627E-4,7.554830091481352E-5,2.55028511208139E-4,0.006918916029601939,0.008735253504941335,0.0020431799998113518,6.608676339105258E-5,3.196521129479043E-4,1.1386292011739944E-4,0.002044605087395744,9.423815122755435E-4,1.332746337604333E-4,4.0253069297686325E-5],[0.004112988586456169,4.2968969546037464E-4,0.004485837024979271,8.235012772065379E-4,1.8929183593016606E-4,4.2978256971107126E-4,0.00131430919276323,0.0011116883353552596,9.615842793649808E-4,7.003214051953264E-4,6.115503383437122E-4,7.175609841165791E-4,8.319518912921545E-4,0.0010535446990769602,7.67125884957439E-4,4.561472300518607E-4,0.0020926973409676466,0.041502217532044194,2.6432963955442005E-4,3.1730373739968277E-4,9.008432584844095E-4,0.004065881252085106,0.002835013697120954,3.4079375294981354E-4,5.496486255009707E-4,1.0,0.02283450465583514,0.0010143784967551923,7.616528114960173E-4,0.01666857379357812,0.018941790112807028,0.06905118823656006,5.665462792005686E-4,0.0010181241034385472,4.629600912747667E-4,0.003776935044500343,7.624894230936875E-4,3.4168507354830145E-4,9.061984617210639E-4,0.0012277439120824338,2.0674273849981056E-4,4.3879074131261323E-4,2.2411531551683525E-4,0.011184446360762438,7.058281443463703E-4,4.651152088308586E-4,8.206985104837394E-4,4.074072992128772E-4,7.440961021496979E-4,0.02071826860197276,0.001602849606732853,0.001220000537602834,6.036011542539122E-4,0.005136950611937631,2.7217752142847144E-4,0.0016328506215455918,0.0013530607184994564,1.5832283878584825E-4,6.095755745788169E-4],[0.010350641423150474,0.015691615451367755,0.012537381245309825,0.010219007541929073,0.0227551721953979,0.0061489553367693505,0.02243369364039073,0.009085615319911285,0.005764372539006525,0.004717432544191562,0.007974840195946676,0.01699973977973507,0.016320280292431787,0.0037205027263308315,0.01880895696509534,0.006759878911165194,0.004041491181712123,0.06740783681296916,0.022088395853041946,0.0025761755959314136,0.004649688917970622,0.013904385454231966,0.02464267458822326,0.010662713037912792,0.024648444608893674,0.02283450465583514,1.0,0.017528317268515246,0.0012414721973018693,0.026773300160272715,0.02623475981219686,0.06337930143093637,0.0011939492641330244,0.016545609443101284,0.001706839559219864,0.012895928130411743,0.020736291454547157,0.01913324587683651,0.011192409110249133,0.0197423705151447,0.02307798117849197,0.02180631162907361,0.020795502794015437,0.028424013962267326,0.004154206049726503,0.015299622089937277,0.014705568402849357,0.021426004505746866,7.556779688475058E-4,0.028207317328957576,0.012610529242339052,0.024707895200542215,0.004919535627169877,0.020680875302905837,8.537431073920059E-4,0.01086366824465724,0.013597189348954819,0.01419153599238568,0.017068291934751144],[0.006919808843265957,2.935072049431298E-4,0.003305451066943941,0.0010974359533074721,4.224014684521351E-4,0.0011270569002201605,0.01455285703902501,0.0011996260232561963,0.001615850719886841,9.09155881599561E-4,3.1282380397677366E-4,5.812877558132567E-4,5.295082191136116E-4,0.001167564722300124,1.7283394394548463E-4,5.5715463065588754E-5,0.0014366206009114439,0.024085328241076127,6.217697667845242E-4,8.428786287833094E-4,0.0018909032705075241,0.009203739182837465,0.002132828535664705,6.846778901628106E-4,8.452116302701998E-4,0.0010143784967551923,0.017528317268515246,1.0,8.9750084728171E-4,0.02621593665478019,0.01383910974559356,0.08086542827922477,1.0247639088129321E-4,0.0012581712862495514,5.864792520524119E-4,0.003436317881620801,4.42191386858565E-4,9.792984059472684E-4,0.0011793093208509599,0.0015884663255234812,9.784026996683902E-4,3.5000999536306197E-4,9.504646495894691E-4,0.001621674337008012,6.394781905592356E-4,0.0010112107740643766,8.293446326858628E-4,4.598572868850627E-4,4.399660793049823E-4,0.0038958084489205047,0.008111025650163663,0.001570673636984664,8.411874865668269E-4,0.002946829279397987,9.90660773091303E-4,0.002107693164867143,0.0017268957662715675,0.0010254754606170168,0.0010721643728268324],[0.0037204513038467755,2.1716729074144688E-4,0.004215403718682431,5.100734774912708E-4,2.7768811418729536E-4,5.25943800463494E-4,0.01224362151326017,0.0012380599326212154,0.0014502294536609338,2.717518091217168E-4,4.5054839451152745E-4,1.8811183972168558E-4,5.172475497608361E-4,9.731142653579962E-4,3.458906437100038E-4,3.2971302272713683E-4,0.0019747978552046973,0.06187348566443245,5.137425345256354E-4,1.9751186188643536E-4,0.002094550605976734,0.007353123407301214,0.0013981089520925488,2.2102904799058013E-4,4.1933806299903394E-4,7.616528114960173E-4,0.0012414721973018693,8.9750084728171E-4,1.0,0.003325282128487469,0.00279784492284956,0.0910142582920758,5.872278300847919E-4,0.0012456875078815685,4.798185073689476E-4,0.0024927219917855793,5.737873593614091E-4,3.1884639056297336E-4,0.0012740053263679786,0.0025685584820363187,4.758913946693656E-4,5.518808741868455E-4,1.2255637806210832E-4,0.033937905318528146,2.778903939581185E-4,5.377653284796555E-4,5.988646768301873E-4,3.8740267084824963E-4,4.2707711636336034E-4,0.00457577365219115,0.0016991571593273141,7.234980694952942E-4,3.911117685306362E-4,0.0012763518739162065,1.5168841035903996E-4,0.002603702509912995,0.0011603725369916027,5.535608215939431E-4,1.553660312574496E-4],[0.021931782154925014,0.006836345763034691,0.014924840820903092,0.0017882503629101075,0.02266678989831475,0.009151188812876621,0.024820496893638844,0.011168170365421943,0.004127005271208992,0.0018854293852796418,0.006515340754851021,0.016837864508553832,0.010034418589260657,0.010060215634820228,5.354355087635024E-4,0.011698713632018055,0.02310665933735643,0.03783432150260846,0.011748376936800328,0.01946561896558495,0.0062716740290182215,0.011387975649112382,0.019704831995589707,0.02444819679197529,0.014893741022430983,0.01666857379357812,0.026773300160272715,0.02621593665478019,0.003325282128487469,1.0,0.027458090574568217,0.03968486370812218,0.004540881951683378,0.013257072266919879,6.446121885249848E-4,0.013503866148899077,0.007620641187124626,0.0017824099432844662,0.006529092918010804,0.010287783921218568,0.01869777184666156,0.025657956922137737,0.002857597727302103,0.028565465786876295,0.012866952888709935,0.025253852850601912,0.01712661613479013,0.009317228551349364,0.004802626368234301,0.027226401525907423,0.018143617595967252,0.0030868195030600786,0.004001923724360068,0.01664361397780744,0.022319648836760877,0.00910927495886204,0.019845147712600274,0.01266872291712924,0.024536130887674156],[0.014519503429463542,0.011300856866620032,0.01867217666154268,0.013273315860623625,0.00881057610020197,0.012421467794456683,0.029207123104177776,0.012099403322257257,0.0175902187403913,0.01870020919501608,0.006518532689078723,0.025014351302106896,0.006541998590267796,0.010129076905027434,0.0019988906308395747,0.004994123282705322,0.010161712751739365,0.03672153121745194,0.0011672927488328936,0.009629621368673097,0.026921616284586607,0.019034860308267298,0.024676398770058706,3.207076122189581E-4,0.02850311915192451,0.018941790112807028,0.02623475981219686,0.01383910974559356,0.00279784492284956,0.027458090574568217,1.0,0.036008666887696196,2.448390135038742E-4,0.01661867479335341,0.0025941478153518886,0.029314169060263975,0.025926956056655265,0.01795729441543189,0.003847017293998223,0.009753541971048208,0.025366509124039097,0.02548480160988913,0.019048408938283388,0.04000332406828265,0.012505163149893606,0.026640962236115687,0.01810898862869138,0.027610689577704503,0.023110373345327843,0.029411764705882353,0.014905081868447585,0.015054816823287256,0.022728861326272706,0.01189064887190338,0.007270191301632946,0.026386562588178286,0.005345563325298435,0.0044002169643508286,0.008677553234800824],[0.08709288152413767,0.08160957672517248,0.09991858300488389,0.010069169121318387,0.06265454870151604,0.03969738591174134,0.02726411068592859,0.03691552405339293,0.0872629123653849,0.03485465355959764,0.0221341460710578,0.09439127220833768,0.08367174304549302,0.023494403092912647,0.0036802908365987453,0.09051819666255123,0.0993435843732655,0.09457361150015814,0.09375302690063025,0.03953114080845756,0.004676705645562667,0.04098301147196596,0.0038569096672474773,0.009183659352156445,0.010559110978649134,0.06905118823656006,0.06337930143093637,0.08086542827922477,0.0910142582920758,0.03968486370812218,0.036008666887696196,1.0,0.0713950625684231,0.017168948745056613,0.035210700822858106,0.01344305890449787,0.039354995679518265,0.05335584208565461,0.023961796268148962,0.010764249236125775,0.04647430229549468,0.054006442393793035,0.0238928573256343,0.08385807470362555,0.021850860639469085,0.016071960602494793,0.0790527216817823,0.07100975444030128,0.07160840322670739,0.08646946058105293,0.037338667709335485,0.07737005426345953,0.026731271705780026,0.08014272225244769,0.05408853173789027,0.003021513222588818,0.0788480041837277,0.09861599057327872,0.052363716960238414],[0.0076170559522565,8.996838050072774E-5,0.0044041184616332,1.7193708274255858E-5,5.9443982814039557E-5,3.684110700149875E-5,0.014136404526335957,9.732240836088213E-4,7.706264656311985E-4,2.302670113477207E-4,1.375613185961977E-4,5.6715387869699387E-5,9.904955064951582E-5,9.089717541833715E-4,7.43162393308809E-5,5.6174906599495374E-5,8.09194888773386E-5,0.06473997169443296,5.4603034746389656E-5,9.872544795958972E-5,0.0015683262087184558,0.005739953295385709,6.918382575105015E-4,6.229895857409173E-5,1.0611588360525461E-4,5.665462792