[[1.0,7.757933948069988E-5,4.011016150807855E-4,2.623254122721938E-4,7.563509876757506E-4,1.9605811110718239E-4,2.0571265946462243E-4,1.788075211757865E-4,1.7984435315809852E-4,4.658721856646309E-4,1.3303447121081462E-4,1.1704037988274153E-4,1.8273544551220095E-4,2.1114966719159442E-4,5.115408097836319E-4,1.1208133037905669E-4,1.0250135175602418E-4,0.0025293950436066416,1.533635763102941E-4,7.790572822612356E-4,0.00105667966452315,9.528177932530567E-4,5.676193605014852E-4,1.7617189406753214E-4,0.0027246816762128644,1.289356094133052E-4,1.3558001282010698E-4,0.0015714088054905873,9.87507443528259E-4,2.0054276417357593E-4,4.781942644069794E-4,2.0163475262661377E-4,2.1376003812224843E-4,1.4724498735712688E-5,3.316784678575181E-4,1.0808423099855068E-4,1.3358310491181564E-4,1.7261465798214864E-4,1.8325611534209858E-4,0.0014272320203948961,7.447551903586435E-4,2.1541967784358476E-4,1.3362762987801052E-4,4.7222661309175724E-5,0.0014614683438289933,0.002556435065273471,1.492344441299117E-4,0.008413624355365544,0.00631441564899467],[7.757933948069988E-5,1.0,6.992699784209343E-5,1.6253795340670355E-4,0.0011477677353247573,1.8640216805203662E-4,1.95327154250258E-4,1.4899733641999411E-5,7.001549327635521E-5,4.6283813504483336E-4,2.850697048378538E-5,5.973088938171675E-5,6.847042516859345E-5,1.0870480868978405E-4,4.1299817714277726E-4,8.764663139579389E-5,3.185567655081786E-5,0.0028402480413517147,4.0339195823628236E-5,4.8074424108231873E-4,3.5527471318976624E-4,0.0010546817097643404,3.1702298940608617E-4,7.05656760994329E-5,0.0019019216476444986,9.26525825629838E-5,8.728469781334349E-5,8.186557045030066E-4,9.876738212443452E-4,1.1026509305187061E-4,0.0015363949823973353,1.8406143270157527E-4,2.2418605148311052E-4,2.3403282958858668E-5,0.0033121242336299193,9.603006392467381E-5,7.158264123144782E-5,1.5210546680500332E-5,1.1133677556233025E-4,0.002322911168400458,0.0010707598243539266,5.239005149147889E-4,7.849424365402038E-5,4.3258595691429274E-5,0.0022107625257353275,3.601932696189751E-4,2.163429825778682E-5,0.009727014674067712,0.006710297238450782],[4.011016150807855E-4,6.992699784209343E-5,1.0,8.8038833254875E-4,0.0011668149443165373,9.99187821562413E-4,4.3996926742684615E-4,7.662637660357357E-4,7.665740690357696E-4,0.0010117447537034818,6.896089529281286E-4,9.238487239243826E-4,2.288761596646272E-4,0.0010098256280466947,0.001135869996702853,8.026334166609032E-4,0.0010429025411556104,0.001433579659275126,3.3659787478296547E-4,0.002691643449903118,0.0011207291143633452,0.0012560484116377311,9.943886693956406E-4,8.448678764793576E-4,0.003014117960264095,7.084955486273433E-4,2.2070364542135757E-4,0.0018609832212953033,0.0016486849161512405,5.108279530340107E-4,0.001488029227974305,0.0010028253069670392,9.901585332958854E-4,7.529375609133974E-4,0.002737019817928522,2.4070841351327602E-4,1.5976192801977893E-4,0.0010166132722325347,2.478468405190186E-4,0.001216968550305354,0.0011657205743027261,0.0011163266754555385,5.691619105424089E-4,4.8535761758045776E-4,0.002061016392003644,0.002854439801468522,4.640461308987648E-4,0.005955586714513527,0.0025248624058402864],[2.623254122721938E-4,1.6253795340670355E-4,8.8038833254875E-4,1.0,6.606936442638188E-4,2.656651629334582E-4,3.0896644882932953E-4,1.9238808926293002E-4,3.017923788339443E-4,4.183349358208447E-4,1.557279705703297E-4,1.684753375979725E-4,2.7724082070427325E-4,3.0732681674265747E-4,8.113238912862471E-4,1.8326265152770853E-4,6.46172401985473E-5,0.0018481243824372893,6.600370454679448E-5,0.0017861349892074538,9.973148217812557E-4,9.90313938353789E-4,8.113615126351592E-4,3.0028779779682165E-4,0.0016366790751068331,1.816382910722869E-4,1.5207356755251564E-4,0.0024432779101544845,0.002197784563625049,2.103960775142647E-4,0.0010117120231929577,2.9522381510096063E-4,2.774965506193391E-4,1.3983127341025988E-4,0.001441042615895552,2.9132060149579086E-4,1.3528486178034506E-4,1.8638997906352957E-4,1.5450685119284237E-4,0.0022627355500539257,0.0010363899979979165,7.682930577853583E-4,2.764696552160459E-4,3.1156018722793065E-4,0.0024185221518289615,0.0015335933732622483,2.55269611279403E-4,0.00833445422225439,0.002633230373845362],[7.563509876757506E-4,0.0011477677353247573,0.0011668149443165373,6.606936442638188E-4,1.0,6.04727116647443E-4,8.546052845946544E-4,3.674384376076676E-4,4.0363517006483353E-4,0.001119453699629864,7.58537917667697E-4,1.1264702238195586E-4,7.028767326656685E-4,2.875754022175808E-4,0.00130149604616264,0.0011562426134343682,0.0011285594773921281,0.0018891750384370507,8.30555246846474E-4,0.0026882973930532697,0.0011561024963609964,0.0012127515525259115,8.708777346862251E-4,2.5271191550505076E-4,0.0018637389585708392,1.5610963436307298E-4,7.653205447338173E-4,0.0014118791188861353,0.005620381676374761,6.89663828405097E-4,0.001438503698824463,5.141089414579464E-4,4.1750283696101144E-4,3.083777081959976E-5,0.003576486356882366,2.439703856066075E-4,2.20860577147719E-4,0.0011424559858727121,4.3978846250253127E-4,0.0012942238384078895,0.0012089052802725466,0.00105341158230692,0.0011136424554584437,8.987012866031383E-4,0.0012470008872797855,0.002340013748190668,0.0010194455491459471,0.00680950062370328,0.0019514425217823559],[1.9605811110718239E-4,1.8640216805203662E-4,9.99187821562413E-4,2.656651629334582E-4,6.04727116647443E-4,1.0,2.0120185194205515E-4,1.6529522933246703E-5,1.8792917615214163E-4,9.248289989027382E-4,1.4468973030283997E-4,1.8279572144533796E-4,1.3170460852786095E-4,2.3256871708616524E-4,5.34928940277732E-4,1.616466784138088E-4,9.571936522358301E-5,0.002828538590889441,7.192466806098759E-5,0.0012225293879940815,7.458925636108376E-4,6.987518718750006E-4,8.437203737049225E-4,1.5250007208433462E-4,0.0010552172137544052,1.9713714838808438E-4,1.5981001774900192E-4,0.0016842060058195963,9.375061267985132E-4,1.9898560808751347E-4,9.413215993271866E-4,2.1100568654362862E-4,2.2667170736965828E-4,6.441899595249637E-5,0.002902053755350708,1.2091190360579122E-4,1.8133674313174043E-4,1.9240074513816863E-4,1.7579664189034977E-4,0.0014613927266324907,7.177618210689189E-4,8.97150815998005E-4,1.414060784270863E-4,8.406009878411703E-5,2.7391838511178334E-4,0.0010093061248144393,1.928509948932566E-4,0.003304200623185986,0.006550017173046331],[2.0571265946462243E-4,1.95327154250258E-4,4.3996926742684615E-4,3.0896644882932953E-4,8.546052845946544E-4,2.0120185194205515E-4,1.0,4.7044080144967376E-5,1.23233994424333E-4,8.325989332218133E-4,4.998256136434687E-5,1.4852268133989027E-4,1.386097128639951E-4,2.3659094399761826E-4,8.980618914600623E-4,1.7778702426891104E-4,1.878004631055019E-4,6.093126269883797E-4,5.518383537757681E-5,0.002060431974939073,7.945157645588228E-4,2.820348451214533E-4,2.748726282537723E-4,1.3548209021571543E-4,3.797088316839127E-4,1.4942020956297916E-4,1.4872838582745315E-4,0.001900279969572097,0.004099014353935211,2.0430840186336647E-4,0.0010701725413804208,2.1312205548531995E-4,2.0921746178147304E-4,1.74385335486172E-4,0.0028117390697897445,1.7954562028263038E-4,1.9920356305140098E-4,1.5591171781046797E-4,1.8795504757850606E-4,6.044643873865936E-4,0.0011949209367562775,8.007953678124146E-4,2.0711513911032505E-4,1.2066465095618785E-4,9.693727295778943E-4,0.0010250416344055107,1.3757104114113484E-4,0.009035824286847769,0.0015224730471631797],[1.788075211757865E-4,1.4899733641999411E-5,7.662637660357357E-4,1.9238808926293002E-4,3.674384376076676E-4,1.6529522933246703E-5,4.7044080144967376E-5,1.0,6.559222879066517E-5,6.034244047180817E-4,1.807438629279267E-5,6.105628976280962E-5,5.764189099778523E-5,2.0604511171897147E-4,0.0012904312493052864,1.719924887202439E-5,1.338695820383548E-5,6.912620621762418E-4,2.33978005685918E-5,7.896552990276268E-4,6.532125736704704E-4,0.0011581667617382647,2.7256270054233455E-4,3.424114607049396E-5,0.0032287148928683423,7.97344539401381E-5,1.2508237287443816E-4,9.306089333509479E-4,0.004264872057200125,1.0532966610141073E-4,1.2799093961488148E-4,1.5366405502979384E-4,9.148079394173684E-5,1.4370222204575228E-5,0.0036557182816398747,9.6018405411661E-5,1.2055005204901082E-4,1.27492154046419E-5,1.273026582149887E-4,0.0013151661989054906,2.992166880893689E-4,6.102209982523278E-4,3.946763491905768E-5,2.660442689397412E-5,2.0523526746910002E-4,0.0021226968919605123,1.5109515396222627E-5,0.0028556126931252846,0.01041087156294682],[1.7984435315809852E-4,7.001549327635521E-5,7.665740690357696E-4,3.017923788339443E-4,4.0363517006483353E-4,1.8792917615214163E-4,1.23233994424333E-4,6.559222879066517E-5,1.0,7.418500552574624E-4,3.260901850416061E-5,1.0167087837087241E-4,1.200384449790026E-4,2.0561195221108317E-4,7.517434602286956E-4,1.0730261484223683E-4,3.8269820363795384E-5,0.002425648606562793,1.0015596598459122E-4,6.532911631890413E-4,4.666739602804737E-4,1.0996317573546568E-4,6.485891716446575E-4,1.0215003300775571E-4,0.0011920620080705703,1.1416523539837549E-4,1.1599956913785487E-4,4.5571247113616675E-4,0.00725830816684742,1.4136024451160708E-4,0.0010870649512880093,1.868605035146287E-4,2.3004024570441806E-4,2.0655843229425908E-5,0.0019371247615449613,1.0406077286749766E-4,1.1724512735692105E-4,8.048482332846401E-5,1.1259365147571875E-4,0.0012309771305042698,0.0011568912409255577,6.526785951631707E-4,1.246277349504551E-4,9.395809707702685E-5,6.035125610512226E-4,0.0027447288462316556,3.8194886354632885E-5,0.00402715339638603,0.010427524985801148],[4.658721856646309E-4,4.6283813504483336E-4,0.0010117447537034818,4.183349358208447E-4,0.001119453699629864,9.248289989027382E-4,8.325989332218133E-4,6.034244047180817E-4,7.418500552574624E-4,1.0,7.638988215103677E-4,7.859747107893341E-4,4.193525469792E-4,2.5637031216271084E-4,0.0012366604842233956,9.587826661408108E-4,5.727688392142377E-4,0.001940443474509188,9.198744331698265E-4,0.0012209733979032863,0.0011195008797385312,0.0012284905687561035,9.012671972311495E-4,5.396601937986858E-4,0.0028586659968606164,8.768800794897427E-4,5.808056830174075E-4,0.001241677666662193,0.003596235149700692,8.290139367307102E-4,0.0015713072975471762,6.249451671706919E-4,6.767352406551312E-4,1.6941828336215984E-4,0.0018601367445558316,7.471877955042735E-4,6.477474416682534E-4,8.473459264355675E-5,6.685810204917892E-4,0.001792707574745461,0.0012310381990477386,0.0010323651829383558,5.715495154304718E-4,9.259184097578158E-4,0.0025021628742377625,0.0017689299578599832,5.00525662681626E-4,0.01019003825311575,0.0021696176970015346],[1.3303447121081462E-4,2.850697048378538E-5,6.896089529281286E-4,1.557279705703297E-4,7.58537917667697E-4,1.4468973030283997E-4,4.998256136434687E-5,1.807438629279267E-5,3.260901850416061E-5,7.638988215103677E-4,1.0,3.5803771247794506E-5,1.2484798934344187E-4,9.000272062860751E-5,3.2414440928854745E-4,4.3655677345815986E-5,1.5143973738695294E-5,1.6628001684459225E-4,2.5264760659771425E-5,0.0022373732958581374,8.778119446736212E-4,1.7733188028267634E-4,6.115988509068775E-5,4.113154617953786E-5,9.050926088655892E-4,1.0490051874150605E-4,2.5037120388652234E-5,0.0021679113356427118,0.006617592583578388,4.851311319800498E-5,1.1204463445937344E-4,2.0238713750876848E-4,1.5510147681843412E-4,1.853221450904189E-5,0.0015479031637398615,8.809486930885243E-5,4.711477949968428E-5,2.1220432287724802E-5,2.4948838122542284E-5,8.168376562775941E-4,7.093791054413187E-4,7.186871937512845E-4,3.101911010186903E-5,4.0236942956731286E-5,0.0021345466633800676,0.0029201735974850535,2.237370759841762E-5,0.003989906157447304,0.006183886919263035],[1.1704037988274153E-4,5.973088938171675E-5,9.238487239243826E-4,1.684753375979725E-4,1.1264702238195586E-4,1.8279572144533796E-4,1.4852268133989027E-4,6.105628976280962E-5,1.0167087837087241E-4,7.859747107893341E-4,3.5803771247794506E-5,1.0,8.865014404677403E-5,1.5946596341337666E-4,1.914783663672263E-4,1.0494920160053733E-4,3.437835214901613E-5,0.002468103653510018,4.2284514350198186E-5,0.0015665349117575105,3.697013676470009E-4,4.5017556219242605E-4,3.6975637664138166E-4,7.101260021012501E-5,0.002113860950295836,1.123761039139988E-4,1.242128288587051E-4,0.0014413956466612615,0.005228650789574502,8.534678490777493E-5,0.0015049723709526553,1.774184292208453E-4,1.1808342390240615E-4,4.272430573795205E-5,0.0028244446700909282,7.572064960633151E-5,1.1109517918841255E-4,5.730389535157511E-5,7.980988315395384E-5,0.0020908456078946123,0.001000758463871566,6.428833671900449E-4,1.267554353441272E-4,5.967809042534272E-5,3.628581940571147E-4,0.002167753165977685,5.673306661742177E-5,0.008263351121346237,0.006056825804255399],[1.8273544551220095E-4,6.847042516859345E-5,2.288761596646272E-4,2.7724082070427325E-4,7.028767326656685E-4,1.3170460852786095E-4,1.386097128639951E-4,5.764189099778523E-5,1.200384449790026E-4,4.193525469792E-4,1.2484798934344187E-4,8.865014404677403E-5,1.0,1.3331224341723332E-4,0.0010724874092126512,1.1295506702302947E-4,1.1411594728862706E-5,5.779555868180804E-4,1.1957523320181999E-4,0.0031487305109602977,9.028174350159192E-4,2.0836831198592468E-4,7.904829336912328E-4,8.079971745617082E-5,2.0894253765456615E-4,1.1940656664337053E-4,1.2673510952370513E-4,0.002620578549111102,0.0028298872912622397,1.7754528375910764E-4,0.0016302459462916113,1.6902397053274962E-4,1.7124908431308272E-4,6.961592649805654E-5,0.003038230521357826,1.1609373659319048E-4,1.2818496501019525E-4,7.939955637565898E-5,1.2951048027414613E-4,6.669542393785498E-4,8.617031618902108E-4,6.582370950164897E-4,1.2575123034689145E-4,8.651713571515215E-5,0.002004592428309642,0.002847733100763172,7.004029948204252E-5,0.01030513044069164,0.007401022496506045],[2.1114966719159442E-4,1.0870480868978405E-4,0.0010098256280466947,3.0732681674265747E-4,2.875754022175808E-4,2.3256871708616524E-4,2.3659094399761826E-4,2.0604511171897147E-4,2.0561195221108317E-4,2.5637031216271084E-4,9.000272062860751E-5,1.5946596341337666E-4,1.3331224341723332E-4,1.0,5.614919134833384E-4,2.1207352970801206E-4,8.12811688156035E-5,0.00184227852508187,2.3778616237132166E-4,0.0019085875059070283,7.408845110890558E-4,7.738000774101747E-4,5.352478743714236E-4,9.644316361361303E-5,0.001793745948829357,2.1788413703785877E-4,1.5377923712214087E-4,0.0030678336812840984,6.92365636497797E-4,2.1357598810694297E-4,7.421202500425295E-4,2.462877819457259E-4,2.3612550654840143E-4,1.6583792858974563E-4,0.002057928419760087,1.2100827608575376E-4,1.2881952565399273E-4,9.639075336420119E-5,1.3833807715609773E-4,5.105311030711855E-4,5.922771166492507E-4,9.662066408260871E-4,1.3409373735676034E-4,1.2875014007021174E-4,0.0014307423466589195,0.001561700014276453,2.3347282909044452E-4,0.008890053050853554,0.00765478101213308],[5.115408097836319E-4,4.1299817714277726E-4,0.001135869996702853,8.113238912862471E-4,0.00130149604616264,5.34928940277732E-4,8.980618914600623E-4,0.0012904312493052864,7.517434602286956E-4,0.0012366604842233956,3.2414440928854745E-4,1.914783663672263E-4,0.0010724874092126512,5.614919134833384E-4,1.0,0.0011143756236325628,1.971242967684597E-4,0.0024244640693874596,0.0012668205977576085,0.0021520830684174084,0.0012125306596599604,0.001261422935704567,0.0012823866438222131,0.001287504681790399,0.0014276267116952,0.0012667242160859747,7.677569215154248E-4,0.0017525331806516817,0.0015130881158617567,7.294154717566927E-4,0.0015042959368480138,0.0011857746533984678,0.0012004081232713697,6.939615222302488E-4,0.0032441230194789434,4.6939913072165465E-4,1.5103297605341268E-4,0.0010945755425581394,6.443227322456846E-4,0.0018429284249270406,0.0012654253761908525,0.0010376736532168528,9.559586205073919E-4,7.423239174270306E-4,0.0018854099957183062,0.0019730449015026384,3.738824137753707E-4,0.007453194367372502,0.004039802334425918],[1.1208133037905669E-4,8.764663139579389E-5,8.026334166609032E-4,1.8326265152770853E-4,0.0011562426134343682,1.616466784138088E-4,1.7778702426891104E-4,1.719924887202439E-5,1.0730261484223683E-4,9.587826661408108E-4,4.3655677345815986E-5,1.0494920160053733E-4,1.1295506702302947E-4,2.1207352970801206E-4,0.0011143756236325628,1.0,9.461531251031313E-5,0.0016389125280337612,4.498998813679069E-5,0.001957866512789289,7.706731918062954E-4,9.682456123651318E-4,6.413648173274926E-4,9.73273995856087E-5,0.002079169759618198,1.1599821966554049E-4,1.2675997912996653E-4,0.0019382053059235251,0.006132536418216725,1.8851046447796948E-4,0.0015578445874664287,1.3295112310083882E-4,1.494231341522736E-4,4.8266200567355796E-5,4.994258613542268E-4,1.0383965487272218E-4,1.1287744674485335E-4,7.299135212658584E-5,1.1073665634303848E-4,0.0017115829431599734,3.5163062437521556E-4,5.147488698096157E-4,1.1237630337833725E-4,5.365934790477063E-5,0.0012569100568461987,0.0016996626380492417,1.0265460320534281E-4,0.0013279032674471036,0.0027677666402166788],[1.0250135175602418E-4,3.185567655081786E-5,0.0010429025411556104,6.46172401985473E-5,0.0011285594773921281,9.571936522358301E-5,1.878004631055019E-4,1.338695820383548E-5,3.8269820363795384E-5,5.727688392142377E-4,1.5143973738695294E-5,3.437835214901613E-5,1.1411594728862706E-5,8.12811688156035E-5,1.971242967684597E-4,9.461531251031313E-5,1.0,0.0015085320984593229,3.782809875951605E-5,2.667520825197832E-4,4.2680868287103737E-4,8.782438111618004E-4,1.490434660895973E-4,5.175904191080266E-5,0.0020362817742929523,2.6916915769422646E-5,1.2816280740685277E-4,0.0035646683593099013,0.0042953399361109115,1.1389478358036859E-4,0.0013011271441342798,1.9218309970006315E-5,1.1470909836125988E-4,1.0649061301733882E-5,4.288009537198329E-4,7.097766025055044E-5,5.65007538760849E-5,1.0688649528392573E-5,1.2700667782741365E-4,7.00318137878788E-4,3.4572456704534285E-5,4.7947109784517584E-4,3.7368020226113595E-5,2.3701309695308686E-5,4.369530717350144E-4,0.0013345227016247835,1.0787998580251979E-5,0.0016046578507004957,0.00785306545724059],[0.0025293950436066416,0.0028402480413517147,0.001433579659275126,0.0018481243824372893,0.0018891750384370507,0.002828538590889441,6.093126269883797E-4,6.912620621762418E-4,0.002425648606562793,0.001940443474509188,1.6628001684459225E-4,0.002468103653510018,5.779555868180804E-4,0.00184227852508187,0.0024244640693874596,0.0016389125280337612,0.0015085320984593229,1.0,0.0011238805728308154,0.0032209526923343886,0.0024155820154594977,0.0013412845973041591,0.0020606292806955467,6.48987417036222E-4,0.0033791479952863576,8.788468476698685E-4,0.001448945409215463,0.003481812871382247,0.002951436178355664,0.00150574936540684,0.0022236715384554595,9.669330610030889E-4,0.001661748972447395,0.0023464648541189894,0.003160277227869535,0.002129054734902741,0.0024467186599532263,0.0017503330615356093,0.002606702466535517,0.0023885024058282653,0.0027883223554091632,0.001603750335789695,0.0010837617534626002,0.0027091609841103405,0.0025386680731799395,0.002922097303585042,0.0011295176291804918,0.007400377934770582,0.002888263737966557],[1.533635763102941E-4,4.0339195823628236E-5,3.3659787478296547E-4,6.600370454679448E-5,8.30555246846474E-4,7.192466806098759E-5,5.518383537757681E-5,2.33978005685918E-5,1.0015596598459122E-4,9.198744331698265E-4,2.5264760659771425E-5,4.2284514350198186E-5,1.1957523320181999E-4,2.3778616237132166E-4,0.0012668205977576085,4.498998813679069E-5,3.782809875951605E-5,0.0011238805728308154,1.0,9.757263740249558E-4,7.62026824202673E-4,5.821814004181303E-4,7.662694069414659E-4,5.692200277982775E-5,0.0030475530745740663,1.1245021132464037E-4,7.607147990228108E-5,0.00137204214271391,0.0021316392530420477,6.024784742217932E-5,5.997532911141986E-4,2.0627824154103786E-4,1.8854583074100605E-4,3.4473412792828965E-5,0.0012052224050053011,4.7369150543731615E-5,9.511573097644485E-5,1.4234811115299864E-5,1.0521449171634588E-4,3.9647098833487103E-4,0.0012272468620981934,5.914624688658831E-4,1.2299657228772307E-4,4.287409312170217E-5,0.002403763422124565,5.27479507784031E-4,3.5298219189629215E-5,0.0032373118666867593,0.005454811907165912],[7.790572822612356E-4,4.8074424108231873E-4,0.002691643449903118,0.0017861349892074538,0.0026882973930532697,0.0012225293879940815,0.002060431974939073,7.896552990276268E-4,6.532911631890413E-4,0.0012209733979032863,0.0022373732958581374,0.0015665349117575105,0.0031487305109602977,0.0019085875059070283,0.0021520830684174084,0.001957866512789289,2.667520825197832E-4,0.0032209526923343886,9.757263740249558E-4,1.0,0.0018274200209682481,0.002133613817441574,0.0027352272683715544,0.002757199781768789,0.0033018152786006257,0.0015971564614890208,0.0013254801499942423,0.0033887679397590384,0.005450517349838868,9.61642779543952E-4,0.0017556193326708496,0.002326853474441626,0.002770111141423513,7.696704232630274E-4,0.0036774409801558815,2.3103237416268043E-4,8.018588459520374E-4,0.0010100324514973433,9.565715710308773E-4,0.003057013384090033,0.001288618762638998,0.0014314881723280876,0.0014514844865313634,0.0018546221554781599,0.0027774611106980477,0.003073466319776117,0.002710154909709794,0.009670016413017256,0.007813532905774486],[0.00105667966452315,3.5527471318976624E-4,0.0011207291143633452,9.973148217812557E-4,0.0011561024963609964,7.458925636108376E-4,7.945157645588228E-4,6.532125736704704E-4,4.666739602804737E-4,0.0011195008797385312,8.778119446736212E-4,3.697013676470009E-4,9.028174350159192E-4,7.408845110890558E-4,0.0012125306596599604,7.706731918062954E-4,4.2680868287103737E-4,0.0024155820154594977,7.62026824202673E-4,0.0018274200209682481,1.0,0.0012057311482021641,9.667919484617195E-4,8.134549868500976E-4,0.0026487533215004554,5.814543819999102E-4,7.164570198417725E-4,0.002251148837569052,0.005540872050479253,7.170627456357203E-4,0.0014291735636924128,6.01310390723918E-4,2.8514300447223553E-4,0.0010316120991212209,0.002864847640013714,4.5568318238159585E-4,7.0331035934467E-4,7.363456013368556E-4,7.083265181741752E-4,0.0023049128443164498,0.001205830272254967,0.001052035451654675,8.472135818704154E-4,3.3417924566918745E-4,0.0024009490443923495,0.0013163591364426666,9.900783131973196E-4,0.009281412581163497,0.007325962648555014],[9.528177932530567E-4,0.0010546817097643404,0.0012560484116377311,9.90313938353789E-4,0.0012127515525259115,6.987518718750006E-4,2.820348451214533E-4,0.0011581667617382647,1.0996317573546568E-4,0.0012284905687561035,1.7733188028267634E-4,4.5017556219242605E-4,2.0836831198592468E-4,7.738000774101747E-4,0.001261422935704567,9.682456123651318E-4,8.782438111618004E-4,0.0013412845973041591,5.821814004181303E-4,0.002133613817441574,0.0012057311482021641,1.0,9.394876124808823E-4,0.001153749808691532,0.0025279273784152047,7.418731369230117E-4,2.7809707859619795E-4,0.002148044199410156,0.006744868875263382,4.400288089399496E-4,0.0015655796860490098,9.48378499864177E-4,7.094098833321946E-4,1.5311509338860078E-4,0.0038853390071581094,0.0011386628639191627,0.0010469864927556934,2.1705845925021637E-4,5.872514653792182E-4,0.00227397643220142,0.0012483248651387058,0.0012155410264734418,7.050610328185645E-4,3.778878857992245E-4,0.0012681388644315418,0.001930490107871642,0.001129111192901488,0.004835014569003419,0.004485036227581134],[5.676193605014852E-4,3.1702298940608617E-4,9.943886693956406E-4,8.113615126351592E-4,8.708777346862251E-4,8.437203737049225E-4,2.748726282537723E-4,2.7256270054233455E-4,6.485891716446575E-4,9.012671972311495E-4,6.115988509068775E-5,3.6975637664138166E-4,7.904829336912328E-4,5.352478743714236E-4,0.0012823866438222131,6.413648173274926E-4,1.490434660895973E-4,0.0020606292806955467,7.662694069414659E-4,0.0027352272683715544,9.667919484617195E-4,9.394876124808823E-4,1.0,3.6157961298051785E-4,0.0025115446537892286,3.9816941326959826E-4,1.8271993006865493E-4,0.0011071448576172706,0.007407612244506348,5.891730371483053E-4,9.048104704713597E-4,3.4153394966343186E-4,5.697456206636743E-4,3.9769140436598545E-4,0.0012098000758001203,3.139489459395538E-4,3.9784318009776585E-4,3.457358639159672E-4,2.2758963839097183E-4,0.0018007766448864624,9.781962554301091E-4,8.84128546437744E-4,4.403425959569726E-4,2.531188429352694E-4,0.0014520512664674822,0.0018200519720031167,3.131876569169824E-4,0.001964689787803581,0.0018979574500621443],[1.7617189406753214E-4,7.05656760994329E-5,8.448678764793576E-4,3.0028779779682165E-4,2.5271191550505076E-4,1.5250007208433462E-4,1.3548209021571543E-4,3.424114607049396E-5,1.0215003300775571E-4,5.396601937986858E-4,4.113154617953786E-5,7.101260021012501E-5,8.079971745617082E-5,9.644316361361303E-5,0.001287504681790399,9.73273995856087E-5,5.175904191080266E-5,6.48987417036222E-4,5.692200277982775E-5,0.002757199781768789,8.134549868500976E-4,0.001153749808691532,3.6157961298051785E-4,1.0,8.302705417989531E-4,8.883170870674728E-5,1.2470275660974404E-4,6.622328800691113E-4,0.003922680009541431,1.0927279329725652E-4,0.0012842311560689712,1.326099191124222E-4,1.730472966195093E-4,4.5779118856158703E-5,0.0035271886907120224,8.755469027821237E-5,1.2426536232919912E-4,4.514234064525622E-5,1.0344100744934716E-4,0.0022264719501159974,0.0010393553380822736,3.6171570717278076E-4,9.361847192135923E-5,5.403483544530498E-5,0.0010933191674021452,0.0018698853141014091,5.306635698278067E-5,0.009029591764380162,0.010282563485581243],[0.0027246816762128644,0.0019019216476444986,0.003014117960264095,0.0016366790751068331,0.0018637389585708392,0.0010552172137544052,3.797088316839127E-4,0.0032287148928683423,0.0011920620080705703,0.0028586659968606164,9.050926088655892E-4,0.002113860950295836,2.0894253765456615E-4,0.001793745948829357,0.0014276267116952,0.002079169759618198,0.0020362817742929523,0.0033791479952863576,0.0030475530745740663,0.0033018152786006257,0.0026487533215004554,0.0025279273784152047,0.0025115446537892286,8.302705417989531E-4,1.0,0.002981189056452905,0.0016305512863148005,0.00364994821229515,0.005390086284081412,0.0011416829162593817,0.0019568867104351687,0.0029060930217630334,0.0022009057336562976,0.0013053622252732296,0.0038772238096431025,0.0028119030587400286,0.0031653335769943032,9.451542969185176E-5,4.6013924340090943E-4,0.0033988527829838288,0.0034330525548632793,0.0012560598122739151,9.269580648750006E-4,0.001123202155544877,0.0034280231308655654,0.0029485461183110817,0.001504508087330429,0.005814238946845573,0.005282364688102362],[1.289356094133052E-4,9.26525825629838E-5,7.084955486273433E-4,1.816382910722869E-4,1.5610963436307298E-4,1.9713714838808438E-4,1.4942020956297916E-4,7.97344539401381E-5,1.1416523539837549E-4,8.768800794897427E-4,1.0490051874150605E-4,1.123761039139988E-4,1.1940656664337053E-4,2.1788413703785877E-4,0.0012667242160859747,1.1599821966554049E-4,2.6916915769422646E-5,8.788468476698685E-4,1.1245021132464037E-4,0.0015971564614890208,5.814543819999102E-4,7.418731369230117E-4,3.9816941326959826E-4,8.883170870674728E-5,0.002981189056452905,1.0,1.2077758617847678E-4,0.0018469604426790093,0.0025337166248006237,1.4546579372967243E-4,7.568993646172618E-4,1.9428834919257628E-4,1.6115644818564352E-4,3.654012150893234E-5,6.318114052234113E-4,1.1118411175609499E-4,1.252078864730285E-4,5.126893321546839E-5,1.3504209001851165E-4,0.001651016881469464,4.1395388530834876E-4,3.580889887890215E-4,1.2521425093832273E-4,1.112791025951454E-4,0.00224117430571462,0.0016483238572067612,1.1085065713053355E-4,0.0012990601859604576,0.012003683210229137],[1.3558001282010698E-4,8.728469781334349E-5,2.2070364542135757E-4,1.5207356755251564E-4,7.653205447338173E-4,1.5981001774900192E-4,1.4872838582745315E-4,1.2508237287443816E-4,1.1599956913785487E-4,5.808056830174075E-4,2.5037120388652234E-5,1.242128288587051E-4,1.2673510952370513E-4,1.5377923712214087E-4,7.677569215154248E-4,1.2675997912996653E-4,1.2816280740685277E-4,0.001448945409215463,7.607147990228108E-5,0.0013254801499942423,7.164570198417725E-4,2.7809707859619795E-4,1.8271993006865493E-4,1.2470275660974404E-4,0.0016305512863148005,1.2077758617847678E-4,1.0,0.002029533649567775,0.004250915556448757,1.7786117752907764E-4,7.689982460704519E-4,1.5243624912932076E-4,2.3171894889692263E-4,4.846470613644778E-5,0.0025571825124550123,1.055152423577487E-4,1.3013129036271767E-4,1.2496854475157408E-4,1.3467397414780274E-4,4.52362868300287E-4,7.259030599249965E-4,1.720692659851178E-4,1.2961805561403442E-4,6.839208756249671E-5,0.0023889610239475716,0.0016018623092641476,4.2977212214297085E-5,0.005857831781173349,0.006832537684587038],[0.0015714088054905873,8.186557045030066E-4,0.0018609832212953033,0.0024432779101544845,0.0014118791188861353,0.0016842060058195963,0.001900279969572097,9.306089333509479E-4,4.5571247113616675E-4,0.001241677666662193,0.0021679113356427118,0.0014413956466612615,0.002620578549111102,0.0030678336812840984,0.0017525331806516817,0.0019382053059235251,0.0035646683593099013,0.003481812871382247,0.00137204214271391,0.0033887679397590384,0.002251148837569052,0.002148044199410156,0.0011071448576172706,6.622328800691113E-4,0.00364994821229515,0.0018469604426790093,0.002029533649567775,1.0,0.0069373416975524235,0.0012630992205293567,0.003526795646596129,0.0027640619542810448,0.002873157026825043,6.540738867582712E-4,0.0038083357871422866,0.0023982667368516405,0.002849590539792648,0.0019871854172266736,9.376745978545947E-4,0.0030147641936545486,0.002243912441321403,0.0023164297328672127,0.0024153990352268097,0.001860040483685117,0.0025846486183750427,0.003006278441043246,0.0036572586758361965,0.009275635597998075,0.00592563032614434],[9.87507443528259E-4,9.876738212443452E-4,0.0016486849161512405,0.002197784563625049,0.005620381676374761,9.375061267985132E-4,0.004099014353935211,0.004264872057200125,0.00725830816684742,0.003596235149700692,0.006617592583578388,0.005228650789574502,0.0028298872912622397,6.92365636497797E-4,0.0015130881158617567,0.006132536418216725,0.0042953399361109115,0.002951436178355664,0.0021316392530420477,0.005450517349838868,0.005540872050479253,0.006744868875263382,0.007407612244506348,0.003922680009541431,0.005390086284081412,0.0025337166248006237,0.004250915556448757,0.0069373416975524235,1.0,0.0016304140275808653,0.0027087725608770305,0.0024922540701646655,0.003155021793745364,0.00458268288664546,0.0043658210822307055,1.8378310383720714E-4,0.005183403489535042,0.003956040040039294,0.0012802796156302363,0.0023568566964100985,0.005602286656870822,0.005398975585533513,0.0036491753796284443,0.004110630679472023,0.006460724635463333,0.002982566745831561,0.003767487731426857,0.009261335423573656,0.010666144978891918],[2.0054276417357593E-4,1.1026509305187061E-4,5.108279530340107E-4,2.103960775142647E-4,6.89663828405097E-4,1.9898560808751347E-4,2.0430840186336647E-4,1.0532966610141073E-4,1.4136024451160708E-4,8.290139367307102E-4,4.851311319800498E-5,8.534678490777493E-5,1.7754528375910764E-4,2.1357598810694297E-4,7.294154717566927E-4,1.8851046447796948E-4,1.1389478358036859E-4,0.00150574936540684,6.024784742217932E-5,9.61642779543952E-4,7.170627456357203E-4,4.400288089399496E-4,5.891730371483053E-4,1.0927279329725652E-4,0.0011416829162593817,1.4546579372967243E-4,1.7786117752907764E-4,0.0012630992205293567,0.0016304140275808653,1.0,0.0011539543495562637,2.102080484628105E-4,2.19038188243419E-4,5.4607506713114834E-5,3.771557539467143E-4,1.3777897222989053E-4,1.8183205347672174E-4,1.833086109481175E-4,1.9482844066705962E-4,2.9582633918144585E-4,2.533634951330473E-4,7.2741805666765E-4,1.680674885264801E-4,7.0016472191215E-5,7.625493659040258E-4,0.0015862785464952087,9.308419527978818E-5,0.007993001403375801,0.010496825208193929],[4.781942644069794E-4,0.0015363949823973353,0.001488029227974305,0.0010117120231929577,0.001438503698824463,9.413215993271866E-4,0.0010701725413804208,1.2799093961488148E-4,0.0010870649512880093,0.0015713072975471762,1.1204463445937344E-4,0.0015049723709526553,0.0016302459462916113,7.421202500425295E-4,0.0015042959368480138,0.0015578445874664287,0.0013011271441342798,0.0022236715384554595,5.997532911141986E-4,0.0017556193326708496,0.0014291735636924128,0.0015655796860490098,9.048104704713597E-4,0.0012842311560689712,0.0019568867104351687,7.568993646172618E-4,7.689982460704519E-4,0.003526795646596129,0.0027087725608770305,0.0011539543495562637,1.0,0.001337627600586573,9.362625043741788E-4,4.989287503096492E-4,0.0022118818032666474,4.235556405794204E-4,0.00115400545538932,1.5541710337431703E-4,4.0332567087506606E-4,0.0020376853056095477,0.001353878051988926,0.001113191096271747,7.532238712556489E-4,5.674736208537824E-4,0.0016614795828465184,0.0020265552024286617,4.241422065952043E-4,0.003271520435857987,0.004548399898763822],[2.0163475262661377E-4,1.8406143270157527E-4,0.0010028253069670392,2.9522381510096063E-4,5.141089414579464E-4,2.1100568654362862E-4,2.1312205548531995E-4,1.5366405502979384E-4,1.868605035146287E-4,6.249451671706919E-4,2.0238713750876848E-4,1.774184292208453E-4,1.6902397053274962E-4,2.462877819457259E-4,0.0011857746533984678,1.3295112310083882E-4,1.9218309970006315E-5,9.669330610030889E-4,2.0627824154103786E-4,0.002326853474441626,6.01310390723918E-4,9.48378499864177E-4,3.4153394966343186E-4,1.326099191124222E-4,0.0029060930217630334,1.9428834919257628E-4,1.5243624912932076E-4,0.0027640619542810448,0.0024922540701646655,2.102080484628105E-4,0.001337627600586573,1.0,2.2109645193819607E-4,8.334786070155887E-5,0.001943934702308663,2.0349758181970731E-4,2.1310095859719205E-4,1.4897078524399792E-4,2.1399973360503648E-4,0.0015805505348754356,8.821121365249471E-4,3.587732914702304E-4,1.94082274202939E-4,2.0027501761151351E-4,0.0023994352610725534,0.0021957250299172106,2.1275244287260336E-4,0.0022991119048812844,0.00696335766062799],[2.1376003812224843E-4,2.2418605148311052E-4,9.901585332958854E-4,2.774965506193391E-4,4.1750283696101144E-4,2.2667170736965828E-4,2.0921746178147304E-4,9.148079394173684E-5,2.3004024570441806E-4,6.767352406551312E-4,1.5510147681843412E-4,1.1808342390240615E-4,1.7124908431308272E-4,2.3612550654840143E-4,0.0012004081232713697,1.494231341522736E-4,1.1470909836125988E-4,0.001661748972447395,1.8854583074100605E-4,0.002770111141423513,2.8514300447223553E-4,7.094098833321946E-4,5.697456206636743E-4,1.730472966195093E-4,0.0022009057336562976,1.6115644818564352E-4,2.3171894889692263E-4,0.002873157026825043,0.003155021793745364,2.19038188243419E-4,9.362625043741788E-4,2.2109645193819607E-4,1.0,1.4852976313992953E-4,9.532464820449439E-4,1.300652153469136E-4,2.1145127183139483E-4,1.4319677501526407E-4,2.320086341156096E-4,0.001570696195223172,6.223516115614563E-4,8.779214776418515E-4,2.1820525017283895E-4,8.898851143469594E-5,0.0011828344176327617,0.0011766177760168758,1.9502401689680228E-4,0.006583191580723901,0.008315993573131989],[1.4724498735712688E-5,2.3403282958858668E-5,7.529375609133974E-4,1.3983127341025988E-4,3.083777081959976E-5,6.441899595249637E-5,1.74385335486172E-4,1.4370222204575228E-5,2.0655843229425908E-5,1.6941828336215984E-4,1.853221450904189E-5,4.272430573795205E-5,6.961592649805654E-5,1.6583792858974563E-4,6.939615222302488E-4,4.8266200567355796E-5,1.0649061301733882E-5,0.0023464648541189894,3.4473412792828965E-5,7.696704232630274E-4,0.0010316120991212209,1.5311509338860078E-4,3.9769140436598545E-4,4.5779118856158703E-5,0.0013053622252732296,3.654012150893234E-5,4.846470613644778E-5,6.540738867582712E-4,0.00458268288664546,5.4607506713114834E-5,4.989287503096492E-4,8.334786070155887E-5,1.4852976313992953E-4,1.0,0.002254059637508253,9.048594175748016E-5,1.671864901301491E-5,1.06081711374825E-5,1.352528022973356E-4,4.930159222790044E-4,6.735589689051285E-4,5.977026521700033E-4,9.308311271313587E-5,2.683436805228202E-5,8.242434941935382E-4,7.220455336346739E-4,1.5309810260501772E-5,0.001064474264389349,0.009754141273305574],[3.316784678575181E-4,0.0033121242336299193,0.002737019817928522,0.001441042615895552,0.003576486356882366,0.002902053755350708,0.0028117390697897445,0.0036557182816398747,0.0019371247615449613,0.0018601367445558316,0.0015479031637398615,0.0028244446700909282,0.003038230521357826,0.002057928419760087,0.0032441230194789434,4.994258613542268E-4,4.288009537198329E-4,0.003160277227869535,0.0012052224050053011,0.0036774409801558815,0.002864847640013714,0.0038853390071581094,0.0012098000758001203,0.0035271886907120224,0.0038772238096431025,6.318114052234113E-4,0.0025571825124550123,0.0038083357871422866,0.0043658210822307055,3.771557539467143E-4,0.0022118818032666474,0.001943934702308663,9.532464820449439E-4,0.002254059637508253,1.0,0.0025550275716598046,0.002419289433528997,0.0025312780450860144,0.003598489156801274,0.0035987981724222955,0.002669573108139453,0.002563977114748002,5.043768146963676E-4,0.003303820333615799,0.0030262085363380294,0.0035343053696468597,0.0031752091891135924,0.006940451805869455,0.010046398605329819],[1.0808423099855068E-4,9.603006392467381E-5,2.4070841351327602E-4,2.9132060149579086E-4,2.439703856066075E-4,1.2091190360579122E-4,1.7954562028263038E-4,9.6018405411661E-5,1.0406077286749766E-4,7.471877955042735E-4,8.809486930885243E-5,7.572064960633151E-5,1.1609373659319048E-4,1.2100827608575376E-4,4.6939913072165465E-4,1.0383965487272218E-4,7.097766025055044E-5,0.002129054734902741,4.7369150543731615E-5,2.3103237416268043E-4,4.5568318238159585E-4,0.0011386628639191627,3.139489459395538E-4,8.755469027821237E-5,0.0028119030587400286,1.1118411175609499E-4,1.055152423577487E-4,0.0023982667368516405,1.8378310383720714E-4,1.3777897222989053E-4,4.235556405794204E-4,2.0349758181970731E-4,1.300652153469136E-4,9.048594175748016E-5,0.0025550275716598046,1.0,1.1780604962988426E-4,1.0851146348149607E-5,1.257790823396352E-4,2.1528203560494831E-4,2.371068242565495E-4,5.043959111890984E-4,1.0972692468891512E-4,8.528509472477457E-5,0.0015724078575959954,0.001968764934529974,3.1860023817348365E-5,0.008483492947264668,0.006491359086151876],[1.3358310491181564E-4,7.158264123144782E-5,1.5976192801977893E-4,1.3528486178034506E-4,2.20860577147719E-4,1.8133674313174043E-4,1.9920356305140098E-4,1.2055005204901082E-4,1.1724512735692105E-4,6.477474416682534E-4,4.711477949968428E-5,1.1109517918841255E-4,1.2818496501019525E-4,1.2881952565399273E-4,1.5103297605341268E-4,1.1287744674485335E-4,5.65007538760849E-5,0.0024467186599532263,9.511573097644485E-5,8.018588459520374E-4,7.0331035934467E-4,0.0010469864927556934,3.9784318009776585E-4,1.2426536232919912E-4,0.0031653335769943032,1.252078864730285E-4,1.3013129036271767E-4,0.002849590539792648,0.005183403489535042,1.8183205347672174E-4,0.00115400545538932,2.1310095859719205E-4,2.1145127183139483E-4,1.671864901301491E-5,0.002419289433528997,1.1780604962988426E-4,1.0,1.1675112838494866E-4,1.3408862597682583E-4,6.579997560737841E-4,2.9185640272151646E-4,8.339542366765821E-4,1.2771303194351565E-4,5.659953131402571E-5,9.297940117675151E-4,0.002288355112166763,2.836926899243284E-5,0.005809108808331295,4.425100888891752E-4],[1.7261465798214864E-4,1.5210546680500332E-5,0.0010166132722325347,1.8638997906352957E-4,0.0011424559858727121,1.9240074513816863E-4,1.5591171781046797E-4,1.27492154046419E-5,8.048482332846401E-5,8.473459264355675E-5,2.1220432287724802E-5,5.730389535157511E-5,7.939955637565898E-5,9.639075336420119E-5,0.0010945755425581394,7.299135212658584E-5,1.0688649528392573E-5,0.0017503330615356093,1.4234811115299864E-5,0.0010100324514973433,7.363456013368556E-4,2.1705845925021637E-4,3.457358639159672E-4,4.514234064525622E-5,9.451542969185176E-5,5.126893321546839E-5,1.2496854475157408E-4,0.0019871854172266736,0.003956040040039294,1.833086109481175E-4,1.5541710337431703E-4,1.4897078524399792E-4,1.4319677501526407E-4,1.06081711374825E-5,0.0025312780450860144,1.0851146348149607E-5,1.1675112838494866E-4,1.0,1.091536286954E-4,9.796099797683565E-4,2.806382492481346E-4,9.064063041589143E-4,2.2089215644410916E-5,1.4535461370119439E-5,7.965511074296195E-4,0.0014886020740160033,1.0998720313284966E-5,0.004927301635085897,0.003856946264369912],[1.8325611534209858E-4,1.1133677556233025E-4,2.478468405190186E-4,1.5450685119284237E-4,4.3978846250253127E-4,1.7579664189034977E-4,1.8795504757850606E-4,1.273026582149887E-4,1.1259365147571875E-4,6.685810204917892E-4,2.4948838122542284E-5,7.980988315395384E-5,1.2951048027414613E-4,1.3833807715609773E-4,6.443227322456846E-4,1.1073665634303848E-4,1.2700667782741365E-4,0.002606702466535517,1.0521449171634588E-4,9.565715710308773E-4,7.083265181741752E-4,5.872514653792182E-4,2.2758963839097183E-4,1.0344100744934716E-4,4.6013924340090943E-4,1.3504209001851165E-4,1.3467397414780274E-4,9.376745978545947E-4,0.0012802796156302363,1.9482844066705962E-4,4.0332567087506606E-4,2.139997336