[[1.0,0.013862215765777001,0.0040351205951458585,0.0016501495763607589,0.007198217758096819,0.002846081219612387,0.0018067667669411358,0.0034124615693080546,0.011275031924284525,0.014209785472686663,0.019201941048594073,0.011018810936264067,0.016451435482874914,0.010469903354880185,0.009506534099073887,0.022927220812962265,0.012756213999765972,0.00977365499326816,0.02423452697362814,0.004793730357043431,0.003006162811286874,0.010850495085221021,0.02221850512390583,0.0188677492812045,0.019571376314055967,0.022905623423495072,0.006751767877549004,0.014679283042182642,0.02307678256367536,0.004462165543617814,0.011461456334740116,0.017966249123771167,0.021974585716471748,0.01991412194134433,0.013880568990421414,0.008634772378795922,0.02323739104248043,0.011321083313206526,0.01564596081458329,0.008054186541089373,0.013249728021537212,0.01438040434098876,0.017015033040857167,0.017869551203877027,0.01963838990556744,0.01552443967763291,0.012367455995516873,0.01491083183082454,0.017795779130022765,0.018320114793642844,0.012828119560084181,0.01855276703823556,0.022499274206381037,0.0250499859821389,0.02047344060713019,0.007529814463745119],[0.013862215765777001,1.0,0.008502819269489925,0.011994618985826792,0.0024433295816783497,0.0065635956492201076,0.007827997550884968,0.008976422613041652,0.002920034335314983,0.004713399866605087,1.5772296663449394E-4,0.003764381301878823,0.012331851493394233,0.003424038805142202,0.011811832779327795,0.011825215123574616,0.009795970780291223,0.001951900584962914,0.020205936052823174,0.005671684485357886,0.007945334258202104,0.0036962600977699153,0.012136659688781483,0.010196236252330453,0.009463832384176467,0.011812605303210644,0.005386798169590366,0.004186964113873872,0.001483850367874934,0.003906871102933817,0.002902562265669928,0.01245513255498509,0.01822994325830409,0.003710252811106061,0.012687401121600408,0.011560178359241233,0.003365021736072065,0.005695218777671242,3.764377547307165E-4,0.005428307106384744,0.012303311856587168,0.010856956218602632,0.01320621909493728,0.009301009152383443,0.00780421997722527,0.0054492471102838775,0.006077899824179302,0.006009318065307059,0.006447803677787634,0.01070198309622005,0.01060581668163428,0.00603899360604157,0.011728217832499745,0.025131638745114347,0.011067888299819617,0.003754039882321684],[0.0040351205951458585,0.008502819269489925,1.0,0.0010879277325116401,2.0778105889669138E-4,2.3369677394757232E-4,4.357599020645857E-4,4.595001584922315E-4,0.001349036054994793,4.3314131768317426E-4,9.318148778930535E-4,0.0014049985838112762,0.001429535343062087,2.3574116732071802E-4,8.287194529955422E-4,0.008525350582694366,0.002094314003895241,2.0707121577542316E-4,0.02286752044348863,9.775596454691638E-4,9.283863827773205E-4,6.394213482623905E-4,0.0012244688114001572,0.0011232351400071534,0.002007922950889681,0.008814203815486553,6.194604137370299E-4,0.0011061389823802201,0.001018510122965707,0.0010799217052811232,0.0016399521339884838,8.089312416170493E-4,0.004926319064851105,0.0011923998305269263,0.009703278683812802,5.100485211822095E-4,0.001574786961316166,0.00251849545597078,7.311728929749507E-4,4.8321952924348753E-4,0.0010728258142881028,0.001398543943946538,0.010316706590100254,0.0035927358709684654,0.00407802364794757,0.0012846204537068856,0.001056528687977095,9.254491904578453E-4,9.567574203821351E-4,7.29978193800193E-4,9.17490108402275E-5,6.929021421662062E-4,0.0010842945007052958,0.008704292249560496,5.431087884637194E-4,2.0467952987129494E-4],[0.0016501495763607589,0.011994618985826792,0.0010879277325116401,1.0,7.620580205986827E-4,3.759670269196591E-4,2.7244145454823857E-4,9.135412126144241E-4,0.0015110035082022005,5.925391907533389E-4,8.716290902650222E-4,0.0014408163679057728,0.005158104265943256,4.021529490108893E-4,5.452745414652035E-4,0.007878923016784537,0.003393164533392337,3.3105409974314853E-4,0.022566767194368814,8.881823617514305E-4,8.734762151188364E-4,5.456631977506178E-4,0.011427396714942705,0.0012952888611284933,0.0014288440373291195,0.004150517223164814,4.94876467728763E-4,0.0011063028223530498,2.9488709382623386E-4,6.664435114890941E-5,0.0011648393310544959,6.395757443944732E-4,0.018183306451105653,0.0013929723446662687,0.011788353108568801,3.940054074442586E-4,0.0012975258727791629,0.0028743081981254,9.55034469580378E-4,1.7667963494570613E-4,5.090940996702453E-4,0.0013186752685789636,0.011100656594516015,0.0032038243902812093,0.003967684804035474,0.001606273807087018,8.251415596627721E-4,7.176768788996408E-4,2.863483963109204E-4,8.13314063098682E-4,7.649278920490051E-4,4.138460320227172E-5,0.0010853427431964657,0.021696824292616084,9.26050536217807E-4,3.737576858272119E-4],[0.007198217758096819,0.0024433295816783497,2.0778105889669138E-4,7.620580205986827E-4,1.0,2.4674114567699455E-5,1.1807565113564936E-4,2.5613204594906375E-5,0.0019343781993381368,9.502157040037484E-5,2.8954630991669313E-5,4.6519128240729335E-4,0.002750498711833202,4.012342371168672E-5,9.534368939973685E-5,0.004998342152840326,0.0019299329689251373,1.6942335875294653E-5,0.029043630042797863,1.665885781233373E-4,1.380908171349618E-4,7.277821701239024E-5,0.009987744915103734,0.0013389428959411592,0.001859229281989624,2.403423023808029E-4,2.7643309836274425E-4,1.0853361910813883E-4,4.391640455236363E-5,2.506466365587004E-5,0.0017594394852504403,4.449605392641947E-5,0.013057408874815574,1.5053552022712509E-4,0.00920564211260887,1.833663404151568E-4,6.333351546840682E-4,0.0033770677339727724,2.9504148610762592E-5,2.9504105237231595E-5,3.2383753391104824E-5,1.6565039109694643E-4,0.0047052465966390886,0.0013405638400763515,6.359545266113522E-4,6.271423907177366E-4,2.896251277089074E-5,1.1750139310352141E-4,3.6823149373765645E-5,3.7574339676978856E-5,2.9851878554809834E-5,1.745522483226748E-5,2.1433080443599838E-4,0.023378230314784098,1.0844650130814059E-4,2.8954806266129887E-5],[0.002846081219612387,0.0065635956492201076,2.3369677394757232E-4,3.759670269196591E-4,2.4674114567699455E-5,1.0,6.581930471093574E-5,1.8098497886005443E-5,0.0010851893593877666,3.391101817258642E-5,2.8578097258022677E-5,4.799913443932989E-4,0.0029525160833990456,3.478726226312077E-5,2.601396011095809E-4,0.01049439646725025,0.0021441358839888363,1.5801174883153186E-5,0.01735082793067269,2.210389396232688E-5,3.5972868580083476E-4,1.1443221850132621E-4,9.152328026524895E-5,3.877501660350642E-4,0.001999956500340126,0.0066938122426767905,2.596820176008162E-4,0.0010857500391565987,3.347373317347321E-5,1.6580953331581416E-5,9.661389974432112E-4,1.196422694047706E-4,2.905951970790394E-4,4.757120769112324E-4,0.011912882769912989,3.2425505699321876E-4,6.339365431441218E-4,0.004074333812272432,2.1056660806407026E-5,2.1355024192631962E-5,2.9775047912668088E-5,1.8230563516513884E-4,0.011595596566452104,0.002663209769462018,0.001237279700776406,7.383493860084682E-4,1.004472570628184E-4,1.9203883482903905E-4,6.34760945877662E-5,1.7652488882309952E-4,1.915036265857087E-5,1.1452003245930957E-5,7.45080217182791E-4,0.02146541579554712,2.9046576133312556E-4,1.2207607756045894E-5],[0.0018067667669411358,0.007827997550884968,4.357599020645857E-4,2.7244145454823857E-4,1.1807565113564936E-4,6.581930471093574E-5,1.0,3.0161896306913914E-5,0.002115358040671959,1.1831413656171366E-4,9.389051680863794E-5,7.981510639974456E-4,0.001383939017570418,1.1122373695772052E-4,2.2425617205694594E-4,0.0031418919270627993,0.0029566240935397334,8.559221793649275E-5,0.003172452548962405,1.693221348933309E-4,1.8802894964847544E-4,1.975711822706462E-4,0.0094309725217861,9.594411566936406E-4,0.001972533146881061,0.007835924638718532,3.6379873837703695E-4,9.166436889908628E-4,1.2742056479432247E-4,4.754282565430762E-5,0.0013730779702601115,1.3351566120934383E-4,0.01348686367592014,6.669136014879091E-4,0.0045964086686363275,1.7097479642465133E-4,8.648613563838916E-4,0.003638271232351968,4.1033082872824256E-5,1.0376396345368539E-4,1.0747853649541589E-4,3.066377965717977E-4,4.411313453205384E-4,0.007331587756465343,0.004279326907842108,3.855341873701868E-4,1.2957128223440453E-4,1.3526811129875154E-4,1.1491769970498901E-4,1.6896778120637854E-4,9.29965859038607E-5,7.959054738885672E-5,0.0010603800824836563,0.012970877729481071,1.1970632964854981E-4,4.4441834401026704E-5],[0.0034124615693080546,0.008976422613041652,4.595001584922315E-4,9.135412126144241E-4,2.5613204594906375E-5,1.8098497886005443E-5,3.0161896306913914E-5,1.0,6.037428590363327E-4,8.456014212085883E-5,2.7141600502049968E-5,1.7691887430912225E-4,0.005634400060317409,3.502706150207981E-5,3.413049435188915E-5,0.002420731130505349,0.0012520339388058092,1.6169787325728485E-5,0.005552778921978831,2.8317626147525085E-4,1.654229902472145E-4,5.654465318524494E-5,0.0020077243846382594,2.966786116012082E-4,0.0014433989447088407,0.0018235514051309215,2.366446786490124E-4,8.005491896031844E-4,5.797259814713944E-5,1.6982352681118902E-5,0.0017243866162003029,9.962386745290743E-5,0.003083338528382559,4.2139712487514457E-4,0.01202879900669398,3.1964589414336847E-4,0.0017208492986775592,0.004354632865750926,3.0268477303605855E-5,3.250125734416737E-5,3.1462570332752676E-5,1.0172535070833796E-4,0.009838068002847367,0.0012250628347940825,2.879190679952482E-4,0.0015855874019867916,1.0183563681348111E-4,1.613479685986845E-4,3.588899190781891E-5,5.099129982991529E-5,4.030069604006325E-5,1.6164607529793267E-5,6.050901336954246E-4,0.013733992911504603,3.3158523400723277E-4,1.1886946942192702E-5],[0.011275031924284525,0.002920034335314983,0.001349036054994793,0.0015110035082022005,0.0019343781993381368,0.0010851893593877666,0.002115358040671959,6.037428590363327E-4,1.0,9.64037844642235E-4,0.0016401829401958524,0.0021227415510807358,0.005031678012380594,0.0021047993526435767,0.0011311185126671706,0.007153919624366619,0.002985119177567175,9.652254382454857E-4,0.010105443963771193,0.0010395352056291446,8.52172366985024E-4,0.0013204791610477984,0.0063635131412275924,0.0019994033746148533,0.002279522298082665,0.0029350681607506375,0.0010909271231041254,0.001244751251235885,0.0011821594738819793,0.001495977532043163,0.0018542695478411361,9.186757453536686E-4,0.018443815137795715,0.0020329276372880317,0.009457417231507788,0.0010710197925948202,0.002231979261840939,0.003222666427835303,1.5210647990836115E-4,6.584198445195969E-4,0.0016196375998495875,0.0016985267858489015,0.00465592065972238,0.004601258360043922,0.004261720691116681,0.0018951851553209525,0.001983841206769758,0.0015505666327161438,0.0010925200886207377,0.0021301437094251,0.001496726947650368,9.748588682324037E-4,0.00128667456885375,0.012696196557524426,8.629477911431878E-4,9.726782369538433E-4],[0.014209785472686663,0.004713399866605087,4.3314131768317426E-4,5.925391907533389E-4,9.502157040037484E-5,3.391101817258642E-5,1.1831413656171366E-4,8.456014212085883E-5,9.64037844642235E-4,1.0,4.224129003503591E-5,0.0017607924688349528,6.747486093143468E-4,1.041744102980288E-4,2.7250176704176926E-4,0.008853432416329278,0.0035474129864134264,1.5021160193336917E-5,0.02809374182538346,1.7759784405554948E-4,2.6084472157320113E-4,2.0425895360868206E-4,0.002925182708977088,2.8793428473299873E-4,7.946159298537912E-4,0.009796947676001037,1.9285664136960802E-4,3.800109198443022E-4,1.276497047262991E-4,7.379233722145168E-5,3.358877021839116E-4,1.1548026105958294E-4,0.003072122371017442,1.3543433144201113E-4,0.002555398065201202,1.5885733855743487E-4,0.0014188028583345452,4.890459835725611E-4,4.8596612001368454E-5,5.117199417632078E-5,8.647894773936997E-5,3.5633887755257834E-4,0.010736930672297354,4.017461947951367E-4,0.0014226399822631687,0.0013585739702601713,1.5059277348441563E-4,1.5905027742932148E-4,1.1237975568532403E-4,2.0359334031958568E-4,5.443695973188844E-5,8.15845010714521E-5,9.965893407440792E-4,0.0010468495370605266,4.140184551555043E-4,1.0315048225407631E-4],[0.019201941048594073,1.5772296663449394E-4,9.318148778930535E-4,8.716290902650222E-4,2.8954630991669313E-5,2.8578097258022677E-5,9.389051680863794E-5,2.7141600502049968E-5,0.0016401829401958524,4.224129003503591E-5,1.0,5.2481592166189E-4,1.1346572113453404E-4,3.7742158424809586E-5,1.8427950158756288E-4,0.004092600796655838,6.508547103175408E-5,2.1151154487108742E-5,0.028888007406457465,1.1853333911941038E-4,3.678912457170492E-4,1.8477270308762828E-4,0.004421822266691186,4.9720533200874E-4,2.0537859085866656E-4,0.0011591422067929588,1.0867194785649521E-4,0.0010879958413787369,5.1411957540308017E-5,2.2224573493865216E-5,5.819793015561117E-4,1.2374834148888182E-4,0.014463249963722108,4.6329901908692374E-4,0.0010650794917381316,1.5874696808081302E-4,0.002283865213152227,0.00209739295739759,3.332189989980962E-5,3.1808766628220234E-5,2.916700073786371E-5,5.62384531541523E-4,5.274802078673789E-4,1.6214793622627792E-4,1.0379456499382269E-4,1.4668188982379845E-4,2.9024771240313365E-5,4.4184899241194267E-5,4.341933590344601E-5,1.932555321608991E-4,3.4090908760944867E-5,1.710590453039671E-5,4.2520769246455915E-4,0.022195174403618873,4.7541711071427743E-4,2.0732932593615177E-5],[0.011018810936264067,0.003764381301878823,0.0014049985838112762,0.0014408163679057728,4.6519128240729335E-4,4.799913443932989E-4,7.981510639974456E-4,1.7691887430912225E-4,0.0021227415510807358,0.0017607924688349528,5.2481592166189E-4,1.0,0.003404936892374362,7.744582504306513E-4,3.8119889112536005E-4,0.0027479787754150714,0.002055554026264396,0.0013753658502511574,0.022645824730408905,8.764253745676698E-4,0.001781022818784747,4.552915486171848E-4,0.007346560215380632,0.001534888286652956,0.0019853882735060614,0.0023572498416924302,7.322385667889018E-4,0.0018553346966872475,5.256937612247659E-4,4.4480806869128886E-4,0.0019243791072757678,0.0010965362229488386,0.01601232611854147,0.0014246845431146575,0.0037765919406169087,0.001045343764807615,0.0026042290144020095,0.002021597640110494,0.0014603439101540927,6.689732935180916E-5,0.0013044717087663336,0.0016558828593917292,0.006563417595640773,0.0074521948798567566,0.002529537908745085,0.0019091232792177212,0.0011340438516529625,7.338557429799506E-4,8.851650671020806E-4,0.0011703430476503933,8.386794911399026E-4,0.0016053970108953386,0.0018717743493897728,0.008190904424387292,0.001393854245977253,7.314227161250537E-4],[0.016451435482874914,0.012331851493394233,0.001429535343062087,0.005158104265943256,0.002750498711833202,0.0029525160833990456,0.001383939017570418,0.005634400060317409,0.005031678012380594,6.747486093143468E-4,1.1346572113453404E-4,0.003404936892374362,1.0,0.00493424300736041,0.0021083607031005445,0.008849704345398118,0.006592355991007125,0.004186571219710574,0.020869986965582735,0.0047271651068704346,0.004165859658583733,0.005300951215808035,0.008109279330073353,0.0020632443572863052,0.0053496623218006875,0.007579019035174983,0.0010799969376074623,0.0017413194284193608,0.006092463291442338,7.491907966860477E-5,0.0026987947245415405,0.0072366191915322195,0.009288806775798223,0.0067596567094030165,0.0074660289653298096,0.00563686966005176,0.0031734373397571776,0.006768052391104641,0.0024170540748082244,0.002993371196037371,0.004531168310113451,0.0070883268316392955,0.007636409140866972,0.007567201381248358,0.00511173789379982,0.006302880211819953,0.0011254331312451436,0.005000963281353379,0.004578537200967455,0.005132549866503266,0.0010939536993571268,0.00433774841352608,0.0010866576475248339,0.0075618860268102635,0.006264335849499143,0.004376066243348652],[0.010469903354880185,0.003424038805142202,2.3574116732071802E-4,4.021529490108893E-4,4.012342371168672E-5,3.478726226312077E-5,1.1122373695772052E-4,3.502706150207981E-5,0.0021047993526435767,1.041744102980288E-4,3.7742158424809586E-5,7.744582504306513E-4,0.00493424300736041,1.0,4.2168666319842604E-5,0.003365749141490098,0.0013547708213535892,3.836990782473449E-5,0.01890415162058623,5.49449818487653E-5,2.176140322575473E-4,9.155749517277316E-5,0.008896024636847865,9.31987635548236E-5,8.357862452810079E-4,0.0020916935352589213,1.2693385727240747E-4,6.555914898673682E-5,1.1825354192683375E-4,2.0052522804114467E-5,0.0016705525765929696,4.2110744110257246E-5,0.00828432532437154,2.218196058257143E-4,0.011054973954857977,1.274225421743502E-4,0.0012919397772489917,0.0027972621656831287,4.0833979184442425E-5,4.0893695533367815E-5,3.863133586899485E-5,1.7080776023330955E-4,0.005996574174019457,0.005623341286244398,0.0011164963680438617,6.007364798918909E-4,4.751202503217414E-5,1.28726097907737E-4,7.102346390804466E-5,5.63516880274449E-5,4.184007507052112E-5,2.9006540973690926E-5,5.569703343350595E-4,0.002793693191988506,2.341260310658318E-4,1.643475951401954E-5],[0.009506534099073887,0.011811832779327795,8.287194529955422E-4,5.452745414652035E-4,9.534368939973685E-5,2.601396011095809E-4,2.2425617205694594E-4,3.413049435188915E-5,0.0011311185126671706,2.7250176704176926E-4,1.8427950158756288E-4,3.8119889112536005E-4,0.0021083607031005445,4.2168666319842604E-5,1.0,0.003292719851074598,0.0011235920756574812,9.638339921061987E-5,7.573090043642083E-4,3.0730408327109504E-4,3.76521892408663E-4,2.901307312524704E-4,0.010563380237297085,5.378318514056555E-4,8.850340307947973E-4,0.0058158830527097706,3.4153573918528006E-4,8.928464992845814E-4,2.92213985145401E-4,8.628135777672029E-5,0.0012126091725682684,2.876014752697233E-4,0.015486942358617084,0.001130045535976518,0.00683960146919054,3.202917468231888E-4,0.002517889026764608,0.0011975464481330776,1.48986487160798E-4,3.004180598920609E-4,2.997376135936644E-4,9.271956359802912E-4,0.00928935979849821,0.0021191314334424688,0.0037447486104858273,0.0010977335526722032,2.2108593929309834E-4,3.065975904315666E-4,2.7515849931185896E-4,2.6091477517454126E-4,5.8485863642305085E-5,2.471761372192483E-4,7.141736424781172E-4,0.021691078752432934,3.7258426468813E-4,2.800299639220675E-4],[0.022927220812962265,0.011825215123574616,0.008525350582694366,0.007878923016784537,0.004998342152840326,0.01049439646725025,0.0031418919270627993,0.002420731130505349,0.007153919624366619,0.008853432416329278,0.004092600796655838,0.0027479787754150714,0.008849704345398118,0.003365749141490098,0.003292719851074598,1.0,0.007995829884945266,0.007348730680862096,0.013103527309964842,0.0014236079904188183,0.009099104698103438,0.007716060757586225,0.010927617979351201,0.004956434316533247,0.006767453121058248,0.010273749432911811,0.0014702481294716892,0.00431892190995555,0.009449018272965758,0.0036364124535549023,0.00876236769962656,0.005962697295007767,0.011087640430610706,0.003848265234528334,0.012606317714664224,0.003923762378764114,0.008122119039370164,0.007145419155656337,0.0019965548279703236,0.004583933068589929,0.006475443153189014,0.005858113276776564,0.011034611909836907,0.00909800878419148,0.006700783882004865,0.0047598290029651075,0.005553796930184913,0.005853711890126851,0.0017935999615475216,0.007273196575515593,0.006411865747556522,0.007462415339516433,0.005616984361927368,0.013408063064397282,0.0036224904703572062,0.003917410793506091],[0.012756213999765972,0.009795970780291223,0.002094314003895241,0.003393164533392337,0.0019299329689251373,0.0021441358839888363,0.0029566240935397334,0.0012520339388058092,0.002985119177567175,0.0035474129864134264,6.508547103175408E-5,0.002055554026264396,0.006592355991007125,0.0013547708213535892,0.0011235920756574812,0.007995829884945266,1.0,8.820637572347575E-4,0.00916432288513695,0.0024313586607853746,5.968883637782589E-4,0.0012805104219184796,0.005180595407147168,0.0028773425896762555,0.003202941831418513,0.005018222793750744,0.0036281034370592427,0.0035121514237542095,0.002864320477468976,0.002101967122165981,0.0035476917677034273,0.0017588262678087624,0.0052314480611805715,0.0037738440024223225,0.009274525568772785,0.0016687890158105616,0.0036368959760838446,0.004230693687865028,0.0025188313990607506,0.0017029065871870595,0.0036487720803966787,0.002686447132513605,0.013772973298820901,0.006622849287443987,0.00447743406832208,0.003631641416087833,0.0010530537487612784,0.003473761746247595,0.0029364756023061104,0.0016462515401825173,0.002487978228022598,0.0011832804341095355,0.0019887894866492902,0.020692047878500083,0.001051758063730558,0.0010595372239398109],[0.00977365499326816,0.001951900584962914,2.0707121577542316E-4,3.3105409974314853E-4,1.6942335875294653E-5,1.5801174883153186E-5,8.559221793649275E-5,1.6169787325728485E-5,9.652254382454857E-4,1.5021160193336917E-5,2.1151154487108742E-5,0.0013753658502511574,0.004186571219710574,3.836990782473449E-5,9.638339921061987E-5,0.007348730680862096,8.820637572347575E-4,1.0,0.016730354656912357,1.9368340948123228E-5,2.385942001497107E-4,1.0237329259790114E-4,0.00818465361335895,2.60487895719082E-5,0.0022040851541174676,0.00855110200094322,3.130054522133973E-4,7.278065912367898E-4,6.6621891385767E-5,1.1947807175326577E-5,0.0013372579704640582,1.2589603736308465E-4,0.016816417733931246,3.8585529239749234E-4,0.0020745153244561615,9.2364671239903E-5,4.171741335816795E-4,0.004275600902427444,2.774740877829185E-5,3.1133145902740724E-5,2.8906099445141443E-5,3.98154334627632E-5,0.002246846421791587,0.005268559240520363,0.003978182063962682,0.0011706167691380514,5.953149402435659E-5,1.1890951472577774E-4,6.371688294166051E-5,3.2694621519980524E-5,4.10729679907309E-5,1.097232206669022E-5,5.4416663941390475E-5,0.026813867541000493,1.7466824180029236E-4,1.0769428297071289E-5],[0.02423452697362814,0.020205936052823174,0.02286752044348863,0.022566767194368814,0.029043630042797863,0.01735082793067269,0.003172452548962405,0.005552778921978831,0.010105443963771193,0.02809374182538346,0.028888007406457465,0.022645824730408905,0.020869986965582735,0.01890415162058623,7.573090043642083E-4,0.013103527309964842,0.00916432288513695,0.016730354656912357,1.0,0.01158570129517186,0.014091439639638024,0.003352587652748302,0.018645252124677172,0.025897162924862157,0.013535692741263022,0.026130486282854595,6.370930580093419E-4,0.010106919849660407,0.028286469915629497,0.002905878085665548,0.028853767342924476,0.014259106651583555,0.02031267674201785,0.021839003312767457,0.023932986016552686,0.015098634115369122,0.025206748555236625,0.006675931379166082,0.019492898777551507,0.02921698959743176,0.021667240900045407,0.021125950474890732,0.02668084535086369,0.018400547135877833,0.008997884901448684,0.02270735814703193,0.018652257637229934,0.005297497951230391,0.014297047857809225,4.774858810506641E-4,0.0195768109535974,0.01986233130773036,0.017616738172116557,0.02798344896781747,0.02917554590841516,0.029269227397340825],[0.004793730357043431,0.005671684485357886,9.775596454691638E-4,8.881823617514305E-4,1.665885781233373E-4,2.210389396232688E-5,1.693221348933309E-4,2.8317626147525085E-4,0.0010395352056291446,1.7759784405554948E-4,1.1853333911941038E-4,8.764253745676698E-4,0.0047271651068704346,5.49449818487653E-5,3.0730408327109504E-4,0.0014236079904188183,0.0024313586607853746,1.9368340948123228E-5,0.01158570129517186,1.0,3.0559758438978587E-4,2.734248788405659E-4,0.007803079374574907,0.0011602842993878896,7.012548517703132E-4,0.005425122518866189,3.032813260980796E-4,8.018869683155038E-4,1.8809358544236165E-4,2.270643418621948E-4,0.0017354947315813879,1.3566626273569496E-4,0.014528588177968585,8.439245398056506E-4,0.0016716660682169592,3.1869854310443476E-4,9.129968188606339E-4,0.004115785996897631,9.573875984946804E-5,2.7555338921191427E-4,1.0799631030575296E-4,9.285703586415135E-4,0.012447919491716896,4.460657275571461E-4,0.003184665636392738,7.235014746889848E-4,2.544353403619593E-4,2.833758435874797E-4,2.47486315647164E-4,2.713695212759386E-4,1.5063357860747655E-4,2.0788131453862947E-4,0.001075087669045374,0.009257218074064572,3.163523386059434E-4,1.4348657588758357E-4],[0.003006162811286874,0.007945334258202104,9.283863827773205E-4,8.734762151188364E-4,1.380908171349618E-4,3.5972868580083476E-4,1.8802894964847544E-4,1.654229902472145E-4,8.52172366985024E-4,2.6084472157320113E-4,3.678912457170492E-4,0.001781022818784747,0.004165859658583733,2.176140322575473E-4,3.76521892408663E-4,0.009099104698103438,5.968883637782589E-4,2.385942001497107E-4,0.014091439639638024,3.0559758438978587E-4,1.0,3.116252113390796E-4,0.002737141448784568,7.344721862830967E-4,0.0012977896862965646,0.0010677509713009849,3.799582555919797E-4,7.118607345867353E-4,3.763098168019791E-4,2.2543811396208945E-4,0.001024845616194275,1.757261090852143E-4,0.01432468867013643,0.0010714081663227568,0.008919726914499958,3.634509055223655E-4,6.44738993167399E-4,0.001520605236595091,2.9448386636198736E-4,1.5547749636131043E-4,2.790360268211062E-4,0.0013535666547860024,0.002253714250963261,0.005262433936286439,0.0011422002375301628,5.646232275835832E-4,1.653920794427758E-4,2.844365705020875E-4,1.7340217963550327E-4,3.272450474673741E-4,3.4845645140397147E-4,1.6378752415006402E-4,6.908220372266482E-4,0.01695084340485579,4.2863921615123794E-4,4.7597362516616605E-5],[0.010850495085221021,0.0036962600977699153,6.394213482623905E-4,5.456631977506178E-4,7.277821701239024E-5,1.1443221850132621E-4,1.975711822706462E-4,5.654465318524494E-5,0.0013204791610477984,2.0425895360868206E-4,1.8477270308762828E-4,4.552915486171848E-4,0.005300951215808035,9.155749517277316E-5,2.901307312524704E-4,0.007716060757586225,0.0012805104219184796,1.0237329259790114E-4,0.003352587652748302,2.734248788405659E-4,3.116252113390796E-4,1.0,0.004813310584933464,0.0011592073087441225,4.307218571231235E-4,0.001353899180853304,3.3399763691105297E-4,2.654545677822964E-4,1.671033557165433E-4,2.6010027935054616E-5,7.016215014236227E-4,1.603242179469758E-4,0.015561645956144133,7.588796246578062E-4,0.008978221748084454,2.959979141283702E-4,0.0019928495238349976,0.0029738376516374263,2.079812047841898E-4,2.46085337951783E-4,2.3705087848143678E-4,0.0011666352594075938,0.006203759785294472,0.001803142492968968,0.003553374107506564,5.068394107568749E-4,1.7167826513991751E-4,2.1177558506307937E-4,1.6527536470570343E-4,2.277103627775028E-4,9.54408062706905E-5,6.928956147850649E-5,6.490688161142955E-4,0.0077262780575099365,4.655074515576937E-4,1.2727759786707285E-4],[0.02221850512390583,0.012136659688781483,0.0012244688114001572,0.011427396714942705,0.009987744915103734,9.152328026524895E-5,0.0094309725217861,0.0020077243846382594,0.0063635131412275924,0.002925182708977088,0.004421822266691186,0.007346560215380632,0.008109279330073353,0.008896024636847865,0.010563380237297085,0.010927617979351201,0.005180595407147168,0.00818465361335895,0.018645252124677172,0.007803079374574907,0.002737141448784568,0.004813310584933464,1.0,0.0040673107870929535,0.004776519529249375,0.011364653579399277,0.0049565799340124846,0.008250768393721,0.009884336565025097,0.006178639286325108,0.011140300322621689,0.002635038639525019,0.018867857881243337,0.0027818195089021423,0.012625637742312975,0.005950063397486343,0.010156849654083071,0.01116595179775752,0.0028768839255400064,0.0056277778889445,0.008575272479841687,0.0018995415729281598,0.01255909922944243,0.009624276597201935,0.006418151879134455,0.0036665191036744805,0.009823643263103365,0.004125824527117011,0.0022251560814135034,0.0022761485910934376,0.01023863993383481,0.010559820495703648,0.00542163483053072,0.02586452531144589,0.007620973578622709,0.004033250483458877],[0.0188677492812045,0.010196236252330453,0.0011232351400071534,0.0012952888611284933,0.0013389428959411592,3.877501660350642E-4,9.594411566936406E-4,2.966786116012082E-4,0.0019994033746148533,2.8793428473299873E-4,4.9720533200874E-4,0.001534888286652956,0.0020632443572863052,9.31987635548236E-5,5.378318514056555E-4,0.004956434316533247,0.0028773425896762555,2.60487895719082E-5,0.025897162924862157,0.0011602842993878896,7.344721862830967E-4,0.0011592073087441225,0.0040673107870929535,1.0,0.001880557847951598,0.005233956603502524,9.851206653537143E-4,0.001174329570899808,0.0010029480113806506,7.730694344540779E-4,0.0014787466485854008,4.133020784434403E-4,0.002258238632076734,0.001354583867384531,0.0013738131742336587,5.840438848522019E-4,0.002624695991735169,0.0032307402156472255,2.4542056663457774E-4,7.18577822845438E-4,9.416637968183144E-4,0.0013540048888058104,0.005124034519523445,0.0034593510771465013,0.004271475087860829,0.0014240892154556367,9.828694942827015E-4,4.60717191972104E-4,5.276483125973235E-4,0.0011844842459411598,0.001307461064058799,6.280260899576429E-4,0.0013226126045061462,0.0045354372282995995,7.794888518078667E-4,6.382874962559796E-5],[0.019571376314055967,0.009463832384176467,0.002007922950889681,0.0014288440373291195,0.001859229281989624,0.001999956500340126,0.001972533146881061,0.0014433989447088407,0.002279522298082665,7.946159298537912E-4,2.0537859085866656E-4,0.0019853882735060614,0.0053496623218006875,8.357862452810079E-4,8.850340307947973E-4,0.006767453121058248,0.003202941831418513,0.0022040851541174676,0.013535692741263022,7.012548517703132E-4,0.0012977896862965646,4.307218571231235E-4,0.004776519529249375,0.001880557847951598,1.0,0.00311336795791741,0.0021149608665338286,0.0015800930287075755,8.162840006853331E-4,2.5949665080313134E-4,0.0023233458780204733,0.0021903721549988387,0.0037330345486583775,0.002201106704006008,0.00904914516182171,0.002294678125355245,0.002670962180666278,0.002824941535600749,4.43685395119635E-4,0.0016580476713506777,4.06745289001516E-5,0.0022547876648433074,0.009156055937637103,0.002543536573101987,0.004204517783512327,0.0019404620872094025,0.0011756232741466793,0.00135653148257623,0.0024087705214105148,0.0012838279920817522,7.243027643955381E-4,7.062936430814575E-4,0.0018530018583344026,0.018116427791284466,6.402026617008409E-4,0.0022635984748302267],[0.022905623423495072,0.011812605303210644,0.008814203815486553,0.004150517223164814,2.403423023808029E-4,0.0066938122426767905,0.007835924638718532,0.0018235514051309215,0.0029350681607506375,0.009796947676001037,0.0011591422067929588,0.0023572498416924302,0.007579019035174983,0.0020916935352589213,0.0058158830527097706,0.010273749432911811,0.005018222793750744,0.00855110200094322,0.026130486282854595,0.005425122518866189,0.0010677509713009849,0.001353899180853304,0.011364653579399277,0.005233956603502524,0.00311336795791741,1.0,0.0013168938277854211,0.00551489884104062,0.006884068211630647,0.004880686403009261,0.008354569103116737,0.004420552179636452,0.018804873115040165,0.004911956062889564,0.012148980979264989,0.009870640489221769,0.006208299402448387,0.006697195396305996,0.006971215241365568,0.009274039702409446,0.003501597691315486,0.0031597052145378567,0.011656866953301162,0.008896987692818017,0.006170172677800739,0.0078045930994628514,0.008436666549881823,5.078903390930569E-4,0.0020431160450333726,0.004474376128862451,9.556126113665133E-4,0.005318424528101471,0.009710121880930242,0.021162882889310154,0.0016751622557031791,0.004929913059038524],[0.006751767877549004,0.005386798169590366,6.194604137370299E-4,4.94876467728763E-4,2.7643309836274425E-4,2.596820176008162E-4,3.6379873837703695E-4,2.366446786490124E-4,0.0010909271231041254,1.9285664136960802E-4,1.0867194785649521E-4,7.322385667889018E-4,0.0010799969376074623,1.2693385727240747E-4,3.4153573918528006E-4,0.0014702481294716892,0.0036281034370592427,3.130054522133973E-4,6.370930580093419E-4,3.032813260980796E-4,3.799582555919797E-4,3.3399763691105297E-4,0.0049565799340124846,9.851206653537143E-4,0.0021149608665338286,0.0013168938277854211,1.0,7.488462391126449E-4,2.222512481333085E-4,2.977774994458121E-4,6.403432411122647E-4,1.885425067208564E-4,0.01684986547741277,0.0010257792512288705,0.012285379840383779,3.526327257538492E-4,0.0028767020246441457,0.0037102637293414883,7.182026286730148E-5,3.803838712970274E-5,6.65473731031099E-5,4.886886557867097E-4,0.0037235575501072633,0.005316187612635287,0.00368587817754231,5.92915091555191E-4,1.657220373481409E-4,2.604043560454066E-4,2.3040903541520245E-4,2.7979637003366817E-4,3.1258562421228043E-4,1.7055521856929347E-4,4.5065096892993767E-4,0.014823082524160838,4.3867864422972845E-4,1.134659841992513E-4],[0.014679283042182642,0.004186964113873872,0.0011061389823802201,0.0011063028223530498,1.0853361910813883E-4,0.0010857500391565987,9.166436889908628E-4,8.005491896031844E-4,0.001244751251235885,3.800109198443022E-4,0.0010879958413787369,0.0018553346966872475,0.0017413194284193608,6.555914898673682E-5,8.928464992845814E-4,0.00431892190995555,0.0035121514237542095,7.278065912367898E-4,0.010106919849660407,8.018869683155038E-4,7.118607345867353E-4,2.654545677822964E-4,0.008250768393721,0.001174329570899808,0.0015800930287075755,0.00551489884104062,7.488462391126449E-4,1.0,7.997329885842098E-4,3.478202244623966E-4,0.0016213488130087505,3.127954422336188E-4,0.011462819316055351,0.0013270493684561827,0.010807202125365354,8.030566637166846E-4,0.0017259902172600582,0.0015534034187293683,8.978284934059935E-4,7.301308242182179E-4,4.633476722364733E-4,0.001161998734910454,0.006789395513760828,0.005945792140884385,0.003794700138324186,0.001464039999237467,5.21448024852633E-4,4.8764158746339453E-4,8.898259360676138E-4,0.001040620926330221,1.8633819423599017E-4,6.203894183841541E-4,0.0010929243809890022,0.026422384272763083,0.0010603933144187807,3.7136065604774697E-5],[0.02307678256367536,0.001483850367874934,0.001018510122965707,2.9488709382623386E-4,4.391640455236363E-5,3.347373317347321E-5,1.2742056479432247E-4,5.797259814713944E-5,0.0011821594738819793,1.276497047262991E-4,5.1411957540308017E-5,5.256937612247659E-4,0.006092463291442338,1.1825354192683375E-4,2.92213985145401E-4,0.009449018272965758,0.002864320477468976,6.6621891385767E-5,0.028286469915629497,1.8809358544236165E-4,3.763098168019791E-4,1.671033557165433E-4,0.009884336565025097,0.0010029480113806506,8.162840006853331E-4,0.006884068211630647,2.222512481333085E-4,7.997329885842098E-4,1.0,7.240996470105328E-5,6.821298017427781E-4,1.3318963866160508E-4,0.005954086817352197,3.7392708177332273E-4,0.011021077793420809,1.8835526294425244E-4,0.002430332152939635,3.1062282525948606E-4,8.405250712375357E-5,7.121939756664045E-5,1.1698637159363529E-4,0.0011226885084169838,0.011486984242396614,0.0032877118889214473,0.0012981004706704021,7.40625050822414E-4,1.5870985974139533E-4,1.6231345129916766E-4,1.266396486232133E-4,1.518124065712052E-4,1.2274237075648732E-4,1.0779534656555348E-4,3.909006674530024E-4,0.018925684129192055,1.738837194206886E-4,2.8502758621851416E-5],[0.004462165543617814,0.003906871102933817,0.0010799217052811232,6.664435114890941E-5,2.506466365587004E-5,1.6580953331581416E-5,4.754282565430762E-5,1.6982352681118902E-5,0.001495977532043163,7.379233722145168E-5,2.2224573493865216E-5,4.4480806869128886E-4,7.491907966860477E-5,2.0052522804114467E-5,8.628135777672029E-5,0.0036364124535549023,0.002101967122165981,1.1947807175326577E-5,0.002905878085665548,2.270643418621948E-4,2.2543811396208945E-4,2.6010027935054616E-5,0.006178639286325108,7.730694344540779E-4,2.5949665080313134E-4,0.004880686403009261,2.977774994458121E-4,3.478202244623966E-4,7.240996470105328E-5,1.0,0.0011482990623299036,8.086054857133847E-5,0.0049328490142780835,0.0012471550257056483,0.0028379922533675454,1.7601923085779677E-4,6.749071144620079E-4,0.002895473032314313,2.7797133344231556E-5,2.187024045594202E-5,2.4003681218551858E-5,0.0012673060708826764,0.001610916689744008,0.007282680894348224,0.0016800161036319625,0.0014977746044181452,9.117877024363705E-5,1.1001486270882433E-4,4.722746221750239E-5,2.635840008974079E-5,4.113628132895637E-5,1.1553149463181024E-5,6.567600577395041E-4,0.006383481331878015,4.518925311409835E-4,1.2043532625357354E-5],[0.011461456334740116,0.002902562265669928,0.0016399521339884838,0.0011648393310544959,0.0017594394852504403,9.661389974432112E-4,0.0013730779702601115,0.0017243866162003029,0.0018542695478411361,3.358877021839116E-4,5.819793015561117E-4,0.0019243791072757678,0.0026987947245415405,0.0016705525765929696,0.0012126091725682684,0.00876236769962656,0.0035476917677034273,0.0013372579704640582,0.028853767342924476,0.0017354947315813879,0.001024845616194275,7.016215014236227E-4,0.011140300322621689,0.0014787466485854008,0.0023233458780204733,0.008354569103116737,6.403432411122647E-4,0.0016213488130087505,6.821298017427781E-4,0.0011482990623299036,1.0,6.772410267730401E-4,0.01754523906448181,0.001624798753161878,0.00254077740711693,0.001314468540997261,0.0027346389587230248,0.004285513073278144,9.902293050345868E-4,0.0012171398329071366,0.0011455528017565505,0.0017158694978834104,0.005785179159732921,0.004378220245668177,0.0030041289992754853,0.001673063801645893,8.893588895908281E-4,9.723262812340564E-4,2.2341004389584925E-4,0.001173751377497357,1.888955418774208E-4,6.376389350747279E-4,0.0012618906184464784,0.011467710622814972,0.0011664352017772578,0.0014205436341944004],[0.017966249123771167,0.01245513255498509,8.089312416170493E-4,6.395757443944732E-4,4.449605392641947E-5,1.196422694047706E-4,1.3351566120934383E-4,9.962386745290743E-5,9.186757453536686E-4,1.1548026105958294E-4,1.2374834148888182E-4,0.0010965362229488386,0.0072366191915322195,4.2110744110257246E-5,2.876014752697233E-4,0.005962697295007767,0.0017588262678087624,1.2589603736308465E-4,0.014259106651583555,1.3566626273569496E-4,1.757261090852143E-4,1.603242179469758E-4,0.002635038639525019,4.133020784434403E-4,0.0021903721549988387,0.004420552179636452,1.885425067208564E-4,3.127954422336188E-4,1.3318963866160508E-4,8.086054857133847E-5,6.772410267730401E-4,1.0,0.014435342106789137,3.2608636151375205E-4,0.0064160357228589164,2.1512281087363304E-4,0.002718324989553113,0.00224334920109707,1.1515648145729967E-4,7.322783377229656E-5,1.310239255851653E-4,0.0015782297055836187,0.013966673677152132,0.004253543542176126,0.0042710664645819255,3.0745360320730774E-4,1.446588087204587E-4,1.6984171717573417E-4,1.2070912775876728E-4,2.0256913684338896E-4,1.0517440692064972E-4,1.3029923402721336E-4,4.584750643689487E-4,0.02181675452444668,4.2385356901508106E-4,1.2199772489785053E-4],[0.021974585716471748,0.01822994325830409,0.004926319064851105,0.018183306451105653,0.013057408874815574,2.905951970790394E-4,0.01348686367592014,0.003083338528382559,0.018443815137795715,0.003072122371017442,0.014463249963722108,0.01601232611854147,0.009288806775798223,0.00828432532437154,0.015486942358617084,0.011087640430610706,0.0052314480611805715,0.016816417733931246,0.02031267674201785,0.014528588177968585,0.01432468867013643,0.015561645956144133,0.018867857881243337,0.002258238632076734,0.0037330345486583775,0.018804873115040165,0.01684986547741277,0.011462819316055351,0.005954086817352197,0.0049328490142780835,0.01754523906448181,0.014435342106789137,1.0,0.013477064334638238,0.013049199562829608,0.012069015229164117,0.006092960410728885,0.0069846731338943785,0.007660726399119143,0.016246853360633303,0.005459597502592169,0.007264294574174533,0.014305103843881756,0.018336496772111775,0.016709869994493337,0.0027749147655484804,0.004021309344539191,0.014741383439113263,0.007073281932596433,0.004681245301806839,0.013109058211296919,0.0084756010592244,0.007589645542475035,0.020974155214058144,0.009383390443679682,0.014687702783921314],[0.01991412194134433,0.003710252811106061,0.0011923998305269263,0.0013929723446662687,1.5053552022712509E-4,4.757120769112324E-4,6.669136014879091E-4,4.2139712487514457E-4,0.0020329276372880317,1.3543433144201113E-4,4.6329901908692374E-4,0.0014246845431146575,0.0067596567094030165,2.218196058257143E-4,0.001130045535976518,0.003848265234528334,0.0037738440024223225,3.8585529239749234E-4,0.021839003312767457,8.439245398056506E-4,0.0010714081663227568,7.588796246578062E-4,0.0027818195089021423,0.001354583867384531,0.002201106704006008,0.004911956062889564,0.0010257792512288705,0.0013270493684561827,3.7392708177332273E-4,0.0012471550257056483,0.001624798753161878,3.2608636151375205E-4,0.013477064334638238,1.0,0.00622106661484639,9.802155248008673E-4,0.002427272855424545,0.0028896331413312917,0.0013676959929776159,4.949784456682021E-4,4.260431816078557E-4,0.0015532790842165503,0.0066053043754164265,0.004143616725222633,0.002275606982531897,0.0015248415122218351,3.0200624289243854E-4,9.142777700129605E-4,0.0013979134667308126,0.0013857236378255916,7.043512282358771E-4,0.0011064930872164975,0.0011771455167014328,0.023040225909538754,0.001146781978456491,0.001097574368278506],[0.013880568990421414,0.012687401121600408,0.