[[1.0,5.494638429825397E-4,0.009403224847166795,0.0018819557677896897,9.00388690492149E-4,2.7322327575121327E-4,3.8904463396075906E-4,0.0023026860435990397,4.264449230569104E-4,8.984216242576397E-4,0.0011302187075648887,0.001362405284912705,9.815417826385577E-4,1.9398950689147876E-4,2.038346025817163E-4,0.001359631761621068,6.320395268168177E-4,4.891614568014235E-4,0.0014157232162036809,3.75444336924411E-4,1.812330853531288E-4,3.797269753968303E-5,0.0013452209405912519,0.0032225475617000394,0.00842328145131777,5.871659249292189E-4,1.9556111218800484E-4,0.0011103516007727244,2.087697052310415E-4,3.814083160106446E-4,0.0026814368648198647,0.0024612337349664364,3.053833175345935E-4,2.2217303699292E-4,1.182927058683978E-4,3.0749097205760227E-4,6.894595101917143E-4,4.946017522179702E-4,4.242987729356683E-4,0.0040582999465090756,2.8432254200811856E-4,0.0013388799913907705,0.0030478706904629466,0.0010577797631981585,0.002449839283339807,0.004733880401092373,0.028551242604717492,0.0012001953083247514,0.0014559476562882342,0.0022141066524274944,0.00797453636104173,2.4183605327598355E-4,3.128788054903518E-4,0.001099375350376039,0.0022284996147292962,0.008451960628697266,5.191125992355099E-4],[5.494638429825397E-4,1.0,0.014379079537641897,0.0014798337359249636,7.389956968393459E-4,2.623377092236582E-4,1.839401231776027E-4,0.0031056680190443826,5.653246440600755E-4,6.383460269391546E-4,0.001699582683244785,8.857511184618893E-4,8.057942052741534E-4,2.427701558298141E-4,5.392481897637568E-4,7.923682902863534E-4,0.001359511074524927,5.536448269702027E-4,0.0012236283528270601,3.9535351072233246E-4,5.460957612702842E-4,4.2126275017033226E-4,7.36966244513438E-4,0.0018514780473691732,0.004008586241529272,8.480360611523406E-4,2.631152105903522E-4,5.768898789601942E-4,5.325771344898726E-4,1.838915014394486E-4,0.0031779825499438892,0.0022429889509537238,4.180391742246812E-4,5.052328242782907E-4,1.5909255487081878E-4,4.154681158374462E-4,9.742872273016305E-4,5.519405018857328E-4,4.430164595510794E-4,0.005611337439485931,1.8222882443309025E-4,7.319263804665787E-4,0.0019083023882830329,0.0012385133670831281,0.0032552584309107676,0.005140218858247749,0.002007461656149281,7.687803188722849E-4,0.0013463059126443263,0.0016981004847458287,0.020202661704031927,2.469586120589741E-4,3.9614754079498547E-4,0.0054032919635963236,0.0035761387731895414,0.004866625907796654,5.440186176474738E-4],[0.009403224847166795,0.014379079537641897,1.0,0.004986402099959118,0.021309680270176868,0.02023932462192769,0.002486342073246935,0.013500731396278772,0.007655254539062184,0.02144774800023107,0.01849327321445445,0.01228431813740702,0.021590013707603044,0.01599470063436523,0.008324475852025762,0.0017111196949821323,0.015656756419637118,0.0073730895963978055,0.018991051413629795,0.012286001121783206,0.011044649037530337,0.007021208661762127,0.015542305108881365,0.009353583793013565,0.023531057163024595,0.013366644969831806,0.013601169901383985,0.016426992902200177,0.019892248956690013,0.016071173770860144,0.012515379417519491,0.014286838882167072,0.0061150084542479334,0.013753473132969148,0.011733359809921504,0.02038813898383187,0.019820528023719464,0.01852238230477669,1.6116051968045514E-4,0.021084649023897926,0.006908188299412951,0.01570781122066005,0.004233151016830034,0.01206522071349031,0.02200497000560598,0.02315719772894713,0.02349379406626371,0.022520896220481618,0.00570984917031352,0.011954712642003963,0.0235899983745881,0.014097032070144962,0.02302143624787079,0.012702137315776916,0.015185902179048662,0.01492521844311922,0.00419109934161294],[0.0018819557677896897,0.0014798337359249636,0.004986402099959118,1.0,0.0014682573552491985,6.103176295937098E-4,0.0015997796433145338,0.007437553082781422,0.002566416593206574,0.002543460563668672,0.0028627972872694663,0.0029858496940288097,0.0020419382072993557,0.002578077540742735,0.0017929821333784988,0.00287347464678838,0.0028270774128733587,0.00267644267354943,0.0025633815954318948,7.125059122255787E-4,0.0013813840584745456,0.002202085497516368,0.0016709986055653855,0.0033671668788764738,0.022344049344910515,0.0015185866890396623,0.001985874377074817,0.0025498754118899836,0.0010111362394675364,0.001657902327036186,0.003437524557011917,0.0029301293331074627,0.003013885757471931,0.0016835457033813187,6.028265670763089E-4,0.002266692585292591,0.001679267352983647,0.0012933226422263007,6.888172771465756E-4,0.007945974162859859,0.002055741775309249,0.0028630942383350427,0.0030897070366813885,0.0024244361911002826,0.003494975879319476,0.01110883363070683,0.009692029094746413,0.0016928611603733168,0.002878426522650783,0.003075927611854133,0.013140966288243901,0.0021780092605233965,0.0018242957958442612,0.0035447238396812096,0.0035732233384875717,0.003461167068878182,0.0027434231100979117],[9.00388690492149E-4,7.389956968393459E-4,0.021309680270176868,0.0014682573552491985,1.0,8.36395470777313E-4,0.001038714750462227,0.006893694692717951,6.158126041967487E-4,0.0013837475680855654,0.001304376619233948,0.001211572183872103,0.0010806378669223052,0.0010045263769621982,9.665801023992553E-4,0.0011695456467608228,0.0011994926708769776,6.764203139053898E-4,0.0013390296673815862,4.8284402935389026E-4,3.3028771095433256E-5,4.966302587563114E-4,0.001253587888819077,0.0029829474175584294,0.023493399114969137,0.0011621027046336936,3.1077849427606826E-4,0.0017441111212561896,6.174714767331714E-4,1.49634123919999E-4,0.0023684275000649575,0.001434493950260982,8.361643532289214E-4,0.0010323231644943681,6.447475074371613E-4,4.6467202170056735E-4,0.0010709466555122804,6.252299811556987E-4,2.4238757488846338E-4,0.009246822433657176,7.038757697003818E-4,0.0013837828478724347,0.0030611273140012524,0.0011007203046066079,0.003612750995150709,0.0038634788025093715,0.013086784500046163,0.0011674328403149178,0.001265178592538706,0.0025513525157303853,0.005644313985804269,7.311630862030334E-4,3.851725387420571E-5,0.010349137507791968,0.0019008473404621457,0.00904673918161647,5.446483891439109E-4],[2.7322327575121327E-4,2.623377092236582E-4,0.02023932462192769,6.103176295937098E-4,8.36395470777313E-4,1.0,5.5930605184025365E-5,0.0024473389286390167,2.6368581084877514E-5,3.0340146941740595E-4,6.480488372424445E-4,0.0012984236382134404,8.046382001709481E-4,3.3335150852202303E-5,8.721275664827494E-5,7.82008881982138E-4,8.062685009474607E-5,1.6221909056845162E-4,0.0016710799707140944,2.35634332690831E-5,2.5157887649779035E-5,1.7745045995564146E-5,0.0010931811008811057,0.002811234270673563,0.00271248712731733,0.0011475866883055477,8.705870436836452E-5,4.624910674155413E-4,4.960347229406893E-5,2.916733427878798E-5,9.27536060803103E-4,5.885774381041736E-4,1.5735871697242838E-5,2.6679296453199435E-5,2.5079813060708998E-5,1.3181033146534362E-4,7.17284544113257E-4,2.442924431336735E-4,4.443929847073967E-5,0.011203988810014503,3.747633567695941E-5,9.911298702420597E-4,0.0024779481409766733,7.442711920056288E-4,0.0030168322378045184,0.001677861542626637,0.0049819136212880194,4.1662155217719833E-4,5.665034252578858E-4,6.485325970012523E-4,0.006000776903583945,6.833103215454722E-5,2.2780839781887817E-5,0.0023755587390364282,0.0032575323895189224,0.005731585960486743,1.1632327280503554E-4],[3.8904463396075906E-4,1.839401231776027E-4,0.002486342073246935,0.0015997796433145338,0.001038714750462227,5.5930605184025365E-5,1.0,0.00486390590065658,2.2332753074910924E-4,8.301716336665244E-4,0.0018570409150585625,3.2816301813863157E-4,2.489935508154863E-4,1.3426444958197035E-4,1.072405563324534E-4,7.432354413992857E-4,0.0015298965532375872,2.504627725827669E-4,8.737740169558639E-4,1.1396184080974243E-4,1.5260542277368107E-4,1.3508501132224947E-4,0.00146794235073258,0.002188032488602365,0.00588866175121028,2.1768784433651465E-4,1.264169755506177E-4,8.378953564468295E-4,1.3130722096844745E-4,1.0268898459001523E-4,0.0025959073807781917,8.268353493040617E-4,1.5649137457272738E-4,1.6639965615442739E-4,1.622502310165995E-4,2.551964805497959E-4,0.0010057523795547285,2.5726623965216066E-4,1.6507295687788023E-4,0.0027398070662331517,1.640597524765698E-4,8.581238930478981E-4,8.13785846693038E-4,9.050734002120848E-4,0.003139550885513537,0.009643297723919897,0.022218121013321657,5.830693870304594E-4,6.629298685035083E-4,0.0029282780906984976,0.006755764333587311,1.7496731610721258E-4,5.76938216541204E-5,4.6885398084212825E-4,0.0031310803998792535,0.013494767781402881,1.9242667496724417E-4],[0.0023026860435990397,0.0031056680190443826,0.013500731396278772,0.007437553082781422,0.006893694692717951,0.0024473389286390167,0.00486390590065658,1.0,0.007255066300591063,0.009814109064251904,0.0024155343558892963,0.003525917510505676,0.009234291823898733,0.005913203907863644,0.008202342623655845,0.006666425303549345,0.0053301348887186285,0.006794682902799704,0.007717918982677039,0.0055921443958432595,0.005403941630552553,0.0021081140331860805,0.006389811900557447,0.007337132389098694,0.01490395099379909,0.00985776688715317,0.003822997523485363,0.008191174077437116,0.0011410181958748846,0.008632654146814177,0.00938105094184683,0.006101405292542254,0.006460129592639026,0.0017521254121225214,1.8280927506477887E-4,0.008728605117749828,0.008397240077879866,0.008286142228687336,0.0038050386357706112,0.01013917309548669,0.009593798221381358,0.005920440434080012,0.007892175140914531,0.007311193153363274,0.008680775219044083,0.010140060576613852,0.013499506163288013,0.007726134542925963,0.009654719320693433,0.007019034373758131,0.0110335738572356,0.009980717569616828,0.0037581338850518472,0.010768173738345519,0.006447452013468068,0.01244821035154671,0.005223783358877128],[4.264449230569104E-4,5.653246440600755E-4,0.007655254539062184,0.002566416593206574,6.158126041967487E-4,2.6368581084877514E-5,2.2332753074910924E-4,0.007255066300591063,1.0,4.903115572085652E-4,0.0017648965995930939,0.0015989014091568965,0.0013537326981321529,1.7651245934706134E-4,2.5098888790273067E-4,7.4284349949773E-4,0.0010390052409047306,2.6862297451768795E-4,3.5028326641443756E-4,7.96806641477863E-5,7.61634585063562E-5,2.487893191170558E-4,0.0016097652919359468,0.0018465863247067301,0.018215127877257153,6.677916414651732E-4,1.9953114759176717E-4,0.0010428337962681798,1.4099651292742357E-4,1.8392280327542729E-4,0.0023375013766985748,0.0011436464684034101,2.4118356309160984E-4,1.928919585176315E-4,1.3908568502362612E-4,2.831801323362894E-4,4.5644368277537867E-4,4.1670880778421E-4,2.3296633375584014E-4,0.0021448757157033847,1.675641611310114E-4,0.00135609645968407,0.0026328332879039505,5.888036557274501E-4,0.0022555990968984997,0.007782353176140153,0.022852874208282716,9.877235790640637E-4,0.001075301994427495,0.0012463364218182223,0.003938711301023912,2.2797305350357694E-4,9.400407927755181E-5,0.008311896982022553,0.003653950403768211,0.0048215500950719295,2.2379508504994739E-4],[8.984216242576397E-4,6.383460269391546E-4,0.02144774800023107,0.002543460563668672,0.0013837475680855654,3.0340146941740595E-4,8.301716336665244E-4,0.009814109064251904,4.903115572085652E-4,1.0,0.0018776124337713351,0.001742910919574184,0.001410215244205886,0.0015102236190134755,0.0013112330963153018,0.0014353717412998457,0.0016841075016722962,0.0010407809688726577,0.001637704905911154,8.89585723853067E-4,0.001509863606917064,2.8559028640715093E-5,0.0016158953982944786,0.001878253588381075,0.017924815116187612,0.0012917926666287842,3.3659537359017537E-4,0.0017626029467521362,3.5168884321511433E-4,0.0014381480759747113,0.0018532083433071766,0.002487703530150671,0.0012949953751620748,8.943253130607908E-4,9.857861650943453E-4,4.084053685003507E-4,0.0011595779600213317,0.0012168678791567673,2.3733364837132505E-4,0.004988408282170833,9.695909841687874E-4,0.002359361720250427,0.0030581627581688056,0.0013788795011163688,0.003157700740914282,0.012968945503110845,0.028940727490745524,0.0012907467498373632,0.0015408326847619659,0.0028926330019079308,0.02191871626213285,0.0011128715253933069,8.66827456634279E-4,0.005912373121385889,0.002137656716259344,0.009610204050660822,0.001344942553967228],[0.0011302187075648887,0.001699582683244785,0.01849327321445445,0.0028627972872694663,0.001304376619233948,6.480488372424445E-4,0.0018570409150585625,0.0024155343558892963,0.0017648965995930939,0.0018776124337713351,1.0,0.002241686104944169,0.0018806882189245932,3.157746478183877E-4,0.0014386859532575114,0.001846329661192333,0.0018879103332962838,4.686245243224864E-4,0.001825842033275078,8.894544984736827E-4,0.0017082262812196617,0.0013259040502343474,0.0018008011243977236,0.0029546582840841887,0.005320123273073487,0.0014270151001954956,0.0010855655671592344,0.0018948602420754608,4.698785154962331E-4,0.0017913137910298023,0.0021833683657616052,0.0020342876246347134,0.0011120883392465462,0.0016670551478890443,4.979588537582545E-4,0.001780060059837831,0.001258550610133567,0.001668872584736839,0.001067574935062216,0.01220216305581328,0.001285044817619182,0.0022300161390258863,0.0026268402691840744,0.001539210802020994,0.0032646743274051615,0.005590376626073822,0.03698936187549742,0.0018470688183140275,0.0016390987641668577,0.002939260319272197,0.009714559668743843,2.3024853711049997E-4,0.001125585389858388,0.003037817146858163,0.003990233991841988,0.010568691055490083,0.0018315387841302336],[0.001362405284912705,8.857511184618893E-4,0.01228431813740702,0.0029858496940288097,0.001211572183872103,0.0012984236382134404,3.2816301813863157E-4,0.003525917510505676,0.0015989014091568965,0.001742910919574184,0.002241686104944169,1.0,0.0015234337450836422,0.0018224549688576283,7.804385185365318E-4,0.00214959396295011,0.001954189805772192,0.001292492149473829,0.0025263458991594,0.002368090478739355,0.0010531539920793048,0.0025883217649006356,0.0016583724233928691,0.003174651340934742,0.02357556113970781,0.0021980901338100054,0.0015731253326048587,0.0022273015279842497,2.3459402710907212E-4,0.0023702776724387623,0.0030690533391756615,0.002608150007856486,4.026187513906286E-4,0.0016218133905324791,0.001376183649220046,0.0024218799453202813,0.0016011042799023018,0.0015570165328533158,4.1200514415775936E-4,0.00943377841304027,4.767746642471239E-4,0.002443289437269959,0.002703974380679955,0.001548827088224964,0.003269176430720705,0.0032602774880186617,0.0034137029721405428,0.0019072908834142862,0.001615668987427054,0.0029936162754450723,0.02436811959301109,7.186436833343816E-4,0.0025176168502653827,0.007864906608701292,0.003563882614534769,0.005084441919670101,0.0016124962491625185],[9.815417826385577E-4,8.057942052741534E-4,0.021590013707603044,0.0020419382072993557,0.0010806378669223052,8.046382001709481E-4,2.489935508154863E-4,0.009234291823898733,0.0013537326981321529,0.001410215244205886,0.0018806882189245932,0.0015234337450836422,1.0,5.764981908121744E-4,4.1139309000253377E-4,0.0013947441574828421,0.0016356993245477732,0.0013638587116515447,0.0016398725901733318,0.0011380598084258983,0.0010214309808747014,2.150222408190418E-4,0.0015823236156460338,0.0026090667745664814,0.00759590288695878,0.0013113560159935624,0.0010730657587378304,0.001515231121039534,0.0012258056184122567,9.457398894152056E-4,0.0023427669021749303,0.0017188151025603322,0.0010615664468946896,8.683420605265292E-4,5.757397879319448E-4,3.630900136083524E-4,0.0013643352133429596,0.001106510964511643,8.362510488706209E-4,0.002922147437083579,7.69934858168416E-4,0.001825743265195043,0.0019424903105677983,0.0013492791975172173,0.0017072547275256385,0.012649812982649099,0.008702042457270286,0.0012166463595991808,0.0015041047735209778,0.0026920407773480294,0.013869837622327713,0.0013356984235817603,2.6628655178346757E-4,0.009254715177575342,0.0037654270094352373,0.006379951296825937,9.523473418177331E-4],[1.9398950689147876E-4,2.427701558298141E-4,0.01599470063436523,0.002578077540742735,0.0010045263769621982,3.3335150852202303E-5,1.3426444958197035E-4,0.005913203907863644,1.7651245934706134E-4,0.0015102236190134755,3.157746478183877E-4,0.0018224549688576283,5.764981908121744E-4,1.0,1.0714545514489315E-4,8.613998013853221E-4,0.0012079547132035667,1.6478547166224044E-4,0.0013587901239729507,4.5061361694913204E-5,4.2531270301678755E-5,8.929566001925947E-5,0.0014107668940410757,0.003157673734087276,0.014942513770032504,0.0012508032622202394,1.1491762566466913E-4,9.609297800909586E-4,1.0352809074523589E-4,9.196397145283801E-5,0.0027881416530633847,0.001726399899330385,3.924416750363678E-5,1.1118522043456006E-4,6.589187893888311E-5,2.4836570352673926E-4,3.8208924254844195E-4,1.4411366721296675E-4,1.1656538404532196E-4,0.010181706630680616,1.2868005760599446E-4,0.0017380685713917867,4.1778121749215806E-4,4.872393978054199E-4,2.6077099435288726E-4,0.010936872096570922,0.023950697012804535,5.594354684217507E-4,0.0011564839713864646,0.002384977325858602,0.0075328060543422195,1.1726731286740704E-4,8.69327229878841E-5,0.010888169129099966,4.6533100541642293E-4,0.012272119623489732,1.9529291368090086E-4],[2.038346025817163E-4,5.392481897637568E-4,0.008324475852025762,0.0017929821333784988,9.665801023992553E-4,8.721275664827494E-5,1.072405563324534E-4,0.008202342623655845,2.5098888790273067E-4,0.0013112330963153018,0.0014386859532575114,7.804385185365318E-4,4.1139309000253377E-4,1.0714545514489315E-4,1.0,7.097030377678905E-4,7.412136242472619E-4,3.082265340449574E-4,2.84425407637804E-4,3.429950878343565E-5,3.232719075513886E-5,7.06012978761559E-5,3.3692761318463533E-4,0.0018871705091599545,0.007232705555503957,6.50990352849022E-4,1.1443158501271808E-4,0.0014178914237314465,1.0575038541325494E-4,3.388924781842519E-5,4.6118314069988045E-4,0.0020296241886389424,4.489580623379433E-5,1.382240365472516E-4,2.2910451451938542E-5,2.3477092015301975E-4,1.2885814034837678E-4,1.1566341277752992E-4,1.1268288341939366E-4,0.01080668773817277,1.1758981750458866E-4,4.300425448590681E-4,0.0019092901325877775,4.4830249013917353E-4,0.0014952376352287068,0.009923447134585912,0.009863416281235219,0.001065594022912124,7.971776793939252E-4,4.346980708763433E-4,0.007300917974974512,1.0792480962782633E-4,1.694044542579955E-5,0.0067559731564809464,0.004023191184567022,0.012804960454579043,1.6747169543636164E-4],[0.001359631761621068,7.923682902863534E-4,0.0017111196949821323,0.00287347464678838,0.0011695456467608228,7.82008881982138E-4,7.432354413992857E-4,0.006666425303549345,7.4284349949773E-4,0.0014353717412998457,0.001846329661192333,0.00214959396295011,0.0013947441574828421,8.613998013853221E-4,7.097030377678905E-4,1.0,0.0017008169858621477,0.0010472166627185646,0.0016217037125271674,0.0013825986305084407,1.1265844397480313E-4,2.654323426425871E-4,0.001613404715780494,0.002735321810560419,0.0029916735410997625,0.0012828729287058735,1.889532384678408E-4,0.0015567001732532117,4.986272368150229E-4,7.061882520223827E-4,0.0026884305564614137,0.0017999163509328435,0.00122764554834359,6.212639239679266E-4,9.309688956537612E-4,5.212594602169638E-4,0.0013304501613035247,9.896362440762205E-4,9.570485617056545E-4,0.00571914578570873,0.001179984650180797,0.0023054965929418104,0.0026246731707101076,0.001315609422366934,0.0025119633525536415,0.0033508096903050143,0.02095531537880329,0.0013006781764094962,0.0014837475321752868,0.003050100930384385,0.004539548663428072,0.001169856581763831,8.77285444551883E-4,0.011408571591712094,0.004534024901346666,0.012951310294556656,2.9430870273619564E-4],[6.320395268168177E-4,0.001359511074524927,0.015656756419637118,0.0028270774128733587,0.0011994926708769776,8.062685009474607E-5,0.0015298965532375872,0.0053301348887186285,0.0010390052409047306,0.0016841075016722962,0.0018879103332962838,0.001954189805772192,0.0016356993245477732,0.0012079547132035667,7.412136242472619E-4,0.0017008169858621477,1.0,3.9142532663797593E-4,0.0017320586349093095,0.001135196191900623,8.661253360275548E-4,0.0013812763892425326,0.001704436380695552,0.0018995676972346888,0.01856220460542341,0.0015441287425435935,0.0012164578462404482,0.0017389407469660442,0.0016485084597667248,5.007178909695615E-4,0.0020382536729867066,0.002338735301687889,1.1403021582298008E-4,1.3959004179280114E-4,0.0013263798399959117,4.983023467403404E-4,0.001113179932599214,0.001335872279630189,0.0014749341222794646,0.010031767637423772,0.0013905524926326224,0.0023860893584802256,0.002085482863123378,0.0016964177068014765,0.002676636756296683,0.00588718753321479,0.025111627613402687,0.0014291604506837762,0.0017152835098457552,0.002611520661508248,0.0065034673252610115,0.0012825273228144296,0.0014523662270289333,0.005330792152830913,0.00196831142064706,0.007276257154119075,0.0016948918932715418],[4.891614568014235E-4,5.536448269702027E-4,0.0073730895963978055,0.00267644267354943,6.764203139053898E-4,1.6221909056845162E-4,2.504627725827669E-4,0.006794682902799704,2.6862297451768795E-4,0.0010407809688726577,4.686245243224864E-4,0.001292492149473829,0.0013638587116515447,1.6478547166224044E-4,3.082265340449574E-4,0.0010472166627185646,3.9142532663797593E-4,1.0,6.78480888460403E-4,8.281871016311063E-5,2.0632470609681833E-4,5.8965266611013284E-5,7.699138086587557E-4,0.002880678835880322,0.019746494595194147,4.993513785039093E-4,2.479186846918547E-4,0.0011981872702937152,2.1553328715335238E-4,2.3316241384974666E-4,0.0031838819142315164,9.416381508633722E-4,3.0359875437608973E-4,2.804618987548172E-4,8.06153649053632E-5,2.9363413794945224E-4,7.292263750311927E-4,4.0091064665763237E-4,1.6618060762975346E-4,0.010076898849362362,1.587388978507027E-4,0.0017063621473915264,0.0014733864460326714,8.983688321016548E-4,6.116728887901335E-4,0.005390904152258708,0.0026292262187208176,0.0010815234351207194,0.0010300205094815177,0.0018745060265530702,0.0014731492290883592,3.137052654137192E-4,2.0987143534492565E-4,0.005010438892281474,0.0034568790074409684,0.006797444190161332,2.789498312036687E-4],[0.0014157232162036809,0.0012236283528270601,0.018991051413629795,0.0025633815954318948,0.0013390296673815862,0.0016710799707140944,8.737740169558639E-4,0.007717918982677039,3.5028326641443756E-4,0.001637704905911154,0.001825842033275078,0.0025263458991594,0.0016398725901733318,0.0013587901239729507,2.84425407637804E-4,0.0016217037125271674,0.0017320586349093095,6.78480888460403E-4,1.0,0.0012109647324104857,0.0014100354057467901,0.001104284649939772,0.001691151792854422,0.0024608993171343413,0.022568862188272802,0.0013513039830928362,0.0010848766573003995,0.001738707467400203,9.051033477771391E-4,0.0011514046766661708,0.0031486734324097506,0.0024327855927434457,8.257589731952325E-4,9.202068024199978E-4,0.0016181779893778554,0.0016365140815242606,0.0017205818147961525,0.0016798207060421896,0.0010622012125625926,0.002378630056303836,6.977458985059055E-4,0.0019839328391640836,0.002405979094677396,0.001569162700991602,0.0030085926171296374,0.006370884145416062,0.03147098521265819,0.0015944475301038386,0.001535680132325363,0.0018153485486356198,0.013125327767281791,2.8837039006793653E-4,0.0012709057179503686,0.011048460082731991,0.0034077688638672137,0.013261998941478562,0.0011717331720247008],[3.75444336924411E-4,3.9535351072233246E-4,0.012286001121783206,7.125059122255787E-4,4.8284402935389026E-4,2.35634332690831E-5,1.1396184080974243E-4,0.0055921443958432595,7.96806641477863E-5,8.89585723853067E-4,8.894544984736827E-4,0.002368090478739355,0.0011380598084258983,4.5061361694913204E-5,3.429950878343565E-5,0.0013825986305084407,0.001135196191900623,8.281871016311063E-5,0.0012109647324104857,1.0,2.3765290772579917E-5,1.4757702627389194E-5,9.418009243587602E-5,8.282248567294728E-4,0.012785659799639694,5.810195946072824E-4,7.01456693454113E-5,0.0015353492606250258,3.293553789859618E-5,2.290033614752976E-5,0.0012096719040844293,0.002205080429432771,1.3437261176726439E-5,1.2842877345439497E-4,1.3147242283174957E-5,1.1711766463042162E-4,5.478442277305325E-4,2.7017803466290383E-4,5.275191038325341E-5,0.0028423502484437686,9.903699881926943E-5,4.7870066093224647E-4,0.002534415739171067,3.825707233347669E-4,0.0020035467801679196,0.01102742921092251,7.964436475155872E-4,9.037186403369356E-4,0.0011890011353298978,0.0017432534462440195,0.004778326326405249,1.0070175631452358E-4,1.1939155639439991E-5,0.01095630069330022,0.0015817059559016771,0.005642106749398809,1.1757254214311209E-4],[1.812330853531288E-4,5.460957612702842E-4,0.011044649037530337,0.0013813840584745456,3.3028771095433256E-5,2.5157887649779035E-5,1.5260542277368107E-4,0.005403941630552553,7.61634585063562E-5,0.001509863606917064,0.0017082262812196617,0.0010531539920793048,0.0010214309808747014,4.2531270301678755E-5,3.232719075513886E-5,1.1265844397480313E-4,8.661253360275548E-4,2.0632470609681833E-4,0.0014100354057467901,2.3765290772579917E-5,1.0,2.2011948304412982E-5,0.0010051015460399073,6.231156851713807E-4,0.01746512557226427,1.601207906503442E-4,7.663969297053803E-5,0.0010823628406405451,6.565472743260271E-5,2.8650900441989375E-5,5.971455979160987E-4,7.719683717622713E-4,1.8028010792389847E-5,1.0886671436765512E-4,2.015551224912091E-5,1.4883122815095598E-4,3.1791450508547424E-4,1.8630004899219114E-4,5.5162699902545315E-5,0.005699617220936695,2.9160078578701683E-5,1.1426967736202743E-4,0.0026934394668965108,9.310379216034701E-5,0.0019548288580313452,0.010329588308716903,0.0023556148671391355,5.997146223060581E-4,7.57667348721824E-4,6.874123951728555E-4,0.007800948097262442,7.775393880396011E-5,2.2859416586847286E-5,0.00375357138084125,0.003639324738568878,1.5941923483009854E-4,9.97370861022776E-5],[3.797269753968303E-5,4.2126275017033226E-4,0.007021208661762127,0.002202085497516368,4.966302587563114E-4,1.7745045995564146E-5,1.3508501132224947E-4,0.0021081140331860805,2.487893191170558E-4,2.8559028640715093E-5,0.0013259040502343474,0.0025883217649006356,2.150222408190418E-4,8.929566001925947E-5,7.06012978761559E-5,2.654323426425871E-4,0.0013812763892425326,5.8965266611013284E-5,0.001104284649939772,1.4757702627389194E-5,2.2011948304412982E-5,1.0,7.249794239049444E-4,0.003374629434598466,0.014050508127352068,7.581105111372668E-4,4.07047832833197E-5,1.8825173629989989E-4,8.136913995288557E-5,1.5856535554295103E-5,0.0016045758919302324,7.388534823424176E-4,1.4802718146074976E-5,8.086368596909748E-5,1.637686993228057E-5,6.313675707113572E-5,6.519370465470076E-4,1.438453748960587E-4,1.1826569383430286E-4,0.0028244572602861297,1.363920368493975E-4,0.0022189159174228093,3.639484912077866E-4,3.9833489955421066E-4,6.985626429901515E-4,0.003682970398293301,0.012764132678846834,8.655219681965501E-4,1.3201909123104202E-4,0.0013153205162986714,0.022846910083523506,2.0681456314272925E-5,1.1253181615556912E-5,0.0076763566939301395,0.00203775805503411,0.006373516088508616,1.3335903865949474E-4],[0.0013452209405912519,7.36966244513438E-4,0.015542305108881365,0.0016709986055653855,0.001253587888819077,0.0010931811008811057,0.00146794235073258,0.006389811900557447,0.0016097652919359468,0.0016158953982944786,0.0018008011243977236,0.0016583724233928691,0.0015823236156460338,0.0014107668940410757,3.3692761318463533E-4,0.001613404715780494,0.001704436380695552,7.699138086587557E-4,0.001691151792854422,9.418009243587602E-5,0.0010051015460399073,7.249794239049444E-4,1.0,0.0028400924069159,0.017001791055073493,0.0013013310361210506,0.0012741776235523025,0.0017929027272460736,5.135067071497722E-4,0.0011236748534684466,0.002369525034615607,0.002060682902583604,5.966006008716147E-4,6.195833671700608E-4,0.0010847225711682641,6.112335233237451E-4,0.0012053491993196117,0.0015613139550905665,3.838930411261433E-4,0.007268928665024918,0.0011811614592860827,0.0022623551601369907,0.0019360751404114266,0.0012881468472037913,0.0027796449613366305,0.011291940530971364,0.02680456990466516,0.0013895467038563527,0.0016118726514119165,0.0027620262773281317,0.023052647481924014,0.001593389294953194,0.0010083692611690348,0.004887265276210223,0.0016598768467300348,0.012154978193297307,0.0015722628472203573],[0.0032225475617000394,0.0018514780473691732,0.009353583793013565,0.0033671668788764738,0.0029829474175584294,0.002811234270673563,0.002188032488602365,0.007337132389098694,0.0018465863247067301,0.001878253588381075,0.0029546582840841887,0.003174651340934742,0.0026090667745664814,0.003157673734087276,0.0018871705091599545,0.002735321810560419,0.0018995676972346888,0.002880678835880322,0.0024608993171343413,8.282248567294728E-4,6.231156851713807E-4,0.003374629434598466,0.0028400924069159,1.0,0.010629984396420968,0.0027745074725058615,4.317323228817636E-4,0.002591912593183471,0.0033684720707954532,0.0013813953802070465,0.0035098062557768813,0.0033130587978515897,0.0016017580180339086,0.0016612003850092376,0.0032878936965151195,3.715948577479145E-4,0.0015502816466864073,0.0020659895114994564,0.0011404776778669882,0.008942313832813293,0.002924152195771658,0.002528082859461065,0.003363862313385099,0.001709750648254881,0.003533118542254898,0.004137716953006375,0.03456684115552478,0.0014133225780229223,0.001602802433099934,0.003259454904437936,0.015869613902285223,7.176822202477114E-4,0.002700420335401137,0.009991499449836006,0.004680900252589781,0.013639093692004684,0.003012064623378202],[0.00842328145131777,0.004008586241529272,0.023531057163024595,0.022344049344910515,0.023493399114969137,0.00271248712731733,0.00588866175121028,0.01490395099379909,0.018215127877257153,0.017924815116187612,0.005320123273073487,0.02357556113970781,0.00759590288695878,0.014942513770032504,0.007232705555503957,0.0029916735410997625,0.01856220460542341,0.019746494595194147,0.022568862188272802,0.012785659799639694,0.01746512557226427,0.014050508127352068,0.017001791055073493,0.010629984396420968,1.0,0.01752627436912339,0.020194046464503637,0.004572057084170842,0.007073187619323456,0.006031860352455629,0.023544228004686436,0.012749631922392304,0.008546336455627076,0.005190089115935509,0.020765646538182428,0.006007408920857147,0.0032351455216361475,0.022321233740544573,0.018250490605120323,0.023223710710916935,0.004355262084408762,0.021813682139632678,0.016231001304292437,0.002059325125294856,0.014295736144333309,0.023043772481779655,0.02626616610098874,0.003215941425421695,0.0193250741449855,0.014634938361777726,0.02388014586109914,0.02238454316114377,0.009969988713902624,0.01811559528579901,0.005572563505624228,0.022868257093448502,0.02338502398304476],[5.871659249292189E-4,8.480360611523406E-4,0.013366644969831806,0.0015185866890396623,0.0011621027046336936,0.0011475866883055477,2.1768784433651465E-4,0.00985776688715317,6.677916414651732E-4,0.0012917926666287842,0.0014270151001954956,0.0021980901338100054,0.0013113560159935624,0.0012508032622202394,6.50990352849022E-4,0.0012828729287058735,0.0015441287425435935,4.993513785039093E-4,0.0013513039830928362,5.810195946072824E-4,1.601207906503442E-4,7.581105111372668E-4,0.0013013310361210506,0.0027745074725058615,0.01752627436912339,1.0,2.9623876500415344E-4,0.0016086118873048754,2.2551557136873919E-4,4.752312351660883E-4,0.0033751558333097705,0.0020459864885295355,4.796234806880785E-4,2.2752361349319568E-4,0.0012722597464285878,3.248921192424954E-4,0.0011933896069251109,5.608175761615605E-4,5.131957219169882E-4,0.011638647266966893,3.861644652355663E-4,0.0019352032691368043,0.0027239382548119345,0.0012761230766773957,0.0019898067673239503,0.001700524195559638,0.03464165185818263,0.0012490506022460027,0.0013872666202266936,0.002442310518221037,0.0035054799303699214,0.0011091423338469425,0.00109731192443905,0.01068492164051207,0.0031625575375154855,0.01337425410817916,6.491421502265171E-4],[1.9556111218800484E-4,2.631152105903522E-4,0.013601169901383985,0.001985874377074817,3.1077849427606826E-4,8.705870436836452E-5,1.264169755506177E-4,0.003822997523485363,1.9953114759176717E-4,3.3659537359017537E-4,0.0010855655671592344,0.0015731253326048587,0.0010730657587378304,1.1491762566466913E-4,1.1443158501271808E-4,1.889532384678408E-4,0.0012164578462404482,2.479186846918547E-4,0.0010848766573003995,7.01456693454113E-5,7.663969297053803E-5,4.07047832833197E-5,0.0012741776235523025,4.317323228817636E-4,0.020194046464503637,2.9623876500415344E-4,1.0,0.001012752463699831,1.0866926740625564E-4,1.0634968616874237E-4,0.0024625190257953735,2.445529428004121E-4,2.7614729469364677E-5,1.2510532039268477E-4,6.162468532110533E-5,2.3985842676532205E-4,8.170759075001096E-4,4.3459066914180387E-4,1.1593407727574222E-4,0.0031084096326972686,1.2391542263390573E-4,0.0019355959484594627,0.0022380571482956612,4.016401149471558E-4,0.0035885101146773376,0.004783686426663942,0.015203474386379024,9.789875590974445E-4,2.444073864202029E-4,8.845034502224479E-4,0.008642994127978532,1.5973210982405815E-4,4.276278380491059E-5,0.0070404220728013155,0.0029152959850403367,0.0034476224963946255,1.5964444303614203E-4],[0.0011103516007727244,5.768898789601942E-4,0.016426992902200177,0.0025498754118899836,0.0017441111212561896,4.624910674155413E-4,8.378953564468295E-4,0.008191174077437116,0.0010428337962681798,0.0017626029467521362,0.0018948602420754608,0.0022273015279842497,0.001515231121039534,9.609297800909586E-4,0.0014178914237314465,0.0015567001732532117,0.0017389407469660442,0.0011981872702937152,0.001738707467400203,0.0015353492606250258,0.0010823628406405451,1.8825173629989989E-4,0.0017929027272460736,0.002591912593183471,0.004572057084170842,0.0016086118873048754,0.001012752463699831,1.0,0.0013123379215450744,7.244263035292544E-4,0.002179343432621227,0.0019281298616101374,0.0012914969160727023,4.6467131575814863E-4,0.0017744883925246008,0.0015258156424055992,0.0017927807212314208,0.0017325493855819669,7.414609571334483E-4,0.004418200122960737,6.344927640319184E-4,0.0024056188751358106,0.003034557303032811,0.0016309652115255805,0.002283809725316289,0.006430038776355319,0.013094421399598929,0.0017506989863646783,0.0016268710269500366,0.0029436886027640287,0.013325843610823071,0.0014583376920699776,0.0016314483792598709,0.0040740115512114886,0.002562005987866781,0.012173061701449786,0.0015482800731097543],[2.087697052310415E-4,5.325771344898726E-4,0.019892248956690013,0.0010111362394675364,6.174714767331714E-4,4.960347229406893E-5,1.3130722096844745E-4,0.0011410181958748846,1.4099651292742357E-4,3.5168884321511433E-4,4.698785154962331E-4,2.3459402710907212E-4,0.0012258056184122567,1.0352809074523589E-4,1.0575038541325494E-4,4.986272368150229E-4,0.0016485084597667248,2.1553328715335238E-4,9.051033477771391E-4,3.293553789859618E-5,6.565472743260271E-5,8.136913995288557E-5,5.135067071497722E-4,0.0033684720707954532,0.007073187619323456,2.2551557136873919E-4,1.0866926740625564E-4,0.0013123379215450744,1.0,5.7773357259970506E-5,0.0029511617172748757,3.624274365540345E-4,8.052577179343494E-5,1.3387325080979718E-4,3.073778516769604E-5,1.3348952303757493E-4,9.389932327893661E-4,4.254472194978213E-4,1.0758307210295809E-4,0.012598316481870965,1.366560683208683E-4,6.547105239376261E-4,1.0662637632145167E-4,8.6287807589179E-4,0.0010411925470835129,0.007805852222449858,0.028961283576874216,2.691598718370242E-4,0.0011001225154736686,0.0030269590360467408,0.009515055707818632,1.4798717664240088E-4,4.356671999124563E-5,0.010786486489344396,0.0038910269283187167,0.004297307367071706,1.877490116173479E-4],[3.814083160106446E-4,1.838915014394486E-4,0.016071173770860144,0.001657902327036186,1.49634123919999E-4,2.916733427878798E-5,1.0268898459001523E-4,0.008632654146814177,1.8392280327542729E-4,0.0014381480759747113,0.0017913137910298023,0.0023702776724387623,9.457398894152056E-4,9.196397145283801E-5,3.388924781842519E-5,7.061882520223827E-4,5.007178909695615E-4,2.3316241384974666E-4,0.0011514046766661708,2.290033614752976E-5,2.8650900441989375E-5,1.5856535554295103E-5,0.0011236748534684466,0.0013813953802070465,0.006031860352455629,4.752312351660883E-4,1.0634968616874237E-4,7.244263035292544E-4,5.7773357259970506E-5,1.0,0.0031540795060033236,1.6749496482553334E-4,3.052778842802985E-5,1.0954928438542503E-4,2.035920453411391E-5,8.296276193334661E-5,5.566800705955394E-4,7.227911306341065E-5,5.231629888146901E-5,0.010093138222437936,9.078698999613133E-5,0.002383813636638466,0.0010996583127234165,8.289359027757938E-4,0.003561023529518141,0.010311342086809045,0.014787087711329685,2.309903297790811E-4,3.9398974773613353E-5,0.002700819608101291,0.017150655857729978,1.5890343200314342E-4,1.0321605582681667E-5,0.006250816695616915,0.004756505792653641,0.008977430919780939,1.6688590050479128E-4],[0.0026814368648198647,0.0031779825499438892,0.012515379417519491,0.003437524557011917,0.0023684275000649575,9.27536060803103E-4,0.0025959073807781917,0.00938105094184683,0.0023375013766985748,0.0018532083433071766,0.0021833683657616052,0.0030690533391756615,0.0023427669021749303,0.0027881416530633847,4.6118314069988045E-4,0.0026884305564614137,0.0020382536729867066,0.0031838819142315164,0.0031486734324097506,0.0012096719040844293,5.971455979160987E-4,0.0016045758919302324,0.002369525034615607,0.0035098062557768813,0.023544228004686436,0.0033751558333097705,0.0024625190257953735,0.002179343432621227,0.0029511617172748757,0.0031540795060033236,1.0,0.0027527559612980047,0.0025298599013617723,9.681240346230436E-4,0.0014423458316741935,0.0022707569776743604,0.0031971548216214807,0.00245310275450678,8.751064415400924E-4,0.012786351139652721,0.001202004477356554,0.003228834557146139,0.003518418999191898,0.002477998872170689,0.003654218565338554,0.011598610172485299,0.03738002736965279,0.002518702446205278,0.0027521913621307787,0.0032681744737653676,0.013068961964896247,0.0033467503338523866,0.0011747069624103666,0.007083564992530439,0.0036777471948469293,0.008699803984586776,0.0034979632319487577],[0.0024612337349664364,0.0022429889509537238,0.014286838882167072,0.0029301293331074627,0.001434493950260982,5.885774381041736E-4,8.268353493040617E-4,0.006101405292542254,0.0011436464684034101,0.002487703530150671,0.0020342876246347134,0.002608150007856486,0.0017188151025603322,0.001726399899330385,0.0020296241886389424,0.0017999163509328435,0.002338735301687889,9.416381508633722E-4,0.0024327855927434457,0.002205080429432771,7.719683717622713E-4,7.388534823424176E-4,0.002060682902583604,0.0033130587978515897,0.012749631922392304,0.0020459864885295355,2.445529428004121E-4,0.0019281298616101374,3.624274365540345E-4,1.6749496482553334E-4,0.0027527559612980047,1.0,3.422315845483302E-4,0.002443531022585985,9.526634093148907E-4,0.0017491611336402629,0.002480784753720747,0.002434897915435124,0.0023856945293414564,0.012151695025811789,3.904997705148696E-4,0.0024997053662100845,0.0030160210603003674,0.00253578185422119,0.0034247894876718987,0.007323922346265284,0.017465361319970403,0.0018554921732740828,0.0022162878497198326,0.003189925736922277,0.006977684622152284,6.770243322728087E-4,0.0015615381272558705,0.0029303480225666987,0.0033111317827462998,0.004550387990904179,2.52961983852043E-4],[3.053833175345935E-4,4.180391742246812E-4,0.0061150084542479334,0.003013885757471931,8.361643532289214E-4,1.5735871697242838E-5,1.5649137457272738E-4,0.006460129592639026,2.4118356309160984E-4,0.0012949953751620748,0.0011120883392465462,4.026187513906286E-4,0.0010615664468946896,3.924416750363678E-5,4.489580623379433E-5,0.00122764554834359,1.1403021582298008E-4,3.0359875437608973E-4,8.257589731952325E-4,1.3437261176726439E-5,1.8028010792389847E-5,1.4802718146074976E-5,5.966006008716147E-4,0.0016017580180339086,0.008546336455627076,4.796234806880785E-4,2.7614729469364677E-5,0.0012914969160727023,8.052577179343494E-5,3.052778842802985E-5,0.0025298599013617723,3.422315845483302E-4,1.0,6.65580628961227E-5,1.5796416609473664E-5,2.201431291275968E-4,4.3408490115953767E-4,3.090213591506956E-4,3.044705968845525E-5,0.009970918417439521,2.265617774475496E-5,2.540476912067474E-4,0.002484464924241599,6.035734702625728E-4,0.0013928872604788702,0.0067970988171478786,0.01108064417046517,2.2540674778696518E-4,0.001295541697536896,0.0026406588022011524,0.01087310530805905,6.149916419124909E-5,1.1107572202670773E-5,2.714547472730053E-4,0.0049237698945862685,0.0037837454652888697,1.2301010373605686E-4],[2.2217303699292E-4,5.052328242782907E-4,0.013753473132969148,0.0016835457033813187,0.0010323231644943681,2.6679296453199435E-5,1.6639965615442739E-4,0.0017521254121225214,1.928919585176315E-4,8.943253130607908E-4,0.0016670551478890443,0.0016218133905324791,8.683420605265292E-4,1.1118522043456006E-4,1.382240365472516E-4,6.212