[[1.0,8.960725976563025E-5,1.3647232858244804E-4,0.0020722348051841625,0.0015538022269393924,1.2441905032025064E-4,6.657828606201015E-5,1.0420269639575896E-4,2.81929151628075E-4,5.079400379232277E-4,3.65612271752053E-4,9.956772448926756E-5,7.020400410759548E-4,1.0420524402109059E-4,4.4326435338017383E-4,0.0011564130736078303,1.0806205701564337E-4,0.0011801610802184422,3.454058578805442E-4,5.596475590513255E-5,1.0968375719830776E-4,2.0605671893959675E-4,1.7771671748259823E-4,4.5561975409778304E-5,1.0853001224304918E-4,0.00104226496810493,1.080530256493977E-4,4.895835577987742E-4,0.030562465117803285,1.5312254922509303E-4,2.0130603650902275E-4,9.113112240927121E-5,9.075728481643527E-5,1.0790723356888271E-4,0.0038242598325255108,0.0013027833144050262,1.2664048393586536E-4,0.00610914976125899,1.0347794895818705E-4,0.002363663970432396,1.8220929540729985E-4,1.0849335346819607E-4,1.9188395965850723E-4,0.010507900087563549,0.0013435397156444109,0.0019374036072361631,3.3513721649923286E-5,1.8451273491596054E-4],[8.960725976563025E-5,1.0,1.2701179287855985E-4,0.0017647463104403863,2.6103083649880364E-4,1.35672872847838E-4,1.8498156202859574E-5,1.024723699023153E-4,3.4552638326490313E-4,5.68535310563197E-4,4.028722176206828E-5,1.775808237362684E-5,2.9434120674733306E-4,6.440383337115113E-5,2.2779769506496317E-4,3.5647912673699155E-4,1.120490308366604E-4,0.008951764332293248,3.7719866704022576E-4,2.0251613977843904E-5,3.173521098577339E-5,1.5252191743065242E-4,7.384106970692644E-4,1.6951920571028668E-5,8.57923160989989E-5,4.025484298509013E-4,7.88031651353504E-5,9.765526931272605E-5,0.0495770447761381,8.253561316589671E-5,1.0383582383675344E-4,2.6359394582725343E-5,1.5176317503216218E-5,3.435240220456718E-5,2.1267874338019128E-4,1.8928731107531943E-4,3.520056537615345E-5,0.004071486264804012,9.47812311396918E-5,0.0024855128103251863,1.8359794589656436E-4,1.1241159780326482E-4,0.0014347910785946797,8.362357201274565E-5,0.001593799896938732,0.002445655098645984,1.3204826982421915E-5,1.427807511252226E-4],[1.3647232858244804E-4,1.2701179287855985E-4,1.0,2.913631694189511E-4,0.0025451259294050005,2.1570169028328116E-4,8.985895928457095E-5,1.2204082911792566E-4,3.292502540902607E-4,3.6545656628570643E-4,2.3345387075964796E-4,1.0581973849107902E-4,8.941715363281287E-4,1.2424066374547163E-4,5.915363746238266E-4,3.3237572414812345E-4,1.4254505270933974E-4,0.0086349483997809,3.4436134190895444E-4,6.333980497038226E-5,1.183212436819032E-4,2.522971686028039E-4,0.0011528702750584,1.3583102661495557E-4,1.4865799021148365E-4,3.447459796198179E-4,1.2911921636224222E-4,3.5729492103176764E-4,0.03441622929323964,2.968025920035899E-4,2.0898444653614097E-4,7.863312911526415E-5,6.513023522485174E-5,1.3850736180553286E-4,0.0031028677057245834,0.0016130606479213565,1.5441330729888225E-4,0.001805541694951755,1.0626305574328364E-4,0.00431275141340211,1.4777430608925037E-4,1.369992712798407E-4,0.0016301860215351958,0.010584730120449118,0.0010030846586748595,0.002940342055687022,1.1268338503246546E-4,1.9302033280217326E-4],[0.0020722348051841625,0.0017647463104403863,2.913631694189511E-4,1.0,0.0025959506348474937,8.053836168714643E-4,6.095011282684869E-4,0.0013964447889660203,0.0015717366060815196,0.0018384399234500507,0.0021219731399095072,0.002142471023195947,0.0025665571953824174,0.0017045729274695182,8.070638551340755E-4,0.002088074139071399,0.0016627144939847568,0.00860355682224808,0.0024365915947110166,0.0011844523626538658,0.0025128903699546965,0.0014563328002688042,0.002278078005842131,0.0010370493339344237,0.0019756433394204588,0.002151450752238357,0.002376815875483555,0.002015637387636701,0.017633095982641026,9.929708659942487E-4,8.708135550958827E-4,0.0013172215838609632,0.001090820138420128,0.00205227176843632,0.007147355880756065,0.0021824398589169,9.594711627159741E-4,0.010392671348593199,0.001557246338517798,0.003730142322943785,0.0021075335972351745,7.268810623397002E-4,0.0018538922243897923,0.005488290492583609,0.0020103419676694174,0.002960583472830879,1.891496553516242E-4,0.0014564151440055045],[0.0015538022269393924,2.6103083649880364E-4,0.0025451259294050005,0.0025959506348474937,1.0,0.0011114263498463051,0.0010538956527187534,0.0019528321808281583,6.55191713344447E-4,0.0019943018480601373,0.0020239744716695368,0.001954024644703664,0.0025354054578842753,0.0014358497250189246,0.0017881536091793754,0.0016664517908777988,0.002413683162123527,0.0055996837159857805,0.0014210617500665834,0.0022370010028984685,9.409237432955392E-4,0.0012366518415388068,0.002482701749959256,3.897881052864274E-4,0.001441384578137176,0.0022617699347763282,2.6182788787443886E-4,8.024537644638211E-4,0.0036952679175214598,0.002314887053734789,0.001482783192081145,0.0012006020146942216,0.002543890111567756,4.2845684693743166E-4,0.0062004160716990254,0.0018421395500763747,0.0019277756533397907,0.01236278282693314,0.0015885879075964455,0.0028917728670098263,0.0011665995418507972,0.0011268221352298965,0.0021133371701838343,0.0069700821836088615,0.0021228850395323727,0.002808866390069608,0.0018811956189015216,0.0010970295620304658],[1.2441905032025064E-4,1.35672872847838E-4,2.1570169028328116E-4,8.053836168714643E-4,0.0011114263498463051,1.0,4.9007925183382766E-5,1.9548276621503833E-4,3.148755575168516E-4,6.045339486308214E-4,2.451267164054158E-4,2.2056645954663314E-4,7.414191863322619E-4,1.668207140866064E-4,4.917665904653619E-4,8.626380809132708E-4,2.1294644939163132E-4,0.010141625074412693,3.1028689461157417E-4,6.674832709071963E-5,1.7964717735713398E-4,2.4242832244637656E-4,9.53889386213755E-4,5.664936819753926E-5,2.265845308366556E-4,2.765466524824331E-4,2.2898952795153833E-4,5.092162473433449E-4,0.0271552235379986,2.422168206460325E-4,2.3681666181537626E-4,2.3383050068172744E-4,1.6155734912061986E-4,1.5870505231370673E-4,0.0062071750975076865,5.186440140394162E-4,2.212233248951775E-4,0.003987166907539008,1.9308731053656198E-4,0.0042417840192707735,2.4301394490402515E-4,1.51880468364613E-4,0.001620622315272185,0.003715623318205497,0.0015742990795618093,6.581314989926854E-4,1.8435937893865057E-4,2.3118377543435506E-4],[6.657828606201015E-5,1.8498156202859574E-5,8.985895928457095E-5,6.095011282684869E-4,0.0010538956527187534,4.9007925183382766E-5,1.0,1.0092991067446398E-4,3.6241680406549757E-4,7.513917636313607E-4,2.705202863175069E-4,2.745816339631354E-5,2.835940173412706E-4,3.5886866829267065E-5,3.507260637183346E-4,3.6308053932660036E-4,1.3449084683891656E-4,0.007098584573983026,1.4571308093031703E-4,2.0246379432225676E-5,3.6023277519697554E-5,2.327198238981733E-4,6.638757728971451E-4,2.129899969204046E-5,3.398787730415653E-5,0.0012110601442543213,5.333751965719946E-5,7.565806555435281E-5,0.0460372488704146,1.8207471622495955E-4,6.091216848509934E-5,2.033638023464536E-5,1.2541818386150076E-5,6.194747361835175E-5,5.122432631611273E-4,0.0011330856468793025,1.8581809971006494E-4,0.013935826646899279,8.08733280395693E-5,0.003931038998598576,1.8990939644452785E-4,7.335248129186422E-5,0.001133819761382482,0.002640858006362461,4.640924864777441E-4,8.786824789718562E-4,1.277033507289081E-5,2.0738281381362428E-4],[1.0420269639575896E-4,1.024723699023153E-4,1.2204082911792566E-4,0.0013964447889660203,0.0019528321808281583,1.9548276621503833E-4,1.0092991067446398E-4,1.0,1.406094935523476E-4,0.001457513432804875,1.9959741004059017E-4,8.231910110907044E-5,2.281667899996565E-4,1.027988011359628E-4,2.6029625224237025E-4,3.938683251888086E-4,1.2524870199053187E-4,0.003044070068603951,3.8377203469413233E-4,9.263178067351195E-5,1.1000924752737053E-4,2.0410399121493646E-4,3.415649346883522E-4,5.253996885315094E-5,1.3242542887204588E-4,0.0013543617974740225,1.0417968195046011E-4,3.4695958239116316E-4,0.013424327042694091,1.895639734131312E-4,1.3630152952266134E-4,8.961610002049722E-5,5.609222247030173E-5,1.4746697988937164E-4,0.007012989621858177,0.0012652514022529126,1.657430985151384E-4,0.013259911460115782,1.0275649603664068E-4,0.001443089779501999,2.3723090764932923E-4,1.1939151179969942E-4,0.0012872795963778073,0.00784905632335839,2.5721439439524944E-4,0.0028873851714536552,6.655184621461167E-5,1.4293014754130582E-4],[2.81929151628075E-4,3.4552638326490313E-4,3.292502540902607E-4,0.0015717366060815196,6.55191713344447E-4,3.148755575168516E-4,3.6241680406549757E-4,1.406094935523476E-4,1.0,0.0011831847703875204,4.093466111506326E-4,8.240751285533559E-5,8.050122372659525E-4,3.511278730000671E-4,5.040659052780812E-4,9.540219526234697E-4,1.7211925003389456E-4,0.003377256460532589,3.9890440215630896E-4,6.563162396756118E-5,1.358882286228801E-4,3.7908209829361596E-4,5.922981812875548E-4,3.192790469806195E-4,2.1305418453057906E-4,0.001038131044176475,2.1713889850980429E-4,4.2863152683623063E-4,0.029519301668961488,3.398974876366065E-4,2.907716444965879E-4,2.489216967265158E-4,3.609577031300425E-4,2.5483546432432115E-4,0.0021733837866512833,0.0013134183939684345,3.256245283809931E-4,0.00969103090961862,2.1664420698636755E-4,0.0033408512584107513,2.4570065411658176E-4,1.6423034273781376E-4,0.0015932849880680425,0.011456446147442194,6.513907520908975E-4,0.0024154249081722464,5.923315268378115E-5,3.558797566153253E-4],[5.079400379232277E-4,5.68535310563197E-4,3.6545656628570643E-4,0.0018384399234500507,0.0019943018480601373,6.045339486308214E-4,7.513917636313607E-4,0.001457513432804875,0.0011831847703875204,1.0,8.775934329602634E-4,2.60615305000154E-4,0.002217115335362087,0.0013945719423757782,9.37515037460092E-4,0.0013282175878086239,9.564508005939147E-4,0.00936610599848623,6.89564197207391E-4,0.001288134391950991,0.0013019870064698846,0.0011347065951789158,0.0014039357536663113,4.0777366601240864E-4,0.0012509863301775992,0.0015783566445407785,3.5179646555316495E-4,0.0010681424424373955,0.046403784539340166,9.670366255899381E-4,3.115012372894072E-4,1.2714905455944562E-4,2.529632193802138E-4,0.0011866315916178414,0.0042121274904394716,0.0016034800550623325,0.0013842115893887973,0.004640864531134541,0.0010130919438677073,0.0021652362086086647,6.639375631977449E-4,7.121566073850292E-4,0.0015937589415498403,0.007958467041431251,0.001605517850461056,0.001589699610335041,3.3467668205416597E-4,0.0012558252419276191],[3.65612271752053E-4,4.028722176206828E-5,2.3345387075964796E-4,0.0021219731399095072,0.0020239744716695368,2.451267164054158E-4,2.705202863175069E-4,1.9959741004059017E-4,4.093466111506326E-4,8.775934329602634E-4,1.0,6.198431811362149E-5,0.0012668103404691238,1.489885641670097E-4,5.697655920201753E-4,6.05566038541181E-4,3.345937417251051E-4,0.0033599702054286835,4.375206286754125E-4,5.149414988353465E-5,3.7624529403636913E-4,2.9599690818837826E-4,6.384785881711393E-4,2.491483291873842E-4,2.646296665955298E-4,4.748838178143175E-4,1.688231688618658E-4,5.672913474273141E-4,0.00806984565992148,3.588086101049932E-4,4.0638363035445176E-4,1.5143685168098942E-4,2.484637635703996E-4,3.1744042745279874E-4,9.356361309347139E-4,0.0015338779484672202,4.064275525925737E-4,0.007515401811553562,4.1556649184019143E-4,0.0028643187445944233,3.032177142589676E-4,2.1707674228724425E-4,4.860447796556428E-4,0.004056141494096282,0.0016605639922027944,0.0013075496081736135,3.9967520211968194E-4,3.6587386870491455E-4],[9.956772448926756E-5,1.775808237362684E-5,1.0581973849107902E-4,0.002142471023195947,0.001954024644703664,2.2056645954663314E-4,2.745816339631354E-5,8.231910110907044E-5,8.240751285533559E-5,2.60615305000154E-4,6.198431811362149E-5,1.0,0.0019520468480263944,5.182868736025134E-5,3.746730693563724E-4,8.541939991184373E-4,1.2475627403107605E-4,0.004586242743609634,2.32826231141163E-4,2.8931751648273528E-5,5.376674267267756E-5,2.7190796220191786E-4,7.707922005301225E-4,2.870015619242376E-5,1.1029957691583351E-4,8.510858088165188E-4,7.114792317874845E-5,5.087096096065283E-4,0.028167877228863814,2.4582907267101784E-4,1.8926270278917388E-4,2.969601567091337E-5,2.244454764555006E-5,3.461169673090641E-5,0.0021954003718429307,7.942124542194108E-4,9.868829148520652E-5,0.0019280780660037994,4.587442384862086E-5,0.003998433755706148,2.3643573869549757E-4,4.9746010741540654E-5,0.0014333101964059329,0.002672236440294934,6.695375659004845E-4,0.002957631681009863,2.1230850581210525E-5,7.458649068870699E-5],[7.020400410759548E-4,2.9434120674733306E-4,8.941715363281287E-4,0.0025665571953824174,0.0025354054578842753,7.414191863322619E-4,2.835940173412706E-4,2.281667899996565E-4,8.050122372659525E-4,0.002217115335362087,0.0012668103404691238,0.0019520468480263944,1.0,0.002263910630102662,0.0021873919818460753,0.0015547478395167198,4.953144829347284E-4,0.009817847800414333,0.0012153321663390419,0.0023040466834726566,0.0010080422539664785,0.002034721443800415,0.002128340850941931,0.0016088571501155376,0.0021939938458306564,0.002175169945694665,2.6744992078405177E-4,0.0022509846389958082,0.013998799281209263,0.001477975282239697,0.0019226473470367318,0.002151148953342926,6.737034358069178E-5,0.0014979068516350691,0.006285379974406495,0.0019251420263382574,0.0016034721449464742,0.00929691517354462,0.00147162477504311,0.003639692076915076,0.0016385320613072753,9.90884535748572E-4,0.0020679667088427727,0.003549441139740973,0.0022918882808449373,0.0025765438981737512,0.0019094241812041694,0.0023084356531382316],[1.0420524402109059E-4,6.440383337115113E-5,1.2424066374547163E-4,0.0017045729274695182,0.0014358497250189246,1.668207140866064E-4,3.5886866829267065E-5,1.027988011359628E-4,3.511278730000671E-4,0.0013945719423757782,1.489885641670097E-4,5.182868736025134E-5,0.002263910630102662,1.0,4.09989622006023E-4,8.342117220731778E-4,1.3628985562573497E-4,0.0071484698492485866,3.3144829544829325E-4,3.6532664554505665E-5,1.0545507976851831E-4,2.4601806232355124E-4,0.001149284722423483,6.322332341543693E-5,1.1830125467123959E-4,7.85067015330308E-4,1.1590060151848998E-4,3.342860545712091E-4,0.003993186829971835,1.2902805476127692E-4,1.5118358634844326E-4,9.843623886915176E-5,5.578839251098001E-5,1.4513123894400662E-4,0.005835553188104611,0.0013147578077695667,1.368204450189817E-4,0.007037739740098338,1.0231933467587448E-4,0.0031278502100638974,2.1395351804305915E-4,1.0706404005809442E-4,0.0012620309769764597,0.009092516011339867,0.001597259538641387,6.378892777603634E-4,7.175721506241071E-5,2.102128269014208E-4],[4.4326435338017383E-4,2.2779769506496317E-4,5.915363746238266E-4,8.070638551340755E-4,0.0017881536091793754,4.917665904653619E-4,3.507260637183346E-4,2.6029625224237025E-4,5.040659052780812E-4,9.37515037460092E-4,5.697655920201753E-4,3.746730693563724E-4,0.0021873919818460753,4.09989622006023E-4,1.0,7.953157728603219E-4,4.0690219720084897E-4,0.010489329690647399,5.612776271939892E-4,4.716297929407449E-4,3.6557278055723017E-4,3.616385525339539E-4,8.677147366948434E-4,2.3858443268490314E-5,4.503017453991625E-4,0.0018184513743713998,3.495509599863802E-4,5.975653104103859E-4,0.02394555482780015,5.414184104902792E-4,4.7173469650858986E-4,2.1049387706820888E-4,5.060553853955631E-4,3.3952627618722184E-4,7.921547075757623E-4,0.0016584356064743156,6.039395769365004E-4,0.010080743331018733,3.1517501016361784E-4,0.001900805873211415,3.725415158635664E-4,5.011939156918393E-4,0.0010304176399578329,0.01141826172359224,0.0012345491266541097,0.0013716189987385153,2.1265747789051285E-4,4.191187246539587E-4],[0.0011564130736078303,3.5647912673699155E-4,3.3237572414812345E-4,0.002088074139071399,0.0016664517908777988,8.626380809132708E-4,3.6308053932660036E-4,3.938683251888086E-4,9.540219526234697E-4,0.0013282175878086239,6.05566038541181E-4,8.541939991184373E-4,0.0015547478395167198,8.342117220731778E-4,7.953157728603219E-4,1.0,3.9478498192291615E-4,0.00902069425591171,7.61406389746101E-4,8.551691410740081E-4,2.033570331702119E-4,5.114457416118453E-4,0.0011850128997793316,1.0815490550123435E-4,3.724435648658054E-4,0.0016345693904678846,0.0011256790510811737,7.074853469686312E-4,0.008664824514035958,0.0010572070175909824,7.425149232220378E-4,6.553789089809833E-4,8.564395933638211E-4,4.4133131748355447E-4,0.004423760164393159,0.0011705684193876293,2.5121737218197754E-4,0.012364107459512143,5.472065696906069E-4,0.0029990755983120457,7.161140585279599E-4,6.564063808906901E-4,0.0017082412310249614,0.010627884136542969,0.0015847867275813278,0.0029297670404648092,7.112744990506402E-4,9.508866789844277E-4],[1.0806205701564337E-4,1.120490308366604E-4,1.4254505270933974E-4,0.0016627144939847568,0.002413683162123527,2.1294644939163132E-4,1.3449084683891656E-4,1.2524870199053187E-4,1.7211925003389456E-4,9.564508005939147E-4,3.345937417251051E-4,1.2475627403107605E-4,4.953144829347284E-4,1.3628985562573497E-4,4.0690219720084897E-4,3.9478498192291615E-4,1.0,0.0011439129716196432,2.9894627175147724E-4,1.3745961498617056E-4,1.1787440570624227E-4,2.663427876089162E-4,8.490399809493121E-4,8.554093703541555E-5,1.4984755555327313E-4,7.180058111770899E-4,1.3380747505717519E-4,2.1053361671841657E-4,0.00960190602640505,2.2453612668523018E-4,1.5634331236131916E-4,3.2208275319933444E-5,1.3826408298663645E-4,1.475938343795479E-4,0.007661216888707015,0.0013571746059398823,1.539286954962715E-4,0.01152194412088101,1.2478241823744932E-4,0.0017782480704239,2.3410077616509666E-4,1.4003731195755777E-4,9.713487050925356E-4,0.011193863762611653,0.0016360929531921047,0.0018033561331930008,5.404672173162327E-5,1.8162922172658847E-4],[0.0011801610802184422,0.008951764332293248,0.0086349483997809,0.00860355682224808,0.0055996837159857805,0.010141625074412693,0.007098584573983026,0.003044070068603951,0.003377256460532589,0.00936610599848623,0.0033599702054286835,0.004586242743609634,0.009817847800414333,0.0071484698492485866,0.010489329690647399,0.00902069425591171,0.0011439129716196432,1.0,0.009081022927635884,0.003537432558781059,0.006014622941899798,0.001209313271274283,0.008203756552513162,0.0035785206878552783,0.007724142078499264,0.006027352387042922,0.004038975708982395,0.002193311757266393,0.029186884967750716,0.0049766202875209395,0.00502020079906277,0.005524353189316207,0.007650953754928605,2.2378139703932873E-4,0.009117212695773057,0.00225086194783328,0.00350710941615505,0.011404597870982906,0.009375758883339401,0.00863351914386281,0.003029413180894024,0.009694289841157276,0.010124841268484671,0.010909698191961996,0.004815781354496406,0.008040674274085401,0.006186794296210364,0.004698905380004662],[3.454058578805442E-4,3.7719866704022576E-4,3.4436134190895444E-4,0.0024365915947110166,0.0014210617500665834,3.1028689461157417E-4,1.4571308093031703E-4,3.8377203469413233E-4,3.9890440215630896E-4,6.89564197207391E-4,4.375206286754125E-4,2.32826231141163E-4,0.0012153321663390419,3.3144829544829325E-4,5.612776271939892E-4,7.61406389746101E-4,2.9894627175147724E-4,0.009081022927635884,1.0,3.657437164811223E-4,1.3963357408478184E-4,4.386992279644936E-4,8.252494111792183E-4,2.4360307934931638E-4,2.2265592933714184E-4,0.0020096202926271588,1.605162719279917E-4,5.760582968902641E-4,0.030303287291834676,3.667129629219126E-4,3.9980885977270396E-4,3.8418302108994985E-4,2.2147181306314933E-4,1.9680059194100876E-4,0.0014053335724450579,0.0013801056759508183,3.4597665974459295E-4,0.011224490973144471,2.952804968146953E-4,5.479922550511009E-4,3.481011487652927E-4,2.603246698952793E-4,0.001083273313968483,0.0028311238367748673,0.0018163484442049616,0.002800003745599822,1.2148873554304108E-4,3.904331207323058E-4],[5.596475590513255E-5,2.0251613977843904E-5,6.333980497038226E-5,0.0011844523626538658,0.0022370010028984685,6.674832709071963E-5,2.0246379432225676E-5,9.263178067351195E-5,6.563162396756118E-5,0.001288134391950991,5.149414988353465E-5,2.8931751648273528E-5,0.0023040466834726566,3.6532664554505665E-5,4.716297929407449E-4,8.551691410740081E-4,1.3745961498617056E-4,0.003537432558781059,3.657437164811223E-4,1.0,9.040840652387433E-5,1.671800246425404E-4,3.975562910639452E-4,2.1802814731021054E-5,1.4726107569841586E-4,0.0017113906499796082,6.5128399092294E-5,5.176110987376316E-4,0.05310088685195602,9.548978804031042E-5,1.747542235856453E-4,2.345784827838606E-5,1.6301316675164704E-5,6.734702891686809E-5,0.0027219754482278005,0.0015846213594134127,1.2724203860607497E-4,0.004783516671442929,2.66366947385441E-5,0.0033414262287404335,1.775309170465406E-4,1.3169887594004389E-4,0.0016181085248396238,0.0045772364217991504,3.871618110870305E-4,5.18969562014843E-4,1.6736432392881364E-5,1.3725888539342456E-4],[1.0968375719830776E-4,3.173521098577339E-5,1.183212436819032E-4,0.0025128903699546965,9.409237432955392E-4,1.7964717735713398E-4,3.6023277519697554E-5,1.1000924752737053E-4,1.358882286228801E-4,0.0013019870064698846,3.7624529403636913E-4,5.376674267267756E-5,0.0010080422539664785,1.0545507976851831E-4,3.6557278055723017E-4,2.033570331702119E-4,1.1787440570624227E-4,0.006014622941899798,1.3963357408478184E-4,9.040840652387433E-5,1.0,1.6286952425497225E-4,5.068517830047027E-4,3.5714657258931536E-5,1.2089186590579695E-4,1.5318731863739023E-4,1.1506342266837275E-4,3.327343140802384E-4,0.028155197850241117,1.8085035817903768E-4,1.9449418663823479E-4,5.3603110683203944E-5,8.211559879963841E-5,1.3972643269921013E-4,0.008761449531399979,8.265448802783327E-4,1.7336134924253867E-4,0.009873868396156006,1.0308056667083113E-4,0.001326286051485934,2.1645988024730743E-4,1.144949678702155E-4,0.0016899599151727037,0.004358473874733071,6.292324696852607E-4,0.0019396906703090324,6.00595036039277E-5,1.5307359641727087E-4],[2.0605671893959675E-4,1.5252191743065242E-4,2.522971686028039E-4,0.0014563328002688042,0.0012366518415388068,2.4242832244637656E-4,2.327198238981733E-4,2.0410399121493646E-4,3.7908209829361596E-4,0.0011347065951789158,2.9599690818837826E-4,2.7190796220191786E-4,0.002034721443800415,2.4601806232355124E-4,3.616385525339539E-4,5.114457416118453E-4,2.663427876089162E-4,0.001209313271274283,4.386992279644936E-4,1.671800246425404E-4,1.6286952425497225E-4,1.0,4.618701582952207E-4,1.6222844024355257E-4,1.531558305790354E-4,0.0016474280335673774,1.5288435802098018E-4,5.077340336621353E-4,0.051952668571919075,3.228340658570631E-4,2.869993056134898E-4,2.7084664170687843E-4,8.760788199827838E-5,2.1277930899704617E-4,0.0011417592663575428,0.001246654472210401,2.494152998407874E-4,0.009597738932823355,2.7823920046868343E-4,0.004151026419991594,2.8216134386729966E-4,1.989756946394548E-4,0.0012602719963798583,0.008369644712369022,0.0018142726161404854,0.0017358189232383257,6.284413147965333E-5,2.2164381509371853E-4],[1.7771671748259823E-4,7.384106970692644E-4,0.0011528702750584,0.002278078005842131,0.002482701749959256,9.53889386213755E-4,6.638757728971451E-4,3.415649346883522E-4,5.922981812875548E-4,0.0014039357536663113,6.384785881711393E-4,7.707922005301225E-4,0.002128340850941931,0.001149284722423483,8.677147366948434E-4,0.0011850128997793316,8.490399809493121E-4,0.008203756552513162,8.252494111792183E-4,3.975562910639452E-4,5.068517830047027E-4,4.618701582952207E-4,1.0,8.642025879504785E-4,5.453243662764473E-4,0.0014095880383262873,6.813964256712961E-4,0.0012764143721388627,0.029154657462173862,0.0010142889204298356,7.709905929422386E-4,6.366043984240885E-4,7.62482875968965E-4,9.76209325342081E-4,0.008597958214418111,0.0017483055063740019,8.884395719157422E-4,0.0022369203094194175,4.1512426699197237E-4,0.004028210850829942,4.658112578611953E-4,2.164043105032278E-4,0.001708625333964371,0.008281199140123244,0.0013679409145104285,0.001475135996649211,0.0010192254020704257,9.613346907505775E-4],[4.5561975409778304E-5,1.6951920571028668E-5,1.3583102661495557E-4,0.0010370493339344237,3.897881052864274E-4,5.664936819753926E-5,2.129899969204046E-5,5.253996885315094E-5,3.192790469806195E-4,4.0777366601240864E-4,2.491483291873842E-4,2.870015619242376E-5,0.0016088571501155376,6.322332341543693E-5,2.3858443268490314E-5,1.0815490550123435E-4,8.554093703541555E-5,0.0035785206878552783,2.4360307934931638E-4,2.1802814731021054E-5,3.5714657258931536E-5,1.6222844024355257E-4,8.642025879504785E-4,1.0,1.2199330029301355E-4,0.001000694363317816,3.9079824744769274E-5,2.002051962375413E-4,0.03955951218166323,2.6775896081749316E-4,6.679025383396177E-5,2.6109429950673514E-5,1.2562629261729975E-5,4.468049537650583E-5,0.0021583214826560544,0.00137463460006509,8.778676570910546E-5,0.009392463016881528,7.515284180621954E-5,2.738839450843918E-4,1.682745672437695E-4,4.0681275632433455E-5,3.9204220545885213E-4,0.0037291548923825833,0.0011754277438350553,0.0024142991720567043,1.4168929319855526E-5,1.2874143610533246E-4],[1.0853001224304918E-4,8.57923160989989E-5,1.4865799021148365E-4,0.0019756433394204588,0.001441384578137176,2.265845308366556E-4,3.398787730415653E-5,1.3242542887204588E-4,2.1305418453057906E-4,0.0012509863301775992,2.646296665955298E-4,1.1029957691583351E-4,0.0021939938458306564,1.1830125467123959E-4,4.503017453991625E-4,3.724435648658054E-4,1.4984755555327313E-4,0.007724142078499264,2.2265592933714184E-4,1.4726107569841586E-4,1.2089186590579695E-4,1.531558305790354E-4,5.453243662764473E-4,1.2199330029301355E-4,1.0,0.0018873628094165397,1.4874362722555788E-4,3.799248669964496E-4,0.01938741841538114,1.7838545373831548E-4,1.766100836264821E-4,6.451281429846326E-5,8.804708689488614E-5,1.4988296478616738E-4,0.007937498238288172,8.587616523981676E-4,1.9372116772474612E-4,0.011216972066889633,1.4169130110707558E-4,0.0016156247605902411,2.3376240301895302E-4,1.4113069108247065E-4,0.001545739179725769,0.004432479832317923,4.8056188148844973E-4,6.3385355244613E-4,1.0983143223888588E-4,2.094797734049508E-4],[0.00104226496810493,4.025484298509013E-4,3.447459796198179E-4,0.002151450752238357,0.0022617699347763282,2.765466524824331E-4,0.0012110601442543213,0.0013543617974740225,0.001038131044176475,0.0015783566445407785,4.748838178143175E-4,8.510858088165188E-4,0.002175169945694665,7.85067015330308E-4,0.0018184513743713998,0.0016345693904678846,7.180058111770899E-4,0.006027352387042922,0.0020096202926271588,0.0017113906499796082,1.5318731863739023E-4,0.0016474280335673774,0.0014095880383262873,0.001000694363317816,0.0018873628094165397,1.0,0.0020004124279650822,6.010659261352127E-4,0.03349203801378829,0.0015049479732511166,0.0015956956185541808,0.0018467214055176012,0.002103393361570151,8.76713641807546E-4,0.0035481171212436847,0.0019362930546758701,5.215305888532015E-4,0.00354519567929503,0.0013756556594757903,0.003686285000290341,7.027891473151324E-4,0.0011946061411763048,0.0019250267880779764,0.0035432249695809995,0.0020043683058090845,0.0023674670306781526,8.259578072239399E-5,0.001578034029215596],[1.080530256493977E-4,7.88031651353504E-5,1.2911921636224222E-4,0.002376815875483555,2.6182788787443886E-4,2.2898952795153833E-4,5.333751965719946E-5,1.0417968195046011E-4,2.1713889850980429E-4,3.5179646555316495E-4,1.688231688618658E-4,7.114792317874845E-5,2.6744992078405177E-4,1.1590060151848998E-4,3.495509599863802E-4,0.0011256790510811737,1.3380747505717519E-4,0.004038975708982395,1.605162719279917E-4,6.5128399092294E-5,1.1506342266837275E-4,1.5288435802098018E-4,6.813964256712961E-4,3.9079824744769274E-5,1.4874362722555788E-4,0.0020004124279650822,1.0,2.3451902501852407E-4,0.014803264842489056,2.4509242516734933E-4,1.7239500255864236E-4,4.7851762811046614E-5,6.232054200515053E-5,1.4594085959401164E-4,0.0015053326764585,1.8809224825146013E-4,1.849380668171596E-4,0.003311152240710111,1.2576476170031165E-4,0.003197125285340689,1.8233301283518023E-4,1.3031209133392306E-4,0.0013775379670077374,0.0012958901443460697,5.347321105588696E-4,4.924003254171815E-4,1.1386977490483299E-4,2.0898153423182036E-4],[4.895835577987742E-4,9.765526931272605E-5,3.5729492103176764E-4,0.002015637387636701,8.024537644638211E-4,5.092162473433449E-4,7.565806555435281E-5,3.4695958239116316E-4,4.2863152683623063E-4,0.0010681424424373955,5.672913474273141E-4,5.087096096065283E-4,0.0022509846389958082,3.342860545712091E-4,5.975653104103859E-4,7.074853469686312E-4,2.1053361671841657E-4,0.002193311757266393,5.760582968902641E-4,5.176110987376316E-4,3.327343140802384E-4,5.077340336621353E-4,0.0012764143721388627,2.002051962375413E-4,3.799248669964496E-4,6.010659261352127E-4,2.3451902501852407E-4,1.0,0.02170670265745205,5.544915534571972E-4,3.617743400122597E-4,5.859776022830513E-4,1.1626839483282448E-4,4.538072417899971E-4,0.0015013146615011023,0.001552857744378991,2.2982343416055187E-4,0.013151140676270111,1.5617031305291363E-4,0.004201136604756364,4.35638003189268E-4,5.670927708235937E-4,0.0013456089556619652,0.006626241924828628,0.0011190477729371869,0.0011643438517550306,5.395889662157099E-4,3.8097953963694953E-4],[0.030562465117803285,0.0495770447761381,0.03441622929323964,0.017633095982641026,0.0036952679175214598,0.0271552235379986,0.0460372488704146,0.013424327042694091,0.029519301668961488,0.046403784539340166,0.00806984565992148,0.028167877228863814,0.013998799281209263,0.003993186829971835,0.02394555482780015,0.008664824514035958,0.00960190602640505,0.029186884967750716,0.030303287291834676,0.05310088685195602,0.028155197850241117,0.051952668571919075,0.029154657462173862,0.03955951218166323,0.01938741841538114,0.03349203801378829,0.014803264842489056,0.02170670265745205,1.0,0.027970178303118542,0.012287375082923454,0.021105914384983666,0.034865312514438924,0.052830600356967815,0.04122920940011486,0.015221149486642441,0.005611852749809096,0.05040726109770596,0.042296272317107655,0.02719426240545819,0.025758961226524723,0.04961963606882063,0.025579630629668063,0.04850411586120755,0.007356819277120593,0.010620477004469397,0.01993155835147958,0.05447085688385681],[1.5312254922509303E-4,8.253561316589671E-5,2.968025920035899E-4,9.929708659942487E-4,0.002314887053734789,2.422168206460325E-4,1.8207471622495955E-4,1.895639734131312E-4,3.398974876366065E-4,9.670366255899381E-4,3.588086101049932E-4,2.4582907267101784E-4,0.001477975282239697,1.2902805476127692E-4,5.414184104902792E-4,0.0010572070175909824,2.2453612668523018E-4,0.0049766202875209395,3.667129629219126E-4,9.548978804031042E-5,1.8085035817903768E-4,3.228340658570631E-4,0.0010142889204298356,2.6775896081749316E-4,1.7838545373831548E-4,0.0015049479732511166,2.4509242516734933E-4,5.544915534571972E-4,0.027970178303118542,1.0,2.850855934146936E-4,2.9588371751181823E-4,2.1891379849685124E-4,1.7387074260613906E-4,0.0058400997863925445,7.611239885091244E-4,3.1709232363429085E-4,0.004769923204090843,1.7454717126410754E-4,0.0035263009559091977,3.0598172609373997E-4,2.8610321581066974E-4,3.890951434883471E-4,0.0033725060873646927,7.488631278638979E-4,0.0010946996693742515,1.9873998921968072E-4,3.1637867205495306E-4],[2.0130603650902275E-4,1.0383582383675344E-4,2.0898444653614097E-4,8.708135550958827E-4,0.001482783192081145,2.3681666181537626E-4,6.091216848509934E-5,1.3630152952266134E-4,2.907716444965879E-4,3.115012372894072E-4,4.0638363035445176E-4,1.8926270278917388E-4,0.0019226473470367318,1.5118358634844326E-4,4.7173469650858986E-4,7.425149232220378E-4,1.5634331236131916E-4,0.00502020079906277,3.9980885977270396E-4,1.747542235856453E-4,1.9449418663823479E-4,2.869993056134898E-4,7.709905929422386E-4,6.679025383396177E-5,1.766100836264821E-4,0.0015956956185541808,1.7239500255864236E-4,3.617743400122597E-4,0.012287375082923454,2.850855934146936E-4,1.0,2.0094508696258674E-4,5.6303819000003395E-5,1.9832594162062664E-4,0.007950575350227189,2.950475059649329E-4,2.0378044371691882E-4,0.002273141989333663,1.6973001189406482E-4,0.003944616480340651,2.255766980164356E-4,1.459947270503784E-4,0.0011815150010845642,4.3347962174197395E-4,4.944312979015102E-4,0.0017668041094608604,3.561396170956154E-5,2.172633853472196E-4],[9.113112240927121E-5,2.6359394582725343E-5,7.863312911526415E-5,0.0013172215838609632,0.0012006020146942216,2.3383050068172744E-4,2.033638023464536E-5,8.961610002049722E-5,2.489216967265158E-4,1.2714905455944562E-4,1.5143685168098942E-4,2.969601567091337E-5,0.002151148953342926,9.843623886915176E-5,2.1049387706820888E-4,6.553789089809833E-4,3.2208275319933444E-5,0.005524353189316207,3.8418302108994985E-4,2.345784827838606E-5,5.3603110683203944E-5,2.7084664170687843E-4,6.366043984240885E-4,2.6109429950673514E-5,6.451281429846326E-5,0.0018467214055176012,4.7851762811046614E-5,5.859776022830513E-4,0.021105914384983666,2.9588371751181823E-4,2.0094508696258674E-4,1.0,1.9675023413984914E-5,5.185583284462007E-5,0.001344321858951948,5.106811481055748E-4,1.551759610839112E-4,0.007421270976424549,5.8208607119729865E-5,0.0023659551117060614,1.572234009623968E-4,5.4923504031926184E-5,0.0013277329152223596,0.006036795647551355,9.447921163955917E-4,9.22882907158275E-4,1.5993632044488227E-5,1.451642631443553E-4],[9.075728481643527E-5,1.5176317503216218E-5,6.513023522485174E-5,0.001090820138420128,0.002543890111567756,1.6155734912061986E-4,1.2541818386150076E-5,5.609222247030173E-5,3.609577031300425E-4,2.529632193802138E-4,2.484637635703996E-4,2.244454764555006E-5,6.737034358069178E-5,5.578839251098001E-5,5.060553853955631E-4,8.564395933638211E-4,1.3826408298663645E-4,0.007650953754928605,2.2147181306314933E-4,1.6301316675164704E-5,8.211559879963841E-5,8.760788199827838E-5,7.62482875968965E-4,1.2562629261729975E-5,8.804708689488614E-5,0.002103393361570151,6.232054200515053E-5,1.1626839483282448E-4,0.034865312514438924,2.1891379849685124E-4,5.6303819000003395E-5,1.9675023413984914E-5,1.0,8.12126145381684E-5,0.007411656860588694,0.0011068805967098892,1.709914585804035E-4,0.0031097872397651775,9.605900203797879E-5,0.0022912044714574684,2.5936633391202474E-5,7.479597249273084E-5,8.32097881571503E-4,0.005090064310431935,5.53382680977533E-4,0.0011395319767902863,1.2046866563263144E-5,6.095332357518419E-5],[1.0790723356888271E-4,3.435240220456718E-5,1.3850736180553286E-4,0.00205227176843632,4.2845684693743166E-4,1.5870505231370673E-4,6.194747361835175E-5,1.4746697988937164E-4,2.5483546432432115E-4,0.0011866315916178414,3.1744042745279874E-4,3.461169673090641E-5,0.0014979068516350691,1.4513123894400662E-4,3.3952627618722184E-4,4.4133131748355447E-4,1.475938343795479E-4,2.2378139703932873E-4,1.9680059194100876E-4,6.734702891686809E-5,1.3972643269921013E-4,2.1277930899704617E-4,9.76209325342081E-4,4.468049537650583E-5,1.4988296478616738E-4,8.76713641807546E-4,1.4594085959401164E-4,4.538072417899971E-4,0.052830600356967815,1.7387074260613906E-4,1.9832594162062664E-4,5.185583284462007E-5,8.12126145381684E-5,1.0,0.0035285680704709417,1.6234302004358798E-4,1.5746020160572452E-4,0.009972077454929092,1.201584938043281E-4,4.168698862051797E-4,1.825487691083821E-4,1.3942208659626E-4,5.210607269126621E-4,0.008889982320892382,0.0014679973002604068,0.0014599232398247734,2.3359354458636417E-5,1.920884871427829E-4],[0.0038242598325255108,2.1267874338019128E-4,0.0031028677057245834,0.007147355880756065,0.0062004160716990254,0.0062071750975076865,5.122432631611273E-4,0.007012989621858177,0.0021733837866512833,0.0042121274904394716,9.356361309347139E-4,0.0021954003718429307,0.006285379974406495,0.005835553188104611,7.921547075757623E-4,0.004423760164393159,0.007661216888707015,0.009117212695773057,0.0014053335724450579,0.0027219754482278005,0.008761449531399979,0.0011417592663575428,0.008597958214418111,0.0021583214826560544,0.007937498238288172,0.0035481171212436847,0.0015053326764585,0.0015013146615011023,0.04122920940011486,0.0058400997863925445,0.007950575350227189,0.001344321858951948,0.007411656860588694,0.0035285680704709417,1.0,0.003927547982294089,0.008425986670920219,0.010447392549423923,0.007239062973623046,0.005604767566908359,0.003858798366377993,0.00603015091301205,0.007496007292101261,0.010515598227277743,0.007640800886612605,0.006489756998302879,0.006109216014065174,0.0011117283012875968],[0.0013027833144050262,1.8928731107531943E-4,0.0016130606479213565,0.0021824398589169,0.0018421395500763747,5.186440140394162E-4,0.0011330856468793025,0.0012652514022529126,0.0013134183939684345,0.0016034800550623325,0.0015338779484672202,7.942124542194108E-4,0.0019251420263382574,0.0013147578077695667,0.0016584356064743156,0.0011705684193876293,0.0013571746059398823,0.00225086194783328,0.0013801056759508183,0.0015846213594134127,8.265448802783327E-4,0.001246654472210401,0.0017483055063740019,0.00137463460006509,8.587616523981676E-4,0.0019362930546758701,1.8809224825146013E-4,0.001552857744378991,0.015221149486642441,7.611239885091244E-4,2.950475059649329E-4,5.106811481055748E-4,0.0011068805967098892,1.6234302004358798E-4,0.003927547982294089,1.0,5.8248591559576E-4,0.004515738523112094,0.0014437621818550054,0.0019130874116762904,0.0015490534307836805,0.001447308867502682,0.0017403994618714702,0.009867482921234034,0.0018882695638188004,0.0028986004007364547,3.8583793011119264E-4,0.0013657508589531959],[1.2664048393586536E-4,3.520056537615345E-5,1.5441330729888225E-4,9.594711627159741E-4,0.0019277756533397907,2.212233248951775E-4,1.8581809971006494E-4,1.657430985151384E-4,3.256245283809931E-4,0.0013842115893887973,4.064275525925737E-4,9.868829148520652E-5,0.0016034721449464742,1.368204450189817E-4,6.039395769365004E-4,2.5121737218197754E-4,1.539286954962715E-4,0.00350710941615505,3.4597665974459295E-4,1.2724203860607497E-4,1.7336134924253867E-4,2.494152998407874E-4,8.884395719157422E-4,8.778676570910546E-5,1.9372116772474612E-4,5.215305888532015E-4,1.849380668171596E-4,2.2982343416055187E-4,0.005611852749809096,3.1709232363429085E-4,2.0378044371691882E-4,1.551759610839112E-4,1.709914585804035E-4,1.5746020160572452E-4,0.008425986670920219,5.8248591559576E-4,1.0,0.010774182337959648,1.3051818451669144E-4,0.0012070176890461698,2.0364106855848504E-4,1.4613444280483977E-4,0.0010736225332363576,0.00600276168086782,0.0012923843605620678,0.0011346812990185038,5.589692076291255E-5,1.9966233014508236E-4],[0.00610914976125899,0.004071486264804012,0.001805541694951755,0.010392671348593199,0.01236278282693314,0.003987166907539008,0.013935826646899279,0.013259911460115782,0.00969103090961862,0.004640864531134541,0.007515401811553562,0.0019280780660037994,0.00929691517354462,0.007037739740098338,0.010080743331018733,0.012364107459512143,0.01152194412088101,0.011404597870982906,0.011224490973144471,0.004783516671442929,0.009873868396156006,0.009597738932823355,0.0022369203094194175,0.009392463016881528,0.011216972066889633,0.00354519567929503,0.003311152240710111,0.013151140676270111,0.05040726109770596,0.004769923204090843,0.002273141989333663,0.007421270976424549,0.0031097872397651775,0.009972077454929092,0.010447392549423923,0.004515738523112094,0.010774182337959648,1.0,0.009921555804628503,0.010338812957431096,0.01010510401885383,0.012045817824529527,0.008166596706975929,0.014948845763662046,0.012315664310235088,0.004308243426118321,0.008850216724024352,0.009644149908540707],[1.0347794895818705E-4,9.47812311396918E-5,1.0626305574328364E-4,0.001557246338517798,0.0015885879075964455,1.9308731053656198E-4,8.08733280395693E-5,1.0275649603664068E-4,2.1664420698636755E-4,0.0010130919438677073,4.1556649184019143E-4,4.587442384862086E-5,0.00147162477504311,1.0231933467587448E-4,3.1517501016361784E-4,5.472065696906069E-4,1.2478241823744932E-4,0.009375758883339401,2.952804968146953E-4,2.66366947385441E-5,1.0308056667083113E-4,2.7823920046868343E-4,4.1512426699197237E-4,7.515284180621954E-5,1.4169130110707558E-4,0.0013756556594757903,1.2576476170031165E-4,1.5617031305291363E-4,0.042296272317107655,1.7454717126410754E-4,1.6973001189406482E-4,5.8208607119729865E-5,9.605900203797879E-5,1.201584938043281E-4,0.007239062973623046,0.0014437621818550054,1.3051818451669144E-4,0.009921555804628503,1.0,0.0034436943650806083,1.578860159199329E-4,1.0641479678220902E-4,0.001512024063623651,0.005134398951163323,0.0017220639652966432,0.002768586902157659,7.732615745280281E-5,1.0341872342406115E-4],[0.002363663970432396,0.0024855128103251863,0.00431275141340211,0.003730142322943785,0.0028917728670098263,0.0042417840192707735,0.003931038998598576,0.001443089779501999,0.0033408512584107513,0.0021652362086086647,0.0028643187445944233,0.003998433755706148,0.003639692076915076,0.0031278502100638974,0.001900805873211415,0.0029990755983120457,0.0017782480704239,0.00863351914386281,5.479922550511009E-4,0.0033414262287404335,0.001326286051485934,0.004151026419991594,0.004028210850829942,2.738839450843918E-4,0.0016156247605902411,0.003686285000290341,0.003197125285340689,0.004201136604756364,