[[1.0,0.004195094658005746,0.0033652010604213476,0.0028409907272470727,0.0033250691223086163,0.003961018378408106,0.0019817828778612104,0.001250551298525285,0.0015047796206721113,0.002993120695404239,0.001880864316487337,0.0022673413678182914,0.0012486987807918816,0.0012281108297594948,0.0033506899100559555,0.008054629431802917,7.800054060750384E-4,0.004127148612114386,0.02936951528702104,0.0019338343723533204,0.003045239080297118,0.0010535966804938771,0.0026655309967792144,0.0017388448746720525,0.0036591376927055923,0.0032480584480741584,0.04055256755115312,0.05130415294723869,3.155760612659751E-4,0.0018874355136383036,0.0065965531939996755,0.0018982562412467182,0.0019012488143427746,0.0024329438195857273,0.002167416661029535,0.003143578803231375,0.002118438318039593,0.0028248137444597914,0.0023388711151708617,0.0026873698612782586,0.007699045420458137,0.003701605139575211,4.0921842844862785E-4,0.0035093443618158084,0.002535818305280606,0.0031145584851864873,0.001709451064983516],[0.004195094658005746,1.0,0.001197945984423877,0.0035100152646790946,0.001620100420869104,0.0063908087418355925,0.005103336432003143,0.007178754448042602,0.007062766316360229,2.0062566380125784E-4,0.005441434578573894,0.0030711408522617976,0.002472786581460826,0.0017905194505711526,0.007896958131778877,0.008506280701706474,0.001767817446829493,0.008131088024661285,0.04263543490845695,0.007888424702897898,0.002218311760656219,0.0063048060702764926,4.5916747825633397E-4,0.0034349242753893873,0.007758527720157496,0.008118601302786094,0.043293571187944746,0.07030961611521415,0.007809325788230724,0.005947481464793295,0.008437275740488246,0.007236889637574623,0.008190289013605884,0.0035605040862905215,0.005297092396050528,0.006957651016965702,0.006119907777229222,0.0083575361280356,0.0026873547832593344,0.006748052315843283,0.008947357966483986,0.008342806380435011,0.004614485380668812,0.006051612468794904,0.0077211641569124795,0.005957447494036467,0.007182659685607263],[0.0033652010604213476,0.001197945984423877,1.0,9.292000628312924E-4,1.3778456887357077E-5,8.885523736040583E-5,1.2819744708945552E-4,6.175601837878951E-5,1.3033765001923203E-5,2.458444445936708E-5,9.743189865229003E-4,3.417138549217771E-4,1.4601795755880516E-5,1.1285677367194974E-5,0.001006310383588706,0.00616846835177306,2.461734448393544E-5,0.0032360420945360523,0.024996933229958926,1.0044275106281487E-4,0.0013267875067656631,7.368955727082312E-5,1.6784464475862334E-5,1.6671230185095223E-4,1.4010479738555062E-5,6.556422835144702E-5,0.03832404684740715,0.06200232013295552,1.6113172997637333E-5,2.5464463551215227E-5,0.0065357430125215455,4.9350223271590534E-5,6.844161760087037E-5,0.0013665947826509725,7.635793770354087E-4,4.084822327064724E-4,6.226535551447032E-4,5.816022159006408E-4,2.147102575722091E-4,0.0024610834616788204,0.003499837932489847,6.260740458847343E-4,2.7262257905625124E-5,0.0010037873293177893,1.632660069343699E-5,3.5062110782680897E-4,6.466543206181144E-5],[0.0028409907272470727,0.0035100152646790946,9.292000628312924E-4,1.0,0.0010040371656523596,3.813366466207898E-4,0.0012203084265245956,9.704370902676373E-4,6.593133325117416E-4,8.072324321550694E-4,0.0011805775972314042,0.0011608108367296042,2.8745654814256867E-4,0.0010196414276225068,0.0011177750508055736,0.005665112310093822,1.4459766042573198E-4,0.0013109837311951482,0.03174214793731285,0.0012737762507698388,0.0014831392764337072,6.118135283592574E-4,5.411259506136567E-4,0.001163745361738586,1.2261864085822224E-4,0.0011599718326117082,0.0014392279610215288,0.07073711420340686,8.496352346212614E-4,5.167497719012174E-4,0.0015115227297490762,5.681430549491465E-4,6.522498245296691E-4,0.0013369097464389884,0.0011096410494604255,0.001142585281324744,0.0014526772675966517,0.001072504090143455,0.001102670890077683,0.002178608721902755,0.00424174412617667,0.001131903217276714,4.851616903406563E-4,0.0010791210098465153,7.075085651028963E-4,0.0019128430377005517,2.4331107164315085E-4],[0.0033250691223086163,0.001620100420869104,1.3778456887357077E-5,0.0010040371656523596,1.0,8.049671931509598E-5,0.0013240951321682366,6.249381820728459E-5,1.6843774232218784E-5,5.1681078688214766E-5,0.001072574278374304,9.841345882623219E-4,1.8456806434527525E-5,1.4802843254988733E-5,8.848048656721202E-4,0.004274174308258939,3.386028715603813E-5,0.0029285201327369993,0.006493259665481239,0.0010004658076757684,0.0013161930377264999,7.393914354926389E-5,1.9989841343891075E-5,2.2479143603627093E-4,2.9787820491000193E-5,8.165672648386489E-4,0.044760824016518486,0.049181271794603895,2.0692993976605408E-5,2.211746476930802E-5,0.0016752507602445163,1.2177123604797932E-4,3.9574827821406975E-5,4.4952733938033695E-4,7.556710255167905E-4,7.306074869940582E-4,4.0052675163407123E-4,3.4574980466047986E-4,1.115683844114384E-4,8.682505752120692E-4,0.005287792804279118,3.151756089694505E-4,1.1869364952372719E-4,1.564296617106002E-4,1.916162221576882E-5,2.1871676042704697E-4,1.036640110227258E-4],[0.003961018378408106,0.0063908087418355925,8.885523736040583E-5,3.813366466207898E-4,8.049671931509598E-5,1.0,0.0010139754406857436,6.467091765320936E-5,8.932032195172544E-5,1.0898810593370814E-4,9.48918113288724E-4,5.918305247330383E-4,4.612454328145427E-5,6.908598040972992E-5,8.53532563047543E-4,0.004557197772633742,8.995818293565234E-5,0.0029636353479240837,0.007737107252562489,4.360522853672359E-4,0.0012353637769531962,1.6607828023741596E-4,9.125949184775697E-5,4.561289982399757E-4,7.506880996852275E-5,9.311821291287597E-4,0.006475065140332977,4.0679742499724977E-4,6.311472414096226E-5,8.47928747736578E-5,0.002339295428811191,1.1566998601896146E-4,1.2167919312622385E-4,0.00137719129149638,8.383877110097794E-4,9.05421228200978E-4,0.0010627573175554198,4.5098193264232604E-4,2.155259328022318E-4,0.0013558341861188304,0.005836025689373581,0.0010110154866398318,1.6257401205340587E-4,6.645366487304122E-4,9.679985011410148E-5,6.611202992278442E-4,1.0985499485801E-4],[0.0019817828778612104,0.005103336432003143,1.2819744708945552E-4,0.0012203084265245956,0.0013240951321682366,0.0010139754406857436,1.0,9.925121491341092E-4,8.956394999810941E-4,0.0014391841986438902,0.0015225149244436449,0.0013104174625574454,9.690094341650721E-4,1.3614233444626602E-4,0.0013314075875561137,0.005919329094739043,0.0013170763156053844,0.004112540497440362,0.017622360992177285,0.0014878189299916435,0.0015754408433312776,8.940280080523126E-4,8.584123108792938E-4,6.63619466847253E-4,4.7727976475721724E-4,0.0011769945483478717,0.027150525361016427,0.0031011467356466408,0.0010319066224767706,7.701368509171234E-5,0.007255301086317245,0.0010428940735567156,4.943992798010675E-4,0.0016640468320898519,0.0012592686012693325,0.001105248322646646,0.0015690378866062972,0.001302257439983086,0.0010180638986346151,0.0022635378883289034,0.008016160306336242,0.00114107516151451,0.0013871424223825088,0.0013299653471930619,1.1043976051448012E-4,0.0016098415599114645,0.0014938377923584037],[0.001250551298525285,0.007178754448042602,6.175601837878951E-5,9.704370902676373E-4,6.249381820728459E-5,6.467091765320936E-5,9.925121491341092E-4,1.0,2.747949823427845E-5,6.409250995305095E-5,7.228292957332348E-4,8.366830823531463E-4,3.8811375118132376E-5,2.590601687101321E-5,9.209507043195434E-4,0.004876272314940034,5.375617385381072E-5,6.110234733414688E-4,0.006171896985316628,5.385171337695569E-4,8.374831174349627E-4,1.2165833688914618E-4,6.016514491039715E-5,6.798095764804249E-5,6.247410582296963E-5,7.433886528837923E-4,0.013464122247720362,0.054844106945658375,2.365420195593477E-5,4.8758383447776565E-5,2.742855544008914E-4,1.1435388055133468E-4,1.084058639277201E-4,0.0012044046719373316,7.744751999544865E-4,7.597599873494746E-5,7.529801872479713E-5,6.676074356445729E-4,2.6345225343250557E-4,0.0015463168333258138,0.007742238997948549,6.662174958267511E-4,1.1874464062851837E-4,2.8676113830987426E-4,4.348436386055471E-5,5.126344515826361E-4,9.650721293148767E-5],[0.0015047796206721113,0.007062766316360229,1.3033765001923203E-5,6.593133325117416E-4,1.6843774232218784E-5,8.932032195172544E-5,8.956394999810941E-4,2.747949823427845E-5,1.0,7.948947576045983E-5,7.966434710022882E-4,3.244691585509867E-4,1.5573374646845077E-5,1.2702088347035747E-5,0.0010362919648867761,0.0022787028492959748,1.4237014474390959E-5,0.0010482742411959168,0.006423642619344513,2.7499710985379395E-4,0.0011146477079322747,1.2623320933724777E-4,1.7395648007973146E-5,2.157823505126699E-4,2.203469940201932E-5,5.643546610986555E-4,0.015373385434734136,0.02518491342392099,1.5677903858982257E-5,1.9011192822750305E-5,0.005350398087279145,3.68583744422233E-5,1.643472973016639E-5,1.1484142283612429E-4,2.359547480699386E-4,9.342102212985498E-4,6.837933930115257E-4,2.4700892882756944E-4,1.5824584742430561E-4,6.501338064885214E-5,0.007659585092922328,1.2926675774386966E-4,6.362156634138926E-5,7.584810655684968E-4,1.5348631525718475E-5,9.181849278711151E-4,9.890723844192348E-5],[0.002993120695404239,2.0062566380125784E-4,2.458444445936708E-5,8.072324321550694E-4,5.1681078688214766E-5,1.0898810593370814E-4,0.0014391841986438902,6.409250995305095E-5,7.948947576045983E-5,1.0,0.001156646717623328,7.574486422112275E-4,2.2607480749399097E-5,8.585544117535005E-5,8.102767934986844E-4,0.005578197956339803,5.6499677995727556E-5,0.0041070962487250754,0.005108911937028174,3.779334663260834E-4,2.1977183314509787E-4,1.5038239923469048E-4,4.3698019901527984E-5,3.6343065366989993E-4,6.904199665079959E-5,0.001050012387553097,0.04362651244428811,0.05011285156656913,7.762787528867128E-5,7.520510718239867E-5,0.006070194060357406,1.173808941393233E-4,1.2155659463287628E-4,0.0012626510077341565,5.154199027909693E-4,5.167679462033788E-4,0.0011633033234714975,9.182510906600781E-4,3.020143362444698E-4,0.0014604737062628782,0.007743051744722884,9.470880686455323E-4,1.3973565113303696E-4,9.195081483512771E-4,4.4308286007930904E-5,0.0016207822722284545,1.0450026214522791E-4],[0.001880864316487337,0.005441434578573894,9.743189865229003E-4,0.0011805775972314042,0.001072574278374304,9.48918113288724E-4,0.0015225149244436449,7.228292957332348E-4,7.966434710022882E-4,0.001156646717623328,1.0,0.0011602534435020142,9.010702331599425E-4,8.054455457236716E-4,0.0010775488506605314,0.0013723710780287974,4.1502815725545166E-5,0.00401542794646422,0.0013395449476354788,0.0012906616701788673,0.0012443724018924632,7.4831404087187E-4,5.88419378329384E-4,9.127626818636892E-4,7.856233444217038E-4,0.001173866554084422,0.009647950362122055,0.04500063937099168,3.2917328186314495E-4,1.0197837256450802E-4,0.006372162476072379,0.0011786873127125437,6.073748254945995E-4,0.0014984763606977316,0.0010780580172859485,0.0010871206745408464,0.0014377660444745287,0.0010605883897388973,4.745934590321767E-4,0.0018735890183617261,0.004483187740421113,0.0011481556921613943,2.524035671474988E-4,0.0012119986045459033,6.982634874386226E-4,0.0016764610013492419,2.719408910590879E-4],[0.0022673413678182914,0.0030711408522617976,3.417138549217771E-4,0.0011608108367296042,9.841345882623219E-4,5.918305247330383E-4,0.0013104174625574454,8.366830823531463E-4,3.244691585509867E-4,7.574486422112275E-4,0.0011602534435020142,1.0,1.945195594749846E-4,7.424585694383082E-4,0.0011325843657876194,0.007326088175537629,0.0011124227831028806,0.0014615294175519948,0.040147165130256256,0.0013943068775381985,0.0014218595137990746,0.0010169269076664702,0.001063587317312605,5.577184015335519E-4,3.410329199458717E-4,0.001148105625717566,0.03972263544398935,0.06604609805723682,2.3884782843776442E-4,1.9472718607675292E-4,0.004640966394651857,5.895698511710014E-4,9.833356432957213E-4,0.0016138538982602788,0.0011009471805941342,0.0010578632035082235,0.0011716383710245464,0.0011095115376641641,3.7071138196344787E-4,0.0019962214282211585,0.00886481537626588,0.0010600377039753875,0.001047740034462953,0.0010851358955737168,3.583975998202296E-4,0.001903373272302973,0.001111977079034824],[0.0012486987807918816,0.002472786581460826,1.4601795755880516E-5,2.8745654814256867E-4,1.8456806434527525E-5,4.612454328145427E-5,9.690094341650721E-4,3.8811375118132376E-5,1.5573374646845077E-5,2.2607480749399097E-5,9.010702331599425E-4,1.945195594749846E-4,1.0,1.3061151852111759E-5,5.452604150226962E-4,6.425697408799683E-4,2.3181921152494547E-5,0.003087890818026141,0.013994760276295584,0.0013059872550284719,8.277712079761742E-4,1.715165776511754E-4,1.7938857807158476E-5,3.268023782667887E-4,2.1659918789682642E-5,8.014247436149546E-4,0.05832804690168751,0.023528985156572462,1.7960804290552582E-5,1.8154658056984517E-5,0.002074254881169959,3.812506477763434E-5,6.808113337475947E-5,0.0012244700004727025,2.2314544090220969E-4,7.369215253396614E-4,1.7413386286688152E-4,2.949354536636843E-4,8.472835539271852E-5,0.001570812847525486,0.002717448034449622,9.63749194494937E-4,1.7783238983183833E-4,7.77246787858289E-4,1.6625097689855314E-5,0.0010307363298815637,5.8476724612789246E-5],[0.0012281108297594948,0.0017905194505711526,1.1285677367194974E-5,0.0010196414276225068,1.4802843254988733E-5,6.908598040972992E-5,1.3614233444626602E-4,2.590601687101321E-5,1.2702088347035747E-5,8.585544117535005E-5,8.054455457236716E-4,7.424585694383082E-4,1.3061151852111759E-5,1.0,8.824151724300903E-4,0.0032937637450496213,1.1946145046045442E-5,0.00298681242353447,0.01322384948479208,2.7181429410732486E-4,2.4871532727447677E-4,1.1847499878573492E-4,1.881053051144855E-5,4.1875602111819384E-4,3.553103204786148E-5,6.947506366022146E-4,0.007379276258125172,0.05728815024915364,1.5186636267900351E-5,2.1521130826308174E-5,0.0025250191771307127,8.814939180095519E-5,8.435759911643052E-5,0.001735693881691648,0.001018892637243217,4.802323446366005E-4,7.037816469470138E-4,3.580914313497611E-5,3.2418013430429406E-4,0.00226786978111978,0.0027748785012920545,2.324336009767984E-4,1.7322399966398906E-4,3.2737117141805707E-4,1.470765593248042E-5,8.233635660106574E-4,8.581470504360672E-5],[0.0033506899100559555,0.007896958131778877,0.001006310383588706,0.0011177750508055736,8.848048656721202E-4,8.53532563047543E-4,0.0013314075875561137,9.209507043195434E-4,0.0010362919648867761,8.102767934986844E-4,0.0010775488506605314,0.0011325843657876194,5.452604150226962E-4,8.824151724300903E-4,1.0,0.006945662231733454,6.557554593933189E-4,0.0024698670442919596,0.03692806910329017,0.0011059171144426482,0.001277064957852699,3.2327892016713165E-4,4.911890370787154E-4,8.488419067886746E-4,9.116701716171157E-4,0.0010996156487344416,0.050310716415829626,0.01133106692721025,7.714567984335846E-4,4.2176999301664174E-4,0.005450227573254491,8.312849343316568E-4,3.5440402216002393E-4,0.0010687113080422273,0.0010614506389746974,0.0010414911361148937,0.0012277091328328075,0.0010556534523128945,5.992633849835269E-4,0.0016591862954134025,0.009045907298035002,0.0010344812808976693,9.294529619522001E-4,0.0010649362885904894,8.038108352437298E-4,0.0013443467263759131,4.3679965532296915E-4],[0.008054629431802917,0.008506280701706474,0.00616846835177306,0.005665112310093822,0.004274174308258939,0.004557197772633742,0.005919329094739043,0.004876272314940034,0.0022787028492959748,0.005578197956339803,0.0013723710780287974,0.007326088175537629,6.425697408799683E-4,0.0032937637450496213,0.006945662231733454,1.0,0.003589766491030524,0.004424130981545814,0.026760185930550538,0.0053738482607271956,0.003416591928265159,0.0029074810987932574,0.002194867795677293,0.007010150133806588,0.0010681654925324368,0.005288527369267762,0.012581340243549323,0.060435326768107124,0.0012162482320067457,0.001158200466832749,0.008179617247245557,0.001121963992971261,0.004833227016797567,0.006601439918527739,0.002734471655715762,0.0076546715136872195,0.005816869230656643,0.0060216599652138415,0.0029896547762056835,0.007374529305531882,0.009528655105068963,0.006832678059546,9.442937302364281E-4,0.003690939468070804,6.361413061910356E-4,0.006540414878536548,0.001447144409549827],[7.800054060750384E-4,0.001767817446829493,2.461734448393544E-5,1.4459766042573198E-4,3.386028715603813E-5,8.995818293565234E-5,0.0013170763156053844,5.375617385381072E-5,1.4237014474390959E-5,5.6499677995727556E-5,4.1502815725545166E-5,0.0011124227831028806,2.3181921152494547E-5,1.1946145046045442E-5,6.557554593933189E-4,0.003589766491030524,1.0,0.002541231038001699,0.03399664809281086,1.5206211308727209E-4,7.720450313083352E-4,8.267008098078744E-5,2.2125695325896045E-5,4.98820122789342E-4,4.310755610424721E-5,9.226637714320279E-5,0.014011498545009422,0.031377168988213334,2.762636841245712E-5,3.665762295764043E-5,0.005039552136379072,4.055765309895315E-5,5.415529542180224E-5,0.0015269202492578587,6.977728632192017E-4,9.326105255928576E-4,6.03205146838262E-4,8.198184413095533E-4,1.176089162524658E-4,4.383175329441358E-4,0.004167873633778435,4.992668342126424E-4,2.1446703624568221E-4,7.382947597078656E-5,1.9387737340443153E-5,0.0012368406550711392,8.46077184890789E-5],[0.004127148612114386,0.008131088024661285,0.0032360420945360523,0.0013109837311951482,0.0029285201327369993,0.0029636353479240837,0.004112540497440362,6.110234733414688E-4,0.0010482742411959168,0.0041070962487250754,0.00401542794646422,0.0014615294175519948,0.003087890818026141,0.00298681242353447,0.0024698670442919596,0.004424130981545814,0.002541231038001699,1.0,0.03414471760460616,0.0037356628136538807,0.0023257984438868895,8.472346325837333E-4,2.7760747673012345E-4,0.003737328348118639,0.0021870233905023134,0.0013137059006992806,0.007482140253234111,0.02947470503397773,0.0031931247239195925,0.0012800724141432004,0.004498864084185994,0.0025853910674570103,7.568282127686887E-4,0.0040672234859496816,0.002939399811855492,0.0038213112582856073,0.00325840523518721,0.0041076973330252875,5.766153365866218E-4,0.0034617263502242854,0.006721246276713088,0.003949740385513288,5.679086159198239E-4,0.0017467525127949509,6.767755165753055E-4,0.0031194994334321807,0.002003124794341655],[0.02936951528702104,0.04263543490845695,0.024996933229958926,0.03174214793731285,0.006493259665481239,0.007737107252562489,0.017622360992177285,0.006171896985316628,0.006423642619344513,0.005108911937028174,0.0013395449476354788,0.040147165130256256,0.013994760276295584,0.01322384948479208,0.03692806910329017,0.026760185930550538,0.03399664809281086,0.03414471760460616,1.0,0.011427314563387473,0.012853137674654277,0.03512269907781897,0.024690466436444264,0.017299288328451443,0.04012937061584469,0.0413763977624642,0.045784438807361695,0.07133959087758936,6.608667450973348E-4,0.0416015959343807,0.04230454019771121,0.024814756337890598,0.004656556667059143,0.020798686657166596,0.04158947779106371,0.03866374004463194,0.02793812676082232,0.04006278771788644,0.023172684429595226,0.026638445862088883,0.04237241754822759,0.019575390817286726,0.04181102347026838,0.039142091706386106,0.01424503130667474,0.01657843597040846,0.020075798538612282],[0.0019338343723533204,0.007888424702897898,1.0044275106281487E-4,0.0012737762507698388,0.0010004658076757684,4.360522853672359E-4,0.0014878189299916435,5.385171337695569E-4,2.7499710985379395E-4,3.779334663260834E-4,0.0012906616701788673,0.0013943068775381985,0.0013059872550284719,2.7181429410732486E-4,0.0011059171144426482,0.0053738482607271956,1.5206211308727209E-4,0.0037356628136538807,0.011427314563387473,1.0,0.00155282104943804,7.994459176469575E-4,0.001157371736092089,6.834270174719937E-4,6.18742632772193E-4,0.0014103711033547804,0.038035178319681597,0.010235211069609517,4.04297967980869E-4,4.2322385128092105E-4,0.0019799167387966276,6.891970427345291E-4,0.0010043071593912117,0.001578285423046651,0.0012895777239424811,0.0011985322292877199,0.001467245186056855,0.0013160547280411576,6.18241210644443E-4,0.002330552501781022,0.005490464976402813,0.001424873814726051,0.0011836204102563266,0.0011253209959261232,0.00107059926986823,0.0017107850713224352,4.792161346905444E-4],[0.003045239080297118,0.002218311760656219,0.0013267875067656631,0.0014831392764337072,0.0013161930377264999,0.0012353637769531962,0.0015754408433312776,8.374831174349627E-4,0.0011146477079322747,2.1977183314509787E-4,0.0012443724018924632,0.0014218595137990746,8.277712079761742E-4,2.4871532727447677E-4,0.001277064957852699,0.003416591928265159,7.720450313083352E-4,0.0023257984438868895,0.012853137674654277,0.00155282104943804,1.0,5.984855351613574E-4,0.0011527227968177694,8.352540655900431E-4,1.5869181570803722E-4,0.0014025726757157667,0.025132846256107923,0.058277070939862216,9.587742557865508E-4,7.347296040946583E-4,0.006065308959099432,0.0010754025692194472,0.0010882941755717924,0.0017251150911081552,0.0011025752270368784,0.0010332113399360195,0.0015599213572043244,0.0011854569100631927,9.621064625994061E-4,0.002000371524814549,0.008433736459588713,0.001057458696274052,0.0013952985974234754,0.0013810237436416451,6.811132185525823E-4,0.0018613790343327107,7.737844603106808E-4],[0.0010535966804938771,0.0063048060702764926,7.368955727082312E-5,6.118135283592574E-4,7.393914354926389E-5,1.6607828023741596E-4,8.940280080523126E-4,1.2165833688914618E-4,1.2623320933724777E-4,1.5038239923469048E-4,7.4831404087187E-4,0.0010169269076664702,1.715165776511754E-4,1.1847499878573492E-4,3.2327892016713165E-4,0.0029074810987932574,8.267008098078744E-5,8.472346325837333E-4,0.03512269907781897,7.994459176469575E-4,5.984855351613574E-4,1.0,1.2986731981144982E-4,4.97046595887206E-4,1.2501557935697688E-4,4.7545056585045393E-4,0.013907246357698664,0.012282680008860654,5.2297577307248966E-5,1.6255228671039522E-4,0.004966003923350194,1.706517723432736E-4,1.3203313709350808E-4,0.0014229250803186697,8.13486674616853E-4,7.60549825743876E-4,0.0012827816297909607,2.8385495751126076E-4,2.1539870634418285E-4,0.0016981344357200568,0.0026868408244204527,5.91240811163236E-4,2.138643609184416E-4,4.091493526551625E-4,5.2892967008004224E-5,8.995562860620839E-4,1.6298899342003084E-4],[0.0026655309967792144,4.5916747825633397E-4,1.6784464475862334E-5,5.411259506136567E-4,1.9989841343891075E-5,9.125949184775697E-5,8.584123108792938E-4,6.016514491039715E-5,1.7395648007973146E-5,4.3698019901527984E-5,5.88419378329384E-4,0.001063587317312605,1.7938857807158476E-5,1.881053051144855E-5,4.911890370787154E-4,0.002194867795677293,2.2125695325896045E-5,2.7760747673012345E-4,0.024690466436444264,0.001157371736092089,0.0011527227968177694,1.2986731981144982E-4,1.0,1.5016378229929807E-4,3.3948068439651937E-5,6.002046016094017E-4,0.03425206138670204,0.012732906292634202,1.9204756685118743E-5,2.2722796278982777E-5,0.005167612788807588,7.410520686815158E-5,9.116602377025385E-5,0.0015818156206755902,2.0257303565864807E-4,3.5920857237785455E-4,9.372420127573524E-5,2.1229916722327098E-4,2.6517497754998656E-4,6.824975064799389E-4,0.006810130743735315,7.681571987916407E-4,1.347535893995585E-4,8.105696386497202E-4,1.8566103588502296E-5,7.76110358401602E-4,4.547729297081855E-5],[0.0017388448746720525,0.0034349242753893873,1.6671230185095223E-4,0.001163745361738586,2.2479143603627093E-4,4.561289982399757E-4,6.63619466847253E-4,6.798095764804249E-5,2.157823505126699E-4,3.6343065366989993E-4,9.127626818636892E-4,5.577184015335519E-4,3.268023782667887E-4,4.1875602111819384E-4,8.488419067886746E-4,0.007010150133806588,4.98820122789342E-4,0.003737328348118639,0.017299288328451443,6.834270174719937E-4,8.352540655900431E-4,4.97046595887206E-4,1.5016378229929807E-4,1.0,3.982506939542074E-4,6.009868639810584E-4,0.018235964143539833,0.02031111934307917,2.9578274646302E-4,4.288865277667915E-4,0.0015778162229979167,5.001222086239217E-4,4.929966968813999E-4,0.0016822515518583438,6.176523382247553E-4,9.986174287447557E-4,8.242461655357464E-4,9.919698955628033E-4,3.764497816776844E-4,6.361220285925241E-4,0.005377927395433043,6.151055476106993E-4,4.8670162099146813E-4,0.0010395748589825575,4.8490014011053474E-4,0.001363611480197502,2.373071199011761E-4],[0.0036591376927055923,0.007758527720157496,1.4010479738555062E-5,1.2261864085822224E-4,2.9787820491000193E-5,7.506880996852275E-5,4.7727976475721724E-4,6.247410582296963E-5,2.203469940201932E-5,6.904199665079959E-5,7.856233444217038E-4,3.410329199458717E-4,2.1659918789682642E-5,3.553103204786148E-5,9.116701716171157E-4,0.0010681654925324368,4.310755610424721E-5,0.0021870233905023134,0.04012937061584469,6.18742632772193E-4,1.5869181570803722E-4,1.2501557935697688E-4,3.3948068439651937E-5,3.982506939542074E-4,1.0,9.885332480156943E-5,0.011279616619599702,0.004293785838910589,2.5491883758824507E-5,4.157959235263783E-5,0.006731097631808005,1.1421742578859078E-4,9.902597301067993E-5,0.0014704916462676785,4.228634584457724E-4,4.377133448276952E-5,0.0013613320167632189,5.997835476462263E-4,2.4270904253191709E-4,0.0023587463247206025,0.0032985411565064474,7.353109810975669E-4,1.2314387887865397E-4,7.226456568452592E-4,3.897816807311382E-5,4.6132098898550724E-4,4.6920580718939304E-5],[0.0032480584480741584,0.008118601302786094,6.556422835144702E-5,0.0011599718326117082,8.165672648386489E-4,9.311821291287597E-4,0.0011769945483478717,7.433886528837923E-4,5.643546610986555E-4,0.001050012387553097,0.001173866554084422,0.001148105625717566,8.014247436149546E-4,6.947506366022146E-4,0.0010996156487344416,0.005288527369267762,9.226637714320279E-5,0.0013137059006992806,0.0413763977624642,0.0014103711033547804,0.0014025726757157667,4.7545056585045393E-4,6.002046016094017E-4,6.009868639810584E-4,9.885332480156943E-5,1.0,0.025194792598299293,0.07085047241088822,2.1000500127124052E-4,4.2797240915477255E-4,0.004324237733095088,3.767047452322268E-4,2.8022546888875263E-4,0.0016450240852278605,0.0010860864917269233,0.001132783821956431,0.0013717086396954833,0.0011040156381569828,0.0011100164364740944,0.0025360797489401158,0.0021945871230509206,0.0010938364258906855,6.674965554546472E-4,0.001088049496437494,8.125987526707637E-4,0.001521129530221859,0.001052319919472327],[0.04055256755115312,0.043293571187944746,0.03832404684740715,0.0014392279610215288,0.044760824016518486,0.006475065140332977,0.027150525361016427,0.013464122247720362,0.015373385434734136,0.04362651244428811,0.009647950362122055,0.03972263544398935,0.05832804690168751,0.007379276258125172,0.050310716415829626,0.012581340243549323,0.014011498545009422,0.007482140253234111,0.045784438807361695,0.038035178319681597,0.025132846256107923,0.013907246357698664,0.03425206138670204,0.018235964143539833,0.011279616619599702,0.025194792598299293,1.0,0.07128154713590677,0.057867213418788886,0.01595171624863152,0.05337500367230796,0.03421326518688127,0.006189922003389611,0.019107546239619584,0.04496651292918278,0.05715803029987277,0.05652665703960909,0.03994624585325067,0.05855444407343147,0.040349455368086054,0.04310939963688695,0.00195401703871958,0.021775583748475914,0.0392747071132513,0.020727851734500112,0.01858140146683395,0.047631951020412164],[0.05130415294723869,0.07030961611521415,0.06200232013295552,0.07073711420340686,0.049181271794603895,4.0679742499724977E-4,0.0031011467356466408,0.054844106945658375,0.02518491342392099,0.05011285156656913,0.04500063937099168,0.06604609805723682,0.023528985156572462,0.05728815024915364,0.01133106692721025,0.060435326768107124,0.031377168988213334,0.02947470503397773,0.07133959087758936,0.010235211069609517,0.058277070939862216,0.012282680008860654,0.012732906292634202,0.02031111934307917,0.004293785838910589,0.07085047241088822,0.07128154713590677,1.0,0.04500134115680045,0.06634625681912504,0.044880433600150337,0.025890599653904642,0.024957005149762766,0.05215936245667726,0.01988503914542744,0.042632577930878726,0.04629301396012531,0.06539760640680335,0.06690170777271277,0.007323943065825962,0.02457851764582537,0.004793063475094689,0.026470336989442164,0.04816592583627652,0.06733494933409782,0.04736948167683836,0.026069603404405964],[3.155760612659751E-4,0.007809325788230724,1.6113172997637333E-5,8.496352346212614E-4,2.0692993976605408E-5,6.311472414096226E-5,0.0010319066224767706,2.365420195593477E-5,1.5677903858982257E-5,7.762787528867128E-5,3.2917328186314495E-4,2.3884782843776442E-4,1.7960804290552582E-5,1.5186636267900351E-5,7.714567984335846E-4,0.0012162482320067457,2.762636841245712E-5,0.0031931247239195925,6.608667450973348E-4,4.04297967980869E-4,9.587742557865508E-4,5.2297577307248966E-5,1.9204756685118743E-5,2.9578274646302E-4,2.5491883758824507E-5,2.1000500127124052E-4,0.057867213418788886,0.04500134115680045,1.0,3.4762560399812144E-5,0.005999064056330937,9.647854111588145E-5,1.0286008469241725E-4,3.9176986992570757E-4,0.0010483424924181252,8.441966794727097E-4,1.7185444092284737E-4,8.077825646240278E-4,1.492375429651985E-4,4.8159517803245205E-5,0.0036301355835244077,9.63221029514648E-4,3.7160939541698636E-5,9.970940675942213E-4,1.753918539013531E-5,0.001016321315715809,6.100881095549954E-5],[0.0018874355136383036,0.005947481464793295,2.5464463551215227E-5,5.167497719012174E-4,2.211746476930802E-5,8.47928747736578E-5,7.701368509171234E-5,4.8758383447776565E-5,1.9011192822750305E-5,7.520510718239867E-5,1.0197837256450802E-4,1.9472718607675292E-4,1.8154658056984517E-5,2.1521130826308174E-5,4.2176999301664174E-4,0.001158200466832749,3.665762295764043E-5,0.0012800724141432004,0.0416015959343807,4.2322385128092105E-4,7.347296040946583E-4,1.6255228671039522E-4,2.2722796278982777E-5,4.288865277667915E-4,4.157959235263783E-5,4.2797240915477255E-4,0.01595171624863152,0.06634625681912504,3.4762560399812144E-5,1.0,5.758561696520768E-4,1.5599596118393656E-4,1.2684298628458244E-4,3.161241083423444E-4,8.3490498422036E-5,6.604212804184243E-4,6.658137858045685E-4,7.727074025277728E-4,2.139299398793026E-4,5.952822345968022E-4,0.004402478885807475,6.455945396913566E-4,5.4824859476535104E-5,0.0010575999814435805,3.1966788364903285E-5,8.545105169914513E-4,9.276390716808451E-5],[0.0065965531939996755,0.008437275740488246,0.0065357430125215455,0.0015115227297490762,0.0016752507602445163,0.002339295428811191,0.007255301086317245,2.742855544008914E-4,0.005350398087279145,0.006070194060357406,0.006372162476072379,0.004640966394651857,0.002074254881169959,0.0025250191771307127,0.005450227573254491,0.008179617247245557,0.005039552136379072,0.004498864084185994,0.04230454019771121,0.0019799167387966276,0.006065308959099432,0.004966003923350194,0.005167612788807588,0.0015778162229979167,0.006731097631808005,0.004324237733095088,0.05337500367230796,0.044880433600150337,0.005999064056330937,5.758561696520768E-4,1.0,0.003980996187878091,0.00364261948559213,0.003599285450869953,0.0069977077577873465,0.0070963849589866235,0.005059901979569938,0.007003474270710905,0.006295930147946453,0.0037724532373836295,0.008815914668064752,0.003136237832715622,0.007186390250034629,0.002810361324559532,0.0021564161104861827,0.004510362638473071,0.005261203756017086],[0.0018982562412467182,0.007236889637574623,4.9350223271590534E-5,5.681430549491465E-4,1.2177123604797932E-4,1.1566998601896146E-4,0.0010428940735567156,1.1435388055133468E-4,3.68583744422233E-5,1.173808941393233E-4,0.0011786873127125437,5.895698511710014E-4,3.812506477763434E-5,8.814939180095519E-5,8.312849343316568E-4,0.001121963992971261,4.055765309895315E-5,0.0025853910674570103,0.024814756337890598,6.891970427345291E-4,0.0010754025692194472,1.706517723432736E-4,7.410520686815158E-5,5.001222086239217E-4,1.1421742578859078E-4,3.767047452322268E-4,0.03421326518688127,0.025890599653904642,9.647854111588145E-5,1.5599596118393656E-4,0.003980996187878091,1.0,1.4467116122400566E-4,3.411463314029669E-4,8.226121529448648E-4,8.916021652133608E-4,2.1010201151759492E-4,7.530149463940756E-4,1.8709557643504528E-4,2.213209929726459E-4,3.6973802523476365E-4,1.8430156627317277E-4,2.1201022179854104E-4,6.841251223503639E-4,1.0340308213117132E-4,0.0015054342204128452,1.170756697746431E-4],[0.0019012488143427746,0.008190289013605884,6.844161760087037E-5,6.522498245296691E-4,3.9574827821406975E-5,1.2167919312622385E-4,4.943992798010675E-4,1.084058639277201E-4,1.643472973016639E-5,1.2155659463287628E-4,6.073748254945995E-4,9.833356432957213E-4,6.808113337475947E-5,8.435759911643052E-5,3.5440402216002393E-4,0.004833227016797567,5.415529542180224E-5,7.568282127686887E-4,0.004656556667059143,0.0010043071593912117,0.0010882941755717924,1.3203313709350808E-4,9.116602377025385E-5,4.929966968813999E-4,9.902597301067993E-5,2.8022546888875263E-4,0.006189922003389611,0.024957005149762766,1.0286008469241725E-4,1.2684298628458244E-4,0.00364261948559213,1.4467116122400566E-4,1.0,0.0017339033538405148,5.039920179448758E-4,8.327589016478533E-4,0.0010181686502219334,3.2837420463998485E-4,2.0333317544472075E-4,0.0021640162768647745,0.008347738351059014,4.951527556914359E-4,2.0763682174411736E-4,4.899256292603932E-4,2.689122643708559E-5,0.001567655708696452,1.1230232747409642E-4],[0.0024329438195857273,0.0035605040862905215,0.0013665947826509725,0.0013369097464389884,4.4952733938033695E-4,0.00137719129149638,0.0016640468320898519,0.0012044046719373316,1.1484142283612429E-4,0.0012626510077341565,0.0014984763606977316,0.0016138538982602788,0.0012244700004727025,0.001735693881691648,0.0010687113080422273,0.006601439918527739,0.0015269202492578587,0.0040672234859496816,0.020798686657166596,0.001578285423046651,0.0017251150911081552,0.0014229250803186697,0.0015818156206755902,0.0016822515518583438,0.0014704916462676785,0.0016450240852278605,0.019107546239619584,0.05215936245667726,3.9176986992570757E-4,3.161241083423444E-4,0.003599285450869953,3.411463314029669E-4,0.0017339033538405148,1.0,0.0015747626470448096,0.0011200509701453152,0.001738901768479135,0.0013025718651856197,0.0014127187148012849,0.0022244618983605817,0.0037073041897634574,0.0016726203588386694,5.877792938023387E-4,0.0014259240510520234,8.242975565262468E-4,0.0018709762459677023,3.8265918811054096E-4],[0.002167416661029535,0.005297092396050528,7.635793770354087E-4,0.0011096410494604255,7.556710255167905E-4,8.383877110097794E-4,0.0012592686012693325,7.744751999544865E-4,2.359547480699386E-4,5.154199027909693E-4,0.0010780580172859485,0.0011009471805941342,2.2314544090220969E-4,0.001018892637243217,0.0010614506389746974,0.002734471655715762,6.977728632192017E-4,0.002939399811855492,0.04158947779106371,0.0012895777239424811,0.0011025752270368784,8.13486674616853E-4,2.0257303565864807E-4,6.176523382247553E-4,4.228634584457724E-4,0.0010860864917269233,0.04496651292918278,0.01988503914542744,0.0010483424924181252,8.3490498422036E-5,0.0069977077577873465,8.226121529448648E-4,5.039920179448758E-4,0.0015747626470448096,1.0,0.0010172877377349788,0.0011633869906737637,0.0010582082421241974,5.24139315823258E-4,0.0018461487168030112,0.002414253571914984,0.0010555076980978614,8.408648002998236E-4,0.0010747544566561895,8.05138168154742E-4,0.001282932412762516,6.87938830159267E-4],[0.003143578803231375,0.006957651016965702,4.084822327064724E-4,0.001142585281324744,7.306074869940582E-4,9.05421228200978E-4,0.001105248322646646,7.597599873494746E-5,9.342102212985498E-4,5.167679462033788E-4,0.0010871206745408464,0.0010578632035082235,7.369215253396614E-4,4.802323446366005E-4,0.0010414911361148937,0.0076546715136872195,9.326105255928576E-4,0.0038213112582856073,0.03866374004463194,0.0011985322292877199,0.0010332113399360195,7.60549825743876E-4,3.5920857237785455E-4,9.986174287447557E-4,4.377133448276952E-5,0.001132783821956431,0.05715803029987277,0.042632577930878726,8.441966794727097E-4,6.604212804184243E-4,0.0070963849589866235,8.916021652133608E-4,8.327589016478533E-4,0.0011200509701453152,0.0010172877377349788,1.0,0.0012015006868376149,0.0010492745946094626,9.057966688376301E-4,0.002082399281793267,0.009260189313944284,0.0010123786419649276,4.8021784643717015E-4,0.0010170317945872413,7.649179923666084E-4,0.001416108735790302,6.300311730813392E-4],[0.002118438318039593,0.006119907777229222,6.226535551447032E-4,0.0014526772675966517,4.0052675163407123E-4,0.0010627573175554198,0.0015690378866062972,7.529801872479713E-5,6.837933930115257E-4,0.0011633033234714975,0.0014377660444745287,0.0011716383710245464,1.7413386286688152E-4,7.037816469470138E-4,0.0012277091328328075,0.005816869230656643,6.03205146838262E-4,0.00325840523518721,0.02793812676082232,0.001467245186056855,0.0015599213572043244,0.0012827816297909607,9.372420127573524E-5,8.242461655357464E-4,0.0013613320167632189,0.0013717086396954833,0.05652665703960909,0.04629301396012531,1.7185444092284737E-4,6.658137858045685E-4,0.005059901979569938,2.1010201151759492E-4,0.0010181686502219334,0.001738901768479135,0.0011633869906737637,0.0012015006868376149,1.0,0.0011151140370224643,8.02077288711323E-4,0.001874047880033546,0.0041504750248029425,0.001446169090103395,3.963074335976535E-4,0.0011773749386444008,0.0013345367059112551,0.0016370280105887896,9.133397411421528E-4],[0.0028248137444597914,0.0083575361280356,5.816022159006408E-4,0.001072504090143455,3.4574980466047986E-4,4.5098193264232604E-4,0.001302257439983086,6.676074356445729E-4,2.4700892882756944E-4,9.182510906600781E-4,0.0010605883897388973,0.0011095115376641641,2.949354536636843E-4,3.580914313497611E-5,0.0010556534523128945,0.0060216599652138415,8.198184413095533E-4,0.0041076973330252875,0.04006278771788644,0.0013160547280411576,0.0011854569100631927,2.8385495751126076E-4,2.1229916722327098E-4,9.919698955628033E-4,5.997835476462263E-4,0.0011040156381569828,0.03994624585325067,0.06539760640680335,8.077825646240278E-4,7.727074025277728E-4,0.007003474270710905,7.530149463940756E-4,3.2837420463998485E-4,0.0013025718651856197,0.0010582082421241974,0.0010492745946094626,0.0011151140370224643,1.0,9.99995887878173E-4,0.0015753688316382734,0.001593573826065604,0.001047369595443826,6.450689060963186E-4,0.0010695055964468762,8.066358016011613E-4,0.0017355086424730496,9.215586299482618E-4],[0.0023388711151708617,0.0026873547832593344,2.147102575722091E-4,0.001102670890077683,1.115683844114384E-4,2.155259328022318E-4,0.0010180638986346151,2.6345225343250557E-4,1.5824584742430561E-4,3.020143362444698E-4,4.745934590321767E-4,3.7071138196344787E-4,8.472835539271852E-5,3.2418013430429406E-4,5.992633849835269E-4,0.0029896547762056835,1.176089162524658E-4,5.766153365866218E-4,0.023172684429595226,6.18241210644443E-4,9.621064625994061E-4,2.1539870634418285E-4,2.6517497754998656E-4,3.764497816776844E-4,2.4270904253191709E-4,0.0011100164364740944,0.05855444407343147,0.06690170777271277,1.492375429651985E-4,2.139299398793026E-4,0.006295930147946453,1.8709557643504528E-4,2.0333317544472075E-4,0.0014127187148012849,5.24139315823258E-4,9.057966688376301E-4,8.02077288711323E-4,9.99995887878173E-4,1.0,8.101092545682329E-4,0.009583022134845265,7.84768657792464E-4,2.355638225265264E-4,8.714198094199876E-4,3.4951783284347114E-4,4.4276931955853266E-4,2.385287601085124E-4],[0.0026873698612782586,0.006748052315843283,0.0024610834616788204,0.002178608721902755,8.682505752120692E-4,0.0013558341861188304,0.0022635378883289034,0.0015463168333258138,6.501338064885214E-5,0.0014604737062628782,0.0018735890183617261,0.0019962214282211585,0.001570812847525486,0.00226786978111978,0.0016591862954134025,0.007374529305531882,4.383175329441358E-4,0.0034617263502242854,0.026638445862088883,0.002330552501781022,0.002000371524814549,0.0016981344357200568,6.824975064799389E-4,6.361220285925241E-4,0.0023587463247206025,0.0025360797489401158,0.040349455368086054,0.007323943065825962,4.8159517803245205E-5,5.952822345968022E-4,0.0037724532373836295,2.213209929726459E-4,0.0021640162768647745,0.0022244618983605817,0.0018461487168030112,0.002082399281793267,0.001874047880033546,0.0015753688316382734,8.101092545682329E-4,1.0,0.005631614885412124,0.0020693584315737675,4.8710401212359713E-4,0.001721990113081977,1.1111017925880605E-4,0.0021471121622029837,4.481884261383084E-4],[0.007699045420458137,0.008947357966483986,0.003499837932489847,0.00424174412617667,0.005287792804279118,0.005836025689373581,0.008016160306336242,0.007742238997948549,0.007659585092922328,0.007743051744722884,0.004483187740421113,0.00886481537626588,0.002717448034449622,0.0027748785012920545,0.009045907298035002,0.009528655105068963,0.004167873633778435,0.006721246276713088,0.04237241754822759,0.005490464976402813,0.008433736459588713,0.0026868408244204527,0.006810130743735315,0.005377927395433043,0.0032985411565064474,0.0021945871230509206,0.04310939963688695,0.0245785176458253