[[1.0,0.0010197740679509116,0.001046720465595561,6.595968691592794E-4,0.0010216071269608799,1.9177105940720372E-4,7.490690437264205E-4,9.277311487795607E-4,6.106010308973277E-4,1.6076888792989063E-4,0.0058715159563140495,0.0048780684420059225,0.004939986820918991,0.0033406896029468426,2.588539738155941E-4,0.0013621509006501726,9.112121487341108E-4,9.001813056464895E-4,2.1445635243431136E-4,5.997887027462296E-4,4.477015519549512E-4,5.170687282518543E-4,8.925950731613678E-4,5.332741110720909E-4,6.27880595410771E-4,5.225365909749931E-4,8.813476301173429E-5,0.007519005989216292,0.0010561838584753525,4.4866167990197635E-4,8.03158641408571E-4,0.0013536467866264892,0.0010825539376569217,5.466095807117588E-4,0.0015498532489867213,0.0010223117904388482,0.005767700273464619,0.0019707074606816243,0.0011389414508667871,0.005356376590132596,0.016979890596194532,4.021781756427602E-4],[0.0010197740679509116,1.0,9.959601291331575E-4,3.802441272431508E-4,0.0010722615777556351,2.1085202275866798E-4,8.74597458199683E-4,8.268790302739914E-4,2.9198245593201695E-4,3.5355236125379275E-4,0.005881181215782107,0.011924256306726428,0.013773062751308834,0.002451162138116974,1.0084437614253738E-4,0.0012009657050035146,3.6826165166592645E-4,9.420066676477854E-4,1.520957643625211E-4,6.20280336655696E-4,1.4610086060401955E-4,7.963764069200258E-4,2.243465720716992E-4,6.722977271736044E-4,9.169024821602733E-4,3.867520770076888E-4,1.855640194401934E-4,0.009397228756720482,0.0010044109824130236,9.157076471650421E-4,6.417050758880795E-4,0.0010694899383256959,0.0019930551272840406,7.683249982736522E-4,0.0021205230553401847,9.583686892071662E-4,0.004360718558169709,0.0018067174238402496,0.0010444164134829684,0.0072420218868951315,0.03029205719203434,5.362002408310009E-4],[0.001046720465595561,9.959601291331575E-4,1.0,0.0010424206302055501,0.001207011570429353,2.0015079244581818E-4,2.594125403832986E-4,9.94500675285454E-4,4.344054886147306E-4,8.169534066958329E-4,0.006679678801992286,0.00800091940093892,0.011745285322833194,0.009158127165512007,6.288258550821836E-4,0.0014054929259295441,8.901590475525029E-4,1.840805787165359E-4,0.0011346768661838638,8.143319515257882E-4,9.951169075777674E-4,0.001024587825071757,0.0011131946420313917,8.045793290369365E-4,0.0011399238254307825,0.0010591701363883803,8.172775670178297E-4,0.003191463018868461,0.0012095451254262187,8.391906704801463E-4,4.29621202553031E-4,0.001330178252890925,0.006002978763408488,4.575890370890962E-4,0.0019860660511374284,0.0010690366789067151,0.002956683049406105,0.00271584758237961,0.0012110645963792977,0.014790463835888645,0.005795120818349055,9.414308508077963E-4],[6.595968691592794E-4,3.802441272431508E-4,0.0010424206302055501,1.0,4.657946619226996E-4,1.078597710680764E-5,1.5476538184408875E-4,2.1314799167214025E-4,4.951256821742786E-5,1.2658409249880419E-5,1.4564626473309252E-4,0.006823430983341234,0.01155990279333395,0.0011788515814225688,1.2853924817514677E-5,4.917455807742085E-4,1.5611826716280282E-5,1.5010399638176376E-5,2.956299444542965E-5,1.4405352336677898E-4,4.8741472564204795E-5,2.812341618150807E-4,1.1051466693044112E-5,2.392254812271006E-4,4.831309403276127E-5,1.1786066077507184E-4,1.1035251137842998E-5,0.004686671624129626,7.542946030803467E-4,2.443210596026644E-5,1.4982784031917241E-5,2.0421231307920105E-4,0.002289287079805816,7.601768954119968E-5,4.2251903521136285E-4,9.703053424501759E-4,0.0077528172153544656,0.002061436205881029,5.526499558891429E-5,0.011050608322851417,0.03912587745878749,5.156833545606384E-5],[0.0010216071269608799,0.0010722615777556351,0.001207011570429353,4.657946619226996E-4,1.0,5.132635177757884E-4,6.283241420792396E-4,7.847372981071244E-4,7.475341144451211E-4,3.4477256901944384E-4,0.0027492235669477087,0.008879727587914263,0.0011967720950670484,0.0053521727712054785,1.813511123443679E-4,0.001094127615482952,9.469243920066647E-4,2.2891820501056424E-4,3.9411797563653086E-4,8.013219028465507E-4,8.655934541897952E-4,6.712153499784474E-4,1.0680250997008608E-4,6.539539003198255E-4,6.883910959901594E-4,3.3888816822984875E-4,7.021956541076892E-4,0.0028783475314967197,0.0010929069466619574,0.0010875393762229961,6.670973472159194E-4,0.001228156930209829,0.006701683488377532,9.431970358298293E-4,0.0021094171512342262,0.0010277498885010014,0.003254294501580328,0.0013206320989886215,0.0011014387186133398,0.004079698119784111,0.04442181251623854,0.001056960220778673],[1.9177105940720372E-4,2.1085202275866798E-4,2.0015079244581818E-4,1.078597710680764E-5,5.132635177757884E-4,1.0,1.4492639256409324E-4,2.401929755524844E-4,4.751034782624547E-5,1.0450990589219498E-5,0.002113674984024142,0.013028354822910699,0.013597795722166253,0.005476407241603933,1.2155859630990045E-5,0.001411723407831688,1.847743546027894E-5,1.0369243718624479E-5,6.674463651091083E-5,3.4857151679139944E-4,9.084202924714666E-5,2.7471866788330814E-4,1.0392807973047505E-5,2.9641732624802E-4,5.266005150215135E-5,7.022836701767456E-5,1.0597508877258622E-5,0.007845507103959854,4.22296029896007E-4,2.5380642167621573E-5,1.6883273706018293E-5,6.17056048907233E-4,0.0019702291892264375,2.981864456151601E-5,0.001292304265884483,9.03452853067758E-4,0.002706420836813411,0.00249551696561693,8.45180968217536E-4,0.015002996740068983,0.002937931400735638,9.591513742834424E-5],[7.490690437264205E-4,8.74597458199683E-4,2.594125403832986E-4,1.5476538184408875E-4,6.283241420792396E-4,1.4492639256409324E-4,1.0,1.9773789723202874E-4,7.485881738559009E-5,8.141655578325338E-5,0.0022608110909391787,0.01220005931060842,0.01262322026348295,0.009363425180873538,1.5459749058176038E-4,4.620671075350166E-4,4.3275828824846234E-5,2.105679569186445E-5,1.3899139182968343E-4,3.668413683734151E-4,1.3192223553042305E-4,1.9464643858717196E-4,1.5428266169595172E-4,3.1546095425105203E-4,1.8846590714659517E-4,1.7584699598995185E-4,6.774868300780552E-5,2.2505586964347398E-4,4.149344472200382E-4,1.6306557130279977E-4,1.5304983778226196E-4,9.926779878625495E-4,0.004210032731723265,1.1873481617315714E-4,8.142613530999314E-4,9.763563421396697E-4,0.005314050447209449,0.0028399459313921483,2.1383419183175576E-4,0.00425899638880683,0.03437152652390268,1.4779950455758985E-4],[9.277311487795607E-4,8.268790302739914E-4,9.94500675285454E-4,2.1314799167214025E-4,7.847372981071244E-4,2.401929755524844E-4,1.9773789723202874E-4,1.0,2.144888416855485E-4,1.7389099191334536E-4,0.005210938767792109,0.00397283736615644,0.008879470808419197,0.010596838654280322,1.535645249712345E-4,5.82947230396005E-4,2.358129803587465E-4,3.7403725513266374E-5,1.7001126227456282E-4,3.658335868748328E-4,1.8190516375002783E-4,3.579020839900997E-4,7.441080435414345E-5,3.442244749819913E-4,3.5092717644277544E-4,1.8266509405501626E-4,2.2738878274910552E-4,0.008716500498129552,5.674624110292813E-4,1.3331581653400432E-4,1.1716258754615405E-4,3.893545622582114E-4,0.004480655566924019,9.79064537940351E-5,5.768949423756972E-4,6.573145374245688E-4,0.002610132550495063,0.002934554404624953,4.962857991455819E-4,0.0062362670878311705,0.035139710270441014,2.0324880742982212E-4],[6.106010308973277E-4,2.9198245593201695E-4,4.344054886147306E-4,4.951256821742786E-5,7.475341144451211E-4,4.751034782624547E-5,7.485881738559009E-5,2.144888416855485E-4,1.0,1.623236493105152E-5,0.0025569918336694254,0.006277628320495516,0.002440118907247635,0.007705693339894149,2.5786908467039023E-5,1.0540320848229797E-4,4.865767145829076E-5,4.4865062209411936E-5,8.507013863907236E-5,1.9778899565215307E-4,1.0401382923426556E-4,1.9050730798807382E-4,3.345268064237409E-5,1.4402656806200245E-4,3.62195103435077E-4,1.2128227644238517E-4,2.294528771820949E-5,0.008830774294067183,3.033883094935948E-4,5.071101450049798E-5,4.6715659462523735E-5,0.0012898893477010477,0.006679214081339025,6.1773797134735E-5,0.0020055388349409413,5.23434017254185E-4,0.0026631197379190005,3.911198516789297E-4,6.284649269272803E-4,0.010106717222676392,0.017597742764299273,5.683408343114657E-5],[1.6076888792989063E-4,3.5355236125379275E-4,8.169534066958329E-4,1.2658409249880419E-5,3.4477256901944384E-4,1.0450990589219498E-5,8.141655578325338E-5,1.7389099191334536E-4,1.623236493105152E-5,1.0,0.005748057594342151,0.009236866101618285,0.011159962737494077,0.004214058553526487,1.4719895280515495E-5,3.551736697965302E-4,1.745048867093501E-5,1.4484580655848172E-5,5.007742270730579E-5,2.6898371450872508E-5,4.929539344763196E-5,3.5536110358343925E-4,1.0946999265180577E-5,3.2315387823131917E-4,2.61609791714958E-4,1.4817466096421894E-5,1.0996468864529622E-5,0.00909881584893594,0.001034977867632186,2.2661568865040362E-5,2.28017200663731E-5,2.5202044088026246E-4,0.00616420656618748,8.072367073723555E-5,0.0016889921585043304,8.94794799992194E-4,0.00183762545228906,0.001134762463712701,0.0010441644325855665,0.013495407460051389,0.021721702206692357,2.2393738953180107E-5],[0.0058715159563140495,0.005881181215782107,0.006679678801992286,1.4564626473309252E-4,0.0027492235669477087,0.002113674984024142,0.0022608110909391787,0.005210938767792109,0.0025569918336694254,0.005748057594342151,1.0,0.0100194104525773,0.011693952254906353,0.006988608350369033,0.005107136544428173,0.003934867174407769,0.006533752704000675,0.005483988312591413,0.006545199908765737,0.0014739686904430504,0.0010850836441313723,0.0012478850442973065,0.001563788183320231,0.006567900197738121,0.006359767364153445,8.140396478164633E-4,0.003079328765566127,0.010641198361684577,0.0035801661576290653,0.0059664505007207495,9.849850263848328E-4,0.0028522087164966573,0.007015142378786505,0.005365838929685172,0.0066656706534877,0.003915571959975504,0.007225669504760079,0.004395944662277032,0.002165540227219765,0.014787144514784798,0.03502770693021282,0.004604494245918595],[0.0048780684420059225,0.011924256306726428,0.00800091940093892,0.006823430983341234,0.008879727587914263,0.013028354822910699,0.01220005931060842,0.00397283736615644,0.006277628320495516,0.009236866101618285,0.0100194104525773,1.0,0.01608566002784223,0.011648654483191455,0.008498593636102395,0.015253636781560682,0.0028995065178509184,0.015381581496919268,4.4807114874982905E-4,0.005655476158272101,0.008969874247777206,0.005372242133383795,0.01223343957141056,0.010481959210218467,0.009394142592622468,0.013016127370923834,0.006424402121767434,0.013485395937592522,0.0023346256108587454,0.0031685793796113883,0.012827826669155188,0.006396681325241172,0.0082150133310736,0.01127889009811505,0.014735688990607322,0.01399026618205579,0.010773115200228098,0.003409986054138236,0.015278267489888192,0.01602410174180931,0.017870712150218064,0.014972176147131326],[0.004939986820918991,0.013773062751308834,0.011745285322833194,0.01155990279333395,0.0011967720950670484,0.013597795722166253,0.01262322026348295,0.008879470808419197,0.002440118907247635,0.011159962737494077,0.011693952254906353,0.01608566002784223,1.0,0.010753683823124235,0.013410903044399753,0.015119452564607236,0.01590456030144539,0.01111617291000336,0.0076982499731565,0.0024613886633397613,0.003337492641636176,0.007289679540427364,0.012354833083244794,0.011451106245287026,0.00901165487370731,0.0060662143067644475,0.013870528291395292,0.015443724434946002,0.0018523587725574075,0.014641065306516298,9.077028324793231E-4,0.01097558056275236,0.01473107470124042,4.131025655188797E-4,0.01056842087702881,0.013674382952014499,0.010017749819982602,0.011495177941645632,0.004265832747939438,0.016249048832525977,0.04226393958256951,2.2519521179013613E-4],[0.0033406896029468426,0.002451162138116974,0.009158127165512007,0.0011788515814225688,0.0053521727712054785,0.005476407241603933,0.009363425180873538,0.010596838654280322,0.007705693339894149,0.004214058553526487,0.006988608350369033,0.011648654483191455,0.010753683823124235,1.0,0.006977960173528343,0.006520204968370118,0.009620095369398805,0.006633181891919708,0.003040930194670428,0.0021814382525133856,0.007251718453140064,0.010539585001962668,0.004860985173863403,0.0035488726690472883,0.005865057368362312,4.433715989766061E-4,0.0030925559946246503,0.011190437547019007,0.0019450870231326224,0.006273098030954514,0.006063965498463002,0.006821200680263333,0.009757167069388187,0.00629123340183294,0.007662914202790416,0.0020372630830250904,0.008292339932736007,0.007133051951997728,0.005571362229783791,0.011376437548641911,0.01159563560910466,0.006204034849226072],[2.588539738155941E-4,1.0084437614253738E-4,6.288258550821836E-4,1.2853924817514677E-5,1.813511123443679E-4,1.2155859630990045E-5,1.5459749058176038E-4,1.535645249712345E-4,2.5786908467039023E-5,1.4719895280515495E-5,0.005107136544428173,0.008498593636102395,0.013410903044399753,0.006977960173528343,1.0,0.001408163924442892,1.9586469563974287E-5,1.8767371278750547E-5,5.556909439069189E-5,3.139913214597577E-4,1.817590857631281E-5,3.2244689388180624E-4,1.53508901862444E-5,1.050502591770206E-4,6.329060051491346E-5,1.2065421765760055E-4,1.5949502577149672E-5,0.0014958610193518925,5.524821536288593E-5,3.946816732080663E-5,1.77716424122052E-5,9.784139766498077E-4,0.004126102403114333,8.307493570215028E-5,4.475767866679518E-4,1.7317379898534484E-4,0.007845445031017742,6.948212527848604E-5,2.003670053880602E-4,0.004308702703716223,0.017479225656501143,7.79620013662795E-5],[0.0013621509006501726,0.0012009657050035146,0.0014054929259295441,4.917455807742085E-4,0.001094127615482952,0.001411723407831688,4.620671075350166E-4,5.82947230396005E-4,1.0540320848229797E-4,3.551736697965302E-4,0.003934867174407769,0.015253636781560682,0.015119452564607236,0.006520204968370118,0.001408163924442892,1.0,0.001107661868698553,5.6530180043829816E-5,8.694599127407799E-4,0.0011736936424416066,0.0010243658448879126,7.136079257627695E-4,2.0576967043123965E-4,7.874608046717388E-4,7.719968730421991E-4,0.0011630962482791782,0.0011620339176059646,0.005011899490614969,0.0013415366062860044,0.0014427572447868156,0.0015779443432058398,0.001528398359419467,0.0029250787350486246,0.0015121849447789347,0.0021398902216970875,0.0010576024418628457,0.0016895339945409685,0.0027393169709104184,0.0014244640923708138,0.007042428611717929,0.018199605325960874,8.368038033375273E-4],[9.112121487341108E-4,3.6826165166592645E-4,8.901590475525029E-4,1.5611826716280282E-5,9.469243920066647E-4,1.847743546027894E-5,4.3275828824846234E-5,2.358129803587465E-4,4.865767145829076E-5,1.745048867093501E-5,0.006533752704000675,0.0028995065178509184,0.01590456030144539,0.009620095369398805,1.9586469563974287E-5,0.001107661868698553,1.0,2.0048195796306877E-5,8.047110162622224E-5,1.5356347078434893E-4,9.443553127654367E-5,8.469016265004323E-5,1.2234731710033105E-5,1.9482420993162072E-4,2.566635701693337E-4,1.5030353749411078E-4,2.2491944255007906E-5,0.009523629144452895,5.194341421833784E-4,3.3302913070670735E-5,2.3091288302828377E-5,0.0012708147585630547,0.004841911612731829,4.005493547699813E-5,0.002044796175764347,9.456237908333224E-4,0.0031023353957934973,0.002301916695688939,9.10404300190544E-4,0.009105915439945655,0.03849000789059382,9.655282732497596E-5],[9.001813056464895E-4,9.420066676477854E-4,1.840805787165359E-4,1.5010399638176376E-5,2.2891820501056424E-4,1.0369243718624479E-5,2.105679569186445E-5,3.7403725513266374E-5,4.4865062209411936E-5,1.4484580655848172E-5,0.005483988312591413,0.015381581496919268,0.01111617291000336,0.006633181891919708,1.8767371278750547E-5,5.6530180043829816E-5,2.0048195796306877E-5,1.0,1.0319688161977159E-4,5.305790914106352E-5,2.3813461837289478E-5,3.3132638208404155E-4,1.7904234055600686E-5,3.9970079297573505E-4,6.877459868157639E-5,1.5435696854622567E-4,1.623547679320792E-5,0.009353650384270856,0.001015789666696305,3.834864243316352E-5,2.1661139564307652E-5,3.330462476589241E-4,0.0014196478968631447,8.778510658085102E-5,0.0016138906148991802,6.865904410327996E-4,0.0015498638671371033,1.4230304625745922E-4,0.0011107830846536066,0.010190139377222308,0.0022792922287566486,2.2734383368517744E-5],[2.1445635243431136E-4,1.520957643625211E-4,0.0011346768661838638,2.956299444542965E-5,3.9411797563653086E-4,6.674463651091083E-5,1.3899139182968343E-4,1.7001126227456282E-4,8.507013863907236E-5,5.007742270730579E-5,0.006545199908765737,4.4807114874982905E-4,0.0076982499731565,0.003040930194670428,5.556909439069189E-5,8.694599127407799E-4,8.047110162622224E-5,1.0319688161977159E-4,1.0,2.0401838076092066E-4,1.1425975679055113E-4,1.86609791576955E-4,7.919063469947742E-5,4.210293257627169E-4,3.329637292379647E-4,1.2228147399155812E-4,3.1347515795084585E-5,0.007031623012757225,4.272486275494277E-4,7.639363880170766E-5,3.2072725200289686E-5,9.747074331612478E-4,0.0018471388760902096,1.124432170711162E-4,4.4410525194559967E-4,7.2779336007293E-4,0.005959186220926723,0.001759100547800263,4.99441992283232E-4,9.168306396998131E-4,0.03487871091528772,1.1218434131498999E-4],[5.997887027462296E-4,6.20280336655696E-4,8.143319515257882E-4,1.4405352336677898E-4,8.013219028465507E-4,3.4857151679139944E-4,3.668413683734151E-4,3.658335868748328E-4,1.9778899565215307E-4,2.6898371450872508E-5,0.0014739686904430504,0.005655476158272101,0.0024613886633397613,0.0021814382525133856,3.139913214597577E-4,0.0011736936424416066,1.5356347078434893E-4,5.305790914106352E-5,2.0401838076092066E-4,1.0,3.431343338982073E-4,3.756563946893893E-4,2.5808162895995623E-4,4.353311744207985E-4,3.80028836800956E-4,3.427188402364067E-4,1.9769724538062603E-5,0.006279021088372774,5.061491078388336E-4,3.2547309124447476E-4,7.149045149379338E-5,9.472734428830299E-4,0.003765438433799867,9.32470770474035E-5,0.0011520704777156954,8.679278768948912E-4,0.005513147832448104,0.0026204184360215737,6.308784734033024E-4,0.007431975370500309,0.010995528339213159,1.015490013753981E-4],[4.477015519549512E-4,1.4610086060401955E-4,9.951169075777674E-4,4.8741472564204795E-5,8.655934541897952E-4,9.084202924714666E-5,1.3192223553042305E-4,1.8190516375002783E-4,1.0401382923426556E-4,4.929539344763196E-5,0.0010850836441313723,0.008969874247777206,0.003337492641636176,0.007251718453140064,1.817590857631281E-5,0.0010243658448879126,9.443553127654367E-5,2.3813461837289478E-5,1.1425975679055113E-4,3.431343338982073E-4,1.0,2.0248045536851156E-4,8.579509929467513E-5,3.797282982971362E-4,1.8758000507338845E-4,1.3486148630243214E-4,7.724941896010255E-5,0.006964599703720595,8.601630558491176E-4,8.370636476532956E-5,5.465382213979883E-5,4.1858049601424145E-4,0.003659357849166549,9.132667637108856E-5,6.77269045037738E-4,9.77676201112464E-4,0.0047242150857838535,1.9930499376189182E-4,1.400302835544781E-4,0.01044697756364738,0.05023742378073948,1.0797971895489035E-4],[5.170687282518543E-4,7.963764069200258E-4,0.001024587825071757,2.812341618150807E-4,6.712153499784474E-4,2.7471866788330814E-4,1.9464643858717196E-4,3.579020839900997E-4,1.9050730798807382E-4,3.5536110358343925E-4,0.0012478850442973065,0.005372242133383795,0.007289679540427364,0.010539585001962668,3.2244689388180624E-4,7.136079257627695E-4,8.469016265004323E-5,3.3132638208404155E-4,1.86609791576955E-4,3.756563946893893E-4,2.0248045536851156E-4,1.0,2.5934409658705487E-4,4.193938740995517E-4,4.017708090996849E-4,4.0833943335067573E-4,1.584910163781136E-5,0.00997044902219062,7.340075898592748E-4,1.6587767255081846E-4,3.5805214988806346E-5,4.529574431028512E-4,0.004676585206945299,2.7356635998049766E-4,0.001096022175811388,6.09647128693736E-4,0.002449618814054439,6.518906099541595E-4,6.741534249974254E-4,0.014714039354662978,0.031282309920911834,1.0822640377082216E-4],[8.925950731613678E-4,2.243465720716992E-4,0.0011131946420313917,1.1051466693044112E-5,1.0680250997008608E-4,1.0392807973047505E-5,1.5428266169595172E-4,7.441080435414345E-5,3.345268064237409E-5,1.0946999265180577E-5,0.001563788183320231,0.01223343957141056,0.012354833083244794,0.004860985173863403,1.53508901862444E-5,2.0576967043123965E-4,1.2234731710033105E-5,1.7904234055600686E-5,7.919063469947742E-5,2.5808162895995623E-4,8.579509929467513E-5,2.5934409658705487E-4,1.0,4.5366484438314793E-4,3.019940815590219E-4,1.2907851466688073E-4,1.0640081223354062E-5,0.003490557961135356,7.909988625807276E-4,1.0947838788776126E-5,1.227474876873506E-5,0.0010779848164399915,0.003510746139140124,7.539875168102477E-5,0.0010448240403223479,3.2834264664798166E-5,0.004252115638548916,0.0021514580196942803,9.137037731820829E-4,0.0038090756445498444,0.022527785584359174,3.928424618550342E-5],[5.332741110720909E-4,6.722977271736044E-4,8.045793290369365E-4,2.392254812271006E-4,6.539539003198255E-4,2.9641732624802E-4,3.1546095425105203E-4,3.442244749819913E-4,1.4402656806200245E-4,3.2315387823131917E-4,0.006567900197738121,0.010481959210218467,0.011451106245287026,0.0035488726690472883,1.050502591770206E-4,7.874608046717388E-4,1.9482420993162072E-4,3.9970079297573505E-4,4.210293257627169E-4,4.353311744207985E-4,3.797282982971362E-4,4.193938740995517E-4,4.5366484438314793E-4,1.0,4.010383577466098E-4,3.45827701568637E-4,2.047345969299384E-4,0.0027391759794815848,8.779874421669662E-4,3.242165626014095E-4,4.0546419836797213E-4,0.0010803649656107557,0.0030042426410816594,2.8882985786384094E-4,0.0014177924010482408,5.277443280686543E-4,0.0025995305910902107,0.0024602764499994205,6.903453341539884E-4,0.01454418157444348,0.01104583812463633,2.771352264033705E-4],[6.27880595410771E-4,9.169024821602733E-4,0.0011399238254307825,4.831309403276127E-5,6.883910959901594E-4,5.266005150215135E-5,1.8846590714659517E-4,3.5092717644277544E-4,3.62195103435077E-4,2.61609791714958E-4,0.006359767364153445,0.009394142592622468,0.00901165487370731,0.005865057368362312,6.329060051491346E-5,7.719968730421991E-4,2.566635701693337E-4,6.877459868157639E-5,3.329637292379647E-4,3.80028836800956E-4,1.8758000507338845E-4,4.017708090996849E-4,3.019940815590219E-4,4.010383577466098E-4,1.0,2.280959348727616E-4,2.97031336621336E-4,5.967350510024345E-4,8.113808087108295E-4,2.4200589985001324E-4,1.76394073805609E-4,0.0011496086473357825,0.006596998723512728,2.837865969203495E-4,0.001104292811021467,5.784103481751713E-4,0.004652160589458731,0.002179252857343312,7.998565530784425E-4,0.0010512689832350508,0.02025965575578213,1.3231133905866995E-4],[5.225365909749931E-4,3.867520770076888E-4,0.0010591701363883803,1.1786066077507184E-4,3.3888816822984875E-4,7.022836701767456E-5,1.7584699598995185E-4,1.8266509405501626E-4,1.2128227644238517E-4,1.4817466096421894E-5,8.140396478164633E-4,0.013016127370923834,0.0060662143067644475,4.433715989766061E-4,1.2065421765760055E-4,0.0011630962482791782,1.5030353749411078E-4,1.5435696854622567E-4,1.2228147399155812E-4,3.427188402364067E-4,1.3486148630243214E-4,4.0833943335067573E-4,1.2907851466688073E-4,3.45827701568637E-4,2.280959348727616E-4,1.0,3.2831325098271116E-5,0.011494373406985057,1.8617372197643966E-4,1.5388327032630597E-4,1.3634743580917227E-4,0.0010190660038494892,0.002010887689397922,9.368362614999073E-5,0.0013761702818146624,2.360320041272274E-4,0.004755871963815271,5.357488349278862E-4,9.46328818712217E-4,4.0439084049607185E-4,0.03940600186197639,1.2638654614935546E-4],[8.813476301173429E-5,1.855640194401934E-4,8.172775670178297E-4,1.1035251137842998E-5,7.021956541076892E-4,1.0597508877258622E-5,6.774868300780552E-5,2.2738878274910552E-4,2.294528771820949E-5,1.0996468864529622E-5,0.003079328765566127,0.006424402121767434,0.013870528291395292,0.0030925559946246503,1.5949502577149672E-5,0.0011620339176059646,2.2491944255007906E-5,1.623547679320792E-5,3.1347515795084585E-5,1.9769724538062603E-5,7.724941896010255E-5,1.584910163781136E-5,1.0640081223354062E-5,2.047345969299384E-4,2.97031336621336E-4,3.2831325098271116E-5,1.0,0.00457994095613048,4.088559178720503E-4,2.5166288268419737E-5,1.4501516014042658E-5,7.425271060766518E-4,0.00300159345464976,7.669409139828545E-5,0.0015486351861263253,5.205249743349436E-4,0.003703981994285843,0.0014259555774043327,9.239248379805279E-4,0.007633954416196576,0.034951413713880664,2.8459209072660924E-5],[0.007519005989216292,0.009397228756720482,0.003191463018868461,0.004686671624129626,0.0028783475314967197,0.007845507103959854,2.2505586964347398E-4,0.008716500498129552,0.008830774294067183,0.00909881584893594,0.010641198361684577,0.013485395937592522,0.015443724434946002,0.011190437547019007,0.0014958610193518925,0.005011899490614969,0.009523629144452895,0.009353650384270856,0.007031623012757225,0.006279021088372774,0.006964599703720595,0.00997044902219062,0.003490557961135356,0.0027391759794815848,5.967350510024345E-4,0.011494373406985057,0.00457994095613048,1.0,0.009770261193956593,0.011642522664542451,0.009141623351096055,0.010523633269443191,0.00945008961293689,0.008652321729250857,0.01004402554747425,0.006733508256124134,0.01134522928840799,0.006163116891432169,0.0028700393622560286,0.013878169801117106,0.029414840620171412,0.0015252589675398408],[0.0010561838584753525,0.0010044109824130236,0.0012095451254262187,7.542946030803467E-4,0.0010929069466619574,4.22296029896007E-4,4.149344472200382E-4,5.674624110292813E-4,3.033883094935948E-4,0.001034977867632186,0.0035801661576290653,0.0023346256108587454,0.0018523587725574075,0.0019450870231326224,5.524821536288593E-5,0.0013415366062860044,5.194341421833784E-4,0.001015789666696305,4.272486275494277E-4,5.061491078388336E-4,8.601630558491176E-4,7.340075898592748E-4,7.909988625807276E-4,8.779874421669662E-4,8.113808087108295E-4,1.8617372197643966E-4,4.088559178720503E-4,0.009770261193956593,1.0,1.9646835704924297E-4,4.3677856216231016E-4,0.0012046466004204937,0.005690153444024014,0.0010506966432141304,0.002150640281964807,0.0010963068306424917,0.0036657372155920525,0.002807600802319637,0.0011341615295312735,0.012323901999084265,0.04393914113834984,3.398551814860551E-4],[4.4866167990197635E-4,9.157076471650421E-4,8.391906704801463E-4,2.443210596026644E-5,0.0010875393762229961,2.5380642167621573E-5,1.6306557130279977E-4,1.3331581653400432E-4,5.071101450049798E-5,2.2661568865040362E-5,0.0059664505007207495,0.0031685793796113883,0.014641065306516298,0.006273098030954514,3.946816732080663E-5,0.0014427572447868156,3.3302913070670735E-5,3.834864243316352E-5,7.639363880170766E-5,3.2547309124447476E-4,8.370636476532956E-5,1.6587767255081846E-4,1.0947838788776126E-5,3.242165626014095E-4,2.4200589985001324E-4,1.5388327032630597E-4,2.5166288268419737E-5,0.011642522664542451,1.9646835704924297E-4,1.0,4.005917270926615E-5,5.686524388396508E-4,0.0035491259380425045,7.513551800771754E-5,4.5396450884837913E-4,8.14376087846383E-4,0.006695671924108393,6.839025340801125E-4,7.143963842103137E-4,0.013649801428549399,0.02205528165187669,6.97298882557915E-5],[8.03158641408571E-4,6.417050758880795E-4,4.29621202553031E-4,1.4982784031917241E-5,6.670973472159194E-4,1.6883273706018293E-5,1.5304983778226196E-4,1.1716258754615405E-4,4.6715659462523735E-5,2.28017200663731E-5,9.849850263848328E-4,0.012827826669155188,9.077028324793231E-4,0.006063965498463002,1.77716424122052E-5,0.0015779443432058398,2.3091288302828377E-5,2.1661139564307652E-5,3.2072725200289686E-5,7.149045149379338E-5,5.465382213979883E-5,3.5805214988806346E-5,1.227474876873506E-5,4.0546419836797213E-4,1.76394073805609E-4,1.3634743580917227E-4,1.4501516014042658E-5,0.009141623351096055,4.3677856216231016E-4,4.005917270926615E-5,1.0,0.001336778075366895,0.0026363192636961693,4.736047949408804E-5,0.0020461530188226715,6.804598914297931E-4,0.0012170717482612049,0.0025832594949544174,6.76578128135655E-4,0.011433113360934555,0.009395959362966097,7.73772845639968E-5],[0.0013536467866264892,0.0010694899383256959,0.001330178252890925,2.0421231307920105E-4,0.001228156930209829,6.17056048907233E-4,9.926779878625495E-4,3.893545622582114E-4,0.0012898893477010477,2.5202044088026246E-4,0.0028522087164966573,0.006396681325241172,0.01097558056275236,0.006821200680263333,9.784139766498077E-4,0.001528398359419467,0.0012708147585630547,3.330462476589241E-4,9.747074331612478E-4,9.472734428830299E-4,4.1858049601424145E-4,4.529574431028512E-4,0.0010779848164399915,0.0010803649656107557,0.0011496086473357825,0.0010190660038494892,7.425271060766518E-4,0.010523633269443191,0.0012046466004204937,5.686524388396508E-4,0.001336778075366895,1.0,0.006839077334225532,5.641709025477298E-4,0.001500364494750162,0.0010809114536602146,0.00301684662413725,0.0027426870540631382,0.001285119513503531,0.012899337507249729,0.03031230716783667,0.0012767400533343276],[0.0010825539376569217,0.0019930551272840406,0.006002978763408488,0.002289287079805816,0.006701683488377532,0.0019702291892264375,0.004210032731723265,0.004480655566924019,0.006679214081339025,0.00616420656618748,0.007015142378786505,0.0082150133310736,0.01473107470124042,0.009757167069388187,0.004126102403114333,0.0029250787350486246,0.004841911612731829,0.0014196478968631447,0.0018471388760902096,0.003765438433799867,0.003659357849166549,0.004676585206945299,0.003510746139140124,0.0030042426410816594,0.006596998723512728,0.002010887689397922,0.00300159345464976,0.00945008961293689,0.005690153444024014,0.0035491259380425045,0.0026363192636961693,0.006839077334225532,1.0,0.005242552078176636,0.004874840166936606,0.0040255016858815485,0.00742947384841436,0.004866758492190026,0.0026994480855475752,0.015419199397006592,0.035286440251887013,0.003540307039235606],[5.466095807117588E-4,7.683249982736522E-4,4.575890370890962E-4,7.601768954119968E-5,9.431970358298293E-4,2.981864456151601E-5,1.1873481617315714E-4,9.79064537940351E-5,6.1773797134735E-5,8.072367073723555E-5,0.005365838929685172,0.01127889009811505,4.131025655188797E-4,0.00629123340183294,8.307493570215028E-5,0.0015121849447789347,4.005493547699813E-5,8.778510658085102E-5,1.124432170711162E-4,9.32470770474035E-5,9.132667637108856E-5,2.7356635998049766E-4,7.539875168102477E-5,2.8882985786384094E-4,2.837865969203495E-4,9.368362614999073E-5,7.669409139828545E-5,0.008652321729250857,0.0010506966432141304,7.513551800771754E-5,4.736047949408804E-5,5.641709025477298E-4,0.005242552078176636,1.0,1.2851000574000624E-4,7.555436193246923E-4,0.004088798962158486,3.457329374523158E-4,2.6892282385329613E-4,0.011316059902391207,0.048692623275988035,1.0086704177894961E-4],[0.0015498532489867213,0.0021205230553401847,0.0019860660511374284,4.2251903521136285E-4,0.0021094171512342262,0.001292304265884483,8.142613530999314E-4,5.768949423756972E-4,0.0020055388349409413,0.0016889921585043304,0.0066656706534877,0.014735688990607322,0.01056842087702881,0.007662914202790416,4.475767866679518E-4,0.0021398902216970875,0.002044796175764347,0.0016138906148991802,4.4410525194559967E-4,0.0011520704777156954,6.77269045037738E-4,0.001096022175811388,0.0010448240403223479,0.0014177924010482408,0.001104292811021467,0.0013761702818146624,0.0015486351861263253,0.01004402554747425,0.002150640281964807,4.5396450884837913E-4,0.0020461530188226715,0.001500364494750162,0.004874840166936606,1.2851000574000624E-4,1.0,0.0021521054105522507,0.002768734171931327,0.002800702464376274,0.001240606726064022,0.01594159855543127,0.03023973335250705,0.0015227507682220296],[0.0010223117904388482,9.583686892071662E-4,0.0010690366789067151,9.703053424501759E-4,0.0010277498885010014,9.03452853067758E-4,9.763563421396697E-4,6.573145374245688E-4,5.23434017254185E-4,8.94794799992194E-4,0.003915571959975504,0.01399026618205579,0.013674382952014499,0.0020372630830250904,1.7317379898534484E-4,0.0010576024418628457,9.456237908333224E-4,6.865904410327996E-4,7.2779336007293E-4,8.679278768948912E-4,9.77676201112464E-4,6.09647128693736E-4,3.2834264664798166E-5,5.277443280686543E-4,5.784103481751713E-4,2.360320041272274E-4,5.205249743349436E-4,0.006733508256124134,0.0010963068306424917,8.14376087846383E-4,6.804598914297931E-4,0.0010809114536602146,0.0040255016858815485,7.555436193246923E-4,0.0021521054105522507,1.0,0.002316470846455947,0.0013395838216956192,0.0011714166774253615,0.012026869091013546,0.003779819944113848,3.1670719612009575E-4],[0.005767700273464619,0.004360718558169709,0.002956683049406105,0.0077528172153544656,0.003254294501580328,0.002706420836813411,0.005314050447209449,0.002610132550495063,0.0026631197379190005,0.00183762545228906,0.007225669504760079,0.010773115200228098,0.010017749819982602,0.008292339932736007,0.007845445031017742,0.0016895339945409685,0.0031023353957934973,0.0015498638671371033,0.005959186220926723,0.005513147832448104,0.0047242150857838535,0.002449618814054439,0.004252115638548916,0.0025995305910902107,0.004652160589458731,0.004755871963815271,0.003703981994285843,0.01134522928840799,0.0036657372155920525,0.006695671924108393,0.0012170717482612049,0.00301684662413725,0.00742947384841436,0.004088798962158486,0.002768734171931327,0.002316470846455947,1.0,0.005597261867440433,0.001551196392318163,0.012766401925022916,0.017679121263334912,0.007720018154578744],[0.0019707074606816243,0.0018067174238402496,0.00271584758237961,0.002061436205881029,0.0013206320989886215,0.00249551696561693,0.0028399459313921483,0.002934554404624953,3.911198516789297E-4,0.001134762463712701,0.004395944662277032,0.003409986054138236,0.011495177941645632,0.007133051951997728,6.948212527848604E-5,0.0027393169709104184,0.002301916695688939,1.4230304625745922E-4,0.001759100547800263,0.0026204184360215737,1.9930499376189182E-4,6.518906099541595E-4,0.0021514580196942803,0.0024602764499994205,0.002179252857343312,5.357488349278862E-4,0.0014259555774043327,0.006163116891432169,0.002807600802319637,6.839025340801125E-4,0.0025832594949544174,0.0027426870540631382,0.004866758492190026,3.457329374523158E-4,0.002800702464376274,0.0013395838216956192,0.005597261867440433,1.0,0.0016605185276551235,0.007331520898130842,0.013112693871294982,0.0016799380303713647],[0.0011389414508667871,0.0010444164134829684,0.0012110645963792977,5.526499558891429E-5,0.0011014387186133398,8.45180968217536E-4,2.1383419183175576E-4,4.962857991455819E-4,6.284649269272803E-4,0.0010441644325855665,0.002165540227219765,0.015278267489888192,0.004265832747939438,0.005571362229783791,2.003670053880602E-4,0.0014244640923708138,9.10404300190544E-4,0.0011107830846536066,4.99441992283232E-4,6.308784734033024E-4,1.400302835544781E-4,6.741534249974254E-4,9.137037731820829E-4,6.903453341539884E-4,7.998565530784425E-4,9.46328818712217E-4,9.239248379805279E-4,0.0028700393622560286,0.0011341615295312735,7.143963842103137E-4,6.76578128135655E-4,0.001285119513503531,0.0026994480855475752,2.6892282385329613E-4,0.001240606726064022,0.0011714166774253615,0.001551196392318163,0.0016605185276551235,1.0,0.0016960594512334557,0.03701203780447635,8.751587172947567E-4],[0.005356376590132596,0.0072420218868951315,0.014790463835888645,0.011050608322851417,0.004079698119784111,0.015002996740068983,0.00425899638880683,0.0062362670878311705,0.010106717222676392,0.013495407460051389,0.014787144514784798,0.01602410174180931,0.016249048832525977,0.011376437548641911,0.004308702703716223,0.007042428611717929,0.009105915439945655,0.010190139377222308,9.168306396998131E-4,0.007431975370500309,0.01044697756364738,0.014714039354662978,0.0038090756445498444,0.01454418157444348,0.0010512689832350508,4.0439084049607185E-4,0.007633954416196576,0.013878169801117106,0.012323901999084265,0.013649801428549399,0.011433113360934555,0.012899337507249729,0.015419199397006592,0.011316059902391207,0.01594159855543127,0.012026869091013546,0.012766401925022916,0.007331520898130842,0.0016960594512334557,1.0,0.04669761352695242,0.004992502787939755],[0.016979890596194532,0.03029205719203434,0.005795120818349055,0.03912587745878749,0.04442181251623854,0.002937931400735638,0.03437152652390268,0.035139710270441014,0.017597742764299273,0.021721702206692357,0.03502770693021282,0.017870712150218064,0.04226393958256951,0.01159563560910466,0.017479225656501143,0.018199605325960874,0.03849000789059382,0.0022792922287566486,0.03487871091528772,0.010995528339213159,0.05023742378073948,0.031282309920911834,0.022527785584359174,0.01104583812463633,0.02025965575578213,0.03940600186197639,0.034951413713880664,0.029414840620171412,0.04393914113834984,0.02205528165187669,0.009395959362966097,0.03031230716783667,0.035286440251887013,0.048692623275988035,0.03023973335250705,0.003779819944113848,0.017679121263334912,0.013112693871294982,0.03701203780447635,0.04669761352695242,1.0,0.018236351302595783],[4.021781756427602E-4,5.362002408310009E-4,9.414308508077963E-4,5.156833545606384E-5,0.001056960220778673,9.591513742834424E-5,1.4779950455758985E-4,2.0324880742982212E-4,5.683408343114657E-5,2.2393738953180107E-5,0.004604494245918595,0.014972176147131326,2.2519521179013613E-4,0.006204034849226072,7.79620013662795E-5,8.368038033375273E-4,9.655282732497596E-5,2.2734383368517744E-5,1.1218434131498999E-4,1.015490013753981E-4,1.0797971895489035E-4,1.0822640377082216E-4,3.928424618550342E-5,2.771352264033705E-4,1.3231133905866995E-4,1.2638654614935546E-4,2.8459209072660924E-5,0.0015252589675398408,3.398551814860551E-4,6.97298882557915E-5,7.73772845639968E-5,0.0012767400533343276,0.003540307039235606,1.0086704177894961E-4,0.0015227507682220296,3.1670719612009575E-4,0.007720018154578744,0.0016799380303713647,8.751587172947567E-4,0.004992502787939755,0.018236351302595783,1.0]]