[[1.0,5.869277441926499E-5,4.706451527716171E-5,0.001341407190453124,1.9581090130634883E-5,0.005972822684074479,1.2416401070283815E-4,5.170776682265526E-4,7.48898765753579E-4,9.436252399610024E-4,2.4919433122569792E-5,1.6735764202786715E-4,1.814622688005284E-4,8.617322905583759E-5,1.2556646926515746E-4,0.007065998319836469,0.022165008051552547,0.0012224605411013678,7.747146817123609E-5,2.556526229976492E-4,1.4765677382497358E-4,7.136565459418606E-5,7.838526230163321E-4,1.0388974712464993E-4,3.144712008065249E-5,7.997724601090146E-4,8.715424032491366E-5,2.8755048501998275E-4,9.258161070350915E-5,0.001321678237593518,0.0016292424270484404,6.566646870751248E-4,2.765182702145365E-4,1.0282797355394022E-4,9.017453898698624E-4,7.094959311677426E-5,0.06211173389313534,7.442405105927191E-5,8.862749748987482E-5,5.865230810470905E-5,2.4093938200773072E-4,5.7737418985291685E-5,0.00579299896921908,1.3639433116708686E-4,9.534214595752188E-5,9.493845437725853E-5,7.57669295641004E-5,4.7618266116008506E-5,0.009922169162156783],[5.869277441926499E-5,1.0,1.0289714414533465E-5,0.0016818757752147453,1.1125875788252259E-5,0.010370011355054285,4.102488131472883E-5,0.0010157500838168473,4.374137382830588E-4,6.86325944824046E-4,1.041571831300204E-5,2.3603199947913435E-4,1.9315491797148888E-4,1.1666908142929113E-4,1.820112025957224E-4,0.01017307417575406,0.0022268645947682336,0.0012729429724267285,2.6151602792932507E-5,6.657814071145958E-4,4.3415307847692694E-5,1.1333414126571165E-5,0.0015150819626218608,1.5098162663893005E-4,1.5565158303491386E-5,4.197876208552368E-4,5.46485047280968E-5,5.321057576860068E-4,1.664905729649865E-5,0.001333216560425737,0.0033044281645754734,4.317752455292471E-4,3.179814476909667E-5,5.0650393569853965E-5,0.0011136599310169176,2.2924379433707604E-5,0.020472146044698332,2.7735497961257513E-5,1.3977657409119904E-4,1.4564511023055135E-5,5.056687100518107E-4,2.091870047407699E-5,0.00886404899844675,2.0260564828647904E-4,2.588908860868618E-5,2.654993663646284E-5,1.3412087080979514E-5,1.0947426003394656E-5,0.029416928448775487],[4.706451527716171E-5,1.0289714414533465E-5,1.0,8.355963498527471E-4,1.2712291679852088E-5,0.0029699812006174276,5.258262920078473E-5,1.1007884979293391E-4,4.390320338115829E-4,0.0010507638648125928,1.3918317509388621E-5,1.6641825724063728E-4,4.7083716368442516E-4,1.1008624522795536E-4,5.6730729591392625E-5,0.004314275295170616,0.027743960856271534,0.0015697236709104956,3.1343723087041965E-5,0.0010194041254800834,5.27663895273981E-5,1.4052663248367706E-5,5.694241479015031E-5,5.2714082339661616E-5,1.589823711281037E-5,1.8346167167851565E-4,8.549427909283882E-5,1.159444425364524E-4,1.0679802023637572E-4,0.0010939436468307372,0.002511661023360143,4.169338937721279E-4,3.5030890312984583E-4,7.060516781245152E-5,0.0025944529887880754,1.7460428081274437E-5,0.026721182709374708,2.1355737570750672E-5,1.3153007785972402E-4,1.8953426675211333E-5,7.70224576307635E-4,1.8063120032349172E-5,0.0011995932691554413,8.003796771852107E-5,1.7014787466493775E-4,6.367096619469148E-5,2.7811826929501543E-5,1.1615947013187812E-5,0.023252354940706935],[0.001341407190453124,0.0016818757752147453,8.355963498527471E-4,1.0,0.001026122855801503,0.012666938998344727,0.0016578224021772648,0.0015404303621820799,0.0011212658923796717,0.0015700319647702064,0.0012518135141407164,8.354276715568723E-4,0.0010260022575050924,3.716831476040934E-4,0.0014054442657293002,0.0024096983072917945,0.03143692647786269,0.0016998457837272612,2.5887791846596623E-4,0.001160577177982541,0.001063691579289908,9.223926063124094E-4,0.001767531290157538,0.0016976709922305907,6.530463878889736E-5,0.001810409945794974,1.8757617923838703E-4,0.0012781159303811647,3.7529036780009205E-4,0.001617580785301012,0.004064660376481065,0.0016881119258037192,0.0012544814881350974,7.602656738089306E-4,0.0024953504740478846,8.386243948569655E-4,0.03236849213709701,0.0016055706869243706,4.8082847712937365E-4,2.6104250436455946E-4,0.0014957430113569788,0.0013633266773551605,0.005987538680795171,2.280684630344014E-4,4.5880097848309065E-4,0.0010460944634014299,9.426578202790537E-4,0.0014178502587913107,0.023781336933713912],[1.9581090130634883E-5,1.1125875788252259E-5,1.2712291679852088E-5,0.001026122855801503,1.0,0.010602586890494415,2.006109697450233E-5,1.449228440546395E-4,2.9088030952564777E-4,0.001042193689662365,1.1314082229674613E-5,3.7182564919062454E-5,1.3443826312177024E-4,6.729930960673232E-5,1.8134205714692809E-4,0.00618592895911306,2.6091750799071156E-4,5.24787276209199E-5,1.9283473690022535E-5,8.803235880927637E-4,6.972801850687371E-5,1.1311789472084656E-5,1.1210377771017066E-4,4.3719719255156674E-5,1.6188477463858945E-5,9.85653915955478E-4,7.470857328761892E-5,7.91761331809461E-4,7.552576499238463E-5,0.0010492159427540287,0.0035070356232490413,0.0011052373968572524,2.832550321615893E-5,2.803578256289628E-5,0.0024965552358709665,1.2651233024779075E-5,0.07785534377645409,2.6054315086085923E-5,6.229883606325973E-5,1.3949181821636426E-5,0.001105694874503593,3.84067434458969E-5,0.007575871533968304,3.5537931438143705E-5,7.434615991045056E-5,4.903035936962224E-5,2.3932719783747064E-5,1.1416675785118202E-5,0.03199690939684549],[0.005972822684074479,0.010370011355054285,0.0029699812006174276,0.012666938998344727,0.010602586890494415,1.0,0.0014646419434220573,0.008661474961398415,0.007943194219033245,0.013668699804805257,0.005332420450898329,8.413055850221688E-4,0.0019139517207078132,0.013498337041698382,0.011370145941871006,0.014231655807058067,0.02555756106699517,0.015589218534430621,0.01358612765380504,0.002474436401871693,0.009944081350429219,0.0056791141933991715,0.013681446994663985,0.002036279872365315,0.00397470572220298,0.003330319360701584,0.005500952728363597,0.013434353738164246,0.008564561337500715,0.013068775282447457,0.012916098319351175,0.014658829398868992,5.540931766115436E-4,0.009770485643743441,0.012418598686090436,0.014061290488118272,0.02919720051802451,0.011451383311299372,0.003939604734277608,0.001716236048851183,0.009723585544009967,0.014601022807614958,0.01511452614092422,0.014488247025815103,0.0026664856558563485,0.005987194933007653,0.009533839943059341,0.004496899126162915,0.023827616272534657],[1.2416401070283815E-4,4.102488131472883E-5,5.258262920078473E-5,0.0016578224021772648,2.006109697450233E-5,0.0014646419434220573,1.0,0.0010501549164433869,5.950830880740181E-4,5.257574548591307E-4,8.551477621322122E-5,2.206066548266206E-4,4.819354734202264E-4,1.4476437893998882E-4,1.841781422010514E-4,0.009669753686105507,0.015135557244916352,6.74333094397849E-4,1.3299732675357546E-4,5.742408126710554E-4,1.8530771421642266E-4,9.290129625729105E-5,0.0015236175572338488,1.385207991738421E-4,9.607663075082E-5,9.797373858735686E-4,1.1949596108403395E-4,5.302683431671996E-4,1.8780000203375867E-4,0.0013681824033805886,0.003865856456427742,0.001025944237660277,3.687953389946146E-4,1.3645856197743125E-4,0.002203224263430682,1.0147110152691847E-4,0.09639997550124012,1.2884481932199428E-4,1.8042792797019674E-4,5.791730625003082E-5,0.0011524997931970842,1.0802215840942726E-4,0.010855124013319768,1.3611092447844293E-4,1.833254988279977E-4,1.269673442543784E-4,6.923307665144616E-5,2.9021958979083845E-5,0.01948864672291205],[5.170776682265526E-4,0.0010157500838168473,1.1007884979293391E-4,0.0015404303621820799,1.449228440546395E-4,0.008661474961398415,0.0010501549164433869,1.0,0.0011632830291120882,0.0012468720476112034,0.001084638676126517,9.72292606218511E-4,0.0011956003065049744,8.331047426046321E-4,3.232961913531973E-4,0.007725855191770744,0.020788670142236964,0.001598656104585074,2.190176264930322E-4,0.0011709929375371586,8.442894503491718E-4,4.669531578816598E-4,0.0016025808616862115,6.645011685550721E-4,9.124156629981902E-4,0.0015605329519862586,8.815867604893556E-4,0.0012097502408417648,9.596460889927577E-4,0.0012529776395204936,0.0019115416265382999,0.001261894120543932,9.760608817957885E-4,9.634663629879901E-4,0.0017220332487168089,3.971881188565177E-5,0.011056684128521049,4.5509555492490614E-4,6.942810085667955E-4,9.186789249966772E-4,0.0012102182188066398,9.30713417217346E-4,0.00602635481882942,0.0011028089827009604,5.021168494320318E-4,7.259664221271096E-4,6.108029373682698E-5,3.42326405521981E-4,0.021176939901374116],[7.48898765753579E-4,4.374137382830588E-4,4.390320338115829E-4,0.0011212658923796717,2.9088030952564777E-4,0.007943194219033245,5.950830880740181E-4,0.0011632830291120882,1.0,0.0011793107956599746,5.057071210192206E-4,6.436966908739203E-4,9.89852913919445E-4,6.655355106146105E-4,9.723098217599797E-4,0.0050203447758091,0.0296257259854018,0.0013881427570373267,5.188063445499914E-4,0.0010986399667893602,3.8176079923579623E-4,1.2953096347036131E-5,0.0011415678054973854,4.3141785468068616E-4,2.231702774324134E-4,0.0018356354700730883,0.001015822802035851,0.0010220297039301876,2.6423436435010555E-4,0.001268049783535105,0.005255980563752074,0.0012257713012780555,7.814606072444686E-4,2.070141577043856E-4,0.0034628322614522382,6.443156627452667E-4,0.07498994733876535,2.3107150728955532E-4,3.259839294504304E-4,4.890179022526245E-4,0.0011201270399705636,7.403802446239886E-4,0.0016900208778435882,6.019002445713459E-4,3.095959255143534E-4,9.580659891540429E-4,6.922246576370376E-4,5.353902057173493E-4,0.02173415288387566],[9.436252399610024E-4,6.86325944824046E-4,0.0010507638648125928,0.0015700319647702064,0.001042193689662365,0.013668699804805257,5.257574548591307E-4,0.0012468720476112034,0.0011793107956599746,1.0,2.06109108316525E-5,7.014093969609401E-4,0.0010305912525444992,4.395061686231854E-4,5.819514081761307E-4,0.004407270260808469,0.03283297786556923,0.0016148887554109305,0.0013233763998094525,0.0011250236705418028,4.675301958382053E-4,0.001118605591287184,0.001595569067401232,9.792124774923646E-4,6.837887787114892E-4,0.0015601059627231794,0.0011130461771598902,8.253063014913622E-4,3.783891141062237E-4,0.0014439223084152827,0.0024957583319284433,0.0013203237964644194,0.0011092233723654847,4.137969858697948E-4,0.00337897253819449,4.63458408684989E-5,0.04870072441484976,7.417807983709328E-4,3.522846294899373E-4,4.4206680584086064E-4,0.0012570470772832387,6.666663754584626E-4,0.003444628830116721,8.607830879545782E-4,8.824571434856369E-4,4.621371313849677E-4,8.539838788180819E-4,0.001072246072821225,0.013824264107230193],[2.4919433122569792E-5,1.041571831300204E-5,1.3918317509388621E-5,0.0012518135141407164,1.1314082229674613E-5,0.005332420450898329,8.551477621322122E-5,0.001084638676126517,5.057071210192206E-4,2.06109108316525E-5,1.0,1.909000824046599E-4,8.535128978774543E-4,1.0813984921519124E-4,1.911555453598211E-4,0.003914237501225454,0.01829850331991395,8.729826648113718E-4,5.6507953786908936E-5,5.320799635603406E-4,1.409527955429102E-4,1.245558473866551E-5,1.21102658267587E-4,2.5631348262260226E-5,1.4229934175668969E-5,1.978643293046563E-5,2.5001665728684053E-5,2.5012607953817928E-5,1.6751389856806592E-4,9.358485769656816E-4,0.0019407998209750317,9.078558003812325E-4,2.3670134099675402E-4,2.1058585443568387E-5,0.0021730589938988585,1.5065649875922078E-5,0.005756703849937923,1.7663028886600696E-5,1.0134010590524005E-4,3.190843359791749E-5,3.458147900076324E-4,2.1348514474742172E-5,0.004559991904316279,1.607581202761906E-4,1.0817183191402418E-4,1.0606061060191472E-4,1.9523347098329987E-5,1.1514576000777182E-5,0.025369236897238568],[1.6735764202786715E-4,2.3603199947913435E-4,1.6641825724063728E-4,8.354276715568723E-4,3.7182564919062454E-5,8.413055850221688E-4,2.206066548266206E-4,9.72292606218511E-4,6.436966908739203E-4,7.014093969609401E-4,1.909000824046599E-4,1.0,5.211164831116449E-4,2.3138687911230155E-4,2.436781355280158E-4,0.010468878871323327,0.003384419113792047,0.0013318598777260508,1.9444925611806504E-4,6.581916219838497E-4,1.9576556813678526E-4,1.9633473666580165E-4,3.3066219662415924E-4,1.9808116941663216E-4,3.197037135056437E-5,0.001706582070915812,1.1749168762242835E-4,7.528187932167927E-4,2.3932489716399282E-4,0.0014743801015840222,0.004056976715837068,6.823249027430324E-4,3.2119403767931465E-4,1.3952385151830564E-4,8.886248733841677E-4,1.599069901038965E-4,0.08502068122367365,8.345187091728988E-5,2.1708428017868173E-4,1.0712071997833202E-4,9.834256075835312E-4,1.6957066018848983E-4,0.0020145158492781796,2.135002686852144E-4,2.549764181367483E-4,1.206594118299758E-4,1.9509857068180595E-4,1.8714989354215268E-4,0.018559952951798988],[1.814622688005284E-4,1.9315491797148888E-4,4.7083716368442516E-4,0.0010260022575050924,1.3443826312177024E-4,0.0019139517207078132,4.819354734202264E-4,0.0011956003065049744,9.89852913919445E-4,0.0010305912525444992,8.535128978774543E-4,5.211164831116449E-4,1.0,4.674120594524399E-4,3.338402014379232E-4,0.00801392968343161,0.022773367572376163,9.935775816391325E-4,1.281811794392227E-4,9.38873179916534E-4,5.340090103147782E-4,2.1632185714393136E-4,0.0015952011041707064,6.896065741673689E-4,4.720320537083776E-4,0.0017103934748093986,3.033712839419728E-4,9.05963775760115E-4,9.015993964219252E-4,0.001347688702583129,0.0022252208306512795,0.0010807520488832132,4.5038826310866596E-4,6.606682670084711E-4,0.0027336039158653977,3.617085144911946E-4,0.02720113298171314,5.047660978342691E-4,7.023666572352713E-4,9.335963090008822E-5,0.001118026147265033,2.931830358972593E-4,0.0028859629640171722,3.6942998361119033E-4,9.1202595263159E-4,1.794887916598906E-4,4.4395371393581105E-4,3.887252933142583E-4,0.03483337448265177],[8.617322905583759E-5,1.1666908142929113E-4,1.1008624522795536E-4,3.716831476040934E-4,6.729930960673232E-5,0.013498337041698382,1.4476437893998882E-4,8.331047426046321E-4,6.655355106146105E-4,4.395061686231854E-4,1.0813984921519124E-4,2.3138687911230155E-4,4.674120594524399E-4,1.0,1.846651299372732E-4,1.5848909482527428E-4,0.019414366984874323,3.767237380456753E-4,1.415677981258529E-4,3.886850115651175E-4,1.5253095091822963E-4,1.1338872711735127E-4,0.0016471688704496014,1.5413646355660508E-4,9.137088527225931E-5,5.8721705232731E-4,1.4535516069238567E-4,8.044403396010798E-4,1.9392177042405897E-4,0.0010311427260650896,5.502423618750474E-4,3.5381693785994646E-4,1.75225602387387E-4,1.4592409365532709E-4,0.0017256142759899662,1.1492270595987736E-4,0.07503017127035413,1.4150661246992982E-4,1.6142400421067084E-4,5.490914516876223E-5,7.656771083641517E-4,8.792805710186531E-5,5.15689367753207E-4,1.6580370196959236E-4,1.845774065440375E-4,1.1517302651768735E-4,7.770193434237382E-5,1.0535796980527867E-4,0.01130212803106325],[1.2556646926515746E-4,1.820112025957224E-4,5.6730729591392625E-5,0.0014054442657293002,1.8134205714692809E-4,0.011370145941871006,1.841781422010514E-4,3.232961913531973E-4,9.723098217599797E-4,5.819514081761307E-4,1.911555453598211E-4,2.436781355280158E-4,3.338402014379232E-4,1.846651299372732E-4,1.0,0.001507734020525104,0.014545897823865953,4.1704779826379353E-4,6.78583753876386E-5,3.331565820339784E-4,1.952025091862378E-4,2.8337140415394257E-5,0.0014008681591400236,1.6632147077358782E-4,9.306941404024478E-5,0.0014250469585796821,1.3022582644870484E-4,4.531681892965876E-4,2.2714510906838182E-4,3.001067154735223E-4,3.977611839615096E-4,3.702372840025558E-4,2.755488189705509E-4,1.8361825899852345E-4,0.0027947606026193983,4.3569406545739214E-5,0.08758570555571171,2.1770917838031937E-4,2.0129492671985033E-4,1.5441486999507066E-4,6.017227296828654E-4,1.477504553536332E-4,0.009772904464773134,2.1167488055824895E-4,1.8592654087186509E-4,1.330154194435756E-4,1.9588879368945923E-4,1.9661394496045745E-4,0.00790389351285637],[0.007065998319836469,0.01017307417575406,0.004314275295170616,0.0024096983072917945,0.00618592895911306,0.014231655807058067,0.009669753686105507,0.007725855191770744,0.0050203447758091,0.004407270260808469,0.003914237501225454,0.010468878871323327,0.00801392968343161,1.5848909482527428E-4,0.001507734020525104,1.0,0.027019075703458618,0.010261345088186779,0.005447143561171102,0.0036994006634126463,0.009524466166302226,0.009598074430840587,0.0030491745970933496,0.0050357213792118875,0.007480084892839259,0.006223621738529487,0.007230467448631493,0.011085147698327141,0.00473645115724965,0.007573188489987399,0.00811993715700606,0.0037460754200150325,0.007155094127253235,0.007087853200686383,0.004841284806491021,0.008721053907457697,0.07659531194848294,0.008049720230025889,0.0016187964009964696,0.010225746507516122,0.0017560520891268584,0.011116112813122124,0.011212468604749748,0.0071721864855549015,0.01001678789747366,0.003251267876603964,0.0021824142036131356,0.00789384222991162,0.023177119499746053],[0.022165008051552547,0.0022268645947682336,0.027743960856271534,0.03143692647786269,2.6091750799071156E-4,0.02555756106699517,0.015135557244916352,0.020788670142236964,0.0296257259854018,0.03283297786556923,0.01829850331991395,0.003384419113792047,0.022773367572376163,0.019414366984874323,0.014545897823865953,0.027019075703458618,1.0,0.017286800204420773,7.789846656656793E-4,0.008078466549057708,0.020216318559695155,0.01647452088160553,0.02913268675868341,0.02996170572920092,0.01710129035040782,0.016819592909749603,0.00758971946018183,0.02311567685368928,0.007894273961957663,0.030036645101463397,0.012346195232203339,0.006749279607080586,0.020545888550857996,0.017820302206648205,0.03481178790948235,0.004168726854049716,0.08100774505390103,0.0038643988152672706,0.023678184770793833,0.009138300735305445,0.03435488981052547,0.013545468735516783,0.020295619678286032,0.016760657504236918,0.017799598378636473,0.014083160072901463,0.032117867089164163,0.016269687110058446,0.03601284135608339],[0.0012224605411013678,0.0012729429724267285,0.0015697236709104956,0.0016998457837272612,5.24787276209199E-5,0.015589218534430621,6.74333094397849E-4,0.001598656104585074,0.0013881427570373267,0.0016148887554109305,8.729826648113718E-4,0.0013318598777260508,9.935775816391325E-4,3.767237380456753E-4,4.1704779826379353E-4,0.010261345088186779,0.017286800204420773,1.0,2.3868246691598362E-4,0.0013544369563895063,0.0014872108038879667,0.0013780597477728207,0.001697288853279909,0.0011809183811860374,3.570278239870664E-4,0.0019617918995471716,0.001320819420045843,0.0013455367675168643,4.953733633319916E-4,0.001666009479892648,0.003203542065917336,0.001481534307154318,8.058160179009379E-4,8.351369217809603E-4,0.0033663566412373063,0.0011516658224980842,0.017636026136823642,5.310164417004489E-4,9.502145645569898E-4,3.348437190997122E-4,0.0012851831533566384,0.001143867872264873,0.0018778394250282084,2.4216067436316692E-4,4.0389912763401E-4,8.814742054259969E-4,0.0012277910145341276,0.0012159588743305254,0.010259952355521606],[7.747146817123609E-5,2.6151602792932507E-5,3.1343723087041965E-5,2.5887791846596623E-4,1.9283473690022535E-5,0.01358612765380504,1.3299732675357546E-4,2.190176264930322E-4,5.188063445499914E-4,0.0013233763998094525,5.6507953786908936E-5,1.9444925611806504E-4,1.281811794392227E-4,1.415677981258529E-4,6.78583753876386E-5,0.005447143561171102,7.789846656656793E-4,2.3868246691598362E-4,1.0,4.7104621170933824E-4,1.096367779598763E-4,3.628881187402546E-5,0.0016151053284348996,8.721682570943091E-5,4.843062857647231E-5,5.164179473558545E-4,6.043541404673362E-5,1.2213380054690968E-4,1.9139581064283305E-4,0.0012296261742689085,0.005731648758691185,6.039906477013102E-4,2.8688687235690425E-4,7.104000251263363E-5,0.0025179801861093557,5.4716389491116845E-5,0.00957847042381303,4.974751062163581E-5,1.5542504822206842E-4,4.8225344331580054E-5,3.178159009975427E-4,5.701625156835007E-5,0.002331250725664356,1.9000415705815437E-4,6.767805029689099E-5,1.0688783818191673E-4,5.010046052302732E-5,3.800946742260468E-5,0.030726617206077642],[2.556526229976492E-4,6.657814071145958E-4,0.0010194041254800834,0.001160577177982541,8.803235880927637E-4,0.002474436401871693,5.742408126710554E-4,0.0011709929375371586,0.0010986399667893602,0.0011250236705418028,5.320799635603406E-4,6.581916219838497E-4,9.38873179916534E-4,3.886850115651175E-4,3.331565820339784E-4,0.0036994006634126463,0.008078466549057708,0.0013544369563895063,4.7104621170933824E-4,1.0,7.50836522491787E-4,4.182083251550879E-4,0.0013212915808808287,6.07643894055517E-4,0.0010964027334065796,0.002000891986821016,8.69383266125805E-4,0.0010999714729363062,6.219346189345438E-4,0.001221450788895885,0.002578217223718304,0.0011612130547404538,0.0010816380488875594,8.542691259072786E-4,0.002550186940944659,1.0789881646423846E-4,0.03231367040809783,8.826702222379362E-4,8.618490897931017E-4,6.512188132548536E-5,0.0011440407876429663,9.197682058481539E-4,0.005463319210325512,5.292940205331658E-4,5.003178796065379E-4,6.797874321426574E-4,6.858240513659222E-5,1.84720673828572E-4,0.02753900119757365],[1.4765677382497358E-4,4.3415307847692694E-5,5.27663895273981E-5,0.001063691579289908,6.972801850687371E-5,0.009944081350429219,1.8530771421642266E-4,8.442894503491718E-4,3.8176079923579623E-4,4.675301958382053E-4,1.409527955429102E-4,1.9576556813678526E-4,5.340090103147782E-4,1.5253095091822963E-4,1.952025091862378E-4,0.009524466166302226,0.020216318559695155,0.0014872108038879667,1.096367779598763E-4,7.50836522491787E-4,1.0,1.5334477375595184E-4,0.0015713640951797393,1.7221318935280711E-4,8.967000028539623E-5,0.0017850942288972864,1.8972403017921162E-4,3.7083259267706116E-4,1.980663407668483E-4,8.25743965363158E-4,0.00376484961318619,0.0011491753200719619,2.0174051570455594E-4,1.455341870752502E-4,0.002967556298860399,1.6464951453792556E-4,0.06418511661462965,9.571952206980614E-5,1.884740163547213E-4,1.2572150891931476E-4,0.0011605743723100991,1.747197351594148E-4,0.009387987627500212,1.9514998883546708E-4,1.883927482783728E-4,1.3735522064537413E-4,5.383258327288421E-5,1.344868141143854E-4,0.03163148126242989],[7.136565459418606E-5,1.1333414126571165E-5,1.4052663248367706E-5,9.223926063124094E-4,1.1311789472084656E-5,0.0056791141933991715,9.290129625729105E-5,4.669531578816598E-4,1.2953096347036131E-5,0.001118605591287184,1.245558473866551E-5,1.9633473666580165E-4,2.1632185714393136E-4,1.1338872711735127E-4,2.8337140415394257E-5,0.009598074430840587,0.01647452088160553,0.0013780597477728207,3.628881187402546E-5,4.182083251550879E-4,1.5334477375595184E-4,1.0,3.711313599406568E-4,1.0291681474363293E-4,1.81033943937028E-5,9.991852037480532E-4,6.944153232265812E-5,4.362470679973511E-4,8.678465300157085E-5,3.364929986843514E-4,0.0017057096778388507,1.1258281408100217E-4,2.2259713525248076E-4,9.646318316461005E-5,0.0023845033639162032,1.767048319885898E-5,0.0845063042947951,3.1065537570065124E-5,1.1216154694589843E-4,2.154888393725071E-5,9.224702028535781E-4,1.3972602747888538E-5,0.01094577098931215,2.070946051089587E-5,1.6133690073155877E-4,7.578485076828058E-5,1.4891256685221703E-5,1.2205590501449896E-5,0.006008461915719634],[7.838526230163321E-4,0.0015150819626218608,5.694241479015031E-5,0.001767531290157538,1.1210377771017066E-4,0.013681446994663985,0.0015236175572338488,0.0016025808616862115,0.0011415678054973854,0.001595569067401232,1.21102658267587E-4,3.3066219662415924E-4,0.0015952011041707064,0.0016471688704496014,0.0014008681591400236,0.0030491745970933496,0.02913268675868341,0.001697288853279909,0.0016151053284348996,0.0013212915808808287,0.0015713640951797393,3.711313599406568E-4,1.0,1.8783308528382768E-4,1.951757835667093E-4,0.0018465303722606835,0.0012732312847769866,0.00174197849887235,4.216825511772493E-4,0.0016289009441344058,0.002768007390034937,0.0014748874501231773,7.970162336447656E-4,0.0013220575446380588,0.0019240817292146518,0.0016549597839197988,0.06272392797428572,0.0011525497053712864,8.75709301677983E-4,5.312724739598601E-4,0.0014514479798293698,4.175842893190383E-4,0.0027215312051453206,8.66307977221635E-4,0.0011790634758557235,5.339936929306154E-4,0.001017302815127067,0.0012705734239096078,0.0031592194670972697],[1.0388974712464993E-4,1.5098162663893005E-4,5.2714082339661616E-5,0.0016976709922305907,4.3719719255156674E-5,0.002036279872365315,1.385207991738421E-4,6.645011685550721E-4,4.3141785468068616E-4,9.792124774923646E-4,2.5631348262260226E-5,1.9808116941663216E-4,6.896065741673689E-4,1.5413646355660508E-4,1.6632147077358782E-4,0.0050357213792118875,0.02996170572920092,0.0011809183811860374,8.721682570943091E-5,6.07643894055517E-4,1.7221318935280711E-4,1.0291681474363293E-4,1.8783308528382768E-4,1.0,5.788803343982812E-5,0.0019097274963802771,1.5837922047578354E-4,2.3074930556905209E-4,1.8556301925630299E-4,0.0014365252963206554,0.005082313243331308,7.747382978838103E-4,2.434062769486664E-4,1.3791089449421065E-4,0.001347822323600385,4.299283172926681E-5,0.01476889338425462,1.2983770391927725E-4,1.8255774751060606E-4,4.723390839631622E-5,8.121934296658676E-4,1.2007485417966603E-4,0.010356631184240343,1.816303658643638E-4,1.6994834277190714E-4,1.5427161088987565E-4,7.809634009644468E-5,5.957706376422815E-5,0.0019010417999687742],[3.144712008065249E-5,1.5565158303491386E-5,1.589823711281037E-5,6.530463878889736E-5,1.6188477463858945E-5,0.00397470572220298,9.607663075082E-5,9.124156629981902E-4,2.231702774324134E-4,6.837887787114892E-4,1.4229934175668969E-5,3.197037135056437E-5,4.720320537083776E-4,9.137088527225931E-5,9.306941404024478E-5,0.007480084892839259,0.01710129035040782,3.570278239870664E-4,4.843062857647231E-5,0.0010964027334065796,8.967000028539623E-5,1.81033943937028E-5,1.951757835667093E-4,5.788803343982812E-5,1.0,0.0017782691524897188,1.915430171590501E-5,2.0242007839866823E-4,4.992483525430515E-5,3.6472034434359825E-4,0.0019596769664648865,1.872359812052713E-4,3.4273405962501963E-4,2.7011484327527583E-5,0.0027997141026736352,2.2276013075349493E-5,0.0830146307507825,3.835009494267785E-5,1.044024115121277E-4,3.307520789351251E-5,0.0011925073814230702,1.8431188442162475E-5,0.0017946160785732772,1.2684062032030134E-4,5.9744525198689554E-5,9.908211289508805E-5,2.4343571067491635E-5,1.800322270140772E-5,0.03134718973884586],[7.997724601090146E-4,4.197876208552368E-4,1.8346167167851565E-4,0.001810409945794974,9.85653915955478E-4,0.003330319360701584,9.797373858735686E-4,0.0015605329519862586,0.0018356354700730883,0.0015601059627231794,1.978643293046563E-5,0.001706582070915812,0.0017103934748093986,5.8721705232731E-4,0.0014250469585796821,0.006223621738529487,0.016819592909749603,0.0019617918995471716,5.164179473558545E-4,0.002000891986821016,0.0017850942288972864,9.991852037480532E-4,0.0018465303722606835,0.0019097274963802771,0.0017782691524897188,1.0,0.001269109710535059,0.0010350480456042376,9.673488435543273E-4,0.0015233999481594094,0.0020847726845742015,0.0017954563950155651,0.0017986745565013256,1.9571338820063012E-4,0.002488128525679331,9.298545407140477E-4,0.020753454523411312,0.0015228765591148259,0.0016655938769964658,0.0017071727639898927,0.0014972654357348248,0.001504635179776005,0.0039777139912040484,0.0012644416839956416,7.600144374529572E-4,7.291315533187348E-4,0.0020296220901261253,0.0017487512979043709,0.003743819074563795],[8.715424032491366E-5,5.46485047280968E-5,8.549427909283882E-5,1.8757617923838703E-4,7.470857328761892E-5,0.005500952728363597,1.1949596108403395E-4,8.815867604893556E-4,0.001015822802035851,0.0011130461771598902,2.5001665728684053E-5,1.1749168762242835E-4,3.033712839419728E-4,1.4535516069238567E-4,1.3022582644870484E-4,0.007230467448631493,0.00758971946018183,0.001320819420045843,6.043541404673362E-5,8.69383266125805E-4,1.8972403017921162E-4,6.944153232265812E-5,0.0012732312847769866,1.5837922047578354E-4,1.915430171590501E-5,0.001269109710535059,1.0,4.1637602798034605E-4,1.4840282524301008E-4,4.0687361169394564E-4,0.0027488461880853855,1.1736847937944306E-4,3.594247067415168E-4,1.2501593819806396E-4,0.0030720323935192364,3.5814930485659226E-5,0.09404299201960538,6.557088220576791E-5,1.6850272017076458E-4,9.067633927704001E-5,0.0010682142191133477,8.488841000223589E-5,0.006033898226883246,1.7539467295756537E-4,1.0930563716470763E-4,1.0752403279737431E-4,5.540423841329216E-5,5.8167990789234226E-5,0.001885784864560335],[2.8755048501998275E-4,5.321057576860068E-4,1.159444425364524E-4,0.0012781159303811647,7.91761331809461E-4,0.013434353738164246,5.302683431671996E-4,0.0012097502408417648,0.0010220297039301876,8.253063014913622E-4,2.5012607953817928E-5,7.528187932167927E-4,9.05963775760115E-4,8.044403396010798E-4,4.531681892965876E-4,0.011085147698327141,0.02311567685368928,0.0013455367675168643,1.2213380054690968E-4,0.0010999714729363062,3.7083259267706116E-4,4.362470679973511E-4,0.00174197849887235,2.3074930556905209E-4,2.0242007839866823E-4,0.0010350480456042376,4.1637602798034605E-4,1.0,6.860497725888115E-4,0.0013515006539051599,8.933305043089875E-4,0.0010218064990925345,7.57641021437639E-4,5.580159884446656E-4,0.001088096475203144,5.197403256275543E-4,0.03362589761801504,5.070970146990195E-5,2.682700879661561E-4,7.277141454140139E-4,9.160161387968847E-4,7.036937196815002E-4,0.010046348403836294,4.776496680385571E-4,2.1760873783823487E-4,1.4082353732441116E-4,8.605100003116034E-5,7.858133855835638E-4,0.02247127836188727],[9.258161070350915E-5,1.664905729649865E-5,1.0679802023637572E-4,3.7529036780009205E-4,7.552576499238463E-5,0.008564561337500715,1.8780000203375867E-4,9.596460889927577E-4,2.6423436435010555E-4,3.783891141062237E-4,1.6751389856806592E-4,2.3932489716399282E-4,9.015993964219252E-4,1.9392177042405897E-4,2.2714510906838182E-4,0.00473645115724965,0.007894273961957663,4.953733633319916E-4,1.9139581064283305E-4,6.219346189345438E-4,1.980663407668483E-4,8.678465300157085E-5,4.216825511772493E-4,1.8556301925630299E-4,4.992483525430515E-5,9.673488435543273E-4,1.4840282524301008E-4,6.860497725888115E-4,1.0,8.08658717514597E-4,0.003939742675193863,4.004052375334577E-4,2.893910392880232E-4,1.4735902267614098E-4,0.0038897752696982475,9.033423114464442E-5,0.043804257897129585,7.675714315852456E-5,1.9613666954031343E-4,1.2918422308597928E-4,0.0011682044682087343,8.646824944162386E-5,0.005335026174737104,2.0694873482269186E-4,1.8585262755234168E-4,1.7057825010578282E-4,1.601818778296465E-4,1.2182021123587094E-4,0.023424782211679797],[0.001321678237593518,0.001333216560425737,0.0010939436468307372,0.001617580785301012,0.0010492159427540287,0.013068775282447457,0.0013681824033805886,0.0012529776395204936,0.001268049783535105,0.0014439223084152827,9.358485769656816E-4,0.0014743801015840222,0.001347688702583129,0.0010311427260650896,3.001067154735223E-4,0.007573188489987399,0.030036645101463397,0.001666009479892648,0.0012296261742689085,0.001221450788895885,8.25743965363158E-4,3.364929986843514E-4,0.0016289009441344058,0.0014365252963206554,3.6472034434359825E-4,0.0015233999481594094,4.0687361169394564E-4,0.0013515006539051599,8.08658717514597E-4,1.0,0.0049968373795443045,0.0013888699099244707,0.001221186683838766,0.0012008426131694138,0.002802293276625942,1.8709109290205127E-4,0.0891266927705072,4.42686223325226E-4,0.0011056353603187134,3.93267314000902E-4,0.0012507658253959515,0.0014097066067021522,0.0032154387198338377,3.1970276497217344E-4,0.0013279260940078507,4.227899966826296E-4,2.597432918133553E-4,7.785602132589957E-4,0.01694353110922387],[0.0016292424270484404,0.0033044281645754734,0.002511661023360143,0.004064660376481065,0.0035070356232490413,0.012916098319351175,0.003865856456427742,0.0019115416265382999,0.005255980563752074,0.0024957583319284433,0.0019407998209750317,0.004056976715837068,0.0022252208306512795,5.502423618750474E-4,3.977611839615096E-4,0.00811993715700606,0.012346195232203339,0.003203542065917336,0.005731648758691185,0.002578217223718304,0.00376484961318619,0.0017057096778388507,0.002768007390034937,0.005082313243331308,0.0019596769664648865,0.0020847726845742015,0.0027488461880853855,8.933305043089875E-4,0.003939742675193863,0.0049968373795443045,1.0,0.0034420765656011593,0.0030741112441220915,0.005167544886235466,0.00582005216255682,0.00103181555161294,0.04472230508180605,0.0030015815747007173,0.005936568970740731,0.003668528783844802,0.0034125005411323878,0.0016992460545882998,0.006551648599006227,0.004507682481870103,9.89129319772303E-4,0.00525387523020348,4.1416109233105596E-4,0.005552587623406099,0.02884215960152374],[6.566646870751248E-4,4.317752455292471E-4,4.169338937721279E-4,0.0016881119258037192,0.0011052373968572524,0.014658829398868992,0.001025944237660277,0.001261894120543932,0.0012257713012780555,0.0013203237964644194,9.078558003812325E-4,6.823249027430324E-4,0.0010807520488832132,3.5381693785994646E-4,3.702372840025558E-4,0.0037460754200150325,0.006749279607080586,0.001481534307154318,6.039906477013102E-4,0.0011612130547404538,0.0011491753200719619,1.1258281408100217E-4,0.0014748874501231773,7.747382978838103E-4,1.872359812052713E-4,0.0017954563950155651,1.1736847937944306E-4,0.0010218064990925345,4.004052375334577E-4,0.0013888699099244707,0.0034420765656011593,1.0,8.072698524497618E-4,4.878037490522706E-4,0.0025061516048665105,4.671652532544826E-4,0.07116418655176658,3.4933742391520374E-4,7.371703563883977E-4,0.0011036922182787795,0.001280275244379306,1.1195886640827127E-4,0.004333346403893552,6.507303821341526E-4,0.0011189790086034745,0.0012686118081884968,2.0273381840067912E-4,2.8616244151169365E-4,0.02842872701999055],[2.765182702145365E-4,3.179814476909667E-5,3.5030890312984583E-4,0.0012544814881350974,2.832550321615893E-5,5.540931766115436E-4,3.687953389946146E-4,9.760608817957885E-4,7.814606072444686E-4,0.0011092233723654847,2.3670134099675402E-4,3.2119403767931465E-4,4.5038826310866596E-4,1.75225602387387E-4,2.755488189705509E-4,0.007155094127253235,0.020545888550857996,8.058160179009379E-4,2.8688687235690425E-4,0.0010816380488875594,2.0174051570455594E-4,2.2259713525248076E-4,7.970162336447656E-4,2.434062769486664E-4,3.4273405962501963E-4,0.0017986745565013256,3.594247067415168E-4,7.57641021437639E-4,2.893910392880232E-4,0.001221186683838766,0.0030741112441220915,8.072698524497618E-4,1.0,1.8691951781790215E-4,0.001828238910192227,3.464913128437647E-4,0.06692449710926883,2.1391647734111865E-4,2.2080493183408367E-4,3.694546918061385E-4,3.9672937806155555E-4,3.730579013113679E-4,0.009580067809283416,2.9150594254860135E-4,1.933814609178317E-4,1.9164371310649721E-4,2.787979530317307E-4,1.674330391086791E-4,0.015912190449868316],[1.0282797355394022E-4,5.0650393569853965E-5,7.060516781245152E-5,7.602656738089306E-4,2.803578256289628E-5,0.009770485643743441,1.3645856197743125E-4,9.634663629879901E-4,2.070141577043856E-4,4.137969858697948E-4,2.1058585443568387E-5,1.3952385151830564E-4,6.606682670084711E-4,1.4592409365532709E-4,1.8361825899852345E-4,0.007087853200686383,0.017820302206648205,8.351369217809603E-4,7.104000251263363E-5,8.542691259072786E-4,1.455341870752502E-4,9.646318316461005E-5,0.0013220575446380588,1.3791089449421065E-4,2.7011484327527583E-5,1.9571338820063012E-4,1.2501593819806396E-4,5.580159884446656E-4,1.4735902267614098E-4,0.0012008426131694138,0.005167544886235466,4.878037490522706E-4,1.8691951781790215E-4,1.0,0.003192864349175093,8.822756667305178E-5,0.06105369681700464,9.23705412373894E-5,1.7740984903216275E-4,1.1479648811007419E-4,3.992877359201032E-4,4.703024140464193E-5,0.002847107934674834,1.8869746638017709E-4,1.4136521937219477E-4,1.1985964601138759E-4,1.0659794355708764E-4,8.588263914341409E-5,0.03547492115506847],[9.017453898698624E-4,0.0011136599310169176,0.0025944529887880754,0.0024953504740478846,0.0024965552358709665,0.012418598686090436,0.002203224263430682,0.0017220332487168089,0.0034628322614522382,0.00337897253819449,0.0021730589938988585,8.886248733841677E-4,0.0027336039158653977,0.0017256142759899662,0.0027947606026193983,0.004841284806491021,0.03481178790948235,0.0033663566412373063,0.0025179801861093557,0.002550186940944659,0.002967556298860399,0.0023845033639162032,0.0019240817292146518,0.001347822323600385,0.0027997141026736352,0.002488128525679331,0.0030720323935192364,0.001088096475203144,0.0038897752696982475,0.002802293276625942,0.00582005216255682,0.0025061516048665105,0.001828238910192227,0.003192864349175093,1.0,0.0034303566770809042,0.08630139314212927,8.514972996829667E-4,0.003885511247712931,0.001944214197207706,0.0019155165144572493,0.003728147154442044,0.008620831834648263,2.6960393468052524E-4,0.003255597773417738,3.0462870178857824E-4,0.0035369601192599956,1.9979656297596283E-4,0.016950692550520126],[7.094959311677426E-5,2.2924379433707604E-5,1.7460428081274437E-5,8.386243948569655E-4,1.2651233024779075E-5,0.014061290488118272,1.0147110152691847E-4,3.971881188565177E-5,6.443156627452667E-4,4.63458408684989E-5,1.5065649875922078E-5,1.599069901038965E-4,3.617085144911946E-4,1.1492270595987736E-4,4.3569406545739214E-5,0.008721053907457697,0.004168726854049716,0.0011516658224980842,5.4716389491116845E-5,1.0789881646423846E-4,1.6464951453792556E-4,1.767048319885898E-5,0.0016549597839197988,4.299283172926681E-5,2.2276013075349493E-5,9.298545407140477E-4,3.5814930485659226E-5,5.197403256275543E-4,9.033423114464442E-5,1.8709109290205127E-4,0.00103181555161294,4.671652532544826E-4,3.464913128437647E-4,8.822756667305178E-5,0.0034303566770809042,1.0,0.05034228692113911,3.100603263237564E-5,1.1392141807756989E-4,3.0412153967180117E-5,0.0010057433800725662,4.1446102553867724E-5,0.00724430747715508,1.5038315536509324E-4,4.27601848843496E-5,2.3912837724301523E-5,2.8344189960292374E-5,2.0536777045483616E-5,0.017992108471062165],[0.06211173389313534,0.020472146044698332,0.026721182709374708,0.03236849213709701,0.07785534377645409,0.02919720051802451,0.09639997550124012,0.011056684128521049,0.07498994733876535,0.04870072441484976,0.005756703849937923,0.08502068122367365,0.02720113298171314,0.07503017127035413,0.08758570555571171,0.07659531194848294,0.08100774505390103,0.017636026136823642,0.00957847042381303,0.03231367040809783,0.06418511661462965,0.0845063042947951,0.06272392797428572,0.01476889338425462,0.0830146307507825,0.020753454523411312,0.09404299201960538,0.03362589761801504,0.043804257897129585,0.0891266927705072,0.04472230508180605,0.07116418655176658,0.06692449710926883,0.06105369681700464,0.08630139314212927,0.05034228692113911,1.0,0.09617740916935903,0.07917191459335986,0.09159626237036753,0.006254479218612081,0.04174068545100256,0.05353230830624561,0.05169193239526931,0.019823855536484726,0.021163236500933314,0.03987432336363305,0.07738739887179863,0.05733072699413973],[7.442405105927191E-5,2.7735497961257513E-5,2.1355737570750672E-5,0.0016055706869243706,2.6054315086085923E-5,0.011451383311299372,1.2884481932199428E-4,4.5509555492490614E-4,2.3107150728955532E-4,7.417807983709328E-4,1.7663028886600696E-5,8.345187091728988E-5,5.047660978342691E-4,1.4150661246992982E-4,2.1770917838031937E-4,0.008049720230025889,0.0038643988152672706,5.310164417004489E-4,4.974751062163581E-5,8.826702222379362E-4,9.571952206980614E-5,3.1065537570065124E-5,0.0011525497053712864,1.2983770391927725E-4,3.835009494267785E-5,0.0015228765591148259,6.557088220576791E-5,5.070970146990195E-5,7.675714315852456E-5,4.42686223325226E-4,0.0030015815747007173,3.4933742391520374E-4,2.1391647734111865E-4,9.23705412373894E-5,8.514972996829667E-4,3.100603263237564E-5,0.09617740916935903,1.0,1.2071977065819582E-4,3.870467696436513E-5,7.171441407631448E-4,4.59267522909184E-5,0.00472895604727066,1.613901776404531E-4,7.364897403447907E-5,8.539170001871187E-5,3.147751928118755E-5,3.933092190626136E-5,0.029555391063101864],[8.862749748987482E-5,1.3977657409119904E-4,1.3153007785972402E-4,4.8082847712937365E-4,6.229883606325973E-5,0.003939604734277608,1.8042792797019674E-4,6.942810085667955E-4,3.259839294504304E-4,3.522846294899373E-4,1.0134010590524005E-4,2.1708428017868173E-4,7.023666572352713E-4,1.6142400421067084E-4,2.0129492671985033E-4,0.0016187964009964696,0.023678184770793833,9.502145645569898E-4,1.5542504822206842E-4,8.618490897931017E-4,1.884740163547213E-4,1.1216154694589843E-4,8.75709301677983E-4,1.8255774751060606E-4,1.044024115121277E-4,0.0016655938769964658,1.6850272017076458E-4,2.682700879661561E-4,1.9613666954031343E-4,0.0011056353603187134,0.005936568970740731,7.371703563883977E-4,2.2080493183408367E-4,1.7740984903216275E-4,0.003885511247712931,1.1392141807756989E-4,0.07917191459335986,1.2071977065819582E-4,1.0,1.105594142875088E-4,8.636664017567345E-4,5.1887174752785145E-5,0.001533066482435221,1.967190761992381E-4,1.870921448285708E-4,1.37533749