[[1.0,1.5940390522197202E-4,0.05421900569529341,0.0035813186199849557,1.262721979343683E-4,0.006297381067488861,0.010229472277674487,0.0010166437077516533,4.633157699499163E-4,1.2851127330564514E-4,4.008291544955797E-5,0.0016348432490184883,0.004231817643034195,1.8601477034107484E-4,3.6976987435855755E-4,0.003080986523276577,0.011876963753501562,3.0884676718855725E-4,0.0014454914929642453,1.5103476429934748E-4,3.952210194369993E-4,1.7977307417620534E-4,0.001072312097817111,7.693808028877304E-4,1.783331953091196E-4,0.0012620390193542302,0.0012666134783455112,1.4703776991584723E-4,1.7969025376350105E-4,0.0013478100666152112,0.0010674487976520368,1.4444426456348248E-4,2.2261864229985095E-4,0.001140066364625412,1.4138606003816277E-4,0.005063560586547216,0.001415074559085788,0.004278897728916586,0.09044176362314997,1.4463909979304657E-5,1.8843020978204472E-4,4.179132566404128E-4,0.0012073407938395242,0.0011251377940472988,4.708714692930959E-4,2.037772048937627E-4,1.4345469131675292E-4,0.002699346918139599,5.063940843085622E-5,1.643202991981444E-4],[1.5940390522197202E-4,1.0,0.06653187101848301,0.00219199089610632,1.3471629423688556E-4,3.997155144115505E-4,0.011228420607989932,0.001251733336922952,5.85361038944823E-4,4.1814661590107625E-5,8.339677346186285E-5,0.003138697193897103,0.007831197259628626,1.6993748973141636E-4,4.214061132603524E-4,0.006399571107209667,0.00986693624996505,2.4102580525370605E-4,0.0010962210129914956,1.370817647377371E-4,7.145160152387221E-4,3.4348358283356646E-4,0.0011000345705060141,8.364092534548957E-4,1.5970595686834511E-4,0.0010916490061100856,0.0024961768064019705,1.310285549542185E-4,1.8639823336844187E-4,0.0032043003218960283,8.46801828051898E-4,1.2267835652457379E-4,1.9938482797052758E-4,7.624717258932043E-4,1.5914526588479798E-4,0.0014921862879973698,4.5925422469859277E-4,0.006385137182202571,0.07614464615506861,5.9245233457652745E-5,1.9239115422177655E-4,1.6454647096183033E-4,0.0014786731381505915,7.453675144879963E-4,0.003092191672252203,1.8556497510614138E-4,5.83453474447515E-5,0.0037015863224397557,1.3963593622794482E-4,1.378306271020789E-4],[0.05421900569529341,0.06653187101848301,1.0,0.07455239375850281,0.050929934133878495,0.010827411362862098,0.020767325259699546,0.046640998025469095,0.0836907124733187,0.07798532289813229,0.003189172434942414,0.007193294373828658,0.019648873768365615,0.07993020347536309,0.06671783648219076,0.03518922625394952,0.025185845740334507,0.010099965543853498,0.06256176933865622,0.002235513124411587,0.016933078541269943,0.061571840200774185,0.010624512008564877,0.0414193167342861,0.05263404230512556,0.05660266356200255,0.04905536534702705,0.050042414179190454,0.044987867289546166,0.04384733542134526,0.08749859363983009,0.017677409625726746,0.008053914937961605,0.022212383024971742,0.05607070367517008,0.059100351421746904,0.06460808682702333,0.07260747024895566,0.09090909090909091,0.014714791661383826,0.02457919439478915,0.049986516788339444,0.009802598800474202,0.05863266025746402,0.044575174099157615,0.057131216128294096,0.06535029929914138,0.011489185252413046,0.07483910122614132,0.07164125168820895],[0.0035813186199849557,0.00219199089610632,0.07455239375850281,1.0,0.003663507110880906,0.008916784349477187,0.00613123405655227,0.0027026037991734735,0.003716509584052262,0.00126403469500866,6.110286093638302E-4,0.004349286880590517,0.008831152094990961,0.001720747058483578,0.0036168365134987197,0.009987120689964317,0.009529122587431924,0.004090580871790085,0.004272427807133833,0.0023091670843093538,0.004265373997394302,0.0017805386250953007,0.0032721636891601047,0.004101562315529746,9.538572502070276E-4,0.0015884660552832536,0.004323843298651614,0.0018066934988996111,0.0033467976322377425,0.004144395353759465,0.004207755024439419,0.003941415148467787,0.004003355327783316,0.003928024733344771,0.0022711012645312448,0.00865965690799619,0.0029111349428106743,0.009327204527694529,0.05268396018153969,0.0028927641746503254,0.00335720571410183,0.0011978718756699295,0.002771944233480935,0.0039243481843398,0.004232827367056301,0.0016879882926253995,0.0014260393888750544,0.009070369902032,0.002265035626684582,0.002561945600909391],[1.262721979343683E-4,1.3471629423688556E-4,0.050929934133878495,0.003663507110880906,1.0,0.0041946144671102786,0.004440981677998155,0.001241656912574275,8.822066619481586E-4,1.2079548426363276E-4,6.495727732720244E-5,0.0025008141538009777,0.004361105772486131,1.8117581989388407E-4,2.5444979843378243E-4,0.0039423716133609454,0.007222671191103616,0.0010054307267837632,2.580569931063991E-4,1.3207305911344284E-4,3.3174136377079016E-4,2.039805928298724E-4,2.747841323404944E-4,5.388299339236379E-4,1.6046505667483484E-4,0.0014144364454808807,0.007742044027502782,5.654395662351139E-5,1.3519908051868996E-4,0.002572101976627142,7.039512181249717E-4,6.035361389797537E-5,1.9549042800297067E-4,0.001456706490912661,1.2408529457283077E-4,0.004049400044626838,0.0010727505206930995,0.0036769831062922727,0.0019627908136381753,1.0413105078982551E-4,1.871209247843556E-4,3.620453444146119E-4,9.775289383596017E-4,7.823163075482595E-4,0.002941845969744239,1.8105126299836703E-4,3.8088399350172165E-5,0.005250951046804436,2.3992340762178284E-5,1.2244985133141843E-4],[0.006297381067488861,3.997155144115505E-4,0.010827411362862098,0.008916784349477187,0.0041946144671102786,1.0,0.011326902443436739,0.006187631179394935,0.0039309242202971405,0.00900443562507314,0.006357133619221327,0.007641938925087724,0.010978584210773084,0.0012261195776406674,0.002743475490054626,0.0225344448989993,0.012724180808216272,0.004789970071909275,0.0060821878858283995,0.010301015414280763,0.006016703119731421,0.005346830083710096,0.008551041261643163,0.0033281159477717625,0.007400027160372174,0.0046416369643305895,0.013358492434566698,0.006352714551701661,0.0017368703152796034,0.0062214455589449085,0.0020365780011274435,0.00254869701038261,0.01004427315727976,0.00938007761099498,0.010242420026265324,0.01064848444717091,0.009633161699404336,0.011530183634161684,0.019010241923831953,0.0024486735201124598,0.008617934762545323,0.002034137382401631,0.008950964644424901,0.007096085439545154,0.0072709190766833305,0.0017000851204344604,0.005002764755515042,0.01035798886542261,0.009706519925139087,0.003830214213219457],[0.010229472277674487,0.011228420607989932,0.020767325259699546,0.00613123405655227,0.004440981677998155,0.011326902443436739,1.0,0.009522771962883083,0.00873910980120613,6.347481023378515E-4,0.009090570242215502,0.008619384966310623,0.011489021213624004,0.010430129202037836,0.009524820379353021,0.01793365423128823,0.014730500063281117,0.0070770903971200125,0.00818887742104692,0.008374267523176441,0.01128065370973198,8.437866793488541E-4,0.005304731712802487,0.002073339044547003,0.005709491344376699,0.010923366867579483,0.01300440962823532,0.0016959131501908206,0.004979854715964865,0.003990369633917339,0.0067010168660489,0.004464352243579705,7.795792082144501E-4,0.008356259290585158,0.003969660033380619,0.011074694261361897,0.001946834117559708,0.011881842049012336,0.050945698495525,0.004300457369420902,7.039206129552439E-4,0.007785335182828105,0.011583627312231028,0.0047602459490439135,0.005770476945368333,0.0077596789917016885,0.006995385567610789,0.009425213001803706,0.004135587696736779,0.001014690392290383],[0.0010166437077516533,0.001251733336922952,0.046640998025469095,0.0027026037991734735,0.001241656912574275,0.006187631179394935,0.009522771962883083,1.0,0.0024543259123500387,0.0021027010804663447,0.002066168324282204,0.0038688089966389594,0.0036324761334243696,0.0019136214018630605,0.0010689695055898399,0.007522457462071379,0.0026981353685596936,0.0016585753040482386,0.004057609550230843,0.0022443675360384768,0.001383350109766687,0.0013220399186522265,0.0014078379486880618,0.0019005797598746887,4.7848538672583404E-4,0.0018351019308090635,0.004104432909894295,0.001509651185041594,8.147591608606646E-4,0.003953380900348824,0.0024022751793891426,0.0023712592119845208,6.762084689273605E-4,0.0022026056900398237,0.0016019652349622022,0.003417170865289894,0.0020517454169108433,0.0027958748693883303,0.02523944032494667,4.29447460745564E-4,0.001825800934804232,0.0024117607706449664,0.002057652965591309,0.0017566340000961466,0.002644389905423979,0.0013688899903860421,0.0025968650506405463,0.0068752815627193984,0.0013946810719669628,0.0018020139923555834],[4.633157699499163E-4,5.85361038944823E-4,0.0836907124733187,0.003716509584052262,8.822066619481586E-4,0.0039309242202971405,0.00873910980120613,0.0024543259123500387,1.0,8.47204801981187E-4,9.38167162784321E-4,0.00310742850566685,0.006365348093963569,9.632682685579788E-4,8.651187640824241E-4,0.00988566766970305,0.01050455927439773,0.0011286773031409065,0.0013672854940645995,1.6078461562958333E-4,0.0010295335074878018,5.113428259306458E-4,0.0011038033946059766,0.0010878692989629115,8.285188865595403E-4,0.0014062445641233499,0.003150856763580326,8.091499757139924E-4,2.986658373494386E-4,0.0020047843676686272,0.001156717403048362,9.534291568250231E-5,4.829608738407947E-4,0.0013032841602440863,5.762728818517888E-4,0.007728397720652924,0.0015413854874043354,0.008306149148650903,0.09011853628420853,6.496085491195749E-4,7.254756629234512E-4,8.828706519975769E-4,0.0015468085643074423,0.0010677299376121861,0.004034497030267383,5.283695717880413E-4,8.176680900741345E-4,0.001429299435031917,1.372729180665902E-4,0.001009850095779854],[1.2851127330564514E-4,4.1814661590107625E-5,0.07798532289813229,0.00126403469500866,1.2079548426363276E-4,0.00900443562507314,6.347481023378515E-4,0.0021027010804663447,8.47204801981187E-4,1.0,1.2051476847776751E-5,8.457141378889882E-4,0.006652575563282005,1.6345876321440284E-4,2.2804016990658245E-4,0.014023312727186986,0.014295088333733398,2.162861278361966E-4,0.0038730723236196987,7.007291015100154E-5,9.16310988453672E-4,3.0225293029219307E-5,4.243014403011792E-4,0.0010044314064947015,1.7661552007548417E-4,0.0010389016279084707,6.830120760942847E-4,2.2767739610927964E-5,8.77452251844304E-5,0.003964302563485463,9.567521050193621E-4,2.799430253231003E-5,1.6630638660238866E-4,7.864256947141214E-4,8.503994343510187E-5,0.003588863701918274,2.687054617107684E-4,0.011031167259813688,0.015986460787087292,1.2848419392645352E-5,1.6047436517042688E-4,1.0855561268862063E-4,6.552469920315249E-4,0.0011190542490755846,8.700335741394687E-4,1.2171304637649018E-4,1.5079690237721806E-5,0.0024581417816731082,1.1542425434441659E-5,5.584707368151431E-5],[4.008291544955797E-5,8.339677346186285E-5,0.003189172434942414,6.110286093638302E-4,6.495727732720244E-5,0.006357133619221327,0.009090570242215502,0.002066168324282204,9.38167162784321E-4,1.2051476847776751E-5,1.0,0.0022828744696659522,7.024722168490283E-4,1.78058345361885E-4,3.10922304057676E-4,0.01510695246165537,0.015916603492641047,7.922544605406622E-4,0.00407169970308754,4.238251661883292E-5,3.242732857861549E-4,1.874876365631254E-4,7.687196028542537E-4,6.079573336635995E-5,6.526826674702751E-5,8.864116743206904E-4,0.0021816690650037947,3.5154992823449506E-5,2.0398514811313697E-4,0.0014420908682272028,3.5196356718390624E-4,1.697127889978625E-5,1.255944574832961E-4,0.0013279408233081234,1.1215418799221272E-4,0.003952057569458116,0.0011535099013499505,0.005099407510497904,0.06699961797749025,1.3088802972159837E-5,1.3405021027100252E-4,4.116007437005664E-4,4.955315051235086E-4,0.0011503780809748088,0.003486737497343849,3.90436637964566E-5,1.4430853570974585E-5,0.005007508801100398,1.1268235530115466E-5,1.671119402425143E-5],[0.0016348432490184883,0.003138697193897103,0.007193294373828658,0.004349286880590517,0.0025008141538009777,0.007641938925087724,0.008619384966310623,0.0038688089966389594,0.00310742850566685,8.457141378889882E-4,0.0022828744696659522,1.0,0.005987837789632008,0.002920323232315533,0.001504284419753481,0.016344063818606397,0.015651284799456662,0.0014639010052704933,0.004325376010500995,0.0041689174027876785,0.0018725554175898866,0.0035164597884589244,0.002902375217674223,0.003592105922151728,0.002147841186754281,0.0024873882129477247,0.0167116370472596,0.002759532074629683,0.0028713153874275997,0.0043586061415502135,0.0023472825968505286,0.003665028994667157,0.001296728725827884,0.001580826009281573,0.003445297879379301,0.008407666591164143,0.003166820520563199,0.00643498323124235,0.06136720799200496,0.004085922468280703,4.863901902528333E-4,0.0036998640996058554,0.0020054775980571627,0.003766871703881782,0.004298798346185298,0.0016563061938363016,0.0019992917854932245,0.008868147398829258,0.0034179815807587957,3.0238746903752815E-4],[0.004231817643034195,0.007831197259628626,0.019648873768365615,0.008831152094990961,0.004361105772486131,0.010978584210773084,0.011489021213624004,0.0036324761334243696,0.006365348093963569,0.006652575563282005,7.024722168490283E-4,0.005987837789632008,1.0,0.0070068813727087904,0.008717398805082684,0.021809479166339563,0.01567248462500018,0.0035419510001811795,0.007246157992237412,0.011153609390105812,0.005337736604393441,0.0109397021257991,0.01060003953104788,0.003716363247815533,0.006844917786968792,0.009902370076943485,0.014346690858006593,0.010539928677091357,0.006126575320600626,0.006984020650672278,0.010448015645111556,0.00807208899086339,4.402710925660079E-4,0.0051645717974352625,0.009512113681199655,0.01117861114495306,0.009911019820197714,0.011614593744806556,0.018730739492075935,9.834751431833182E-4,0.00514217820947953,0.008185122229347974,0.007283486760485485,0.0076704579328033835,0.007105217298499781,0.001987733634328477,0.0042719229271340016,0.010201325196815122,0.0019214159824285952,0.0038253334398355063],[1.8601477034107484E-4,1.6993748973141636E-4,0.07993020347536309,0.001720747058483578,1.8117581989388407E-4,0.0012261195776406674,0.010430129202037836,0.0019136214018630605,9.632682685579788E-4,1.6345876321440284E-4,1.78058345361885E-4,0.002920323232315533,0.0070068813727087904,1.0,2.2049288628182533E-4,0.004498690349235235,0.002327525926087389,8.820462630635594E-4,0.0013739279580085027,1.6347103125514316E-4,2.456627102367274E-4,2.4575283998135575E-4,6.187857650023157E-4,8.155089198508212E-4,1.8322153295446706E-4,4.394414262279074E-4,0.01147655835001994,1.6923745896558E-4,1.9357278627274324E-4,0.0016392892754149423,8.022320861181529E-4,1.6541735257387394E-4,1.9959890561732584E-4,0.001350546603721236,1.7546157698490535E-4,0.0035965184434137063,0.0017520249969758574,0.009651546544039652,0.06289367203758725,1.608508976376507E-4,2.001514358611516E-4,2.2227294608147805E-4,0.001252117176375062,5.160971110986336E-4,6.469855373956988E-4,1.9442914047469113E-4,1.0679248774224761E-4,0.003760498990408879,1.1016782170877621E-4,1.5407892974706627E-4],[3.6976987435855755E-4,4.214061132603524E-4,0.06671783648219076,0.0036168365134987197,2.5444979843378243E-4,0.002743475490054626,0.009524820379353021,0.0010689695055898399,8.651187640824241E-4,2.2804016990658245E-4,3.10922304057676E-4,0.001504284419753481,0.008717398805082684,2.2049288628182533E-4,1.0,0.0023370622509730986,0.006952024321706299,9.03245459671533E-4,0.003867479819090418,2.41612108838108E-4,9.553833348992719E-4,4.279711529535205E-4,7.976970139452195E-4,0.0011760900500363096,5.906836623412002E-4,9.76468946350104E-4,0.009188267287868382,1.5797312393315706E-4,4.1351468275272927E-4,0.002824235242218294,9.161687485234108E-4,5.907966567052462E-4,6.449492119638463E-4,0.001105108540472209,4.952652051684438E-4,0.009860952719215296,0.0014282385628295077,0.007251371904695006,0.08773205228506056,4.266234470936556E-4,6.38142663336373E-4,5.443879208263924E-4,0.0011771703327168237,0.0011177460833375133,0.0021498932351577465,2.5363437729837703E-4,3.6059237840134625E-4,0.0010782634315626843,5.750541304380452E-5,2.2893820159944732E-4],[0.003080986523276577,0.006399571107209667,0.03518922625394952,0.009987120689964317,0.0039423716133609454,0.0225344448989993,0.01793365423128823,0.007522457462071379,0.00988566766970305,0.014023312727186986,0.01510695246165537,0.016344063818606397,0.021809479166339563,0.004498690349235235,0.0023370622509730986,1.0,0.017207351025274126,0.0033541801409110675,0.019698973498301815,0.006417287068441842,0.009425277585665175,0.005588997039882633,0.009654573933833035,0.008407656654687729,0.00402737270772806,0.01774394702279604,0.021882334252160886,0.009812508457210243,0.019783022483976863,0.006443279481569518,0.00223443394602233,0.0022080921655790076,0.016763120405945593,0.018862900635763156,0.007828166604756753,0.010708643554022797,0.020803433336144678,0.020079804492366543,0.024172845317996287,0.008146305786923522,0.009967076705397841,0.009439576589999506,0.009196584274269098,0.012517071842954744,0.004352680931945892,0.002178330897406138,0.01540560543500816,0.01916140382074581,0.015747525734908455,0.009776815092873994],[0.011876963753501562,0.00986693624996505,0.025185845740334507,0.009529122587431924,0.007222671191103616,0.012724180808216272,0.014730500063281117,0.0026981353685596936,0.01050455927439773,0.014295088333733398,0.015916603492641047,0.015651284799456662,0.01567248462500018,0.002327525926087389,0.006952024321706299,0.017207351025274126,1.0,0.01432838372980979,0.016650245979605054,0.006731232330354233,0.006856766724646878,0.015668473437161923,0.0020938980560813655,0.01056843523752135,0.0015632980068119964,0.014870566870992323,0.016857630301480696,0.005019950624666503,0.012820727088981049,0.009571997307357276,0.0026721501531012408,0.01616385041968944,0.00123683957647935,0.01479460334653641,0.0018713653749261303,0.01616633444420152,0.003353802824583459,0.013680957691436284,0.08475477678259805,0.0030933832900325083,0.008475278777688687,0.008790567085218488,0.005885070773397771,0.015004105588513238,0.006282960378608192,0.016216264426013215,0.01271624845901017,0.014789196899468879,0.01655362033558961,0.0044915625910796585],[3.0884676718855725E-4,2.4102580525370605E-4,0.010099965543853498,0.004090580871790085,0.0010054307267837632,0.004789970071909275,0.0070770903971200125,0.0016585753040482386,0.0011286773031409065,2.162861278361966E-4,7.922544605406622E-4,0.0014639010052704933,0.0035419510001811795,8.820462630635594E-4,9.03245459671533E-4,0.0033541801409110675,0.01432838372980979,1.0,0.003245203248790545,3.5445538799535784E-4,0.0012943501185018937,5.738370328775648E-4,0.0011579947664704315,0.0013249437645000029,2.8300235733002714E-4,0.0014399785793153914,0.004101721466040952,9.572937423070767E-4,0.0010604395886888492,0.0013064138793488587,0.0012043878218017604,8.936600002989062E-4,4.810821459451788E-4,0.001360485146827147,7.786751214536978E-4,0.0038278446731227593,0.0016681647578133442,0.0037230129263319135,0.08915331814928347,3.21469790357025E-4,0.00122115143929595,0.0010528426811624932,0.0015278924849688748,0.0012190291244685869,0.0031112691558271652,6.677091231948794E-4,4.6648543579820193E-4,0.008179114111281624,0.0011007678517665036,4.3217463733034395E-4],[0.0014454914929642453,0.0010962210129914956,0.06256176933865622,0.004272427807133833,2.580569931063991E-4,0.0060821878858283995,0.00818887742104692,0.004057609550230843,0.0013672854940645995,0.0038730723236196987,0.00407169970308754,0.004325376010500995,0.007246157992237412,0.0013739279580085027,0.003867479819090418,0.019698973498301815,0.016650245979605054,0.003245203248790545,1.0,0.0012216185734418453,0.004061433806151123,0.0018059948715792038,0.003648794376201266,0.0015671742185977245,0.0015808989713989728,0.003555888755745509,0.01323279019355168,0.0015475098023597159,0.003829379584001852,0.004047007149085709,0.0032093620039838466,0.0037121802215510226,0.003197722256028103,0.0033403365029245893,2.033752018787347E-4,0.010195468688682378,0.0024966893285600414,0.008013100041809154,0.08017032433428362,0.0030625533868368603,0.001170817075762579,9.244798351315179E-4,0.003676692248748059,0.0016149098149965714,0.004232922282134092,0.002890839932008101,0.0018593118577670048,0.004538130139692382,0.0033239898383018956,0.0018642295161836607],[1.5103476429934748E-4,1.370817647377371E-4,0.002235513124411587,0.0023091670843093538,1.3207305911344284E-4,0.010301015414280763,0.008374267523176441,0.0022443675360384768,1.6078461562958333E-4,7.007291015100154E-5,4.238251661883292E-5,0.0041689174027876785,0.011153609390105812,1.6347103125514316E-4,2.41612108838108E-4,0.006417287068441842,0.006731232330354233,3.5445538799535784E-4,0.0012216185734418453,1.0,7.676612167855367E-4,2.92137715770454E-4,0.001100462661524626,0.0012039996566628535,1.7149935500694892E-4,5.0024097419446E-4,0.007858889197803996,4.355885141316086E-5,2.0977275256476603E-4,0.0019485546125231643,6.942586227549236E-4,1.3169529005142757E-4,2.1304654383737194E-4,9.041900573930765E-4,1.268997412311722E-4,0.006215412922272709,0.0010750504638282275,0.010594015458798088,0.0065902002281200455,7.562068831587867E-5,1.786713934722045E-4,3.881459660220888E-4,3.927485109222067E-4,1.6756435805954725E-4,0.0012697638928666638,2.2829693850582032E-4,5.8948143809918975E-5,3.414894900733582E-4,1.3092640170400902E-4,1.2536484315798244E-4],[3.952210194369993E-4,7.145160152387221E-4,0.016933078541269943,0.004265373997394302,3.3174136377079016E-4,0.006016703119731421,0.01128065370973198,0.001383350109766687,0.0010295335074878018,9.16310988453672E-4,3.242732857861549E-4,0.0018725554175898866,0.005337736604393441,2.456627102367274E-4,9.553833348992719E-4,0.009425277585665175,0.006856766724646878,0.0012943501185018937,0.004061433806151123,7.676612167855367E-4,1.0,4.988201516996715E-4,0.0012424458037509079,0.001343562382500878,3.6187612170970076E-4,0.0014911530533434148,0.010652550388437376,2.6917079940909366E-4,0.0010508564956127613,0.002481973412051708,0.001260865212979841,9.457944466361008E-4,3.6973586209779695E-4,0.0013768712464462248,2.6293265607412104E-4,0.007553451608701377,0.0014529246191874992,0.004349164317672024,0.04953789206882068,4.166199821360111E-4,7.116000717669261E-4,6.044853848437403E-4,0.0015408422793982874,0.0012646903276007624,0.0018925038762647932,0.001217224426415147,0.0013173938268758161,0.005699921678526166,1.8290943725756816E-4,4.402077608952874E-4],[1.7977307417620534E-4,3.4348358283356646E-4,0.061571840200774185,0.0017805386250953007,2.039805928298724E-4,0.005346830083710096,8.437866793488541E-4,0.0013220399186522265,5.113428259306458E-4,3.0225293029219307E-5,1.874876365631254E-4,0.0035164597884589244,0.0109397021257991,2.4575283998135575E-4,4.279711529535205E-4,0.005588997039882633,0.015668473437161923,5.738370328775648E-4,0.0018059948715792038,2.92137715770454E-4,4.988201516996715E-4,1.0,4.1574204692821785E-4,5.79492970698146E-4,3.0537845895798205E-4,0.0010046892655333193,0.007870307334663613,3.5891851600009796E-4,3.4435387769273385E-4,7.723847973700361E-4,3.9730525301852955E-4,3.239843250742647E-4,2.6303184031677883E-4,6.173196328006759E-4,2.92494398778685E-4,0.010062265120196055,0.001808383191366723,0.0033103304843755937,0.06754941466174842,3.58231014163276E-4,3.0903407356287576E-4,4.519258749702426E-4,3.826494820659853E-4,5.687836223585279E-4,0.0019582226487157195,2.7894395692431694E-4,1.9983543475831815E-4,0.004902001184088825,1.996327413309025E-4,3.4004070235076403E-4],[0.001072312097817111,0.0011000345705060141,0.010624512008564877,0.0032721636891601047,2.747841323404944E-4,0.008551041261643163,0.005304731712802487,0.0014078379486880618,0.0011038033946059766,4.243014403011792E-4,7.687196028542537E-4,0.002902375217674223,0.01060003953104788,6.187857650023157E-4,7.976970139452195E-4,0.009654573933833035,0.0020938980560813655,0.0011579947664704315,0.003648794376201266,0.001100462661524626,0.0012424458037509079,4.1574204692821785E-4,1.0,0.001161913446493166,0.0010432317968485905,0.0011850495223255965,0.01677421668641296,0.0011057516832122447,8.940672021786906E-4,0.0030440888568458767,0.0011722478561702323,0.0010054806744181335,0.0011044911618516473,0.0014495338488203023,9.485643133843344E-4,0.009442363030911045,0.0015675087558050984,0.01256983438831043,0.005729334245936843,9.533447180665295E-4,4.1342168377494755E-4,8.980162943448071E-4,0.001421844106225332,0.0011983884079290812,0.0021478478866607167,7.1477720355606E-4,4.188921838485874E-4,0.0041211224613334,7.444927888136183E-4,9.113293788157806E-4],[7.693808028877304E-4,8.364092534548957E-4,0.0414193167342861,0.004101562315529746,5.388299339236379E-4,0.0033281159477717625,0.002073339044547003,0.0019005797598746887,0.0010878692989629115,0.0010044314064947015,6.079573336635995E-5,0.003592105922151728,0.003716363247815533,8.155089198508212E-4,0.0011760900500363096,0.008407656654687729,0.01056843523752135,0.0013249437645000029,0.0015671742185977245,0.0012039996566628535,0.001343562382500878,5.79492970698146E-4,0.001161913446493166,1.0,1.8459908241259937E-4,0.0014261568404154937,0.012280112936420454,8.961257087004619E-4,5.507730063583486E-4,0.002987333565687483,0.0012174553880045496,5.859294966686034E-4,0.0011757499639502525,0.0014092160159516606,9.403167771452567E-4,0.009172083880288777,0.0018496474417752816,0.009708558243544057,0.06236570777573145,2.1163223635672533E-4,8.059762225864164E-4,9.591462158179001E-4,0.0015093653208397677,0.001295727940096725,0.0030943548000058026,5.578138065096775E-4,1.63214338514309E-5,0.002312733702172289,4.993518978077937E-4,2.189228518945758E-4],[1.783331953091196E-4,1.5970595686834511E-4,0.05263404230512556,9.538572502070276E-4,1.6046505667483484E-4,0.007400027160372174,0.005709491344376699,4.7848538672583404E-4,8.285188865595403E-4,1.7661552007548417E-4,6.526826674702751E-5,0.002147841186754281,0.006844917786968792,1.8322153295446706E-4,5.906836623412002E-4,0.00402737270772806,0.0015632980068119964,2.8300235733002714E-4,0.0015808989713989728,1.7149935500694892E-4,3.6187612170970076E-4,3.0537845895798205E-4,0.0010432317968485905,1.8459908241259937E-4,1.0,0.0014345024465926115,0.011105434315617972,1.006435961019575E-4,2.5759147229491915E-4,0.002036926585798357,5.461186556541994E-4,1.4586009834348683E-4,2.2560553998638E-4,0.0012004687823082777,1.5931648134921602E-4,0.008775737224662279,9.633157158198365E-4,0.006971330983784763,0.06176841271978125,6.75593383176176E-5,1.9130220884910548E-4,2.6643200359857775E-4,0.0013583017412184724,0.0010183308159424677,0.004094941442514488,2.3155515472935573E-4,9.87333690445795E-5,0.006339211921154311,1.595670330094294E-4,1.4255385516499493E-4],[0.0012620390193542302,0.0010916490061100856,0.05660266356200255,0.0015884660552832536,0.0014144364454808807,0.0046416369643305895,0.010923366867579483,0.0018351019308090635,0.0014062445641233499,0.0010389016279084707,8.864116743206904E-4,0.0024873882129477247,0.009902370076943485,4.394414262279074E-4,9.76468946350104E-4,0.01774394702279604,0.014870566870992323,0.0014399785793153914,0.003555888755745509,5.0024097419446E-4,0.0014911530533434148,0.0010046892655333193,0.0011850495223255965,0.0014261568404154937,0.0014345024465926115,1.0,0.010773568841821677,5.685057450294724E-4,9.753325205819395E-4,0.0020514433097986668,0.0012089905964292097,0.0011209913801964694,0.0010592015157007933,0.001510786837561662,7.766748541975339E-4,0.00976090738980227,0.0016995016016682952,0.009313808605147583,0.020325786302280355,7.225349693470825E-4,0.0010557728957325647,9.060377502111533E-4,0.0015505992328171353,0.0014425688312193386,0.0024162431181244054,5.413984591002424E-4,0.0014006850842284298,0.009214813136926797,3.006617844335592E-4,0.0010859634822238424],[0.0012666134783455112,0.0024961768064019705,0.04905536534702705,0.004323843298651614,0.007742044027502782,0.013358492434566698,0.01300440962823532,0.004104432909894295,0.003150856763580326,6.830120760942847E-4,0.0021816690650037947,0.0167116370472596,0.014346690858006593,0.01147655835001994,0.009188267287868382,0.021882334252160886,0.016857630301480696,0.004101721466040952,0.01323279019355168,0.007858889197803996,0.010652550388437376,0.007870307334663613,0.01677421668641296,0.012280112936420454,0.011105434315617972,0.010773568841821677,1.0,0.009332607304828634,0.009924859149236794,0.007787365595102793,0.006317609005674385,0.010162846979797757,0.0038105476879514376,0.009368466627553149,2.2504818520140731E-4,0.016712611142025185,0.004271760837530573,0.013409701052289467,0.05059059345526329,0.012217036472878372,0.007501060373334926,0.007108370298463476,0.003426068201840053,0.015378829150832527,0.009002297649980357,0.014486098934750067,0.016939313551420962,0.012701937544689398,0.0037474789185926076,0.013396407754346798],[1.4703776991584723E-4,1.310285549542185E-4,0.050042414179190454,0.0018066934988996111,5.654395662351139E-5,0.006352714551701661,0.0016959131501908206,0.001509651185041594,8.091499757139924E-4,2.2767739610927964E-5,3.5154992823449506E-5,0.002759532074629683,0.010539928677091357,1.6923745896558E-4,1.5797312393315706E-4,0.009812508457210243,0.005019950624666503,9.572937423070767E-4,0.0015475098023597159,4.355885141316086E-5,2.6917079940909366E-4,3.5891851600009796E-4,0.0011057516832122447,8.961257087004619E-4,1.006435961019575E-4,5.685057450294724E-4,0.009332607304828634,1.0,2.2319490040848772E-4,0.003863695125984891,5.224212903440533E-4,4.046643479663354E-5,6.853557973270206E-5,8.143969858797123E-5,6.88551796733353E-5,0.0039206614512557044,2.954759726244943E-4,0.0076486838531264305,0.010730187457002936,3.2080791790861376E-5,1.917798000956588E-4,1.361873395959049E-4,7.613265306381049E-5,0.0010039052692772175,0.0031487882381340255,1.3703890156370149E-4,1.7991561192093346E-5,0.0020364988619263526,1.6151051038165558E-5,8.516767763010823E-5],[1.7969025376350105E-4,1.8639823336844187E-4,0.044987867289546166,0.0033467976322377425,1.3519908051868996E-4,0.0017368703152796034,0.004979854715964865,8.147591608606646E-4,2.986658373494386E-4,8.77452251844304E-5,2.0398514811313697E-4,0.0028713153874275997,0.006126575320600626,1.9357278627274324E-4,4.1351468275272927E-4,0.019783022483976863,0.012820727088981049,0.0010604395886888492,0.003829379584001852,2.0977275256476603E-4,0.0010508564956127613,3.4435387769273385E-4,8.940672021786906E-4,5.507730063583486E-4,2.5759147229491915E-4,9.753325205819395E-4,0.009924859149236794,2.2319490040848772E-4,1.0,5.622818432116809E-4,4.274690520241658E-4,1.0941223904614174E-4,2.4698909460775417E-4,7.845932806238532E-4,2.2733442873759644E-4,0.00813150323366256,7.67131347735252E-4,0.006631920843732767,0.029457468018425977,1.2946373801066573E-4,2.3845511768348708E-4,5.119872967367979E-4,5.01552339206518E-4,4.239654227972336E-4,0.0035961690146714786,2.471202572898622E-4,1.8606901282281418E-4,0.00862310314923036,2.4558042421413573E-4,2.3857106246114913E-4],[0.0013478100666152112,0.0032043003218960283,0.04384733542134526,0.004144395353759465,0.002572101976627142,0.0062214455589449085,0.003990369633917339,0.003953380900348824,0.0020047843676686272,0.003964302563485463,0.0014420908682272028,0.0043586061415502135,0.006984020650672278,0.0016392892754149423,0.002824235242218294,0.006443279481569518,0.009571997307357276,0.0013064138793488587,0.004047007149085709,0.0019485546125231643,0.002481973412051708,7.723847973700361E-4,0.0030440888568458767,0.002987333565687483,0.002036926585798357,0.0020514433097986668,0.007787365595102793,0.003863695125984891,5.622818432116809E-4,1.0,0.0019486368080291912,0.0016156278861481517,0.0014604670956595493,0.0035639565828565704,0.0028360577906448655,0.0060234632434759865,0.0024462826297035967,0.009785096709545808,0.0592256197341213,0.0026363232560218035,0.0036529247872575795,0.0024441102243000735,0.0027704301252496335,0.0022725863819807483,0.004078798750063166,9.88743275683625E-4,2.1276939720163196E-4,0.0052503455954040976,0.0016575451075019096,0.0020632234955795204],[0.0010674487976520368,8.46801828051898E-4,0.08749859363983009,0.004207755024439419,7.039512181249717E-4,0.0020365780011274435,0.0067010168660489,0.0024022751793891426,0.001156717403048362,9.567521050193621E-4,3.5196356718390624E-4,0.0023472825968505286,0.010448015645111556,8.022320861181529E-4,9.161687485234108E-4,0.00223443394602233,0.0026721501531012408,0.0012043878218017604,0.0032093620039838466,6.942586227549236E-4,0.001260865212979841,3.9730525301852955E-4,0.0011722478561702323,0.0012174553880045496,5.461186556541994E-4,0.0012089905964292097,0.006317609005674385,5.224212903440533E-4,4.274690520241658E-4,0.0019486368080291912,1.0,9.278559123853125E-4,0.0010643620359092082,0.0015291160602821882,0.0010708632306984983,0.008748414453513322,0.0018213221029832831,0.008722404985898121,0.02976507655106966,4.7201210055518956E-4,3.9319248385044707E-4,8.128774340342361E-4,0.0013905287358379713,0.0011769703733225713,0.0036578347122879274,7.960016424577622E-4,3.2146799551947965E-4,0.003588562936466969,0.0010810005532496593,1.4804692364876436E-4],[1.4444426456348248E-4,1.2267835652457379E-4,0.017677409625726746,0.003941415148467787,6.035361389797537E-5,0.00254869701038261,0.004464352243579705,0.0023712592119845208,9.534291568250231E-5,2.799430253231003E-5,1.697127889978625E-5,0.003665028994667157,0.00807208899086339,1.6541735257387394E-4,5.907966567052462E-4,0.0022080921655790076,0.01616385041968944,8.936600002989062E-4,0.0037121802215510226,1.3169529005142757E-4,9.457944466361008E-4,3.239843250742647E-4,0.0010054806744181335,5.859294966686034E-4,1.4586009834348683E-4,0.0011209913801964694,0.010162846979797757,4.046643479663354E-5,1.0941223904614174E-4,0.0016156278861481517,9.278559123853125E-4,1.0,7.089711808141515E-5,7.858859845986213E-4,8.517219847076659E-5,0.0018429629706018251,0.001245148444941324,0.003512837356764952,0.05139269371489123,5.530345298755971E-5,1.299167848091618E-4,1.1661066503635233E-4,0.0016226475656384478,4.337100732315499E-4,5.720487135285819E-4,2.2864047723404016E-4,1.7200890541184884E-5,0.004305704951477872,3.7903916531243925E-5,9.59586255503202E-5],[2.2261864229985095E-4,1.9938482797052758E-4,0.008053914937961605,0.004003355327783316,1.9549042800297067E-4,0.01004427315727976,7.795792082144501E-4,6.762084689273605E-4,4.829608738407947E-4,1.6630638660238866E-4,1.255944574832961E-4,0.001296728725827884,4.402710925660079E-4,1.9959890561732584E-4,6.449492119638463E-4,0.016763120405945593,0.00123683957647935,4.810821459451788E-4,0.003197722256028103,2.1304654383737194E-4,3.6973586209779695E-4,2.6303184031677883E-4,0.0011044911618516473,0.0011757499639502525,2.2560553998638E-4,0.0010592015157007933,0.0038105476879514376,6.853557973270206E-5,2.4698909460775417E-4,0.0014604670956595493,0.0010643620359092082,7.089711808141515E-5,1.0,0.001170264330777002,2.0660504254659204E-4,0.007137665241184097,6.442693144809951E-4,0.007693410363176035,0.051319116501030874,2.3151939135561427E-4,2.335634683151075E-4,2.8017264125222805E-4,0.0015773930370700827,4.0396522585730134E-4,4.625113054431806E-4,2.4187048469239257E-4,2.1523760228010823E-4,0.007535139947241308,1.396607666716978E-4,1.9622988910465423E-4],[0.001140066364625412,7.624717258932043E-4,0.022212383024971742,0.003928024733344771,0.001456706490912661,0.00938007761099498,0.008356259290585158,0.0022026056900398237,0.0013032841602440863,7.864256947141214E-4,0.0013279408233081234,0.001580826009281573,0.0051645717974352625,0.001350546603721236,0.001105108540472209,0.018862900635763156,0.01479460334653641,0.001360485146827147,0.0033403365029245893,9.041900573930765E-4,0.0013768712464462248,6.173196328006759E-4,0.0014495338488203023,0.0014092160159516606,0.0012004687823082777,0.001510786837561662,0.009368466627553149,8.143969858797123E-5,7.845932806238532E-4,0.0035639565828565704,0.0015291160602821882,7.858859845986213E-4,0.001170264330777002,1.0,0.0010054829385212128,0.009749082603240556,0.0016012707442159212,0.0026243128043707854,0.051969135767741384,0.0010821008700184307,8.376989188994587E-4,9.963571636419388E-4,0.001581573623509686,0.0013897085918311307,0.0041574990706616955,0.001183176003195514,0.0010526842478631594,0.0067213137519196355,8.093385127623421E-4,1.6620484666473884E-4],[1.4138606003816277E-4,1.5914526588479798E-4,0.05607070367517008,0.0022711012645312448,1.2408529457283077E-4,0.010242420026265324,0.003969660033380619,0.0016019652349622022,5.762728818517888E-4,8.503994343510187E-5,1.1215418799221272E-4,0.003445297879379301,0.009512113681199655,1.7546157698490535E-4,4.952652051684438E-4,0.007828166604756753,0.0018713653749261303,7.786751214536978E-4,2.033752018787347E-4,1.268997412311722E-4,2.6293265607412104E-4,2.92494398778685E-4,9.485643133843344E-4,9.403167771452567E-4,1.5931648134921602E-4,7.766748541975339E-4,2.2504818520140731E-4,6.88551796733353E-5,2.2733442873759644E-4,0.0028360577906448655,0.0010708632306984983,8.517219847076659E-5,2.0660504254659204E-4,0.0010054829385212128,1.0,6.230056369883448E-4,2.737321537789774E-4,0.00978924665221441,0.03574619603125916,3.194106158989125E-5,1.3368463483137355E-4,2.5529171693629776E-4,0.001574514042033146,6.422908000781116E-4,9.610762472248242E-4,1.3114412853446167E-4,1.190819405161772E-4,0.0024789330360955957,8.441523018873163E-5,1.2287172988538985E-4],[0.005063560586547216,0.0014921862879973698,0.059100351421746904,0.00865965690799619,0.004049400044626838,0.01064848444717091,0.011074694261361897,0.003417170865289894,0.007728397720652924,0.003588863701918274,0.003952057569458116,0.008407666591164143,0.01117861114495306,0.0035965184434137063,0.009860952719215296,0.010708643554022797,0.01616633444420152,0.0038278446731227593,0.010195468688682378,0.006215412922272709,0.007553451608701377,0.010062265120196055,0.009442363030911045,0.009172083880288777,0.008775737224662279,0.00976090738980227,0.016712611142025185,0.0039206614512557044,0.00813150323366256,0.0060234632434759865,0.008748414453513322,0.0018429629706018251,0.007137665241184097,0.009749082603240556,6.230056369883448E-4,1.0,0.006609003744285322,0.011416856482761731,0.0798893736277403,0.008090013956822188,0.007731348625479014,0.006688681281458279,0.005573783531888348,0.007440121086051065,0.005408281325390129,0.004471729171841077,0.009166709539592317,0.009305880156016456,0.0039094624294222545,0.006818144879250885],[0.001415074559085788,4.5925422469859277E-4,0.06460808682702333,0.0029111349428106743,0.0010727505206930995,0.009633161699404336,0.001946834117559708,0.0020517454169108433,0.0015413854874043354,2.687054617107684E-4,0.0011535099013499505,0.003166820520563199,0.009911019820197714,0.0017520249969758574,0.0014282385628295077,0.020803433336144678,0.003353802824583459,0.0016681647578133442,0.0024966893285600414,0.0010750504638282275,0.0014529246191874992,0.001808383191366723,0.0015675087558050984,0.0018496474417752816,9.633157158198365E-4,0.0016995016016682952,0.004271760837530573,2.954759726244943E-4,7.67131347735252E-4,0.0024462826297035967,0.0018213221029832831,0.001245148444941324,6.442693144809951E-4,0.0016012707442159212,2.737321537789774E-4,0.006609003744285322,1.0,0.007074847844674351,0.02572936174662787,0.0014213285777761246,0.0014335916308403944,7.387209661376664E-4,0.0018484851974067068,0.0016734579712184012,0.0034544975131573716,0.0015373499957515243,0.0010687134888424919,0.006091387547051977,0.0014113361462832288,0.001333125657891873],[0.004278897728916586,0.006385137182202571,0.07260747024895566,0.009327204527694529,0.0036769831062922727,0.011530183634161684,0.011881842049012336,0.0027958748693883303,0.008306149148650903,0.011031167259813688,0.005099407510497904,0.00643498323124235,0.011614593744806556,0.009651546544039652,0.007251371904695006,0.020079804492366543,0.013680957691436284,0.0037230129263319135,0.008013100041809154,0.010594015458798088,0.004349164317672024,0.0033103304843755937,0.01256983438831043,0.009708558243544057,0.006971330983784763,0.009313808605147583,0.013409701052289467,0.0076486838531264305,0.006631920843732767,0.009785096709545808,0.008722404985898121,0.003512837356764952,0.007693410363176035,0.0026243128043707854,0.00978924665221441,0.011416856482761731,0.007074847844674351,1.0,0.055034618014230936,0.008233933167670224,0.0012591710258014201,0.00789899961852722,0.004571115914821244,0.012460522050809825,0.010794087340930358,0.004156647444044852,0.0031369790048137065,0.009428646627362071,0.004986038714719524,0.001317790900086115],[0.09044176362314997,0.07614464615506861,0.09090909090909091,0.05268396018153969,0.0019627908136381753,0.019010241923831953,0.050945698495525,0.02523944032494667,0.09011853628420853,0.015986460787087292,0.06699961797749025,0.061367