[[1.0,1.7288741842628842E-4,2.8598919778598974E-4,2.0108827305205274E-4,2.1127017613680425E-4,1.4604332981872086E-4,7.420448214880855E-4,2.939902081949326E-4,1.5995902612361986E-4,1.2454673023942908E-4,2.7002179355691116E-4,4.2772809512822636E-4,1.7129128271730666E-4,0.0028829175806326093,2.8701694678122646E-4,0.001218015730658367,5.893763286471832E-4,8.222117133498106E-4,7.097157603127344E-5,0.0015894584088578792,2.457249582934691E-4,8.13420878868376E-4,2.55378287302959E-4,9.055559328557536E-5,2.088954844430381E-4,1.790032862182517E-4,2.544707651176069E-4,8.806948343652997E-4,2.9151636738747853E-4,2.474636122436547E-4,0.011963206642889489,1.7661657953527187E-4,1.1196217277283929E-4,4.258828267997648E-5,3.2589589919206253E-4,3.6787846973316163E-4,3.6041000299547006E-4,3.139088729279808E-5,0.0013225803893779605,4.072921178302677E-5,0.02083494167631512,2.3554118208592202E-4,0.0017555597021103474],[1.7288741842628842E-4,1.0,2.583388584575252E-4,8.884718808024062E-5,1.9883739985310895E-4,1.3474936743908364E-4,7.75819138610983E-4,2.90255568965676E-4,5.310350179513231E-5,1.2204281078799861E-4,2.302516892421118E-4,3.8510432014902707E-4,1.3333394747896474E-4,0.016896246618126973,3.147020296698843E-4,0.0010445853652959445,1.9823837719087467E-4,7.046628065573602E-4,8.748396334372952E-5,0.0018401713144654212,1.47561676214842E-4,4.7279145964413706E-4,1.4237557709771183E-4,1.2162181457385048E-4,1.449686303824728E-4,1.358003185305617E-4,1.6113114177853792E-4,4.4172764904556154E-4,6.897126695922353E-4,9.02084380423827E-5,0.0040779955048275,1.6344714022621356E-4,4.5691237080952926E-5,1.4067924483878252E-4,2.532625586925989E-4,4.3380195750846373E-4,9.79573944928842E-4,7.688173736140399E-5,0.002343511390470237,7.318227581266033E-5,0.020204042448299684,7.866918721946485E-5,0.00667973543735149],[2.8598919778598974E-4,2.583388584575252E-4,1.0,1.1343984675426182E-4,2.496229147295522E-4,1.9904725222828496E-4,0.0011413874011178945,3.140557454677645E-4,2.3780790771994227E-4,1.7112958623270654E-4,2.709131577349965E-4,4.2344159323451965E-4,2.2505653613617412E-4,0.005988340715209313,3.7247862517372836E-4,8.676846669680631E-4,7.196589151360892E-4,0.0010743290679387533,1.6895370870769665E-4,0.0014510060210818489,2.07253341192513E-4,9.93589928346476E-4,1.7097889036983742E-4,2.3990742347536454E-4,1.8373130869412242E-4,1.1486694218987043E-4,2.0871722121124661E-4,0.001073019849101685,6.41739902136624E-4,2.9034361788470123E-4,0.010432086813943097,3.2713278200089313E-4,2.5471170853877964E-4,6.659374522465113E-5,3.4166184716378004E-4,4.846538823374432E-4,9.543943331609774E-4,2.1472034517135965E-4,0.0011842016339914032,7.585446288395019E-5,0.013148988130816833,1.2160422012482119E-4,0.0033721899191195117],[2.0108827305205274E-4,8.884718808024062E-5,1.1343984675426182E-4,1.0,1.3216769033623147E-4,5.392452536277442E-5,6.813686772374724E-4,2.0338636772137349E-4,2.721724399873707E-5,3.448586561518123E-5,1.1460498629634617E-4,2.55853040894614E-4,4.702917858782557E-5,9.833180953073074E-4,3.9849414206219875E-4,5.816062229560082E-4,0.001167741593643489,5.325248715264909E-4,2.0527271698068807E-5,0.0019818081331903128,6.806622958859025E-5,9.935960486909888E-4,1.0649588460160205E-4,2.9127302951884723E-5,9.867963548959954E-5,8.890022261439859E-5,4.3211726674931976E-5,4.8304319689870573E-4,4.3608528336975595E-4,1.3868342858157884E-5,0.002959087370906918,1.1623372327806812E-4,3.631875558354124E-5,1.5668176975094694E-5,2.69608561817447E-4,0.0019195189998671858,0.0010246432802537206,1.3127067854535062E-5,0.0016662435883057973,1.8594872662326538E-5,0.012135603922233467,3.467136536331868E-5,0.0072042585403908534],[2.1127017613680425E-4,1.9883739985310895E-4,2.496229147295522E-4,1.3216769033623147E-4,1.0,9.888647233592318E-5,0.0011199595360062698,2.2126601642829893E-4,1.340387541439257E-4,4.84039511782256E-5,2.4536854185265296E-4,3.223324495682969E-4,1.1577327855006305E-4,0.009413980618059668,2.3729984666679825E-4,3.4873972596552666E-4,3.040892251636638E-4,7.687686806001847E-4,9.790458603151694E-5,0.003216328743290556,1.9705684976049854E-4,0.0010935907523276528,1.571290658585376E-4,6.97525855692933E-5,1.5344525425929113E-4,1.736407539065616E-4,1.1731360385222257E-4,8.174082343211818E-4,3.394695244343317E-4,5.641962637771275E-5,0.002473672889369343,1.860953779764584E-4,1.2348361309311382E-4,1.530459524772605E-4,3.2892297025695046E-4,0.0018470260393493928,0.0017264562328859273,1.7834286886116334E-4,2.259376083533979E-4,1.453182609213448E-5,0.04343409676535081,7.887676301971503E-5,0.004724992684616473],[1.4604332981872086E-4,1.3474936743908364E-4,1.9904725222828496E-4,5.392452536277442E-5,9.888647233592318E-5,1.0,0.0010155946310080187,2.467890684707834E-4,2.3723807386740936E-5,6.830395645034812E-5,2.1761416126872107E-4,2.702365997328512E-4,8.650076484069492E-5,0.011729185944574727,3.799093745672436E-4,3.146884861876122E-4,9.137551881222207E-4,7.469852021406274E-4,5.26098335896564E-5,0.0027735837050644357,9.219423727118991E-5,5.703566521050489E-4,9.75388151379407E-5,3.798421198642182E-5,9.136490136803918E-5,8.344576884490309E-5,9.845231381139936E-5,6.481466908420432E-4,8.049391371746874E-4,1.593429965285609E-5,0.00788307496776867,7.164558146097503E-5,4.855546927451368E-5,3.668410279193973E-5,2.698189565014628E-4,0.0014083573895220297,0.0017088644036911162,2.884312763282777E-5,0.0011446919855716753,1.6330471199754973E-5,0.03478753274131167,6.292253071271063E-5,0.005636864873323077],[7.420448214880855E-4,7.75819138610983E-4,0.0011413874011178945,6.813686772374724E-4,0.0011199595360062698,0.0010155946310080187,1.0,0.0010581490517696645,4.645659437442923E-4,8.473059154272667E-4,7.346548151485595E-4,7.547829161453771E-4,0.001067617905529567,0.0017895360437421113,0.0011812406863410732,0.001342142976927165,0.001344001580756946,0.0012362026863067836,5.175313130525377E-4,0.002435511208244062,1.956619431612109E-4,0.0013024418271477634,8.7510948911458E-4,2.1853337785966674E-5,0.001162798832544006,6.574521039703168E-4,9.473389098906953E-4,0.001348430540157337,0.001284361538129803,0.0010793535351995307,0.0067843754913031774,0.0011577099546982129,1.8560255108717165E-4,2.2802149167557188E-4,0.001307525000725535,0.0020482886449028825,0.002074387013406052,0.0010652283114728764,0.0016242095343139919,0.0010210960297313786,0.02896499014140794,2.5747098572422657E-4,0.007403924050979949],[2.939902081949326E-4,2.90255568965676E-4,3.140557454677645E-4,2.0338636772137349E-4,2.2126601642829893E-4,2.467890684707834E-4,0.0010581490517696645,1.0,2.14086738027079E-4,2.470909324317047E-4,2.8432589434189567E-4,3.804249630206297E-4,2.2888467161235134E-4,0.008574695723498761,3.8083758323972477E-4,0.00114116295933233,8.233557574135616E-4,5.761119656060909E-4,1.6742251183925826E-4,0.003307725640678201,1.7969042567701199E-4,7.849414885294618E-4,2.620959417374425E-4,1.8030038491239148E-4,2.1758264467866735E-4,2.08246405195884E-4,1.7244198526775813E-4,0.0011007535938399426,8.460872304726318E-4,2.482408751135901E-5,0.004471293297829921,2.78245290392771E-4,5.483764365881851E-5,1.508930323590571E-4,3.2186571786210733E-4,0.0014803385112785322,0.001551610741108492,1.6505886136695876E-4,9.008964806004414E-4,1.765314419724803E-4,0.01718145795194329,1.0940545112343074E-4,0.0022161511986490963],[1.5995902612361986E-4,5.310350179513231E-5,2.3780790771994227E-4,2.721724399873707E-5,1.340387541439257E-4,2.3723807386740936E-5,4.645659437442923E-4,2.14086738027079E-4,1.0,2.7381191402196685E-5,1.1504737391412256E-4,1.0005311209323618E-4,7.460760031227913E-5,0.014703856945604164,3.184646583136259E-4,6.582898069883716E-4,5.047673716938099E-4,0.0011722609795107488,1.5885117680572008E-5,9.850362115149094E-5,1.4203180415166538E-4,5.112271901357188E-4,7.288522519691886E-5,1.8072083046313843E-5,9.513213646271538E-5,3.528650680070855E-5,5.771863330175945E-5,8.312992019060262E-4,1.4701875696026775E-4,1.5141845503635202E-5,0.00827802049537665,6.097663264540928E-5,1.894756380225659E-5,1.6224954117231917E-5,4.5637989803602724E-5,0.001939844395450067,0.00194327014491418,1.6812228491051093E-5,0.001349320634102746,1.0398825229272784E-5,0.035056687834305496,2.0174110940709446E-5,0.005190598765641026],[1.2454673023942908E-4,1.2204281078799861E-4,1.7112958623270654E-4,3.448586561518123E-5,4.84039511782256E-5,6.830395645034812E-5,8.473059154272667E-4,2.470909324317047E-4,2.7381191402196685E-5,1.0,8.229523924648738E-5,4.1765597412484693E-4,7.458938688707906E-5,0.0111483746080474,3.992721995593638E-4,0.0012659660247834792,8.663885736164809E-5,0.0011334560264896606,1.7467016581435136E-5,0.0028074731288774027,5.478115257901381E-5,0.0010500531052249381,4.9114030717519854E-5,2.9433623607337773E-5,4.185234690870713E-5,4.7178399047635526E-5,8.43913819256986E-5,5.307259649156963E-4,4.912429062553815E-4,1.628594341516891E-5,0.0026181625813364614,1.2934176501603055E-4,3.669263466204093E-5,1.6034874972795087E-5,4.703043711714353E-5,8.546042399711453E-5,0.001680651889464882,2.910658688511794E-5,4.761598956671858E-4,3.2553793844606246E-5,0.036113185285699574,5.044665032405235E-5,0.0054077593082015865],[2.7002179355691116E-4,2.302516892421118E-4,2.709131577349965E-4,1.1460498629634617E-4,2.4536854185265296E-4,2.1761416126872107E-4,7.346548151485595E-4,2.8432589434189567E-4,1.1504737391412256E-4,8.229523924648738E-5,1.0,3.511844386586751E-4,1.6156434662591674E-4,0.011900865446189408,3.979753254055977E-4,6.969242631384973E-4,5.922426030916332E-4,6.577318948194735E-4,6.99403739653311E-5,0.0012462260127158536,1.6075161245630238E-4,9.229490496076958E-4,2.1183970896239033E-4,2.8717748345451636E-5,2.376714682653395E-4,1.4339565662359381E-4,1.9689022541059242E-4,9.34484087544701E-4,8.352256327942672E-4,2.3263910071033228E-4,0.013043456565577136,1.5778628030619366E-4,1.708574980515061E-4,2.3510175746932168E-5,2.894708851558212E-4,4.847670361387457E-4,8.174848688329616E-4,2.6535305336222866E-4,3.928812294127866E-4,1.7251025627363232E-4,0.03547960987064203,5.515917519367495E-5,0.00273986244490671],[4.2772809512822636E-4,3.8510432014902707E-4,4.2344159323451965E-4,2.55853040894614E-4,3.223324495682969E-4,2.702365997328512E-4,7.547829161453771E-4,3.804249630206297E-4,1.0005311209323618E-4,4.1765597412484693E-4,3.511844386586751E-4,1.0,2.828981892691125E-4,0.011760174051957561,4.1727702469132843E-4,8.023098152548584E-4,9.691186220728357E-4,7.91327501174188E-4,2.0775210949681778E-5,0.0031641520271385756,2.100247254174297E-4,7.463755006304171E-4,3.1971745875297464E-4,1.2938767479693172E-4,2.4492316747717446E-4,2.0346450772249208E-4,3.694115766523175E-4,5.660103300291235E-4,9.116333246420178E-4,4.288820347654694E-4,0.011307244053952024,3.7976400495163924E-4,4.3084043427692794E-5,3.2152260156537106E-4,4.2181066751341916E-4,0.002114703187145174,0.0015251466791381507,1.293092316402418E-5,0.001304715805205051,1.5001130177604797E-4,0.040757980380541584,1.1860765372009265E-4,0.005461885698703126],[1.7129128271730666E-4,1.3333394747896474E-4,2.2505653613617412E-4,4.702917858782557E-5,1.1577327855006305E-4,8.650076484069492E-5,0.001067617905529567,2.2888467161235134E-4,7.460760031227913E-5,7.458938688707906E-5,1.6156434662591674E-4,2.828981892691125E-4,1.0,0.010391627392055364,2.474239187152614E-4,6.897043504789744E-4,0.001131459948485541,1.4822424134033693E-4,3.225281971586665E-5,2.9986851106041513E-4,1.2902839591872716E-4,2.964677102160196E-4,1.2804606856792273E-4,2.112972246363802E-5,1.0740828184200367E-4,1.059550419240944E-4,1.0720527530227006E-4,8.502724389683691E-4,9.561087175258448E-4,9.43984408375551E-5,0.005405956255795732,1.287273457793423E-4,8.318493572775061E-5,9.198048899354315E-5,2.897296250233118E-4,0.0011231214385956573,0.0015494847082522952,1.4888791216909946E-5,0.002241079006760064,7.676237724116725E-5,0.029656259623132376,1.0155376804753157E-4,0.005118101666879129],[0.0028829175806326093,0.016896246618126973,0.005988340715209313,9.833180953073074E-4,0.009413980618059668,0.011729185944574727,0.0017895360437421113,0.008574695723498761,0.014703856945604164,0.0111483746080474,0.011900865446189408,0.011760174051957561,0.010391627392055364,1.0,0.010507593095846752,0.012574148709945865,0.01328102647371721,0.011562824132937032,0.015531503351642644,0.0066914175876996145,8.241671468067384E-4,0.017235218392803904,0.008765663904747539,0.006616138845820877,0.01688990957807357,0.005090681115394117,0.016008474483050622,0.013651659586575441,0.004328336269674242,0.015819871822970438,0.016898469813419557,0.006983965006911056,0.006707591800965352,0.002906092988444307,0.016064177496127593,0.015782319619458342,0.012253815798066309,0.011236006667701845,0.006570328022365233,0.01398014247297327,0.0418589857313705,0.0030487393442498187,0.012649719673189761],[2.8701694678122646E-4,3.147020296698843E-4,3.7247862517372836E-4,3.9849414206219875E-4,2.3729984666679825E-4,3.799093745672436E-4,0.0011812406863410732,3.8083758323972477E-4,3.184646583136259E-4,3.992721995593638E-4,3.979753254055977E-4,4.1727702469132843E-4,2.474239187152614E-4,0.010507593095846752,1.0,8.316564310632364E-4,6.725600703163864E-4,9.342489563268054E-4,3.540847576554388E-4,0.0031254594301070374,3.8259651600407933E-4,8.761371005851851E-4,3.531827507892673E-4,3.4689315769467327E-4,2.7226205333907703E-4,3.156810035814588E-4,1.6031616984910014E-4,5.307164557685976E-4,7.154993427390861E-4,7.169311076896183E-5,0.004234680503867851,2.266112430903122E-4,1.4958250586630261E-4,5.8521411168511E-5,3.706931022609341E-4,0.0013887173606796262,7.232257970284168E-4,1.5491081896756625E-4,0.002173831087119089,2.2594262074506852E-4,0.012087081710739103,1.56544119742672E-4,0.0019245424297742654],[0.001218015730658367,0.0010445853652959445,8.676846669680631E-4,5.816062229560082E-4,3.4873972596552666E-4,3.146884861876122E-4,0.001342142976927165,0.00114116295933233,6.582898069883716E-4,0.0012659660247834792,6.969242631384973E-4,8.023098152548584E-4,6.897043504789744E-4,0.012574148709945865,8.316564310632364E-4,1.0,0.0012569575472276006,0.0012777207004671933,2.433420830235805E-4,0.002349712253268454,3.7681869824739123E-4,0.001187961580788237,2.601680296917281E-4,7.735379185992662E-4,8.664191665107959E-4,3.809328446918788E-4,6.876173673023178E-4,0.0011218300657999652,0.0012697910218236654,3.3673365150661084E-4,0.0016329326407108484,9.410701836710605E-4,7.084773051641665E-4,5.775011254945703E-4,8.729217198497675E-4,0.0015925940436772824,0.0021281291070571542,5.415706069006648E-4,0.001315504481340883,3.4539640598294435E-4,0.008979811644025388,0.0011080988689864805,0.007281170871024047],[5.893763286471832E-4,1.9823837719087467E-4,7.196589151360892E-4,0.001167741593643489,3.040892251636638E-4,9.137551881222207E-4,0.001344001580756946,8.233557574135616E-4,5.047673716938099E-4,8.663885736164809E-5,5.922426030916332E-4,9.691186220728357E-4,0.001131459948485541,0.01328102647371721,6.725600703163864E-4,0.0012569575472276006,1.0,0.001185467560322988,8.352702625054276E-5,0.0023453484795147917,4.3641071643655416E-4,0.0012331394731456239,3.851494456264487E-4,9.597027540618348E-4,6.591341605211788E-4,3.7201812867797057E-4,0.0012272545082855086,0.001196493437475927,0.0010276077789178658,5.183736330619963E-4,0.006171027249720093,9.048186042259086E-4,8.436328493324103E-4,9.302416496547524E-5,6.458675066703013E-4,0.0015932593833470582,0.0018447384011501828,8.807399753023057E-4,0.0018855419498618894,9.448288269964841E-4,0.027457378779593627,3.7672332191522E-4,0.00564795262738815],[8.222117133498106E-4,7.046628065573602E-4,0.0010743290679387533,5.325248715264909E-4,7.687686806001847E-4,7.469852021406274E-4,0.0012362026863067836,5.761119656060909E-4,0.0011722609795107488,0.0011334560264896606,6.577318948194735E-4,7.91327501174188E-4,1.4822424134033693E-4,0.011562824132937032,9.342489563268054E-4,0.0012777207004671933,0.001185467560322988,1.0,4.074643732727998E-4,0.001729390442408113,0.001048412872635456,0.0011803125457226509,0.0010203229911923404,8.532547986436021E-4,9.669219185388376E-4,7.166272782187504E-4,3.848565376038289E-4,0.001173999946376285,0.0011521617325228556,6.107074328115667E-4,0.0022652702089622544,5.753955939852663E-4,1.525197696769863E-4,0.0011147994698431421,7.133563202328112E-4,0.0019707539616008606,0.0012771435511493426,3.4029125092776045E-4,0.0021345707757478983,8.051664401695203E-4,0.035693050291517425,6.872269125475881E-4,0.005809699879784213],[7.097157603127344E-5,8.748396334372952E-5,1.6895370870769665E-4,2.0527271698068807E-5,9.790458603151694E-5,5.26098335896564E-5,5.175313130525377E-4,1.6742251183925826E-4,1.5885117680572008E-5,1.7467016581435136E-5,6.99403739653311E-5,2.0775210949681778E-5,3.225281971586665E-5,0.015531503351642644,3.540847576554388E-4,2.433420830235805E-4,8.352702625054276E-5,4.074643732727998E-4,1.0,0.002976453882420391,8.473138901845445E-5,3.308991801364181E-4,5.156348539226647E-5,1.5395952608294802E-5,2.608060237888997E-5,1.0412090418190802E-4,7.109847262181143E-5,8.622198604933352E-4,1.4613648280631326E-4,1.3610273367122211E-5,0.00444926010547547,1.6618778192613494E-5,1.656780886106004E-5,1.1819641209557652E-5,1.6823230313124576E-4,8.380942195468792E-4,0.001695043223885512,1.3952309216168115E-5,0.002126879877448294,1.1340052453470673E-5,0.01358993490686448,3.952994626117044E-5,0.006794845666589616],[0.0015894584088578792,0.0018401713144654212,0.0014510060210818489,0.0019818081331903128,0.003216328743290556,0.0027735837050644357,0.002435511208244062,0.003307725640678201,9.850362115149094E-5,0.0028074731288774027,0.0012462260127158536,0.0031641520271385756,2.9986851106041513E-4,0.0066914175876996145,0.0031254594301070374,0.002349712253268454,0.0023453484795147917,0.001729390442408113,0.002976453882420391,1.0,0.0010756391809361332,0.0016894820990581397,0.0011055181414264626,6.664983132573924E-4,0.0014616593734381987,7.168943820007983E-4,0.0021302215867044514,0.0027638054398496192,0.0034317025697373897,0.0014767639829986385,0.008752646511653046,0.0012782103074020395,0.0013061811502568586,0.001170180587750818,0.0022733689442800773,0.0032524431770514757,0.0026763023291212556,0.0014733193292301653,0.0034674481529722765,0.001339052060963902,0.014815862210649521,0.0034686172986583366,0.003586063339270205],[2.457249582934691E-4,1.47561676214842E-4,2.07253341192513E-4,6.806622958859025E-5,1.9705684976049854E-4,9.219423727118991E-5,1.956619431612109E-4,1.7969042567701199E-4,1.4203180415166538E-4,5.478115257901381E-5,1.6075161245630238E-4,2.100247254174297E-4,1.2902839591872716E-4,8.241671468067384E-4,3.8259651600407933E-4,3.7681869824739123E-4,4.3641071643655416E-4,0.001048412872635456,8.473138901845445E-5,0.0010756391809361332,1.0,0.0010183379017917851,1.3776212675956073E-4,9.064690657879191E-5,1.4176102141353274E-4,1.1454686860793387E-4,1.307723042831125E-4,6.758174742093135E-4,8.884226889047819E-4,5.8198274030368656E-5,0.0127789193260302,1.4579580819299722E-4,8.656655933661137E-5,1.744321876103488E-5,2.2979650201528844E-4,0.0016841702987385508,0.0012812361260516056,6.138122826346123E-5,0.0018609442968481411,1.2392913928320796E-4,0.01882670568036889,9.439046291299318E-5,0.0033752538685820487],[8.13420878868376E-4,4.7279145964413706E-4,9.93589928346476E-4,9.935960486909888E-4,0.0010935907523276528,5.703566521050489E-4,0.0013024418271477634,7.849414885294618E-4,5.112271901357188E-4,0.0010500531052249381,9.229490496076958E-4,7.463755006304171E-4,2.964677102160196E-4,0.017235218392803904,8.761371005851851E-4,0.001187961580788237,0.0012331394731456239,0.0011803125457226509,3.308991801364181E-4,0.0016894820990581397,0.0010183379017917851,1.0,6.868122539886803E-4,6.446489988422435E-4,7.11079064165145E-4,0.0010413873286673294,5.29374005037362E-4,0.0011201642957778908,0.0010909133156009733,5.843903297357588E-4,0.01147422617768379,6.567018422058584E-4,3.2529457254974395E-4,9.95181179645162E-4,0.001126056627899905,0.0019424551602724325,0.0020785899163531553,6.410423785141539E-4,0.002154277801639165,7.465238916024274E-4,0.022342146688765573,3.1951022125831035E-4,0.007153661133719808],[2.55378287302959E-4,1.4237557709771183E-4,1.7097889036983742E-4,1.0649588460160205E-4,1.571290658585376E-4,9.75388151379407E-5,8.7510948911458E-4,2.620959417374425E-4,7.288522519691886E-5,4.9114030717519854E-5,2.1183970896239033E-4,3.1971745875297464E-4,1.2804606856792273E-4,0.008765663904747539,3.531827507892673E-4,2.601680296917281E-4,3.851494456264487E-4,0.0010203229911923404,5.156348539226647E-5,0.0011055181414264626,1.3776212675956073E-4,6.868122539886803E-4,1.0,5.78336340354095E-5,1.3795464068200173E-4,1.319827842806543E-4,1.228517948332343E-4,9.47733733745953E-4,9.558177482308966E-4,1.2575615663494376E-4,0.0020450099169974736,1.414069754237365E-4,1.03666839915989E-4,3.289872045876404E-5,1.7214536651456825E-4,6.46709473190215E-4,2.797024275186657E-4,2.9872622806506693E-5,6.758240793019641E-4,1.229604607364027E-4,0.014600342285808756,1.3280269504998215E-4,0.0031522939459588686],[9.055559328557536E-5,1.2162181457385048E-4,2.3990742347536454E-4,2.9127302951884723E-5,6.97525855692933E-5,3.798421198642182E-5,2.1853337785966674E-5,1.8030038491239148E-4,1.8072083046313843E-5,2.9433623607337773E-5,2.8717748345451636E-5,1.2938767479693172E-4,2.112972246363802E-5,0.006616138845820877,3.4689315769467327E-4,7.735379185992662E-4,9.597027540618348E-4,8.532547986436021E-4,1.5395952608294802E-5,6.664983132573924E-4,9.064690657879191E-5,6.446489988422435E-4,5.78336340354095E-5,1.0,3.70196391480413E-5,2.506036329497487E-5,6.0394144311398163E-5,9.331885918317388E-5,1.842010397840626E-4,1.6590747104585386E-5,0.004828513190599252,1.264808266005975E-4,2.581636553015307E-5,1.530820208591707E-5,2.423298321250733E-4,0.0021006809585806794,2.2818689143573432E-5,1.4350499646508597E-5,0.00209215908365458,1.3383814611315532E-5,0.01586698167209949,2.7367546424685187E-5,0.0032048757971622948],[2.088954844430381E-4,1.449686303824728E-4,1.8373130869412242E-4,9.867963548959954E-5,1.5344525425929113E-4,9.136490136803918E-5,0.001162798832544006,2.1758264467866735E-4,9.513213646271538E-5,4.185234690870713E-5,2.376714682653395E-4,2.4492316747717446E-4,1.0740828184200367E-4,0.01688990957807357,2.7226205333907703E-4,8.664191665107959E-4,6.591341605211788E-4,9.669219185388376E-4,2.608060237888997E-5,0.0014616593734381987,1.4176102141353274E-4,7.11079064165145E-4,1.3795464068200173E-4,3.70196391480413E-5,1.0,1.222610368915399E-4,1.312122665607392E-4,8.796141101351027E-4,5.408469065970211E-4,1.1171802041180756E-4,0.006531074831291275,1.4098980238624027E-4,1.3270325151966221E-4,1.352457046368823E-4,1.9542527873238236E-4,8.672608061917211E-4,7.982189949848134E-4,1.9506333706659568E-5,0.002032381307497226,1.2935622203239273E-5,0.0016366730442431748,1.0911741707493627E-4,0.004670467778548446],[1.790032862182517E-4,1.358003185305617E-4,1.1486694218987043E-4,8.890022261439859E-5,1.736407539065616E-4,8.344576884490309E-5,6.574521039703168E-4,2.08246405195884E-4,3.528650680070855E-5,4.7178399047635526E-5,1.4339565662359381E-4,2.0346450772249208E-4,1.059550419240944E-4,0.005090681115394117,3.156810035814588E-4,3.809328446918788E-4,3.7201812867797057E-4,7.166272782187504E-4,1.0412090418190802E-4,7.168943820007983E-4,1.1454686860793387E-4,0.0010413873286673294,1.319827842806543E-4,2.506036329497487E-5,1.222610368915399E-4,1.0,1.1317094327185386E-4,8.856307866944346E-4,6.724413971315873E-4,4.967455162947174E-5,0.013245253554870084,1.3435740765485623E-4,5.427109038992045E-5,9.435457214827843E-5,1.6660659551277367E-4,8.580104605552325E-4,0.00209154119570288,2.9169548160006262E-5,0.0016450881007999177,5.0507931326438816E-5,0.017825386787191227,8.526180414468515E-5,6.919028763113182E-4],[2.544707651176069E-4,1.6113114177853792E-4,2.0871722121124661E-4,4.3211726674931976E-5,1.1731360385222257E-4,9.845231381139936E-5,9.473389098906953E-4,1.7244198526775813E-4,5.771863330175945E-5,8.43913819256986E-5,1.9689022541059242E-4,3.694115766523175E-4,1.0720527530227006E-4,0.016008474483050622,1.6031616984910014E-4,6.876173673023178E-4,0.0012272545082855086,3.848565376038289E-4,7.109847262181143E-5,0.0021302215867044514,1.307723042831125E-4,5.29374005037362E-4,1.228517948332343E-4,6.0394144311398163E-5,1.312122665607392E-4,1.1317094327185386E-4,1.0,8.002387732454757E-4,4.8824648485055387E-4,7.568081354832684E-5,0.004317901877151259,1.2201887294221039E-4,6.393449982468487E-5,7.896708903005995E-5,2.083385851265841E-4,0.0020589825594306507,6.330368449291243E-4,2.1554564556668894E-5,1.668556083795253E-4,8.825657302550216E-5,0.0049944119362622524,5.7349004128781866E-5,0.007172270759086143],[8.806948343652997E-4,4.4172764904556154E-4,0.001073019849101685,4.8304319689870573E-4,8.174082343211818E-4,6.481466908420432E-4,0.001348430540157337,0.0011007535938399426,8.312992019060262E-4,5.307259649156963E-4,9.34484087544701E-4,5.660103300291235E-4,8.502724389683691E-4,0.013651659586575441,5.307164557685976E-4,0.0011218300657999652,0.001196493437475927,0.001173999946376285,8.622198604933352E-4,0.0027638054398496192,6.758174742093135E-4,0.0011201642957778908,9.47733733745953E-4,9.331885918317388E-5,8.796141101351027E-4,8.856307866944346E-4,8.002387732454757E-4,1.0,0.001087203601586402,6.918160809818901E-4,0.011459510051144019,8.952328194460946E-4,2.3506201509239342E-4,9.804708295615948E-4,9.818895796773223E-4,0.0018559359754362287,0.0013110262906811643,5.766677440969083E-4,0.0013585469943028599,9.810768682331841E-4,0.026998252111108022,3.9713848832967846E-4,0.00396216950716978],[2.9151636738747853E-4,6.897126695922353E-4,6.41739902136624E-4,4.3608528336975595E-4,3.394695244343317E-4,8.049391371746874E-4,0.001284361538129803,8.460872304726318E-4,1.4701875696026775E-4,4.912429062553815E-4,8.352256327942672E-4,9.116333246420178E-4,9.561087175258448E-4,0.004328336269674242,7.154993427390861E-4,0.0012697910218236654,0.0010276077789178658,0.0011521617325228556,1.4613648280631326E-4,0.0034317025697373897,8.884226889047819E-4,0.0010909133156009733,9.558177482308966E-4,1.842010397840626E-4,5.408469065970211E-4,6.724413971315873E-4,4.8824648485055387E-4,0.001087203601586402,1.0,1.724117017751529E-4,0.002517671416335808,3.1245881777884274E-4,8.889566958188059E-4,8.585749996059787E-4,8.924994612317885E-4,0.0013946580832579895,0.0018956120891203835,8.381431024565157E-4,0.001690203843417731,2.509459516591178E-5,0.03218870794748433,5.160412888285589E-4,0.0026535456275285714],[2.474636122436547E-4,9.02084380423827E-5,2.9034361788470123E-4,1.3868342858157884E-5,5.641962637771275E-5,1.593429965285609E-5,0.0010793535351995307,2.482408751135901E-5,1.5141845503635202E-5,1.628594341516891E-5,2.3263910071033228E-4,4.288820347654694E-4,9.43984408375551E-5,0.015819871822970438,7.169311076896183E-5,3.3673365150661084E-4,5.183736330619963E-4,6.107074328115667E-4,1.3610273367122211E-5,0.0014767639829986385,5.8198274030368656E-5,5.843903297357588E-4,1.2575615663494376E-4,1.6590747104585386E-5,1.1171802041180756E-4,4.967455162947174E-5,7.568081354832684E-5,6.918160809818901E-4,1.724117017751529E-4,1.0,8.076798542465269E-4,1.0703118184224712E-4,2.9654202180433515E-5,1.1160316139894873E-5,7.767264631225533E-5,7.309726694390714E-4,0.001694100534825695,1.1905700589491865E-5,0.002152138146824031,1.0638052006166315E-5,0.02627622128312005,3.567939398155659E-5,0.005092758920711863],[0.011963206642889489,0.0040779955048275,0.010432086813943097,0.002959087370906918,0.002473672889369343,0.00788307496776867,0.0067843754913031774,0.004471293297829921,0.00827802049537665,0.0026181625813364614,0.013043456565577136,0.011307244053952024,0.005405956255795732,0.016898469813419557,0.004234680503867851,0.0016329326407108484,0.006171027249720093,0.0022652702089622544,0.00444926010547547,0.008752646511653046,0.0127789193260302,0.01147422617768379,0.0020450099169974736,0.004828513190599252,0.006531074831291275,0.013245253554870084,0.004317901877151259,0.011459510051144019,0.002517671416335808,8.076798542465269E-4,1.0,0.00417259237864195,0.012385229792598231,0.004006988158346998,0.013886636704415433,0.013181265721729028,0.0027425670865519,0.009485637794010897,0.005277322292604874,0.002123417149351156,0.027649968619508074,0.011806376555052279,0.01382834763405993],[1.7661657953527187E-4,1.6344714022621356E-4,3.2713278200089313E-4,1.1623372327806812E-4,1.860953779764584E-4,7.164558146097503E-5,0.0011577099546982129,2.78245290392771E-4,6.097663264540928E-5,1.2934176501603055E-4,1.5778628030619366E-4,3.7976400495163924E-4,1.287273457793423E-4,0.006983965006911056,2.266112430903122E-4,9.410701836710605E-4,9.048186042259086E-4,5.753955939852663E-4,1.6618778192613494E-5,0.0012782103074020395,1.4579580819299722E-4,6.567018422058584E-4,1.414069754237365E-4,1.264808266005975E-4,1.4098980238624027E-4,1.3435740765485623E-4,1.2201887294221039E-4,8.952328194460946E-4,3.1245881777884274E-4,1.0703118184224712E-4,0.00417259237864195,1.0,7.147630986367498E-5,6.66434547300933E-5,2.021488490823136E-4,7.73220926303578E-4,0.0010598892560336607,1.1686799519564106E-4,0.0014238068305978228,1.784271939852098E-5,0.03390499802461987,9.597012111238148E-5,0.0034450673343717477],[1.1196217277283929E-4,4.5691237080952926E-5,2.5471170853877964E-4,3.631875558354124E-5,1.2348361309311382E-4,4.855546927451368E-5,1.8560255108717165E-4,5.483764365881851E-5,1.894756380225659E-5,3.669263466204093E-5,1.708574980515061E-4,4.3084043427692794E-5,8.318493572775061E-5,0.006707591800965352,1.4958250586630261E-4,7.084773051641665E-4,8.436328493324103E-4,1.525197696769863E-4,1.656780886106004E-5,0.0013061811502568586,8.656655933661137E-5,3.2529457254974395E-4,1.03666839915989E-4,2.581636553015307E-5,1.3270325151966221E-4,5.427109038992045E-5,6.393449982468487E-5,2.3506201509239342E-4,8.889566958188059E-4,2.9654202180433515E-5,0.012385229792598231,7.147630986367498E-5,1.0,2.7145432640836895E-5,2.4357962609681183E-4,0.0013971462560207135,8.198028117527536E-4,2.2383836426638033E-5,0.0011976337633882528,2.7558722972121883E-5,0.014314872364945646,4.778315451008863E-5,0.005091675078730514],[4.258828267997648E-5,1.4067924483878252E-4,6.659374522465113E-5,1.5668176975094694E-5,1.530459524772605E-4,3.668410279193973E-5,2.2802149167557188E-4,1.508930323590571E-4,1.6224954117231917E-5,1.6034874972795087E-5,2.3510175746932168E-5,3.2152260156537106E-4,9.198048899354315E-5,0.002906092988444307,5.8521411168511E-5,5.775011254945703E-4,9.302416496547524E-5,0.0011147994698431421,1.1819641209557652E-5,0.001170180587750818,1.744321876103488E-5,9.95181179645162E-4,3.289872045876404E-5,1.530820208591707E-5,1.352457046368823E-4,9.435457214827843E-5,7.896708903005995E-5,9.804708295615948E-4,8.585749996059787E-4,1.1160316139894873E-5,0.004006988158346998,6.66434547300933E-5,2.7145432640836895E-5,1.0,3.266712303850985E-4,0.002007259869864641,0.0019835019691708776,1.1571072165988002E-5,0.0014618519154767787,1.0836591430676392E-5,0.034938320310432806,2.922753080858861E-5,0.0028728642037748014],[3.2589589919206253E-4,2.532625586925989E-4,3.4166184716378004E-4,2.69608561817447E-4,3.2892297025695046E-4,2.698189565014628E-4,0.001307525000725535,3.2186571786210733E-4,4.5637989803602724E-5,4.703043711714353E-5,2.894708851558212E-4,4.2181066751341916E-4,2.897296250233118E-4,0.016064177496127593,3.706931022609341E-4,8.729217198497675E-4,6.458675066703013E-4,7.133563202328112E-4,1.6823230313124576E-4,0.0022733689442800773,2.2979650201528844E-4,0.001126056627899905,1.7214536651456825E-4,2.423298321250733E-4,1.9542527873238236E-4,1.6660659551277367E-4,2.083385851265841E-4,9.818895796773223E-4,8.924994612317885E-4,7.767264631225533E-5,0.013886636704415433,2.021488490823136E-4,2.4357962609681183E-4,3.266712303850985E-4,1.0,0.0019853306425197054,4.2752955991537324E-4,3.3729432665135795E-4,6.274575439231774E-4,3.7822149078358394E-5,0.034043674384639476,1.925713800159975E-4,0.007105016594587682],[3.6787846973316163E-4,4.3380195750846373E-4,4.846538823374432E-4,0.0019195189998671858,0.0018470260393493928,0.0014083573895220297,0.0020482886449028825,0.0014803385112785322,0.001939844395450067,8.546042399711453E-5,4.847670361387457E-4,0.002114703187145174,0.0011231214385956573,0.015782319619458342,0.0013887173606796262,0.0015925940436772824,0.0015932593833470582,0.0019707539616008606,8.380942195468792E-4,0.0032524431770514757,0.0016841702987385508,0.0019424551602724325,6.46709473190215E-4,0.0021006809585806794,8.672608061917211E-4,8.580104605552325E-4,0.0020589825594306507,0.0018559359754362287,0.0013946580832579895,7.309726694390714E-4,0.013181265721729028,7.73220926303578E-4,0.0013971462560207135,0.002007259869864641,0.0019853306425197054,1.0,0.002189449951088359,0.0013094824370477394,0.002300937715978306,7.026300613616223E-4,0.019367135324944915,0.0017460679536956151,0.006441460542860326],[3.6041000299547006E-4,9.79573944928842E-4,9.543943331609774E-4,0.0010246432802537206,0.0017264562328859273,0.0017088644036911162,0.002074387013406052,0.001551610741108492,0.00194327014491418,0.001680651889464882,8.174848688329616E-4,0.0015251466791381507,0.0015494847082522952,0.012253815798066309,7.232257970284168E-4,0.0021281291070571542,0.0018447384011501828,0.0012771435511493426,0.001695043223885512,0.0026763023291212556,0.0012812361260516056,0.0020785899163531553,2.797024275186657E-4,2.2818689143573432E-5,7.982189949848134E-4,0.00209154119570288,6.330368449291243E-4,0.0013110262906811643,0.0018956120891203835,0.001694100534825695,0.0027425670865519,0.0010598892560336607,8.198028117527536E-4,0.0019835019691708776,4.2752955991537324E-4,0.002189449951088359,1.0,0.0013517078176252372,0.0025569732944180123,0.0018240756193735833,0.022058542238205605,8.441891704810187E-4,0.006880724195588824],[3.139088729279808E-5,7.688173736140399E-5,2.1472034517135965E-4,1.3127067854535062E-5,1.7834286886116334E-4,2.884312763282777E-5,0.0010652283114728764,1.6505886136695876E-4,1.6812228491051093E-5,2.910658688511794E-5,2.6535305336222866E-4,1.293092316402418E-5,1.4888791216909946E-5,0.011236006667701845,1.5491081896756625E-4,5.415706069006648E-4,8.807399753023057E-4,3.4029125092776045E-4,1.3952309216168115E-5,0.0014733193292301653,6.138122826346123E-5,6.410423785141539E-4,2.9872622806506693E-5,1.4350499646508597E-5,1.9506333706659568E-5,2.9169548160006262E-5,2.1554564556668894E-5,5.766677440969083E-4,8.381431024565157E-4,1.1905700589491865E-5,0.009485637794010897,1.1686799519564106E-4,2.2383836426638033E-5,1.1571072165988002E-5,3.3729432665135795E-4,0.0013094824370477394,0.0013517078176252372,1.0,0.0011037313488102588,1.0968862751977474E-5,0.032809476462638015,3.973848921210105E-5,0.0027648760017401335],[0.0013225803893779605,0.002343511390470237,0.0011842016339914032,0.0016662435883057973,2.259376083533979E-4,0.0011446919855716753,0.0016242095343139919,9.008964806004414E-4,0.001349320634102746,4.761598956671858E-4,3.928812294127866E-4,0.001304715805205051,0.002241079006760064,0.006570328022365233,0.002173831087119089,0.001315504481340883,0.0018855419498618894,0.0021345707757478983,0.002126879877448294,0.0034674481529722765,0.0018609442968481411,0.002154277801639165,6.758240793019641E-4,0.00209215908365458,0.002032381307497226,0.0016450881007999177,1.668556083795253E-4,0.0013585469943028599,0.001690203843417731,0.002152138146824031,0.005277322292604874,0.0014238068305978228,0.0011976337633882528,0.0014618519154767787,6.274575439231774E-4,0.002300937715978306,0.0025569732944180123,0.0011037313488102588,1.0,7.297357932932259E-4,0.002949343547660775,7.288020762216672E-4,0.006024590596989619],[4.072921178302677E-5,7.318227581266033E-5,7.585446288395019E-5,1.8594872662326538E-5,1.453182609213448E-5,1.6330471199754973E-5,0.0010210960297313786,1.765314419724803E-4,1.0398825229272784E-5,3.2553793844606246E-5,1.7251025627363232E-4,1.5001130177604797E-4,7.676237724116725E-5,0.01398014247297327,2.2594262074506852E-4,3.4539640598294435E-4,9.448288269964841E-4,8.051664401695203E-4,1.1340052453470673E-5,0.001339052060963902,1.2392913928320796E-4,7.465238916024274E-4,1.229604607364027E-4,1.3383814611315532E-5,1.2935622203239273E-5,5.0507931326438816E-5,8.825657302550216E-5,9.810768682331841E-4,2.509459516591178E-5,1.0638052006166315E-5,0.002123417149351156,1.784271939852098E-5,2.7558722972121883E-5,1.0836591430676392E-5,3.7822149078358394E-5,7.026300613616223E-4,0.0018240756193735833,1.0968862751977474E-5,7.297357932932259E-4,1.0,0.022816977481331997,2.523492521707269E-5,0.003907587037541019],[0.02083494167631512,0.020204042448299684,0.013148988130816833,0.012135603922233467,0.04343409676535081,0.03478753274131167,0.02896499014140794,0.01718145795194329,0.035056687834305496,0.036113185285699574,0.03547960987064203,0.040757980380541584,0.029656259623132376,0.0418589857313705,0.012087081710739103,0.008979811644025388,0.027457378779593627,0.035693050291517425,0.01358993490686448,0.014815862210649521,0.01882670568036889,0.022342146688765573,0.014600342285808756,0.01586698167209949,0.0016366730442431748,0.017825386787191227,0.0049944119362622524,0.026998252111108022,0.03218870794748433,0.02627622128312005,0.027649968619508074,0.03390499802461987,0.014314872364945646,0.034938320310432806,0.034043674384639476,0.019367135324944915,0.022058542238205605,0.032809476462638015,0.002949343547660775,0.022816977481331997,1.0,0.01303454914576322,0.028093870412020647],[2.3554118208592202E-4,7.866918721946485E-5,1.2160422012482119E-4,3.467136536331868E-5,7.887676301971503E-5,6.292253071271063E-5,2.5747098572422657E-4,1.0940545112343074E-4,2.0174110940709446E-5,5.044665032405235E-5,5.515917519367495E-5,1.1860765372009265E-4,1.0155376804753157E-4,0.0030487393442498187,1.56544119742672E-4,0.0011080988689864805,3.7672332191522E-4,6.872269125475881E-4,3.952994626117044E-5,0.0034686172986583366,9.439046291299318E-5,3.1951022125831035E-4,1.3280269504998215E-4,2.7367546424685187E-5,1.0911741707493627E-4,8.526180414468515E-5,5.7349004128781866E-5,3.9713848832967846E-4,5.160412888285589E-4,3.567939398155659E-5,0.011806376555052279,9.597012111238148E-5,4.778315451008863E-5,2.922753080858861E-5,1.925713800159975E-4,0.0017460679536956151,8.441891704810187E-4,3.973848921210105E-5,7.288020762216672E-4,2.523492521707269E-5,0.01303454914576322,1.0,0.003041368848447868],[0.0017555597021103474,0.00667973543735149,0.0033721899191195117,0.0072042585403908534,0.004724992684616473,0.005636864873323077,0.007403924050979949,0.0022161511986490963,0.005190598765641026,0.0054077593082015865,0.00273986244490671,0.005461885698703126,0.005118101666879129,0.012649719673189761,0.0019245424297742654,0.007281170871024047,0.00564795262738815,0.005809699879784213,0.006794845666589616,0.003586063339270205,0.0033752538685820487,0.007153661133719808,0.0031522939459588686,0.0032048757971622948,0.004670467778548446,6.919028763113182E-4,0.007172270759086143,0.00396216950716978,0.0026535456275285714,0.005092758920711863,0.01382834763405993,0.0034450673343717477,0.005091675078730514,0.0028728642037748014,0.007105016594587682,0.006441460542860326,0.006880724195588824,0.0027648760017401335,0.006024590596989619,0.003907587037541019,0.028093870412020647,0.003041368848447868,1.0]]