[[1.0,0.0021673589514726184,9.166432972337253E-4,0.0019905900601014928,0.002272764792791798,0.0015325115784630117,0.0016125756042139837,0.005332419916773256,1.1815005896384535E-4,0.0015134178248427485,0.03717417609316534,0.0017457715593509602,0.0019795636985986704,0.007990708237963919,0.0017569730023352817,7.071396975194407E-4,0.001111449434645577,0.001600553612230542,0.0020980727828998373,0.0013240776688834672,0.0015814250177186902,0.0012301044671875103,0.0016239624933316868,0.001788916856360389,0.003362433284990374,0.008755171630331543,0.0021166337311498843,0.001974961389939272,2.5973186909705563E-4,0.006118094217108919,0.0018462722607572805,0.001858449992642383,0.02365273731022207,0.010528272616929318,0.005456415192223654,0.03198992945610864,6.184639484433585E-4,0.0015037604778017296,0.003346252573389477,3.992637979895765E-4,5.811364350549298E-4,0.002097164317433151],[0.0021673589514726184,1.0,0.0013283571174751737,7.437955402036536E-4,0.00228227423870433,5.720123816666134E-4,0.001573060734060832,0.002906760233953568,0.0014181718194402476,0.0014825723115900612,0.009320137674072786,0.002200017923133237,0.0013809509619816067,0.00437844471221039,0.0019261660166351644,0.002064238790345165,0.002188926579548985,0.001288178660056301,0.0023351862136147634,0.0010799361950431627,0.0021837956856050455,0.0017207200031766371,4.171118369071714E-4,0.0017016741588185922,0.003818247925753812,0.020766290169973528,0.0025384306763163948,0.002058824687009689,0.0010556224807752935,0.0070077161841042256,0.00211955606478535,0.0020906899694004867,0.021424349886245572,0.0073217653867482645,0.005749193236077,0.01973435384640302,0.002182561408588115,0.001611238724142688,0.00318117339707623,0.0018603565410035723,7.428763945235127E-4,0.002353521638750811],[9.166432972337253E-4,0.0013283571174751737,1.0,3.2097917701940753E-4,4.035103081220005E-4,1.6424153019703512E-4,3.1191133117933217E-4,0.006086868889236484,4.5019560858746216E-5,4.382607657172369E-4,0.010031142096034498,3.439615814878154E-4,1.708394688060757E-4,0.004698143134486641,4.3459227280195705E-4,1.284342217836773E-4,8.145343599426873E-5,1.2005015729512676E-4,4.531294920014326E-4,4.3595721502103407E-4,5.947806990751858E-4,6.114405990060661E-4,2.5536392140217254E-4,6.865799713973132E-4,0.006216098456176543,0.009923377045748315,0.002801114533124081,0.0012929719931761346,2.5114890245815603E-4,0.0023868555899772817,3.0481481666362614E-4,6.57417267476248E-4,0.019494801331536013,0.001975301515865429,0.00599878639006186,0.043794562190920254,4.124426870963361E-4,0.001021131956251628,0.006319214550942488,1.829656356188159E-4,2.8962074809006953E-4,9.590719861159388E-4],[0.0019905900601014928,7.437955402036536E-4,3.2097917701940753E-4,1.0,0.001291825704354094,2.453044958888008E-4,3.2582093420075527E-4,0.0021582307943010543,1.70785654210363E-4,8.947856849572571E-4,0.02201629679775923,8.022693629420444E-4,2.1099385707399828E-4,0.006683477389823529,5.684253540458098E-4,1.7260215144600222E-4,1.3551126173751173E-4,2.418756312373761E-4,0.002526183631433819,4.6530811683389965E-4,5.694708299139503E-4,9.152087884202408E-4,1.8964160715130668E-4,9.644768104778633E-4,7.373584220715082E-4,0.01921435697536615,0.0016921223130385698,4.8022941792617266E-4,2.3482077328605347E-4,0.0019987172751845497,2.4178759684315558E-4,8.694050716969975E-4,0.002502174280712105,0.010875362321241085,0.004623685759934814,0.025031431569899114,3.5989828061271475E-4,5.519257994005148E-4,0.006049363376965311,1.0279623292871987E-4,1.1279118557052928E-4,0.002232747141168899],[0.002272764792791798,0.00228227423870433,4.035103081220005E-4,0.001291825704354094,1.0,0.0020832758065602425,6.972028432299746E-4,0.00424609674154827,0.0019166164496409732,0.0019867993485601725,0.016618674883462817,0.001534209864543449,0.002045559908883672,0.009481042353831211,0.0019882580798525557,0.002299213319551837,2.9560777368413335E-5,6.632811451559995E-4,0.0025961528777648036,0.0013507955089258113,0.0011807407263645846,0.0013416694490258657,0.0020394087280109587,0.0021295242375113472,0.005156008612965621,0.014518393864687165,0.0031657899099311053,0.002242531376681914,5.569129420745126E-4,0.004008897260843977,0.0019555835613620657,0.0016083848825293864,0.01752397595122141,0.012323070844498976,0.008742787672798343,0.04575237369203619,0.002087272639508535,0.0020115740170190575,0.0037656166080114934,5.259461241890997E-4,2.5763245360097307E-4,0.002533792858813339],[0.0015325115784630117,5.720123816666134E-4,1.6424153019703512E-4,2.453044958888008E-4,0.0020832758065602425,1.0,1.0557662040897805E-4,0.0013281788801878932,1.1048590464611572E-4,8.42878043320275E-4,0.020977060000421852,4.4084001590316687E-4,1.147663615777561E-4,0.0032324668299275124,0.001573103392790762,1.1698939436955738E-4,2.2910695841294526E-5,1.1126015954640364E-4,7.600453671235424E-4,5.003419062924035E-4,5.450172156807908E-4,4.033446649088159E-4,1.336748865254443E-4,6.909256953419788E-4,0.004523473552920545,0.003501412033499414,0.0022131880128988747,3.1701181951911594E-4,1.1549950871558048E-4,0.002999418626763096,1.2115045475138537E-4,8.126367528585087E-4,0.017839249011373647,0.011067331304575228,0.009684944939123618,0.006618732781526811,3.2129667862129777E-4,0.0010491565829518783,0.0013105066088793388,2.1204894568020038E-5,4.021102903815517E-5,0.0024455670492279057],[0.0016125756042139837,0.001573060734060832,3.1191133117933217E-4,3.2582093420075527E-4,6.972028432299746E-4,1.0557662040897805E-4,1.0,0.0036724508876109516,1.6117046259814665E-5,2.73674314876755E-4,0.024403961250857045,5.622966226671366E-4,1.0154760146962248E-4,0.009515898924999076,0.0011904626702451823,1.081597631081834E-4,4.233519733451802E-5,7.117568712305683E-5,7.513015655482643E-4,3.6522179170823835E-4,2.5258057885332446E-4,2.522964953186117E-4,1.3844246347740792E-4,7.56826544245423E-4,0.007739091703474031,0.01675604390220411,0.002331645377850038,0.0019318221362478398,1.0122650070660055E-4,0.008928080764876617,1.8545395888964458E-4,4.3835696484409203E-4,0.025867280623676322,0.002094419355291962,0.004086466259885688,0.006916886168337269,1.388290787576943E-4,9.766184259985004E-4,0.0011539933974385281,8.306667929337029E-5,6.41681905741799E-5,0.0018337070812823632],[0.005332419916773256,0.002906760233953568,0.006086868889236484,0.0021582307943010543,0.00424609674154827,0.0013281788801878932,0.0036724508876109516,1.0,0.003835598047871484,0.0031433341492660876,0.037881710320257715,0.0048637284102312625,0.0016691403291789642,0.00985785266777038,0.004532889423993683,0.0017752384703921278,0.0031351485367673813,0.007949352758791084,0.004329596170548802,0.0028426174746704787,0.00657206781072356,0.006455847242263955,7.952335921820392E-4,0.004952162445181121,0.008207879433301125,0.013365646160016013,0.005504416439277834,0.0031490931470966347,0.005605050017682479,0.008931792316956986,0.0019155264615589175,0.004812347926894041,0.01632856155305583,0.01193310777208262,0.011155478148426344,0.03614631027081762,0.003514915053179936,0.005832200078952184,0.007525332233250522,0.0013432541406991451,3.0921069756136173E-4,0.0030066467746453682],[1.1815005896384535E-4,0.0014181718194402476,4.5019560858746216E-5,1.70785654210363E-4,0.0019166164496409732,1.1048590464611572E-4,1.6117046259814665E-5,0.003835598047871484,1.0,1.7726938303021063E-4,0.021970942856675217,9.658166623869137E-4,6.623192340427937E-5,0.004838984659354663,0.0014038349475382513,8.880728173263817E-5,1.334395879664903E-5,3.6385434144196875E-5,0.0017459936896117145,3.182880360880922E-4,2.3182137546824818E-4,5.534939666415752E-4,4.710401732494099E-5,0.0010732219672016786,0.006949246824410712,0.024145542994905813,0.003161987279049671,0.001486756292247759,4.262139172970615E-5,0.009620291622341138,4.8929968288461136E-5,6.769187107790146E-4,0.023731602958636255,0.0104587633676515,0.004200810088416894,0.03788107526970618,9.235389108421798E-5,9.433780806688556E-4,0.001601396517930607,1.2147040745708049E-5,2.0703309501194335E-5,1.6572047890568532E-4],[0.0015134178248427485,0.0014825723115900612,4.382607657172369E-4,8.947856849572571E-4,0.0019867993485601725,8.42878043320275E-4,2.73674314876755E-4,0.0031433341492660876,1.7726938303021063E-4,1.0,0.03438094931289995,0.0010574504498988152,2.974402248258524E-4,0.004108094859240787,0.0010705053533922972,8.411114247883901E-4,1.9144807745796017E-4,9.035024550409747E-4,0.002544155283505156,0.0010320468468304103,9.488271818214663E-4,0.001070853006573976,4.6760654211352114E-4,0.001104295713702678,0.0034770936137260575,0.011176813803015145,0.0013307922959122063,0.0014522638398364652,8.640216736800886E-4,0.0021370694318310914,4.413218139876317E-4,0.0010666878389265222,0.017237221216416486,0.0021424640838645444,0.005372157679591165,0.013856515141358756,4.568702169555838E-4,0.0010659913744497365,0.0036540878754633688,2.3781328809002424E-4,8.565200735599529E-4,0.0019145501694004677],[0.03717417609316534,0.009320137674072786,0.010031142096034498,0.02201629679775923,0.016618674883462817,0.020977060000421852,0.024403961250857045,0.037881710320257715,0.021970942856675217,0.03438094931289995,1.0,0.02424922408568617,0.034232652697014324,0.025061847477760787,0.014057804238219692,0.0033029825345032657,0.010327296401547746,0.029989949037370765,0.014845254794462116,0.017265879824053386,0.03696834784851087,0.037104704937603435,0.0016183903680242167,0.01887364250608487,0.03048304350654383,0.02461287790462372,0.034946367410891035,0.02112326912957663,0.008602610019748096,0.01604149061769017,0.027649890767036944,0.02705774842569167,0.033101919794312235,0.03313888863892067,0.03540655785673488,0.047836607998221974,0.00822865550174769,0.01226350900772246,0.0309974219836772,0.017465276159682675,0.0015404011041423864,0.03566105417685034],[0.0017457715593509602,0.002200017923133237,3.439615814878154E-4,8.022693629420444E-4,0.001534209864543449,4.4084001590316687E-4,5.622966226671366E-4,0.0048637284102312625,9.658166623869137E-4,0.0010574504498988152,0.02424922408568617,1.0,8.284120054905046E-4,0.00965922049409502,0.00135249861775566,4.857938288728962E-4,6.112878371744513E-4,5.500470328702306E-4,0.0015593019740680685,8.457673138967856E-4,8.902211329606033E-4,0.0010749730477198917,7.95621552469699E-4,0.0012762919719608466,0.007110100365219682,0.01258791861590571,0.0012548589765614168,0.001109919839886936,0.0010344000714260508,0.008717127615562904,8.284047391299697E-4,0.0010806203799978693,0.018801401531796942,0.006412018769847979,0.006936496144637962,0.022670089502436996,6.728504713410775E-4,0.0010688133759211031,0.0047801712528446946,7.375688878643058E-4,9.734145480791001E-4,0.0019336768978447068],[0.0019795636985986704,0.0013809509619816067,1.708394688060757E-4,2.1099385707399828E-4,0.002045559908883672,1.147663615777561E-4,1.0154760146962248E-4,0.0016691403291789642,6.623192340427937E-5,2.974402248258524E-4,0.034232652697014324,8.284120054905046E-4,1.0,0.0032686442233106267,4.4167189758988976E-4,1.044154690873608E-4,6.555081446910652E-5,7.381613465112872E-5,0.0023860629549289727,4.146960405917108E-4,2.2744063580193793E-4,1.196088851689129E-4,1.254355705481856E-4,0.0011628965681926191,0.0029991165371806997,0.007550084272306438,0.0021621360137556813,8.627659182163511E-4,7.190776932165461E-5,0.004936571284151004,1.7699532830156795E-4,8.236215548991051E-4,0.0028435635749554373,0.012477213282616315,0.0023433872192866988,0.04916421058491598,3.376836607895796E-4,0.0010880623562054082,0.005169157881000137,2.989031386155088E-5,3.659330235921818E-5,0.002531006277591391],[0.007990708237963919,0.00437844471221039,0.004698143134486641,0.006683477389823529,0.009481042353831211,0.0032324668299275124,0.009515898924999076,0.00985785266777038,0.004838984659354663,0.004108094859240787,0.025061847477760787,0.00965922049409502,0.0032686442233106267,1.0,0.009277396095084295,0.004665358017773258,0.0058905579870774764,0.01047284184205767,0.0061687946083596405,0.006454990395063205,0.0018901856480783668,0.0060042108539160866,0.004087279838028725,0.002497303500294968,0.01040948646429646,0.01887160733358533,0.008624840421872133,0.008132982424650987,0.010841253169681021,0.010585417141160248,0.008083186497220785,0.006738586831231334,0.02181608889845099,0.011921189360129479,0.012642762351661134,0.025139621873374794,0.005287966952648361,0.008625059893460634,0.009772296548932354,0.006296906384913237,0.002265181787689897,0.002792997888319276],[0.0017569730023352817,0.0019261660166351644,4.3459227280195705E-4,5.684253540458098E-4,0.0019882580798525557,0.001573103392790762,0.0011904626702451823,0.004532889423993683,0.0014038349475382513,0.0010705053533922972,0.014057804238219692,0.00135249861775566,4.4167189758988976E-4,0.009277396095084295,1.0,0.0014577544371593614,8.885414677939827E-4,3.5263560440410393E-4,0.002014567725264313,0.001232965409045691,7.270991562026031E-4,0.0012150573866455854,0.0013571782572188852,0.0015439990288308137,0.002406926618794014,0.010490015903208921,0.002315067354261721,0.001643785371967604,3.465089561535787E-4,0.003685384762290152,0.0010735622356882874,0.0011634340884079967,0.012961953399647218,0.003542522589983889,0.01263425902367396,0.046113740891154546,0.0010415556544460065,0.001191510705773886,0.0033318640364493747,0.0011388539367375493,7.112350794175165E-4,0.0018810393898758332],[7.071396975194407E-4,0.002064238790345165,1.284342217836773E-4,1.7260215144600222E-4,0.002299213319551837,1.1698939436955738E-4,1.081597631081834E-4,0.0017752384703921278,8.880728173263817E-5,8.411114247883901E-4,0.0033029825345032657,4.857938288728962E-4,1.044154690873608E-4,0.004665358017773258,0.0014577544371593614,1.0,3.919601807681864E-5,8.12590514203828E-5,0.002384701967312601,5.029977268754566E-4,5.487231742586132E-4,7.455946687040891E-4,1.1225956808113748E-4,4.6208979408028986E-4,0.005794993866734156,0.018125923698190605,0.002329676832731766,9.964241640313732E-4,1.026782471272309E-4,0.007891242406697021,1.559154440372089E-4,0.0010428767313173705,0.003587771971913915,0.009538425618318509,0.012702763359470409,0.035183531934992,4.142921397123397E-4,0.0010645546988889616,5.638342533225599E-4,7.977836521694116E-5,6.611330163883859E-5,0.0011535231218648733],[0.001111449434645577,0.002188926579548985,8.145343599426873E-5,1.3551126173751173E-4,2.9560777368413335E-5,2.2910695841294526E-5,4.233519733451802E-5,0.0031351485367673813,1.334395879664903E-5,1.9144807745796017E-4,0.010327296401547746,6.112878371744513E-4,6.555081446910652E-5,0.0058905579870774764,8.885414677939827E-4,3.919601807681864E-5,1.0,4.666936876524545E-5,0.0021076945431549613,9.627788281324042E-5,1.3363936532659754E-4,4.2190279084474883E-4,2.9489760730039707E-5,3.635140269191063E-4,6.118760057693634E-4,0.018531929676875985,3.346137314048326E-4,0.0017229954436405138,4.802606254871394E-5,0.006002444803467634,1.8825839016156874E-5,7.470987107776592E-4,0.024665732510742895,0.01021721369536447,0.011183849773667027,8.221191768255447E-4,1.8433770383770358E-4,9.996809061732326E-4,0.006320923957966331,1.2029015423505697E-5,2.3803578366452518E-5,0.0023759699792341416],[0.001600553612230542,0.001288178660056301,1.2005015729512676E-4,2.418756312373761E-4,6.632811451559995E-4,1.1126015954640364E-4,7.117568712305683E-5,0.007949352758791084,3.6385434144196875E-5,9.035024550409747E-4,0.029989949037370765,5.500470328702306E-4,7.381613465112872E-5,0.01047284184205767,3.5263560440410393E-4,8.12590514203828E-5,4.666936876524545E-5,1.0,0.0015232087413143247,5.236461841548384E-4,1.6900703110881815E-4,2.1727539486797817E-4,1.292986835123483E-4,9.742727208989809E-4,0.004220444680993806,0.017074941409580505,0.0015667285845516088,0.001038418560894193,6.044898556136077E-5,8.870461541292271E-4,1.0906061601512483E-4,0.0010243750183665016,0.014386134432683788,0.0011447018959106665,0.00356036890184714,0.0445012256850539,3.5372197218853506E-4,0.0010727883760581359,0.00163102644191199,4.2489599274399045E-5,5.868874353542729E-5,0.0013963439995735834],[0.0020980727828998373,0.0023351862136147634,4.531294920014326E-4,0.002526183631433819,0.0025961528777648036,7.600453671235424E-4,7.513015655482643E-4,0.004329596170548802,0.0017459936896117145,0.002544155283505156,0.014845254794462116,0.0015593019740680685,0.0023860629549289727,0.0061687946083596405,0.002014567725264313,0.002384701967312601,0.0021076945431549613,0.0015232087413143247,1.0,0.0026081649071638606,9.269788192345337E-4,0.0010980777656192022,5.188308231118278E-4,0.0015056899766355922,0.005570993103372116,0.022771292210493975,0.002657198116622238,0.0023551657643078676,0.0010325608918652508,0.004335092031119255,0.0013064910090130324,0.001892359993946467,0.025819572926815866,0.010973665388647098,0.006203095224296249,0.04595893148261602,0.001195433853869823,0.0019844742750913373,0.006579056101481344,6.370384539027356E-4,0.0017770580153243418,0.0026039715871681132],[0.0013240776688834672,0.0010799361950431627,4.3595721502103407E-4,4.6530811683389965E-4,0.0013507955089258113,5.003419062924035E-4,3.6522179170823835E-4,0.0028426174746704787,3.182880360880922E-4,0.0010320468468304103,0.017265879824053386,8.457673138967856E-4,4.146960405917108E-4,0.006454990395063205,0.001232965409045691,5.029977268754566E-4,9.627788281324042E-5,5.236461841548384E-4,0.0026081649071638606,1.0,5.830873045998646E-4,0.0010381353086598387,2.118653981643556E-4,7.035208027753696E-4,0.0074943414074303445,0.023859543782560406,0.001676222035895965,0.0015528392471511876,4.76230039386971E-4,0.00274939279276438,3.630066529132107E-4,5.587236740735869E-4,0.016805598238154543,0.009005319546238474,0.0022558280699981766,0.04846192926754033,4.578506814334703E-4,8.849427769993406E-4,0.001205116161924443,3.6848617499293785E-4,2.4542710840697664E-4,0.0016872203796909474],[0.0015814250177186902,0.0021837956856050455,5.947806990751858E-4,5.694708299139503E-4,0.0011807407263645846,5.450172156807908E-4,2.5258057885332446E-4,0.00657206781072356,2.3182137546824818E-4,9.488271818214663E-4,0.03696834784851087,8.902211329606033E-4,2.2744063580193793E-4,0.0018901856480783668,7.270991562026031E-4,5.487231742586132E-4,1.3363936532659754E-4,1.6900703110881815E-4,9.269788192345337E-4,5.830873045998646E-4,1.0,9.279394515350482E-4,5.103029599609177E-4,8.855651365967812E-4,0.007111833331747067,0.020835154706786582,0.0010971365873353183,0.0013912870438923441,7.465402656160821E-5,0.005066542686841933,4.2215949607556064E-4,8.432775339472513E-4,0.022564198227694274,0.002183174518556416,0.008561267602168746,0.03793549326862107,6.100068750382315E-4,8.801406673260978E-4,0.0060923441358719434,2.7000526747943994E-4,1.0220137861352705E-4,7.530323572105542E-4],[0.0012301044671875103,0.0017207200031766371,6.114405990060661E-4,9.152087884202408E-4,0.0013416694490258657,4.033446649088159E-4,2.522964953186117E-4,0.006455847242263955,5.534939666415752E-4,0.001070853006573976,0.037104704937603435,0.0010749730477198917,1.196088851689129E-4,0.0060042108539160866,0.0012150573866455854,7.455946687040891E-4,4.2190279084474883E-4,2.1727539486797817E-4,0.0010980777656192022,0.0010381353086598387,9.279394515350482E-4,1.0,4.92583640335745E-4,0.001133614887951112,0.0027917644076902656,0.001966355678304023,0.0015719881765820874,0.001386110694640627,9.624500441764544E-4,0.009292727397593976,0.001007117840798011,0.0010769800873034637,0.022466678350093913,0.0017635691749922173,0.004446364151491827,0.0037929503496465667,0.0010315235389903197,0.0011031835952450345,0.0031352812743456362,1.0039507646300028E-4,1.9484072733642234E-4,0.0012254902479546352],[0.0016239624933316868,4.171118369071714E-4,2.5536392140217254E-4,1.8964160715130668E-4,0.0020394087280109587,1.336748865254443E-4,1.3844246347740792E-4,7.952335921820392E-4,4.710401732494099E-5,4.6760654211352114E-4,0.0016183903680242167,7.95621552469699E-4,1.254355705481856E-4,0.004087279838028725,0.0013571782572188852,1.1225956808113748E-4,2.9489760730039707E-5,1.292986835123483E-4,5.188308231118278E-4,2.118653981643556E-4,5.103029599609177E-4,4.92583640335745E-4,1.0,6.884495557200438E-4,0.002589113134384076,0.010156666225865052,0.002445745885736456,0.0016526493199240024,8.831949104785833E-5,0.005851770009021949,1.8618483650623455E-4,0.0010132794849562901,0.018531443973763866,0.008061666364025027,0.006480691274265414,0.03450486601641056,3.451270431013994E-4,2.8802991297571806E-4,0.0028936721717510473,9.406027496732407E-5,8.316825118176407E-5,0.0018914470160394422],[0.001788916856360389,0.0017016741588185922,6.865799713973132E-4,9.644768104778633E-4,0.0021295242375113472,6.909256953419788E-4,7.56826544245423E-4,0.004952162445181121,0.0010732219672016786,0.001104295713702678,0.01887364250608487,0.0012762919719608466,0.0011628965681926191,0.002497303500294968,0.0015439990288308137,4.6208979408028986E-4,3.635140269191063E-4,9.742727208989809E-4,0.0015056899766355922,7.035208027753696E-4,8.855651365967812E-4,0.001133614887951112,6.884495557200438E-4,1.0,0.00575745209058787,0.01714507674357317,0.0014845489742679712,0.0017591742639157248,9.584415354988071E-4,0.00718510142869013,0.0013736886011970469,0.001192331238785069,0.010823812733916914,0.007486363375636836,0.0016826315225764703,0.01640099133993131,5.415604300486894E-4,0.0012651088407974467,0.00275206170355065,6.77986656422024E-4,0.0010561496505658047,0.0023137939454996245],[0.003362433284990374,0.003818247925753812,0.006216098456176543,7.373584220715082E-4,0.005156008612965621,0.004523473552920545,0.007739091703474031,0.008207879433301125,0.006949246824410712,0.0034770936137260575,0.03048304350654383,0.007110100365219682,0.0029991165371806997,0.01040948646429646,0.002406926618794014,0.005794993866734156,6.118760057693634E-4,0.004220444680993806,0.005570993103372116,0.0074943414074303445,0.007111833331747067,0.0027917644076902656,0.002589113134384076,0.00575745209058787,1.0,0.021331677745762764,0.0070692097607192,0.0069090399844526015,0.004261103815336364,0.009628564830282677,0.0014581794136370265,0.0012241461618864725,0.024371786820593398,0.011879154864435672,0.010448628571141325,0.0169694339750491,0.0025116093687160995,0.008519651655791868,0.007547303269381882,0.0036248781369633306,0.0023581250914365944,0.0027908898080487663],[0.008755171630331543,0.020766290169973528,0.009923377045748315,0.01921435697536615,0.014518393864687165,0.003501412033499414,0.01675604390220411,0.013365646160016013,0.024145542994905813,0.011176813803015145,0.02461287790462372,0.01258791861590571,0.007550084272306438,0.01887160733358533,0.010490015903208921,0.018125923698190605,0.018531929676875985,0.017074941409580505,0.022771292210493975,0.023859543782560406,0.020835154706786582,0.001966355678304023,0.010156666225865052,0.01714507674357317,0.021331677745762764,1.0,0.01822442822733744,0.010341865852400938,0.018517516681277196,0.010354825034553962,0.009626085163573788,0.02056915765375676,0.0246434131538531,0.01884705139846754,0.02218796086030864,0.03256599337546742,0.003637011201559968,0.005928618362136559,0.007849552424813298,0.0016181384748653964,0.011563598673904562,0.012905666526360044],[0.0021166337311498843,0.0025384306763163948,0.002801114533124081,0.0016921223130385698,0.0031657899099311053,0.0022131880128988747,0.002331645377850038,0.005504416439277834,0.003161987279049671,0.0013307922959122063,0.034946367410891035,0.0012548589765614168,0.0021621360137556813,0.008624840421872133,0.002315067354261721,0.002329676832731766,3.346137314048326E-4,0.0015667285845516088,0.002657198116622238,0.001676222035895965,0.0010971365873353183,0.0015719881765820874,0.002445745885736456,0.0014845489742679712,0.0070692097607192,0.01822442822733744,1.0,0.0023810100724763915,0.0017807570708247443,0.004727160425524532,7.457169045423613E-4,0.0017716136751253758,0.024626405223750175,0.007088999582004929,0.005052669085418472,0.03862192993237396,0.0028223875567089953,0.001893519550833149,0.005506469210163753,5.109344503344313E-5,5.453595080586044E-4,0.002740377837605515],[0.001974961389939272,0.002058824687009689,0.0012929719931761346,4.8022941792617266E-4,0.002242531376681914,3.1701181951911594E-4,0.0019318221362478398,0.0031490931470966347,0.001486756292247759,0.0014522638398364652,0.02112326912957663,0.001109919839886936,8.627659182163511E-4,0.008132982424650987,0.001643785371967604,9.964241640313732E-4,0.0017229954436405138,0.001038418560894193,0.0023551657643078676,0.0015528392471511876,0.0013912870438923441,0.001386110694640627,0.0016526493199240024,0.0017591742639157248,0.0069090399844526015,0.010341865852400938,0.0023810100724763915,1.0,9.692947527450973E-4,0.002894951931463434,4.6168997513607436E-4,0.001170951731909701,0.016712107780302347,0.01069396646545432,0.007309194618730009,0.003928927507055934,0.0012520228062336835,0.0013573177491062126,0.005387631087370063,8.502010932699826E-4,7.867206642798895E-4,0.002359144286812394],[2.5973186909705563E-4,0.0010556224807752935,2.5114890245815603E-4,2.3482077328605347E-4,5.569129420745126E-4,1.1549950871558048E-4,1.0122650070660055E-4,0.005605050017682479,4.262139172970615E-5,8.640216736800886E-4,0.008602610019748096,0.0010344000714260508,7.190776932165461E-5,0.010841253169681021,3.465089561535787E-4,1.026782471272309E-4,4.802606254871394E-5,6.044898556136077E-5,0.0010325608918652508,4.76230039386971E-4,7.465402656160821E-5,9.624500441764544E-4,8.831949104785833E-5,9.584415354988071E-4,0.004261103815336364,0.018517516681277196,0.0017807570708247443,9.692947527450973E-4,1.0,0.0054686843166642145,1.4741817725751944E-4,7.155608972179085E-4,0.01923039172887651,6.645576616373863E-4,0.0022794881553892935,0.012796358938606908,1.9748078864692209E-4,7.302020497581404E-4,0.004042704083690111,4.767852189589393E-5,5.702564585309487E-5,0.002352917877625714],[0.006118094217108919,0.0070077161841042256,0.0023868555899772817,0.0019987172751845497,0.004008897260843977,0.002999418626763096,0.008928080764876617,0.008931792316956986,0.009620291622341138,0.0021370694318310914,0.01604149061769017,0.008717127615562904,0.004936571284151004,0.010585417141160248,0.003685384762290152,0.007891242406697021,0.006002444803467634,8.870461541292271E-4,0.004335092031119255,0.00274939279276438,0.005066542686841933,0.009292727397593976,0.005851770009021949,0.00718510142869013,0.009628564830282677,0.010354825034553962,0.004727160425524532,0.002894951931463434,0.0054686843166642145,1.0,7.987145305824704E-4,0.0012644388452062302,0.016525436456343183,0.010822568265448815,0.011807585281592446,0.01799443777250349,0.007260657811729863,0.0019227671204516128,0.007311386621555234,0.008220244799580993,0.0027766680717688347,0.004339584060005351],[0.0018462722607572805,0.00211955606478535,3.0481481666362614E-4,2.4178759684315558E-4,0.0019555835613620657,1.2115045475138537E-4,1.8545395888964458E-4,0.0019155264615589175,4.8929968288461136E-5,4.413218139876317E-4,0.027649890767036944,8.284047391299697E-4,1.7699532830156795E-4,0.008083186497220785,0.0010735622356882874,1.559154440372089E-4,1.8825839016156874E-5,1.0906061601512483E-4,0.0013064910090130324,3.630066529132107E-4,4.2215949607556064E-4,0.001007117840798011,1.8618483650623455E-4,0.0013736886011970469,0.0014581794136370265,0.009626085163573788,7.457169045423613E-4,4.6168997513607436E-4,1.4741817725751944E-4,7.987145305824704E-4,1.0,2.3789887483151385E-4,0.0052819732361475075,0.007583219084959645,0.010849764177797261,0.028800265986074537,4.0260112152623015E-4,9.247567734967275E-4,0.003057265513145093,1.5666050232589876E-5,1.7738394062168274E-4,9.165755603833662E-4],[0.001858449992642383,0.0020906899694004867,6.57417267476248E-4,8.694050716969975E-4,0.0016083848825293864,8.126367528585087E-4,4.3835696484409203E-4,0.004812347926894041,6.769187107790146E-4,0.0010666878389265222,0.02705774842569167,0.0010806203799978693,8.236215548991051E-4,0.006738586831231334,0.0011634340884079967,0.0010428767313173705,7.470987107776592E-4,0.0010243750183665016,0.001892359993946467,5.587236740735869E-4,8.432775339472513E-4,0.0010769800873034637,0.0010132794849562901,0.001192331238785069,0.0012241461618864725,0.02056915765375676,0.0017716136751253758,0.001170951731909701,7.155608972179085E-4,0.0012644388452062302,2.3789887483151385E-4,1.0,0.008206300905243496,0.007085252194668323,0.0030949246260095096,0.025774184971628266,5.809816799923751E-4,0.0010973440939162976,0.001991370568159742,4.1740614714139796E-4,2.2294920513880718E-4,0.0025277840320482104],[0.02365273731022207,0.021424349886245572,0.019494801331536013,0.002502174280712105,0.01752397595122141,0.017839249011373647,0.025867280623676322,0.01632856155305583,0.023731602958636255,0.017237221216416486,0.033101919794312235,0.018801401531796942,0.0028435635749554373,0.02181608889845099,0.012961953399647218,0.003587771971913915,0.024665732510742895,0.014386134432683788,0.025819572926815866,0.016805598238154543,0.022564198227694274,0.022466678350093913,0.018531443973763866,0.010823812733916914,0.024371786820593398,0.0246434131538531,0.024626405223750175,0.016712107780302347,0.01923039172887651,0.016525436456343183,0.0052819732361475075,0.008206300905243496,1.0,0.014575912592968237,0.013180700777655962,0.030234095593558632,0.0204407694907542,0.019004028474071847,0.01711443526109708,0.00432434068133665,0.019613770637195615,0.01753411470776531],[0.010528272616929318,0.0073217653867482645,0.001975301515865429,0.010875362321241085,0.012323070844498976,0.011067331304575228,0.002094419355291962,0.01193310777208262,0.0104587633676515,0.0021424640838645444,0.03313888863892067,0.006412018769847979,0.012477213282616315,0.011921189360129479,0.003542522589983889,0.009538425618318509,0.01021721369536447,0.0011447018959106665,0.010973665388647098,0.009005319546238474,0.002183174518556416,0.0017635691749922173,0.008061666364025027,0.007486363375636836,0.011879154864435672,0.01884705139846754,0.007088999582004929,0.01069396646545432,6.645576616373863E-4,0.010822568265448815,0.007583219084959645,0.007085252194668323,0.014575912592968237,1.0,0.012900936064576764,0.013849881420117512,0.009886536165202518,0.006974694085475144,0.012185311188954197,0.009969526100302004,0.00595738781134422,0.006179212153265473],[0.005456415192223654,0.005749193236077,0.00599878639006186,0.004623685759934814,0.008742787672798343,0.009684944939123618,0.004086466259885688,0.011155478148426344,0.004200810088416894,0.005372157679591165,0.03540655785673488,0.006936496144637962,0.0023433872192866988,0.012642762351661134,0.01263425902367396,0.012702763359470409,0.011183849773667027,0.00356036890184714,0.006203095224296249,0.0022558280699981766,0.008561267602168746,0.004446364151491827,0.006480691274265414,0.0016826315225764703,0.010448628571141325,0.02218796086030864,0.005052669085418472,0.007309194618730009,0.0022794881553892935,0.011807585281592446,0.010849764177797261,0.0030949246260095096,0.013180700777655962,0.012900936064576764,1.0,0.028099222112000083,0.0031912090489623016,0.004164171293468349,0.010184727990066207,0.004188585665849862,0.003968864932221709,0.00362425380360155],[0.03198992945610864,0.01973435384640302,0.043794562190920254,0.025031431569899114,0.04575237369203619,0.006618732781526811,0.006916886168337269,0.03614631027081762,0.03788107526970618,0.013856515141358756,0.047836607998221974,0.022670089502436996,0.04916421058491598,0.025139621873374794,0.046113740891154546,0.035183531934992,8.221191768255447E-4,0.0445012256850539,0.04595893148261602,0.04846192926754033,0.03793549326862107,0.0037929503496465667,0.03450486601641056,0.01640099133993131,0.0169694339750491,0.03256599337546742,0.03862192993237396,0.003928927507055934,0.012796358938606908,0.01799443777250349,0.028800265986074537,0.025774184971628266,0.030234095593558632,0.013849881420117512,0.028099222112000083,1.0,0.0039253248279525685,0.0398179450911918,0.03252141413129026,0.03690055607574811,0.02020451780264853,0.016529773853915675],[6.184639484433585E-4,0.002182561408588115,4.124426870963361E-4,3.5989828061271475E-4,0.002087272639508535,3.2129667862129777E-4,1.388290787576943E-4,0.003514915053179936,9.235389108421798E-5,4.568702169555838E-4,0.00822865550174769,6.728504713410775E-4,3.376836607895796E-4,0.005287966952648361,0.0010415556544460065,4.142921397123397E-4,1.8433770383770358E-4,3.5372197218853506E-4,0.001195433853869823,4.578506814334703E-4,6.100068750382315E-4,0.0010315235389903197,3.451270431013994E-4,5.415604300486894E-4,0.0025116093687160995,0.003637011201559968,0.0028223875567089953,0.0012520228062336835,1.9748078864692209E-4,0.007260657811729863,4.0260112152623015E-4,5.809816799923751E-4,0.0204407694907542,0.009886536165202518,0.0031912090489623016,0.0039253248279525685,1.0,0.0011036102196394285,0.004884086028488962,3.8024977253880483E-4,8.001633309127483E-5,0.0013054762863654163],[0.0015037604778017296,0.001611238724142688,0.001021131956251628,5.519257994005148E-4,0.0020115740170190575,0.0010491565829518783,9.766184259985004E-4,0.005832200078952184,9.433780806688556E-4,0.0010659913744497365,0.01226350900772246,0.0010688133759211031,0.0010880623562054082,0.008625059893460634,0.001191510705773886,0.0010645546988889616,9.996809061732326E-4,0.0010727883760581359,0.0019844742750913373,8.849427769993406E-4,8.801406673260978E-4,0.0011031835952450345,2.8802991297571806E-4,0.0012651088407974467,0.008519651655791868,0.005928618362136559,0.001893519550833149,0.0013573177491062126,7.302020497581404E-4,0.0019227671204516128,9.247567734967275E-4,0.0010973440939162976,0.019004028474071847,0.006974694085475144,0.004164171293468349,0.0398179450911918,0.0011036102196394285,1.0,0.0067401693060828785,4.3963575986555965E-4,8.213235048249823E-4,0.0011832405836819755],[0.003346252573389477,0.00318117339707623,0.006319214550942488,0.006049363376965311,0.0037656166080114934,0.0013105066088793388,0.0011539933974385281,0.007525332233250522,0.001601396517930607,0.0036540878754633688,0.0309974219836772,0.0047801712528446946,0.005169157881000137,0.009772296548932354,0.0033318640364493747,5.638342533225599E-4,0.006320923957966331,0.00163102644191199,0.006579056101481344,0.001205116161924443,0.0060923441358719434,0.0031352812743456362,0.0028936721717510473,0.00275206170355065,0.007547303269381882,0.007849552424813298,0.005506469210163753,0.005387631087370063,0.004042704083690111,0.007311386621555234,0.003057265513145093,0.001991370568159742,0.01711443526109708,0.012185311188954197,0.010184727990066207,0.03252141413129026,0.004884086028488962,0.0067401693060828785,1.0,0.0064472616782611895,0.006040074111799447,0.006379067458508504],[3.992637979895765E-4,0.0018603565410035723,1.829656356188159E-4,1.0279623292871987E-4,5.259461241890997E-4,2.1204894568020038E-5,8.306667929337029E-5,0.0013432541406991451,1.2147040745708049E-5,2.3781328809002424E-4,0.017465276159682675,7.375688878643058E-4,2.989031386155088E-5,0.006296906384913237,0.0011388539367375493,7.977836521694116E-5,1.2029015423505697E-5,4.2489599274399045E-5,6.370384539027356E-4,3.6848617499293785E-4,2.7000526747943994E-4,1.0039507646300028E-4,9.406027496732407E-5,6.77986656422024E-4,0.0036248781369633306,0.0016181384748653964,5.109344503344313E-5,8.502010932699826E-4,4.767852189589393E-5,0.008220244799580993,1.5666050232589876E-5,4.1740614714139796E-4,0.00432434068133665,0.009969526100302004,0.004188585665849862,0.03690055607574811,3.8024977253880483E-4,4.3963575986555965E-4,0.0064472616782611895,1.0,1.7814497720384834E-5,6.125222394872421E-4],[5.811364350549298E-4,7.428763945235127E-4,2.8962074809006953E-4,1.1279118557052928E-4,2.5763245360097307E-4,4.021102903815517E-5,6.41681905741799E-5,3.0921069756136173E-4,2.0703309501194335E-5,8.565200735599529E-4,0.0015404011041423864,9.734145480791001E-4,3.659330235921818E-5,0.002265181787689897,7.112350794175165E-4,6.611330163883859E-5,2.3803578366452518E-5,5.868874353542729E-5,0.0017770580153243418,2.4542710840697664E-4,1.0220137861352705E-4,1.9484072733642234E-4,8.316825118176407E-5,0.0010561496505658047,0.0023581250914365944,0.011563598673904562,5.453595080586044E-4,7.867206642798895E-4,5.702564585309487E-5,0.0027766680717688347,1.7738394062168274E-4,2.2294920513880718E-4,0.019613770637195615,0.00595738781134422,0.003968864932221709,0.02020451780264853,8.001633309127483E-5,8.213235048249823E-4,0.006040074111799447,1.7814497720384834E-5,1.0,6.956669281913463E-4],[0.002097164317433151,0.002353521638750811,9.590719861159388E-4,0.002232747141168899,0.002533792858813339,0.0024455670492279057,0.0018337070812823632,0.0030066467746453682,1.6572047890568532E-4,0.0019145501694004677,0.03566105417685034,0.0019336768978447068,0.002531006277591391,0.002792997888319276,0.0018810393898758332,0.0011535231218648733,0.0023759699792341416,0.0013963439995735834,0.0026039715871681132,0.0016872203796909474,7.530323572105542E-4,0.0012254902479546352,0.0018914470160394422,0.0023137939454996245,0.0027908898080487663,0.012905666526360044,0.002740377837605515,0.002359144286812394,0.002352917877625714,0.004339584060005351,9.165755603833662E-4,0.0025277840320482104,0.01753411470776531,0.006179212153265473,0.00362425380360155,0.016529773853915675,0.0013054762863654163,0.0011832405836819755,0.006379067458508504,6.125222394872421E-4,6.956669281913463E-4,1.0]]