[[1.0,1.9081744044622422E-4,2.3269634326961272E-4,1.1390274538709033E-4,0.0018826608929969977,2.054703520201924E-4,0.0013129815334753528,1.5524460953824783E-4,0.0014438229797850775,9.462885908012439E-4,7.14506446958536E-4,1.8911932252297994E-4,0.004745639872097067,2.731425423573866E-4,5.833935538756869E-4,0.0012937297202907446,0.0037310605862162756,5.414621674845132E-4,1.3466305272582298E-4,2.880538107864641E-4,4.512683187514472E-4,2.248889462899611E-4,4.79124042106194E-5,0.014915651564850509,2.720173062713812E-4,2.662529184311868E-4,4.288779114426247E-5,7.079336354891671E-4,1.8092211041331833E-4,2.720471119793415E-4,3.15404855310601E-4,0.002427584941700951,2.376177726087296E-4,6.512452570001939E-4,7.77489736969159E-4,2.391896916058659E-4,2.2178460409642394E-4,4.3359531063456654E-5,2.1191191640780203E-4,4.391907848375027E-4,2.0748070073005527E-4,2.128931201959073E-4,2.591047635870634E-4,4.2237261273340635E-4,2.6467387897217596E-4,0.0015388879021397265,4.5710488808909923E-4,1.389548011538949E-4,0.00435725005110649,1.3072383553822708E-4,0.001423773059287761],[1.9081744044622422E-4,1.0,1.9249511139619434E-4,1.3540350068328477E-4,7.675544794723848E-4,1.8118754085741847E-4,0.0012932277529709134,8.379271265225642E-5,0.0010470546076744582,2.404183031165496E-4,9.221975232277753E-4,1.6786002781565878E-4,0.0035259860585494197,2.4815184702949337E-4,4.921724754589228E-4,0.021094866670545935,0.020244879549134988,4.205824980106445E-4,1.282057086502522E-4,2.7367875419862105E-4,4.8388445127472556E-4,1.3479239794234862E-4,8.407123698377921E-5,0.0031624216101043628,1.4339832710519776E-4,1.392781748545326E-4,5.153161983913689E-5,3.763691011600515E-4,1.4446278373955545E-4,1.1361914572503506E-4,0.0013277646033080892,0.004122279735648263,1.822685651666356E-4,0.0010739934813914715,5.3820500707576E-4,1.45815171609686E-4,1.6114967308606618E-4,3.3310413975848486E-5,1.4252711547946132E-4,8.554184880760573E-4,5.531735492175056E-5,8.736092936658153E-5,1.2990706993694912E-4,2.99763590732689E-4,1.1870297278373937E-4,0.0016200057033870074,1.531352370933802E-4,1.4355840527649017E-4,0.003533690983088012,1.1162000818844164E-4,0.0010331959239289336],[2.3269634326961272E-4,1.9249511139619434E-4,1.0,1.5006815532776495E-4,0.0015658655160883314,2.0934547993249744E-4,0.0014533709310683837,1.6142892705681903E-4,0.0020668296952069997,3.64077164276616E-4,7.020554567080388E-4,1.9591707190511523E-4,0.004838970430469864,2.7120578588113334E-4,6.90595695554182E-4,0.008259350396373358,0.02835630009396193,5.238787461407533E-4,1.8341364304257587E-4,3.2272143453052017E-4,3.012096239937613E-4,1.4160608300625837E-4,7.065266441041598E-5,0.00743961137858013,1.7947747126396979E-4,1.3229648648035552E-4,5.936576117328199E-5,5.218606957987774E-4,1.1975103337378799E-4,1.0866126470322403E-4,0.0018892263399524465,0.004854341905886336,2.0909747688275547E-4,0.0012971348005754331,0.0010225149978363385,1.6064811217259578E-4,1.7656120727030378E-4,7.393870556558103E-5,1.965783324875687E-4,5.439120607402417E-4,4.9419524919219334E-5,1.9128917991207924E-4,1.4032353569619265E-4,4.214793204768774E-4,1.5657863659493165E-4,0.0018895511357260842,4.6754660337711953E-4,1.8413473391705392E-4,0.0031717848275112275,8.880803696450964E-5,3.0333883667416767E-4],[1.1390274538709033E-4,1.3540350068328477E-4,1.5006815532776495E-4,1.0,0.0025682884921636867,1.7811982656051623E-4,0.0012419886269791408,6.714742743999243E-5,0.001218587829819841,7.283209676405532E-4,5.963325557588746E-4,1.3768641226774567E-4,0.004562106068773664,2.2166930443730655E-4,2.0194767312244253E-4,0.007093570485677466,0.029894597464102942,4.5080568596068737E-4,8.592679931286278E-5,1.2834148653939945E-4,5.520687766812226E-4,1.1101104341147167E-4,1.0391446993924386E-4,0.013008407408424008,1.379295007444996E-4,1.0982259050422929E-4,7.060786450294727E-5,0.0011353293712625106,1.1060304883014766E-4,1.0928257986144779E-4,7.81407920255955E-4,0.0018087744821121395,1.7196860451527285E-4,7.861803459176845E-4,9.37240689267085E-4,1.4544738269834707E-4,1.3842532624518477E-4,4.4774323351993024E-5,1.2182020626764662E-4,9.973823901135406E-4,8.021739850337604E-5,9.330645521967964E-5,1.1557042266000893E-4,3.035096518221632E-4,1.1144163886655549E-4,0.002196582339601464,5.151630650236902E-4,1.1593621986309912E-4,0.004168845041665497,4.637740663528564E-5,6.444064627379548E-4],[0.0018826608929969977,7.675544794723848E-4,0.0015658655160883314,0.0025682884921636867,1.0,0.0010830072591927731,0.0019604987788995995,0.0025620290564257985,0.0026871351484002107,0.0022092313538297536,0.002657836280597676,0.002623843386705504,0.004592137942214758,0.0010082147047226942,0.0017419903850994277,0.022289402579358266,0.030838784287165216,0.0019751849316903833,0.002115494854161072,0.002873681485510727,0.0030869188263200524,0.0012272027937131162,0.0016808770681601387,0.003313013151497702,3.49175317752736E-4,0.001669213089096067,0.0010465463833755789,0.0022867451182904197,1.9810484486474191E-4,0.00274733310391075,0.003233063160797544,0.0038162204898650244,0.0011148819189470752,0.0024721142514316794,0.0032014487124058734,0.002028711303674438,7.22991931765317E-4,7.336711219447271E-4,2.1874950994627942E-4,0.0027231924013865006,0.003048810050936331,5.389959244491955E-4,0.001591010437955044,0.0027035752544225006,0.003176623522463818,0.0032600241303511112,0.0026960273392135333,0.0024277601920631425,0.003657749813860217,1.5698197663834303E-4,0.0019266450581847897],[2.054703520201924E-4,1.8118754085741847E-4,2.0934547993249744E-4,1.7811982656051623E-4,0.0010830072591927731,1.0,0.001907713907432018,2.3301412597535618E-5,3.594223654071608E-4,8.753284921127718E-4,9.510864559742164E-4,1.9243714221825784E-4,0.005130962513577656,2.0982448019561678E-4,7.009318877946051E-4,0.014867549532365904,0.014844296681328605,6.140047264114484E-4,7.022849914519723E-5,4.2015009608352503E-4,3.9927035817481984E-4,1.403893751236017E-4,7.392546284178639E-5,0.01067063649610082,1.950007794208696E-4,1.432297609721855E-4,1.8181318509498333E-4,0.0011674265629786564,1.4662846757093492E-4,1.1605510320650706E-4,0.0020478974133596012,0.0033094445419089916,2.0285169016658E-4,4.628045574610419E-4,8.727561000953159E-4,1.4773626725114722E-4,1.7230605295005298E-4,6.395268625120004E-5,1.5438434027959989E-4,6.127234913289512E-4,1.1879393821249965E-4,7.639810871153041E-5,1.8585652260351594E-4,3.1503418674620916E-4,1.8958681175537787E-4,0.001467079351571911,2.458728704680889E-4,1.766304184860956E-4,0.001421915874300466,1.7316624120141958E-4,6.295486197831267E-4],[0.0013129815334753528,0.0012932277529709134,0.0014533709310683837,0.0012419886269791408,0.0019604987788995995,0.001907713907432018,1.0,0.0019176882591293897,0.0020951821283023346,0.0013062508008891314,0.0015032558815307343,0.001448189497371101,0.0030769360101777607,0.0010265568099076883,9.243838565799569E-4,0.003928625683188098,0.01637734226222332,0.0015197623982927738,0.0012935715045069962,7.041399808662573E-4,0.0013890049595449614,0.0016623356926723058,0.0016549093224520058,0.006608703803690844,0.0018198507704628043,0.0017269806925673567,0.001021077124385326,0.0013441491608916394,4.036442811082138E-4,0.0013183031766400308,0.002249391749583501,0.0021219960358581074,3.3536265258514187E-4,0.0016944215107823663,0.0011251229666201456,3.641063340803304E-4,0.001370863887862613,7.661328334222479E-4,0.0017861653092285203,0.0015134651634357203,9.983929693833185E-4,5.721562711320965E-4,9.261490168851578E-4,6.409641728337037E-4,0.0011256244054204478,0.0019978218347403986,0.0011406907338392161,8.688565930567754E-4,0.0031276762808003233,6.206842211635967E-4,0.0015846169769942447],[1.5524460953824783E-4,8.379271265225642E-5,1.6142892705681903E-4,6.714742743999243E-5,0.0025620290564257985,2.3301412597535618E-5,0.0019176882591293897,1.0,0.0010119971967447773,6.15707845495551E-4,7.114101560907696E-4,1.043350922795486E-4,0.004754582746555055,8.742240863874146E-5,3.8255085780797954E-4,0.0032298761990451784,0.007801392061648861,5.338456030710801E-4,1.7513614035669648E-5,5.589106130121251E-4,4.908181095980699E-5,6.378103182443295E-5,4.183601241759925E-5,0.005333273789580466,8.228545852878542E-5,6.535402407514376E-5,1.7154060120639978E-5,4.9204958573118E-4,7.15452078302058E-5,5.22370823979237E-5,2.8649524106674735E-4,0.002368083666681664,1.8110990767417008E-4,5.953936208994886E-4,7.291492110687958E-4,1.2926283319699474E-4,1.0616463248540585E-4,1.7991987666893055E-5,7.958019695247982E-5,6.019316850237491E-4,2.2066274341859287E-5,3.643089800885111E-5,8.561646896378281E-5,1.7640028457330945E-4,5.7274636821713805E-5,0.0012524206763651132,4.291650838133237E-4,3.4925575015718575E-5,0.0039088562643087785,1.2663791000100266E-5,9.463027634097553E-4],[0.0014438229797850775,0.0010470546076744582,0.0020668296952069997,0.001218587829819841,0.0026871351484002107,3.594223654071608E-4,0.0020951821283023346,0.0010119971967447773,1.0,0.0012302015923361521,0.0017330663254422904,0.0020732253768963303,0.00538300530697217,0.0017685688909109152,0.0020974945465576703,0.012165739899611054,0.019522158410904066,9.436046414674473E-4,0.001650263416482391,8.232495595758491E-4,7.644992301652216E-4,0.0017338131923381418,0.0014386060655452659,0.004445968823328823,0.0020397839356471187,9.392627807093503E-4,0.0019802211875169133,0.001483214348356394,7.435480541344731E-4,0.0018371493281537515,0.0024641228658178974,0.002508833162137651,0.001056801460305522,0.0020145156534081133,0.001215178609667041,0.0015826440267078005,0.0015441869770309287,9.808571621141612E-4,7.664555006462901E-4,0.0010949941252359852,9.064083492864747E-5,0.0017117761160147208,1.9976738887026227E-4,0.0015081577460277704,1.843941121504196E-4,0.002142590190332098,0.0018551125467456317,4.189637401870896E-4,0.0052680673740846855,0.001269108865200776,0.001986565760946229],[9.462885908012439E-4,2.404183031165496E-4,3.64077164276616E-4,7.283209676405532E-4,0.0022092313538297536,8.753284921127718E-4,0.0013062508008891314,6.15707845495551E-4,0.0012302015923361521,1.0,0.0010683572818229736,4.480358185150764E-4,0.0011828582336810775,7.309451602435821E-4,9.015197864385101E-4,0.007835080365342261,0.016946663056760528,8.610160182434396E-4,6.156810051177134E-4,6.944349685533266E-4,8.342373438063351E-4,1.6009972723368565E-4,6.5849772023425E-4,0.002369418343263243,2.9049183890100805E-4,1.1671291627614617E-4,8.240701679176543E-5,0.0011939186868100908,9.150531934343452E-4,6.245954880012034E-4,0.002030404797075224,0.0029554737525663032,2.942326793844944E-4,0.0012572749081122062,9.904402802529398E-4,4.0089039659731184E-4,2.4703051572574225E-4,1.6629332903220762E-4,4.5295142820661106E-4,0.0010196294038471833,1.5311705135963468E-4,6.847561619451493E-4,5.965776879682278E-4,7.541431799167812E-4,1.30081305309641E-4,0.0021178377792410324,7.109147746773674E-4,7.75678118906193E-4,0.0029991237581109193,2.545334320708071E-4,0.0011666143381997478],[7.14506446958536E-4,9.221975232277753E-4,7.020554567080388E-4,5.963325557588746E-4,0.002657836280597676,9.510864559742164E-4,0.0015032558815307343,7.114101560907696E-4,0.0017330663254422904,0.0010683572818229736,1.0,5.628673560862776E-4,0.0018753508272531028,2.934868977410713E-4,9.208757535046451E-4,0.016565907650600373,0.006539162587368117,7.963415672868039E-4,4.106068787831059E-4,7.101891008825155E-4,0.0010669948222972584,6.672468262459074E-4,6.674936501444226E-4,0.00608965841440973,2.7461838145703617E-4,5.360591908936913E-4,0.0010554271741355925,0.0012602264796456352,9.146495215435638E-4,9.730744432523263E-4,0.002166749161519608,0.0028739467674560454,5.059530934715944E-4,0.001204935360407902,0.0010965193766029962,6.792237982149145E-4,7.168796902068753E-4,7.188645207839952E-4,9.673463548987725E-4,0.0010993172181559298,4.1475073729531185E-4,8.272856248376696E-4,6.151435182551932E-4,0.001126285178807712,7.614334734974808E-4,0.0013767337438340102,0.00105328951101688,1.722875555081217E-4,0.005658703087862682,2.1188852639261567E-4,0.00125611633966138],[1.8911932252297994E-4,1.6786002781565878E-4,1.9591707190511523E-4,1.3768641226774567E-4,0.002623843386705504,1.9243714221825784E-4,0.001448189497371101,1.043350922795486E-4,0.0020732253768963303,4.480358185150764E-4,5.628673560862776E-4,1.0,0.0029166068330119047,2.3844458153521713E-4,6.926395834223626E-4,0.01798219731484845,0.0070680353564398155,4.064194036015223E-4,7.918602556567186E-5,2.898007685868698E-4,3.1884153095587306E-4,1.7439169309524914E-4,1.5851814798159344E-4,0.004650738734472527,1.7141485869140357E-4,1.4763488433254754E-4,1.0859725227499442E-4,4.040531580399567E-4,1.1142334790850856E-4,1.3001483704267716E-4,9.476221917956902E-4,8.547976287472272E-4,2.0685361737590445E-4,4.212735585890817E-4,8.327487523344603E-4,1.8167077124285087E-4,1.7917399755835892E-4,7.388951777363209E-5,1.8077450530255574E-4,2.425273872135882E-4,1.5095331717578968E-4,1.4708260490880183E-4,1.629511694741097E-4,2.2579974884628405E-4,1.4440367549620463E-4,0.0010814939833061945,2.5576755636215785E-4,1.51593263443741E-4,0.0034301984518627015,3.372323038524649E-5,0.0012227061088862746],[0.004745639872097067,0.0035259860585494197,0.004838970430469864,0.004562106068773664,0.004592137942214758,0.005130962513577656,0.0030769360101777607,0.004754582746555055,0.00538300530697217,0.0011828582336810775,0.0018753508272531028,0.0029166068330119047,1.0,0.0022648893901537595,0.003514075518631673,0.019995222779573094,0.01657368124863586,0.002657093766986581,7.74243061877813E-4,0.0033831857735276373,0.0016282807962359942,0.0010092268059003295,0.004719207511031067,0.012053163959882849,0.0023072899249761522,8.775823243106753E-4,0.004676368099456661,0.0019855292595738552,0.003017047133778185,0.0015570650902307877,0.003022146944275866,0.00538761753437025,0.002169891086259168,0.0018109550914732501,0.0021472548754413903,0.004736875962582465,0.001904009101457204,0.0037920718819402376,5.955045535713745E-4,0.005132737430390529,9.088527714365207E-4,0.0014984779022577668,0.0022364533007144987,0.004382377137868687,7.490078530550927E-4,0.0037446660482140072,0.0034787311598028134,0.0022313153451995592,0.005460948322460506,0.0022239661084430657,0.0035206772574256136],[2.731425423573866E-4,2.4815184702949337E-4,2.7120578588113334E-4,2.2166930443730655E-4,0.0010082147047226942,2.0982448019561678E-4,0.0010265568099076883,8.742240863874146E-5,0.0017685688909109152,7.309451602435821E-4,2.934868977410713E-4,2.3844458153521713E-4,0.0022648893901537595,1.0,7.52413990901285E-4,0.010330227745416112,0.0015551762850644555,5.315649592295823E-4,2.3049724184778708E-4,5.491418226927545E-4,3.0694791436272287E-4,1.1291439852239885E-4,7.801356635920854E-5,0.0024998451139562074,1.7387382389193073E-4,2.1885414548077195E-4,1.579643168797612E-4,7.012924402857849E-4,2.5862490510443687E-4,2.025966911460844E-4,8.904790905925876E-4,0.0031208045107040177,2.309028745966668E-4,0.0012349014839064265,4.191681130752841E-4,2.531061139780698E-4,2.4514812357249874E-4,6.29934101176775E-5,2.3950775586083434E-4,0.001028010347726526,1.558818765349641E-4,2.504084992923655E-4,2.710520479314621E-4,4.249068268512304E-4,2.2142653177062256E-4,4.6932692943279814E-4,4.475209042050335E-4,2.1397945723339063E-4,0.003861378878744179,1.253680946887431E-4,6.599540367532403E-4],[5.833935538756869E-4,4.921724754589228E-4,6.90595695554182E-4,2.0194767312244253E-4,0.0017419903850994277,7.009318877946051E-4,9.243838565799569E-4,3.8255085780797954E-4,0.0020974945465576703,9.015197864385101E-4,9.208757535046451E-4,6.926395834223626E-4,0.003514075518631673,7.52413990901285E-4,1.0,0.014609041055135163,0.02168168914192971,7.704344511355599E-4,5.330647339501096E-4,7.224947813277154E-4,7.466525369619409E-4,5.650036371970361E-4,3.029222491764884E-4,0.014991455659407285,5.239407948290455E-4,5.985304648799334E-4,6.021460297241035E-4,8.212283139049432E-4,4.686759362522924E-4,7.662097005558049E-4,0.0017280635904800444,0.001300202278164133,2.255731025344097E-4,9.832760880181565E-4,8.449026570044179E-4,3.8141868754740395E-4,3.035001781746467E-4,7.896404487498529E-4,2.9114531073344666E-4,9.433422216775269E-4,4.8459081981661544E-4,3.498621219828239E-4,3.954653583470049E-4,4.792036910597821E-4,4.533347327332367E-4,0.0011427350956424312,6.726057562119179E-4,2.2582508138929876E-4,0.0017407709698096432,2.46008285124342E-4,0.0014511107123348346],[0.0012937297202907446,0.021094866670545935,0.008259350396373358,0.007093570485677466,0.022289402579358266,0.014867549532365904,0.003928625683188098,0.0032298761990451784,0.012165739899611054,0.007835080365342261,0.016565907650600373,0.01798219731484845,0.019995222779573094,0.010330227745416112,0.014609041055135163,1.0,0.027022731553506995,0.005394353902389605,1.941104831795896E-4,0.009476010942172448,0.02194959887888941,0.011152354550336538,6.256169739133342E-4,0.018326995006377404,0.0026410263706345425,0.008708083387634834,0.0034222146286265976,0.013091682319436287,0.0013122118145331954,0.015212817407424408,0.018477884004698995,0.010193106137370705,5.658292049179608E-4,0.007071814412516834,0.002296061745854944,0.009795849056266515,0.021944040034150965,0.011374038539505294,0.012454742582466823,0.015236734644135004,0.010744954903150871,0.008116396468601465,0.012225338752893474,0.012790381945257008,0.014477483546018407,0.012106686511442378,0.018668449572405647,0.021461842066114206,0.01833160054558125,0.004947730658736144,0.014311351898291276],[0.0037310605862162756,0.020244879549134988,0.02835630009396193,0.029894597464102942,0.030838784287165216,0.014844296681328605,0.01637734226222332,0.007801392061648861,0.019522158410904066,0.016946663056760528,0.006539162587368117,0.0070680353564398155,0.01657368124863586,0.0015551762850644555,0.02168168914192971,0.027022731553506995,1.0,0.003964056731131548,0.01169643562044178,0.01053915818853292,7.788723427596716E-4,0.03152864150323173,0.0259641982084316,0.028486137027847164,0.013247784311810964,0.004730551042653584,0.018871819427024462,0.003642650439815269,0.017430669387003564,0.028964949334859973,0.012750029475041308,0.028172212041938836,0.022760649218630916,0.009248818741200643,0.02027648350204353,0.032838780820493164,0.011936257652644859,0.004522487157168045,0.018314846394744802,0.01662726053174168,0.023027211035820193,0.008868470567832175,0.015686631324458057,0.012863697293242835,0.030342409291374425,0.022772021297959483,0.015844983678552606,0.023511822765341493,0.012252835520658575,0.013053939326641159,0.01706687859999243],[5.414621674845132E-4,4.205824980106445E-4,5.238787461407533E-4,4.5080568596068737E-4,0.0019751849316903833,6.140047264114484E-4,0.0015197623982927738,5.338456030710801E-4,9.436046414674473E-4,8.610160182434396E-4,7.963415672868039E-4,4.064194036015223E-4,0.002657093766986581,5.315649592295823E-4,7.704344511355599E-4,0.005394353902389605,0.003964056731131548,1.0,2.955273688076661E-4,6.080417337322635E-4,7.355048759100649E-4,1.6508331357205694E-4,7.320856804688408E-4,0.0068465329688125656,7.513495845351879E-4,2.793569024755161E-4,4.327693259351241E-4,0.001198975884383118,6.852246485562786E-4,6.785058199816126E-4,0.0010042807309208052,0.0050270437446157355,6.023403667137952E-4,9.179314040986469E-4,8.625086481053969E-4,2.9805479488294664E-4,6.894240904818157E-4,7.404937176132964E-4,6.324970729948055E-4,0.0010681104727625558,6.443757677848691E-4,2.755049778324741E-4,7.192447097618955E-4,7.484447065450107E-4,2.249846705370624E-4,0.0012736284277541756,5.348509392109868E-4,6.500112783229886E-4,0.005393012790115616,7.113829991190527E-4,0.0010574885229790356],[1.3466305272582298E-4,1.282057086502522E-4,1.8341364304257587E-4,8.592679931286278E-5,0.002115494854161072,7.022849914519723E-5,0.0012935715045069962,1.7513614035669648E-5,0.001650263416482391,6.156810051177134E-4,4.106068787831059E-4,7.918602556567186E-5,7.74243061877813E-4,2.3049724184778708E-4,5.330647339501096E-4,1.941104831795896E-4,0.01169643562044178,2.955273688076661E-4,1.0,3.217571721150468E-4,4.6035299073745787E-4,8.425604020253073E-5,4.0322795097284884E-5,0.014169178179259449,4.809835945805583E-5,7.378826057065649E-5,1.5438740499249636E-5,8.585627968402218E-4,5.936618906848155E-5,2.3146907080438775E-5,0.001679453107884568,0.0035996423912551946,1.0641147396413466E-4,8.543804337335431E-4,3.3796194088827393E-4,1.0612386166503124E-4,1.442652450059412E-4,1.6266428517589675E-5,7.231837123511865E-5,8.151452128223222E-5,2.5643233723177373E-5,3.2823777237077E-5,1.0038960354853051E-4,9.976040976620572E-5,2.856955106083498E-5,0.0021280509870749355,5.043512489931436E-4,1.1062554751168149E-4,0.0026801939895500283,1.4141626474435988E-5,2.570265788083445E-4],[2.880538107864641E-4,2.7367875419862105E-4,3.2272143453052017E-4,1.2834148653939945E-4,0.002873681485510727,4.2015009608352503E-4,7.041399808662573E-4,5.589106130121251E-4,8.232495595758491E-4,6.944349685533266E-4,7.101891008825155E-4,2.898007685868698E-4,0.0033831857735276373,5.491418226927545E-4,7.224947813277154E-4,0.009476010942172448,0.01053915818853292,6.080417337322635E-4,3.217571721150468E-4,1.0,5.98055179084708E-4,3.3918683929467803E-4,5.25579804955974E-4,0.0021860869596157717,1.6737220277303696E-4,3.193930396594599E-4,2.941896518493433E-4,0.0011643235432997755,5.088679009687781E-4,1.6690120227954907E-4,8.649350399432433E-4,0.001272171721641876,2.7283810398017887E-4,7.295376643133809E-4,7.731205137101978E-4,2.02313502041652E-4,4.7937166185204737E-4,3.292919385799541E-4,2.683429980061607E-4,8.660397941253156E-4,2.59529546633365E-4,1.3461855332614692E-4,4.7651833641459745E-4,4.970167509711869E-4,2.0381001141306002E-4,5.950898405827346E-4,5.554054641176276E-4,1.7059692471367544E-4,0.001139274589638375,2.1837113902427598E-4,0.0011896961956035237],[4.512683187514472E-4,4.8388445127472556E-4,3.012096239937613E-4,5.520687766812226E-4,0.0030869188263200524,3.9927035817481984E-4,0.0013890049595449614,4.908181095980699E-5,7.644992301652216E-4,8.342373438063351E-4,0.0010669948222972584,3.1884153095587306E-4,0.0016282807962359942,3.0694791436272287E-4,7.466525369619409E-4,0.02194959887888941,7.788723427596716E-4,7.355048759100649E-4,4.6035299073745787E-4,5.98055179084708E-4,1.0,5.557221337811812E-4,5.487022707445532E-4,0.015933442888462886,3.917400774873841E-4,4.855791942431827E-4,5.266304496842235E-4,0.00106174699336834,3.613803183305399E-4,4.3374904684425724E-4,0.0011247405052254023,0.0014282088609470348,3.0491658313116984E-4,7.354634880651562E-4,0.0010436144250779884,3.8097022215273133E-4,2.448074312107598E-4,4.7573340694135767E-4,1.8398516165815296E-4,7.566214351414906E-4,3.2144086378690776E-4,2.9609294706625867E-4,3.4868640838354716E-4,4.999885314574909E-4,5.21227821284474E-4,0.001493696069345961,6.086402726494978E-4,4.521256492646883E-4,8.25046491881828E-4,3.0188620033610905E-4,0.001091329826084281],[2.248889462899611E-4,1.3479239794234862E-4,1.4160608300625837E-4,1.1101104341147167E-4,0.0012272027937131162,1.403893751236017E-4,0.0016623356926723058,6.378103182443295E-5,0.0017338131923381418,1.6009972723368565E-4,6.672468262459074E-4,1.7439169309524914E-4,0.0010092268059003295,1.1291439852239885E-4,5.650036371970361E-4,0.011152354550336538,0.03152864150323173,1.6508331357205694E-4,8.425604020253073E-5,3.3918683929467803E-4,5.557221337811812E-4,1.0,8.124648473763384E-5,0.010676628996937701,1.2440423993506219E-4,1.09274394195981E-4,8.131509037429831E-5,6.071403244535896E-4,1.0808112197540961E-4,1.0867735595144736E-4,0.002470578803340285,0.0010144005714994061,1.243709893415543E-4,7.855596958421763E-4,5.564635428118621E-4,1.4316665215520144E-4,1.6243893228034024E-4,7.912037750778568E-5,1.3087287226904766E-4,5.013061199531223E-4,6.355844173933901E-5,1.0187062149501295E-4,1.153676804761083E-4,2.5066643952625207E-4,1.1124219797228564E-4,0.001125311103361672,2.3141929764873543E-4,1.155926077422552E-4,0.0032322881996099347,1.4155643540237697E-5,3.911818520022069E-4],[4.79124042106194E-5,8.407123698377921E-5,7.065266441041598E-5,1.0391446993924386E-4,0.0016808770681601387,7.392546284178639E-5,0.0016549093224520058,4.183601241759925E-5,0.0014386060655452659,6.5849772023425E-4,6.674936501444226E-4,1.5851814798159344E-4,0.004719207511031067,7.801356635920854E-5,3.029222491764884E-4,6.256169739133342E-4,0.0259641982084316,7.320856804688408E-4,4.0322795097284884E-5,5.25579804955974E-4,5.487022707445532E-4,8.124648473763384E-5,1.0,0.005377397527381132,7.49505427243734E-5,6.911562724524399E-5,3.271857584153599E-5,3.531498145282828E-4,1.0707188251490616E-4,1.0414861721420111E-4,3.073285989625803E-4,6.289692420977253E-4,1.309231712662887E-4,0.001226764839583172,6.94481050550423E-5,1.4645403403388475E-4,1.5611548567365238E-4,3.4208638204164336E-5,7.56687257189461E-5,8.29555138181286E-4,4.128191464758966E-5,6.310274000940132E-5,4.95071630596506E-5,2.9016050562127816E-4,5.495601476017701E-5,0.0021568101305969732,5.229936344640501E-5,1.1921069039636596E-4,0.005563768891399633,1.7328109555236025E-5,0.0012827249436466056],[0.014915651564850509,0.0031624216101043628,0.00743961137858013,0.013008407408424008,0.003313013151497702,0.01067063649610082,0.006608703803690844,0.005333273789580466,0.004445968823328823,0.002369418343263243,0.00608965841440973,0.004650738734472527,0.012053163959882849,0.0024998451139562074,0.014991455659407285,0.018326995006377404,0.028486137027847164,0.0068465329688125656,0.014169178179259449,0.0021860869596157717,0.015933442888462886,0.010676628996937701,0.005377397527381132,1.0,0.009935999072387548,0.004036983046005177,0.014249481925832832,0.01734103246122957,0.0034651693808363795,0.0037605684500878326,0.004096133423873868,0.007115363620705511,0.009756748108886423,0.016351171062466995,0.01632391195012434,0.006710989489202835,0.010211164491646664,0.0101797984750267,0.012985919345206372,0.002867702742261725,0.015077544929667105,0.004274055247199069,0.00504809923612514,0.01471997619747928,0.00822458175096773,0.010984812045074649,0.012141133374462924,0.01199591263445125,0.015651027932375855,0.004073426867860765,0.006097478886317467],[2.720173062713812E-4,1.4339832710519776E-4,1.7947747126396979E-4,1.379295007444996E-4,3.49175317752736E-4,1.950007794208696E-4,0.0018198507704628043,8.228545852878542E-5,0.0020397839356471187,2.9049183890100805E-4,2.7461838145703617E-4,1.7141485869140357E-4,0.0023072899249761522,1.7387382389193073E-4,5.239407948290455E-4,0.0026410263706345425,0.013247784311810964,7.513495845351879E-4,4.809835945805583E-5,1.6737220277303696E-4,3.917400774873841E-4,1.2440423993506219E-4,7.49505427243734E-5,0.009935999072387548,1.0,1.205218818969215E-4,1.3430000446851221E-4,2.241896784168229E-4,1.1395393654821224E-4,1.307836008276156E-4,4.860188481208017E-4,6.93652855576848E-4,1.660066198690717E-4,1.6485957673928757E-4,1.5664433591145658E-4,1.4395578816325788E-4,1.500464976020485E-4,4.9327757747233894E-5,1.4149752084671328E-4,9.751167719809766E-4,6.650942462811628E-5,1.1842296738848006E-4,1.3467297695114096E-4,2.895886245280579E-4,1.2165174178982963E-4,6.131831446581109E-4,3.7302193327407403E-4,1.411542623639074E-4,0.0030590998043998523,2.2141791189422985E-5,0.0012468501789183115],[2.662529184311868E-4,1.392781748545326E-4,1.3229648648035552E-4,1.0982259050422929E-4,0.001669213089096067,1.432297609721855E-4,0.0017269806925673567,6.535402407514376E-5,9.392627807093503E-4,1.1671291627614617E-4,5.360591908936913E-4,1.4763488433254754E-4,8.775823243106753E-4,2.1885414548077195E-4,5.985304648799334E-4,0.008708083387634834,0.004730551042653584,2.793569024755161E-4,7.378826057065649E-5,3.193930396594599E-4,4.855791942431827E-4,1.09274394195981E-4,6.911562724524399E-5,0.004036983046005177,1.205218818969215E-4,1.0,5.477604425162897E-5,0.0012217079476188179,1.0643330450927535E-4,1.0518360683559253E-4,0.0022984272204932123,0.004039297456054764,1.6169506778421526E-4,8.054890240872134E-4,4.601141896415497E-4,1.0431898275636432E-4,1.5070849973273148E-4,4.7761157467329194E-5,1.2002859378628714E-4,3.715991050037543E-4,7.382415835010135E-5,1.0250274151672963E-4,1.1385769118198212E-4,1.9175239174940806E-4,1.096466796898916E-4,0.001716009849263566,2.5328859301963405E-4,1.1754573024234847E-4,0.0015868477352049951,3.2934332892679615E-5,0.0010154052366629824],[4.288779114426247E-5,5.153161983913689E-5,5.936576117328199E-5,7.060786450294727E-5,0.0010465463833755789,1.8181318509498333E-4,0.001021077124385326,1.7154060120639978E-5,0.0019802211875169133,8.240701679176543E-5,0.0010554271741355925,1.0859725227499442E-4,0.004676368099456661,1.579643168797612E-4,6.021460297241035E-4,0.0034222146286265976,0.018871819427024462,4.327693259351241E-4,1.5438740499249636E-5,2.941896518493433E-4,5.266304496842235E-4,8.131509037429831E-5,3.271857584153599E-5,0.014249481925832832,1.3430000446851221E-4,5.477604425162897E-5,1.0,3.823050590526954E-4,6.710449725035945E-5,2.003480863850436E-5,4.328399536895712E-4,0.0010303430140178042,3.837189886660051E-5,2.246592160143663E-4,2.3354413810876956E-5,3.9942537271585604E-5,6.0311113020284055E-5,1.5902900256099307E-5,5.223125042115103E-5,9.644834373827583E-4,3.108359838827683E-5,5.969197920548273E-5,6.876583650494591E-5,8.016428140406913E-5,7.328791873696677E-5,0.0019430366631174637,6.915033815798248E-5,1.0423910872033076E-4,0.005255401090715181,1.4219806862453889E-5,0.0013461010527607003],[7.079336354891671E-4,3.763691011600515E-4,5.218606957987774E-4,0.0011353293712625106,0.0022867451182904197,0.0011674265629786564,0.0013441491608916394,4.9204958573118E-4,0.001483214348356394,0.0011939186868100908,0.0012602264796456352,4.040531580399567E-4,0.0019855292595738552,7.012924402857849E-4,8.212283139049432E-4,0.013091682319436287,0.003642650439815269,0.001198975884383118,8.585627968402218E-4,0.0011643235432997755,0.00106174699336834,6.071403244535896E-4,3.531498145282828E-4,0.01734103246122957,2.241896784168229E-4,0.0012217079476188179,3.823050590526954E-4,1.0,0.001229746384490744,7.825497087567894E-4,0.0016976335472652223,0.005251306284199851,8.261718440755396E-4,0.001297192398645658,0.0011155753750415056,9.854244247999896E-4,6.385557641780921E-4,1.5626614627410991E-4,2.3078292205179452E-4,0.0012021976310810656,0.0011224957152740718,9.688089837569438E-4,4.880937455087334E-4,9.508659522975086E-4,4.562904403242074E-4,0.0018842708226523611,0.0011642183586736629,0.0012093653009015287,0.0017930399030815286,2.7988483531627556E-4,0.0012730662210840133],[1.8092211041331833E-4,1.4446278373955545E-4,1.1975103337378799E-4,1.1060304883014766E-4,1.9810484486474191E-4,1.4662846757093492E-4,4.036442811082138E-4,7.15452078302058E-5,7.435480541344731E-4,9.150531934343452E-4,9.146495215435638E-4,1.1142334790850856E-4,0.003017047133778185,2.5862490510443687E-4,4.686759362522924E-4,0.0013122118145331954,0.017430669387003564,6.852246485562786E-4,5.936618906848155E-5,5.088679009687781E-4,3.613803183305399E-4,1.0808112197540961E-4,1.0707188251490616E-4,0.0034651693808363795,1.1395393654821224E-4,1.0643330450927535E-4,6.710449725035945E-5,0.001229746384490744,1.0,1.0798453890886588E-4,0.001328839115041235,0.00241195453295303,1.1877940316837112E-4,1.9530256970890926E-4,4.2580805811465134E-4,1.2527388947020327E-4,1.5295603282980766E-4,7.981440930052439E-5,1.2495417782339675E-4,3.0432121305175736E-4,5.2052456393154784E-5,9.555113580733991E-5,1.1540338478662526E-4,2.540325598193476E-4,1.079209748101058E-4,0.0016044769155910852,1.6279358450600037E-4,1.1885918990680218E-4,2.946087825574594E-4,3.338689204803351E-5,0.0010125009708050951],[2.720471119793415E-4,1.1361914572503506E-4,1.0866126470322403E-4,1.0928257986144779E-4,0.00274733310391075,1.1605510320650706E-4,0.0013183031766400308,5.22370823979237E-5,0.0018371493281537515,6.245954880012034E-4,9.730744432523263E-4,1.3001483704267716E-4,0.0015570650902307877,2.025966911460844E-4,7.662097005558049E-4,0.015212817407424408,0.028964949334859973,6.785058199816126E-4,2.3146907080438775E-5,1.6690120227954907E-4,4.3374904684425724E-4,1.0867735595144736E-4,1.0414861721420111E-4,0.0037605684500878326,1.307836008276156E-4,1.0518360683559253E-4,2.003480863850436E-5,7.825497087567894E-4,1.0798453890886588E-4,1.0,0.002017729473899743,0.0010524395275434844,1.8156609246648749E-4,3.5695990444509896E-4,6.268626304288803E-4,1.290509297267931E-4,1.6419189457948715E-4,3.700019120341535E-5,1.3090703091994516E-4,2.508726840871248E-4,8.566079376077094E-5,1.0628108419175399E-4,1.2818436283932103E-4,3.5640168232017676E-4,1.1176455352611558E-4,0.002104208788617359,5.288010667760135E-4,1.165103435858266E-4,0.001767564178604469,9.07427126342239E-5,4.994559906608227E-4],[3.15404855310601E-4,0.0013277646033080892,0.0018892263399524465,7.81407920255955E-4,0.003233063160797544,0.0020478974133596012,0.002249391749583501,2.8649524106674735E-4,0.0024641228658178974,0.002030404797075224,0.002166749161519608,9.476221917956902E-4,0.003022146944275866,8.904790905925876E-4,0.0017280635904800444,0.018477884004698995,0.012750029475041308,0.0010042807309208052,0.001679453107884568,8.649350399432433E-4,0.0011247405052254023,0.002470578803340285,3.073285989625803E-4,0.004096133423873868,4.860188481208017E-4,0.0022984272204932123,4.328399536895712E-4,0.0016976335472652223,0.001328839115041235,0.002017729473899743,1.0,0.0040105338940171625,0.0018074591855095133,0.001991455640947327,0.0021396219193231224,0.002222667447710902,0.001019768909295542,6.150834421095905E-4,0.002325566189919877,0.001609986073216765,7.503007086283686E-4,0.0016100769472820907,0.0013277490978078593,6.509807487598063E-4,0.0010670400043700373,0.0024091108375688345,0.0015987419489807966,0.0016094382280745652,0.005592378082832148,8.926368641855864E-4,0.0020757775795039973],[0.002427584941700951,0.004122279735648263,0.004854341905886336,0.0018087744821121395,0.0038162204898650244,0.0033094445419089916,0.0021219960358581074,0.002368083666681664,0.002508833162137651,0.0029554737525663032,0.0028739467674560454,8.547976287472272E-4,0.00538761753437025,0.0031208045107040177,0.001300202278164133,0.010193106137370705,0.028172212041938836,0.0050270437446157355,0.0035996423912551946,0.001272171721641876,0.0014282088609470348,0.0010144005714994061,6.289692420977253E-4,0.007115363620705511,6.93652855576848E-4,0.004039297456054764,0.0010303430140178042,0.005251306284199851,0.00241195453295303,0.0010524395275434844,0.0040105338940171625,1.0,0.004616240537648755,0.004729734136918814,0.0022985395517302687,0.003704778608648554,0.002735284659827229,0.0019228969916466577,0.0025819599314617627,0.002926806015677565,0.0032997363768820006,0.0014452594295656827,0.0032878100069753825,0.005050550439711459,0.003293857096139197,0.005226562035561116,0.0012436275175685952,0.0043197722908325745,0.00537635192923071,0.0038399459046920058,0.001643051395637233],[2.376177726087296E-4,1.822685651666356E-4,2.0909747688275547E-4,1.7196860451527285E-4,0.0011148819189470752,2.0285169016658E-4,3.3536265258514187E-4,1.8110990767417008E-4,0.001056801460305522,2.942326793844944E-4,5.059530934715944E-4,2.0685361737590445E-4,0.002169891086259168,2.309028745966668E-4,2.255731025344097E-4,5.658292049179608E-4,0.022760649218630916,6.023403667137952E-4,1.0641147396413466E-4,2.7283810398017887E-4,3.0491658313116984E-4,1.243709893415543E-4,1.309231712662887E-4,0.009756748108886423,1.660066198690717E-4,1.6169506778421526E-4,3.837189886660051E-5,8.261718440755396E-4,1.1877940316837112E-4,1.8156609246648749E-4,0.0018074591855095133,0.004616240537648755,1.0,0.0012235855155969715,7.023888212127391E-4,2.076253891024767E-4,1.8190372538252208E-4,7.657346037001541E-5,1.5855116223046639E-4,0.0010161801661769795,3.483941144111945E-5,1.9492797844292912E-4,1.9734226197233725E-4,2.337709714560201E-4,1.147668118389322E-4,0.0021588172968873562,2.1645274983642893E-4,1.3220304342138948E-4,0.001941974050143528,1.3476460529474746E-4,3.961272419143448E-4],[6.512452570001939E-4,0.0010739934813914715,0.0012971348005754331,7.861803459176845E-4,0.0024721142514316794,4.628045574610419E-4,0.0016944215107823663,5.953936208994886E-4,0.0020145156534081133,0.0012572749081122062,0.001204935360407902,4.212735585890817E-4,0.0018109550914732501,0.0012349014839064265,9.832760880181565E-4,0.007071814412516834,0.009248818741200643,9.179314040986469E-4,8.543804337335431E-4,7.295376643133809E-4,7.354634880651562E-4,7.855596958421763E-4,0.001226764839583172,0.016351171062466995,1.6485957673928757E-4,8.054890240872134E-4,2.246592160143663E-4,0.001297192398645658,1.9530256970890926E-4,3.5695990444509896E-4,0.001991455640947327,0.004729734136918814,0.0012235855155969715,1.0,0.0012894244384751036,7.739041266917705E-4,7.241369520162843E-4,0.0011263914260402,3.254395700348758E-4,0.001195157910707768,0.0011413307932093377,8.432697685290674E-4,9.758009543604078E-4,9.44043819885758E-4,3.448002568882614E-4,0.0014530105239055132,7.921604613380925E-4,6.471411790318227E-4,0.0048116187000356615,3.6974487480415335E-4,0.0013692893959448883],[7.77489736969159E-4,5.3820500707576E-4,0.0010225149978363385,9.37240689267085E-4,0.0032014487124058734,8.727561000953159E-4,0.0011251229666201456,7.291492110687958E-4,0.001215178609667041,9.904402802529398E-4,0.0010965193766029962,8.327487523344603E-4,0.0021472548754413903,4.191681130752841E-4,8.449026570044179E-4,0.002296061745854944,0.02027648350204353,8.625086481053969E-4,3.3796194088827393E-4,7.731205137101978E-4,0.0010436144250779884,5.564635428118621E-4,6.94481050550423E-5,0.01632391195012434,1.5664433591145658E-4,4.601141896415497E-4,2.3354413810876956E-5,0.0011155753750415056,4.2580805811465134E-4,6.268626304288803E-4,0.0021396219193231224,0.0022985395517302687,7.023888212127391E-4,0.0012894244384751036,1.0,7.834656852151609E-4,8.752353125563875E-4,3.8626458334583007E-4,0.0010454957284626266,0.0010695860899943089,8.96582992580398E-4,8.69075192890004E-4,4.255612598766474E-4,7.867233729481288E-4,8.777759040280179E-4,0.0016862229800765852,9.624873309004758E-4,3.9110491563855285E-4,0.005513079200820432,8.604549657982466E-4,0.0014504540528673766],[2.391896916058659E-4,1.45815171609686E-4,1.6064811217259578E-4,1.4544738269834707E-4,0.002028711303674438,1.4773626725114722E-4,3.641063340803304E-4,1.2926283319699474E-4,0.0015826440267078005,4.0089039659731184E-4,6.792237982149145E-4,1.8167077124285087E-4,0.004736875962582465,2.531061139780698E-4,3.8141868754740395E-4,0.009795849056266515,0.032838780820493164,2.9805479488294664E-4,1.0612386166503124E-4,2.02313502041652E-4,3.8097022215273133E-4,1.4316665215520144E-4,1.4645403403388475E-4,0.006710989489202835,1.4395578816325788E-4,1.0431898275636432E-4,3.9942537271585604E-5,9.854244247999896E-4,1.2527388947020327E-4,1.290509297267931E-4,0.002222667447710902,0.003704778608648554,2.076253891024767E-4,7.739041266917705E-4,7.834656852151609E-4,1.0,1.4859709505961067E-4,1.2521116666027842E-4,1.4160082962766938E-4,7.662941089738634E-4,1.1946743618523664E-4,1.205119496431276E-4,1.4052710816984357E-4,2.8258989717722745E-4,1.2542000875728459E-4,0.001512448838563521,3.6986928232405887E-4,1.2502642006716278E-4,0.003808347386794784,8.921129432029238E-5,0.0011469223140699026],[2.2178460409642394E-4,1.6114967308606618E-4,1.7656120727030378E-4,1.3842532624518477E-4,7.22991931765317E-4,1.7230605295005298E-4,0.001370863887862613,1.0616463248540585E-4,0.0015441869770309287,2.4703051572574225E-4,7.168796902068753E-4,1.7917399755835892E-4,0.001904009101457204,2.4514812357249874E-4,3.035001781746467E-4,0.021944040034150965,0.011936257652644859,6.894240904818157E-4,1.442652450059412E-4,4.7937166185204737E-4,2.448074312107598E-4,1.6243893228034024E-4,1.5611548567365238E-4,0.010211164491646664,1.500464976020485E-4,1.5070849973273148E-4,6.0311113020284055E-5,6.385557641780921E-4,1.5295603282980766E-4,1.6419189457948715E-4,0.001019768909295542,0.002735284659827229,1.8190372538252208E-4,7.241369520162843E-4,8.752353125563875E-4,1.4859709505961067E-4,1.0,7.172126449425653E-5,1.6155749590066287E-4,8.506560491076591E-4,1.0309031124303875E-4,1.2596880012902397E-4,1.4711504658944998E-4,4.172522362208069E-4,1.208861277770243E-4,0.0013045721935215472,3.7074766766756104E-4,1.3144066451191118E-4,0.0013393567971616831,3.743143424509788E-5,7.952260201134179E-4],[4.3359531063456654E-5,3.3310413975848486E-5,7.393870556558103E-5,4.4774323351993024E-5,7.336711219447271E-4,6.395268625120004E-5,7.661328334222479E-4,1.7991987666893055E-5,9.808571621141612E-4,1.6629332903220762E-4,7.188645207839952E-4,7.388951777363209E-5,0.0037920718819402376,6.29