[[1.0,2.606929314616094E-5,2.3082655751984705E-4,0.0021822543767505945,2.331013614511888E-5,6.80707626364723E-5,0.006063352183664884,0.0019514316097163217,6.619841493920259E-4,0.001062357320397547,1.0356726589106743E-4,8.881508559837468E-5,1.8808001895789702E-4,2.2088818808612275E-5,7.36401924815674E-5,1.3337488714064627E-5,1.512618724224432E-4,1.836968644207385E-5,1.4438482789789909E-4,0.004709388169542534,4.959803165016933E-4,3.245282297386419E-5,7.934140534963517E-4,8.417873778588522E-5,0.028885057445471745,0.002847578708876808,2.307391621176726E-5,1.2127999235859272E-4,4.778012813463712E-4,1.5865326825144423E-5,0.001667110541248117,0.009159029539813566,9.100416568577044E-4,4.7378629666468264E-5,2.73371594894797E-4,2.581181007197267E-4,0.0013887988097355496,1.0462975962340776E-4,4.449569732748581E-5,2.5285752292549706E-5,1.5366142002721112E-4,4.06636910312657E-5,6.576504185653281E-4,9.040649023910239E-4,6.806555072267532E-4,0.06161438559556575],[2.606929314616094E-5,1.0,2.2275573883138815E-4,0.0019980759418857666,6.195026583534735E-5,1.2642231787761768E-4,0.004192348359530412,7.091414226191446E-4,7.982469996073013E-4,0.001252031714796547,5.18605325615604E-4,1.713620571275158E-4,3.380189815221726E-4,9.616975115325627E-5,1.9546791211438313E-4,5.0546389613877246E-5,1.3219855983209202E-4,4.630216322219151E-5,1.3533484331605894E-4,1.3636995273433143E-4,5.090805830269458E-4,1.1285189598623835E-4,4.949241322763297E-4,1.1914584174348932E-4,0.024796994263276247,7.748238210479855E-4,1.1687682068408754E-4,1.4057284850361302E-4,0.001583519784501557,7.843686911918253E-5,6.989643763869375E-4,0.012747984219299137,8.149248120189441E-4,1.6483517808756957E-4,0.003224869058184736,3.6210314873529384E-4,5.002705806387276E-4,1.1264715163879913E-4,1.2068920111539656E-4,0.0015751711348446903,1.1970217387705095E-4,1.9462041236904305E-4,7.278558335811049E-4,5.62424970452018E-4,0.011612647287555402,0.0032655751845951215],[2.3082655751984705E-4,2.2275573883138815E-4,1.0,0.0010882442220078396,2.683265526584056E-4,1.537223211709674E-4,0.004633823070433696,4.617647399191027E-4,8.216131162072639E-4,5.054005523601534E-4,3.8784515671079684E-4,3.3685150070553134E-4,3.4266016071587453E-4,1.7180247862434204E-4,2.596873749867096E-4,1.585839138923722E-4,3.408745572866647E-4,1.125493492922219E-4,2.5598858812220097E-4,0.005805070734312788,2.967141709328675E-4,2.188553013960295E-4,3.225805531264617E-4,1.7027306561943895E-4,0.012887545238666613,8.969090910042838E-4,1.6121216360212462E-4,2.324422430229623E-4,8.774340444015309E-4,2.624759517217252E-4,0.0029931085901520912,0.011604006821316128,9.270412097768839E-4,2.0651297193152127E-4,4.111130735920033E-4,4.1443839129980744E-4,5.573717762612997E-4,2.051060577604256E-4,2.791943019422397E-4,5.621298003005706E-4,2.5175306925564366E-4,2.3385146962642288E-4,7.525263651798335E-4,0.0012764880111626224,0.0053879104317354175,0.013951294962186446],[0.0021822543767505945,0.0019980759418857666,0.0010882442220078396,1.0,0.0011124355161859043,4.7012654702589086E-4,0.003136757329624553,0.002284247181685898,0.0022069454735383276,0.0016417184679591626,0.0020286985663763076,4.514171557320506E-4,0.0015487812408375868,0.001208157043050893,0.0017809143698514426,4.1649820499055763E-4,0.0019826950835202424,1.4260035773703715E-4,0.0010931156969309999,0.005217011108113978,0.0015548428228236424,2.2288402189405717E-4,0.0020470976369088498,0.0013064851748886223,0.004344449931396649,0.003750563565503266,6.921896892579919E-4,0.0013197424249317487,0.0020746474259754526,1.9328493521915359E-4,0.003089886647732163,0.013757622741716713,0.0020223614451554974,5.458691607218858E-4,0.004312960192827044,0.0013304068345409694,0.0021801024646888223,0.0018931390957831803,0.0012906182159418602,0.0023528697056433684,5.656647797406358E-4,2.2966587605167697E-4,0.0017708144060435051,0.0017493228037075749,0.01092055236878928,0.010099075364351343],[2.331013614511888E-5,6.195026583534735E-5,2.683265526584056E-4,0.0011124355161859043,1.0,4.680924910355918E-5,4.379269284831592E-4,6.223773086562126E-4,4.1887823725651264E-4,6.53651842705164E-4,3.9821423736104E-4,1.1321219998064837E-4,4.1236405336920616E-4,2.633808502150998E-5,1.9413627036960865E-4,3.216206107064495E-5,8.524183416070739E-5,3.421058065663758E-5,1.3966403521779473E-4,0.0027547409559364406,1.170766793093869E-4,1.0033484726740629E-4,9.976634637317463E-4,6.234915178623211E-5,0.019572338512798045,0.0019411530533766216,1.0808049783039692E-4,1.6118826502035027E-4,0.0016969472742361987,1.951010760740612E-5,0.0014724265435162173,0.007877131973669616,4.3441160037565305E-4,7.935943589120331E-5,0.00460281372138659,4.953646935342108E-4,7.864009758301121E-4,4.357504795135538E-5,1.1885639623711574E-4,1.0785830277231423E-4,6.870240966840409E-5,2.0115501247164888E-4,3.621629550305011E-4,9.957154693078902E-4,0.002677267504554156,0.03740769535173534],[6.80707626364723E-5,1.2642231787761768E-4,1.537223211709674E-4,4.7012654702589086E-4,4.680924910355918E-5,1.0,0.0022594259606815805,0.0017340984126191896,3.974232746601696E-4,7.343813231373492E-4,3.7312598277219986E-4,3.131939990925143E-4,1.8292193609138437E-4,6.337545591528892E-5,2.072671153068786E-4,8.223159814676005E-5,1.6543373067744668E-4,1.1472879130675657E-4,1.6489661244471025E-4,0.00680001407324193,5.957286577126603E-4,1.319965924263274E-4,5.822462165860219E-4,1.2530160060036276E-4,0.035482227709881804,0.0025248184515360207,1.293640884354715E-4,1.3229940941498914E-4,0.0011115756127763258,5.3450291187632354E-5,0.0018513442380268478,0.00181142961730886,0.0010712569816971108,1.5945574219227747E-4,0.002111719591070771,2.2261323973397847E-4,0.0015102592956729105,1.2685544690756685E-4,1.6133316377307583E-4,0.002023559513863006,1.466301137048595E-4,1.4553633066703565E-4,5.728356023657682E-4,9.462441769146121E-4,6.85338474014338E-4,0.059679089085456855],[0.006063352183664884,0.004192348359530412,0.004633823070433696,0.003136757329624553,4.379269284831592E-4,0.0022594259606815805,1.0,0.008278719560820436,0.009208893364001245,0.0014720592117423515,0.0019949669728649344,0.007914952203053178,0.005715370121928232,0.00735549004920456,0.008936888967898802,0.004828350022879774,0.008350341691881452,0.007039898220270523,0.0013270500038373187,0.007713991108522501,0.002972110546956401,0.0012257754746296578,0.006035271086216976,0.00838180012049688,0.025473045524683595,0.007196035952372255,0.0038903712007180677,0.007154550853129345,0.0056835665963127485,0.002617229188814342,0.008676827180277347,0.012308219132400041,0.0027924509048370687,0.008917229566598786,0.006232929722488959,0.003923225244651687,0.004466451457930204,0.0019816165486384162,0.00767929793330016,0.004766792666714195,0.009120573482807218,0.00450731781910737,0.00667680377385268,0.002774026098191501,0.01167976104545938,0.060454630526129656],[0.0019514316097163217,7.091414226191446E-4,4.617647399191027E-4,0.002284247181685898,6.223773086562126E-4,0.0017340984126191896,0.008278719560820436,1.0,0.0011776557044624243,0.002589498121794841,6.764327150909189E-4,0.001128063399947197,0.0024788714711044455,7.128710162777278E-4,0.00205111357591441,9.620164634547002E-4,0.002583151693185874,5.318676883082714E-4,8.973155020269705E-4,0.00518662405419974,0.00227152296325545,6.91833817427435E-4,0.0014160687395015823,0.0022473219971143508,0.007714211102362708,0.0038532022672157842,0.001192618963095461,0.0019085947993459542,0.001907722463617673,8.597093201920833E-4,0.0026610136557659353,0.007165153846094214,0.002057066229691091,0.0016106558022224039,0.004236977628934288,0.002594121361345437,0.0024073548133650246,0.0016145036413723688,0.0016969675954360388,0.0025904644963759,0.002348048348554691,0.0021180019265424296,0.0017460108690615565,0.0018028762124562574,0.008041533065441,0.07058928662215705],[6.619841493920259E-4,7.982469996073013E-4,8.216131162072639E-4,0.0022069454735383276,4.1887823725651264E-4,3.974232746601696E-4,0.009208893364001245,0.0011776557044624243,1.0,9.409993750702783E-4,6.650954914602957E-4,6.382187435264013E-4,8.157796584584978E-4,1.5460661509841424E-4,3.2562524543036853E-4,5.493808726131997E-4,7.1761918660757E-4,6.638226790036571E-4,3.5951054700970034E-4,0.007487570816368876,7.275975132546459E-4,6.362122215493324E-4,0.0010505091026304174,4.956709758095937E-4,0.017207275629808543,0.0022339843941033243,5.582018751396787E-4,7.945483036068657E-4,0.001825141624861624,6.865486331332945E-4,0.0015292714773060378,0.001103778193026545,0.0011039490938576898,4.0031381752199E-4,0.0018066739656292302,8.065295749205505E-4,0.0019247126776252318,4.7854389588780936E-4,8.219220942446413E-4,0.0020784913977228286,6.203457281870842E-4,6.437989959680006E-4,9.383432457814537E-4,0.0010421518389223453,0.0011483769137734657,0.02537884613883434],[0.001062357320397547,0.001252031714796547,5.054005523601534E-4,0.0016417184679591626,6.53651842705164E-4,7.343813231373492E-4,0.0014720592117423515,0.002589498121794841,9.409993750702783E-4,1.0,8.364353214638243E-4,6.036244785422905E-4,8.155692638587818E-4,4.70509427492029E-4,9.045707913574265E-4,1.3956342147186735E-4,6.352003629892971E-4,5.854962183545619E-4,5.55240567308837E-4,0.0054258807434186,7.014164155623985E-4,8.133945252299035E-4,0.001225077480279712,9.744403804188136E-4,0.018767034412625005,0.001531994417678891,9.34696758398063E-4,3.5864918472682043E-4,0.0018132490775366597,0.0010483029459028965,0.0021826752316232785,0.008333958347573474,0.0012627156259207204,6.356628199047909E-4,0.0018733441181653624,0.0012524097044397757,0.0016912341779517614,9.184313654117696E-4,2.030394533191252E-4,0.002504907871337902,6.931736527528275E-4,0.0011240617685672654,0.0012406812228053397,0.0013001227774497375,0.009160105916981588,0.052284831163033216],[1.0356726589106743E-4,5.18605325615604E-4,3.8784515671079684E-4,0.0020286985663763076,3.9821423736104E-4,3.7312598277219986E-4,0.0019949669728649344,6.764327150909189E-4,6.650954914602957E-4,8.364353214638243E-4,1.0,4.651822491077263E-4,5.251638183242867E-4,3.052133768281257E-4,4.64759273083807E-4,4.307717600096576E-4,5.15447374001107E-4,2.0865216358693268E-5,4.937365536915729E-4,0.005233347052451171,5.524580158155569E-4,1.6237341108135212E-4,0.0010422451870155725,3.560621792118002E-4,0.0301406769220058,0.0020319590880406497,1.6062946941722462E-4,3.820839071442308E-4,7.856520554025019E-4,7.198991452131233E-5,0.002723234505569162,0.007497541025176056,0.0010046455887425727,3.8690682931688536E-4,0.004606130407753507,6.880190717696154E-4,0.0012642353500378284,3.756390760384084E-4,3.9595857782109595E-4,0.0016639052445705997,2.594125510182073E-4,2.822607804213534E-4,9.124559804454639E-4,8.504895601110132E-4,0.005389966822601739,0.055467685145941095],[8.881508559837468E-5,1.713620571275158E-4,3.3685150070553134E-4,4.514171557320506E-4,1.1321219998064837E-4,3.131939990925143E-4,0.007914952203053178,0.001128063399947197,6.382187435264013E-4,6.036244785422905E-4,4.651822491077263E-4,1.0,4.1938720911242227E-4,3.516989565670226E-4,3.1653454325374325E-4,1.2576489944302914E-4,3.516776548511559E-4,1.2539893665264705E-4,2.1134249994777976E-4,0.0024519647106486324,6.122662333474611E-4,1.9971858760174828E-4,5.0669421123425E-4,2.408364737787642E-4,0.029736916416321715,0.003407543367020865,2.7550953906501177E-4,3.544464783154241E-4,0.001728338600016378,1.3342600986647658E-4,0.003035160239619306,0.015345013314339783,5.112912726277191E-4,3.242006833830787E-4,0.003260817684904804,5.150814005321901E-4,0.0011636281213154283,1.6715804025478756E-4,2.4989587657593E-4,9.159639971914916E-4,2.06480780466916E-4,2.529138365832778E-4,4.339777497017226E-4,0.001004572788029268,0.00796013714445328,0.03605810154834233],[1.8808001895789702E-4,3.380189815221726E-4,3.4266016071587453E-4,0.0015487812408375868,4.1236405336920616E-4,1.8292193609138437E-4,0.005715370121928232,0.0024788714711044455,8.157796584584978E-4,8.155692638587818E-4,5.251638183242867E-4,4.1938720911242227E-4,1.0,2.8280085349230964E-4,2.775562138228649E-4,3.975624848955767E-5,4.217201556997091E-4,1.0545988507411161E-4,2.2400178561302712E-4,6.39000821671517E-4,4.87704815136768E-4,3.788918073253982E-4,8.771820278592831E-4,3.5738498695804267E-4,0.01289193100761654,6.905135469408048E-4,2.1487344642664866E-4,3.21775470927458E-4,7.470547215542192E-4,6.70308179537849E-5,0.001416929361948946,0.0025727410491139,6.801094064113617E-4,4.279862491058428E-4,0.003726364540628794,4.992868350171743E-4,0.0019612746704849625,4.5730127923005576E-4,2.441566332598677E-4,0.0024688833990644675,2.773294999545763E-4,3.742669183136084E-4,9.77140564281167E-4,0.0013462333716168719,0.008224476871642438,0.00878982189626819],[2.2088818808612275E-5,9.616975115325627E-5,1.7180247862434204E-4,0.001208157043050893,2.633808502150998E-5,6.337545591528892E-5,0.00735549004920456,7.128710162777278E-4,1.5460661509841424E-4,4.70509427492029E-4,3.052133768281257E-4,3.516989565670226E-4,2.8280085349230964E-4,1.0,7.026252567363052E-5,1.654654672494457E-5,3.458572976010769E-4,2.1459039116399053E-5,1.3606705286761073E-4,0.002578798911107339,5.966281140228494E-4,8.222883342471475E-5,6.201247350951621E-5,4.282450356829074E-5,0.02732180653959132,7.300709192010727E-4,2.2380645397265608E-5,1.6189602272705412E-4,0.0014617127805087644,1.785374639958512E-5,9.860045757831915E-4,0.013439351763670254,4.149980397134216E-4,6.621012216268312E-5,0.003444248035736888,3.6925385811397863E-4,1.9969953054117278E-4,5.130664551413096E-5,1.5500732761809577E-4,0.0012502666548973044,1.5217370135079048E-4,9.310139986930842E-5,1.5265595446195242E-4,2.774126328125549E-4,7.398330652879784E-4,0.04906006414643511],[7.36401924815674E-5,1.9546791211438313E-4,2.596873749867096E-4,0.0017809143698514426,1.9413627036960865E-4,2.072671153068786E-4,0.008936888967898802,0.00205111357591441,3.2562524543036853E-4,9.045707913574265E-4,4.64759273083807E-4,3.1653454325374325E-4,2.775562138228649E-4,7.026252567363052E-5,1.0,1.0629574568909426E-4,3.079322545258383E-4,9.85629646474935E-5,1.8668040798367193E-4,0.007525478514404972,4.92120486915858E-4,1.5182065327980197E-4,7.018298688769988E-4,1.8982533611393312E-4,0.023399075905521403,0.0020203112330368293,1.298382925117418E-4,1.9224598452353996E-4,8.028034509853231E-4,1.6920636615606064E-4,0.002000129392247934,0.014443807219860636,5.689114248222194E-4,1.8602547007983404E-4,0.004735792933846289,3.328785726317337E-4,0.0014712734337176464,1.9666821608590402E-4,1.7942316553098237E-4,0.0021148029777124343,2.1468065339337404E-4,2.1976780896966775E-4,3.4156959551324745E-4,4.5432299213126376E-4,0.00374991780133467,0.017104951115521717],[1.3337488714064627E-5,5.0546389613877246E-5,1.585839138923722E-4,4.1649820499055763E-4,3.216206107064495E-5,8.223159814676005E-5,0.004828350022879774,9.620164634547002E-4,5.493808726131997E-4,1.3956342147186735E-4,4.307717600096576E-4,1.2576489944302914E-4,3.975624848955767E-5,1.654654672494457E-5,1.0629574568909426E-4,1.0,1.1196407527568773E-4,1.3784254823445231E-5,1.522533626107123E-4,0.005216903093934444,1.6856722419077977E-4,1.1605521210300382E-4,1.9213818964172223E-4,3.44062396975071E-5,0.028753978627970484,0.0027860221526005086,5.47199030485708E-5,1.1163548421434468E-4,6.348351926687395E-4,1.4894921101151485E-5,0.0010342208243264179,0.011001904963233153,6.079948705273258E-4,1.0098798547603158E-4,0.0017416979265646637,7.569200369112281E-4,0.001419749939543054,6.337428190771124E-5,1.5909002688836807E-4,0.0021466682150621673,9.178648578883499E-5,4.863105830537158E-5,5.908584689010062E-4,8.240916782928778E-4,0.008083844773398652,0.055147092273108614],[1.512618724224432E-4,1.3219855983209202E-4,3.408745572866647E-4,0.0019826950835202424,8.524183416070739E-5,1.6543373067744668E-4,0.008350341691881452,0.002583151693185874,7.1761918660757E-4,6.352003629892971E-4,5.15447374001107E-4,3.516776548511559E-4,4.217201556997091E-4,3.458572976010769E-4,3.079322545258383E-4,1.1196407527568773E-4,1.0,3.3078945784130253E-4,1.7788518109249503E-4,0.0015392177650278092,5.45341706165353E-4,1.7010771102437305E-4,5.359072138043069E-4,2.2648181309762255E-4,0.030854131415124497,0.0015561762266362018,1.6966225457858E-4,3.224803538914002E-4,0.0011695723306570096,1.3327486736831634E-4,9.944897717847393E-4,6.381809691570369E-4,7.568381029439515E-4,2.854939147588507E-4,0.0010655097948573113,5.114040447036303E-4,0.0017420046130646638,1.967143390397015E-4,1.7105727492978742E-4,0.0015482864779795865,2.659442702100812E-4,2.6921615881402044E-4,3.618108928165072E-4,4.093884523994185E-4,0.001961728517486959,0.012902053011153096],[1.836968644207385E-5,4.630216322219151E-5,1.125493492922219E-4,1.4260035773703715E-4,3.421058065663758E-5,1.1472879130675657E-4,0.007039898220270523,5.318676883082714E-4,6.638226790036571E-4,5.854962183545619E-4,2.0865216358693268E-5,1.2539893665264705E-4,1.0545988507411161E-4,2.1459039116399053E-5,9.85629646474935E-5,1.3784254823445231E-5,3.3078945784130253E-4,1.0,3.105887576126355E-5,0.00520596225432195,1.4475912808290377E-4,4.5473944092954275E-5,3.5808626168339297E-4,2.0503536814690647E-5,0.013548032986858442,0.0028033468886374726,7.787087160490493E-5,1.5071563945245257E-4,0.0017266241500658657,1.6213375373062215E-5,0.0013595051095391555,0.005424314177033658,0.0010979148451957777,1.3305131853106432E-4,0.0028981071211399445,3.5820289734488905E-4,3.44828086019211E-4,2.940303696970675E-5,1.6395257671258392E-4,0.001820293921904549,1.298909034220645E-4,1.9187455687767573E-4,2.0568177815624168E-4,3.9369417062079797E-4,0.0027214753924487954,0.07854641384257455],[1.4438482789789909E-4,1.3533484331605894E-4,2.5598858812220097E-4,0.0010931156969309999,1.3966403521779473E-4,1.6489661244471025E-4,0.0013270500038373187,8.973155020269705E-4,3.5951054700970034E-4,5.55240567308837E-4,4.937365536915729E-4,2.1134249994777976E-4,2.2400178561302712E-4,1.3606705286761073E-4,1.8668040798367193E-4,1.522533626107123E-4,1.7788518109249503E-4,3.105887576126355E-5,1.0,0.003730420709905815,6.314643678391847E-4,1.6583871188297783E-4,2.2256398614201004E-4,1.4509107346233566E-4,0.02458032677793176,0.003910158497502335,1.3392098455476168E-4,1.7630176131472436E-4,0.001592100910850808,7.313526988543255E-5,0.0010996582868323889,0.009209082790574427,0.0011410904022831395,1.6813515928163132E-4,0.0029014526551147074,6.602402115098504E-4,9.948617931860452E-4,1.6461129323026055E-4,1.6459701661246287E-4,0.0020029106551390243,1.6734458548332124E-4,2.1446065348191482E-4,3.381290347896943E-4,3.3692769042023096E-4,0.004746435554779711,0.057719800350025004],[0.004709388169542534,1.3636995273433143E-4,0.005805070734312788,0.005217011108113978,0.0027547409559364406,0.00680001407324193,0.007713991108522501,0.00518662405419974,0.007487570816368876,0.0054258807434186,0.005233347052451171,0.0024519647106486324,6.39000821671517E-4,0.002578798911107339,0.007525478514404972,0.005216903093934444,0.0015392177650278092,0.00520596225432195,0.003730420709905815,1.0,0.002236428774557506,0.0030184581920430194,0.0033468930736380584,0.007120280207033118,0.025371754747297103,0.005616524454421174,0.006640057968393175,0.004334663104400996,0.003937277183353707,0.001981065156232165,0.007123207021853681,0.007866503218590509,0.0025753956176794027,0.001420347874102835,0.006843534696023758,0.007068799373008719,0.0032769051843884894,0.0041517687540890864,0.0074949142142516694,0.0033833323409723044,5.73840427155378E-4,0.0061437390667054325,0.00394877046881483,0.005310425552946805,0.010614881030802544,0.045239773643954484],[4.959803165016933E-4,5.090805830269458E-4,2.967141709328675E-4,0.0015548428228236424,1.170766793093869E-4,5.957286577126603E-4,0.002972110546956401,0.00227152296325545,7.275975132546459E-4,7.014164155623985E-4,5.524580158155569E-4,6.122662333474611E-4,4.87704815136768E-4,5.966281140228494E-4,4.92120486915858E-4,1.6856722419077977E-4,5.45341706165353E-4,1.4475912808290377E-4,6.314643678391847E-4,0.002236428774557506,1.0,3.1333895258067664E-4,8.714677880952442E-4,2.0024821014738234E-4,0.01222641093549563,0.003875420064236011,3.691337824082668E-4,2.5462997492162626E-4,0.001760532844162987,4.900779879715246E-4,9.246920923269647E-4,0.011892106474519616,6.803727102718137E-4,5.679815306460537E-4,0.0028716760710431467,6.615192215094073E-4,0.0018898088243743465,2.3411219115102881E-4,3.235080446938593E-4,0.0011177200751584513,2.0931967188441854E-4,3.9575012819607024E-4,8.617959480524205E-4,0.0012475585811763353,0.01194978366269949,0.07800886683189888],[3.245282297386419E-5,1.1285189598623835E-4,2.188553013960295E-4,2.2288402189405717E-4,1.0033484726740629E-4,1.319965924263274E-4,0.0012257754746296578,6.91833817427435E-4,6.362122215493324E-4,8.133945252299035E-4,1.6237341108135212E-4,1.9971858760174828E-4,3.788918073253982E-4,8.222883342471475E-5,1.5182065327980197E-4,1.1605521210300382E-4,1.7010771102437305E-4,4.5473944092954275E-5,1.6583871188297783E-4,0.0030184581920430194,3.1333895258067664E-4,1.0,7.461621131028238E-4,1.3977171034699836E-4,0.01632844010813411,0.0039055624245142,1.251697907282148E-4,1.56901871238892E-4,4.033604233031144E-4,5.6987877035088774E-5,0.0012203267650265843,0.004157184796817771,5.476849087377468E-4,1.6744708249827916E-4,8.540226300457359E-4,7.441157597755329E-4,0.0010931080123764143,1.3494170007329612E-4,1.5950299680012785E-4,2.5193073360563385E-4,1.6285797903289748E-4,1.7782815431017715E-4,2.1904510751628772E-4,0.001406188269152511,0.004101648545812147,0.07590333866159824],[7.934140534963517E-4,4.949241322763297E-4,3.225805531264617E-4,0.0020470976369088498,9.976634637317463E-4,5.822462165860219E-4,0.006035271086216976,0.0014160687395015823,0.0010505091026304174,0.001225077480279712,0.0010422451870155725,5.0669421123425E-4,8.771820278592831E-4,6.201247350951621E-5,7.018298688769988E-4,1.9213818964172223E-4,5.359072138043069E-4,3.5808626168339297E-4,2.2256398614201004E-4,0.0033468930736380584,8.714677880952442E-4,7.461621131028238E-4,1.0,0.0010190284724926576,0.004390097701074829,0.0022140157831721788,0.001062194162791282,4.4094587580144156E-4,0.001558524384920101,2.2315828743864024E-4,0.0025645604425757985,0.013732638868551826,0.0011452263077292647,8.390839044071955E-4,0.004488989268522018,8.713104145540482E-4,0.0015289611360327733,5.80196836139433E-4,9.944154041806896E-4,0.002251266978346058,5.098212288554892E-4,6.851043275616598E-4,0.0010503881153692126,0.0013661881876843997,0.008680459120351704,0.06701876542251431],[8.417873778588522E-5,1.1914584174348932E-4,1.7027306561943895E-4,0.0013064851748886223,6.234915178623211E-5,1.2530160060036276E-4,0.00838180012049688,0.0022473219971143508,4.956709758095937E-4,9.744403804188136E-4,3.560621792118002E-4,2.408364737787642E-4,3.5738498695804267E-4,4.282450356829074E-5,1.8982533611393312E-4,3.44062396975071E-5,2.2648181309762255E-4,2.0503536814690647E-5,1.4509107346233566E-4,0.007120280207033118,2.0024821014738234E-4,1.3977171034699836E-4,0.0010190284724926576,1.0,0.02185588973332443,0.0019064223243120788,1.2008323457092087E-4,1.7588093405296055E-4,6.417312854486335E-4,5.8405399826140316E-5,7.381787467456723E-4,0.008690607397242417,8.797657186347336E-4,1.2505339580634023E-4,0.0033238664720383576,4.5261249428960113E-4,0.0015949583786211848,1.2053189070121418E-4,1.422079427618073E-4,0.0014677846277425803,1.6045572672290497E-4,1.9117811241955329E-4,1.9177848928759054E-4,2.547060479883772E-4,0.003922779038883741,0.010872298816793444],[0.028885057445471745,0.024796994263276247,0.012887545238666613,0.004344449931396649,0.019572338512798045,0.035482227709881804,0.025473045524683595,0.007714211102362708,0.017207275629808543,0.018767034412625005,0.0301406769220058,0.029736916416321715,0.01289193100761654,0.02732180653959132,0.023399075905521403,0.028753978627970484,0.030854131415124497,0.013548032986858442,0.02458032677793176,0.025371754747297103,0.01222641093549563,0.01632844010813411,0.004390097701074829,0.02185588973332443,1.0,0.020215069510091936,0.027978732248286356,0.024011048729404818,0.014541765121187156,0.025008007840862406,0.0031751496340067607,0.023095494111368395,0.031074097191786235,0.03451392638692172,0.029111586557576754,0.02818910723054531,0.030008102863585122,0.020055998490442286,0.0277191211053309,0.014051822552385051,0.010696592991693277,0.02751597218402982,0.002806100396867145,0.022326933106559223,0.01795076684782288,0.09088313039908127],[0.002847578708876808,7.748238210479855E-4,8.969090910042838E-4,0.003750563565503266,0.0019411530533766216,0.0025248184515360207,0.007196035952372255,0.0038532022672157842,0.0022339843941033243,0.001531994417678891,0.0020319590880406497,0.003407543367020865,6.905135469408048E-4,7.300709192010727E-4,0.0020203112330368293,0.0027860221526005086,0.0015561762266362018,0.0028033468886374726,0.003910158497502335,0.005616524454421174,0.003875420064236011,0.0039055624245142,0.0022140157831721788,0.0019064223243120788,0.020215069510091936,1.0,0.0018936300494106,0.0015577331916281367,0.0027219347113195133,0.0024344386319754127,0.0035729707853730296,0.007259107728208775,0.0027298793654373615,0.003589496786972043,0.0043406881613513035,0.003294885830130969,0.0029412754840548775,0.002057400171949545,0.004052431750237571,0.0036781788029636763,3.8754292110198857E-4,0.003389079644896421,0.003927935296172611,0.0026399558597684216,0.009821801270338212,0.05069111720825106],[2.307391621176726E-5,1.1687682068408754E-4,1.6121216360212462E-4,6.921896892579919E-4,1.0808049783039692E-4,1.293640884354715E-4,0.0038903712007180677,0.001192618963095461,5.582018751396787E-4,9.34696758398063E-4,1.6062946941722462E-4,2.7550953906501177E-4,2.1487344642664866E-4,2.2380645397265608E-5,1.298382925117418E-4,5.47199030485708E-5,1.6966225457858E-4,7.787087160490493E-5,1.3392098455476168E-4,0.006640057968393175,3.691337824082668E-4,1.251697907282148E-4,0.001062194162791282,1.2008323457092087E-4,0.027978732248286356,0.0018936300494106,1.0,1.3460673406665935E-4,0.0011856319765734527,7.4262475191953E-5,0.0031249196206431557,0.00175421645031411,1.4362734988129555E-4,1.6513253113270066E-4,0.0028395741014078002,7.174022239218753E-4,1.415383966674583E-4,1.225317935660189E-4,1.3263016395541411E-4,0.0015130963194241046,1.3313130267486093E-4,2.1511285312074155E-4,5.692462120266995E-4,3.4612611843604774E-4,0.0032841612870013527,0.0652439984602758],[1.2127999235859272E-4,1.4057284850361302E-4,2.324422430229623E-4,0.0013197424249317487,1.6118826502035027E-4,1.3229940941498914E-4,0.007154550853129345,0.0019085947993459542,7.945483036068657E-4,3.5864918472682043E-4,3.820839071442308E-4,3.544464783154241E-4,3.21775470927458E-4,1.6189602272705412E-4,1.9224598452353996E-4,1.1163548421434468E-4,3.224803538914002E-4,1.5071563945245257E-4,1.7630176131472436E-4,0.004334663104400996,2.5462997492162626E-4,1.56901871238892E-4,4.4094587580144156E-4,1.7588093405296055E-4,0.024011048729404818,0.0015577331916281367,1.3460673406665935E-4,1.0,0.0010459850131461703,6.534016448242965E-5,0.0014178398061055419,0.0055091417553959415,9.417844990173916E-4,1.7476751170704803E-4,0.004059095620093543,5.76005450583239E-4,0.0019387209229903256,1.5221880641946115E-4,1.6791964628202151E-4,0.002239517501866215,1.7214204769800447E-4,1.9194522174390992E-4,6.723371750459203E-4,8.355290414928876E-4,0.005354774450133245,0.020162736296028817],[4.778012813463712E-4,0.001583519784501557,8.774340444015309E-4,0.0020746474259754526,0.0016969472742361987,0.0011115756127763258,0.0056835665963127485,0.001907722463617673,0.001825141624861624,0.0018132490775366597,7.856520554025019E-4,0.001728338600016378,7.470547215542192E-4,0.0014617127805087644,8.028034509853231E-4,6.348351926687395E-4,0.0011695723306570096,0.0017266241500658657,0.001592100910850808,0.003937277183353707,0.001760532844162987,4.033604233031144E-4,0.001558524384920101,6.417312854486335E-4,0.014541765121187156,0.0027219347113195133,0.0011856319765734527,0.0010459850131461703,1.0,4.189087443543899E-4,0.0019258515135391731,0.0051727020319956235,0.0011802406847236813,0.0014503789623093572,0.004685745532072979,0.0012197777288941833,0.0018795174332894768,0.0010390752522554272,5.635817685058632E-4,0.0022473704071468074,9.531410891362247E-4,0.0010686128064926897,0.0013357252082931879,0.001550742298658201,0.0025689446615856527,0.045565880104476826],[1.5865326825144423E-5,7.843686911918253E-5,2.624759517217252E-4,1.9328493521915359E-4,1.951010760740612E-5,5.3450291187632354E-5,0.002617229188814342,8.597093201920833E-4,6.865486331332945E-4,0.0010483029459028965,7.198991452131233E-5,1.3342600986647658E-4,6.70308179537849E-5,1.785374639958512E-5,1.6920636615606064E-4,1.4894921101151485E-5,1.3327486736831634E-4,1.6213375373062215E-5,7.313526988543255E-5,0.001981065156232165,4.900779879715246E-4,5.6987877035088774E-5,2.2315828743864024E-4,5.8405399826140316E-5,0.025008007840862406,0.0024344386319754127,7.4262475191953E-5,6.534016448242965E-5,4.189087443543899E-4,1.0,0.002423941864331239,0.0028047165483437607,4.6542459372524847E-4,5.824662934984145E-5,0.003045457216892202,3.970843027279246E-4,8.723306047164591E-4,6.51871991239714E-5,1.0897807188777229E-4,0.0011866950110062295,5.358885680237536E-5,7.965077802998661E-5,6.605499364812217E-4,9.189535787066E-4,0.004021491999029605,0.060882598969798606],[0.001667110541248117,6.989643763869375E-4,0.0029931085901520912,0.003089886647732163,0.0014724265435162173,0.0018513442380268478,0.008676827180277347,0.0026610136557659353,0.0015292714773060378,0.0021826752316232785,0.002723234505569162,0.003035160239619306,0.001416929361948946,9.860045757831915E-4,0.002000129392247934,0.0010342208243264179,9.944897717847393E-4,0.0013595051095391555,0.0010996582868323889,0.007123207021853681,9.246920923269647E-4,0.0012203267650265843,0.0025645604425757985,7.381787467456723E-4,0.0031751496340067607,0.0035729707853730296,0.0031249196206431557,0.0014178398061055419,0.0019258515135391731,0.002423941864331239,1.0,0.005038247205537683,0.002944497761852963,0.0022105375911500675,0.004024870174621958,0.0011782998264332025,0.002668137661972333,4.5089461999011905E-4,0.00159398615031106,0.0029125885652908534,6.739863904230952E-4,0.002551772817719179,0.0014874247692630337,0.0015920134109473944,0.0034687308974092413,0.05521123813731048],[0.009159029539813566,0.012747984219299137,0.011604006821316128,0.013757622741716713,0.007877131973669616,0.00181142961730886,0.012308219132400041,0.007165153846094214,0.001103778193026545,0.008333958347573474,0.007497541025176056,0.015345013314339783,0.0025727410491139,0.013439351763670254,0.014443807219860636,0.011001904963233153,6.381809691570369E-4,0.005424314177033658,0.009209082790574427,0.007866503218590509,0.011892106474519616,0.004157184796817771,0.013732638868551826,0.008690607397242417,0.023095494111368395,0.007259107728208775,0.00175421645031411,0.0055091417553959415,0.0051727020319956235,0.0028047165483437607,0.005038247205537683,1.0,0.00760868603378061,0.00922224530076344,0.01260530301336316,0.008440771248206212,0.005275860178191637,7.971474566277061E-4,0.014584903166806747,0.007050376309695168,0.004270657552426346,0.009337792978406808,0.005940309668722115,0.001613191062910831,0.0152393034668382,0.019419021142062586],[9.100416568577044E-4,8.149248120189441E-4,9.270412097768839E-4,0.0020223614451554974,4.3441160037565305E-4,0.0010712569816971108,0.0027924509048370687,0.002057066229691091,0.0011039490938576898,0.0012627156259207204,0.0010046455887425727,5.112912726277191E-4,6.801094064113617E-4,4.149980397134216E-4,5.689114248222194E-4,6.079948705273258E-4,7.568381029439515E-4,0.0010979148451957777,0.0011410904022831395,0.0025753956176794027,6.803727102718137E-4,5.476849087377468E-4,0.0011452263077292647,8.797657186347336E-4,0.031074097191786235,0.0027298793654373615,1.4362734988129555E-4,9.417844990173916E-4,0.0011802406847236813,4.6542459372524847E-4,0.002944497761852963,0.00760868603378061,1.0,4.640591641939235E-4,0.0022715536793757873,9.953528296276206E-4,0.0013979522907310265,5.016262494416911E-4,2.6790796975854886E-4,0.0023419531624021047,8.035474433400272E-4,3.4639805159085923E-4,0.0010625469342470367,0.0011963875429290129,0.0018271204768305351,0.05539332238044828],[4.7378629666468264E-5,1.6483517808756957E-4,2.0651297193152127E-4,5.458691607218858E-4,7.935943589120331E-5,1.5945574219227747E-4,0.008917229566598786,0.0016106558022224039,4.0031381752199E-4,6.356628199047909E-4,3.8690682931688536E-4,3.242006833830787E-4,4.279862491058428E-4,6.621012216268312E-5,1.8602547007983404E-4,1.0098798547603158E-4,2.854939147588507E-4,1.3305131853106432E-4,1.6813515928163132E-4,0.001420347874102835,5.679815306460537E-4,1.6744708249827916E-4,8.390839044071955E-4,1.2505339580634023E-4,0.03451392638692172,0.003589496786972043,1.6513253113270066E-4,1.7476751170704803E-4,0.0014503789623093572,5.824662934984145E-5,0.0022105375911500675,0.00922224530076344,4.640591641939235E-4,1.0,0.001600486691319018,5.029607953250157E-4,7.328002903180105E-4,1.6082335293832726E-4,1.641157527419267E-4,0.002358657573145456,1.67343171108555E-4,1.729111241353863E-4,8.346168742565017E-4,1.7020791727817054E-4,0.009909087109175457,0.06297761265929716],[2.73371594894797E-4,0.003224869058184736,4.111130735920033E-4,0.004312960192827044,0.00460281372138659,0.002111719591070771,0.006232929722488959,0.004236977628934288,0.0018066739656292302,0.0018733441181653624,0.004606130407753507,0.003260817684904804,0.003726364540628794,0.003444248035736888,0.004735792933846289,0.0017416979265646637,0.0010655097948573113,0.0028981071211399445,0.0029014526551147074,0.006843534696023758,0.0028716760710431467,8.540226300457359E-4,0.004488989268522018,0.0033238664720383576,0.029111586557576754,0.0043406881613513035,0.0028395741014078002,0.004059095620093543,0.004685745532072979,0.003045457216892202,0.004024870174621958,0.01260530301336316,0.0022715536793757873,0.001600486691319018,1.0,0.004760008498862373,0.0020922733379986065,0.001956479121296723,0.004593150913422325,0.002872883673787382,0.0032656290193834392,0.0019090516851621934,0.0043232745261609805,0.00344538797715658,0.0080587860615082,0.056636805969018336],[2.581181007197267E-4,3.6210314873529384E-4,4.1443839129980744E-4,0.0013304068345409694,4.953646935342108E-4,2.2261323973397847E-4,0.003923225244651687,0.002594121361345437,8.065295749205505E-4,0.0012524097044397757,6.880190717696154E-4,5.150814005321901E-4,4.992868350171743E-4,3.6925385811397863E-4,3.328785726317337E-4,7.569200369112281E-4,5.114040447036303E-4,3.5820289734488905E-4,6.602402115098504E-4,0.007068799373008719,6.615192215094073E-4,7.441157597755329E-4,8.713104145540482E-4,4.5261249428960113E-4,0.02818910723054531,0.003294885830130969,7.174022239218753E-4,5.76005450583239E-4,0.0012197777288941833,3.970843027279246E-4,0.0011782998264332025,0.008440771248206212,9.953528296276206E-4,5.029607953250157E-4,0.004760008498862373,1.0,0.0014085359500030244,4.8679270072763396E-4,2.2411386809645105E-4,0.0017519205058646298,7.304905736514522E-4,4.960184332311219E-4,9.06327057048668E-4,8.447303535631141E-4,0.009783539778028549,0.07064370080528914],[0.0013887988097355496,5.002705806387276E-4,5.573717762612997E-4,0.0021801024646888223,7.864009758301121E-4,0.0015102592956729105,0.004466451457930204,0.0024073548133650246,0.0019247126776252318,0.0016912341779517614,0.0012642353500378284,0.0011636281213154283,0.0019612746704849625,1.9969953054117278E-4,0.0014712734337176464,0.001419749939543054,0.0017420046130646638,3.44828086019211E-4,9.948617931860452E-4,0.0032769051843884894,0.0018898088243743465,0.0010931080123764143,0.0015289611360327733,0.0015949583786211848,0.030008102863585122,0.0029412754840548775,1.415383966674583E-4,0.0019387209229903256,0.0018795174332894768,8.723306047164591E-4,0.002668137661972333,0.005275860178191637,0.0013979522907310265,7.328002903180105E-4,0.0020922733379986065,0.0014085359500030244,1.0,8.754849208092062E-4,0.0014397120843097555,0.002349275316007743,0.0014805026509473716,0.0012871748977154155,0.0012390129962144174,0.0020610004549482088,0.006444989652531189,0.020126949859322906],[1.0462975962340776E-4,1.1264715163879913E-4,2.051060577604256E-4,0.0018931390957831803,4.357504795135538E-5,1.2685544690756685E-4,0.0019816165486384162,0.0016145036413723688,4.7854389588780936E-4,9.184313654117696E-4,3.756390760384084E-4,1.6715804025478756E-4,4.5730127923005576E-4,5.130664551413096E-5,1.9666821608590402E-4,6.337428190771124E-5,1.967143390397015E-4,2.940303696970675E-5,1.6461129323026055E-4,0.0041517687540890864,2.3411219115102881E-4,1.3494170007329612E-4,5.80196836139433E-4,1.2053189070121418E-4,0.020055998490442286,0.002057400171949545,1.225317935660189E-4,1.5221880641946115E-4,0.0010390752522554272,6.51871991239714E-5,4.5089461999011905E-4,7.971474566277061E-4,5.016262494416911E-4,1.6082335293832726E-4,0.001956479121296723,4.8679270072763396E-4,8.754849208092062E-4,1.0,1.3437878728617383E-4,0.0012170416871896158,1.2851798555166765E-4,1.7334346403986313E-4,7.459272148438339E-4,3.678080777015939E-4,0.011799156444176824,0.04591845183541135],[4.449569732748581E-5,1.2068920111539656E-4,2.791943019422397E-4,0.0012906182159418602,1.1885639623711574E-4,1.6133316377307583E-4,0.00767929793330016,0.0016969675954360388,8.219220942446413E-4,2.030394533191252E-4,3.9595857782109595E-4,2.4989587657593E-4,2.441566332598677E-4,1.5500732761809577E-4,1.7942316553098237E-4,1.5909002688836807E-4,1.7105727492978742E-4,1.6395257671258392E-4,1.6459701661246287E-4,0.0074949142142516694,3.235080446938593E-4,1.5950299680012785E-4,9.944154041806896E-4,1.422079427618073E-4,0.0277191211053309,0.004052431750237571,1.3263016395541411E-4,1.6791964628202151E-4,5.635817685058632E-4,1.0897807188777229E-4,0.00159398615031106,0.014584903166806747,2.6790796975854886E-4,1.641157527419267E-4,0.004593150913422325,2.2411386809645105E-4,0.0014397120843097555,1.3437878728617383E-4,1.0,5.737557673731331E-4,1.6438774976722858E-4,1.879503100341051E-4,3.659952306777105E-4,0.0011829166767586769,0.009071893305813572,0.04724349806406319],[2.5285752292549706E-5,0.0015751711348446903,5.621298003005706E-4,0.0023528697056433684,1.0785830277231423E-4,0.002023559513863006,0.004766792666714195,0.0025904644963759,0.0020784913977228286,0.002504907871337902,0.0016639052445705997,9.159639971914916E-4,0.0024688833990644675,0.0012502666548973044,0.0021148029777124343,0.0021466682150621673,0.0015482864779795865,0.001820293921904549,0.0020029106551390243,0.0033833323409723044,0.0011177200751584513,2.5193073360563385E-4,0.002251266978346058,0.0014677846277425803,0.014051822552385051,0.0036781788029636763,0.0015130963194241046,0.002239517501866215,0.0022473704071468074,0.0011866950110062295,0.0029125885652908534,0.007050376309695168,0.0023419531624021047,0.002358657573145456,0.002872883673787382,0.0017519205058646298,0.002349275316007743,0.0012170416871896158,5.737557673731331E-4,1.0,2.3487038919912928E-4,7.045568352062688E-4,0.0017141286362760428,0.002173963418638681,0.004134123794726963,0.07831704297689522],[1.5366142002721112E-4,1.1970217387705095E-4,2.5175306925564366E-4,5.656647797406358E-4,6.870240966840409E-5,1.466301137048595E-4,0.009120573482807218,0.002348048348554691,6.203457281870842E-4,6.931736527528275E-4,2.594125510182073E-4,2.06480780466916E-4,2.773294999545763E-4,1.5217370135079048E-4,2.1468065339337404E-4,9.178648578883499E-5,2.659442702100812E-4,1.298909034220645E-4,1.6734458548332124E-4,5.73840427155378E-4,2.0931967188441854E-4,1.6285797903289748E-4,5.098212288554892E-4,1.6045572672290497E-4,0.010696592991693277,3.8754292110198857E-4,1.3313130267486093E-4,1.7214204769800447E-4,9.531410891362247E-4,5.358885680237536E-5,6.739863904230952E-4,0.004270657552426346,8.035474433400272E-4,1.67343171108555E-4,0.0032656290193834392,7.304905736514522E-4,0.0014805026509473716,1.2851798555166765E-4,1.6438774976722858E-4,2.3487038919912928E-4,1.0,2.0109463935926504E-4,9.944982784658807E-4,4.7364181729926485E-4,0.008375033358599838,0.037084047555463025],[4.06636910312657E-5,1.9462041236904305E-4,2.3385146962642288E-4,2.2966587605167697E-4,2.0115501247164888E-4,1.4553633066703565E-4,0.00450731781910737,0.0021180019265424296,6.437989959680006E-4,0.0011240617685672654,2.822607804213534E-4,2.529138365832778E-4,3.742669183136084E-4,9.310139986930842E-5,2.1976780896966775E-4,4.863105830537158E-5,2.6921615881402044E-4,1.9187455687767573E-4,2.1446065348191482E-4,0.0061437390667054325,3.9575012819607024E-