[[1.0,5.4376671632824805E-5,5.225931952901031E-4,0.004227594073325667,4.950378032605671E-4,0.002911521581828737,0.001707458345579138,1.628228298220763E-4,3.7345162943453586E-4,4.6126901147035965E-4,0.0013553956805400014,5.802003677643796E-4,8.265290258189214E-4,0.0017360449117608731,3.252025543942446E-4,0.008901956615553873,0.005399357138081933,7.978328611877054E-4,1.6265508311789727E-4,6.315860080886248E-4,2.4644108950314586E-4,0.0012008879331353195,4.854117703929744E-5,4.3587421888703165E-4,9.299868225596704E-4,3.9971377803412167E-4,8.329669756356429E-4,9.548992220053647E-4,2.927397120250512E-4,0.0022952862752471806,1.7289057233605884E-4,3.364675608234411E-4,9.90384915687905E-4,7.901524287798344E-4,0.009124526364910405,9.946597667344831E-4,2.3895398880580145E-4,0.0023505266058025144,5.236981007052969E-4,4.6762469315763815E-4,0.0010732100859652907,8.629907840121418E-4,7.439794205607879E-4,8.038844058153163E-4,8.458439331899295E-4,0.0010963657347992342,3.1619779591431606E-4,0.0012317670320045934,0.003217943791709383],[5.4376671632824805E-5,1.0,4.7389255830963595E-5,0.0026578222323439798,8.473430471204283E-5,0.0017173595686137992,0.0011450045491800172,1.1609706482495979E-5,1.1057196758728952E-5,1.2348626780558738E-5,0.0016687628919483202,2.2114972201665682E-4,1.6538626583629816E-4,5.383187101569598E-5,1.0558227162635339E-5,0.013279675057035657,0.013430554437389644,1.0666465737132524E-5,1.2663566344229294E-5,1.0733570018874122E-4,1.303909088808982E-4,0.001939028221154646,1.288264802894686E-5,7.732375072620356E-5,3.340635122509498E-5,2.260524923786091E-5,1.543800595978306E-4,1.7789886982561235E-4,1.3580273514348854E-4,0.00169078350571471,1.4718466803737744E-5,1.103981181065479E-5,4.0065919257306723E-4,8.411003119698703E-5,0.0022235272409309266,2.621928111240634E-5,1.398850602648701E-4,2.2583218566596215E-4,1.5706368903209677E-4,3.0400638560589473E-5,8.739795787158936E-4,1.06620956104619E-5,2.640572196810918E-5,1.0619306187414393E-5,9.116381412713071E-5,0.0017736015105219145,6.383985334154166E-5,6.623725594645305E-4,0.003615262525916878],[5.225931952901031E-4,4.7389255830963595E-5,1.0,4.531504636368632E-4,1.4510795484601015E-4,0.009308020135031788,5.356566556427483E-4,6.0174026923717606E-5,6.902677261197536E-5,1.311685765628095E-5,0.0018245625849637494,1.5143767100935255E-4,1.285602377569883E-4,0.0017124768807899005,1.0547000758452885E-4,0.006967809927317001,0.0021853207293495236,9.206863189266322E-5,6.80525741115692E-5,1.1923483212761671E-4,1.5016916227739274E-4,0.0034986269530484834,8.482003823191563E-5,1.3714926864980722E-4,4.830886841954768E-5,1.0715057144577736E-4,1.3705560959628276E-4,2.7694399979234725E-4,1.300696524092592E-4,0.0017869616233870211,7.138620259646403E-5,2.7550068236876292E-5,2.3150538946655462E-4,1.6582327690291542E-4,0.0025327373292124513,6.430616695072807E-5,1.1667874502219018E-4,4.4961132532849433E-4,2.1050159056739857E-4,1.0097274223969265E-4,4.211586537070282E-4,9.092815261539535E-5,9.234071884105756E-5,3.7187140799272735E-5,1.0735072877395926E-4,0.001768453118567646,1.1229139280267789E-4,0.0011114364500689345,0.0029539377671935394],[0.004227594073325667,0.0026578222323439798,4.531504636368632E-4,1.0,0.0010865726302792152,0.017025067879782294,0.0028506049437054147,0.0033466094221817426,0.004052723583203645,0.0011131482509631901,0.0022290939364716,6.010030896491548E-4,0.004625165838773987,0.0026088609702823026,0.0041742560086768556,0.009927738110474024,0.0107883685299053,0.003761400275354443,0.002429822451650728,0.0018237585802423394,0.002953113634075664,0.003844545414984496,6.481701723473524E-4,0.003553033426231087,0.002349063169979191,0.001471032096584197,0.003772326686249431,0.0022444220609639204,0.0040514975952426376,0.003658856080265083,0.0020982656876469847,2.811938369027803E-4,0.002201832243612333,0.002920426579151848,0.005926230937624494,0.002728938309313829,0.0033786407401184405,0.003170997379399079,0.003259634722311988,0.002369235926775872,0.004063680988953237,0.0032577056534423667,0.004581977071208323,0.0031237774068869086,0.004444816795825974,0.006403115319800043,0.0015055238986645086,0.0045197514463199955,0.00451419075353257],[4.950378032605671E-4,8.473430471204283E-5,1.4510795484601015E-4,0.0010865726302792152,1.0,0.011626865998043563,0.0017773747996504706,2.0723385455731862E-5,8.31625027211745E-5,1.2008505100680602E-4,7.463347442339833E-4,2.05237175861904E-4,1.7584582081590284E-4,0.0016536215717835863,2.720417827562929E-5,0.010337935319847917,0.01075904031223222,1.281156934679204E-4,6.240802718118798E-5,1.749801679396621E-4,2.2759224907846557E-4,5.615503884284588E-4,1.3230986121282086E-4,1.7541006211328942E-4,1.6110538420487778E-4,3.862664627866225E-5,1.9144145190532697E-4,3.6749380676309945E-4,1.6960584062645985E-4,0.0029436773166582175,1.7212291357374267E-4,7.5993128247318E-5,2.582895570637729E-4,1.883139985621531E-4,0.006599705396073127,5.417193724603901E-5,1.6790135628122217E-4,0.0015714222398418166,2.5796546272465045E-4,1.4161856566750192E-4,8.44017923885408E-4,9.169768785678675E-5,7.52597516231298E-5,1.1257457952937677E-4,1.7385127302630625E-4,0.0016859127168377718,1.2979095600179033E-4,3.7777246452175024E-4,0.0022803992944734532],[0.002911521581828737,0.0017173595686137992,0.009308020135031788,0.017025067879782294,0.011626865998043563,1.0,0.008024508562672478,0.01919977108856036,0.003947372708993309,0.011735908754591262,0.009588719623230095,0.009256538289004489,0.019119677611033576,0.014075754466191255,0.0037109866058055636,0.026189216804735092,0.019932543728982705,0.017753553462074852,0.0029147273168637976,0.0014439523784502478,0.016181832557147155,0.015454337603377284,0.002189229738835192,0.00880082548997555,0.0034739451974885706,0.01001461238100255,0.003860284995748796,0.001723536879962294,0.0032517304961572104,0.010335619477552896,0.016421290520997167,0.002852004825248336,0.006631744908422443,0.01271525431312901,0.015885162526815676,0.018116194194881953,0.013174546488350066,0.005761352194762006,0.01885896547134571,0.01776610392342949,0.01905146828202831,0.01849979524446075,0.011584512710955813,0.011118119892855527,0.0014283210242242257,0.011850071406571423,0.0025712662107734326,0.007205402295109911,0.00968834311339695],[0.001707458345579138,0.0011450045491800172,5.356566556427483E-4,0.0028506049437054147,0.0017773747996504706,0.008024508562672478,1.0,9.493602050799519E-4,1.5234317603291021E-4,0.0011312029819653875,0.0020103959485972558,0.0013427677093785955,2.0183917964969192E-4,0.001942231311003615,2.551738943004468E-4,0.02445758836940783,0.003893201227284796,5.167246966408506E-4,0.0014009460265027528,2.2348420779023546E-4,5.876837525800248E-4,0.0035078767371174353,0.0012917495718657867,8.550421758069565E-4,0.0018830196797890645,9.956284195542305E-4,7.449689696939226E-4,0.0018619542580532395,0.0016286442544484194,0.002196248855192051,4.066169470691621E-4,0.0016602668800912515,0.0016045949550006116,0.0015249525633748461,0.009001273133113382,6.308167376917934E-4,0.0014615016730392567,0.0023370797109428226,8.910503192934849E-4,4.300770427375103E-4,0.0012403075047484162,4.800192551922763E-4,0.0016052763294048507,6.295776930887825E-4,0.0017123550955241047,0.0038633931637228284,5.790669079906273E-4,0.002041163239561769,0.00437182282705247],[1.628228298220763E-4,1.1609706482495979E-5,6.0174026923717606E-5,0.0033466094221817426,2.0723385455731862E-5,0.01919977108856036,9.493602050799519E-4,1.0,1.4180785820687984E-5,1.3921020884593233E-5,4.0680902117421353E-4,1.8441757137946296E-4,1.4155349023124367E-4,6.980365028252242E-4,1.8084321057853495E-5,0.009082875558020802,0.008914892222627,1.1251921312377234E-5,1.7912044401361403E-5,3.302341693479412E-5,1.604805724286357E-4,0.0021138953783281307,1.8050291397047136E-5,9.18389134094577E-5,2.6979789865575463E-5,2.1230031207066267E-5,4.988383741413243E-5,6.507070245573069E-4,8.110004832974015E-5,0.002624116386250217,4.059392263518515E-5,1.7368841618358325E-5,1.5877140869034832E-4,6.520619119627379E-5,0.006580079392330168,2.417300386676155E-5,4.3092988336933954E-5,0.002405560343510902,2.3045184973598815E-4,7.124581224781404E-5,5.457546505065424E-4,1.631167431080418E-5,3.75119656758803E-5,1.0820180018031377E-5,6.565129906801406E-5,0.003729256557770953,2.943832646105474E-5,0.0013716175576534975,0.0011569548238599084],[3.7345162943453586E-4,1.1057196758728952E-5,6.902677261197536E-5,0.004052723583203645,8.31625027211745E-5,0.003947372708993309,1.5234317603291021E-4,1.4180785820687984E-5,1.0,1.2499933766490969E-5,0.0010048817555139296,2.3250849712152987E-4,1.7951733538143684E-5,8.604080989105988E-4,1.062383876494242E-5,0.011638121951533863,0.01906456801623747,1.3056294656563604E-5,1.5518383705168136E-5,8.87546948431184E-5,2.2432065097518838E-4,0.0034358863638203696,1.539064774401191E-5,7.75826385083045E-5,1.6166040012172846E-5,2.4938365434164483E-5,1.2663361230347373E-4,2.481400497440729E-4,6.603545667533587E-5,0.0020049644502515875,4.422611001511253E-5,1.4197550478966423E-5,1.5732332266446398E-4,7.948938394794937E-5,0.010957616989973773,2.028895111906966E-5,1.1395123662671497E-4,5.57642614731142E-4,3.018647243294394E-5,5.378454622457028E-5,9.130871027050185E-4,1.2601128600422752E-5,3.740728689544584E-5,1.0854413543611681E-5,5.436571457117651E-5,0.002710770360933741,6.282889430932159E-5,0.001907623390402719,0.002427549933383344],[4.6126901147035965E-4,1.2348626780558738E-5,1.311685765628095E-5,0.0011131482509631901,1.2008505100680602E-4,0.011735908754591262,0.0011312029819653875,1.3921020884593233E-5,1.2499933766490969E-5,1.0,0.0016853174971474705,1.8896988979721997E-4,7.530517026588486E-5,0.001580470607586965,1.1596915538223261E-5,0.006628124641380965,0.013745358225115425,1.1035063038660577E-5,1.683289765746092E-5,1.66204772169547E-5,1.2611498036585824E-4,6.491898459199469E-4,1.3901433218564732E-5,6.276601175322298E-5,3.0041684992643898E-5,2.4002806871708538E-5,5.618951701147371E-5,1.7431764609504243E-4,1.2531035771992487E-4,0.0020049541064474257,5.258064891341845E-5,1.5253290388958469E-5,5.786944262338483E-4,1.5618645864912576E-4,0.008493293927404413,4.6632784361031945E-5,9.339049860856263E-5,0.002313624730193315,1.2029247810850029E-4,7.120773261946554E-5,5.44665402364192E-4,1.1407995607001052E-5,1.4623989892954694E-5,1.1177149807319024E-5,6.753632681279597E-5,0.005902974061829254,3.236355329326886E-5,5.224424040919882E-4,0.0017074912263481423],[0.0013553956805400014,0.0016687628919483202,0.0018245625849637494,0.0022290939364716,7.463347442339833E-4,0.009588719623230095,0.0020103959485972558,4.0680902117421353E-4,0.0010048817555139296,0.0016853174971474705,1.0,0.0014390184643773968,3.730154008169122E-4,0.0020051730859464443,3.7348032904177065E-4,0.007555865962010253,0.009206872563331957,1.6871217512928836E-4,2.8180649112980236E-4,2.004770380431625E-4,2.586349207157983E-4,0.0022476504035582718,0.001616027822420867,0.0012643259470757268,0.0017834908490333152,0.0013845518043603274,2.3484284100637877E-4,0.0015978595515487395,8.434522029658257E-4,0.002795152237732754,0.0017750232856052239,0.0011139723248265742,0.001205856513039939,0.0015722411957180644,0.002082024554955519,9.938548754614201E-4,0.0016386173054970677,0.0023526253537443625,4.579673705915658E-4,0.001026495682838127,0.0018105605166762256,0.0010988422039054301,0.0012315571853812218,0.0019842087143908844,1.2589738312451936E-4,0.004730121111993221,0.0016697021980713348,0.0020539096854372708,0.0037778699562141887],[5.802003677643796E-4,2.2114972201665682E-4,1.5143767100935255E-4,6.010030896491548E-4,2.05237175861904E-4,0.009256538289004489,0.0013427677093785955,1.8441757137946296E-4,2.3250849712152987E-4,1.8896988979721997E-4,0.0014390184643773968,1.0,2.301632073671487E-4,5.809554523516359E-4,1.6788816188923603E-4,0.0023096348631494006,0.009929589000606831,8.31770642453425E-5,1.7548101725703216E-4,2.0062170356027208E-4,2.451472756831586E-4,0.0011365246090572036,1.1681497122919236E-4,2.468012509582741E-4,1.5723706441979528E-4,1.926549890571697E-4,2.169781441996208E-4,6.765601688762956E-4,2.408043081802262E-4,8.969338849329274E-4,1.2278326003396342E-4,1.9107194883168663E-4,5.532518022908221E-4,2.2737128453065737E-4,0.0030903160443004896,6.254023179335809E-5,1.9367987568518773E-4,8.274627742446432E-4,2.645716240420846E-4,1.878536355434282E-4,3.379761309363896E-4,1.509776600420152E-4,8.227673894094876E-5,1.976884360503691E-4,1.6931751676891693E-4,0.0034302447981743684,2.1740792587523957E-4,0.0017156167212007375,0.0034856245899771775],[8.265290258189214E-4,1.6538626583629816E-4,1.285602377569883E-4,0.004625165838773987,1.7584582081590284E-4,0.019119677611033576,2.0183917964969192E-4,1.4155349023124367E-4,1.7951733538143684E-5,7.530517026588486E-5,3.730154008169122E-4,2.301632073671487E-4,1.0,0.0011155369340485545,9.812824112988264E-5,0.008225060805027459,0.001474064661062437,9.095650529219028E-5,6.341161344274836E-5,1.6187238063551104E-4,1.8177778772950165E-4,0.0013934234023934716,1.3623579021658735E-4,1.6569965808520924E-4,1.097089242216245E-4,5.8209181132995706E-5,1.9849895027180338E-4,1.893631528467433E-4,1.4782829800306306E-4,0.0011587635926320415,1.233769247029748E-4,1.6151218267568778E-4,2.3669138663700922E-4,1.9103312673936739E-4,0.003510117359877856,1.2216103664479378E-4,1.6089268805520078E-4,0.0016964302429433862,2.552024317104457E-4,1.2100037804313608E-4,5.963282326241882E-4,2.2915667269972526E-5,1.2104690289002743E-4,3.2637341620204706E-5,1.272537294012376E-4,0.00420207758365098,1.438984423637026E-4,6.230108684134093E-4,0.0015930099515086844],[0.0017360449117608731,5.383187101569598E-5,0.0017124768807899005,0.0026088609702823026,0.0016536215717835863,0.014075754466191255,0.001942231311003615,6.980365028252242E-4,8.604080989105988E-4,0.001580470607586965,0.0020051730859464443,5.809554523516359E-4,0.0011155369340485545,1.0,0.0016635012967763005,0.005976464954821178,0.021712804557691333,0.0016711555402696395,9.207427161405877E-4,0.0014231861429742881,8.238650543071976E-4,0.002401627155370046,5.955631035799715E-4,5.25671934598624E-4,0.0011595789117187303,8.825491306686931E-4,0.00170540322095833,0.001466420591909678,5.023916691122949E-4,0.0025879563836056652,0.0017536810415227375,1.4287781314877354E-4,0.0017012872072377592,5.735801800111896E-4,0.006973917863519174,1.7417959441305112E-4,7.087979636954326E-4,0.002177898986861933,8.396192075675426E-4,0.0011272263351995682,0.0012878029242599973,1.565565850689082E-4,0.001278953110366174,0.0016779316853836226,8.024016828936133E-4,0.0030821686447559393,0.0012677845518855489,0.0018995641478706492,0.0036710489395360025],[3.252025543942446E-4,1.0558227162635339E-5,1.0547000758452885E-4,0.0041742560086768556,2.720417827562929E-5,0.0037109866058055636,2.551738943004468E-4,1.8084321057853495E-5,1.062383876494242E-5,1.1596915538223261E-5,3.7348032904177065E-4,1.6788816188923603E-4,9.812824112988264E-5,0.0016635012967763005,1.0,0.013075387791122786,9.075491452689896E-5,1.057591413837489E-5,1.1866995037079716E-5,1.343909845042207E-4,1.6056392102129872E-5,6.119470308096708E-4,1.2955960654953801E-5,4.330066455309805E-5,2.0763139259700347E-5,2.5067594737318573E-5,1.0814238653653987E-4,1.234852022458952E-4,3.6999262138200845E-5,0.0011692981295646884,6.267739491510081E-5,1.4366734353251974E-5,3.9593279748438445E-4,3.240896674283382E-5,0.003596904030785052,2.354671762581887E-5,7.712008363541827E-5,0.001315613745388896,3.28790206105635E-5,1.9863034738921154E-5,2.492136097869137E-4,1.0641710014468403E-5,3.712511038343441E-5,1.0591496965507453E-5,6.723211230152115E-5,0.001056072104866035,1.0444907406668444E-4,3.263321369420166E-4,0.002696736523618173],[0.008901956615553873,0.013279675057035657,0.006967809927317001,0.009927738110474024,0.010337935319847917,0.026189216804735092,0.02445758836940783,0.009082875558020802,0.011638121951533863,0.006628124641380965,0.007555865962010253,0.0023096348631494006,0.008225060805027459,0.005976464954821178,0.013075387791122786,1.0,0.0227242031525242,0.007640660057304774,0.007842331086816062,0.012023975639542004,0.0064854649086101,0.007029999406858832,0.024667617978266318,0.012329331862145182,0.021324779851509663,0.017193122597028137,0.008773314320016833,0.022572475823454126,0.01190662645734689,0.019602107674854187,0.023952509176689063,0.006678120252454412,0.011670391074133948,0.009483969286265631,0.015379354313906489,0.009002422734538688,0.0062753107675660455,0.021817351706942392,0.006851976198317334,0.014562498974375532,0.019517983412290437,0.01553459550642054,0.02451563320396689,0.0036487871030299623,0.015145168350793405,0.01653349079435745,0.003170674676360286,0.023232113228575747,0.01595725209163661],[0.005399357138081933,0.013430554437389644,0.0021853207293495236,0.0107883685299053,0.01075904031223222,0.019932543728982705,0.003893201227284796,0.008914892222627,0.01906456801623747,0.013745358225115425,0.009206872563331957,0.009929589000606831,0.001474064661062437,0.021712804557691333,9.075491452689896E-5,0.0227242031525242,1.0,0.004548607472317532,0.010021187270670457,0.012507559804179653,0.01490230344469023,0.009038306418161772,0.004064820320393453,0.0029262178169062337,0.014308568379579193,0.017874733256545264,0.01883684347254538,0.011210709053057617,0.008067335821724968,0.00959024250672677,0.008068341813227289,0.012473799182521648,0.018849913890048867,0.009264491512920003,0.019178889420907293,0.01708841691002916,0.007082253587221047,0.006462255266859163,0.016172185736675837,0.003121048082492035,0.018182580360151867,0.004743029268056838,0.015693780619495893,0.013695565313399079,0.004127222696333942,0.010809058864038282,0.02139716464281016,0.013227613933929124,0.015287544599732562],[7.978328611877054E-4,1.0666465737132524E-5,9.206863189266322E-5,0.003761400275354443,1.281156934679204E-4,0.017753553462074852,5.167246966408506E-4,1.1251921312377234E-5,1.3056294656563604E-5,1.1035063038660577E-5,1.6871217512928836E-4,8.31770642453425E-5,9.095650529219028E-5,0.0016711555402696395,1.057591413837489E-5,0.007640660057304774,0.004548607472317532,1.0,1.1929525298173853E-5,1.2900049310744826E-4,9.912646401028927E-5,9.560392339675012E-4,1.2522867894337376E-5,1.3309261865542883E-4,2.0090579374105592E-5,1.6249862599517927E-5,1.2753437090273043E-4,4.5968487713016177E-4,4.609899650390011E-5,0.0013928402820973416,5.43130204835554E-5,1.1875992247251808E-5,1.1461803703112499E-4,5.68357713205033E-5,0.009106191301286318,1.8266547378403872E-5,1.369197360939768E-4,7.926040213090611E-4,1.697200631193419E-5,4.338044736165798E-5,1.163020705551133E-4,1.068402211831752E-5,3.117455820012329E-5,1.0701630611693355E-5,7.663532475734398E-5,0.006960464284225331,9.361208450295738E-5,5.761618732751109E-4,3.911017581440405E-5],[1.6265508311789727E-4,1.2663566344229294E-5,6.80525741115692E-5,0.002429822451650728,6.240802718118798E-5,0.0029147273168637976,0.0014009460265027528,1.7912044401361403E-5,1.5518383705168136E-5,1.683289765746092E-5,2.8180649112980236E-4,1.7548101725703216E-4,6.341161344274836E-5,9.207427161405877E-4,1.1866995037079716E-5,0.007842331086816062,0.010021187270670457,1.1929525298173853E-5,1.0,1.462108472214895E-4,1.3615149877892148E-4,1.8801724349168397E-4,1.7105087376821283E-5,9.505902459050243E-5,2.8552422940674213E-5,2.8085401780307673E-5,1.5006768042598274E-4,5.367769127532897E-4,9.783552318863083E-5,0.002406454019294844,4.496398844232797E-5,1.5663262689720015E-5,5.114817142123048E-4,1.6372004035495428E-4,0.007562843643923978,3.649561774512502E-5,1.2411565233435773E-4,0.00237821225264871,2.561237199769039E-4,1.988803121456286E-5,1.8607671408189968E-4,1.3490909870311162E-5,3.7326064744746E-5,1.4529700231696309E-5,8.30429570270512E-5,0.007004334654742553,2.793704426251139E-5,6.397981644368453E-4,0.003260560454275879],[6.315860080886248E-4,1.0733570018874122E-4,1.1923483212761671E-4,0.0018237585802423394,1.749801679396621E-4,0.0014439523784502478,2.2348420779023546E-4,3.302341693479412E-5,8.87546948431184E-5,1.66204772169547E-5,2.004770380431625E-4,2.0062170356027208E-4,1.6187238063551104E-4,0.0014231861429742881,1.343909845042207E-4,0.012023975639542004,0.012507559804179653,1.2900049310744826E-4,1.462108472214895E-4,1.0,2.045939609386633E-4,0.0035635027969891835,8.366262158628837E-5,1.443522602191411E-4,1.24891124516642E-4,6.470428126048323E-5,1.8691318320833742E-4,3.292205791158324E-4,1.5735962384668358E-4,0.0023400491585455815,1.5120847424172166E-4,5.239620538003208E-5,4.477682235337331E-4,1.8626767603291503E-4,0.009162083026512243,1.0114774642490317E-4,1.5461445580853067E-4,0.0013773176144039987,2.0974288783969305E-4,9.212097831628564E-5,9.251169289583426E-4,1.2190414923026083E-4,4.89014352468909E-5,1.5478137222872386E-4,1.0790258787083575E-4,0.0010726441635771754,1.2344764026814842E-4,0.0014872571806255972,0.002554789955264046],[2.4644108950314586E-4,1.303909088808982E-4,1.5016916227739274E-4,0.002953113634075664,2.2759224907846557E-4,0.016181832557147155,5.876837525800248E-4,1.604805724286357E-4,2.2432065097518838E-4,1.2611498036585824E-4,2.586349207157983E-4,2.451472756831586E-4,1.8177778772950165E-4,8.238650543071976E-4,1.6056392102129872E-5,0.0064854649086101,0.01490230344469023,9.912646401028927E-5,1.3615149877892148E-4,2.045939609386633E-4,1.0,0.0024165917063264917,2.163485006030737E-4,2.2987873269309775E-4,1.0913932336586895E-4,1.769485767875834E-4,2.1078365622014968E-4,2.79549665524939E-4,1.6281689934588605E-4,0.0030089902533478406,7.884965753374328E-5,1.652832719402465E-4,5.576755980678652E-4,2.1641284345793072E-4,0.004374814220915718,1.0634800610892824E-4,2.1771387238564237E-4,8.125240227172829E-4,2.6438888321785536E-4,1.017973263557938E-4,6.854798921444426E-4,5.3722329199483115E-5,2.2284222892654683E-4,1.1275568792278612E-4,1.567483000511353E-4,0.0045332724332993336,1.9851163268498297E-4,0.0016889528693842225,0.0011167053980590826],[0.0012008879331353195,0.001939028221154646,0.0034986269530484834,0.003844545414984496,5.615503884284588E-4,0.015454337603377284,0.0035078767371174353,0.0021138953783281307,0.0034358863638203696,6.491898459199469E-4,0.0022476504035582718,0.0011365246090572036,0.0013934234023934716,0.002401627155370046,6.119470308096708E-4,0.007029999406858832,0.009038306418161772,9.560392339675012E-4,1.8801724349168397E-4,0.0035635027969891835,0.0024165917063264917,1.0,5.1046850550887926E-5,0.0028982085228304606,0.0021825131031848184,0.003501551064627589,0.0014756814742782104,0.0015959472288247338,3.768021380144472E-4,0.0034763136045612326,0.003338936273237843,0.0019576052224630994,0.001634341715522408,0.0032752756045131086,0.010461862069387418,0.002308996195546384,0.002267597569699154,0.002836445157485963,0.0017990550481293652,0.0022851359050218376,0.002429001847396095,0.003373214480702286,6.253191513558385E-4,0.002919310070304365,0.0023745405948380574,0.006129149135256853,0.0017807388615133325,0.002406806880373916,0.003621252652036594],[4.854117703929744E-5,1.288264802894686E-5,8.482003823191563E-5,6.481701723473524E-4,1.3230986121282086E-4,0.002189229738835192,0.0012917495718657867,1.8050291397047136E-5,1.539064774401191E-5,1.3901433218564732E-5,0.001616027822420867,1.1681497122919236E-4,1.3623579021658735E-4,5.955631035799715E-4,1.2955960654953801E-5,0.024667617978266318,0.004064820320393453,1.2522867894337376E-5,1.7105087376821283E-5,8.366262158628837E-5,2.163485006030737E-4,5.1046850550887926E-5,1.0,1.1848163422136033E-4,1.8831788421893276E-5,2.8607857848954692E-5,1.5892085411905858E-4,2.3215021544792678E-4,8.252752081110735E-5,7.247834367622286E-5,4.390178087880477E-5,1.6723613466065133E-5,7.727237155355629E-5,1.2913890488630453E-4,0.009683083403453226,4.316850805738428E-5,1.1446170419232015E-4,0.0012574909311997863,1.9964581951350922E-4,5.117509007651944E-5,8.16103627147261E-4,1.1678603523210488E-5,2.4989105264508543E-5,1.1139660262809478E-5,7.683616047715505E-5,0.004496384987049716,2.341502155475193E-5,0.001937175155124332,0.002318274041665067],[4.3587421888703165E-4,7.732375072620356E-5,1.3714926864980722E-4,0.003553033426231087,1.7541006211328942E-4,0.00880082548997555,8.550421758069565E-4,9.18389134094577E-5,7.75826385083045E-5,6.276601175322298E-5,0.0012643259470757268,2.468012509582741E-4,1.6569965808520924E-4,5.25671934598624E-4,4.330066455309805E-5,0.012329331862145182,0.0029262178169062337,1.3309261865542883E-4,9.505902459050243E-5,1.443522602191411E-4,2.2987873269309775E-4,0.0028982085228304606,1.1848163422136033E-4,1.0,4.836947823441778E-5,4.839385914781052E-5,1.981675542658664E-4,3.0804163175750915E-4,1.386723341848869E-4,0.0027876896014535986,7.655900388172854E-5,1.3264348297834584E-4,3.308871994281231E-4,1.893846863297474E-4,0.006605470485084727,7.997939573299034E-5,1.400806647259182E-4,6.887583118541258E-4,2.3600286332656884E-4,8.659435628830882E-5,3.592269389155528E-4,1.1538784859798797E-4,1.323742911355965E-4,1.5980162078351553E-5,1.3041752631127033E-4,0.003377081751135547,1.1664432395994847E-4,5.127714013567497E-4,1.9410540554861777E-4],[9.299868225596704E-4,3.340635122509498E-5,4.830886841954768E-5,0.002349063169979191,1.6110538420487778E-4,0.0034739451974885706,0.0018830196797890645,2.6979789865575463E-5,1.6166040012172846E-5,3.0041684992643898E-5,0.0017834908490333152,1.5723706441979528E-4,1.097089242216245E-4,0.0011595789117187303,2.0763139259700347E-5,0.021324779851509663,0.014308568379579193,2.0090579374105592E-5,2.8552422940674213E-5,1.24891124516642E-4,1.0913932336586895E-4,0.0021825131031848184,1.8831788421893276E-5,4.836947823441778E-5,1.0,3.2987570863292E-5,7.337165148160331E-5,6.97470324784055E-4,9.303931969593585E-5,0.0029830184975014524,4.312817775896744E-5,2.1380121278974434E-5,2.996304938474605E-4,9.015630354787126E-5,0.008416372064077854,3.9326949405076314E-5,3.792736440657714E-5,2.1130106798323195E-4,1.6032346942488116E-4,7.651544383463534E-5,3.2062172490776483E-4,1.695527707939313E-5,3.87041636386256E-5,2.5076964936386513E-5,7.522321989306084E-5,0.006209663545097206,6.405756210758094E-5,4.961878354758449E-4,5.066449705388384E-4],[3.9971377803412167E-4,2.260524923786091E-5,1.0715057144577736E-4,0.001471032096584197,3.862664627866225E-5,0.01001461238100255,9.956284195542305E-4,2.1230031207066267E-5,2.4938365434164483E-5,2.4002806871708538E-5,0.0013845518043603274,1.926549890571697E-4,5.8209181132995706E-5,8.825491306686931E-4,2.5067594737318573E-5,0.017193122597028137,0.017874733256545264,1.6249862599517927E-5,2.8085401780307673E-5,6.470428126048323E-5,1.769485767875834E-4,0.003501551064627589,2.8607857848954692E-5,4.839385914781052E-5,3.2987570863292E-5,1.0,1.4312365020194086E-4,2.8990351214222077E-4,1.1206441119753505E-4,0.00297887053770555,6.117725797760534E-5,2.4535807838458235E-5,5.376040249410042E-4,1.7077300160407293E-4,0.006939221625007075,3.2357820396199084E-5,7.242103152888309E-5,0.0018049306085443839,9.137023809171154E-5,7.416638441653739E-5,6.716609108534043E-4,2.7072532805441247E-5,4.009716524837777E-5,1.1709168819779949E-5,7.746657801235453E-5,9.382499817353379E-4,3.558829721050075E-5,0.0010163634345258376,9.429761447987205E-4],[8.329669756356429E-4,1.543800595978306E-4,1.3705560959628276E-4,0.003772326686249431,1.9144145190532697E-4,0.003860284995748796,7.449689696939226E-4,4.988383741413243E-5,1.2663361230347373E-4,5.618951701147371E-5,2.3484284100637877E-4,2.169781441996208E-4,1.9849895027180338E-4,0.00170540322095833,1.0814238653653987E-4,0.008773314320016833,0.01883684347254538,1.2753437090273043E-4,1.5006768042598274E-4,1.8691318320833742E-4,2.1078365622014968E-4,0.0014756814742782104,1.5892085411905858E-4,1.981675542658664E-4,7.337165148160331E-5,1.4312365020194086E-4,1.0,4.511013026193975E-4,1.942901004346175E-4,0.0025921563744779985,1.0182975229845357E-4,1.3399018314478483E-4,2.85856065756102E-4,2.0284459706827791E-4,0.009130949536192659,4.9184492908937626E-5,1.5322357213687726E-4,6.642583263412993E-4,2.8294298271661897E-4,1.5328170892784054E-4,8.613785988563412E-4,3.1190517089431824E-5,5.826656182516448E-5,1.0864683597530686E-4,1.9341025544357832E-4,0.005047805430923766,1.3392527294945366E-4,0.0018523634312646118,0.001093588970350417],[9.548992220053647E-4,1.7789886982561235E-4,2.7694399979234725E-4,0.0022444220609639204,3.6749380676309945E-4,0.001723536879962294,0.0018619542580532395,6.507070245573069E-4,2.481400497440729E-4,1.7431764609504243E-4,0.0015978595515487395,6.765601688762956E-4,1.893631528467433E-4,0.001466420591909678,1.234852022458952E-4,0.022572475823454126,0.011210709053057617,4.5968487713016177E-4,5.367769127532897E-4,3.292205791158324E-4,2.79549665524939E-4,0.0015959472288247338,2.3215021544792678E-4,3.0804163175750915E-4,6.97470324784055E-4,2.8990351214222077E-4,4.511013026193975E-4,1.0,6.707848153862626E-4,0.0030276115996273867,3.021660913373616E-4,4.6956075041387985E-4,6.157296578282715E-4,2.9917397712529394E-4,0.007203263724319037,5.236744066696071E-4,3.5670864375132445E-4,0.0013565423394821968,5.720670368932376E-4,9.924611645323421E-5,7.432309283403526E-4,2.6340024267239407E-4,1.8280311759263655E-4,6.301416173066655E-4,1.1204398854536016E-4,0.004153359005395051,3.0521171806529424E-4,0.0013619825301482555,0.003385996385058422],[2.927397120250512E-4,1.3580273514348854E-4,1.300696524092592E-4,0.0040514975952426376,1.6960584062645985E-4,0.0032517304961572104,0.0016286442544484194,8.110004832974015E-5,6.603545667533587E-5,1.2531035771992487E-4,8.434522029658257E-4,2.408043081802262E-4,1.4782829800306306E-4,5.023916691122949E-4,3.6999262138200845E-5,0.01190662645734689,0.008067335821724968,4.609899650390011E-5,9.783552318863083E-5,1.5735962384668358E-4,1.6281689934588605E-4,3.768021380144472E-4,8.252752081110735E-5,1.386723341848869E-4,9.303931969593585E-5,1.1206441119753505E-4,1.942901004346175E-4,6.707848153862626E-4,1.0,0.001518823218501514,1.3046726754884928E-4,8.804156625855867E-5,4.6575150848107434E-4,1.9353105207746795E-4,0.0034878351129423607,1.3566912993899835E-4,1.4864386076235495E-4,2.514266429892835E-4,2.3330150849650895E-4,1.2498263216564922E-4,6.262077651663198E-4,9.436222609901314E-5,1.2240876185396648E-4,9.567375329145103E-5,1.0812987462611092E-4,0.003141821807572886,1.1635923533199562E-4,2.6994503028826707E-4,0.0029613919516054757],[0.0022952862752471806,0.00169078350571471,0.0017869616233870211,0.003658856080265083,0.0029436773166582175,0.010335619477552896,0.002196248855192051,0.002624116386250217,0.0020049644502515875,0.0020049541064474257,0.002795152237732754,8.969338849329274E-4,0.0011587635926320415,0.0025879563836056652,0.0011692981295646884,0.019602107674854187,0.00959024250672677,0.0013928402820973416,0.002406454019294844,0.0023400491585455815,0.0030089902533478406,0.0034763136045612326,7.247834367622286E-5,0.0027876896014535986,0.0029830184975014524,0.00297887053770555,0.0025921563744779985,0.0030276115996273867,0.001518823218501514,1.0,0.0015580782163144803,0.001161990105873686,0.002599059916940653,0.0022908909396420016,0.01017301942008584,0.0024466528439825498,0.0031310001820743583,0.0027850489669107386,0.0028208451513010474,0.0025838016715870097,0.0015561748765514235,0.001011590333725758,0.0016831163364057948,0.0026376294595972616,0.0012800065549767562,0.005913523313393241,8.952570973265844E-4,0.002513614747391836,0.0034678407443504626],[1.7289057233605884E-4,1.4718466803737744E-5,7.138620259646403E-5,0.0020982656876469847,1.7212291357374267E-4,0.016421290520997167,4.066169470691621E-4,4.059392263518515E-5,4.422611001511253E-5,5.258064891341845E-5,0.0017750232856052239,1.2278326003396342E-4,1.233769247029748E-4,0.0017536810415227375,6.267739491510081E-5,0.023952509176689063,0.008068341813227289,5.43130204835554E-5,4.496398844232797E-5,1.5120847424172166E-4,7.884965753374328E-5,0.003338936273237843,4.390178087880477E-5,7.655900388172854E-5,4.312817775896744E-5,6.117725797760534E-5,1.0182975229845357E-4,3.021660913373616E-4,1.3046726754884928E-4,0.0015580782163144803,1.0,5.604810493672529E-5,1.0641808951957944E-4,9.669086568951261E-5,0.002496409056061402,5.625022738121735E-5,7.385390342203011E-5,0.0023722604399942235,1.6251473269566607E-4,6.646185736400607E-5,6.224453372436731E-4,5.9447055001433944E-5,6.498657988625477E-5,6.19241354846218E-5,9.615421594318045E-5,0.004036949536700957,1.1219630102133516E-4,2.654780806701569E-4,0.003077760477731551],[3.364675608234411E-4,1.103981181065479E-5,2.7550068236876292E-5,2.811938369027803E-4,7.5993128247318E-5,0.002852004825248336,0.0016602668800912515,1.7368841618358325E-5,1.4197550478966423E-5,1.5253290388958469E-5,0.0011139723248265742,1.9107194883168663E-4,1.6151218267568778E-4,1.4287781314877354E-4,1.4366734353251974E-5,0.006678120252454412,0.012473799182521648,1.1875992247251808E-5,1.5663262689720015E-5,5.239620538003208E-5,1.652832719402465E-4,0.0019576052224630994,1.6723613466065133E-5,1.3264348297834584E-4,2.1380121278974434E-5,2.4535807838458235E-5,1.3399018314478483E-4,4.6956075041387985E-4,8.804156625855867E-5,0.001161990105873686,5.604810493672529E-5,1.0,6.631380062789384E-5,1.9348471501486088E-4,0.004992581844493118,2.2007653254185454E-5,1.2916259678288298E-4,0.0022559683752524868,2.3729857502714853E-4,7.290258097588992E-5,7.446017112642622E-4,1.1474300507993322E-5,3.226821639297248E-5,1.4080577577177541E-5,6.653449236626175E-5,0.0011195168253337478,4.1495722444400996E-5,9.448269568460249E-4,0.002362806669229871],[9.90384915687905E-4,4.0065919257306723E-4,2.3150538946655462E-4,0.002201832243612333,2.582895570637729E-4,0.006631744908422443,0.0016045949550006116,1.5877140869034832E-4,1.5732332266446398E-4,5.786944262338483E-4,0.001205856513039939,5.532518022908221E-4,2.3669138663700922E-4,0.0017012872072377592,3.9593279748438445E-4,0.011670391074133948,0.018849913890048867,1.1461803703112499E-4,5.114817142123048E-4,4.477682235337331E-4,5.576755980678652E-4,0.001634341715522408,7.727237155355629E-5,3.308871994281231E-4,2.996304938474605E-4,5.376040249410042E-4,2.85856065756102E-4,6.157296578282715E-4,4.6575150848107434E-4,0.002599059916940653,1.0641808951957944E-4,6.631380062789384E-5,1.0,2.5851937409413975E-4,0.002616286087408081,3.148589247602081E-4,1.738282144735645E-4,0.0021993023812444923,3.040959108263837E-4,5.666522388017679E-4,8.658813979283463E-4,2.5744666745784295E-5,5.324729923356288E-4,4.977083784921887E-4,3.6766821934921157E-4,0.006419631160453575,5.29850147358545E-4,0.0013718889071729391,0.0021893020389888904],[7.901524287798344E-4,8.411003119698703E-5,1.6582327690291542E-4,0.002920426579151848,1.883139985621531E-4,0.01271525431312901,0.0015249525633748461,6.520619119627379E-5,7.948938394794937E-5,1.5618645864912576E-4,0.0015722411957180644,2.2737128453065737E-4,1.9103312673936739E-4,5.735801800111896E-4,3.240896674283382E-5,0.009483969286265631,0.009264491512920003,5.68357713205033E-5,1.6372004035495428E-4,1.8626767603291503E-4,2.1641284345793072E-4,0.0032752756045131086,1.2913890488630453E-4,1.893846863297474E-4,9.015630354787126E-5,1.7077300160407293E-4,2.0284459706827791E-4,2.9917397712529394E-4,1.9353105207746795E-4,0.0022908909396420016,9.669086568951261E-5,1.9348471501486088E-4,2.5851937409413975E-4,1.0,0.007712265794429504,5.946977500112725E-5,1.9660826814980664E-4,0.0018445689447174902,2.8415050694752725E-4,1.636836095658927E-4,2.9159636862004885E-4,1.636849348762428E-4,1.808512559615538E-4,1.5416630118334683E-4,1.0710955336644576E-4,6.580650146838726E-4,1.2218729524648934E-4,0.0010848580908619356,0.002588398450580392],[0.009124526364910405,0.0022235272409309266,0.0025327373292124513,0.005926230937624494,0.006599705396073127,0.015885162526815676,0.009001273133113382,0.006580079392330168,0.010957616989973773,0.008493293927404413,0.002082024554955519,0.0030903160443004896,0.003510117359877856,0.006973917863519174,0.003596904030785052,0.015379354313906489,0.019178889420907293,0.009106191301286318,0.007562843643923978,0.009162083026512243,0.004374814220915718,0.010461862069387418,0.009683083403453226,0.006605470485084727,0.008416372064077854,0.006939221625007075,0.009130949536192659,0.007203263724319037,0.0034878351129423607,0.01017301942008584,0.002496409056061402,0.004992581844493118,0.002616286087408081,0.007712265794429504,1.0,0.0024155539611278557,0.008055834812226943,0.010675158819579669,0.004821554397452809,0.0038167156823215214,0.00276410932769081,0.006533125459915381,0.003754477339739844,0.0021159938531020352,0.001495684620372648,0.009932926580541235,0.0018540157165543266,0.010090702574877087,0.0055254178337124805],[9.946597667344831E-4,2.621928111240634E-5,6.430616695072807E-5,0.002728938309313829,5.417193724603901E-5,0.018116194194881953,6.308167376917934E-4,2.417300386676155E-5,2.028895111906966E-5,4.6632784361031945E-5,9.938548754614201E-4,6.254023179335809E-5,1.2216103664479378E-4,1.7417959441305112E-4,2.354671762581887E-5,0.009002422734538688,0.01708841691002916,1.8266547378403872E-5,3.649561774512502E-5,1.0114774642490317E-4,1.0634800610892824E-4,0.002308996195546384,4.316850805738428E-5,7.997939573299034E-5,3.9326949405076314E-5,3.2357820396199084E-5,4.9184492908937626E-5,5.236744066696071E-4,1.3566912993899835E-4,0.0024466528439825498,5.625022738121735E-5,2.2007653254185454E-5,3.148589247602081E-4,5.946977500112725E-5,0.0024155539611278557,1.0,1.3926804672220147E-4,0.0018604745825714182,2.3155868062518429E-4,6.955103311119952E-5,4.123242038148389E-4,2.0854453319267558E-5,4.32771855251528E-5,3.126531655244916E-5,1.0079293483985774E-4,0.006040757086493172,6.403422571558362E-5,0.0018203028688602515,2.809188567690011E-4],[2.3895398880580145E-4,1.398850602648701E-4,1.1667874502219018E-4,0.0033786407401184405,1.6790135628122217E-4,0.013174546488350066,0.0014615016730392567,4.3092988336933954E-5,1.1395123662671497E-4,9.339049860856263E-5,0.0016386173054970677,1.9367987568518773E-4,1.6089268805520078E-4,7.087979636954326E-4,7.712008363541827E-5,0.0062753107675660455,0.007082253587221047,1.369197360939768E-4,1.2411565233435773E-4,1.5461445580853067E-4,2.1771387238564237E-4,0.002267597569699154,1.1446170419232015E-4,1.400806647259182E-4,3.792736440657714E-5,7.242103152888309E-5,1.5322357213687726E-4,3.5670864375132445E-4,1.4864386076235495E-4,0.0031310001820743583,7.385390342203011E-5,1.2916259678288298E-4,1.738282144735645E-4,1.9660826814980664E-4,0.008055834812226943,1.3926804672220147E-4,1.0,0.0012835922694314564,2.790595089990669E-4,8.619406958888036E-5,4.1504823506812154E-4,8.43295639017799E-5,7.823155936398618E-5,2.4058860378085633E-5,1.3350079159750358E-4,0.0025220166183799937,1.4609676973363937E-4,0.0016499892431390453,3.017682473137542E-4],[0.0023505266058025144,2.2583218566596215E-4,4.4961132532849433E-4,0.003170997379399079,0.0015714222398418166,0.005761352194762006,0.0023370797109428226,0.002405560343510902,5.57642614731142E-4,0.002313624730193315,0.0023526253537443625,8.274627742446432E-4,0.0016964302429433862,0.002177898986861933,0.001315613745388896,0.021817351706942392,0.006462255266859163,7.926040213090611E-4,0.00237821225264871,0.0013773176144039987,8.125240227172829E-4,0.002836445157485963,0.0012574909311997863,6.887583118541258E-4,2.1130106798323195E-4,0.0018049306085443839,6.642583263412993E-4,0.0013565423394821968,2.514266429892835E-4,0.0027850489669107386,0.0023722604399942235,0.0022559683752524868,0.0021993023812444923,0.0018445689447174902,0.010675158819579669,0.0018604745825714182,0.0012835922694314564,1.0,0.0015904407158241665,0.001318092589748629,0.002043038175900571,0.0014428030969460214,0.0015278286331030452,0.0023064214193624618,0.001470966854344091,0.005362171155210368,0.0020241041727871805,0.002289019456352178,0.004390905945496985],[5.236981007052969E-4,1.5706368903209677E-4,2.1050159056739857E-4,0.003259634722311988,2.5796546272465045E-4,0.01885896547134571,8.910503192934849E-4,2.3045184973598815E-4,3.018647243294394E-5,1.2029247810850029E-4,4.579673705915658E-4,2.645716240420846E-4,2.552024317104457E-4,8.396192075675426E-4,3.28790206105635E-5,0.006851976198317334,0.016172185736675837,1.697200631193419E-5,2.561237199769039E-4,2.0974288783969305E-4,2.6438888321785536E-4,0.0017990550481293652,1.9964581951350922E-4,2.3600286332656884E-4,1.6032346942488116E-4,9.137023809171154E-5,2.8294298271661897E-4,5.720670368932376E-4,2.3330150849650895E-4,0.0028208451513010474,1.6251473269566607E-4,2.3729857502714853E-4,3.040959108263837E-4,2.8415050694752725E-4,0.004821554397452809,2.3155868062518429E-4,2.79059