[[1.0,8.602981900646536E-5,0.001228648479941391,6.376077823877057E-4,4.208315909442263E-4,1.41417635112654E-4,1.1360563344183698E-4,4.179903047599095E-5,0.0016318843692870303,1.0164652176642197E-4,2.2132385376079387E-5,1.1070250924726717E-4,3.128716728607731E-4,0.014832507629904233,1.050007011286742E-4,1.0975905004354539E-4,4.640585409799063E-5,0.0019443613998525438,1.242457047833693E-4,0.0015341404793666894,0.0010933988174974727,4.0773251822073895E-4,0.012515969307943542,0.0026493117089838774,1.7559335363607857E-4,0.0012930413569783856,1.124587102343203E-4,1.5558897295845305E-4,0.050106931109369986,1.0688969695885447E-4,8.852392087683664E-5,1.3296428019054273E-4,3.8056907601471886E-5,0.003788009430240373,2.44523389358121E-4,0.025153381229277808,8.945159852205068E-5,0.002587183194573177,1.0432766122940368E-4,0.0017393248457038715,7.599401257533649E-5,7.358567144242177E-5,0.0028366171026487047,1.395072874629743E-4,1.1046746777402581E-4,0.012254973761357865,0.0013593265061961723,2.8042414995127306E-4],[8.602981900646536E-5,1.0,0.002032681585777086,0.0035049739215785086,3.4735729157346325E-4,4.7427285919116527E-5,9.278997281683147E-5,1.7606460314835555E-5,0.002028854831783833,1.743144209338426E-5,1.4245977122702896E-5,7.408304710371401E-5,2.0910518163058566E-4,0.002738940173297915,4.684660786162554E-5,1.289756447336229E-4,2.215152408655478E-5,0.0019853635289611535,1.853080952460331E-5,0.0026855371057036494,0.0010875048987625425,1.0392392168300052E-4,0.019267833804522398,4.6773979316375093E-4,3.114754430777947E-5,0.0013050950057893272,1.5007025117532314E-4,8.700882355887681E-4,0.043802508466426866,5.376434177048363E-5,1.5351533864594123E-5,7.326247368756333E-5,1.5276677010130723E-5,0.003642842075634161,4.0719607546181043E-4,0.018786705463767043,1.9572455394848525E-5,0.002143092807358782,1.0453738940707191E-4,0.001957840621378022,1.4695195728052151E-5,1.9016361535414665E-5,0.002803060609436467,1.3848632076153317E-4,5.90394751613327E-5,0.025169362626959756,4.021462503725331E-4,2.5943451860727747E-4],[0.001228648479941391,0.002032681585777086,1.0,0.003086550605731805,0.0019111781046806916,7.699527325854441E-4,0.001607908863260779,0.0017383526572840272,0.0025746031310020165,0.0010955807845756664,0.0013830357012006706,0.0012328106627281126,0.0013785206550256308,0.010819250786591177,0.001507061691839735,0.0013276064008726101,0.002180123221225561,0.002544000396581027,0.0022330207593842283,0.0031884603990695805,0.0020220628542881305,0.001049710733199835,0.013248025877173508,0.0027634248024733564,0.0020897336042512366,0.0016562639454624653,0.0017769231436390327,0.0019516100946775027,0.05831608928344135,0.0010740600388192433,0.002211210350227704,0.0020593105741728455,2.9268522252089595E-5,0.0028322196210839867,0.00235325596856115,0.007778291938500334,0.0019474506142017488,0.00242954264061277,0.002311214061562379,0.0026564037421825176,0.0018350782488628617,0.0023333557982336845,0.0032046818825168504,4.382816438469845E-4,8.194957112888324E-4,0.025703279523410144,0.0021429632038742503,0.001760269924446052],[6.376077823877057E-4,0.0035049739215785086,0.003086550605731805,1.0,0.001489008269849074,0.001135843118357284,0.003678701853282735,4.8065910941744275E-4,0.0036629858985777353,2.426114225475094E-4,0.0026187350458337223,0.00329534043195125,0.003604558750296412,0.01690531505198875,0.0011816157716097269,0.002058167454226473,0.0016396006089691242,0.0036483638469365087,0.0011173573697853417,0.004089558087709132,0.002554057324253318,0.002138175248576337,0.010555873715629827,0.0035650014331930656,0.0022756977162968774,0.003294782123101678,0.00136608174443644,0.002014140889874585,0.06418374845408442,0.0010990933618204694,0.0013437719307628447,0.0010286006283419832,0.0014252743079805306,0.005424001633258517,0.0031497883211541663,0.006744368139647003,0.002120051859286935,0.003211313988527542,0.0010157029620499677,0.003628615002556973,0.001507498524372992,0.0030075597654735204,0.003487340879774912,7.693325977580738E-4,0.0016430154473777642,0.008117111806130856,0.002513083082091012,0.0025056639245264406],[4.208315909442263E-4,3.4735729157346325E-4,0.0019111781046806916,0.001489008269849074,1.0,4.3622234297147126E-4,8.948811955351174E-4,2.430511837076546E-4,0.002353534753407346,4.107775477440072E-5,8.763512772929467E-4,6.969428512543774E-4,8.651277410123852E-4,0.017164902469340056,3.1605362039121746E-4,6.695865695313597E-4,4.251779402810146E-4,0.0013841875782177558,2.254600140761372E-4,0.003701508181067838,0.0012928760739653483,8.81069596738297E-4,0.01651358381183296,0.0019866650695521196,7.229898916518243E-4,0.0012227085713438358,6.874231742261416E-4,0.0010400615130148909,0.04837230583825626,9.838785988885987E-4,1.5457473682582758E-4,4.895407349894547E-4,3.2147682352550393E-4,0.003789909256838925,0.001453657502497242,0.004726820225255148,1.9764448728099932E-4,0.002413202245657583,8.02565496046906E-4,0.0026579206287542616,1.1495812768545278E-4,3.087835423851576E-4,0.002425530676456499,5.744217002374739E-4,7.319183225339992E-4,0.033715436726011835,0.0010959712892499376,6.942827807150234E-4],[1.41417635112654E-4,4.7427285919116527E-5,7.699527325854441E-4,0.001135843118357284,4.3622234297147126E-4,1.0,1.5983239965232734E-4,1.395943198013175E-4,0.0022375592195336418,2.9555023783616858E-5,1.4010964848919536E-4,1.620344503603048E-4,3.775461102944169E-4,0.0044022803107183275,1.6003472805831598E-4,1.5844373010098485E-4,1.3380344505778231E-4,7.482540371223716E-4,1.5799544577134843E-4,0.0036852911189783283,2.4539723487973817E-4,2.615629345764849E-4,0.010479329406230316,4.7407832600018156E-4,1.9991018349953743E-4,3.2533018720390616E-4,2.711054031171168E-4,8.291004600233004E-4,0.04361523087594871,1.4040348447544491E-4,3.3003776881964774E-5,2.063984458568886E-4,1.2786632726479306E-4,7.977089663535949E-4,7.056744498087099E-4,0.0047624195105550075,1.5910671797084335E-4,0.0018590607603183726,1.4133847664574655E-4,0.0032878866887273337,2.233955770552387E-5,2.3451217297399742E-5,9.481481547284217E-4,1.557037540362399E-4,1.319850297902415E-4,0.014255246767548364,0.0010295840276325877,2.585579741376539E-4],[1.1360563344183698E-4,9.278997281683147E-5,0.001607908863260779,0.003678701853282735,8.948811955351174E-4,1.5983239965232734E-4,1.0,5.515302646926904E-5,9.120266611599838E-4,1.3388433872873562E-4,1.419368258091012E-4,1.6429591066475827E-4,4.292800375735325E-4,0.006528883901574944,1.4920456547671122E-4,1.4300447996908785E-4,4.503197145066926E-5,0.0015958758974460622,1.4076118870406167E-4,4.426583735053939E-4,6.712644252769984E-4,6.159909755073114E-4,0.002629384137625499,0.001857178267460104,1.859667644739166E-4,4.1523227213172164E-4,2.180671763135477E-4,7.354881118706675E-4,0.013585792262416572,1.2531953400388455E-4,8.909935890424901E-5,1.7614600708966443E-4,1.2640508838628395E-4,0.005707859949641541,2.752100782221176E-4,0.0229409421251527,1.452489354026565E-4,0.002761659926732038,1.2982289227730882E-4,8.913170850256251E-4,1.1162075166610854E-4,1.0309540891888599E-4,8.03993061544254E-4,1.5299862698678706E-4,1.5043099813044977E-4,0.01513257986210769,0.001282661843727733,2.077578353348641E-4],[4.179903047599095E-5,1.7606460314835555E-5,0.0017383526572840272,4.8065910941744275E-4,2.430511837076546E-4,1.395943198013175E-4,5.515302646926904E-5,1.0,1.84349135529785E-4,2.2709746106465817E-5,2.2928421594012245E-5,1.50727151364436E-4,3.439319572905077E-4,0.0025951511717596846,8.894001253132254E-5,4.251822271226168E-5,3.445943890208128E-5,8.394849849772753E-4,7.762664530120182E-5,0.004057567878543586,5.384556133697987E-4,6.035562934670719E-4,0.009963775270556856,0.0019210469829198681,1.341486411498747E-4,0.001024321863545098,1.3714945136884655E-4,9.994460996660586E-4,0.064886089632642,9.436980427619667E-5,1.8575839948199702E-5,5.3709075611561E-5,1.493172799411605E-5,0.002104841596606199,7.511590284011501E-4,0.008495118281764902,2.108015825943383E-5,4.055606260763544E-4,8.033190578592114E-5,0.0014749744215541863,2.7090853433227306E-5,2.5503208451766075E-5,6.759749969590629E-4,8.06772017363152E-5,9.695874449442065E-5,0.02721176180179723,4.115929574936334E-4,3.600801064536907E-4],[0.0016318843692870303,0.002028854831783833,0.0025746031310020165,0.0036629858985777353,0.002353534753407346,0.0022375592195336418,9.120266611599838E-4,1.84349135529785E-4,1.0,2.0669368720245898E-4,0.002322177755006919,3.633241711687623E-4,0.0024683871971713104,0.00805184512007839,0.0014080231890243918,0.001228192377311975,0.0013278217047978246,0.0026281276188675606,0.001302084434020261,0.003806632153514049,0.002088044941012243,0.0018576467853855566,0.01302461134805486,0.002840870471105164,5.331117217583026E-4,0.0018613572916076108,9.539150509375828E-4,0.0013206145208354866,0.048399202884005295,0.0020609483973989084,0.0021175477368365098,6.07214181431116E-4,4.26395595528006E-5,0.004627522166770351,0.0025695177702736802,0.0035438811285327357,6.316004527596055E-4,0.002661556208256053,9.065409953462061E-4,0.002602158635040069,9.705140405937493E-4,3.6479168159552817E-4,0.002933534834362779,9.695070701190331E-4,0.0013743386599800289,0.016038706401168272,0.0014684339053622616,0.0012091425250199414],[1.0164652176642197E-4,1.743144209338426E-5,0.0010955807845756664,2.426114225475094E-4,4.107775477440072E-5,2.9555023783616858E-5,1.3388433872873562E-4,2.2709746106465817E-5,2.0669368720245898E-4,1.0,1.6793690595793543E-5,5.1777988182148505E-5,2.710656757780196E-4,0.010676375313603529,5.2683938655378146E-5,9.628619782565034E-5,1.8536217951743245E-5,3.250634038122613E-4,7.271983388867944E-5,0.002956617077601353,4.321649846307988E-4,6.261216624845093E-4,0.006669914856722229,0.002747783739613315,1.4788167089559696E-4,0.0012234128050266913,5.474864088490771E-5,6.118010986218821E-4,0.0463481934010419,6.38529853455699E-5,1.591978725007482E-5,1.682545629891454E-4,1.7197752045549097E-5,0.005977276274567853,0.001889100479841245,3.6130319769476404E-4,1.8633719500769063E-5,0.0023486074384374877,9.772895199878376E-5,0.0011759991716813016,1.7140242056014364E-5,1.989675198607398E-5,0.0021910904679875954,8.821208918258268E-5,9.831243260175574E-5,0.005060687574904384,0.0011664576926533254,8.370162874791413E-5],[2.2132385376079387E-5,1.4245977122702896E-5,0.0013830357012006706,0.0026187350458337223,8.763512772929467E-4,1.4010964848919536E-4,1.419368258091012E-4,2.2928421594012245E-5,0.002322177755006919,1.6793690595793543E-5,1.0,6.48266791744367E-5,1.674673689250321E-4,0.020832066834120394,8.740316348092143E-5,1.0509837141657918E-4,1.504957953476173E-5,5.914224382247184E-4,4.6465803576208406E-5,0.0028510501965603014,7.482328476388064E-4,6.160622953882054E-4,0.0035133729944919158,9.855018477359348E-4,1.5500940325234038E-4,0.0012283098770008035,1.1228385577383684E-4,8.63124892995046E-4,0.012615479025144791,1.6265962161892864E-5,1.380326540390078E-5,3.3353028937436103E-5,1.1671868218510992E-5,0.004606245319199665,0.002442740045468134,0.02042729284855754,1.7746795035578803E-5,0.0017540193808818299,6.353802094308174E-5,0.003387368276042209,1.3421839728082175E-5,1.433006438797335E-5,6.458250261309123E-4,6.160325301088378E-5,5.739436395774013E-5,0.029385073924943016,6.688635953798087E-4,7.669829155118749E-5],[1.1070250924726717E-4,7.408304710371401E-5,0.0012328106627281126,0.00329534043195125,6.969428512543774E-4,1.620344503603048E-4,1.6429591066475827E-4,1.50727151364436E-4,3.633241711687623E-4,5.1777988182148505E-5,6.48266791744367E-5,1.0,3.28694216708477E-4,0.012804749836825793,1.4898486505801175E-4,1.3751921637222258E-4,1.0457445871795296E-4,0.0019830534814454493,1.4187924630700347E-4,0.0012122792319171232,0.0012004460354425235,5.957852672635077E-4,0.007054074347620418,0.002410445381482532,1.6978421221901146E-4,0.001031347367945372,2.9744084440442436E-4,5.825976600208056E-4,0.0040903359782462016,1.1651071548613922E-4,8.229108646596139E-5,2.1038586448562165E-4,1.5165475609786708E-4,0.005123421562319457,0.001875071888211265,0.0160226762864545,1.303971589727581E-4,0.0011040867851999244,1.5319759870074362E-4,0.0011487380469714565,3.945847018624043E-5,4.992496188620882E-5,0.0030961994254053806,1.6175888603684949E-4,1.5539808220443107E-4,0.007468854807474362,8.571070874489385E-4,2.489980855309498E-4],[3.128716728607731E-4,2.0910518163058566E-4,0.0013785206550256308,0.003604558750296412,8.651277410123852E-4,3.775461102944169E-4,4.292800375735325E-4,3.439319572905077E-4,0.0024683871971713104,2.710656757780196E-4,1.674673689250321E-4,3.28694216708477E-4,1.0,0.015470921918307312,1.4436638605232118E-4,6.43257960935277E-4,3.411723479303601E-4,0.0014372008797738248,2.7222111551864934E-4,0.003768238912418486,0.0012156671901500655,6.729461923263039E-4,0.017027718374927323,0.0025491090568317285,6.104446725766935E-4,8.77585933195534E-4,5.632306484313481E-4,9.94183603149236E-4,0.028392237464091596,1.9676700409380785E-4,1.0438774695980231E-4,2.4678044698639526E-4,4.63412338327765E-4,0.0056150786271011305,0.0010766269128840561,0.0208839231343375,6.168335210090175E-4,0.0014543038180163167,1.3758197399960787E-4,0.0012732272318010758,1.9158673398755318E-5,3.205331547599816E-5,6.649369574825135E-4,2.617643919882154E-4,6.28936769654712E-4,0.021090743416104077,0.0010983293632312152,3.9011453830297023E-4],[0.014832507629904233,0.002738940173297915,0.010819250786591177,0.01690531505198875,0.017164902469340056,0.0044022803107183275,0.006528883901574944,0.0025951511717596846,0.00805184512007839,0.010676375313603529,0.020832066834120394,0.012804749836825793,0.015470921918307312,1.0,0.017148768471492937,0.0071335734544223355,0.019741709616316324,0.01871095587820618,0.0017160490045077055,0.006740448352842092,0.008549443133088598,0.009241246803833498,0.020434023828685578,0.01275120201069406,0.01992397791789211,0.016852641256647042,0.008247405246481123,0.013934663093469798,0.057188795301332224,0.014742187725548321,0.017348038337262457,0.004473498433179304,4.5528638285785057E-4,0.007760475768848835,0.006484313892103852,0.021462831651501396,0.0015503878581906822,0.0050310729000201185,0.016856841456761223,0.017144211755636247,0.013666026878359407,0.0023939936211215622,0.008261627304634901,0.0028289939465801265,0.0011934605853069474,0.035048151595224994,0.02043387302332295,0.007608550365209977],[1.050007011286742E-4,4.684660786162554E-5,0.001507061691839735,0.0011816157716097269,3.1605362039121746E-4,1.6003472805831598E-4,1.4920456547671122E-4,8.894001253132254E-5,0.0014080231890243918,5.2683938655378146E-5,8.740316348092143E-5,1.4898486505801175E-4,1.4436638605232118E-4,0.017148768471492937,1.0,1.4015563917643356E-4,5.6387376010866575E-5,8.787698752029624E-4,1.3911362647934793E-4,0.0030495433196741596,3.34653412220893E-4,4.1145330908997756E-4,0.0070693504508717265,0.0013634013860346144,1.741003100885553E-4,4.1112075867142067E-4,2.5472185962879877E-4,9.972109587215619E-4,0.06725835356880089,1.338327475246933E-4,6.065004060329377E-5,1.5479140782173788E-4,9.258164927809449E-5,0.0046484835558039455,0.0010830252490977256,0.0199257639683425,1.3306125826059037E-4,5.558333064677522E-4,1.3407889412534187E-4,0.002941926798223988,9.153202383430805E-5,8.78199894464744E-5,0.002583114597798246,1.4604567739228568E-4,1.363890465938811E-4,0.009238244162976306,9.459222393015207E-4,2.8134933228429965E-4],[1.0975905004354539E-4,1.289756447336229E-4,0.0013276064008726101,0.002058167454226473,6.695865695313597E-4,1.5844373010098485E-4,1.4300447996908785E-4,4.251822271226168E-5,0.001228192377311975,9.628619782565034E-5,1.0509837141657918E-4,1.3751921637222258E-4,6.43257960935277E-4,0.0071335734544223355,1.4015563917643356E-4,1.0,1.1428386857471965E-4,0.0020307373212924383,1.3626035891093865E-4,0.003197104193551725,6.252373892219353E-4,5.398854103423684E-4,0.010289174776708798,3.0390721501855116E-4,1.9746746881695807E-4,4.296616989857855E-4,2.5331923144480907E-4,6.385808006633923E-4,0.021555661841162664,1.2101177606317314E-4,9.531679764395937E-5,2.0465395802694018E-4,9.038621897633744E-5,0.005637400343574682,0.0020338446999423414,0.026035538371364273,1.2886387753467E-4,0.002923904380941159,1.329258980817789E-4,5.939378246126823E-4,2.7108746319803936E-5,4.377665102899508E-5,0.002600145677052279,1.3812058175741816E-4,1.343932756028395E-4,0.008084782298659873,3.630495759867835E-4,2.6303979424819116E-4],[4.640585409799063E-5,2.215152408655478E-5,0.002180123221225561,0.0016396006089691242,4.251779402810146E-4,1.3380344505778231E-4,4.503197145066926E-5,3.445943890208128E-5,0.0013278217047978246,1.8536217951743245E-5,1.504957953476173E-5,1.0457445871795296E-4,3.411723479303601E-4,0.019741709616316324,5.6387376010866575E-5,1.1428386857471965E-4,1.0,2.3958346845654512E-4,6.178734056376589E-5,2.7513896455542524E-4,0.0010163001070376818,5.002635148138552E-4,0.01443942919310948,7.181206945483018E-4,1.7420264079776976E-4,9.218136577020757E-5,2.2075822632467565E-4,8.393071794307318E-4,0.04493166668598491,7.935664546246892E-5,2.6167673321144298E-5,1.1376172643374937E-4,2.41893107015707E-5,0.004995673895689693,5.928452958121849E-5,0.005812575940621795,2.9283329409250363E-5,0.0025779676420908835,8.652508553924857E-5,0.002278559856208562,3.422912189631987E-5,2.9709103724687933E-5,0.0019566250296708713,7.944731862703794E-5,1.1661977678551643E-4,0.010385378395676426,0.0012021464562933476,1.5292610506921522E-4],[0.0019443613998525438,0.0019853635289611535,0.002544000396581027,0.0036483638469365087,0.0013841875782177558,7.482540371223716E-4,0.0015958758974460622,8.394849849772753E-4,0.0026281276188675606,3.250634038122613E-4,5.914224382247184E-4,0.0019830534814454493,0.0014372008797738248,0.01871095587820618,8.787698752029624E-4,0.0020307373212924383,2.3958346845654512E-4,1.0,0.0012593775250773005,0.0036996253887453296,0.0019750879170514894,0.002549687658683556,0.016181191231421446,0.0027488782124353594,0.0015233079816090915,0.002243851995170414,0.0020300325058741756,0.0017207777339936984,0.01062536369487294,0.0024676086995872723,0.0016981114569129382,2.3022409782720414E-4,0.0020136032296573033,0.00534412219068961,0.00263123976885194,0.027103765439533058,0.0019964831573585557,0.0027028063902417646,0.002428177131642474,0.0031600953631066597,1.6144827321644889E-4,5.734450048390836E-4,0.003078059684409643,0.0014700153480998208,2.4410643750273913E-4,0.004737596257705199,0.002367318488598594,0.002594176898090346],[1.242457047833693E-4,1.853080952460331E-5,0.0022330207593842283,0.0011173573697853417,2.254600140761372E-4,1.5799544577134843E-4,1.4076118870406167E-4,7.762664530120182E-5,0.001302084434020261,7.271983388867944E-5,4.6465803576208406E-5,1.4187924630700347E-4,2.7222111551864934E-4,0.0017160490045077055,1.3911362647934793E-4,1.3626035891093865E-4,6.178734056376589E-5,0.0012593775250773005,1.0,0.0031643871276491905,8.423838001044167E-4,3.461459617692666E-4,0.00706304788294333,0.0017701069027002876,1.6534727937443964E-4,5.449923403647427E-4,2.716980305065061E-4,6.548550152483542E-4,0.07515084339260644,1.2562762387071947E-4,2.7701693178639788E-5,1.6815287751679553E-4,8.139940761185368E-5,0.00603607237738271,0.001753203755132482,0.023844114227175504,4.7018067106472834E-5,0.0013261382933666048,1.2877951014242134E-4,0.0031724348154232316,4.440269485770958E-5,3.6738761504411144E-5,0.0026241684205875184,1.322663435784226E-4,1.3106354087102326E-4,0.01677015125149082,0.0012738954273632723,1.7245955069212685E-4],[0.0015341404793666894,0.0026855371057036494,0.0031884603990695805,0.004089558087709132,0.003701508181067838,0.0036852911189783283,4.426583735053939E-4,0.004057567878543586,0.003806632153514049,0.002956617077601353,0.0028510501965603014,0.0012122792319171232,0.003768238912418486,0.006740448352842092,0.0030495433196741596,0.003197104193551725,2.7513896455542524E-4,0.0036996253887453296,0.0031643871276491905,1.0,0.003890667214580941,0.003534679432856032,0.01124664140993699,0.0038834812836153632,0.002398516677861032,0.00233830888503606,0.0038752369276583,0.003927372189083594,0.014476771986842796,5.46559805100525E-4,0.0027886778915902875,0.0034826478095491787,2.555665645948031E-4,0.004912042483383881,0.003344102811301667,0.016603200632929277,0.00336307442212037,0.0039626838170611625,0.0022457424236958907,0.00407368442692875,0.0012924287165125637,0.002119429663253544,0.004078187610141993,0.001414093426881893,0.00335662892019857,0.020050599100027575,0.0021970616633662,4.576923047082012E-4],[0.0010933988174974727,0.0010875048987625425,0.0020220628542881305,0.002554057324253318,0.0012928760739653483,2.4539723487973817E-4,6.712644252769984E-4,5.384556133697987E-4,0.002088044941012243,4.321649846307988E-4,7.482328476388064E-4,0.0012004460354425235,0.0012156671901500655,0.008549443133088598,3.34653412220893E-4,6.252373892219353E-4,0.0010163001070376818,0.0019750879170514894,8.423838001044167E-4,0.003890667214580941,1.0,0.0010789194919755482,0.014473752036396914,0.002229664980152515,5.185043477619552E-4,0.0013282703185381888,5.428395689816687E-4,0.0011788139685059912,0.06105828667144881,4.2205635294409374E-4,0.0011425602209488646,2.3064656962533154E-4,4.394725466495204E-4,0.003935830791199249,0.0014814433087712946,0.0032769855032613437,4.056064410168893E-4,0.0017053348801507953,0.0011907612708564664,0.0026754938952937533,0.0012914336318350123,2.448750396649663E-4,0.0018355053906574208,1.8007302306792544E-4,7.955588968145693E-4,0.019430580310340426,0.0013718854612269349,7.61262810074417E-4],[4.0773251822073895E-4,1.0392392168300052E-4,0.001049710733199835,0.002138175248576337,8.81069596738297E-4,2.615629345764849E-4,6.159909755073114E-4,6.035562934670719E-4,0.0018576467853855566,6.261216624845093E-4,6.160622953882054E-4,5.957852672635077E-4,6.729461923263039E-4,0.009241246803833498,4.1145330908997756E-4,5.398854103423684E-4,5.002635148138552E-4,0.002549687658683556,3.461459617692666E-4,0.003534679432856032,0.0010789194919755482,1.0,9.839074234500756E-4,0.0024285720881970377,3.9507880622127354E-4,0.0010205410098673225,4.996307904945747E-4,8.408032437761861E-4,0.018505516152918393,6.733726356002194E-4,1.7795077816844989E-4,6.345641515090702E-4,6.774985224427666E-4,0.003993074943635588,0.0019142010616802901,0.019767173053643665,2.1952331705422457E-4,0.0019045370621354717,2.4472617181402233E-4,0.0025348143524307324,1.0747237274067326E-4,4.2549483666415175E-4,0.0018958630660400096,4.7627983504253894E-4,3.324633892605813E-4,0.0360772947692973,9.808629445824542E-4,6.011174396624377E-4],[0.012515969307943542,0.019267833804522398,0.013248025877173508,0.010555873715629827,0.01651358381183296,0.010479329406230316,0.002629384137625499,0.009963775270556856,0.01302461134805486,0.006669914856722229,0.0035133729944919158,0.007054074347620418,0.017027718374927323,0.020434023828685578,0.0070693504508717265,0.010289174776708798,0.01443942919310948,0.016181191231421446,0.00706304788294333,0.01124664140993699,0.014473752036396914,9.839074234500756E-4,1.0,0.01691142777981231,0.016578633038077394,0.013180130509520646,0.003747880419151685,0.015227706035366762,0.0357860413928296,0.01519291772457388,0.01858838853841216,0.018491768642246807,0.016332345726924942,0.010490940375483496,0.018946126479582007,0.023162785926286976,0.015507272469660353,0.010473233307383017,0.01161066016023989,0.004389183887700323,0.002093969192780177,0.012927842566668242,0.011091983994447364,0.015798780811956955,0.010328773788840733,0.0260556684847806,0.01364069595888715,0.0024142207279437815],[0.0026493117089838774,4.6773979316375093E-4,0.0027634248024733564,0.0035650014331930656,0.0019866650695521196,4.7407832600018156E-4,0.001857178267460104,0.0019210469829198681,0.002840870471105164,0.002747783739613315,9.855018477359348E-4,0.002410445381482532,0.0025491090568317285,0.01275120201069406,0.0013634013860346144,3.0390721501855116E-4,7.181206945483018E-4,0.0027488782124353594,0.0017701069027002876,0.0038834812836153632,0.002229664980152515,0.0024285720881970377,0.01691142777981231,1.0,4.203376069611169E-4,0.0016957116354127536,3.618918211769588E-4,0.001948627138522775,0.027735544193276146,3.8918696466583205E-4,7.297521459966875E-4,0.002832661517965423,0.002618556201469734,0.006025295231734118,0.0026843932319996987,0.016355541953299385,0.0010558671531117189,0.00305178514694164,0.0012511479963222421,0.0033165292447328008,0.002510813563861297,0.0013836501089100253,0.0032289537848682586,0.001750285984564354,0.0010119940488493861,0.006703602365737731,0.0022456440434129392,0.0020703287058401634],[1.7559335363607857E-4,3.114754430777947E-5,0.0020897336042512366,0.0022756977162968774,7.229898916518243E-4,1.9991018349953743E-4,1.859667644739166E-4,1.341486411498747E-4,5.331117217583026E-4,1.4788167089559696E-4,1.5500940325234038E-4,1.6978421221901146E-4,6.104446725766935E-4,0.01992397791789211,1.741003100885553E-4,1.9746746881695807E-4,1.7420264079776976E-4,0.0015233079816090915,1.6534727937443964E-4,0.002398516677861032,5.185043477619552E-4,3.9507880622127354E-4,0.016578633038077394,4.203376069611169E-4,1.0,3.5078461529018613E-4,3.4117893275200777E-4,3.2116528240843593E-4,0.030542841993231578,1.7457378276878688E-4,1.3253129113914466E-4,2.1288800914219698E-4,4.448746916990838E-5,0.0041198651485211,2.761087896795799E-4,0.0028146318849057213,5.005766593585305E-5,6.718806326727317E-4,1.8961743859700761E-4,0.0011301521332573116,5.1450826006140064E-5,1.310333533740816E-4,0.0023405962913797124,2.104910820880268E-4,1.48830901514379E-4,0.018369260114343745,8.188348140216216E-4,2.3733852929919993E-4],[0.0012930413569783856,0.0013050950057893272,0.0016562639454624653,0.003294782123101678,0.0012227085713438358,3.2533018720390616E-4,4.1523227213172164E-4,0.001024321863545098,0.0018613572916076108,0.0012234128050266913,0.0012283098770008035,0.001031347367945372,8.77585933195534E-4,0.016852641256647042,4.1112075867142067E-4,4.296616989857855E-4,9.218136577020757E-5,0.002243851995170414,5.449923403647427E-4,0.00233830888503606,0.0013282703185381888,0.0010205410098673225,0.013180130509520646,0.0016957116354127536,3.5078461529018613E-4,1.0,0.0010874593276613469,0.001221723205463241,0.04302712272863058,3.7275817270606304E-4,2.572095742795444E-4,8.209515034250953E-4,0.0010091977652076003,0.00350948206849293,0.002110747146081837,0.028638756075792502,5.562467086042546E-4,0.0014514788453237751,3.463161375777021E-4,0.0015393602722778485,0.0012225594611640887,5.369138771794931E-4,0.002501915730710543,3.287740574776589E-4,3.2935852956723325E-4,0.02216281732359594,0.001365493107444949,0.0013007846989771085],[1.124587102343203E-4,1.5007025117532314E-4,0.0017769231436390327,0.00136608174443644,6.874231742261416E-4,2.711054031171168E-4,2.180671763135477E-4,1.3714945136884655E-4,9.539150509375828E-4,5.474864088490771E-5,1.1228385577383684E-4,2.9744084440442436E-4,5.632306484313481E-4,0.008247405246481123,2.5472185962879877E-4,2.5331923144480907E-4,2.2075822632467565E-4,0.0020300325058741756,2.716980305065061E-4,0.0038752369276583,5.428395689816687E-4,4.996307904945747E-4,0.003747880419151685,3.618918211769588E-4,3.4117893275200777E-4,0.0010874593276613469,1.0,0.0010454158920038213,0.045125833953723674,3.2819739620785403E-4,1.168838459727303E-4,2.977547792560114E-4,4.7267539266212665E-5,0.001451819884193605,7.486986460634027E-4,0.0028179942938579327,4.141228899705557E-5,0.001588905212357992,1.4666703597333028E-4,0.0023659164622626284,2.189099797108104E-5,1.3818177260025607E-4,0.0030514809975415178,3.458152292977033E-4,3.275916284764178E-4,0.015167905333137733,0.0012432534631151352,3.667157128308952E-4],[1.5558897295845305E-4,8.700882355887681E-4,0.0019516100946775027,0.002014140889874585,0.0010400615130148909,8.291004600233004E-4,7.354881118706675E-4,9.994460996660586E-4,0.0013206145208354866,6.118010986218821E-4,8.63124892995046E-4,5.825976600208056E-4,9.94183603149236E-4,0.013934663093469798,9.972109587215619E-4,6.385808006633923E-4,8.393071794307318E-4,0.0017207777339936984,6.548550152483542E-4,0.003927372189083594,0.0011788139685059912,8.408032437761861E-4,0.015227706035366762,0.001948627138522775,3.2116528240843593E-4,0.001221723205463241,0.0010454158920038213,1.0,0.022354138525995975,1.4049044373339308E-4,8.643320609619977E-4,9.275250932018179E-4,7.220317548446109E-4,0.002584263357847898,0.00234174677703395,0.013584585869507677,9.937334524704835E-4,0.0016665183304024668,1.8191478039851792E-4,0.001428563331429222,4.5061601333597976E-4,3.229979504886621E-4,0.0016557948533611191,2.381559451225609E-4,8.870711264764563E-4,0.02769687684503707,0.0011677271845365591,7.884888227427972E-4],[0.050106931109369986,0.043802508466426866,0.05831608928344135,0.06418374845408442,0.04837230583825626,0.04361523087594871,0.013585792262416572,0.064886089632642,0.048399202884005295,0.0463481934010419,0.012615479025144791,0.0040903359782462016,0.028392237464091596,0.057188795301332224,0.06725835356880089,0.021555661841162664,0.04493166668598491,0.01062536369487294,0.07515084339260644,0.014476771986842796,0.06105828667144881,0.018505516152918393,0.0357860413928296,0.027735544193276146,0.030542841993231578,0.04302712272863058,0.045125833953723674,0.022354138525995975,1.0,0.00809592234465455,0.03682904416136098,0.036015703338008825,0.07623831233996774,0.011217279170890519,0.030251427582095484,0.03580025546481941,0.04214683768522917,0.05586407827763222,0.06696668740603424,0.050225319643354034,0.02359281865730826,0.005832454102942175,0.02145979344581799,0.07618150964866385,0.0010519776321325225,0.05036684462322362,0.023220730546537824,0.03363332992320279],[1.0688969695885447E-4,5.376434177048363E-5,0.0010740600388192433,0.0010990933618204694,9.838785988885987E-4,1.4040348447544491E-4,1.2531953400388455E-4,9.436980427619667E-5,0.0020609483973989084,6.38529853455699E-5,1.6265962161892864E-5,1.1651071548613922E-4,1.9676700409380785E-4,0.014742187725548321,1.338327475246933E-4,1.2101177606317314E-4,7.935664546246892E-5,0.0024676086995872723,1.2562762387071947E-4,5.46559805100525E-4,4.2205635294409374E-4,6.733726356002194E-4,0.01519291772457388,3.8918696466583205E-4,1.7457378276878688E-4,3.7275817270606304E-4,3.2819739620785403E-4,1.4049044373339308E-4,0.00809592234465455,1.0,1.1355860174329985E-4,1.3139674990612674E-4,8.271849168079526E-5,0.0038569295418908137,0.0016484331018681863,0.02714710402133263,5.410950404040251E-5,0.001285077792053292,1.124243830250346E-4,0.0032858444848680585,8.103800351619575E-5,4.183740272968892E-5,0.0029794326445607695,1.368682631869006E-4,1.1717515273523521E-4,0.015842286043483225,0.0012935012739136427,1.8594859185827757E-4],[8.852392087683664E-5,1.5351533864594123E-5,0.002211210350227704,0.0013437719307628447,1.5457473682582758E-4,3.3003776881964774E-5,8.909935890424901E-5,1.8575839948199702E-5,0.0021175477368365098,1.591978725007482E-5,1.380326540390078E-5,8.229108646596139E-5,1.0438774695980231E-4,0.017348038337262457,6.065004060329377E-5,9.531679764395937E-5,2.6167673321144298E-5,0.0016981114569129382,2.7701693178639788E-5,0.0027886778915902875,0.0011425602209488646,1.7795077816844989E-4,0.01858838853841216,7.297521459966875E-4,1.3253129113914466E-4,2.572095742795444E-4,1.168838459727303E-4,8.643320609619977E-4,0.03682904416136098,1.1355860174329985E-4,1.0,3.184634069717728E-5,1.3962656172847116E-5,0.0032288260961897465,6.618521442395708E-4,0.02352881922719492,1.4835202883864176E-5,0.0020776194757751963,2.2931080289296222E-5,0.0026704381945344808,1.400267831874867E-5,1.9545722860042277E-5,0.0029560796968343844,9.239974373267376E-5,2.0973320773956514E-5,0.015070261757499325,0.00127554135451188,1.775440923919998E-4],[1.3296428019054273E-4,7.326247368756333E-5,0.0020593105741728455,0.0010286006283419832,4.895407349894547E-4,2.063984458568886E-4,1.7614600708966443E-4,5.3709075611561E-5,6.07214181431116E-4,1.682545629891454E-4,3.3353028937436103E-5,2.1038586448562165E-4,2.4678044698639526E-4,0.004473498433179304,1.5479140782173788E-4,2.0465395802694018E-4,1.1376172643374937E-4,2.3022409782720414E-4,1.6815287751679553E-4,0.0034826478095491787,2.3064656962533154E-4,6.345641515090702E-4,0.018491768642246807,0.002832661517965423,2.1288800914219698E-4,8.209515034250953E-4,2.977547792560114E-4,9.275250932018179E-4,0.036015703338008825,1.3139674990612674E-4,3.184634069717728E-5,1.0,1.5241128214717615E-4,9.610113224733072E-4,0.0018383041255044307,0.01378664725048355,1.4803461217251175E-4,0.002618299495750946,1.383655970612606E-4,7.024156503617697E-4,2.124156361265426E-4,1.0549531148483819E-4,0.0015848114528290145,2.033066995912737E-4,1.4084516854094293E-4,0.003731404006519672,0.0011917293447503943,3.346028862386875E-4],[3.8056907601471886E-5,1.5276677010130723E-5,2.9268522252089595E-5,0.0014252743079805306,3.2147682352550393E-4,1.2786632726479306E-4,1.2640508838628395E-4,1.493172799411605E-5,4.26395595528006E-5,1.7197752045549097E-5,1.1671868218510992E-5,1.5165475609786708E-4,4.63412338327765E-4,4.5528638285785057E-4,9.258164927809449E-5,9.038621897633744E-5,2.41893107015707E-5,0.0020136032296573033,8.139940761185368E-5,2.555665645948031E-4,4.394725466495204E-4,6.774985224427666E-4,0.016332345726924942,0.002618556201469734,4.448746916990838E-5,0.0010091977652076003,4.7267539266212665E-5,7.220317548446109E-4,0.07623831233996774,8.271849168079526E-5,1.3962656172847116E-5,1.5241128214717615E-4,1.0,0.0010719381893558766,0.002231203067828669,0.00929620848173597,1.6029990368480833E-5,0.001347641268682768,5.1154263466885887E-5,0.0020433486948677236,1.4230437872702304E-5,1.8713937586826132E-5,3.4130948642354286E-4,1.4264653862568757E-5,4.9134300087154E-5,0.03627994882847567,1.781809995255654E-4,2.8308976503269565E-4],[0.003788009430240373,0.003642842075634161,0.0028322196210839867,0.005424001633258517,0.003789909256838925,7.977089663535949E-4,0.005707859949641541,0.002104841596606199,0.004627522166770351,0.005977276274567853,0.004606245319199665,0.005123421562319457,0.0056150786271011305,0.007760475768848835,0.0046484835558039455,0.005637400343574682,0.004995673895689693,0.00534412219068961,0.00603607237738271,0.004912042483383881,0.003935830791199249,0.003993074943635588,0.010490940375483496,0.006025295231734118,0.0041198651485211,0.00350948206849293,0.001451819884193605,0.002584263357847898,0.011217279170890519,0.0038569295418908137,0.0032288260961897465,9.610113224733072E-4,0.0010719381893558766,1.0,0.004835748923958551,0.028411186809195854,0.002079943931976571,0.00529969747414519,0.005809021938539018,0.00509868871869471,0.005732719576808274,0.005616158593366083,0.00415914033475363,0.006068254639929404,0.003949441476937059,0.007647941197944897,0.003907393782220509,0.004457002314762892],[2.44523389358121E-4,4.0719607546181043E-4,0.00235325596856115,0.0031497883211541663,0.001453657502497242,7.056744498087099E-4,2.752100782221176E-4,7.511590284011501E-4,0.0025695177702736802,0.001889100479841245,0.002442740045468134,0.001875071888211265,0.0010766269128840561,0.006484313892103852,0.0010830252490977256,0.0020338446999423414,5.928452958121849E-5,0.00263123976885194,0.001753203755132482,0.003344102811301667,0.0014814433087712946,0.0019142010616802901,0.018946126479582007,0.0026843932319996987,2.761087896795799E-4,0.002110747146081837,7.486986460634027E-4,0.00234174677703395,0.030251427582095484,0.0016484331018681863,6.618521442395708E-4,0.0018383041255044307,0.002231203067828669,0.004835748923958551,1.0,0.005301990097454955,0.0015816779674181108,0.003029885248115619,0.002319194356082904,0.0027855307610809964,1.2148107702015666E-4,0.0016081719447462817,0.0028467856840222122,0.0014295497517184984,0.002457587850602562,0.019736765654263043,0.00201290447192259,0.0012132258916643652],[0.025153381229277808,0.018786705463767043,0.007778291938500334,0.006744368139647003,0.004726820225255148,0.0047624195105550075,0.0229409421251527,0.008495118281764902,0.0035438811285327357,3.6130319769476404E-4,0.02042729284855754,0.0160226762864545,0.0208839231343375,0.021462831651501396,0.0199257639683425,0.026035538371364273,0.005812575940621795,0.027103765439533058,0.023844114227175504,0.016603200632929277,0.0032769855032613437,0.019767173053643665,0.023162785926286976,0.016355541953299385,0.0028146318849057213,0.028638756075792502,0.0028179942938579327,0.013584585869507677,0.03580025546481941,0.02714710402133263,0.02352881922719492,0.01378664725048355,0.00929620848173597,0.028411186809195854,0.005301990097454955,1.0,0.013570707510011108,0.02937769481662965,0.00347155501770929,0.02855889386931333,0.025169866682363283,0.011712171719483033,0.009450258435236088,0.024596043976892853,0.00996865316214953,0.036563832374427827,0.02900358486219859,0.007545588889994329],[8.945159852205068E-5,1.9572455394848525E-5,0.0019474506142017488,0.002120051859286935,1.9764448728099932E-4,1.5910671797084335E-4,1.452489354026565E-4,2.108015825943383E-5,6.316004527596055E-4,1.8633719500769063E-5,1.7746795035578803E-5,1.303971589727581E-4,6.168335210090175E-4,0.0015503878581906822,1.3306125826059037E-4,1.2886387753467E-4,2.9283329409250363E-5,0.0019964831573585557,4.7018067106472834E-5,0.00336307442212037,4.056064410168893E-4,2.1952331705422457E-4,0.015507272469660353,0.0010558671531117189,5.005766593585305E-5,5.562467086042546E-4,4.141228899705557E-5,9.937334524704835E-4,0.04214683768522917,5.410950404040251E-5,1.4835202883864176E-5,1.4803461217251175E-4,1.6029990368480833E-5,0.002079943931976571,0.0015816779674181108,0.013570707510011108,1.0,0.0029064315924869095,8.703915872872555E-5,0.0019402801693393775,1.5092299603646263E-5,2.0091473920629995E-5,0.0026347522990868523,9.683026824524864E-5,2.517146393334234E-5,0.0021962453190789042,0.0010651525856806864,3.101349376970705E-4],[0.002587183194573177,0.002143092807358782,0.00242954264061277,0.003211313988527542,0.002413202245657583,0.0018590607603183726,0.002761659926732038,4.055606260763544E-4,0.002661556208256053,0.0023486074384374877,0.0017540193808818299,0.0011040867851999244,0.0014543038180163167,0.0050310729000201185,5.558333064677522E-4,0.002923904380941159,0.0025779676420908835,0.0027028063902417646,0.0013261382933666048,0.0039626838170611625,0.0017053348801507953,0.0019045370621354717,0.010473233307383017,0.00305178514694164,6.718806326727317E-4,0.0014514788453237751,0.001588905212357992,0.0016665183304024668,0.05586407827763222,0.001285077792053292,0.0020776194757751963,0.002618299495750946,0.001347641268682768,0.00529969747414519,0.003029885248115619,0.02937769481662965,0.0029064315924869095,1.0,1.6387954171822293E-4,0.0031570926447588516,6.278314467923058E-4,0.002315307786776922,0.003302060571919991,0.0016813050796473336,0.0016378313199779547,0.023941881997240462,0.0023018647150072164,0.0018448549654239772],[1.0432766122940368E-4,1.0453738940707191E-4,0.002311214061562379,0.0010157029620499677,8.02565496046906E-4,1.4133847664574655E-4,1.2982289227730882E-4,8.033190578592114E-5,9.065409953462061E-4,9.772895199878376E-5,6.353802094308174E-5,1.5319759870074362E-4,1.3758197399960787E-4,0.016856841456761223,1.3407889412534187E-4,1.329258980817789E-4,8.652508553924857E-5,0.002428177131642474,1.2877951014242134E-4,0.0022457424236958907,0.0011907612708564664,2.4472617181402233E-4,0.01161066016023989,0.0012511479963222421,1.8961743859700761E-4,3.463161375777021E-4,1.4666703597333028E-4,1.8191478039851792E-4,0.06696668740603424,1.124243830250346E-4,2.2931080289296222E-5,1.383655970612606E-4,5.1154263466885887E-5,0.005809021938539018,0.002319194356082904,0.00347155501770929,8.703915872872555E-5,1.6387954171822293E-4,1.0,8.42166776511497E-4,1.980070809487594E-5,2.8664935759766944E-5,0.002694802069545156,1.309663272177981E-4,1.1894533476966321E-4,0.00916434749138147,0.001220456123201135,3.0095572170244606E-4],[0.0017393248457038715,0.001957840621378022,0.0026564037421825176,0.003628615002556973,0.0026579206287542616,0.0032878866887273337,8.913170850256251E-4,0.0014749744215541863,0.002602158635040069,0.0011759991716813016,0.003387368276042209,0.0011487380469714565,0.0012732272318010758,0.017144211755636247,0.002941926798223988,5.939378246126823E-4,0.002278559856208562,0.0031600953631066597,0.0031724348154232316,0.00407368442692875,0.0026754938952937533,0.0025348143524307324,0.004389183887700323,0.0033165292447328008,0.0011301521332573116,0.0015393602722778485,0.0023659164622626284,0.001428563331429222,0.050225319643354034,0.0032858444848680585,0.0026704381945344808,7.024156503617697E-4,0.0020433486948677236,0.00509868871869471,0.00278553