[[1.0,0.047747137670947286,1.1456445326484373E-4,6.531990150928825E-4,0.0021775481751318345,2.8468462733722156E-4,3.250240575116229E-4,1.1823858206253902E-4,0.0016518662214008142,4.490677168408519E-4,1.0169908657527123E-4,9.232011439319954E-5,1.1974217699044097E-4,4.3435937871092063E-4,0.0010141451527328094,1.1512014295692152E-4,1.003043320899093E-4,0.001275193943742742,1.0855276241685979E-4,1.489196868546702E-4,1.0855282756254273E-4,7.308070640313852E-5,1.6089905381444093E-4,2.3191998741340686E-5,1.0977624977811211E-4,0.0014220280517113582,5.289081899899937E-5,0.014434635846697583,5.3383759812932393E-5,1.1305911135073037E-4,0.009493896253807787,1.672609507688872E-4,3.7662984769247444E-4,1.1878679961967863E-4,0.002740515927615613,9.109554475001449E-4,1.1531553180899761E-4,1.372469416410549E-4,1.1397194019732938E-4,1.3897391733592903E-4,1.7104532656527231E-4,8.868575598916989E-5,7.23430734797398E-4,2.3951844178547578E-4,1.4842596033823717E-4,1.3603067356158765E-4,5.282129409445917E-5,5.6271574413193216E-5,1.1371567206657507E-4,1.3906549366121408E-4,1.08493628543828E-4,0.007510548446965679,1.3768838351831591E-4,7.659181595681E-5,5.913744072507266E-4,0.0011727102095539818],[0.047747137670947286,1.0,0.006640266401260583,0.014494485713842783,0.014459113311407246,0.03731534467284334,0.039873841875698694,0.028685360041778952,0.04791529427688644,0.010215619209257336,0.03854948539603364,0.014182750203584211,0.009688872857631413,0.01718993309254723,0.05242118544203502,0.00376469452084418,0.03349550080735604,0.01312499415330836,0.02714557564080781,0.005083133749160798,0.01876968200516768,0.03567410292556843,0.010418283916251079,0.009934273207670371,0.021443054614484088,0.008255177865291678,0.01638447237044665,0.0408844679728314,0.0024471803028792627,0.014052493258750886,0.017743763513366553,0.04038632396897727,0.02894912164240863,0.03993076005515953,0.03389015647829743,0.020107454226101447,0.017852550874908446,0.04090250702124539,0.022889204551149168,0.048607700304550194,0.046862654503041515,0.03245939604376337,0.009496466620299892,0.014718715514080247,0.0018829657205964227,0.026787238479460428,5.826973898557255E-4,0.02370155299263289,0.043409898229505875,0.031742228408719625,0.016173634794214686,0.03425425305439632,0.04324017708898084,0.04941302779906103,0.008487259439391916,0.03501668966845876],[1.1456445326484373E-4,0.006640266401260583,1.0,5.379669361123746E-4,0.0010583663640711864,6.041213934754789E-4,0.001148215351438663,1.2115714193165423E-4,0.0018069349486991104,6.176526776055924E-4,8.983558588261393E-5,3.495701434578748E-5,3.412703672043307E-4,0.0011104281600534543,3.3938337488385444E-4,1.2799032698653222E-4,6.712328392916607E-5,0.0013448156289240995,1.045413865728848E-4,2.2443073392201246E-4,1.1309846167879607E-4,9.468952631078905E-5,1.4655200644845927E-4,1.1116063565745328E-4,1.178749991308311E-4,0.002008004341421717,1.2185693603442237E-4,0.03139320195044394,4.689742121796641E-5,1.2144249627593202E-4,0.0012176051915871527,6.410340969338113E-4,4.2810868902328305E-4,1.6203105686344102E-4,0.0027464318395043737,0.0011842460982982685,1.3716469633313826E-4,1.696031775553477E-4,1.3390572978587596E-4,1.8537156464336381E-4,0.0012531720247783542,9.849028134985312E-5,0.0012575264878660194,1.8708122924800564E-4,1.453654982355168E-4,1.7236916688047246E-4,2.4272382252857508E-5,2.4247023386837118E-5,1.2363800800631048E-4,1.4234135477132992E-4,1.056855306568244E-4,0.007630253081697375,1.287135204788057E-4,4.368117732810954E-5,2.483838637555652E-4,9.50065609595699E-4],[6.531990150928825E-4,0.014494485713842783,5.379669361123746E-4,1.0,0.002675239836055251,0.0012159140612398266,0.0013099674897985006,2.0199749047952728E-4,0.0020968586700491256,0.004298709753665309,2.8095307791262385E-4,7.933213207649107E-5,0.0010013746354561822,0.0012344407347238268,0.0014214324128982918,0.0011230283167796289,8.73792557467133E-4,0.0013208722977572829,9.88689570324539E-4,0.0011784502338294685,0.0011027925164505015,5.612270268618503E-4,2.6842857602802435E-4,8.60328453919974E-4,2.5811543441148704E-4,0.001831399850586545,8.442895453494054E-5,0.006693431879689635,0.0011129710162434388,0.0010139168568662014,0.012092226472658197,0.0012545819903475358,0.001203349754398044,5.94169225491681E-4,0.00823470434774454,0.001242620527150994,3.5912716853863324E-4,2.579433164552193E-4,0.0010481688615341293,8.97982935523726E-4,0.003970035135650182,0.0011845601220695128,0.0018278541030605777,3.993938195500616E-4,4.88384116386267E-4,2.7565013720016074E-4,5.769413968391228E-4,9.584878055561081E-4,6.352647900982066E-4,4.955333894495016E-4,8.980008828995302E-4,0.011242671054005985,4.5147786272897527E-4,2.6425128093631122E-5,0.0010540366800386163,0.0020103800770522417],[0.0021775481751318345,0.014459113311407246,0.0010583663640711864,0.002675239836055251,1.0,0.0020118277131987803,0.002054893068333596,0.00238052964810087,0.002618208506278378,0.0035561086324346104,0.0020457380648228056,0.0022314569456870063,0.0018512117744127188,0.0021875286668012997,0.002348165766513816,0.0014278179338642174,6.437147245160964E-4,0.0019287758492032652,3.742806183871624E-4,0.0014138338899894846,3.4651651053946547E-4,0.0014223119490396983,0.0013325384494456262,0.002493154236461454,0.0022066781085964093,0.0026117613798425283,0.002481638384555441,0.029252639059374065,0.0014274302196501541,0.002050844246974603,0.012127941745106062,0.0017640824541073194,0.0025386377896301927,6.710721081884257E-4,0.00832869709813449,0.0026051674818303072,1.9436009554332404E-4,0.002046839013254179,7.403739038530578E-4,0.0024558487277876475,0.0030041929424130683,9.361822266285783E-5,0.002670668988066051,0.0020376859306569925,0.0023486289673811792,0.0018916843606786706,2.569691073497395E-4,0.0014115217298624819,5.274808195309557E-4,0.0023679218785600613,0.0012936240776820508,0.003996415080843225,0.0012183678527982254,0.001120574024358139,0.0013915661956951878,0.0024243343513704963],[2.8468462733722156E-4,0.03731534467284334,6.041213934754789E-4,0.0012159140612398266,0.0020118277131987803,1.0,0.0011719239275259292,5.223525756900551E-4,0.001251522788732957,0.002009422079572743,6.983290891567159E-4,4.4612585059222314E-4,8.724997681116147E-4,0.0012324119194265458,0.0015066666521047017,6.932383964713694E-4,0.0011382204315725248,0.0012871721325624277,9.690059066934397E-4,0.001138518079104499,5.256707768348759E-4,5.6610461972942E-5,2.640461047062319E-4,5.551948224461207E-4,0.0011245946593029627,0.0023374524106831397,0.001048333743212405,0.005253299185128127,2.995818267039537E-4,7.760554283276428E-4,0.006933130713506956,0.0012129652375137416,0.0011134882492528236,8.098325879845793E-4,0.0018832479286253014,0.00123244703379681,8.257614313216556E-4,5.945608604925705E-4,5.788484654332211E-4,7.969877920126128E-4,0.002061361491931574,3.483269883612905E-4,0.0014035373351857952,8.326851027330688E-4,3.192647450020341E-4,6.985502226793134E-4,7.384322573869549E-4,5.349597697502246E-4,0.0010359759199021154,9.93208884981727E-4,9.136452390561741E-4,0.00883650563792759,0.0010655289508880565,9.68037584936665E-4,0.0010212784101428093,0.001869017685177792],[3.250240575116229E-4,0.039873841875698694,0.001148215351438663,0.0013099674897985006,0.002054893068333596,0.0011719239275259292,1.0,2.7516617418383167E-4,0.0014121058825571555,0.004255379498470664,1.6772834668943719E-4,0.0012279475544031797,0.0010783923215827891,0.0013206774654242765,0.0013797454212712435,2.448090685585963E-4,4.017740813593946E-4,0.0014489642306181685,6.011646217103359E-4,8.346354970843574E-4,0.0012779185141110262,2.1433616801273982E-4,6.318255153193425E-4,8.620989101696978E-4,9.203009035159456E-4,0.0020229930328926954,2.2034578250067856E-4,0.014791607605612067,4.49722629124517E-4,1.9684451326409914E-4,0.007477034919159421,0.0013774758618800918,0.0012489219848027704,7.986480507323186E-4,0.0064957939560249915,0.0013120346898786736,2.672214287519725E-4,3.700672214050032E-4,3.468174098819535E-4,2.59654916259231E-4,0.001555305018896441,7.288041447104303E-4,0.002115727544594742,0.0010420672871569406,8.298132405133642E-4,8.491163026231752E-4,4.1772486335232834E-4,1.9073685612125502E-4,6.19394206910649E-4,9.771981651823481E-4,7.305715850900067E-4,0.009693979268233687,0.001141273147302077,0.001308788137826813,0.0010932158475338686,0.0018373358298703114],[1.1823858206253902E-4,0.028685360041778952,1.2115714193165423E-4,2.0199749047952728E-4,0.00238052964810087,5.223525756900551E-4,2.7516617418383167E-4,1.0,3.3310687712140427E-4,0.0031902191526821766,2.9714593433514796E-5,7.841535180939253E-5,1.4795658158298802E-4,7.878497703213929E-4,4.3594119031321817E-4,1.188420243741471E-4,5.686146602436439E-5,4.3063446393628045E-4,1.0241225124004127E-4,2.883740463278145E-4,1.1338520569724527E-4,9.544312454974461E-5,1.8152648392818374E-4,9.981567475606665E-5,1.1110148627944634E-4,0.0018864726672458525,5.861023540004081E-5,0.031013274240259122,1.1789215989611894E-4,1.1886287643226357E-4,0.004632194158686068,3.362463382678127E-4,2.0066346999100083E-4,1.2003264579074543E-4,0.0076138177061570835,6.455559063862591E-4,1.2060127940762634E-4,1.7507873936578093E-4,1.6543764233948517E-4,1.50914276239795E-4,0.005091903328423356,1.0115247817129798E-4,0.001966607830260183,2.47927566699074E-4,1.414176910841908E-4,1.743102005431665E-4,1.103781404666829E-4,5.2155447500330755E-5,1.2634337970091424E-4,1.9524484924931555E-4,1.0324187949640142E-4,0.00810597044940912,1.266096628225241E-4,3.5539863440909726E-5,2.953754304291362E-4,4.4783264489098746E-4],[0.0016518662214008142,0.04791529427688644,0.0018069349486991104,0.0020968586700491256,0.002618208506278378,0.001251522788732957,0.0014121058825571555,3.3310687712140427E-4,1.0,0.003974912309751344,5.486253530491896E-4,0.0017584265339931353,0.00135214167596345,0.0016103421237415583,0.0016730558649636223,7.879654326371271E-4,0.001767064620814827,0.0017552762263035762,0.0012371279174383867,0.0015109547795026349,0.0019560425018406652,2.673580214535151E-4,5.144349176252692E-4,8.130267019477519E-4,0.0010516020941644033,0.002160610640348902,3.5275039691959163E-4,0.03540898605849735,0.0010640910620043835,1.690070674381474E-4,0.0057621522197639306,0.00187487026862955,0.0015308735252425897,4.758542723734899E-4,0.00882940125972935,0.0019098746407105007,0.0011841847461732608,7.500322516254556E-4,0.0017982071127646197,4.1649315375698456E-4,0.0050541180671628385,0.001448962758183725,0.00254454276655591,0.0018144696063878483,0.0017361658642243215,0.00205462752743274,1.202999212917641E-4,0.0015300894458456218,5.252304144323935E-4,0.0014572695904510372,0.0016453854189687994,0.007437453896825659,0.0013402768750288051,3.268861734933768E-5,0.001440755450986099,0.002157340995307903],[4.490677168408519E-4,0.010215619209257336,6.176526776055924E-4,0.004298709753665309,0.0035561086324346104,0.002009422079572743,0.004255379498470664,0.0031902191526821766,0.003974912309751344,1.0,0.0011129757401441257,0.002019660966543909,0.0017226562433929364,0.0022260331386616487,0.001871673707513254,0.001533859106999755,0.003959864863391607,0.0036362433258745677,0.004767258442760911,5.196025388839575E-4,0.0030883512481877555,0.0018673331636341966,2.892294777141331E-4,3.371610265911969E-4,0.0012858887035469072,0.0029209927598073167,0.0036639335256770694,0.005584160899696431,0.0013467561827797613,0.001684634787897806,0.006465339623682676,0.003775906239049877,0.00326342362463454,0.0036999660914426307,0.005402589670187161,0.003860027701752337,0.004402061104013386,0.0038674086057951668,4.7836003949653435E-4,8.397865299683756E-4,0.005220281956113824,0.0014040617568636823,0.004683266246664739,0.0024185746737435234,0.004849052188624417,0.004153713027299148,0.002895012044710349,0.0026288380093828305,0.0040723013042860395,0.0022903732872455664,0.004331752631356469,0.00935093344367618,0.0029297774608788634,0.004882559234185624,0.004422367684101438,0.004322180174498055],[1.0169908657527123E-4,0.03854948539603364,8.983558588261393E-5,2.8095307791262385E-4,0.0020457380648228056,6.983290891567159E-4,1.6772834668943719E-4,2.9714593433514796E-5,5.486253530491896E-4,0.0011129757401441257,1.0,2.9528927517773915E-5,4.768880601485763E-4,8.900255553385374E-4,3.058902806558211E-4,6.501286348805833E-5,1.3071685330653707E-5,8.558868180014178E-4,4.855193143714718E-5,1.839709588761177E-4,1.0684544006118366E-4,3.062046851921365E-5,2.546360214389787E-4,2.2088944735047377E-5,4.208384521394397E-5,5.069522030376738E-4,2.8414995454264564E-5,0.02137462664501957,3.4426070453878495E-5,5.6667659157354585E-5,0.0011363854383573215,3.4071791573660524E-4,3.287600135217988E-5,6.327611258886467E-5,0.0013012272693480311,9.291805075492551E-4,5.111857262598418E-5,1.01299758613438E-4,4.3047449395978156E-5,1.7724486321627395E-4,0.0029799925215971035,8.056396649927476E-5,0.0013723846631449215,3.0909584116739985E-4,6.743349738130726E-5,7.466002408364872E-5,1.9978278505637227E-5,2.3838553616004627E-5,3.121987884462955E-5,3.268781691998769E-5,5.173501027824636E-5,0.001700428355635026,7.872754243775134E-5,2.7243103594992027E-5,4.989696523879065E-4,0.001811141264692408],[9.232011439319954E-5,0.014182750203584211,3.495701434578748E-5,7.933213207649107E-5,0.0022314569456870063,4.4612585059222314E-4,0.0012279475544031797,7.841535180939253E-5,0.0017584265339931353,0.002019660966543909,2.9528927517773915E-5,1.0,1.3831584884101836E-4,1.3164720867450734E-4,1.1515482962876959E-4,1.2570575235358968E-4,1.451404762534764E-5,7.014928004255769E-4,7.906191488328538E-5,3.808584128487437E-4,8.206527563166732E-5,2.9185819830010878E-5,2.1505244960040386E-4,1.8660605683496577E-5,5.403037311231911E-5,3.50298803776937E-4,2.4411174309771817E-5,0.027402349677167866,3.143054111806743E-5,2.836915515760605E-5,0.010180040088291402,7.330421350779368E-4,0.0010487681992583213,1.8770473403991857E-4,0.004017886243338438,4.567466912515426E-5,4.4663217241645465E-5,1.8251663636896626E-4,7.808102445952512E-5,1.3569791198128365E-4,0.003275499320065755,4.642001876135503E-5,1.6059212976298344E-4,1.9134208740600268E-4,5.248755761353133E-5,1.6833265907174676E-4,2.2104071154818942E-5,2.5488464199688837E-5,5.301635603272765E-5,3.921148897958858E-5,8.420357351169731E-5,0.009647862495386043,2.8078626555876597E-5,2.559835846886727E-5,5.7932230305065634E-5,0.001534550342399447],[1.1974217699044097E-4,0.009688872857631413,3.412703672043307E-4,0.0010013746354561822,0.0018512117744127188,8.724997681116147E-4,0.0010783923215827891,1.4795658158298802E-4,0.00135214167596345,0.0017226562433929364,4.768880601485763E-4,1.3831584884101836E-4,1.0,0.0011809056568799934,8.069848225616447E-4,2.2923568581393938E-4,1.0666196550247457E-4,0.001014958425944084,4.8758258448453946E-4,6.409756495448248E-4,4.0263233513187103E-4,6.217872585997991E-4,4.8023940470489485E-4,5.677889204243185E-4,4.7896088669141626E-4,9.628518660229658E-4,4.724248201256138E-4,0.01322604868732058,6.998006533062385E-4,5.6197027731866E-4,0.0015138020388845291,0.0013054934359051234,7.926789005039943E-4,4.221287467880056E-4,0.008695569727820077,0.001064901428437271,4.531276373021505E-4,5.653339644055653E-4,5.393450765011554E-4,4.620700396417972E-4,0.0015916988915466363,3.7216644781248344E-4,0.001980696335633989,5.619838568688734E-4,1.800590326122382E-4,2.795650321853098E-4,3.9437637521181934E-4,4.569766647947214E-4,3.584916782002299E-4,3.601430811001363E-4,4.8634134925559027E-4,0.011324976975583318,2.2659947105059308E-4,5.766277609257454E-4,8.533846862361148E-4,0.002032261445990977],[4.3435937871092063E-4,0.01718993309254723,0.0011104281600534543,0.0012344407347238268,0.0021875286668012997,0.0012324119194265458,0.0013206774654242765,7.878497703213929E-4,0.0016103421237415583,0.0022260331386616487,8.900255553385374E-4,1.3164720867450734E-4,0.0011809056568799934,1.0,0.0012981249888660697,6.972068715901162E-4,7.400887494375075E-4,0.0014099551569310112,9.247146165776479E-4,0.00104097522122456,0.0011919984716636947,3.2019479849249016E-4,0.0010891650180545266,0.001225385247288801,4.199224191545548E-4,0.0015425538244734011,8.210838992311041E-4,0.029651669044555438,9.818340166570343E-4,6.07163087157162E-4,0.011957479819868635,0.0014024884943200189,0.0011481668495374098,8.070932421676016E-4,0.0033003124439261403,0.0012410022940463478,8.475477720715538E-4,2.8532196726681683E-4,7.961736684483045E-4,0.0010780761537266424,0.0042775935112339125,1.2251457605553205E-4,0.002589162766327325,7.00800929347759E-4,4.8004251376460445E-4,4.0132957571081476E-4,8.226100352746188E-4,4.137859941520629E-5,3.8142013115134406E-4,0.0011714486085187313,6.574900300454443E-4,0.013751016283015177,2.676913560993795E-4,9.703084417677989E-4,0.001217120693484443,0.001572378755472739],[0.0010141451527328094,0.05242118544203502,3.3938337488385444E-4,0.0014214324128982918,0.002348165766513816,0.0015066666521047017,0.0013797454212712435,4.3594119031321817E-4,0.0016730558649636223,0.001871673707513254,3.058902806558211E-4,1.1515482962876959E-4,8.069848225616447E-4,0.0012981249888660697,1.0,0.0013556727106086948,7.229086474429824E-4,0.001489535824988576,0.0014466949942221468,0.001125573609060815,0.00155774052587965,9.080986515215577E-4,9.721796983273081E-4,0.0015673089009939666,7.113222499931051E-4,0.001748711009759639,7.804479095034381E-4,0.024004540508217834,0.0010543134330837655,8.616225366513086E-4,0.010874281166846881,0.0014539908671882856,0.0011006085903405175,9.923926345540342E-4,0.0027635054437920373,0.001352185198153226,7.20900896556482E-4,6.4539703981408E-4,6.248865641448767E-4,7.967013153234073E-4,0.0023838029149331513,0.0015228733230352306,0.0016272904713829951,9.264956899616795E-4,9.005625387027108E-4,3.5969781674947846E-4,1.1265268430015951E-4,0.0010568127096006975,7.377960904871112E-4,0.0010740681408666105,0.001159951347815871,0.007789348427568966,7.212275618783313E-4,2.8877570928525944E-4,0.0015319318147152359,0.0019445327066470533],[1.1512014295692152E-4,0.00376469452084418,1.2799032698653222E-4,0.0011230283167796289,0.0014278179338642174,6.932383964713694E-4,2.448090685585963E-4,1.188420243741471E-4,7.879654326371271E-4,0.001533859106999755,6.501286348805833E-5,1.2570575235358968E-4,2.2923568581393938E-4,6.972068715901162E-4,0.0013556727106086948,1.0,4.622981416400663E-5,0.0011232387384653756,1.0776977977105893E-4,1.8644135796770642E-4,1.1551964184395277E-4,6.996852495081833E-5,2.42274994182187E-4,7.854652709415106E-5,1.2489483273028267E-4,9.778798455645054E-4,6.396971247070656E-5,0.033286566443751185,3.839438746697888E-5,1.3107265152483382E-4,0.010483545221403575,6.080032038071492E-4,7.472010836319162E-4,1.8152027893929607E-4,9.118243229113225E-4,5.571644036304501E-4,1.3972440889972124E-4,1.715755049417091E-4,1.666977036988493E-4,1.9010093701739115E-4,0.0012399340892036443,8.682053711184884E-5,0.0022986841285476665,1.6024295789208667E-4,1.508772229370211E-4,1.5574799126327947E-4,9.503384028049262E-5,4.883371856312896E-5,1.5906675151605232E-4,1.5032030978789446E-4,1.1966869552135784E-4,0.007902991372640741,1.3865220652447934E-4,5.30442817463771E-5,9.123383002037895E-4,0.001499579695803067],[1.003043320899093E-4,0.03349550080735604,6.712328392916607E-5,8.73792557467133E-4,6.437147245160964E-4,0.0011382204315725248,4.017740813593946E-4,5.686146602436439E-5,0.001767064620814827,0.003959864863391607,1.3071685330653707E-5,1.451404762534764E-5,1.0666196550247457E-4,7.400887494375075E-4,7.229086474429824E-4,4.622981416400663E-5,1.0,6.766050090277472E-4,9.633619108424608E-5,2.2366535207529574E-4,8.464647391400224E-5,3.0222981324289762E-5,1.6902885121719582E-4,1.5070425236141475E-5,3.465736740910358E-5,7.087000873095782E-4,1.2115842915354625E-5,0.015290214613100688,1.4889866542824556E-5,9.6332415360017E-5,0.0027006302272198916,0.0010508535637350008,4.346850241595376E-4,1.1554111518332698E-4,0.003868826016385509,6.594651902689777E-4,1.1796194167032079E-4,1.4693769232215556E-4,3.7915554687676615E-5,4.5001264714164866E-5,0.0012127343304763262,6.078748169690603E-5,1.4331026264521787E-4,6.368642862114053E-5,1.5727594085000857E-4,1.2767019109891927E-4,1.5078661282631788E-5,1.2832386637822415E-5,1.3682355117473059E-4,1.9128831470873652E-4,9.733201377180762E-5,0.01364230806170113,1.2042297046944219E-4,2.1258639805655188E-5,1.9692743693114E-5,2.7917433461440143E-4],[0.001275193943742742,0.01312499415330836,0.0013448156289240995,0.0013208722977572829,0.0019287758492032652,0.0012871721325624277,0.0014489642306181685,4.3063446393628045E-4,0.0017552762263035762,0.0036362433258745677,8.558868180014178E-4,7.014928004255769E-4,0.001014958425944084,0.0014099551569310112,0.001489535824988576,0.0011232387384653756,6.766050090277472E-4,1.0,6.599917519009627E-4,0.0013802615028523325,6.211098576580662E-4,1.839930775126223E-4,0.0014317115903588762,0.0014641216868448528,0.0011262304362879363,0.002066376296610632,1.41191232454135E-4,0.035454421663800695,0.0013943078817091302,7.275875046808928E-4,0.01300604501302338,0.001467336415903578,0.0011383057062814483,7.94746660695623E-4,0.0048954601174813804,0.0013501783716621996,7.795632545177082E-4,9.097161670227561E-4,8.546210040392107E-4,3.2768459680440425E-4,0.004810370490708978,7.799086000291239E-4,0.0021102180551074135,0.0013099966513731459,6.488479195202619E-4,3.40351374398266E-4,7.153212094502286E-4,4.5359306204618706E-4,9.122264344925156E-4,0.0011043839758809642,0.0014016807329222307,0.0057776107466139285,0.0014727930554972912,0.001162599475483393,0.001182052017951006,0.0015452914088786266],[1.0855276241685979E-4,0.02714557564080781,1.045413865728848E-4,9.88689570324539E-4,3.742806183871624E-4,9.690059066934397E-4,6.011646217103359E-4,1.0241225124004127E-4,0.0012371279174383867,0.004767258442760911,4.855193143714718E-5,7.906191488328538E-5,4.8758258448453946E-4,9.247146165776479E-4,0.0014466949942221468,1.0776977977105893E-4,9.633619108424608E-5,6.599917519009627E-4,1.0,2.4253119375648404E-4,1.0824446168048799E-4,4.737602032081281E-5,2.5323788474808536E-4,8.450042057214344E-5,1.026328950933206E-4,0.0013285005340244389,4.615325146508212E-5,0.009888830728377223,8.943159739877845E-5,1.1654059373899222E-4,0.01323775366047792,0.0013590132834263341,8.2067448377916E-4,1.1388319372529268E-4,0.0035538835914374085,9.069990446645293E-4,1.3293256494987233E-4,1.098914285854391E-4,1.1700428895499569E-4,1.877879956967002E-4,0.0020851423534552233,9.910540480394815E-5,1.5815455987188247E-4,1.7113921973082165E-4,1.1590231941316127E-4,1.1759729045014388E-4,1.0103337414698959E-4,5.1059756890095724E-5,1.1404492981566661E-4,1.432626321408707E-4,1.0127614584562248E-4,0.015017602327427985,1.1699844963582753E-4,6.721179613564167E-5,6.435068055417318E-4,2.7683073106722373E-4],[1.489196868546702E-4,0.005083133749160798,2.2443073392201246E-4,0.0011784502338294685,0.0014138338899894846,0.001138518079104499,8.346354970843574E-4,2.883740463278145E-4,0.0015109547795026349,5.196025388839575E-4,1.839709588761177E-4,3.808584128487437E-4,6.409756495448248E-4,0.00104097522122456,0.001125573609060815,1.8644135796770642E-4,2.2366535207529574E-4,0.0013802615028523325,2.4253119375648404E-4,1.0,2.0427388022934909E-4,3.056988699699568E-4,4.680355502656575E-4,2.764028956827504E-4,3.617404228624435E-4,0.0016956570747657493,4.405946697720776E-4,0.017178055486948472,1.7838714689755988E-4,3.3557693397959904E-4,0.012272391303113903,8.486571421750491E-4,8.975287040313179E-4,4.2591358243749807E-4,0.0016434409518423778,9.035575560801476E-4,3.095682031299883E-4,3.3528844419167736E-4,1.886638460155037E-4,3.307662899685136E-4,0.0031284654109153195,3.3918041019590265E-4,0.002081234715051963,4.4197402684217E-4,4.4606287481193307E-4,3.3065356593689016E-4,4.8585439774903995E-4,4.081625065648507E-4,2.053672758954923E-4,2.7975994401719436E-4,3.180637340505009E-4,0.011920926226512052,3.000108360568118E-4,2.9395226202128157E-5,8.295697980089602E-4,0.001230501880054005],[1.0855282756254273E-4,0.01876968200516768,1.1309846167879607E-4,0.0011027925164505015,3.4651651053946547E-4,5.256707768348759E-4,0.0012779185141110262,1.1338520569724527E-4,0.0019560425018406652,0.0030883512481877555,1.0684544006118366E-4,8.206527563166732E-5,4.0263233513187103E-4,0.0011919984716636947,0.00155774052587965,1.1551964184395277E-4,8.464647391400224E-5,6.211098576580662E-4,1.0824446168048799E-4,2.0427388022934909E-4,1.0,9.674264025233021E-5,2.3592019341589157E-4,1.014292481766496E-4,1.0987390216323059E-4,0.0019709268454302766,1.0271405477412039E-4,0.025755398726400376,4.76223610497816E-5,1.1591508380173384E-4,0.005202384532245387,9.938018397451873E-4,7.877989391475264E-4,1.5671142275487887E-4,0.0013688423302788612,4.6165233217545577E-4,1.3357685275234074E-4,1.509156664591124E-4,1.1859638073733408E-4,1.8961421725028835E-4,0.003063615996266314,1.0215856718525402E-4,0.0023614068959247206,2.0170553836642983E-4,1.5431986831767388E-4,1.1206257051968679E-4,9.574981918054284E-5,9.184439225093666E-5,1.451977420881594E-4,1.2796264371767199E-4,1.0350168020886697E-4,0.013878895962199884,1.091701574535179E-4,5.3943358045447866E-5,7.624509152292747E-4,9.546736099852973E-4],[7.308070640313852E-5,0.03567410292556843,9.468952631078905E-5,5.612270268618503E-4,0.0014223119490396983,5.6610461972942E-5,2.1433616801273982E-4,9.544312454974461E-5,2.673580214535151E-4,0.0018673331636341966,3.062046851921365E-5,2.9185819830010878E-5,6.217872585997991E-4,3.2019479849249016E-4,9.080986515215577E-4,6.996852495081833E-5,3.0222981324289762E-5,1.839930775126223E-4,4.737602032081281E-5,3.056988699699568E-4,9.674264025233021E-5,1.0,1.9866444080467182E-4,1.959726325244673E-5,1.1026308655442014E-4,0.0010256737872759152,1.8541038692830733E-5,0.03552259640840488,3.270393591838588E-5,3.9610279664461174E-5,0.0019944496741240315,5.62074088168768E-4,0.001037666587645688,1.8870143461473748E-4,0.005799000895304251,0.0010731219253387256,7.509463022400487E-5,1.1629152476786228E-4,6.701949030484133E-5,2.063750673474337E-4,0.0041982978736242425,6.556497681239189E-5,7.651049116752253E-4,2.1063653921636648E-4,3.415496468433855E-5,9.903854302014642E-5,2.4344095049472693E-5,1.9144160436867837E-5,1.0212666374359266E-4,8.80827430818512E-5,6.224790025095399E-5,0.010956596913166066,8.284940569368526E-5,2.738549996173818E-5,6.097765758924204E-4,0.0013310276750070637],[1.6089905381444093E-4,0.010418283916251079,1.4655200644845927E-4,2.6842857602802435E-4,0.0013325384494456262,2.640461047062319E-4,6.318255153193425E-4,1.8152648392818374E-4,5.144349176252692E-4,2.892294777141331E-4,2.546360214389787E-4,2.1505244960040386E-4,4.8023940470489485E-4,0.0010891650180545266,9.721796983273081E-4,2.42274994182187E-4,1.6902885121719582E-4,0.0014317115903588762,2.5323788474808536E-4,4.680355502656575E-4,2.3592019341589157E-4,1.9866444080467182E-4,1.0,8.29696554938715E-5,2.1294582712042258E-4,0.0018002608349781725,8.506073890630927E-5,0.014312492599220579,7.530361209483273E-5,1.5099634807478972E-4,0.004315365846240841,4.2305809347033057E-4,8.450929030713998E-4,2.2122386475140847E-4,0.0010906343680632535,7.417631584382251E-4,1.5668206348585267E-4,2.1614796204753945E-4,1.972969181970661E-4,2.555758328942091E-4,0.0022757464971515655,2.5384293272943096E-4,0.0021973864772096966,3.041649691064486E-4,2.2222347377535328E-4,2.567739803314455E-4,1.571342541132875E-4,1.6383536492101117E-4,1.870775123461999E-4,2.4069231933579682E-4,1.375219658486358E-4,0.012011199791585688,1.9930642237509367E-4,1.6542121131185277E-4,5.021056907290743E-4,0.0016466274606736914],[2.3191998741340686E-5,0.009934273207670371,1.1116063565745328E-4,8.60328453919974E-4,0.002493154236461454,5.551948224461207E-4,8.620989101696978E-4,9.981567475606665E-5,8.130267019477519E-4,3.371610265911969E-4,2.2088944735047377E-5,1.8660605683496577E-5,5.677889204243185E-4,0.001225385247288801,0.0015673089009939666,7.854652709415106E-5,1.5070425236141475E-5,0.0014641216868448528,8.450042057214344E-5,2.764028956827504E-4,1.014292481766496E-4,1.959726325244673E-5,8.29696554938715E-5,1.0,9.814888851289635E-5,6.822094783097686E-4,1.5438802719636818E-5,0.014386207070128457,3.680603666723647E-5,7.105298796454834E-5,0.0023254618877219216,0.0011882080274571302,5.738293494645179E-4,1.1185847915849297E-4,0.003959123961566386,9.315908871454381E-4,5.5481790971844425E-5,1.5032557832137024E-4,1.1642130197723834E-4,1.1776180987553522E-4,0.002979171723063299,5.357288215057432E-5,7.183744295003395E-5,1.5174701465180324E-4,2.514075798389016E-5,1.0219931957788113E-4,1.685119706491872E-5,1.637064707027599E-5,1.9924595504073727E-5,1.3189800074367642E-4,2.874972212356196E-5,0.014894794502578121,8.768715870932975E-5,2.034205344514113E-5,3.44576189326054E-4,0.001159890623032193],[1.0977624977811211E-4,0.021443054614484088,1.178749991308311E-4,2.5811543441148704E-4,0.0022066781085964093,0.0011245946593029627,9.203009035159456E-4,1.1110148627944634E-4,0.0010516020941644033,0.0012858887035469072,4.208384521394397E-5,5.403037311231911E-5,4.7896088669141626E-4,4.199224191545548E-4,7.113222499931051E-4,1.2489483273028267E-4,3.465736740910358E-5,0.0011262304362879363,1.026328950933206E-4,3.617404228624435E-4,1.0987390216323059E-4,1.1026308655442014E-4,2.1294582712042258E-4,9.814888851289635E-5,1.0,0.0023236883413531757,3.7433063857839486E-5,0.010258667975025771,7.808320620239448E-5,1.1803349522910563E-4,0.008332711968433042,1.6448084337786957E-4,9.27975846686899E-4,1.6133506938792404E-4,0.001490553879934815,2.404387992219165E-4,1.1168167414422126E-4,1.6535295027132277E-4,1.5064877394830155E-4,1.9183028153509985E-4,0.002432214027199861,8.991939179382082E-5,0.002357012953151711,2.726562540503405E-4,1.3039968236541033E-4,1.6063664631797177E-4,2.300878579515542E-5,6.070491139150391E-5,1.341655049549855E-4,1.5793988838760925E-4,1.0340388687524588E-4,0.0016244211473627806,1.1900404647441213E-4,2.897484532813782E-5,7.394838676766415E-4,8.403253089039971E-4],[0.0014220280517113582,0.008255177865291678,0.002008004341421717,0.001831399850586545,0.0026117613798425283,0.0023374524106831397,0.0020229930328926954,0.0018864726672458525,0.002160610640348902,0.0029209927598073167,5.069522030376738E-4,3.50298803776937E-4,9.628518660229658E-4,0.0015425538244734011,0.001748711009759639,9.778798455645054E-4,7.087000873095782E-4,0.002066376296610632,0.0013285005340244389,0.0016956570747657493,0.0019709268454302766,0.0010256737872759152,0.0018002608349781725,6.822094783097686E-4,0.0023236883413531757,1.0,3.783272926978808E-4,0.03136097598455864,0.0020164392865701123,5.490140853067835E-4,0.00718274673093652,0.0019073381415361814,0.0012001125612788213,8.050661006388424E-4,0.003659709881204445,0.002108126167157161,3.4063413607231225E-4,0.0011245374620419484,5.313486733827473E-4,0.0019914705607876134,0.0035025821210388566,0.0019998420307401287,0.0024020770255703634,6.439302487391561E-4,0.0022565137976697483,0.0011230280229668028,0.0023024612254617365,0.0015148430869779536,6.620581217481276E-4,0.0019463371755116072,0.0012642606623261595,0.007307143226774136,8.316902214628066E-4,0.0022416701593215614,0.001621694915243617,0.002208140521443203],[5.289081899899937E-5,0.01638447237044665,1.2185693603442237E-4,8.442895453494054E-5,0.002481638384555441,0.001048333743212405,2.2034578250067856E-4,5.861023540004081E-5,3.5275039691959163E-4,0.0036639335256770694,2.8414995454264564E-5,2.4411174309771817E-5,4.724248201256138E-4,8.210838992311041E-4,7.804479095034381E-4,6.396971247070656E-5,1.2115842915354625E-5,1.41191232454135E-4,4.615325146508212E-5,4.405946697720776E-4,1.0271405477412039E-4,1.8541038692830733E-5,8.506073890630927E-5,1.5438802719636818E-5,3.7433063857839486E-5,3.783272926978808E-4,1.0,1.79140542311105E-4,1.4389257618036767E-5,8.429643984568672E-5,0.007226663821443002,3.3283722940833933E-4,9.628666439674726E-4,1.8892193357390228E-4,0.0068255510347965806,2.364347988197439E-4,1.2705107298108123E-4,1.399600442905249E-4,1.342313017819788E-4,1.361715455459452E-4,7.050208057293491E-4,3.8957675015854213E-5,9.708954649236823E-4,8.754712206843543E-5,1.3944575584919143E-4,6.92393016458248E-5,1.5077384944711215E-5,1.157363494040333E-5,1.3067332112826313E-4,5.39357623394118E-5,9.886176651487081E-5,0.005650692277366064,1.1790215589854407E-4,2.4643764708137817E-5,3.5682625362772974E-4,0.0017760262903200618],[0.014434635846697583,0.0408844679728314,0.03139320195044394,0.006693431879689635,0.029252639059374065,0.005253299185128127,0.014791607605612067,0.031013274240259122,0.03540898605849735,0.005584160899696431,0.02137462664501957,0.027402349677167866,0.01322604868732058,0.029651669044555438,0.024004540508217834,0.033286566443751185,0.015290214613100688,0.035454421663800695,0.009888830728377223,0.017178055486948472,0.025755398726400376,0.03552259640840488,0.014312492599220579,0.014386207070128457,0.010258667975025771,0.03136097598455864,1.79140542311105E-4,1.0,0.026045282144235127,0.013165102414317335,0.028429900971225927,0.021218470527076858,0.0034848401565545457,0.011525564514241584,0.03239381879639498,0.032594798265161935,0.0038079303330648168,3.3769216716874456E-4,0.01488621992940367,0.03561883058648709,0.010627477466172566,0.020344578029801212,0.0321915234331963,0.030712437089254717,0.026779642739108746,0.018254584799768245,0.0012419950746982774,0.0023479089557867246,0.013396979415572323,0.005392715578173217,0.02693628375855353,0.03402679151488798,0.020518745694526042,0.018167774143932367,0.010585674732933231,0.02418598146947752],[5.3383759812932393E-5,0.0024471803028792627,4.689742121796641E-5,0.0011129710162434388,0.0014274302196501541,2.995818267039537E-4,4.49722629124517E-4,1.1789215989611894E-4,0.0010640910620043835,0.0013467561827797613,3.4426070453878495E-5,3.143054111806743E-5,6.998006533062385E-4,9.818340166570343E-4,0.0010543134330837655,3.839438746697888E-5,1.4889866542824556E-5,0.0013943078817091302,8.943159739877845E-5,1.7838714689755988E-4,4.76223610497816E-5,3.270393591838588E-5,7.530361209483273E-5,3.680603666723647E-5,7.808320620239448E-5,0.0020164392865701123,1.4389257618036767E-5,0.026045282144235127,1.0,5.3832656582929894E-5,0.0033868536497902763,7.246573740554432E-4,3.627294389892386E-4,1.6721969646400374E-4,0.001639877570894604,9.253403418614823E-4,1.2590165212008809E-4,1.6413950999367999E-4,7.856309949379638E-5,1.5253986393183502E-4,0.0019085607392161333,7.895334511162866E-5,0.0015531427301271339,1.818324429342625E-4,1.2163307459565156E-4,9.731313004165772E-5,2.5608881018128768E-5,2.5056883144445576E-5,1.0911151535105714E-4,1.9351815753521979E-4,9.234191100631708E-5,0.001475277035990975,1.1194635016288399E-4,3.501742626130497E-5,7.699800680543168E-4,3.129315195986572E-4],[1.1305911135073037E-4,0.014052493258750886,1.2144249627593202E-4,0.0010139168568662014,0.002050844246974603,7.760554283276428E-4,1.9684451326409914E-4,1.1886287643226357E-4,1.690070674381474E-4,0.001684634787897806,5.6667659157354585E-5,2.836915515760605E-5,5.6197027731866E-4,6.07163087157162E-4,8.616225366513086E-4,1.3107265152483382E-4,9.6332415360017E-5,7.275875046808928E-4,1.1654059373899222E-4,3.3557693397959904E-4,1.1591508380173384E-4,3.9610279664461174E-5,1.5099634807478972E-4,7.105298796454834E-5,1.1803349522910563E-4,5.490140853067835E-4,8.429643984568672E-5,0.013165102414317335,5.3832656582929894E-5,1.0,0.012237913155081753,0.0011714171486467103,2.579631170174518E-4,1.418109282598691E-4,0.010096548711550234,2.9263731308752904E-4,1.2586650498294072E-4,1.2834603527277222E-4,1.247854164967103E-4,1.9314594917168492E-4,0.0029439588780802786,1.1916120536670664E-4,1.9817564765687136E-4,1.838984246709628E-4,1.5210105240248364E-4,1.4739869568363188E-4,9.065901250350543E-5,7.855608569669059E-5,1.2086161577798499E-4,1.529170089343106E-4,1.088914487515718E-4,0.01527358689269659,1.225170846792551E-4,5.977243510909399E-5,9.431790451566E-4,6.656844111647696E-4],[0.009493896253807787,0.017743763513366553,0.0012176051915871527,0.012092226472658197,0.012127941745106062,0.006933130713506956,0.007477034919159421,0.004632194158686068,0.0057621522197639306,0.006465339623682676,0.0011363854383573215,0.010180040088291402,0.0015138020388845291,0.011957479819868635,0.010874281166846881,0.010483545221403575,0.0027006302272198916,0.01300604501302338,0.01323775366047792,0.012272391303113903,0.005202384532245387,0.0019944496741240315,0.004315365846240841,0.0023254618877219216,0.008332711968433042,0.00718274673093652,0.007226663821443002,0.028429900971225927,0.0033868536497902763,0.012237913155081753,1.0,0.01215941196996045,0.006912857387757444,4.71225057519296E-4,0.012554991833858687,0.0035006182918582525,0.005268669968864943,0.0066675009154282565,0.006096555860479286,0.006609710932986912,0.007913385083740414,0.0017373167037209713,0.010677524326166227,0.008401637722613136,0.0015908506864766643,0.008045553362404279,0.0019073939414696415,0.003132065355631242,5.803987039408712E-4,0.008817942334979392,0.005538847588122781,0.014608631675861001,0.0025181463481503555,0.0011564187278418608,0.0044028962413275195,0.013561994801301634],[1.672609507688872E-4,0.04038632396897727,6.410340969338113E-4,0.0012545819903475358,0.0017640824541073194,0.0012129652375137416,0.0013774758618800918,3.362463382678127E-4,0.00187487026862955,0.003775906239049877,3.4071791573660524E-4,7.330421350779368E-4,0.0013054934359051234,0.0014024884943200189,0.0014539908671882856,6.080032038071492E-4,0.0010508535637350008,0.001467336415903578,0.0013590132834263341,8.486571421750491E-4,9.938018397451873E-4,5.62074088168768E-4,4.2305809347033057E-4,0.0011882080274571302,1.6448084337786957E-4,0.0019073381415361814,3.3283722940833933E-4,0.021218470527076858,7.246573740554432E-4,0.0011714171486467103,0.01215941196996045,1.0,0.0013126313646302304,0.0012010998402399399,0.0014387486769623379,0.0013379818127874307,3.305919143295864E-4,9.636815725180421E-4,9.664167250863127E-4,9.241124312770249E-4,0.0024528899468280897,5.944941946179754E-4,0.0022319875343827056,0.0011019505068131305,8.802716648282386E-4,0.001080220076258576,3.5445263257567235E-4,0.0013971452483579644,6.358650359273733E-4,6.319289605481654E-4,3.883750154712022E-4,0.010688584663515806,9.200571727719243E-4,3.93730171841733E-4,0.0013822018944169637,0.00208687679746466],[3.7662984769247444E-4,0.02894912164240863,4.2810868902328305E-4,0.001203349754398044,0.0025386377896301927,0.0011134882492528236,0.0012489219848027704,2.0066346999100083E-4,0.0015308735252425897,0.00326342362463454,3.287600135217988E-5,0.0010487681992583213,7.926789005039943E-4,0.0011481668495374098,0.0011006085903405175,7.472010836319162E-4,4.346850241595376E-4,0.0011383057062814483,8.2067448377916E-4,8.975287040313179E-4,7.877989391475264E-4,0.001037666587645688,8.450929030713998E-4,5.738293494645179E-4,9.27975846686899E-4,0.0012001125612788213,9.628666439674726E-4,0.0034848401565545457,3.627294389892386E-4,2.579631170174518E-4,0.006912857387757444,0.0013126313646302304,1.0,9.92829511732142E-4,0.00882940627296728,0.0012166728258723753,9.989222875083042E-4,3.115815375996717E-4,7.108257070105781E-4,0.0010141798585752047,0.00422848018760176,9.220655127543139E-4,0.0017662347736068762,6.455632842610941E-4,6.745674129034318E-4,4.8034528095934875E-4,4.6434431474481853E-4,9.399025049495085E-4,7.516502932114824E-4,6.40573888768084E-4,2.879753639485331E-4,0.010503629378177778,8.528511878348266E-4,2.958113050800116E-4,0.0010415605797001785,0.0011548285764776372],[1.1878679961967863E-4,0.03993076005515953,1.6203105686344102E-4,5.94169225491681E-4,6.710721081884257E-4,8.098325879845793E-4,7.986480507323186E-4,1.2003264579074543E-4,4.758542723734899E-4,0.0036999660914426307,6.327611258886467E-5,1.8770473403991857E-4,4.221287467880056E-4,8.070932421676016E-4,9.923926345540342E-4,1.8152027893929607E-4,1.1554111518332698E-4,7.94746660695623E-4,1.1388319372529268E-4,4.2591358243749807E-4,1.5671142275487887E-4,1.8870143461473748E-4,2.2122386475140847E-4,1.1185847915849297E-4,1.6133506938792404E-4,8.050661006388424E-4,1.8892193357390228E-4,0.011525564514241584,1.6721969646400374E-4,1.418109282598691E-4,4.71225057519296E-4,0.0012010998402399399,9.92829511732142E-4,1.0,0.009138568404643332,7.718203044622587E-4,1.4305122917039828E-4,1.9771649799667543E-4,1.882211018128574E-4,2.2625184279038388E-4,0.003466101372379622,1.4477256350529943E-4,0.0025408646027649546,2.166850186598955E-4,1.7670696000631297E-4,1.9347428329487244E-4,6.577103240901521E-5,5.8411520365486087E-5,1.713366236354009E-4,1.9575602117397474E-4,1.64046