[[1.0,0.0030739849289201015,0.017907073830575427,0.0020623698541482253,0.0014355310679376482,0.0013566483112364643,0.008310282822330935,0.002651492437315454,0.001639834893488242,0.0072100786049151926,0.0014626037771013171,0.0017757597737756178,0.0019062579458357085,0.0018534354399731595,0.0019564546520009127,0.001587152891231265,0.0014057601827100665,0.02644694338720684,0.002299091483273394,0.00174351306518335,0.003376487772510846,0.0026961474504902374,9.001215759293832E-4,0.0015028138597135672,0.0025759050000334956,0.00645369601285409,0.0016456146816865127,0.014422740195080252,0.016794405867483354,7.039931703139723E-4,0.03776746677899835,0.0025910474314554998,0.002186651168656184,3.3543501581466515E-4,0.001665828253136192,0.0013474430161917318,0.0026373696564619075,0.0014627738814421288,0.006930014488554869,0.0022734223817206726,7.192738723001663E-4,0.0012447621925087522,0.002508976846392824,0.0028678657959616844,7.657297002638205E-4,0.0013641380614644936,0.001633763661267159,0.002676655667624604,0.0021566470176417572,0.0019057614916444567,0.0020191011348663713,0.002299213734912407,0.002075005897603751],[0.0030739849289201015,1.0,0.00762712586295212,0.0014914232862920948,0.002246251054471045,0.0016818691540680024,0.006090677781267283,0.0027448020609226694,0.00323044745956094,0.04626613206599559,2.2760449140395766E-4,0.003176116801439908,0.002078923222058474,0.0026774583847989242,5.7436918047637E-4,5.787918690083191E-4,0.0027039343534419496,0.030064735805865706,0.0016677379698276616,0.0014500047065309004,0.003503316588784628,0.0029231234733057515,0.0013059585461428769,0.0015534567318287633,0.0016444094142270178,0.009529818506560934,0.0014670242916500953,0.008342470426617213,0.017769782244661525,0.0026194167934003474,0.02827951952467368,6.084349819650567E-4,0.0030585551714529093,0.0024556279601245052,4.746198095738998E-4,0.0018876632550121248,0.002193091987660174,3.0954988529964425E-4,0.004674931579617858,0.0022953550961781048,8.576187483827634E-4,7.841207631635037E-4,0.0031077048281893845,0.003518649631275662,0.0025454973615462394,5.360188007170177E-5,0.003282767987084047,0.0026742971740801,0.0020843345741453764,0.0012019002969761352,0.002322511732905181,0.0034476281741924845,0.002900937811614316],[0.017907073830575427,0.00762712586295212,1.0,0.0020552227034989243,0.01788618773607623,0.016944478364653806,0.019230769230769232,0.0036258714874598677,0.0015529515555475271,0.02181942018326665,0.01022998178845488,0.003325899560728875,0.006482860014471391,0.005738143035839208,0.01242028718439134,0.0046831646258303355,0.009107157118212524,0.036732203558353035,0.008665815772560464,0.012020793541028729,0.008332009775149751,0.017055560650908023,0.010339534830268915,0.012916155117285395,0.009568612775827991,0.018147552803512237,0.008185141953208084,0.017325566756925898,0.020946654121308063,0.0016553115491054983,0.036175060595503725,0.011991486958133589,0.012639238789797783,0.009926746449386495,0.015040474458481912,0.01720421604673365,0.006587279001897438,0.0040524699518292885,0.01256041141566494,0.014184545601891993,0.018066703778699487,0.012255483484270729,0.006962214802581692,0.0033388988014395335,0.009482378961260625,0.012775425150679675,0.008561682418779654,0.009051943940992067,0.01494014128718781,0.015693744060914595,0.014566778211267856,0.012436917841344715,0.009859681823938043],[0.0020623698541482253,0.0014914232862920948,0.0020552227034989243,1.0,6.726558640082972E-5,2.483620752291754E-4,0.00887998011801567,0.00136334712707916,3.454646267939582E-5,0.004290549816035831,1.325797660615786E-4,6.54142093572621E-4,7.423191154900358E-4,6.288913777576396E-5,7.635259719870712E-5,1.4905942689475694E-5,3.0659520432159545E-4,0.022024141319852957,1.861948034047821E-4,0.0010219648816422937,0.003160827305922031,1.079833366978426E-4,2.706851147021901E-4,6.0454255711648715E-5,8.888236390315656E-5,0.013065147072967976,3.267205194800819E-4,0.004929223967750457,8.915984640701958E-5,3.994340348202768E-4,0.016023163164540583,2.550980199507079E-4,0.0015711453509853538,2.2875793813665873E-5,8.340173983642576E-5,5.6720487586266934E-5,0.0011987819817691969,1.6019888244828283E-5,4.5376760242429645E-5,1.7398814116062567E-5,3.411545847227595E-5,1.158317151477671E-4,2.025488974911457E-5,0.0027924464815118357,1.730002965610752E-4,1.6026789375583117E-5,1.4954006452415965E-4,6.489458386939935E-4,0.0013333511371114502,4.4051621212587075E-4,1.1827824206408118E-4,5.652624810897504E-4,0.0010914996991349464],[0.0014355310679376482,0.002246251054471045,0.01788618773607623,6.726558640082972E-5,1.0,4.0077374385540023E-4,0.011436146540580769,0.0019458238637260078,9.66588197486572E-5,0.003474858124907989,1.44891255374765E-4,6.501412747225168E-4,7.931571143117439E-4,1.0607635320409629E-4,1.4260788649752542E-4,8.922539882439349E-5,1.537629547678429E-4,0.017776143177056943,1.9630618673467925E-4,5.761489371258812E-4,0.001049453862517021,3.934540363376446E-4,1.5181163159754728E-4,1.0207415031572251E-4,1.2983723490925144E-4,0.002274307749199642,1.527614766259896E-4,0.010186887136137563,0.018135801725882333,3.153058656275646E-4,0.0219779158061035,1.819650245010547E-4,6.672859737952254E-4,6.577382371228119E-5,1.1340471178549518E-4,1.1660642521776343E-4,2.3846097854823795E-4,1.0066837156817608E-4,0.003818936369048263,9.676369821728716E-5,1.2608104601500125E-4,1.103094789461952E-4,6.164848616984986E-5,0.002071066306598735,1.465267125938187E-4,7.987338724245938E-5,1.4911927972988337E-4,4.2748547257145735E-4,0.0014275613156691485,9.210519000599039E-4,1.4618990070577184E-4,3.534453254011931E-4,0.001073686332002456],[0.0013566483112364643,0.0016818691540680024,0.016944478364653806,2.483620752291754E-4,4.0077374385540023E-4,1.0,0.002887802654227096,0.001416079644658524,4.218272988869107E-4,0.010792182579016641,4.4783870532035333E-4,6.186634886112251E-4,0.0013803247232169634,1.263941217036092E-4,3.4662200889461057E-4,1.2530478742367606E-4,4.5747728418792045E-4,0.012093980204421977,5.601714877271713E-4,9.72405854677524E-4,0.0010554212127189095,6.916419322117772E-4,4.7154637718438273E-4,3.995657904301257E-4,2.805046582432519E-4,0.009596029031572483,4.8558776446018596E-4,0.01247516444483394,0.00559730029828488,4.56332516016503E-4,0.014760901407277786,3.3233665001264893E-4,0.0010321063142394698,6.424719626050524E-5,3.184078102633731E-4,1.867065414949551E-4,0.0010936904083400794,1.1009749910035883E-4,0.0050593967198946784,3.204057333280036E-4,3.3008124687107027E-4,4.2935789466704694E-4,2.8252713167100464E-4,0.002687511027650105,3.112170655682062E-4,4.3726131171751306E-4,3.9367350190993677E-4,0.0018397394699555965,9.036389792305159E-4,0.001089837915928589,4.122831694606403E-4,8.417283679983613E-4,9.154651732881025E-4],[0.008310282822330935,0.006090677781267283,0.019230769230769232,0.00887998011801567,0.011436146540580769,0.002887802654227096,1.0,0.009317884479474276,2.4487093721506847E-4,0.041715967293550614,0.011332614008469695,0.017894914734403893,0.014938632633028155,0.01460972653215436,0.008401961382995178,0.0014842430374389403,0.004036613849735762,0.029484364647012803,6.940694133432817E-4,0.002003019507921761,0.017533170077979762,0.0022792488703129157,0.0014370103100588114,0.01755708239086537,0.002753151585184198,0.017250201615002597,0.012696381413232689,0.016684208983506435,0.02242919828486187,0.006134784404562591,0.041479365076288986,0.009858862533448852,0.011172474015617702,0.018722668784340347,0.005335444231458893,0.0095628746380982,0.009752610783048524,0.018480174402497985,0.013893731104224245,0.006795150747211384,0.0038648697569280046,2.2272540187839656E-4,0.012636059507851084,0.006401291063375463,0.017090857858921445,0.0021694694288066653,0.005811770752354599,0.018991961610897983,0.016882024326109746,0.004978449329728221,0.011001313112421062,0.011344153234035275,0.011947630821989002],[0.002651492437315454,0.0027448020609226694,0.0036258714874598677,0.00136334712707916,0.0019458238637260078,0.001416079644658524,0.009317884479474276,1.0,0.0017197931702241682,0.021307610715329467,0.0018730457607241617,0.0013718112383238681,0.001915723650723917,7.025868033349201E-4,8.262805508975639E-4,0.0015813368593305046,0.0018622568098196784,0.036474780297576566,0.0023951547583444407,0.00167237131938383,0.0030762574557085215,0.002386159780331384,7.885080674256422E-4,0.0020689793969443935,0.0020744639366397834,0.003524443370199926,0.0017650185543094904,0.006186234968769562,0.004659551787223444,0.0010175077182219456,0.008568039056681801,0.0011623688393061504,0.0017687073056483972,0.0019193414268081886,8.785730269806997E-4,0.001804469187313978,0.0024729983414214923,0.0024337400001741205,0.004763213494045376,9.493771839194634E-4,8.517443918223209E-4,3.9837069569111853E-4,0.00233008224703979,0.002815801587229288,0.0020746280683479773,0.0021575960256249196,7.41545787900591E-4,0.0026125422723259836,0.0019137525064631404,0.0018155334088396599,0.0024767329895566937,0.0021673548257007676,0.002543998718675705],[0.001639834893488242,0.00323044745956094,0.0015529515555475271,3.454646267939582E-5,9.66588197486572E-5,4.218272988869107E-4,2.4487093721506847E-4,0.0017197931702241682,1.0,0.04738308902118832,1.0157310371529925E-4,6.433433102668951E-4,1.653500954100243E-4,9.772885776946095E-5,1.5939680181564292E-4,4.99264028878744E-5,1.2234753327067312E-4,0.02829361430461963,1.2251895562959776E-4,9.033636238590057E-4,0.001529976254702803,1.4352827542978718E-4,3.0703480669211326E-4,8.128286304454105E-5,8.334208254871907E-5,0.006103040845136168,7.651325108868857E-4,0.006793237123262972,0.022799949749769614,3.372761515985529E-4,0.03687451206867634,2.261435311221128E-4,6.128380877187215E-4,3.942730792380063E-5,7.021892990222626E-5,8.835970437167141E-5,2.1746658976933922E-4,5.604127839796591E-5,0.006774872602639923,5.87316059897369E-5,1.1631379263013755E-4,1.1011187787240566E-4,3.934611062721642E-5,2.1817881463597093E-4,1.0025846385490909E-4,3.5184562485477894E-5,7.108926965649154E-5,2.199864618545149E-4,8.180066520274038E-5,2.9598942309454093E-4,8.853354000027495E-5,1.4735280879990014E-4,4.6578707976555164E-4],[0.0072100786049151926,0.04626613206599559,0.02181942018326665,0.004290549816035831,0.003474858124907989,0.010792182579016641,0.041715967293550614,0.021307610715329467,0.04738308902118832,1.0,0.042987627087850776,0.04528838538194281,0.02687494758260664,0.041573816798954465,6.690835126890581E-4,0.0424380023836121,0.034031438276631805,0.045332930990448043,0.018357619739650645,0.020668772433814216,0.043200086378865125,0.03813102226310958,0.034990791218017195,0.02849550453817157,0.030917117536654097,0.02057429496492698,0.02959958828308357,0.024866700603620683,0.04103328555354325,0.02067646990217637,0.04708613027832554,0.03699739435068602,0.04218509939304053,0.016858451984285348,0.010922949822167514,0.0046255975742009485,0.030972653007616962,0.003945078202424646,0.030948022457502427,0.03559612695985974,0.022278302326384284,0.006310196265354607,0.022664017958784234,0.046446073569536846,0.02630263042084165,0.013606323438121607,0.008560658703549044,0.032375912937865466,0.026169403311463765,0.034715775010143855,0.04251026397295271,0.008867346316222807,0.0030984725973775403],[0.0014626037771013171,2.2760449140395766E-4,0.01022998178845488,1.325797660615786E-4,1.44891255374765E-4,4.4783870532035333E-4,0.011332614008469695,0.0018730457607241617,1.0157310371529925E-4,0.042987627087850776,1.0,5.354473725956253E-4,0.0010296077626774144,1.4818212366426558E-4,1.7926210960603713E-4,1.6997665103196656E-5,2.3931606064923964E-4,0.01485529138137111,2.897759323498498E-4,3.669388911654892E-4,0.0028189224002817394,7.644498319147085E-4,2.6410113927517406E-4,1.4332840635409406E-4,1.6230229764267376E-4,0.009764899152074014,0.0010419796698355466,0.0070997565306320275,0.028200654383686737,3.1670884087233044E-4,0.039575250434693385,2.8952183394034386E-4,5.11079369847374E-4,1.3343289153649765E-4,1.4451882026498143E-4,1.7884431524740942E-4,8.03560446500526E-4,7.438151476257624E-5,0.0031470282651753804,1.129479886132329E-4,1.6471685096491518E-4,1.306790895855544E-4,6.156653966110187E-5,0.0023212246919400298,1.7712314322571073E-4,2.8125823003427777E-5,1.6989357110202327E-4,0.0021014822251906296,9.674126149818171E-4,8.744416437337792E-4,1.7740941456732002E-4,7.414155277404934E-4,2.1845605915506313E-4],[0.0017757597737756178,0.003176116801439908,0.003325899560728875,6.54142093572621E-4,6.501412747225168E-4,6.186634886112251E-4,0.017894914734403893,0.0013718112383238681,6.433433102668951E-4,0.04528838538194281,5.354473725956253E-4,1.0,0.0012496537364895465,6.611607336514763E-4,3.674299144892363E-4,1.0502490392179634E-4,5.783052797912422E-4,0.013433141397047007,6.694605749059254E-4,9.79773613588239E-4,0.0033964541864534977,7.817240774721394E-4,4.282682013436849E-4,6.18428034406215E-4,4.48564412295723E-4,0.01301139975699361,0.0011139912874276424,0.004777522962109136,0.012231815243065172,5.803209477026137E-4,0.03740227672824729,5.864643610122308E-4,0.0013343638259460714,3.1862026134275466E-4,6.390459584039071E-4,2.7172074661342455E-4,7.037629673854248E-4,3.953085882667095E-4,0.006114421827884372,6.486720471095499E-4,5.641480260943021E-4,6.673315532082746E-4,1.7041571813583846E-4,0.0016013160990229255,6.660440937643634E-4,4.577457527709535E-4,3.827579668126172E-4,0.0017821682872224353,0.0010662154902505846,9.019338315026155E-4,6.100374177002172E-4,8.614285222941591E-4,0.0012359303138982057],[0.0019062579458357085,0.002078923222058474,0.006482860014471391,7.423191154900358E-4,7.931571143117439E-4,0.0013803247232169634,0.014938632633028155,0.001915723650723917,1.653500954100243E-4,0.02687494758260664,0.0010296077626774144,0.0012496537364895465,1.0,0.0010827704544579663,6.960622320162564E-4,5.521595160344042E-4,0.0016474793871944808,0.013182841678321374,9.556012601656865E-4,0.0012680703183115271,0.001969659636960872,0.001648881485820024,8.166122426227909E-4,8.830360959807065E-4,8.791394255214256E-4,0.003230879888255026,0.0016240512970347623,0.0051986569007971386,0.016563519050798194,9.066982906128373E-4,0.03075317167572556,8.346019091630286E-4,0.0016798329551042618,9.677565497548344E-4,0.0016386629697063746,0.0010969647608406784,0.001423026905136834,0.0012758528145842946,0.0025757575720713665,1.7680937089653773E-4,3.10772746304323E-4,0.0010673596662215516,0.0011001402869808396,0.002936056190470533,0.001368957149030346,5.889703906182003E-4,0.001201360707902644,0.0017577535169095617,0.0015998950549021352,0.0012132916628567678,0.0012822243996029412,0.0011589926109879206,0.0015281924322021123],[0.0018534354399731595,0.0026774583847989242,0.005738143035839208,6.288913777576396E-5,1.0607635320409629E-4,1.263941217036092E-4,0.01460972653215436,7.025868033349201E-4,9.772885776946095E-5,0.041573816798954465,1.4818212366426558E-4,6.611607336514763E-4,0.0010827704544579663,1.0,1.1714898608281166E-4,5.821559256471364E-5,2.0981497416649585E-4,0.007997504555006349,1.546407366670398E-4,5.660133298047148E-4,0.0020438703899033975,1.983892754172494E-4,3.787606449285248E-4,1.0505633885189527E-4,1.1442734853926976E-4,0.003886596200581087,7.639690630555116E-4,0.012801274184605487,0.020105171829451776,1.611027579628521E-4,0.01239157545171173,1.877302146533339E-4,0.0015215593110688929,4.9433729364683036E-5,1.1014658855853181E-4,1.3578568459721732E-4,8.185043561847875E-4,9.516303690033702E-5,0.002090147308783763,9.37108636546659E-5,1.2813399612120508E-4,1.1621362523456535E-4,3.1444838924970676E-5,7.006277235540951E-4,1.5315579256850703E-4,5.873353546434022E-5,1.465823737997319E-4,0.0013080503537362448,1.681129184554765E-4,2.078604994745119E-4,1.590420756166514E-4,3.670418411524993E-4,4.6571547420547443E-4],[0.0019564546520009127,5.7436918047637E-4,0.01242028718439134,7.635259719870712E-5,1.4260788649752542E-4,3.4662200889461057E-4,0.008401961382995178,8.262805508975639E-4,1.5939680181564292E-4,6.690835126890581E-4,1.7926210960603713E-4,3.674299144892363E-4,6.960622320162564E-4,1.1714898608281166E-4,1.0,1.5478519780188525E-4,3.033363277231383E-4,0.013398447582649305,4.0784180893881485E-4,6.697517656473602E-4,0.001453911803384974,2.3396182963277112E-4,2.254238533522269E-4,1.1749317019536116E-4,1.8207692763718306E-4,0.011673699117511326,7.438078637872597E-4,0.01239573765691008,0.02065198051301164,2.2637237277285162E-4,0.03382325161539367,2.342513131548148E-4,5.728385830423827E-4,1.6511412811471147E-4,1.512157855570059E-4,1.9948273981466598E-4,2.528534453891158E-4,1.2060480895677894E-4,0.005978069725169075,1.6090678501551388E-4,1.9294914074443427E-4,1.7716753736939182E-4,3.306258410529941E-5,0.0020814550677951053,1.9646835206434235E-4,3.430095523650366E-5,1.9441929048144192E-4,0.00107843871010605,0.0013863332561699236,4.6656161341711506E-4,2.0168165335901635E-4,8.995253172299931E-4,4.2120650936975615E-4],[0.001587152891231265,5.787918690083191E-4,0.0046831646258303355,1.4905942689475694E-5,8.922539882439349E-5,1.2530478742367606E-4,0.0014842430374389403,0.0015813368593305046,4.99264028878744E-5,0.0424380023836121,1.6997665103196656E-5,1.0502490392179634E-4,5.521595160344042E-4,5.821559256471364E-5,1.5478519780188525E-4,1.0,1.1279504911921188E-4,0.0342447811939344,2.3288232778370053E-4,7.244121238992584E-4,0.003302179941935974,9.178806150778367E-5,3.1403528764415865E-4,9.158346224424935E-5,5.462425510053704E-5,0.0014802769527225014,3.7795148045556337E-4,0.01226584543212391,0.009613264615423662,3.11842004340752E-4,0.04044998835513557,4.3528808188996216E-5,6.323265256236891E-4,1.075403403159396E-5,3.518371540352814E-5,9.34739595117474E-5,4.978398331157125E-4,1.1070863144845187E-5,6.130873057003235E-4,1.37786848398282E-5,1.0377460104152536E-4,1.0790688881966233E-4,1.6701832352766967E-5,0.002451493959596704,1.1416603442291088E-4,1.298458207855692E-5,1.2085177946507247E-4,0.0013992242030499195,4.4356333182916046E-4,4.3116606707567496E-4,1.3904366806424598E-4,2.4164164121493335E-4,7.432502871658904E-4],[0.0014057601827100665,0.0027039343534419496,0.009107157118212524,3.0659520432159545E-4,1.537629547678429E-4,4.5747728418792045E-4,0.004036613849735762,0.0018622568098196784,1.2234753327067312E-4,0.034031438276631805,2.3931606064923964E-4,5.783052797912422E-4,0.0016474793871944808,2.0981497416649585E-4,3.033363277231383E-4,1.1279504911921188E-4,1.0,0.014289866860950854,5.149517429518089E-4,4.01511775936507E-4,6.476608934623193E-4,5.562123605374627E-4,3.173365895646575E-4,1.2052516572454179E-4,1.9201883148525252E-4,0.0062172874078092535,5.786943184044816E-4,0.00666820244265214,0.026180414973423983,3.1277653166093665E-4,0.009000992225872266,3.138474304700247E-4,0.0016338082539796585,1.9061173830140407E-4,1.9687388158967542E-4,2.797745819972977E-4,4.3676717057643423E-4,2.8437556620100076E-4,4.028219688143412E-4,1.1985330165200088E-4,1.4646693480130488E-4,2.0921526727802253E-4,1.7260371585598233E-4,0.0022589591692283124,1.9468271057830676E-4,2.444975986782158E-4,2.245314463233474E-4,0.002136328878279763,4.035079551093582E-4,6.071819096274888E-4,2.675967725776216E-4,6.044513086356212E-4,5.592182409761394E-4],[0.02644694338720684,0.030064735805865706,0.036732203558353035,0.022024141319852957,0.017776143177056943,0.012093980204421977,0.029484364647012803,0.036474780297576566,0.02829361430461963,0.045332930990448043,0.01485529138137111,0.013433141397047007,0.013182841678321374,0.007997504555006349,0.013398447582649305,0.0342447811939344,0.014289866860950854,1.0,0.02913598597387929,0.021015846571220135,0.017133901597353708,0.010170484995530044,0.004711364672385975,0.03624712358033931,0.00337269139703605,0.016880896565298672,0.030956047980127143,0.03701478670513423,0.03642801437720622,0.0028930170175283667,0.0453593468773225,0.019788510133231036,0.027951399866757248,0.015190038979954044,0.011849206457477066,0.032628461603632794,0.030823763964294544,0.031921639362694376,0.022329569394025715,0.013023362512280007,0.015641299043629344,0.002079325443099714,0.013838045073380071,0.029059506138711323,0.03766741213622754,0.03794754983225582,0.01382566353579271,0.022038801375752256,0.0387839204518364,0.021170088988494342,0.02858925952530496,0.024946876509391765,0.010470075905877167],[0.002299091483273394,0.0016677379698276616,0.008665815772560464,1.861948034047821E-4,1.9630618673467925E-4,5.601714877271713E-4,6.940694133432817E-4,0.0023951547583444407,1.2251895562959776E-4,0.018357619739650645,2.897759323498498E-4,6.694605749059254E-4,9.556012601656865E-4,1.546407366670398E-4,4.0784180893881485E-4,2.3288232778370053E-4,5.149517429518089E-4,0.02913598597387929,1.0,9.166022757531407E-4,0.002287265542903249,7.848833045682594E-4,6.117846137833601E-4,4.192504338366707E-4,2.2006196724458547E-4,0.006938343677681113,8.745886604485002E-4,0.0017098038707691944,0.005553044803869782,5.311733217284452E-4,0.013409044290035562,5.526425872303391E-4,0.0016556508165106038,5.667789549701197E-4,6.521399643755748E-4,4.998996425856634E-4,0.0011885244473353444,5.529379174192177E-4,0.0062374023928460426,1.342534185439234E-4,3.462577728978767E-4,2.90133298590154E-4,5.84878397681637E-4,0.001214465322812607,4.6840014858446786E-4,5.015726493789277E-5,2.6216183077448394E-4,0.001627725784939292,0.001358598379769653,7.86737287636628E-4,2.039941727566333E-4,9.626746097647595E-4,0.001046728635024423],[0.00174351306518335,0.0014500047065309004,0.012020793541028729,0.0010219648816422937,5.761489371258812E-4,9.72405854677524E-4,0.002003019507921761,0.00167237131938383,9.033636238590057E-4,0.020668772433814216,3.669388911654892E-4,9.79773613588239E-4,0.0012680703183115271,5.660133298047148E-4,6.697517656473602E-4,7.244121238992584E-4,4.01511775936507E-4,0.021015846571220135,9.166022757531407E-4,1.0,0.0028760642148547098,0.001041642540903084,8.543186837969141E-4,6.628816249396606E-4,2.7448397908749403E-4,0.013449716388672173,0.0011824124535742102,0.012497129531381991,0.006381779491267416,7.141010725891932E-4,0.03022535989919787,8.484877004471833E-4,0.0014613276198926412,8.249530280178898E-5,2.1365114032225786E-4,6.768816427094283E-4,0.0012787822692453623,1.4219661272584004E-4,0.0069298493625979864,2.2313421552095785E-4,7.352383233451533E-4,5.052646005659412E-4,4.589883343720051E-4,0.0027376225353492965,6.857689101565107E-4,7.57761400898909E-4,5.140402581091027E-4,0.0012584176938082248,0.0013488446149113617,0.0010740616059218453,6.092604033223698E-4,0.0010296117841226944,0.001105682748894983],[0.003376487772510846,0.003503316588784628,0.008332009775149751,0.003160827305922031,0.001049453862517021,0.0010554212127189095,0.017533170077979762,0.0030762574557085215,0.001529976254702803,0.043200086378865125,0.0028189224002817394,0.0033964541864534977,0.001969659636960872,0.0020438703899033975,0.001453911803384974,0.003302179941935974,6.476608934623193E-4,0.017133901597353708,0.002287265542903249,0.0028760642148547098,1.0,0.0022455897986757255,6.374621020874738E-4,0.002031201431467594,0.0014466218808837025,0.013524519771120373,0.0012115909142498594,0.0057234174127088495,0.02106245904254265,4.6246452645947584E-4,0.04152988422214368,4.0413488465583985E-4,0.0031673304638337773,5.742646285326275E-4,0.0015016056449940268,0.0030171653209596543,0.0029429797908020637,0.001259926350484563,0.005672725117540479,0.0011729368422679506,0.0012319174513304354,0.0016887485909995172,0.002579291815969836,0.003403570993381312,0.0026196158091708194,0.0011335260594558744,0.0010729507773742713,0.003407483761729068,0.0025736500824743275,0.0015898698847827872,0.0016927025980695647,0.0026833222334154113,0.0015605196086981303],[0.0026961474504902374,0.0029231234733057515,0.017055560650908023,1.079833366978426E-4,3.934540363376446E-4,6.916419322117772E-4,0.0022792488703129157,0.002386159780331384,1.4352827542978718E-4,0.03813102226310958,7.644498319147085E-4,7.817240774721394E-4,0.001648881485820024,1.983892754172494E-4,2.3396182963277112E-4,9.178806150778367E-5,5.562123605374627E-4,0.010170484995530044,7.848833045682594E-4,0.001041642540903084,0.0022455897986757255,1.0,4.5423298991447136E-4,4.859612071888284E-4,5.975165308599641E-4,0.010997927696782376,9.594878441247421E-4,0.009416142336546642,0.015166878649565453,6.658011543600724E-4,0.03845012903723789,7.455384067171148E-4,0.0015855578496801088,5.703918966534666E-4,2.836900768687905E-4,6.833192593066378E-4,9.219412557165515E-4,8.421492703087213E-5,0.00580763439611362,1.9637548917898661E-4,2.2103450828652653E-4,6.614418643701274E-4,3.0664698023871517E-4,0.0016736917185474715,2.1852344276884273E-4,6.729352499530723E-4,3.984010565216801E-4,0.001545647821848608,8.917713595353235E-4,0.0010155873607429972,3.7502713208583316E-4,9.019021165631711E-4,0.001159075951656899],[9.001215759293832E-4,0.0013059585461428769,0.010339534830268915,2.706851147021901E-4,1.5181163159754728E-4,4.7154637718438273E-4,0.0014370103100588114,7.885080674256422E-4,3.0703480669211326E-4,0.034990791218017195,2.6410113927517406E-4,4.282682013436849E-4,8.166122426227909E-4,3.787606449285248E-4,2.254238533522269E-4,3.1403528764415865E-4,3.173365895646575E-4,0.004711364672385975,6.117846137833601E-4,8.543186837969141E-4,6.374621020874738E-4,4.5423298991447136E-4,1.0,2.6310545825638685E-4,3.9850526858585804E-4,0.009980551918589256,7.193944877279118E-4,0.010099135489849694,0.01037742171064674,4.2471241537466695E-4,0.04497604207051481,3.4574697942413865E-4,9.183111369205348E-4,2.4053795727533767E-4,1.2187032069975919E-4,2.0663383857089793E-4,8.150517372569263E-4,4.9296793901341596E-5,0.0029803452196568796,2.3459798788748996E-4,3.2403075501940263E-4,2.849620036807156E-4,2.11384619361901E-4,0.0013912165054889704,3.504161034554249E-4,7.900121973516126E-5,4.048188308481187E-4,9.987728640762587E-4,7.648521488852562E-4,0.0011009985206177604,3.8556862703844816E-4,6.270253608398849E-4,7.356372402457801E-4],[0.0015028138597135672,0.0015534567318287633,0.012916155117285395,6.0454255711648715E-5,1.0207415031572251E-4,3.995657904301257E-4,0.01755708239086537,0.0020689793969443935,8.128286304454105E-5,0.02849550453817157,1.4332840635409406E-4,6.18428034406215E-4,8.830360959807065E-4,1.0505633885189527E-4,1.1749317019536116E-4,9.158346224424935E-5,1.2052516572454179E-4,0.03624712358033931,4.192504338366707E-4,6.628816249396606E-4,0.002031201431467594,4.859612071888284E-4,2.6310545825638685E-4,1.0,1.3548195924819668E-4,0.010091077143532447,1.0744680636761384E-4,0.002747394912612771,0.019624667557040818,4.233969545928415E-4,0.021850266925255636,3.1195458391281673E-4,0.001233265448722461,4.048390774851763E-5,1.0616802338814552E-4,1.190511635570361E-4,4.645892621728943E-4,5.260820970414777E-5,0.005528745316334998,4.3111754424382646E-5,1.1425582285341917E-4,1.0005635247427394E-4,5.263809713997688E-5,0.0012829909476112045,1.61810401253471E-4,7.653644715972613E-5,1.263509198879029E-4,0.0011335623988947276,8.280756769832205E-4,0.0010185747490071553,1.2934761252536778E-4,5.141485540639964E-4,1.585919671160959E-4],[0.0025759050000334956,0.0016444094142270178,0.009568612775827991,8.888236390315656E-5,1.2983723490925144E-4,2.805046582432519E-4,0.002753151585184198,0.0020744639366397834,8.334208254871907E-5,0.030917117536654097,1.6230229764267376E-4,4.48564412295723E-4,8.791394255214256E-4,1.1442734853926976E-4,1.8207692763718306E-4,5.462425510053704E-5,1.9201883148525252E-4,0.00337269139703605,2.2006196724458547E-4,2.7448397908749403E-4,0.0014466218808837025,5.975165308599641E-4,3.9850526858585804E-4,1.3548195924819668E-4,1.0,0.002065984131139403,8.802388315505577E-4,6.711264669173382E-4,0.019197467388970907,4.068089021623275E-4,0.026789215584361262,2.060230739290247E-4,0.0015509921961213292,1.1334566762818897E-4,1.5256649444626968E-4,1.6922174370227836E-4,7.371165745879624E-4,4.870639848386043E-5,0.006316458682050893,7.316328191047321E-5,1.5412589317486297E-4,1.2677059013522244E-4,1.0730547943789314E-4,3.595706804336184E-4,1.8137506438690418E-4,9.035732146565069E-5,1.5657811404376008E-4,6.47568902546477E-4,9.545406695153885E-4,5.147215406965346E-4,1.6645872792392299E-4,1.9146298630330397E-4,6.7188948301486E-4],[0.00645369601285409,0.009529818506560934,0.018147552803512237,0.013065147072967976,0.002274307749199642,0.009596029031572483,0.017250201615002597,0.003524443370199926,0.006103040845136168,0.02057429496492698,0.009764899152074014,0.01301139975699361,0.003230879888255026,0.003886596200581087,0.011673699117511326,0.0014802769527225014,0.0062172874078092535,0.016880896565298672,0.006938343677681113,0.013449716388672173,0.013524519771120373,0.010997927696782376,0.009980551918589256,0.010091077143532447,0.002065984131139403,1.0,0.003316882024196114,0.014264485959987059,0.01691299893332165,0.008088301666529442,0.032028242827862936,0.007250332743388204,0.0036407608519194203,0.00862214573631879,5.580907853779196E-4,0.010236773369614106,0.006796855439631817,0.009961607177415469,0.01315925142048236,0.007161960733879919,0.012975491487915247,0.008802213233473731,0.006940663169792512,0.004962662241200715,0.011808416725830466,0.007446826296573631,0.011988919531822462,0.007368686693777996,0.012079774312727075,0.009315546386836638,0.002577598175779029,0.011544349551264118,0.011276192674186615],[0.0016456146816865127,0.0014670242916500953,0.008185141953208084,3.267205194800819E-4,1.527614766259896E-4,4.8558776446018596E-4,0.012696381413232689,0.0017650185543094904,7.651325108868857E-4,0.02959958828308357,0.0010419796698355466,0.0011139912874276424,0.0016240512970347623,7.639690630555116E-4,7.438078637872597E-4,3.7795148045556337E-4,5.786943184044816E-4,0.030956047980127143,8.745886604485002E-4,0.0011824124535742102,0.0012115909142498594,9.594878441247421E-4,7.193944877279118E-4,1.0744680636761384E-4,8.802388315505577E-4,0.003316882024196114,1.0,0.009269221600975408,0.025854874666492497,7.68742247245666E-4,0.010436362535566254,3.9314020072250773E-4,0.00135531777368565,4.887543638346779E-4,2.062285390647048E-4,0.001145068975143674,0.0012825536616250632,0.0010802081687172965,0.0045719461816960015,0.0010618791091953025,1.5624075331776557E-4,9.565361851568695E-4,6.82304497225366E-4,0.0021557045545808028,3.234944318919512E-4,0.00112118520722598,4.634172240719403E-4,0.0012575717093419646,0.0014288309260321454,0.0011044323762390456,7.903154525712555E-4,0.0010093717055636054,0.0012664503227012471],[0.014422740195080252,0.008342470426617213,0.017325566756925898,0.004929223967750457,0.010186887136137563,0.01247516444483394,0.016684208983506435,0.006186234968769562,0.006793237123262972,0.024866700603620683,0.0070997565306320275,0.004777522962109136,0.0051986569007971386,0.012801274184605487,0.01239573765691008,0.01226584543212391,0.00666820244265214,0.03701478670513423,0.0017098038707691944,0.012497129531381991,0.0057234174127088495,0.009416142336546642,0.010099135489849694,0.002747394912612771,6.711264669173382E-4,0.014264485959987059,0.009269221600975408,1.0,0.02832570996106108,0.007334453786070727,0.03874974553312776,0.011664479225495555,0.004148483350967217,0.005299063575325177,2.078077234492782E-4,0.01353270585674865,0.007501128491370268,0.006971888257261459,0.008775597397603245,0.0075540623611506106,6.822392738106961E-4,0.009134651355987991,0.009568425488226432,0.004493752053953679,0.005537827420356638,0.008889811048773302,0.006816632070320669,0.009765647309943315,0.00761030513867931,0.007112629162148661,0.007899435897982119,0.010003874011673812,0.009016882980831677],[0.016794405867483354,0.017769782244661525,0.020946654121308063,8.915984640701958E-5,0.018135801725882333,0.00559730029828488,0.02242919828486187,0.004659551787223444,0.022799949749769614,0.04103328555354325,0.028200654383686737,0.012231815243065172,0.016563519050798194,0.020105171829451776,0.02065198051301164,0.009613264615423662,0.026180414973423983,0.03642801437720622,0.005553044803869782,0.006381779491267416,0.02106245904254265,0.015166878649565453,0.01037742171064674,0.019624667557040818,0.019197467388970907,0.01691299893332165,0.025854874666492497,0.02832570996106108,1.0,0.026167440877289828,0.0328587597758291,0.01826494892128825,0.006754655614746557,0.0027073313117249925,0.02422606726300377,0.012497665430825663,0.020036786842442703,0.02237804860608042,0.016787026260421625,0.01319559434173171,0.022617045352355487,0.02639314083120485,0.007186523918899256,0.016659010903946735,0.027425006372428146,0.010519866557364355,0.008051713276939515,0.023688455165272224,0.012233241951860168,0.028532743321992945,0.004532961764864379,0.01577756324526618,0.00524835371881237],[7.039931703139723E-4,0.0026194167934003474,0.0016553115491054983,3.994340348202768E-4,3.153058656275646E-4,4.56332516016503E-4,0.006134784404562591,0.0010175077182219456,3.372761515985529E-4,0.02067646990217637,3.1670884087233044E-4,5.803209477026137E-4,9.066982906128373E-4,1.611027579628521E-4,2.2637237277285162E-4,3.11842004340752E-4,3.1277653166093665E-4,0.0028930170175283667,5.311733217284452E-4,7.141010725891932E-4,4.6246452645947584E-4,6.658011543600724E-4,4.2471241537466695E-4,4.233969545928415E-4,4.068089021623275E-4,0.008088301666529442,7.68742247245666E-4,0.007334453786070727,0.026167440877289828,1.0,0.02913356848181041,3.344514633579558E-4,5.722265757088546E-4,3.528527068876102E-4,1.4426887010954658E-4,1.8554775306688163E-4,0.0011415189020348518,1.0928026697468975E-4,0.001641489044482224,4.448561495433395E-5,2.1565807578622802E-4,2.1373332088542475E-4,8.84259660522009E-5,0.0018760931315082903,2.698845286511622E-4,3.7053111864529737E-4,1.6697518893131488E-4,0.002484971360295219,0.0010061256822731155,7.702338625098181E-4,3.0641611818852483E-4,5.621208902906238E-4,0.001162952761230694],[0.03776746677899835,0.02827951952467368,0.036175060595503725,0.016023163164540583,0.0219779158061035,0.014760901407277786,0.041479365076288986,0.008568039056681801,0.03687451206867634,0.04708613027832554,0.039575250434693385,0.03740227672824729,0.03075317167572556,0.01239157545171173,0.03382325161539367,0.04044998835513557,0.009000992225872266,0.0453593468773225,0.013409044290035562,0.03022535989919787,0.04152988422214368,0.03845012903723789,0.04497604207051481,0.021850266925255636,0.026789215584361262,0.032028242827862936,0.010436362535566254,0.03874974553312776,0.0328587597758291,0.02913356848181041,1.0,0.012916723263390164,0.024558534754015704,0.010941611886004444,0.017548260475596367,0.03467884094672596,0.040094777323408666,0.04529178266586005,0.04517081751417398,0.02951553856354616,0.041655429665774214,0.019409526863896947,0.02824643031913553,0.009865455258186686,0.01579822565118539,0.010578118525116052,4.452545067099168E-4,0.027425974167937774,0.024422681421482864,0.030894090490314365,0.044211169750871436,0.01276141858299108,0.01213786248188693],[0.0025910474314554998,6.084349819650567E-4,0.011991486958133589,2.550980199507079E-4,1.819650245010547E-4,3.3233665001264893E-4,0.009858862533448852,0.0011623688393061504,2.261435311221128E-4,0.03699739435068602,2.8952183394034386E-4,5.864643610122308E-4,8.346019091630286E-4,1.877302146533339E-4,2.342513131548148E-4,4.3528808188996216E-5,3.138474304700247E-4,0.019788510133231036,5.526425872303391E-4,8.484877004471833E-4,4.0413488465583985E-4,7.455384067171148E-4,3.4574697942413865E-4,3.1195458391281673E-4,2.060230739290247E-4,0.007250332743388204,3.9314020072250773E-4,0.011664479225495555,0.01826494892128825,3.344514633579558E-4,0.012916723263390164,1.0,5.163991690705714E-4,7.249145898736512E-5,2.7685405067733336E-4,2.531236757726163E-4,7.240633633018403E-4,3.378030313457405E-5,0.0036061875403802,1.6794324075429024E-4,2.720094846468099E-4,1.2313729460287765E-4,3.10042320631979E-4,0.001661242837030022,2.309354289847928E-4,2.9450306832943455E-4,2.2374140560193215E-4,0.0010993563194401153,7.84163033445625E-4,7.012023669970566E-4,2.4334425398647014E-4,8.055975128681193E-4,7.784615986692314E-4],[0.002186651168656184,0.0030585551714529093,0.012639238789797783,0.0015711453509853538,6.672859737952254E-4,0.0010321063142394698,0.011172474015617702,0.0017687073056483972,6.128380877187215E-4,0.04218509939304053,5.11079369847374E-4,0.0013343638259460714,0.0016798329551042618,0.0015215593110688929,5.728385830423827E-4,6.323265256236891E-4,0.0016338082539796585,0.027951399866757248,0.0016556508165106038,0.0014613276198926412,0.0031673304638337773,0.0015855578496801088,9.183111369205348E-4,0.001233265448722461,0.0015509921961213292,0.0036407608519194203,0.00135531777368565,0.004148483350967217,0.006754655614746557,5.722265757088546E-4,0.024558534754015704,5.163991690705714E-4,1.0,5.141501038271239E-4,9.817178106391866E-4,0.0013362864642160047,0.0013894019582319516,1.829228899638066E-4,0.0025013821910627944,8.531019279161554E-4,5.775930411537115E-4,7.559673386678882E-4,8.232191910705543E-4,0.002919831985422989,7.981336323415953E-4,1.633155089431519E-4,0.0012455827166568385,0.0018146599992256945,0.0016829225736076626,0.0012694854146193296,3.952550747683673E-4,0.0010216236944023435,0.0016580359769888902],[3.3543501581466515E-4,0.0024556279601245052,0.009926746449386495,2.2875793813665873E-5,6.577382371228119E-5,6.424719626050524E-5,0.018722668784340347,0.0019193414268081886,3.942730792380063E-5,0.016858451984285348,1.3343289153649765E-4,3.1862026134275466E-4,9.677565497548344E-4,4.9433729364683036E-5,1.6511412811471147E-4,1.075403403159396E-5,1.9061173830140407E-4,0.015190038979954044,5.667789549701197E-4,8.249530280178898E-5,5.742646285326275E-4,5.703918966534666E-4,2.4053795727533767E-4,4.048390774851763E-5,1.1334566762818897E-4,0.00862214573631879,4.887543638346779E-4,0.005299063575325177,0.0027073313117249925,3.528527068876102E-4,0.010941611886004444,7.249145898736512E-5,5.141501038271239E-4,1.0,1.1263132160851326E-4,4.488117372396626E-5,3.14037327801941E-4,1.9911076226624892E-5,3.637526721316433E-4,2.5424742900755553E-5,1.1520513811423449E-4,8.669400336219387E-5,2.697095875826578E-5,5.738514909541826E-4,1.1933587280416302E-4,1.5911859291029384E-5,1.53786000200406E-4,7.371420921697669E-4,0.001194411379875848,5.986107477212138E-4,1.147259225362715E-4,3.953750664091323E-4,3.46693608328266E-5],[0.001665828253136192,4.746198095738998E-4,0.015040474458481912,8.340173983642576E-5,1.1340471178549518E-4,3.184078102633731E-4,0.005335444231458893,8.785730269806997E-4,7.021892990222626E-5,0.010922949822167514,1.4451882026498143E-4,6.390459584039071E-4,0.0016386629697063746,1.1014658855853181E-4,1.512157855570059E-4,3.518371540352814E-5,1.9687388158967542E-4,0.011849206457477066,6.521399643755748E-4,2.1365114032225786E-4,0.0015016056449940268,2.836900768687905E-4,1.2187032069975919E-4,1.0616802338814552E-4,1.5256649444626968E-4,5.580907853779196E-4,2.062285390647048E-4,2.078077234492782E-4,0.02422606726300377,1.4426887010954658E-4,0.017548260475596367,2.7685405067733336E-4,9.817178106391866E-4,1.1263132160851326E-4,1.0,1.3624286077607372E-4,0.0012255013889463811,6.963188261542841E-5,0.0014249447038107324,9.198688759353191E-5,1.1935919315467602E-4,1.1547578347792581E-4,4.689135138533795E-5,0.0017674743320372176,1.27167924976906E-4,2.1404573132730193E-5,1.368180129622857E-4,3.744191085331821E-4,4.933482665841128E-4,1.5625284633796229E-4,1.333811783722989E-4,0.0010026260516916802,1.8397711484204298E-4],[0.0013474430161917318,0.0018876632550121248,0.01720421604673365,5.6720487586266934E-5,1.1660642521776343E-4,1.867065414949551E-4,0.0095628746380982,0.001804469187313978,8.835970437167141E-5,0.0046255975742009485,1.7884431524740942E-4,2.7172074661342455E-4,0.0010969647608406784,1.3578568459721732E-4,1.9948273981466598E-4,9.34739595117474E-5,2.797745819972977E-4,0.032628461603632794,4.998996425856634E-4,6.768816427094283E-4,0.0030171653209596543,6.833192593066378E-4,2.0663383857089793E-4,1.190511635570361E-4,1.6922174370227836E-4,0.010236773369614106,0.001145068975143674,0.01353270585674865,0.012497665430825663,1.8554775306688163E-4,0.03467884094672596,2.531236757726163E-4,0.0013362864642160047,4.488117372396626E-5,1.3624286077607372E-4,1.0,0.0010660740650620302,5.914831320782362E-5,0.00239615270787374,1.6228615018258814E-4,1.74872140166835E-4,1.2509982987134348E-4,1.3272723668115766E-4,5.900286037696112E-4,1.8345345255697254E-4,1.7242494974187565E-4,1.6088575817516072E-4,3.0645333595898523E-4,0.0015477333596723545,5.200880834202213E-4,1.783821946683514E-4,7.60875111306989E-4,4.296176387924706E-4],[0.0026373696564619075,0.002193091987660174,0.006587279001897438,0.0011987819817691969