[[1.0, 0.7741808925683742, 0.5246792122983139, 0.0979700211128065, 0.7037763195101969, 0.11758508941710777, 0.9241305480420056, 0.5578226673014333, 0.3407011929466234, 0.02057334042568315, 0.40974377150691044, 0.5945987550097898, 0.6189424658931134, 0.250241436007711, 0.419399052252448, 0.662140409116456, 0.2981391278991744, 0.4671794358631657, 0.287560673332547, 0.20599746893537352, 0.3601781235360225, 0.467815738837817, 0.021838320904370212, 0.7295243852188484, 0.2013266661812978, 0.5718423241986915, 0.9144003812148208, 0.7246147541430576, 0.337643494969899, 0.9989626882580147, 0.5830491725064434, 0.4645484403641862, 0.3322520494691006, 0.7274944042678367, 0.052222886355716924], [0.7741808925683742, 1.0, 0.26203840765640707, 0.9429181369647732, 0.49549303642597364, 0.539733039545689, 0.24379955505822093, 0.3061864253033577, 0.2939151453047566, 0.47423929290292066, 0.8068095530308633, 0.3335754865351046, 0.6866206634152502, 0.11111633724761083, 0.2657492965153714, 0.7805813715480622, 0.9068578990032911, 0.9507529614943824, 0.03940948243840292, 0.2495422778660884, 0.6845173662835426, 0.00958944854166488, 0.14936052188637106, 0.3090946882909519, 0.29080179597657774, 0.1571625823639219, 0.11819631536299657, 0.5796904288853508, 0.6542271388214573, 0.47260208735405085, 0.5384647573311404, 0.7748612773841659, 0.22313653331349836, 0.641635290896777, 0.6862334218544971], [0.5246792122983139, 0.26203840765640707, 1.0, 0.9080618911740964, 0.880931807450322, 0.41787907733630547, 0.6039526671185815, 0.05060562732761986, 0.40777028275977245, 0.07798505068058303, 0.5544917016199477, 0.14944355649790286, 0.1724157536213078, 0.335305331565691, 0.49305905502167335, 0.3989966671208999, 0.20541826096682292, 0.6802647126465533, 0.3059956280107059, 0.18529007960508115, 0.10872590693502815, 0.2576247063060382, 0.8523009125808302, 0.6079559752726839, 0.34511993120527973, 0.8875828430743461, 0.7602318543579947, 0.23612569913475168, 0.8604518619681543, 0.3870987000626729, 0.720139648391174, 0.20187138620468226, 0.5415936447403402, 0.2658508206910406, 0.5851608453138941], [0.0979700211128065, 0.9429181369647732, 0.9080618911740964, 1.0, 0.8496576075069684, 0.5610896349273697, 0.736488179368061, 0.9585216823633, 0.4871881080488638, 0.10391599390521311, 0.3711415313783567, 0.11782149174329881, 0.8644214192392593, 0.27884285779556983, 0.42800141401554426, 0.49706827601483683, 0.9943367106594727, 0.4035871564432363, 0.4930811925651608, 0.23807434158405738, 0.0011192443825316367, 0.17556280035187832, 0.10426587380825392, 0.7739745674972942, 0.03896017271364871, 0.9744275609188654, 0.9210527990661775, 0.8104486587353793, 0.3006299703113564, 0.30761326581095283, 0.1204053907834085, 0.27796253593400433, 0.07058094509041735, 0.513656408473036, 0.5278956644731371], [0.7037763195101969, 0.49549303642597364, 0.880931807450322, 0.8496576075069684, 1.0, 0.5358468067578734, 0.9781940445583102, 0.06984319776371073, 0.32973369104674655, 0.5936302197277747, 0.4853769051414919, 0.9946547784998987, 0.8919119934072481, 0.46385661202346395, 0.8046055948365677, 0.8507622714108151, 0.12452739854422856, 0.3406068600406543, 0.4057210974034543, 0.5465406834914864, 0.01791693587019816, 0.8040767571915455, 0.2023381458864747, 0.24965919854154306, 0.2142537518478701, 0.8406770201236723, 0.9700831539800241, 0.37658259873333133, 0.4319442124073234, 0.1992411841873729, 0.26059663109596876, 0.44737646611857584, 0.4966167435524719, 0.941090675790931, 0.9518855435817554], [0.11758508941710777, 0.539733039545689, 0.41787907733630547, 0.5610896349273697, 0.5358468067578734, 1.0, 0.07030419625460438, 0.0064577518495052555, 0.13239676122983135, 0.2106512363366846, 0.08008452614573602, 0.0015811537072827342, 0.9030611550432655, 0.8840580911009388, 0.9038087079612115, 0.8416363415327186, 0.7176473740081183, 0.9542720646506304, 0.6182188879049301, 0.3045026813394194, 0.368850010406637, 0.5419959782307929, 0.7706731780012827, 0.8712051712945172, 0.5688925061479527, 0.708884408222998, 0.8932686139465955, 0.014826467687682254, 0.8802658299298798, 0.5399770159990352, 0.21471768054734297, 0.28058673645064836, 0.7915123667561283, 0.8394820960029014, 0.10236488443798486], [0.9241305480420056, 0.24379955505822093, 0.6039526671185815, 0.736488179368061, 0.9781940445583102, 0.07030419625460438, 1.0, 0.7167435882912695, 0.16372769342117477, 0.7983257869026, 0.06546714448791136, 0.9708563308808222, 0.5573810626362419, 0.16404136575050088, 0.921426671405137, 0.10818849387483531, 0.07850380163006132, 0.004788970938160331, 0.09483078422666968, 0.32384270954369077, 0.9723357580367333, 0.45943505407011465, 0.37842253271339654, 0.01186447996643003, 0.6620800969647537, 0.03819783143955213, 0.9779473889066826, 0.5389011843739451, 0.3073492047310332, 0.05563199382558026, 0.5780408702820732, 0.9237897727066525, 0.4725419798446968, 0.25969611436549445, 0.4163053220146088], [0.5578226673014333, 0.3061864253033577, 0.05060562732761986, 0.9585216823633, 0.06984319776371073, 0.0064577518495052555, 0.7167435882912695, 1.0, 0.7605005338193036, 0.2410964709903014, 0.12468434768010783, 0.7268518290309053, 0.8089217979016589, 0.36118331560133987, 0.6723135606140048, 0.16325346562027632, 0.361237171694761, 0.09944860312056403, 0.23415895528433284, 0.18439168056122035, 0.30776239058893284, 0.09538384515867326, 0.7045097309324418, 0.9360776919480878, 0.4945721932186471, 0.8707578196100536, 0.8320694298142742, 0.5999994285751524, 0.2103810044527643, 0.1274662063582045, 0.39032012809151395, 0.6834670334178464, 0.7256597208009274, 0.6764349951855696, 0.3586615829082366], [0.3407011929466234, 0.2939151453047566, 0.40777028275977245, 0.4871881080488638, 0.32973369104674655, 0.13239676122983135, 0.16372769342117477, 0.7605005338193036, 1.0, 0.8492834351627228, 0.5099978183656544, 0.8904743798341396, 0.5967427997576658, 0.2378373150784986, 0.3928542865374982, 0.7926783030520352, 0.46741822560253077, 0.6384641850498842, 0.6491537929571817, 0.8792127413763495, 0.1274159002451386, 0.7473887331658057, 0.34261199322031466, 0.6367536299111043, 0.4992101950529786, 0.8211801658544141, 0.7104606006302231, 0.7544881204893085, 0.3242346062214222, 0.7849220894823609, 0.45459238167752725, 0.7240798536709298, 0.24065474386678287, 0.751274563992357, 0.6567596359081597], [0.02057334042568315, 0.47423929290292066, 0.07798505068058303, 0.10391599390521311, 0.5936302197277747, 0.2106512363366846, 0.7983257869026, 0.2410964709903014, 0.8492834351627228, 1.0, 0.7620625571293245, 0.7129428414432614, 0.8934981280161596, 0.8949166082596152, 0.05486906577285877, 0.6064516337647509, 0.3773067525804539, 0.21265553206452092, 0.19432756411252727, 0.7160520867490608, 0.5589892524397264, 0.005787320057662915, 0.9021125920702795, 0.27504894925468426, 0.3321661234120412, 0.9180517679488559, 0.9718234134242894, 0.06635566755806499, 0.855837894658079, 0.7918211309648661, 0.3831611277000604, 0.1815944090033118, 0.8896720649217692, 0.8242185337014483, 0.8822878263643992], [0.40974377150691044, 0.8068095530308633, 0.5544917016199477, 0.3711415313783567, 0.4853769051414919, 0.08008452614573602, 0.06546714448791136, 0.12468434768010783, 0.5099978183656544, 0.7620625571293245, 1.0, 0.3500745845890938, 0.5708265899450574, 0.11061061088288748, 0.8676539488723555, 0.008738060785526192, 0.5428217373610927, 0.8040512088099249, 0.5879389540408558, 0.46499742517994935, 0.7590940651199745, 0.408275142524256, 0.2618774869917836, 0.09985947563756048, 0.5101551154430034, 0.41481284283087105, 0.4589645083016113, 0.3860321770366867, 0.7914556861786597, 0.13594784501427748, 0.4106660876740357, 0.32666875377929727, 0.3644019851160999, 0.14587319649265795, 0.6455856139468138], [0.5945987550097898, 0.3335754865351046, 0.14944355649790286, 0.11782149174329881, 0.9946547784998987, 0.0015811537072827342, 0.9708563308808222, 0.7268518290309053, 0.8904743798341396, 0.7129428414432614, 0.3500745845890938, 1.0, 0.7729503256283325, 0.34900788357850865, 0.18285810992748508, 0.26390973869203616, 0.6159240840493766, 0.9287234603340101, 0.8256450804354257, 0.003163412112751951, 0.6372274696785211, 0.9571151854394055, 0.10943283718491026, 0.18445378166562432, 0.8673348541967891, 0.8104835208921888, 0.2493886439418611, 0.9191320846304628, 0.9917687553789322, 0.9959738190827107, 0.12349934782379424, 0.997053250670305, 0.1982919366117799, 0.21582983274885037, 0.9556603676802559], [0.6189424658931134, 0.6866206634152502, 0.1724157536213078, 0.8644214192392593, 0.8919119934072481, 0.9030611550432655, 0.5573810626362419, 0.8089217979016589, 0.5967427997576658, 0.8934981280161596, 0.5708265899450574, 0.7729503256283325, 1.0, 0.608210426544921, 0.7843164596380634, 0.1564914120548062, 0.7952679308757238, 0.5806046910555115, 0.3660522475880039, 0.17772771170383905, 0.006867405653604219, 0.04175287469607347, 0.5529989236744216, 0.8114267955433575, 0.680987306225432, 0.49221979346501965, 0.35276976917984537, 0.7855366189266497, 0.6003611346353094, 0.21083054114622957, 0.43880983758210634, 0.6548247848202252, 0.8747353314974999, 0.001552365492854424, 0.5135833110484016], [0.250241436007711, 0.11111633724761083, 0.335305331565691, 0.27884285779556983, 0.46385661202346395, 0.8840580911009388, 0.16404136575050088, 0.36118331560133987, 0.2378373150784986, 0.8949166082596152, 0.11061061088288748, 0.34900788357850865, 0.608210426544921, 1.0, 0.916360876070651, 0.062066168232778995, 0.37556543661505193, 0.9303841010147545, 0.7830229024801304, 0.8943289913900252, 0.4920874978366554, 0.4567406993765504, 0.35046280849661116, 0.07067706735164847, 0.21845077007232827, 0.20283828896459188, 0.9578238406468087, 0.3368893174252279, 0.881098222858604, 0.10904016422699836, 0.3797648474340828, 0.33008021619368755, 0.8258699778211323, 0.1649563561081232, 0.4209604344859922], [0.419399052252448, 0.2657492965153714, 0.49305905502167335, 0.42800141401554426, 0.8046055948365677, 0.9038087079612115, 0.921426671405137, 0.6723135606140048, 0.3928542865374982, 0.05486906577285877, 0.8676539488723555, 0.18285810992748508, 0.7843164596380634, 0.916360876070651, 1.0, 0.8137408551774764, 0.16265386028929396, 0.4978391428544484, 0.212736685206663, 0.3113925336773461, 0.49139813837145585, 0.9589529852901078, 0.003613177958373348, 0.7739538145852343, 0.9661586043391558, 0.03498781297658182, 0.12999230702339348, 0.4189311644521583, 0.977523283103525, 0.5391466587365161, 0.4648507301529463, 0.5133646290284417, 0.6099155707518575, 0.7748692435979034, 0.43088544867639955], [0.662140409116456, 0.7805813715480622, 0.3989966671208999, 0.49706827601483683, 0.8507622714108151, 0.8416363415327186, 0.10818849387483531, 0.16325346562027632, 0.7926783030520352, 0.6064516337647509, 0.008738060785526192, 0.26390973869203616, 0.1564914120548062, 0.062066168232778995, 0.8137408551774764, 1.0, 0.1660416343404505, 0.4448997212680905, 0.22359672615836645, 0.6145029822181907, 0.2611950139654605, 0.3055579669388636, 0.8160500178274536, 0.29232713374668307, 0.4883658744139886, 0.5412685406575007, 0.33554804412410133, 0.310327953493441, 0.7674894159277146, 0.7750796854934061, 0.4458815296890266, 0.940328249748152, 0.3320514200885669, 0.27304076571518154, 0.03948898105097298], [0.2981391278991744, 0.9068578990032911, 0.20541826096682292, 0.9943367106594727, 0.12452739854422856, 0.7176473740081183, 0.07850380163006132, 0.361237171694761, 0.46741822560253077, 0.3773067525804539, 0.5428217373610927, 0.6159240840493766, 0.7952679308757238, 0.37556543661505193, 0.16265386028929396, 0.1660416343404505, 1.0, 0.52179541325998, 0.13953388431032532, 0.5445686382544879, 0.08382035702762713, 0.1998801965471244, 0.278771055978443, 0.032419172704844956, 0.3575386086478535, 0.1304020207633787, 0.0019801697406918173, 0.8758631610851151, 0.9058112960630961, 0.5397946888060237, 0.4618210235242598, 0.8976463715946479, 0.5046178675557885, 0.2673045297456603, 0.5975199756703076], [0.4671794358631657, 0.9507529614943824, 0.6802647126465533, 0.4035871564432363, 0.3406068600406543, 0.9542720646506304, 0.004788970938160331, 0.09944860312056403, 0.6384641850498842, 0.21265553206452092, 0.8040512088099249, 0.9287234603340101, 0.5806046910555115, 0.9303841010147545, 0.4978391428544484, 0.4448997212680905, 0.52179541325998, 1.0, 0.739452786186994, 0.9372652786772471, 0.3116981166786863, 0.5575251143590672, 0.18726062672239352, 0.2897958932023026, 0.42467385053226514, 0.8659332819947654, 0.7682079894581174, 0.4241495265796621, 0.4342260886551249, 0.6327166685971369, 0.24981764286211916, 0.0072906727283724715, 0.567462029453555, 0.6843052111163269, 0.833368067658666], [0.287560673332547, 0.03940948243840292, 0.3059956280107059, 0.4930811925651608, 0.4057210974034543, 0.6182188879049301, 0.09483078422666968, 0.23415895528433284, 0.6491537929571817, 0.19432756411252727, 0.5879389540408558, 0.8256450804354257, 0.3660522475880039, 0.7830229024801304, 0.212736685206663, 0.22359672615836645, 0.13953388431032532, 0.739452786186994, 1.0, 0.8184322593081105, 0.01605538020907238, 0.024219641107392387, 0.5209870011248428, 0.36885954309502034, 0.26923300317406906, 0.3328398773972865, 0.12678693815151398, 0.6713878323151751, 0.8595626260716459, 0.7418700193039499, 0.986455198090835, 0.856980385736803, 0.4344753003608546, 0.3696648098084856, 0.8685161256954813], [0.20599746893537352, 0.2495422778660884, 0.18529007960508115, 0.23807434158405738, 0.5465406834914864, 0.3045026813394194, 0.32384270954369077, 0.18439168056122035, 0.8792127413763495, 0.7160520867490608, 0.46499742517994935, 0.003163412112751951, 0.17772771170383905, 0.8943289913900252, 0.3113925336773461, 0.6145029822181907, 0.5445686382544879, 0.9372652786772471, 0.8184322593081105, 1.0, 0.24179986196199188, 0.8364086428459402, 0.7861661247222312, 0.0769842560816667, 0.17999369510280228, 0.47913617951467913, 0.7637656595375072, 0.9900051785126233, 0.4369746140557411, 0.8687251891095406, 0.0231648982081617, 0.41340781286109274, 0.18702423217958752, 0.6222548676830122, 0.20741079128807527], [0.3601781235360225, 0.6845173662835426, 0.10872590693502815, 0.0011192443825316367, 0.01791693587019816, 0.368850010406637, 0.9723357580367333, 0.30776239058893284, 0.1274159002451386, 0.5589892524397264, 0.7590940651199745, 0.6372274696785211, 0.006867405653604219, 0.4920874978366554, 0.49139813837145585, 0.2611950139654605, 0.08382035702762713, 0.3116981166786863, 0.01605538020907238, 0.24179986196199188, 1.0, 0.6627469323923709, 0.721986020968678, 0.4218183996903442, 0.6589706075946413, 0.39537763070487975, 0.1312199422802104, 0.8932931651967714, 0.5175569621039744, 0.050041824342403785, 0.9727276772279698, 0.9252403173570837, 0.8741538831366361, 0.04921649074204293, 0.27716105769289867], [0.467815738837817, 0.00958944854166488, 0.2576247063060382, 0.17556280035187832, 0.8040767571915455, 0.5419959782307929, 0.45943505407011465, 0.09538384515867326, 0.7473887331658057, 0.005787320057662915, 0.408275142524256, 0.9571151854394055, 0.04175287469607347, 0.4567406993765504, 0.9589529852901078, 0.3055579669388636, 0.1998801965471244, 0.5575251143590672, 0.024219641107392387, 0.8364086428459402, 0.6627469323923709, 1.0, 0.668326073863136, 0.6744404997006204, 0.5106210328052545, 0.9654892473988143, 0.4106590498693883, 0.7743184176430882, 0.6985818278881932, 0.444952079176977, 0.8429294240566725, 0.8286849619789384, 0.8390553318608626, 0.932452190724757, 0.18152168031283145], [0.021838320904370212, 0.14936052188637106, 0.8523009125808302, 0.10426587380825392, 0.2023381458864747, 0.7706731780012827, 0.37842253271339654, 0.7045097309324418, 0.34261199322031466, 0.9021125920702795, 0.2618774869917836, 0.10943283718491026, 0.5529989236744216, 0.35046280849661116, 0.003613177958373348, 0.8160500178274536, 0.278771055978443, 0.18726062672239352, 0.5209870011248428, 0.7861661247222312, 0.721986020968678, 0.668326073863136, 1.0, 0.42506735743731117, 0.5453245271253854, 0.7220915707137667, 0.6318453495905804, 0.3907820967871448, 0.7858031025388456, 0.5681242752139928, 0.11505792425221939, 0.1560879887741432, 0.29903377027089517, 0.5466518365003643, 0.19792066820581622], [0.7295243852188484, 0.3090946882909519, 0.6079559752726839, 0.7739745674972942, 0.24965919854154306, 0.8712051712945172, 0.01186447996643003, 0.9360776919480878, 0.6367536299111043, 0.27504894925468426, 0.09985947563756048, 0.18445378166562432, 0.8114267955433575, 0.07067706735164847, 0.7739538145852343, 0.29232713374668307, 0.032419172704844956, 0.2897958932023026, 0.36885954309502034, 0.0769842560816667, 0.4218183996903442, 0.6744404997006204, 0.42506735743731117, 1.0, 0.40355756193657555, 0.268605857655869, 0.9573130655678842, 0.19137551291816357, 0.14163101090063468, 0.036501486676939754, 0.5788334142935794, 0.5007731845231244, 0.04650528638058471, 0.7012191884891479, 0.23473800276407608], [0.2013266661812978, 0.29080179597657774, 0.34511993120527973, 0.03896017271364871, 0.2142537518478701, 0.5688925061479527, 0.6620800969647537, 0.4945721932186471, 0.4992101950529786, 0.3321661234120412, 0.5101551154430034, 0.8673348541967891, 0.680987306225432, 0.21845077007232827, 0.9661586043391558, 0.4883658744139886, 0.3575386086478535, 0.42467385053226514, 0.26923300317406906, 0.17999369510280228, 0.6589706075946413, 0.5106210328052545, 0.5453245271253854, 0.40355756193657555, 1.0, 0.26830333332427747, 0.24937338200875325, 0.9321328667252591, 0.7482864235404203, 0.0808885754555474, 0.12529284328211232, 0.31348949935055126, 0.939108249326608, 0.6984677244052088, 0.8904352883983162], [0.5718423241986915, 0.1571625823639219, 0.8875828430743461, 0.9744275609188654, 0.8406770201236723, 0.708884408222998, 0.03819783143955213, 0.8707578196100536, 0.8211801658544141, 0.9180517679488559, 0.41481284283087105, 0.8104835208921888, 0.49221979346501965, 0.20283828896459188, 0.03498781297658182, 0.5412685406575007, 0.1304020207633787, 0.8659332819947654, 0.3328398773972865, 0.47913617951467913, 0.39537763070487975, 0.9654892473988143, 0.7220915707137667, 0.268605857655869, 0.26830333332427747, 1.0, 0.8960314250197542, 0.3167004578776107, 0.32389294282876624, 0.9997856681804856, 0.0790960236871, 0.4468218386444034, 0.926368259139894, 0.2614040350119844, 0.34779044576646634], [0.9144003812148208, 0.11819631536299657, 0.7602318543579947, 0.9210527990661775, 0.9700831539800241, 0.8932686139465955, 0.9779473889066826, 0.8320694298142742, 0.7104606006302231, 0.9718234134242894, 0.4589645083016113, 0.2493886439418611, 0.35276976917984537, 0.9578238406468087, 0.12999230702339348, 0.33554804412410133, 0.0019801697406918173, 0.7682079894581174, 0.12678693815151398, 0.7637656595375072, 0.1312199422802104, 0.4106590498693883, 0.6318453495905804, 0.9573130655678842, 0.24937338200875325, 0.8960314250197542, 1.0, 0.9959001084544536, 0.9718741682363288, 0.5750545879431698, 0.3673126415994882, 0.15135383403846403, 0.1787577137884364, 0.8584488324549404, 0.9632523906984078], [0.7246147541430576, 0.5796904288853508, 0.23612569913475168, 0.8104486587353793, 0.37658259873333133, 0.014826467687682254, 0.5389011843739451, 0.5999994285751524, 0.7544881204893085, 0.06635566755806499, 0.3860321770366867, 0.9191320846304628, 0.7855366189266497, 0.3368893174252279, 0.4189311644521583, 0.310327953493441, 0.8758631610851151, 0.4241495265796621, 0.6713878323151751, 0.9900051785126233, 0.8932931651967714, 0.7743184176430882, 0.3907820967871448, 0.19137551291816357, 0.9321328667252591, 0.3167004578776107, 0.9959001084544536, 1.0, 0.5225584481546375, 0.7202413222813032, 0.6128112701616837, 0.5712316921989777, 0.7891580290027383, 0.20911723679157046, 0.06526912619323089], [0.337643494969899, 0.6542271388214573, 0.8604518619681543, 0.3006299703113564, 0.4319442124073234, 0.8802658299298798, 0.3073492047310332, 0.2103810044527643, 0.3242346062214222, 0.855837894658079, 0.7914556861786597, 0.9917687553789322, 0.6003611346353094, 0.881098222858604, 0.977523283103525, 0.7674894159277146, 0.9058112960630961, 0.4342260886551249, 0.8595626260716459, 0.4369746140557411, 0.5175569621039744, 0.6985818278881932, 0.7858031025388456, 0.14163101090063468, 0.7482864235404203, 0.32389294282876624, 0.9718741682363288, 0.5225584481546375, 1.0, 0.1358107642670301, 0.8187581774354176, 0.9772715322877892, 0.9758136954269635, 0.17818900989215103, 0.9108493799288057], [0.9989626882580147, 0.47260208735405085, 0.3870987000626729, 0.30761326581095283, 0.1992411841873729, 0.5399770159990352, 0.05563199382558026, 0.1274662063582045, 0.7849220894823609, 0.7918211309648661, 0.13594784501427748, 0.9959738190827107, 0.21083054114622957, 0.10904016422699836, 0.5391466587365161, 0.7750796854934061, 0.5397946888060237, 0.6327166685971369, 0.7418700193039499, 0.8687251891095406, 0.050041824342403785, 0.444952079176977, 0.5681242752139928, 0.036501486676939754, 0.0808885754555474, 0.9997856681804856, 0.5750545879431698, 0.7202413222813032, 0.1358107642670301, 1.0, 0.7673236679457069, 0.5608193172629172, 0.5123872123980204, 0.4268959978376855, 0.4223553016165166], [0.5830491725064434, 0.5384647573311404, 0.720139648391174, 0.1204053907834085, 0.26059663109596876, 0.21471768054734297, 0.5780408702820732, 0.39032012809151395, 0.45459238167752725, 0.3831611277000604, 0.4106660876740357, 0.12349934782379424, 0.43880983758210634, 0.3797648474340828, 0.4648507301529463, 0.4458815296890266, 0.4618210235242598, 0.24981764286211916, 0.986455198090835, 0.0231648982081617, 0.9727276772279698, 0.8429294240566725, 0.11505792425221939, 0.5788334142935794, 0.12529284328211232, 0.0790960236871, 0.3673126415994882, 0.6128112701616837, 0.8187581774354176, 0.7673236679457069, 1.0, 0.56615907700841, 0.24621980487396533, 0.3467498122473197, 0.3097672314173959], [0.4645484403641862, 0.7748612773841659, 0.20187138620468226, 0.27796253593400433, 0.44737646611857584, 0.28058673645064836, 0.9237897727066525, 0.6834670334178464, 0.7240798536709298, 0.1815944090033118, 0.32666875377929727, 0.997053250670305, 0.6548247848202252, 0.33008021619368755, 0.5133646290284417, 0.940328249748152, 0.8976463715946479, 0.0072906727283724715, 0.856980385736803, 0.41340781286109274, 0.9252403173570837, 0.8286849619789384, 0.1560879887741432, 0.5007731845231244, 0.31348949935055126, 0.4468218386444034, 0.15135383403846403, 0.5712316921989777, 0.9772715322877892, 0.5608193172629172, 0.56615907700841, 1.0, 0.5795909105334103, 0.5402681237502749, 0.4128507443803353], [0.3322520494691006, 0.22313653331349836, 0.5415936447403402, 0.07058094509041735, 0.4966167435524719, 0.7915123667561283, 0.4725419798446968, 0.7256597208009274, 0.24065474386678287, 0.8896720649217692, 0.3644019851160999, 0.1982919366117799, 0.8747353314974999, 0.8258699778211323, 0.6099155707518575, 0.3320514200885669, 0.5046178675557885, 0.567462029453555, 0.4344753003608546, 0.18702423217958752, 0.8741538831366361, 0.8390553318608626, 0.29903377027089517, 0.04650528638058471, 0.939108249326608, 0.926368259139894, 0.1787577137884364, 0.7891580290027383, 0.9758136954269635, 0.5123872123980204, 0.24621980487396533, 0.5795909105334103, 1.0, 0.8107738381053372, 0.30031972217566294], [0.7274944042678367, 0.641635290896777, 0.2658508206910406, 0.513656408473036, 0.941090675790931, 0.8394820960029014, 0.25969611436549445, 0.6764349951855696, 0.751274563992357, 0.8242185337014483, 0.14587319649265795, 0.21582983274885037, 0.001552365492854424, 0.1649563561081232, 0.7748692435979034, 0.27304076571518154, 0.2673045297456603, 0.6843052111163269, 0.3696648098084856, 0.6222548676830122, 0.04921649074204293, 0.932452190724757, 0.5466518365003643, 0.7012191884891479, 0.6984677244052088, 0.2614040350119844, 0.8584488324549404, 0.20911723679157046, 0.17818900989215103, 0.4268959978376855, 0.3467498122473197, 0.5402681237502749, 0.8107738381053372, 1.0, 0.6631529347092529], [0.052222886355716924, 0.6862334218544971, 0.5851608453138941, 0.5278956644731371, 0.9518855435817554, 0.10236488443798486, 0.4163053220146088, 0.3586615829082366, 0.6567596359081597, 0.8822878263643992, 0.6455856139468138, 0.9556603676802559, 0.5135833110484016, 0.4209604344859922, 0.43088544867639955, 0.03948898105097298, 0.5975199756703076, 0.833368067658666, 0.8685161256954813, 0.20741079128807527, 0.27716105769289867, 0.18152168031283145, 0.19792066820581622, 0.23473800276407608, 0.8904352883983162, 0.34779044576646634, 0.9632523906984078, 0.06526912619323089, 0.9108493799288057, 0.4223553016165166, 0.3097672314173959, 0.4128507443803353, 0.30031972217566294, 0.6631529347092529, 1.0]]