[[1.0,0.02432088700342219,3.0139983896649756E-4,0.006058062493972246,0.006525035089849211,0.004180336590267031,0.003966792871256107,0.006640402715147846,3.2030868094466106E-4,0.004715805102432548,0.0033037940970741244,0.0023582689538305846,0.0016624549166673888,4.0100149258250355E-4,0.01008384443602021,0.004032318469384017,0.006665377289326488,0.009328320702938491,0.0040244935022097405,0.004210533034543907,0.006011487961794592,0.0011267263558129492,0.004862302520449122,0.0036740366870860923,9.209468085247812E-4,0.004941208593933797,0.006157900224281641,0.004413305269131763,0.00454082713670671,0.0033098428753485505,0.006089949832328714,0.0012336345126212715,7.501053550670726E-4,4.6818290994328217E-4,0.003562817938956579,0.013045888397711342,0.007073265561159044,0.006043924407118458,0.005734144604634272,0.0016002725151501836,0.0034935743719262512,0.006366492700018789,0.0022871860648324294,0.0010098123625742156,0.002531095696358926,0.007792120994387272,0.0021140327618280404,0.0066839029645404556,0.005348339995541736,0.0022106201935484047],[0.02432088700342219,1.0,0.011057070108438136,0.019311221384319715,0.017196975605751647,0.014565857260197554,0.023044143815761458,0.020149674881335917,0.00461077317852711,0.02496609224760964,0.021511551719865674,8.561912830870056E-4,0.001571722181712505,0.012595677828475031,0.019631714045402752,0.018643747141400463,0.012860184396702152,0.023537944728505768,0.016959268805773756,0.0016696720550018456,0.004166451009048909,0.013639409118198543,0.021864787990633173,0.02337522483030588,0.02364573898446291,0.026253816350435024,0.010007384222747703,5.753393918269556E-4,0.022698600280806485,0.01588076082410893,0.00593809350977568,0.025440262479807827,0.015857904089196243,0.008378006569208311,0.006275997494757761,0.028548935544741014,0.014019027110834604,0.020997435877643526,0.004509566811951443,0.0025502783306812302,0.0019908578731715914,0.020036934561889357,8.1583496190189E-4,0.017989141717136267,0.017397464950465943,0.023186663620622307,0.024066607455907937,0.016411945349504554,0.009842060033094291,8.130614870912399E-4],[3.0139983896649756E-4,0.011057070108438136,1.0,0.0016423938417510714,0.0017167989043796585,0.0015125235209623685,1.8964687216361462E-4,4.994288530668996E-4,7.170045838764843E-5,1.263684703146874E-4,2.7236223228894844E-4,1.6948111721875196E-4,2.4866872687686156E-4,1.9801255848107287E-4,0.004612126889718281,0.0025089388737838053,0.0015897844324707726,0.0017573749660617216,5.700806023577111E-4,1.4553917309974995E-4,1.5146454544563478E-4,1.6612517314759155E-4,2.4636690240480727E-4,0.001784762605115467,1.805917202510157E-4,1.7749448329231678E-4,9.837447582984463E-4,3.076874476992005E-4,1.279755926453365E-4,8.476251350958555E-5,2.170507413025504E-4,1.7839174946293675E-4,2.094932786717662E-4,2.206797015053034E-4,1.3289601324081057E-4,0.005450245484417216,5.763444537904184E-4,0.001230087271693964,6.801554524200399E-5,1.644897430190478E-4,2.1994634128824414E-4,2.17638383428192E-4,1.4564715128628173E-4,2.445791725618082E-4,5.481191343600385E-5,0.0054001240883399665,1.3469884410698626E-4,0.0019919160132109044,2.627223000918548E-4,2.0812789954513164E-4],[0.006058062493972246,0.019311221384319715,0.0016423938417510714,1.0,0.0024277543376842415,0.0021495235799574644,0.0024249041236496347,0.004317426877179104,0.0023285106654466195,3.858019974025419E-4,0.0011287546852079332,0.002370522819626951,0.0016574914401520612,0.002389462863879224,0.004976214470313614,0.002753515246499593,0.0018744118433247751,0.015106863236970351,0.002801802923370539,7.800280003593846E-4,0.0016358511657954232,7.6360860543921E-4,0.0018592972323718607,0.0024335812193557573,5.946812354129241E-4,0.0017976855524955552,0.0027039928979309806,4.2703996768653533E-4,0.002145387078705743,3.349478125802139E-4,0.001613340784464927,0.001755430031733522,0.0016723560209016518,0.0010521896489666036,9.240682923114229E-4,0.035050513325207235,0.005629865773327525,0.0032448311215485534,0.002000777731177708,8.680179843872912E-4,7.385745904288529E-4,8.280200150173589E-4,0.001115506635667102,4.2387661665852893E-4,0.002012590615805085,0.0068057521589477855,6.561817633943614E-4,0.0022710990419566564,8.490666762741112E-4,0.0018715770159692972],[0.006525035089849211,0.017196975605751647,0.0017167989043796585,0.0024277543376842415,1.0,0.0038122001246269303,0.004878161468824051,0.00641649999116209,3.64104369124025E-5,0.005165596228856659,0.0024862567072475128,4.4735100724838345E-4,0.002266235590536309,0.0043446869295273634,0.006620881511096553,0.004734386053400921,0.002414099233043049,0.018703163257357047,0.00402873290727197,0.003707189139391699,1.3890153448959915E-4,4.2993889043450525E-4,0.002106447274453552,0.0040494632419671925,0.003165152183103163,0.0045093265534220245,0.005218237414373647,0.005614066733169995,0.00548721126806766,0.004579112390541952,0.002843356302603898,0.005489692641777078,0.0035057988499101957,0.003946489873342639,0.0038620086325700997,0.034255213430495444,0.009964409050298313,0.005326824533818377,9.595489198603025E-4,0.0031345671740681366,0.0017262614556221158,0.0019147238428932865,0.002733354174375609,0.00130397296450934,0.002168732680595265,0.0070500533763015495,0.003588637720329794,0.0030698440883487124,0.005129209752236507,0.0020129417433133344],[0.004180336590267031,0.014565857260197554,0.0015125235209623685,0.0021495235799574644,0.0038122001246269303,1.0,0.002090564332477211,0.0040833425223074414,0.0016891231861811875,5.848905689490763E-4,0.0016494707867720736,9.853310376303596E-4,0.0016838327059993004,0.001829204815321762,0.012479856282760734,0.0026848080735296796,0.00186625813092787,0.020348762934503526,0.0021620539123644983,0.001561470207121483,0.0014659010270405325,0.0015618483384802224,0.0010754051778339479,0.003302001155830596,6.151101009402528E-4,0.001790905791589446,0.002723725162439336,8.920836419047148E-4,2.666896343680859E-4,6.264009618832049E-4,0.001129033693001655,0.0012618663029214186,4.064655730011606E-4,0.0011801969093113852,7.443287489250363E-4,0.05001514566189156,0.0073463372718451225,0.0032514774656300224,8.715440924691229E-4,0.0012038457640332358,6.460313924232607E-4,4.6495464434832476E-4,5.214705228413542E-4,0.0019307058954431433,0.0013285540271729668,0.004431840199484772,0.0014837109727274778,0.0020571484070295233,0.0013510371903835586,6.679510047294379E-4],[0.003966792871256107,0.023044143815761458,1.8964687216361462E-4,0.0024249041236496347,0.004878161468824051,0.002090564332477211,1.0,0.006077961684292714,1.6122164476881014E-4,0.0021625185491559442,0.001404215932291859,2.5201673447469757E-4,4.7192632117565016E-4,7.935246728976998E-4,0.011679003593794306,0.0028626369691307834,0.0021737199749122696,0.018127674829170777,0.0028649497961290163,0.0010595987795934802,0.0010732827408467937,3.4683603200956123E-4,0.0020512432889693588,0.002765625568902147,6.323817751155514E-4,0.0021556418734251875,0.0029521390389682365,8.687868946734738E-4,0.0020289441738129224,7.386985398099672E-4,5.268178712039825E-4,0.0026260625049484235,9.137565057803636E-4,0.001181582386994563,0.002208197038950285,0.023278407751838783,0.006802664281357063,0.0032679490699217264,0.0021195465961422453,0.0013752690491076911,4.238300755091922E-4,0.0014412486347105515,0.0013293359230842684,9.106157099293496E-4,0.002316972721870422,0.007429464136407486,0.0012698971395812032,0.002217196794995495,7.469563627971383E-4,9.996252430048758E-4],[0.006640402715147846,0.020149674881335917,4.994288530668996E-4,0.004317426877179104,0.00641649999116209,0.0040833425223074414,0.006077961684292714,1.0,2.6741718140875053E-4,0.004935757696485576,0.006514182716831723,0.005670889235291805,0.0043448770597595875,0.003988022215112948,0.00868134136058649,0.004918572140164215,0.002797826846985689,0.011860323564305286,0.003204092074991409,0.005622655706757657,0.005179283828887004,0.002679790292986883,0.003005572706229749,0.006320269365143667,0.006443661252145606,0.0025443471177266437,0.006261534582635472,0.0034937898380953047,0.00435723079473032,0.001194454166188357,0.00231053426819574,8.909145679713113E-4,0.0026897241349676873,0.0022989669199609303,0.0053371071742441475,0.025726454793169855,0.007052497548350384,0.0042754036881340555,0.003882400126882208,0.00351140008146871,0.005824117726710295,0.001234327845378673,0.001665405653761222,0.005941876582458993,0.005668485141163742,0.00728866402534048,0.005525152107272034,0.004387924998598492,0.0016871985394922217,0.004688073615175732],[3.2030868094466106E-4,0.00461077317852711,7.170045838764843E-5,0.0023285106654466195,3.64104369124025E-5,0.0016891231861811875,1.6122164476881014E-4,2.6741718140875053E-4,1.0,3.511899309156463E-5,1.292578966460888E-4,3.819136716279584E-5,1.468387670445153E-4,5.0529480626213006E-5,0.011979136807652275,3.7909911109195994E-4,0.0013906186339288074,0.010494351870205629,0.0014064803075199625,8.499342241548287E-5,9.659185936197635E-5,4.014022691098719E-5,7.583228696421465E-5,0.002687698959269223,3.415549473273989E-4,8.636703597853976E-5,0.0020766770362222044,4.136411518596508E-5,1.0393914273395395E-5,1.7854113791728673E-5,9.082583312813054E-5,2.319645142762728E-5,9.974742352762912E-5,2.941954678017501E-4,4.599533572142303E-5,0.006824660253354693,0.009092428171165666,7.98129485767264E-4,1.2743850923840894E-5,1.49717565925595E-5,6.58043020894112E-5,1.2690873502283655E-4,1.267512900791497E-4,2.0680136044438825E-5,1.0444192907890395E-5,0.0061787789755970044,1.4426107325625167E-5,0.0011404732569026252,1.6103370825619207E-4,5.243396926001793E-4],[0.004715805102432548,0.02496609224760964,1.263684703146874E-4,3.858019974025419E-4,0.005165596228856659,5.848905689490763E-4,0.0021625185491559442,0.004935757696485576,3.511899309156463E-5,1.0,1.4408797585881706E-4,1.4271279492733904E-4,1.3788428163929008E-4,1.9333811772958456E-4,0.004039149752547858,2.74541785718383E-4,1.1286491005740789E-4,0.014051802118156868,3.526996483642702E-4,1.1498342357338072E-4,1.116959165218631E-4,1.0982459423073405E-4,1.9439304672005941E-4,0.003061017841381011,2.527983004592299E-4,1.700709861751158E-4,0.001775865344110168,2.3081356604026798E-4,5.958071382323736E-5,8.884908346808477E-5,1.629201740506949E-4,1.4312694891568164E-4,1.371248417271224E-4,2.3192075630098063E-4,7.274750258246061E-5,0.05176091840943527,0.008981671764746782,0.0024132914942141554,6.0491411557166155E-5,8.953622864078173E-5,1.9543578489016218E-4,1.4750196193364466E-4,1.2602043471416353E-4,1.3116005394021125E-4,8.20008217832043E-5,0.008361886375500793,1.0580500929391196E-4,1.1286766210432384E-4,1.0713643152492172E-4,2.873514525710885E-4],[0.0033037940970741244,0.021511551719865674,2.7236223228894844E-4,0.0011287546852079332,0.0024862567072475128,0.0016494707867720736,0.001404215932291859,0.006514182716831723,1.292578966460888E-4,1.4408797585881706E-4,1.0,2.0380144600429598E-4,3.6807034356898047E-4,3.60483641319984E-4,0.001686532660585945,0.0025379917578585384,6.057209106179221E-4,0.01751059922571482,0.002000525801688988,3.9273093215501316E-4,3.91935401139261E-4,4.393287434963305E-4,2.8927565496811574E-4,9.65777668510892E-4,5.117794452786813E-4,4.180987206249613E-4,0.0011648714513796798,4.348365746711944E-4,4.043765375439657E-5,3.970857812496243E-4,2.681577265943187E-4,3.638262545785652E-4,3.754602399933692E-4,4.8481075770788495E-4,4.813456337177912E-4,0.027534286741319282,0.0059206687680809465,0.0017150962405383843,1.9205244815044257E-4,3.5110511110682653E-4,2.741055005241339E-4,4.117003051182116E-4,1.8678413149458527E-4,4.166756776545681E-4,8.459929003294648E-5,0.007650267127846815,1.551949523927005E-4,0.0013491708669073244,5.221667010250162E-4,5.922571514719273E-4],[0.0023582689538305846,8.561912830870056E-4,1.6948111721875196E-4,0.002370522819626951,4.4735100724838345E-4,9.853310376303596E-4,2.5201673447469757E-4,0.005670889235291805,3.819136716279584E-5,1.4271279492733904E-4,2.0380144600429598E-4,1.0,2.3138103794827743E-4,2.445457938990779E-4,0.001025246716708607,0.0027913810751058546,0.0015609325862978567,0.020311181756663098,0.0011810211665994564,1.3106679975189394E-4,1.393263070315295E-4,1.6475013791654848E-4,1.887801453518112E-4,0.0013252526075995595,5.381186726753775E-4,1.96538055754414E-4,4.573503227368794E-4,3.4105103472683993E-4,1.3178688845624168E-4,3.783281120931638E-5,1.9911695254781867E-4,1.9280502102627335E-4,1.7014995081570078E-4,2.790265334828198E-4,1.5547293413167694E-4,0.04592995332783293,4.21076271474356E-4,0.00256547213996114,9.313480795761789E-5,1.3333886741560177E-4,2.1512877052573686E-4,2.2240107166029472E-4,1.5354428141197606E-4,1.979897497377977E-4,7.30886755941319E-5,0.0016122232035859821,1.6464399637894226E-4,0.0011496683859719098,5.236923764484712E-4,4.2759932630667365E-4],[0.0016624549166673888,0.001571722181712505,2.4866872687686156E-4,0.0016574914401520612,0.002266235590536309,0.0016838327059993004,4.7192632117565016E-4,0.0043448770597595875,1.468387670445153E-4,1.3788428163929008E-4,3.6807034356898047E-4,2.3138103794827743E-4,1.0,2.7031994695542156E-4,0.014101852721150068,9.479372885511906E-4,4.697233689816111E-4,0.019505355502479158,0.001891120044503155,2.542249009866936E-4,1.7959425739842198E-4,2.5432306601550457E-4,2.7423757853384945E-4,4.1637339725733813E-4,4.06866722813776E-4,2.8041761360946525E-4,8.22324504402532E-4,2.985783867039093E-4,2.74976888332802E-4,1.0749471033641873E-4,2.660173298862301E-4,2.3048356368514126E-4,2.410150020457777E-4,2.9728313039944544E-4,1.427601035657436E-4,0.006077307392316658,0.006335080243934725,0.00345825682408433,2.0198124676387637E-4,2.6226582815119315E-4,2.652346741146007E-4,3.0521725118332863E-4,1.8795505291806507E-4,2.9158008780599674E-4,2.543204750998478E-4,0.006116731782314813,2.2730305796376502E-4,0.0019599058748606428,3.9911700302699873E-4,4.8111809684868554E-4],[4.0100149258250355E-4,0.012595677828475031,1.9801255848107287E-4,0.002389462863879224,0.0043446869295273634,0.001829204815321762,7.935246728976998E-4,0.003988022215112948,5.0529480626213006E-5,1.9333811772958456E-4,3.60483641319984E-4,2.445457938990779E-4,2.7031994695542156E-4,1.0,0.009216915368835869,9.817222290190606E-4,4.726978196564169E-4,0.00976937335994213,0.0017011005792863256,1.770082559406631E-4,1.2602853259398425E-4,1.943544386930451E-4,2.562422078478565E-4,9.213116212613001E-4,3.9675602432044936E-4,2.441865671964421E-4,0.002283795068202034,3.055478168114864E-4,2.113209772066322E-4,3.5125953473729915E-5,2.479132411127787E-4,2.457561138435007E-4,2.4549310897366646E-4,3.18075390280446E-4,1.8184837181071822E-4,0.04686106071442841,0.0031955909584560622,0.0027676496630520964,1.605738180842456E-4,9.015188366285895E-5,2.4700587919918677E-4,2.814581259037155E-4,1.9490489671655065E-4,2.6996171586357934E-4,2.3498617909626426E-4,0.005189035141189498,2.3999649988412744E-4,0.0017979971190802348,3.492429176555918E-4,5.800235911636244E-4],[0.01008384443602021,0.019631714045402752,0.004612126889718281,0.004976214470313614,0.006620881511096553,0.012479856282760734,0.011679003593794306,0.00868134136058649,0.011979136807652275,0.004039149752547858,0.001686532660585945,0.001025246716708607,0.014101852721150068,0.009216915368835869,1.0,0.011313164649920241,0.009151834517798291,0.020431186440546326,0.003791447024877633,0.010713134546787309,0.004791338300372113,0.005965419834092032,0.0024060429429848687,0.006841460994808942,0.010344821952647623,0.004242632397867893,0.012541200145155796,0.011339444743435808,0.003707160118394776,0.008241367317300621,0.009529070147345943,0.008477666685389107,0.004949571655664413,0.01240619614410958,0.004423341672296805,0.030558722130655545,0.010188027291953039,0.008442818264552645,0.011198127357680228,0.010841315128714545,0.0017298836790856612,0.008258981306251037,0.002352584301813748,0.013949477817340034,0.012642754378892031,0.009706531759386862,2.962807507310975E-4,0.011636084545222272,0.007849838063911858,0.00925621211461105],[0.004032318469384017,0.018643747141400463,0.0025089388737838053,0.002753515246499593,0.004734386053400921,0.0026848080735296796,0.0028626369691307834,0.004918572140164215,3.7909911109195994E-4,2.74541785718383E-4,0.0025379917578585384,0.0027913810751058546,9.479372885511906E-4,9.817222290190606E-4,0.011313164649920241,1.0,0.0028489512900971054,0.020952339683346227,0.0029314351216007425,0.001694490744360603,3.9425895998005376E-4,5.977448772457518E-4,0.002466843860214973,0.0028864828088601465,0.00223607921406023,0.0013777970027497649,0.002970316163839574,3.8541082869360455E-4,0.0010031104650291792,0.0017274515980070888,8.894867764872382E-4,0.0025208566385084836,0.0010924719974896254,0.0013322177354039187,3.554831688394153E-4,0.042725473949460385,0.0067914339053908685,0.0032616198066248445,0.0010730386200511024,0.0012636628053942114,0.00233182886598616,0.0022850253587052916,0.0028351470888841046,0.0024671012800186174,0.001513319801897046,0.006427864061851311,0.0016908384380849213,0.0025387999000645116,0.0011302574729793085,6.726269917983149E-4],[0.006665377289326488,0.012860184396702152,0.0015897844324707726,0.0018744118433247751,0.002414099233043049,0.00186625813092787,0.0021737199749122696,0.002797826846985689,0.0013906186339288074,1.1286491005740789E-4,6.057209106179221E-4,0.0015609325862978567,4.697233689816111E-4,4.726978196564169E-4,0.009151834517798291,0.0028489512900971054,1.0,0.007741209627808219,0.002626724484955936,0.0013005414094564025,0.0011719440380484987,0.0012892476739788754,0.0012120132807207883,0.002473511390555592,0.0014502980725017694,0.0010929652644374283,0.0024489742975552266,0.0015941413563469583,7.971054160726464E-4,0.0015301502286918834,9.516716444867297E-4,0.0014737716285689836,0.0010524433927647776,4.7258666428251766E-4,6.846398723376734E-4,0.0374745575733592,0.006724097582729979,0.0030125715832784285,7.582115124672146E-5,0.0017112968620431755,6.525324211577961E-4,0.0010815688096918999,0.0014079146654072678,0.0014245311846869855,0.001720894400432612,0.0025782199251721915,0.001575810834474349,0.0018836184082468032,0.0011198717084011031,0.0016104236956207669],[0.009328320702938491,0.023537944728505768,0.0017573749660617216,0.015106863236970351,0.018703163257357047,0.020348762934503526,0.018127674829170777,0.011860323564305286,0.010494351870205629,0.014051802118156868,0.01751059922571482,0.020311181756663098,0.019505355502479158,0.00976937335994213,0.020431186440546326,0.020952339683346227,0.007741209627808219,1.0,0.0032141013833054234,0.00711018967671122,0.018997480909116835,0.010161851202474757,0.017495285586324502,0.006093174009754727,0.01647008658839345,0.004486649297447272,0.02024856315530844,0.012774981695628788,0.005078396927240086,0.011473985147327644,0.013272516347324211,0.019893466452250347,0.017756352359131786,0.01144911626761851,0.002892615235835145,0.04597295796531575,0.011100254220067175,0.005416316359516924,0.009164595916891265,0.009904346116490001,0.006624413382594682,0.0061708241296583866,0.004385340462993042,0.005196496050166114,0.005295489213171219,0.01941595646934624,0.01515277433283691,0.007217570021902184,0.022288759712599776,0.020865865103807786],[0.0040244935022097405,0.016959268805773756,5.700806023577111E-4,0.002801802923370539,0.00402873290727197,0.0021620539123644983,0.0028649497961290163,0.003204092074991409,0.0014064803075199625,3.526996483642702E-4,0.002000525801688988,0.0011810211665994564,0.001891120044503155,0.0017011005792863256,0.003791447024877633,0.0029314351216007425,0.002626724484955936,0.0032141013833054234,1.0,0.0010431918758751955,0.0015725896622462794,8.063613588639576E-4,0.0028535972613994726,0.0032017751596317124,7.791398525513051E-4,0.0027135354661774248,0.00299307849545104,0.00205518780501655,9.698623890363848E-4,0.0021756674831744476,0.002758540744011711,2.8176241835514807E-4,0.0016000937912167754,4.0424222400217637E-4,0.0020937588600415343,0.03359123065399848,0.005119817022491094,0.003478353249351202,0.002836305644779177,0.0018878852791257244,3.105916055065293E-4,8.694074233586259E-4,0.002730680179879898,0.002599270906150761,0.0019036262722934426,0.008033476189307406,0.002373925354781441,0.0023826488095310423,0.0027848981188099706,0.0017488739348728317],[0.004210533034543907,0.0016696720550018456,1.4553917309974995E-4,7.800280003593846E-4,0.003707189139391699,0.001561470207121483,0.0010595987795934802,0.005622655706757657,8.499342241548287E-5,1.1498342357338072E-4,3.9273093215501316E-4,1.3106679975189394E-4,2.542249009866936E-4,1.770082559406631E-4,0.010713134546787309,0.001694490744360603,0.0013005414094564025,0.00711018967671122,0.0010431918758751955,1.0,1.1896177124355731E-4,1.4013138677286554E-4,2.100393348529386E-4,0.0019077701114671478,2.4623137961517075E-4,1.9516764896505422E-4,0.002068397240750559,3.58176142688111E-4,1.1586966594091954E-4,5.086946791817679E-5,1.3452860993848483E-4,2.045373304725004E-4,2.1497379102501988E-4,2.559269457186862E-4,8.453137066486198E-5,0.01880141729287252,0.006403945608114482,0.001529100134733373,3.76589864380138E-5,9.685249194819942E-5,2.0258732904101937E-4,2.4407489784847297E-4,1.3320128868240188E-4,2.345371058783876E-4,9.48375417719881E-5,0.0019583592100933635,1.1701232978143137E-4,3.231109105227546E-4,4.556764946051176E-4,6.628783227596332E-4],[0.006011487961794592,0.004166451009048909,1.5146454544563478E-4,0.0016358511657954232,1.3890153448959915E-4,0.0014659010270405325,0.0010732827408467937,0.005179283828887004,9.659185936197635E-5,1.116959165218631E-4,3.91935401139261E-4,1.393263070315295E-4,1.7959425739842198E-4,1.2602853259398425E-4,0.004791338300372113,3.9425895998005376E-4,0.0011719440380484987,0.018997480909116835,0.0015725896622462794,1.1896177124355731E-4,1.0,1.498640532202578E-4,1.944575289239499E-4,8.14637373960409E-4,1.2657167177207142E-4,1.3354327037613605E-4,0.002903143459847737,2.325547178673355E-4,7.883222257614673E-5,5.4461642288173655E-5,2.0898050079038908E-4,1.4176071048406736E-4,1.5901642999905727E-4,2.576259982997811E-4,6.55950469691314E-5,0.03716314732173323,0.009329109921615753,0.001711541866617024,6.19868311115456E-5,1.0280692577960686E-4,2.2359045426334956E-4,2.4664436248047046E-4,1.404589809368227E-4,2.065957919579143E-4,3.8788551685958224E-5,0.003882499983997861,1.160331010452872E-4,0.00133265595190611,3.7331321405116954E-4,3.199970696469259E-4],[0.0011267263558129492,0.013639409118198543,1.6612517314759155E-4,7.6360860543921E-4,4.2993889043450525E-4,0.0015618483384802224,3.4683603200956123E-4,0.002679790292986883,4.014022691098719E-5,1.0982459423073405E-4,4.393287434963305E-4,1.6475013791654848E-4,2.5432306601550457E-4,1.943544386930451E-4,0.005965419834092032,5.977448772457518E-4,0.0012892476739788754,0.010161851202474757,8.063613588639576E-4,1.4013138677286554E-4,1.498640532202578E-4,1.0,2.1322672448232077E-4,0.002154136760111241,3.567280804923291E-4,2.1862859007576056E-4,0.0026053500281151337,2.1486860239500563E-4,1.4025798464674036E-4,1.2405365417788358E-4,1.8579078004934908E-4,1.8175842452260513E-4,2.0524655349395078E-4,1.8709494577211853E-4,7.129965643339473E-5,0.0028838254182642965,0.005994202793603245,7.388760363474019E-4,1.6217938798708574E-4,1.4685653183866052E-4,1.9614750409637855E-4,2.6591142260901405E-4,1.505697260451376E-4,1.850156243288752E-4,1.4225889436012756E-5,0.006359899675990021,1.5355859795853374E-4,0.001778851021869277,3.1607588232344995E-4,3.876226894467754E-4],[0.004862302520449122,0.021864787990633173,2.4636690240480727E-4,0.0018592972323718607,0.002106447274453552,0.0010754051778339479,0.0020512432889693588,0.003005572706229749,7.583228696421465E-5,1.9439304672005941E-4,2.8927565496811574E-4,1.887801453518112E-4,2.7423757853384945E-4,2.562422078478565E-4,0.0024060429429848687,0.002466843860214973,0.0012120132807207883,0.017495285586324502,0.0028535972613994726,2.100393348529386E-4,1.944575289239499E-4,2.1322672448232077E-4,1.0,0.002447997068444842,4.932652155259624E-4,2.614648871051535E-4,0.0021711420328616076,2.797037024071921E-4,1.6661954161321355E-4,2.4772938973481606E-4,2.636816457272315E-4,2.4041108659835435E-4,2.541569235391466E-4,2.9391649198388454E-4,9.261652759372002E-5,0.04641820435060917,0.008184734845792036,0.0013357931942572805,7.050404029479884E-5,2.2110073475792698E-4,2.631151412428369E-4,2.7127258694431013E-4,2.1712231537733448E-4,2.7040626038694004E-4,1.388664835291867E-4,0.00823944615644393,1.6299757114832296E-4,0.0013055678909913461,5.232334567723294E-4,2.7094149331686985E-4],[0.0036740366870860923,0.02337522483030588,0.001784762605115467,0.0024335812193557573,0.0040494632419671925,0.003302001155830596,0.002765625568902147,0.006320269365143667,0.002687698959269223,0.003061017841381011,9.65777668510892E-4,0.0013252526075995595,4.1637339725733813E-4,9.213116212613001E-4,0.006841460994808942,0.0028864828088601465,0.002473511390555592,0.006093174009754727,0.0032017751596317124,0.0019077701114671478,8.14637373960409E-4,0.002154136760111241,0.002447997068444842,1.0,0.003202749725134996,0.0022130812987115537,0.0030731046359188936,0.0022740724417594335,5.860535109442029E-4,0.00238979787514926,0.002344811423438103,2.3226287957391368E-4,0.0011765820409438395,0.003249680418506082,0.0021331054057925794,0.009675740506812767,0.008422998233040392,0.0033210731195680763,0.002230306821198264,0.001334351582534343,0.0025124644527049467,9.953753161321625E-4,0.0018112643879248528,0.001020102394169688,0.0023675718360643707,0.0057522964530753,0.0013446701896392028,0.0028444411751148693,6.042540029706662E-4,0.0024398606418648866],[9.209468085247812E-4,0.02364573898446291,1.805917202510157E-4,5.946812354129241E-4,0.003165152183103163,6.151101009402528E-4,6.323817751155514E-4,0.006443661252145606,3.415549473273989E-4,2.527983004592299E-4,5.117794452786813E-4,5.381186726753775E-4,4.06866722813776E-4,3.9675602432044936E-4,0.010344821952647623,0.00223607921406023,0.0014502980725017694,0.01647008658839345,7.791398525513051E-4,2.4623137961517075E-4,1.2657167177207142E-4,3.567280804923291E-4,4.932652155259624E-4,0.003202749725134996,1.0,4.5245372459655367E-4,0.0022884614963183,4.601466551882103E-4,5.168047912253109E-4,2.568739407265876E-4,3.3971528440625287E-4,4.090337771561032E-4,2.3733504135468306E-4,5.163651260088847E-4,5.255041644955362E-4,0.034965218673094975,0.008884466776414392,9.5412860922125E-4,2.881712076434755E-4,2.4443941737327347E-4,3.699780711798852E-4,4.150216358619767E-4,3.1987779964880506E-4,2.769916161760471E-4,2.1140192678063033E-4,0.007883843013930093,4.0339993545841E-4,0.0017755687586659033,5.393263086202661E-4,5.818056376373287E-4],[0.004941208593933797,0.026253816350435024,1.7749448329231678E-4,0.0017976855524955552,0.0045093265534220245,0.001790905791589446,0.0021556418734251875,0.0025443471177266437,8.636703597853976E-5,1.700709861751158E-4,4.180987206249613E-4,1.96538055754414E-4,2.8041761360946525E-4,2.441865671964421E-4,0.004242632397867893,0.0013777970027497649,0.0010929652644374283,0.004486649297447272,0.0027135354661774248,1.9516764896505422E-4,1.3354327037613605E-4,2.1862859007576056E-4,2.614648871051535E-4,0.0022130812987115537,4.5245372459655367E-4,1.0,2.963507176706337E-4,3.443979357266665E-4,1.0168372681250514E-4,1.1524080956081529E-4,2.312113050915813E-4,2.2115733914164035E-4,2.2948061314356492E-4,3.134905539568677E-4,1.6949760933393802E-4,0.045801015130554276,0.00463268811147361,0.002298908988084807,1.7440805224561728E-4,1.2936538825197023E-4,2.3672563766146182E-4,2.559952353333749E-4,2.0338405526590977E-4,2.5841002783241225E-4,1.723752703545056E-5,0.005460710081478249,1.6008635695811512E-4,5.500752257070148E-4,2.3166328220541318E-4,6.470760566686083E-4],[0.006157900224281641,0.010007384222747703,9.837447582984463E-4,0.0027039928979309806,0.005218237414373647,0.002723725162439336,0.0029521390389682365,0.006261534582635472,0.0020766770362222044,0.001775865344110168,0.0011648714513796798,4.573503227368794E-4,8.22324504402532E-4,0.002283795068202034,0.012541200145155796,0.002970316163839574,0.0024489742975552266,0.02024856315530844,0.00299307849545104,0.002068397240750559,0.002903143459847737,0.0026053500281151337,0.0021711420328616076,0.0030731046359188936,0.0022884614963183,2.963507176706337E-4,1.0,5.103683279694206E-4,0.001853471720106279,0.002945406222396057,7.158159427132745E-4,0.0024394218971925674,0.0024445726925551845,0.002254089019291233,0.0013346684136128642,0.033961034253612285,0.006722755250967073,0.0034441376929905407,4.012211435654149E-4,0.0019994672411843242,6.2528807624055E-4,6.232877934496126E-4,0.0026135190758402476,0.0015845848219058966,7.8023119402198E-4,0.007345708900298344,0.0014874028765032923,0.002294859316584998,0.0015997756838776944,0.002124907845136153],[0.004413305269131763,5.753393918269556E-4,3.076874476992005E-4,4.2703996768653533E-4,0.005614066733169995,8.920836419047148E-4,8.687868946734738E-4,0.0034937898380953047,4.136411518596508E-5,2.3081356604026798E-4,4.348365746711944E-4,3.4105103472683993E-4,2.985783867039093E-4,3.055478168114864E-4,0.011339444743435808,3.8541082869360455E-4,0.0015941413563469583,0.012774981695628788,0.00205518780501655,3.58176142688111E-4,2.325547178673355E-4,2.1486860239500563E-4,2.797037024071921E-4,0.0022740724417594335,4.601466551882103E-4,3.443979357266665E-4,5.103683279694206E-4,1.0,2.7772834455124223E-4,8.312125872022135E-5,3.056520968940768E-4,2.595755746151114E-4,2.5948283271892176E-4,3.5533477586489675E-4,1.607838970366984E-4,0.03326604555685281,0.007044027499542645,0.0031397099559567253,3.494390914814615E-4,1.7852950525494218E-4,2.641327370905722E-4,3.458589020155648E-4,3.4186829626438407E-4,3.2699018405037795E-4,1.8423965818382612E-4,0.005814819250418384,2.3434264358743358E-4,4.3750893895935994E-4,3.97894270168908E-4,6.323293091225775E-4],[0.00454082713670671,0.022698600280806485,1.279755926453365E-4,0.002145387078705743,0.00548721126806766,2.666896343680859E-4,0.0020289441738129224,0.00435723079473032,1.0393914273395395E-5,5.958071382323736E-5,4.043765375439657E-5,1.3178688845624168E-4,2.74976888332802E-4,2.113209772066322E-4,0.003707160118394776,0.0010031104650291792,7.971054160726464E-4,0.005078396927240086,9.698623890363848E-4,1.1586966594091954E-4,7.883222257614673E-5,1.4025798464674036E-4,1.6661954161321355E-4,5.860535109442029E-4,5.168047912253109E-4,1.0168372681250514E-4,0.001853471720106279,2.7772834455124223E-4,1.0,3.3770875767546505E-5,1.9866057830539448E-4,6.9769670962E-5,6.133259572937825E-5,5.422434454746483E-5,4.449947516686204E-5,0.028180706435548233,0.0021705739554354394,0.0022638198437679945,3.225397140388739E-5,5.382974497923026E-5,1.3724687353123183E-4,8.353798347283576E-5,8.906616886899702E-5,2.548651104484035E-4,1.3486737101814248E-5,0.007670677223070885,8.806071788092289E-5,3.912848152205861E-4,3.6284470768094534E-4,5.508216902426438E-4],[0.0033098428753485505,0.01588076082410893,8.476251350958555E-5,3.349478125802139E-4,0.004579112390541952,6.264009618832049E-4,7.386985398099672E-4,0.001194454166188357,1.7854113791728673E-5,8.884908346808477E-5,3.970857812496243E-4,3.783281120931638E-5,1.0749471033641873E-4,3.5125953473729915E-5,0.008241367317300621,0.0017274515980070888,0.0015301502286918834,0.011473985147327644,0.0021756674831744476,5.086946791817679E-5,5.4461642288173655E-5,1.2405365417788358E-4,2.4772938973481606E-4,0.00238979787514926,2.568739407265876E-4,1.1524080956081529E-4,0.002945406222396057,8.312125872022135E-5,3.3770875767546505E-5,1.0,4.048355361314723E-5,2.186540316988266E-4,8.64222688168638E-5,3.0018305460219037E-4,3.473260172393218E-5,0.013043837399438008,7.546949443197996E-4,0.002176518105889536,1.686830121690229E-5,7.398077832110206E-5,1.458879966379094E-4,2.6007891353335157E-4,1.40587112473536E-4,1.987742887929752E-4,1.3806232413175446E-5,0.0072351516490436205,6.026500444421851E-5,9.273271530567316E-4,4.7388136842646094E-4,6.23710077677379E-4],[0.006089949832328714,0.00593809350977568,2.170507413025504E-4,0.001613340784464927,0.002843356302603898,0.001129033693001655,5.268178712039825E-4,0.00231053426819574,9.082583312813054E-5,1.629201740506949E-4,2.681577265943187E-4,1.9911695254781867E-4,2.660173298862301E-4,2.479132411127787E-4,0.009529070147345943,8.894867764872382E-4,9.516716444867297E-4,0.013272516347324211,0.002758540744011711,1.3452860993848483E-4,2.0898050079038908E-4,1.8579078004934908E-4,2.636816457272315E-4,0.002344811423438103,3.3971528440625287E-4,2.312113050915813E-4,7.158159427132745E-4,3.056520968940768E-4,1.9866057830539448E-4,4.048355361314723E-5,1.0,2.3856619370937404E-4,2.3679666407984046E-4,3.207633762055764E-4,1.835164722670573E-4,0.009372397118749196,0.0054841041230693,9.366867480628312E-4,2.1655347873229328E-4,1.8305431121608848E-4,2.405345603659928E-4,2.573250608137692E-4,1.5405742819291578E-4,2.4382164417986057E-4,1.2438010096698412E-4,0.008496010084594902,1.686246993228708E-4,0.0015784573800893755,2.7129823486906734E-4,2.4017818430685376E-4],[0.0012336345126212715,0.025440262479807827,1.7839174946293675E-4,0.001755430031733522,0.005489692641777078,0.0012618663029214186,0.0026260625049484235,8.909145679713113E-4,2.319645142762728E-5,1.4312694891568164E-4,3.638262545785652E-4,1.9280502102627335E-4,2.3048356368514126E-4,2.457561138435007E-4,0.008477666685389107,0.0025208566385084836,0.0014737716285689836,0.019893466452250347,2.8176241835514807E-4,2.045373304725004E-4,1.4176071048406736E-4,1.8175842452260513E-4,2.4041108659835435E-4,2.3226287957391368E-4,4.090337771561032E-4,2.2115733914164035E-4,0.0024394218971925674,2.595755746151114E-4,6.9769670962E-5,2.186540316988266E-4,2.3856619370937404E-4,1.0,2.331197768822316E-4,2.612000419770698E-4,1.2700506654964906E-4,0.017972205004058214,0.008113002492368777,0.0010364219629399034,1.0345337087102539E-4,9.770544629908458E-5,2.3402710443359097E-4,2.965879307097564E-4,2.0545763251670653E-4,2.3201022533722771E-4,2.967420498686437E-5,0.00712214033694599,2.141985006742349E-4,0.001851368588499306,3.8529653272239726E-4,4.115796657753719E-4],[7.501053550670726E-4,0.015857904089196243,2.094932786717662E-4,0.0016723560209016518,0.0035057988499101957,4.064655730011606E-4,9.137565057803636E-4,0.0026897241349676873,9.974742352762912E-5,1.371248417271224E-4,3.754602399933692E-4,1.7014995081570078E-4,2.410150020457777E-4,2.4549310897366646E-4,0.004949571655664413,0.0010924719974896254,0.0010524433927647776,0.017756352359131786,0.0016000937912167754,2.1497379102501988E-4,1.5901642999905727E-4,2.0524655349395078E-4,2.541569235391466E-4,0.0011765820409438395,2.3733504135468306E-4,2.2948061314356492E-4,0.0024445726925551845,2.5948283271892176E-4,6.133259572937825E-5,8.64222688168638E-5,2.3679666407984046E-4,2.331197768822316E-4,1.0,2.576353451956702E-4,1.8130815532374026E-4,0.013219985407686027,0.002151672355423807,0.002285453777384196,7.420956525664818E-5,1.533027336450357E-4,2.378427012772847E-4,2.858176298248332E-4,1.857411016248194E-4,2.650554853905067E-4,6.029511676007552E-5,0.0019950949013196563,2.2664667126251898E-4,0.0012955489545117432,4.650153114445974E-4,2.609222572922345E-4],[4.6818290994328217E-4,0.008378006569208311,2.206797015053034E-4,0.0010521896489666036,0.003946489873342639,0.0011801969093113852,0.001181582386994563,0.0022989669199609303,2.941954678017501E-4,2.3192075630098063E-4,4.8481075770788495E-4,2.790265334828198E-4,2.9728313039944544E-4,3.18075390280446E-4,0.01240619614410958,0.0013322177354039187,4.7258666428251766E-4,0.01144911626761851,4.0424222400217637E-4,2.559269457186862E-4,2.576259982997811E-4,1.8709494577211853E-4,2.9391649198388454E-4,0.003249680418506082,5.163651260088847E-4,3.134905539568677E-4,0.002254089019291233,3.5533477586489675E-4,5.422434454746483E-5,3.0018305460219037E-4,3.207633762055764E-4,2.612000419770698E-4,2.576353451956702E-4,1.0,2.289129146195312E-4,0.05218076148134849,0.0038250106000814786,0.0015275597919365046,6.17826449660587E-5,1.0919107526625993E-4,2.663328034294243E-4,3.1472826477625866E-4,2.7427905084914645E-4,3.059791734233119E-4,7.029890892252161E-5,0.0037501369251317722,2.932681251835891E-4,0.001510095499041784,3.7441988109935366E-4,6.652304680178369E-4],[0.003562817938956579,0.006275997494757761,1.3289601324081057E-4,9.240682923114229E-4,0.0038620086325700997,7.443287489250363E-4,0.002208197038950285,0.0053371071742441475,4.599533572142303E-5,7.274750258246061E-5,4.813456337177912E-4,1.5547293413167694E-4,1.427601035657436E-4,1.8184837181071822E-4,0.004423341672296805,3.554831688394153E-4,6.846398723376734E-4,0.002892615235835145,0.0020937588600415343,8.453137066486198E-5,6.55950469691314E-5,7.129965643339473E-5,9.261652759372002E-5,0.0021331054057925794,5.255041644955362E-4,1.6949760933393802E-4,0.0013346684136128642,1.607838970366984E-4,4.449947516686204E-5,3.473260172393218E-5,1.835164722670573E-4,1.2700506654964906E-4,1.8130815532374026E-4,2.289129146195312E-4,1.0,0.047345273301688216,0.006246852165469377,0.003040479677823264,4.687232718979733E-5,7.780995272809933E-5,1.6907233790842307E-4,2.421640804006723E-4,9.122671303323277E-5,2.654104909184416E-4,3.116407527514167E-5,0.006153568622443679,9.408486286886195E-5,2.1123415761718282E-4,2.233629077947421E-4,6.447653458003281E-4],[0.013045888397711342,0.028548935544741014,0.005450245484417216,0.035050513325207235,0.034255213430495444,0.05001514566189156,0.023278407751838783,0.025726454793169855,0.006824660253354693,0.05176091840943527,0.027534286741319282,0.04592995332783293,0.006077307392316658,0.04686106071442841,0.030558722130655545,0.042725473949460385,0.0374745575733592,0.04597295796531575,0.03359123065399848,0.01880141729287252,0.03716314732173323,0.0028838254182642965,0.04641820435060917,0.009675740506812767,0.034965218673094975,0.045801015130554276,0.033961034253612285,0.03326604555685281,0.028180706435548233,0.013043837399438008,0.009372397118749196,0.017972205004058214,0.013219985407686027,0.05218076148134849,0.047345273301688216,1.0,0.02862190556910873,0.023649940677754014,0.029318384854734435,0.027592568452117935,6.897377772358559E-4,0.0022987583111511445,0.04159190043154973,0.04441956880054077,0.001718895990761136,0.05025188936964847,0.012598512623289856,0.0021655865134125795,0.041106143296402546,0.006336786483146456],[0.007073265561159044,0.014019027110834604,5.763444537904184E-4,0.005629865773327525,0.009964409050298313,0.0073463372718451225,0.006802664281357063,0.007052497548350384,0.009092428171165666,0.008981671764746782,0.0059206687680809465,4.21076271474356E-4,0.006335080243934725,0.0031955909584560622,0.010188027291953039,0.0067914339053908685,0.006724097582729979,0.011100254220067175,0.005119817022491094,0.006403945608114482,0.009329109921615753,0.005994202793603245,0.008184734845792036,0.008422998233040392,0.008884466776414392,0.00463268811147361,0.006722755250967073,0.007044027499542645,0.0021705739554354394,7.546949443197996E-4,0.0054841041230693,0.008113002492368777,0.002151672355423807,0.0038250106000814786,0.006246852165469377,0.02862190556910873,1.0,0.009145006588268986,2.488020231911674E-4,0.00705743428857303,0.00810171842009226,0.008155366919678674,0.005543293418130155,0.006130119055096065,0.00911619279612091,0.008915855491574002,0.006416891329018223,0.0045978086227186805,0.005691588840589956,0.00714769749941982],[0.006043924407118458,0.020997435877643526,0.001230087271693964,0.0032448311215485534,0.005326824533818377,0.0032514774656300224,0.0032679490699217264,0.0042754036881340555,7.98129485767264E-4,0.0024132914942141554,0.0017150962405383843,0.00256547213996114,0.00345825682408433,0.0027676496630520964,0.008442818264552645,0.0032616198066248445,0.0030125715832784285,0.005416316359516924,0.003478353249351202,0.001529100134733373,0.001711541866617024,7.388760363474019E-4,0.0013357931942572805,0.0033210731195680763,9.5412860922125E-4,0.002298908988084807,0.0034441376929905407,0.0031397099559567253,0.0022638198437679945,0.002176518105889536,9.366867480628312E-4,0.0010364219629399034,0.002285453777384196,0.0015275597919365046,0.003040479677823264,0.023649940677754014,0.009145006588268986,1.0,0.0014751489032823679,0.0029647756309511717,3.8672175781304623E-4,0.0019700981219231005,0.0029110801100060454,0.0035146784922188016,0.0033695912720705956,0.0036184323475451402,0.002719222780112923,0.003128932985363336,0.0015982809778373212,0.001808290415170433],[0.005734144604634272,0.004509566811951443,6.801554524200399E-5,0.002000777731177708,9.595489198603025E-4,8.715440924691229E-4,0.002119546596142