[[1.0,0.004336636547650927,0.0010687713789717518,1.2124691954422024E-4,0.0023491385630184498,0.002824812764741005,0.0011306105884926435,0.002147122687557306,2.1812514910343343E-4,1.789126056736246E-4,1.9720388153718826E-4,5.398056235867444E-4,2.6072545193784595E-5,0.002221014115282022,2.03431927960835E-5,8.670662711860175E-4,0.013475489531932765,0.0030066165934818203,8.153827190295362E-4,0.005255856889123569,9.66774816455874E-5,1.2343525126537796E-5,1.3190537832344406E-5,0.0020887898272228295,1.5005018583714706E-5,6.413303918561498E-5,0.0229635310872548,1.2900173031902122E-5,1.236344576566022E-5,0.0013250743927888658,2.033594205210952E-5,0.004772815024850195,3.403602881232842E-5,4.222266499706577E-4,0.03154696263930018,0.0014598510646348548,9.714666244002653E-4,1.1816442299528684E-4,0.0011837391593134338,3.152211029361882E-5,5.017622703249651E-5,1.9845471546026866E-5,3.743448376684801E-5,0.053810028333247474,5.536431272080969E-5,6.362472023885995E-5,8.411384514763267E-4,6.606692262908542E-5],[0.004336636547650927,1.0,0.013040332286396311,0.005838929504854822,0.004685277137309247,0.025466232151712894,0.013869818967117826,0.01406012168882868,0.0031839163091760686,0.00183631590144224,0.015007900052283685,0.0038216870540873004,0.01072230351320884,0.011777654317233049,0.008397874346319464,0.015310111014635792,0.027893933227399234,0.012687969285457332,0.010465764892902542,0.00786982370443448,0.005291980734962833,0.01014793692598129,0.00709397108072593,0.01844113918525766,0.007968060279358334,0.0024750568649325247,0.021066969820037595,0.003873949042036641,0.0045268680910925145,0.008475714862026702,9.724888747923522E-4,0.01315084504482834,3.300088838382498E-4,0.006224185217934,0.06282880283238257,0.006169930383422423,0.0034746316410863756,0.008759086415899241,0.011790854922187134,0.014715270396025201,0.008280179732541628,0.012411091437467228,0.0016795014051027382,0.020319238268379114,0.0036685983230042266,0.014225871325881845,0.0028425967452702593,0.004918421922180855],[0.0010687713789717518,0.013040332286396311,1.0,0.001708918569605521,0.002146585626668668,0.03322167167927509,0.002807971765697476,0.0032537530151486053,0.001376013865337455,0.0014784176733957618,0.002044024275621735,0.001776872249577718,0.001524485349510946,0.002946254235117435,0.0017673061570512164,0.005498352818250837,0.006438879157182821,0.0022399146813057787,0.0018895850362928045,0.002308972655004881,9.697183099333493E-4,6.984664779150298E-4,7.706338650213043E-4,0.008427622040382696,7.788959519323053E-4,0.0019732158154810164,0.007990237001410619,0.0020869115098606575,8.037325609967496E-4,0.0024084997455656974,0.0014975669464835232,0.004014897250767018,9.91017988436675E-4,0.001609715431636955,0.0032780843133507227,0.0031879667469234445,0.0014025174122299549,2.4850593660242056E-4,0.0019351615084768335,0.0016978041255765169,0.0014161670699700188,0.0013470284533481113,8.752407623207696E-4,0.06373663918238125,0.0011268902973836275,0.0017916031445293266,0.0011640557763079003,9.420438056032645E-4],[1.2124691954422024E-4,0.005838929504854822,0.001708918569605521,1.0,0.002466916957225925,0.01390744070821343,0.00171306887412397,0.0014731216588476511,0.0012222445700330437,0.0011067115635701973,0.0013471905363258718,0.0013988027133267865,3.275790489492089E-4,0.001910247468682942,9.766225497263021E-4,0.013110103507081156,0.0031662500734830463,0.0026720265380150952,0.001331157302045707,0.0020926269666991563,0.0010589979486250278,5.445491801691708E-4,0.0012084418602345242,0.017825538781645008,9.886657965534533E-4,9.696988326361594E-4,0.02246637741024376,9.411731215095249E-4,2.7227867436840295E-4,0.002014797124164441,7.246268200747365E-4,0.004062785889393533,0.0010802999103017006,0.0012804135892962214,0.05856318510975711,0.00469981688557689,0.0011525772627476016,7.38074244719125E-4,0.0012625913924647699,0.0013762904414431575,7.01895062888432E-4,9.921676929209194E-4,9.494126915809414E-4,0.04833052555716614,0.0012169572022221258,9.430544599198983E-4,0.0011983892937293393,6.328299593644759E-4],[0.0023491385630184498,0.004685277137309247,0.002146585626668668,0.002466916957225925,1.0,0.024664310311643352,0.0030840824306041154,0.0038046880876761863,0.0018592364455143075,0.0013679827551620059,0.0011613297285544616,0.002325590103819475,0.002538912920171408,0.0029122871209592838,0.0023765569656565948,0.009408734425196194,0.025986133183906624,0.0027196761096463765,0.001612961353160713,0.0070276993939329,0.001576558518653752,2.743249126678327E-4,4.4917047031815176E-4,0.01228541216715028,0.002545654175419848,9.9399180342163E-4,0.013454448163952824,4.220298038502057E-4,6.633837603627471E-4,0.0025425288007899726,6.311218653175598E-4,0.0038369345473683826,8.333087650110329E-4,0.0012065649977673811,0.035523770218524556,0.004182045821434667,0.0021814874167167065,2.235786441295469E-4,0.0019810930728215177,0.0014346638583420308,0.0011764946857081165,0.0011089120741151067,0.001610294903326196,0.024608043480433314,0.0011869812202297888,0.0012198556024578587,9.894135191748313E-4,0.0013269813758968252],[0.002824812764741005,0.025466232151712894,0.03322167167927509,0.01390744070821343,0.024664310311643352,1.0,0.03139514359884347,0.01817407271358316,0.026793810848342724,0.021291894802968666,0.029402602422924043,0.025198620963936713,0.007642809707530443,0.018902836561159563,0.025062012158027863,0.0162107693981003,0.03450432393702751,0.009337444168020823,0.007261019924222047,0.026278250047724896,0.0013879278962893311,0.027667644318949875,0.0212701379582876,0.043151937895966476,0.030853496875433668,0.029240754566910623,0.028171457228607477,0.004631111054978787,0.03138308285208387,0.023283033905691357,0.03431234427057647,0.005616654643008261,0.030305026935697803,0.033252542946795756,0.07976074486075985,0.00820163049702028,0.016445179857958868,0.012615045583258013,0.020352925920321795,0.03293929654336554,0.01342686095972979,0.013376531711021744,0.011038049411433088,0.05945209830786635,9.358277254279111E-4,0.03196964663301997,0.01894148811638196,0.001958372315238259],[0.0011306105884926435,0.013869818967117826,0.002807971765697476,0.00171306887412397,0.0030840824306041154,0.03139514359884347,1.0,0.0035915387226178033,0.0026728146025565887,0.0018548752962874874,0.0015944119737053902,0.0018744801020806208,0.0022386149166766568,0.0032838241239280235,0.0028171905576031093,0.01058128738285112,0.020553494933492195,0.0031317454252128224,0.003069542379494093,0.004254761305398499,0.0015544017662914439,2.5296047082776636E-4,2.2899332420335528E-4,0.010066046560139503,0.0017709215843436893,0.0021870828708738218,0.023161250740190077,0.0029283280647300113,0.0024298279705650986,0.00317147861942981,0.001034656196102037,0.004649297663486806,2.501696590796411E-4,0.002443081545822911,0.06729837563224292,0.004059428009104015,0.0031120124740866588,0.00229047813189821,0.0025726236926134787,0.002053789935328428,0.003176269412009114,0.002886794508098296,0.001727916394082592,0.02600324506576379,0.0011503545212114786,0.0025428675431904413,0.0014376800677442978,0.001409132547227063],[0.002147122687557306,0.01406012168882868,0.0032537530151486053,0.0014731216588476511,0.0038046880876761863,0.01817407271358316,0.0035915387226178033,1.0,0.002379390490740347,0.0029548377860582065,0.001711877339606017,0.002907329567278954,0.0010153106638235846,0.003374153388495186,0.0032884654519074693,0.012049721620083977,0.012496742727393866,0.0031627883307621513,0.0034001940199151655,0.00443239675622715,6.155063942463205E-4,0.0012229054978134322,0.003062775689933018,0.041563963028463845,0.003636089374183729,0.0037566800072825757,0.023069396241656017,0.0016460651382401896,3.390611615787737E-4,0.00285070167530153,0.00342846528803644,0.004404810996937361,0.0013107438691489768,0.0012651408425090977,0.07675041582353256,0.004959855672666899,0.0019635816965540122,8.719123147744289E-4,0.0041173368700331125,0.0023066835499065776,0.0028209328761898142,0.001203150195852502,0.003179614447013558,0.02828660738896338,5.495278995259122E-4,0.0031825766457764994,0.0025928900989459756,8.344292723523343E-4],[2.1812514910343343E-4,0.0031839163091760686,0.001376013865337455,0.0012222445700330437,0.0018592364455143075,0.026793810848342724,0.0026728146025565887,0.002379390490740347,1.0,4.1502440566647475E-4,0.0010997634818959694,0.0013077822352869257,3.7361259671011047E-4,0.0013138631030050387,8.364156786000685E-4,0.01089203596273801,0.020306758542140677,0.002822997550879506,0.001109176313644956,0.004782932923541558,8.831190618671054E-4,4.0016872248666333E-4,8.59453187546118E-4,0.018386786420562098,1.2835954613513964E-4,6.66551471886086E-4,0.013022016650223386,7.034952030377774E-4,0.0010366267016339008,0.0018665959194008696,4.6350954835616096E-4,0.0025557599107097467,0.0010480253702837494,0.0011079034930984103,0.07912106057603532,0.0036588579023785575,0.0011571272936494047,9.296081795225509E-4,0.0012025309910623414,0.0013611011934141712,0.0010628326535450415,7.78990165376964E-4,7.900111751562112E-4,0.021304435936523432,6.247302730257654E-4,3.9104866489139825E-4,0.00105217541453004,5.826985474824304E-4],[1.789126056736246E-4,0.00183631590144224,0.0014784176733957618,0.0011067115635701973,0.0013679827551620059,0.021291894802968666,0.0018548752962874874,0.0029548377860582065,4.1502440566647475E-4,1.0,0.0010368648050610328,0.0011705638920169634,2.1882382129899167E-4,0.0028367806978296752,1.3721933084394583E-4,0.01289229576740596,0.00766503061861965,0.002042679738966945,6.762337749696273E-4,0.006067959201356448,2.899311634176267E-4,2.2405808128867264E-4,7.011255601091845E-5,0.02243351763027202,1.966243863776136E-4,1.566575041344243E-4,0.018015896139245532,1.2074220483579349E-4,2.525948088935809E-4,5.696529366965328E-4,6.46642778151328E-5,0.0053178938157351415,1.926119035796309E-4,6.966053467491835E-4,0.033190914742742925,8.893155739697028E-4,0.0011094922354655424,2.7586832989401057E-4,0.0011758805171742,0.0012221698826863445,2.704255943384178E-4,2.7658528224034837E-4,2.007470421552677E-4,0.06619430315063903,4.105894858029899E-4,1.8727122262862062E-4,7.768304750407308E-4,1.4230235734308255E-4],[1.9720388153718826E-4,0.015007900052283685,0.002044024275621735,0.0013471905363258718,0.0011613297285544616,0.029402602422924043,0.0015944119737053902,0.001711877339606017,0.0010997634818959694,0.0010368648050610328,1.0,0.0011455880802970523,3.2515231810433133E-4,0.0027822861349302928,4.6980520436169543E-4,0.012786519159587686,0.02473495193774046,0.0029887071539818335,0.0010710751630167712,0.0016620086588004885,9.680767514106839E-4,9.752372648971588E-4,9.813264602757364E-4,0.020406234910923454,2.5594462631941915E-4,4.108024751901518E-4,0.01614030605616138,3.9655401104562565E-4,3.3955753914560705E-4,0.0016210748911672042,6.830303330536274E-4,0.0014881935551722845,8.875576923840863E-4,0.0010368077950473073,0.08594512983319923,0.0016816990145200863,0.0010857451550606283,2.4150998178946542E-4,0.0011634112345619908,0.0012706003380234506,1.8578715374806173E-4,8.073852228462904E-4,5.849702139938025E-4,0.0488569619655704,8.367626948871888E-4,6.741026680220745E-4,0.0010476331836188873,5.296890694187976E-4],[5.398056235867444E-4,0.0038216870540873004,0.001776872249577718,0.0013988027133267865,0.002325590103819475,0.025198620963936713,0.0018744801020806208,0.002907329567278954,0.0013077822352869257,0.0011705638920169634,0.0011455880802970523,1.0,6.453944311459003E-4,0.002912851839162699,0.001358176156478384,0.013843083325261409,0.030961103497459556,0.0017877515886242656,0.0013071469959376424,0.005762964103070365,4.6186475030519756E-4,0.0012526998188570435,0.0017368913668414007,0.0350137793051447,1.558719007959669E-4,4.7857413714200506E-4,0.012580086209973914,4.810996637182569E-4,5.156326736639044E-4,0.002144266959074261,0.0013825660272150373,0.003094414842098141,2.895622703876304E-4,0.001461097071413971,0.02308670069191287,0.0020268465153811498,0.0016868382296592339,0.0010136196476816961,0.0013061978816278391,0.0014628405377329061,0.001163576036364668,0.0015088868110106545,4.084001140808659E-4,0.07767068805445776,8.740582965214919E-4,7.512759221949674E-4,0.0016338243998312363,9.174617141508616E-4],[2.6072545193784595E-5,0.01072230351320884,0.001524485349510946,3.275790489492089E-4,0.002538912920171408,0.007642809707530443,0.0022386149166766568,0.0010153106638235846,3.7361259671011047E-4,2.1882382129899167E-4,3.2515231810433133E-4,6.453944311459003E-4,1.0,0.0015473897711625359,1.3502552399723247E-4,0.003363148790152688,0.002547302016660823,0.0015680624394342924,4.732044264023097E-4,0.0033955952633870855,2.48382006603641E-4,6.029587052771998E-5,1.5196230636553578E-4,0.012062666413881247,1.6227435723758105E-4,1.8343435618544055E-4,0.0031278210196374182,8.417203982553071E-5,8.151382514223265E-5,3.2396707908081794E-4,1.6592233593289604E-4,2.782192380858693E-4,1.906314218436133E-4,3.137734092551765E-4,0.058746370399859076,0.0036449339786010673,6.553447778083389E-4,1.7556737702786613E-4,2.4116483813263912E-4,0.0012643836086639211,2.0261918916523124E-4,2.619659664722994E-4,1.778363520858866E-4,0.05506015505757105,3.2694468302732835E-4,1.8193186476453E-4,6.067180958974233E-4,1.7594839478090953E-4],[0.002221014115282022,0.011777654317233049,0.002946254235117435,0.001910247468682942,0.0029122871209592838,0.018902836561159563,0.0032838241239280235,0.003374153388495186,0.0013138631030050387,0.0028367806978296752,0.0027822861349302928,0.002912851839162699,0.0015473897711625359,1.0,1.5261388247395956E-4,0.0035094870379245883,0.006961746761284561,0.0032541774277296256,0.0013200861894596483,0.006420261483146367,0.0031080571348886888,0.0015564135039608422,0.002351597043245581,0.008731125919885044,0.0011277166635447356,0.0010589868340553945,0.02109254064219984,0.003001720449663631,0.0024605733434237454,0.0031791914596936022,0.0027533351711311288,0.004721521940449553,0.0019050323301555059,0.0031725642296624714,0.05296343936520649,0.003929608380293852,0.002993048849129331,0.0023663186486762087,0.001575969654584159,0.0026067006105446357,0.0021823179700465076,5.012475499398997E-4,0.0019556486589351356,0.07659903204187099,8.310971165274145E-4,2.3110420396542315E-4,0.0010571590114825155,0.0018074803278341379],[2.03431927960835E-5,0.008397874346319464,0.0017673061570512164,9.766225497263021E-4,0.0023765569656565948,0.025062012158027863,0.0028171905576031093,0.0032884654519074693,8.364156786000685E-4,1.3721933084394583E-4,4.6980520436169543E-4,0.001358176156478384,1.3502552399723247E-4,1.5261388247395956E-4,1.0,0.003680085031476132,0.03540831364927713,0.0010432133159881622,4.2074087223795706E-4,0.00503915679649183,2.0761924459216567E-4,1.1809903228411128E-4,9.203084292976444E-5,0.03850621130160354,1.1259280355868014E-4,1.295823406517194E-4,0.021180081108673705,1.8400514713421936E-5,1.1506924526506842E-4,0.002287610189101902,1.0998906740251741E-4,0.0013388390482894528,1.2944993906035095E-4,8.654248815055819E-4,0.02012728814439784,0.004898825912134215,9.19215851199263E-4,1.210146893864722E-4,3.321176847137671E-4,4.0136188325988654E-4,1.2920640715401353E-4,2.473010273958983E-4,1.5919702258319725E-4,0.032832545042153854,2.493263893381104E-4,1.4586755910494682E-4,8.680516175114064E-4,1.2042555184131143E-4],[8.670662711860175E-4,0.015310111014635792,0.005498352818250837,0.013110103507081156,0.009408734425196194,0.0162107693981003,0.01058128738285112,0.012049721620083977,0.01089203596273801,0.01289229576740596,0.012786519159587686,0.013843083325261409,0.003363148790152688,0.0035094870379245883,0.003680085031476132,1.0,0.03274464966554416,0.006346152382317933,0.008494097299910493,0.010857143880511556,0.009641145154778805,0.005742455274970838,0.005167535640286918,0.01916020311796281,0.008303007605824888,0.006918586524219807,0.020452912858177425,6.520559898086528E-4,0.006557052383645383,0.006722229489553847,9.188434684478613E-4,0.007907963922772286,0.012175466052675603,0.0018862728314669678,0.03458160019227452,0.007656235453344801,0.006482957471416123,0.005708677344574153,0.0031387161918579906,0.0023547371331686354,0.012485385618059425,0.0036878582970137764,0.009819940569663161,0.04979087917603937,0.01130770252402541,0.001304132618952946,0.011770111725450328,0.009413306450693399],[0.013475489531932765,0.027893933227399234,0.006438879157182821,0.0031662500734830463,0.025986133183906624,0.03450432393702751,0.020553494933492195,0.012496742727393866,0.020306758542140677,0.00766503061861965,0.02473495193774046,0.030961103497459556,0.002547302016660823,0.006961746761284561,0.03540831364927713,0.03274464966554416,1.0,0.007437664883920159,0.0075222282609419665,0.024497905423058058,0.005947011500902872,0.017282610468047282,0.018196332272838633,0.04003732256794464,0.009145411020989636,0.017380659133159462,0.023614410213571368,0.008520581557372304,0.0307945974310961,0.006745517996755846,0.006568874021946211,0.0347714151778268,0.02160307026660449,0.005577888806272376,0.08129058751544618,0.010623967824153575,0.005071584183113395,0.025823678525568914,0.03430238139826197,0.011998641624997237,0.028092154768087487,0.007070908004909217,0.0146578063857897,0.06420833444212194,0.0015458223786484922,0.01694570407564212,0.01852437281897619,0.032345021573549175],[0.0030066165934818203,0.012687969285457332,0.0022399146813057787,0.0026720265380150952,0.0027196761096463765,0.009337444168020823,0.0031317454252128224,0.0031627883307621513,0.002822997550879506,0.002042679738966945,0.0029887071539818335,0.0017877515886242656,0.0015680624394342924,0.0032541774277296256,0.0010432133159881622,0.006346152382317933,0.007437664883920159,1.0,0.001862306723363639,0.00543125293463014,0.002538700038574901,6.49987946482428E-4,0.002273087021964079,0.02797922060872291,0.0027192272122693764,0.002704651155553136,0.00414918914492823,5.403794829691217E-4,1.3862984029297174E-4,0.0025783372360675214,8.322540993797222E-4,0.0052658955037415914,6.660096635020585E-4,0.00172888351303156,0.013529403984864666,0.004311762660346808,0.002966735888866027,0.001819165015205713,0.002695803427148408,0.00230619558335162,5.951593606859748E-4,0.0018865826625221968,0.0023995671418039076,0.051098751569368474,0.002973372642925457,8.91950277956562E-4,9.82352897202271E-4,0.0010573841906501465],[8.153827190295362E-4,0.010465764892902542,0.0018895850362928045,0.001331157302045707,0.001612961353160713,0.007261019924222047,0.003069542379494093,0.0034001940199151655,0.001109176313644956,6.762337749696273E-4,0.0010710751630167712,0.0013071469959376424,4.732044264023097E-4,0.0013200861894596483,4.2074087223795706E-4,0.008494097299910493,0.0075222282609419665,0.001862306723363639,1.0,0.0047809931707197785,2.781993487079325E-4,0.0010713640667274755,7.086117990860629E-4,0.023126640278288358,4.930814994045442E-4,7.249408751498106E-4,0.012423856692232862,5.000872199706122E-4,1.3886756766266268E-4,0.0024051456637438173,0.0010011329339310413,0.0033347039993398384,9.652209163451066E-4,0.0010214530423587412,0.024376544476044076,0.0036868308625346664,0.001100822461432897,9.794458820508703E-4,0.0012142655091380717,0.0012416773205636302,6.866593142482452E-4,8.388985749297792E-4,8.356532949707564E-4,0.02765066468172638,5.503952460653032E-4,0.0010647727810073994,9.342067965742905E-4,0.0010102410804576029],[0.005255856889123569,0.00786982370443448,0.002308972655004881,0.0020926269666991563,0.0070276993939329,0.026278250047724896,0.004254761305398499,0.00443239675622715,0.004782932923541558,0.006067959201356448,0.0016620086588004885,0.005762964103070365,0.0033955952633870855,0.006420261483146367,0.00503915679649183,0.010857143880511556,0.024497905423058058,0.00543125293463014,0.0047809931707197785,1.0,0.006779736842061682,0.004830767146309884,0.0038786448793987328,0.04012839601379911,0.0025707834671479237,0.00508025019419599,0.014815922068654657,2.9292843047847024E-5,0.001510340596466752,0.004039000617779017,0.005720774631613,0.006709490891280801,0.002502799233327597,0.0029985327290551287,0.08583753849083582,0.007145835627445914,0.001618624490910188,0.0036067044646739704,0.005491209464428057,0.002540430514936586,0.006511985006594291,0.0031756003971854657,0.0035148609517630697,0.05378899315007655,0.004705322509591717,7.044617012640029E-4,0.0039936315734799555,0.0016342508784914077],[9.66774816455874E-5,0.005291980734962833,9.697183099333493E-4,0.0010589979486250278,0.001576558518653752,0.0013879278962893311,0.0015544017662914439,6.155063942463205E-4,8.831190618671054E-4,2.899311634176267E-4,9.680767514106839E-4,4.6186475030519756E-4,2.48382006603641E-4,0.0031080571348886888,2.0761924459216567E-4,0.009641145154778805,0.005947011500902872,0.002538700038574901,2.781993487079325E-4,0.006779736842061682,1.0,1.491106269485271E-4,1.7272644153360357E-4,0.010254128734804394,5.929288977476843E-5,2.4912107925893605E-4,0.01171675755302547,2.1517277730712933E-4,8.167590513841575E-5,0.001667866964080827,1.5974080561662507E-4,0.0036375838408848897,2.0470766127014556E-4,3.7535189373447424E-4,0.06351821258593598,0.002986921375573758,6.241588411742866E-4,1.760450966894768E-4,0.0010664957356878435,3.367645095053985E-4,1.803577073011718E-4,2.656961405117772E-4,1.8183303079217781E-4,0.08298593089887878,3.835875711258994E-4,2.2703500342855694E-4,3.347506540657043E-4,1.5995655402352234E-4],[1.2343525126537796E-5,0.01014793692598129,6.984664779150298E-4,5.445491801691708E-4,2.743249126678327E-4,0.027667644318949875,2.5296047082776636E-4,0.0012229054978134322,4.0016872248666333E-4,2.2405808128867264E-4,9.752372648971588E-4,0.0012526998188570435,6.029587052771998E-5,0.0015564135039608422,1.1809903228411128E-4,0.005742455274970838,0.017282610468047282,6.49987946482428E-4,0.0010713640667274755,0.004830767146309884,1.491106269485271E-4,1.0,1.3656576988676697E-5,0.016040118950597957,1.6675569098477137E-5,2.0053336482101424E-5,0.013124071415335593,1.4802292423848098E-5,2.248438260755997E-5,1.7023802286175033E-4,2.7941726438064524E-5,0.0019196370773752252,1.2040776374837523E-4,5.789160736971321E-4,0.03382710229779414,6.307336343450413E-5,5.445066674160518E-4,6.34319223450601E-5,8.302948372840597E-4,2.5764987962954447E-5,9.203735966609232E-5,2.3088273973171627E-4,2.844552172284966E-5,0.06840525225225233,2.8011141689879786E-4,9.45819634803284E-5,8.119738795010578E-4,1.1408606997895533E-4],[1.3190537832344406E-5,0.00709397108072593,7.706338650213043E-4,0.0012084418602345242,4.4917047031815176E-4,0.0212701379582876,2.2899332420335528E-4,0.003062775689933018,8.59453187546118E-4,7.011255601091845E-5,9.813264602757364E-4,0.0017368913668414007,1.5196230636553578E-4,0.002351597043245581,9.203084292976444E-5,0.005167535640286918,0.018196332272838633,0.002273087021964079,7.086117990860629E-4,0.0038786448793987328,1.7272644153360357E-4,1.3656576988676697E-5,1.0,0.002844014607777773,1.6729571969463686E-5,4.450055410712272E-5,0.020315968988490363,1.4247772970698436E-5,1.6249277188974776E-5,0.0024714516014555155,2.3617733751144704E-5,0.005059966052521882,1.1449585840677423E-4,1.0908950781831606E-4,0.039188355160735815,0.002341461949731982,0.0010530513004029481,1.0144191113744859E-4,9.579407118259787E-4,0.0011865361191656292,6.260677653774851E-5,2.008675035334887E-4,1.4348990145306753E-4,0.061826055827132104,4.0767710777277644E-4,7.220276549814446E-5,7.55874815475917E-4,6.644342568072332E-5],[0.0020887898272228295,0.01844113918525766,0.008427622040382696,0.017825538781645008,0.01228541216715028,0.043151937895966476,0.010066046560139503,0.041563963028463845,0.018386786420562098,0.02243351763027202,0.020406234910923454,0.0350137793051447,0.012062666413881247,0.008731125919885044,0.03850621130160354,0.01916020311796281,0.04003732256794464,0.02797922060872291,0.023126640278288358,0.04012839601379911,0.010254128734804394,0.016040118950597957,0.002844014607777773,1.0,7.788644960781671E-4,0.009605228798434048,0.0323469138502053,0.017389758992240455,0.010054914226102399,0.020824478372808073,0.038040022627101974,0.03412825571931758,0.01758402296081247,0.03487018608468502,0.05324352759904897,0.0186063617159165,0.023150861228122363,3.886065881741618E-4,0.012082707866711508,0.017488743747778514,0.022075573178811585,0.02063724271923331,0.02038128539529224,0.058831573152625535,0.010939750985827702,0.010106240701432234,0.014560485699140754,0.014156874967215648],[1.5005018583714706E-5,0.007968060279358334,7.788959519323053E-4,9.886657965534533E-4,0.002545654175419848,0.030853496875433668,0.0017709215843436893,0.003636089374183729,1.2835954613513964E-4,1.966243863776136E-4,2.5594462631941915E-4,1.558719007959669E-4,1.6227435723758105E-4,0.0011277166635447356,1.1259280355868014E-4,0.008303007605824888,0.009145411020989636,0.0027192272122693764,4.930814994045442E-4,0.0025707834671479237,5.929288977476843E-5,1.6675569098477137E-5,1.6729571969463686E-5,7.788644960781671E-4,1.0,1.1095670265765892E-4,6.292268161684184E-4,1.7972725993760602E-5,2.3055757151200104E-5,0.00139908821513164,3.303597380565418E-5,0.004532182862861643,4.211846044255379E-5,4.3007649410881164E-4,0.03048136108484712,0.004444071669277926,0.0010471625376224614,9.576155027382822E-5,2.628820680820568E-5,0.0013789708447056062,1.2872398911299075E-4,5.42533565091573E-5,1.3129039793181703E-4,0.049725978050065435,2.047307098746934E-4,1.4062219680864978E-4,1.5463325442310048E-4,8.882325252217862E-5],[6.413303918561498E-5,0.0024750568649325247,0.0019732158154810164,9.696988326361594E-4,9.9399180342163E-4,0.029240754566910623,0.0021870828708738218,0.0037566800072825757,6.66551471886086E-4,1.566575041344243E-4,4.108024751901518E-4,4.7857413714200506E-4,1.8343435618544055E-4,0.0010589868340553945,1.295823406517194E-4,0.006918586524219807,0.017380659133159462,0.002704651155553136,7.249408751498106E-4,0.00508025019419599,2.4912107925893605E-4,2.0053336482101424E-5,4.450055410712272E-5,0.009605228798434048,1.1095670265765892E-4,1.0,0.007349174128465707,4.545134842686085E-5,1.135835562213043E-4,3.1765312622659644E-4,1.2928263964322623E-4,8.883585787915842E-4,1.434509454349033E-4,4.097873895304743E-4,0.016704087396302997,0.0010739166755360722,2.3205616039831482E-4,1.2939262565343028E-4,0.0011282809507828584,0.0012152100439604427,1.381352179679547E-4,1.6089712412554607E-4,1.5603295160720174E-4,0.07565556096118607,2.761365957015234E-4,1.552845682498667E-4,3.957981549234435E-4,1.2821213185522717E-4],[0.0229635310872548,0.021066969820037595,0.007990237001410619,0.02246637741024376,0.013454448163952824,0.028171457228607477,0.023161250740190077,0.023069396241656017,0.013022016650223386,0.018015896139245532,0.01614030605616138,0.012580086209973914,0.0031278210196374182,0.02109254064219984,0.021180081108673705,0.020452912858177425,0.023614410213571368,0.00414918914492823,0.012423856692232862,0.014815922068654657,0.01171675755302547,0.013124071415335593,0.020315968988490363,0.0323469138502053,6.292268161684184E-4,0.007349174128465707,1.0,0.006548784062724533,0.017832811379900282,0.007980827891268496,0.004779124416629614,0.016363499895705614,0.011715535610878288,0.015261257572227658,0.06731345406607978,0.01795614860163187,0.01089722894022041,0.005198158435051923,0.017025252336012223,0.021601755540645456,0.010666108159166384,0.02104814825512878,0.0024562790114638837,0.040474127825136284,0.010848680236991162,0.021156238448544657,0.00847651232104706,0.0035580707845517235],[1.2900173031902122E-5,0.003873949042036641,0.0020869115098606575,9.411731215095249E-4,4.220298038502057E-4,0.004631111054978787,0.0029283280647300113,0.0016460651382401896,7.034952030377774E-4,1.2074220483579349E-4,3.9655401104562565E-4,4.810996637182569E-4,8.417203982553071E-5,0.003001720449663631,1.8400514713421936E-5,6.520559898086528E-4,0.008520581557372304,5.403794829691217E-4,5.000872199706122E-4,2.9292843047847024E-5,2.1517277730712933E-4,1.4802292423848098E-5,1.4247772970698436E-5,0.017389758992240455,1.7972725993760602E-5,4.545134842686085E-5,0.006548784062724533,1.0,2.137945461851339E-5,6.59268390229327E-4,2.094604481332323E-5,0.0019226247387738667,3.991416988999541E-5,3.6743722499575464E-4,0.06325893736101486,0.002235761097815295,1.2842570889829544E-4,9.75566914107257E-5,6.627279343418181E-4,9.769911611709375E-4,4.767899652831192E-5,1.0351909838031417E-4,7.40496609475931E-5,0.013306777426666501,3.476574663543669E-4,1.2316466575317496E-4,8.349904531008838E-4,1.1129555234296871E-4],[1.236344576566022E-5,0.0045268680910925145,8.037325609967496E-4,2.7227867436840295E-4,6.633837603627471E-4,0.03138308285208387,0.0024298279705650986,3.390611615787737E-4,0.0010366267016339008,2.525948088935809E-4,3.3955753914560705E-4,5.156326736639044E-4,8.151382514223265E-5,0.0024605733434237454,1.1506924526506842E-4,0.006557052383645383,0.0307945974310961,1.3862984029297174E-4,1.3886756766266268E-4,0.001510340596466752,8.167590513841575E-5,2.248438260755997E-5,1.6249277188974776E-5,0.010054914226102399,2.3055757151200104E-5,1.135835562213043E-4,0.017832811379900282,2.137945461851339E-5,1.0,0.0016601355537900183,3.362903453021361E-5,0.0052074098296406085,1.1774787642983816E-4,6.607652460572631E-4,0.03513370562812434,0.004943591121868304,4.161143594589382E-4,5.122945517851094E-5,0.0010075342624494374,0.0010411758495106778,5.036636318505787E-5,8.743203757765152E-5,9.37416107173956E-5,0.03785076289612701,1.2045325989936698E-4,3.715128727074354E-5,6.207138527956706E-4,6.114922632304828E-5],[0.0013250743927888658,0.008475714862026702,0.0024084997455656974,0.002014797124164441,0.0025425288007899726,0.023283033905691357,0.00317147861942981,0.00285070167530153,0.0018665959194008696,5.696529366965328E-4,0.0016210748911672042,0.002144266959074261,3.2396707908081794E-4,0.0031791914596936022,0.002287610189101902,0.006722229489553847,0.006745517996755846,0.0025783372360675214,0.0024051456637438173,0.004039000617779017,0.001667866964080827,1.7023802286175033E-4,0.0024714516014555155,0.020824478372808073,0.00139908821513164,3.1765312622659644E-4,0.007980827891268496,6.59268390229327E-4,0.0016601355537900183,1.0,0.0017644266411525682,0.00535248613329601,0.0020542480885419635,0.0015094795211074222,0.05971175281612096,0.003889498127829193,0.0012433532174302062,2.752316941864189E-4,0.001254260582470562,0.001820435972488055,3.4392789330225953E-4,0.0018683847427055636,0.002050951712129913,0.03544609083930216,5.424660752372851E-4,0.001121567494143783,0.0015945554194787483,0.001445041063523742],[2.033594205210952E-5,9.724888747923522E-4,0.0014975669464835232,7.246268200747365E-4,6.311218653175598E-4,0.03431234427057647,0.001034656196102037,0.00342846528803644,4.6350954835616096E-4,6.46642778151328E-5,6.830303330536274E-4,0.0013825660272150373,1.6592233593289604E-4,0.0027533351711311288,1.0998906740251741E-4,9.188434684478613E-4,0.006568874021946211,8.322540993797222E-4,0.0010011329339310413,0.005720774631613,1.5974080561662507E-4,2.7941726438064524E-5,2.3617733751144704E-5,0.038040022627101974,3.303597380565418E-5,1.2928263964322623E-4,0.004779124416629614,2.094604481332323E-5,3.362903453021361E-5,0.0017644266411525682,1.0,0.003801591731901989,6.559373802086128E-5,9.019752400811345E-4,0.04864586450719873,0.0023365221661470247,2.37501486384874E-4,9.66799244814899E-5,4.948334896808618E-4,7.699454399682368E-4,1.2237718141118405E-4,6.897307431060764E-5,4.625657422895066E-5,0.030445893875786702,1.2658613593378214E-4,1.1480863035574372E-4,8.062947714731162E-4,4.5021054698922354E-5],[0.004772815024850195,0.01315084504482834,0.004014897250767018,0.004062785889393533,0.0038369345473683826,0.005616654643008261,0.004649297663486806,0.004404810996937361,0.0025557599107097467,0.0053178938157351415,0.0014881935551722845,0.003094414842098141,2.782192380858693E-4,0.004721521940449553,0.0013388390482894528,0.007907963922772286,0.0347714151778268,0.0052658955037415914,0.0033347039993398384,0.006709490891280801,0.0036375838408848897,0.0019196370773752252,0.005059966052521882,0.03412825571931758,0.004532182862861643,8.883585787915842E-4,0.016363499895705614,0.0019226247387738667,0.0052074098296406085,0.00535248613329601,0.003801591731901989,1.0,0.0028780784061567463,0.001267311905543789,0.04532796428823304,0.0050141316474812785,0.0037068488276147168,0.0026197970775456167,0.002338443391923228,0.005010092211202362,0.001733865293231638,0.0014493251336369201,0.003118456692762456,0.06241498403048044,0.00353742771802861,0.0037188960695897465,0.002541477591038681,0.0030411734748961284],[3.403602881232842E-5,3.300088838382498E-4,9.91017988436675E-4,0.0010802999103017006,8.333087650110329E-4,0.030305026935697803,2.501696590796411E-4,0.0013107438691489768,0.0010480253702837494,1.926119035796309E-4,8.875576923840863E-4,2.895622703876304E-4,1.906314218436133E-4,0.0019050323301555059,1.2944993906035095E-4,0.012175466052675603,0.02160307026660449,6.660096635020585E-4,9.652209163451066E-4,0.002502799233327597,2.0470766127014556E-4,1.2040776374837523E-4,1.1449585840677423E-4,0.01758402296081247,4.211846044255379E-5,1.434509454349033E-4,0.011715535610878288,3.991416988999541E-5,1.1774787642983816E-4,0.0020542480885419635,6.559373802086128E-5,0.0028780784061567463,1.0,5.826571186226142E-4,0.0629201191326674,0.0020324694558736573,4.200735201616024E-4,1.2210769163214182E-4,6.511224903558226E-4,6.511447414196289E-4,1.355127715594883E-4,2.4890233833240805E-4,1.5513578120299654E-4,0.061646802461319435,2.8556931891905897E-4,1.508712402515091E-4,6.363800969597308E-4,1.2925018041990842E-4],[4.222266499706577E-4,0.006224185217934,0.001609715431636955,0.0012804135892962214,0.0012065649977673811,0.033252542946795756,0.002443081545822911,0.0012651408425090977,0.0011079034930984103,6.966053467491835E-4,0.0010368077950473073,0.001461097071413971,3.137734092551765E-4,0.0031725642296624714,8.654248815055819E-4,0.0018862728314669678,0.005577888806272376,0.00172888351303156,0.0010214530423587412,0.0029985327290551287,3.7535189373447424E-4,5.789160736971321E-4,1.0908950781831606E-4,0.03487018608468502,4.3007649410881164E-4,4.097873895304743E-4,0.015261257572227658,3.6743722499575464E-4,6.607652460572631E-4,0.0015094795211074222,9.019752400811345E-4,0.001267311905543789,5.826571186226142E-4,1.0,0.03780831518317561,0.0021873837403306334,0.0010310706359526144,6.67469364947235E-4,0.0011314580220774047,0.0013534048347303529,4.907488960739206E-4,5.060156661598961E-4,9.151150554241453E-4,0.08091406151325899,6.293557295000021E-4,7.686959242415906E-4,9.548235740767807E-4,7.262553725353718E-4],[0.03154696263930018,0.06282880283238257,0.0032780843133507227,0.05856318510975711,0.035523770218524556,0.07976074486075985,0.06729837563224292,0.07675041582353256,0.07912106057603532,0.033190914742742925,0.08594512983319923,0.02308670069191287,0.058746370399859076,0.05296343936520649,0.02012728814439784,0.03458160019227452,0.08129058751544618,0.013529403984864666,0.024376544476044076,0.08583753849083582,0.06351821258593598,0.03382710229779414,0.039188355160735815,0.05324352759904897,0.03048136108484712,0.016704087396302997,0.06731345406607978,0.06325893736101486,0.03513370562812434,0.05971175281612096,0.04864586450719873,0.04532796428823304,0.0629201191326674,0.03780831518317561,1.0,0.058550799305604244,0.005358971311244052,0.018118551493129048,0.001963546889190341,0.05383614899671821,0.02402732090586648,0.04763126310992453,0.07889593975804858,0.09005361619008483,0.0334587496041597,0.006841987353359959,0.07781190692950864,0.003941783756764717],[0.0014598510646348548,0.006169930383422423,0.0031879667469234445,0.00469981688557689,0.004182045821434667,0.00820163049702028,0.004059428009104015,0.004959855672666899,0.0036588579023785575,8.893155739697028E-4,0.0016816990145200863,0.0020268465153811498,0.0036449339786010673,0.003929608380293852,0.004898825912134215,0.007656235453344801,0.010623967824153575,0.004311762660346808,0.0036868308625346664,0.007145835627445914,0.002986921375573758,6.307336343450413E-5,0.002341461949731982,0.0186063617159165,0.004444071669277926,0.0010739166755360722,0.01795614860163187,0.002235761097815295,0.004943591121868304,0.003889498127829193,0.0023365221661470247,0.0050141316474812785,0.0020324694558736573,0.0021873837403306334,0.058550799305604244,1.0,0.0017521628144202331,0.002835939974767133,0.004366522445732398,0.003761271501914871,0.0019002134740930007,6.915515978679905E-4,9.185746866511467E-4,0.02286447463623066,0.0031680814259381147,0.0017567147314994146,0.0022591063607435478,0.003811826703759213],[9.714666244002653E-4,0.0034746316410863756,0.0014025174122299549,0.0011525772627476016,0.0021814874167167065,0.016445179857958868,0.0031120124740866588,0.0019635816965540122,0.0011571272936494047,0.0011094922354655424,0.0010857451550606283,0.0016868382296592339,6.553447778083389E-4,0.002993048849129331,9.19215851199263E-4,0.006482957471416123,0.005071584183113395,0.002966735888866027,0.001100822461432897,0.001618624490910188,6.241588411742866E-4,5.445066674160518E-4,0.0010530513004029481,0.023150861228122363,0.0010471625376224614,2.3205616039831482E-4,0.01089722894022041,1.2842570889829544E-4,4.161143594589382E-4,0.0012433532174302062,2.37501486384874E-4,0.0037068488276147168,4.200735201616024E-4,0.0010310706359526144,0.005358971311244052,0.0017521628144202331,1.0,5.508888949326199E-4,0.0011598983287265073,0.001377451696629874,9.110020444894548E-4,8.278471463201404E-4,9.49237674805587E-4,0.032425283307089936,5.666695814009913E-4,4.4415104191112946E-4,0.0010919848917531282,0.0010432794824631565],[1.1816442299528684E-4,0.008759086415899241,2.4850593660242056E-4,7.38074244719125E-4,2.235786441295469E-4,0.012615045583258013,0.00229047813189821,8.719123147744289E-4,9.296081795225509E-4,2.7586832989401057E-4,2.4150998178946542E-4,0.0010136196476816961,1.7556737702786613E-4,0.0023663186486762087,1.210146893864722E-4,0.005708677344574153,0.025823678525568914,0.001819165015205713,9.794458820508703E-4,0.0036067044646739704,1.760450966894768E-4,6.34319223450601E-5,1.0144191113744859E-4,3.886065881741618E-4,9.576155027382822E-5,1.2939262565343028E-4,0.005198158435051923,9.75566914107257E-5,5.122945517851094E-5,2.752316941864189E-4,9.66799244814899E-5,0.0026197970775456167,1.2210769163214182E-4,6.67469364947235E-4,0.018118551493129048,0.002835939974767133,5.508888949326199E-4,1.0,6.752656824731299E-4,5.184179520199692E-4,1.2610915704305243E-4,2.2466148520483835E-4,1.334198003715368E-4,0.05886444410707189,3.8859932296759716E-4,1.2272063978043552E-4,8.260546407924E-4,1.2007755510372165E-4],[0.0011837391593134338,0.011790854922187134,0.0019351615084768335,0.0012625913924647699,0.0019810930728215177,0.020352925920321795,0.0025726236926134787,0.0041173368700331125,0.0012025309910623414,0.0011758805171742,0.0011634112345619908,0.0013061978816278391,2.4116483813263912E-4,0.001575969654584159,3.321176847137671E-4,0.0031387161918579906,0.03430238139826197,0.002695803427148408,0.0012142655091380717,0.005491209464428057,0.0010664957356878435,8.302948372840597E-4,9.579407118259787E-4,0.012082707866711508,2.628820680820568E-5,0.0011282809507828584,0.017025252336012223,6.627279343418181E-4,0.0010075342624494374,0.001254260582470562,4.948334896808618E-4,0.002338443391923228,6.511224903558226E-4,0.0011314580220774047,0.001963546889190341,0.004366522445732398,0.0011598983287265073,6.752656824731299E-4,1.0,0.001355020089155956,3.6738266637500604E-4,3.855940199979504E-4,6.66721355225097E-4,0.022319086186933484,0.0011624017557686976,6.622182724467378E-4,0.0010777098113431858,2.2252430198789583E-4],[3.152211029361882E-5,0.014715270396025201,0.0016978041255765169,0.0013762904414431575,0.0014346638583420308,0.03293929654336554,0.002053789935328428,0.0023066835499065776,0.0013611011934141712,0.0012221698826863445,0.0012706003380234506,0.0014628405377329061,0.0012643836086639211,0.0026067006105446357,4.0136188325988654E-4,0.0023547371331686354,0.011998641624997237,0.00230619558335162,0.0012416773205636302,0.002540430514936586,3.367645095053985E-4,2.5764987962954447E-5,0.0011865361191656292,0.017488743747778514,0.0013789708447056062,0.0012152100439604427,0.021601755540645456,9.769911611709375E-4,0.0010411758495106778,0.001820435972488055,7.699454399682368E-4,0.005010092211202362,6.511447414196289E-4,0.0013534048347303529,0.05383614899671821,0.003761271501914871,0.001377451696629874,5.184179520199692E-4,0.001355020089155956,1.0,1.368200944499628E-4,0.001374412584284358,6.501954743156797E-4,0.026815310801106267,7.4830