[[1.0,0.027631655607967716,0.007449855928978463,0.0017430215975768855,0.0037931896967773795,0.0019977203000362,0.010289296580798428,0.004268952574926353,0.004659179457874012,0.008849139950091046,0.0010921486560416492,0.008458645520232904,0.006262413688680216,0.0061112188814404,0.008467642450623314,0.0021477030155027128,0.008963026195643105,0.007093579115126842,0.02193588078868082,0.005717525575263607,0.008032927330872719,0.004508501899736743,0.002035326046416644,0.009306787300942617,0.0039076833506216276,0.0074729985702489485,0.0012186813735015232,0.009064281710101962,0.004551899703399693,0.0054490201908649165,0.006089150158088961,0.005785047421043448,6.63688220861097E-4,0.0020593889370520164,0.004150239737198851,0.0057318220866352,0.0035615877404606947,0.006612141139429027,0.007656957768020541,0.0010227442025521193,0.004361788682661425,0.004444061730966802,0.0034023731445529913,8.949252442886951E-4,0.012800744590375016,0.005146964572974359,0.007991721002579933,0.0078189397312896,0.005757682030085902],[0.027631655607967716,1.0,0.019601398259119385,0.005915800820641496,0.03938201132113918,0.042548008910708146,0.04059250595798026,0.03972535900555492,0.029128710788946813,0.009022339534866863,0.0028678441490164177,0.04606505032950563,0.002950126462899262,0.0448600758483052,0.007241646158902954,0.0467773870993486,0.012992640607896873,0.021568975072213697,0.029535377571679615,0.042077704396793245,0.020116532409606917,0.0433454001384952,0.018328598034989516,0.014711316270831882,0.04053458373348342,0.012877220904262599,0.04702423668974554,0.025592063351774892,0.016350613126734505,0.0077852548090114465,0.03429697566106874,0.02287697809440315,0.006535090668307288,0.015530469144134994,0.004403638641820183,0.030846911277141034,0.019052755923455286,0.013784280878620781,0.03862672227729527,0.008356316892189897,0.013368182743010914,0.008441587952522561,0.023141279273091713,0.012053748753252713,0.02486888451456436,0.008474107309942257,0.045074894835237335,0.0024280221660802994,0.017715445451793],[0.007449855928978463,0.019601398259119385,1.0,0.0017678034738657976,0.0016084724132551357,3.0811372794908534E-4,0.010653605707558338,4.459842688880359E-4,0.0019325758407934784,0.0011433530916147771,0.001428470050560324,0.0019442289350049351,0.0016110235627604867,0.0011675382335694,7.543531358434418E-4,1.6273524939479283E-4,6.340089790683762E-4,9.918203116819095E-4,0.019465489940135968,0.001720140999297101,0.0024541943944814204,9.217993426354782E-4,0.0014486108365163505,0.0010658541103103236,0.001447779693348809,4.1668579685243644E-4,0.0015039666235161335,0.0010874072535839113,3.676870400441427E-4,0.0017748708765105872,7.795367864601849E-4,2.9810166672622176E-4,6.964800888012316E-4,3.255218692099977E-4,0.0016567255202565765,5.996510287604996E-4,1.8547332093558604E-4,0.0016783712306392454,0.002854131888301274,0.0012047066132115263,7.575419497166186E-4,0.0012578813160415842,0.0012618415783150344,7.404162834064299E-4,0.012772336614297714,6.601376501524059E-4,4.106371969833983E-5,8.99933181959968E-4,3.5465445397248963E-4],[0.0017430215975768855,0.005915800820641496,0.0017678034738657976,1.0,3.5337981204311544E-4,7.31159896317535E-4,0.008191154610435084,3.6156157000839475E-4,0.001940042020813786,0.001144456350506015,0.0010604438301646164,0.0018861315696789512,0.0015913734835576773,0.0012926772880604814,5.626607230102268E-4,1.7480022063325886E-4,0.0010131361320547812,0.0016096808014798305,0.009713034839422232,0.001655911940663737,0.0021211044093462283,0.0011100299036028638,3.816462703224329E-4,7.906028019687749E-4,0.0013569850997551803,5.909300421056576E-4,0.0014795160406430455,0.0012401328930599057,7.073322260319179E-4,0.0019238762848961634,0.0013921481259199773,0.0013939775328653487,0.001255375532169507,3.8536229774163797E-4,7.174231928693253E-4,9.203876851999646E-4,0.0015945875706193857,0.0015176886890243563,0.003973355679022876,0.0015709988687629733,3.750790530053106E-4,0.0010983835230867676,8.966781935869053E-4,0.0011892629040045415,0.010656341232605445,8.914130990504651E-4,0.0012401664512639863,0.0015357672848692113,8.281915759554729E-4],[0.0037931896967773795,0.03938201132113918,0.0016084724132551357,3.5337981204311544E-4,1.0,1.113171002347833E-5,0.006984763988174382,1.8806428781722302E-5,1.8207829321456588E-5,2.97641505509927E-5,7.294285027024273E-5,6.645138148149742E-4,4.2876501099013955E-5,1.6896130050712995E-4,1.442067987910019E-4,1.2928399962036452E-5,4.191817298271526E-5,1.1141034230987864E-5,0.007215677297941787,1.230554853394164E-5,9.467523710892415E-4,6.652152998621318E-5,1.7628835605349008E-5,1.5349092919300747E-4,0.0010212045470004852,1.415336422356497E-4,5.865752377251237E-5,2.2596697229608628E-5,3.6675298295794624E-5,1.4949241394971024E-4,4.3969619127191497E-4,1.3334597964415068E-4,6.0720828847375053E-5,1.3510082084986543E-4,1.4469227092359305E-5,1.2433080239227276E-5,3.060564012693576E-5,0.0012579865804385015,0.001490233378420857,6.312800088000663E-5,2.5581390204897004E-5,1.063423604320907E-5,1.0581036814849799E-4,3.899953322418242E-4,0.00990943411622223,6.997949525473765E-5,1.4550976018678767E-5,1.964777250716655E-5,4.156251410585188E-5],[0.0019977203000362,0.042548008910708146,3.0811372794908534E-4,7.31159896317535E-4,1.113171002347833E-5,1.0,0.005671447489806394,7.38731425538136E-5,0.0017741884946660715,7.806242464380913E-5,1.7904005561639985E-4,7.198766535681433E-4,1.5464089008073E-4,3.7415941859670135E-4,1.5516705748108603E-4,1.1980115489666423E-5,3.1000381449414384E-4,1.1045449279091188E-5,0.011423062028604544,1.0602502696908441E-4,8.491804225207122E-5,3.185105253620253E-5,1.652303993443401E-5,8.678555562827632E-5,6.717394915271001E-4,1.1322187417456869E-4,1.4277145973978032E-4,8.509249963614378E-5,3.236720050003645E-5,8.052616868080316E-4,1.0015672970485162E-4,1.6652027508728398E-5,1.71236393649428E-4,1.2971055132018604E-4,1.6983669652457563E-5,1.2797009735120727E-5,2.139428878396367E-5,8.316997992452112E-4,0.003041077140338579,9.049495124648251E-5,1.4567992109129944E-4,1.0502455978354789E-5,7.979308837414314E-5,5.812463728101549E-5,0.0021514821637680804,1.349921267938201E-4,1.2274136555323711E-5,5.452019779907361E-5,6.302920261877207E-5],[0.010289296580798428,0.04059250595798026,0.010653605707558338,0.008191154610435084,0.006984763988174382,0.005671447489806394,1.0,0.013785303895509717,0.005054975719956834,0.007378116207917573,0.013964899422205993,0.005515738417502972,0.007022722001623724,0.007277587582643396,0.003917932089052672,0.008824781264723225,0.009271113855633905,0.0117721970045866,0.028520755562008435,0.013199777429925806,0.009903887001482996,0.010505214946567754,0.0014330689208494232,9.991670271557477E-4,0.010299501478514557,0.006126147023117355,0.00447095715616151,0.004739444443522568,0.007784632921817926,0.01213085609448023,0.009637462076218316,0.011655456317831134,0.010993858131675041,0.007759358742333935,0.01247927380689218,0.009180467390323488,0.008957969531390731,0.0021852307366459437,0.00895532745961874,0.014368917020213031,0.006755943537906259,7.894938230997995E-4,0.01305185359700331,0.002943678648362607,0.014632866965465396,0.0039944011572927976,3.142225232515255E-4,0.01053713994056853,0.002247681521037577],[0.004268952574926353,0.03972535900555492,4.459842688880359E-4,3.6156157000839475E-4,1.8806428781722302E-5,7.38731425538136E-5,0.013785303895509717,1.0,5.82712871831758E-4,1.1184627384428203E-4,1.5832532709300536E-4,0.0012658499008374685,1.5933016270100133E-4,2.0905189638867686E-4,1.4488655862124575E-4,8.59030462156376E-5,2.0155881448514454E-4,9.685402460783452E-5,0.015580741130446876,9.573119505255606E-4,0.0014279633109484627,1.5576527335311096E-4,8.322321731996435E-5,1.3068121079455852E-4,3.518299498639727E-4,1.3640106462672817E-4,1.299260872478609E-4,1.5449588202863946E-4,1.0899891079389458E-4,0.0017197289929667217,4.2261431892652145E-4,1.667382252217435E-4,3.7464093865009605E-4,1.258537779678781E-4,9.389812839995851E-5,1.1130570976745751E-4,9.303995720541431E-5,8.84487018800463E-4,0.003227405570947279,1.1821768187099502E-4,1.3019358698438419E-4,5.4762811905226096E-5,1.1294560211571586E-4,4.213341030901116E-4,0.012131864230671526,1.2671471972227691E-4,5.2998545801762886E-5,1.0768904837787716E-4,1.1816082900744259E-4],[0.004659179457874012,0.029128710788946813,0.0019325758407934784,0.001940042020813786,1.8207829321456588E-5,0.0017741884946660715,0.005054975719956834,5.82712871831758E-4,1.0,0.0010516859714369189,4.3067721472142914E-4,0.002022951541700443,0.0010379835556517754,0.0019291922928592207,0.0016668179463223075,0.0011866159975117117,0.0018683090078982748,4.2407740292458516E-4,0.020987222954519855,0.0016027358475054964,0.00273713769510189,2.517601116553373E-4,1.769362436290348E-4,0.0011884997991676491,0.0013549297235247604,0.0019363471910552974,0.0018824786748364223,0.0015722366198950132,1.7612537685945305E-4,0.0019641140750267226,0.0014881979739845516,3.212257520453732E-4,0.0017574071496448398,4.351516127231566E-4,0.00110556587461094,0.001536071842705284,0.0018065815570518541,0.0016244298481070585,0.004426466968833214,4.3061897668929456E-4,8.586409102704428E-4,0.0017238506025793222,0.0018690152849992925,6.005503833700178E-4,0.00690566705179332,0.0015205265536767573,1.8161473145866374E-4,0.0016247534197005524,8.541068775305378E-4],[0.008849139950091046,0.009022339534866863,0.0011433530916147771,0.001144456350506015,2.97641505509927E-5,7.806242464380913E-5,0.007378116207917573,1.1184627384428203E-4,0.0010516859714369189,1.0,1.6555348505788593E-4,0.0014895708144398113,1.3459273652245964E-4,5.887162825981974E-4,1.586916253261624E-4,9.025804943721798E-5,1.952326028055236E-4,7.198243259858312E-5,0.005465644488292448,8.834331714684617E-4,0.0017241338574856195,1.1966252356046638E-4,8.276472753661934E-5,1.2714376826506677E-4,5.126097363701207E-4,1.513989349558777E-4,1.2776080313002316E-4,1.262446854700737E-4,1.0636856090039942E-4,0.00167175982966329,3.321733373132031E-4,1.730559075298786E-4,4.0123348995043897E-4,1.2954683568079051E-4,2.826248031149975E-5,6.696639434748314E-5,6.971854299316311E-5,0.0012424416076074253,0.0018814069759008252,1.2841883603306094E-4,1.1725171625372935E-4,2.9499938703885032E-5,1.1178964311636333E-4,3.913189159964807E-4,0.009675869729877532,1.5050314904098823E-4,6.031001901868106E-5,1.0673093229972707E-4,1.290089037288581E-4],[0.0010921486560416492,0.0028678441490164177,0.001428470050560324,0.0010604438301646164,7.294285027024273E-5,1.7904005561639985E-4,0.013964899422205993,1.5832532709300536E-4,4.3067721472142914E-4,1.6555348505788593E-4,1.0,0.0011917883478603916,1.6838952895346985E-4,5.180079920680326E-4,1.9358886022073326E-4,1.6199245273776457E-5,2.0060708337064865E-4,1.3320383862781306E-4,0.001123255878704295,9.588066005215814E-4,0.0018145668255075693,1.8003308161338634E-4,1.0583285869580122E-4,2.1744369212493077E-4,9.398521755984918E-4,1.6097744007369748E-4,2.1014756116841547E-4,1.9179290739592805E-4,1.4585365609188957E-4,0.0010815116634751288,4.0382716636811833E-4,1.981531926484246E-4,3.3148381948510373E-4,1.6360968867396928E-4,1.0660082032033949E-4,1.775354236976533E-4,1.4255426676228913E-4,2.8694647324880554E-4,7.23939931951536E-4,1.538026748287568E-4,1.707155135591323E-4,1.6667674524098054E-4,1.764047483770942E-4,3.1601241191757737E-4,0.005930576277487428,1.536279749978643E-4,1.2281391005693995E-4,1.7051227240594524E-4,1.489666447977222E-4],[0.008458645520232904,0.04606505032950563,0.0019442289350049351,0.0018861315696789512,6.645138148149742E-4,7.198766535681433E-4,0.005515738417502972,0.0012658499008374685,0.002022951541700443,0.0014895708144398113,0.0011917883478603916,1.0,0.0014871553612160748,0.0014866833998257519,4.5145601528499813E-4,0.0014308199152651582,6.934017483359691E-4,3.902212255594812E-4,0.0062097000501801,0.0014864569387301385,0.0020391732194691634,0.0019707805103838442,0.0018501526668811595,7.925450994775519E-4,0.0016201747638905056,0.0014876977071691467,0.0016795203033766236,5.344956182418478E-4,3.0124643699282785E-4,0.0019885929529989102,0.0019088844545084218,0.0018861878019167154,7.004857092526165E-4,3.3673336907554083E-4,0.0018062298357135905,0.0012993791649970198,9.836124136186457E-4,0.0018118421580749782,0.0036529555998022455,6.854553236305109E-4,7.964804207029076E-4,0.0014756084636152595,0.001390874275254213,0.001104319376107091,0.012940960120206011,8.653031505159459E-4,7.654789584991617E-4,0.001661953402715431,0.0014507997940936368],[0.006262413688680216,0.002950126462899262,0.0016110235627604867,0.0015913734835576773,4.2876501099013955E-5,1.5464089008073E-4,0.007022722001623724,1.5933016270100133E-4,0.0010379835556517754,1.3459273652245964E-4,1.6838952895346985E-4,0.0014871553612160748,1.0,5.25777348134265E-4,1.790449418403461E-4,1.553944377260317E-4,2.657842284600752E-4,1.3714459558964836E-4,0.009036917763407627,7.668876476413624E-4,0.0013828302574530737,1.6932263191854992E-4,9.998664352970804E-5,1.9026384287306153E-4,0.0010392911008151175,1.591801817829918E-4,1.8900355581886926E-4,1.8336284554517292E-4,1.6114511296714065E-4,0.0015546026658173671,2.899339745340636E-4,1.6854176484625274E-4,3.596010689390077E-4,1.5224686917924163E-4,1.3018284760850233E-4,1.05034857655484E-4,9.39909461007728E-5,0.001039201222821455,0.004401793225512967,1.472185399038334E-4,1.4933221545642997E-4,8.426254456968832E-5,1.5011894588306705E-4,3.387081102062475E-4,0.01268950278636045,1.5943758737532805E-4,1.807563871264768E-5,1.3375739002258278E-4,1.5581489939303427E-4],[0.0061112188814404,0.0448600758483052,0.0011675382335694,0.0012926772880604814,1.6896130050712995E-4,3.7415941859670135E-4,0.007277587582643396,2.0905189638867686E-4,0.0019291922928592207,5.887162825981974E-4,5.180079920680326E-4,0.0014866833998257519,5.25777348134265E-4,1.0,8.757515251000086E-4,4.450048450137511E-4,6.966289300603459E-4,3.67466744492641E-4,0.017585988471269774,0.0010804694806578862,0.001470464271871202,6.39885577542793E-4,8.986196533381408E-4,9.365028950045275E-4,0.001193404258258502,5.870778514880776E-4,5.047996706617977E-4,4.213657556682795E-4,4.3725791529981915E-4,0.0016474049986513269,6.79819025702673E-4,9.269891208738026E-4,9.671283518456657E-4,0.0010064892423825894,5.262171720279726E-4,9.352767466298094E-4,8.704129954627751E-4,0.0012846486643402196,0.0014912456536514144,7.429448289217789E-4,3.3827529797792177E-4,4.5547435192449935E-4,7.036394496949352E-4,6.363728022905113E-4,0.0015763709973759367,3.5421687284102306E-4,6.240134577139695E-4,2.736578733372956E-4,5.756056709923729E-4],[0.008467642450623314,0.007241646158902954,7.543531358434418E-4,5.626607230102268E-4,1.442067987910019E-4,1.5516705748108603E-4,0.003917932089052672,1.4488655862124575E-4,0.0016668179463223075,1.586916253261624E-4,1.9358886022073326E-4,4.5145601528499813E-4,1.790449418403461E-4,8.757515251000086E-4,1.0,4.416304658159019E-5,3.038192157365785E-4,8.760553632875007E-5,0.015665274401975304,4.822803967405461E-4,0.0019615124813860585,1.7957910851796452E-4,9.398356866512155E-5,2.3659806309103123E-4,0.0010579565011656468,1.6370298011831753E-4,2.177515656510797E-4,1.9635533534403422E-4,1.4951803223910745E-4,6.926041299234865E-4,2.454543338870872E-4,1.9737654271769089E-4,4.427799151659449E-4,1.7513326168483665E-4,1.7942235219729882E-4,6.446111501721813E-5,9.487519425260691E-5,6.34110857976162E-4,0.004412150510848755,1.8612935519951926E-4,1.932312582281383E-4,9.38693778977308E-5,1.8277490758830705E-4,4.661391693374851E-4,0.0034984899720950963,1.64106338265808E-4,3.506755966121948E-5,1.6824076870286623E-4,1.6984467237689014E-4],[0.0021477030155027128,0.0467773870993486,1.6273524939479283E-4,1.7480022063325886E-4,1.2928399962036452E-5,1.1980115489666423E-5,0.008824781264723225,8.59030462156376E-5,0.0011866159975117117,9.025804943721798E-5,1.6199245273776457E-5,0.0014308199152651582,1.553944377260317E-4,4.450048450137511E-4,4.416304658159019E-5,1.0,9.611493822649902E-5,1.129212621877448E-5,0.024642094352484763,5.385842164183379E-4,0.001106380554029378,4.196175745070635E-5,1.7222306126715562E-5,1.1453092044892173E-4,0.0011773254458558664,1.3397241199101682E-4,2.8182802125444274E-5,2.0586027094723633E-5,8.274761550084144E-5,0.0011247602455526232,4.6849236159560723E-4,1.1384941048564836E-4,1.8611757045129942E-4,5.1530040241896E-5,1.68764541100671E-5,1.2903518870876811E-5,1.5080297735072719E-5,5.041984592833498E-4,0.0012892930255734721,2.7976874391212916E-5,1.4612222877113723E-4,1.3403932711894814E-5,3.191738207245229E-5,7.011913087194273E-5,0.01130148030639452,1.1355485789345813E-4,1.5323627183865822E-5,1.9546822570105758E-5,4.979535298021786E-5],[0.008963026195643105,0.012992640607896873,6.340089790683762E-4,0.0010131361320547812,4.191817298271526E-5,3.1000381449414384E-4,0.009271113855633905,2.0155881448514454E-4,0.0018683090078982748,1.952326028055236E-4,2.0060708337064865E-4,6.934017483359691E-4,2.657842284600752E-4,6.966289300603459E-4,3.038192157365785E-4,9.611493822649902E-5,1.0,1.0202828656785555E-4,0.02209244977035081,9.620194530265648E-4,8.69029337501171E-4,2.6100176898637454E-4,5.659868509112891E-5,2.852976725540591E-4,7.279104411590412E-4,1.657067685537705E-4,2.641872017946899E-4,2.753460032559466E-4,1.9975762620912967E-4,0.0018777154014999447,5.298698135473507E-4,2.381562262263215E-4,3.226368515889246E-4,2.9130277597190035E-4,2.1118664863755803E-4,1.327740903514239E-4,2.3127359292195423E-4,9.241376889891834E-4,0.0015777865213059891,2.1905066149725583E-4,2.456128928066336E-4,1.0491415877583918E-4,2.866801162581933E-4,5.070106544699005E-4,0.004186856122843772,2.51105601414889E-4,2.540321328111718E-5,1.950073961072617E-4,1.6393594302147908E-4],[0.007093579115126842,0.021568975072213697,9.918203116819095E-4,0.0016096808014798305,1.1141034230987864E-5,1.1045449279091188E-5,0.0117721970045866,9.685402460783452E-5,4.2407740292458516E-4,7.198243259858312E-5,1.3320383862781306E-4,3.902212255594812E-4,1.3714459558964836E-4,3.67466744492641E-4,8.760553632875007E-5,1.129212621877448E-5,1.0202828656785555E-4,1.0,2.886710610025029E-4,1.038515348290493E-4,0.0012005526777807464,8.310574728978246E-5,1.5348530898008467E-5,7.112584428095825E-5,7.386908259613604E-4,1.374311077415879E-4,4.6497330102901996E-5,4.65771033776434E-5,9.058288696231887E-5,0.0017554306458321602,5.163027667765272E-4,1.3126902365796683E-4,2.2367691155064783E-4,9.582341328518801E-5,1.4299904754306068E-5,1.1535991956149022E-5,2.7128795833725446E-5,7.787644302269764E-4,0.0016975033044387198,8.965586772725617E-5,6.795956149610367E-5,1.0936771833896194E-5,3.716891001011995E-5,2.2035858038185605E-4,0.00921029120860281,8.437442998102109E-5,1.3524632781824794E-5,1.0519975599101283E-4,5.411879284278814E-5],[0.02193588078868082,0.029535377571679615,0.019465489940135968,0.009713034839422232,0.007215677297941787,0.011423062028604544,0.028520755562008435,0.015580741130446876,0.020987222954519855,0.005465644488292448,0.001123255878704295,0.0062097000501801,0.009036917763407627,0.017585988471269774,0.015665274401975304,0.024642094352484763,0.02209244977035081,2.886710610025029E-4,1.0,0.027786197463631437,0.027424507443767298,0.0029136271066335373,0.02787905071470173,0.009368552533806111,0.02007686697232576,0.015526626865489066,0.0057126534476006074,0.020164163535759883,0.027795283347046215,0.015931649459772643,0.027677801947046634,0.004620672467951157,0.026255450872331425,0.016118255282946057,0.018484595505205634,0.015864275915267227,0.017128266743508896,0.01720485889368447,0.007215719044078885,0.004398473785316701,0.0021722802197475448,0.013171159141017602,0.005957133270173348,0.0010603718694377642,0.023790126131737595,0.0020360292504308687,0.028300293826948097,0.006197968723709339,0.017297962486532766],[0.005717525575263607,0.042077704396793245,0.001720140999297101,0.001655911940663737,1.230554853394164E-5,1.0602502696908441E-4,0.013199777429925806,9.573119505255606E-4,0.0016027358475054964,8.834331714684617E-4,9.588066005215814E-4,0.0014864569387301385,7.668876476413624E-4,0.0010804694806578862,4.822803967405461E-4,5.385842164183379E-4,9.620194530265648E-4,1.038515348290493E-4,0.027786197463631437,1.0,0.0016050602338337782,5.711460047089095E-4,7.583479400236573E-4,2.9153955714169774E-4,0.001314869185426826,0.0011910660081435242,4.132525359356806E-4,4.628277421642983E-4,0.0012327533398419537,0.0013812241270509586,6.69127484346794E-4,0.0012080102543430627,8.210012757707416E-4,4.2877500791202965E-4,5.906541764449335E-4,7.751962721568982E-4,8.911273075444812E-4,0.0013028083440474562,0.0029247898630804974,0.001144192324229075,0.00105834275474624,3.538547700165037E-4,0.0010023374616283422,8.203917105771002E-4,0.012922404283127855,0.0012610703978688047,6.914591539725816E-4,1.539785981030425E-4,1.9859048599386828E-4],[0.008032927330872719,0.020116532409606917,0.0024541943944814204,0.0021211044093462283,9.467523710892415E-4,8.491804225207122E-5,0.009903887001482996,0.0014279633109484627,0.00273713769510189,0.0017241338574856195,0.0018145668255075693,0.0020391732194691634,0.0013828302574530737,0.001470464271871202,0.0019615124813860585,0.001106380554029378,8.69029337501171E-4,0.0012005526777807464,0.027424507443767298,0.0016050602338337782,1.0,1.9912118934481594E-4,0.00147633804249729,4.4859881745369103E-4,0.002662227856258568,0.0013438521511235097,0.0010174750482640537,0.0018570758258406612,0.002628015014285108,0.002376467495996724,7.932708703890876E-4,0.0012631571341633738,9.045872531561045E-4,0.0016618657786877623,2.5470182740192245E-4,0.0026006975149672398,0.00215317867513787,0.0020259222235586524,0.004240110563705532,0.0014196571186383291,0.001457148348353818,0.0026751577642274713,0.0027340358987581735,0.0012115883486115506,0.005548291973816649,0.0010645419539730468,0.0013421948909660586,0.002419252215788592,0.002460409234014337],[0.004508501899736743,0.0433454001384952,9.217993426354782E-4,0.0011100299036028638,6.652152998621318E-5,3.185105253620253E-5,0.010505214946567754,1.5576527335311096E-4,2.517601116553373E-4,1.1966252356046638E-4,1.8003308161338634E-4,0.0019707805103838442,1.6932263191854992E-4,6.39885577542793E-4,1.7957910851796452E-4,4.196175745070635E-5,2.6100176898637454E-4,8.310574728978246E-5,0.0029136271066335373,5.711460047089095E-4,1.9912118934481594E-4,1.0,1.5955852941525243E-4,2.405795590385084E-4,2.493289228530599E-4,1.6513062009437633E-4,2.2284943772318613E-4,1.9471815120164032E-4,1.6967828710117637E-4,0.0018437643329996508,5.045710614197036E-4,2.013789649636467E-4,2.1184920904516641E-4,1.5084037105292635E-4,7.15062388826284E-5,1.6949579666184042E-4,7.104623192156795E-5,8.473666912208297E-4,0.004073489369824131,1.6208120696471697E-4,1.6241722121779093E-4,1.2818641973960258E-4,1.3109125767223293E-4,2.73605842670384E-4,0.0028607439795117393,1.5458009016040575E-4,1.5848840828589379E-4,1.3355181868116885E-4,1.3809157140200703E-4],[0.002035326046416644,0.018328598034989516,0.0014486108365163505,3.816462703224329E-4,1.7628835605349008E-5,1.652303993443401E-5,0.0014330689208494232,8.322321731996435E-5,1.769362436290348E-4,8.276472753661934E-5,1.0583285869580122E-4,0.0018501526668811595,9.998664352970804E-5,8.986196533381408E-4,9.398356866512155E-5,1.7222306126715562E-5,5.659868509112891E-5,1.5348530898008467E-5,0.02787905071470173,7.583479400236573E-4,0.00147633804249729,1.5955852941525243E-4,1.0,3.015050154302014E-5,2.7394857360960532E-5,5.3913092955483775E-5,4.869446908457963E-5,1.2903355649929106E-4,1.0006169122629325E-4,0.0011421624079556794,6.238733977845893E-5,9.528510430142426E-5,6.459878119016921E-5,7.889085025001209E-5,2.043253771365595E-5,2.053516526484757E-5,2.8150745498511213E-5,7.054223311271069E-4,0.0036165825230310713,9.847928197297912E-5,4.409408004680431E-5,1.7625730482591504E-5,8.33305963879486E-5,1.1287835249440476E-4,0.0018813920817765657,4.9659996253330436E-5,2.0601255124022214E-5,5.4757679512723444E-5,7.658283826720089E-5],[0.009306787300942617,0.014711316270831882,0.0010658541103103236,7.906028019687749E-4,1.5349092919300747E-4,8.678555562827632E-5,9.991670271557477E-4,1.3068121079455852E-4,0.0011884997991676491,1.2714376826506677E-4,2.1744369212493077E-4,7.925450994775519E-4,1.9026384287306153E-4,9.365028950045275E-4,2.3659806309103123E-4,1.1453092044892173E-4,2.852976725540591E-4,7.112584428095825E-5,0.009368552533806111,2.9153955714169774E-4,4.4859881745369103E-4,2.405795590385084E-4,3.015050154302014E-5,1.0,0.001182285764945631,1.6963231593544585E-4,2.358084695661844E-4,2.3028723229238243E-4,1.7225035978620613E-4,0.0013339641789856342,3.8402069049355827E-4,2.1660786326533086E-4,4.710837234087913E-4,2.3383858301511055E-4,9.921980747964176E-5,6.337237516935132E-5,1.639228590347319E-4,7.451828255251978E-4,0.002731284442554498,2.080812537311734E-4,2.2980187477832336E-4,1.5866751499905713E-4,2.045163705510479E-4,2.96323780759196E-4,0.006527477080138443,2.283007814963266E-4,5.07620903182519E-5,2.2891328040867994E-4,2.3918154540256844E-4],[0.0039076833506216276,0.04053458373348342,0.001447779693348809,0.0013569850997551803,0.0010212045470004852,6.717394915271001E-4,0.010299501478514557,3.518299498639727E-4,0.0013549297235247604,5.126097363701207E-4,9.398521755984918E-4,0.0016201747638905056,0.0010392911008151175,0.001193404258258502,0.0010579565011656468,0.0011773254458558664,7.279104411590412E-4,7.386908259613604E-4,0.02007686697232576,0.001314869185426826,0.002662227856258568,2.493289228530599E-4,2.7394857360960532E-5,0.001182285764945631,1.0,8.733977418738206E-4,0.0012613838516107659,0.0012706882148456233,0.0010606077019771497,0.001583277862678727,9.578779058950008E-4,9.898421056062322E-4,7.161852692482385E-4,6.367568931772691E-4,7.66524834166963E-4,0.0012127947788514659,8.052669744997061E-4,0.0013294146907433108,0.002208238099059997,0.0011902333799029524,7.202718284903755E-4,7.908543297950188E-4,8.441728451870201E-4,8.272391243374113E-4,0.01169313340396819,7.687173687426542E-4,6.672240042154742E-4,4.607173659672019E-4,7.234912523606567E-4],[0.0074729985702489485,0.012877220904262599,4.1668579685243644E-4,5.909300421056576E-4,1.415336422356497E-4,1.1322187417456869E-4,0.006126147023117355,1.3640106462672817E-4,0.0019363471910552974,1.513989349558777E-4,1.6097744007369748E-4,0.0014876977071691467,1.591801817829918E-4,5.870778514880776E-4,1.6370298011831753E-4,1.3397241199101682E-4,1.657067685537705E-4,1.374311077415879E-4,0.015526626865489066,0.0011910660081435242,0.0013438521511235097,1.6513062009437633E-4,5.3913092955483775E-5,1.6963231593544585E-4,8.733977418738206E-4,1.0,2.0210481411580977E-4,1.8061731072412516E-4,1.431312112634551E-4,0.0010975069889954763,4.241946927683205E-4,1.6076970158832122E-4,1.6770037984979662E-4,1.513983227022012E-4,1.3366442881376897E-4,7.789225312527303E-5,1.100127274681676E-4,9.080092115733597E-4,0.0031933572343638547,1.54536628430301E-4,1.510091863423151E-4,1.1342923892323347E-4,1.566659729902339E-4,1.9958436484675547E-4,0.01161254898100221,1.556119026435531E-4,5.10774981842027E-5,1.3052569214645787E-4,1.4560185605862587E-4],[0.0012186813735015232,0.04702423668974554,0.0015039666235161335,0.0014795160406430455,5.865752377251237E-5,1.4277145973978032E-4,0.00447095715616151,1.299260872478609E-4,0.0018824786748364223,1.2776080313002316E-4,2.1014756116841547E-4,0.0016795203033766236,1.8900355581886926E-4,5.047996706617977E-4,2.177515656510797E-4,2.8182802125444274E-5,2.641872017946899E-4,4.6497330102901996E-5,0.0057126534476006074,4.132525359356806E-4,0.0010174750482640537,2.2284943772318613E-4,4.869446908457963E-5,2.358084695661844E-4,0.0012613838516107659,2.0210481411580977E-4,1.0,2.2276932887329423E-4,2.2678302597386313E-4,0.0015480207324195705,3.873418689803782E-4,2.1582906957630425E-4,3.0680937419082493E-4,1.4786778658519649E-4,5.124386457781886E-5,1.9998446956966186E-5,2.1095083534359484E-4,7.175626521623574E-4,0.002778838492746769,1.4024056447617546E-4,2.0991168878195236E-4,2.256254864609836E-4,1.4488464226924697E-4,2.3210985792106585E-4,0.00978455061240612,2.1364463927189074E-4,1.4596071473001122E-4,1.1148524696837732E-4,1.587330663400813E-4],[0.009064281710101962,0.025592063351774892,0.0010874072535839113,0.0012401328930599057,2.2596697229608628E-5,8.509249963614378E-5,0.004739444443522568,1.5449588202863946E-4,0.0015722366198950132,1.262446854700737E-4,1.9179290739592805E-4,5.344956182418478E-4,1.8336284554517292E-4,4.213657556682795E-4,1.9635533534403422E-4,2.0586027094723633E-5,2.753460032559466E-4,4.65771033776434E-5,0.020164163535759883,4.628277421642983E-4,0.0018570758258406612,1.9471815120164032E-4,1.2903355649929106E-4,2.3028723229238243E-4,0.0012706882148456233,1.8061731072412516E-4,2.2276932887329423E-4,1.0,1.361204857826782E-4,0.0014335313427349203,4.164715263636458E-4,1.976386010430078E-4,3.677409224286613E-4,1.8553358411600097E-4,7.526217969180789E-5,1.4337774528015102E-4,4.491332915373699E-5,0.0010053463093460423,0.004032894999675633,1.5664633601317202E-4,1.6189587800814254E-4,2.2593119671391942E-5,1.2725013758383872E-4,2.572674249808146E-4,6.399379128091653E-4,1.665488097287987E-4,1.432708418661673E-4,1.7572195136380804E-4,1.6499780633621693E-4],[0.004551899703399693,0.016350613126734505,3.676870400441427E-4,7.073322260319179E-4,3.6675298295794624E-5,3.236720050003645E-5,0.007784632921817926,1.0899891079389458E-4,1.7612537685945305E-4,1.0636856090039942E-4,1.4585365609188957E-4,3.0124643699282785E-4,1.6114511296714065E-4,4.3725791529981915E-4,1.4951803223910745E-4,8.274761550084144E-5,1.9975762620912967E-4,9.058288696231887E-5,0.027795283347046215,0.0012327533398419537,0.002628015014285108,1.6967828710117637E-4,1.0006169122629325E-4,1.7225035978620613E-4,0.0010606077019771497,1.431312112634551E-4,2.2678302597386313E-4,1.361204857826782E-4,1.0,8.497163750792357E-4,1.3530161210708057E-4,1.0887501885555947E-4,1.7653580996132868E-4,1.1772633768500559E-4,4.387570950615069E-5,4.595706849417596E-5,7.666529733468838E-5,2.0196598307376602E-4,0.0011545181217989526,1.3228419579312088E-4,1.3865926020115686E-4,5.7125456651113685E-5,1.0843442423045378E-4,2.0289893258337703E-4,0.005699207431511052,1.431619992787943E-4,9.869716215150768E-5,1.0561630635125494E-4,1.2163497298892106E-4],[0.0054490201908649165,0.0077852548090114465,0.0017748708765105872,0.0019238762848961634,1.4949241394971024E-4,8.052616868080316E-4,0.01213085609448023,0.0017197289929667217,0.0019641140750267226,0.00167175982966329,0.0010815116634751288,0.0019885929529989102,0.0015546026658173671,0.0016474049986513269,6.926041299234865E-4,0.0011247602455526232,0.0018777154014999447,0.0017554306458321602,0.015931649459772643,0.0013812241270509586,0.002376467495996724,0.0018437643329996508,0.0011421624079556794,0.0013339641789856342,0.001583277862678727,0.0010975069889954763,0.0015480207324195705,0.0014335313427349203,8.497163750792357E-4,1.0,0.0018469298094445589,6.645010378688367E-4,0.0010911114181065317,0.0014907987734109616,3.148408210844467E-4,9.745704185818345E-4,0.0019324042350693871,0.0014775144940080338,0.0025474126121820644,0.0012403171023205573,4.7329560443483767E-4,9.193777477062847E-4,4.504567185322782E-4,0.0016830406357251182,0.005001838633108432,9.648788818527171E-4,0.001759763105595679,6.380484432671918E-4,0.001820813673741416],[0.006089150158088961,0.03429697566106874,7.795367864601849E-4,0.0013921481259199773,4.3969619127191497E-4,1.0015672970485162E-4,0.009637462076218316,4.2261431892652145E-4,0.0014881979739845516,3.321733373132031E-4,4.0382716636811833E-4,0.0019088844545084218,2.899339745340636E-4,6.79819025702673E-4,2.454543338870872E-4,4.6849236159560723E-4,5.298698135473507E-4,5.163027667765272E-4,0.027677801947046634,6.69127484346794E-4,7.932708703890876E-4,5.045710614197036E-4,6.238733977845893E-5,3.8402069049355827E-4,9.578779058950008E-4,4.241946927683205E-4,3.873418689803782E-4,4.164715263636458E-4,1.3530161210708057E-4,0.0018469298094445589,1.0,2.748830668601844E-4,5.155586955859612E-4,2.2499368304977738E-4,5.154853239918599E-4,3.890775200504987E-4,1.940219009666709E-4,6.883376584469433E-4,0.0018459614309730191,1.5095379279694287E-4,3.4710069097329587E-4,1.8757734935775954E-4,5.236953200606398E-4,5.316071867194595E-4,0.00566337195767803,1.9437418717462468E-4,1.081750326153486E-4,2.4105808097166201E-4,4.6884011695557336E-4],[0.005785047421043448,0.02287697809440315,2.9810166672622176E-4,0.0013939775328653487,1.3334597964415068E-4,1.6652027508728398E-5,0.011655456317831134,1.667382252217435E-4,3.212257520453732E-4,1.730559075298786E-4,1.981531926484246E-4,0.0018861878019167154,1.6854176484625274E-4,9.269891208738026E-4,1.9737654271769089E-4,1.1384941048564836E-4,2.381562262263215E-4,1.3126902365796683E-4,0.004620672467951157,0.0012080102543430627,0.0012631571341633738,2.013789649636467E-4,9.528510430142426E-5,2.1660786326533086E-4,9.898421056062322E-4,1.6076970158832122E-4,2.1582906957630425E-4,1.976386010430078E-4,1.0887501885555947E-4,6.645010378688367E-4,2.748830668601844E-4,1.0,3.368805716396649E-4,1.5347714940488653E-4,4.471608910507696E-5,9.23872078358483E-5,9.506772807041462E-5,0.001090935520090262,7.448140801995384E-4,2.0157643654532397E-4,1.5886445328611664E-4,7.294272575414952E-5,1.2078742943167529E-4,3.156132713334488E-4,0.005555067317025624,1.6699042189970593E-4,1.227079591457428E-4,1.0943564909677416E-4,1.5159526923385122E-4],[6.63688220861097E-4,0.006535090668307288,6.964800888012316E-4,0.001255375532169507,6.0720828847375053E-5,1.71236393649428E-4,0.010993858131675041,3.7464093865009605E-4,0.0017574071496448398,4.0123348995043897E-4,3.3148381948510373E-4,7.004857092526165E-4,3.596010689390077E-4,9.671283518456657E-4,4.427799151659449E-4,1.8611757045129942E-4,3.226368515889246E-4,2.2367691155064783E-4,0.026255450872331425,8.210012757707416E-4,9.045872531561045E-4,2.1184920904516641E-4,6.459878119016921E-5,4.710837234087913E-4,7.161852692482385E-4,1.6770037984979662E-4,3.0680937419082493E-4,3.677409224286613E-4,1.7653580996132868E-4,0.0010911114181065317,5.155586955859612E-4,3.368805716396649E-4,1.0,4.0515973193756545E-4,2.783024938380155E-4,3.344908888281134E-4,2.6039446068012323E-4,0.0010798498011047692,0.004152216863002726,3.1978807756522995E-4,3.437499965872244E-4,4.298329613761252E-4,1.4962030323778484E-4,5.4223396519223E-4,0.011827282143993941,2.786584930474032E-4,2.6508392567154316E-4,2.2006324345424564E-4,3.047334384112249E-4],[0.0020593889370520164,0.015530469144134994,3.255218692099977E-4,3.8536229774163797E-4,1.3510082084986543E-4,1.2971055132018604E-4,0.007759358742333935,1.258537779678781E-4,4.351516127231566E-4,1.2954683568079051E-4,1.6360968867396928E-4,3.3673336907554083E-4,1.5224686917924163E-4,0.0010064892423825894,1.7513326168483665E-4,5.1530040241896E-5,2.9130277597190035E-4,9.582341328518801E-5,0.016118255282946057,4.2877500791202965E-4,0.0016618657786877623,1.5084037105292635E-4,7.889085025001209E-5,2.3383858301511055E-4,6.367568931772691E-4,1.513983227022012E-4,1.4786778658519649E-4,1.8553358411600097E-4,1.1772633768500559E-4,0.0014907987734109616,2.2499368304977738E-4,1.5347714940488653E-4,4.0515973193756545E-4,1.0,5.616989853601184E-5,2.749271389419145E-5,1.0760953566120171E-4,0.0012824485531356636,0.0016074675351432858,1.376133980607184E-4,1.4793261473851008E-4,1.3026940209229544E-4,1.3904478487939756E-4,2.416206841629069E-4,0.011719705882132316,1.4921037918642232E-4,1.29925398867583E-4,1.4029428391501726E-4,1.4076941673328905E-4],[0.004150239737198851,0.004403638641820183,0.0016567255202565765,7.174231928693253E-4,1.4469227092359305E-5,1.6983669652457563E-5,0.01247927380689218,9.389812839995851E-5,0.00110556587461094,2.826248031149975E-5,1.0660082032033949E-4,0.0018062298357135905,1.3018284760850233E-4,5.262171720279726E-4,1.7942235219729882E-4,1.68764541100671E-5,2.1118664863755803E-4,1.4299904754306068E-5,0.018484595505205634,5.906541764449335E-4,2.5470182740192245E-4,7.15062388826284E-5,2.043253771365595E-5,9.921980747964176E-5,7.66524834166963E-4,1.3366442881376897E-4,5.124386457781886E-5,7.526217969180789E-5,4.387570950615069E-5,3.148408210844467E-4,5.154853239918599E-4,4.471608910507696E-5,2.783024938380155E-4,5.616989853601184E-5,1.0,1.2910339567494383E-5,2.2986165806602995E-5,0.001232732421106514,9.292750594753874E-4,8.665865134690916E-5,4.093515088550352E-5,1.2336070600109745E-5,7.467528585108183E-5,2.7291495014536296E-5,0.01326779501226722,9.87637218096593E-5,1.6961579317782255E-5,4.7402244483338906E-5,9.609488834932172E-5],[0.0057318220866352,0.030846911277141034,5.996510287604996E-4,9.203876851999646E-4,1.2433080239227276E-5,1.2797009735120727E-5,0.009180467390323488,1.1130570976745751E-4,0.001536071842705284,6.696639434748314E-5,1.775354236976533E-4,0.0012993791649970198,1.05034857655484E-4,9.352767466298094E-4,6.446111501721813E-5,1.2903518870876811E-5,1.327740903514239E-4,1.1535991956149022E-5,0.015864275915267227,7.751962721568982E-4,0.0026006975149672398,1.6949579666184042E-4,2.053516526484757E-5,6.337237516935132E-5,0.0012127947788514659,7.789225312527303E-5,1.9998446956966186E-5,1.4337774528015102E-4,4.595706849417596E-5,9.745704185818345E-4,3.890775200504987E-4,9.23872078358483E-5,3.344908888281134E-4,2.749271389419145E-5,1.2910339567494383E-5,1.0,1.8772464453915312E-5,4.714295881422365E-4,0.001345751577176313,2.003654565738632E-5,2.7900621361109704E-5,1.076701700897405E-5,2.1268841085587266E-5,5.382966224074529E-4,0.00841483230601094,6.901419723207225E-5,1.3740471835067542E-5,6.434331145353247E-5,7.625753756231054E-5],[0.0035615877404606947,0.019052755923455286,1.8547332093558604E-4,0.0015945875706193857,3.060564012693576E-5,2.139428878396367E-5,0.008957969531390731,9.303995720541431E-5,0.0018065815570518541,6.971854299316311E-5,1.4255426676228913E-4,9.836124136186457E-4,9.39909461007728E-5,8.704129954627751E-4,9.487519425260691E-5,1.5080297735072719E-5,2.3127359292195423E-4,2.7128795833725446E-5,0.017128266743508896,8.911273075444812E-4,0.00215317867513787,7.104623192156795E-5,2.8150745498511213E-5,1.639228590347319E-4,8.052669744997061E-4,1.100127274681676E-4,2.1095083534359484E-4,4.491332915373699E-5,7.666529733468838E-5,0.0019324042350693871,1.940219009666709E-4,9.506772807041462E-5,2.6039446068012323E-4,1.0760953566120171E-4,2.2986165806602995E-5,1.8772464453915312E-5,1.0,9.249330237965069E-4,0.001633962562204564,1.1265483027200205E-4,9.33004554229115E-5,1.9468351786053115E-5,9.412212217595385E-5,3.324139282625645E-4,0.004060550530784117,1.3290060930563777E-4,3.265274464248875E-5,7.628490800451625E-5,5.6177973546643205E-5],[0.006612141139429027,0.013784280878620781,0.0016783712306392454,0.0015176886890243563,0.0012579865804385015,8.316997992452112E-4,0.0021852307366459437,8.84487018800463E-4,0.0016244298481070585,0.0012424416076074253,2.8694647324880554E-4,0.0018118421580749782,0.001039201222821455,0.0012846486643402196,6.34110857976162E-4,5.041984592833498E-4,9.241376889891834E-4,7.787644302269764E-4,0.01720485889368447,0.0013028083440474562,0.0020259222235586524,8.473666912208297E-4,7.054223311271069E-4,7.451828255251978E-4,0.0013294146907433108,9.080092115733597E-4,7.175626521623574E-4,0.0010053463093460423,2.0196598307376602E-4,0.0014775144940080338,6.883376584469433E-4,0.001090935520090262,0.0010798498011047692,0.0012824485531356636,0.001232732421106514,4.714295881422365E-4,9.249330237965069E-4,1.0,0.003113903059644092,6.110549407839171E-4,0.0011447360557977147,1.485127738176586E-4,6.66256039763626E-4,0.0012821367487649226,0.009547518853939875,0.0010818404848148423,2.0507798785558538E-4,5.865370586100337E-4,2.4750080801805145E-4],[0.007656957768020541,0.03862672227729527,0.002854131888301274,0.003973355679022876,0.001490233378420857,0.003041077140338579,0.00895532745961874,0.003227405570947279,0.004426466968833214,0.0018814069759008252,7.23939931951536E-4,0.0036529555998022455,0.004401793225512967,0.0014912456536514144,0.004412150510848755,0.0012892930255734721,0.0015777865213059891,0.0016975033044387198,0.007215719044078885,0.0029247898630804974,0.004240110563705532,0.004073489369824131,0.0036165825230310713,0.002731284442554498,0.002208238099059997,0.0031933572343638547,0.002778838492746769,0.004032894999675633,0.0011545181217989526,0.0025474126121820644,0.0018459614309730191,7.448140801995384E-4,0.004152216863002726,0.0016074675351432858,9.292750594753874E-4,0.001345751577176313,0.001633962562204564,0.003113903059644092,1.0,0.00161911