[[1.0,7.735729179685698E-4,0.0013490556930655943,2.397119938658727E-5,1.3784377710155096E-4,1.360952821032112E-4,1.603321064052516E-5,1.570828813560349E-5,0.002404721245890697,0.005327302488242051,2.247946738453729E-5,1.4324702590529906E-4,0.05357540189790788,0.0011204745810877337,0.009805538320099555,2.90720733327007E-4,3.902012533900751E-4,1.5055546791004622E-5,0.0011863235719316374,4.046127377994671E-4,3.9792742880268586E-4,1.6052677893003617E-5,0.0013346648300345458,5.801869308963269E-5,1.5156370494339579E-5,2.4107179535843123E-4,0.0010048802250583744,2.79419162984608E-4,0.006227305870183492,1.4687220248129962E-5,0.0012881057650641372,0.0015988411115035407,0.003460489853642538,2.3368927985863657E-4,3.183104588266107E-5,9.959454020904842E-4,1.8691367634974503E-5,4.967889659848116E-4,0.0020272888704142263,5.405502082323701E-5,0.0010126059274534682,0.006756056414105371],[7.735729179685698E-4,1.0,0.0011610540242174446,3.587954129754717E-4,6.183818177683566E-4,0.005723074745452012,1.3437586200690845E-4,4.5980145053131334E-4,0.001995019974202207,0.0043303224063877994,1.8154917105825445E-4,7.018431120125155E-4,0.057004000275113834,8.965484407285208E-4,0.017119882724339126,0.0015953690377166953,6.735538739470914E-4,4.2125116729512267E-4,9.276337932615907E-4,7.958317647631974E-4,4.75956094600113E-4,4.5894023611574785E-4,0.001975531298948804,2.5370601646120596E-4,4.25800834547095E-4,4.4628938474156803E-4,0.0030847964770514963,7.314786684550208E-4,0.009488083315807187,4.096972860021094E-4,0.0026257545770651987,0.0012091124663162528,0.0012406584038959635,0.001002568911463123,2.1556878172610317E-4,0.001015035908107471,6.145970517573606E-4,0.001057929157572675,0.0017079700033667794,6.756537930801269E-4,0.001480063136079588,0.0044547112269897405],[0.0013490556930655943,0.0011610540242174446,1.0,0.0014630729667995457,3.2005600157072677E-4,0.004755119584152845,0.001380391589063161,0.001004090496527498,0.0025926454223538916,0.00726358369600798,0.0010622366895846767,0.0010161678945609792,0.017160570924666364,0.0015488113296505072,0.0060763710321346115,0.0015654830466676059,7.479024834758409E-4,0.0011040781204738558,0.0014161587072249997,0.0011630671707045302,6.917536385044421E-4,8.630727304245891E-4,0.0026056870745762278,3.7017847545285805E-4,4.952478302738801E-4,9.89768966329999E-4,0.001667721720147132,0.0010503857414425489,0.007505806024065102,0.0012212234468050314,0.0032037498055458268,0.0016264455380018176,0.0021832709162459287,0.001419821865503879,3.7772408371650255E-4,0.0015027833225909606,9.158055221120685E-4,0.0016170649599234657,0.0018415154326789356,3.1353297190822864E-4,0.0015281150213691888,0.0035581278198921736],[2.397119938658727E-5,3.587954129754717E-4,0.0014630729667995457,1.0,9.62880295003745E-5,0.008228107601043474,4.1043169804594166E-5,2.934063157022101E-5,0.0022069858574745257,9.184047573510434E-4,5.066908127045704E-5,9.566936198987153E-5,0.027941641642622382,3.7406318187198514E-4,0.01710784356041,0.0010719509278982015,1.5888847245527714E-4,5.016583344631471E-5,9.190630801743366E-4,9.564765929776633E-4,3.005843912711188E-4,7.601008434274774E-5,0.0028404115580804184,1.1078943480890111E-4,3.350839802654417E-5,3.450963513358294E-4,0.003097071956563611,1.9368403326644012E-4,0.0017889582286618438,8.246142251323417E-5,0.0010741626943214008,4.5398152118529046E-4,0.0011379366607480608,1.7265583965597243E-4,9.80786245459111E-5,5.780487507336641E-4,8.267541851558683E-5,9.00379085951423E-4,0.0012141279836726344,1.0212260133447522E-4,0.001322398754855066,0.005926433624012951],[1.3784377710155096E-4,6.183818177683566E-4,3.2005600157072677E-4,9.62880295003745E-5,1.0,0.006717260078323706,3.4914026793841774E-5,4.1958585202188256E-5,5.74688960848169E-4,0.0037907212129122732,8.173048658725164E-5,1.4556140510960588E-4,0.06088519689492048,0.0014781700468880442,0.011908232543670688,7.262128306415596E-4,1.8581540716067677E-4,1.241395794299697E-4,4.8049633415500896E-4,4.976611778911641E-4,3.788133418456095E-4,1.3389163900500868E-4,3.164051683693604E-4,1.5158708478372974E-4,2.6192387926411408E-5,2.13980888524097E-4,7.516572075539329E-4,3.285129315210994E-4,0.0028626526687629368,2.392978203537953E-5,7.96209919408269E-4,0.0013069155489794616,0.0015511191712551439,6.997544002865152E-4,1.5236669431453314E-4,7.05538457887951E-4,2.761975336101093E-5,0.0011498162979286007,0.0015232043737725054,1.3695093994207783E-4,0.0015276689188796113,0.011556262318322992],[1.360952821032112E-4,0.005723074745452012,0.004755119584152845,0.008228107601043474,0.006717260078323706,1.0,0.004485217119993718,0.009075726061602965,0.009958425913113555,0.00880241563192477,0.011154923101547176,0.0023942848054354674,0.04219371270466635,0.006811476896263287,0.015508730269185077,0.00715093226419513,0.003757225789729252,0.008451112798763469,0.0021765923545426537,0.001238803890515045,0.007856292162313136,0.007190787375623361,0.00438977230111943,0.003657440434655954,0.010434623889766582,0.011356721584863902,0.004095792126363263,0.00661288158076737,0.013968790577704731,0.002238229684191812,0.010282920929318472,0.004875377810890938,0.006504545661590291,0.009005672009703203,0.004346307978261479,0.0018085350162854361,0.0015044233584822248,0.00764991790496816,0.0028240077095934746,0.005382500298695155,0.011290204707133525,0.01142810197234932],[1.603321064052516E-5,1.3437586200690845E-4,0.001380391589063161,4.1043169804594166E-5,3.4914026793841774E-5,0.004485217119993718,1.0,1.63306620936641E-5,0.001791929800706302,0.004562129558232136,2.5122633543584572E-5,9.231253578643415E-5,0.041454335171530785,0.0012294569641984174,0.004728549173595685,9.282711647712254E-4,2.3314739018832009E-4,1.634597167334566E-5,0.0011620423797643977,7.551605065723035E-4,3.400690801695675E-4,1.6345756556475467E-5,0.0026970319511480244,1.26714703371419E-4,1.6047873772681356E-5,2.5828608184264544E-4,0.0010399874996616725,2.5356871448648356E-4,3.3460732570097954E-4,1.6199459339816792E-5,0.0012523769670005104,1.4553557957107909E-4,9.183905920963011E-4,5.967995592817461E-4,2.945306274818585E-5,9.837907331852309E-4,1.6563550486493046E-5,9.381798882083849E-4,0.0021833453495339787,2.122197072645336E-5,0.001359691065527497,0.00766970166506967],[1.570828813560349E-5,4.5980145053131334E-4,0.001004090496527498,2.934063157022101E-5,4.1958585202188256E-5,0.009075726061602965,1.63306620936641E-5,1.0,8.438127871735248E-4,0.006077515422892741,1.6461756409663716E-5,2.009500187202025E-5,0.04486424550795489,0.0015098126137205667,0.005165149390125993,2.7628254106160154E-4,2.3733512316917812E-4,1.5780660390685917E-5,2.1989713807725524E-4,1.395887437057602E-4,2.1386482674460214E-4,1.603803727521798E-5,4.1636647730347435E-4,9.67762526039968E-5,1.5734095272613002E-5,1.0651540020586056E-4,3.0515208132492373E-4,1.368845576817184E-4,0.014374768810229081,1.488021856609755E-5,8.533514828493098E-4,0.0014332618013219599,0.0030443268426428955,0.0010381494866766564,3.5197169902748956E-5,3.742444066377178E-4,1.976132095531865E-5,3.956981679747287E-5,0.001780171724459705,3.9366439210127756E-5,4.32791350139713E-4,0.002792800726831879],[0.002404721245890697,0.001995019974202207,0.0025926454223538916,0.0022069858574745257,5.74688960848169E-4,0.009958425913113555,0.001791929800706302,8.438127871735248E-4,1.0,0.006353158733567842,8.895256162012778E-5,9.809669870792692E-4,0.02870137741086312,0.0020483945261355226,0.018455749462808254,0.0017071616070968311,0.0017754173952921918,0.0025715268126846303,0.002138925681337039,0.0016541361164653793,0.001070790011925006,0.002558889787143972,0.0028090167536860182,0.001849552533965554,0.002707654431437337,0.0014844493417940996,0.0028063040955343594,0.0016838187024967699,0.01593059400649195,0.002445405407605216,0.0028744334938668875,0.002571912802941269,0.003003833394207636,0.002168506601375841,0.0010828782257924954,0.0027154112432381406,0.0025368572152376268,0.002487357136215328,0.002704568478221392,0.0021641770104256757,0.002170606293801394,0.0031001399306218613],[0.005327302488242051,0.0043303224063877994,0.00726358369600798,9.184047573510434E-4,0.0037907212129122732,0.00880241563192477,0.004562129558232136,0.006077515422892741,0.006353158733567842,1.0,0.0016892170575281255,0.0020408416164432474,0.019581391307981137,0.007450669366794345,0.009008247127500923,0.005252395269992529,0.0032819485829327154,9.975228076456895E-4,0.002861867754942361,0.006677504134668628,0.002469936822475594,0.006799965918315911,0.005519029831658919,0.007513648143556666,4.338097310928557E-4,0.0020925428369452754,0.004227585945355287,0.0035999313147299537,0.015387670148109156,0.003732497740999,0.004763916282071936,0.002795191019755658,0.007528879114826448,0.00448388695886434,0.00687982458555147,0.007342881663655569,0.003285144348973095,0.003406331068937828,0.0042769574735260305,0.003215575414284862,0.004772542380525517,0.010645236554476283],[2.247946738453729E-5,1.8154917105825445E-4,0.0010622366895846767,5.066908127045704E-5,8.173048658725164E-5,0.011154923101547176,2.5122633543584572E-5,1.6461756409663716E-5,8.895256162012778E-5,0.0016892170575281255,1.0,5.49705254961999E-5,0.02303390531340132,0.0015348648979757263,0.011862503901440492,5.787854268195228E-4,3.000261026381329E-4,2.1922007036356518E-5,2.880146746966809E-4,3.7108674043535703E-4,1.0678836571629404E-4,1.720988603112447E-5,0.0022690155008338554,9.87736403911566E-5,2.0949731878160295E-5,3.921038183754693E-5,0.0030987359070544,3.255489300267871E-4,0.006605197008337889,2.386147774771961E-5,1.257042764818858E-4,0.0012338756038263463,0.0029137809266242803,2.3739981056800216E-4,1.4628905596393647E-4,8.622564060664803E-4,2.713759848854025E-5,5.29197933784294E-4,3.476115783837999E-5,2.743627407340529E-5,6.85810071356198E-4,0.003063693139130439],[1.4324702590529906E-4,7.018431120125155E-4,0.0010161678945609792,9.566936198987153E-5,1.4556140510960588E-4,0.0023942848054354674,9.231253578643415E-5,2.009500187202025E-5,9.809669870792692E-4,0.0020408416164432474,5.49705254961999E-5,1.0,0.007197547757724637,0.0010779753714461621,0.013519894232851456,9.44835470867127E-4,3.54504929237535E-4,5.181774348134063E-5,6.726910024410782E-4,3.597788003104564E-4,3.451868727611928E-4,9.055867548481603E-5,0.002048622407575316,1.5321731327314398E-4,1.154469108689492E-4,3.178264961473126E-4,0.00136897521959083,3.180199665383772E-4,0.01712910066692591,2.2160813255692496E-5,0.002549477015429287,8.471335712593494E-4,0.0017747955739857606,0.0010927594148478893,1.622972607953815E-4,7.101147838618786E-4,5.2274744956157906E-5,3.222962727925987E-4,7.703751072842832E-4,1.4206255560735693E-4,1.5808245668891033E-4,0.00695709185678546],[0.05357540189790788,0.057004000275113834,0.017160570924666364,0.027941641642622382,0.06088519689492048,0.04219371270466635,0.041454335171530785,0.04486424550795489,0.02870137741086312,0.019581391307981137,0.02303390531340132,0.007197547757724637,1.0,0.018427122695620912,0.06856055370981787,0.023077416438480512,0.011205947794294053,0.044636517971467296,0.024501825358830078,0.07237698483794183,0.015959230500007224,0.03500170200334167,0.05111577608782404,0.04571618742394122,0.060507820523373286,0.0085876475755665,0.0760713136607948,0.03486479073065276,0.045705267219992546,0.026935102828509416,0.07661707559542616,0.011593964209927053,0.04755913709770019,0.01590098797540318,0.03883517634627535,0.05516082555931811,0.054917898035618515,0.061627630336483406,0.06299181291359177,0.05235511642344459,0.04647618697537922,0.043399718145205005],[0.0011204745810877337,8.965484407285208E-4,0.0015488113296505072,3.7406318187198514E-4,0.0014781700468880442,0.006811476896263287,0.0012294569641984174,0.0015098126137205667,0.0020483945261355226,0.007450669366794345,0.0015348648979757263,0.0010779753714461621,0.018427122695620912,1.0,0.0052916728949203625,0.001613853518517597,0.001139340138514385,0.0015610339292887623,0.0015932339118235983,0.0015312447836929384,0.0013807832407869783,6.147291216190088E-4,0.002801306851932876,2.713089274852829E-4,4.2412265013534864E-4,7.340852145407258E-4,0.002848700929723432,9.926687605372195E-4,0.0029172807866861186,9.064086990173219E-4,0.0030859697963338912,0.00162970170058856,0.004290091984625607,0.0014333199331314898,0.0014876465016316607,0.0012307357275229077,8.866122486436025E-4,0.0016002808894505364,0.002024077739488023,4.5310940629305545E-4,0.0015882063379392497,0.003639636725223722],[0.009805538320099555,0.017119882724339126,0.0060763710321346115,0.01710784356041,0.011908232543670688,0.015508730269185077,0.004728549173595685,0.005165149390125993,0.018455749462808254,0.009008247127500923,0.011862503901440492,0.013519894232851456,0.06856055370981787,0.0052916728949203625,1.0,0.014241959289412166,0.00492250882789752,2.600750950197309E-4,0.003360796574936469,0.01842129308812193,0.01649667945184108,0.00627506510042351,0.011725900951754277,0.007302701989948867,0.00758131401083953,0.014782879585696825,0.004717262744943072,0.00419732678654444,0.018518518518518517,0.013623368167309791,0.003385341821345339,0.0070590000232339765,0.01796178265645776,0.013482730166870639,0.00972176830678272,0.013758790466947318,0.01459555990967235,0.005240033891088559,0.006325722071547616,0.015620753614558447,0.004327070139615743,0.015916592816732664],[2.90720733327007E-4,0.0015953690377166953,0.0015654830466676059,0.0010719509278982015,7.262128306415596E-4,0.00715093226419513,9.282711647712254E-4,2.7628254106160154E-4,0.0017071616070968311,0.005252395269992529,5.787854268195228E-4,9.44835470867127E-4,0.023077416438480512,0.001613853518517597,0.014241959289412166,1.0,5.102559347401681E-4,0.00133346536264977,0.0014332256984688502,0.0016260649122439015,0.00159569978355406,5.541263157635761E-4,0.0018628576201480647,6.075679467824816E-4,8.394071694108349E-4,0.0010291967587572962,0.001981740844194041,0.0011446275727111672,0.013895543025709523,0.0011473356258502531,0.0031638924973357184,0.0016833108516001818,0.0022777166059489715,0.0014078144040116916,4.506344987224E-4,0.0014929994180118142,6.741573756523254E-4,0.0016420875444983307,0.0019414860160470416,0.0010932384305574507,0.001577989590167148,0.008536133719329358],[3.902012533900751E-4,6.735538739470914E-4,7.479024834758409E-4,1.5888847245527714E-4,1.8581540716067677E-4,0.003757225789729252,2.3314739018832009E-4,2.3733512316917812E-4,0.0017754173952921918,0.0032819485829327154,3.000261026381329E-4,3.54504929237535E-4,0.011205947794294053,0.001139340138514385,0.00492250882789752,5.102559347401681E-4,1.0,1.6218363683311845E-4,0.0010787906618047263,0.0010676764420863207,4.0002448060504964E-4,2.0488721758764932E-4,5.161661793869208E-4,3.5063530523902906E-4,6.817335702686253E-5,3.8440835394198773E-4,0.0010440092195587458,3.858209815225344E-4,0.015738484337655474,3.1759899199989086E-4,7.365749108485377E-4,0.0020925849059278932,0.0015932578846354817,0.0012215363246607474,2.467716961583711E-4,7.049131413256121E-4,2.259804208067995E-4,0.0011985928370202047,0.001307172398511173,2.646432469044293E-4,0.0015302748138305924,0.003974955660915974],[1.5055546791004622E-5,4.2125116729512267E-4,0.0011040781204738558,5.016583344631471E-5,1.241395794299697E-4,0.008451112798763469,1.634597167334566E-5,1.5780660390685917E-5,0.0025715268126846303,9.975228076456895E-4,2.1922007036356518E-5,5.181774348134063E-5,0.044636517971467296,0.0015610339292887623,2.600750950197309E-4,0.00133346536264977,1.6218363683311845E-4,1.0,1.4661848187469878E-4,7.028696710213633E-4,1.1784748324524598E-4,1.5735848205212397E-5,4.593063266379519E-4,3.820243230314304E-5,1.4645768494504584E-5,1.0850648907636295E-4,0.002925459804156986,1.4768300043782278E-4,0.017680166022139742,1.4000147767621657E-5,1.7791073507395275E-4,0.0024112416889177863,0.0017892655234734935,1.5088361881258037E-4,1.3146945630209935E-4,4.4524869878763965E-4,2.400488948564386E-5,7.712092374638411E-4,0.0013982275299735684,7.820040789989111E-5,8.053642353085629E-4,6.185708789792835E-4],[0.0011863235719316374,9.276337932615907E-4,0.0014161587072249997,9.190630801743366E-4,4.8049633415500896E-4,0.0021765923545426537,0.0011620423797643977,2.1989713807725524E-4,0.002138925681337039,0.002861867754942361,2.880146746966809E-4,6.726910024410782E-4,0.024501825358830078,0.0015932339118235983,0.003360796574936469,0.0014332256984688502,0.0010787906618047263,1.4661848187469878E-4,1.0,0.0014104045084947932,0.0011977702334163677,0.0012149411671218066,0.0018441345045420955,6.406032074583639E-4,3.646704761126268E-4,0.0010357780799961237,0.0028451099396011367,7.721171352359298E-4,0.01720712346307868,0.001345295190333722,0.0019594325222420197,0.002340083642039401,0.004249817099636506,0.001406324884351147,5.963387972926777E-4,0.0013338752444996373,0.0012720593996723597,0.0016172482688491167,0.0022049971398118585,2.2861673522941742E-4,0.0015598557402592209,0.008684424167492093],[4.046127377994671E-4,7.958317647631974E-4,0.0011630671707045302,9.564765929776633E-4,4.976611778911641E-4,0.001238803890515045,7.551605065723035E-4,1.395887437057602E-4,0.0016541361164653793,0.006677504134668628,3.7108674043535703E-4,3.597788003104564E-4,0.07237698483794183,0.0015312447836929384,0.01842129308812193,0.0016260649122439015,0.0010676764420863207,7.028696710213633E-4,0.0014104045084947932,1.0,8.943566992996473E-4,3.349841572476817E-4,0.002361231332919511,6.84149698733768E-4,9.553214563621994E-4,7.222361984581219E-4,0.002634748857275962,5.668324402063122E-4,0.007693606220576275,4.4908759464748195E-4,0.0021486927822284,0.0018207323170106233,0.0014879410221416783,0.00134921582984894,7.376715866522503E-4,0.001071324435930015,6.350702463116318E-5,0.0013402618301128289,0.0015584136192675216,2.3651255725424858E-4,0.0013408919297807971,0.006861614824809127],[3.9792742880268586E-4,4.75956094600113E-4,6.917536385044421E-4,3.005843912711188E-4,3.788133418456095E-4,0.007856292162313136,3.400690801695675E-4,2.1386482674460214E-4,0.001070790011925006,0.002469936822475594,1.0678836571629404E-4,3.451868727611928E-4,0.015959230500007224,0.0013807832407869783,0.01649667945184108,0.00159569978355406,4.0002448060504964E-4,1.1784748324524598E-4,0.0011977702334163677,8.943566992996473E-4,1.0,1.0493609819421391E-4,0.0027441912254527697,3.483999075526678E-4,1.7696465522589182E-4,3.6559140924868086E-4,0.0024506282949629072,3.5962885775992994E-4,0.011703913887365643,3.234106242261259E-4,0.0014457144514815183,0.0011371005467743583,0.0011678893801706823,9.314490619328391E-4,2.612080285874517E-4,7.192553139712945E-4,1.4144565709475114E-4,8.930923770403577E-4,0.001104094275099218,3.2497808212276797E-4,0.0014710921562813269,0.00496067246082055],[1.6052677893003617E-5,4.5894023611574785E-4,8.630727304245891E-4,7.601008434274774E-5,1.3389163900500868E-4,0.007190787375623361,1.6345756556475467E-5,1.603803727521798E-5,0.002558889787143972,0.006799965918315911,1.720988603112447E-5,9.055867548481603E-5,0.03500170200334167,6.147291216190088E-4,0.00627506510042351,5.541263157635761E-4,2.0488721758764932E-4,1.5735848205212397E-5,0.0012149411671218066,3.349841572476817E-4,1.0493609819421391E-4,1.0,1.1041987829724235E-4,1.0468893903258365E-4,1.5798330008805832E-5,2.2923330217620262E-4,0.0011801959773611998,2.5342260683412614E-4,0.017481959640698458,1.4705677023776246E-5,1.1135306982131734E-4,0.0019890433318462838,2.1248690639933228E-4,0.001329737671387895,8.247367913800964E-5,2.8478398859342293E-4,2.0042811641523812E-5,3.4929442836830306E-5,2.754274583660051E-4,9.116005743301218E-5,3.591163182637909E-4,0.01098825802998481],[0.0013346648300345458,0.001975531298948804,0.0026056870745762278,0.0028404115580804184,3.164051683693604E-4,0.00438977230111943,0.0026970319511480244,4.1636647730347435E-4,0.0028090167536860182,0.005519029831658919,0.0022690155008338554,0.002048622407575316,0.05111577608782404,0.002801306851932876,0.011725900951754277,0.0018628576201480647,5.161661793869208E-4,4.593063266379519E-4,0.0018441345045420955,0.002361231332919511,0.0027441912254527697,1.1041987829724235E-4,1.0,0.0011029024014134199,7.254788402040174E-4,0.0010785214007374476,0.0030026621245371325,8.259830436942808E-4,0.00759115351441946,0.0025135379906171644,0.002908366376537975,0.0027895923483035787,0.0037651885389911235,0.002217341206662598,0.0023937854727323674,0.002535865912388033,7.480116218494159E-4,0.0026748505144856957,0.002647075013196247,0.0016022544226881956,0.002480027005836813,0.00409838716914571],[5.801869308963269E-5,2.5370601646120596E-4,3.7017847545285805E-4,1.1078943480890111E-4,1.5158708478372974E-4,0.003657440434655954,1.26714703371419E-4,9.67762526039968E-5,0.001849552533965554,0.007513648143556666,9.87736403911566E-5,1.5321731327314398E-4,0.04571618742394122,2.713089274852829E-4,0.007302701989948867,6.075679467824816E-4,3.5063530523902906E-4,3.820243230314304E-5,6.406032074583639E-4,6.84149698733768E-4,3.483999075526678E-4,1.0468893903258365E-4,0.0011029024014134199,1.0,6.591210956060525E-5,2.687691442878605E-4,0.0015440044700144458,2.637331566744974E-4,0.013129905055063508,1.1367107028652405E-4,0.0012054595610212293,0.0012283177712040213,0.003854221373989468,9.4553926787716E-4,1.652687425286449E-4,6.894227312595851E-4,4.694908435982117E-5,0.0010598152277768334,0.0017784065422373977,1.5833985159078987E-4,1.7035639907837566E-4,0.007680920779651692],[1.5156370494339579E-5,4.25800834547095E-4,4.952478302738801E-4,3.350839802654417E-5,2.6192387926411408E-5,0.010434623889766582,1.6047873772681356E-5,1.5734095272613002E-5,0.002707654431437337,4.338097310928557E-4,2.0949731878160295E-5,1.154469108689492E-4,0.060507820523373286,4.2412265013534864E-4,0.00758131401083953,8.394071694108349E-4,6.817335702686253E-5,1.4645768494504584E-5,3.646704761126268E-4,9.553214563621994E-4,1.7696465522589182E-4,1.5798330008805832E-5,7.254788402040174E-4,6.591210956060525E-5,1.0,2.8794935224373344E-4,8.358992173414278E-4,1.323699163802736E-4,0.015119450346877554,1.4117982134252777E-5,0.002511908991819607,4.4314630569400153E-4,0.0015966463955851193,8.32918872258586E-4,1.6424390896993017E-4,9.513269421488062E-5,2.6583613232489896E-5,4.959509291671666E-4,4.3153611335118206E-4,7.312873265660496E-5,0.0015727549358286032,0.010454178043058983],[2.4107179535843123E-4,4.4628938474156803E-4,9.89768966329999E-4,3.450963513358294E-4,2.13980888524097E-4,0.011356721584863902,2.5828608184264544E-4,1.0651540020586056E-4,0.0014844493417940996,0.0020925428369452754,3.921038183754693E-5,3.178264961473126E-4,0.0085876475755665,7.340852145407258E-4,0.014782879585696825,0.0010291967587572962,3.8440835394198773E-4,1.0850648907636295E-4,0.0010357780799961237,7.222361984581219E-4,3.6559140924868086E-4,2.2923330217620262E-4,0.0010785214007374476,2.687691442878605E-4,2.8794935224373344E-4,1.0,0.002462461807796465,3.4843722643652556E-4,0.011528941599209027,2.89023741235245E-5,0.0020846777809660245,0.0017353621702869179,6.937609420952334E-4,9.765085244374596E-4,2.068138934663433E-4,9.800157892063165E-4,3.0676038432658623E-4,0.001577099018518324,5.882152105405958E-4,1.9391904928119522E-4,5.29466310183601E-4,0.003849058686683009],[0.0010048802250583744,0.0030847964770514963,0.001667721720147132,0.003097071956563611,7.516572075539329E-4,0.004095792126363263,0.0010399874996616725,3.0515208132492373E-4,0.0028063040955343594,0.004227585945355287,0.0030987359070544,0.00136897521959083,0.0760713136607948,0.002848700929723432,0.004717262744943072,0.001981740844194041,0.0010440092195587458,0.002925459804156986,0.0028451099396011367,0.002634748857275962,0.0024506282949629072,0.0011801959773611998,0.0030026621245371325,0.0015440044700144458,8.358992173414278E-4,0.002462461807796465,1.0,0.0020726756324381357,0.0070400180505973105,0.002297813969149667,0.0035618396407612438,0.0025874477000484082,0.004261794275503326,0.0033508164771818578,0.0020524169736997177,0.0031755966386206656,0.001300844203768506,0.003547122210316885,0.002270956873921908,0.0016697889514015027,0.003351093057363778,0.005308190721500212],[2.79419162984608E-4,7.314786684550208E-4,0.0010503857414425489,1.9368403326644012E-4,3.285129315210994E-4,0.00661288158076737,2.5356871448648356E-4,1.368845576817184E-4,0.0016838187024967699,0.0035999313147299537,3.255489300267871E-4,3.180199665383772E-4,0.03486479073065276,9.926687605372195E-4,0.00419732678654444,0.0011446275727111672,3.858209815225344E-4,1.4768300043782278E-4,7.721171352359298E-4,5.668324402063122E-4,3.5962885775992994E-4,2.5342260683412614E-4,8.259830436942808E-4,2.637331566744974E-4,1.323699163802736E-4,3.4843722643652556E-4,0.0020726756324381357,1.0,0.0029468334041148053,1.396494617097972E-4,0.0022049431087223896,0.0021658635240119446,0.003975154944337325,8.588596635962745E-4,1.8828805286472838E-4,8.328761139387094E-4,3.2378544707306546E-4,0.0015014485657705594,6.94943891239496E-4,2.511042943841169E-4,9.981802214162469E-4,0.0026252339142208083],[0.006227305870183492,0.009488083315807187,0.007505806024065102,0.0017889582286618438,0.0028626526687629368,0.013968790577704731,3.3460732570097954E-4,0.014374768810229081,0.01593059400649195,0.015387670148109156,0.006605197008337889,0.01712910066692591,0.045705267219992546,0.0029172807866861186,0.018518518518518517,0.013895543025709523,0.015738484337655474,0.017680166022139742,0.01720712346307868,0.007693606220576275,0.011703913887365643,0.017481959640698458,0.00759115351441946,0.013129905055063508,0.015119450346877554,0.011528941599209027,0.0070400180505973105,0.0029468334041148053,1.0,0.003605403554359913,0.00550661206691836,0.007568890579803832,0.009880849148982952,0.005408892822720142,0.008986791431027135,0.006180722610665639,0.002349013795502072,0.008725227429457812,0.003948726283732257,0.017495192592919553,0.013038747026129968,0.012527587908613132],[1.4687220248129962E-5,4.096972860021094E-4,0.0012212234468050314,8.246142251323417E-5,2.392978203537953E-5,0.002238229684191812,1.6199459339816792E-5,1.488021856609755E-5,0.002445405407605216,0.003732497740999,2.386147774771961E-5,2.2160813255692496E-5,0.026935102828509416,9.064086990173219E-4,0.013623368167309791,0.0011473356258502531,3.1759899199989086E-4,1.4000147767621657E-5,0.001345295190333722,4.4908759464748195E-4,3.234106242261259E-4,1.4705677023776246E-5,0.0025135379906171644,1.1367107028652405E-4,1.4117982134252777E-5,2.89023741235245E-5,0.002297813969149667,1.396494617097972E-4,0.003605403554359913,1.0,4.7263820605595127E-4,0.0015592653362233432,2.271342285506243E-4,1.5231539374860166E-4,1.5057572734707772E-5,3.0422215124372955E-4,2.465875469825452E-5,3.117799897003654E-4,5.365190865822807E-4,1.291286512938078E-4,0.001559881996702736,0.006519599984471086],[0.0012881057650641372,0.0026257545770651987,0.0032037498055458268,0.0010741626943214008,7.96209919408269E-4,0.010282920929318472,0.0012523769670005104,8.533514828493098E-4,0.0028744334938668875,0.004763916282071936,1.257042764818858E-4,0.002549477015429287,0.07661707559542616,0.0030859697963338912,0.003385341821345339,0.0031638924973357184,7.365749108485377E-4,1.7791073507395275E-4,0.0019594325222420197,0.0021486927822284,0.0014457144514815183,1.1135306982131734E-4,0.002908366376537975,0.0012054595610212293,0.002511908991819607,0.0020846777809660245,0.0035618396407612438,0.0022049431087223896,0.00550661206691836,4.7263820605595127E-4,1.0,0.0025783409390339406,0.004230620052571062,0.0031643856314377628,0.002740353117643296,0.0013395988257528836,4.118157727669129E-4,0.00228844032316656,0.0026649655639742996,0.001927174839512155,0.0022747419549176058,0.0069618741656827104],[0.0015988411115035407,0.0012091124663162528,0.0016264455380018176,4.5398152118529046E-4,0.0013069155489794616,0.004875377810890938,1.4553557957107909E-4,0.0014332618013219599,0.002571912802941269,0.002795191019755658,0.0012338756038263463,8.471335712593494E-4,0.011593964209927053,0.00162970170058856,0.0070590000232339765,0.0016833108516001818,0.0020925849059278932,0.0024112416889177863,0.002340083642039401,0.0018207323170106233,0.0011371005467743583,0.0019890433318462838,0.0027895923483035787,0.0012283177712040213,4.4314630569400153E-4,0.0017353621702869179,0.0025874477000484082,0.0021658635240119446,0.007568890579803832,0.0015592653362233432,0.0025783409390339406,1.0,0.0039829734873125236,0.002172475467025366,6.282553381000615E-4,0.0015021329078729743,3.3895953083167376E-4,0.0020296637491610666,0.0023621626279844428,0.0014418611090606668,0.0020557048539948755,0.006896499817640619],[0.003460489853642538,0.0012406584038959635,0.0021832709162459287,0.0011379366607480608,0.0015511191712551439,0.006504545661590291,9.183905920963011E-4,0.0030443268426428955,0.003003833394207636,0.007528879114826448,0.0029137809266242803,0.0017747955739857606,0.04755913709770019,0.004290091984625607,0.01796178265645776,0.0022777166059489715,0.0015932578846354817,0.0017892655234734935,0.004249817099636506,0.0014879410221416783,0.0011678893801706823,2.1248690639933228E-4,0.0037651885389911235,0.003854221373989468,0.0015966463955851193,6.937609420952334E-4,0.004261794275503326,0.003975154944337325,0.009880849148982952,2.271342285506243E-4,0.004230620052571062,0.0039829734873125236,1.0,0.002699799879736906,0.0038628742134386982,0.0041202980759102465,0.003941271298727469,0.0025010404284978743,0.003375575782330189,0.001625562847982121,0.0016778115975627,0.005883513131967858],[2.3368927985863657E-4,0.001002568911463123,0.001419821865503879,1.7265583965597243E-4,6.997544002865152E-4,0.009005672009703203,5.967995592817461E-4,0.0010381494866766564,0.002168506601375841,0.00448388695886434,2.3739981056800216E-4,0.0010927594148478893,0.01590098797540318,0.0014333199331314898,0.013482730166870639,0.0014078144040116916,0.0012215363246607474,1.5088361881258037E-4,0.001406324884351147,0.00134921582984894,9.314490619328391E-4,0.001329737671387895,0.002217341206662598,9.4553926787716E-4,8.32918872258586E-4,9.765085244374596E-4,0.0033508164771818578,8.588596635962745E-4,0.005408892822720142,1.5231539374860166E-4,0.0031643856314377628,0.002172475467025366,0.002699799879736906,1.0,6.834905670883291E-4,0.0010438757689239127,1.6090081097199557E-4,0.0014636636500153133,0.001481645830122124,2.758333145634128E-4,0.001488875161174617,0.008842212847823392],[3.183104588266107E-5,2.1556878172610317E-4,3.7772408371650255E-4,9.80786245459111E-5,1.5236669431453314E-4,0.004346307978261479,2.945306274818585E-5,3.5197169902748956E-5,0.0010828782257924954,0.00687982458555147,1.4628905596393647E-4,1.622972607953815E-4,0.03883517634627535,0.0014876465016316607,0.00972176830678272,4.506344987224E-4,2.467716961583711E-4,1.3146945630209935E-4,5.963387972926777E-4,7.376715866522503E-4,2.612080285874517E-4,8.247367913800964E-5,0.0023937854727323674,1.652687425286449E-4,1.6424390896993017E-4,2.068138934663433E-4,0.0020524169736997177,1.8828805286472838E-4,0.008986791431027135,1.5057572734707772E-5,0.002740353117643296,6.282553381000615E-4,0.0038628742134386982,6.834905670883291E-4,1.0,9.829680547206576E-4,7.910096504824657E-5,0.0010565390963968662,3.5220207001992E-4,1.671240019968573E-4,0.001270017019343196,0.006840866152957683],[9.959454020904842E-4,0.001015035908107471,0.0015027833225909606,5.780487507336641E-4,7.05538457887951E-4,0.0018085350162854361,9.837907331852309E-4,3.742444066377178E-4,0.0027154112432381406,0.007342881663655569,8.622564060664803E-4,7.101147838618786E-4,0.05516082555931811,0.0012307357275229077,0.013758790466947318,0.0014929994180118142,7.049131413256121E-4,4.4524869878763965E-4,0.0013338752444996373,0.001071324435930015,7.192553139712945E-4,2.8478398859342293E-4,0.002535865912388033,6.894227312595851E-4,9.513269421488062E-5,9.800157892063165E-4,0.0031755966386206656,8.328761139387094E-4,0.006180722610665639,3.0422215124372955E-4,0.0013395988257528836,0.0015021329078729743,0.0041202980759102465,0.0010438757689239127,9.829680547206576E-4,1.0,8.938723791462283E-5,0.001575244662964331,0.0015315844947093027,2.9140621297776674E-4,0.0011140700565771323,0.0062435428890969735],[1.8691367634974503E-5,6.145970517573606E-4,9.158055221120685E-4,8.267541851558683E-5,2.761975336101093E-5,0.0015044233584822248,1.6563550486493046E-5,1.976132095531865E-5,0.0025368572152376268,0.003285144348973095,2.713759848854025E-5,5.2274744956157906E-5,0.054917898035618515,8.866122486436025E-4,0.01459555990967235,6.741573756523254E-4,2.259804208067995E-4,2.400488948564386E-5,0.0012720593996723597,6.350702463116318E-5,1.4144565709475114E-4,2.0042811641523812E-5,7.480116218494159E-4,4.694908435982117E-5,2.6583613232489896E-5,3.0676038432658623E-4,0.001300844203768506,3.2378544707306546E-4,0.002349013795502072,2.465875469825452E-5,4.118157727669129E-4,3.3895953083167376E-4,0.003941271298727469,1.6090081097199557E-4,7.910096504824657E-5,8.938723791462283E-5,1.0,3.0769554080332793E-4,0.002124136982332874,3.1510250310452095E-5,9.571895275906106E-4,0.010719575457703544],[4.967889659848116E-4,0.001057929157572675,0.0016170649599234657,9.00379085951423E-4,0.0011498162979286007,0.00764991790496816,9.381798882083849E-4,3.956981679747287E-5,0.002487357136215328,0.003406331068937828,5.29197933784294E-4,3.222962727925987E-4,0.061627630336483406,0.0016002808894505364,0.005240033891088559,0.0016420875444983307,0.0011985928370202047,7.712092374638411E-4,0.0016172482688491167,0.0013402618301128289,8.930923770403577E-4,3.4929442836830306E-5,0.0026748505144856957,0.0010598152277768334,4.959509291671666E-4,0.001577099018518324,0.003547122210316885,0.0015014485657705594,0.008725227429457812,3.117799897003654E-4,0.00228844032316656,0.0020296637491610666,0.0025010404284978743,0.0014636636500153133,0.0010565390963968662,0.001575244662964331,3.0769554080332793E-4,1.0,0.0021425321932379902,6.64161106508937E-4,0.001613034065756655,0.004070850954899094],[0.0020272888704142263,0.0017079700033667794,0.0018415154326789356,0.0012141279836726344,0.0015232043737725054,0.0028240077095934746,0.0021833453495339787,0.001780171724459705,0.002704568478221392,0.0042769574735260305,3.476115783837999E-5,7.703751072842832E-4,0.06299181291359177,0.002024077739488023,0.006325722071547616,0.0019414860160470416,0.001307172398511173,0.0013982275299735684,0.0022049971398118585,0.0015584136192675216,0.001104094275099218,2.754274583660051E-4,0.002647075013196247,0.0017784065422373977,4.3153611335118206E-4,5.882152105405958E-4,0.002270956873921908,6.94943891239496E-4,0.003948726283732257,5.365190865822807E-4,0.0026649655639742996,0.0023621626279844428,0.003375575782330189,0.001481645830122124,3.5220207001992E-4,0.0015315844947093027,0.002124136982332874,0.0021425321932379902,1.0,0.0019372562676732512,0.0017850725707937668,0.005442047116215342],[5.405502082323701E-5,6.756537930801269E-4,3.1353297190822864E-4,1.0212260133447522E-4,1.3695093994207783E-4,0.005382500298695155,2.122197072645336E-5,3.9366439210127756E-5,0.0021641770104256757,0.003215575414284862,2.743627407340529E-5,1.4206255560735693E-4,0.05235511642344459,4.5310940629305545E-4,0.015620753614558447,0.0010932384305574507,2.646432469044293E-4,7.820040789989111E-5,2.2861673522941742E-4,2.3651255725424858E-4,3.2497808212276797E-4,9.116005743301218E-5,0.0016022544226881956,1.5833985159078987E-4,7.312873265660496E-5,1.9391904928119522E-4,0.0016697889514015027,2.511042943841169E-4,0.017495192592919553,1.291286512938078E-4,0.001927174839512155,0.0014418611090606668,0.001625562847982121,2.758333145634128E-4,1.671240019968573E-4,2.9140621297776674E-4,3.1510250310452095E-5,6.64161106508937E-4,0.0019372562676732512,1.0,6.067704637619903E-4,0.011003206420180215],[0.0010126059274534682,0.001480063136079588,0.0015281150213691888,0.001322398754855066,0.0015276689188796113,0.011290204707133525,0.001359691065527497,4.32791350139713E-4,0.002170606293801394,0.004772542380525517,6.85810071356198E-4,1.5808245668891033E-4,0.04647618697537922,0.0015882063379392497,0.004327070139615743,0.001577989590167148,0.0015302748138305924,8.053642353085629E-4,0.0015598557402592209,0.0013408919297807971,0.0014710921562813269,3.591163182637909E-4,0.002480027005836813,1.7035639907837566E-4,0.0015727549358286032,5.29466310183601E-4,0.003351093057363778,9.981802214162469E-4,0.013038747026129968,0.001559881996702736,0.0022747419549176058,0.0020557048539948755,0.0016778115975627,0.001488875161174617,0.001270017019343196,0.0011140700565771323,9.571895275906106E-4,0.001613034065756655,0.0017850725707937668,6.067704637619903E-4,1.0,0.0023405567809922263],[0.006756056414105371,0.0044547112269897405,0.0035581278198921736,0.005926433624012951,0.011556262318322992,0.01142810197234932,0.00766970166506967,0.002792800726831879,0.0031001399306218613,0.010645236554476283,0.003063693139130439,0.00695709185678546,0.043399718145205005,0.003639636725223722,0.015916592816732664,0.008536133719329358,0.003974955660915974,6.185708789792835E-4,0.008684424167492093,0.006861614824809127,0.00496067246082055,0.01098825802998481,0.00409838716914571,0.007680920779651692,0.010454178043058983,0.003849058686683009,0.005308190721500212,0.0026252339142208083,0.012527587908613132,0.006519599984471086,0.0069618741656827104,0.006896499817640619,0.005883513131967858,0.008842212847823392,0.006840866152957683,0.0062435428890969735,0.010719575457703544,0.004070850954899094,0.005442047116215342,0.011003206420180215,0.0023405567809922263,1.0]]