[[1.0,1.6261898596942157E-4,7.172561477631886E-5,2.6895309968853493E-4,0.0018186858582244399,1.8913239930872585E-4,1.5601153484740064E-4,1.9241254802941987E-4,0.0015945032104568136,0.002165826224170357,0.0019998452933692834,2.589323830503124E-4,3.6069118835821586E-4,1.7517973326618616E-4,5.789348855626331E-4,1.8449914862631159E-4,0.008803282762776293,0.0010914040694087557,2.2021348955328054E-4,4.6211511513050683E-4,3.311682130875122E-4,0.0013966954971869928,0.036466859752438935,2.1573708039646013E-4,5.769932482517873E-4,2.4355402787188996E-4,1.2374950345367926E-4,2.8073410042091257E-4,0.0019546094928389436,1.9045524953823948E-4,8.944396252511756E-4,2.857138341345106E-4,1.6093560608410667E-4,5.576583618589477E-4,2.1227932750135286E-4,2.6858354562671165E-4,1.6404254370822204E-4,1.3412908318809436E-4,0.0012684051037273058,1.32181436717614E-4,0.013509351578934885,2.2107793865838656E-4,1.5191390533406436E-4,2.548479133037793E-4,0.0035884901474857287,0.010488744603975706,0.001995794274604208],[1.6261898596942157E-4,1.0,8.589410121216516E-5,1.4338427100063633E-4,6.273374475659364E-4,6.659488951915687E-5,1.1125755693748396E-4,6.077087264841064E-5,0.0016332775100636112,4.074700626229424E-4,0.0061688268757115975,1.6258299505574538E-4,3.5742965502029433E-4,3.6315401539356365E-5,0.001068368994609185,3.5360531309783516E-5,0.009664174333222126,6.899279180682272E-4,1.4045066341274385E-4,5.13481259145486E-4,0.0011973146211839902,0.002056679471221576,0.024091445141452016,1.0899470468400938E-4,4.944286508696067E-4,3.6735301253576616E-5,1.6631632731439336E-5,1.7559466798591338E-4,9.717234491047438E-4,1.3743252261799342E-4,1.921742213424255E-4,3.2563751963422566E-4,6.551505628692182E-5,0.0013592323553547525,1.0657754679011094E-4,2.2267819843517904E-4,1.2910455574218985E-4,1.173854894585169E-4,1.8159272604224494E-4,1.0762604629033366E-4,0.0035603822038834136,1.1329198292858114E-4,9.603347991417404E-5,1.028387669112354E-4,0.005001219516263872,0.001017377529087825,3.605291365402385E-4],[7.172561477631886E-5,8.589410121216516E-5,1.0,6.534745806729228E-5,0.0029316098012451457,2.703806615138864E-5,9.714461053895028E-5,5.1210558491352705E-5,3.039465578270008E-4,2.4464396058569894E-4,0.005261130817044036,1.3590695654683665E-4,1.261944046613238E-4,1.4674400092940863E-5,0.001071450170999285,1.196271529218089E-5,0.004240325708800914,4.2723510702335994E-4,6.678768522507903E-5,7.566708355983931E-5,0.0011088133818334235,0.003925810324274614,0.024925798508267184,4.7697499506269234E-5,6.953587340640409E-4,2.1029461373086117E-5,1.0700356726441403E-5,2.0013883479909187E-4,0.0018047229267079024,5.339718664938735E-5,3.9109946873552224E-4,2.356197399866574E-4,1.3364605771128901E-5,4.2996169132694096E-5,2.7196595613443198E-5,8.262318301875267E-5,9.245624796209264E-5,4.326742786124996E-5,8.652734014545756E-4,1.0564208862557625E-4,0.00836497673773064,5.9983034588815934E-5,1.0463306188471427E-5,7.392525159520288E-5,0.01452715684309142,0.0037122220641912754,0.0024691031856637086],[2.6895309968853493E-4,1.4338427100063633E-4,6.534745806729228E-5,1.0,0.0017381260456712014,1.3505410927224524E-4,1.7057914263354134E-4,2.2078701571891482E-4,0.0010054624953650618,3.417253496890886E-4,0.011882663116768735,2.2614512811473336E-4,2.572855151536644E-4,2.1141242244889126E-4,5.390497239089115E-4,3.1505186015316984E-5,0.01290033860948588,9.861440286481093E-4,1.4578738574970806E-4,4.0571619134754336E-4,0.0010387089352414261,0.004342300862558932,0.010010409413550286,1.6304966762306454E-4,3.970629018428519E-4,1.1523033202993665E-4,6.793028465717847E-5,2.216341842116914E-4,0.001137586986285351,1.953191369948995E-4,7.130163449350585E-4,2.857183111733774E-4,1.7858171445226775E-4,0.0017849803292836616,2.0615805999337503E-4,2.2729670967017165E-4,2.0994633368249404E-4,1.665384955998726E-4,0.0011741010283100092,1.791884310085298E-4,0.012495114523240126,1.5857531787520846E-4,7.192921885940766E-5,1.538168658211584E-4,0.0037040763073830025,0.007326043907095404,0.003880048856876305],[0.0018186858582244399,6.273374475659364E-4,0.0029316098012451457,0.0017381260456712014,1.0,0.0013505012479682855,0.002081316492045402,0.0015611577265645803,0.002925921270616902,0.0030094428283254644,0.0034662053317018387,0.0014718955277922207,5.971285108236229E-4,0.0027624791341377243,0.001602935048734759,9.213804284662373E-4,0.0052919986743731485,0.0024933123525459283,0.002617283676009415,0.002629361887548641,0.0016124254092177886,0.003760435144136243,0.0057819844741270965,2.8119029118617317E-4,0.0013071465235751428,0.001430350317689452,7.728206528318438E-4,3.7111574620153187E-4,0.0030464240288889245,3.1884370526188255E-4,0.0024983456482817424,4.976944014319898E-4,0.0017409318498565662,0.002344341545206617,5.345174687551549E-4,0.0024581569215694423,0.002290871677445569,0.002838255253325128,0.0016825723184834412,7.397028410764296E-4,0.015019383411618936,0.001604290818261208,0.0011748588498966149,0.001674264464571345,0.0178147138768035,0.008729593756780002,0.0038025774094093217],[1.8913239930872585E-4,6.659488951915687E-5,2.703806615138864E-5,1.3505410927224524E-4,0.0013505012479682855,1.0,1.0756738431033328E-4,3.996789886577817E-5,4.810905086619019E-4,0.0024496595711679253,0.002614159077806054,1.1729452687424736E-4,2.627174608899368E-4,2.7464421038671823E-5,6.238595397515615E-4,1.802195782452392E-5,0.0014596620548013852,9.649219581374574E-4,4.299294967242604E-5,2.210382356257649E-4,9.923825841030567E-4,0.001983443086437348,0.017515934755478735,5.4209544066454E-5,1.4326101626796364E-4,3.205528244447972E-5,2.277464598917795E-5,1.6656385112532625E-4,7.631448865734875E-4,5.489686857109631E-5,2.2303381939073314E-4,2.65342526950684E-4,2.6404596136703715E-5,0.001706260019090443,1.23867622174362E-4,2.036990392174258E-4,4.8005437708822616E-5,8.603476582954957E-5,4.2923222446877125E-4,3.697108173761719E-5,0.002520354585715024,5.200969223572185E-5,1.425257848466502E-5,8.988336772821481E-5,0.0251342193184279,0.016050801525956105,7.225625892513178E-4],[1.5601153484740064E-4,1.1125755693748396E-4,9.714461053895028E-5,1.7057914263354134E-4,0.002081316492045402,1.0756738431033328E-4,1.0,1.1589678333420137E-4,0.001327721509265265,0.0026783132292761405,0.0037780880164910266,2.1042690445501717E-4,2.883648310090985E-4,5.429052526522425E-5,0.0010384567640742497,6.0673134328335585E-5,0.01120407464311065,2.8285390110918717E-4,1.3674327946077601E-4,1.672842685111475E-4,1.6613775973899468E-4,9.189488195579438E-4,0.04323265538141372,1.229977500749733E-4,5.531734708894467E-4,9.640323578264692E-5,5.9707476033793455E-5,1.862584563272739E-4,0.002614943769690821,1.3354414024998297E-4,8.036346085240493E-4,1.263619183812802E-4,8.967538955695101E-5,6.185352257482039E-4,1.3962968237028498E-4,1.3191983681325317E-4,1.2781762698567232E-4,1.1979956700641813E-4,0.001331300499278425,1.2174613951741018E-4,0.008271587517488821,1.2503296069384502E-4,8.720908227805645E-5,1.2195065067491804E-4,0.014697479540607994,0.012384038731489697,7.319526370264911E-4],[1.9241254802941987E-4,6.077087264841064E-5,5.1210558491352705E-5,2.2078701571891482E-4,0.0015611577265645803,3.996789886577817E-5,1.1589678333420137E-4,1.0,1.5712180506751236E-4,0.0022169585893510265,0.0028057930075736097,1.2532761672360608E-4,3.0325811589646386E-4,3.1720617215045425E-5,6.88053030032965E-4,2.025881153740941E-5,0.014304457990798774,8.467993160522562E-4,1.1326122684921069E-4,2.856193782316155E-4,0.0012866101694321288,0.00339017058680997,0.010352222471890821,6.732873367343966E-5,5.898668625718682E-4,3.937240416084804E-5,5.404997459142668E-5,1.2367181958637045E-4,0.0025458446985379963,1.0521371069866088E-4,0.0010683193008618344,2.090025217853194E-4,4.587435060832382E-5,4.768911889390525E-4,9.493345361619499E-5,9.041288677441315E-5,8.794751954186824E-5,1.1341514367574015E-4,6.449072605460732E-4,9.380467655028503E-5,0.030122548624600336,1.0329146556979373E-4,1.582145826549569E-5,9.306915184118699E-5,0.013402865524690237,0.01695250911363505,0.004517002498799863],[0.0015945032104568136,0.0016332775100636112,3.039465578270008E-4,0.0010054624953650618,0.002925921270616902,4.810905086619019E-4,0.001327721509265265,1.5712180506751236E-4,1.0,0.0021737439090563342,0.005308044461736541,0.001934690765372047,5.172387319859661E-4,9.584312884425334E-4,0.001403944881300675,0.0016237448509073497,0.0020806375179212677,0.0017856003175398597,0.0015473853822085592,0.0018785153562827918,0.0015712259665517216,0.0025166110131446652,0.0062390061997759805,0.001597007078001149,0.0020169439899049776,0.0016967209523717215,9.754625630281302E-4,0.0012463974277113828,0.0024963567375380397,0.0015636106503030666,0.0019362466155507356,4.677953406281635E-4,0.0016638725695535116,0.002046172074053965,9.817623531012095E-4,0.0010782228488562771,0.0019798492135388672,8.895341279380445E-4,0.0015418025192692774,9.435672471928699E-4,0.007193678880421982,0.0012222597402523905,0.0015461429400985016,8.552253309727533E-4,0.005063905662187606,0.0021561137877640995,0.003608301944376272],[0.002165826224170357,4.074700626229424E-4,2.4464396058569894E-4,3.417253496890886E-4,0.0030094428283254644,0.0024496595711679253,0.0026783132292761405,0.0022169585893510265,0.0021737439090563342,1.0,0.007244437942287617,0.0010078503640585674,0.0016441657669594351,0.001000636395930656,0.002750183497731931,8.992871364005205E-4,0.007767527923067159,0.002417500529164851,6.915027507443927E-4,0.0019407409881206498,0.0028099391218416353,0.0032861976783888783,0.04143509176455105,0.0016773685798316372,0.0017740872982511973,0.0016212620642679953,0.002080505179508779,6.853981799038017E-4,0.0028823151997703724,0.0022161206183146137,0.0021019977701066286,0.0020503425547713458,0.0019579633371127995,0.0027558325607444567,0.001074129103286242,5.397060473235378E-4,0.0024134088891329926,0.0027991086804042098,0.0024359210483285354,0.002112298721018799,0.017251959807060232,0.002491232166604307,0.0016799249145745372,1.2550737169525331E-4,0.025036215004533402,0.004282637953652379,0.003692755838778899],[0.0019998452933692834,0.0061688268757115975,0.005261130817044036,0.011882663116768735,0.0034662053317018387,0.002614159077806054,0.0037780880164910266,0.0028057930075736097,0.005308044461736541,0.007244437942287617,1.0,0.0017509379606692331,0.00216190964453851,0.006384040768754446,0.006713596173390566,0.0026440840666702033,0.013157978714973165,0.0041857054985689375,0.008794714881341844,0.004813776918290416,0.008169713623346737,0.008897514354318797,0.03938301449810448,2.9175806298553387E-4,0.010151191851748615,0.0037468799184231074,0.006588527501347381,0.010352580032016712,0.004658800768912008,0.004728383563576658,0.0035807101643585597,0.0018800021813514044,0.007033258925581696,0.006558177480716041,0.01045506730609041,0.009449516889117196,0.010970975935826272,0.005721827700980578,0.002850050231592029,0.009433699259999791,0.02615808194322368,0.003422591431523938,0.004318847541991618,0.008737932098951025,0.01660359482182574,0.01567094059786941,0.006943538978806737],[2.589323830503124E-4,1.6258299505574538E-4,1.3590695654683665E-4,2.2614512811473336E-4,0.0014718955277922207,1.1729452687424736E-4,2.1042690445501717E-4,1.2532761672360608E-4,0.001934690765372047,0.0010078503640585674,0.0017509379606692331,1.0,2.4183190837133233E-4,1.948205511651605E-4,6.456985286311225E-4,1.7280284207256725E-4,0.008007503499643806,4.453004927709621E-4,1.903169866781236E-4,5.499009706556348E-4,5.677900987733477E-4,0.004739782060723302,0.021313636367938957,1.4228288887026386E-4,4.479712899927046E-4,1.8973324589855177E-4,1.8599890934292856E-4,2.225124275475442E-4,7.827787147175846E-4,1.6191422808233257E-4,4.15757721919222E-4,3.150831008749621E-4,1.3108223065256365E-4,0.0013479796101696982,2.0503765711642186E-4,2.3778482585896333E-4,1.768457363551169E-4,2.2780827715029655E-4,8.901784686393791E-4,1.258905238233384E-4,0.02214346954088447,1.8259287598444636E-4,4.218637771248387E-5,1.2525378720630495E-4,0.009738997015310846,0.0025580649593813583,7.926257267011213E-4],[3.6069118835821586E-4,3.5742965502029433E-4,1.261944046613238E-4,2.572855151536644E-4,5.971285108236229E-4,2.627174608899368E-4,2.883648310090985E-4,3.0325811589646386E-4,5.172387319859661E-4,0.0016441657669594351,0.00216190964453851,2.4183190837133233E-4,1.0,1.9450494817348959E-4,7.149507039483571E-4,3.1628859380384173E-4,0.013868747666721007,5.445901254938105E-4,3.250567325868681E-4,5.4290320971255E-4,8.774908982514958E-4,0.0037794228335928347,0.0110167470291409,3.4970935074183225E-4,8.921051263947612E-4,3.683699362384751E-4,2.2560589323412152E-4,3.4126124535028E-4,8.883666474995664E-4,2.66948038626516E-4,5.771722429279067E-4,3.642117408045644E-4,4.946079139853761E-5,0.0012087557416419366,3.0942424154729853E-4,2.7890039775480647E-4,3.713682722682277E-4,1.949907277661203E-4,9.895749495028043E-4,2.228007376328612E-4,0.012714265830155511,1.893300168907725E-4,2.9686137271485143E-4,3.188895966065391E-4,0.018934910086419378,0.00597029502261425,0.003556298542642408],[1.7517973326618616E-4,3.6315401539356365E-5,1.4674400092940863E-5,2.1141242244889126E-4,0.0027624791341377243,2.7464421038671823E-5,5.429052526522425E-5,3.1720617215045425E-5,9.584312884425334E-4,0.001000636395930656,0.006384040768754446,1.948205511651605E-4,1.9450494817348959E-4,1.0,8.010042228166516E-4,2.3439765706227438E-5,0.013616662707073252,3.688203031924345E-4,1.2596035887973178E-4,2.73711261509513E-4,9.69702228936427E-4,0.003561876710384167,0.008431325950880603,4.9636495636249176E-5,4.4687939474798713E-4,2.9972276942480925E-5,1.8046627962717E-5,1.3582601428882655E-4,7.555583579751374E-4,9.529662704021037E-5,1.1767328960557395E-4,7.059875550441824E-5,1.6967053305814358E-5,0.0016850358493989868,1.4512495155219327E-4,9.721334088874222E-5,5.6160044792817544E-5,2.5833378062056113E-5,0.0011272982712361196,5.265209438391953E-5,0.020824455130694104,1.0901018757572515E-4,2.174424301628868E-5,9.858306187742773E-5,0.014413449568209958,0.013925415441527544,0.002545050948255747],[5.789348855626331E-4,0.001068368994609185,0.001071450170999285,5.390497239089115E-4,0.001602935048734759,6.238595397515615E-4,0.0010384567640742497,6.88053030032965E-4,0.001403944881300675,0.002750183497731931,0.006713596173390566,6.456985286311225E-4,7.149507039483571E-4,8.010042228166516E-4,1.0,2.9143106116928255E-5,0.00635973346678905,0.001168803004945146,3.2651151255269867E-4,7.059641458962871E-4,0.0013348857602125072,0.004567582743911464,0.030301797252524815,6.910990814378629E-4,0.0010965679563041402,0.001060795958203209,8.995783816873981E-4,3.9694006097027633E-4,0.002234478405744803,0.0010839392567771613,0.001650857658900697,7.272012932543673E-4,7.291874084350603E-4,0.001396759590230311,6.34881047301011E-4,8.426876586070328E-4,0.0011051844257332908,8.440116956106574E-4,0.0012236654699309382,8.977706217701681E-4,0.002361020040644373,0.0010110456443693959,4.235332564063888E-5,3.5170094669481616E-4,0.020617853068191826,0.016763877869159095,0.0031902994771800227],[1.8449914862631159E-4,3.5360531309783516E-5,1.196271529218089E-5,3.1505186015316984E-5,9.213804284662373E-4,1.802195782452392E-5,6.0673134328335585E-5,2.025881153740941E-5,0.0016237448509073497,8.992871364005205E-4,0.0026440840666702033,1.7280284207256725E-4,3.1628859380384173E-4,2.3439765706227438E-5,2.9143106116928255E-5,1.0,2.1349047036061666E-5,8.532136390001233E-5,1.2096466165694344E-4,1.027619201229685E-4,8.303650219581864E-4,0.0038834481095141762,0.036490185484905416,1.0130675101021564E-4,4.3399666361286347E-4,2.5082238162196448E-5,1.3782216289195893E-5,2.1499522856546774E-5,0.0026326634361461014,1.1660536413485593E-4,7.296886485297722E-4,2.431084073801163E-5,1.546183252101054E-5,5.151009739564255E-4,1.0587609226803607E-4,2.3884088311498387E-4,2.8310741125628605E-5,9.505778477966926E-5,3.784603696754539E-5,6.304954392651825E-5,0.025355044902476163,2.621674271895951E-5,1.2915336941416661E-5,7.623013762285321E-5,0.011286001578224004,0.010754414174189847,0.0014819028662493132],[0.008803282762776293,0.009664174333222126,0.004240325708800914,0.01290033860948588,0.0052919986743731485,0.0014596620548013852,0.01120407464311065,0.014304457990798774,0.0020806375179212677,0.007767527923067159,0.013157978714973165,0.008007503499643806,0.013868747666721007,0.013616662707073252,0.00635973346678905,2.1349047036061666E-5,1.0,0.006102002267516803,0.013479191261419023,0.00799641038901664,0.011696386489738883,0.006394378036788011,0.02857863245945247,0.003944459169877949,0.009609592960308071,0.003781531142603781,0.009123662509912804,0.013852214327383164,0.0039626222419039065,0.014678680405435407,0.008182129404545426,0.0034813545035445675,0.006987473440039537,0.005503358720257308,0.011281519323629308,0.00281760038039035,0.009694669630882712,0.015696844856775225,0.015953001455180776,0.0028669138040697305,0.026260978524546952,0.008510339221993212,0.0036650878352818927,0.00797783490935209,0.021669764999090076,0.01701531444152477,0.01421527131802717],[0.0010914040694087557,6.899279180682272E-4,4.2723510702335994E-4,9.861440286481093E-4,0.0024933123525459283,9.649219581374574E-4,2.8285390110918717E-4,8.467993160522562E-4,0.0017856003175398597,0.002417500529164851,0.0041857054985689375,4.453004927709621E-4,5.445901254938105E-4,3.688203031924345E-4,0.001168803004945146,8.532136390001233E-5,0.006102002267516803,1.0,9.77871924051453E-4,0.0010161457566380202,0.001510264059013185,0.0016071194462370976,0.04104120208904426,2.8522650640327947E-4,0.0011947607878368483,3.605439662761965E-5,3.266036494885934E-4,0.001218487893422597,0.0015691277452374282,5.861507897879642E-4,0.0014622183300571135,0.0010394049754341816,0.0013897219296850937,0.0016508722085949055,4.841472636064615E-4,3.437448892148553E-4,0.00131417091279549,0.0011501652948336992,0.0014296727383339917,7.842843718637404E-4,0.02006566650007961,0.0012338477630557266,2.780499932399804E-4,6.505206405031059E-4,0.02727737279816913,0.009829538533010178,0.0019064038758482365],[2.2021348955328054E-4,1.4045066341274385E-4,6.678768522507903E-5,1.4578738574970806E-4,0.002617283676009415,4.299294967242604E-5,1.3674327946077601E-4,1.1326122684921069E-4,0.0015473853822085592,6.915027507443927E-4,0.008794714881341844,1.903169866781236E-4,3.250567325868681E-4,1.2596035887973178E-4,3.2651151255269867E-4,1.2096466165694344E-4,0.013479191261419023,9.77871924051453E-4,1.0,3.7438625520221357E-4,5.541816026310059E-4,6.67510143214716E-4,0.023860583090666892,1.2649411038358793E-4,4.6078118583564565E-4,3.358866763188386E-5,8.437602099399455E-5,1.6365265416316038E-4,0.002019109073887897,1.3832593906278827E-4,7.125022909104295E-4,3.2747244027275606E-4,7.140791090205854E-5,0.0016380432371946505,1.419847785429712E-4,2.2380718483751586E-4,1.3469028926960653E-4,1.301220711950242E-4,2.5907422421178074E-4,1.3243619122757971E-4,0.010210687368834837,1.3302042731235208E-4,1.1907928796250202E-4,1.1816801628093333E-4,0.02615485874292588,0.01016966728961914,0.0013684055482813388],[4.6211511513050683E-4,5.13481259145486E-4,7.566708355983931E-5,4.0571619134754336E-4,0.002629361887548641,2.210382356257649E-4,1.672842685111475E-4,2.856193782316155E-4,0.0018785153562827918,0.0019407409881206498,0.004813776918290416,5.499009706556348E-4,5.4290320971255E-4,2.73711261509513E-4,7.059641458962871E-4,1.027619201229685E-4,0.00799641038901664,0.0010161457566380202,3.7438625520221357E-4,1.0,0.001361758689884333,0.0011383784877583287,0.03660763085370452,1.9433445875985047E-4,9.21159179710176E-4,8.000852845599238E-5,1.109767912079835E-5,3.4327980917455423E-4,0.0016102205021334957,5.958419213154079E-4,0.0013859155541039465,5.10971731689503E-4,5.488143716321078E-4,0.0010109759926001118,2.306525384776188E-4,2.757507292912332E-4,4.347885758157785E-4,2.2846974371521888E-4,0.0013865636852052464,1.755197311116271E-4,0.01861671616809196,6.066107234508876E-4,5.1649766450496596E-5,4.836044248023951E-4,0.019249833639506376,0.008985647868670303,0.004359865115694369],[3.311682130875122E-4,0.0011973146211839902,0.0011088133818334235,0.0010387089352414261,0.0016124254092177886,9.923825841030567E-4,1.6613775973899468E-4,0.0012866101694321288,0.0015712259665517216,0.0028099391218416353,0.008169713623346737,5.677900987733477E-4,8.774908982514958E-4,9.69702228936427E-4,0.0013348857602125072,8.303650219581864E-4,0.011696386489738883,0.001510264059013185,5.541816026310059E-4,0.001361758689884333,1.0,0.0018547528479607792,0.02321742693772327,9.642799588058178E-4,0.0013351742057610293,6.17288981028826E-4,5.517915339355511E-5,0.0014961592192095363,0.0019885422240451364,6.068664073309694E-4,0.00167255980340967,0.0011450528482677197,0.0015124187931975556,0.0016371818720647717,9.355084145357026E-4,6.841925688875117E-4,7.044922408844821E-4,0.0010569408152806671,0.0014244912553462307,0.001226772682824429,0.018247631576258257,0.0011159971935289811,2.0525688624470893E-4,0.0013120523428940627,0.023119154766212728,0.0025779437093451352,0.004513673418813399],[0.0013966954971869928,0.002056679471221576,0.003925810324274614,0.004342300862558932,0.003760435144136243,0.001983443086437348,9.189488195579438E-4,0.00339017058680997,0.0025166110131446652,0.0032861976783888783,0.008897514354318797,0.004739782060723302,0.0037794228335928347,0.003561876710384167,0.004567582743911464,0.0038834481095141762,0.006394378036788011,0.0016071194462370976,6.67510143214716E-4,0.0011383784877583287,0.0018547528479607792,1.0,0.019074857567568774,0.0016775929626992442,0.0014142816090069125,0.004898700137542588,0.0013409970657763514,0.003497543778065232,0.003877847723787233,0.005270923534143152,0.0027232875060736435,0.0016534252480662733,0.0018025183352753664,0.005986971389565462,0.0011778884175746747,0.005446203349991835,0.0032774416739035895,0.0022834620242795423,0.004214353791207383,0.002216447078905909,0.021113041396124566,0.002339609049687604,2.1993141170723875E-4,4.812824648547968E-4,0.014829941732720843,0.01666930952668307,0.004695975976763373],[0.036466859752438935,0.024091445141452016,0.024925798508267184,0.010010409413550286,0.0057819844741270965,0.017515934755478735,0.04323265538141372,0.010352222471890821,0.0062390061997759805,0.04143509176455105,0.03938301449810448,0.021313636367938957,0.0110167470291409,0.008431325950880603,0.030301797252524815,0.036490185484905416,0.02857863245945247,0.04104120208904426,0.023860583090666892,0.03660763085370452,0.02321742693772327,0.019074857567568774,1.0,0.013005313006954558,0.03930942388274306,0.023489386884242125,0.038672954011143866,0.02963617824959316,0.03693326233574605,0.0036541429963600548,0.028130174677142232,0.02926072449830114,0.036654269934136424,0.026258567778014302,0.021389589722923184,0.006146161722077971,0.027400892885596526,0.026537260882673715,0.012277607690004017,0.004302701660084163,0.03593838150049623,0.005393302860858591,0.03674623888573986,0.03872541295619733,0.04542252036717361,0.04117590922346255,0.006523557289148698],[2.1573708039646013E-4,1.0899470468400938E-4,4.7697499506269234E-5,1.6304966762306454E-4,2.8119029118617317E-4,5.4209544066454E-5,1.229977500749733E-4,6.732873367343966E-5,0.001597007078001149,0.0016773685798316372,2.9175806298553387E-4,1.4228288887026386E-4,3.4970935074183225E-4,4.9636495636249176E-5,6.910990814378629E-4,1.0130675101021564E-4,0.003944459169877949,2.8522650640327947E-4,1.2649411038358793E-4,1.9433445875985047E-4,9.642799588058178E-4,0.0016775929626992442,0.013005313006954558,1.0,8.741088820962408E-4,1.0090479424745887E-4,6.868141514987608E-5,1.9287288772241383E-4,0.0013499744065632096,1.3150206021334118E-4,0.0011517021208014753,2.6832212659661257E-4,4.9623893375763573E-5,7.804347350293177E-4,1.201123492336864E-4,1.2476896221964726E-4,1.2622971094846874E-4,1.1934690283633855E-4,0.0012675191782425081,1.186148650444748E-4,0.026502158861165973,1.2239560213335752E-4,6.188057359445008E-5,1.1800193813584471E-4,0.018225469772599,0.005224463791781856,7.950772857708828E-4],[5.769932482517873E-4,4.944286508696067E-4,6.953587340640409E-4,3.970629018428519E-4,0.0013071465235751428,1.4326101626796364E-4,5.531734708894467E-4,5.898668625718682E-4,0.0020169439899049776,0.0017740872982511973,0.010151191851748615,4.479712899927046E-4,8.921051263947612E-4,4.4687939474798713E-4,0.0010965679563041402,4.3399666361286347E-4,0.009609592960308071,0.0011947607878368483,4.6078118583564565E-4,9.21159179710176E-4,0.0013351742057610293,0.0014142816090069125,0.03930942388274306,8.741088820962408E-4,1.0,4.3831117507534017E-4,4.153626877119445E-4,9.299458570909273E-4,0.002016059228358014,4.853654311793733E-4,0.0010601305073241086,9.934736423921511E-4,8.078581732521442E-4,0.0018444064159033008,9.421076340000924E-4,0.0010062390861142782,9.224363286624105E-4,8.613490360963303E-4,0.0011043952634097027,5.751254624108474E-4,0.0031925291605217516,9.942805402511524E-4,2.1697579025366934E-4,1.761302467217325E-4,0.011443392081616308,0.010937388289135427,0.0015024189252455784],[2.4355402787188996E-4,3.6735301253576616E-5,2.1029461373086117E-5,1.1523033202993665E-4,0.001430350317689452,3.205528244447972E-5,9.640323578264692E-5,3.937240416084804E-5,0.0016967209523717215,0.0016212620642679953,0.0037468799184231074,1.8973324589855177E-4,3.683699362384751E-4,2.9972276942480925E-5,0.001060795958203209,2.5082238162196448E-5,0.003781531142603781,3.605439662761965E-5,3.358866763188386E-5,8.000852845599238E-5,6.17288981028826E-4,0.004898700137542588,0.023489386884242125,1.0090479424745887E-4,4.3831117507534017E-4,1.0,2.9185220420834985E-5,1.9396547756603868E-4,0.0023078914568516722,5.7445877686284534E-5,7.266256549151137E-4,2.0688021830364523E-4,1.795448093997406E-5,0.001305134735253274,8.216088875544764E-5,1.96686430686081E-4,3.775009861305195E-5,1.1111730626842821E-4,0.001383037087637143,8.153345705775428E-5,0.009915443285155515,4.9808950290257015E-5,1.9759966854098646E-5,9.486650854951051E-5,0.024634619665481135,0.015934610135080372,0.0018306482586009879],[1.2374950345367926E-4,1.6631632731439336E-5,1.0700356726441403E-5,6.793028465717847E-5,7.728206528318438E-4,2.277464598917795E-5,5.9707476033793455E-5,5.404997459142668E-5,9.754625630281302E-4,0.002080505179508779,0.006588527501347381,1.8599890934292856E-4,2.2560589323412152E-4,1.8046627962717E-5,8.995783816873981E-4,1.3782216289195893E-5,0.009123662509912804,3.266036494885934E-4,8.437602099399455E-5,1.109767912079835E-5,5.517915339355511E-5,0.0013409970657763514,0.038672954011143866,6.868141514987608E-5,4.153626877119445E-4,2.9185220420834985E-5,1.0,2.041525213093194E-4,0.0010983792185010057,2.0875209255611224E-5,0.0010237124062428265,2.56008679948171E-4,1.529995147343582E-5,0.0017490616839376588,1.6005116083670996E-5,6.213571935125643E-5,6.952805155809899E-5,3.163323764303019E-5,7.982880644391927E-5,5.562166725948923E-5,5.457304006024514E-4,2.1077965786803885E-5,1.0605182886872404E-5,9.711204354764207E-5,0.0014487108779620403,0.015394757827274792,0.0017203118321632098],[2.8073410042091257E-4,1.7559466798591338E-4,2.0013883479909187E-4,2.216341842116914E-4,3.7111574620153187E-4,1.6656385112532625E-4,1.862584563272739E-4,1.2367181958637045E-4,0.0012463974277113828,6.853981799038017E-4,0.010352580032016712,2.225124275475442E-4,3.4126124535028E-4,1.3582601428882655E-4,3.9694006097027633E-4,2.1499522856546774E-5,0.013852214327383164,0.001218487893422597,1.6365265416316038E-4,3.4327980917455423E-4,0.0014961592192095363,0.003497543778065232,0.02963617824959316,1.9287288772241383E-4,9.299458570909273E-4,1.9396547756603868E-4,2.041525213093194E-4,1.0,0.0027670274582982384,1.707802616378221E-4,0.0016419885479373134,2.5702046937484265E-4,1.1670558501813513E-4,9.787375471095312E-4,1.8837270937339807E-4,2.3308358167107996E-4,1.566299612758298E-4,1.9995565956251293E-4,0.0013899226705887274,1.82526380543749E-4,0.022673255878162442,1.6318918095589003E-4,2.1986631834238293E-4,1.2757980677120096E-4,0.02743423751038088,0.010301952904330535,0.0013775933614104438],[0.0019546094928389436,9.717234491047438E-4,0.0018047229267079024,0.001137586986285351,0.0030464240288889245,7.631448865734875E-4,0.002614943769690821,0.0025458446985379963,0.0024963567375380397,0.0028823151997703724,0.004658800768912008,7.827787147175846E-4,8.883666474995664E-4,7.555583579751374E-4,0.002234478405744803,0.0026326634361461014,0.0039626222419039065,0.0015691277452374282,0.002019109073887897,0.0016102205021334957,0.0019885422240451364,0.003877847723787233,0.03693326233574605,0.0013499744065632096,0.002016059228358014,0.0023078914568516722,0.0010983792185010057,0.0027670274582982384,1.0,5.5893749453371E-4,0.001732808060365572,0.0015177855442008552,6.146814924689412E-4,0.0021068852160914067,0.002589867799466183,0.0016267685033187064,0.0019341596358713083,0.0028022017836111823,0.0018534479778027223,0.0022745450550814028,0.019558569628406883,0.0014983937943212262,0.0012349244602382057,4.1410422612905525E-4,0.02384409267569653,0.014424210810382265,0.0033779574327222426],[1.9045524953823948E-4,1.3743252261799342E-4,5.339718664938735E-5,1.953191369948995E-4,3.1884370526188255E-4,5.489686857109631E-5,1.3354414024998297E-4,1.0521371069866088E-4,0.0015636106503030666,0.0022161206183146137,0.004728383563576658,1.6191422808233257E-4,2.66948038626516E-4,9.529662704021037E-5,0.0010839392567771613,1.1660536413485593E-4,0.014678680405435407,5.861507897879642E-4,1.3832593906278827E-4,5.958419213154079E-4,6.068664073309694E-4,0.005270923534143152,0.0036541429963600548,1.3150206021334118E-4,4.853654311793733E-4,5.7445877686284534E-5,2.0875209255611224E-5,1.707802616378221E-4,5.5893749453371E-4,1.0,2.2036729838549433E-4,2.878361125759602E-4,1.0425889307733073E-4,0.0014104433567350475,1.3928395549327047E-4,2.0419357168532622E-4,1.3395566070906344E-4,1.3247708060424782E-4,2.734596043970264E-4,1.2683471381010866E-4,0.01492767624947795,1.3759555245000503E-4,3.0831622175163356E-5,1.168457976307404E-4,0.020456905199921938,0.004536716085880862,0.003577358625488597],[8.944396252511756E-4,1.921742213424255E-4,3.9109946873552224E-4,7.130163449350585E-4,0.0024983456482817424,2.2303381939073314E-4,8.036346085240493E-4,0.0010683193008618344,0.0019362466155507356,0.0021019977701066286,0.0035807101643585597,4.15757721919222E-4,5.771722429279067E-4,1.1767328960557395E-4,0.001650857658900697,7.296886485297722E-4,0.008182129404545426,0.0014622183300571135,7.125022909104295E-4,0.0013859155541039465,0.00167255980340967,0.0027232875060736435,0.028130174677142232,0.0011517021208014753,0.0010601305073241086,7.266256549151137E-4,0.0010237124062428265,0.0016419885479373134,0.001732808060365572,2.2036729838549433E-4,1.0,0.0015659904591215881,3.849389673422025E-4,0.0017808121769518018,0.0013467926225335827,0.001270237509732452,7.222873374984715E-4,1.595499758454292E-4,0.0016674796091045998,3.6061502161989744E-4,0.011491360458228498,5.947109257943005E-4,2.2711002354956512E-4,4.1586571005135416E-4,0.016396692593359786,0.003101842567258415,0.0038545249121668384],[2.857138341345106E-4,3.2563751963422566E-4,2.356197399866574E-4,2.857183111733774E-4,4.976944014319898E-4,2.65342526950684E-4,1.263619183812802E-4,2.090025217853194E-4,4.677953406281635E-4,0.0020503425547713458,0.0018800021813514044,3.150831008749621E-4,3.642117408045644E-4,7.059875550441824E-5,7.272012932543673E-4,2.431084073801163E-5,0.0034813545035445675,0.0010394049754341816,3.2747244027275606E-4,5.10971731689503E-4,0.0011450528482677197,0.0016534252480662733,0.02926072449830114,2.6832212659661257E-4,9.934736423921511E-4,2.0688021830364523E-4,2.56008679948171E-4,2.5702046937484265E-4,0.0015177855442008552,2.878361125759602E-4,0.0015659904591215881,1.0,2.1154372907393785E-4,0.001054628581944371,2.584738851175351E-4,3.087665133769822E-4,1.6307317838716072E-4,2.3511153119803747E-4,5.430540010796917E-4,2.716394115681546E-4,0.005925384318717893,2.519701501271461E-4,3.3497018725751876E-4,2.873761234643853E-4,0.001915706419308005,0.010062987717115035,0.002184788001179658],[1.6093560608410667E-4,6.551505628692182E-5,1.3364605771128901E-5,1.7858171445226775E-4,0.0017409318498565662,2.6404596136703715E-5,8.967538955695101E-5,4.587435060832382E-5,0.0016638725695535116,0.0019579633371127995,0.007033258925581696,1.3108223065256365E-4,4.946079139853761E-5,1.6967053305814358E-5,7.291874084350603E-4,1.546183252101054E-5,0.006987473440039537,0.0013897219296850937,7.140791090205854E-5,5.488143716321078E-4,0.0015124187931975556,0.0018025183352753664,0.036654269934136424,4.9623893375763573E-5,8.078581732521442E-4,1.795448093997406E-5,1.529995147343582E-5,1.1670558501813513E-4,6.146814924689412E-4,1.0425889307733073E-4,3.849389673422025E-4,2.1154372907393785E-4,1.0,0.0010856239271290094,8.952217618866885E-5,1.3632853206823757E-4,1.0779189323797972E-4,4.0067176943605175E-5,4.583937406254515E-4,4.8609008224914634E-5,0.017161936409958323,4.354501421620913E-5,1.060018811590409E-5,9.521707133152967E-5,0.014187857129145444,0.013768378808723444,0.004309457683827011],[5.576583618589477E-4,0.0013592323553547525,4.2996169132694096E-5,0.0017849803292836616,0.002344341545206617,0.001706260019090443,6.185352257482039E-4,4.768911889390525E-4,0.002046172074053965,0.0027558325607444567,0.006558177480716041,0.0013479796101696982,0.0012087557416419366,0.0016850358493989868,0.001396759590230311,5.151009739564255E-4,0.005503358720257308,0.0016508722085949055,0.0016380432371946505,0.0010109759926001118,0.0016371818720647717,0.005986971389565462,0.026258567778014302,7.804347350293177E-4,0.0018444064159033008,0.001305134735253274,0.0017490616839376588,9.787375471095312E-4,0.0021068852160914067,0.0014104433567350475,0.0017808121769518018,0.001054628581944371,0.0010856239271290094,1.0,3.663163071090217E-4,8.7128680383669E-4,2.0793938446908653E-4,0.0016839201739277739,0.0014430871668638112,0.001499079298250382,0.006374899309988978,0.0011463853135158352,0.0012486988802319562,0.0011438192386598895,0.005589709315441111,0.017341838489067743,0.0027359978947406015],[2.1227932750135286E-4,1.0657754679011094E-4,2.7196595613443198E-5,2.0615805999337503E-4,5.345174687551549E-4,1.23867622174362E-4,1.3962968237028498E-4,9.493345361619499E-5,9.817623531012095E-4,0.001074129103286242,0.01045506730609041,2.0503765711642186E-4,3.0942424154729853E-4,1.4512495155219327E-4,6.34881047301011E-4,1.0587609226803607E-4,0.011281519323629308,4.841472636064615E-4,1.419847785429712E-4,2.306525384776188E-4,9.355084145357026E-4,0.0011778884175746747,0.021389589722923184,1.201123492336864E-4,9.421076340000924E-4,8.216088875544764E-5,1.6005116083670996E-5,1.8837270937339807E-4,0.002589867799466183,1.3928395549327047E-4,0.0013467926225335827,2.584738851175351E-4,8.952217618866885E-5,3.663163071090217E-4,1.0,2.1280484538184572E-4,1.4587810582292733E-4,1.3619993953232882E-4,1.4820456752945483E-4,1.1657920669267602E-4,0.010123019640589426,1.3356416713116923E-4,5.423523788595789E-5,1.2251158332042273E-4,0.0033136915837120254,0.014366914850956553,0.0014441207215826492],[2.6858354562671165E-4,2.2267819843517904E-4,8.262318301875267E-5,2.2729670967017165E-4,0.0024581569215694423,2.036990392174258E-4,1.3191983681325317E-4,9.041288677441315E-5,0.0010782228488562771,5.397060473235378E-4,0.009449516889117196,2.3778482585896333E-4,2.7890039775480647E-4,9.721334088874222E-5,8.426876586070328E-4,2.3884088311498387E-4,0.00281760038039035,3.437448892148553E-4,2.2380718483751586E-4,2.757507292912332E-4,6.841925688875117E-4,0.005446203349991835,0.006146161722077971,1.2476896221964726E-4,0.0010062390861142782,1.96686430686081E-4,6.213571935125643E-5,2.3308358167107996E-4,0.0016267685033187064,2.0419357168532622E-4,0.001270237509732452,3.087665133769822E-4,1.3632853206823757E-4,8.7128680383669E-4,2.1280484538184572E-4,1.0,1.7973488319500278E-4,2.0145430808769115E-4,6.337984042272089E-4,2.3177362889956443E-4,0.014729427965087936,2.406695683041332E-4,8.968956804599115E-5,1.764027199541575E-4,0.025151665056387607,0.014593539889536496,0.003012576016811783],[1.6404254370822204E-4,1.2910455574218985E-4,9.245624796209264E-5,2.0994633368249404E-4,0.002290871677445569,4.8005437708822616E-5,1.2781762698567232E-4,8.794751954186824E-5,0.0019798492135388672,0.0024134088891329926,0.010970975935826272,1.768457363551169E-4,3.713682722682277E-4,5.6160044792817544E-5,0.0011051844257332908,2.8310741125628605E-5,0.009694669630882712,0.00131417091279549,1.3469028926960653E-4,4.347885758157785E-4,7.044922408844821E-4,0.0032774416739035895,0.027400892885596526,1.2622971094846874E-4,9.224363286624105E-4,3.775009861305195E-5,6.952805155809899E-5,1.566299612758298E-4,0.0019341596358713083,1.3395566070906344E-4,7.222873374984715E-4,1.6307317838716072E-4,1.0779189323797972E-4,2.0793938446908653E-4,1.4587810582292733E-4,1.7973488319500278E-4,1.0,1.2868255265511842E-4,0.0011186375006451259,1.216811786572958E-4,0.02715479912580326,1.2501022822887056E-4,5.863728158069645E-5,1.2495745890477397E-4,0.021347847177938396,0.004302959210047446,0.0018751709022723775],[1.3412908318809436E-4,1.173854894585169E-4,4.326742786124996E-5,1.665384955998726E-4,0.002838255253325128,8.603476582954957E-5,1.1979956700641813E-4,1.1341514367574015E-4,8.895341279380445E-4,0.0027991086804042098,0.005721827700980578,2.2780827715029655E-4,1.949907277661203E-4,2.5833378062056113E-5,8.440116956106574E-4,9.505778477966926E-5,0.015696844856775225,0.0011501652948336992,1.301220711950242E-4,2.2846974371521888E-4,0.0010569408152806671,0.0022834620242795423,0.026537260882673715,1.1934690283633855E-4,8.613490360963303E-4,1.1111730626842821E-4,3.163323764303019E-5,1.9995565956251293E-4,0.0028022017836111823,1.3247708060424782E-4,1.595499758454292E-4,2.3511153119803747E-4,4.0067176943605175E-5,0.0016839201739277739,1.3619993953232882E-4,2.0145430808769115E-4,1.2868255265511842E-4,1.0,0.0012260031862669763,1.1658216368704659E-4,0.021077427073570635,1.2347176098918318E-4,6.690705511770883E-5,1.175563639574657E-4,0.01874162377909752,8.556903955230102E-4,0.002002777726897384],[0.0012684051037273058,1.8159272604224494E-4,8.652734014545756E-4,0.0011741010283100092,0.0016825723184834412,4.2923222446877125E-4,0.001331300499278425,6.449072605460732E-4,0.0015418025192692774,0.0024359210483285354,0.002850050231592029,8.901784686393791E-4,9.895749495028043E-4,0.0011272982712361196,0.0012236654699309382,3.784603696754539E-5,0.015953001455180776,0.0014296727383339917,2.5907422421178074E-4,0.0013865636852052464,0.0014244912553462307,0.004214353791207383,0.012277607690004017,0.0012675191782425081,0.0011043952634097027,0.001383037087637143,7.982880644391927E-5,0.0013899226705887274,0.0018534479778027223,2.734596043970264E-4,0.0016674796091045998,5.430540010796917E-4,4.583937406254515E-4,0.0014430871668638112,1.4820456752945483E-4,6.337984042272089E-4,0.0011186375006451259,0.0012260031862669763,1.0,0.0013704375808310304,0.02757004189584783,5.544240597195539E-4,7.666570313654338E-4,8.156691083202173E-4,0.01284536296730563,0.016748338986305424,0.001554943065677361],[1.32181436717614E-4,1.0762604629033366E-4,1.0564208862557625E-4,1.791884310085298E-4,7.397028410764296E-4,3.697108173761719E-5,1.2174613951741018E-4,9.380467655028503E-5,9.435672471928699E-4,0.002112298721018799,0.009433699259999791,1.258905238233384E-4,2.228007376328612E-4,5.265209438391953E-5,8.977706217701681E-4,6.304954392651825E-5,0.0028669138040697305,7.842843718637404E-4,1.3243619122757971E-4,1.755197311116271E-4,0.001226772682824429,0.002216447078905909,0.004302701660084163,1.186148650444748E-4,5.751254624108474E-4,8.153345705775428E-5,5.562166725948923E-5,1.82526380543749E-4,0.0022745450550814028,1.2683471381010866E-4,3.6061502161989744E-4,2.716394115681546E-4,4.8609008224914634E-5,0.001499079298250382,1.1657920669267602E-4,2.3177362889956443E-4,1.216811786572958E-4,1.1658216368704659E-4,0.0013704375808310304,1.0,0.0068091741981864806,1.224153028353378E-4,5.959711842431887E-5,1.1522565764803216E-4,0.001108607925285151,0.008616543320302133,6.287833657031795E-4],[0.013509351578934885,0.0035603822038834136,0.00836497673773064,0.012495114523240126,0.015019383411618936,0.002520354585715024,0.008271587517488821,0.030122548624600336,0.007193678880421982,0.017251959807060232,0.02615808194322368,0.02214346954088447,0.012714265830155511,0.020824455130694104,0.002361020040644373,0.025355044902476163,0.026260978524546952,0.02006566650007961,0.010210687368834837,0.01861671616809196,0.0182476315762582