[[1.0,0.012474932730927188,0.016602915330540802,0.005411207382905593,0.003528445214485807,0.005784353348577776,0.0015034168278026865,0.0013294395599719713,0.012955793149935963,0.003601860475248216,0.0059649123312832675,0.015919664551884552,0.012133219502929959,0.002920781500609223,0.017029657607395447,0.011648243068439758,0.012665644577495328,0.012475690693407298,0.009385365424254461,0.013784522546526387,0.0014385039323455734,0.0032978125302669165,0.0013102975346279402,0.011867116177320402,0.01644444148832368,0.010900729230170157,0.009127862432695151,0.004826108679083036,0.009684241817970828,0.008446647084451964,0.009821264837636914,0.011108193903726861,0.0028813324474962886,0.01314949117200056,0.012415682291323914,0.004304381486178079,0.016170768113726718,0.007541515562586349,0.01667513710466991,0.010188669427338105,0.01102163237552018,0.005461691530888707,0.012608898773022393,0.022752876534642738,0.01638598918866392,0.016099711869728126,0.0010566328699619498],[0.012474932730927188,1.0,0.003653656329590976,0.0012077682865980635,0.0014657938746447854,8.393504778412218E-4,0.0014499040245539196,3.777198861810213E-4,0.002643067665769149,0.001254591711136663,0.0013230714458662325,0.007689569084926321,6.800665571009356E-4,0.0011995369585543576,0.00404420392226966,0.0014457086132491097,0.007775932939722234,0.001439985688006942,0.0016875330301330258,0.0013171425509493815,4.085421461664096E-4,9.267183043893624E-4,0.001254463246636021,2.6287827624991647E-4,0.0014668743744785141,0.0012880988867848804,0.0014135881501584054,0.0028767768695353918,4.495734685213138E-4,0.0017277170668801379,2.48222900381036E-4,0.001175280813136595,0.0012440809888635052,0.0013573642999428286,5.51173715157501E-4,7.679260240531562E-4,7.246497351398024E-4,0.002855399881054783,0.0011138111837177707,0.0013377797524162253,9.084770050453039E-4,5.740295915614678E-4,0.0016202056569253097,0.015013791849322906,0.0010787920089853785,0.00402994886047626,8.75932901965334E-4],[0.016602915330540802,0.003653656329590976,1.0,0.003493301114780671,0.0019017790094401417,0.001278954594157989,0.001718305728573875,7.810191762802685E-4,0.005272809252556918,0.0019593804797216154,0.0038583840168285415,0.00880697825003868,0.003616239463826581,0.0038544974715310925,0.0072044348731787,0.004144693484726503,0.007295112548151895,0.001340097594096735,0.002885585285260971,0.0035006902301410576,0.003731342566537474,0.003520384632772547,0.0027419280952936977,0.003595573224243558,0.003901052164814872,0.002484659179624438,0.002406417771861337,0.0038742059158183738,0.003632934316655726,0.0024008663993578326,0.004074125988047322,0.0017018587328938694,0.002512617737361943,0.002153446046556182,1.8051080830270818E-4,0.0014988820160139475,0.002813565480791561,0.004083762788955923,0.001210469944997143,0.0022462855143556143,0.0035809131745926192,0.003938950776896058,0.0031935129342395225,0.027431944074226545,3.900659852270842E-4,0.004235084633279325,0.002889892309673017],[0.005411207382905593,0.0012077682865980635,0.003493301114780671,1.0,0.0010901829411252937,8.728080025573329E-4,0.001269344512723674,6.660224595039287E-4,0.004616432431933812,0.0011177843779528224,0.0010201694945643125,0.013047336565237664,4.935743619534634E-4,0.0010172092566881315,0.001231221421084844,0.001171873195902664,0.009381063022186872,0.0011929954277632166,0.0017243421973030743,3.0479859055683087E-4,6.96661331897362E-4,8.720944844738223E-4,4.455772567949689E-4,1.9593558930708596E-4,0.0011171316917883225,7.570124752414617E-4,0.0010960429986438547,0.0023353292750315424,9.300435351988534E-4,0.0013194967408417977,6.11357594701949E-4,2.3792143890112257E-4,0.0011177758305646098,0.0011130817734372387,2.8637802257051614E-5,9.965703883459303E-4,0.0010150092691730353,0.0027470555469098195,0.0010767197514631745,0.0012074817181140546,3.2432946654847324E-4,4.31094610010447E-4,0.001539773859958736,0.025141874477620146,0.0010748687730578693,0.0033072631302474174,1.7847624325539614E-4],[0.003528445214485807,0.0014657938746447854,0.0019017790094401417,0.0010901829411252937,1.0,1.1664357106564359E-4,0.0011537985822790905,3.1592069068910197E-4,0.0011347764438281133,0.0011275061621251591,3.152320434641097E-4,0.00445218768178457,5.443476245022308E-4,6.113469447336522E-4,0.007842181188039915,0.0011067552573319718,0.005919737090318285,0.0011242164773788434,0.0013699217122300118,5.09190009297128E-4,9.71929280424082E-4,9.437970736539416E-4,5.484886735141659E-4,8.432936147273622E-4,0.0010469811424706384,5.764493888780024E-4,0.0010482185463104134,0.00292977631822737,4.701530346974729E-4,0.001104416057174333,2.6604809877294844E-4,5.37921340366553E-4,0.0010964305019883882,0.0010934300263866288,9.813333660080375E-4,6.133396236930512E-4,5.376515167413266E-4,0.00215356610988393,9.821365432039321E-4,0.0011402897412050971,9.369025723984879E-4,8.590223073998901E-4,0.0014606743368107918,0.010372831805985161,6.588971590239831E-4,0.0025377066634368443,7.79078703221953E-4],[0.005784353348577776,8.393504778412218E-4,0.001278954594157989,8.728080025573329E-4,1.1664357106564359E-4,1.0,9.632524312997434E-4,7.92756975038266E-5,0.0033938075476483216,5.247306580148758E-4,2.9776298525241457E-5,1.8879896944301605E-4,4.9508786834459635E-5,2.416837265868756E-4,0.0055758000353737566,0.0010607071720402333,0.003538198474332311,7.388793196359498E-4,6.699665991104299E-4,1.5363672485872354E-4,2.301990414415326E-4,6.129507404267661E-4,7.379992194280522E-5,1.833469704350682E-5,4.2347472086092625E-4,2.6818016577794984E-5,4.1472528703921603E-4,4.3365162590667904E-4,1.821981582693893E-5,0.0021697627862614487,5.5506999571443025E-5,9.076267490591822E-5,3.210358534403799E-4,4.949324791864757E-4,1.6859865406777366E-5,1.3507569425673502E-4,5.959159809543019E-5,9.568564915216837E-4,3.897138121800125E-5,2.512733439321483E-4,1.0215727992825396E-4,2.1318444169516238E-4,0.0016109695689473964,0.006899626666086897,1.0029539204615783E-4,0.0010720718481031233,7.579882108690833E-5],[0.0015034168278026865,0.0014499040245539196,0.001718305728573875,0.001269344512723674,0.0011537985822790905,9.632524312997434E-4,1.0,0.0010935892937777181,0.002172817400813664,0.001281154775648578,0.001157497734423951,0.002737907437017447,5.451727940557461E-4,0.0013161991202914822,0.008936061742631559,0.0013651300519539195,0.006162071809675892,0.0012452271660320327,0.0017081303105508303,0.0011928640849101805,4.140184277041392E-4,0.0010354244775702427,3.7431255712173917E-4,1.944852132002601E-4,0.0013953883180694731,7.765806930311785E-4,0.0013355027095707768,0.0031682899300127902,9.63379345785524E-4,0.0013566956648985446,4.7726665213701996E-4,1.554771194959062E-4,0.0012754775605166404,0.0012020345303703761,7.219136829567108E-4,4.616304852743384E-4,0.0011183087408476121,0.0023437857120797135,6.561941048102655E-4,0.0013297697271770603,0.0012855760635023547,8.202372040831768E-4,0.0017284291861133908,0.004417100787284165,5.838336684933002E-4,0.003719990296617139,8.79475725862166E-4],[0.0013294395599719713,3.777198861810213E-4,7.810191762802685E-4,6.660224595039287E-4,3.1592069068910197E-4,7.92756975038266E-5,0.0010935892937777181,1.0,0.006066692718322852,8.847706280196595E-4,1.8289890079490972E-4,0.008076053496847589,2.5847080432013253E-4,3.128614743154055E-4,0.0027251059404413197,0.0010815696917346675,0.0050442304442235835,6.332915846320362E-4,0.0014171305463597447,1.6008991407250557E-4,2.68208734701867E-4,4.905854100892652E-4,1.5420680004443217E-4,8.584975413805488E-5,4.90658601087095E-4,2.4306410231625356E-4,4.268712505602711E-4,8.931132639201178E-4,1.7751650545841456E-4,4.787545871207747E-4,1.3064252078587616E-4,1.0239594328989434E-4,9.845023862185371E-4,7.539313939466608E-4,1.7744776370119523E-4,1.8232627218840573E-4,1.7331665863182304E-4,0.002709160871570531,1.504474814618062E-4,7.648376483008626E-4,1.0808911758462544E-4,2.0142899080871426E-4,0.0011169725139670544,0.021754813936096816,1.5606791786530017E-4,0.0032791878714038022,1.044019283575273E-4],[0.012955793149935963,0.002643067665769149,0.005272809252556918,0.004616432431933812,0.0011347764438281133,0.0033938075476483216,0.002172817400813664,0.006066692718322852,1.0,0.0034806762293434854,0.0013030784602631117,0.012558035139322639,9.305850111546665E-4,0.004873736259475346,0.0077346429898831216,0.005404760033878048,0.00878168849374771,0.0030848173489709235,0.004535944108525684,0.002858949121689418,0.006285996284684118,0.004329240268467986,0.00653622117750021,0.006260442878775609,0.006002979369465012,0.002965731557293805,0.005561443404197074,0.005875501418428778,3.056382646777685E-4,0.002540762434503033,0.0030092797594098754,0.0013142070667268688,0.006249739110533708,0.005539370561036697,0.004468265140593816,6.92910379016223E-4,0.002619006872048514,0.005464967973624685,0.005642317878711803,0.002917570388054473,0.002503703342169145,5.770764543118511E-4,0.006068523997457509,0.017836239396322454,0.005217119424569558,0.005059403392491515,0.005640584075329625],[0.003601860475248216,0.001254591711136663,0.0019593804797216154,0.0011177843779528224,0.0011275061621251591,5.247306580148758E-4,0.001281154775648578,8.847706280196595E-4,0.0034806762293434854,1.0,0.0010632031253084075,0.0019825589158718173,6.06724801801057E-4,6.93886025329506E-4,0.00664978014511254,0.0013519953300891246,0.008402115048624035,0.0012115610793143005,0.001860481717372737,8.653807090382287E-4,3.8536999084940685E-4,0.0010485263643172226,0.001046877115167685,3.6499754029243014E-4,0.001219209112365394,5.928785158641535E-4,0.0010948775062377247,0.0027023339001300186,5.94743160171068E-4,0.00218282944679832,7.597903270399392E-4,9.156366662643377E-4,0.0011422256830997681,0.0011222901438687654,5.700027324311382E-4,3.25933141654242E-4,9.344622420601054E-4,0.0028520251273569325,9.609102373905747E-4,0.0011672105369305926,3.549280920903373E-4,4.1810834178208884E-4,0.0012838571156033388,0.021125312610374418,6.027566141514895E-4,0.0018255196266722246,2.756490300046283E-4],[0.0059649123312832675,0.0013230714458662325,0.0038583840168285415,0.0010201694945643125,3.152320434641097E-4,2.9776298525241457E-5,0.001157497734423951,1.8289890079490972E-4,0.0013030784602631117,0.0010632031253084075,1.0,6.101412253852372E-4,4.2818556447627115E-4,2.959048805063049E-4,0.008755106626438842,3.546201885113578E-4,0.004052052498793539,8.85369305794501E-4,0.0020206066032318454,2.037056545755131E-4,3.324851480692711E-4,3.382191914796422E-4,1.94462837891447E-4,6.89974117963267E-5,5.136916433521183E-4,2.716856534359781E-4,3.0840396493059507E-4,0.0017070935259576106,1.7999568557927173E-4,9.941849766325291E-4,9.829148022738074E-5,1.2322102416579175E-4,3.734694664587619E-4,2.8956505458094E-4,1.908208958398818E-5,2.3374396691273522E-4,1.9304089150978855E-4,0.0014138038929554478,1.936802626167067E-4,7.671679652130952E-4,1.974638808752942E-4,2.873262045241369E-4,0.0018172602487981783,0.009378095325658264,1.551913726108462E-4,0.0026912801965411695,2.4018342426508307E-4],[0.015919664551884552,0.007689569084926321,0.00880697825003868,0.013047336565237664,0.00445218768178457,1.8879896944301605E-4,0.002737907437017447,0.008076053496847589,0.012558035139322639,0.0019825589158718173,6.101412253852372E-4,1.0,0.005653507468945603,0.012311653840199306,0.01439052229627304,0.014519074706478381,0.013251416850484383,0.010587086320293804,0.012214873853736926,8.397101607657847E-4,0.013580349547065695,0.004058089614919386,0.0056216634089905505,0.010966045355603568,0.004869077516928645,0.0016264785400733946,0.005933240834559434,0.003489048932821634,0.0017306988476595044,0.012808728334524682,0.004596523917966435,0.010727982317807225,0.00368072553417991,0.013069054972574098,0.013565676760571107,8.264323724529445E-4,0.008734390157101018,0.005980900213914549,1.9004261569344728E-4,0.0027715078115544737,8.347151689915878E-4,0.013490676622653224,0.002412739229364849,0.027137703757199455,0.007850796550761865,0.015519690470339749,0.01135027470165887],[0.012133219502929959,6.800665571009356E-4,0.003616239463826581,4.935743619534634E-4,5.443476245022308E-4,4.9508786834459635E-5,5.451727940557461E-4,2.5847080432013253E-4,9.305850111546665E-4,6.06724801801057E-4,4.2818556447627115E-4,0.005653507468945603,1.0,4.4569512681927656E-4,0.003470458432989292,7.871675595509154E-4,0.0011389446865748135,7.132375154723382E-4,0.0013473235499150294,3.0612891788154754E-4,4.589852735973049E-4,5.970026751011894E-4,3.7471008236132056E-4,3.444224920556686E-4,0.001148066409731185,4.341990819705523E-4,5.723551002705521E-4,8.243859892964117E-4,3.454017628922197E-4,0.001764373756920027,2.1202226781016383E-4,4.780373559952976E-4,6.995057549331966E-4,5.903498377396086E-4,4.5632563244343133E-4,3.301302342291384E-4,2.9070763692653676E-4,0.00251940464596476,2.8514297889095153E-4,6.330157746033978E-4,3.8004405244575435E-4,4.400731790556023E-4,0.0012954395600736157,0.005717472303665011,3.204531647128061E-4,0.00315967154582587,2.506773548205403E-4],[0.002920781500609223,0.0011995369585543576,0.0038544974715310925,0.0010172092566881315,6.113469447336522E-4,2.416837265868756E-4,0.0013161991202914822,3.128614743154055E-4,0.004873736259475346,6.93886025329506E-4,2.959048805063049E-4,0.012311653840199306,4.4569512681927656E-4,1.0,0.007804807619276765,0.0011256869689038641,0.009514920253097364,3.672844313758681E-4,9.449360341293198E-4,1.9483687730907507E-4,3.5246554689174976E-4,3.577697753962378E-4,2.7977757623909327E-4,3.216701563603552E-4,3.631658884595531E-4,3.3134745116837356E-4,8.566657216130514E-4,0.001124466390622935,2.5466965639537323E-4,0.0014133381465095199,1.1644938660135084E-4,2.8800993073494066E-4,6.383265264144342E-4,7.303962261465866E-4,2.612292280206674E-4,2.903630437609902E-4,2.4225731795615008E-4,0.002116744591222354,2.209797981816183E-4,9.884410786776818E-4,2.2802244953779537E-4,3.0910012806757985E-4,0.0018671207763027678,0.022155549175719717,2.3713910890408712E-4,0.003902528229770433,2.4622628397921975E-4],[0.017029657607395447,0.00404420392226966,0.0072044348731787,0.001231221421084844,0.007842181188039915,0.0055758000353737566,0.008936061742631559,0.0027251059404413197,0.0077346429898831216,0.00664978014511254,0.008755106626438842,0.01439052229627304,0.003470458432989292,0.007804807619276765,1.0,0.005588059703725652,0.010394985100790394,0.007757046108731254,0.004145746187770901,0.006846998742014591,0.008619303421022477,0.00925910744482008,0.001957720030304783,0.004268290640231068,0.0045458592423413295,0.003893015038259607,0.001742331022485845,0.00870109949232906,0.006979636206006942,0.006694776751749501,0.00772072557905215,0.00627193645062978,0.0021381172280761406,0.007298161951046513,0.004758991966385601,0.007013364123227709,0.0031964843907342044,0.008673849443044342,0.005185835636016203,0.005688230304489224,0.005154697410907632,0.0057702457813572985,0.002620233792487911,0.010782854552048485,0.008249421962961672,0.00793089418543194,0.004859504348781703],[0.011648243068439758,0.0014457086132491097,0.004144693484726503,0.001171873195902664,0.0011067552573319718,0.0010607071720402333,0.0013651300519539195,0.0010815696917346675,0.005404760033878048,0.0013519953300891246,3.546201885113578E-4,0.014519074706478381,7.871675595509154E-4,0.0011256869689038641,0.005588059703725652,1.0,0.005787852884156555,0.0012548057706214283,0.001900084701816702,0.0012490218172431728,6.510086005630096E-4,8.16453624078046E-4,3.4930098858897395E-4,0.001181785485511887,0.0014119126761091172,4.3839091732606237E-4,0.0011082202570128097,0.003037072652698129,5.26972941212125E-4,0.0018719407736236123,3.9033893290826345E-4,0.0012080272392758198,0.0012465063593250138,0.0013419730356289828,9.336774144448423E-4,5.193660026169217E-4,6.775741436243675E-4,0.0028599912649811847,6.033337365892743E-4,0.0013947695247075406,3.9599402313793877E-4,0.0012791090956292676,0.0018076267033362047,0.02558136560738599,1.9554907988052683E-4,0.0016722084638139726,2.676613926628169E-4],[0.012665644577495328,0.007775932939722234,0.007295112548151895,0.009381063022186872,0.005919737090318285,0.003538198474332311,0.006162071809675892,0.0050442304442235835,0.00878168849374771,0.008402115048624035,0.004052052498793539,0.013251416850484383,0.0011389446865748135,0.009514920253097364,0.010394985100790394,0.005787852884156555,1.0,0.00297953352544763,0.002815618323212014,0.002653290640518484,0.007083259854693994,0.009963699116175551,0.003978137332619408,0.01092969208309639,0.01019679445253264,0.011262026030261519,0.001804291176741878,0.011413130287281227,0.001000991564390675,0.01161440661824599,6.857562843221002E-4,0.0037104594609393506,0.011057399539836907,0.0047622059547073985,0.0060425631842127335,3.79983634384848E-4,0.003829008679191985,0.004232729755514931,0.007040759872006532,0.010181272127698617,9.473285342122025E-4,0.007687047179649189,0.011245409304257091,0.025456505476294158,0.00717500464202973,0.006703584320152737,0.005746695993633874],[0.012475690693407298,0.001439985688006942,0.001340097594096735,0.0011929954277632166,0.0011242164773788434,7.388793196359498E-4,0.0012452271660320327,6.332915846320362E-4,0.0030848173489709235,0.0012115610793143005,8.85369305794501E-4,0.010587086320293804,7.132375154723382E-4,3.672844313758681E-4,0.007757046108731254,0.0012548057706214283,0.00297953352544763,1.0,0.001610704316401611,8.784114786901035E-4,0.0010350054885488777,7.729961408517575E-4,2.3300574736980314E-4,5.258925006202046E-4,0.0012475186483987967,7.327161551841983E-4,0.001143268650149102,0.002293170360017251,1.9387588934746043E-4,0.0015426099159686923,7.49482912458656E-4,9.218896092235851E-4,0.0011809075992474678,0.001153643029891491,8.432246258468166E-4,0.001236746773244766,8.638985200069076E-4,0.0013248457901979174,8.597758239745774E-4,0.00124026860666946,6.703916948241677E-4,6.886761509017135E-4,0.001313539077571481,0.022258585814582055,7.711561305628746E-4,0.003918997274836101,5.630228339126012E-4],[0.009385365424254461,0.0016875330301330258,0.002885585285260971,0.0017243421973030743,0.0013699217122300118,6.699665991104299E-4,0.0017081303105508303,0.0014171305463597447,0.004535944108525684,0.001860481717372737,0.0020206066032318454,0.012214873853736926,0.0013473235499150294,9.449360341293198E-4,0.004145746187770901,0.001900084701816702,0.002815618323212014,0.001610704316401611,1.0,2.4276716943627668E-4,6.524173894273276E-4,7.619899047261149E-4,3.8357792032833217E-4,4.4304050281776893E-4,0.0015690088374328873,0.001402098263843732,0.0016568474305458593,0.0022506432691970116,0.0013028151858576842,0.0022175843224687564,0.0020823937991081855,1.7517036738791468E-4,0.001311811493209907,0.0014317970764637488,0.0014169446341534473,0.0010897114173722732,0.0017765947424705736,0.0026990112571797288,7.295605557536299E-4,0.0019020781577484026,1.282201768523796E-4,0.0011016311813205246,0.0019860646617827116,0.024566232545858775,0.0013806742659575725,0.0031099658470518108,2.900520398024379E-4],[0.013784522546526387,0.0013171425509493815,0.0035006902301410576,3.0479859055683087E-4,5.09190009297128E-4,1.5363672485872354E-4,0.0011928640849101805,1.6008991407250557E-4,0.002858949121689418,8.653807090382287E-4,2.037056545755131E-4,8.397101607657847E-4,3.0612891788154754E-4,1.9483687730907507E-4,0.006846998742014591,0.0012490218172431728,0.002653290640518484,8.784114786901035E-4,2.4276716943627668E-4,1.0,2.2339678496127198E-4,6.213643878447989E-4,1.554832216349294E-4,1.1079908989782702E-4,7.346272010161648E-4,3.212217154792557E-4,7.656371025138765E-4,2.444835533746153E-4,8.600683470982027E-5,2.3871628890405377E-4,1.5627216727961063E-4,1.1280304884103167E-4,7.605360642874736E-4,6.907709411352885E-4,1.2611887989173208E-4,1.7540282811854809E-4,1.3352858657405333E-4,0.001553228818976309,1.3492838224976657E-4,3.374112350472973E-4,1.070808032718253E-4,2.600321569100921E-4,6.895739936029389E-4,0.024455091844262783,1.2436865899497767E-4,0.0016137335271725404,1.536649731860425E-4],[0.0014385039323455734,4.085421461664096E-4,0.003731342566537474,6.96661331897362E-4,9.71929280424082E-4,2.301990414415326E-4,4.140184277041392E-4,2.68208734701867E-4,0.006285996284684118,3.8536999084940685E-4,3.324851480692711E-4,0.013580349547065695,4.589852735973049E-4,3.5246554689174976E-4,0.008619303421022477,6.510086005630096E-4,0.007083259854693994,0.0010350054885488777,6.524173894273276E-4,2.2339678496127198E-4,1.0,4.3763075167694166E-4,1.7761305557878427E-4,9.770602523276911E-5,0.0012050923553252803,4.1124760196912825E-4,8.315864716621285E-4,6.423819421667358E-4,2.6845421921160357E-4,0.001280108066472718,9.438337606658055E-5,2.2338066475728255E-4,6.491390064282724E-4,8.873400037896874E-4,2.966664004076335E-4,2.1025542490159317E-4,2.395041752688225E-4,0.001168239317624517,3.318844250075183E-4,7.454217908971588E-4,1.3469139309732071E-4,3.472306667409011E-4,7.174077000619912E-4,0.013151510364509221,2.320642779659276E-4,0.0038715056375383168,2.496965927473816E-4],[0.0032978125302669165,9.267183043893624E-4,0.003520384632772547,8.720944844738223E-4,9.437970736539416E-4,6.129507404267661E-4,0.0010354244775702427,4.905854100892652E-4,0.004329240268467986,0.0010485263643172226,3.382191914796422E-4,0.004058089614919386,5.970026751011894E-4,3.577697753962378E-4,0.00925910744482008,8.16453624078046E-4,0.009963699116175551,7.729961408517575E-4,7.619899047261149E-4,6.213643878447989E-4,4.3763075167694166E-4,1.0,4.3065631341237924E-4,4.5835295036077676E-4,0.001194184135255977,4.615330395887452E-4,8.171192632315316E-4,0.002371876301714326,3.426381095290295E-4,0.0018956507116249482,2.0428142596176695E-4,5.701846904741804E-4,0.0010612724138024054,7.684563720145538E-4,3.8467147802297395E-5,4.5649989419893676E-4,6.392490662802276E-4,0.0018232835247480005,5.111153233983973E-4,8.002468903153401E-4,4.001035259710136E-4,6.031151871414456E-4,8.710521779373879E-4,0.00869368165160931,3.848143160067316E-4,0.0025717012830435,3.3127170520234564E-4],[0.0013102975346279402,0.001254463246636021,0.0027419280952936977,4.455772567949689E-4,5.484886735141659E-4,7.379992194280522E-5,3.7431255712173917E-4,1.5420680004443217E-4,0.00653622117750021,0.001046877115167685,1.94462837891447E-4,0.0056216634089905505,3.7471008236132056E-4,2.7977757623909327E-4,0.001957720030304783,3.4930098858897395E-4,0.003978137332619408,2.3300574736980314E-4,3.8357792032833217E-4,1.554832216349294E-4,1.7761305557878427E-4,4.3065631341237924E-4,1.0,6.450354829644629E-5,0.0010995034492824933,4.142053105993302E-4,5.482367574236765E-4,1.5084843127105763E-4,6.857098344717702E-5,5.880454125700053E-4,1.2823421053058094E-4,1.087829332478727E-4,0.0010633503382255236,3.918455169287582E-4,3.230683947178754E-5,1.8027570414930227E-4,1.3747481364704078E-4,0.001474495624145532,1.1432201643323081E-4,9.27893826082303E-4,1.1371422795297967E-4,2.250878225823093E-4,9.36228009767074E-4,0.013099904785134075,1.2892044268929584E-4,0.0036810509097572695,1.1500913423934174E-4],[0.011867116177320402,2.6287827624991647E-4,0.003595573224243558,1.9593558930708596E-4,8.432936147273622E-4,1.833469704350682E-5,1.944852132002601E-4,8.584975413805488E-5,0.006260442878775609,3.6499754029243014E-4,6.89974117963267E-5,0.010966045355603568,3.444224920556686E-4,3.216701563603552E-4,0.004268290640231068,0.001181785485511887,0.01092969208309639,5.258925006202046E-4,4.4304050281776893E-4,1.1079908989782702E-4,9.770602523276911E-5,4.5835295036077676E-4,6.450354829644629E-5,1.0,9.106125427486213E-5,1.4307222264175578E-4,1.160011466138965E-4,1.4442824970790037E-4,1.429358220296139E-5,0.0014351893529090604,3.3309446880438025E-5,6.168966012271028E-5,0.0010549583949671832,7.422545168560675E-4,1.6786065443293124E-5,1.3813875764124954E-4,7.797943667293291E-5,0.0027098971124137282,1.0260812339413713E-4,2.5181795725640017E-4,3.7699606038546135E-5,7.151745221032835E-5,9.59692244749259E-4,0.00865122254432661,4.23889959988186E-5,0.0019410321926078512,3.065139209480512E-5],[0.01644444148832368,0.0014668743744785141,0.003901052164814872,0.0011171316917883225,0.0010469811424706384,4.2347472086092625E-4,0.0013953883180694731,4.90658601087095E-4,0.006002979369465012,0.001219209112365394,5.136916433521183E-4,0.004869077516928645,0.001148066409731185,3.631658884595531E-4,0.0045458592423413295,0.0014119126761091172,0.01019679445253264,0.0012475186483987967,0.0015690088374328873,7.346272010161648E-4,0.0012050923553252803,0.001194184135255977,0.0010995034492824933,9.106125427486213E-5,1.0,4.642999478108503E-4,0.0011717647117761858,0.002480949953306042,0.0012368616855597443,0.0020013425046753854,0.0011259263090561927,6.045275441955377E-4,0.001190584870121795,0.0012872533914145916,2.575302581249364E-4,0.0010653850431893894,0.0012627445777188301,0.0022739658713181793,0.00112614529124392,0.001309413642194914,0.0010327125434156125,4.166846789214916E-4,0.0014380176767763602,0.01002022637930516,1.3888854486265672E-4,0.0035650254509434123,0.001272997862972352],[0.010900729230170157,0.0012880988867848804,0.002484659179624438,7.570124752414617E-4,5.764493888780024E-4,2.6818016577794984E-5,7.765806930311785E-4,2.4306410231625356E-4,0.002965731557293805,5.928785158641535E-4,2.716856534359781E-4,0.0016264785400733946,4.341990819705523E-4,3.3134745116837356E-4,0.003893015038259607,4.3839091732606237E-4,0.011262026030261519,7.327161551841983E-4,0.001402098263843732,3.212217154792557E-4,4.1124760196912825E-4,4.615330395887452E-4,4.142053105993302E-4,1.4307222264175578E-4,4.642999478108503E-4,1.0,9.699306390011003E-4,0.001582691229936994,5.1580708269483716E-5,0.0018825548633690256,4.2146970327735985E-4,1.232536259073181E-4,5.181462511830871E-4,0.0010128543980769203,4.0435116794853453E-4,2.613849150540161E-4,3.3291886901602947E-4,0.0018358160745777505,1.1879314162056206E-4,0.0010307000010677742,2.313237730040801E-4,4.162348749580883E-4,0.0017846615537611674,0.018959436735908056,1.7242884800923718E-4,7.052754940902154E-4,2.7037646361629625E-4],[0.009127862432695151,0.0014135881501584054,0.002406417771861337,0.0010960429986438547,0.0010482185463104134,4.1472528703921603E-4,0.0013355027095707768,4.268712505602711E-4,0.005561443404197074,0.0010948775062377247,3.0840396493059507E-4,0.005933240834559434,5.723551002705521E-4,8.566657216130514E-4,0.001742331022485845,0.0011082202570128097,0.001804291176741878,0.001143268650149102,0.0016568474305458593,7.656371025138765E-4,8.315864716621285E-4,8.171192632315316E-4,5.482367574236765E-4,1.160011466138965E-4,0.0011717647117761858,9.699306390011003E-4,1.0,0.002114371599432054,1.639029935221428E-4,0.001119160433258869,9.817469640461215E-4,2.1836633138237895E-4,0.0011128701012699431,0.0010905534870329513,0.0010641208432280104,4.2973129517157743E-4,6.12816292745997E-4,0.0028705110814619414,7.415179754548694E-4,0.0011558644616418273,8.448235749710004E-4,6.7127904132551E-4,0.0015788070392142024,0.012700397965720337,7.742359513573249E-4,0.0037364253326878216,9.981376583574812E-4],[0.004826108679083036,0.0028767768695353918,0.0038742059158183738,0.0023353292750315424,0.00292977631822737,4.3365162590667904E-4,0.0031682899300127902,8.931132639201178E-4,0.005875501418428778,0.0027023339001300186,0.0017070935259576106,0.003489048932821634,8.243859892964117E-4,0.001124466390622935,0.00870109949232906,0.003037072652698129,0.011413130287281227,0.002293170360017251,0.0022506432691970116,2.444835533746153E-4,6.423819421667358E-4,0.002371876301714326,1.5084843127105763E-4,1.4442824970790037E-4,0.002480949953306042,0.001582691229936994,0.002114371599432054,1.0,0.00305485160385994,0.0023108076411711793,0.0029362589900526637,0.0026636146980723746,0.0013533049225334542,0.0031672471336658932,4.8126983171515854E-4,0.003068495857308765,0.0011360038406275955,0.0032056156662368628,0.0024012420206468467,0.0024606384849441935,0.002330273346681962,0.0025562342159801865,0.0025623608391672965,0.029188421231681538,7.282427053823211E-4,0.003932147291372833,0.003064503029670031],[0.009684241817970828,4.495734685213138E-4,0.003632934316655726,9.300435351988534E-4,4.701530346974729E-4,1.821981582693893E-5,9.63379345785524E-4,1.7751650545841456E-4,3.056382646777685E-4,5.94743160171068E-4,1.7999568557927173E-4,0.0017306988476595044,3.454017628922197E-4,2.5466965639537323E-4,0.006979636206006942,5.26972941212125E-4,0.001000991564390675,1.9387588934746043E-4,0.0013028151858576842,8.600683470982027E-5,2.6845421921160357E-4,3.426381095290295E-4,6.857098344717702E-5,1.429358220296139E-5,0.0012368616855597443,5.1580708269483716E-5,1.639029935221428E-4,0.00305485160385994,1.0,5.540738885311508E-4,5.585001889427715E-5,8.705999794115415E-5,5.329656379154063E-4,2.4036376449405362E-4,1.346628581459583E-5,1.679522807502347E-4,4.5291109328893646E-5,0.0011608438844949852,2.6221754518359902E-5,4.401948728281513E-5,4.686249894691147E-5,2.5535410275361796E-4,6.142738815433877E-4,0.015343630777041622,2.409801328724876E-5,0.004491562548897115,8.260598226816192E-5],[0.008446647084451964,0.0017277170668801379,0.0024008663993578326,0.0013194967408417977,0.001104416057174333,0.0021697627862614487,0.0013566956648985446,4.787545871207747E-4,0.002540762434503033,0.00218282944679832,9.941849766325291E-4,0.012808728334524682,0.001764373756920027,0.0014133381465095199,0.006694776751749501,0.0018719407736236123,0.01161440661824599,0.0015426099159686923,0.0022175843224687564,2.3871628890405377E-4,0.001280108066472718,0.0018956507116249482,5.880454125700053E-4,0.0014351893529090604,0.0020013425046753854,0.0018825548633690256,0.001119160433258869,0.0023108076411711793,5.540738885311508E-4,1.0,0.0010733722107459027,0.0020041492771193446,0.0020091533877847727,0.0016990238169662776,0.0021424168761266125,0.0010880790716598886,0.0011404455963005716,0.0025640599380199114,0.0013886848120778698,0.001372336590802767,0.002075798376345884,6.442242030350381E-4,0.002179989018373631,0.004392117689677722,0.0018671081688095136,0.0038365712897683955,0.0018900525520628637],[0.009821264837636914,2.48222900381036E-4,0.004074125988047322,6.11357594701949E-4,2.6604809877294844E-4,5.5506999571443025E-5,4.7726665213701996E-4,1.3064252078587616E-4,0.0030092797594098754,7.597903270399392E-4,9.829148022738074E-5,0.004596523917966435,2.1202226781016383E-4,1.1644938660135084E-4,0.00772072557905215,3.9033893290826345E-4,6.857562843221002E-4,7.49482912458656E-4,0.0020823937991081855,1.5627216727961063E-4,9.438337606658055E-5,2.0428142596176695E-4,1.2823421053058094E-4,3.3309446880438025E-5,0.0011259263090561927,4.2146970327735985E-4,9.817469640461215E-4,0.0029362589900526637,5.585001889427715E-5,0.0010733722107459027,1.0,8.839716921513926E-5,3.9261765522128077E-4,3.2037395672173644E-4,3.2813852202730834E-5,1.4414547361631352E-4,8.499480537752412E-5,0.0014707696594008894,1.0313919134929557E-4,8.937901535521069E-5,9.928501158860896E-5,2.7775522964130887E-4,6.144730886562804E-4,0.003724165553347793,9.7020944656729E-5,0.003195457131190625,6.001965583776953E-5],[0.011108193903726861,0.001175280813136595,0.0017018587328938694,2.3792143890112257E-4,5.37921340366553E-4,9.076267490591822E-5,1.554771194959062E-4,1.0239594328989434E-4,0.0013142070667268688,9.156366662643377E-4,1.2322102416579175E-4,0.010727982317807225,4.780373559952976E-4,2.8800993073494066E-4,0.00627193645062978,0.0012080272392758198,0.0037104594609393506,9.218896092235851E-4,1.7517036738791468E-4,1.1280304884103167E-4,2.2338066475728255E-4,5.701846904741804E-4,1.087829332478727E-4,6.168966012271028E-5,6.045275441955377E-4,1.232536259073181E-4,2.1836633138237895E-4,0.0026636146980723746,8.705999794115415E-5,0.0020041492771193446,8.839716921513926E-5,1.0,5.219733958274627E-4,7.769266418578513E-4,3.604339507690149E-5,1.8765370710631938E-4,1.157468976158514E-4,2.809421876876786E-4,1.0506888077379587E-4,4.0232631505022554E-4,1.0451504137809587E-4,2.2318274767842245E-4,0.001786525511544551,2.547544610878935E-4,1.0462461003812156E-4,0.004317628261356044,1.0211598285301534E-4],[0.0028813324474962886,0.0012440809888635052,0.002512617737361943,0.0011177758305646098,0.0010964305019883882,3.210358534403799E-4,0.0012754775605166404,9.845023862185371E-4,0.006249739110533708,0.0011422256830997681,3.734694664587619E-4,0.00368072553417991,6.995057549331966E-4,6.383265264144342E-4,0.0021381172280761406,0.0012465063593250138,0.011057399539836907,0.0011809075992474678,0.001311811493209907,7.605360642874736E-4,6.491390064282724E-4,0.0010612724138024054,0.0010633503382255236,0.0010549583949671832,0.001190584870121795,5.181462511830871E-4,0.0011128701012699431,0.0013533049225334542,5.329656379154063E-4,0.0020091533877847727,3.9261765522128077E-4,5.219733958274627E-4,1.0,0.0011241172702909853,5.667268318560646E-4,4.1084911936808553E-4,0.001021821685446544,0.002496387417813227,5.048916086043073E-4,0.0011848817748283827,7.788381411190538E-4,6.092421615891215E-4,0.0014567785824164013,0.0031235246593543597,3.5695717205419514E-4,0.0013601354500762416,3.998665294702005E-4],[0.01314949117200056,0.0013573642999428286,0.002153446046556182,0.0011130817734372387,0.0010934300263866288,4.949324791864757E-4,0.0012020345303703761,7.539313939466608E-4,0.005539370561036697,0.0011222901438687654,2.8956505458094E-4,0.013069054972574098,5.903498377396086E-4,7.303962261465866E-4,0.007298161951046513,0.0013419730356289828,0.0047622059547073985,0.001153643029891491,0.0014317970764637488,6.907709411352885E-4,8.873400037896874E-4,7.684563720145538E-4,3.918455169287582E-4,7.422545168560675E-4,0.0012872533914145916,0.0010128543980769203,0.0010905534870329513,0.0031672471336658932,2.4036376449405362E-4,0.0016990238169662776,3.2037395672173644E-4,7.769266418578513E-4,0.0011241172702909853,1.0,9.806535903368518E-4,7.938638660780308E-4,0.0010509774969880903,0.0015867874529211495,4.958801598205641E-4,0.001194617900108011,4.215198532490248E-4,7.486105711239098E-4,0.0015261895815920712,0.026625283802087403,6.98835247747354E-4,0.0015306253176592282,6.629892827134494E-4],[0.012415682291323914,5.51173715157501E-4,1.8051080830270818E-4,2.8637802257051614E-5,9.813333660080375E-4,1.6859865406777366E-5,7.219136829567108E-4,1.7744776370119523E-4,0.004468265140593816,5.700027324311382E-4,1.908208958398818E-5,0.013565676760571107,4.5632563244343133E-4,2.612292280206674E-4,0.004758991966385601,9.336774144448423E-4,0.0060425631842127335,8.432246258468166E-4,0.0014169446341534473,1.2611887989173208E-4,2.966664004076335E-4,3.8467147802297395E-5,3.230683947178754E-5,1.6786065443293124E-5,2.575302581249364E-4,4.0435116794853453E-4,0.0010641208432280104,4.8126983171515854E-4,1.346628581459583E-5,0.0021424168761266125,3.2813852202730834E-5,3.604339507690149E-5,5.667268318560646E-4,9.806535903368518E-4,1.0,2.771753042371609E-5,7.848891281206953E-5,0.0015137374483366263,9.890877241885076E-5,9.858367633467486E-4,2.826443815491118E-5,9.880961082249077E-5,0.0010158498446384214,0.007144486980952164,5.853138022811947E-5,0.0010921798117496247,7.295165820302866E-5],[0.004304381486178079,7.679260240531562E-4,0.0014988820160139475,9.965703883459303E-4,6.133396236930512E-4,1.3507569425673502E-4,4.616304852743384E-4,1.8232627218840573E-4,6.92910379016223E-4,3.25933141654242E-4,2.3374396691273522E-4,8.264323724529445E-4,3.301302342291384E-4,2.903630437609902E-4,0.007013364123227709,5.193660026169217E-4,3.79983634384848E-4,0.001236746773244766,0.0010897114173722732,1.7540282811854809E-4,2.1025542490159317E-4,4.5649989419893676E-4,1.8027570414930227E-4,1.3813875764124954E-4,0.0010653850431893894,2.613849150540161E-4,4.2973129517157743E-4,0.003068495857308765,1.679522807502347E-4,0.0010880790716598886,1.4414547361631352E-4,1.8765370710631938E-4,4.1084911936808553E-4,7.938638660780308E-4,2.771753042371609E-5,1.0,1.8413052841918126E-4,0.0012059771157737276,1.7190707029259028E-4,8.472553672126763E-4,1.473911868212926E-4,2.8238279111971105E-4,0.0017826450902922984,3.404467849178678E-4,1.0880459191511105E-4,0.0024318432197496876,1.5128748618138557E-4],[0.016170768113726718,7.246497351398024E-4,0.002813565480791561,0.0010150092691730353,5.376515167413266E-4,5.959159809543019E-5,0.0011183087408476121,1.7331665863182304E-4,0.002619006872048514,9.344622420601054E-4,1.9304089150978855E-4,0.008734390157101018,2.9070763692653676E-4,2.4225731795615008E-4,0.0031964843907342044,6.775741436243675E-4,0.003829008679191985,8.638985200069076E-4,0.0017765947424705736,1.3352858657405333E-4,2.395041752688225E-4,6.392490662802276E-4,1.3747481364704078E-4,7.797943667293291E-5,0.0012627445777188301,3.3291886901602947E-4,6.12816292745997E-4,0.0011360038406275955,4.5291109328893646E-5,0.0011404455963005716,8.499480537752412E-5,1.157468976158514E-4,0.001021821685446544,0.0010509774969880903,7.848891281206953E-5,1.8413052841918126E-4,1.0,7.893315698865755E-4,1.1119535241051194E-4,9.010858763327887E-4,1.1538065795925939E-4,1.996100107493835E-4,0.0014327578908918458,0.026492943053526372,1.0935552644959193E-4,0.0025760574857155703,1.1247665038884159E-4],[0.007541515562586349,0.002855399881054783,0.004083762788955923,0.0027470555469098195,0.00215356610988393,9.568564915216837E-4,0.0023437857120797135,0.002709160871570531,0.005464967973624685,0.0028520251273569325,0.0014138038929554478,0.005980900213914549,0.00251940464596476,0.002116744591222354,0.008673849443044342,0.0028599912649811847,0.004232729755514931,0.0013248457901979174,0.0026990112571797288,0.001553228818976309,0.001168239317624517,0.0018232835247480005,0.001474495624145532,0.0027098971124137282,0.0022739658713181793,0.0018358160745777505,0.0028705110814619414,0.0032056156662368628,0.0011608438844949852,0.0025640599380199114,0.0014707696594008894,2.809421876876786E-4,0.002496387417813227,0.0015867874529211495,0.0015137374483366263,0.0012059771157737276,7.893315698865755E-4,1.0,0.0017235380479991018,0.00218652981639468,0.0020412589677653147,0.0016119590105597224,0.002358250806913436,0.018427019203376385,0.0031968891972588634,0.003610941535479268,1.5863118500004605E-4],[0.01667513710466991,0.0011138111837177707,0.001210469944997143,0.0010767197514631745,9.821365432039321E-4,3.897138121800125E-5,6.561941048102655E-4,1.504474814618062E-4,0.005642317878711803,9.609102373905747E-4,1.936802626167067E-4,1.9004261569344728E-4,2.8514297889095153E-4,2.209797981816183E-4,0.005185835636016203,6.033337365892743E-4,0.007040759872006532,8.597758239745774E-4,7.295605557536299E-4,1.3492838224976657E-4,3.318844250075183E-4,5.111153233983973E-4,1.1432201643323081E-4,1.0260812339413713E-4,0.00112614529124392,1.1879314162056206E-4,7.415179754548694E-4,0.0024012420206468467,2.6221754518359902E-5,0.0013886848120778698,1.0313919134929557E-4,1.0506888077379587E-4,5.048916086043073E-4,4.958801598205641E-4,9.890877241885076E-5,1.7190707029259028E-4,1.1119535241051194E-4,0.0017235380479991018,1.0,7.275031694884409E-4,1.0640268902449898E-4,2.060105501090967E-4,9.812329425784082E-4,0.028413459598658153,1.088604398864487E-4,0.004189832793727006,1.100310480113409E-4],[0.010188669427338105,0.0013377797524162253,0.0022462855143556143,0.0012074817181140546,0.0011402897412050971,2.512733439321483E-4,0.0013297697271770603,7.648376483008626E-4,0.002917570388054473,0.0011672105369305926,7.671679652130952E-4,0.0027715078115544737,6.330157746033978E-4,9.884410786776818E-4,0.005688230304489224,0.0013947695247075406,0.010181272127698617,0.00124026860666946,0.0019020781577484026,3.374112350472973E-4,7.454217908971588E-4,8.002468903153401E-4,9.27893826082303E-4,2.5181795725640017E-4,0.001309413642194914,0.0010307000010677742,0.0011558644616418273,0.0024606384849441935,4.401948728281513E-5,0.001372336590802767,8.937901535521069E-5,4.0232631505022554E-4,0.0011848817748283827,0.001194617900108011,9.858367633467486E-4,8.472553672126763E-4,9.010858763327887E-4,0.00218652981639468,7.275031694884409E-4,1.0,0.00114645817646672,0.0011874709015829987,0.0019357921260882817,0.02767374678555649,2.4263831177510984E-4,0.001691969642968486,2.5721086678288067E-4],[0.01102163237552018,9.084770050453039E-4,0.0035809131745926192,3.2432946654847324E-4,9.369025723984879E-4,1.0215727992825396E-4,0.0012855760635023547,1.0808911758462544E-4,0.002503703342169145,3.549280920903373E-4,1.974638808752942E-4,8.347151689915878E-4,3.8004405244575435E-4,2.2802244953779537E-4,0.005154697410907632,3.9599402313793877E-4,9.473285342122025E-4,6.703916948241677E-4,1.282201768523796E-4,1.070808032718253E-4,1.3469139309732071E-4,4.001035259710136E-4,1.1371422795297967E-4,3.7699606038546135E