[[1.0,0.001390109055270629,7.266496512189703E-5,0.002256364984669214,0.003148806711274002,0.009687490632548496,1.8030638440545073E-4,4.757261736489703E-4,1.402344646182435E-5,2.3249010429282682E-5,1.4085690477281114E-4,1.4755180987270808E-5,4.669224327086831E-5,0.0010006797929905525,4.2718600553613167E-5,2.023179064594447E-5,1.4112638670403696E-5,1.796582493080635E-4,0.002843684837519789,3.084410515929608E-5,8.743606778656848E-5,0.006406928900735925,0.00609994642920843,1.775377034677698E-5,0.014049461558930032,0.013558818646616939,0.018789274026242215,0.006713976056212087,0.0033835482498155546,3.789710136550805E-5,7.716928481356486E-5,1.5170871136896526E-5,0.0012490650334239465,2.7477037160343665E-5,0.003950090579251703,0.007187674294642191,7.945784480374835E-5,3.89629986976327E-5,0.008304450699618368,4.569271916687929E-4,9.805722444939872E-4,1.3701437507035117E-5,0.013644997563911352,1.9187220695137842E-5,2.692275335176097E-4],[0.001390109055270629,1.0,8.253671303237808E-4,0.012242961634168248,0.004100816677697462,0.012288538972231968,0.003087624090205921,0.0038369155670337834,0.0030533433488229276,0.0033958431400799155,0.0015229735110058157,1.8222314483159343E-4,0.002572541217009251,0.007529472607546843,0.0013168271978711752,0.0017928899057876816,0.0032496884159689916,0.0024794276441883548,0.003697243178719715,0.003770518799393575,8.152966047515082E-4,0.012550076361131163,0.008839280169437063,0.0016519614553832291,0.014016199362319903,0.018507053442848573,0.039663850173486226,0.009188405773843365,0.003711411162123674,5.46282683925977E-4,0.0012321887392578981,2.8130757151180745E-4,0.009568287502488757,0.003552039972083245,0.004412827592798837,0.00915243852005268,0.003451724580097259,4.7270173258505177E-4,0.006986416828733306,0.003206872673608358,0.002991830046578088,0.003312935840339621,0.011509301991130183,0.0026541869054717946,0.0036467961808347563],[7.266496512189703E-5,8.253671303237808E-4,1.0,0.011576747783531401,0.004458200411224814,8.679347599942581E-4,1.4180414181615565E-4,4.671571011980903E-4,8.983899402035227E-5,6.354837641047314E-5,3.443876743251326E-4,5.271735898007112E-5,2.2707701624795923E-4,0.005177079042739563,1.7843195608257623E-4,1.1684679571407366E-4,7.102670955832686E-5,4.5654063986139766E-4,0.001193454471045978,0.0012881660689571036,1.1893160481904693E-4,0.004775878580290434,2.0207076223875323E-4,2.1002738252023245E-4,0.010370188199331222,0.010687316166280849,0.013598585231569033,0.008322800116215352,6.977745024692639E-4,1.4632629002243018E-4,1.1928622018451065E-4,7.676326873161543E-5,0.001824103214680934,4.6687021839318245E-5,3.3247464364623454E-4,0.0016115151115122827,1.152893337233074E-4,1.0493454104408224E-4,0.0034114185184703515,7.396743658312455E-4,0.0018479442471675232,4.483450097764435E-5,0.009390829163785594,1.1382280069278575E-4,2.6733062293582757E-4],[0.002256364984669214,0.012242961634168248,0.011576747783531401,1.0,0.01058205209074203,0.02256232954384817,0.01191992898722788,0.008216223393554762,0.010274127098361932,0.0029509429493597204,0.009249988255767328,0.016020282202803476,0.018831370527930383,0.016050916227158422,0.021737239865540596,0.011097311304240466,0.010172370888538437,0.007153393745014313,0.00880048527542237,0.011144435315278945,0.01064323920157171,0.020037838799926815,0.011553645856252832,0.018067733341697405,0.019582232049329622,0.028276902433357634,0.03388030808535164,0.014043777667141134,0.016648079940601933,0.020140292885758068,0.01520810274914613,0.004125330402411938,0.012182677804319527,0.01665076492703797,0.01116926196080905,0.01552121165795032,0.008849861468144588,0.004770894861923164,0.019880985609075134,0.009850724201293673,0.021043518303303786,0.021178917279022328,0.018086464219634182,0.020290793351140996,0.009241730023772824],[0.003148806711274002,0.004100816677697462,0.004458200411224814,0.01058205209074203,1.0,0.012119472706646948,5.543994798031151E-4,0.004213691430263043,0.0016509217629764549,0.003694822862581332,0.0032918430924982695,0.0045131841839642405,0.002521592533967149,0.009461468949709968,7.000004347559989E-4,9.526645738728844E-4,0.0026029493654294777,0.0035422563036548883,0.0032824651840896433,0.0020680099556001433,0.0015589265993355174,0.0074233416909500385,0.009793731846304957,0.0030375608876622995,0.010933423949396961,0.023547475710599085,0.017742176446183828,0.012079382454590734,0.0041103965487226685,0.0031393891788588494,0.002379793233875192,0.0032858137195900155,0.009589106542652468,0.0025911386296348965,0.004605135630741354,0.009741872161198876,0.004282481820816206,0.0038911959269359374,0.00617797953452222,0.0033937214232342846,0.003654383693857282,5.703940738286345E-4,0.00970664478073965,6.102344376362412E-4,0.0039047169791545195],[0.009687490632548496,0.012288538972231968,8.679347599942581E-4,0.02256232954384817,0.012119472706646948,1.0,0.0047763807589564,0.01872249679321672,0.012027337795016912,0.010695588567775038,0.018006516984822512,0.016340910135823554,0.019991811254377274,0.014441207266423615,0.016648130355669713,0.004636673415243585,0.009892640162333504,0.018357547703915168,0.014567593852476444,0.0076356622768044835,0.005045591431544392,0.020771177641172187,0.018489518273585463,0.005273407187309296,0.019102884066821695,0.02759766382709499,0.04099349114734872,0.015360814730172182,0.01053575780562443,0.013908138364380818,0.01743587554087012,0.011185305502317595,0.020295726866078466,0.0036886305011486864,0.008277107515924566,0.019876196822990837,0.004294559103104626,0.004063684433068026,0.01692503869154011,0.007378981606866671,0.02140214755419398,0.020981648819560498,0.01894309561343535,7.686637195806387E-4,7.692261481421409E-4],[1.8030638440545073E-4,0.003087624090205921,1.4180414181615565E-4,0.01191992898722788,5.543994798031151E-4,0.0047763807589564,1.0,2.3798444357167936E-4,9.633728026851794E-5,3.3777952856450113E-5,7.037153276634648E-4,5.021540557774318E-5,2.347030597411851E-4,0.0010704631858396026,1.9756309257097616E-4,1.8296640845097918E-4,1.3475903166925048E-4,8.889969879924098E-4,0.0024647957739347046,0.0013735183679871384,2.969876685328714E-4,0.013640144357957516,0.009196395253910037,2.3622441251363295E-4,0.009844535023944955,0.0020190141617300456,0.039250504435353994,0.002350541406136778,0.0034049388631846728,1.6985349570457884E-4,1.3785840276555778E-4,1.8845583460249331E-4,0.009092951258013767,1.0940088991551043E-4,0.004249948042501984,0.0032191255798609923,1.5410644503750199E-4,1.3360808841428554E-4,0.01555101113185962,2.3017901443025393E-4,0.0012879212265427026,4.726890115488799E-5,0.006213306984449362,1.5152409641344726E-4,2.2514457355619075E-4],[4.757261736489703E-4,0.0038369155670337834,4.671571011980903E-4,0.008216223393554762,0.004213691430263043,0.01872249679321672,2.3798444357167936E-4,1.0,0.0014157615650960136,0.002473832860083464,0.0018727194749511436,0.0031950511094752253,0.002599375414804015,0.0038983979604327174,4.2571958450157244E-4,0.0023517590827475507,1.287876359287668E-4,0.0013432546422622203,0.003136907671666394,0.0019426062541500772,0.0016843933623667973,0.007272472169649336,0.005729190548989125,6.110722355477378E-4,0.0048559547204994604,0.02562617188605855,0.03487076838935667,0.008453808148956113,0.003456028337155945,6.034019630843605E-4,0.001787584806622519,9.315535190016571E-4,0.008183719765148518,0.0013063779833978216,0.004199248572664303,0.005383890634177739,0.002714079431141665,0.001329365483906533,0.0071042687882728744,0.0031005012659083603,0.0026155594102436007,4.1390243566475043E-4,0.010621966688544473,0.0015587395520356157,0.002889982292457198],[1.402344646182435E-5,0.0030533433488229276,8.983899402035227E-5,0.010274127098361932,0.0016509217629764549,0.012027337795016912,9.633728026851794E-5,0.0014157615650960136,1.0,2.2852379329382796E-5,3.952261180503689E-4,1.3567025207327886E-5,7.857127446767116E-5,0.005796543708622901,5.14003335588199E-5,1.089434226281133E-4,1.2945896238481801E-5,4.312564364182412E-4,0.002548917589885944,3.09802397980442E-4,8.139795312759565E-5,0.01587312505940311,0.0054631017138181285,5.089974334165082E-5,0.014333628547706237,0.016529575519145627,0.002119615727589765,0.007611731258913883,0.0015097320045930806,3.3464849812482716E-5,9.00045585548239E-5,2.9077166685617257E-5,0.0029446846351806714,1.937611332071231E-5,0.0035290236220929406,0.01168899939498277,5.091766029996022E-5,6.907906854727091E-5,0.006061787254954299,8.282863916807943E-4,0.001693314385420796,1.3378560936660781E-5,0.012045230549790847,1.8551446802579695E-5,1.891335795789481E-5],[2.3249010429282682E-5,0.0033958431400799155,6.354837641047314E-5,0.0029509429493597204,0.003694822862581332,0.010695588567775038,3.3777952856450113E-5,0.002473832860083464,2.2852379329382796E-5,1.0,4.327868180832192E-4,1.9519301458338463E-5,2.1080065596937772E-4,0.005803214128930099,1.3091093196583508E-4,1.0146761398532864E-4,2.0406252841386897E-5,2.526797900757064E-4,9.686271433761768E-4,8.44765314298586E-4,2.4476485115018117E-4,0.014566217575605089,0.007701952084079714,8.314529095436808E-5,0.013221101977231897,0.025999889479003318,0.009202734984465945,0.009608558253739515,0.0010630486434179505,5.828490266609408E-5,1.0726421389277133E-4,2.5190513103951865E-5,0.003933948845733852,2.689150902374585E-5,8.94588076767161E-4,0.002406804076034924,3.787422575990098E-5,4.5082785413060543E-5,0.011427277863322849,8.54445237541358E-5,5.7093965679244906E-5,1.3715857325768671E-5,0.0011260660533925892,2.1294080251371503E-5,8.430507769310087E-5],[1.4085690477281114E-4,0.0015229735110058157,3.443876743251326E-4,0.009249988255767328,0.0032918430924982695,0.018006516984822512,7.037153276634648E-4,0.0018727194749511436,3.952261180503689E-4,4.327868180832192E-4,1.0,6.779800306499288E-4,4.6152967168913706E-4,0.007829570493507769,7.83132974250057E-4,6.496622525728833E-4,6.159753010110748E-4,8.740503872824983E-4,0.0026179660051918064,0.0013092871218420652,5.629000621138911E-4,0.011630856245828065,0.00940599331474574,5.955571497391118E-4,0.00688475280011273,0.02678943725118292,0.009898004847797027,0.008407446229316995,0.0029877399101967,5.65915216127111E-4,4.1416649876192444E-4,4.257666847363249E-4,0.006341189112311825,8.030732674056951E-4,0.001029347203042259,0.0060485076056200305,5.85885539594745E-4,3.1145054935239095E-4,0.002521116924662826,0.0010517954597768647,0.0017850243119432957,1.4234449799316307E-4,0.010430942430292373,1.253851752589504E-4,2.8220876244961423E-4],[1.4755180987270808E-5,1.8222314483159343E-4,5.271735898007112E-5,0.016020282202803476,0.0045131841839642405,0.016340910135823554,5.021540557774318E-5,0.0031950511094752253,1.3567025207327886E-5,1.9519301458338463E-5,6.779800306499288E-4,1.0,2.223424537301849E-4,7.367435549273645E-4,1.343274559085718E-4,7.93244135440866E-5,1.2966047906972966E-5,7.15395668171334E-4,1.1907260515004607E-4,0.0013603909954158677,3.9921699941629845E-4,0.00421137845724865,0.0016040164885013325,4.4180879030683394E-5,0.007613141569894359,7.276083071267684E-4,0.009212281139758884,0.004643123979979898,0.002116919498437676,1.2209756185398905E-4,3.0002231121893937E-5,1.6384688135162253E-5,0.005954964650047864,2.285911835914851E-5,0.003314114996245843,0.007503884477443166,3.149066102776394E-5,3.0672049012134094E-5,0.004427725009368794,6.394996333974619E-4,0.0017269240292517364,1.3850404992824583E-5,0.00910530224695345,1.8458365554495283E-5,2.078624078815555E-4],[4.669224327086831E-5,0.002572541217009251,2.2707701624795923E-4,0.018831370527930383,0.002521592533967149,0.019991811254377274,2.347030597411851E-4,0.002599375414804015,7.857127446767116E-5,2.1080065596937772E-4,4.6152967168913706E-4,2.223424537301849E-4,1.0,5.422048122644478E-4,2.3225115312076338E-4,1.7726440664191543E-4,2.050805396923594E-4,3.277815938235272E-4,0.0011060553850847038,0.0012408395235191188,4.009769270840168E-4,0.013948544783731342,0.005260321025221767,2.392811209593368E-4,0.01350369633392926,0.02070368324605987,0.00808321944322528,0.005500815617808307,0.0029125065450882714,1.546827480306557E-4,2.229072147230147E-4,4.776844756382784E-5,0.006099323970871408,1.8564817995150726E-4,0.003075968267688266,0.006771689949171893,1.8293146420602215E-4,1.3990784995089215E-4,0.013067754600264898,5.068602710855082E-4,9.083584180940221E-4,1.4778587752043015E-4,0.0031969021547238914,1.3459773424893623E-4,2.65450731971571E-4],[0.0010006797929905525,0.007529472607546843,0.005177079042739563,0.016050916227158422,0.009461468949709968,0.014441207266423615,0.0010704631858396026,0.0038983979604327174,0.005796543708622901,0.005803214128930099,0.007829570493507769,7.367435549273645E-4,5.422048122644478E-4,1.0,6.589456207148057E-4,0.003170793839127757,0.005229320310584168,0.0080885968042444,0.010262665212558895,0.0033821595463979642,0.007718590973192749,0.016506044924540227,0.010308052103373624,0.004469899733241334,0.016864586726705454,0.027917422889259698,0.02387532709602823,0.010896603588897201,0.0061275930533705655,0.00739340422606662,0.0069194535330356615,0.001985169591702422,0.010281228993606348,0.010381437729809852,0.00601087474674491,0.011310502274829461,0.005003129058173648,0.0055468956700881105,0.01181168637253943,0.003634300187489453,0.006245974628813669,0.0064791909641430945,0.01173767817606561,0.009175587670503003,0.004905640621679333],[4.2718600553613167E-5,0.0013168271978711752,1.7843195608257623E-4,0.021737239865540596,7.000004347559989E-4,0.016648130355669713,1.9756309257097616E-4,4.2571958450157244E-4,5.14003335588199E-5,1.3091093196583508E-4,7.83132974250057E-4,1.343274559085718E-4,2.3225115312076338E-4,6.589456207148057E-4,1.0,1.3091261528309496E-4,9.714929027817281E-5,6.839174836914557E-4,0.0025888616473095922,3.456636077170959E-4,3.47260009305929E-4,0.008379797518603176,0.00471355453286462,2.2998527025070364E-4,2.4961185773894227E-4,0.02313160461158627,0.022407971430066252,0.004202361570466442,9.120223320762835E-4,1.892081832427926E-4,1.4015592862669113E-4,1.496711165376603E-4,0.007426509285206938,4.099591982685875E-5,0.002069324970216242,0.0015156348458275457,1.1727415318782544E-4,1.1153333769083901E-4,0.0053346300032541625,4.621001236097958E-4,0.0013655184928357755,1.2836004358828573E-4,0.0018532337555396512,7.986910876540933E-5,2.0859301456487166E-4],[2.023179064594447E-5,0.0017928899057876816,1.1684679571407366E-4,0.011097311304240466,9.526645738728844E-4,0.004636673415243585,1.8296640845097918E-4,0.0023517590827475507,1.089434226281133E-4,1.0146761398532864E-4,6.496622525728833E-4,7.93244135440866E-5,1.7726440664191543E-4,0.003170793839127757,1.3091261528309496E-4,1.0,1.0955363311055923E-4,8.193493531243557E-4,0.001777044202496921,7.55261879371956E-4,2.657632013616148E-4,0.006968001471198879,0.0037279375465566703,2.3793849238325628E-4,0.0042143888830811676,2.875089957088706E-4,0.016421405904203722,0.003726679947644794,7.038348967159748E-4,1.3394808337008866E-4,1.201107424241775E-4,4.89174343448583E-5,0.0023452799680702,4.00362371162244E-5,0.0025507462436112197,0.011632517569750301,1.1253037073127286E-4,1.1085377002524924E-4,0.0077429169650941425,2.746505754065129E-4,0.001365794182545178,1.0845492624197859E-4,0.012820700206565885,3.28405185742768E-5,2.3167706226453848E-4],[1.4112638670403696E-5,0.0032496884159689916,7.102670955832686E-5,0.010172370888538437,0.0026029493654294777,0.009892640162333504,1.3475903166925048E-4,1.287876359287668E-4,1.2945896238481801E-5,2.0406252841386897E-5,6.159753010110748E-4,1.2966047906972966E-5,2.050805396923594E-4,0.005229320310584168,9.714929027817281E-5,1.0955363311055923E-4,1.0,0.0010420495921975189,1.7760461420184646E-4,0.0012751280111054008,2.8688061903131773E-4,0.007438721385260675,0.00620367426077972,2.126145524145693E-4,0.00487035200151039,0.010070440970675507,0.007439277299528989,0.007439448433234759,0.0019141105239494397,3.453072992868624E-5,5.36054612860235E-5,3.2833119510793754E-5,0.002128897304105765,2.518057300684339E-5,6.584497744813483E-5,0.009857229410362751,8.808710852671237E-5,6.51579739466814E-5,0.01338380236931693,7.316826871562637E-4,0.002261073837977538,1.2913168940267078E-5,0.014141717503843316,1.4799587552920625E-5,2.0349726521831476E-5],[1.796582493080635E-4,0.0024794276441883548,4.5654063986139766E-4,0.007153393745014313,0.0035422563036548883,0.018357547703915168,8.889969879924098E-4,0.0013432546422622203,4.312564364182412E-4,2.526797900757064E-4,8.740503872824983E-4,7.15395668171334E-4,3.277815938235272E-4,0.0080885968042444,6.839174836914557E-4,8.193493531243557E-4,0.0010420495921975189,1.0,0.001490278544198329,0.001428952769492061,4.886442072192752E-4,0.0039050854552697143,0.004958540913327652,7.257800317484048E-4,0.004170550449359864,0.027908433823991715,0.035174323359632255,0.010410488421069921,0.003096490930807154,6.13299841875679E-4,4.6478393107836087E-4,7.705056522012664E-4,0.00670237879244691,4.335165256206791E-4,0.003370951007554018,0.004094543901515497,1.3380056104680878E-4,9.440421954174524E-4,0.014386748091505017,0.0011812782033041867,0.001987142114450783,4.5199711478639045E-4,0.005437562664654087,0.001179257662604656,4.296904894953633E-4],[0.002843684837519789,0.003697243178719715,0.001193454471045978,0.00880048527542237,0.0032824651840896433,0.014567593852476444,0.0024647957739347046,0.003136907671666394,0.002548917589885944,9.686271433761768E-4,0.0026179660051918064,1.1907260515004607E-4,0.0011060553850847038,0.010262665212558895,0.0025888616473095922,0.001777044202496921,1.7760461420184646E-4,0.001490278544198329,1.0,0.00240973636725481,9.991080436910198E-4,0.0171945742063948,0.004368702293492807,0.0018959728112884807,0.006208312474950678,0.019488645977493956,0.017906139554098012,0.003703278606422579,0.00313745991020436,0.0028694422169647064,0.0016849168055514921,0.00188644515615071,0.008268821177847937,0.0014280031694596015,0.004384665585076664,0.008012880359332907,0.0016178680704798597,0.0022862393754599563,0.00806995255554389,0.002123264148651694,0.002830901751022351,0.0029553207768817924,0.008477662045504614,0.002975191910546471,0.002539800689293085],[3.084410515929608E-5,0.003770518799393575,0.0012881660689571036,0.011144435315278945,0.0020680099556001433,0.0076356622768044835,0.0013735183679871384,0.0019426062541500772,3.09802397980442E-4,8.44765314298586E-4,0.0013092871218420652,0.0013603909954158677,0.0012408395235191188,0.0033821595463979642,3.456636077170959E-4,7.55261879371956E-4,0.0012751280111054008,0.001428952769492061,0.00240973636725481,1.0,0.0014296204487662927,0.016761373311176088,0.009480815258341952,0.0011070804965438081,0.0030544133877545027,0.013753726571499614,0.008370140579912873,0.007946366515528457,0.0021708501886126825,0.0016437585477168473,0.0012818812989383202,7.913516627857808E-4,0.0036763837808982784,2.8884570356552537E-4,0.003563072063154941,0.004600783985211345,0.0014254587787604833,2.1455683441076381E-4,0.008250427036625953,0.0011117282744413969,0.0021658349661073184,0.00149065543686886,0.006835443883929708,5.479332169854725E-4,5.683753498710089E-4],[8.743606778656848E-5,8.152966047515082E-4,1.1893160481904693E-4,0.01064323920157171,0.0015589265993355174,0.005045591431544392,2.969876685328714E-4,0.0016843933623667973,8.139795312759565E-5,2.4476485115018117E-4,5.629000621138911E-4,3.9921699941629845E-4,4.009769270840168E-4,0.007718590973192749,3.47260009305929E-4,2.657632013616148E-4,2.8688061903131773E-4,4.886442072192752E-4,9.991080436910198E-4,0.0014296204487662927,1.0,0.003775602279901505,0.004014422039813109,3.683162310664034E-4,0.016840931495944778,0.007212475325306964,0.028305445228032126,0.0010642126193797154,0.00268141185191707,3.935314552813762E-4,3.2757378513842254E-4,1.873785026403249E-4,0.004676244955242191,4.378750496604837E-5,5.414459860394073E-4,5.848315150910603E-4,3.482688578827131E-4,3.5912435434048333E-4,0.002903809005422313,6.22449006960405E-4,0.002241041054182744,7.483537708243742E-5,0.008790017709628794,3.060677515823015E-4,3.9126948911289827E-4],[0.006406928900735925,0.012550076361131163,0.004775878580290434,0.020037838799926815,0.0074233416909500385,0.020771177641172187,0.013640144357957516,0.007272472169649336,0.01587312505940311,0.014566217575605089,0.011630856245828065,0.00421137845724865,0.013948544783731342,0.016506044924540227,0.008379797518603176,0.006968001471198879,0.007438721385260675,0.0039050854552697143,0.0171945742063948,0.016761373311176088,0.003775602279901505,1.0,0.012973657445790156,0.002288945183756663,0.017905949570909793,0.018039363225214915,0.019292191678415102,0.014773358260785786,0.00407299011571529,0.007268677253967617,8.823058410555542E-4,0.0023796584167391187,0.014960270800580037,0.010580396993761877,0.0050512311141370815,0.01236898452637048,0.01767934122547406,0.005365603961223832,0.015804434349792798,0.001369807828170966,0.003324673769674687,0.002465086374892359,0.0152928910045565,0.009119047008031952,0.004497722898985544],[0.00609994642920843,0.008839280169437063,2.0207076223875323E-4,0.011553645856252832,0.009793731846304957,0.018489518273585463,0.009196395253910037,0.005729190548989125,0.0054631017138181285,0.007701952084079714,0.00940599331474574,0.0016040164885013325,0.005260321025221767,0.010308052103373624,0.00471355453286462,0.0037279375465566703,0.00620367426077972,0.004958540913327652,0.004368702293492807,0.009480815258341952,0.004014422039813109,0.012973657445790156,1.0,0.006518088593788731,0.017493016445703946,0.018205010123105513,0.02185824095937125,0.011598051294261662,0.006166476165662727,0.008656527342932218,0.008526994563524464,0.008600074145962212,0.010021870287160013,0.006424206669840332,0.006509476296567609,0.010479934637038581,0.001680684660061395,0.010006232936953541,0.015248403200095934,0.006542928589531391,0.007993019401398882,0.009756763813182166,0.014472254163156891,0.003694128170155191,0.009865428610372779],[1.775377034677698E-5,0.0016519614553832291,2.1002738252023245E-4,0.018067733341697405,0.0030375608876622995,0.005273407187309296,2.3622441251363295E-4,6.110722355477378E-4,5.089974334165082E-5,8.314529095436808E-5,5.955571497391118E-4,4.4180879030683394E-5,2.392811209593368E-4,0.004469899733241334,2.2998527025070364E-4,2.3793849238325628E-4,2.126145524145693E-4,7.257800317484048E-4,0.0018959728112884807,0.0011070804965438081,3.683162310664034E-4,0.002288945183756663,0.006518088593788731,1.0,0.014215022798989441,0.01173477551815022,0.005897995484906664,0.009805430331643744,0.0010344156691336343,1.8432875110802505E-4,2.129194262129548E-4,2.2696474228269784E-4,0.0020223681281432686,2.080963084059486E-4,0.0030276143843534662,0.004512118026917027,1.2076858717282073E-4,2.2183649274103547E-4,5.966914642342238E-4,3.8391195337873557E-4,0.0020147537704166456,3.018554078769545E-5,0.009761987322232896,2.3146851692045982E-5,2.64084347951821E-4],[0.014049461558930032,0.014016199362319903,0.010370188199331222,0.019582232049329622,0.010933423949396961,0.019102884066821695,0.009844535023944955,0.0048559547204994604,0.014333628547706237,0.013221101977231897,0.00688475280011273,0.007613141569894359,0.01350369633392926,0.016864586726705454,2.4961185773894227E-4,0.0042143888830811676,0.00487035200151039,0.004170550449359864,0.006208312474950678,0.0030544133877545027,0.016840931495944778,0.017905949570909793,0.017493016445703946,0.014215022798989441,1.0,0.02523297979613593,0.020374308959722722,0.018480535751206215,0.0182899709976119,0.008475463540440065,0.009604678727778853,9.778637067855383E-4,0.01019399153976816,0.0029963096950750994,0.010564567979299808,0.016780915723657766,0.012071213921166888,0.00629710416526658,0.01696962660253018,0.003380105001716839,0.01751372392069682,0.011475838500709278,0.016818428986380956,0.00502013591803,0.0011524993490194585],[0.013558818646616939,0.018507053442848573,0.010687316166280849,0.028276902433357634,0.023547475710599085,0.02759766382709499,0.0020190141617300456,0.02562617188605855,0.016529575519145627,0.025999889479003318,0.02678943725118292,7.276083071267684E-4,0.02070368324605987,0.027917422889259698,0.02313160461158627,2.875089957088706E-4,0.010070440970675507,0.027908433823991715,0.019488645977493956,0.013753726571499614,0.007212475325306964,0.018039363225214915,0.018205010123105513,0.01173477551815022,0.02523297979613593,1.0,0.03538492673021993,0.025672155067498183,0.005095454181158055,0.021330829176911707,0.008305872766485296,0.019634387060960365,0.0121157982498203,0.01250389291307306,0.024699047304480703,0.018033757931537962,0.014782186814213517,0.025321288879542322,0.01884230352950962,0.019057628514471212,0.007789095067812486,0.015704166678076555,0.025674445807759846,0.02787189883691091,0.011430557442731477],[0.018789274026242215,0.039663850173486226,0.013598585231569033,0.03388030808535164,0.017742176446183828,0.04099349114734872,0.039250504435353994,0.03487076838935667,0.002119615727589765,0.009202734984465945,0.009898004847797027,0.009212281139758884,0.00808321944322528,0.02387532709602823,0.022407971430066252,0.016421405904203722,0.007439277299528989,0.035174323359632255,0.017906139554098012,0.008370140579912873,0.028305445228032126,0.019292191678415102,0.02185824095937125,0.005897995484906664,0.020374308959722722,0.03538492673021993,1.0,0.03990466740696645,0.004726349953559071,0.005412386149013722,0.03613470186936151,0.025263000266668088,0.014600305508245676,0.036377293778403444,0.039521940017052656,0.02180828094127711,0.003226334496281635,0.031593111776201915,0.03126339252585199,0.040831007680587096,0.03714042539830575,0.013995861082180889,0.03882649932066948,0.03453819218625483,0.017399187424821008],[0.006713976056212087,0.009188405773843365,0.008322800116215352,0.014043777667141134,0.012079382454590734,0.015360814730172182,0.002350541406136778,0.008453808148956113,0.007611731258913883,0.009608558253739515,0.008407446229316995,0.004643123979979898,0.005500815617808307,0.010896603588897201,0.004202361570466442,0.003726679947644794,0.007439448433234759,0.010410488421069921,0.003703278606422579,0.007946366515528457,0.0010642126193797154,0.014773358260785786,0.011598051294261662,0.009805430331643744,0.018480535751206215,0.025672155067498183,0.03990466740696645,1.0,0.007177071477644688,0.009753160130917099,0.010503986348542806,0.009471868101659663,0.011141834528057747,0.0030588593596416946,0.006509375329140057,0.01186641086996033,0.009610616205529858,0.00301324171951538,0.013977153539928991,0.007866691218613263,0.011959195008894925,0.005863715525922299,0.012903569692134267,0.0021548639869876335,0.0057539833690971485],[0.0033835482498155546,0.003711411162123674,6.977745024692639E-4,0.016648079940601933,0.0041103965487226685,0.01053575780562443,0.0034049388631846728,0.003456028337155945,0.0015097320045930806,0.0010630486434179505,0.0029877399101967,0.002116919498437676,0.0029125065450882714,0.0061275930533705655,9.120223320762835E-4,7.038348967159748E-4,0.0019141105239494397,0.003096490930807154,0.00313745991020436,0.0021708501886126825,0.00268141185191707,0.00407299011571529,0.006166476165662727,0.0010344156691336343,0.0182899709976119,0.005095454181158055,0.004726349953559071,0.007177071477644688,1.0,0.0011487807625811912,1.9686021081299823E-4,0.00306309607734404,0.005927484351166001,8.604448017376735E-4,0.0035353916868863695,0.007386209734529224,0.001042438571681044,0.003386318249343958,0.009328376551584389,0.0015776792630019605,0.0030324977861995025,0.0030969313629379876,0.00508725663376039,0.00132310037925365,0.0017674587244287598],[3.789710136550805E-5,5.46282683925977E-4,1.4632629002243018E-4,0.020140292885758068,0.0031393891788588494,0.013908138364380818,1.6985349570457884E-4,6.034019630843605E-4,3.3464849812482716E-5,5.828490266609408E-5,5.65915216127111E-4,1.2209756185398905E-4,1.546827480306557E-4,0.00739340422606662,1.892081832427926E-4,1.3394808337008866E-4,3.453072992868624E-5,6.13299841875679E-4,0.0028694422169647064,0.0016437585477168473,3.935314552813762E-4,0.007268677253967617,0.008656527342932218,1.8432875110802505E-4,0.008475463540440065,0.021330829176911707,0.005412386149013722,0.009753160130917099,0.0011487807625811912,1.0,1.2816743306769834E-4,5.7148450834045154E-5,0.0020188295951650437,6.403403089067675E-5,0.001826393428218181,0.0019550128275151587,1.284226998054979E-4,1.3535218938243328E-4,0.009735007899669888,4.315440244969162E-4,3.921874258524325E-4,1.3579611513105618E-4,0.006272583405028625,8.918039950437412E-5,2.1980829770242399E-4],[7.716928481356486E-5,0.0012321887392578981,1.1928622018451065E-4,0.01520810274914613,0.002379793233875192,0.01743587554087012,1.3785840276555778E-4,0.001787584806622519,9.00045585548239E-5,1.0726421389277133E-4,4.1416649876192444E-4,3.0002231121893937E-5,2.229072147230147E-4,0.0069194535330356615,1.4015592862669113E-4,1.201107424241775E-4,5.36054612860235E-5,4.6478393107836087E-4,0.0016849168055514921,0.0012818812989383202,3.2757378513842254E-4,8.823058410555542E-4,0.008526994563524464,2.129194262129548E-4,0.009604678727778853,0.008305872766485296,0.03613470186936151,0.010503986348542806,1.9686021081299823E-4,1.2816743306769834E-4,1.0,1.0878036316499105E-4,0.0021880788111771055,9.646181692122944E-5,0.0035396581127710523,0.008958552476351722,1.1822265809568243E-4,1.1630266738926478E-4,0.014458408524595592,4.385170851921305E-4,0.0011691815295488545,8.255395333787217E-5,0.009591334860691096,7.109457156696808E-5,1.6424987053400734E-4],[1.5170871136896526E-5,2.8130757151180745E-4,7.676326873161543E-5,0.004125330402411938,0.0032858137195900155,0.011185305502317595,1.8845583460249331E-4,9.315535190016571E-4,2.9077166685617257E-5,2.5190513103951865E-5,4.257666847363249E-4,1.6384688135162253E-5,4.776844756382784E-5,0.001985169591702422,1.496711165376603E-4,4.89174343448583E-5,3.2833119510793754E-5,7.705056522012664E-4,0.00188644515615071,7.913516627857808E-4,1.873785026403249E-4,0.0023796584167391187,0.008600074145962212,2.2696474228269784E-4,9.778637067855383E-4,0.019634387060960365,0.025263000266668088,0.009471868101659663,0.00306309607734404,5.7148450834045154E-5,1.0878036316499105E-4,1.0,0.00925611724575831,2.8608912181083578E-5,0.002107389214794539,8.709877217874403E-4,7.764911475856826E-5,7.091527944176965E-5,0.010226341764381416,0.0010150148465783587,7.975841166260333E-4,1.9932259390517998E-5,0.005640216742484048,2.633439074650296E-5,2.720307490621366E-4],[0.0012490650334239465,0.009568287502488757,0.001824103214680934,0.012182677804319527,0.009589106542652468,0.020295726866078466,0.009092951258013767,0.008183719765148518,0.0029446846351806714,0.003933948845733852,0.006341189112311825,0.005954964650047864,0.006099323970871408,0.010281228993606348,0.007426509285206938,0.0023452799680702,0.002128897304105765,0.00670237879244691,0.008268821177847937,0.0036763837808982784,0.004676244955242191,0.014960270800580037,0.010021870287160013,0.0020223681281432686,0.01019399153976816,0.0121157982498203,0.014600305508245676,0.011141834528057747,0.005927484351166001,0.0020188295951650437,0.0021880788111771055,0.00925611724575831,1.0,0.0023222581720675367,0.009747199330817809,0.011696211365874036,0.003286371431266681,7.648942894388838E-4,0.011224787733213445,0.0018462404023351555,0.004083004631171956,0.0016251216338189147,0.010066123390449162,0.008657730045654424,0.003543259266243077],[2.7477037160343665E-5,0.003552039972083245,4.6687021839318245E-5,0.01665076492703797,0.0025911386296348965,0.0036886305011486864,1.0940088991551043E-4,0.0013063779833978216,1.937611332071231E-5,2.689150902374585E-5,8.030732674056951E-4,2.285911835914851E-5,1.8564817995150726E-4,0.010381437729809852,4.099591982685875E-5,4.00362371162244E-5,2.518057300684339E-5,4.335165256206791E-4,0.0014280031694596015,2.8884570356552537E-4,4.378750496604837E-5,0.010580396993761877,0.006424206669840332,2.080963084059486E-4,0.0029963096950750994,0.01250389291307306,0.036377293778403444,0.0030588593596416946,8.604448017376735E-4,6.403403089067675E-5,9.646181692122944E-5,2.8608912181083578E-5,0.0023222581720675367,1.0,2.4510333004732377E-4,0.008331212740721112,9.781744144378513E-5,4.960478078181397E-5,0.009028206625405415,4.105196991807314E-4,8.690175572188312E-5,1.6449446077348604E-5,0.00169742665620012,2.5038430323050044E-5,1.369339821213361E-4],[0.003950090579251703,0.004412827592798837,3.3247464364623454E-4,0.01116926196080905,0.004605135630741354,0.008277107515924566,0.004249948042501984,0.004199248572664303,0.0035290236220929406,8.94588076767161E-4,0.001029347203042259,0.003314114996245843,0.003075968267688266,0.00601087474674491,0.002069324970216242,0.0025507462436112197,6.584497744813483E-5,0.003370951007554018,0.004384665585076664,0.003563072063154941,5.414459860394073E-4,0.0050512311141370815,0.006509476296567609,0.0030276143843534662,0.010564567979299808,0.024699047304480703,0.039521940017052656,0.006509375329140057,0.0035353916868863695,0.001826393428218181,0.0035396581127710523,0.002107389214794539,0.009747199330817809,2.4510333004732377E-4,1.0,0.007258307894095301,0.0024071428622966288,0.0017512010920963776,0.014071552105333101,0.001666753772767676,0.002907650117773329,0.004354494744410649,0.005096903102754052,0.003311879753384322,0.0013254787115101808],[0.007187674294642191,0.00915243852005268,0.0016115151115122827,0.01552121165795032,0.009741872161198876,0.019876196822990837,0.0032191255798609923,0.005383890634177739,0.01168899939498277,0.002406804076034924,0.0060485076056200305,0.007503884477443166,0.006771689949171893,0.011310502274829461,0.0015156348458275457,0.011632517569750301,0.009857229410362751,0.004094543901515497,0.008012880359332907,0.004600783985211345,5.848315150910603E-4,0.01236898452637048,0.010479934637038581,0.004512118026917027,0.016780915723657766,0.018033757931537962,0.02180828094127711,0.01186641086996033,0.007386209734529224,0.0019550128275151587,0.008958552476351722,8.709877217874403E-4,0.011696211365874036,0.008331212740721112,0.007258307894095301,1.0,0.0017784884545586444,0.001204971213217653,0.014356636653740814,0.0031774123025541685,0.004526583581881549,7.004547693151552E-5,0.014827947693144383,0.0064697126490390385,0.005024930476266762],[7.945784480374835E-5,0.003451724580097259,1.152893337233074E-4,0.008849861468144588,0.004282481820816206,0.004294559103104626,1.5410644503750199E-4,0.002714079431141665,5.091766029996022E-5,3.787422575990098E-5,5.85885539594745E-4,3.149066102776394E-5,1.8293146420602215E-4,0.005003129058173648,1.1727415318782544E-4,1.1253037073127286E-4,8.808710852671237E-5,1.3380056104680878E-4,0.0016178680704798597,0.0014254587787604833,3.482688578827131E-4,0.01767934122547406,0.001680684660061395,1.2076858717282073E-4,0.012071213921166888,0.014782186814213517,0.003226334496281635,0.009610616205529858,0.001042438571681044,1.284226998054979E-4,1.1822265809568243E-4,7.764911475856826E-5,0.003286371431266681,9.781744144378513E-5,0.0024071428622966288,0.0017784884545586444,1.0,9.884429295509591E-5,0.011044158124114908,3.908386890525777E-4,0.0024023765551586815,5.289443526464275E-5,0.014462197019389349,4.8947642593517315E-5,1.8379112275744493E-4],[3.89629986976327E-5,4.7270173258505177E-4,1.0493454104408224E-4,0.004770894861923164,0.0038911959269359374,0.004063684433068026,1.3360808841428554E-4,0.001329365483906533,6.907906854727091E-5,4.5082785413060543E-5,3.1145054935239095E-4,3.0672049012134094E-5,1.3990784995089215E-4,0.0055468956700881105,1.1153333769083901E-4,1.1085377002524924E-4,6.51579739466814E-5,9.440421954174524E-4,0.0022862393754599563,2.1455683441076381E-4,3.5912435434048333E-4,0.005365603961223832,0.010006232936953541,2.2183649274103547E-4,0.00629710416526658,0.025321288879542322,0.031593111776201915,0.00301324171951538,0.003386318249343958,1.3535218938243328E-4,1.1630266738926478E-4,7.091527944176965E-5,7.648942894388838E-4,4.960478078181397E-5,0.0017512010920963776,0.001204971213217653,9.884429295509591E-5,1.0,0.004777641984202359,2.809864497748017E-4,5.446987039936909E-4,2.2039734010240206E-5,0.010752130071803657,7.358013559670991E-5,2.639338027916452E-4],[0.008304450699618368,0.006986416828733306,0.0034114185184703515,0.019880985609075134,0.00617797953452222,0.01692503869154011,0.01555101113185962,0.0071042687882728744,0.006061787254954299,0.011427277863322849,0.002521116924662826,0.004427725009368794,0.013067754600264898,0.01181168637253943,0.0053346300032541625,0.0077429169650941425,0.01338380236931693,0.014386748091505017,0.00806995255554389,0.008250427036625953,0.002903809005422313,0.015804434349792798,0.015248403200095934,5.966914642342238E-4,0.01696962660253018,0.01884230352950962,0.03126339252585199,0.013977153539928991,0.009328376551584389,0.009735007899669888,0.014458408524595592,0.010226341764381416,0.011224787733213445,0.009028206625405415,0.014071552105333101,0.014356636653740814,0.011044158124114908,0.004777641984202359,1.0,0.012402741338916076,0.003461820011062943,0.006016985921695448,0.01553477444825064,0.015351989206158516,0.0037179231029099615],[4.569271916687929E-4,0.003206872673608358,7.396743658312455E-4,0.009850724201293673,0.0033937214232342846,0.007378981606866671,2.3017901443025393E-4,0.0031005012659083603,8.282863916807943E-4,8.54445237541358E-5,0.0010517954597768647,6.394996333974619E-4,5.068602710855082E-4,0.003634300187489453,4.621001236097958E-4,2.746505754065129E-4,7.316826871562637E-4,0.0011812782033041867,0.002123264148651694,0.0011117282744413969,6.22449006960405E-4,0.001369807828170966,0.006542928589531391,3.8391195337873557E-4,0.003380105001716839,0.019057628514471212,0.040831007680587096,0.007866691218613263,0.0015776792630019605,4.315440244969162E-4,4.385170851921305E-4,0.0010150148465783587,0.0018462404023351555,4.105196991807314E-4,0.001666753772767676,0.0031774123025541685,3.908386890525777E-4,2.809864497748017E-4,0.012402741338916076,1.0,0.0013694797930122204,4.811206615543048E-4,0.012929465388844825,8.052091491198334E-4,7.870394703908103E-4],[9.805722444939872E-4,0.002991830046578088,0.0018479442471675232,0.021043518303303786,0.003654383693857282,0.02140214755419398,0.0012879212265427026,0.0026155594102436007,0.001693314385420796,5.7093965679244906E-5,0.0017850243119432957,0.0017269240292517364,9.083584180940221E-4,0.006245974628813669,0.0013655184928357755,0.001365794182545178,0.002261073837977538,0.001987142114450783,0.002830901751022351,0.0021658349661073184,0.002241041054182744,0.003324673769674687,0.007993019401398882,0.0020147537704166456,0.01751372392069682,0.007789095067812486,0.03714042539830575,0.011959195008894925,0.0030324977861995025,3.921874258524325E-4,0.0011691815295488545,7.975841166260333E-4,0.004083004631171956,8.690175572188312E-5,0.002907650117773329,0.004526583581881549,0.0024023765551586815,5.446987039936909E-4,0.003461820011062943,0.0013694797930122204,1.0,4.7451988186571334E-4,0.011226589481082088,5.293151591808882E-4,6.227210947414635E-4],[1.3701437507035117E-5,0.003312935840339621,4.483450097764435E-5,0.021178917279022328,5.703940738286345E-4,0.020981648819560498,4.726890115488799E-5,4.1390243566475043E-4,1.3378560936660781E-5,1.3715857325768671E-5,1.4234449799316307E-4,1.3850404992824583E-5,1.4778587752043015E-4,0.0064791909641430945,1.2836004358828573E-4,1.0845492624197859E-4,1.2913168940267078E-5,4.5199711478639045E-4,0.0029553207768817924,0.00149065543686886,7.483537708243742E-5,0.002465086374892359,0.009756763813182166,3.018554078769545E-5,0.011475838500709278,0.015704166678076555,0.013995861082180889,0.005863715525922299,0.0030969313629379876,1.3579611513105618E-4,8.255395333787217E-5,1.9932259390517998E-5,0.0016251216338189147,1.6449446077348604E-5,0.004354494744410649,7.004547693151552E-5,5.289443526464275E-5,2.2039734010240206E-5,0.006016985921695448,4.811206615543048E-4,4.7451988186571334E-4,1.0,0.013063394241009555,1.4211947264692843E-5,2.484220873978753E-4],[0.013644997563911352,0.011509301991130183,0.009390829163785594,0.018086464219634182,0.00970664478073965,0.01894309561343535,0.006213306984449362,0.010621966688544473,0.012045230549790847,0.0011260660533925892,0.010430942430292373,0.00910530224695345,0.0031969021547238914,0.01173767817606561,0.0018532337555396512,0.012820700206565885,0.014141717503843316,0.005437562664654087,0.008477662045504614,0.006835443883929708,0.008790017709628794,0.0152928910045565,0.014472254163156891,0.009761987322232896,0.016818428986380956,0.025674445807759846,0.03882649932066948,0.012903569692134267,0.00508725663376039,0.0062725834050286