[[1.0,0.005715512579356956,0.0029656223667971827,0.007753899405373744,0.0012007382147494656,0.0025566282748927687,0.0332729834103143,0.010948676306554918,0.014365146307460813,0.011558508723820391,0.009793187309449058,0.00678794395857375,0.007431233924219566,0.010390121442438033,0.0075701755229419685,3.0014071787776847E-4,0.003889838701485923,0.0041547109703874196,4.087417040657116E-4,0.005465855158769719,0.017861815134066435,2.2287553394256435E-4,0.013299503789572188,0.008357781790464055,0.0012607363648190902,0.023133644624979608,0.008417505511657649,0.006356154623795727,0.014316543010428659,0.011874042711257745,0.003981771008604466,0.008577710743869168,0.0055672804625251145,0.0015357450292689029,0.00815082201863755,0.020919964200020562,0.008906127783076277,0.020572502306577103,0.008719304558028575,0.014529515895822073,0.004938065741159659,0.011816973904942168,0.007182619738016498,0.006080874686261836,0.013424827632460149,0.003857764094037922,0.0013740401297578923],[0.005715512579356956,1.0,1.491503389475118E-4,5.937240735841203E-4,4.242257855854538E-5,1.424031793812177E-4,0.030727403268439934,6.403922573908707E-5,0.0025587848031720043,1.3899772791828305E-4,1.0008398919709064E-4,4.953136716094092E-5,1.1804786102357335E-4,1.1903270765268199E-4,1.5290303785783907E-4,1.2091433125844339E-4,0.001568065437954335,1.0432480028619297E-4,9.170473633870068E-5,9.021059418392247E-5,0.010759374281824132,9.134149709738434E-5,2.995417759733104E-4,1.2141418608577659E-4,3.1732211586209366E-4,0.00915866866745607,1.3317771700147507E-4,1.0653536110087687E-4,7.010397246497561E-5,0.0013952126559950936,1.910565214469474E-4,1.1805055099767095E-4,1.4734416993716147E-4,1.4468460372544853E-4,9.050372730703821E-5,0.06331472586263968,0.0014117081854451738,0.021700768145507993,5.198623529188506E-4,0.002313490425751473,9.713363430609126E-4,1.2005027284885587E-4,4.5499771563628705E-4,1.7906492160026994E-4,1.136973565047741E-4,0.0010735044193460673,8.726653236755706E-5],[0.0029656223667971827,1.491503389475118E-4,1.0,8.52169423626192E-4,9.631310173788378E-5,1.495140076731127E-4,0.026115406959365116,1.200872140011889E-4,0.0023997320339211605,1.7620829961773347E-4,1.4757640894287345E-4,1.4946123224719685E-4,1.3664798302734154E-4,1.5463317944395313E-4,1.5683345258960606E-4,1.7584085724368914E-4,0.0020188120400849753,1.3656732887546233E-4,1.469915493202767E-4,8.074761171476286E-5,0.023624138044285346,9.22819701044176E-5,5.394106417844932E-4,1.6563957354344665E-4,2.656033859807397E-4,0.013305889809896325,1.5155634881445026E-4,1.3737381692284327E-4,9.774863768105655E-5,4.509077391963417E-4,4.590675786374064E-4,1.2781280968710766E-4,5.061036638637878E-4,1.6154546973986484E-4,9.999566475378428E-5,0.03242624704998693,0.001495632107854967,0.002387017798585919,0.001332165629236162,0.008003834378216801,6.875749601781289E-4,1.8770428630470837E-4,7.198993408097485E-4,1.5547152544463294E-4,1.1393130638289501E-4,5.624737699947472E-4,1.186253778933207E-4],[0.007753899405373744,5.937240735841203E-4,8.52169423626192E-4,1.0,1.1499919784578265E-4,4.795098633522978E-4,0.026508391750082343,0.0010665847492455408,0.0021181680144398583,0.0010315080078954933,7.169280963598813E-4,4.6161256805099017E-4,8.862340011681095E-4,0.001178522865108194,4.5933452498131465E-4,0.0010012693138138297,0.0019062901747827357,8.356102733929265E-4,0.0010833922641074818,7.110962454222917E-4,0.00956607254916935,3.722683707741776E-4,0.0011361486790468106,1.913027423572062E-4,9.725389631639281E-4,0.030435400876709907,2.1402697532337854E-4,4.121506039782526E-4,3.9107150937203413E-4,0.0019977800493647577,0.0012568847337747692,1.262333067026944E-4,9.542149421385502E-4,5.934633128819526E-4,9.522239930776729E-4,0.04961653956272635,0.0023011082289638063,0.0024259506890987213,0.0012894678824288488,0.005916714956421859,0.001169467183205036,0.0010471464865915924,9.66543038169716E-4,2.191438467409813E-4,5.311493062112965E-4,0.0012227724732672563,1.881891292533769E-4],[0.0012007382147494656,4.242257855854538E-5,9.631310173788378E-5,1.1499919784578265E-4,1.0,1.9329115355624844E-5,0.022640181473892573,1.379020010418413E-5,7.038024857474528E-4,1.333486887066354E-4,1.887917895427038E-5,1.3175461124549865E-5,3.7533206819001664E-5,3.0517531451604122E-5,1.712258355138989E-4,1.930073525765099E-5,0.0015556832304156369,5.70849784800296E-5,1.3578375508385364E-5,2.1789602750014577E-5,0.0010191997099308608,1.58794406465455E-5,2.3484218909048424E-4,5.659539043226208E-5,2.832219724155298E-4,0.009623340045057296,5.308282642961057E-5,1.8848168195537996E-5,1.1599098584802421E-5,0.002069480339608352,0.00152076407266578,3.027873949518235E-5,1.0340308573613371E-4,4.170505261894557E-5,2.1363460170763215E-5,0.05598325532676421,0.0028689252236937515,0.01360062797593782,0.0011878348383709708,0.006457255738984722,3.997203480904162E-4,3.426899868804588E-5,7.843657022503701E-4,1.256171709870511E-4,2.2389155323680382E-5,0.0011990184032548516,1.3835126244280197E-5],[0.0025566282748927687,1.424031793812177E-4,1.495140076731127E-4,4.795098633522978E-4,1.9329115355624844E-5,1.0,0.004366817791140629,4.9040997631758763E-5,0.0026451401986710005,1.7836431254985167E-4,7.619067508653787E-5,1.3156104705216984E-4,1.275171977080424E-4,1.5766511041575263E-4,1.8291111429926643E-4,1.6119111195330278E-4,0.0016287949583907648,1.065137792653228E-4,1.2068179297275708E-5,1.062728916430753E-4,0.01649396376300767,7.759585034785251E-5,8.904663226028823E-4,1.6035156946167964E-4,1.778634768593092E-4,0.0070149827628565075,1.5286250701543433E-4,1.0275072354432223E-4,5.477079856299785E-5,0.0014910222479217585,0.0014540633257626823,1.2752614690084244E-4,3.246403687551353E-4,1.5764670811449797E-4,5.030533529995407E-5,0.06467545404674294,6.008236208091141E-4,0.02290683214883809,7.772316783384199E-4,0.0010118736040106138,5.937930628254311E-4,1.678092561957295E-4,3.990296904033999E-4,1.565671224676605E-4,1.40658438691602E-4,0.0011676452217359982,2.844085493196818E-5],[0.0332729834103143,0.030727403268439934,0.026115406959365116,0.026508391750082343,0.022640181473892573,0.004366817791140629,1.0,0.02214651990379898,0.008181277953834564,0.020167269224751438,0.032945562534611554,0.0013509758587149426,0.014772151707266729,0.018780677487235692,0.023128117679393743,0.019742360609249766,0.007850070313167873,0.030516608936524303,0.006016903792101986,0.020305377026538122,0.029630129713242203,0.027145070512945242,0.02648342837966128,0.032273593725670076,0.015516390555242914,0.04065565881380897,0.031864441411931996,0.021804427930569907,0.030616629234721,0.007286035148835107,0.009175795273245566,0.02657688717364027,0.005952067036328042,0.027469600570340456,0.0047961082614161625,0.05113902435566536,0.020806087477953743,0.03308517240240326,0.006821525404382342,0.01004409160989878,0.032862109767920575,0.00542602729653806,0.01364958976926866,0.025721431552304348,0.01421683578133499,0.005033821910228405,0.024027082607257482],[0.010948676306554918,6.403922573908707E-5,1.200872140011889E-4,0.0010665847492455408,1.379020010418413E-5,4.9040997631758763E-5,0.02214651990379898,1.0,0.0032576935557364333,6.216679436033023E-5,1.4706367470827748E-5,1.1092555136456621E-5,4.85094000726769E-5,3.374536047299253E-5,3.2532115313275584E-5,4.5791435155476806E-5,7.448582491888745E-4,4.0480743102337075E-5,1.3050964191842435E-5,1.9296536159155145E-5,0.011402392169309198,1.3703695297859566E-5,7.961360096484486E-4,7.235264017295154E-5,2.465728446599368E-4,2.679503612201606E-4,4.3454201930699126E-5,7.734743844308735E-5,1.291662326328177E-5,0.001870870834598026,0.0013609836818443519,5.7486913583696925E-5,2.228234320792723E-4,1.6272140768309356E-4,2.761659459933957E-5,0.0053929325964243565,1.4432510327443254E-4,0.025977612282274968,3.1894079732774927E-4,0.001724737999491703,6.312975292806423E-4,1.508561840464122E-4,3.798569954225571E-4,1.7867255115406466E-4,6.630468855382434E-5,6.600450301025234E-4,1.3367665483005239E-5],[0.014365146307460813,0.0025587848031720043,0.0023997320339211605,0.0021181680144398583,7.038024857474528E-4,0.0026451401986710005,0.008181277953834564,0.0032576935557364333,1.0,0.001249751793366537,2.0002905782168405E-4,0.0024148529143702764,0.003204241356607007,0.0025663462570236014,0.0011601940123168132,0.0026070508041612637,0.002495361258422521,0.001408294251299404,0.0030334010234354058,0.0013777881645777974,0.007663176087622409,0.0018701371052161446,0.0018487441604042828,0.0023143972670979416,0.002507057095002879,0.021595022600126527,0.001990510378805234,0.0023248969141368464,2.804823989397246E-4,0.0029669738088092886,0.0025312443995141737,3.5570965611260756E-4,0.0019938213260825887,0.0015650455228104507,0.0028402226928246712,0.0655997107743841,0.0036394381921826414,0.003728120190348373,0.00265235999751736,0.0072248869809378525,0.0026367468415110034,0.002955140488705566,0.002493684542812379,0.003143793494706268,2.3354761716382725E-4,0.0023470259403599635,0.0012873759274215227],[0.011558508723820391,1.3899772791828305E-4,1.7620829961773347E-4,0.0010315080078954933,1.333486887066354E-4,1.7836431254985167E-4,0.020167269224751438,6.216679436033023E-5,0.001249751793366537,1.0,2.3858230859346492E-4,5.472002539295956E-5,1.3119687718172866E-4,2.221347114279095E-4,2.2702409505968776E-4,2.1288706559876815E-4,0.0018028962843090978,1.897728571743615E-4,2.1223231819974628E-4,1.2272159662808914E-4,0.01206517014938736,1.6774264191736558E-4,4.3884327078968984E-4,2.0552145556239696E-4,3.006681152682604E-4,0.02451554772725032,1.9006987984605036E-4,2.1712581204501823E-4,2.3156365329846996E-4,0.0019354502495011708,4.459054595252275E-4,1.2363093511412538E-4,3.145848409295206E-4,2.479578467402347E-4,2.2079597366478267E-4,0.017850687266063748,0.0025874404813208316,0.007204635565822376,9.133968266273227E-4,0.009439414509162195,7.876609838321402E-4,2.4173579308487113E-4,4.36550126700321E-4,1.9595894618498934E-4,1.7303065427964938E-4,0.0010986897262605486,1.987684524925168E-4],[0.009793187309449058,1.0008398919709064E-4,1.4757640894287345E-4,7.169280963598813E-4,1.887917895427038E-5,7.619067508653787E-5,0.032945562534611554,1.4706367470827748E-5,2.0002905782168405E-4,2.3858230859346492E-4,1.0,1.1464284238965646E-5,1.1362865808036424E-4,8.117216328287721E-5,5.531375841150472E-5,7.312678558653843E-5,9.698252469076522E-4,4.7870451475862284E-5,1.5249273559135894E-5,2.078857719650016E-5,7.377277309811046E-4,1.9868195602044375E-5,6.001184186220235E-4,9.416893353312069E-5,6.949435144669002E-5,0.019107322063461406,1.47362780627637E-4,6.043313631737939E-5,1.2312225179163976E-5,0.0019107408136455914,1.240168136758423E-4,9.326040960032811E-5,3.1354333648105586E-4,2.6274715344000418E-5,3.777907639806581E-5,0.014617659329737982,0.003238397478955985,0.01641335874491434,9.058662818848545E-4,0.002397373671406386,2.469611405393595E-4,9.710239129694991E-5,6.012127641031347E-4,1.3843060409267274E-4,8.081666173067875E-5,8.98008538931144E-4,1.570843523699341E-5],[0.00678794395857375,4.953136716094092E-5,1.4946123224719685E-4,4.6161256805099017E-4,1.3175461124549865E-5,1.3156104705216984E-4,0.0013509758587149426,1.1092555136456621E-5,0.0024148529143702764,5.472002539295956E-5,1.1464284238965646E-5,1.0,3.837975509008819E-5,9.639685240560742E-5,2.4227370513069604E-5,8.894854393206333E-5,4.839521958532933E-4,4.1778235258391346E-5,1.1042621777970149E-5,2.83514346646255E-5,0.0027403876766421537,1.348283709944075E-5,3.9584367271715764E-4,6.12361258189081E-5,3.355896943162039E-4,0.03897516188644259,6.74682718242424E-5,5.938519781490173E-5,1.0895888174564E-5,1.6683039795606588E-5,5.948928011936397E-4,3.3573484292199766E-5,2.437501878209747E-4,6.58981693460314E-5,3.9335544777294716E-5,0.023368460514442937,4.359806522880971E-4,0.00455867260126012,1.7996920647568113E-4,0.006904114012662552,8.288567944873672E-4,1.2574667291561026E-4,3.648245464480934E-4,1.0526472401968846E-4,7.519882345967444E-5,0.0011134026434024824,1.2898471977909913E-5],[0.007431233924219566,1.1804786102357335E-4,1.3664798302734154E-4,8.862340011681095E-4,3.7533206819001664E-5,1.275171977080424E-4,0.014772151707266729,4.85094000726769E-5,0.003204241356607007,1.3119687718172866E-4,1.1362865808036424E-4,3.837975509008819E-5,1.0,1.5752187858618607E-4,1.4501175807309706E-4,1.4905091650587726E-4,3.48533279834155E-4,1.1576913536539212E-4,1.6555901176093536E-5,1.0849296178900635E-4,0.008762766757632778,7.238349773714471E-5,6.002849694827013E-4,1.4773662125355382E-4,2.7804070815475675E-4,0.035947500928719366,1.327964121825573E-4,1.1739878078814999E-4,1.1494173126964459E-4,1.5130348047853634E-4,5.20398777765557E-4,1.2079382763808027E-4,1.987008704406839E-4,1.4029944453516465E-4,1.043465553484225E-4,0.009722845309182469,0.0011382181205073809,0.004014132559236474,5.288480671198132E-4,0.005075028379517573,0.0010162559456048691,1.7171478073676064E-4,1.7510230836271102E-4,1.6232165508162772E-4,1.0960567460322616E-4,5.808711380423379E-4,3.785815613960906E-5],[0.010390121442438033,1.1903270765268199E-4,1.5463317944395313E-4,0.001178522865108194,3.0517531451604122E-5,1.5766511041575263E-4,0.018780677487235692,3.374536047299253E-5,0.0025663462570236014,2.221347114279095E-4,8.117216328287721E-5,9.639685240560742E-5,1.5752187858618607E-4,1.0,1.9369012376497556E-4,1.8579214153264837E-4,0.0010791305824910248,1.2690104937695078E-4,7.555454076379709E-5,9.751786595460424E-5,0.004525455490883993,9.313967552703564E-5,8.478189771436288E-4,1.6110175624602322E-4,1.916985187863194E-4,0.005697749050266622,1.5871472337065196E-4,1.1319424956932568E-4,9.013265734111012E-5,0.0016012168713848028,0.0014440806463446318,1.262402200650747E-4,5.484534135975956E-4,1.6106070365162788E-4,1.4518302773052774E-4,0.012150853061534265,0.004667088144956805,0.014161876833295284,7.251533977313762E-4,0.006233345875260929,3.035564458271125E-4,2.0321458924028006E-4,5.974086386836874E-4,1.6470993004702336E-4,1.5594720978693511E-4,4.0755685786508084E-4,1.0557050970086984E-4],[0.0075701755229419685,1.5290303785783907E-4,1.5683345258960606E-4,4.5933452498131465E-4,1.712258355138989E-4,1.8291111429926643E-4,0.023128117679393743,3.2532115313275584E-5,0.0011601940123168132,2.2702409505968776E-4,5.531375841150472E-5,2.4227370513069604E-5,1.4501175807309706E-4,1.9369012376497556E-4,1.0,1.9468513546306646E-4,9.006594223782988E-4,1.6606527677355456E-4,1.8465621489085117E-5,5.535461184887582E-5,8.062766316178124E-4,1.2652060790699466E-4,0.0010333001957852728,1.847454338664869E-4,2.898088357093054E-4,0.031156244328032334,1.6371776036372748E-4,1.168985754559194E-4,4.761477410329946E-5,0.0020429633030379906,9.9020304809656E-4,1.479163333661929E-4,3.7314137608825365E-4,1.8857764771855064E-4,1.2202758761192071E-4,0.02827455803944131,0.0010636162411534883,0.025368907834364508,9.98183158692764E-4,0.007034598715132556,9.522877535813182E-4,2.1239826865161287E-4,7.707258830763795E-4,1.9201456356993503E-4,1.9035232188336544E-4,0.0010216572314616869,6.969242642646E-5],[3.0014071787776847E-4,1.2091433125844339E-4,1.7584085724368914E-4,0.0010012693138138297,1.930073525765099E-5,1.6119111195330278E-4,0.019742360609249766,4.5791435155476806E-5,0.0026070508041612637,2.1288706559876815E-4,7.312678558653843E-5,8.894854393206333E-5,1.4905091650587726E-4,1.8579214153264837E-4,1.9468513546306646E-4,1.0,5.234136097804487E-4,1.101839012240656E-4,1.0962576863815763E-4,1.0613785390034916E-4,0.010423804891208914,1.783970059777546E-4,5.71541329534596E-4,1.7255797544454233E-4,2.3473554348098235E-4,0.0032195197507236643,1.710802367008597E-4,1.630865106996911E-4,5.545541344847147E-5,4.032610172389565E-4,8.38399579119906E-4,1.6458757253051592E-4,3.6179479294585635E-4,1.7706103392626415E-4,1.2878065056420952E-4,0.07491228614260267,0.0014909598134569962,0.01647893406503603,0.001329059536862031,0.007367545891832329,4.1762581226339795E-4,1.9608234852339665E-4,2.1270667364066192E-4,1.8434943751990084E-4,1.8054088455330482E-4,6.424625999744358E-4,1.3731938525102483E-4],[0.003889838701485923,0.001568065437954335,0.0020188120400849753,0.0019062901747827357,0.0015556832304156369,0.0016287949583907648,0.007850070313167873,7.448582491888745E-4,0.002495361258422521,0.0018028962843090978,9.698252469076522E-4,4.839521958532933E-4,3.48533279834155E-4,0.0010791305824910248,9.006594223782988E-4,5.234136097804487E-4,1.0,9.67179329493394E-4,1.27643816185769E-4,6.413268798933592E-4,0.01595506775278432,1.4342729246765394E-4,0.0015664956002059002,3.3584077006949234E-4,6.963097191010096E-4,0.01858109257364898,8.47618185528216E-4,3.6136004685299064E-4,0.0014244620819948138,0.0020558432215502923,0.0018488094537996275,0.001635983293851965,0.0014503690988412062,5.384723747146271E-4,2.8455650575178495E-4,0.040329476153077075,0.002675280837014262,0.023903230682071036,0.001806512791979884,0.0037178224999587384,0.0012785772142887518,0.0016433208053027299,0.0011319256249376808,4.2961940523930013E-4,0.0016682306063573132,0.001697286546143212,0.0017782337764861778],[0.0041547109703874196,1.0432480028619297E-4,1.3656732887546233E-4,8.356102733929265E-4,5.70849784800296E-5,1.065137792653228E-4,0.030516608936524303,4.0480743102337075E-5,0.001408294251299404,1.897728571743615E-4,4.7870451475862284E-5,4.1778235258391346E-5,1.1576913536539212E-4,1.2690104937695078E-4,1.6606527677355456E-4,1.101839012240656E-4,9.67179329493394E-4,1.0,2.1085599618403827E-5,3.899332763581823E-5,0.00626735153629608,3.598738326606111E-5,4.7686645244842687E-4,1.194567943447735E-4,2.048820906912649E-4,0.011963348433214638,1.1784899256738436E-4,1.0077043584149294E-4,8.077553459326175E-5,2.5587196546840755E-4,5.429944825297068E-4,1.1233922113446652E-4,1.825301833418381E-4,1.3489878279448193E-4,5.267716611019609E-5,0.06483907543199889,0.004651190240784099,0.02195484732604996,0.0010333610586327794,0.007295919781541342,5.43854156775681E-4,2.04952702454764E-4,8.59761938669959E-4,1.0556671065848415E-4,1.051737911133236E-4,6.991027047319582E-4,5.355311518050597E-5],[4.087417040657116E-4,9.170473633870068E-5,1.469915493202767E-4,0.0010833922641074818,1.3578375508385364E-5,1.2068179297275708E-5,0.006016903792101986,1.3050964191842435E-5,0.0030334010234354058,2.1223231819974628E-4,1.5249273559135894E-5,1.1042621777970149E-5,1.6555901176093536E-5,7.555454076379709E-5,1.8465621489085117E-5,1.0962576863815763E-4,1.27643816185769E-4,2.1085599618403827E-5,1.0,1.9145526086294354E-5,0.0032414061755006015,1.4998641308850687E-5,5.828643799104338E-4,1.0235299295234288E-4,1.317324607597541E-4,0.0013663006192371253,4.6174402745840464E-5,1.8612253860141483E-5,1.0834240663421639E-5,0.0014263514900143004,0.0011415873449599349,1.9499672895916143E-5,5.250457682742566E-4,5.860916990260256E-5,2.562070758232701E-5,0.043558162808520186,0.0012548894858124579,0.0035353487671077387,0.001294030106917318,0.008448418135891462,7.157209008609357E-4,3.783598989560576E-5,7.019163329014554E-5,4.735319172956172E-5,1.0601720241096589E-4,2.59474208699053E-4,1.1034783161819636E-5],[0.005465855158769719,9.021059418392247E-5,8.074761171476286E-5,7.110962454222917E-4,2.1789602750014577E-5,1.062728916430753E-4,0.020305377026538122,1.9296536159155145E-5,0.0013777881645777974,1.2272159662808914E-4,2.078857719650016E-5,2.83514346646255E-5,1.0849296178900635E-4,9.751786595460424E-5,5.535461184887582E-5,1.0613785390034916E-4,6.413268798933592E-4,3.899332763581823E-5,1.9145526086294354E-5,1.0,0.021477903768117618,2.491850309340017E-5,3.962601223796945E-4,3.0821308214267885E-5,1.2769764106988546E-4,0.02940049925558066,6.540247764127325E-5,5.0101660786285424E-5,1.7077871427032936E-5,3.779560755637648E-4,0.0012552056450539039,7.576561318807741E-5,2.5187465577738934E-4,7.995765697405737E-5,3.629745956549874E-5,0.004855284123056083,0.004432418548007476,0.014129138870253011,0.0013771345311605668,0.006547616128521063,0.0010844282184759762,9.866504788423601E-5,3.525939778018932E-4,1.4486874844881278E-4,8.329834345287125E-5,0.0010797449209483708,2.0106232552915005E-5],[0.017861815134066435,0.010759374281824132,0.023624138044285346,0.00956607254916935,0.0010191997099308608,0.01649396376300767,0.029630129713242203,0.011402392169309198,0.007663176087622409,0.01206517014938736,7.377277309811046E-4,0.0027403876766421537,0.008762766757632778,0.004525455490883993,8.062766316178124E-4,0.010423804891208914,0.01595506775278432,0.00626735153629608,0.0032414061755006015,0.021477903768117618,1.0,0.002316292009037423,0.016518941942111513,0.008363002081081093,0.00452592936541021,0.03631364320870736,0.017732046674839543,0.012441310726562196,0.020616661594158755,0.02287987027360059,0.024673082525841057,0.01231568242853186,0.025044958463515673,0.020454501552681834,0.016974768200990212,0.027940770423794843,0.011028644138920208,0.02772103986276441,0.02147361431683935,0.010676563501897687,0.008928481864802492,0.009261870674775262,0.015780361799555404,0.022760845424697,0.016173739798694964,0.0013953594155441352,0.01910821474893888],[2.2287553394256435E-4,9.134149709738434E-5,9.22819701044176E-5,3.722683707741776E-4,1.58794406465455E-5,7.759585034785251E-5,0.027145070512945242,1.3703695297859566E-5,0.0018701371052161446,1.6774264191736558E-4,1.9868195602044375E-5,1.348283709944075E-5,7.238349773714471E-5,9.313967552703564E-5,1.2652060790699466E-4,1.783970059777546E-4,1.4342729246765394E-4,3.598738326606111E-5,1.4998641308850687E-5,2.491850309340017E-5,0.002316292009037423,1.0,3.1815872068347554E-4,4.797578066693767E-5,1.59873275292934E-4,0.03224076444260013,1.2636001592797582E-4,5.1445495394562536E-5,1.421864950536069E-5,8.294933006221187E-4,9.363289315925844E-4,5.6876195869840254E-5,4.3508848195557515E-4,3.854636037134428E-5,2.5411279901576984E-5,0.030089958748591775,0.002086754870296138,0.014331381036401242,0.0012423252210989862,5.488376902089381E-4,3.508309612415429E-5,1.9173508613326505E-5,5.8282654197255086E-5,1.139661213865505E-4,3.161961257713081E-5,5.963430156661482E-4,1.475434001211145E-5],[0.013299503789572188,2.995417759733104E-4,5.394106417844932E-4,0.0011361486790468106,2.3484218909048424E-4,8.904663226028823E-4,0.02648342837966128,7.961360096484486E-4,0.0018487441604042828,4.3884327078968984E-4,6.001184186220235E-4,3.9584367271715764E-4,6.002849694827013E-4,8.478189771436288E-4,0.0010333001957852728,5.71541329534596E-4,0.0015664956002059002,4.7686645244842687E-4,5.828643799104338E-4,3.962601223796945E-4,0.016518941942111513,3.1815872068347554E-4,1.0,6.939492182362509E-4,8.246896100626758E-4,0.025450721786365926,6.155165242421368E-4,4.992332743359959E-4,8.941432612614652E-4,0.0015373320260400963,0.0011075613516859165,2.3819440707691146E-4,8.532573721031691E-4,0.0010080464322068058,2.0045215788021487E-4,0.006242292263181066,0.0041491579375508725,0.026099462125328304,0.0012069710846921806,0.007606152168381821,0.0011404643088597718,8.806763309121132E-4,0.0010626521219388105,5.848168936150733E-4,0.001040122000641118,0.0012357349470692575,3.136333821204156E-4],[0.008357781790464055,1.2141418608577659E-4,1.6563957354344665E-4,1.913027423572062E-4,5.659539043226208E-5,1.6035156946167964E-4,0.032273593725670076,7.235264017295154E-5,0.0023143972670979416,2.0552145556239696E-4,9.416893353312069E-5,6.12361258189081E-5,1.4773662125355382E-4,1.6110175624602322E-4,1.847454338664869E-4,1.7255797544454233E-4,3.3584077006949234E-4,1.194567943447735E-4,1.0235299295234288E-4,3.0821308214267885E-5,0.008363002081081093,4.797578066693767E-5,6.939492182362509E-4,1.0,2.46262678568129E-4,0.03387857139397256,1.5897483643301523E-4,1.56997849894584E-4,5.093437928767475E-5,7.729879813758435E-4,0.0014727392781136786,1.344264372172656E-4,3.4047451523996105E-4,1.6595185721970902E-4,4.1566222380691025E-5,0.03233669843118744,0.001602161991826517,0.009232673985794524,0.0011858742498372088,0.007671978959889023,9.547081477538569E-4,2.154311240452865E-4,8.973096111986332E-4,1.8093691941278744E-4,1.1610537903862521E-4,0.001160212286220728,1.1080821868552641E-4],[0.0012607363648190902,3.1732211586209366E-4,2.656033859807397E-4,9.725389631639281E-4,2.832219724155298E-4,1.778634768593092E-4,0.015516390555242914,2.465728446599368E-4,0.002507057095002879,3.006681152682604E-4,6.949435144669002E-5,3.355896943162039E-4,2.7804070815475675E-4,1.916985187863194E-4,2.898088357093054E-4,2.3473554348098235E-4,6.963097191010096E-4,2.048820906912649E-4,1.317324607597541E-4,1.2769764106988546E-4,0.00452592936541021,1.59873275292934E-4,8.246896100626758E-4,2.46262678568129E-4,1.0,0.03640744236864852,2.470578006794006E-4,1.0820143872171414E-4,3.26768009578011E-5,5.801985082965095E-4,5.934500322510811E-4,3.4259620642348705E-4,5.523566061357366E-4,3.043533920720132E-4,7.100513297469456E-5,0.00925674717502137,0.0033305900144071227,0.022760465572088554,0.0011290978353302456,0.005192534893079836,6.802413483487675E-4,2.717838662838188E-4,4.1169746312984506E-4,3.114658624538882E-4,1.8122999447196098E-4,0.0012191513039774204,1.830283004423235E-4],[0.023133644624979608,0.00915866866745607,0.013305889809896325,0.030435400876709907,0.009623340045057296,0.0070149827628565075,0.04065565881380897,2.679503612201606E-4,0.021595022600126527,0.02451554772725032,0.019107322063461406,0.03897516188644259,0.035947500928719366,0.005697749050266622,0.031156244328032334,0.0032195197507236643,0.01858109257364898,0.011963348433214638,0.0013663006192371253,0.02940049925558066,0.03631364320870736,0.03224076444260013,0.025450721786365926,0.03387857139397256,0.03640744236864852,1.0,0.006909603041319172,0.0031358355032301464,0.025133775175636783,0.005578732331478315,0.008413774730681885,0.034370275317304196,0.02884703588910997,0.015624835477218291,0.016092735671216267,0.07133996838699833,0.024635759836510465,0.03858169173406703,0.014296270875649136,0.029566644800018926,0.03572345789596867,0.01834942817826745,0.01106444895444764,5.155123126347363E-4,0.010899018536056144,0.012033551564785345,0.02686332358539547],[0.008417505511657649,1.3317771700147507E-4,1.5155634881445026E-4,2.1402697532337854E-4,5.308282642961057E-5,1.5286250701543433E-4,0.031864441411931996,4.3454201930699126E-5,0.001990510378805234,1.9006987984605036E-4,1.47362780627637E-4,6.74682718242424E-5,1.327964121825573E-4,1.5871472337065196E-4,1.6371776036372748E-4,1.710802367008597E-4,8.47618185528216E-4,1.1784899256738436E-4,4.6174402745840464E-5,6.540247764127325E-5,0.017732046674839543,1.2636001592797582E-4,6.155165242421368E-4,1.5897483643301523E-4,2.470578006794006E-4,0.006909603041319172,1.0,1.4646993696955797E-4,7.466961835138614E-5,0.0019118674580026528,4.009686883380963E-4,1.436345148070856E-4,5.24413155580109E-4,1.583818385726591E-4,1.580260601773909E-4,0.06100881425512502,0.0015013428410397406,0.0020623943867643926,7.219278668875737E-4,3.248464256096824E-4,9.56814088929876E-4,1.6843612835525015E-4,1.8838927478883894E-4,1.5938621661770993E-4,1.1949711379989728E-4,7.054771302279261E-4,3.841720323197714E-5],[0.006356154623795727,1.0653536110087687E-4,1.3737381692284327E-4,4.121506039782526E-4,1.8848168195537996E-5,1.0275072354432223E-4,0.021804427930569907,7.734743844308735E-5,0.0023248969141368464,2.1712581204501823E-4,6.043313631737939E-5,5.938519781490173E-5,1.1739878078814999E-4,1.1319424956932568E-4,1.168985754559194E-4,1.630865106996911E-4,3.6136004685299064E-4,1.0077043584149294E-4,1.8612253860141483E-5,5.0101660786285424E-5,0.012441310726562196,5.1445495394562536E-5,4.992332743359959E-4,1.56997849894584E-4,1.0820143872171414E-4,0.0031358355032301464,1.4646993696955797E-4,1.0,4.230939775199305E-5,0.0018994422730033743,7.829790753240315E-4,1.1673930805834669E-4,3.543385633251197E-4,1.5667491670302126E-4,5.6164803820981056E-5,0.06199729177722307,0.004263811427409224,0.024779976157711915,0.0010925536482381587,0.007280394019929385,4.0879173035580576E-4,2.0897097438826517E-4,8.219374253026226E-4,1.4206498991183118E-4,1.047670894408348E-4,0.001087500826447493,5.615459414235808E-5],[0.014316543010428659,7.010397246497561E-5,9.774863768105655E-5,3.9107150937203413E-4,1.1599098584802421E-5,5.477079856299785E-5,0.030616629234721,1.291662326328177E-5,2.804823989397246E-4,2.3156365329846996E-4,1.2312225179163976E-5,1.0895888174564E-5,1.1494173126964459E-4,9.013265734111012E-5,4.761477410329946E-5,5.545541344847147E-5,0.0014244620819948138,8.077553459326175E-5,1.0834240663421639E-5,1.7077871427032936E-5,0.020616661594158755,1.421864950536069E-5,8.941432612614652E-4,5.093437928767475E-5,3.26768009578011E-5,0.025133775175636783,7.466961835138614E-5,4.230939775199305E-5,1.0,0.0014096770776537695,1.2930855962786842E-4,6.481044373411232E-5,5.008703067414332E-4,1.6055086470128418E-4,3.269526137520677E-5,0.038268434435658305,6.636921354821712E-4,0.02595636602581827,3.631867080027382E-4,0.0018505217906279773,0.0010315561923420044,1.1523599345637464E-4,3.188455276388284E-5,8.224328788674434E-5,4.2622214827947504E-5,0.001042545839484585,1.0787503084865667E-5],[0.011874042711257745,0.0013952126559950936,4.509077391963417E-4,0.0019977800493647577,0.002069480339608352,0.0014910222479217585,0.007286035148835107,0.001870870834598026,0.0029669738088092886,0.0019354502495011708,0.0019107408136455914,1.6683039795606588E-5,1.5130348047853634E-4,0.0016012168713848028,0.0020429633030379906,4.032610172389565E-4,0.0020558432215502923,2.5587196546840755E-4,0.0014263514900143004,3.779560755637648E-4,0.02287987027360059,8.294933006221187E-4,0.0015373320260400963,7.729879813758435E-4,5.801985082965095E-4,0.005578732331478315,0.0019118674580026528,0.0018994422730033743,0.0014096770776537695,1.0,0.0018136654093603966,4.30475191313873E-4,0.0010835407491934738,0.0012149748723786558,0.0013522903904804818,0.042486351072542346,0.0037302440065674837,0.015580792481180274,0.001574006647545779,0.004691672616764696,0.0017819809370684422,3.5208918148365204E-4,0.0021654224189697584,0.0020821242505311348,0.00203238410075407,0.0020759452989762084,3.178752727222998E-4],[0.003981771008604466,1.910565214469474E-4,4.590675786374064E-4,0.0012568847337747692,0.00152076407266578,0.0014540633257626823,0.009175795273245566,0.0013609836818443519,0.0025312443995141737,4.459054595252275E-4,1.240168136758423E-4,5.948928011936397E-4,5.20398777765557E-4,0.0014440806463446318,9.9020304809656E-4,8.38399579119906E-4,0.0018488094537996275,5.429944825297068E-4,0.0011415873449599349,0.0012552056450539039,0.024673082525841057,9.363289315925844E-4,0.0011075613516859165,0.0014727392781136786,5.934500322510811E-4,0.008413774730681885,4.009686883380963E-4,7.829790753240315E-4,1.2930855962786842E-4,0.0018136654093603966,1.0,0.0014285629529994565,0.0012622600415115419,6.358180211786648E-4,3.4927492677057776E-4,0.04451818554923247,0.004363430944065822,0.0277617022063615,0.0014453396555200381,0.0038723391886046022,0.0012665524904445407,0.0010612559651781534,0.0010226997252854777,0.0013842648197566892,9.54170584201294E-4,0.00151402246592935,8.156914926192447E-4],[0.008577710743869168,1.1805055099767095E-4,1.2781280968710766E-4,1.262333067026944E-4,3.027873949518235E-5,1.2752614690084244E-4,0.02657688717364027,5.7486913583696925E-5,3.5570965611260756E-4,1.2363093511412538E-4,9.326040960032811E-5,3.3573484292199766E-5,1.2079382763808027E-4,1.262402200650747E-4,1.479163333661929E-4,1.6458757253051592E-4,0.001635983293851965,1.1233922113446652E-4,1.9499672895916143E-5,7.576561318807741E-5,0.01231568242853186,5.6876195869840254E-5,2.3819440707691146E-4,1.344264372172656E-4,3.4259620642348705E-4,0.034370275317304196,1.436345148070856E-4,1.1673930805834669E-4,6.481044373411232E-5,4.30475191313873E-4,0.0014285629529994565,1.0,2.611141875451738E-4,1.5083367495861218E-4,6.673486477447728E-5,0.004038176774594436,0.0028783485338107267,0.012926124610517984,5.435725623179933E-4,0.008646469402512093,8.951545757012836E-4,1.7449015736379115E-4,2.7474628580300233E-4,1.715215215081406E-4,1.1142038526929287E-4,0.0012263294150892709,1.923091823505508E-5],[0.0055672804625251145,1.4734416993716147E-4,5.061036638637878E-4,9.542149421385502E-4,1.0340308573613371E-4,3.246403687551353E-4,0.005952067036328042,2.228234320792723E-4,0.0019938213260825887,3.145848409295206E-4,3.1354333648105586E-4,2.437501878209747E-4,1.987008704406839E-4,5.484534135975956E-4,3.7314137608825365E-4,3.6179479294585635E-4,0.0014503690988412062,1.825301833418381E-4,5.250457682742566E-4,2.5187465577738934E-4,0.025044958463515673,4.3508848195557515E-4,8.532573721031691E-4,3.4047451523996105E-4,5.523566061357366E-4,0.02884703588910997,5.24413155580109E-4,3.543385633251197E-4,5.008703067414332E-4,0.0010835407491934738,0.0012622600415115419,2.611141875451738E-4,1.0,3.3744849638074766E-4,2.902336076805321E-4,0.03602289007917267,0.001197438498319661,0.025692870675627987,0.001065423788151926,0.0013414868882157625,0.001119707986732776,2.629265490761102E-4,8.717793316115469E-4,3.2528701333778916E-4,1.3404280566252786E-4,0.0012571527743599122,2.6786566973682573E-4],[0.0015357450292689029,1.4468460372544853E-4,1.6154546973986484E-4,5.934633128819526E-4,4.170505261894557E-5,1.5764670811449797E-4,0.027469600570340456,1.6272140768309356E-4,0.0015650455228104507,2.479578467402347E-4,2.6274715344000418E-5,6.58981693460314E-5,1.4029944453516465E-4,1.6106070365162788E-4,1.8857764771855064E-4,1.7706103392626415E-4,5.384723747146271E-4,1.3489878279448193E-4,5.860916990260256E-5,7.995765697405737E-5,0.020454501552681834,3.854636037134428E-5,0.0010080464322068058,1.6595185721970902E-4,3.043533920720132E-4,0.015624835477218291,1.583818385726591E-4,1.5667491670302126E-4,1.6055086470128418E-4,0.0012149748723786558,6.358180211786648E-4,1.5083367495861218E-4,3.3744849638074766E-4,1.0,1.3680758532108112E-4,0.0209520396139447,2.582879154969049E-4,0.006081825808739262,0.0013377072618874033,0.004930705652396333,7.69059334999946E-4,2.155686766924744E-4,4.6907586125228954E-4,1.6819987513595652E-4,1.5676562138436883E-4,0.001315856081725,1.3397516141700676E-4],[0.00815082201863755,9.050372730703821E-5,9.999566475378428E-5,9.522239930776729E-4,2.1363460170763215E-5,5.030533529995407E-5,0.0047961082614161625,2.761659459933957E-5,0.0028402226928246712,2.2079597366478267E-4,3.777907639806581E-5,3.9335544777294716E-5,1.043465553484225E-4,1.4518302773052774E-4,1.2202758761192071E-4,1.2878065056420952E-4,2.8455650575178495E-4,5.267716611019609E-5,2.562070758232701E-5,3.629745956549874E-5,0.016974768200990212,2.5411279901576984E-5,2.0045215788021487E-4,4.1566222380691025E-5,7.100513297469456E-5,0.016092735671216267,1.580260601773909E-4,5.6164803820981056E-5,3.269526137520677E-5,0.0013522903904804818,3.4927492677057776E-4,6.673486477447728E-5,2.902336076805321E-4,1.3680758532108112E-4,1.0,0.0019971942059725007,0.003182570041360755,0.01428477761067324,9.40137340475623E-4,0.008826314635416199,1.7220455411740904E-4,5.4327023432560874E-5,8.376861285684517E-4,1.6892494530587357E-4,6.33238838948101E-5,1.0312833754763057E-4,3.23274796753548E-5],[0.020919964200020562,0.06331472586263968,0.03242624704998693,0.04961653956272635,0.05598325532676421,0.06467545404674294,0.05113902435566536,0.0053929325964243565,0.0655997107743841,0.017850687266063748,0.014617659329737982,0.023368460514442937,0.009722845309182469,0.012150853061534265,0.02827455803944131,0.07491228614260267,0.040329476153077075,0.06483907543199889,0.043558162808520186,0.004855284123056083,0.027940770423794843,0.030089958748591775,0.006242292263181066,0.03233669843118744,0.00925674717502137,0.07133996838699833,0.06100881425512502,0.06199729177722307,0.038268434435658305,0.042486351072542346,0.04451818554923247,0.004038176774594436,0.03602289007917267,0.0209520396139447,0.0019971942059725007,1.0,0.020092606162143166,0.05022439816541534,0.0029890318536599896,0.07642098274178069,0.04664328111378038,0.019987556593939592,0.037952102932120736,0.02766927800489474,0.058425968181010965,0.04402684029783104,0.024840740902779573],[0.008906127783076277,0.0014117081854451738,0.001495632107854967,0.0023011082289638063,0.0028689252236937515,6.008236208091141E-4,0.020806087477953743,1.4432510327443254E-4,0.0036394381921826414,0.0025874404813208316,0.003238397478955985,4.359806522880971E-4,0.0011382181205073809,0.004667088144956805,0.0010636162411534883,0.0014909598134569962,0.002675280837014262,0.004651190240784099,0.0012548894858124579,0.004432418548007476,0.011028644138920208,0.002086754870296138,0.0041491579375508725,0.001602161991826517,0.0033305900144071227,0.024635759836510465,0.0015013428410397406,0.004263811427409224,6.636921354821712E-4,0.0037302440065674837,0.004363430944065822,0.0028783485338107267,0.001197438498319661,2.582879154969049E-4,0.003182570041360755,0.020092606162143166,1.0,0.008191741452386374,0.0031124389601976856,0.00891926003581087,0.0018871042264632229,7.215213549311033E-4,0.001318071030079355,0.0038181025370888533,8.893804864173749E-4,0.004182766084215734,0.002249425817729957],[0.020572502306577103,0.021700768145507993,0.002387017798585919,0.0024259506890987213,0.01360062797593782,0.02290683214883809,0.03308517240240326,0.025977612282274968,0.003728120190348373,0.007204635565822376,0.01641335874491434,0.00455867260126012,0.004014132559236474,0.014161876833295284,0.025368907834364508,0.01647893406503603,0.023903230682071036,0.02195484732604996,0.0035353487671077387,0.014129138870253011,0.02772103986276441,0.014331381036401242,0.026099462125328304,0.009232673985794524,0.022760465572088554,0.03858169173406703,0.0020623943867643926,0.024779976157711915,0.02595636602581827,0.015580792481180274,0.0277617022063615,0.012926124610517984,0.025692870675627987,0.006081825808739262,0.01428477761067324,0.05022439816541534,0.008191741452386374,1.0,0.02343396088150303,0.0240326314157245,0.02073228542692754,0.021398465709752266,0.016595813992817336,0.006374906118664404,0.01950623974227798,0.011441896259475092,0.007429303855252518],[0.008719304558028575,5.198623529188506E-4,0.001332165629236162,0.0012894678824288488,0.0011878348383709708,7.772316783384199E-4,0.006821525404382342,3.1894079732774927E-4,0.00265235999751736,9.133968266273227E-4,9.058662818848545E-4,1.7996920647568113E-4,5.288480671198132E-4,7.251533977313762E-4,9.98183158692764E-4,0.001329059536862031,0.001806512791979884,0.0010333610586327794,0.001294030106917318,0.0013771345311605668,0.02147361431683935,0.0012423252210989862,0.0012069710846921806,0.0011858742498372088,0.0011290978353302456,0.014296270875649136,7.219278668875737E-4,0.0010925536482381587,3.631867080027382E-4,0.001574006647545779,0.0014453396555200381,5.435725623179933E-4,0.001065423788151926,0.0013377072618874033,9.40137340475623E-4,0.0029890318536599896,0.0031124389601976856,0.02343396088150303,1.0,0.009236605124758922,0.0013478631226843643,0.0012662498394796766,0.001034766233338619,0.0010768468683617263,8.942844599881036E-4,0.0013929476433811355,8.508602931775306E-4],[0.014529515895822073,0.002313490425751473,0.008003834378216801,0.005916714956421859,0.006457255738984722,0.0010118736040106138,0.01004409160989878,0.001724737999491703,0.0072248869809378525,0.009439414509162195,0.002397373671406386,0.006904114012662552,0.005075028379517573,0.006233345875260929,0.007034598715132556,0.007367545891832329,0.0037178224999587384,0.007295919781541342,0.008448418135891462,0.006547616128521063,0.010676563501897687,5.488376902089381E-4,0.007606152168381821,0.007671978959889023,0.005192534893079836,0.029566644800018926,3.248464256096824E-4,0.007280394019929385,0.0018505217906279773,0.004691672616764696,0.0038723391886046022,0.008646469402512093,0.0013414868882157625,0.004930705652396333,0.008826314635416199,0.07642098274178069,0.00891926003581087,0.0240326314157245,0.009236605124758922,1.0,0.008888081990441216,0.0034398749113318983,0.0095184060404346,0.009139589528045345,0.002552614268156751,0.0013917775762051494,0.0063376395770531],[0.004938065741159659,9.713363430609126E-4,6.875749601781289E-4,0.001169467183205036,3.997203480904162E-4,5.937930628254311E-4,0.032862109767920575,6.312975292806423E-4,0.0026367468415110034,7.876609838321402E-4,2.469611405393595E-4,8.288567944873672E-4,0.0010162559456048691,3.035564458271125E-4,9.522877535813182E-4,4.1762581226339795E-4,0.0012785772142887518,5.43854156775681E-4,7.157209008609357E-4,0.0010844282184759762,0.008928481864802492,3.508309612415429E-5,0.0011404643088597718,9.547081477538569E-4,6.802413483487675E-4,0.03572345789596867,9.56814088929876E-4,4.0879173035580576E-4,0.0010315561923420044,0.00178198093706844