[[1.0,0.002787080817977249,0.0016629896198464627,0.0048788246969730985,0.024135157997848676,0.001322029454564023,9.029821650483438E-4,0.004611383160554632,0.001397038572011798,0.001365184817400428,0.0026591361269556074,0.004742704288884532,0.0022124879203778607,0.002311587386200952,0.0018569905977251443,0.0016364309464151734,0.0031984797303453104,0.0028203824875174775,0.002531937280437137,0.004269106431460658,0.004820585370298431,0.0022202165834644605,0.0038973587262304227,0.0011688918687843201,0.004074775194658778,0.004771744388896332,0.005057952793711322,9.508544579514173E-4,0.004987251557738363,0.001212986780699683,0.001387990418851771,0.002320792163708592,0.003643882408377293,0.004015437861248274,0.002104684696209747,9.180231987500049E-4,0.0047871912351543314,6.959936832272032E-4,0.0034024424303475947,0.0046230047972820685,0.0038652734961524843,0.006649375328628233,9.736672693570017E-4],[0.002787080817977249,1.0,2.1237821711696648E-5,3.12143852295273E-5,0.01976161442005651,1.508687189836205E-5,1.983207357063872E-5,2.0741705384116018E-4,2.0072509332108977E-5,1.1949800573535948E-5,2.0919511435049293E-5,1.1321281832172473E-4,6.820857890887407E-4,3.054612559781528E-5,1.1443606314234328E-4,8.381006973951614E-4,1.850158877542376E-4,9.798448177299322E-5,4.657343736466338E-5,1.0813050591325057E-4,1.6873418123020692E-4,2.1314967335350825E-5,0.0020492730223440757,8.335032367216193E-5,0.00120483994323401,2.9329948945400628E-5,2.8021666172135654E-4,7.620877827618003E-5,1.7201851067886443E-5,8.864003332920895E-4,5.0032593725437E-4,7.545832220483366E-5,0.0029749370767969165,0.0011589635077057206,6.178149683657123E-4,5.774059861851484E-5,4.104155334606481E-5,2.3959309918084674E-5,1.998454746759817E-5,0.002293506191579466,3.872233871605314E-5,3.3273328602664154E-4,3.584850396576765E-5],[0.0016629896198464627,2.1237821711696648E-5,1.0,5.417961572045749E-5,0.03399614415178444,1.6085900641829005E-5,2.0646264848773255E-5,8.14857160714109E-4,1.962475535759771E-5,1.5700686335295213E-5,1.922863711152654E-4,4.550572420674013E-5,0.0010230581656496555,3.547380785021358E-5,1.5714429953608226E-4,8.12359928829573E-4,3.137409313980512E-5,4.360544639161978E-5,9.281611887244235E-4,6.24493675225017E-5,8.322832218097702E-5,1.0448510273791328E-4,0.0017337538929816196,6.227806889719423E-5,0.0018670872534316493,1.3775736332527478E-4,3.7379861942229834E-4,6.113347797858187E-5,1.7774672543501744E-5,7.808072520260792E-4,2.6638572277396926E-4,2.9709518043242805E-4,3.564540989566163E-4,0.0035463469251577756,0.001173388564923865,5.97967055337434E-5,9.032089403167914E-5,4.585713791517629E-5,1.8161005877024762E-5,3.854811464864483E-4,1.1847351857348621E-4,0.002926091477347231,6.404726820330825E-5],[0.0048788246969730985,3.12143852295273E-5,5.417961572045749E-5,1.0,0.010133860808786409,1.2076891483616497E-4,4.688970835432056E-5,8.420487409921234E-4,1.2342323832604678E-4,8.083713820982387E-5,2.3011039035749118E-4,1.2538700226006003E-4,7.904651499601683E-4,1.877967393828949E-4,1.909289787689309E-4,8.749372515453452E-4,2.1014407348599287E-4,1.333780964754646E-4,0.0010554322042975288,1.9379971821059994E-4,1.9321019406443146E-4,1.624447205965652E-4,0.0013928923123333182,1.544539982298013E-4,0.0014076829896268069,2.0578008645280826E-4,0.0013458653010452388,1.6235682278602012E-4,9.402257220412564E-5,5.454263672510705E-4,4.098564072860652E-4,2.9411975604712326E-4,0.001112422463051149,2.6522225721519426E-4,4.427845895059808E-4,1.327825085987072E-4,1.7508067719526033E-4,1.1566811462051491E-4,1.2021465010852733E-4,3.3619128994074373E-4,1.645445872496351E-4,0.003970433696290188,1.699751140039352E-4],[0.024135157997848676,0.01976161442005651,0.03399614415178444,0.010133860808786409,1.0,0.03750897227643488,0.020767898270747556,0.03575132264137885,0.037742360439703186,0.03471547161680646,0.028793299802378786,0.020916401311228298,0.015045894033627676,0.0036364995012102596,0.013333649313261094,0.015253773154903859,0.010912716916718322,0.014248355961820532,0.02414859991357569,0.021064713779544136,0.03465771553215951,0.012274371493882573,0.0348649811653523,0.009000324152340694,0.0216947241174157,0.017390279584450618,0.0025907675349349756,0.03001337796913647,0.017273616219270697,0.02208793453066508,0.0112248127467037,0.004955206403323911,0.03718477224908091,0.0063128261003685664,0.0036910734390182406,0.037392920591460176,0.037656048037867686,0.030542242272299843,0.03901043293000853,0.02099974933368673,0.030799545936534743,0.032940635903313205,0.012034099291106659],[0.001322029454564023,1.508687189836205E-5,1.6085900641829005E-5,1.2076891483616497E-4,0.03750897227643488,1.0,1.2039847018745462E-5,5.590808785425194E-4,1.4165311204639734E-5,1.1496683086505366E-5,2.0688118385293078E-4,3.282475358701443E-5,0.0017823535231103202,1.5867362329434796E-4,4.058460947966025E-5,6.767915442802857E-4,3.9614489404674085E-5,5.935243037144868E-5,2.777315486643747E-5,1.1920586787389716E-4,1.2261382113184892E-4,3.311281896516122E-5,0.001693478073321661,7.390394703150546E-5,2.637925446060902E-4,1.5857603245992188E-4,8.547461306173794E-4,4.225817182069389E-5,1.510958397956371E-5,4.550945223630044E-4,5.396994202788671E-4,5.954709482337583E-5,0.0029304844351262255,0.0010238389605965888,9.683612050845914E-4,1.3043994958268707E-4,2.798985434278893E-5,1.9149939975868384E-5,1.3046468675076155E-5,9.017695789790388E-4,8.014322767281182E-5,0.001448711478967398,3.9558790450612296E-5],[9.029821650483438E-4,1.983207357063872E-5,2.0646264848773255E-5,4.688970835432056E-5,0.020767898270747556,1.2039847018745462E-5,1.0,3.586656871038474E-4,1.1874972267287795E-5,1.1538581564677568E-5,2.1253087982498617E-4,6.10747723699642E-5,0.0014617472940150055,1.798810826904939E-5,1.4595904658303244E-4,3.3624979527616155E-4,1.4640844280246803E-5,5.334411167349399E-5,7.134714065572423E-4,1.2786737027129424E-4,1.1910799306927724E-4,1.061936498144198E-4,6.052875533276926E-5,9.882976672506454E-5,6.461456230179938E-4,1.9483180352724265E-4,0.0011312574775232001,4.2538954981071955E-5,1.2333509744945327E-5,7.467661052774724E-4,8.923774705489531E-5,2.5412571045394005E-4,0.0016696426890928046,3.5833478972637466E-4,2.662218352499437E-4,7.54454194615391E-5,1.1489698406483081E-4,1.6822707601948463E-5,1.3273123398043208E-5,0.0014362343688946839,6.021395398208086E-5,0.002482605653049539,4.3102688747231484E-5],[0.004611383160554632,2.0741705384116018E-4,8.14857160714109E-4,8.420487409921234E-4,0.03575132264137885,5.590808785425194E-4,3.586656871038474E-4,1.0,6.569198631114794E-4,5.912567877864199E-4,3.461409075664917E-4,1.6769478191830302E-4,0.0014523828558212087,6.475497513422715E-4,7.58367274451985E-4,0.0010489544854813573,5.855680743098229E-4,9.615596276163998E-4,0.0011608328031030505,2.2587009598064035E-4,9.89119960127606E-4,2.9753056090104014E-4,0.0014368586686207556,9.328491457661773E-4,0.001568576422138131,4.381832266055688E-4,0.001064669765531248,9.704551841877284E-4,4.409835099241136E-4,0.0010443300950620442,8.189250620112136E-4,7.493538119914052E-4,0.0022544451881141114,0.0015105739572081112,0.0013661092088905038,7.249583455221407E-4,4.157672782400107E-4,3.0177499769668285E-4,2.482465484983847E-4,0.0017308869690150143,1.5808947132486714E-4,0.006857266209648348,7.741526220072317E-4],[0.001397038572011798,2.0072509332108977E-5,1.962475535759771E-5,1.2342323832604678E-4,0.037742360439703186,1.4165311204639734E-5,1.1874972267287795E-5,6.569198631114794E-4,1.0,1.1439327288945213E-5,5.649527411581407E-5,1.0417916027995208E-4,8.953173452341314E-4,4.1495913946701924E-5,4.031493442897667E-5,5.023179605770809E-4,2.7520335637742514E-5,5.173587364226126E-5,0.0012809480785768834,1.539004417285479E-4,9.319241659989065E-5,1.0366899623181752E-4,0.0012445477518740625,1.080893880872695E-4,4.674329592193138E-4,1.6059606701256335E-4,3.662023047951186E-4,6.281788363989786E-5,1.582609344980045E-5,4.533224094192212E-5,3.9135571451350513E-4,3.3425518779076877E-4,0.0016252323383496045,0.0033704408190521297,5.802615560670876E-4,1.2154754248678048E-4,7.12174483376142E-5,7.212366140946347E-5,1.4891371991843269E-5,8.321974202384346E-5,1.1388397544125702E-4,0.007252396082867295,2.626928916582813E-5],[0.001365184817400428,1.1949800573535948E-5,1.5700686335295213E-5,8.083713820982387E-5,0.03471547161680646,1.1496683086505366E-5,1.1538581564677568E-5,5.912567877864199E-4,1.1439327288945213E-5,1.0,3.497977159476861E-5,1.0065752276395625E-4,0.0012510303649852716,7.183216598684429E-5,1.2133043740025575E-4,0.0013559999994456175,8.660460635924286E-5,6.108920975818917E-5,0.0012979695741423057,3.8287724283847946E-5,2.9654323186078598E-5,9.685669372480585E-5,0.0016786030066182262,5.990949991849085E-5,0.001923603118385962,2.163855833462859E-4,6.209560613556995E-4,3.223594398063036E-5,1.0736920775412488E-5,1.5966339986415688E-5,2.1547509860866333E-4,2.0869213637079266E-4,5.97453190296332E-4,0.0011575686520356038,4.8014341952132955E-4,1.3021006144002602E-4,1.2154208978942599E-4,3.688543795950311E-5,1.3087600957705142E-5,0.001058909182798865,3.6388921673079096E-5,0.0033413135150432522,1.0457691547166417E-4],[0.0026591361269556074,2.0919511435049293E-5,1.922863711152654E-4,2.3011039035749118E-4,0.028793299802378786,2.0688118385293078E-4,2.1253087982498617E-4,3.461409075664917E-4,5.649527411581407E-5,3.497977159476861E-5,1.0,2.4150692694882879E-4,4.266841985184589E-4,2.2968587293966232E-4,2.2767865184230996E-4,0.0014670797159320316,2.1339687849878847E-4,1.4185455323084516E-4,3.0121350477976653E-4,2.6430368379458163E-4,2.398099139301387E-4,2.006778348400606E-4,0.0018267936788723261,2.5268483928558464E-4,2.6792062765063323E-4,2.4351201858565616E-4,3.4650973454515143E-4,1.1614754601775207E-4,2.291041922975082E-4,9.829005426245235E-4,3.1864982230285185E-4,3.2424341905330426E-4,0.0016835126358946048,7.28263490266026E-4,6.903996697584546E-4,1.3065442716607404E-4,1.3056525979751704E-4,1.0103762039961218E-4,1.6793342643580365E-4,0.0017364203976854274,2.0293860578494098E-4,0.004435890156542198,2.2989773278087508E-4],[0.004742704288884532,1.1321281832172473E-4,4.550572420674013E-5,1.2538700226006003E-4,0.020916401311228298,3.282475358701443E-5,6.10747723699642E-5,1.6769478191830302E-4,1.0417916027995208E-4,1.0065752276395625E-4,2.4150692694882879E-4,1.0,9.415909531625998E-4,1.338376063054942E-4,1.2419619037283615E-4,5.134567985037219E-4,1.6376730220610277E-4,1.1604588486050439E-4,6.357859323476152E-4,1.7374430820038146E-4,2.0474490443114508E-4,1.1981880832290889E-4,2.2032683244637417E-4,1.1910300929692156E-4,4.311913256314442E-4,1.6066283548676563E-4,3.62004848611314E-4,1.146199905762894E-4,3.990420003606464E-5,7.091805056854354E-4,1.942050247618715E-4,2.1961268554110912E-4,0.002779732122234804,0.0036600956562285966,0.0014078709616482425,1.2885274850126836E-4,1.2000226641408819E-4,9.18136787636443E-5,1.0198477437483043E-4,0.002289184206875151,1.2830296635097234E-4,0.00682287641101159,1.1003207523004174E-4],[0.0022124879203778607,6.820857890887407E-4,0.0010230581656496555,7.904651499601683E-4,0.015045894033627676,0.0017823535231103202,0.0014617472940150055,0.0014523828558212087,8.953173452341314E-4,0.0012510303649852716,4.266841985184589E-4,9.415909531625998E-4,1.0,0.0013744194401020364,0.0010575696855148681,0.0017521916000676418,0.001716854814237849,3.313808622844602E-4,0.001771958913151814,6.134958418445493E-4,5.228538544715396E-4,6.776668882139809E-4,0.0018657166999772247,7.954635301654314E-4,0.0018616481532555598,0.0014261127168925744,0.001426675099693286,0.0014316327208669603,2.6626775706312713E-4,0.0015210808761324784,0.0012198763618065434,8.971998215719962E-4,0.0024429813807804773,0.003444179952286272,0.001642141260626269,7.540138188411238E-4,0.001116540905045887,0.0013939866002362995,2.254678362870304E-4,0.002240096753942831,5.823740730504809E-4,0.0055988269054717335,0.001772533030476325],[0.002311587386200952,3.054612559781528E-5,3.547380785021358E-5,1.877967393828949E-4,0.0036364995012102596,1.5867362329434796E-4,1.798810826904939E-5,6.475497513422715E-4,4.1495913946701924E-5,7.183216598684429E-5,2.2968587293966232E-4,1.338376063054942E-4,0.0013744194401020364,1.0,1.8876180592032588E-4,0.0012327213346445109,1.971896231149882E-4,1.5487820139242558E-4,3.8537554677389E-4,1.770981358807582E-4,1.8369074226520037E-4,1.404171242826678E-4,0.001464238719696254,1.2701242607021112E-4,8.18162840716966E-4,2.1714408346939297E-4,0.0011745697582207656,1.4832484401456475E-4,5.008986946893328E-5,6.247964672406062E-4,3.6583738262765736E-4,3.1684438783274535E-4,0.0013362406835005889,0.0017596487414146154,0.0011997464148572811,1.4181788290971683E-4,1.4212309954580505E-4,1.1546790937214026E-4,3.3194112768451675E-5,0.0020145973526143257,1.408025501262777E-4,0.0067438449774644745,1.5121651297768808E-4],[0.0018569905977251443,1.1443606314234328E-4,1.5714429953608226E-4,1.909289787689309E-4,0.013333649313261094,4.058460947966025E-5,1.4595904658303244E-4,7.58367274451985E-4,4.031493442897667E-5,1.2133043740025575E-4,2.2767865184230996E-4,1.2419619037283615E-4,0.0010575696855148681,1.8876180592032588E-4,1.0,9.61222134410028E-4,2.0105458182738138E-4,1.6153361979996767E-4,0.0012666006169279418,1.937174960375673E-4,2.1710298210746309E-4,1.599217453312175E-4,0.0015282740406890355,1.808076812263979E-4,3.279689221132137E-4,2.3388334065519627E-4,4.054540400251362E-4,1.814268067533671E-4,6.748303498404561E-5,4.866591737523274E-4,2.5784264835383686E-4,2.181070794831882E-4,0.002365332302014647,0.0016552564924127988,0.0014044677637278472,1.4406610484030136E-4,1.4882794671517625E-4,1.6274452138022977E-4,1.0670798901066962E-4,0.001255395240252283,1.5523088256210908E-4,0.006597913913594327,1.2142138758994342E-4],[0.0016364309464151734,8.381006973951614E-4,8.12359928829573E-4,8.749372515453452E-4,0.015253773154903859,6.767915442802857E-4,3.3624979527616155E-4,0.0010489544854813573,5.023179605770809E-4,0.0013559999994456175,0.0014670797159320316,5.134567985037219E-4,0.0017521916000676418,0.0012327213346445109,9.61222134410028E-4,1.0,2.7199760002951143E-4,1.3110979637075612E-4,0.001393902715624094,9.155113211525585E-4,6.673704023528456E-4,8.53897502547563E-4,0.0017020440066198418,6.828318414027763E-4,0.0016158154915429652,5.502971037973728E-4,0.001419436837847465,6.53861658521575E-4,0.0012308608195648388,0.00119099589383915,0.0011164945976086006,0.0013455708777834845,0.0015314137957930568,0.0031424319045309642,0.0015459120712057325,1.570817835102111E-4,1.5935818187378195E-4,2.196540694704563E-4,8.016968305318922E-5,0.002077170147006892,0.0012213584931312737,0.0016851557991301393,7.545633449733598E-4],[0.0031984797303453104,1.850158877542376E-4,3.137409313980512E-5,2.1014407348599287E-4,0.010912716916718322,3.9614489404674085E-5,1.4640844280246803E-5,5.855680743098229E-4,2.7520335637742514E-5,8.660460635924286E-5,2.1339687849878847E-4,1.6376730220610277E-4,0.001716854814237849,1.971896231149882E-4,2.0105458182738138E-4,2.7199760002951143E-4,1.0,1.1635556590500185E-4,0.001215635880435729,2.0770054093366844E-4,2.14005664154409E-4,1.5347040991416897E-4,8.911114388460734E-4,2.0699817494128228E-4,9.441491138184388E-4,2.147522835231799E-4,0.0012111124336129419,1.206181456875714E-4,1.3066085601418813E-4,8.035454604678739E-4,4.533670430763671E-4,2.9962153935819436E-4,0.0026998931636400144,9.854998904543512E-4,0.0012993489935091318,1.9692453666389297E-4,2.0690233010117615E-4,1.2063694965429336E-4,1.5917625618417635E-4,4.2105122576746774E-4,1.5556113106894923E-4,0.00468098462176266,1.7777323483678461E-4],[0.0028203824875174775,9.798448177299322E-5,4.360544639161978E-5,1.333780964754646E-4,0.014248355961820532,5.935243037144868E-5,5.334411167349399E-5,9.615596276163998E-4,5.173587364226126E-5,6.108920975818917E-5,1.4185455323084516E-4,1.1604588486050439E-4,3.313808622844602E-4,1.5487820139242558E-4,1.6153361979996767E-4,1.3110979637075612E-4,1.1635556590500185E-4,1.0,0.0012506140468470071,1.927508740988726E-4,1.9428033601639853E-4,1.1597032850584347E-4,0.0013578480333232808,1.22800487111857E-4,0.001975209216815764,2.119116529020201E-4,9.669045997573647E-4,1.1229817379383908E-4,1.0888241367583993E-4,3.5650242713614473E-4,2.5169582302556054E-4,1.1754672324375551E-4,0.002448472680731801,0.002675921258562532,0.001610251882850674,1.1973957895929942E-4,1.2248065621694727E-4,8.445083783161198E-5,5.0087653643492444E-5,0.0011326423390603082,1.230161347911742E-4,0.00677244919393991,1.1468755456698701E-4],[0.002531937280437137,4.657343736466338E-5,9.281611887244235E-4,0.0010554322042975288,0.02414859991357569,2.777315486643747E-5,7.134714065572423E-4,0.0011608328031030505,0.0012809480785768834,0.0012979695741423057,3.0121350477976653E-4,6.357859323476152E-4,0.001771958913151814,3.8537554677389E-4,0.0012666006169279418,0.001393902715624094,0.001215635880435729,0.0012506140468470071,1.0,0.001163262816682919,7.893477080898264E-4,0.00128611686113157,0.0013077567658381763,4.0209899627528887E-4,0.0018650524605860865,3.4930367465715986E-4,0.0013123326739365264,0.0012984280228025447,8.25087265314817E-4,0.001240444055125204,0.001226317644384738,3.612632512638969E-4,0.0017487673558245558,0.002600791916485631,0.0016009040369609293,1.5975502532850853E-4,5.88600732251364E-4,0.0010829795657029866,6.814112125062461E-4,0.001998965814445043,5.269676651594242E-4,0.0048499935298039875,0.0012408816750669883],[0.004269106431460658,1.0813050591325057E-4,6.24493675225017E-5,1.9379971821059994E-4,0.021064713779544136,1.1920586787389716E-4,1.2786737027129424E-4,2.2587009598064035E-4,1.539004417285479E-4,3.8287724283847946E-5,2.6430368379458163E-4,1.7374430820038146E-4,6.134958418445493E-4,1.770981358807582E-4,1.937174960375673E-4,9.155113211525585E-4,2.0770054093366844E-4,1.927508740988726E-4,0.001163262816682919,1.0,2.0710394863693128E-4,1.3085528222752822E-4,3.4519512038649045E-4,1.5730093003953345E-4,4.34194414011537E-4,2.2973645556335E-4,0.0011914704256554291,1.6451342165346814E-4,1.6189726923589057E-4,4.238854611031261E-4,5.28369829174476E-4,2.862854469757221E-4,7.935786311257112E-4,0.0010062242468901494,0.001515713923904734,1.743892067998575E-4,1.6293405203863853E-4,1.1864640315244538E-4,1.497589476170244E-4,0.0021957348557248165,2.0033394614033212E-4,0.005258685502956114,1.5404189432493122E-4],[0.004820585370298431,1.6873418123020692E-4,8.322832218097702E-5,1.9321019406443146E-4,0.03465771553215951,1.2261382113184892E-4,1.1910799306927724E-4,9.89119960127606E-4,9.319241659989065E-5,2.9654323186078598E-5,2.398099139301387E-4,2.0474490443114508E-4,5.228538544715396E-4,1.8369074226520037E-4,2.1710298210746309E-4,6.673704023528456E-4,2.14005664154409E-4,1.9428033601639853E-4,7.893477080898264E-4,2.0710394863693128E-4,1.0,1.510286884895619E-4,0.0011918281541701337,1.726482047927089E-4,6.177342175683108E-4,2.274750616389145E-4,9.760109355127477E-4,1.366708071830421E-4,5.822779830869932E-5,9.944327080744662E-4,3.31208057319532E-4,3.2484182377916064E-4,0.0015806231488812025,0.001380338663183726,0.0011343297193722845,1.6941897972535175E-4,1.4009074001756922E-4,8.136110034681966E-5,1.0458689492032202E-4,0.0013421732466213788,1.9292677453346203E-4,3.588067956718116E-4,2.091218663691827E-4],[0.0022202165834644605,2.1314967335350825E-5,1.0448510273791328E-4,1.624447205965652E-4,0.012274371493882573,3.311281896516122E-5,1.061936498144198E-4,2.9753056090104014E-4,1.0366899623181752E-4,9.685669372480585E-5,2.006778348400606E-4,1.1981880832290889E-4,6.776668882139809E-4,1.404171242826678E-4,1.599217453312175E-4,8.53897502547563E-4,1.5347040991416897E-4,1.1597032850584347E-4,0.00128611686113157,1.3085528222752822E-4,1.510286884895619E-4,1.0,1.4412903380034222E-4,1.2275219311892402E-4,5.245319037763114E-4,1.8338238743274027E-4,2.8392833466275424E-4,1.1396776288875732E-4,8.013538568695314E-5,2.537268861376779E-4,4.475242699602845E-4,2.527365440448459E-4,0.001548078894695472,0.0011404823297589254,0.0010357368594247273,1.303505003634221E-4,1.2275265621783293E-4,1.16555882725758E-4,5.752987552251553E-5,0.002252159564893494,1.3087263833196251E-4,0.00401141448780893,1.1752248891899004E-4],[0.0038973587262304227,0.0020492730223440757,0.0017337538929816196,0.0013928923123333182,0.0348649811653523,0.001693478073321661,6.052875533276926E-5,0.0014368586686207556,0.0012445477518740625,0.0016786030066182262,0.0018267936788723261,2.2032683244637417E-4,0.0018657166999772247,0.001464238719696254,0.0015282740406890355,0.0017020440066198418,8.911114388460734E-4,0.0013578480333232808,0.0013077567658381763,3.4519512038649045E-4,0.0011918281541701337,1.4412903380034222E-4,1.0,0.00292391971266135,0.0024875549983356246,0.0013477382834309298,0.0020743391003833845,0.0012047857931928821,0.001115430465622055,0.0028317127696925208,0.002720893648562747,0.00282057230424601,0.0029913708799772414,0.0036298008049169593,0.0017467420383778989,0.0011408287723989326,3.598179031520897E-4,8.083308555504654E-4,8.66443859364702E-4,0.0024195387792581976,0.0027450819495896998,0.007848568032694398,0.0011452976060345975],[0.0011688918687843201,8.335032367216193E-5,6.227806889719423E-5,1.544539982298013E-4,0.009000324152340694,7.390394703150546E-5,9.882976672506454E-5,9.328491457661773E-4,1.080893880872695E-4,5.990949991849085E-5,2.5268483928558464E-4,1.1910300929692156E-4,7.954635301654314E-4,1.2701242607021112E-4,1.808076812263979E-4,6.828318414027763E-4,2.0699817494128228E-4,1.22800487111857E-4,4.0209899627528887E-4,1.5730093003953345E-4,1.726482047927089E-4,1.2275219311892402E-4,0.00292391971266135,1.0,7.401550421488774E-4,1.4140949609886636E-4,4.7707729118322647E-4,1.1288406915579686E-4,1.1916323996597283E-4,2.519430168916708E-4,2.2869744214942925E-4,3.4000233304656955E-4,4.241037907512966E-4,0.0019045860473993485,9.198271640453069E-4,1.2614099301639192E-4,1.2302268046370565E-4,1.2332512192043341E-4,8.536231435610831E-5,0.0010660312831118988,1.3213541767705738E-4,0.00101887687095058,1.0725613108509053E-4],[0.004074775194658778,0.00120483994323401,0.0018670872534316493,0.0014076829896268069,0.0216947241174157,2.637925446060902E-4,6.461456230179938E-4,0.001568576422138131,4.674329592193138E-4,0.001923603118385962,2.6792062765063323E-4,4.311913256314442E-4,0.0018616481532555598,8.18162840716966E-4,3.279689221132137E-4,0.0016158154915429652,9.441491138184388E-4,0.001975209216815764,0.0018650524605860865,4.34194414011537E-4,6.177342175683108E-4,5.245319037763114E-4,0.0024875549983356246,7.401550421488774E-4,1.0,5.739483939971242E-4,0.001709325804561789,4.942837297443419E-4,0.0010691431473788993,0.0014718280214417441,5.450042943131733E-4,0.0017932412349944235,0.002164690452149664,0.0030354498167564537,0.002034081721171369,0.001514479293378408,0.001314498095148581,0.0018187380708303673,1.2413829077426058E-4,0.002173796215433448,0.0014933450819538648,0.004796786508484552,0.0011957258181984204],[0.004771744388896332,2.9329948945400628E-5,1.3775736332527478E-4,2.0578008645280826E-4,0.017390279584450618,1.5857603245992188E-4,1.9483180352724265E-4,4.381832266055688E-4,1.6059606701256335E-4,2.163855833462859E-4,2.4351201858565616E-4,1.6066283548676563E-4,0.0014261127168925744,2.1714408346939297E-4,2.3388334065519627E-4,5.502971037973728E-4,2.147522835231799E-4,2.119116529020201E-4,3.4930367465715986E-4,2.2973645556335E-4,2.274750616389145E-4,1.8338238743274027E-4,0.0013477382834309298,1.4140949609886636E-4,5.739483939971242E-4,1.0,5.44876756532871E-4,2.2229717323084882E-4,4.2355946245852476E-5,8.281266327348423E-4,4.196747714018699E-4,2.6947217777083656E-4,0.0027889191354444056,0.002692750439493236,7.306053123882326E-4,2.258222669067746E-4,1.962135846925159E-4,2.0805404603927097E-4,2.2384243062953483E-4,0.0014152827894490774,1.6671394067925896E-4,0.0024496906540116183,1.5491960812793283E-4],[0.005057952793711322,2.8021666172135654E-4,3.7379861942229834E-4,0.0013458653010452388,0.0025907675349349756,8.547461306173794E-4,0.0011312574775232001,0.001064669765531248,3.662023047951186E-4,6.209560613556995E-4,3.4650973454515143E-4,3.62004848611314E-4,0.001426675099693286,0.0011745697582207656,4.054540400251362E-4,0.001419436837847465,0.0012111124336129419,9.669045997573647E-4,0.0013123326739365264,0.0011914704256554291,9.760109355127477E-4,2.8392833466275424E-4,0.0020743391003833845,4.7707729118322647E-4,0.001709325804561789,5.44876756532871E-4,1.0,3.5779229098868633E-4,9.70022558791025E-5,0.00127132332255335,0.0011493838674534488,9.015422091293536E-4,0.0022515322929860925,0.0023341548443912502,0.0015053865998393855,4.2967705466232333E-4,3.40858039755782E-4,8.192228915966926E-4,0.0010730189056031738,0.001724354166607785,0.0013026389652463985,0.0033195924707045514,3.844712587209935E-4],[9.508544579514173E-4,7.620877827618003E-5,6.113347797858187E-5,1.6235682278602012E-4,0.03001337796913647,4.225817182069389E-5,4.2538954981071955E-5,9.704551841877284E-4,6.281788363989786E-5,3.223594398063036E-5,1.1614754601775207E-4,1.146199905762894E-4,0.0014316327208669603,1.4832484401456475E-4,1.814268067533671E-4,6.53861658521575E-4,1.206181456875714E-4,1.1229817379383908E-4,0.0012984280228025447,1.6451342165346814E-4,1.366708071830421E-4,1.1396776288875732E-4,0.0012047857931928821,1.1288406915579686E-4,4.942837297443419E-4,2.2229717323084882E-4,3.5779229098868633E-4,1.0,1.6632565883922487E-5,0.0010333128578071818,4.3987021871379157E-4,1.5532142305422814E-4,0.0012789179341969113,2.50143785096843E-4,0.0013035895272149485,1.2476523197367363E-4,1.2115024884171515E-4,7.620895217800251E-5,4.19007502019522E-5,0.0014256217267425853,1.1781999200575272E-4,0.004585684949789763,1.0806914994659485E-4],[0.004987251557738363,1.7201851067886443E-5,1.7774672543501744E-5,9.402257220412564E-5,0.017273616219270697,1.510958397956371E-5,1.2333509744945327E-5,4.409835099241136E-4,1.582609344980045E-5,1.0736920775412488E-5,2.291041922975082E-4,3.990420003606464E-5,2.6626775706312713E-4,5.008986946893328E-5,6.748303498404561E-5,0.0012308608195648388,1.3066085601418813E-4,1.0888241367583993E-4,8.25087265314817E-4,1.6189726923589057E-4,5.822779830869932E-5,8.013538568695314E-5,0.001115430465622055,1.1916323996597283E-4,0.0010691431473788993,4.2355946245852476E-5,9.70022558791025E-5,1.6632565883922487E-5,1.0,6.706985828781701E-4,2.4685824917214567E-4,2.6813537213129715E-4,0.0017577718593683486,2.252351609618736E-4,0.001040594799447774,6.279166728145629E-5,2.9958657124207987E-5,6.454534473885091E-5,1.4719092196175737E-5,0.001288450022822616,7.879201891440631E-5,0.007244277665035981,5.4563128504857464E-5],[0.001212986780699683,8.864003332920895E-4,7.808072520260792E-4,5.454263672510705E-4,0.02208793453066508,4.550945223630044E-4,7.467661052774724E-4,0.0010443300950620442,4.533224094192212E-5,1.5966339986415688E-5,9.829005426245235E-4,7.091805056854354E-4,0.0015210808761324784,6.247964672406062E-4,4.866591737523274E-4,0.00119099589383915,8.035454604678739E-4,3.5650242713614473E-4,0.001240444055125204,4.238854611031261E-4,9.944327080744662E-4,2.537268861376779E-4,0.0028317127696925208,2.519430168916708E-4,0.0014718280214417441,8.281266327348423E-4,0.00127132332255335,0.0010333128578071818,6.706985828781701E-4,1.0,6.163395712293427E-4,7.586966903149145E-4,0.0013999546997070433,0.0026410184633733997,0.001389119035982421,4.843367349200103E-4,2.238692226015492E-4,3.671106030977512E-4,7.252696465496163E-4,0.00129641232971732,2.615010616458395E-4,0.0015727594379145577,5.308218940502019E-4],[0.001387990418851771,5.0032593725437E-4,2.6638572277396926E-4,4.098564072860652E-4,0.0112248127467037,5.396994202788671E-4,8.923774705489531E-5,8.189250620112136E-4,3.9135571451350513E-4,2.1547509860866333E-4,3.1864982230285185E-4,1.942050247618715E-4,0.0012198763618065434,3.6583738262765736E-4,2.5784264835383686E-4,0.0011164945976086006,4.533670430763671E-4,2.5169582302556054E-4,0.001226317644384738,5.28369829174476E-4,3.31208057319532E-4,4.475242699602845E-4,0.002720893648562747,2.2869744214942925E-4,5.450042943131733E-4,4.196747714018699E-4,0.0011493838674534488,4.3987021871379157E-4,2.4685824917214567E-4,6.163395712293427E-4,1.0,4.5227197321944597E-4,0.0027850507308635527,0.0030548011933626976,5.629423364448202E-4,2.90809349517116E-4,3.2042512495586634E-4,2.0088977605489753E-4,2.4333896489940745E-4,0.0013400748412060802,5.377477695206476E-4,0.00328577260525708,5.185779057814113E-4],[0.002320792163708592,7.545832220483366E-5,2.9709518043242805E-4,2.9411975604712326E-4,0.004955206403323911,5.954709482337583E-5,2.5412571045394005E-4,7.493538119914052E-4,3.3425518779076877E-4,2.0869213637079266E-4,3.2424341905330426E-4,2.1961268554110912E-4,8.971998215719962E-4,3.1684438783274535E-4,2.181070794831882E-4,0.0013455708777834845,2.9962153935819436E-4,1.1754672324375551E-4,3.612632512638969E-4,2.862854469757221E-4,3.2484182377916064E-4,2.527365440448459E-4,0.00282057230424601,3.4000233304656955E-4,0.0017932412349944235,2.6947217777083656E-4,9.015422091293536E-4,1.5532142305422814E-4,2.6813537213129715E-4,7.586966903149145E-4,4.5227197321944597E-4,1.0,0.0020915762367572192,0.003097831542854093,0.0011088702837198199,1.3788724294877154E-4,3.290676008883981E-4,1.3860167975693653E-4,1.9978688366633103E-4,0.0012858441720620154,2.7980396456692445E-4,0.004596973362670257,2.918234051572637E-4],[0.003643882408377293,0.0029749370767969165,3.564540989566163E-4,0.001112422463051149,0.03718477224908091,0.0029304844351262255,0.0016696426890928046,0.0022544451881141114,0.0016252323383496045,5.97453190296332E-4,0.0016835126358946048,0.002779732122234804,0.0024429813807804773,0.0013362406835005889,0.002365332302014647,0.0015314137957930568,0.0026998931636400144,0.002448472680731801,0.0017487673558245558,7.935786311257112E-4,0.0015806231488812025,0.001548078894695472,0.0029913708799772414,4.241037907512966E-4,0.002164690452149664,0.0027889191354444056,0.0022515322929860925,0.0012789179341969113,0.0017577718593683486,0.0013999546997070433,0.0027850507308635527,0.0020915762367572192,1.0,0.003051302417392819,0.002232524004278856,0.0024107984365241797,9.360376424549538E-4,7.571474768227437E-4,0.001933370244032918,0.002558161553371686,0.0016229279556469953,0.006214217428481893,0.001901789407659163],[0.004015437861248274,0.0011589635077057206,0.0035463469251577756,2.6522225721519426E-4,0.0063128261003685664,0.0010238389605965888,3.5833478972637466E-4,0.0015105739572081112,0.0033704408190521297,0.0011575686520356038,7.28263490266026E-4,0.0036600956562285966,0.003444179952286272,0.0017596487414146154,0.0016552564924127988,0.0031424319045309642,9.854998904543512E-4,0.002675921258562532,0.002600791916485631,0.0010062242468901494,0.001380338663183726,0.0011404823297589254,0.0036298008049169593,0.0019045860473993485,0.0030354498167564537,0.002692750439493236,0.0023341548443912502,2.50143785096843E-4,2.252351609618736E-4,0.0026410184633733997,0.0030548011933626976,0.003097831542854093,0.003051302417392819,1.0,0.002454621053971294,0.0032949788877642615,5.041262594038428E-4,0.001275060563506759,2.4481605862167503E-4,0.0030000300645776426,0.0017103230343069454,0.0038566994527295373,0.001765360039394862],[0.002104684696209747,6.178149683657123E-4,0.001173388564923865,4.427845895059808E-4,0.0036910734390182406,9.683612050845914E-4,2.662218352499437E-4,0.0013661092088905038,5.802615560670876E-4,4.8014341952132955E-4,6.903996697584546E-4,0.0014078709616482425,0.001642141260626269,0.0011997464148572811,0.0014044677637278472,0.0015459120712057325,0.0012993489935091318,0.001610251882850674,0.0016009040369609293,0.001515713923904734,0.0011343297193722845,0.0010357368594247273,0.0017467420383778989,9.198271640453069E-4,0.002034081721171369,7.306053123882326E-4,0.0015053865998393855,0.0013035895272149485,0.001040594799447774,0.001389119035982421,5.629423364448202E-4,0.0011088702837198199,0.002232524004278856,0.002454621053971294,1.0,0.0013646471092641855,0.0012454970461793823,9.774119878023762E-4,0.001082996734843698,0.0019857712881927708,0.0014277774990778616,0.005596247027908723,3.961474330805487E-4],[9.180231987500049E-4,5.774059861851484E-5,5.97967055337434E-5,1.327825085987072E-4,0.037392920591460176,1.3043994958268707E-4,7.54454194615391E-5,7.249583455221407E-4,1.2154754248678048E-4,1.3021006144002602E-4,1.3065442716607404E-4,1.2885274850126836E-4,7.540138188411238E-4,1.4181788290971683E-4,1.4406610484030136E-4,1.570817835102111E-4,1.9692453666389297E-4,1.1973957895929942E-4,1.5975502532850853E-4,1.743892067998575E-4,1.6941897972535175E-4,1.303505003634221E-4,0.0011408287723989326,1.2614099301639192E-4,0.001514479293378408,2.258222669067746E-4,4.2967705466232333E-4,1.2476523197367363E-4,6.279166728145629E-5,4.843367349200103E-4,2.90809349517116E-4,1.3788724294877154E-4,0.0024107984365241797,0.0032949788877642615,0.0013646471092641855,1.0,1.247365606024056E-4,1.276945799381663E-4,1.284617485680183E-4,9.294462908851952E-4,1.305912544533997E-4,0.0053319422301366225,1.1516335362661528E-4],[0.0047871912351543314,4.104155334606481E-5,9.032089403167914E-5,1.7508067719526033E-4,0.037656048037867686,2.798985434278893E-5,1.1489698406483081E-4,4.157672782400107E-4,7.12174483376142E-5,1.2154208978942599E-4,1.3056525979751704E-4,1.2000226641408819E-4,0.001116540905045887,1.4212309954580505E-4,1.4882794671517625E-4,1.5935818187378195E-4,2.0690233010117615E-4,1.2248065621694727E-4,5.88600732251364E-4,1.6293405203863853E-4,1.4009074001756922E-4,1.2275265621783293E-4,3.598179031520897E-4,1.2302268046370565E-4,0.001314498095148581,1.962135846925159E-4,3.40858039755782E-4,1.2115024884171515E-4,2.9958657124207987E-5,2.238692226015492E-4,3.2042512495586634E-4,3.290676008883981E-4,9.360376424549538E-4,5.041262594038428E-4,0.0012454970461793823,1.247365606024056E-4,1.0,8.647336903004788E-5,2.3196710324830876E-5,0.0020855176000600818,1.2571331766964645E-4,0.0041130913973012615,1.2027110888968809E-4],[6.959936832272032E-4,2.3959309918084674E-5,4.585713791517629E-5,1.1566811462051491E-4,0.030542242272299843,1.9149939975868384E-5,1.6822707601948463E-5,3.0177499769668285E-4,7.212366140946347E-5,3.688543795950311E-5,1.0103762039961218E-4,9.18136787636443E-5,0.0013939866002362995,1.1546790937214026E-4,1.6274452138022977E-4,2.196540694704563E-4,1.2063694965429336E-4,8.445083783161198E-5,0.0010829795657029866,1.1864640315244538E-4,8.136110034681966E-5,1.16555882725758E-4,8.083308555504654E-4,1.2332512192043341E-4,0.0018187380708303673,2.0805404603927097E-4,8.192228915966926E-4,7.620895217800251E-5,6.454534473885091E-5,3.671106030977512E-4,2.0088977605489753E-4,1.3860167975693653E-4,7.571474768227437E-4,0.001275060563506759,9.774119878023762E-4,1.276945799381663E-4,8.647336903004788E-5,1.0,4.358929440229189E-5,7.887042171818092E-4,1.1743575219027792E-4,0.00772901528486895,9.505781236358232E-5],[0.0034024424303475947,1.998454746759817E-5,1.8161005877024762E-5,1.2021465010852733E-4,0.03901043293000853,1.3046468675076155E-5,1.3273123398043208E-5,2.482465484983847E-4,1.4891371991843269E-5,1.3087600957705142E-5,1.6793342643580365E-4,1.0198477437483043E-4,2.254678362870304E-4,3.3194112768451675E-5,1.0670798901066962E-4,8.016968305318922E-5,1.5917625618417635E-4,5.0087653643492444E-5,6.814112125062461E-4,1.497589476170244E-4,1.0458689492032202E-4,5.752987552251553E-5,8.66443859364702E-4,8.536231435610831E-5,1.2413829077426058E-4,2.2384243062953483E-4,0.0010730189056031738,4.19007502019522E-5,1.4719092196175737E-5,7.252696465496163E-4,2.4333896489940745E-4,1.9978688366633103E-4,0.001933370244032918,2.4481605862167503E-4,0.001082996734843698,1.284617485680183E-4,2.3196710324830876E-5,4.358929440229189E-5,1.0,8.20811749444785E-4,8.647906166124201E-5,3.2837123017686947E-4,5.742658274954823E-5],[0.0046230047972820685,0.002293506191579466,3.854811464864483E-4,3.3619128994074373E-4,0.02099974933368673,9.017695789790388E-4,0.0014362343688946839,0.0017308869690150143,8.321974202384346E-5,0.001058909182798865,0.0017364203976854274,0.002289184206875151,0.002240096753942831,0.0020145973526143257,0.001255395240252283,0.002077170147006892,4.2105122576746774E-4,0.0011326423390603082,0.001998965814445043,0.0021957348557248165,0.0013421732466213788,0.002252159564893494,0.0024195387792581976,0.0010660312831118988,0.002173796215433448,0.0014152827894490774,0.001724354166607785,0.0014256217267425853,0.001288450022822616,0.00129641232971732,0.0013400748412060802,0.0012858441720620154,0.002558161553371686,0.0030000300645776426,0.0019857712881927708,9.294462908851952E-4,0.0020855176000600818,7.887042171818092E-4,8.20811749444785E-4,1.0,3.551913248561672E-4,0.004563176630183587,0.0017954398693941873],[0.0038652734961524843,3.872233871605314E-5,1.1847351857348621E-4,1.645445872496351E-4,0.030799545936534743,8.014322767281182E-5,6.021395398208086E-5,1.5808947132486714E-4,1.1388397544125702E-4,3.6388921673079096E-5,2.0293860578494098E-4,1.2830296635097234E-4,5.823740730504809E-4,1.408025501262777E-4,1.5523088256210908E-4,0.0012213584931312737,1.5556113106894923E-4,1.230161347911742E-4,5.269676651594242E-4,2.0033394614033212E-4,1.9292677453346203E-4,1.3087263833196251E-4,0.0027450819495896998,1.3213541767705738E-4,0.0014933450819538648,1.6671394067925896E-4,0.0013026389652463985,1.1781999200575272E-4,7.879201891440631E-5,2.615010616458395E-4,5.377477695206476E-4,2.7980396456692445E-4,0.0016229279556469953,0.0017103230343069454,0.0014277774990778616,1.305912544533997E-4,1.2571331766964645E-4,1.1743575219027792E-4,8.647906166124201E-5,3.551913248561672E-4,1.0,0.005770045914402436,1.0763369384806458E-4],[0.006649375328628233,3.3273328602664154E-4,0.002926091477347231,0.003970433696290188,0.032940635903313205,0.001448711478967398,0.002482605653049539,0.006857266209648348,0.007252396082867295,0.0033413135150432522,0.004435890156542198,0.00682287641101159,0.0055988269054717335,0.0067438449774644745,0.006597913913594327,0.0016851557991301393,0.00468098462176266,0.00677244919393991,0.0048499935298039875,0.005258685502956114,3.588067956718116E-4,0.00401141448780893,0.007848568032694398,0.00101887687095058,0.004796786508484552,0.0024496906540116183,0.0033195924707045514,0.004585684949789763,0.007244277665035981,0.0015727594379145577,0.00328577260525708,0.004596973362670257,0.006214217428481893,0.0038566994527295373,0.005596247027908723,0.0053319422301366225,0.0041130913973012615,0.00772901528486895,3.2837123017686947E-4,0.004563176630183587,0.005770045914402436,1.0,1.6288604968179232E-4],[9.736672693570017E-4,3.584850396576765E-5,6.404726820330825E-5,1.699751140039352E-4,0.012034099291106659,3.9558790450612296E-5,4.3102688747231484E-5,7.741526220072317E-4,2.626928916582813E-5,1.0457691547166417E-4,2.2989773278087508E-4,1.1003207523004174E-4,0.001772533030476325,1.5121651297768808E-4,1.2142138758994342E-4,7.545633449733598E-4,1.7777323483678461E-4,1.1468755456698701E-4,0.0012408816750669883,1.5404189432493122E-4,2.091218663691827E-4,1.1752248891899004E-4,0.0011452976060345975,1.0725613108509053E-4,0.0011957258181984204,1.5491960812793283E-4,3.844712587209935E-4,1.0806914994659485E-4,5.4563128504857464E-5,5.308218940502019E-4,5.185779057814113E-4,2.918234051572637E-4,0.001901789407659163,0.001765360039394862,3.961474330805487E-4,1.1516335362661528E-4,1.2027110888968809E-4,9.505781236358232E-5,5.742658274954823E-5,0.0017954398693941873,1.0763369384806458E-4,1.6288604968179232E-4,1.0]]