[[1.0,0.012027357446536803,0.008277216458946107,0.004277938077973004,0.0031936771935039653,0.005201917890262231,0.008973590019332633,0.013691933647909103,0.009545702769621191,0.0019778193324867053,0.015103769303351753,0.011519519324075245,0.008539919416492422,0.011287207075725605,0.011261483494578353,0.0026164061063463644,0.010127099263344283,0.0015298380915705146,0.003376469315934292,0.010177277083742404,0.024702022108342818,0.0050376454598716714,0.013599316190131612,0.0067251792278442725,0.009331901460674061,0.011413790494544121,0.0028780534154266915,0.004995408525615228,0.00961662258266404,0.004595096471437391,0.013017984006431185,0.010832976916751844,0.04187769719351856,0.01283599824671943,0.010221902550446544,0.014294668475780802,0.004493965344909429,0.005446093193727823,0.0033183992618592163,0.013246225810344773,0.012023168786581079,0.006021618502157672,0.006792938796458564,0.012328213043974646,0.01314115942288066],[0.012027357446536803,1.0,0.001122295763594852,0.0011256152075225232,8.258178335377373E-4,0.0016005759289072078,5.050846976742696E-4,7.404809574417441E-4,3.7931646176857546E-5,0.0011550158182160207,0.01313818118257842,7.178250408399194E-4,5.376139871316862E-4,0.0021320568714993503,0.0011362048564782729,8.558751461558975E-4,6.565913407869334E-4,0.0010070114468754593,0.0012205377115750745,0.0013537340783191525,0.014248435464156512,4.3156145170829377E-4,0.0011040847694114648,0.004708178647667943,0.0020410859658556357,0.0012448393320655413,5.9186003740056495E-5,9.286114067673216E-5,7.912460427416656E-4,3.5797546815241165E-4,0.0014189556329537076,0.0010858241330871587,0.014731804953135526,6.558919310981956E-4,9.81590434975762E-4,0.016441903904504774,0.001226910843696623,0.0012195243944752858,0.0014389788435283856,0.0018397804135632668,0.001196360221846482,9.612127719436224E-4,2.9349540017239886E-4,0.0016287085313230702,0.0033387328180943614],[0.008277216458946107,0.001122295763594852,1.0,7.967800677394909E-4,1.8017081204587965E-4,9.316627580716758E-4,3.0209775832421373E-4,2.8619867187227834E-4,4.116678163377185E-5,3.5259623112461077E-4,0.015752045447843577,2.43878023046996E-4,3.133344329082222E-4,0.002029249623382382,3.411007525509578E-4,3.138169911021065E-4,1.718564165187517E-4,2.487681158710622E-4,0.0017032418703448369,0.0015167315069123726,0.010703549201390746,2.8498014567206436E-4,2.912829058337987E-4,0.002949736427857286,0.0014524227381755806,8.23640771364532E-4,1.977217104829423E-4,1.173379474269451E-4,4.056051391116111E-4,2.961434691110394E-4,0.002464311573843827,8.158130525986879E-4,0.041749199597535785,2.8923952989275804E-4,2.8074999785442534E-4,0.010408398965614239,0.0032780046062274464,0.0014972439986241281,0.001731303196436424,9.812770364663788E-4,0.0011172618823518518,2.0322505882010966E-4,1.1658498955468904E-4,3.780596357141277E-4,0.003500783024406737],[0.004277938077973004,0.0011256152075225232,7.967800677394909E-4,1.0,2.9995154287787895E-4,0.0011223365684246871,9.289226332744558E-4,6.405553013022361E-4,2.423290846051923E-4,0.001167070951214337,0.0033094615111384017,9.510004409976481E-4,8.863805723087095E-4,0.0014339358795291803,0.0010951244011540811,8.126925600424786E-4,1.8565773021346824E-4,7.860482741553247E-4,0.001656738963638672,0.0011691278219212314,0.007350745386953513,5.828877487767966E-4,6.157315879075501E-4,0.004917644893061252,0.0013133217900431935,0.0012468639872247403,6.574629356512364E-4,3.8954214873433544E-4,8.617811377975047E-4,5.198571883335669E-4,0.0018266098845912048,0.0011050190901200699,0.03760569461867952,1.6960360493917657E-4,2.919212873700683E-4,0.013580068357020409,0.0034210561825910933,0.001474557114725705,0.0018289572859956633,0.0011812583538251386,0.0014391522357794,2.3225523466648064E-4,4.465135832666902E-4,0.001264635891704888,0.0037188599818444804],[0.0031936771935039653,8.258178335377373E-4,1.8017081204587965E-4,2.9995154287787895E-4,1.0,0.0017799813233820927,2.7068957202390536E-4,1.3835234578896724E-4,5.747434355492599E-5,3.0100200694272404E-4,0.006559757682856567,1.534486816809164E-4,1.8197847352761413E-4,8.784238375360152E-4,0.0010398191494437256,1.1882488990972936E-4,1.6576620121076235E-4,1.286928547821375E-4,3.000840212237288E-4,4.3460485619340193E-4,0.019618984992108367,1.6394993932056996E-4,1.4261339734135197E-4,0.0025517611541476803,0.0013728688626634623,8.398379225452207E-4,1.1151013602147671E-4,3.052335461811351E-5,2.7260544911701467E-4,1.6811633597860323E-4,0.0020733085272447243,2.6143921224264666E-4,0.025647115419752082,1.1991421373734708E-4,1.3701622697317285E-4,0.01027193772418331,6.038942097267841E-4,6.046742244679411E-4,0.0012825121345368875,3.0009296333651924E-4,4.7189667021443026E-4,1.4687425609729942E-4,1.3206254806254403E-4,0.0011948072059539438,0.001988429494716869],[0.005201917890262231,0.0016005759289072078,9.316627580716758E-4,0.0011223365684246871,0.0017799813233820927,1.0,5.714788648268649E-4,0.001035326210530821,8.12314459338759E-4,0.0016663256376660623,0.013692867969310463,6.259815835667412E-4,2.476530763237195E-4,0.0022924009824237686,0.0017440847371921453,6.889244577961248E-4,0.001762711642438334,5.777659048328701E-4,0.001845630287073311,0.0018162883671601737,0.02171785838694664,6.545945664402689E-4,0.0014988751821401632,0.004235005086856477,0.001983837474245181,0.001722954803463311,0.0017728728144328295,8.598389016396669E-4,0.001750724044853396,5.872205070901236E-4,0.002423859486036712,0.0016656805350110352,0.016513311199165694,0.0018175906079533164,0.0011608979573726772,0.011645294787071308,0.002353922790972179,0.001742123128925235,0.001853687086192765,0.0018805435628432851,0.0017535656522224378,0.0016925022307470014,1.925954677507814E-4,0.0018159601555395224,0.003128381223748089],[0.008973590019332633,5.050846976742696E-4,3.0209775832421373E-4,9.289226332744558E-4,2.7068957202390536E-4,5.714788648268649E-4,1.0,1.9713421234650376E-4,9.11727543894927E-5,4.684277123475424E-4,0.0022368648426982054,2.4601049873977903E-4,2.0737208112148135E-4,0.002277489824496871,3.4474942181180753E-4,2.5695146010264105E-4,2.6230286726314266E-4,1.9902647938632376E-4,0.0014848794199350036,0.00119474515672493,5.888709766616718E-4,2.4289649183058357E-4,2.593518661570418E-4,0.003019204802100565,4.77025124088347E-4,3.1947535508506774E-4,1.2657648504976163E-4,1.9771624158707512E-4,3.2165488386630707E-4,1.7267224939965654E-4,0.0019219926359667922,6.622534454527E-4,0.021329963309107514,1.6636422950672914E-4,1.7599059631595316E-4,0.016560613130393698,0.0020446042940716848,0.0013027259797012115,0.0016437346868738189,0.0015903472828735865,3.889768815359082E-4,1.6176468057579787E-4,1.968295713084471E-4,0.0012626403042298613,0.001678283348675139],[0.013691933647909103,7.404809574417441E-4,2.8619867187227834E-4,6.405553013022361E-4,1.3835234578896724E-4,0.001035326210530821,1.9713421234650376E-4,1.0,3.396448232372591E-5,2.7754381865757814E-4,0.005387607061018672,7.224614076338371E-5,1.7030896446457215E-4,0.001788082569709621,5.602009229441738E-4,3.561484132506886E-5,5.308985185828386E-5,5.8307531112786694E-5,0.0017636289896395658,0.0015100978184809208,5.67944943955414E-4,8.710450453121991E-5,1.3096227521112149E-5,0.002955832938770092,0.0013122873902645423,4.849660259989889E-5,4.2636836376196114E-5,2.5862476534615266E-5,4.379259388045103E-4,1.130976844791013E-4,0.0011202945960372506,9.474165320489487E-4,0.03362594482050005,3.708232049417828E-5,7.521040210909269E-5,0.007984971016799753,0.0011911577472579126,0.001493274559224481,0.0015525459035929286,0.0015858980254258078,4.909026249670067E-4,4.383692649870366E-5,7.061706375982224E-5,7.981181196595449E-4,5.579848077639667E-4],[0.009545702769621191,3.7931646176857546E-5,4.116678163377185E-5,2.423290846051923E-4,5.747434355492599E-5,8.12314459338759E-4,9.11727543894927E-5,3.396448232372591E-5,1.0,3.2282779517071896E-4,0.019265969237987617,4.426406474304339E-5,1.0397109317585498E-4,0.00179030453502491,6.589766114037375E-4,2.475597227797518E-5,5.7096952037570656E-5,8.20284716426724E-5,0.001424413667073115,0.0010596872709652994,0.022835111575061157,6.084579710838413E-5,2.735015092820267E-5,0.0011017823861783045,2.559919887360322E-4,1.4485725046156308E-4,3.299323316695821E-5,2.87670827571047E-5,4.371626755171646E-4,1.0096410480472755E-4,0.002229145819473881,8.806055673261949E-4,0.018024989302124785,2.4168464220714383E-5,7.101783332268098E-5,0.013024695649819675,0.00329118932568049,9.025681679365927E-4,0.0017405335732866341,6.229931484239173E-4,0.0013317967340006718,8.49263694637397E-5,9.515109544545839E-5,9.366137060615583E-4,0.0030043041591821034],[0.0019778193324867053,0.0011550158182160207,3.5259623112461077E-4,0.001167070951214337,3.0100200694272404E-4,0.0016663256376660623,4.684277123475424E-4,2.7754381865757814E-4,3.2282779517071896E-4,1.0,0.007622309704800345,0.0011208494084047173,4.47542355910029E-4,0.0018100510649248073,0.0011272348538837584,4.926431287940754E-4,4.429115340747168E-4,1.4699942166227173E-4,0.001266063403969753,0.0012778720014341568,0.014291701830276683,7.427915534518507E-4,6.397685341870711E-4,0.0033585084389636307,0.0015628760313115139,0.0012399226322095107,5.054910948238196E-4,4.635101290120925E-4,0.001159818013753767,0.0010863297353278956,0.0014837278120351937,0.0010490072765587295,0.012914441787663418,9.563881665955075E-4,7.618557338336594E-4,0.016594430451609157,0.0032610903855287247,0.0014695040419232753,0.00165907623447717,0.0018062514339969207,0.0012206108093964225,8.288892880728322E-4,5.512958461393937E-4,0.0016196367535473656,0.002744679122028282],[0.015103769303351753,0.01313818118257842,0.015752045447843577,0.0033094615111384017,0.006559757682856567,0.013692867969310463,0.0022368648426982054,0.005387607061018672,0.019265969237987617,0.007622309704800345,1.0,0.014531123305474566,0.009661178399970294,0.003139877142186929,0.008449807524571525,0.0010589697623325347,0.0012856839176212408,0.006430661094241148,0.014921922625542438,0.0034273886460336857,0.022268771197546385,0.009024276902268084,0.002817314601796601,0.020827396402688016,0.014215892199585132,0.020571363970849296,0.0026206183134288453,0.01456879554007349,0.014279462372616847,0.019299916297514628,0.0105246566042792,0.012504790259844615,0.02380287254094542,0.014147254135463683,0.002442247340207309,0.01858121611658174,0.010319018906315428,0.0029441047203138987,0.008426998213957832,0.01674161083085822,0.014398544801267465,4.441113284567969E-4,0.015128668914580515,0.022204459736003407,0.0042808756263818465],[0.011519519324075245,7.178250408399194E-4,2.43878023046996E-4,9.510004409976481E-4,1.534486816809164E-4,6.259815835667412E-4,2.4601049873977903E-4,7.224614076338371E-5,4.426406474304339E-5,0.0011208494084047173,0.014531123305474566,1.0,1.6687626570594297E-4,0.0023528624528457035,0.0010821930886647617,3.229025080619103E-5,1.2003557693572772E-4,1.2975209887260294E-4,0.0016352562638116551,4.063826562295393E-4,0.002711901190386375,1.3447636913579828E-4,3.433037781159018E-5,0.003984057020780792,0.001604529140814039,5.265768220670524E-4,1.0679454558084017E-4,7.80219986212332E-5,3.8640723107273225E-4,1.546780326601012E-4,0.0021122567166357116,9.319397367196446E-4,0.037428756285537206,9.542827884831646E-5,1.3293897437889713E-4,0.007181390613187937,0.0012910419367615734,4.5682289256947293E-4,1.3526121509671715E-4,9.83819176362351E-4,8.091995205747123E-4,1.2293477989729285E-4,1.2788582711675969E-4,5.599062939511743E-4,9.165127933398113E-4],[0.008539919416492422,5.376139871316862E-4,3.133344329082222E-4,8.863805723087095E-4,1.8197847352761413E-4,2.476530763237195E-4,2.0737208112148135E-4,1.7030896446457215E-4,1.0397109317585498E-4,4.47542355910029E-4,0.009661178399970294,1.6687626570594297E-4,1.0,0.0016282806396149807,2.7637544507914187E-4,1.7172243305034325E-4,1.6865949776476684E-4,1.3262131031263404E-4,6.556939839274594E-4,0.001199963493855796,0.0012642575731801186,1.4784716789271614E-4,1.8003255552774636E-4,0.001128153083050089,6.959686750636105E-4,4.3765394647420075E-4,1.3669964825839724E-4,1.3442288094039283E-4,4.314796050031395E-4,1.6129988328386578E-4,0.0015080207216222256,2.302101412309357E-4,0.02313839575256712,9.618275870400382E-5,1.7975529593169498E-4,0.0020003833937710684,0.001011224914343015,7.580849170999777E-4,1.9704892952908425E-4,0.0013462993737946526,0.0012381154446593303,1.632678034445475E-4,1.6189065968341752E-4,0.0014491346126072305,4.928867499688786E-4],[0.011287207075725605,0.0021320568714993503,0.002029249623382382,0.0014339358795291803,8.784238375360152E-4,0.0022924009824237686,0.002277489824496871,0.001788082569709621,0.00179030453502491,0.0018100510649248073,0.003139877142186929,0.0023528624528457035,0.0016282806396149807,1.0,0.0023469992553620867,5.981188863450984E-4,0.0015381173125068794,0.0012826085142649637,0.0021353756956834172,0.002045990713288572,0.019599537090357878,8.694676723962033E-4,5.706790452165289E-4,0.003285633931728577,0.002387504631678093,0.001349659629957178,0.0016790483100576176,0.0013942053679903037,0.0020266443769034167,0.00133538178108814,0.002598957669608561,0.0017187940133246203,0.044371376161807995,0.0013971373537373663,0.0012748393442660888,0.0070089349984585585,0.0038526009583984984,0.0022089717700138575,0.002368023896606161,0.002362292533023692,0.0018432787479980403,0.0023475780101160845,0.0015927094785530577,0.002219334154376245,0.0036287961897471977],[0.011261483494578353,0.0011362048564782729,3.411007525509578E-4,0.0010951244011540811,0.0010398191494437256,0.0017440847371921453,3.4474942181180753E-4,5.602009229441738E-4,6.589766114037375E-4,0.0011272348538837584,0.008449807524571525,0.0010821930886647617,2.7637544507914187E-4,0.0023469992553620867,1.0,2.6590084212150915E-4,5.219517580973043E-4,7.378779403467727E-4,0.0015918932215945552,0.001280287724198703,0.012832639575396033,0.001029135634148956,6.978225290783107E-4,0.0020544521770537714,0.0016479369161105832,0.0011801021751548305,9.060113496695809E-4,2.4392253594470337E-4,5.448856755851564E-4,9.729244394065436E-4,0.0019425188989561745,0.0010576473955736289,0.045979623529746515,9.237056412380895E-4,9.153882019325546E-4,0.008857733238598245,0.00438271917943046,0.0015096465668737377,0.0017527083449400513,0.0015169476560887784,0.001159103515072281,6.722979424400935E-4,9.009014073017924E-4,0.0016123027884010544,0.003801617319991811],[0.0026164061063463644,8.558751461558975E-4,3.138169911021065E-4,8.126925600424786E-4,1.1882488990972936E-4,6.889244577961248E-4,2.5695146010264105E-4,3.561484132506886E-5,2.475597227797518E-5,4.926431287940754E-4,0.0010589697623325347,3.229025080619103E-5,1.7172243305034325E-4,5.981188863450984E-4,2.6590084212150915E-4,1.0,6.301389739945092E-5,8.11341446784298E-5,0.001421483466433559,1.8509616977184924E-4,0.02041476117857606,4.201934648619831E-5,1.8692304629820192E-5,0.0017744168099900178,0.0016933416257695522,2.549144461741774E-4,2.1323020331534002E-5,1.718648162194717E-5,8.619233976449948E-5,9.45954908830414E-5,0.0018307890480975064,8.604135337340454E-4,0.04637724515701566,1.8520070842649156E-5,4.039285584914362E-5,1.9030451987952577E-4,0.0021437090984528324,0.0011417964175665406,8.018091775583569E-4,0.0016514119864247357,3.4326789836486825E-4,7.877614984744285E-5,2.417699720239861E-5,1.7857876866167273E-4,0.003591821089480895],[0.010127099263344283,6.565913407869334E-4,1.718564165187517E-4,1.8565773021346824E-4,1.6576620121076235E-4,0.001762711642438334,2.6230286726314266E-4,5.308985185828386E-5,5.7096952037570656E-5,4.429115340747168E-4,0.0012856839176212408,1.2003557693572772E-4,1.6865949776476684E-4,0.0015381173125068794,5.219517580973043E-4,6.301389739945092E-5,1.0,1.0825232584793009E-4,3.018954506351138E-4,3.848440612742762E-4,0.01909926708492574,1.185611966601342E-4,4.532758214272951E-5,0.004093315977817754,0.0017012313796874279,2.2560994620560057E-4,1.0495507119312895E-4,6.524350737124682E-5,1.9215776615055206E-4,1.4862683420987076E-4,7.649851694113947E-4,5.147968616253486E-4,0.008475236264290784,2.6313499645893256E-5,1.1897563985480115E-4,0.01037554073678353,0.0016060303824643359,8.50738542802769E-4,7.77978515590409E-4,0.0012497535784859088,4.026649185202581E-4,1.1068635278522813E-4,1.0959393168422016E-4,6.453280897412752E-4,0.0013584337856154369],[0.0015298380915705146,0.0010070114468754593,2.487681158710622E-4,7.860482741553247E-4,1.286928547821375E-4,5.777659048328701E-4,1.9902647938632376E-4,5.8307531112786694E-5,8.20284716426724E-5,1.4699942166227173E-4,0.006430661094241148,1.2975209887260294E-4,1.3262131031263404E-4,0.0012826085142649637,7.378779403467727E-4,8.11341446784298E-5,1.0825232584793009E-4,1.0,0.001042171856461571,9.600714303443535E-4,0.005435448201518702,1.0765021091090793E-4,9.855638946173631E-5,0.003461111878708162,0.0016913195409455019,0.0010549006684874946,7.52857019557804E-5,8.284974456255673E-5,1.591457522470217E-4,1.3607131244597676E-4,4.977399367321911E-4,9.283099549495101E-4,0.031664033145527785,7.46936916205897E-5,1.2309476027423362E-4,0.002326766369929497,0.004035544221401349,0.0013468316762794118,4.054861660182789E-4,0.001152893800788176,0.0010400016119219296,1.0816071280780866E-4,1.055051604155886E-4,0.0014955537891672198,0.003058827694280493],[0.003376469315934292,0.0012205377115750745,0.0017032418703448369,0.001656738963638672,3.000840212237288E-4,0.001845630287073311,0.0014848794199350036,0.0017636289896395658,0.001424413667073115,0.001266063403969753,0.014921922625542438,0.0016352562638116551,6.556939839274594E-4,0.0021353756956834172,0.0015918932215945552,0.001421483466433559,3.018954506351138E-4,0.001042171856461571,1.0,0.0018265003287648279,0.021557068087948435,0.0016706996285623605,0.0016350757188035069,0.004852257459825167,0.0020803101363394065,0.0014324454956962443,0.0017125477759090246,0.0014791525834266673,0.0013877588098284088,6.541681043092116E-4,0.002048675411868879,0.0016219911412767504,0.022769284557283085,0.0018254716863966604,7.586364765469983E-4,0.012420194189523451,0.003092572454502487,0.0016443225843346197,0.0018672616315909378,0.0018763904628931185,0.001608334448843036,0.0018423701878606592,9.319962540228861E-4,0.0018384923404756663,0.003524701520640051],[0.010177277083742404,0.0013537340783191525,0.0015167315069123726,0.0011691278219212314,4.3460485619340193E-4,0.0018162883671601737,0.00119474515672493,0.0015100978184809208,0.0010596872709652994,0.0012778720014341568,0.0034273886460336857,4.063826562295393E-4,0.001199963493855796,0.002045990713288572,0.001280287724198703,1.8509616977184924E-4,3.848440612742762E-4,9.600714303443535E-4,0.0018265003287648279,1.0,0.00714691813762313,0.0014030488031620864,3.288993007011758E-4,0.004879126664468859,0.002022670266054792,0.0016085589917727383,0.0010662836651662696,9.175961541191012E-4,0.0014198792576036686,9.665075182902959E-4,0.0025872325886874604,0.001103584200081712,0.03276347658905845,0.0012400490668014288,2.927575181671666E-4,0.006523455450731705,0.0035548615042973603,0.0016272344928949314,0.0018187354044772526,0.0018350151742484624,0.001614848637488457,0.001465365672308904,0.0010118573007380754,0.0017179022541612176,0.0020147102703740975],[0.024702022108342818,0.014248435464156512,0.010703549201390746,0.007350745386953513,0.019618984992108367,0.02171785838694664,5.888709766616718E-4,5.67944943955414E-4,0.022835111575061157,0.014291701830276683,0.022268771197546385,0.002711901190386375,0.0012642575731801186,0.019599537090357878,0.012832639575396033,0.02041476117857606,0.01909926708492574,0.005435448201518702,0.021557068087948435,0.00714691813762313,1.0,0.024371485800826466,0.01776233197293889,0.014314458045078339,0.015310778253772145,0.0040533595304779214,0.00899630135288032,0.01758273757119154,0.012157567537932405,0.012164749453412203,0.021272231368799594,0.006353463509012849,0.02545652360639133,0.005925073494919862,9.959603776375715E-4,0.019889368574606457,0.00441260506155898,0.0026432408743939225,0.013164684036336152,0.005833731690895724,0.015761272567912477,0.01164488854579206,0.012387254997226134,0.016457015298814957,0.010418308769521871],[0.0050376454598716714,4.3156145170829377E-4,2.8498014567206436E-4,5.828877487767966E-4,1.6394993932056996E-4,6.545945664402689E-4,2.4289649183058357E-4,8.710450453121991E-5,6.084579710838413E-5,7.427915534518507E-4,0.009024276902268084,1.3447636913579828E-4,1.4784716789271614E-4,8.694676723962033E-4,0.001029135634148956,4.201934648619831E-5,1.185611966601342E-4,1.0765021091090793E-4,0.0016706996285623605,0.0014030488031620864,0.024371485800826466,1.0,1.2267778165448793E-4,0.00472268221903735,0.0012350530593942723,1.9066530285492502E-4,6.43478519314684E-5,2.8768862734571452E-5,3.078134054383657E-4,1.5110702011684926E-4,0.0022442771463473217,4.806355273863867E-4,0.018253862670033864,2.041342370854055E-5,1.3405273975785462E-4,0.014105490755790233,3.977228701671006E-4,0.0015552135489852246,2.257638332366834E-4,1.7495566424618347E-4,6.151158156004926E-4,1.0869574671588733E-4,1.0454283969118234E-4,0.0010656235423636999,0.003707019110459799],[0.013599316190131612,0.0011040847694114648,2.912829058337987E-4,6.157315879075501E-4,1.4261339734135197E-4,0.0014988751821401632,2.593518661570418E-4,1.3096227521112149E-5,2.735015092820267E-5,6.397685341870711E-4,0.002817314601796601,3.433037781159018E-5,1.8003255552774636E-4,5.706790452165289E-4,6.978225290783107E-4,1.8692304629820192E-5,4.532758214272951E-5,9.855638946173631E-5,0.0016350757188035069,3.288993007011758E-4,0.01776233197293889,1.2267778165448793E-4,1.0,0.0035117027157722134,1.720955788870753E-4,0.001028146392122549,1.4634128369448576E-5,1.5906059488953483E-5,2.4751341941841654E-4,3.31352502814002E-5,0.0012522304087073436,2.972138014284292E-4,0.008528046149901027,1.0617160771981858E-5,6.285289704933037E-5,0.00843008764504296,5.299011109744549E-4,0.001221495160257346,9.261932520460459E-4,7.41460430123552E-4,8.26073130137587E-4,5.59154450781897E-5,9.156820799983607E-5,7.604175101734985E-4,0.0034986944013677595],[0.0067251792278442725,0.004708178647667943,0.002949736427857286,0.004917644893061252,0.0025517611541476803,0.004235005086856477,0.003019204802100565,0.002955832938770092,0.0011017823861783045,0.0033585084389636307,0.020827396402688016,0.003984057020780792,0.001128153083050089,0.003285633931728577,0.0020544521770537714,0.0017744168099900178,0.004093315977817754,0.003461111878708162,0.004852257459825167,0.004879126664468859,0.014314458045078339,0.00472268221903735,0.0035117027157722134,1.0,0.004853300275210055,0.004006450759299149,0.004082138839045867,4.2773213407606286E-4,5.443409183474976E-4,0.0024931841625777927,0.0035446859056193426,0.0041230893647276135,0.026667056577774885,0.002510602190286252,0.001378246030830432,0.012893908224154295,0.0049837838018274285,0.003847960157350099,0.0031887565564768655,0.002760968815101163,0.004603314539610013,5.686496213952291E-4,0.002364692111921835,0.002568231182784954,0.004025501802528489],[0.009331901460674061,0.0020410859658556357,0.0014524227381755806,0.0013133217900431935,0.0013728688626634623,0.001983837474245181,4.77025124088347E-4,0.0013122873902645423,2.559919887360322E-4,0.0015628760313115139,0.014215892199585132,0.001604529140814039,6.959686750636105E-4,0.002387504631678093,0.0016479369161105832,0.0016933416257695522,0.0017012313796874279,0.0016913195409455019,0.0020803101363394065,0.002022670266054792,0.015310778253772145,0.0012350530593942723,1.720955788870753E-4,0.004853300275210055,1.0,0.0018632235426300117,0.0014687460220746368,0.0018084875323896037,0.0018757795642570972,0.0020687655347322656,0.002216279749321214,0.0013455876751970746,0.010726567105946935,1.8036204342260857E-4,0.0018362472242330172,0.016901921411339237,0.0031149984923256983,0.0020114323267282808,0.0020633467839400775,0.002065198263203941,0.0019211724856386082,0.0018719561415078592,0.0013046865049937736,0.0020196157604753648,0.0024308410371252035],[0.011413790494544121,0.0012448393320655413,8.23640771364532E-4,0.0012468639872247403,8.398379225452207E-4,0.001722954803463311,3.1947535508506774E-4,4.849660259989889E-5,1.4485725046156308E-4,0.0012399226322095107,0.020571363970849296,5.265768220670524E-4,4.3765394647420075E-4,0.001349659629957178,0.0011801021751548305,2.549144461741774E-4,2.2560994620560057E-4,0.0010549006684874946,0.0014324454956962443,0.0016085589917727383,0.0040533595304779214,1.9066530285492502E-4,0.001028146392122549,0.004006450759299149,0.0018632235426300117,1.0,9.435032663530122E-4,6.306336731579541E-4,9.836327872433989E-4,1.6365320153095177E-4,0.0021975084010326575,0.0010648866587799333,0.03444850914832462,9.023046698581283E-4,0.001050890095678202,0.015897059036975088,0.0016756896662639212,0.0014215837745686515,0.0018415109531850471,0.0013586712976492953,0.0014392172838991074,8.063485573626278E-4,0.0012176837052239005,0.0016447762079153222,0.0030218394774618107],[0.0028780534154266915,5.9186003740056495E-5,1.977217104829423E-4,6.574629356512364E-4,1.1151013602147671E-4,0.0017728728144328295,1.2657648504976163E-4,4.2636836376196114E-5,3.299323316695821E-5,5.054910948238196E-4,0.0026206183134288453,1.0679454558084017E-4,1.3669964825839724E-4,0.0016790483100576176,9.060113496695809E-4,2.1323020331534002E-5,1.0495507119312895E-4,7.52857019557804E-5,0.0017125477759090246,0.0010662836651662696,0.00899630135288032,6.43478519314684E-5,1.4634128369448576E-5,0.004082138839045867,0.0014687460220746368,9.435032663530122E-4,1.0,2.879283836006399E-5,3.740508702927737E-4,9.34862146933988E-5,0.001707939421238299,7.110749676289022E-4,0.012289214093488158,2.992636867522311E-5,5.442624018683758E-5,0.005186926289446813,0.0011042503204802096,2.2125809329568813E-4,3.686455320401626E-4,4.667015984822576E-4,7.44772893041562E-4,8.692215574690328E-5,3.927822962461128E-5,4.557063702441448E-4,8.871101933886227E-4],[0.004995408525615228,9.286114067673216E-5,1.173379474269451E-4,3.8954214873433544E-4,3.052335461811351E-5,8.598389016396669E-4,1.9771624158707512E-4,2.5862476534615266E-5,2.87670827571047E-5,4.635101290120925E-4,0.01456879554007349,7.80219986212332E-5,1.3442288094039283E-4,0.0013942053679903037,2.4392253594470337E-4,1.718648162194717E-5,6.524350737124682E-5,8.284974456255673E-5,0.0014791525834266673,9.175961541191012E-4,0.01758273757119154,2.8768862734571452E-5,1.5906059488953483E-5,4.2773213407606286E-4,0.0018084875323896037,6.306336731579541E-4,2.879283836006399E-5,1.0,2.0104844956391252E-4,1.1449128484328016E-4,8.795766050089978E-4,8.945402964643834E-4,0.028855833251688043,1.629467727276364E-5,6.739067251738337E-5,0.015634806404887017,0.0020369490663248928,7.709739986043239E-4,8.067938422947152E-4,0.0012137459598558877,0.0012332508600994244,4.564713765615483E-5,6.461077277856416E-5,0.0012533596316616328,0.0017533130391783342],[0.00961662258266404,7.912460427416656E-4,4.056051391116111E-4,8.617811377975047E-4,2.7260544911701467E-4,0.001750724044853396,3.2165488386630707E-4,4.379259388045103E-4,4.371626755171646E-4,0.001159818013753767,0.014279462372616847,3.8640723107273225E-4,4.314796050031395E-4,0.0020266443769034167,5.448856755851564E-4,8.619233976449948E-5,1.9215776615055206E-4,1.591457522470217E-4,0.0013877588098284088,0.0014198792576036686,0.012157567537932405,3.078134054383657E-4,2.4751341941841654E-4,5.443409183474976E-4,0.0018757795642570972,9.836327872433989E-4,3.740508702927737E-4,2.0104844956391252E-4,1.0,2.1235086402936432E-4,0.0014085198371096646,5.275115678065607E-4,0.005379616887240047,8.617157119177938E-5,3.3819475698390936E-4,0.0047922500935983475,5.929669964928391E-4,0.0013871053668371375,0.0018018241104827118,0.0016311769837778504,5.116235870227921E-4,4.5075434788986745E-4,1.1400134569332631E-4,7.557241530720821E-4,0.002874692261483594],[0.004595096471437391,3.5797546815241165E-4,2.961434691110394E-4,5.198571883335669E-4,1.6811633597860323E-4,5.872205070901236E-4,1.7267224939965654E-4,1.130976844791013E-4,1.0096410480472755E-4,0.0010863297353278956,0.019299916297514628,1.546780326601012E-4,1.6129988328386578E-4,0.00133538178108814,9.729244394065436E-4,9.45954908830414E-5,1.4862683420987076E-4,1.3607131244597676E-4,6.541681043092116E-4,9.665075182902959E-4,0.012164749453412203,1.5110702011684926E-4,3.31352502814002E-5,0.0024931841625777927,0.0020687655347322656,1.6365320153095177E-4,9.34862146933988E-5,1.1449128484328016E-4,2.1235086402936432E-4,1.0,0.0018925786699666616,2.457341928647143E-4,0.022864090610513383,3.3520131475268095E-5,1.3222720640725382E-4,0.013908395663320923,7.894973387077238E-4,0.0014224513700652464,8.906710545213032E-4,6.759689855790033E-4,8.828496779217501E-4,1.1228284561289517E-4,1.486455237690675E-4,5.151461134732297E-4,0.002292062301285407],[0.013017984006431185,0.0014189556329537076,0.002464311573843827,0.0018266098845912048,0.0020733085272447243,0.002423859486036712,0.0019219926359667922,0.0011202945960372506,0.002229145819473881,0.0014837278120351937,0.0105246566042792,0.0021122567166357116,0.0015080207216222256,0.002598957669608561,0.0019425188989561745,0.0018307890480975064,7.649851694113947E-4,4.977399367321911E-4,0.002048675411868879,0.0025872325886874604,0.021272231368799594,0.0022442771463473217,0.0012522304087073436,0.0035446859056193426,0.002216279749321214,0.0021975084010326575,0.001707939421238299,8.795766050089978E-4,0.0014085198371096646,0.0018925786699666616,1.0,0.0012875090534832491,0.026169363327552514,0.0024697237005096495,0.0012376691311930363,0.011614194731946702,0.004014573441599093,0.0016286379784127953,0.002118413736552809,0.002480866929758256,0.002598508071495903,0.001932156056509809,9.546353836272347E-4,0.002630585263246255,0.0026405246257484023],[0.010832976916751844,0.0010858241330871587,8.158130525986879E-4,0.0011050190901200699,2.6143921224264666E-4,0.0016656805350110352,6.622534454527E-4,9.474165320489487E-4,8.806055673261949E-4,0.0010490072765587295,0.012504790259844615,9.319397367196446E-4,2.302101412309357E-4,0.0017187940133246203,0.0010576473955736289,8.604135337340454E-4,5.147968616253486E-4,9.283099549495101E-4,0.0016219911412767504,0.001103584200081712,0.006353463509012849,4.806355273863867E-4,2.972138014284292E-4,0.0041230893647276135,0.0013455876751970746,0.0010648866587799333,7.110749676289022E-4,8.945402964643834E-4,5.275115678065607E-4,2.457341928647143E-4,0.0012875090534832491,1.0,0.02021461558757219,4.1811143909711027E-4,5.925796278861092E-4,0.016255223682512802,0.0015509529050678436,0.001228987849299227,0.0011734875090586242,0.0013968638557347967,0.0013886473420000624,9.445681896485608E-4,4.369260887134431E-4,0.0011839210636570567,0.0025031918173216462],[0.04187769719351856,0.014731804953135526,0.041749199597535785,0.03760569461867952,0.025647115419752082,0.016513311199165694,0.021329963309107514,0.03362594482050005,0.018024989302124785,0.012914441787663418,0.02380287254094542,0.037428756285537206,0.02313839575256712,0.044371376161807995,0.045979623529746515,0.04637724515701566,0.008475236264290784,0.031664033145527785,0.022769284557283085,0.03276347658905845,0.02545652360639133,0.018253862670033864,0.008528046149901027,0.026667056577774885,0.010726567105946935,0.03444850914832462,0.012289214093488158,0.028855833251688043,0.005379616887240047,0.022864090610513383,0.026169363327552514,0.02021461558757219,1.0,0.04705368408790045,0.01418480122599778,0.031045104852622386,0.02203690873024292,0.02569048347428619,0.03561080973626067,0.020919072364921396,0.005913857255685944,0.006336822307683078,0.04024561837612493,0.04159907083803741,0.021127753995318053],[0.01283599824671943,6.558919310981956E-4,2.8923952989275804E-4,1.6960360493917657E-4,1.1991421373734708E-4,0.0018175906079533164,1.6636422950672914E-4,3.708232049417828E-5,2.4168464220714383E-5,9.563881665955075E-4,0.014147254135463683,9.542827884831646E-5,9.618275870400382E-5,0.0013971373537373663,9.237056412380895E-4,1.8520070842649156E-5,2.6313499645893256E-5,7.46936916205897E-5,0.0018254716863966604,0.0012400490668014288,0.005925073494919862,2.041342370854055E-5,1.0617160771981858E-5,0.002510602190286252,1.8036204342260857E-4,9.023046698581283E-4,2.992636867522311E-5,1.629467727276364E-5,8.617157119177938E-5,3.3520131475268095E-5,0.0024697237005096495,4.1811143909711027E-4,0.04705368408790045,1.0,8.208117482185188E-5,0.005775728588461186,0.0024756622274557435,0.0014796492518431477,0.0013654533705509276,7.013167263367331E-4,2.264396187600675E-4,5.03728430810928E-5,2.728613268206141E-5,4.213578408014981E-4,0.00197486863596357],[0.010221902550446544,9.81590434975762E-4,2.8074999785442534E-4,2.919212873700683E-4,1.3701622697317285E-4,0.0011608979573726772,1.7599059631595316E-4,7.521040210909269E-5,7.101783332268098E-5,7.618557338336594E-4,0.002442247340207309,1.3293897437889713E-4,1.7975529593169498E-4,0.0012748393442660888,9.153882019325546E-4,4.039285584914362E-5,1.1897563985480115E-4,1.2309476027423362E-4,7.586364765469983E-4,2.927575181671666E-4,9.959603776375715E-4,1.3405273975785462E-4,6.285289704933037E-5,0.001378246030830432,0.0018362472242330172,0.001050890095678202,5.442624018683758E-5,6.739067251738337E-5,3.3819475698390936E-4,1.3222720640725382E-4,0.0012376691311930363,5.925796278861092E-4,0.01418480122599778,8.208117482185188E-5,1.0,0.013764711938533214,6.547688968959347E-4,8.934426084971784E-4,0.0012926220235397654,8.451338308569797E-4,5.121113841553036E-4,1.2341168368925468E-4,1.2557883754215696E-4,9.906981572102122E-4,0.0029879216463400615],[0.014294668475780802,0.016441903904504774,0.010408398965614239,0.013580068357020409,0.01027193772418331,0.011645294787071308,0.016560613130393698,0.007984971016799753,0.013024695649819675,0.016594430451609157,0.01858121611658174,0.007181390613187937,0.0020003833937710684,0.0070089349984585585,0.008857733238598245,1.9030451987952577E-4,0.01037554073678353,0.002326766369929497,0.012420194189523451,0.006523455450731705,0.019889368574606457,0.014105490755790233,0.00843008764504296,0.012893908224154295,0.016901921411339237,0.015897059036975088,0.005186926289446813,0.015634806404887017,0.0047922500935983475,0.013908395663320923,0.011614194731946702,0.016255223682512802,0.031045104852622386,0.005775728588461186,0.013764711938533214,1.0,0.012991510861141147,0.001704144130098199,0.0023209256812125123,0.014961733764697217,0.014032245301706835,0.010418627087439784,7.354128658316343E-4,0.007897242037091221,0.004641635976635139],[0.004493965344909429,0.001226910843696623,0.0032780046062274464,0.0034210561825910933,6.038942097267841E-4,0.002353922790972179,0.0020446042940716848,0.0011911577472579126,0.00329118932568049,0.0032610903855287247,0.010319018906315428,0.0012910419367615734,0.001011224914343015,0.0038526009583984984,0.00438271917943046,0.0021437090984528324,0.0016060303824643359,0.004035544221401349,0.003092572454502487,0.0035548615042973603,0.00441260506155898,3.977228701671006E-4,5.299011109744549E-4,0.0049837838018274285,0.0031149984923256983,0.0016756896662639212,0.0011042503204802096,0.0020369490663248928,5.929669964928391E-4,7.894973387077238E-4,0.004014573441599093,0.0015509529050678436,0.02203690873024292,0.0024756622274557435,6.547688968959347E-4,0.012991510861141147,1.0,0.002065431552867882,0.0031575944749067334,0.0025028736004896477,0.0026222567898251553,0.002873333908152658,3.1553578795187956E-4,0.0032810910378609608,0.004096607157183534],[0.005446093193727823,0.0012195243944752858,0.0014972439986241281,0.001474557114725705,6.046742244679411E-4,0.001742123128925235,0.0013027259797012115,0.001493274559224481,9.025681679365927E-4,0.0014695040419232753,0.0029441047203138987,4.5682289256947293E-4,7.580849170999777E-4,0.0022089717700138575,0.0015096465668737377,0.0011417964175665406,8.50738542802769E-4,0.0013468316762794118,0.0016443225843346197,0.0016272344928949314,0.0026432408743939225,0.0015552135489852246,0.001221495160257346,0.003847960157350099,0.0020114323267282808,0.0014215837745686515,2.2125809329568813E-4,7.709739986043239E-4,0.0013871053668371375,0.0014224513700652464,0.0016286379784127953,0.001228987849299227,0.02569048347428619,0.0014796492518431477,8.934426084971784E-4,0.001704144130098199,0.002065431552867882,1.0,0.0017887853938252352,0.0016689024868053136,0.0015039154664419404,1.1478337182102684E-4,0.0011603173624964108,0.001605236762809566,0.002498100251715963],[0.0033183992618592163,0.0014389788435283856,0.001731303196436424,0.0018289572859956633,0.0012825121345368875,0.001853687086192765,0.0016437346868738189,0.0015525459035929286,0.0017405335732866341,0.00165907623447717,0.008426998213957832,1.3526121509671715E-4,1.9704892952908425E-4,0.002368023896606161,0.0017527083449400513,8.018091775583569E-4,7.77978515590409E-4,4.054861660182789E-4,0.0018672616315909378,0.0018187354044772526,0.013164684036336152,2.257638332366834E-4,9.261932520460459E-4,0.0031887565564768655,0.0020633467839400775,0.0018415109531850471,3.686455320401626E-4,8.067938422947152E-4,0.0018018241104827118,8.906710545213032E-4,0.002118413736552809,0.0011734875090586242,0.03561080973626067,0.0013654533705509276,0.0012926220235397654,0.0023209256812125123,0.0031575944749067334,0.0017887853938252352,1.0,0.0018710584990295524,0.0018624196041879086,0.0011549544403746004,0.0013337350725156152,0.0018304496994852738,0.0037738393517564245],[0.013246225810344773,0.0018397804135632668,9.812770364663788E-4,0.0011812583538251386,3.0009296333651924E-4,0.0018805435628432851,0.0015903472828735865,0.0015858980254258078,6.229931484239173E-4,0.0018062514339969207,0.01674161083085822,9.83819176362351E-4,0.0013462993737946526,0.002362292533023692,0.0015169476560887784,0.0016514119864247357,0.0012497535784859088,0.001152893800788176,0.0018763904628931185,0.0018350151742484624,0.005833731690895724,1.7495566424618347E-4,7.41460430123552E-4,0.002760968815101163,0.002065198263203941,0.0013586712976492953,4.667015984822576E-4,0.0012137459598558877,0.0016311769837778504,6.759689855790033E-4,0.002480866929758256,0.0013968638557347967,0.020919072364921396,7.013167263367331E-4,8.451338308569797E-4,0.014961733764697217,0.0025028736004896477,0.0016689024868053136,0.0018710584990295524,1.0,0.0016583640730719782,0.0018527609858899102,4.051695428057728E-4,0.0018622125163772058,0.0036305587410443182],[0.012023168786581079,0.001196360221846482,0.0011172618823518518,0.0014391522357794,4.7189667021443026E-4,0.0017535656522224378,3.889768815359082E-4,4.909026249670067E-4,0.0013317967340006718,0.0012206108093964225,0.014398544801267465,8.091995205747123E-4,0.0012381154446593303,0.0018432787479980403,0.001159103515072281,3.4326789836486825E-4,4.026649185202581E-4,0.0010400016119219296,0.001608334448843036,0.001614848637488457,0.015761272567912477,6.151158156004926E-4,8.26073130137587E-4,0.004603314539610013,0.0019211724856386082,0.0014392172838991074,7.44772893041562E-4,0.0012332508600994244,5.116235870227921E-4,8.828496779217501E-4,0.002598508071495903,0.0013886473420000624,0.005913857255685944,2.264396187600675E-4,5.121113841553036E-4,0.014032245301706835,0.0026222567898251553,0.0015039154664419404,0.0018624196041879086,0.0016583640730719782,1.0,4.2460448082301294E-4,7.704255203305037E-4,0.00159759369608607,0.0036340373768648463],[0.006021618502157672,9.612127719436224E-4,2.0322505882010966E-4,2.3225523466648064E-4,1.4687425609729942E-4,0.0016925022307470014,1.6176468057579787E-4,4.383692649870366E-5,8.49263694637397E-5,8.288892880728322E-4,4.441113284567969E-4,1.2293477989729285E-4,1.632678034445475E-4,0.0023475780101160845,6.722979424400935E-4,7.877614984744285E-5,1.1068635278522813E-4,1.0816071280780866E-4,0.0018423701878606592,0.001465365672308904,0.01164488854579206,1.0869574671588733E-4,5.59154450781897E-5,5.686496213952291E-4,0.0018719561415078592,8.063485573626278E-4,8.692215574690328E-5,4.564713765615483E-5,4.5075434788986745E-4,1.1228284561289517E-4,0.001932156056509809,9.445681896485608E-4,0.006336822307683078,5.03728430810928E-5,1.2341168368925468E-4,0.010418627087439784,0.002873333908152658,1.1478337182102684E-4,0.0011549544403746004,0.0018527609858899102,4.2460448082301294E-4,1.0,1.0809174536985974E-4,4.125814652418973E-4,4.0667424130085754E-4],[0.006792938796458564,2.9349540017239886E-4,1.1658498955468904E-4,4.465135832666902E-4,1.3206254806254403E-4,1.925954677507814E-4,1.968295713084471E-4,7.061706375982224E-5,9.515109544545839E-5,5.512958461393937E-4,0.015128668914580515,1.2788582711675969E-4,1.6189065968341752E-4,0.0015927094785530577,9