[[1.0,0.0010941374359240438,4.947035059826765E-4,0.0021035196248991982,0.001267216632700107,0.0381771588828629,0.011627200223237617,9.823422262907624E-4,0.0010703911275899904,0.009687652177219647,8.420954897790781E-4,0.0010817304052673845,8.26160629201985E-4,0.0011298684667714462,0.0012683326128655125,6.995800930731145E-4,0.0031420389906076955,2.700079266321763E-4,6.890923117112298E-5,0.0010324877588830195,8.432531675264341E-4,0.0052600454912358485,9.569316326186302E-4,0.0011612769177415745,0.0010959084489326246,0.00971762088937876,0.0010162436494472122,0.0024334593407790836,0.0010187114415440887,0.003825059516013085,0.016593313049994642,4.58431479936139E-4,6.337131943716459E-4,0.003775621571872719,0.004802906931872053,3.0456263541899355E-4,0.0010627665168539875,0.0018462278008069763,6.081686436483954E-4,0.001383766058781071,2.854095520508057E-4,0.001564689516003382,4.686497489568367E-4,2.773197110000892E-4,6.913283190532525E-4,0.022589213020346288,9.658914886841697E-4,0.0011834262123717513,5.540471123105287E-4,9.139757774756674E-4,1.423918394878664E-4,9.231279079708556E-4,5.836058334428957E-4,7.248778537778877E-4,0.0012477068771297247,4.897618554050803E-4],[0.0010941374359240438,1.0,0.0013715171173704134,0.001995458344636803,0.0018246795737823871,0.02614032532568345,0.005366992217107203,4.0560207775417324E-4,0.0014826045163756501,0.02210607474381067,0.0016285702161021162,0.001803596728292869,0.0011733483499714072,0.0016820530930944748,0.0017316738751102538,0.0013436026531311676,0.007896384341345439,6.127138464111972E-4,0.001301116825580855,0.0013540513495023635,0.001265002858152361,0.002620181878220369,1.6203424026302267E-4,0.0017086263130794517,0.002566400940907701,0.008870482891253246,0.0014048970533519205,0.008184440052978277,2.969354418384151E-4,0.004279876875340422,0.0039461844427760365,0.0015635894473303828,0.0014138086236088697,0.004861453089088192,0.0018730122009118914,6.985334162009567E-4,0.0013982818404440322,0.001927307182292292,8.465654854285251E-4,0.0024313510529975803,6.476532086439241E-4,0.0018504631753594176,0.0013551901741021913,0.0012725423386617766,6.003447218892787E-4,0.030878007393845386,0.0014548120466396607,0.005411085604064482,9.85407126592853E-4,0.0011222123988466547,6.783443011614174E-4,0.0014871948276547779,9.997134678638507E-4,6.832220720481883E-4,0.001805959882568735,5.018573916591458E-4],[4.947035059826765E-4,0.0013715171173704134,1.0,5.091730219053837E-4,3.4352817045388333E-4,0.037938903246838324,9.98799850477709E-4,8.319509096351837E-5,4.300175981012324E-4,0.0016512447383284611,1.2100577567839922E-4,7.388104007438792E-4,1.8547921603957442E-4,5.339437001255174E-4,9.580263557151702E-4,7.869705242975796E-5,0.001042224339774517,1.549238701298008E-4,9.648983521708041E-5,8.418018479251651E-4,1.0212032769454604E-4,0.001412387063841134,1.0643739675612512E-4,7.525206799187908E-4,0.002612388158237274,0.0010960388199742232,3.434146127711795E-4,7.845167708734386E-4,1.1673786377103287E-4,0.0050626904406094395,0.010151280204299357,9.565888487646655E-5,4.188472686717681E-5,0.004419185212960005,0.013339499260515216,7.209104886012387E-5,2.966359958210522E-4,4.291247113816367E-4,1.314103958712906E-4,0.0023389202121585468,1.4819790167006942E-4,0.0010699994750080826,4.9196146318904565E-5,4.140034005126541E-5,2.6109639819195233E-4,0.028673901093066615,4.679763077286724E-4,0.005094997295594192,4.0290914827152013E-4,1.1159927516748412E-4,1.0343171688296894E-4,1.0741771510480255E-4,2.528911118071287E-4,3.660065917106453E-4,2.8973021323091055E-4,8.881590701370977E-5],[0.0021035196248991982,0.001995458344636803,5.091730219053837E-4,1.0,0.0016944721251480068,0.03256454920590158,0.005252373964544744,9.968888374510147E-5,0.0018701043645266652,0.01801695038290489,0.0010527352931838643,0.002090120628023803,0.0018687771047047413,0.001967467663679473,0.0015469618238411402,0.001135992535463195,0.004950594418997107,0.0019778733232162604,9.082633105434153E-4,0.002199805832904982,0.0013707711521138456,0.013089742740497956,0.001293758063225113,0.0019836049010040564,0.0026428163534421606,0.008600400071321304,0.0021743282984319798,0.008937075231254725,0.001034966232974458,0.0032768310203351156,0.015335345509239044,0.0011794427799119956,8.053092802108317E-4,0.003980089039836334,0.014679266591620738,3.6000349447829714E-4,0.0013642635452518672,0.002312453300569622,7.439572223538809E-4,0.0022178455439507915,0.0021953123970143203,0.0021698791737459464,5.283799645493944E-4,5.761021139706609E-4,0.0020369700371474656,0.0038896155609828083,0.002148323444676012,0.010011362161755317,0.001597311372501835,3.537427226850228E-4,1.3306254083879384E-4,0.0017348650578810551,0.0015724582896875648,0.0012678292025562862,0.0021963798993561816,0.0019719894920932884],[0.001267216632700107,0.0018246795737823871,3.4352817045388333E-4,0.0016944721251480068,1.0,0.024034554617780233,0.004607918927066199,0.0012766557921138327,0.0013135273264512687,0.01835407123804486,0.0010550300185991435,0.001218016393735933,0.0011579082618401763,0.0012579992184036297,0.0012992134577775147,1.2611411316306803E-4,0.009379692468121896,9.482777633427023E-4,0.0012787126812237367,0.001176348545160382,0.0010840142645275653,0.0031142363273640936,6.183713334951529E-4,0.0013419298066807376,0.0021963740149411803,0.0035152764857376774,0.0012253015545110107,0.009066190998568514,8.72036796364156E-4,0.0032051213086541465,0.006509142477570777,1.0534168225010581E-4,2.1029302696821581E-4,0.002133359851695133,0.003972354609192404,3.422006525598715E-4,0.001285648251522743,0.002129036187051697,0.0012140452714498211,0.0018694688026536566,5.372722905335558E-4,0.001601727693509305,2.464145273648893E-4,2.0324870019077827E-4,3.02388984080101E-4,0.010142264852521376,0.0012227144628112329,0.010930445363771395,9.638802013149302E-4,5.628372979467379E-4,1.1875519632596815E-4,3.12569372988771E-4,0.001133190062094166,6.455424425799742E-4,0.0013788995331240283,6.123686189866252E-4],[0.0381771588828629,0.02614032532568345,0.037938903246838324,0.03256454920590158,0.024034554617780233,1.0,0.03896225474443914,0.031032442703066813,0.03864320188999836,0.031372079121904414,0.007268137043295086,0.017992131385081513,0.020402308427806864,0.03285770450418927,0.011188164721142738,0.013566414835031335,0.046486636589126926,0.047310434153226416,0.005676842659604958,0.034949686130938976,0.04022664580234527,0.025088433092342585,0.04712106455083188,0.03961569824626265,0.01263717860832277,0.027750653557780447,0.03598763856324847,0.029048400040180368,0.0018563924893537087,0.037111983329335706,0.042934141155483926,0.024647918349568237,0.046272331957396655,0.04404222899573902,0.021006923106057854,0.02241395519021473,0.04678259620064858,0.024240493680497677,0.016714440446293857,0.01807636126124672,0.046413791095935124,0.02498270086455243,0.026133681124351472,0.010999225663400935,0.030727820290399208,0.03851585941532239,0.024909915652344163,0.02604969689741122,0.02309303746663418,0.012349347262108092,0.0016645651297739856,0.028080023065771717,0.02436254474053422,0.014435231575953446,0.031389507912367734,0.023777491634467112],[0.011627200223237617,0.005366992217107203,9.98799850477709E-4,0.005252373964544744,0.004607918927066199,0.03896225474443914,1.0,0.004405023639488766,0.0015865805265181648,0.021597416641985043,0.0031283748254153847,0.009061465958957411,0.0026518783601357006,0.011990573279405291,0.012202762310451512,0.008145549989339251,0.013642152791052546,2.6591354625547347E-4,0.0076672048520994695,0.013048688818873163,0.008773625128254619,0.014304976405263892,0.004289976634912502,0.01292794345897466,0.009278868714771717,0.012042517656511719,0.005597968229092576,0.011083756627337687,0.013567233548256544,0.010131424850833688,0.014979970212701494,0.007068098369330088,0.003730194400840908,0.009238473557366915,0.01474809453013026,0.007441621967421886,0.006477899579227848,0.011256950515551502,0.006426080950718542,0.006216691148474993,0.010251771288034955,0.008544444236680358,0.007424841960639641,0.010777135330404588,0.01115911337167015,0.01767079094198967,0.0049610347712693015,0.012076558107015294,9.634466133412169E-4,3.326558937836399E-4,0.004855701851602532,0.007652385618271474,0.008782693081557831,0.004922545437327427,0.004072007066598739,0.0035166566553708105],[9.823422262907624E-4,4.0560207775417324E-4,8.319509096351837E-5,9.968888374510147E-5,0.0012766557921138327,0.031032442703066813,0.004405023639488766,1.0,0.0011680383697782858,0.010425944118121764,1.1072211051734795E-4,0.0011824859439435755,8.47231657204902E-5,9.634579706197457E-4,2.9204527092793596E-4,2.0477429835592247E-5,0.004977370769422301,9.36254147905956E-5,1.104934101249582E-5,9.569298021406592E-4,1.2025809494498843E-5,0.010420397574290937,4.918723975037122E-5,4.637735538075531E-4,0.0015712718083866416,0.00795667112723054,1.794626973948877E-4,0.002807633460928379,6.169529640475892E-5,0.003385237991458341,0.014277331405350726,1.1378497399990238E-5,3.1414612922735116E-5,0.004890860071852992,0.0029184250185434225,1.2242622623331192E-5,6.271807708141686E-4,0.0017749610587865098,7.910875236348255E-5,0.002375011537395408,9.320649002981129E-5,0.0017402603929259203,1.4477577643034295E-5,1.1171775244069439E-5,8.509646044968707E-5,0.01549578243890984,9.204360215513178E-4,0.010226258169462259,1.72547796700944E-4,1.0102392120487796E-4,6.225135572461368E-5,6.076486133436793E-5,1.9742895156014959E-4,4.1571014111062496E-5,0.0012017864872716686,1.034058170199328E-5],[0.0010703911275899904,0.0014826045163756501,4.300175981012324E-4,0.0018701043645266652,0.0013135273264512687,0.03864320188999836,0.0015865805265181648,0.0011680383697782858,1.0,0.023358603700155852,5.934516051564549E-4,0.0012568675412566823,6.071213714207132E-4,0.001286427691617074,0.0013002340815124564,0.0010992032955993165,0.005846805911074449,8.388863116047009E-4,2.951560650474082E-4,0.001175197507183845,4.244368367545633E-4,0.002950431687806098,0.0011949490388121532,0.0015643125373137863,0.002182521211324105,0.006791167327749306,0.0012941848564819347,0.0023736939693039596,4.5338806207795014E-4,0.0016201580853632928,0.00785064528980199,4.881411879996024E-4,6.459543318180221E-4,0.00459647357252327,0.0016732869445700183,1.2341076897993763E-4,0.0012437801814679378,0.0020175115377535947,4.360906105924505E-4,0.003157261667421393,3.280362621182417E-4,0.001988011427067896,0.0012170444832482138,0.0010959684369552317,0.0010458997758272465,0.008680893315326113,9.498932840831907E-4,0.004900497279473762,9.702594198726822E-4,1.9733880094429627E-4,4.995355674179763E-4,9.719207553182911E-4,0.0011599741212542244,0.00102833771447543,0.0014189788003688072,2.650494473461972E-4],[0.009687652177219647,0.02210607474381067,0.0016512447383284611,0.01801695038290489,0.01835407123804486,0.031372079121904414,0.021597416641985043,0.010425944118121764,0.023358603700155852,1.0,0.00446521896391709,0.003948336065307338,0.010964202724076512,0.015187438849083211,0.002442448323846697,0.024675559762168134,0.016278648839606533,0.0023576926405399347,0.006960761711748579,0.0028143243387096545,0.02450307971004171,0.01686560149800219,0.02488070902038342,0.017989675598871123,0.020704190929634627,0.020253768103054,5.781875478148958E-4,0.015453083395249222,0.014807641836162197,0.010786157601663696,0.024151174760733838,4.957995226231581E-4,0.015571258066908117,0.026623034398320984,0.019815701537964782,0.016630504668753217,0.0072213090189508005,0.016212767716082963,0.01325220499846182,0.013061986697705703,4.103709732847116E-4,0.014705878047367523,0.01394319340220645,0.017641695746726617,0.010336080583965887,0.03020287719476273,0.005538725645430209,0.02007027795405245,0.012465040130020652,0.02285158199878305,0.019908729053352905,0.018287995727189862,0.010556172642730528,0.02545183853181344,0.011755608286233815,0.01647710822977141],[8.420954897790781E-4,0.0016285702161021162,1.2100577567839922E-4,0.0010527352931838643,0.0010550300185991435,0.007268137043295086,0.0031283748254153847,1.1072211051734795E-4,5.934516051564549E-4,0.00446521896391709,1.0,7.045187687571324E-4,2.605021202906883E-4,7.721972111557488E-4,0.0011926733417237402,1.268981202792571E-4,0.009022893136888453,1.413861659080042E-4,1.8325389879039956E-5,9.9827620917086E-4,1.1693225307614326E-4,0.009915818907423473,1.2803040630275528E-4,8.130009463263131E-4,0.0016018584289085077,0.006180349596413515,2.399669217602766E-4,0.0012409174396942565,1.330542790539503E-4,0.003819608431377557,0.011075980892988772,1.1701435445494359E-4,1.3152721258491524E-4,0.002693279599263962,0.004125247775687543,6.617437648193659E-5,5.536336929527798E-4,0.0013212645570283032,1.6999571836187236E-4,0.00299165200137678,1.6782151122253635E-4,0.0013324157204739702,1.6814387498118125E-5,1.3513862342660153E-4,2.5637344932482405E-4,0.017563052081486587,3.87041392289459E-4,0.011052200929708144,4.081689313510346E-4,1.3470249502313107E-4,1.3343002654063793E-4,1.2595724199251243E-4,3.360805991175256E-4,2.637177949824711E-4,0.0015146368147968602,8.2884906867688E-5],[0.0010817304052673845,0.001803596728292869,7.388104007438792E-4,0.002090120628023803,0.001218016393735933,0.017992131385081513,0.009061465958957411,0.0011824859439435755,0.0012568675412566823,0.003948336065307338,7.045187687571324E-4,1.0,0.0010036261739649567,0.0012148133349561656,0.0012103291282152338,8.919288126492402E-4,0.006582710702475295,2.2051657448612913E-4,9.823318797672204E-4,0.0011002313178770662,0.001119163042692166,0.0031272981290444172,6.297227528693669E-4,0.0015408307037705021,0.0024335217559553965,0.0013748088022867361,9.042112237237605E-4,0.0033320213920690757,1.5214211217422682E-4,0.005041738696113754,0.0076365802486205,1.372748107870063E-4,9.125983128178505E-4,0.0045788914068350985,0.010234683033833228,3.2892732638625495E-4,0.001208727938213705,0.002017398544757231,0.0010606222263453533,0.00228452722778325,4.0465311604334056E-4,0.0017902561101566538,4.1242498416238846E-4,1.1045288842065792E-4,9.674972882204334E-4,0.017878899260458863,0.001105951027337175,0.00693087405782117,6.8775687314028E-4,7.510588317890137E-4,8.923319394574329E-4,9.510867662009942E-4,0.0010279688883129956,9.161152079467711E-4,0.001336251747299571,1.0716841904847009E-4],[8.26160629201985E-4,0.0011733483499714072,1.8547921603957442E-4,0.0018687771047047413,0.0011579082618401763,0.020402308427806864,0.0026518783601357006,8.47231657204902E-5,6.071213714207132E-4,0.010964202724076512,2.605021202906883E-4,0.0010036261739649567,1.0,4.8654570672819524E-4,0.0011370157081794627,2.2188710049023965E-4,7.584789498771849E-4,3.268019703286685E-4,1.364335267875354E-4,5.224617514112697E-4,2.4252762327961605E-4,0.0013347485531297588,2.2652315558545445E-4,9.231429307020989E-4,0.0016554440318928365,0.010153959317252471,3.937101990335489E-4,6.941729829609705E-4,1.8725588386571385E-4,0.0019616394699763407,0.0053028271134388655,3.213962217776271E-4,1.3607775155946954E-4,0.004193670364008391,4.4103301578213506E-4,1.1382717132781624E-4,0.0010517690597959535,0.002093771592204134,3.36527473725325E-4,0.002633526031029799,2.0906626474627847E-4,0.0017258590918119365,1.4418082934826193E-4,1.2858406965382885E-4,3.151267685900712E-4,0.01009123018881247,8.541147595314901E-4,0.011130355909735453,3.6568009383186487E-4,2.508871942822756E-4,1.989583658406213E-4,2.940640556147549E-4,4.2809464327979484E-4,5.230746983430242E-4,4.772820433159427E-4,1.9408764750935062E-4],[0.0011298684667714462,0.0016820530930944748,5.339437001255174E-4,0.001967467663679473,0.0012579992184036297,0.03285770450418927,0.011990573279405291,9.634579706197457E-4,0.001286427691617074,0.015187438849083211,7.721972111557488E-4,0.0012148133349561656,4.8654570672819524E-4,1.0,0.0012637444226637335,0.001127615894927422,0.004604965763659853,3.954295728023919E-4,0.0010593586062927732,0.0011379063594990845,0.0011913781201662208,0.010891547804621718,0.0010850691437940792,0.0014929482661305209,0.0018636615062382882,0.008461155678419418,5.36578671509584E-4,0.002085798410834303,7.916068799436197E-4,0.003089008103085779,0.007535909037952353,0.0011050988950001709,4.694491700944274E-4,0.002944719531867445,0.011855029718827384,0.0012188556231269496,0.0012214384598492303,0.002009492341813851,0.0011544308894461265,0.002719625725907301,7.859587554609484E-4,0.0015640776704980907,2.1640252124343763E-4,6.026292385191566E-4,7.216002524717687E-4,0.018785663739966495,9.88275858655698E-4,0.003935884611805132,0.0010311876127474073,4.095772474605003E-4,9.511153819571925E-4,3.122907502043634E-4,0.0011334399384420042,0.0011199688298719791,0.001649006210312253,7.78658896196413E-4],[0.0012683326128655125,0.0017316738751102538,9.580263557151702E-4,0.0015469618238411402,0.0012992134577775147,0.011188164721142738,0.012202762310451512,2.9204527092793596E-4,0.0013002340815124564,0.002442448323846697,0.0011926733417237402,0.0012103291282152338,0.0011370157081794627,0.0012637444226637335,1.0,9.4379802394417E-5,0.008399908293536547,3.6967393248558175E-4,7.721991369825501E-4,0.001223626119021557,7.113154674709954E-4,0.011051626953708097,7.813452303881917E-4,0.0013262167651394484,0.0020211994764938027,0.007845388020576972,4.895252282211117E-4,0.005529198681228998,4.0214132938248E-4,0.0031846816867982554,0.009831304394903312,1.108683449653477E-4,0.0010749666534770554,0.0031812821765158073,0.007686560432146618,0.0011070294435146467,0.0012337638729945245,0.0020626813830572077,0.0011246043453230195,0.0022776753325360966,9.124059833501097E-4,0.001578449655670663,5.738583086262958E-4,0.0012877825025819451,0.001034234134119239,0.024474888208193848,0.0011025832189813516,0.0068274713079681535,0.0011981195258944938,8.240717545400338E-4,5.053515944331551E-4,4.512389034969494E-4,0.0012528073953086585,6.285228622278033E-4,0.0016662897033627808,8.79808904661047E-4],[6.995800930731145E-4,0.0013436026531311676,7.869705242975796E-5,0.001135992535463195,1.2611411316306803E-4,0.013566414835031335,0.008145549989339251,2.0477429835592247E-5,0.0010992032955993165,0.024675559762168134,1.268981202792571E-4,8.919288126492402E-4,2.2188710049023965E-4,0.001127615894927422,9.4379802394417E-5,1.0,0.006288993004045648,1.293536190395376E-4,2.953492696197451E-5,7.92728891770381E-4,4.952793480574727E-5,0.0032162726671470035,1.0237471593703906E-4,0.0012702910805009572,0.00150984445373655,0.004632277827683748,3.3189490485134755E-4,0.007790011247157132,7.270956022447461E-5,0.004193225116543273,0.010372767966960926,4.6757746712357216E-5,3.9820951459224445E-5,0.002253710232750772,0.007209322034828413,3.086242116045661E-5,9.273619312276282E-4,0.002046623357111743,2.62354369601813E-4,0.002829910850534726,1.6144343418656134E-4,0.001126409397625753,4.286265541381912E-5,3.0659983222007764E-5,1.7156515615184546E-4,0.0030337007347799117,4.0373052956370407E-4,0.0023878747653387263,1.9250765688863368E-4,9.957220210241942E-5,7.363166074240521E-5,8.135242640587543E-5,9.319745418233982E-5,2.775988713219925E-4,4.432230278254928E-4,1.7270802204191078E-5],[0.0031420389906076955,0.007896384341345439,0.001042224339774517,0.004950594418997107,0.009379692468121896,0.046486636589126926,0.013642152791052546,0.004977370769422301,0.005846805911074449,0.016278648839606533,0.009022893136888453,0.006582710702475295,7.584789498771849E-4,0.004604965763659853,0.008399908293536547,0.006288993004045648,1.0,0.0019206136608453212,0.011360043779741397,0.006392184492509112,0.007087489161576663,0.014687780181248604,0.0019318265565098397,0.003293889336363782,0.009345121923418333,0.012367934299075775,0.00497523150373867,0.011982341644800104,0.0033552162201391767,0.012465695403173223,0.015484612532349847,0.008853657040144403,0.010079780536023392,0.0076310477415237245,0.01481586813641174,0.008202111333341588,0.011780576779794119,0.006928653115894427,0.007528189414644944,0.008482150024679008,0.007026472033585062,0.005153263189406191,0.0049739272082336,0.001462351549987241,0.009793064353914105,0.02809200700663639,0.0030781368817739494,0.012095891037523274,4.449387285061376E-4,0.011230540202788582,0.012321174265124246,0.00631693685756662,0.0037319438591851637,0.0037606483645821025,0.002759923834316241,0.0029542467701201697],[2.700079266321763E-4,6.127138464111972E-4,1.549238701298008E-4,0.0019778733232162604,9.482777633427023E-4,0.047310434153226416,2.6591354625547347E-4,9.36254147905956E-5,8.388863116047009E-4,0.0023576926405399347,1.413861659080042E-4,2.2051657448612913E-4,3.268019703286685E-4,3.954295728023919E-4,3.6967393248558175E-4,1.293536190395376E-4,0.0019206136608453212,1.0,7.453890110865824E-5,7.119304372715934E-4,2.9615768371217862E-5,0.011122551221028464,1.3088446937506174E-4,0.001641727633970971,0.00143656355526363,0.006652206585245855,2.088659923554435E-4,0.010810424180823008,1.5027110762371113E-4,0.003449791594600693,0.0015964101530229816,3.899511533032692E-5,1.1967305466931655E-4,0.0035072809991450807,0.009150519091408191,1.499699528632048E-4,8.933631804304822E-4,0.0019198712335096258,1.773834838854844E-4,5.439725063124996E-4,1.7663654548722736E-4,4.969168638878158E-4,1.311458348784135E-4,4.4515203606908246E-5,2.3092454799565604E-4,0.012135030543024197,4.692469625879887E-4,0.0036619379646499607,2.347953743048988E-4,1.5710550367245606E-4,1.2718301081516832E-4,1.334564882311033E-4,4.0318630431719935E-4,2.131813926644352E-4,7.706002356814856E-4,3.5873085734511863E-5],[6.890923117112298E-5,0.001301116825580855,9.648983521708041E-5,9.082633105434153E-4,0.0012787126812237367,0.005676842659604958,0.0076672048520994695,1.104934101249582E-5,2.951560650474082E-4,0.006960761711748579,1.8325389879039956E-5,9.823318797672204E-4,1.364335267875354E-4,0.0010593586062927732,7.721991369825501E-4,2.953492696197451E-5,0.011360043779741397,7.453890110865824E-5,1.0,1.5970453406406507E-4,1.1454651561527523E-5,0.014744953641476842,1.0150692301147598E-4,5.851433524854966E-4,0.001401914639446919,0.006443043321315549,2.578389973678165E-4,0.0013878510529020164,5.918636560420043E-5,0.0025212220477521174,0.004802703428786854,1.1259007875981763E-5,1.3668135365452415E-5,0.004300010197861802,7.909193415304836E-4,1.288185703530848E-5,8.543082261225626E-4,0.0019079849648098682,1.108932060850893E-4,6.2387562402268E-4,1.1879318108327117E-4,0.002077285540516058,1.2990403718638421E-5,1.1123783892602651E-5,1.255119225020803E-4,0.006867360284590994,7.739016808729678E-4,0.007422473690391972,2.5578711265392993E-5,7.587514203038188E-5,7.879795563996949E-5,8.801897521397421E-5,3.0515001207048314E-4,5.080558990110521E-4,9.122068850144137E-4,1.0699087837376555E-5],[0.0010324877588830195,0.0013540513495023635,8.418018479251651E-4,0.002199805832904982,0.001176348545160382,0.034949686130938976,0.013048688818873163,9.569298021406592E-4,0.001175197507183845,0.0028143243387096545,9.9827620917086E-4,0.0011002313178770662,5.224617514112697E-4,0.0011379063594990845,0.001223626119021557,7.92728891770381E-4,0.006392184492509112,7.119304372715934E-4,1.5970453406406507E-4,1.0,5.9176629047491265E-5,0.00547094353991181,8.420258722733007E-4,0.0016500875160573502,0.0010486061390328994,0.00267022435584212,8.312539947743261E-4,0.004229008004046101,6.65177813432109E-4,0.003846143306401521,0.005839330714866125,7.232236858733718E-5,9.410156766961086E-4,0.001032264056838586,0.009908814346765259,2.7008297041112385E-4,0.0011913743197926687,0.001509379271285073,8.863712094756453E-4,0.0013508107113214267,3.0592982667091367E-4,0.0015654394635745937,7.035804952502934E-4,5.140553907984268E-4,2.878284153140005E-4,0.006101641062000219,0.0010052924644201394,0.005669991260218261,6.374771562805797E-4,2.7658582588252554E-4,9.205776609420422E-4,5.442123929928397E-4,5.015752734794693E-4,6.560648126292549E-4,0.0017353653574759612,4.058691064268414E-4],[8.432531675264341E-4,0.001265002858152361,1.0212032769454604E-4,0.0013707711521138456,0.0010840142645275653,0.04022664580234527,0.008773625128254619,1.2025809494498843E-5,4.244368367545633E-4,0.02450307971004171,1.1693225307614326E-4,0.001119163042692166,2.4252762327961605E-4,0.0011913781201662208,7.113154674709954E-4,4.952793480574727E-5,0.007087489161576663,2.9615768371217862E-5,1.1454651561527523E-5,5.9176629047491265E-5,1.0,0.011769488615989506,5.314937947107304E-5,0.0013498011321062464,0.0026623099784973676,6.669036462623612E-4,1.547772392593327E-4,0.007087712515899752,3.663270951363142E-5,0.002860600568886784,0.015366568053027193,1.2247253562536905E-5,2.934775960065005E-5,0.0035451979361124596,0.005808714559139563,1.3116724320356243E-5,6.784042738467166E-4,0.00159590413239006,2.069035597148858E-4,0.0024409412897886,1.1254961059808386E-4,8.911772852105157E-4,1.643641037764324E-5,1.2563812638684082E-5,1.2575207558123905E-4,0.020822662664887893,8.315656869332837E-4,0.010015526465563179,3.7980241145135036E-4,9.417372108323323E-5,6.680804155623063E-5,3.495546283969541E-5,2.7140340414205416E-4,5.05492326949516E-4,0.0012171457282113146,1.1115221244674624E-5],[0.0052600454912358485,0.002620181878220369,0.001412387063841134,0.013089742740497956,0.0031142363273640936,0.025088433092342585,0.014304976405263892,0.010420397574290937,0.002950431687806098,0.01686560149800219,0.009915818907423473,0.0031272981290444172,0.0013347485531297588,0.010891547804621718,0.011051626953708097,0.0032162726671470035,0.014687780181248604,0.011122551221028464,0.014744953641476842,0.00547094353991181,0.011769488615989506,1.0,0.0054839580263894416,0.006459904538780912,0.011698085694960203,0.012365114640229975,0.013547790304378618,0.014931978003086807,0.013583579537803004,0.009627058091187763,0.016231277582106844,0.006602939368476645,0.0014393625727113866,0.014609297924075674,0.015981769526629996,0.015641209775263024,0.015017589965028166,0.005905112770107024,0.011785287954990514,0.011480173888725144,0.00993353802137379,0.0050833594599683975,0.0072517678061319165,0.01244765087633142,0.010466795329914222,0.028181827085207736,0.0019087451533429604,0.012176607479927904,0.003468879306044119,0.014741083087881742,0.005571036361647866,0.009127699736257856,0.012030723771318735,0.005521692419103565,0.005436565671096155,0.01167221678741844],[9.569316326186302E-4,1.6203424026302267E-4,1.0643739675612512E-4,0.001293758063225113,6.183713334951529E-4,0.04712106455083188,0.004289976634912502,4.918723975037122E-5,0.0011949490388121532,0.02488070902038342,1.2803040630275528E-4,6.297227528693669E-4,2.2652315558545445E-4,0.0010850691437940792,7.813452303881917E-4,1.0237471593703906E-4,0.0019318265565098397,1.3088446937506174E-4,1.0150692301147598E-4,8.420258722733007E-4,5.314937947107304E-5,0.0054839580263894416,1.0,6.463007591090247E-4,0.002188642340574346,0.003792200352820138,1.8918106456105547E-4,0.010197063564865296,1.1675292094351295E-4,0.004016991650104681,0.006062432414567016,1.2278757808296907E-5,7.731155406769921E-5,0.0034876226899930142,0.012811759043022045,5.69339867151771E-5,5.094981210476394E-4,1.2058341071418229E-4,1.272236582894884E-4,0.0020204923425168964,1.519915530156439E-4,0.0014672319337294562,3.52646160202725E-5,8.03853120121955E-5,1.7423473022203797E-4,0.027264879035201483,5.026263872720036E-4,0.004078147769323328,3.665718670557226E-4,1.1716669909193976E-4,1.0793921631633673E-4,1.230501744138892E-4,3.2447117045130656E-4,1.9321566313395852E-4,0.001572416798409397,7.049197409186392E-5],[0.0011612769177415745,0.0017086263130794517,7.525206799187908E-4,0.0019836049010040564,0.0013419298066807376,0.03961569824626265,0.01292794345897466,4.637735538075531E-4,0.0015643125373137863,0.017989675598871123,8.130009463263131E-4,0.0015408307037705021,9.231429307020989E-4,0.0014929482661305209,0.0013262167651394484,0.0012702910805009572,0.003293889336363782,0.001641727633970971,5.851433524854966E-4,0.0016500875160573502,0.0013498011321062464,0.006459904538780912,6.463007591090247E-4,1.0,0.002468385739232205,0.007376814058320851,0.0011676330035073103,0.0049486825764229825,4.0067518926063437E-4,0.00471136279061548,0.0024382651211744466,5.780541028198972E-4,0.0010808155096595203,0.0025607125814383694,0.014869824351915705,9.374625659522529E-5,0.0013902925362666914,0.0024696663651636434,0.00160716924994722,0.003176336234179071,5.89444325229087E-4,0.0017511677132589667,6.300754407782098E-5,2.765542982215984E-4,4.256760092409581E-4,0.01813393355671596,0.0011403630380560895,0.0050479971564666055,6.930492857125642E-4,0.0011864683820857669,0.0011326308798941577,8.244752354579223E-4,0.001245495426502251,7.772957284186137E-4,0.001747086650734974,0.0010073427570167636],[0.0010959084489326246,0.002566400940907701,0.002612388158237274,0.0026428163534421606,0.0021963740149411803,0.01263717860832277,0.009278868714771717,0.0015712718083866416,0.002182521211324105,0.020704190929634627,0.0016018584289085077,0.0024335217559553965,0.0016554440318928365,0.0018636615062382882,0.0020211994764938027,0.00150984445373655,0.009345121923418333,0.00143656355526363,0.001401914639446919,0.0010486061390328994,0.0026623099784973676,0.011698085694960203,0.002188642340574346,0.002468385739232205,1.0,0.0051681715787250705,0.0013349826096502207,0.01027055212868109,0.0019485498981440244,0.0035463610988641825,0.005315438213210227,5.843542357484986E-4,3.685988909801764E-4,0.0035491887902798867,0.009255276562808867,0.0021878875409580196,0.0013896493385003028,0.002555373890227792,0.0016458236011918927,0.003000334721638864,0.002414101169514391,0.002161342669556311,0.0013707629424277252,0.0022429439906435956,0.0021426592651874223,0.005970176917588981,0.0019045203466696462,0.008114590075844919,0.0021365309921484743,4.928151471588133E-4,0.0019052590877548221,0.001043437573269683,0.002491382722980011,7.672636603678277E-4,0.002178299955771392,0.0016165894738224503],[0.00971762088937876,0.008870482891253246,0.0010960388199742232,0.008600400071321304,0.0035152764857376774,0.027750653557780447,0.012042517656511719,0.00795667112723054,0.006791167327749306,0.020253768103054,0.006180349596413515,0.0013748088022867361,0.010153959317252471,0.008461155678419418,0.007845388020576972,0.004632277827683748,0.012367934299075775,0.006652206585245855,0.006443043321315549,0.00267022435584212,6.669036462623612E-4,0.012365114640229975,0.003792200352820138,0.007376814058320851,0.0051681715787250705,1.0,0.006375743324470972,0.01080124793304906,0.008647174905567167,0.008730210030384322,0.014359758069526284,0.006532553360517278,0.008947026142889475,0.006055943112278766,0.01322278882116585,0.001205460019976061,0.0036371557983329904,0.00513235700960657,0.0045461114674162474,0.004433793733662834,8.002818887266106E-4,0.007383337369105328,0.007830948679986693,0.002540258306760898,0.002199066144215101,0.021805850937020615,0.00434529913701618,0.010866001868844644,0.004691959310457405,0.009107966844476652,0.010183756938900354,0.002804577671201121,0.004830448534203591,0.0019522205398396363,0.0022630758037558854,0.004188296277075497],[0.0010162436494472122,0.0014048970533519205,3.434146127711795E-4,0.0021743282984319798,0.0012253015545110107,0.03598763856324847,0.005597968229092576,1.794626973948877E-4,0.0012941848564819347,5.781875478148958E-4,2.399669217602766E-4,9.042112237237605E-4,3.937101990335489E-4,5.36578671509584E-4,4.895252282211117E-4,3.3189490485134755E-4,0.00497523150373867,2.088659923554435E-4,2.578389973678165E-4,8.312539947743261E-4,1.547772392593327E-4,0.013547790304378618,1.8918106456105547E-4,0.0011676330035073103,0.0013349826096502207,0.006375743324470972,1.0,0.008498534555716206,1.6137299678454175E-4,0.0038864368784063933,0.014575592390148185,1.6627516096579616E-4,3.245692328566211E-4,0.0037308696108150447,0.011913732730659193,1.866357957046958E-4,9.172381937512357E-4,0.0024764154133183214,3.005344975334967E-4,0.0018789964693724454,2.7407110432480777E-4,0.0018197883500090718,7.67971950834042E-5,1.558608477645084E-4,2.9171154429623964E-4,0.013409823275359264,4.2695307858119623E-4,4.013528289350709E-4,4.0800584322783605E-4,1.4482181429821954E-4,2.484345276624905E-4,1.7798352595095395E-4,4.4666925293560775E-4,5.908904405215293E-4,0.00133656071786794,3.1902209728459045E-4],[0.0024334593407790836,0.008184440052978277,7.845167708734386E-4,0.008937075231254725,0.009066190998568514,0.029048400040180368,0.011083756627337687,0.002807633460928379,0.0023736939693039596,0.015453083395249222,0.0012409174396942565,0.0033320213920690757,6.941729829609705E-4,0.002085798410834303,0.005529198681228998,0.007790011247157132,0.011982341644800104,0.010810424180823008,0.0013878510529020164,0.004229008004046101,0.007087712515899752,0.014931978003086807,0.010197063564865296,0.0049486825764229825,0.01027055212868109,0.01080124793304906,0.008498534555716206,1.0,0.0075815390072789856,0.007202142127984439,0.016290308331989196,0.005485761058479655,0.010216757012371522,0.008900212268129861,0.014088318743336025,0.0020883603019766243,0.0031605664122566247,0.009181647651543091,0.006457693514856409,0.007509341894316918,0.0040543023559479075,0.004748733422882557,0.002849027813474608,0.004747473242551476,0.0029569957704790742,0.03084306705561657,0.005920533158028224,0.011232225847984395,0.006303759579168612,0.00784081520108098,0.0022395187715874417,0.0012173700661526452,0.0023599676406147563,0.007580954751429167,0.009749475830095028,0.010104023247225482],[0.0010187114415440887,2.969354418384151E-4,1.1673786377103287E-4,0.001034966232974458,8.72036796364156E-4,0.0018563924893537087,0.013567233548256544,6.169529640475892E-5,4.5338806207795014E-4,0.014807641836162197,1.330542790539503E-4,1.5214211217422682E-4,1.8725588386571385E-4,7.916068799436197E-4,4.0214132938248E-4,7.270956022447461E-5,0.0033552162201391767,1.5027110762371113E-4,5.918636560420043E-5,6.65177813432109E-4,3.663270951363142E-5,0.013583579537803004,1.1675292094351295E-4,4.0067518926063437E-4,0.0019485498981440244,0.008647174905567167,1.6137299678454175E-4,0.0075815390072789856,1.0,0.0028078397228615466,0.0073614247149102995,3.433188131398049E-5,6.192686096204992E-5,0.0013034429149477817,0.009311740641757885,2.5024382272580753E-5,7.676584755967276E-4,0.0015211283611574458,1.2992564556585148E-4,0.0010848085250237795,1.2688791582157828E-4,5.316334225443076E-4,2.533562538294642E-5,1.1113248169868243E-4,1.759983832089603E-4,0.016871999142464268,6.78057227511959E-4,0.009425575891572877,1.3394981114801612E-4,1.2058135001027696E-4,1.0681318773641879E-4,1.2273192160994762E-4,2.5570517646311615E-4,2.55748472237233E-4,3.946979582876869E-4,6.38031480891456E-5],[0.003825059516013085,0.004279876875340422,0.0050626904406094395,0.0032768310203351156,0.0032051213086541465,0.037111983329335706,0.010131424850833688,0.003385237991458341,0.0016201580853632928,0.010786157601663696,0.003819608431377557,0.005041738696113754,0.0019616394699763407,0.003089008103085779,0.0031846816867982554,0.004193225116543273,0.012465695403173223,0.003449791594600693,0.0025212220477521174,0.003846143306401521,0.002860600568886784,0.009627058091187763,0.004016991650104681,0.00471136279061548,0.0035463610988641825,0.008730210030384322,0.0038864368784063933,0.007202142127984439,0.0028078397228615466,1.0,0.01189662972476227,0.0028174724281736707,0.0047205134999054495,0.004984016555015163,0.009485317366776186,0.001722824641947103,0.001466918809448832,0.0041917045900215655,0.002402676279863603,0.0040437460573673175,0.0018797787751009798,0.00386326044462306,0.005153057228389312,0.0017847933113886657,0.003121923321169578,0.028366157903173768,0.0035809002630274476,0.008581531090221934,9.512363056826668E-4,0.0025789240856182137,0.003781340442426997,1.5258863609725315E-4,0.004245159254921305,0.0024860071881133805,0.003853660638175997,5.01068581359427E-4],[0.016593313049994642,0.0039461844427760365,0.010151280204299357,0.015335345509239044,0.006509142477570777,0.042934141155483926,0.014979970212701494,0.014277331405350726,0.00785064528980199,0.024151174760733838,0.011075980892988772,0.0076365802486205,0.0053028271134388655,0.007535909037952353,0.009831304394903312,0.010372767966960926,0.015484612532349847,0.0015964101530229816,0.004802703428786854,0.005839330714866125,0.015366568053027193,0.016231277582106844,0.006062432414567016,0.0024382651211744466,0.005315438213210227,0.014359758069526284,0.014575592390148185,0.016290308331989196,0.0073614247149102995,0.01189662972476227,1.0,0.014448014309485382,0.008821393198482609,0.006967062312283787,0.01647976587685522,2.745002019402133E-4,0.006949929399018434,0.005910879179952327,0.005362057825970706,0.009069394927132693,0.005317163266500489,0.008928784799673805,0.012240030942139431,0.0012634033924127047,0.007366551068809244,0.025168012985601923,0.004030339503261181,0.015957679855051487,0.0071547668121000555,0.003786608439874377,0.010852427306917496,0.014177380024689634,0.014773515446199151,0.010097294840619324,0.005209487974688079,0.00767142091354612],[4.58431479936139E-4,0.0015635894473303828,9.565888487646655E-5,0.0011794427799119956,1.0534168225010581E-4,0.024647918349568237,0.007068098369330088,1.1378497399990238E-5,4.881411879996024E-4,4.957995226231581E-4,1.1701435445494359E-4,1.372748107870063E-4,3.213962217776271E-4,0.0011050988950001709,1.108683449653477E-4,4.6757746712357216E-5,0.008853657040144403,3.899511533032692E-5,1.1259007875981763E-5,7.232236858733718E-5,1.2247253562536905E-5,0.006602939368476645,1.2278757808296907E-5,5.780541028198972E-4,5.843542357484986E-4,0.006532553360517278,1.6627516096579616E-4,0.005485761058479655,3.433188131398049E-5,0.0028174724281736707,0.014448014309485382,1.0,2.120500977675294E-5,8.794299339291568E-5,0.0011652916022254298,1.5171833838572907E-5,4.290396584937555E-4,0.0024422791673070062,2.5849606493730454E-4,0.002542673903514257,1.1948440470011662E-4,1.1791688737007751E-4,1.4099452949460194E-5,1.1999800535790294E-5,2.1525654639853117E-4,0.01860587473904505,1.4904589066275998E-4,0.010058403639797597,2.0668248316941366E-4,1.0662281738723354E-4,1.4280159277814156E-5,2.2013648739127208E-5,3.7408326594033897E-4,5.125885994718127E-4,6.425074714456202E-4,1.036969406968642E-5],[6.337131943716459E-4,0.0014138086236088697,4.188472686717681E-5,8.053092802108317E-4,2.1029302696821581E-4,0.046272331957396655,0.003730194400840908,3.1414612922735116E-5,6.459543318180221E-4,0.015571258066908117,1.3152721258491524E-4,9.125983128178505E-4,1.3607775155946954E-4,4.694491700944274E-4,0.0010749666534770554,3.9820951459224445E-5,0.010079780536023392,1.1967305466931655E-4,1.3668135365452415E-5,9.410156766961086E-4,2.934775960065005E-5,0.0014393625727113866,7.731155406769921E-5,0.0010808155096595203,3.685988909801764E-4,0.008947026142889475,3.245692328566211E-4,0.010216757012371522,6.192686096204992E-5,0.0047205134999054495,0.008821393198482609,2.120500977675294E-5,1.0,0.003532629747101009,0.0045292172845327,3.1831341105587726E-5,0.001202703096663724,0.0022216471670532052,1.4372024585823843E-4,0.001399035359053166,1.751706913602432E-4,0.0011723202700871652,3.0906898570167525E-5,1.7708314971797976E-5,1.3727244899595348E-4,0.015677468386939907,3.1268603799974306E-4,0.011231000131934994,3.5725186217251453E-4,1.0796727974312937E-4,8.92385462629974E-5,9.11571368607983E-5,8.718363698435567E-5,2.4228124887886685E-4,1.8075909587742894E-4,1.7343382527716124E-5],[0.003775621571872719,0.004861453089088192,0.004419185212960005,0.003980089039836334,0.002133359851695133,0.04404222899573902,0.009238473557366915,0.004890860071852992,0.00459647357252327,0.026623034398320984,0.002693279599263962,0.0045788914068350985,0.004193670364008391,0.002944719531867445,0.0031812821765158073,0.002253710232750772,0.0076310477415237245,0.0035072809991450807,0.004300010197861802,0.001032264056838586,0.0035451979361124596,0.014609297924075674,0.0034876226899930142,0.0025607125814383694,0.0035491887902798867,0.006055943112278766,0.0037308696108150447,0.008900212268129861,0.0013034429149477817,0.004984016555015163,0.006967062312283787,8.794299339291568E-5,0.003532629747101009,1.0,0.013380984079694026,0.004767210345268304,0.002076318737210346,0.003272326227267006,0.0010246694590747944,0.004475739895265316,4.285008622329946E-4,0.004770214742634267,3.8958203904328263E-4,0.004031240305984597,0.003999028498645916,0.03006007347030122,0.0015179063564772868,0.008925265034351319,0.0036271975103582903,0.0027680162866589135,0.0010393011043980107,8.833648449990504E-4,0.004535991233797963,0.003190170346318115,0.0024202178627664613,0.003401065225860935],[0.004802906931872053,0.0018730122009118914,0.0133394