[[1.0,2.3368858588409557E-4,2.0633460814089392E-4,9.112840259493612E-4,2.2887423453855406E-4,2.150733540409279E-4,4.296213592467695E-4,2.07660066395566E-4,2.1100856565009355E-4,1.9315540843624628E-4,6.826821498315405E-4,2.1610204071613527E-4,8.14523571544769E-4,1.2311901422636971E-4,0.025985918282597237,1.669989717000787E-4,0.02091574683057033,5.462554372940757E-4,1.2414779002892592E-4,5.368013593734268E-5,6.249447907072344E-4,1.8297810332909884E-4,2.229173211730273E-4,0.001214101016500322,0.0470640982354573,2.8581214250516E-4,3.9073799374520754E-4,7.871626780314951E-4,2.0947635878495305E-4,0.00975810154955271,1.3791576771440933E-4,1.6513920754843793E-4,3.569353380909812E-4,6.465661170980462E-5,0.009550721328616387,1.3479697589452195E-4,0.005539098528986481,5.725188259512221E-5,0.004624473733403609,0.001691080502842669,2.6761326729760944E-4,0.0015477161553192238],[2.3368858588409557E-4,1.0,2.209239116318808E-4,8.197943491409672E-4,1.9095446651897033E-4,1.7312315738179097E-4,0.0015775163395543561,1.18205767134628E-4,1.4775802186203744E-4,1.4756852018511609E-4,6.422455043692648E-4,2.0613613169925577E-4,0.03289279898993486,1.525116120706835E-4,0.0010641997969927928,1.3366799131276378E-4,0.014454726158235053,7.534123106602274E-4,2.1990813210570728E-4,9.323161864962681E-5,3.818609380593363E-4,1.9509660330490648E-4,2.065703189122915E-4,0.0017338423306432734,0.005049579638522364,2.452014145174338E-4,0.0013386595869511475,5.762342375916879E-4,1.9121825850903473E-4,0.0030111758198312338,1.9588962354553203E-4,2.2158578354945435E-4,0.001910542287268767,1.639078155021505E-4,0.007481961613750295,8.477667063993892E-5,0.012888756658444755,3.403694205052714E-5,0.007769451190970051,0.0014609289267964066,2.729346201884088E-4,0.0013305170321850216],[2.0633460814089392E-4,2.209239116318808E-4,1.0,5.699235501488825E-4,1.439488100358498E-4,1.6873373726594912E-4,0.0012441174783866006,1.2048901011191087E-4,7.37222734253772E-5,4.9155149575007036E-5,0.0011758219106516486,1.6893457143386868E-4,0.023889500840142533,1.2079559446106692E-4,0.04501883011953653,1.9436073155386556E-5,0.0021986681534407852,9.349799184024629E-4,1.3873715334726243E-4,1.5288206667878157E-4,8.542423332692636E-4,1.5667477478363738E-4,2.032149853057187E-4,6.957293855305343E-4,0.0028968570678296604,2.3479047132794027E-4,4.5407288248910276E-4,3.44842199545878E-4,1.7700801177396842E-4,0.009618527016836818,1.2988235258258634E-4,1.5726515074559013E-4,7.135724502420682E-4,3.957735275636639E-5,0.010355405265180374,1.3394504072611782E-4,0.007874365478329558,1.4850578918047062E-4,0.004965686320593325,0.0018333255925748648,1.8771201495176789E-4,0.0011299594638842349],[9.112840259493612E-4,8.197943491409672E-4,5.699235501488825E-4,1.0,4.003006157226245E-4,7.518051188176227E-4,0.0017440738839459595,3.375514926230763E-4,1.0562395556303174E-4,9.903978914275952E-4,0.0015040880332814184,7.038909827837892E-4,0.022880851580765128,6.852570517911667E-4,0.02956108891325103,9.260580837790438E-4,0.021742505391658683,0.0011289674250519889,6.408783756889116E-4,1.9420864078505194E-4,0.0010265672012282556,6.428968977551698E-4,9.642787326963516E-4,0.0014370243610115536,0.010826298276354947,4.169026417672032E-4,0.0011435862554251032,0.001222894448265223,2.7681928206448254E-4,0.005405635032653019,2.4157467972023313E-4,4.5159992489797907E-4,0.0015552598508855272,5.899841428860749E-4,0.012324273516708844,8.023263618857006E-4,0.005036963089213634,4.81324563853545E-5,0.010939601254298967,0.001400595690531214,5.12977500965766E-4,0.0013340563447628814],[2.2887423453855406E-4,1.9095446651897033E-4,1.439488100358498E-4,4.003006157226245E-4,1.0,1.5966401131839848E-4,3.395426311446962E-4,1.1370297286075146E-4,4.6231148785285495E-5,3.836147539254291E-5,5.90085109305449E-4,1.551379996927087E-4,0.02466108633644639,1.3851050458247525E-4,0.05445696123468664,6.031666286802705E-5,0.017469095961686082,3.437228671224076E-4,1.298207677265811E-4,1.262724724641532E-4,6.752545377460106E-4,1.409826009082455E-4,1.8056011088301376E-4,5.265161948002833E-4,0.024714050149106822,2.5683185736315867E-4,6.614878684555047E-4,0.0016499449805336807,1.4955976067493017E-4,0.004412363035042836,1.1341090711302249E-4,1.5391268456005865E-4,0.0015009973628306841,1.156543239382369E-4,0.012430930421149542,5.3727801203854776E-5,0.0010665808777331474,1.5172024607428787E-5,0.0027615458998436833,6.277471763477165E-4,1.5517529197503688E-4,0.0021022888474983206],[2.150733540409279E-4,1.7312315738179097E-4,1.6873373726594912E-4,7.518051188176227E-4,1.5966401131839848E-4,1.0,7.548100991287413E-4,1.1284024387275682E-4,2.506218063546237E-5,1.5730709139489152E-4,4.2076707978380375E-4,1.7024495530374505E-4,0.032494194172364266,1.2733539647883968E-4,0.06041382107451865,5.1954783542406505E-5,0.026673817239544453,3.293209416372646E-4,1.6877867052747462E-4,1.556336955811015E-5,8.298554575255027E-4,1.487131312039674E-4,2.0465913470076911E-4,3.681240531116801E-4,0.04430355476261002,2.029388913058887E-4,0.001638470643427926,3.2316632462350603E-4,1.777439006618957E-4,0.001455193305954076,1.3587833243097812E-4,1.6332184607723975E-4,0.0014648179641035,3.185858929690959E-5,0.011911238899803436,1.4154541434873759E-4,0.007396340980253827,1.7019213769216038E-4,0.004017669087075617,5.551163609829656E-4,2.407591045980647E-4,0.0018753886072415166],[4.296213592467695E-4,0.0015775163395543561,0.0012441174783866006,0.0017440738839459595,3.395426311446962E-4,7.548100991287413E-4,1.0,0.0014822296704780265,3.1373399910160734E-4,6.833670965110543E-4,0.0019447807720048365,4.603269753650281E-4,0.022696074467199526,4.69834809246874E-4,0.03854373811092563,0.001763162483630814,0.006229620459569536,0.0011827425604833837,0.0011289188274398092,5.591747575518968E-4,0.0010227084762562144,9.040224853627654E-4,7.07516464596915E-4,0.0019494942557351368,0.04661556851621564,0.0013761523091899896,0.0017116857724291737,0.0017136458186905726,7.88099355519882E-4,0.01279725009291112,9.987448271288118E-4,0.0015725728543463358,0.0019132854803733765,1.9202511489673033E-4,0.010728793970747354,8.610209557465273E-4,0.0035519503582736884,7.214049258435308E-4,0.006060874116379618,0.0018021619718711457,0.0013107055799496743,0.0017886933749091682],[2.07660066395566E-4,1.18205767134628E-4,1.2048901011191087E-4,3.375514926230763E-4,1.1370297286075146E-4,1.1284024387275682E-4,0.0014822296704780265,1.0,9.710395661485914E-5,1.5479293566968517E-5,0.0027075326836862755,1.4633692856434906E-4,0.036464269809545695,1.0690633844603165E-4,0.055276656450291874,4.352710791661928E-5,0.018280928308830324,2.700354782177457E-4,1.1432670367989365E-4,8.563508217093695E-5,1.4931815751458605E-4,1.3633518996215483E-4,1.4787655757896734E-4,7.6167375370587E-4,0.009850821310032402,2.3308424394743115E-4,0.0013207835997862555,5.167478962997608E-4,1.334421021231269E-4,0.0017410655860860297,1.1113578360571992E-4,1.426184285698538E-4,2.869202112366848E-4,9.987365894116267E-5,0.0051643810432944835,3.390223862742632E-5,0.0036710386996089616,6.320266860547494E-5,0.00964121082240245,0.0013403752452114245,2.742527629335361E-4,8.847171818922879E-4],[2.1100856565009355E-4,1.4775802186203744E-4,7.37222734253772E-5,1.0562395556303174E-4,4.6231148785285495E-5,2.506218063546237E-5,3.1373399910160734E-4,9.710395661485914E-5,1.0,1.4521035102331156E-5,0.002435903669775077,6.575240989062242E-5,0.026969194707457983,6.470764002037787E-5,0.004380216836084901,1.8411744692740653E-5,0.007032194179512096,1.5473842704117425E-4,5.4433029914403656E-5,1.844172257494538E-5,6.930009652706516E-4,9.42322968900468E-5,2.443200282084449E-5,0.002117875257113375,0.02623830038123882,1.1403147286999294E-4,0.0013389349337899485,7.925891558505487E-4,1.557662170834832E-4,0.012740561690077137,3.410443923743182E-5,1.3878422109270567E-4,4.968865504298601E-4,2.7213110953758295E-5,0.011548084545495725,2.4112439825374182E-5,0.0060653233139049915,1.5120158346267817E-5,0.012002276984644037,0.0018741962383974032,2.4094212010471346E-4,8.354727372986289E-4],[1.9315540843624628E-4,1.4756852018511609E-4,4.9155149575007036E-5,9.903978914275952E-4,3.836147539254291E-5,1.5730709139489152E-4,6.833670965110543E-4,1.5479293566968517E-5,1.4521035102331156E-5,1.0,0.002953573640820485,1.3678979057896528E-5,0.026462004588371505,5.960273136718883E-5,0.05723846030232768,1.1376280043377284E-5,0.014042042210004232,7.382399690708765E-4,5.325806224951353E-5,1.4831049651847427E-5,6.785273452678523E-4,1.0129984911919841E-4,1.319871222512946E-4,0.0016212345252311683,0.003731800913260657,2.937337055154914E-4,0.0012627573754665305,0.0012329847703738536,8.640002951574197E-5,0.00912764177757641,3.936622994400054E-5,6.231883495135654E-5,0.0010584279606894106,1.492703036593169E-5,0.008528429589931457,2.3030263885568614E-5,0.01126804613662868,1.0543011822066135E-5,0.0036142695002027775,5.809687850131239E-4,1.664177727845937E-4,0.0016462162059307267],[6.826821498315405E-4,6.422455043692648E-4,0.0011758219106516486,0.0015040880332814184,5.90085109305449E-4,4.2076707978380375E-4,0.0019447807720048365,0.0027075326836862755,0.002435903669775077,0.002953573640820485,1.0,0.0014005313727507016,0.012085823393267029,0.0012515742977596337,0.01974944976119439,5.309445187383779E-4,0.0069122489455982015,0.002261960562327808,0.001456519843891841,0.001788585748839121,0.001636675664781667,5.753219425948439E-4,3.6299787818954636E-4,0.0028302118632314854,0.04642570253069173,0.0015062191441641676,0.0018584641726942732,0.0016917062245483038,0.0015176824163949415,0.00523803607347814,0.0010293133384721136,0.001995497561446558,0.002267853402335777,0.0013904009351412415,0.011896880260746902,0.0017987817895953019,0.010622832414278839,2.2443657124004236E-4,0.011692893516903169,0.0024369808606164913,0.0029788405346980813,0.0032099812947731263],[2.1610204071613527E-4,2.0613613169925577E-4,1.6893457143386868E-4,7.038909827837892E-4,1.551379996927087E-4,1.7024495530374505E-4,4.603269753650281E-4,1.4633692856434906E-4,6.575240989062242E-5,1.3678979057896528E-5,0.0014005313727507016,1.0,0.02392001008566457,1.2985518166727168E-4,0.03713285923077423,5.7856532809358194E-5,0.0038873157372154954,2.3722353193820697E-4,1.5898904432980527E-4,8.376758727215098E-5,1.8264921204893153E-4,1.5438658477491012E-4,1.8879104984801686E-4,8.372389683177612E-4,0.013170643912127914,2.186553634386295E-4,2.542508325333951E-4,4.173603858645121E-4,1.8643363512320106E-4,0.013550120299911752,1.159906710671868E-4,1.6480725550861193E-4,0.0019022505153954855,1.3607536163521132E-4,0.011696231797843138,1.002392202341559E-4,0.008097584481294166,1.1929585110048859E-4,0.005335062820409985,0.0013909268351837256,2.2877845017260374E-4,0.0016070254528221897],[8.14523571544769E-4,0.03289279898993486,0.023889500840142533,0.022880851580765128,0.02466108633644639,0.032494194172364266,0.022696074467199526,0.036464269809545695,0.026969194707457983,0.026462004588371505,0.012085823393267029,0.02392001008566457,1.0,0.02921960439973045,0.04172153893056534,0.021739910438554628,0.03951856455098702,0.026042125958175566,0.032269644763679606,0.019079913542676224,0.0035702921504926744,0.0176079208137166,0.03748928872284199,0.017131517748566336,0.04188538414220609,0.006036449269828223,0.02860153801440612,0.0072292808199740195,0.01784700741041588,0.014813178349494763,0.04053317169249344,0.032379289625032476,0.0357024726763588,0.007931668067422702,0.0330359315906426,0.02408616681261747,0.030001563493000493,0.037160390962725526,0.016693272819552497,0.0128903825301563,0.02873576374093604,0.020141943936432302],[1.2311901422636971E-4,1.525116120706835E-4,1.2079559446106692E-4,6.852570517911667E-4,1.3851050458247525E-4,1.2733539647883968E-4,4.69834809246874E-4,1.0690633844603165E-4,6.470764002037787E-5,5.960273136718883E-5,0.0012515742977596337,1.2985518166727168E-4,0.02921960439973045,1.0,0.0010895116171072935,9.08806104814038E-5,0.025866810112840963,1.9320018280022166E-4,1.1470765715643574E-4,5.540793433071472E-5,9.554335755168183E-4,1.3819083075657755E-4,1.4225703505380753E-4,0.0015381455961732242,0.0015488891302968366,2.595639004002176E-4,7.936384689045308E-4,0.0012418193629201739,1.5867326129024917E-4,0.0042888521649965625,1.0668536153526024E-4,1.518762274317692E-4,1.5090500217256834E-4,7.107575964420806E-5,0.005307759586862554,6.972614385178808E-5,0.01219600862367313,1.0198611882533605E-4,0.005722108101254157,0.0016277985843036985,1.1668519433227251E-4,6.33480896984441E-4],[0.025985918282597237,0.0010641997969927928,0.04501883011953653,0.02956108891325103,0.05445696123468664,0.06041382107451865,0.03854373811092563,0.055276656450291874,0.004380216836084901,0.05723846030232768,0.01974944976119439,0.03713285923077423,0.04172153893056534,0.0010895116171072935,1.0,0.010324148588108975,0.04423135528599402,0.04949930673963153,0.021718092341404673,0.031789198022781795,0.02139234619961349,0.05194722525967592,0.011765860374358665,0.04395105969409929,0.05564017973091986,0.022774804441511684,0.053857589049937975,0.056518032439347096,0.06614474345201934,0.043148344517494816,0.06532419130447457,8.035378863582929E-4,0.03296664558735965,0.05660350115379039,0.02261164467520351,0.011233358700145853,0.020246146301276628,0.006277314780588028,0.06631027254895826,0.0029209877969437453,0.009021527988763146,0.048178875742723025],[1.669989717000787E-4,1.3366799131276378E-4,1.9436073155386556E-5,9.260580837790438E-4,6.031666286802705E-5,5.1954783542406505E-5,0.001763162483630814,4.352710791661928E-5,1.8411744692740653E-5,1.1376280043377284E-5,5.309445187383779E-4,5.7856532809358194E-5,0.021739910438554628,9.08806104814038E-5,0.010324148588108975,1.0,0.02286477415450965,0.001107578937123884,2.4736888416612312E-5,1.6971431403082803E-5,3.32342654157354E-5,5.511563564602952E-5,1.3842598439654861E-4,0.0015312607500082781,0.012438003827737866,9.713133886512794E-5,4.4765610282508774E-4,0.0010827587354736371,2.4427135792093748E-5,3.2192461610748465E-4,1.050900448207749E-4,3.265467668011215E-5,2.6745381213219213E-4,2.6779495670873713E-5,0.011733384762205893,2.291637607144761E-5,0.009987175589768414,1.5277103710005695E-5,0.007422184828881516,0.0018125584124826157,7.518493468850813E-5,0.0013463917489598674],[0.02091574683057033,0.014454726158235053,0.0021986681534407852,0.021742505391658683,0.017469095961686082,0.026673817239544453,0.006229620459569536,0.018280928308830324,0.007032194179512096,0.014042042210004232,0.0069122489455982015,0.0038873157372154954,0.03951856455098702,0.025866810112840963,0.04423135528599402,0.02286477415450965,1.0,0.02253920123116436,0.007104432279101424,2.449125287152452E-4,0.02107364473751506,0.006016119154195357,0.0023708529481599903,0.02279438044744517,0.04024417914683171,0.019768595746604428,0.01269015217022523,0.021449549980739037,0.009329158472672064,0.017772527840657082,0.016201486974068584,0.01622597704625382,0.020747898597825533,0.014109040735729892,0.01494368422422089,0.008499805924081302,0.01656632055065135,0.01211078130129309,0.02215128719191432,0.014578091747531411,0.012515362249898528,0.010619834642876755],[5.462554372940757E-4,7.534123106602274E-4,9.349799184024629E-4,0.0011289674250519889,3.437228671224076E-4,3.293209416372646E-4,0.0011827425604833837,2.700354782177457E-4,1.5473842704117425E-4,7.382399690708765E-4,0.002261960562327808,2.3722353193820697E-4,0.026042125958175566,1.9320018280022166E-4,0.04949930673963153,0.001107578937123884,0.02253920123116436,1.0,6.639381051640864E-4,0.0010467446628092617,0.0010133820254967644,2.4726506757376634E-4,4.5345436754675356E-4,0.0019282888550603014,0.006039817415551829,5.841295976316414E-4,0.0012393926296964878,0.0012222020240983194,7.65697289630773E-4,0.008961736941027532,1.6648270121352702E-4,3.6719795493408313E-4,0.0013341189344576202,1.6029877732967333E-4,0.00979332442707787,4.415247231984844E-4,0.0028844546407554997,2.3847093246403422E-4,0.003936934534962475,0.0016306245780909768,8.642119309491751E-4,0.001672999231782686],[1.2414779002892592E-4,2.1990813210570728E-4,1.3873715334726243E-4,6.408783756889116E-4,1.298207677265811E-4,1.6877867052747462E-4,0.0011289188274398092,1.1432670367989365E-4,5.4433029914403656E-5,5.325806224951353E-5,0.001456519843891841,1.5898904432980527E-4,0.032269644763679606,1.1470765715643574E-4,0.021718092341404673,2.4736888416612312E-5,0.007104432279101424,6.639381051640864E-4,1.0,5.969574774957847E-5,9.872814346055946E-4,1.2394271666542157E-4,1.9495747929644324E-4,1.627945465888202E-4,0.01826216638966913,2.2608799569630582E-4,0.0015276013171668414,0.0011585935099756436,1.3170570797436408E-4,0.010500102195649796,1.206178975316678E-4,1.3553273136081395E-4,5.893683593592772E-4,1.026674750223824E-4,0.001226084459409121,5.15760983576829E-5,0.01330266447202032,4.594567391129529E-5,0.002864463923495934,0.0017501788220506032,2.4315858295093865E-4,0.001959281360392676],[5.368013593734268E-5,9.323161864962681E-5,1.5288206667878157E-4,1.9420864078505194E-4,1.262724724641532E-4,1.556336955811015E-5,5.591747575518968E-4,8.563508217093695E-5,1.844172257494538E-5,1.4831049651847427E-5,0.001788585748839121,8.376758727215098E-5,0.019079913542676224,5.540793433071472E-5,0.031789198022781795,1.6971431403082803E-5,2.449125287152452E-4,0.0010467446628092617,5.969574774957847E-5,1.0,9.543943763250978E-4,8.683018549601821E-5,1.8552293486171588E-4,1.1784871321438742E-4,0.020103850147372978,9.1811004286458E-5,6.476906646033453E-4,1.2806153674869262E-4,1.0236546209756013E-4,0.01274522839977955,5.676743469259021E-5,7.88750738941768E-5,0.001667923128902448,1.911652192578323E-5,8.186281882077278E-4,2.8941696540692454E-5,0.0052921035277821524,1.060901288818379E-5,0.01160046037724306,7.36290140606137E-5,1.0202997717078478E-4,0.0018148774181192802],[6.249447907072344E-4,3.818609380593363E-4,8.542423332692636E-4,0.0010265672012282556,6.752545377460106E-4,8.298554575255027E-4,0.0010227084762562144,1.4931815751458605E-4,6.930009652706516E-4,6.785273452678523E-4,0.001636675664781667,1.8264921204893153E-4,0.0035702921504926744,9.554335755168183E-4,0.02139234619961349,3.32342654157354E-5,0.02107364473751506,0.0010133820254967644,9.872814346055946E-4,9.543943763250978E-4,1.0,9.837788199102268E-4,2.7406275940997543E-4,0.0013385000147098675,0.009446712501334616,7.480044013253009E-4,0.001419993926857201,0.0010442516417543824,5.616247354535916E-4,0.0019255713852394702,6.884502763627865E-4,9.048965545114565E-4,0.0015410015018429305,0.0010082014668835605,0.009834670389870886,5.169067713094727E-4,0.0041630306336364505,4.560211728209847E-4,0.0028445907008024397,0.001643492853333971,6.065327414170511E-4,0.0021467251970573396],[1.8297810332909884E-4,1.9509660330490648E-4,1.5667477478363738E-4,6.428968977551698E-4,1.409826009082455E-4,1.487131312039674E-4,9.040224853627654E-4,1.3633518996215483E-4,9.42322968900468E-5,1.0129984911919841E-4,5.753219425948439E-4,1.5438658477491012E-4,0.0176079208137166,1.3819083075657755E-4,0.05194722525967592,5.511563564602952E-5,0.006016119154195357,2.4726506757376634E-4,1.2394271666542157E-4,8.683018549601821E-5,9.837788199102268E-4,1.0,1.4661103681145695E-4,0.001199013959772578,0.01843302638444801,1.524607311291422E-4,8.625010693668779E-4,4.829693875290978E-4,1.7292275953861277E-4,0.011856278101124232,1.333226561905263E-4,1.468137408714476E-4,0.0010260555690680675,1.2159271006623825E-4,3.1511728312476453E-4,1.1749824504028444E-4,0.007228951871627533,7.274396911571604E-5,0.007723985304994056,0.0012028506484351175,1.9771779953010066E-4,0.001716409387214824],[2.229173211730273E-4,2.065703189122915E-4,2.032149853057187E-4,9.642787326963516E-4,1.8056011088301376E-4,2.0465913470076911E-4,7.07516464596915E-4,1.4787655757896734E-4,2.443200282084449E-5,1.319871222512946E-4,3.6299787818954636E-4,1.8879104984801686E-4,0.03748928872284199,1.4225703505380753E-4,0.011765860374358665,1.3842598439654861E-4,0.0023708529481599903,4.5345436754675356E-4,1.9495747929644324E-4,1.8552293486171588E-4,2.7406275940997543E-4,1.4661103681145695E-4,1.0,3.808365408898848E-4,0.020865998322749883,2.4915581628233213E-4,7.01182230940801E-4,0.0015434057864182605,2.01607050814403E-4,7.306284460730547E-4,2.0067503323324538E-4,1.8135720399070773E-4,0.0012383316496042034,3.6941840937198746E-5,0.01160659515166707,1.6406083623468184E-4,0.009476927483204464,4.6916194294132225E-5,0.009165504519585898,0.0010887085915104338,2.0685864863157898E-4,6.99717181728243E-4],[0.001214101016500322,0.0017338423306432734,6.957293855305343E-4,0.0014370243610115536,5.265161948002833E-4,3.681240531116801E-4,0.0019494942557351368,7.6167375370587E-4,0.002117875257113375,0.0016212345252311683,0.0028302118632314854,8.372389683177612E-4,0.017131517748566336,0.0015381455961732242,0.04395105969409929,0.0015312607500082781,0.02279438044744517,0.0019282888550603014,1.627945465888202E-4,1.1784871321438742E-4,0.0013385000147098675,0.001199013959772578,3.808365408898848E-4,1.0,0.03388002600718413,0.001645320670240456,0.001885655646120123,0.0017944540429297659,0.0017194459655602724,0.006317083649739329,2.4091929190045756E-4,0.0010132537011311935,0.0021356743991852232,6.724403550947511E-4,0.006007863611229047,0.0013626058197318287,0.007777462246526897,2.671814408770515E-4,0.003212464267778687,0.002156335302374137,0.0010736809980874044,0.0022271184685665048],[0.0470640982354573,0.005049579638522364,0.0028968570678296604,0.010826298276354947,0.024714050149106822,0.04430355476261002,0.04661556851621564,0.009850821310032402,0.02623830038123882,0.003731800913260657,0.04642570253069173,0.013170643912127914,0.04188538414220609,0.0015488891302968366,0.05564017973091986,0.012438003827737866,0.04024417914683171,0.006039817415551829,0.01826216638966913,0.020103850147372978,0.009446712501334616,0.01843302638444801,0.020865998322749883,0.03388002600718413,1.0,0.009753901991661828,0.036874607756402576,0.03313294223831199,0.028585807535497883,0.0352832961170294,0.04660934174956345,0.0013271173509109419,0.02822550357947063,0.02663225098092791,0.03382454095286882,0.006390737978802596,0.027382249511799774,0.014944158694909213,0.01628677924511512,0.02761588768941104,0.005823108370665738,0.017220799879076175],[2.8581214250516E-4,2.452014145174338E-4,2.3479047132794027E-4,4.169026417672032E-4,2.5683185736315867E-4,2.029388913058887E-4,0.0013761523091899896,2.3308424394743115E-4,1.1403147286999294E-4,2.937337055154914E-4,0.0015062191441641676,2.186553634386295E-4,0.006036449269828223,2.595639004002176E-4,0.022774804441511684,9.713133886512794E-5,0.019768595746604428,5.841295976316414E-4,2.2608799569630582E-4,9.1811004286458E-5,7.480044013253009E-4,1.524607311291422E-4,2.4915581628233213E-4,0.001645320670240456,0.009753901991661828,1.0,0.0013759265641736299,0.0015337679368123964,2.2343052171470198E-4,0.0083807420307978,2.836170218873556E-4,2.0995010624784248E-4,0.0010716742335840643,2.4561523497607844E-4,0.009134700306215986,1.9725087049201793E-4,0.002867908968773158,2.062724773197064E-4,0.00923750521134361,0.00109690673220367,3.1544596604585196E-4,0.0021874333897060365],[3.9073799374520754E-4,0.0013386595869511475,4.5407288248910276E-4,0.0011435862554251032,6.614878684555047E-4,0.001638470643427926,0.0017116857724291737,0.0013207835997862555,0.0013389349337899485,0.0012627573754665305,0.0018584641726942732,2.542508325333951E-4,0.02860153801440612,7.936384689045308E-4,0.053857589049937975,4.4765610282508774E-4,0.01269015217022523,0.0012393926296964878,0.0015276013171668414,6.476906646033453E-4,0.001419993926857201,8.625010693668779E-4,7.01182230940801E-4,0.001885655646120123,0.036874607756402576,0.0013759265641736299,1.0,0.0016697784675201745,1.9119052554585246E-4,0.005315965330333981,9.544484295532662E-4,2.0062894221980037E-4,0.0017570152352196589,9.571436386020368E-4,0.010542864157926412,2.78846522605823E-4,0.0021222869651323717,0.0015630011723168449,0.004849565363372602,0.0018529643537648574,0.0016177480303455464,0.0021404547502718893],[7.871626780314951E-4,5.762342375916879E-4,3.44842199545878E-4,0.001222894448265223,0.0016499449805336807,3.2316632462350603E-4,0.0017136458186905726,5.167478962997608E-4,7.925891558505487E-4,0.0012329847703738536,0.0016917062245483038,4.173603858645121E-4,0.0072292808199740195,0.0012418193629201739,0.056518032439347096,0.0010827587354736371,0.021449549980739037,0.0012222020240983194,0.0011585935099756436,1.2806153674869262E-4,0.0010442516417543824,4.829693875290978E-4,0.0015434057864182605,0.0017944540429297659,0.03313294223831199,0.0015337679368123964,0.0016697784675201745,1.0,5.800430561068418E-4,0.00929098827347364,7.957857476441849E-4,7.075036939203748E-4,0.0018367499447517993,4.7177464887196755E-4,0.008460788080307683,0.0012004494029571593,0.007173755452761599,7.933789397613777E-4,0.010200291206400675,0.0018688387108974037,0.0016191879815277983,0.002104867214997118],[2.0947635878495305E-4,1.9121825850903473E-4,1.7700801177396842E-4,2.7681928206448254E-4,1.4955976067493017E-4,1.777439006618957E-4,7.88099355519882E-4,1.334421021231269E-4,1.557662170834832E-4,8.640002951574197E-5,0.0015176824163949415,1.8643363512320106E-4,0.01784700741041588,1.5867326129024917E-4,0.06614474345201934,2.4427135792093748E-5,0.009329158472672064,7.65697289630773E-4,1.3170570797436408E-4,1.0236546209756013E-4,5.616247354535916E-4,1.7292275953861277E-4,2.01607050814403E-4,0.0017194459655602724,0.028585807535497883,2.2343052171470198E-4,1.9119052554585246E-4,5.800430561068418E-4,1.0,0.01211259388650111,1.3469834476809002E-4,1.8484313498389176E-4,8.800239614826365E-4,5.712164253725787E-5,0.001393448581882679,1.5732759643381083E-4,0.010195273831090364,1.7418867130701443E-4,0.0017814342914290518,0.0015883961796709443,2.880916505466727E-4,9.96136600778476E-4],[0.00975810154955271,0.0030111758198312338,0.009618527016836818,0.005405635032653019,0.004412363035042836,0.001455193305954076,0.01279725009291112,0.0017410655860860297,0.012740561690077137,0.00912764177757641,0.00523803607347814,0.013550120299911752,0.014813178349494763,0.0042888521649965625,0.043148344517494816,3.2192461610748465E-4,0.017772527840657082,0.008961736941027532,0.010500102195649796,0.01274522839977955,0.0019255713852394702,0.011856278101124232,7.306284460730547E-4,0.006317083649739329,0.0352832961170294,0.0083807420307978,0.005315965330333981,0.00929098827347364,0.01211259388650111,1.0,0.013616851116155453,0.007273663766184354,0.007043341585751902,0.003087414869772137,0.013288376608536389,0.002841621288980471,0.014357256697538037,0.0042492766370731275,0.012498029718338662,0.010016451711578294,0.0018724919015768518,0.01029559854067301],[1.3791576771440933E-4,1.9588962354553203E-4,1.2988235258258634E-4,2.4157467972023313E-4,1.1341090711302249E-4,1.3587833243097812E-4,9.987448271288118E-4,1.1113578360571992E-4,3.410443923743182E-5,3.936622994400054E-5,0.0010293133384721136,1.159906710671868E-4,0.04053317169249344,1.0668536153526024E-4,0.06532419130447457,1.050900448207749E-4,0.016201486974068584,1.6648270121352702E-4,1.206178975316678E-4,5.676743469259021E-5,6.884502763627865E-4,1.333226561905263E-4,2.0067503323324538E-4,2.4091929190045756E-4,0.04660934174956345,2.836170218873556E-4,9.544484295532662E-4,7.957857476441849E-4,1.3469834476809002E-4,0.013616851116155453,1.0,1.1217341138905825E-4,0.0017751415612749714,7.042212337436336E-5,0.010517132554199839,5.564408757009077E-5,0.007187067445226082,4.093989155829992E-5,0.006813287943058857,0.0019597238334419227,2.660117283036329E-4,9.765077388160625E-4],[1.6513920754843793E-4,2.2158578354945435E-4,1.5726515074559013E-4,4.5159992489797907E-4,1.5391268456005865E-4,1.6332184607723975E-4,0.0015725728543463358,1.426184285698538E-4,1.3878422109270567E-4,6.231883495135654E-5,0.001995497561446558,1.6480725550861193E-4,0.032379289625032476,1.518762274317692E-4,8.035378863582929E-4,3.265467668011215E-5,0.01622597704625382,3.6719795493408313E-4,1.3553273136081395E-4,7.88750738941768E-5,9.048965545114565E-4,1.468137408714476E-4,1.8135720399070773E-4,0.0010132537011311935,0.0013271173509109419,2.0995010624784248E-4,2.0062894221980037E-4,7.075036939203748E-4,1.8484313498389176E-4,0.007273663766184354,1.1217341138905825E-4,1.0,0.001917761971702322,4.1937171600594826E-5,0.009975267991372038,5.240990671685292E-5,0.009969877647719626,7.187756518191744E-5,0.008286007311839786,0.001240512125392402,3.0321907713668893E-4,2.3751122023902546E-4],[3.569353380909812E-4,0.001910542287268767,7.135724502420682E-4,0.0015552598508855272,0.0015009973628306841,0.0014648179641035,0.0019132854803733765,2.869202112366848E-4,4.968865504298601E-4,0.0010584279606894106,0.002267853402335777,0.0019022505153954855,0.0357024726763588,1.5090500217256834E-4,0.03296664558735965,2.6745381213219213E-4,0.020747898597825533,0.0013341189344576202,5.893683593592772E-4,0.001667923128902448,0.0015410015018429305,0.0010260555690680675,0.0012383316496042034,0.0021356743991852232,0.02822550357947063,0.0010716742335840643,0.0017570152352196589,0.0018367499447517993,8.800239614826365E-4,0.007043341585751902,0.0017751415612749714,0.001917761971702322,1.0,0.0018182101885907572,0.009785678812663214,1.296115887635797E-4,0.009427881136819125,7.545090604944697E-4,0.006285264885538641,0.002063602509201992,7.445509331409298E-4,0.0021297570651047154],[6.465661170980462E-5,1.639078155021505E-4,3.957735275636639E-5,5.899841428860749E-4,1.156543239382369E-4,3.185858929690959E-5,1.9202511489673033E-4,9.987365894116267E-5,2.7213110953758295E-5,1.492703036593169E-5,0.0013904009351412415,1.3607536163521132E-4,0.007931668067422702,7.107575964420806E-5,0.05660350115379039,2.6779495670873713E-5,0.014109040735729892,1.6029877732967333E-4,1.026674750223824E-4,1.911652192578323E-5,0.0010082014668835605,1.2159271006623825E-4,3.6941840937198746E-5,6.724403550947511E-4,0.02663225098092791,2.4561523497607844E-4,9.571436386020368E-4,4.7177464887196755E-4,5.712164253725787E-5,0.003087414869772137,7.042212337436336E-5,4.1937171600594826E-5,0.0018182101885907572,1.0,3.265232504262455E-4,2.9897321890878815E-5,0.005297351998391665,2.509827716806598E-5,0.0011280217107951837,0.001147219270868106,2.3655671760985003E-4,0.0016609148005160145],[0.009550721328616387,0.007481961613750295,0.010355405265180374,0.012324273516708844,0.012430930421149542,0.011911238899803436,0.010728793970747354,0.0051643810432944835,0.011548084545495725,0.008528429589931457,0.011896880260746902,0.011696231797843138,0.0330359315906426,0.005307759586862554,0.02261164467520351,0.011733384762205893,0.01494368422422089,0.00979332442707787,0.001226084459409121,8.186281882077278E-4,0.009834670389870886,3.1511728312476453E-4,0.01160659515166707,0.006007863611229047,0.03382454095286882,0.009134700306215986,0.010542864157926412,0.008460788080307683,0.001393448581882679,0.013288376608536389,0.010517132554199839,0.009975267991372038,0.009785678812663214,3.265232504262455E-4,1.0,0.00562206652129377,0.014805963438009292,0.009356510746887774,0.012986899342609572,0.01111240722500979,0.002070677394863926,0.008985971318691168],[1.3479697589452195E-4,8.477667063993892E-5,1.3394504072611782E-4,8.023263618857006E-4,5.3727801203854776E-5,1.4154541434873759E-4,8.610209557465273E-4,3.390223862742632E-5,2.4112439825374182E-5,2.3030263885568614E-5,0.0017987817895953019,1.002392202341559E-4,0.02408616681261747,6.972614385178808E-5,0.011233358700145853,2.291637607144761E-5,0.008499805924081302,4.415247231984844E-4,5.15760983576829E-5,2.8941696540692454E-5,5.169067713094727E-4,1.1749824504028444E-4,1.6406083623468184E-4,0.0013626058197318287,0.006390737978802596,1.9725087049201793E-4,2.78846522605823E-4,0.0012004494029571593,1.5732759643381083E-4,0.002841621288980471,5.564408757009077E-5,5.240990671685292E-5,1.296115887635797E-4,2.9897321890878815E-5,0.00562206652129377,1.0,0.01163382219869165,1.5226754222103615E-5,0.010810945245113222,2.989145814420313E-4,2.8542712447062233E-4,0.0013203777828155695],[0.005539098528986481,0.012888756658444755,0.007874365478329558,0.005036963089213634,0.0010665808777331474,0.007396340980253827,0.0035519503582736884,0.0036710386996089616,0.0060653233139049915,0.01126804613662868,0.010622832414278839,0.008097584481294166,0.030001563493000493,0.01219600862367313,0.020246146301276628,0.009987175589768414,0.01656632055065135,0.0028844546407554997,0.01330266447202032,0.0052921035277821524,0.0041630306336364505,0.007228951871627533,0.009476927483204464,0.007777462246526897,0.027382249511799774,0.002867908968773158,0.0021222869651323717,0.007173755452761599,0.010195273831090364,0.014357256697538037,0.007187067445226082,0.009969877647719626,0.009427881136819125,0.005297351998391665,0.014805963438009292,0.01163382219869165,1.0,0.011736349228290163,0.013244938917596233,0.012705454566407433,0.011432424185742902,0.008469039945238474],[5.725188259512221E-5,3.403694205052714E-5,1.4850578918047062E-4,4.81324563853545E-5,1.5172024607428787E-5,1.7019213769216038E-4,7.214049258435308E-4,6.320266860547494E-5,1.5120158346267817E-5,1.0543011822066135E-5,2.2443657124004236E-4,1.1929585110048859E-4,0.037160390962725526,1.0198611882533605E-4,0.006277314780588028,1.5277103710005695E-5,0.01211078130129309,2.3847093246403422E-4,4.594567391129529E-5,1.060901288818379E-5,4.560211728209847E-4,7.274396911571604E-5,4.6916194294132225E-5,2.671814408770515E-4,0.014944158694909213,2.062724773197064E-4,0.0015630011723168449,7.933789397613777E-4,1.7418867130701443E-4,0.0042492766370731275,4.093989155829992E-5,7.187756518191744E-5,7.545090604944697E-4,2.509827716806598E-5,0.009356510746887774,1.5226754222103615E-5,0.011736349228290163,1.0,0.009341848211120524,0.0018396176580666886,1.921749376718057E-4,1.7276126373588793E-4],[0.004624473733403609,0.007769451190970051,0.004965686320593325,0.010939601254298967,0.0027615458998436833,0.004017669087075617,0.006060874116379618,0.00964121082240245,0.012002276984644037,0.0036142695002027775,0.011692893516903169,0.005335062820409985,0.016693272819552497,0.005722108101254157,0.06631027254895826,0.007422184828881516,0.02215128719191432,0.003936934534962475,0.002864463923495934,0.01160046037724306,0.0028445907008024397,0.007723985304994056,0.009165504519585898,0.003212464267778687,0.01628677924511512,0.00923750521134361,0.004849565363372602,0.010200291206400675,0.0017814342914290518,0.012498029718338662,0.006813287943058857,0.008286007311839786,0.006285264885538641,0.0011280217107951837,0.012986899342609572,0.010810945245113222,0.013244938917596233,0.009341848211120524,1.0,0.0027933390012084757,0.00455454244960137,0.01149960289667886],[0.001691080502842669,0.0014609289267964066,0.0018333255925748648,0.001400595690531214,6.277471763477165E-4,5.551163609829656E-4,0.0018021619718711457,0.0013403752452114245,0.0018741962383974032,5.809687850131239E-4,0.0024369808606164913,0.0013909268351837256,0.0128903825301563,0.0016277985843036985,0.0029209877969437453,0.0018125584124826157,0.014578091747531411,0.0016306245780909768,0.0017501788220506032,7.36290140606137E-5,0.001643492853333971,0.0012028506484351175,0.0010887085915104338,0.002156335302374137,0.02761588768941104,0.00109690673220367,0.0018529643537648574,0.0018688387108974037,0.0015883961796709443,0.010016451711578294,0.0019597238334419227,0.001240512125392402,0.002063602509201992,0.001147219270868106,0.01111240722500979,2.989145814420313E-4,0.012705454566407433,0.0018396176580666886,0.0027933390012084757,1.0,6.73560697736078E-4,0.002010142021376093],[2.6761326729760944E-4,2.729346201884088E-4,1.8771201495176789E-4,5.12977500965766E-4,1.5517529197503688E-4,2.407591045980647E-4,0.0013107055799496743,2.742527629335361E-4,2.4094212010471346E-4,1.664177727845937E-4,0.0029788405346980813,2.2877845017260374E-4,0.02873576374093604,1.1668519433227251E-4,0.009021527988763146,7.518493468850813E-5,0.012515362249898528,8.642119309491751E-4,2.4315858295093865E-4,1.0202997717078478E-4,6.065327414170511E-4,1.9771779953010066E-4,2.0685864863157898E-4,0.0010736809980874044,0.005823108370665738,3.1544596604585196E-4,0.0016177480303455464,0.0016191879815277983,2.880916505466727E-4,0.0018724919015768518,2.660117283036329E-4,3.0321907713668893E-4,7.445509331409298E-4,2.3655671760985003E-4,0.002070677394863926,2.8542712447062233E-4,0.011432424185742902,1.921749376718057E-4,0.00455454244960137,6.73560697736078E-4,1.0,0.0015280054860258982],[0.0015477161553192238,0.0013305170321850216,0.0011299594638842349,0.0013340563447628814,0.0021022888474983206,0.0018753886072415166,0.0017886933749091682,8.847171818922879E-4,8.354727372986289E-4,0.0016462162059307267,0.0032099812947731263,0.0016070254528221897,0.020141943936432302,6.33480896984441E-4,0.048178875742723025,0.0013463917489598674,0.010619834642876755,0.001672999231782686,0.001959281360392676,0.0018148774181192802,0.0021467251970573396,0.001716409387214824,6.99717181728243E-4,0.0022271184685665048,0.017220799879076175,0.0021874333897060365,0.0021404547502718893,0.002104867214997118,9.96136600778476E-4,0.01029559854067301,9.765077388160625E-4,2.3751122023902546E-4,0.0021297570651047154,0.0016609148005160145,0.008985971318691168,0.0013203777828155695,0.008469039945238474,1.7276126373588793E-4,0.01149960289667886,0.002010142021376093,0.0015280054860258982,1.0]]