[[1.0,1.0613692827987066E-4,6.20930844781319E-5,8.532332014247439E-5,1.4238706942498276E-5,6.332239673605715E-4,3.9520799413994285E-4,0.006026198362767719,2.483195814451293E-5,0.026606795994995228,0.0012487398994201451,6.618721812606538E-4,0.0038938043714663558,0.002042604572899019,0.01251536631252685,1.59023015323148E-4,5.1314067985007865E-5,5.019509638498999E-5,1.4367183869787997E-5,7.576123231276205E-4,0.011694272125436243,1.4821692046727343E-4,6.161666924309719E-5,5.076600051133714E-4,5.274636020352318E-4,5.257889190725446E-4,1.863111264754811E-5,1.5958266139489338E-5,1.5037166550197833E-5,0.011715619730979386,5.844495549192077E-4,3.9952626633776443E-5,8.090017899541005E-4,5.966816470029248E-5,0.0012497376540536315,0.0020071460792950853,2.056385610243034E-5,1.1812424443243972E-5,0.0010840109241009766,1.3131727708678745E-4,0.001286709958959005,2.3632265994390548E-4,7.153116365639756E-5,2.4366928725618705E-5],[1.0613692827987066E-4,1.0,1.0764985727773221E-4,1.4868530038856113E-4,1.3916032491989008E-4,8.415478316046311E-4,2.523980875774224E-4,0.0021139987551490598,1.3533086119503208E-4,0.011151500079774697,3.10436000714776E-4,3.471329916899372E-4,0.008887807304185738,3.545649259092082E-4,0.0022766206461121686,2.2016166866915658E-4,1.1771746064421976E-4,6.0925004890058475E-5,1.1760915990127247E-4,7.077835637675628E-4,0.016226093348432006,3.418722209752584E-4,1.223087284285416E-4,4.711551208297076E-4,3.6163108636693987E-4,0.0014264151822764117,1.3169088215603538E-4,9.202064654648709E-5,1.1012917494680898E-4,0.009035095072371716,9.021201824172367E-4,1.6153058936603607E-4,0.0010195996661600832,2.5158065034991357E-4,0.03110350982798007,0.0010535011497945293,1.511368746023078E-4,1.0672199816295588E-4,0.0026600635439124084,2.7381203293278146E-4,0.0010695482140484882,1.7487167583032887E-4,2.017287790274924E-4,1.3994192933803508E-4],[6.20930844781319E-5,1.0764985727773221E-4,1.0,1.3402709614989506E-4,8.977233606230169E-5,8.840633673494869E-4,1.4302575498541E-4,0.0035890960585174443,3.765105705460771E-5,0.006363195828092182,0.0013849815476751834,4.153711826000361E-4,0.009017589546060923,7.688773196778625E-4,0.007663533452291501,1.0655321876934756E-4,1.0403192446081498E-4,9.919099886945497E-5,2.332779820985826E-5,1.5938117414022188E-4,0.007972291822781198,1.3507281752990938E-4,1.1807135281509667E-4,6.04926040535936E-4,0.0013285924167325798,2.4738071711040253E-4,9.66601559161029E-5,6.457879917671015E-5,6.382126011011185E-5,0.00786166255792475,2.2602718409760655E-4,1.0557407515078612E-4,0.0017312774262072616,1.5585243782889195E-4,0.06306000398761118,1.390208402826468E-4,1.267379233699558E-4,1.007880022901784E-4,0.0026582006920861916,1.5918301228758162E-4,0.0012438084049201936,2.716790435179679E-4,1.4774733786432055E-4,1.1045507560789149E-4],[8.532332014247439E-5,1.4868530038856113E-4,1.3402709614989506E-4,1.0,6.819621938837105E-5,7.284861896046552E-4,3.331064637385968E-4,4.0051600605564585E-4,1.2499999264083583E-4,0.006779349979555652,0.001529725267043739,2.9697825499448423E-4,0.005725106476732372,4.708289188782058E-4,0.004099103760314361,1.7495730873102496E-4,1.3508750200168904E-4,1.3644537595921386E-4,5.5503586531590075E-5,6.461091686499904E-4,0.00249563513203927,2.213600021139194E-4,1.232762158957124E-4,9.130132249493733E-4,0.001468603732569769,0.0014352341142420191,1.2656879702915895E-4,1.3622086036730853E-4,9.860266655152902E-5,0.012660980430498705,6.674369046768704E-4,1.407051969263516E-4,1.9811745745681956E-4,1.5883732614429917E-4,0.011387794264235805,0.0016260642445908042,1.45869123038166E-4,7.481418133550291E-5,0.0031955015955776227,2.0888419559206097E-4,4.3521232321413464E-4,2.731052050787845E-4,1.9312082878325098E-4,1.1737496712579701E-4],[1.4238706942498276E-5,1.3916032491989008E-4,8.977233606230169E-5,6.819621938837105E-5,1.0,0.001006095608461265,3.901398559323366E-4,0.0046556400201992944,1.996056935623944E-5,0.020894776907266856,0.0011668062748733333,3.669384055399279E-4,0.0024407583000046087,0.0020877080571519583,0.010679616117122462,1.5095998662539292E-4,5.670434593490276E-5,4.725340702099723E-5,1.6655957869628364E-5,3.171231947292252E-4,0.01550443627270855,2.701238063893861E-4,1.1389176097330729E-4,2.9218798557927467E-4,4.780560954526906E-4,7.830809165362224E-4,1.9022910062368653E-5,1.9248135462227125E-5,1.7180500621895963E-5,0.01375534124290595,0.001021857582952169,3.8937572415513606E-5,8.342377768570416E-4,8.196108212132231E-5,0.06411570466682284,0.0017721764278301648,9.980226918131337E-5,1.726156081502236E-5,0.0017014617885974719,1.0056410895340284E-4,3.778600523431244E-4,2.766863519211877E-4,1.370085525919648E-4,1.1217437860561486E-4],[6.332239673605715E-4,8.415478316046311E-4,8.840633673494869E-4,7.284861896046552E-4,0.001006095608461265,1.0,7.391504746153974E-4,0.005580137319257428,2.339931313092607E-4,0.010824376897174906,0.0011785130877540364,0.0010127915063090358,0.009425388872138762,0.001309403523531776,0.010440060779500276,3.685543668075819E-4,1.7772480020292606E-4,7.875883749410408E-4,3.427573707610967E-4,9.53983855671454E-4,0.014528294382365586,5.244982662043145E-4,4.6177319490651103E-4,0.0010348848741852808,0.0016577118213390008,0.0016313964632091488,4.8269692680278134E-4,5.212678457438785E-4,7.712889717106419E-4,0.007883339826552902,0.0010346394268451913,4.47377180474491E-4,0.0012724081386874717,0.001024262462494241,0.024645473053698682,0.0014827549079991368,0.0010012549100740906,6.815924451779956E-4,0.0022654668815319024,9.922384916490378E-4,0.0014232278207342284,8.572189806559513E-4,3.8272851407266826E-4,7.201428691287617E-4],[3.9520799413994285E-4,2.523980875774224E-4,1.4302575498541E-4,3.331064637385968E-4,3.901398559323366E-4,7.391504746153974E-4,1.0,0.005599615055399862,2.695615242149594E-5,0.019016775601434794,0.0016810956838575163,5.756054583702193E-4,0.010403167081648354,0.00105817468887458,0.0015556718860103929,3.510535843977425E-4,3.7686574090466845E-4,2.917470987054434E-4,4.296425947940751E-4,6.835473153950668E-4,0.016319908244838935,3.821289895940553E-4,2.0244157064445425E-4,9.777525153185761E-4,6.178527540281441E-4,0.0017067142003571443,1.037735211520148E-4,3.345941120605345E-4,1.1865448524268785E-4,0.013861926733587144,7.443366308617154E-4,2.659230211734609E-4,7.562711414801312E-4,3.8924909003291606E-4,0.04440315629296425,8.415034067103289E-4,1.749504691227871E-4,3.6086444428928973E-4,0.0020261380896941187,3.470031095262184E-4,4.3691914712143837E-4,4.058692307875986E-4,3.6664087690454225E-4,2.491399624021624E-4],[0.006026198362767719,0.0021139987551490598,0.0035890960585174443,4.0051600605564585E-4,0.0046556400201992944,0.005580137319257428,0.005599615055399862,1.0,0.006325756074961062,0.009401448581494443,0.004074649628900759,0.0019038366043350736,0.007863045772339249,0.0038342306208830577,0.013546040301418035,0.006994055981004711,0.007569707334272831,0.005737861516446384,0.003238888862059019,0.002244934939745304,0.010062302957031083,9.412411626416913E-4,0.003323282117532342,0.0018229458702357765,0.0037310607494951426,0.0032821052666735934,0.006741551666518232,0.0015495486265622667,0.005632894600811333,0.008477901607570105,0.0015651251511002776,0.004760959457595705,0.007514967346252403,0.005000549555298049,0.02854990787010758,0.00506339399750572,0.006282469680828705,1.7172199843606086E-4,0.007094343144055326,0.0028847163732735517,0.0068095760902551535,0.006030000547319182,7.186265621667726E-4,0.007620083384945687],[2.483195814451293E-5,1.3533086119503208E-4,3.765105705460771E-5,1.2499999264083583E-4,1.996056935623944E-5,2.339931313092607E-4,2.695615242149594E-5,0.006325756074961062,1.0,0.007351703172018638,2.345578540487477E-4,5.990953994317646E-4,0.00690318737916939,0.0012194894222080947,0.0027746620349473447,8.660276598842102E-5,3.815937390090685E-5,2.6795321627724386E-5,2.4263896272455024E-5,1.7321907616590102E-4,0.009053052190390418,2.1213099836386433E-4,6.837740829190747E-5,8.528803311687324E-4,7.763900011910464E-4,9.88150544366431E-4,2.5368754271020752E-5,2.5590872342935633E-5,2.5409631977197404E-5,0.007361540932842355,3.78030474324742E-5,7.350077598878389E-5,0.0017500619959895615,9.208558118462977E-5,0.043624529113977725,3.190984484430167E-4,1.421114392037686E-4,2.4701227493663216E-5,0.0017096273979600469,9.555570514232492E-5,0.0011503194525384762,3.892246835941402E-5,1.7715236648218832E-4,8.712855879323251E-5],[0.026606795994995228,0.011151500079774697,0.006363195828092182,0.006779349979555652,0.020894776907266856,0.010824376897174906,0.019016775601434794,0.009401448581494443,0.007351703172018638,1.0,0.01898943528018872,0.02639610049956089,0.011943013133811213,0.04084962910144458,0.03549945626851659,0.03538613759955141,0.019083767659934334,0.004088697724757232,0.01797355335667719,0.022774939710243514,0.02239621912740413,0.039465525585318295,8.636782432248186E-4,0.02708837111751478,0.022505685844835557,0.03024568543453245,0.036958958156252886,0.019211671192464856,0.016807329697740504,0.03179700971946083,0.03643594203320354,0.0023750244517936306,0.015409120181800219,0.0165354570494885,0.06617158621765726,0.0050413016474404335,0.007778870824485683,0.0060928699513320686,0.026729642436530164,0.023687816217668793,0.03255103518325278,0.025906307872635273,0.007306024967387002,0.015782610691472545],[0.0012487398994201451,3.10436000714776E-4,0.0013849815476751834,0.001529725267043739,0.0011668062748733333,0.0011785130877540364,0.0016810956838575163,0.004074649628900759,2.345578540487477E-4,0.01898943528018872,1.0,0.0020721098136224723,0.007575381506495243,0.0022017771802391468,0.013909121977010112,0.0012276205388358553,0.0011010939448630843,3.369357669202106E-4,0.0016418357967996856,0.0020500653382684872,0.016382164327871384,0.0018342195058158204,0.0019081138392149414,0.0013671521447238641,0.0022024757488555524,0.0022126370068025615,6.376643106464372E-4,0.002120829647789706,3.5227440940395385E-4,0.01618118612074242,0.0015222263204301735,0.0013611585926710354,0.002238123853411673,0.0021686251755353558,0.019202574102315996,0.002278525841146814,0.002049314704531392,0.001845533324759943,0.003248039935393526,0.0021640765449408516,0.0015152938341561912,0.0017074530736470544,7.664893278576272E-4,0.001743381387256854],[6.618721812606538E-4,3.471329916899372E-4,4.153711826000361E-4,2.9697825499448423E-4,3.669384055399279E-4,0.0010127915063090358,5.756054583702193E-4,0.0019038366043350736,5.990953994317646E-4,0.02639610049956089,0.0020721098136224723,1.0,0.0048175968842199095,0.0014656941572551295,0.00803058459435123,8.509543731426473E-4,3.3676380579090916E-4,9.607599525615714E-5,4.616378883435569E-4,0.0010036876798463113,0.00934965460358152,6.352865202767107E-4,9.823526786215716E-4,0.0010417643175245014,0.0015575128690677865,0.0020352791839368554,6.365975524447028E-4,2.3326672114157095E-4,3.283007723828879E-4,0.0036851063616272447,0.00110077245058759,8.676967768544323E-4,0.0017337958164695315,4.2351154539490405E-4,0.028926472347443704,0.0013959198788830454,5.467850798439448E-4,8.329149139382477E-4,0.002637769468489911,9.349283214786552E-4,0.0014587645346712589,5.518802019826474E-4,2.178389291103201E-4,8.990782161877833E-4],[0.0038938043714663558,0.008887807304185738,0.009017589546060923,0.005725106476732372,0.0024407583000046087,0.009425388872138762,0.010403167081648354,0.007863045772339249,0.00690318737916939,0.011943013133811213,0.007575381506495243,0.0048175968842199095,1.0,0.0035123735887426294,0.010633132266185903,0.009406299019082751,0.0030653429801929225,0.008465654305763851,0.009487961586606843,0.0012807960652036405,0.01180864796360754,4.7904829538086965E-4,0.007725207135621927,0.00630799367299098,0.0056800534160579876,0.004647191899090084,0.0036305264500633315,0.008853529380013396,0.005820323541812457,0.02668174815041096,0.00982577073342929,0.009326138419746837,0.0022856880666610262,0.006366242954047123,0.038013695605029305,0.003872948203599594,0.009959534031672549,0.008729222543790015,0.006941674588086366,0.0052606716704056014,0.007856740077262938,0.004507048495906428,4.094380877436899E-4,0.009749025671652613],[0.002042604572899019,3.545649259092082E-4,7.688773196778625E-4,4.708289188782058E-4,0.0020877080571519583,0.001309403523531776,0.00105817468887458,0.0038342306208830577,0.0012194894222080947,0.04084962910144458,0.0022017771802391468,0.0014656941572551295,0.0035123735887426294,1.0,0.006693136312682252,0.0019545142551785364,0.001511965896497709,5.400180968486792E-4,6.395187345499872E-4,0.0014847940878931103,0.00649954743508804,5.614515986921833E-4,8.82259948729719E-4,0.002113742129952921,0.0019660242284749944,0.0020548986593331335,0.0017713878733310933,0.0012145642590993164,0.001150196077276294,0.005899342004998969,0.0013727390790184658,9.942624429160954E-4,0.0019945940623421394,6.403033187810817E-4,0.014787265551899124,0.002070664217091738,0.0010223849515392308,9.077932635020543E-4,0.003520891605226055,9.176105750498322E-4,0.0016157370357761157,4.1049184404162226E-4,4.605484482852262E-4,0.0012899729634334104],[0.01251536631252685,0.0022766206461121686,0.007663533452291501,0.004099103760314361,0.010679616117122462,0.010440060779500276,0.0015556718860103929,0.013546040301418035,0.0027746620349473447,0.03549945626851659,0.013909121977010112,0.00803058459435123,0.010633132266185903,0.006693136312682252,1.0,0.0038693487376448748,0.00862764470536261,0.011561561190624781,0.0020045545398822756,0.012635353753498129,0.016409486055342447,0.006457145462873239,0.00958156747394582,0.007973966365786737,0.006442452741256015,0.013571382172204941,0.012009854623032832,0.015431893152632924,0.006205251801689368,0.025943189832366757,0.006546113196432692,5.557378962837625E-4,0.005509422557744477,0.003448320245233974,0.018956029586458038,0.004240537719295557,0.004956412709060328,0.0024513747560025168,0.01647877949173559,0.009937679938553705,0.012282074428359737,0.0037762112657661858,0.005561113313344987,0.001596637614034254],[1.59023015323148E-4,2.2016166866915658E-4,1.0655321876934756E-4,1.7495730873102496E-4,1.5095998662539292E-4,3.685543668075819E-4,3.510535843977425E-4,0.006994055981004711,8.660276598842102E-5,0.03538613759955141,0.0012276205388358553,8.509543731426473E-4,0.009406299019082751,0.0019545142551785364,0.0038693487376448748,1.0,1.5292141436400094E-4,6.1000534352614604E-5,1.6452828149846798E-4,7.593844240515227E-4,0.003956386573270432,3.3375979285080155E-4,1.7201220339392717E-4,8.367146627767461E-4,7.731795651437917E-4,7.911746546847803E-4,1.7827464105337493E-4,6.49556024726217E-5,4.4887370960343395E-5,0.0022254983687728285,0.0010164451572671144,1.2469849021196083E-4,4.608388401628374E-4,2.4311253170018976E-4,0.01987004104038951,0.0012627905507987876,1.7839484466351818E-4,1.748642116044012E-4,0.002946022071441508,2.273496326039666E-4,0.0010337161970284977,2.719520624970547E-4,2.2163978425742157E-4,1.6787411414553613E-4],[5.1314067985007865E-5,1.1771746064421976E-4,1.0403192446081498E-4,1.3508750200168904E-4,5.670434593490276E-5,1.7772480020292606E-4,3.7686574090466845E-4,0.007569707334272831,3.815937390090685E-5,0.019083767659934334,0.0011010939448630843,3.3676380579090916E-4,0.0030653429801929225,0.001511965896497709,0.00862764470536261,1.5292141436400094E-4,1.0,8.746852521820557E-5,6.226988330052563E-5,1.55165180095186E-4,0.008361549597392085,1.5436818128920942E-4,1.0755485015421475E-4,7.467632391218928E-4,5.842625466983565E-4,0.0013204279439475621,3.14744669823242E-5,1.0019848724165679E-4,2.571899527678744E-5,0.018914107847237956,4.953918868428078E-4,1.1227951569349211E-4,7.696247132237549E-4,2.604719454010301E-4,0.03806884371448839,0.0013295568969481921,1.0971887113155327E-4,7.013982621337522E-5,0.002474403308724783,1.9251771006488337E-4,1.5019649084047998E-4,1.9301004278669408E-4,1.970856672727128E-4,1.0525191451128781E-4],[5.019509638498999E-5,6.0925004890058475E-5,9.919099886945497E-5,1.3644537595921386E-4,4.725340702099723E-5,7.875883749410408E-4,2.917470987054434E-4,0.005737861516446384,2.6795321627724386E-5,0.004088697724757232,3.369357669202106E-4,9.607599525615714E-5,0.008465654305763851,5.400180968486792E-4,0.011561561190624781,6.1000534352614604E-5,8.746852521820557E-5,1.0,2.8586861140218714E-5,8.055762792058152E-4,0.014813380223869788,2.1851204699951184E-4,6.160272910625206E-5,0.001000887264723645,4.887986546297913E-4,0.001829991998204035,3.74238892452965E-5,2.7158984946231986E-5,2.5114852765124466E-5,0.01919305249183251,5.323957535106625E-4,9.563021400819081E-5,0.001493689808672664,2.1067769075549126E-4,0.021040125344807096,6.899158141643505E-4,1.3832716138536356E-4,3.609486522606653E-5,0.0015492045016600351,2.189843358753162E-4,2.5030674931036674E-4,2.4222737854296037E-4,9.829956509394642E-5,5.67754372387746E-5],[1.4367183869787997E-5,1.1760915990127247E-4,2.332779820985826E-5,5.5503586531590075E-5,1.6655957869628364E-5,3.427573707610967E-4,4.296425947940751E-4,0.003238888862059019,2.4263896272455024E-5,0.01797355335667719,0.0016418357967996856,4.616378883435569E-4,0.009487961586606843,6.395187345499872E-4,0.0020045545398822756,1.6452828149846798E-4,6.226988330052563E-5,2.8586861140218714E-5,1.0,3.995376317750577E-4,0.002590846706640048,1.8429032794592436E-4,8.505869548576609E-5,5.879351946257405E-4,0.001346054946242604,0.0019838531031342115,1.958962265820747E-5,2.3499803070158146E-5,1.9674138685127278E-5,0.014839687512192414,4.309090471029433E-5,1.1967610470019401E-4,0.0010980233005368448,2.1855269125879218E-4,0.06489781213898514,3.0792378365221645E-4,3.63221306184236E-5,1.8401761492126034E-5,3.938978765856116E-4,2.3435249342941967E-4,2.8101335279706248E-5,2.5572321914384453E-4,3.418983791002303E-5,1.0733449657684327E-4],[7.576123231276205E-4,7.077835637675628E-4,1.5938117414022188E-4,6.461091686499904E-4,3.171231947292252E-4,9.53983855671454E-4,6.835473153950668E-4,0.002244934939745304,1.7321907616590102E-4,0.022774939710243514,0.0020500653382684872,0.0010036876798463113,0.0012807960652036405,0.0014847940878931103,0.012635353753498129,7.593844240515227E-4,1.55165180095186E-4,8.055762792058152E-4,3.995376317750577E-4,1.0,0.0056967591723871246,7.203267294210111E-4,2.9335921641320754E-4,9.558783579417226E-4,0.0014415331856806228,0.00129748553625294,5.274572174188255E-4,4.8573146335231137E-4,8.754324612630626E-4,0.01802035610928493,0.0010701136266934343,2.386281669212846E-4,0.0013441898840215137,6.447225148967974E-4,0.010247206162059047,9.388558947274685E-4,5.102657890548341E-4,7.896531039512583E-4,0.0030831309475214995,3.5143892796081803E-4,0.0010401842836082734,5.040343636774137E-4,2.8219866063969724E-4,5.510743974901335E-4],[0.011694272125436243,0.016226093348432006,0.007972291822781198,0.00249563513203927,0.01550443627270855,0.014528294382365586,0.016319908244838935,0.010062302957031083,0.009053052190390418,0.02239621912740413,0.016382164327871384,0.00934965460358152,0.01180864796360754,0.00649954743508804,0.016409486055342447,0.003956386573270432,0.008361549597392085,0.014813380223869788,0.002590846706640048,0.0056967591723871246,1.0,0.013804757643536695,0.013664551882161645,0.011704210774710112,0.0047369063064754795,0.009178481413452712,0.0131801229254684,0.0012543182829848369,0.0052756124646217055,0.016504307168117863,0.002653081194697987,0.0042800150937944105,0.002017343514041048,0.005178640622949455,0.03353969139135546,0.015329149664889383,0.0072054445694807075,0.015766054703522537,0.006948019986056601,0.006834599536035506,0.00973176627532173,0.0016306391836237411,0.0038091825213309267,0.01129786846201404],[1.4821692046727343E-4,3.418722209752584E-4,1.3507281752990938E-4,2.213600021139194E-4,2.701238063893861E-4,5.244982662043145E-4,3.821289895940553E-4,9.412411626416913E-4,2.1213099836386433E-4,0.039465525585318295,0.0018342195058158204,6.352865202767107E-4,4.7904829538086965E-4,5.614515986921833E-4,0.006457145462873239,3.3375979285080155E-4,1.5436818128920942E-4,2.1851204699951184E-4,1.8429032794592436E-4,7.203267294210111E-4,0.013804757643536695,1.0,2.1289691885601638E-4,3.773679022571431E-4,6.867474767361954E-4,4.8389914393795003E-4,1.4240967224771704E-4,1.977668095203298E-4,1.5151566232058994E-4,0.02419793844728912,6.004325543384358E-4,2.208406383658828E-4,0.0015935452876463575,3.409101461336213E-4,0.005424393063501481,0.0011041751369951513,1.8772157621265578E-4,2.7829871264223495E-4,5.487206494641085E-4,3.4377995996085023E-4,5.687666621110816E-4,3.191557157587593E-4,2.49721086968987E-4,3.4313792530789365E-4],[6.161666924309719E-5,1.223087284285416E-4,1.1807135281509667E-4,1.232762158957124E-4,1.1389176097330729E-4,4.6177319490651103E-4,2.0244157064445425E-4,0.003323282117532342,6.837740829190747E-5,8.636782432248186E-4,0.0019081138392149414,9.823526786215716E-4,0.007725207135621927,8.82259948729719E-4,0.00958156747394582,1.7201220339392717E-4,1.0755485015421475E-4,6.160272910625206E-5,8.505869548576609E-5,2.9335921641320754E-4,0.013664551882161645,2.1289691885601638E-4,1.0,9.77779622059669E-4,0.0013346767058961997,0.0013729580264313496,7.728602995614379E-5,3.1507235336810364E-5,5.837703446914996E-5,0.005095930095866678,2.530448338948707E-4,1.2069847072866433E-4,5.217677949557913E-4,1.5624251874840752E-4,0.012446187544910345,0.0012052105145218068,1.2721654601002982E-4,8.09058039479729E-5,0.003363222349380637,1.4068216863346382E-4,3.920510670861418E-4,2.459520438314228E-4,1.3061716542593993E-4,1.197230796065834E-4],[5.076600051133714E-4,4.711551208297076E-4,6.04926040535936E-4,9.130132249493733E-4,2.9218798557927467E-4,0.0010348848741852808,9.777525153185761E-4,0.0018229458702357765,8.528803311687324E-4,0.02708837111751478,0.0013671521447238641,0.0010417643175245014,0.00630799367299098,0.002113742129952921,0.007973966365786737,8.367146627767461E-4,7.467632391218928E-4,0.001000887264723645,5.879351946257405E-4,9.558783579417226E-4,0.011704210774710112,3.773679022571431E-4,9.77779622059669E-4,1.0,0.0013558212521183333,0.001349849916999963,8.801211519218538E-4,3.364587721332252E-4,5.356843719529152E-4,0.017793674842021864,0.001082301562462709,5.530044504238518E-4,0.0013814321718974751,0.0010317861379730347,0.02123272433436311,0.0014975612403065133,0.0010199767058440834,5.607930485796752E-4,0.004067489622497573,3.364569991531748E-4,0.0013305973549836933,5.140818835575097E-4,3.432905493350542E-4,8.920934266786574E-4],[5.274636020352318E-4,3.6163108636693987E-4,0.0013285924167325798,0.001468603732569769,4.780560954526906E-4,0.0016577118213390008,6.178527540281441E-4,0.0037310607494951426,7.763900011910464E-4,0.022505685844835557,0.0022024757488555524,0.0015575128690677865,0.0056800534160579876,0.0019660242284749944,0.006442452741256015,7.731795651437917E-4,5.842625466983565E-4,4.887986546297913E-4,0.001346054946242604,0.0014415331856806228,0.0047369063064754795,6.867474767361954E-4,0.0013346767058961997,0.0013558212521183333,1.0,0.0017951518679530426,0.0016012035928149907,9.587048020717298E-4,0.0013092857058625024,0.008550234319006405,0.0014641956411888045,0.0010923164986329625,0.0017544951374695644,3.861882081644814E-4,0.035895176349891436,0.0018629777147474926,1.841995900422565E-4,0.0012728339840730534,0.002208990304605342,0.001525500463454915,0.0015533320689098027,0.001433344894739139,0.0015552957523029636,0.001596256512419595],[5.257889190725446E-4,0.0014264151822764117,2.4738071711040253E-4,0.0014352341142420191,7.830809165362224E-4,0.0016313964632091488,0.0017067142003571443,0.0032821052666735934,9.88150544366431E-4,0.03024568543453245,0.0022126370068025615,0.0020352791839368554,0.004647191899090084,0.0020548986593331335,0.013571382172204941,7.911746546847803E-4,0.0013204279439475621,0.001829991998204035,0.0019838531031342115,0.00129748553625294,0.009178481413452712,4.8389914393795003E-4,0.0013729580264313496,0.001349849916999963,0.0017951518679530426,1.0,7.666704597879796E-4,2.1563192307929633E-4,4.2047293786659636E-4,0.020227803221688666,0.001678815444799993,7.596026886826813E-4,0.0019730052088634555,0.001028588599190092,0.036734816619153794,0.002053388090349076,0.001520555992810688,4.896858480676928E-4,0.003097326948752744,3.87460302338033E-4,0.0015275374921931443,0.0010114922656909572,2.4332204763145556E-4,5.570812907241038E-4],[1.863111264754811E-5,1.3169088215603538E-4,9.66601559161029E-5,1.2656879702915895E-4,1.9022910062368653E-5,4.8269692680278134E-4,1.037735211520148E-4,0.006741551666518232,2.5368754271020752E-5,0.036958958156252886,6.376643106464372E-4,6.365975524447028E-4,0.0036305264500633315,0.0017713878733310933,0.012009854623032832,1.7827464105337493E-4,3.14744669823242E-5,3.74238892452965E-5,1.958962265820747E-5,5.274572174188255E-4,0.0131801229254684,1.4240967224771704E-4,7.728602995614379E-5,8.801211519218538E-4,0.0016012035928149907,7.666704597879796E-4,1.0,2.5206467777105373E-5,2.517329563190678E-5,0.008690627621518822,4.250835695478547E-4,1.084583833506019E-4,0.001339133804637621,1.903119341283333E-4,0.047233174669192926,5.051493859282437E-4,1.0993127357801751E-4,2.243497291287916E-5,0.0024622633622220017,6.013621171217413E-5,0.0011825358989471315,8.87119167259546E-5,1.419221746114517E-4,8.497217937682886E-5],[1.5958266139489338E-5,9.202064654648709E-5,6.457879917671015E-5,1.3622086036730853E-4,1.9248135462227125E-5,5.212678457438785E-4,3.345941120605345E-4,0.0015495486265622667,2.5590872342935633E-5,0.019211671192464856,0.002120829647789706,2.3326672114157095E-4,0.008853529380013396,0.0012145642590993164,0.015431893152632924,6.49556024726217E-5,1.0019848724165679E-4,2.7158984946231986E-5,2.3499803070158146E-5,4.8573146335231137E-4,0.0012543182829848369,1.977668095203298E-4,3.1507235336810364E-5,3.364587721332252E-4,9.587048020717298E-4,2.1563192307929633E-4,2.5206467777105373E-5,1.0,2.4861113236180528E-5,0.00608858509176781,5.567059387118176E-4,9.578733846607937E-5,9.91825006735337E-4,2.3628198026247378E-4,0.007188820901488591,0.0011395486903880963,1.1813982298591232E-4,1.8119268338801436E-5,0.002125486407158311,1.1341373217860234E-4,0.0013605478307600284,2.083092325552472E-4,5.926187700186124E-5,1.06594078735021E-4],[1.5037166550197833E-5,1.1012917494680898E-4,6.382126011011185E-5,9.860266655152902E-5,1.7180500621895963E-5,7.712889717106419E-4,1.1865448524268785E-4,0.005632894600811333,2.5409631977197404E-5,0.016807329697740504,3.5227440940395385E-4,3.283007723828879E-4,0.005820323541812457,0.001150196077276294,0.006205251801689368,4.4887370960343395E-5,2.571899527678744E-5,2.5114852765124466E-5,1.9674138685127278E-5,8.754324612630626E-4,0.0052756124646217055,1.5151566232058994E-4,5.837703446914996E-5,5.356843719529152E-4,0.0013092857058625024,4.2047293786659636E-4,2.517329563190678E-5,2.4861113236180528E-5,1.0,0.020676170633806574,5.590536600629857E-4,9.995348871490436E-5,0.0011704199515982247,8.901259625850361E-5,0.04904314971197203,0.001976493650916789,1.4731049760884188E-4,1.9487864785895287E-5,0.001805659677794311,2.730142354022994E-4,2.4562000822643906E-4,9.327422742537011E-5,1.5128585644460436E-4,5.874843313484412E-5],[0.011715619730979386,0.009035095072371716,0.00786166255792475,0.012660980430498705,0.01375534124290595,0.007883339826552902,0.013861926733587144,0.008477901607570105,0.007361540932842355,0.03179700971946083,0.01618118612074242,0.0036851063616272447,0.02668174815041096,0.005899342004998969,0.025943189832366757,0.0022254983687728285,0.018914107847237956,0.01919305249183251,0.014839687512192414,0.01802035610928493,0.016504307168117863,0.02419793844728912,0.005095930095866678,0.017793674842021864,0.008550234319006405,0.020227803221688666,0.008690627621518822,0.00608858509176781,0.020676170633806574,1.0,0.006529285763559182,0.02005690813896899,0.011308737915577982,0.0026489278819212996,0.05580138251341263,0.02231067607150171,0.007969810457929292,0.0021706209622348142,0.013630608110081155,0.016983821588881027,0.017257950029707113,0.015319540443480955,0.0031384867453769037,0.02126834376864617],[5.844495549192077E-4,9.021201824172367E-4,2.2602718409760655E-4,6.674369046768704E-4,0.001021857582952169,0.0010346394268451913,7.443366308617154E-4,0.0015651251511002776,3.78030474324742E-5,0.03643594203320354,0.0015222263204301735,0.00110077245058759,0.00982577073342929,0.0013727390790184658,0.006546113196432692,0.0010164451572671144,4.953918868428078E-4,5.323957535106625E-4,4.309090471029433E-5,0.0010701136266934343,0.002653081194697987,6.004325543384358E-4,2.530448338948707E-4,0.001082301562462709,0.0014641956411888045,0.001678815444799993,4.250835695478547E-4,5.567059387118176E-4,5.590536600629857E-4,0.006529285763559182,1.0,0.0011179967989456887,0.001390089555869097,5.230510297982806E-4,0.022986627178262796,0.001933177871900939,3.8811167421012914E-4,2.0631279667341178E-4,0.0012047107458228537,9.40853808480392E-4,0.001147582912065146,6.354539705386358E-4,8.097651399967278E-4,4.478911112870933E-4],[3.9952626633776443E-5,1.6153058936603607E-4,1.0557407515078612E-4,1.407051969263516E-4,3.8937572415513606E-5,4.47377180474491E-4,2.659230211734609E-4,0.004760959457595705,7.350077598878389E-5,0.0023750244517936306,0.0013611585926710354,8.676967768544323E-4,0.009326138419746837,9.942624429160954E-4,5.557378962837625E-4,1.2469849021196083E-4,1.1227951569349211E-4,9.563021400819081E-5,1.1967610470019401E-4,2.386281669212846E-4,0.0042800150937944105,2.208406383658828E-4,1.2069847072866433E-4,5.530044504238518E-4,0.0010923164986329625,7.596026886826813E-4,1.084583833506019E-4,9.578733846607937E-5,9.995348871490436E-5,0.02005690813896899,0.0011179967989456887,1.0,0.0012530753613271832,2.6594403840021763E-4,0.004058211873403124,1.5872365281875987E-4,1.4739266319417524E-4,7.401547805062434E-5,0.0031997031529957675,2.2773969611921145E-4,4.000549107796095E-4,2.1488210426643463E-4,1.404972851953284E-4,1.1578753861397893E-4],[8.090017899541005E-4,0.0010195996661600832,0.0017312774262072616,1.9811745745681956E-4,8.342377768570416E-4,0.0012724081386874717,7.562711414801312E-4,0.007514967346252403,0.0017500619959895615,0.015409120181800219,0.002238123853411673,0.0017337958164695315,0.0022856880666610262,0.0019945940623421394,0.005509422557744477,4.608388401628374E-4,7.696247132237549E-4,0.001493689808672664,0.0010980233005368448,0.0013441898840215137,0.002017343514041048,0.0015935452876463575,5.217677949557913E-4,0.0013814321718974751,0.0017544951374695644,0.0019730052088634555,0.001339133804637621,9.91825006735337E-4,0.0011704199515982247,0.011308737915577982,0.001390089555869097,0.0012530753613271832,1.0,0.0011855738056833903,0.04710227594021344,0.0018922559386516957,7.352402077414297E-4,9.935904681373676E-4,0.004212221352161706,4.4437062672948214E-4,0.001569861758909147,0.0016700813175103248,5.39314555860999E-4,0.0011780229815148832],[5.966816470029248E-5,2.5158065034991357E-4,1.5585243782889195E-4,1.5883732614429917E-4,8.196108212132231E-5,0.001024262462494241,3.8924909003291606E-4,0.005000549555298049,9.208558118462977E-5,0.0165354570494885,0.0021686251755353558,4.2351154539490405E-4,0.006366242954047123,6.403033187810817E-4,0.003448320245233974,2.4311253170018976E-4,2.604719454010301E-4,2.1067769075549126E-4,2.1855269125879218E-4,6.447225148967974E-4,0.005178640622949455,3.409101461336213E-4,1.5624251874840752E-4,0.0010317861379730347,3.861882081644814E-4,0.001028588599190092,1.903119341283333E-4,2.3628198026247378E-4,8.901259625850361E-5,0.0026489278819212996,5.230510297982806E-4,2.6594403840021763E-4,0.0011855738056833903,1.0,0.02540380143560914,9.80508717231873E-4,1.8488645179332984E-4,2.092571625709075E-4,0.001297036637732989,2.7239102684088447E-4,6.86566620853558E-4,2.740814020757285E-4,2.3652640961877288E-4,2.620439627238812E-4],[0.0012497376540536315,0.03110350982798007,0.06306000398761118,0.011387794264235805,0.06411570466682284,0.024645473053698682,0.04440315629296425,0.02854990787010758,0.043624529113977725,0.06617158621765726,0.019202574102315996,0.028926472347443704,0.038013695605029305,0.014787265551899124,0.018956029586458038,0.01987004104038951,0.03806884371448839,0.021040125344807096,0.06489781213898514,0.010247206162059047,0.03353969139135546,0.005424393063501481,0.012446187544910345,0.02123272433436311,0.035895176349891436,0.036734816619153794,0.047233174669192926,0.007188820901488591,0.04904314971197203,0.05580138251341263,0.022986627178262796,0.004058211873403124,0.04710227594021344,0.02540380143560914,1.0,0.03583333128162841,0.01780667360862411,0.0028961239074913477,0.016249284283235042,0.024000304214255523,0.03256586863735904,0.04445335613750196,0.06597337758693951,0.025018434124128457],[0.0020071460792950853,0.0010535011497945293,1.390208402826468E-4,0.0016260642445908042,0.0017721764278301648,0.0014827549079991368,8.415034067103289E-4,0.00506339399750572,3.190984484430167E-4,0.0050413016474404335,0.002278525841146814,0.0013959198788830454,0.003872948203599594,0.002070664217091738,0.004240537719295557,0.0012627905507987876,0.0013295568969481921,6.899158141643505E-4,3.0792378365221645E-4,9.388558947274685E-4,0.015329149664889383,0.0011041751369951513,0.0012052105145218068,0.0014975612403065133,0.0018629777147474926,0.002053388090349076,5.051493859282437E-4,0.0011395486903880963,0.001976493650916789,0.02231067607150171,0.001933177871900939,1.5872365281875987E-4,0.0018922559386516957,9.80508717231873E-4,0.03583333128162841,1.0,0.0015395616121980996,0.0012188757123570637,0.0028421896199669833,8.463165186932955E-4,0.0016851523052681674,0.001917005398145692,3.303083411506357E-4,0.0015189084202954564],[2.056385610243034E-5,1.511368746023078E-4,1.267379233699558E-4,1.45869123038166E-4,9.980226918131337E-5,0.0010012549100740906,1.749504691227871E-4,0.006282469680828705,1.421114392037686E-4,0.007778870824485683,0.002049314704531392,5.467850798439448E-4,0.009959534031672549,0.0010223849515392308,0.004956412709060328,1.7839484466351818E-4,1.0971887113155327E-4,1.3832716138536356E-4,3.63221306184236E-5,5.102657890548341E-4,0.0072054445694807075,1.8772157621265578E-4,1.2721654601002982E-4,0.0010199767058440834,1.841995900422565E-4,0.001520555992810688,1.0993127357801751E-4,1.1813982298591232E-4,1.4731049760884188E-4,0.007969810457929292,3.8811167421012914E-4,1.4739266319417524E-4,7.352402077414297E-4,1.8488645179332984E-4,0.01780667360862411,0.0015395616121980996,1.0,9.448207052733645E-5,0.001470540400213814,1.8375018489779417E-4,0.001180729251175072,2.703468365801941E-4,1.5634185851322468E-4,1.28306834763868E-4],[1.1812424443243972E-5,1.0672199816295588E-4,1.007880022901784E-4,7.481418133550291E-5,1.726156081502236E-5,6.815924451779956E-4,3.6086444428928973E-4,1.7172199843606086E-4,2.4701227493663216E-5,0.0060928699513320686,0.001845533324759943,8.329149139382477E-4,0.008729222543790015,9.077932635020543E-4,0.0024513747560025168,1.748642116044012E-4,7.013982621337522E-5,3.609486522606653E-5,1.8401761492126034E-5,7.896531039512583E-4,0.015766054703522537,2.7829871264223495E-4,8.09058039479729E-5,5.607930485796752E-4,0.0012728339840730534,4.896858480676928E-4,2.243497291287916E-5,1.8119268338801436E-5,1.9487864785895287E-5,0.0021706209622348142,2.0631279667341178E-4,7.401547805062434E-5,9.935904681373676E-4,2.092571625709075E-4,0.0028961239074913477,0.0012188757123570637,9.448207052733645E-5,1.0,2.0489026244312206E-4,2.3193206438476038E-5,0.0014040648933574735,1.5842172801981875E-4,4.2867702796227594E-5,1.0033679452615886E-4],[0.0010840109241009766,0.0026600635439124084,0.0026582006920861916,0.0031955015955776227,0.0017014617885974719,0.0022654668815319024,0.0020261380896941187,0.007094343144055326,0.0017096273979600469,0.026729642436530164,0.003248039935393526,0.002637769468489911,0.006941674588086366,0.003520891605226055,0.01647877949173559,0.002946022071441508,0.002474403308724783,0.0015492045016600351,3.938978765856116E-4,0.0030831309475214995,0.006948019986056601,5.487206494641085E-4,0.003363222349380637,0.004067489622497573,0.002208990304605342,0.003097326948752744,0.0024622633622220017,0.002125486407158311,0.001805659677794311,0.013630608110081155,0.0012047107458228537,0.0031997031529957675,0.004212221352161706,0.001297036637732989,0.016249284283235042,0.0028421896199669833,0.001470540400213814,2.0489026244312206E-4,1.0,0.0032223483802401717,0.0040057955976877625,0.0028356789717727325,0.0029762458135938505,7.519725754910162E-4],[1.3131727708678745E-4,2.7381203293278146E-4,1.5918301228758162E-4,2.0888419559206097E-4,1.0056410895340284E-4,9.922384916490378E-4,3.470031095262184E-4,0.0028847163732735517,9.555570514232492E-5,0.023687816217668793,0.0021640765449408516,9.349283214786552E-4,0.0052606716704056014,9.176105750498322E-4,0.009937679938553705,2.273496326039666E-4,1.9251771006488337E-4,2.189843358753162E-4,2.3435249342941967E-4,3.5143892796081803E-4,0.006834599536035506,3.4377995996085023E-4,1.4068216863346382E-4,3.364569991531748E-4,0.001525500463454915,3.87460302338033E-4,6.013621171217413E-5,1.1341373217860234E-4,2.730142354022994E-4,0.016983821588881027,9.40853808480392E-4,2.2773969611921145E-4,4.4437062672948214E-4,2.7239102684088447E-4,0.024000304214255523,8.463165186932955E-4,1.8375018489779417E-4,2.3193206438476038E-5,0.0032223483802401717,1.0,0.0012448145899965621,2.8535004720610266E-4,2.2893553393808042E-4,1.261060136385334E-4],[0.001286709958959005,0.0010695482140484882,0.0012438084049201936,4.3521232321413464E-4,3.778600523431244E-4,0.0014232278207342284,4.3691914712143837E-4,0.0068095760902551535,0.0011503194525384762,0.03255103518325278,0.0015152938341561912,0.0014587645346712589,0.007856740077262938,0.0016157370357761157,0.012282074428359737,0.0010337161970284977,1.5019649084047998E-4,2.5030674931036674E-4,2.8101335279706248E-5,0.0010401842836082734,0.00973176627532173,5.687666621110816E-4,3.920510670861418E-4,0.0013305973549836933,0.0015533320689098027,0.0015275374921931443,0.0011825358989471315,0.0013605478307600284,2.4562000822643906E-4,0.017257950029707113,0.001147582912065146,4.000549107796095E-4,0.001569861758909147,6.86566620853558E-4,0.03256586863735904,0.0016851523052681674,0.001180729251175072,0.0014040648933574735,0.0040057955976877625,0.0012448145899965621,1.0,0.0010051308247102783,0.0011139302483266973,3.4692979126112937E-4],[2.3632265994390548E-4,1.7487167583032887E-4,2.716790435179679E-4,2.731052050787845E-4,2.766863519211877E-4,8.572189806559513E-4,4.058692307875986E-4,0.006030000547319182,3.892246835941402E-5,0.025906307872635273,0.0017074530736470544,5.518802019826474E-4,0.004507048495906428,4.1049184404162226E-4,0.0037762112657661858,2.719520624970547E-4,1.9301004278669408E-4,2.4222737854296037E-4,2.5572321914384453E-4,5.040343636774137E-4,0.0016306391836237411,3.191557157587593E-4,2.459520438314228E-4,5.140818835575097E-4,0.001433344894739139,0.0010114922656909572,8.87119167259546E-5,2.083092325552472E-4,9.327422742537011E-5,0.015319540443480955,6.354539705386358E-4,2.1488210426643463E-4,0.0016700813175103248,2.740814020757285E-4,0.04445335613750196,0.001917005398145692,2.703468365801941E-4,1.5842172801981875E-4,0.0028356789717727325,2.8535004720610266E-4,0.0010051308247102783,1.0,2.3865197298028983E-4,1.6505895350579382E-4],[7.153116365639756E-5,2.017287790274924E-4,1.4774733786432055E-4,1.9312082878325098E-4,1.370085525919648E-4,3.8272851407266826E-4,3.6664087690454225E-4,7.186265621667726E-4,1.7715236648218832E-4,0.007306024967387002,7.664893278576272E-4,2.178389291103201E-4,4.094380877436899E-4,4.605484482852262E-4,0.005561113313344987,2.2163978425742157E-4,1.970856672727128E-4,9.829956509394642E-5,3.418983791002303E-5,2.8219866063969724E-4,0.0038091825213309267,2.49721086968987E-4,1.3061716542593993E-4,3.432905493350542E-4,0.0015552957523029636,2.4332204763145556E-4,1.419221746114517E-4,5.926187700186124E-5,1.5128585644460436E-4,0.0031384867453769037,8.097651399967278E-4,1.404972851953284E-4,5.39314555860999E-4,2.3652640961877288E-4,0.06597337758693951,3.303083411506357E-4,1.5634185851322468E-4,4.2867702796227594E-5,0.0029762458135938505,2.2893553393808042E-4,0.0011139302483266973,2.3865197298028983E-4,1.0,1.5280756365360643E-4],[2.4366928725618705E-5,1.3994192933803508E-4,1.1045507560789149E-4,1.1737496712579701E-4,1.1217437860561486E-4,7.201428691287617E-4,2.491399624021624E-4,0.007620083384945687,8.712855879323251E-5,0.015782610691472545,0.001743381387256854,8.990782161877833E-4,0.009749025671652613,0.0012899729634334104,0.001596637614034254,1.6787411414553613E-4,1.0525191451128781E-4,