[[1.0,3.2662148278896595E-4,0.0010727855414674723,0.002952422397819326,3.3986005785838463E-4,1.3431329179394938E-5,0.010673987557506035,8.490605173601626E-5,1.380850559392907E-4,6.422636173800613E-4,1.1426062741497102E-4,0.006991288074758975,4.83057232069646E-4,9.788994718198229E-4,0.0013658150302305317,1.114910735769356E-4,5.066194502653741E-4,1.4753181239165336E-4,0.0013680649821072126,0.018759199794646766,0.0011678282425690895,1.2111830490291669E-4,0.007577458398502689,0.0073989406252457784,0.01803753385851349,0.028375848241330034,8.404498154969235E-4,3.3644107137800896E-4,0.0017913256256754933,0.0019038880587173071,1.1237059218361449E-4,0.0014568567765527772,4.365586259918419E-4,0.012028560253634475,0.006751526412458417,1.1448065927397046E-4,3.122111474228046E-5,0.004324847420212096,8.203745212632932E-5,1.1112943471636467E-4,0.0029577212117775763,2.1904432287594998E-5,6.735509877629482E-4,0.0010639948436764809],[3.2662148278896595E-4,1.0,5.692430516790153E-4,0.003143393352401068,6.258630126929213E-4,2.5020214414324073E-4,0.026457079598367697,2.2254939012914568E-4,9.726335659824173E-4,0.0015673121054935197,1.5536151545808774E-4,0.0024952696987911235,7.047876221407916E-4,8.624209435780084E-4,0.0013475004590617842,3.7625786333682766E-4,5.216053045329267E-4,2.1446019828148756E-4,0.0010257009816778192,0.020081092505425585,9.576116435653448E-4,2.0347620834806204E-4,0.005678700826227201,0.02545533303153706,0.01741184060057291,0.01459683312123925,9.062424269952486E-4,4.938390374609994E-4,8.856174380317379E-4,7.98329062638711E-4,0.004070242750413261,0.004517084535312327,4.827203727338516E-4,0.0027555056294474973,0.0056712403790115384,4.25655062347458E-4,4.893484199980713E-4,0.002514170116109954,3.0354840005883513E-4,3.5195694204650233E-4,0.0017057070294725508,9.073012462215969E-5,6.057396587027324E-4,6.169218745158021E-4],[0.0010727855414674723,5.692430516790153E-4,1.0,0.002336421454801506,0.0010833217745791848,4.131498186801288E-5,0.02010961828559451,9.330444757627981E-4,0.0017428788925447677,0.002110444496070552,5.61605631103051E-4,0.00643162389886885,0.0013017358399571935,0.001411285868579105,0.0019099964539019132,5.186735514208054E-4,0.0013342380143997765,0.0013235010169544226,0.00135088262588044,0.020331691406396242,0.001405812905118087,0.0013136099319431586,0.004898870067030841,0.025236235798448345,0.006738116217425029,0.01274804108016117,0.0010362842649135158,6.795725560061728E-4,0.0036291328550386148,0.001376110921699784,0.006132811757846558,0.0026988343368526233,0.001088930824893942,0.00939612917077011,0.010193159497706937,0.0013116100523920672,4.6782162545907623E-4,0.0032625685985239873,0.0011701216888523604,0.0013208021438861062,0.0032411470705387708,3.37468804769175E-4,0.001329204837703599,0.0016056084814960766],[0.002952422397819326,0.003143393352401068,0.002336421454801506,1.0,0.003332960911315994,0.0010262092281199755,0.016558763089849174,0.002997306862195166,0.003887672279269518,0.003473194547979179,3.2032179758848136E-4,0.006852900466597444,0.002176757885411467,0.0025218697288578434,0.0038943279595439113,0.0020911473660804444,0.0016241464548952134,0.003943128932619949,0.0023402152795029985,0.03264912718495029,0.0019219948755135386,9.944778882716534E-4,0.004079422548973656,0.014116673861965169,0.02651282123102965,0.008417358038513418,0.0028056012614852176,0.0038014425610111307,0.003969312748218324,0.0036453814755403272,0.004239797511522863,0.004960826200021371,0.0018826773845774254,0.008898800866793689,0.017925857294912778,9.525963553348745E-4,3.9083147674779306E-4,0.004835926467836661,6.267707964220226E-4,0.0019978722990319016,0.004000314666659573,0.0029491373910729623,0.0015851435859387598,0.0023156606644531017],[3.3986005785838463E-4,6.258630126929213E-4,0.0010833217745791848,0.003332960911315994,1.0,3.6646126585344516E-4,0.014026272538280319,3.04385373787591E-4,0.0017634560030507327,0.0020787447001699914,8.254913613627903E-4,0.0046014644039129755,0.0010882741786383378,0.0011578167513320607,0.0011664560162652866,7.36855846521868E-4,0.001150362909529487,6.242388521911025E-4,0.00124467744254681,0.036663795512122434,0.0013797514621814201,0.0010143535198426827,0.0028236168373053498,0.010061327225836383,0.022851717342634817,0.026319665096375015,0.00101538966095631,5.201646241682141E-4,0.0015865692175814118,0.0018109229241842976,0.006338109071850341,0.006835024822364744,9.652788076887431E-4,0.011376719353976996,0.017568595204042938,4.325249813613123E-4,9.975883846281197E-4,0.008427175841805277,6.754587578122218E-4,8.185726310197953E-4,0.0019336640972271034,1.1574558357723853E-4,0.001095283167060156,0.001600074431982235],[1.3431329179394938E-5,2.5020214414324073E-4,4.131498186801288E-5,0.0010262092281199755,3.6646126585344516E-4,1.0,0.02773114056051627,4.294991549724101E-5,0.0016946383279258493,9.9017264832202E-4,9.195457143884533E-5,0.004256231401040411,0.001066980721686361,0.0010712501777343701,4.191452628848317E-4,2.370323124782607E-5,6.181576341477407E-4,1.6482340479580452E-4,2.176073313225966E-4,0.029545055302700445,0.0011343377415398577,4.978178185959099E-5,0.0028842352020390675,7.639748912411613E-4,0.013928211342313033,0.019700182103674656,4.2084325338600744E-4,3.56515767805982E-4,0.0012142148567357857,9.337304880208487E-4,0.002980009656982413,0.005587820612698948,1.3809260647496636E-4,0.0022433150581336616,9.09425716456706E-4,5.585429055795399E-5,1.3424628618234537E-5,0.0037489997768033836,1.2819825589402037E-5,1.0574811959808116E-4,0.001354219981340467,1.4246053187547522E-5,0.0010959375493275782,5.949217753156996E-5],[0.010673987557506035,0.026457079598367697,0.02010961828559451,0.016558763089849174,0.014026272538280319,0.02773114056051627,1.0,0.02316667818367603,0.013393380880538965,0.010581812900578198,0.028443411861249584,0.008170809878081128,0.028669111950404134,0.003482787741911589,0.009173526414740646,0.029861930990308934,0.01066471233724215,0.019020363394204674,0.01775195292379321,0.039240797007854177,0.02619836514139355,0.010920363436908134,0.027345089972754744,0.03173698321200424,0.030303030303030304,0.029798671094371204,0.017209442160049215,0.006002053065592976,0.028579802851300833,0.01417146312304805,0.013489745435310545,0.011891474395122883,0.006978148282170026,0.018691753869128698,0.029413496745382937,0.002126880448597865,0.016602446166937564,0.017666587983169703,0.028448653258279655,0.023773337923094953,0.006689973331767098,0.006725165228023463,0.027088848652303293,0.025924150512710045],[8.490605173601626E-5,2.2254939012914568E-4,9.330444757627981E-4,0.002997306862195166,3.04385373787591E-4,4.294991549724101E-5,0.02316667818367603,1.0,5.840221866956012E-4,7.148318290682629E-4,8.602520525005392E-5,0.004422992551237218,9.121820366556005E-5,9.697247330205302E-4,0.002101130792455298,9.590802960476858E-5,4.694464803853053E-4,1.3746418938042666E-4,0.0012118843244968206,0.03836383979934786,1.0993628058793249E-4,1.2207939658705146E-4,0.0018275305646140642,0.0048225346039136585,0.02851715626512737,0.018972323178362442,1.1852471228043405E-4,2.557445056727937E-4,0.0016560014022750562,0.0012287411615926462,0.004485917872318602,0.0029034304967661658,2.3817475077286224E-4,0.010787126202774838,0.007931021424581373,1.0600305154972214E-4,6.6624240501748E-5,0.006728521887105504,1.8490278674013537E-5,1.6974487292318897E-4,0.002013787179233658,1.7083229346050413E-5,6.406093835886473E-4,0.001138665806463139],[1.380850559392907E-4,9.726335659824173E-4,0.0017428788925447677,0.003887672279269518,0.0017634560030507327,0.0016946383279258493,0.013393380880538965,5.840221866956012E-4,1.0,0.002042198103185063,0.001519681774680975,0.003295953720424432,0.0015393073207161595,0.001753282280986933,0.0022525225938320216,0.0010618808455032747,0.0014752999570349541,4.7161007150491583E-4,0.0015668482945686594,0.033923510144451684,0.0014713276880708001,2.0334312859336234E-4,0.0032861839819747535,0.020086168092452835,0.0026303247713392193,0.02593719618717303,0.0017355921182699218,6.156624330057803E-4,0.002920990145807413,0.0018708696341902095,0.0031131052590778856,0.005162578657535368,7.115050677251324E-4,0.006851009942530656,0.0024508150231919074,0.0012357451929707853,3.9758759218501774E-4,0.008327149226316347,9.7425833845484E-4,0.0010846496430034847,0.0030404810307683933,0.001272821433057139,0.0016696858971956524,0.0018111156617847954],[6.422636173800613E-4,0.0015673121054935197,0.002110444496070552,0.003473194547979179,0.0020787447001699914,9.9017264832202E-4,0.010581812900578198,7.148318290682629E-4,0.002042198103185063,1.0,0.002406271842721571,0.004173151535825499,0.0019824932354081024,0.0024394375103219358,0.0029381989480450335,0.0016187548993172748,0.001684253524944116,0.001332021922198889,0.0019659930115532714,0.015389145061867034,0.0027703463342966346,0.002435856948672567,0.003031294657216734,0.03545919835049546,0.02977329458554319,0.021400207702966648,0.0026438217794409616,0.002068575096836661,0.0037084243210490425,0.0020238251005992615,0.004769559451367788,0.0066224343989602485,0.0011047760342248504,0.006940779820866282,0.007916524747091244,0.0015737584205575488,0.0014631182832395117,0.007042482448931929,1.9145822823753696E-5,0.0020324961596692357,0.0034552620933456304,2.104282602978881E-4,0.002301690363303966,0.002710134412341002],[1.1426062741497102E-4,1.5536151545808774E-4,5.61605631103051E-4,3.2032179758848136E-4,8.254913613627903E-4,9.195457143884533E-5,0.028443411861249584,8.602520525005392E-5,0.001519681774680975,0.002406271842721571,1.0,0.0015713489750693397,0.0010875375110351681,0.0014242542534570965,0.0010320912467163838,1.1236151308635445E-4,5.068913402393418E-4,1.6876582767306767E-4,6.05048758555248E-4,0.007633852886500632,6.738255074607061E-4,1.2821374038057427E-4,0.002130806900720943,0.034928325732660845,0.0011746098628146679,0.0012468452260912947,2.2767586025694287E-4,3.542806974288078E-4,0.0019159272597031353,0.001768235292047638,0.0019160368848283901,0.006751093186910604,4.4602875616453513E-4,0.003877496497677114,0.013964842502512134,1.1723881338962133E-4,8.597070793565712E-5,3.205943726192441E-4,1.0590391021480475E-4,1.6589262340924534E-4,6.409257621223281E-4,9.583051126382183E-5,2.790914186891833E-4,3.311195834623425E-4],[0.006991288074758975,0.0024952696987911235,0.00643162389886885,0.006852900466597444,0.0046014644039129755,0.004256231401040411,0.008170809878081128,0.004422992551237218,0.003295953720424432,0.004173151535825499,0.0015713489750693397,1.0,0.0069504744111958715,0.006583234865207617,0.005935937783061793,3.5974275209158066E-4,0.0026882730964454746,0.006267179333759446,0.006358450801885122,0.03152926042343246,0.0014130180460608932,0.00319474452719419,0.00867755640307692,0.034762587513219076,0.021853790630818024,0.01744864068727927,0.005373718033116669,8.500839433961806E-4,0.004929100453321357,0.006160244113688124,0.007506365215956126,0.007022691984906691,6.3328396020853E-4,0.01332930588027061,0.012323669940441125,0.004596461222995523,0.006418440031601697,0.00817829308156726,0.005248327730703367,9.94604377531544E-4,0.005602814287579412,7.834053576708254E-4,0.006550040200324777,0.0028291108456154224],[4.83057232069646E-4,7.047876221407916E-4,0.0013017358399571935,0.002176757885411467,0.0010882741786383378,0.001066980721686361,0.028669111950404134,9.121820366556005E-5,0.0015393073207161595,0.0019824932354081024,0.0010875375110351681,0.0069504744111958715,1.0,0.0012516555458998533,0.0021698591702031425,9.099207948733282E-4,0.0012499102995474256,5.51293223906534E-4,0.0012996355338382624,0.018362540769450212,0.0013581522482070077,9.069200419235905E-4,0.0023136491697690505,0.007307304529442633,0.02842098375256488,0.024564696440416554,0.0010890738197740844,6.868885562493353E-4,0.002121269276764333,0.001258878533044926,0.007201045794559728,0.0037806877693445443,6.366810426661021E-4,0.01395895331691314,0.02446060362025949,0.001031317132590911,4.5371728257093753E-4,0.004772022682438232,8.74134754451782E-4,2.541424323092933E-4,0.0034672494295296613,9.195378943758919E-4,0.001140579001195428,0.0011666583114770745],[9.788994718198229E-4,8.624209435780084E-4,0.001411285868579105,0.0025218697288578434,0.0011578167513320607,0.0010712501777343701,0.003482787741911589,9.697247330205302E-4,0.001753282280986933,0.0024394375103219358,0.0014242542534570965,0.006583234865207617,0.0012516555458998533,1.0,0.002201998322295488,2.561397653524067E-4,0.001419131079361401,2.2277613104290021E-4,0.0014222186541400406,0.04063262572596781,0.0014173855537191764,8.383927327279435E-4,0.008303792311734396,0.025577840921954212,0.0160353860346657,0.01044671439656654,0.001003151233973291,6.87513104500801E-4,0.0022615777310336566,0.0015866636165753317,0.0030007407873560137,0.0048647165166706505,9.748045812100954E-4,0.01778339449594375,0.008871539967254828,7.745262964645378E-4,9.17054971267162E-5,0.006505668148923141,8.767109402442727E-4,4.912234377357075E-4,0.0024463133619859628,1.465419864622189E-4,0.0012821872803462867,0.001751955546595033],[0.0013658150302305317,0.0013475004590617842,0.0019099964539019132,0.0038943279595439113,0.0011664560162652866,4.191452628848317E-4,0.009173526414740646,0.002101130792455298,0.0022525225938320216,0.0029381989480450335,0.0010320912467163838,0.005935937783061793,0.0021698591702031425,0.002201998322295488,1.0,7.785599225916658E-4,0.001728290359776784,0.001996215647435893,0.0015741479769629527,0.03568052514031351,0.002036077444481429,7.293192682852063E-4,0.009138723479268644,0.009697291617572556,0.004650679888318432,0.02122814860895207,0.0017117787883676712,0.0015018560930324105,0.00332919766139797,0.0020545098699263306,0.006500496941312576,0.006181605302756275,0.002281106695470916,0.01021232796519339,0.022868394055273834,0.0017034726633515145,7.012956482266591E-4,0.006395952609884135,0.0017267393109200405,0.0021461562286848213,0.0028678818947405803,0.0022559274073382218,0.002249386587566409,0.001936284349260871],[1.114910735769356E-4,3.7625786333682766E-4,5.186735514208054E-4,0.0020911473660804444,7.36855846521868E-4,2.370323124782607E-5,0.029861930990308934,9.590802960476858E-5,0.0010618808455032747,0.0016187548993172748,1.1236151308635445E-4,3.5974275209158066E-4,9.099207948733282E-4,2.561397653524067E-4,7.785599225916658E-4,1.0,8.727981548586662E-4,1.4924955715747617E-4,9.851808274800578E-4,0.004161700711251716,2.4346822835968424E-4,1.3063204138175929E-4,0.005333463034304451,0.002923515443914363,0.0073579453159176855,8.03815390783009E-4,3.728887714860559E-4,2.2285023015129916E-4,0.002883610009111785,0.001042295319421849,0.003717068465265914,0.003462379305327696,3.426360602171128E-4,0.01426386973461217,0.006671286573012236,1.1541732477035245E-4,5.276446695217128E-5,0.0023969578656835903,2.086149921791168E-5,1.4394549835603987E-4,7.771525733480003E-4,1.0598474984341549E-4,2.451675305471766E-4,2.959416595349842E-4],[5.066194502653741E-4,5.216053045329267E-4,0.0013342380143997765,0.0016241464548952134,0.001150362909529487,6.181576341477407E-4,0.01066471233724215,4.694464803853053E-4,0.0014752999570349541,0.001684253524944116,5.068913402393418E-4,0.0026882730964454746,0.0012499102995474256,0.001419131079361401,0.001728290359776784,8.727981548586662E-4,1.0,4.5163137987386844E-4,0.0013987642611736422,0.014573905846481685,0.0013580021965259907,2.2059916686975134E-4,0.0037021226389063436,0.013954232633224591,0.014098021205161414,0.011361302011511561,0.0011975999440887327,5.672566158430673E-4,0.0013517624167697724,0.001972547742038703,0.0033853245882708213,0.004865788654117984,9.410640850811158E-4,0.017438041220796754,0.006029489979427779,9.042775863556666E-4,8.51668510906939E-4,0.006801076950402758,7.770935086040551E-4,0.001160057673698977,0.0032742930621391256,4.3754230414607586E-4,0.0012252187929988993,0.0014175479313274554],[1.4753181239165336E-4,2.1446019828148756E-4,0.0013235010169544226,0.003943128932619949,6.242388521911025E-4,1.6482340479580452E-4,0.019020363394204674,1.3746418938042666E-4,4.7161007150491583E-4,0.001332021922198889,1.6876582767306767E-4,0.006267179333759446,5.51293223906534E-4,2.2277613104290021E-4,0.001996215647435893,1.4924955715747617E-4,4.5163137987386844E-4,1.0,0.0013234996813644587,0.016096919927341656,0.0012011129716026669,1.6584792898165617E-4,0.0033050152131169574,0.010524376754011713,0.029635120932805067,0.009377306984609542,3.8258930032799405E-4,3.387175554421354E-4,2.2345334730612193E-4,0.0010068522660914377,0.0011093566104031479,0.0036572987614469678,4.788289308696362E-4,0.012916768708470496,0.002023149730918746,1.3684835668401242E-4,5.584171716714923E-5,7.350988470465231E-4,1.7237523449052772E-4,2.4031723604034443E-4,4.7638827859992406E-4,5.137442202492213E-5,5.520721994368804E-4,3.9911048512676964E-4],[0.0013680649821072126,0.0010257009816778192,0.00135088262588044,0.0023402152795029985,0.00124467744254681,2.176073313225966E-4,0.01775195292379321,0.0012118843244968206,0.0015668482945686594,0.0019659930115532714,6.05048758555248E-4,0.006358450801885122,0.0012996355338382624,0.0014222186541400406,0.0015741479769629527,9.851808274800578E-4,0.0013987642611736422,0.0013234996813644587,1.0,0.009785510619213608,0.0014096687194469762,3.4892665159756556E-4,0.009585106521461122,0.0014196767190424431,0.026943418097847678,0.003937219820584224,0.0012990893514383446,0.001156883618179898,0.0024466358474836475,0.0015234667769584995,0.002991157364089294,0.005850753219336952,9.885640106620365E-4,0.008471517995498858,0.005522682771653494,0.0013880854962961078,7.129104125583885E-5,0.006958309447314568,2.8755364230808645E-4,0.0012816721729677902,0.0032267457494801178,0.001300891216562284,0.0014003701759564564,0.0015390553092516992],[0.018759199794646766,0.020081092505425585,0.020331691406396242,0.03264912718495029,0.036663795512122434,0.029545055302700445,0.039240797007854177,0.03836383979934786,0.033923510144451684,0.015389145061867034,0.007633852886500632,0.03152926042343246,0.018362540769450212,0.04063262572596781,0.03568052514031351,0.004161700711251716,0.014573905846481685,0.016096919927341656,0.009785510619213608,1.0,0.03670044516517082,0.03147056533909233,0.030005028590181067,0.04165226548764415,0.03704862413063588,0.03752368061702497,0.029118943959635296,0.02283210730354508,0.011034589187689167,0.022525511654381464,0.03119895497985308,0.012116239354140367,0.0384606565914158,0.03269473172395419,0.03684439745049575,8.936954137749676E-4,0.010969173950144684,0.029100483362736657,0.02532885429661318,0.024084890044143138,0.024796938510557035,0.017202992178611425,0.010138156269244107,0.029364497235800088],[0.0011678282425690895,9.576116435653448E-4,0.001405812905118087,0.0019219948755135386,0.0013797514621814201,0.0011343377415398577,0.02619836514139355,1.0993628058793249E-4,0.0014713276880708001,0.0027703463342966346,6.738255074607061E-4,0.0014130180460608932,0.0013581522482070077,0.0014173855537191764,0.002036077444481429,2.4346822835968424E-4,0.0013580021965259907,0.0012011129716026669,0.0014096687194469762,0.03670044516517082,1.0,0.0010902674828121297,0.005375212000512758,0.03488149774605699,0.017028115891653418,0.006617110450455532,0.0013487741994228147,8.473219354225381E-4,0.0014943853642742724,0.0014315546470169734,0.0016511503302788619,0.002580871067795334,0.0011282313317809434,0.015579308513565635,0.0018034293625419934,9.953356630567124E-4,7.037825150885931E-4,0.0069259398103943375,6.181301993210018E-4,9.757512794374397E-4,0.001440604967042258,9.170362149947545E-4,0.0013133835646978588,0.0017093402558533847],[1.2111830490291669E-4,2.0347620834806204E-4,0.0013136099319431586,9.944778882716534E-4,0.0010143535198426827,4.978178185959099E-5,0.010920363436908134,1.2207939658705146E-4,2.0334312859336234E-4,0.002435856948672567,1.2821374038057427E-4,0.00319474452719419,9.069200419235905E-4,8.383927327279435E-4,7.293192682852063E-4,1.3063204138175929E-4,2.2059916686975134E-4,1.6584792898165617E-4,3.4892665159756556E-4,0.03147056533909233,0.0010902674828121297,1.0,0.0017193851100431076,0.03020536062820141,0.024728062823373368,0.010017554863645752,3.7338054318355026E-4,2.311269173377935E-4,0.0011768363577386635,5.520517853949931E-4,0.007020298112710211,0.006302656887496224,3.3393451327726436E-4,0.017855453681675872,0.016723829505605605,1.3157917184481864E-4,7.998458842481121E-5,0.008441243427871314,1.1792678223812219E-4,1.9728383090192124E-4,0.0013796749633025898,1.2772040222730168E-4,8.244693484056926E-4,8.439008725692312E-4],[0.007577458398502689,0.005678700826227201,0.004898870067030841,0.004079422548973656,0.0028236168373053498,0.0028842352020390675,0.027345089972754744,0.0018275305646140642,0.0032861839819747535,0.003031294657216734,0.002130806900720943,0.00867755640307692,0.0023136491697690505,0.008303792311734396,0.009138723479268644,0.005333463034304451,0.0037021226389063436,0.0033050152131169574,0.009585106521461122,0.030005028590181067,0.005375212000512758,0.0017193851100431076,1.0,0.03211649098369172,0.023011664320280456,0.011175099989135542,0.003935397890481968,0.0015088140812588376,0.008054816904245293,0.0033872635163793197,0.009972811480527734,0.008165070727793836,0.010052303407037314,0.014101492924524022,0.011398233677215784,8.828452424960198E-4,0.009931238025976386,0.00915194128876015,0.004342045952504112,0.010026426868303129,0.008736295358705473,0.009743900749165771,0.008325183577217407,0.003658363926631631],[0.0073989406252457784,0.02545533303153706,0.025236235798448345,0.014116673861965169,0.010061327225836383,7.639748912411613E-4,0.03173698321200424,0.0048225346039136585,0.020086168092452835,0.03545919835049546,0.034928325732660845,0.034762587513219076,0.007307304529442633,0.025577840921954212,0.009697291617572556,0.002923515443914363,0.013954232633224591,0.010524376754011713,0.0014196767190424431,0.04165226548764415,0.03488149774605699,0.03020536062820141,0.03211649098369172,1.0,0.03564213459689334,0.03392128957985692,0.0352953107665359,0.030695510449405862,0.015682474056190332,0.012314037547530576,0.027793024020815366,0.02010449455174756,0.025256164725773106,0.02043732488172711,0.027943965011112758,0.03416750812617116,0.014524737034208368,0.019918163036619353,0.0044454677942627726,0.02489315163331753,0.03001821737786775,0.001614565281624845,0.012865699207296728,0.029175435886083057],[0.01803753385851349,0.01741184060057291,0.006738116217425029,0.02651282123102965,0.022851717342634817,0.013928211342313033,0.030303030303030304,0.02851715626512737,0.0026303247713392193,0.02977329458554319,0.0011746098628146679,0.021853790630818024,0.02842098375256488,0.0160353860346657,0.004650679888318432,0.0073579453159176855,0.014098021205161414,0.029635120932805067,0.026943418097847678,0.03704862413063588,0.017028115891653418,0.024728062823373368,0.023011664320280456,0.03564213459689334,1.0,0.029431845573467168,0.025755020234065017,0.013055948202892244,0.018599177783555666,0.0165220544921909,0.013224258856373853,0.016863915559373402,0.02118636093813963,0.027230655912827244,0.028755696280106484,0.009523441627727395,0.00825048078318679,0.022673854095849363,0.026395028740306987,0.020592891340246555,0.009428541727555678,0.014659976151695583,0.02330625893697981,0.004042951445301409],[0.028375848241330034,0.01459683312123925,0.01274804108016117,0.008417358038513418,0.026319665096375015,0.019700182103674656,0.029798671094371204,0.018972323178362442,0.02593719618717303,0.021400207702966648,0.0012468452260912947,0.01744864068727927,0.024564696440416554,0.01044671439656654,0.02122814860895207,8.03815390783009E-4,0.011361302011511561,0.009377306984609542,0.003937219820584224,0.03752368061702497,0.006617110450455532,0.010017554863645752,0.011175099989135542,0.03392128957985692,0.029431845573467168,1.0,0.006518604010685209,0.008428248361342216,0.008001234039276967,0.014144017181332515,0.012063281673230687,0.020409705969607235,0.023511864254570792,0.0245065439676201,0.028910050503057526,9.547547090433451E-4,0.02512165467055567,0.011305399274235413,0.024965540933571926,0.024990585964998754,0.028042375647527307,0.0024776619283598984,0.013070608195315076,0.012084347896138381],[8.404498154969235E-4,9.062424269952486E-4,0.0010362842649135158,0.0028056012614852176,0.00101538966095631,4.2084325338600744E-4,0.017209442160049215,1.1852471228043405E-4,0.0017355921182699218,0.0026438217794409616,2.2767586025694287E-4,0.005373718033116669,0.0010890738197740844,0.001003151233973291,0.0017117787883676712,3.728887714860559E-4,0.0011975999440887327,3.8258930032799405E-4,0.0012990893514383446,0.029118943959635296,0.0013487741994228147,3.7338054318355026E-4,0.003935397890481968,0.0352953107665359,0.025755020234065017,0.006518604010685209,1.0,4.551647382204847E-4,9.812313859355166E-4,0.001237362365190551,0.0030755943229998383,0.003997802103724647,5.025259005469893E-4,0.0062047431310197085,0.001324714651988032,6.704442515275687E-4,5.842028698324982E-4,0.007992532168844966,6.218450335499264E-4,7.303325781549712E-4,0.0012159187179412183,8.163297137926764E-4,0.0011233914874715317,0.0012333372449953616],[3.3644107137800896E-4,4.938390374609994E-4,6.795725560061728E-4,0.0038014425610111307,5.201646241682141E-4,3.56515767805982E-4,0.006002053065592976,2.557445056727937E-4,6.156624330057803E-4,0.002068575096836661,3.542806974288078E-4,8.500839433961806E-4,6.868885562493353E-4,6.87513104500801E-4,0.0015018560930324105,2.2285023015129916E-4,5.672566158430673E-4,3.387175554421354E-4,0.001156883618179898,0.02283210730354508,8.473219354225381E-4,2.311269173377935E-4,0.0015088140812588376,0.030695510449405862,0.013055948202892244,0.008428248361342216,4.551647382204847E-4,1.0,0.002581613918745914,0.0013700747133300532,9.413963477441099E-4,0.006423634006773937,3.842444495677559E-4,0.008521806760762514,0.006815483121280258,2.601224241414633E-4,3.0280831168560845E-5,5.37446160777359E-4,2.0726977217187714E-4,3.04438196686816E-4,0.002586705709564472,6.290222790397074E-5,8.311224264269518E-4,5.030361796013488E-4],[0.0017913256256754933,8.856174380317379E-4,0.0036291328550386148,0.003969312748218324,0.0015865692175814118,0.0012142148567357857,0.028579802851300833,0.0016560014022750562,0.002920990145807413,0.0037084243210490425,0.0019159272597031353,0.004929100453321357,0.002121269276764333,0.0022615777310336566,0.00332919766139797,0.002883610009111785,0.0013517624167697724,2.2345334730612193E-4,0.0024466358474836475,0.011034589187689167,0.0014943853642742724,0.0011768363577386635,0.008054816904245293,0.015682474056190332,0.018599177783555666,0.008001234039276967,9.812313859355166E-4,0.002581613918745914,1.0,0.0021119223297005763,0.006641567612609911,0.004304029996146348,0.0015085978513892674,0.004464323640468642,0.011876227736826978,0.001181930918057068,8.212578655622379E-4,0.0038635194621748454,0.0030659342296104086,0.0018255692745679775,0.0037706477937365116,0.0016650409151106925,0.00234887052434143,0.0035234331052319285],[0.0019038880587173071,7.98329062638711E-4,0.001376110921699784,0.0036453814755403272,0.0018109229241842976,9.337304880208487E-4,0.01417146312304805,0.0012287411615926462,0.0018708696341902095,0.0020238251005992615,0.001768235292047638,0.006160244113688124,0.001258878533044926,0.0015866636165753317,0.0020545098699263306,0.001042295319421849,0.001972547742038703,0.0010068522660914377,0.0015234667769584995,0.022525511654381464,0.0014315546470169734,5.520517853949931E-4,0.0033872635163793197,0.012314037547530576,0.0165220544921909,0.014144017181332515,0.001237362365190551,0.0013700747133300532,0.0021119223297005763,1.0,0.003626926000737706,0.006790184005208073,0.001310580520119881,0.01647728805401642,0.00340408958923705,3.037610337575444E-4,0.0015518296471724287,0.0061749861013634146,2.174050432441576E-4,0.0019062857761127398,0.003110395392717388,8.984373114252006E-4,0.001510980303303362,0.0019436628046216992],[1.1237059218361449E-4,0.004070242750413261,0.006132811757846558,0.004239797511522863,0.006338109071850341,0.002980009656982413,0.013489745435310545,0.004485917872318602,0.0031131052590778856,0.004769559451367788,0.0019160368848283901,0.007506365215956126,0.007201045794559728,0.0030007407873560137,0.006500496941312576,0.003717068465265914,0.0033853245882708213,0.0011093566104031479,0.002991157364089294,0.03119895497985308,0.0016511503302788619,0.007020298112710211,0.009972811480527734,0.027793024020815366,0.013224258856373853,0.012063281673230687,0.0030755943229998383,9.413963477441099E-4,0.006641567612609911,0.003626926000737706,1.0,0.007166689926183818,0.007435434482425178,0.015695017250373252,0.021224896795256465,0.001556854521011583,0.004886921063532143,0.0079000206876453,0.003161692177366013,0.0014011033660411996,0.006908232209865228,0.006115813628954648,0.005454101119973208,0.003748127663915138],[0.0014568567765527772,0.004517084535312327,0.0026988343368526233,0.004960826200021371,0.006835024822364744,0.005587820612698948,0.011891474395122883,0.0029034304967661658,0.005162578657535368,0.0066224343989602485,0.006751093186910604,0.007022691984906691,0.0037806877693445443,0.0048647165166706505,0.006181605302756275,0.003462379305327696,0.004865788654117984,0.0036572987614469678,0.005850753219336952,0.012116239354140367,0.002580871067795334,0.006302656887496224,0.008165070727793836,0.02010449455174756,0.016863915559373402,0.020409705969607235,0.003997802103724647,0.006423634006773937,0.004304029996146348,0.006790184005208073,0.007166689926183818,1.0,0.0064088462881615035,0.017583234173408045,0.015360711230715352,0.005084563042937292,9.607881959727381E-4,0.008551805194865255,9.849806385354152E-4,0.002018263769074551,0.004813217882845421,0.0037811367493223677,0.0029448129079037407,0.0050882615006720856],[4.365586259918419E-4,4.827203727338516E-4,0.001088930824893942,0.0018826773845774254,9.652788076887431E-4,1.3809260647496636E-4,0.006978148282170026,2.3817475077286224E-4,7.115050677251324E-4,0.0011047760342248504,4.4602875616453513E-4,6.3328396020853E-4,6.366810426661021E-4,9.748045812100954E-4,0.002281106695470916,3.426360602171128E-4,9.410640850811158E-4,4.788289308696362E-4,9.885640106620365E-4,0.0384606565914158,0.0011282313317809434,3.3393451327726436E-4,0.010052303407037314,0.025256164725773106,0.02118636093813963,0.023511864254570792,5.025259005469893E-4,3.842444495677559E-4,0.0015085978513892674,0.001310580520119881,0.007435434482425178,0.0064088462881615035,1.0,0.010398536395840327,0.005091838468936099,3.790096015204041E-4,8.88646761366493E-5,0.004346650580099672,3.5216221888208216E-4,3.409317244682643E-4,0.0016267813244219788,1.944158689377916E-4,6.519989244108264E-4,9.492368012714995E-4],[0.012028560253634475,0.0027555056294474973,0.00939612917077011,0.008898800866793689,0.011376719353976996,0.0022433150581336616,0.018691753869128698,0.010787126202774838,0.006851009942530656,0.006940779820866282,0.003877496497677114,0.01332930588027061,0.01395895331691314,0.01778339449594375,0.01021232796519339,0.01426386973461217,0.017438041220796754,0.012916768708470496,0.008471517995498858,0.03269473172395419,0.015579308513565635,0.017855453681675872,0.014101492924524022,0.02043732488172711,0.027230655912827244,0.0245065439676201,0.0062047431310197085,0.008521806760762514,0.004464323640468642,0.01647728805401642,0.015695017250373252,0.017583234173408045,0.010398536395840327,1.0,0.026199512619748056,0.0018376632953170425,0.01156352897549489,0.016986522140038138,0.008973729174690366,0.008538808213478275,0.009453744592957152,0.015841589119633237,0.012089827635128255,0.01082791551676975],[0.006751526412458417,0.0056712403790115384,0.010193159497706937,0.017925857294912778,0.017568595204042938,9.09425716456706E-4,0.029413496745382937,0.007931021424581373,0.0024508150231919074,0.007916524747091244,0.013964842502512134,0.012323669940441125,0.02446060362025949,0.008871539967254828,0.022868394055273834,0.006671286573012236,0.006029489979427779,0.002023149730918746,0.005522682771653494,0.03684439745049575,0.0018034293625419934,0.016723829505605605,0.011398233677215784,0.027943965011112758,0.028755696280106484,0.028910050503057526,0.001324714651988032,0.006815483121280258,0.011876227736826978,0.00340408958923705,0.021224896795256465,0.015360711230715352,0.005091838468936099,0.026199512619748056,1.0,0.024836081021174215,0.017922838181007237,0.021987177987164458,0.0013931010165985514,0.00957914991046004,0.003979629010488455,0.01556818038879269,0.010015267843524897,0.025016900098133524],[1.1448065927397046E-4,4.25655062347458E-4,0.0013116100523920672,9.525963553348745E-4,4.325249813613123E-4,5.585429055795399E-5,0.002126880448597865,1.0600305154972214E-4,0.0012357451929707853,0.0015737584205575488,1.1723881338962133E-4,0.004596461222995523,0.001031317132590911,7.745262964645378E-4,0.0017034726633515145,1.1541732477035245E-4,9.042775863556666E-4,1.3684835668401242E-4,0.0013880854962961078,8.936954137749676E-4,9.953356630567124E-4,1.3157917184481864E-4,8.828452424960198E-4,0.03416750812617116,0.009523441627727395,9.547547090433451E-4,6.704442515275687E-4,2.601224241414633E-4,0.001181930918057068,3.037610337575444E-4,0.001556854521011583,0.005084563042937292,3.790096015204041E-4,0.0018376632953170425,0.024836081021174215,1.0,7.196729615426701E-5,0.00792040170012139,2.3577736931868045E-5,2.2415363445498344E-4,0.0016820850970914185,9.22476611436989E-5,4.34810813315416E-4,8.806374506445513E-4],[3.122111474228046E-5,4.893484199980713E-4,4.6782162545907623E-4,3.9083147674779306E-4,9.975883846281197E-4,1.3424628618234537E-5,0.016602446166937564,6.6624240501748E-5,3.9758759218501774E-4,0.0014631182832395117,8.597070793565712E-5,0.006418440031601697,4.5371728257093753E-4,9.17054971267162E-5,7.012956482266591E-4,5.276446695217128E-5,8.51668510906939E-4,5.584171716714923E-5,7.129104125583885E-5,0.010969173950144684,7.037825150885931E-4,7.998458842481121E-5,0.009931238025976386,0.014524737034208368,0.00825048078318679,0.02512165467055567,5.842028698324982E-4,3.0280831168560845E-5,8.212578655622379E-4,0.0015518296471724287,0.004886921063532143,9.607881959727381E-4,8.88646761366493E-5,0.01156352897549489,0.017922838181007237,7.196729615426701E-5,1.0,0.006095720554050974,1.3037039493499038E-5,2.47009198907815E-4,0.0017349949848324171,1.586094867123078E-5,0.001056705684746727,3.2784610456227894E-4],[0.004324847420212096,0.002514170116109954,0.0032625685985239873,0.004835926467836661,0.008427175841805277,0.0037489997768033836,0.017666587983169703,0.006728521887105504,0.008327149226316347,0.007042482448931929,3.205943726192441E-4,0.00817829308156726,0.004772022682438232,0.006505668148923141,0.006395952609884135,0.0023969578656835903,0.006801076950402758,7.350988470465231E-4,0.006958309447314568,0.029100483362736657,0.0069259398103943375,0.008441243427871314,0.00915194128876015,0.019918163036619353,0.022673854095849363,0.011305399274235413,0.007992532168844966,5.37446160777359E-4,0.0038635194621748454,0.0061749861013634146,0.0079000206876453,0.008551805194865255,0.004346650580099672,0.016986522140038138,0.021987177987164458,0.00792040170012139,0.006095720554050974,1.0,0.007521433803708711,0.005400840967773123,0.008126769713582335,0.007458958243397691,0.005649352255694648,0.00797286058687359],[8.203745212632932E-5,3.0354840005883513E-4,0.0011701216888523604,6.267707964220226E-4,6.754587578122218E-4,1.2819825589402037E-5,0.028448653258279655,1.8490278674013537E-5,9.7425833845484E-4,1.9145822823753696E-5,1.0590391021480475E-4,0.005248327730703367,8.74134754451782E-4,8.767109402442727E-4,0.0017267393109200405,2.086149921791168E-5,7.770935086040551E-4,1.7237523449052772E-4,2.8755364230808645E-4,0.02532885429661318,6.181301993210018E-4,1.1792678223812219E-4,0.004342045952504112,0.0044454677942627726,0.026395028740306987,0.024965540933571926,6.218450335499264E-4,2.0726977217187714E-4,0.0030659342296104086,2.174050432441576E-4,0.003161692177366013,9.849806385354152E-4,3.5216221888208216E-4,0.008973729174690366,0.0013931010165985514,2.3577736931868045E-5,1.3037039493499038E-5,0.007521433803708711,1.0,1.3331101042719886E-5,6.892529759745429E-4,1.4877153485232709E-5,7.542095243803924E-5,9.195401452575655E-4],[1.1112943471636467E-4,3.5195694204650233E-4,0.0013208021438861062,0.0019978722990319016,8.185726310197953E-4,1.0574811959808116E-4,0.023773337923094953,1.6974487292318897E-4,0.0010846496430034847,0.0020324961596692357,1.6589262340924534E-4,9.94604377531544E-4,2.541424323092933E-4,4.912234377357075E-4,0.0021461562286848213,1.4394549835603987E-4,0.001160057673698977,2.4031723604034443E-4,0.0012816721729677902,0.024084890044143138,9.757512794374397E-4,1.9728383090192124E-4,0.010026426868303129,0.02489315163331753,0.020592891340246555,0.024990585964998754,7.303325781549712E-4,3.04438196686816E-4,0.0018255692745679775,0.0019062857761127398,0.0014011033660411996,0.002018263769074551,3.409317244682643E-4,0.008538808213478275,0.00957914991046004,2.2415363445498344E-4,2.47009198907815E-4,0.005400840967773123,1.3331101042719886E-5,1.0,0.001199483802228244,1.8281641496480455E-4,8.854156008431821E-4,3.062934288408148E-4],[0.0029577212117775763,0.0017057070294725508,0.0032411470705387708,0.004000314666659573,0.0019336640972271034,0.001354219981340467,0.006689973331767098,0.002013787179233658,0.0030404810307683933,0.0034552620933456304,6.409257621223281E-4,0.005602814287579412,0.0034672494295296613,0.0024463133619859628,0.0028678818947405803,7.771525733480003E-4,0.0032742930621391256,4.7638827859992406E-4,0.0032267457494801178,0.024796938510557035,0.001440604967042258,0.0013796749633025898,0.008736295358705473,0.03001821737786775,0.009428541727555678,0.028042375647527307,0.0012159187179412183,0.002586705709564472,0.0037706477937365116,0.003110395392717388,0.006908232209865228,0.004813217882845421,0.0016267813244219788,0.009453744592957152,0.003979629010488455,0.0016820850970914185,0.0017349949848324171,0.008126769713582335,6.892529759745429E-4,0.001199483802228244,1.0,1.5641795690731565E-4,0.0014614769652564258,0.0023833106852263605],[2.1904432287594998E-5,9.073012462215969E-5,3.37468804769175E-4,0.0029491373910729623,1.1574558357723853E-4,1.4246053187547522E-5,0.006725165228023463,1.7083229346050413E-5,0.001272821433057139,2.104282602978881E-4,9.583051126382183E-5,7.834053576708254E-4,9.195378943758919E-4,1.465419864622189E-4,0.0022559274073382218,1.0598474984341549E-4,4.3754230414607586E-4,5.137442202492213E-5,0.001300891216562284,0.017202992178611425,9.170362149947545E-4,1.2772040222730168E-4,0.009743900749165771,0.001614565281624845,0.014659976151695583,0.0024776619283598984,8.163297137926764E-4,6.290222790397074E-5,0.0016650409151106925,8.984373114252006E-4,0.006115813628954648,0.0037811367493223677,1.944158689377916E-4,0.015841589119633237,0.01556818038879269,9.22476611436989E-5,1.586094867123078E-5,0.007458958243397691,1.4877153485232709E-5,1.8281641496480455E-4,1.5641795690731565E-4,1.0,5.75859086061263E-4,0.0010274679389078087],[6.735509877629482E-4,6.057396587027324E-4,0.001329204837703599,0.0015851435859387598,0.001095283167060156,0.0010959375493275782,0.027088848652303293,6.406093835886473E-4,0.0016696858971956524,0.002301690363303966,2.790914186891833E-4,0.006550040200324777,0.001140579001195428,0.0012821872803462867,0.002249386587566409,2.451675305471766E-4,0.0012252187929988993,5.520721994368804E-4,0.0014003701759564564,0.010138156269244107,0.0013133835646978588,8.244693484056926E-4,0.008325183577217407,0.012865699207296728,0.02330625893697981,0.013070608195315076,0.0011233914874715317,8.311224264269518E-4,0.00234887052434143,0.001510980303303362,0.005454101119973208,0.0029448129079037407,6.519989244108264E-4,0.012089827635128255,0.010015267843524897,4.34810813315416E-4,0.001056705684746727,0.005649352255694648,7.542095243803924E-5,8.854156008431821E-4,0.0014614769652564258,5.75859086061263E-4,1.0,0.0014188931529846994],[0.0010639948436764809,6.169218745158021E-4,0.0016056084814960766,0.0023156606644531017,0.001600074431982235,5.949217753156996E-5,0.025924150512710045,0.001138665806463139,0.0018111156617847954,0.002710134412341002,3.311195834623425E-4,0.0028291108456154224,0.0011666583114770745,0.001751955546595033,0.001936284349260871,2.959416595349842E-4,0.0014175479313274554,3.9911048512676964E-4,0.0015390553092516992,0.029364497235800088,0.0017093402558533847,8.439008725692312E-4,0.003658363926631631,0.029175435886083057,0.004042951445301409,0.0120