[[1.0,1.2623569737009428E-4,0.0014010515789484607,0.004363122875009451,0.005548851233538059,8.374606675600238E-4,0.02781665504380714,0.001780382235921679,0.0014461326368655353,0.002622696653469392,1.3704553226250883E-4,0.0014688303479089423,2.8718837285950755E-4,0.0012730066528572014,0.001368648842642325,0.001091571617169069,0.0013708582396441227,7.173261043752584E-4,4.8681825732109794E-4,0.0014675388395584158,0.0010820104193348821,0.0014755398903101176,0.0022242458975359216,0.0015060240963855422,0.0015245883032838374,6.738183166071591E-4,0.0012059934794117458,0.0011134172226088318,0.001573322258035982,3.872250455877591E-4,0.0011279483268524185,0.004603619677025156,0.002630221204798047,0.004340938779645052,0.0013556094564945846,0.0010360937537461775,0.001997168161380699,0.0013058452421543828,4.1833285517343987E-4,7.489678183037029E-4,2.9181372190873915E-4,5.455884625278335E-4,0.001557380292805651,0.0012649177725861114,9.522614825337723E-4,0.0014760866176400987,0.02523116746605433,0.0014622257689303907,0.0025584256269608934,0.0014528130941684095,0.028031076101618466,0.0014843879828739803,2.047134656324965E-4,4.7217251490677496E-4,0.0011696437798067992,0.0024994656282631977,6.999437400678226E-4,0.0012853274748460945],[1.2623569737009428E-4,1.0,7.032436393904402E-5,0.00582829198520787,0.022878633062388486,3.526745294799012E-5,0.023736535657860307,0.001120725446528373,3.632921653607277E-4,3.955579468789269E-4,7.831972412056067E-5,1.9490252717353453E-4,7.788557052439603E-5,5.790010474642852E-4,2.766043889793799E-4,3.170393181378476E-5,3.8718148248516175E-4,1.283690824202028E-4,1.2804021164911217E-5,1.0231958514986112E-4,3.374138995052964E-5,6.93542552277877E-5,0.0030806630900696683,7.508975232328277E-4,4.829191349719023E-4,1.390447151353329E-4,6.504325350757165E-5,1.8823079237475176E-4,3.40698480641853E-4,1.5125308861240352E-5,1.843242538119118E-4,0.014478181143096172,0.0024177098359588526,0.026421737676884726,1.0174074917462453E-4,1.131200132814928E-4,3.733739051909382E-4,1.293263097292164E-4,1.5782404077315044E-4,1.0004529077107068E-4,5.572605466420082E-5,4.73515949387748E-5,1.5882136235773853E-4,3.1755953173714994E-4,7.88967408489472E-5,8.378423602983727E-4,0.005477282946064897,4.13388836275595E-4,0.005179234598426575,3.2613458803150834E-5,0.020521566648992212,2.1883627396261396E-4,3.0932126019545E-5,7.769864950674059E-5,1.270843399436967E-4,0.0016118567830661547,1.4435199543222065E-4,2.5822831371905073E-5],[0.0014010515789484607,7.032436393904402E-5,1.0,0.005745375169283394,0.020780047816606015,0.0010289484287385766,0.08614169982123533,0.0013475264847407798,4.133034593056641E-4,0.003083135604714831,5.673137670558904E-4,0.0010063236794255208,6.579890613833759E-4,0.001006299009656728,0.0013124937820118377,8.643743923286443E-4,0.0010663444321787601,2.691064998074665E-4,1.2543231873009272E-4,0.0010660021370140615,7.188469278148969E-4,7.232820275376352E-4,0.0025102057119437996,0.0014583725867407633,0.0015547350647945133,0.001064809815551181,1.6157869546862415E-4,9.722682001306962E-4,0.0011278386872149075,6.260410041633776E-4,5.921505337985646E-4,0.002081435915032529,0.0026661000630528236,0.02173450075521028,0.0010571691149188177,0.001012316383738479,0.0011037764388795836,4.095283686657294E-4,5.658925034293671E-4,5.959324381331966E-4,7.688877365836942E-4,4.4657680126060747E-4,0.0016441394663457222,6.944703697035748E-4,0.0010910751443216336,0.0011596978646781103,0.01393282164197646,0.0010982075290801318,0.006831629113611556,3.4611583413254415E-4,0.05041488749409662,4.681965242711441E-4,4.017017360714359E-4,4.0978621008109237E-4,6.424471450186691E-4,0.0026993950382508294,9.058214508185019E-4,4.968619137986277E-4],[0.004363122875009451,0.00582829198520787,0.005745375169283394,1.0,0.025255364250949607,6.657427844213117E-4,0.07203757275000247,0.0050411474530056045,4.1884250723324553E-4,0.004055442544466328,0.0034361544864408497,0.005501811998828337,0.0034763482477030835,0.003918321338415851,0.004329575324891383,0.003565110144714073,0.005084376635299288,0.0021789562101611876,0.0034370073441828985,0.003647563334675997,0.0045940884233623925,0.0010902775678633347,0.005797635562563953,0.005217333366133087,0.002771596117077269,0.0021711105803507097,3.456330040004035E-4,0.0019368908595739321,0.0036651340748967897,0.0030458583175546282,0.0032201832224433434,0.01114710099820164,0.00571759397548228,0.00817572685548435,0.0010545244694454886,0.003844813246864791,0.005550325598531112,3.7526631449199345E-4,0.005725063333532252,0.005007580486133524,0.004884710545280594,0.0028108156919590985,0.005650185885050396,0.0021269691040600395,0.0014804297366327582,0.0033249496568202525,0.02686285722329704,0.002798651134530339,0.0068536212114883345,0.0050919198103509524,0.030013711622933294,0.003675485458867098,0.0038559425884505476,0.005537256414624413,0.0035504288424996694,0.0030931199221573753,0.0037864962936665705,0.001619620018441813],[0.005548851233538059,0.022878633062388486,0.020780047816606015,0.025255364250949607,1.0,0.0016386067632412804,0.07819886306598375,0.002563899464270447,0.049734374203414956,0.044864588747547,0.010166907969920628,0.02897568920509472,0.014258737374667915,0.0027924228089355203,0.026104298604514572,0.0229094115702361,0.050014147958272887,0.0245318701291404,0.0013797243675268938,0.013559860680524092,0.02764248616061048,0.04260976311015703,0.03329722913049735,0.01055026722780216,0.04143798471554968,0.03176930352523889,0.03487154107346255,0.05212295008755333,0.007462403956958707,0.03310316240101996,0.0162249204650637,0.019841059137545487,0.034367393559487217,0.041837549826510216,0.003800070350388587,0.026235613822546435,0.016240509204477102,0.04565621852952201,0.02920784955731922,0.0214246698366616,0.044861661545502377,0.028918435809448546,0.021738478724031004,0.03098331327844919,0.03817375402399839,0.04911694456051415,0.03370522984441176,0.038719449449803024,0.02831328780975729,7.88067312012686E-4,0.05477737063583557,0.01057527974541695,0.026641406442421033,0.008221547668617803,0.0211304263352262,0.023257202206225895,0.042275070532357496,0.02201939833820794],[8.374606675600238E-4,3.526745294799012E-5,0.0010289484287385766,6.657427844213117E-4,0.0016386067632412804,1.0,0.050509546217533036,9.488079038310455E-4,3.8890171790481744E-4,0.0034034875522193702,7.678299008002477E-5,1.8523321034481853E-4,1.4960436955982842E-4,2.604035505515934E-4,7.934548553268503E-4,1.4002050081802679E-5,5.537552520442127E-4,2.2683980379943844E-4,1.814844643133867E-5,5.304101179385635E-4,1.703067719254821E-5,7.987097870509806E-5,0.005407465079259906,5.3975907610293397E-5,8.806869063456469E-4,1.0236627887624245E-4,2.183938208879105E-5,3.224198163099571E-4,1.9409607711714453E-4,1.6210655249755854E-5,2.3208949843632316E-4,0.005010461773949715,0.0016952566497974407,0.01276298010576502,2.1126860621234621E-4,2.45507480745687E-4,0.0017336352906816583,1.8918466024801382E-4,1.1096019140773583E-4,4.350883100209523E-5,9.507018455333878E-5,5.359165200400044E-5,0.0015794046950969311,6.786275992509047E-5,3.487115879090113E-5,6.757922996049911E-4,0.005518573248501934,5.981159734046046E-4,0.003536486166876471,1.3422603675955855E-5,0.013214005228243932,2.2246295730737786E-4,1.7933806409006048E-5,2.9847153506349214E-5,1.1678961044731655E-4,0.0020846269738284307,1.5000072647759877E-4,1.817080907648843E-5],[0.02781665504380714,0.023736535657860307,0.08614169982123533,0.07203757275000247,0.07819886306598375,0.050509546217533036,1.0,0.006500852480535655,0.06229219977273995,0.04320395311225249,0.060608933892904227,0.08178103523983576,0.017859000683373094,0.08858912007779687,0.019739670807599165,0.007029186726215339,0.053779912491464486,0.03925686810634848,0.019795713754382653,0.007523588516743648,0.08565866945867497,0.02554858024230754,0.02158874824346107,0.08189676972639567,0.025763501441191623,0.010799608062264612,0.08208502619067619,0.06282917819374201,0.05200438915995894,0.04569879251073116,0.07158355272078233,0.09024685009476488,0.022946695814788642,0.08632988742987383,0.06596332019763222,0.06908634913719154,0.08503755967505036,0.010730472466820578,0.0552939123390067,0.08014294947625783,0.051021649103909474,0.05498286563562489,0.014682150872218705,0.08386163275614054,0.004887736286898146,0.07398782349208946,0.05824774311801686,0.05678171637095486,0.022312409128126584,0.045289867815175106,0.09020916314768401,0.059767761819717345,0.07765101635927703,0.08471009421840377,0.013023360624018723,0.01121768046150453,0.04467638390850425,0.07408808269164419],[0.001780382235921679,0.001120725446528373,0.0013475264847407798,0.0050411474530056045,0.002563899464270447,9.488079038310455E-4,0.006500852480535655,1.0,0.0024885734096388246,0.0034624988040621403,1.72394062907072E-4,0.0012976118050781792,0.0011796608479833286,0.0024175709732744176,0.0021208267659988916,0.0015351282286600288,0.002420560357986984,0.002482622848132801,3.303667547065135E-4,0.00185778187165436,0.002332797260175973,3.0777047739196983E-4,0.002522324563183857,0.0021270462828158867,0.0016981032324481459,4.08075962366525E-4,0.00130464805532749,0.0020144715181701677,0.0019807350190342663,1.1095711638289329E-4,0.0021598939221507776,0.005663038640858868,0.0025700994791098353,0.01087201637996091,0.002211976669393041,0.001366120443998131,0.0024417581806393533,0.0019273023777999093,7.685537086324369E-4,5.3152912928E-4,1.920723279739883E-4,0.0016604961747816243,0.0019836325072000297,0.0017693548322784596,0.0017883120681515372,0.0017024943879917096,0.009337761931141064,0.0020923925279689565,0.006736718194902959,0.0014500256660539856,0.05395889190335594,0.0016939975325933982,1.8694764103832125E-4,0.002447890464829421,0.0015389381348355957,0.002683598652894412,2.620860710331432E-4,0.002242533649952509],[0.0014461326368655353,3.632921653607277E-4,4.133034593056641E-4,4.1884250723324553E-4,0.049734374203414956,3.8890171790481744E-4,0.06229219977273995,0.0024885734096388246,1.0,0.002573229535752756,2.7412922198242443E-4,3.474730571979247E-4,3.0415306921403526E-4,7.190335976812372E-4,5.1152019452804E-4,1.1012924147563315E-4,7.616951660091428E-4,3.4670992714629697E-4,3.123718666256561E-4,9.469464201933813E-4,2.285970227472556E-4,1.3628404472037337E-4,0.003943832594364453,8.045490708782101E-4,0.0016067375414606693,2.6943658201222565E-4,1.8351167484937075E-4,3.8326463774386214E-4,0.0018813453833638164,9.120838060137364E-5,3.7717957404578313E-4,0.012775129215066693,9.792942739328527E-4,0.016858805063939393,4.567096895745808E-4,4.608226160871298E-4,0.001968244229817429,3.715305525777982E-4,2.2454015713963959E-4,2.3339539773880398E-4,2.9255713602949283E-4,2.726876877315917E-4,0.001574105183829196,5.04304291631755E-4,1.985277009702024E-4,0.0013386826086054589,0.015005831428809449,9.242846722230499E-4,0.0034298969638526704,1.2225308869599368E-4,0.009995497898738284,2.3574110157652137E-4,5.47420517149181E-5,2.6845077022011495E-4,3.6203506586617875E-4,8.053965154616343E-4,3.314799138990728E-4,3.4774973437924926E-4],[0.002622696653469392,3.955579468789269E-4,0.003083135604714831,0.004055442544466328,0.044864588747547,0.0034034875522193702,0.04320395311225249,0.0034624988040621403,0.002573229535752756,1.0,0.0014646998646364534,0.001904614983794108,0.0017946424313803329,0.003421233824675258,0.0033078640417483008,0.0024524555008649585,9.551364680549082E-4,0.0010651683020079018,1.5862329327496214E-4,0.0013663869504197406,0.003152938048273307,8.874313098094283E-4,0.004560645792234306,0.0017895660911762805,0.0029039096724439713,0.002139535829059748,0.0020305769296905555,0.0012770434866229818,0.0022294914357012885,0.0012884287640917372,0.0020189626410596455,0.009148608643644906,0.0027845099251512964,0.015632513050551692,0.0033661200695501705,0.0016561286522381036,0.002455156063642959,9.99938408556894E-4,8.212735261705492E-4,2.3161215383318606E-4,2.843518241983186E-4,0.002912903106612147,0.003370567217405118,8.337806605679005E-4,0.002986793749823485,0.0022506979275719085,0.014344701442440556,0.001743039660663695,0.005938759903409945,0.0028839391554398145,0.03986608738926156,0.0034321271583922152,0.0017273490971199583,0.0028026056473668885,6.25113649122359E-4,0.00345681227537553,0.002938762545209174,0.0013256487955586472],[1.3704553226250883E-4,7.831972412056067E-5,5.673137670558904E-4,0.0034361544864408497,0.010166907969920628,7.678299008002477E-5,0.060608933892904227,1.72394062907072E-4,2.7412922198242443E-4,0.0014646998646364534,1.0,1.9315809672395005E-4,1.545528717717978E-4,7.869760687590941E-4,3.616799483397322E-4,2.0762968524726492E-5,4.4926427805535977E-4,1.9813295845215E-4,1.007520509957189E-4,9.039739004645452E-4,4.7393496993685354E-5,1.1765678887236922E-4,0.0026677595168401345,9.327078872582074E-4,3.859231115150369E-4,1.8176721127976088E-4,1.0133998490608056E-4,3.233855553835068E-4,5.781356100672663E-4,9.463283002931691E-5,1.8951096900683717E-4,0.010569724634876184,0.0025697397882792914,0.0224512463100579,1.357744879266948E-4,4.1377214973735893E-4,0.0011014972678123223,1.7641218089297427E-4,1.3442094991411157E-4,1.2616085088123794E-4,1.426957496330234E-4,1.0578119464903613E-4,1.0636859140524533E-4,3.883250398127917E-4,1.0500029900521783E-4,7.10084651392676E-4,0.005231007388643098,6.979913606982649E-4,0.002142541780115352,1.7895862505012033E-5,0.005785278193208034,1.596679466394096E-4,2.990424842320971E-5,1.22347616158656E-4,2.2374690912366517E-4,0.002362049229184735,1.6829598750177209E-4,9.059519533253842E-5],[0.0014688303479089423,1.9490252717353453E-4,0.0010063236794255208,0.005501811998828337,0.02897568920509472,1.8523321034481853E-4,0.08178103523983576,0.0012976118050781792,3.474730571979247E-4,0.001904614983794108,1.9315809672395005E-4,1.0,2.0600303765756404E-4,6.065687407972437E-4,5.819117444408291E-4,1.943991780768433E-4,7.409094931993829E-4,2.461592147430022E-4,8.565611176559147E-5,5.532090075612019E-4,2.1839571987890461E-4,2.3665816284112887E-4,0.0018785434304328039,0.0015017488966666745,4.1975446388329576E-4,2.3768511252121762E-4,1.1096434541236726E-4,3.091882233237665E-4,5.72142241546879E-4,8.193369770640246E-5,2.517565496653368E-4,0.015490758976591086,6.00827397326487E-4,0.005624217115221315,3.111376223109664E-4,6.216935303526546E-4,0.002013003094808602,2.4186913018955794E-4,2.2872518162365407E-4,2.2685149342893842E-4,2.3758630850293427E-4,2.1918691473502708E-4,8.978060671754053E-4,3.088453032048018E-4,1.865775373031186E-4,4.976063918723905E-4,0.01518485090239621,0.0010166147391166855,0.00633001516886214,1.057954929033322E-4,0.04791426972996296,2.2719853217452934E-4,1.8851606069178326E-4,2.049702690569344E-4,2.396432215184225E-4,0.0025810486534966356,2.22359697305868E-4,1.7070535815369024E-4],[2.8718837285950755E-4,7.788557052439603E-5,6.579890613833759E-4,0.0034763482477030835,0.014258737374667915,1.4960436955982842E-4,0.017859000683373094,0.0011796608479833286,3.0415306921403526E-4,0.0017946424313803329,1.545528717717978E-4,2.0600303765756404E-4,1.0,6.411741238294506E-4,3.2369020259820586E-4,1.8153407877825802E-4,4.418090760149079E-4,2.439332335101761E-4,3.632965634912232E-5,3.9252926407742006E-4,3.585135905654686E-5,1.5763217554607908E-4,0.00202396832171286,0.00133325664047849,0.0013263202268682522,2.0272792610256683E-4,1.2865440520916656E-4,1.939490841229593E-4,8.669532836955093E-4,4.106478175132149E-5,2.763811837424605E-4,0.009122583333191292,0.0016145408417687708,0.0059623362014936095,3.2819060053729493E-4,6.082567029463057E-4,0.0019772013100826627,2.5817032741203466E-4,1.933819683104568E-4,1.6239983354941607E-4,1.8402598061329712E-4,1.6226884756742344E-4,3.3037761128865427E-4,2.992326436621447E-4,1.6871883877702987E-4,3.32591902131189E-4,0.023258705636601432,6.185531324829983E-4,0.003869418445047612,1.2799403049389884E-4,0.044450388037705346,2.0033550821072144E-4,1.1360540553084902E-4,1.487790450495203E-4,2.0377357177472135E-4,0.0027373133270770836,1.858949569875349E-4,5.679311703665058E-5],[0.0012730066528572014,5.790010474642852E-4,0.001006299009656728,0.003918321338415851,0.0027924228089355203,2.604035505515934E-4,0.08858912007779687,0.0024175709732744176,7.190335976812372E-4,0.003421233824675258,7.869760687590941E-4,6.065687407972437E-4,6.411741238294506E-4,1.0,0.001109395224137878,8.471901197409982E-4,8.586497555040485E-4,4.0465217191811606E-4,5.425050629285433E-4,9.73700123848615E-4,5.558340918052342E-4,6.351873289415832E-4,0.0023808956677876408,0.001209089664205216,0.0014866066950035488,5.608079008668241E-4,4.176807238099049E-4,5.501453908199669E-4,0.0011554375071104776,8.101676994610563E-4,3.727221694693312E-4,0.011507922157062929,0.0018057933066118153,0.02062539283029934,5.521877453762242E-4,8.770889400936949E-4,0.0016537516124975537,7.60010843602163E-4,2.6446813833842396E-4,5.926066338617544E-4,2.4242367993871446E-4,4.605149011558052E-4,0.0010955526565811315,8.194818071730367E-4,7.084992892767766E-4,0.0012953937212469339,0.013350913783971378,9.079623635516303E-4,9.344801570505241E-4,6.194763270329921E-4,0.02317648953691502,6.697701328222088E-4,6.730826091690522E-4,6.549997489226747E-4,3.4686871156157763E-4,0.002763314716620194,3.1558418900521593E-4,5.61065152593778E-4],[0.001368648842642325,2.766043889793799E-4,0.0013124937820118377,0.004329575324891383,0.026104298604514572,7.934548553268503E-4,0.019739670807599165,0.0021208267659988916,5.1152019452804E-4,0.0033078640417483008,3.616799483397322E-4,5.819117444408291E-4,3.2369020259820586E-4,0.001109395224137878,1.0,6.241128049328481E-4,0.0010151161277611744,6.338957584258291E-4,0.0010406573311007765,0.0010243494367705357,5.891651237595437E-4,0.0011196791693418853,0.0018908644729518722,0.001461763362316966,0.0014447982165370062,3.756982020327501E-4,5.79007601440299E-4,3.908814326308122E-4,0.001508700898958548,6.731094764989033E-4,4.1671256012425407E-4,0.014642697241528857,0.0016846195159247544,0.014861461345403412,9.38970468153863E-4,8.158748232988097E-4,0.0016637566089082458,0.001062999937497606,0.001169226532746925,5.821416214310429E-4,1.6148023391881483E-4,7.214513142814669E-4,0.0013340818455218255,8.416013244362232E-4,3.6543546367650594E-4,0.0013694148672785296,0.025654109759454462,0.0012501256082204722,0.004933770779986809,9.610415945773339E-4,0.003686449046526456,9.761495544092598E-4,4.0857186443145257E-4,0.0012438734930039215,2.5966672865895753E-4,0.0023296665011930348,0.0010757801362225943,4.048360310105928E-4],[0.001091571617169069,3.170393181378476E-5,8.643743923286443E-4,0.003565110144714073,0.0229094115702361,1.4002050081802679E-5,0.007029186726215339,0.0015351282286600288,1.1012924147563315E-4,0.0024524555008649585,2.0762968524726492E-5,1.943991780768433E-4,1.8153407877825802E-4,8.471901197409982E-4,6.241128049328481E-4,1.0,5.000880458930035E-4,2.139555055151211E-4,1.0557916744762199E-5,4.671424780942513E-4,1.1236284701082346E-5,9.204277083947585E-5,0.004047223694387833,9.208571363029632E-4,3.096986117802617E-5,9.912352847383908E-5,1.0562962943377595E-5,2.563032710735218E-5,2.6975482515789734E-4,1.0570389913745033E-5,1.4120644062053816E-4,0.01441068983631876,0.0010468755899173624,0.017492932895886906,4.895758252976624E-4,8.679163069485215E-5,7.200316878270267E-5,5.509165125399142E-5,5.3541782850297216E-5,8.012179243457979E-5,4.3924003196767776E-5,3.692254505626485E-5,0.0014798404580184334,3.8746689477173207E-4,2.979589489945231E-5,0.0010323839110616898,0.0010947754156588017,3.711182545362567E-4,0.002707697413720823,1.1451124438423767E-5,0.002548340108726517,1.9775098025050925E-4,1.540831790435946E-5,1.4161795094636549E-4,8.011972949853032E-5,0.0022943156696250853,5.0201756802634506E-5,1.095608586555731E-5],[0.0013708582396441227,3.8718148248516175E-4,0.0010663444321787601,0.005084376635299288,0.050014147958272887,5.537552520442127E-4,0.053779912491464486,0.002420560357986984,7.616951660091428E-4,9.551364680549082E-4,4.4926427805535977E-4,7.409094931993829E-4,4.418090760149079E-4,8.586497555040485E-4,0.0010151161277611744,5.000880458930035E-4,1.0,6.152302983205389E-4,7.787366523200588E-4,8.409549377290671E-4,3.888904721878231E-4,7.236415528000608E-4,0.005275396659554738,0.0010499293376575094,0.001037345941521182,6.71218570258222E-4,6.775834971221578E-4,5.490535881186422E-4,0.0018420184681601716,2.730823871691058E-4,6.788034728410094E-4,0.012890209071108416,0.0013315983808233466,0.005683786093212706,5.060131622056789E-4,8.099952401016598E-4,0.0011758877150074704,4.098723256120562E-4,5.885838176977289E-4,7.009886569187709E-4,3.5343083652607254E-4,7.021662549021694E-4,9.935433204354565E-4,7.804411764022411E-4,6.532495881980267E-4,9.018280931637669E-4,0.025899915462560097,0.001051795609581447,0.006323935234885311,3.160466504575254E-4,0.013874670345759801,7.050194292265584E-4,3.7385011857756737E-4,1.5646478672759137E-4,5.177246423011446E-4,0.002616695907014487,5.312976397631878E-4,5.931147943769684E-4],[7.173261043752584E-4,1.283690824202028E-4,2.691064998074665E-4,0.0021789562101611876,0.0245318701291404,2.2683980379943844E-4,0.03925686810634848,0.002482622848132801,3.4670992714629697E-4,0.0010651683020079018,1.9813295845215E-4,2.461592147430022E-4,2.439332335101761E-4,4.0465217191811606E-4,6.338957584258291E-4,2.139555055151211E-4,6.152302983205389E-4,1.0,2.3374403433103886E-4,9.466154208399972E-4,3.646200994817326E-5,1.7113193176931637E-4,0.0012874912128139739,8.903627478259928E-4,9.769894409841931E-4,2.3409822619736118E-4,1.0335049185173182E-4,3.178458171407473E-4,0.0014365629518610019,1.810905689932864E-4,2.6675243161168176E-4,0.010750672616396636,2.8414944849563655E-4,0.0010274940032722697,2.888734059185412E-4,6.66166837602192E-4,0.0014062156034511943,2.5621486223646506E-4,2.3595240754653623E-4,1.5907169628086223E-4,1.8427486189151235E-4,1.2072139538607695E-4,0.0012748465916731255,4.142629790999643E-4,1.0489760819866794E-4,8.356813149503202E-4,0.02571478576993541,0.0010181991566542514,0.0010226004549528066,1.9568798724731217E-4,0.01761373940180002,2.2653841395221995E-4,7.866848813680276E-5,2.1501997415413756E-4,2.516514641263025E-4,6.855402663176847E-4,2.2153710432355663E-4,1.2926751385949203E-4],[4.8681825732109794E-4,1.2804021164911217E-5,1.2543231873009272E-4,0.0034370073441828985,0.0013797243675268938,1.814844643133867E-5,0.019795713754382653,3.303667547065135E-4,3.123718666256561E-4,1.5862329327496214E-4,1.007520509957189E-4,8.565611176559147E-5,3.632965634912232E-5,5.425050629285433E-4,0.0010406573311007765,1.0557916744762199E-5,7.787366523200588E-4,2.3374403433103886E-4,1.0,8.371084946795001E-4,1.1546777517885503E-5,1.1716796046817365E-4,0.004918656826847733,8.531209987327214E-4,0.0014964490049257468,2.6352013204566822E-5,4.5583105629000644E-5,1.6730678948920043E-4,9.316807509304002E-4,1.1255315349064544E-5,2.4298960317641527E-4,0.013700763284704284,6.201975629458492E-4,0.007335235154193476,1.3052728328434953E-4,4.7579310271477144E-4,0.0020402318437788454,8.335859595520014E-5,7.329026537034069E-5,1.1577351473071841E-4,1.212674507958817E-5,1.0188065151814281E-4,0.0010559564463312671,5.488964460560136E-4,2.904848274693967E-5,8.970498165018582E-4,0.023805017184656257,5.276870784262765E-4,0.0032215356244377933,1.2646098400210825E-5,0.034141787099150944,9.751530095605941E-5,1.5496983442183397E-5,1.2605984325258498E-4,1.4089930046085637E-5,0.0017600929280292945,1.7686484253473913E-4,1.138061581930934E-5],[0.0014675388395584158,1.0231958514986112E-4,0.0010660021370140615,0.003647563334675997,0.013559860680524092,5.304101179385635E-4,0.007523588516743648,0.00185778187165436,9.469464201933813E-4,0.0013663869504197406,9.039739004645452E-4,5.532090075612019E-4,3.9252926407742006E-4,9.73700123848615E-4,0.0010243494367705357,4.671424780942513E-4,8.409549377290671E-4,9.466154208399972E-4,8.371084946795001E-4,1.0,9.013443777006513E-4,4.688615522620077E-4,0.0021008205641741126,0.0010320896735733298,0.0013896458289808277,9.985988932249487E-4,4.282917307276146E-4,5.319125758762154E-4,0.0018268216184178817,5.302434035866078E-4,3.7578763427131303E-4,0.01452848362596398,0.0020418432416211938,0.0058238594497915805,9.229953478746978E-4,7.610120979546001E-4,0.0017547101275699481,6.011765702638549E-4,6.754815105595323E-4,7.977218708482499E-4,5.67655475683533E-4,6.261996313408696E-4,0.001068290967826954,8.28883032278987E-4,5.95284927142804E-4,0.001237049040982335,0.01278129770877523,0.0010186889578688392,0.0018355323927080726,6.749577779411118E-4,0.034051200980930035,2.984689964991617E-4,8.506164362855121E-4,6.982353934091928E-4,3.705183590332977E-4,0.002444812552567948,5.872277662588168E-4,9.664648478933188E-4],[0.0010820104193348821,3.374138995052964E-5,7.188469278148969E-4,0.0045940884233623925,0.02764248616061048,1.703067719254821E-5,0.08565866945867497,0.002332797260175973,2.285970227472556E-4,0.003152938048273307,4.7393496993685354E-5,2.1839571987890461E-4,3.585135905654686E-5,5.558340918052342E-4,5.891651237595437E-4,1.1236284701082346E-5,3.888904721878231E-4,3.646200994817326E-5,1.1546777517885503E-5,9.013443777006513E-4,1.0,6.379559105747763E-5,0.0036711321121052254,0.0012058627909117758,0.00140021924494083,1.1967681990580022E-4,5.869467392942922E-5,7.043319291154318E-5,4.292755277685097E-4,1.0772637340884891E-5,1.6686195390945802E-4,0.012057712915005741,0.0025750271983516486,0.019372706486056695,7.705390733668839E-5,5.678236209993213E-4,0.0024213150887454305,1.2893941716763367E-4,2.476059089158242E-5,1.602391752478673E-5,1.1980506555050847E-4,3.056776208384482E-5,3.105265260540574E-4,4.081756064781176E-4,7.624725672701114E-5,0.001056756901807181,0.010362656088520909,3.030600082748471E-4,0.0030005729280167637,1.2444355146690547E-5,0.049124967779002646,6.332333856314997E-5,1.5342514142705864E-5,3.208895541022581E-5,1.7030733645883697E-4,0.0018908388668248475,1.2752033734822664E-4,1.1664162315462895E-5],[0.0014755398903101176,6.93542552277877E-5,7.232820275376352E-4,0.0010902775678633347,0.04260976311015703,7.987097870509806E-5,0.02554858024230754,3.0777047739196983E-4,1.3628404472037337E-4,8.874313098094283E-4,1.1765678887236922E-4,2.3665816284112887E-4,1.5763217554607908E-4,6.351873289415832E-4,0.0011196791693418853,9.204277083947585E-5,7.236415528000608E-4,1.7113193176931637E-4,1.1716796046817365E-4,4.688615522620077E-4,6.379559105747763E-5,1.0,6.60895270916917E-4,0.0013349972526104105,7.377738969580916E-4,1.8769721517740336E-4,8.352745202772924E-5,2.71466046441433E-4,0.0012214647603425743,1.1795529831822387E-5,1.758113594037899E-4,0.008617169619618812,7.754545935732941E-4,0.020360689673193925,1.2889693522586903E-4,5.473408506135307E-4,0.001991297666859234,2.9369492841568596E-4,1.5985758084367173E-4,1.2870946228738867E-4,1.5071006558981464E-4,1.1622609346679834E-4,3.4206829302144983E-4,2.45944442337304E-4,1.0283686576601845E-4,0.001004473573230939,0.022278412798090463,0.0010671423171156492,0.003004111547518316,7.101059255300002E-5,0.004446835043788276,1.3722186260099086E-4,9.159673787227025E-5,1.308668321323648E-4,1.7387859446712763E-4,5.326334523872753E-4,1.6857129863752536E-4,7.278052254794969E-5],[0.0022242458975359216,0.0030806630900696683,0.0025102057119437996,0.005797635562563953,0.03329722913049735,0.005407465079259906,0.02158874824346107,0.002522324563183857,0.003943832594364453,0.004560645792234306,0.0026677595168401345,0.0018785434304328039,0.00202396832171286,0.0023808956677876408,0.0018908644729518722,0.004047223694387833,0.005275396659554738,0.0012874912128139739,0.004918656826847733,0.0021008205641741126,0.0036711321121052254,6.60895270916917E-4,1.0,0.002096334152549039,0.002975550932884365,0.0019329441918564125,0.0036355891866380217,0.0025829624374958554,0.0037646612782738127,8.464110533788218E-5,0.003526375849643015,0.013582772169995396,0.0043061754152751135,0.01231622111456821,0.002887143759476817,0.001226618896108298,0.0050694785272485405,0.00291499041742028,0.00420726890625784,0.0045263730302862164,0.0025590035348103217,0.003501407061064418,0.002621855234980813,0.004283158347267029,0.004210714150871082,0.001413690208668652,0.01680494789243323,0.004836970446666986,0.006550211947357547,0.0024323257169202826,0.01670429450519066,0.0024486598773071537,9.59158792712843E-4,0.0012314776520551361,7.38511641674419E-4,0.004199068977886842,0.0016492498662855804,0.004236638221005701],[0.0015060240963855422,7.508975232328277E-4,0.0014583725867407633,0.005217333366133087,0.01055026722780216,5.3975907610293397E-5,0.08189676972639567,0.0021270462828158867,8.045490708782101E-4,0.0017895660911762805,9.327078872582074E-4,0.0015017488966666745,0.00133325664047849,0.001209089664205216,0.001461763362316966,9.208571363029632E-4,0.0010499293376575094,8.903627478259928E-4,8.531209987327214E-4,0.0010320896735733298,0.0012058627909117758,0.0013349972526104105,0.002096334152549039,1.0,0.0015914142361698237,5.816555881773804E-4,0.001299524022812628,5.659075122668048E-4,0.0018179832138657133,7.915762403355158E-4,5.30432421689137E-4,0.0016440321103820146,0.001932821276890773,0.019057754945073814,5.633887705997984E-4,9.959787329828908E-4,0.001678586729773281,7.509081519955329E-4,0.001288364023187605,9.859401800376287E-4,2.4956056230998993E-4,8.495030442209763E-4,0.0015449697023264036,0.0013730015111584793,0.0011391451453763096,0.001388428429435456,0.00817809046153663,0.0013912651461085513,0.006940706479950478,3.5859486963933494E-4,0.0015442692292140987,8.604696273444347E-4,7.30266227660794E-4,1.5943333183318477E-4,0.0013026199196724882,0.0015479458653002447,0.0012257813732339056,7.8504629374263E-4],[0.0015245883032838374,4.829191349719023E-4,0.0015547350647945133,0.002771596117077269,0.04143798471554968,8.806869063456469E-4,0.025763501441191623,0.0016981032324481459,0.0016067375414606693,0.0029039096724439713,3.859231115150369E-4,4.1975446388329576E-4,0.0013263202268682522,0.0014866066950035488,0.0014447982165370062,3.096986117802617E-5,0.001037345941521182,9.769894409841931E-4,0.0014964490049257468,0.0013896458289808277,0.00140021924494083,7.377738969580916E-4,0.002975550932884365,0.0015914142361698237,1.0,3.574093900776924E-4,4.8774815448122835E-4,9.21691365326587E-4,0.0017786290181112006,0.001498027948880411,0.0016070612077782572,0.007758696982530032,0.0026557448939022463,0.021988481351892603,5.023624157009444E-4,7.040287076957362E-4,0.0023925822376787875,7.616514095962767E-4,5.673101063601507E-4,0.0015253602588225666,7.089513643206287E-4,0.0010934695470453722,0.0016270021070815155,0.0010686111523938488,3.9107960953141337E-4,0.0015246974865375873,0.004796534143166147,0.0014951741324403791,0.006777798692641111,6.343647496740504E-5,0.006979637584195739,0.0012752463753413611,0.0011951071282015596,0.0015666986309392243,6.889525816066311E-4,0.0016679337943941192,0.0010022627731697616,0.0012813311458175147],[6.738183166071591E-4,1.390447151353329E-4,0.001064809815551181,0.0021711105803507097,0.03176930352523889,1.0236627887624245E-4,0.010799608062264612,4.08075962366525E-4,2.6943658201222565E-4,0.002139535829059748,1.8176721127976088E-4,2.3768511252121762E-4,2.0272792610256683E-4,5.608079008668241E-4,3.756982020327501E-4,9.912352847383908E-5,6.71218570258222E-4,2.3409822619736118E-4,2.6352013204566822E-5,9.985988932249487E-4,1.1967681990580022E-4,1.8769721517740336E-4,0.0019329441918564125,5.816555881773804E-4,3.574093900776924E-4,1.0,1.8846012686050454E-4,2.7224164224321293E-4,6.688791310517806E-4,1.5192624867190946E-4,2.3028580715771683E-4,0.010474314399114533,0.0015846181072886121,0.011247998724842645,2.472100633239263E-4,2.5071081473944005E-4,0.0020556174085382198,2.410349751217171E-4,2.228614612502903E-4,1.8203645214562278E-4,1.7117119569011433E-4,1.7194870519991423E-4,0.0010081631128817617,6.583619093056117E-4,1.4882635878710326E-4,6.94515972453429E-4,0.0171563259143533,4.81901903926827E-4,0.0014663987507880687,1.6705782229351092E-4,0.027084160235254347,2.2550014283927576E-4,4.9270208193756445E-5,1.826073130536234E-4,2.2769477321423336E-4,0.002142236668344876,2.229201635527845E-4,7.143402994880901E-5],[0.0012059934794117458,6.504325350757165E-5,1.6157869546862415E-4,3.456330040004035E-4,0.03487154107346255,2.183938208879105E-5,0.08208502619067619,0.00130464805532749,1.8351167484937075E-4,0.0020305769296905555,1.0133998490608056E-4,1.1096434541236726E-4,1.2865440520916656E-4,4.176807238099049E-4,5.79007601440299E-4,1.0562962943377595E-5,6.775834971221578E-4,1.0335049185173182E-4,4.5583105629000644E-5,4.282917307276146E-4,5.869467392942922E-5,8.352745202772924E-5,0.0036355891866380217,0.001299524022812628,4.8774815448122835E-4,1.8846012686050454E-4,1.0,1.0380421278305261E-4,0.0013334852617445721,1.5966465374646187E-5,1.2874714343767267E-4,0.006270529509422759,0.00240407664337538,0.006594778561707986,3.824145195055828E-4,5.345346112909594E-4,7.213498272228268E-4,1.832804502215566E-4,9.281912825182022E-5,8.60667007451408E-5,9.66534706468364E-5,1.1415069642714077E-4,0.0011322622726957787,2.9253136806950164E-4,7.607132110670744E-5,5.510592305353452E-4,0.0011544419611206602,0.001114933081929967,0.005021972364575291,3.7226906816249457E-5,0.030799403370341368,1.6846554186016117E-4,2.9101074362171495E-5,1.0075540409689925E-4,1.4500941450011376E-4,5.431669975712767E-4,1.796818210267261E-4,5.358535035959746E-5],[0.0011134172226088318,1.8823079237475176E-4,9.722682001306962E-4,0.0019368908595739321,0.05212295008755333,3.224198163099571E-4,0.06282917819374201,0.0020144715181701677,3.8326463774386214E-4,0.0012770434866229818,3.233855553835068E-4,3.091882233237665E-4,1.939490841229593E-4,5.501453908199669E-4,3.908814326308122E-4,2.563032710735218E-5,5.490535881186422E-4,3.178458171407473E-4,1.6730678948920043E-4,5.319125758762154E-4,7.043319291154318E-5,2.71466046441433E-4,0.0025829624374958554,5.659075122668048E-4,9.21691365326587E-4,2.7224164224321293E-4,1.0380421278305261E-4,1.0,0.0014256990480206323,2.638248568629278E-4,2.9558157878822113E-4,9.679514993806814E-4,6.969056792742499E-4,0.004578701425011189,3.4135004992220247E-4,5.708138756831518E-4,6.700187380321025E-4,3.068061898915097E-4,3.220706966228702E-4,1.388512348934409E-4,1.7034175220551745E-4,2.567512475504559E-4,0.0014480731184085454,4.393211531103022E-4,1.863717867531845E-4,7.582398800835258E-4,0.001008332021851227,5.598046149601802E-4,0.002520988711731182,3.038304163177449E-4,0.05305344845522517,3.06984041925107E-4,8.89827875415278E-5,2.7936179288182725E-4,2.5741239400606925E-4,0.0019709806782354324,1.941553128459356E-4,1.6936381903452183E-4],[0.001573322258035982,3.40698480641853E-4,0.0011278386872149075,0.0036651340748967897,0.007462403956958707,1.9409607711714453E-4,0.05200438915995894,0.0019807350190342663,0.0018813453833638164,0.0022294914357012885,5.781356100672663E-4,5.72142241546879E-4,8.669532836955093E-4,0.0011554375071104776,0.001508700898958548,2.6975482515789734E-4,0.0018420184681601716,0.0014365629518610019,9.316807509304002E-4,0.0018268216184178817,4.292755277685097E-4,0.0012214647603425743,0.0037646612782738127,0.0018179832138657133,0.0017786290181112006,6.688791310517806E-4,0.0013334852617445721,0.0014256990480206323,1.0,4.1296225541030045E-4,8.39810610964032E-4,0.005101101186949423,0.002390583562667599,0.02037518235825174,0.0018395145160344485,7.000395413557162E-4,0.0023748766079290957,0.0018656688409453594,0.001541715023934708,3.0619887883061737E-4,0.0014885895939865206,6.695601129267261E-4,0.0018719588008832698,7.294706542682414E-4,4.598252678062155E-4,0.001634828992355091,0.01968581313317069,0.0016878651781172703,0.0053550751054957,3.756608116270065E-4,0.05332108731767447,8.121390213013834E-4,6.583195654840198E-4,0.0010374071190789864,3.795884763840554E-4,0.002089538465916207,7.505146958592681E-4,6.345582051792744E-4],[3.872250455877591E-4,1.5125308861240352E-5,6.260410041633776E-4,0.0030458583175546282,0.03310316240101996,1.6210655249755854E-5,0.04569879251073116,1.1095711638289329E-4,9.120838060137364E-5,0.0012884287640917372,9.463283002931691E-5,8.193369770640246E-5,4.106478175132149E-5,8.101676994610563E-4,6.731094764989033E-4,1.0570389913745033E-5,2.730823871691058E-4,1.810905689932864E-4,1.1255315349064544E-5,5.302434035866078E-4,1.0772637340884891E-5,1.1795529831822387E-5,8.464110533788218E-5,7.915762403355158E-4,0.001498027948880411,1.5192624867190946E-4,1.5966465374646187E-5,2.638248568629278E-4,4.1296225541030045E-4,1.0,5.8402049089201346E-5,0.011611774193467907,0.0021305537476989426,0.02551002268986138,4.567012964529381E-4,4.854285398895819E-4,0.002258317918054664,9.63729238207622E-5,1.5637692270656044E-4,1.224774986414686E-4,1.0904773445846222E-4,4.918989728952235E-5,8.495164026503892E-4,2.703143824434448E-4,6.644051969858294E-5,0.0012919662823377635,0.010373212374507675,2.2992814271176895E-4,0.006925091276469879,1.2237804382716683E-5,0.011641968543939894,3.514353380880804E-5,1.715332497886376E-5,1.279281109024762E-4,7.73366075657183E-5,0.002120933645596359,1.2064021076140598E-4,1.1629578928788663E-5],[0.0011279483268524185,1.843242538119118E-4,5.921505337985646E-4,0.0032201832224433434,0.0162249204650637,2.3208949843632316E-4,0.07158355272078233,0.0021598939221507776,3.7717957404578313E-4,0.0020189626410596455,1.8951096900683717E-4,2.517565496653368E-4,2.763811837424605E-4,3.727221694693312E-4,4.1671256012425407E-4,1.4120644062053816E-4,6.788034728410094E-4,2.6675243161168176E-4,2.4298960317641527E-4,3.7578763427131303E-4,1.6686195390945802E-4,1.758113594037899E-4,0.003526375849643015,5.30432421689137E-4,0.0016070612077782572,2.3028580715771683E-4,1.2874714343767267E-4,2.9558157878822113E-4,8.39810610964032E-4,5.8402049089201346E-5,1.0,0.013947429246027583,6.917627614338527E-4,0.00935317804359563,3.6944474190762526E-4,3.3068026205407286E-4,0.0024259157495724396,2.8832090829996975E-4,2.4725768750897984E-4,1.5439668762831546E-4,1.8979201606305254E-4,1.4865574365389972E-4,3.5803241446798943E-4,6.22656805299264E-4,1.9775488334810342E-4,0.0010903442397446352,0.012939552278152786,8.092315909695757E-4,0.0023143405626324847,1.740616959254474E-4,0.005854788874667279,2.5399919041057607E-4,7.830664454756603E-5,2.5205325860476506E-4,2.697702948248876E-4,0.0011648259349598658,2.3067663165427497E-4,7.838173109668481E-5],[0.004603619677025156,0.014478181143096172,0.002081435915032529,0.01114710099820164,0.019841059137545487,0.005010461773949715,0.09024685009476488,0.005663038640858868,0.012775129215066693,0.009148608643644906,0.010569724634876184,0.015490758976591086,0.009122583333191292,0.011507922157062929,0.014642697241528857,0.01441068983631876,0.012890209071108416,0.010750672616396636,0.013700763284704284,0.01452848362596398,0.012057712915005741,0.008617169619618812,0.013582772169995396,0.0016440321103820146,0.007758696982530032,0.010474314399114533,0.006270529509422759,9.679514993806814E-4,0.005101101186949423,0.011611774193467907,0.013947429246027583,1.0,0.006149718859269524,0.026737338151352937,0.01604984008532577,0.009759153140215616,0.006733870727042099,0.015906975781887885,0.006731718109322381,0.012564080730839337,0.009145555977129663,0.013589314620209916,0.006669218091705294,0.0032566435997933812,5.398989907738636E-4,0.002023090793175112,0.02236407903009414,0.006393891181984526,0.01231932421658839,0.00939702814536609,0.05413758624866988,0.006233077148663379,0.013487866458718838,0.012394059108459681,0.007655599729151793,0.01087098914847684,0.012636497498671254,0.014076225905792997],[0.002630221204798047,0.0024177098359588526,0.0026661000630528236,0.00571759397548228,0.034367393559487217,0.0016952566497974407,0.022946695814788642,0.0025700994791098353,9.792942739328527E-4,0.0027845099251512964,0.0025697397882792914,6.00827397326487E-4,0.0016145408417687708,0.0018057933066118153,0.0016846195159247544,0.0010468755899173624,0.0013315983808233466,2.8414944849563655E-4,6.201975629458492E-4,0.0020418432416211938,0.0025750271983516486,7.754545935732941E-4,0.0043061754152751135,0.001932821276890773,0.0026557448939022463,0.0015846181072886121,0.00240407664337538,6.969056792742499E-4,0.002390583562667599,0.0021305537476989426,6.917627614338527E-4,0.006149718859269524,1.0,0.0035202727468666337,0.0021582230425099967,8.38899634492417E-4,0.002579310408712276,7.897809108249896E-4,0.001336007669062198,0.0023419991033362822,0.001517506097665371,8.143743125909552E-4,0.0019500744013334096,9.331034921147099E-4,0.0016345299025484646,0.002289849961294486,0.012253517914086699,0.002651652457176336,0.004611204906631124,0.