[[1.0,6.675708924857709E-5,8.669306510458565E-4,1.0785490717852573E-4,1.2681563020766563E-4,7.69976764419586E-4,7.385246110112046E-5,0.026931638497095806,0.0011679992792746805,0.0030863875261495683,6.311298072101909E-4,0.001258283692786161,0.0029591833357293287,7.135295918006269E-5,1.0560785575956806E-4,0.03870917990787704,2.44159251462807E-4,0.002552427262868899,6.18755576578075E-5,5.59729495127196E-4,1.0695920618003752E-4,7.662049924443027E-4,0.008134893900873465,4.5330771430429364E-5,2.513472640827681E-4,8.535399067369039E-5,0.004056951113386864,0.014029827388296223,3.0367493157738136E-5,5.750718817990703E-5,3.165552831038176E-5,3.537588686503354E-5,1.4949876094485143E-4,5.377605896109492E-5,0.002544129966291065,0.05841115426720796,0.030538559653754516,4.378935267775302E-4,7.28211665489691E-5,9.833657279049315E-5,0.04454237340147652,1.0424281091116711E-4,3.339296387581155E-5,1.507780343210903E-4,3.271986565867955E-5,1.473305743802548E-4],[6.675708924857709E-5,1.0,3.5571632198727783E-4,2.312204904379852E-4,1.2164873511255511E-4,0.0010847314035750235,1.7963264289408383E-4,0.012070253521963416,0.0011869043232279838,0.002222493697548621,7.89490646040187E-4,9.072176735841252E-4,0.0032329052303411727,1.3844006516197473E-4,1.1038911140843505E-4,0.010311921708913093,2.321883819579709E-4,5.695788646379091E-4,1.1380157460031136E-4,5.741630661778525E-4,0.0015439847716331905,7.498911566055721E-4,0.008167001180948381,8.008375220521822E-5,4.1154349429583766E-4,1.07498935156028E-4,0.0015390443596038415,0.0040222461441850816,5.147095607690708E-5,1.0542483578819728E-4,5.5933149159470245E-5,9.844710156610709E-5,1.4407774129187467E-4,1.4015006780933146E-4,2.2971908912394903E-4,0.06307379292303741,0.029290012639715163,4.085841281364469E-4,1.1287883728356803E-4,1.4676512514581782E-4,0.0282897322125807,1.4158274226045992E-4,6.674000788611169E-5,1.338609990162661E-4,4.0701533611041654E-5,8.553535357652343E-4],[8.669306510458565E-4,3.5571632198727783E-4,1.0,5.732482546633288E-4,8.601605589602878E-4,0.0015861997405372647,5.455344776338874E-4,0.016211042231414143,0.0010898445284013277,0.001675616941577303,0.0012966388800575246,0.001490768528269206,0.003082064847064093,3.996685203556462E-4,4.6863768251437726E-4,0.011727547110712562,6.872579675386646E-4,0.001722146777259014,1.409214254230131E-4,7.311429747721061E-4,0.0014993983782494958,9.707774801206926E-4,0.007761990608352954,4.0808366749504535E-4,7.038826621172686E-4,7.779814205394822E-4,0.006980420929544766,0.005202207583824255,7.623459736479051E-4,8.074107415798977E-4,9.876571030018896E-4,2.056503652040978E-4,2.814810196479408E-4,6.296305777472914E-4,0.0015278246336778377,0.07079894496533588,0.015562823289204233,6.954325832961646E-4,1.8491452000060188E-4,4.2598411160234967E-4,0.04294063216418517,2.888157509372087E-4,8.132351999745579E-4,3.6075866349178493E-4,5.77303815054684E-4,0.0010546369102111945],[1.0785490717852573E-4,2.312204904379852E-4,5.732482546633288E-4,1.0,2.9646987130500845E-4,0.0014160484603950797,2.3455121227133218E-4,0.031557465232934664,8.429245120765692E-4,0.0037183034144891228,5.451529226933532E-4,0.0012582800242796075,0.0032983179897289653,1.746583329757668E-4,1.8037468873705306E-4,0.05064604862756668,2.587511302019977E-4,7.629864221193325E-4,1.9116399428427205E-4,5.789259749540552E-4,0.0024843391390444694,8.466078187535206E-4,0.005445432402360851,1.5630452178570743E-4,4.0283154995630357E-4,1.9663221907230234E-4,0.0030580635695650078,0.01604415497683589,5.364769004283872E-5,1.838948851782389E-4,1.7851137938498178E-4,2.0945558697296626E-4,1.9561301086474877E-4,2.085988444699603E-4,0.0012275778502400824,0.05317566835990316,0.03938761003750486,2.916523182663499E-4,2.112291680991739E-4,1.896200011864165E-4,0.011042626189631819,2.1407629967097835E-4,1.7742509292215195E-4,1.6243187882141694E-4,1.0852068283088043E-4,0.0010982360303655985],[1.2681563020766563E-4,1.2164873511255511E-4,8.601605589602878E-4,2.9646987130500845E-4,1.0,0.0018083045946625574,3.112943544761311E-4,0.015280599655751211,8.892582997362646E-4,0.0019613130144656627,0.0010187375429786497,0.001549826188374617,0.0029666481195992213,2.2303430799080259E-4,1.4463624149467722E-4,0.007437635782509937,3.951726145379974E-4,0.0026605701608166696,3.252188420553878E-4,5.342827695595435E-4,0.0020107509769548225,7.656936418108215E-4,4.532272485314945E-4,3.3813606391976933E-4,4.702449450043795E-4,2.809329820288843E-4,0.007851804019703939,0.013600343858311423,2.690885159025057E-4,3.594229882769906E-4,1.3179218398810122E-4,1.8961196964352952E-4,3.632881986626059E-4,3.8788898445422904E-4,0.001732897769538299,0.02323075085290574,0.012449147076908158,4.6476555932368016E-4,1.761487379900523E-4,2.2241183553762465E-4,0.032693742319065876,2.5780259526644416E-4,3.243528626144791E-4,2.222950591404961E-4,9.158151188106743E-5,9.333709253046954E-4],[7.69976764419586E-4,0.0010847314035750235,0.0015861997405372647,0.0014160484603950797,0.0018083045946625574,1.0,0.0012001644770366295,0.012060734818356348,0.0014618995955384944,0.0031909066810157,0.0013896157769946924,0.0018996451425157307,0.0031882915463829296,9.015305642916775E-4,0.0017755338581676799,0.04776512125754489,0.0014801457246851973,0.001956165970281417,4.256085171212438E-4,0.0016579802215333404,0.002782428450541394,0.001526362697154558,0.009119539977946692,0.0012664415195480314,0.0013625370518396912,0.0014630805127185578,0.007952111569371251,0.002728572880169294,0.0015095465735227086,4.4157712653933003E-4,0.0012840344948475096,6.71826713245825E-4,0.001841880192501681,0.0014521628873785867,0.003719147107043184,0.048714861873480356,0.01583260634251464,0.001718573076556443,0.001017616853565043,0.0013883221570138592,0.01139193080976735,0.0010285401362858,6.831796987386637E-4,0.0012970844998938305,4.7514412150344694E-4,0.0015919236642235393],[7.385246110112046E-5,1.7963264289408383E-4,5.455344776338874E-4,2.3455121227133218E-4,3.112943544761311E-4,0.0012001644770366295,1.0,0.029749405678520472,9.290868281027941E-4,0.0023466883665645153,2.683474818760846E-4,9.36054056810408E-4,5.529592233473607E-4,1.7132948999621332E-4,1.7015694559836185E-4,0.044952147283671154,2.3802192242667092E-4,0.0030717553034762565,1.3664976586461118E-4,5.954259772682832E-4,8.803226014977343E-4,6.633598368434866E-4,0.004800450979755161,9.816324461958803E-5,3.8863115268181924E-4,1.6869568870227087E-4,0.005869223987836667,0.004407467012969436,4.653971746883175E-5,1.6814503143172752E-4,2.810464256550799E-5,4.2618951532451625E-5,1.6733336958073326E-4,1.8501158700250306E-4,0.0032119456078792586,0.0291308917416355,0.017600490103345915,3.8973902804659494E-4,1.7663693096476782E-4,1.823083852799995E-4,0.02228649841247243,1.7395388644582697E-4,1.6391324334047571E-4,1.647705649420319E-4,1.7030968276972926E-4,7.626966931603008E-4],[0.026931638497095806,0.012070253521963416,0.016211042231414143,0.031557465232934664,0.015280599655751211,0.012060734818356348,0.029749405678520472,1.0,0.013825203426853104,0.022790255796251383,0.02921711282796806,0.004391464889019204,0.024682398374356707,0.019361209416802413,0.02290355015862263,0.047374582504994746,0.0062844072247358026,0.008640416948554105,0.029791638327331428,0.001796473711733932,0.02878772109286369,0.006713733456184213,0.02204248335466295,0.02741206309677382,0.00494024770783685,0.025258857881449864,0.02124490213331355,0.02319565649437022,0.030119031347258206,0.0054766088585450285,0.01741429059674785,0.011741837023181356,0.011320760372419863,0.026695673121357465,0.009267500909812081,0.03608104891072428,0.03801772876938178,0.004283228069845674,3.286124786743837E-4,0.019319840687025944,0.04446307377513663,0.02968754353552044,0.024153197910952395,0.02924723150688301,0.03254327689160991,0.00495991632720705],[0.0011679992792746805,0.0011869043232279838,0.0010898445284013277,8.429245120765692E-4,8.892582997362646E-4,0.0014618995955384944,9.290868281027941E-4,0.013825203426853104,1.0,0.0016421220604680225,0.0013788760272624555,0.0014144370105880837,0.0023337262790851473,6.786956148945595E-4,3.4627347746898115E-4,0.017404331478895623,0.0010093682906390498,0.002574623914164332,6.107780123508069E-4,8.629042456205929E-4,0.0018544914250680719,0.0011936589361554932,0.005991677479234102,8.159766374087671E-5,0.0010239844055141617,7.464405217252357E-4,0.008466623513906877,0.0025737855302249615,4.553727013151735E-4,0.0012456702214682061,8.117791039894195E-4,0.0012225580580732147,6.866523059586185E-4,9.926328975696527E-4,0.0027668348456355144,0.03162582683945966,0.00959626262799436,9.731908943505548E-4,9.952038153124552E-4,2.6705476801673053E-4,0.021549899111659943,2.3115321349347821E-4,3.3335724307647843E-4,3.083490805475539E-4,5.92060838165716E-4,0.0013788766580376786],[0.0030863875261495683,0.002222493697548621,0.001675616941577303,0.0037183034144891228,0.0019613130144656627,0.0031909066810157,0.0023466883665645153,0.022790255796251383,0.0016421220604680225,1.0,0.003522510105171397,0.0029212353607205367,0.0039175328820014,0.0028631162802037827,0.0033997578039904504,0.014050222234311417,0.0011469135331868244,0.0035638764623390873,0.0017090486160202996,0.003355370198042885,0.003336450196266724,0.0032043175658072456,0.009119752497196876,0.0017435263672355291,0.0024984772458197147,9.362810015051885E-4,0.007740717319678185,0.004145344435527252,0.0022345753799724883,0.0014950112525897602,0.002520652735206708,0.002038323335810508,6.73158909582908E-4,0.001413839460176469,0.003869599724989296,0.04877824330691255,0.02071948237294743,6.989599954432929E-4,0.001975891802460953,3.3412402935621276E-4,0.010061357269860866,0.0024632067888424956,0.0028366818691999457,0.0035882030552505106,1.436306257141361E-4,0.003241291703428186],[6.311298072101909E-4,7.89490646040187E-4,0.0012966388800575246,5.451529226933532E-4,0.0010187375429786497,0.0013896157769946924,2.683474818760846E-4,0.02921711282796806,0.0013788760272624555,0.003522510105171397,1.0,0.0025070651275969228,0.0018968139170075274,5.337876417457421E-4,0.001035582958936371,0.013840994052602308,0.0011057812550968433,0.0025163421264215585,4.476492693891587E-4,0.0010799150001260711,0.002854567480356962,0.0010770053163506068,0.003146678554653722,0.001323712854378735,7.452258190362924E-4,3.509425381028159E-4,0.007184662324370099,0.007226165703997204,8.207921670240536E-4,9.720531522106145E-4,7.167239511837775E-4,2.46171945551342E-4,5.403630944134167E-4,8.031676542850603E-4,0.004077113782763363,0.05103244186460322,0.03697433432148577,5.714649263189902E-4,0.0012521748440592429,4.496585942784513E-4,0.02777628709794775,8.992003044696779E-4,9.59676967977279E-4,6.27957919578336E-4,3.038520898241306E-4,0.0013533912587384445],[0.001258283692786161,9.072176735841252E-4,0.001490768528269206,0.0012582800242796075,0.001549826188374617,0.0018996451425157307,9.36054056810408E-4,0.004391464889019204,0.0014144370105880837,0.0029212353607205367,0.0025070651275969228,1.0,0.0037201089886547277,0.0012613653541032799,0.001575506568054803,0.014188883009002756,0.0015403292938982445,0.0031007745521584164,0.00142927639417575,0.002332173619875582,0.002734124975752233,0.002338867596537271,0.005038699550315273,3.4431352636678643E-4,6.930470478816437E-4,0.0016197166370342715,0.009644677275115896,0.011524475473953777,0.001326182678982518,4.5127881989126366E-4,0.0014032904078167465,4.7052070314805263E-4,8.806174548954611E-4,0.0013382076727122974,0.0032103322954129595,0.08152884656121998,0.010527579406460793,0.002520499505456051,0.00133933800412409,5.237249239637375E-4,0.0431219871044103,0.0013215825233568552,0.0016043938167945688,6.137858832032949E-4,1.7066916706064912E-4,0.0015865392575452049],[0.0029591833357293287,0.0032329052303411727,0.003082064847064093,0.0032983179897289653,0.0029666481195992213,0.0031882915463829296,5.529592233473607E-4,0.024682398374356707,0.0023337262790851473,0.0039175328820014,0.0018968139170075274,0.0037201089886547277,1.0,3.8168889888586595E-4,0.0038135713534393186,0.05051277736922083,7.365515821357897E-4,0.0034525191879576584,0.0028456668576398777,8.112127951910807E-4,0.0034628585119497427,0.0038447892730092527,0.008911783135206599,0.0025023113306333346,0.0026988993063813286,0.0011636520684725842,0.006981776934519266,0.01642782385561501,0.001548268412060322,0.0010918361363135868,0.003849733697545726,0.0033485076300550512,5.66036705834108E-4,8.398100273916234E-4,0.004348983166966879,0.03538174011977366,0.01901074820909641,0.0029617709974411556,0.001266840389948932,0.0035313826978357853,0.029360707373842346,0.0022019469435545255,0.0011029391535500215,0.0026922147941369893,0.0036846994565237407,0.0015118316499658855],[7.135295918006269E-5,1.3844006516197473E-4,3.996685203556462E-4,1.746583329757668E-4,2.2303430799080259E-4,9.015305642916775E-4,1.7132948999621332E-4,0.019361209416802413,6.786956148945595E-4,0.0028631162802037827,5.337876417457421E-4,0.0012613653541032799,3.8168889888586595E-4,1.0,1.4293107050510144E-4,0.01698305151103721,2.497851284934384E-4,1.8236223465609275E-4,1.5072756000181247E-4,4.964384276455723E-4,0.0016679658400060174,9.466273043267511E-4,0.008364574526953755,6.03199793134312E-5,3.475815404336165E-4,1.5436966045422203E-4,0.004879698929317388,0.002147899548218355,1.2946167341275583E-4,1.4685743628539753E-4,4.478621861198054E-5,1.550176722387833E-4,1.6052191768525198E-4,1.6677167883222626E-4,0.004230844827884027,0.05770969720428097,0.006379169220899631,2.3785069318622588E-4,1.353863568593444E-4,1.6757603396942166E-4,0.043500530064183605,1.5570396186858173E-4,4.1500374527692834E-5,1.5863114414233623E-4,1.5068787562806942E-4,8.483292118665607E-4],[1.0560785575956806E-4,1.1038911140843505E-4,4.6863768251437726E-4,1.8037468873705306E-4,1.4463624149467722E-4,0.0017755338581676799,1.7015694559836185E-4,0.02290355015862263,3.4627347746898115E-4,0.0033997578039904504,0.001035582958936371,0.001575506568054803,0.0038135713534393186,1.4293107050510144E-4,1.0,0.0045531752445596785,1.783984185782557E-4,9.46238079114083E-4,1.2966488564415153E-4,4.8590662827243026E-4,0.0016086250284913638,2.4503857919467025E-4,0.0075201857424644514,9.033333523010095E-5,2.2526915795848413E-4,1.1410129340747269E-4,0.0035253057450092395,0.014778717512272539,5.407675633636022E-5,1.1826481310103311E-4,8.268294229839131E-5,1.0838088501608376E-4,1.43056556023838E-4,1.33372004425723E-4,0.003533840643891673,0.020274182105260125,0.028503042450378827,3.3322541701434865E-4,1.2637667518284706E-4,1.368104656780497E-4,0.03991989385019154,1.416329508746463E-4,7.085610121325563E-5,1.397228214718514E-4,6.261482608160235E-5,0.0010828018831484337],[0.03870917990787704,0.010311921708913093,0.011727547110712562,0.05064604862756668,0.007437635782509937,0.04776512125754489,0.044952147283671154,0.047374582504994746,0.017404331478895623,0.014050222234311417,0.013840994052602308,0.014188883009002756,0.05051277736922083,0.01698305151103721,0.0045531752445596785,1.0,0.03016175748141457,0.03602221933097343,0.004858732716803386,0.04149960639135821,0.03231713437689579,0.01481948341422441,0.03838116406164779,0.04997009317621069,0.02683009439314519,0.019658662299643203,0.033145356326940094,0.021783071857209478,0.008290505403389945,0.031886849012341935,0.041437800672902016,0.02901502707921302,0.03840020025453873,0.026797112197050714,0.01242194388736867,0.06305437985713205,0.04947393941996144,0.04813314622142796,0.028918526238645884,0.0276382485991901,0.04627145995351687,0.026508760064866136,0.025820068845995445,0.039588637034874995,0.01769747144157795,0.04981555469585046],[2.44159251462807E-4,2.321883819579709E-4,6.872579675386646E-4,2.587511302019977E-4,3.951726145379974E-4,0.0014801457246851973,2.3802192242667092E-4,0.0062844072247358026,0.0010093682906390498,0.0011469135331868244,0.0011057812550968433,0.0015403292938982445,7.365515821357897E-4,2.497851284934384E-4,1.783984185782557E-4,0.03016175748141457,1.0,8.051375705775514E-4,2.1239651010359638E-4,3.2913898673568213E-4,0.002244296860400065,7.49172061421204E-4,0.0012313440263425923,1.0910374190619475E-4,4.4923570553931423E-4,1.5303387029123644E-4,0.00573223171597389,0.004618152139455432,2.0161539518505288E-4,2.0106335662783956E-4,5.6416273223577806E-5,3.9717681366213145E-5,2.7451365511959127E-4,2.1189333883635944E-4,0.0024380331956258025,0.05259864242553491,0.038952059204165584,4.0199483426113546E-4,2.206468051189025E-4,2.323636069212417E-4,0.015473910635756611,1.8936838628241744E-4,8.943602493987211E-5,2.223183427224833E-4,2.2947412667757643E-4,7.527004927239539E-4],[0.002552427262868899,5.695788646379091E-4,0.001722146777259014,7.629864221193325E-4,0.0026605701608166696,0.001956165970281417,0.0030717553034762565,0.008640416948554105,0.002574623914164332,0.0035638764623390873,0.0025163421264215585,0.0031007745521584164,0.0034525191879576584,1.8236223465609275E-4,9.46238079114083E-4,0.03602221933097343,8.051375705775514E-4,1.0,0.0013740417021949904,0.002362273418739001,0.002948090232577291,0.003107414373865303,0.0038441267618118755,6.707923937249944E-4,0.0022180428873872097,0.001351596230114141,0.004737384800462752,0.014686512056288872,0.0033805832036421625,2.1974898542309157E-4,4.4787534742877306E-4,0.002935425879207225,0.0023735689289953324,0.00202882975875383,0.004283770799331099,0.003680873918565409,0.028809981837847852,0.0032839148915384804,0.0032873933062950384,8.036110193675013E-4,0.00980413158947249,3.424872456925668E-4,0.0028526028128341594,7.730015730249163E-4,5.022421199163369E-4,0.0033390154956375612],[6.18755576578075E-5,1.1380157460031136E-4,1.409214254230131E-4,1.9116399428427205E-4,3.252188420553878E-4,4.256085171212438E-4,1.3664976586461118E-4,0.029791638327331428,6.107780123508069E-4,0.0017090486160202996,4.476492693891587E-4,0.00142927639417575,0.0028456668576398777,1.5072756000181247E-4,1.2966488564415153E-4,0.004858732716803386,2.1239651010359638E-4,0.0013740417021949904,1.0,5.207854643361631E-4,0.0013851225295288714,5.695148726252817E-4,0.008629811513006647,1.2353279705459315E-4,3.4284727673661156E-4,1.1496530901582494E-4,0.00617972709957721,0.003726725588324134,2.9624945985071198E-5,1.2997616168939537E-4,1.0223548812857735E-4,5.62255842594871E-5,1.5458917563564557E-4,1.3422259534953172E-4,0.0018646041802734407,0.023100596966593213,0.009210071558706153,5.079799371486517E-4,1.3109527634384604E-4,1.6863192453280004E-4,0.012157181686785656,1.358108903334031E-4,6.09822103423039E-5,1.5426877038677943E-4,7.314417917325374E-5,2.602644556793059E-4],[5.59729495127196E-4,5.741630661778525E-4,7.311429747721061E-4,5.789259749540552E-4,5.342827695595435E-4,0.0016579802215333404,5.954259772682832E-4,0.001796473711733932,8.629042456205929E-4,0.003355370198042885,0.0010799150001260711,0.002332173619875582,8.112127951910807E-4,4.964384276455723E-4,4.8590662827243026E-4,0.04149960639135821,3.2913898673568213E-4,0.002362273418739001,5.207854643361631E-4,1.0,0.0019328264469752918,6.527359511766197E-4,0.008308561735807598,3.748511590796515E-4,5.312573332764731E-4,3.039936481492885E-4,0.0024741199922618563,0.00990629240177981,3.3292047359617075E-4,2.57166899713696E-4,3.9350110613254474E-4,5.332948640699226E-4,4.6845503189295074E-4,4.915844242373959E-4,0.002070472863181583,0.08049754133956612,0.010762163131988365,5.528071039509035E-4,4.6930625073775517E-4,5.908473032749839E-4,0.032475232348129955,2.46754202557769E-4,5.458559958349128E-4,5.013593431681369E-4,3.663572052154386E-4,8.607712875107736E-4],[1.0695920618003752E-4,0.0015439847716331905,0.0014993983782494958,0.0024843391390444694,0.0020107509769548225,0.002782428450541394,8.803226014977343E-4,0.02878772109286369,0.0018544914250680719,0.003336450196266724,0.002854567480356962,0.002734124975752233,0.0034628585119497427,0.0016679658400060174,0.0016086250284913638,0.03231713437689579,0.002244296860400065,0.002948090232577291,0.0013851225295288714,0.0019328264469752918,1.0,0.00246261462639705,0.006168383122906072,0.0025260822742355755,0.0021370685912625643,0.0018817818022477404,0.009977380378512283,0.014340715338354952,0.0026431519947014486,0.0018853718363243588,5.6752765284656E-4,0.002748405653305802,0.0010582115399790542,0.0010957717816814836,0.003517562885433517,0.022210633073386235,0.018732203433133164,0.0013276263126180022,0.0027108988311473885,0.0016451463784066301,0.02313967248677691,0.0020908328702736877,0.0017480787359409374,0.002523519916812997,0.002332372802105711,0.0026971548251835398],[7.662049924443027E-4,7.498911566055721E-4,9.707774801206926E-4,8.466078187535206E-4,7.656936418108215E-4,0.001526362697154558,6.633598368434866E-4,0.006713733456184213,0.0011936589361554932,0.0032043175658072456,0.0010770053163506068,0.002338867596537271,0.0038447892730092527,9.466273043267511E-4,2.4503857919467025E-4,0.01481948341422441,7.49172061421204E-4,0.003107414373865303,5.695148726252817E-4,6.527359511766197E-4,0.00246261462639705,1.0,0.0052670387471612885,7.51359915356036E-4,5.302307194526909E-4,9.347225087275878E-4,0.009007639197898452,0.004936034225925312,8.325023654227491E-4,4.7059290562455905E-4,4.590679805669953E-4,3.365603344049212E-4,7.549595561986539E-4,7.461343694100963E-4,0.004050971055635677,0.03310536187126803,0.020261082305070056,7.57781101393419E-4,6.234765852169619E-4,2.4479018518438757E-4,0.033996410231960206,6.515428471018355E-4,4.6787041539468507E-4,2.989322195374194E-4,2.8934542644979387E-4,0.0011458300968383577],[0.008134893900873465,0.008167001180948381,0.007761990608352954,0.005445432402360851,4.532272485314945E-4,0.009119539977946692,0.004800450979755161,0.02204248335466295,0.005991677479234102,0.009119752497196876,0.003146678554653722,0.005038699550315273,0.008911783135206599,0.008364574526953755,0.0075201857424644514,0.03838116406164779,0.0012313440263425923,0.0038441267618118755,0.008629811513006647,0.008308561735807598,0.006168383122906072,0.0052670387471612885,1.0,0.001281475037712554,0.009499013459823027,0.002538435834392136,0.01005418575506503,0.015559812158658379,0.00282012687261841,0.003549554206289948,0.009930182033230067,0.009292228034888305,0.006639471025504277,0.006541786481001632,0.009764214185925262,0.04850265144573191,0.016896684712132563,0.00636565727391818,0.003958500294188712,0.0036553502615135876,0.03380979496725284,0.00932419712842054,0.008197088184312916,0.004474447496674772,0.0076849782431073,0.005830970760721011],[4.5330771430429364E-5,8.008375220521822E-5,4.0808366749504535E-4,1.5630452178570743E-4,3.3813606391976933E-4,0.0012664415195480314,9.816324461958803E-5,0.02741206309677382,8.159766374087671E-5,0.0017435263672355291,0.001323712854378735,3.4431352636678643E-4,0.0025023113306333346,6.03199793134312E-5,9.033333523010095E-5,0.04997009317621069,1.0910374190619475E-4,6.707923937249944E-4,1.2353279705459315E-4,3.748511590796515E-4,0.0025260822742355755,7.51359915356036E-4,0.001281475037712554,1.0,6.033749851884436E-5,8.773526328735924E-5,0.004278841713359246,0.004609824281875687,3.125216460158634E-5,9.828560110128074E-5,3.406967853152366E-5,4.0452167447585804E-5,1.4633416062130459E-4,1.9681657435552982E-4,0.0023290448051951377,0.030634419293093837,0.015316599359169004,2.970897574909022E-4,1.2793253589513137E-4,6.680282571926869E-5,0.034328299434533624,1.0724127417992342E-4,4.20130265452656E-5,6.629744601549982E-5,3.2130141755734354E-5,0.0012357547127765304],[2.513472640827681E-4,4.1154349429583766E-4,7.038826621172686E-4,4.0283154995630357E-4,4.702449450043795E-4,0.0013625370518396912,3.8863115268181924E-4,0.00494024770783685,0.0010239844055141617,0.0024984772458197147,7.452258190362924E-4,6.930470478816437E-4,0.0026988993063813286,3.475815404336165E-4,2.2526915795848413E-4,0.02683009439314519,4.4923570553931423E-4,0.0022180428873872097,3.4284727673661156E-4,5.312573332764731E-4,0.0021370685912625643,5.302307194526909E-4,0.009499013459823027,6.033749851884436E-5,1.0,2.680831855262114E-4,0.0020116323714073226,0.011131341413291553,3.926856430304783E-4,4.2339235964488503E-4,1.0001071953412705E-4,1.3058708951250238E-4,3.281534724686995E-4,4.389174128768198E-4,0.0025500161012602745,0.02343487974519147,0.04053922394172507,5.015343085971668E-4,1.586690633677697E-4,4.848035649606563E-4,0.011873606267631205,4.1158251433394904E-4,6.594975120014486E-5,2.75798440805706E-4,6.9240141146291E-5,8.321643908471381E-4],[8.535399067369039E-5,1.07498935156028E-4,7.779814205394822E-4,1.9663221907230234E-4,2.809329820288843E-4,0.0014630805127185578,1.6869568870227087E-4,0.025258857881449864,7.464405217252357E-4,9.362810015051885E-4,3.509425381028159E-4,0.0016197166370342715,0.0011636520684725842,1.5436966045422203E-4,1.1410129340747269E-4,0.019658662299643203,1.5303387029123644E-4,0.001351596230114141,1.1496530901582494E-4,3.039936481492885E-4,0.0018817818022477404,9.347225087275878E-4,0.002538435834392136,8.773526328735924E-5,2.680831855262114E-4,1.0,0.008851068720764944,0.007185493644197017,5.957534550217502E-5,1.0815812302147364E-4,5.4477071180441404E-5,1.0528384525438649E-4,1.643193696977709E-4,2.0517848365730855E-4,0.0024962338233047963,0.031181165711369363,0.022070520867681527,2.012567082948758E-4,1.1553664135302471E-4,1.7339761240328598E-4,0.020093847378936484,1.2653431354828099E-4,8.491263191820772E-5,1.2363009753322456E-4,5.4515540957231676E-5,4.220072179481586E-4],[0.004056951113386864,0.0015390443596038415,0.006980420929544766,0.0030580635695650078,0.007851804019703939,0.007952111569371251,0.005869223987836667,0.02124490213331355,0.008466623513906877,0.007740717319678185,0.007184662324370099,0.009644677275115896,0.006981776934519266,0.004879698929317388,0.0035253057450092395,0.033145356326940094,0.00573223171597389,0.004737384800462752,0.00617972709957721,0.0024741199922618563,0.009977380378512283,0.009007639197898452,0.01005418575506503,0.004278841713359246,0.0020116323714073226,0.008851068720764944,1.0,0.013834044966997501,0.005754316367558462,0.009880638610851719,0.001857244198349936,8.890812227344815E-4,0.00342208298779783,0.009791316182459276,0.005109046958480645,0.04580219330254653,0.030089304612029785,0.0025731994554415863,0.0029714056309867376,0.00823368121803795,0.018651891755859712,9.809737026069934E-4,0.006340181448297934,0.007997261258936312,2.1431932992705484E-4,0.01006464213723236],[0.014029827388296223,0.0040222461441850816,0.005202207583824255,0.01604415497683589,0.013600343858311423,0.002728572880169294,0.004407467012969436,0.02319565649437022,0.0025737855302249615,0.004145344435527252,0.007226165703997204,0.011524475473953777,0.01642782385561501,0.002147899548218355,0.014778717512272539,0.021783071857209478,0.004618152139455432,0.014686512056288872,0.003726725588324134,0.00990629240177981,0.014340715338354952,0.004936034225925312,0.015559812158658379,0.004609824281875687,0.011131341413291553,0.007185493644197017,0.013834044966997501,1.0,0.006742426167409917,0.010613834247560985,0.004983967771308684,0.01396298463702514,0.010567205687173916,0.010814376702920741,0.010752412573352533,0.07687736420058897,0.04181719667245853,0.008631011229842708,0.003456223569530505,0.015399000178560775,0.03866953889446301,3.953474483346615E-4,0.015553549834913225,0.012162679969908035,0.0024586354260856566,0.009302322477610475],[3.0367493157738136E-5,5.147095607690708E-5,7.623459736479051E-4,5.364769004283872E-5,2.690885159025057E-4,0.0015095465735227086,4.653971746883175E-5,0.030119031347258206,4.553727013151735E-4,0.0022345753799724883,8.207921670240536E-4,0.001326182678982518,0.001548268412060322,1.2946167341275583E-4,5.407675633636022E-5,0.008290505403389945,2.0161539518505288E-4,0.0033805832036421625,2.9624945985071198E-5,3.3292047359617075E-4,0.0026431519947014486,8.325023654227491E-4,0.00282012687261841,3.125216460158634E-5,3.926856430304783E-4,5.957534550217502E-5,0.005754316367558462,0.006742426167409917,1.0,3.2476058776792155E-5,2.1719388689334902E-5,3.587209239336814E-5,1.0991882047812832E-4,1.3984876398836078E-4,0.003576765138291591,0.04358315483139469,0.03641369601254951,4.1609956477929805E-4,1.0919649759313333E-4,1.1655246071479888E-4,0.0012844855171816147,1.2928063322647563E-4,2.8687520175444427E-5,1.4913426831705703E-4,2.8566060299444078E-5,0.0012873277405450402],[5.750718817990703E-5,1.0542483578819728E-4,8.074107415798977E-4,1.838948851782389E-4,3.594229882769906E-4,4.4157712653933003E-4,1.6814503143172752E-4,0.0054766088585450285,0.0012456702214682061,0.0014950112525897602,9.720531522106145E-4,4.5127881989126366E-4,0.0010918361363135868,1.4685743628539753E-4,1.1826481310103311E-4,0.031886849012341935,2.0106335662783956E-4,2.1974898542309157E-4,1.2997616168939537E-4,2.57166899713696E-4,0.0018853718363243588,4.7059290562455905E-4,0.003549554206289948,9.828560110128074E-5,4.2339235964488503E-4,1.0815812302147364E-4,0.009880638610851719,0.010613834247560985,3.2476058776792155E-5,1.0,6.994500040112363E-5,9.177363350514243E-5,1.1174451327652325E-4,2.0694051649728236E-4,0.0028148722851056227,0.07912148561445781,0.0019792267387938834,1.2675897771641644E-4,1.2042276899409325E-4,1.6999339108710675E-4,0.009050885910238754,1.0769937643281797E-4,4.126239951154967E-5,1.5315905897610537E-4,7.953390229835964E-5,6.815818521504382E-4],[3.165552831038176E-5,5.5933149159470245E-5,9.876571030018896E-4,1.7851137938498178E-4,1.3179218398810122E-4,0.0012840344948475096,2.810464256550799E-5,0.01741429059674785,8.117791039894195E-4,0.002520652735206708,7.167239511837775E-4,0.0014032904078167465,0.003849733697545726,4.478621861198054E-5,8.268294229839131E-5,0.041437800672902016,5.6416273223577806E-5,4.4787534742877306E-4,1.0223548812857735E-4,3.9350110613254474E-4,5.6752765284656E-4,4.590679805669953E-4,0.009930182033230067,3.406967853152366E-5,1.0001071953412705E-4,5.4477071180441404E-5,0.001857244198349936,0.004983967771308684,2.1719388689334902E-5,6.994500040112363E-5,1.0,3.520652157199635E-5,6.384979065730764E-5,6.64040513406253E-5,0.003313669022618145,0.03273915976478363,0.03285306257192878,4.4452385321243457E-4,7.007073601579779E-5,1.6382832790488112E-4,0.0015955540353771482,1.2729208775897824E-4,2.3809344794034532E-5,9.198338860738468E-5,2.2385909626265224E-5,6.377972621714475E-4],[3.537588686503354E-5,9.844710156610709E-5,2.056503652040978E-4,2.0945558697296626E-4,1.8961196964352952E-4,6.71826713245825E-4,4.2618951532451625E-5,0.011741837023181356,0.0012225580580732147,0.002038323335810508,2.46171945551342E-4,4.7052070314805263E-4,0.0033485076300550512,1.550176722387833E-4,1.0838088501608376E-4,0.02901502707921302,3.9717681366213145E-5,0.002935425879207225,5.62255842594871E-5,5.332948640699226E-4,0.002748405653305802,3.365603344049212E-4,0.009292228034888305,4.0452167447585804E-5,1.3058708951250238E-4,1.0528384525438649E-4,8.890812227344815E-4,0.01396298463702514,3.587209239336814E-5,9.177363350514243E-5,3.520652157199635E-5,1.0,1.5750765546901347E-4,3.906380650831352E-5,0.004007052017129477,0.07650922886325351,0.021667238604617698,1.8004549891608647E-4,4.291979209266675E-5,6.265129556488811E-5,0.005325391105233687,1.2692786522007174E-4,3.294114345958344E-5,8.440047077821157E-5,3.122592307662877E-5,0.0011007057732905835],[1.4949876094485143E-4,1.4407774129187467E-4,2.814810196479408E-4,1.9561301086474877E-4,3.632881986626059E-4,0.001841880192501681,1.6733336958073326E-4,0.011320760372419863,6.866523059586185E-4,6.73158909582908E-4,5.403630944134167E-4,8.806174548954611E-4,5.66036705834108E-4,1.6052191768525198E-4,1.43056556023838E-4,0.03840020025453873,2.7451365511959127E-4,0.0023735689289953324,1.5458917563564557E-4,4.6845503189295074E-4,0.0010582115399790542,7.549595561986539E-4,0.006639471025504277,1.4633416062130459E-4,3.281534724686995E-4,1.643193696977709E-4,0.00342208298779783,0.010567205687173916,1.0991882047812832E-4,1.1174451327652325E-4,6.384979065730764E-5,1.5750765546901347E-4,1.0,1.7081800312972954E-4,0.003634724938847624,0.07559126501034759,0.004943377407925159,2.705253393125228E-4,1.361997117255465E-4,1.799510562461193E-4,0.04278951356595125,1.5885627809135845E-4,9.797368686159219E-5,1.6356530580466925E-4,1.5434540057388476E-4,4.475567382628367E-4],[5.377605896109492E-5,1.4015006780933146E-4,6.296305777472914E-4,2.085988444699603E-4,3.8788898445422904E-4,0.0014521628873785867,1.8501158700250306E-4,0.026695673121357465,9.926328975696527E-4,0.001413839460176469,8.031676542850603E-4,0.0013382076727122974,8.398100273916234E-4,1.6677167883222626E-4,1.33372004425723E-4,0.026797112197050714,2.1189333883635944E-4,0.00202882975875383,1.3422259534953172E-4,4.915844242373959E-4,0.0010957717816814836,7.461343694100963E-4,0.006541786481001632,1.9681657435552982E-4,4.389174128768198E-4,2.0517848365730855E-4,0.009791316182459276,0.010814376702920741,1.3984876398836078E-4,2.0694051649728236E-4,6.64040513406253E-5,3.906380650831352E-5,1.7081800312972954E-4,1.0,0.0035766131606677293,0.019324109224841585,0.019769798153562296,2.2246668076472697E-4,2.0495370398115046E-4,1.99375659870255E-4,9.798959869229676E-4,1.691882105362228E-4,1.7795657682099098E-4,1.846723287031183E-4,9.423356520367709E-5,5.057965931300947E-4],[0.002544129966291065,2.2971908912394903E-4,0.0015278246336778377,0.0012275778502400824,0.001732897769538299,0.003719147107043184,0.0032119456078792586,0.009267500909812081,0.0027668348456355144,0.003869599724989296,0.004077113782763363,0.0032103322954129595,0.004348983166966879,0.004230844827884027,0.003533840643891673,0.01242194388736867,0.0024380331956258025,0.004283770799331099,0.0018646041802734407,0.002070472863181583,0.003517562885433517,0.004050971055635677,0.009764214185925262,0.0023290448051951377,0.0025500161012602745,0.0024962338233047963,0.005109046958480645,0.010752412573352533,0.003576765138291591,0.0028148722851056227,0.003313669022618145,0.004007052017129477,0.003634724938847624,0.0035766131606677293,1.0,0.033508286076960124,0.03702651892682338,9.511006117638093E-4,0.0012677925992127246,4.994121498664389E-4,0.017730490614391126,0.0026493373702430115,0.0019429165086956245,0.0029147231279027476,0.0013463233769653584,0.003525953461686851],[0.05841115426720796,0.06307379292303741,0.07079894496533588,0.05317566835990316,0.02323075085290574,0.048714861873480356,0.0291308917416355,0.03608104891072428,0.03162582683945966,0.04877824330691255,0.05103244186460322,0.08152884656121998,0.03538174011977366,0.05770969720428097,0.020274182105260125,0.06305437985713205,0.05259864242553491,0.003680873918565409,0.023100596966593213,0.08049754133956612,0.022210633073386235,0.03310536187126803,0.04850265144573191,0.030634419293093837,0.02343487974519147,0.031181165711369363,0.04580219330254653,0.07687736420058897,0.04358315483139469,0.07912148561445781,0.03273915976478363,0.07650922886325351,0.07559126501034759,0.019324109224841585,0.033508286076960124,1.0,0.08216265037677908,0.015070777048884557,0.08119342364557344,0.04818971481903711,0.08155696934625956,0.0010425658611359033,0.02711089820417174,0.06501317142033056,0.007347455412430791,0.01131221195774494],[0.030538559653754516,0.029290012639715163,0.015562823289204233,0.03938761003750486,0.012449147076908158,0.01583260634251464,0.017600490103345915,0.03801772876938178,0.00959626262799436,0.02071948237294743,0.03697433432148577,0.010527579406460793,0.01901074820909641,0.006379169220899631,0.028503042450378827,0.04947393941996144,0.038952059204165584,0.028809981837847852,0.009210071558706153,0.010762163131988365,0.018732203433133164,0.020261082305070056,0.016896684712132563,0.015316599359169004,0.04053922394172507,0.022070520867681527,0.030089304612029785,0.04181719667245853,0.03641369601254951,0.0019792267387938834,0.03285306257192878,0.021667238604617698,0.004943377407925159,0.019769798153562296,0.03702651892682338,0.08216265037677908,1.0,0.045241784048719154,0.03616636772391915,0.020540361558850955,0.045454545454545456,0.029501980583363646,0.023548980105525745,0.025229946097959147,0.020704758777152946,0.021278710170612152],[4.378935267775302E-4,4.085841281364469E-4,6.954325832961646E-4,2.916523182663499E-4,4.6476555932368016E-4,0.001718573076556443,3.8973902804659494E-4,0.004283228069845674,9.731908943505548E-4,6.989599954432929E-4,5.714649263189902E-4,0.002520499505456051,0.0029617709974411556,2.3785069318622588E-4,3.3322541701434865E-4,0.04813314622142796,4.0199483426113546E-4,0.0032839148915384804,5.079799371486517E-4,5.528071039509035E-4,0.0013276263126180022,7.57781101393419E-4,0.00636565727391818,2.970897574909022E-4,5.015343085971668E-4,2.012567082948758E-4,0.0025731994554415863,0.008631011229842708,4.1609956477929805E-4,1.2675897771641644E-4,4.4452385321243457E-4,1.8004549891608647E-4,2.705253393125228E-4,2.2246668076472697E-4,9.511006117638093E-4,0.015070777048884557,0.045241784048719154,1.0,4.547115237720462E-4,3.070590285130596E-4,0.006435051021311731,5.077169986601423E-4,4.57386294475834E-4,1.7859888181083589E-4,1.9140505204950407E-4,9.290361877392164E-4],[7.28211665489691E-5,1.1287883728356803E-4,1.8491452000060188E-4,2.112291680991739E-4,1.761487379900523E-4,0.001017616853565043,1.7663693096476782E-4,3.286124786743837E-4,9.952038153124552E-4,0.001975891802460953,0.0012521748440592429,0.00133933800412409,0.001266840389948932,1.353863568593444E-4,1.2637667518284706E-4,0.028918526238645884,2.206468051189025E-4,0.0032873933062950384,1.3109527634384604E-4,4.6930625073775517E-4,0.0027108988311473885,6.234765852169619E-4,0.003958500294188712,1.2793253589513137E-4,1.586690633677697E-4,1.1553664135302471E-4,0.0029714056309867376,0.003456223569530505,1.0919649759313333E-4,1.2042276899409325E-4,7.007073601579779E-5,4.291979209266675E-5,1.361997117255465E-4,2.0495370398115046E-4,0.0012677925992127246,0.08119342364557344,0.03616636772391915,4.547115237720462E-4,1.0,1.4271013575021757E-4,0.01750287973143205,1.456248838507582E-4,5.047130357179208E-5,1.4365341602210513E-4,6.728990406245704E-5,0.001079024231500532],[9.833657279049315E-5,1.4676512514581782E-4,4.2598411160234967E-4,1.896200011864165E-4,2.2241183553762465E-4,0.0013883221570138592,1.823083852799995E-4,0.019319840687025944,2.6705476801673053E-4,3.3412402935621276E-4,4.496585942784513E-4,5.237249239637375E-4,0.0035313826978357853,1.6757603396942166E-4,1.368104656780497E-4,0.0276382485991901,2.323636069212417E-4,8.036110193675013E-4,1.6863192453280004E-4,5.908473032749839E-4,0.0016451463784066301,2.4479018518438757E-4,0.0036553502615135876,6.680282571926869E-5,4.848035649606563E-4,1.7339761240328598E-4,0.00823368121803795,0.015399000178560775,1.1655246071479888E-4,1.6999339108710675E-4,1.6382832790488112E-4,6.265129556488811E-5,1.799510562461193E-4,1.99375659870255E-4,4.994121498664389E-4,0.04818971481903711,0.020540361558850955,3.070590285130596E-4,1.4271013575021757E-4,1.0,0.023281783440616374,1.6781487840612647E-4,1.6590822407875152E-4,1.5610237074422132E-4,1.7804934265941295E-4,3.948205094092952E-4],[0.04454237340147652,0.0282897322125807,0.04294063216418517,0.011042626189631819,0.032693742319065876,0.01139193080976735,0.02228649841247243,0.04446307377513663,0.021549899111659943,0.010061357269860866,0.02777628709794775,0.0431219871044103,0.029360707373842346,0.043500530064183605,0.03991989385019154,0.04627145995351687,0.015473910635756611,0.00980413158947249,0.012157181686785656,0.032475232348129955,0.02313967248677691,0.033996410231960206,0.03380979496725284,0.034328299434533624,0.011873606267631205,0.020093847378936484,0.018651891755859712,0.03866953889446301,0.0012844855171816147,0.009050885910238754,0.0015955540353771482,0.005325391105233687,0.04278951356595125,9.798959869229676E-4,0.017730490614391126,0.08155696934625956,0.045454545454545456,0.006435051021311731,0.01750287973143205,0.023281783440616374,1.0,0.00130887155127482,0.037538638486214145,0.044344169772017314,0.04202766442621415,0.0448993495332704],[1.0424281091116711E-4,1.4158274226045992E-4,2.888157509372087E-4,2.1407629967097835E-4,2.5780259526644416E-4,0.0010285401362858,1.7395388644582697E-4,0.02968754353552044,2.3115321349347821E-4,0.0024632067888424956,8.992003044696779E-4,0.0013215825233568552,0.0022019469435545255,1.5570396186858173E-4,1.416329508746463E-4,0.026508760064866136,1.8936838628241744E-4,3.424872456925668E-4,1.358108903334031E-4,2.46754202557769E-4,0.0020908328702736877,6.515428471018355E-4,0.00932419712842054,1.0724127417992342E-4,4.1158251433394904E-4,1.2653431354828099E-4,9.809737026069934E-4,3.953474483346615E-4,1.2928063322647563E-4,1.0769937643281797E-4,1.272920877