[[1.0,0.0015598400580347817,0.003203828186812891,4.124832122478044E-4,1.2931685062064505E-4,3.0486332023531705E-4,0.060198059169401054,0.0012074154275020605,0.0018979698619056814,0.0016836198288096762,0.008363668964553156,7.196282700678519E-4,2.1362192809974657E-4,0.019395534146378148,0.01634808741289721,0.002574360831666683,3.7702168795143855E-4,9.022464361910433E-4,2.8595000160664037E-4,0.0012777566002079943,0.0018960644295222579,4.278230271523891E-4,0.0010520167703388986,4.848222858374711E-4,0.011454661123566875,0.002053184487785415,4.928360262380015E-4,0.0010100566543827425,0.0022873284242489727,3.99506670474144E-4,9.774440275497913E-4,1.6042047296757828E-4,0.01025228910885152,0.0031903884442216683,0.0021140076518197004,4.698031670146719E-4,3.0942364526829916E-4,0.0015000418891211967,7.650613762311253E-4,0.0016660285477644848,3.0795226085287094E-4,0.08234192777301517],[0.0015598400580347817,1.0,0.0010077093235814362,1.12976432473885E-4,9.190794272591578E-5,1.0850223922362318E-4,0.050255563894070765,1.3008288050166014E-4,6.89119144718844E-5,1.4407577235145896E-4,0.016929988795020185,8.004363296676012E-5,1.3762064378693156E-4,0.01894759142536492,0.032366820588532505,0.0025917213974438074,1.2472103473038057E-4,3.081795808836966E-4,1.2543833903453714E-4,2.0867878685947293E-4,1.490312580151187E-4,1.3193342933815532E-4,1.165115111246998E-4,1.3284765683753302E-4,0.014971979010740436,1.4865884143274358E-4,1.8626666150027148E-4,1.5604291547171382E-4,5.990178171523295E-4,2.3521758738186217E-4,1.2462711472899894E-4,1.4110966165405283E-4,0.014978591803094925,0.0028061818386949664,8.234616155358982E-5,1.7837957859214484E-4,1.3191188329071668E-4,1.3325559821163337E-4,3.8734749003848404E-4,2.1252000352861355E-4,1.3023536266218902E-4,0.01565615654293672],[0.003203828186812891,0.0010077093235814362,1.0,0.001994344257953285,1.3648655721495905E-4,0.0036054329162474898,0.05836888362411029,0.0016897662243659725,0.001450125917575178,0.0033036026600717834,0.010896987384004806,1.2405590173618779E-4,0.004355113086012039,0.00671245451679655,0.03390584212161049,0.004037191831029234,0.0031451180542175407,0.0021779335598188392,0.00383982116580353,0.0017356467362699866,0.0037514342989222564,1.3218920207518686E-4,0.004338228897698119,0.001014762747807206,0.006182491736181108,0.004497069091349023,0.0028630927581111236,0.004431657651682301,0.0025617951606070337,7.098164289930087E-4,0.0031873754961528424,0.0034502348873859615,0.014694240949180877,0.004046838247305244,0.004437393304973098,3.337276490755627E-4,0.003328172153059721,0.001037287799959515,0.0036988140138551596,0.0029037642217341923,0.0017899994091818475,0.009932029410747712],[4.124832122478044E-4,1.12976432473885E-4,0.001994344257953285,1.0,2.5765286488014093E-5,3.1141135051275805E-5,0.02550489105314453,9.529607350626297E-5,2.7490998443142802E-5,1.1210431227558222E-4,0.014733646314647155,2.7125554339891622E-5,6.820562890319463E-5,0.027924855694931146,0.020309003281229813,9.325370653821531E-5,2.523261101000956E-5,6.848282451847152E-5,1.801667096248376E-5,1.6206025777795795E-4,1.57185730002324E-4,1.0450817170293031E-4,1.8158547490213407E-5,8.51342595860038E-5,0.02754356724562849,9.299004325631937E-5,1.4026798596047753E-4,2.1108148812667396E-4,1.5899177217793876E-4,2.4260311448628756E-4,1.0823141909056191E-5,1.2397405431960616E-4,0.006548394719546842,7.831975162035572E-4,2.6824280914487638E-5,9.02857162407601E-5,3.2076408507386395E-5,2.6385584281918447E-5,4.137028282643463E-4,0.0012276582080336385,3.833684691015386E-5,0.07847202787772528],[1.2931685062064505E-4,9.190794272591578E-5,1.3648655721495905E-4,2.5765286488014093E-5,1.0,8.863506085862637E-5,0.003023875994360461,3.435934264342123E-5,2.608042222333448E-5,1.4936644474140276E-4,0.011676928098545139,2.7482698780654057E-5,1.3116027134885136E-4,0.03006695885581058,0.0015809245138435574,0.0011019513114607518,1.5872021785485904E-5,4.7524690822125064E-5,2.041790288868788E-5,7.450726660345662E-5,1.1479135215442756E-4,8.30552052343948E-5,2.3508290847908196E-5,5.469096724996005E-5,0.02981904556794876,1.1038465462477495E-4,1.3470517205770813E-4,5.422597372247127E-5,3.3307426272875156E-4,1.1539147690635014E-4,1.3828174598508706E-5,1.353916066520993E-4,0.006785158130866528,9.081910259248512E-4,2.661890586289544E-5,4.155643481759149E-5,8.580248791228001E-5,2.5023220188494795E-5,3.1097626312457267E-4,5.09461419609441E-4,5.533424885138821E-5,0.055672847993130756],[3.0486332023531705E-4,1.0850223922362318E-4,0.0036054329162474898,3.1141135051275805E-5,8.863506085862637E-5,1.0,0.039447327012742575,9.794365162077358E-5,4.9411166507048E-5,1.1478657362481403E-4,0.02822326232857619,4.32862619689108E-5,1.3386992203735657E-4,0.004370620254756716,0.033600702652736944,0.0025993882580147417,2.4107847056297528E-5,2.713422182715337E-4,2.9696138351523104E-5,1.905816800658642E-4,1.0207465931686029E-4,1.2968105975442426E-4,2.2804628057901443E-5,1.0321680101213216E-4,0.0014038941124635252,1.0841566516733687E-4,1.416792664193704E-4,2.420057500802491E-4,9.181525716718098E-4,2.957872644007765E-4,1.3773452100249715E-5,1.0704091517182326E-4,0.0023308040216137712,0.0023139817042476395,8.487573330045908E-5,1.6333878577470923E-4,1.1320821623992963E-4,8.362774584437112E-5,1.0660400408941897E-4,0.0011711032591647367,1.0044953810584989E-4,0.01930536672882311],[0.060198059169401054,0.050255563894070765,0.05836888362411029,0.02550489105314453,0.003023875994360461,0.039447327012742575,1.0,0.07499001694644164,0.010806882131842648,0.057023992538772515,0.037300924466792874,0.025350150051003897,0.030933578731595482,0.03774998335254266,0.04908364380611605,0.03036484685172651,0.07450908298383445,0.04386319388197451,0.028394684711844972,0.03946788300825196,0.01358325049435928,0.06059184920773964,0.05497773575205475,0.055740567524145995,0.05200580063719691,0.043088701336443457,0.06319452746804884,0.005043773295462717,0.0122698151051267,0.07677870458937351,0.02236962670199091,0.024198726620837132,0.061272139416638435,0.04731249686897109,0.019290073071598413,0.01485361371549855,0.01756120135792516,0.01869842547433934,0.028627331111505592,0.029502419461898202,0.0342042823998536,0.0811505624878425],[0.0012074154275020605,1.3008288050166014E-4,0.0016897662243659725,9.529607350626297E-5,3.435934264342123E-5,9.794365162077358E-5,0.07499001694644164,1.0,8.150706502708535E-5,1.0622570956228913E-4,0.014329585357485401,7.696993915608424E-5,1.2928213588801697E-4,0.003182082406985135,0.018369493397050234,0.002563451541879331,3.6820868842074014E-5,2.991243360681954E-4,6.407647550905069E-5,1.711464665786313E-4,1.802677217805196E-4,1.2122363880224502E-4,4.185922523765294E-5,1.0508598481129226E-4,0.03705633945335498,1.211021317889415E-4,1.950069405123412E-4,1.0396547976374423E-4,6.477097510555106E-4,3.3940812258959773E-4,9.546542881867597E-5,1.4030128321581239E-4,0.010643756929388364,8.129386674530452E-4,8.33371204825805E-5,1.791649743695336E-4,1.1120301117171917E-4,5.840911844393425E-5,1.7728937848564735E-4,1.7813998604888028E-4,1.0415458032202345E-4,0.032380976026038746],[0.0018979698619056814,6.89119144718844E-5,0.001450125917575178,2.7490998443142802E-5,2.608042222333448E-5,4.9411166507048E-5,0.010806882131842648,8.150706502708535E-5,1.0,3.9142551113985176E-5,0.012553156328622644,3.1201765981331174E-5,1.0278953911824703E-4,0.02560826466012849,0.029063725396316513,4.437296227637754E-4,3.094665669276168E-5,1.177991345842449E-4,1.8687092800700873E-5,1.180444422405903E-4,1.243880657283813E-4,1.135240118660476E-4,2.5443993563437605E-5,8.382459587310902E-5,0.0012983100066139243,1.3880571821418573E-4,1.2504390149490144E-4,6.565429643027341E-5,9.97350513430519E-4,3.255179599963339E-4,3.1441227012891225E-5,1.0168258430889475E-4,0.0010358443627441509,0.0036817993198199157,2.867591714824678E-5,4.801831770723317E-5,1.2752684341777495E-4,2.9713369069592418E-5,3.8999721642105073E-4,4.7347058571878823E-4,3.8115193431950386E-5,0.05315343729567488],[0.0016836198288096762,1.4407577235145896E-4,0.0033036026600717834,1.1210431227558222E-4,1.4936644474140276E-4,1.1478657362481403E-4,0.057023992538772515,1.0622570956228913E-4,3.9142551113985176E-5,1.0,0.028197509009080815,9.688671855087659E-5,1.4345160480166118E-4,0.019349517326025398,0.02030034631623961,0.0022451078382860917,2.6129993973154117E-5,2.5242992771113093E-4,1.0413527960675668E-4,2.2219719613541175E-4,1.771624050881472E-4,1.3322887155875823E-4,8.630167285654334E-5,1.2515536717505257E-4,0.036122302377716485,1.863344231164622E-4,1.8181430074454115E-4,1.7730443578029922E-4,0.0018879633636542962,2.916969986523217E-4,8.76254172190346E-5,1.462970035285635E-4,0.009481093362034215,0.0033375010940693475,1.2392606809971432E-4,2.0368219943681863E-4,1.3264679251556068E-4,1.158734786492181E-4,2.9664542844196995E-4,4.3135127080317666E-4,1.2860903833448109E-4,0.08076805068459748],[0.008363668964553156,0.016929988795020185,0.010896987384004806,0.014733646314647155,0.011676928098545139,0.02822326232857619,0.037300924466792874,0.014329585357485401,0.012553156328622644,0.028197509009080815,1.0,0.027317705406701167,0.0059703954510161895,0.030254091194452205,0.03340263626718034,0.009494353059666383,0.018755977863457136,0.004035874441270565,0.027657311458515965,0.011773121072984376,0.021139457090104993,0.023769319119268367,0.025079984455346448,0.013455652149445822,0.031237643000015844,0.0242336912702962,0.01849713890280843,0.016986177556664254,0.018251872760120417,0.01331832434891057,0.008789229491319732,0.016434775520211404,0.019791068895429417,0.020986604038890022,0.023443154890470837,0.008771532717312965,0.01569215051477905,0.011874974270895748,0.02928103566966559,0.006188413371932186,0.02007954434567252,0.03442309460798791],[7.196282700678519E-4,8.004363296676012E-5,1.2405590173618779E-4,2.7125554339891622E-5,2.7482698780654057E-5,4.32862619689108E-5,0.025350150051003897,7.696993915608424E-5,3.1201765981331174E-5,9.688671855087659E-5,0.027317705406701167,1.0,1.4207092720058814E-4,0.022194047279747903,0.0023715211034195855,0.002242365280357358,1.81200313665935E-5,2.7316555242436354E-4,2.775328399545195E-5,2.2760493085509744E-4,7.289725995498637E-5,1.280497193896937E-4,2.7241052223074835E-5,3.894395760819718E-5,0.02303903754045101,9.213794177508747E-5,5.687606542369924E-5,3.6884472373081854E-5,8.659042641293169E-4,1.016785201510866E-4,1.780330519595938E-5,8.328070563791963E-5,0.010995822668452428,2.123929056899434E-4,2.8599152234438036E-5,1.417503480683907E-4,7.522130643472633E-5,2.7598871095925456E-5,6.767046697333827E-5,0.0013141640157671827,9.501993560447186E-5,0.037671999119704244],[2.1362192809974657E-4,1.3762064378693156E-4,0.004355113086012039,6.820562890319463E-5,1.3116027134885136E-4,1.3386992203735657E-4,0.030933578731595482,1.2928213588801697E-4,1.0278953911824703E-4,1.4345160480166118E-4,0.0059703954510161895,1.4207092720058814E-4,1.0,0.028831294573155156,0.022580120542894527,0.0027999812713103145,4.235852265436806E-5,3.3175918973327786E-4,6.921727318094328E-5,2.277206796240182E-4,1.5041187321055544E-4,1.3623541224095203E-4,4.0373827907221194E-5,1.1455336335559556E-4,0.02907354044551594,1.465786199329794E-4,1.4447201603074575E-4,2.0386227429846688E-4,5.277707726261965E-4,3.1097309951932895E-4,8.539185674289554E-5,1.4299102056480507E-4,0.007541180953676526,0.0031131260847399233,1.2923162935708822E-4,1.7593267575351335E-4,1.3562705374236498E-4,1.215660005796477E-4,1.7468742888896224E-4,5.803890473089775E-4,1.1107520813292194E-4,0.030258845570496157],[0.019395534146378148,0.01894759142536492,0.00671245451679655,0.027924855694931146,0.03006695885581058,0.004370620254756716,0.03774998335254266,0.003182082406985135,0.02560826466012849,0.019349517326025398,0.030254091194452205,0.022194047279747903,0.028831294573155156,1.0,0.0340813496723526,0.024341764946830446,0.0011853018983157314,0.0033127697111872685,0.015685529026035663,0.029111349757159,0.030024753886484564,0.004315795210242016,0.01415758357751706,0.02845568100913781,0.03583668675090871,0.008186332874822958,0.026566985504304468,0.01718164442041065,0.014573943319011714,4.892981048668656E-4,0.0012446672915535967,0.021714851030753688,0.02569283892208844,0.004873599074706456,0.014932968563590438,0.009367219887718816,0.004807842498387871,0.023572897799281612,0.021041424296625998,0.0027326830115843525,0.02961317079811083,0.03150478622939021],[0.01634808741289721,0.032366820588532505,0.03390584212161049,0.020309003281229813,0.0015809245138435574,0.033600702652736944,0.04908364380611605,0.018369493397050234,0.029063725396316513,0.02030034631623961,0.03340263626718034,0.0023715211034195855,0.022580120542894527,0.0340813496723526,1.0,0.005568440633282455,0.007787293112359636,0.025996258812148145,0.03441710045119363,0.02048994921326246,0.0025023345739934822,0.027959527452489624,0.02909264403267399,0.0038746004543646047,0.03572419495714129,0.014817777478579397,0.0344510911211624,0.032971364341375986,0.004916700028390203,0.011527911595692573,0.029560921433463287,0.018636226360771307,0.016581107486875732,0.032891550050110775,8.717264710162119E-4,0.029747142128367664,0.03011715188467828,0.020896732513042995,0.014636991823962376,0.021415818241592582,0.0028776905212043375,0.05873974635188803],[0.002574360831666683,0.0025917213974438074,0.004037191831029234,9.325370653821531E-5,0.0011019513114607518,0.0025993882580147417,0.03036484685172651,0.002563451541879331,4.437296227637754E-4,0.0022451078382860917,0.009494353059666383,0.002242365280357358,0.0027999812713103145,0.024341764946830446,0.005568440633282455,1.0,4.740018649020868E-4,0.0012630872432237896,0.0020288254689885756,0.0013210476523737276,0.001324765325100356,2.615896521826639E-4,5.188898013515505E-4,3.5684193463924707E-4,0.029132363007576118,8.474843732748841E-4,0.0021980774740298146,6.245046144172188E-4,0.002316474497794192,0.0026316050687156967,0.002549679625596335,0.001798016537072508,0.012764344633977508,0.003416830801355136,0.002740370778046681,7.937666165988967E-4,0.0010816349088988615,0.0028046394854834215,0.0015796895568781339,0.0024336739425629924,6.365962238270534E-4,0.04521501378401311],[3.7702168795143855E-4,1.2472103473038057E-4,0.0031451180542175407,2.523261101000956E-5,1.5872021785485904E-5,2.4107847056297528E-5,0.07450908298383445,3.6820868842074014E-5,3.094665669276168E-5,2.6129993973154117E-5,0.018755977863457136,1.81200313665935E-5,4.235852265436806E-5,0.0011853018983157314,0.007787293112359636,4.740018649020868E-4,1.0,1.8516429768124232E-4,1.5701918884126016E-5,9.189074261490544E-5,9.519617965027227E-5,1.0313369535250739E-4,1.4992362078000345E-5,5.3403725587928394E-5,0.027753406687231745,1.2603627498583784E-4,5.1541427659363794E-5,2.2274907932275553E-5,0.0011910097984487722,1.8461546192501802E-4,1.233189010226071E-5,1.2899587570209587E-4,0.004513856210896074,0.0021907582761064486,2.013092588706551E-5,1.93089864647427E-4,5.183356569186945E-5,2.5006460527646763E-5,3.805655528918292E-4,0.0013908673211803866,5.4132184194255134E-5,0.03825946466669336],[9.022464361910433E-4,3.081795808836966E-4,0.0021779335598188392,6.848282451847152E-5,4.7524690822125064E-5,2.713422182715337E-4,0.04386319388197451,2.991243360681954E-4,1.177991345842449E-4,2.5242992771113093E-4,0.004035874441270565,2.7316555242436354E-4,3.3175918973327786E-4,0.0033127697111872685,0.025996258812148145,0.0012630872432237896,1.8516429768124232E-4,1.0,6.701632032717774E-5,2.6639189058621344E-4,2.5194379183782103E-4,2.5269104483286717E-4,2.569823898739075E-4,3.292484158119477E-4,0.03134872054615345,2.1580221044242853E-4,2.4131005574102058E-4,2.691376863118224E-4,0.0013665491013485098,3.362849767681118E-4,2.741737678556965E-5,3.122035847545995E-4,0.010695113319839009,6.380304951815283E-4,1.7515119395623423E-4,3.309027153748759E-4,2.9476762345603444E-4,9.925909772923312E-5,3.700108985328926E-4,4.2506038175449846E-4,1.0911604510299223E-4,0.044318381674569786],[2.8595000160664037E-4,1.2543833903453714E-4,0.00383982116580353,1.801667096248376E-5,2.041790288868788E-5,2.9696138351523104E-5,0.028394684711844972,6.407647550905069E-5,1.8687092800700873E-5,1.0413527960675668E-4,0.027657311458515965,2.775328399545195E-5,6.921727318094328E-5,0.015685529026035663,0.03441710045119363,0.0020288254689885756,1.5701918884126016E-5,6.701632032717774E-5,1.0,2.0836132502195383E-4,3.29193612780111E-5,3.1851203321949545E-5,1.4021945549982469E-5,1.0639218972115682E-4,0.03574169013209108,3.2031086533534914E-5,1.0638148086955852E-4,8.056822660011471E-5,0.0011043499012602478,2.9041681690332015E-4,1.5176199135318514E-5,1.1430027377549864E-4,0.0027292542211189864,0.0034509962905080026,2.219247331355857E-5,3.27269574180062E-5,5.07761218235068E-5,2.1365604670213568E-5,9.380086700414043E-5,9.728886138415929E-4,3.350745888248384E-5,0.052960491215921765],[0.0012777566002079943,2.0867878685947293E-4,0.0017356467362699866,1.6206025777795795E-4,7.450726660345662E-5,1.905816800658642E-4,0.03946788300825196,1.711464665786313E-4,1.180444422405903E-4,2.2219719613541175E-4,0.011773121072984376,2.2760493085509744E-4,2.277206796240182E-4,0.029111349757159,0.02048994921326246,0.0013210476523737276,9.189074261490544E-5,2.6639189058621344E-4,2.0836132502195383E-4,1.0,1.9463262981563544E-4,2.0035484236276816E-4,4.110816295843464E-5,1.195103466902514E-4,0.023213254456335475,2.1611404586446365E-4,2.0369260659131513E-4,2.3448412586778034E-4,0.0010734629950340418,3.072420133124717E-4,1.0692426852254798E-4,1.4407374207820413E-4,0.01027501921242529,0.0015875444147089028,9.132967843827594E-5,2.136841433212593E-4,1.9029447965647332E-4,1.283993870197732E-4,3.891993800897441E-4,9.184465768865288E-4,1.5679352927695951E-4,0.04950007843814209],[0.0018960644295222579,1.490312580151187E-4,0.0037514342989222564,1.57185730002324E-4,1.1479135215442756E-4,1.0207465931686029E-4,0.01358325049435928,1.802677217805196E-4,1.243880657283813E-4,1.771624050881472E-4,0.021139457090104993,7.289725995498637E-5,1.5041187321055544E-4,0.030024753886484564,0.0025023345739934822,0.001324765325100356,9.519617965027227E-5,2.5194379183782103E-4,3.29193612780111E-5,1.9463262981563544E-4,1.0,1.7808915554093433E-4,6.203234216316585E-5,1.8071192526594962E-4,0.01429482648081879,1.8776237157138703E-4,1.8488632713662458E-4,2.1292999937677897E-4,9.882012649644503E-4,3.3876936650385954E-4,1.5117755859163652E-4,1.7672930867078677E-4,0.005742319287495009,0.0027415367157077254,8.374000786842001E-5,2.1183969902101004E-4,1.3140628705087532E-4,1.6057862803317856E-4,2.7651287336115344E-4,0.0011213568369313326,1.1291321881561158E-4,0.04843103975912764],[4.278230271523891E-4,1.3193342933815532E-4,1.3218920207518686E-4,1.0450817170293031E-4,8.30552052343948E-5,1.2968105975442426E-4,0.06059184920773964,1.2122363880224502E-4,1.135240118660476E-4,1.3322887155875823E-4,0.023769319119268367,1.280497193896937E-4,1.3623541224095203E-4,0.004315795210242016,0.027959527452489624,2.615896521826639E-4,1.0313369535250739E-4,2.5269104483286717E-4,3.1851203321949545E-5,2.0035484236276816E-4,1.7808915554093433E-4,1.0,4.940680695232003E-5,1.2028234861579844E-4,0.0041347064124974565,1.3624419475924884E-4,1.5158021275585128E-4,2.5102287653046366E-4,0.0014095712956242047,2.3624103228024482E-4,1.9956789337294423E-5,1.3107943759623096E-4,0.008950816303730477,7.208272915077342E-4,1.2546125784692556E-4,1.959301930706101E-4,1.299555896766108E-4,8.254247933630047E-5,2.3965667226706044E-4,5.947160680747994E-4,1.1548472983734752E-4,0.05253054158725328],[0.0010520167703388986,1.165115111246998E-4,0.004338228897698119,1.8158547490213407E-5,2.3508290847908196E-5,2.2804628057901443E-5,0.05497773575205475,4.185922523765294E-5,2.5443993563437605E-5,8.630167285654334E-5,0.025079984455346448,2.7241052223074835E-5,4.0373827907221194E-5,0.01415758357751706,0.02909264403267399,5.188898013515505E-4,1.4992362078000345E-5,2.569823898739075E-4,1.4021945549982469E-5,4.110816295843464E-5,6.203234216316585E-5,4.940680695232003E-5,1.0,2.1654375081312323E-5,0.008494475999112008,1.7984547300561984E-4,5.6950287759473586E-5,1.2778168686237176E-4,0.0021656032473954742,2.9794421653481977E-4,1.0369471735853786E-5,1.1192020597630136E-4,0.012692592599854542,1.626642460016307E-4,1.0785927430098658E-5,5.4535336908255545E-5,9.017622757935771E-5,1.258693213236678E-5,8.279759001783335E-5,1.9873824874476337E-4,4.848210522333441E-5,0.005591324970017367],[4.848222858374711E-4,1.3284765683753302E-4,0.001014762747807206,8.51342595860038E-5,5.469096724996005E-5,1.0321680101213216E-4,0.055740567524145995,1.0508598481129226E-4,8.382459587310902E-5,1.2515536717505257E-4,0.013455652149445822,3.894395760819718E-5,1.1455336335559556E-4,0.02845568100913781,0.0038746004543646047,3.5684193463924707E-4,5.3403725587928394E-5,3.292484158119477E-4,1.0639218972115682E-4,1.195103466902514E-4,1.8071192526594962E-4,1.2028234861579844E-4,2.1654375081312323E-5,1.0,0.022779111312110693,1.5903933358251112E-4,1.7497430416676978E-4,2.4962233577497517E-4,5.515590436265174E-4,2.759065426777415E-4,1.043289947370664E-4,1.3309421722351958E-4,0.0036100323731015544,0.0030813656476423555,8.246502701763617E-5,1.1745407282738992E-4,1.2742216475328472E-4,1.0933260434599996E-4,3.442836019540016E-4,1.3849059583327872E-4,1.13546474673064E-4,0.02950824915011715],[0.011454661123566875,0.014971979010740436,0.006182491736181108,0.02754356724562849,0.02981904556794876,0.0014038941124635252,0.05200580063719691,0.03705633945335498,0.0012983100066139243,0.036122302377716485,0.031237643000015844,0.02303903754045101,0.02907354044551594,0.03583668675090871,0.03572419495714129,0.029132363007576118,0.027753406687231745,0.03134872054615345,0.03574169013209108,0.023213254456335475,0.01429482648081879,0.0041347064124974565,0.008494475999112008,0.022779111312110693,1.0,0.026358693879033085,0.007914163688912512,0.014837735452994213,0.009511913207170972,0.011085598922228244,0.005880938342454218,0.017450069099961187,0.03652472698789838,0.02076000759973725,0.030788321387159607,0.009343607911894885,0.005755883987603893,0.005002850418609665,0.025747284154135974,0.022290431747627595,0.02001094790751457,0.04610644991247834],[0.002053184487785415,1.4865884143274358E-4,0.004497069091349023,9.299004325631937E-5,1.1038465462477495E-4,1.0841566516733687E-4,0.043088701336443457,1.211021317889415E-4,1.3880571821418573E-4,1.863344231164622E-4,0.0242336912702962,9.213794177508747E-5,1.465786199329794E-4,0.008186332874822958,0.014817777478579397,8.474843732748841E-4,1.2603627498583784E-4,2.1580221044242853E-4,3.2031086533534914E-5,2.1611404586446365E-4,1.8776237157138703E-4,1.3624419475924884E-4,1.7984547300561984E-4,1.5903933358251112E-4,0.026358693879033085,1.0,1.9712611899445833E-4,2.3608276197555316E-4,0.00212104449209334,2.2983709681410888E-4,1.0264138886347141E-4,1.4635166359742763E-4,0.0010231931026102954,0.003004395496293579,1.368388906544434E-4,2.0691399396947498E-4,1.694690074051766E-4,5.3812732555792745E-5,2.380944255239273E-4,0.0011966801915157465,1.352436241520593E-4,0.04287449101101457],[4.928360262380015E-4,1.8626666150027148E-4,0.0028630927581111236,1.4026798596047753E-4,1.3470517205770813E-4,1.416792664193704E-4,0.06319452746804884,1.950069405123412E-4,1.2504390149490144E-4,1.8181430074454115E-4,0.01849713890280843,5.687606542369924E-5,1.4447201603074575E-4,0.026566985504304468,0.0344510911211624,0.0021980774740298146,5.1541427659363794E-5,2.4131005574102058E-4,1.0638148086955852E-4,2.0369260659131513E-4,1.8488632713662458E-4,1.5158021275585128E-4,5.6950287759473586E-5,1.7497430416676978E-4,0.007914163688912512,1.9712611899445833E-4,1.0,2.4680843221689704E-4,0.0016564224194230625,2.860094067081746E-4,1.0909918431791304E-4,1.6970553667536124E-4,0.00314508188144179,0.0012561248667619723,1.2288632547758233E-4,2.1180577374042237E-4,1.841129986889876E-4,1.6317981266680693E-4,2.586073681413072E-4,0.0013961933075541397,1.3585993375385817E-4,0.02667176146104266],[0.0010100566543827425,1.5604291547171382E-4,0.004431657651682301,2.1108148812667396E-4,5.422597372247127E-5,2.420057500802491E-4,0.005043773295462717,1.0396547976374423E-4,6.565429643027341E-5,1.7730443578029922E-4,0.016986177556664254,3.6884472373081854E-5,2.0386227429846688E-4,0.01718164442041065,0.032971364341375986,6.245046144172188E-4,2.2274907932275553E-5,2.691376863118224E-4,8.056822660011471E-5,2.3448412586778034E-4,2.1292999937677897E-4,2.5102287653046366E-4,1.2778168686237176E-4,2.4962233577497517E-4,0.014837735452994213,2.3608276197555316E-4,2.4680843221689704E-4,1.0,0.0016963681145272266,3.390750734428764E-4,9.633763435465508E-5,1.9015978220414073E-4,0.006329032222649285,0.002426592591340437,1.9828400007578342E-4,2.511549086362876E-4,2.503684238817077E-4,1.1738818811032402E-4,2.983315008350528E-4,8.590032001032626E-4,2.4586052609731803E-4,0.016410931934484892],[0.0022873284242489727,5.990178171523295E-4,0.0025617951606070337,1.5899177217793876E-4,3.3307426272875156E-4,9.181525716718098E-4,0.0122698151051267,6.477097510555106E-4,9.97350513430519E-4,0.0018879633636542962,0.018251872760120417,8.659042641293169E-4,5.277707726261965E-4,0.014573943319011714,0.004916700028390203,0.002316474497794192,0.0011910097984487722,0.0013665491013485098,0.0011043499012602478,0.0010734629950340418,9.882012649644503E-4,0.0014095712956242047,0.0021656032473954742,5.515590436265174E-4,0.009511913207170972,0.00212104449209334,0.0016564224194230625,0.0016963681145272266,1.0,0.0018558137754706083,3.224634401099991E-4,0.0018456962086352946,0.003906998948358891,0.0031155412114301484,4.7875297212341056E-4,0.001773461545001736,2.783635576291296E-4,1.2174432732686444E-4,0.0017108180407429167,0.0016985571992470467,0.00147977569819163,0.04679666798779895],[3.99506670474144E-4,2.3521758738186217E-4,7.098164289930087E-4,2.4260311448628756E-4,1.1539147690635014E-4,2.957872644007765E-4,0.07677870458937351,3.3940812258959773E-4,3.255179599963339E-4,2.916969986523217E-4,0.01331832434891057,1.016785201510866E-4,3.1097309951932895E-4,4.892981048668656E-4,0.011527911595692573,0.0026316050687156967,1.8461546192501802E-4,3.362849767681118E-4,2.9041681690332015E-4,3.072420133124717E-4,3.3876936650385954E-4,2.3624103228024482E-4,2.9794421653481977E-4,2.759065426777415E-4,0.011085598922228244,2.2983709681410888E-4,2.860094067081746E-4,3.390750734428764E-4,0.0018558137754706083,1.0,3.038374768682909E-4,2.8554918499546324E-4,0.0018920342455610423,0.0035617167936095894,9.151684757783322E-5,2.46122900562906E-4,1.9847282377533228E-4,4.836301823236765E-5,4.026003272649746E-4,0.00139542822741323,1.9549921153219884E-4,0.07463851090105146],[9.774440275497913E-4,1.2462711472899894E-4,0.0031873754961528424,1.0823141909056191E-5,1.3828174598508706E-5,1.3773452100249715E-5,0.02236962670199091,9.546542881867597E-5,3.1441227012891225E-5,8.76254172190346E-5,0.008789229491319732,1.780330519595938E-5,8.539185674289554E-5,0.0012446672915535967,0.029560921433463287,0.002549679625596335,1.233189010226071E-5,2.741737678556965E-5,1.5176199135318514E-5,1.0692426852254798E-4,1.5117755859163652E-4,1.9956789337294423E-5,1.0369471735853786E-5,1.043289947370664E-4,0.005880938342454218,1.0264138886347141E-4,1.0909918431791304E-4,9.633763435465508E-5,3.224634401099991E-4,3.038374768682909E-4,1.0,2.148868675091129E-5,0.014922416940614663,0.0012621533369674117,1.0643826314284385E-5,5.283839997483224E-5,8.909615988937153E-5,1.756421980780013E-5,2.0907294458404784E-4,0.0011169288474941995,1.2049420813177045E-5,0.0449532449826955],[1.6042047296757828E-4,1.4110966165405283E-4,0.0034502348873859615,1.2397405431960616E-4,1.353916066520993E-4,1.0704091517182326E-4,0.024198726620837132,1.4030128321581239E-4,1.0168258430889475E-4,1.462970035285635E-4,0.016434775520211404,8.328070563791963E-5,1.4299102056480507E-4,0.021714851030753688,0.018636226360771307,0.001798016537072508,1.2899587570209587E-4,3.122035847545995E-4,1.1430027377549864E-4,1.4407374207820413E-4,1.7672930867078677E-4,1.3107943759623096E-4,1.1192020597630136E-4,1.3309421722351958E-4,0.017450069099961187,1.4635166359742763E-4,1.6970553667536124E-4,1.9015978220414073E-4,0.0018456962086352946,2.8554918499546324E-4,2.148868675091129E-5,1.0,0.008803184738052977,0.002606090029639618,2.695284300469539E-5,1.5907187880064515E-4,1.3322896239576623E-4,1.3809418910200978E-4,3.885594577929262E-4,0.001289904779928913,1.338166975407063E-4,0.027966521306191622],[0.01025228910885152,0.014978591803094925,0.014694240949180877,0.006548394719546842,0.006785158130866528,0.0023308040216137712,0.061272139416638435,0.010643756929388364,0.0010358443627441509,0.009481093362034215,0.019791068895429417,0.010995822668452428,0.007541180953676526,0.02569283892208844,0.016581107486875732,0.012764344633977508,0.004513856210896074,0.010695113319839009,0.0027292542211189864,0.01027501921242529,0.005742319287495009,0.008950816303730477,0.012692592599854542,0.0036100323731015544,0.03652472698789838,0.0010231931026102954,0.00314508188144179,0.006329032222649285,0.003906998948358891,0.0018920342455610423,0.014922416940614663,0.008803184738052977,1.0,0.010402662932873343,0.0024151372627056965,0.011680493604238035,0.0016545818002021329,0.007377401708860674,4.6825991573074357E-4,0.013029996826141848,0.012273820144477574,0.03544946755212339],[0.0031903884442216683,0.0028061818386949664,0.004046838247305244,7.831975162035572E-4,9.081910259248512E-4,0.0023139817042476395,0.04731249686897109,8.129386674530452E-4,0.0036817993198199157,0.0033375010940693475,0.020986604038890022,2.123929056899434E-4,0.0031131260847399233,0.004873599074706456,0.032891550050110775,0.003416830801355136,0.0021907582761064486,6.380304951815283E-4,0.0034509962905080026,0.0015875444147089028,0.0027415367157077254,7.208272915077342E-4,1.626642460016307E-4,0.0030813656476423555,0.02076000759973725,0.003004395496293579,0.0012561248667619723,0.002426592591340437,0.0031155412114301484,0.0035617167936095894,0.0012621533369674117,0.002606090029639618,0.010402662932873343,1.0,0.002472302963308494,0.0010653636452977889,7.254493469012819E-4,0.0028632822961696127,0.0012175285458634313,0.0033656483989105987,7.441943588422579E-4,0.07386479565916854],[0.0021140076518197004,8.234616155358982E-5,0.004437393304973098,2.6824280914487638E-5,2.661890586289544E-5,8.487573330045908E-5,0.019290073071598413,8.33371204825805E-5,2.867591714824678E-5,1.2392606809971432E-4,0.023443154890470837,2.8599152234438036E-5,1.2923162935708822E-4,0.014932968563590438,8.717264710162119E-4,0.002740370778046681,2.013092588706551E-5,1.7515119395623423E-4,2.219247331355857E-5,9.132967843827594E-5,8.374000786842001E-5,1.2546125784692556E-4,1.0785927430098658E-5,8.246502701763617E-5,0.030788321387159607,1.368388906544434E-4,1.2288632547758233E-4,1.9828400007578342E-4,4.7875297212341056E-4,9.151684757783322E-5,1.0643826314284385E-5,2.695284300469539E-5,0.0024151372627056965,0.002472302963308494,1.0,2.0603141161443738E-4,5.4430015324186424E-5,2.655942022638591E-5,8.745375543300831E-5,0.0013284204141795154,8.074702513354468E-5,0.06623757721141885],[4.698031670146719E-4,1.7837957859214484E-4,3.337276490755627E-4,9.02857162407601E-5,4.155643481759149E-5,1.6333878577470923E-4,0.01485361371549855,1.791649743695336E-4,4.801831770723317E-5,2.0368219943681863E-4,0.008771532717312965,1.417503480683907E-4,1.7593267575351335E-4,0.009367219887718816,0.029747142128367664,7.937666165988967E-4,1.93089864647427E-4,3.309027153748759E-4,3.27269574180062E-5,2.136841433212593E-4,2.1183969902101004E-4,1.959301930706101E-4,5.4535336908255545E-5,1.1745407282738992E-4,0.009343607911894885,2.0691399396947498E-4,2.1180577374042237E-4,2.511549086362876E-4,0.001773461545001736,2.46122900562906E-4,5.283839997483224E-5,1.5907187880064515E-4,0.011680493604238035,0.0010653636452977889,2.0603141161443738E-4,1.0,1.789702339709254E-4,1.363918126436859E-4,4.1153271705235227E-4,0.0012264423583606843,1.6739865477087866E-4,0.06074996409012752],[3.0942364526829916E-4,1.3191188329071668E-4,0.003328172153059721,3.2076408507386395E-5,8.580248791228001E-5,1.1320821623992963E-4,0.01756120135792516,1.1120301117171917E-4,1.2752684341777495E-4,1.3264679251556068E-4,0.01569215051477905,7.522130643472633E-5,1.3562705374236498E-4,0.004807842498387871,0.03011715188467828,0.0010816349088988615,5.183356569186945E-5,2.9476762345603444E-4,5.07761218235068E-5,1.9029447965647332E-4,1.3140628705087532E-4,1.299555896766108E-4,9.017622757935771E-5,1.2742216475328472E-4,0.005755883987603893,1.694690074051766E-4,1.841129986889876E-4,2.503684238817077E-4,2.783635576291296E-4,1.9847282377533228E-4,8.909615988937153E-5,1.3322896239576623E-4,0.0016545818002021329,7.254493469012819E-4,5.4430015324186424E-5,1.789702339709254E-4,1.0,4.510834716482249E-5,2.608558186006102E-4,6.428265224431599E-4,1.1321542423856753E-4,0.062025006116524804],[0.0015000418891211967,1.3325559821163337E-4,0.001037287799959515,2.6385584281918447E-5,2.5023220188494795E-5,8.362774584437112E-5,0.01869842547433934,5.840911844393425E-5,2.9713369069592418E-5,1.158734786492181E-4,0.011874974270895748,2.7598871095925456E-5,1.215660005796477E-4,0.023572897799281612,0.020896732513042995,0.0028046394854834215,2.5006460527646763E-5,9.925909772923312E-5,2.1365604670213568E-5,1.283993870197732E-4,1.6057862803317856E-4,8.254247933630047E-5,1.258693213236678E-5,1.0933260434599996E-4,0.005002850418609665,5.3812732555792745E-5,1.6317981266680693E-4,1.1738818811032402E-4,1.2174432732686444E-4,4.836301823236765E-5,1.756421980780013E-5,1.3809418910200978E-4,0.007377401708860674,0.0028632822961696127,2.655942022638591E-5,1.363918126436859E-4,4.510834716482249E-5,1.0,2.130444196638419E-4,4.485034174908036E-4,3.3300590363941E-5,0.07418343557345553],[7.650613762311253E-4,3.8734749003848404E-4,0.0036988140138551596,4.137028282643463E-4,3.1097626312457267E-4,1.0660400408941897E-4,0.028627331111505592,1.7728937848564735E-4,3.8999721642105073E-4,2.9664542844196995E-4,0.02928103566966559,6.767046697333827E-5,1.7468742888896224E-4,0.021041424296625998,0.014636991823962376,0.0015796895568781339,3.805655528918292E-4,3.700108985328926E-4,9.380086700414043E-5,3.891993800897441E-4,2.7651287336115344E-4,2.3965667226706044E-4,8.279759001783335E-5,3.442836019540016E-4,0.025747284154135974,2.380944255239273E-4,2.586073681413072E-4,2.983315008350528E-4,0.0017108180407429167,4.026003272649746E-4,2.0907294458404784E-4,3.885594577929262E-4,4.6825991573074357E-4,0.0012175285458634313,8.745375543300831E-5,4.1153271705235227E-4,2.608558186006102E-4,2.130444196638419E-4,1.0,6.269841502012045E-4,2.927156209185034E-4,0.06451779823235992],[0.0016660285477644848,2.1252000352861355E-4,0.0029037642217341923,0.0012276582080336385,5.09461419609441E-4,0.0011711032591647367,0.029502419461898202,1.7813998604888028E-4,4.7347058571878823E-4,4.3135127080317666E-4,0.006188413371932186,0.0013141640157671827,5.803890473089775E-4,0.0027326830115843525,0.021415818241592582,0.0024336739425629924,0.0013908673211803866,4.2506038175449846E-4,9.728886138415929E-4,9.184465768865288E-4,0.0011213568369313326,5.947160680747994E-4,1.9873824874476337E-4,1.3849059583327872E-4,0.022290431747627595,0.0011966801915157465,0.0013961933075541397,8.590032001032626E-4,0.0016985571992470467,0.00139542822741323,0.0011169288474941995,0.001289904779928913,0.013029996826141848,0.0033656483989105987,0.0013284204141795154,0.0012264423583606843,6.428265224431599E-4,4.485034174908036E-4,6.269841502012045E-4,1.0,0.0014075782652041725,0.022295864123717833],[3.0795226085287094E-4,1.3023536266218902E-4,0.0017899994091818475,3.833684691015386E-5,5.533424885138821E-5,1.0044953810584989E-4,0.0342042823998536,1.0415458032202345E-4,3.8115193431950386E-5,1.2860903833448109E-4,0.02007954434567252,9.501993560447186E-5,1.1107520813292194E-4,0.02961317079811083,0.0028776905212043375,6.365962238270534E-4,5.4132184194255134E-5,1.0911604510299223E-4,3.350745888248384E-5,1.5679352927695951E-4,1.1291321881561158E-4,1.1548472983734752E-4,4.848210522333441E-5,1.13546474673064E-4,0.02001094790751457,1.352436241520593E-4,1.3585993375385817E-4,2.4586052609731803E-4,0.00147977569819163,1.9549921153219884E-4,1.2049420813177045E-5,1.338166975407063E-4,0.012273820144477574,7.441943588422579E-4,8.074702513354468E-5,1.6739865477087866E-4,1.1321542423856753E-4,3.3300590363941E-5,2.927156209185034E-4,0.0014075782652041725,1.0,0.056183991925011195],[0.08234192777301517,0.01565615654293672,0.009932029410747712,0.07847202787772528,0.055672847993130756,0.01930536672882311,0.0811505624878425,0.032380976026038746,0.05315343729567488,0.08076805068459748,0.03442309460798791,0.037671999119704244,0.030258845570496157,0.03150478622939021,0.05873974635188803,0.04521501378401311,0.03825946466669336,0.044318381674569786,0.052960491215921765,0.04950007843814209,0.04843103975912764,0.05253054158725328,0.005591324970017367,0.02950824915011715,0.04610644991247834,0.04287449101101457,0.02667176146104266,0.016410931934484892,0.04679666798779895,0.07463851090105146,0.0449532449826955,0.027966521306191622,0.03544946755212339,0.07386479565916854,0.06623757721141885,0.06074996409012752,0.062025006116524804,0.07418343557345553,0.06451779823235992,0.022295864123717833,0.056183991925011195,1.0]]