[[1.0,8.317259583297634E-4,6.902943892189653E-5,1.6947505166874772E-4,5.054971621778466E-4,0.009200619393348049,8.439906007849849E-4,2.2810632504408063E-4,1.0376339817729226E-4,2.3505964810110309E-4,1.0241229067311853E-4,0.0026702245554042067,2.3295200342372753E-4,0.0011889598980384646,6.056955218424018E-4,0.03176835141586185,9.03620683532975E-5,7.070113545141991E-4,2.1000989458020428E-4,0.001280010894591629,1.6310655906623826E-4,8.882625949858863E-4,1.903880670835224E-4,0.00111058482920476,1.9482791366626115E-4,0.05459263134939067,1.5291568495569364E-4,0.0010829339543942736,2.3374964539692866E-4,2.040116970676906E-4,9.43405266706842E-5,0.004965838095478934,0.019897380977080766,8.747616877821855E-4,2.3755405130525045E-4,0.06249158206046942,0.0020972927956806223,0.006695144711953363,2.1349383930713514E-4,2.3754617100396334E-4,2.4384083216042978E-4,0.0015615990815886337],[8.317259583297634E-4,1.0,9.721848785962242E-4,6.807520226762452E-4,0.0019586638827845805,0.009701571328926229,0.0015376240590955785,7.12226939122115E-4,0.001165280063780545,0.001236320692805987,0.0016298945749331445,0.0018165147845563068,0.0012087883127615308,0.002786654623600307,0.0019921643568694943,0.02105359396066826,5.059876670978767E-4,0.0051545736082488774,0.0010687522187058961,0.0022379759160633056,2.998655982261437E-4,0.0013125260154279942,7.256230035078908E-4,0.002153375670866663,0.0016326364481706861,0.04181238360226748,0.0013059882996955463,0.0015974039382602098,9.27810124752517E-4,0.0010378724446547937,0.001108630554362879,0.005217847225146059,0.0034611592977860056,0.0013964057418596292,0.0012834689716727716,0.05492018711699137,0.003791577876654556,0.002621808401622838,6.265756192603825E-4,0.0015331109708559853,7.070360271781501E-4,0.0019995455241031343],[6.902943892189653E-5,9.721848785962242E-4,1.0,3.0818109949147E-5,0.0013954586682872045,0.012595506359286718,4.071579894322983E-4,1.115673406946243E-4,2.746407911257549E-5,2.686260927558816E-5,2.1659815039721644E-5,0.0038151973884144883,9.89070984745247E-5,0.008739185272283345,6.062970846612387E-4,0.03616312913928898,1.7653714423820106E-5,0.003884944206464249,1.3771268540665066E-4,1.6911381680445868E-4,1.1443860610927947E-4,8.200258511741317E-4,2.4354182197346133E-5,2.464031759870416E-4,1.2708169126723548E-4,0.06654193207893841,2.9078365333316176E-5,7.697335899584635E-5,4.017970308395795E-5,6.118930868125566E-5,3.3621964223246015E-5,0.005485105330161158,0.017167688498755326,9.818665873340795E-4,1.4595094578536067E-4,0.006580897325010294,2.9358517951040704E-4,0.01759126914056395,9.399869564847283E-5,1.6932224767094307E-4,2.893591874894869E-4,0.0016449422282415048],[1.6947505166874772E-4,6.807520226762452E-4,3.0818109949147E-5,1.0,0.002559735595583403,0.012088805285234594,0.0010616524418365994,5.71315433453532E-5,1.7492838226708396E-5,1.765667541279034E-5,2.6073301955526446E-5,0.0021626640130853582,1.227643068237908E-4,0.004502746910805747,0.001242103429967847,0.013899701038643492,1.2878715847163502E-5,0.003634498099799999,8.851280837167804E-5,0.00161809620253354,7.342758727262418E-5,7.636468390220153E-5,1.7969336500548522E-5,1.992589624721416E-4,1.2954884513994989E-4,0.09074584787938719,3.121608635013504E-5,1.994986461949662E-4,3.267516518340376E-5,1.1457459821277835E-4,4.739156912455529E-5,0.002151059802148461,0.01694151733220464,0.0011810228319311805,6.251215758309586E-5,0.02854211442432047,0.0029363800088158883,0.0049437414365372245,6.578781115126454E-5,1.8612459725373198E-4,1.0991354961107866E-4,5.234092953191507E-4],[5.054971621778466E-4,0.0019586638827845805,0.0013954586682872045,0.002559735595583403,1.0,0.003188428039487556,0.002470550835506959,9.488972053514064E-4,0.0015063509467662288,0.0010053645466193033,5.596184107525865E-5,0.0041308062641906736,0.0014920021853155655,0.0039815115756853215,0.002286512403558674,0.04120081134326324,0.002743807754808066,0.005473823676484919,0.0021097301403691596,0.0029170357923067928,7.808438969075053E-4,0.0012642817060778439,4.446109653719098E-4,0.0027626831054308066,0.002448268398766257,0.07628023115959005,0.0015410580535933653,0.0021151493580605614,0.001889843443261949,0.0016309591769510477,0.002533259219017357,0.003975175692521717,0.007928526090970514,0.0016314948637937547,0.0010292323647532855,0.05181494238336375,0.0038267251700441563,0.014814209610100134,0.0026443778662168073,8.062313672665138E-4,0.001366134781072727,0.0026132598461595276],[0.009200619393348049,0.009701571328926229,0.012595506359286718,0.012088805285234594,0.003188428039487556,1.0,0.004410926548645162,0.004945261398937189,0.007601986719282245,0.014232892370627826,0.0015154484184381474,0.006661623275052528,0.01099258727122932,0.011929396742646611,0.0026316885768197726,0.02561140516764686,0.001269601293807848,0.008427610740521563,0.008017353284756688,0.006604363084760093,0.005852969373607473,0.009964702745953496,0.0028138732230652773,0.00998657091031373,0.011836453539564334,0.03938609716262416,0.0087038522987222,0.0063073149258549305,0.0015388174911406842,0.011025704565800524,0.0034332959601883206,0.011176502556496725,0.015467523528564073,0.007640764318524264,0.005982978808284144,0.06099779358975414,0.009673983531467254,0.018142525088936524,0.0013175136542727468,0.008097419619662366,0.01012826068275128,0.0064171606374368445],[8.439906007849849E-4,0.0015376240590955785,4.071579894322983E-4,0.0010616524418365994,0.002470550835506959,0.004410926548645162,1.0,8.563398304501878E-4,0.0010764386124836412,2.751715614165983E-4,3.03537597280272E-4,0.0030010664886862297,0.001169968789850795,0.006844795540501943,0.00153565366724821,0.03295390625568981,3.830454191777732E-5,0.005332453204608645,5.730601855630927E-4,0.002167472362651547,3.03069380321319E-4,0.001268064439512421,0.0013028503342939932,0.0015852191787722298,9.863173239298476E-4,0.051664230292589826,7.985944537672403E-4,0.001356749145965765,5.8868141918417115E-5,0.001018986719229593,7.337998651282518E-4,0.006285157079179199,0.0015830992288350504,0.001329642255292897,0.001303092580498302,0.025382631806783754,0.0020794644119911227,0.014453590407851987,6.224797006877626E-4,6.577380105854794E-4,3.471651263659142E-4,0.0015705892294136136],[2.2810632504408063E-4,7.12226939122115E-4,1.115673406946243E-4,5.71315433453532E-5,9.488972053514064E-4,0.004945261398937189,8.563398304501878E-4,1.0,6.979342707657911E-5,1.4474909791860455E-4,1.2335234401382607E-4,0.003189695711136044,2.000798175501325E-4,0.009030878577711315,0.0011063535346444128,0.00671818970362655,2.9269360518748664E-5,0.003935793950209176,1.7121474386119334E-4,3.320754335598555E-4,1.6579344133731242E-4,6.000161909021037E-4,1.0124071009578683E-4,8.249667412859418E-4,1.4128334306536507E-4,0.04186764208823693,7.623653761820257E-5,6.75046379631897E-4,8.151568740919927E-5,1.6662015495476958E-4,6.170746815186837E-5,0.006105154403077939,0.008872178623185267,2.659811955752412E-4,2.0516317937621683E-4,0.02570257910529252,0.0032303821396445862,0.002023581757426245,1.6315640048255233E-4,2.2977609749496778E-4,2.2692010749516634E-4,0.0013642207795542991],[1.0376339817729226E-4,0.001165280063780545,2.746407911257549E-5,1.7492838226708396E-5,0.0015063509467662288,0.007601986719282245,0.0010764386124836412,6.979342707657911E-5,1.0,1.2542762914335526E-5,1.2526978659302034E-5,8.015229748195862E-4,1.2736963314057743E-4,6.374950267641279E-4,3.4273287183165754E-4,0.011539354439324192,1.2396510879809793E-5,0.005259525077584743,1.4798712888997956E-4,0.0017465455098161615,4.1789060787525854E-5,1.7888730839657469E-4,1.4679112321526345E-5,0.0012581900539215705,8.241175664214855E-5,0.07031575096343494,1.449617103397468E-5,4.131899555791937E-4,3.6014324556010584E-5,2.6214021207485688E-5,3.0656822684306827E-5,0.004527870112400256,0.013655039415251665,6.004284236806078E-4,6.205898216456282E-5,0.04456787936743926,4.696087834581657E-4,0.006814222777292218,5.842348574231736E-5,1.2905026998944236E-4,2.9141563626364094E-5,9.288885014891881E-4],[2.3505964810110309E-4,0.001236320692805987,2.686260927558816E-5,1.765667541279034E-5,0.0010053645466193033,0.014232892370627826,2.751715614165983E-4,1.4474909791860455E-4,1.2542762914335526E-5,1.0,1.2332098369460284E-5,0.003943639473355925,4.3762616046587514E-5,0.0014185518296877238,3.6228493552359825E-4,0.01304511875686222,1.130794761332636E-5,0.007816352827939934,1.4107382104554337E-4,5.464031107402876E-4,7.539964651450053E-5,0.0010872355043682928,1.2754489068605985E-5,0.0017942134616742086,1.3604692045950947E-4,0.019539948418691278,2.3807503912496773E-5,1.6918016742626418E-4,1.6451662766318015E-5,1.5427708370684176E-5,3.9015339019350534E-5,0.001480542000748239,0.004706350330400496,6.321254751551395E-4,3.23745907953691E-5,0.05750872583526858,0.0029202886205591345,0.016806549833482114,1.4354742842580457E-4,9.96024201571675E-5,2.5758294450562623E-4,0.001485097567369744],[1.0241229067311853E-4,0.0016298945749331445,2.1659815039721644E-5,2.6073301955526446E-5,5.596184107525865E-5,0.0015154484184381474,3.03537597280272E-4,1.2335234401382607E-4,1.2526978659302034E-5,1.2332098369460284E-5,1.0,0.0030555814276489223,2.233103726833815E-5,0.005692845058245856,6.803074064566664E-4,0.01251169993194972,1.1204117258418063E-5,6.588515640375705E-4,5.866112156709843E-5,0.0010792784931881539,3.7278511072333506E-5,4.508010604913399E-4,1.4170632448897606E-5,0.0014946782151869498,1.2425014874124397E-4,0.09085794231608235,2.6219424630623555E-5,0.0010037873078042755,1.571823981804126E-5,1.6651977177855604E-5,1.9003869280951706E-5,7.483145148448754E-4,0.011644731849350208,4.312924913279931E-4,1.4281357213947137E-4,0.03429928704626766,0.0013104099973499947,0.009697329681154427,2.7159661038888513E-5,6.354758916582254E-5,2.72781926980593E-4,0.0014234162714276215],[0.0026702245554042067,0.0018165147845563068,0.0038151973884144883,0.0021626640130853582,0.0041308062641906736,0.006661623275052528,0.0030010664886862297,0.003189695711136044,8.015229748195862E-4,0.003943639473355925,0.0030555814276489223,1.0,0.002219818826659516,0.008894249092292994,0.0026217299999519604,0.021640478473290668,0.003952432993295852,0.006630384754224079,0.003381786440285579,0.004073869309179403,0.0028646424847394657,0.004348033682572779,0.004018639392791546,0.0027270239605948284,0.002986700459880727,0.0563848091210584,6.254096929199498E-4,0.0024188742237578158,0.003164136429955038,0.0037197951921504454,0.0037023900864014544,0.0061186366608198435,0.01844506805382321,0.0016261001158255476,0.001155954301893316,0.02620979853379871,0.004266681057417689,0.005372262495403508,0.0028912300197604934,0.0035885753910992876,0.0020906028847560757,0.003154769251008777],[2.3295200342372753E-4,0.0012087883127615308,9.89070984745247E-5,1.227643068237908E-4,0.0014920021853155655,0.01099258727122932,0.001169968789850795,2.000798175501325E-4,1.2736963314057743E-4,4.3762616046587514E-5,2.233103726833815E-5,0.002219818826659516,1.0,0.008536475442029937,4.1572803471010326E-4,0.039341230248246165,7.363484071335942E-5,0.001068339697118387,1.975480368559851E-4,0.0010882987097414099,1.5546609038186252E-4,9.704445014065558E-4,1.9027721658850065E-5,0.00135045799731657,1.7090847257400412E-4,0.08513564533411389,1.8697592314652784E-4,0.0015370556718586892,7.594182678800045E-5,1.2198736377447365E-4,5.942545733100287E-5,3.5459968654714263E-4,0.014800548795514555,0.001194770907315001,2.2509849145672397E-4,0.008109824026952909,4.267473194368895E-4,0.0073175571499864075,1.7524527278994526E-4,2.2614807248011858E-4,2.9181118692232967E-4,7.474909553442781E-4],[0.0011889598980384646,0.002786654623600307,0.008739185272283345,0.004502746910805747,0.0039815115756853215,0.011929396742646611,0.006844795540501943,0.009030878577711315,6.374950267641279E-4,0.0014185518296877238,0.005692845058245856,0.008894249092292994,0.008536475442029937,1.0,0.009022581837934597,0.01410493986041723,0.00827315815303329,0.009615625427494919,0.005585332355857034,0.006595233917383781,0.01094138027266624,0.006574996189330836,0.006735733124513129,0.005801456576343275,0.010792400179558044,0.07871728864605755,0.007017356419589398,0.0027393744732508067,0.010459187181311462,0.0017904673228838926,0.010742088246384928,0.01086390222171688,0.013967400766737997,0.009723620143558393,0.003199887788258749,0.040876835490706656,0.004702798216911028,0.011769246651553341,0.008219626392091683,0.006320224002179619,0.004325719875295489,0.0037256128978383606],[6.056955218424018E-4,0.0019921643568694943,6.062970846612387E-4,0.001242103429967847,0.002286512403558674,0.0026316885768197726,0.00153565366724821,0.0011063535346444128,3.4273287183165754E-4,3.6228493552359825E-4,6.803074064566664E-4,0.0026217299999519604,4.1572803471010326E-4,0.009022581837934597,1.0,0.020183521349052835,1.1032782298131256E-4,0.00531241548758968,0.0014840620006538034,0.002341290641452922,8.798296189256945E-4,0.0018632613454795713,0.0014846460978947661,0.002139148277008705,9.699920012869156E-4,0.06449865663977541,0.0016127757375460937,0.0017420815664975862,0.002037555995983148,0.0015271780928120672,0.0010972445855058509,0.004117666694990759,0.011039005493476955,0.0017656831047678,3.508488357942805E-4,0.004183580636939451,0.0031841478833411923,0.012761860712974091,4.857202946582813E-4,4.128413431772319E-4,3.913895647464604E-4,0.002055744104623459],[0.03176835141586185,0.02105359396066826,0.03616312913928898,0.013899701038643492,0.04120081134326324,0.02561140516764686,0.03295390625568981,0.00671818970362655,0.011539354439324192,0.01304511875686222,0.01251169993194972,0.021640478473290668,0.039341230248246165,0.01410493986041723,0.020183521349052835,1.0,0.04266650631056716,0.008415824784726262,0.03800332807093277,0.028513891486655115,0.008211471407655225,0.010992583259460929,0.00707569998085651,0.0320649873041561,0.0257616518620047,0.0795104331028986,0.03905904428160946,0.029503844444557337,0.03275283225714914,0.022211259692273236,0.035844077399045646,0.03768611119275378,0.04231186881527681,0.011851923874213313,0.03883675627749529,0.05952294091646186,0.008087083854778535,0.036416970989141456,0.04113210124359391,0.03844497362286255,0.016676947429216625,0.004008660682750611],[9.03620683532975E-5,5.059876670978767E-4,1.7653714423820106E-5,1.2878715847163502E-5,0.002743807754808066,0.001269601293807848,3.830454191777732E-5,2.9269360518748664E-5,1.2396510879809793E-5,1.130794761332636E-5,1.1204117258418063E-5,0.003952432993295852,7.363484071335942E-5,0.00827315815303329,1.1032782298131256E-4,0.04266650631056716,1.0,7.539784493272314E-5,8.471473532039839E-5,2.8951876976889224E-4,1.2096008732324326E-4,8.852416512683421E-4,1.378888743732467E-5,8.999799708088832E-4,1.0494747654286648E-4,0.023516305892131755,1.679577306929973E-5,0.0013938392746666267,1.1397540133834126E-5,7.322809853716271E-5,3.765040584517057E-5,0.00545262531454231,0.0178529118396979,2.949315240941646E-4,5.036113305453481E-5,0.04579911544394883,0.002432491243024764,0.00968781688810981,1.53511938722246E-5,2.199004611977395E-4,2.833185806055778E-4,4.364300920741613E-4],[7.070113545141991E-4,0.0051545736082488774,0.003884944206464249,0.003634498099799999,0.005473823676484919,0.008427610740521563,0.005332453204608645,0.003935793950209176,0.005259525077584743,0.007816352827939934,6.588515640375705E-4,0.006630384754224079,0.001068339697118387,0.009615625427494919,0.00531241548758968,0.008415824784726262,7.539784493272314E-5,1.0,0.006892150597669477,0.0045450742574566745,0.0011155153254267683,0.004318481522911755,0.0021310699714086946,0.007081019804807188,0.007283153809822543,0.02152742576464512,0.002342574899774436,0.0038626618315321668,0.004688965084166425,0.001531073018625357,0.002846446793282978,0.006345592279347307,0.012687986982960538,0.0025974573099200203,0.003418963373497219,0.04892722923709871,0.005289296500114269,0.01639226720278627,0.004994392097417583,0.0033295343457715476,0.0033133233446641652,0.005765500743459974],[2.1000989458020428E-4,0.0010687522187058961,1.3771268540665066E-4,8.851280837167804E-5,0.0021097301403691596,0.008017353284756688,5.730601855630927E-4,1.7121474386119334E-4,1.4798712888997956E-4,1.4107382104554337E-4,5.866112156709843E-5,0.003381786440285579,1.975480368559851E-4,0.005585332355857034,0.0014840620006538034,0.03800332807093277,8.471473532039839E-5,0.006892150597669477,1.0,0.002648049125523773,1.5700170706586144E-4,8.21947666603843E-4,8.918416022993539E-5,8.823518146164299E-4,1.4244794680770583E-4,0.012665923021475473,7.09224760679807E-5,4.734563700768761E-4,9.854078251359024E-5,1.6617489191768917E-4,6.781695705190313E-5,0.004056345292321373,0.006222217051791532,7.848096295281087E-4,2.2272948257326137E-4,0.058458991921945536,0.0014280073116251309,0.003039939548652785,1.5895256705949538E-4,2.3214776921869312E-4,2.159502908540487E-4,3.669662308214667E-4],[0.001280010894591629,0.0022379759160633056,1.6911381680445868E-4,0.00161809620253354,0.0029170357923067928,0.006604363084760093,0.002167472362651547,3.320754335598555E-4,0.0017465455098161615,5.464031107402876E-4,0.0010792784931881539,0.004073869309179403,0.0010882987097414099,0.006595233917383781,0.002341290641452922,0.028513891486655115,2.8951876976889224E-4,0.0045450742574566745,0.002648049125523773,1.0,0.0013540330652596765,0.00247970880398486,8.983096634609732E-4,0.0027665869162132634,0.0015539499266765222,0.06379878418122488,9.188227539664398E-4,0.00237033083551825,0.001029380218608997,7.672297055600199E-4,0.0024025228505627793,0.005311245472631568,0.014514666928887806,0.0019867789367672742,7.318306700154646E-4,0.037861963991319046,0.0038766377461100406,0.009225324129218834,0.001270665895013226,0.002540421299450662,0.00255341823117025,0.0023417713710087223],[1.6310655906623826E-4,2.998655982261437E-4,1.1443860610927947E-4,7.342758727262418E-5,7.808438969075053E-4,0.005852969373607473,3.03069380321319E-4,1.6579344133731242E-4,4.1789060787525854E-5,7.539964651450053E-5,3.7278511072333506E-5,0.0028646424847394657,1.5546609038186252E-4,0.01094138027266624,8.798296189256945E-4,0.008211471407655225,1.2096008732324326E-4,0.0011155153254267683,1.5700170706586144E-4,0.0013540330652596765,1.0,1.644743137331549E-4,1.3496388427308264E-4,0.0015943402364196253,1.449525790208625E-4,0.034831485127976465,1.3638677020809875E-4,0.001218851095007446,4.160077079912267E-5,1.5011522543999345E-4,9.698286051210142E-5,0.0028137798276615922,0.006126276822752484,9.378810645926901E-4,1.9387882789720877E-4,0.004587080441521819,0.0022791357293970973,0.008188039512418569,1.5414847789014426E-4,2.1790276035851269E-4,2.9596084453055747E-4,4.744974727207774E-4],[8.882625949858863E-4,0.0013125260154279942,8.200258511741317E-4,7.636468390220153E-5,0.0012642817060778439,0.009964702745953496,0.001268064439512421,6.000161909021037E-4,1.7888730839657469E-4,0.0010872355043682928,4.508010604913399E-4,0.004348033682572779,9.704445014065558E-4,0.006574996189330836,0.0018632613454795713,0.010992583259460929,8.852416512683421E-4,0.004318481522911755,8.21947666603843E-4,0.00247970880398486,1.644743137331549E-4,1.0,3.2490473532279115E-4,0.0021344233412310355,9.669582496978231E-4,0.07866788373457766,8.634658952600142E-4,0.0014406626089656942,4.691798297999865E-4,6.83065932036138E-4,1.0932422859395282E-4,0.00239052715577951,0.015540701425919606,0.001196443179486579,8.42147577540137E-4,0.044784076016367386,0.0019556913493499204,0.010456818327727213,9.166487413788891E-4,5.331903431227399E-4,7.767450831656275E-4,0.0012108083480326954],[1.903880670835224E-4,7.256230035078908E-4,2.4354182197346133E-5,1.7969336500548522E-5,4.446109653719098E-4,0.0028138732230652773,0.0013028503342939932,1.0124071009578683E-4,1.4679112321526345E-5,1.2754489068605985E-5,1.4170632448897606E-5,0.004018639392791546,1.9027721658850065E-5,0.006735733124513129,0.0014846460978947661,0.00707569998085651,1.378888743732467E-5,0.0021310699714086946,8.918416022993539E-5,8.983096634609732E-4,1.3496388427308264E-4,3.2490473532279115E-4,1.0,0.0015766759608136826,8.88331581695729E-5,0.024535516850257608,3.0987548346717134E-5,8.063709302956644E-4,3.2326085617953064E-5,7.285170433358409E-5,4.2134401313913247E-5,0.0024806577810064945,0.01934746920768223,9.967127531215975E-4,2.245839454005843E-4,0.008007157054729201,0.0029232782740917828,0.0016621388781014844,5.7546322822652705E-5,1.3879372395844146E-4,2.401026485037449E-4,9.386813940395248E-4],[0.00111058482920476,0.002153375670866663,2.464031759870416E-4,1.992589624721416E-4,0.0027626831054308066,0.00998657091031373,0.0015852191787722298,8.249667412859418E-4,0.0012581900539215705,0.0017942134616742086,0.0014946782151869498,0.0027270239605948284,0.00135045799731657,0.005801456576343275,0.002139148277008705,0.0320649873041561,8.999799708088832E-4,0.007081019804807188,8.823518146164299E-4,0.0027665869162132634,0.0015943402364196253,0.0021344233412310355,0.0015766759608136826,1.0,6.846932153945981E-4,0.05912628649873602,0.0016443019594150092,0.0016325314749763334,0.002611755450449147,0.002634791419986044,0.0014984366195682764,0.003171050395174346,0.005280688300715869,0.0019974729487183176,0.00176452868000001,0.03417034838893591,0.002794810996831071,0.00876598014180288,0.0010089341780038959,0.0015158955023507567,0.0018453394347630384,0.0023231732773368098],[1.9482791366626115E-4,0.0016326364481706861,1.2708169126723548E-4,1.2954884513994989E-4,0.002448268398766257,0.011836453539564334,9.863173239298476E-4,1.4128334306536507E-4,8.241175664214855E-5,1.3604692045950947E-4,1.2425014874124397E-4,0.002986700459880727,1.7090847257400412E-4,0.010792400179558044,9.699920012869156E-4,0.0257616518620047,1.0494747654286648E-4,0.007283153809822543,1.4244794680770583E-4,0.0015539499266765222,1.449525790208625E-4,9.669582496978231E-4,8.88331581695729E-5,6.846932153945981E-4,1.0,0.019533600808020805,5.670451287332941E-5,2.3012565772847352E-4,4.2816618197153785E-5,1.3380568617705598E-4,8.590720698019034E-5,0.005470890312789126,0.011397563121608494,7.735927526185833E-4,1.8419164336444248E-4,0.051280179416714616,0.003072123827914222,0.006128061471004195,1.5720995416034276E-4,2.3687624121939706E-4,2.591191253602315E-4,0.0015653883154643853],[0.05459263134939067,0.04181238360226748,0.06654193207893841,0.09074584787938719,0.07628023115959005,0.03938609716262416,0.051664230292589826,0.04186764208823693,0.07031575096343494,0.019539948418691278,0.09085794231608235,0.0563848091210584,0.08513564533411389,0.07871728864605755,0.06449865663977541,0.0795104331028986,0.023516305892131755,0.02152742576464512,0.012665923021475473,0.06379878418122488,0.034831485127976465,0.07866788373457766,0.024535516850257608,0.05912628649873602,0.019533600808020805,1.0,0.05422631707937747,0.02181133445072371,0.026651854610917444,0.0506388934448216,0.07580186335228506,0.03474756458094633,0.05822173210421737,0.036328923071263904,0.0435370197028983,0.07956800897997417,0.008656103000773891,0.08461441849665824,0.0288354727092897,0.01813263680632062,0.05924709324840919,0.06714460304460206],[1.5291568495569364E-4,0.0013059882996955463,2.9078365333316176E-5,3.121608635013504E-5,0.0015410580535933653,0.0087038522987222,7.985944537672403E-4,7.623653761820257E-5,1.449617103397468E-5,2.3807503912496773E-5,2.6219424630623555E-5,6.254096929199498E-4,1.8697592314652784E-4,0.007017356419589398,0.0016127757375460937,0.03905904428160946,1.679577306929973E-5,0.002342574899774436,7.09224760679807E-5,9.188227539664398E-4,1.3638677020809875E-4,8.634658952600142E-4,3.0987548346717134E-5,0.0016443019594150092,5.670451287332941E-5,0.05422631707937747,1.0,6.292651743446769E-4,3.2116760306141574E-5,9.661420207250808E-5,4.1963021741030916E-5,0.004037397576327153,0.01756369037501119,9.89960737901987E-4,1.0326717661909054E-4,0.006947501046214262,9.557894739693899E-4,0.01188094443591117,9.68171737190797E-5,1.708746217962388E-4,2.8265868941216427E-4,0.0010587929814140477],[0.0010829339543942736,0.0015974039382602098,7.697335899584635E-5,1.994986461949662E-4,0.0021151493580605614,0.0063073149258549305,0.001356749145965765,6.75046379631897E-4,4.131899555791937E-4,1.6918016742626418E-4,0.0010037873078042755,0.0024188742237578158,0.0015370556718586892,0.0027393744732508067,0.0017420815664975862,0.029503844444557337,0.0013938392746666267,0.0038626618315321668,4.734563700768761E-4,0.00237033083551825,0.001218851095007446,0.0014406626089656942,8.063709302956644E-4,0.0016325314749763334,2.3012565772847352E-4,0.02181133445072371,6.292651743446769E-4,1.0,6.652753264097777E-4,9.307665171366281E-4,2.388902122846528E-4,0.004786934567176557,0.011649020175589407,0.0015475809149904124,0.001563734561182048,0.053202131317979094,0.001695411925544866,0.017288151122171046,0.0015039987888110762,3.438535511211216E-4,0.0013111260840208386,0.0018903043018890944],[2.3374964539692866E-4,9.27810124752517E-4,4.017970308395795E-5,3.267516518340376E-5,0.001889843443261949,0.0015388174911406842,5.8868141918417115E-5,8.151568740919927E-5,3.6014324556010584E-5,1.6451662766318015E-5,1.571823981804126E-5,0.003164136429955038,7.594182678800045E-5,0.010459187181311462,0.002037555995983148,0.03275283225714914,1.1397540133834126E-5,0.004688965084166425,9.854078251359024E-5,0.001029380218608997,4.160077079912267E-5,4.691798297999865E-4,3.2326085617953064E-5,0.002611755450449147,4.2816618197153785E-5,0.026651854610917444,3.2116760306141574E-5,6.652753264097777E-4,1.0,1.1430860873079803E-4,4.4383882147842626E-5,0.0010326756259389966,0.01880713708469613,0.0011749764377467875,7.569258344775625E-5,0.008617890310463974,0.002508139004662278,0.011280379501851913,6.823028998038117E-5,8.462322968831576E-5,2.785647451372818E-4,6.926303841272431E-4],[2.040116970676906E-4,0.0010378724446547937,6.118930868125566E-5,1.1457459821277835E-4,0.0016309591769510477,0.011025704565800524,0.001018986719229593,1.6662015495476958E-4,2.6214021207485688E-5,1.5427708370684176E-5,1.6651977177855604E-5,0.0037197951921504454,1.2198736377447365E-4,0.0017904673228838926,0.0015271780928120672,0.022211259692273236,7.322809853716271E-5,0.001531073018625357,1.6617489191768917E-4,7.672297055600199E-4,1.5011522543999345E-4,6.83065932036138E-4,7.285170433358409E-5,0.002634791419986044,1.3380568617705598E-4,0.0506388934448216,9.661420207250808E-5,9.307665171366281E-4,1.1430860873079803E-4,1.0,9.83172657314564E-5,0.0012138142943988904,6.531288466986035E-4,9.038161754864982E-4,2.283199746775695E-4,0.014759806486823363,0.0011035091868038876,0.011643849588507907,1.337025287362616E-4,1.3836503758974414E-4,2.6784313489350774E-4,0.0012591151444439597],[9.43405266706842E-5,0.001108630554362879,3.3621964223246015E-5,4.739156912455529E-5,0.002533259219017357,0.0034332959601883206,7.337998651282518E-4,6.170746815186837E-5,3.0656822684306827E-5,3.9015339019350534E-5,1.9003869280951706E-5,0.0037023900864014544,5.942545733100287E-5,0.010742088246384928,0.0010972445855058509,0.035844077399045646,3.765040584517057E-5,0.002846446793282978,6.781695705190313E-5,0.0024025228505627793,9.698286051210142E-5,1.0932422859395282E-4,4.2134401313913247E-5,0.0014984366195682764,8.590720698019034E-5,0.07580186335228506,4.1963021741030916E-5,2.388902122846528E-4,4.4383882147842626E-5,9.83172657314564E-5,1.0,0.003070899821402815,0.014723145100468717,0.001305475843753293,2.0474921852500243E-4,0.002771111303069547,6.286153253635839E-4,3.8713890120322547E-4,8.587138889436433E-5,2.0128215121134504E-4,1.6875312626208383E-4,8.660058342647905E-4],[0.004965838095478934,0.005217847225146059,0.005485105330161158,0.002151059802148461,0.003975175692521717,0.011176502556496725,0.006285157079179199,0.006105154403077939,0.004527870112400256,0.001480542000748239,7.483145148448754E-4,0.0061186366608198435,3.5459968654714263E-4,0.01086390222171688,0.004117666694990759,0.03768611119275378,0.00545262531454231,0.006345592279347307,0.004056345292321373,0.005311245472631568,0.0028137798276615922,0.00239052715577951,0.0024806577810064945,0.003171050395174346,0.005470890312789126,0.03474756458094633,0.004037397576327153,0.004786934567176557,0.0010326756259389966,0.0012138142943988904,0.003070899821402815,1.0,0.019712056266678355,0.005072214175349907,0.0023593745154798103,0.01952103782391273,0.006234448688855801,0.007898993007796597,0.005889124886966482,0.004712409480463268,0.004051082787139618,0.002792094658217389],[0.019897380977080766,0.0034611592977860056,0.017167688498755326,0.01694151733220464,0.007928526090970514,0.015467523528564073,0.0015830992288350504,0.008872178623185267,0.013655039415251665,0.004706350330400496,0.011644731849350208,0.01844506805382321,0.014800548795514555,0.013967400766737997,0.011039005493476955,0.04231186881527681,0.0178529118396979,0.012687986982960538,0.006222217051791532,0.014514666928887806,0.006126276822752484,0.015540701425919606,0.01934746920768223,0.005280688300715869,0.011397563121608494,0.05822173210421737,0.01756369037501119,0.011649020175589407,0.01880713708469613,6.531288466986035E-4,0.014723145100468717,0.019712056266678355,1.0,0.014534246583649844,3.2431420555247844E-4,0.027501856203185186,0.013927910104902883,0.019992733985578923,0.011402027125238653,0.0030075347548949,0.005291938290826447,0.010456559990795516],[8.747616877821855E-4,0.0013964057418596292,9.818665873340795E-4,0.0011810228319311805,0.0016314948637937547,0.007640764318524264,0.001329642255292897,2.659811955752412E-4,6.004284236806078E-4,6.321254751551395E-4,4.312924913279931E-4,0.0016261001158255476,0.001194770907315001,0.009723620143558393,0.0017656831047678,0.011851923874213313,2.949315240941646E-4,0.0025974573099200203,7.848096295281087E-4,0.0019867789367672742,9.378810645926901E-4,0.001196443179486579,9.967127531215975E-4,0.0019974729487183176,7.735927526185833E-4,0.036328923071263904,9.89960737901987E-4,0.0015475809149904124,0.0011749764377467875,9.038161754864982E-4,0.001305475843753293,0.005072214175349907,0.014534246583649844,1.0,5.805506398799686E-4,0.05941930625575546,0.0032034406098375495,0.010303549127536794,0.0011231353455759645,3.343542708815876E-4,3.991883128490987E-4,0.001787111599154082],[2.3755405130525045E-4,0.0012834689716727716,1.4595094578536067E-4,6.251215758309586E-5,0.0010292323647532855,0.005982978808284144,0.001303092580498302,2.0516317937621683E-4,6.205898216456282E-5,3.23745907953691E-5,1.4281357213947137E-4,0.001155954301893316,2.2509849145672397E-4,0.003199887788258749,3.508488357942805E-4,0.03883675627749529,5.036113305453481E-5,0.003418963373497219,2.2272948257326137E-4,7.318306700154646E-4,1.9387882789720877E-4,8.42147577540137E-4,2.245839454005843E-4,0.00176452868000001,1.8419164336444248E-4,0.0435370197028983,1.0326717661909054E-4,0.001563734561182048,7.569258344775625E-5,2.283199746775695E-4,2.0474921852500243E-4,0.0023593745154798103,3.2431420555247844E-4,5.805506398799686E-4,1.0,0.051678209606870674,0.0015895647752933429,0.002074591105810454,2.129232575417559E-4,2.3897032501479714E-4,3.0676021896918073E-4,9.013015512481862E-4],[0.06249158206046942,0.05492018711699137,0.006580897325010294,0.02854211442432047,0.05181494238336375,0.06099779358975414,0.025382631806783754,0.02570257910529252,0.04456787936743926,0.05750872583526858,0.03429928704626766,0.02620979853379871,0.008109824026952909,0.040876835490706656,0.004183580636939451,0.05952294091646186,0.04579911544394883,0.04892722923709871,0.058458991921945536,0.037861963991319046,0.004587080441521819,0.044784076016367386,0.008007157054729201,0.03417034838893591,0.051280179416714616,0.07956800897997417,0.006947501046214262,0.053202131317979094,0.008617890310463974,0.014759806486823363,0.002771111303069547,0.01952103782391273,0.027501856203185186,0.05941930625575546,0.051678209606870674,1.0,0.057445725649333965,0.030829545229781565,0.031145957036268795,0.05886390689115186,0.027252217392425563,0.056719628620519276],[0.0020972927956806223,0.003791577876654556,2.9358517951040704E-4,0.0029363800088158883,0.0038267251700441563,0.009673983531467254,0.0020794644119911227,0.0032303821396445862,4.696087834581657E-4,0.0029202886205591345,0.0013104099973499947,0.004266681057417689,4.267473194368895E-4,0.004702798216911028,0.0031841478833411923,0.008087083854778535,0.002432491243024764,0.005289296500114269,0.0014280073116251309,0.0038766377461100406,0.0022791357293970973,0.0019556913493499204,0.0029232782740917828,0.002794810996831071,0.003072123827914222,0.008656103000773891,9.557894739693899E-4,0.001695411925544866,0.002508139004662278,0.0011035091868038876,6.286153253635839E-4,0.006234448688855801,0.013927910104902883,0.0032034406098375495,0.0015895647752933429,0.057445725649333965,1.0,0.010310512791228625,0.0011475634718387698,0.003956097194080282,0.0038446574062385905,0.003844060520525735],[0.006695144711953363,0.002621808401622838,0.01759126914056395,0.0049437414365372245,0.014814209610100134,0.018142525088936524,0.014453590407851987,0.002023581757426245,0.006814222777292218,0.016806549833482114,0.009697329681154427,0.005372262495403508,0.0073175571499864075,0.011769246651553341,0.012761860712974091,0.036416970989141456,0.00968781688810981,0.01639226720278627,0.003039939548652785,0.009225324129218834,0.008188039512418569,0.010456818327727213,0.0016621388781014844,0.00876598014180288,0.006128061471004195,0.08461441849665824,0.01188094443591117,0.017288151122171046,0.011280379501851913,0.011643849588507907,3.8713890120322547E-4,0.007898993007796597,0.019992733985578923,0.010303549127536794,0.002074591105810454,0.030829545229781565,0.010310512791228625,1.0,0.01037438216778188,0.018364066738504742,0.01353430866164141,0.01887824838497553],[2.1349383930713514E-4,6.265756192603825E-4,9.399869564847283E-5,6.578781115126454E-5,0.0026443778662168073,0.0013175136542727468,6.224797006877626E-4,1.6315640048255233E-4,5.842348574231736E-5,1.4354742842580457E-4,2.7159661038888513E-5,0.0028912300197604934,1.7524527278994526E-4,0.008219626392091683,4.857202946582813E-4,0.04113210124359391,1.53511938722246E-5,0.004994392097417583,1.5895256705949538E-4,0.001270665895013226,1.5414847789014426E-4,9.166487413788891E-4,5.7546322822652705E-5,0.0010089341780038959,1.5720995416034276E-4,0.0288354727092897,9.68171737190797E-5,0.0015039987888110762,6.823028998038117E-5,1.337025287362616E-4,8.587138889436433E-5,0.005889124886966482,0.011402027125238653,0.0011231353455759645,2.129232575417559E-4,0.031145957036268795,0.0011475634718387698,0.01037438216778188,1.0,1.8134717542045382E-4,1.8484814543348014E-4,0.0013187924044343042],[2.3754617100396334E-4,0.0015331109708559853,1.6932224767094307E-4,1.8612459725373198E-4,8.062313672665138E-4,0.008097419619662366,6.577380105854794E-4,2.2977609749496778E-4,1.2905026998944236E-4,9.96024201571675E-5,6.354758916582254E-5,0.0035885753910992876,2.2614807248011858E-4,0.006320224002179619,4.128413431772319E-4,0.03844497362286255,2.199004611977395E-4,0.0033295343457715476,2.3214776921869312E-4,0.002540421299450662,2.1790276035851269E-4,5.331903431227399E-4,1.3879372395844146E-4,0.0015158955023507567,2.3687624121939706E-4,0.01813263680632062,1.708746217962388E-4,3.438535511211216E-4,8.462322968831576E-5,1.3836503758974414E-4,2.0128215121134504E-4,0.004712409480463268,0.0030075347548949,3.343542708815876E-4,2.3897032501479714E-4,0.05886390689115186,0.003956097194080282,0.018364066738504742,1.8134717542045382E-4,1.0,2.78287337690335E-4,6.352852013835804E-4],[2.4384083216042978E-4,7.070360271781501E-4,2.893591874894869E-4,1.0991354961107866E-4,0.001366134781072727,0.01012826068275128,3.471651263659142E-4,2.2692010749516634E-4,2.9141563626364094E-5,2.5758294450562623E-4,2.72781926980593E-4,0.0020906028847560757,2.9181118692232967E-4,0.004325719875295489,3.913895647464604E-4,0.016676947429216625,2.833185806055778E-4,0.0033133233446641652,2.159502908540487E-4,0.00255341823117025,2.9596084453055747E-4,7.767450831656275E-4,2.401026485037449E-4,0.0018453394347630384,2.591191253602315E-4,0.05924709324840919,2.8265868941216427E-4,0.0013111260840208386,2.785647451372818E-4,2.6784313489350774E-4,1.6875312626208383E-4,0.004051082787139618,0.005291938290826447,3.991883128490987E-4,3.0676021896918073E-4,0.027252217392425563,0.0038446574062385905,0.01353430866164141,1.8484814543348014E-4,2.78287337690335E-4,1.0,0.001702052782336136],[0.0015615990815886337,0.0019995455241031343,0.0016449422282415048,5.234092953191507E-4,0.0026132598461595276,0.0064171606374368445,0.0015705892294136136,0.0013642207795542991,9.288885014891881E-4,0.001485097567369744,0.0014234162714276215,0.003154769251008777,7.474909553442781E-4,0.0037256128978383606,0.002055744104623459,0.004008660682750611,4.364300920741613E-4,0.005765500743459974,3.669662308214667E-4,0.0023417713710087223,4.744974727207774E-4,0.0012108083480326954,9.386813940395248E-4,0.0023231732773368098,0.0015653883154643853,0.06714460304460206,0.0010587929814140477,0.0018903043018890944,6.926303841272431E-4,0.0012591151444439597,8.660058342647905E-4,0.002792094658217389,0.010456559990795516,0.001787111599154082,9.013015512481862E-4,0.056719628620519276,0.003844060520525735,0.01887824838497553,0.0013187924044343042,6.352852013835804E-4,0.001702052782336136,1.0]]