[[1.0,1.1235148416264029E-4,1.5264856342321658E-4,7.707952684664746E-5,2.3488577631450373E-4,1.8323896847832234E-4,5.81766922494884E-4,1.390229530842538E-4,5.7068077199533546E-5,4.97213177756325E-4,1.0137130215299921E-4,0.05899801370777117,2.487478364388589E-4,0.0030022927596327995,1.0612727795209815E-4,0.0023958262704904107,9.537971444376513E-5,1.0875070615161963E-4,2.747825213974325E-5,5.753098521002913E-4,3.791238092112596E-5,4.145689608103608E-5,0.010094031309207403,1.3824183658321334E-4,0.03384504250250977,1.3362058865753676E-4,8.873809267073993E-5,9.569294687750631E-5,1.6894976874012716E-4,9.486405184611818E-5,0.08312741863192935,1.118053961517823E-4,4.813332713283618E-5,1.1328164299806364E-4,8.872624368086058E-5,1.4985535225175243E-4,0.003460715638479982,7.60984027222142E-5,1.5692149273799453E-4,0.02303028146638904,1.303681787687418E-4],[1.1235148416264029E-4,1.0,1.8432484108889082E-4,1.1252901533736714E-4,7.088628018845872E-4,2.702988572279477E-4,6.132556784008344E-4,1.4149173655207805E-4,4.711159196966967E-5,7.581861577981376E-4,1.036681266789749E-4,0.019581381835929987,9.95174628208215E-4,8.818929019789954E-4,1.2827161219290906E-4,6.783393008466107E-4,1.357269939649763E-4,1.3345690710175062E-4,4.8498212153649746E-5,4.2141412081344025E-4,1.1541544844601693E-4,1.1857023096620354E-4,0.008867460256162587,1.473403445610803E-4,0.003020908597748853,1.4850607225063027E-4,1.1768214873247854E-4,9.168225301016673E-5,2.0054936447143468E-4,6.134630052551403E-5,0.028722436969397577,1.3166942390888383E-4,9.949497412130896E-5,1.2670997766799932E-4,1.0352696008234285E-4,1.496818339723335E-4,0.009010672913715854,3.2087618685810204E-5,5.166507834783515E-4,0.022506129961669872,1.418793674886519E-4],[1.5264856342321658E-4,1.8432484108889082E-4,1.0,1.8871208194288846E-4,2.907249747281065E-4,2.3841231309115147E-4,4.4177605704627933E-4,1.7609068807564838E-4,6.2809665552552E-5,4.611974493035796E-4,1.9091326493160882E-4,0.01886511402175326,9.789744031104425E-4,0.004642552297491921,1.5694413965801053E-4,0.004805049168464602,1.4279991197132578E-4,1.6514386610574596E-4,2.0580637951183271E-4,5.528755471865882E-4,1.614266212958374E-4,1.6467601411283063E-4,0.007148302784025186,1.8068447735915776E-4,0.04743684784140117,1.7277192513261367E-4,1.38286259039628E-4,1.1332079669317978E-4,2.095236953587339E-4,1.207199523954521E-4,0.0635790882700954,1.5768381894289686E-4,1.7877304467996065E-4,1.7109905757899474E-4,7.116282934247557E-5,2.013799903472463E-4,0.010714522019547675,7.034491440904939E-5,8.325987565726388E-4,0.01560133699316877,1.5269011779704914E-4],[7.707952684664746E-5,1.1252901533736714E-4,1.8871208194288846E-4,1.0,1.2841449596896155E-4,1.5133695014440845E-4,2.904564411010821E-4,4.802851480096604E-5,1.4646914708950792E-5,0.0012342883644992264,7.047376392880872E-5,0.0032306263792540603,7.214696811802527E-4,0.0015648154786203285,2.659478336264857E-5,0.004739742316056885,3.815270605860375E-5,1.0570198348954902E-4,1.2606481462642437E-5,1.730942201297425E-4,1.6520612055783518E-5,2.3044436883701536E-5,0.003503856149113173,6.0657459377324265E-5,0.020046765503981732,1.3609650827382049E-4,2.7087692871957996E-5,6.380928848315558E-5,2.1083709448544406E-4,2.590966247573689E-5,0.05555142612439672,3.786418099304559E-5,1.9352335332745208E-5,8.690379297501165E-5,2.0262740212800895E-5,7.916210162962412E-5,0.0045588644922802115,1.7837378265619994E-5,6.537310366302954E-4,0.015917065165074153,8.726807554626281E-5],[2.3488577631450373E-4,7.088628018845872E-4,2.907249747281065E-4,1.2841449596896155E-4,1.0,0.0010518221534921352,0.001673361228679475,0.0014418212166512605,0.0015647043709821563,0.0015624775796416477,2.5643425854757505E-4,0.05642358014583948,0.0011446034087687629,0.006046191249990625,7.999330635345911E-4,0.0019478350987245244,1.4884317033182052E-4,5.40126969386668E-4,0.0010562619479379328,0.0011173815278831883,5.141215962931241E-4,6.776332868940563E-4,0.010957198823855405,0.0017225543372941363,0.04205050920492095,0.0012008663536561713,0.0014105007728666236,1.617063922078982E-4,0.0010290577037972086,7.994381202444202E-4,0.06698976707177967,8.532024911079409E-4,1.8582280242269644E-4,0.0016300896887349353,7.870076452625626E-4,0.0015417955543195528,0.005410020184075757,5.772788615105486E-4,0.001659239977318934,0.005347995221331986,0.0010418741334766014],[1.8323896847832234E-4,2.702988572279477E-4,2.3841231309115147E-4,1.5133695014440845E-4,0.0010518221534921352,1.0,7.97371535148072E-4,2.2946829453013138E-4,3.46548762331037E-5,7.178573067211395E-4,2.237186191387397E-4,0.052865054418494914,7.090169385359156E-4,0.004624623045122135,2.08666917327882E-4,0.0021154577886713733,2.0771020960103846E-4,1.2841635349890415E-4,1.2103025604615636E-4,8.395761703350211E-4,1.8437309956453445E-4,2.25176697765116E-4,0.013752387753867088,2.667192065484358E-4,0.03575789297870449,2.8789177257152186E-4,2.8812542713541577E-4,1.9213595079041262E-4,2.3772641639847487E-4,3.2594476669830613E-4,0.0697347557563266,2.8359570115861444E-4,8.252718150577922E-5,2.587081359607083E-4,1.618227094874504E-4,2.587490699230843E-4,0.00737427125778644,2.2712267304043622E-4,9.42964779918383E-4,0.007188522299183814,2.9293068178601854E-4],[5.81766922494884E-4,6.132556784008344E-4,4.4177605704627933E-4,2.904564411010821E-4,0.001673361228679475,7.97371535148072E-4,1.0,5.114156912537738E-4,7.763434458522314E-4,0.001406370562861157,3.798054383371264E-4,0.031516545241833484,0.0010533275672839053,0.0053122255443497175,3.234950586809838E-4,0.002527213888784661,6.256251809479322E-4,5.334528009688689E-4,4.6163739401587753E-4,0.0010749867713020311,9.836543667560445E-5,9.393909104830987E-4,0.00439860762536422,8.932353683284997E-4,0.042277812521610815,4.972585345478456E-4,5.203942927214938E-4,3.148818192280221E-4,4.0462987444150417E-4,4.6655515692571413E-4,0.06944445624795048,3.026120220203175E-4,4.366281526066569E-4,8.163275762029555E-4,7.060705978370766E-5,8.835995379923179E-4,0.009746601595444935,4.6500982496836717E-4,0.001103060674292467,0.011636047697575863,0.0010855803093298311],[1.390229530842538E-4,1.4149173655207805E-4,1.7609068807564838E-4,4.802851480096604E-5,0.0014418212166512605,2.2946829453013138E-4,5.114156912537738E-4,1.0,7.29519386760178E-5,0.0014979597755290191,1.1906740202262651E-4,0.00892247286518309,6.051871220704266E-4,0.003437204514678898,1.3285194226982826E-4,0.0016799871257427005,1.1101360178097495E-4,1.2128256362732645E-4,1.3845683652484046E-4,5.377572321119625E-4,4.4197522782018275E-5,1.1371493331386627E-4,0.0020179635184944455,1.415135602048452E-4,0.013319060090999202,1.4926017212978646E-4,9.433397833135429E-5,1.234064521724579E-4,1.6053847168715328E-4,3.924034532960685E-5,0.034533744250745124,1.2610865393572837E-4,1.0795108892092952E-4,1.210379022962389E-4,9.093593277529388E-5,1.816515333021277E-4,2.3613690334124622E-4,1.3229360880606957E-4,5.465418729467208E-4,0.015041221304224486,1.3945874856861036E-4],[5.7068077199533546E-5,4.711159196966967E-5,6.2809665552552E-5,1.4646914708950792E-5,0.0015647043709821563,3.46548762331037E-5,7.763434458522314E-4,7.29519386760178E-5,1.0,3.314478705582071E-4,7.708641548236135E-5,0.010055110611374393,9.611278876613932E-4,7.823960781578174E-4,3.6591506054377265E-5,0.004083011970195687,3.4756881050253164E-5,1.088134638960184E-4,1.2870500526497772E-5,5.719036488486065E-4,2.4522473057268613E-5,2.8736302321957813E-5,0.00945601984430945,5.9063932234608776E-5,0.016821874416497386,5.932400080044421E-5,3.9179152817961856E-5,3.910541574461744E-5,2.0857857019275218E-4,3.5912892515582034E-5,0.013054641944635976,4.927488024512777E-5,2.7294483550929027E-5,6.06947966229317E-5,2.4082440766289265E-5,8.653113345761108E-5,4.5263643433285264E-4,1.9021793090214395E-5,2.1446691354717257E-5,0.019686850919688165,3.558651202549127E-5],[4.97213177756325E-4,7.581861577981376E-4,4.611974493035796E-4,0.0012342883644992264,0.0015624775796416477,7.178573067211395E-4,0.001406370562861157,0.0014979597755290191,3.314478705582071E-4,1.0,5.766230325376416E-4,0.05275241732582908,0.0014206242008365465,0.010049381316810964,0.0010547831397565424,0.0019670331308598347,6.234142544496167E-4,9.328598639724393E-4,0.0012171679592626356,0.0012644086337017485,0.0011656656614251895,1.2927594565916768E-4,0.011100384458351069,5.333655111431749E-4,0.03604952048840222,8.810941790734858E-4,9.788174368473147E-4,0.0011408529436863842,2.741644496918508E-4,7.92251244132281E-4,0.06084437484521698,7.867538500539728E-4,6.859996904966977E-5,6.531256590834113E-4,7.513791580228579E-4,0.0010167580757221373,0.0022937402343776708,2.0015605026352012E-4,0.0013660472629231264,0.012821734355002303,0.0015220862471504034],[1.0137130215299921E-4,1.036681266789749E-4,1.9091326493160882E-4,7.047376392880872E-5,2.5643425854757505E-4,2.237186191387397E-4,3.798054383371264E-4,1.1906740202262651E-4,7.708641548236135E-5,5.766230325376416E-4,1.0,0.05115002903827525,5.760413867584981E-4,0.005975658699258622,1.1228023667520941E-4,0.0017040582678841051,9.841109668314843E-5,1.0147199562560234E-4,4.832956772231149E-5,2.3457766929213043E-4,7.922960315845788E-5,9.150736774116356E-5,0.004783855927637125,1.381049695438927E-4,0.02746539670187431,1.1092996525303978E-4,6.187210208695545E-5,1.0059936031297813E-4,1.1136932049915637E-4,9.511731291692096E-5,0.003922568786093004,1.0903099845631449E-4,8.908670062194622E-5,1.1445915874650505E-4,6.093080508420197E-5,1.8975686481217388E-4,0.008556659166105134,4.3483587528314984E-5,2.4468864153268517E-4,0.014998146044363529,1.3561642091990738E-4],[0.05899801370777117,0.019581381835929987,0.01886511402175326,0.0032306263792540603,0.05642358014583948,0.052865054418494914,0.031516545241833484,0.00892247286518309,0.010055110611374393,0.05275241732582908,0.05115002903827525,1.0,0.060778326478550776,0.024174646740817908,0.05565420055512615,0.022612436507182226,0.051908848424679514,5.424859507523207E-4,0.03082031188708565,0.04120468889039457,0.008294792696528362,0.009207362292408658,0.05193816578527859,0.022189797034801187,0.06121836668932665,0.03629973584244053,0.035058978548279975,0.031162660903157776,0.011270702629066029,0.03688922519060889,0.07964136404659417,0.03028275686094249,0.002224803559561012,0.04198648164058109,0.04159142492914615,0.046977601436569844,0.036347358783217966,0.04964915539004418,0.00538596742792799,0.06155174484389566,0.04193768229011774],[2.487478364388589E-4,9.95174628208215E-4,9.789744031104425E-4,7.214696811802527E-4,0.0011446034087687629,7.090169385359156E-4,0.0010533275672839053,6.051871220704266E-4,9.611278876613932E-4,0.0014206242008365465,5.760413867584981E-4,0.060778326478550776,1.0,0.006240755465858443,9.029868613427551E-4,0.005045952764837972,9.987722530506351E-5,8.546985561521409E-4,5.261176916975261E-4,0.001005962791718487,7.721041122560703E-4,8.475679897872845E-4,0.014567966999981165,1.95941651124281E-4,0.03743875761825397,9.587675693196613E-4,9.129626517679137E-4,4.328564540486506E-4,9.704383791974898E-4,4.514532430037213E-4,0.043266962908169476,4.8396224381833336E-4,2.0604330003663927E-4,7.634586760391304E-4,2.9075700565102885E-4,7.345978974609204E-4,0.0028564089007843824,4.5068100078624095E-4,0.0010937506581580486,0.006699848989412685,4.17828439418868E-4],[0.0030022927596327995,8.818929019789954E-4,0.004642552297491921,0.0015648154786203285,0.006046191249990625,0.004624623045122135,0.0053122255443497175,0.003437204514678898,7.823960781578174E-4,0.010049381316810964,0.005975658699258622,0.024174646740817908,0.006240755465858443,1.0,0.002531821615982185,0.009456036522563195,0.0012046726694970966,0.006619923635972883,0.002619541248832227,0.0025570453082663577,0.010664826714876894,0.0028573058436898603,0.011868308954940962,0.010585732749750325,0.019044077702211882,0.01107274141972124,0.008528532878403173,0.005930815165399707,0.004110429623146148,0.002628109477683225,0.06596240411732936,0.009610205461392357,0.009807704657742247,0.00503033610327329,0.0010763738072164617,0.01037872790545336,0.011152723667296638,0.0017948965405678577,0.00473287724524538,0.02066148000300693,0.007749010112563865],[1.0612727795209815E-4,1.2827161219290906E-4,1.5694413965801053E-4,2.659478336264857E-5,7.999330635345911E-4,2.08666917327882E-4,3.234950586809838E-4,1.3285194226982826E-4,3.6591506054377265E-5,0.0010547831397565424,1.1228023667520941E-4,0.05565420055512615,9.029868613427551E-4,0.002531821615982185,1.0,0.0029634329418228834,8.332693408314417E-5,1.1545005737834371E-4,7.2016157402884E-5,6.171113673509952E-4,8.962957963665671E-5,8.27286436359089E-5,0.003043289493961418,1.328406128389018E-4,0.020581793152863334,1.4951290477660948E-4,6.320615173309169E-5,9.525322849942239E-5,1.8762911867974624E-4,9.354457641955522E-5,0.07956647700659172,1.2148289476481561E-4,1.1263221416064133E-4,1.1667064751308478E-4,9.76953540782502E-5,1.7207933325997818E-4,0.008452210447195286,4.458046419868758E-5,1.2259431358769307E-4,0.021060141046176116,1.1532898627434456E-4],[0.0023958262704904107,6.783393008466107E-4,0.004805049168464602,0.004739742316056885,0.0019478350987245244,0.0021154577886713733,0.002527213888784661,0.0016799871257427005,0.004083011970195687,0.0019670331308598347,0.0017040582678841051,0.022612436507182226,0.005045952764837972,0.009456036522563195,0.0029634329418228834,1.0,0.0031531295565812596,0.00435272656494444,0.0013444669977959616,0.002443455707286635,3.280783386005291E-4,0.004894864452345301,0.011211595119937339,0.0019169263059541823,0.006997505837824236,2.4037779483524637E-4,0.004635404080251738,0.0020248241512204265,0.0024507991601498795,9.936596034677662E-4,0.014028891932503534,0.0018932268771059794,0.0026328247864831344,0.0039951555186532465,1.4428188018378982E-4,0.004874730819285876,0.00909293200026889,3.9426419650059565E-4,0.002243965703667122,0.01571576387167762,0.0032610938804557166],[9.537971444376513E-5,1.357269939649763E-4,1.4279991197132578E-4,3.815270605860375E-5,1.4884317033182052E-4,2.0771020960103846E-4,6.256251809479322E-4,1.1101360178097495E-4,3.4756881050253164E-5,6.234142544496167E-4,9.841109668314843E-5,0.051908848424679514,9.987722530506351E-5,0.0012046726694970966,8.332693408314417E-5,0.0031531295565812596,1.0,1.0958353489251015E-4,4.881322208207701E-5,4.7535435245758963E-4,5.137841902553235E-5,3.8563698746934584E-5,5.761196438797291E-4,1.0751888443455985E-4,0.01086388848502134,1.4239537456069612E-4,5.369176448130357E-5,7.424919218211479E-5,7.468021429182091E-5,6.642508165665712E-5,0.042927522462467796,8.786022545212479E-5,5.065186111765515E-5,1.0887023395587497E-4,4.3555367076870276E-5,1.0594583012466278E-4,0.001190493132866018,6.551716943078677E-5,0.0010573629833764014,0.018424133055177122,1.336056369815255E-4],[1.0875070615161963E-4,1.3345690710175062E-4,1.6514386610574596E-4,1.0570198348954902E-4,5.40126969386668E-4,1.2841635349890415E-4,5.334528009688689E-4,1.2128256362732645E-4,1.088134638960184E-4,9.328598639724393E-4,1.0147199562560234E-4,5.424859507523207E-4,8.546985561521409E-4,0.006619923635972883,1.1545005737834371E-4,0.00435272656494444,1.0958353489251015E-4,1.0,4.0872900979672445E-5,3.245372297417776E-4,5.80617727654928E-5,6.232881327409998E-5,0.0055484554723677585,1.283462953061976E-4,0.03861964013165134,1.3356594204483698E-4,8.863301753267588E-5,9.955850643917723E-5,1.6978012236639877E-4,8.391868522448374E-5,0.011680082063114865,1.2420576162570313E-4,6.37655549450868E-5,1.1743979459229405E-4,9.82654686699892E-5,1.485711196128999E-4,0.0022892071610944617,8.108080436840675E-5,8.82130114285429E-4,0.015560286396572162,1.3722505065218824E-4],[2.747825213974325E-5,4.8498212153649746E-5,2.0580637951183271E-4,1.2606481462642437E-5,0.0010562619479379328,1.2103025604615636E-4,4.6163739401587753E-4,1.3845683652484046E-4,1.2870500526497772E-5,0.0012171679592626356,4.832956772231149E-5,0.03082031188708565,5.261176916975261E-4,0.002619541248832227,7.2016157402884E-5,0.0013444669977959616,4.881322208207701E-5,4.0872900979672445E-5,1.0,8.62383375871809E-4,1.1884707395070687E-5,3.0055333502699713E-5,0.013461023692232411,1.7217309888147676E-5,0.026079396864863342,1.2010571469017858E-4,2.683183343726348E-5,8.205527158566163E-5,2.1545711987044436E-4,1.2860488677488675E-5,0.0572262022582884,6.648018401778857E-5,3.359469667850233E-5,7.685529588211755E-5,1.421592702509365E-5,1.8998211906206365E-4,0.003822076521089191,2.486527551365614E-5,9.759913372213903E-4,0.022035063690979333,5.301031532871064E-5],[5.753098521002913E-4,4.2141412081344025E-4,5.528755471865882E-4,1.730942201297425E-4,0.0011173815278831883,8.395761703350211E-4,0.0010749867713020311,5.377572321119625E-4,5.719036488486065E-4,0.0012644086337017485,2.3457766929213043E-4,0.04120468889039457,0.001005962791718487,0.0025570453082663577,6.171113673509952E-4,0.002443455707286635,4.7535435245758963E-4,3.245372297417776E-4,8.62383375871809E-4,1.0,2.910372361811862E-4,3.938350588339886E-4,0.005618920716439904,4.7075824245804084E-4,0.03744517496967322,7.352303903004944E-4,4.601911815218409E-4,5.552678186720299E-4,6.153001938984047E-4,2.04507559357188E-4,0.002114506343724054,2.171226571411303E-4,1.9173352884749225E-4,7.82644786371914E-4,5.572959526403184E-4,3.160848289765626E-4,0.007552838927654289,1.582049771539117E-4,0.0010835927860925426,0.007794692225122384,2.7671930434060163E-4],[3.791238092112596E-5,1.1541544844601693E-4,1.614266212958374E-4,1.6520612055783518E-5,5.141215962931241E-4,1.8437309956453445E-4,9.836543667560445E-5,4.4197522782018275E-5,2.4522473057268613E-5,0.0011656656614251895,7.922960315845788E-5,0.008294792696528362,7.721041122560703E-4,0.010664826714876894,8.962957963665671E-5,3.280783386005291E-4,5.137841902553235E-5,5.80617727654928E-5,1.1884707395070687E-5,2.910372361811862E-4,1.0,2.780430155395362E-5,0.0017854095583239276,1.398480873774161E-4,0.014479878972168887,1.224170250772706E-4,4.628285586465034E-5,7.970302737693064E-5,7.006042705978263E-5,3.6014367199495404E-5,0.05264790020948594,1.0725743557411839E-4,3.577483215443388E-5,5.211447250637649E-5,2.831471653518247E-5,1.295502777366068E-4,0.01092064132856556,2.9075226369137375E-5,4.1241546572399167E-4,0.0011538527499445786,1.333340154072607E-4],[4.145689608103608E-5,1.1857023096620354E-4,1.6467601411283063E-4,2.3044436883701536E-5,6.776332868940563E-4,2.25176697765116E-4,9.393909104830987E-4,1.1371493331386627E-4,2.8736302321957813E-5,1.2927594565916768E-4,9.150736774116356E-5,0.009207362292408658,8.475679897872845E-4,0.0028573058436898603,8.27286436359089E-5,0.004894864452345301,3.8563698746934584E-5,6.232881327409998E-5,3.0055333502699713E-5,3.938350588339886E-4,2.780430155395362E-5,1.0,0.006228263435760323,1.3036453724180096E-4,0.00844605675360813,9.503784028851361E-5,4.876336749335272E-5,3.653604836769634E-5,1.1711051941595076E-4,3.207204891184186E-5,0.07061143884405345,1.1120288711654365E-4,3.278013808946356E-5,1.0818027497976144E-4,3.2284944472933304E-5,9.54043542949262E-5,0.005727880267991101,3.0602870290645894E-5,4.9392307345742285E-5,0.022314185237859205,4.963866267451754E-5],[0.010094031309207403,0.008867460256162587,0.007148302784025186,0.003503856149113173,0.010957198823855405,0.013752387753867088,0.00439860762536422,0.0020179635184944455,0.00945601984430945,0.011100384458351069,0.004783855927637125,0.05193816578527859,0.014567966999981165,0.011868308954940962,0.003043289493961418,0.011211595119937339,5.761196438797291E-4,0.0055484554723677585,0.013461023692232411,0.005618920716439904,0.0017854095583239276,0.006228263435760323,1.0,0.003443052928998155,0.018484398563867174,0.0049943315935136075,0.0025668916665155276,0.005178454080744405,0.008462530569107805,0.00668423185324585,0.03796466317653331,0.00208273298295334,0.004338521870143509,0.004157463409956529,0.0016209714110922402,0.009444170931223666,0.014176776013549117,1.4838582692309747E-4,0.004060009279643865,0.015250751844305376,0.006442089779987982],[1.3824183658321334E-4,1.473403445610803E-4,1.8068447735915776E-4,6.0657459377324265E-5,0.0017225543372941363,2.667192065484358E-4,8.932353683284997E-4,1.415135602048452E-4,5.9063932234608776E-5,5.333655111431749E-4,1.381049695438927E-4,0.022189797034801187,1.95941651124281E-4,0.010585732749750325,1.328406128389018E-4,0.0019169263059541823,1.0751888443455985E-4,1.283462953061976E-4,1.7217309888147676E-5,4.7075824245804084E-4,1.398480873774161E-4,1.3036453724180096E-4,0.003443052928998155,1.0,0.027781214938185878,1.5219486130353452E-4,1.4054760353201132E-4,1.4626151496981296E-4,1.8460372139007992E-4,6.196540446070006E-5,0.06585528109919218,1.3895377363606172E-4,7.754152431511797E-5,1.285368944545573E-4,1.3248449214636477E-4,1.909117789276144E-4,0.009732089634392543,6.808112121147747E-5,7.271852323581277E-4,0.012234126245466074,1.474072476495224E-4],[0.03384504250250977,0.003020908597748853,0.04743684784140117,0.020046765503981732,0.04205050920492095,0.03575789297870449,0.042277812521610815,0.013319060090999202,0.016821874416497386,0.03604952048840222,0.02746539670187431,0.06121836668932665,0.03743875761825397,0.019044077702211882,0.020581793152863334,0.006997505837824236,0.01086388848502134,0.03861964013165134,0.026079396864863342,0.03744517496967322,0.014479878972168887,0.00844605675360813,0.018484398563867174,0.027781214938185878,1.0,0.031214832136714422,0.01745330996417393,0.011421167605914927,0.030009871877815127,0.011284192510354696,0.05902696171401703,0.026589298879716367,0.042832775057327105,0.032049914607173026,0.016758167298092517,0.005302488875960597,0.04507767206166448,0.030499034837101185,0.02146197324719916,0.041567563591704895,0.04392726389457902],[1.3362058865753676E-4,1.4850607225063027E-4,1.7277192513261367E-4,1.3609650827382049E-4,0.0012008663536561713,2.8789177257152186E-4,4.972585345478456E-4,1.4926017212978646E-4,5.932400080044421E-5,8.810941790734858E-4,1.1092996525303978E-4,0.03629973584244053,9.587675693196613E-4,0.01107274141972124,1.4951290477660948E-4,2.4037779483524637E-4,1.4239537456069612E-4,1.3356594204483698E-4,1.2010571469017858E-4,7.352303903004944E-4,1.224170250772706E-4,9.503784028851361E-5,0.0049943315935136075,1.5219486130353452E-4,0.031214832136714422,1.0,5.4218589814981566E-5,1.4309411089213637E-4,1.8587729976175666E-4,1.3427989007093124E-4,0.06208845963319083,1.318081950929713E-4,5.143457008377813E-5,1.4753752958389922E-4,1.513519245281404E-4,1.6636467532921161E-4,9.147388392564747E-4,1.1690553786437937E-4,9.138454627920434E-4,0.011921193921937169,1.4701363247970385E-4],[8.873809267073993E-5,1.1768214873247854E-4,1.38286259039628E-4,2.7087692871957996E-5,0.0014105007728666236,2.8812542713541577E-4,5.203942927214938E-4,9.433397833135429E-5,3.9179152817961856E-5,9.788174368473147E-4,6.187210208695545E-5,0.035058978548279975,9.129626517679137E-4,0.008528532878403173,6.320615173309169E-5,0.004635404080251738,5.369176448130357E-5,8.863301753267588E-5,2.683183343726348E-5,4.601911815218409E-4,4.628285586465034E-5,4.876336749335272E-5,0.0025668916665155276,1.4054760353201132E-4,0.01745330996417393,5.4218589814981566E-5,1.0,6.014093857878705E-5,1.733392823997637E-4,4.650573603107459E-5,0.03954707974124539,5.463667991416491E-5,4.520598621468393E-5,8.635404747037121E-5,3.941637965491125E-5,7.202014719274931E-5,0.0017329156871199066,3.3161420630786146E-5,7.546710928256626E-4,0.0019118603254569158,6.296400520167442E-5],[9.569294687750631E-5,9.168225301016673E-5,1.1332079669317978E-4,6.380928848315558E-5,1.617063922078982E-4,1.9213595079041262E-4,3.148818192280221E-4,1.234064521724579E-4,3.910541574461744E-5,0.0011408529436863842,1.0059936031297813E-4,0.031162660903157776,4.328564540486506E-4,0.005930815165399707,9.525322849942239E-5,0.0020248241512204265,7.424919218211479E-5,9.955850643917723E-5,8.205527158566163E-5,5.552678186720299E-4,7.970302737693064E-5,3.653604836769634E-5,0.005178454080744405,1.4626151496981296E-4,0.011421167605914927,1.4309411089213637E-4,6.014093857878705E-5,1.0,1.1056156369777987E-4,7.646165039580785E-5,0.05079423673801195,1.1077115790904797E-4,8.650764616563301E-5,9.241120332200453E-5,7.474615763137211E-5,1.0266697164788195E-4,0.006934335617694222,8.031019313781026E-5,6.537223282953798E-4,0.018973655782879528,1.054549629965607E-4],[1.6894976874012716E-4,2.0054936447143468E-4,2.095236953587339E-4,2.1083709448544406E-4,0.0010290577037972086,2.3772641639847487E-4,4.0462987444150417E-4,1.6053847168715328E-4,2.0857857019275218E-4,2.741644496918508E-4,1.1136932049915637E-4,0.011270702629066029,9.704383791974898E-4,0.004110429623146148,1.8762911867974624E-4,0.0024507991601498795,7.468021429182091E-5,1.6978012236639877E-4,2.1545711987044436E-4,6.153001938984047E-4,7.006042705978263E-5,1.1711051941595076E-4,0.008462530569107805,1.8460372139007992E-4,0.030009871877815127,1.8587729976175666E-4,1.733392823997637E-4,1.1056156369777987E-4,1.0,3.846351058535514E-5,0.03976216677985617,1.916163159522942E-4,7.729024534135132E-5,1.615062267373394E-4,4.0779007709606835E-5,2.127553371320732E-4,0.008491457238524087,1.5106401170974988E-4,4.953411063471633E-4,0.0037794306321460584,1.9082986004269765E-4],[9.486405184611818E-5,6.134630052551403E-5,1.207199523954521E-4,2.590966247573689E-5,7.994381202444202E-4,3.2594476669830613E-4,4.6655515692571413E-4,3.924034532960685E-5,3.5912892515582034E-5,7.92251244132281E-4,9.511731291692096E-5,0.03688922519060889,4.514532430037213E-4,0.002628109477683225,9.354457641955522E-5,9.936596034677662E-4,6.642508165665712E-5,8.391868522448374E-5,1.2860488677488675E-5,2.04507559357188E-4,3.6014367199495404E-5,3.207204891184186E-5,0.00668423185324585,6.196540446070006E-5,0.011284192510354696,1.3427989007093124E-4,4.650573603107459E-5,7.646165039580785E-5,3.846351058535514E-5,1.0,0.0068983197232837905,8.664671745318017E-5,4.263121168190533E-5,7.632625015941239E-5,3.720418780996386E-5,6.746840202129913E-5,0.007573578105135483,3.493792779823071E-5,2.1222935301213832E-4,0.005321926735581481,5.1009410543609185E-5],[0.08312741863192935,0.028722436969397577,0.0635790882700954,0.05555142612439672,0.06698976707177967,0.0697347557563266,0.06944445624795048,0.034533744250745124,0.013054641944635976,0.06084437484521698,0.003922568786093004,0.07964136404659417,0.043266962908169476,0.06596240411732936,0.07956647700659172,0.014028891932503534,0.042927522462467796,0.011680082063114865,0.0572262022582884,0.002114506343724054,0.05264790020948594,0.07061143884405345,0.03796466317653331,0.06585528109919218,0.05902696171401703,0.06208845963319083,0.03954707974124539,0.05079423673801195,0.03976216677985617,0.0068983197232837905,1.0,0.05308618262849553,0.07799624867381814,0.016438076687891146,0.03326368308812399,0.022896014517924047,0.04269423699385868,0.06172250798302358,0.023965691658019574,0.07373061932527766,0.07296463952994305],[1.118053961517823E-4,1.3166942390888383E-4,1.5768381894289686E-4,3.786418099304559E-5,8.532024911079409E-4,2.8359570115861444E-4,3.026120220203175E-4,1.2610865393572837E-4,4.927488024512777E-5,7.867538500539728E-4,1.0903099845631449E-4,0.03028275686094249,4.8396224381833336E-4,0.009610205461392357,1.2148289476481561E-4,0.0018932268771059794,8.786022545212479E-5,1.2420576162570313E-4,6.648018401778857E-5,2.171226571411303E-4,1.0725743557411839E-4,1.1120288711654365E-4,0.00208273298295334,1.3895377363606172E-4,0.026589298879716367,1.318081950929713E-4,5.463667991416491E-5,1.1077115790904797E-4,1.916163159522942E-4,8.664671745318017E-5,0.05308618262849553,1.0,9.41116988996822E-5,1.236632526756547E-4,1.026720754256091E-4,1.5022316397032723E-4,0.0012465138914029069,4.134141616862409E-5,6.852454199390679E-4,0.014462988902266532,1.3136664531726425E-4],[4.813332713283618E-5,9.949497412130896E-5,1.7877304467996065E-4,1.9352335332745208E-5,1.8582280242269644E-4,8.252718150577922E-5,4.366281526066569E-4,1.0795108892092952E-4,2.7294483550929027E-5,6.859996904966977E-5,8.908670062194622E-5,0.002224803559561012,2.0604330003663927E-4,0.009807704657742247,1.1263221416064133E-4,0.0026328247864831344,5.065186111765515E-5,6.37655549450868E-5,3.359469667850233E-5,1.9173352884749225E-4,3.577483215443388E-5,3.278013808946356E-5,0.004338521870143509,7.754152431511797E-5,0.042832775057327105,5.143457008377813E-5,4.520598621468393E-5,8.650764616563301E-5,7.729024534135132E-5,4.263121168190533E-5,0.07799624867381814,9.41116988996822E-5,1.0,6.056453775294706E-5,3.664683109991544E-5,1.8650574668289542E-4,0.0016989133857361859,3.77343527380399E-5,4.7083092720121987E-4,0.01357100550305415,9.323962487313367E-5],[1.1328164299806364E-4,1.2670997766799932E-4,1.7109905757899474E-4,8.690379297501165E-5,0.0016300896887349353,2.587081359607083E-4,8.163275762029555E-4,1.210379022962389E-4,6.06947966229317E-5,6.531256590834113E-4,1.1445915874650505E-4,0.04198648164058109,7.634586760391304E-4,0.00503033610327329,1.1667064751308478E-4,0.0039951555186532465,1.0887023395587497E-4,1.1743979459229405E-4,7.685529588211755E-5,7.82644786371914E-4,5.211447250637649E-5,1.0818027497976144E-4,0.004157463409956529,1.285368944545573E-4,0.032049914607173026,1.4753752958389922E-4,8.635404747037121E-5,9.241120332200453E-5,1.615062267373394E-4,7.632625015941239E-5,0.016438076687891146,1.236632526756547E-4,6.056453775294706E-5,1.0,1.1500342249147049E-4,1.5743502943578515E-4,0.0029240389180067074,4.3318529127534046E-5,5.703708543465051E-4,0.01760219098612491,1.2998891805672088E-4],[8.872624368086058E-5,1.0352696008234285E-4,7.116282934247557E-5,2.0262740212800895E-5,7.870076452625626E-4,1.618227094874504E-4,7.060705978370766E-5,9.093593277529388E-5,2.4082440766289265E-5,7.513791580228579E-4,6.093080508420197E-5,0.04159142492914615,2.9075700565102885E-4,0.0010763738072164617,9.76953540782502E-5,1.4428188018378982E-4,4.3555367076870276E-5,9.82654686699892E-5,1.421592702509365E-5,5.572959526403184E-4,2.831471653518247E-5,3.2284944472933304E-5,0.0016209714110922402,1.3248449214636477E-4,0.016758167298092517,1.513519245281404E-4,3.941637965491125E-5,7.474615763137211E-5,4.0779007709606835E-5,3.720418780996386E-5,0.03326368308812399,1.026720754256091E-4,3.664683109991544E-5,1.1500342249147049E-4,1.0,1.8580793572143628E-4,0.0020074410664319762,3.071668399390488E-5,9.015934023634473E-4,0.01844933683322719,1.0900705935696274E-4],[1.4985535225175243E-4,1.496818339723335E-4,2.013799903472463E-4,7.916210162962412E-5,0.0015417955543195528,2.587490699230843E-4,8.835995379923179E-4,1.816515333021277E-4,8.653113345761108E-5,0.0010167580757221373,1.8975686481217388E-4,0.046977601436569844,7.345978974609204E-4,0.01037872790545336,1.7207933325997818E-4,0.004874730819285876,1.0594583012466278E-4,1.485711196128999E-4,1.8998211906206365E-4,3.160848289765626E-4,1.295502777366068E-4,9.54043542949262E-5,0.009444170931223666,1.909117789276144E-4,0.005302488875960597,1.6636467532921161E-4,7.202014719274931E-5,1.0266697164788195E-4,2.127553371320732E-4,6.746840202129913E-5,0.022896014517924047,1.5022316397032723E-4,1.8650574668289542E-4,1.5743502943578515E-4,1.8580793572143628E-4,1.0,0.0026797230375670772,1.8138300284205387E-4,5.113705691511453E-4,0.003537484115486174,1.5149126940103768E-4],[0.003460715638479982,0.009010672913715854,0.010714522019547675,0.0045588644922802115,0.005410020184075757,0.00737427125778644,0.009746601595444935,2.3613690334124622E-4,4.5263643433285264E-4,0.0022937402343776708,0.008556659166105134,0.036347358783217966,0.0028564089007843824,0.011152723667296638,0.008452210447195286,0.00909293200026889,0.001190493132866018,0.0022892071610944617,0.003822076521089191,0.007552838927654289,0.01092064132856556,0.005727880267991101,0.014176776013549117,0.009732089634392543,0.04507767206166448,9.147388392564747E-4,0.0017329156871199066,0.006934335617694222,0.008491457238524087,0.007573578105135483,0.04269423699385868,0.0012465138914029069,0.0016989133857361859,0.0029240389180067074,0.0020074410664319762,0.0026797230375670772,1.0,2.3036741855490372E-4,0.010702033001245897,0.011850182439588085,0.00290712968345744],[7.60984027222142E-5,3.2087618685810204E-5,7.034491440904939E-5,1.7837378265619994E-5,5.772788615105486E-4,2.2712267304043622E-4,4.6500982496836717E-4,1.3229360880606957E-4,1.9021793090214395E-5,2.0015605026352012E-4,4.3483587528314984E-5,0.04964915539004418,4.5068100078624095E-4,0.0017948965405678577,4.458046419868758E-5,3.9426419650059565E-4,6.551716943078677E-5,8.108080436840675E-5,2.486527551365614E-5,1.582049771539117E-4,2.9075226369137375E-5,3.0602870290645894E-5,1.4838582692309747E-4,6.808112121147747E-5,0.030499034837101185,1.1690553786437937E-4,3.3161420630786146E-5,8.031019313781026E-5,1.5106401170974988E-4,3.493792779823071E-5,0.06172250798302358,4.134141616862409E-5,3.77343527380399E-5,4.3318529127534046E-5,3.071668399390488E-5,1.8138300284205387E-4,2.3036741855490372E-4,1.0,9.93258294419495E-4,0.016217483388249965,6.581285137492309E-5],[1.5692149273799453E-4,5.166507834783515E-4,8.325987565726388E-4,6.537310366302954E-4,0.001659239977318934,9.42964779918383E-4,0.001103060674292467,5.465418729467208E-4,2.1446691354717257E-5,0.0013660472629231264,2.4468864153268517E-4,0.00538596742792799,0.0010937506581580486,0.00473287724524538,1.2259431358769307E-4,0.002243965703667122,0.0010573629833764014,8.82130114285429E-4,9.759913372213903E-4,0.0010835927860925426,4.1241546572399167E-4,4.9392307345742285E-5,0.004060009279643865,7.271852323581277E-4,0.02146197324719916,9.138454627920434E-4,7.546710928256626E-4,6.537223282953798E-4,4.953411063471633E-4,2.1222935301213832E-4,0.023965691658019574,6.852454199390679E-4,4.7083092720121987E-4,5.703708543465051E-4,9.015934023634473E-4,5.113705691511453E-4,0.010702033001245897,9.93258294419495E-4,1.0,0.01943243101407297,1.3904037757771497E-4],[0.02303028146638904,0.022506129961669872,0.01560133699316877,0.015917065165074153,0.005347995221331986,0.007188522299183814,0.011636047697575863,0.015041221304224486,0.019686850919688165,0.012821734355002303,0.014998146044363529,0.06155174484389566,0.006699848989412685,0.02066148000300693,0.021060141046176116,0.01571576387167762,0.018424133055177122,0.015560286396572162,0.022035063690979333,0.007794692225122384,0.0011538527499445786,0.022314185237859205,0.015250751844305376,0.012234126245466074,0.041567563591704895,0.011921193921937169,0.0019118603254569158,0.018973655782879528,0.0037794306321460584,0.005321926735581481,0.07373061932527766,0.014462988902266532,0.01357100550305415,0.01760219098612491,0.01844933683322719,0.003537484115486174,0.011850182439588085,0.016217483388249965,0.01943243101407297,1.0,0.007390600407626217],[1.303681787687418E-4,1.418793674886519E-4,1.5269011779704914E-4,8.726807554626281E-5,0.0010418741334766014,2.9293068178601854E-4,0.0010855803093298311,1.3945874856861036E-4,3.558651202549127E-5,0.0015220862471504034,1.3561642091990738E-4,0.04193768229011774,4.17828439418868E-4,0.007749010112563865,1.1532898627434456E-4,0.0032610938804557166,1.336056369815255E-4,1.3722505065218824E-4,5.301031532871064E-5,2.7671930434060163E-4,1.333340154072607E-4,4.963866267451754E-5,0.006442089779987982,1.474072476495224E-4,0.04392726389457902,1.4701363247970385E-4,6.296400520167442E-5,1.054549629965607E-4,1.9082986004269765E-4,5.1009410543609185E-5,0.07296463952994305,1.3136664531726425E-4,9.323962487313367E-5,1.2998891805672088E-4,1.0900705935696274E-4,1.5149126940103768E-4,0.00290712968345744,6.581285137492309E-5,1.3904037757771497E-4,0.007390600407626217,1.0]]