[[1.0,0.005586583120869901,0.039175528024105885,0.013612619612238967,0.030281401160369183,0.009201401244588105,0.04898253887457945,0.005667082910627238,0.054125842719820245,0.04482507500042549,0.03781198209849163,0.05714543608932603,0.004519909942003627,0.05576736608879799,0.034786655214922635,0.023103979587710967,0.0625,0.024365628795860097,0.03995821096089203,0.03297661797093014,0.05397438011065771,0.04404165426279199,0.04269112631698028,0.021345068731591314,0.015519629086428247,0.014120547254640374,0.06028755288568878,0.02510884294755616,0.04079245103949069,0.003295611268905184,0.004055685391806588,0.012324861878750822,0.05117352017615407,0.006616962861846127,0.012033480604377856,0.023519587276060697,0.05037971038617664,0.06021543864685859,0.05562326543904804,0.041129490639099466,0.00908966167866008,0.0061416975878270915,0.04483975543457909,0.05879827557127538,0.05188087569575557,0.03164998718117372,0.028525990803627867,0.046206610863445435,0.011580804146378626,0.010918965877454952,0.022852360725931543],[0.005586583120869901,1.0,4.3710904951459536E-4,0.001228360348220929,0.002247279674731641,0.0021967115113453884,0.008994435610160232,0.0012319507468860106,0.0010060253613887382,0.001996540483385264,0.002236819675944491,0.0013487289939004016,1.4443880340511329E-4,0.0019355700743704774,0.0016841795381652785,1.8326514723660607E-4,0.03532767888871541,9.334095803059305E-4,0.0015800423636164907,0.0036447722960775975,0.01984535488361439,0.001387538302804373,0.002192380877717187,0.0013296094884722727,0.0018416064282865475,0.00207137409183165,0.001832166034943725,0.0018357673679788651,0.002175392900755513,7.736800251879419E-4,0.0017358400668759147,0.0018248391008979777,0.0022803005900585323,8.739874431149227E-5,0.00123007887374645,0.002459644715667797,0.0022185155021624244,0.0022516301475593195,0.005813564049735527,0.0016290241737464846,7.817758466369707E-4,0.00527206963366377,0.0023264828864927225,0.054188598990809196,0.0013879902605566066,0.001501114492416994,0.00992205677513719,1.368877602218711E-4,0.001700048486224918,0.0017683604453685602,0.0032507760231102467],[0.039175528024105885,4.3710904951459536E-4,1.0,6.632995896911864E-5,0.0013886862675625406,0.0015317825087354695,0.014168585892441863,1.9799173332820534E-5,9.911789909110766E-5,5.374873715545051E-4,2.1210951884497974E-4,1.662825122875401E-5,1.964790173919538E-5,0.0017205879949210854,2.3584227290209109E-4,2.0017247656597458E-5,0.0322197708068907,1.6209332776954537E-4,7.455528890696036E-5,0.0033727218527271146,0.0041834677941992564,8.817087446720841E-5,2.33421982217501E-5,9.694293271253634E-5,3.308912668713718E-5,2.0224219657272703E-4,1.6551505694754075E-5,4.944813626898704E-5,0.0012954852093680193,4.089004491573194E-5,1.4277094894127315E-4,7.977917444612122E-4,6.764386608868687E-4,1.5274021726404594E-5,9.718142168025609E-5,0.0010729769089112202,0.001636512516460208,0.0010737511134696464,0.01900985931915327,5.996556342038975E-4,4.1423347200932914E-5,2.7121084458827163E-4,6.255845541045048E-4,0.013862105662263662,4.231353990592711E-4,1.552367061889691E-5,0.00782287104074776,7.244631035596863E-5,1.2199882705531693E-4,0.0014391130857141802,0.0023333516105773903],[0.013612619612238967,0.001228360348220929,6.632995896911864E-5,1.0,9.352875995168165E-4,3.603350288322398E-4,0.025269992492098766,1.348070966848052E-4,1.9800927149648693E-4,3.8996156175748816E-4,4.912960706976263E-4,1.0123284331956836E-4,7.781775662668881E-5,2.2605216717283324E-4,5.430882822013008E-4,4.7268797902211623E-5,0.01959699424029347,1.6645118047791706E-4,1.287309101478518E-4,0.0026178058174187203,0.011925961608524122,1.8994040458823744E-4,4.051753406699449E-5,1.216435505139116E-4,1.2191695692281222E-4,1.4130529446021694E-4,7.271351000935199E-5,2.1072020769116422E-4,5.188377554164793E-4,1.606830349831832E-4,2.6131083003099994E-4,0.0012071862254988239,0.0013993940338206596,8.357516971189628E-5,3.09057485439231E-4,0.0018321919976850155,7.047688795730535E-4,0.0012446102100104805,0.013071197397284188,0.0010027269301410519,1.3467061508914903E-4,0.002326740629162343,0.001460792169357371,0.00974895547461119,5.250941880570411E-4,8.8978597353586E-5,0.008934438300814229,1.0333940122665487E-4,1.3041046892530727E-4,5.414496789573822E-4,0.0033287388555703307],[0.030281401160369183,0.002247279674731641,0.0013886862675625406,9.352875995168165E-4,1.0,0.002057722027319282,0.02823828400492928,0.0017147992727167827,0.0013136165586652877,0.0016809392535024066,0.0018282186569244096,4.236464997856833E-4,0.0013294249539594313,0.0017611304384902258,0.0012202881537255695,0.0017369794455351117,0.05300736800268719,3.3180828072089424E-4,1.836034146692971E-4,0.003094175509279504,0.011723481251379004,5.151756544816244E-4,4.867454210754394E-4,0.0011595461379726875,8.901409750530123E-4,0.0014033227993939831,5.672839104046825E-4,0.001744411078147261,0.001769423693374562,0.0013577340253659682,5.693637374461113E-4,0.001679813740221122,0.0020839398742805147,0.001460635729471632,6.674611611942559E-4,0.0023007540735474753,0.0019481072168286715,0.001954596701664639,0.002024075840556533,0.0015127821753819408,6.835826787761484E-4,0.003100102718082886,0.002138492132485782,0.007329394647291781,9.705772728813907E-4,9.29690104148133E-4,0.003167567268743743,8.860935842648582E-4,5.744974142147477E-4,0.001760643896428231,0.0028944070104811367],[0.009201401244588105,0.0021967115113453884,0.0015317825087354695,3.603350288322398E-4,0.002057722027319282,1.0,0.017129565880438794,0.0010776099369953988,8.277113996001157E-4,7.764331990919163E-4,0.00211108353788715,0.0011739382087363915,4.1529912527411746E-4,0.0018536807098822234,0.001339009866848247,0.0018783490496908227,0.007061500263333447,3.795875412203263E-4,0.0015210066660473094,0.003117594282006182,0.016140791787784194,0.0012471164830914262,6.86821739719343E-4,0.0010495207246244281,7.830604850931732E-4,9.8790293241419E-4,8.917266580327559E-4,0.00164474639538081,0.0020436039126630998,0.0015527020972744235,0.0014021390776041123,0.0018864092465761186,0.0022297447377270666,5.627235058147388E-4,0.0020265021805255597,0.0022383643777515844,0.0022031397612036745,0.0021120496900150017,0.02454309910491417,0.001376461176789775,0.0015254395631688414,0.003377753785884799,0.0023291678256992924,0.036451639234197336,0.0011261089444152606,0.0010364434587890198,0.005036141942330025,0.0019037273259179287,0.0012522152953504478,0.0017792896782022891,0.003187408088181769],[0.04898253887457945,0.008994435610160232,0.014168585892441863,0.025269992492098766,0.02823828400492928,0.017129565880438794,1.0,0.0011630583802547188,0.00373931915866102,0.03215969356227486,0.007499277532849152,0.021364561697083374,0.022987371385669215,0.01659206994257473,0.03179837890682815,0.035627117999092274,0.04829151512058329,0.023862742907056568,0.013126592763509018,0.01068189994174656,0.030974970876640598,0.03365640583326361,0.030657401760576793,0.03248942219045068,0.01701906605072462,0.01866759375311258,0.008768093089366064,0.008108780035052535,0.011876566696767453,0.01404411162192878,0.004981886758936508,0.015494542237782419,0.005100269020825594,0.020344972916038474,0.019021572902104218,0.014622072124506327,0.01277929688959439,0.00941712146671377,0.02978842442922678,0.023480831091408808,0.03247044341705731,0.026321400323758504,0.024605388700373088,0.03731426387580206,0.025916591191496308,0.02627124112310062,0.030824021746847147,0.017563032187897707,0.03681976642163301,0.022033708302687825,0.030373201443863716],[0.005667082910627238,0.0012319507468860106,1.9799173332820534E-5,1.348070966848052E-4,0.0017147992727167827,0.0010776099369953988,0.0011630583802547188,1.0,1.926720967590348E-4,7.024282627438979E-4,0.0012589970446927397,5.6798153215696506E-5,5.441200015485199E-5,5.471087473428812E-4,8.174710272254391E-4,5.1781609780477385E-5,0.0024937479505796264,1.9201229278327812E-4,1.3324585281469992E-4,0.0011083457377542268,0.006332293807090208,1.8469765407593775E-4,1.1117787530094442E-4,1.2485350677431917E-4,9.387545020460408E-5,3.0712712778110067E-4,4.847023501553149E-5,0.0014613202159933234,0.0012782194650498519,1.6122852193343253E-4,1.6853748893440567E-4,0.0014951797294671468,0.0017924781442259356,2.725195621805813E-5,2.919053688890835E-4,5.690088431241941E-4,0.0011641590999238375,0.001782295410204074,0.025323379670689275,0.0010932317267803898,1.46906038425459E-4,0.0034292910020944935,8.313414411178771E-4,0.02423574017122137,5.749571966651814E-4,9.513465076289928E-5,0.0014580718379356673,1.0315352190406831E-4,1.3439114593174188E-4,1.486405917475816E-4,0.00374226163214176],[0.054125842719820245,0.0010060253613887382,9.911789909110766E-5,1.9800927149648693E-4,0.0013136165586652877,8.277113996001157E-4,0.00373931915866102,1.926720967590348E-4,1.0,5.696863978159502E-4,6.193699441952557E-4,1.9740985794641135E-4,2.356577008955242E-4,0.0012584487906731388,5.556067252891565E-4,3.7288077421311915E-4,0.022283951620486065,2.311299331490479E-4,4.3858146959323513E-4,0.001221899337152985,0.004677868920387445,3.1669016537620877E-4,1.836495714702014E-4,4.536667471864883E-4,4.224800324825259E-4,5.089265223084697E-4,4.6119898414737775E-4,0.0013797016480845189,8.446745009622743E-4,3.926424704887383E-4,3.268536128099071E-4,5.942958232212886E-4,0.0013800901613553061,3.881996377532986E-4,3.7559360297295045E-4,9.100173284530423E-4,0.0016155904322123196,0.0019283927683054686,0.019255994491265176,0.0011617492631152031,4.136219304385393E-4,8.592816802717716E-4,7.136455929536332E-4,0.008670377987943914,5.77377199787753E-4,6.624211130431092E-5,0.005834841147914827,3.1840240822122946E-4,1.5261625639944004E-4,0.0016544994096315392,0.0035691082025414724],[0.04482507500042549,0.001996540483385264,5.374873715545051E-4,3.8996156175748816E-4,0.0016809392535024066,7.764331990919163E-4,0.03215969356227486,7.024282627438979E-4,5.696863978159502E-4,1.0,0.0014104632965218698,3.357604883114111E-4,1.0443839811798827E-4,0.0017026607471904898,9.550935897366305E-4,3.652634992407255E-4,0.05367270005613335,2.679312955042414E-4,4.1153126961976003E-4,0.0025766775097328365,0.006024117222841618,4.7490874882137905E-4,5.320746999449601E-4,4.0868808296447897E-4,6.9044681808496E-4,7.329794507709962E-4,2.028378756707441E-4,0.0015995785198033082,8.490257673191532E-4,6.180315229165641E-4,3.704013182710381E-4,0.001502745621731077,9.367537397831217E-4,3.8142070781442284E-4,5.44603455013405E-4,0.001931970803889863,0.0010165182446027657,0.002067219582898264,0.024317478544607616,0.001099309500963573,7.225110250783014E-4,0.005007590832667963,0.0011938968024543936,0.04933409757309958,7.435708283863804E-4,1.1005063025395918E-4,0.010294650941524597,1.6310131562607613E-4,4.877239276009791E-4,0.0011086326430748462,0.002810096384729969],[0.03781198209849163,0.002236819675944491,2.1210951884497974E-4,4.912960706976263E-4,0.0018282186569244096,0.00211108353788715,0.007499277532849152,0.0012589970446927397,6.193699441952557E-4,0.0014104632965218698,1.0,0.00201773636162435,0.0013643209850777607,0.0017833703413180609,0.0012846428201821643,0.00201094381980336,0.01004431758411247,0.001616687196062308,6.716767387495602E-4,0.0030841033602084476,0.014836032355894747,0.001531133521027737,0.0020874157212192102,0.0018891438824336273,0.0015363783878829815,0.002095790258772332,4.919134121989133E-4,0.0016343369956233122,0.0020588571555698342,0.0014071033590282985,7.03450818856647E-4,0.0017181923888990559,0.0022767336522068003,3.7894487466331355E-4,5.199347122730435E-4,0.0021667575614387714,0.0021518379858052575,0.00212483087893455,0.008176207728271937,0.001958987854871656,0.002062717014758636,0.00404931787625336,0.0022057886178614983,0.033985084109480736,0.0012089834945532467,6.761368793381062E-4,0.004462478540149381,4.978595631190557E-4,1.516094770698945E-4,0.001764711464107208,0.0037378261762903526],[0.05714543608932603,0.0013487289939004016,1.662825122875401E-5,1.0123284331956836E-4,4.236464997856833E-4,0.0011739382087363915,0.021364561697083374,5.6798153215696506E-5,1.9740985794641135E-4,3.357604883114111E-4,0.00201773636162435,1.0,1.3608791949465282E-5,9.68938814752376E-4,9.560684512428287E-4,1.7836788304445212E-5,0.03109211195598908,1.5800812423171282E-4,5.180864610914193E-5,0.0018149420644011313,0.007923796463508083,1.4329861799172006E-4,2.506668301023203E-5,6.743497126621845E-5,5.231041680345309E-5,3.936628482603243E-4,1.4290682032255007E-5,4.309906607419049E-4,7.922635431668295E-4,1.6489884462353015E-4,1.5602311019040255E-5,0.0010226594133191727,4.1309145615646653E-4,1.2030297327689889E-5,3.245733628115964E-4,5.155343717426903E-4,0.00133966486956031,4.3103840591665146E-5,0.004056913555111238,6.884571281184762E-5,1.163727039897686E-4,0.002878206101644519,2.395825458280547E-4,0.046402020137906834,5.411409607134494E-4,1.283281214043465E-5,0.012602461304112788,1.0160674685206557E-4,1.0776964322731672E-4,7.023738196678131E-4,0.003663309282745027],[0.004519909942003627,1.4443880340511329E-4,1.964790173919538E-5,7.781775662668881E-5,0.0013294249539594313,4.1529912527411746E-4,0.022987371385669215,5.441200015485199E-5,2.356577008955242E-4,1.0443839811798827E-4,0.0013643209850777607,1.3608791949465282E-5,1.0,0.001136079261553646,3.920282227642606E-4,2.0908930206748174E-5,0.04476578798434209,4.084673559680703E-5,4.794080927108998E-5,0.003002326233012774,0.002258356791193968,1.238507566853422E-4,2.444667940165386E-5,2.955240784150573E-5,6.599000563167149E-5,3.786270762428672E-4,1.5617637577177346E-5,0.0011517848040940174,0.0013371225513583238,1.07890941199873E-4,1.9723831983413172E-4,0.0010624444319359877,0.001686940078820461,1.7358569079079876E-5,1.276975766176468E-4,8.60636501612549E-4,0.0017121123650658643,3.881973896494063E-4,0.015329399310315609,0.001106698104458484,5.114357545777378E-5,0.0036594476029805072,0.0015988528453726744,0.03600695168881797,4.1965038399410895E-4,1.9472023827835185E-5,0.009913803385468397,7.87504506947834E-5,4.0289261153296925E-5,4.463475275994515E-5,6.499619308626692E-4],[0.05576736608879799,0.0019355700743704774,0.0017205879949210854,2.2605216717283324E-4,0.0017611304384902258,0.0018536807098822234,0.01659206994257473,5.471087473428812E-4,0.0012584487906731388,0.0017026607471904898,0.0017833703413180609,9.68938814752376E-4,0.001136079261553646,1.0,0.0016549832010234568,6.481386884439885E-4,0.008709661236210434,2.8370209258370447E-4,0.0017096519833654034,0.003858140542005656,0.016500696452516297,0.0013291152274376747,8.56283633308117E-4,5.675610822720533E-4,8.677675214094223E-5,9.370755067859803E-4,0.0012468261670014152,0.0016969011786260302,0.0017057233690562163,0.001535419876655004,8.066695051454444E-4,0.0016444685574814313,0.0023019823675029328,6.925249662144324E-4,9.834218462037134E-4,0.0019138583469907253,0.001777112602408724,0.0020186322557562246,0.018325624152667273,0.001714244297544392,0.0014986531268580605,0.00515448837175684,0.0019570504036732833,0.04872330484972566,0.0016456981672175444,0.0012156197125420582,0.005286452067568432,4.244203349783294E-4,0.0014602137124669022,0.0017341291609118431,0.002850066784423879],[0.034786655214922635,0.0016841795381652785,2.3584227290209109E-4,5.430882822013008E-4,0.0012202881537255695,0.001339009866848247,0.03179837890682815,8.174710272254391E-4,5.556067252891565E-4,9.550935897366305E-4,0.0012846428201821643,9.560684512428287E-4,3.920282227642606E-4,0.0016549832010234568,1.0,5.29481596914197E-5,0.0038833920522485478,0.0010755163489689782,1.313040283145435E-4,0.003427030989562839,0.004632010172978757,5.055300704919921E-4,9.104284044494358E-4,8.633225314110505E-4,7.541820504681697E-4,0.0010637598472751065,6.724551701312118E-4,0.001336306669118314,0.001162150393416687,0.0010723862580794496,6.167282302682128E-4,0.0012177237729803498,0.002327696804690657,1.726741787275176E-4,4.960436073518054E-4,0.002544379078452422,0.0012337588532503033,0.002030884049808666,0.023806274313820278,0.0012233150998308205,6.861564580097915E-4,0.0017111937337426718,0.0017397000145211192,0.04803732824605928,8.503346128992217E-4,4.7431193980168883E-4,0.006334780411042809,5.404500597258663E-4,6.584755288872569E-4,0.0016896027011653208,0.002145004635468817],[0.023103979587710967,1.8326514723660607E-4,2.0017247656597458E-5,4.7268797902211623E-5,0.0017369794455351117,0.0018783490496908227,0.035627117999092274,5.1781609780477385E-5,3.7288077421311915E-4,3.652634992407255E-4,0.00201094381980336,1.7836788304445212E-5,2.0908930206748174E-5,6.481386884439885E-4,5.29481596914197E-5,1.0,0.030626015418349948,1.793950486218826E-4,1.1680601124999773E-4,7.118898330653104E-4,0.007579369421381808,8.044080867823308E-5,2.6761074641229714E-5,3.492247279852092E-5,4.447796003189077E-5,1.724500691422469E-4,1.5978103607057946E-5,0.0012156462782209377,3.463365775131976E-4,1.653312836180712E-4,7.722821890380662E-5,0.0014126617170572317,0.001087588873284546,2.0296791644127384E-5,2.1531558113296683E-4,9.309181840353696E-4,8.107741750345319E-4,0.0016828423552602955,0.012874067218852632,3.8900725966891037E-4,8.669172272664628E-5,0.0045027735495129185,0.0014696038096809725,0.020982288576303368,5.614295659037219E-4,1.9310476518302468E-5,0.011091158345438232,1.0060151844609262E-4,8.578582766398502E-5,0.0013731606257294515,1.0097964579010914E-4],[0.0625,0.03532767888871541,0.0322197708068907,0.01959699424029347,0.05300736800268719,0.007061500263333447,0.04829151512058329,0.0024937479505796264,0.022283951620486065,0.05367270005613335,0.01004431758411247,0.03109211195598908,0.04476578798434209,0.008709661236210434,0.0038833920522485478,0.030626015418349948,1.0,0.011196202348827067,0.007412606573508495,0.00648377219338411,0.05164714682317192,0.0295855319429679,0.014791764953145855,0.048051246871583,0.031518180676403294,0.060259520037548,0.046913616043080475,0.060976456524347106,0.01801901798252053,0.03635972387615644,0.031546696402585526,0.061026743979160095,0.024806997136679217,0.01058724552727778,0.04421880230360642,0.03469069600722015,0.0317612326354824,0.026923867905933395,0.029805652844632817,0.060286218594241665,0.016869610916863863,0.04517556814844646,0.05210321308109757,0.0597874104010655,0.057263589279340145,0.022010697473830224,0.05881744242877632,0.051376140475015805,0.023049418820923245,0.0537979519786546,0.046985455071514595],[0.024365628795860097,9.334095803059305E-4,1.6209332776954537E-4,1.6645118047791706E-4,3.3180828072089424E-4,3.795875412203263E-4,0.023862742907056568,1.9201229278327812E-4,2.311299331490479E-4,2.679312955042414E-4,0.001616687196062308,1.5800812423171282E-4,4.084673559680703E-5,2.8370209258370447E-4,0.0010755163489689782,1.793950486218826E-4,0.011196202348827067,1.0,1.6982630091850014E-4,0.003487694736784996,0.019670527311714498,2.0748963988433255E-4,1.670803660602326E-4,1.936081047331571E-4,1.965130195721727E-4,3.8110508157660167E-4,4.346517596587633E-5,0.0014494250359822253,0.0015293421044519611,2.0205309305706902E-4,2.4037383713449074E-4,7.775268383545127E-4,2.2872618519576823E-4,7.250018526225824E-5,2.5237200547963297E-4,0.0021113885012326063,4.953899898496053E-4,0.0012677848020359495,0.0034120659104012415,3.764421650157086E-4,1.6783128512173824E-4,0.004053084565563504,3.5065324539869825E-4,0.0504532451026376,4.070786697434704E-4,1.293745576720177E-4,0.01150475919941586,1.6065709481664103E-4,1.5150827734602395E-4,0.0012616916754217117,0.003158677370182336],[0.03995821096089203,0.0015800423636164907,7.455528890696036E-5,1.287309101478518E-4,1.836034146692971E-4,0.0015210066660473094,0.013126592763509018,1.3324585281469992E-4,4.3858146959323513E-4,4.1153126961976003E-4,6.716767387495602E-4,5.180864610914193E-5,4.794080927108998E-5,0.0017096519833654034,1.313040283145435E-4,1.1680601124999773E-4,0.007412606573508495,1.6982630091850014E-4,1.0,5.704443669679197E-4,0.016218005618179227,1.4097589536563775E-4,1.1693903071009759E-4,1.2526668984383198E-4,8.76034868815061E-5,1.5757564871113526E-4,1.689332542253728E-5,6.557564541455033E-4,1.570564460510289E-4,1.743566663936989E-4,1.383904268992613E-4,6.158802941064235E-4,6.352452653814486E-4,1.2103450524205573E-4,1.5922661497856744E-4,0.0015263496419843491,7.271015180643255E-4,3.204417286556114E-4,0.019070743228307086,6.288875907720448E-4,1.352429609289111E-4,0.0026225420950394544,0.0019543519962155497,0.03326695730627006,3.4685238183975104E-4,1.2341969300930445E-4,0.012186155846908018,1.0438507282642822E-4,1.2763085250511413E-4,5.372670512285775E-4,0.0018412609981884537],[0.03297661797093014,0.0036447722960775975,0.0033727218527271146,0.0026178058174187203,0.003094175509279504,0.003117594282006182,0.01068189994174656,0.0011083457377542268,0.001221899337152985,0.0025766775097328365,0.0030841033602084476,0.0018149420644011313,0.003002326233012774,0.003858140542005656,0.003427030989562839,7.118898330653104E-4,0.00648377219338411,0.003487694736784996,5.704443669679197E-4,1.0,0.01767383011297269,0.003533766377325538,0.0015823836455247683,0.002652254952409602,0.0030094410376484957,0.003295783795800109,0.003394876529892363,0.0032483605715290624,0.0025320139748434404,8.550428536490044E-4,0.001099705421415162,0.002188089009554081,0.003382729417232078,0.002953800402843005,0.0024257975910668326,0.0036323469820276596,0.0025596718979503962,0.0025854683057908463,0.025284905570524104,0.0019116288114609005,0.0014430687874066425,0.0050352958710233285,0.0028179100801388854,0.02723927894499349,0.0025475367916944795,0.0031632618551149434,0.011197233654032912,8.382408705852622E-4,0.0023470979357601046,0.003468509189288297,0.0038589136670658356],[0.05397438011065771,0.01984535488361439,0.0041834677941992564,0.011925961608524122,0.011723481251379004,0.016140791787784194,0.030974970876640598,0.006332293807090208,0.004677868920387445,0.006024117222841618,0.014836032355894747,0.007923796463508083,0.002258356791193968,0.016500696452516297,0.004632010172978757,0.007579369421381808,0.05164714682317192,0.019670527311714498,0.016218005618179227,0.01767383011297269,1.0,0.005603043633102359,0.013856879871606515,0.006901222940524183,0.0032413411040611807,0.002277483120583319,0.008332856496039565,0.008954657581970322,0.013858219088790636,0.010499315978675454,3.8235199093395643E-4,0.009867233599934262,0.002875480234149729,0.015050237692923523,4.301740265433603E-4,0.008096798444641614,0.0031511021169077684,0.014129862268720417,0.02238292753882819,0.012631337806550649,0.007534318730204657,0.005763427779163544,0.008020344904454302,0.04164147122958058,0.007012532068530667,0.006101744408675961,0.016124317645243018,0.017822639779177585,0.015273733172256438,0.01358054186711381,0.013096680626860301],[0.04404165426279199,0.001387538302804373,8.817087446720841E-5,1.8994040458823744E-4,5.151756544816244E-4,0.0012471164830914262,0.03365640583326361,1.8469765407593775E-4,3.1669016537620877E-4,4.7490874882137905E-4,0.001531133521027737,1.4329861799172006E-4,1.238507566853422E-4,0.0013291152274376747,5.055300704919921E-4,8.044080867823308E-5,0.0295855319429679,2.0748963988433255E-4,1.4097589536563775E-4,0.003533766377325538,0.005603043633102359,1.0,1.6924990324379845E-4,1.5965297449316957E-4,1.0255687787004747E-4,3.393067829554538E-4,1.6421586832179316E-4,0.0011419511033595611,6.211952728070172E-4,2.132361501163967E-4,2.542531496310981E-4,9.246360835959897E-4,0.0013188299852056706,1.7705373170961834E-4,3.2866347175193014E-4,0.0022130309256412073,8.008671025973012E-4,5.245187363494383E-4,0.018078098836390787,6.450278310650009E-4,1.961077269225784E-4,0.0014380824445758209,0.001386798142341941,0.024130264457227747,4.141716735269115E-4,5.871550086973235E-5,0.003002363115412077,1.1910528485891101E-4,1.5661290550798767E-4,0.0014650196320285156,0.003243271848593754],[0.04269112631698028,0.002192380877717187,2.33421982217501E-5,4.051753406699449E-5,4.867454210754394E-4,6.86821739719343E-4,0.030657401760576793,1.1117787530094442E-4,1.836495714702014E-4,5.320746999449601E-4,0.0020874157212192102,2.506668301023203E-5,2.444667940165386E-5,8.56283633308117E-4,9.104284044494358E-4,2.6761074641229714E-5,0.014791764953145855,1.670803660602326E-4,1.1693903071009759E-4,0.0015823836455247683,0.013856879871606515,1.6924990324379845E-4,1.0,4.839728837214878E-5,6.498099445180468E-5,1.628546107185083E-4,1.9531004231691362E-5,0.0013216165209158671,0.0016427017834764693,1.0071206088520574E-4,8.761763722975275E-5,0.0013470107645147072,0.0021285828839384823,2.0940590954907635E-5,2.443146232769874E-4,4.3671442451603966E-4,0.0019901659666338163,8.133478685771113E-4,0.024980426713815167,8.251240412655842E-5,3.900103704513381E-5,0.0039001093134042753,0.001341964007219838,0.053081039412618096,2.38829067649541E-4,2.9627860474314854E-5,7.440274781244309E-4,8.978909092069138E-5,1.0837717553260405E-4,3.2475817395917164E-5,0.0031898542838812516],[0.021345068731591314,0.0013296094884722727,9.694293271253634E-5,1.216435505139116E-4,0.0011595461379726875,0.0010495207246244281,0.03248942219045068,1.2485350677431917E-4,4.536667471864883E-4,4.0868808296447897E-4,0.0018891438824336273,6.743497126621845E-5,2.955240784150573E-5,5.675610822720533E-4,8.633225314110505E-4,3.492247279852092E-5,0.048051246871583,1.936081047331571E-4,1.2526668984383198E-4,0.002652254952409602,0.006901222940524183,1.5965297449316957E-4,4.839728837214878E-5,1.0,1.0128639202207529E-4,2.5312012018544007E-4,5.265935379903728E-5,5.452596377556146E-4,1.6570073606551094E-4,1.6314558896558172E-4,2.5238436161473916E-4,9.193579672575221E-4,0.0017871414831242877,9.414291747727385E-5,1.1899379280055341E-4,0.0010613168132635388,2.536877021333886E-4,0.001745651899780798,0.016496934396958828,2.6181665126672404E-4,1.2953557809742647E-4,8.475447009634139E-4,0.002266093527892308,0.0048542588676996285,2.2449879648071873E-4,6.286236193475129E-5,0.008031688409487403,1.0291049398504597E-4,1.1169985733860234E-4,5.907897585588755E-4,0.001720399857869582],[0.015519629086428247,0.0018416064282865475,3.308912668713718E-5,1.2191695692281222E-4,8.901409750530123E-4,7.830604850931732E-4,0.01701906605072462,9.387545020460408E-5,4.224800324825259E-4,6.9044681808496E-4,0.0015363783878829815,5.231041680345309E-5,6.599000563167149E-5,8.677675214094223E-5,7.541820504681697E-4,4.447796003189077E-5,0.031518180676403294,1.965130195721727E-4,8.76034868815061E-5,0.0030094410376484957,0.0032413411040611807,1.0255687787004747E-4,6.498099445180468E-5,1.0128639202207529E-4,1.0,3.8434282748823063E-4,3.221215121340438E-5,3.70521785367821E-4,5.74089876970317E-4,1.234792896641505E-4,9.070641562898516E-5,0.0014368885136709748,8.2339766455868E-4,7.15892740486132E-5,3.3940002481699596E-4,0.0022603162326459247,0.0010379206395478495,7.628293287520267E-4,0.0239074826656948,9.99868743849059E-4,1.4231383214227574E-4,0.0030323781929135134,0.0010351415947656697,0.04092062606880627,3.798079588994192E-4,6.691492172759531E-5,0.008555409123265452,9.378475354294071E-5,9.80898141255487E-5,8.337417137341888E-4,0.0038245620383485814],[0.014120547254640374,0.00207137409183165,2.0224219657272703E-4,1.4130529446021694E-4,0.0014033227993939831,9.8790293241419E-4,0.01866759375311258,3.0712712778110067E-4,5.089265223084697E-4,7.329794507709962E-4,0.002095790258772332,3.936628482603243E-4,3.786270762428672E-4,9.370755067859803E-4,0.0010637598472751065,1.724500691422469E-4,0.060259520037548,3.8110508157660167E-4,1.5757564871113526E-4,0.003295783795800109,0.002277483120583319,3.393067829554538E-4,1.628546107185083E-4,2.5312012018544007E-4,3.8434282748823063E-4,1.0,3.8552668262630826E-4,8.065377986040207E-4,0.0012199805418210603,3.443440030513207E-4,3.6299263076885004E-4,9.139834710967113E-4,7.78618784150367E-4,2.2089786285680303E-4,3.4979318890548705E-4,0.0018917367210476042,5.184377521672537E-4,0.0014764850433401976,0.0029732562748781654,8.257527555139577E-4,2.951939310051445E-4,0.005181247136843,0.0017430900109914732,0.05073888541166114,5.812687543678199E-4,3.884060892404935E-4,0.0057571733029918104,3.184344618889171E-4,2.3891046967223231E-4,6.777869129826859E-4,0.0018588781187515312],[0.06028755288568878,0.001832166034943725,1.6551505694754075E-5,7.271351000935199E-5,5.672839104046825E-4,8.917266580327559E-4,0.008768093089366064,4.847023501553149E-5,4.6119898414737775E-4,2.028378756707441E-4,4.919134121989133E-4,1.4290682032255007E-5,1.5617637577177346E-5,0.0012468261670014152,6.724551701312118E-4,1.5978103607057946E-5,0.046913616043080475,4.346517596587633E-5,1.689332542253728E-5,0.003394876529892363,0.008332856496039565,1.6421586832179316E-4,1.9531004231691362E-5,5.265935379903728E-5,3.221215121340438E-5,3.8552668262630826E-4,1.0,1.471825186183106E-4,0.0012523681667650566,1.5541887834133488E-4,2.0846519979347012E-4,8.609453314207871E-4,6.876477733356375E-4,1.5120174147325755E-5,2.8225864539244903E-4,0.0023833133277146997,5.375717442359272E-4,0.0014887194482660364,0.0093157699667916,9.875672858394885E-4,1.3165399257808564E-4,0.002388020841003712,0.0010259367815354354,0.040709156377458915,2.726525877052738E-4,1.5146477053314732E-5,0.004111545790167118,8.469307744709142E-5,4.9531179967991895E-5,0.001539583406634143,4.386970419509302E-4],[0.02510884294755616,0.0018357673679788651,4.944813626898704E-5,2.1072020769116422E-4,0.001744411078147261,0.00164474639538081,0.008108780035052535,0.0014613202159933234,0.0013797016480845189,0.0015995785198033082,0.0016343369956233122,4.309906607419049E-4,0.0011517848040940174,0.0016969011786260302,0.001336306669118314,0.0012156462782209377,0.060976456524347106,0.0014494250359822253,6.557564541455033E-4,0.0032483605715290624,0.008954657581970322,0.0011419511033595611,0.0013216165209158671,5.452596377556146E-4,3.70521785367821E-4,8.065377986040207E-4,1.471825186183106E-4,1.0,0.0016989695165632395,0.0015805904983914657,3.6294144829506696E-4,0.0016108760905512072,0.002234062381905858,0.0012208985203736888,3.574313871492887E-4,0.002553646226709405,0.0020835795965761053,0.0019880146090920717,0.007312176492665892,0.0014215444583925286,6.178697397783265E-4,0.0017389410817230707,0.001781000795033152,0.0026249126295210404,0.0011664062679856218,2.5991349212762583E-4,0.0029339235706534418,0.0015377550418573347,0.001198628279653657,0.0016904934818150535,0.002536108288661422],[0.04079245103949069,0.002175392900755513,0.0012954852093680193,5.188377554164793E-4,0.001769423693374562,0.0020436039126630998,0.011876566696767453,0.0012782194650498519,8.446745009622743E-4,8.490257673191532E-4,0.0020588571555698342,7.922635431668295E-4,0.0013371225513583238,0.0017057233690562163,0.001162150393416687,3.463365775131976E-4,0.01801901798252053,0.0015293421044519611,1.570564460510289E-4,0.0025320139748434404,0.013858219088790636,6.211952728070172E-4,0.0016427017834764693,1.6570073606551094E-4,5.74089876970317E-4,0.0012199805418210603,0.0012523681667650566,0.0016989695165632395,1.0,0.0014013788757725814,0.0014239252587262372,0.001608733445970434,0.001903888308875003,4.5320764560557704E-4,0.0013834807070855508,0.001845787225610762,0.0020406537212439312,0.0018077822192716232,0.018407276046828434,0.0013187407043503188,6.02299282925361E-4,0.004122824313709814,0.0018669631294182469,0.03336110657983875,8.777270397410013E-4,3.2471868576053163E-4,0.011144236554079005,5.225119234689209E-4,0.0014778071377311085,0.0017035775127768314,0.0031224805217629453],[0.003295611268905184,7.736800251879419E-4,4.089004491573194E-5,1.606830349831832E-4,0.0013577340253659682,0.0015527020972744235,0.01404411162192878,1.6122852193343253E-4,3.926424704887383E-4,6.180315229165641E-4,0.0014071033590282985,1.6489884462353015E-4,1.07890941199873E-4,0.001535419876655004,0.0010723862580794496,1.653312836180712E-4,0.03635972387615644,2.0205309305706902E-4,1.743566663936989E-4,8.550428536490044E-4,0.010499315978675454,2.132361501163967E-4,1.0071206088520574E-4,1.6314558896558172E-4,1.234792896641505E-4,3.443440030513207E-4,1.5541887834133488E-4,0.0015805904983914657,0.0014013788757725814,1.0,2.11744839879331E-4,0.001288169252445792,0.00175296308838145,7.765174346172107E-5,2.428836849509423E-4,0.0025093102074511112,7.990414053678934E-4,0.001934507514064192,4.4340671380403213E-4,3.032820320575278E-4,1.70054141795195E-4,0.0036458742695897727,7.478197367644173E-4,0.036509476677058415,3.410301917177977E-4,7.075623610140362E-5,0.007988471577593142,1.3565615948428331E-4,1.631272908180192E-4,0.001150655101110938,4.7278576750902105E-4],[0.004055685391806588,0.0017358400668759147,1.4277094894127315E-4,2.6131083003099994E-4,5.693637374461113E-4,0.0014021390776041123,0.004981886758936508,1.6853748893440567E-4,3.268536128099071E-4,3.704013182710381E-4,7.03450818856647E-4,1.5602311019040255E-5,1.9723831983413172E-4,8.066695051454444E-4,6.167282302682128E-4,7.722821890380662E-5,0.031546696402585526,2.4037383713449074E-4,1.383904268992613E-4,0.001099705421415162,3.8235199093395643E-4,2.542531496310981E-4,8.761763722975275E-5,2.5238436161473916E-4,9.070641562898516E-5,3.6299263076885004E-4,2.0846519979347012E-4,3.6294144829506696E-4,0.0014239252587262372,2.11744839879331E-4,1.0,9.401279767634865E-4,3.2572814682957786E-4,1.904813511634886E-5,2.977931947724557E-4,0.002534069710821641,0.0018446688725541375,0.0018865435421315632,0.018944414213717217,0.0010787439211517118,2.67923333182722E-4,0.002886353159357479,0.0014842994726334893,0.04128238481935182,5.520067825549389E-4,4.7585145272762115E-5,0.004673655205403154,2.5625057217953397E-4,2.5619748093575097E-4,6.699967214634512E-4,0.0028869041295847466],[0.012324861878750822,0.0018248391008979777,7.977917444612122E-4,0.0012071862254988239,0.001679813740221122,0.0018864092465761186,0.015494542237782419,0.0014951797294671468,5.942958232212886E-4,0.001502745621731077,0.0017181923888990559,0.0010226594133191727,0.0010624444319359877,0.0016444685574814313,0.0012177237729803498,0.0014126617170572317,0.061026743979160095,7.775268383545127E-4,6.158802941064235E-4,0.002188089009554081,0.009867233599934262,9.246360835959897E-4,0.0013470107645147072,9.193579672575221E-4,0.0014368885136709748,9.139834710967113E-4,8.609453314207871E-4,0.0016108760905512072,0.001608733445970434,0.001288169252445792,9.401279767634865E-4,1.0,0.0016395959302347633,0.0011402148260485187,9.238316515591724E-4,0.0017344160469503207,0.0017290525999849966,0.00177754425595125,0.0212797724029404,0.001440307558032059,6.68850817937787E-4,0.00515918268460595,0.002044366628600547,0.04251415740711683,7.488576909262042E-4,2.315650417858301E-4,0.010225734568440333,7.943873665207719E-4,0.0012239603200254407,0.0015371324922726693,0.0017358519614213102],[0.05117352017615407,0.0022803005900585323,6.764386608868687E-4,0.0013993940338206596,0.0020839398742805147,0.0022297447377270666,0.005100269020825594,0.0017924781442259356,0.0013800901613553061,9.367537397831217E-4,0.0022767336522068003,4.1309145615646653E-4,0.001686940078820461,0.0023019823675029328,0.002327696804690657,0.001087588873284546,0.024806997136679217,2.2872618519576823E-4,6.352452653814486E-4,0.003382729417232078,0.002875480234149729,0.0013188299852056706,0.0021285828839384823,0.0017871414831242877,8.2339766455868E-4,7.78618784150367E-4,6.876477733356375E-4,0.002234062381905858,0.001903888308875003,0.00175296308838145,3.2572814682957786E-4,0.0016395959302347633,1.0,9.528346897155062E-4,0.0012108821359002636,0.0025475539000842915,0.002317150937165051,0.002248503490147153,0.02091665724959914,0.002058230900946852,0.0021562435047888383,0.003723952258914859,0.0023669385815855365,0.010290200834587225,0.0012399450134904968,0.0012412416592810123,0.008411903086387968,4.638416445563893E-4,0.0010413955490878185,0.0020710475089777496,0.0031916027704218357],[0.006616962861846127,8.739874431149227E-5,1.5274021726404594E-5,8.357516971189628E-5,0.001460635729471632,5.627235058147388E-4,0.020344972916038474,2.725195621805813E-5,3.881996377532986E-4,3.8142070781442284E-4,3.7894487466331355E-4,1.2030297327689889E-5,1.7358569079079876E-5,6.925249662144324E-4,1.726741787275176E-4,2.0296791644127384E-5,0.01058724552727778,7.250018526225824E-5,1.2103450524205573E-4,0.002953800402843005,0.015050237692923523,1.7705373170961834E-4,2.0940590954907635E-5,9.414291747727385E-5,7.15892740486132E-5,2.2089786285680303E-4,1.5120174147325755E-5,0.0012208985203736888,4.5320764560557704E-4,7.765174346172107E-5,1.904813511634886E-5,0.0011402148260485187,9.528346897155062E-4,1.0,2.944106193896642E-4,0.001358892086535483,8.807719166365458E-4,0.0019247354463373346,0.0060404621961402645,4.213709248078852E-4,1.4340243980423212E-4,0.003908229942995796,1.1659511377058738E-4,0.04473585796387233,1.9062104708062158E-4,1.1430906668268628E-5,0.00902866175873011,8.04020632575747E-5,6.114145403766481E-5,0.0015834795766878223,2.2796453923778183E-4],[0.012033480604377856,0.00123007887374645,9.718142168025609E-5,3.09057485439231E-4,6.674611611942559E-4,0.0020265021805255597,0.019021572902104218,2.919053688890835E-4,3.7559360297295045E-4,5.44603455013405E-4,5.199347122730435E-4,3.245733628115964E-4,1.276975766176468E-4,9.834218462037134E-4,4.960436073518054E-4,2.1531558113296683E-4,0.04421880230360642,2.5237200547963297E-4,1.5922661497856744E-4,0.0024257975910668326,4.301740265433603E-4,3.2866347175193014E-4,2.443146232769874E-4,1.1899379280055341E-4,3.3940002481699596E-4,3.4979318890548705E-4,2.8225864539244903E-4,3.574313871492887E-4,0.0013834807070855508,2.428836849509423E-4,2.977931947724557E-4,9.238316515591724E-4,0.0012108821359002636,2.944106193896642E-4,1.0,6.732143810029622E-4,9.765496227485082E-4,5.636859206918434E-4,0.022814810465212196,4.915548693439885E-4,2.3987140593427166E-4,7.121203895842888E-4,7.431905000089952E-4,0.043842463637273135,5.834659245959269E-4,3.0951759916401694E-4,0.011434728567410686,2.791538467475424E-4,1.9981017477820284E-4,0.0011499292821484737,0.002249050251629233],[0.023519587276060697,0.002459644715667797,0.0010729769089112202,0.0018321919976850155,0.0023007540735474753,0.0022383643777515844,0.014622072124506327,5.690088431241941E-4,9.100173284530423E-4,0.001931970803889863,0.0021667575614387714,5.155343717426903E-4,8.60636501612549E-4,0.0019138583469907253,0.002544379078452422,9.309181840353696E-4,0.03469069600722015,0.0021113885012326063,0.0015263496419843491,0.0036323469820276596,0.008096798444641614,0.0022130309256412073,4.3671442451603966E-4,0.0010613168132635388,0.0022603162326459247,0.0018917367210476042,0.0023833133277146997,0.002553646226709405,0.001845787225610762,0.0025093102074511112,0.002534069710821641,0.0017344160469503207,0.0025475539000842915,0.001358892086535483,6.732143810029622E-4,1.0,0.0026153867811643415,0.0024643146441651713,0.025034273114422585,0.002160276381227416,0.0020394102791853287,0.0027687157956789977,0.0025841204894392544,0.03293175876442517,0.0025449665636518215,0.002429074848853065,0.00871577386423452,0.0012454824381948502,0.002057898951746418,0.0019224627232696957,0.0031964083601499424],[0.05037971038617664,0.0022185155021624244,0.001636512516460208,7.047688795730535E-4,0.0019481072168286715,0.0022031397612036745,0.01277929688959439,0.0011641590999238375,0.0016155904322123196,0.0010165182446027657,0.0021518379858052575,0.00133966486956031,0.0017121123650658643,0.001777112602408724,0.0012337588532503033,8.107741750345319E-4,0.0317612326354824,4.953899898496053E-4,7.271015180643255E-4,0.0025596718979503962,0.0031511021169077684,8.008671025973012E-4,0.0019901659666338163,2.536877021333886E-4,0.0010379206395478495,5.184377521672537E-4,5.375717442359272E-4,0.0020835795965761053,0.0020406537212439312,7.990414053678934E-4,0.0018446688725541375,0.0017290525999849966,0.002317150937165051,8.807719166365458E-4,9.765496227485082E-4,0.0026153867811643415,1.0,0.0021827236990795804,0.010200656171551241,0.0012609724055027535,0.0016028750912484074,0.002982324389360586,0.0023152844543584752,0.014783916396463773,0.0018277356051097837,0.0014614408002650227,0.012854315227970963,0.0017971435134217571,1.9759065791672233E-4,0.0021882177171049463,0.003746229740331118],[0.06021543864685859,0.0022516301475593195,0.0010737511134696464,0.0012446102100104805,0.001954596701664639,0.0021120496900150017,0.00941712146671377,0.001782295410204074,0.0019283927683054686,0.002067219582898264,0.00212483087893455,4.3103840591665146E-5,3.881973896494063E-4,0.0020186322557562246,0.002030884049808666,0.0016828423552602955,0.026923867905933395,0.0012677848020359495,3.204417286556114E-4,0.0025854683057908463,0.014129862268720417,5.245187363494383E-4,8.13347