[[1.0,0.0011873430821169127,3.2576780866398866E-4,3.459864156659221E-4,0.0057474293154538125,0.0012778888485107604,0.001042272614664476,0.01767077245668489,0.0036092262418018924,0.00113221033299105,0.005192015096558485,0.0016416979181112022,0.0011477369726480648,0.0015201696275609256,2.721138677548233E-4,1.7621168428964978E-4,4.1387760271099584E-5,9.964029952121069E-5,0.0292502246463805,9.376489123843707E-4,1.5743818802679268E-4,0.0032921642587720626,5.684120144472243E-4,1.0031530124301127E-4,0.030268046217007915,1.2885618269899217E-4,2.7519258927229074E-4,0.006222578035448288,1.9677660152129386E-4,2.12254927632605E-4,4.1000157241080377E-4,2.3501096962704103E-4,4.386775088777719E-4,0.005585954776134447,4.071760073182424E-4,2.2263963426707084E-4,6.670787769503335E-4,1.9487014891751816E-4,1.9967413908167364E-4,0.0010370337382962715,0.007277735838575892,1.411679179532828E-4],[0.0011873430821169127,1.0,0.001613772523819989,0.0012622425568416156,0.010990428438415937,0.0022960779551313725,0.0016242467157717752,0.018530344159083063,0.00859542002582958,0.0018339894413481642,0.020171168563293373,0.001824015590764906,0.001802549367112572,0.0017515087548163216,0.0013562768022894647,0.0010530304865023635,8.936260183570043E-4,0.001482600997830197,0.022131286317526283,0.0017765846152379367,1.3800669362880455E-4,0.004123618931086811,0.001517635252827968,0.0015091151458771182,0.024165949044425903,7.813625702874345E-5,7.090445061964738E-4,0.006930870812354944,8.124486196920229E-4,0.0013808555686181257,0.0010692787991976294,3.7101394847190156E-4,0.0011724354811491512,0.002576640694070776,7.605992826356508E-4,0.0015468516508575865,0.001425014726590893,0.0016337997757874523,3.2138844446317143E-4,0.0016052911876475709,0.007872914339201302,0.0011545204347360558],[3.2576780866398866E-4,0.001613772523819989,1.0,0.0014036844995169021,0.007450238498359476,0.0022126331275253513,0.0014944009623953276,0.020601920058937146,0.014582394791244686,0.0016309883256097346,0.011670457192508329,0.0019748269692150913,0.001618022715138343,0.0016517710167000823,9.942676672630487E-4,0.0012952340124014019,1.4580848933193404E-5,9.135997943787938E-4,0.006108442269781702,0.0017928819226268747,3.301762119472252E-4,0.0021860818903271092,8.058681367181319E-4,0.0013874200659231407,0.023877245418770815,0.001516108025098186,7.78169903541521E-4,0.006807017741625384,4.6570315407390433E-4,0.0012367595010192337,0.0011217065614152885,3.3730038168215334E-4,0.0012220366088126302,0.006091101821528699,0.0010011152816118737,8.849297291646453E-4,0.0013336557349038771,0.001292238447478753,0.0012385942330259267,0.0015052461251829974,0.004494140418457933,2.669000312423384E-4],[3.459864156659221E-4,0.0012622425568416156,0.0014036844995169021,1.0,0.008024066146037115,0.0010622734435195252,0.0011684411216529738,0.019105160987343637,0.014465250714778203,0.0015698299738377062,0.0069715351368026405,0.0013547152879970976,0.0017154014879136492,0.0010194642857017518,4.979142128039136E-4,6.928156487408022E-4,6.869264165568026E-4,5.775611328249365E-4,0.01699451524438949,0.0013393068666594447,3.6090627814653134E-4,0.005739174465844939,7.999121310181183E-4,2.419428381370809E-4,0.013487885083268578,5.77542141379057E-4,6.936324564929323E-4,0.007275118478230266,3.05965730508237E-4,5.66564373823098E-4,7.119751363083868E-4,2.5385157146064744E-4,5.724612607490087E-4,0.0016855786991565713,7.395029859690882E-4,6.169659685299471E-4,8.059177764834563E-4,5.184667643772361E-4,2.884225251553408E-4,8.23268005429506E-4,0.009894711414574896,5.716178776314226E-4],[0.0057474293154538125,0.010990428438415937,0.007450238498359476,0.008024066146037115,1.0,0.011972633240876947,0.003884857510822414,0.01790456312187001,0.015766856781095816,0.00538552553857943,0.021240359266624008,0.007121448284586208,0.009573427586194061,0.002814567817055528,0.0025581758581652587,0.011563039683785652,9.758159648326172E-4,0.0052715828602522136,0.03708038291039941,0.0055084487196189885,0.013384527492490557,0.011104509565111973,0.007081745028005284,0.0022991038907531985,0.029277263998929715,0.007946987202708854,0.014086143062513051,0.01056748518211003,8.031839976178673E-4,0.002165631114827246,0.00849812782127734,0.00559318672582977,0.010848299028860866,0.008866632870021969,0.013988819316507715,0.005689858412083719,0.007879694701132383,0.0076927869289590885,0.002399808088163406,0.01431709262615204,0.01213844248350881,0.009028687124137375],[0.0012778888485107604,0.0022960779551313725,0.0022126331275253513,0.0010622734435195252,0.011972633240876947,1.0,0.0013996949781955115,0.021558439816919656,0.0036172609850732952,0.002204398099289741,0.02269667066916984,0.0025005621206570083,0.0021564908233846864,0.0021207090213827677,0.001894862994752533,0.001332752269670475,0.0016602334065815303,1.7005595820877023E-4,0.01914135623062533,0.0023848657827761775,0.001131436795438657,0.006401700248820842,0.0018219509993986768,0.001005764854829011,0.029273342744162007,0.0014597205925060582,0.0015372125743301724,0.002781854209923609,0.001019769540236606,0.0014243958316738213,0.0010870298174758704,9.576156151801331E-4,0.0019891527390006928,0.004674352782236723,0.0024055622234615197,6.647430036720782E-4,0.002024176495609892,0.0012371286911678242,0.0014824499915096667,0.0017067879867620978,0.009997339527177074,0.001672165404212119],[0.001042272614664476,0.0016242467157717752,0.0014944009623953276,0.0011684411216529738,0.003884857510822414,0.0013996949781955115,1.0,0.008853991788017561,0.014413843618599426,0.0014168666179536827,0.005809177479835121,0.0019401996373575457,0.0017950243943917494,0.0012332060295143347,6.619771601336837E-4,0.00114905950255241,9.340692288717317E-4,5.933300308920474E-4,0.026203321886263724,0.0018134634826122097,9.691715004948941E-4,0.006202994314143931,0.0011603622814933593,7.818382730202818E-4,0.026609429412520553,1.9293591873080165E-4,4.2976454706266417E-4,0.0014721288227769241,1.113819735739074E-4,7.48541093068111E-4,6.463823786321366E-4,4.192688681841434E-4,8.060581696553347E-4,0.005523922417411795,5.586762641824242E-4,3.911756422913137E-4,0.001194487663759083,0.0012013458879318944,2.635540174264423E-4,0.0013019319800613327,0.007645067113747392,0.0011252922121051266],[0.01767077245668489,0.018530344159083063,0.020601920058937146,0.019105160987343637,0.01790456312187001,0.021558439816919656,0.008853991788017561,1.0,0.02057355730191696,0.015063372791558774,0.02264757440597422,0.021737262351885448,0.019021533782889267,0.018978464550105118,0.0064324541028913445,0.004598667190082955,0.004280267104905881,0.009929947746662202,0.04347370799029971,0.018343042515437544,0.0035999407639668536,0.019567239536471374,0.006749202218703836,0.015131709842904304,0.028845045775399585,0.013907300729981116,0.009986188065619364,0.018077831471237187,0.008330761822161066,0.012322552482381451,0.016367872023662074,0.01684818820318921,0.014780098845843198,0.017367175348535203,0.014264910698861656,0.019600218814558482,0.012206629602998285,0.014104954450933752,0.005175505062041102,0.0024016209820226847,0.01514967946835152,0.01684708783659777],[0.0036092262418018924,0.00859542002582958,0.014582394791244686,0.014465250714778203,0.015766856781095816,0.0036172609850732952,0.014413843618599426,0.02057355730191696,1.0,0.00626799387657605,0.020526812918055803,0.014000305108854725,0.015560520409659226,0.016720265512695447,0.006436251160933854,0.010378164656951546,0.010850330535631171,0.00235826615478257,0.018831152742354536,0.010667031263563302,0.004450692351992607,0.008957942313005335,0.009390957712917382,0.0010688923871783093,0.01698159814833442,1.5648210351357247E-4,0.002749940656112987,0.013096950876216878,0.004909799781028354,9.083798105988255E-4,0.00692482780847805,0.0012856621209807089,0.0021401723750778217,0.013524330329572213,0.00869228866304746,0.013310458658602014,0.0030781505147260127,8.130574298938707E-4,0.010476465853140382,0.014726872043547265,0.013102502585340816,0.01296684537017871],[0.00113221033299105,0.0018339894413481642,0.0016309883256097346,0.0015698299738377062,0.00538552553857943,0.002204398099289741,0.0014168666179536827,0.015063372791558774,0.00626799387657605,1.0,0.019632707119186736,0.0024331272129064383,0.0018264880106783191,0.0017906761282443994,1.719540605529919E-4,0.0017965370347275084,4.171200146259806E-4,0.0016452230818114171,0.061131012273682,0.0019261320683428551,0.001556684192965573,0.0030424784871893357,0.001528654076870105,0.0017825127505993095,0.010710808639446253,2.2451470093488932E-5,0.0017291929738487023,0.005161279864263351,6.930732051137542E-4,0.0016028743109165228,8.309274861013765E-4,0.0011901028666956093,0.0015167462277198337,0.004967731490939166,6.025760938322322E-4,0.0016210933952487232,0.0013710273472299639,0.0011245595821470216,0.0011210009456275429,0.0016565691734556878,0.010133334423332795,0.0016509220751438412],[0.005192015096558485,0.020171168563293373,0.011670457192508329,0.0069715351368026405,0.021240359266624008,0.02269667066916984,0.005809177479835121,0.02264757440597422,0.020526812918055803,0.019632707119186736,1.0,0.014415188557261469,0.019999483047793427,0.004672265817789033,7.224340553936742E-4,0.018423515799227578,0.011473641354417167,0.004577225405930634,0.05526537774484725,0.014062895245898214,0.02142948944956866,0.01775536299418775,0.015890519990350214,0.02157171515279851,0.0292354614112958,0.006213649861221058,0.01923118555531209,0.017091925290224953,0.014865435048510853,0.006329159818572559,0.006444151994329503,0.0014153294319634332,0.01117336305609362,0.01063879074269165,0.011092031888196996,0.003075854780814681,0.020334142622182343,0.020776643395282943,0.010738155194360954,0.006803978930987418,0.0107746266142742,0.0023649301286150374],[0.0016416979181112022,0.001824015590764906,0.0019748269692150913,0.0013547152879970976,0.007121448284586208,0.0025005621206570083,0.0019401996373575457,0.021737262351885448,0.014000305108854725,0.0024331272129064383,0.014415188557261469,1.0,0.001994905253441444,0.002492413543109839,0.0023815233208848378,3.657447966867064E-4,5.831614434266567E-4,0.0015316287893497908,0.033812990413264285,0.0020241950773807007,0.0017513498183138727,0.007325868203108822,0.0020419987197929025,6.604578361342657E-4,0.00989262922421888,0.0023116224578292825,2.4106452470856559E-4,0.006834249460429863,0.0016107625488048847,0.002280239680680528,0.0019186182908135319,0.0012903956353513073,0.0019054595380930996,0.0054578607211675356,0.0021705237462197676,0.002278412559904094,0.002040638540040716,8.891559635311524E-4,2.198295120699451E-4,0.0013883871405813472,0.009886997601346289,0.0016505542740453893],[0.0011477369726480648,0.001802549367112572,0.001618022715138343,0.0017154014879136492,0.009573427586194061,0.0021564908233846864,0.0017950243943917494,0.019021533782889267,0.015560520409659226,0.0018264880106783191,0.019999483047793427,0.001994905253441444,1.0,0.0018130893144942173,6.724490219920126E-4,0.0015136351563362987,0.0012315009872202265,0.0017199588162457472,0.04761423739681274,0.001843591016692622,0.0015119759007606215,0.002856673886605857,0.0013095263378589278,7.327058491604695E-4,0.0065878150833470865,0.0015596864320151676,0.0010793194646387255,0.008321077112771663,1.5968605790145627E-5,0.0016394397965092081,0.0017613212379480095,5.450308261177757E-4,9.904178546832547E-4,0.004256446910262442,0.0010720643381691122,4.579972269303272E-4,0.0013475164919003273,0.0016150995135585894,0.0013603930318263834,0.0017467150161956746,0.006755301603293892,8.301319598678638E-4],[0.0015201696275609256,0.0017515087548163216,0.0016517710167000823,0.0010194642857017518,0.002814567817055528,0.0021207090213827677,0.0012332060295143347,0.018978464550105118,0.016720265512695447,0.0017906761282443994,0.004672265817789033,0.002492413543109839,0.0018130893144942173,1.0,1.9532746019992566E-4,0.0010454582900766224,6.08672909999033E-4,0.0011538171702838189,0.06061886007597377,0.0017811483769016158,0.0015464778997004453,0.007979681396231323,9.094640541753286E-4,7.699760895361671E-4,0.0206807637173046,1.647288488383555E-4,5.908437972519105E-4,0.005673614295024611,3.147196761052267E-4,7.982227215716495E-4,0.0011213673255393512,0.0010073684998949382,0.0016437125355259928,0.0034487958637475537,0.0010317112841955614,6.69722342551364E-4,0.001261781442842282,3.35199166957187E-4,4.886046810931394E-4,0.0017568031628867192,0.007210383998760689,9.361526267222703E-4],[2.721138677548233E-4,0.0013562768022894647,9.942676672630487E-4,4.979142128039136E-4,0.0025581758581652587,0.001894862994752533,6.619771601336837E-4,0.0064324541028913445,0.006436251160933854,1.719540605529919E-4,7.224340553936742E-4,0.0023815233208848378,6.724490219920126E-4,1.9532746019992566E-4,1.0,5.200545895469967E-5,1.5527675781659726E-5,2.387622671002814E-5,0.03582856979887022,0.0011119234437866024,4.719346461631282E-5,0.0020438094059560307,6.024607685901062E-4,1.7131785595504162E-5,0.0025742837796713038,1.9393487991226975E-5,2.292719074638814E-5,0.005535286541024425,1.2709050427104661E-5,1.4891277751077118E-5,2.4151227994189826E-4,2.809560210425939E-5,1.007438152917507E-4,0.00472650795579518,4.185641947186092E-4,2.2467440293689803E-5,5.535574435194711E-4,1.3486943711751243E-4,9.194647199159227E-5,3.0140549127806535E-4,0.0077851717374575035,1.6926250451656027E-5],[1.7621168428964978E-4,0.0010530304865023635,0.0012952340124014019,6.928156487408022E-4,0.011563039683785652,0.001332752269670475,0.00114905950255241,0.004598667190082955,0.010378164656951546,0.0017965370347275084,0.018423515799227578,3.657447966867064E-4,0.0015136351563362987,0.0010454582900766224,5.200545895469967E-5,1.0,6.06466768322948E-5,4.858310603190302E-5,0.03966190209375736,0.0016836375941376353,1.2980374216658462E-4,0.0011313418889314318,7.422095388812365E-4,7.02412605503852E-5,0.010055117414593175,8.373527325617113E-5,1.752525498663074E-4,3.2694756415308716E-4,5.2428153969857826E-5,8.112496923414297E-5,2.4125657692544277E-4,6.355140150093761E-5,2.247863904669497E-4,0.0033377678808398366,3.266643425982793E-4,4.224104788165199E-5,9.008257894179624E-4,1.4402375544029494E-4,1.3530210748267233E-4,6.411590635930398E-4,0.005706803088872351,1.3418872831194513E-4],[4.1387760271099584E-5,8.936260183570043E-4,1.4580848933193404E-5,6.869264165568026E-4,9.758159648326172E-4,0.0016602334065815303,9.340692288717317E-4,0.004280267104905881,0.010850330535631171,4.171200146259806E-4,0.011473641354417167,5.831614434266567E-4,0.0012315009872202265,6.08672909999033E-4,1.5527675781659726E-5,6.06466768322948E-5,1.0,1.8281722717193745E-5,0.06102356157848556,1.641498308583124E-4,1.1449944746513733E-4,4.917339990302159E-4,6.805294117235965E-4,1.2329336143450604E-5,0.0062030828177375595,1.721576752684617E-5,8.096766476888225E-5,0.007328792437133857,1.2875581170967118E-5,1.360894918067949E-5,3.1306157086059946E-4,2.197986785337515E-5,2.0599399579770337E-4,0.0019596939666012485,1.950360239576383E-4,2.3206776879828993E-5,8.444265978658915E-4,5.001170181851505E-5,7.95338051753639E-5,0.0010602967130430103,0.005109989981835016,1.2141401072098775E-5],[9.964029952121069E-5,0.001482600997830197,9.135997943787938E-4,5.775611328249365E-4,0.0052715828602522136,1.7005595820877023E-4,5.933300308920474E-4,0.009929947746662202,0.00235826615478257,0.0016452230818114171,0.004577225405930634,0.0015316287893497908,0.0017199588162457472,0.0011538171702838189,2.387622671002814E-5,4.858310603190302E-5,1.8281722717193745E-5,1.0,0.028990131112688913,6.962223144497135E-4,7.595792426720081E-5,0.004820731231649206,7.31723309333484E-4,2.416965510058354E-5,0.01560934060902709,1.963619050491699E-5,1.5961627483303034E-4,0.00419488095344814,2.0951420649956894E-5,2.4588270639309146E-5,1.812932847231763E-4,3.003793856433915E-5,2.8657092931322483E-4,4.562166931324143E-4,4.376123180314755E-4,2.6734976275622846E-5,9.923396390269924E-4,3.988671794926459E-5,5.2503193567863285E-5,0.0013049377873238471,0.002713071724390497,1.9525233373513223E-5],[0.0292502246463805,0.022131286317526283,0.006108442269781702,0.01699451524438949,0.03708038291039941,0.01914135623062533,0.026203321886263724,0.04347370799029971,0.018831152742354536,0.061131012273682,0.05526537774484725,0.033812990413264285,0.04761423739681274,0.06061886007597377,0.03582856979887022,0.03966190209375736,0.06102356157848556,0.028990131112688913,1.0,0.05319275526918256,0.05369857657270588,0.009240415699577169,0.014529182282083717,0.045781733953570415,0.0338262151206424,0.039673072620329146,0.059833999040914264,0.06064673020674068,0.02300321592600481,0.05791458347202273,0.007336767583055667,0.0582449367727383,0.050921526163773066,0.026288158587682842,0.027533297586584047,0.007734711147956877,0.006453360514788403,0.04552866950784687,0.0012242436652857187,0.055648407265663107,0.058476692295379114,0.04765041437141909],[9.376489123843707E-4,0.0017765846152379367,0.0017928819226268747,0.0013393068666594447,0.0055084487196189885,0.0023848657827761775,0.0018134634826122097,0.018343042515437544,0.010667031263563302,0.0019261320683428551,0.014062895245898214,0.0020241950773807007,0.001843591016692622,0.0017811483769016158,0.0011119234437866024,0.0016836375941376353,1.641498308583124E-4,6.962223144497135E-4,0.05319275526918256,1.0,7.38931425010407E-4,0.007426804732614762,0.001511246114754896,0.001002038900202944,0.01073027240032492,3.813611195550965E-4,3.375471962960715E-4,0.005470664937361265,9.93986545080175E-4,0.00158426722677897,8.500292424012216E-4,0.0016248076742990997,0.0019321476538698636,0.0028792523592021182,0.0015790611739535895,9.290820995979508E-4,0.0014025244718036585,0.0019183471020221491,4.333696459911129E-4,0.0014731111886835198,0.010098997531930193,1.3540068914098767E-4],[1.5743818802679268E-4,1.3800669362880455E-4,3.301762119472252E-4,3.6090627814653134E-4,0.013384527492490557,0.001131436795438657,9.691715004948941E-4,0.0035999407639668536,0.004450692351992607,0.001556684192965573,0.02142948944956866,0.0017513498183138727,0.0015119759007606215,0.0015464778997004453,4.719346461631282E-5,1.2980374216658462E-4,1.1449944746513733E-4,7.595792426720081E-5,0.05369857657270588,7.38931425010407E-4,1.0,9.071254168658332E-4,4.2558408292584903E-4,7.355209279214824E-5,0.004092467068660769,7.687691425958208E-5,1.8568619407738585E-4,0.0042821617473992,3.2166620777175036E-5,1.022332351050687E-4,1.7913150587703602E-4,9.215075469798228E-5,2.506678735229961E-4,0.004103457752307273,2.5790716150186514E-4,8.909450014519963E-5,0.0011831246979732517,1.463525731386306E-4,1.137679619024831E-4,6.695722292553187E-4,0.005810032434554462,4.233483013967984E-5],[0.0032921642587720626,0.004123618931086811,0.0021860818903271092,0.005739174465844939,0.011104509565111973,0.006401700248820842,0.006202994314143931,0.019567239536471374,0.008957942313005335,0.0030424784871893357,0.01775536299418775,0.007325868203108822,0.002856673886605857,0.007979681396231323,0.0020438094059560307,0.0011313418889314318,4.917339990302159E-4,0.004820731231649206,0.009240415699577169,0.007426804732614762,9.071254168658332E-4,1.0,0.004116949362984301,0.007871415148408384,0.01435371988512304,0.0023322051291770566,0.0027910038026579594,0.008726355831642729,0.004768760888681118,0.006350448092212045,0.007802903720933669,0.007679920028760875,0.0038485448513691056,0.006831346417494193,0.006652643984161761,6.433133753846792E-5,0.005798911316211108,0.007930318606096044,0.001577030127230305,0.004621970885508331,0.009040862009682599,0.0017025047483313707],[5.684120144472243E-4,0.001517635252827968,8.058681367181319E-4,7.999121310181183E-4,0.007081745028005284,0.0018219509993986768,0.0011603622814933593,0.006749202218703836,0.009390957712917382,0.001528654076870105,0.015890519990350214,0.0020419987197929025,0.0013095263378589278,9.094640541753286E-4,6.024607685901062E-4,7.422095388812365E-4,6.805294117235965E-4,7.31723309333484E-4,0.014529182282083717,0.001511246114754896,4.2558408292584903E-4,0.004116949362984301,1.0,1.9040948917214894E-4,0.0025389945408662204,4.0699577178463604E-4,6.455970694366948E-4,0.006553395229553665,3.839028970179038E-4,7.367148232329152E-4,5.910601327054445E-4,4.0853981661693073E-4,5.60199679536678E-4,0.006089135625951218,7.818473802752801E-4,5.4109340092477055E-5,9.499871006889598E-4,5.118488120271374E-4,1.2918072092864762E-4,8.622480246350679E-4,0.00802287722407875,3.148094042914003E-4],[1.0031530124301127E-4,0.0015091151458771182,0.0013874200659231407,2.419428381370809E-4,0.0022991038907531985,0.001005764854829011,7.818382730202818E-4,0.015131709842904304,0.0010688923871783093,0.0017825127505993095,0.02157171515279851,6.604578361342657E-4,7.327058491604695E-4,7.699760895361671E-4,1.7131785595504162E-5,7.02412605503852E-5,1.2329336143450604E-5,2.416965510058354E-5,0.045781733953570415,0.001002038900202944,7.355209279214824E-5,0.007871415148408384,1.9040948917214894E-4,1.0,0.016287538831803915,1.1929270607262666E-5,1.423258561537751E-4,0.007822344253511995,1.245810119094914E-5,1.1810946807418888E-5,1.1220930940065414E-4,4.600095771104586E-5,3.962788805522566E-4,0.0018763186345434153,1.8905267540211284E-4,1.2786684542066355E-5,7.666066951506651E-4,3.0918320168187736E-5,6.574459895343957E-5,1.621500471675572E-5,0.008648114799255799,1.0741617914249176E-5],[0.030268046217007915,0.024165949044425903,0.023877245418770815,0.013487885083268578,0.029277263998929715,0.029273342744162007,0.026609429412520553,0.028845045775399585,0.01698159814833442,0.010710808639446253,0.0292354614112958,0.00989262922421888,0.0065878150833470865,0.0206807637173046,0.0025742837796713038,0.010055117414593175,0.0062030828177375595,0.01560934060902709,0.0338262151206424,0.01073027240032492,0.004092467068660769,0.01435371988512304,0.0025389945408662204,0.016287538831803915,1.0,0.01525942896723931,0.02781133283312425,0.026876617914174228,0.004423069116847141,0.0118674656923341,0.02586164608264922,0.03102534706512379,0.00457692706596999,0.027018429257065497,0.006120457831245888,0.027612757325842962,0.0026320680453980165,0.00864789685464325,0.030553184614200216,0.022287024001592944,0.011606307002815461,0.004108656102932214],[1.2885618269899217E-4,7.813625702874345E-5,0.001516108025098186,5.77542141379057E-4,0.007946987202708854,0.0014597205925060582,1.9293591873080165E-4,0.013907300729981116,1.5648210351357247E-4,2.2451470093488932E-5,0.006213649861221058,0.0023116224578292825,0.0015596864320151676,1.647288488383555E-4,1.9393487991226975E-5,8.373527325617113E-5,1.721576752684617E-5,1.963619050491699E-5,0.039673072620329146,3.813611195550965E-4,7.687691425958208E-5,0.0023322051291770566,4.0699577178463604E-4,1.1929270607262666E-5,0.01525942896723931,1.0,2.0503767491355005E-5,0.003497462660012353,1.574061438417002E-5,1.867802392889319E-5,7.758566393516525E-5,2.534019090212648E-5,2.462174687494844E-4,0.0015286249268393406,3.57139287664196E-4,2.2384565948872406E-5,1.8542332164520734E-4,9.167070701949951E-5,7.122488394005447E-5,0.0012840778469742267,0.004091115442334676,1.140699810026949E-5],[2.7519258927229074E-4,7.090445061964738E-4,7.78169903541521E-4,6.936324564929323E-4,0.014086143062513051,0.0015372125743301724,4.2976454706266417E-4,0.009986188065619364,0.002749940656112987,0.0017291929738487023,0.01923118555531209,2.4106452470856559E-4,0.0010793194646387255,5.908437972519105E-4,2.292719074638814E-5,1.752525498663074E-4,8.096766476888225E-5,1.5961627483303034E-4,0.059833999040914264,3.375471962960715E-4,1.8568619407738585E-4,0.0027910038026579594,6.455970694366948E-4,1.423258561537751E-4,0.02781133283312425,2.0503767491355005E-5,1.0,5.987008987956499E-4,1.8011079677737312E-4,1.6498865116962964E-4,3.004209790280999E-4,1.0940930068981792E-4,4.425691960090413E-4,0.006495506452361314,4.579207131255383E-4,9.474384056311001E-5,9.892276074183106E-4,1.8799394901212874E-4,1.348831166185115E-4,4.0541736262038526E-4,0.00846653391751559,1.4641290092018517E-4],[0.006222578035448288,0.006930870812354944,0.006807017741625384,0.007275118478230266,0.01056748518211003,0.002781854209923609,0.0014721288227769241,0.018077831471237187,0.013096950876216878,0.005161279864263351,0.017091925290224953,0.006834249460429863,0.008321077112771663,0.005673614295024611,0.005535286541024425,3.2694756415308716E-4,0.007328792437133857,0.00419488095344814,0.06064673020674068,0.005470664937361265,0.0042821617473992,0.008726355831642729,0.006553395229553665,0.007822344253511995,0.026876617914174228,0.003497462660012353,5.987008987956499E-4,1.0,0.002154779069922996,0.0010964534394818264,0.005947924088997403,0.007670484549746774,0.0043564472005649625,0.008697290332883845,0.002187442153898398,0.006523374426593442,0.0060049935043598405,0.008486970367451815,0.0076338279166324975,0.006093098685589703,0.009814713546413997,0.0015779310100970728],[1.9677660152129386E-4,8.124486196920229E-4,4.6570315407390433E-4,3.05965730508237E-4,8.031839976178673E-4,0.001019769540236606,1.113819735739074E-4,0.008330761822161066,0.004909799781028354,6.930732051137542E-4,0.014865435048510853,0.0016107625488048847,1.5968605790145627E-5,3.147196761052267E-4,1.2709050427104661E-5,5.2428153969857826E-5,1.2875581170967118E-5,2.0951420649956894E-5,0.02300321592600481,9.93986545080175E-4,3.2166620777175036E-5,0.004768760888681118,3.839028970179038E-4,1.245810119094914E-5,0.004423069116847141,1.574061438417002E-5,1.8011079677737312E-4,0.002154779069922996,1.0,1.3767405489253437E-5,1.3513467771479896E-4,1.6281702282021133E-5,2.1097321399759022E-4,0.00663261461730646,4.4643185791601694E-4,2.5346289095720464E-5,1.6688629383331948E-4,9.288230802233974E-5,8.818393353770635E-5,4.356747996605025E-4,0.00323046260350413,1.0940338101697635E-5],[2.12254927632605E-4,0.0013808555686181257,0.0012367595010192337,5.66564373823098E-4,0.002165631114827246,0.0014243958316738213,7.48541093068111E-4,0.012322552482381451,9.083798105988255E-4,0.0016028743109165228,0.006329159818572559,0.002280239680680528,0.0016394397965092081,7.982227215716495E-4,1.4891277751077118E-5,8.112496923414297E-5,1.360894918067949E-5,2.4588270639309146E-5,0.05791458347202273,0.00158426722677897,1.022332351050687E-4,0.006350448092212045,7.367148232329152E-4,1.1810946807418888E-5,0.0118674656923341,1.867802392889319E-5,1.6498865116962964E-4,0.0010964534394818264,1.3767405489253437E-5,1.0,9.76560413692424E-5,1.890407554773792E-5,1.5512578278093243E-4,0.004838548293524929,8.244367085403696E-5,1.7584982907365707E-5,8.429748779131122E-4,9.740077492523362E-5,5.231158406441659E-5,8.485156940909413E-5,0.01010611919859068,1.3710958570616586E-5],[4.1000157241080377E-4,0.0010692787991976294,0.0011217065614152885,7.119751363083868E-4,0.00849812782127734,0.0010870298174758704,6.463823786321366E-4,0.016367872023662074,0.00692482780847805,8.309274861013765E-4,0.006444151994329503,0.0019186182908135319,0.0017613212379480095,0.0011213673255393512,2.4151227994189826E-4,2.4125657692544277E-4,3.1306157086059946E-4,1.812932847231763E-4,0.007336767583055667,8.500292424012216E-4,1.7913150587703602E-4,0.007802903720933669,5.910601327054445E-4,1.1220930940065414E-4,0.02586164608264922,7.758566393516525E-5,3.004209790280999E-4,0.005947924088997403,1.3513467771479896E-4,9.76560413692424E-5,1.0,1.9043597334148115E-4,5.267514143906544E-4,0.006077215590698483,4.8599201807144135E-4,2.648114878560833E-4,0.0010610140958254566,2.846420727342564E-4,4.327029264288799E-4,8.9972596069781E-4,0.00862910416306993,3.0755839066739653E-4],[2.3501096962704103E-4,3.7101394847190156E-4,3.3730038168215334E-4,2.5385157146064744E-4,0.00559318672582977,9.576156151801331E-4,4.192688681841434E-4,0.01684818820318921,0.0012856621209807089,0.0011901028666956093,0.0014153294319634332,0.0012903956353513073,5.450308261177757E-4,0.0010073684998949382,2.809560210425939E-5,6.355140150093761E-5,2.197986785337515E-5,3.003793856433915E-5,0.0582449367727383,0.0016248076742990997,9.215075469798228E-5,0.007679920028760875,4.0853981661693073E-4,4.600095771104586E-5,0.03102534706512379,2.534019090212648E-5,1.0940930068981792E-4,0.007670484549746774,1.6281702282021133E-5,1.890407554773792E-5,1.9043597334148115E-4,1.0,3.3512644015147835E-4,0.0017599731816698861,2.5666047121407066E-4,3.104643018942032E-5,5.496032536855274E-5,8.322954345306139E-5,6.764914270526998E-5,0.001006884780987994,0.01031290315388044,1.8236495895521542E-5],[4.386775088777719E-4,0.0011724354811491512,0.0012220366088126302,5.724612607490087E-4,0.010848299028860866,0.0019891527390006928,8.060581696553347E-4,0.014780098845843198,0.0021401723750778217,0.0015167462277198337,0.01117336305609362,0.0019054595380930996,9.904178546832547E-4,0.0016437125355259928,1.007438152917507E-4,2.247863904669497E-4,2.0599399579770337E-4,2.8657092931322483E-4,0.050921526163773066,0.0019321476538698636,2.506678735229961E-4,0.0038485448513691056,5.60199679536678E-4,3.962788805522566E-4,0.00457692706596999,2.462174687494844E-4,4.425691960090413E-4,0.0043564472005649625,2.1097321399759022E-4,1.5512578278093243E-4,5.267514143906544E-4,3.3512644015147835E-4,1.0,0.0032428850506012537,5.17185402726428E-4,2.1640504064631688E-4,0.0010791204813423187,2.09685330823843E-4,3.809084888825608E-4,9.90952717527399E-4,0.0022376872620316754,4.020831636071301E-4],[0.005585954776134447,0.002576640694070776,0.006091101821528699,0.0016855786991565713,0.008866632870021969,0.004674352782236723,0.005523922417411795,0.017367175348535203,0.013524330329572213,0.004967731490939166,0.01063879074269165,0.0054578607211675356,0.004256446910262442,0.0034487958637475537,0.00472650795579518,0.0033377678808398366,0.0019596939666012485,4.562166931324143E-4,0.026288158587682842,0.0028792523592021182,0.004103457752307273,0.006831346417494193,0.006089135625951218,0.0018763186345434153,0.027018429257065497,0.0015286249268393406,0.006495506452361314,0.008697290332883845,0.00663261461730646,0.004838548293524929,0.006077215590698483,0.0017599731816698861,0.0032428850506012537,1.0,0.005129893648369337,6.896969660512644E-4,0.00493713855502714,0.0043757491615735705,0.0010231971138907035,0.00398259329881754,0.008800472798971188,0.0015531048246948467],[4.071760073182424E-4,7.605992826356508E-4,0.0010011152816118737,7.395029859690882E-4,0.013988819316507715,0.0024055622234615197,5.586762641824242E-4,0.014264910698861656,0.00869228866304746,6.025760938322322E-4,0.011092031888196996,0.0021705237462197676,0.0010720643381691122,0.0010317112841955614,4.185641947186092E-4,3.266643425982793E-4,1.950360239576383E-4,4.376123180314755E-4,0.027533297586584047,0.0015790611739535895,2.5790716150186514E-4,0.006652643984161761,7.818473802752801E-4,1.8905267540211284E-4,0.006120457831245888,3.57139287664196E-4,4.579207131255383E-4,0.002187442153898398,4.4643185791601694E-4,8.244367085403696E-5,4.8599201807144135E-4,2.5666047121407066E-4,5.17185402726428E-4,0.005129893648369337,1.0,2.27137194370417E-4,9.233171768186851E-4,4.5815144560231504E-4,3.7931494113269506E-4,0.0011300028962103448,0.00238043049631839,2.7630687741823803E-4],[2.2263963426707084E-4,0.0015468516508575865,8.849297291646453E-4,6.169659685299471E-4,0.005689858412083719,6.647430036720782E-4,3.911756422913137E-4,0.019600218814558482,0.013310458658602014,0.0016210933952487232,0.003075854780814681,0.002278412559904094,4.579972269303272E-4,6.69722342551364E-4,2.2467440293689803E-5,4.224104788165199E-5,2.3206776879828993E-5,2.6734976275622846E-5,0.007734711147956877,9.290820995979508E-4,8.909450014519963E-5,6.433133753846792E-5,5.4109340092477055E-5,1.2786684542066355E-5,0.027612757325842962,2.2384565948872406E-5,9.474384056311001E-5,0.006523374426593442,2.5346289095720464E-5,1.7584982907365707E-5,2.648114878560833E-4,3.104643018942032E-5,2.1640504064631688E-4,6.896969660512644E-4,2.27137194370417E-4,1.0,3.1656543094172896E-4,8.356948997486369E-5,2.629436297851778E-5,0.0011389188369374467,0.010128883234630282,2.1798524555113427E-5],[6.670787769503335E-4,0.001425014726590893,0.0013336557349038771,8.059177764834563E-4,0.007879694701132383,0.002024176495609892,0.001194487663759083,0.012206629602998285,0.0030781505147260127,0.0013710273472299639,0.020334142622182343,0.002040638540040716,0.0013475164919003273,0.001261781442842282,5.535574435194711E-4,9.008257894179624E-4,8.444265978658915E-4,9.923396390269924E-4,0.006453360514788403,0.0014025244718036585,0.0011831246979732517,0.005798911316211108,9.499871006889598E-4,7.666066951506651E-4,0.0026320680453980165,1.8542332164520734E-4,9.892276074183106E-4,0.0060049935043598405,1.6688629383331948E-4,8.429748779131122E-4,0.0010610140958254566,5.496032536855274E-5,0.0010791204813423187,0.00493713855502714,9.233171768186851E-4,3.1656543094172896E-4,1.0,2.788466878724603E-4,5.852751777909703E-4,0.0012394057903387773,0.007235118175867179,5.674477668481945E-4],[1.9487014891751816E-4,0.0016337997757874523,0.001292238447478753,5.184667643772361E-4,0.0076927869289590885,0.0012371286911678242,0.0012013458879318944,0.014104954450933752,8.130574298938707E-4,0.0011245595821470216,0.020776643395282943,8.891559635311524E-4,0.0016150995135585894,3.35199166957187E-4,1.3486943711751243E-4,1.4402375544029494E-4,5.001170181851505E-5,3.988671794926459E-5,0.04552866950784687,0.0019183471020221491,1.463525731386306E-4,0.007930318606096044,5.118488120271374E-4,3.0918320168187736E-5,0.00864789685464325,9.167070701949951E-5,1.8799394901212874E-4,0.008486970367451815,9.288230802233974E-5,9.740077492523362E-5,2.846420727342564E-4,8.322954345306139E-5,2.09685330823843E-4,0.0043757491615735705,4.5815144560231504E-4,8.356948997486369E-5,2.788466878724603E-4,1.0,1.5473549708619523E-4,0.0010049935530534447,0.005023650256182597,1.4024879686830945E-4],[1.9967413908167364E-4,3.2138844446317143E-4,0.0012385942330259267,2.884225251553408E-4,0.002399808088163406,0.0014824499915096667,2.635540174264423E-4,0.005175505062041102,0.010476465853140382,0.0011210009456275429,0.010738155194360954,2.198295120699451E-4,0.0013603930318263834,4.886046810931394E-4,9.194647199159227E-5,1.3530210748267233E-4,7.95338051753639E-5,5.2503193567863285E-5,0.0012242436652857187,4.333696459911129E-4,1.137679619024831E-4,0.001577030127230305,1.2918072092864762E-4,6.574459895343957E-5,0.030553184614200216,7.122488394005447E-5,1.348831166185115E-4,0.0076338279166324975,8.818393353770635E-5,5.231158406441659E-5,4.327029264288799E-4,6.764914270526998E-5,3.809084888825608E-4,0.0010231971138907035,3.7931494113269506E-4,2.629436297851778E-5,5.852751777909703E-4,1.5473549708619523E-4,1.0,3.9415304729690625E-4,0.005350944505939361,4.143710787070282E-5],[0.0010370337382962715,0.0016052911876475709,0.0015052461251829974,8.23268005429506E-4,0.01431709262615204,0.0017067879867620978,0.0013019319800613327,0.0024016209820226847,0.014726872043547265,0.0016565691734556878,0.006803978930987418,0.0013883871405813472,0.0017467150161956746,0.0017568031628867192,3.0140549127806535E-4,6.411590635930398E-4,0.0010602967130430103,0.0013049377873238471,0.055648407265663107,0.0014731111886835198,6.695722292553187E-4,0.004621970885508331,8.622480246350679E-4,1.621500471675572E-5,0.022287024001592944,0.0012840778469742267,4.0541736262038526E-4,0.006093098685589703,4.356747996605025E-4,8.485156940909413E-5,8.9972596069781E-4,0.001006884780987994,9.90952717527399E-4,0.00398259329881754,0.0011300028962103448,0.0011389188369374467,0.0012394057903387773,0.0010049935530534447,3.9415304729690625E-4,1.0,0.0037244197509307547,0.0011691273103911178],[0.007277735838575892,0.007872914339201302,0.004494140418457933,0.009894711414574896,0.01213844248350881,0.009997339527177074,0.007645067113747392,0.01514967946835152,0.013102502585340816,0.010133334423332795,0.0107746266142742,0.009886997601346289,0.006755301603293892,0.007210383998760689,0.0077851717374575035,0.005706803088872351,0.005109989981835016,0.002713071724390497,0.058476692295379114,0.010098997531930193,0.005810032434554462,0.009040862009682599,0.00802287722407875,0.008648114799255799,0.011606307002815461,0.004091115442334676,0.00846653391751559,0.009814713546413997,0.00323046260350413,0.01010611919859068,0.00862910416306993,0.01031290315388044,0.0022376872620316754,0.008800472798971188,0.00238043049631839,0.010128883234630282,0.007235118175867179,0.005023650256182597,0.005350944505939361,0.0037244197509307547,1.0,1.658535426857358E-5],[1.411679179532828E-4,0.0011545204347360558,2.669000312423384E-4,5.716178776314226E-4,0.009028687124137375,0.001672165404212119,0.0011252922121051266,0.01684708783659777,0.01296684537017871,0.0016509220751438412,0.0023649301286150374,0.0016505542740453893,8.301319598678638E-4,9.361526267222703E-4,1.6926250451656027E-5,1.3418872831194513E-4,1.2141401072098775E-5,1.9525233373513223E-5,0.04765041437141909,1.3540068914098767E-4,4.233483013967984E-5,0.0017025047483313707,3.148094042914003E-4,1.0741617914249176E-5,0.004108656102932214,1.140699810026949E-5,1.4641290092018517E-4,0.0015779310100970728,1.0940338101697635E-5,1.3710958570616586E-5,3.0755839066739653E-4,1.8236495895521542E-5,4.020831636071301E-4,0.0015531048246948467,2.7630687741823803E-4,2.1798524555113427E-5,5.674477668481945E-4,1.4024879686830945E-4,4.143710787070282E-5,0.0011691273103911178,1.658535426857358E-5,1.0]]