[[1.0,0.001537108894246327,0.0016725880984957467,0.0025548399894424465,0.009901915669408325,0.001979171073474306,0.012803767054878526,0.001542751814714858,0.00192133172431624,0.0015522754524790322,0.0023941163729094004,0.0012903307492464105,0.001287013660272768,7.121219608986047E-4,0.002091658854483886,0.001986645356485211,9.740179391920269E-4,0.001759795508032078,0.001570497798090999,0.010071931834720715,0.008011080045150169,0.006425389299160353,0.001962498993500037,2.259650283604756E-4,0.0022895848889306503,0.0032391542422559624,0.014324526735156842,0.0016702893527828517,8.049889606418343E-4,0.0015118268758647726,0.0015426275496790993,0.0018196661407793003,0.009072120885774462,6.569103996241575E-4,0.014398534735967661,1.692907761788205E-4,0.0012145862789648466,0.0019130942577147499,0.001420887720203758,0.0012167787433900361,0.0012997283536929504],[0.001537108894246327,1.0,0.0013680963245618907,0.0029789848180591487,0.013481904563163729,7.685958179623734E-4,0.009595641912131683,8.556147946032575E-4,6.618656961121718E-4,6.335026927019158E-4,0.0018774362286517205,8.228098988099559E-4,3.001844202021528E-4,5.219183117119968E-4,0.001428436198231895,5.976766254861442E-4,9.841679450582894E-4,0.0012094044956064954,0.0011509215333531417,0.014179136565102122,0.018615540217267253,0.009049479083468152,0.0010613301158073844,9.418489104716331E-4,0.008716957904924744,0.004262046702265793,0.012023262940684605,0.0010297270734552135,9.684001368556307E-4,0.001094424208644616,6.86426525887947E-4,5.797437646356558E-4,0.009499814882291862,5.478854984892587E-4,0.013024329466238917,5.296473442352404E-4,3.400756189236704E-5,0.0010342060793940263,7.536233459732259E-4,1.1093730873668727E-4,4.156141400881683E-4],[0.0016725880984957467,0.0013680963245618907,1.0,0.0019796445402038574,0.003469368262904864,4.6995346973710734E-4,0.031294047226527975,0.0010411208504605845,3.258241850043961E-4,4.891102085539697E-4,0.0023884931869514138,9.568857009762008E-4,3.5528271851721E-4,6.435180726231487E-4,0.002045723142573269,6.948929300511199E-4,0.0010974743775595687,0.0014778959940671295,0.0012875337135737823,0.009097563955546905,0.004772890038645082,0.001629914672168034,0.0010980893053168467,0.001178263941033948,0.004778675410888662,0.0016233616946225075,0.009456101400100406,0.001362267455275575,9.001159734803935E-4,0.0013778862497967816,5.941858269835228E-4,5.71378192464316E-4,0.004118318058694157,9.453254412008353E-4,0.005301924497293652,0.001145747902213138,0.0013530932265898837,8.973523665763022E-4,1.7855402730858387E-4,2.584995761081394E-4,0.001366476270342682],[0.0025548399894424465,0.0029789848180591487,0.0019796445402038574,1.0,0.008078317221029252,8.648880599421393E-4,0.0051548500231757945,0.002538959448490958,8.662728820898317E-4,0.0038592514381116973,0.003973857727459437,0.003202059206167099,5.682335158989216E-4,0.0018698173271238649,0.0027450095486737667,0.002157579097661445,0.0010022002021240818,0.002527863123720389,0.0035373787994857162,0.00832265810087559,0.018865727560133144,0.010468613640368662,0.004045101441604294,0.002532997676290878,0.005403301851577439,0.004226075345851666,0.00815569322538047,0.003620856014328994,0.0018517544992173313,0.0026180528778758814,9.993341052690294E-5,0.002166258087001635,0.005468416254537472,0.0041131565291023355,0.005649708853521909,2.72274608887781E-4,0.004140703933265813,9.772732333286783E-4,0.002434954172234577,0.0019820838359473486,8.418801286833208E-4],[0.009901915669408325,0.013481904563163729,0.003469368262904864,0.008078317221029252,1.0,0.0060298309747751876,0.01684823156131859,0.008449482362052984,0.009886954115963607,0.011118832991755454,0.006648281364015713,0.012589522176800113,0.005033221230192014,7.085535925354103E-4,0.012913800101287152,0.00985187490677223,0.004424200546007052,0.011422613563732068,0.012844551249144139,0.023914427061363097,0.021680536132691136,0.011104883055961003,0.005861719382398115,0.013395381934760907,0.013349069361181935,0.006334834623512517,0.014318059599643818,0.007926718838432895,0.003684390297239043,0.00437359875940309,0.006521245487221678,0.010200271564436819,0.011766603409041138,0.012950071228887755,0.014084214772464323,0.01124614574453675,0.008195771007757917,0.002023141970004634,0.010399725475696236,3.7433049660342405E-4,0.0014147967401322385],[0.001979171073474306,7.685958179623734E-4,4.6995346973710734E-4,8.648880599421393E-4,0.0060298309747751876,1.0,0.020087286587468462,1.5569038933616256E-4,4.1684060815041496E-5,5.164253443682096E-5,0.0017876556324790095,1.273226071815344E-4,5.336725403438724E-5,2.790779858494675E-4,7.104518740518535E-4,3.077705377425236E-5,2.6161844279625466E-4,3.568899105045506E-4,1.003351211836167E-4,0.02348276182530473,0.0036095828709920737,0.00624084126074551,2.617192058425638E-4,7.93938577855578E-5,0.006617196289224822,0.0021443749791668406,1.6184861628287366E-4,2.3893143670199944E-4,3.047650307214127E-4,0.0011413467099892554,5.2521989347792324E-5,8.623725589884592E-5,0.005246515584737593,4.54473727909242E-4,0.008469967362001273,9.490665090861565E-5,1.6774833709376796E-5,5.225968205238602E-4,7.31784358374984E-5,6.194955775439444E-5,1.1469421461082043E-4],[0.012803767054878526,0.009595641912131683,0.031294047226527975,0.0051548500231757945,0.01684823156131859,0.020087286587468462,1.0,0.0016578774636929988,0.030924157593954303,0.015141732258417891,0.015335054654818521,0.00930062820053658,0.015579098781235073,0.012240586538754265,0.006527463090655813,0.003746578745046433,0.027482596840905447,0.023552879453653624,0.02445392121155618,0.027030852783340283,0.028296399255138955,0.030123280543887056,0.01597141224832316,0.027095587426532956,0.02677576932282118,0.023441705247584998,0.021911070214839623,0.016214529443176338,0.006422658014631688,0.016443042127860352,0.008636627720670713,0.013341719255319188,0.031951369060664564,0.00473320154133016,0.021257088716493986,0.01961728221982583,0.007950119783200683,0.017918525343624706,0.02577384446485491,0.024342579018310963,0.009837561463819101],[0.001542751814714858,8.556147946032575E-4,0.0010411208504605845,0.002538959448490958,0.008449482362052984,1.5569038933616256E-4,0.0016578774636929988,1.0,1.4612449331769247E-4,1.1643558054545269E-4,0.001442091087696659,2.1819389674562526E-4,1.9895903562719452E-4,2.19690807370881E-4,5.366132383877093E-4,9.991359485528172E-5,1.9690676884378391E-4,9.886535229305057E-4,2.722241315337435E-4,0.0020705577882776183,0.003838628317769835,0.004462739446516905,3.200430179768445E-4,1.5391843931075584E-4,0.0045395260266109525,0.0028038288207713684,0.006422512433047285,8.919463386826045E-4,2.0960423929361767E-4,6.47152374156632E-4,1.112181861987311E-4,4.119176768801856E-4,0.005329342656834662,2.1564951555258976E-4,0.0044391080423229765,1.3985395308133378E-4,1.455641837277353E-4,5.233534433629251E-4,1.67753488912648E-4,1.3816926124324503E-4,1.5335414462040498E-4],[0.00192133172431624,6.618656961121718E-4,3.258241850043961E-4,8.662728820898317E-4,0.009886954115963607,4.1684060815041496E-5,0.030924157593954303,1.4612449331769247E-4,1.0,2.10085825856936E-5,0.002287353171969968,1.5637347799020478E-4,1.767747419966833E-4,6.976185955624757E-5,0.0021472459631153486,1.2550138819827907E-5,2.5816672909172926E-4,0.0011671752295937022,5.72158804012513E-4,0.008184059905359286,0.018819542592806094,0.003871629295673519,1.742935877288737E-4,6.392948552214696E-5,0.0065026580891194416,0.004856669545420049,0.0052295577738305935,5.057957448943696E-4,2.9650068996321346E-4,0.0010070450091196556,2.6376678721904108E-5,1.6110960320874678E-4,0.008288492498898204,4.3026962131931354E-4,0.002160674162474771,1.0894469791668941E-4,1.2490833554718546E-5,4.695663895678361E-4,4.666273797472131E-5,1.4369894334152583E-5,3.046457503469622E-5],[0.0015522754524790322,6.335026927019158E-4,4.891102085539697E-4,0.0038592514381116973,0.011118832991755454,5.164253443682096E-5,0.015141732258417891,1.1643558054545269E-4,2.10085825856936E-5,1.0,7.29151382640283E-4,1.22147601647754E-4,5.6937462150347465E-5,1.0016961593563095E-4,0.0011707714119624912,1.4633535524510122E-5,9.965480334810404E-5,9.152580052729471E-4,2.987555467146249E-4,0.018801876075737536,0.021563003439505977,0.00919650536228276,2.7762010687432554E-4,7.865646125527074E-5,0.001114058566023563,0.0016337996058901998,0.006309382965462504,3.7299358862510863E-4,2.882186930555495E-4,3.1030565287287044E-4,4.745497420416675E-5,6.347931473874502E-5,0.001713256968096607,3.378891763045731E-4,0.001543585197321429,8.067064261239766E-5,2.1225095804074866E-5,2.7061517126225794E-4,7.82182387084634E-5,5.440930781491119E-5,1.189757050073E-4],[0.0023941163729094004,0.0018774362286517205,0.0023884931869514138,0.003973857727459437,0.006648281364015713,0.0017876556324790095,0.015335054654818521,0.001442091087696659,0.002287353171969968,7.29151382640283E-4,1.0,6.914964498845194E-4,0.001382824383654494,4.152377075578217E-4,0.002494481446575212,7.527336038332413E-4,0.0023478737041385507,0.0020213706349358736,0.001865658828594353,0.02155821748658089,0.01818684349733625,0.0050264872084278866,0.0022054116583888053,0.0017931394705110314,0.002918876601433026,0.0038421716532381035,0.009516852913147663,0.002432010108895491,0.0012750124118594617,0.00226483359658396,5.835819353281112E-4,0.0020284266501695287,0.006232085440345243,9.65569902122842E-4,0.009711295643658073,0.0010379248431870301,2.3068681793029085E-4,5.579763497234068E-4,4.331598538633593E-4,6.971477058571357E-4,0.0021608793139791323],[0.0012903307492464105,8.228098988099559E-4,9.568857009762008E-4,0.003202059206167099,0.012589522176800113,1.273226071815344E-4,0.00930062820053658,2.1819389674562526E-4,1.5637347799020478E-4,1.22147601647754E-4,6.914964498845194E-4,1.0,2.6724612622203755E-4,3.3737378018639034E-4,5.505529778950691E-4,8.587574761984944E-5,3.487411761337082E-4,0.0012236437669015743,4.0820550328821576E-4,0.008659636145583129,0.007838303837904872,0.0083484171037848,8.038693570998372E-4,1.372645579502767E-4,0.009521610582052335,0.0020437177318039295,0.0035517987031591317,6.017660948626481E-4,2.8622917260021937E-4,8.167981703271101E-4,1.4390338242808792E-4,3.1995838209609577E-4,0.007445894519284837,4.1888366916885726E-4,0.007415284170679417,2.2861882264862198E-4,2.2661708812104453E-4,4.8490605544906516E-4,2.0077953224260106E-4,1.896330687897561E-4,1.9734186938908733E-4],[0.001287013660272768,3.001844202021528E-4,3.5528271851721E-4,5.682335158989216E-4,0.005033221230192014,5.336725403438724E-5,0.015579098781235073,1.9895903562719452E-4,1.767747419966833E-4,5.6937462150347465E-5,0.001382824383654494,2.6724612622203755E-4,1.0,3.801549559551934E-4,7.212831072369163E-4,4.081365344293911E-5,3.2843952034870686E-4,5.871336006580258E-4,6.033199330044821E-4,0.00782474883821887,0.01128534311085873,0.009749721993760707,0.001021914473452106,1.320087930221574E-4,0.008939263223056436,8.648304915620514E-4,0.012242831407951956,5.574464211555005E-4,2.494811471246465E-4,6.733517719951948E-4,2.1225409427741204E-4,2.97499920270953E-4,0.008096936526710497,4.352120257191603E-4,0.003282276212713519,1.7629264318390792E-4,1.4370619030769884E-4,4.7701711921506473E-4,1.9614193310483392E-4,1.582845645436745E-4,1.4583566162684348E-4],[7.121219608986047E-4,5.219183117119968E-4,6.435180726231487E-4,0.0018698173271238649,7.085535925354103E-4,2.790779858494675E-4,0.012240586538754265,2.19690807370881E-4,6.976185955624757E-5,1.0016961593563095E-4,4.152377075578217E-4,3.3737378018639034E-4,3.801549559551934E-4,1.0,9.185793485897931E-4,3.383778102296071E-4,5.254552213924024E-4,9.96324965222984E-4,4.7235504355581416E-4,0.013102604425089502,0.0020528953714352757,0.006509998198488753,8.020939829312609E-4,1.3004950118907874E-4,0.0022060435580571183,6.877331327843283E-4,0.008482491808891605,6.930041312252663E-4,3.532631152893229E-4,7.986454472028752E-4,1.8896939370426948E-4,3.9789985516224164E-4,0.008354303689521912,4.4957961525127937E-4,0.0109005380658164,3.056718771558216E-4,1.2692077289845022E-4,4.262382039522144E-4,3.079000380319872E-4,1.8836931477472665E-4,1.7883228214247366E-4],[0.002091658854483886,0.001428436198231895,0.002045723142573269,0.0027450095486737667,0.012913800101287152,7.104518740518535E-4,0.006527463090655813,5.366132383877093E-4,0.0021472459631153486,0.0011707714119624912,0.002494481446575212,5.505529778950691E-4,7.212831072369163E-4,9.185793485897931E-4,1.0,0.0012574830499550217,0.0015986916749403247,0.0018161035064195687,0.001442270680459234,0.012569286171816846,0.0164725726976468,0.006338253170315167,0.00199356769159468,0.0019222082760720256,0.006838543932396457,0.0038376181858621313,0.011193355407520323,0.0016433732617781352,5.645460291000813E-4,0.0011920209801322221,0.0018599013078624625,0.002069813401539368,0.00282939926068708,0.0011136957948632371,0.010959103984759903,1.2543601033426264E-4,0.001630508582430196,9.897543267642966E-4,5.556787804097684E-4,3.3143899991145846E-4,0.001652347032530064],[0.001986645356485211,5.976766254861442E-4,6.948929300511199E-4,0.002157579097661445,0.00985187490677223,3.077705377425236E-5,0.003746578745046433,9.991359485528172E-5,1.2550138819827907E-5,1.4633535524510122E-5,7.527336038332413E-4,8.587574761984944E-5,4.081365344293911E-5,3.383778102296071E-4,0.0012574830499550217,1.0,3.1900283663934703E-4,1.547919671766743E-4,4.1194678120652214E-5,0.021180211065093754,0.017538203591915304,0.0073010631175550525,6.469606404677605E-4,2.342651546634441E-5,0.0023612383938185146,0.0036861601584063717,0.0043181658069229075,6.480616769568529E-4,2.0523731614357275E-5,8.952718381505987E-4,4.262351691038614E-5,1.7216187621074157E-4,0.006492538080422867,4.6369651340477806E-5,0.016487239619768945,5.766128423135373E-5,1.2305528286859757E-5,4.1827268023146965E-4,2.9705386605969312E-5,2.2363082917407104E-5,1.310922660893596E-4],[9.740179391920269E-4,9.841679450582894E-4,0.0010974743775595687,0.0010022002021240818,0.004424200546007052,2.6161844279625466E-4,0.027482596840905447,1.9690676884378391E-4,2.5816672909172926E-4,9.965480334810404E-5,0.0023478737041385507,3.487411761337082E-4,3.2843952034870686E-4,5.254552213924024E-4,0.0015986916749403247,3.1900283663934703E-4,1.0,9.459268365192492E-4,7.755456020499079E-4,0.02010566131846159,0.007279258057105073,0.006744253457007977,9.82490198662014E-4,2.7638141957682415E-4,0.009869840517829463,0.004163988201567122,0.006189873069665773,9.834260489850028E-4,5.152221816248012E-4,0.0011191289857802975,6.211774299318922E-5,4.994908105652508E-4,0.0068985252383808975,6.926260881090082E-4,0.0081348059114612,1.8413540672311353E-4,4.2098361566686313E-4,5.640506024905054E-4,3.1860884127878514E-4,5.666841558610849E-4,6.031734649032552E-4],[0.001759795508032078,0.0012094044956064954,0.0014778959940671295,0.002527863123720389,0.011422613563732068,3.568899105045506E-4,0.023552879453653624,9.886535229305057E-4,0.0011671752295937022,9.152580052729471E-4,0.0020213706349358736,0.0012236437669015743,5.871336006580258E-4,9.96324965222984E-4,0.0018161035064195687,1.547919671766743E-4,9.459268365192492E-4,1.0,0.0013905934522429244,0.016108875167690336,0.010946371288069091,0.009115655980299975,0.0015365534827692499,8.895686175499852E-4,0.01162479738457702,0.0024390842816760885,0.012776844559080644,0.0011799893631200167,3.909875611414167E-4,0.0012371788760634063,0.0015537784208256582,5.232112268825152E-4,0.005645619420589047,0.0011165141698714842,0.007036390756136759,0.001537004979986537,2.1569230002577256E-4,7.846734415351395E-4,8.671568405123777E-4,9.778543694277438E-4,7.899344938911093E-4],[0.001570497798090999,0.0011509215333531417,0.0012875337135737823,0.0035373787994857162,0.012844551249144139,1.003351211836167E-4,0.02445392121155618,2.722241315337435E-4,5.72158804012513E-4,2.987555467146249E-4,0.001865658828594353,4.0820550328821576E-4,6.033199330044821E-4,4.7235504355581416E-4,0.001442270680459234,4.1194678120652214E-5,7.755456020499079E-4,0.0013905934522429244,1.0,0.012019137704356534,0.007832516740049561,0.0019621009419952115,0.0011618051945670262,2.2964373285682408E-4,0.0035269532667094646,0.004299172312276886,0.009325373833301488,0.0012178000254030195,7.839149497819737E-4,0.001203007550663224,8.666089739466684E-4,6.26974801533478E-4,0.0015707788408708425,9.949715795339283E-4,0.004919411979733586,0.001085680916603875,4.5507384744908515E-4,9.979751089546822E-4,3.175729651837299E-4,8.099856546868005E-4,0.0011409322802619767],[0.010071931834720715,0.014179136565102122,0.009097563955546905,0.00832265810087559,0.023914427061363097,0.02348276182530473,0.027030852783340283,0.0020705577882776183,0.008184059905359286,0.018801876075737536,0.02155821748658089,0.008659636145583129,0.00782474883821887,0.013102604425089502,0.012569286171816846,0.021180211065093754,0.02010566131846159,0.016108875167690336,0.012019137704356534,1.0,0.02483959063384379,0.012839137305242429,0.004612840047480712,0.010360271147248017,0.017322956427693582,0.021082554013590247,0.021275114931884265,0.006240611189696523,0.004734630859035366,0.02426682982033525,0.005526657205156276,0.009665962370034526,0.023888977137036412,0.013085083643667646,0.017182081314793155,0.0019483761796122987,0.010494517018878447,0.022861818693268518,0.013272682588098238,0.007778667492895643,0.017512467688401367],[0.008011080045150169,0.018615540217267253,0.004772890038645082,0.018865727560133144,0.021680536132691136,0.0036095828709920737,0.028296399255138955,0.003838628317769835,0.018819542592806094,0.021563003439505977,0.01818684349733625,0.007838303837904872,0.01128534311085873,0.0020528953714352757,0.0164725726976468,0.017538203591915304,0.007279258057105073,0.010946371288069091,0.007832516740049561,0.02483959063384379,1.0,0.022525436104276375,0.01705268496988228,0.018267724849241,0.013968485082257998,0.011194881415976778,0.02575344513376298,0.0053454503396016245,0.018348919778388654,0.006292633001239588,0.004508761208413425,0.00900833703277208,0.025954267859065783,0.012126987352226599,0.026888706018347405,0.02216507297995371,0.020642805096309527,0.01770047940151422,0.0014117812189849215,0.023974459568632093,0.015096868502612527],[0.006425389299160353,0.009049479083468152,0.001629914672168034,0.010468613640368662,0.011104883055961003,0.00624084126074551,0.030123280543887056,0.004462739446516905,0.003871629295673519,0.00919650536228276,0.0050264872084278866,0.0083484171037848,0.009749721993760707,0.006509998198488753,0.006338253170315167,0.0073010631175550525,0.006744253457007977,0.009115655980299975,0.0019621009419952115,0.012839137305242429,0.022525436104276375,1.0,0.0031431889507829974,0.008395922500901005,0.0115935090721178,0.006051032260543733,0.01406568553397774,0.002741027531007304,0.006313230622881235,0.008992840335844472,0.005430800367718177,0.007120415930394678,0.010668548096494116,0.007989883790249752,0.012013803879428303,0.008527066930595817,0.0070586708742052156,0.009989676933736742,0.0061944504483890574,0.0014273292285502672,0.006377318117612491],[0.001962498993500037,0.0010613301158073844,0.0010980893053168467,0.004045101441604294,0.005861719382398115,2.617192058425638E-4,0.01597141224832316,3.200430179768445E-4,1.742935877288737E-4,2.7762010687432554E-4,0.0022054116583888053,8.038693570998372E-4,0.001021914473452106,8.020939829312609E-4,0.00199356769159468,6.469606404677605E-4,9.82490198662014E-4,0.0015365534827692499,0.0011618051945670262,0.004612840047480712,0.01705268496988228,0.0031431889507829974,1.0,5.764369098338917E-4,0.0036827673955450394,0.0030869394136791833,0.004449971440557441,0.0010566914004145338,9.200969741124843E-4,0.0010917907204289446,8.861951792451712E-4,5.320918236618782E-4,0.009269338320631369,8.568178911833799E-4,0.004894373976315762,4.516667467702538E-4,5.734043201743389E-4,6.10790554236E-4,4.709347558168933E-4,0.0010030656936535298,6.864186873109532E-4],[2.259650283604756E-4,9.418489104716331E-4,0.001178263941033948,0.002532997676290878,0.013395381934760907,7.93938577855578E-5,0.027095587426532956,1.5391843931075584E-4,6.392948552214696E-5,7.865646125527074E-5,0.0017931394705110314,1.372645579502767E-4,1.320087930221574E-4,1.3004950118907874E-4,0.0019222082760720256,2.342651546634441E-5,2.7638141957682415E-4,8.895686175499852E-4,2.2964373285682408E-4,0.010360271147248017,0.018267724849241,0.008395922500901005,5.764369098338917E-4,1.0,0.008920818834320386,0.0019622487811811113,0.010376666980739104,2.747072198538896E-4,2.3035329303186628E-4,1.9881702154854122E-4,1.083744422312279E-4,3.917833809360652E-4,1.287752586206354E-4,3.1979282597763704E-4,0.01570031140235951,1.2797490968410478E-4,7.824084118813515E-5,3.610694592638474E-4,1.1533317824301997E-4,1.0400598860166191E-4,1.3089173777665642E-4],[0.0022895848889306503,0.008716957904924744,0.004778675410888662,0.005403301851577439,0.013349069361181935,0.006617196289224822,0.02677576932282118,0.0045395260266109525,0.0065026580891194416,0.001114058566023563,0.002918876601433026,0.009521610582052335,0.008939263223056436,0.0022060435580571183,0.006838543932396457,0.0023612383938185146,0.009869840517829463,0.01162479738457702,0.0035269532667094646,0.017322956427693582,0.013968485082257998,0.0115935090721178,0.0036827673955450394,0.008920818834320386,1.0,0.006909972996083107,0.013669810819865652,0.007234987227658194,0.006335739182553586,0.0028506427868841546,7.676937985228776E-4,0.011371408699289796,0.011311771770610745,0.00565853739516428,0.01456805535469613,0.010582968768920117,0.006907695153118985,0.006961854693849282,0.0070746602890550256,0.010337006286295537,0.009852893717942918],[0.0032391542422559624,0.004262046702265793,0.0016233616946225075,0.004226075345851666,0.006334834623512517,0.0021443749791668406,0.023441705247584998,0.0028038288207713684,0.004856669545420049,0.0016337996058901998,0.0038421716532381035,0.0020437177318039295,8.648304915620514E-4,6.877331327843283E-4,0.0038376181858621313,0.0036861601584063717,0.004163988201567122,0.0024390842816760885,0.004299172312276886,0.021082554013590247,0.011194881415976778,0.006051032260543733,0.0030869394136791833,0.0019622487811811113,0.006909972996083107,1.0,0.007899801180119678,0.004118699699942887,0.001793389102033137,0.004917424321727952,0.004035437248479745,0.001723901375105931,0.009687745423320702,0.0027850806704336466,0.016514461433717303,0.0015398046144827172,0.003789976280063076,0.0012665919876369805,0.0029383809004136646,0.0014983124317123732,0.003150887363254025],[0.014324526735156842,0.012023262940684605,0.009456101400100406,0.00815569322538047,0.014318059599643818,1.6184861628287366E-4,0.021911070214839623,0.006422512433047285,0.0052295577738305935,0.006309382965462504,0.009516852913147663,0.0035517987031591317,0.012242831407951956,0.008482491808891605,0.011193355407520323,0.0043181658069229075,0.006189873069665773,0.012776844559080644,0.009325373833301488,0.021275114931884265,0.02575344513376298,0.01406568553397774,0.004449971440557441,0.010376666980739104,0.013669810819865652,0.007899801180119678,1.0,0.013098323212560471,0.013171105745515365,0.006291781629037457,0.006564391460924373,0.014187466735543561,0.013515001775252545,0.0066813893866062585,0.014557946796689066,0.0064983077529641425,0.006654542516146693,0.013396946920565138,0.007105670920640646,0.013634727855776779,0.001397596266974371],[0.0016702893527828517,0.0010297270734552135,0.001362267455275575,0.003620856014328994,0.007926718838432895,2.3893143670199944E-4,0.016214529443176338,8.919463386826045E-4,5.057957448943696E-4,3.7299358862510863E-4,0.002432010108895491,6.017660948626481E-4,5.574464211555005E-4,6.930041312252663E-4,0.0016433732617781352,6.480616769568529E-4,9.834260489850028E-4,0.0011799893631200167,0.0012178000254030195,0.006240611189696523,0.0053454503396016245,0.002741027531007304,0.0010566914004145338,2.747072198538896E-4,0.007234987227658194,0.004118699699942887,0.013098323212560471,1.0,4.284835523160563E-4,0.0010279947627942776,9.204717748219752E-4,9.738517033554557E-4,0.008293599618412938,8.218354610366955E-4,0.01263241397100417,9.487995885058576E-4,4.722058107221423E-4,6.230776921588719E-4,9.675310306180519E-4,1.5937589400827167E-4,2.424313661859717E-4],[8.049889606418343E-4,9.684001368556307E-4,9.001159734803935E-4,0.0018517544992173313,0.003684390297239043,3.047650307214127E-4,0.006422658014631688,2.0960423929361767E-4,2.9650068996321346E-4,2.882186930555495E-4,0.0012750124118594617,2.8622917260021937E-4,2.494811471246465E-4,3.532631152893229E-4,5.645460291000813E-4,2.0523731614357275E-5,5.152221816248012E-4,3.909875611414167E-4,7.839149497819737E-4,0.004734630859035366,0.018348919778388654,0.006313230622881235,9.200969741124843E-4,2.3035329303186628E-4,0.006335739182553586,0.001793389102033137,0.013171105745515365,4.284835523160563E-4,1.0,6.923397427317824E-4,1.8897530600150687E-4,3.9859882690003673E-4,0.003459655717380961,4.217837595162182E-4,0.005628883652018046,1.6430628760827332E-4,9.863466938692239E-5,3.9912031518828285E-4,2.4669222259541716E-4,1.2923126585503812E-4,1.665869194752759E-4],[0.0015118268758647726,0.001094424208644616,0.0013778862497967816,0.0026180528778758814,0.00437359875940309,0.0011413467099892554,0.016443042127860352,6.47152374156632E-4,0.0010070450091196556,3.1030565287287044E-4,0.00226483359658396,8.167981703271101E-4,6.733517719951948E-4,7.986454472028752E-4,0.0011920209801322221,8.952718381505987E-4,0.0011191289857802975,0.0012371788760634063,0.001203007550663224,0.02426682982033525,0.006292633001239588,0.008992840335844472,0.0010917907204289446,1.9881702154854122E-4,0.0028506427868841546,0.004917424321727952,0.006291781629037457,0.0010279947627942776,6.923397427317824E-4,1.0,8.183937444799829E-4,5.302861901818554E-4,0.007980333618256376,0.0010550935608025138,0.009443542822956872,2.872323850672228E-4,3.82327346130444E-4,9.07906704794234E-4,2.56847962153813E-4,7.829063281910683E-4,4.5281195116460727E-4],[0.0015426275496790993,6.86426525887947E-4,5.941858269835228E-4,9.993341052690294E-5,0.006521245487221678,5.2521989347792324E-5,0.008636627720670713,1.112181861987311E-4,2.6376678721904108E-5,4.745497420416675E-5,5.835819353281112E-4,1.4390338242808792E-4,2.1225409427741204E-4,1.8896939370426948E-4,0.0018599013078624625,4.262351691038614E-5,6.211774299318922E-5,0.0015537784208256582,8.666089739466684E-4,0.005526657205156276,0.004508761208413425,0.005430800367718177,8.861951792451712E-4,1.083744422312279E-4,7.676937985228776E-4,0.004035437248479745,0.006564391460924373,9.204717748219752E-4,1.8897530600150687E-4,8.183937444799829E-4,1.0,3.597186455191702E-4,5.676504577517432E-4,6.461381755166176E-5,0.0010135757724620738,1.1959560360548222E-4,1.6586421277703247E-5,3.2433933579408523E-4,9.165302835509267E-5,7.244282709439037E-5,1.119447561622695E-4],[0.0018196661407793003,5.797437646356558E-4,5.71378192464316E-4,0.002166258087001635,0.010200271564436819,8.623725589884592E-5,0.013341719255319188,4.119176768801856E-4,1.6110960320874678E-4,6.347931473874502E-5,0.0020284266501695287,3.1995838209609577E-4,2.97499920270953E-4,3.9789985516224164E-4,0.002069813401539368,1.7216187621074157E-4,4.994908105652508E-4,5.232112268825152E-4,6.26974801533478E-4,0.009665962370034526,0.00900833703277208,0.007120415930394678,5.320918236618782E-4,3.917833809360652E-4,0.011371408699289796,0.001723901375105931,0.014187466735543561,9.738517033554557E-4,3.9859882690003673E-4,5.302861901818554E-4,3.597186455191702E-4,1.0,0.003793262059357805,4.3819822297161903E-4,0.007599618235899348,1.5273840367788504E-4,5.396894710389441E-5,5.104386627635892E-4,3.2941114504259354E-4,2.33268123690337E-4,4.111326233894115E-4],[0.009072120885774462,0.009499814882291862,0.004118318058694157,0.005468416254537472,0.011766603409041138,0.005246515584737593,0.031951369060664564,0.005329342656834662,0.008288492498898204,0.001713256968096607,0.006232085440345243,0.007445894519284837,0.008096936526710497,0.008354303689521912,0.00282939926068708,0.006492538080422867,0.0068985252383808975,0.005645619420589047,0.0015707788408708425,0.023888977137036412,0.025954267859065783,0.010668548096494116,0.009269338320631369,1.287752586206354E-4,0.011311771770610745,0.009687745423320702,0.013515001775252545,0.008293599618412938,0.003459655717380961,0.007980333618256376,5.676504577517432E-4,0.003793262059357805,1.0,0.008133355837251825,0.011424749986992706,0.003965332375417752,4.465716255665157E-4,0.004809373441967452,0.005086294513937739,0.005856550524872854,0.0021201748655919634],[6.569103996241575E-4,5.478854984892587E-4,9.453254412008353E-4,0.0041131565291023355,0.012950071228887755,4.54473727909242E-4,0.00473320154133016,2.1564951555258976E-4,4.3026962131931354E-4,3.378891763045731E-4,9.65569902122842E-4,4.1888366916885726E-4,4.352120257191603E-4,4.4957961525127937E-4,0.0011136957948632371,4.6369651340477806E-5,6.926260881090082E-4,0.0011165141698714842,9.949715795339283E-4,0.013085083643667646,0.012126987352226599,0.007989883790249752,8.568178911833799E-4,3.1979282597763704E-4,0.00565853739516428,0.0027850806704336466,0.0066813893866062585,8.218354610366955E-4,4.217837595162182E-4,0.0010550935608025138,6.461381755166176E-5,4.3819822297161903E-4,0.008133355837251825,1.0,0.0031273710455151037,1.6526619294217432E-4,3.1137863930997585E-4,4.8170301370623113E-4,2.1886781831553518E-4,1.9137083960560797E-4,4.5101707308216473E-4],[0.014398534735967661,0.013024329466238917,0.005301924497293652,0.005649708853521909,0.014084214772464323,0.008469967362001273,0.021257088716493986,0.0044391080423229765,0.002160674162474771,0.001543585197321429,0.009711295643658073,0.007415284170679417,0.003282276212713519,0.0109005380658164,0.010959103984759903,0.016487239619768945,0.0081348059114612,0.007036390756136759,0.004919411979733586,0.017182081314793155,0.026888706018347405,0.012013803879428303,0.004894373976315762,0.01570031140235951,0.01456805535469613,0.016514461433717303,0.014557946796689066,0.01263241397100417,0.005628883652018046,0.009443542822956872,0.0010135757724620738,0.007599618235899348,0.011424749986992706,0.0031273710455151037,1.0,0.006458857370317907,0.00531442089079416,0.008357515651435233,0.004604519289048911,0.0021787667478897657,0.005620774759136168],[1.692907761788205E-4,5.296473442352404E-4,0.001145747902213138,2.72274608887781E-4,0.01124614574453675,9.490665090861565E-5,0.01961728221982583,1.3985395308133378E-4,1.0894469791668941E-4,8.067064261239766E-5,0.0010379248431870301,2.2861882264862198E-4,1.7629264318390792E-4,3.056718771558216E-4,1.2543601033426264E-4,5.766128423135373E-5,1.8413540672311353E-4,0.001537004979986537,0.001085680916603875,0.0019483761796122987,0.02216507297995371,0.008527066930595817,4.516667467702538E-4,1.2797490968410478E-4,0.010582968768920117,0.0015398046144827172,0.0064983077529641425,9.487995885058576E-4,1.6430628760827332E-4,2.872323850672228E-4,1.1959560360548222E-4,1.5273840367788504E-4,0.003965332375417752,1.6526619294217432E-4,0.006458857370317907,1.0,3.2530026499804245E-5,3.352609430304174E-4,1.2203225544908497E-4,1.2026682219964993E-4,1.2466855714799054E-4],[0.0012145862789648466,3.400756189236704E-5,0.0013530932265898837,0.004140703933265813,0.008195771007757917,1.6774833709376796E-5,0.007950119783200683,1.455641837277353E-4,1.2490833554718546E-5,2.1225095804074866E-5,2.3068681793029085E-4,2.2661708812104453E-4,1.4370619030769884E-4,1.2692077289845022E-4,0.001630508582430196,1.2305528286859757E-5,4.2098361566686313E-4,2.1569230002577256E-4,4.5507384744908515E-4,0.010494517018878447,0.020642805096309527,0.0070586708742052156,5.734043201743389E-4,7.824084118813515E-5,0.006907695153118985,0.003789976280063076,0.006654542516146693,4.722058107221423E-4,9.863466938692239E-5,3.82327346130444E-4,1.6586421277703247E-5,5.396894710389441E-5,4.465716255665157E-4,3.1137863930997585E-4,0.00531442089079416,3.2530026499804245E-5,1.0,7.370031238611131E-5,2.0737103464131293E-5,3.563196849140616E-5,1.1169575083148331E-4],[0.0019130942577147499,0.0010342060793940263,8.973523665763022E-4,9.772732333286783E-4,0.002023141970004634,5.225968205238602E-4,0.017918525343624706,5.233534433629251E-4,4.695663895678361E-4,2.7061517126225794E-4,5.579763497234068E-4,4.8490605544906516E-4,4.7701711921506473E-4,4.262382039522144E-4,9.897543267642966E-4,4.1827268023146965E-4,5.640506024905054E-4,7.846734415351395E-4,9.979751089546822E-4,0.022861818693268518,0.01770047940151422,0.009989676933736742,6.10790554236E-4,3.610694592638474E-4,0.006961854693849282,0.0012665919876369805,0.013396946920565138,6.230776921588719E-4,3.9912031518828285E-4,9.07906704794234E-4,3.2433933579408523E-4,5.104386627635892E-4,0.004809373441967452,4.8170301370623113E-4,0.008357515651435233,3.352609430304174E-4,7.370031238611131E-5,1.0,4.08849354873588E-4,5.028830539160891E-4,1.4541503583281816E-4],[0.001420887720203758,7.536233459732259E-4,1.7855402730858387E-4,0.002434954172234577,0.010399725475696236,7.31784358374984E-5,0.02577384446485491,1.67753488912648E-4,4.666273797472131E-5,7.82182387084634E-5,4.331598538633593E-4,2.0077953224260106E-4,1.9614193310483392E-4,3.079000380319872E-4,5.556787804097684E-4,2.9705386605969312E-5,3.1860884127878514E-4,8.671568405123777E-4,3.175729651837299E-4,0.013272682588098238,0.0014117812189849215,0.0061944504483890574,4.709347558168933E-4,1.1533317824301997E-4,0.0070746602890550256,0.0029383809004136646,0.007105670920640646,9.675310306180519E-4,2.4669222259541716E-4,2.56847962153813E-4,9.165302835509267E-5,3.2941114504259354E-4,0.005086294513937739,2.1886781831553518E-4,0.004604519289048911,1.2203225544908497E-4,2.0737103464131293E-5,4.08849354873588E-4,1.0,1.0947488226987745E-4,1.2145157916963798E-4],[0.0012167787433900361,1.1093730873668727E-4,2.584995761081394E-4,0.0019820838359473486,3.7433049660342405E-4,6.194955775439444E-5,0.024342579018310963,1.3816926124324503E-4,1.4369894334152583E-5,5.440930781491119E-5,6.971477058571357E-4,1.896330687897561E-4,1.582845645436745E-4,1.8836931477472665E-4,3.3143899991145846E-4,2.2363082917407104E-5,5.666841558610849E-4,9.778543694277438E-4,8.099856546868005E-4,0.007778667492895643,0.023974459568632093,0.0014273292285502672,0.0010030656936535298,1.0400598860166191E-4,0.010337006286295537,0.0014983124317123732,0.013634727855776779,1.5937589400827167E-4,1.2923126585503812E-4,7.829063281910683E-4,7.244282709439037E-5,2.33268123690337E-4,0.005856550524872854,1.9137083960560797E-4,0.0021787667478897657,1.2026682219964993E-4,3.563196849140616E-5,5.028830539160891E-4,1.0947488226987745E-4,1.0,1.2667443419234374E-4],[0.0012997283536929504,4.156141400881683E-4,0.001366476270342682,8.418801286833208E-4,0.0014147967401322385,1.1469421461082043E-4,0.009837561463819101,1.5335414462040498E-4,3.046457503469622E-5,1.189757050073E-4,0.0021608793139791323,1.9734186938908733E-4,1.4583566162684348E-4,1.7883228214247366E-4,0.001652347032530064,1.310922660893596E-4,6.031734649032552E-4,7.899344938911093E-4,0.0011409322802619767,0.017512467688401367,0.015096868502612527,0.006377318117612491,6.864186873109532E-4,1.3089173777665642E-4,0.009852893717942918,0.003150887363254025,0.001397596266974371,2.424313661859717E-4,1.665869194752759E-4,4.5281195116460727E-4,1.119447561622695E-4,4.111326233894115E-4,0.0021201748655919634,4.5101707308216473E-4,0.005620774759136168,1.2466855714799054E-4,1.1169575083148331E-4,1.4541503583281816E-4,1.2145157916963798E-4,1.2667443419234374E-4,1.0]]