[[1.0,0.056399620695873745,0.022559104222735788,0.0506443557029744,0.029385816768822036,0.06652759629023772,0.04319569004084398,0.02299415188280202,0.016272791570288384,0.05253981859101414,0.02048911789045941,0.05140212501981227,0.0030286354509363213,0.06329663579125017,0.009943404539314506,0.04226991902596961,0.02855994433056936,0.01943364243355308,0.05160382468886852,0.05939176718430125,0.006373945158864068,0.025364927714351733,0.05589883035988183,0.02545723861286826,0.008169289270541254,0.03981976064591187,0.03936696228807524,0.018436919901964336,0.04914686243579411,0.03757344036778708,0.007826593558156337,0.04021170223135833,0.05970024718473925,0.04506368598894973,0.005119872065526095,0.016711022004534597,0.05390016786014065,0.04491348037468103,0.012820691097760257,0.00909421122874596,0.03716225282191036,0.05846227672868389,0.0328393693395636],[0.056399620695873745,1.0,0.01493105811301071,0.04302357527873116,0.05335188090714703,0.05487700233211708,0.018777338884602927,0.03874140932432938,0.04646434985093388,0.008763726907914096,0.049193519555879354,0.04932581384483731,0.053714285137455416,0.031195801116899652,0.005713256709798794,0.005437453792870416,0.008842829177220747,0.0033280250600737976,0.01896885060172447,0.03990633707179612,0.006690602494289542,0.03871132089747424,0.05166097256643568,0.05281985312819508,0.02056420621594071,0.010139645032037108,0.04210293364385364,0.04101487942114738,0.018277774356104247,0.03561715758915575,0.017972430534738335,0.047331095349797354,0.04874051997686205,0.023850243606016404,0.01822285822093039,0.041212824938848085,0.04043591539915752,0.04991261130635231,0.04107465932892838,6.142283420195383E-4,0.05357668357479415,0.025050592475657666,0.045700359177794254],[0.022559104222735788,0.01493105811301071,1.0,7.655826867212197E-4,0.0024865946599066263,0.014031469335345343,2.144855424647128E-4,4.824171756913659E-4,1.2982462734979089E-4,2.547984466343457E-4,2.3601717186463107E-4,0.01225471989925384,0.002295588826436391,0.021872925140479137,8.237793721098117E-5,2.675568302809214E-4,8.835593260823465E-5,1.5929034060278288E-4,0.007096938523619956,5.271617920386578E-4,1.944413253468904E-4,3.814306833207035E-4,2.5906898185855436E-4,8.237440166083864E-4,7.332222593964978E-5,2.866952403129982E-4,0.0014011819659106033,5.409890827563939E-4,3.828059686699875E-4,0.0019947335227911245,0.001977883859598489,1.1757382496891295E-4,2.6805240577640495E-4,2.720432921092601E-4,2.0112977662962262E-4,3.05148711057266E-4,0.0023649656038579156,0.0010114988563139043,2.495539195512405E-4,1.712952591830095E-4,1.5172873146616133E-4,0.0015151318386471737,9.335186127587396E-4],[0.0506443557029744,0.04302357527873116,7.655826867212197E-4,1.0,0.0012745578306955852,0.0022807833065292774,7.632383811989197E-4,0.001097871156701955,1.675479365544778E-4,6.938945607321165E-4,5.766963091731589E-4,0.02973591276261995,0.0018251999724007793,0.02404644792619592,8.00247537313892E-5,3.7768803770433753E-4,5.168691037467537E-4,1.253067206768172E-4,0.0015071031970227513,0.0014520542494498528,0.001061149633342389,8.77879309496762E-4,7.810480969663864E-4,0.0010385335770447918,5.011141881068825E-4,9.345981514843014E-4,0.0015431735385381474,8.889180527654665E-4,8.83309851015483E-4,0.019640170756299303,0.0014689754890558591,2.777350102834686E-4,0.0010629735816092814,8.697610651240705E-4,0.0010451510749688358,0.0010802870739254158,0.0027700555758577907,0.001597218670050686,3.938861119554615E-4,7.135136076121666E-4,5.626219520177873E-4,0.020520542541284076,0.001074613718289758],[0.029385816768822036,0.05335188090714703,0.0024865946599066263,0.0012745578306955852,1.0,0.009499634113687414,0.0011588652956150067,0.0025605541744285355,9.29027858245131E-4,5.087461405516823E-4,7.634247648442278E-4,0.021629239036691762,0.002370504323690202,0.014637176091079274,4.214236021425994E-4,0.0017821025777100448,7.032052571096408E-4,0.0013199054428993722,0.00440951625097715,0.0029764637893757166,6.354935767698563E-4,0.002260129491079117,0.001734368698828325,0.0010968412548894996,0.0022441242228626295,0.0010672292939849603,0.0019347951619789587,0.0012314078320245147,0.0018733350881662634,0.0032754073500405817,0.0027073707503223795,0.0019972740099933697,0.0010285225565431029,0.00240539884617241,0.0010323519249063504,0.002189442952759209,0.002711486282098555,0.0023785513050781863,5.132399925821919E-4,1.5535175206760963E-4,0.0024897139735198773,0.011097855577068147,0.0019581005279184784],[0.06652759629023772,0.05487700233211708,0.014031469335345343,0.0022807833065292774,0.009499634113687414,1.0,0.0017191330827819834,0.015518095734082495,0.010365753086119363,0.0012007564819653562,0.013699407805129269,0.03363157000012315,0.018248693016047833,0.0252464882648223,0.017899947007240288,0.017283377043795563,0.01981824301690581,0.010279332425951342,0.01620668793700687,0.0065228964918872595,0.006701354034337351,0.0052707951537800946,0.018570354256031665,0.01904868373472705,0.009440331067981705,0.008437344413981926,0.020711483532009207,0.0025090505668225,0.01655300178864377,0.024821751916656316,0.009500266988312954,4.4362239131578226E-4,0.012210192850672298,0.020224886351946754,0.003981871389644949,0.0020045736443706093,0.01190604401121787,0.004757755243507032,0.014050363670137934,0.014093179054578539,0.007610933743510247,0.024390243902439025,0.011184020230537592],[0.04319569004084398,0.018777338884602927,2.144855424647128E-4,7.632383811989197E-4,0.0011588652956150067,0.0017191330827819834,1.0,5.397692669471399E-4,1.3226124102640362E-4,1.9458672951202908E-4,1.902774005967967E-4,0.029616739041252647,0.0019490496169712827,0.0025348344478010923,1.2029557736670425E-4,2.3580042595620467E-4,8.841358753025606E-5,1.0985732011277957E-4,0.005067882701561095,0.00355399904525202,1.51032634427469E-4,2.5222271272389024E-4,8.914842850810913E-5,8.86912889712474E-4,9.244141977959844E-5,2.6696219371984473E-4,0.0017586342070494356,5.713785343846721E-4,2.233084764749866E-4,0.01987505110121993,0.0011470834807852577,1.263224817105652E-4,2.106840238687912E-4,1.0317905489335001E-4,1.248959718534444E-4,3.9898007704797624E-4,0.001376900894736131,0.001421958413772162,1.5600211937460515E-4,1.4716515118487708E-4,1.2355395915767078E-4,0.013190823956059463,8.150227331646468E-4],[0.02299415188280202,0.03874140932432938,4.824171756913659E-4,0.001097871156701955,0.0025605541744285355,0.015518095734082495,5.397692669471399E-4,1.0,5.086366941150831E-4,8.234084643127344E-4,4.782171275547876E-4,0.005840146862883571,0.001507319101824978,0.0012423767329080436,0.001093299108807154,6.099655724820178E-4,4.365620857078036E-4,6.835346120600722E-4,0.004913947323616571,0.002284338286159873,3.1468495252641633E-4,0.0010124785958469363,4.53483578518657E-4,0.0010930819668698456,5.686651961342175E-4,7.555729787859461E-4,0.0017089766578228557,8.276036755975134E-4,9.80045350328198E-4,0.015821815544500437,0.001401372098301627,7.032111284738364E-4,3.9601209899290963E-4,0.0010993008512869583,7.108159765699316E-4,0.0012259208977313972,0.0020595049009468265,0.0013603749232162323,7.016857490899854E-4,6.880835542858619E-4,3.953808868067403E-4,0.013677299487032592,0.0011075738076728407],[0.016272791570288384,0.04646434985093388,1.2982462734979089E-4,1.675479365544778E-4,9.29027858245131E-4,0.010365753086119363,1.3226124102640362E-4,5.086366941150831E-4,1.0,1.956601638710062E-4,1.9104895349284325E-4,0.015923664819722474,2.839859068874583E-4,0.020395579945561678,9.194590145090248E-5,1.4964352345956018E-4,1.1953729809942594E-4,1.1078638725446511E-4,8.58438842551287E-4,0.0030847529342237345,1.237613183221299E-4,4.909328980531094E-4,8.672907614464527E-5,9.457310895270237E-4,9.403803848779949E-5,1.8534893022422027E-4,0.0014838234845794913,1.660578239147008E-4,4.0396894338948263E-4,0.015158047497458452,0.0010547828728868067,8.6620718428779E-5,1.7936701869567702E-4,6.255868391678599E-5,9.919441154617775E-5,6.994263684978613E-4,8.394744786120105E-4,7.94578015497E-4,1.2545124673730767E-4,1.264520469978763E-4,1.1750554207386696E-4,0.007705436736358844,7.47319029227905E-4],[0.05253981859101414,0.008763726907914096,2.547984466343457E-4,6.938945607321165E-4,5.087461405516823E-4,0.0012007564819653562,1.9458672951202908E-4,8.234084643127344E-4,1.956601638710062E-4,1.0,2.257839671152801E-4,0.0028510777698779266,0.001174126767776846,0.005721419527793676,7.833147201649232E-5,2.3779986199572986E-4,5.584594664602496E-5,1.7427269254542487E-4,0.01008755015122153,0.0016497750045404783,1.5246454559790545E-4,4.942829318368193E-4,2.3148299128360124E-4,5.925676719786526E-4,2.247285944173613E-4,2.4989204312885773E-4,0.0017779654637919257,5.811552467164235E-4,6.663063268775467E-4,0.003381481915083007,0.0012555225746449913,2.1794122388260037E-4,2.339180658175791E-4,1.922463823096054E-4,8.497836864304179E-5,3.7748703734798085E-4,0.0016110898706135298,0.0010336871188555672,1.741957365268996E-4,1.7357401348298392E-4,1.655784491898407E-4,0.016359470696430067,5.89140090678224E-4],[0.02048911789045941,0.049193519555879354,2.3601717186463107E-4,5.766963091731589E-4,7.634247648442278E-4,0.013699407805129269,1.902774005967967E-4,4.782171275547876E-4,1.9104895349284325E-4,2.257839671152801E-4,1.0,0.019937984912937145,0.001369972520377765,0.002376430175331327,1.660356726535352E-4,2.3931180903272712E-4,1.985423817830989E-4,1.4264087528309782E-4,0.004971399231494653,0.0020144249656922283,1.782530708844688E-4,5.171598244022089E-4,1.775981129770866E-4,5.472880152258474E-4,1.5842101183585769E-4,2.399132804544676E-4,2.1775083765037512E-4,3.828482642251822E-4,5.757639739492731E-4,0.017049775217115846,0.0016376249810883174,8.327354647354805E-5,2.2903534955449835E-4,9.226579642584271E-5,1.2404603598990246E-4,4.6376256962850685E-4,0.0035819165688113085,0.0012166235400334748,2.0563331365053286E-4,1.881998028107896E-4,1.0394722929668656E-4,0.0060768291969754695,5.794135734026135E-4],[0.05140212501981227,0.04932581384483731,0.01225471989925384,0.02973591276261995,0.021629239036691762,0.03363157000012315,0.029616739041252647,0.005840146862883571,0.015923664819722474,0.0028510777698779266,0.019937984912937145,1.0,0.0061912286861106735,0.029702859057024418,0.01128480958553046,0.023049422063273713,0.028716752771615325,0.028085686238286896,0.014552917422847152,0.017232878211634422,0.0021861124835541247,0.01811225577007071,0.029627078890037364,0.01528185610706276,0.004815034886368953,0.029039351598911883,0.015251286184692282,0.03625318607944124,0.017654995483427947,0.028185041084701885,0.022532501856838145,0.023590114486605588,0.008030232751873242,0.029025544785147135,0.0010777987826598573,0.035007696702338366,0.030571974129956478,0.009268611674680734,0.028255362343359545,0.01510885689425839,0.004060907757744939,0.02979845961936262,0.016968281563102004],[0.0030286354509363213,0.053714285137455416,0.002295588826436391,0.0018251999724007793,0.002370504323690202,0.018248693016047833,0.0019490496169712827,0.001507319101824978,2.839859068874583E-4,0.001174126767776846,0.001369972520377765,0.0061912286861106735,1.0,0.013747958292056535,0.0020064911381684966,8.850765891233974E-4,3.3530939674918396E-4,4.634577460926057E-4,0.009832066218993902,0.004166197976299609,0.001148191046391231,0.001197551026180542,0.001150529078012272,0.001063371530475913,0.0013583326307096172,4.4469400953360766E-4,0.0020974944980015945,0.0018573803588039835,7.190430202422404E-4,0.006411684758465425,0.002633267086486145,7.783218810090212E-4,0.001835024915441216,5.458938527271083E-4,2.464062311154581E-4,0.0016800889626022953,0.0035634804661363534,0.0020420398109162953,3.4325283049092836E-4,0.0021974435346890924,0.0022624642496225063,0.010967234088071542,0.002081684106825432],[0.06329663579125017,0.031195801116899652,0.021872925140479137,0.02404644792619592,0.014637176091079274,0.0252464882648223,0.0025348344478010923,0.0012423767329080436,0.020395579945561678,0.005721419527793676,0.002376430175331327,0.029702859057024418,0.013747958292056535,1.0,0.012776537514544361,0.01476687032656703,0.005258173983777396,0.02506822741792128,0.014693897440457371,0.007513209450446217,0.027663367963227412,0.004580271296113628,0.02380363742171474,0.015866273998853993,0.0012761233301913024,0.011396270316945005,0.009526682162490115,0.01864028415449406,0.016584913085337383,0.026416212564014423,0.020348256321039537,8.856151075412461E-4,0.01939556994084861,0.02637634924525191,0.022831506656948327,0.016141834019674912,0.02556589786453814,0.023167009624614876,0.025604566752479196,0.017888147660571806,0.025341172700425314,0.02481488237187985,0.0036048385934008918],[0.009943404539314506,0.005713256709798794,8.237793721098117E-5,8.00247537313892E-5,4.214236021425994E-4,0.017899947007240288,1.2029557736670425E-4,0.001093299108807154,9.194590145090248E-5,7.833147201649232E-5,1.660356726535352E-4,0.01128480958553046,0.0020064911381684966,0.012776537514544361,1.0,2.1321687846189192E-4,1.734769604159324E-5,9.621243041792773E-5,0.00756803951261385,0.0027744161459554817,7.997583195924368E-5,1.0888234512546138E-4,5.8787670181126325E-5,4.951998820216974E-4,5.936371301383185E-5,1.1820815594100603E-4,0.0012035457443990072,2.003581453983656E-5,6.040658744523746E-4,0.018985248376220648,4.623892267551018E-4,3.1168866188073426E-5,1.938594947304714E-4,1.0797966422086312E-5,1.21821136854571E-5,0.0012148595786735674,0.002944866392702422,0.0010729636097602802,5.5196668256282915E-5,1.7355597975614987E-5,4.137041575524607E-5,0.01867645430357704,2.1368628638959432E-4],[0.04226991902596961,0.005437453792870416,2.675568302809214E-4,3.7768803770433753E-4,0.0017821025777100448,0.017283377043795563,2.3580042595620467E-4,6.099655724820178E-4,1.4964352345956018E-4,2.3779986199572986E-4,2.3931180903272712E-4,0.023049422063273713,8.850765891233974E-4,0.01476687032656703,2.1321687846189192E-4,1.0,1.0280786210829066E-4,1.3728138820617074E-4,0.008303526762604525,0.0020413640103579232,2.0591563569642292E-4,4.14665129346948E-4,1.6612778930282136E-4,7.785720464590718E-4,2.1985202427887636E-4,2.9006659078262574E-4,0.0013884653910468138,5.265358293636628E-4,3.97764641968376E-4,0.009157974802891279,0.0016544721053252233,8.277426654059585E-5,2.4271871101305199E-4,8.200727859188333E-5,2.0668322807851393E-4,3.3724172539855335E-4,0.0030056827334023857,0.0010137018846537301,1.8773412183375966E-4,1.9832140673716755E-4,1.5918678176761767E-4,0.01193040395749906,7.364592522578844E-4],[0.02855994433056936,0.008842829177220747,8.835593260823465E-5,5.168691037467537E-4,7.032052571096408E-4,0.01981824301690581,8.841358753025606E-5,4.365620857078036E-4,1.1953729809942594E-4,5.584594664602496E-5,1.985423817830989E-4,0.028716752771615325,3.3530939674918396E-4,0.005258173983777396,1.734769604159324E-5,1.0280786210829066E-4,1.0,7.287541586152192E-5,0.007816155534887537,0.002799912489495215,4.436226871470459E-5,1.8979462218832375E-4,4.878188214680217E-5,3.8520340471373364E-4,6.19864649105906E-5,2.055587385521898E-4,0.0012666510783150068,1.888170178532963E-4,6.456548419084053E-4,5.199012627958648E-4,6.813844415574606E-4,3.51135051825954E-5,1.805879751055226E-4,1.2371111061418497E-5,2.9987312172692802E-5,8.122210716198189E-4,6.633985842042802E-4,0.001510994860555318,1.1303062869744246E-4,1.3101187090543964E-4,9.578068486343836E-5,0.004303892135141915,1.2242500077122573E-4],[0.01943364243355308,0.0033280250600737976,1.5929034060278288E-4,1.253067206768172E-4,0.0013199054428993722,0.010279332425951342,1.0985732011277957E-4,6.835346120600722E-4,1.1078638725446511E-4,1.7427269254542487E-4,1.4264087528309782E-4,0.028085686238286896,4.634577460926057E-4,0.02506822741792128,9.621243041792773E-5,1.3728138820617074E-4,7.287541586152192E-5,1.0,0.0077496105336395,0.0017657797617985627,1.3092588303730143E-4,1.2497658242234929E-4,8.242387377058023E-5,0.0010086737137452732,7.708004921400302E-5,1.7570828820106783E-4,6.005767648457301E-4,2.0024717130172372E-4,4.4112850897410396E-4,0.01031046550591283,0.0018149784319846894,5.741342472538725E-5,1.4778080753645323E-4,8.884340392543378E-5,5.848367820564804E-5,3.380657943581864E-4,0.0035591188104916465,7.093125268096119E-4,1.281303386759934E-4,1.1900488787224944E-4,1.025090104709808E-4,0.013486985213193237,1.913906660446956E-4],[0.05160382468886852,0.01896885060172447,0.007096938523619956,0.0015071031970227513,0.00440951625097715,0.01620668793700687,0.005067882701561095,0.004913947323616571,8.58438842551287E-4,0.01008755015122153,0.004971399231494653,0.014552917422847152,0.009832066218993902,0.014693897440457371,0.00756803951261385,0.008303526762604525,0.007816155534887537,0.0077496105336395,1.0,0.009265268542305364,0.005715221957662521,0.0029875818823347513,0.0020080587115377455,0.006440609327088419,0.005025233053132871,7.373883868239115E-4,0.006816708010862669,0.0012967653632568051,0.009630036733607624,0.019861236517381187,0.004313571739192711,0.005640477806016755,0.0023443146690345874,0.001764341108002243,0.006378892665612152,0.006923975978453508,0.007774175078393515,0.0029601715652267722,0.010459916828401316,0.009067047232079208,0.006791563315217137,0.016629211608811683,0.005777331709661049],[0.05939176718430125,0.03990633707179612,5.271617920386578E-4,0.0014520542494498528,0.0029764637893757166,0.0065228964918872595,0.00355399904525202,0.002284338286159873,0.0030847529342237345,0.0016497750045404783,0.0020144249656922283,0.017232878211634422,0.004166197976299609,0.007513209450446217,0.0027744161459554817,0.0020413640103579232,0.002799912489495215,0.0017657797617985627,0.009265268542305364,1.0,5.606996791655747E-4,8.155477829907953E-4,0.001030979473082423,0.0013482218241923595,2.2423564120289195E-4,0.0016411090707828015,0.0031099165165000145,0.003536808925633749,7.288738647807289E-4,0.015765500414518633,0.0034418040837077757,3.4052760407077173E-4,0.004117916312137692,0.0024498179520897,6.907839177063724E-4,0.002201225432435811,0.004137580099784375,0.00241264411533042,0.0018111457615156237,0.0013650803128996993,7.183890933087052E-4,0.013342076638742414,0.004127131517775854],[0.006373945158864068,0.006690602494289542,1.944413253468904E-4,0.001061149633342389,6.354935767698563E-4,0.006701354034337351,1.51032634427469E-4,3.1468495252641633E-4,1.237613183221299E-4,1.5246454559790545E-4,1.782530708844688E-4,0.0021861124835541247,0.001148191046391231,0.027663367963227412,7.997583195924368E-5,2.0591563569642292E-4,4.436226871470459E-5,1.3092588303730143E-4,0.005715221957662521,5.606996791655747E-4,1.0,2.5799239083436245E-4,1.3274651463449707E-4,7.262057081497431E-4,6.999790508853422E-5,2.3123954964862086E-4,1.728284317816875E-4,5.114405675589514E-4,4.148712448468461E-4,1.6452083083290747E-4,3.7032667830653467E-4,7.315210232217883E-5,2.2144744259993782E-4,1.0280275292382086E-4,5.241951094376854E-5,0.0010172926326161437,5.138723587380207E-4,3.474016794829394E-4,1.5629391696952687E-4,1.4771172363281542E-4,1.0952438134980628E-4,0.007081174535485813,9.41958942446306E-4],[0.025364927714351733,0.03871132089747424,3.814306833207035E-4,8.77879309496762E-4,0.002260129491079117,0.0052707951537800946,2.5222271272389024E-4,0.0010124785958469363,4.909328980531094E-4,4.942829318368193E-4,5.171598244022089E-4,0.01811225577007071,0.001197551026180542,0.004580271296113628,1.0888234512546138E-4,4.14665129346948E-4,1.8979462218832375E-4,1.2497658242234929E-4,0.0029875818823347513,8.155477829907953E-4,2.5799239083436245E-4,1.0,2.9641188293472436E-4,8.344088802652383E-4,1.0875156581737058E-4,4.774527268975717E-4,0.001046937304205939,5.563751518091764E-4,5.504624367282505E-4,0.008931354918151847,0.0024248017945425198,9.505210757280513E-5,4.265282102944924E-4,3.074924522029174E-4,3.0869732906505025E-4,6.62998996488978E-4,9.280142554669551E-4,5.971317074425562E-4,2.974028888685428E-4,4.2517592935606814E-4,2.876698591869869E-4,0.01605181418739314,6.322565574271303E-4],[0.05589883035988183,0.05166097256643568,2.5906898185855436E-4,7.810480969663864E-4,0.001734368698828325,0.018570354256031665,8.914842850810913E-5,4.53483578518657E-4,8.672907614464527E-5,2.3148299128360124E-4,1.775981129770866E-4,0.029627078890037364,0.001150529078012272,0.02380363742171474,5.8787670181126325E-5,1.6612778930282136E-4,4.878188214680217E-5,8.242387377058023E-5,0.0020080587115377455,0.001030979473082423,1.3274651463449707E-4,2.9641188293472436E-4,1.0,6.884959365085326E-4,6.386238828182765E-5,1.5669523798447955E-4,3.3617649235757234E-4,5.389275528661589E-4,8.101249845427416E-5,0.020168212429546764,7.020149621307627E-4,4.191026916197077E-5,1.4883497857257918E-4,5.5106507207433426E-5,4.907493954352513E-5,2.0131475147547377E-4,0.0033413992789190646,8.535920458988213E-4,1.3169386561082992E-4,9.034983987786426E-5,1.001302932565797E-4,0.014200923619545107,1.5204123148552338E-4],[0.02545723861286826,0.05281985312819508,8.237440166083864E-4,0.0010385335770447918,0.0010968412548894996,0.01904868373472705,8.86912889712474E-4,0.0010930819668698456,9.457310895270237E-4,5.925676719786526E-4,5.472880152258474E-4,0.01528185610706276,0.001063371530475913,0.015866273998853993,4.951998820216974E-4,7.785720464590718E-4,3.8520340471373364E-4,0.0010086737137452732,0.006440609327088419,0.0013482218241923595,7.262057081497431E-4,8.344088802652383E-4,6.884959365085326E-4,1.0,1.7469516053901561E-4,5.421452657060402E-4,0.0015418321265567411,7.879144061657144E-4,8.408091631817565E-4,0.010833973842309254,0.001997920201027868,8.167622748422415E-5,5.352997062478178E-4,3.244015003044603E-5,9.171711025993555E-4,0.0010691338692041543,0.0013514643165532057,0.0012478213383036252,4.934914302270596E-4,3.505856318815567E-4,9.305636394863173E-4,0.023241410423645872,0.0010246712530832432],[0.008169289270541254,0.02056420621594071,7.332222593964978E-5,5.011141881068825E-4,0.0022441242228626295,0.009440331067981705,9.244141977959844E-5,5.686651961342175E-4,9.403803848779949E-5,2.247285944173613E-4,1.5842101183585769E-4,0.004815034886368953,0.0013583326307096172,0.0012761233301913024,5.936371301383185E-5,2.1985202427887636E-4,6.19864649105906E-5,7.708004921400302E-5,0.005025233053132871,2.2423564120289195E-4,6.999790508853422E-5,1.0875156581737058E-4,6.386238828182765E-5,1.7469516053901561E-4,1.0,2.8320899270714735E-4,0.0011022504604832595,5.128845084379853E-4,2.061281764494224E-4,0.008129416660582426,0.0024147747107410274,6.206176533873076E-5,9.60804288020946E-5,3.3715137429471643E-5,4.5833659807209384E-5,4.2164772428193855E-4,5.507973690066856E-4,0.0010769031395063719,1.460004589678696E-4,7.250629350290636E-5,6.475675224949515E-5,0.023170182208797647,6.022110314100018E-4],[0.03981976064591187,0.010139645032037108,2.866952403129982E-4,9.345981514843014E-4,0.0010672292939849603,0.008437344413981926,2.6696219371984473E-4,7.555729787859461E-4,1.8534893022422027E-4,2.4989204312885773E-4,2.399132804544676E-4,0.029039351598911883,4.4469400953360766E-4,0.011396270316945005,1.1820815594100603E-4,2.9006659078262574E-4,2.055587385521898E-4,1.7570828820106783E-4,7.373883868239115E-4,0.0016411090707828015,2.3123954964862086E-4,4.774527268975717E-4,1.5669523798447955E-4,5.421452657060402E-4,2.8320899270714735E-4,1.0,0.001511569692178747,3.335678128301526E-4,4.510466007627706E-4,0.006822005272504308,8.865164662808307E-4,1.2360804541093764E-4,2.799727339757948E-4,6.909559513025961E-5,3.6666070639813495E-5,0.0012099592624023139,0.0021910703279361737,9.514115138319792E-4,2.789621762594879E-4,2.6113733644141926E-4,1.9513197479114713E-4,0.014768610752657192,0.0010965790391658026],[0.03936696228807524,0.04210293364385364,0.0014011819659106033,0.0015431735385381474,0.0019347951619789587,0.020711483532009207,0.0017586342070494356,0.0017089766578228557,0.0014838234845794913,0.0017779654637919257,2.1775083765037512E-4,0.015251286184692282,0.0020974944980015945,0.009526682162490115,0.0012035457443990072,0.0013884653910468138,0.0012666510783150068,6.005767648457301E-4,0.006816708010862669,0.0031099165165000145,1.728284317816875E-4,0.001046937304205939,3.3617649235757234E-4,0.0015418321265567411,0.0011022504604832595,0.001511569692178747,1.0,6.651005243446102E-4,7.029412546794296E-4,0.002168564511675261,0.0023344813241100056,9.150852574782519E-4,8.197553254980571E-4,8.855550322039757E-5,7.643260267429062E-4,0.0018545116238691344,0.002018181189117531,0.0018683503319084208,5.620427650884066E-4,0.0013900870131927567,0.0011918634316193555,0.013531434997934936,0.0012766101171222633],[0.018436919901964336,0.04101487942114738,5.409890827563939E-4,8.889180527654665E-4,0.0012314078320245147,0.0025090505668225,5.713785343846721E-4,8.276036755975134E-4,1.660578239147008E-4,5.811552467164235E-4,3.828482642251822E-4,0.03625318607944124,0.0018573803588039835,0.01864028415449406,2.003581453983656E-5,5.265358293636628E-4,1.888170178532963E-4,2.0024717130172372E-4,0.0012967653632568051,0.003536808925633749,5.114405675589514E-4,5.563751518091764E-4,5.389275528661589E-4,7.879144061657144E-4,5.128845084379853E-4,3.335678128301526E-4,6.651005243446102E-4,1.0,6.362925497367077E-4,0.013673561653805143,0.0013687073337132235,3.6647906006579236E-4,2.3817439256059608E-4,5.200218560201763E-4,2.630899000958429E-4,9.247217060183834E-4,0.0027053759258983353,0.0010566453590192103,2.2648005453744296E-4,3.9751171400904814E-4,4.470305270153879E-4,0.009058843692558159,7.255708708894995E-4],[0.04914686243579411,0.018277774356104247,3.828059686699875E-4,8.83309851015483E-4,0.0018733350881662634,0.01655300178864377,2.233084764749866E-4,9.80045350328198E-4,4.0396894338948263E-4,6.663063268775467E-4,5.757639739492731E-4,0.017654995483427947,7.190430202422404E-4,0.016584913085337383,6.040658744523746E-4,3.97764641968376E-4,6.456548419084053E-4,4.4112850897410396E-4,0.009630036733607624,7.288738647807289E-4,4.148712448468461E-4,5.504624367282505E-4,8.101249845427416E-5,8.408091631817565E-4,2.061281764494224E-4,4.510466007627706E-4,7.029412546794296E-4,6.362925497367077E-4,1.0,0.021818030731008995,0.002671288579238589,4.0077244763621334E-4,2.5786630893650885E-4,2.5158397140409816E-4,4.17386304319444E-4,0.0010915104252280754,0.0025119885467578683,0.0015970902058956662,6.610359086853062E-4,2.5685030124769225E-4,3.1006496675787707E-4,0.014899426260303382,7.67249869326539E-4],[0.03757344036778708,0.03561715758915575,0.0019947335227911245,0.019640170756299303,0.0032754073500405817,0.024821751916656316,0.01987505110121993,0.015821815544500437,0.015158047497458452,0.003381481915083007,0.017049775217115846,0.028185041084701885,0.006411684758465425,0.026416212564014423,0.018985248376220648,0.009157974802891279,5.199012627958648E-4,0.01031046550591283,0.019861236517381187,0.015765500414518633,1.6452083083290747E-4,0.008931354918151847,0.020168212429546764,0.010833973842309254,0.008129416660582426,0.006822005272504308,0.002168564511675261,0.013673561653805143,0.021818030731008995,1.0,0.017511620393304377,0.008202119833934726,0.014518817179684422,0.02505628051590932,0.023478871324674282,0.012573140379639977,0.01669259836629608,0.01877645804305524,0.019782351217944763,0.0031637409191181613,0.0052555282142499795,0.024600695214178365,0.01970563438223674],[0.007826593558156337,0.017972430534738335,0.001977883859598489,0.0014689754890558591,0.0027073707503223795,0.009500266988312954,0.0011470834807852577,0.001401372098301627,0.0010547828728868067,0.0012555225746449913,0.0016376249810883174,0.022532501856838145,0.002633267086486145,0.020348256321039537,4.623892267551018E-4,0.0016544721053252233,6.813844415574606E-4,0.0018149784319846894,0.004313571739192711,0.0034418040837077757,3.7032667830653467E-4,0.0024248017945425198,7.020149621307627E-4,0.001997920201027868,0.0024147747107410274,8.865164662808307E-4,0.0023344813241100056,0.0013687073337132235,0.002671288579238589,0.017511620393304377,1.0,2.2272382135492253E-4,5.471580648677628E-4,7.806124839128882E-5,0.0025120865028886823,0.0018861126041284449,0.002878829797370804,0.0024794359334469906,1.9429905072907783E-4,0.0020301248386221005,5.22330299587204E-4,0.02215151461007081,0.0025792775414040185],[0.04021170223135833,0.047331095349797354,1.1757382496891295E-4,2.777350102834686E-4,0.0019972740099933697,4.4362239131578226E-4,1.263224817105652E-4,7.032111284738364E-4,8.6620718428779E-5,2.1794122388260037E-4,8.327354647354805E-5,0.023590114486605588,7.783218810090212E-4,8.856151075412461E-4,3.1168866188073426E-5,8.277426654059585E-5,3.51135051825954E-5,5.741342472538725E-5,0.005640477806016755,3.4052760407077173E-4,7.315210232217883E-5,9.505210757280513E-5,4.191026916197077E-5,8.167622748422415E-5,6.206176533873076E-5,1.2360804541093764E-4,9.150852574782519E-4,3.6647906006579236E-4,4.0077244763621334E-4,0.008202119833934726,2.2272382135492253E-4,1.0,1.2229213032385677E-4,2.3162675445386816E-5,2.421186049116899E-5,0.0012260350887142615,0.0010223169446245402,0.001019129528952607,9.608662097196013E-5,1.1553403698438358E-4,9.49580673458903E-5,0.01957839824743011,6.502020373943587E-4],[0.05970024718473925,0.04874051997686205,2.6805240577640495E-4,0.0010629735816092814,0.0010285225565431029,0.012210192850672298,2.106840238687912E-4,3.9601209899290963E-4,1.7936701869567702E-4,2.339180658175791E-4,2.2903534955449835E-4,0.008030232751873242,0.001835024915441216,0.01939556994084861,1.938594947304714E-4,2.4271871101305199E-4,1.805879751055226E-4,1.4778080753645323E-4,0.0023443146690345874,0.004117916312137692,2.2144744259993782E-4,4.265282102944924E-4,1.4883497857257918E-4,5.352997062478178E-4,9.60804288020946E-5,2.799727339757948E-4,8.197553254980571E-4,2.3817439256059608E-4,2.5786630893650885E-4,0.014518817179684422,5.471580648677628E-4,1.2229213032385677E-4,1.0,1.8271492689645992E-4,2.482585392797446E-5,0.0011157725697500459,0.0026830268821147443,2.453492236815457E-4,2.203289483327772E-4,1.4409463136254319E-4,2.227404913587123E-4,0.01046337508767182,3.8852602206525017E-4],[0.04506368598894973,0.023850243606016404,2.720432921092601E-4,8.697610651240705E-4,0.00240539884617241,0.020224886351946754,1.0317905489335001E-4,0.0010993008512869583,6.255868391678599E-5,1.922463823096054E-4,9.226579642584271E-5,0.029025544785147135,5.458938527271083E-4,0.02637634924525191,1.0797966422086312E-5,8.200727859188333E-5,1.2371111061418497E-5,8.884340392543378E-5,0.001764341108002243,0.0024498179520897,1.0280275292382086E-4,3.074924522029174E-4,5.5106507207433426E-5,3.244015003044603E-5,3.3715137429471643E-5,6.909559513025961E-5,8.855550322039757E-5,5.200218560201763E-4,2.5158397140409816E-4,0.02505628051590932,7.806124839128882E-5,2.3162675445386816E-5,1.8271492689645992E-4,1.0,1.2447257624577395E-5,1.5800983704512643E-4,0.0012327570647503604,4.698659345850996E-4,1.3966687301440148E-4,2.5780979517239767E-5,1.1970119230166588E-5,0.0018670616063711232,8.053449210123648E-4],[0.005119872065526095,0.01822285822093039,2.0112977662962262E-4,0.0010451510749688358,0.0010323519249063504,0.003981871389644949,1.248959718534444E-4,7.108159765699316E-4,9.919441154617775E-5,8.497836864304179E-5,1.2404603598990246E-4,0.0010777987826598573,2.464062311154581E-4,0.022831506656948327,1.21821136854571E-5,2.0668322807851393E-4,2.9987312172692802E-5,5.848367820564804E-5,0.006378892665612152,6.907839177063724E-4,5.241951094376854E-5,3.0869732906505025E-4,4.907493954352513E-5,9.171711025993555E-4,4.5833659807209384E-5,3.6666070639813495E-5,7.643260267429062E-4,2.630899000958429E-4,4.17386304319444E-4,0.023478871324674282,0.0025120865028886823,2.421186049116899E-5,2.482585392797446E-5,1.2447257624577395E-5,1.0,5.436498074640865E-4,0.002633312571880482,2.9599524066999333E-4,4.5182661072252436E-5,1.8324656544480656E-5,3.131652335871695E-5,0.004471235106265803,4.867527755342304E-5],[0.016711022004534597,0.041212824938848085,3.05148711057266E-4,0.0010802870739254158,0.002189442952759209,0.0020045736443706093,3.9898007704797624E-4,0.0012259208977313972,6.994263684978613E-4,3.7748703734798085E-4,4.6376256962850685E-4,0.035007696702338366,0.0016800889626022953,0.016141834019674912,0.0012148595786735674,3.3724172539855335E-4,8.122210716198189E-4,3.380657943581864E-4,0.006923975978453508,0.002201225432435811,0.0010172926326161437,6.62998996488978E-4,2.0131475147547377E-4,0.0010691338692041543,4.2164772428193855E-4,0.0012099592624023139,0.0018545116238691344,9.247217060183834E-4,0.0010915104252280754,0.012573140379639977,0.0018861126041284449,0.0012260350887142615,0.0011157725697500459,1.5800983704512643E-4,5.436498074640865E-4,1.0,0.0027977635593670796,0.001411808170067155,0.0010861699198595688,0.0011139125464567957,3.7255649667149946E-4,0.008983346014879089,0.001170581347102953],[0.05390016786014065,0.04043591539915752,0.0023649656038579156,0.0027700555758577907,0.002711486282098555,0.01190604401121787,0.001376900894736131,0.0020595049009468265,8.394744786120105E-4,0.0016110898706135298,0.0035819165688113085,0.030571974129956478,0.0035634804661363534,0.02556589786453814,0.002944866392702422,0.0030056827334023857,6.633985842042802E-4,0.0035591188104916465,0.007774175078393515,0.004137580099784375,5.138723587380207E-4,9.280142554669551E-4,0.0033413992789190646,0.0013514643165532057,5.507973690066856E-4,0.0021910703279361737,0.002018181189117531,0.0027053759258983353,0.0025119885467578683,0.01669259836629608,0.002878829797370804,0.0010223169446245402,0.0026830268821147443,0.0012327570647503604,0.002633312571880482,0.0027977635593670796,1.0,0.003330545529936601,0.0015581975351718785,0.0017395538217739673,0.003317572082901901,0.019134666985297248,0.0034294823798859068],[0.04491348037468103,0.04991261130635231,0.0010114988563139043,0.001597218670050686,0.0023785513050781863,0.004757755243507032,0.001421958413772162,0.0013603749232162323,7.94578015497E-4,0.0010336871188555672,0.0012166235400334748,0.009268611674680734,0.0020420398109162953,0.023167009624614876,0.0010729636097602802,0.0010137018846537301,0.001510994860555318,7.093125268096119E-4,0.0029601715652267722,0.00241264411533042,3.474016794829394E-4,5.971317074425562E-4,8.535920458988213E-4,0.0012478213383036252,0.0010769031395063719,9.514115138319792E-4,0.0018683503319084208,0.0010566453590192103,0.0015970902058956662,0.01877645804305524,0.0024794359334469906,0.001019129528952607,2.453492236815457E-4,4.698659345850996E-4,2.9599524066999333E-4,0.001411808170067155,0.003330545529936601,1.0,0.0010782709833532973,7.231542693645484E-4,9.854001164984548E-4,0.01275962995791857,0.0015698966527003938],[0.012820691097760257,0.04107465932892838,2.495539195512405E-4,3.938861119554615E-4,5.132399925821919E-4,0.014050363670137934,1.5600211937460515E-4,7.016857490899854E-4,1.2545124673730767E-4,1.741957365268996E-4,2.0563331365053286E-4,0.028255362343359545,3.4325283049092836E-4,0.025604566752479196,5.5196668256282915E-5,1.8773412183375966E-4,1.1303062869744246E-4,1.281303386759934E-4,0.010459916828401316,0.0018111457615156237,1.5629391696952687E-4,2.974028888685428E-4,1.3169386561082992E-4,4.934914302270596E-4,1.460004589678696E-4,2.789621762594879E-4,5.620427650884066E-4,2.2648005453744296E-4,6.610359086853062E-4,0.019782351217944763,1.9429905072907783E-4,9.608662097196013E-5,2.203289483327772E-4,1.3966687301440148E-4,4.5182661072252436E-5,0.0010861699198595688,0.0015581975351718785,0.0010782709833532973,1.0,1.428907850734783E-4,1.1199914329839069E-4,0.010418366520814949,5.448482638533201E-4],[0.00909421122874596,6.142283420195383E-4,1.712952591830095E-4,7.135136076121666E-4,1.5535175206760963E-4,0.014093179054578539,1.4716515118487708E-4,6.880835542858619E-4,1.264520469978763E-4,1.7357401348298392E-4,1.881998028107896E-4,0.01510885689425839,0.0021974435346890924,0.017888147660571806,1.7355597975614987E-5,1.9832140673716755E-4,1.3101187090543964E-4,1.1900488787224944E-4,0.009067047232079208,0.0013650803128996993,1.4771172363281542E-4,4.2517592935606814E-4,9.034983987786426E-5,3.505856318815567E-4,7.250629350290636E-5,2.6113733644141926E-4,0.0013900870131927567,3.9751171400904814E-4,2.5685030124769225E-4,0.0031637409191181613,0.0020301248386221005,1.1553403698438358E-4,1.4409463136254319E-4,2.5780979517239767E-5,1.8324656544480656E-5,0.0011139125464567957,0.0017395538217739673,7.231542693645484E-4,1.428907850734783E-4,1.0,1.2798706467681003E-4,0.015302088572645794,1.526454394677984E-4],[0.03716225282191036,0.05357668357479415,1.5172873146616133E-4,5.626219520177873E-4,0.0024897139735198773,0.007610933743510247,1.2355395915767078E-4,3.953808868067403E-4,1.1750554207386696E-4,1.655784491898407E-4,1.0394722929668656E-4,0.004060907757744939,0.0022624642496225063,0.025341172700425314,4.137041575524607E-5,1.5918678176761767E-4,9.578068486343836E-5,1.025090104709808E-4,0.006791563315217137,7.183890933087052E-4,1.0952438134980628E-4,2.876698591869869E-4,1.001302932565797E-4,9.305636394863173E-4,6.475675224949515E-5,1.9513197479114713E-4,0.0011918634316193555,4.470305270153879E-4,3.1006496675787707E-4,0.0052555282142499795,5.22330299587204E-4,9.49580673458903E-5,2.227404913587123E-4,1.1970119230166588E-5,3.131652335871695E-5,3.7255649667149946E-4,0.003317572082901901,9.854001164984548E-4,1.1199914329839069E-4,1.2798706467681003E-4,1.0,0.011713237169066193,9.797950623508726E-4],[0.05846227672868389,0.025050592475657666,0.0015151318386471737,0.020520542541284076,0.011097855577068147,0.024390243902439025,0.013190823956059463,0.013677299487032592,0.007705436736358844,0.016359470696430067,0.0060768291969754695,0.02979845961936262,0.010967234088071542,0.02481488237187985,0.01867645430357704,0.01193040395749906,0.004303892135141915,0.013486985213193237,0.016629211608811683,0.013342076638742414,0.007081174535485813,0.01605181418739314,0.014200923619545107,0.023241410423645872,0.023170182208797647,0.014768610752657192,0.013531434997934936,0.009058843692558159,0.014899426260303382,0.024600695214178365,0.02215151461007081,0.01957839824743011,0.01046337508767182,0.0018670616063711232,0.004471235106265803,0.008983346014879089,0.019134666985297248,0.01275962995791857,0.010418366520814949,0.015302088572645794,0.011713237169066193,1.0,0.013264421497861898],[0.0328393693395636,0.045700359177794254,9.335186127587396E-4,0.001074613718289758,0.0019581005279184784,0.011184020230537592,8.150227331646468E-4,0.0011075738076728407,7.47319029227905E-4,5.89140090678224E-4,5.794135734026135E-4,0.016968281563102004,0.002081684106825432,0.0036048385934008918,2.1368628638959432E-4,7.364592522578844E-4,1.2242500077122573E-4,1.913906660446956E-4,0.005777331709661049,0.004127131517775854,9.41958942446306E-4,6.322565574271303E-4,1.5204123148552338E-4,0.0010246712530832432,6.022110314100018E-4,0.0010965790391658026,0.0012766101171222633,7.255708708894995E-4,7.67249869326539E-4,0.01970563438223674,0.0025792775414040185,6.502020373943587E-4,3.8852602206525017E-4,8.053449210123648E-4,4.867527755342304E-5,0.001170581347102953,0.0034294823798859068,0.0015698966527003938,5.448482638533201E-4,1.526454394677984E-4,9.797950623508726E-4,0.013264421497861898,1.0]]