[[1.0, 0.3409375863874661, 0.3302646941957653, 0.34623786329802697, 0.8861941320840538, 0.17513434230821956, 0.90337418505764, 0.39515309841097457, 0.15238437879559508, 0.7246173452352612, 0.6364169208696108, 0.18242074426811528, 0.6515189402183321, 0.510778686971957, 0.5910429153127272, 0.7229020581189374, 0.6382097973848888, 0.2764846222736833, 0.002663031399887106, 0.13020537621706707, 0.8552261025271177, 0.26492080464183676, 0.11999794569610578, 0.1417102029329328, 0.6752731823801713, 0.8377058641761924, 0.5321774484901429, 0.011995966293771865, 0.8639006921483059, 0.4604301243587644, 0.5666047343475642, 0.5183839763707825, 0.09987963070536732, 0.018661399635909515, 0.9922692629266033], [0.3409375863874661, 1.0, 0.9462321043062286, 0.8792364443867783, 0.15747827898377564, 0.8893404690341332, 0.682941246917464, 0.0006027542533167951, 0.8430111832174696, 0.2867219223906897, 0.4473920550241467, 0.22366840504993601, 0.3438110846829018, 0.6871648512876247, 0.05696028948416887, 0.5922641143107437, 0.808562363757139, 0.1787823954288723, 0.15015291896415928, 0.1083181203151895, 0.20568669868222733, 0.42032237325471267, 0.6930474884034079, 0.6959064357209336, 0.8099144232746355, 0.40592180950167056, 0.8419106213722339, 0.2256597320561553, 0.13586218969180386, 0.8910873327422102, 0.9541002049804462, 0.5649928605512434, 0.7325460058893754, 0.40927878109042837, 0.3390966289865315], [0.3302646941957653, 0.9462321043062286, 1.0, 0.11484166287772435, 0.5367688221104389, 0.15527404500509923, 0.018696429368656786, 0.031839107310129955, 0.365098314638473, 0.579437261225277, 0.8321586029086087, 0.16049860982115782, 0.5421375491985265, 0.403354205771988, 0.9786774361421658, 0.37789216327924646, 0.16675155683372722, 0.12692569069567539, 0.4945357872588163, 0.47867583192447716, 0.6990571217757381, 0.5022864645553589, 0.20175443147280203, 0.8207793227531127, 0.8750759888229961, 0.9064216964387433, 0.12321353729487461, 0.5143756139707376, 0.5712787772007186, 0.2130972308311908, 0.43287469289401437, 0.37706459971389605, 0.45339802454105804, 0.28076192818667023, 0.32802278476104463], [0.34623786329802697, 0.8792364443867783, 0.11484166287772435, 1.0, 0.7922250015432087, 0.45781641127034, 0.5458750199271726, 0.9537963366729114, 0.7847072267374966, 0.479504400915054, 0.876570251181727, 0.18392320835385023, 0.8553182262452511, 0.44205556686299796, 0.5904969008852945, 0.45264948389740645, 0.6606982667322687, 0.9658494829306246, 0.8449573413249645, 0.7354521986947237, 0.7588681868061148, 0.08301852164269197, 0.5224491352380052, 0.5804474064035503, 0.989087574280285, 0.21898749554155306, 0.7577640917027515, 0.08629759198267406, 0.19963674487701644, 0.3983167847960126, 0.16796620371431648, 0.6541162941687959, 0.3629847135094255, 0.4628392116768614, 0.11607398689316584], [0.8861941320840538, 0.15747827898377564, 0.5367688221104389, 0.7922250015432087, 1.0, 0.3545551481932472, 0.6163885455560483, 0.03917588343861511, 0.9532273455700399, 0.4044682666933579, 0.9859437478795582, 0.5334435660029745, 0.25885473301096507, 0.23972246222751303, 0.0654444250556302, 0.3935067002267685, 0.31326595613386976, 0.6090174506594156, 0.3110788643478174, 0.4103382851898283, 0.16688178958234012, 0.196285210229577, 0.9280556160964057, 0.25338665242165803, 0.6787337103489093, 0.4088833703586676, 0.3301661135615547, 0.771770885884582, 0.3194171483660577, 0.926955881081867, 0.7642175139559331, 0.8012147422882172, 0.19284687934144518, 0.8026466659090982, 0.16535956363767923], [0.17513434230821956, 0.8893404690341332, 0.15527404500509923, 0.45781641127034, 0.3545551481932472, 1.0, 0.19869000679830895, 0.5264056178987411, 0.5044231404772521, 0.19017025110042807, 0.31463515595483094, 0.5941950347359816, 0.3687810668221817, 0.1329051968866648, 0.0645708048998378, 0.22667447785507788, 0.05240026900641703, 0.615668276866751, 0.4537479229020449, 0.999134766442276, 0.9718219105042442, 0.01509786440824501, 0.9045731806088041, 0.0636977617420924, 0.9122970206090267, 0.44149791690781937, 0.5614395978126501, 0.23229580785855275, 0.958362179734263, 0.692554855869699, 0.9271657348393458, 0.10956793547268973, 0.08200768227960775, 0.5288051320196753, 0.30529754686602517], [0.90337418505764, 0.682941246917464, 0.018696429368656786, 0.5458750199271726, 0.6163885455560483, 0.19869000679830895, 1.0, 0.5839942996590318, 0.9458051441879188, 0.9584055538906167, 0.9092178779949615, 0.5725220493205259, 0.15614694496158343, 0.2801518255069926, 0.391059449908987, 0.7619998308213494, 0.35848868269627154, 0.15843744834491036, 0.5416743425088331, 0.6314632731238751, 0.37122278914629103, 0.5797538863788817, 0.6167286915560988, 0.2082896283742165, 0.23911677446414292, 0.7448502610957829, 0.29349808168727054, 0.3795211469719797, 0.48005870539140916, 0.2972682146334644, 0.371956223020676, 0.9694063478963816, 0.587193855183311, 0.35681300581617037, 0.9682194787153453], [0.39515309841097457, 0.0006027542533167951, 0.031839107310129955, 0.9537963366729114, 0.03917588343861511, 0.5264056178987411, 0.5839942996590318, 1.0, 0.40337032772085735, 0.34669160372068186, 0.5392297956167711, 0.605606389644251, 0.5305384907500811, 0.5446982418322353, 0.9069599604626488, 0.8379097099263308, 0.5687213966151135, 0.3501595989948465, 0.7998477325418618, 0.3349185969854396, 0.0023277716572208673, 0.13135730432025672, 0.6200767053690385, 0.7226922866656001, 0.14920864636498044, 0.7650072564987817, 0.8573999145309364, 0.7763518356429675, 0.5711217475072071, 0.7195615037384222, 0.27238673251707046, 0.598989307207568, 0.41499940133195823, 0.7033512752272121, 0.8717733281469167], [0.15238437879559508, 0.8430111832174696, 0.365098314638473, 0.7847072267374966, 0.9532273455700399, 0.5044231404772521, 0.9458051441879188, 0.40337032772085735, 1.0, 0.671248523112075, 0.21162103427625478, 0.3613109353688645, 0.7336715067828108, 0.9058812936767394, 0.8819641052458576, 0.2515044913246721, 0.3420418858634179, 0.11007459761035432, 0.0011814229132157683, 0.9011730240859505, 0.4909058576303893, 0.06751080111512542, 0.9313382839215422, 0.6602934383563887, 0.9982982033227288, 0.423508666418279, 0.6522850888555266, 0.2759744031903075, 0.292688357634325, 0.6584820921477428, 0.050753938769707796, 0.7778062310060347, 0.781116834669348, 0.265717112261871, 0.22847491699817057], [0.7246173452352612, 0.2867219223906897, 0.579437261225277, 0.479504400915054, 0.4044682666933579, 0.19017025110042807, 0.9584055538906167, 0.34669160372068186, 0.671248523112075, 1.0, 0.11480687144658419, 0.42268604633796614, 0.49918885726121665, 0.8255496615063189, 0.0780679381558117, 0.08572475567740456, 0.5860164638760791, 0.13251034983583454, 0.9582585111870842, 0.2300819635834378, 0.7787419633222757, 0.9591299949413192, 0.9006399747147769, 0.38025916144541183, 0.8773018932591382, 0.8735557526698478, 0.20141070886636547, 0.9016592692223566, 0.8526410751556702, 0.9875299852262615, 0.38018193940118294, 0.7251256054670545, 0.9888852362582019, 0.9583293312883114, 0.7003151171743313], [0.6364169208696108, 0.4473920550241467, 0.8321586029086087, 0.876570251181727, 0.9859437478795582, 0.31463515595483094, 0.9092178779949615, 0.5392297956167711, 0.21162103427625478, 0.11480687144658419, 1.0, 0.4140493151535809, 0.16649105131259823, 0.9360059755008697, 0.02430084380862052, 0.5804674085075838, 0.8903171196473555, 0.3848588033771374, 0.007333906500572196, 0.26327293215840086, 0.8551345124183933, 0.20166817142799398, 0.1817073629226036, 0.3596286678524291, 0.2231363964375691, 0.5507959960774382, 0.7521306804639972, 0.9096976119473213, 0.23669160464830752, 0.18201451151788395, 0.03636221842546694, 0.043874011767771615, 0.0653739553493985, 0.08471772099333152, 0.2649442097601895], [0.18242074426811528, 0.22366840504993601, 0.16049860982115782, 0.18392320835385023, 0.5334435660029745, 0.5941950347359816, 0.5725220493205259, 0.605606389644251, 0.3613109353688645, 0.42268604633796614, 0.4140493151535809, 1.0, 0.4311610826738548, 0.7721369149777065, 0.8273474584508854, 0.5345950389378769, 0.33373354455805404, 0.02039778645179746, 0.9122707620662377, 0.8198836273363069, 0.18332158140836363, 0.7575129966111568, 0.8784257641255945, 0.04865556126199366, 0.0029804794346062202, 0.959823112466223, 0.5441983905648247, 0.6171007461920844, 0.3422127222736414, 0.9651706681288348, 0.2427450650606382, 0.6320703070405891, 0.5785053046660451, 0.8097721897358133, 0.390481093292529], [0.6515189402183321, 0.3438110846829018, 0.5421375491985265, 0.8553182262452511, 0.25885473301096507, 0.3687810668221817, 0.15614694496158343, 0.5305384907500811, 0.7336715067828108, 0.49918885726121665, 0.16649105131259823, 0.4311610826738548, 1.0, 0.9391752018552152, 0.7397899963312592, 0.4909349807039619, 0.7854146977609148, 0.11335442463096457, 0.6101335397897812, 0.29445433961960044, 0.1855963661522454, 0.6331249234985812, 0.19185083453836116, 0.5792684644777469, 0.7219666727513874, 0.7449954310652576, 0.7623145972153164, 0.2715657599451944, 0.10604951435418719, 0.1716891502967577, 0.8110886671570295, 0.111966682726094, 0.02443337298110959, 0.12735142419501033, 0.744501120609374], [0.510778686971957, 0.6871648512876247, 0.403354205771988, 0.44205556686299796, 0.23972246222751303, 0.1329051968866648, 0.2801518255069926, 0.5446982418322353, 0.9058812936767394, 0.8255496615063189, 0.9360059755008697, 0.7721369149777065, 0.9391752018552152, 1.0, 0.316462743336012, 0.8631462232132858, 0.5811703710914171, 0.9164733606549791, 0.9924674741376862, 0.8020014155907502, 0.9884185640167235, 0.1145205645989954, 0.7395337998216477, 0.6705212946116281, 0.4243288179694663, 0.5071673380217983, 0.08394497182400251, 0.9903290609675943, 0.9907856864315416, 0.5311063348428412, 0.08152887036364787, 0.12314365512374192, 0.12685547918903883, 0.23187332511001635, 0.767103112515261], [0.5910429153127272, 0.05696028948416887, 0.9786774361421658, 0.5904969008852945, 0.0654444250556302, 0.0645708048998378, 0.391059449908987, 0.9069599604626488, 0.8819641052458576, 0.0780679381558117, 0.02430084380862052, 0.8273474584508854, 0.7397899963312592, 0.316462743336012, 1.0, 0.05363259253234509, 0.3633450691532193, 0.0918301360559709, 0.8839765260064113, 0.9953411360160788, 0.06693910542722203, 0.3807521824141543, 0.49297440406918125, 0.9202951148383051, 0.8747773023746008, 0.27001056890014885, 0.7670271588962916, 0.9459899021970052, 0.7480849983415213, 0.515212246715144, 0.049788131210984465, 0.9779645219387668, 0.09407632025374424, 0.3145672960882101, 0.9945759465889908], [0.7229020581189374, 0.5922641143107437, 0.37789216327924646, 0.45264948389740645, 0.3935067002267685, 0.22667447785507788, 0.7619998308213494, 0.8379097099263308, 0.2515044913246721, 0.08572475567740456, 0.5804674085075838, 0.5345950389378769, 0.4909349807039619, 0.8631462232132858, 0.05363259253234509, 1.0, 0.5855493083534308, 0.9179853933900056, 0.5788978628126334, 0.31651590448281897, 0.787038007943715, 0.37938326108110254, 0.4209914417960412, 0.3305630888121406, 0.7476790710512659, 0.010900513753829166, 0.7345822455944298, 0.08841194777646166, 0.029015126833330962, 0.18614444911584693, 0.5070676146602056, 0.7640017025785973, 0.45649243991498933, 0.9947353427505011, 0.5917515525488208], [0.6382097973848888, 0.808562363757139, 0.16675155683372722, 0.6606982667322687, 0.31326595613386976, 0.05240026900641703, 0.35848868269627154, 0.5687213966151135, 0.3420418858634179, 0.5860164638760791, 0.8903171196473555, 0.33373354455805404, 0.7854146977609148, 0.5811703710914171, 0.3633450691532193, 0.5855493083534308, 1.0, 0.21998648051338077, 0.8157665679765314, 0.7064380412443375, 0.9981391409366667, 0.44406064669874235, 0.034746330626203914, 0.754973034365174, 0.362731112467336, 0.42308438226942424, 0.708420790089892, 0.8239590202065805, 0.524206929440118, 0.25204310022102006, 0.5184851155490416, 0.06111516850597032, 0.1636853467016932, 0.05466219989341192, 0.28268167988341575], [0.2764846222736833, 0.1787823954288723, 0.12692569069567539, 0.9658494829306246, 0.6090174506594156, 0.615668276866751, 0.15843744834491036, 0.3501595989948465, 0.11007459761035432, 0.13251034983583454, 0.3848588033771374, 0.02039778645179746, 0.11335442463096457, 0.9164733606549791, 0.0918301360559709, 0.9179853933900056, 0.21998648051338077, 1.0, 0.7824600891272336, 0.22245138547681176, 0.8255660643689191, 0.9052528618809348, 0.9876932614429501, 0.09773474936572857, 0.945540466553875, 0.027091169804362325, 0.5322098838126317, 0.46358511220891774, 0.6429713323865115, 0.8159697683768317, 0.448572077058631, 0.5529871391736314, 0.20580187947996964, 0.7935983345660801, 0.8490359908318434], [0.002663031399887106, 0.15015291896415928, 0.4945357872588163, 0.8449573413249645, 0.3110788643478174, 0.4537479229020449, 0.5416743425088331, 0.7998477325418618, 0.0011814229132157683, 0.9582585111870842, 0.007333906500572196, 0.9122707620662377, 0.6101335397897812, 0.9924674741376862, 0.8839765260064113, 0.5788978628126334, 0.8157665679765314, 0.7824600891272336, 1.0, 0.3062895508089445, 0.49410263177110403, 0.6532361929536188, 0.18955742160250189, 0.2728544814026136, 0.527618068066514, 0.4791923375817386, 0.3863369157431936, 0.4118492958540001, 0.04300793008364334, 0.7818441525360129, 0.7433851951621989, 0.687935736195892, 0.8100066501413712, 0.18865339246251267, 0.7349928829103964], [0.13020537621706707, 0.1083181203151895, 0.47867583192447716, 0.7354521986947237, 0.4103382851898283, 0.999134766442276, 0.6314632731238751, 0.3349185969854396, 0.9011730240859505, 0.2300819635834378, 0.26327293215840086, 0.8198836273363069, 0.29445433961960044, 0.8020014155907502, 0.9953411360160788, 0.31651590448281897, 0.7064380412443375, 0.22245138547681176, 0.3062895508089445, 1.0, 0.384444249222464, 0.22006364535754785, 0.9652298033589175, 0.5512773843803984, 0.564299109410808, 0.2983763562404633, 0.3012499050832991, 0.17985285482927205, 0.19303925578654269, 0.9381417663302857, 0.01523897958787701, 0.8604533804072136, 0.20693593399960364, 0.9687174474141983, 0.18462450202449487], [0.8552261025271177, 0.20568669868222733, 0.6990571217757381, 0.7588681868061148, 0.16688178958234012, 0.9718219105042442, 0.37122278914629103, 0.0023277716572208673, 0.4909058576303893, 0.7787419633222757, 0.8551345124183933, 0.18332158140836363, 0.1855963661522454, 0.9884185640167235, 0.06693910542722203, 0.787038007943715, 0.9981391409366667, 0.8255660643689191, 0.49410263177110403, 0.384444249222464, 1.0, 0.35167727271593185, 0.038666224957016104, 0.8675481619783031, 0.4112719463788298, 0.6243813935640127, 0.637992195138194, 0.25941983588856665, 0.48923740941159033, 0.9811151978425645, 0.963871267033093, 0.6968383518256835, 0.8312323972907923, 0.6070107476494772, 0.7805587921981909], [0.26492080464183676, 0.42032237325471267, 0.5022864645553589, 0.08301852164269197, 0.196285210229577, 0.01509786440824501, 0.5797538863788817, 0.13135730432025672, 0.06751080111512542, 0.9591299949413192, 0.20166817142799398, 0.7575129966111568, 0.6331249234985812, 0.1145205645989954, 0.3807521824141543, 0.37938326108110254, 0.44406064669874235, 0.9052528618809348, 0.6532361929536188, 0.22006364535754785, 0.35167727271593185, 1.0, 0.4820442359341186, 0.11660499923867229, 0.5187315681842439, 0.08669719802150799, 0.03035750186563535, 0.7217008284535695, 0.5015882131687873, 0.31011027861411833, 0.24325063170312589, 0.8935803093454923, 0.5202295735158691, 0.3914854578209671, 0.3990432812249698], [0.11999794569610578, 0.6930474884034079, 0.20175443147280203, 0.5224491352380052, 0.9280556160964057, 0.9045731806088041, 0.6167286915560988, 0.6200767053690385, 0.9313382839215422, 0.9006399747147769, 0.1817073629226036, 0.8784257641255945, 0.19185083453836116, 0.7395337998216477, 0.49297440406918125, 0.4209914417960412, 0.034746330626203914, 0.9876932614429501, 0.18955742160250189, 0.9652298033589175, 0.038666224957016104, 0.4820442359341186, 1.0, 0.5661120031521979, 0.18192785615417162, 0.007368247635387459, 0.6272824875614229, 0.7196581665986467, 0.1550252700044863, 0.2533442709001251, 0.5649214286942051, 0.7563970619112864, 0.5222420356674493, 0.46956281920050513, 0.8152560884143225], [0.1417102029329328, 0.6959064357209336, 0.8207793227531127, 0.5804474064035503, 0.25338665242165803, 0.0636977617420924, 0.2082896283742165, 0.7226922866656001, 0.6602934383563887, 0.38025916144541183, 0.3596286678524291, 0.04865556126199366, 0.5792684644777469, 0.6705212946116281, 0.9202951148383051, 0.3305630888121406, 0.754973034365174, 0.09773474936572857, 0.2728544814026136, 0.5512773843803984, 0.8675481619783031, 0.11660499923867229, 0.5661120031521979, 1.0, 0.7248536200429728, 0.696984995930601, 0.06176443903737017, 0.025315374717825745, 0.9653316593056639, 0.23802085647756788, 0.4183707742000693, 0.26405674856168493, 0.4724692122796842, 0.3447259991623778, 0.3002182883056659], [0.6752731823801713, 0.8099144232746355, 0.8750759888229961, 0.989087574280285, 0.6787337103489093, 0.9122970206090267, 0.23911677446414292, 0.14920864636498044, 0.9982982033227288, 0.8773018932591382, 0.2231363964375691, 0.0029804794346062202, 0.7219666727513874, 0.4243288179694663, 0.8747773023746008, 0.7476790710512659, 0.362731112467336, 0.945540466553875, 0.527618068066514, 0.564299109410808, 0.4112719463788298, 0.5187315681842439, 0.18192785615417162, 0.7248536200429728, 1.0, 0.8075901851285803, 0.004066088131803425, 0.16866197843025788, 0.6623479489487384, 0.318817955933973, 0.31749256917442026, 0.9985335791645655, 0.3495508386110042, 0.5149387751004088, 0.7924130501121008], [0.8377058641761924, 0.40592180950167056, 0.9064216964387433, 0.21898749554155306, 0.4088833703586676, 0.44149791690781937, 0.7448502610957829, 0.7650072564987817, 0.423508666418279, 0.8735557526698478, 0.5507959960774382, 0.959823112466223, 0.7449954310652576, 0.5071673380217983, 0.27001056890014885, 0.010900513753829166, 0.42308438226942424, 0.027091169804362325, 0.4791923375817386, 0.2983763562404633, 0.6243813935640127, 0.08669719802150799, 0.007368247635387459, 0.696984995930601, 0.8075901851285803, 1.0, 0.8539641808787185, 0.7548841972012187, 0.9721546210924985, 0.027204669011281157, 0.7836350388422123, 0.810050627709708, 0.5981185325753414, 0.6783426155079951, 0.7959490879955874], [0.5321774484901429, 0.8419106213722339, 0.12321353729487461, 0.7577640917027515, 0.3301661135615547, 0.5614395978126501, 0.29349808168727054, 0.8573999145309364, 0.6522850888555266, 0.20141070886636547, 0.7521306804639972, 0.5441983905648247, 0.7623145972153164, 0.08394497182400251, 0.7670271588962916, 0.7345822455944298, 0.708420790089892, 0.5322098838126317, 0.3863369157431936, 0.3012499050832991, 0.637992195138194, 0.03035750186563535, 0.6272824875614229, 0.06176443903737017, 0.004066088131803425, 0.8539641808787185, 1.0, 0.8115130139555994, 0.7959732623478147, 0.038581245378647266, 0.363330432970426, 0.9096472590400695, 0.24382750790939833, 0.633904882201572, 0.08744273852816054], [0.011995966293771865, 0.2256597320561553, 0.5143756139707376, 0.08629759198267406, 0.771770885884582, 0.23229580785855275, 0.3795211469719797, 0.7763518356429675, 0.2759744031903075, 0.9016592692223566, 0.9096976119473213, 0.6171007461920844, 0.2715657599451944, 0.9903290609675943, 0.9459899021970052, 0.08841194777646166, 0.8239590202065805, 0.46358511220891774, 0.4118492958540001, 0.17985285482927205, 0.25941983588856665, 0.7217008284535695, 0.7196581665986467, 0.025315374717825745, 0.16866197843025788, 0.7548841972012187, 0.8115130139555994, 1.0, 0.1420934809714447, 0.7126594814471349, 0.09447451539692653, 0.9216312881236675, 0.32994448259395637, 0.3667125868044018, 0.6659107394908835], [0.8639006921483059, 0.13586218969180386, 0.5712787772007186, 0.19963674487701644, 0.3194171483660577, 0.958362179734263, 0.48005870539140916, 0.5711217475072071, 0.292688357634325, 0.8526410751556702, 0.23669160464830752, 0.3422127222736414, 0.10604951435418719, 0.9907856864315416, 0.7480849983415213, 0.029015126833330962, 0.524206929440118, 0.6429713323865115, 0.04300793008364334, 0.19303925578654269, 0.48923740941159033, 0.5015882131687873, 0.1550252700044863, 0.9653316593056639, 0.6623479489487384, 0.9721546210924985, 0.7959732623478147, 0.1420934809714447, 1.0, 0.12074789788813467, 0.8730306367757673, 0.0842953027189407, 0.37583149318206954, 0.4354702035451232, 0.6292783343072602], [0.4604301243587644, 0.8910873327422102, 0.2130972308311908, 0.3983167847960126, 0.926955881081867, 0.692554855869699, 0.2972682146334644, 0.7195615037384222, 0.6584820921477428, 0.9875299852262615, 0.18201451151788395, 0.9651706681288348, 0.1716891502967577, 0.5311063348428412, 0.515212246715144, 0.18614444911584693, 0.25204310022102006, 0.8159697683768317, 0.7818441525360129, 0.9381417663302857, 0.9811151978425645, 0.31011027861411833, 0.2533442709001251, 0.23802085647756788, 0.318817955933973, 0.027204669011281157, 0.038581245378647266, 0.7126594814471349, 0.12074789788813467, 1.0, 0.8827147835582839, 0.31339140481229344, 0.2962511345229404, 0.3494688780980433, 0.2156843229381734], [0.5666047343475642, 0.9541002049804462, 0.43287469289401437, 0.16796620371431648, 0.7642175139559331, 0.9271657348393458, 0.371956223020676, 0.27238673251707046, 0.050753938769707796, 0.38018193940118294, 0.03636221842546694, 0.2427450650606382, 0.8110886671570295, 0.08152887036364787, 0.049788131210984465, 0.5070676146602056, 0.5184851155490416, 0.448572077058631, 0.7433851951621989, 0.01523897958787701, 0.963871267033093, 0.24325063170312589, 0.5649214286942051, 0.4183707742000693, 0.31749256917442026, 0.7836350388422123, 0.363330432970426, 0.09447451539692653, 0.8730306367757673, 0.8827147835582839, 1.0, 0.8158748359099444, 0.056533552141218024, 0.3471308436117334, 0.07113322419807289], [0.5183839763707825, 0.5649928605512434, 0.37706459971389605, 0.6541162941687959, 0.8012147422882172, 0.10956793547268973, 0.9694063478963816, 0.598989307207568, 0.7778062310060347, 0.7251256054670545, 0.043874011767771615, 0.6320703070405891, 0.111966682726094, 0.12314365512374192, 0.9779645219387668, 0.7640017025785973, 0.06111516850597032, 0.5529871391736314, 0.687935736195892, 0.8604533804072136, 0.6968383518256835, 0.8935803093454923, 0.7563970619112864, 0.26405674856168493, 0.9985335791645655, 0.810050627709708, 0.9096472590400695, 0.9216312881236675, 0.0842953027189407, 0.31339140481229344, 0.8158748359099444, 1.0, 0.3049161354924189, 0.9770977683659713, 0.5575657896655435], [0.09987963070536732, 0.7325460058893754, 0.45339802454105804, 0.3629847135094255, 0.19284687934144518, 0.08200768227960775, 0.587193855183311, 0.41499940133195823, 0.781116834669348, 0.9888852362582019, 0.0653739553493985, 0.5785053046660451, 0.02443337298110959, 0.12685547918903883, 0.09407632025374424, 0.45649243991498933, 0.1636853467016932, 0.20580187947996964, 0.8100066501413712, 0.20693593399960364, 0.8312323972907923, 0.5202295735158691, 0.5222420356674493, 0.4724692122796842, 0.3495508386110042, 0.5981185325753414, 0.24382750790939833, 0.32994448259395637, 0.37583149318206954, 0.2962511345229404, 0.056533552141218024, 0.3049161354924189, 1.0, 0.5997213390759104, 0.45937525112909117], [0.018661399635909515, 0.40927878109042837, 0.28076192818667023, 0.4628392116768614, 0.8026466659090982, 0.5288051320196753, 0.35681300581617037, 0.7033512752272121, 0.265717112261871, 0.9583293312883114, 0.08471772099333152, 0.8097721897358133, 0.12735142419501033, 0.23187332511001635, 0.3145672960882101, 0.9947353427505011, 0.05466219989341192, 0.7935983345660801, 0.18865339246251267, 0.9687174474141983, 0.6070107476494772, 0.3914854578209671, 0.46956281920050513, 0.3447259991623778, 0.5149387751004088, 0.6783426155079951, 0.633904882201572, 0.3667125868044018, 0.4354702035451232, 0.3494688780980433, 0.3471308436117334, 0.9770977683659713, 0.5997213390759104, 1.0, 0.5081886134071556], [0.9922692629266033, 0.3390966289865315, 0.32802278476104463, 0.11607398689316584, 0.16535956363767923, 0.30529754686602517, 0.9682194787153453, 0.8717733281469167, 0.22847491699817057, 0.7003151171743313, 0.2649442097601895, 0.390481093292529, 0.744501120609374, 0.767103112515261, 0.9945759465889908, 0.5917515525488208, 0.28268167988341575, 0.8490359908318434, 0.7349928829103964, 0.18462450202449487, 0.7805587921981909, 0.3990432812249698, 0.8152560884143225, 0.3002182883056659, 0.7924130501121008, 0.7959490879955874, 0.08744273852816054, 0.6659107394908835, 0.6292783343072602, 0.2156843229381734, 0.07113322419807289, 0.5575657896655435, 0.45937525112909117, 0.5081886134071556, 1.0]]