[[1.0,1.2190212183585189E-4,1.571116449889662E-4,0.01606607874096267,1.1570745586289138E-4,0.009198839180485524,0.016382633200491468,0.03384382889357107,1.356404471601289E-4,3.2590949575686946E-5,0.00142089154591037,1.086816048124838E-4,1.0646302589619528E-4,1.715561335244639E-4,3.924136943113464E-5,0.0010237440317348262,0.0011689358909280955,1.3121883926697601E-4,0.007418704574554659,1.2158724117094193E-4,0.0017107123702624983,6.766194155790695E-5,1.2652680123378214E-4,1.2230931309743852E-4,1.4542083075446357E-4,0.026245831512918958,7.537092586879665E-5,2.0706968613986007E-5,0.0015747283102531292,1.0635919127971067E-4,0.01994443321382879,1.8352761342136796E-4,6.19295010475769E-4,1.3631546171116482E-4,0.0017772126649626052,4.8470321550454364E-4,4.7042231369852036E-4,1.4283166045015746E-4,0.0012917445650193703,8.171257483815003E-5,1.6868387508138806E-4,1.4872583668803659E-4,1.1282875978037776E-4,1.5804682885229085E-4,0.00953747890028245,4.9033767988110724E-5,1.2562791682328153E-4,1.7547072934260665E-4,0.0012784376619989707,0.00477541168170363],[1.2190212183585189E-4,1.0,1.5908465313857866E-4,0.01013767000054516,1.8794733826697E-4,0.014036670896440418,0.011031790126965585,0.014347439412683759,1.7942049565159132E-4,4.370408162005768E-5,0.0014039358254139729,1.4353914329073985E-4,1.5231663927993305E-4,3.9589319429403775E-4,1.5189810761610394E-4,0.005952993589970236,0.001901240846033089,1.4259956192301648E-4,0.037340183154251104,1.3398264576759697E-4,0.0010847891441127372,1.0001005451198484E-4,1.733902767462523E-4,1.4874514196125017E-4,1.5510930325152023E-4,0.009521613534174536,7.810814278162342E-5,1.3670520650823137E-4,0.0015464542930970963,1.2740061495005844E-4,0.03447389366896185,0.0011316075585811702,0.0011018387689864144,1.531688229433014E-4,0.014794939355585155,4.2302475747323993E-4,2.496266045472071E-4,1.5435398650654806E-4,0.0015634462391872113,4.049716460672866E-5,2.616315733904021E-4,1.6460546026764018E-4,2.0031156612783426E-4,5.118087467613603E-4,0.0017683993967690173,5.5350660481112616E-5,1.6234400018573682E-4,1.853288561387043E-4,0.0012303331506331864,0.0029839380654617035],[1.571116449889662E-4,1.5908465313857866E-4,1.0,0.00720851546281524,1.9692287048866404E-4,0.0015271713741459008,7.522620168582187E-4,0.023952057375840437,1.889093386738902E-4,1.0694239782760955E-4,0.0010152913243974496,1.568307155486911E-4,1.5309045417126655E-4,2.4062639234843572E-4,2.8279574324960377E-5,0.0016177888253566277,0.002187100539752722,1.459486143224223E-4,8.236078180341954E-4,1.311566724881526E-4,7.845446050837278E-4,1.5600381511514838E-4,1.744850627939478E-4,1.2527207400512297E-4,1.6123063420017092E-4,0.00943392408512254,1.2095234402202734E-4,1.37087575390807E-4,1.819821527628349E-4,1.5377539362942507E-4,0.03374415377597238,0.0012536886940655659,7.136568763924029E-4,1.5327134759806607E-4,0.02392274445528899,7.733933213531297E-4,4.8206460284577486E-4,1.7351922860245393E-4,0.0022397030058419875,7.161895509240641E-5,2.3803806962301676E-4,1.6668356702658125E-4,2.0694635967415472E-4,3.981270439108157E-4,0.001750265920531116,1.4267100625264286E-4,1.731494325671634E-4,1.7456853162616404E-4,0.0015058231581930096,0.013212633643726955],[0.01606607874096267,0.01013767000054516,0.00720851546281524,1.0,0.013365246732403897,0.015745142246948556,0.019619375839814254,0.031560704448956485,0.012210748220211502,0.001874962585168307,0.0022066916584560217,8.667599200244746E-4,0.010509818266194473,0.0048310654156748355,0.015366458133019905,0.010920073694895154,0.007954683212007544,0.011605478845125533,0.035597176338438584,0.007669164546050929,0.011226122108281908,1.453695384212665E-4,0.014898045283143577,0.006430682730153151,0.011460805744676627,0.0212509875839282,0.00964191549548143,0.01867516326435713,0.012377954529291947,0.006018353033568552,0.03785090085289162,0.01651314599084818,0.012505956358565707,0.004139270718708937,0.02625888627929031,0.005999748269329457,0.013139024983891459,0.010024563041793375,0.009152491888631651,0.0053864975991326025,0.001991843035826059,0.009707027763843013,7.775665212346702E-4,0.00793006386351019,0.01866499242919485,0.01291773368604253,0.006202593960472865,0.006085474405151398,0.006396862937026228,0.03293972629147307],[1.1570745586289138E-4,1.8794733826697E-4,1.9692287048866404E-4,0.013365246732403897,1.0,0.004046576432052097,0.014998984258832735,0.02207308751677191,2.481254889423704E-4,1.3279683164921954E-4,0.0011433862756138195,1.6194309066952907E-4,1.9261172787586231E-4,3.9439958709283244E-4,2.205423404773044E-4,0.004393279560524066,9.323763981550581E-4,1.6567781391931043E-4,0.02357367559464938,1.6713733442648283E-4,0.0013140241443422777,1.3812760316338075E-4,2.0304667334128493E-4,1.5376268213923659E-4,2.2468508901265886E-4,0.026323280052970632,1.7093870455078407E-4,3.0962701096499025E-5,0.0010930189961312626,2.1957147608669866E-4,0.017271122874162492,5.300090682761547E-4,5.103989799545911E-4,2.305930119517516E-4,0.01415642992855619,3.7660302622105185E-4,4.3549255071355684E-4,2.3862993120165476E-4,5.174462557455157E-4,9.730961938833608E-5,2.617476472812901E-4,1.8861991982121605E-4,2.2780645888366037E-4,7.670662541006816E-4,0.006344324567759586,1.504372604564458E-4,2.1174836181382266E-4,2.3470212249443272E-4,6.464558047484201E-4,0.0022641900241788244],[0.009198839180485524,0.014036670896440418,0.0015271713741459008,0.015745142246948556,0.004046576432052097,1.0,0.017545571592573743,0.025059636818816265,0.001342546526852294,0.0037828189761506953,0.004331663031479544,0.010912494482878704,0.008538977390333739,0.007659736364967312,0.004748668270613083,0.011770462624607854,0.006526444361723961,0.007255692244627795,0.0358383086790309,9.707903061365735E-4,0.011529881613533828,0.0027574407757181003,0.009751452149365892,0.005961078975969306,0.0040071034012589025,0.015077833118157326,0.00944495138951724,0.002591974475698383,0.004367748023939133,0.007681486563018985,0.025263443181962063,0.01054408075668584,0.00776405603229305,0.006424323814526833,0.016147197688297452,0.0027205801056749634,0.006477192035499894,0.006569755721293426,0.014297539342499327,0.007598091546458687,0.010270916188456925,0.008442786141561914,0.0030641822921593266,0.004090628396926344,0.01208462368785638,0.013840259391288941,0.0027995123031123994,0.009263315674744083,0.010240448901869734,0.030901055106799753],[0.016382633200491468,0.011031790126965585,7.522620168582187E-4,0.019619375839814254,0.014998984258832735,0.017545571592573743,1.0,0.03553522451272692,0.01358372976460119,0.013308661193144921,0.013998535027117526,7.129145384020477E-4,0.004640033179390295,0.01186324775946566,0.005767901619781841,0.01901642612071622,0.00452150319230186,0.012617320686599473,0.02581623242616056,0.001245964751069355,0.009038512756910007,0.009486069160798435,0.018639780006218944,0.007947930599773197,0.00720962126324394,0.029777293659628015,0.007027408915119182,0.015833624291909053,0.01960067847250496,0.011862041170586958,0.024248267432628617,0.019885491385915135,0.00899386910866622,0.006356698012771578,0.0250357190387486,0.0071253659565795645,0.015365411685655585,0.0029427956769653494,0.015857641220135037,7.758111773532567E-4,0.007126072048575174,0.013672093497101986,0.013584953054814069,0.010504542826830653,0.016452320370085392,0.015569926977774543,7.957913937001231E-4,0.014942290566941917,0.018996219625390342,0.02363809038334652],[0.03384382889357107,0.014347439412683759,0.023952057375840437,0.031560704448956485,0.02207308751677191,0.025059636818816265,0.03553522451272692,1.0,0.025852639300437092,0.011203920786768443,0.0239196544926691,0.026554224281730335,0.005564257508218531,0.014913017722064346,0.010464109932651186,0.035233953257182135,0.020321828509708113,0.02074120973866731,0.038461538461538464,0.0071109410178056285,0.025952619733706685,0.017270204564968923,0.03637788318593471,0.007960323555066873,0.012182026625181235,0.03813668192349852,0.024606900253912548,0.004676957764969649,0.008552215965628662,0.009338900017962136,0.038461538461538464,0.015720887327624132,0.017236538283985418,0.0028258156143841566,0.03795492928521436,0.025596625358659843,0.022423979846641833,0.01131942483711964,0.01894722781331548,0.004549462186538383,0.022872062471118886,0.02598619590747867,0.0252837986491421,0.0023776095295962585,0.015078739583224518,0.021850631569638523,0.015905102123444155,0.03118351287863671,0.029066113884167487,0.040915778760830926],[1.356404471601289E-4,1.7942049565159132E-4,1.889093386738902E-4,0.012210748220211502,2.481254889423704E-4,0.001342546526852294,0.01358372976460119,0.025852639300437092,1.0,2.545286820640681E-4,7.842033525799563E-4,2.3699569472124916E-4,2.0194401516254024E-4,4.276067749734335E-4,2.2698915340420699E-4,0.008964631460669595,5.852026125141677E-4,2.490519736770178E-4,0.00927667821789497,1.966531243470315E-4,0.001597231029718615,1.874794681395194E-4,2.0572985455265564E-4,1.9705402146585313E-4,1.808726367631693E-4,0.0030376309667717624,2.501288625120792E-4,6.973365299623772E-5,4.006855625736532E-4,1.372957780343772E-4,0.020816276195016813,8.232958822013809E-4,6.62331310970131E-4,2.5022543065159194E-4,0.025225103515941278,7.505967122382236E-4,4.6227254538330797E-4,2.4656847767750656E-4,4.1400489970433197E-4,1.6113329748272518E-4,2.6616222440456277E-4,1.8108319767930935E-4,2.1872320163752028E-4,2.9896950170544276E-4,0.004211209122872238,2.1243577013616022E-4,1.9352401081619547E-4,2.135131961010945E-4,3.9740198271029977E-4,0.02164483931104493],[3.2590949575686946E-5,4.370408162005768E-5,1.0694239782760955E-4,0.001874962585168307,1.3279683164921954E-4,0.0037828189761506953,0.013308661193144921,0.011203920786768443,2.545286820640681E-4,1.0,3.9560008413624395E-4,1.3821812280188328E-4,2.1902867189419884E-5,2.3418699948486886E-4,1.2574736383548506E-5,0.0056247056071108475,0.001415654569219807,1.1043180612165478E-4,0.025825473403182187,5.9473362487098787E-5,9.834864963837006E-4,3.4991565171495125E-5,1.9031234852647354E-4,4.508942932254095E-5,1.1372680874142126E-4,0.015255649996861461,5.903977793030175E-5,1.8733454221188587E-5,7.667245902106126E-4,7.241623669659901E-5,0.019330715125383757,0.0010872266995081367,4.7858023883637926E-4,1.0486823360301985E-4,0.02037955485269505,5.804060973192568E-4,1.9900382815380945E-4,1.973622051438347E-4,0.002053278585579688,2.3570143039046275E-5,9.171667772363745E-5,1.565824387164099E-4,7.438301297126715E-5,8.732362228116638E-4,0.004861729886739225,1.614525223721146E-5,9.833012014417185E-5,1.7739252144443734E-4,5.164966519060924E-5,0.02906601942032567],[0.00142089154591037,0.0014039358254139729,0.0010152913243974496,0.0022066916584560217,0.0011433862756138195,0.004331663031479544,0.013998535027117526,0.0239196544926691,7.842033525799563E-4,3.9560008413624395E-4,1.0,1.5085517344968116E-4,2.1498553784488956E-4,0.0012685117850640777,3.931658948834623E-4,0.005274787042103868,0.0018341494871279484,2.5364324986011536E-4,0.024962244073176876,9.191637979452911E-4,0.0016860737323352592,1.9839674610008952E-4,9.531286906189752E-4,0.0012431095970170329,0.0013707250789924744,0.004342613915369032,6.593480711543537E-4,5.790540193018358E-4,0.0017589523737473404,0.0010224465758612343,0.017034129771137465,0.0013283891091728096,0.001259498081074584,6.225979619003007E-4,0.006404433354036797,8.611101939542906E-4,0.0011343141824848467,0.0014016292741996959,0.002020206197122787,8.434904936537262E-4,4.920501060672958E-4,7.672536222553862E-4,2.48058008447991E-4,0.001159425376780617,0.007255904702583488,8.326099788154833E-4,7.821096700405392E-4,9.422036621157675E-4,0.001588011877676138,0.018170783755654753],[1.086816048124838E-4,1.4353914329073985E-4,1.568307155486911E-4,8.667599200244746E-4,1.6194309066952907E-4,0.010912494482878704,7.129145384020477E-4,0.026554224281730335,2.3699569472124916E-4,1.3821812280188328E-4,1.5085517344968116E-4,1.0,1.476908542050315E-4,4.1080559355725877E-4,5.5168484555147665E-5,0.0020808414335174888,0.0012341162521304321,1.421359128179856E-4,0.03305817597372195,1.3476745901636367E-4,2.9824243708030424E-4,5.7940886720937966E-5,1.5450581332487396E-4,1.3069929210734245E-4,1.5342680385323484E-4,0.007267270006543566,1.343160612764707E-4,1.2073516952659949E-4,7.379219902065685E-4,1.37282778876397E-4,0.03373663531363929,6.419529279311266E-4,9.618865749805188E-4,1.4500690332201703E-4,0.00869936644710827,6.565316466342299E-4,4.0922706644919366E-4,1.5917616797675154E-4,8.79771023756578E-4,6.585882155517276E-5,1.807316900972435E-4,1.5194447713293157E-4,1.5406994849358956E-4,8.13323963731066E-4,0.004799688041453648,3.3399092757969217E-5,1.5658115955051964E-4,1.747569408654888E-4,7.265248776290745E-4,0.0037730468309732533],[1.0646302589619528E-4,1.5231663927993305E-4,1.5309045417126655E-4,0.010509818266194473,1.9261172787586231E-4,0.008538977390333739,0.004640033179390295,0.005564257508218531,2.0194401516254024E-4,2.1902867189419884E-5,2.1498553784488956E-4,1.476908542050315E-4,1.0,4.3452304208858937E-4,1.392642076614228E-4,0.0048656041397029245,0.0014364986862662613,1.409949097787754E-4,0.02795334092328714,1.318141583062755E-4,0.0014866685771505054,1.3899133580912097E-4,1.5875247945781808E-4,1.3024838010564652E-4,1.5424847434667932E-4,0.004232311258109901,8.964909760520137E-5,1.286704643984037E-4,8.856025786353767E-4,1.2338144006053344E-4,0.006757748880165665,6.213568539567836E-4,8.484951928761174E-4,1.4957547307581194E-4,0.02783516650898045,6.116519498720704E-4,3.824927422256389E-4,1.5875188857899714E-4,8.286040076047015E-4,9.754778008459336E-5,1.9786920810213127E-4,1.601275484661491E-4,1.8726432108862233E-4,7.270819255805121E-4,0.007451603437059313,4.361483674441738E-5,1.742745280613579E-4,1.686409506275503E-4,7.599175167480479E-4,0.024892880352276964],[1.715561335244639E-4,3.9589319429403775E-4,2.4062639234843572E-4,0.0048310654156748355,3.9439958709283244E-4,0.007659736364967312,0.01186324775946566,0.014913017722064346,4.276067749734335E-4,2.3418699948486886E-4,0.0012685117850640777,4.1080559355725877E-4,4.3452304208858937E-4,1.0,1.6433806813953558E-5,0.005128714940559758,8.266149408284703E-4,1.6772658962823278E-4,0.01987455541393358,3.841897024319689E-4,0.0011988118801226635,8.660050071198215E-5,4.294854064703198E-4,1.638466395359668E-4,3.1155274910918727E-4,0.001681749765076674,1.6013206352202825E-4,2.26860559694419E-4,0.0014847897284532981,4.741934559271098E-4,0.0064842992290075376,4.900946311339109E-4,5.277937451379065E-4,3.4634909062514533E-4,0.022806509106810494,6.073572750114438E-4,4.970968279570713E-4,4.799447627186835E-4,0.0014401975863475626,9.637270414152724E-5,3.1409669237081545E-4,2.3857949041934488E-4,3.889407221903613E-4,7.560324518325965E-4,0.00433664011420521,3.477915514673687E-4,2.2253752311786194E-4,4.011658601046021E-4,5.703208761204931E-4,0.03174774965084691],[3.924136943113464E-5,1.5189810761610394E-4,2.8279574324960377E-5,0.015366458133019905,2.205423404773044E-4,0.004748668270613083,0.005767901619781841,0.010464109932651186,2.2698915340420699E-4,1.2574736383548506E-5,3.931658948834623E-4,5.5168484555147665E-5,1.392642076614228E-4,1.6433806813953558E-5,1.0,0.007711236131657042,9.863997885642141E-4,1.1665990810398141E-4,0.001553503033734294,8.816788700191003E-5,0.001567188567582166,1.6594996450607584E-5,1.7133794414140422E-4,1.9822298574686433E-5,2.9200420111115815E-5,0.029580671945093506,4.389868768871625E-5,1.7298985339186382E-5,2.9009902648749263E-4,6.415574400995121E-5,0.004605891081855627,8.466769938668327E-5,1.5833421962113903E-4,8.674131953583754E-5,0.0038431809818553595,4.5394687630231966E-4,4.4947847638535126E-4,6.521934128226105E-5,0.0011566275774634908,2.1326167251150618E-5,9.113847401025957E-5,8.48873674252204E-5,2.8744228353168556E-5,0.0010228093698701059,0.004817060468088004,1.1392923348050065E-5,4.900916545017519E-5,1.5725751302864897E-4,0.0010812279449237397,0.014044277920206271],[0.0010237440317348262,0.005952993589970236,0.0016177888253566277,0.010920073694895154,0.004393279560524066,0.011770462624607854,0.01901642612071622,0.035233953257182135,0.008964631460669595,0.0056247056071108475,0.005274787042103868,0.0020808414335174888,0.0048656041397029245,0.005128714940559758,0.007711236131657042,1.0,0.006722240260296124,0.0033700573535950804,0.015480123651995865,0.006222501703059649,0.005328091492467812,0.009248835914783218,0.0035028334398788386,0.009792029692726073,0.007465405075965365,0.012001780112673333,0.0024310555677013053,0.005172085601440982,0.008236802587176099,7.186274394094417E-4,0.0344666748158212,0.0069999724954605885,0.008897124923750239,0.00593839591893769,0.013031059511764415,0.008106993822940951,0.0053249567400243825,0.007587600884102669,0.006779260953546647,0.0030439428528408036,0.0046067094194044604,0.0018152413535734995,0.007108198214041368,0.005760255947615084,0.010933029241311662,0.007773692588321879,0.007310434396686279,0.0031551572428206265,0.008496083833651613,0.016877661874748862],[0.0011689358909280955,0.001901240846033089,0.002187100539752722,0.007954683212007544,9.323763981550581E-4,0.006526444361723961,0.00452150319230186,0.020321828509708113,5.852026125141677E-4,0.001415654569219807,0.0018341494871279484,0.0012341162521304321,0.0014364986862662613,8.266149408284703E-4,9.863997885642141E-4,0.006722240260296124,1.0,9.675938033781261E-4,0.028284575787565252,0.001247775115951602,0.0019639230250103764,4.6362466440149334E-4,0.0019782357010340004,0.001019453601532262,0.0011158986419272981,0.015618714928357048,0.0019528900368276827,5.768093522444111E-4,0.0021746153759042105,9.296381924370725E-4,0.031335910517240995,0.0012690290219898113,0.0012150384746147348,0.0014760313109349996,0.009719208751248704,0.0010689938157179204,0.001280176763190177,0.0019036947755340285,0.002258811377711414,0.001514099680732058,0.0014336596680163327,6.229959033508587E-4,0.0017608109718727128,0.0011937112043751003,0.011035123028697144,7.36473411981394E-4,7.170617088920459E-4,0.0017950932534394532,0.00211872116866808,0.017487205164171772],[1.3121883926697601E-4,1.4259956192301648E-4,1.459486143224223E-4,0.011605478845125533,1.6567781391931043E-4,0.007255692244627795,0.012617320686599473,0.02074120973866731,2.490519736770178E-4,1.1043180612165478E-4,2.5364324986011536E-4,1.421359128179856E-4,1.409949097787754E-4,1.6772658962823278E-4,1.1665990810398141E-4,0.0033700573535950804,9.675938033781261E-4,1.0,0.024998217168276597,1.3283538192210097E-4,3.2975130558466107E-4,6.571386424090787E-5,1.8139573604460975E-4,1.3954439974497463E-4,1.4252354182479665E-4,0.0037135683294379353,1.2816622089260215E-4,6.271237624372977E-5,0.0013011231529262536,1.2230715037360408E-4,0.03508482079649858,4.3896267612982844E-4,4.645957704574774E-4,1.479936335520707E-4,0.025213627069750486,3.3024269133524297E-4,2.793205655498681E-4,1.6063945049518718E-4,0.0020866580080433415,9.86161256494666E-5,1.9663105041163733E-4,1.5258418516664608E-4,2.0400491498809485E-4,1.981758251140259E-4,0.009342091090185599,8.783237453003707E-5,1.638266462573851E-4,1.472993574077777E-4,0.0011942537820208731,0.02979590016518472],[0.007418704574554659,0.037340183154251104,8.236078180341954E-4,0.035597176338438584,0.02357367559464938,0.0358383086790309,0.02581623242616056,0.038461538461538464,0.00927667821789497,0.025825473403182187,0.024962244073176876,0.03305817597372195,0.02795334092328714,0.01987455541393358,0.001553503033734294,0.015480123651995865,0.028284575787565252,0.024998217168276597,1.0,0.03135962305973348,0.022587544568295304,0.00859440422950608,0.029768714159819507,0.00782341104552674,0.00440268332181841,0.03475577779392482,0.03412094632728089,0.007570146676822972,0.03145711193398533,0.029195430027510984,0.038461538461538464,0.006086387309203447,0.023839212752849868,0.012318139736863748,0.03393266657236618,0.021947569581417917,0.014056078107212787,0.012010732418114733,0.007947390418660119,0.02207214507863509,0.029090985410491266,0.02555819449209198,0.0032574173486746047,0.03508068454623608,0.02807413185104771,0.02816942736695953,0.017347427299836654,0.016692017194508864,0.03032754120646094,0.04123288462159521],[1.2158724117094193E-4,1.3398264576759697E-4,1.311566724881526E-4,0.007669164546050929,1.6713733442648283E-4,9.707903061365735E-4,0.001245964751069355,0.0071109410178056285,1.966531243470315E-4,5.9473362487098787E-5,9.191637979452911E-4,1.3476745901636367E-4,1.318141583062755E-4,3.841897024319689E-4,8.816788700191003E-5,0.006222501703059649,0.001247775115951602,1.3283538192210097E-4,0.03135962305973348,1.0,3.357346958911625E-4,3.8042282935235156E-5,1.6389713903781287E-4,1.254062743969949E-4,1.3209102996661917E-4,0.02305345640193737,9.782988224075968E-5,8.726865335003363E-5,0.0010528225817882256,1.282966127326798E-4,0.03263720105223167,8.221077428970715E-4,8.140300244493083E-4,1.469139375754218E-4,0.013706238645727044,2.3080679321893816E-4,3.955839209452091E-4,1.8127600815550477E-4,9.565591105854787E-4,1.1311061502182555E-4,2.5470946319240445E-4,1.637047474303794E-4,1.45460538226908E-4,3.763430795906248E-4,0.00580004837039376,3.8348226732346066E-5,1.4669984821950215E-4,1.4230921950338234E-4,0.0010155200959152376,0.03192093560219191],[0.0017107123702624983,0.0010847891441127372,7.845446050837278E-4,0.011226122108281908,0.0013140241443422777,0.011529881613533828,0.009038512756910007,0.025952619733706685,0.001597231029718615,9.834864963837006E-4,0.0016860737323352592,2.9824243708030424E-4,0.0014866685771505054,0.0011988118801226635,0.001567188567582166,0.005328091492467812,0.0019639230250103764,3.2975130558466107E-4,0.022587544568295304,3.357346958911625E-4,1.0,3.274229109425886E-4,5.256421121805463E-4,6.715525187985667E-4,0.0011138127687753453,0.0051310940842438585,8.841768406085659E-4,7.796441792846829E-4,0.0018085043840709253,7.865183192324728E-4,0.022737797720564664,0.0014458645591326432,0.0014092345546649386,0.001727560543890025,0.008383047722843043,0.001376369642049539,8.917847237078875E-4,0.0015472496857916191,0.0018431695622607466,0.0011076048658791118,4.3385851037827205E-4,0.0010812642250027163,4.3519868220171507E-4,0.00154936145755035,0.0084253005543268,1.3691046451599475E-4,0.0014384604538982616,0.001747373325479707,0.0017683531293743186,0.007317959546067317],[6.766194155790695E-5,1.0001005451198484E-4,1.5600381511514838E-4,1.453695384212665E-4,1.3812760316338075E-4,0.0027574407757181003,0.009486069160798435,0.017270204564968923,1.874794681395194E-4,3.4991565171495125E-5,1.9839674610008952E-4,5.7940886720937966E-5,1.3899133580912097E-4,8.660050071198215E-5,1.6594996450607584E-5,0.009248835914783218,4.6362466440149334E-4,6.571386424090787E-5,0.00859440422950608,3.8042282935235156E-5,3.274229109425886E-4,1.0,3.6551151734681646E-5,4.3460956743225064E-5,8.801380314324313E-5,0.019399153171297402,5.571421118120322E-5,1.886171506268734E-5,0.0017777936373966846,8.991643752676105E-5,0.012804268106750602,4.5448369624306737E-4,3.4779201703397946E-4,8.85531662150547E-5,0.00681170451679412,7.899948409558612E-4,1.7189267501140114E-4,1.8287567137753263E-4,0.001495976721281886,3.47609751688376E-5,1.785549771450824E-4,4.5408320760565396E-5,8.859080386624446E-5,0.0010901505853945631,0.00524377926077529,2.1887384611851118E-5,5.915804558726598E-5,6.467503693470623E-5,0.0016925487398596404,0.004653254475407609],[1.2652680123378214E-4,1.733902767462523E-4,1.744850627939478E-4,0.014898045283143577,2.0304667334128493E-4,0.009751452149365892,0.018639780006218944,0.03637788318593471,2.0572985455265564E-4,1.9031234852647354E-4,9.531286906189752E-4,1.5450581332487396E-4,1.5875247945781808E-4,4.294854064703198E-4,1.7133794414140422E-4,0.0035028334398788386,0.0019782357010340004,1.8139573604460975E-4,0.029768714159819507,1.6389713903781287E-4,5.256421121805463E-4,3.6551151734681646E-5,1.0,1.5359448695256145E-4,1.929566863397939E-4,0.018618491813043418,7.338407654150931E-5,3.2630394545461404E-5,4.666454596605327E-4,1.2131192881448938E-4,0.036020165506151613,9.641212258387258E-4,3.0986078018090975E-4,1.820062887278398E-4,0.02458719976337748,2.535696903893425E-4,3.3173719111332707E-4,1.985100703109989E-4,4.990434603306274E-4,5.519959035454831E-5,2.625953838321266E-4,1.6749713556220343E-4,2.045092666080472E-4,7.829076468862281E-4,0.0014307590080878947,1.0557174753251441E-4,1.7838495492714527E-4,1.9352797846175618E-4,8.508033111144039E-4,0.012371092483736036],[1.2230931309743852E-4,1.4874514196125017E-4,1.2527207400512297E-4,0.006430682730153151,1.5376268213923659E-4,0.005961078975969306,0.007947930599773197,0.007960323555066873,1.9705402146585313E-4,4.508942932254095E-5,0.0012431095970170329,1.3069929210734245E-4,1.3024838010564652E-4,1.638466395359668E-4,1.9822298574686433E-5,0.009792029692726073,0.001019453601532262,1.3954439974497463E-4,0.00782341104552674,1.254062743969949E-4,6.715525187985667E-4,4.3460956743225064E-5,1.5359448695256145E-4,1.0,1.438862945348824E-4,0.02440749086406647,7.904066254567599E-5,1.1677019148731385E-4,8.67174697936405E-4,1.2193677838483927E-4,0.003289926738274556,1.5097396675377284E-4,0.0010266969349805393,1.3102051278207142E-4,0.0033161321551266605,7.002762345857796E-4,2.2988921477060966E-4,1.3169157083025874E-4,6.467974081439446E-4,8.6468018233898E-5,2.504688946667986E-4,1.493004462787971E-4,1.4568511805579157E-4,0.0010148445583327726,0.01037653752194954,1.194928115412457E-4,1.5200926417430866E-4,1.72940422051416E-4,7.414459975116273E-4,0.025049165359297465],[1.4542083075446357E-4,1.5510930325152023E-4,1.6123063420017092E-4,0.011460805744676627,2.2468508901265886E-4,0.0040071034012589025,0.00720962126324394,0.012182026625181235,1.808726367631693E-4,1.1372680874142126E-4,0.0013707250789924744,1.5342680385323484E-4,1.5424847434667932E-4,3.1155274910918727E-4,2.9200420111115815E-5,0.007465405075965365,0.0011158986419272981,1.4252354182479665E-4,0.00440268332181841,1.3209102996661917E-4,0.0011138127687753453,8.801380314324313E-5,1.929566863397939E-4,1.438862945348824E-4,1.0,0.026188529494578807,1.1014018077684366E-4,4.1733055552977476E-5,0.001765758804653293,1.2715637783577454E-4,0.004230232716424369,5.240619537910326E-4,6.30464434386973E-4,1.5299805145477908E-4,0.023741789149053557,3.877474869426838E-4,2.9465396441682773E-4,1.725732023187189E-4,0.0010551757281220065,7.368966676934825E-5,2.0337983209534562E-4,1.599009788785663E-4,1.7661831777489976E-4,4.228624094952776E-4,0.007401679917882331,9.541754408769876E-5,1.713629603507284E-4,1.773703268324761E-4,0.001644778637978767,0.040965288506616675],[0.026245831512918958,0.009521613534174536,0.00943392408512254,0.0212509875839282,0.026323280052970632,0.015077833118157326,0.029777293659628015,0.03813668192349852,0.0030376309667717624,0.015255649996861461,0.004342613915369032,0.007267270006543566,0.004232311258109901,0.001681749765076674,0.029580671945093506,0.012001780112673333,0.015618714928357048,0.0037135683294379353,0.03475577779392482,0.02305345640193737,0.0051310940842438585,0.019399153171297402,0.018618491813043418,0.02440749086406647,0.026188529494578807,1.0,0.02885361467979157,0.0015039410565864688,0.0194351671553352,0.02704838346633773,0.03474904033916629,0.01491581239292326,0.030954348811609533,0.029912591222580463,0.031058358395112153,0.005927850612399423,0.02767841382886891,0.009678058697615594,0.01572812778131734,0.00774769216381343,4.267453639478411E-4,0.01561778704286606,0.012502627460843322,0.009377244573104598,0.020024755932666533,0.027049476263340227,0.016340864623493663,0.018488556055193114,0.027872972031045152,0.036172361315615034],[7.537092586879665E-5,7.810814278162342E-5,1.2095234402202734E-4,0.00964191549548143,1.7093870455078407E-4,0.00944495138951724,0.007027408915119182,0.024606900253912548,2.501288625120792E-4,5.903977793030175E-5,6.593480711543537E-4,1.343160612764707E-4,8.964909760520137E-5,1.6013206352202825E-4,4.389868768871625E-5,0.0024310555677013053,0.0019528900368276827,1.2816622089260215E-4,0.03412094632728089,9.782988224075968E-5,8.841768406085659E-4,5.571421118120322E-5,7.338407654150931E-5,7.904066254567599E-5,1.1014018077684366E-4,0.02885361467979157,1.0,5.831161973781481E-5,8.771606784445119E-4,8.2359231202783E-5,0.02860301786462051,8.492389061575162E-4,8.331166458654698E-5,8.008669048939818E-5,0.01419877745390853,7.14633128661698E-4,3.197653106411603E-4,9.434975990075543E-5,0.0011908509458992014,5.85273025819269E-5,7.512822096506656E-5,1.3272078730595425E-4,2.0759443031996019E-4,7.451005759794772E-4,0.010833457899168245,4.9565148035302214E-5,1.5956038531476571E-4,1.483888007374387E-4,0.0016442795519348602,0.030030041432277013],[2.0706968613986007E-5,1.3670520650823137E-4,1.37087575390807E-4,0.01867516326435713,3.0962701096499025E-5,0.002591974475698383,0.015833624291909053,0.004676957764969649,6.973365299623772E-5,1.8733454221188587E-5,5.790540193018358E-4,1.2073516952659949E-4,1.286704643984037E-4,2.26860559694419E-4,1.7298985339186382E-5,0.005172085601440982,5.768093522444111E-4,6.271237624372977E-5,0.007570146676822972,8.726865335003363E-5,7.796441792846829E-4,1.886171506268734E-5,3.2630394545461404E-5,1.1677019148731385E-4,4.1733055552977476E-5,0.0015039410565864688,5.831161973781481E-5,1.0,0.0015871193634475235,3.6808639478921026E-5,0.023685032344888505,3.5852618304727397E-4,0.001078668151362677,9.70325636568334E-5,0.017461609065075892,4.0885281542260845E-5,3.132418501369988E-5,8.016480306044982E-5,0.0013474303670300018,2.7041585771906926E-5,6.35721733899225E-5,6.40123752325439E-5,1.2189923350357912E-4,9.304925660606695E-4,0.006414887636134345,1.8236843681898923E-5,9.679780183535858E-5,3.2627373128624736E-5,2.6596868537425393E-4,0.02727141207069062],[0.0015747283102531292,0.0015464542930970963,1.819821527628349E-4,0.012377954529291947,0.0010930189961312626,0.004367748023939133,0.01960067847250496,0.008552215965628662,4.006855625736532E-4,7.667245902106126E-4,0.0017589523737473404,7.379219902065685E-4,8.856025786353767E-4,0.0014847897284532981,2.9009902648749263E-4,0.008236802587176099,0.0021746153759042105,0.0013011231529262536,0.03145711193398533,0.0010528225817882256,0.0018085043840709253,0.0017777936373966846,4.666454596605327E-4,8.67174697936405E-4,0.001765758804653293,0.0194351671553352,8.771606784445119E-4,0.0015871193634475235,1.0,1.187457668045062E-4,0.029078698633123668,0.0016278075440772925,0.0018402930823754882,0.0011034160757191552,0.027831795143639943,0.001179341729619408,0.0012809588135665774,2.691440962992438E-4,0.0021974116617719166,4.297690061792514E-4,5.978301711008383E-4,0.0020342122347255386,0.0018020858184495507,0.0016496002304875474,0.010457095928058102,0.0017475982006786854,4.72537236651165E-4,0.0011174557505526778,0.001967951982014272,0.006429851536779878],[1.0635919127971067E-4,1.2740061495005844E-4,1.5377539362942507E-4,0.006018353033568552,2.1957147608669866E-4,0.007681486563018985,0.011862041170586958,0.009338900017962136,1.372957780343772E-4,7.241623669659901E-5,0.0010224465758612343,1.37282778876397E-4,1.2338144006053344E-4,4.741934559271098E-4,6.415574400995121E-5,7.186274394094417E-4,9.296381924370725E-4,1.2230715037360408E-4,0.029195430027510984,1.282966127326798E-4,7.865183192324728E-4,8.991643752676105E-5,1.2131192881448938E-4,1.2193677838483927E-4,1.2715637783577454E-4,0.02704838346633773,8.2359231202783E-5,3.6808639478921026E-5,1.187457668045062E-4,1.0,0.024729900443400194,7.727627935770376E-4,8.889848177531309E-4,1.3261204824870294E-4,0.003068920822369999,4.796715826882959E-4,4.419325810121689E-4,1.957294642406496E-4,0.0018384783828965556,1.126836396964984E-4,2.5341003562326196E-4,1.3515435645150046E-4,1.6173467247620652E-4,4.629480697457505E-4,1.2493089132499386E-4,5.144914363127874E-5,1.5947685041684635E-4,1.591671207820433E-4,6.00443324622457E-4,0.03622677455852325],[0.01994443321382879,0.03447389366896185,0.03374415377597238,0.03785090085289162,0.017271122874162492,0.025263443181962063,0.024248267432628617,0.038461538461538464,0.020816276195016813,0.019330715125383757,0.017034129771137465,0.03373663531363929,0.006757748880165665,0.0064842992290075376,0.004605891081855627,0.0344666748158212,0.031335910517240995,0.03508482079649858,0.038461538461538464,0.03263720105223167,0.022737797720564664,0.012804268106750602,0.036020165506151613,0.003289926738274556,0.004230232716424369,0.03474904033916629,0.02860301786462051,0.023685032344888505,0.029078698633123668,0.024729900443400194,1.0,0.002699490657852888,0.03141701920885986,0.012573736316465805,0.030824944074316036,0.03174246798594853,0.013927607268535184,0.00248205972368761,0.03557021214271902,0.0241886977559029,0.02840526098407279,0.033914876472126036,0.02544136218563938,0.023347323497882617,0.02901433156617436,0.026129206786679543,0.02072653918839953,0.025681236107619628,0.0050460679681633884,0.03883961184659232],[1.8352761342136796E-4,0.0011316075585811702,0.0012536886940655659,0.01651314599084818,5.300090682761547E-4,0.01054408075668584,0.019885491385915135,0.015720887327624132,8.232958822013809E-4,0.0010872266995081367,0.0013283891091728096,6.419529279311266E-4,6.213568539567836E-4,4.900946311339109E-4,8.466769938668327E-5,0.0069999724954605885,0.0012690290219898113,4.3896267612982844E-4,0.006086387309203447,8.221077428970715E-4,0.0014458645591326432,4.5448369624306737E-4,9.641212258387258E-4,1.5097396675377284E-4,5.240619537910326E-4,0.01491581239292326,8.492389061575162E-4,3.5852618304727397E-4,0.0016278075440772925,7.727627935770376E-4,0.002699490657852888,1.0,0.0012292272140800795,0.0010266960381375826,0.018026654188142616,8.61825274416732E-4,6.721091723051302E-4,9.492325985814138E-4,0.0014167313285468625,9.539487821107902E-4,8.502398756603011E-4,0.001122963056251686,4.027951096680591E-4,0.0011669442824737803,0.0024161442291751314,5.748972783113804E-4,6.004414137802031E-4,2.8184486528978867E-4,0.0012983259955368235,0.01233026310865297],[6.19295010475769E-4,0.0011018387689864144,7.136568763924029E-4,0.012505956358565707,5.103989799545911E-4,0.00776405603229305,0.00899386910866622,0.017236538283985418,6.62331310970131E-4,4.7858023883637926E-4,0.001259498081074584,9.618865749805188E-4,8.484951928761174E-4,5.277937451379065E-4,1.5833421962113903E-4,0.008897124923750239,0.0012150384746147348,4.645957704574774E-4,0.023839212752849868,8.140300244493083E-4,0.0014092345546649386,3.4779201703397946E-4,3.0986078018090975E-4,0.0010266969349805393,6.30464434386973E-4,0.030954348811609533,8.331166458654698E-5,0.001078668151362677,0.0018402930823754882,8.889848177531309E-4,0.03141701920885986,0.0012292272140800795,1.0,4.254825167265731E-4,0.01182971005218375,9.100707023793773E-4,6.812280157704826E-4,2.881213061281317E-4,0.0022575823924050015,9.318292418060768E-4,7.674788663371003E-4,3.282826894467519E-4,6.248787942771335E-4,0.001202302457013679,0.007247212328993524,2.375077374092395E-4,2.6341257342904554E-4,9.686744538341845E-4,0.001761915467768601,0.0026337874587650067],[1.3631546171116482E-4,1.531688229433014E-4,1.5327134759806607E-4,0.004139270718708937,2.305930119517516E-4,0.006424323814526833,0.006356698012771578,0.0028258156143841566,2.5022543065159194E-4,1.0486823360301985E-4,6.225979619003007E-4,1.4500690332201703E-4,1.4957547307581194E-4,3.4634909062514533E-4,8.674131953583754E-5,0.00593839591893769,0.0014760313109349996,1.479936335520707E-4,0.012318139736863748,1.469139375754218E-4,0.001727560543890025,8.85531662150547E-5,1.820062887278398E-4,1.3102051278207142E-4,1.5299805145477908E-4,0.029912591222580463,8.008669048939818E-5,9.70325636568334E-5,0.0011034160757191552,1.3261204824870294E-4,0.012573736316465805,0.0010266960381375826,4.254825167265731E-4,1.0,0.018554016881925445,3.929783256629803E-4,1.8889615896685444E-4,1.9226230288975937E-4,0.0017702654371283613,6.419719601975882E-5,2.48169926817741E-4,1.547071315723526E-4,1.5168645156571963E-4,9.977595360885242E-4,0.006169682729209278,1.0766227890725615E-4,1.5780901627331323E-4,1.5855893630015708E-4,9.776074306744624E-4,0.031922758667183304],[0.0017772126649626052,0.014794939355585155,0.02392274445528899,0.02625888627929031,0.01415642992855619,0.016147197688297452,0.0250357190387486,0.03795492928521436,0.025225103515941278,0.02037955485269505,0.006404433354036797,0.00869936644710827,0.02783516650898045,0.022806509106810494,0.0038431809818553595,0.013031059511764415,0.009719208751248704,0.025213627069750486,0.03393266657236618,0.013706238645727044,0.008383047722843043,0.00681170451679412,0.02458719976337748,0.0033161321551266605,0.023741789149053557,0.031058358395112153,0.01419877745390853,0.017461609065075892,0.027831795143639943,0.003068920822369999,0.030824944074316036,0.018026654188142616,0.01182971005218375,0.018554016881925445,1.0,0.013509452124052074,0.008962353748205159,0.026276439872085878,0.016684679126444415,0.02534303563945907,0.01151385257179834,0.027992350936976107,0.005356573941873546,0.0042937535135794125,0.014549629756562758,0.012187950185676569,0.013219659759479961,0.01830223394432832,0.02073789233808156,0.03981581255430702],[4.8470321550454364E-4,4.2302475747323993E-4,7.733933213531297E-4,0.005999748269329457,3.7660302622105185E-4,0.0027205801056749634,0.0071253659565795645,0.025596625358659843,7.505967122382236E-4,5.804060973192568E-4,8.611101939542906E-4,6.565316466342299E-4,6.116519498720704E-4,6.073572750114438E-4,4.5394687630231966E-4,0.008106993822940951,0.0010689938157179204,3.3024269133524297E-4,0.021947569581417917,2.3080679321893816E-4,0.001376369642049539,7.899948409558612E-4,2.535696903893425E-4,7.002762345857796E-4,3.877474869426838E-4,0.005927850612399423,7.14633128661698E-4,4.0885281542260845E-5,0.001179341729619408,4.796715826882959E-4,0.03174246798594853,8.61825274416732E-4,9.100707023793773E-4,3.929783256629803E-4,0.013509452124052074,1.0,5.570405788295532E-4,4.901349316589518E-4,0.002045437478070269,1.3705596753654033E-4,4.2217224706751614E-4,7.446541581952843E-4,4.911015722091635E-4,9.523544996100545E-4,0.010334025903494087,2.329898608132801E-4,7.576436124722542E-4,4.296186641034309E-4,0.0015626891304459916,0.0051131228264220995],[4.7042231369852036E-4,2.496266045472071E-4,4.8206460284577486E-4,0.013139024983891459,4.3549255071355684E-4,0.006477192035499894,0.015365411685655585,0.022423979846641833,4.6227254538330797E-4,1.9900382815380945E-4,0.0011343141824848467,4.0922706644919366E-4,3.824927422256389E-4,4.970968279570713E-4,4.4947847638535126E-4,0.0053249567400243825,0.001280176763190177,2.793205655498681E-4,0.014056078107212787,3.955839209452091E-4,8.917847237078875E-4,1.7189267501140114E-4,3.3173719111332707E-4,2.2988921477060966E-4,2.9465396441682773E-4,0.02767841382886891,3.197653106411603E-4,3.132418501369988E-5,0.0012809588135665774,4.419325810121689E-4,0.013927607268535184,6.721091723051302E-4,6.812280157704826E-4,1.8889615896685444E-4,0.008962353748205159,5.570405788295532E-4,1.0,3.123888415558607E-4,8.000479835952676E-4,2.2873254306367684E-4,4.57233771941622E-4,3.9402895426160126E-4,2.9249239756487847E-4,5.864813955371831E-4,0.011331574626147985,3.8243413352750136E-4,4.117878616879792E-4,3.684826583318342E-4,0.0016329156499623743,0.03835544805325119],[1.4283166045015746E-4,1.5435398650654806E-4,1.7351922860245393E-4,0.010024563041793375,2.3862993120165476E-4,0.006569755721293426,0.0029427956769653494,0.01131942483711964,2.4656847767750656E-4,1.973622051438347E-4,0.0014016292741996959,1.5917616797675154E-4,1.5875188857899714E-4,4.799447627186835E-4,6.521934128226105E-5,0.007587600884102669,0.0019036947755340285,1.6063945049518718E-4,0.012010732418114733,1.8127600815550477E-4,0.0015472496857916191,1.8287567137753263E-4,1.985100703109989E-4,1.3169157083025874E-4,1.725732023187189E-4,0.009678058697615594,9.434975990075543E-5,8.016480306044982E-5,2.691440962992438E-4,1.957294642406496E-4,0.00248205972368761,9.492325985814138E-4,2.881213061281317E-4,1.9226230288975937E-4,0.026276439872085878,4.901349316589518E-4,3.123888415558607E-4,1.0,0.001837413608783532,1.3185253783391319E-4,2.223146222321262E-4,1.9337830944312219E-4,2.036649107999304E-4,3.5108699289205744E-4,0.003913861886303459,5.417044765538235E-5,1.9869197808906872E-4,1.9708925543081475E-4,0.001601553367620381,0.03909277054553317],[0.0012917445650193703,0.0015634462391872113,0.0022397030058419875,0.009152491888631651,5.174462557455157E-4,0.014297539342499327,0.015857641220135037,0.01894722781331548,4.1400489970433197E-4,0.002053278585579688,0.002020206197122787,8.79771023756578E-4,8.286040076047015E-4,0