[[1.0,1.1015056417125565E-4,0.0011405204066853726,7.287117845478274E-5,2.7397142668462987E-4,1.816521010873295E-5,0.011275504358591445,5.337841945571555E-5,1.4996344521133498E-4,6.38864650660094E-5,6.804356286833691E-5,0.003472827901269861,5.370848000167107E-4,1.834363504263222E-5,7.422417781206535E-5,1.3782215026061028E-4,5.377212011117035E-4,8.022538911561635E-5,0.002225340301959105,0.0016715331539864015,5.974990873948969E-4,6.230121556584982E-4,2.29156039435025E-5,2.949006697545549E-4,4.516611234515086E-5,0.003555630762207887,1.0945561186182412E-4,2.3302900779877003E-4,1.601385519605189E-5,1.4172545186862942E-4,3.65166413596406E-5,8.957625457718725E-5,0.0012749733897746258,0.002374124431110806,7.023691673143169E-4,2.399033638172803E-5,5.285916805156388E-5,0.006708663137521396,0.007799354475237231,6.87748248216047E-5,0.0019174847997461423,6.921476453186679E-4,3.2620695176990405E-5,1.9553512056137237E-4,1.364170680799661E-5,1.4836235625570164E-5,4.410584452389336E-5,1.8116599710033648E-5,2.7555625912170844E-5,1.5261995222755435E-5],[1.1015056417125565E-4,1.0,8.84788064291607E-4,1.609447896913704E-4,2.2418700007266994E-4,1.319558860580879E-4,0.009024132095971598,1.4705441284890364E-4,2.2301681934744295E-4,1.6976881071462623E-4,0.0011107192077095443,4.976899395408024E-4,0.0013324929504322665,7.129418511516769E-5,1.562376626375769E-4,2.752710181402067E-4,0.0012095752887447476,1.8527517864442024E-4,0.010136157396736668,7.764616901372876E-4,0.0011483267799429616,2.736818514994857E-4,1.8457180800961117E-4,2.2829541588966932E-4,1.172476598613024E-4,0.001105565371182931,1.790299811437254E-4,2.9770455329937597E-4,1.0786702579453541E-4,1.856697693868934E-4,7.505766709994094E-5,1.1781505703477566E-4,2.367230576585664E-4,6.229167571467152E-4,0.009224965413897805,3.5650771909989594E-5,1.1982117891301237E-4,0.0059351274342717576,0.005583924944858006,1.566281126066297E-4,0.020369814306228418,0.0012771945872061393,1.8501134613496063E-4,1.9609977465538786E-4,1.907984021901034E-4,3.1925826063456195E-5,1.645127382242736E-4,2.958013441835481E-5,1.938973245332861E-4,4.578640585647863E-5],[0.0011405204066853726,8.84788064291607E-4,1.0,5.62020633947517E-4,0.001126947427683706,7.440237496242431E-4,0.013142371457407697,1.0312099586232961E-4,8.068177304212415E-4,1.3158259055620172E-4,0.0011800329504276135,0.00656607065810991,0.0013022044816647623,7.03757812309073E-4,2.585841712329454E-4,6.182957592355066E-4,0.0014792550088695887,8.263831893498001E-4,0.013609260769836524,0.0018258406283457344,0.0011915975335573615,0.001186917393549348,4.0399292315899287E-4,6.311081134335453E-4,4.492120256990369E-4,0.0027165057024293657,4.3219694029016217E-4,0.0010126489090777732,8.962039099757011E-4,0.001158248824393489,9.797023163765194E-4,0.0011337449911693787,0.0011632335399860247,0.0019664583578187537,0.003756804066964374,5.947560108568818E-4,0.0010701859734510062,0.006588207701211131,0.012340429057567721,3.609530664823875E-4,0.008147974360067445,0.0016807701782534943,0.0011356797065771355,4.789134367460384E-4,2.803664131221882E-4,5.870510574682348E-4,4.968219416769993E-4,6.789154872027897E-4,0.0011588374386591691,1.8299115922695627E-4],[7.287117845478274E-5,1.609447896913704E-4,5.62020633947517E-4,1.0,2.384606513076406E-4,7.947156417478115E-5,0.005421922447829187,8.864401383844901E-5,1.9021208650746633E-4,1.156607716961258E-4,0.0011979143372514167,0.0054465248126034736,2.705966560956234E-4,2.5114875552493426E-5,1.0494758240373682E-4,2.447905878648123E-4,3.334491171135173E-4,1.0747537706552623E-4,0.008591600710555201,0.0010022358481623264,0.0015969748295301984,1.358891471475023E-4,5.33391877869512E-5,3.8154788549476224E-4,1.0756985362552773E-4,0.008400263112193827,1.1332224064412063E-4,2.4354131088596406E-4,4.516584603566115E-5,1.1520143410132062E-4,9.952539274336438E-5,1.0234824075012855E-4,0.0010982016822313426,0.0018481389747327616,0.0068844800570395485,6.401305382801275E-5,1.1405894876261415E-4,0.0018516908493999306,0.005900279930374833,1.0114731332600563E-4,0.01700055332831247,4.3316501037148053E-4,1.1965425895143456E-4,2.0643463562955064E-4,8.980905585577276E-5,9.541658576314808E-5,1.1068752509091964E-4,9.169553665458989E-5,1.0150902383472577E-4,7.896659060087218E-5],[2.7397142668462987E-4,2.2418700007266994E-4,0.001126947427683706,2.384606513076406E-4,1.0,5.262576499217543E-5,0.008737745847635451,1.740184111713031E-4,2.7735496467955846E-4,2.482276479406668E-4,5.220529322884212E-4,0.003225540312446999,7.121792529034703E-4,2.719718104328445E-4,1.5811051266677214E-4,2.7690521305387666E-4,0.0012779852986302541,2.542753939943915E-4,0.010213639960360668,0.0010710151988536005,0.00135333951061832,5.882012106849595E-4,2.525362256232226E-4,2.77764131764475E-4,1.6701122697475947E-4,0.009679603272706174,2.299144395125947E-4,2.793943746452659E-4,2.3018959852030447E-4,1.92036555108253E-4,2.1483485672596291E-4,1.473934261833093E-4,0.0011224097089569253,0.0014227858186192778,0.004889981077432047,9.044305576955795E-5,2.486615912185346E-4,5.583913867998663E-4,0.008781155205509285,2.3413158456376385E-4,0.01342441744660351,0.0017086489854862814,1.7706017531870594E-4,2.457831933406192E-4,5.0971235632452397E-5,1.6105365880775404E-4,2.616765908295592E-4,2.1347432208802626E-4,2.3598870013067017E-4,2.452187106448761E-4],[1.816521010873295E-5,1.319558860580879E-4,7.440237496242431E-4,7.947156417478115E-5,5.262576499217543E-5,1.0,0.0025660343893589726,2.9441633406573294E-5,3.917540057385079E-5,9.788213959870266E-5,4.5312515000463135E-4,4.8942193201345E-4,0.001162423121079337,1.3388584039590476E-5,1.0785673886696542E-4,1.1182881238813373E-4,3.6483680152004283E-4,6.35073856642385E-5,0.01201229486390865,6.446433941379862E-4,1.1849498988460004E-4,9.516807867627567E-4,2.7407772194437723E-5,2.3249813368368983E-4,7.127091643584988E-5,0.011333623800821334,6.933065328421312E-5,2.0856157140401754E-4,1.3708525329116772E-5,1.4278908038360363E-4,3.492215799480756E-5,1.0569463877957364E-4,7.648183900532964E-4,0.0018384135106827976,0.0042800193813563965,2.6258447020166527E-5,3.658620536015818E-5,0.003155189252924539,0.0053335153876181655,3.289581758369796E-5,0.021506218049684854,0.0014185955593968619,6.72011471182456E-5,4.521053105384647E-5,1.3567513337304097E-5,1.3803683212250588E-5,9.442775276871292E-5,1.3856963763369833E-5,8.147976013336207E-5,1.381630294100489E-5],[0.011275504358591445,0.009024132095971598,0.013142371457407697,0.005421922447829187,0.008737745847635451,0.0025660343893589726,1.0,0.006954242661258196,0.003801854914919054,0.01089536544058425,0.0028292603643051816,0.015294231299316268,0.013109943493344113,0.011200432590734166,0.0030786533110777974,0.01248281199368072,0.014605891733058485,0.009723676161667087,0.016207005813611442,0.015950456856174057,0.011911036536459148,0.003483603153136312,7.753670569823459E-4,0.015062204472444211,0.016258143223544505,0.012433992857422659,0.0049022093503222714,0.01697059992907986,0.017147131854056193,0.005717172716130767,0.00702930110528469,0.0036153958890729637,0.006055048644664317,0.004267005626269755,0.014574710941834417,0.007205828413194935,0.00867471021497124,0.010929245587796045,0.015017111039090354,5.736132011716002E-4,0.0241404311237317,0.005350268185401746,0.012727596049371777,0.01641150923730492,0.013688650198324865,0.007174859365603768,0.0159151898840387,0.015243309253520647,0.00982825168612416,0.011360601980677416],[5.337841945571555E-5,1.4705441284890364E-4,1.0312099586232961E-4,8.864401383844901E-5,1.740184111713031E-4,2.9441633406573294E-5,0.006954242661258196,1.0,1.4517856198584408E-4,1.0103635195105113E-4,5.103894267259727E-4,0.0012364599997847312,2.24673468039313E-4,5.831370600257263E-5,7.980030496378354E-5,1.522904907069073E-4,7.399037584265975E-4,1.47551463375649E-4,0.007139715713462704,0.0020773989467685163,0.001260912667884043,1.2661004324328377E-4,3.184451572319341E-5,1.0621474037330553E-4,9.193099617443906E-5,0.010084702786733301,1.267713487704066E-4,1.1140062485512323E-4,6.027835593373944E-5,1.8056523150055946E-4,6.39859975943359E-5,7.573012729027264E-5,0.0011951584768156078,0.0022743193366836093,0.00929847433703723,6.553994603519784E-5,9.124940362675271E-5,0.002686462519924643,0.012605417216686269,9.300725147968353E-5,0.007092919475090437,7.501248324529005E-4,1.0431905720079843E-4,2.0564554120516484E-4,6.763427763935455E-5,6.366039527048852E-5,1.0156182514541615E-4,4.901809483590486E-5,7.880132740586E-5,3.944780413009559E-5],[1.4996344521133498E-4,2.2301681934744295E-4,8.068177304212415E-4,1.9021208650746633E-4,2.7735496467955846E-4,3.917540057385079E-5,0.003801854914919054,1.4517856198584408E-4,1.0,2.22206825107085E-4,9.082721572204219E-4,0.004233171625490645,0.0010783443622145402,7.002582290862009E-5,2.6447294649614635E-4,2.7716033871943703E-4,5.63580251273299E-4,2.1429109292157487E-4,0.0059880799943225925,8.125126330038349E-4,5.97679165940096E-4,7.403039916688515E-4,1.9744370514777207E-4,3.6512862215893547E-4,2.0107800749976233E-4,0.0015319058053286652,1.6333933563912592E-4,2.9897447096589446E-4,7.748654959880171E-5,2.17940667162731E-4,1.1156091372469325E-4,1.2490659205094526E-4,0.0010138431525607856,0.0014587390175209403,0.0026924005624908705,1.7343572760249463E-4,2.0648251584954016E-4,0.00563339835812039,0.0018321770026726294,1.5910749407023602E-4,0.017890541342495212,4.866047578874355E-4,1.878215035065636E-4,2.468280116095893E-4,9.994618344173207E-5,2.552432921036018E-4,2.4440736697122465E-4,2.435069392971806E-4,2.086749106000747E-4,1.6172171120381053E-4],[6.38864650660094E-5,1.6976881071462623E-4,1.3158259055620172E-4,1.156607716961258E-4,2.482276479406668E-4,9.788213959870266E-5,0.01089536544058425,1.0103635195105113E-4,2.22206825107085E-4,1.0,0.0011278269230436473,0.004590713126578117,0.0011500421569410864,2.3435233054269224E-5,1.326621971727353E-4,1.8951985629276456E-4,1.893520005133294E-4,1.420586383153174E-4,0.007378106716757412,0.0017748566675569815,6.682754665415853E-4,2.4459502574022496E-4,4.269209842615331E-5,3.0772564921987763E-4,1.2785941483900966E-4,0.010175164701790022,1.3317278236926953E-4,2.745879004770182E-4,6.563729195064382E-5,1.441663236236306E-4,1.3007499770572266E-4,1.1068747311084365E-4,0.001080373148710144,7.008411369128048E-4,0.004788571395019705,3.855416978416794E-5,1.2665077126229366E-4,0.005792169886944895,0.004633126583960775,1.2135012874054638E-4,0.02062620938957173,0.001550257162867657,1.3678070103511898E-4,1.6964665395045842E-4,5.982309823664246E-5,8.395992184616975E-5,1.3733259783749703E-4,6.416061352201299E-5,1.693645035485513E-4,2.2810216711299622E-5],[6.804356286833691E-5,0.0011107192077095443,0.0011800329504276135,0.0011979143372514167,5.220529322884212E-4,4.5312515000463135E-4,0.0028292603643051816,5.103894267259727E-4,9.082721572204219E-4,0.0011278269230436473,1.0,0.008837519349213264,0.0012891720573518113,4.098854639502849E-4,5.174775195241037E-4,7.239416562039218E-4,0.0014993700161499755,6.631848720606311E-4,0.005065818986650952,0.001483388903288854,0.0013517494804295331,0.0012784242896087135,7.184877589390066E-4,5.850534441932245E-4,7.63266682635045E-4,0.0038504971987640413,8.562373904316958E-4,0.0012069991496915134,9.696892498465364E-4,2.802015265207563E-4,0.001075483026547904,2.1987376216779777E-4,0.0014383056871062297,0.0015025291561212724,0.008560713328302714,4.4456463767600883E-4,0.0012046937421237435,0.004124947669475453,0.004532416256346416,0.0010401011115098325,0.020684553466999503,0.0016044087212539354,4.3975736020689636E-4,3.555744041073884E-4,0.0010262461334907525,1.4297159629587225E-4,4.5147545339710226E-4,8.696563042933135E-4,5.053370209445364E-4,0.0011957329419599793],[0.003472827901269861,4.976899395408024E-4,0.00656607065810991,0.0054465248126034736,0.003225540312446999,4.8942193201345E-4,0.015294231299316268,0.0012364599997847312,0.004233171625490645,0.004590713126578117,0.008837519349213264,1.0,0.0018499491349278198,0.0026196566346211292,0.0031572700490681924,0.005124990918701723,0.00846256195460266,0.0013861901896064315,0.013089290785934682,0.0028665799102823523,0.008870863865618491,0.003994175670034756,0.006306398568481825,0.005757597003335988,0.008302601457347965,0.011121628535163734,0.002070417168674407,0.007831479667868497,0.0092164515941412,0.005271902457406484,0.007990092232196246,0.001191514478535477,0.007250315351785198,0.006156489106027056,0.01029168117198492,0.009190750143391022,2.1131240345346658E-4,0.009026389871850895,0.009998852837794352,0.006876178280347137,0.018847382925609998,0.004062279918309844,0.002397808201306961,0.008944361369532926,0.002815957928164298,4.805561102622809E-4,0.006734552700133732,0.005347819325894559,0.005153420457291448,0.004892726345395058],[5.370848000167107E-4,0.0013324929504322665,0.0013022044816647623,2.705966560956234E-4,7.121792529034703E-4,0.001162423121079337,0.013109943493344113,2.24673468039313E-4,0.0010783443622145402,0.0011500421569410864,0.0012891720573518113,0.0018499491349278198,1.0,4.465941147253288E-4,1.425084096522201E-4,3.150141849611956E-4,0.0014657746308325533,9.340315402146698E-4,0.004002823185615444,0.0020396941336774713,0.0014861825381675237,0.001276356815580641,1.9171899447784562E-4,7.686736664828734E-4,5.32476619417852E-4,0.00963040939537347,9.884043488278243E-4,8.18878390605754E-4,0.0011888257666437252,0.0013918952561509852,4.5957331510568873E-4,5.810380038027089E-4,0.0014455141272222852,0.0030400976462756617,0.0024812770842574917,3.764371584766199E-4,0.001046408451638103,0.0027494133279301024,0.0074324358122844405,3.7949529373241365E-4,0.014148163929888078,0.001498397684380735,5.771337115716976E-4,0.0011733184911717767,2.856097855926306E-4,1.2179470498429958E-4,0.0010344106362967713,0.0012679869585745932,0.0013539997353715645,7.716545846206113E-4],[1.834363504263222E-5,7.129418511516769E-5,7.03757812309073E-4,2.5114875552493426E-5,2.719718104328445E-4,1.3388584039590476E-5,0.011200432590734166,5.831370600257263E-5,7.002582290862009E-5,2.3435233054269224E-5,4.098854639502849E-4,0.0026196566346211292,4.465941147253288E-4,1.0,5.646210133192262E-5,4.535016052822163E-5,0.0010979428926032406,1.2088850332349837E-4,0.0015601776717960299,0.0015500097801266438,2.4576975334827163E-4,7.238768936758932E-4,1.5682397686183318E-5,3.467831533498333E-4,6.441875622091704E-5,0.007563110486722372,7.917687549800214E-5,2.8138619141559795E-4,1.2829634613398265E-5,1.0204484206359995E-4,2.9756938587137445E-5,2.1868381088943017E-5,7.396665085338665E-4,0.0013867426710096886,0.006815448347108984,2.0170143112228304E-5,1.777752000177193E-5,0.004607729689566896,0.006900285166490364,7.952768557732542E-5,0.02035045388932709,7.514819670199658E-4,1.3801726975627612E-4,1.51882206072795E-4,1.3065433732762659E-5,1.3149359404406293E-5,2.19413210968434E-5,1.7098808041516762E-5,1.863485362658638E-5,1.4880877332774077E-5],[7.422417781206535E-5,1.562376626375769E-4,2.585841712329454E-4,1.0494758240373682E-4,1.5811051266677214E-4,1.0785673886696542E-4,0.0030786533110777974,7.980030496378354E-5,2.6447294649614635E-4,1.326621971727353E-4,5.174775195241037E-4,0.0031572700490681924,1.425084096522201E-4,5.646210133192262E-5,1.0,1.8358329445964218E-4,2.6396426185875576E-4,1.4293924485700587E-4,0.01139068539071986,0.0010311943118804046,7.265316252806109E-4,9.061178606598814E-4,2.9637765306227253E-5,3.4666580961034883E-4,1.219629934557908E-4,0.010910022335899095,1.3557272147033653E-4,2.348835620598583E-4,5.823869440400023E-5,1.7168393240567435E-4,9.856687764449245E-5,1.3254735358121826E-4,0.0013621505687250346,0.0010927196027477218,0.006039498544254196,6.052603729211816E-5,1.2653290729642657E-4,0.007016083975248494,0.010311723623354677,1.2165471758595391E-4,0.022098042389514256,2.6159445438952793E-4,1.4764349115359401E-4,1.7763827003987274E-4,9.901563946427283E-5,3.620542403053873E-5,1.3543337164215497E-4,1.0218402797363737E-4,1.5948915448368817E-4,1.1504042397588108E-4],[1.3782215026061028E-4,2.752710181402067E-4,6.182957592355066E-4,2.447905878648123E-4,2.7690521305387666E-4,1.1182881238813373E-4,0.01248281199368072,1.522904907069073E-4,2.7716033871943703E-4,1.8951985629276456E-4,7.239416562039218E-4,0.005124990918701723,3.150141849611956E-4,4.535016052822163E-5,1.8358329445964218E-4,1.0,0.0013270546578570378,1.6243138069883632E-4,0.008383582727774015,9.168699318597227E-4,0.0014479497540796978,4.8259831439025454E-4,4.530304419248947E-5,3.703184960290586E-4,1.8060026036807806E-4,0.006416258202239098,1.4592664781451544E-4,2.843584904891619E-4,2.734120155785583E-4,2.4365771305906512E-4,1.5117107319559465E-4,1.3978550546624643E-4,9.999833782661067E-4,0.001935677228597572,0.010288595574410161,6.371515762304628E-5,2.541483142897566E-4,0.004938350055808003,0.0012308338215071743,1.9764397397770643E-4,0.007912828987773925,4.791450100045711E-4,2.3039212658360536E-4,2.266958362714957E-4,2.656463511338131E-4,1.725890685639996E-4,2.2487341511993317E-4,3.510507449947391E-5,1.8926805451516645E-4,2.6524812898945426E-4],[5.377212011117035E-4,0.0012095752887447476,0.0014792550088695887,3.334491171135173E-4,0.0012779852986302541,3.6483680152004283E-4,0.014605891733058485,7.399037584265975E-4,5.63580251273299E-4,1.893520005133294E-4,0.0014993700161499755,0.00846256195460266,0.0014657746308325533,0.0010979428926032406,2.6396426185875576E-4,0.0013270546578570378,1.0,3.1515952149352514E-4,0.006290807620701298,0.0020261111513863407,0.0015358315580489132,0.0015019779473338247,7.692449048024865E-4,0.0011265730345335785,0.0012663405067555211,0.00571277326089743,9.66488738538268E-4,0.0013264171536575596,0.0012279618554030868,9.262417022669398E-4,4.698088077707465E-4,5.970659861801428E-4,0.0015370611728485397,0.0019446104270542967,0.008077693571096353,4.258482473266733E-5,9.511469642506378E-4,0.0029926347594460235,0.010573177920027151,9.437368481500278E-4,0.00495224149600729,0.0015449625904997103,7.370306014958482E-4,6.321200629283261E-4,2.30435518445683E-4,1.986798488623367E-4,8.655144234390177E-4,9.469520724274172E-4,0.0011133228363479498,5.891996754142587E-4],[8.022538911561635E-5,1.8527517864442024E-4,8.263831893498001E-4,1.0747537706552623E-4,2.542753939943915E-4,6.35073856642385E-5,0.009723676161667087,1.47551463375649E-4,2.1429109292157487E-4,1.420586383153174E-4,6.631848720606311E-4,0.0013861901896064315,9.340315402146698E-4,1.2088850332349837E-4,1.4293924485700587E-4,1.6243138069883632E-4,3.1515952149352514E-4,1.0,0.0086730843445133,6.201757644571403E-4,5.957104830250073E-4,1.8377446959445725E-4,5.6241042255146314E-5,2.5451120376429804E-4,1.237075168991031E-4,0.001116194475751473,1.4179815141979996E-4,2.8504853729349587E-4,1.2629496218591937E-4,1.6067285828715884E-4,4.9378134650911285E-5,1.2902925280514744E-4,5.031766184610564E-4,0.0025538493735541754,0.005012497656131651,1.3570339158082664E-4,1.3656216880199269E-4,0.003385498675037927,0.01122378057128166,1.4010645652344798E-4,0.010929395773842658,0.001143933207740742,1.519981559097892E-4,1.5334217782563166E-4,1.4141691939978875E-4,3.838845139997534E-5,1.4464574808035392E-4,8.851981217886008E-5,1.7066040423328345E-4,1.1084586582094817E-4],[0.002225340301959105,0.010136157396736668,0.013609260769836524,0.008591600710555201,0.010213639960360668,0.01201229486390865,0.016207005813611442,0.007139715713462704,0.0059880799943225925,0.007378106716757412,0.005065818986650952,0.013089290785934682,0.004002823185615444,0.0015601776717960299,0.01139068539071986,0.008383582727774015,0.006290807620701298,0.0086730843445133,1.0,0.008227129991085174,0.00559640742141791,0.0034687046585197153,0.008775442724994177,0.010337976446840244,0.013017073861724971,0.013782581061806168,0.0027023727222694996,0.012474698377457504,0.013511185613017574,0.0034199129323370333,0.008088902235373448,0.01111631809506573,0.006330455820333406,0.00423424007087502,0.01267292175259575,0.007980924557850669,0.004586944055252879,0.012676215132098006,0.013470598785563392,0.003729028570382849,0.015122602708923226,0.012395503240317777,0.011391523730941955,0.0014652427017806666,0.00865386162443035,0.01234609319644119,0.012184788155254624,0.0023480585729125517,0.004578558636495216,0.0073618861786347535],[0.0016715331539864015,7.764616901372876E-4,0.0018258406283457344,0.0010022358481623264,0.0010710151988536005,6.446433941379862E-4,0.015950456856174057,0.0020773989467685163,8.125126330038349E-4,0.0017748566675569815,0.001483388903288854,0.0028665799102823523,0.0020396941336774713,0.0015500097801266438,0.0010311943118804046,9.168699318597227E-4,0.0020261111513863407,6.201757644571403E-4,0.008227129991085174,1.0,0.00199461416350207,0.0015404496093902635,0.0014426546151765324,5.613801623828823E-4,5.998885638317594E-4,0.010390203925850282,4.085124420585604E-4,7.21470386908683E-4,0.001614292787156786,8.868166156803503E-4,0.0013281439527045582,0.0012095375814422224,0.0017850469758545619,0.0027998531775476065,0.0027346225175637036,0.0012047394674802956,0.0020160470781024273,0.002214928355136924,0.006975012529055222,0.002010033585995016,0.018785386589278124,0.0017691986991756846,0.0015652694418128719,5.051162635496107E-4,1.5736267272740867E-4,2.389354219577893E-4,8.89626189186745E-4,5.409627097727194E-4,8.599244507806986E-4,5.427095771964627E-4],[5.974990873948969E-4,0.0011483267799429616,0.0011915975335573615,0.0015969748295301984,0.00135333951061832,1.1849498988460004E-4,0.011911036536459148,0.001260912667884043,5.97679165940096E-4,6.682754665415853E-4,0.0013517494804295331,0.008870863865618491,0.0014861825381675237,2.4576975334827163E-4,7.265316252806109E-4,0.0014479497540796978,0.0015358315580489132,5.957104830250073E-4,0.00559640742141791,0.00199461416350207,1.0,0.0015861830203176214,9.9174372410589E-4,4.6860753630474585E-4,0.0012984229627679151,0.0052408014697290384,2.395082109353461E-4,0.0013504368019219282,0.0014746394291756588,5.369016828764409E-4,5.414946191427123E-4,8.487031720885697E-4,0.001615779450712509,0.0029705967807757434,0.007188818553344581,0.0013452759311355508,0.0013512231237146058,0.00665150482535156,0.0020600067196783214,0.0011149270664635664,0.0037768270673984392,0.0016618035618141695,2.347731578519975E-4,2.1208544844246904E-4,4.068600112464729E-5,3.577991335946137E-4,0.0015390005295581653,4.8544830124637564E-4,5.457509839759509E-4,3.7227144543994727E-4],[6.230121556584982E-4,2.736818514994857E-4,0.001186917393549348,1.358891471475023E-4,5.882012106849595E-4,9.516807867627567E-4,0.003483603153136312,1.2661004324328377E-4,7.403039916688515E-4,2.4459502574022496E-4,0.0012784242896087135,0.003994175670034756,0.001276356815580641,7.238768936758932E-4,9.061178606598814E-4,4.8259831439025454E-4,0.0015019779473338247,1.8377446959445725E-4,0.0034687046585197153,0.0015404496093902635,0.0015861830203176214,1.0,1.0485747704770149E-4,5.247760511729126E-4,0.0010598671950142599,0.011088935241699622,6.820296343613285E-4,0.001150460174808963,1.4944488072468842E-4,5.50298392155027E-4,7.850950648556446E-4,0.0010697421249230975,0.001510531305346299,0.0014896802832373769,0.002590820552314986,6.196245247057302E-4,5.388685060657254E-4,0.007462410264828179,0.0023627544660446446,0.0010006565585715126,0.020972390778847484,0.0016318752830456178,6.358423698443958E-4,6.792637404885515E-4,1.796947605263371E-4,4.002817564453404E-4,6.793227792951792E-4,4.356392088135945E-4,6.384943733237024E-4,2.9492228105473757E-4],[2.29156039435025E-5,1.8457180800961117E-4,4.0399292315899287E-4,5.33391877869512E-5,2.525362256232226E-4,2.7407772194437723E-5,7.753670569823459E-4,3.184451572319341E-5,1.9744370514777207E-4,4.269209842615331E-5,7.184877589390066E-4,0.006306398568481825,1.9171899447784562E-4,1.5682397686183318E-5,2.9637765306227253E-5,4.530304419248947E-5,7.692449048024865E-4,5.6241042255146314E-5,0.008775442724994177,0.0014426546151765324,9.9174372410589E-4,1.0485747704770149E-4,1.0,5.716631628023936E-5,1.0943298854298928E-4,0.0075479016403554085,4.317767321760179E-5,2.3687346564549218E-4,2.5971574730161617E-5,6.136210747550796E-5,2.9752591958459836E-5,8.276012057981774E-5,0.0010419407195765209,0.0022299110361491464,0.004718994539940558,2.8118719250829177E-5,9.235564356884549E-5,0.003445050485447243,0.003625558508055914,1.055505819620583E-4,0.01872386908599486,0.0015141872140634653,8.996063189999861E-5,4.5127517018768296E-5,1.968169404837772E-5,2.655535324045705E-5,8.202585223010132E-5,2.234927052110927E-5,6.414922000425223E-5,2.3205129827597937E-5],[2.949006697545549E-4,2.2829541588966932E-4,6.311081134335453E-4,3.8154788549476224E-4,2.77764131764475E-4,2.3249813368368983E-4,0.015062204472444211,1.0621474037330553E-4,3.6512862215893547E-4,3.0772564921987763E-4,5.850534441932245E-4,0.005757597003335988,7.686736664828734E-4,3.467831533498333E-4,3.4666580961034883E-4,3.703184960290586E-4,0.0011265730345335785,2.5451120376429804E-4,0.010337976446840244,5.613801623828823E-4,4.6860753630474585E-4,5.247760511729126E-4,5.716631628023936E-5,1.0,2.7561336057638664E-4,0.005219147008084022,2.2147523670999005E-4,3.7099072437159095E-4,1.8709983924319814E-4,2.5798635972375554E-4,2.3495648685510222E-4,2.197841838185795E-4,6.755418317170596E-4,0.0028768373622197994,0.009126755667248989,3.6292285258919576E-4,2.1937685808303824E-4,0.0034429028953645202,0.009109739369188855,3.094942102893026E-4,0.002947652515487026,5.26827553148482E-4,3.086022117123108E-4,3.2936966022953395E-4,2.2256379291065494E-4,3.6082957566727555E-5,2.1405592096297133E-4,1.172262090220953E-4,3.62361432133695E-4,1.1202783898852239E-4],[4.516611234515086E-5,1.172476598613024E-4,4.492120256990369E-4,1.0756985362552773E-4,1.6701122697475947E-4,7.127091643584988E-5,0.016258143223544505,9.193099617443906E-5,2.0107800749976233E-4,1.2785941483900966E-4,7.63266682635045E-4,0.008302601457347965,5.32476619417852E-4,6.441875622091704E-5,1.219629934557908E-4,1.8060026036807806E-4,0.0012663405067555211,1.237075168991031E-4,0.013017073861724971,5.998885638317594E-4,0.0012984229627679151,0.0010598671950142599,1.0943298854298928E-4,2.7561336057638664E-4,1.0,0.005826702032440652,1.1384524845514444E-4,1.8411087713953548E-4,4.9662449167829605E-5,1.3140403183311454E-4,7.350022452590668E-5,1.0989391153054772E-4,2.6487664004025467E-4,0.00269864382848127,0.008227427603743294,8.858525929780764E-5,1.1300801687930186E-4,0.0066237989072147,0.005661586613587525,1.1105858163357119E-4,0.011916766953914382,8.318175125023214E-4,1.4960600852881843E-4,1.9009177583411378E-4,5.7310566307707236E-5,5.217978526552226E-5,1.3365301272534315E-4,9.521445145167682E-5,1.6397463822906693E-4,8.086408585649291E-5],[0.003555630762207887,0.001105565371182931,0.0027165057024293657,0.008400263112193827,0.009679603272706174,0.011333623800821334,0.012433992857422659,0.010084702786733301,0.0015319058053286652,0.010175164701790022,0.0038504971987640413,0.011121628535163734,0.00963040939537347,0.007563110486722372,0.010910022335899095,0.006416258202239098,0.00571277326089743,0.001116194475751473,0.013782581061806168,0.010390203925850282,0.0052408014697290384,0.011088935241699622,0.0075479016403554085,0.005219147008084022,0.005826702032440652,1.0,0.003089017040772452,0.009401374236952514,0.005443627119914721,3.0347877409872017E-4,0.011183117533473817,0.0033725588104338445,0.0114321400509394,0.01026770685308211,0.010875500281441847,0.00980000581343834,0.0021300147172740483,0.008459953947762125,0.011970773688878736,0.007642248801611418,0.022829316991214266,0.0057556183594454895,0.00829232425410022,0.004605444352691644,0.00892224639495125,0.0012291009908842235,0.006243376757293634,0.004062752750370253,0.0024414405434952653,0.0016789938376402548],[1.0945561186182412E-4,1.790299811437254E-4,4.3219694029016217E-4,1.1332224064412063E-4,2.299144395125947E-4,6.933065328421312E-5,0.0049022093503222714,1.267713487704066E-4,1.6333933563912592E-4,1.3317278236926953E-4,8.562373904316958E-4,0.002070417168674407,9.884043488278243E-4,7.917687549800214E-5,1.3557272147033653E-4,1.4592664781451544E-4,9.66488738538268E-4,1.4179815141979996E-4,0.0027023727222694996,4.085124420585604E-4,2.395082109353461E-4,6.820296343613285E-4,4.317767321760179E-5,2.2147523670999005E-4,1.1384524845514444E-4,0.003089017040772452,1.0,2.7747129530527486E-4,9.338187848848918E-5,1.5670587759761522E-4,1.3135301276621947E-4,1.2625586620010674E-4,0.001010982306683135,0.0012108389886745859,0.005880760200980583,1.3621161026580153E-4,1.2177782613511263E-4,0.0037502328694680133,0.006954923851438486,1.239490833805607E-4,0.019080444950618863,0.001517540822837649,1.5368340201605602E-4,1.742896607888378E-4,1.856020396153698E-5,1.1292791616189466E-4,1.379602471553831E-4,8.790288108874305E-5,1.629514731672902E-4,3.3131003303207756E-5],[2.3302900779877003E-4,2.9770455329937597E-4,0.0010126489090777732,2.4354131088596406E-4,2.793943746452659E-4,2.0856157140401754E-4,0.01697059992907986,1.1140062485512323E-4,2.9897447096589446E-4,2.745879004770182E-4,0.0012069991496915134,0.007831479667868497,8.18878390605754E-4,2.8138619141559795E-4,2.348835620598583E-4,2.843584904891619E-4,0.0013264171536575596,2.8504853729349587E-4,0.012474698377457504,7.21470386908683E-4,0.0013504368019219282,0.001150460174808963,2.3687346564549218E-4,3.7099072437159095E-4,1.8411087713953548E-4,0.009401374236952514,2.7747129530527486E-4,1.0,2.3760550442310965E-4,1.8495686753512293E-4,7.010183601201805E-5,1.6239493563646848E-4,0.00113132926216577,0.0025880510655914477,5.963228493147052E-4,3.102209825414046E-4,1.944343487246774E-4,0.005620267860650164,0.004516253232254196,2.99982138544527E-4,0.007312036720848357,0.0012749665515823416,2.7366098722143297E-4,2.9041580933775754E-4,1.9913164786309617E-4,1.4213161036123295E-4,3.009502793470301E-4,3.0937372663250454E-4,2.3493825621394954E-4,1.6067289374449925E-4],[1.601385519605189E-5,1.0786702579453541E-4,8.962039099757011E-4,4.516584603566115E-5,2.3018959852030447E-4,1.3708525329116772E-5,0.017147131854056193,6.027835593373944E-5,7.748654959880171E-5,6.563729195064382E-5,9.696892498465364E-4,0.0092164515941412,0.0011888257666437252,1.2829634613398265E-5,5.823869440400023E-5,2.734120155785583E-4,0.0012279618554030868,1.2629496218591937E-4,0.013511185613017574,0.001614292787156786,0.0014746394291756588,1.4944488072468842E-4,2.5971574730161617E-5,1.8709983924319814E-4,4.9662449167829605E-5,0.005443627119914721,9.338187848848918E-5,2.3760550442310965E-4,1.0,7.470828620263725E-5,2.708546909779457E-5,3.141776120618424E-5,3.9108019014672777E-4,0.001962141699407942,0.0045626116767052555,1.1863658019402487E-5,8.46490650851694E-5,0.004089344306598838,0.008975118493172611,6.264737638622333E-5,0.0037272543345422122,0.0010476032399014711,9.966112412827514E-5,1.3610356299220694E-4,1.0898264814860354E-5,1.3708370052809886E-5,1.2571451067228675E-5,1.261041063814521E-5,3.773094653069697E-5,1.1795165500523111E-5],[1.4172545186862942E-4,1.856697693868934E-4,0.001158248824393489,1.1520143410132062E-4,1.92036555108253E-4,1.4278908038360363E-4,0.005717172716130767,1.8056523150055946E-4,2.17940667162731E-4,1.441663236236306E-4,2.802015265207563E-4,0.005271902457406484,0.0013918952561509852,1.0204484206359995E-4,1.7168393240567435E-4,2.4365771305906512E-4,9.262417022669398E-4,1.6067285828715884E-4,0.0034199129323370333,8.868166156803503E-4,5.369016828764409E-4,5.50298392155027E-4,6.136210747550796E-5,2.5798635972375554E-4,1.3140403183311454E-4,3.0347877409872017E-4,1.5670587759761522E-4,1.8495686753512293E-4,7.470828620263725E-5,1.0,1.2704727533433414E-4,1.617946732081652E-4,0.0010858508854567892,0.002570633122052949,0.005333436031439411,1.2532021229053007E-4,1.737241866730823E-4,0.00512444769884059,0.0015624291687769973,1.5737232866711178E-4,0.015111549629132807,1.8314659562553817E-4,1.618775098143438E-4,2.013936634599049E-4,1.737281504234146E-4,1.5051683514537273E-4,1.6932348323082133E-4,1.54666949999363E-4,1.805164554416298E-4,1.4481932429693455E-4],[3.65166413596406E-5,7.505766709994094E-5,9.797023163765194E-4,9.952539274336438E-5,2.1483485672596291E-4,3.492215799480756E-5,0.00702930110528469,6.39859975943359E-5,1.1156091372469325E-4,1.3007499770572266E-4,0.001075483026547904,0.007990092232196246,4.5957331510568873E-4,2.9756938587137445E-5,9.856687764449245E-5,1.5117107319559465E-4,4.698088077707465E-4,4.9378134650911285E-5,0.008088902235373448,0.0013281439527045582,5.414946191427123E-4,7.850950648556446E-4,2.9752591958459836E-5,2.3495648685510222E-4,7.350022452590668E-5,0.011183117533473817,1.3135301276621947E-4,7.010183601201805E-5,2.708546909779457E-5,1.2704727533433414E-4,1.0,5.866492571900753E-5,6.896485566740185E-4,0.001716562638992347,2.2415245337107926E-4,3.2532640931891544E-5,6.690363862893472E-5,8.634348760588596E-4,0.007144225900610479,8.74277554673558E-5,0.015001626279335132,0.0012263009150141528,6.221298745530059E-5,1.1273726614041848E-4,2.537378469915626E-5,4.035197897470724E-5,1.227884751525777E-4,4.628564076794583E-5,1.6674595281737653E-4,3.1733663046077084E-5],[8.957625457718725E-5,1.1781505703477566E-4,0.0011337449911693787,1.0234824075012855E-4,1.473934261833093E-4,1.0569463877957364E-4,0.0036153958890729637,7.573012729027264E-5,1.2490659205094526E-4,1.1068747311084365E-4,2.1987376216779777E-4,0.001191514478535477,5.810380038027089E-4,2.1868381088943017E-5,1.3254735358121826E-4,1.3978550546624643E-4,5.970659861801428E-4,1.2902925280514744E-4,0.01111631809506573,0.0012095375814422224,8.487031720885697E-4,0.0010697421249230975,8.276012057981774E-5,2.197841838185795E-4,1.0989391153054772E-4,0.0033725588104338445,1.2625586620010674E-4,1.6239493563646848E-4,3.141776120618424E-5,1.617946732081652E-4,5.866492571900753E-5,1.0,6.883998028898196E-4,8.141735918397843E-4,0.0030641116574553454,5.202256411527492E-5,1.1735215445492335E-4,0.006832197583114792,0.006647125483159037,1.0615731636604662E-4,0.02196643441400674,4.6001288857405823E-4,1.340190291161273E-4,1.6808330455427305E-4,6.0000163827197984E-5,1.5094181180872212E-5,1.1618717588060548E-4,1.0226251532570822E-4,1.2045752414231435E-4,1.0183916594096495E-4],[0.0012749733897746258,2.367230576585664E-4,0.0011632335399860247,0.0010982016822313426,0.0011224097089569253,7.648183900532964E-4,0.006055048644664317,0.0011951584768156078,0.0010138431525607856,0.001080373148710144,0.0014383056871062297,0.007250315351785198,0.0014455141272222852,7.396665085338665E-4,0.0013621505687250346,9.999833782661067E-4,0.0015370611728485397,5.031766184610564E-4,0.006330455820333406,0.0017850469758545619,0.001615779450712509,0.001510531305346299,0.0010419407195765209,6.755418317170596E-4,2.6487664004025467E-4,0.0114321400509394,0.001010982306683135,0.00113132926216577,3.9108019014672777E-4,0.0010858508854567892,6.896485566740185E-4,6.883998028898196E-4,1.0,0.002869367449054266,0.0030351942186554494,6.746097066278207E-4,1.9710633213937192E-4,0.003879029291187347,0.01276064937316002,6.854134226421606E-4,0.011704169826275607,0.0017530248259657582,5.92082556998476E-4,0.0015427050518066847,6.903857514184895E-4,0.001244978762683943,0.001289634280266648,2.629057294254698E-4,4.4670813140791654E-4,3.748832175093715E-4],[0.002374124431110806,6.229167571467152E-4,0.0019664583578187537,0.0018481389747327616,0.0014227858186192778,0.0018384135106827976,0.004267005626269755,0.0022743193366836093,0.0014587390175209403,7.008411369128048E-4,0.0015025291561212724,0.006156489106027056,0.0030400976462756617,0.0013867426710096886,0.0010927196027477218,0.001935677228597572,0.0019446104270542967,0.0025538493735541754,0.00423424007087502,0.0027998531775476065,0.0029705967807757434,0.0014896802832373769,0.0022299110361491464,0.0028768373622197994,0.00269864382848127,0.01026770685308211,0.0012108389886745859,0.0025880510655914477,0.001962141699407942,0.002570633122052949,0.001716562638992347,8.141735918397843E-4,0.002869367449054266,1.0,0.0070922131098766755,3.4065830640849485E-5,0.0026843604635129826,0.006396783692310441,0.004073423379283576,0.002277331514314392,0.008287142561559845,0.001987419004429419,0.0010121179020809905,9.695477962111754E-4,0.0011771617876604606,0.002352848386362558,2.9995554939078826E-4,0.001015639775527109,0.002290714609514321,0.0017021671640899776],[7.023691673143169E-4,0.009224965413897805,0.003756804066964374,0.0068844800570395485,0.004889981077432047,0.0042800193813563965,0.014574710941834417,0.00929847433703723,0.0026924005624908705,0.004788571395019705,0.008560713328302714,0.01029168117198492,0.0024812770842574917,0.006815448347108984,0.006039498544254196,0.010288595574410161,0.008077693571096353,0.005012497656131651,0.01267292175259575,0.0027346225175637036,0.007188818553344581,0.002590820552314986,0.004718994539940558,0.009126755667248989,0.008227427603743294,0.010875500281441847,0.005880760200980583,5.963228493147052E-4,0.0045626116767052555,0.005333436031439411,2.2415245337107926E-4,0.0030641116574553454,0.0030351942186554494,0.0070922131098766755,1.0,0.008405379328540966,0.008569074666380832,0.008767271406787201,0.011096134589202193,0.00815501659711263,0.010439394244900195,0.008433511414351775,0.0031163319460354322,0.007427031696888572,0.002480531467085869,0.0057952454875030285,0.002303009007034001,0.0038905267269105075,0.008683816541419013,0.007800009562632135],[2.399033638172803E-5,3.5650771909989594E-5,5.947560108568818E-4,6.401305382801275E-5,9.044305576955795E-5,2.6258447020166527E-5,0.007205828413194935,6.553994603519784E-5,1.7343572760249463E-4,3.855416978416794E-5,4.4456463767600883E-4,0.009190750143391022,3.764371584766199E-4,2.0170143112228304E-5,6.052603729211816E-5,6.371515762304628E-5,4.258482473266733E-5,1.3570339158082664E-4,0.007980924557850669,0.0012047394674802956,0.0013452759311355508,6.196245247057302E-4,2.8118719250829177E-5,3.6292285258919576E-4,8.858525929780764E-5,0.00980000581343834,1.3621161026580153E-4,3.102209825414046E-4,1.1863658019402487E-5,1.2532021229053007E-4,3.2532640931891544E-5,5.202256411527492E-5,6.746097066278207E-4,3.4065830640849485E-5,0.008405379328540966,1.0,8.952765128173278E-5,0.003934095940158395,0.0015636683664981572,8.478076125855184E-5,0.0023476653184975635,0.0016482696174940934,9.137399062978882E-5,1.825921722613919E-4,2.3385635285520052E-5,1.879402410228615E-5,1.263412086053585E-4,2.2962731036487924E-5,3.161583683580717E-5,1.8927260068308374E-5],[5.285916805156388E-5,1.1982117891301237E-4,0.0010701859734510062,1.1405894876261415E-4,2.486615912185346E-4,3.658620536015818E-5,0.00867471021497124,9.124940362675271E-5,2.0648251584954016E-4,1.2665077126229366E-4,0.0012046937421237435,2.1131240345346658E-4,0.001046408451638103,1.777752000177193E-5,1.2653290729642657E-4,2.541483142897566E-4,9.511469642506378E-4,1.3656216880199269E-4,0.004586944055252879,0.0020160470781024273,0.0013512231237146058,5.388685060657254E-4,9.235564356884549E-5,2.1937685808303824E-4,1.1300801687930186E-4,0.0021300147172740483,1.2177782613511263E-4,1.944343487246774E-4,8.46490650851694E-5,1.737241866730823E-4,6.690363862893472E-5,1.1735215445492335E-4,1.9710633213937192E-4,0.0026843604635129826,0.008569074666380832,8.952765128173278E-5,1.0,0.007131713223305739,0.010531707641194448,1.0656764490284494E-4,0.006732278935235427,0.0011797569903182808,1.2862526189376172E-4,1.509217303691669E-4,5.9706701410034547E-5,4.694334751504963E-5,1.287861728578484E-4,3.492893506230096E-5,1.523107141267024E-4,4.822262451470873E-5],[0.006708663137521396,0.0059351274342717576,0.006588207701211131,0.0018516908493999306,5.583913867998663E-4,0.003155189252924539,0.010929245587796045,0.002686462519924643,0.00563339835812039,0.005792169886944895,0.004124947669475453,0.009026389871850895,0.0027494133279301024,0.004607729689566896,0.007016083975248494,0.004938350055808003,0.0029926347594460235,0.003385498675037927,0.012676215132098006,0.002214928355136924,0.00665150482535156,0.007462410264828179,0.003445050485447243,0.0034429028953645202,0.0066237989072147,0.008459953947762125,0.0037502328694680133,0.005620267860650164,0.004089344306598838,0.00512444769884059,8.634348760588596E-4,0.006832197583114792,0.003879029291187347,0.006396783692310441,0.008767271406787201,0.003934095940158395,0.007131713223305739,1.0,0.00938671374297434,0.00464111169061568,0.019006637425142466,0.00265925258477491,0.0018586865142465486,0.0027638659265742716,0.0021243930072718073,0.004774330804456793,0.00544655062874358,0.00552365267611877,0.0026427997742872905,5.532069227447262E-4],[0.007799354475237231,0.005583924944858006,0.012340429