[[1.0,2.4239056145622148E-5,7.84240865745092E-4,0.001846757654840037,7.645873632130149E-5,5.168983776370614E-4,0.010516850508422495,0.002013816090547062,0.00831422952683029,6.301710086086439E-5,1.409089861953761E-5,0.0024694081959143045,3.761212121763814E-5,8.825103047259825E-5,6.159052453495382E-4,6.860527074215052E-4,1.3147988705850997E-4,9.275042608192105E-4,0.001763540501281456,1.610082021014692E-5,1.5055683471979204E-5,5.9960990397442045E-5,0.05328258612298393,2.271710545550722E-5,4.208151742971351E-5,0.001932753254616661,2.5750863607227406E-5,8.370152957488554E-4,0.01767382501028681,3.1097447863144784E-4,2.4090314014310012E-5,6.172819084763507E-5,4.1045858082663685E-5,0.0016594695285681554,0.0037973428878025285,0.0012616715238417742,0.0017282845220849543,0.001345225555208734,0.06088229938276532,6.505334795020354E-4,4.165401035443104E-5,1.9860067881544272E-4,3.21792026446699E-4,8.21621083614694E-4,3.0466581367609377E-5,9.303087773890748E-5,3.3909721363392317E-4,9.479753229999527E-5],[2.4239056145622148E-5,1.0,5.153057002691041E-4,2.773189904856185E-4,5.702434100574994E-5,5.036630940198087E-4,0.007445870263826517,0.003077846445693903,0.010371452522968762,8.646711371449348E-5,1.4752979866147157E-5,0.0018538465796868121,1.0654395701996687E-4,3.5244431438117264E-5,5.060773111193301E-4,3.789520266387093E-4,1.9806958489313934E-4,0.0010676380657246125,0.004220017161471947,2.546569544629724E-5,2.428069996179794E-5,3.831974715851165E-5,0.028722915329340577,2.8349297114630515E-5,1.1141095478788238E-4,0.001577103027145407,8.892887717123528E-5,5.69035263095272E-4,0.013465165630696586,0.0013646417104021666,7.529409451987739E-5,4.841350301061393E-5,4.320577868035327E-5,0.001933085612243729,0.0033806822467924483,8.285928401280808E-4,0.0010789999360772584,0.0010242740537810024,0.03312602504730179,2.9266232194005395E-4,3.938670859910463E-5,2.0301801140457687E-4,5.826931643460429E-4,0.001080685985926514,3.268469512670495E-5,4.2333320605726296E-5,3.960902343512482E-4,7.329047707594376E-5],[7.84240865745092E-4,5.153057002691041E-4,1.0,0.0018573301732861644,5.236562873337626E-4,8.670273179918757E-4,0.007698899170743536,0.0027449332595732897,0.0073388675504419635,0.0014884094516719184,7.211444964705129E-4,0.0022856899955087436,0.001499128859448587,1.4196256259902857E-4,0.0010293386348984382,0.001036988145823109,9.832569455015682E-4,0.0015548995133016293,0.005062041750043416,0.001658931885884844,9.212288255597242E-4,6.324934708893875E-4,0.006323919680129489,0.001287404067630077,7.974850719524079E-4,0.0022774986404090246,0.0012306994103600608,0.001692676674332946,0.01704538031356028,0.0017168981619590728,4.959465972043098E-4,8.408896236352557E-4,4.752528968813882E-4,0.0019551168131165665,0.00412651054160772,0.0017854599696641735,0.002057836560682865,0.003080587216883056,0.05161361860039656,0.0014905578128010686,0.0013796708532920988,4.280851245478145E-4,0.00128253661161871,0.001690258575202116,4.913716834667499E-4,2.7448825920932255E-4,5.649277389902286E-4,0.0016790040275583146],[0.001846757654840037,2.773189904856185E-4,0.0018573301732861644,1.0,0.0018141559190658278,0.0020159830595500748,0.005634553888212018,0.002888195589905662,0.012068979667541318,0.0015233707891722811,6.32712657315711E-4,0.002366201062634808,0.0015743096874032592,0.0013116451061999902,0.001736364800896428,0.0014328507845414377,0.001069557231175716,0.0018175539121467715,0.005266675112378799,0.0018502271537049666,0.0012847129706353643,6.382732086525909E-4,0.027358164799939206,8.350931356657634E-4,6.346770074865464E-4,0.0030589476170442675,0.001121437534577099,0.0014269049653123133,0.006426469146813112,0.0016639735687596316,3.0995355400284405E-4,0.0018004209912616984,0.001238697196122775,0.0021128787240703366,0.003936381539842208,0.0026284397354898394,0.002149253333325084,0.0026662037732941607,0.05074849141774445,0.001223306333001661,0.0015279317754274457,7.712666483998688E-4,0.0017393938725633964,0.0016928685798595921,0.0013075096722259968,0.0012134918016564263,5.724056590582325E-4,0.0018939675619733018],[7.645873632130149E-5,5.702434100574994E-5,5.236562873337626E-4,0.0018141559190658278,1.0,1.222011810543374E-4,0.0018404381721032835,1.8900285570914045E-4,0.0015831871812607811,1.328160832871201E-4,4.4632552730298064E-5,0.0021591029047910684,1.184954096087132E-4,1.0454020009230336E-4,1.1107265285537802E-4,6.102272946920285E-4,1.8400714333551365E-4,6.086834335099248E-4,0.005396104970640899,4.737408432597978E-5,6.459669492459095E-5,1.0638771345351485E-4,0.05579762855216678,6.787778740563577E-5,1.0932822899759055E-4,0.0020922366139917705,1.2708293065800657E-4,6.775714684041363E-4,0.011451516070957806,0.0012667889922621603,1.0853758095724656E-4,1.0032108353795732E-4,5.173896299043498E-5,0.0014885896990369733,0.0021126746446919567,0.0012787497295057408,2.5879736664469313E-4,0.0027768892147075563,0.05566008981881479,6.195863917278339E-4,2.1655267287488305E-4,1.0546798309108996E-4,4.781270165851412E-4,3.116202365681622E-4,9.313856283637575E-5,1.124739968785097E-4,2.458298603838983E-4,1.4041484799893954E-4],[5.168983776370614E-4,5.036630940198087E-4,8.670273179918757E-4,0.0020159830595500748,1.222011810543374E-4,1.0,0.008633697221486323,0.0011928681980681185,0.005427862182122237,2.613110238276641E-4,1.4056523286514285E-4,0.0024627350260447768,1.8865491993844146E-4,2.714057867664336E-4,7.728055805445648E-4,9.137137294547189E-4,4.900320715255309E-4,0.0011504106424641987,0.0017089756309814968,3.1630491181055523E-4,9.56891817215536E-5,5.024375886232392E-4,0.04241235677660453,1.3836579496012807E-4,5.002021828794147E-4,0.0030398875719320545,2.980449307178005E-4,8.022941270325373E-4,0.014697435598286214,5.819605895860218E-4,1.8329449481737856E-4,3.9421472398365134E-4,5.02974645296142E-4,8.589228816414808E-4,0.001807717631693786,0.001345529876126159,0.0018020166598374406,0.002909887408646239,0.06511834094073035,6.093686873154844E-4,2.82452867184833E-4,4.1991859208682496E-4,0.0010270433925354517,6.869932853641842E-4,4.017416428481234E-4,2.993280327666767E-4,5.178468426861776E-4,2.2475178959918094E-4],[0.010516850508422495,0.007445870263826517,0.007698899170743536,0.005634553888212018,0.0018404381721032835,0.008633697221486323,1.0,0.007150259945977144,0.012748278232523743,0.008866491588576886,0.008993111133862334,0.0038618626562549364,0.012482663791574648,0.00533596915755267,0.0019298623919160357,0.011482425739216404,0.010472548488821632,0.009475215740200816,0.010549439025218068,0.00678339539748411,9.144068844648412E-4,0.0035367697031382117,0.06256163958126777,0.0023561742989106297,0.0041858273522878105,0.007503979074305826,0.009106591210410393,0.009303106824329823,0.015474505362193552,0.0035715032215871707,0.01251364732166103,0.011436239849128692,0.011591717123686562,0.005668519456623703,0.004904232408251328,0.010945881370320185,0.005365165218690017,0.0038636423440803107,0.026243393273560497,0.003914875001223148,0.003111138245580058,3.022630948641761E-4,0.005666967056086303,0.002057541602928879,0.0032718973739562017,0.0019705460455797207,0.001323551582903018,0.009158176239823894],[0.002013816090547062,0.003077846445693903,0.0027449332595732897,0.002888195589905662,1.8900285570914045E-4,0.0011928681980681185,0.007150259945977144,1.0,0.006987989936460773,2.9850811354666215E-4,0.002856060611538161,0.002697603024973699,3.0961903502525165E-4,0.0025738137523965555,0.0025746537681666367,0.0021382568593977325,0.0025223533002819687,0.0024582814195059067,0.005237883285495397,0.0031630246267455565,0.0015221901504735606,0.0018385638536107772,0.04408994943843226,0.001114754429849958,4.919340253654179E-4,0.0032193717651900094,0.0013909600551138455,0.003043179368194428,0.010159028916004773,0.0024142145983236662,8.849656058491903E-4,9.671503305665618E-4,5.967150480361887E-4,0.002567180647749206,0.0033700747680072522,0.003055824271765313,0.002189099652232208,0.0033338025478660224,0.03338149136996401,0.0022926512284914538,0.0013743891949815118,0.002699059762846175,0.0022916056699186817,0.002846490331421107,0.0031051258894373218,0.0020210075462049064,0.002446632989834967,0.0019026806678791178],[0.00831422952683029,0.010371452522968762,0.0073388675504419635,0.012068979667541318,0.0015831871812607811,0.005427862182122237,0.012748278232523743,0.006987989936460773,1.0,0.010028260291126957,7.02846652367052E-5,0.010607668927090023,0.0018698480381389721,0.006595824161910287,0.009762642799635932,0.004708692839998983,0.005345548936339164,0.004716922292398382,0.011769328626380075,0.002847202174427015,0.003437100912004136,0.0016970798127691586,0.05713338240413922,0.00934312974867013,0.0038111082832870524,0.011140030865107129,0.001778782312618465,0.0023630307904863863,0.017395244065357713,0.003572879584415393,0.004305797224812555,0.007425786477381946,2.6947527771428633E-4,0.0029464931196018437,0.005329130999120036,0.0066039640917263335,0.0075487242275223895,0.004176863700092451,0.05085750179108174,0.009823809389370022,5.171981805807398E-4,0.0027150945773661717,0.009296458726854296,0.007234054584788519,0.00955563754981596,0.0023058453418089075,0.010015801860516163,0.004017942575234618],[6.301710086086439E-5,8.646711371449348E-5,0.0014884094516719184,0.0015233707891722811,1.328160832871201E-4,2.613110238276641E-4,0.008866491588576886,2.9850811354666215E-4,0.010028260291126957,1.0,5.702342927073759E-5,3.1060415124007225E-4,1.2542659173909331E-4,1.0700468792170068E-4,9.512863858326605E-4,6.615245933238046E-4,1.982711645173036E-4,8.224720003249854E-4,0.0050410606227605185,1.2849408468964017E-4,8.566803594966488E-5,1.3616379951327643E-4,0.04195015787034366,1.2651345809400758E-4,2.81114844511838E-4,0.00160731772898322,1.3573144118853158E-4,4.3468862767731954E-4,0.007681180573466919,0.0013619057789502744,1.303622263216557E-4,1.3238660141607896E-4,9.339286487551442E-5,0.0017642629383358365,0.0022741839975333467,0.0027382761573901595,0.0016547396578583298,0.0026711427697209446,0.020966535315836712,2.6907883044844955E-4,1.5751807173983637E-4,1.8198863004571854E-4,1.7731892395952509E-4,7.001372142760496E-4,1.0369252884628619E-4,1.342277695051175E-4,5.061257273574221E-4,1.563820607827578E-4],[1.409089861953761E-5,1.4752979866147157E-5,7.211444964705129E-4,6.32712657315711E-4,4.4632552730298064E-5,1.4056523286514285E-4,0.008993111133862334,0.002856060611538161,7.02846652367052E-5,5.702342927073759E-5,1.0,8.028616709659467E-5,1.1096214602112102E-4,2.415517050006001E-5,9.228389961076891E-4,3.2518958218696615E-4,1.3290444088560235E-5,8.213126795347824E-4,0.0017402279206171123,1.301670455656121E-5,1.409417048399713E-5,7.152519092863247E-5,0.01959326034565705,1.363600805861934E-5,9.441062147684301E-5,0.0027285914888317804,7.637979049944327E-5,1.1378698045273347E-4,0.018616364694631016,0.0011611553218084675,4.552558767374292E-5,3.746686975670697E-5,4.110838165439481E-5,0.0014830392940800294,0.0028687198706441094,0.0020516743531461103,2.244149723124686E-4,0.003217825466843176,0.07326291324676427,4.847481771016374E-4,1.838106864459203E-4,3.1484636126602205E-5,2.3802805762475504E-5,4.1065010471789883E-4,1.4744831150963629E-5,6.733187300644868E-5,9.23578676901254E-5,2.6138043555159997E-5],[0.0024694081959143045,0.0018538465796868121,0.0022856899955087436,0.002366201062634808,0.0021591029047910684,0.0024627350260447768,0.0038618626562549364,0.002697603024973699,0.010607668927090023,3.1060415124007225E-4,8.028616709659467E-5,1.0,0.0012523036421138653,0.0024647861618768653,0.0011145663763547893,0.0025620381089429237,6.282600775647921E-4,0.001749767847519914,0.004961376373702949,4.8008475348007215E-4,0.0010053816286946695,5.102630303765003E-4,0.002687555590249869,0.0015371271736651618,0.002569661604776006,0.0032201167487065016,6.79396977532122E-4,0.002463267137787878,0.01885424230886282,0.0015608955854281756,2.1140104194663817E-4,0.0012647146116149743,0.0015238144041471236,0.002134379350275321,0.003772664401788712,0.0026566381426346057,0.002176982043554495,0.002694411857111737,0.03385306273201911,0.0016105347711903321,9.00946515122669E-4,0.002103993238605705,0.0018079062816868346,0.0013871196174752706,0.0013225958601863408,7.451050838838193E-4,0.001632148051572291,0.0022718326589982163],[3.761212121763814E-5,1.0654395701996687E-4,0.001499128859448587,0.0015743096874032592,1.184954096087132E-4,1.8865491993844146E-4,0.012482663791574648,3.0961903502525165E-4,0.0018698480381389721,1.2542659173909331E-4,1.1096214602112102E-4,0.0012523036421138653,1.0,1.0979092803703903E-4,7.545743762167027E-4,4.1258664048103057E-4,1.3457359886323388E-4,6.990723438383495E-4,0.003149343041999189,8.34445936892178E-5,4.42773232724231E-5,1.2478709576343249E-4,0.04594084051343724,7.430067735525393E-5,3.216888411358298E-4,0.0021156972173560543,1.2686358544286943E-4,9.743340178789677E-4,0.02055715088762805,5.223079387495605E-4,1.2122617773865727E-4,8.570659568904573E-5,6.256434417954685E-5,0.00110051717969143,0.0019533365800699083,0.0016214661068381841,0.001953428347544465,0.0010696604712578251,0.0126472924315116,2.6675169439301517E-4,1.8777194682357667E-4,1.6680036348037572E-4,0.0010028115012551502,5.509448234777006E-4,6.274145373221749E-5,1.2138648307444865E-4,4.614801398925393E-4,1.5820599244262113E-4],[8.825103047259825E-5,3.5244431438117264E-5,1.4196256259902857E-4,0.0013116451061999902,1.0454020009230336E-4,2.714057867664336E-4,0.00533596915755267,0.0025738137523965555,0.006595824161910287,1.0700468792170068E-4,2.415517050006001E-5,0.0024647861618768653,1.0979092803703903E-4,1.0,6.434148707655297E-4,2.528450088652377E-4,2.142907402846732E-4,4.502612189311504E-4,0.001897968439666663,9.875168901129785E-5,1.9335485021896673E-5,1.1884672005068346E-4,0.023843303977108037,8.380136055827912E-5,3.2443187907350173E-4,0.0019004856905855958,1.202950536356101E-4,8.007335069193869E-4,0.01925264209962412,1.5505856249040638E-4,1.0783491167039739E-4,1.029522469931342E-4,8.817122847780572E-5,0.0014089939042996069,0.003622461690710572,0.002707229457781228,3.767700483261659E-4,0.003192717976134642,0.05424435194384682,1.0512601989786315E-4,1.3615086193221E-4,1.9248104294620282E-4,2.6026948354013516E-4,4.4447576642807406E-4,7.798193010675087E-5,1.0583280216956948E-4,3.172390931877073E-4,1.5908212481721606E-4],[6.159052453495382E-4,5.060773111193301E-4,0.0010293386348984382,0.001736364800896428,1.1107265285537802E-4,7.728055805445648E-4,0.0019298623919160357,0.0025746537681666367,0.009762642799635932,9.512863858326605E-4,9.228389961076891E-4,0.0011145663763547893,7.545743762167027E-4,6.434148707655297E-4,1.0,9.847065573214756E-4,5.152023674037982E-4,0.0010121442765685692,0.0011969229760990865,9.791833517478724E-4,6.447144033349456E-4,6.134319769692752E-4,0.01751659039905836,8.726936996812497E-4,5.929320824057038E-4,0.0022103706744249605,9.844055000727075E-4,0.0010088128150643584,0.005776209860345412,0.0011000966021987887,6.774873961611017E-4,8.68574849105288E-4,5.37206239820972E-4,0.0016109737654555118,0.0028375781625483236,0.0026683324692881507,0.0017217733313042263,0.0011430023933775679,0.05025614745448726,7.649928821745197E-4,9.810076049283918E-4,8.973993525640115E-4,0.0010100199442324997,0.0010276683775420961,3.088544686927253E-4,9.587027742385066E-4,6.837037518462416E-4,9.025638964576813E-4],[6.860527074215052E-4,3.789520266387093E-4,0.001036988145823109,0.0014328507845414377,6.102272946920285E-4,9.137137294547189E-4,0.011482425739216404,0.0021382568593977325,0.004708692839998983,6.615245933238046E-4,3.2518958218696615E-4,0.0025620381089429237,4.1258664048103057E-4,2.528450088652377E-4,9.847065573214756E-4,1.0,2.1910836818480285E-4,0.0010874395828536576,0.004869362031027864,7.420185192731819E-4,6.222889029358658E-4,7.514792068890114E-4,0.06797830292594885,3.357893694650054E-4,7.250164749830496E-4,0.0014379145656280888,5.382035671152647E-4,0.0010546819124195343,0.009308717691615356,0.0014881608951688129,7.633637770349887E-4,5.135942817607296E-4,8.42820270714384E-4,0.001861106759001654,0.003320399146504423,0.002490376377516482,0.0010386315242142806,0.0030930321251200184,0.04577959818943157,9.061199306465882E-4,6.551256707243077E-4,2.638342923272744E-4,0.0010204791342189568,0.0011013083564212858,7.455929513323082E-4,5.72162855459524E-4,7.869689797808466E-4,8.691597073076474E-4],[1.3147988705850997E-4,1.9806958489313934E-4,9.832569455015682E-4,0.001069557231175716,1.8400714333551365E-4,4.900320715255309E-4,0.010472548488821632,0.0025223533002819687,0.005345548936339164,1.982711645173036E-4,1.3290444088560235E-5,6.282600775647921E-4,1.3457359886323388E-4,2.142907402846732E-4,5.152023674037982E-4,2.1910836818480285E-4,1.0,6.339994006589609E-4,0.005451008395837395,9.105563417898628E-5,2.075146168591017E-4,2.0804383024376744E-4,0.015064796513720566,1.3218698826775177E-4,2.524835380119545E-4,0.0012762647728274154,2.1719749264207476E-4,9.084665479675806E-4,0.005619556668110904,0.0014175595292397875,1.2948100751493708E-4,1.5393601447489396E-4,5.0910473126078624E-5,0.0018153366506839228,0.0025488161637927755,6.711378246881107E-4,5.587791785567862E-4,0.0015884997699621944,0.06192473386735286,4.284051087890372E-4,2.1899870684338957E-4,2.212242963041123E-4,3.035054386956008E-4,0.0011007764166583128,9.0853622924004E-5,1.965701623033467E-4,2.4230941158296578E-4,2.1383773436803766E-4],[9.275042608192105E-4,0.0010676380657246125,0.0015548995133016293,0.0018175539121467715,6.086834335099248E-4,0.0011504106424641987,0.009475215740200816,0.0024582814195059067,0.004716922292398382,8.224720003249854E-4,8.213126795347824E-4,0.001749767847519914,6.990723438383495E-4,4.502612189311504E-4,0.0010121442765685692,0.0010874395828536576,6.339994006589609E-4,1.0,0.0016188329342929951,7.611031943091355E-4,0.001231858227783989,0.0013305950562073755,0.03008229605749995,0.0013439768322904303,0.0010257489740446901,0.0028187445682798396,0.0012522064766055546,0.0011622144880619567,0.011112805357472987,0.0015140609636848977,0.001038640364532311,7.810730417094035E-4,1.4511365007306687E-4,0.0015434873992777398,0.0015306306193209702,0.002860645167053923,0.0016519212660837676,0.0018079924871573188,0.02732552472211788,9.364691419139834E-4,4.215623548605693E-4,0.0012668443325374202,0.0010909168251691341,0.001172195992560833,0.001007139164271562,8.17618727742131E-4,9.168272015350641E-4,9.928821178534334E-4],[0.001763540501281456,0.004220017161471947,0.005062041750043416,0.005266675112378799,0.005396104970640899,0.0017089756309814968,0.010549439025218068,0.005237883285495397,0.011769328626380075,0.0050410606227605185,0.0017402279206171123,0.004961376373702949,0.003149343041999189,0.001897968439666663,0.0011969229760990865,0.004869362031027864,0.005451008395837395,0.0016188329342929951,1.0,0.0032644461315583413,8.54255568575982E-4,0.005444457265294023,0.0435090653057846,0.0020424090445894266,0.004978225899819323,0.00378061543069233,0.003948239714958844,0.003451331345759644,0.017058153291789686,0.005622335466123871,0.0022274749939066077,0.0013017043165559562,0.0038088121829572123,0.0035041842196012673,0.005318303153062465,0.004626554523045131,0.0054662974833153645,0.004870689948852728,0.027291693849381144,0.006020601731990929,4.1558377814948763E-4,0.005494642612288304,0.004441979724335125,0.004383365035654898,0.005425290827044474,0.005771765885346677,0.003718068005850265,0.004109450496758548],[1.610082021014692E-5,2.546569544629724E-5,0.001658931885884844,0.0018502271537049666,4.737408432597978E-5,3.1630491181055523E-4,0.00678339539748411,0.0031630246267455565,0.002847202174427015,1.2849408468964017E-4,1.301670455656121E-5,4.8008475348007215E-4,8.34445936892178E-5,9.875168901129785E-5,9.791833517478724E-4,7.420185192731819E-4,9.105563417898628E-5,7.611031943091355E-4,0.0032644461315583413,1.0,1.8905976947356667E-5,5.713952627646607E-5,0.06217799631209885,2.7645465964014952E-5,1.8549257700123457E-4,0.003171280313975956,6.368188169452113E-5,9.816670177932034E-4,3.0676951789825036E-4,4.708712164625368E-4,5.595924453093314E-5,5.533009959856344E-5,3.035304195638491E-5,4.565001969396483E-4,0.002445358526410403,0.001375743758180675,4.51868642321126E-4,0.0020273341102032016,0.011337057202681864,4.2751435703836896E-4,1.50945428457873E-4,2.0712193984188617E-4,5.659320059503962E-4,6.424924206075711E-4,3.198141777018212E-5,4.3272754286031945E-5,1.6383585638271917E-4,2.133964939869743E-5],[1.5055683471979204E-5,2.428069996179794E-5,9.212288255597242E-4,0.0012847129706353643,6.459669492459095E-5,9.56891817215536E-5,9.144068844648412E-4,0.0015221901504735606,0.003437100912004136,8.566803594966488E-5,1.409417048399713E-5,0.0010053816286946695,4.42773232724231E-5,1.9335485021896673E-5,6.447144033349456E-4,6.222889029358658E-4,2.075146168591017E-4,0.001231858227783989,8.54255568575982E-4,1.8905976947356667E-5,1.0,9.847538901140333E-5,0.046879931494984046,2.7792105807363414E-5,3.66361254687771E-4,0.0010580527232689773,8.488438346111868E-5,2.533611113753782E-4,0.016876338059233425,0.0013896133217177011,1.0600638320224077E-4,6.797919889867953E-5,2.888482750229447E-5,7.494535598844643E-4,1.8104038212870781E-4,0.002307464909240003,1.866860522768104E-4,0.0029633424630023278,0.04988348463786466,1.2606523877149522E-4,1.7360665618646042E-4,9.642140698676603E-5,4.179667966054855E-4,9.73758041623578E-4,3.4329740413949596E-5,5.930307653961168E-5,4.1319875132662714E-4,1.512050559372772E-4],[5.9960990397442045E-5,3.831974715851165E-5,6.324934708893875E-4,6.382732086525909E-4,1.0638771345351485E-4,5.024375886232392E-4,0.0035367697031382117,0.0018385638536107772,0.0016970798127691586,1.3616379951327643E-4,7.152519092863247E-5,5.102630303765003E-4,1.2478709576343249E-4,1.1884672005068346E-4,6.134319769692752E-4,7.514792068890114E-4,2.0804383024376744E-4,0.0013305950562073755,0.005444457265294023,5.713952627646607E-5,9.847538901140333E-5,1.0,0.07306313274882699,7.1261448551132E-5,2.0844678230808625E-4,0.0015765017299460924,1.2340810711997688E-4,9.499616287121998E-4,0.002844341421077323,3.0379550610103547E-4,1.1071831402126092E-4,1.2270862616743324E-4,1.0418262432682777E-4,5.381153610813919E-4,0.004011664518037223,0.002663923082880472,0.0013706460607491974,0.0021180460552136476,0.07038741646887936,3.290446772490998E-4,1.293762891356614E-4,1.539251510959769E-4,7.928866694412558E-4,2.544738268209761E-4,8.679070817803518E-5,1.2136409886903485E-4,1.540023384738474E-4,1.4548570544946815E-4],[0.05328258612298393,0.028722915329340577,0.006323919680129489,0.027358164799939206,0.05579762855216678,0.04241235677660453,0.06256163958126777,0.04408994943843226,0.05713338240413922,0.04195015787034366,0.01959326034565705,0.002687555590249869,0.04594084051343724,0.023843303977108037,0.01751659039905836,0.06797830292594885,0.015064796513720566,0.03008229605749995,0.0435090653057846,0.06217799631209885,0.046879931494984046,0.07306313274882699,1.0,0.03982389938913435,0.03475599535639898,0.07019996607904072,0.011683296009762976,0.037140091778602995,0.0640589434217108,0.07188864144045608,0.018650554623728895,0.0636297427177017,0.06251619995111726,0.02996405487829551,0.019637654611711602,0.05543882922344015,0.04340068952203826,0.060135873392778455,0.07692307692307693,0.06281034863990621,0.02273133663566695,0.07570824266942752,0.01127713459741259,0.018804607710082667,0.008945864343498864,0.03492737705994437,0.055561646574696935,0.04085297333589522],[2.271710545550722E-5,2.8349297114630515E-5,0.001287404067630077,8.350931356657634E-4,6.787778740563577E-5,1.3836579496012807E-4,0.0023561742989106297,0.001114754429849958,0.00934312974867013,1.2651345809400758E-4,1.363600805861934E-5,0.0015371271736651618,7.430067735525393E-5,8.380136055827912E-5,8.726936996812497E-4,3.357893694650054E-4,1.3218698826775177E-4,0.0013439768322904303,0.0020424090445894266,2.7645465964014952E-5,2.7792105807363414E-5,7.1261448551132E-5,0.03982389938913435,1.0,1.0932834150831381E-4,4.835682528590636E-4,1.0925139886761896E-4,8.528771526952018E-4,0.00523958842029025,9.700043239037445E-4,9.907609382682722E-5,5.0049476038866246E-5,2.8619355011356004E-5,2.874851038225134E-4,5.883469027960502E-4,5.869095348536902E-4,3.2290598361539086E-5,0.0014112677469427467,0.07196520129668972,1.9092850445247614E-4,1.1063079497400033E-4,4.252611074876673E-5,6.748688119001426E-4,9.578975852026061E-4,3.4094738724048854E-5,7.277607809641793E-5,1.9470923765226323E-4,4.2345777804580944E-5],[4.208151742971351E-5,1.1141095478788238E-4,7.974850719524079E-4,6.346770074865464E-4,1.0932822899759055E-4,5.002021828794147E-4,0.0041858273522878105,4.919340253654179E-4,0.0038111082832870524,2.81114844511838E-4,9.441062147684301E-5,0.002569661604776006,3.216888411358298E-4,3.2443187907350173E-4,5.929320824057038E-4,7.250164749830496E-4,2.524835380119545E-4,0.0010257489740446901,0.004978225899819323,1.8549257700123457E-4,3.66361254687771E-4,2.0844678230808625E-4,0.03475599535639898,1.0932834150831381E-4,1.0,0.0016464485448447496,3.2418118732417277E-4,7.290225680680533E-4,0.006189538793888413,0.0015170860921659918,3.427077665660586E-4,3.682317036594458E-4,1.9851284878146812E-4,4.7267839569644667E-4,0.0025399906994570997,0.0015622685700286635,0.0017707157351694498,0.001593992585998213,0.0644421980793681,5.965733470720159E-4,2.3105130006063467E-4,2.692096152581356E-4,3.878448243427118E-4,4.385519139127459E-4,6.482613409096071E-5,1.4077302927032828E-4,5.02154142968707E-4,3.226886996977336E-4],[0.001932753254616661,0.001577103027145407,0.0022774986404090246,0.0030589476170442675,0.0020922366139917705,0.0030398875719320545,0.007503979074305826,0.0032193717651900094,0.011140030865107129,0.00160731772898322,0.0027285914888317804,0.0032201167487065016,0.0021156972173560543,0.0019004856905855958,0.0022103706744249605,0.0014379145656280888,0.0012762647728274154,0.0028187445682798396,0.00378061543069233,0.003171280313975956,0.0010580527232689773,0.0015765017299460924,0.07019996607904072,4.835682528590636E-4,0.0016464485448447496,1.0,0.0017198779161096153,0.001703707425908424,0.009374299724125396,0.0015351055441296896,0.0019695786128395695,0.0015478890492755103,0.0027083079681177063,0.002596238867596759,0.003628377691777722,0.00304897064945295,0.0027561188117242058,0.0033040352576906135,0.02214271386961697,0.0030933284001422186,7.072395002491165E-4,7.281504734510935E-4,0.001973556299548397,0.003009992539704078,0.002358441214312171,0.0029824769394237397,9.241389161946304E-4,3.80073555558527E-4],[2.5750863607227406E-5,8.892887717123528E-5,0.0012306994103600608,0.001121437534577099,1.2708293065800657E-4,2.980449307178005E-4,0.009106591210410393,0.0013909600551138455,0.001778782312618465,1.3573144118853158E-4,7.637979049944327E-5,6.79396977532122E-4,1.2686358544286943E-4,1.202950536356101E-4,9.844055000727075E-4,5.382035671152647E-4,2.1719749264207476E-4,0.0012522064766055546,0.003948239714958844,6.368188169452113E-5,8.488438346111868E-5,1.2340810711997688E-4,0.011683296009762976,1.0925139886761896E-4,3.2418118732417277E-4,0.0017198779161096153,1.0,6.262127639112738E-4,0.010566846062450917,6.116173909621799E-4,1.1118052443974898E-4,8.929456021444046E-5,9.449942313849338E-5,1.602121610650044E-4,0.0035555533056039522,0.0017189353397011238,0.0020393969226568834,0.002837139099766525,0.06640518750180062,2.226132499216239E-4,1.9556687162702668E-4,1.5218130761562567E-4,8.663139108557559E-4,8.854835587332466E-4,4.1102926250493033E-5,1.2124237017889687E-4,4.5516492470902895E-4,1.5711618252636894E-4],[8.370152957488554E-4,5.69035263095272E-4,0.001692676674332946,0.0014269049653123133,6.775714684041363E-4,8.022941270325373E-4,0.009303106824329823,0.003043179368194428,0.0023630307904863863,4.3468862767731954E-4,1.1378698045273347E-4,0.002463267137787878,9.743340178789677E-4,8.007335069193869E-4,0.0010088128150643584,0.0010546819124195343,9.084665479675806E-4,0.0011622144880619567,0.003451331345759644,9.816670177932034E-4,2.533611113753782E-4,9.499616287121998E-4,0.037140091778602995,8.528771526952018E-4,7.290225680680533E-4,0.001703707425908424,6.262127639112738E-4,1.0,0.006775289878118418,0.0014346386534958315,4.8059808793840796E-4,6.581091023946793E-4,3.105891774301094E-4,0.0015821692791296903,0.0020441401629587475,0.0013359111938175256,0.0020341812592618515,0.0016920260835600746,0.00990746669857259,8.475859011382699E-4,2.5614372230230896E-4,5.277602357221006E-4,0.0010578173434669593,0.0011338917001901606,0.0010476156856492015,1.202459039405138E-4,6.318722454436887E-4,8.008231125602362E-4],[0.01767382501028681,0.013465165630696586,0.01704538031356028,0.006426469146813112,0.011451516070957806,0.014697435598286214,0.015474505362193552,0.010159028916004773,0.017395244065357713,0.007681180573466919,0.018616364694631016,0.01885424230886282,0.02055715088762805,0.01925264209962412,0.005776209860345412,0.009308717691615356,0.005619556668110904,0.011112805357472987,0.017058153291789686,3.0676951789825036E-4,0.016876338059233425,0.002844341421077323,0.0640589434217108,0.00523958842029025,0.006189538793888413,0.009374299724125396,0.010566846062450917,0.006775289878118418,1.0,0.00880214269065145,0.013410338389845011,1.4633285630597236E-4,0.01245579229907955,0.013128541937240902,0.004628665348100816,0.015289222422078757,0.0032827168947477687,0.005416667298367243,0.041788562989227174,0.010268700752580646,0.009865590458536857,0.009615486797797819,0.002666705485997443,0.00879220735446892,0.012233933119194245,0.005088634111032765,0.005572089786687465,0.004644985164491931],[3.1097447863144784E-4,0.0013646417104021666,0.0017168981619590728,0.0016639735687596316,0.0012667889922621603,5.819605895860218E-4,0.0035715032215871707,0.0024142145983236662,0.003572879584415393,0.0013619057789502744,0.0011611553218084675,0.0015608955854281756,5.223079387495605E-4,1.5505856249040638E-4,0.0011000966021987887,0.0014881608951688129,0.0014175595292397875,0.0015140609636848977,0.005622335466123871,4.708712164625368E-4,0.0013896133217177011,3.0379550610103547E-4,0.07188864144045608,9.700043239037445E-4,0.0015170860921659918,0.0015351055441296896,6.116173909621799E-4,0.0014346386534958315,0.00880214269065145,1.0,6.624561167133818E-4,0.0014080844387082136,3.8163403159504976E-4,0.0016921060154660304,0.003078254110854665,0.0016287695414367676,0.0016542539736178231,0.0019516714360817138,0.015358188836918472,0.0015200144365607993,9.540867446275022E-4,8.983475488845436E-4,0.0012564535518274661,0.0014082713841722973,0.0013539845890285244,2.345894229686408E-4,9.454350238126917E-4,0.0011021204934628037],[2.4090314014310012E-5,7.529409451987739E-5,4.959465972043098E-4,3.0995355400284405E-4,1.0853758095724656E-4,1.8329449481737856E-4,0.01251364732166103,8.849656058491903E-4,0.004305797224812555,1.303622263216557E-4,4.552558767374292E-5,2.1140104194663817E-4,1.2122617773865727E-4,1.0783491167039739E-4,6.774873961611017E-4,7.633637770349887E-4,1.2948100751493708E-4,0.001038640364532311,0.0022274749939066077,5.595924453093314E-5,1.0600638320224077E-4,1.1071831402126092E-4,0.018650554623728895,9.907609382682722E-5,3.427077665660586E-4,0.0019695786128395695,1.1118052443974898E-4,4.8059808793840796E-4,0.013410338389845011,6.624561167133818E-4,1.0,8.720831055762974E-5,5.856655007590055E-5,8.620978247452047E-4,0.003493071426558292,3.0480629465899915E-4,0.002099829256151942,7.097992680385723E-4,0.012759383072918545,3.8156490519140906E-4,2.1686349138052741E-4,1.5231220476889839E-4,9.322901861892043E-4,5.338591391556479E-4,5.9345410775713895E-5,1.1847810360695553E-4,3.218383851590492E-4,1.1219083771422402E-4],[6.172819084763507E-5,4.841350301061393E-5,8.408896236352557E-4,0.0018004209912616984,1.0032108353795732E-4,3.9421472398365134E-4,0.011436239849128692,9.671503305665618E-4,0.007425786477381946,1.3238660141607896E-4,3.746686975670697E-5,0.0012647146116149743,8.570659568904573E-5,1.029522469931342E-4,8.68574849105288E-4,5.135942817607296E-4,1.5393601447489396E-4,7.810730417094035E-4,0.0013017043165559562,5.533009959856344E-5,6.797919889867953E-5,1.2270862616743324E-4,0.0636297427177017,5.0049476038866246E-5,3.682317036594458E-4,0.0015478890492755103,8.929456021444046E-5,6.581091023946793E-4,1.4633285630597236E-4,0.0014080844387082136,8.720831055762974E-5,1.0,5.950562837250093E-5,0.001880255063921624,0.0016786099273189941,0.0028635839020671175,0.0020059923255580144,2.6434781886880404E-4,0.02399882880995202,4.352281469747513E-4,1.6465531533649256E-4,1.13341498572426E-4,3.023664501278986E-4,7.176419175809611E-4,5.568400382228896E-5,1.1664120731268556E-4,4.2032810571585E-4,1.134381391899036E-4],[4.1045858082663685E-5,4.320577868035327E-5,4.752528968813882E-4,0.001238697196122775,5.173896299043498E-5,5.02974645296142E-4,0.011591717123686562,5.967150480361887E-4,2.6947527771428633E-4,9.339286487551442E-5,4.110838165439481E-5,0.0015238144041471236,6.256434417954685E-5,8.817122847780572E-5,5.37206239820972E-4,8.42820270714384E-4,5.0910473126078624E-5,1.4511365007306687E-4,0.0038088121829572123,3.035304195638491E-5,2.888482750229447E-5,1.0418262432682777E-4,0.06251619995111726,2.8619355011356004E-5,1.9851284878146812E-4,0.0027083079681177063,9.449942313849338E-5,3.105891774301094E-4,0.01245579229907955,3.8163403159504976E-4,5.856655007590055E-5,5.950562837250093E-5,1.0,0.0019343998379766762,5.086601293989876E-4,1.4416944328660665E-4,0.0014345350008830881,5.929354044632954E-4,0.04466655322750713,6.982475568212137E-4,8.960619701622928E-5,1.3995108819231614E-4,4.753431982945389E-4,6.76929531852345E-4,4.1069053288899615E-5,6.762269942951491E-5,3.6920503533128174E-4,1.2190705378235323E-4],[0.0016594695285681554,0.001933085612243729,0.0019551168131165665,0.0021128787240703366,0.0014885896990369733,8.589228816414808E-4,0.005668519456623703,0.002567180647749206,0.0029464931196018437,0.0017642629383358365,0.0014830392940800294,0.002134379350275321,0.00110051717969143,0.0014089939042996069,0.0016109737654555118,0.001861106759001654,0.0018153366506839228,0.0015434873992777398,0.0035041842196012673,4.565001969396483E-4,7.494535598844643E-4,5.381153610813919E-4,0.02996405487829551,2.874851038225134E-4,4.7267839569644667E-4,0.002596238867596759,1.602121610650044E-4,0.0015821692791296903,0.013128541937240902,0.0016921060154660304,8.620978247452047E-4,0.001880255063921624,0.0019343998379766762,1.0,0.002361993606719846,0.002167874754000626,0.0021494663104190035,0.002853257959754384,0.002675595226972546,0.001984232336065983,0.0019048573398138416,0.0017477147682892142,0.0011960031651111576,0.0016938691993306798,7.935685309482042E-4,0.002028993651878365,0.0015866094431477044,0.0015089435799440064],[0.0037973428878025285,0.0033806822467924483,0.00412651054160772,0.003936381539842208,0.0021126746446919567,0.001807717631693786,0.004904232408251328,0.0033700747680072522,0.005329130999120036,0.0022741839975333467,0.0028687198706441094,0.003772664401788712,0.0019533365800699083,0.003622461690710572,0.0028375781625483236,0.003320399146504423,0.0025488161637927755,0.0015306306193209702,0.005318303153062465,0.002445358526410403,1.8104038212870781E-4,0.004011664518037223,0.019637654611711602,5.883469027960502E-4,0.0025399906994570997,0.003628377691777722,0.0035555533056039522,0.0020441401629587475,0.004628665348100816,0.003078254110854665,0.003493071426558292,0.0016786099273189941,5.086601293989876E-4,0.002361993606719846,1.0,0.0040434771517757545,0.003943033076031575,0.0034355541304896663,0.022867276659475595,0.0037862778371601405,0.0029792766062138655,9.443100024886331E-4,0.0033737044469365767,0.00239445164205288,0.002201138381710805,3.2600264312668964E-4,0.0026776626676263157,0.002216558488207817],[0.0012616715238417742,8.285928401280808E-4,0.0017854599696641735,0.0026284397354898394,0.0012787497295057408,0.001345529876126159,0.010945881370320185,0.003055824271765313,0.0066039640917263335,0.0027382761573901595,0.0020516743531461103,0.0026566381426346057,0.0016214661068381841,0.002707229457781228,0.0026683324692881507,0.002490376377516482,6.711378246881107E-4,0.002860645167053923,0.004626554523045131,0.001375743758180675,0.002307464909240003,0.002663923082880472,0.05543882922344015,5.869095348536902E-4,0.0015622685700286635,0.00304897064945295,0.0017189353397011238,0.0013359111938175256,0.015289222422078757,0.0016287695414367676,3.0480629465899915E-4,0.0028635839020671175,1.4416944328660665E-4,0.002167874754000626,0.0040434771517757545,1.0,0.0024683843060928114,0.003283961098976162,0.008913356861913115,0.002652860305791307,4.2901642140328624E-4,0.00236879144460671,0.0013982341080686516,0.0025323839684022976,0.001182181148995729,6.24013411627132E-4,0.0012584040676193987,7.597791072777967E-4],[0.0017282845220849543,0.0010789999360772584,0.002057836560682865,0.002149253333325084,2.5879736664469313E-4,0.0018020166598374406,0.005365165218690017,0.002189099652232208,0.0075487242275223895,0.0016547396578583298,2.244149723124686E-4,0.002176982043554495,0.001953428347544465,3.767700483261659E-4,0.0017217733313042263,0.0010386315242142806,5.587791785567862E-4,0.0016519212660837676,0.0054662974833153645,4.51868642321126E-4,1.866860522768104E-4,0.0013706460607491974,0.04340068952203826,3.2290598361539086E-5,0.0017707157351694498,0.0027561188117242058,0.0020393969226568834,0.0020341812592618515,0.0032827168947477687,0.0016542539736178231,0.002099829256151942,0.0020059923255580144,0.0014345350008830881,0.0021494663104190035,0.003943033076031575,0.0024683843060928114,1.0,0.0025226731629858865,0.006723340954686348,0.0015382221693727004,6.99943202160971E-4,0.0016017807478698174,0.00197539253772998,0.0013853076962773928,0.0016586047248067217,0.0014733902604583398,0.001560629296802098,0.0016772184205421437],[0.001345225555208734,0.0010242740537810024,0.003080587216883056,0.0026662037732941607,0.0027768892147075563,0.002909887408646239,0.0038636423440803107,0.0033338025478660224,0.004176863700092451,0.0026711427697209446,0.003217825466843176,0.002694411857111737,0.0010696604712578251,0.003192717976134642,0.0011430023933775679,0.0030930321251200184,0.0015884997699621944,0.0018079924871573188,0.004870689948852728,0.0020273341102032016,0.0029633424630023278,0.0021180460552136476,0.060135873392778455,0.0014112677469427467,0.001593992585998213,0.0033040352576906135,0.002837139099766525,0.0016920260835600746,0.005416667298367243,0.0019516714360817138,7.097992680385723E-4,2.6434781886880404E-4,5.929354044632954E-4,0.002853257959754384,0.0034355541304896663,0.003283961098976162,0.0025226731629858865,1.0,0.0728605848430969,0.002969414588382193,0.003057400374356024,5.291360207000443E-4,0.0016328473138518076,0.0018806903306659798,0.0029514335688992257,0.002437831214830644,0.0023394581990723614,0.0023541036973441514],[0.06088229938276532,0.03312602504730179,0.05161361860039656,0.05074849141774445,0.05566008981881479,0.06511834094073035,0.026243393273560497,0.03338149136996401,0.05085750179108174,0.020966535315836712,0.07326291324676427,0.03385306273201911,0.0126472924315116,0.05424435194384682,0.05025614745448726,0.04577959818943157,0.06192473386735286,0.02732552472211788,0.027291693849381144,0.011337057202681864,0.04988348463786466,0.07038741646887936,0.07692307692307693,0.07196520129668972,0.0644421980793681,0.02214271386961697,0.06640518750180062,0.00990746669857259,0.041788562989227174,0.015358188836918472,0.012759383072918545,0.02399882880995202,0.04466655322750713,0.002675595226972546,0.022867276659475595,0.008913356861913115,0.006723340954686348,0.0728605848430969,1.0,0.055495432236520675,0.02371417029841746,0.060391105096233556,0.05627523244080656,0.043139561023142446,0.02732779775799815,0.040155218372903034,5.115183631549486E-4,0.06542057907043206],[6.505334795020354E-4,2.9266232194005395E-4,0.0014905578128010686,0.001223306333001661,6.195863917278339E-4,6.093686873154844E-4,0.003914875001223148,0.0022926512284914538,0.009823809389370022,2.6907883044844955E-4,4.847481771016374E-4,0.0016105347711903321,2.6675169439301517E-4,1.0512601989786315E-4,7.649928821745197E-4,9.061199306465882E-4,4.284051087890372E-4,9.364691419139834E-4,0.006020601731990929,4.2751435703836896E-4,1.2606523877149522E-4,3.290446772490998E-4,0.06281034863990621,1.9092850445247614E-4,5.965733470720159E-4,0.0030933284001422186,2.226132499216239E-4,8.475859011382699E-4,0.010268700752580646,0.0015200144365607993,3.8156490519140906E-4,4.352281469747513E-4,6.982475568212137E-4,0.001984232336065983,0.0037862778371601405,0.0026528603057913