[[1.0,3.654087781125926E-5,0.006411320753594013,0.0012148825802864346,0.00206308092246864,0.0053263963527237215,2.2018289934232595E-4,2.0052547850990733E-4,2.0722425033144117E-4,0.004311424798200555,5.561740577467442E-4,1.5639474165572465E-4,9.130315845464992E-4,1.5123081703387594E-4,7.550241240998067E-4,1.493884035394377E-4,1.775328912362105E-4,0.0010224198312615638,1.1125676447688607E-4,0.001027855191912386,7.138930172798245E-4,4.838452189353207E-5,1.2935205112829873E-4,1.2117009680359325E-4,8.070320716952854E-4,8.655704271138873E-4,3.12901395201696E-4,0.0010233077657588368,1.1246650136005326E-4,3.4737519016636185E-4,2.0760582131578196E-4,3.489369846270796E-4,4.43725625385578E-4,0.0020346538473932077,0.002245924539685999,0.004025723253390032,1.5216617543707214E-4,1.2250652788707252E-4,7.629576171940602E-4,4.5135571517799416E-5,4.733104979461563E-4,0.037911844254197566,1.5575638708356757E-4,0.0011311086109196868,0.0010960422672875252,0.0014732838553442914,4.230152456795366E-5,0.00202552023202944,0.002855224989849914,1.513247794701584E-4,2.3606299055307933E-4,1.374247336889818E-4,1.4122977284621922E-4,7.681074277823282E-5,1.072392254252049E-4,1.818863024815903E-4,0.016963704387216304],[3.654087781125926E-5,1.0,0.009031861467898177,0.002207844997429256,0.0014641716195798167,0.007927447848609423,1.1368143010477219E-4,2.4115909314899865E-4,4.739205438426302E-5,2.505719886195004E-4,0.00862474825754946,3.2846449560545864E-5,5.870547829390008E-4,3.7149668235845963E-5,6.488548207511593E-4,5.731197315929987E-5,4.4799624215390276E-4,7.041165116113582E-4,1.1907527843010625E-5,9.95862399246184E-4,0.0017356638969146234,1.4263856989976383E-5,1.1799657064074277E-5,5.5579514697389815E-5,0.0011586170866902182,8.137716745075651E-4,3.795534855604068E-4,5.554511760235952E-4,1.6801050369788785E-5,8.443510502922207E-4,9.9681652373634E-5,3.6729082373073807E-4,1.6011259193199902E-5,0.008350442044823152,0.00962632893384515,5.292692921738921E-4,1.6116780274551926E-5,2.835745434087952E-5,1.9153956578160967E-4,1.544268135299803E-5,6.857598398530151E-5,0.051266992761661606,8.567642681249981E-5,4.6174112694923123E-4,5.952695869197741E-4,0.0022366891941908744,1.4458896347043765E-5,0.001566247964978814,0.009527382156345934,6.499760038886914E-5,2.980453754398334E-5,1.3531040472233671E-5,4.0882597951771884E-5,1.195198534202858E-5,6.727612844690849E-5,5.383225962849292E-5,0.013485604362451699],[0.006411320753594013,0.009031861467898177,1.0,0.005539389785889867,0.016821808769001877,0.019391562304779845,0.0024490798324737543,0.012508855243303457,8.441033033720897E-4,0.01793597506597385,0.0184930570559588,0.010564839227589827,0.02629335187966152,0.014362059661549003,0.024702049823550867,0.013036849022565355,0.006291954146675632,0.003268648214157563,0.024910896656286288,0.0038681945662522015,0.005661624294599182,0.014354762900748498,0.008180220767922436,0.011572771881166967,0.017580158759234715,0.011123874725595617,0.007181958431133745,0.025979052499061118,0.011814896182260639,0.01408782898203998,0.00547154334744242,0.0033051486191782212,0.006793894904173064,0.020169484553006187,0.01886442277420872,0.021518052285972453,0.016919919845827917,0.005923844562503066,0.021061852508763836,0.02699052641698556,0.005686720758812274,0.06973075456565694,0.01114447002140383,0.0031744675757792093,0.003972891087747495,0.003638220612259266,0.02544152698206911,0.014793339793741898,0.017172058326851487,0.007054008002456865,0.0051642046694507105,0.0115589165128215,0.017836742109020358,0.01523591063868876,1.572842604148071E-4,0.021413582628623338,0.022668546243667334],[0.0012148825802864346,0.002207844997429256,0.005539389785889867,1.0,0.0033552103426811733,0.007615748726118592,0.002218162131465534,0.0018299219280129683,0.0019028779541746638,0.00744882840433104,0.009527054735464486,0.002256534060728634,0.0017273641761700622,9.283791840331334E-4,0.0027243453734097475,5.233088918558044E-4,0.0027843272352068675,0.0014975324749272744,4.931766863020205E-4,0.0019701168155111613,0.0022179459249835206,6.008197823149764E-4,0.001660824291789124,0.0024638989462949486,0.001517289314383819,0.0012034614097510806,0.002576156279052246,0.0026765725998638694,3.3352441681719195E-4,0.0024771259426637476,0.0012295023029628572,0.00249512221116407,0.002753010511278066,0.009062382320989095,0.006992732508596165,0.0032474435172719245,0.0028035637882859337,0.00239938284297804,0.0025334259756974384,0.002069255793650061,0.0017682663250914669,0.01482501806652721,0.0018313084807646753,0.0021331626142734985,0.002191386166534636,0.0027763837357006704,0.0027549437893109444,0.003066884264878212,0.005731626879775132,5.463726776294141E-4,0.0010293867293105815,0.0012072153666482074,7.690971406160464E-4,0.0015091682807633823,0.001008934734259559,0.001108200079609865,0.006438181298631088],[0.00206308092246864,0.0014641716195798167,0.016821808769001877,0.0033552103426811733,1.0,0.004720509801967363,0.0020175507114963257,0.0028927107816409158,0.003633347879387166,0.0048134042164992424,0.00863282162678981,8.609719513808142E-4,0.0031892301937825095,0.003132265428510552,0.0021802512272892215,0.0011367531077855326,0.0012543858457413327,0.00317436656759885,0.0027880925882984527,0.0032389797313205123,0.0031708385275771673,0.0031570190911110333,1.2548076928129524E-4,6.093217401838012E-4,0.002201609924681213,0.0016191579360147648,0.002728431276888262,0.00324206146871538,0.0021913359822644724,0.0016389073879996227,0.003581048590099544,7.943830292582307E-4,7.159035605933425E-4,0.0064399845730980084,0.010405893292207449,0.004587600484932716,0.003434498514950481,0.0035156234366850257,0.0027163790694024414,1.6130153713924306E-4,0.0032867211486544124,0.024106357795450138,0.0013219689034605626,0.0029784492105902616,0.0022258654351560957,0.003359217888712,0.0018366657482196168,0.00342860572872302,0.0038868161526017897,0.003492360239386012,0.0020266119032702487,0.002615700656190851,0.003452166823305238,0.0022442493670357133,0.0036937606980915116,0.0012490449326733855,0.01614261251322449],[0.0053263963527237215,0.007927447848609423,0.019391562304779845,0.007615748726118592,0.004720509801967363,1.0,0.0076590330054711045,0.0047762615380439214,0.0028429485698434273,0.01053849163315633,0.01112212690576409,0.008350033469737448,0.006208089387224683,0.009374197797876713,0.008651568770981386,0.0016431215963500802,0.0030758676404108705,0.00792365307633483,0.005088348705643936,0.009696346618429533,0.007094572222033857,0.0070378972218869875,0.0017386755788534412,0.008361030503704668,0.003333112709560203,0.002878957119719464,0.0024793087109600386,0.00975389637018442,0.009118959752104269,0.004879676824890168,0.008234377256763608,0.00231688672591513,0.002950355908526388,0.009448587821190093,0.010320768676378147,0.008390182335022409,0.0072751570754494566,0.008749642246456808,0.0012012782285548,0.0035583825852058683,0.0032066623449205204,0.026918081178139985,0.004586813461375107,0.002289677620191459,0.00857028626810218,0.009341383037621397,0.00776462770957567,0.009794597333637363,0.010289047110308074,0.0057491290659219835,0.009388619585754095,0.006929670850830604,0.005697283780292708,0.008521889997911591,0.004321571017674296,0.009166721641307628,0.011909105808250331],[2.2018289934232595E-4,1.1368143010477219E-4,0.0024490798324737543,0.002218162131465534,0.0020175507114963257,0.0076590330054711045,1.0,0.0013204965848432778,2.5803244726819606E-4,0.006229700347456056,0.010414573106348527,1.7380167669376505E-4,9.860916627654288E-4,3.272153484760256E-4,5.299681709993511E-4,2.1886826235982586E-4,3.2630502070900416E-4,7.071379093713038E-4,8.62368416400564E-5,2.881048985036467E-4,0.001577743119960585,9.816688252280224E-5,1.9710582424278154E-5,1.8262867205853382E-4,9.367506338378885E-4,8.460593675713717E-4,4.72754442853916E-4,0.0020715606170383016,1.3889115978751285E-4,0.0010194572831062122,2.3043693505835094E-4,2.777322696635056E-4,2.259111731094958E-4,0.003928832679516052,0.013476483146443407,0.0016578644777124698,1.622930589407492E-4,2.0427399622890746E-4,4.243542961704292E-4,1.3873076557805358E-4,7.452780788597027E-4,0.07029658979294777,1.9542742108315776E-4,8.846671736718818E-4,5.283781066232163E-4,9.84000228376265E-4,1.606759291094144E-4,0.00216513883957098,3.1442966233573695E-4,1.6471471508366686E-4,2.541929257887738E-4,1.4744204515712998E-4,6.564255187823463E-5,3.841604079665161E-5,8.934841190864841E-5,2.4056676007072297E-4,0.011809181019152317],[2.0052547850990733E-4,2.4115909314899865E-4,0.012508855243303457,0.0018299219280129683,0.0028927107816409158,0.0047762615380439214,0.0013204965848432778,1.0,5.071735016443493E-4,0.006387320239073401,0.007955585552832475,7.401989072306308E-4,0.0013616563596477262,8.119448815701246E-4,0.0013245802751349867,6.431032621123371E-4,0.0012364180076130083,0.0012432092554969742,5.4264348736349E-4,0.001319566950438543,0.0015786069230538295,2.13776851971359E-4,4.363664836887123E-4,3.573134478548346E-4,0.0012929789877214825,0.0012822208305435768,0.00142636252824754,0.0016468376179756472,4.192601204105796E-4,0.0012967922440549112,0.0012308914131236247,8.534491076735247E-4,0.001277168339859282,0.006827513834484355,0.01009868574578752,0.0022578353175763738,6.354547085081199E-4,5.083575305118677E-4,0.0013249031363081211,3.9471696732362184E-4,0.0014563114182018404,0.0030975229657198965,8.072026642018721E-4,0.0013396837254492926,0.0013371018232849266,0.0017759082441593434,5.044149576888406E-4,0.0014433232575454605,0.0029631576064178744,0.0010576826248868882,5.947640235477178E-4,0.0010663402918103246,8.587325738708791E-4,1.0002670642383425E-4,0.0012821020802243066,8.341676156579285E-4,0.002845778098624012],[2.0722425033144117E-4,4.739205438426302E-5,8.441033033720897E-4,0.0019028779541746638,0.003633347879387166,0.0028429485698434273,2.5803244726819606E-4,5.071735016443493E-4,1.0,0.004244652663755226,0.0020011205005813363,2.3112008138230096E-4,0.0011881458301086856,4.4226556586660624E-4,9.05578474760279E-4,1.7453161339569485E-4,5.689388780550312E-4,5.355667232025459E-4,3.4586189072531134E-5,6.856918846974555E-4,8.244542265783618E-4,8.545557467064083E-5,1.478463122650323E-4,2.0997460170393234E-4,6.552268314812225E-4,3.2953964453301957E-4,0.001332569251050393,4.297887775620502E-4,1.9630084995189183E-4,5.570786880720583E-4,2.639554218286472E-4,3.546593538495553E-4,3.3259827213433756E-4,0.00885017975952916,0.012699872711815618,0.004198420890842279,1.8722548617104546E-4,1.1878668448780034E-4,5.211813558174355E-4,9.108765845630576E-5,8.136137060824969E-4,0.06785767386805644,2.5007887806551823E-4,5.080839297837033E-4,0.0012128851541069428,4.8373718263786103E-4,1.3770484873294308E-4,0.002571605317744111,0.004087881874945274,2.562232280386211E-4,2.8307592086860314E-4,2.637996848139395E-4,1.158403093119753E-4,2.0366056252219985E-5,2.0153019601073017E-4,2.755409749694668E-4,0.011059561827857523],[0.004311424798200555,2.505719886195004E-4,0.01793597506597385,0.00744882840433104,0.0048134042164992424,0.01053849163315633,0.006229700347456056,0.006387320239073401,0.004244652663755226,1.0,0.01107820532678489,0.004667739343433437,0.008024271131203718,0.00476751354164049,0.0023705768160455255,0.002088722244693004,0.007612895367060697,0.010228037339690854,0.0051649251500267765,0.001701717835910348,0.0023877295769936394,0.0017372543762210041,0.0013213634146740903,0.007256342297626128,0.001765788897499248,0.005169008224479424,0.0029762373806383243,0.0028874848276017172,0.008600580564580532,0.00967965721479885,0.005266316457744151,0.004209321489770391,0.0027421800607357223,0.009504236056467195,0.01417356058518996,0.00611585442249156,0.005117337018536144,0.0076852630491639025,0.006726210422968398,0.009933169625923588,0.007868361592052333,0.07459046130162503,7.35190435603314E-4,0.0013482987357770716,0.005762505600255907,0.0074516433500222395,0.003716208325278991,0.004341046615296294,0.010790287100750617,0.001751288407660025,0.006002376574431549,0.005361853435077887,0.010701527400345585,0.009099740335722747,0.0029620780250267094,0.007206272235371548,0.010989428446001677],[5.561740577467442E-4,0.00862474825754946,0.0184930570559588,0.009527054735464486,0.00863282162678981,0.01112212690576409,0.010414573106348527,0.007955585552832475,0.0020011205005813363,0.01107820532678489,1.0,0.0076446055412405555,0.004391741431665432,0.0013682033453065877,0.0039053746452773755,0.005156955523348018,0.010051277121596687,0.010261631310189003,0.008041732750647915,0.006444093747363178,0.003595612691447915,0.009926150910592749,0.0069027738815565275,0.0023646212931651197,0.010152894457823008,0.005461316527406906,0.005971043049508873,0.010410851301108439,0.00955903147763023,0.006872742104498576,0.0070526705294443525,0.007871526708213361,0.0058029729048622546,0.011040603321077187,0.017271515367357562,0.007036371015876081,0.009416534763507303,0.008759798297619205,0.004027234525569707,0.007563489851798658,0.00949226627883605,0.05570458772205088,0.007155263412774099,0.005268795000372714,0.004770229589030029,0.003085885308379139,0.001224505295878631,0.005211059593752214,0.010974916538396355,0.009990192751679497,0.008666433548824315,0.009575998506560247,0.010545477965370673,0.006041964157284243,2.1322510088596033E-4,0.01055914619315614,0.012118266802175032],[1.5639474165572465E-4,3.2846449560545864E-5,0.010564839227589827,0.002256534060728634,8.609719513808142E-4,0.008350033469737448,1.7380167669376505E-4,7.401989072306308E-4,2.3112008138230096E-4,0.004667739343433437,0.0076446055412405555,1.0,2.3971076611503127E-4,4.484790349017472E-4,0.0011250791049213405,1.5298506575912909E-4,4.605141899046049E-4,3.922590998529656E-4,9.491882013543578E-5,7.880931633672066E-4,9.207484243622118E-4,1.1195563107289696E-4,8.279854755984676E-5,1.3209091817836523E-4,9.745793609363159E-4,3.7814603928604213E-4,9.814235587289792E-4,9.209810098704649E-4,1.4874836453328887E-4,1.6895077676660477E-4,2.18722931148007E-4,2.4275189867161597E-4,3.1843541333852264E-4,4.036611138680686E-4,0.005340281475593068,0.0013279709666466572,1.5556976657061876E-4,3.782135907307281E-5,6.425821161607941E-4,1.4158684814589403E-4,3.6770614169534424E-4,0.0675709671553282,1.5781881265002353E-4,7.755906544456802E-4,4.7787599248042055E-4,0.002032894750273628,3.6051067066524966E-5,0.0015676518059366197,0.003015677754810274,1.5493221586537472E-4,1.821091540896137E-4,1.1470520905407607E-4,6.956444464435011E-5,3.971530990223774E-5,1.0215936708467046E-4,2.0234133514649723E-4,0.009760240455556428],[9.130315845464992E-4,5.870547829390008E-4,0.02629335187966152,0.0017273641761700622,0.0031892301937825095,0.006208089387224683,9.860916627654288E-4,0.0013616563596477262,0.0011881458301086856,0.008024271131203718,0.004391741431665432,2.3971076611503127E-4,1.0,0.0010679570334892138,0.001307782428835943,0.0013097291558152046,0.0012114068551847693,0.0011754371878705476,8.199743130631253E-4,0.0013449201354474836,0.0015779898669623469,0.0012780852309334663,0.0013443852405906212,4.961198623169788E-4,0.0013423952325553458,0.0011313916805429038,0.0014677757707369117,0.0018577283320308892,4.887936715033014E-4,0.0012805575407232742,0.0012693725803525771,6.099948137533455E-4,0.0013550600241255747,0.008022595507083018,0.011676946627808358,0.004683157023210878,0.0012899844624220127,0.001245444278841255,0.001162588113495129,3.8830984896460677E-4,0.0014583551842363854,0.06700533076794465,2.640350092427673E-4,0.001330948427061819,0.0013457998431138955,0.00158642995793433,7.711880800075096E-4,0.001411152523394382,0.00625492530525463,0.0010226904555711278,0.001259421217097378,8.194234064591291E-4,0.0012309420932301702,2.2438520420654703E-4,1.7772758926355175E-4,8.16474906814703E-4,0.0051433794226731526],[1.5123081703387594E-4,3.7149668235845963E-5,0.014362059661549003,9.283791840331334E-4,0.003132265428510552,0.009374197797876713,3.272153484760256E-4,8.119448815701246E-4,4.4226556586660624E-4,0.00476751354164049,0.0013682033453065877,4.484790349017472E-4,0.0010679570334892138,1.0,8.429637157922663E-4,2.9374754721018305E-4,8.472948517306126E-4,9.309462810514402E-4,2.8921708786632708E-5,6.728997566356127E-4,8.493879396270824E-4,3.483721957800767E-4,2.767109564251599E-4,3.5700813384135344E-4,4.597653885967269E-4,6.384861724968442E-4,6.539652796232145E-4,6.211021448096851E-4,4.238951147882208E-4,5.951375635839152E-4,2.7359779765008676E-4,4.378890316964495E-4,4.901436683700106E-4,0.004086553752766916,0.005934525261447274,4.59458077406041E-4,3.600227795703516E-4,1.9092608162929665E-4,8.649375458445975E-4,1.3486810495108703E-4,4.8555080757092106E-4,0.06727422209477261,3.992412554652873E-4,5.235022816835361E-4,0.0012114063386283358,0.0012139883594164441,3.953951875713853E-4,0.0017718676508127942,0.004440253100206478,2.956477767821381E-4,2.8459081263644895E-4,2.569131616739325E-4,1.1165206158961044E-4,1.231122589975848E-4,4.0959142227830494E-4,2.823691525235721E-4,0.009707142168228591],[7.550241240998067E-4,6.488548207511593E-4,0.024702049823550867,0.0027243453734097475,0.0021802512272892215,0.008651568770981386,5.299681709993511E-4,0.0013245802751349867,9.05578474760279E-4,0.0023705768160455255,0.0039053746452773755,0.0011250791049213405,0.001307782428835943,8.429637157922663E-4,1.0,1.545579536641677E-4,0.0011561585725311297,0.001165912133853059,1.7863952795681774E-4,0.0012248225866460887,0.0013598374854410615,9.493182130160067E-5,3.123513680743875E-4,8.702359542045948E-4,0.0012101845887667693,0.0010992164896472538,0.0012608123364726792,0.0015115586431322927,0.0010431658842581172,0.001168736048899377,8.374636665070585E-4,5.060064565047264E-4,9.573360815635066E-4,0.00887732052569453,0.007105126309976949,0.0019430853008463268,8.572674901545698E-4,5.341615093127695E-4,0.0010444530175234082,6.661031067291577E-4,0.0011836752528602498,0.04211309597779926,7.482891573072078E-4,0.0012775963097324135,0.0012624519716661878,0.0027600117523126815,1.9689711011512177E-4,0.0030132854355113424,0.0015837743591850823,6.641590350954951E-4,0.001091097392516301,3.8180311052547745E-4,7.037023583455608E-4,1.4624282593749772E-4,9.96887725555386E-4,4.891943974294986E-4,0.011723658615368589],[1.493884035394377E-4,5.731197315929987E-5,0.013036849022565355,5.233088918558044E-4,0.0011367531077855326,0.0016431215963500802,2.1886826235982586E-4,6.431032621123371E-4,1.7453161339569485E-4,0.002088722244693004,0.005156955523348018,1.5298506575912909E-4,0.0013097291558152046,2.9374754721018305E-4,1.545579536641677E-4,1.0,7.569069980060106E-4,3.4032840106788906E-4,5.198719129257979E-5,6.990477249584959E-4,0.0016583651975789586,3.6090469087990716E-5,5.693968153051722E-5,1.3698233788957953E-4,0.0010366286045580563,1.7095977449210306E-4,0.001066280495578904,1.8457185358366276E-4,9.616796653563311E-5,2.2454213741460988E-4,1.9359391958349332E-4,2.594226689220754E-4,1.9811546015053487E-4,7.089902757337037E-4,0.015943566441149224,0.0025260021357448657,1.5026876111319952E-4,1.2021173423994187E-4,5.326769282243022E-4,1.142464674120752E-4,5.005356460059514E-4,0.05579815851681255,1.5224951307689496E-4,7.207017962991641E-4,4.484826887556446E-4,0.002431700637105247,8.896812540919623E-5,0.001610557381543077,0.01081941525004557,1.5240683019532612E-4,2.489923769182097E-4,1.087659571806002E-4,9.545400228828977E-5,1.2869351441491587E-4,1.258258481036485E-4,2.742921439921241E-4,0.0033687633854368438],[1.775328912362105E-4,4.4799624215390276E-4,0.006291954146675632,0.0027843272352068675,0.0012543858457413327,0.0030758676404108705,3.2630502070900416E-4,0.0012364180076130083,5.689388780550312E-4,0.007612895367060697,0.010051277121596687,4.605141899046049E-4,0.0012114068551847693,8.472948517306126E-4,0.0011561585725311297,7.569069980060106E-4,1.0,0.0011526399138203534,7.749162762874877E-5,0.0012525128486059617,0.0015137264637114804,0.0010039828485355637,1.286071621982811E-4,0.0010126272521857702,0.0011530728384463666,0.0010878904415558516,0.001258413147075451,0.0021415657149751136,0.001025381426904184,0.0011811258522685846,7.339454809997224E-4,8.700356686722218E-4,6.27024336976572E-4,0.0073977939884138965,0.006071708444686304,0.0016849563752110324,9.890821624576524E-4,7.591962000417555E-4,0.00113780546425857,8.180344360721549E-4,0.0014511489330680126,0.03785761552517449,0.0011408983865175116,0.0011613444072256908,0.0011828828805356092,0.001928432314596586,6.381688909877925E-5,0.001982669915939551,0.004261340576695809,2.6644672479050966E-4,9.911963707269985E-4,5.170364550668287E-4,8.171755536591234E-4,9.773129359705857E-4,9.364902616513582E-4,0.0010632813086136953,0.014322108466350706],[0.0010224198312615638,7.041165116113582E-4,0.003268648214157563,0.0014975324749272744,0.00317436656759885,0.00792365307633483,7.071379093713038E-4,0.0012432092554969742,5.355667232025459E-4,0.010228037339690854,0.010261631310189003,3.922590998529656E-4,0.0011754371878705476,9.309462810514402E-4,0.001165912133853059,3.4032840106788906E-4,0.0011526399138203534,1.0,5.836268141476439E-4,0.0012564605319516193,0.00196843764409932,2.040468537534498E-4,4.5972965934299993E-4,6.362119180493362E-4,0.0011877724739705108,0.0010631751790769433,0.0012705441831372406,0.0016098828869351646,3.063720199436258E-4,0.0012558175427219028,0.0010614505453607301,5.251600991132301E-4,0.001122151354258978,0.0038384754957290755,0.01720427604045387,0.004125505222157823,3.178737175297586E-4,9.4839406122158E-4,9.331325786737741E-4,4.236179812247053E-4,0.0014201358838921425,0.05814459597505406,5.535351513944064E-4,0.001275503853593013,0.0012085245658829936,0.0013928316287108399,0.0010225693652087021,0.003005718057079167,0.008672299915814844,0.0011419885171332458,3.3657453449786716E-4,2.8924877730332525E-4,2.9649712964092034E-4,5.022506485168404E-4,1.9137120669136245E-4,7.350420785523919E-4,0.014694868109800616],[1.1125676447688607E-4,1.1907527843010625E-5,0.024910896656286288,4.931766863020205E-4,0.0027880925882984527,0.005088348705643936,8.62368416400564E-5,5.4264348736349E-4,3.4586189072531134E-5,0.0051649251500267765,0.008041732750647915,9.491882013543578E-5,8.199743130631253E-4,2.8921708786632708E-5,1.7863952795681774E-4,5.198719129257979E-5,7.749162762874877E-5,5.836268141476439E-4,1.0,4.6686941804932375E-4,0.0015393832541934272,1.5165693025639918E-5,1.3033544888961244E-5,9.430053199922061E-5,3.1776328185306807E-5,4.7728478683462097E-4,5.210363443237456E-4,8.183982211976443E-4,2.2296690208853007E-5,2.893452544118033E-5,1.4900383341923313E-4,2.4307464211405213E-5,5.532073208897072E-4,0.0011969721988250785,0.009094660594417108,0.0011269499501262686,2.1623387534752823E-5,1.3786717033975304E-5,5.449464178251407E-4,1.3641268281798653E-5,3.9352702193027673E-4,0.02623078695021377,7.020899211295687E-5,5.247228882233659E-4,5.481218180711272E-4,0.0017937561686911046,1.4387295314879152E-5,0.0019356654047478507,0.008161675678166442,1.5075963410643176E-4,1.1069765488415205E-4,1.3127051413623394E-5,4.024747092361273E-5,1.3254729838910157E-5,7.718412047194593E-5,1.709568967517136E-4,0.009357015004107608],[0.001027855191912386,9.95862399246184E-4,0.0038681945662522015,0.0019701168155111613,0.0032389797313205123,0.009696346618429533,2.881048985036467E-4,0.001319566950438543,6.856918846974555E-4,0.001701717835910348,0.006444093747363178,7.880931633672066E-4,0.0013449201354474836,6.728997566356127E-4,0.0012248225866460887,6.990477249584959E-4,0.0012525128486059617,0.0012564605319516193,4.6686941804932375E-4,1.0,0.0019137384633160718,0.0011483796600768464,7.379815403150569E-4,0.001185421075471023,0.0013181333140955022,0.0011319379260812243,0.001443662906570067,0.0021531131293723634,4.6480161054002136E-4,0.0012945548304149766,0.0010567325702524628,4.061111870658101E-4,8.362018049013958E-4,0.00833943021248236,0.01544031434455922,0.0020967145187913956,8.881819286876355E-4,8.009449338318333E-4,0.0013075399520795245,3.706571029834186E-4,0.0014155639284606002,0.040183566646611955,4.81131440955795E-4,0.0013167023537870956,0.001290840773015969,0.0025110788578244824,8.775192568051079E-4,0.0014948326138658342,0.0024551459264258325,0.0010271010690864357,4.614970879121157E-4,0.0012297086969232254,8.60290588517902E-4,8.016674293709796E-4,4.5784042632513247E-4,7.935230364436434E-4,0.009635777488129231],[7.138930172798245E-4,0.0017356638969146234,0.005661624294599182,0.0022179459249835206,0.0031708385275771673,0.007094572222033857,0.001577743119960585,0.0015786069230538295,8.244542265783618E-4,0.0023877295769936394,0.003595612691447915,9.207484243622118E-4,0.0015779898669623469,8.493879396270824E-4,0.0013598374854410615,0.0016583651975789586,0.0015137264637114804,0.00196843764409932,0.0015393832541934272,0.0019137384633160718,1.0,0.0012589926218507924,2.9601934923796246E-4,0.0012093517536105889,0.0016287402017319476,0.0012421807688020126,0.0015007641731440364,0.0022128035305973223,4.07254578583184E-4,0.0020172923998123013,7.836935007304076E-4,0.001867262385286064,6.10197573829149E-4,0.006785297071232814,0.011238688747385196,0.004694008824112051,0.0018008792021224705,0.0017275394260977577,0.0010612644950882678,6.278880031801336E-4,0.0020423607853233294,0.0299125802009004,0.001894220077217743,0.0018383407850709435,0.001531427797084256,0.0023480348050397737,0.001860192525989258,0.002723416584101094,0.005169791760604763,9.787302275977255E-4,0.0016600602619665998,1.6033099503365014E-5,0.0013312961397218845,8.102437946496573E-4,8.751970127486291E-4,0.0010769839234840305,0.017194963998010963],[4.838452189353207E-5,1.4263856989976383E-5,0.014354762900748498,6.008197823149764E-4,0.0031570190911110333,0.0070378972218869875,9.816688252280224E-5,2.13776851971359E-4,8.545557467064083E-5,0.0017372543762210041,0.009926150910592749,1.1195563107289696E-4,0.0012780852309334663,3.483721957800767E-4,9.493182130160067E-5,3.6090469087990716E-5,0.0010039828485355637,2.040468537534498E-4,1.5165693025639918E-5,0.0011483796600768464,0.0012589926218507924,1.0,1.269850623913181E-5,2.0260662008303186E-5,8.124884685353212E-4,4.502780293474672E-4,0.0013811637739094417,0.0016686956315067893,3.155805249167458E-5,7.38897577698559E-4,2.0772033517861423E-5,1.2970293600886887E-4,4.980246324208263E-4,0.0039724354336825385,0.009310061912144327,0.0012652956150957689,1.406049733483338E-4,2.7396288358858188E-5,1.9561590909627366E-4,1.674894621556644E-5,0.0010722991941406006,0.012016348303632535,5.547139437152491E-5,5.554170965105231E-4,0.0010296126410197762,0.0014922547407764668,1.5958500370370994E-5,8.010496421809483E-4,0.0058827682890144764,6.347512743275633E-5,1.7032736765848423E-4,1.599860113149761E-5,3.159349506143933E-5,1.5492701984272923E-5,1.640968410949924E-5,2.301407025538692E-4,0.008005791708669401],[1.2935205112829873E-4,1.1799657064074277E-5,0.008180220767922436,0.001660824291789124,1.2548076928129524E-4,0.0017386755788534412,1.9710582424278154E-5,4.363664836887123E-4,1.478463122650323E-4,0.0013213634146740903,0.0069027738815565275,8.279854755984676E-5,0.0013443852405906212,2.767109564251599E-4,3.123513680743875E-4,5.693968153051722E-5,1.286071621982811E-4,4.5972965934299993E-4,1.3033544888961244E-5,7.379815403150569E-4,2.9601934923796246E-4,1.269850623913181E-5,1.0,7.343651089863161E-5,2.596514685479174E-4,1.5911397511073774E-4,3.870704269067177E-4,0.0010100769885618213,2.82122038213774E-5,8.718957979596527E-4,1.8834938565284447E-4,3.441654410810866E-4,1.2557628766396363E-4,0.00682758670300687,0.00840982106044083,0.00357321308256462,1.0285101947523678E-4,2.6580063562740815E-5,8.75896761690334E-4,1.5680783702178215E-5,1.6702922541215294E-4,0.06533252219378663,1.4259947710546742E-4,2.381312654941181E-4,5.231208063803047E-4,0.0015030735962608972,1.3696478182169365E-5,0.002197015215755816,0.005351721166460358,2.2011857945752822E-5,5.3088723145021285E-5,1.272214273847965E-5,2.612120658505363E-5,1.308234789149112E-5,6.351695082648715E-5,2.3409137129211147E-4,0.012573556441633972],[1.2117009680359325E-4,5.5579514697389815E-5,0.011572771881166967,0.0024638989462949486,6.093217401838012E-4,0.008361030503704668,1.8262867205853382E-4,3.573134478548346E-4,2.0997460170393234E-4,0.007256342297626128,0.0023646212931651197,1.3209091817836523E-4,4.961198623169788E-4,3.5700813384135344E-4,8.702359542045948E-4,1.3698233788957953E-4,0.0010126272521857702,6.362119180493362E-4,9.430053199922061E-5,0.001185421075471023,0.0012093517536105889,2.0260662008303186E-5,7.343651089863161E-5,1.0,6.107303520657471E-4,9.180775816727079E-4,2.959685823416441E-4,0.0019687403762307415,8.558143009042917E-5,0.0011094713420287474,1.48483598116603E-4,2.4828218924119867E-4,5.29248896084862E-4,0.0016416537617614986,0.011251111908802782,0.002263230891480144,1.177604580335039E-4,3.674103225227821E-5,4.888529559341422E-4,5.837247857653865E-5,6.222453597773966E-4,0.020647107340628298,1.1910959055981202E-4,6.315381290117204E-4,0.0012494178751517766,0.0016856048533247982,1.0734506280780782E-4,9.394499791485898E-4,0.008195245385823795,1.0873471659503977E-4,2.2426715657844766E-4,5.887500253323793E-5,8.060237349554803E-5,5.541626058389185E-5,9.122135590470558E-5,2.014426816327395E-4,0.004142723265331263],[8.070320716952854E-4,0.0011586170866902182,0.017580158759234715,0.001517289314383819,0.002201609924681213,0.003333112709560203,9.367506338378885E-4,0.0012929789877214825,6.552268314812225E-4,0.001765788897499248,0.010152894457823008,9.745793609363159E-4,0.0013423952325553458,4.597653885967269E-4,0.0012101845887667693,0.0010366286045580563,0.0011530728384463666,0.0011877724739705108,3.1776328185306807E-5,0.0013181333140955022,0.0016287402017319476,8.124884685353212E-4,2.596514685479174E-4,6.107303520657471E-4,1.0,0.0011523071654578466,0.0012956269824272472,0.001839586512891532,7.303009903352969E-5,0.001273312926390553,0.0010885241449172121,9.365695676920608E-4,6.7775211260825E-4,0.005047631777447939,0.007006259390734179,0.0026206342538874815,9.294930016118261E-4,0.0012177832313280412,9.339590238604522E-4,3.129474274708776E-4,0.0015168392501678748,0.06049145610987615,4.90276964337053E-4,0.0012660299399369752,0.0012567707405723265,0.002430097216930059,8.110889746599083E-4,0.0021585661696359327,0.004667405732562677,1.767678016009984E-4,0.0010944600649589206,5.950827927258208E-4,7.530597787509142E-4,9.610616952802806E-4,0.0010666134973937667,7.521707128908903E-4,0.011738309764265932],[8.655704271138873E-4,8.137716745075651E-4,0.011123874725595617,0.0012034614097510806,0.0016191579360147648,0.002878957119719464,8.460593675713717E-4,0.0012822208305435768,3.2953964453301957E-4,0.005169008224479424,0.005461316527406906,3.7814603928604213E-4,0.0011313916805429038,6.384861724968442E-4,0.0010992164896472538,1.7095977449210306E-4,0.0010878904415558516,0.0010631751790769433,4.7728478683462097E-4,0.0011319379260812243,0.0012421807688020126,4.502780293474672E-4,1.5911397511073774E-4,9.180775816727079E-4,0.0011523071654578466,1.0,0.0012176059308858342,0.0012464786384278263,4.4806141965441965E-4,0.0011307423804508114,7.399098411360597E-4,0.0010539573218910224,7.278505061223647E-4,0.007577457461875136,0.007881126823075341,0.0016334573391190736,1.732635134058914E-4,5.419434113021418E-4,0.0010101060925539866,9.45503185837727E-4,0.0013750973197865436,0.031110130864802295,9.763744954448036E-4,0.0012604931103125726,0.0011262615704528932,0.001228454985457164,6.793136750406212E-4,0.0026153882948540264,0.010405551261136426,1.5553681201243606E-4,4.913457842916336E-4,5.234674709183054E-4,2.817584617425756E-4,9.568557683809038E-4,9.552228252879896E-4,9.400774758903786E-4,0.002539991404420123],[3.12901395201696E-4,3.795534855604068E-4,0.007181958431133745,0.002576156279052246,0.002728431276888262,0.0024793087109600386,4.72754442853916E-4,0.00142636252824754,0.001332569251050393,0.0029762373806383243,0.005971043049508873,9.814235587289792E-4,0.0014677757707369117,6.539652796232145E-4,0.0012608123364726792,0.001066280495578904,0.001258413147075451,0.0012705441831372406,5.210363443237456E-4,0.001443662906570067,0.0015007641731440364,0.0013811637739094417,3.870704269067177E-4,2.959685823416441E-4,0.0012956269824272472,0.0012176059308858342,1.0,0.001858558834339625,2.2267204342541177E-4,0.0014062655401472792,0.0012713019295846003,0.0010242241927494035,0.0013076958324948313,0.007890241029539028,0.008081705097867011,0.0035238196527220995,0.0014500476241814983,4.878170497856911E-4,0.0014339753390005113,0.0011908759332713665,0.0015067484978633283,0.07579210971181881,4.6155042658605134E-4,0.0014041317130099055,0.0013093761787740198,0.0019820732504562235,1.9118600640414589E-4,0.00171977068228759,0.007107263626874394,0.001414864768419471,5.980783231669543E-4,6.670164921585497E-4,8.493932584849842E-4,9.438718273942382E-4,2.1425620094156806E-4,0.001329633253670966,0.0032210601756396968],[0.0010233077657588368,5.554511760235952E-4,0.025979052499061118,0.0026765725998638694,0.00324206146871538,0.00975389637018442,0.0020715606170383016,0.0016468376179756472,4.297887775620502E-4,0.0028874848276017172,0.010410851301108439,9.209810098704649E-4,0.0018577283320308892,6.211021448096851E-4,0.0015115586431322927,1.8457185358366276E-4,0.0021415657149751136,0.0016098828869351646,8.183982211976443E-4,0.0021531131293723634,0.0022128035305973223,0.0016686956315067893,0.0010100769885618213,0.0019687403762307415,0.001839586512891532,0.0012464786384278263,0.001858558834339625,1.0,6.399776847016461E-4,0.002154654311074781,0.0015455944452143276,7.791107414070579E-4,0.0020088911646349928,0.005869540933267591,0.007475014491923383,0.0026461103897307933,2.4787376202198313E-4,0.001806668349380769,0.0016391168542773545,0.00178488357456577,0.001639641082489782,0.06473876567491992,0.0021662305324757093,0.0018476018860972927,0.0014986170590247636,0.0023137595031336037,3.2657737147156975E-4,0.0023398429708831863,0.009942580681720124,0.002104890117271986,0.0010366385840820298,4.2281181138224355E-4,9.667124646355572E-4,0.0017220809388934168,4.4173247235282354E-4,8.880548051423069E-4,0.0117272983969503],[1.1246650136005326E-4,1.6801050369788785E-5,0.011814896182260639,3.3352441681719195E-4,0.0021913359822644724,0.009118959752104269,1.3889115978751285E-4,4.192601204105796E-4,1.9630084995189183E-4,0.008600580564580532,0.00955903147763023,1.4874836453328887E-4,4.887936715033014E-4,4.238951147882208E-4,0.0010431658842581172,9.616796653563311E-5,0.001025381426904184,3.063720199436258E-4,2.2296690208853007E-5,4.6480161054002136E-4,4.07254578583184E-4,3.155805249167458E-5,2.82122038213774E-5,8.558143009042917E-5,7.303009903352969E-5,4.4806141965441965E-4,2.2267204342541177E-4,6.399776847016461E-4,1.0,4.831828382798603E-4,1.3082252502313998E-4,1.0718693563049952E-4,2.3049186617833404E-4,0.00902788060066472,0.012090335362795156,0.004841246707339606,6.594147904794774E-5,4.483131765539371E-5,4.5521377221276183E-4,2.6419993319464245E-5,8.188285200473067E-4,0.03259507364336518,9.79869082863508E-5,1.0519059900441186E-4,2.1980609459849493E-4,7.844669778239902E-4,4.758875404373165E-5,3.3986329019546784E-4,4.238264006683791E-4,1.4440607414937726E-4,2.4190031098280586E-4,4.639743988656055E-5,5.04720818327059E-5,4.294244845812139E-5,8.120449369269749E-5,1.6615902561324734E-4,0.012362781638697005],[3.4737519016636185E-4,8.443510502922207E-4,0.01408782898203998,0.0024771259426637476,0.0016389073879996227,0.004879676824890168,0.0010194572831062122,0.0012967922440549112,5.570786880720583E-4,0.00967965721479885,0.006872742104498576,1.6895077676660477E-4,0.0012805575407232742,5.951375635839152E-4,0.001168736048899377,2.2454213741460988E-4,0.0011811258522685846,0.0012558175427219028,2.893452544118033E-5,0.0012945548304149766,0.0020172923998123013,7.38897577698559E-4,8.718957979596527E-4,0.0011094713420287474,0.001273312926390553,0.0011307423804508114,0.0014062655401472792,0.002154654311074781,4.831828382798603E-4,1.0,7.297832689479143E-4,9.928751004480653E-4,9.669680475606615E-4,0.005042544558147337,0.017261027178890612,0.003510607686738406,0.001033858609055194,8.123187657868821E-4,0.001060687636655758,0.001014336899791683,0.0014394283968107958,0.06955646499504753,3.228021601747343E-4,0.0012838722404264944,0.0012692057851931948,0.0025737555669688153,3.724688394879919E-4,0.0031673305420594432,0.007586943774164851,6.371004091456863E-4,6.73001447360512E-4,8.347317083177394E-4,3.463888031935834E-4,7.507248128563274E-4,2.575085724424387E-4,0.00120720689521199,0.013218015095128266],[2.0760582131578196E-4,9.9681652373634E-5,0.00547154334744242,0.0012295023029628572,0.003581048590099544,0.008234377256763608,2.3043693505835094E-4,0.0012308914131236247,2.639554218286472E-4,0.005266316457744151,0.0070526705294443525,2.18722931148007E-4,0.0012693725803525771,2.7359779765008676E-4,8.374636665070585E-4,1.9359391958349332E-4,7.339454809997224E-4,0.0010614505453607301,1.4900383341923313E-4,0.0010567325702524628,7.836935007304076E-4,2.0772033517861423E-5,1.8834938565284447E-4,1.48483598116603E-4,0.0010885241449172121,7.399098411360597E-4,0.0012713019295846003,0.0015455944452143276,1.3082252502313998E-4,7.297832689479143E-4,1.0,3.7053408399826684E-4,3.327413291036437E-4,0.004294528044612826,0.001492320339486056,0.004881261700459954,2.2716092251924E-4,5.665816357889358E-5,3.557099270236466E-4,1.0114539981008897E-4,0.0010098476239603087,0.03289893647997457,2.047157016401425E-4,8.663723283674706E-4,9.80066435755362E-4,0.0024774215599130305,1.8244614699189257E-4,0.0029556409768492047,0.0011478685874126231,1.9532654170307883E-4,2.494428568235188E-4,1.1859512161218885E-4,1.3232765022736144E-4,1.2930254131832402E-4,1.9779478749284394E-4,2.57808741931411E-4,0.0010872383361939925],[3.489369846270796E-4,3.6729082373073807E-4,0.0033051486191782212,0.00249512221116407,7.943830292582307E-4,0.00231688672591513,2.777322696635056E-4,8.534491076735247E-4,3.546593538495553E-4,0.004209321489770391,0.007871526708213361,2.4275189867161597E-4,6.099948137533455E-4,4.378890316964495E-4,5.060064565047264E-4,2.594226689220754E-4,8.700356686722218E-4,5.251600991132301E-4,2.4307464211405213E-5,4.061111870658101E-4,0.001867262385286064,1.2970293600886887E-4,3.441654410810866E-4,2.4828218924119867E-4,9.365695676920608E-4,0.0010539573218910224,0.0010242241927494035,7.791107414070579E-4,1.0718693563049952E-4,9.928751004480653E-4,3.7053408399826684E-4,1.0,5.688895864042211E-4,0.001619132688944778,0.007532785631473152,0.004001359711352613,2.534017116351289E-4,3.161194509646121E-4,6.288079984703094E-4,5.327869870308715E-5,8.512219944439691E-4,0.060425539125942236,3.638438861306173E-4,6.679179123290826E-4,4.367920078036906E-4,0.002100289560043512,2.930857346300394E-4,0.002215810965957004,0.0015180417763385385,2.0852185134884437E-4,2.943935196273809E-4,2.276658333813142E-4,5.4377137217386214E-5,3.358705043210378E-4,2.111629932718539E-4,3.3545162663828473E-4,0.012933948111082014],[4.43725625385578E-4,1.6011259193199902E-5,0.006793894904173064,0.002753010511278066,7.159035605933425E-4,0.002950355908526388,2.259111731094958E-4,0.001277168339859282,3.3259827213433756E-4,0.0027421800607357223,0.0058029729048622546,3.1843541333852264E-4,0.0013550600241255747,4.901436683700106E-4,9.573360815635066E-4,1.9811546015053487E-4,6.27024336976572E-4,0.001122151354258978,5.532073208897072E-4,8.362018049013958E-4,6.10197573829149E-4,4.980246324208263E-4,1.2557628766396363E-4,5.29248896084862E-4,6.7775211260825E-4,7.278505061223647E-4,0.0013076958324948313,0.0020088911646349928,2.3049186617833404E-4,9.669680475606615E-4,3.327413291036437E-4,5.688895864042211E-4,1.0,0.006441506897195192,0.011507402655651856,0.002580013194615578,3.558682807545749E-4,2.218323128465633E-4,7.346519456779536E-4,8.446870749092802E-5,9.040517868559455E-4,0.07046541238928497,2.239713082499246E-4,7.984228910524256E-4,8.372107506634522E-4,8.548205849031954E-4,2.551848490305641E-4,8.207998234412713E-4,0.0026421988440146864,2.58589281490025E-4,5.739579596880208E-4,5.870243055980284E-4,3.846628034462921E-4,5.275821337640478E-4,6.067343592330548E-4,5.219406034015701E-4,0.005397271757995428],[0.0020346538473932077,0.008350442044823152,0.020169484553006187,0.009062382320989095,0.0064399845730980084,0.009448587821190093,0.003928832679516052,0.006827513834484355,0.00885017975952916,0.009504236056467195,0.011040603321077187,4.036611138680686E-4,0.008022595507083018,0.004086553752766916,0.00887732052569453,7.089902757337037E-4,0.0073977939884138965,0.0038384754957290755,0.0011969721988250785,0.008339430