[[1.0,6.726108567835729E-4,1.274754077492453E-4,1.4243226049116868E-4,8.498190907150634E-5,0.0025750046384929873,5.577946332597501E-4,6.956564487006137E-4,1.774175644913093E-4,7.445818421224048E-5,0.006432281345241899,0.0020069567288957444,2.0167487305137967E-4,1.0665228547858486E-4,2.80061135547365E-4,1.275282157564654E-4,1.6409664026166657E-4,1.2002447624937674E-4,0.004590314010217616,0.008937654816879229,6.77063704256515E-5,1.6907775580213164E-4,2.2871920040360387E-4,5.677662954359679E-4,2.5200029240989874E-5,0.0023377473923673424,0.020893153133481758,0.003873581406741318,6.1047146450222E-5,0.014518648269765079,0.007502216628981491,1.0584285589143984E-4,1.1429483961491062E-4,1.37127240778825E-4,3.8474367273979817E-4,0.003046257512890675,1.569461897479787E-4,0.011558575709666837,0.0024607089501956746,1.9651505103775304E-4,4.675140682750634E-4,0.0012662252196884792,1.289369793514641E-4,1.2044541385545184E-4,9.673982400311643E-5,2.223752070512795E-4,1.7616306929532492E-4,6.565029765281977E-4,0.03845336395895237,0.0014555396703027294,1.328196597128541E-4,1.1753985876994143E-4,2.235156229007267E-4,9.984089761296442E-5,0.0018430560599258681,5.4160970964103224E-5,1.2678119228581581E-4,5.00916878185293E-5,1.179650552118153E-4,1.080362495511892E-4],[6.726108567835729E-4,1.0,0.001001551797324162,2.2648230897557523E-4,8.059801510665454E-4,0.001895072381823047,0.001429288640606271,0.0010647222020658913,6.786730469225984E-4,4.4846061788767893E-4,0.0031565333294577237,0.001111700673099611,0.0011555220490738027,2.8483412308535417E-4,9.96044737106812E-4,5.53747267648019E-4,9.681910709267627E-4,7.46415792544524E-4,0.0033402034185315583,0.011146777266318806,1.1709088295832528E-4,3.9091372421644295E-4,5.338567165670211E-4,0.0011109442343712232,8.571254373879254E-4,0.005568298236710197,0.022081724089907426,0.003311772485481917,4.960415775254889E-5,0.00739914927560911,0.01599805220977177,1.1845824639009433E-4,1.1309385879098797E-4,8.684959806937086E-4,0.0014245309249634034,0.005713166957444502,2.9486260101519677E-4,0.007373771930935354,0.0022130312944798457,9.40872004321644E-4,0.0018572908658318842,0.00127506807257832,3.830555720484919E-4,1.4118598480125018E-4,8.202000645744803E-4,7.244276323948799E-4,8.962477185383499E-4,0.0010440089922794209,0.035880006444363295,0.004681688950807595,4.105004783443224E-4,6.604427368121669E-4,9.735389270989108E-4,4.0887564940293855E-4,0.017266619697001814,3.371191169582984E-4,1.9053040472158609E-4,6.747335664290415E-4,6.531219405651915E-4,4.058334134589245E-4],[1.274754077492453E-4,0.001001551797324162,1.0,1.6577223741716236E-4,3.9407739402537574E-5,0.0017291334521426578,0.0012979886484182038,2.3744603357898694E-4,1.9227132991665648E-4,1.062602222795922E-4,0.007521712569749445,0.0016763618296797135,3.094398592840791E-4,1.5784943900895142E-4,3.236373231918765E-4,1.7207778856226415E-4,2.8985681113348315E-4,1.1965106490375852E-5,0.0022356172837860117,0.007879804240637441,1.4480146639089903E-4,2.098977481265098E-4,2.5297597716672943E-4,2.672036316374838E-4,1.257901363439687E-4,0.005285128029119027,0.02205006990155508,2.8984441580647685E-4,5.890862458414185E-5,0.007450688006245161,0.02377889952725212,9.025433632375177E-5,1.1485905532623413E-4,1.8461677751894698E-4,7.081675713200133E-4,0.007269002260659521,2.0529773984544723E-4,0.0052454074148824805,0.0017793841630286493,2.0645280776560718E-4,0.0023267811332713002,0.001029663513165924,1.8135453318513E-4,1.8342111833314953E-4,9.033940446575055E-5,3.7473506338444955E-4,2.4996464209660026E-4,3.5976755896230834E-4,0.027820674910996265,0.010563270833081078,1.7852057113308897E-4,1.7068318086777424E-4,2.856239866366636E-4,7.360814496029674E-5,0.015394444810547584,3.4531950301900334E-5,1.619540719032552E-4,1.4104490400783227E-4,1.283104997479793E-4,1.2316657347316278E-4],[1.4243226049116868E-4,2.2648230897557523E-4,1.6577223741716236E-4,1.0,1.3559081530347593E-4,9.631513414361801E-4,3.6035091390155486E-4,6.081623583830925E-4,1.9669953610771694E-4,1.1770507333444806E-4,2.1361304316431842E-4,0.003556423573083776,0.0011142893418008234,1.3519848958935742E-4,2.0184098278938024E-4,1.4950421080943416E-4,2.519189609648163E-4,1.1585190422953176E-4,0.004187191923416062,0.008420328534950434,1.5801290981657176E-4,1.7949392346212483E-4,3.0388498798868395E-4,5.27421931289612E-4,1.2975773352593998E-4,0.0077082688709950165,0.004480655586089198,0.005289283195707559,1.5249289921377853E-4,0.01465530094241437,0.019400799409252406,9.573534498203196E-5,1.465851966728672E-4,1.5950799616276274E-4,7.311995611276381E-4,0.013667156290591035,1.8678139101085728E-4,0.0037093889294135002,2.8862165337492234E-4,1.7981736979668996E-4,0.0014724255052279982,3.0298862843709253E-4,1.4543135813120577E-4,1.3034630790187892E-4,1.4870931528709042E-4,4.145047692165225E-4,1.7462925811945678E-4,3.598111880921085E-4,0.007022521313788635,0.01035315619054584,1.527819510010081E-4,1.3562831306332873E-4,1.702251252966064E-4,7.017976771074442E-5,0.00856812227354081,9.382784114487207E-5,1.6053537037494437E-4,1.0716717461059409E-4,1.3433396716171808E-4,1.0363898331636988E-4],[8.498190907150634E-5,8.059801510665454E-4,3.9407739402537574E-5,1.3559081530347593E-4,1.0,0.00201862011649498,6.954293913837474E-4,6.771293101614306E-4,1.2742367551446047E-4,3.0412931150760856E-5,0.002537778080352611,0.0021566248098624733,1.1450379766750393E-4,9.131944901985095E-5,2.433601344710773E-4,1.2502065880171668E-4,1.5629703527295517E-4,1.3944930820257597E-5,0.0044595345608426365,0.0017985187816014555,3.770542035984048E-5,1.2914893831279676E-4,2.4665982408612636E-4,5.041738197380827E-4,2.669980240368391E-5,0.0029098201989343157,0.006218668919974735,0.004357383870945646,1.599521505623829E-5,0.0026111747694481397,0.02993676073140228,3.77769344238261E-5,9.177184132415823E-5,1.1373104723974651E-4,0.0015409298765320155,0.005946048226328466,2.294339788880137E-4,0.003008667546113093,9.82837303574282E-4,1.0582804560802204E-4,9.027142109700206E-4,0.001477027673607832,1.2754197503841118E-4,4.603732956128256E-5,3.239565262955145E-5,4.986680856391754E-4,6.903901825923629E-5,5.46399205419913E-4,0.005938864392842826,0.007009548957876126,3.392876956109416E-5,2.7690768572825107E-5,3.080789589990044E-4,2.6509622953208085E-5,0.006178663414324867,3.1613008915541344E-5,5.999702342487107E-5,2.4035143685984127E-5,4.6593451996380475E-5,5.806824740666143E-5],[0.0025750046384929873,0.001895072381823047,0.0017291334521426578,9.631513414361801E-4,0.00201862011649498,1.0,0.0024709245412365835,0.001815736547258294,5.832547852696085E-4,0.002984354326759242,0.01004324163973178,0.003086199906191424,0.0020789020254074484,0.0029517747286359006,0.0013348132656424531,0.0016926658552765049,0.002513765587930743,5.746535702041217E-4,0.005148329541133791,0.004057032096247652,0.0012694088853942571,0.0013795298520165313,0.0019265598028662585,0.002092231542549528,0.002986583511050195,0.004762479227531389,0.006010451411410971,0.005032680646534659,4.495996116249353E-4,0.008655091420137808,0.020285904501048706,2.0366620744098488E-4,0.0019510003586098916,1.7141737393461126E-4,0.002025689639271304,0.007672597922775533,5.152931115101075E-4,0.006465568291069521,0.002836783801291387,0.0015015696813863062,0.003031646983217173,0.00238039609174606,0.0015734673714059605,1.3025334218838314E-4,0.0021179652869270046,9.395521156874654E-4,0.0019017276492430688,0.0021629193601673557,0.048556722580816676,0.008063554662340836,0.0012707145594751798,7.588023224794861E-4,0.0018389932193592505,1.2735346529204372E-4,0.014361028923191297,0.0014522405758107732,3.057482107728393E-4,0.0018558644599650095,0.0013399312120232255,0.0028841898180882917],[5.577946332597501E-4,0.001429288640606271,0.0012979886484182038,3.6035091390155486E-4,6.954293913837474E-4,0.0024709245412365835,1.0,0.0014350134916898806,0.0014553816758455214,6.607409823315798E-4,0.0014976434955877745,0.004035072481005795,0.0013587592145713795,0.001052582382555926,6.688522730594574E-4,0.001014474194539356,7.490046243281712E-4,0.0013494349447863887,0.004646093779520321,0.005217636557540254,9.004640122948862E-4,9.877663666274013E-4,8.864426348123831E-4,0.0013610385886259515,5.209399676238835E-4,0.009347447317615453,0.011831577118102992,0.005684898000029736,1.1765190753300688E-4,0.005713304859820283,0.004180455076725618,0.0010339913770375955,0.001132881673326502,7.547059799293395E-4,0.001544869306025714,0.007553729691365688,9.736101814602004E-4,0.005947216173386641,0.0016863052730782765,7.805425843327705E-4,0.0023847874806488876,0.0015013052160338077,8.699147303738421E-4,3.067750185091095E-4,0.0011590315774710033,0.0011046807600865204,5.492318090850393E-4,0.001317424505485899,0.027500974793834003,0.01357833045580045,4.6412240657691295E-4,2.3016959088294062E-4,5.036709567481276E-4,5.061083334617001E-4,0.011267968861953534,8.854163258400452E-4,0.00122392732984975,4.849782672332864E-4,0.001115576890743517,0.0013752101000170207],[6.956564487006137E-4,0.0010647222020658913,2.3744603357898694E-4,6.081623583830925E-4,6.771293101614306E-4,0.001815736547258294,0.0014350134916898806,1.0,8.922746152912311E-4,5.350444494683081E-4,0.004916417152565885,0.0023881206077216864,0.0012928081392270558,0.0012966695908003764,0.0010816795891914516,0.0012325060327928526,6.849814529424987E-4,3.2941101032801193E-4,0.00433333629566457,0.009964515209370577,6.11411173876293E-4,0.0011350174530872126,5.288759237102105E-4,0.0012872427776135752,0.0011238801684985878,0.0047586457804872475,0.021772057165761586,0.0037119164510676585,0.0010826108893453033,0.0016007108393583853,0.024570766047624114,5.540002028644515E-4,4.957839485497947E-4,0.0010104474497896333,0.0013965728233487295,0.0023633750117430003,8.629920788546469E-4,0.005707333895126782,0.002188289777741507,5.960423481250856E-4,0.001825486270360685,0.0013618774712254483,6.687479256742051E-4,1.4868401236020482E-4,3.365407640154736E-4,0.0012082718689447342,6.533502353906317E-4,0.0010643926873835613,0.03289936262077886,0.0030654756258076984,6.728427932494864E-4,0.0011107177310378771,0.0013010787949887903,9.635635629212061E-5,0.004699535455517839,5.351874054450479E-4,8.996857551203975E-4,1.9413502935728373E-4,4.93286246449463E-4,5.223735519664827E-4],[1.774175644913093E-4,6.786730469225984E-4,1.9227132991665648E-4,1.9669953610771694E-4,1.2742367551446047E-4,5.832547852696085E-4,0.0014553816758455214,8.922746152912311E-4,1.0,1.1620540680612376E-4,0.0013591152102600539,2.50089295420741E-4,0.0010342161156884984,1.7957951650862572E-4,2.906121913154083E-4,1.9518522932300157E-4,2.7050809551570085E-4,1.130422006753196E-4,0.005346964862674248,0.009304184906550578,1.7149852050293035E-4,2.1337865614270637E-4,2.628623806952895E-4,8.840759138808868E-4,1.525234449733171E-4,0.003259921491302766,0.014287117155263745,0.0015254909306539463,6.958306477756535E-5,0.012673334386950586,0.0017534258232417411,7.579651856970365E-5,1.9722770230880428E-4,1.8585280984307416E-4,9.9317923374271E-4,0.013882111225845747,2.298848387241901E-4,0.004269673796686346,0.0019484461437854167,2.1659653145000084E-4,0.0015088749273064334,0.0011092380265091653,1.5346039107098659E-4,2.077957635022812E-4,1.9789715295076324E-4,2.7355847152183766E-4,2.1710581854587327E-4,5.364375507399988E-4,0.03593922415477289,0.007300174286866829,1.6271781191299535E-4,1.1208930652482573E-4,2.7035577543558625E-4,4.54216895646715E-5,0.02001896545814165,1.9530840152841067E-4,1.6363380625883156E-4,6.448589461294391E-5,1.7596078976912018E-4,1.5828508533503643E-4],[7.445818421224048E-5,4.4846061788767893E-4,1.062602222795922E-4,1.1770507333444806E-4,3.0412931150760856E-5,0.002984354326759242,6.607409823315798E-4,5.350444494683081E-4,1.1620540680612376E-4,1.0,0.0025836046571856178,0.002003134534249589,8.387727507288707E-4,1.9998027000630004E-5,2.514692570692253E-4,6.975820959995698E-5,3.9334372183247687E-4,1.073388336537832E-5,6.288607617598289E-4,0.004180836215078934,2.332286834973474E-5,1.0129463076335693E-4,1.2235047753062877E-4,7.557053097634904E-4,1.3265928688634553E-5,0.006880100235545134,0.01250897888485926,2.5206579441096757E-5,1.1784104971458418E-5,0.0011003146232763808,0.02605962241870369,1.3339971020771703E-5,1.8053530376726985E-5,6.143857516618016E-5,0.0015516502560473943,0.007659807647711604,3.386524388212244E-5,0.0015362696546282336,2.2119555339472153E-4,5.3410278606002755E-5,0.002153883811262343,2.5163216337744146E-4,9.853788513791587E-5,6.423592988269302E-5,1.0376179963140275E-5,1.8622354057500453E-4,1.6009077856851564E-4,2.9421611432031616E-4,0.020947167955743598,0.01005002002850219,9.193991488685226E-5,1.3832684884512351E-5,6.202518635157586E-5,2.185408718565172E-5,0.007413374465811395,2.539878782722736E-5,4.018979657662835E-5,1.1592985725291614E-5,7.491982566225584E-5,9.872054654181298E-5],[0.006432281345241899,0.0031565333294577237,0.007521712569749445,2.1361304316431842E-4,0.002537778080352611,0.01004324163973178,0.0014976434955877745,0.004916417152565885,0.0013591152102600539,0.0025836046571856178,1.0,0.00928467829973239,0.004499828183746509,0.001247138693632109,0.0039446997771184515,0.006554922685854603,0.0024540755747408647,0.008769509138965122,0.00819082001969882,0.010929070490590644,0.004310068753432096,2.854755291626389E-4,0.005290646991266667,0.0021218988679762452,0.005455296931086302,0.010464149135800927,0.019220858914051994,0.010166772097269381,0.004871243725406999,0.010938812994281013,0.017215423388619314,0.00874030367238761,0.007425152530466731,0.0013047721299916707,0.004516960027203773,0.013278154532376438,6.15633405012556E-4,0.012272388637112325,0.0036199579690193153,0.0061616534423963205,0.004804663712675518,0.005394210018083951,0.009882411518808018,0.006659308410511138,9.802891764055049E-4,0.008168841882538445,0.008723750537164987,0.008130374335859746,0.03413027385811421,0.013574750557189538,0.005939944407277361,0.009713804267456726,0.004851836073112527,0.009529252022990677,0.01146862643330581,0.0029393932149360067,2.0851551787216853E-4,0.0018851324485868657,0.002765661161078804,0.0053182422565755455],[0.0020069567288957444,0.001111700673099611,0.0016763618296797135,0.003556423573083776,0.0021566248098624733,0.003086199906191424,0.004035072481005795,0.0023881206077216864,2.50089295420741E-4,0.002003134534249589,0.00928467829973239,1.0,0.0021572875026163634,0.0040478352423925605,6.652522406344766E-4,0.002130516799819337,0.0040637077158065535,0.00391652649706311,0.005590773997071208,0.01093813355559501,0.0028977962473459786,0.0037183367397236804,0.0017499518566628646,0.0017897837048816304,0.003949374065335403,0.009499672671975337,0.02090160445280185,0.005146190479779749,0.0013684105471595024,0.013643832796899602,0.030341858526938437,0.003024128315541929,0.0032263411336221773,0.004055973253114128,0.0020835185625557927,0.010617046505809724,0.0022778307795743805,0.008680521127454585,0.003963730329796165,0.0014323081950663166,0.0027266990314124833,0.001755091323271454,0.003821652710138571,0.0011807178195037957,2.571891974339627E-5,0.002040737765384818,0.003050907243550808,0.0029198626845959447,0.010219950262137385,0.014372863483632627,0.0016103375494758696,0.0037701461998983247,0.0019532415574512285,2.9458157231083444E-4,0.017124588429136098,0.0036051692141862023,0.001931346352731446,2.3481282248517823E-4,0.0015950477589399292,9.740056117311074E-4],[2.0167487305137967E-4,0.0011555220490738027,3.094398592840791E-4,0.0011142893418008234,1.1450379766750393E-4,0.0020789020254074484,0.0013587592145713795,0.0012928081392270558,0.0010342161156884984,8.387727507288707E-4,0.004499828183746509,0.0021572875026163634,1.0,6.717719287686446E-4,7.260696890369607E-4,4.179788362375289E-4,0.001181754413642671,0.0010570844516252273,0.0012672532033146987,0.0028989972227354737,1.8682619058889923E-4,9.696987487686076E-4,0.0011313581374619917,0.0011608801989073955,7.831906717480229E-4,0.008604945740680426,0.004293732022913515,0.004970534917598622,4.1067347072579484E-4,0.003273257167401236,0.013595664042895202,6.839545518784303E-4,5.087257695093831E-4,5.696277861300747E-4,0.001473526905668948,0.0029939621975869474,3.708557984347676E-4,0.006134417288042065,0.0015767302652094604,9.426964104777064E-4,0.002405598035563587,0.001304026415472596,3.578908198945167E-4,5.961139975482582E-4,6.682720671950839E-4,0.0011418568164706594,5.931037611803054E-4,0.0011768849450471144,0.013737402701106191,0.006626929041474045,5.689718083750573E-4,9.181007385812671E-4,0.0011144291876106157,7.660133556822567E-4,0.001473454156376539,3.924904422988101E-4,0.0011147827188113554,5.497327543226247E-4,8.70986454878037E-4,1.211896834628761E-4],[1.0665228547858486E-4,2.8483412308535417E-4,1.5784943900895142E-4,1.3519848958935742E-4,9.131944901985095E-5,0.0029517747286359006,0.001052582382555926,0.0012966695908003764,1.7957951650862572E-4,1.9998027000630004E-5,0.001247138693632109,0.0040478352423925605,6.717719287686446E-4,1.0,2.0449431965080783E-4,1.1829614047975041E-4,2.916225478664857E-4,1.9924267509514758E-5,9.981300218698285E-4,0.0021087397750734096,6.435720453290546E-5,1.56486105567257E-4,1.8356278200566147E-4,2.168416912066505E-4,8.666692915276083E-5,0.007536320260145378,0.021234511512253022,0.0028089537346690846,6.563167927669068E-5,0.01053344196181688,0.028763104826391075,5.728994061277047E-5,1.056413121844906E-4,1.482218970857897E-4,0.0014692443448866858,0.01289041769387858,1.823233996059402E-4,0.0053203226443256525,5.072675260010491E-4,1.738948158487307E-4,0.00163575746845314,4.048106371199417E-4,1.3763698379063786E-4,1.1643544401826822E-4,5.0710840049824374E-5,1.7698509346568409E-4,1.8380845904209295E-4,8.771691402233504E-4,0.011112703312277417,0.0034494491682480165,1.4895749063797105E-4,8.8669886562872E-5,2.5242267268148287E-4,9.063616066161832E-5,0.01617601651069181,8.791203471221643E-5,1.3362424416869407E-4,2.4180520033139007E-5,1.1224863350607235E-4,1.0279289839543498E-4],[2.80061135547365E-4,9.96044737106812E-4,3.236373231918765E-4,2.0184098278938024E-4,2.433601344710773E-4,0.0013348132656424531,6.688522730594574E-4,0.0010816795891914516,2.906121913154083E-4,2.514692570692253E-4,0.0039446997771184515,6.652522406344766E-4,7.260696890369607E-4,2.0449431965080783E-4,1.0,3.3134612201422527E-4,3.619986276916667E-4,1.2914289353410156E-4,0.0036909371822846145,0.010393353007875281,3.3604810947734167E-4,2.974378775905355E-4,3.3435275402990053E-4,0.0010869166015163604,2.0162193266606157E-4,0.004741048029464617,0.006419370410660565,0.003288171453173188,1.3748654648346328E-4,0.004834610294735475,0.02306762022755587,2.5907365655512566E-4,2.0720386938176454E-4,3.1131294728419483E-4,0.0010670828138925708,0.002914511579114868,2.988083843179113E-4,0.0039653831529002,0.0023947356198726743,3.1537136001475596E-4,0.0018653976827202527,0.0014576376228469827,1.5094858060460777E-4,1.525931155284518E-4,9.73238446383142E-5,4.7869550987524924E-4,2.788012528744161E-4,7.892885189446614E-4,0.04607399767230816,0.004467192618023372,2.7237950651763036E-4,1.434013602574573E-4,3.430453946538239E-4,3.9900862779098905E-5,0.015975779465797167,1.5181981946302638E-4,2.7229753237832384E-4,3.3260149280635255E-4,1.8919933278136564E-4,3.2411474548907305E-4],[1.275282157564654E-4,5.53747267648019E-4,1.7207778856226415E-4,1.4950421080943416E-4,1.2502065880171668E-4,0.0016926658552765049,0.001014474194539356,0.0012325060327928526,1.9518522932300157E-4,6.975820959995698E-5,0.006554922685854603,0.002130516799819337,4.179788362375289E-4,1.1829614047975041E-4,3.3134612201422527E-4,1.0,3.039981701188981E-4,1.2533175833899022E-4,2.235661500251863E-4,0.002576069472343329,8.946111585216264E-5,2.1361502201971698E-4,2.517857804747493E-4,6.037589357649981E-4,5.98271158029346E-5,0.010030287314177766,0.023299324351520777,0.0051020018926089756,7.864825861106903E-5,0.008453836491757313,0.02376985484322227,5.206897431134211E-5,1.313766698722734E-4,1.3510026654154353E-4,0.0011936815128421579,0.010146487993463009,2.2512750588131992E-4,0.0031524955936864463,0.0026516702669140426,1.9637303438247022E-4,0.0014777063734528566,1.6970513923529417E-4,1.3429741725386966E-4,1.2405888639663325E-4,7.716935702322799E-5,1.8390860122779548E-4,1.770279677082901E-4,9.752052951467046E-4,0.012149511060489327,0.008691625335479944,1.3391876574714065E-4,1.2508939924125762E-4,1.682913902470808E-4,7.042413791715123E-5,0.014134351440813072,5.515950793569254E-5,1.333014248557644E-4,1.1669206907158839E-4,1.3229629783686965E-4,1.3226648528200213E-4],[1.6409664026166657E-4,9.681910709267627E-4,2.8985681113348315E-4,2.519189609648163E-4,1.5629703527295517E-4,0.002513765587930743,7.490046243281712E-4,6.849814529424987E-4,2.7050809551570085E-4,3.9334372183247687E-4,0.0024540755747408647,0.0040637077158065535,0.001181754413642671,2.916225478664857E-4,3.619986276916667E-4,3.039981701188981E-4,1.0,2.984531173726576E-4,0.0032975298233669592,0.009803177256662632,1.0762439161878074E-4,2.1677800442326846E-4,3.934340110201916E-4,6.101446887778173E-4,2.2499457985716246E-4,0.0022695639653813647,0.01824063485067302,0.004941141091800924,2.3627350641382215E-4,0.006056697966508976,0.03197424341608025,2.516878297845821E-4,3.3222588317948474E-4,1.8050225290296542E-4,0.0015021056842688867,0.004567828957811739,3.376088976147367E-4,0.011542814635575613,0.0011301582695435496,2.671624505169508E-4,0.0010370773006283306,0.0013938353375781412,1.9216905907917795E-4,2.8536028896848837E-4,8.716840303310791E-5,5.000458876836012E-4,3.69101255682041E-4,6.129547944489456E-4,0.027410234133908046,0.013242958076016104,3.0272545340070863E-4,1.780575286545465E-4,3.279888817731476E-4,1.9649670831492058E-4,0.0013705548847012677,3.926460080122796E-4,3.2884109073921835E-4,1.6624961888314852E-4,1.324646705412595E-4,1.1447076892482364E-4],[1.2002447624937674E-4,7.46415792544524E-4,1.1965106490375852E-5,1.1585190422953176E-4,1.3944930820257597E-5,5.746535702041217E-4,0.0013494349447863887,3.2941101032801193E-4,1.130422006753196E-4,1.073388336537832E-5,0.008769509138965122,0.00391652649706311,0.0010570844516252273,1.9924267509514758E-5,1.2914289353410156E-4,1.2533175833899022E-4,2.984531173726576E-4,1.0,0.0010753054079322391,0.0047550828448737585,2.2434400230454365E-5,1.4215560865146727E-5,1.9786242831870755E-4,0.0011407999043060314,1.628751481797104E-5,0.006489691131725888,0.0034658313514362286,0.0020288050886115004,1.1524052630907987E-5,0.0037211619695360315,0.02039532375012284,3.236925210634811E-5,8.304235913136558E-5,5.496728296613983E-5,6.208483796952811E-4,0.009777972707504533,1.5573537632589566E-4,0.005124739942707883,0.0013754382817570388,2.1070957607323786E-4,0.0024461333103789756,4.918698099395229E-4,1.305209539173878E-4,1.1629918537595111E-4,1.0812219179730034E-5,1.3584642071574757E-4,2.7808065578389516E-5,6.437777682624837E-4,0.009786695780915091,8.326614683512398E-4,5.5655186568604405E-5,1.2646495267280272E-5,1.9720064032672764E-4,2.198527594429211E-5,0.010254865418999375,2.76110695358152E-5,1.3860197389520463E-4,1.1502217599151869E-5,1.2516782280331584E-5,6.807728425273002E-5],[0.004590314010217616,0.0033402034185315583,0.0022356172837860117,0.004187191923416062,0.0044595345608426365,0.005148329541133791,0.004646093779520321,0.00433333629566457,0.005346964862674248,6.288607617598289E-4,0.00819082001969882,0.005590773997071208,0.0012672532033146987,9.981300218698285E-4,0.0036909371822846145,2.235661500251863E-4,0.0032975298233669592,0.0010753054079322391,1.0,0.00899907196173358,3.868318524977982E-4,0.0045096629735635295,0.0013377171840097987,0.0024764411901711495,0.002268564539859838,0.006673111040453121,0.014663787310730094,0.005859662226819816,0.004272876830796527,0.009975737730130003,0.019384295765364698,0.004269352827176256,0.005259066233637451,0.004697641756264869,0.004132199448801568,0.010686269543343754,9.192143415973234E-4,0.010154569288319266,0.0032396957041722274,0.0018195349384502002,0.004298115373211354,0.003137146610743616,0.0038706213520841378,0.0015600064654753085,8.04984046369883E-4,5.847376387159663E-4,0.002236460604162385,0.0037334027962398026,0.024765572109419036,0.01368157621268034,0.0015214385623589816,0.005643030051166228,0.004059858008798964,2.3691978197386672E-4,0.011154256971370409,1.1618264839357407E-4,0.005083767442754889,7.250335540458737E-4,0.004554473663000669,0.0033256053241714303],[0.008937654816879229,0.011146777266318806,0.007879804240637441,0.008420328534950434,0.0017985187816014555,0.004057032096247652,0.005217636557540254,0.009964515209370577,0.009304184906550578,0.004180836215078934,0.010929070490590644,0.01093813355559501,0.0028989972227354737,0.0021087397750734096,0.010393353007875281,0.002576069472343329,0.009803177256662632,0.0047550828448737585,0.00899907196173358,1.0,0.005296603854443414,0.002626297866916496,0.011178637556249602,0.0025899363717523313,0.004379414937828125,0.011804483556744436,0.02111937722043116,0.0076263144524783225,0.010834626984292018,0.014231620007512161,0.01728948170666104,0.0013906253057691643,0.009122790215415445,0.0066147817074599935,0.004091403095675591,0.011978930686654848,0.011076411565113357,0.012144415982050282,0.005125383781199269,0.005428666709385302,0.005692612528462588,0.004240713896283345,0.0022545814575283198,0.0074139152362643216,0.008388506933417424,0.005348039612003946,0.00742694756745964,0.0011791186002079548,0.048892180166445344,0.011539669122115223,0.007896258621945451,0.005584334445322128,0.005230245560788287,0.005483713645706507,0.01949186868205522,0.008907830527762409,0.010793366411516342,0.010493810488690646,0.007465733763264924,0.003006212292707739],[6.77063704256515E-5,1.1709088295832528E-4,1.4480146639089903E-4,1.5801290981657176E-4,3.770542035984048E-5,0.0012694088853942571,9.004640122948862E-4,6.11411173876293E-4,1.7149852050293035E-4,2.332286834973474E-5,0.004310068753432096,0.0028977962473459786,1.8682619058889923E-4,6.435720453290546E-5,3.3604810947734167E-4,8.946111585216264E-5,1.0762439161878074E-4,2.2434400230454365E-5,3.868318524977982E-4,0.005296603854443414,1.0,9.345472377438835E-5,2.1199188435364955E-4,0.001041719523050217,1.753975634229047E-5,8.028037247865836E-4,0.017320460417245206,0.0016794169277738692,2.1036190773330564E-5,0.01129925478237307,8.103211751736226E-4,4.4970833784113514E-5,4.640286373750564E-5,1.4423629415230888E-4,0.0015247707531057765,0.0048487578293984245,7.448064612895399E-5,0.008486321087277914,1.3992599847211074E-4,1.293995873574726E-4,1.8484915825249594E-4,4.08065728597046E-4,7.51279142003273E-5,1.0396607527808372E-4,2.6762618793981786E-5,7.356644233821561E-5,2.329398470108482E-4,6.291290948212561E-4,0.001804672642231315,0.009558031983983573,9.155778734556278E-5,2.8270364250359867E-5,1.4834110152334767E-4,4.292571580822556E-5,3.239048786748734E-4,4.114043802793181E-5,1.1639078206029821E-4,2.1030457240357712E-5,1.0448919435978126E-4,6.21926202976893E-5],[1.6907775580213164E-4,3.9091372421644295E-4,2.098977481265098E-4,1.7949392346212483E-4,1.2914893831279676E-4,0.0013795298520165313,9.877663666274013E-4,0.0011350174530872126,2.1337865614270637E-4,1.0129463076335693E-4,2.854755291626389E-4,0.0037183367397236804,9.696987487686076E-4,1.56486105567257E-4,2.974378775905355E-4,2.1361502201971698E-4,2.1677800442326846E-4,1.4215560865146727E-5,0.0045096629735635295,0.002626297866916496,9.345472377438835E-5,1.0,2.4085701215269755E-4,8.375373638615587E-4,1.1770269361283413E-4,0.004639208536528039,0.008856284591083948,5.305311041336857E-4,4.2909052167363045E-5,0.013431852749666372,0.027070763916202785,1.8628121574117753E-4,1.6960130687015802E-4,2.0994385755161065E-4,0.0013447754989779727,0.011379016910864882,2.252221863913269E-4,0.005110355963514956,0.002451267450192123,2.176569653671839E-4,5.052941038882436E-4,7.488036109553514E-4,2.028302957946795E-4,1.9228167947936626E-4,7.438444478309815E-5,2.859369834017861E-4,2.248687691581149E-4,4.5501581798563834E-4,4.3564303065300557E-4,0.0046827535976738735,1.5200604084958578E-4,1.3970195997377457E-4,2.698232431142596E-4,6.807062682406253E-5,0.01774544309280216,4.6628643099150194E-5,1.5878681272854376E-4,1.700743808855739E-4,1.6123785229438963E-4,1.451509207728869E-4],[2.2871920040360387E-4,5.338567165670211E-4,2.5297597716672943E-4,3.0388498798868395E-4,2.4665982408612636E-4,0.0019265598028662585,8.864426348123831E-4,5.288759237102105E-4,2.628623806952895E-4,1.2235047753062877E-4,0.005290646991266667,0.0017499518566628646,0.0011313581374619917,1.8356278200566147E-4,3.3435275402990053E-4,2.517857804747493E-4,3.934340110201916E-4,1.9786242831870755E-4,0.0013377171840097987,0.011178637556249602,2.1199188435364955E-4,2.4085701215269755E-4,1.0,4.4149221565944953E-4,2.0354151202726397E-4,0.006527032901305986,0.023514108555582437,0.003165431888297746,7.284444488067618E-5,0.006428034534290801,0.019075800149942916,2.5261580184474396E-4,2.7121206376189285E-4,2.2756935253951681E-4,3.6733544979034976E-4,0.009351261007175883,2.606306098149486E-4,0.00801210394785638,0.0015406123785495747,2.201899534933923E-4,0.002523850735244725,9.196494442284626E-4,1.9493279042922688E-4,2.2662764949318945E-4,2.637598134909108E-4,5.294570988433007E-4,2.8044261157543217E-4,8.988082535434224E-4,0.021134141178912838,0.011356089522248305,1.946101751585182E-4,2.8765568098486924E-4,3.2320383744987907E-4,8.299993434465222E-5,0.015443436210714454,1.3593843280128296E-4,2.3960674335012625E-4,2.1233830055778256E-4,1.5517821781577498E-4,1.341903881295764E-4],[5.677662954359679E-4,0.0011109442343712232,2.672036316374838E-4,5.27421931289612E-4,5.041738197380827E-4,0.002092231542549528,0.0013610385886259515,0.0012872427776135752,8.840759138808868E-4,7.557053097634904E-4,0.0021218988679762452,0.0017897837048816304,0.0011608801989073955,2.168416912066505E-4,0.0010869166015163604,6.037589357649981E-4,6.101446887778173E-4,0.0011407999043060314,0.0024764411901711495,0.0025899363717523313,0.001041719523050217,8.375373638615587E-4,4.4149221565944953E-4,1.0,6.562517638622254E-4,0.011257234070780732,0.018315662511550417,0.003882449580661906,2.935804865837928E-4,0.011018391330783858,0.016238132622844483,7.041829798276401E-5,8.377205239562976E-4,9.883110406562127E-4,0.0014968093721626158,0.006527715613486276,9.525715260943128E-4,0.004791090170508517,0.0026580245167102173,0.001038728941510677,0.002210072877490159,0.0014774542610762797,7.91394603278716E-4,4.1585668752259944E-4,0.0010586107896208045,0.001133780926944931,6.011405835324643E-4,0.0011217166026310046,0.02010861931700975,0.01120814559343109,2.0629806159759621E-4,4.2306387744465914E-4,8.826669679070612E-4,2.911754985032574E-4,0.018230050363067574,3.678523453724917E-5,0.0010710066558900734,4.649294238468148E-4,3.5016905751246484E-4,0.0010316166133138966],[2.5200029240989874E-5,8.571254373879254E-4,1.257901363439687E-4,1.2975773352593998E-4,2.669980240368391E-5,0.002986583511050195,5.209399676238835E-4,0.0011238801684985878,1.525234449733171E-4,1.3265928688634553E-5,0.005455296931086302,0.003949374065335403,7.831906717480229E-4,8.666692915276083E-5,2.0162193266606157E-4,5.98271158029346E-5,2.2499457985716246E-4,1.628751481797104E-5,0.002268564539859838,0.004379414937828125,1.753975634229047E-5,1.1770269361283413E-4,2.0354151202726397E-4,6.562517638622254E-4,1.0,0.005638648885052228,0.016794779926239265,0.002958984190047327,1.442891354564688E-5,0.00988617390899792,0.0025964952982540507,3.202613252342024E-5,8.864334580429542E-5,6.447785540637126E-5,3.387271445858282E-4,0.009228211978334244,2.4035345195344984E-5,0.009313384640591026,0.0013898122963624338,1.1315155700985049E-4,0.001534711546686004,1.0680004732449306E-4,1.41748388558517E-4,7.456218923824066E-5,1.597168250086581E-5,4.972788241188883E-4,4.954594660710566E-5,1.072964722316603E-4,0.012577809089988505,0.004695108347286596,5.0737672316102596E-5,1.6335258536565344E-5,1.898530817581859E-4,1.8555024643621068E-5,0.003242473537535552,1.9167838359655617E-5,6.925608122368075E-5,1.4506729767131607E-5,1.0390754841893337E-4,5.9197634369596725E-5],[0.0023377473923673424,0.005568298236710197,0.005285128029119027,0.0077082688709950165,0.0029098201989343157,0.004762479227531389,0.009347447317615453,0.0047586457804872475,0.003259921491302766,0.006880100235545134,0.010464149135800927,0.009499672671975337,0.008604945740680426,0.007536320260145378,0.004741048029464617,0.010030287314177766,0.0022695639653813647,0.006489691131725888,0.006673111040453121,0.011804483556744436,8.028037247865836E-4,0.004639208536528039,0.006527032901305986,0.011257234070780732,0.005638648885052228,1.0,0.018483517819241957,0.010792579087985022,8.127487589035544E-4,0.013761937340584283,0.028901807441919728,0.008075996176661392,0.009745119191401615,0.004217722010481935,0.008275574770433686,0.012762336301092156,0.011636029173255203,0.012259196270854431,0.008156440418578152,0.0027355427295228775,0.0029542083306244795,0.006006505968186596,0.0106168804580202,0.006597558290118267,0.0033903237884169595,0.003998752504717853,0.00479462436923828,0.0028191126863069105,0.027860840605941243,0.012635105341669462,0.0019892755283131627,0.004325395275585062,5.169323289527635E-4,0.0036155203262422993,0.022589092726657045,0.008521376662084398,0.006625576985146864,3.029909787676581E-4,0.011847261902102921,0.0029907687485276045],[0.020893153133481758,0.022081724089907426,0.02205006990155508,0.004480655586089198,0.006218668919974735,0.006010451411410971,0.011831577118102992,0.021772057165761586,0.014287117155263745,0.01250897888485926,0.019220858914051994,0.02090160445280185,0.004293732022913515,0.021234511512253022,0.006419370410660565,0.023299324351520777,0.01824063485067302,0.0034658313514362286,0.014663787310730094,0.02111937722043116,0.017320460417245206,0.008856284591083948,0.023514108555582437,0.018315662511550417,0.016794779926239265,0.018483517819241957,1.0,0.016719427380894963,0.019116840204566526,0.021455187509017228,0.02494150974708389,0.01401317310489359,0.014429940443584234,0.02367905972949764,0.011384894439564272,0.021313374703859626,0.003804646311618641,0.01945480885771044,0.021497347759293326,0.015584764450799999,0.019594826007067995,0.01621384384947455,0.0151010197363818,0.022716617663005773,0.02159635572988464,0.004894570548496671,0.008150312109312207,0.0014639987367298794,0.03180734760451064,0.016061906247649273,0.016895711251012115,0.004725170565497684,0.004406438756742639,0.022849887770382576,0.023622996906516938,0.023385722143486602,0.02067653091467821,0.005856107696547373,0.01598586962791573,0.0195359066813149],[0.003873581406741318,0.003311772485481917,2.8984441580647685E-4,0.005289283195707559,0.004357383870945646,0.005032680646534659,0.005684898000029736,0.0037119164510676585,0.0015254909306539463,2.5206579441096757E-5,0.010166772097269381,0.005146190479779749,0.004970534917598622,0.0028089537346690846,0.003288171453173188,0.0051020018926089756,0.004941141091800924,0.0020288050886115004,0.005859662226819816,0.0076263144524783225,0.0016794169277738692,5.305311041336857E-4,0.003165431888297746,0.003882449580661906,0.002958984190047327,0.010792579087985022,0.016719427380894963,1.0,0.0029990959899380506,0.014077565568589127,0.024218233370670316,0.005601510919496686,5.663916260742924E-4,0.0023174421666603074,0.005171728560767402,0.007413331552550732,0.0020808365110642543,0.007466814061487805,0.0028875524611729807,3.701104479050675E-4,0.004628225740343028,0.0027122706555710767,2.5707957033009794E-4,0.0014995511657265026,0.004676619698784662,0.0024155089221294685,0.004453093141227867,0.0015567418221472081,0.018071329729740786,0.008502312066021794,0.0012002899228229316,6.005327796587702E-4,0.0043854364191217915,0.005595088037276215,0.015075350892195775,0.0029594771223167412,0.00553359253545829,0.0037484947681280054,5.208129919002684E-4,0.0038349594245590123],[6.1047146450222E-5,4.960415775254889E-5,5.890862458414185E-5,1.5249289921377853E-4,1.599521505623829E-5,4.495996116249353E-4,1.1765190753300688E-4,0.0010826108893453033,6.958306477756535E-5,1.1784104971458418E-5,0.004871243725406999,0.0013684105471595024,4.1067347072579484E-4,6.563167927669068E-5,1.3748654648346328E-4,7.864825861106903E-5,2.3627350641382215E-4,1.1524052630907987E-5,0.004272876830796527,0.010834626984292018,2.1036190773330564E-5,4.2909052167363045E-5,7.284444488067618E-5,2.935804865837928E-4,1.442891354564688E-5,8.127487589035544E-4,0.019116840204566526,0.0029990959899380506,1.0,0.013608619529710667,0.026330410104828738,2.2533737649637477E-5,5.711815652942426E-5,1.291111615973701E-4,8.822422268486785E-4,0.009380420580283835,1.8804727735164054E-4,0.01026821062282368,0.0025746254462386308,1.3997229615136014E-4,0.002514771882821384,2.794020880789065E-4,7.523900661009679E-5,1.1494574700881744E-4,1.0562999122056507E-5,4.116362959536764E-4,6.276279482494351E-5,7.840366302805393E-4,0.04406721596449473,0.006662486886306869,9.19131355332324E-5,1.4407058406502036E-5,1.8833869729600368E-4,2.3096464882724855E-5,0.01879324597496908,1.329188763693729E-5,4.244236028312725E-5,1.2816705119230129E-5,5.871266799164238E-5,1.4552224348087166E-5],[0.014518648269765079,0.00739914927560911,0.007450688006245161,0.01465530094241437,0.0026111747694481397,0.008655091420137808,0.005713304859820283,0.0016007108393583853,0.012673334386950586,0.0011003146232763808,0.010938812994281013,0.013643832796899602,0.003273257167401236,0.01053344196181688,0.004834610294735475,0.008453836491757313,0.006056697966508976,0.0037211619695360315,0.009975737730130003,0.014231620007512161,0.01129925478237307,0.013431852749666372,0.006428034534290801,0.011018391330783858,0.00988617390899792,0.013761937340584283,0.021455187509017228,0.014077565568589127,0.013608619529710667,1.0,0.026436406377564902,0.004455506597182752,0.006424232738978562,0.014449883164762537,0.0066783169361431935,0.01513593921959697,0.008997971041612172,0.012609766354258043,0.008150181448575052,0.0019891389360392367,0.004721212131360056,0.005937440842153957,1.94542612414494E-4,0.006888336571642928,0.014242243908791105,0.007041258377112562,0.006763311336686009,0.014110998218635703,0.026238339215377222,0.014911129687440452,0.00525068802816243,0.01062641504248381,0.014235335087553003,0.013538514711224971,0.017131382821312838,0.010913877184722613,0.01177934538262381,0.0134864181240055,0.005709527455554797,0.010401309195235619],[0.007502216628981491,0.01599805220977177,0.02377889952725212,0.019400799409252406,0.02993676073140228,0.020285904501048706,0.004180455076725618,0.024570766047624114,0.0017534258232417411,0.02605962241870369,0.017215423388619314,0.030341858526938437,0.013595664042895202,0.028763104826391075,0.02306762022755587,0.02376985484322227,0.03197424341608025,0.02039532375012284,0.019384295765364698,0.01728948170666104,8.103211751736226E-4,0.027070763916202785,0.019075800149942916,0.016238132622844483,0.0025964952982540507,0.028901807441919728,0.02494150974708389,0.024218233370670316,0.026330410104828738,0.026436406377564902,1.0,0.016874939116533393,0.006107837414518882,0.028297021896003704,0.021019138922336648,0.02272047458008732,0.008723073743037858,0.02158929175088494,0.024850147602664855,0.031172398332583208,0.016408358487189457,0.028885964199157007,0.03142212872299349,0.02745804297238782,0.02589569368107267,0.021332467112456316,0.03259306057517816,0.003298289742941385,0.04934108339923336,0.031155040605247,0.020611486991999904,0.01611160532540388,0.011187488453858552,0.008262166738437096,0.026112659393162884,0.021382277033055223,0.002067424117211314,0.018988081000162617,0.029486173832034925,0.033063599560394],[1.0584285589143984E-4,1.1845824639009433E-4,9.025433632375177E-5,9.573534498203196E-5,3.77769344238261E-5,2.0366620744098488E-4,0.0010339913770375955,5.540002028644515E-4,7.579651856970365E-5,1.3339971020771703E-5,0.00874030367238761,0.003024128315541929,6.839545518784303E-4,5.728994061277047E-5,2.5907365655512566E-4,5.206897431134211E-5,2.516878297845821E-4,3.236925210634811E-5,0.004269352827176256,0.0013906253057691643,4.4970833784113514E-5,1.8628121574117753E-4,2.5261580184474396E-4,7.041829798276401E-5,3.202613252342024E-5,0.008075996176661392,0.01401317310489359,0.005601510919496686,2.2533737649637477E-5,0.004455506597182752,0.016874939116533393,1.0,4.6714366559558416E-5,1.2114045911777553E-4,5.644038423733824E-4,0.012448320944141078,2.154630177641681E-4,0.002951383850881703,0.0010877464050810877,1.705372169100143E-4,0.00226739816288741,0.001343282998329613,1.0