[[1.0,0.006310877307163917,5.481177062389137E-4,7.371119492206114E-4,0.002509117913950913,2.763581247403139E-4,0.0035492630368392838,0.0016539731747771428,0.022988355935822616,0.0016055503137714121,3.724342278638844E-4,0.0017272784825890937,0.0013981229413683543,0.003861656096850053,0.0018814765253058912,0.0021378533548069376,0.0014642162089464456,0.0012660293696654793,0.01770274839246403,0.0016496168214546322,0.0016279329194788016,0.0019030503710332416,0.0014686513576468582,0.0011906320207042648,2.2862058244589839E-4,0.00645677431435154,0.0015458823099408303,0.0018156113309277053,0.04147028924106593,0.001782328752741356,0.004079036987380946,0.002349487178928809,7.309607749082241E-4,0.001654390041857168,0.0016856142749129945,0.0014261955978355292,0.006141178509743897,0.0024742650190344947,4.105028936993177E-4,6.926732543631864E-4,0.001783548948514161,0.0011459444485177868,7.460183038278452E-4,0.027204114156696102,8.813646130333226E-4,0.020656710648901302,0.0010436845235691438,0.0012282544805823506,0.012501722573064224,6.494668138357612E-4,0.0014531531866783342,0.011551592576881231,0.007322714167792786,9.646696266994219E-4,0.0018759241728568362,0.0013411669742471911,0.0017239821206674936],[0.006310877307163917,1.0,0.01055965218847537,0.025312373740474754,0.013883905385859536,0.003068716876169676,0.01355263683231981,0.004863668258569471,0.03052900431630494,0.030111027280322077,0.020507209262684213,0.028627100118107943,0.01968653170073463,0.030250786005025163,0.004135055036799878,0.01119073378946296,0.002601526177041297,0.010116612068555185,0.027888892940486576,0.00984421776880759,0.029349385302030594,0.021002259672396526,0.018898891280734062,0.0046300569844663925,0.02039218619490622,0.01308742181951163,0.0015327170019270888,0.008219400549599363,0.041278247517990245,0.024475613488596244,0.017587538325231994,0.018785214944666055,0.006044593056273766,0.02529515236287921,0.01866932132224925,0.028016368517231823,0.07500784206479542,0.013767255489794891,0.011970764091901339,0.02605961318144581,0.020312415671860293,0.016529432998271386,0.027162884924019345,0.04391243490250167,0.0034483815193164895,0.022610048018262045,0.010053382930453995,0.010474278486347386,0.022239460850220494,0.001517082821994283,0.010718843518968508,0.0262055967850951,0.018492498750169284,0.0033785335823552864,0.004388749921387357,0.018903757886886904,0.0205199582264757],[5.481177062389137E-4,0.01055965218847537,1.0,1.9174894848190602E-4,7.985373747335854E-4,1.0395713364531558E-4,2.2620445855112722E-4,5.454655957681657E-4,0.024394090223142463,4.0255147438802145E-4,1.8573593035262374E-4,2.196948674561583E-4,1.956763308701075E-4,0.0035509282066281825,0.0015651631064135156,0.0014225827998990551,1.6316649598593203E-4,1.272969536174005E-4,0.01596318353097301,0.0014607605123247724,5.43585342862858E-4,5.378547649476505E-4,6.030884065955056E-4,4.421775344433355E-4,1.0064847580763681E-4,0.007185608594463763,3.3858049377188204E-5,9.433159645907769E-5,0.04141032766426926,2.2217589276246166E-4,0.002057837293754551,0.002574408680604601,1.7798510381321464E-4,2.2098051683660166E-4,0.0014152719636776234,1.8494379137340352E-4,0.08412837003127784,0.001258381444544234,1.609255117754035E-4,1.8006343859869984E-4,6.200768290204735E-4,1.1938191249204312E-4,1.4452761087626486E-4,0.005187656028477739,1.1210860213355728E-4,0.0021690404068600245,1.8334606289823816E-4,1.0771612056720136E-4,0.0104850632456332,3.894032472950904E-5,2.750961506027328E-4,0.015016976153923415,0.004006624332658151,1.3928940594084763E-4,0.0012869650800170864,3.262020231080795E-4,1.1375023550507162E-4],[7.371119492206114E-4,0.025312373740474754,1.9174894848190602E-4,1.0,2.322398158641983E-4,1.4852259009007562E-4,0.0018140215753132142,9.363276944874228E-4,0.024305209896030307,2.5796451244349515E-4,1.5347245437882827E-4,2.3755771100759043E-4,1.922641890836232E-4,0.009144444440647716,0.0013490965899858732,6.969322230467907E-4,1.6911601220489156E-4,1.5226694105165007E-4,3.6375058123011713E-4,8.218492493755609E-4,6.558603542175686E-4,7.459789414311532E-4,8.012406263577076E-4,4.24974249734488E-4,1.0267541132977199E-4,0.0027627586385504358,1.0842016783055547E-4,1.7756900333565687E-4,0.025226136401208025,2.078285395509176E-4,0.006290561468260225,0.0017149913020591528,1.6627463101403242E-4,2.0732834902057482E-4,0.0014120160740742527,1.815062141264949E-4,0.05348720721277588,0.0018256332649634768,1.7492274290344402E-4,1.6036370436277493E-4,0.001119895652533331,1.5560339139100043E-4,1.1441138470817471E-4,0.023014469937702172,1.6761674091184022E-4,0.015087125395138684,7.924017333674334E-5,1.513272166929708E-4,0.0053349877726241906,2.354732574344025E-5,3.2665421613097E-4,0.017174174264226863,0.011864435119853462,2.0066930250339698E-5,6.866015654552134E-4,2.7536835911366937E-4,1.5865208236109316E-4],[0.002509117913950913,0.013883905385859536,7.985373747335854E-4,2.322398158641983E-4,1.0,3.145527010516629E-4,0.0031961456399556658,0.0025536936324940243,0.01941234403948997,0.0018730067916489675,0.001324770296510429,0.0016224819204933034,0.0022238230428903096,0.006072461242928711,0.0024772244133681016,0.0024539418996066672,0.0021463845261983716,2.2709913115046668E-4,0.016403457996005906,0.0020359511174749376,0.0022246727010622118,0.0025314685293283973,0.0016625872486077482,0.0021323549200512834,0.001897342877251091,0.009866003586411227,0.0020152397049815743,0.0010040341476724053,0.03175300672782215,0.0012487990265943353,0.006580288761719068,0.002603133904977696,0.001502909899938982,4.732266175800899E-4,0.0022519426328158135,4.821049858460566E-4,0.02806617544681834,0.0028720164896825096,0.0025567231768755918,0.0014628085835809942,0.002060446975865784,0.001900679441228194,1.8546023229547466E-4,0.011439094114537586,0.0011447143517591997,0.0037990039003706804,0.001433110079340729,0.002377871297933214,0.013262201368405856,0.0023152834457088973,0.0022120887869210284,0.0073270246591935345,0.008848363309500071,0.0025446528977398557,0.0024302771003302014,0.0018740270229344522,0.0024685868801346362],[2.763581247403139E-4,0.003068716876169676,1.0395713364531558E-4,1.4852259009007562E-4,3.145527010516629E-4,1.0,0.0033501283111579574,3.435416869506317E-4,0.012357285338844063,7.414461180821311E-4,1.1314735607555947E-4,1.2929849009508715E-4,2.2643427128240533E-4,0.008251061660435176,9.397284024316629E-4,0.00218978834709068,1.3443665084635162E-4,6.783509962749671E-5,0.01871088445697558,0.0010223161777661966,5.951793947652969E-4,5.864727116033799E-4,8.910456303703145E-4,4.127581451260197E-4,3.964833457237341E-5,0.008684978797158086,1.574321832131053E-5,1.8149004760559912E-5,0.03031904578042998,6.457499774044324E-5,0.006178053462230531,6.28016170408624E-5,1.1659862651841828E-4,1.671009316053741E-4,8.3232535513351E-4,1.4644088338436182E-4,0.0815340916591421,0.0037317751053626415,9.492982381550815E-5,7.447992532552031E-5,0.0012021486575373404,1.0253640635516341E-4,8.473388777887552E-5,0.004085312659428417,1.595056664645479E-5,0.007983104783541141,1.736772481428626E-5,1.6389166275435568E-5,0.008552310141388197,1.749564983739871E-5,3.15807863621348E-4,0.016091502587996902,0.004779422161590543,1.6507160705394606E-5,0.0012963982010180427,0.0010214226107589479,4.144068420958545E-5],[0.0035492630368392838,0.01355263683231981,2.2620445855112722E-4,0.0018140215753132142,0.0031961456399556658,0.0033501283111579574,1.0,0.0025948252166168332,0.018359384258547044,0.003255530057979672,0.003982864493968186,0.0034841241874010516,0.0038548171101740955,0.008835144698120467,0.004169311668949202,0.0024691299013446587,0.0011904767223883085,0.0017194135518761753,0.017268145310558335,0.0025308046530473586,0.00449720048015224,0.00321476323129924,0.0020472310357833833,0.004125921404465186,9.15623368836052E-4,0.009045606522481424,0.0033810618522966025,9.95540826081836E-4,0.02607541497589474,0.0036877243215968154,0.0052473073020561315,0.003773753927893442,0.0015718527930769742,0.0020858763195665594,0.003685650658711262,0.0021382998364442027,0.0742079173285088,0.00439829506717368,6.609492518261104E-4,0.004312627964520448,0.001935738665758125,0.00286711989296207,8.974569403118894E-4,0.04508204053631785,0.002004967951373357,0.012762129423177448,0.0026024308500284072,0.0021139669847454402,0.00903355395319,0.0021050092703678003,4.847590590292746E-4,0.010355453310518507,0.006789603432787281,0.0016260679811138537,0.00344209181866817,0.0027502753911596563,0.001952303226554866],[0.0016539731747771428,0.004863668258569471,5.454655957681657E-4,9.363276944874228E-4,0.0025536936324940243,3.435416869506317E-4,0.0025948252166168332,1.0,0.019011959588788357,0.0012509001197446722,3.911232892531674E-4,4.916808201535969E-4,5.872190523812932E-4,0.004151278404315685,0.0012752633157316318,0.0012964367159690059,9.8118474700166E-4,0.0010070657233120655,0.006264143446488329,0.0012670537798978908,0.0011084232461075416,0.0017471077326591776,0.001101257918217903,0.001091309747591472,0.001077444118424566,0.012101507856008623,1.779206998274106E-4,4.6967064818796315E-4,0.03959746780958953,4.100455462506617E-4,0.00279399418257522,0.0023226976803349146,6.35618216741031E-4,8.302326923549595E-4,0.0013634922010288886,9.298733269286423E-4,0.05145867585629486,0.0026407118341172354,2.1550330900287252E-4,7.016667935104919E-4,0.0013642781973758414,7.668087561952123E-4,4.046328482081808E-4,0.028781604270802418,0.0010041886142451986,0.007216018622327991,0.0010794325269033293,4.431155981515613E-4,0.006826607825517682,1.985827203753835E-4,9.996041506212367E-4,0.010820037947760161,0.009570685558782,4.671143940182878E-4,0.0013936856465346084,0.0011861107599643193,5.514526594156989E-4],[0.022988355935822616,0.03052900431630494,0.024394090223142463,0.024305209896030307,0.01941234403948997,0.012357285338844063,0.018359384258547044,0.019011959588788357,1.0,0.01565636842330243,0.02430718773725162,0.01321700663852488,0.008671675111456086,0.014739052614603206,0.011150207860427556,0.0264031253232987,0.026855486535532786,0.012800725349600986,0.0286873369517602,0.019864185077476334,0.010675964906925631,0.020370070960972125,0.018928540659342727,0.02578595348721342,0.02913749786187281,0.013464266441113952,0.02028424014098994,0.003743095039769656,0.03415923049623902,0.00862864495376321,0.008127141511370358,0.024089267840782986,0.031206764852286066,0.02028500483331923,0.02585845511456125,0.016798338823124738,0.06102038554535509,0.027211670344241035,0.014372386945202029,0.018529356474365793,0.004107863747319602,0.010593246100681734,0.024265353668700605,0.040618538777000376,0.028771204586070756,0.02576608859662136,0.010719269313307604,0.01986770337134943,0.021835542490535036,0.02489962555622651,0.014484458279221506,0.028959715193296702,0.02320177906005738,0.017417657120087124,0.007672109437916595,0.015833550653880517,0.00636653730403055],[0.0016055503137714121,0.030111027280322077,4.0255147438802145E-4,2.5796451244349515E-4,0.0018730067916489675,7.414461180821311E-4,0.003255530057979672,0.0012509001197446722,0.01565636842330243,1.0,3.588640536316461E-4,7.950187439350677E-4,6.561497472859461E-4,0.007200631578082678,0.001782555871519354,0.0021006743979551175,1.6335542441895296E-4,0.00103726320180966,0.0016281481216411289,0.0015670903031770685,0.0015326851492037728,0.0017836738479488736,0.0010845474669330865,0.0011363804729277174,2.053277165647911E-4,0.008903511880662098,0.0013311191148133927,9.84240051008279E-4,0.04068912424713344,5.81393946268456E-4,0.007386906318816376,0.0018677364416316263,3.4727863378723506E-4,2.433127527232966E-4,0.0016476376043987816,4.992608599218934E-4,0.07748267524968329,0.0019229574857592652,8.079231293845812E-4,7.645360153519693E-4,0.0016012868121353643,0.0014493676750592839,0.0014226103299336793,0.019692366360667547,6.262601777837363E-4,0.015555667962489805,9.704549180520852E-4,3.0534161531757645E-4,0.009413569443678882,1.0923427150026463E-4,4.670316773117217E-4,0.017972563119917868,0.00728717777783354,6.600106809390799E-4,0.001844858447288876,0.0013755472514347567,1.517098422839652E-4],[3.724342278638844E-4,0.020507209262684213,1.8573593035262374E-4,1.5347245437882827E-4,0.001324770296510429,1.1314735607555947E-4,0.003982864493968186,3.911232892531674E-4,0.02430718773725162,3.588640536316461E-4,1.0,2.0548996891859596E-4,2.3664455949972654E-4,0.008678157562344005,4.449306674946052E-4,0.001978374836544183,1.3445981654813444E-4,1.043927380969395E-4,0.022023891949084055,0.0015531893810660968,5.294963045901988E-4,0.001012715812251972,4.427698371527788E-4,3.7735297693070144E-4,5.570166143277505E-5,0.006738735898914392,1.9005969737911433E-5,1.0610070183480493E-4,0.008246717316547266,1.7659058186213775E-4,0.0033547697576211083,0.0013220842208542462,1.3662949131888725E-4,1.861364288207373E-4,0.0011834517907829936,1.6833452238183426E-4,0.0020241891877971507,0.002207831046700096,1.4287947436294324E-4,1.3038969904817909E-4,0.0013739103847505293,1.2521168546752884E-4,1.2398895179590848E-4,0.022136684723586812,1.2071387563857031E-4,0.010477877610927524,3.980210418773134E-5,1.1470518005830138E-4,0.002273830829591205,1.0495386294851487E-4,2.786286226869433E-4,0.008138880592413305,0.013814151382493409,2.2513568174926408E-5,0.0010857801851454601,8.908299023117175E-4,1.225304978478712E-4],[0.0017272784825890937,0.028627100118107943,2.196948674561583E-4,2.3755771100759043E-4,0.0016224819204933034,1.2929849009508715E-4,0.0034841241874010516,4.916808201535969E-4,0.01321700663852488,7.950187439350677E-4,2.0548996891859596E-4,1.0,3.7434295869013417E-4,0.008938993123548025,0.0012135596376641462,5.277033446685247E-4,2.700359823441424E-4,3.273913168784741E-4,0.01160372059163887,0.0011431238609702402,7.302181176577045E-4,0.001377573147788171,9.004278492052194E-4,5.231242556048519E-4,3.31679938507367E-4,0.008545838975825526,1.342199869113442E-4,3.199841860071095E-4,0.013568874900273463,2.918048638050827E-4,0.0019529268522416612,0.0011540953904446282,2.809144171964433E-4,3.7446690806908315E-4,8.528988529121543E-4,3.6924785986137303E-4,0.04830830502470485,0.0024951705416202765,2.3876886093716917E-4,2.9195182095387154E-4,8.573293912669603E-4,3.220684904922873E-4,1.2584641484046354E-4,0.03341669850008363,2.0496242728332247E-5,0.020370693573165073,2.1270231049706802E-4,1.525140021330595E-4,0.001757659978509572,6.712778022994323E-5,3.641257946007362E-4,0.016360562004055855,0.012345360046024961,4.6459943622626445E-5,0.0018431292023277268,4.5838247140901834E-4,2.6428774545221643E-4],[0.0013981229413683543,0.01968653170073463,1.956763308701075E-4,1.922641890836232E-4,0.0022238230428903096,2.2643427128240533E-4,0.0038548171101740955,5.872190523812932E-4,0.008671675111456086,6.561497472859461E-4,2.3664455949972654E-4,3.7434295869013417E-4,1.0,0.002138605474058123,4.216925615088132E-4,5.008680061047016E-4,1.510536925519539E-4,2.4874537341356524E-4,0.010592499713496507,0.0014718085348611797,9.844069115348163E-4,6.888790198545456E-4,3.515773698814571E-4,8.375499627257519E-4,7.259496291377919E-5,0.003324756713251874,5.633463076625531E-5,1.1550798676415611E-4,0.015272598600163093,2.3827000160370998E-4,0.007752407330583377,8.304918451659178E-4,1.8560360242804165E-4,2.488942161829288E-4,0.001648997660820325,1.8471494414997524E-4,0.05409754101876973,0.0015051333356127842,2.15303875938526E-4,1.6900515518040497E-4,0.0011634044025736474,1.073961153875452E-4,2.133290175373217E-4,0.027525170072219805,1.2473067056071685E-4,0.014478123403959275,1.029834299847125E-4,1.8318049615705204E-4,0.010307343093365999,1.1079651225889845E-4,3.0456125813602223E-4,0.01376464784544508,0.002886279348098118,2.3656730015583972E-4,0.001072398713158537,6.94175016475982E-4,1.1030156572489178E-4],[0.003861656096850053,0.030250786005025163,0.0035509282066281825,0.009144444440647716,0.006072461242928711,0.008251061660435176,0.008835144698120467,0.004151278404315685,0.014739052614603206,0.007200631578082678,0.008678157562344005,0.008938993123548025,0.002138605474058123,1.0,0.008023967108537405,0.006983759963636838,0.006915678058340251,0.0010858332521780732,0.01958604141271081,0.00928877674790571,0.009227247996718813,0.010007758168601392,0.010756615554667356,0.001384967117192205,0.005691810303159313,0.01201522309675718,0.008181315091697275,0.0013303392387014707,0.048224104122486525,0.0024033228705400748,0.0106332468590239,0.003697516564888532,0.004254120334676439,0.007008121990396211,0.0028184373230032795,0.0028183166244798445,0.022187911944488554,0.010942990845754872,7.69693311672405E-4,8.415001999564079E-4,0.010236999941071636,0.010067361326949928,0.010423612330417947,0.037179468556480015,0.003704535936264064,0.02155848210027172,0.006091286113822262,4.5712062591203394E-4,0.01288016606963209,0.007704585992068523,8.436363022321966E-4,0.012173211790788247,0.013107178447994904,0.0033028016103660665,0.0022752202807130753,0.007899771726869622,0.0025861902782026215],[0.0018814765253058912,0.004135055036799878,0.0015651631064135156,0.0013490965899858732,0.0024772244133681016,9.397284024316629E-4,0.004169311668949202,0.0012752633157316318,0.011150207860427556,0.001782555871519354,4.449306674946052E-4,0.0012135596376641462,4.216925615088132E-4,0.008023967108537405,1.0,0.0019795335577893233,0.0018406210865765612,0.0011031203067095514,0.02185000863988849,0.001809793373446826,0.0015587768268282977,0.0019172972127668398,0.0017552698423445494,0.0017045770956046382,0.0016502883658659113,0.00817223995469039,0.0013893442499271986,0.00107051774412441,0.009127148250836853,0.0012780392702364286,0.00442880116340915,0.001944304591144806,6.44298281003151E-4,8.553225402571932E-4,0.0019076800325897195,0.001007243232346984,0.06990292548502927,0.004218786312272271,0.0017870124142336955,6.600318819558028E-4,0.0018298571436365187,3.535241554862115E-4,6.869270063684165E-4,0.006325438117459639,2.0031927684302007E-4,0.004357868528789807,0.0012512924764377443,9.8938035218302E-4,0.006308726276568135,0.0018993466421331675,7.218502748147637E-4,0.00993036490007557,0.007974780634082081,9.723061262879796E-4,0.0019153203629073614,0.0018515506286949754,6.6615686125167E-4],[0.0021378533548069376,0.01119073378946296,0.0014225827998990551,6.969322230467907E-4,0.0024539418996066672,0.00218978834709068,0.0024691299013446587,0.0012964367159690059,0.0264031253232987,0.0021006743979551175,0.001978374836544183,5.277033446685247E-4,5.008680061047016E-4,0.006983759963636838,0.0019795335577893233,1.0,0.0010481582208488392,6.031882889251204E-4,0.005994022316522836,0.0015820345627287782,0.0016910851248682923,0.0019565372710020055,0.002103551081515087,0.002153352942560298,1.4384186690898884E-4,0.006470209009319638,2.4751761409686293E-4,0.0010718053779101247,0.017444948954322526,4.738592802797658E-4,0.007782850343624684,0.0025001618012062254,0.0012056254161238867,0.0015736712630155351,0.0020432683336832477,5.583034915811869E-4,0.03467790318874382,0.003558147071915192,0.001507649603733823,0.0011459311058935277,0.0017748675033471908,6.312606335981393E-4,0.0014094670367369136,0.04142979411348599,0.0010553476159908563,0.016496844851234885,6.081256883563098E-4,5.016383232828605E-4,0.0024136053009259466,0.0010985198934122913,0.0016328757277147136,0.016754587369137104,0.008137499311746628,0.0017844009354225949,0.0019939596102443746,0.0019567372064593345,7.206580092032733E-4],[0.0014642162089464456,0.002601526177041297,1.6316649598593203E-4,1.6911601220489156E-4,0.0021463845261983716,1.3443665084635162E-4,0.0011904767223883085,9.8118474700166E-4,0.026855486535532786,1.6335542441895296E-4,1.3445981654813444E-4,2.700359823441424E-4,1.510536925519539E-4,0.006915678058340251,0.0018406210865765612,0.0010481582208488392,1.0,1.1252621879888504E-4,0.009566048885455305,7.382544812575643E-4,0.001094850871795329,0.0010383573845033638,8.095289011887172E-4,2.618903754591896E-4,7.769364917080555E-5,0.003695913052292373,1.258433764866964E-4,3.675226450379326E-5,0.04316973328485487,1.768156341694384E-4,0.004474455709903063,0.0022078856839246905,1.4070212181366873E-4,1.6514493830758724E-4,0.0012662131842191837,1.737422839331493E-4,0.042476980698785416,0.0030415865561326085,1.4221094621235696E-4,1.504938847376165E-4,0.00155411860033817,1.1718499479338057E-4,1.197523202347356E-4,0.020060991132437925,1.0208058971441548E-4,0.002038341535509385,7.682233297903031E-5,3.629436993408097E-5,5.415641808862537E-4,1.1411085019071998E-4,2.6388446640943574E-4,0.008908384173513797,5.902728038184704E-4,5.565315850345258E-5,7.03777207077924E-4,0.0010501942377020821,1.2411873726094554E-4],[0.0012660293696654793,0.010116612068555185,1.272969536174005E-4,1.5226694105165007E-4,2.2709913115046668E-4,6.783509962749671E-5,0.0017194135518761753,0.0010070657233120655,0.012800725349600986,0.00103726320180966,1.043927380969395E-4,3.273913168784741E-4,2.4874537341356524E-4,0.0010858332521780732,0.0011031203067095514,6.031882889251204E-4,1.1252621879888504E-4,1.0,0.01631550622562335,2.0474930930219405E-4,2.660914500342772E-4,0.0017675574897805088,7.03379052456248E-4,5.537989458224997E-4,5.512048259073148E-5,0.009114765385999014,5.155900105813815E-5,5.5391399481674376E-5,0.0012943093394035033,1.1158332225266211E-4,0.005065328650849751,0.001577525858469854,1.046147860088583E-4,1.870524978648579E-4,6.213679004127034E-4,1.0216704015503965E-4,0.055455851911201996,0.003890742981470489,1.0201355331565772E-4,1.0954422556288122E-4,4.0094958434210904E-4,1.027539152323388E-4,1.0640004208132539E-4,0.018696718620620154,8.329662829356684E-5,0.003523016830760986,4.155515713767003E-5,5.4806170577926984E-5,0.0092665492052616,4.325463311671716E-5,1.2090282811388931E-4,0.006883800950377845,0.001193160651023153,7.222434640748105E-5,6.941914752167165E-4,9.447087023812574E-4,1.0354545685731863E-4],[0.01770274839246403,0.027888892940486576,0.01596318353097301,3.6375058123011713E-4,0.016403457996005906,0.01871088445697558,0.017268145310558335,0.006264143446488329,0.0286873369517602,0.0016281481216411289,0.022023891949084055,0.01160372059163887,0.010592499713496507,0.01958604141271081,0.02185000863988849,0.005994022316522836,0.009566048885455305,0.01631550622562335,1.0,0.02338466205592353,0.002386014958411664,0.021025766110125108,0.010570838781248213,0.012055410895703951,0.006358881442799926,0.019844914361221017,0.011542893700885673,0.019305937210281763,0.038280889563907815,0.006367117778428287,0.010638548663396828,0.01345775622846797,0.005604452976521359,0.010632709348589026,0.015234642330935558,0.0132398843293245,0.09601916994111674,0.021403322587916197,0.016194965359135092,0.023867967391638382,0.025240941929812615,0.02559708462367109,0.012162340277828611,0.04498010807540536,0.022457693376166675,0.02383850851106628,0.02327587160636393,0.020362814408645753,0.019813337319811906,3.699636988347628E-4,0.011439070887635931,0.020189647076003875,0.015242140248508278,0.0074096270135817965,0.010044986552109577,0.0020908562670879857,0.018276506640147374],[0.0016496168214546322,0.00984421776880759,0.0014607605123247724,8.218492493755609E-4,0.0020359511174749376,0.0010223161777661966,0.0025308046530473586,0.0012670537798978908,0.019864185077476334,0.0015670903031770685,0.0015531893810660968,0.0011431238609702402,0.0014718085348611797,0.00928877674790571,0.001809793373446826,0.0015820345627287782,7.382544812575643E-4,2.0474930930219405E-4,0.02338466205592353,1.0,0.0012316476755002833,0.001911420752615401,0.001157648892080163,0.0014333280309711733,2.1884223673795955E-4,0.0025913366738661812,0.0012913072687355351,0.0013521313205326552,0.01142262717531083,7.804449931366962E-4,0.0050358011397115855,0.0022823309512389396,3.630396670811964E-4,0.001117288606067956,0.0015982493795256305,3.149371570309207E-4,0.005604151806840745,0.003592888017284905,0.001429489767983202,0.0011693306455784179,0.0016090779095526769,0.0015082831002045602,5.024630025610844E-4,0.005695052104189075,1.5571504602939965E-4,0.006591606263750514,0.0011979467792632378,6.88874254507323E-4,0.007443726295152735,4.707400754422502E-4,7.07866862123933E-4,0.01205682905045357,0.009468096542948567,6.006683737851678E-4,0.0015892977232418823,0.0014453322440690123,7.278118340844837E-4],[0.0016279329194788016,0.029349385302030594,5.43585342862858E-4,6.558603542175686E-4,0.0022246727010622118,5.951793947652969E-4,0.00449720048015224,0.0011084232461075416,0.010675964906925631,0.0015326851492037728,5.294963045901988E-4,7.302181176577045E-4,9.844069115348163E-4,0.009227247996718813,0.0015587768268282977,0.0016910851248682923,0.001094850871795329,2.660914500342772E-4,0.002386014958411664,0.0012316476755002833,1.0,0.0012417497487406473,0.001079326305717744,0.0011498625487911642,3.841038574597496E-4,0.009397404769060399,0.0011693783985423907,1.4349178366815493E-4,0.01480919656916464,4.960004052970661E-4,0.0038035679285699014,0.0015971944838557642,8.866604788901228E-4,8.054864507162414E-4,0.001617828656450934,4.1658100668384696E-4,0.03804568973427037,0.0013740407177963334,7.503605772618454E-4,8.356056721067763E-4,0.0014520909190477074,3.164258222772837E-4,5.599059160603099E-4,0.03582217872641805,9.386317374282086E-4,0.01783621132785992,2.484973329252946E-4,1.813201494898561E-4,0.004490315461505868,5.239297827341054E-4,5.645293850189905E-4,0.011059147648334426,0.005950827350761641,8.337960213484794E-4,0.0016036603956940069,0.0012201197342704287,0.001183463593726088],[0.0019030503710332416,0.021002259672396526,5.378547649476505E-4,7.459789414311532E-4,0.0025314685293283973,5.864727116033799E-4,0.00321476323129924,0.0017471077326591776,0.020370070960972125,0.0017836738479488736,0.001012715812251972,0.001377573147788171,6.888790198545456E-4,0.010007758168601392,0.0019172972127668398,0.0019565372710020055,0.0010383573845033638,0.0017675574897805088,0.021025766110125108,0.001911420752615401,0.0012417497487406473,1.0,0.001689426169640611,0.0016659918358279096,0.0015127682007661373,0.006715649803375176,0.00106493480636707,0.0014126932386090093,0.025312100597831556,7.891384307286221E-4,0.002659011078692927,0.0023453922445766597,2.797107943992692E-4,0.0015698567196674672,0.0018005637248090214,0.0015914838560307702,0.08319288047716897,0.0022469443376429946,2.068243258943551E-4,0.0014005058006181174,0.0017038366766524548,9.838993133591582E-4,0.0017560223252152088,0.0037500238190020137,0.0014110269616255857,0.012634462817005265,2.1965553249819544E-4,0.0016918479559053625,0.005468972258646943,9.310893285873651E-4,0.0018510028732782121,0.008512325992408807,0.0056147946965512275,8.656212500100201E-4,0.0019023362250897998,0.0017677737146622138,0.0012055423303300964],[0.0014686513576468582,0.018898891280734062,6.030884065955056E-4,8.012406263577076E-4,0.0016625872486077482,8.910456303703145E-4,0.0020472310357833833,0.001101257918217903,0.018928540659342727,0.0010845474669330865,4.427698371527788E-4,9.004278492052194E-4,3.515773698814571E-4,0.010756615554667356,0.0017552698423445494,0.002103551081515087,8.095289011887172E-4,7.03379052456248E-4,0.010570838781248213,0.001157648892080163,0.001079326305717744,0.001689426169640611,1.0,9.99156149063749E-4,7.868485640345444E-4,0.00908909448959639,5.869378430058708E-4,3.731120224504745E-4,0.0320106910052142,6.052533972165817E-4,0.005827091443493658,0.0011442071943857431,8.410951458258366E-4,5.102456680019215E-4,9.41855839586539E-4,5.702474736414899E-4,0.09515666608631418,0.0036359733466887765,3.1940940358296207E-4,6.066697988658968E-4,0.0014050791315045601,6.820212443294724E-4,5.754404292897317E-4,0.015672937823418907,5.300814663560146E-4,0.007799419573467816,9.085580296516401E-4,7.147878636879913E-4,0.011486064987885366,8.440272470740367E-4,4.962159405619512E-4,0.002783426629717597,0.008839561450550454,6.004718478707132E-4,0.0013470501570577312,0.0012268066671049553,4.8632228482081794E-4],[0.0011906320207042648,0.0046300569844663925,4.421775344433355E-4,4.24974249734488E-4,0.0021323549200512834,4.127581451260197E-4,0.004125921404465186,0.001091309747591472,0.02578595348721342,0.0011363804729277174,3.7735297693070144E-4,5.231242556048519E-4,8.375499627257519E-4,0.001384967117192205,0.0017045770956046382,0.002153352942560298,2.618903754591896E-4,5.537989458224997E-4,0.012055410895703951,0.0014333280309711733,0.0011498625487911642,0.0016659918358279096,9.99156149063749E-4,1.0,5.162466405934219E-4,0.006658604717505406,4.551186972274709E-4,7.825057683553419E-4,0.04062432638523498,3.921556143597502E-4,0.006677262761914885,0.001957374303047376,8.537695054349483E-4,5.324375022179679E-4,0.0013180596261952934,8.819317916285507E-4,0.0011203339270417615,0.0037418116847705452,6.415387652586079E-4,2.932691717535817E-4,0.0015906483323269143,7.48958841628216E-4,9.971067718998411E-4,0.02746434787776065,6.0731344014445E-4,0.017532440488286616,2.3629476498459491E-4,2.580787294990341E-4,0.00748771603048085,9.600185289122155E-4,5.719948246212796E-4,0.01639897448226543,0.0019085963620044377,2.7437242705904676E-4,0.0012575811021124277,0.0011493782315907621,8.347368157591114E-4],[2.2862058244589839E-4,0.02039218619490622,1.0064847580763681E-4,1.0267541132977199E-4,0.001897342877251091,3.964833457237341E-5,9.15623368836052E-4,0.001077444118424566,0.02913749786187281,2.053277165647911E-4,5.570166143277505E-5,3.31679938507367E-4,7.259496291377919E-5,0.005691810303159313,0.0016502883658659113,1.4384186690898884E-4,7.769364917080555E-5,5.512048259073148E-5,0.006358881442799926,2.1884223673795955E-4,3.841038574597496E-4,0.0015127682007661373,7.868485640345444E-4,5.162466405934219E-4,1.0,0.008572091574796582,3.092968740226454E-5,3.525294382785478E-5,0.02968586488800837,1.408477222450533E-4,0.002018082602760599,0.0025692406862972395,1.2041107312868161E-4,2.087965674725902E-4,5.829010266014475E-4,1.681710185593447E-4,0.04841375091392881,0.0028528148017981396,9.890143162573044E-5,8.165997225699167E-5,1.4065588333804879E-4,6.463568518327354E-5,9.282798507796624E-5,0.0061906405296948816,3.987429656818337E-5,0.008492801450041656,3.3139088069283754E-5,1.683362864704426E-5,2.856306387656528E-4,3.034753973116665E-5,2.1016086146921154E-4,0.01650966077419276,7.939482896838208E-5,3.2806399060192217E-5,0.0015160645605247997,8.284964588564893E-4,8.032742359685771E-5],[0.00645677431435154,0.01308742181951163,0.007185608594463763,0.0027627586385504358,0.009866003586411227,0.008684978797158086,0.009045606522481424,0.012101507856008623,0.013464266441113952,0.008903511880662098,0.006738735898914392,0.008545838975825526,0.003324756713251874,0.01201522309675718,0.00817223995469039,0.006470209009319638,0.003695913052292373,0.009114765385999014,0.019844914361221017,0.0025913366738661812,0.009397404769060399,0.006715649803375176,0.00908909448959639,0.006658604717505406,0.008572091574796582,1.0,0.0016047507187941649,0.004835871583252947,0.03610893531386623,0.008265237408273226,0.011014801618503487,0.008884296438575256,0.008617386277651726,0.0037686261514362682,0.008499359913162037,0.0030523800097683757,0.051433713040220916,0.008679295812118518,0.011466513234839468,0.004836194406499463,0.006357411832798476,0.00873052593991655,0.010688779278795092,0.022364811188319417,0.0029724069016594775,0.015376178206797268,0.005024192007975567,0.003539440347026184,0.013203231786860642,0.0024917710747201743,0.008277033541717325,0.014156539385965658,0.012920188307793352,0.010677852032226839,0.007539800487885118,0.010750513922882326,0.006458811922882095],[0.0015458823099408303,0.0015327170019270888,3.3858049377188204E-5,1.0842016783055547E-4,0.0020152397049815743,1.574321832131053E-5,0.0033810618522966025,1.779206998274106E-4,0.02028424014098994,0.0013311191148133927,1.9005969737911433E-5,1.342199869113442E-4,5.633463076625531E-5,0.008181315091697275,0.0013893442499271986,2.4751761409686293E-4,1.258433764866964E-4,5.155900105813815E-5,0.011542893700885673,0.0012913072687355351,0.0011693783985423907,0.00106493480636707,5.869378430058708E-4,4.551186972274709E-4,3.092968740226454E-5,0.0016047507187941649,1.0,2.505310540330574E-5,0.03197821441711879,1.529903181149291E-4,0.0015633159684077138,5.620327630121643E-5,7.43271894011382E-5,2.23872074535499E-4,0.0016392162289478097,1.0635426355028162E-4,0.08831854565359265,0.0016281290878181242,1.2055740015269244E-4,1.1462249903088506E-4,1.6531514169062684E-4,8.344462632731438E-5,8.37799005143783E-5,8.542881922661889E-4,1.2175999373402002E-5,0.01636733026791528,1.2746007594787288E-5,1.2793892334272177E-5,0.001862684584624247,1.6007631700719617E-5,2.4449307577467997E-4,0.009923905939894447,0.009522761709655561,1.2803433009863516E-5,0.0014893933207894845,0.0010544754799926906,6.789362889863102E-5],[0.0018156113309277053,0.008219400549599363,9.433159645907769E-5,1.7756900333565687E-4,0.0010040341476724053,1.8149004760559912E-5,9.95540826081836E-4,4.6967064818796315E-4,0.003743095039769656,9.84240051008279E-4,1.0610070183480493E-4,3.199841860071095E-4,1.1550798676415611E-4,0.0013303392387014707,0.00107051774412441,0.0010718053779101247,3.675226450379326E-5,5.5391399481674376E-5,0.019305937210281763,0.0013521313205326552,1.4349178366815493E-4,0.0014126932386090093,3.731120224504745E-4,7.825057683553419E-4,3.525294382785478E-5,0.004835871583252947,2.505310540330574E-5,1.0,0.04598147052333501,1.1112990034417623E-4,0.004336941350557639,0.00189187624913915,9.047250615693947E-5,1.0505712623650243E-4,3.1879904015444605E-4,1.1866782620413447E-4,0.03282630741179435,0.0033121459881327504,1.0397145103418852E-4,1.1093213051318777E-4,0.0010845955959991362,9.391093170156689E-5,8.980607068321927E-5,0.007835178177120207,2.904273713472336E-5,0.006087096363116759,2.4936104346064463E-5,3.320787610375596E-5,0.01027449306747584,2.7067709789536388E-5,2.2455086222092837E-4,0.013639920187546126,0.009135362914992683,2.4399324100776634E-5,3.932805645362496E-5,4.930854184986466E-4,6.4053644847959E-5],[0.04147028924106593,0.041278247517990245,0.04141032766426926,0.025226136401208025,0.03175300672782215,0.03031904578042998,0.02607541497589474,0.03959746780958953,0.03415923049623902,0.04068912424713344,0.008246717316547266,0.013568874900273463,0.015272598600163093,0.048224104122486525,0.009127148250836853,0.017444948954322526,0.04316973328485487,0.0012943093394035033,0.038280889563907815,0.01142262717531083,0.01480919656916464,0.025312100597831556,0.0320106910052142,0.04062432638523498,0.02968586488800837,0.03610893531386623,0.03197821441711879,0.04598147052333501,1.0,0.015393308297006494,0.04831193511368773,0.040364973173062806,0.041988207829572105,0.041192714971275184,0.03709086122393231,0.03545100590111962,0.057784080360319755,0.04915298523628817,0.010221597907046933,0.017928709661496182,0.03198562189035072,0.02281454046822431,0.015789050382092797,0.04976557194986843,0.02235065306164989,0.0351808859945837,0.001594691818305062,0.026885824612430533,0.043349892439297946,0.04045918284787357,0.0378978137645076,0.02722017428490233,0.0470331544522358,0.028721728851366708,0.023868467289917965,0.0062918868049182215,0.03479504985914466],[0.001782328752741356,0.024475613488596244,2.2217589276246166E-4,2.078285395509176E-4,0.0012487990265943353,6.457499774044324E-5,0.0036877243215968154,4.100455462506617E-4,0.00862864495376321,5.81393946268456E-4,1.7659058186213775E-4,2.918048638050827E-4,2.3827000160370998E-4,0.0024033228705400748,0.0012780392702364286,4.738592802797658E-4,1.768156341694384E-4,1.1158332225266211E-4,0.006367117778428287,7.804449931366962E-4,4.960004052970661E-4,7.891384307286221E-4,6.052533972165817E-4,3.921556143597502E-4,1.408477222450533E-4,0.008265237408273226,1.529903181149291E-4,1.1112990034417623E-4,0.015393308297006494,1.0,0.005371824503195593,0.0014514126997894447,2.1073610526870727E-4,2.4016255903557186E-4,0.0015576296415808254,2.1283539260185552E-4,0.049276127792508444,0.0033187851465058343,2.11674303785593E-4,1.699889182507269E-4,3.754836823494801E-4,1.2972127203110555E-4,1.1982074506466592E-4,0.017430708866967164,9.156024513714211E-5,0.002608846097903894,7.088687956510251E-5,1.8406965464116775E-4,0.003050519790192056,1.6096689635319896E-4,2.6237690268645817E-4,0.017743445310570306,0.00810622239591427,1.0910486955187063E-4,7.921386225989404E-4,0.0010297047034691993,2.0704795983391935E-4],[0.004079036987380946,0.017587538325231994,0.002057837293754551,0.006290561468260225,0.006580288761719068,0.006178053462230531,0.0052473073020561315,0.00279399418257522,0.008127141511370358,0.007386906318816376,0.0033547697576211083,0.0019529268522416612,0.007752407330583377,0.0106332468590239,0.00442880116340915,0.007782850343624684,0.004474455709903063,0.005065328650849751,0.010638548663396828,0.0050358011397115855,0.0038035679285699014,0.002659011078692927,0.005827091443493658,0.006677262761914885,0.002018082602760599,0.011014801618503487,0.0015633159684077138,0.004336941350557639,0.04831193511368773,0.005371824503195593,1.0,0.0044130791554507914,0.0012145949369742582,0.00782014418024687,0.007314767439248989,0.0021648824177820172,0.04974821562078699,0.0045927906059005374,0.004929483519091252,0.0014092546290563359,0.006025295030332837,0.002114778250464486,0.006195286258002423,0.03838133404514148,0.0010509735157941999,0.018905384824582393,0.0015991363670888675,0.004274778278632675,0.012102214731091087,0.007558820480015128,5.067626386106855E-4,0.01469917234403689,0.011840219700855229,0.007376152561068614,0.007923704807425895,0.002455851451564833,0.006748262664134592],[0.002349487178928809,0.018785214944666055,0.002574408680604601,0.0017149913020591528,0.002603133904977696,6.28016170408624E-5,0.003773753927893442,0.0023226976803349146,0.024089267840782986,0.0018677364416316263,0.0013220842208542462,0.0011540953904446282,8.304918451659178E-4,0.003697516564888532,0.001944304591144806,0.0025001618012062254,0.0022078856839246905,0.001577525858469854,0.01345775622846797,0.0022823309512389396,0.0015971944838557642,0.0023453922445766597,0.0011442071943857431,0.001957374303047376,0.0025692406862972395,0.008884296438575256,5.620327630121643E-5,0.00189187624913915,0.040364973173062806,0.0014514126997894447,0.0044130791554507914,1.0,1.4397879191884843E-4,0.0010308600881717058,0.002186220451149949,0.0016646083866278716,0.08299915255767709,0.003991572139779004,0.001714636181534826,0.001231003661326283,0.002419309856549314,0.002287369040263723,0.0016630971559377496,0.011921087559934436,0.001817609611088118,0.006750509264952071,0.002490095072592781,0.0017907105700689506,0.006192632030234723,9.768582619981289E-4,0.0020063958724944107,0.010571433417029364,0.003783644411439497,0.00237460085612824,0.002089233995523934,0.0017521278922361327,5.075873607397654E-4],[7.309607749082241E-4,0.006044593056273766,1.7798510381321464E-4,1.6627463101403242E-4,0.001502909899938982,1.1659862651841828E-4,0.0015718527930769742,6.35618216741031E-4,0.031206764852286066,3.4727863378723506E-4,1.3662949131888725E-4,2.809144171964433E-4,1.8560360242804165E-4,0.004254120334676439,6.44298281003151E-4,0.0012056254161238867,1.4070212181366873E-4,1.046147860088583E-4,0.005604452976521359,3.630396670811964E-4,8.866604788901228E-4,2.797107943992692E-4,8.410951458258366E-4,8.537695054349483E-4,1.2041107312868161E-4,0.008617386277651726,7.43271894011382E-5,9.047250615693947E-5,0.041988207829572105,2.1073610526870727E-4,0.0012145949369742582,1.4397879191884843E-4,1.0,1.9189385283211352E-4,0.001143428701231876,1.5716340656121036E-4,0.025570394755554032,0.0036292811427233707,1.4473827722740964E-4,1.5002079180167677E-4,0.0013201024658258723,1.2209614745091485E-4,1.2512456421342834E-4,0.044886059716437526,5.323051958275019E-5,0.00541552669603821,2.5462293846340453E-5,3.900554157452492E-5,0.005383389781021248,2.610008860230371E-5,2.1855875581767905E-4,0.008486262189998858,0.00203794630252306,6.996891216898147E-5,0.0018447407113833176,5.2620939358496E-4,1.2531694517928382E-4],[0.001654390041857168,0.02529515236287921,2.2098051683660166E-4,2.0732834902057482E-4,4.732266175800899E-4,1.671009316053741E-4,0.0020858763195665594,8.302326923549595E-4,0.02028500483331923,2.433127527232966E-4,1.861364288207373E-4,3.7446690806908315E-4,2.488942161829288E-4,0.007008121990396211,8.553225402571932E-4,0.0015736712630155351,1.6514493830758724E-4,1.870524978648579E-4,0.010632709348589026,0.001117288606067956,8.054864507162414E-4,0.0015698567196674672,5.102456680019215E-4,5.324375022179679E-4,2.087965674725902E-4,0.0037686261514362682,2.23872074535499E-4,1.0505712623650243E-4,0.041192714971275184,2.401625590