[[1.0,4.2540635935563284E-4,0.0010588014422060422,8.783113947151914E-4,7.718027187476858E-4,5.767107544671675E-4,0.0015665423383821229,8.872350967336501E-4,6.381632323418885E-4,0.0012021116972432571,0.0012559003735034932,3.4949365308097047E-4,0.0011532725851538064,8.150895040318681E-4,3.5751766243981916E-4,0.0024181296681999994,2.811630811710712E-4,0.004722897321189962,7.818244990257795E-4,3.9620579905864613E-4,7.880228581536863E-4,0.0035526831719606923,0.0010535131691222562,0.0432796526938228,1.1155371981293854E-4,0.004207558052038126,7.387695153901977E-4,3.73250507327208E-4,0.007809005737434916,7.53054061718838E-4,5.956055825516848E-4,0.0011676599493693077,0.0013820924485334245,0.0035647365254173257,4.0948571454935254E-4,9.014867050369346E-4,8.060485541389996E-4,0.0012915165894165003,0.012229442340875057,3.9081821203327367E-4,7.450615622377286E-4,0.0010897495951058512,1.9941686538036804E-4,7.807200666564761E-4,0.0014671018071954903],[4.2540635935563284E-4,1.0,3.970581547903893E-4,1.1248310211635647E-4,5.751384677224316E-5,3.1918922677735595E-5,0.0012760054145714793,4.7601886498285675E-4,1.130293274527641E-5,2.5401905204851965E-4,0.0012059979967884698,3.01164830919427E-5,3.635252827273793E-4,1.1115317419648842E-5,5.7104620340136593E-5,0.004871077409784337,7.951672148793097E-5,0.004582648360492818,1.1634456051841615E-5,1.3788253119911537E-5,1.9196011422508913E-4,1.0003752292117455E-4,3.857338722244895E-4,0.05014582255595714,2.677442694849723E-5,0.0017005119155450812,2.0997513060854444E-5,1.6025574807620525E-4,0.00899170055136931,1.854115934819749E-5,2.1119616894691118E-5,0.0018551548923145564,6.61615003664451E-4,0.013511052429965243,6.865618674087247E-5,1.2109989201876314E-5,2.7513672292918184E-4,0.0015374022055613128,0.00897277815392758,2.703301740250449E-5,5.087357223245845E-4,7.55830023959136E-5,1.0779114244185016E-5,3.0663323783666725E-4,2.786589474516912E-4],[0.0010588014422060422,3.970581547903893E-4,1.0,8.653620921478312E-4,6.098795404185524E-4,6.551058678207083E-4,0.0016105446245070036,7.495925260187182E-4,3.0118108939248883E-4,0.0013943204352275921,0.0012078720875499985,6.100228750003063E-4,0.001130798360250645,1.5269408640115965E-4,4.8133385322400015E-4,0.006021813616505807,8.012763849397734E-4,0.0026246391756738173,7.719118707689549E-4,9.542928965877243E-4,5.68347857098316E-4,0.0031659934451090336,0.0010534586881309426,0.0451314355801888,5.846928232642632E-4,0.00448747248418345,5.756786230533153E-4,3.347675655873735E-4,0.0019361977522341506,9.538106357235451E-4,4.8349813801737087E-4,0.0020527787969463925,0.0013579567681976867,0.005465088577621111,6.74323817124327E-4,5.92480821113796E-4,9.587952137847917E-4,0.00115131910296619,0.031467416895338586,7.031644011843993E-4,6.32919086490872E-4,0.0010661296975229169,3.551196724712475E-4,4.404955766762665E-4,0.001286301731383582],[8.783113947151914E-4,1.1248310211635647E-4,8.653620921478312E-4,1.0,1.1485517973544499E-4,1.4798350897033156E-4,4.280080899713254E-4,1.939159738611715E-4,1.1420425119360599E-4,0.0013256535028786402,0.0013335255529892769,1.515497615081959E-4,1.9935965891823925E-4,7.482224939625812E-5,1.5759807982810542E-4,0.00845728651890294,1.443252941176477E-4,0.001120108605854377,7.276006101661564E-5,8.323622522091547E-5,2.68750926495359E-4,0.0024687098269778377,7.624113399018602E-4,0.04166214197701185,1.1115115225937998E-4,0.0023772541535626423,1.0234258406343591E-4,1.8202552645402582E-4,0.0044115292549392355,7.358145745527383E-5,1.2655216853376744E-4,2.3216668971098558E-4,0.0010766265398537847,0.010852525183507728,1.5285364500462563E-4,3.20952636985672E-4,6.778580324037427E-4,0.001409798384751292,0.02247827020405982,1.0827548996355501E-4,3.5098883472578133E-4,8.736210581570426E-4,1.4979686070220315E-5,3.738389833292148E-4,0.0013932768634330789],[7.718027187476858E-4,5.751384677224316E-5,6.098795404185524E-4,1.1485517973544499E-4,1.0,4.6826650914092586E-5,5.042319228223491E-4,2.683384851126406E-4,5.268702564644543E-5,5.58544542401365E-4,0.0011997034111271817,9.916353594978065E-5,3.704719804241141E-4,4.2167822801153035E-5,1.488349313167481E-4,0.001902150875795287,7.812595651761274E-5,0.005947945929199734,6.137182208403544E-5,6.171221682872214E-5,1.1577446956843908E-4,7.124840092803524E-5,1.391376475899494E-4,0.04595403940347304,5.700892340845004E-5,0.003956260079923897,5.0654177414970146E-5,1.7647917537451797E-4,0.009736300553837049,3.310427911443285E-5,5.792961853159835E-5,6.56825453350222E-4,0.001449678465185123,0.021362789165487645,6.924635462995964E-5,2.8889855886366986E-4,7.241039467846608E-4,0.0010635361747478678,0.013663993342511994,3.083578944287692E-5,2.857445314601421E-4,5.542508881390164E-4,3.468990050067792E-5,1.3088270080068557E-4,4.1378093421802877E-4],[5.767107544671675E-4,3.1918922677735595E-5,6.551058678207083E-4,1.4798350897033156E-4,4.6826650914092586E-5,1.0,0.0015695726460283669,1.4346729665599164E-4,3.8357583444564016E-5,5.71662808736767E-4,0.0012304584719100087,5.5666067249460644E-5,8.781843015305013E-4,1.2960813870191218E-5,8.722580047768355E-5,0.004473500047565274,1.2151178480517489E-4,0.0031346016173448826,3.951654178656881E-5,2.6422177791053444E-5,1.4613283064471386E-4,0.0017812040940076864,7.915399813220761E-4,0.007794702380333265,3.7227609850092024E-5,0.00260354623162641,4.3699090485705E-5,1.4591832110095576E-4,0.002156111474054873,3.178209110588454E-5,4.276811965487721E-5,9.005770739280608E-4,0.001390945210450232,0.009834523231315432,6.462261554844687E-5,1.416273496579893E-4,2.616310643472645E-4,0.001112848772078414,0.020945481780231708,3.214672845569463E-5,4.057019167099245E-4,3.4319608512032283E-4,3.353146467548075E-5,2.6159149746609293E-4,0.001303422719778557],[0.0015665423383821229,0.0012760054145714793,0.0016105446245070036,4.280080899713254E-4,5.042319228223491E-4,0.0015695726460283669,1.0,6.137736562029044E-4,8.902914912380344E-5,0.0016937062274417413,0.0015290144870023009,0.00138002955307801,0.0015229902822700093,1.985289785793179E-4,8.723683674903329E-4,0.006897307277690052,6.305454582502553E-4,0.005722618362998099,3.146177105977765E-4,1.2783820448123936E-4,0.0011083884669634584,0.00421632713389034,0.001346785860194636,0.012796995899522838,9.95235046685716E-4,0.0038324122415352045,0.0016834590171891334,4.261793005828345E-4,0.009459717047367344,0.0010712112348424648,5.659926312907952E-4,0.0019426646271152926,0.001647555174218757,0.018109091305412297,2.9532100196403996E-4,5.859308507166368E-4,8.724952375713456E-4,0.0016294849785940416,0.020546682891326048,9.282466849131242E-4,9.124519894810918E-4,0.0016088221028290428,0.0014608558769463875,5.121621046689025E-4,0.001694253920476548],[8.872350967336501E-4,4.7601886498285675E-4,7.495925260187182E-4,1.939159738611715E-4,2.683384851126406E-4,1.4346729665599164E-4,6.137736562029044E-4,1.0,3.5348512343194604E-4,0.0013415596102721358,6.535943218417842E-4,4.5711563183374387E-4,0.0011055030297641034,1.827778614656056E-4,4.738755459041754E-4,0.008829823022537937,2.2375154757582952E-4,0.003063990693869317,1.0062207066661728E-4,7.58451040755746E-5,3.9182825781012784E-4,0.004323910393249525,7.066156899305428E-4,0.0034569672192970875,1.7587903213176599E-4,0.002447162562286089,1.5493905266944323E-4,4.92746845156452E-4,0.002751275228480411,3.0732776995642987E-5,1.8918235029661822E-4,6.562736315218138E-4,8.974073062015299E-4,0.005728234469540096,2.586930858779684E-4,5.571508640112719E-4,5.914509162945942E-4,0.00152973314561202,0.021864899520770146,1.8995568598232892E-4,5.667471269712063E-4,8.061106638173433E-4,5.031817541622772E-4,5.549455898496001E-4,6.228949809501797E-4],[6.381632323418885E-4,1.130293274527641E-5,3.0118108939248883E-4,1.1420425119360599E-4,5.268702564644543E-5,3.8357583444564016E-5,8.902914912380344E-5,3.5348512343194604E-4,1.0,0.0011131732308386389,7.510421669706598E-4,1.0244360162135971E-4,2.0270889888280528E-4,1.0580540766938436E-5,1.6078283011081368E-5,0.010791756847054332,3.216592659106259E-5,0.0014762594833169814,1.0526719314428987E-5,1.0569563581528008E-5,2.4301881144704612E-4,4.2932442808010736E-4,2.0413023672317328E-4,0.002681803489383603,1.1318952265086576E-5,0.0036838548478253562,2.207723693855659E-5,1.3547065984689658E-4,0.004333127474297533,1.1560390623013429E-5,3.826337787969125E-5,0.0012297838733967153,9.183125928849051E-4,0.016400093126479325,8.726547448855549E-5,3.838157897210111E-5,7.191240896026811E-4,0.0014529651408070373,0.014275547168153591,2.6506597273789082E-5,1.2896921382970318E-4,0.0010362615993634776,1.0585941437562139E-5,1.0679134355789847E-4,0.0011047068470929453],[0.0012021116972432571,2.5401905204851965E-4,0.0013943204352275921,0.0013256535028786402,5.58544542401365E-4,5.71662808736767E-4,0.0016937062274417413,0.0013415596102721358,0.0011131732308386389,1.0,0.0015601648300116867,8.567475974816726E-4,0.0013947577750775572,0.0013266397318053831,0.0015368758376966712,0.0068576776496374284,6.528792037063559E-4,0.006130439443173048,6.627732500247995E-4,8.225971158762761E-5,0.0011201438696818832,0.00416665969217281,0.0013414676389473983,0.03134952447765758,3.012896310637089E-5,0.004500489165653477,6.676916931123986E-4,8.324579238739099E-4,0.00976898926487386,0.001533995766100627,5.468487741123157E-4,0.0017218135026625728,0.0015624929985385123,0.009939433790454054,0.0012547749479395731,0.0011972018895553668,0.0015087405104277619,0.0016285812991258346,0.01852435550835007,5.584896234347165E-4,6.747689403631068E-4,0.0011838608883143684,7.786808225447897E-4,4.4303776459569976E-4,0.001576191145679389],[0.0012559003735034932,0.0012059979967884698,0.0012078720875499985,0.0013335255529892769,0.0011997034111271817,0.0012304584719100087,0.0015290144870023009,6.535943218417842E-4,7.510421669706598E-4,0.0015601648300116867,1.0,7.930648316002071E-4,0.0013735414696490467,8.546657783733832E-4,0.0013496031920435202,0.010856713579723124,0.0010868863496777046,0.002606862404000183,9.10513060862388E-4,5.635192358752963E-5,5.520041414609781E-4,0.0014898231524308938,0.0013597727489447963,0.008608135670193261,7.522973864679037E-4,0.0018078303589504402,9.389081625996824E-4,9.396389580788061E-4,0.003084803636446738,7.752562622423236E-5,2.5993241005012834E-4,0.0019421577649640447,0.0014296449998156288,0.016748807666105585,1.663351432708904E-4,8.761442616490219E-4,0.0012327259087300925,0.0016232305392246285,0.010909084927568511,3.5125895036982615E-4,9.11437097487217E-4,0.0011452379867372695,0.0011135095971344714,0.0012398509227482932,0.001492996452047068],[3.4949365308097047E-4,3.01164830919427E-5,6.100228750003063E-4,1.515497615081959E-4,9.916353594978065E-5,5.5666067249460644E-5,0.00138002955307801,4.5711563183374387E-4,1.0244360162135971E-4,8.567475974816726E-4,7.930648316002071E-4,1.0,9.95370838139881E-4,9.081363373789278E-5,1.5435061094928117E-4,0.008259605964682901,1.448062995640729E-4,0.001124551928781617,8.591796809390098E-5,7.235461893010478E-5,1.8458750768535038E-4,1.8473085193619103E-4,9.964083884228833E-4,0.06646542843476809,1.0357680256477501E-4,0.0041765009682135645,4.224584942518218E-5,1.8088468435529468E-4,0.006418915216554705,9.235035987759728E-5,9.766469857271575E-5,0.0017673104886906873,3.4942449739635304E-4,0.012437059681758228,1.301850562302737E-4,4.1984817273219683E-4,7.497467172904602E-4,0.0014789322752978046,0.0169047973550143,7.228487460329914E-5,5.285472479826402E-4,2.8059294196739295E-4,1.0447860007718503E-4,2.929826729359624E-4,0.001044624998296443],[0.0011532725851538064,3.635252827273793E-4,0.001130798360250645,1.9935965891823925E-4,3.704719804241141E-4,8.781843015305013E-4,0.0015229902822700093,0.0011055030297641034,2.0270889888280528E-4,0.0013947577750775572,0.0013735414696490467,9.95370838139881E-4,1.0,0.0011163155537389999,2.1634880040275283E-4,0.010989975492740646,9.641929946171022E-4,0.006023291582427078,9.85676031843802E-4,3.934591172286337E-4,0.0012029358483137016,0.0030908548168894975,0.0012576257795235844,0.04715039899872403,6.439426866405281E-4,0.004267134084256349,7.443414014064753E-4,3.281257206760624E-4,0.007010073867876482,2.0055176913921232E-4,3.912281287547559E-4,0.0016374202853760328,0.001483838383151855,0.02165153524955774,6.290350833716897E-4,6.504648649255701E-4,0.0010686148174426004,0.0013785743322578291,0.004137841042360787,0.0012424661690610254,9.196909422395515E-4,0.001215145541466332,5.519934683134803E-4,4.683582794005416E-4,0.001462612442672791],[8.150895040318681E-4,1.1115317419648842E-5,1.5269408640115965E-4,7.482224939625812E-5,4.2167822801153035E-5,1.2960813870191218E-5,1.985289785793179E-4,1.827778614656056E-4,1.0580540766938436E-5,0.0013266397318053831,8.546657783733832E-4,9.081363373789278E-5,0.0011163155537389999,1.0,1.6036816618712037E-5,6.207803785618348E-4,1.1286366993684825E-4,0.003572967990338478,1.1022590326975197E-5,1.254303980642175E-5,1.2282879901483095E-4,2.3932534962294247E-4,4.0853836058578455E-4,0.004587811152014747,1.445828013168592E-5,0.0020839323544051894,1.2240224836456583E-5,6.634419632352487E-5,0.007553633541435647,1.8629860071072793E-5,2.0456446112160405E-5,1.85276500944315E-4,0.0013037661225272592,0.009018004870426906,1.1720433118908509E-4,1.4973215961811941E-5,3.0270290137835147E-5,0.0015330283873834702,0.015609194206184956,1.2204880098466851E-5,5.121249998523861E-4,3.568733921631709E-5,1.0889843447404317E-5,3.741206483095286E-5,9.029190547555869E-4],[3.5751766243981916E-4,5.7104620340136593E-5,4.8133385322400015E-4,1.5759807982810542E-4,1.488349313167481E-4,8.722580047768355E-5,8.723683674903329E-4,4.738755459041754E-4,1.6078283011081368E-5,0.0015368758376966712,0.0013496031920435202,1.5435061094928117E-4,2.1634880040275283E-4,1.6036816618712037E-5,1.0,0.007793108196066996,1.4824023934336918E-4,0.005014223969825186,8.782416409420486E-5,2.568889741474788E-5,1.7865007028752193E-4,0.003838642817439183,3.544604705753212E-4,0.03215618839133323,7.562278347589138E-5,0.0012691085212746945,7.939322055370864E-5,1.828482632710169E-4,0.00839063054118407,2.1358076775862873E-5,7.978145973932356E-5,7.63385088766762E-4,0.0012049640479757913,0.004649714731569178,1.5285393246248014E-4,4.753403950429651E-4,7.793614596175873E-4,1.976792359540174E-4,0.009508833111777738,1.3687737662108164E-4,2.9734171082071485E-4,3.144322080786623E-4,1.4930881259633743E-4,1.8092200692991714E-4,0.0010529787703475225],[0.0024181296681999994,0.004871077409784337,0.006021813616505807,0.00845728651890294,0.001902150875795287,0.004473500047565274,0.006897307277690052,0.008829823022537937,0.010791756847054332,0.0068576776496374284,0.010856713579723124,0.008259605964682901,0.010989975492740646,6.207803785618348E-4,0.007793108196066996,1.0,0.0023701535719987633,0.009838392195522367,0.0019440009809741203,0.009469635169346378,0.005167118692634213,0.007288277733236018,0.006932182122917994,0.017464573334811166,0.004583565491979207,0.010589908855252047,0.0013852688325898567,0.0023057344315228936,0.010166313476900455,0.005506116414942589,0.008072341573940874,0.00535557666441583,0.002403271334814759,0.02456724971322772,0.006162698794409348,0.009068845905229087,0.007161415618868882,0.005493898221535625,0.02245751232606391,0.0022400759727766516,0.0023677934696614044,0.007132025949133146,0.01049227476202464,0.005556219289860185,0.007267190072573324],[2.811630811710712E-4,7.951672148793097E-5,8.012763849397734E-4,1.443252941176477E-4,7.812595651761274E-5,1.2151178480517489E-4,6.305454582502553E-4,2.2375154757582952E-4,3.216592659106259E-5,6.528792037063559E-4,0.0010868863496777046,1.448062995640729E-4,9.641929946171022E-4,1.1286366993684825E-4,1.4824023934336918E-4,0.0023701535719987633,1.0,0.006628002453347346,9.991877705507632E-5,1.1320410690521726E-4,2.4953147959884457E-4,0.001908864623952561,5.56750282260526E-4,0.018721987821395284,1.2659266977274329E-4,0.0028268272282104107,3.549188343861584E-5,1.3306122544305162E-4,0.0072212316864839945,1.233746607707924E-4,1.296377658529052E-4,0.0018217306776614121,2.4968696565553746E-4,0.023702422665972916,1.2933227153754472E-4,4.90511047874369E-4,6.736769484071994E-4,9.818187831880938E-4,0.030688763125486067,9.739118147547744E-5,2.874820087430951E-4,4.0942449489419185E-4,1.1108601708372262E-4,2.3771144028539824E-4,0.0013793874516017206],[0.004722897321189962,0.004582648360492818,0.0026246391756738173,0.001120108605854377,0.005947945929199734,0.0031346016173448826,0.005722618362998099,0.003063990693869317,0.0014762594833169814,0.006130439443173048,0.002606862404000183,0.001124551928781617,0.006023291582427078,0.003572967990338478,0.005014223969825186,0.009838392195522367,0.006628002453347346,1.0,0.0018124032774102107,4.463433850106683E-4,0.004141024798477033,0.004999374458654911,0.0011861107725476341,0.0663192125261576,0.005475039416474653,0.006061690400753494,0.003286319431961451,6.517018141343817E-4,0.0073100482672983315,0.0033397002390582243,0.006047407306463559,0.003051926229465475,0.003668055679612135,0.007702124441111918,0.0015526125716630004,0.0019137234423550666,0.0026840190341074965,0.0021639279133938163,0.008634291398503371,0.0018517644659508876,0.0015277538482962724,0.0044797874866229935,0.003916826951861949,0.0014116997605281487,0.003728971448593082],[7.818244990257795E-4,1.1634456051841615E-5,7.719118707689549E-4,7.276006101661564E-5,6.137182208403544E-5,3.951654178656881E-5,3.146177105977765E-4,1.0062207066661728E-4,1.0526719314428987E-5,6.627732500247995E-4,9.10513060862388E-4,8.591796809390098E-5,9.85676031843802E-4,1.1022590326975197E-5,8.782416409420486E-5,0.0019440009809741203,9.991877705507632E-5,0.0018124032774102107,1.0,1.2258557248222636E-5,4.817066262797705E-5,1.699108773785281E-4,1.3580511072515205E-4,0.04749622975477715,1.887297157535542E-5,0.001292763306153648,2.0846289950951686E-5,9.856056574826451E-5,1.429264457264268E-4,1.741223521425327E-5,1.3217702751720635E-5,7.887046485817813E-4,7.598637053420699E-4,0.02173094931718435,7.185904918058437E-5,1.1430203704212965E-4,4.661038674168191E-4,9.756151619709539E-4,0.0055901901683947436,1.1497127718159943E-5,3.540623771948296E-4,5.370219556589773E-4,1.058204630497267E-5,1.7615956594449632E-4,8.682513549542641E-4],[3.9620579905864613E-4,1.3788253119911537E-5,9.542928965877243E-4,8.323622522091547E-5,6.171221682872214E-5,2.6422177791053444E-5,1.2783820448123936E-4,7.58451040755746E-5,1.0569563581528008E-5,8.225971158762761E-5,5.635192358752963E-5,7.235461893010478E-5,3.934591172286337E-4,1.254303980642175E-5,2.568889741474788E-5,0.009469635169346378,1.1320410690521726E-4,4.463433850106683E-4,1.2258557248222636E-5,1.0,7.699476516317158E-5,0.003697790578455529,3.9623827370684303E-4,0.05601470407124027,1.9769425082119423E-5,0.0023263512937823864,2.198547503706808E-5,1.2852136829839963E-4,0.0014893305712454664,1.772184109721371E-5,3.566783337547591E-5,0.0018217940188479977,7.019955623469331E-4,0.0016282198330411037,1.070902710019478E-4,2.2188546246091812E-4,3.4771432969429595E-4,1.0716378460073604E-4,0.010894121514439794,2.484952069582165E-5,3.833665052643442E-4,0.0010978508763067867,1.3567458352857348E-5,4.861406513540292E-5,5.596829269612099E-4],[7.880228581536863E-4,1.9196011422508913E-4,5.68347857098316E-4,2.68750926495359E-4,1.1577446956843908E-4,1.4613283064471386E-4,0.0011083884669634584,3.9182825781012784E-4,2.4301881144704612E-4,0.0011201438696818832,5.520041414609781E-4,1.8458750768535038E-4,0.0012029358483137016,1.2282879901483095E-4,1.7865007028752193E-4,0.005167118692634213,2.4953147959884457E-4,0.004141024798477033,4.817066262797705E-5,7.699476516317158E-5,1.0,7.658894163519914E-4,6.123437946667687E-4,0.02519023862708008,1.544594164073835E-4,0.002179294931054073,1.0319589107399864E-4,2.4410615644993258E-4,0.007141978469633211,1.7597319550083232E-4,1.8731118099299388E-4,0.0018053553000153691,6.156986439263706E-4,0.012680830496510679,1.2520682985023925E-4,3.2046451411695974E-4,3.639693132107772E-4,8.287608973082824E-4,0.030122589822874968,6.671526706533552E-5,5.431627033881227E-4,0.0010275301865106236,2.5596530144723483E-4,3.3311937973474256E-4,0.0012813956703538716],[0.0035526831719606923,1.0003752292117455E-4,0.0031659934451090336,0.0024687098269778377,7.124840092803524E-5,0.0017812040940076864,0.00421632713389034,0.004323910393249525,4.2932442808010736E-4,0.00416665969217281,0.0014898231524308938,1.8473085193619103E-4,0.0030908548168894975,2.3932534962294247E-4,0.003838642817439183,0.007288277733236018,0.001908864623952561,0.004999374458654911,1.699108773785281E-4,0.003697790578455529,7.658894163519914E-4,1.0,0.003985878187288128,0.03354437276911004,0.00133187421299347,0.0046648251361055175,0.0010288391713858577,0.003384827617341509,0.006597933555351055,6.797465378766659E-4,0.0015335238707250615,0.004128089736530553,0.00214273879035542,0.019905494663978007,0.003639848791380472,0.003198294689019407,0.0011182189758515081,0.0035876959442686747,0.01038289602423265,0.003883568717712359,8.124731532837437E-4,0.0021158176337098327,0.004220092650952633,0.003283325881467802,0.0036726163247633795],[0.0010535131691222562,3.857338722244895E-4,0.0010534586881309426,7.624113399018602E-4,1.391376475899494E-4,7.915399813220761E-4,0.001346785860194636,7.066156899305428E-4,2.0413023672317328E-4,0.0013414676389473983,0.0013597727489447963,9.964083884228833E-4,0.0012576257795235844,4.0853836058578455E-4,3.544604705753212E-4,0.006932182122917994,5.56750282260526E-4,0.0011861107725476341,1.3580511072515205E-4,3.9623827370684303E-4,6.123437946667687E-4,0.003985878187288128,1.0,0.012293208541326432,2.2598848854588218E-4,0.001756225500484504,1.0803126139202753E-4,3.315228025796521E-4,0.0031793808110797935,4.864703188906201E-4,5.621854367358957E-4,0.001939863062745538,0.0013048179520510324,0.004580810183004365,3.2279715662015255E-4,8.488198691703212E-4,8.83786185371274E-4,0.0014447591257669842,0.02357869787900082,8.051924732585335E-4,6.75978485550707E-4,0.001051071441179702,1.1669659422505612E-4,3.8308178576867426E-4,0.0011284781439960495],[0.0432796526938228,0.05014582255595714,0.0451314355801888,0.04166214197701185,0.04595403940347304,0.007794702380333265,0.012796995899522838,0.0034569672192970875,0.002681803489383603,0.03134952447765758,0.008608135670193261,0.06646542843476809,0.04715039899872403,0.004587811152014747,0.03215618839133323,0.017464573334811166,0.018721987821395284,0.0663192125261576,0.04749622975477715,0.05601470407124027,0.02519023862708008,0.03354437276911004,0.012293208541326432,1.0,0.048385634545514956,0.056341118310589355,0.01529342295587849,0.01366143269610182,0.04535382320288207,0.0448865067591815,0.03258761995646777,0.029574655437931058,0.04755207355073843,0.03143135910920604,0.043948082182029335,0.04069576615643411,0.04916907870930482,0.060419358709343694,0.05877393252070673,0.014815355874965914,0.046117794957463425,0.03020948152986453,0.06314082710599156,0.05984324630068157,0.0428917043234464],[1.1155371981293854E-4,2.677442694849723E-5,5.846928232642632E-4,1.1115115225937998E-4,5.700892340845004E-5,3.7227609850092024E-5,9.95235046685716E-4,1.7587903213176599E-4,1.1318952265086576E-5,3.012896310637089E-5,7.522973864679037E-4,1.0357680256477501E-4,6.439426866405281E-4,1.445828013168592E-5,7.562278347589138E-5,0.004583565491979207,1.2659266977274329E-4,0.005475039416474653,1.887297157535542E-5,1.9769425082119423E-5,1.544594164073835E-4,0.00133187421299347,2.2598848854588218E-4,0.048385634545514956,1.0,0.0031607122294479923,2.3174710785580332E-5,4.585694562502725E-5,0.007891498099296911,2.048904445326252E-5,3.967654825636707E-5,8.456954881653916E-4,9.224036720107496E-4,7.477284758821283E-5,4.144040801306421E-5,1.9235384210427624E-4,2.643389828127682E-4,6.986038335860323E-4,0.028921073294960846,2.7884868498535512E-5,2.848772549472781E-4,5.801837950169594E-4,1.990153731722527E-5,1.784277467209104E-4,4.263853192922162E-4],[0.004207558052038126,0.0017005119155450812,0.00448747248418345,0.0023772541535626423,0.003956260079923897,0.00260354623162641,0.0038324122415352045,0.002447162562286089,0.0036838548478253562,0.004500489165653477,0.0018078303589504402,0.0041765009682135645,0.004267134084256349,0.0020839323544051894,0.0012691085212746945,0.010589908855252047,0.0028268272282104107,0.006061690400753494,0.001292763306153648,0.0023263512937823864,0.002179294931054073,0.0046648251361055175,0.001756225500484504,0.056341118310589355,0.0031607122294479923,1.0,0.0017288760608735708,0.0037508286311561364,0.007078192975735925,2.0915839559384526E-4,0.0026425372889022146,0.0023184746507229213,0.004415679709907602,0.021987381598640568,0.0022305967574231364,0.0029853501969036122,0.0012486980443505754,0.0035726122115318226,0.0156482925382458,0.004030743401505882,0.0020425099403945067,0.003784920974125296,0.0038215329628170564,0.0029566872029131806,0.0024204613777061594],[7.387695153901977E-4,2.0997513060854444E-5,5.756786230533153E-4,1.0234258406343591E-4,5.0654177414970146E-5,4.3699090485705E-5,0.0016834590171891334,1.5493905266944323E-4,2.207723693855659E-5,6.676916931123986E-4,9.389081625996824E-4,4.224584942518218E-5,7.443414014064753E-4,1.2240224836456583E-5,7.939322055370864E-5,0.0013852688325898567,3.549188343861584E-5,0.003286319431961451,2.0846289950951686E-5,2.198547503706808E-5,1.0319589107399864E-4,0.0010288391713858577,1.0803126139202753E-4,0.01529342295587849,2.3174710785580332E-5,0.0017288760608735708,1.0,6.564524145444387E-5,0.0017937448069647764,2.0485282769038214E-5,3.8543752989691684E-5,0.0010691723501668633,0.0014946539114926724,0.009580873679224361,8.042261244004899E-5,4.0690300489407865E-4,1.2547848134189358E-4,7.688968976064819E-4,0.018184314747845577,2.801126860937769E-5,7.518075990364056E-5,1.0284529776050898E-4,1.4281264208811543E-5,3.4795644902269995E-4,0.0010494331952823777],[3.73250507327208E-4,1.6025574807620525E-4,3.347675655873735E-4,1.8202552645402582E-4,1.7647917537451797E-4,1.4591832110095576E-4,4.261793005828345E-4,4.92746845156452E-4,1.3547065984689658E-4,8.324579238739099E-4,9.396389580788061E-4,1.8088468435529468E-4,3.281257206760624E-4,6.634419632352487E-5,1.828482632710169E-4,0.0023057344315228936,1.3306122544305162E-4,6.517018141343817E-4,9.856056574826451E-5,1.2852136829839963E-4,2.4410615644993258E-4,0.003384827617341509,3.315228025796521E-4,0.01366143269610182,4.585694562502725E-5,0.0037508286311561364,6.564524145444387E-5,1.0,0.0038224542916955946,1.8741166744989463E-4,1.2737484863712176E-4,6.066523859546704E-4,0.0014131836242625663,0.017812382510829623,1.5201034914495636E-4,4.266907644347494E-4,7.354929043076265E-4,2.603489488888299E-4,0.0034174083367698154,7.315456769913995E-5,5.012294324493953E-4,6.733554633117824E-4,2.3950574733868915E-5,2.2963940164437714E-4,5.366444175133707E-4],[0.007809005737434916,0.00899170055136931,0.0019361977522341506,0.0044115292549392355,0.009736300553837049,0.002156111474054873,0.009459717047367344,0.002751275228480411,0.004333127474297533,0.00976898926487386,0.003084803636446738,0.006418915216554705,0.007010073867876482,0.007553633541435647,0.00839063054118407,0.010166313476900455,0.0072212316864839945,0.0073100482672983315,1.429264457264268E-4,0.0014893305712454664,0.007141978469633211,0.006597933555351055,0.0031793808110797935,0.04535382320288207,0.007891498099296911,0.007078192975735925,0.0017937448069647764,0.0038224542916955946,1.0,0.008990663977349145,0.007322069379267249,0.0026910239995557917,0.0025608402407312127,0.01846102593860765,0.009030721731138143,0.004204336050020421,0.005577969150778707,0.00791467261906473,0.021368798240170434,0.005503503263404603,0.0040779473847046225,0.0014092484768421206,0.004445078369080416,0.0031539774718588203,0.006653475221651438],[7.53054061718838E-4,1.854115934819749E-5,9.538106357235451E-4,7.358145745527383E-5,3.310427911443285E-5,3.178209110588454E-5,0.0010712112348424648,3.0732776995642987E-5,1.1560390623013429E-5,0.001533995766100627,7.752562622423236E-5,9.235035987759728E-5,2.0055176913921232E-4,1.8629860071072793E-5,2.1358076775862873E-5,0.005506116414942589,1.233746607707924E-4,0.0033397002390582243,1.741223521425327E-5,1.772184109721371E-5,1.7597319550083232E-4,6.797465378766659E-4,4.864703188906201E-4,0.0448865067591815,2.048904445326252E-5,2.0915839559384526E-4,2.0485282769038214E-5,1.8741166744989463E-4,0.008990663977349145,1.0,3.0962236635900456E-5,0.0018079079258974124,0.0010477355839316408,0.019033214710012025,1.1198745962857931E-4,2.439601627297048E-4,2.3263254267194138E-4,5.39863061829031E-4,0.0035761266800468402,3.0333901951394183E-5,2.9740885429014403E-4,5.210625589426294E-4,1.817373807697615E-5,2.2002019747907478E-4,3.0216952671544266E-5],[5.956055825516848E-4,2.1119616894691118E-5,4.8349813801737087E-4,1.2655216853376744E-4,5.792961853159835E-5,4.276811965487721E-5,5.659926312907952E-4,1.8918235029661822E-4,3.826337787969125E-5,5.468487741123157E-4,2.5993241005012834E-4,9.766469857271575E-5,3.912281287547559E-4,2.0456446112160405E-5,7.978145973932356E-5,0.008072341573940874,1.296377658529052E-4,0.006047407306463559,1.3217702751720635E-5,3.566783337547591E-5,1.8731118099299388E-4,0.0015335238707250615,5.621854367358957E-4,0.03258761995646777,3.967654825636707E-5,0.0026425372889022146,3.8543752989691684E-5,1.2737484863712176E-4,0.007322069379267249,3.0962236635900456E-5,1.0,6.393437484104314E-4,2.4677456806578035E-4,0.023490374219878932,6.541850363947832E-5,4.47208711459584E-4,5.749561113334718E-4,6.59224749387531E-4,0.031199868942993432,3.407150776811081E-5,2.306708200531524E-4,9.261445409166341E-4,2.4724511055657546E-5,3.614301517429237E-4,0.0014870124041617221],[0.0011676599493693077,0.0018551548923145564,0.0020527787969463925,2.3216668971098558E-4,6.56825453350222E-4,9.005770739280608E-4,0.0019426646271152926,6.562736315218138E-4,0.0012297838733967153,0.0017218135026625728,0.0019421577649640447,0.0017673104886906873,0.0016374202853760328,1.85276500944315E-4,7.63385088766762E-4,0.00535557666441583,0.0018217306776614121,0.003051926229465475,7.887046485817813E-4,0.0018217940188479977,0.0018053553000153691,0.004128089736530553,0.001939863062745538,0.029574655437931058,8.456954881653916E-4,0.0023184746507229213,0.0010691723501668633,6.066523859546704E-4,0.0026910239995557917,0.0018079079258974124,6.393437484104314E-4,1.0,0.0017810771190552488,0.009116548646297871,0.0016597997720065314,0.0014890919419006197,0.0014212929564962847,0.001990627619203223,0.0300146049824392,1.4970569499598283E-4,0.0011188476997201929,0.0019329783541110325,0.0018868147867331102,0.0019467004032111507,0.0020554606595885416],[0.0013820924485334245,6.61615003664451E-4,0.0013579567681976867,0.0010766265398537847,0.001449678465185123,0.001390945210450232,0.001647555174218757,8.974073062015299E-4,9.183125928849051E-4,0.0015624929985385123,0.0014296449998156288,3.4942449739635304E-4,0.001483838383151855,0.0013037661225272592,0.0012049640479757913,0.002403271334814759,2.4968696565553746E-4,0.003668055679612135,7.598637053420699E-4,7.019955623469331E-4,6.156986439263706E-4,0.00214273879035542,0.0013048179520510324,0.04755207355073843,9.224036720107496E-4,0.004415679709907602,0.0014946539114926724,0.0014131836242625663,0.0025608402407312127,0.0010477355839316408,2.4677456806578035E-4,0.0017810771190552488,1.0,0.0028284545882926297,5.815458478941521E-4,5.240314170850938E-4,8.75688104970067E-4,0.0015810963370389399,0.025016688684821077,5.475537018501252E-4,6.820571512315119E-4,0.001432776461682604,7.339647600144317E-4,0.0015106495943833795,0.0015493186369183818],[0.0035647365254173257,0.013511052429965243,0.005465088577621111,0.010852525183507728,0.021362789165487645,0.009834523231315432,0.018109091305412297,0.005728234469540096,0.016400093126479325,0.009939433790454054,0.016748807666105585,0.012437059681758228,0.02165153524955774,0.009018004870426906,0.004649714731569178,0.02456724971322772,0.023702422665972916,0.007702124441111918,0.02173094931718435,0.0016282198330411037,0.012680830496510679,0.019905494663978007,0.004580810183004365,0.03143135910920604,7.477284758821283E-5,0.021987381598640568,0.009580873679224361,0.017812382510829623,0.01846102593860765,0.019033214710012025,0.023490374219878932,0.009116548646297871,0.0028284545882926297,1.0,0.009690864621189437,0.013602157297828809,0.015174545275884075,0.017652034708936323,0.027220581535116226,0.004816232598995048,0.024911432020019414,0.0205201348799632,0.02220057579456906,0.008298487497415437,0.017834400957636658],[4.0948571454935254E-4,6.865618674087247E-5,6.74323817124327E-4,1.5285364500462563E-4,6.924635462995964E-5,6.462261554844687E-5,2.9532100196403996E-4,2.586930858779684E-4,8.726547448855549E-5,0.0012547749479395731,1.663351432708904E-4,1.301850562302737E-4,6.290350833716897E-4,1.1720433118908509E-4,1.5285393246248014E-4,0.006162698794409348,1.2933227153754472E-4,0.0015526125716630004,7.185904918058437E-5,1.070902710019478E-4,1.2520682985023925E-4,0.003639848791380472,3.2279715662015255E-4,0.043948082182029335,4.144040801306421E-5,0.0022305967574231364,8.042261244004899E-5,1.5201034914495636E-4,0.009030721731138143,1.1198745962857931E-4,6.541850363947832E-5,0.0016597997720065314,5.815458478941521E-4,0.009690864621189437,1.0,3.4033593530141866E-4,2.702747265199701E-4,0.0013140528613990313,0.022386878981916304,4.886120155239251E-5,2.3076633333131178E-4,6.251120208708344E-4,9.744281324130261E-5,2.164297616531332E-4,2.9299283879719365E-4],[9.014867050369346E-4,1.2109989201876314E-5,5.92480821113796E-4,3.20952636985672E-4,2.8889855886366986E-4,1.416273496579893E-4,5.859308507166368E-4,5.571508640112719E-4,3.838157897210111E-5,0.0011972018895553668,8.761442616490219E-4,4.1984817273219683E-4,6.504648649255701E-4,1.4973215961811941E-5,4.753403950429651E-4,0.009068845905229087,4.90511047874369E-4,0.0019137234423550666,1.1430203704212965E-4,2.2188546246091812E-4,3.2046451411695974E-4,0.003198294689019407,8.488198691703212E-4,0.04069576615643411,1.9235384210427624E-4,0.0029853501969036122,4.0690300489407865E-4,4.266907644347494E-4,0.004204336050020421,2.439601627297048E-4,4.47208711459584E-4,0.0014890919419006197,5.240314170850938E-4,0.013602157297828809,3.4033593530141866E-4,1.0,7.388211889781405E-4,0.0012829181213285985,0.02468440595413213,1.0299222217778373E-4,5.278733642017738E-4,6.091781757160979E-4,4.7553568393573256E-4,4.924742034098882E-4,7.264199694244527E-4],[8.060485541389996E-4,2.7513672292918184E-4,9.587952137847917E-4,6.778580324037427E-4,7.241039467846608E-4,2.616310643472645E-4,8.724952375713456E-4,5.914509162945942E-4,7.191240896026811E-4,0.0015087405104277619,0.0012327259087300925,7.497467172904602E-4,0.0010686148174426004,3.0270290137835147E-5,7.793614596175873E-4,0.007161415618868882,6.736769484071994E-4,0.0026840190341074965,4.661038674168191E-4,3.4771432969429595E-4,3.639693132107772E-4,0.0011182189758515081,8.83786185371274E-4,0.04916907870930482,2.643389828127682E-4,0.0012486980443505754,1.2547848134189358E-4,7.354929043076265E-4,0.005577969150778707,2.3263254267194138E-4,5.749561113334718E-4,0.0014212929564962847,8.75688104970067E-4,0.015174545275884075,2.702747265199701E-4,7.388211889781405E-4,1.0,0.001198315978147472,0.023083163188832325,1.3670190760436542E-4,7.700136040117575E-4,8.934599531856835E-4,6.795885516352371E-5,6.122538489762762E-4,0.0014530728651655942],[0.0012915165894165003,0.0015374022055613128,0.00115131910296619,0.001409798384751292,0.0010635361747478678,0.001112848772078414,0.0016294849785940416,0.00152973314561202,0.0014529651408070373,0.0016285812991258346,0.0016232305392246285,0.0014789322752978046,0.0013785743322578291,0.0015330283873834702,1.976792359540174E-4,0.005493898221535625,9.818187831880938E-4,0.0021639279133938163,9.756151619709539E-4,1.0716378460073604E-4,8.287608973082824E-4,0.0035876959442686747,0.0014447591257669842,0.060419358709343694,6.986038335860323E-4,0.0035726122115318226,7.688968976064819E-4,2.603489488888299E-4,0.00791467261906473,5.39863061829031E-4,6.59224749387531E-4,0.001990627619203223,0.0015810963370389399,0.017652034708936323,0.0013140528613990313,0.0012829181213285985,0.001198315978147472,1.0,0.004367112927559248,0.001101348199221617,7.89391684293919E-4,0.0015317065343038337,2.301406449854032E-4,7.948607589969534E-4,0.0015724602917942972],[0.012229442340875057,0.00897277815392758,0.031467416895338586,0.02247827020405982,0.013663993342511994,0.020945481780231708,0.020546682891326048,0.021864899520770146,0.014275547168153591,0.01852435550835007,0.010909084927568511,0.0169047973550143,0.004137841042360787,0.015609194206184956,0.009508833111777738,0.02245751232606391,0.030688763125486067,0.008634291398503371,0.0055901901683947436,0.010894121514439794,0.030122589822874968,0.01038289602423265,0.02357869787900082,0.05877393252070673,0.028921073294960846,0.0156482925382458,0.018184314747845577,0.0034174083367698154,0.021368798240170434,0.0035761266800468402,0.031199868942993432,0.0300146049824392,0.025016688684821077,0.027220581535116226,0.022386878981916304,0.02468440595413213,0.023083163188832325,0.004367112927559248,1.0,0.02283688381319802,0.008570157317071019,0.015310602201121723,0.023120873445082787,0.026890262547458004,0.02303556294095698],[3.9081821203327367E-4,2.703301740250449E-5,7.031644011843993E-4,1.0827548996355501E-4,3.083578944287692E-5,3.214672845569463E-5,9.282466849131242E-4,1.8995568598232892E-4,2.6506597273789082E-5,5.584896234347165E-4,3.5125895036982615E-4,7.228487460329914E-5,0.0012424661690610254,1.2204880098466851E-5,1.3687737662108164E-4,0.0022400759727766516,9.739118147547744E-5,0.0018517644659508876,1.1497127718159943E-5,2.484952069582165E-5,6.671526706533552E-5,0.003883568717712359,8.051924732585335E-4,0.014815355874965914,2.7884868498535512E-5,0.004030743401505882,2.801126860937769E-5,7.315456769913995E-5,0.005503503263404603,3.0333901951394183E-5,3.407150776811081E-5,1.4970569499598283E-4,5.475537018501252E-4,0.004816232598995048,4.886120155239251E-5,1.0299222217778373E-4,1.3670190760436542E-4,0.001101348199221617,0.02283688381319802,1.0,3.0205290449982175E-4,7.596963471464809E-5,1.8134201348322495E-5,1.8872011897692062E-4,1.4731076718251725E-4],[7.450615622377286E-4,5.087357223245845E-4,6.32919086490872E-4,3.5098883472578133E-4,2.857445314601421E-4,4.057019167099245E-4,9.124519894810918E-4,5.667471269712063E-4,1.2896921382970318E-4,6.747689403631068E-4,9.11437097487217E-4,5.285472479826402E-4,9.196909422395515E-4,5.121249998523861E-4,2.9734171082071485E-4,0.0023677934696614044,2.874820087430951E-4,0.0015277538482962724,3.540623771948296E-4,3.833665052643442E-4,5.431627033881227E-4,8.124731532837437E-4,6.75978485550707E-4,0.046117794957463425,2.848772549472781E-4,0.0020425099403945067,7.518075990364056E-5,5.012294324493953E-4,0.0040779473847046225,2.9740885429014403E-4,2.306708200531524E-4,0.0011188476997201929,6.820571512315119E-4,0.024911432020019414,2.3076633333131178E-4,5.278733642017738E-4,7.700136040117575E-4,7.89391684293919E-4,0.008570157317071019,3.0205290449982175E-4,1.0,0.0010207008648048235,1.2407180102845568E-4,4.8325796977852225E-4,0.001343116309698326],[0.0010897495951058512,7.55830023959136E-5,0.0010661296975229169,8.736210581570426E-4,5.542508881390164E-4,3.4319608512032283E-4,0.0016088221028290428,8.061106638173433E-4,0.0010362615993634776,0.0011838608883143684,0.0011452379867372695,2.8059294196739295E-4,0.001215145541466332,3.568733921631709E-5,3.144322080786623E-4,0.007132025949133146,4.0942449489419185E-4,0.0044797874866229935,5.370219556589773E-4,0.0010978508763067867,0.0010275301865106236,0.0021158176337098327,0.001051071441179702,0.03020948152986453,5.801837950169594E-4,0.003784920974125296,1.0284529776050898E-4,6.733554633117824E-4,0.0014092484768421206,5.210625589426294E-4,9.261445409166341E-4,0.0019329783541110325,0.001432776461682604,0.0205201348799632,6.251120208708344E-4,6.091781757160979E-4,8.934599531856835E-4,0.0015317065343038337,0.015310602201121723,7.596963471464809E-5,0.0010207008648048235,1.0,7.037194541663477E-4,0.0010637438705560277,0.0014894519993621956],[1.9941686538036804E-4,1.0779114244185016E-5,3.551196724712475E-4,1.4979686070220315E-5,3.468990050067792E-5,3.353146467548075E-5,0.0014608558769463875,5.031817541622772E-4,1.0585941437562139E-5,7.786808225447897E-4,0.0011135095971344714,1.0447860007718503E-4,5.519934683134803E-4,1.0889843447404317E-5,1.4930881259633743E-4,0.01049227476202464,1.1108601708372262E-4,0.003916826951861949,1.058204630497267E-