[[1.0,9.201154697419216E-4,0.0011680741729131628,3.66179159015512E-4,2.3378182325295336E-5,1.4114372758139697E-4,3.338339196370258E-4,1.5509775143474615E-5,4.934225400517516E-5,1.3763780425749247E-4,9.343615772914161E-5,0.0016134993203709952,5.733530592725979E-4,0.012371686674398025,0.019313152761081663,0.0033302714506526997,0.0029455075245578195,0.001560704718667632,1.1441173752876176E-4,0.001137875977342786,7.869645636974223E-5,1.7062283602870513E-4,0.0013705598106601594,6.849154559031202E-5,1.136234381556154E-4,7.334005085357213E-5,0.0018032943654154063,0.0070097919751907255,2.2044453578866856E-4,8.613933445275272E-5,1.0079761231093616E-4,2.4399828326449464E-4,0.01114158951799407,0.005004359286822039,1.0922957592519205E-4,1.1239710307871114E-4,1.1471727181320114E-4,0.004399783732025283,1.642695110633396E-4,2.76640578807258E-4,0.0010921296906836301,2.6236397684225866E-4,1.694474747672891E-4],[9.201154697419216E-4,1.0,0.001447587694395073,0.0012403854958176366,7.59919123344464E-5,0.0011647124028738968,9.814961972422697E-4,0.0012830933393615134,8.241657758765202E-4,8.717154155347881E-4,4.5869810058855865E-4,0.009630511288125362,0.0014389777718937346,0.007274344394904297,0.006714973955096603,0.009432482800961655,0.0015047937717976873,0.006171439639565212,3.505989493720614E-4,0.001735150446784114,3.523064634173794E-4,9.474882831839091E-4,0.002434126126378119,5.044302702357211E-4,3.8682580352192666E-4,0.0010693466842203777,0.0035352991019874315,0.006316536988153463,0.001478031011365638,3.8917664538571647E-4,2.963365168839657E-4,0.0017757348884551423,0.010943854868813168,0.01997061879116144,2.431073639371437E-4,3.265526866473214E-4,1.8938850565438937E-4,0.0022253480550071996,2.1680611717731554E-4,0.001389489536696774,0.0014508023013092468,0.0017035146899245447,0.0010036599854057978],[0.0011680741729131628,0.001447587694395073,1.0,8.150722917472483E-4,0.0013074736784428503,0.0011850456752907144,0.0012522512700995367,4.889194355112278E-4,7.712043473300823E-4,0.0013912368566039095,4.0821811571897966E-4,0.005812331931561452,0.0013774863187359136,0.003180564779359532,0.025037187783452625,0.01055107387139833,0.0014830823318100525,0.010717192240804248,9.609961203129068E-4,0.0017087491882356335,9.49211638407358E-4,2.22063260950344E-4,0.0038376941190553533,3.878751755992274E-4,2.0714505686424183E-4,1.6696214165898255E-4,0.001814986184578155,0.004889908219621937,0.0015086120987672623,0.0013265489867089408,5.646063335018391E-4,0.0019567367575930956,0.010634193442710922,0.018580788015789485,3.8163545620620087E-4,9.374805930807702E-4,9.905922404884607E-4,0.023823438710320038,8.771037660110941E-4,0.0013691830941728943,0.0014345580561959447,0.0015480997891778384,9.756013743382635E-4],[3.66179159015512E-4,0.0012403854958176366,8.150722917472483E-4,1.0,5.513025900116465E-5,2.554006201942868E-4,5.613215015351964E-4,4.598094306001809E-4,1.9971323223570502E-4,5.444046877149855E-4,1.9240595134497278E-4,0.010626007803599022,6.097817747313291E-4,0.008629577106647818,0.02134798523695014,0.00160268667671603,0.0017187050699921183,0.015273603190848596,2.570557552682108E-4,9.260322824621735E-4,2.4225684717596964E-4,5.401096885020642E-4,0.004076840232962837,1.2307890083104172E-4,1.1269473919730526E-4,4.895661870393841E-4,0.006485669295352283,0.011467642125938983,0.0010581390434613405,4.5394788231601507E-4,2.5862127730115063E-4,8.979435940651007E-4,0.004422856806316303,0.023124606050079637,5.601735946459928E-4,1.1571118441160337E-4,1.5431256218603238E-4,0.0048996271097343945,2.1044865790732797E-4,0.0012916913019637008,0.0010604038832924447,5.74380566175629E-4,8.087806945197987E-4],[2.3378182325295336E-5,7.59919123344464E-5,0.0013074736784428503,5.513025900116465E-5,1.0,1.5846799439309E-4,4.3839693112728E-4,1.232946024762024E-5,1.2144766502355422E-5,1.947882368435551E-4,3.988040886862701E-5,0.002595131845314583,4.678094333100326E-4,0.008972476107619018,0.009174931025915918,0.011746640670644456,0.002841744866448488,0.011559067641356797,1.4474409469519554E-4,0.0015091297188355424,1.3038126320256514E-5,4.790567559414458E-5,0.002804070348498127,1.0606999483218221E-5,3.408720259036691E-5,2.2052955284212304E-5,0.0040833455065189305,0.011656212642047204,3.352753722300182E-4,5.688252045909271E-5,1.6574036922912608E-5,0.0018509970588552601,0.015732502857329227,0.011168397859253441,6.0437675761973943E-5,2.9747195790465185E-5,2.3314263263025767E-5,0.027948400449270723,1.3943737438887313E-4,7.978266635084029E-4,6.80805794907565E-4,5.479239760529652E-4,2.3438100414114254E-4],[1.4114372758139697E-4,0.0011647124028738968,0.0011850456752907144,2.554006201942868E-4,1.5846799439309E-4,1.0,3.996522162515617E-4,7.751059483505206E-5,6.0625677932452834E-5,1.9137574716898147E-4,1.2026657655470104E-4,0.009499097816032977,0.0011470293365954407,0.007472715487591259,0.019621611255863713,0.013520862007809883,0.002687925969920688,2.982350166613435E-4,1.7535522626437093E-4,3.422950697628721E-4,5.640688746987415E-5,1.7686113157265988E-4,0.0035714788036288647,1.3419916645586588E-4,1.278350785365186E-4,1.5776291244784608E-4,0.002538732970110352,0.005218885927250781,0.0013283985980045501,9.004087399917953E-5,8.393231620067978E-5,8.633672991829618E-4,0.0024252371455073477,0.021155140664298147,1.3664556815664203E-4,9.413289204084522E-5,1.547541905333306E-4,0.028768321926420204,1.886008021183235E-4,5.186028437563356E-4,0.0012323349770912097,7.019411670033641E-4,2.010022746864278E-4],[3.338339196370258E-4,9.814961972422697E-4,0.0012522512700995367,5.613215015351964E-4,4.3839693112728E-4,3.996522162515617E-4,1.0,3.5417750216097215E-4,3.8081502246408133E-4,2.839582094669696E-4,4.960487751114077E-5,0.004639420616132473,7.603241050250975E-4,0.002501418340852222,0.005261446979529256,0.004891042911370403,0.0024589602089529856,0.001550794244030602,4.085986721570515E-4,0.0010858811718157365,3.34379030705935E-4,1.88954380709581E-4,0.004210689777568562,2.707270024524959E-4,2.052119226122216E-4,1.6181889053290178E-4,0.005302652665951358,0.0027553166614096903,0.0014232394669032047,6.456634731431097E-5,2.311448605746401E-4,0.0019353362572462126,0.006152717211530507,0.024162333942442597,3.7529657134285395E-4,1.7999592344160884E-4,1.9005396573977963E-4,0.027183122769657894,4.3370646894110644E-4,9.446560704574718E-4,0.001029689042572448,0.0017034304832470209,7.271823135620793E-4],[1.5509775143474615E-5,0.0012830933393615134,4.889194355112278E-4,4.598094306001809E-4,1.232946024762024E-5,7.751059483505206E-5,3.5417750216097215E-4,1.0,1.2723532229715171E-5,9.556285796812812E-5,4.047808139961181E-5,0.0026607324639215525,3.036320236110521E-4,0.003015109581668929,0.026408344596239124,0.008178143107144471,7.772625611686389E-4,0.01511662350227991,7.906714906581941E-5,3.844808594209218E-4,1.2771498888153494E-5,3.0494330156058034E-5,4.978753294252029E-4,1.1465938010810838E-5,1.0239946381746038E-4,1.3778099954632659E-5,0.0031221918185617764,0.0071862684970653125,6.712702197368769E-4,4.58722715763208E-5,5.777721656686407E-5,2.9481426593108706E-4,0.015035902892672183,0.018231659604797768,5.750536754836991E-5,3.130146427146024E-5,7.804869172899591E-5,0.0420676595982935,1.844170223065462E-4,3.6390361415157953E-4,1.1116086911373976E-4,0.001397013377696437,2.6804576972758843E-4],[4.934225400517516E-5,8.241657758765202E-4,7.712043473300823E-4,1.9971323223570502E-4,1.2144766502355422E-5,6.0625677932452834E-5,3.8081502246408133E-4,1.2723532229715171E-5,1.0,1.3455356692997723E-4,3.7401771269759874E-5,0.00257440996341883,0.0011779510541758157,0.004142422752986004,0.01633141654088433,0.005377568021945756,0.001003831228919736,0.006791319157849873,1.4149084097368097E-4,1.456749666234891E-5,1.2843321794753944E-5,6.932055475000618E-5,0.0035641830256646955,1.1033301750533407E-5,9.48848916324342E-5,2.161057859686435E-5,1.303304335850961E-4,0.0027800773295346996,0.0013388827209308207,4.2161705127985005E-5,5.8934809598548346E-5,3.89756375703692E-4,0.013584821132886884,0.02345137993888189,9.425939567976735E-5,6.21357796706323E-5,8.633313385285113E-5,0.019283210451169732,1.2968124273745238E-4,3.3534454929497117E-4,4.649002882558121E-4,0.0015585926946279376,7.191960566927091E-4],[1.3763780425749247E-4,8.717154155347881E-4,0.0013912368566039095,5.444046877149855E-4,1.947882368435551E-4,1.9137574716898147E-4,2.839582094669696E-4,9.556285796812812E-5,1.3455356692997723E-4,1.0,1.0441380861255218E-4,0.006271484911579976,0.0011612735600124392,0.0036334931406899872,0.007121569762270333,0.0029967649182322436,0.003605266719341316,0.0056816975375421205,2.042427182271352E-4,7.3223490194817E-4,1.4118974146998997E-5,1.998551615358689E-4,0.0025152081276068336,1.5900775719960178E-4,1.3340856296334175E-4,1.8091094641450696E-4,0.0019085409686621668,0.0030508732222027874,2.3123644925185258E-4,8.958043278497124E-5,1.374789826862052E-4,3.7910612501649394E-4,0.005314755410962392,0.002071044870459303,1.2774112137067253E-4,1.0712340572580842E-4,1.250171425473899E-4,0.003130318740187563,1.9712082628338303E-4,6.89365424927675E-4,0.0011505916816710012,3.096108902931096E-4,2.75613801230988E-4],[9.343615772914161E-5,4.5869810058855865E-4,4.0821811571897966E-4,1.9240595134497278E-4,3.988040886862701E-5,1.2026657655470104E-4,4.960487751114077E-5,4.047808139961181E-5,3.7401771269759874E-5,1.0441380861255218E-4,1.0,0.010134577878158236,9.543625841526636E-4,0.007987309530465307,0.020192460637885035,5.619293526762286E-4,0.0019143184460460112,0.004805968811769176,1.017081762567526E-4,0.0011974172688402026,1.437702795727274E-5,8.221840448077945E-5,0.003744219066735411,3.436734870563776E-5,8.425279179977274E-5,3.051591199343167E-5,0.003338690199517787,0.011301369801727476,0.001080120242884961,4.3008798001472145E-5,7.447428701614001E-5,0.0012389711752327697,0.017456789438812285,0.008640090112995958,8.171504429587561E-5,6.462826878237757E-5,7.861195744987514E-5,0.002907219865937005,1.548839755657828E-4,3.4266578150357455E-4,7.010825409270972E-4,0.0012410272883099272,7.458792228504255E-4],[0.0016134993203709952,0.009630511288125362,0.005812331931561452,0.010626007803599022,0.002595131845314583,0.009499097816032977,0.004639420616132473,0.0026607324639215525,0.00257440996341883,0.006271484911579976,0.010134577878158236,1.0,0.004554692187499121,0.01257518372013403,0.011687983398644054,0.012651093588863706,0.00493838793394468,0.01355103711721654,2.3199823611771435E-4,0.0067005271624727275,0.008415721723943798,0.010538953815458017,0.009842179371573794,2.8128971186102374E-4,0.006246287691167389,0.002887994716977793,0.011009823253021193,0.01168454322930775,0.0024831486123699175,0.004073681723660581,0.009059319940245418,0.0024824216274988613,0.020600967891806418,0.02280723252868775,0.010726854261298515,0.009108915340571132,0.001414237777827306,0.04536301568660113,3.20892928463608E-4,0.009830824628572616,0.004064116894854213,0.009612879504469003,0.0039739570920726275],[5.733530592725979E-4,0.0014389777718937346,0.0013774863187359136,6.097817747313291E-4,4.678094333100326E-4,0.0011470293365954407,7.603241050250975E-4,3.036320236110521E-4,0.0011779510541758157,0.0011612735600124392,9.543625841526636E-4,0.004554692187499121,1.0,0.002271093226244216,0.009421826788369881,0.005382235691046244,0.0014390022002247645,0.004600449544530678,4.502507223384697E-4,0.0017654179030387484,4.765627501443309E-4,2.7740575497313256E-4,0.0041860869059026674,3.9661404789498864E-4,1.1188547453327983E-4,5.388556780289052E-4,0.0058412561319609296,0.011504256408053984,0.0013795903718118684,4.249316023133991E-4,4.974301386531731E-4,0.0015700297820029226,0.023301912310036855,0.01605024848599993,4.6413846836069583E-4,8.002335882162632E-4,2.95066635419814E-4,0.022907408265684197,0.001109173728310294,0.0012834396357209513,0.0013229453342879125,0.0015223087489428285,8.953357346412495E-4],[0.012371686674398025,0.007274344394904297,0.003180564779359532,0.008629577106647818,0.008972476107619018,0.007472715487591259,0.002501418340852222,0.003015109581668929,0.004142422752986004,0.0036334931406899872,0.007987309530465307,0.01257518372013403,0.002271093226244216,1.0,0.024653362895528764,0.013653495972120202,0.012587194251777512,0.01538867123518134,0.005998368172703245,0.003184095584490896,0.004876114533185038,0.0045855164683096345,0.011090574840820874,0.011450170007902284,0.009329539203799789,0.01100611148536681,0.008197827597718128,0.012841993765979037,0.009919762644040948,0.0070500035685411525,0.008960804523099478,0.003834301170886947,0.018972040226160378,0.019897875241711566,0.0020026830450686917,0.009909074201118216,0.0040103167921130495,0.033466913812494725,0.0017901346762704852,0.007467075354652056,0.0035946781253630928,0.008761885322352453,0.011126064958787095],[0.019313152761081663,0.006714973955096603,0.025037187783452625,0.02134798523695014,0.009174931025915918,0.019621611255863713,0.005261446979529256,0.026408344596239124,0.01633141654088433,0.007121569762270333,0.020192460637885035,0.011687983398644054,0.009421826788369881,0.024653362895528764,1.0,0.0213938651358467,0.024440091902605966,0.017736432722705073,0.014895301597831858,0.017311494063013886,0.002457343952204323,0.019281022112559866,0.0176385627712704,0.004029667588749035,0.012983236368131338,0.009354528479577929,0.02389816095009299,0.01311043407557852,0.010432867586116132,0.01142886635090311,0.022558847485058584,0.022998602850416265,0.02623569301243496,0.0258753623371273,0.0036701740248072257,0.0064576901210893385,0.025292005283048487,0.0397488626540668,0.020702137491472785,0.025435303173654916,0.015099986372719212,0.003352886859148513,0.023411436543998642],[0.0033302714506526997,0.009432482800961655,0.01055107387139833,0.00160268667671603,0.011746640670644456,0.013520862007809883,0.004891042911370403,0.008178143107144471,0.005377568021945756,0.0029967649182322436,5.619293526762286E-4,0.012651093588863706,0.005382235691046244,0.013653495972120202,0.0213938651358467,1.0,0.00755755848051678,0.01417503822617259,0.0024399109386292212,0.010840458779158145,0.010263623633939527,0.0013069874275812464,0.008098066575710742,6.259765037891093E-4,0.005662615357694714,0.011124219495098899,0.009847304899060853,0.01329993798963402,0.010937506306327805,0.003855993955920788,0.0027315856043334534,0.010471056938167444,0.02102449213473503,0.019142364652162704,0.002023865094190772,0.0037262933221492794,0.011752474218539264,0.04400241974416072,0.010254869827795289,0.0014129068121877897,0.0018086974180321577,0.006216252454859142,0.006352949853514124],[0.0029455075245578195,0.0015047937717976873,0.0014830823318100525,0.0017187050699921183,0.002841744866448488,0.002687925969920688,0.0024589602089529856,7.772625611686389E-4,0.001003831228919736,0.003605266719341316,0.0019143184460460112,0.00493838793394468,0.0014390022002247645,0.012587194251777512,0.024440091902605966,0.00755755848051678,1.0,0.01616560992457991,1.8208846326194918E-4,0.0020370674794747247,0.003823260446529755,0.002388419217460326,0.0048509476299233275,0.0016235317788572574,7.588007891111946E-4,0.002582701342594724,0.004926144429999181,0.006723592500690427,0.004272161757923219,0.0033511878113248643,0.002916815952492018,0.0022312105875147694,0.022063555728431713,0.01710979163550433,0.0023075207825045485,0.0019209642272880881,0.003246027061127025,0.03948569827847522,0.0018920508478258587,0.0029940192507559703,0.0038300635744429583,0.00391086930000914,0.0014402711031814691],[0.001560704718667632,0.006171439639565212,0.010717192240804248,0.015273603190848596,0.011559067641356797,2.982350166613435E-4,0.001550794244030602,0.01511662350227991,0.006791319157849873,0.0056816975375421205,0.004805968811769176,0.01355103711721654,0.004600449544530678,0.01538867123518134,0.017736432722705073,0.01417503822617259,0.01616560992457991,1.0,0.012456588559123025,0.005711398270255205,0.01676719343171993,0.012564707214293822,0.013290798132852229,0.006001485099592105,0.008258722405313685,0.011564378517127934,0.013170365355628197,0.013928591301771254,0.01632335223180303,0.005677921963919072,0.010643552220055884,0.0062550374587200565,0.022677058043320538,0.023906258411331583,0.015418614176343695,0.009382453682221696,0.016831453553678048,0.03908328009769474,0.010795551903823497,0.012883370808198753,0.01637482646165981,0.00851492249125576,0.005801578533199275],[1.1441173752876176E-4,3.505989493720614E-4,9.609961203129068E-4,2.570557552682108E-4,1.4474409469519554E-4,1.7535522626437093E-4,4.085986721570515E-4,7.906714906581941E-5,1.4149084097368097E-4,2.042427182271352E-4,1.017081762567526E-4,2.3199823611771435E-4,4.502507223384697E-4,0.005998368172703245,0.014895301597831858,0.0024399109386292212,1.8208846326194918E-4,0.012456588559123025,1.0,0.0016664013137836903,1.4224666773443123E-4,1.7704327452767869E-4,0.0033940868463656253,6.537623678365816E-5,1.2203762693644662E-4,1.400089278957043E-4,0.00530326829565997,0.007627840360238568,5.239025606438811E-4,1.26099470422599E-4,1.44520836738237E-4,5.192719738539018E-4,0.007734897746662573,0.014431906802519297,1.0716297137241445E-4,1.4417644018842828E-4,1.4290757974525252E-4,0.0140967150335255,1.8857343627563426E-4,8.956793486869195E-4,8.774809054575049E-4,0.0017016828472849722,3.8548153597781824E-4],[0.001137875977342786,0.001735150446784114,0.0017087491882356335,9.260322824621735E-4,0.0015091297188355424,3.422950697628721E-4,0.0010858811718157365,3.844808594209218E-4,1.456749666234891E-5,7.3223490194817E-4,0.0011974172688402026,0.0067005271624727275,0.0017654179030387484,0.003184095584490896,0.017311494063013886,0.010840458779158145,0.0020370674794747247,0.005711398270255205,0.0016664013137836903,1.0,1.5720617880888813E-5,0.0015482470282948506,0.003610583987108119,2.338473078676546E-4,7.855005622024905E-4,0.0017487673756616943,0.006494765076895568,0.003566840294236755,0.0015313238154431588,8.555778448545245E-4,0.0016143760621970496,0.0020071343948013746,0.009256554664999932,0.014950310354317785,8.255628687535729E-4,0.0013935124077007074,0.001239805066520771,0.0211276814003576,5.568112082111746E-4,0.0018254737229184631,0.001582958798874831,0.0018685252576389163,9.129277011570427E-4],[7.869645636974223E-5,3.523064634173794E-4,9.49211638407358E-4,2.4225684717596964E-4,1.3038126320256514E-5,5.640688746987415E-5,3.34379030705935E-4,1.2771498888153494E-5,1.2843321794753944E-5,1.4118974146998997E-5,1.437702795727274E-5,0.008415721723943798,4.765627501443309E-4,0.004876114533185038,0.002457343952204323,0.010263623633939527,0.003823260446529755,0.01676719343171993,1.4224666773443123E-4,1.5720617880888813E-5,1.0,6.083237538924533E-5,0.0033717650945305705,1.1028890654586111E-5,9.676074367654878E-5,2.0168194185022107E-5,0.0014508763888348842,0.0014157069765656466,4.440008273344995E-5,3.337368660037731E-5,3.614345379157485E-5,0.0018233466199251219,0.020335001028560562,0.01991925492538883,8.714302022411984E-5,2.9082019324147057E-5,8.699957095217828E-5,0.01516361638424519,1.9089711278872832E-4,8.416230166406939E-4,4.071777460446094E-4,0.0011876272054753164,6.193511836596926E-4],[1.7062283602870513E-4,9.474882831839091E-4,2.22063260950344E-4,5.401096885020642E-4,4.790567559414458E-5,1.7686113157265988E-4,1.88954380709581E-4,3.0494330156058034E-5,6.932055475000618E-5,1.998551615358689E-4,8.221840448077945E-5,0.010538953815458017,2.7740575497313256E-4,0.0045855164683096345,0.019281022112559866,0.0013069874275812464,0.002388419217460326,0.012564707214293822,1.7704327452767869E-4,0.0015482470282948506,6.083237538924533E-5,1.0,0.004930544778051887,1.3269107259205576E-4,1.0953265510795708E-4,7.771547738115202E-5,0.0051976178732467335,0.004567043955827039,0.0011258972336868347,1.2018613816448782E-4,1.2533472713753066E-4,0.0012631196498430633,0.0012590365416524998,0.020668419419634584,1.7206432394358445E-4,1.43781759335785E-4,1.239350698583884E-4,0.04058198886194853,1.808407496806028E-4,4.149999091881422E-4,0.0013008315620443565,0.0014069272762181784,2.640481470958978E-4],[0.0013705598106601594,0.002434126126378119,0.0038376941190553533,0.004076840232962837,0.002804070348498127,0.0035714788036288647,0.004210689777568562,4.978753294252029E-4,0.0035641830256646955,0.0025152081276068336,0.003744219066735411,0.009842179371573794,0.0041860869059026674,0.011090574840820874,0.0176385627712704,0.008098066575710742,0.0048509476299233275,0.013290798132852229,0.0033940868463656253,0.003610583987108119,0.0033717650945305705,0.004930544778051887,1.0,0.006012347269857104,0.0019673858453084746,0.003013986332644092,0.0065245752556954565,0.007497183976940572,0.0015905215207037157,0.003201779369937598,7.700512662742417E-4,0.0039459671964247565,0.018917597309957457,0.022266352592202537,0.0010495853538819676,0.004537211032881465,0.002101827045353558,0.03835499079185202,0.0030080696842958886,0.004597838527970051,0.006091605644199947,0.0026686488096365575,0.0021518417063710873],[6.849154559031202E-5,5.044302702357211E-4,3.878751755992274E-4,1.2307890083104172E-4,1.0606999483218221E-5,1.3419916645586588E-4,2.707270024524959E-4,1.1465938010810838E-5,1.1033301750533407E-5,1.5900775719960178E-4,3.436734870563776E-5,2.8128971186102374E-4,3.9661404789498864E-4,0.011450170007902284,0.004029667588749035,6.259765037891093E-4,0.0016235317788572574,0.006001485099592105,6.537623678365816E-5,2.338473078676546E-4,1.1028890654586111E-5,1.3269107259205576E-4,0.006012347269857104,1.0,9.648267067660005E-5,1.541530382861989E-5,0.001910671355736701,0.0013835120258817676,0.0012831996836757801,3.278949179415687E-5,3.921085479957319E-5,4.4477256026277987E-4,0.016798918992520888,0.0043666427528611385,5.6337897200918546E-5,6.778971740812834E-5,2.1838454053480107E-5,0.033249011502709265,9.395610841441095E-5,1.6775581003280319E-4,0.0014321059772971654,0.0017289484474020014,7.186703406050772E-4],[1.136234381556154E-4,3.8682580352192666E-4,2.0714505686424183E-4,1.1269473919730526E-4,3.408720259036691E-5,1.278350785365186E-4,2.052119226122216E-4,1.0239946381746038E-4,9.48848916324342E-5,1.3340856296334175E-4,8.425279179977274E-5,0.006246287691167389,1.1188547453327983E-4,0.009329539203799789,0.012983236368131338,0.005662615357694714,7.588007891111946E-4,0.008258722405313685,1.2203762693644662E-4,7.855005622024905E-4,9.676074367654878E-5,1.0953265510795708E-4,0.0019673858453084746,9.648267067660005E-5,1.0,6.738037758088306E-5,0.006672568442589146,0.007705930507780715,8.33850606158818E-4,7.986649821710819E-5,8.261679549844097E-5,9.746625485928503E-4,0.0095149776480857,0.01368700800327126,1.0417033150588515E-4,9.641061068906027E-5,1.0982654794709054E-4,0.035607694752983116,1.8882391667498767E-4,0.0011366420945675669,0.0010738608000843814,0.0017404576535775783,5.872611310484396E-4],[7.334005085357213E-5,0.0010693466842203777,1.6696214165898255E-4,4.895661870393841E-4,2.2052955284212304E-5,1.5776291244784608E-4,1.6181889053290178E-4,1.3778099954632659E-5,2.161057859686435E-5,1.8091094641450696E-4,3.051591199343167E-5,0.002887994716977793,5.388556780289052E-4,0.01100611148536681,0.009354528479577929,0.011124219495098899,0.002582701342594724,0.011564378517127934,1.400089278957043E-4,0.0017487673756616943,2.0168194185022107E-5,7.771547738115202E-5,0.003013986332644092,1.541530382861989E-5,6.738037758088306E-5,1.0,0.006550970518699855,0.012142332759990512,8.733211082981746E-4,4.058826029046794E-5,3.9407648496325356E-5,7.954546959693853E-4,0.021013517809834487,0.010055473095265758,9.706326497444428E-5,6.596720036355687E-5,1.0880080495481904E-4,0.0352952330860933,1.3683864649353413E-4,1.4827828417602E-4,0.0012951768056019008,1.1142453582019101E-4,1.8734864113682177E-4],[0.0018032943654154063,0.0035352991019874315,0.001814986184578155,0.006485669295352283,0.0040833455065189305,0.002538732970110352,0.005302652665951358,0.0031221918185617764,1.303304335850961E-4,0.0019085409686621668,0.003338690199517787,0.011009823253021193,0.0058412561319609296,0.008197827597718128,0.02389816095009299,0.009847304899060853,0.004926144429999181,0.013170365355628197,0.00530326829565997,0.006494765076895568,0.0014508763888348842,0.0051976178732467335,0.0065245752556954565,0.001910671355736701,0.006672568442589146,0.006550970518699855,1.0,0.010779133544520876,0.005747149545933946,0.006536512248219424,0.003235778012261962,0.003519153089889789,0.016593459801231523,0.020537486109210884,0.004500177149523769,0.005142551420921472,0.003951786593943059,0.03115028045245375,0.0030150113172477946,0.004662356572232738,0.0021493176899462425,0.005612783827202017,0.004003585725101453],[0.0070097919751907255,0.006316536988153463,0.004889908219621937,0.011467642125938983,0.011656212642047204,0.005218885927250781,0.0027553166614096903,0.0071862684970653125,0.0027800773295346996,0.0030508732222027874,0.011301369801727476,0.01168454322930775,0.011504256408053984,0.012841993765979037,0.01311043407557852,0.01329993798963402,0.006723592500690427,0.013928591301771254,0.007627840360238568,0.003566840294236755,0.0014157069765656466,0.004567043955827039,0.007497183976940572,0.0013835120258817676,0.007705930507780715,0.012142332759990512,0.010779133544520876,1.0,0.004828995856146996,0.008418379061171771,0.0058752997067152285,0.008552823786362844,0.01839232861949157,0.01755944303842862,0.004145160381559681,3.116048452772086E-4,0.004161104192087959,0.01450076277748723,0.003998671546820962,0.008776093448572404,0.010169402052149036,0.002573701418940623,0.0025022140092079],[2.2044453578866856E-4,0.001478031011365638,0.0015086120987672623,0.0010581390434613405,3.352753722300182E-4,0.0013283985980045501,0.0014232394669032047,6.712702197368769E-4,0.0013388827209308207,2.3123644925185258E-4,0.001080120242884961,0.0024831486123699175,0.0013795903718118684,0.009919762644040948,0.010432867586116132,0.010937506306327805,0.004272161757923219,0.01632335223180303,5.239025606438811E-4,0.0015313238154431588,4.440008273344995E-5,0.0011258972336868347,0.0015905215207037157,0.0012831996836757801,8.33850606158818E-4,8.733211082981746E-4,0.005747149545933946,0.004828995856146996,1.0,1.6374895709350093E-4,0.0013789692738564903,0.0016694123971149422,0.009518140004847839,0.010609152015358515,6.630765859166222E-4,0.001446360719691182,6.280282199802816E-4,0.005655747967334687,0.0010695233519073739,0.0013562503609344872,0.0014503380618964986,0.001588886472535429,0.0014022629000504212],[8.613933445275272E-5,3.8917664538571647E-4,0.0013265489867089408,4.5394788231601507E-4,5.688252045909271E-5,9.004087399917953E-5,6.456634731431097E-5,4.58722715763208E-5,4.2161705127985005E-5,8.958043278497124E-5,4.3008798001472145E-5,0.004073681723660581,4.249316023133991E-4,0.0070500035685411525,0.01142886635090311,0.003855993955920788,0.0033511878113248643,0.005677921963919072,1.26099470422599E-4,8.555778448545245E-4,3.337368660037731E-5,1.2018613816448782E-4,0.003201779369937598,3.278949179415687E-5,7.986649821710819E-5,4.058826029046794E-5,0.006536512248219424,0.008418379061171771,1.6374895709350093E-4,1.0,6.148677955763311E-5,0.0017893742444702986,0.00237968892561814,0.004535831437108846,9.100229128308573E-5,6.390118493995567E-5,8.932766185628533E-5,0.04278408730803678,9.832905547092111E-5,5.611419664187414E-4,5.421783612350869E-4,6.993063523493674E-4,2.019347552558486E-4],[1.0079761231093616E-4,2.963365168839657E-4,5.646063335018391E-4,2.5862127730115063E-4,1.6574036922912608E-5,8.393231620067978E-5,2.311448605746401E-4,5.777721656686407E-5,5.8934809598548346E-5,1.374789826862052E-4,7.447428701614001E-5,0.009059319940245418,4.974301386531731E-4,0.008960804523099478,0.022558847485058584,0.0027315856043334534,0.002916815952492018,0.010643552220055884,1.44520836738237E-4,0.0016143760621970496,3.614345379157485E-5,1.2533472713753066E-4,7.700512662742417E-4,3.921085479957319E-5,8.261679549844097E-5,3.9407648496325356E-5,0.003235778012261962,0.0058752997067152285,0.0013789692738564903,6.148677955763311E-5,1.0,0.0014346090577277708,0.0014709918519173293,0.02172148360272373,9.671861644243856E-5,7.60573089704355E-5,1.0089057598520212E-4,0.033987589059091126,1.2940364380717304E-4,3.82533621392472E-4,5.80472507213737E-4,2.201879648431936E-4,3.0130734691886463E-4],[2.4399828326449464E-4,0.0017757348884551423,0.0019567367575930956,8.979435940651007E-4,0.0018509970588552601,8.633672991829618E-4,0.0019353362572462126,2.9481426593108706E-4,3.89756375703692E-4,3.7910612501649394E-4,0.0012389711752327697,0.0024824216274988613,0.0015700297820029226,0.003834301170886947,0.022998602850416265,0.010471056938167444,0.0022312105875147694,0.0062550374587200565,5.192719738539018E-4,0.0020071343948013746,0.0018233466199251219,0.0012631196498430633,0.0039459671964247565,4.4477256026277987E-4,9.746625485928503E-4,7.954546959693853E-4,0.003519153089889789,0.008552823786362844,0.0016694123971149422,0.0017893742444702986,0.0014346090577277708,1.0,0.012056516438164631,0.016812868312499812,0.0018911036879899978,0.0018266196136421382,4.3066936529246387E-4,0.01737953583412913,0.0017539285742409298,0.0013451690844918222,0.0019453710204963305,0.001793705971607714,9.556983210974953E-4],[0.01114158951799407,0.010943854868813168,0.010634193442710922,0.004422856806316303,0.015732502857329227,0.0024252371455073477,0.006152717211530507,0.015035902892672183,0.013584821132886884,0.005314755410962392,0.017456789438812285,0.020600967891806418,0.023301912310036855,0.018972040226160378,0.02623569301243496,0.02102449213473503,0.022063555728431713,0.022677058043320538,0.007734897746662573,0.009256554664999932,0.020335001028560562,0.0012590365416524998,0.018917597309957457,0.016798918992520888,0.0095149776480857,0.021013517809834487,0.016593459801231523,0.01839232861949157,0.009518140004847839,0.00237968892561814,0.0014709918519173293,0.012056516438164631,1.0,0.02410755505679745,0.014220816310880418,0.007369664503664323,0.001009736177989841,0.04242821479644231,0.00781737174471772,0.010580510062728053,0.004635569283577971,0.013626744404297893,0.002664284731288633],[0.005004359286822039,0.01997061879116144,0.018580788015789485,0.023124606050079637,0.011168397859253441,0.021155140664298147,0.024162333942442597,0.018231659604797768,0.02345137993888189,0.002071044870459303,0.008640090112995958,0.02280723252868775,0.01605024848599993,0.019897875241711566,0.0258753623371273,0.019142364652162704,0.01710979163550433,0.023906258411331583,0.014431906802519297,0.014950310354317785,0.01991925492538883,0.020668419419634584,0.022266352592202537,0.0043666427528611385,0.01368700800327126,0.010055473095265758,0.020537486109210884,0.01755944303842862,0.010609152015358515,0.004535831437108846,0.02172148360272373,0.016812868312499812,0.02410755505679745,1.0,0.014885174430432115,0.0028552634768038497,0.012561800736885247,0.03894931731467044,0.023091959809095768,0.014880000536203645,0.009456889410081621,0.008489717644043382,0.004038129669360121],[1.0922957592519205E-4,2.431073639371437E-4,3.8163545620620087E-4,5.601735946459928E-4,6.0437675761973943E-5,1.3664556815664203E-4,3.7529657134285395E-4,5.750536754836991E-5,9.425939567976735E-5,1.2774112137067253E-4,8.171504429587561E-5,0.010726854261298515,4.6413846836069583E-4,0.0020026830450686917,0.0036701740248072257,0.002023865094190772,0.0023075207825045485,0.015418614176343695,1.0716297137241445E-4,8.255628687535729E-4,8.714302022411984E-5,1.7206432394358445E-4,0.0010495853538819676,5.6337897200918546E-5,1.0417033150588515E-4,9.706326497444428E-5,0.004500177149523769,0.004145160381559681,6.630765859166222E-4,9.100229128308573E-5,9.671861644243856E-5,0.0018911036879899978,0.014220816310880418,0.014885174430432115,1.0,9.541873575550744E-5,1.0563167684891888E-4,0.03863310417974052,1.4982148533399284E-4,0.0010231123759960078,0.0012152377878968752,0.001627036307193257,3.248382455931474E-4],[1.1239710307871114E-4,3.265526866473214E-4,9.374805930807702E-4,1.1571118441160337E-4,2.9747195790465185E-5,9.413289204084522E-5,1.7999592344160884E-4,3.130146427146024E-5,6.21357796706323E-5,1.0712340572580842E-4,6.462826878237757E-5,0.009108915340571132,8.002335882162632E-4,0.009909074201118216,0.0064576901210893385,0.0037262933221492794,0.0019209642272880881,0.009382453682221696,1.4417644018842828E-4,0.0013935124077007074,2.9082019324147057E-5,1.43781759335785E-4,0.004537211032881465,6.778971740812834E-5,9.641061068906027E-5,6.596720036355687E-5,0.005142551420921472,3.116048452772086E-4,0.001446360719691182,6.390118493995567E-5,7.60573089704355E-5,0.0018266196136421382,0.007369664503664323,0.0028552634768038497,9.541873575550744E-5,1.0,1.1297634736662574E-4,0.023077415460666866,1.798051305323041E-4,0.0013160242640885228,0.001129502611598545,7.512757716522311E-4,7.211741936659115E-4],[1.1471727181320114E-4,1.8938850565438937E-4,9.905922404884607E-4,1.5431256218603238E-4,2.3314263263025767E-5,1.547541905333306E-4,1.9005396573977963E-4,7.804869172899591E-5,8.633313385285113E-5,1.250171425473899E-4,7.861195744987514E-5,0.001414237777827306,2.95066635419814E-4,0.0040103167921130495,0.025292005283048487,0.011752474218539264,0.003246027061127025,0.016831453553678048,1.4290757974525252E-4,0.001239805066520771,8.699957095217828E-5,1.239350698583884E-4,0.002101827045353558,2.1838454053480107E-5,1.0982654794709054E-4,1.0880080495481904E-4,0.003951786593943059,0.004161104192087959,6.280282199802816E-4,8.932766185628533E-5,1.0089057598520212E-4,4.3066936529246387E-4,0.001009736177989841,0.012561800736885247,1.0563167684891888E-4,1.1297634736662574E-4,1.0,0.004256435196787221,1.7078874866164264E-4,5.398606288620664E-4,3.138266878243491E-4,4.8316671902029696E-4,8.106805892880857E-4],[0.004399783732025283,0.0022253480550071996,0.023823438710320038,0.0048996271097343945,0.027948400449270723,0.028768321926420204,0.027183122769657894,0.0420676595982935,0.019283210451169732,0.003130318740187563,0.002907219865937005,0.04536301568660113,0.022907408265684197,0.033466913812494725,0.0397488626540668,0.04400241974416072,0.03948569827847522,0.03908328009769474,0.0140967150335255,0.0211276814003576,0.01516361638424519,0.04058198886194853,0.03835499079185202,0.033249011502709265,0.035607694752983116,0.0352952330860933,0.03115028045245375,0.01450076277748723,0.005655747967334687,0.04278408730803678,0.033987589059091126,0.01737953583412913,0.04242821479644231,0.03894931731467044,0.03863310417974052,0.023077415460666866,0.004256435196787221,1.0,0.03788867888012175,0.013935119590883394,0.023281342763978103,0.013368758391508386,0.007671803704335248],[1.642695110633396E-4,2.1680611717731554E-4,8.771037660110941E-4,2.1044865790732797E-4,1.3943737438887313E-4,1.886008021183235E-4,4.3370646894110644E-4,1.844170223065462E-4,1.2968124273745238E-4,1.9712082628338303E-4,1.548839755657828E-4,3.20892928463608E-4,0.001109173728310294,0.0017901346762704852,0.020702137491472785,0.010254869827795289,0.0018920508478258587,0.010795551903823497,1.8857343627563426E-4,5.568112082111746E-4,1.9089711278872832E-4,1.808407496806028E-4,0.0030080696842958886,9.395610841441095E-5,1.8882391667498767E-4,1.3683864649353413E-4,0.0030150113172477946,0.003998671546820962,0.0010695233519073739,9.832905547092111E-5,1.2940364380717304E-4,0.0017539285742409298,0.00781737174471772,0.023091959809095768,1.4982148533399284E-4,1.798051305323041E-4,1.7078874866164264E-4,0.03788867888012175,1.0,2.3614343688017949E-4,6.655091686223779E-4,5.976696416834648E-4,4.199316649509261E-4],[2.76640578807258E-4,0.001389489536696774,0.0013691830941728943,0.0012916913019637008,7.978266635084029E-4,5.186028437563356E-4,9.446560704574718E-4,3.6390361415157953E-4,3.3534454929497117E-4,6.89365424927675E-4,3.4266578150357455E-4,0.009830824628572616,0.0012834396357209513,0.007467075354652056,0.025435303173654916,0.0014129068121877897,0.0029940192507559703,0.012883370808198753,8.956793486869195E-4,0.0018254737229184631,8.416230166406939E-4,4.149999091881422E-4,0.004597838527970051,1.6775581003280319E-4,0.0011366420945675669,1.4827828417602E-4,0.004662356572232738,0.008776093448572404,0.0013562503609344872,5.611419664187414E-4,3.82533621392472E-4,0.0013451690844918222,0.010580510062728053,0.014880000536203645,0.0010231123759960078,0.0013160242640885228,5.398606288620664E-4,0.013935119590883394,2.3614343688017949E-4,1.0,0.0014310642718558468,0.0016015131144867852,0.0012662768302311488],[0.0010921296906836301,0.0014508023013092468,0.0014345580561959447,0.0010604038832924447,6.80805794907565E-4,0.0012323349770912097,0.001029689042572448,1.1116086911373976E-4,4.649002882558121E-4,0.0011505916816710012,7.010825409270972E-4,0.004064116894854213,0.0013229453342879125,0.0035946781253630928,0.015099986372719212,0.0018086974180321577,0.0038300635744429583,0.01637482646165981,8.774809054575049E-4,0.001582958798874831,4.071777460446094E-4,0.0013008315620443565,0.006091605644199947,0.0014321059772971654,0.0010738608000843814,0.0012951768056019008,0.0021493176899462425,0.010169402052149036,0.0014503380618964986,5.421783612350869E-4,5.80472507213737E-4,0.0019453710204963305,0.004635569283577971,0.009456889410081621,0.0012152377878968752,0.001129502611598545,3.138266878243491E-4,0.023281342763978103,6.655091686223779E-4,0.0014310642718558468,1.0,0.0017057736194005604,0.0014247891125686572],[2.6236397684225866E-4,0.0017035146899245447,0.0015480997891778384,5.74380566175629E-4,5.479239760529652E-4,7.019411670033641E-4,0.0017034304832470209,0.001397013377696437,0.0015585926946279376,3.096108902931096E-4,0.0012410272883099272,0.009612879504469003,0.0015223087489428285,0.008761885322352453,0.003352886859148513,0.006216252454859142,0.00391086930000914,0.00851492249125576,0.0017016828472849722,0.0018685252576389163,0.0011876272054753164,0.0014069272762181784,0.0026686488096365575,0.0017289484474020014,0.0017404576535775783,1.1142453582019101E-4,0.005612783827202017,0.002573701418940623,0.001588886472535429,6.993063523493674E-4,2.201879648431936E-4,0.001793705971607714,0.013626744404297893,0.008489717644043382,0.001627036307193257,7.512757716522311E-4,4.8316671902029696E-4,0.013368758391508386,5.976696416834648E-4,0.0016015131144867852,0.0017057736194005604,1.0,0.001699286094971187],[1.694474747672891E-4,0.0010036599854057978,9.756013743382635E-4,8.087806945197987E-4,2.3438100414114254E-4,2.010022746864278E-4,7.271823135620793E-4,2.6804576972758843E-4,7.191960566927091E-4,2.75613801230988E-4,7.458792228504255E-4,0.0039739570920726275,8.953357346412495E-4,0.011126064958787095,0.023411436543998642,0.006352949853514124,0.0014402711031814691,0.005801578533199275,3.8548153597781824E-4,9.129277011570427E-4,6.193511836596926E-4,2.640481470958978E-4,0.0021518417063710873,7.186703406050772E-4,5.872611310484396E-4,1.8734864113682177E-4,0.004003585725101453,0.0025022140092079,0.0014022629000504212,2.019347552558486E-4,3.0130734691886463E-4,9.556983210974953E-4,0.002664284731288633,0.004038129669360121,3.248382455931474E-4,7.211741936659115E-4,8.106805892880857E-4,0.007671803704335248,4.199316649509261E-4,0.0012662768302311488,0.0014247891125686572,0.001699286094971187,1.0]]