[[1.0,0.003386159564081793,8.519330986296663E-4,0.0016953108852877285,0.0020848309863626745,7.706465505819854E-4,0.006497161935307614,0.0012203796648117466,0.004603340701238288,0.036863133486235995,0.0033428658908233044,0.006764845187342222,0.0027785217555800984,0.01051150906698892,0.0014163473278170874,9.9868208052129E-4,0.017896307000375245,0.002197741304581739,0.001336767775468913,8.131458805587979E-4,0.03821728779367605,0.0014907610762448483,0.006959119291232847,0.0028311912245498143,0.0017833461931918888,3.6117142505777476E-4,0.0020162703822505785,0.002513946584821145,0.001647086317433245,0.0025554311091529613,0.001650263602396172,0.0019051204992250779,0.012067931175515178,0.0013416106865043534,9.045994786636425E-4,0.0018925725830173737,0.002544958600515943,0.0023959678555382506,0.0026814359295604545,0.06277200241805049,0.0014679829311174475,5.690925527107123E-4,0.015248093464094448],[0.003386159564081793,1.0,0.0028480523120195216,7.139401190715079E-4,5.380962637369885E-4,3.692512117005565E-4,0.011456859559061552,0.0031045179195641833,0.0046221573896796965,0.029080980958471274,0.0035268382231491468,0.004329116042276422,0.0020727163809028527,0.012339786140242833,0.0015799823796679403,0.001503374378571198,0.017100367281686037,0.0010638378991063633,0.002059793972502893,0.0024582240298064817,0.02940693119845736,0.0027187637329716616,0.010320415946315437,0.0013297547928309878,8.170396828070679E-4,0.003185208245258719,8.806194413036478E-4,0.002847785566155361,8.585748834516167E-4,0.0017981676710727484,0.0010520431761732174,0.003185745454657588,0.0038763474743121525,0.0030664319480568397,7.393574945406454E-4,0.0018615308575411255,0.003196986094668016,0.003297775615688988,0.001839269875907849,0.05385702828079984,0.0024163563972687393,4.504694326642716E-4,0.011598985225270414],[8.519330986296663E-4,0.0028480523120195216,1.0,1.1178849384676762E-4,2.0294225705098765E-5,2.4757652951215147E-5,0.011046895170485979,1.233349159992982E-4,0.0012405596253711308,0.021302984072646074,0.0034901434606634156,0.00819663856532068,6.109286692375418E-5,0.007780897266773182,1.108022325757792E-4,1.3679268803153046E-4,0.016110142121036685,3.31033707157909E-5,7.146190429418594E-4,1.1196377518212914E-5,0.006344518841150911,9.429400746252078E-5,0.001755867952175657,4.852132414355749E-5,1.747923621874259E-4,1.1251652662366122E-5,1.3489532037701819E-5,5.499094195038707E-4,2.1588690407174882E-5,1.5261242383972354E-4,2.8084557131171885E-4,5.365317210337768E-4,0.017461995953985655,2.1680572141751845E-4,2.116931716441609E-5,4.419488115226218E-5,1.2106776216874017E-4,3.774716928691894E-5,1.0849466532697203E-5,0.02382988426330742,1.5395597115825708E-5,1.471568829470887E-5,0.015845225194586657],[0.0016953108852877285,7.139401190715079E-4,1.1178849384676762E-4,1.0,3.529867135704688E-5,6.962651927970985E-5,0.009272335568952994,1.8531198553333546E-4,0.006738051425598299,0.05029659478517355,0.0030106547178055157,0.012581441785710459,8.310996007797794E-5,0.01691378882213748,1.4190131785967244E-4,1.3386272568938022E-4,0.0031831813925113574,1.1145119103146894E-4,7.840961872978548E-4,1.1536408619776495E-4,0.01745940721626618,6.990701095941032E-4,0.007746756948738337,1.993872046042148E-4,2.0938513937680448E-4,1.1582579765568991E-4,8.09626570931921E-5,6.292456506327346E-4,1.1247864620322253E-4,1.8022950551710852E-4,3.4945312466106554E-4,2.757790485858916E-4,0.0058420626506766864,3.0557920246030996E-4,9.127006979623392E-5,2.691513618718488E-4,1.259671941891672E-4,1.232696980975183E-4,2.5085896611977183E-5,0.005322514060740418,4.0198982307111483E-5,5.274363621224297E-5,0.0250755038226811],[0.0020848309863626745,5.380962637369885E-4,2.0294225705098765E-5,3.529867135704688E-5,1.0,2.3562525124691868E-5,0.0024732776661058904,1.0892100768488403E-4,0.0033829070300507038,0.03466355732880139,0.0019125312398160258,0.002490939010242231,4.250000641615205E-5,0.003047813753046174,2.3714601113110565E-5,1.0293716311199369E-4,0.010642257134856213,3.314921112484855E-5,4.954162311314236E-4,1.1192692451487768E-5,0.03709878213934212,2.314581538437658E-4,1.957841236202708E-4,2.486405076283982E-5,1.236949699769855E-4,1.8815745899017307E-5,2.02886862240446E-5,1.1255134334685418E-4,2.528961938917943E-5,1.9018796734868155E-4,1.0074960867650551E-4,1.552211288745342E-4,0.0225045474349214,3.1954884871831835E-4,3.5043910169408594E-5,0.0014935023842857949,7.410449347311648E-5,5.785168634421693E-5,1.3227713621225484E-5,0.05765947167401953,1.934105828718427E-5,1.8106670221751913E-5,0.004120400328036669],[7.706465505819854E-4,3.692512117005565E-4,2.4757652951215147E-5,6.962651927970985E-5,2.3562525124691868E-5,1.0,0.00936585812789412,9.94410573265233E-5,0.007583704346505158,0.006017484531953785,8.320925124443774E-4,0.011968211693335189,5.440452246608455E-5,0.005522672842740743,2.214805798895902E-4,5.331425541616409E-5,0.014852273761788036,2.9468647056794304E-5,8.773937363132238E-4,1.1757067712853953E-5,0.023477899519084744,4.799092199609924E-5,0.010640515826573228,1.804150287534443E-4,1.9476045824863794E-4,2.2553668548753513E-5,1.9654053283125564E-5,1.5347452246988462E-4,4.800986860232638E-5,7.822000923778303E-5,3.5102309335244584E-4,1.217302554245476E-4,0.015289723246625487,1.2666391941901033E-4,2.985699861672712E-5,5.341280238549343E-4,9.798585738507886E-5,3.248009600470851E-5,1.8895991552065357E-5,0.04646618049589429,2.5548471924650684E-5,2.421082526831432E-5,0.006519155961880041],[0.006497161935307614,0.011456859559061552,0.011046895170485979,0.009272335568952994,0.0024732776661058904,0.00936585812789412,1.0,0.011555553249570458,0.011648871609842315,0.03793477108165659,0.008686564315942417,0.01319670182758895,8.73162824851857E-4,0.01926228314293551,0.008906246914272232,0.0028278248360523277,0.018353768848095243,0.003099473109108174,0.009618741595657518,0.001918839996580079,0.041129248404042563,0.011349159826099443,0.011841263726933891,0.008751733338207245,0.004787391557465156,5.416973597869783E-4,2.5002249715066935E-4,0.011221736808679668,0.011046199060487804,0.0013763601049939546,0.0015305628206192133,0.009412223929016122,0.01755780848975072,6.098581485848441E-4,0.008076411292833251,0.00858178368713287,0.0061339363629771,0.009906684862673897,0.004291847911397875,0.03650288433931448,0.005059504308215688,0.0018043748362265332,0.015037765735335114],[0.0012203796648117466,0.0031045179195641833,1.233349159992982E-4,1.8531198553333546E-4,1.0892100768488403E-4,9.94410573265233E-5,0.011555553249570458,1.0,0.007918139337504472,0.04964136377274228,4.117236904252256E-4,0.014256043724589582,8.639441683903188E-5,0.016529838441810097,2.448412612431164E-4,2.0129222865243485E-4,0.01656846512082617,1.7438934512713396E-4,8.313865211087619E-4,1.8172381694209016E-4,0.008439071617853877,6.330483680631005E-4,0.004487487130023668,3.0944372929250406E-4,2.9906343988353045E-4,1.089428473418336E-5,1.28992915008964E-4,3.205940381725911E-4,5.2417173672522256E-5,2.176904503875642E-4,4.5111868182399844E-4,5.595304937064822E-4,0.01650290144593059,2.2556200218775752E-4,1.2024510341276302E-4,0.0011891520049253602,1.4746654257436514E-4,1.6136737905056921E-4,1.340718536598445E-4,0.06339541128338447,1.1297109127442296E-4,1.826165558538256E-4,0.016605762182171732],[0.004603340701238288,0.0046221573896796965,0.0012405596253711308,0.006738051425598299,0.0033829070300507038,0.007583704346505158,0.011648871609842315,0.007918139337504472,1.0,0.04704155763230885,0.006183130815857489,0.01662612601450302,0.009211823328763693,0.015329999880422284,0.012044622089526535,4.914204068449681E-4,0.019630845685191006,0.01088054955299239,0.0017724891858970806,2.8768552714058805E-4,0.022133703015897684,0.00198439736123045,0.01229660642369811,0.01226880742751376,0.009553572069961241,0.00866183839510321,0.0010629831146681645,0.003423513184199637,0.004680618889502431,7.237602469559824E-4,0.002852246573900143,0.01150218287029114,0.02078346432409485,0.006523417809339903,0.010564718950593403,0.002560534216801906,3.992504064043401E-4,0.007050267410131179,0.003819426177732714,0.05899751134278343,0.010217030134375697,0.009164572847360084,0.027788734517067107],[0.036863133486235995,0.029080980958471274,0.021302984072646074,0.05029659478517355,0.03466355732880139,0.006017484531953785,0.03793477108165659,0.04964136377274228,0.04704155763230885,1.0,0.00849848649207055,0.01999310201014196,0.05219749910613556,0.03614357711771632,0.04392676575286554,0.027517815847174526,0.037912088525964144,0.03785093743449893,0.041270470509691175,0.03232965176306538,0.04975658202342893,0.00572639805943564,0.015200148278567135,0.0229701515044538,0.05017989735165417,0.04526848811109185,0.03814289717652671,0.015385907107229408,0.015753126512800027,0.0512957351299958,0.02442485426182185,0.008956286812385179,0.023833173905428554,0.025806109419199377,0.006467963032096337,0.01753452123970965,0.027016729281142883,0.016157433326840418,0.047483902733413505,0.058307931447827775,0.03608365575287844,0.046189769818439655,0.03560181880131155],[0.0033428658908233044,0.0035268382231491468,0.0034901434606634156,0.0030106547178055157,0.0019125312398160258,8.320925124443774E-4,0.008686564315942417,4.117236904252256E-4,0.006183130815857489,0.00849848649207055,1.0,0.008000360167062806,3.9276574773410456E-4,0.019032253002340887,0.0017505289959607912,0.0018833807518251278,0.019253470734683673,0.001081097238589306,0.003194879319137,0.002386721617846198,0.014321594132206393,0.00197752577756422,0.0052933137720931455,0.002135392519877685,0.0032333381555606083,3.258817184819429E-4,1.010120688954189E-4,0.0018605100479795443,0.002187649788882672,3.042577589465273E-4,0.0011816498642656782,8.539280928038856E-4,0.02060435948152411,0.0023647005323698526,1.9571204894349115E-4,0.003392780959113384,4.012326005303884E-4,0.001209114438708206,5.878253893504446E-4,0.008024596218025641,0.0029803322859534276,0.0013777920665211563,0.009075008455878532],[0.006764845187342222,0.004329116042276422,0.00819663856532068,0.012581441785710459,0.002490939010242231,0.011968211693335189,0.01319670182758895,0.014256043724589582,0.01662612601450302,0.01999310201014196,0.008000360167062806,1.0,0.006002869602115873,0.019970764242429752,0.006184774327778459,0.010496046278713712,0.020120220701747297,0.014261730105771728,0.002273744853308976,0.008566476569794822,0.020947292033903796,0.00744507638795174,0.018202763777106314,0.005336670519859257,0.013054032828401178,0.006719229727250919,0.013572564454300775,0.010518174953685698,0.004086870492413194,0.006234012228204141,0.004801844027478222,0.003938810879291822,0.01891076640997817,0.0024092205253821463,0.005580760092674542,0.003303701701566188,0.005584788005112192,0.01078481901725157,0.01197293986242822,0.023572800919555513,0.009393899790860685,0.014250190810991685,0.02914420909255336],[0.0027785217555800984,0.0020727163809028527,6.109286692375418E-5,8.310996007797794E-5,4.250000641615205E-5,5.440452246608455E-5,8.73162824851857E-4,8.639441683903188E-5,0.009211823328763693,0.05219749910613556,3.9276574773410456E-4,0.006002869602115873,1.0,0.0043960532289432416,1.8612751930169349E-4,9.822465788472936E-5,0.004477110660261706,6.068017582042831E-5,6.600982574411173E-5,3.244574074059896E-5,0.03909952242539754,4.239258396355405E-4,0.002469647149903464,1.9861312840291785E-4,2.1032320675495511E-4,3.1064767254527543E-5,4.128913865590256E-5,3.6643021193923596E-4,5.491514636292495E-5,7.484368436202893E-5,2.0376324744801372E-4,5.908084892777078E-4,0.013088228008905155,3.1397988012984166E-4,6.079111018444905E-5,5.537366432953171E-4,9.44329332040333E-5,6.505202645509345E-5,3.389544639415599E-5,0.0508356254013943,2.3720545406117235E-5,5.831563164093352E-5,0.001399022031989487],[0.01051150906698892,0.012339786140242833,0.007780897266773182,0.01691378882213748,0.003047813753046174,0.005522672842740743,0.01926228314293551,0.016529838441810097,0.015329999880422284,0.03614357711771632,0.019032253002340887,0.019970764242429752,0.0043960532289432416,1.0,2.6445514596098297E-4,0.0016630829392578117,0.02040816326530612,0.007937242818540968,0.007910754634600734,0.017614320984860602,0.03870482232265554,0.005762113586380645,0.015110919316383151,0.001368238678091257,0.018411159008871095,0.002501087534246752,0.010740683188183716,0.0028660894489662865,0.011982061815378323,0.0039193656683837634,0.01570496728192915,0.014943305467150452,0.020886287562213824,0.006225643134340866,0.012656123425639699,0.010183521025117982,0.005310800427293692,0.009378926203124228,0.0017928748285586783,0.05782755607260688,0.003971244680044916,0.006770288697788525,0.02639961309887481],[0.0014163473278170874,0.0015799823796679403,1.108022325757792E-4,1.4190131785967244E-4,2.3714601113110565E-5,2.214805798895902E-4,0.008906246914272232,2.448412612431164E-4,0.012044622089526535,0.04392676575286554,0.0017505289959607912,0.006184774327778459,1.8612751930169349E-4,2.6445514596098297E-4,1.0,2.386345204484828E-4,0.007591212385350525,2.2161591017009563E-4,4.552169323422129E-4,1.908195647950993E-4,0.006496937341784247,4.4491043749001456E-4,0.005854134549439458,3.3408294347498074E-4,2.8631108932869004E-4,1.1570474630634896E-4,1.3656665707015514E-4,3.506200996677125E-4,6.343612448681647E-5,2.541303569024185E-4,5.697512690203238E-4,5.071931878033382E-4,0.011988945074639589,3.490857211184215E-4,8.06835093926607E-5,9.926732199296371E-4,2.4695326485026683E-4,1.604571010425E-4,1.3314371086722054E-5,0.022008766314268527,1.3327878395126322E-4,2.846597392780876E-5,0.021689063117199252],[9.9868208052129E-4,0.001503374378571198,1.3679268803153046E-4,1.3386272568938022E-4,1.0293716311199369E-4,5.331425541616409E-5,0.0028278248360523277,2.0129222865243485E-4,4.914204068449681E-4,0.027517815847174526,0.0018833807518251278,0.010496046278713712,9.822465788472936E-5,0.0016630829392578117,2.386345204484828E-4,1.0,0.007276147840659492,8.004696900363684E-5,8.709339933782496E-4,3.461540984182165E-5,0.018023504846892247,4.971425689035416E-4,0.0013545457980299138,2.6653953417063545E-4,1.522454748762972E-4,4.4405800622810086E-5,8.701070551725957E-5,1.837638205496529E-4,6.86767118543283E-5,1.7197192488257096E-4,3.4530723405744063E-4,2.2759116465244746E-4,0.016890990610202675,2.935216438474038E-4,1.1305524962502948E-4,0.0010521167721523946,1.4528915455085524E-4,1.3790225144616328E-4,1.3511271509937165E-4,0.02156062715001907,1.794106565863253E-5,7.580073908774123E-5,0.006397569288144695],[0.017896307000375245,0.017100367281686037,0.016110142121036685,0.0031831813925113574,0.010642257134856213,0.014852273761788036,0.018353768848095243,0.01656846512082617,0.019630845685191006,0.037912088525964144,0.019253470734683673,0.020120220701747297,0.004477110660261706,0.02040816326530612,0.007591212385350525,0.007276147840659492,1.0,0.00842088236945486,0.012074020479165178,0.0055805563876052695,0.03257301669088879,0.0015986371297135394,0.014753486810331447,0.013882370172048672,0.011766852674470956,0.017832405691259746,0.005851924936300254,0.010553626587659595,0.014242239335448707,0.012935739590572929,0.019250073222666732,0.01011619911206892,0.021250300396082916,0.011412122737964067,0.013857086566926621,0.0038567464781505945,2.1546683067337366E-4,0.0017153844170256039,0.005014653568430702,0.022421541911148903,0.016246255537339865,6.06603941074404E-4,0.023909441371305202],[0.002197741304581739,0.0010638378991063633,3.31033707157909E-5,1.1145119103146894E-4,3.314921112484855E-5,2.9468647056794304E-5,0.003099473109108174,1.7438934512713396E-4,0.01088054955299239,0.03785093743449893,0.001081097238589306,0.014261730105771728,6.068017582042831E-5,0.007937242818540968,2.2161591017009563E-4,8.004696900363684E-5,0.00842088236945486,1.0,7.155476985902925E-4,3.4860169857098196E-5,0.015067930936432975,6.707192350910566E-4,0.005684293698926364,1.6146657883248599E-4,1.4113843984445113E-4,2.5725916668678648E-5,3.428626398019995E-5,6.142420730972239E-4,4.479783529857034E-5,4.2765278215620126E-5,4.807122735375463E-4,2.775625544236733E-4,0.020390788420088162,2.6575160392575115E-4,3.6767448003868055E-5,0.0016261245609066623,1.2402247744609357E-4,1.1319292127069971E-4,1.2405126229300352E-5,0.059515787477524326,2.5790600265291116E-5,3.037179754753423E-5,0.018763963999853278],[0.001336767775468913,0.002059793972502893,7.146190429418594E-4,7.840961872978548E-4,4.954162311314236E-4,8.773937363132238E-4,0.009618741595657518,8.313865211087619E-4,0.0017724891858970806,0.041270470509691175,0.003194879319137,0.002273744853308976,6.600982574411173E-5,0.007910754634600734,4.552169323422129E-4,8.709339933782496E-4,0.012074020479165178,7.155476985902925E-4,1.0,3.2818164385927187E-4,0.026450089231252395,8.098517767244132E-4,0.011179075890562783,6.352281143573681E-4,4.465658405499315E-4,9.617940806559477E-4,9.286575188514408E-4,7.996421015686129E-4,5.576940124606274E-4,6.035534976286963E-4,7.462824756452075E-4,9.097706902156865E-4,0.0015966737796632444,5.165557647064403E-4,5.520535432417904E-4,0.0010778708528791305,5.528914254932689E-4,8.580100870317706E-4,3.4218626012710033E-4,0.054389035811291835,9.235004737367052E-4,2.3982585546682023E-4,0.008481779375638317],[8.131458805587979E-4,0.0024582240298064817,1.1196377518212914E-5,1.1536408619776495E-4,1.1192692451487768E-5,1.1757067712853953E-5,0.001918839996580079,1.8172381694209016E-4,2.8768552714058805E-4,0.03232965176306538,0.002386721617846198,0.008566476569794822,3.244574074059896E-5,0.017614320984860602,1.908195647950993E-4,3.461540984182165E-5,0.0055805563876052695,3.4860169857098196E-5,3.2818164385927187E-4,1.0,0.037483110642697964,7.192374075900413E-4,9.839629210052277E-4,2.1940219129830036E-4,2.3728586462226167E-4,1.0835699697544574E-5,1.2777618389976161E-5,2.3643500681597046E-4,2.59393682813784E-5,9.54742655673564E-5,2.9216990391960773E-4,3.549609371154124E-4,0.016659826078802512,1.1022875056727886E-4,4.223145128281885E-5,4.856667379101466E-4,1.2049625322637161E-4,6.980012128286066E-5,1.057003368560314E-5,0.005628341569629155,1.1438484922957821E-5,1.2365498979390707E-5,0.010731529388441968],[0.03821728779367605,0.02940693119845736,0.006344518841150911,0.01745940721626618,0.03709878213934212,0.023477899519084744,0.041129248404042563,0.008439071617853877,0.022133703015897684,0.04975658202342893,0.014321594132206393,0.020947292033903796,0.03909952242539754,0.03870482232265554,0.006496937341784247,0.018023504846892247,0.03257301669088879,0.015067930936432975,0.026450089231252395,0.037483110642697964,1.0,0.01088692357267856,0.037466520186816815,0.002535504354809471,0.007715493717165005,0.02852961227825684,0.03557842177831867,0.004229490011322612,0.015414458996110162,0.03249778705853529,0.005212551671499932,0.029830130479582568,0.04277121430313417,0.026495666460135674,0.027612146945246937,0.009856571008031653,0.03676040659149271,0.020437070428204234,0.014681444761749245,0.044992995109736686,0.0312183485888218,0.010080586308350757,0.03506986467338944],[0.0014907610762448483,0.0027187637329716616,9.429400746252078E-5,6.990701095941032E-4,2.314581538437658E-4,4.799092199609924E-5,0.011349159826099443,6.330483680631005E-4,0.00198439736123045,0.00572639805943564,0.00197752577756422,0.00744507638795174,4.239258396355405E-4,0.005762113586380645,4.4491043749001456E-4,4.971425689035416E-4,0.0015986371297135394,6.707192350910566E-4,8.098517767244132E-4,7.192374075900413E-4,0.01088692357267856,1.0,0.00832970655203207,6.356182518277044E-4,4.669039249674922E-4,4.2712246904382445E-4,5.858858151619162E-4,7.233382968564119E-4,4.8427491685315176E-4,3.6405296155233387E-4,6.456846998522447E-4,6.865294399097404E-4,0.0017623498718729244,4.692120662638922E-4,6.280308545938631E-4,0.0016378371913613916,4.659523835959948E-4,6.161975032969531E-4,1.1208722660463771E-4,0.03403469633474304,2.745888103424967E-4,6.872302819038347E-4,0.022820999298096778],[0.006959119291232847,0.010320415946315437,0.001755867952175657,0.007746756948738337,1.957841236202708E-4,0.010640515826573228,0.011841263726933891,0.004487487130023668,0.01229660642369811,0.015200148278567135,0.0052933137720931455,0.018202763777106314,0.002469647149903464,0.015110919316383151,0.005854134549439458,0.0013545457980299138,0.014753486810331447,0.005684293698926364,0.011179075890562783,9.839629210052277E-4,0.037466520186816815,0.00832970655203207,1.0,0.005814336116724149,0.009727788576594823,0.007655993918520548,0.004377402066745821,0.008968480897460773,0.009372689354937664,0.012105680887488457,0.005653763324224326,0.00833813201166675,0.01649478625571971,0.001483015318487193,0.0042343279172056755,0.001994316147009056,0.010282668915765871,0.00492907489089345,0.011628106129772773,0.01674706039675289,0.007124594985455482,0.0016634664040209794,0.021050061393813116],[0.0028311912245498143,0.0013297547928309878,4.852132414355749E-5,1.993872046042148E-4,2.486405076283982E-5,1.804150287534443E-4,0.008751733338207245,3.0944372929250406E-4,0.01226880742751376,0.0229701515044538,0.002135392519877685,0.005336670519859257,1.9861312840291785E-4,0.001368238678091257,3.3408294347498074E-4,2.6653953417063545E-4,0.013882370172048672,1.6146657883248599E-4,6.352281143573681E-4,2.1940219129830036E-4,0.002535504354809471,6.356182518277044E-4,0.005814336116724149,1.0,3.6154468942934206E-4,2.4051617619991878E-4,2.3426123929213655E-4,4.5874220594861845E-4,1.7736131083617018E-4,3.43200265739953E-4,4.1226847835537027E-4,5.911060423054852E-4,0.004313637059546186,3.6192745115601923E-4,3.135622958762647E-4,0.0016252738066806203,2.0281186058049912E-4,1.468740374073769E-4,1.3305681233978766E-4,0.028531737253120883,3.3785278490850373E-4,1.671629542340948E-4,0.025850857410629587],[0.0017833461931918888,8.170396828070679E-4,1.747923621874259E-4,2.0938513937680448E-4,1.236949699769855E-4,1.9476045824863794E-4,0.004787391557465156,2.9906343988353045E-4,0.009553572069961241,0.05017989735165417,0.0032333381555606083,0.013054032828401178,2.1032320675495511E-4,0.018411159008871095,2.8631108932869004E-4,1.522454748762972E-4,0.011766852674470956,1.4113843984445113E-4,4.465658405499315E-4,2.3728586462226167E-4,0.007715493717165005,4.669039249674922E-4,0.009727788576594823,3.6154468942934206E-4,1.0,1.9210673547156214E-4,1.9457213275000818E-4,6.742162012758925E-4,2.3930787666130048E-4,2.701246470276145E-4,5.097281883500539E-4,5.628084549826859E-4,0.020954728240751896,3.551064757355009E-4,1.292649492173468E-4,6.009474551264813E-4,2.3082656587635478E-4,2.5894597244804354E-4,1.1100076583983561E-4,0.040078672148644905,1.656992327769586E-4,4.3079063048418834E-5,0.019555496865533414],[3.6117142505777476E-4,0.003185208245258719,1.1251652662366122E-5,1.1582579765568991E-4,1.8815745899017307E-5,2.2553668548753513E-5,5.416973597869783E-4,1.089428473418336E-5,0.00866183839510321,0.04526848811109185,3.258817184819429E-4,0.006719229727250919,3.1064767254527543E-5,0.002501087534246752,1.1570474630634896E-4,4.4405800622810086E-5,0.017832405691259746,2.5725916668678648E-5,9.617940806559477E-4,1.0835699697544574E-5,0.02852961227825684,4.2712246904382445E-4,0.007655993918520548,2.4051617619991878E-4,1.9210673547156214E-4,1.0,1.1892565056121155E-5,4.0152566062557417E-4,2.0956757904855317E-5,9.650732227034733E-5,3.2810256790659446E-4,3.7710097200761947E-4,0.003034033128233156,3.407508907631822E-4,2.582783883308049E-5,0.0014868707962715471,8.405078635899444E-5,5.067473150835214E-5,1.0568780058411881E-5,0.011293099696497364,1.5317062097502422E-5,1.424252876867008E-5,0.024938384238726706],[0.0020162703822505785,8.806194413036478E-4,1.3489532037701819E-5,8.09626570931921E-5,2.02886862240446E-5,1.9654053283125564E-5,2.5002249715066935E-4,1.28992915008964E-4,0.0010629831146681645,0.03814289717652671,1.010120688954189E-4,0.013572564454300775,4.128913865590256E-5,0.010740683188183716,1.3656665707015514E-4,8.701070551725957E-5,0.005851924936300254,3.428626398019995E-5,9.286575188514408E-4,1.2777618389976161E-5,0.03557842177831867,5.858858151619162E-4,0.004377402066745821,2.3426123929213655E-4,1.9457213275000818E-4,1.1892565056121155E-5,1.0,2.7530348966010474E-4,2.5213424937026326E-5,7.343635300974017E-5,1.3115606932035073E-4,4.437032824831856E-4,0.019717491413886543,9.67820452043512E-5,2.3673611507109498E-5,8.431204271101803E-4,9.16417008861914E-5,1.1377225553559984E-4,1.3290565629644612E-5,0.04145192071500874,1.4787419770669729E-5,1.478169606379177E-5,0.02670963069221845],[0.002513946584821145,0.002847785566155361,5.499094195038707E-4,6.292456506327346E-4,1.1255134334685418E-4,1.5347452246988462E-4,0.011221736808679668,3.205940381725911E-4,0.003423513184199637,0.015385907107229408,0.0018605100479795443,0.010518174953685698,3.6643021193923596E-4,0.0028660894489662865,3.506200996677125E-4,1.837638205496529E-4,0.010553626587659595,6.142420730972239E-4,7.996421015686129E-4,2.3643500681597046E-4,0.004229490011322612,7.233382968564119E-4,0.008968480897460773,4.5874220594861845E-4,6.742162012758925E-4,4.0152566062557417E-4,2.7530348966010474E-4,1.0,5.275416351998055E-4,4.524037619523494E-4,6.197600138238568E-4,6.579197139441436E-4,0.017748964296975048,4.1649076081200014E-4,9.05315214407128E-5,0.0015966274649169367,2.909325787855121E-4,3.492060040543244E-4,6.437547252836827E-4,0.0108426670572281,2.622920206721563E-4,3.356881618064578E-4,0.0026578430766824052],[0.001647086317433245,8.585748834516167E-4,2.1588690407174882E-5,1.1247864620322253E-4,2.528961938917943E-5,4.800986860232638E-5,0.011046199060487804,5.2417173672522256E-5,0.004680618889502431,0.015753126512800027,0.002187649788882672,0.004086870492413194,5.491514636292495E-5,0.011982061815378323,6.343612448681647E-5,6.86767118543283E-5,0.014242239335448707,4.479783529857034E-5,5.576940124606274E-4,2.59393682813784E-5,0.015414458996110162,4.8427491685315176E-4,0.009372689354937664,1.7736131083617018E-4,2.3930787666130048E-4,2.0956757904855317E-5,2.5213424937026326E-5,5.275416351998055E-4,1.0,2.0679173267641352E-4,3.7173756104312447E-4,6.60198407400028E-5,0.001950399735361231,6.181980666339915E-5,4.924796005747134E-5,0.0010882723572405823,9.427428804985303E-5,9.623446008678425E-5,3.346632164029615E-5,0.058668341031637525,4.4172026477827434E-5,4.1100510504322026E-5,1.6060599892567552E-4],[0.0025554311091529613,0.0017981676710727484,1.5261242383972354E-4,1.8022950551710852E-4,1.9018796734868155E-4,7.822000923778303E-5,0.0013763601049939546,2.176904503875642E-4,7.237602469559824E-4,0.0512957351299958,3.042577589465273E-4,0.006234012228204141,7.484368436202893E-5,0.0039193656683837634,2.541303569024185E-4,1.7197192488257096E-4,0.012935739590572929,4.2765278215620126E-5,6.035534976286963E-4,9.54742655673564E-5,0.03249778705853529,3.6405296155233387E-4,0.012105680887488457,3.43200265739953E-4,2.701246470276145E-4,9.650732227034733E-5,7.343635300974017E-5,4.524037619523494E-4,2.0679173267641352E-4,1.0,2.91833514874917E-4,5.347398054634069E-4,0.003936795682692514,3.0460013939025745E-4,2.2706503634231916E-4,6.321746343325404E-4,2.02849441564038E-4,2.3748201037929672E-4,1.682415104438974E-4,0.04803336742044353,1.7123795080037309E-4,2.1364799881580992E-4,0.02449725257925512],[0.001650263602396172,0.0010520431761732174,2.8084557131171885E-4,3.4945312466106554E-4,1.0074960867650551E-4,3.5102309335244584E-4,0.0015305628206192133,4.5111868182399844E-4,0.002852246573900143,0.02442485426182185,0.0011816498642656782,0.004801844027478222,2.0376324744801372E-4,0.01570496728192915,5.697512690203238E-4,3.4530723405744063E-4,0.019250073222666732,4.807122735375463E-4,7.462824756452075E-4,2.9216990391960773E-4,0.005212551671499932,6.456846998522447E-4,0.005653763324224326,4.1226847835537027E-4,5.097281883500539E-4,3.2810256790659446E-4,1.3115606932035073E-4,6.197600138238568E-4,3.7173756104312447E-4,2.91833514874917E-4,1.0,5.839052782694841E-4,0.021306279915421552,4.913415182907909E-4,3.044535218166143E-4,0.0011422881861612908,4.886042125303576E-4,3.0041913603466185E-4,1.9413652404549247E-4,0.05979697114567822,3.138605526958378E-4,2.2610263986079274E-4,0.011308922237107173],[0.0019051204992250779,0.003185745454657588,5.365317210337768E-4,2.757790485858916E-4,1.552211288745342E-4,1.217302554245476E-4,0.009412223929016122,5.595304937064822E-4,0.01150218287029114,0.008956286812385179,8.539280928038856E-4,0.003938810879291822,5.908084892777078E-4,0.014943305467150452,5.071931878033382E-4,2.2759116465244746E-4,0.01011619911206892,2.775625544236733E-4,9.097706902156865E-4,3.549609371154124E-4,0.029830130479582568,6.865294399097404E-4,0.00833813201166675,5.911060423054852E-4,5.628084549826859E-4,3.7710097200761947E-4,4.437032824831856E-4,6.579197139441436E-4,6.60198407400028E-5,5.347398054634069E-4,5.839052782694841E-4,1.0,0.001426142241640567,5.846908174358366E-4,5.080757780548936E-4,0.0016146266391528449,5.801284702347683E-4,2.546121425168184E-4,5.6428253023436E-4,0.009183830907097505,8.373769911149314E-5,5.918624596038689E-4,0.017088555685089244],[0.012067931175515178,0.0038763474743121525,0.017461995953985655,0.0058420626506766864,0.0225045474349214,0.015289723246625487,0.01755780848975072,0.01650290144593059,0.02078346432409485,0.023833173905428554,0.02060435948152411,0.01891076640997817,0.013088228008905155,0.020886287562213824,0.011988945074639589,0.016890990610202675,0.021250300396082916,0.020390788420088162,0.0015966737796632444,0.016659826078802512,0.04277121430313417,0.0017623498718729244,0.01649478625571971,0.004313637059546186,0.020954728240751896,0.003034033128233156,0.019717491413886543,0.017748964296975048,0.001950399735361231,0.003936795682692514,0.021306279915421552,0.001426142241640567,1.0,0.012539194586773895,0.021139033430266078,0.02258742132711086,6.898968814131075E-4,0.017467630987836255,0.005198005904607979,0.039746209206298413,0.012503663407339381,0.021317028960902474,0.023999423744528955],[0.0013416106865043534,0.0030664319480568397,2.1680572141751845E-4,3.0557920246030996E-4,3.1954884871831835E-4,1.2666391941901033E-4,6.098581485848441E-4,2.2556200218775752E-4,0.006523417809339903,0.025806109419199377,0.0023647005323698526,0.0024092205253821463,3.1397988012984166E-4,0.006225643134340866,3.490857211184215E-4,2.935216438474038E-4,0.011412122737964067,2.6575160392575115E-4,5.165557647064403E-4,1.1022875056727886E-4,0.026495666460135674,4.692120662638922E-4,0.001483015318487193,3.6192745115601923E-4,3.551064757355009E-4,3.407508907631822E-4,9.67820452043512E-5,4.1649076081200014E-4,6.181980666339915E-5,3.0460013939025745E-4,4.913415182907909E-4,5.846908174358366E-4,0.012539194586773895,1.0,1.563648787817209E-4,0.0013398069929425457,2.324740719848235E-4,1.7858070358831306E-4,1.9748408757754558E-4,0.059357753103535804,3.055339427901043E-4,3.1665036807323815E-4,0.008901795168221571],[9.045994786636425E-4,7.393574945406454E-4,2.116931716441609E-5,9.127006979623392E-5,3.5043910169408594E-5,2.985699861672712E-5,0.008076411292833251,1.2024510341276302E-4,0.010564718950593403,0.006467963032096337,1.9571204894349115E-4,0.005580760092674542,6.079111018444905E-5,0.012656123425639699,8.06835093926607E-5,1.1305524962502948E-4,0.013857086566926621,3.6767448003868055E-5,5.520535432417904E-4,4.223145128281885E-5,0.027612146945246937,6.280308545938631E-4,0.0042343279172056755,3.135622958762647E-4,1.292649492173468E-4,2.582783883308049E-5,2.3673611507109498E-5,9.05315214407128E-5,4.924796005747134E-5,2.2706503634231916E-4,3.044535218166143E-4,5.080757780548936E-4,0.021139033430266078,1.563648787817209E-4,1.0,7.910607060635101E-4,7.124134453914894E-5,5.139621276666432E-5,1.755851274045655E-5,0.036907414605421185,4.3888561679124426E-5,3.8170397822948434E-5,0.02712155358351296],[0.0018925725830173737,0.0018615308575411255,4.419488115226218E-5,2.691513618718488E-4,0.0014935023842857949,5.341280238549343E-4,0.00858178368713287,0.0011891520049253602,0.002560534216801906,0.01753452123970965,0.003392780959113384,0.003303701701566188,5.537366432953171E-4,0.010183521025117982,9.926732199296371E-4,0.0010521167721523946,0.0038567464781505945,0.0016261245609066623,0.0010778708528791305,4.856667379101466E-4,0.009856571008031653,0.0016378371913613916,0.001994316147009056,0.0016252738066806203,6.009474551264813E-4,0.0014868707962715471,8.431204271101803E-4,0.0015966274649169367,0.0010882723572405823,6.321746343325404E-4,0.0011422881861612908,0.0016146266391528449,0.02258742132711086,0.0013398069929425457,7.910607060635101E-4,1.0,0.0015400580076641228,9.576614856982226E-4,7.256506142349793E-4,0.030674102208607106,1.0914670924544254E-4,3.7185500908878467E-4,0.019350085023373265],[0.002544958600515943,0.003196986094668016,1.2106776216874017E-4,1.259671941891672E-4,7.410449347311648E-5,9.798585738507886E-5,0.0061339363629771,1.4746654257436514E-4,3.992504064043401E-4,0.027016729281142883,4.012326005303884E-4,0.005584788005112192,9.44329332040333E-5,0.005310800427293692,2.4695326485026683E-4,1.4528915455085524E-4,2.1546683067337366E-4,1.2402247744609357E-4,5.528914254932689E-4,1.2049625322637161E-4,0.03676040659149271,4.659523835959948E-4,0.010282668915765871,2.0281186058049912E-4,2.3082656587635478E-4,8.405078635899444E-5,9.16417008861914E-5,2.909325787855121E-4,9.427428804985303E-5,2.02849441564038E-4,4.886042125303576E-4,5.801284702347683E-4,6.898968814131075E-4,2.324740719848235E-4,7.124134453914894E-5,0.0015400580076641228,1.0,1.2728354321587252E-4,1.0980274370366985E-4,0.05556524807126155,2.7444528805589893E-5,2.6198593666589516E-5,0.013980378715589907],[0.0023959678555382506,0.003297775615688988,3.774716928691894E-5,1.232696980975183E-4,5.785168634421693E-5,3.248009600470851E-5,0.009906684862673897,1.6136737905056921E-4,0.007050267410131179,0.016157433326840418,0.001209114438708206,0.01078481901725157,6.505202645509345E-5,0.009378926203124228,1.604571010425E-4,1.3790225144616328E-4,0.0017153844170256039,1.1319292127069971E-4,8.580100870317706E-4,6.980012128286066E-5,0.020437070428204234,6.161975032969531E-4,0.00492907489089345,1.468740374073769E-4,2.5894597244804354E-4,5.067473150835214E-5,1.1377225553559984E-4,3.492060040543244E-4,9.623446008678425E-5,2.3748201037929672E-4,3.0041913603466185E-4,2.546121425168184E-4,0.017467630987836255,1.7858070358831306E-4,5.139621276666432E-5,9.576614856982226E-4,1.2728354321587252E-4,1.0,5.748498607604076E-5,0.016288255538298713,5.027381304149033E-5,6.71960467330605E-5,0.016235422046647713],[0.0026814359295604545,0.001839269875907849,1.0849466532697203E-5,2.5085896611977183E-5,1.3227713621225484E-5,1.8895991552065357E-5,0.004291847911397875,1.340718536598445E-4,0.003819426177732714,0.047483902733413505,5.878253893504446E-4,0.01197293986242822,3.389544639415599E-5,0.0017928748285586783,1.3314371086722054E-5,1.3511271509937165E-4,0.005014653568430702,1.2405126229300352E-5,3.4218626012710033E-4,1.057003368560314E-5,0.014681444761749245,1.1208722660463771E-4,0.011628106129772773,1.3305681233978766E-4,1.1100076583983561E-4,1.0568780058411881E-5,1.3290565629644612E-5,6.437547252836827E-4,3.346632164029615E-5,1.682415104438974E-4,1.9413652404549247E-4,5.6428253023436E-4,0.005198005904607979,1.9748408757754558E-4,1.755851274045655E-5,7.256506142349793E-4,1.0980274370366985E-4,5.748498607604076E-5,1.0,0.057024414737637905,1.6854200417979784E-5,1.4725607246870059E-5,0.001803598162760859],[0.06277200241805049,0.05385702828079984,0.02382988426330742,0.005322514060740418,0.05765947167401953,0.04646618049589429,0.03650288433931448,0.06339541128338447,0.05899751134278343,0.058307931447827775,0.008024596218025641,0.023572800919555513,0.0508356254013943,0.05782755607260688,0.022008766314268527,0.02156062715001907,0.022421541911148903,0.059515787477524326,0.054389035811291835,0.005628341569629155,0.044992995109736686,0.03403469633474304,0.01674706039675289,0.028531737253120883,0.040078672148644905,0.011293099696497364,0.04145192071500874,0.0108426670572281,0.058668341031637525,0.04803336742044353,0.05979697114567822,0.009183830907097505,0.039746209206298413,0.059357753103535804,0.036907414605421185,0.030674102208607106,0.05556524807126155,0.016288255538298713,0.057024414737637905,1.0,0.015479506583513006,0.018500997672550035,0.04999928746011592],[0.0014679829311174475,0.0024163563972687393,1.5395597115825708E-5,4.0198982307111483E-5,1.934105828718427E-5,2.5548471924650684E-5,0.005059504308215688,1.1297109127442296E-4,0.010217030134375697,0.03608365575287844,0.0029803322859534276,0.009393899790860685,2.3720545406117235E-5,0.003971244680044916,1.3327878395126322E-4,1.794106565863253E-5,0.016246255537339865,2.5790600265291116E-5,9.235004737367052E-4,1.1438484922957821E-5,0.0312183485888218,2.745888103424967E-4,0.007124594985455482,3.3785278490850373E-4,1.656992327769586E-4,1.5317062097502422E-5,1.4787419770669729E-5,2.622920206721563E-4,4.4172026477827434E-5,1.7123795080037309E-4,3.138605526958378E-4,8.373769911149314E-5,0.012503663407339381,3.055339427901043E-4,4.3888561679124426E-5,1.0914670924544254E-4,2.7444528805589893E-5,5.027381304149033E-5,1.6854200417979784E-5,0.015479506583513006,1.0,1.7540487558140184E-5,0.026196625681526826],[5.690925527107123E-4,4.504694326642716E-4,1.471568829470887E-5,5.274363621224297E-5,1.8106670221751913E-5,2.421082526831432E-5,0.0018043748362265332,1.826165558538256E-4,0.009164572847360084,0.046189769818439655,0.0013777920665211563,0.014250190810991685,5.831563164093352E-5,0.006770288697788525,2.846597392780876E-5,7.580073908774123E-5,6.06603941074404E-4,3.037179754753423E-5,2.3982585546682023E-4,1.2365498979390707E-5,0.010080586308350757,6.872302819038347E-4,0.0016634664040209794,1.671629542340948E-4,4.3079063048418834E-5,1.424252876867008E-5,1.478169606379177E-5,3.356881618064578E-4,4.1100510504322026E-5,2.1364799881580992E-4,2.2610263986079274E-4,5.918624596038689E-4,0.021317028960902474,3.1665036807323815E-4,3.8170397822948434E-5,3.7185500908878467E-4,2.6198593666589516E-5,6.71960467330605E-5,1.4725607246870059E-5,0.018500997672550035,1.7540487558140184E-5,1.0,4.36532914268624E-4],[0.015248093464094448,0.011598985225270414,0.015845225194586657,0.0250755038226811,0.004120400328036669,0.006519155961880041,0.015037765735335114,0.016605762182171732,0.027788734517067107,0.03560181880131155,0.009075008455878532,0.02914420909255336,0.001399022031989487,0.02639961309887481,0.021689063117199252,0.006397569288144695,0.023909441371305202,0.018763963999853278,0.008481779375638317,0.010731529388441968,0.03506986467338944,0.022820999298096778,0.021050061393813116,0.025850857410629587,0.019555496865533414,0.024938384238726706,0.02670963069221845,0.0026578430766824052,1.6060599892567552E-4,0.02449725257925512,0.011308922237107173,0.017088555685089244,0.023999423744528955,0.008901795168221571,0.02712155358351296,0.019350085023373265,0.013980378715589907,0.016235422046647713,0.001803598162760859,0.04999928746011592,0.026196625681526826,4.36532914268624E-4,1.0]]