[[1.0,7.411654167720804E-4,9.102129338471968E-5,5.684805775000702E-4,0.018507256743729918,2.2123077944080635E-5,0.006196624658917221,3.661691086454246E-5,3.2773338727093025E-5,1.8826179514565814E-4,1.1670185594985315E-5,8.57096704549479E-4,6.210121291428366E-5,4.932840881411078E-4,0.00737411250412589,0.0015483154857663314,0.006494289496748831,0.001805847267282804,0.0010771045017795755,9.612354026559916E-4,6.600074738927021E-4,0.0010759766880827967,0.021779883733547976,1.0588991650877168E-5,1.1247762907752838E-5,0.0028383565718031077,0.0012617710683533634,0.0035917819739130566,1.740691053935024E-5,1.0304403924048876E-4,1.1386603008576509E-5,9.77978230456492E-4,1.0437763146295195E-5,1.0839871491916673E-5,0.01193918097927083,0.0011231535769724744,3.1858644647602893E-4,0.002606760253223834,7.503589904660117E-4,7.733080378433187E-5,2.1685014248478414E-5,0.008873187023191929,1.2139804757935404E-5,3.688521308542949E-5,4.6757186832737166E-4,0.001414020647880515,1.0543352524480314E-5,2.5618618035688187E-4,2.710952104869863E-4,4.319692119874438E-5,0.001503233111789982,4.54378722817279E-5,1.3753464288687293E-5,7.044408337164822E-4,0.0028385457013409797,1.0630789680090365E-5,0.00526543379303085,0.0011573567011172743,2.394911959622106E-5,1.2590161512029936E-5],[7.411654167720804E-4,1.0,9.665682790576213E-4,0.0018108680765859535,0.009887944246590745,2.6723124025161346E-4,0.00613633582841873,0.0010264684816635068,0.0011153063186543598,8.223853396677237E-4,6.794462116565773E-5,9.309981077290166E-4,2.632277622375919E-4,0.00119395901947351,0.004606946168246952,0.0016099190542480171,0.016103542114694457,0.0027391952113368432,0.0015179023696652585,0.0016012623193790744,0.0011607487308937076,0.001303222591227595,0.01688192048710104,3.1633914538034075E-4,9.831848712518897E-4,0.001428943656915193,0.0014135805676816857,0.012677355604649792,2.64585333456248E-4,3.7551786739624437E-4,7.046309775165689E-4,0.00126743999927615,0.0012030903579532417,1.5663219407780241E-4,0.007708994736729441,0.002423152759128694,7.877962150837011E-4,0.002985622164756571,0.001470615195172114,0.0011349156229455756,0.0010835596372417383,0.002410905697717876,3.8269068066484365E-4,6.616005839829899E-4,0.0012198551313371,0.001634140777368793,3.192452592122916E-4,0.0015864564197454634,0.0017950699597460906,0.0010388857299363416,0.0014487605528156092,2.6029488313262806E-4,2.3215412430222445E-4,8.716767022752597E-4,0.0028377403077521164,3.7762018404089803E-4,0.0014224446608418408,0.0017633183309807656,0.001070808092295867,6.348061810349586E-4],[9.102129338471968E-5,9.665682790576213E-4,1.0,0.0027974102322742196,0.01905277767519038,1.1524377185931284E-4,0.020370561390742132,7.022225636875535E-5,1.266289859010749E-4,1.3352159112902406E-4,4.3348877685431446E-5,7.288209745113586E-4,1.3515579478150672E-4,3.2346748789175773E-4,0.0038510055559871272,0.0014384766179158504,0.004203391214821552,0.0014690457126346707,0.0016083231422049753,0.0019318531279684476,8.842844740038051E-4,0.0011095045677218876,0.02907255057641228,9.19463261127651E-5,6.84760661910409E-5,0.0011430560815695134,0.001306457609010587,0.007676708127671571,1.0603850291606179E-4,1.9376651423320843E-4,6.57668706919528E-5,4.3080914772023203E-4,6.56478083551867E-5,8.380973783840067E-5,0.008509611332332627,0.0028058125236785233,4.4061399273128386E-4,5.525873989048203E-4,0.001327769111160514,1.0412115024309378E-4,1.0316637110015841E-4,0.002784825130852231,1.002422271966676E-4,1.091617868921374E-4,9.655710710047012E-4,7.924989666146271E-4,2.298470436230385E-5,0.001200550521398963,0.0015014060636769672,6.096904428907831E-5,7.971866140221418E-4,1.1968188562101699E-4,3.592806526948569E-5,1.1588310093626808E-4,6.720659222811515E-4,9.615658731762469E-5,0.0036642686184759584,8.973458654792349E-4,1.0420736861896626E-4,2.6080867163138064E-5],[5.684805775000702E-4,0.0018108680765859535,0.0027974102322742196,1.0,0.003797878926375369,0.0023755699231825847,0.02119612539939607,0.0020914817620638353,7.110596999134078E-4,0.0019838918321771985,0.0011257383878205635,0.0027266616278272,0.0018878540805659706,0.00147294698284647,0.0035341045144296735,0.0017846038100025777,0.016424996119367236,0.0032627167857554066,0.0020612063336322714,0.0024410800752586374,0.0024512251369643565,0.0019512178261108764,0.025061520966159347,6.911648337541398E-4,0.0015780222773471748,0.0033886266836152604,0.0025482033035850254,0.012255251741076757,4.155161143561416E-4,0.0014368896212122704,0.0022421122614971235,0.002034057839559,0.0024819636670989687,0.0018571666283702032,0.013364829962528624,0.004314741239450335,0.0020431670358844215,0.00443976124010763,0.002471945997523268,0.001175524821802203,0.0013157112383889865,0.006071857167812653,0.0015449682790162516,8.08855770900655E-4,0.002298895369632362,0.0021662994868771952,0.0019835887080732538,0.002902952139751085,0.002413110694129724,0.0023978445631788387,0.00254050846362528,0.0013960121132108913,0.0016878021396075423,0.0017637284938363993,0.003036685381100395,0.0017762910078663275,0.004358689717907704,0.0023860736487423557,0.0024808843379245933,0.0021765723189810706],[0.018507256743729918,0.009887944246590745,0.01905277767519038,0.003797878926375369,1.0,0.0032793035563350535,0.027500091493486947,0.012432843318072703,0.012123020275597076,0.002639984609340538,0.022341339111824378,0.008559000755853415,0.001287395812332801,0.005295857800423198,0.011970408619458629,0.0060854958608562845,0.024878028529999822,0.005169647738733156,0.01831280821059982,0.007508417425858562,0.02142973442285928,0.015790404642083623,0.035913833884580956,0.01957356254633878,0.01350532011822516,0.009726767077890207,0.0042321264389582345,0.026176140979832303,0.006065987423158948,0.020577587940151982,0.003043957176034791,0.025812172706074964,0.02324893922048082,3.2200231083114733E-4,0.018695154990599178,0.015492011525612654,0.01932523011845382,0.013190493698303636,0.027030738102707775,0.026381103046805274,0.00492541331749349,0.010025559350575683,0.004189766974314383,0.013593359184134913,0.01772601189269139,0.0036412058712504587,0.008588641900620662,0.004393547135386898,0.02676428311057741,0.011678738520742896,0.022056489179691885,0.024551009605157458,0.015557365774888794,0.008772450045450391,0.004110701011068527,0.002533162030535916,0.018073646453349794,0.021693192057122813,0.014190503009423448,0.026475192752310833],[2.2123077944080635E-5,2.6723124025161346E-4,1.1524377185931284E-4,0.0023755699231825847,0.0032793035563350535,1.0,0.017551618707608567,9.64883035201893E-5,1.3512199262540246E-4,2.4830967173239795E-4,9.319619756627324E-5,4.72963277870662E-4,1.449279865946491E-4,6.094804743751519E-4,1.855663918051233E-4,6.598710648618672E-4,0.015616996072445561,5.664225014420639E-4,0.0013791695565354624,0.0011879895275333952,1.763949481374258E-4,7.071610271455341E-4,0.0034311800974751484,6.052100366567314E-5,2.1111442467285157E-5,0.0018090732919045442,0.0011753593408042925,0.003081121810076588,1.089560523322851E-4,2.0026918787171562E-4,2.336166636939111E-5,4.5973283987795177E-4,7.048434098407446E-5,4.226397790338469E-5,0.0062051257629068554,0.0049148391803144325,5.79064512831383E-4,0.0032811439060019976,8.087979925914998E-4,1.0682757454118734E-4,3.718881801236412E-5,0.008566707393739471,1.0188610100144798E-4,1.724093950629948E-4,7.188712302992425E-4,0.0011149569751759422,8.466905198224154E-5,5.530359593626296E-4,8.08517041231279E-4,9.973515817044585E-5,0.001490139443837754,1.2640784811665016E-4,1.1849729510902217E-4,7.058012864029764E-4,0.0013054865937259053,7.739732728878158E-5,0.0010871422831214138,0.002088894475166315,1.1231062875386785E-4,8.61923612760261E-5],[0.006196624658917221,0.00613633582841873,0.020370561390742132,0.02119612539939607,0.027500091493486947,0.017551618707608567,1.0,0.018176675461799265,0.007902675228301638,0.008412790229285198,0.021083238756260076,0.011803225069809364,0.005758396306231448,0.013006998224514092,0.012402579430898071,0.0063761347382663555,0.021561475701148917,0.016009360234094695,0.010337502816238752,0.011310230291235972,0.01913145421298328,0.021298468454716668,0.050180428416354575,0.0022659207877087687,0.021104574944538747,0.011685082064847271,0.017403842011267674,0.020686336896195,0.01609538567926211,0.012298729396506582,0.020081196837188297,0.01369598586944386,0.007178390629490935,0.014102164398616194,0.0209388623503955,0.021414795919556567,0.016471330968866014,0.016740672122555054,0.012555523821349886,0.020807393930866194,0.020420095117409963,0.01044364026460776,0.014370715369800243,0.009724736037149295,0.016685074455911542,0.011535966710900715,0.008564742542700926,0.01275113678422952,0.014191398841079048,0.0035438069323953363,0.006337910937390313,0.0012249449459048004,0.012048638888627523,0.016119411765789335,0.011946521976277442,0.012117046325893797,0.01658212559453138,0.009103612430408366,0.0200611714014237,0.006450039842310944],[3.661691086454246E-5,0.0010264684816635068,7.022225636875535E-5,0.0020914817620638353,0.012432843318072703,9.64883035201893E-5,0.018176675461799265,1.0,1.1320692787551785E-4,7.464787324681563E-5,4.608438775063191E-5,3.205208196324727E-4,7.730843482341889E-5,7.865814652347147E-4,0.008386073672562968,4.965033743486276E-4,0.004307046824299076,4.050705073443024E-4,2.3059847956552357E-4,5.28630730905011E-4,8.786998510696665E-4,2.1213799834204558E-4,0.036475817301835405,3.7390629609162494E-5,3.898540466001487E-5,7.792049192205006E-4,6.01131875035545E-5,0.011381458926328141,7.95988316481496E-5,2.1790842628764557E-4,4.12525543024903E-5,2.842241436938451E-4,3.763772140013034E-5,2.0982883737997986E-5,0.0014428227271188034,0.004090066908723434,1.9027445790880415E-4,9.381048835541742E-4,6.71382575064101E-4,7.354404791561843E-5,4.165923347180854E-5,4.698277199144818E-4,4.0424919439047045E-5,1.8946320032663214E-4,9.368234837783379E-4,8.052432524636913E-4,4.681842665980033E-5,2.4877720038282556E-4,0.0012143384491280782,4.686514923258882E-5,9.289191910013257E-4,7.052252363146401E-5,3.3226716682808555E-5,3.3503326015767046E-4,0.002261569643119459,2.3612198900943455E-5,0.001931604884525839,0.0016171511095940953,5.98047347306274E-5,1.876353921633092E-5],[3.2773338727093025E-5,0.0011153063186543598,1.266289859010749E-4,7.110596999134078E-4,0.012123020275597076,1.3512199262540246E-4,0.007902675228301638,1.1320692787551785E-4,1.0,2.5942599387241734E-4,3.32284448091558E-5,1.8133228228397498E-4,2.074090179769449E-4,0.0010840156078335587,0.005560126232031264,7.38704328011288E-4,0.017248144923289903,0.003311124774946103,8.207797616399273E-4,0.0023474765002741023,0.0010373609049505329,0.0011404991451127889,0.019369919002617794,8.507681353864466E-5,1.4920195871521311E-5,0.001549480721224456,9.043329904497556E-4,0.003940248880574892,1.1177875793744352E-4,2.2210900448250037E-4,8.367638525261756E-5,8.404780003476842E-4,7.257953752925776E-5,1.4468487934438874E-4,0.012046919367037437,0.002452900900868391,4.3663960117398663E-4,0.002092436235472102,0.0014444021853278538,1.482667086002274E-4,1.1953025587319586E-4,0.0011781992161608284,6.284337392582247E-5,2.1538163388924747E-4,8.287247281052668E-4,9.079194776858272E-4,6.945249208512276E-5,5.162639329277229E-4,8.220147415687574E-4,8.423027175119538E-5,7.973682686369392E-4,1.386797402180006E-4,1.04508864870176E-4,2.9571029062025185E-4,0.0018605754083943818,1.548055392727507E-4,0.0022904679809145775,0.001986279586433564,1.3018980021002645E-4,1.3075833936698511E-5],[1.8826179514565814E-4,8.223853396677237E-4,1.3352159112902406E-4,0.0019838918321771985,0.002639984609340538,2.4830967173239795E-4,0.008412790229285198,7.464787324681563E-5,2.5942599387241734E-4,1.0,2.0381718993607378E-4,4.8464562919272E-4,2.2710098008754025E-4,3.738914698203798E-4,0.010268860978907248,0.0011875170034301406,0.011798365792921196,0.0010896513181125507,0.0014148000411851318,8.377353498249926E-4,3.40849709309966E-4,0.00124274076978312,0.048891242515606996,2.724471505542773E-4,3.2181264395268865E-5,0.0019324746919644647,5.807416781628114E-4,0.010624230263997794,2.0368450497186352E-4,2.85057373969971E-4,8.801194174916961E-5,6.845014741868429E-4,2.247875585667855E-4,2.8528363533066893E-4,0.0018190217475009393,9.168844962492385E-4,6.273262237213762E-4,7.769203552836772E-4,4.5519701231820615E-4,2.244878410011706E-4,8.058724539999874E-5,0.002822649410845943,3.453656744356159E-5,2.683132703467858E-4,4.56873185772868E-4,7.43184163573324E-4,1.432400239857513E-4,6.361072358999518E-4,0.0010927606839010052,1.2908566416989896E-4,6.657294429715297E-4,2.6618549347815287E-4,3.698659874071179E-5,3.5323664956081886E-4,0.0010097683423010342,5.727432435727969E-5,0.003533904960781379,0.0014655432109245503,1.3371346956703688E-4,2.475268190930906E-4],[1.1670185594985315E-5,6.794462116565773E-5,4.3348877685431446E-5,0.0011257383878205635,0.022341339111824378,9.319619756627324E-5,0.021083238756260076,4.608438775063191E-5,3.32284448091558E-5,2.0381718993607378E-4,1.0,6.849051748166542E-5,2.0212084419569086E-4,0.0010869953720955335,0.0030296281569900923,0.0011932580759180425,0.007799541659037221,0.0010177304588803915,8.904226337403666E-4,0.0011648122289918787,0.0011037562799166853,6.264356765904775E-5,0.03451615025256385,2.4911247586111097E-5,1.5203241980215908E-5,3.618889748342319E-4,0.0014169687291386358,0.0022645805354082147,4.557834448842783E-5,2.52308841379498E-4,2.2326217156281133E-5,9.042359899207608E-4,1.889980543139554E-5,1.3367314246264423E-5,0.0085954682176514,0.005439932270082973,1.502999527149577E-4,0.004085394450611309,9.49646557835024E-4,6.408218850308214E-5,2.4653800035038075E-5,0.006357392068496225,1.5133256191171337E-5,1.5693925097359722E-4,0.001160100821973882,4.7264664059103563E-5,2.354933911918279E-5,6.161641400808674E-4,0.0014409423180747798,3.106669792543626E-5,8.209974968281271E-4,5.8376762299870774E-5,2.7625136342529098E-5,2.558356746538678E-4,1.605909907939984E-4,1.8431337044228437E-5,0.003348932210421676,7.665206660051058E-4,2.643457256741196E-5,1.7922616053220836E-5],[8.57096704549479E-4,9.309981077290166E-4,7.288209745113586E-4,0.0027266616278272,0.008559000755853415,4.72963277870662E-4,0.011803225069809364,3.205208196324727E-4,1.8133228228397498E-4,4.8464562919272E-4,6.849051748166542E-5,1.0,2.228427196427252E-4,0.0010069544245952166,0.00929357681531062,0.0010821423426051232,0.00222879681017436,0.0023495119760057652,0.0013063770569099195,0.0017608457121788632,9.482738638313773E-4,0.0011538583472939367,0.01279816092300699,2.3786414185808014E-4,8.327549026576513E-4,0.002593554663680457,0.0014967021015741748,0.013496886898031852,3.815599832217482E-4,2.999998611735516E-4,7.163359241275689E-4,0.001127468488406422,9.221865188334551E-5,1.115907161992817E-4,0.0034030593016919834,0.0054175464960582445,7.917935994051768E-4,0.004516788547297555,0.0014058586983623496,4.081754284633953E-4,3.3415377825489094E-4,0.0071238303013733345,3.018987029920173E-4,6.962032658443043E-4,0.0011322743360904597,0.0011381548616063697,6.915485250692985E-4,0.001329958881970945,0.001240622306796495,8.311584433035135E-4,0.00101519832950093,7.791479247748721E-4,5.546526775540201E-4,7.673085449434935E-4,0.0018394688350322475,8.653597257657601E-4,0.005455177769459218,0.0014589280088544566,5.015267855104637E-4,2.4442972948151686E-4],[6.210121291428366E-5,2.632277622375919E-4,1.3515579478150672E-4,0.0018878540805659706,0.001287395812332801,1.449279865946491E-4,0.005758396306231448,7.730843482341889E-5,2.074090179769449E-4,2.2710098008754025E-4,2.0212084419569086E-4,2.228427196427252E-4,1.0,8.751106917698538E-4,0.006644986954880375,0.0016239772991283152,0.009232136583685336,0.0011234293341765896,9.414785685589624E-4,4.0648296696085536E-4,9.568376425320652E-4,2.709333104533304E-4,0.033542354382529074,1.9580886354895796E-4,8.643438651416718E-5,0.0034031994442032423,3.391769533713282E-4,0.008148092601099208,1.1221448569427655E-4,2.2755948258827718E-4,1.8373233871573442E-4,0.001277765978348847,1.0370675819567748E-4,2.028794254496218E-5,0.009787278946560025,0.0020981696707885705,4.5746046801829944E-4,0.003269314976133659,0.0011433694449091935,1.7160090403945652E-4,9.868163574890793E-5,0.001823083860719956,1.0272007450709261E-4,2.2284109258018648E-4,0.0011533781158700115,0.00119161634542724,2.7492973827863533E-5,2.7491171063001373E-4,0.002041600318151445,4.971079697451731E-5,4.439207101326715E-4,1.9831813044701003E-4,1.0272564553395286E-4,4.4013443209727215E-4,6.724826511605634E-4,2.14993505248721E-4,0.0048657989434178215,0.0014361014310440739,1.315348844684752E-4,1.9084221998252854E-4],[4.932840881411078E-4,0.00119395901947351,3.2346748789175773E-4,0.00147294698284647,0.005295857800423198,6.094804743751519E-4,0.013006998224514092,7.865814652347147E-4,0.0010840156078335587,3.738914698203798E-4,0.0010869953720955335,0.0010069544245952166,8.751106917698538E-4,1.0,0.007107127404626766,0.0015762167663999824,0.002003163534764609,0.003698723017522738,0.001494982717750783,0.0018407003823933499,0.001129363068740761,0.0013461056113237562,0.03550775161545881,4.7433504868919237E-4,6.09203878936576E-4,0.0023444842785279377,0.0013424416834429398,0.003197580214362797,4.6433068482339585E-4,2.756841317565975E-4,2.624074751596202E-4,0.0012727598242509778,2.7670546055216994E-4,0.0010703055580707816,0.008954589773999402,0.003201400085805513,9.580661593872856E-4,0.003809431455882136,0.0011745952542624074,4.723874720625513E-4,8.54234192819716E-4,0.0035213751185491373,2.5114904863056853E-4,7.751813746035649E-4,0.0011385455504518635,0.0012915416924200256,0.001027134602641377,0.001469474576559887,0.0015067352517606674,1.7389445790740287E-4,0.001155786560018232,8.465993207298853E-4,3.919527520874942E-4,9.373687092622368E-4,0.0016514895879353913,6.158254766404888E-4,0.0028588088810149043,0.0012042526525361573,5.482236986108005E-4,3.357165667664292E-5],[0.00737411250412589,0.004606946168246952,0.0038510055559871272,0.0035341045144296735,0.011970408619458629,1.855663918051233E-4,0.012402579430898071,0.008386073672562968,0.005560126232031264,0.010268860978907248,0.0030296281569900923,0.00929357681531062,0.006644986954880375,0.007107127404626766,1.0,0.005968302698661462,0.017530607370265103,0.009713425759448653,0.003801991730335917,0.009349292146099163,0.006283259457231711,0.01059442387392731,0.01809851134893609,5.253064831227221E-5,0.004964015162802135,0.003725081815934803,0.005511609610338713,0.012150430477626028,0.010866174368042391,0.006992848116327242,0.002903332784251959,0.0036357880526915343,0.004947186790797273,0.0027518644683377914,0.01149821513375489,0.007023823451711181,0.0020039994166561686,0.007943859864173274,0.002271023317746329,0.00767536357310918,0.0016493008326618473,0.010075642230042472,0.0017511292927228316,0.0032057427272648613,0.008376776145107815,0.004300622068388139,0.003676424778412383,0.003871799281665587,0.009850781361705543,2.5676199132378303E-4,0.001584913781976695,0.0036876488767812183,0.003893993293808822,0.0070965822281103515,0.005964599132729051,0.002800871328533271,0.010455879138742302,0.0052011823636224155,0.003105772825311045,0.00758645013673706],[0.0015483154857663314,0.0016099190542480171,0.0014384766179158504,0.0017846038100025777,0.0060854958608562845,6.598710648618672E-4,0.0063761347382663555,4.965033743486276E-4,7.38704328011288E-4,0.0011875170034301406,0.0011932580759180425,0.0010821423426051232,0.0016239772991283152,0.0015762167663999824,0.005968302698661462,1.0,0.0019412024036021573,0.004317704939639031,0.0016558794443641933,0.0020014498194049334,0.001483556830718018,0.0015332264624696207,0.018511470502781922,5.673886751829031E-4,7.555957689284347E-4,0.0030786819172980767,0.0016642009813128702,0.01155693615432605,6.323571065094817E-4,9.502304207386715E-4,2.5225846343298304E-5,0.001550024947007019,0.001412875968009977,4.4505876031604696E-4,0.006372115649373474,0.002030030355412776,0.0011582561879783584,0.002830232073622852,0.0016782433524851852,3.951462146100375E-4,0.0013116580012597961,0.0024376163959272733,3.316439370782837E-4,9.23610030554926E-4,0.0011827833375751393,0.0016666666666666668,0.0014123449264945957,0.0016771960327730462,0.0017101237846167785,9.858353722130362E-4,0.0016216166773042238,0.0013545078746619958,0.0011865367381645414,9.233449861432022E-4,0.0026876806393379645,6.798472650479412E-4,0.004550070997346565,0.0017403389797550593,8.550184669515366E-4,2.4491428613631684E-4],[0.006494289496748831,0.016103542114694457,0.004203391214821552,0.016424996119367236,0.024878028529999822,0.015616996072445561,0.021561475701148917,0.004307046824299076,0.017248144923289903,0.011798365792921196,0.007799541659037221,0.00222879681017436,0.009232136583685336,0.002003163534764609,0.017530607370265103,0.0019412024036021573,1.0,0.006164873554537941,0.015607231817901588,0.01580073666003904,0.0038642205084543956,0.013956525832734731,0.03355370343414556,0.010633220955783248,0.01036836578238641,0.01474590425108154,0.014035415434133546,0.01779973173693543,0.0015232596699798167,0.006168216370133572,0.011205787408215876,0.0030716701719705874,0.011698109335925412,0.012112116464659244,0.016439661021727166,0.01647029467953911,0.0070092055893327294,0.008522366299912173,0.01280902616541909,0.013264308299606613,0.015511220336397858,0.016958129275130344,0.008128219349068898,0.002953428037617371,0.003762030346345652,0.017328735459629555,0.005308634189575937,0.017756200464849985,0.0024507267104482253,0.016717663924216728,0.005774693544776957,0.016459225324128676,0.005816796634132883,0.004397220516856843,0.0062741830969840345,0.017382815572131165,0.012173067473303496,0.012693710958523265,0.011979559041418324,2.4445473569561854E-4],[0.001805847267282804,0.0027391952113368432,0.0014690457126346707,0.0032627167857554066,0.005169647738733156,5.664225014420639E-4,0.016009360234094695,4.050705073443024E-4,0.003311124774946103,0.0010896513181125507,0.0010177304588803915,0.0023495119760057652,0.0011234293341765896,0.003698723017522738,0.009713425759448653,0.004317704939639031,0.006164873554537941,1.0,0.003336657075044605,0.0027827547307202358,0.0015490587275127934,0.003480340614923265,0.016982363353180225,0.002494109297136339,0.004539047226766015,0.003851117320304298,0.00445242487890045,0.008480011696524395,0.0043043427433094575,0.0025785714629564353,0.004231873544767882,0.003292894400138009,0.0024491300830847503,0.0038703569789890566,0.01122789326749674,0.00482252976317089,0.003171936853199729,0.004841552003843208,0.004264084410889514,0.003369628965041115,0.0020435116933337663,0.004754643575649347,0.0011899035914856423,0.0026342609786944677,0.0016727273758174572,0.002301524736590039,0.003640121757896548,0.0031871278989374155,0.004588678827662713,0.00461976037496234,0.004487560114959202,7.287669865142965E-4,0.004486847291576317,0.0023287545963909776,0.004521947539973172,0.004417092694981194,0.004733030534717781,0.0026958116818439535,0.0041904275329842046,0.0017459250546077974],[0.0010771045017795755,0.0015179023696652585,0.0016083231422049753,0.0020612063336322714,0.01831280821059982,0.0013791695565354624,0.010337502816238752,2.3059847956552357E-4,8.207797616399273E-4,0.0014148000411851318,8.904226337403666E-4,0.0013063770569099195,9.414785685589624E-4,0.001494982717750783,0.003801991730335917,0.0016558794443641933,0.015607231817901588,0.003336657075044605,1.0,0.0018186761809402738,0.0012011914901946586,0.0014059713004180349,0.04987453489471377,0.0013759043059814182,0.0013228057479120934,0.0032419776059581496,0.001653656900576616,0.012341505331918568,3.175026458056757E-4,7.218933902273449E-4,0.0014406345316592545,0.0016370276681408715,0.0012430137730051341,1.6605441868129737E-4,0.0051995584737866115,0.001860012250429265,7.307204130127998E-4,0.0021010229826570474,0.0016680560545187474,0.0012460155623284788,6.536616991446255E-4,0.0046321233987925365,0.001084196043130212,4.963522868644364E-4,0.0013059350659892603,0.0016587007996293533,1.1143857187755711E-4,0.001669349351117947,0.0021195671255263677,0.001428676980032384,0.0016322435950428939,7.40829731168595E-4,9.426530631656887E-4,7.936478172838534E-4,0.0020215472075917557,9.157501474991723E-4,0.001978987701435253,0.0016837470853119957,3.224628871820855E-4,0.0013229732607605907],[9.612354026559916E-4,0.0016012623193790744,0.0019318531279684476,0.0024410800752586374,0.007508417425858562,0.0011879895275333952,0.011310230291235972,5.28630730905011E-4,0.0023474765002741023,8.377353498249926E-4,0.0011648122289918787,0.0017608457121788632,4.0648296696085536E-4,0.0018407003823933499,0.009349292146099163,0.0020014498194049334,0.01580073666003904,0.0027827547307202358,0.0018186761809402738,1.0,0.001504767095060607,0.002269711319744529,0.0252545692720639,0.0020588430659281357,0.0012994703077051305,0.003118986170034784,0.0021554739950766905,0.0051543735037307414,7.480287950439341E-4,5.160723612512351E-4,8.238328514455082E-4,0.0014530478763866944,0.0016695909579189053,5.707675856396915E-4,0.004072884737782051,0.0043046557385488455,0.0022532485126867284,0.004822268932840686,0.0023568190609328903,4.07018323618163E-4,0.0010344634696530344,0.005701547001723835,0.0017608597619533635,0.002157694614265175,0.001573628007258683,0.0017755164557276082,0.00146317118898274,0.001692583383753488,0.0022157029465039264,0.0021846851553459653,0.0020381812879559417,1.3279033148396035E-4,0.0023901525047248006,0.001465030417078682,0.0027128611884219126,0.0011825711229087172,0.004177135293513376,0.002349273037441562,0.002395347090124901,3.6564172823360937E-4],[6.600074738927021E-4,0.0011607487308937076,8.842844740038051E-4,0.0024512251369643565,0.02142973442285928,1.763949481374258E-4,0.01913145421298328,8.786998510696665E-4,0.0010373609049505329,3.40849709309966E-4,0.0011037562799166853,9.482738638313773E-4,9.568376425320652E-4,0.001129363068740761,0.006283259457231711,0.001483556830718018,0.0038642205084543956,0.0015490587275127934,0.0012011914901946586,0.001504767095060607,1.0,0.0012692902919564258,0.027662447973537806,5.075296024089931E-4,3.450715529349085E-5,0.0031130422993032167,0.0014846140848014304,0.008852802171792542,9.771544228788143E-4,6.040501178171608E-4,4.001465249566247E-4,0.001213188029848504,9.317055374464002E-4,5.690070473349739E-4,0.00790169339596597,0.0023886247540875166,8.062381371904019E-4,0.002381126237523721,0.0016245740233176928,9.392528103481423E-4,1.7386359546498964E-4,0.005070276524943776,1.1214890410493148E-4,9.011401138978861E-4,0.0011424364361080715,0.0013617156533608787,6.973074026475289E-4,0.0011730364321266543,0.0016403724322278262,4.4527978025061057E-4,0.001185020678927564,6.831309580955214E-4,1.2060434868561026E-4,9.442841563991058E-4,0.0028445862809950723,2.4901176347866944E-4,0.002555934287628107,0.0014182070110751901,7.257768696524059E-4,5.500090003988514E-4],[0.0010759766880827967,0.001303222591227595,0.0011095045677218876,0.0019512178261108764,0.015790404642083623,7.071610271455341E-4,0.021298468454716668,2.1213799834204558E-4,0.0011404991451127889,0.00124274076978312,6.264356765904775E-5,0.0011538583472939367,2.709333104533304E-4,0.0013461056113237562,0.01059442387392731,0.0015332264624696207,0.013956525832734731,0.003480340614923265,0.0014059713004180349,0.002269711319744529,0.0012692902919564258,1.0,0.04168663962843043,4.832323749080625E-4,9.74505679386027E-4,0.002155464722887557,0.0015367512621017008,0.0034853861889388308,8.327060557442412E-4,7.46554351879279E-4,6.03385497770722E-4,0.0013532469858857353,0.0011888917372282824,0.0013491020736274932,0.0032558924644937844,0.00197116746737941,8.220717886525029E-4,0.00427507333068558,0.0016245805071590585,6.07150937359419E-4,0.0010410297210161283,0.0016796278325515162,2.382105008906908E-4,7.213209659284843E-4,0.001232503084252521,0.00154357783196331,4.978709917405924E-4,0.0015976967623388513,0.0017305607412595324,8.046200156430523E-4,0.0015469535338001952,0.0013207115215793496,8.995274554609716E-4,0.0011285816134540623,0.0015280382180784245,4.504676622950267E-5,0.004229253287721305,0.0018980591631682106,1.8608479105854272E-4,0.0010296072426209657],[0.021779883733547976,0.01688192048710104,0.02907255057641228,0.025061520966159347,0.035913833884580956,0.0034311800974751484,0.050180428416354575,0.036475817301835405,0.019369919002617794,0.048891242515606996,0.03451615025256385,0.01279816092300699,0.033542354382529074,0.03550775161545881,0.01809851134893609,0.018511470502781922,0.03355370343414556,0.016982363353180225,0.04987453489471377,0.0252545692720639,0.027662447973537806,0.04168663962843043,1.0,0.016103606423694388,0.012364779635087413,0.025076031816697205,0.04012508790230731,0.03128143380852953,0.004834859293742618,0.03063440571994213,0.034235122008874366,0.005410759000298745,0.028750786580407167,0.015498325752559073,0.03439841322690351,0.03329062448977294,0.02457452590096457,0.04454089901135995,0.007259626491629179,0.01669204930915869,0.0284494009300167,0.033756391082311876,9.97465228665372E-4,0.007489324800466962,0.042169335916108185,0.010929049120022589,0.049963317257193086,0.03303409226281618,0.04369039225273654,0.010371078796520036,0.046473965757355656,0.03649980699846312,0.033783900791041266,0.0032229166802955384,0.021724836287606908,0.03761888476716359,0.013655475280077916,0.014255132138210898,0.011418069746727707,0.007648776625563378],[1.0588991650877168E-5,3.1633914538034075E-4,9.19463261127651E-5,6.911648337541398E-4,0.01957356254633878,6.052100366567314E-5,0.0022659207877087687,3.7390629609162494E-5,8.507681353864466E-5,2.724471505542773E-4,2.4911247586111097E-5,2.3786414185808014E-4,1.9580886354895796E-4,4.7433504868919237E-4,5.253064831227221E-5,5.673886751829031E-4,0.010633220955783248,0.002494109297136339,0.0013759043059814182,0.0020588430659281357,5.075296024089931E-4,4.832323749080625E-4,0.016103606423694388,1.0,1.1827507908246745E-5,0.0014585970155124516,0.001159361723878223,0.002048772467104489,8.695019822554842E-5,1.4505980889608998E-4,1.1319215106170943E-5,0.0012135890822896885,1.1879998915914865E-5,1.1294232590054507E-5,0.006526320018355024,0.0033676757979556314,4.2204264819775716E-4,6.859097643683372E-4,7.510203214998138E-4,8.717541679441893E-5,1.77576421016478E-5,0.003976977934505044,1.1414833242777127E-5,2.7063758390244547E-5,2.493175429190462E-4,5.808647419132724E-4,1.1867477525227404E-5,4.116540255217047E-4,8.241658871381065E-4,3.0331792522618798E-5,0.0012395165980185324,3.093838182966909E-5,2.7102665213268427E-5,1.8033383309594E-4,0.0010152938767388668,1.1299449403198182E-5,0.0024487015593561323,0.0014436759448782084,3.145229389424437E-5,1.1719957733268027E-5],[1.1247762907752838E-5,9.831848712518897E-4,6.84760661910409E-5,0.0015780222773471748,0.01350532011822516,2.1111442467285157E-5,0.021104574944538747,3.898540466001487E-5,1.4920195871521311E-5,3.2181264395268865E-5,1.5203241980215908E-5,8.327549026576513E-4,8.643438651416718E-5,6.09203878936576E-4,0.004964015162802135,7.555957689284347E-4,0.01036836578238641,0.004539047226766015,0.0013228057479120934,0.0012994703077051305,3.450715529349085E-5,9.74505679386027E-4,0.012364779635087413,1.1827507908246745E-5,1.0,7.403258817449914E-4,3.020910328111041E-5,0.004455308801388868,8.828682209887597E-5,7.883915061023436E-5,1.1722829080786113E-5,2.7847808197881054E-4,1.1924065027085394E-5,1.1574872619142265E-5,0.0025849826740596466,0.005449247497881742,7.784458842707374E-5,0.001049584796555793,5.088319993296042E-4,9.026377151293439E-5,1.4228703512058342E-5,0.0019809635584478644,1.1862825298619468E-5,8.828366553440846E-5,7.581405391767401E-4,5.748014127014198E-4,1.317645950659559E-5,6.3109271692426E-4,0.001814421035361039,4.2994744540557213E-5,4.224593277187627E-4,4.07665229142094E-5,1.526761334020013E-5,5.547018880653542E-4,0.003023835372971955,1.1196790166780118E-5,0.004814902685052407,5.894852621843963E-4,4.5128877160895614E-5,1.2219935226661279E-5],[0.0028383565718031077,0.001428943656915193,0.0011430560815695134,0.0033886266836152604,0.009726767077890207,0.0018090732919045442,0.011685082064847271,7.792049192205006E-4,0.001549480721224456,0.0019324746919644647,3.618889748342319E-4,0.002593554663680457,0.0034031994442032423,0.0023444842785279377,0.003725081815934803,0.0030786819172980767,0.01474590425108154,0.003851117320304298,0.0032419776059581496,0.003118986170034784,0.0031130422993032167,0.002155464722887557,0.025076031816697205,0.0014585970155124516,7.403258817449914E-4,1.0,0.0025362188404692743,0.012974577095000875,0.002261170100266396,0.002334076648795009,0.0027679673403463007,0.0026897776792504614,0.0019001901524965637,0.0026705236301063006,0.012727784757326971,0.004276195182695044,0.0015422234197891662,0.004546421630010083,0.003350113632633405,0.002067107813567211,0.0018110631332271738,0.006553518869262432,0.0022356335894190477,0.0030650752272190847,0.00306267395942703,0.0022095667127832504,0.0014462278967564966,0.0017921195498804535,0.0030894273885845036,0.00152972829964482,0.002069671601927042,0.001603816859961778,0.0025049391335916532,0.003423963583711696,0.0032772571999760193,0.0013146210447214403,0.004087659544106836,0.00243600629473133,0.0011849335583478996,0.0030198016831270748],[0.0012617710683533634,0.0014135805676816857,0.001306457609010587,0.0025482033035850254,0.0042321264389582345,0.0011753593408042925,0.017403842011267674,6.01131875035545E-5,9.043329904497556E-4,5.807416781628114E-4,0.0014169687291386358,0.0014967021015741748,3.391769533713282E-4,0.0013424416834429398,0.005511609610338713,0.0016642009813128702,0.014035415434133546,0.00445242487890045,0.001653656900576616,0.0021554739950766905,0.0014846140848014304,0.0015367512621017008,0.04012508790230731,0.001159361723878223,3.020910328111041E-5,0.0025362188404692743,1.0,0.004027208136220947,5.241235610504386E-4,6.415564282175896E-4,1.2850169819634689E-5,0.0013157903896047114,8.511066699887499E-4,0.0013217870208075994,0.011442853955473327,0.005342271161694157,0.0011929295922472934,0.0026832737744748054,0.0016742736565211888,0.0015245887589103524,0.0010176937139744816,0.0016802247128984424,3.4221685350395637E-4,0.0016393260497290082,0.0012655289517321674,0.0016658932082462621,0.001145806868272874,0.0016519461927704782,0.001759889278674941,2.1141596738463597E-4,0.001638506260941816,2.598738041467071E-4,3.7958455468327636E-5,0.0013661408302683056,0.002226288895727604,7.385414831274366E-4,0.004865258962270599,0.0017605010052358812,0.0015508620771997686,0.0010370438615157705],[0.0035917819739130566,0.012677355604649792,0.007676708127671571,0.012255251741076757,0.026176140979832303,0.003081121810076588,0.020686336896195,0.011381458926328141,0.003940248880574892,0.010624230263997794,0.0022645805354082147,0.013496886898031852,0.008148092601099208,0.003197580214362797,0.012150430477626028,0.01155693615432605,0.01779973173693543,0.008480011696524395,0.012341505331918568,0.0051543735037307414,0.008852802171792542,0.0034853861889388308,0.03128143380852953,0.002048772467104489,0.004455308801388868,0.012974577095000875,0.004027208136220947,1.0,0.00317267394561282,6.440725296656514E-4,7.260440254002031E-4,0.005081924101895595,0.0014399575106974923,0.0011658280225964712,0.013513513513513514,0.005693170959870549,9.154649031506263E-4,0.005019626606315324,0.008451573001578753,0.0012609487000830185,0.01157967102679932,0.010967516909077654,0.005163830331808102,0.012017049407851421,0.010959990209554906,0.003153394713755642,0.004215178797968602,0.008997034371294125,0.009021081660679414,0.005262654896576188,0.012154820627364804,0.00857852589090849,0.004646475447639987,0.012891118912719098,0.007199232725737656,0.010801493852528257,0.010183059535030771,0.011826531672744313,7.451710412655763E-4,0.0030769403404765573],[1.740691053935024E-5,2.64585333456248E-4,1.0603850291606179E-4,4.155161143561416E-4,0.006065987423158948,1.089560523322851E-4,0.01609538567926211,7.95988316481496E-5,1.1177875793744352E-4,2.0368450497186352E-4,4.557834448842783E-5,3.815599832217482E-4,1.1221448569427655E-4,4.6433068482339585E-4,0.010866174368042391,6.323571065094817E-4,0.0015232596699798167,0.0043043427433094575,3.175026458056757E-4,7.480287950439341E-4,9.771544228788143E-4,8.327060557442412E-4,0.004834859293742618,8.695019822554842E-5,8.828682209887597E-5,0.002261170100266396,5.241235610504386E-4,0.00317267394561282,1.0,1.5347278734444153E-4,7.446204734538813E-5,5.684315190406477E-4,1.978331537803583E-5,7.050272179303394E-5,0.007494700773496333,2.2715975940355902E-4,2.554242259955894E-4,2.5995471847746287E-4,6.16650580476036E-4,1.0603366589876764E-4,3.434105762165584E-5,0.006986288095186998,5.3392201868638985E-5,2.039423359624414E-4,7.083964104056816E-4,0.0015646489636522293,6.805811841192583E-5,9.769250984494463E-4,2.783210335658166E-4,6.144026392102224E-5,7.05779369870649E-4,1.2297424705774078E-4,1.0705430171379008E-4,1.1329210840370879E-4,3.538553593883595E-4,5.614941828267668E-5,2.9358618010061956E-4,9.909759350107362E-4,1.0689411440979767E-4,8.039555110652017E-5],[1.0304403924048876E-4,3.7551786739624437E-4,1.9376651423320843E-4,0.0014368896212122704,0.020577587940151982,2.0026918787171562E-4,0.012298729396506582,2.1790842628764557E-4,2.2210900448250037E-4,2.85057373969971E-4,2.52308841379498E-4,2.999998611735516E-4,2.2755948258827718E-4,2.756841317565975E-4,0.006992848116327242,9.502304207386715E-4,0.006168216370133572,0.0025785714629564353,7.218933902273449E-4,5.160723612512351E-4,6.040501178171608E-4,7.46554351879279E-4,0.03063440571994213,1.4505980889608998E-4,7.883915061023436E-5,0.002334076648795009,6.415564282175896E-4,6.440725296656514E-4,1.5347278734444153E-4,1.0,4.859870944323863E-5,2.9565337147484253E-4,2.0797258228344215E-4,1.9401548292293107E-4,0.010744890279861573,0.002396531972138616,3.501056579183291E-4,0.0014405929547637408,5.27479615641752E-4,1.908441796766986E-4,6.985812867181263E-5,0.0024132020636264614,1.8572692106049322E-5,2.3228431256748156E-4,5.746399308174667E-4,0.0013953553422726295,2.3583428348555012E-4,0.001542707702006619,0.0015048613875788739,1.0984022411446434E-4,5.703596374828971E-4,2.2852834248401075E-4,2.515931866894038E-4,3.942386188453932E-4,0.002606122320357677,1.0452573176632378E-4,0.005163548049945375,4.513373797584215E-4,1.557990709118995E-4,2.332834254619808E-4],[1.1386603008576509E-5,7.046309775165689E-4,6.57668706919528E-5,0.0022421122614971235,0.003043957176034791,2.336166636939111E-5,0.020081196837188297,4.12525543024903E-5,8.367638525261756E-5,8.801194174916961E-5,2.2326217156281133E-5,7.163359241275689E-4,1.8373233871573442E-4,2.624074751596202E-4,0.002903332784251959,2.5225846343298304E-5,0.011205787408215876,0.004231873544767882,0.0014406345316592545,8.238328514455082E-4,4.001465249566247E-4,6.03385497770722E-4,0.034235122008874366,1.1319215106170943E-5,1.1722829080786113E-5,0.0027679673403463007,1.2850169819634689E-5,7.260440254002031E-4,7.446204734538813E-5,4.859870944323863E-5,1.0,2.5271494040148365E-4,1.1909209756151115E-5,1.1650457823043101E-5,8.116966603828903E-4,0.0054871237327828205,1.8979144408852322E-4,0.0030101043701811574,9.524874219165178E-4,5.5463437558768604E-5,2.2853685512204665E-5,0.0018071997085519237,1.1969867146617034E-5,1.477628117310232E-4,8.078223560489499E-4,7.425830039815468E-4,1.2298207191066338E-5,5.996927577302663E-4,9.221131735178369E-4,2.2990423450439567E-5,0.0013534699976053418,4.8657162632915156E-5,1.359082626387348E-5,9.125794618567706E-5,0.0013421327211747128,1.1330934716573075E-5,0.0030485186773992665,2.518394364920907E-4,8.498758704029679E-5,1.2333655150616572E-5],[9.77978230456492E-4,0.00126743999927615,4.3080914772023203E-4,0.002034057839559,0.025812172706074964,4.5973283987795177E-4,0.01369598586944386,2.842241436938451E-4,8.404780003476842E-4,6.845014741868429E-4,9.042359899207608E-4,0.001127468488406422,0.001277765978348847,0.0012727598242509778,0.0036357880526915343,0.001550024947007019,0.0030716701719705874,0.003292894400138009,0.0016370276681408715,0.0014530478763866944,0.001213188029848504,0.0013532469858857353,0.005410759000298745,0.0012135890822896885,2.7847808197881054E-4,0.0026897776792504614,0.0013157903896047114,0.005081924101895595,5.684315190406477E-4,2.9565337147484253E-4,2.5271494040148365E-4,1.0,7.300995955529961E-4,5.594135681514216E-4,0.01178192328616931,0.002668200958314563,8.353523173893195E-4,0.0022587765716968917,0.0015896625293819236,8.454371158021493E-4,8.66787441303944E-5,0.0019343539360392673,7.199360114668015E-4,5.876938269565073E-4,0.0