[[1.0,0.0012282007940928653,0.0017095409874427455,4.1871008236334063E-4,0.0017364160795767573,0.001656397392816471,0.0028082863482045395,0.0027453986309189087,0.0015240071467840675,6.472921124751038E-4,2.697842428708502E-4,0.0017478886930656057,0.003475361649102956,0.0027529035848793317,0.003033382736636454,0.002628767854428901,0.0017193142630792183,0.0010245126209704727,0.001901212738166317,0.009711726120655741,6.84199035974928E-4,0.00139633402111933,0.014589467170780933,0.002898993029532716,9.632780369147366E-4,0.003032714337158921,0.002718284339316062,0.002297762384604218,0.0010180958709422748,0.014687720581394116,0.0023357798481227873,0.008511629615314664,0.005017119741291116,0.0013483466005727097,0.002459041422420019,0.0010529122034507402,8.121987969613169E-4,0.001973678638987589,0.0027218940650462777,0.002631046739306414,9.033400860338297E-4,0.002936087157307024,0.00590797935682418,0.00299474865331195,1.5928990802532888E-4,0.0027693106690029816,0.004766783180923906,0.002099982930606885,0.0012832577790767912,1.1213258847305955E-4,3.958608334844619E-4,0.0010262100697712993,0.03305619080769494,0.0010416025412700158,0.0027514114196310947,0.0017346986220537516,0.0015808836662640185,0.0025583046622398636],[0.0012282007940928653,1.0,1.6203005737768587E-4,1.2177001776867689E-4,2.2147391324939188E-4,1.8801633489019633E-4,1.5381150964076281E-4,1.3842587180682282E-4,2.577560413852014E-4,1.7573730237648965E-4,1.3307365827295683E-4,1.6453210458448574E-4,0.003980181629136201,1.2006265456393753E-4,0.00225089147070071,1.8224712699208825E-4,0.0015308264740181324,1.1302457865711404E-4,1.6223545364088825E-4,0.010316256876260806,1.8994419403172176E-4,1.6015217172182878E-4,0.0045326602036335805,7.441227280745975E-5,5.907015337577482E-4,0.0018463814894161532,8.859281455842503E-4,1.4098623331756984E-4,8.163140604707515E-5,5.723036520016462E-4,5.77689723557401E-4,0.009301790692163022,0.0033995385535890705,4.571246091158711E-5,9.509916187436376E-4,1.5535236468749994E-4,1.5286393722058154E-4,1.5196818598156296E-4,1.6833665507570055E-4,0.0010896538736358966,7.062313888228738E-5,3.300838942878254E-5,0.010500164513784735,0.003435200736415769,1.1251929238990006E-5,2.3467740883597305E-4,0.0021306574334204165,0.001545477603969161,1.2569975706010775E-4,1.3658801350622632E-4,8.414965856326086E-5,1.5964586054043604E-4,0.005755075587094858,1.2225983342612905E-4,1.3744453434649936E-4,5.265986631586693E-4,1.0862937211815128E-4,1.5376433203097395E-4],[0.0017095409874427455,1.6203005737768587E-4,1.0,1.3794876084309105E-4,2.558302701385634E-4,1.5789376498890272E-4,1.3344882963960852E-4,1.1849387086909894E-4,1.8205180445863826E-4,1.683897116387599E-4,1.4713504678413072E-4,1.1330686200212414E-4,0.0025378567764082266,6.801435627276378E-5,0.0025227766259666735,2.2911548618308994E-4,0.0013139818555500276,1.2922000869633723E-4,1.5744086177126308E-4,0.011647424661839103,1.883320562525714E-4,1.5118456923397862E-4,0.007604663257765455,3.445717108335057E-5,8.509178107039126E-4,0.001283111351248028,2.44310832412411E-4,1.0306612444779062E-4,1.0832576253820209E-4,0.004346350891967264,1.6345774393861575E-4,0.004297268778465725,0.001379592569733718,4.1799716836279785E-5,6.528616293488817E-4,5.028902679034637E-5,1.2817854050967364E-4,1.2545036601694387E-4,1.7448044256531222E-4,8.320947451484165E-4,9.030629910806155E-5,1.0899749845706351E-4,0.005998574607993249,0.009733022473954595,1.415396786990485E-4,2.1634761252637926E-4,0.005136531374506244,0.001692019497043199,1.3204313143773953E-4,1.3207848719725033E-4,1.0795010035928851E-4,1.4995470962873725E-4,0.027668400816549473,1.4008044730540073E-4,1.4086057696520335E-4,0.0013126634177195585,1.321765553449061E-4,6.035454897980884E-5],[4.1871008236334063E-4,1.2177001776867689E-4,1.3794876084309105E-4,1.0,1.8203985369156427E-4,1.531434839473374E-4,1.1704565961792591E-4,4.394377684359373E-5,2.218770764695184E-4,1.4745143392655346E-4,1.0800208840243354E-4,9.406318015571498E-5,0.0027180438218762913,5.815790938295649E-5,0.0021165011474293294,2.1314883023877213E-4,0.0013024091555975956,1.0643371762359557E-4,1.2457235072776802E-4,0.006579920213409261,1.6327746866877903E-4,1.2330454174375014E-4,0.0022437203662248398,7.320347923105294E-5,2.7162442856487677E-4,0.001858345620837342,9.289657126660206E-4,1.0413283118730762E-4,4.6472744943885215E-5,8.21907894354966E-4,5.78643369609694E-4,0.0035085669930336435,0.001343147955243575,1.0457857258921538E-4,9.152249267399627E-4,6.589612050277645E-5,8.526148379099787E-5,1.1031246207933805E-4,2.1549456268080483E-4,5.60457494855666E-4,7.27934797193934E-5,1.057019834732264E-4,0.0033027514387477604,0.0070173916150824325,1.0578350296476839E-4,2.2324031795408394E-4,5.945896112584684E-4,8.160593349607375E-4,6.310726509049757E-5,1.0562648145605786E-4,9.16270370806698E-5,1.2868641874491554E-4,0.02599253915283447,1.06273897952766E-4,1.1097645181117834E-4,2.9954028197617163E-4,9.705337991347242E-5,4.637007401560214E-5],[0.0017364160795767573,2.2147391324939188E-4,2.558302701385634E-4,1.8203985369156427E-4,1.0,2.3221190036812705E-4,1.6160707126576518E-4,1.05783760163806E-4,2.984218467948978E-4,2.0102770007974152E-4,2.4014912366965437E-4,2.6680756698692083E-4,3.6160869310955925E-4,1.0526925190722053E-4,0.0016500939183933102,2.93231971605666E-4,4.939641046526748E-4,1.1335349038055615E-4,2.9965800095799536E-4,0.012431180809505662,2.1701262445398794E-4,2.85666489178628E-4,0.008893547161338498,1.4805111066516327E-4,5.666865914571031E-4,0.0015422426172564145,7.244418686830754E-4,3.013182675214073E-4,1.3081358961215266E-4,0.011314698806405612,0.0010274455780614413,0.010303457074822069,6.586046924455752E-4,2.579036738155673E-5,7.749324073968312E-4,1.692020494026484E-5,9.963061399096191E-5,2.623681768175323E-4,2.969777529406088E-4,4.286428378032881E-4,5.5960778324490436E-5,2.166433224318295E-4,0.00877907587521116,0.00624612294187595,2.8701320667405653E-4,2.635634222064621E-4,0.0021300949877007414,0.001656935818854073,2.2197948050058482E-4,1.6716086001905772E-4,3.03777270372558E-4,1.980016406251059E-4,0.053802923553920905,3.049078803914671E-4,2.2872742323349368E-4,0.001029556778181171,2.3686615408740944E-4,1.961019713819174E-4],[0.001656397392816471,1.8801633489019633E-4,1.5789376498890272E-4,1.531434839473374E-4,2.3221190036812705E-4,1.0,1.7009962074678934E-4,1.72704549081541E-4,2.866091065258117E-4,1.977496323930027E-4,1.9007303366036114E-4,9.217834736731457E-5,0.0036999747286813713,8.996916259493578E-5,0.0030015836104753902,2.414778627396149E-4,0.0010403947548983238,1.275807969475456E-4,2.0035138410350937E-4,0.0016718686625759095,2.1264137134462325E-4,2.1481811130211998E-4,0.00431249369229952,7.564150072331145E-5,5.153543893930941E-4,9.125000275837072E-4,0.0010226322436380263,6.233616107155339E-5,6.876743276740235E-5,0.008211536452483167,5.836409358495735E-4,0.013045496441586223,4.2892291266994926E-4,2.1370941556578317E-4,2.57951988562951E-4,1.6238204934199976E-4,1.288826925765685E-4,1.479061800638352E-4,2.598922936786883E-4,5.994471512584274E-4,1.9777210740274122E-4,7.923683562720834E-5,0.005719557157043806,0.002587628732751789,8.690177227479252E-5,2.2407471822284605E-4,0.0072398798343486824,0.0012510779605762873,6.427064684892722E-5,1.6708551438484974E-4,8.55758593452083E-5,2.0448624825230904E-4,0.043954754823011075,2.1292023993609526E-4,1.7701526648967938E-4,3.129913571663511E-4,1.9761900241201054E-4,1.3640889852850906E-4],[0.0028082863482045395,1.5381150964076281E-4,1.3344882963960852E-4,1.1704565961792591E-4,1.6160707126576518E-4,1.7009962074678934E-4,1.0,8.746653530921727E-5,2.6832319557428886E-4,1.470499957414488E-4,1.2211422841976096E-4,9.0675342523256E-5,0.0014002287676313995,8.57469952335765E-5,0.0027146190854231873,2.1792959131821041E-4,0.0012209314299603145,1.1140924889766844E-4,1.2860415109141275E-4,0.006181296454769274,1.3979915454970663E-4,1.3820247340575782E-4,0.014414175501113041,9.17500334185174E-5,7.896708121232703E-4,0.001512912885918064,6.567047808215977E-4,4.895985620043655E-5,6.708053618202279E-5,0.024214656465833814,0.001243334811017016,0.012576956667120616,9.193320739737983E-4,8.747671186852703E-5,7.818896992986531E-4,9.875732518259167E-5,1.1512436524688802E-4,1.2209776584514695E-4,2.7832731196445555E-4,8.247478041718668E-4,9.267693298296141E-5,1.043759843112013E-4,0.0076082106993587,0.006737778625444026,6.456468896953763E-5,2.3500053728602976E-4,6.48896092223081E-4,8.96484085916732E-4,8.453250406777368E-5,1.1186158354310089E-4,5.466976417694793E-5,1.4200531218447497E-4,0.023658361986762213,1.1191792842664606E-4,1.299455224801629E-4,0.0010353310850919279,1.1703059385442045E-4,1.5104175789077515E-5],[0.0027453986309189087,1.3842587180682282E-4,1.1849387086909894E-4,4.394377684359373E-5,1.05783760163806E-4,1.72704549081541E-4,8.746653530921727E-5,1.0,1.6781396789340914E-4,1.1798872546452959E-4,1.0248686098891244E-4,7.620330161385427E-5,0.0017113499948919787,1.8540981367907235E-5,0.002850795271515758,3.8196532316833535E-5,0.001483929903416783,8.252544968285753E-5,1.6030409872505924E-4,0.00598391202560108,1.375531937984712E-4,1.1608572851929977E-4,0.015377225379941479,1.9431662823608958E-5,2.690414363699499E-4,2.448267310699963E-4,2.3334266392692994E-4,1.660081145097527E-5,2.257650754715304E-5,0.005520777307225153,3.650890395731598E-4,0.001972957087144098,0.002859528644801109,1.9788119826920333E-5,9.833865131459116E-4,1.0772059773166918E-5,1.9618764153313157E-5,9.925900825240931E-5,1.6516190098451387E-4,2.4360280477946056E-4,3.164258165742815E-5,1.8815557344525446E-5,0.008784868513603522,0.0074698802714064675,1.8677182465148626E-5,3.502608081963481E-5,0.008757360200542583,0.001157617416155971,1.8525134051007748E-5,1.047823232410517E-4,2.5488495445987717E-5,7.793915431203692E-5,0.01915354584423026,6.820914907870111E-5,8.408872588214359E-5,3.257785314019684E-4,4.8817871382539235E-5,1.1144766210776552E-5],[0.0015240071467840675,2.577560413852014E-4,1.8205180445863826E-4,2.218770764695184E-4,2.984218467948978E-4,2.866091065258117E-4,2.6832319557428886E-4,1.6781396789340914E-4,1.0,2.487966852286648E-4,2.0061217984367825E-4,1.746019215593074E-4,7.979641843501579E-4,3.962566447409646E-5,0.0015266858704424025,2.806006695848907E-4,8.880152653270282E-4,1.1727739619412981E-4,1.8655525300303996E-4,0.012815609229859982,2.9216375012429917E-4,2.066301779080059E-4,0.003650363094878832,2.0914072237450976E-4,7.504763290978445E-4,7.391034332625481E-4,8.772922103248103E-4,2.8380265110805516E-4,2.2268977006756682E-4,0.013583928718232297,4.647657067189531E-4,0.006722097146477958,0.00175715544969737,2.6820259129520425E-4,9.074291364655628E-4,2.7219786600474335E-4,2.690148394430628E-4,1.9572165080135046E-4,2.905573187954788E-4,0.0012213676594777796,2.618059557717989E-4,1.314670512310413E-4,0.007447341055118906,0.008747171907083923,6.477248559658471E-5,2.553182266131962E-4,0.013060931846426519,7.513570800070228E-4,2.3587952909566621E-4,1.1025215583481654E-4,2.6985320455419327E-4,1.9574963105090478E-4,0.03819360065570615,2.2380940227507767E-4,2.516467097150384E-4,0.0014128683634870023,2.8964176044482624E-4,2.7998941807382948E-5],[6.472921124751038E-4,1.7573730237648965E-4,1.683897116387599E-4,1.4745143392655346E-4,2.0102770007974152E-4,1.977496323930027E-4,1.470499957414488E-4,1.1798872546452959E-4,2.487966852286648E-4,1.0,1.663379511165229E-4,1.650646033619821E-4,0.0018605848312343097,1.1363118601173345E-4,0.0024978048809630674,2.620236685672581E-4,5.499471730026574E-4,1.6701525051052038E-4,1.7567947007410481E-4,0.008303146882149545,1.8846700895686828E-4,1.6063913508858454E-4,0.0023351664957531677,1.604474093024777E-4,5.794981138767439E-4,7.242422790688818E-4,3.626703395676854E-4,4.683442165534626E-5,1.2886446738706703E-4,0.004030763484892449,4.184754015440224E-4,0.012092584900629654,0.006223337534938077,1.5777557966385947E-4,5.84727034294156E-4,1.6761932760898506E-4,1.600705691846098E-4,1.7900732227332198E-4,2.8604312137024863E-4,0.0010498304002895188,1.1969997220340569E-4,3.98864752329521E-5,0.008578087290595652,0.00877235046156,8.379882136406936E-5,2.0570813235301738E-4,0.005316642097521667,0.0016749381588726244,9.519305364183457E-5,1.7461891292675083E-4,3.3559047665678894E-5,1.764900177277677E-4,0.046553851088602945,1.7720779320857356E-4,1.564220974052734E-4,0.0010213950275885471,1.5419398093573483E-4,1.689558987535282E-4],[2.697842428708502E-4,1.3307365827295683E-4,1.4713504678413072E-4,1.0800208840243354E-4,2.4014912366965437E-4,1.9007303366036114E-4,1.2211422841976096E-4,1.0248686098891244E-4,2.0061217984367825E-4,1.663379511165229E-4,1.0,9.394208135018413E-5,1.711492405727637E-4,1.158732608318295E-4,0.002878942733715633,1.8893973072297082E-4,6.310047056349248E-4,1.0791842748486403E-4,1.5484281190408813E-4,0.008193471285000996,1.2910189583216746E-4,1.3369866299093393E-4,0.0041348945422759265,7.462537074134164E-5,1.918398144478611E-4,2.3819339360097732E-4,6.82032720146482E-4,9.48582989860721E-5,5.087608129311187E-5,0.01991841016497447,9.263161312402993E-4,0.0012503938949701263,0.003633261275989309,8.109646637758351E-5,6.368853227106129E-4,1.661132875640246E-5,4.564584594590735E-5,1.2110967388746513E-4,1.9610124900622613E-4,6.758530547027678E-4,1.2154715149765172E-4,7.411695848369331E-5,1.3853379037088987E-4,0.003034979425405206,1.0634599994115233E-4,1.8897605765327922E-4,0.0048654704846016845,0.0017688557453901029,2.392784521383145E-5,1.1287166115961435E-4,6.660105682060246E-5,1.2341435257887654E-4,0.02898369726979921,1.1656877298647261E-4,1.2640611104422551E-4,0.0014364996864419538,1.173055459474917E-4,9.339578617269346E-5],[0.0017478886930656057,1.6453210458448574E-4,1.1330686200212414E-4,9.406318015571498E-5,2.6680756698692083E-4,9.217834736731457E-5,9.0675342523256E-5,7.620330161385427E-5,1.746019215593074E-4,1.650646033619821E-4,9.394208135018413E-5,1.0,0.002289578255109947,5.615307280064247E-5,0.001993457832149919,1.7717548942160227E-4,6.681187351845979E-4,9.672237368532732E-5,1.5984519383776695E-4,0.007363272989231472,1.8123727266752628E-4,1.0797955480470523E-4,0.014947705217965705,3.525982748130613E-5,7.228544515949497E-4,0.0018521911597632612,9.497161639012913E-4,6.958478637081242E-5,3.823712260363849E-5,0.006219067155608302,0.0012835863411936003,0.005811343649684766,6.53657860247634E-4,6.04200137884437E-5,8.233014994802998E-4,2.878126358432864E-5,5.3893237247182065E-5,9.307930567268411E-5,2.650436854409403E-4,2.89887273481493E-4,5.608384712497657E-5,2.931414237448259E-5,0.00443274876405176,0.003844379877405601,3.1209429959988124E-5,2.349988225749506E-4,0.007707516358713339,1.5764658984760132E-4,7.447793927911515E-5,9.929355826743376E-5,6.207588411158302E-5,1.3793381338030232E-4,0.005131050171512857,9.533919621186883E-5,1.3564150177813324E-4,4.4640375136593654E-4,8.747104981711546E-5,6.802908941532891E-5],[0.003475361649102956,0.003980181629136201,0.0025378567764082266,0.0027180438218762913,3.6160869310955925E-4,0.0036999747286813713,0.0014002287676313995,0.0017113499948919787,7.979641843501579E-4,0.0018605848312343097,1.711492405727637E-4,0.002289578255109947,1.0,0.0011212659016417337,0.0032695965655634264,3.660064176117685E-4,0.0018542036329943583,3.0963327360906663E-4,0.0019527402113701754,0.012030451039368811,0.0036807474700471785,0.0031854205276259325,0.004766831506007951,0.001908662917457448,0.0027859039917297783,0.0038048547478988608,0.0019468736919027935,0.003770098685625267,0.0029897900585401428,0.015887449520447357,0.0037311980990616823,0.010242505971492967,0.0048148491695431325,0.0019520907706882162,0.00384706210247574,0.001902863078156978,0.0024492663974828156,0.002045472511878145,0.0015396373891720758,0.0035791669484754466,8.007809132298843E-4,0.0017754183923046622,0.010449268555297566,0.006028083484099238,5.916263310580808E-4,0.002547614870816429,0.007873900105195503,0.0029160883206992665,0.0026460733776359656,1.233870859835211E-4,0.0010428911940516725,0.0018606669925406176,0.03625389546215381,0.0010711562689650705,0.00175757730100881,0.003194858279533433,0.0033216966203264402,0.0029434681837927743],[0.0027529035848793317,1.2006265456393753E-4,6.801435627276378E-5,5.815790938295649E-5,1.0526925190722053E-4,8.996916259493578E-5,8.57469952335765E-5,1.8540981367907235E-5,3.962566447409646E-5,1.1363118601173345E-4,1.158732608318295E-4,5.615307280064247E-5,0.0011212659016417337,1.0,0.0024087815116685674,1.575590018760232E-4,4.0624656290977904E-4,5.114173643098079E-5,1.284239779892885E-4,0.007830490064069945,1.2246365429405585E-4,1.2031329398409911E-4,0.011081190331044247,1.947365955821397E-5,5.851998272968174E-4,7.152256800232571E-4,1.5238423207594972E-4,1.324496292477837E-5,2.0209598930694942E-5,0.025386051599391904,9.763051835421029E-4,0.004311925248285744,0.004496558377551151,1.917391420781227E-5,7.004038952438876E-4,1.6389399246942247E-5,2.7011027543969414E-5,6.494618918849145E-5,6.354313963955563E-5,3.812741089448969E-5,2.761143502180288E-5,1.4288845993254177E-5,0.0064923407181343915,0.004824262153159855,1.3513540117895637E-5,1.0407078694244557E-4,0.012464166744614136,0.0011181908779188104,1.84270309527953E-5,1.0259498729905095E-4,2.0283181523770592E-5,1.0513505574399663E-4,0.025092107749777163,2.4428631606126904E-5,1.1594823937466631E-4,4.873004974326909E-4,2.438178765522113E-5,1.5028724494786207E-5],[0.003033382736636454,0.00225089147070071,0.0025227766259666735,0.0021165011474293294,0.0016500939183933102,0.0030015836104753902,0.0027146190854231873,0.002850795271515758,0.0015266858704424025,0.0024978048809630674,0.002878942733715633,0.001993457832149919,0.0032695965655634264,0.0024087815116685674,1.0,0.0011917425761710542,0.0016951062355600015,0.00137921746924812,6.446397907968992E-4,0.009922088274887154,0.0028340813174007246,7.075217897844516E-4,0.004599360177920983,0.002923372203579548,0.0015602972883108758,0.003105463429544288,0.0013926798995975854,0.0019400646557753889,0.002474153383378808,0.025703044135400963,0.0020138044026429503,0.0085321244855443,0.005860007563327675,5.125578443479869E-4,0.0014276741300159785,7.036533626774114E-4,5.318892492575438E-4,0.0010648710925526448,0.0017017004433745471,0.0024922061789439064,9.646997566119867E-4,0.001713577202379262,0.0036664960172233417,0.0066333958403459025,6.839189350974683E-4,0.0014643222492305076,0.009466538260776558,0.0029895213187698137,7.769519910294216E-4,0.0010758325737621572,9.284189786819636E-4,0.0014149882164459335,0.03069568819511987,0.001801586502296339,0.0014970108151910037,0.00252994667173706,0.0013388911152506279,0.0028531705024329125],[0.002628767854428901,1.8224712699208825E-4,2.2911548618308994E-4,2.1314883023877213E-4,2.93231971605666E-4,2.414778627396149E-4,2.1792959131821041E-4,3.8196532316833535E-5,2.806006695848907E-4,2.620236685672581E-4,1.8893973072297082E-4,1.7717548942160227E-4,3.660064176117685E-4,1.575590018760232E-4,0.0011917425761710542,1.0,9.54559576288023E-4,2.0701345742193364E-4,1.7798072928621063E-4,0.007151681840902463,2.6048452747448917E-4,2.1631237829316058E-4,0.008751690297590568,5.836990812031198E-5,4.0060868220690994E-4,0.001525173849572739,5.890978812438792E-4,9.023076307577147E-5,1.7088740481565224E-4,0.0053639393948357005,9.117137151659033E-4,0.003932344844066142,0.0015329197553501726,2.7105426659993707E-4,5.492810365804914E-4,1.8473770560213315E-4,1.3972125699731456E-4,2.4943207183407277E-4,2.8224019199428685E-4,0.0011519605047312811,8.391074045188053E-5,2.3923405287544838E-4,0.006065856977152929,0.0027548336875654836,1.9109188111918405E-4,2.750024248835856E-4,0.0074657553609669206,8.623688718479557E-4,2.492887863774732E-5,1.7634280598227486E-4,1.085104667110956E-4,1.8633823522356464E-4,0.04850385368843697,1.5689276681620293E-4,1.7128287311268624E-4,4.0968984882915727E-4,1.0560821567617997E-4,2.293613302179321E-5],[0.0017193142630792183,0.0015308264740181324,0.0013139818555500276,0.0013024091555975956,4.939641046526748E-4,0.0010403947548983238,0.0012209314299603145,0.001483929903416783,8.880152653270282E-4,5.499471730026574E-4,6.310047056349248E-4,6.681187351845979E-4,0.0018542036329943583,4.0624656290977904E-4,0.0016951062355600015,9.54559576288023E-4,1.0,0.001414473077149881,1.897788305556075E-4,0.010894304195192417,3.224826058010192E-4,0.0013950656146713414,0.011459922296033377,0.0014039586709696133,0.0013718196630949702,0.0022090091462853355,0.0013039217223285715,7.66904779592148E-4,0.0015862001533181905,0.004248895338465397,0.00134807489598189,0.0058032110334164735,0.004554261612909925,0.0012873271367861625,0.0010083331263024845,0.0013881635619277723,9.734386316590198E-4,6.732538204192563E-4,0.001619431574915458,0.0013223587462640538,0.0013570541016478242,4.8457558834756777E-4,0.008582779955060982,0.006182991310646549,3.3715300592047253E-4,0.0015659509284643221,0.007728126367237314,0.0017534167905967246,0.0011503196454651686,2.0693261987833972E-4,2.0381850974336889E-4,0.001309692605387781,0.026210444743118008,5.498124697696505E-4,8.467468517342096E-4,0.0015899991157847391,4.030512487250022E-4,3.2022492129326474E-4],[0.0010245126209704727,1.1302457865711404E-4,1.2922000869633723E-4,1.0643371762359557E-4,1.1335349038055615E-4,1.275807969475456E-4,1.1140924889766844E-4,8.252544968285753E-5,1.1727739619412981E-4,1.6701525051052038E-4,1.0791842748486403E-4,9.672237368532732E-5,3.0963327360906663E-4,5.114173643098079E-5,0.00137921746924812,2.0701345742193364E-4,0.001414473077149881,1.0,1.4267464765444998E-4,0.006751748294558333,1.8256097832917287E-4,1.4795004871863494E-4,3.080433110018629E-4,7.47461712019244E-5,5.657006835351127E-4,0.002862652858472163,0.0010353331239915191,9.97066273877457E-5,1.0384659382543413E-4,0.02036021509263604,7.495963357702989E-4,0.012430206986186703,0.0015841580389792031,9.975573134006496E-5,6.204753122392209E-4,1.3832585029307707E-5,4.289847292554581E-5,1.1180846785135789E-4,1.5313656300836978E-4,4.0236997333835617E-4,5.7076751910808336E-5,2.8394392137055642E-5,0.003602016394572612,0.00901792973906776,8.943899687502333E-5,2.0909611699574795E-4,0.007482752108509262,7.899254800339102E-4,9.659752362823022E-5,1.0557542419972754E-4,1.0039003792886738E-4,1.53024623183563E-4,0.008104200157337964,1.0843365275745349E-4,1.3359544317009968E-4,8.855981579653236E-4,9.434832608792295E-5,6.732740056005236E-5],[0.001901212738166317,1.6223545364088825E-4,1.5744086177126308E-4,1.2457235072776802E-4,2.9965800095799536E-4,2.0035138410350937E-4,1.2860415109141275E-4,1.6030409872505924E-4,1.8655525300303996E-4,1.7567947007410481E-4,1.5484281190408813E-4,1.5984519383776695E-4,0.0019527402113701754,1.284239779892885E-4,6.446397907968992E-4,1.7798072928621063E-4,1.897788305556075E-4,1.4267464765444998E-4,1.0,0.004642824376309,1.8894967868681497E-4,1.5629449690652734E-4,0.004520434281885119,1.5670613298618272E-4,6.778048013053861E-4,8.072833834102311E-4,4.924997623647435E-4,5.4883401801231334E-5,7.788452964262567E-5,0.021324107683136948,5.581735491327255E-4,0.01039959363693201,1.9137962703454542E-4,9.010768903392952E-5,6.597891767055339E-4,1.3802092373607432E-4,1.4357981117095966E-4,1.2152242092783459E-4,2.7057690464875296E-4,7.879457177269553E-4,7.146503128907839E-5,6.173684855341495E-5,0.008694985905044257,0.006754649519324875,1.5403170505460864E-4,2.0474485031004726E-4,0.006544878176403586,6.717180285150941E-4,1.0418762921395698E-4,1.3599416574191635E-4,1.5620074729232454E-4,1.5645548042095487E-4,0.03000226090972436,1.129642339100918E-4,1.5101879141080768E-4,2.9272114422234974E-4,1.0752822921321333E-4,7.130867411337546E-5],[0.009711726120655741,0.010316256876260806,0.011647424661839103,0.006579920213409261,0.012431180809505662,0.0016718686625759095,0.006181296454769274,0.00598391202560108,0.012815609229859982,0.008303146882149545,0.008193471285000996,0.007363272989231472,0.012030451039368811,0.007830490064069945,0.009922088274887154,0.007151681840902463,0.010894304195192417,0.006751748294558333,0.004642824376309,1.0,0.006296622634807243,0.0022656084694303636,0.015169631368005787,0.005156262262704452,0.0066830103383455925,0.006898633003096687,0.005566419230469785,0.0013931774348289803,0.009796935456979676,0.013186850430277803,0.005282717266066964,0.012919237728391483,0.012104540688258017,0.010957618412402816,0.0074045112789682685,0.004390720701517262,0.0032219657478530206,0.0022000689740615106,0.004734086284808795,0.01272668089639362,0.009320620218011716,0.012479490134016948,0.011592268979718363,0.011154157224621672,0.008234931559513634,0.0032803060013192253,0.013172042499727768,0.011592707062573884,0.005552056481672435,0.010034817369752242,0.008795685970235943,0.004754503862390175,0.020791992193516858,0.008291067266822784,0.002694754400872901,0.00504345648529253,8.483871528048071E-4,0.010399721520542062],[6.84199035974928E-4,1.8994419403172176E-4,1.883320562525714E-4,1.6327746866877903E-4,2.1701262445398794E-4,2.1264137134462325E-4,1.3979915454970663E-4,1.375531937984712E-4,2.9216375012429917E-4,1.8846700895686828E-4,1.2910189583216746E-4,1.8123727266752628E-4,0.0036807474700471785,1.2246365429405585E-4,0.0028340813174007246,2.6048452747448917E-4,3.224826058010192E-4,1.8256097832917287E-4,1.8894967868681497E-4,0.006296622634807243,1.0,1.8081266057934928E-4,0.0107394185360533,2.2706492775813328E-5,2.734755028421949E-4,0.0021104254249763965,8.870978022878624E-4,1.1858039897769334E-4,1.160388988716809E-4,0.02335995066712944,3.458831405294034E-4,0.009455791797059437,0.006134756542896257,9.112103267158031E-5,5.484584751016862E-4,1.467338271581829E-4,1.6296981854076756E-4,1.7444645570571538E-4,2.3069727226435833E-4,9.766757854351182E-4,1.8068684914946748E-4,1.803256043560553E-4,0.0038419055619669734,0.008063506771966183,2.0411872895896723E-5,2.0764318225580653E-4,4.4609277651107455E-4,3.8521128420023403E-4,1.6722491612063795E-4,1.0557435660883293E-4,7.31102483579881E-5,1.6303338714240237E-4,0.002531555728473018,1.668268588427508E-4,1.7698032424185358E-4,0.001150079797002265,1.360496625003694E-4,1.8154579563165181E-4],[0.00139633402111933,1.6015217172182878E-4,1.5118456923397862E-4,1.2330454174375014E-4,2.85666489178628E-4,2.1481811130211998E-4,1.3820247340575782E-4,1.1608572851929977E-4,2.066301779080059E-4,1.6063913508858454E-4,1.3369866299093393E-4,1.0797955480470523E-4,0.0031854205276259325,1.2031329398409911E-4,7.075217897844516E-4,2.1631237829316058E-4,0.0013950656146713414,1.4795004871863494E-4,1.5629449690652734E-4,0.0022656084694303636,1.8081266057934928E-4,1.0,0.011238800636166222,1.0643916839347907E-4,8.308099329283813E-4,0.002204396687422462,8.991014547905399E-4,5.204018607564221E-5,5.424691774890246E-5,3.7041251636666837E-4,0.0012446961321614953,0.011850702497082017,0.005019281206992971,9.464482563688895E-5,3.9444622997002307E-4,2.6924120491960514E-5,4.651929217130247E-5,1.3272232428770297E-4,2.195846030510928E-4,2.0193492790314356E-4,1.2093892658869196E-4,5.248063178783183E-5,0.001353585111598681,0.0025696808626878165,7.915055493532587E-5,2.018622190894479E-4,0.007942715851498632,7.111420436227759E-4,7.719180553376796E-5,1.474920860900139E-4,3.858645232391319E-5,1.5609063944202077E-4,0.043705361085962596,1.2950919773289555E-4,1.3748779825639948E-4,0.0013520740120006238,1.0971993686113734E-4,3.990192420201381E-5],[0.014589467170780933,0.0045326602036335805,0.007604663257765455,0.0022437203662248398,0.008893547161338498,0.00431249369229952,0.014414175501113041,0.015377225379941479,0.003650363094878832,0.0023351664957531677,0.0041348945422759265,0.014947705217965705,0.004766831506007951,0.011081190331044247,0.004599360177920983,0.008751690297590568,0.011459922296033377,3.080433110018629E-4,0.004520434281885119,0.015169631368005787,0.0107394185360533,0.011238800636166222,1.0,0.008027166295539854,0.011418635237704268,0.0034376053419733284,0.0012129743196766852,0.00461349897893539,5.95127012482597E-4,0.025052770599191355,0.005681530334670681,0.014211107056282833,0.006984197568405185,0.0029535713695020317,0.003637231441600465,0.0018178239743735349,0.012556967548919204,4.141373319096278E-4,0.006226063427157057,0.015757051163376872,0.00748960392494639,0.010586716655652306,0.011776252171150466,0.014884306439222407,0.01165710647103761,4.557239654387436E-4,0.015906818606409464,0.011211030731255851,0.014715632027427287,0.014019129690438647,0.0027750319557251256,0.015894730484782762,0.028680641400706464,0.008076861675334956,0.007432288443778932,0.0053239823572314975,0.015762537399183138,0.005039711588328914],[0.002898993029532716,7.441227280745975E-5,3.445717108335057E-5,7.320347923105294E-5,1.4805111066516327E-4,7.564150072331145E-5,9.17500334185174E-5,1.9431662823608958E-5,2.0914072237450976E-4,1.604474093024777E-4,7.462537074134164E-5,3.525982748130613E-5,0.001908662917457448,1.947365955821397E-5,0.002923372203579548,5.836990812031198E-5,0.0014039586709696133,7.47461712019244E-5,1.5670613298618272E-4,0.005156262262704452,2.2706492775813328E-5,1.0643916839347907E-4,0.008027166295539854,1.0,7.957004039684628E-4,0.0012985108336320643,5.008261435471771E-4,1.090919378655737E-5,2.1658252300646302E-5,0.013338444994324457,0.001217358294542087,0.00989809225580533,0.002606163575969001,2.089442466715544E-5,5.111745116689771E-4,1.9458142710271347E-5,2.7483708194976194E-5,8.352539023636907E-5,1.534372447136998E-4,5.494149743046951E-4,3.0106554690048294E-5,1.6447841259105597E-5,0.006832572845948632,5.849611490380839E-4,2.0192726167780244E-5,1.583629330561464E-4,0.013278922582247615,7.398817814425638E-4,2.023978748596069E-5,6.0655067790884717E-5,2.8692429531119286E-5,6.16328202460134E-5,0.043843655334385084,4.7882867143600604E-5,8.418025897822997E-5,4.7527563931929666E-4,8.232850353304573E-5,1.7590615435810034E-5],[9.632780369147366E-4,5.907015337577482E-4,8.509178107039126E-4,2.7162442856487677E-4,5.666865914571031E-4,5.153543893930941E-4,7.896708121232703E-4,2.690414363699499E-4,7.504763290978445E-4,5.794981138767439E-4,1.918398144478611E-4,7.228544515949497E-4,0.0027859039917297783,5.851998272968174E-4,0.0015602972883108758,4.0060868220690994E-4,0.0013718196630949702,5.657006835351127E-4,6.778048013053861E-4,0.0066830103383455925,2.734755028421949E-4,8.308099329283813E-4,0.011418635237704268,7.957004039684628E-4,1.0,0.0023065840948127943,9.744243293149727E-4,4.401657458125311E-4,6.474518430136775E-4,0.014793295172342796,0.001103332355313678,0.008321942704876259,0.0015559617001409442,6.727177489581717E-4,9.657560058128643E-4,9.848684932949612E-5,8.378267151790684E-4,8.508571697544348E-4,3.97111332855847E-4,0.0012089080744004266,8.141505407735501E-4,1.0401918774766351E-4,0.010654061602816055,0.008317293807074085,7.622123776839557E-4,2.4468740052976175E-4,0.013340281198888429,8.842953345748455E-4,7.921889850606833E-4,3.594922219020596E-4,6.70612224826442E-4,4.24583031509761E-4,0.045438921601218485,4.076928474362612E-4,3.500487795625437E-4,0.0012768579858300482,5.797710708828141E-4,1.0323504022283476E-4],[0.003032714337158921,0.0018463814894161532,0.001283111351248028,0.001858345620837342,0.0015422426172564145,9.125000275837072E-4,0.001512912885918064,2.448267310699963E-4,7.391034332625481E-4,7.242422790688818E-4,2.3819339360097732E-4,0.0018521911597632612,0.0038048547478988608,7.152256800232571E-4,0.003105463429544288,0.001525173849572739,0.0022090091462853355,0.002862652858472163,8.072833834102311E-4,0.006898633003096687,0.0021104254249763965,0.002204396687422462,0.0034376053419733284,0.0012985108336320643,0.0023065840948127943,1.0,0.002058883506493149,0.0020623651279208562,7.068403278494364E-4,0.005987849432684482,0.0027754140741858345,0.005007508730324662,0.004242303526175892,0.001996099595085383,0.0023556669598304575,0.0025246626945426886,0.0013607761665549102,0.0029047828040936214,0.0018527817754613225,0.00280595937352236,0.0013580152354256227,0.00265969450112299,0.004211106091249856,0.005572083745688206,0.0011064838688021987,0.002010149028269415,0.010618371596508937,0.0025350121280826986,3.0916060980749633E-4,0.0026812230884297257,0.002774323427624032,6.277811642180096E-4,0.033128459780787066,0.002067075208909379,0.0014750019834580338,0.0018232743956112503,1.269170094609609E-4,9.522619452222064E-4],[0.002718284339316062,8.859281455842503E-4,2.44310832412411E-4,9.289657126660206E-4,7.244418686830754E-4,0.0010226322436380263,6.567047808215977E-4,2.3334266392692994E-4,8.772922103248103E-4,3.626703395676854E-4,6.82032720146482E-4,9.497161639012913E-4,0.0019468736919027935,1.5238423207594972E-4,0.0013926798995975854,5.890978812438792E-4,0.0013039217223285715,0.0010353331239915191,4.924997623647435E-4,0.005566419230469785,8.870978022878624E-4,8.991014547905399E-4,0.0012129743196766852,5.008261435471771E-4,9.744243293149727E-4,0.002058883506493149,1.0,4.976248518513099E-4,9.23029658529357E-4,0.010955768811814162,0.0012045912082602325,0.008078456117993621,0.0053584310915800945,4.4550442565291493E-4,0.0010300387532677885,7.008834290293391E-4,7.382670089399983E-4,7.875254219840041E-4,5.453893817867848E-4,0.0012184645434970694,7.126820190971586E-5,8.534360311406388E-4,0.007051824000368325,0.007737954095372125,1.144023693570448E-4,4.203347384332891E-4,0.0017082575096286742,0.001623807178907265,0.0010779479235538182,2.3780905050016163E-4,6.989812197855035E-4,6.175087338074834E-4,0.04907729053440969,0.001003338963888897,4.744029198397079E-4,0.0012166920582691305,2.601984496201721E-4,0.0010567483432589785],[0.002297762384604218,1.4098623331756984E-4,1.0306612444779062E-4,1.0413283118730762E-4,3.013182675214073E-4,6.233616107155339E-5,4.895985620043655E-5,1.660081145097527E-5,2.8380265110805516E-4,4.683442165534626E-5,9.48582989860721E-5,6.958478637081242E-5,0.003770098685625267,1.324496292477837E-5,0.0019400646557753889,9.023076307577147E-5,7.66904779592148E-4,9.97066273877457E-5,5.4883401801231334E-5,0.0013931774348289803,1.1858039897769334E-4,5.204018607564221E-5,0.00461349897893539,1.090919378655737E-5,4.401657458125311E-4,0.0020623651279208562,4.976248518513099E-4,1.0,2.5090020835709218E-5,0.007686264384883527,5.748592707236471E-4,0.0068555805680862655,0.006366002986470476,1.498711102929888E-5,9.116040492011658E-4,1.0694389313889696E-5,1.3325630447692368E-5,7.60705925335491E-5,2.552627076463301E-4,5.600941303216163E-4,3.848281961668871E-5,1.3264935246426477E-5,0.002527637324340981,0.004279359489290779,1.1175728231879857E-5,1.8508574223874018E-4,0.008628992702885805,8.381132510603416E-4,1.7729633009967434E-5,5.171710229851345E-5,1.6114264507999032E-5,1.5139495821847186E-4,0.0037511979582883553,2.1100458947652578E-5,7.622063479200294E-5,6.737414816017444E-4,2.958777061086169E-5,1.100848281680594E-5],[0.0010180958709422748,8.163140604707515E-5,1.0832576253820209E-4,4.6472744943885215E-5,1.3081358961215266E-4,6.876743276740235E-5,6.708053618202279E-5,2.257650754715304E-5,2.2268977006756682E-4,1.2886446738706703E-4,5.087608129311187E-5,3.823712260363849E-5,0.0029897900585401428,2.0209598930694942E-5,0.002474153383378808,1.7088740481565224E-4,0.0015862001533181905,1.0384659382543413E-4,7.788452964262567E-5,0.009796935456979676,1.160388988716809E-4,5.424691774890246E-5,5.95127012482597E-4,2.1658252300646302E-5,6.474518430136775E-4,7.068403278494364E-4,9.23029658529357E-4,2.5090020835709218E-5,1.0,0.021054609451596727,0.0011570444390855733,0.003521264457762497,0.005946394179778215,2.1533541383630456E-5,4.397282148796085E-4,1.2324220139734264E-5,3.2170785351802076E-5,3.72520910882182E-5,7.992043766630582E-5,6.529219930657621E-4,3.0319722234031836E-5,1.4765355722369904E-5,0.0040937472336119015,0.002699604279589378,2.4361018779690625E-5,1.3720349273138891E-4,0.01335768951052812,0.0014245703845655595,2.062235299560726E-5,5.007787500523011E-5,3.073255573766306E-5,1.0241800254975726E-4,0.0012465994582004183,4.973559058016489E-5,3.072508445004614E-5,8.831657459288473E-4,8.500863894692458E-5,2.641347301453243E-5],[0.014687720581394116,5.723036520016462E-4,0.004346350891967264,8.21907894354966E-4,0.011314698806405612,0.008211536452483167,0.024214656465833814,0.005520777307225153,0.013583928718232297,0.004030763484892449,0.01991841016497447,0.006219067155608302,0.015887449520447357,0.025386051599391904,0.025703044135400963,0.0053639393948357005,0.004248895338465397,0.02036021509263604,0.021324107683136948,0.013186850430277803,0.02335995066712944,3.7041251636666837E-4,0.025052770599191355,0.013338444994324457,0.014793295172342796,0.005987849432684482,0.010955768811814162,0.007686264384883527,0.021054609451596727,1.0,0.01109539960047808,0.018838609089133432,0.01085564890752264,0.007387248427187369,0.01076100765252179,0.016027613588157123,0.017908477745036348,0.0012665695919075982,0.010284182144162568,0.010578149648805933,0.016704926210316474,0.025578065254755183,0.011617627979842133,0.018688350696236943,0.012714268038256333,0.010409447855049847,0.02532999181136271,0.021219781177653826,0.003916525242686822,0.011182636784900066,1.888740471938944E-4,0.01385557190692555,0.029458977427640833,0.0202403537035944,0.004149748479852457,0.014175368874447196,0.011748495884010793,0.010078789844692187],[0.0023357798481227873,5.77689723557401E-4,1.6345774393861575E-4,5.78643369609694E-4,0.0010274455780614413,5.836409358495735E-4,0.001243334811017016,3.650890395731598E-4,4.647657067189531E-4,4.184754015440224E-4,9.263161312402993E-4,0.0012835863411936003,0.0037311980990616823,9.763051835421029E-4,0.0020138044026429503,9.117137151659033E-4,0.00134807489598189,7.495963357702989E-4,5.581735491327255E-4,0.005282717266066964,3.458831405294034E-4,0.0012446961321614953,0.005681530334670681,0.001217358294542087,0.001103332355313678,0.0027754140741858345,0.0012045912082602325,5.748592707236471E-4,0.0011570444390855733,0.01109539960047808,1.0,0.013009263191091129,0.003966079071188775,0.0012036841762812275,0.0011516819989630612,3.42675202390573E-4,7.257166901107801E-4,0.001129872727202776,0.001204036653907183,0.0012794766660006198,9.125547540514952E-4,0.0012247216484223746,0.006132619121039801,0.005104925855163806,7.106997196688575E-4,7.568158121429479E-4,0.010384382771905884,0.0015316366241778442,4.2245050231090744E-4,8.392623587032552E-4,8.773069119176102E-4,7.990449406632499E-4,0.02948728050941916,4.854130286436392E-4,6.994104981722293E-4,0.001416955057243662,0.001233913880436824,8.636630316913859E-4],[0.008511629615314664,0.009301790692163022,0.004297268778465725,0.0035085669930336435,0.010303457074822069,0.013045496441586223,0.012576956667120616,0.001972957087144098,0.006722097146477958,0.012092584900629654,0.0012503938949701263,0.005811343649684766,0.010242505971492967,0.004311925248285744,0.0085321244855443,0.003932344844066142,0.0058032110334164735,0.012430206986186703,0.01039959363693201,0.012919237728391483,0.009455791797059437,0.011850702497082017,0.014211107056282833,0.00989809225580533,0.008321942704876259,0.005007508730324662,0.008078456117993621,0.0068555805680862655,0.003521264457762497,0.018838609089133432,0.013009263191091129,1.0,0.008954098428235484,2.495496484775626E-4,0.013031010444579341,0.009183217674513787,0.006643472185744685,0.013037384541419766,0.012731676897300937,0.0014145860717586943,0.009740269003164034,0.0039007406158048596,0.012607623308780612,0.011409679371645777,0.011808975834981143,0.0055950930262622794,0.013181513456238494,0.005833131866906444,0.00802127411817395,0.00970196584091732,0.0022004023375297105,0.011374137817403492,0.05283983827277927,0.007522805006030366,0.0110119591469837,0.0032134715673826425,0.01080581598946002,0.008246864203062415],[0.005017119741291116,0.0033995385535890705,0.001379592569733718,0.001343147955243575,6.586046924455752E-4,4.2892291266994926E-4,9.193320739737983E-4,0.002859528644801109,0.00175715544969737,0.006223337534938077,0.003633261275989309,6.53657860247634E-4,0.0048148491695431325,0.004496558377551151,0.005860007563327675,0.0015329197553501726,0.004554261612909925,0.0015841580389792031,1.9137962703454542E-4,0.012104540688258017,0.006134756542896257,0.005019281206992971,0.006984197568405185,0.002606163575969001,0.0015559617001409442,0.004242303526175892,0.0053584310915800945,0.006366002986470476,0.005946394179778215,0.01085564890752264,0.003966079071188775,0.008954098428235484,1.0,0.002993924839649289,0.005262668180520331,1.0072530968224953E-4,0.006139777378796524,0.006008763373825195,7.675052995190306E-4,0.0019934496682189806,1.8820833898106987E-4,4.2931542727122046E-4,0.009315692735938883