[[1.0,1.1383014514212934E-4,0.0010283020954823527,0.008905313905436984,0.0010575444752422873,1.4181720762358613E-4,3.3079061225078866E-4,1.0767272226970334E-4,1.4591135657709907E-4,5.651569411455046E-5,1.1488985786941418E-4,1.2549009767478693E-4,0.001421817411979695,0.04151768513991838,0.004931212810914206,1.4200855185901319E-4,0.006582124200797714,0.00443400696279219,2.0597827261076176E-5,2.0400808948485192E-4,9.00115022611321E-4,0.004343946964262494,1.3153392844291573E-4,7.484485078394907E-4,1.019756518847464E-4,1.3497686142875857E-4,4.342313194773519E-5,4.252524289180793E-4,9.98339738255748E-4,0.0015111765498652034,6.58412561276355E-4,2.6992311676916862E-5,1.4746751092351368E-4,2.7460319624013005E-4,5.686102516882293E-4,0.008102650344166292,4.2169689674223824E-4,0.0014415018543955532,0.006854075377514326,1.2219473237780118E-4,2.081419595595584E-4,1.726243065000377E-4,1.3578214687336328E-4,4.278008516374874E-4,1.353682501088041E-4,0.0019259878065921582,2.2657062425826004E-4,0.0013519887678270126,2.815796192984426E-4,7.844025040577293E-4,6.999965867094472E-5,1.4383362308189245E-4,7.502055371413528E-4,1.8758876209551967E-4,5.2178186477521095E-5,8.923463845506562E-5,9.381068918082264E-5,0.005824764859012025,1.4738549183143383E-4,1.1033697564935972E-4],[1.1383014514212934E-4,1.0,8.574606408973241E-4,0.009895199911834577,9.64225614792436E-4,1.178697913901696E-4,1.658103852680131E-4,9.292150875388813E-5,1.3834348793349214E-4,8.555653505248027E-5,8.351467104267046E-5,1.1568077035154047E-4,0.0039011549906487718,0.017627101618823925,0.0022729395474852224,2.3851097006569308E-5,0.006752374111988973,0.0010411164193407257,7.606016928335262E-5,1.264237211317979E-4,0.0011231350031841293,0.002837078199534729,5.984583035071219E-5,3.1057334385655583E-4,8.88966015146546E-5,1.1650601631262107E-4,8.428185253165186E-5,5.169647364897681E-4,0.0010740578815747756,0.0013573809780596075,2.532291601443248E-4,5.36958794822934E-5,1.4407275938281024E-4,1.5075430808018047E-4,0.013090375381566504,0.002619557276327006,0.0015041400134967182,0.0014663051693563113,0.006231896614678415,8.10580116066143E-5,2.0173007189643798E-4,4.2325245086970376E-4,1.230524042244639E-4,8.702329760541196E-4,1.2155646902106492E-4,0.001233300898507896,2.2107173511026458E-4,0.0010262493634745624,1.6862882673629313E-4,0.0010842666462976419,6.384186494283071E-5,1.2465903121885026E-4,1.2087586638771629E-4,1.6732285479308215E-4,3.891052509255404E-5,1.0598718793132172E-4,1.0156814906683296E-4,0.001029017135198109,1.2972835926376288E-4,1.1078363930242094E-4],[0.0010283020954823527,8.574606408973241E-4,1.0,0.0024467158552449694,0.0016542225759222193,6.013985131387618E-4,0.0010214330802719566,0.0012026773047986998,5.196660934363088E-4,0.001010306933355931,0.0010738491166887494,4.336395833461006E-4,0.0027572610310216735,0.04321787672797881,0.006516444594562977,6.976466921014893E-4,0.00701587270926892,0.0014098519367967601,1.7426772337222134E-4,9.600685785162075E-4,0.0015541643972066912,0.0013310236964890827,0.0011371167118339606,0.0019863027642694187,3.7928439736122885E-4,0.0011958202955630237,4.334527658728444E-4,5.917503289072983E-4,0.0014464763331842206,0.0014243552850456522,0.0012475631952405693,6.419801841393688E-4,6.051219956513014E-4,0.0011106286133572845,0.010950548610856932,0.004679180193115723,0.00321176468743538,0.002192992359735563,0.0026497920140297953,6.633529178083921E-4,0.0011208523147240108,0.0013723656947322016,4.368715215140363E-4,0.0012396146060588199,0.0011450366988902155,0.001661930595180924,4.2704990403330046E-4,0.0018481087922700284,4.3084831458463797E-4,0.0012098181163767844,8.03996803947036E-4,7.705924444831923E-4,0.0010218806168704605,6.835164901442515E-4,0.0012133311821057914,1.0809252182258148E-4,9.746333351406109E-4,0.005971598855789055,7.575373556788457E-4,1.7320027629583672E-4],[0.008905313905436984,0.009895199911834577,0.0024467158552449694,1.0,0.002818647699412745,0.008634538919499772,0.007883247497603352,0.00633926375000417,0.004504070934958966,0.0056355710372096995,0.009204395197901583,0.0020192261018068414,0.005280344766058732,0.03784808219746307,0.01181952687883752,8.500567928584725E-4,0.011341741831524543,0.007392111981582777,0.0035345774150911417,0.009430335027018382,0.004416568505803188,0.008202937459822106,0.007525738263799186,0.00770117824415729,0.003807437512251775,0.0085516884798717,0.0029710180439756735,9.296146923141375E-4,0.0027127146718444197,0.005542127446449641,0.006880886641633591,0.0022433466757489384,0.005030775118650383,0.006192946964462437,0.014062388001940214,0.010237675310198572,0.008972011264521986,0.00544799608774974,0.010063808804563796,0.007540010688458183,0.004681716927999078,0.005542110287886395,0.0016354880379954614,0.004656026717144448,0.005009069418536226,0.008788959958401794,0.0038636215418818474,0.010201644658247484,0.008335388217530378,0.0018245599884193935,0.003556605890334352,0.00243610129083827,0.002675191968278573,6.101426444108418E-4,0.0051702894743350615,3.6615420605968856E-4,0.009303453850781936,0.008933003502798437,0.0020229691237712653,0.007013699921544746],[0.0010575444752422873,9.64225614792436E-4,0.0016542225759222193,0.002818647699412745,1.0,4.2111771940292974E-4,0.0012122202243621423,0.0015964650647195108,2.5923240542943425E-4,0.0018664502026013692,4.2708947740311445E-4,0.0019489580199483162,0.0030997617887632742,0.01387147854217138,0.013221213338244261,8.555332461951887E-4,0.01269872444109108,0.0021470129252407905,9.072409424698562E-4,8.799213784738606E-4,0.0019424367797407965,0.002056817161055877,9.83526651097058E-4,0.0019734564393456026,0.0013464485330432238,0.0019453361855436462,0.0014504386426570756,0.0019520650323185127,0.0017111759452255592,0.0019302943782444726,0.0017864267629116566,0.001821196590682248,0.001449424816875593,3.542991700024069E-4,0.004663588073087833,0.007619940762927025,0.002181061951652551,0.0022034930868044984,0.005802758802559949,0.0013333132130140053,3.5306273468963553E-4,0.0022479248491452486,9.226783223953783E-4,0.0015763101723732696,1.8111574760755069E-4,0.0023827613756939375,0.0013876531156571973,0.001893366624570469,7.864341573348209E-4,0.001895771889440893,6.684835697943602E-4,5.587049103549235E-4,0.0019035562429315176,5.861680257224413E-4,6.927702546684523E-4,1.0187429723147064E-4,0.001122534820516745,0.0028802488324078837,0.0011505287379594263,0.0015827032358529153],[1.4181720762358613E-4,1.178697913901696E-4,6.013985131387618E-4,0.008634538919499772,4.2111771940292974E-4,1.0,5.877465067383308E-4,6.964271340593025E-5,1.4263291299182698E-4,4.0991249422554016E-5,6.941886498310438E-5,1.2369638469982824E-4,0.002832280035066164,0.004871568377629876,0.01227005792221939,7.960310112578218E-5,0.010972950546462875,0.005701120530884012,5.326273738276907E-5,2.3253077064901113E-4,0.0011874248902647888,0.0020170026243933772,1.0699868227707999E-4,4.8787564614061294E-4,9.557749034380767E-5,1.2016041257270931E-4,6.315025273777053E-5,4.1254574678914447E-4,0.001447195805362682,0.0013132976652722248,8.228225134336508E-4,7.628903693586847E-5,1.5547664915793535E-4,3.1276448033145646E-4,0.004920539686280293,0.0017925183124774713,0.0029300556421113823,0.0014757035819586036,4.876945023227843E-4,6.275681553331492E-5,3.0161288267632476E-4,0.0010153345465353416,1.2929092511024224E-4,6.086008111799101E-4,1.269283860406467E-4,0.0018310393183664658,1.9441747654305315E-4,6.170616196428448E-4,1.7356448297604893E-4,8.279910812399477E-4,8.590283431753946E-5,1.3646842605492191E-4,9.805252549405922E-4,1.8965760451840504E-4,1.000661949050033E-4,8.07297077831238E-5,3.0274905318189516E-5,0.0030216973604491374,1.3244601161463925E-4,1.2463004906897935E-4],[3.3079061225078866E-4,1.658103852680131E-4,0.0010214330802719566,0.007883247497603352,0.0012122202243621423,5.877465067383308E-4,1.0,1.884847809450396E-4,5.494161496611977E-4,1.4170266786564387E-4,4.529450188766765E-4,3.828706568910364E-4,0.0014856874584693982,0.017533699945272728,0.002107266669517242,1.3443437961300684E-4,0.005001625536956834,0.002852824288498313,3.140042109143866E-4,6.511958886892539E-4,8.912110070328941E-4,6.875921314449181E-4,5.813330943052232E-4,0.0016254119052250666,2.6759323710670704E-4,2.4332662468304288E-4,5.664610173217893E-5,6.58959892452009E-4,8.207504065511292E-4,0.0015458515957572677,0.001132803272521912,3.1880163532436637E-4,1.855055067279794E-4,5.249154458017039E-4,0.013673157609325552,0.01183633343521464,0.0027592110271381413,0.0022484788475108097,0.007222957288771868,4.6425730519975337E-4,5.18000851417864E-4,0.0017378604251437964,6.317757002560096E-4,0.0010677607763607444,1.7393167343673964E-4,0.0013364559197131596,4.794817701884093E-4,0.0014893689380535797,4.498382943465164E-4,0.0010193864424507192,5.653321011320761E-4,2.7364774374228734E-4,9.94856800043633E-4,4.08124737644464E-4,5.234137799710184E-4,4.09130701583054E-4,5.3119619862600014E-5,0.005770847372326648,4.437972280154983E-4,4.715719162457256E-4],[1.0767272226970334E-4,9.292150875388813E-5,0.0012026773047986998,0.00633926375000417,0.0015964650647195108,6.964271340593025E-5,1.884847809450396E-4,1.0,1.3474733042512734E-4,4.6723811422118434E-5,2.4596839504907166E-5,7.650775888607198E-5,7.989956984405897E-4,0.020026024194837563,0.013235884880205688,4.820004763774893E-5,0.009917924400491525,0.005032675156929245,1.5571176912038666E-5,1.2083308226698585E-4,9.817309679751697E-4,0.0038927862941449238,5.183152220491072E-5,6.247846048764895E-4,4.3029262953240166E-5,8.525249323072345E-5,3.490620359691565E-5,2.745096877084993E-4,5.003431399598243E-4,0.0011242611007935691,7.163227107082336E-4,2.8981276910309664E-5,1.6483757283994882E-4,2.592660316206797E-4,0.002851277217323787,0.01118156988099272,0.0017840303943071818,7.197674377632238E-4,0.002396670903923357,5.1841207602866396E-5,1.0031380533913198E-4,2.591681232991872E-4,7.603917064163633E-5,5.562647799409937E-4,9.626165758173886E-5,0.0010343180458118944,9.48806540890722E-5,0.0014153359034001518,3.2100773564755844E-4,7.281909067554438E-4,5.180733382188018E-5,1.22897767359838E-4,8.233206799352273E-4,1.4008546286094914E-4,4.666414493987813E-5,4.945487504061463E-5,3.5313215187535534E-5,0.0023466709405480964,7.304818635115281E-5,5.419015658427989E-5],[1.4591135657709907E-4,1.3834348793349214E-4,5.196660934363088E-4,0.004504070934958966,2.5923240542943425E-4,1.4263291299182698E-4,5.494161496611977E-4,1.3474733042512734E-4,1.0,5.01302949593549E-5,3.3312673980711724E-5,1.3495223772024264E-4,0.001020054357424267,0.004200428497982221,0.0065296975192711834,3.0094943030338633E-5,0.003675404534161614,0.002478875056520341,1.7608000565571195E-5,2.1217866702376954E-4,0.001621058955554995,0.004042247048469167,6.629030248668567E-5,4.4457472583389666E-4,8.106200842607015E-5,1.3680982774071614E-4,6.703127666272276E-5,4.784777779544524E-4,9.79626979146526E-4,9.967577164339653E-4,4.4347994604847273E-4,6.338737209833644E-5,1.6938077133122224E-4,2.0818333172724156E-4,0.013730405883560884,9.019376608005012E-4,0.0034187796546748753,0.00207536660058953,0.0061715218608011215,1.3353732469520817E-4,2.950303299120126E-4,0.001961032360998457,1.390259633825423E-4,3.839587082792148E-4,1.3579283591118552E-4,0.0019165563873603294,3.069819132877396E-4,8.57649127160018E-4,3.305387988426612E-4,8.530149345559551E-4,1.1062931230633436E-4,1.467910417489146E-4,4.2745504990203615E-4,1.6466061423208776E-4,1.4639924115250155E-4,1.2682964738720912E-4,5.120050409488834E-5,0.005477787693703829,1.476381304435829E-4,1.3403113940636273E-4],[5.651569411455046E-5,8.555653505248027E-5,0.001010306933355931,0.0056355710372096995,0.0018664502026013692,4.0991249422554016E-5,1.4170266786564387E-4,4.6723811422118434E-5,5.01302949593549E-5,1.0,2.6802643328726986E-5,1.0471730966731327E-4,0.0014350676707605718,0.026649360896188714,0.004291758431582464,2.6699987728753564E-5,0.006851604333407261,0.0010709953463155827,1.2232623860024476E-5,1.5676746066347678E-4,0.0012865359600151703,0.004403862116460788,4.954819775456963E-5,3.741595455955567E-4,3.580455195687705E-5,8.312861654043028E-5,2.875779042943278E-5,1.1788383280635336E-4,7.06962574716373E-4,4.8811088027089365E-5,0.0012366986512391985,2.292631337559108E-5,4.0776351015418484E-5,2.395305686694392E-4,0.012008524667007603,0.0075814991920030205,1.3927800745058578E-4,4.603675972416511E-5,0.005763571206911156,4.299655750304744E-5,1.4214412144746225E-4,0.0017929504821906632,3.421984172105235E-5,4.8796446150135224E-4,1.0449950653577727E-4,0.0021942199533868736,2.5550537743263257E-4,0.001550354232719001,7.461564533327335E-5,5.549016673242322E-5,3.4980174097304424E-5,1.0360008512828753E-4,5.081622519512132E-4,9.966608975101144E-5,2.7184450595397924E-5,2.1660087131971196E-5,1.5935519807079198E-5,0.0013376143317577237,3.945842029867193E-5,1.079676614834402E-4],[1.1488985786941418E-4,8.351467104267046E-5,0.0010738491166887494,0.009204395197901583,4.2708947740311445E-4,6.941886498310438E-5,4.529450188766765E-4,2.4596839504907166E-5,3.3312673980711724E-5,2.6802643328726986E-5,1.0,3.6406181751083154E-5,0.003906601940993965,0.04073185217360021,0.0076727739700088934,2.1130265482838132E-5,0.00963145008436218,0.0020687154442308045,1.7377771426638768E-5,6.286307562283605E-5,0.0013471337226862096,2.5659039199008206E-4,4.764429787615818E-5,1.6052386065781559E-4,2.5420865349088254E-5,1.0840167238359003E-4,2.2934654893407235E-5,4.7708118102141376E-4,8.946281992134124E-4,0.001365762849280021,9.714821796462127E-4,1.8136983185770757E-5,1.7063709432245904E-4,2.9354278904022E-4,0.00755645014801751,8.896630865893726E-5,0.001685607120806605,0.0021307910963473354,0.006059023293060351,3.964894421521008E-5,2.4274370458444603E-4,4.543341455927313E-4,1.1812746039566952E-4,4.6109321072668034E-4,1.1584116199467031E-4,8.777482818568137E-4,1.8975045103821833E-4,9.966179623758429E-4,2.890774810222543E-4,9.85456392468834E-4,1.9766550052163492E-5,4.513047766733785E-5,3.7742910004763097E-4,7.25287069072613E-5,1.9283557749679532E-5,1.7929489964997987E-5,1.677213460296896E-5,1.6329676660398914E-4,1.0193432968539959E-4,1.0138731571129892E-4],[1.2549009767478693E-4,1.1568077035154047E-4,4.336395833461006E-4,0.0020192261018068414,0.0019489580199483162,1.2369638469982824E-4,3.828706568910364E-4,7.650775888607198E-5,1.3495223772024264E-4,1.0471730966731327E-4,3.6406181751083154E-5,1.0,0.0028558681684628827,0.007554704542550282,0.002073397754884951,4.6897206093858005E-5,0.005304953700553055,0.0022918663081896305,4.9847777299359466E-5,1.7459434973066286E-4,2.1377882974049243E-4,0.003254472949311804,1.0325254355841164E-4,0.0012566047834660604,1.0328510869073255E-4,1.201910443965398E-4,7.648604443171632E-5,1.7189277229816814E-4,0.0012657826354851459,7.264926098795914E-4,8.906104587283947E-4,3.542475712710302E-5,1.3055723383320465E-4,2.2252988636385136E-4,0.013366965471019216,0.002549659432036687,8.748007439634709E-4,0.0023959943137120397,0.0025892057442709966,1.1865890050513838E-4,1.2439377838667864E-4,0.0015861948748602578,1.223672185521616E-4,9.072535169934525E-4,1.31295930787275E-4,0.0017055982133551198,3.125105406819991E-4,0.0015733220755650421,3.2512460059852386E-4,8.65990306937476E-4,9.602803999206563E-5,1.453674621746976E-4,3.309161477855879E-4,2.46882570417904E-4,6.237615396689699E-5,5.7583218237558864E-5,8.079362723085815E-5,0.002378662346698897,1.3269306221625287E-4,1.18160467931392E-4],[0.001421817411979695,0.0039011549906487718,0.0027572610310216735,0.005280344766058732,0.0030997617887632742,0.002832280035066164,0.0014856874584693982,7.989956984405897E-4,0.001020054357424267,0.0014350676707605718,0.003906601940993965,0.0028558681684628827,1.0,0.005392526103424439,0.006543055935058354,0.0038585963028841294,0.01136208155671172,0.004719890372299236,9.827578887623963E-4,0.0034895085847350855,0.002951686484240515,0.004338007175226134,0.0013652148915393719,0.0030148836567683414,1.332233523250951E-4,6.864801283176638E-4,7.634043105965616E-4,0.0016953250084439009,0.002434396293538954,0.0030077007218187865,0.0037219669954205443,0.002541699397430568,0.0034590073322439984,8.860152684538727E-4,0.012553574642224435,0.004208546278440462,0.003927944561127668,0.0029077871768852554,0.004196922429257273,0.0018027995443001944,0.0010422113950705318,0.003429701392362944,0.003229944283366602,0.0026780624949223385,2.9854966043100926E-4,0.00363382649259153,0.002282293932729783,0.0027335674121263154,0.0023252415029860547,0.0014209506523452835,0.0017442682402443348,0.0013011601845006908,0.0032499646861746754,0.0019727148075033164,0.0024460730077213756,0.0011302234993243155,0.0038373981546299418,0.00424284072778181,0.003570859790285497,0.001347112876141172],[0.04151768513991838,0.017627101618823925,0.04321787672797881,0.03784808219746307,0.01387147854217138,0.004871568377629876,0.017533699945272728,0.020026024194837563,0.004200428497982221,0.026649360896188714,0.04073185217360021,0.007554704542550282,0.005392526103424439,1.0,0.03533264614956703,0.0014452836469576276,0.016300035006484404,0.019793054015338825,0.03195059696817295,0.02159357344787577,0.034783878893913135,0.015538113036120193,0.022999259658918268,0.03052532923721317,0.034012129484482866,0.01620269169667469,2.530124824174953E-4,0.03622084226113108,0.02854875885138902,0.03476660964351167,0.029782978775777336,0.0015924245869176302,0.021835017346027497,0.003103408703615835,0.036680112239546855,0.020767223758453163,0.01793811811871978,0.023427112474540525,0.01877200940412324,0.008514710071395004,0.03515117395017098,0.010897629623815562,0.0159569800111967,0.005476125462452555,0.013170350448157309,0.03129388889164258,0.0047053661933325434,0.029638662578300765,0.0012184509564748638,0.04738642995058434,0.044136427633320555,0.014568542750584291,0.02304335668812722,0.020063088366936776,0.04272332392558545,0.04113309085647275,0.012950787685424356,0.010568118154066348,0.01922515328934028,0.042333784512259755],[0.004931212810914206,0.0022729395474852224,0.006516444594562977,0.01181952687883752,0.013221213338244261,0.01227005792221939,0.002107266669517242,0.013235884880205688,0.0065296975192711834,0.004291758431582464,0.0076727739700088934,0.002073397754884951,0.006543055935058354,0.03533264614956703,1.0,0.004813814742148064,0.013687541095636364,0.008322837530037416,0.012734642855965789,0.002061654500943663,0.0038268285476358655,0.010884319026610023,0.011900830421787148,0.01218279885682143,0.003549630801656024,0.00584977253325355,7.120977754645374E-4,0.011669879601182064,0.006513372177587343,0.002028213460549709,0.00684657270388769,0.004130606458671342,0.010383424207986035,0.0013435762068552382,0.014059603317976222,0.012674078870826389,0.005911620401773136,0.003628548345648924,0.011326696508538122,0.0022291192197792,0.011069056455011135,0.007711543686118568,0.0052701340292593876,0.005971566916769625,0.004682362133637203,0.009361230428896312,0.0036446573937714056,0.011280638124180432,0.011779481597777704,0.01082392248644364,0.0021715821673416705,0.01141200031565566,0.0038319848583693774,0.012739868769274102,0.0032235396685884174,0.010195241901277826,0.005585821757909285,0.012477050315961307,0.003920876324815283,0.0013853080733673504],[1.4200855185901319E-4,2.3851097006569308E-5,6.976466921014893E-4,8.500567928584725E-4,8.555332461951887E-4,7.960310112578218E-5,1.3443437961300684E-4,4.820004763774893E-5,3.0094943030338633E-5,2.6699987728753564E-5,2.1130265482838132E-5,4.6897206093858005E-5,0.0038585963028841294,0.0014452836469576276,0.004813814742148064,1.0,0.010546082053053596,0.0021136922555041056,2.0388584343379072E-5,3.871460401306394E-5,2.8055958587874677E-4,7.212104359319235E-4,3.373197300136123E-5,6.092955389030762E-4,3.228803733667496E-5,3.600780020929291E-5,2.6690710909965353E-5,5.233118788886301E-4,2.901745862289413E-4,0.0016066744207394283,0.0011792990242935756,1.5281767666789354E-5,1.102364195262878E-4,2.2249782618971413E-4,0.0051177236423697,0.004711535571664601,5.597913273285528E-4,0.002181324063121147,0.007949471758420144,3.3075225299582746E-5,1.4441506770775626E-4,8.570693467132934E-4,3.2321161176569735E-5,8.9498251825829E-4,1.210323500121888E-4,1.2550186700285572E-4,2.7601480861556566E-4,0.001594303960999566,1.5539569217072686E-4,5.838113259801856E-4,2.4243321297841334E-5,1.0910193697678956E-4,8.342156696995121E-4,2.020651723603285E-4,2.1904297613498433E-5,2.152831546981857E-5,2.214538660668975E-5,0.0020580850579702418,9.928252168087137E-5,7.901429945145758E-5],[0.006582124200797714,0.006752374111988973,0.00701587270926892,0.011341741831524543,0.01269872444109108,0.010972950546462875,0.005001625536956834,0.009917924400491525,0.003675404534161614,0.006851604333407261,0.00963145008436218,0.005304953700553055,0.01136208155671172,0.016300035006484404,0.013687541095636364,0.010546082053053596,1.0,0.008819788851229974,0.003441330483202106,0.006591195423796104,0.009835888113534207,0.011189432757740576,5.433353297879058E-4,0.008769058340829005,0.005473827521761278,0.002777146031211872,0.008335913634170144,0.004232558045903743,0.0055174439347593736,0.003905369865654748,0.009883900922353491,0.0013906189733090897,0.003851158661467282,0.008546697631743138,0.01347773451525349,0.013061065024434463,0.012638019739496607,0.004107599888355877,0.010149133827868678,0.008978151646089002,0.005881924360408517,0.0032271084674905383,0.0014755497531142342,0.005119970639716574,0.0055962905842206956,0.00739740112896643,0.007102788879137825,0.006055559670045184,0.0033880938202815237,0.0029929835135697894,0.010278745080077728,0.00925952281281739,0.012869584599358823,0.00353158882201887,0.00211544157237838,0.011245032468116459,0.0023728024811425145,0.009082767047105415,0.012598691847108035,0.007636241079790839],[0.00443400696279219,0.0010411164193407257,0.0014098519367967601,0.007392111981582777,0.0021470129252407905,0.005701120530884012,0.002852824288498313,0.005032675156929245,0.002478875056520341,0.0010709953463155827,0.0020687154442308045,0.0022918663081896305,0.004719890372299236,0.019793054015338825,0.008322837530037416,0.0021136922555041056,0.008819788851229974,1.0,0.002149064547826508,0.0011520709584962134,0.004346238858107459,0.005526772159717565,0.0014400347576247194,0.0033617951541684045,0.002126669514007152,0.005342955259360122,0.0014850397786673737,0.004510631634082385,0.005698333847703235,0.0054190986972187626,0.001368537319952051,0.0023556475601520933,0.0015393263355900691,0.0038060250719690394,0.009569980632711134,0.009882939126347745,0.005006419610505058,0.002644136064381164,0.009669856974045257,1.8094487186175553E-4,0.0013391850082168867,0.005846960301339119,5.750431437694329E-4,0.004506881892869401,0.0034841239224447157,0.0041319201262438555,0.0032953358222935986,0.005234393427518913,0.001100853462244381,0.0044765309556334225,7.651581999451093E-4,0.0017987686309936465,0.0022535871255554094,0.0015683619828634496,2.6532985326488362E-5,0.004597963002933345,0.002877165596024203,0.006025511697040531,0.003932742556345627,0.005285733246040863],[2.0597827261076176E-5,7.606016928335262E-5,1.7426772337222134E-4,0.0035345774150911417,9.072409424698562E-4,5.326273738276907E-5,3.140042109143866E-4,1.5571176912038666E-5,1.7608000565571195E-5,1.2232623860024476E-5,1.7377771426638768E-5,4.9847777299359466E-5,9.827578887623963E-4,0.03195059696817295,0.012734642855965789,2.0388584343379072E-5,0.003441330483202106,0.002149064547826508,1.0,9.949212258240271E-5,0.0019281031000576623,0.0015102337547025862,4.002914544488855E-5,0.0011030504530640368,3.493706191765746E-5,1.1376743359947075E-4,1.5774130758293755E-5,3.0902186834742586E-5,4.2475504870868153E-4,8.637404595465856E-4,9.810404592896565E-4,1.4876884165794881E-5,9.033311877589617E-5,3.1565528265237484E-4,0.006981734973413226,0.0018724193086635404,0.002360603892712303,0.00153252841301637,0.009058214644531345,2.261893230745011E-5,1.871422902597231E-4,0.0011690959357140327,3.429716267371696E-5,2.174586539065785E-4,1.1357454314452136E-4,0.0019305644007703627,3.240640685342697E-5,8.865856335493383E-4,1.4097911928009816E-5,5.3739113809787205E-5,3.436582061167815E-5,6.063238038357666E-5,7.555247676827791E-4,8.328222589611599E-5,1.9704151447171166E-5,1.3863341818729238E-5,1.1005420269744155E-5,0.006274294527126514,2.073208626730755E-5,9.995660505113283E-5],[2.0400808948485192E-4,1.264237211317979E-4,9.600685785162075E-4,0.009430335027018382,8.799213784738606E-4,2.3253077064901113E-4,6.511958886892539E-4,1.2083308226698585E-4,2.1217866702376954E-4,1.5676746066347678E-4,6.286307562283605E-5,1.7459434973066286E-4,0.0034895085847350855,0.02159357344787577,0.002061654500943663,3.871460401306394E-5,0.006591195423796104,0.0011520709584962134,9.949212258240271E-5,1.0,8.104300778318954E-4,0.0010001387136258488,2.0449317799265345E-4,4.135084575811317E-4,1.9242312519441787E-4,1.9782477485340706E-4,8.558804654166735E-5,3.9003313887455077E-4,9.926919170471266E-4,0.0016516796476205903,0.0010222279327063352,5.816692217568722E-5,2.3726106499113295E-4,2.813418648465093E-4,0.011426566607223777,0.0033889550103092356,0.0017118059439767514,7.056501724034632E-4,0.004356265884915011,1.357875881719703E-4,2.631554843629404E-4,0.0015389330257521167,2.1465556065822998E-4,5.603681296568333E-4,2.3326119379458093E-4,0.002262434156470661,2.7954668529148836E-4,0.001401998323857409,3.2516028387001084E-4,5.718264725957931E-4,1.888696659961039E-4,1.4677480517350351E-4,2.988310579622815E-4,2.4912071914405054E-4,3.96154806023618E-5,8.129446537277001E-5,4.11395217473246E-5,0.0012899787547465999,2.2070527235728204E-4,2.0695675885649197E-4],[9.00115022611321E-4,0.0011231350031841293,0.0015541643972066912,0.004416568505803188,0.0019424367797407965,0.0011874248902647888,8.912110070328941E-4,9.817309679751697E-4,0.001621058955554995,0.0012865359600151703,0.0013471337226862096,2.1377882974049243E-4,0.002951686484240515,0.034783878893913135,0.0038268285476358655,2.8055958587874677E-4,0.009835888113534207,0.004346238858107459,0.0019281031000576623,8.104300778318954E-4,1.0,0.0029234842356931755,5.399116044443445E-4,0.001996874448205615,1.622331249346254E-4,5.409212601841916E-4,2.839645545998059E-4,9.711158573683437E-4,0.0016304841039953737,0.0018687134081172006,0.0013656021496101845,1.7528143301470895E-4,8.835566567750564E-4,0.0013810289466180655,0.009940808120889235,0.002994461677326142,0.003492945607494054,0.0024091834252669957,0.007802662447515247,0.0012217581071397798,0.0015417360915401,0.0019737887006151555,2.2367082502677027E-4,0.001543444948839127,7.249124867671329E-4,0.002231007376369054,0.001314719324384391,0.0018854329397340833,0.0017545743659407988,0.0012122047723212629,1.437044956552482E-4,0.0015392860063194467,0.001421649505813456,4.979050839835489E-4,0.0015527658134358582,9.039677389802286E-5,2.954870343723494E-4,0.0021048912159446955,0.0017862342029555782,4.51361432851008E-4],[0.004343946964262494,0.002837078199534729,0.0013310236964890827,0.008202937459822106,0.002056817161055877,0.0020170026243933772,6.875921314449181E-4,0.0038927862941449238,0.004042247048469167,0.004403862116460788,2.5659039199008206E-4,0.003254472949311804,0.004338007175226134,0.015538113036120193,0.010884319026610023,7.212104359319235E-4,0.011189432757740576,0.005526772159717565,0.0015102337547025862,0.0010001387136258488,0.0029234842356931755,1.0,0.002237130798568828,0.0036954317715453266,0.0022849460550022154,0.0018623949196989772,0.0044587920827215315,0.0031704603019534093,0.002017348704412224,0.0035491409580713255,0.004447904816614749,0.0017417897931279451,0.0021940327230003946,0.001843790430725997,0.013286973335077501,0.008460721692747072,0.003853647499718593,0.003696776106257446,0.008208473240387572,0.0021142048251268776,0.003878035956401638,0.003117953147374497,0.0014719875743850373,0.0014639235976822219,0.0032918135095543278,0.004071568711647666,7.351254923508128E-4,0.004152609109735296,0.0016445576262185723,0.00270192194788528,1.3619560128546408E-4,0.003673545711007455,0.0018006291863636391,0.003098956126942445,0.001208110968615056,7.289021770853424E-4,6.66151162855514E-4,0.005142082247852948,0.002865413993614607,0.0035549702521845213],[1.3153392844291573E-4,5.984583035071219E-5,0.0011371167118339606,0.007525738263799186,9.83526651097058E-4,1.0699868227707999E-4,5.813330943052232E-4,5.183152220491072E-5,6.629030248668567E-5,4.954819775456963E-5,4.764429787615818E-5,1.0325254355841164E-4,0.0013652148915393719,0.022999259658918268,0.011900830421787148,3.373197300136123E-5,5.433353297879058E-4,0.0014400347576247194,4.002914544488855E-5,2.0449317799265345E-4,5.399116044443445E-4,0.002237130798568828,1.0,1.0211025045569683E-4,4.881535979727129E-5,7.214420292786815E-5,2.8881634503253263E-5,4.337142664725476E-4,1.6193961336114412E-4,0.0011574817325659718,0.0012989233706815408,1.714435851788161E-5,1.7697541294610817E-4,2.376407418323268E-4,0.0030263719322925244,0.011780624568419164,0.0015824857778828272,1.6248081162720398E-4,2.2552393266944955E-4,5.093652733917139E-5,1.0386466569682612E-4,5.988050025355067E-4,6.280728459914221E-5,5.17827600987059E-4,8.649775196569648E-5,0.0010835542400781562,1.5689135650107943E-4,3.359364148000644E-4,1.544697264293055E-4,3.7822523618081947E-4,4.061407561100374E-5,1.302090977638911E-4,7.896063444068003E-5,2.1082700262459525E-4,4.835664881587652E-5,3.379123898175859E-5,2.5326713714538087E-5,0.005166597300605486,8.668797892606771E-5,8.090301139167368E-5],[7.484485078394907E-4,3.1057334385655583E-4,0.0019863027642694187,0.00770117824415729,0.0019734564393456026,4.8787564614061294E-4,0.0016254119052250666,6.247846048764895E-4,4.4457472583389666E-4,3.741595455955567E-4,1.6052386065781559E-4,0.0012566047834660604,0.0030148836567683414,0.03052532923721317,0.01218279885682143,6.092955389030762E-4,0.008769058340829005,0.0033617951541684045,0.0011030504530640368,4.135084575811317E-4,0.001996874448205615,0.0036954317715453266,1.0211025045569683E-4,1.0,3.839973371499278E-4,4.276734012752376E-4,0.0010198141865850384,0.0017482353335760371,0.0018474871313644639,0.0019806354415191404,0.0018789056000161832,0.001708566941814828,4.941280112160198E-4,6.534894075831067E-4,0.01375064406900135,0.0039454468446410255,0.0024646206756253246,0.002195096753930265,0.007971177815045158,0.0014653986695355712,0.00134662235634305,0.0020854128771492938,4.5471574976852544E-4,0.0016274277905151374,2.1015529418003727E-4,0.002403908645950973,0.0012702293795025371,0.0019180087025904259,0.0017658263082113187,0.0016339867034576385,0.001052408716573672,0.0011800826610985809,0.0016415087120699432,0.0012666204357666589,0.0014598006872931551,3.559575677795103E-5,3.2927052257915117E-4,0.006140652103502832,5.645967216254931E-4,0.001621395642673883],[1.019756518847464E-4,8.88966015146546E-5,3.7928439736122885E-4,0.003807437512251775,0.0013464485330432238,9.557749034380767E-5,2.6759323710670704E-4,4.3029262953240166E-5,8.106200842607015E-5,3.580455195687705E-5,2.5420865349088254E-5,1.0328510869073255E-4,1.332233523250951E-4,0.034012129484482866,0.003549630801656024,3.228803733667496E-5,0.005473827521761278,0.002126669514007152,3.493706191765746E-5,1.9242312519441787E-4,1.622331249346254E-4,0.0022849460550022154,4.881535979727129E-5,3.839973371499278E-4,1.0,1.1367192720425961E-4,2.9540213306997918E-5,4.1160765403364964E-4,3.492751664893237E-4,0.0013443251049038304,2.410767041737175E-4,2.3322890243239103E-5,1.1075745381889602E-4,1.1451268312973148E-4,0.0022598889705036504,0.008983197916559622,0.0018276327609272377,8.43556935065907E-4,0.009653625581162156,4.282759693634843E-5,9.460023587831528E-5,0.0021983489183257164,5.74567986982767E-5,2.259933329516175E-4,8.43508288421566E-5,0.0011488683779787895,2.3000875695904506E-4,6.148204187160251E-4,3.3639915581917617E-4,5.035801113680851E-4,4.0162202582571404E-5,5.259842881161913E-5,7.913885072415505E-4,2.0825927341838637E-4,3.280600015768543E-5,2.1486477387114798E-5,3.314007649294282E-5,0.005027831252524585,6.641762039749085E-5,1.0750031926989986E-4],[1.3497686142875857E-4,1.1650601631262107E-4,0.0011958202955630237,0.0085516884798717,0.0019453361855436462,1.2016041257270931E-4,2.4332662468304288E-4,8.525249323072345E-5,1.3680982774071614E-4,8.312861654043028E-5,1.0840167238359003E-4,1.201910443965398E-4,6.864801283176638E-4,0.01620269169667469,0.00584977253325355,3.600780020929291E-5,0.002777146031211872,0.005342955259360122,1.1376743359947075E-4,1.9782477485340706E-4,5.409212601841916E-4,0.0018623949196989772,7.214420292786815E-5,4.276734012752376E-4,1.1367192720425961E-4,1.0,7.771248719144175E-5,3.884994880736807E-4,9.326465603180687E-4,0.0010110334258168815,5.225743773749151E-4,8.794535607830333E-5,1.2561210562561428E-4,2.04187095058984E-4,0.002765997596647271,0.011169562735712539,0.0030568251840739345,0.001445528859085412,0.005461399115819105,5.0557088853268016E-5,1.389801334768535E-4,8.659204771932264E-4,1.240202138707341E-4,3.575866114448576E-4,1.2336561029201355E-4,0.002363742852587984,1.601267711095225E-4,0.0011629044486492499,2.031079758738526E-4,7.761427885519603E-4,6.659025892350672E-5,1.342809816550558E-4,2.315407696744969E-4,1.4044629711792652E-4,8.66303915632944E-5,2.8110328534558188E-5,3.869866368859006E-5,0.0033698661544153156,1.4077373569137204E-4,1.1514260195372397E-4],[4.342313194773519E-5,8.428185253165186E-5,4.334527658728444E-4,0.0029710180439756735,0.0014504386426570756,6.315025273777053E-5,5.664610173217893E-5,3.490620359691565E-5,6.703127666272276E-5,2.875779042943278E-5,2.2934654893407235E-5,7.648604443171632E-5,7.634043105965616E-4,2.530124824174953E-4,7.120977754645374E-4,2.6690710909965353E-5,0.008335913634170144,0.0014850397786673737,1.5774130758293755E-5,8.558804654166735E-5,2.839645545998059E-4,0.0044587920827215315,2.8881634503253263E-5,0.0010198141865850384,2.9540213306997918E-5,7.771248719144175E-5,1.0,2.6438426349594544E-4,0.0015253925283048668,0.0015450864227094488,0.0011749307462868962,2.2909344584834154E-5,4.972093127553175E-5,2.106483629281452E-4,0.002986852741573069,0.010511739291595242,9.111991821656525E-4,8.283295922486785E-4,0.007169617944270629,3.296434115129674E-5,1.6130980266463975E-4,3.454139715904982E-4,1.2148545118588164E-4,5.001047767564016E-4,4.703208911643166E-5,0.0022815037141077302,2.1749626570736856E-4,0.0013438018595089975,9.751414246070449E-5,3.593248645611791E-4,3.3746725648400375E-5,5.163454328772961E-5,7.275814207269E-4,1.4805411210862387E-4,2.615534357802531E-5,1.843795042398068E-5,2.8207718631575298E-5,0.004973056483972485,1.272371827548292E-4,9.858094453062923E-5],[4.252524289180793E-4,5.169647364897681E-4,5.917503289072983E-4,9.296146923141375E-4,0.0019520650323185127,4.1254574678914447E-4,6.58959892452009E-4,2.745096877084993E-4,4.784777779544524E-4,1.1788383280635336E-4,4.7708118102141376E-4,1.7189277229816814E-4,0.0016953250084439009,0.03622084226113108,0.011669879601182064,5.233118788886301E-4,0.004232558045903743,0.004510631634082385,3.0902186834742586E-5,3.9003313887455077E-4,9.711158573683437E-4,0.0031704603019534093,4.337142664725476E-4,0.0017482353335760371,4.1160765403364964E-4,3.884994880736807E-4,2.6438426349594544E-4,1.0,7.846882393916039E-4,8.938090123113407E-4,0.0012118743663294838,1.8766807113179158E-4,4.339326592081756E-4,3.5518984345523047E-4,0.00834980181650225,0.01083785274020271,0.0018897811408458132,0.0017387127189352797,0.005944831164093877,2.377399391546052E-4,4.032296388316198E-4,0.0013643989262218548,3.969694212838144E-4,9.743279983593725E-4,1.3794371004927143E-4,0.001484874187200918,5.12810961216885E-4,0.0012655089046657042,3.6775250129001297E-4,0.0010413746702302388,4.803864958368911E-4,4.26598178321538E-4,8.667185623614316E-4,4.2603659909466783E-4,5.661889534269168E-5,2.0920129181087874E-4,2.82586088798275E-4,0.003146187506988497,4.80832830870023E-4,2.633279799554595E-4],[9.98339738255748E-4,0.0010740578815747756,0.0014464763331842206,0.0027127146718444197,0.0017111759452255592,0.001447195805362682,8.207504065511292E-4,5.003431399598243E-4,9.79626979146526E-4,7.06962574716373E-4,8.946281992134124E-4,0.0012657826354851459,0.002434396293538954,0.02854875885138902,0.006513372177587343,2.901745862289413E-4,0.0055174439347593736,0.005698333847703235,4.2475504870868153E-4,9.926919170471266E-4,0.0016304841039953737,0.002017348704412224,1.6193961336114412E-4,0.0018474871313644639,3.492751664893237E-4,9.326465603180687E-4,0.0015253925283048668,7.846882393916039E-4,1.0,0.0017292394184286715,0.0015401169682966688,5.779585045574206E-4,8.554950235628414E-4,9.420744951365122E-4,0.004208009744362379,0.010875199798296448,0.0030399651893259086,0.0020364203619244172,0.0031089633941359376,0.0010996067990261117,0.0013476779801731733,0.0019714378159287832,0.0014911793757895703,0.0015896727025954632,0.001406557948214504,0.0019673020147033694,0.001377865353187748,0.0016754549748527958,9.550554183174922E-4,0.001243765607065687,6.953133226463286E-4,1.5508018145997594E-4,0.001012976597519692,0.0012647263440834725,0.0011794914854697852,0.001427012237779102,0.0012794589258341407,0.006231119016907701,0.0013190742122806802,1.2722295626990682E-4],[0.0015111765498652034,0.0013573809780596075,0.0014243552850456522,0.005542127446449641,0.0019302943782444726,0.0013132976652722248,0.0015458515957572677,0.0011242611007935691,9.967577164339653E-4,4.8811088027089365E-5,0.001365762849280021,7.264926098795914E-4,0.0030077007218187865,0.03476660964351167,0.002028213460549709,0.0016066744207394283,0.003905369865654748,0.0054190986972187626,8.637404595465856E-4,0.0016516796476205903,0.0018687134081172006,0.0035491409580713255,0.0011574817325659718,0.0019806354415191404,0.0013443251049038304,0.0010110334258168815,0.0015450864227094488,8.938090123113407E-4,0.0017292394184286715,1.0,0.001358227594990956,4.7717863990228316E-4,8.666855042874057E-4,5.369824007082082E-4,0.011129078419057666,0.008656657053232568,0.0036155077801156565,0.0023452812685278756,0.006757973535616852,2.7545463959466305E-4,0.00174227826876008,0.0022304295349373686,5.36129509940546E-4,0.0013741534130973989,3.8101234660560995E-4,0.0020852938168230677,7.898762504386491E-4,0.001857514240786571,0.0011513256440765925,0.0013204712635916259,0.0014155126945553937,0.00136808850278032,0.0011857394714271778,4.249577413165288E-4,0.0011468426898028732,4.096959630211834E-4,2.3973134344511894E-4,0.0036035484499134652,7.344176772766551E-4,3.7700201974759145E-4],[6.58412561276355E-4,2.532291601443248E-4,0.0012475631952405693,0.006880886641633591,0.0017864267629116566,8.228225134336508E-4,0.001132803272521912,7.163227107082336E-4,4.4347994604847273E-4,0.0012366986512391985,9.714821796462127E-4,8.906104587283947E-4,0.0037219669954205443,0.029782978775777336,0.00684657270388769,0.0011792990242935756,0.009883900922353491,0.001368537319952051,9.810404592896565E-4,0.0010222279327063352,0.0013656021496101845,0.004447904816614749,0.0012989233706815408,0.0018789056000161832,2.410767041737175E-4,5.225743773749151E-4,0.0011749307462868962,0.0012118743663294838,0.0015401169682966688,0.001358227594990956,1.0,6.709420254079213E-4,7.337513338616426E-4,0.0012749408572224924,0.002615409309389572,0.0029089270406164654,0.0028445014592719947,0.0013298203203822346,0.005774391996511662,5.676737535799078E-4,0.0010155067113574248,0.0015948196539589826,2.6363079182695453E-4,0.0012866040486676565,6.311841410191132E-4,0.0022854613137985843,4.880406435270224E-4,0.001543288101688011,0.0012040839771959853,0.001295806002987702,6.343000281891971E-4,3.9221900873653306E-4,0.0010965790794653825,0.0010614551671351037,0.0010818262001264015,0.0010152826593755801,4.5902234951134685E-4,0.00135508613012601,4.3723135289497046E-4,2.552056348365893E-4],[2.6992311676916862E-5,5.36958794822934E-5,6.419801841393688E-4,0.0022433466757489384,0.001821196590682248,7.628903693586847E-5,3.1880163532436637E-4,2.8981276910309664E-5,6.338737209833644E-5,2.292631337559108E-5,1.8136983185770757E-5,3.542475712710302E-5,0.002541699397430568,0.0015924245869176302,0.004130606458671342,1.5281767666789354E-5,0.0013906189733090897,0.0023556475601520933,1.4876884165794881E-5,5.816692217568722E-5,1.7528143301470895E-4,0.0017417897931279451,1.714435851788161E-5,0.001708566941814828,2.3322890243239103E-5,8.794535607830333E-5,2.2909344584834154E-5,1.8766807113179158E-4,5.779585045574206E-4,4.7717863990228316E-4,6.709420254079213E-4,1.0,2.698642059357417E-5,8.898429188187434E-5,0.010894960073043304,0.005311597111131717,0.003330665343