[[1.0,0.0016580737094672505,0.001834208284854878,0.0021940509354925826,7.838565970115362E-4,2.4407261855189337E-4,0.0041281142186885824,0.0012953632483536637,9.477997555179421E-4,2.8385074632961317E-4,0.0014178394576836973,0.001021527300717391,6.794153551550158E-4,0.002149866661885265,4.31347412053885E-5,4.7986302456664583E-4,0.0012075457815300412,9.707000969872609E-4,5.839673435788143E-4,7.870087912110719E-4,0.001166953691044932,0.0016962068144445789,0.0015329594158738854,0.0032036396799601623,0.0010578098979702566,0.0014636180401201063,0.0012887810681747702,0.001345039465066015,0.0012132758216870034,0.0017189465794698307,4.1280795068701843E-4,7.077946881833038E-4,0.022510258350609835,0.0015542336978095152,0.012548664595674714,9.283550159050176E-4,7.959044289021052E-4,3.2721846289672854E-4,0.0012708027787479217,0.02241782059570755,1.8575654603476854E-4,0.00135125943404402,2.0922981190312886E-4,0.00350951328971659,0.0061547031968063205,6.353416565822688E-4,4.4651001822949377E-4,8.876472792941012E-4],[0.0016580737094672505,1.0,0.002411248359938789,0.0023702129069117783,4.827014458928677E-4,5.194597339025582E-4,0.0027440045282493266,3.3175394405570975E-4,7.836214285327666E-4,2.983930458124752E-4,2.0999909077731003E-4,0.0015937865678020615,0.0015919024792923795,0.0016690368982886594,7.851910976751798E-4,8.592690141048368E-4,0.0013621487931075715,6.411221658123662E-4,0.001447218306112414,3.358343933335805E-4,0.0011782084836484182,0.0017662412430069878,0.0012725330528777091,0.002498309074868851,0.0010740178952722453,0.0016438298152313092,5.809156973737751E-4,0.0014804184636934613,0.0015766618788846797,0.0016600399356785126,8.2773346000747E-4,0.001578241544558221,0.020005969081635017,5.920101359959523E-4,0.012149816237908161,8.696284334018508E-4,0.0015576348191269696,9.394120234018958E-4,0.0016150543494085792,0.0070605768249355685,9.837832246725785E-4,0.0013999970298442144,0.0015498841127766058,0.0028443847615583296,0.012486519608475676,0.0014677048574174361,8.584727390525898E-4,6.108518259088775E-4],[0.001834208284854878,0.002411248359938789,1.0,0.003887375804656805,9.919606033972955E-4,9.266174344658241E-4,0.006242608582523533,5.813334691622032E-4,0.0014978845082027309,0.003585294826172783,0.001561846332727113,0.003988111053775623,0.0035972040106537558,0.002709456039534702,9.32016887664319E-4,0.0030980753628398723,0.0023945479698481813,0.0036686199866255865,5.902941731980441E-4,0.0010414275923831375,0.0018882262113288264,0.002490030286137242,0.002298893430495415,0.003796725819172006,8.47201526436517E-4,0.0010309759930493896,0.003422469555425099,0.002270403293193285,0.0012242267821648935,0.0030828882929826804,0.0025417261609035394,0.0017982987655824126,0.014917813145142126,8.906023591230196E-4,0.008110291002047054,0.003601457093426452,0.0037967709610168482,2.5273033883307407E-4,0.0018092986118895373,0.016916436728923213,0.0018537781670276987,0.0014983612155895299,0.0036761385884080317,0.003991103234929163,0.006691751901504858,0.0016788249108359893,7.837072279185426E-4,0.0039059594437559153],[0.0021940509354925826,0.0023702129069117783,0.003887375804656805,1.0,5.148844488768651E-4,0.0017677094824809832,0.008203900145739186,7.206105036100485E-5,2.5640503849873683E-4,3.90790410843695E-4,0.0019953636410936096,1.913842928569312E-4,0.0013914703845463187,0.0023868270229662073,0.0023516776289262777,0.0012550998109464055,0.0011003026058482883,8.131062189546324E-4,0.0015107173477615153,8.907540474269405E-4,0.001705968987029074,0.002147490302942128,8.893771181693248E-4,0.0030335257008864383,0.0010869418942074409,6.813094370169321E-4,0.0013217392017423088,0.002230952328262488,0.0016415221684128655,0.0023245298768345825,6.349389351300842E-4,0.001958532085890252,0.031865827783767925,0.0018853473187009028,0.0031642027972018866,5.504562171037618E-4,0.0019007921920929547,0.001738704859465171,0.001113330312389403,0.00631333912822936,3.3916674092562506E-4,5.472863574113148E-4,2.5038957337427856E-4,0.002739105731579537,0.010879138138466497,0.0011774419421114563,0.0019165391272333344,7.563494301937522E-4],[7.838565970115362E-4,4.827014458928677E-4,9.919606033972955E-4,5.148844488768651E-4,1.0,8.234756864557151E-5,0.0037296203373250593,1.590374232212748E-4,1.1676256236514046E-4,2.643939701798062E-4,1.3058104771650339E-4,1.137655146909445E-4,1.2100466924627604E-4,5.165537148378258E-4,1.0155038348153597E-4,1.3206758583228045E-4,8.040955392797353E-4,1.6909388909157097E-4,2.723564023951743E-4,2.5726719100219745E-4,8.20723364122138E-4,6.151013454793403E-4,1.8125745637821808E-4,0.0030568699038081354,1.9478159344711403E-4,9.370038098724605E-5,1.6078794941764863E-4,1.7938884990271117E-4,3.9217022212387946E-4,0.0012570376227211701,1.5767254413726395E-4,1.366764073184264E-4,0.020040262942132132,1.0799715890576278E-4,0.013375875699465845,1.6156252190638868E-4,1.8532295277129925E-4,1.4600439105159815E-4,1.7493347641285025E-4,0.0036573719234397483,6.402604552782046E-5,2.7201253810668917E-4,1.492664587864403E-4,0.0023338502935766714,0.00932641035288949,3.4091976963627677E-4,4.2392436294124856E-4,5.060084465494035E-5],[2.4407261855189337E-4,5.194597339025582E-4,9.266174344658241E-4,0.0017677094824809832,8.234756864557151E-5,1.0,0.0012936067725155826,3.0624585463868416E-5,9.125326366482319E-5,2.6248076188563644E-4,1.1353876187872706E-5,1.2200400368707749E-5,7.719086570360861E-5,0.0018158197566224843,1.396213511667548E-5,9.861319689262585E-5,4.220685941523129E-4,5.9024760464581785E-5,3.999304710011387E-4,1.4119419108675872E-4,9.247122977625232E-4,7.22563329946811E-4,6.572967533450367E-5,0.0016563722148545442,1.4022582369896115E-4,2.9327720060767338E-5,9.097487413776876E-5,2.8096861496458098E-5,2.8824467970035E-4,3.6181374149892904E-4,3.525039593052183E-5,7.837123434020658E-5,0.022421893677615084,3.31947177890225E-5,7.368440883237363E-4,5.206586765241091E-5,3.747194834127529E-5,1.1741826240533502E-5,7.867489823723877E-5,0.009143502715730735,1.073416821225092E-5,2.1957819640896646E-4,7.874178404392223E-5,0.001187622226699718,0.011894905879045035,4.7877674479626783E-4,2.413559662031756E-4,1.7780438926278606E-5],[0.0041281142186885824,0.0027440045282493266,0.006242608582523533,0.008203900145739186,0.0037296203373250593,0.0012936067725155826,1.0,0.0015263245809255248,0.0038923701600077167,0.0011470197481652635,0.006719015399388561,0.0026845431755295867,0.008285176983272321,0.0059238697491654935,0.00792949849960244,0.0033057448121326977,0.0011127359157297421,0.001149302606726077,0.00577164819505288,0.0022827081945633533,0.005381865444518413,0.002871797059720853,0.0038128846682075,0.006658324639411932,0.0032473474376520407,0.002177111901916547,0.006978945284555953,6.818274765524762E-4,0.0041219672831419585,0.0072882582927610365,0.005372597632239681,0.006206614613464633,0.025137940846128116,8.696024791621903E-4,0.009702454829349855,0.007688870681533901,0.00788618899113058,0.004531692638608682,0.006818634900915964,0.021912017958427968,0.0023582674693166028,0.0017057109944729402,0.005296299257802989,0.005750829660176211,0.015089065474998619,0.004414891606881756,0.006898463525702747,0.003907032668766228],[0.0012953632483536637,3.3175394405570975E-4,5.813334691622032E-4,7.206105036100485E-5,1.590374232212748E-4,3.0624585463868416E-5,0.0015263245809255248,1.0,8.95957749393339E-5,1.4934962897582437E-4,3.231786663817609E-5,2.670258477074931E-5,5.611441821465945E-5,8.112017415396716E-4,3.5065678540536466E-5,7.334867795906083E-5,2.03404990203223E-4,1.0271804285430925E-4,4.418592536446446E-4,5.224225638889264E-5,3.613075837952836E-4,2.6510529363716755E-4,1.2524033044734043E-4,0.003043612444946632,1.347682343298368E-4,6.42911438399463E-5,4.609624766238859E-5,9.033051004564008E-5,4.7944681918540605E-4,0.0012319360819414047,1.232377171704511E-4,7.246947692387602E-5,0.020819210641178008,3.5704420426761665E-5,0.011294137203004153,5.617905761780482E-5,5.7201051651240004E-5,2.2135179255847386E-5,5.407041912457363E-5,0.008359233507916139,2.7188516320864482E-5,8.698868732396649E-5,6.255264247123104E-5,0.0030657921383132948,4.1655534948101383E-4,6.744548586686897E-5,3.6724154971754614E-4,3.849920784552121E-5],[9.477997555179421E-4,7.836214285327666E-4,0.0014978845082027309,2.5640503849873683E-4,1.1676256236514046E-4,9.125326366482319E-5,0.0038923701600077167,8.95957749393339E-5,1.0,2.6343547227890475E-4,2.5456394060627548E-5,4.940119617479747E-5,1.196297893385545E-4,7.904867511973647E-4,6.180698686883891E-5,1.0981708290506058E-4,6.460557399544589E-4,1.1981549089682015E-4,2.2878373287017306E-4,1.556383927323437E-4,5.264373337550505E-4,0.0010367372344763468,1.2219520309655186E-4,0.001770456361427309,1.1887545651432674E-4,1.02714135967136E-4,1.0327597195951235E-4,1.0853496089532727E-4,1.0965801655191578E-4,5.946860019205628E-4,1.2019816618176326E-4,1.0909319812735978E-4,0.02342298042642964,8.986909525555514E-5,0.013585004181132038,1.0814826811853471E-4,1.4407313129118868E-4,7.357935579042942E-5,1.024770195510259E-4,0.02198602544046392,7.92409430248138E-5,1.3695508357386866E-4,1.0380239710015984E-4,0.002629091553991048,0.007893927484220967,2.3204196428229103E-4,1.2184128843052354E-4,3.011822652533286E-5],[2.8385074632961317E-4,2.983930458124752E-4,0.003585294826172783,3.90790410843695E-4,2.643939701798062E-4,2.6248076188563644E-4,0.0011470197481652635,1.4934962897582437E-4,2.6343547227890475E-4,1.0,1.7368294171981574E-4,6.250010339465212E-5,1.923971865922117E-4,0.0010801528238256128,2.576338346800672E-4,2.5309309946804895E-4,4.3540750907261275E-4,2.3483815105691358E-4,5.433887670311811E-4,2.828142649728429E-4,7.200259235014944E-4,0.0011085297818477287,2.688679871983838E-4,0.00302725801370305,2.045579503381707E-4,1.9234667406150575E-4,2.7039283489212505E-4,2.314776557117367E-4,3.1677337129090526E-4,0.0010980002016899124,1.8974035347731595E-4,2.5892456757471976E-4,0.015709972365181582,1.7336511590655183E-4,0.010506181972097035,2.354085912461698E-4,2.580455199283509E-4,1.5937834759461393E-4,2.2199504593094829E-4,0.004786821236730971,1.6862869554101214E-4,3.1260517500972387E-4,2.3733056809135651E-4,0.0036451409777010237,0.005843506197591475,2.980753113679861E-4,3.512538764920147E-4,2.669019769964192E-5],[0.0014178394576836973,2.0999909077731003E-4,0.001561846332727113,0.0019953636410936096,1.3058104771650339E-4,1.1353876187872706E-5,0.006719015399388561,3.231786663817609E-5,2.5456394060627548E-5,1.7368294171981574E-4,1.0,1.118728912309269E-5,4.9778016144052556E-5,0.0022270526056388596,1.2329592660224374E-5,9.728295079184733E-5,1.5480969925018128E-4,8.146342930863473E-5,4.4038783603566115E-4,2.03288351195352E-4,2.1162139836693606E-4,9.573744367135152E-4,6.83344034672486E-5,0.003085865852477426,1.4801034402585464E-4,2.783738591410554E-5,5.047900253978443E-5,5.673381356892238E-5,3.6130208648496224E-4,0.0014742190639957286,2.011138082735586E-5,5.6036074347752716E-5,0.02837874546240044,2.7319850000212726E-5,0.01322788621356148,1.396740116676154E-5,9.69421946459576E-5,1.0751940581165803E-5,8.931764559096167E-5,0.00957445148231076,1.1105086597587346E-5,1.5948939546441611E-4,7.933656569963572E-5,0.002222809883605547,0.0029170208701341746,9.629414949695382E-5,2.885998218929142E-4,1.6146954103864712E-5],[0.001021527300717391,0.0015937865678020615,0.003988111053775623,1.913842928569312E-4,1.137655146909445E-4,1.2200400368707749E-5,0.0026845431755295867,2.670258477074931E-5,4.940119617479747E-5,6.250010339465212E-5,1.118728912309269E-5,1.0,4.8538436300823366E-5,2.1453236373300208E-4,1.520278575165561E-5,1.555307367083468E-5,3.2227231008367154E-4,7.943384529523154E-5,4.2113292206734425E-4,3.063272048977253E-5,3.054916085816294E-5,1.2630718811008364E-4,3.927459512554469E-5,0.00278296135087226,1.6416484310045933E-4,6.642051370346475E-5,9.52086076576045E-5,3.8591191987570085E-5,4.294678567918549E-4,0.001671885951977835,1.835382023859029E-5,4.411704055607366E-5,0.009805800043078917,1.3099140514718687E-5,0.010589667167045038,4.7355921110212935E-5,5.3762149040784425E-5,1.2181643147718461E-5,9.30804536123547E-5,0.0227494881714631,1.213624783138427E-5,3.0015593028246985E-4,7.689430014340373E-5,6.102740294227153E-4,0.01312236128531722,5.301108488650374E-4,1.6839547771290046E-4,1.8958174771332823E-5],[6.794153551550158E-4,0.0015919024792923795,0.0035972040106537558,0.0013914703845463187,1.2100466924627604E-4,7.719086570360861E-5,0.008285176983272321,5.611441821465945E-5,1.196297893385545E-4,1.923971865922117E-4,4.9778016144052556E-5,4.8538436300823366E-5,1.0,6.900395552041958E-4,5.33179436372269E-5,1.2281608718211733E-4,2.1508030186434183E-4,1.231182191393269E-4,5.11154848543009E-4,2.0951855015497367E-4,3.941688461125129E-4,6.564295841545086E-4,1.3838494980557278E-4,0.003346625212305816,1.5403373192306267E-4,1.190869678187883E-4,1.0750198408966445E-4,1.1219682358220152E-4,4.7390441285417265E-4,4.638578431224056E-4,1.3009181625335642E-4,1.2237631642054547E-4,0.02613220519113724,1.1904847460121522E-4,0.01361270185014009,1.1651363736299821E-4,1.5751791119059794E-4,1.086386798708065E-4,1.1239813215143284E-4,0.008199608635971373,1.4441094069176373E-5,3.320635578477003E-4,1.1870220964627978E-4,0.0017197885346697476,0.0034833322944873004,3.0653704521411604E-4,3.420422960823405E-4,8.560749943163325E-5],[0.002149866661885265,0.0016690368982886594,0.002709456039534702,0.0023868270229662073,5.165537148378258E-4,0.0018158197566224843,0.0059238697491654935,8.112017415396716E-4,7.904867511973647E-4,0.0010801528238256128,0.0022270526056388596,2.1453236373300208E-4,6.900395552041958E-4,1.0,0.0019982301123925147,0.0015247180386030084,0.0022562660544595986,0.00207349780821747,0.0019503931206833632,9.239649466647522E-4,0.0012102979243367698,0.0020800140530342105,9.559676806635689E-4,0.0026830480210828307,0.002292609272863028,0.0017942295519709397,0.001688739499002757,8.288606561634147E-4,0.0015915828952675517,0.002067232658073505,0.001946545106135169,0.0015831917333373024,0.023437152075710902,0.0018506705177308447,0.014904906509361953,0.0010228159660309677,3.8811148011729115E-4,1.1395874173075164E-4,5.956694159192594E-4,0.018414893240317573,9.28979864130581E-4,0.0019661586258588573,3.174426606651889E-4,0.003004187662609551,0.006337950087459703,8.636540917948844E-4,7.317175268868009E-4,0.002356910975482123],[4.31347412053885E-5,7.851910976751798E-4,9.32016887664319E-4,0.0023516776289262777,1.0155038348153597E-4,1.396213511667548E-5,0.00792949849960244,3.5065678540536466E-5,6.180698686883891E-5,2.576338346800672E-4,1.2329592660224374E-5,1.520278575165561E-5,5.33179436372269E-5,0.0019982301123925147,1.0,3.152560061571796E-5,5.635558388701439E-4,1.226974052937802E-4,1.1789848007657774E-4,2.4268256622740538E-4,7.749356130468064E-4,4.633146134230966E-4,6.882281835837769E-5,0.0030924937144871426,5.5467724932059974E-5,6.05162728782503E-5,7.450707894108479E-5,2.8701319703401365E-5,7.953417004921866E-4,0.0011263167988919867,8.593117491582831E-5,5.680334317561161E-5,0.006398923249840275,2.8516067917203233E-5,0.014182845336322051,6.0626547063017023E-5,1.307823660231608E-4,1.850340057115283E-5,6.021601861029647E-5,0.010946717017236287,2.1909840744329946E-5,3.9563897912629965E-5,6.489770449793488E-5,0.003313262268899558,0.013647826858471272,5.241762726721929E-4,3.3359280960082953E-4,2.0481549332704907E-5],[4.7986302456664583E-4,8.592690141048368E-4,0.0030980753628398723,0.0012550998109464055,1.3206758583228045E-4,9.861319689262585E-5,0.0033057448121326977,7.334867795906083E-5,1.0981708290506058E-4,2.5309309946804895E-4,9.728295079184733E-5,1.555307367083468E-5,1.2281608718211733E-4,0.0015247180386030084,3.152560061571796E-5,1.0,9.558198898344885E-4,1.2383745383370875E-4,5.355093271914818E-4,2.448988975565812E-4,2.861902802886156E-4,0.001102962305415155,1.4207385136749153E-4,2.829251332111169E-4,1.4148489162507395E-4,1.0777709733181074E-4,1.1648811847727435E-4,1.1559384303463531E-4,9.851713683068399E-4,0.001486893748144639,1.322605322718959E-4,1.251516885159214E-4,0.02327827665988418,5.1948131274423106E-5,0.009936562234148094,1.1799086237144849E-4,1.2969827438588717E-4,1.2126384580547876E-4,1.1203925001118617E-4,0.001227312591569158,9.1697158477557E-5,1.840656943296092E-4,1.0903353388804025E-4,0.0011609342846252324,0.008340457909907837,2.91585821388525E-4,1.6914246788726637E-4,1.0102197429042486E-4],[0.0012075457815300412,0.0013621487931075715,0.0023945479698481813,0.0011003026058482883,8.040955392797353E-4,4.220685941523129E-4,0.0011127359157297421,2.03404990203223E-4,6.460557399544589E-4,4.3540750907261275E-4,1.5480969925018128E-4,3.2227231008367154E-4,2.1508030186434183E-4,0.0022562660544595986,5.635558388701439E-4,9.558198898344885E-4,1.0,8.165944595322862E-4,9.673401011454715E-4,3.012627766411473E-4,0.0010246030413811687,0.0016131149887806243,9.49631400263712E-4,0.0034611321020967907,7.826447719073002E-4,5.436670788147022E-4,7.034531012166251E-4,9.668932040151985E-4,0.0010521277351506807,0.0018650100471400946,7.580078649812656E-4,8.10504976410391E-4,0.02365859596186344,7.771114059300553E-4,0.010372081716809449,4.713667342589145E-4,8.154483009647592E-4,9.464974923479801E-4,3.289781168829519E-4,0.011281930616555488,4.4517072266686943E-4,9.6291221164832E-4,7.287278714813994E-4,0.0022691061154749706,0.012928275066209475,6.941754989013048E-4,6.73803315146608E-4,3.1003123173131865E-4],[9.707000969872609E-4,6.411221658123662E-4,0.0036686199866255865,8.131062189546324E-4,1.6909388909157097E-4,5.9024760464581785E-5,0.001149302606726077,1.0271804285430925E-4,1.1981549089682015E-4,2.3483815105691358E-4,8.146342930863473E-5,7.943384529523154E-5,1.231182191393269E-4,0.00207349780821747,1.226974052937802E-4,1.2383745383370875E-4,8.165944595322862E-4,1.0,2.1911684213805633E-4,2.556219939459416E-4,8.745054059508065E-4,0.0012026889783550488,1.3622151541605351E-4,0.0027282590439474575,1.3676625373327267E-4,1.0011219165963019E-4,1.0286641949314852E-4,1.1471147156872392E-4,2.023159781399699E-4,0.0011437032391480432,1.3188194751223125E-4,1.2463425309251793E-4,0.0015284534686093552,5.390283867497288E-5,0.0038914641090047513,1.2014675453392262E-4,1.2783702137550277E-4,7.987945433692179E-5,1.0812365568481992E-4,0.022571727242574658,4.920422399979751E-5,2.0915045109156868E-4,1.203355340778238E-4,2.667154327588276E-4,0.007394149023936114,2.846523069696196E-4,3.422627187332585E-4,8.736066783020439E-5],[5.839673435788143E-4,0.001447218306112414,5.902941731980441E-4,0.0015107173477615153,2.723564023951743E-4,3.999304710011387E-4,0.00577164819505288,4.418592536446446E-4,2.2878373287017306E-4,5.433887670311811E-4,4.4038783603566115E-4,4.2113292206734425E-4,5.11154848543009E-4,0.0019503931206833632,1.1789848007657774E-4,5.355093271914818E-4,9.673401011454715E-4,2.1911684213805633E-4,1.0,4.0265004391055364E-4,9.856716450073809E-4,0.001687864520263911,4.158849874779472E-4,5.91706741849283E-4,3.7508298535200593E-4,3.640058804240628E-4,3.3470378277191364E-4,2.035919789665069E-4,6.270645567313927E-4,0.0016268036697684371,4.6267843924449863E-4,1.8333836275571337E-4,0.0066062547875010615,1.743960142795531E-4,0.003570026010813715,4.3642299914331393E-4,4.65719557703554E-4,2.986045183326989E-4,2.364354296229641E-4,0.022209238728495458,3.962754772335729E-4,5.187924122852848E-4,5.191954869494083E-4,0.001342363126965549,0.00424049123754655,5.653433383357912E-4,4.928015536807701E-4,4.797762217828796E-4],[7.870087912110719E-4,3.358343933335805E-4,0.0010414275923831375,8.907540474269405E-4,2.5726719100219745E-4,1.4119419108675872E-4,0.0022827081945633533,5.224225638889264E-5,1.556383927323437E-4,2.828142649728429E-4,2.03288351195352E-4,3.063272048977253E-5,2.0951855015497367E-4,9.239649466647522E-4,2.4268256622740538E-4,2.448988975565812E-4,3.012627766411473E-4,2.556219939459416E-4,4.0265004391055364E-4,1.0,4.087627984698937E-4,0.0012337149392963767,2.126529414012905E-4,0.0010096510507756442,2.1111499392705948E-4,1.8721253789082752E-4,2.300658448314028E-4,1.502689497339619E-4,9.189186800888265E-4,6.775064639873475E-4,1.8348265551085719E-4,2.056877526308736E-4,0.016849373662763463,1.8480865131348623E-4,0.015343784160804844,2.1956159326121197E-4,2.332782667429816E-4,5.81404889863565E-5,1.727101230577367E-4,0.01971813970296768,1.2765236452252086E-4,3.37113134041629E-4,1.2783322339085935E-4,0.0025001658615738517,0.00865187826529174,4.708010569456771E-4,3.892523174509478E-4,2.102430065438317E-4],[0.001166953691044932,0.0011782084836484182,0.0018882262113288264,0.001705968987029074,8.20723364122138E-4,9.247122977625232E-4,0.005381865444518413,3.613075837952836E-4,5.264373337550505E-4,7.200259235014944E-4,2.1162139836693606E-4,3.054916085816294E-5,3.941688461125129E-4,0.0012102979243367698,7.749356130468064E-4,2.861902802886156E-4,0.0010246030413811687,8.745054059508065E-4,9.856716450073809E-4,4.087627984698937E-4,1.0,0.0012386534800139304,5.363529171015552E-4,0.00172936899092211,7.674371447344179E-4,5.442985295662971E-4,8.070648032160024E-4,4.3040299367435274E-4,0.0010612933297362741,0.001537272021711434,4.965866504627696E-4,8.68324450468673E-4,0.02404188950502239,5.844126183047801E-4,0.011242810205141307,8.343462325254983E-4,9.681925949788167E-4,0.001002185926749412,1.1130012935508594E-4,0.001696287141646399,7.390941877630984E-5,6.819957527439274E-4,6.419609042387787E-4,0.0019008091214567588,0.00460031839673882,7.581885754644763E-4,9.280804213178859E-4,9.038441152873919E-4],[0.0016962068144445789,0.0017662412430069878,0.002490030286137242,0.002147490302942128,6.151013454793403E-4,7.22563329946811E-4,0.002871797059720853,2.6510529363716755E-4,0.0010367372344763468,0.0011085297818477287,9.573744367135152E-4,1.2630718811008364E-4,6.564295841545086E-4,0.0020800140530342105,4.633146134230966E-4,0.001102962305415155,0.0016131149887806243,0.0012026889783550488,0.001687864520263911,0.0012337149392963767,0.0012386534800139304,1.0,0.001575136552586064,0.0030757313018188307,8.328447910222878E-4,2.2988365876558706E-4,6.43494049151933E-4,3.802261319358505E-4,0.0017165836224219834,0.0018950160363395206,6.090820033885488E-4,0.0010472791911407709,0.010543738314922873,2.6540830263876763E-4,0.015442569931341809,1.5201861589928597E-4,0.001678848977828955,0.0013571427265695463,0.0017020539207488617,0.023237234501320533,2.1995552381041874E-4,0.0018226492585494206,7.064471490306242E-4,0.002928948190709349,0.0055192572203,0.0011820065368467404,5.448694013967077E-4,0.0015142109564592213],[0.0015329594158738854,0.0012725330528777091,0.002298893430495415,8.893771181693248E-4,1.8125745637821808E-4,6.572967533450367E-5,0.0038128846682075,1.2524033044734043E-4,1.2219520309655186E-4,2.688679871983838E-4,6.83344034672486E-5,3.927459512554469E-5,1.3838494980557278E-4,9.559676806635689E-4,6.882281835837769E-5,1.4207385136749153E-4,9.49631400263712E-4,1.3622151541605351E-4,4.158849874779472E-4,2.126529414012905E-4,5.363529171015552E-4,0.001575136552586064,1.0,8.197549271797786E-4,1.6986365379575337E-4,8.618253623137047E-5,1.2136872674933433E-4,1.1072912525959302E-4,7.160166614255531E-4,0.001676555994609957,1.368715735967296E-4,1.329976120950711E-4,0.006895351453978387,8.21634658318189E-5,0.015992604631531102,1.2896700879887836E-4,1.5983890550245599E-4,3.766192514171582E-5,1.0358093696572068E-4,0.01015856875469231,1.0897277487297153E-4,2.084138681258144E-4,1.3946902523244512E-4,0.0031776716212758406,0.01167896822259355,2.2093074822716365E-4,2.3129695983217755E-4,1.4555140898042575E-4],[0.0032036396799601623,0.002498309074868851,0.003796725819172006,0.0030335257008864383,0.0030568699038081354,0.0016563722148545442,0.006658324639411932,0.003043612444946632,0.001770456361427309,0.00302725801370305,0.003085865852477426,0.00278296135087226,0.003346625212305816,0.0026830480210828307,0.0030924937144871426,2.829251332111169E-4,0.0034611321020967907,0.0027282590439474575,5.91706741849283E-4,0.0010096510507756442,0.00172936899092211,0.0030757313018188307,8.197549271797786E-4,1.0,0.0012205119081500101,0.0029158199556495344,0.003165181858368016,2.2770937793742703E-4,0.0014223291667964195,0.003241016017932529,0.0022371287064252565,2.6799328199134413E-4,0.020116722663600477,0.002673619466928736,0.009857981495075566,0.002268687224989683,0.00211753072839728,8.242783794804128E-4,7.321294149776386E-4,0.020385326264824075,0.002557452931623952,0.002990292323616529,0.003299526333875528,0.0037238348838708178,0.008707760150570266,0.0018546850812385094,0.0034440547543485548,0.001343883513274969],[0.0010578098979702566,0.0010740178952722453,8.47201526436517E-4,0.0010869418942074409,1.9478159344711403E-4,1.4022582369896115E-4,0.0032473474376520407,1.347682343298368E-4,1.1887545651432674E-4,2.045579503381707E-4,1.4801034402585464E-4,1.6416484310045933E-4,1.5403373192306267E-4,0.002292609272863028,5.5467724932059974E-5,1.4148489162507395E-4,7.826447719073002E-4,1.3676625373327267E-4,3.7508298535200593E-4,2.1111499392705948E-4,7.674371447344179E-4,8.328447910222878E-4,1.6986365379575337E-4,0.0012205119081500101,1.0,1.0199998724884856E-4,1.1383384601518333E-4,1.270596377235749E-4,3.5567844203902724E-4,6.419392297446145E-4,1.5474740661985004E-4,1.5820070378661755E-4,0.009278380852081138,3.7970088550313136E-5,0.007768446674277458,1.4534947584151316E-4,1.6770494129396976E-4,8.185038156578496E-5,1.061060114794983E-4,0.0017546127649883665,5.7448416134529555E-5,2.968035301116797E-4,1.460143202608535E-4,8.6963248312191E-4,0.010309227048088395,4.329719984526142E-4,3.492345551756097E-4,2.735091243146746E-5],[0.0014636180401201063,0.0016438298152313092,0.0010309759930493896,6.813094370169321E-4,9.370038098724605E-5,2.9327720060767338E-5,0.002177111901916547,6.42911438399463E-5,1.02714135967136E-4,1.9234667406150575E-4,2.783738591410554E-5,6.642051370346475E-5,1.190869678187883E-4,0.0017942295519709397,6.05162728782503E-5,1.0777709733181074E-4,5.436670788147022E-4,1.0011219165963019E-4,3.640058804240628E-4,1.8721253789082752E-4,5.442985295662971E-4,2.2988365876558706E-4,8.618253623137047E-5,0.0029158199556495344,1.0199998724884856E-4,1.0,9.714593862588541E-5,7.839155322370434E-5,4.056089096468145E-4,9.755233836264912E-4,8.943496379863674E-5,7.738606074539556E-5,0.00503071943036537,3.5888550798673455E-5,0.0057364824243980195,8.905445781160116E-5,9.961097227108835E-5,4.599829117742744E-5,9.298273378771348E-5,0.017178815094586172,6.148481202024371E-5,2.6293072595383695E-4,1.0156976331276936E-4,6.677644517261385E-4,0.014717362263486787,4.301183974928523E-4,2.3690268623219096E-4,6.110576889861086E-5],[0.0012887810681747702,5.809156973737751E-4,0.003422469555425099,0.0013217392017423088,1.6078794941764863E-4,9.097487413776876E-5,0.006978945284555953,4.609624766238859E-5,1.0327597195951235E-4,2.7039283489212505E-4,5.047900253978443E-5,9.52086076576045E-5,1.0750198408966445E-4,0.001688739499002757,7.450707894108479E-5,1.1648811847727435E-4,7.034531012166251E-4,1.0286641949314852E-4,3.3470378277191364E-4,2.300658448314028E-4,8.070648032160024E-4,6.43494049151933E-4,1.2136872674933433E-4,0.003165181858368016,1.1383384601518333E-4,9.714593862588541E-5,1.0,1.0952200728396479E-4,9.711198443794192E-4,7.738321314017635E-4,1.2615128931220236E-4,1.207815937036947E-4,0.028542853081734872,7.243749054224082E-5,0.010698350380922568,1.0257443940118052E-4,1.574472226504968E-4,2.1035009809570637E-5,1.0224015431076737E-4,0.013137540677874822,8.486975960084393E-5,2.0288854250473992E-4,1.0268748223211766E-4,0.0034458701214606985,0.007681506860655166,3.825685909653262E-4,2.9314849573748017E-4,2.2340920105105648E-5],[0.001345039465066015,0.0014804184636934613,0.002270403293193285,0.002230952328262488,1.7938884990271117E-4,2.8096861496458098E-5,6.818274765524762E-4,9.033051004564008E-5,1.0853496089532727E-4,2.314776557117367E-4,5.673381356892238E-5,3.8591191987570085E-5,1.1219682358220152E-4,8.288606561634147E-4,2.8701319703401365E-5,1.1559384303463531E-4,9.668932040151985E-4,1.1471147156872392E-4,2.035919789665069E-4,1.502689497339619E-4,4.3040299367435274E-4,3.802261319358505E-4,1.1072912525959302E-4,2.2770937793742703E-4,1.270596377235749E-4,7.839155322370434E-5,1.0952200728396479E-4,1.0,6.798068383698368E-4,0.0013951508109047491,1.17969756374104E-4,1.1737126353432887E-4,0.010438536739736834,8.583551004612375E-5,0.007264680920321875,1.1436881679701315E-4,1.3468141952580967E-4,4.801449151958071E-5,1.0151810447039663E-4,0.010775475019829476,6.681105531062072E-5,1.9255446358687784E-4,1.0541353341323877E-4,0.0025721330998623206,0.005792807957506067,2.54149639523347E-4,1.1094614672666561E-4,2.2564593653373668E-5],[0.0012132758216870034,0.0015766618788846797,0.0012242267821648935,0.0016415221684128655,3.9217022212387946E-4,2.8824467970035E-4,0.0041219672831419585,4.7944681918540605E-4,1.0965801655191578E-4,3.1677337129090526E-4,3.6130208648496224E-4,4.294678567918549E-4,4.7390441285417265E-4,0.0015915828952675517,7.953417004921866E-4,9.851713683068399E-4,0.0010521277351506807,2.023159781399699E-4,6.270645567313927E-4,9.189186800888265E-4,0.0010612933297362741,0.0017165836224219834,7.160166614255531E-4,0.0014223291667964195,3.5567844203902724E-4,4.056089096468145E-4,9.711198443794192E-4,6.798068383698368E-4,1.0,0.0013779124337838728,1.5358970673439552E-4,1.4890893317537855E-4,0.00967302534575372,4.6532485893031243E-4,0.0032968179177992863,9.687655560854823E-4,2.844800117553875E-4,7.832548489904832E-4,2.1035383962815434E-4,0.012757605213573006,2.0497421725298336E-4,7.365950323269194E-4,9.282905613267228E-4,0.0013547361250260401,0.01267676243194109,7.501804965427123E-4,5.267425421211227E-4,1.2482479093811754E-4],[0.0017189465794698307,0.0016600399356785126,0.0030828882929826804,0.0023245298768345825,0.0012570376227211701,3.6181374149892904E-4,0.0072882582927610365,0.0012319360819414047,5.946860019205628E-4,0.0010980002016899124,0.0014742190639957286,0.001671885951977835,4.638578431224056E-4,0.002067232658073505,0.0011263167988919867,0.001486893748144639,0.0018650100471400946,0.0011437032391480432,0.0016268036697684371,6.775064639873475E-4,0.001537272021711434,0.0018950160363395206,0.001676555994609957,0.003241016017932529,6.419392297446145E-4,9.755233836264912E-4,7.738321314017635E-4,0.0013951508109047491,0.0013779124337838728,1.0,7.306454470621391E-4,0.001537209218675947,0.024229248556360466,0.0014463775679718718,0.004255715131062161,0.0014404803063463526,8.745140847453361E-4,9.424287139172459E-4,0.0012288564031272824,0.017885735734743457,5.6174200740234854E-5,0.0016728653223687419,0.0010041153826475663,0.0036712397741108533,0.008442110113223362,6.492253174450468E-4,0.0016503429942625635,8.76510054584543E-5],[4.1280795068701843E-4,8.2773346000747E-4,0.0025417261609035394,6.349389351300842E-4,1.5767254413726395E-4,3.525039593052183E-5,0.005372597632239681,1.232377171704511E-4,1.2019816618176326E-4,1.8974035347731595E-4,2.011138082735586E-5,1.835382023859029E-5,1.3009181625335642E-4,0.001946545106135169,8.593117491582831E-5,1.322605322718959E-4,7.580078649812656E-4,1.3188194751223125E-4,4.6267843924449863E-4,1.8348265551085719E-4,4.965866504627696E-4,6.090820033885488E-4,1.368715735967296E-4,0.0022371287064252565,1.5474740661985004E-4,8.943496379863674E-5,1.2615128931220236E-4,1.17969756374104E-4,1.5358970673439552E-4,7.306454470621391E-4,1.0,1.3200451357192448E-4,0.021114637355807576,1.1963139023469816E-4,0.0032688902618914174,1.1674088054510417E-4,1.510606336634123E-4,1.1247143999487677E-4,1.269052582313044E-4,0.023799423330406102,9.288339228053326E-5,1.5214612092044152E-4,1.2616106290005925E-4,2.127979934010701E-4,0.014419308308119227,4.439938102663402E-4,1.9294067106218648E-4,5.1361915693836307E-5],[7.077946881833038E-4,0.001578241544558221,0.0017982987655824126,0.001958532085890252,1.366764073184264E-4,7.837123434020658E-5,0.006206614613464633,7.246947692387602E-5,1.0909319812735978E-4,2.5892456757471976E-4,5.6036074347752716E-5,4.411704055607366E-5,1.2237631642054547E-4,0.0015831917333373024,5.680334317561161E-5,1.251516885159214E-4,8.10504976410391E-4,1.2463425309251793E-4,1.8333836275571337E-4,2.056877526308736E-4,8.68324450468673E-4,0.0010472791911407709,1.329976120950711E-4,2.6799328199134413E-4,1.5820070378661755E-4,7.738606074539556E-5,1.207815937036947E-4,1.1737126353432887E-4,1.4890893317537855E-4,0.001537209218675947,1.3200451357192448E-4,1.0,0.006384092255521327,1.1318052428490042E-4,0.010326204919160928,1.2412441246323642E-4,1.6081748058804479E-4,4.5533413019198194E-5,1.0761451995528592E-4,0.0075203476476263815,4.505860618498745E-5,2.8774117242102374E-4,1.1906503621099446E-4,0.00240166228917019,0.002002217104037205,4.355606501466244E-4,3.9375621054165864E-4,6.293781381165551E-5],[0.022510258350609835,0.020005969081635017,0.014917813145142126,0.031865827783767925,0.020040262942132132,0.022421893677615084,0.025137940846128116,0.020819210641178008,0.02342298042642964,0.015709972365181582,0.02837874546240044,0.009805800043078917,0.02613220519113724,0.023437152075710902,0.006398923249840275,0.02327827665988418,0.02365859596186344,0.0015284534686093552,0.0066062547875010615,0.016849373662763463,0.02404188950502239,0.010543738314922873,0.006895351453978387,0.020116722663600477,0.009278380852081138,0.00503071943036537,0.028542853081734872,0.010438536739736834,0.00967302534575372,0.024229248556360466,0.021114637355807576,0.006384092255521327,1.0,0.02662765133818311,0.026479309312711266,0.017244684797965208,0.0015363177718058596,0.018747713355310846,0.021951407387322677,0.026953349461419154,0.01452712320299121,0.027876410575823022,0.03133923713625017,0.0159338134390093,0.026893139076258593,0.028062007327892637,0.01283249634232599,0.02032647674884313],[0.0015542336978095152,5.920101359959523E-4,8.906023591230196E-4,0.0018853473187009028,1.0799715890576278E-4,3.31947177890225E-5,8.696024791621903E-4,3.5704420426761665E-5,8.986909525555514E-5,1.7336511590655183E-4,2.7319850000212726E-5,1.3099140514718687E-5,1.1904847460121522E-4,0.0018506705177308447,2.8516067917203233E-5,5.1948131274423106E-5,7.771114059300553E-4,5.390283867497288E-5,1.743960142795531E-4,1.8480865131348623E-4,5.844126183047801E-4,2.6540830263876763E-4,8.21634658318189E-5,0.002673619466928736,3.7970088550313136E-5,3.5888550798673455E-5,7.243749054224082E-5,8.583551004612375E-5,4.6532485893031243E-4,0.0014463775679718718,1.1963139023469816E-4,1.1318052428490042E-4,0.02662765133818311,1.0,0.005104916380183563,8.518309276435928E-5,1.1899000325460473E-4,3.19476403146157E-5,3.9957600804564035E-5,0.012347957328980908,3.1256003388859994E-5,5.4278607442361085E-5,5.637565394859665E-5,0.002879236318339102,5.910360289185563E-4,1.2897878363349476E-4,1.247718086161621E-4,2.02825048118188E-5],[0.012548664595674714,0.012149816237908161,0.008110291002047054,0.0031642027972018866,0.013375875699465845,7.368440883237363E-4,0.009702454829349855,0.011294137203004153,0.013585004181132038,0.010506181972097035,0.01322788621356148,0.010589667167045038,0.01361270185014009,0.014904906509361953,0.014182845336322051,0.009936562234148094,0.010372081716809449,0.0038914641090047513,0.003570026010813715,0.015343784160804844,0.011242810205141307,0.015442569931341809,0.015992604631531102,0.009857981495075566,0.007768446674277458,0.0057364824243980195,0.010698350380922568,0.007264680920321875,0.0032968179177992863,0.004255715131062161,0.0032688902618914174,0.010326204919160928,0.026479309312711266,0.005104916380183563,1.0,0.008874324245976221,0.013654732507744587,0.015277465741007343,0.007860829348021488,0.022389760491881655,0.003286389633684237,0.0023386664053994524,0.0010664749735020786,0.009908385646331957,0.016064216387623703,0.01289730455628777,0.003235760006754817,0.00742619494540277],[9.283550159050176E-4,8.696284334018508E-4,0.003601457093426452,5.504562171037618E-4,1.6156252190638868E-4,5.206586765241091E-5,0.007688870681533901,5.617905761780482E-5,1.0814826811853471E-4,2.354085912461698E-4,1.396740116676154E-5,4.7355921110212935E-5,1.1651363736299821E-4,0.0010228159660309677,6.0626547063017023E-5,1.1799086237144849E-4,4.713667342589145E-4,1.2014675453392262E-4,4.3642299914331393E-4,2.1956159326121197E-4,8.343462325254983E-4,1.5201861589928597E-4,1.2896700879887836E-4,0.002268687224989683,1.4534947584151316E-4,8.905445781160116E-5,1.0257443940118052E-4,1.1436881679701315E-4,9.687655560854823E-4,0.0014404803063463526,1.1674088054510417E-4,1.2412441246323642E-4,0.017244684797965208,8.518309276435928E-5,0.008874324245976221,1.0,1.266635687379325E-4,1.0740231549967197E-4,1.0639965974310587E-4,0.0033529360377689806,2.8823213503428893E-5,1.8377526587584582E-4,1.0539017374413517E-4,0.0013835325566783677,0.008715256821224416,5.250702699887316E-4,2.395938910887948E-4,7.261030459147913E-5],[7.959044289021052E-4,0.0015576348191269696,0.0037967709610168482,0.0019007921920929547,1.8532295277129925E-4,3.747194834127529E-5,0.00788618899113058,5.7201051651240004E-5,1.4407313129118868E-4,2.580455199283509E-4,9.69421946459576E-5,5.3762149040784425E-5,1.5751791119059794E-4,3.8811148011729115E-4,1.307823660231608E-4,1.2969827438588717E-4,8.154483009647592E-4,1.2783702137550277E-4,4.65719557703554E-4,2.332782667429816E-4,9.681925949788167E-4,0.001678848977828955,1.5983890550245599E-4,0.00211753072839728,1.6770494129396976E-4,9.961097227108835E-5,1.574472226504968E-4,1.3468141952580967E-4,2.844800117553875E-4,8.745140847453361E-4,1.510606336634123E-4,1.6081748058804479E-4,0.0015363177718058596,1.1899000325460473E-4,0.013654732507744587,1.266635687379325E-4,1.0,7.473356089576154E-5,1.5069566724222657E-4,0.018606086600221887,1.3354184387813918E-4,2.3737871031534404E-4,1.525837260287378E-4,7.035547843901787E-4,0.0032368944735940426,3.0428882226611836E-4,2.262029104690517E-4,8.264171168013969E-5],[3.2721846289672854E-4,9.394120234018958E-4,2.5273033883307407E-4,0.001738704859465171,1.4600439105159815E-4,1.1741826240533502E-5,0.004531692638608682,2.2135179255847386E-5,7.357935579042942E-5,1.5937834759461393E-4,1.0751940581165803E-5,1.2181643147718461E-5,1.086386798708065E-4,1.1395874173075164E-4,1.850340057115283E-5,1.2126384580547876E-4,9.464974923479801E-4,7.987945433692179E-5,2.986045183326989E-4,5.81404889863565E-5,0.001002185926749412,0.0013571427265695463,3.766192514171582E-5,8.242783794804128E-4,8.185038156578496E-5,4.599829117742744E-5,2.1035009809570637E-5,4.801449151958071E-5,7.832548489904832E-4,9.424287139172459E-4,1.1247143999487677E-4,4.5533413019198194E-5,0.018747713355310846,3.19476403146157E-5,0.015277465741007343,1.0740231549967197E-4,7.473356089576154E-5,1.0,7.205983996958741E-5,0.019440031780692132,1.0301950304996585E-5,1.0284031238634086E-4,9.003513399428876E-5,3.832901978950113E-4,0.001076814319294405,3.85003852360791E-4,3.538477133494037E-4,1.2346434507239442E-5],[0.0012708027787479217,0.0016150543494085792,0.0018092986118895373,0.001113330312389403,1.7493347641285025E-4,7.867489823723877E-5,0.006818634900915964,5.407041912457363E-5,1.024770195510259E-4,2.2199504593094829E-4,8.931764559096167E-5,9.30804536123547E-5,1.1239813215143284E-4,5.956694159192594E-4,6.021601861029647E-5,1.1203925001118617E-4,3.289781168829519E-4,1.0812365568481992E-4,2.364354296229641E-4,1.727101230577367E-4,1.1130012935508594E-4,0.0017020539207488617,1.0358093696572068E-4,7.321294149776386E-4,1.061060114794983E-4,9.298273378771348E-5,1.0224015431076737E-4,1.0151810447039663E-4,2.1035383962815434E-4,0.0012288564031272824,1.269052582313044E-4,1.0761451995528592E-4,0.021951407387322677,3.9957600804564035E-5,0.007860829348021488,1.0639965974310587E-4,1.5069566724222657E-4,7.205983996958741E-5,1.0,0.023952934079540043,5.0712564216601335E-5,2.349738477449436E-4,1.03231282209227E-4,0.0022505623768951932,0.007920026032641652,5.492774271707029E-4,3.2015605004775955E-4,5.263102413978768E-5],[0.02241782059570755,0.0070605768249355685,0.016916436728923213,0.00631333912822936,0.0036573719234397483,0.009143502715730735,0.021912017958427968,0.008359233507916139,0.02198602544046392,0.004786821236730971,0.00957445148231076,0.0227494881714631,0.008199608635971373,0.018414893240317573,0.010946717017236287,0.001227312591569158,0.011281930616555488,0.022571727242574658,0.022209238728495458,0.01971813970296768,0.001696287141646399,0.023237234501320533,0.01015856875469231,0.020385326264824075,0.0017546127649883665,0.017178815094586172,0.013137540677874822,0.010775475019829476,0.012757605213573006,0.017885735734743457,0.