[[1.0,0.00548848740417255,0.0022183055802582545,8.800675477350809E-4,9.500508969039836E-4,0.0034738087824766357,0.003943970452356078,0.008004502789891725,0.016559205430698838,0.004031145312214592,6.774333937610059E-4,0.004798277204408818,6.672529108403747E-4,0.0012812167221112607,0.0014500910563305454,0.0016117197512685337,0.0010474093496457668,3.469926271548175E-4,0.0012074869774388835,6.618863546913926E-4,0.0012152002028841193,0.0060948733127708455,9.887519335422682E-4,2.2077854661487194E-4,3.4341560613570566E-4,0.010995498310698569,0.00157668060269369,0.0017109647525736732,0.0015153904924423258,0.0013872417251897546,0.0015023226525816477,8.44563866685235E-4,1.1753913296811331E-4,0.0010515548870628083,0.0010449400075671074,7.523006991120071E-4,0.0023717935378168792,4.907906774786698E-4,3.0573008522723384E-4,0.0010818028481936913,0.001989992004126472,0.0014067979002067705,0.0016625736197581416,9.167585695844198E-4,0.001731808192022027,0.0011583638553457013,0.0047743219324295335,5.318145387397627E-4,0.0015836773145988994,0.001289532863338062],[0.00548848740417255,1.0,0.017745057970100363,0.012126268606464843,0.02362508839906021,0.015022531921957516,0.0264951215215998,0.01665067070456776,0.019065220786974077,0.0208900373242109,0.00329250770967443,0.00966635396249404,0.014481968545954939,0.007486724161780707,0.005115240889236797,0.024063686528355596,0.018626262318716898,0.01384670374498347,0.013333152100877153,0.0052783248547087665,0.02134884719482542,0.02263860432628611,0.010809601278281542,0.011499878049395347,0.003580485233727091,0.014183305255149098,0.011153572565643869,0.01427375770998159,0.024204095173004803,0.011959138234901379,0.006331233916778568,0.022278433887729605,0.015242554169669319,0.01314111418357598,0.0026162149271010122,0.023800472702109672,0.021514051008847283,0.01209525512492322,0.01729334434495997,0.003196340955376538,0.004347478617620318,0.005334833723716087,0.023424444624803392,0.0014186211933882942,0.003439940917701341,0.010926978097392303,0.016400271738227425,0.0061862834995595325,0.01695765992222879,0.009144922567898901],[0.0022183055802582545,0.017745057970100363,1.0,0.0011883158271757197,0.0016721392038695929,0.003855757438854483,0.010953171862644065,0.0069760386909884205,0.01120669512551976,0.004163646094188585,0.0037943635984004236,0.004821694098083337,0.003648217514011322,0.002424995113698265,4.8823407147734383E-4,0.007769940264360344,0.00218259977191737,0.0032746922550687283,0.0015892692683467159,0.002665326653106261,4.706426351177686E-4,0.005771374856530289,0.003041078264042832,0.0034179664854645953,0.0017435616559819786,0.0064272304865645065,0.0030751407047519743,0.003265762310687509,0.00274165149176656,0.0037013722434402823,0.003147297060715671,0.0017168743563289138,1.7315509344273267E-4,0.003626296833469117,0.0021124294426770646,0.002005800637082781,0.0038038467083232703,0.0028836898325250884,0.003401261609222227,0.0012071727224398996,0.0032543290833760207,0.0020871534797496697,0.0029227904635997907,0.0020724548051434767,0.0018499593958008849,0.002183223914451693,0.006948551984296338,0.0010724680999252706,0.0013641854092843442,7.588094853356038E-4],[8.800675477350809E-4,0.012126268606464843,0.0011883158271757197,1.0,1.1199487325141925E-4,0.00248947647387727,0.004438231796408544,0.007121009740968489,0.009231898452410578,0.00383746548465991,2.5998651622056215E-4,0.001513597095545713,1.1511519722060314E-4,2.0546106715366036E-5,1.735696476373284E-5,0.010932051275303278,1.3278342446096538E-4,1.2402320174953864E-4,8.570412294078072E-5,1.0466499556732696E-4,1.9750246727962475E-4,0.011053149078230904,2.33411821876445E-5,6.691242253309574E-5,2.6671706248740775E-4,0.0010747375096514732,1.5011443551033653E-4,0.001067938597076235,6.254897779755633E-4,8.890532469353567E-5,1.0942557613868547E-4,8.3753785321888E-5,7.558641261097221E-5,3.9177786374846706E-4,3.373334333176418E-4,1.7530533527209522E-4,0.0031553976937268376,1.2354212345251926E-4,1.0599652414853043E-4,1.3127461698590466E-4,0.001816586592397957,1.0854135955604709E-4,0.0010902445307034308,2.0728923849381762E-4,3.452020432972464E-4,1.4707728724878939E-4,0.0026687491706441366,1.2049350203118054E-4,1.0102595530739466E-4,1.361594044584651E-4],[9.500508969039836E-4,0.02362508839906021,0.0016721392038695929,1.1199487325141925E-4,1.0,0.0017154153517956801,0.007936591325651287,4.5597259929170113E-4,0.008997928181037312,0.0020736511780062535,1.331230307538769E-4,0.0019531739963747985,1.148828646905573E-4,4.7240821751086883E-5,4.087740182078049E-5,0.006260237954321208,1.283615639131321E-4,1.3829893323647242E-4,3.6839454176514124E-5,1.107240039633472E-4,2.666863694854259E-4,0.009688428069806299,3.2580582864682344E-5,9.497555259015025E-5,3.278498429946138E-4,0.008945425027774128,8.331203198148314E-4,1.335586983895251E-4,0.0013466229989959027,9.017709210120423E-5,7.960354037239252E-5,8.896756406662863E-5,8.818021392669615E-5,5.017196639673351E-4,1.2123580476105485E-4,1.60293981246716E-4,0.00202442898159372,1.3350047503095418E-4,8.67236948180262E-5,4.554834327223619E-4,2.907857955057595E-4,1.0450836767052624E-4,8.55240991824704E-4,1.3354614885793933E-4,3.192410194877974E-4,1.4755189842390756E-4,0.0036798798926220198,1.124541912103657E-4,9.442101284633754E-5,1.8573268603100406E-4],[0.0034738087824766357,0.015022531921957516,0.003855757438854483,0.00248947647387727,0.0017154153517956801,1.0,0.02587805371121083,0.010890833451994899,0.013841830571809193,0.00412628376810187,9.877233580107491E-4,0.004181483385538226,0.003338545064505322,2.3761538983067918E-4,0.0018925870408886697,0.011214974719281914,3.299834944309989E-4,4.39689343819465E-4,0.0029372486798311644,0.001672936264247661,0.001364340359867512,0.020436570990823806,0.0029655330038576124,0.0021884995897741492,0.0017269814177078542,0.005074175748698945,0.001930408018533903,0.003052590817216731,0.0029927044228766422,0.0034734671099299797,0.0026861325127609196,4.258947197777973E-4,7.127612118275567E-4,0.0026446030716912594,0.003370591045840588,0.0030067626803403163,0.003306749385657288,0.002708849674081225,5.622252516337004E-4,0.0020735680270206084,0.0028155107168884672,0.0017797244977278595,0.0033988789291158695,5.024718231305053E-4,0.0019578053972979714,0.002124030513409598,0.008103520912920163,4.3516046285350035E-4,1.612323979627477E-4,3.63997095245216E-4],[0.003943970452356078,0.0264951215215998,0.010953171862644065,0.004438231796408544,0.007936591325651287,0.02587805371121083,1.0,0.016803047692987377,0.024793347351624438,0.02552595976235853,0.016540092313138813,0.0066881388643433015,0.016688136437129172,0.015886227851563347,0.02840794259886137,0.018146126733135988,0.01707564092643326,0.02438587643992332,0.00410454590755454,0.011459689552944017,0.025920658135238705,0.022395781509880256,5.663819276903791E-4,0.017738012389645442,0.016471975478647358,0.018647585760963502,0.0015052441084542107,0.023544644099476045,0.01989621527143889,0.0028413070202866673,0.0038903371215077485,0.027136920745518236,0.004296235371968546,0.007035719092513684,0.0012694603173630165,8.673703309142614E-4,0.01621618313542916,0.01655571850205026,0.017316260082608642,0.017404784113356612,0.012751660990419897,0.01891334318912475,0.00584971984034213,0.007511246357900095,0.027492796981623435,0.013864709301168893,0.013915828962023492,0.025332712102461987,0.02374552311732614,0.007971787761627025],[0.008004502789891725,0.01665067070456776,0.0069760386909884205,0.007121009740968489,4.5597259929170113E-4,0.010890833451994899,0.016803047692987377,1.0,0.015484665295641742,0.009076140400452917,0.013387455487550914,0.012801900175800478,0.012364075542018243,0.004340723773872386,0.006300635806223012,0.013636776194402695,0.006074983893297256,0.005248150933200452,0.0022927916890078406,0.0010744278845703317,0.013569743069638086,0.018034665206279173,0.01260055389324287,0.012968473497033072,0.0018621453230370623,0.0140201561439981,0.0017290104251712812,0.0042585057744635,0.0018764029125124815,0.0024273679746154376,0.004872508685245978,0.0014603810652408223,0.01026354080419814,0.011593451543995355,0.010314113075622865,0.0029886315712120085,0.006135440810753394,0.008377387784351499,0.011680345305800597,0.005211706377168923,0.010865671638820889,0.012364221967175728,0.00853248215669736,0.005103495659691211,0.006943095610195302,0.012775271405562921,0.014977481287301711,0.004396013227599949,0.015106400918479255,0.007603841040144276],[0.016559205430698838,0.019065220786974077,0.01120669512551976,0.009231898452410578,0.008997928181037312,0.013841830571809193,0.024793347351624438,0.015484665295641742,1.0,0.011262388279837405,0.0021680942779655913,0.011861429937474523,0.0017583153229107904,0.014657974333432505,7.389040432370858E-4,0.013496001894088932,3.3657014528833606E-4,0.01432964294255118,0.004058726444431495,0.012362542393746288,0.00384923860419926,0.022179468177721484,0.009134949277375725,0.00923890199878165,0.011744096226712767,0.01450650601201794,0.0068549825876864125,0.016542235183849955,0.0016800105520693275,0.007562403881488427,0.011529614815894158,0.009982311295210074,0.005385952907208638,0.008568480132802406,0.011334353514752317,0.009201746520382975,0.00549766532029005,0.00871299235982937,0.016106923306595244,0.016845398250299147,0.006152185681275574,5.818482998190458E-4,0.015618356506911726,0.005695867365765285,0.012427496413033663,0.005564029563726495,0.01325750518293288,0.015361963214482756,0.0061579369844381405,0.012165678937812417],[0.004031145312214592,0.0208900373242109,0.004163646094188585,0.00383746548465991,0.0020736511780062535,0.00412628376810187,0.02552595976235853,0.009076140400452917,0.011262388279837405,1.0,0.0019031902989647101,0.004607528620320859,0.0026837536117393108,0.0010838275951689654,7.375950939451689E-4,0.007576923875432498,0.004034556435763672,1.9165626000622657E-4,0.0034551668767724805,0.001257197292004206,0.0035356662781154172,0.013176563113149294,0.0018753841994762362,0.003588692539917367,0.003085554888928281,0.011487681605244977,0.0020401126096452195,0.003791569537520189,0.002034621833498467,0.003580393190245969,0.004185070258678774,0.002961316110096315,1.830149060918285E-4,0.004236287438683447,0.002718921477811767,0.002157308314006225,0.00417181780102801,0.003135921913049452,1.0428219393059145E-4,0.0029454203012576168,0.002666651509015807,0.0016328432673240344,0.002083939610869207,0.0029943900482862734,0.0018102209914607117,0.0037977510302045236,0.00538064561265116,0.0030294200594382153,0.0021996749484500563,0.004225808819255743],[6.774333937610059E-4,0.00329250770967443,0.0037943635984004236,2.5998651622056215E-4,1.331230307538769E-4,9.877233580107491E-4,0.016540092313138813,0.013387455487550914,0.0021680942779655913,0.0019031902989647101,1.0,0.0013134686539388904,2.7274233225130955E-4,2.686893862360208E-4,1.620344859207133E-4,0.002357874595226148,3.753935627358862E-4,1.58906939969298E-4,9.594912900286506E-5,3.3715265879046013E-4,3.796921296956245E-4,0.00810825449058417,3.028410524508622E-4,3.48133657510664E-4,3.722857178238117E-4,0.01146160176569311,6.024224195272667E-4,0.0012339948092748045,0.0010833022072419059,3.627799047243229E-4,1.8354682342091246E-4,7.421999579866103E-5,1.735105082979359E-4,5.105530671070102E-4,3.568563794826262E-4,3.429558703927819E-4,0.001278293776768987,2.905087123486839E-4,2.2778110009659354E-4,7.686958961589316E-4,0.0011263018462160513,3.6617615867852975E-4,6.428332562008127E-4,3.598728814929255E-4,3.8385489624174774E-4,1.9978847154784814E-4,5.37698572242155E-4,2.5162398786340943E-4,1.1190019997262668E-4,2.6624646445982584E-4],[0.004798277204408818,0.00966635396249404,0.004821694098083337,0.001513597095545713,0.0019531739963747985,0.004181483385538226,0.0066881388643433015,0.012801900175800478,0.011861429937474523,0.004607528620320859,0.0013134686539388904,1.0,7.535359511236476E-4,0.002564109014377622,6.020080272262829E-4,0.0059328010181682505,0.0019397305508560194,0.004421739581636609,0.0012414464511653436,0.0040913645693155185,0.0015190286888605842,0.013353689719685778,0.004872948027025557,7.124527214728577E-4,7.269186687781219E-4,0.006885011902220217,0.0018655853117524159,0.004793417731738098,0.004580905957368264,0.0018946281931370814,0.002443657635175311,0.0012175071674573844,0.005004055178209561,0.0010848689933244345,0.0020931398099435007,0.0014457929452176782,0.0042115163332186725,0.0011895469110049523,0.003636943689306173,0.002795787045958689,0.0027497341869089837,0.003632645199019805,0.004025191480565768,0.0010408249235417351,0.0032046140361853574,0.0036758552803832236,0.00527774893434738,3.375440914156439E-4,4.031487263390871E-4,0.0025604508123562545],[6.672529108403747E-4,0.014481968545954939,0.003648217514011322,1.1511519722060314E-4,1.148828646905573E-4,0.003338545064505322,0.016688136437129172,0.012364075542018243,0.0017583153229107904,0.0026837536117393108,2.7274233225130955E-4,7.535359511236476E-4,1.0,5.677230794382169E-5,6.540767096404605E-5,0.007902464698386598,1.3020573274748925E-4,1.4697439583885027E-4,1.0718210139573976E-4,1.112110381370396E-4,2.953466338496152E-4,0.001587667719097859,9.369809880606044E-5,6.63811568222335E-5,1.7386454921161523E-4,0.00952700164259189,0.0010487070374219064,7.087620583209341E-4,2.1382192594772675E-4,1.1608321948097279E-4,1.0625636199748599E-4,9.613510137097933E-5,9.629555338276488E-5,4.97345865281379E-4,1.9105885073350247E-4,2.0328151670127186E-4,0.0026637830017429143,2.4280470730569332E-4,5.538856374439659E-5,7.610692182230086E-4,1.8742715450353078E-4,1.0519697382648893E-4,0.001127565039530858,1.59891870082409E-4,0.0014221497668804141,1.4919129080334399E-4,0.009044109243995882,1.2054349428117866E-4,7.010983207541218E-5,2.1027810904646475E-4],[0.0012812167221112607,0.007486724161780707,0.002424995113698265,2.0546106715366036E-5,4.7240821751086883E-5,2.3761538983067918E-4,0.015886227851563347,0.004340723773872386,0.014657974333432505,0.0010838275951689654,2.686893862360208E-4,0.002564109014377622,5.677230794382169E-5,1.0,1.0217798210001879E-5,0.011037599648715929,3.8102857252975246E-5,6.663074408860677E-5,1.1087328537033018E-5,1.4425960818106768E-5,2.630633936186508E-4,0.018781207429855878,1.1741780197642814E-5,6.211312596484513E-5,1.1536197606228949E-4,0.004376065298239599,0.0010117222298091364,8.973284851398412E-4,4.708756834597388E-4,1.2664980834580272E-5,3.6263556533381433E-5,1.7912603828828966E-5,2.059961241216261E-5,3.036612563704541E-4,1.5989257649966432E-4,1.7012534899745667E-5,0.0023988614642331844,1.942103041051248E-4,1.1570692091809914E-5,6.376806461589908E-4,0.0013466685123577694,3.646237659151946E-5,0.0016599591109215154,1.218531289183943E-4,7.15180782245721E-4,8.630802810843138E-5,8.280832405581092E-4,9.759509470960683E-5,1.2216501289646826E-5,6.89378145372641E-5],[0.0014500910563305454,0.005115240889236797,4.8823407147734383E-4,1.735696476373284E-5,4.087740182078049E-5,0.0018925870408886697,0.02840794259886137,0.006300635806223012,7.389040432370858E-4,7.375950939451689E-4,1.620344859207133E-4,6.020080272262829E-4,6.540767096404605E-5,1.0217798210001879E-5,1.0,0.006009924174584581,3.25858158537411E-5,5.159098777293804E-5,1.1539386687420042E-5,1.6910999420603095E-5,7.292241048837428E-5,0.018033273513060652,2.0899878224446553E-5,4.184810205179684E-5,1.6036265036216437E-4,0.005514991451648082,7.774493198081974E-4,0.001110137311646909,6.112394316525666E-4,1.827871053267297E-5,2.7461679466823904E-5,1.6916559798693588E-5,1.60844329275467E-5,4.851442894140178E-4,2.801400081718405E-4,1.0639140364302729E-4,0.0012894164526623393,2.405655878294695E-4,1.072986831101242E-5,4.23761671414784E-4,9.818739586700072E-4,9.429782045612918E-5,0.0015405227855896481,2.042221683405526E-4,0.0011952130253595824,3.990136007038195E-5,0.010162895775077927,6.0650525285688824E-5,1.221704210431437E-5,2.092659718920445E-5],[0.0016117197512685337,0.024063686528355596,0.007769940264360344,0.010932051275303278,0.006260237954321208,0.011214974719281914,0.018146126733135988,0.013636776194402695,0.013496001894088932,0.007576923875432498,0.002357874595226148,0.0059328010181682505,0.007902464698386598,0.011037599648715929,0.006009924174584581,1.0,0.004054876780811496,0.002737930913287643,0.0070298405848561035,0.006987206771732327,0.00832177694657124,0.018191918110428994,0.009847986336321054,0.0010687357479950445,0.007418721201578063,0.011289906315578703,0.009007551992277034,0.006973504939668027,0.008697182220705525,0.011122754457869723,1.3804261047464927E-4,0.003368937062915307,0.010938802006757203,0.001878969240233313,0.006686097610861602,0.00966578058887285,0.004303713611175392,0.0011026740094833341,0.00821567910242071,0.008553957030808761,0.004312811297386279,8.061127933700193E-4,0.006091351625819342,0.0070228634867157075,0.006617399832568148,0.005679876001124784,0.01158018447879149,0.008720592984045334,0.0033995555269349985,0.00632409525430116],[0.0010474093496457668,0.018626262318716898,0.00218259977191737,1.3278342446096538E-4,1.283615639131321E-4,3.299834944309989E-4,0.01707564092643326,0.006074983893297256,3.3657014528833606E-4,0.004034556435763672,3.753935627358862E-4,0.0019397305508560194,1.3020573274748925E-4,3.8102857252975246E-5,3.25858158537411E-5,0.004054876780811496,1.0,1.4578928360745307E-4,1.1506860359528807E-4,1.3494092336810735E-4,2.994727058692557E-4,0.0038251826556705186,8.320127887735894E-5,1.3167314568893464E-4,2.7173961193940367E-4,0.0044957798201627226,3.838474536059666E-4,0.0014790268183489685,0.0011611944875681728,9.601830964369424E-5,1.0918894425011741E-4,3.854708460548195E-5,7.065821172441445E-5,3.5855219304267743E-4,2.472074824477483E-4,1.5504640974519604E-4,4.3691644752764605E-4,2.4949107023359434E-4,9.320376224215482E-5,5.071141494257847E-4,9.146710059347939E-4,1.0932756991695211E-4,8.386963263214295E-4,2.0552252266730037E-4,3.680360829928568E-4,1.4090814087348172E-4,0.002457151913171944,1.2947967604609622E-4,1.247772621017803E-4,2.0677624122589434E-4],[3.469926271548175E-4,0.01384670374498347,0.0032746922550687283,1.2402320174953864E-4,1.3829893323647242E-4,4.39689343819465E-4,0.02438587643992332,0.005248150933200452,0.01432964294255118,1.9165626000622657E-4,1.58906939969298E-4,0.004421739581636609,1.4697439583885027E-4,6.663074408860677E-5,5.159098777293804E-5,0.002737930913287643,1.4578928360745307E-4,1.0,1.0203386227833134E-4,1.2397074696342532E-4,2.2711031030310156E-4,0.020521717910403085,7.861750271057278E-5,8.590984260138815E-5,3.376103283533369E-4,0.01097897963271215,1.6606691413756505E-4,6.548500847958867E-4,0.0011099276056745287,2.8721931895297466E-5,1.0858936477523657E-4,5.1159678982961167E-5,5.160281010762875E-5,4.6683746127283926E-4,2.1786850981085675E-4,2.097915310682318E-4,6.792480683704509E-4,2.0681093817957093E-4,1.2509546288969108E-4,1.8266200230332799E-4,0.001976575155358888,1.3109839412369604E-4,6.075490780174989E-4,1.7023378533223468E-4,4.898201880413231E-4,1.5077921418582102E-4,0.008781481006685533,1.3205488635008168E-4,7.266896370230164E-5,1.526302044267892E-4],[0.0012074869774388835,0.013333152100877153,0.0015892692683467159,8.570412294078072E-5,3.6839454176514124E-5,0.0029372486798311644,0.00410454590755454,0.0022927916890078406,0.004058726444431495,0.0034551668767724805,9.594912900286506E-5,0.0012414464511653436,1.0718210139573976E-4,1.1087328537033018E-5,1.1539386687420042E-5,0.0070298405848561035,1.1506860359528807E-4,1.0203386227833134E-4,1.0,7.839578955508368E-5,9.10706613965135E-5,0.015200949170512477,1.3765335597851737E-5,4.810794029746506E-5,2.948833560553511E-4,0.0066262362369022415,5.629531679849859E-4,3.7272129722744064E-4,0.0011793481836057844,2.458888800559589E-5,5.121590599581252E-5,3.614322407229979E-5,2.4506895098676825E-5,3.672223225517195E-4,1.66226354437776E-4,1.4331519650257065E-4,7.798182523941008E-4,1.7825081080239722E-4,1.852356109712193E-5,3.7512642087633794E-4,4.207920136960986E-4,4.1578090239707126E-5,0.0012767761730109342,1.634354501964812E-4,3.441809533325896E-4,1.0620738186332347E-4,8.777195565922226E-4,7.003749325969818E-5,1.6727519877071193E-5,5.574292359006991E-5],[6.618863546913926E-4,0.0052783248547087665,0.002665326653106261,1.0466499556732696E-4,1.107240039633472E-4,0.001672936264247661,0.011459689552944017,0.0010744278845703317,0.012362542393746288,0.001257197292004206,3.3715265879046013E-4,0.0040913645693155185,1.112110381370396E-4,1.4425960818106768E-5,1.6910999420603095E-5,0.006987206771732327,1.3494092336810735E-4,1.2397074696342532E-4,7.839578955508368E-5,1.0,2.8903712841990895E-4,0.013401930566111447,4.5325872553437656E-5,7.340001749332399E-5,2.2297266721671067E-4,0.0046607667141111775,0.0012066810148178946,9.981571145131148E-5,0.0010820600776506118,5.133572150472002E-5,7.503907406146498E-5,6.0373312120017473E-5,7.516832292473737E-5,1.3506220964486037E-4,1.343273746784944E-4,1.8275678483030706E-4,0.0024372146020334422,1.4647904786589067E-4,6.817117653642984E-5,5.804263272277111E-4,1.9917896466033788E-4,9.89930544269165E-5,7.558294170056171E-4,1.016218257132606E-4,0.0015934708968956216,1.0237151231904839E-4,0.003824091267565961,1.070328831902457E-4,6.0384168970220916E-5,8.687654267415541E-5],[0.0012152002028841193,0.02134884719482542,4.706426351177686E-4,1.9750246727962475E-4,2.666863694854259E-4,0.001364340359867512,0.025920658135238705,0.013569743069638086,0.00384923860419926,0.0035356662781154172,3.796921296956245E-4,0.0015190286888605842,2.953466338496152E-4,2.630633936186508E-4,7.292241048837428E-5,0.00832177694657124,2.994727058692557E-4,2.2711031030310156E-4,9.10706613965135E-5,2.8903712841990895E-4,1.0,0.003448141079457854,3.2009745161534764E-4,3.023529892007449E-4,4.1721670865100006E-4,0.010005866629172168,0.0010622450462903891,0.0011959409562409375,0.0011392341967905433,1.027617634902067E-4,9.643952841496312E-5,2.744249842021225E-4,3.0796944571163416E-4,5.426209593901926E-4,4.27657846928469E-4,3.6682302815819546E-4,0.0015673037607783554,3.627372283128037E-4,3.8607143876405415E-4,4.3286533210738955E-4,5.555105486647363E-4,1.2940146332918358E-4,6.840754660226269E-4,2.4403311385463525E-4,0.0010702755767220437,1.6274966911289406E-4,0.007719777354758568,2.8257914652737127E-4,1.2111175276598095E-4,3.1191599264675105E-4],[0.0060948733127708455,0.02263860432628611,0.005771374856530289,0.011053149078230904,0.009688428069806299,0.020436570990823806,0.022395781509880256,0.018034665206279173,0.022179468177721484,0.013176563113149294,0.00810825449058417,0.013353689719685778,0.001587667719097859,0.018781207429855878,0.018033273513060652,0.018191918110428994,0.0038251826556705186,0.020521717910403085,0.015200949170512477,0.013401930566111447,0.003448141079457854,1.0,0.0065244693324484045,0.010331205569277501,0.008186623440617838,0.01199535519389477,0.013228257777962465,0.01998421679091145,0.0016509778500319846,0.015015803097447964,0.0032376995518362543,0.020077782788636696,0.020704366990252375,0.02095727978095783,0.006096214242309418,0.0028162682657352466,0.01581305272874111,0.019904625069132757,0.009716833653228956,0.021724410984723094,0.01831728938975977,0.01889776193528286,0.02069214531945921,0.020472760023426483,0.007651267413657752,0.02063452419606514,0.01666047048445657,0.018353411351554143,0.01745643703063605,0.004373355123608457],[9.887519335422682E-4,0.010809601278281542,0.003041078264042832,2.33411821876445E-5,3.2580582864682344E-5,0.0029655330038576124,5.663819276903791E-4,0.01260055389324287,0.009134949277375725,0.0018753841994762362,3.028410524508622E-4,0.004872948027025557,9.369809880606044E-5,1.1741780197642814E-5,2.0899878224446553E-5,0.009847986336321054,8.320127887735894E-5,7.861750271057278E-5,1.3765335597851737E-5,4.5325872553437656E-5,3.2009745161534764E-4,0.0065244693324484045,1.0,3.875877063718684E-5,2.502892055766892E-4,0.004105551269943261,3.3592699304142845E-4,1.0575218596263985E-4,6.438158431813977E-4,2.4316058324521674E-5,4.987847826023783E-5,2.5910262754579265E-5,2.4052515517217235E-5,9.087231017935077E-5,1.8697806779236167E-4,1.410926128644922E-4,5.68272233132584E-4,4.8416041142446877E-5,2.4762633539924224E-5,3.542180898645043E-5,0.002034090285083935,1.0053624633770113E-4,6.998571072309804E-4,1.7194531152659882E-4,0.0011362094766372921,2.2458138471758217E-5,0.0073701146806813556,1.1591997834484445E-4,2.5019734363991362E-5,2.168060871271757E-4],[2.2077854661487194E-4,0.011499878049395347,0.0034179664854645953,6.691242253309574E-5,9.497555259015025E-5,0.0021884995897741492,0.017738012389645442,0.012968473497033072,0.00923890199878165,0.003588692539917367,3.48133657510664E-4,7.124527214728577E-4,6.63811568222335E-5,6.211312596484513E-5,4.184810205179684E-5,0.0010687357479950445,1.3167314568893464E-4,8.590984260138815E-5,4.810794029746506E-5,7.340001749332399E-5,3.023529892007449E-4,0.010331205569277501,3.875877063718684E-5,1.0,7.44824938669326E-5,0.006594616040155714,6.810454107922995E-4,6.698795196836073E-4,4.987390702234504E-4,3.153901002978652E-5,6.49697549687646E-5,4.372917512767642E-5,4.375557069721932E-5,3.536559660037794E-4,2.824461716479041E-4,1.6392170789233148E-4,0.0029834579107104694,2.2228101960580755E-4,3.346989517183032E-5,4.4213448269341205E-4,9.92327800723585E-4,8.484761764409175E-5,0.001628652734994848,1.68789863050416E-4,0.0011713435243725034,1.4183166779506426E-4,2.488435880609847E-4,6.811525048182435E-5,5.881860163564612E-5,1.1614229751969095E-4],[3.4341560613570566E-4,0.003580485233727091,0.0017435616559819786,2.6671706248740775E-4,3.278498429946138E-4,0.0017269814177078542,0.016471975478647358,0.0018621453230370623,0.011744096226712767,0.003085554888928281,3.722857178238117E-4,7.269186687781219E-4,1.7386454921161523E-4,1.1536197606228949E-4,1.6036265036216437E-4,0.007418721201578063,2.7173961193940367E-4,3.376103283533369E-4,2.948833560553511E-4,2.2297266721671067E-4,4.1721670865100006E-4,0.008186623440617838,2.502892055766892E-4,7.44824938669326E-5,1.0,0.002142276460865251,9.021227782107928E-4,0.0010637026839226556,3.6465141873078124E-4,2.966190842867652E-4,1.450515245447633E-4,1.1834105962626162E-4,2.457281435050583E-4,4.0786533295960865E-4,3.4775909999026623E-4,2.9512718424191134E-4,0.0014757448507690383,2.9531490822587566E-4,3.61870608150882E-5,3.7373889016052215E-4,3.9638987977378873E-4,2.514089778321447E-4,0.0015654768554434159,3.052845592788795E-4,4.0815804341517623E-4,2.6300295935376074E-4,0.009362297551684096,3.1660112017974757E-4,2.2568963683544522E-4,3.1959605641349384E-4],[0.010995498310698569,0.014183305255149098,0.0064272304865645065,0.0010747375096514732,0.008945425027774128,0.005074175748698945,0.018647585760963502,0.0140201561439981,0.01450650601201794,0.011487681605244977,0.01146160176569311,0.006885011902220217,0.00952700164259189,0.004376065298239599,0.005514991451648082,0.011289906315578703,0.0044957798201627226,0.01097897963271215,0.0066262362369022415,0.0046607667141111775,0.010005866629172168,0.01199535519389477,0.004105551269943261,0.006594616040155714,0.002142276460865251,1.0,0.0032245137071225663,0.005168690282278596,0.0050811262827094115,0.00985146568942156,0.011446262011020631,0.006307167170263845,0.011469537771789638,0.0086705674047461,0.007009060950338127,0.004888811481376338,0.008166866050110884,0.010322591434165888,0.008433278791089153,0.007806656304295756,0.010631201055734715,0.008774051688790896,0.004076592734657188,0.0016080614675753654,0.0019563666361203554,0.0016878317793381267,0.012379827541264932,0.0028051799115408984,0.005415404352635904,0.005027744358892016],[0.00157668060269369,0.011153572565643869,0.0030751407047519743,1.5011443551033653E-4,8.331203198148314E-4,0.001930408018533903,0.0015052441084542107,0.0017290104251712812,0.0068549825876864125,0.0020401126096452195,6.024224195272667E-4,0.0018655853117524159,0.0010487070374219064,0.0010117222298091364,7.774493198081974E-4,0.009007551992277034,3.838474536059666E-4,1.6606691413756505E-4,5.629531679849859E-4,0.0012066810148178946,0.0010622450462903891,0.013228257777962465,3.3592699304142845E-4,6.810454107922995E-4,9.021227782107928E-4,0.0032245137071225663,1.0,0.0016918971312412392,0.0014716168605160146,7.042071087820905E-4,6.392307882821791E-4,8.992828754291394E-4,0.00108154926430158,9.321360888199918E-4,3.7525444266799134E-4,0.0011007737481064615,0.0026493352639605262,6.43651772939217E-4,6.170155483462596E-4,0.0012514899376352617,0.002051034324540122,9.225521192491744E-4,0.0016198762231719533,4.374558244344755E-4,0.0013491011381517235,8.433544554590993E-4,0.011917260306461036,3.5552429143874344E-4,8.92008222378363E-4,0.0010136891214538326],[0.0017109647525736732,0.01427375770998159,0.003265762310687509,0.001067938597076235,1.335586983895251E-4,0.003052590817216731,0.023544644099476045,0.0042585057744635,0.016542235183849955,0.003791569537520189,0.0012339948092748045,0.004793417731738098,7.087620583209341E-4,8.973284851398412E-4,0.001110137311646909,0.006973504939668027,0.0014790268183489685,6.548500847958867E-4,3.7272129722744064E-4,9.981571145131148E-5,0.0011959409562409375,0.01998421679091145,1.0575218596263985E-4,6.698795196836073E-4,0.0010637026839226556,0.005168690282278596,0.0016918971312412392,1.0,0.0015952107083531282,5.40195085429473E-4,9.739750363853183E-4,7.781499375785039E-4,3.4937424775709235E-4,0.0018413509956765103,0.0017169165804802725,3.082696672186455E-4,0.0024707904330013813,3.8869655420715386E-4,0.0015571999972687608,0.0010803228909651848,0.0021989762790331434,1.1381873002624517E-4,0.0017062931605963806,0.0015817390851051343,0.0018584991253320423,9.21920666956785E-4,0.003335484053805659,0.0014119209052756447,0.0018160894407124775,6.765357914331416E-4],[0.0015153904924423258,0.024204095173004803,0.00274165149176656,6.254897779755633E-4,0.0013466229989959027,0.0029927044228766422,0.01989621527143889,0.0018764029125124815,0.0016800105520693275,0.002034621833498467,0.0010833022072419059,0.004580905957368264,2.1382192594772675E-4,4.708756834597388E-4,6.112394316525666E-4,0.008697182220705525,0.0011611944875681728,0.0011099276056745287,0.0011793481836057844,0.0010820600776506118,0.0011392341967905433,0.0016509778500319846,6.438158431813977E-4,4.987390702234504E-4,3.6465141873078124E-4,0.0050811262827094115,0.0014716168605160146,0.0015952107083531282,1.0,6.067362796612977E-4,0.0012503387640831788,9.998661935723138E-5,0.001153783509812251,0.0014132435278832413,6.539768787754476E-4,7.499123542891946E-4,0.0027842292340345843,0.0013225798470068982,0.0012935809986122856,0.001473155462404963,0.002062262517821928,9.822843062673643E-4,0.0015410830723365456,2.24962257579559E-4,0.0015549358743330828,2.1540454455683817E-4,0.01157488122162249,9.855766809524148E-4,0.0014516249858208725,0.001448348422461063],[0.0013872417251897546,0.011959138234901379,0.0037013722434402823,8.890532469353567E-5,9.017709210120423E-5,0.0034734671099299797,0.0028413070202866673,0.0024273679746154376,0.007562403881488427,0.003580393190245969,3.627799047243229E-4,0.0018946281931370814,1.1608321948097279E-4,1.2664980834580272E-5,1.827871053267297E-5,0.011122754457869723,9.601830964369424E-5,2.8721931895297466E-5,2.458888800559589E-5,5.133572150472002E-5,1.027617634902067E-4,0.015015803097447964,2.4316058324521674E-5,3.153901002978652E-5,2.966190842867652E-4,0.00985146568942156,7.042071087820905E-4,5.40195085429473E-4,6.067362796612977E-4,1.0,3.8802196710347215E-5,3.6382297603236744E-5,2.7449863542447382E-5,2.825894998106382E-4,1.7009146139257452E-4,6.120680013220865E-5,0.002416877446599788,2.2360830449943877E-4,2.788415693133342E-5,2.786748765267377E-4,0.0014047474007086774,3.240769927619768E-5,4.128874327512639E-4,1.855728770063644E-4,4.777160366520765E-5,1.0834131987970315E-4,0.010987391004622114,1.1792579218013489E-4,2.8009755699775684E-5,1.273828313514108E-4],[0.0015023226525816477,0.006331233916778568,0.003147297060715671,1.0942557613868547E-4,7.960354037239252E-5,0.0026861325127609196,0.0038903371215077485,0.004872508685245978,0.011529614815894158,0.004185070258678774,1.8354682342091246E-4,0.002443657635175311,1.0625636199748599E-4,3.6263556533381433E-5,2.7461679466823904E-5,1.3804261047464927E-4,1.0918894425011741E-4,1.0858936477523657E-4,5.121590599581252E-5,7.503907406146498E-5,9.643952841496312E-5,0.0032376995518362543,4.987847826023783E-5,6.49697549687646E-5,1.450515245447633E-4,0.011446262011020631,6.392307882821791E-4,9.739750363853183E-4,0.0012503387640831788,3.8802196710347215E-5,1.0,5.590918792049039E-5,4.575856238611422E-5,2.1571212572611155E-4,7.721792892464112E-5,1.3097288630395008E-4,4.3046256008316393E-4,6.923292626490712E-5,3.205781159102422E-5,1.3375281350837335E-4,0.0021757901000072593,7.227464919857364E-5,9.3853714561409E-4,8.11219298870481E-5,8.298230336811564E-4,8.414454740992478E-5,0.010252963920983781,6.993688462446545E-5,5.251556455947024E-5,1.5388049255446912E-4],[8.44563866685235E-4,0.022278433887729605,0.0017168743563289138,8.3753785321888E-5,8.896756406662863E-5,4.258947197777973E-4,0.027136920745518236,0.0014603810652408223,0.009982311295210074,0.002961316110096315,7.421999579866103E-5,0.0012175071674573844,9.613510137097933E-5,1.7912603828828966E-5,1.6916559798693588E-5,0.003368937062915307,3.854708460548195E-5,5.1159678982961167E-5,3.614322407229979E-5,6.0373312120017473E-5,2.744249842021225E-4,0.020077782788636696,2.5910262754579265E-5,4.372917512767642E-5,1.1834105962626162E-4,0.006307167170263845,8.992828754291394E-4,7.781499375785039E-4,9.998661935723138E-5,3.6382297603236744E-5,5.590918792049039E-5,1.0,2.985561833726928E-5,3.7208433071251543E-4,1.3930302532810996E-4,1.4591741654089812E-4,0.0032187375621595673,9.225193941122091E-5,3.166498668244642E-5,4.787975360928688E-4,3.5180503257123944E-4,4.016266354145013E-5,0.0015819899679453907,4.700889422347353E-5,0.0015701171355223266,1.3890256545405076E-4,0.004907964883738065,8.38639652800703E-5,3.7903584462400724E-5,1.2928543395251664E-4],[1.1753913296811331E-4,0.015242554169669319,1.7315509344273267E-4,7.558641261097221E-5,8.818021392669615E-5,7.127612118275567E-4,0.004296235371968546,0.01026354080419814,0.005385952907208638,1.830149060918285E-4,1.735105082979359E-4,0.005004055178209561,9.629555338276488E-5,2.059961241216261E-5,1.60844329275467E-5,0.010938802006757203,7.065821172441445E-5,5.160281010762875E-5,2.4506895098676825E-5,7.516832292473737E-5,3.0796944571163416E-4,0.020704366990252375,2.4052515517217235E-5,4.375557069721932E-5,2.457281435050583E-4,0.011469537771789638,0.00108154926430158,3.4937424775709235E-4,0.001153783509812251,2.7449863542447382E-5,4.575856238611422E-5,2.985561833726928E-5,1.0,1.0030662949223011E-4,2.305911118804708E-4,9.036632710985452E-5,0.0027120947783219403,1.8362390692820696E-4,3.003621288755822E-5,2.3088661645664257E-4,6.876914245724326E-4,9.586914755074974E-5,7.01404254426213E-4,6.268428650634435E-5,6.012112500229409E-4,1.4412512987045878E-4,0.010756437586715954,5.602032401543614E-5,2.63385366287538E-5,1.7848684207336235E-4],[0.0010515548870628083,0.01314111418357598,0.003626296833469117,3.9177786374846706E-4,5.017196639673351E-4,0.0026446030716912594,0.007035719092513684,0.011593451543995355,0.008568480132802406,0.004236287438683447,5.105530671070102E-4,0.0010848689933244345,4.97345865281379E-4,3.036612563704541E-4,4.851442894140178E-4,0.001878969240233313,3.5855219304267743E-4,4.6683746127283926E-4,3.672223225517195E-4,1.3506220964486037E-4,5.426209593901926E-4,0.02095727978095783,9.087231017935077E-5,3.536559660037794E-4,4.0786533295960865E-4,0.0086705674047461,9.321360888199918E-4,0.0018413509956765103,0.0014132435278832413,2.825894998106382E-4,2.1571212572611155E-4,3.7208433071251543E-4,1.0030662949223011E-4,1.0,3.8265576263455205E-4,3.968347941529384E-4,7.235537247866137E-4,4.895871058040564E-4,4.5529907664452004E-4,7.171785762992409E-4,0.002111347780568126,3.2819821108716725E-4,9.63960917152289E-4,3.8661158009370753E-4,7.542944806132537E-4,4.957961665868853E-4,0.012295247487007168,1.7762703283617E-4,3.8733625135403297E-4,2.975330540518718E-4],[0.0010449400075671074,0.0026162149271010122,0.0021124294426770646,3.373334333176418E-4,1.2123580476105485E-4,0.003370591045840588,0.0012694603173630165,0.010314113075622865,0.011334353514752317,0.002718921477811767,3.568563794826262E-4,0.0020931398099435007,1.9105885073350247E-4,1.5989257649966432E-4,2.801400081718405E-4,0.006686097610861602,2.472074824477483E-4,2.1786850981085675E-4,1.66226354437776E-4,1.343273746784944E-4,4.27657846928469E-4,0.006096214242309418,1.8697806779236167E-4,2.824461716479041E-4,3.4775909999026623E-4,0.007009060950338127,3.7525444266799134E-4,0.0017169165804802725,6.539768787754476E-4,1.7009146139257452E-4,7.721792892464112E-5,1.3930302532810996E-4,2.305911118804708E-4,3.8265576263455205E-4,1.0,3.521456344877615E-4,8.224461910300886E-4,3.4271429417495397E-4,3.22469934800469E-4,7.864911630299217E-4,0.0019267891307267015,2.124290303638433E-4,5.030008231143152E-4,3.251685440880628E-4,0.0013370557686220265,1.5390004917603122E-4,0.010398264499634099,1.809079606110244E-4,1.0430768054835692E-4,2.911624610977292E-4],[7.523006991120071E-4,0.023800472702109672,0.002005800637082781,1.7530533527209522E-4,1.60293981246716E-4,0.0030067626803403163,8.673703309142614E-4,0.0029886315712120085,0.009201746520382975,0.002157308314006225,3.429558703927819E-4,0.0014457929452176782,2.0328151670127186E-4,1.7012534899745667E-5,1.0639140364302729E-4,0.00966578058887285,1.5504640974519604E-4,2.097915310682318E-4,1.4331519650257065E-4,1.8275678483030706E-4,3.6682302815819546E-4,0.0028162682657352466,1.410926128644922E-4,1.6392170789233148E-4,2.9512718424191134E-4,0.004888811481376338,0.0011007737481064615,3.082696672186455E-4,7.499123542891946E-4,6.120680013220865E-5,1.3097288630395008E-4,1.4591741654089812E-4,9.036632710985452E-5,3.968347941529384E-4,3.521456344877615E-4,1.0,4.281263689287656E-4,2.5163583178737894E-4,4.624905244211437E-5,3.818484136081966E-4,0.0017762425774180905,1.5149519633052096E-4,9.709485004933482E-4,2.14611540622091E-4,4.265660636553608E-4,1.8071460571312604E-4,0.005422042919563365,1.6993225159347928E-4,5.22241107987005E-5,2.1784266552762148E-4],[0.0023717935378168792,0.021514051008847283,0.0038038467083232703,0.0031553976937268376,0.00202442898159372,0.003306749385657288,0.01621618313542916,0.006135440810753394,0.00549766532029005,0.00417181780102801,0.001278293776768987,0.0042115163332186725,0.0026637830017429143,0.0023988614642331844,0.0012894164526623393,0.004303713611175392,4.3691644752764605E-4,6.792480683704509E-4,7.798182523941008E-4,0.0024372146020334422,0.0015673037607783554,0.01581305272874111,5.68272233132584E-4,0.0029834579107104694,0.0014757448507690383,0.008166866050110884,0.0026493352639605262,0.0024707904330013813,0.0027842292340345843,0.002416877446599788,4.3046256008316393E-4,0.0032187375621595673,0.0027120947783219403,7.235537247866137E-4,8.224461910300886E-4,4.281263689287656E-4,1.0,0.0012476628303573732,0.002554363042284364,0.002315652454348424,0.003101151028425907,0.002786618482192888,0.0024647989979428124,0.0021680523382879013,0.0027417010934895963,0.003000293421143819,0.011303948705207957,1.9975114098355574E-4,0.0020183539743330622,0.001400087029088747],[4.907906774786698E-4,0.01209525512492322,0.0028836898325250884,1.2354212345251926E-4,1.3350047503095418E-4,0.002708849674081225,0.01655571850205026,0.008377387784351499,0.00871299235982937,0.003135921913049452,2.905087123486839E-4,0.0011895469110049523,2.4280470730569332E-4,1.942103041051248E-4,2.405655878294695E-4,0.0011026740094833341,2.4949107023359434E-4,2.0681093817957093E-4,1.7825081080239722E-4,1.4647904786589067E-4,3.627372283128037E-4,0.019904625069132757,4.8416041142446877E-5,2.2228101960580755E-4,2.9531490822587566E-4,0.010322591434165888,6.43651772939217E-4,3.8869655420715386E-4,0.0013225798470068982,2.2360830449943877E-4,6.923292626490712E-5,9.225193941122091E-5,1.8362390692820696E-4,4.895871058040564E-4,3.4271429417495397E-4,2.5163583178737894E-4,0.0012476628303573732,1.0,4.236197705719867E-5,6.264407411335192E-4,0.0012224357908675253,1.7600899032545523E-4,0.0015121344389305144,2.5086852192743433E-4,0.0015594475110752982,2.3050398427521148E-4,0.011465361793158577,1.6881689065930707E-4,1.1204380864910637E-4,2.397466773633E-4],[3.0573008522723384E-4,0.01729334434495997,0.003401261609222227,1.0599652414853043E-4,8.67236948180262E-5,5.622252516337004E-4,0.017316260082608642,0.0116