[[1.0,1.668688062465627E-4,5.973202053352008E-4,3.8085565231021356E-5,7.078460707248841E-5,0.015512711098366414,0.019214728694698893,1.7811275181400332E-4,4.252367427817337E-4,1.299749363408937E-4,1.2004658679230406E-4,0.004517209121741829,0.001448615667714977,1.7765446819108206E-4,0.0010498389943323768,0.0026449991526545135,1.9822026263390124E-4,9.708082211203989E-4,6.166424003176132E-4,6.212484599409426E-4,0.023264604233556325,6.134541803474679E-4,3.7176007266525094E-4,0.008937505961355277,9.534512983757549E-4,4.89192781288978E-4,0.002920111542741913,3.9574234027382865E-5,6.330025329054942E-5,3.394583074016412E-4,2.912649653852909E-4,0.0016836265344541109,1.393404709494244E-4,7.171888994901609E-4,1.815889277662229E-4,1.336279782540789E-4,0.005739745811088333,2.2360972719532148E-4,1.830847004133038E-4,7.91318941212827E-4,0.029179497157536094,1.9658341227117592E-4,0.02908951755734684,2.0039363451410612E-4,0.0020056946641798176,1.071626399000195E-4,0.004082076761554418,9.297863748371603E-4,2.178722839216712E-4,0.004857485617100593],[1.668688062465627E-4,1.0,0.0011812327078003244,6.291545706959051E-5,2.899371207015124E-5,0.006236074433803454,0.02136814000593921,1.36718451608434E-4,4.8117093252608294E-4,1.0609538803781441E-4,1.2809430517224618E-4,0.008761352463423496,0.0010876094363004938,1.3036216691513414E-4,8.825410235347823E-4,0.006558010977295684,2.1198757289293244E-4,6.47092776407787E-4,7.401192506776481E-4,0.0013571241352676885,0.026807849024429793,2.6521030200633855E-4,0.0010349081420439575,0.005896240359683902,5.29303676603832E-4,3.9085020099094257E-4,0.0016302981699663202,1.0769715764524635E-4,4.753503687670499E-5,1.9796325098084142E-4,1.685213988724524E-4,2.4321710066678513E-4,1.2141105598753333E-4,0.0018141990027427184,1.7748357324085356E-4,1.3159564060802E-4,0.0025056412682075094,2.157914536131598E-4,1.555071022723086E-4,5.267299372376806E-4,0.02517701353532913,3.414355745060926E-4,0.02388587542590196,1.861891700031436E-4,0.0015253461426088235,2.7776656067135507E-5,0.0042892477652251,9.992769399912779E-4,2.3573201394724475E-4,0.004252125905156962],[5.973202053352008E-4,0.0011812327078003244,1.0,8.985634819947963E-4,2.2284578916601959E-4,0.0036604963632444515,0.009967310610225932,0.001280951543233479,0.002193075435194175,0.0021455460559843672,4.1071008027635425E-4,0.006806878926045161,0.001949619094259419,3.248806544930939E-4,0.0020289315300304244,0.002701500779355492,0.001508980748046439,0.0032246233914925496,0.002134692170376068,0.0018250528503124639,0.011002531789207721,0.001783421282002917,0.0015378318648912553,0.0027172237482718034,0.001844089229749526,0.0020918539272552273,0.0036722857724410026,0.0016866322073850377,3.504763653903142E-4,0.0017012243076763882,6.246867769411207E-4,0.001980269161411026,3.978291211801211E-4,0.002288287869827045,0.002171685320706854,6.969572133957833E-4,0.014874818333911601,0.0012486605139529938,8.573867958263071E-4,0.0020426614344054065,0.008894050698940422,6.730948588717699E-4,0.01284943208489833,6.559671495512696E-4,0.0022477512839493216,7.752206904816741E-4,0.007376330780637071,0.001193100777252814,0.0017294056579426759,0.0056373641242780555],[3.8085565231021356E-5,6.291545706959051E-5,8.985634819947963E-4,1.0,2.3144073378234635E-5,0.009374873723615238,0.009788444279897094,1.096740089962285E-4,7.351111721027731E-4,4.780903537272791E-5,2.9752908593612734E-5,0.005122841097427602,7.768054444042314E-4,2.623877098824495E-5,6.800212532580334E-4,0.010627160095761881,2.181987746168698E-4,0.0022491717799860097,8.762232524946512E-5,9.015491233791273E-4,0.022739609569661555,7.576012601747199E-4,5.050586961536335E-4,7.737640408653964E-4,2.776028832251231E-4,8.983791534567469E-4,0.002655035596813937,1.1195825081261302E-5,2.1257280371879918E-5,3.31426341003086E-4,1.0458783081418933E-4,0.0017386528371340997,4.023413767706543E-5,0.0018176578617559013,4.105889248228284E-5,9.730089479449404E-5,0.0026774425601784023,2.8373467546835107E-4,1.0489589532783844E-4,3.72100579889063E-4,0.011181331293826586,2.0087089255468903E-4,0.027168163776336435,6.177455363802167E-5,0.0022145289482722323,1.2540047054279505E-5,0.0064408916109584295,4.1442669433493175E-4,2.0851588558048383E-4,0.0035412893651106643],[7.078460707248841E-5,2.899371207015124E-5,2.2284578916601959E-4,2.3144073378234635E-5,1.0,0.0062352350352905825,0.030864049098066167,3.674002960751696E-5,4.7014038538521053E-4,7.376322871072801E-5,7.014598951323517E-5,0.009130766118016321,0.0014720730268850354,4.932083080526411E-5,0.0016393769588988307,0.01218552770899673,2.116293226790472E-4,0.0016246152400292485,6.829938255563929E-4,0.001086898040704572,0.011635538549011091,0.0011619143389242786,2.887585187040441E-4,0.0034391112887378382,2.5337303681677905E-4,6.500451651910655E-4,0.004037822874505427,2.820344390765401E-5,2.8493817833896037E-5,2.5443207033741153E-4,1.9392997422649778E-4,5.010639867336693E-4,1.0732105028147675E-4,0.0021828571642524323,1.8047970868478492E-4,1.135287098973459E-4,0.0017115897513181773,2.468842733813179E-4,4.7728732842843756E-5,0.0017058743617088727,0.01174527557532869,2.2804066491349361E-4,0.02139329635989706,5.475631632473221E-5,0.0012410115091804463,2.2842006864383257E-5,2.964931490234487E-4,4.6044467617110225E-4,1.8681284198553721E-4,0.00388699133393812],[0.015512711098366414,0.006236074433803454,0.0036604963632444515,0.009374873723615238,0.0062352350352905825,1.0,0.028449798757069662,0.010539974388594211,0.0171669152101481,0.004959756672339889,0.015447514692716475,0.016401136136853074,0.010568693641480036,0.008432330642782692,0.013781473843397783,0.017609851681233676,0.010594853861296012,0.016537870179075206,0.015285548250946716,0.002972615480829692,0.020522303918345905,0.014082717651441994,0.014808437333866326,0.012022090458769154,0.017432230501424575,0.006944186743230116,0.012895458057087118,0.014861959939800325,0.0059994178790812825,0.00388942271293635,0.003318316936295068,0.007841589351035001,0.0019503932043455235,0.007519803979107537,0.014598984959522507,0.017491472627277994,0.01675147295188107,0.011617311570425814,0.0013967100138215,0.006516035966946041,0.020596232151239124,0.006882580466195806,0.020233474863969383,0.004804148252833304,0.017368599514481022,2.2231022750023767E-4,0.016518778442050464,0.007337061308574238,0.01648354137948012,0.017805794621672276],[0.019214728694698893,0.02136814000593921,0.009967310610225932,0.009788444279897094,0.030864049098066167,0.028449798757069662,1.0,0.014912441360597474,0.025368169177723953,0.026241446489273405,0.03573496473215412,0.03600350816662943,0.024821565648634896,0.03096602928356909,0.01081523975217621,0.019001578569033,0.03502361514607438,0.02786754213771797,0.02667649887606454,0.01682034728572759,0.038461538461538464,0.007525363682437275,0.00112299604333752,0.026456124639858178,0.02602806643595964,0.022721599689267246,0.009340699340739785,0.03539034326239799,0.005435631948192915,0.012649055606673365,0.03614848357562425,0.03560177869840265,0.037881379750903964,0.0025118917734352104,0.02019262702525489,0.004174242702765969,0.017379787787053045,0.01414864176552827,0.010042023977817612,0.03489744327501458,0.03405110207010637,0.0038661284790147666,0.032960226333326986,0.007558702465174227,0.006097488094249162,0.029749388989017907,0.0201971630338686,0.0063721200256102,0.022621311686047366,0.009703748941786019],[1.7811275181400332E-4,1.36718451608434E-4,0.001280951543233479,1.096740089962285E-4,3.674002960751696E-5,0.010539974388594211,0.014912441360597474,1.0,1.6237734611904852E-4,1.0647561146047753E-4,1.2424891861371258E-4,0.011874856343733592,6.797454914529949E-4,1.2615125766535945E-4,0.0015727698492359829,0.007855156117519153,1.6455235686778084E-4,0.0015257009981429375,6.532257003969053E-4,0.0011877575770082062,0.02309658234599042,2.822424857260192E-4,9.512306642848773E-4,0.0017618360691933372,0.0010064337334376283,8.269771784935694E-4,2.889999877586987E-4,1.1038346405146464E-4,1.3588337191671238E-4,3.087160104326834E-4,1.563082423119823E-4,0.0012296803636715045,1.196637743946743E-4,2.7850653513319945E-4,1.4869398403046573E-4,1.2888320966336685E-4,0.0012774242781209003,1.8296307032182238E-4,1.5732135101503072E-4,0.0015429561426090702,0.024892711548424536,3.6245598945280276E-4,3.871281821470629E-4,1.7538108369944145E-4,0.0012067981161116537,7.698233097699501E-5,9.327535610221215E-4,2.549592065825996E-4,1.674519568540356E-4,0.001137384771509795],[4.252367427817337E-4,4.8117093252608294E-4,0.002193075435194175,7.351111721027731E-4,4.7014038538521053E-4,0.0171669152101481,0.025368169177723953,1.6237734611904852E-4,1.0,6.131836094011641E-4,7.834504475129203E-4,0.006407251416693512,0.0014747360686604028,7.669802884194586E-4,0.0012231180166078447,0.008280490011648869,5.444123149212719E-4,0.0019762419078113535,0.0010409775731831205,0.001229120961563174,0.03186421914530687,0.0010468268301626197,0.0010323361980779104,0.0031725863466151387,8.883509131872255E-4,9.245631665154361E-4,9.612270145585276E-4,6.798888477298419E-4,4.066228598083333E-5,4.7091729021954464E-4,5.912477127904065E-4,0.0018525356688107834,3.1962599783852093E-4,0.00193626059618591,4.465278962413922E-4,6.151352747694109E-4,0.007072474345373821,3.247468719017692E-4,3.083982571842265E-4,0.0016179705575452286,0.026730236577735055,8.045384533024569E-4,0.007615054839953288,4.1194384964182083E-4,0.00160809499922365,1.300510424185108E-4,0.0011210513848682378,9.992038716412702E-4,4.8367091535099884E-4,9.378776181531225E-4],[1.299749363408937E-4,1.0609538803781441E-4,0.0021455460559843672,4.780903537272791E-5,7.376322871072801E-5,0.004959756672339889,0.026241446489273405,1.0647561146047753E-4,6.131836094011641E-4,1.0,1.0137577783254902E-4,4.7190915032119165E-4,3.3344816348646983E-4,1.0262728701587956E-4,0.0012689953634998192,0.00554242115992327,2.833248694518285E-4,3.007117179133469E-4,5.842764408696128E-4,7.079126860127042E-4,0.010936443171583297,0.0010345545510798157,9.98365069619369E-4,0.0026239033755658327,1.8569842616310061E-4,2.70938451091733E-4,0.00399703697417859,4.923092548333148E-5,9.110694347935274E-5,1.5533505104810478E-4,2.991251675819915E-4,6.020485611388343E-4,1.0613647931042978E-4,0.0012802398178641252,1.6677592493062344E-4,1.1139663692990671E-4,0.002689688564491712,2.2119704335254423E-4,1.3306095821755226E-4,1.5601883652494798E-4,0.008436496421963322,1.2493657899606005E-4,0.023927478945768875,1.1789601933156998E-4,0.0011668224205284607,6.093476296765082E-5,0.002955043383627513,3.9977891786812335E-4,1.9476312269135488E-4,0.0017275193601786413],[1.2004658679230406E-4,1.2809430517224618E-4,4.1071008027635425E-4,2.9752908593612734E-5,7.014598951323517E-5,0.015447514692716475,0.03573496473215412,1.2424891861371258E-4,7.834504475129203E-4,1.0137577783254902E-4,1.0,0.003837770417727933,0.0013825470903322732,1.0765281316353753E-4,0.001229020451300934,0.0037532616851301925,1.334691332189397E-4,0.0017866122220490637,6.67364341676379E-4,0.0010843594993058324,0.02915735564897307,2.2152652700701417E-4,9.568191674010719E-4,0.0018745311110607843,3.4654089182557964E-4,8.101200037952306E-4,0.003702836589776641,6.054828748547941E-5,4.389601131366601E-5,2.3707597903990525E-4,2.674286684522753E-4,0.0010171325897335274,1.0474782958491444E-4,7.256413048837854E-4,1.390410102010354E-4,1.1801113900482754E-4,0.0031657292230815384,2.018289960120012E-4,1.3711477803859335E-4,9.637749302726407E-4,0.021771738932413014,1.854013048456274E-4,0.0019199591452340513,1.6105308581187782E-4,7.2180175980934E-4,4.9308314071415586E-5,0.0060491179189702095,5.510098803673731E-4,1.9572942985050885E-4,0.0016582944166149735],[0.004517209121741829,0.008761352463423496,0.006806878926045161,0.005122841097427602,0.009130766118016321,0.016401136136853074,0.03600350816662943,0.011874856343733592,0.006407251416693512,4.7190915032119165E-4,0.003837770417727933,1.0,0.010805023867290053,0.0019441364248239449,0.009444595448379363,0.012792806115688981,0.007917386921072415,0.006719545524165158,0.0026374786808199607,0.003899447946915599,0.01696784341712941,0.011498266625709479,0.0030265034049639368,0.010746378378133423,0.0014061915181255357,0.005749942590270874,0.009151147960054118,0.009874663473415434,0.010717452437534754,0.010817263383735202,0.00591564659318383,0.007536337243329182,0.008940823917644091,0.0044349118926738824,0.009461551852128994,0.0020191457867575406,0.01435099836101206,0.006098062304898019,0.00317552289849583,0.002264052732567564,0.022544209832868818,0.010894223830080423,0.01926549731685402,0.002748433896733498,0.00933399184549094,0.011417449589712091,0.010530934432987218,0.0027546515151872283,6.616045251758593E-4,0.010416710144569194],[0.001448615667714977,0.0010876094363004938,0.001949619094259419,7.768054444042314E-4,0.0014720730268850354,0.010568693641480036,0.024821565648634896,6.797454914529949E-4,0.0014747360686604028,3.3344816348646983E-4,0.0013825470903322732,0.010805023867290053,1.0,0.0012557877655129516,0.0016139723468757115,0.011992979007636174,5.741881276635815E-4,0.0030840151636905714,0.0014773137716490514,0.0014130238524544512,0.002762675230446313,0.0015098433167309076,0.0012664038472913607,0.006015957223979409,0.0014042896120263493,0.0010270018510709666,0.0036853020649403423,5.724861485203455E-4,8.567081109652971E-4,6.170888731311349E-4,8.023181096059814E-4,0.0015860864332858762,8.896881824457664E-4,0.002276223714817045,0.001310742404365027,2.1842827874150156E-4,0.004025877190406131,6.580810560532643E-4,7.990141166168481E-4,0.0017100503228096792,0.018616554873890693,5.63234013175818E-4,0.017415643945913478,0.001105909838654026,0.0022104421321289323,0.0011437280011923807,0.0074545562802003276,0.0014189176239569352,0.001381782943890784,0.004905277379009379],[1.7765446819108206E-4,1.3036216691513414E-4,3.248806544930939E-4,2.623877098824495E-5,4.932083080526411E-5,0.008432330642782692,0.03096602928356909,1.2615125766535945E-4,7.669802884194586E-4,1.0262728701587956E-4,1.0765281316353753E-4,0.0019441364248239449,0.0012557877655129516,1.0,0.0011490950137591945,0.003415706329671979,1.2090526038459004E-4,0.0018952471020405634,2.309898673621243E-4,1.8809246028085553E-4,0.03724280085778214,0.0012137849400261774,7.33962967588236E-4,0.005949171356600159,9.8588549922012E-4,3.167628626019265E-4,0.004111777260168738,3.5247230965773555E-5,7.033713452144226E-5,2.2736182358271497E-4,1.1659448661015301E-4,0.0010973370244531286,1.0964321832101043E-4,0.0020718117256324493,1.529077218998162E-4,1.1449234545703731E-4,0.013754762715436946,2.1465092410460058E-4,1.3031273864102375E-4,8.257758534427417E-4,0.017785281039352955,4.0057516294903867E-4,0.012619072494748093,2.1744458127861857E-4,0.002059388372024946,7.580029569288779E-5,0.002958210281129846,8.715542896919604E-4,1.568516919023706E-4,0.004489239779209786],[0.0010498389943323768,8.825410235347823E-4,0.0020289315300304244,6.800212532580334E-4,0.0016393769588988307,0.013781473843397783,0.01081523975217621,0.0015727698492359829,0.0012231180166078447,0.0012689953634998192,0.001229020451300934,0.009444595448379363,0.0016139723468757115,0.0011490950137591945,1.0,0.006850909632473478,6.409921024685722E-4,0.002391301929523076,0.0011755731763039643,0.0015732671035367772,0.021857428940208305,0.0015927442309619424,0.0011613730249079152,0.005925245075359316,0.00161551253660362,0.0013089235466465616,0.0034541751082035463,0.001225390285895839,0.001576171028038861,0.001272589624907557,0.0013825376378392355,0.0017190990108381327,2.2024595492617062E-4,0.0019524490773427197,0.0011542569935765496,0.0013361546680887588,0.013951491789291365,9.961210601016632E-4,0.0015074027779390555,0.0017524224357671312,0.02148638323534381,0.001209445181182337,0.02886951431780119,0.0010825453044870361,0.0017943441134549796,7.955493453835742E-4,0.00572087007746304,0.001359681806248593,0.0013279075729624664,0.0026609647995146837],[0.0026449991526545135,0.006558010977295684,0.002701500779355492,0.010627160095761881,0.01218552770899673,0.017609851681233676,0.019001578569033,0.007855156117519153,0.008280490011648869,0.00554242115992327,0.0037532616851301925,0.012792806115688981,0.011992979007636174,0.003415706329671979,0.006850909632473478,1.0,0.005075961011954959,0.011477703569056294,0.006527232211793743,0.009532295314093695,0.031405483421822485,0.008504084715665106,0.005498822530692718,0.009852847935406181,0.006317509738901381,0.008152220791326686,0.012189326818108213,0.005540129629165452,0.00420002240670457,0.010520579272481515,0.0018297443081905416,0.006974309276380658,0.00507009540621238,0.007898554671055005,2.5435900724940654E-4,0.005265424058743875,0.015643314878171694,8.09396673545753E-4,0.002927917997699717,0.002569769436595064,0.014308350126178744,0.0012807435815034023,0.017943868310309426,0.0042589243034625935,0.008402954083929128,0.008839069575462762,0.010687894008994359,0.004668558085026137,4.037326662785983E-4,0.006969635665802111],[1.9822026263390124E-4,2.1198757289293244E-4,0.001508980748046439,2.181987746168698E-4,2.116293226790472E-4,0.010594853861296012,0.03502361514607438,1.6455235686778084E-4,5.444123149212719E-4,2.833248694518285E-4,1.334691332189397E-4,0.007917386921072415,5.741881276635815E-4,1.2090526038459004E-4,6.409921024685722E-4,0.005075961011954959,1.0,0.0029934346835094666,0.0010843701962502499,6.146660816850355E-4,0.0010278951264577818,0.0012859346503341887,0.0010030477123086125,0.008929662785082192,0.001120913964750778,3.6661175864305124E-4,0.0026036685855330578,1.4694720630842393E-4,2.106302374691013E-4,3.4017766276893966E-4,3.008114695948126E-4,0.00102072334991892,2.740518659811791E-4,0.001102838373912663,2.9025391079845914E-4,1.664670426616777E-4,3.817707147434178E-4,2.9802182577268806E-4,2.209274856091513E-4,6.814069120835427E-4,0.018505117701354754,3.0933905672655585E-4,0.008686843152727747,2.3678765023622665E-4,0.0018519594665010808,1.72321238497398E-4,0.0046381096342627375,8.078208625172903E-4,2.7615367385526945E-4,0.003531034407404648],[9.708082211203989E-4,6.47092776407787E-4,0.0032246233914925496,0.0022491717799860097,0.0016246152400292485,0.016537870179075206,0.02786754213771797,0.0015257009981429375,0.0019762419078113535,3.007117179133469E-4,0.0017866122220490637,0.006719545524165158,0.0030840151636905714,0.0018952471020405634,0.002391301929523076,0.011477703569056294,0.0029934346835094666,1.0,0.0032756681605561775,0.0027488383307862022,0.004701655280055817,0.002065535287595749,0.0030425448681129217,0.0042288051777708315,0.002555354863094884,0.0013096647167805504,0.004063831241472039,0.003435957556666228,0.0012044139582062874,0.001689821268097861,0.0015466602419602822,0.002484262446994602,0.002093855420875225,0.002581951913730309,0.0032883101382099435,0.002339524535816771,0.008833639007829025,0.0026492110506029874,0.0014637200221257003,0.0026951037539654802,0.021063230652542647,0.002371394351768409,0.016984008792980315,7.628986796896286E-4,0.003042157346370085,3.6562340654006705E-4,0.006893710833398015,0.00285283977800813,7.053766347812112E-4,0.006273866769470211],[6.166424003176132E-4,7.401192506776481E-4,0.002134692170376068,8.762232524946512E-5,6.829938255563929E-4,0.015285548250946716,0.02667649887606454,6.532257003969053E-4,0.0010409775731831205,5.842764408696128E-4,6.67364341676379E-4,0.0026374786808199607,0.0014773137716490514,2.309898673621243E-4,0.0011755731763039643,0.006527232211793743,0.0010843701962502499,0.0032756681605561775,1.0,0.0013053536718247276,0.029087680924396606,0.0013454286878191216,0.0010825367013060075,0.001621703193058687,0.0012284274219123792,0.0010096108603189588,0.0019909918618841813,6.898454751175934E-4,9.590710265735243E-5,0.0011451049369639635,5.139890572064899E-4,0.001219984098225528,7.638763160617255E-4,0.0014473735091068954,0.0010101874483472552,9.545993305749897E-4,0.00871013416394106,4.3134023503873695E-4,4.214080577955117E-4,0.0012176468949322815,0.009295279907527666,0.0010249754594489383,0.027736597053414677,5.775043833816248E-4,0.0014162670408913603,6.121135588217182E-4,0.007678942659653678,0.0010980962279416285,6.557947969888197E-4,0.004090766092104148],[6.212484599409426E-4,0.0013571241352676885,0.0018250528503124639,9.015491233791273E-4,0.001086898040704572,0.002972615480829692,0.01682034728572759,0.0011877575770082062,0.001229120961563174,7.079126860127042E-4,0.0010843594993058324,0.003899447946915599,0.0014130238524544512,1.8809246028085553E-4,0.0015732671035367772,0.009532295314093695,6.146660816850355E-4,0.0027488383307862022,0.0013053536718247276,1.0,0.03567855366542158,0.0014026805742422413,0.0013413010484197277,0.007929926316796457,0.001329428026374856,0.0011262085285531254,0.004361242646392863,2.555292856857124E-4,7.380772915054624E-4,3.6962607813089695E-4,0.001105172608898147,0.001533996841078223,5.162388833823468E-4,0.002171384345192446,4.475001327201219E-4,3.296329473644761E-4,0.009595695179135626,5.697570190765762E-4,8.22672999512574E-4,0.00175312603471948,0.0091665218119217,7.927209008369142E-4,0.01180853360494678,0.0010492947302293215,0.0017013172233249468,3.8983620622161353E-4,0.004551005067905392,0.0011256559212135927,0.0013291648349366444,0.0047261440457120624],[0.023264604233556325,0.026807849024429793,0.011002531789207721,0.022739609569661555,0.011635538549011091,0.020522303918345905,0.038461538461538464,0.02309658234599042,0.03186421914530687,0.010936443171583297,0.02915735564897307,0.01696784341712941,0.002762675230446313,0.03724280085778214,0.021857428940208305,0.031405483421822485,0.0010278951264577818,0.004701655280055817,0.029087680924396606,0.03567855366542158,1.0,0.02661377494466948,0.004357087176302359,0.014318148856857652,0.01061990815705253,0.007005861183913319,0.023199664274030234,0.024523704572972913,0.012537571640207575,0.03579880042821448,0.006006249527850724,0.01986628171151074,0.009352138397772445,0.004823072832449074,0.019305304446296835,0.019560930134765907,0.03159113156967171,0.012498883893674458,0.016169687865476064,0.021029774040883763,0.03173119615901966,0.009733378677286316,0.03251931307835129,0.015909900207090436,0.03209641747592229,0.013165271375239951,0.015739701006691264,0.006673081094822678,0.02477166363841689,0.011236434606072106],[6.134541803474679E-4,2.6521030200633855E-4,0.001783421282002917,7.576012601747199E-4,0.0011619143389242786,0.014082717651441994,0.007525363682437275,2.822424857260192E-4,0.0010468268301626197,0.0010345545510798157,2.2152652700701417E-4,0.011498266625709479,0.0015098433167309076,0.0012137849400261774,0.0015927442309619424,0.008504084715665106,0.0012859346503341887,0.002065535287595749,0.0013454286878191216,0.0014026805742422413,0.02661377494466948,1.0,0.0011973922115683796,0.00918820001215554,0.0014807050746236394,0.0013204424471137904,0.0023737653600787003,0.0012160737709682363,4.5118434204847183E-4,0.0013688832399201185,0.0014745102789588157,0.0017364228020413151,0.0013212955396456566,0.001667323046550001,3.187794090230486E-4,8.937737713832592E-4,0.008116436964410514,4.4080526035709185E-4,0.0010145373193033763,0.0016089841618460961,0.009250575215743517,6.839235473832357E-4,0.006226897192420585,2.9287391185694425E-4,0.0017245848009948986,9.27485031972722E-4,0.004491377077490276,0.0013313089300152835,5.744159498891607E-4,0.0015599696853764522],[3.7176007266525094E-4,0.0010349081420439575,0.0015378318648912553,5.050586961536335E-4,2.887585187040441E-4,0.014808437333866326,0.00112299604333752,9.512306642848773E-4,0.0010323361980779104,9.98365069619369E-4,9.568191674010719E-4,0.0030265034049639368,0.0012664038472913607,7.33962967588236E-4,0.0011613730249079152,0.005498822530692718,0.0010030477123086125,0.0030425448681129217,0.0010825367013060075,0.0013413010484197277,0.004357087176302359,0.0011973922115683796,1.0,0.008308176935312927,0.0010917168822759922,9.973151523954844E-4,0.0013428960945245081,2.2084998701174213E-4,8.829993604941694E-4,5.711496759346331E-4,3.6933634874402254E-4,0.0014932163610905233,5.717630696439799E-4,0.001156971993004945,7.65293462990591E-4,5.385342931912365E-4,0.0022486468472584006,5.197441742534011E-4,9.575547903568993E-4,0.0017062401614044232,0.003352543717965271,9.852080596902003E-4,0.016223768933284505,2.9177160821053686E-4,0.0014485543447748108,8.571562550234326E-4,0.005989224948065723,0.0010429689427059285,3.0476628397165423E-4,0.005020265208617683],[0.008937505961355277,0.005896240359683902,0.0027172237482718034,7.737640408653964E-4,0.0034391112887378382,0.012022090458769154,0.026456124639858178,0.0017618360691933372,0.0031725863466151387,0.0026239033755658327,0.0018745311110607843,0.010746378378133423,0.006015957223979409,0.005949171356600159,0.005925245075359316,0.009852847935406181,0.008929662785082192,0.0042288051777708315,0.001621703193058687,0.007929926316796457,0.014318148856857652,0.00918820001215554,0.008308176935312927,1.0,0.002276373297234794,0.002020236798689136,0.005241559936416745,0.00867459115833008,0.002179224131440668,0.0028076885238941585,5.908476874233176E-4,0.0075192611342136725,0.001517841180243177,0.0031737368060468585,0.0066400200372237345,0.006731129531112417,0.013116279170908135,0.007414962255489846,0.001023882051268021,0.0028911725716163073,0.0186352059328804,0.0014439921389276177,0.015817481693494544,0.00285081051503917,0.009253762157654055,0.009051704159548193,0.00869534086191372,0.005178890971961378,0.002131579714952249,0.007613766799878598],[9.534512983757549E-4,5.29303676603832E-4,0.001844089229749526,2.776028832251231E-4,2.5337303681677905E-4,0.017432230501424575,0.02602806643595964,0.0010064337334376283,8.883509131872255E-4,1.8569842616310061E-4,3.4654089182557964E-4,0.0014061915181255357,0.0014042896120263493,9.8588549922012E-4,0.00161551253660362,0.006317509738901381,0.001120913964750778,0.002555354863094884,0.0012284274219123792,0.001329428026374856,0.01061990815705253,0.0014807050746236394,0.0010917168822759922,0.002276373297234794,1.0,0.0010427496782939908,0.002099128149712669,3.444380282591065E-4,4.551934909514382E-5,0.0011494523213327595,0.001004707491879806,0.0012882720846806991,1.1450698961546899E-4,0.001440686734688606,8.32976201545784E-4,0.0011739328997723492,0.004791034177547859,6.468377488733493E-4,5.798153828292102E-4,0.0013792013698149812,0.029355625885111047,0.0010240908721589248,0.024776999126866008,2.555506187479244E-4,0.0018193256969943545,6.998157814009897E-4,0.0053078013819354165,0.0012530896325673006,0.0011730893223331072,0.0060645890415232185],[4.89192781288978E-4,3.9085020099094257E-4,0.0020918539272552273,8.983791534567469E-4,6.500451651910655E-4,0.006944186743230116,0.022721599689267246,8.269771784935694E-4,9.245631665154361E-4,2.70938451091733E-4,8.101200037952306E-4,0.005749942590270874,0.0010270018510709666,3.167628626019265E-4,0.0013089235466465616,0.008152220791326686,3.6661175864305124E-4,0.0013096647167805504,0.0010096108603189588,0.0011262085285531254,0.007005861183913319,0.0013204424471137904,9.973151523954844E-4,0.002020236798689136,0.0010427496782939908,1.0,0.002376475463176542,4.227445724343202E-4,5.014768798008055E-4,8.091886734005211E-4,8.623232051195746E-4,0.0011455479723914124,4.6705073436611663E-4,0.002231536954767051,7.195841682315735E-4,1.3964091862695623E-4,0.005648179674747199,3.292637704839166E-4,8.844553873174471E-4,0.0016560518007608823,0.01837132493379148,7.922737185555611E-4,0.004766011185888675,4.7934544925510507E-4,0.0020037578019918775,3.2693439184070487E-4,0.007981003656156189,9.805219385284095E-4,6.097053308326392E-4,0.00483584642904211],[0.002920111542741913,0.0016302981699663202,0.0036722857724410026,0.002655035596813937,0.004037822874505427,0.012895458057087118,0.009340699340739785,2.889999877586987E-4,9.612270145585276E-4,0.00399703697417859,0.003702836589776641,0.009151147960054118,0.0036853020649403423,0.004111777260168738,0.0034541751082035463,0.012189326818108213,0.0026036685855330578,0.004063831241472039,0.0019909918618841813,0.004361242646392863,0.023199664274030234,0.0023737653600787003,0.0013428960945245081,0.005241559936416745,0.002099128149712669,0.002376475463176542,1.0,0.004166097668066679,0.0038063865608181854,0.004617656174924574,0.004609489410616007,0.002602401101610108,6.132207869611284E-4,0.004255183617657984,0.002899556040408507,0.0020715754160337114,0.009653322875251058,0.002548133537855631,0.004422048198896724,0.002371442149634273,0.025769061944602902,0.001538140128410361,0.012950396971679885,7.211610717714196E-4,0.003992489895136378,0.00440636647578802,0.007325023223791475,0.0038424236376429135,3.421976778735266E-4,0.005829564247894363],[3.9574234027382865E-5,1.0769715764524635E-4,0.0016866322073850377,1.1195825081261302E-5,2.820344390765401E-5,0.014861959939800325,0.03539034326239799,1.1038346405146464E-4,6.798888477298419E-4,4.923092548333148E-5,6.054828748547941E-5,0.009874663473415434,5.724861485203455E-4,3.5247230965773555E-5,0.001225390285895839,0.005540129629165452,1.4694720630842393E-4,0.003435957556666228,6.898454751175934E-4,2.555292856857124E-4,0.024523704572972913,0.0012160737709682363,2.2084998701174213E-4,0.00867459115833008,3.444380282591065E-4,4.227445724343202E-4,0.004166097668066679,1.0,2.9741860676654473E-5,9.304278061414611E-5,2.0916943888428833E-4,0.0011880758128661943,6.58026122296711E-5,0.001031984531182769,1.5516879818990728E-4,7.820162855052125E-5,0.007221282801654917,1.0519606582990902E-4,9.616459156056577E-5,4.792801007297647E-4,0.02792852825679352,3.799630412531917E-4,0.006265767361627933,5.400771190935002E-5,9.175242858536961E-4,2.580586419067041E-5,0.0021688232804988545,4.35729957730199E-4,8.166097530763384E-5,2.3617185844292357E-4],[6.330025329054942E-5,4.753503687670499E-5,3.504763653903142E-4,2.1257280371879918E-5,2.8493817833896037E-5,0.0059994178790812825,0.005435631948192915,1.3588337191671238E-4,4.066228598083333E-5,9.110694347935274E-5,4.389601131366601E-5,0.010717452437534754,8.567081109652971E-4,7.033713452144226E-5,0.001576171028038861,0.00420002240670457,2.106302374691013E-4,0.0012044139582062874,9.590710265735243E-5,7.380772915054624E-4,0.012537571640207575,4.5118434204847183E-4,8.829993604941694E-4,0.002179224131440668,4.551934909514382E-5,5.014768798008055E-4,0.0038063865608181854,2.9741860676654473E-5,1.0,1.6861242647314389E-4,8.819866175771728E-5,0.0010128873992978989,5.410220042195626E-5,0.0014708005622346384,3.6655714935860554E-5,5.8865769557919525E-5,0.00164775824744673,6.41982013006596E-5,1.5067846341138173E-4,0.001669750711464278,0.00773819636399068,2.9521511029483304E-4,0.0174667346000108,1.6436102494380464E-4,0.0022084319041135634,2.550828551567869E-5,0.0073823426313448645,7.781175663746515E-4,2.2022926688502938E-4,0.0020185539755337555],[3.394583074016412E-4,1.9796325098084142E-4,0.0017012243076763882,3.31426341003086E-4,2.5443207033741153E-4,0.00388942271293635,0.012649055606673365,3.087160104326834E-4,4.7091729021954464E-4,1.5533505104810478E-4,2.3707597903990525E-4,0.010817263383735202,6.170888731311349E-4,2.2736182358271497E-4,0.001272589624907557,0.010520579272481515,3.4017766276893966E-4,0.001689821268097861,0.0011451049369639635,3.6962607813089695E-4,0.03579880042821448,0.0013688832399201185,5.711496759346331E-4,0.0028076885238941585,0.0011494523213327595,8.091886734005211E-4,0.004617656174924574,9.304278061414611E-5,1.6861242647314389E-4,1.0,3.3230077678828517E-4,8.592660995404359E-4,1.2212441498174722E-4,0.002019142422503527,2.945068941573922E-4,1.329864537334949E-4,0.00914281078298832,3.0729276713911934E-4,3.255627849022131E-4,7.062093726151339E-4,0.018378577821099855,3.91503626884859E-4,0.010363427701201786,2.563175681246737E-4,0.0021483544709790013,2.017162679466815E-4,0.001612310376900287,8.308980943524421E-4,3.290068156438799E-4,0.00565454826475779],[2.912649653852909E-4,1.685213988724524E-4,6.246867769411207E-4,1.0458783081418933E-4,1.9392997422649778E-4,0.003318316936295068,0.03614848357562425,1.563082423119823E-4,5.912477127904065E-4,2.991251675819915E-4,2.674286684522753E-4,0.00591564659318383,8.023181096059814E-4,1.1659448661015301E-4,0.0013825376378392355,0.0018297443081905416,3.008114695948126E-4,0.0015466602419602822,5.139890572064899E-4,0.001105172608898147,0.006006249527850724,0.0014745102789588157,3.6933634874402254E-4,5.908476874233176E-4,0.001004707491879806,8.623232051195746E-4,0.004609489410616007,2.0916943888428833E-4,8.819866175771728E-5,3.3230077678828517E-4,1.0,5.197154641386364E-4,2.134388498229762E-4,0.0020126141870511357,2.934401930781705E-4,2.6467706852020394E-4,0.01178804367406706,3.0228353464058124E-4,2.4744200764783924E-4,6.154583584169995E-4,0.006726340967470829,3.297271502351452E-4,0.0026381299759991664,2.834232125324326E-4,0.0019813281854453918,1.8582761228516144E-4,0.002861104708918183,4.1172454656254493E-4,2.916349002834414E-4,0.003657925284540795],[0.0016836265344541109,2.4321710066678513E-4,0.001980269161411026,0.0017386528371340997,5.010639867336693E-4,0.007841589351035001,0.03560177869840265,0.0012296803636715045,0.0018525356688107834,6.020485611388343E-4,0.0010171325897335274,0.007536337243329182,0.0015860864332858762,0.0010973370244531286,0.0017190990108381327,0.006974309276380658,0.00102072334991892,0.002484262446994602,0.001219984098225528,0.001533996841078223,0.01986628171151074,0.0017364228020413151,0.0014932163610905233,0.0075192611342136725,0.0012882720846806991,0.0011455479723914124,0.002602401101610108,0.0011880758128661943,0.0010128873992978989,8.592660995404359E-4,5.197154641386364E-4,1.0,2.3928681953676567E-4,0.0021412364713032407,3.0680049072039886E-4,0.0017621800198565165,0.007873250964405883,0.0012302578706893,0.001497337279786415,0.0018169092719359104,0.0021434970145484773,6.064761602051693E-4,0.02228359599257169,0.0011430817957621664,0.0022164747212961543,0.0014488150692208955,0.005464121652317128,0.001050200303897128,0.001724594611140991,0.004307398539572056],[1.393404709494244E-4,1.2141105598753333E-4,3.978291211801211E-4,4.023413767706543E-5,1.0732105028147675E-4,0.0019503932043455235,0.037881379750903964,1.196637743946743E-4,3.1962599783852093E-4,1.0613647931042978E-4,1.0474782958491444E-4,0.008940823917644091,8.896881824457664E-4,1.0964321832101043E-4,2.2024595492617062E-4,0.00507009540621238,2.740518659811791E-4,0.002093855420875225,7.638763160617255E-4,5.162388833823468E-4,0.009352138397772445,0.0013212955396456566,5.717630696439799E-4,0.001517841180243177,1.1450698961546899E-4,4.6705073436611663E-4,6.132207869611284E-4,6.58026122296711E-5,5.410220042195626E-5,1.2212441498174722E-4,2.134388498229762E-4,2.3928681953676567E-4,1.0,9.860138505142426E-4,1.4627441313500196E-4,1.1487819274580028E-4,0.01595345597943586,1.2254094632586194E-4,1.7876929982908925E-4,9.84579789297368E-4,0.021595189350977883,2.499229884744508E-4,0.028122590398232603,1.459057116548172E-4,0.0020600790594265724,2.236138631855007E-5,0.0028932374555226317,9.52795154078951E-4,2.129507782644582E-4,0.001899282513536474],[7.171888994901609E-4,0.0018141990027427184,0.002288287869827045,0.0018176578617559013,0.0021828571642524323,0.007519803979107537,0.0025118917734352104,2.7850653513319945E-4,0.00193626059618591,0.0012802398178641252,7.256413048837854E-4,0.0044349118926738824,0.002276223714817045,0.0020718117256324493,0.0019524490773427197,0.007898554671055005,0.001102838373912663,0.002581951913730309,0.0014473735091068954,0.002171384345192446,0.004823072832449074,0.001667323046550001,0.001156971993004945,0.0031737368060468585,0.001440686734688606,0.002231536954767051,0.004255183617657984,0.001031984531182769,0.0014708005622346384,0.002019142422503527,0.0020126141870511357,0.0021412364713032407,9.860138505142426E-4,1.0,0.001728340487138245,0.0015773099715599157,0.015522461392885519,0.0011857806769516922,5.719999197640665E-4,0.002083183280244832,0.01359328380076853,9.393837907167772E-4,0.011924185804841874,3.7887206493192235E-4,0.0023070164772473886,0.0021513360609897217,0.00291872183798885,0.0017595512859222557,0.0019858397750995953,0.004977295314948852],[1.815889277662229E-4,1.7748357324085356E-4,0.002171685320706854,4.105889248228284E-5,1.8047970868478492E-4,0.014598984959522507,0.02019262702525489,1.4869398403046573E-4,4.465278962413922E-4,1.6677592493062344E-4,1.390410102010354E-4,0.009461551852128994,0.001310742404365027,1.529077218998162E-4,0.0011542569935765496,2.5435900724940654E-4,2.9025391079845914E-4,0.0032883101382099435,0.0010101874483472552,4.475001327201219E-4,0.019305304446296835,3.187794090230486E-4,7.65293462990591E-4,0.0066400200372237345,8.32976201545784E-4,7.195841682315735E-4,0.002899556040408507,1.5516879818990728E-4,3.6655714935860554E-5,2.945068941573922E-4,2.934401930781705E-4,3.0680049072039886E-4,1.4627441313500196E-4,0.001728340487138245,1.0,1.4831625309413556E-4,0.012654091878989528,2.071582942219745E-4,1.839963813758386E-4,0.0012701205523363865,0.019955847088811103,3.512875913112072E-4,0.014620617340854056,2.0061468367490415E-4,0.0017602167911103513,3.41702672243269E-5,0.00428444449540564,9.477043978822473E-4,2.0447787700056568E-4,0.004721320538149559],[1.336279782540789E-4,1.3159564060802E-4,6.969572133957833E-4,9.730089479449404E-5,1.135287098973459E-4,0.017491472627277994,0.004174242702765969,1.2888320966336685E-4,6.151352747694109E-4,1.1139663692990671E-4,1.1801113900482754E-4,0.0020191457867575406,2.1842827874150156E-4,1.1449234545703731E-4,0.0013361546680887588,0.005265424058743875,1.664670426616777E-4,0.002339524535816771,9.545993305749897E-4,3.296329473644761E-4,0.019560930134765907,8.937737713832592E-4,5.385342931912365E-4,0.006731129531112417,0.0011739328997723492,1.3964091862695623E-4,0.0020715754160337114,7.820162855052125E-5,5.8865769557919525E-5,1.329864537334949E-4,2.6467706852020394E-4,0.0017621800198565165,1.1487819274580028E-4,0.0015773099715599157,1.4831625309413556E-4,1.0,0.012092814558999283,1.4070253782723382E-4,1.2441628773816204E-4,5.09679596490603E-4,0.009983610168966333,1.6714464344815558E-4,0.0240214008287049,1.9509507077299698E-4,0.0014586317940109307,1.0017945595227537E-4,6.875441583348419E-4,1.775571343123798E-4,2.1251324165153754E-4,0.00469752342934716],[0.005739745811088333,0.0025056412682075094,0.014874818333911601,0.0026774425601784023,0.0017115897513181773,0.01675147295188107,0.017379787787053045,0.0012774242781209003,0.007072474345373821,0.002689688564491712,0.0031657292230815384,0.01435099836101206,0.004025877190406131,0.013754762715436946,0.013951491789291365,0.015643314878171694,3.817707147434178E-4,0.008833639007829025,0.00871013416394106,0.009595695179135626,0.03159113156967171,0.008116436964410514,0.0022486468472584006,0.013116279170908135,0.004791034177547859,0.005648179674747199,0.009653322875251058,0.007221282801654917,0.00164775824744673,0.00914281078298832,0.01178804367406706,0.007873250964405883,0.01595345597943586,0.015522461392885519,0.012654091878989528,0.012092814558999283,1.0,0.004427144690160335,0.015427867237578222,0.01021864418815335,0.019267006763990884,0.006233416545107723,0.026939100383223162,0.0028753398292700586,0.005352821806560241,0.0030230249698465954,0.008963057959261432,0.007645887433263851,0.015534956432443731,0.014764790349513168],[2.2360972719532148E-4,2.157914536131598E-4,0.0012486605139529938,2.8373467546835107E-4,2.468842733813179E-4,0.011617311570425814,0.01414864176552827,1.8296307032182238E-4,3.247468719017692E-4,2.2119704335254423E-4,2.018289960120012E-4,0.006098062304898019,6.580810560532643E-4,2.1465092410460058E-4,9.961210601016632E-4,8.09396673545753E-4,2.9802182577268806E-4,0.0026492110506029874,4.3134023503873695E-4,5.697570190765762E-4,0.012498883893674458,4.4080526035709185E-4,5.197441742534011E-4,0.007414962255489846,6.468377488733493E-4,3.292637704839166E-4,0.002548133537855631,1.0519606582990902E-4,6.41982013006596E-5,3.0729276713911934E-4,3.0228353464058124E-4,0.0012302578706893,1.2254094632586194E-4,0.0011857806769516922,2.071582942219745E-4,1.4070253782723382E-4,0.004427144690160335,1.0,2.387057872133675E-4,0.0015301550392441896,0.01568513424028085,3.3754157254113957E-4,0.007381313244307141,2.825971047649119E-4,4.0297848447324555E-4,6.494728984895246E-5,0.005091993017411745,6.405138292974919E-4,2.699099633324254E-4,7.363811079385612E-4],[1.830847004133038E-4,1.555071022723086E-4,8.573867958263071E-4,1.0489589532783844E-4,4.7728732842843756E-5,0.0013967100138215,0.010042023977817612,1.5732135101503072E-4,3.083982571842265E-4,1.33060