[[1.0,1.8502746197872756E-4,3.2928593165419847E-4,0.003215496153549699,3.447526829997902E-5,0.009330726673693347,0.0013163378481450615,1.4527264823973677E-4,1.573222236880576E-4,3.5180088760826893E-4,4.93031600617563E-5,9.650711916029165E-5,0.0015027144820246054,6.248574285575092E-4,6.602392906846965E-5,3.480653461974881E-5,0.0010204893564695339,3.8807185255129955E-4,4.158531881010788E-5,7.228503707202018E-5,7.293133961178072E-5,2.52908084336738E-4,6.166825654430641E-4,3.0198006680073105E-5,6.1029240763477685E-5,6.855514536427946E-5,0.0013185179475711498,2.4378456736347004E-4,1.890025426786959E-5,0.0038559950202352155,5.694968175108782E-4,0.002757925044253498,5.0656664410338796E-5,0.040240703755101866,0.007290213460538982,3.045047751091133E-4,8.726249470778862E-4,0.00816184503548578,5.647451622467436E-4,2.4925420275619586E-4,5.966101588599893E-5,0.0011876538426607696,1.1366713857908418E-4,7.559100987146975E-5,1.1253273603908798E-4,0.0030824824351011358,8.911511788313502E-5,5.1430382409686207E-5,4.4511143711984877E-4,2.921664978466213E-4,5.124624184131028E-5,2.7524538764326636E-4,0.021569225911520832,4.236104020649353E-4],[1.8502746197872756E-4,1.0,2.081955147137618E-4,0.0025440338801111318,1.535211836894138E-4,0.005960784592526077,7.371537408253681E-4,1.853914973509748E-4,2.0545642495237588E-4,3.853866398226194E-4,4.3665150794750015E-5,1.689831203485679E-4,0.0011381853931305816,2.022753195540902E-4,1.1217368299665646E-4,1.5931802652138763E-4,4.5579656815122026E-4,7.052768623711074E-4,1.6801708153540428E-4,1.664501750773593E-4,2.0562395432004093E-4,2.873544543266759E-4,5.553509857254939E-4,4.532922914385472E-5,1.7335818332589844E-4,1.7902544797217184E-4,0.001178556558033109,3.0266027106621576E-4,1.6340809691873255E-5,0.002368183205793446,0.0015435132789857456,0.001732028892339063,1.5801049102144495E-4,0.006088502599773373,0.014121541832800398,3.018240426784219E-4,0.0020007076428457306,0.0017783000768195,3.286891182882495E-4,3.3471449914226935E-4,1.8356881681445174E-4,5.639797932360603E-4,6.071028995855059E-4,2.3157908621638295E-4,1.5944491295290326E-4,9.807034807394087E-4,1.4264048005268245E-4,1.0095729405776534E-4,2.919309316804663E-4,3.4420687806212524E-4,6.892259961303957E-5,2.4353838149826008E-4,0.0038034827031376258,0.0012166430827626534],[3.2928593165419847E-4,2.081955147137618E-4,1.0,0.0017953368177792421,1.4288139183002004E-4,0.011440424747860941,8.763103086513438E-4,2.0525369109368762E-4,3.265232737948719E-4,3.5315693960475894E-4,2.2333575540936244E-4,3.2060541357708443E-4,4.6791668114954017E-4,6.519321237768315E-4,1.2303551975962308E-4,1.8596451477227445E-4,0.001294053031142189,6.190294036265399E-4,5.650422829520239E-5,3.1691999001174525E-4,2.9634232992185893E-4,3.2683078947911306E-4,0.0011207262771272522,7.857889072481656E-5,2.573527298554616E-4,2.530625356731372E-4,6.579806522159894E-4,3.280418516162705E-4,1.0715887142268757E-4,0.004554588399736861,0.0014672998419637652,0.0040470445405389865,2.3368160873497363E-4,0.03806248087050241,0.034653316330456846,3.341559664207598E-4,0.0021466564956000253,0.004146232976176246,6.234063267014647E-4,7.110135545105339E-4,2.56444557398564E-4,8.654662485035334E-4,4.3439910341228164E-4,2.9953971706654116E-4,3.2030063825091754E-4,0.008228262304399016,1.9789024096938793E-4,4.38674327550055E-5,6.531165061624549E-4,4.8468416164235937E-4,1.1890660436314676E-4,2.875981009678196E-4,0.011658338112664243,5.321139864405985E-4],[0.003215496153549699,0.0025440338801111318,0.0017953368177792421,1.0,0.001145971208488476,0.0077048574792708225,0.003616259321157985,0.0021764596203416977,0.0034190205916106104,0.0032813185248855414,9.337563420920952E-4,0.0031245460469652726,0.0033205447833219463,0.0032701519755711983,1.412793603000594E-4,0.002946097849307809,0.002719735421816212,0.0024395774402706447,0.002026177786988178,0.0013739998516704047,0.0018073819029234062,0.0037172590151728527,0.0026376616826212576,0.0015657878181296366,3.074161398364946E-4,0.003224891907804836,0.0014923063849197795,0.0027002521432190245,0.0010842556193377195,0.008580906643344955,0.0026735252934757033,0.00437924968169065,0.0032674588517163715,0.005818582774779707,0.02301647469213173,0.0033618508634379804,0.0031532968879025235,0.008257049847303018,0.0024462424462701427,0.0014883234276097232,0.002252099703626882,0.0024533702221527223,0.0016955199762188175,0.0019732627679254523,0.0026448266173362753,0.005589467203668707,6.247805553212019E-4,8.759629414779702E-4,0.002909839910261034,0.003907470422145079,0.0029720161081070147,0.0033762183103030613,0.019057194423519806,0.0026738491487592136],[3.447526829997902E-5,1.535211836894138E-4,1.4288139183002004E-4,0.001145971208488476,1.0,0.012290432761047467,9.157484195073372E-4,1.0775989631897368E-4,8.122828653716809E-5,1.265656176874756E-5,2.1719216274417822E-5,6.621394011693523E-5,4.782017370023447E-4,6.70553266575595E-4,3.2383292689545585E-5,1.2254088595145246E-5,6.537755224996862E-4,3.700540858526841E-4,2.5258631768542237E-5,1.4202953069510489E-5,6.807433905576843E-5,3.305127927256979E-5,0.0011991915069066697,1.403657214458725E-5,2.0180902304656203E-5,6.505749953611513E-5,7.466482664045322E-4,3.0101772763558524E-4,1.2730964322556088E-5,0.010909779095923923,0.0012837877935724055,0.003743278055618972,1.1820728403068885E-5,0.0018561742138347769,0.029045572275458217,2.754339325828739E-4,0.0020259656505245863,0.0013203525926890282,2.2375449942949575E-4,2.510275257682386E-4,6.294411928764366E-5,0.0016477352362620032,7.272098299667692E-4,1.8165471314610088E-5,9.473280307705786E-5,0.009109433764294914,7.559882079711604E-5,1.1550503864043136E-5,4.4069254969987564E-4,9.517542916610198E-5,1.6098849420751633E-5,1.6578278396991753E-4,0.025213102254271133,1.1728016252585335E-4],[0.009330726673693347,0.005960784592526077,0.011440424747860941,0.0077048574792708225,0.012290432761047467,1.0,0.008893467927863736,0.007433554787514518,0.003020138996958202,0.002472246698539448,0.0033708681996685906,0.0037055280992111276,0.00870437091685064,0.010631993135084164,0.005437659337052473,0.006164107431237195,0.004099899062389491,0.005602866075584356,0.0020698258932603034,0.005790387517471977,0.0023188984286182626,0.009439605908724565,0.006915446714977212,0.013959123843065264,0.00843341643554201,7.2554782181862E-4,0.004676559914867326,0.0013953647520465115,4.01987844598342E-4,0.014170610648290081,0.01368122014193178,0.0068685733037190805,0.01225944863826744,0.01988474639172536,0.03476756004410471,0.010113082208174817,0.011919623727346375,0.014118288652129433,0.014147497124606452,0.006384835374909328,0.003019324210611111,0.011334994690177918,0.005176087582944494,0.013893630447396952,0.013800829909350063,0.013447783395655848,0.011465824111820615,0.007693687962767432,0.012326291460601829,0.0024912825591752825,0.00817117979525476,0.005742451564378047,0.023933161685970816,0.005440334749660707],[0.0013163378481450615,7.371537408253681E-4,8.763103086513438E-4,0.003616259321157985,9.157484195073372E-4,0.008893467927863736,1.0,0.0015103754133907101,8.934630763080085E-4,6.542508693211548E-4,3.2249894544470695E-4,8.495357831302963E-4,0.002239909847296397,0.001574561661812284,8.597631047192474E-4,0.001043213335063646,0.0015103170831566022,0.0015502279465309618,0.0010132381497548603,3.981524193982804E-4,0.0011195425682906145,4.2992004079767636E-4,0.001542219233114474,0.0012277425096326256,6.161502186930216E-4,0.0015329250779296947,0.0014358081982067414,0.0010462923504961238,1.5426355622659787E-4,0.007066849361406879,0.0016646834351880721,0.004376994926239422,0.0012550442298888524,0.037296215642452835,0.03195669293249499,0.0015427220803891644,0.0021488607067811803,0.006312725699813436,0.0013449758669316972,0.0015200566502159428,0.0012509131334202507,0.0016794880518663034,0.001596161758923471,0.001467789688766141,0.001446309581073379,0.0036288317683467273,0.0012947109829720689,3.6471268053030236E-4,0.0012613316988707595,0.0012304142183215277,9.074574178809298E-4,0.0011134050255234345,0.01303373603161851,0.0013167291176455298],[1.4527264823973677E-4,1.853914973509748E-4,2.0525369109368762E-4,0.0021764596203416977,1.0775989631897368E-4,0.007433554787514518,0.0015103754133907101,1.0,2.824670235527962E-4,3.14613131832196E-4,1.3986371984324073E-4,1.2023391994423792E-4,2.451344162723172E-4,8.590203737582474E-4,1.1289300176071403E-4,1.3458232913552938E-4,0.0010024530175437502,5.314498890970781E-4,1.176268264469502E-4,1.6751368675161304E-4,2.0130055520543668E-4,2.550256474186018E-4,7.753695588187145E-4,1.6879858999550875E-4,1.165107368310975E-4,1.2627538098290264E-4,0.0012010233038225674,2.4010956730805688E-4,1.0211373898540046E-4,0.0021209604144222603,2.0829056651995397E-4,0.0017539828462646092,7.98876373492528E-5,0.030973337898908857,0.025497486325992597,1.8459931196297563E-4,7.332592510856489E-4,0.007390431307629884,4.283470467649707E-4,6.832230517314477E-4,7.937277379249248E-5,0.0010168281011883214,8.74235834364886E-4,1.736008833637767E-4,1.5096925236320245E-4,0.006778789325203355,1.6230135033570042E-4,1.556937704915998E-5,7.075692022301013E-4,3.9936296185700247E-4,1.5722578120353327E-4,2.6541214216190917E-4,0.014748350102248314,0.0011491141070895186],[1.573222236880576E-4,2.0545642495237588E-4,3.265232737948719E-4,0.0034190205916106104,8.122828653716809E-5,0.003020138996958202,8.934630763080085E-4,2.824670235527962E-4,1.0,5.291690876011472E-4,2.4156956673805066E-4,2.2068806228196244E-4,0.001626183823384165,0.001091138559401401,1.5736867520117363E-4,2.1800896099731946E-4,7.384750749634012E-4,7.626125362761552E-4,3.371197333948806E-5,2.496312361911039E-4,2.640863603660163E-4,2.9588750989047174E-4,0.0013113771417153216,3.799441525113101E-5,1.6040097812178574E-4,2.423851611038726E-4,6.077802761649109E-4,2.9401610718920865E-4,1.941449648193093E-4,0.006580600842141561,0.0013707872401872143,0.004079003186458948,4.782201241925039E-5,0.009625201483408891,0.022243947395191657,2.963360061904896E-4,0.0016112856423409036,0.00463950199472108,6.914397908198582E-4,5.567005672944089E-4,1.901506054765215E-4,7.35572374263319E-4,0.00100028619941224,2.761598040225883E-4,2.7869065633203137E-4,0.007181763580846895,2.3559742565879238E-4,2.3871910210290792E-4,7.719537580756898E-4,8.805009262572024E-4,1.690897970238115E-4,2.8737748788629035E-4,0.0030408446200988148,0.001012030208529126],[3.5180088760826893E-4,3.853866398226194E-4,3.5315693960475894E-4,0.0032813185248855414,1.265656176874756E-5,0.002472246698539448,6.542508693211548E-4,3.14613131832196E-4,5.291690876011472E-4,1.0,4.3882416662204145E-4,3.148564243773626E-4,0.0023943624097095897,6.511539591429694E-4,4.926554193862466E-4,5.564599342479267E-4,0.0012037712080746866,9.15598790056322E-4,4.6356209507615706E-4,5.20313790760473E-4,3.770890220472843E-4,4.36936633603326E-4,0.0013338708091164028,2.897155667007786E-4,4.676872551411687E-4,2.6283159376798854E-4,0.0011354423710072015,4.01666282282443E-4,7.120555552432979E-5,0.011735402021596343,7.968870950459595E-4,0.004243502576649656,5.17792397408767E-4,0.011087476685927545,0.022322968406166706,4.063524751617524E-4,0.0013168874058144993,0.006577932940947884,5.931377816344804E-4,7.180922414214553E-4,2.3850518887535364E-4,0.0010356805914822746,6.929899072859506E-4,4.830738875675717E-4,3.241519618306369E-4,0.005414921901325266,3.4606326909779187E-4,6.02269938528197E-5,8.370446325273852E-4,6.879038140034864E-4,2.359166727246165E-4,4.3540271549563484E-4,0.014009818784065643,7.884633918191332E-4],[4.93031600617563E-5,4.3665150794750015E-5,2.2333575540936244E-4,9.337563420920952E-4,2.1719216274417822E-5,0.0033708681996685906,3.2249894544470695E-4,1.3986371984324073E-4,2.4156956673805066E-4,4.3882416662204145E-4,1.0,8.29051108443685E-5,7.060347256269953E-4,4.4958690445002104E-4,6.240015350211613E-5,2.773065530262322E-5,5.485725134733989E-4,0.0013317467752897653,3.9041769701986915E-5,1.1899233335184056E-4,1.9724661649486494E-4,2.7082362861092363E-4,2.600432294105054E-4,2.5690315808631456E-5,7.213440828236721E-5,9.862176245861392E-5,6.072454493250835E-4,7.069601220795431E-5,3.352018627257454E-5,0.0067226350194260435,0.0010771941630707501,0.0023012478622693702,3.518066485072588E-5,0.022725845393878723,0.0157186558591257,3.402494887779795E-4,3.626992832719756E-4,0.00538414354405352,1.9512025947010755E-4,7.780286787544489E-4,6.20116188526789E-5,1.0753534489435077E-4,1.939812111089774E-4,1.8643784451568405E-4,6.20000869946221E-5,0.012380933218563395,4.127811633304935E-5,1.4466762661418214E-5,7.658273428846893E-4,8.563565924826783E-4,3.82084063869399E-5,6.557342529277782E-5,0.015158524179000545,9.88361561223701E-4],[9.650711916029165E-5,1.689831203485679E-4,3.2060541357708443E-4,0.0031245460469652726,6.621394011693523E-5,0.0037055280992111276,8.495357831302963E-4,1.2023391994423792E-4,2.2068806228196244E-4,3.148564243773626E-4,8.29051108443685E-5,1.0,0.0010413077150364697,4.176777496440621E-4,8.59240101068376E-5,3.4651076232613135E-5,0.0010358728151841554,2.8773828448087126E-4,1.0424319334815144E-4,1.402329265078086E-4,1.8910615769773795E-4,2.5582003039061735E-4,8.657751693776107E-4,8.635116098989869E-5,1.0591871106031092E-4,1.0346175667065375E-4,0.0013246585959417604,1.1375982261774003E-4,3.968774945590606E-5,0.0024305942974473644,0.0016395093671600792,0.0045499605527155994,5.788669441560113E-5,0.01188035481510053,0.03530549074960637,2.9441958691431373E-4,3.330932771662407E-4,0.0050548115951129366,2.4802591123293126E-4,2.666209466306117E-4,1.0137364690097342E-4,2.4598656013600996E-4,6.274524506867965E-4,1.9241293632680677E-4,1.3850313143927022E-4,0.009657117380650622,1.221748723639011E-4,3.7806116934024126E-5,9.608531912614331E-4,4.0506456744047564E-4,9.004185438907326E-5,1.6204165172426072E-4,0.01606185671333041,2.811609887553254E-4],[0.0015027144820246054,0.0011381853931305816,4.6791668114954017E-4,0.0033205447833219463,4.782017370023447E-4,0.00870437091685064,0.002239909847296397,2.451344162723172E-4,0.001626183823384165,0.0023943624097095897,7.060347256269953E-4,0.0010413077150364697,1.0,0.0017468839000222868,2.0262496292019642E-4,5.535435953498692E-5,0.0016107104900929517,0.002392505389610519,6.448371498130001E-4,0.0011968852285766463,3.856614744282024E-4,5.80704653193974E-4,0.0015269542561030382,0.0020015289598013723,0.001278001880205726,2.1537821659555417E-4,0.0016571216510217757,0.0016202515392943536,0.0013151368060116647,0.009295089269085177,0.0019645835084981687,0.002728845708006367,0.0018203124066402416,0.008607640074056802,0.02364256894201032,0.0012141550885048655,0.002322489222092125,0.0057945635569740615,0.0013843275464897101,0.0016319345520491705,0.001927815876708511,0.0023134754702016595,0.0012204420058349998,8.023274351774118E-4,0.0012798358779894437,0.008009591425397632,1.8958703359657822E-4,0.0015409588205301868,0.0011644017077922313,0.0019843130302255748,2.5286516424802215E-4,9.236589105929291E-4,0.009802375498009159,0.0018102049144833158],[6.248574285575092E-4,2.022753195540902E-4,6.519321237768315E-4,0.0032701519755711983,6.70553266575595E-4,0.010631993135084164,0.001574561661812284,8.590203737582474E-4,0.001091138559401401,6.511539591429694E-4,4.4958690445002104E-4,4.176777496440621E-4,0.0017468839000222868,1.0,2.2974793572175207E-4,4.683788026296958E-4,0.00127847370457524,0.0013042443569620263,5.232529018073357E-4,1.772562849495591E-4,5.18092011672037E-4,6.513966011205685E-4,0.0011912013124407562,5.283108728744558E-4,4.4234558928397277E-4,9.695400030598253E-4,0.0014015477810275592,0.001044431019131323,7.615352827331388E-4,0.007327661082080016,0.001498993685971115,0.0017745352446497397,4.920341067930284E-4,0.027540291254944456,0.014220721336473664,9.801702678706608E-4,0.0014275138391942259,0.0083756935300839,9.90454614939636E-4,0.0011210085970159854,5.704849919756765E-4,0.0013954894931196046,0.0011107069963926124,4.438248334475132E-4,6.976798524802456E-4,0.01162652594928357,3.039883849622765E-4,0.0010712208803588712,0.0010521979273527885,0.0011459862375787903,1.9224054777091477E-4,0.0010708146022139725,0.02154021418829188,0.0011534918368628427],[6.602392906846965E-5,1.1217368299665646E-4,1.2303551975962308E-4,1.412793603000594E-4,3.2383292689545585E-5,0.005437659337052473,8.597631047192474E-4,1.1289300176071403E-4,1.5736867520117363E-4,4.926554193862466E-4,6.240015350211613E-5,8.59240101068376E-5,2.0262496292019642E-4,2.2974793572175207E-4,1.0,2.0283649970293013E-5,0.0010218775280429668,0.001353873830740482,4.273744193946328E-5,1.4581545852262865E-4,1.9444422290617653E-4,9.187613340893012E-5,8.718294139812589E-4,4.4411078623136205E-5,9.127285619673894E-5,9.671321728187734E-5,4.482575304906841E-4,3.0263669298681513E-4,6.978458048950658E-5,0.008289517164371187,0.0016097760564074489,0.00450782883157604,2.7805711750506262E-5,0.030412836059092514,0.006491851951895183,8.169517607004541E-5,4.8182770420751033E-4,0.004646751099949029,4.8378413620721707E-4,7.275187092089825E-4,7.87911132110822E-5,0.0018100820625616355,6.152634719362598E-4,2.2730990606739996E-4,1.3020945602278057E-4,0.00377321175196109,1.0804266331956229E-4,3.2110732858651805E-5,7.12619801190771E-4,2.176895584653207E-4,7.504864335606622E-5,2.2947399517307476E-4,0.012889559110638892,4.2563201983780404E-4],[3.480653461974881E-5,1.5931802652138763E-4,1.8596451477227445E-4,0.002946097849307809,1.2254088595145246E-5,0.006164107431237195,0.001043213335063646,1.3458232913552938E-4,2.1800896099731946E-4,5.564599342479267E-4,2.773065530262322E-5,3.4651076232613135E-5,5.535435953498692E-5,4.683788026296958E-4,2.0283649970293013E-5,1.0,1.3997815908775016E-4,6.632445458157573E-4,2.826017530829613E-5,8.949046433724217E-5,1.916008831760915E-4,6.512261540767476E-5,3.2632343924072745E-4,1.8959816081859078E-5,1.006133175367935E-4,2.5116682446286874E-5,5.991971834043353E-5,2.776306638542429E-4,1.526834284270811E-5,0.00918049080835084,0.001043629377397372,0.00298660457877323,2.29290249306384E-5,0.029034176340499686,0.01928132253117349,2.1877808327351556E-4,0.0018007784702742634,0.0026059410571953527,7.166614935975338E-4,5.280013260862156E-4,3.8599636158364106E-5,3.745859705885684E-5,9.053538233894133E-4,1.854064021728331E-4,5.999057276741759E-5,0.0056208582501463935,5.0790855227596566E-5,1.3962564642992594E-5,7.874965954951901E-4,2.3598159889316885E-4,2.0118209783634775E-5,1.582525819939526E-4,0.022792313900373975,7.475000911280174E-4],[0.0010204893564695339,4.5579656815122026E-4,0.001294053031142189,0.002719735421816212,6.537755224996862E-4,0.004099899062389491,0.0015103170831566022,0.0010024530175437502,7.384750749634012E-4,0.0012037712080746866,5.485725134733989E-4,0.0010358728151841554,0.0016107104900929517,0.00127847370457524,0.0010218775280429668,1.3997815908775016E-4,1.0,0.0013761447882784344,8.403418025547406E-4,9.985283658513775E-4,8.678088333170835E-4,4.142907455993074E-4,0.0013468532337791892,7.556891662157926E-5,4.413987981419209E-4,8.095431193130136E-4,0.0014010520367003182,0.0012212397857720798,0.001362013571346709,0.009052141987864332,0.0015862325709875323,0.004300498663331582,0.0011210714715443979,0.03744354239417855,0.0044327397321249655,0.0011603027752108107,0.0014746017748679893,0.007212401314021756,7.717289701651604E-4,0.0010885324652722588,1.6666544230708997E-4,0.0016371231484821657,0.0011619111992853231,0.0010223138838374155,3.094818639179795E-4,0.0017348262746174486,0.0012017376660600266,0.0011683316847273708,0.0012948102308990139,0.0012138399249081448,2.9335760629965393E-4,2.860923399995873E-4,0.020890968059946582,0.0013725962667040055],[3.8807185255129955E-4,7.052768623711074E-4,6.190294036265399E-4,0.0024395774402706447,3.700540858526841E-4,0.005602866075584356,0.0015502279465309618,5.314498890970781E-4,7.626125362761552E-4,9.15598790056322E-4,0.0013317467752897653,2.8773828448087126E-4,0.002392505389610519,0.0013042443569620263,0.001353873830740482,6.632445458157573E-4,0.0013761447882784344,1.0,4.683930464968247E-4,6.384330708309743E-4,2.8328961138748517E-4,4.052822032562869E-4,0.0013515485398631778,6.264671401579235E-4,0.0011828549136545284,8.670610286245457E-4,0.0013836773676745365,6.825736213601554E-4,6.337934832849653E-4,0.006845534738972731,0.0014829961919317679,0.004249526404018558,5.742007530448876E-5,0.03772124826639426,0.021876691607461248,0.0011961411488498738,0.0015089904405281346,0.002439910172603639,0.0010526259088775463,0.0011084525317476969,6.555896633470775E-4,0.0015525312882180662,0.0013564036981490659,5.144384684382353E-4,1.597963180973961E-4,0.006686771941140314,0.0010735590233550878,9.901438073427833E-4,0.001358959951034886,0.001236971599384335,0.0011832222932135407,5.239911384996661E-4,0.016616350028786437,0.0013718546342519193],[4.158531881010788E-5,1.6801708153540428E-4,5.650422829520239E-5,0.002026177786988178,2.5258631768542237E-5,0.0020698258932603034,0.0010132381497548603,1.176268264469502E-4,3.371197333948806E-5,4.6356209507615706E-4,3.9041769701986915E-5,1.0424319334815144E-4,6.448371498130001E-4,5.232529018073357E-4,4.273744193946328E-5,2.826017530829613E-5,8.403418025547406E-4,4.683930464968247E-4,1.0,7.545076360953267E-5,1.065924062415686E-4,2.027162215213169E-4,6.999547445855096E-4,2.341175051118068E-5,6.641401827375772E-5,3.505481365338676E-5,3.995796572099305E-5,3.073652346600015E-4,2.0206850993002675E-5,0.007514997458942462,0.0011457751110707708,6.771994490147557E-4,2.9597744003702567E-5,0.014801812782347974,0.02820577855495418,2.4379858361524146E-4,0.0012093625787651429,0.0024238665812578906,4.3893068499311266E-4,3.5063290790433843E-4,3.270444060470634E-5,0.0016970488170700007,8.244355419285204E-4,2.378263860231654E-4,8.044153185790491E-5,0.01122080145066153,1.127896663743055E-4,1.3210760157523432E-5,2.0483328533116654E-4,3.279514077097174E-4,2.857878299474599E-5,3.5192701704084586E-5,0.004237044016228919,2.0045690573763345E-4],[7.228503707202018E-5,1.664501750773593E-4,3.1691999001174525E-4,0.0013739998516704047,1.4202953069510489E-5,0.005790387517471977,3.981524193982804E-4,1.6751368675161304E-4,2.496312361911039E-4,5.20313790760473E-4,1.1899233335184056E-4,1.402329265078086E-4,0.0011968852285766463,1.772562849495591E-4,1.4581545852262865E-4,8.949046433724217E-5,9.985283658513775E-4,6.384330708309743E-4,7.545076360953267E-5,1.0,1.6894174589652747E-4,2.475398544304282E-4,0.0010556251069320402,8.883618282833189E-5,1.4929272414463226E-4,1.0861704717172899E-4,0.0012519516041497685,1.9574625793952402E-4,2.7921948270822192E-5,0.004197536506521772,8.862134146292399E-4,0.0019451928190581482,8.965558784802154E-5,0.032530856274148694,0.013023886187366197,2.504431337724926E-4,7.904466714648466E-4,0.0057623509914515765,5.009288918459933E-4,8.448132044143748E-4,8.312384636374578E-5,1.7854269920331708E-4,0.0010624270123897642,1.940044410483098E-4,1.4769781888126384E-4,0.0017475360665572183,1.494132670546506E-4,3.682698200427764E-5,3.783925904847072E-4,3.45575873312852E-4,3.863260600117253E-5,2.602133714870238E-4,0.02268418686748349,2.062168198551527E-4],[7.293133961178072E-5,2.0562395432004093E-4,2.9634232992185893E-4,0.0018073819029234062,6.807433905576843E-5,0.0023188984286182626,0.0011195425682906145,2.0130055520543668E-4,2.640863603660163E-4,3.770890220472843E-4,1.9724661649486494E-4,1.8910615769773795E-4,3.856614744282024E-4,5.18092011672037E-4,1.9444422290617653E-4,1.916008831760915E-4,8.678088333170835E-4,2.8328961138748517E-4,1.065924062415686E-4,1.6894174589652747E-4,1.0,2.765372170618671E-4,8.927229679678724E-4,8.799193216295703E-5,1.4086600078809858E-4,1.5801077710321886E-4,8.187067815718287E-4,2.935727849422348E-4,6.05566296128192E-5,0.00299638857133441,6.420662419601104E-4,0.003760004975695021,9.71709937624163E-5,0.014619679954622133,0.02708258393364004,2.5994201077103113E-4,3.440685603450812E-4,0.00125183707192171,2.6331177879705144E-4,6.065619801803505E-4,8.988402784867117E-5,0.0017356550857256826,3.2230007260060297E-4,2.4212328505791863E-4,1.4389456618291047E-4,0.004825616711710682,1.9321904507053634E-4,5.284236837202396E-5,4.923032925564709E-4,8.374622387004671E-4,1.2940565497892757E-4,2.359986601079811E-4,0.021040912595687748,2.959772829670835E-4],[2.52908084336738E-4,2.873544543266759E-4,3.2683078947911306E-4,0.0037172590151728527,3.305127927256979E-5,0.009439605908724565,4.2992004079767636E-4,2.550256474186018E-4,2.9588750989047174E-4,4.36936633603326E-4,2.7082362861092363E-4,2.5582003039061735E-4,5.80704653193974E-4,6.513966011205685E-4,9.187613340893012E-5,6.512261540767476E-5,4.142907455993074E-4,4.052822032562869E-4,2.027162215213169E-4,2.475398544304282E-4,2.765372170618671E-4,1.0,9.582176934639422E-4,6.545520664768623E-5,1.3370347687168777E-4,2.918684661097244E-4,7.67148762513797E-4,3.1854873163004657E-4,1.2868546760706168E-4,0.00537253496342069,0.0013654616752717544,6.949207261465642E-4,2.875340886709371E-4,0.028027700316146213,0.01801382344731995,3.2696672862069523E-4,0.0010684626439805786,0.006989035285922999,3.561026424550127E-4,8.97593829291009E-4,1.4759026364763203E-4,3.65565811865426E-4,8.285478934178744E-4,2.6804895521369574E-4,2.018169023114376E-4,0.003745614066759808,1.9245677694461986E-4,2.3667614937070974E-4,7.54106278053891E-4,3.690946623345232E-4,5.385019567155754E-5,2.8429732635609946E-4,0.024403939160269998,9.931995964656075E-4],[6.166825654430641E-4,5.553509857254939E-4,0.0011207262771272522,0.0026376616826212576,0.0011991915069066697,0.006915446714977212,0.001542219233114474,7.753695588187145E-4,0.0013113771417153216,0.0013338708091164028,2.600432294105054E-4,8.657751693776107E-4,0.0015269542561030382,0.0011912013124407562,8.718294139812589E-4,3.2632343924072745E-4,0.0013468532337791892,0.0013515485398631778,6.999547445855096E-4,0.0010556251069320402,8.927229679678724E-4,9.582176934639422E-4,1.0,9.451435392421118E-4,0.0013314796809717902,1.1840505196633102E-4,0.0014021013270362447,9.83081745030648E-4,9.42638836462341E-4,0.010044279280704985,0.0015761251418205783,0.004465366802696449,8.708037329879033E-4,0.03482466189327878,0.003682967422214126,9.9844935396014E-4,0.0014377351149612797,0.002253390120909458,0.0012047299304030724,0.0011967880788867704,4.208646709081024E-4,0.0015050417679000367,0.0013333549008907888,3.887957352870611E-4,7.910809231027414E-4,0.00881798266484373,0.0012700489535523755,6.405804415630449E-4,0.0012979144102666916,0.0012366008168846077,0.0011651352043555883,9.788974760301305E-4,0.007453367962802227,0.0012607430583814606],[3.0198006680073105E-5,4.532922914385472E-5,7.857889072481656E-5,0.0015657878181296366,1.403657214458725E-5,0.013959123843065264,0.0012277425096326256,1.6879858999550875E-4,3.799441525113101E-5,2.897155667007786E-4,2.5690315808631456E-5,8.635116098989869E-5,0.0020015289598013723,5.283108728744558E-4,4.4411078623136205E-5,1.8959816081859078E-5,7.556891662157926E-5,6.264671401579235E-4,2.341175051118068E-5,8.883618282833189E-5,8.799193216295703E-5,6.545520664768623E-5,9.451435392421118E-4,1.0,6.595050183449042E-5,2.69918928208773E-5,2.9839997923314013E-4,4.829135199563875E-5,1.6435111502705768E-5,0.007726842102492572,1.7560167211506342E-4,0.0021139132341026854,2.3637322355768425E-5,0.010525661388505886,0.019237373826041213,2.4530724673257036E-4,6.247645914093841E-4,0.0020180990935233407,2.396268343276246E-4,3.4094554356374414E-4,6.874840897092889E-5,1.386343881741573E-4,5.430862569740063E-4,4.199888210909004E-5,3.172725033828114E-5,0.004450233698572925,5.682660530879995E-5,1.3316508692422904E-5,2.800991468818328E-4,8.668160105226462E-4,2.160396576427864E-5,9.187335889521221E-5,0.010819842733692844,9.472291518369231E-4],[6.1029240763477685E-5,1.7335818332589844E-4,2.573527298554616E-4,3.074161398364946E-4,2.0180902304656203E-5,0.00843341643554201,6.161502186930216E-4,1.165107368310975E-4,1.6040097812178574E-4,4.676872551411687E-4,7.213440828236721E-5,1.0591871106031092E-4,0.001278001880205726,4.4234558928397277E-4,9.127285619673894E-5,1.006133175367935E-4,4.413987981419209E-4,0.0011828549136545284,6.641401827375772E-5,1.4929272414463226E-4,1.4086600078809858E-4,1.3370347687168777E-4,0.0013314796809717902,6.595050183449042E-5,1.0,1.0468801930478208E-4,0.0010150440875006553,2.2444421178700476E-4,9.468994856548179E-5,1.9684834293501687E-4,7.369855432199717E-4,0.0038600706889323493,9.948597019340576E-5,0.013322931997317856,0.0039055667603970314,2.5069639118038465E-4,0.0015682319194971982,0.008368110771369019,6.316713185704264E-4,7.954599263684106E-4,8.703865133869136E-5,7.907307181553397E-4,8.797277313176192E-4,1.4862403007839513E-4,1.3749874819333365E-4,0.005992277660685717,1.1691201650730386E-4,3.735046124803861E-5,3.294056304113326E-4,8.231898365475164E-4,3.832336707478927E-5,1.1679018442780934E-4,0.012844290103753136,1.9375420389810565E-4],[6.855514536427946E-5,1.7902544797217184E-4,2.530625356731372E-4,0.003224891907804836,6.505749953611513E-5,7.2554782181862E-4,0.0015329250779296947,1.2627538098290264E-4,2.423851611038726E-4,2.6283159376798854E-4,9.862176245861392E-5,1.0346175667065375E-4,2.1537821659555417E-4,9.695400030598253E-4,9.671321728187734E-5,2.5116682446286874E-5,8.095431193130136E-4,8.670610286245457E-4,3.505481365338676E-5,1.0861704717172899E-4,1.5801077710321886E-4,2.918684661097244E-4,1.1840505196633102E-4,2.69918928208773E-5,1.0468801930478208E-4,1.0,0.001320168886142565,2.500353335367018E-4,4.864791838433265E-5,0.005379974933477982,2.8634141920371467E-4,0.004386018551437666,6.094167569384766E-5,3.318420286451544E-4,0.024846011490658692,3.010553855986332E-4,0.0013147878653864693,0.0063061833517341,1.0339794790232502E-4,7.245712582762863E-4,7.75100971188906E-5,0.0015078815015531295,8.112176058568953E-4,1.5354363671196946E-4,1.1491748917854619E-4,0.0037044866173306253,1.2539965470617084E-4,2.6366849013012283E-5,5.247876889414781E-4,6.444738905583442E-4,9.487101478785414E-5,1.9929779226185738E-4,0.017639294379786858,9.343235927298946E-4],[0.0013185179475711498,0.001178556558033109,6.579806522159894E-4,0.0014923063849197795,7.466482664045322E-4,0.004676559914867326,0.0014358081982067414,0.0012010233038225674,6.077802761649109E-4,0.0011354423710072015,6.072454493250835E-4,0.0013246585959417604,0.0016571216510217757,0.0014015477810275592,4.482575304906841E-4,5.991971834043353E-5,0.0014010520367003182,0.0013836773676745365,3.995796572099305E-5,0.0012519516041497685,8.187067815718287E-4,7.67148762513797E-4,0.0014021013270362447,2.9839997923314013E-4,0.0010150440875006553,0.001320168886142565,1.0,0.001084611997015354,4.972377854392795E-4,0.008816423730784074,0.0016350707922308664,0.0034408087330231357,4.328434797599009E-4,0.012704021883764429,0.03500432935482624,8.806299233158106E-4,0.002203850586428814,0.005749945692707377,0.0013403701986328285,0.0011893453781208095,8.76432350154491E-4,0.0017696228783316385,0.0011505393489921471,4.480364266147629E-4,0.0010008694987024506,0.005658218131036079,6.0592576907468E-4,3.2620410576920846E-4,0.0010646250071306195,0.0012828614107298227,2.7072321040357846E-4,4.3659471578529714E-4,0.00900981764595951,0.0013959747178955806],[2.4378456736347004E-4,3.0266027106621576E-4,3.280418516162705E-4,0.0027002521432190245,3.0101772763558524E-4,0.0013953647520465115,0.0010462923504961238,2.4010956730805688E-4,2.9401610718920865E-4,4.01666282282443E-4,7.069601220795431E-5,1.1375982261774003E-4,0.0016202515392943536,0.001044431019131323,3.0263669298681513E-4,2.776306638542429E-4,0.0012212397857720798,6.825736213601554E-4,3.073652346600015E-4,1.9574625793952402E-4,2.935727849422348E-4,3.1854873163004657E-4,9.83081745030648E-4,4.829135199563875E-5,2.2444421178700476E-4,2.500353335367018E-4,0.001084611997015354,1.0,3.133281314554205E-4,4.461167285862461E-4,0.001413211626289307,0.0029146368656371787,1.7329460626969403E-4,0.010456416434732118,0.022362916347400976,3.2945291409202504E-4,5.265445239062031E-4,0.005980951377793402,6.548708696246161E-4,6.55900000872337E-4,2.5317547928327075E-4,0.0010665903061449356,4.4550168560232215E-4,2.9778632528011575E-4,2.2373684972671883E-4,0.004850027346049815,1.6451624346515808E-4,1.9018501099124244E-4,8.640483457540905E-4,9.977236637248666E-4,2.0883871503557376E-4,2.951541757232074E-4,0.010904852392315555,8.509964206589655E-4],[1.890025426786959E-5,1.6340809691873255E-5,1.0715887142268757E-4,0.0010842556193377195,1.2730964322556088E-5,4.01987844598342E-4,1.5426355622659787E-4,1.0211373898540046E-4,1.941449648193093E-4,7.120555552432979E-5,3.352018627257454E-5,3.968774945590606E-5,0.0013151368060116647,7.615352827331388E-4,6.978458048950658E-5,1.526834284270811E-5,0.001362013571346709,6.337934832849653E-4,2.0206850993002675E-5,2.7921948270822192E-5,6.05566296128192E-5,1.2868546760706168E-4,9.42638836462341E-4,1.6435111502705768E-5,9.468994856548179E-5,4.864791838433265E-5,4.972377854392795E-4,3.133281314554205E-4,1.0,0.010961291415522793,6.179926844175701E-4,0.003015796047559313,1.7527594060850835E-5,0.02169865237755156,0.02992959519037198,1.4368716544682362E-4,8.076039472478601E-5,0.007659004667687281,9.970133707857707E-5,1.4164120858356997E-5,4.712554308545374E-5,6.729820174337981E-4,6.883258265662658E-4,7.493759437948453E-5,6.465968974758655E-5,0.00538161799685293,3.2655590809912486E-5,1.3472134600074863E-5,6.23307906140621E-4,1.9948198000574658E-4,1.5188061020288136E-5,2.2586018016520552E-4,0.02489372762126467,0.0011286554216085138],[0.0038559950202352155,0.002368183205793446,0.004554588399736861,0.008580906643344955,0.010909779095923923,0.014170610648290081,0.007066849361406879,0.0021209604144222603,0.006580600842141561,0.011735402021596343,0.0067226350194260435,0.0024305942974473644,0.009295089269085177,0.007327661082080016,0.008289517164371187,0.00918049080835084,0.009052141987864332,0.006845534738972731,0.007514997458942462,0.004197536506521772,0.00299638857133441,0.00537253496342069,0.010044279280704985,0.007726842102492572,1.9684834293501687E-4,0.005379974933477982,0.008816423730784074,4.461167285862461E-4,0.010961291415522793,1.0,0.010294390741599903,0.008994334632132468,0.0120595315305601,0.033453600083419785,0.017711199922696496,0.007074544749125588,0.004033551319156763,0.011184984411583002,0.002096599098346599,0.011710504109359822,0.00952850768253027,0.012333181476922228,0.003925878825103928,0.00986751156175037,0.012165549835249144,0.012751751746962955,0.002970689684656865,0.00859813126006623,0.006742271075545998,0.007776365815955414,0.0057203078484852855,0.0027993843730096174,0.01296402334518115,0.007169633832924975],[5.694968175108782E-4,0.0015435132789857456,0.0014672998419637652,0.0026735252934757033,0.0012837877935724055,0.01368122014193178,0.0016646834351880721,2.0829056651995397E-4,0.0013707872401872143,7.968870950459595E-4,0.0010771941630707501,0.0016395093671600792,0.0019645835084981687,0.001498993685971115,0.0016097760564074489,0.001043629377397372,0.0015862325709875323,0.0014829961919317679,0.0011457751110707708,8.862134146292399E-4,6.420662419601104E-4,0.0013654616752717544,0.0015761251418205783,1.7560167211506342E-4,7.369855432199717E-4,2.8634141920371467E-4,0.0016350707922308664,0.001413211626289307,6.179926844175701E-4,0.010294390741599903,1.0,0.004530431605509044,0.0011146242066405966,0.021702774177034114,0.011033308080325144,0.0016486424116967085,0.002085749922505496,0.0022354944460436167,0.001420207180673191,0.001384119318078371,0.0010505244448612038,0.0017388838292507044,0.00159268427369271,3.0248792243685384E-4,0.00113568951591422,0.009891109730022383,3.928359377795334E-4,9.206720154318843E-4,0.0013467322182025886,0.0013892544786177964,0.0011631701935112836,0.0011403602057618912,0.00824093238643506,0.0015285782005493155],[0.002757925044253498,0.001732028892339063,0.0040470445405389865,0.00437924968169065,0.003743278055618972,0.0068685733037190805,0.004376994926239422,0.0017539828462646092,0.004079003186458948,0.004243502576649656,0.0023012478622693702,0.0045499605527155994,0.002728845708006367,0.0017745352446497397,0.00450782883157604,0.00298660457877323,0.004300498663331582,0.004249526404018558,6.771994490147557E-4,0.0019451928190581482,0.003760004975695021,6.949207261465642E-4,0.004465366802696449,0.0021139132341026854,0.0038600706889323493,0.004386018551437666,0.0034408087330231357,0.0029146368656371787,0.003015796047559313,0.008994334632132468,0.004530431605509044,1.0,0.0021221746783185325,0.021792900961172413,0.006327268029663796,0.004151112294508415,0.0028210821974022334,0.007148916636270739,7.712681083854908E-4,0.0017215333108991922,0.0045736397571939265,0.0018785549441691124,0.003785197352883328,0.0034476089335568343,0.004438789914907661,0.011821905429488761,0.0035759589313559543,0.0012495081435095856,0.003922322166755146,0.0032438124363087795,3.570770975129743E-4,3.6662275192603537E-4,0.01092148196099886,0.004460821404958484],[5.0656664410338796E-5,1.5801049102144495E-4,2.3368160873497363E-4,0.0032674588517163715,1.1820728403068885E-5,0.01225944863826744,0.0012550442298888524,7.98876373492528E-5,4.782201241925039E-5,5.17792397408767E-4,3.518066485072588E-5,5.788669441560113E-5,0.0018203124066402416,4.920341067930284E-4,2.7805711750506262E-5,2.29290249306384E-5,0.0011210714715443979,5.742007530448876E-5,2.9597744003702567E-5,8.965558784802154E-5,9.71709937624163E-5,2.875340886709371E-4,8.708037329879033E-4,2.3637322355768425E-5,9.948597019340576E-5,6.094167569384766E-5,4.328434797599009E-4,1.7329460626969403E-4,1.7527594060850835E-5,0.0120595315305601,0.0011146242066405966,0.0021221746783185325,1.0,0.030094273383003727,0.03155386648226878,8.814238906792759E-5,0.0013514963800019997,0.007735605960375435,5.2141529247692195E-5,2.9474784631255486E-4,2.9463490573188076E-5,4.691802472611826E-5,0.001081563535320821,7.323314219749569E-5,2.4641042784613556E-5,0.007353506635666465,1.383834537542389E-4,1.4177288279678014E-5,9.642747706893787E-4,0.0010155963991595458,2.3222595258296934E-5,1.1021436272501952E-4,0.019625974871871402,6.705432804783785E-4],[0.040240703755101866,0.006088502599773373,0.03806248087050241,0.005818582774779707,0.0018561742138347769,0.01988474639172536,0.037296215642452835,0.030973337898908857,0.009625201483408891,0.011087476685927545,0.022725845393878723,0.01188035481510053,0.008607640074056802,0.027540291254944456,0.030412836059092514,0.029034176340499686,0.03744354239417855,0.03772124826639426,0.014801812782347974,0.032530856274148694,0.014619679954622133,0.028027700316146213,0.03482466189327878,0.010525661388505886,0.013322931997317856,3.318420286451544E-4,0.012704021883764429,0.010456416434732118,0.02169865237755156,0.033453600083419785,0.021702774177034114,0.021792900961172413,0.030094273383003727,1.0,0.03844118706809541,0.02640897840072099,0.033601228311853096,0.030350874991702453,0.036817617214214365,0.007435937527183089,0.035878529223791915,0.002097710701627998,0.0352338389921103,0.024046990231527104,0.035320900030738546,0.039485829183229654,0.03195291075694725,0.0397185338638538,0.005938686305423197,0.03636274711029146,0.025146360387810707,0.03176723916036539,0.02640848240111037,0.008702446924252438],[0.007290213460538982,0.014121541832800398,0.034653316330456846,0.02301647469213173,0.029045572275458217,0.03476756004410471,0.03195669293249499,0.025497486325992597,0.022243947395191657,0.022322968406166706,0.0157186558591257,0.03530549074960637,0.02364256894201032,0.014220721336473664,0.006491851951895183,0.01928132253117349,0.0044327397321249655,0.021876691607461248,0.02820577855495418,0.013023886187366197,0.02708258393364004,0.01801382344731995,0.003682967422214126,0.019237373826041213,0.0039055667603970314,0.024846011490658692,0.03500432935482624,0.022362916347400976,0.02992959519037198,0.017711199922696496,0.011033308080325144,0.006327268029663796,0.03155386648226878,0.03844118706809541,1.0,0.031226777971560957,0.007951385019670604,0.03340009577662218,0.027276087280564888,0.0018256100854009355,0.02928074213260671,0.009864162887403355,0.008993418603818132,0.032758399225974726,0.013646276186296045,0.02803748924915795,0.005385454811819381,0.024466506653592405,0.030789728577383234,0.015763610114653204,0.002198290681144164,0.01676310110487742,0.028539938854651684,0.01908540274066057],[3.045047751091133E-4,3.018240426784219E-4,3.341559664207598E-4,0.0033618508634379804,2.754339325828739E-4,0.010113082208174817,0.0015427220803891644,1.8459931196297563E-4,2.963360061904896E-4,4.063524751617524E-4,3.402494887779795E-4,2.9441958691431373E-4,0.00121415508850486