[[1.0,1.267902690353418E-4,4.352230477786884E-4,2.509927379645591E-5,3.3615430615562335E-5,0.002815787302389745,9.428332936598439E-5,2.687252970430083E-5,0.0026508047890038454,3.7558089241819225E-5,3.895169934146359E-5,8.416634737020671E-4,0.008860013104011442,1.3908469568774617E-4,1.0372057572438547E-4,7.503087225809757E-4,2.247527376454945E-4,1.8230098007698806E-4,6.647315151851194E-5,0.0032377786482718713,1.0913407810228324E-4,0.0033958631819309896,1.1747928658731085E-4,4.128175196285852E-5,5.584983888685805E-4,0.01189165222133891,1.6719744428575946E-5,2.667516583378232E-4,5.928100443065009E-4,9.610676554076269E-5,1.1532341982067099E-4,8.051899935302488E-5,3.8218043953228426E-5,1.909497168249364E-5,4.501584931986842E-5,0.001302107529563175,9.643325946451731E-5,1.787555423200362E-4,1.1317549491708205E-4,6.110133061904545E-4,0.009547677342105779,0.0036034281017922215,9.82912890455818E-5,1.3704424709839166E-5,7.156149648953718E-4,0.013904024575773645,1.9119537787284202E-5,1.001296705429272E-4,2.1785191926900076E-4,0.004017364008326148,8.269816618444511E-4],[1.267902690353418E-4,1.0,0.0013872900112390598,2.2116824867340752E-4,5.113683698648484E-4,0.006741152144562443,5.198663416415853E-4,9.657962819944468E-5,0.007220837541193867,9.375700311645394E-5,4.8109457946058666E-4,0.001121196555768611,0.0020924511198100737,7.842825366147884E-4,1.4991901867872752E-4,0.0018942644167795788,5.458944396194822E-4,5.698789714880106E-4,5.756680290052768E-4,0.0018297047775332018,6.041451913258232E-4,0.004991678773046995,6.956263635856311E-4,6.483268366166934E-4,9.739242146370875E-4,0.005376687432475475,4.958122773535002E-4,3.124387956478232E-4,6.991452241027443E-4,5.616714237340869E-4,9.794021131572512E-4,4.339421607377238E-4,9.99121525484611E-5,5.501041163395542E-4,6.699198071461388E-4,8.124485931003528E-4,0.002276752086636445,6.130731355204052E-4,5.521617378512228E-4,0.0010855351507352425,0.0011636814646481318,0.0037176139384512237,2.007641059009957E-4,3.3200520591916466E-4,7.26401761395905E-4,0.007383978878271487,3.597981018574412E-4,2.528106115105871E-4,8.123396873730664E-4,0.0030189474128575118,8.618304689719325E-4],[4.352230477786884E-4,0.0013872900112390598,1.0,7.146737913215467E-4,0.001614211491879587,0.011419964248634696,8.98598183180243E-4,0.0015286351369853339,0.011725780291588194,0.0010407398254508669,0.0014835290519286564,0.002237299972495103,0.010964628059906424,0.001560596218995724,2.563796544821507E-4,0.003104455579107374,8.837427300758582E-4,6.69136247556639E-4,3.1576686960826526E-4,0.0036856537302227795,0.0012458162104103392,0.06579143313422206,0.0018474363885465747,9.330712759759598E-4,0.001814956764138756,0.004781785109509299,3.288551884108587E-4,0.001671637716184596,0.001547151973677175,0.001675230410610307,0.0016818231663810947,0.0016523004732034322,0.0018927294964065059,0.0016830848981731234,0.0013483229032403982,0.0015293228117114178,0.002205068312975218,0.001740610369996715,1.5632189971064419E-4,0.0017530432883531488,0.009427672402487642,0.004038088894667377,4.2513103423436933E-4,2.040838259023549E-4,8.176491935783444E-4,0.03125178362684214,9.32894917350412E-4,0.0011340905660151372,0.0018068723044158018,0.002441607425962992,0.0016006663825852809],[2.509927379645591E-5,2.2116824867340752E-4,7.146737913215467E-4,1.0,5.02040591825382E-5,0.005061201776608784,1.0211520633221437E-4,5.24699148168806E-5,0.009771643593266413,5.299015766423114E-5,7.527957636298466E-5,0.001406436494125402,0.008804263052524585,4.140408267663236E-4,1.2518553788785794E-4,0.0046589735607688,3.022563346709629E-4,6.65209582348286E-5,6.567177878356757E-5,0.002184308170303517,9.149317428926875E-5,0.028770425839143427,7.645187945684232E-5,1.0920033761809532E-4,0.0010153100312835224,0.011598441259824009,1.6722649569636015E-5,2.1759816671784667E-4,6.567225487353884E-4,6.4693221989943E-5,5.822895012694415E-4,5.859614646958912E-5,8.78582987249625E-5,4.649764325297606E-5,3.29080846109109E-4,9.96362896466937E-4,0.0021354428208735397,1.108227622117717E-4,9.51188735967577E-5,0.0010558898003106307,0.0025276492484761887,0.0030844061024503963,7.345919842386706E-5,5.476406554759741E-5,4.6615499428110426E-4,0.023397933242261974,4.465705891561425E-5,5.857756005105383E-5,9.85120975315992E-4,0.0018597782755956822,8.395112860516755E-4],[3.3615430615562335E-5,5.113683698648484E-4,0.001614211491879587,5.02040591825382E-5,1.0,0.007042507949340702,1.2996312846160372E-4,3.5727621340427865E-5,0.002739096046364904,4.351976104210907E-5,5.7778026616862646E-5,4.6938033385901924E-4,0.014606354255533173,7.426183112111873E-4,1.1147142010971777E-4,3.373468420038629E-4,1.4191820850078157E-4,1.9474138745649282E-4,8.803299171772653E-5,5.607153022221961E-4,9.584434128722392E-5,0.022554631936318945,1.427405190452024E-4,7.467507905780272E-5,0.0012689444040841554,0.006707622696386753,2.732736412967416E-5,5.291624574021934E-5,2.8735746681943664E-4,5.8158490065523706E-5,0.001081066674198584,5.7941435066454156E-5,7.717134814815748E-5,3.5101629797972754E-5,2.7217497179613887E-4,0.0010772902075155922,1.684433408396661E-4,1.3744026152379075E-4,1.2348119851461164E-4,9.109712686298758E-4,3.0247801566606606E-4,0.0014129926872108864,6.631789187480344E-5,2.003963001764205E-5,3.488100466657382E-4,0.009080678787014088,4.062655799883182E-5,9.940696971961945E-5,9.330880507503357E-4,0.004998012089231806,6.121106957436677E-4],[0.002815787302389745,0.006741152144562443,0.011419964248634696,0.005061201776608784,0.007042507949340702,1.0,8.757190720096522E-4,0.01086511224410612,0.011933353177360597,0.002386015638579909,0.005102336330377234,0.009117827794831975,0.015262353044683652,0.0051864391753719385,2.190935670991658E-4,0.006968713054786016,0.0015989332428925779,0.004237553220503012,7.042869829454706E-4,0.008594727836223703,0.011680948720536462,0.018422875153455764,0.007610698573707194,0.006553700077610366,0.0025618003048981015,0.01224134138907752,0.01050738074764772,0.01069053058922822,0.0024029827091555135,0.00871213229178612,0.006791311829999606,0.0055316144040535265,0.004486298325888389,0.009811411441314996,0.006531237715146224,0.010345668899486887,0.010957438159707181,0.011048849448822704,0.011844986084264464,0.007633695507331623,0.012161133811731478,0.015322116350258663,0.010725694413419062,0.009387378324132533,0.0018097815709274183,0.01197294079632564,0.005860867912651531,0.005170110790843845,0.009901162281199463,0.00973199346329493,0.003373009186764599],[9.428332936598439E-5,5.198663416415853E-4,8.98598183180243E-4,1.0211520633221437E-4,1.2996312846160372E-4,8.757190720096522E-4,1.0,8.52169341859855E-5,0.007034115345496461,1.4361489470144593E-4,1.298593325287668E-4,0.0026706877051845914,0.011318973307837685,4.425365215277432E-4,1.3391796086968842E-4,0.002661725500118329,2.828294860455251E-4,2.0921029260132965E-4,1.664150460565822E-4,0.002001559282174933,1.7470216969448779E-4,0.004071974588602368,1.6200550421759555E-4,2.2294931788579227E-4,0.001243678993137492,7.280112050045861E-4,7.06080069804848E-5,2.738381143355115E-4,3.693187333367926E-4,1.2872427665409946E-4,4.251856423301456E-4,1.2479595168380197E-4,1.237347869239648E-4,8.013424412892776E-5,2.6668869535082006E-4,5.147014821407583E-4,0.0019103282927895658,2.610751462721738E-4,1.5253888925341233E-4,8.70562996164058E-4,0.0036313734708409598,0.005957995053358295,1.2417908770864607E-4,1.3089261791215132E-4,7.213870251755151E-4,0.02424032675346496,1.543544498485084E-4,1.1263005226500047E-4,6.036860095154735E-4,0.0039764961394101305,8.647171192052387E-4],[2.687252970430083E-5,9.657962819944468E-5,0.0015286351369853339,5.24699148168806E-5,3.5727621340427865E-5,0.01086511224410612,8.52169341859855E-5,1.0,0.007953532980854761,3.734905922671674E-5,1.1399482616878473E-4,4.5167636391419324E-4,0.014612721271677342,9.319835660275437E-4,1.0028030092603876E-4,0.0025827024562616453,2.304789703028372E-4,1.9655860339001352E-4,8.728393108523407E-5,0.0014814949244421514,1.3135389563840157E-4,0.020608009698069318,1.6218098334227224E-4,1.1984628856309724E-4,4.749891803012959E-4,0.00977673002264995,2.9347142053586974E-5,2.2629959085865476E-4,3.168351163007873E-4,4.5263163343105104E-5,9.670537754767548E-4,7.656224083270899E-5,5.012586207607469E-5,2.2412355813918163E-5,1.8840220856732672E-4,2.2021819982693028E-4,0.002099038362284839,1.3301920708309797E-4,4.7817652195121646E-5,0.001059369588659028,0.0060326035421405,0.010406858176115624,4.847539626023219E-5,2.831314669282588E-5,5.637134795225848E-4,0.032436133712699176,3.093903865756412E-5,7.675499468995289E-5,8.447225229110968E-4,1.5281976987132836E-4,8.512338468003831E-4],[0.0026508047890038454,0.007220837541193867,0.011725780291588194,0.009771643593266413,0.002739096046364904,0.011933353177360597,0.007034115345496461,0.007953532980854761,1.0,0.010032845705599336,0.005886871219666912,0.005004177922640915,0.012246318052434911,0.005201930110545157,0.010717195432631652,0.00792106223488546,0.009876151525626918,0.004195154657282507,3.489554536210218E-4,0.009927200522433264,0.0046195144038844145,0.018659262722351317,0.008825136729852539,0.008840991450703401,0.006020028224929173,0.012439747168666856,0.0012771979149176181,0.008926406528173413,0.008341236412618802,0.0073898317611081335,0.004750407311829137,0.01026227945737921,0.0108238560454596,0.009854371718030266,0.009956940995148787,0.00745113889267146,0.011161226625892952,0.002460622504777274,0.001591472468300187,0.004847688008975871,0.012334305884108023,0.013539067256690192,0.011232355564815078,7.533744340199614E-4,0.0019906428714363414,0.02074787821537458,0.003075867564918867,0.006928669760512022,0.00655530603477905,0.01054332466957866,0.0013394919875705834],[3.7558089241819225E-5,9.375700311645394E-5,0.0010407398254508669,5.299015766423114E-5,4.351976104210907E-5,0.002386015638579909,1.4361489470144593E-4,3.734905922671674E-5,0.010032845705599336,1.0,5.450354814533027E-5,0.002755626440447144,0.011348953332617989,6.3429904481352E-4,9.942001880185186E-5,0.004637451664472521,2.8854962946833345E-4,1.4117820406115195E-4,1.5668774000335436E-4,0.0037275476547974085,8.060588611865318E-5,0.059609388050560076,1.144381851368222E-4,2.0423845197568732E-4,0.0010201314591817584,0.002585571685261843,1.574757153505453E-5,2.663483176563695E-4,5.42102966673181E-4,8.187974233686999E-5,0.0011017313823502202,5.741688006996793E-5,7.815963550320359E-5,1.750373360320518E-5,2.1745397735297442E-4,2.2778713448995606E-4,8.732677970126839E-4,1.7684673380349288E-4,7.934045423096039E-5,0.0013439977157503667,0.007390111253395066,0.007573925564420861,6.39780803114925E-5,4.769625222157286E-5,9.866745506464942E-5,0.024647324000417706,2.5244972975636855E-5,6.050959155664316E-5,3.923183791502639E-4,0.001164613875321702,8.359800348340576E-4],[3.895169934146359E-5,4.8109457946058666E-4,0.0014835290519286564,7.527957636298466E-5,5.7778026616862646E-5,0.005102336330377234,1.298593325287668E-4,1.1399482616878473E-4,0.005886871219666912,5.450354814533027E-5,1.0,0.0024970002316505465,0.01210478448058267,9.8881755065016E-4,1.2587880681027297E-4,5.442784739938492E-4,1.7252499727510713E-4,1.5397462276086536E-4,1.6128524694724344E-4,0.003608924325165185,1.536521791016048E-4,0.06602562775191036,1.6073151401465896E-4,1.772093813128627E-4,4.4218887703016175E-4,0.007032066953829683,8.037991951955629E-5,2.3622067799178209E-4,6.244522663338883E-4,1.1406308383672654E-4,3.337325341061213E-4,1.1940249431225982E-4,8.915024980908455E-5,1.1335578440671565E-4,1.841798607216848E-4,1.9111799434046173E-4,0.00225342171834113,2.278109896122528E-4,1.2249494677700297E-4,5.013952419237136E-4,0.0061102490550765335,0.009313320654658683,1.166009126195144E-4,4.987004368733339E-5,5.615362848119939E-4,0.015007425421702397,4.815785949720151E-5,1.1805251890239694E-4,5.387628411231615E-4,0.004083205749090619,4.5360008734710694E-4],[8.416634737020671E-4,0.001121196555768611,0.002237299972495103,0.001406436494125402,4.6938033385901924E-4,0.009117827794831975,0.0026706877051845914,4.5167636391419324E-4,0.005004177922640915,0.002755626440447144,0.0024970002316505465,1.0,0.010685761351705214,0.0022671136651292558,0.0020861252386730664,0.00474177224489915,8.397519368381189E-4,0.0015180049854640644,9.286018512624924E-4,0.0034975721185907154,9.764375927366401E-4,0.014641152279861291,0.0019468349337795647,9.701038063147877E-4,0.002660591610632323,0.0039329017683027104,0.0011287931329855563,0.0022461679262126078,8.081908775914681E-4,0.0015223850844052293,0.0027433832182179874,0.0025654141530210258,0.0010694499815548182,0.0015642308441842817,0.0012134351770858468,0.0017211552647984308,0.002771124549251035,0.0021435782379444915,0.001519516989697146,0.002342521738457663,0.008253666179846422,0.008577856510087785,0.001758619468655527,5.449052036114265E-4,0.0018617991240507232,0.023405378783434436,0.001153490214215823,0.002629284353193069,0.0010356795705937214,0.004707740067675601,0.001915711274582378],[0.008860013104011442,0.0020924511198100737,0.010964628059906424,0.008804263052524585,0.014606354255533173,0.015262353044683652,0.011318973307837685,0.014612721271677342,0.012246318052434911,0.011348953332617989,0.01210478448058267,0.010685761351705214,1.0,0.009508160905202461,0.012313819675570504,0.01012272999624274,0.0021279227702241544,0.009219447607545008,0.008719164094625288,0.01298505943490116,0.0014212857942204299,0.03890790100219793,6.98027271658048E-4,0.009011270960915755,0.004357809886767921,0.015261974228757691,0.008352886780635786,0.00647041627260492,0.010318381004472249,0.00984626301118029,0.008297409858664517,0.008564266972156141,0.007988347271084368,0.013138303076855538,0.008474322357887983,0.003907883830772676,0.01470936687565796,0.0013139351574987643,0.004548440602851895,0.008928988248394122,0.015147772824950995,0.01650299475951431,0.01104558982697162,0.0037914555726551564,7.51567079789203E-4,0.03590028975771713,0.0015830989985173435,0.013564444595548248,0.015427776875477651,0.015832613847809963,0.0020680805137236187],[1.3908469568774617E-4,7.842825366147884E-4,0.001560596218995724,4.140408267663236E-4,7.426183112111873E-4,0.0051864391753719385,4.425365215277432E-4,9.319835660275437E-4,0.005201930110545157,6.3429904481352E-4,9.8881755065016E-4,0.0022671136651292558,0.009508160905202461,1.0,4.256439350091716E-4,0.003480057097306287,6.167591266901325E-4,5.027833939160957E-4,5.520947669094163E-4,0.003091916095302019,9.648332858397221E-4,0.027356336496138153,4.1894068787894334E-4,0.0010019446166491643,0.0011801068814478678,0.012235646801784803,2.885721545322211E-4,4.600442252251535E-4,8.053458916932296E-4,4.893940830029509E-4,0.001077626992117467,8.35575846229462E-4,2.7764148919390253E-4,5.024082127619705E-5,6.299962886623542E-4,0.0012268416869397627,0.0010524462390069348,6.725522222698537E-4,6.419116930147105E-4,0.0015890098318829108,0.011820556441399812,0.007409941138215944,9.409728518744198E-4,8.677930975413655E-4,0.0010127111226517966,0.01921720403884447,2.461623827608323E-4,5.396715874533574E-4,0.00103357844112068,0.00394425354795399,0.0010298639703031312],[1.0372057572438547E-4,1.4991901867872752E-4,2.563796544821507E-4,1.2518553788785794E-4,1.1147142010971777E-4,2.190935670991658E-4,1.3391796086968842E-4,1.0028030092603876E-4,0.010717195432631652,9.942001880185186E-5,1.2587880681027297E-4,0.0020861252386730664,0.012313819675570504,4.256439350091716E-4,1.0,0.002435243882930794,3.309105247278611E-4,1.6435930115024736E-4,1.4215130022955175E-4,0.0033468932944613924,1.539001833529461E-4,0.02045630110183923,1.348607783130238E-4,2.1638773891914003E-4,7.900364636379624E-4,0.012567898601559898,6.911217590503713E-5,1.3783637951550232E-4,2.325538997434612E-4,1.324422244683644E-4,2.4326247732352484E-4,1.1850322881096006E-4,1.2302940907673365E-4,3.195740382287715E-5,1.5088550688033443E-4,3.729433307584851E-4,7.275530338855491E-4,1.635303308589683E-4,1.3396509789208893E-4,0.0011148794433825549,0.008887937660304985,6.884677011530237E-4,1.3047280509794214E-4,9.934110793828191E-5,3.446122006860422E-4,0.01150788823747612,1.3231039717657826E-4,1.2613893336460916E-4,9.79078951383755E-4,0.005314585116431687,7.504333251460232E-4],[7.503087225809757E-4,0.0018942644167795788,0.003104455579107374,0.0046589735607688,3.373468420038629E-4,0.006968713054786016,0.002661725500118329,0.0025827024562616453,0.00792106223488546,0.004637451664472521,5.442784739938492E-4,0.00474177224489915,0.01012272999624274,0.003480057097306287,0.002435243882930794,1.0,0.003839241312489543,0.002967119266593421,0.0027974101324461775,0.0048667079166146085,0.0019704461658727425,0.045232669675552464,5.922179480799717E-4,0.005047071477671584,0.004858253770964679,0.005449906558056849,0.0036821244333408378,0.003169976621137583,0.0015496404111998048,0.0036779944205997447,0.0016096584088540918,0.002594330560054364,0.0025812520977580196,4.588118191601009E-4,5.150035490465743E-4,0.00360044193533711,0.002400225320681345,0.004102587778445583,0.0025510679468050412,0.002222820702362357,0.011801068049472972,0.011457858639225356,0.003828196814519754,3.894653248219344E-4,0.0011971180449192233,0.029775413937186645,0.002180973499292529,0.004134708098003463,0.003335147740953961,0.005159905387967972,0.003546971708766303],[2.247527376454945E-4,5.458944396194822E-4,8.837427300758582E-4,3.022563346709629E-4,1.4191820850078157E-4,0.0015989332428925779,2.828294860455251E-4,2.304789703028372E-4,0.009876151525626918,2.8854962946833345E-4,1.7252499727510713E-4,8.397519368381189E-4,0.0021279227702241544,6.167591266901325E-4,3.309105247278611E-4,0.003839241312489543,1.0,2.460248860067366E-4,2.4513956557288086E-4,0.002032166763065605,3.38896975458132E-4,0.04810104348343662,2.1469199273924572E-4,3.7250391253827557E-4,0.0015795003958544796,0.009846051798228585,6.119132631927912E-5,2.8448729069196495E-4,4.994069034810252E-4,2.905411229312453E-4,6.547842504845093E-4,2.7565765607709045E-4,3.212198387901535E-4,2.507790205111275E-4,3.418172310145195E-4,0.0011231418973781044,6.059753617997071E-4,2.9266146942542637E-4,1.6458640654367512E-4,4.33346492328752E-4,0.006759251010633877,0.0013096925700264365,3.2688144478020226E-4,1.135092178267638E-4,5.053038397539411E-4,0.002409595177438173,1.5781072613069527E-4,3.000910102626266E-4,8.617170601699446E-4,0.0012066353329333508,0.0010273085027685512],[1.8230098007698806E-4,5.698789714880106E-4,6.69136247556639E-4,6.65209582348286E-5,1.9474138745649282E-4,0.004237553220503012,2.0921029260132965E-4,1.9655860339001352E-4,0.004195154657282507,1.4117820406115195E-4,1.5397462276086536E-4,0.0015180049854640644,0.009219447607545008,5.027833939160957E-4,1.6435930115024736E-4,0.002967119266593421,2.460248860067366E-4,1.0,2.133056742600222E-4,0.002341028946847244,2.0760896553769344E-4,0.04801622654254666,1.7998365600501877E-4,2.3072443457470724E-4,0.001645962622950366,0.012155219326132822,1.7295648005852311E-4,2.749667477948746E-4,3.5427152589810346E-4,1.6023793091911456E-4,0.0011246584339083998,1.829955815985307E-4,1.0187810541753993E-4,1.8386333514028644E-4,3.401073177407021E-4,0.0010984238237790969,0.001030475345610131,2.49352695510194E-4,1.425625548190731E-4,5.911358425964252E-4,0.00845969420084518,0.006235517295715757,2.0070154548347703E-4,9.453881104112167E-5,2.772116930555116E-4,0.03201523348406063,8.124390053862075E-5,1.5171216390505034E-4,2.763687174200685E-4,0.003475164861651593,9.675018286028116E-4],[6.647315151851194E-5,5.756680290052768E-4,3.1576686960826526E-4,6.567177878356757E-5,8.803299171772653E-5,7.042869829454706E-4,1.664150460565822E-4,8.728393108523407E-5,3.489554536210218E-4,1.5668774000335436E-4,1.6128524694724344E-4,9.286018512624924E-4,0.008719164094625288,5.520947669094163E-4,1.4215130022955175E-4,0.0027974101324461775,2.4513956557288086E-4,2.133056742600222E-4,1.0,2.5593380963622516E-4,1.739366633264208E-4,0.020791986924971976,1.667753226695807E-4,2.4088952146565922E-4,9.075658548830675E-4,4.7155723032180855E-4,1.376625553250076E-4,2.678411637070218E-4,2.6689883376275936E-4,1.3347681382038122E-4,3.9496021593533653E-4,1.1812152002341946E-4,1.2492969903279326E-4,5.069668371394149E-5,3.108768576308586E-4,0.0011812511175973333,0.0010932056205021964,2.3134955895422876E-4,1.4299561456208775E-4,1.9846228539933733E-4,0.009747479216602965,0.008827257136677258,1.0754993172508438E-4,1.343825106642718E-4,4.664883569453377E-4,0.023189450524581757,5.0144459841508404E-5,1.5098407833386894E-4,9.517766475956996E-4,0.003945406071666938,1.972919318607377E-4],[0.0032377786482718713,0.0018297047775332018,0.0036856537302227795,0.002184308170303517,5.607153022221961E-4,0.008594727836223703,0.002001559282174933,0.0014814949244421514,0.009927200522433264,0.0037275476547974085,0.003608924325165185,0.0034975721185907154,0.01298505943490116,0.003091916095302019,0.0033468932944613924,0.0048667079166146085,0.002032166763065605,0.002341028946847244,2.5593380963622516E-4,1.0,0.00324244550029311,0.026080693701780865,0.0011998922991516433,0.0035598821941189617,0.0020860454537609983,0.011035075574822448,0.0012867436915080888,0.001049769882047454,0.001237165052874439,3.499297400223886E-4,0.002101781432515588,0.002633794611900794,0.0013449314419424218,0.0027602268072726773,0.0028135108183094974,0.002217178137405875,0.002587939695171182,0.0012529786620485354,0.0027189465981245046,0.0033578286120764167,0.011152044980613805,0.01556704864246038,1.1868355954599343E-4,0.002507313157423925,0.0025604838997306464,0.017620582975305783,0.002605517054548854,4.373629672144894E-4,0.0014508852229065134,0.003936107157000253,0.002825636871158382],[1.0913407810228324E-4,6.041451913258232E-4,0.0012458162104103392,9.149317428926875E-5,9.584434128722392E-5,0.011680948720536462,1.7470216969448779E-4,1.3135389563840157E-4,0.0046195144038844145,8.060588611865318E-5,1.536521791016048E-4,9.764375927366401E-4,0.0014212857942204299,9.648332858397221E-4,1.539001833529461E-4,0.0019704461658727425,3.38896975458132E-4,2.0760896553769344E-4,1.739366633264208E-4,0.00324244550029311,1.0,0.050305046475862696,1.784809520422015E-4,2.2690552385327763E-4,4.205433501258093E-4,0.0053950464744641725,9.902509576152987E-5,2.7024528662226977E-4,3.910956456224104E-4,1.649685800716875E-4,7.820882385905828E-4,1.689544780878653E-4,1.2196756081651625E-4,1.3589344072061841E-4,3.2058122780252485E-4,4.3512104045434003E-4,6.967382067624322E-4,2.4949786518587986E-4,1.7349296926200028E-4,0.0012601268014457577,0.005771068898394982,0.009371146921648544,1.4488823936283286E-4,1.9646622533683147E-5,4.869815378731931E-4,0.03589726966952137,7.329204646235296E-5,1.4469722865243992E-4,6.118108243928353E-4,0.0038772936404449345,4.2736341512854313E-4],[0.0033958631819309896,0.004991678773046995,0.06579143313422206,0.028770425839143427,0.022554631936318945,0.018422875153455764,0.004071974588602368,0.020608009698069318,0.018659262722351317,0.059609388050560076,0.06602562775191036,0.014641152279861291,0.03890790100219793,0.027356336496138153,0.02045630110183923,0.045232669675552464,0.04810104348343662,0.04801622654254666,0.020791986924971976,0.026080693701780865,0.050305046475862696,1.0,0.06394698781125166,0.046113118937597695,0.05610409771382268,0.06219338120183012,0.014167198343346048,0.0639648924832791,0.039053083421025585,0.04387055491199152,0.04022132764904161,0.027174792192354694,0.012092308649931357,0.053746674966398,0.05824762510542858,0.045152376724471636,0.02122309049437223,0.006864797726559561,0.06581671006163427,0.012192953480551902,0.04473780393868743,0.05715223394080135,0.02236034716578193,0.05231025905316664,0.0626569711642855,0.06313489435145214,0.031329786660640964,0.005657684192496027,0.017409231096058058,0.008194627865677213,0.028559535644249165],[1.1747928658731085E-4,6.956263635856311E-4,0.0018474363885465747,7.645187945684232E-5,1.427405190452024E-4,0.007610698573707194,1.6200550421759555E-4,1.6218098334227224E-4,0.008825136729852539,1.144381851368222E-4,1.6073151401465896E-4,0.0019468349337795647,6.98027271658048E-4,4.1894068787894334E-4,1.348607783130238E-4,5.922179480799717E-4,2.1469199273924572E-4,1.7998365600501877E-4,1.667753226695807E-4,0.0011998922991516433,1.784809520422015E-4,0.06394698781125166,1.0,2.6959011162173605E-4,6.866395907050787E-4,9.868067558839097E-4,2.3532610465368808E-5,1.7053128120060292E-4,4.4542798236800284E-4,1.1890955902627954E-4,4.939501432252671E-4,1.6131778565602376E-4,1.2651012208580168E-4,7.134849402692532E-5,2.3885367190084632E-4,4.5957822836610455E-4,0.0016866959105680565,2.4633422298533296E-4,1.5022959911229587E-4,5.664718895590584E-4,0.0032646612884809105,0.005561674943201765,1.447268146839977E-4,6.435166347494936E-5,3.4692165506285225E-4,0.02300913275509961,6.084540633216283E-5,1.449202612762628E-4,4.88486869075241E-4,0.004229126268386426,2.790035791085909E-4],[4.128175196285852E-5,6.483268366166934E-4,9.330712759759598E-4,1.0920033761809532E-4,7.467507905780272E-5,0.006553700077610366,2.2294931788579227E-4,1.1984628856309724E-4,0.008840991450703401,2.0423845197568732E-4,1.772093813128627E-4,9.701038063147877E-4,0.009011270960915755,0.0010019446166491643,2.1638773891914003E-4,0.005047071477671584,3.7250391253827557E-4,2.3072443457470724E-4,2.4088952146565922E-4,0.0035598821941189617,2.2690552385327763E-4,0.046113118937597695,2.6959011162173605E-4,1.0,0.0015004972334558592,0.007270144538623813,2.794583220687406E-4,3.0262790587955515E-4,5.926972881189789E-4,1.4203192298157272E-4,4.781707507137065E-4,1.564907449788503E-4,1.0291725523586923E-4,3.2128084659749405E-4,3.649044139916127E-4,9.058780955013547E-4,4.886898184815599E-4,2.9761355941516877E-4,2.430679491948821E-4,0.0013305703906844593,0.010451642052668186,0.002291982714657604,1.7988319851210068E-4,9.14296289309163E-5,6.733674688525657E-4,0.0033283751916377336,2.255264032425676E-4,1.5141093780183002E-4,7.369783834709078E-4,0.0027801686266190535,8.830014083291295E-4],[5.584983888685805E-4,9.739242146370875E-4,0.001814956764138756,0.0010153100312835224,0.0012689444040841554,0.0025618003048981015,0.001243678993137492,4.749891803012959E-4,0.006020028224929173,0.0010201314591817584,4.4218887703016175E-4,0.002660591610632323,0.004357809886767921,0.0011801068814478678,7.900364636379624E-4,0.004858253770964679,0.0015795003958544796,0.001645962622950366,9.075658548830675E-4,0.0020860454537609983,4.205433501258093E-4,0.05610409771382268,6.866395907050787E-4,0.0015004972334558592,1.0,0.009945571304507888,0.001382778175718966,8.537214411719366E-4,0.0017507168656243004,1.941800246164655E-4,0.0016365033702241414,9.769539326984493E-4,0.0014624120442087252,0.0016920357895178937,0.0015927170461131797,0.0014379035215016532,0.001976883205058104,6.235065266904651E-4,0.0015080740921403412,0.0016536200665502269,0.007364101310313549,0.00352576975677761,9.717108142793708E-4,0.0012373091916803726,8.914787457314575E-4,0.03446624342485992,0.0012964596690293372,0.0012887268373386349,0.001184755310181317,0.003086940090677837,0.0016625894557949826],[0.01189165222133891,0.005376687432475475,0.004781785109509299,0.011598441259824009,0.006707622696386753,0.01224134138907752,7.280112050045861E-4,0.00977673002264995,0.012439747168666856,0.002585571685261843,0.007032066953829683,0.0039329017683027104,0.015261974228757691,0.012235646801784803,0.012567898601559898,0.005449906558056849,0.009846051798228585,0.012155219326132822,4.7155723032180855E-4,0.011035075574822448,0.0053950464744641725,0.06219338120183012,9.868067558839097E-4,0.007270144538623813,0.009945571304507888,1.0,0.010662038899839084,0.008485917895547422,0.0011491608242903523,0.0016380816745448776,0.0014843248765968897,0.0062311638122619535,0.013411644675239814,0.0022857325755437363,0.0014598192745302735,0.010542539567005689,0.0035028325392283725,0.006436437265748145,0.013558208029468886,0.004436318663174477,0.012767904093234125,0.016148061919543655,0.01311821987680484,9.621349974475533E-4,0.010391988934675264,0.03598650653907429,0.011199943558528111,0.002658927789434823,0.00589889516323314,0.010806190196149597,0.009342016968315818],[1.6719744428575946E-5,4.958122773535002E-4,3.288551884108587E-4,1.6722649569636015E-5,2.732736412967416E-5,0.01050738074764772,7.06080069804848E-5,2.9347142053586974E-5,0.0012771979149176181,1.574757153505453E-5,8.037991951955629E-5,0.0011287931329855563,0.008352886780635786,2.885721545322211E-4,6.911217590503713E-5,0.0036821244333408378,6.119132631927912E-5,1.7295648005852311E-4,1.376625553250076E-4,0.0012867436915080888,9.902509576152987E-5,0.014167198343346048,2.3532610465368808E-5,2.794583220687406E-4,0.001382778175718966,0.010662038899839084,1.0,1.733289819831986E-4,4.774781678297357E-4,1.0971453166899358E-4,9.344175119049044E-4,2.2856042386220174E-5,5.599837912624666E-5,1.4930360166770595E-5,3.524732282753982E-4,9.183476724379563E-5,0.0018667015803518682,2.2791691237733025E-4,4.8052028090636554E-5,0.001251687150709919,0.008210321899240796,0.004069936413782641,9.39306776199886E-5,1.2595516232408736E-5,7.188497317988529E-4,0.036195293907252186,1.5890593086835193E-5,4.4030202502686505E-5,4.687016591086516E-4,0.0035758376321015244,7.072141416913729E-4],[2.667516583378232E-4,3.124387956478232E-4,0.001671637716184596,2.1759816671784667E-4,5.291624574021934E-5,0.01069053058922822,2.738381143355115E-4,2.2629959085865476E-4,0.008926406528173413,2.663483176563695E-4,2.3622067799178209E-4,0.0022461679262126078,0.00647041627260492,4.600442252251535E-4,1.3783637951550232E-4,0.003169976621137583,2.8448729069196495E-4,2.749667477948746E-4,2.678411637070218E-4,0.001049769882047454,2.7024528662226977E-4,0.0639648924832791,1.7053128120060292E-4,3.0262790587955515E-4,8.537214411719366E-4,0.008485917895547422,1.733289819831986E-4,1.0,5.707545025270048E-4,1.4374021227411265E-4,7.396968273090636E-4,2.3948376399217014E-4,1.0715766538211446E-4,8.717702150993356E-5,3.3174169766582315E-4,3.6996715641590526E-4,0.0012888835388964973,2.721964704913229E-4,1.6014284051025287E-4,4.690483382369505E-4,0.012240511265409012,0.00608035340708234,1.6052180856750394E-4,1.3207682863048236E-4,4.910853630166043E-4,0.024921034393411274,6.880070108064047E-5,1.352454725543641E-4,8.973073907480188E-4,0.0011633566652362785,7.937245204272022E-4],[5.928100443065009E-4,6.991452241027443E-4,0.001547151973677175,6.567225487353884E-4,2.8735746681943664E-4,0.0024029827091555135,3.693187333367926E-4,3.168351163007873E-4,0.008341236412618802,5.42102966673181E-4,6.244522663338883E-4,8.081908775914681E-4,0.010318381004472249,8.053458916932296E-4,2.325538997434612E-4,0.0015496404111998048,4.994069034810252E-4,3.5427152589810346E-4,2.6689883376275936E-4,0.001237165052874439,3.910956456224104E-4,0.039053083421025585,4.4542798236800284E-4,5.926972881189789E-4,0.0017507168656243004,0.0011491608242903523,4.774781678297357E-4,5.707545025270048E-4,1.0,4.06057125268664E-4,0.0011860654243589252,3.7478560561095536E-4,9.48038492578245E-5,3.401953745137523E-4,4.288176337304034E-4,0.001228978330649477,0.0018567903875951436,5.633191294098006E-4,4.1990464297851296E-4,0.0015476487971895565,0.004016536685731124,0.00228448560009941,6.151440889900246E-4,4.14934468655212E-4,7.110409012888343E-4,0.03598093184396971,6.503941783979954E-4,4.6590209798204004E-4,9.398239220060561E-4,0.0014174837944867973,7.1412618449492E-4],[9.610676554076269E-5,5.616714237340869E-4,0.001675230410610307,6.4693221989943E-5,5.8158490065523706E-5,0.00871213229178612,1.2872427665409946E-4,4.5263163343105104E-5,0.0073898317611081335,8.187974233686999E-5,1.1406308383672654E-4,0.0015223850844052293,0.00984626301118029,4.893940830029509E-4,1.324422244683644E-4,0.0036779944205997447,2.905411229312453E-4,1.6023793091911456E-4,1.3347681382038122E-4,3.499297400223886E-4,1.649685800716875E-4,0.04387055491199152,1.1890955902627954E-4,1.4203192298157272E-4,1.941800246164655E-4,0.0016380816745448776,1.0971453166899358E-4,1.4374021227411265E-4,4.06057125268664E-4,1.0,0.0011233252712954454,1.1202414005512414E-4,1.0182872867336096E-4,1.0676854743231967E-4,2.033618611293144E-4,8.094417993292582E-4,0.001502825525190357,1.711966395908031E-4,1.1824887191252838E-4,4.8805513100967776E-4,0.001202031203349689,0.013785211165508978,1.0997757856052002E-4,5.476197711990771E-5,5.195322164641302E-4,0.020380274424499533,6.38846128554238E-5,1.1009762821109766E-4,9.306101642609535E-4,8.137884729954301E-4,2.2947785572235196E-4],[1.1532341982067099E-4,9.794021131572512E-4,0.0016818231663810947,5.822895012694415E-4,0.001081066674198584,0.006791311829999606,4.251856423301456E-4,9.670537754767548E-4,0.004750407311829137,0.0011017313823502202,3.337325341061213E-4,0.0027433832182179874,0.008297409858664517,0.001077626992117467,2.4326247732352484E-4,0.0016096584088540918,6.547842504845093E-4,0.0011246584339083998,3.9496021593533653E-4,0.002101781432515588,7.820882385905828E-4,0.04022132764904161,4.939501432252671E-4,4.781707507137065E-4,0.0016365033702241414,0.0014843248765968897,9.344175119049044E-4,7.396968273090636E-4,0.0011860654243589252,0.0011233252712954454,1.0,6.659938903191452E-4,3.604846991907075E-4,7.239649811421536E-4,5.736409889701017E-4,0.0013065688767722598,0.0020862226513736746,0.0010714994410994413,4.65228129252937E-4,0.0014828772671175005,0.009475553798822568,0.005787033467276822,0.0010284480294244446,2.8626560259836087E-4,9.582870901382003E-4,0.032502894331861876,5.664813954611304E-4,0.0012092725410831852,0.0011106597924830754,0.003970521527143243,0.0010802939389199858],[8.051899935302488E-5,4.339421607377238E-4,0.0016523004732034322,5.859614646958912E-5,5.7941435066454156E-5,0.0055316144040535265,1.2479595168380197E-4,7.656224083270899E-5,0.01026227945737921,5.741688006996793E-5,1.1940249431225982E-4,0.0025654141530210258,0.008564266972156141,8.35575846229462E-4,1.1850322881096006E-4,0.002594330560054364,2.7565765607709045E-4,1.829955815985307E-4,1.1812152002341946E-4,0.002633794611900794,1.689544780878653E-4,0.027174792192354694,1.6131778565602376E-4,1.564907449788503E-4,9.769539326984493E-4,0.0062311638122619535,2.2856042386220174E-5,2.3948376399217014E-4,3.7478560561095536E-4,1.1202414005512414E-4,6.659938903191452E-4,1.0,9.07972397942992E-5,9.21113554725756E-5,2.779488055073975E-4,7.978872086145622E-4,0.0021891556569413797,2.498307592731016E-4,1.1749260412914614E-4,0.0015313774189068747,0.010143551577042002,0.009904379056097071,1.0756025187345488E-4,4.087478218782529E-5,3.495992056710091E-4,0.015173211361712761,9.447235225097146E-5,1.1210103578600971E-4,3.711667260373181E-4,5.599340160816283E-4,2.0347831845399548E-4],[3.8218043953228426E-5,9.99121525484611E-5,0.0018927294964065059,8.78582987249625E-5,7.717134814815748E-5,0.004486298325888389,1.237347869239648E-4,5.012586207607469E-5,0.0108238560454596,7.815963550320359E-5,8.915024980908455E-5,0.0010694499815548182,0.007988347271084368,2.7764148919390253E-4,1.2302940907673365E-4,0.0025812520977580196,3.212198387901535E-4,1.0187810541753993E-4,1.2492969903279326E-4,0.0013449314419424218,1.2196756081651625E-4,0.012092308649931357,1.2651012208580168E-4,1.0291725523586923E-4,0.0014624120442087252,0.013411644675239814,5.599837912624666E-5,1.0715766538211446E-4,9.48038492578245E-5,1.0182872867336096E-4,3.604846991907075E-4,9.07972397942992E-5,1.0,1.7376521362613246E-5,1.1747714772814612E-4,0.0010190924069889153,0.0012621783653191181,1.4178914755043898E-4,1.055944534831514E-4,0.0016313686281531092,0.011480459519364794,0.010231095678234187,9.123956063040617E-5,7.12164688313578E-5,2.846685855220156E-4,0.026769683554004164,2.690772703453619E-5,9.764134098874566E-5,8.929651300852895E-4,0.00295051208323589,2.2701363646689075E-4],[1.909497168249364E-5,5.501041163395542E-4,0.0016830848981731234,4.649764325297606E-5,3.5101629797972754E-5,0.009811411441314996,8.013424412892776E-5,2.2412355813918163E-5,0.009854371718030266,1.750373360320518E-5,1.1335578440671565E-4,0.0015642308441842817,0.013138303076855538,5.024082127619705E-5,3.195740382287715E-5,4.588118191601009E-4,2.507790205111275E-4,1.8386333514028644E-4,5.069668371394149E-5,0.0027602268072726773,1.3589344072061841E-4,0.053746674966398,7.134849402692532E-5,3.2128084659749405E-4,0.0016920357895178937,0.0022857325755437363,1.4930360166770595E-5,8.717702150993356E-5,3.401953745137523E-4,1.0676854743231967E-4,7.239649811421536E-4,9.21113554725756E-5,1.7376521362613246E-5,1.0,1.5219962659833108E-4,6.321969196295928E-4,7.593125083938145E-4,1.375967714336976E-4,1.16280810801324E-4,0.0012515650555229695,0.0067903118749315025,0.004850976441456484,8.720915233316999E-5,1.2215772980903453E-5,6.383731642673114E-4,0.0036133322461635317,1.3329579022962568E-5,7.374523030972244E-5,8.858000976982099E-5,0.004507503565060772,5.764126390181796E-4],[4.501584931986842E-5,6.699198071461388E-4,0.0013483229032403982,3.29080846109109E-4,2.7217497179613887E-4,0.006531237715146224,2.6668869535082006E-4,1.8840220856732672E-4,0.009956940995148787,2.1745397735297442E-4,1.841798607216848E-4,0.0012134351770858468,0.008474322357887983,6.299962886623542E-4,1.5088550688033443E-4,5.150035490465743E-4,3.418172310145195E-4,3.401073177407021E-4,3.108768576308586E-4,0.0028135108183094974,3.2058122780252485E-4,0.05824762510542858,2.3885367190084632E-4,3.649044139916127E-4,0.0015927170461131797,0.0014598192745302735,3.524732282753982E-4,3.3174169766582315E-4,4.288176337304034E-4,2.033618611293144E-4,5.736409889701017E-4,2.779488055073975E-4,1.1747714772814612E-4,1.5219962659833108E-4,1.0,9.722576386163082E-4,0.001409027629800425,2.792567629996243E-4,1.8763718948206092E-4,6.84206978543025E-4,0.005390484630351861,0.008746170878947454,3.4044532235799494E-4,2.5424598895784043E-4,6.714210715004267E-4,0.022595525492499113,2.063531574037705E-4,2.2385043005999157E-4,4.66201189578204E-4,0.0033105905069438133,4.1944555475136746E-4],[0.001302107529563175,8.124485931003528E-4,0.0015293228117114178,9.96362896466937E-4,0.0010772902075155922,0.010345668899486887,5.147014821407583E-4,2.2021819982693028E-4,0.00745113889267146,2.2778713448995606E-4,1.9111799434046173E-4,0.0017211552647984308,0.003907883830772676,0.0012268416869397627,3.729433307584851E-4,0.00360044193533711,0.0011231418973781044,0.0010984238237790969,0.0011812511175973333,0.002217178137405875,4.3512104045434003E-4,0.045152376724471636,4.5957822836610455E-4,9.058780955013547E-4,0.0014379035215016532,0.010542539567005689,9.183476724379563E-5,3.6996715641590526E-4,0.001228978330649477,8.094417993292582E-4,0.0013065688767722598,7.978872086145622E-4,0.0010190924069889153,6.321969196295928E-4,9.722576386163082E-4,1.0,0.0016613351666763165,8.074751034576968E-4,1.4612781490601538E-4,0.0016135321951401467,0.001949114281633251,0.010120507753635082,0.0013330231605517997,0.0013976171084097825,8.130811031486149E-4,0.03412269547386952,5.284895666582724E-4,7.995454564709083E-4,0.0013926820363281368,0.003105105354509449,0.0011293228737785845],[9.643325946451731E-5,0.002276752086636445,0.002205068312975218,0.0021354428208735397,1.684433408396661E-4,0.010957438159707181,0.0019103282927895658,0.002099038362284839,0.011161226625892952,8.732677970126839E-4,0.00225342171834113,0.002771124549251035,0.01470936687565796,0.0010524462390069348,7.275530338855491E-4,0.002400225320681345,6.059753617997071E-4,0.001030475345610131,0.0010932056205021964,0.002587939695171182,6.967382067624322E-4,0.02122309049437223,0.0016866959105680565,4.886898184815599E-4,0.001976883205058104,0.0035028325392283725,0.0018667015803518682,0.0012888835388964973,0.0018567903875951436,0.001502825525190357,0.0020862226513736746,0.0021891556569413797,0.0012621783653191181,7.593125083938145E-4,0.001409027629800425,0.0016613351666763165,1.0,6.146459973857764E-4,0.0018230631425142211,0.001879583858972553,0.01201042533547177,0.0036954299154968854,5.069119256102166E-4,4.2892089006133443E-4,0.0013935273035118234,0.014909209342479472,0.0012894330322174808,3.5289245163123463E-4,0.0013495672028712227,0.003609269068009775,0.0010592160682337812],[1.787555423200362E-4,6.130731355204052E-4,0.001740610369996715,1.108227622117717E-4,1.3744026152379075E-4,0.011048849448822704,2.610751462721738E-4,1.3301920708309797E-4,0.002460622504777274,1.7684673380349288E-4,2.278109896122528E-4,0.0021435782379444915,0.0013139351574987643,6.725522222698537E-4,1.635303308589683E-4,0.004102587778445583,2.9266146942542637E-4,2.49352695510194E-4,2.3134955895422876E-4,0.0012529786620485354,2.4949786518587986E-4,0.006864797726559561,