[[1.0,5.705092559708034E-4,4.96956597194023E-4,9.513097813169285E-5,2.8136705665621724E-5,4.8709109536235744E-5,0.0040912348199337555,1.1237792904961248E-5,2.2600192668001143E-4,1.3011936676569057E-5,0.0062067016234960675,2.249965677518434E-5,1.1159165613152308E-4,4.656012112160624E-4,1.7302910005464797E-4,6.725392991145256E-5,0.001436255847572536,8.195062261423528E-4,2.4825610272214056E-4,1.0523345240712106E-5,0.0015427199429385318,3.348102758410922E-5,1.7242294518547193E-5,1.4308869071859722E-5,4.3960491333904754E-5,0.0015566284783523003,1.1281568800095221E-5,9.980263747637675E-4,7.462957859196559E-5,3.411011017132998E-5,2.8104167812198743E-4,0.001044193092325163,0.0010083491122010366,1.076394627564416E-4,8.374555571911114E-5,2.69670950566062E-4,5.7118334941969956E-5,9.708332263429849E-5,1.2462917857619684E-4,4.469025674060681E-5,1.6374211094059252E-4,9.394472981492863E-4,6.696305029128924E-4,0.0016349883946222088,8.560488096694711E-4],[5.705092559708034E-4,1.0,0.0014088133565412285,6.010188491401381E-4,6.5510986659897E-4,4.4611941945709365E-4,0.001917602979123698,0.0010863915217385564,7.862060344189213E-4,1.5567514181267654E-5,0.00810042577848772,1.6588585171952455E-4,3.809145947002324E-4,0.001143210354054335,5.22620322858788E-4,2.0379404047776316E-4,0.0020711285699869875,0.008505000476433596,0.001074580999019427,9.001682865667892E-4,0.0017813999534634093,2.104173989569378E-4,2.120657877912259E-4,8.53396970347504E-5,2.832033923425047E-4,0.0037254984686215364,6.975952368047235E-4,0.0011330810227626032,8.017562666174979E-4,8.862121602474058E-4,0.001040367605978861,0.001108275188584508,0.0022762719250876405,4.089167767362217E-4,6.937550584303268E-4,0.0010280704469290136,8.643377137905097E-4,5.762367963560657E-4,0.0011270265336421304,1.7390175486084916E-4,0.0010434282560222025,0.011979677013826445,0.0015779939077119908,0.0016378042603377087,0.0012642481348036521],[4.96956597194023E-4,0.0014088133565412285,1.0,7.270900066923E-4,8.091985858351292E-4,7.283380708020838E-4,0.0028213110215255573,7.193999744078632E-4,0.0015352145736983052,7.2100219141624E-4,0.01615355639611462,7.854646681226622E-4,5.580310400138302E-4,0.0014773554111098357,5.736665965042297E-4,8.286755737214052E-4,0.0023901150133191266,0.018306250922849564,0.0013179263983725223,5.736381549714449E-4,0.002385229530562619,2.667806933434548E-4,6.953409274246317E-4,0.001541087068210136,0.0011061135569111196,0.006024410337243651,8.576537773347739E-4,0.001446340766464431,6.09010845846761E-4,0.0010455090562610726,8.303582692173744E-4,0.001585951905367123,0.002096966581632621,0.0013957257692909424,0.0010157035180340067,0.001605502955221425,7.280953873591831E-4,4.230788291208601E-4,0.0014796319176790347,0.0010401833138933517,7.70061467682706E-4,0.011094647643188916,0.0016499762547097306,0.0017897853079469725,0.0015258471277567094],[9.513097813169285E-5,6.010188491401381E-4,7.270900066923E-4,1.0,1.1200240146421317E-4,1.4318430273493717E-4,0.0038374205333173038,1.1347701949935632E-4,1.6772106787034377E-4,1.106268452165674E-4,0.01717160024416762,1.1205020427231706E-4,1.4200413861988195E-4,1.7850689754069226E-4,1.8797010319593658E-4,1.1439216017797863E-4,3.5962506588359564E-4,0.01968119401363422,2.517637170999344E-4,2.8230331013636286E-5,0.002074828050998799,4.367115534289201E-5,9.661752253587163E-5,8.319196572400219E-5,1.4479364743953714E-4,4.75322590493931E-4,5.393683250216209E-5,6.511108310753136E-4,1.5395078907325517E-4,1.8446158178263647E-4,4.981094538586646E-4,2.7353961642994224E-4,3.2622838447054673E-4,1.7284601484974854E-4,1.1749036509496976E-4,3.012629525095428E-4,1.1126863752022603E-4,1.1145968665960563E-4,9.914762381099272E-4,5.943863694976242E-5,1.3398404846444022E-4,0.005213277003638061,0.001009402517395931,1.2842263894371234E-4,5.906817962318192E-4],[2.8136705665621724E-5,6.5510986659897E-4,8.091985858351292E-4,1.1200240146421317E-4,1.0,1.285506958656767E-4,0.002424272960691799,1.0853640815808309E-4,1.1853698915753579E-4,5.039597392181305E-5,0.005015186958119637,2.7592800308137164E-5,1.1729601950862178E-4,5.475914216058605E-4,1.932527451630744E-4,1.1073381903133884E-4,4.121375553481333E-4,0.018974427005331883,1.546391774838414E-4,7.368370550412373E-5,0.0013623689893695404,8.69534117617675E-5,3.316559757208249E-5,7.509011542221406E-5,1.6738205386013894E-4,0.004814653360034178,1.7781336533219384E-5,8.921429656665132E-4,1.6549409940928319E-4,2.5362599119734507E-4,3.7628544969086735E-4,7.441292428637756E-4,0.002340190930146106,1.2958839739182025E-4,1.2825821731509698E-4,2.2229451935297393E-4,1.0695906795622272E-4,1.0975116777125517E-4,0.0010523212925074622,8.896867777583218E-5,1.1588983018735376E-4,0.0063761440758763905,0.0010360574625207996,0.002319166748593708,5.205884295010562E-4],[4.8709109536235744E-5,4.4611941945709365E-4,7.283380708020838E-4,1.4318430273493717E-4,1.285506958656767E-4,1.0,0.005160394600082767,1.2657752313222737E-4,3.6441026263314555E-4,1.6879026346324584E-4,0.009006663488927346,3.77644657247418E-5,1.8349729095222376E-4,9.836141154736368E-4,2.5892538676149736E-4,2.5187904456296464E-4,0.0011214555284045987,0.04105761598131801,3.350572119885327E-4,7.137452178257686E-5,0.0013651089350247498,1.5451829642710468E-4,1.561615856223266E-4,1.6425049870376503E-4,2.7855174943986307E-4,0.003682689259883051,1.958428333698718E-4,3.925828163079334E-4,2.673986115414813E-4,2.9066248202110653E-4,5.008743943893913E-4,7.629218511043436E-4,0.001936089139188773,2.3078340129829952E-4,2.2387583160302023E-4,6.64016818067015E-4,2.3907297693517095E-4,2.6905668920852293E-4,9.55174562032981E-4,1.8032828599470673E-4,2.506896754885052E-4,0.007849774423284777,0.00117888334982561,3.499693795728344E-4,8.586172685342737E-4],[0.0040912348199337555,0.001917602979123698,0.0028213110215255573,0.0038374205333173038,0.002424272960691799,0.005160394600082767,1.0,0.00232931560469489,9.544819022206472E-4,0.0012950984624597762,0.006958934600860907,0.00457606670365239,0.004452253326756805,0.0034723884089845457,0.004654317807758985,0.002220612487773586,0.0025547805229617256,0.03185126884203105,0.0028862524580275093,0.0024802512526274426,0.00479174361577385,6.012663704742904E-4,0.004295556199443172,0.0019730726275638093,0.004976797658773392,0.005863410844828773,0.004344028039413641,0.002600247591304039,0.0018182605784464404,0.003936189929071776,0.0021062793824227605,0.004943797723465127,0.0049078544643704185,0.002654846069100832,0.003195736494649786,9.618857440520252E-4,3.949754538616522E-4,0.00494430597986722,0.004183895121806459,0.00134661965584827,0.001923308561113087,0.006794896341809806,0.0017573070558406334,0.0046609809434418545,0.002729326338009414],[1.1237792904961248E-5,0.0010863915217385564,7.193999744078632E-4,1.1347701949935632E-4,1.0853640815808309E-4,1.2657752313222737E-4,0.00232931560469489,1.0,2.089191823423868E-4,3.429973347143254E-5,0.015506745453577338,4.7018469424188515E-5,1.4362396478306494E-4,3.2711842616018987E-4,1.2971640796007064E-4,1.129170539811666E-4,0.0012275314606004235,0.006746560533238366,7.154065477424496E-4,2.7350219326354022E-5,0.0023359831071476664,6.631899015717706E-5,2.3194209487060787E-5,6.645536992659382E-5,1.6667788326083064E-4,0.0030408002139350686,4.23794887938309E-5,5.07243457703932E-4,1.7282907377762338E-4,2.8849025154328433E-4,3.5740922371182445E-4,4.3691331345460394E-4,2.3518411000509606E-4,1.4643915184970718E-4,1.3177967586140666E-4,1.2954604045132016E-4,1.1036351217752314E-4,1.107913039202987E-4,4.548839311263975E-4,9.749450882469527E-5,1.4494525321387695E-4,0.009207825029246748,3.8460641467115663E-4,2.6832465833152413E-4,9.330345418567703E-4],[2.2600192668001143E-4,7.862060344189213E-4,0.0015352145736983052,1.6772106787034377E-4,1.1853698915753579E-4,3.6441026263314555E-4,9.544819022206472E-4,2.089191823423868E-4,1.0,1.5216755412525383E-4,0.018966242345255926,1.6317232799578692E-4,1.7752888054783887E-4,4.293241154529958E-4,3.417894240287279E-4,1.3871678251298772E-4,4.7716404821677603E-4,0.0165074325890451,5.358875014627766E-4,3.008663460728929E-4,0.0018867846606586635,2.621963127582646E-4,1.0578677116562687E-4,5.710244425235178E-5,2.6451769210895075E-4,0.006636924622217165,3.47699837818957E-4,0.0010636102401956097,3.248636760094497E-4,3.355533363958901E-4,4.6007390241943846E-4,0.0010136982141788241,0.002260907638608639,2.1660954468394233E-4,2.8087491349889433E-4,5.682113950879758E-4,1.514387927628153E-4,1.6215986642038814E-4,5.135176138237589E-4,3.705103021227441E-4,3.028843827268163E-4,0.002506277043300732,6.986038056346898E-4,0.002656588626898424,9.289889619562299E-4],[1.3011936676569057E-5,1.5567514181267654E-5,7.2100219141624E-4,1.106268452165674E-4,5.039597392181305E-5,1.6879026346324584E-4,0.0012950984624597762,3.429973347143254E-5,1.5216755412525383E-4,1.0,0.01044669518189061,1.4597947808039045E-5,1.4256339972978083E-4,6.184549537377615E-4,1.1949205093006517E-4,2.8242021237874976E-5,0.0015354428546157143,0.018728626859200525,3.1391158777633026E-4,1.2777048028167243E-5,0.0013726165153207636,3.213329357547119E-5,1.6454481147467204E-5,1.5180320528773198E-5,2.624781434896945E-5,0.007124731915194775,1.431429117037508E-5,0.0010211531328544084,1.379758949950007E-4,4.629013350858885E-5,1.786120626192793E-4,4.888357880024928E-4,4.462761355452486E-4,1.4469089057410998E-4,3.151007495283785E-5,1.3223466342128116E-4,5.98679042660529E-5,4.7275849375155E-5,8.133449504353951E-4,3.201464203856513E-5,1.8480646126726046E-5,0.0057268902597514704,7.737787432550396E-4,0.0016744724157274225,7.934495067403319E-4],[0.0062067016234960675,0.00810042577848772,0.01615355639611462,0.01717160024416762,0.005015186958119637,0.009006663488927346,0.006958934600860907,0.015506745453577338,0.018966242345255926,0.01044669518189061,1.0,0.018147771781437193,0.017643145418561542,0.007085439712454277,0.009130178291401315,0.0013043684127234066,0.003745401882747426,0.03138380804200819,0.0020382398976559455,0.004746194213811023,0.016790934930791705,0.0019329661714026687,0.016711098319311685,0.020308302537093426,0.002777528745390033,0.01208713794266789,0.008556392726841357,0.0017658163325212748,0.016286577065072753,0.009676499337420371,0.00681170997312988,0.013953946979953873,0.013535786906262108,0.018159624232889335,0.002003843985644113,0.01613337347202894,0.01849553376492592,0.016186031340362977,0.011803844649291989,0.01540067243616236,0.014917384436694808,0.01944653480784844,0.009902356959395056,0.011774743690915449,0.0036531741284214613],[2.249965677518434E-5,1.6588585171952455E-4,7.854646681226622E-4,1.1205020427231706E-4,2.7592800308137164E-5,3.77644657247418E-5,0.00457606670365239,4.7018469424188515E-5,1.6317232799578692E-4,1.4597947808039045E-5,0.018147771781437193,1.0,8.350022175313353E-5,3.7174645670301487E-4,8.298847849669349E-5,6.87643471277486E-5,0.0011844042796536598,0.0057763567196281234,7.573431055521834E-4,2.1938184326332134E-5,3.910960740373411E-4,3.1983980454068684E-5,2.2809172771501846E-5,2.078104412468668E-5,2.979997613539441E-5,0.006496861084227899,2.2402445429222017E-5,6.172593772624613E-4,6.030069578910459E-5,2.206360403495883E-4,5.277616103083612E-4,4.363414759137664E-4,0.0022069554584828637,1.2495636235063714E-4,4.314089526119741E-5,3.118512652928313E-4,1.0670089259158012E-4,7.240238553267359E-5,6.137235272111605E-5,3.6443775786940733E-5,1.1505632311768375E-4,0.0037837612348996675,0.0014863393206300502,9.334084651107726E-4,9.823509390362113E-4],[1.1159165613152308E-4,3.809145947002324E-4,5.580310400138302E-4,1.4200413861988195E-4,1.1729601950862178E-4,1.8349729095222376E-4,0.004452253326756805,1.4362396478306494E-4,1.7752888054783887E-4,1.4256339972978083E-4,0.017643145418561542,8.350022175313353E-5,1.0,2.882151531272995E-4,1.826118808132395E-4,1.1694482718089553E-4,5.95049145293942E-4,0.03866051042385314,5.410789177638699E-4,5.07829720704272E-5,0.0018047918240775434,1.410367251093083E-4,1.0674921561292105E-4,5.3877589237710856E-5,1.618605053567132E-4,0.001723966483777288,8.534818024649579E-5,8.081265477608022E-4,2.0150566966129272E-4,2.99261230259637E-4,4.0115369416713226E-4,0.0010415462379691112,9.428032168495545E-4,1.718102245324287E-4,1.4755211928736627E-4,7.737616345302298E-4,1.0992300819049221E-4,1.263331015934443E-4,7.701145540315989E-4,1.3780543250450529E-4,1.6741991482319512E-4,0.005953932278956219,4.6173820437520925E-4,0.002168903231953098,0.0011084439283863524],[4.656012112160624E-4,0.001143210354054335,0.0014773554111098357,1.7850689754069226E-4,5.475914216058605E-4,9.836141154736368E-4,0.0034723884089845457,3.2711842616018987E-4,4.293241154529958E-4,6.184549537377615E-4,0.007085439712454277,3.7174645670301487E-4,2.882151531272995E-4,1.0,3.7449339889698277E-4,0.0010007168007464902,0.0016827625270902848,0.023010027604538342,0.0010921231152208432,5.87407310138792E-4,0.0022568915407728428,4.040503096818649E-4,0.0011250056892960787,7.605498204057321E-5,0.0011003410131071082,0.001681105983184411,0.001132611130480003,0.001214525627854194,0.001101698836967693,5.272541846859743E-4,6.136847265199763E-4,0.0011238354553440113,0.002366222338969993,2.4136929946760014E-4,7.222425993585823E-4,0.0010366859107416367,4.870903107211908E-4,7.598084473249206E-4,0.0011399904001769818,7.421684440046353E-4,0.0010532346156267053,0.006339219293307428,0.0016270110464443265,0.0028895115647386885,0.001152992482733046],[1.7302910005464797E-4,5.22620322858788E-4,5.736665965042297E-4,1.8797010319593658E-4,1.932527451630744E-4,2.5892538676149736E-4,0.004654317807758985,1.2971640796007064E-4,3.417894240287279E-4,1.1949205093006517E-4,0.009130178291401315,8.298847849669349E-5,1.826118808132395E-4,3.7449339889698277E-4,1.0,2.0090532342280346E-4,0.0017611958892496836,0.020401247744906877,7.138451017401123E-4,1.4847879367265422E-4,0.0026547515220972785,4.082598177734503E-5,2.2075680117161582E-5,3.052015697319366E-5,1.8056303549098015E-4,0.006922270866500944,1.1535906224612283E-4,2.474522669588735E-4,2.16956011825725E-4,2.9401405303933046E-4,3.1557891030344244E-4,8.211766388166202E-4,7.234388069121713E-4,1.9464812302004493E-4,1.7602615231079885E-4,7.077106063663743E-4,1.721019922318196E-4,1.7943077933808342E-4,9.573221992728981E-4,2.1424240172756136E-4,1.7826390695074943E-4,0.011109143611709699,0.0011363238860405587,7.787965023255043E-4,0.001201339044275307],[6.725392991145256E-5,2.0379404047776316E-4,8.286755737214052E-4,1.1439216017797863E-4,1.1073381903133884E-4,2.5187904456296464E-4,0.002220612487773586,1.129170539811666E-4,1.3871678251298772E-4,2.8242021237874976E-5,0.0013043684127234066,6.87643471277486E-5,1.1694482718089553E-4,0.0010007168007464902,2.0090532342280346E-4,1.0,1.8224110232600951E-4,0.033387048127474415,5.603670396360127E-4,9.594377699877141E-5,6.98647637244933E-4,5.404959707235602E-5,6.411013989093345E-5,1.0007484134480656E-4,1.281825985769611E-4,0.0046625799132431955,8.267251850917566E-5,6.719941880011234E-4,1.9575377944556786E-4,2.0762935162852401E-4,5.701876298574659E-4,9.94738444385791E-4,0.0011956756429640676,1.5351935439627775E-4,1.3944489746401143E-4,1.3886115566474157E-4,1.1446024213963472E-4,1.1161243665305477E-4,2.4260875482179448E-4,6.121298583670385E-5,1.2966411599168315E-4,0.005671966390262559,0.0015945651858321574,0.001221754677095043,9.68368983027142E-4],[0.001436255847572536,0.0020711285699869875,0.0023901150133191266,3.5962506588359564E-4,4.121375553481333E-4,0.0011214555284045987,0.0025547805229617256,0.0012275314606004235,4.7716404821677603E-4,0.0015354428546157143,0.003745401882747426,0.0011844042796536598,5.95049145293942E-4,0.0016827625270902848,0.0017611958892496836,1.8224110232600951E-4,1.0,0.02229230773228321,0.0011980620630771834,2.5663733348574893E-4,0.0027545293461839378,2.5339743818559386E-4,0.0015347175276339262,0.0024761360558448677,2.3458458373109957E-4,0.006819794435462595,5.448415636899997E-4,0.0017990042579990127,0.0017671968338913368,0.0017504322328172955,0.0013130540225395016,0.0015387305927341852,0.0024898897668402353,9.137678648290313E-4,0.00127226241776441,8.924892303628535E-4,0.0020605547371867912,4.8076033958746654E-4,0.0021690787385762675,0.001256113015718661,0.002035436534498313,0.008603851961179507,0.002133287697681542,0.002705000240180171,0.001966466027138713],[8.195062261423528E-4,0.008505000476433596,0.018306250922849564,0.01968119401363422,0.018974427005331883,0.04105761598131801,0.03185126884203105,0.006746560533238366,0.0165074325890451,0.018728626859200525,0.03138380804200819,0.0057763567196281234,0.03866051042385314,0.023010027604538342,0.020401247744906877,0.033387048127474415,0.02229230773228321,1.0,0.011811575897216174,0.014555643818322814,0.026116491283741303,0.009930319299739884,0.04098846047325035,0.007078933881640565,0.03681461282390739,0.0268013061096969,0.01628562927592409,0.037947112066800605,0.0016355211237895476,0.021355714094415956,0.031276637605313906,0.022955824725456098,0.010445779082786592,0.03518930097973701,0.009515412065267672,0.04000121557309608,0.030411220979646828,0.0064988504107312255,0.011490309837323364,0.021681881302062736,0.0355754773921106,0.02746480031227325,0.02358192488303528,0.03064821819918901,0.03200008950089558],[2.4825610272214056E-4,0.001074580999019427,0.0013179263983725223,2.517637170999344E-4,1.546391774838414E-4,3.350572119885327E-4,0.0028862524580275093,7.154065477424496E-4,5.358875014627766E-4,3.1391158777633026E-4,0.0020382398976559455,7.573431055521834E-4,5.410789177638699E-4,0.0010921231152208432,7.138451017401123E-4,5.603670396360127E-4,0.0011980620630771834,0.011811575897216174,1.0,8.362578856757663E-4,0.0016275709275348884,2.4874515697222025E-4,9.664327803227666E-5,9.190792759552262E-5,4.767245612709123E-4,0.0041608309553779485,2.693577916479057E-4,0.0011677785134869667,6.106932051925728E-4,6.896737998784169E-4,0.001001482154482203,0.0010225547667278734,0.002195740095643591,7.264882880968189E-4,2.860027583409821E-4,9.388064378601424E-4,7.616468167608624E-4,6.523772512312554E-4,0.0010803906254641606,9.42854591876513E-5,5.650418526206066E-4,0.011489287820719712,0.0013202488535951165,0.0011967117059061628,0.0011034973037758937],[1.0523345240712106E-5,9.001682865667892E-4,5.736381549714449E-4,2.8230331013636286E-5,7.368370550412373E-5,7.137452178257686E-5,0.0024802512526274426,2.7350219326354022E-5,3.008663460728929E-4,1.2777048028167243E-5,0.004746194213811023,2.1938184326332134E-5,5.07829720704272E-5,5.87407310138792E-4,1.4847879367265422E-4,9.594377699877141E-5,2.5663733348574893E-4,0.014555643818322814,8.362578856757663E-4,1.0,6.957215548214993E-4,2.4050076351423263E-5,1.5568767746799638E-5,1.7478344102397066E-5,1.3592161137335263E-4,0.007173630643110844,1.0373832864374009E-5,4.5797237664831243E-4,2.149819541135659E-4,2.099543969742832E-4,3.758854348763829E-4,2.1811770415161425E-4,4.7303203316555127E-4,1.1360303028108367E-4,1.3014629081427304E-4,4.3628352954061804E-4,1.3334153407009455E-5,3.385416359949222E-5,0.001041776335107489,3.130499349590798E-5,8.984777262254211E-5,0.010794531575250687,2.3550377121605656E-4,0.001368990686595345,7.617501480068384E-4],[0.0015427199429385318,0.0017813999534634093,0.002385229530562619,0.002074828050998799,0.0013623689893695404,0.0013651089350247498,0.00479174361577385,0.0023359831071476664,0.0018867846606586635,0.0013726165153207636,0.016790934930791705,3.910960740373411E-4,0.0018047918240775434,0.0022568915407728428,0.0026547515220972785,6.98647637244933E-4,0.0027545293461839378,0.026116491283741303,0.0016275709275348884,6.957215548214993E-4,1.0,0.0019055970227599725,0.001106037286938129,9.610017098596778E-4,0.0015261524663302002,0.005780900198718299,0.0017490672514650584,0.001477337196772225,0.001990664082798477,0.002617825411190562,0.0019382825851498211,0.0012221545841605817,0.002536954897509235,0.0010746992120922226,0.002104382038483385,0.001483943387242152,0.002435773984343526,0.002116955614861286,0.0021063545439533628,0.0026922063655279815,0.0017402135361821547,0.005361601362660758,0.002242609322183917,0.002780711428724729,0.0022508449003873204],[3.348102758410922E-5,2.104173989569378E-4,2.667806933434548E-4,4.367115534289201E-5,8.69534117617675E-5,1.5451829642710468E-4,6.012663704742904E-4,6.631899015717706E-5,2.621963127582646E-4,3.213329357547119E-5,0.0019329661714026687,3.1983980454068684E-5,1.410367251093083E-4,4.040503096818649E-4,4.082598177734503E-5,5.404959707235602E-5,2.5339743818559386E-4,0.009930319299739884,2.4874515697222025E-4,2.4050076351423263E-5,0.0019055970227599725,1.0,3.059648341217916E-5,3.348457855775525E-5,8.774621965826644E-5,0.004026145181727835,2.3717686537246686E-5,1.2362743504663144E-4,4.4830613841436044E-5,4.127462345145605E-5,6.029500249913437E-4,2.1417134610951573E-4,0.0022139423420605973,1.1140408000235014E-4,7.974673960566757E-5,4.943038393144317E-4,6.612809115778568E-5,7.184501469936267E-5,5.70899395639036E-4,3.646179773934872E-5,9.613539856484484E-5,0.00433222070164047,4.920259573324406E-4,9.590104070749492E-4,8.429715314427986E-4],[1.7242294518547193E-5,2.120657877912259E-4,6.953409274246317E-4,9.661752253587163E-5,3.316559757208249E-5,1.561615856223266E-4,0.004295556199443172,2.3194209487060787E-5,1.0578677116562687E-4,1.6454481147467204E-5,0.016711098319311685,2.2809172771501846E-5,1.0674921561292105E-4,0.0011250056892960787,2.2075680117161582E-5,6.411013989093345E-5,0.0015347175276339262,0.04098846047325035,9.664327803227666E-5,1.5568767746799638E-5,0.001106037286938129,3.059648341217916E-5,1.0,1.926949542547888E-5,9.019150259753024E-5,0.007097444029083745,1.990058374126597E-5,0.0010097405544320854,2.1909042964312233E-5,2.2145720638453326E-4,1.769810829866116E-4,3.498356470413242E-4,0.0019423289096086789,1.7770805565654963E-4,1.264581521904282E-4,7.494973893423202E-4,2.7752637393633535E-5,2.8614787800525343E-5,4.856617002051616E-4,3.264858116750164E-5,1.5628386218599882E-4,0.0057875559128426225,0.00132063172879392,4.499235458226734E-4,0.001271686389410591],[1.4308869071859722E-5,8.53396970347504E-5,0.001541087068210136,8.319196572400219E-5,7.509011542221406E-5,1.6425049870376503E-4,0.0019730726275638093,6.645536992659382E-5,5.710244425235178E-5,1.5180320528773198E-5,0.020308302537093426,2.078104412468668E-5,5.3877589237710856E-5,7.605498204057321E-5,3.052015697319366E-5,1.0007484134480656E-4,0.0024761360558448677,0.007078933881640565,9.190792759552262E-5,1.7478344102397066E-5,9.610017098596778E-4,3.348457855775525E-5,1.926949542547888E-5,1.0,1.7195716059137674E-4,0.005833167522867634,1.8278395056391622E-5,6.573559533100919E-4,6.856672037344172E-5,2.7256094055175023E-4,8.464065613207123E-5,1.9778826545541818E-4,0.001409926308974993,1.701173888424961E-4,1.2031715530517445E-4,4.50917380444522E-4,9.181520279874413E-5,3.441581711985047E-5,2.1140931990157585E-4,2.5559613656719183E-5,2.3838004320476727E-5,0.001450722433658581,5.985144499887954E-4,0.001254658456834066,0.0010594083976255889],[4.3960491333904754E-5,2.832033923425047E-4,0.0011061135569111196,1.4479364743953714E-4,1.6738205386013894E-4,2.7855174943986307E-4,0.004976797658773392,1.6667788326083064E-4,2.6451769210895075E-4,2.624781434896945E-5,0.002777528745390033,2.979997613539441E-5,1.618605053567132E-4,0.0011003410131071082,1.8056303549098015E-4,1.281825985769611E-4,2.3458458373109957E-4,0.03681461282390739,4.767245612709123E-4,1.3592161137335263E-4,0.0015261524663302002,8.774621965826644E-5,9.019150259753024E-5,1.7195716059137674E-4,1.0,0.002175267912111131,7.116585170001893E-5,7.600283556308493E-4,2.1409310380438902E-4,2.6245318579493765E-4,5.104909305664262E-4,2.1242255517728574E-4,0.0016106370771226998,1.7215591752692603E-4,1.5947703826413596E-4,4.6171175081225347E-4,1.529694641622202E-4,1.2760320938879193E-4,9.607407869722391E-4,5.0560576651040236E-5,1.7218766921676569E-4,0.007579670489938569,1.961345372269545E-4,4.024833890111292E-4,6.45718013355624E-4],[0.0015566284783523003,0.0037254984686215364,0.006024410337243651,4.75322590493931E-4,0.004814653360034178,0.003682689259883051,0.005863410844828773,0.0030408002139350686,0.006636924622217165,0.007124731915194775,0.01208713794266789,0.006496861084227899,0.001723966483777288,0.001681105983184411,0.006922270866500944,0.0046625799132431955,0.006819794435462595,0.0268013061096969,0.0041608309553779485,0.007173630643110844,0.005780900198718299,0.004026145181727835,0.007097444029083745,0.005833167522867634,0.002175267912111131,1.0,0.004123776417217412,0.006169150628729797,0.0017143967816697827,0.0015724144835355237,7.717232685395098E-4,0.0035915142584095495,0.006390366616903116,0.005454600011647807,0.006098782733135649,0.003843376987701602,0.006193576462037302,0.004428226772817307,0.0020155592183125908,0.00685209607875556,0.003143067439601435,0.008833510197447828,0.0053345440944821245,0.004206561723140399,0.0017605258463303344],[1.1281568800095221E-5,6.975952368047235E-4,8.576537773347739E-4,5.393683250216209E-5,1.7781336533219384E-5,1.958428333698718E-4,0.004344028039413641,4.23794887938309E-5,3.47699837818957E-4,1.431429117037508E-5,0.008556392726841357,2.2402445429222017E-5,8.534818024649579E-5,0.001132611130480003,1.1535906224612283E-4,8.267251850917566E-5,5.448415636899997E-4,0.01628562927592409,2.693577916479057E-4,1.0373832864374009E-5,0.0017490672514650584,2.3717686537246686E-5,1.990058374126597E-5,1.8278395056391622E-5,7.116585170001893E-5,0.004123776417217412,1.0,9.69193691246817E-5,1.800792020018697E-4,2.4242802723848012E-4,2.8409719133507715E-4,7.252201603869302E-4,9.649641233874851E-4,1.446943353576644E-4,1.4157029893377383E-4,2.7596672941846936E-4,5.5572956501187644E-5,4.5411609903285485E-5,9.57549341418358E-4,4.2328076703942045E-5,1.4531543603747276E-4,0.010997133888059235,0.001218871814686905,0.0013768735035872507,0.0010084305432429713],[9.980263747637675E-4,0.0011330810227626032,0.001446340766464431,6.511108310753136E-4,8.921429656665132E-4,3.925828163079334E-4,0.002600247591304039,5.07243457703932E-4,0.0010636102401956097,0.0010211531328544084,0.0017658163325212748,6.172593772624613E-4,8.081265477608022E-4,0.001214525627854194,2.474522669588735E-4,6.719941880011234E-4,0.0017990042579990127,0.037947112066800605,0.0011677785134869667,4.5797237664831243E-4,0.001477337196772225,1.2362743504663144E-4,0.0010097405544320854,6.573559533100919E-4,7.600283556308493E-4,0.006169150628729797,9.69193691246817E-5,1.0,7.397298950870014E-4,5.724456275207649E-4,0.0010772178532069895,0.0011149463653320649,0.0019811544052106963,0.0010770140331154575,8.786484470726438E-4,0.001211551954201953,6.979167380916022E-4,0.0012038016420487002,0.0011798466336708734,5.300888820498052E-4,2.425646282776774E-4,0.007662001999499814,0.0015931781428200774,0.001335856595793652,0.0013665443480864606],[7.462957859196559E-5,8.017562666174979E-4,6.09010845846761E-4,1.5395078907325517E-4,1.6549409940928319E-4,2.673986115414813E-4,0.0018182605784464404,1.7282907377762338E-4,3.248636760094497E-4,1.379758949950007E-4,0.016286577065072753,6.030069578910459E-5,2.0150566966129272E-4,0.001101698836967693,2.16956011825725E-4,1.9575377944556786E-4,0.0017671968338913368,0.0016355211237895476,6.106932051925728E-4,2.149819541135659E-4,0.001990664082798477,4.4830613841436044E-5,2.1909042964312233E-5,6.856672037344172E-5,2.1409310380438902E-4,0.0017143967816697827,1.800792020018697E-4,7.397298950870014E-4,1.0,2.7706249013012145E-4,3.4915801824974164E-4,8.838995990005258E-4,4.95076289956748E-4,1.8556825147903906E-4,1.6778970348659098E-4,3.432533578245437E-4,1.8479281698067617E-4,1.5270835448946552E-4,7.828895183922349E-4,7.701335739632379E-5,1.7660905462070313E-4,0.0106787585503907,0.0012246499790928061,0.0010951355128608717,2.9857148454030986E-4],[3.411011017132998E-5,8.862121602474058E-4,0.0010455090562610726,1.8446158178263647E-4,2.5362599119734507E-4,2.9066248202110653E-4,0.003936189929071776,2.8849025154328433E-4,3.355533363958901E-4,4.629013350858885E-5,0.009676499337420371,2.206360403495883E-4,2.99261230259637E-4,5.272541846859743E-4,2.9401405303933046E-4,2.0762935162852401E-4,0.0017504322328172955,0.021355714094415956,6.896737998784169E-4,2.099543969742832E-4,0.002617825411190562,4.127462345145605E-5,2.2145720638453326E-4,2.7256094055175023E-4,2.6245318579493765E-4,0.0015724144835355237,2.4242802723848012E-4,5.724456275207649E-4,2.7706249013012145E-4,1.0,3.687431745558779E-4,0.001017197709214825,0.0010262628548886681,2.7390807773625993E-4,1.7109650628118202E-4,3.78274323988933E-4,2.6231435972772995E-4,2.880830772197351E-4,6.198146230974987E-4,1.852134397669272E-4,2.7820571639743547E-4,0.01396952892453444,4.037156901232152E-4,0.0019701537015784205,9.498851124630164E-4],[2.8104167812198743E-4,0.001040367605978861,8.303582692173744E-4,4.981094538586646E-4,3.7628544969086735E-4,5.008743943893913E-4,0.0021062793824227605,3.5740922371182445E-4,4.6007390241943846E-4,1.786120626192793E-4,0.00681170997312988,5.277616103083612E-4,4.0115369416713226E-4,6.136847265199763E-4,3.1557891030344244E-4,5.701876298574659E-4,0.0013130540225395016,0.031276637605313906,0.001001482154482203,3.758854348763829E-4,0.0019382825851498211,6.029500249913437E-4,1.769810829866116E-4,8.464065613207123E-5,5.104909305664262E-4,7.717232685395098E-4,2.8409719133507715E-4,0.0010772178532069895,3.4915801824974164E-4,3.687431745558779E-4,1.0,7.186476011217219E-4,9.730410644695755E-4,1.9948927625058785E-4,5.94102617784262E-4,6.753058262951388E-4,1.2099571332963805E-4,5.104119183000263E-4,6.323285654044782E-4,3.3692422345207005E-4,2.825293360516756E-4,0.013199391174387525,0.0011785597304121266,9.294951162798879E-4,9.737413739158347E-4],[0.001044193092325163,0.001108275188584508,0.001585951905367123,2.7353961642994224E-4,7.441292428637756E-4,7.629218511043436E-4,0.004943797723465127,4.3691331345460394E-4,0.0010136982141788241,4.888357880024928E-4,0.013953946979953873,4.363414759137664E-4,0.0010415462379691112,0.0011238354553440113,8.211766388166202E-4,9.94738444385791E-4,0.0015387305927341852,0.022955824725456098,0.0010225547667278734,2.1811770415161425E-4,0.0012221545841605817,2.1417134610951573E-4,3.498356470413242E-4,1.9778826545541818E-4,2.1242255517728574E-4,0.0035915142584095495,7.252201603869302E-4,0.0011149463653320649,8.838995990005258E-4,0.001017197709214825,7.186476011217219E-4,1.0,0.0015677041813652536,7.566434319364172E-4,1.481675565989999E-4,9.464531216779313E-4,5.041806529288407E-4,1.5016933977279835E-4,0.0011131546927166404,8.66985385974155E-4,4.3882526639682387E-4,0.01395153959360743,0.001366792432787279,0.0025198936287023567,0.0012862302435686073],[0.0010083491122010366,0.0022762719250876405,0.002096966581632621,3.2622838447054673E-4,0.002340190930146106,0.001936089139188773,0.0049078544643704185,2.3518411000509606E-4,0.002260907638608639,4.462761355452486E-4,0.013535786906262108,0.0022069554584828637,9.428032168495545E-4,0.002366222338969993,7.234388069121713E-4,0.0011956756429640676,0.0024898897668402353,0.010445779082786592,0.002195740095643591,4.7303203316555127E-4,0.002536954897509235,0.0022139423420605973,0.0019423289096086789,0.001409926308974993,0.0016106370771226998,0.006390366616903116,9.649641233874851E-4,0.0019811544052106963,4.95076289956748E-4,0.0010262628548886681,9.730410644695755E-4,0.0015677041813652536,1.0,4.577680303644263E-4,0.0020462930478336175,0.0010653209405435014,0.00101624251448845,0.0024378448197748264,0.0015160609356839633,9.732074435415337E-4,3.0143545361470755E-4,0.005432817149891725,0.0019082926391375537,0.0025501631183735855,0.0021804486294381064],[1.076394627564416E-4,4.089167767362217E-4,0.0013957257692909424,1.7284601484974854E-4,1.2958839739182025E-4,2.3078340129829952E-4,0.002654846069100832,1.4643915184970718E-4,2.1660954468394233E-4,1.4469089057410998E-4,0.018159624232889335,1.2495636235063714E-4,1.718102245324287E-4,2.4136929946760014E-4,1.9464812302004493E-4,1.5351935439627775E-4,9.137678648290313E-4,0.03518930097973701,7.264882880968189E-4,1.1360303028108367E-4,0.0010746992120922226,1.1140408000235014E-4,1.7770805565654963E-4,1.701173888424961E-4,1.7215591752692603E-4,0.005454600011647807,1.446943353576644E-4,0.0010770140331154575,1.8556825147903906E-4,2.7390807773625993E-4,1.9948927625058785E-4,7.566434319364172E-4,4.577680303644263E-4,1.0,1.43898520802863E-4,7.023665828494602E-4,1.436679819773972E-4,1.829871608600161E-4,2.3666660445806077E-4,9.812202347913218E-5,1.7562061441675394E-4,0.003830887406169187,0.0015792726232597145,0.0010127758777327466,5.998170797421138E-4],[8.374555571911114E-5,6.937550584303268E-4,0.0010157035180340067,1.1749036509496976E-4,1.2825821731509698E-4,2.2387583160302023E-4,0.003195736494649786,1.3177967586140666E-4,2.8087491349889433E-4,3.151007495283785E-5,0.002003843985644113,4.314089526119741E-5,1.4755211928736627E-4,7.222425993585823E-4,1.7602615231079885E-4,1.3944489746401143E-4,0.00127226241776441,0.009515412065267672,2.860027583409821E-4,1.3014629081427304E-4,0.002104382038483385,7.974673960566757E-5,1.264581521904282E-4,1.2031715530517445E-4,1.5947703826413596E-4,0.006098782733135649,1.4157029893377383E-4,8.786484470726438E-4,1.6778970348659098E-4,1.7109650628118202E-4,5.94102617784262E-4,1.481675565989999E-4,0.0020462930478336175,1.43898520802863E-4,1.0,7.572171127656569E-4,1.2955276706111632E-4,1.2858111337597187E-4,0.0010184838324808331,8.760244688936036E-5,1.4811080562836262E-4,0.00837774004567993,0.0014278465513190735,0.001114125062961407,4.2975271299119185E-4],[2.69670950566062E-4,0.0010280704469290136,0.001605502955221425,3.012629525095428E-4,2.2229451935297393E-4,6.64016818067015E-4,9.618857440520252E-4,1.2954604045132016E-4,5.682113950879758E-4,1.3223466342128116E-4,0.01613337347202894,3.118512652928313E-4,7.737616345302298E-4,0.0010366859107416367,7.077106063663743E-4,1.3886115566474157E-4,8.924892303628535E-4,0.04000121557309608,9.388064378601424E-4,4.3628352954061804E-4,0.001483943387242152,4.943038393144317E-4,7.494973893423202E-4,4.50917380444522E-4,4.6171175081225347E-4,0.003843376987701602,2.7596672941846936E-4,0.001211551954201953,3.432533578245437E-4,3.78274323988933E-4,6.753058262951388E-4,9.464531216779313E-4,0.0010653209405435014,7.023665828494602E-4,7.572171127656569E-4,1.0,7.052638127443278E-4,4.6308191175712646E-4,9.734271644507356E-4,5.799100562369542E-4,3.0960058851553236E-4,0.008392402148064219,0.0013201467987987818,0.0010223366374241438,0.001146057406430008],[5.7118334941969956E-5,8.643377137905097E-4,7.280953873591831E-4,1.1126863752022603E-4,1.0695906795622272E-4,2.3907297693517095E-4,3.949754538616522E-4,1.1036351217752314E-4,1.514387927628153E-4,5.98679042660529E-5,0.01849553376492592,1.0670089259158012E-4,1.0992300819049221E-4,4.870903107211908E-4,1.721019922318196E-4,1.1446024213963472E-4,0.0020605547371867912,0.030411220979646828,7.616468167608624E-4,1.3334153407009455E-5,0.002435773984343526,6.612809115778568E-5,2.7752637393633535E-5,9.181520279874413E-5,1.529694641622202E-4,0.006193576462037302,5.5572956501187644E-5,6.979167380916022E-4,1.8479281698067617E-4,2.6231435972772995E-4,1.2099571332963805E-4,5.041806529288407E-4,0.00101624251448845,1.436679819773972E-4,1.2955276706111632E-4,7.052638127443278E-4,1.0,1.0947381475389146E-4,8.241482059282686E-4,1.0001400849944229E-4,1.3495131257417094E-4,0.008167780859527539,0.001018065243806545,0.002080217433521678,0.0013730520738117777],[9.708332263429849E-5,5.762367963560657E-4,4.230788291208601E-4,1.1145968665960563E-4,1.0975116777125517E-4,2.6905668920852293E-4,0.00494430597986722,1.107913039202987E-4,1.6215986642038814E-4,4.7275849375155E-5,0.016186031340362977,7.240238553267359E-5,1.263331015934443E-4,7.598084473249206E-4,1.7943077933808342E-4,1.1161243665305477E-4,4.8076033958746654E-4,0.0064988504107312255,6.523772512312554E-4,3.385416359949222E-5,0.002116955614861286,7.184501469936267E-5,2.8614787800525343E-5,3.441581711985047E-5,1.2760320938879193E-4,0.004428226772817307,4.5411609903285485E-5,0.0012038016420487002,1.5270835448946552E-4,2.880830772197351E-4,5.104119183000263E-4,1.5016933977279835E-4,0.0024378448197748264,1.829871608600161E-4,1.2858111337597187E-4,4.6308191175712646E-4,1.0947381475389146E-4,1.0,9.021265848569884E-4,9.274459026073014E-5,1.1218533590923123E-4,0.0011307286206564922,9.812659147454767E-4,0.0016198991634300687,0.0013632746380808172],[1.2462917857619684E-4,0.0011270265336421304,0.0014796319176790347,9.914762381099272E-4,0.0010523212925074622,9.55174562032981E-4,0.004183895121806459,4.548839311263975E-4,5.135176138237589E-4,8.133449504353951E-4,0.011803844649291989,6.137235272111605E-5,7.701145540315989E-4,0.0011399904001769818,9.573221992728981E-4,2.4260875482179448E-4,0.0021690787385762675,0.011490309837323364,0.0010803906254641606,0.001041776335107489,0.0021063545439533628,5.70899395639036E-4,4.856617002051616E-4,2.1140931990157585E-4,9.607407869722391E-4,0.0020155592183125908,9.57549341418358E-4,0.0011798466336708734,7.828895183922349E-4,6.198146230974987E-4,6.323285654044782E-4,0.0011131546927166404,0.0015160609356839633,2.3666660445806077E-4,0.0010184838324808331,9.734271644507356E-4,8.241482059282686E-4,9.021265848569884E-4,1.0,8.721247893966854E-4,3.2753644637944606E-4,0.014072249356045799,0.001252134430043649,0.0026926128186532047,0.0012238885507694429],[4.469025674060681E-5,1.7390175486084916E-4,0.0010401833138933517,5.943863694976242E-5,8.896867777583218E-5,1.8032828599470673E-4,0.00134661965584827,9.749450882469527E-5,3.705103021227441E-4,3.201464203856513E-5,0.01540067243616236,3.6443775786940733E-5,1.3780543250450529E-4,7.421684440046353E-4,2.1424240172756136E-4,6.121298583670385E-5,0.001256113015718661,0.021681881302062736,9.42854591876513E-5,3.130499349590798E-5,0.0026922063655279815,3.646179773934872E-5,3.264858116750164E-5,2.5559613656719183E-5,5.0560576651040236E-5,0.00685209607875556,4.2328076703942045E-5,5.300888820498052E-4,7.701335739632379E-5,1.852134397669272E-4,3.3692422345207005E-4,8.66985385974155E-4,9.732074435415337E-4,9.812202347913218E-5,8.760244688936036E-5,5.799100562369542E-4,1.0001400849944229E-4,9.274459026073014E-5,8.721247893966854E-4,1.0,1.240035554820181E-4,0.012652189266503834,7.826223138275794E-4,5.952388019792736E-4,4.02202443360235E-4],[1.6374211094059252E-4,0.0010434282560222025,7.70061467682706E-4,1.3398404846444022E-4,1.1588983018735376E-4,2.506896754885052E-4,0.001923308561113087,1.4494525321387695E-4,3.028843827268163E-4,1.8480646126726046E-5,0.014917384436694808,1.1505632311768375E-4,1.6741991482319512E-4,0.0010532346156267053,1.7826390695074943E-4,1.2966411599168315E-4,0.002035436534498313,0.0355754773921106,5.650418526206066E-4,8.984777262254211E-5,0.0017402135361821547,9.613539856484484E-5,1.5628386218599882E-4,2.3838004320476727E-5,1.7218766921676569E-4,0.003143067439601435,1.4531543603747276E-4,2.425646282776774E-4,1.7660905462070313E-4,2.7820571639743547E-4,2.825293360516756E-4,4.3882526639682387E-4,3.0143545361470755E-4,1.7562061441675394E-4,1.4811080562836262E-4,3.0960058851553236E-4,1.3495131257417094E-4,1.1218533590923123E-4,3.2753644637944606E-4,1.240035554820181E-4,1.0,0.0017402761783009118,0.0014623113205397909,6.097707578761474E-4,5.101466638487787E-4],[9.394472981492863E-4,0.011979677013826445,0.011094647643188916,0.005213277003638061,0.0063761440758763905,0.007849774423284777,0.006794896341809806,0.009207825029246748,0.002506277043300732,0.0057268902597514704,0.01944653480784844,0.0037837612348996675,0.005953932278956219,0.006339219293307428,0.011109143611709699,0.005671966390262559,0.008603851961179507,0.02746480031227325,0.011489287820719712,0.010794531575250687,0.005361601362660758,0.00433222070164047,0.0057875559128426225,0.001450722433658581,0.007579670489938569,0.008833510197447828,0.010997133888059235,0.007662001999499814,0.0106787585503907,0.01396952892453444,0.013199391174387525,0.01395153959360743,0.005432817149891725,0.003830887406169187,0.00837774004567993,0.008392402148064219,0.008167780859527539,0.0011307286206564922,0.014072249356045799,0.012652189266503834,0.0017402761783009118,1.0,0.010111899510992013,0.005012189236746014,0.011148367995740396],[6.696305029128924E-4,0.0015779939077119908,0.0016499762547097306,0.001009402517395931,0.0010360574625207996,0.00117888334982561,0.0017573070558406334,3.8460641467115663E-4,6.986038056346898E-4,7.737787432550396E-4,0.009902356959395056,0.0014863393206300502,4.6173820437520925E-4,0.0016270110464443265,0.0011363238860405587,0.0