[[1.0,0.0013103135734119332,0.0014614087796428021,7.570823949099727E-4,0.011092960868432162,0.0014677077396394373,9.772830207333096E-4,5.993978173595303E-4,0.0012147067068879077,2.6299725824737157E-4,6.534763289984303E-4,0.01461629538334298,0.0012166174501870722,0.0012886343295676888,0.0024769233674551945,5.22163965464972E-4,6.563766523593717E-4,0.002101664782402516,0.0014304200201521178,0.0014046539330951986,0.031793540032353435,0.0027859296090056874,0.022441895629288684,0.03127111795562076,0.0013244011792448635,0.005419914089315185,0.001245429498950049,9.900485908621464E-4,7.732634483916426E-4,0.006918443847666583,0.0016832874185168498,0.0014168113323403467,0.021498572175524183,2.8225011510108253E-4,0.0030167375144010983,0.0013623550411507694,7.343553535410471E-4,0.001507138539873479,0.0013822699152976157,0.0010459031602455672,3.242188472018209E-4,0.0012371700331080479,5.164849057591609E-4,0.0010396996327562097,0.0013018700922865893,3.783597707578213E-4,8.538310620968518E-4,0.0010568336728468235,8.16240875557468E-4,0.0014450715027177063,9.3253056535464E-4],[0.0013103135734119332,1.0,0.001221001221001221,7.831501832193171E-4,0.016321091013503857,0.0012458693074025595,4.6134998327160016E-4,1.1653481709014571E-4,6.113433442824049E-4,5.619357511318937E-4,7.487904843340658E-4,0.014709405730226454,0.0012187674194473555,8.826298919331019E-4,0.005492617524181751,0.001012961824804368,6.433461304511325E-5,0.001687640866891599,0.001139696525251368,0.0012363135258995348,0.043621068343004755,0.0016487759579735428,0.0031847726268604375,0.06637552917489718,5.697621553723049E-4,0.005028940326466631,0.0012156936221992326,3.5774760408155057E-4,5.618322250634847E-4,0.002743197103567531,0.0012863210591462515,4.093689920036981E-4,0.03230476314210538,3.4708061423375543E-4,0.007332770538749964,0.0010363532956217064,5.496807107455167E-4,0.0013369335641538792,8.620121761031133E-4,2.5844886556430517E-4,8.985656129846239E-4,3.25257823915661E-4,3.837851385497791E-4,8.58167999920639E-4,9.047868633466549E-4,0.0011792699424557553,4.070701650922357E-4,3.849688280110629E-4,3.0191146214672234E-4,3.831201839077485E-4,3.992068076104085E-5],[0.0014614087796428021,0.001221001221001221,1.0,2.7924695282973333E-4,0.015024355202644672,0.0012266760387485193,5.822900162466493E-4,6.465481001435159E-4,0.0011398679747988414,4.032469470997886E-4,0.0011352354603087979,0.001312377440832242,0.001215360739516367,6.902272968624978E-4,0.0044712654351924015,7.526915841764554E-4,3.214724263333748E-4,0.0016138628210125613,0.001099719488064384,0.0012396937905651295,0.008535797249542492,0.0027667815336274537,0.005146842322194394,0.05430861840205238,6.234047360654078E-4,0.007203103194144004,0.0011395808018958636,0.0011330229585892748,0.0010203825045966757,0.00586340058069446,0.0014718143535838385,9.422911823902079E-4,0.025716344171841148,4.542934668354137E-4,0.011355728286173837,3.39015834465022E-4,5.381500545553837E-4,0.0013030039135484193,9.743684216283379E-4,7.375797566016679E-4,8.039620862944727E-4,8.216301785435784E-4,4.2767358019953045E-4,2.541833720924183E-4,0.0011563870139173675,0.0011480508633357166,2.537991627956039E-4,4.929796181280298E-4,8.498682249955654E-4,0.0010864828877066466,0.0011970720132545832],[7.570823949099727E-4,7.831501832193171E-4,2.7924695282973333E-4,1.0,0.007647161035295564,0.0010450120557823049,6.364544064149354E-5,1.0216932347803287E-4,4.1502441480236215E-5,4.502025141951168E-5,8.306833975533118E-5,0.017487027886991427,7.584706653198727E-4,1.377481886368462E-4,0.002998163769784304,1.664459261533977E-4,4.342248161812994E-5,0.0023523466879974584,5.497590773417227E-4,6.866863814559892E-4,0.03657881213479563,5.859434483987192E-4,0.03662907162540327,0.007631695521048027,1.288096617044064E-4,0.006215683492043118,1.7768044367280118E-4,1.59755742891666E-4,5.314860822853671E-5,0.0037067489694897417,0.0014924263179033784,4.307315010894669E-5,0.015383976514089114,4.308643484136225E-5,0.0010016785932552635,8.536041697235113E-5,2.312680252093252E-4,4.855130125204352E-4,1.0474435911081049E-4,5.4477753174824416E-5,6.844453287491822E-5,1.6940146978222065E-4,2.498512943143781E-5,5.355782033837095E-5,6.968449081397757E-5,2.1872428023964722E-4,8.342255757859664E-5,2.1453537525585608E-4,4.089365206904623E-5,3.189196224663197E-4,1.340263633603185E-5],[0.011092960868432162,0.016321091013503857,0.015024355202644672,0.007647161035295564,1.0,0.014209774663252454,0.007805125826997488,0.004227687807683291,0.0012797402108638244,0.016856286758870093,6.600551977813316E-4,0.01818181818181818,0.016756801680173867,0.0025868880995949953,0.014701548146622376,0.010401335516982937,0.009042993530990282,0.0074102313042408545,0.014556206140530534,0.005435549180615424,0.05369678907748855,0.013136122282854365,0.034211492141661345,0.04628835245623948,0.0035306314903326133,0.01186807113100671,0.0012415749290113339,0.01101113424291168,0.010972015993678315,0.01305496435008146,0.011400218513611515,0.0010593404903338922,0.028818576856791105,0.01638117290819046,0.01787105073529483,0.017622148104940186,0.004199693255660596,0.0018381345541401486,0.012094439589085414,0.0037767366921053883,0.011519110766279535,0.016494398707580443,0.009258730193649175,0.006744448594320652,0.002750732701034946,0.006558045965501988,0.001697899578867515,0.006043936860473124,6.480768264006047E-4,0.00650808451817845,0.012809760439772793],[0.0014677077396394373,0.0012458693074025595,0.0012266760387485193,0.0010450120557823049,0.014209774663252454,1.0,1.725819045774474E-4,8.845518481701341E-4,7.15817397801184E-4,8.353694190138126E-4,6.059341129845944E-4,0.008436256460252551,0.0012171336620914357,9.676079996710468E-4,0.00638356404034894,0.0011971676508258154,3.8501346467907557E-4,0.0016452339737766117,0.0011846316745475342,0.0012649448111921363,0.015629268180653702,0.0019377627333950391,0.041176463545385025,0.03705660411512855,4.960749837141199E-4,0.0037712215019683627,0.0010963917715310174,0.001248818313155994,0.00110557707957572,0.0017663697429750888,0.0018029228653143785,8.315063020874542E-4,0.0321128943537079,0.0012199008822550855,0.009814956486797099,6.907992343489423E-4,3.404140050799978E-4,0.0015400170974415306,6.552039541495169E-4,0.0012333705529833957,7.946066862741389E-4,0.0011018429917224765,8.137619129678893E-4,6.373242407400554E-4,2.94293145209373E-4,0.0011245240922620827,0.0011920400639991934,3.3728287368978767E-4,2.8369311604455445E-4,0.0010319903709085454,8.525829961065776E-4],[9.772830207333096E-4,4.6134998327160016E-4,5.822900162466493E-4,6.364544064149354E-5,0.007805125826997488,1.725819045774474E-4,1.0,1.0744699300466126E-4,5.5349795054184457E-5,1.50149734836158E-4,1.339052628933478E-4,0.008702646784170992,3.415505974602419E-4,1.1097918453435448E-4,0.0053993758611797235,1.4167596824963839E-4,5.45447745542951E-5,0.0022157435863775286,6.318606261827963E-4,0.0011109987352815858,3.152713884553065E-4,0.0024442600567186343,0.03650033432943993,0.02148204703689672,1.9461900233360807E-4,0.0011763372932075704,4.550231599548743E-4,1.8153559049184086E-4,3.766744279354871E-4,0.012571591703514734,1.8558741861808404E-4,8.634713680090083E-5,0.02361367110765677,6.122495258018809E-5,0.010746599657363735,1.2546230602557707E-4,1.8632849475413963E-4,2.289600004396905E-4,1.0325232272940066E-4,9.034897136993311E-5,1.1603573498014877E-4,1.47380517746813E-4,5.0878617515446726E-5,1.0882159677487756E-4,1.0424730581214413E-4,1.6138664540702168E-4,1.0557568145572391E-4,1.8700983892947347E-4,7.45697551265157E-5,1.3527356788198383E-4,5.92659215848476E-5],[5.993978173595303E-4,1.1653481709014571E-4,6.465481001435159E-4,1.0216932347803287E-4,0.004227687807683291,8.845518481701341E-4,1.0744699300466126E-4,1.0,1.1129696548371274E-4,1.2395592801556175E-4,1.2321213765899226E-4,0.002383593626135306,1.2325619591814857E-4,1.3865653030154044E-4,0.0034193402551376552,2.2437627429749776E-4,1.016485392969229E-4,0.0014422682923424638,1.6042238572902873E-4,2.6202911920879013E-4,0.03784221773427971,0.002916255413899261,0.0111649087833145,0.02139175249930198,1.9502852320604495E-4,0.005372038579505964,2.1413365212423702E-4,2.8822548571824175E-4,1.410879919365202E-4,0.010601231309434998,1.1668887848385367E-4,7.96675407465772E-5,0.03294144370457787,4.3704845452995184E-5,0.0067049514305783575,1.1460909757232535E-4,1.274735762731183E-4,0.0014818881045176506,1.0803219702496844E-4,9.528519251807962E-5,1.1649553479735953E-4,1.224279911919764E-4,7.190096678171535E-5,1.1205075686891055E-4,1.27189167740967E-4,2.1843356773746056E-4,1.4306334338353457E-4,1.8685954437018743E-4,4.833262703090069E-5,1.5539184567984582E-4,2.0919227564336896E-5],[0.0012147067068879077,6.113433442824049E-4,0.0011398679747988414,4.1502441480236215E-5,0.0012797402108638244,7.15817397801184E-4,5.5349795054184457E-5,1.1129696548371274E-4,1.0,1.3626874488921633E-4,9.461458647473298E-5,0.009720596239468927,0.001190650856492873,5.319063107435371E-5,0.002760144759949652,1.8751131533064727E-4,1.601573352430565E-5,0.0018733637598897523,3.3276721437083937E-4,3.4744852129334756E-4,0.030759238652942625,0.002627948161146798,0.04186412719362727,0.010496029481234894,6.942007184738157E-5,0.006100876521522641,3.581474607227491E-4,1.827038669792384E-4,4.87240752463735E-4,1.6975771516052583E-4,0.0013292581856615886,2.269631219915447E-5,0.01087163665234542,3.766037772005835E-5,0.006937259926142576,1.0883168563526177E-4,2.1613389117400005E-4,8.825263828439781E-4,5.596096096611816E-5,7.555587980789881E-5,1.1401809242821067E-4,8.419618242523019E-5,3.4624118493034794E-5,7.685998187403927E-5,1.5622022813089706E-4,1.0557158162852138E-4,1.0919971150919283E-4,1.6725648332810062E-4,3.935541663594296E-5,3.3839012642502495E-4,3.688266465343076E-5],[2.6299725824737157E-4,5.619357511318937E-4,4.032469470997886E-4,4.502025141951168E-5,0.016856286758870093,8.353694190138126E-4,1.50149734836158E-4,1.2395592801556175E-4,1.3626874488921633E-4,1.0,1.5269988610316733E-4,0.014891651894114925,0.0010025217092567778,1.4285017905505288E-4,0.005675431523328045,2.7642498063542437E-4,5.9895801085109646E-5,0.002773827379457578,9.431026484534482E-4,3.279257876322504E-4,0.03110257637935498,7.201604062808373E-4,0.03607111685796278,0.04034908147782766,1.8919128716226628E-4,0.002653613310400798,4.232908583891255E-4,1.944110606343287E-4,3.8432918646874576E-4,0.012524167257940536,0.0011793864174138643,1.6413888611120764E-4,0.026690795568184017,7.305272886666774E-5,0.008990043314917621,1.5062812592185187E-4,1.748211589524182E-4,0.00128993904165641,1.6428584138235158E-4,1.304120344028509E-4,1.6165406003090883E-4,1.8033746479778889E-4,1.5389419034370132E-4,1.3787338059612254E-4,1.9235691614735457E-4,2.2431946415852895E-4,1.6351681430354454E-4,2.7588085506692373E-4,4.2807691454181786E-5,1.7953781708939624E-4,1.6406592363084116E-4],[6.534763289984303E-4,7.487904843340658E-4,0.0011352354603087979,8.306833975533118E-5,6.600551977813316E-4,6.059341129845944E-4,1.339052628933478E-4,1.2321213765899226E-4,9.461458647473298E-5,1.5269988610316733E-4,1.0,0.0022743848764149206,7.845435886332635E-4,1.433748861924466E-4,0.006482119796451605,1.8675038416187133E-4,7.199012031366427E-5,8.248129417282523E-4,4.7488868637711055E-4,5.832451600775314E-4,0.040157193629038114,0.001453363979031538,0.04834403637791585,0.02766084171488265,1.6706954333642852E-4,0.004818926611683141,1.9083722420909502E-4,2.727974050389856E-4,3.7665391374672484E-4,0.006184565774035149,0.0016107282795689314,9.49039390383127E-5,0.014523202731653527,5.255117465712924E-5,0.010548271933157312,1.4932637551237895E-4,2.4250417380449117E-4,0.0010627465833586236,1.3702787956382673E-4,1.1623957367139864E-4,1.3096363073928415E-4,1.7321193367406988E-4,8.27648492146629E-5,1.1308332976062265E-4,1.504199316307065E-4,2.042129136330826E-4,1.4686425674226977E-4,2.026707031514392E-4,1.1475642924453503E-4,2.0674632671263953E-4,7.013566724538598E-5],[0.01461629538334298,0.014709405730226454,0.001312377440832242,0.017487027886991427,0.01818181818181818,0.008436256460252551,0.008702646784170992,0.002383593626135306,0.009720596239468927,0.014891651894114925,0.0022743848764149206,1.0,0.005505889108609964,0.01774216179894086,0.009126768735790032,0.0010793192911844602,0.013647576981712808,0.00306300290693871,0.004863913217850101,0.0158464315328701,0.027871903575565134,0.0029591244053379976,0.0342726275478689,0.04137349606163972,0.014828411518810107,0.013164817935584506,0.016448202559679558,0.003890918525052711,0.009820633086603978,0.015123389243853931,0.004960959538776191,0.015111182902263005,0.03390712592325209,0.004696127784992111,0.01571558112581953,0.003789711246054563,0.006932790602183518,0.01776677272430201,0.01806660135797409,0.010450642673833731,0.005745973154237337,0.012013386149885312,0.011965963716816488,0.00779879136929103,0.013038525612973847,0.0031928978302164087,0.005229756905049883,0.014018828784888523,0.008786822605113454,0.006079572317144001,0.0060231955809725134],[0.0012166174501870722,0.0012187674194473555,0.001215360739516367,7.584706653198727E-4,0.016756801680173867,0.0012171336620914357,3.415505974602419E-4,1.2325619591814857E-4,0.001190650856492873,0.0010025217092567778,7.845435886332635E-4,0.005505889108609964,1.0,7.999603984892886E-4,0.002607703368416565,0.0011343498233217968,5.516312836806904E-4,0.002449250958176477,0.0011713204330948844,0.0012460478007807554,0.008374516407736083,0.0013705812507447384,0.024887632633491686,0.07107345513332115,0.0010387543523078637,0.006141941662978705,0.0012044711763203352,4.968545878188114E-4,0.001009490038054677,0.00707014852342226,0.001469595616615071,5.531300036930097E-4,0.03398911450836205,7.962769529174179E-4,0.004291234585816238,9.72200885891748E-4,7.704086650379122E-4,0.0013834531157556835,8.607971999245291E-4,7.673318602477787E-4,0.0010131140860875053,5.6681042091559E-4,9.376419134661543E-4,7.33096174775338E-4,7.16744484913984E-4,9.860320526868327E-4,4.8586847723725436E-4,8.950916713690738E-4,8.383094299718051E-4,4.211260398846382E-4,6.013011063408301E-4],[0.0012886343295676888,8.826298919331019E-4,6.902272968624978E-4,1.377481886368462E-4,0.0025868880995949953,9.676079996710468E-4,1.1097918453435448E-4,1.3865653030154044E-4,5.319063107435371E-5,1.4285017905505288E-4,1.433748861924466E-4,0.01774216179894086,7.999603984892886E-4,1.0,0.006770979710154027,2.0188966350585466E-4,1.197364027471788E-4,6.85562489497769E-4,9.631444982584644E-4,9.418260920545493E-4,0.04836239399747712,0.002932438095093117,0.03307893260704275,0.037733604568141225,1.9761594966405678E-4,0.009229258334264365,9.985859977478377E-4,2.4211634382517646E-4,4.6534621114844665E-4,0.011216221408919992,5.783820528809965E-4,8.07640529079176E-5,0.02205787537222498,7.494810018347067E-5,0.008009117803697867,1.475487805070944E-4,1.568411395660838E-4,0.0015134237107852337,1.4054219705381094E-4,1.354566728049755E-4,1.305209286566605E-4,1.4663064971138465E-4,5.382830398680736E-5,1.3150390849120782E-4,1.9687620462825037E-4,1.935199419229081E-4,1.442798021826258E-4,1.5820168417627804E-4,1.2132392163269486E-4,1.6548456985421606E-4,6.651326166834494E-5],[0.0024769233674551945,0.005492617524181751,0.0044712654351924015,0.002998163769784304,0.014701548146622376,0.00638356404034894,0.0053993758611797235,0.0034193402551376552,0.002760144759949652,0.005675431523328045,0.006482119796451605,0.009126768735790032,0.002607703368416565,0.006770979710154027,1.0,0.0024870707512628294,0.003612442170397481,0.00511425969455258,0.004831697104337096,0.0024754255637859913,0.020112989324723038,0.005736020267077295,0.014898656817715003,0.06810157261910248,0.0010346949997952224,0.009050665644096088,0.00342715550883458,0.00593120040866725,0.002688228283000392,0.011997651771593381,0.004564254811447058,0.004585976152973693,0.01690705337316826,4.1308207126666753E-4,0.009648547421925419,0.001095863689673921,7.621911336612625E-4,0.006098022961847288,0.0035146807830233055,0.003934925149932318,0.003850040885699316,0.006922553062964205,0.00611012854441182,0.006792416083132004,0.00477987234570678,0.006553875585292891,0.0026959685251436247,0.005870335263561202,4.918526582255436E-4,9.394000628229772E-4,0.0023597832929740784],[5.22163965464972E-4,0.001012961824804368,7.526915841764554E-4,1.664459261533977E-4,0.010401335516982937,0.0011971676508258154,1.4167596824963839E-4,2.2437627429749776E-4,1.8751131533064727E-4,2.7642498063542437E-4,1.8675038416187133E-4,0.0010793192911844602,0.0011343498233217968,2.0188966350585466E-4,0.0024870707512628294,1.0,9.538093737656729E-5,0.0020031770331449157,7.096930496380705E-4,9.80491639382147E-4,0.030336468699781252,0.0010943915426624834,0.0354538841190757,0.059244147321022504,2.4394893141463313E-4,0.00824870914189296,9.820574654301742E-4,3.025388617354747E-4,3.1442850322373976E-4,0.008186111849235825,0.0014856418015301745,2.7323539288479114E-4,0.02155162694996156,2.211579010733065E-4,0.004053274759283958,3.0739547050326137E-4,3.044284323126193E-4,5.798071958891188E-4,2.40358272584589E-4,8.739917087588939E-5,2.4053823156482362E-4,2.925195995125093E-4,1.4398215397837228E-4,2.6227081059645654E-4,2.0675788894382652E-4,2.903377223840938E-4,2.1792479575566772E-4,2.922412108780933E-4,2.4287113423302845E-4,3.3842753535502277E-4,1.3832877646955465E-4],[6.563766523593717E-4,6.433461304511325E-5,3.214724263333748E-4,4.342248161812994E-5,0.009042993530990282,3.8501346467907557E-4,5.45447745542951E-5,1.016485392969229E-4,1.601573352430565E-5,5.9895801085109646E-5,7.199012031366427E-5,0.013647576981712808,5.516312836806904E-4,1.197364027471788E-4,0.003612442170397481,9.538093737656729E-5,1.0,0.0025822530528161157,9.371760665941181E-4,5.918520418408793E-4,0.027635361189969666,0.001508105179931067,0.012841649724578314,5.602591514354182E-4,2.3335451117151125E-4,0.0036720153739346487,8.284049585097024E-4,1.5025978026628797E-4,2.862642095092584E-4,0.011272994851510516,0.0013218859004857201,1.3203806644585212E-5,0.03828603390226513,1.6064448442022713E-5,0.0029987609472249674,1.2790491743837855E-4,1.3783792356839798E-4,3.5330722497289354E-5,9.997779056929367E-5,5.599019092986025E-5,1.26468091260258E-4,3.932724661512124E-5,1.7047661186270923E-5,2.4260594643492888E-5,1.4340505646210917E-4,1.5935225260113231E-4,1.050805531815939E-4,4.907646323854156E-5,3.8493587036168115E-5,3.138795490428702E-4,1.2806015286084351E-5],[0.002101664782402516,0.001687640866891599,0.0016138628210125613,0.0023523466879974584,0.0074102313042408545,0.0016452339737766117,0.0022157435863775286,0.0014422682923424638,0.0018733637598897523,0.002773827379457578,8.248129417282523E-4,0.00306300290693871,0.002449250958176477,6.85562489497769E-4,0.00511425969455258,0.0020031770331449157,0.0025822530528161157,1.0,0.0017697294516966643,0.0018891157485210394,0.027349565307973348,0.0029159394700005005,0.04365193317067295,0.060702107856853864,5.317346681694183E-4,0.008887928137280279,0.0025736529695566143,0.0018419976998493624,0.0022352898678821955,0.0045191735496323635,0.0025561776212353017,0.001740061908009403,0.019084251552601864,0.0014307853506260776,0.008185412651074522,0.0010893190327463487,4.3939059538754504E-4,0.001906965490577198,0.002682307287625162,0.001983620853659712,0.0020595835177831838,0.0023117500527912497,2.6077141273620445E-4,0.0019261154489170055,0.0019279758678732624,3.933656661073647E-4,0.0014266135444646292,5.268884122704462E-4,8.355788857418869E-4,0.0021377997751818633,0.0027914402163840076],[0.0014304200201521178,0.001139696525251368,0.001099719488064384,5.497590773417227E-4,0.014556206140530534,0.0011846316745475342,6.318606261827963E-4,1.6042238572902873E-4,3.3276721437083937E-4,9.431026484534482E-4,4.7488868637711055E-4,0.004863913217850101,0.0011713204330948844,9.631444982584644E-4,0.004831697104337096,7.096930496380705E-4,9.371760665941181E-4,0.0017697294516966643,1.0,0.0011342479121260996,0.056482856268017106,0.0011465729257244942,0.01733986887246569,0.050968163718315064,4.20967725567501E-4,0.005484729960146277,0.0010761690747203188,4.4993720635347296E-4,6.191394681965408E-4,0.005079146862367309,0.0017555762819500263,4.7693768491041417E-4,0.002317159228260176,5.233806613396011E-4,0.010384481692220057,5.552358035748666E-4,4.5180172326813174E-4,0.0014531247804004074,0.0010205081847291504,2.861384414488082E-4,2.723484834355633E-4,3.9808774923288915E-4,9.972366287378284E-4,9.654903891164247E-4,9.365703202769641E-4,9.610807484754852E-4,8.902616725728412E-4,0.0010490663446774853,6.093096224895231E-4,5.549673092598915E-4,9.691341547454517E-4],[0.0014046539330951986,0.0012363135258995348,0.0012396937905651295,6.866863814559892E-4,0.005435549180615424,0.0012649448111921363,0.0011109987352815858,2.6202911920879013E-4,3.4744852129334756E-4,3.279257876322504E-4,5.832451600775314E-4,0.0158464315328701,0.0012460478007807554,9.418260920545493E-4,0.0024754255637859913,9.80491639382147E-4,5.918520418408793E-4,0.0018891157485210394,0.0011342479121260996,1.0,0.033889168479316834,0.0016023671136086216,0.0027128415571383334,0.031764681516468656,5.876441832485744E-4,0.00207659431580803,0.0010972652559694419,5.589330483074719E-4,0.0011207831270385895,0.009731863842138672,0.0017450553768993931,1.5845381962546052E-4,0.015150390827247473,7.131137501121311E-4,0.01382334839601447,8.836314750219997E-4,9.008355809949108E-4,0.0015568708504737393,6.769606131883611E-4,6.422456899588117E-4,8.647702027670864E-4,5.308741213104458E-4,5.51809413031289E-4,9.312930910969911E-4,5.295508682025361E-4,0.0011958710043305702,7.602710822925191E-4,0.0011728371201842078,0.001057648272559535,6.29526565035489E-4,4.1484079839779534E-4],[0.031793540032353435,0.043621068343004755,0.008535797249542492,0.03657881213479563,0.05369678907748855,0.015629268180653702,3.152713884553065E-4,0.03784221773427971,0.030759238652942625,0.03110257637935498,0.040157193629038114,0.027871903575565134,0.008374516407736083,0.04836239399747712,0.020112989324723038,0.030336468699781252,0.027635361189969666,0.027349565307973348,0.056482856268017106,0.033889168479316834,1.0,0.03261327227931514,0.0559409711094587,0.06897390865958523,0.010422964881695914,0.012823842435953662,0.004992842455058972,0.03883819701160115,0.019006325918168414,0.027430234236995962,0.03894796081618644,0.038974305526875565,0.04205542330978703,0.006720845306668031,0.01803924934389306,0.05732137398029091,0.0364764238538394,0.009196636998878897,0.052974831547157944,0.03439977546467211,0.022874323176604584,0.05715871618423229,0.0506158332332461,0.025760162251438956,0.04006199634957496,0.05339901482491135,0.03810539596211021,0.03351263464839273,0.03279819549093396,0.04460001500024981,0.019181058924085573],[0.0027859296090056874,0.0016487759579735428,0.0027667815336274537,5.859434483987192E-4,0.013136122282854365,0.0019377627333950391,0.0024442600567186343,0.002916255413899261,0.002627948161146798,7.201604062808373E-4,0.001453363979031538,0.0029591244053379976,0.0013705812507447384,0.002932438095093117,0.005736020267077295,0.0010943915426624834,0.001508105179931067,0.0029159394700005005,0.0011465729257244942,0.0016023671136086216,0.03261327227931514,1.0,0.0042301573992395616,0.00376134624151217,6.911934593986989E-4,0.0034122952416713345,0.0026062161471064275,0.0025109709181425828,0.002910408889635694,0.0035295102417848374,0.0024222642819935357,3.138975195143262E-4,0.010278139661311948,0.0025240939482614297,0.0147959330086644,0.0028380640304795125,0.0013966521029718363,0.00198574029532765,8.825921184694768E-4,0.0021412167780109955,0.0017963609210184185,0.002065282541853448,7.572316351194795E-4,0.0016938275087742293,0.0016705411503139102,0.0023112711280233963,0.0014528518003619618,6.291340584075413E-4,7.450864486855985E-4,0.002596723212785523,0.002491124261928824],[0.022441895629288684,0.0031847726268604375,0.005146842322194394,0.03662907162540327,0.034211492141661345,0.041176463545385025,0.03650033432943993,0.0111649087833145,0.04186412719362727,0.03607111685796278,0.04834403637791585,0.0342726275478689,0.024887632633491686,0.03307893260704275,0.014898656817715003,0.0354538841190757,0.012841649724578314,0.04365193317067295,0.01733986887246569,0.0027128415571383334,0.0559409711094587,0.0042301573992395616,1.0,0.05472057727132499,0.0033240557778385985,0.04919992610503192,0.048437436152832906,0.0017149658797752797,0.0239225449476567,0.02864229981651518,0.04813017540120081,0.014116937753845205,0.04984703089388286,0.047381847896524595,0.03777281444576608,0.009187130378426384,0.03692911408822147,0.008089267672303913,0.01758259350222346,0.022293277883061163,0.04947135471509361,0.026863595272137716,0.026350288625143096,0.00666345414549266,0.04966989864574396,0.027055571731092683,0.014942573805502742,0.03278410969833762,0.014751522662265095,0.007393620748280963,0.03388052249812175],[0.03127111795562076,0.06637552917489718,0.05430861840205238,0.007631695521048027,0.04628835245623948,0.03705660411512855,0.02148204703689672,0.02139175249930198,0.010496029481234894,0.04034908147782766,0.02766084171488265,0.04137349606163972,0.07107345513332115,0.037733604568141225,0.06810157261910248,0.059244147321022504,5.602591514354182E-4,0.060702107856853864,0.050968163718315064,0.031764681516468656,0.06897390865958523,0.00376134624151217,0.05472057727132499,1.0,0.030846357718254554,0.06378750053677044,0.06351018698694318,0.022457341323907892,0.064336603143542,0.02937600072720558,0.0023675581340204966,0.024413384389931823,0.04592583912915467,0.009729294328116268,0.03908365363685088,0.0036234233341038958,0.06095095005231075,0.03024745226116638,0.04486038531621401,0.06007572689554188,0.016808027278483524,9.331984332215539E-4,0.04337492007420515,0.014013801602227934,0.03446218668254621,0.021495928157304625,0.0695723656864856,0.01369113349083427,0.025728125423531017,0.03628625331516105,0.006007883280903679],[0.0013244011792448635,5.697621553723049E-4,6.234047360654078E-4,1.288096617044064E-4,0.0035306314903326133,4.960749837141199E-4,1.9461900233360807E-4,1.9502852320604495E-4,6.942007184738157E-5,1.8919128716226628E-4,1.6706954333642852E-4,0.014828411518810107,0.0010387543523078637,1.9761594966405678E-4,0.0010346949997952224,2.4394893141463313E-4,2.3335451117151125E-4,5.317346681694183E-4,4.20967725567501E-4,5.876441832485744E-4,0.010422964881695914,6.911934593986989E-4,0.0033240557778385985,0.030846357718254554,1.0,0.003242535257857925,3.011042435066144E-4,3.0006641151995747E-4,4.0318473909250856E-4,0.006890740241827405,0.0010753135717293412,1.7858487340991695E-4,0.021723715039454517,4.515136158514033E-5,0.005185487855537577,2.1179782050232497E-4,2.527937982415921E-4,0.0012462393845419644,1.74728492768434E-4,2.0926932691019416E-4,2.2348005219751613E-4,2.254322238835206E-4,1.0803517736589059E-4,2.1725477765939706E-4,2.1604002824518055E-4,2.4173118836323478E-4,2.159190398790077E-4,2.7412428610903224E-4,2.2007196479863014E-4,3.3508242281057805E-4,3.19062909398186E-5],[0.005419914089315185,0.005028940326466631,0.007203103194144004,0.006215683492043118,0.01186807113100671,0.0037712215019683627,0.0011763372932075704,0.005372038579505964,0.006100876521522641,0.002653613310400798,0.004818926611683141,0.013164817935584506,0.006141941662978705,0.009229258334264365,0.009050665644096088,0.00824870914189296,0.0036720153739346487,0.008887928137280279,0.005484729960146277,0.00207659431580803,0.012823842435953662,0.0034122952416713345,0.04919992610503192,0.06378750053677044,0.003242535257857925,1.0,0.0059440560845215006,0.004899527075390111,0.006174415561749649,0.011223166060704656,0.006218752664609079,0.0012365752358700181,0.03780681057397693,0.00511016870955148,0.013942920801608048,0.003880009610210361,0.0070222031446100395,0.007858044035345691,0.0017190015161707305,0.008420659465222111,4.4606691247580234E-4,0.0024665524258584994,0.008831091405702752,0.005684689562471217,0.007302435179787443,8.717536214959732E-4,0.0035999773219149954,0.009088044745262402,0.0028382628947367793,0.00910463615944379,0.0011096245674738106],[0.001245429498950049,0.0012156936221992326,0.0011395808018958636,1.7768044367280118E-4,0.0012415749290113339,0.0010963917715310174,4.550231599548743E-4,2.1413365212423702E-4,3.581474607227491E-4,4.232908583891255E-4,1.9083722420909502E-4,0.016448202559679558,0.0012044711763203352,9.985859977478377E-4,0.00342715550883458,9.820574654301742E-4,8.284049585097024E-4,0.0025736529695566143,0.0010761690747203188,0.0010972652559694419,0.004992842455058972,0.0026062161471064275,0.048437436152832906,0.06351018698694318,3.011042435066144E-4,0.0059440560845215006,1.0,0.0010410984489142418,0.00107793389027495,0.0054258682379897385,0.0011079563186947995,6.391044108547564E-4,0.007295946995848036,2.3319538049102202E-4,0.007306411666788371,3.579495779434781E-4,3.053768713216653E-4,0.0014250579208287821,4.2167036126218186E-4,2.0650805683041602E-4,0.0010247300986293594,0.0010318910154604852,5.259267118567182E-4,8.159452953057823E-4,8.891342702989954E-4,5.750132801844544E-4,9.095514956607135E-4,7.55910285844249E-4,9.793584404435376E-4,5.419459695921922E-4,5.394879325129217E-4],[9.900485908621464E-4,3.5774760408155057E-4,0.0011330229585892748,1.59755742891666E-4,0.01101113424291168,0.001248818313155994,1.8153559049184086E-4,2.8822548571824175E-4,1.827038669792384E-4,1.944110606343287E-4,2.727974050389856E-4,0.003890918525052711,4.968545878188114E-4,2.4211634382517646E-4,0.00593120040866725,3.025388617354747E-4,1.5025978026628797E-4,0.0018419976998493624,4.4993720635347296E-4,5.589330483074719E-4,0.03883819701160115,0.0025109709181425828,0.0017149658797752797,0.022457341323907892,3.0006641151995747E-4,0.004899527075390111,0.0010410984489142418,1.0,3.585360577102281E-4,0.0015120747359305524,0.0012219868324351638,7.995503678937817E-5,0.031989927410430684,8.964058416151938E-5,0.01157890128658778,2.213416520388712E-4,2.982395198730327E-4,0.001106765914357628,1.192896561507659E-4,1.4256738388196275E-4,2.2743943263435262E-4,2.190730429236059E-4,1.8476055340818865E-4,2.07086163753468E-4,2.9618981820870856E-4,2.529671249390112E-4,1.6443532542804125E-4,2.9911660419275246E-4,2.4540295290425445E-4,3.156554873141713E-4,8.340972247556482E-5],[7.732634483916426E-4,5.618322250634847E-4,0.0010203825045966757,5.314860822853671E-5,0.010972015993678315,0.00110557707957572,3.766744279354871E-4,1.410879919365202E-4,4.87240752463735E-4,3.8432918646874576E-4,3.7665391374672484E-4,0.009820633086603978,0.001009490038054677,4.6534621114844665E-4,0.002688228283000392,3.1442850322373976E-4,2.862642095092584E-4,0.0022352898678821955,6.191394681965408E-4,0.0011207831270385895,0.019006325918168414,0.002910408889635694,0.0239225449476567,0.064336603143542,4.0318473909250856E-4,0.006174415561749649,0.00107793389027495,3.585360577102281E-4,1.0,0.008598476362169868,0.001135212645470399,1.4622531519314067E-4,0.02712475385697912,3.7907233755547743E-4,0.009608093949071167,4.1732178498687586E-4,5.389674128624025E-4,0.0012458193847974012,3.6142834551382915E-4,2.812161514062091E-4,2.0425043152659398E-4,2.4130602714274795E-4,1.5808023286292735E-4,1.7573334233288125E-4,2.7888320898263497E-4,2.68899844404672E-4,2.9511201361874794E-4,5.542530032315189E-4,1.2696967082010313E-4,4.727774356479566E-4,1.328078902504211E-4],[0.006918443847666583,0.002743197103567531,0.00586340058069446,0.0037067489694897417,0.01305496435008146,0.0017663697429750888,0.012571591703514734,0.010601231309434998,1.6975771516052583E-4,0.012524167257940536,0.006184565774035149,0.015123389243853931,0.00707014852342226,0.011216221408919992,0.011997651771593381,0.008186111849235825,0.011272994851510516,0.0045191735496323635,0.005079146862367309,0.009731863842138672,0.027430234236995962,0.0035295102417848374,0.02864229981651518,0.02937600072720558,0.006890740241827405,0.011223166060704656,0.0054258682379897385,0.0015120747359305524,0.008598476362169868,1.0,0.004657745013337315,0.0030911475162702837,0.02792683568773737,0.002851820429060941,0.013259910778685243,0.007460939945565917,0.007991818401537738,0.0022121610080992164,0.0021420902904385826,3.844490047560319E-4,0.005973391396397516,0.009488901865854337,0.012697884272654838,0.004786659666982519,0.007336745385723071,0.005161930965304673,2.50208842767775E-4,0.003161766277071383,0.010171688447864037,0.0038441527048279356,0.0010797369943434444],[0.0016832874185168498,0.0012863210591462515,0.0014718143535838385,0.0014924263179033784,0.011400218513611515,0.0018029228653143785,1.8558741861808404E-4,1.1668887848385367E-4,0.0013292581856615886,0.0011793864174138643,0.0016107282795689314,0.004960959538776191,0.001469595616615071,5.783820528809965E-4,0.004564254811447058,0.0014856418015301745,0.0013218859004857201,0.0025561776212353017,0.0017555762819500263,0.0017450553768993931,0.03894796081618644,0.0024222642819935357,0.04813017540120081,0.0023675581340204966,0.0010753135717293412,0.006218752664609079,0.0011079563186947995,0.0012219868324351638,0.001135212645470399,0.004657745013337315,1.0,0.0017366484676286456,0.038245043404176234,0.001517433561051692,0.0023169120599963317,0.0010361636465240904,0.001429242405058369,0.0017349769618002736,0.0011494489504459626,3.1373586053809796E-4,3.585745480062237E-4,6.14847966303113E-4,4.0619967451695606E-4,0.0013397140393540856,0.001625731571768737,7.930669490626597E-4,8.557158030622866E-4,0.0015077186496849498,0.001166694235537803,6.742106177461873E-4,8.175792586706452E-4],[0.0014168113323403467,4.093689920036981E-4,9.422911823902079E-4,4.307315010894669E-5,0.0010593404903338922,8.315063020874542E-4,8.634713680090083E-5,7.96675407465772E-5,2.269631219915447E-5,1.6413888611120764E-4,9.49039390383127E-5,0.015111182902263005,5.531300036930097E-4,8.07640529079176E-5,0.004585976152973693,2.7323539288479114E-4,1.3203806644585212E-5,0.001740061908009403,4.7693768491041417E-4,1.5845381962546052E-4,0.038974305526875565,3.138975195143262E-4,0.014116937753845205,0.024413384389931823,1.7858487340991695E-4,0.0012365752358700181,6.391044108547564E-4,7.995503678937817E-5,1.4622531519314067E-4,0.0030911475162702837,0.0017366484676286456,1.0,0.03171861552424408,2.1901761702379192E-5,0.012571917073013783,1.4898650302170148E-4,8.255651236062086E-5,0.0011812733770954654,9.04001582738232E-5,5.408859444579078E-5,1.7900444992592245E-5,1.2445670704893207E-4,1.6834483884275132E-5,7.493841235170795E-5,1.034815035824768E-4,6.971571430382202E-5,3.9505181660393605E-5,2.3249333759509393E-4,2.2879442745890123E-5,3.084831678297284E-4,1.227370573593831E-5],[0.021498572175524183,0.03230476314210538,0.025716344171841148,0.015383976514089114,0.028818576856791105,0.0321128943537079,0.02361367110765677,0.03294144370457787,0.01087163665234542,0.026690795568184017,0.014523202731653527,0.03390712592325209,0.03398911450836205,0.02205787537222498,0.01690705337316826,0.02155162694996156,0.03828603390226513,0.019084251552601864,0.002317159228260176,0.015150390827247473,0.04205542330978703,0.010278139661311948,0.04984703089388286,0.04592583912915467,0.021723715039454517,0.03780681057397693,0.007295946995848036,0.031989927410430684,0.02712475385697912,0.02792683568773737,0.038245043404176234,0.03171861552424408,1.0,0.02384917076349261,0.03434180716238992,0.006335453957635357,0.00823242009737776,0.03717689335275009,2.872807584520613E-4,0.021795536210298973,0.03327383123483431,0.004025209374798378,0.004907272105659519,0.024280266155240645,0.01465476137624432,0.0374354122488629,0.002575194718280169,0.009676670998138553,0.030590541157963617,0.03595965379700645,0.03126284879508884],[2.8225011510108253E-4,3.4708061423375543E-4,4.542934668354137E-4,4.308643484136225E-5,0.01638117290819046,0.0012199008822550855,6.122495258018809E-5,4.3704845452995184E-5,3.766037772005835E-5,7.305272886666774E-5,5.255117465712924E-5,0.004696127784992111,7.962769529174179E-4,7.494810018347067E-5,4.1308207126666753E-4,2.211579010733065E-4,1.6064448442022713E-5,0.0014307853506260776,5.233806613396011E-4,7.131137501121311E-4,0.006720845306668031,0.0025240939482614297,0.047381847896524595,0.009729294328116268,4.515136158514033E-5,0.00511016870955148,2.3319538049102202E-4,8.964058416151938E-5,3.7907233755547743E-4,0.002851820429060941,0.001517433561051692,2.1901761702379192E-5,0.02384917076349261,1.0,0.010563725245641397,1.438474615624193E-4,2.329841142812076E-4,2.3923788578741065E-4,9.75545783908675E-5,4.553777851077091E-5,1.1018075243829378E-4,1.8696113443416394E-4,2.309937231499688E-5,7.746487163643397E-5,1.6812671246507765E-4,1.7381614242733818E-4,1.1046671182097435E-4,1.6169882867487522E-4,3.823784623815518E-5,3.34541505773205E-4,3.721463854014082E-5],[0.0030167375144010983,0.007332770538749964,0.011355728286173837,0.0010016785932552635,0.01787105073529483,0.009814956486797099,0.010746599657363735,0.0067049514305783575,0.006937259926142576,0.008990043314917621,0.010548271933157312,0.01571558112581953,0.004291234585816238,0.008009117803697867,0.009648547421925419,0.004053274759283958,0.0029987609472249674,0.008185412651074522,0.010384481692220057,0.01382334839601447,0.01803924934389306,0.0147959330086644,0.03777281444576608,0.03908365363685088,0.005185487855537577,0.013942920801608048,0.007306411666788371,0.01157890128658778,0.009608093949071167,0.013259910778685243,0.0023169120599963317,0.012571917073013783,0.03434180716238992,0.010563725245641397,1.0,0.01480119882457732,0.0033380681470949304,0.007002283627310903,0.007658254951259023,0.0013638409203149864,0.009458009928311235,0.012805501147451794,0.0018087174881102788,8.905071645884733E-4,0.01167015471326489,0.0011067144770775406,0.012029616081898373,8.399384598841955E-4,0.00944851318831857,0.010753820468526356,0.005822506299645248],[0.0013623550411507694,0.0010363532956217064,3.39015834465022E-4,8.536041697235113E-5,0.017622148104940186,6.907992343489423E-4,1.2546230602557707E-4,1.1460909757232535E-4,1.0883168563526177E-4,1.5062812592185187E-4,1.4932637551237895E-4,0.003789711246054563,9.72200885891748E-4,1.475487805070944E-4,0.001095863689673921,3.0739547050326137E-4,1.2790491743837855E-4,0.0010893190327463487,5.552358035748666E-4,8.836314750219997E-4,0.05732137398029091,0.0028380640304795125,0.009187130378426384,0.0036234233341038958,2.1179782050232497E-4,0.003880009610210361,3.579495779434781E-4,2.213416520388712E-4,4.1732178498687586E-4,0.007460939945565917,0.0010361636465240904,1.4898650302170148E-4,0.006335453957635357,1.438474615624193E-4,0.01480119882457732,1.0,2.2583185019277546E-4,6.18053084230677E-4,1.145763987116264E-4,1.0538642216447379E-4,1.332279490784621E-4,1.8235106461563218E-4,1.3733869043421054E-4,1.2518786673747302E-4,1.7611496667777532E-4,2.2698972892764552E-4,1.4904284664675672E-4,2.33651101697606E-4,8.781638305594618E-5,2.9174695063507056E-4,1.1937754595474117E-4],[7.343553535410471E-4,5.496807107455167E-4,5.381500545553837E-4,2.312680252093252E-4,0.004199693255660596,3.404140050799978E-4,1.8632849475413963E-4,1.274735762731183E-4,2.1613389117400005E-4,1.748211589524182E-4,2.4250417380449117E-4,0.006932790602183518,7.704086650379122E-4,1.568411395660838E-4,7.621911336612625E-4,3.044284323126193E-4,1.3783792356839798E-4,4.3939059538754504E-4,4.5180172326813174E-4,9.008355809949108E-4,0.0364764238538394,0.0013966521029718363,0.03692911408822147,0.06095095005231075,2.527937982415921E-4,0.0070222031446100395,3.053768713216653E-4,2.982395198730327E-4,5.389674128624025E-4,0.007991818401537738,0.001429242405058369,8.255651236062086E-5,0.00823242009737776,2.329841142812076E-4,0.0033380681470949304,2.2583185019277546E-4,1.0,6.07278327850129E-4,2.3945639335485127E-4,1.7947825370588302E-4,2.677874562723795E-4,2.319186354733577E-4,3.4751387634118157E-5,1.5367853471790708E-4,2.1025428490317313E-4,2.6166789175812924E-4,1.6671754061859442E-4,2.886819506789088E-4,1.2558112286602664E-4,2.9642151640791513E-4,1.0026038635610491E-4],[0.001507138539873479,0.0013369335641538792,0.0013030039135484193,4.855130125204352E-4,0.0018381345541401486,0.0015400170974415306,2.289600004396905E-4,0.0014818881045176506,8.825263828439781E-4,0.00128993904165641,0.0010627465833586236,0.01776677272430201,0.0013834531157556835,0.0015134237107852337,0.006098022961847288,5.798071958891188E-4,3.5330722497289354E-5,0.001906965490577198,0.0014531247804004074,0.0015568708504737393,0.009196636998878897,0.00198574029532765,0.008089267672303913,0.03024745226116638,0.0012462393845419644,0.007858044035345691,0.0014250579208287821,0.00110676591