[[1.0,2.112917780620834E-4,5.8642340375700226E-5,4.3088237470808845E-4,1.0290307613219697E-4,8.539549829776998E-4,0.008542366128980086,2.1233448918161042E-4,2.4874548597472702E-5,3.7302909812843895E-5,1.4483418940501472E-4,2.6045413693095235E-5,1.6393610043884777E-4,8.05924294750591E-5,2.294799342171238E-4,8.477101004676921E-5,4.276740492958297E-5,9.521250283627561E-4,1.0198263804244323E-4,1.4268930539032516E-4,1.1039614532656357E-4,1.2317583789042197E-4,9.159576546186642E-5,1.0659810802457622E-4,9.433815717450578E-4,0.001273534946901585,1.1950155677655934E-4,9.730133716391603E-5,4.8640067534073424E-4,8.552615910274558E-5,0.0021555536229942137,5.760710308863571E-4,1.4059919237639144E-4,0.027863771134840502,0.002812854552557281,0.0024765309865436764,1.0850041613310414E-4,1.1041793932134943E-4,0.0010098104713006748,4.5361959472324E-5,3.5180411714001524E-4,8.897170267254932E-5,1.3714997848386727E-4,3.429856017862707E-4],[2.112917780620834E-4,1.0,1.8594789782758973E-4,2.3665101845976903E-4,1.1249228031856204E-4,4.0331027201665035E-4,0.0075453347382090875,3.425015194571602E-4,2.034588896022504E-4,1.5326259802808456E-4,2.3123470812501907E-4,1.8039847608931E-4,2.2219804144890995E-4,5.682912429438407E-5,2.5090670930030313E-4,7.255064456321047E-5,9.559157747311287E-5,0.0020494210632152005,1.579185836730474E-4,2.1877376726423559E-4,1.4772912016553465E-4,2.9065627686785897E-4,1.7266906490844393E-4,1.7958103936090684E-4,6.053214650161313E-4,0.0010980628251028917,1.8735491694465468E-4,2.0837934137687316E-4,8.213525148636111E-4,5.470264558469373E-5,0.0023997551263388005,7.254305387089791E-4,2.185202602920943E-4,0.019714484485997084,0.0027962429833616152,0.00195280738519668,1.3311778955914767E-4,1.7241567468827807E-4,0.0011356166583534751,1.27019366148313E-4,0.03072866190840634,1.50070572603326E-4,2.3377433892206577E-4,5.755119820844043E-4],[5.8642340375700226E-5,1.8594789782758973E-4,1.0,2.5038375893080277E-4,6.611071367764517E-5,8.023808405224204E-4,0.003548254236447904,8.268955837203179E-5,2.6223866223654796E-5,2.8554389829001526E-5,1.9803105805648973E-4,2.0148584836718276E-5,9.537371179107082E-5,3.3005144451879616E-5,1.9179816529155835E-4,1.708106155065967E-5,2.4318173329238085E-5,0.0022606881673227068,1.794409378546859E-5,4.170016093492973E-5,6.986029201987987E-5,2.914429108059854E-4,4.9522047502741627E-5,3.647616856919589E-5,3.415804280859422E-4,1.6269680541946633E-4,7.921302288079265E-5,1.2669516495177018E-5,9.837805357426023E-4,1.2059084705138827E-5,0.0015764152504183558,1.7168775602322583E-4,6.919331680483741E-5,0.0019082152708754577,9.250744088582963E-4,5.794561348187861E-4,5.577107209586295E-5,2.9771988236874186E-5,9.713053301861179E-4,2.8222787593975892E-5,0.013787846657602462,3.406340645188591E-5,1.3200841031401605E-4,6.153072053463689E-4],[4.3088237470808845E-4,2.3665101845976903E-4,2.5038375893080277E-4,1.0,1.1682165389014704E-4,9.89055145516796E-4,0.005484659418720655,4.680628405633665E-4,4.113840945609992E-4,1.7857575473877388E-4,4.3708175824453267E-4,2.0854049070733385E-4,3.096870504606168E-4,3.1364350707733076E-4,4.54140407582621E-4,3.9480218951874594E-4,2.048175299079723E-4,0.0024071227694432004,1.9211909997359E-4,2.708385445204581E-4,3.580958566558564E-4,3.829645888949131E-4,2.847998882108448E-4,8.10715785552247E-5,0.0011091028746335937,6.525760729734064E-4,1.9775580262437788E-4,2.5585912709596607E-4,0.0010370767214298664,4.4522852129301146E-4,9.207333897945542E-4,9.022161282344751E-4,3.525572417697045E-4,0.01813630213337716,0.002745515234128552,7.235032807582312E-4,4.116226367822138E-4,2.2953389113249784E-4,5.96447411922242E-4,1.7579150501733973E-4,0.02952673229820616,1.7904779409866207E-4,2.7279521071081896E-4,0.0010320738583675527],[1.0290307613219697E-4,1.1249228031856204E-4,6.611071367764517E-5,1.1682165389014704E-4,1.0,6.232557902699645E-4,0.0052461052750366124,3.035212039460272E-4,7.497883899899749E-5,7.968688912950007E-5,1.5543017937814132E-4,8.371932104269171E-5,1.6678243907594534E-4,4.634246295425163E-5,1.414576285882466E-4,1.823038844500814E-5,9.925591644850022E-5,0.0017238867138317372,7.644917358923797E-5,1.2422518596470403E-4,1.0129635535308994E-4,2.456881707198705E-4,8.49146356653757E-5,9.460790086331995E-5,0.0012601864699986669,3.683775056552527E-4,1.1550406148613831E-4,7.529707430026307E-5,8.419655146933328E-4,6.52933619136384E-5,0.0010822983769897378,1.8438945987856012E-4,1.8267373333943432E-4,0.0352530952036887,0.00197236806050292,5.739435869421852E-4,1.021903293087425E-4,6.0022671628697735E-5,2.5205983134634117E-4,6.223491944377051E-5,0.004267630751947159,7.924435440161113E-5,1.26089807879857E-4,9.315537539735993E-4],[8.539549829776998E-4,4.0331027201665035E-4,8.023808405224204E-4,9.89055145516796E-4,6.232557902699645E-4,1.0,0.007004151732294047,5.653797897464662E-4,1.7336196756263987E-4,7.435903081529001E-4,0.0010378139555899419,5.083549375717442E-4,8.454585628463444E-4,7.082347385350741E-4,0.0010656504372813852,9.44824062281339E-4,1.4219069313033947E-4,0.0017298508493743237,8.025553847405256E-4,2.854140680121752E-4,0.0010724292434120717,3.9799252947275764E-4,8.237210998462484E-4,8.388749447895078E-4,0.001291274526095876,0.0013000808083404969,6.707683743139475E-4,7.183650453372833E-5,0.0011355038121726002,4.146499170368801E-4,0.0016257995231165607,0.0011826342865668548,3.446043985564948E-4,0.006580934578397786,0.0028702778861486146,0.0028042336248255088,5.095155674653153E-4,4.515530190463468E-4,0.0013197237713628003,0.0010534799242861892,0.017372792970361765,0.001113870388693447,6.268792407926788E-4,0.0011699532208475582],[0.008542366128980086,0.0075453347382090875,0.003548254236447904,0.005484659418720655,0.0052461052750366124,0.007004151732294047,1.0,0.00653698440656289,0.0057767406683459765,0.0036476360961536364,0.0038797959743476365,0.0025315224899281866,0.005146837097579598,0.009751993195396,0.0015419153360066247,0.006095380383244854,0.0014446831301415382,0.005939927348799934,0.00662150265758811,0.0014625031556435289,0.004816471933099385,7.269223959385034E-4,0.009454813913602705,0.003361686338512643,0.007550380422740324,0.002260052647128895,0.0014965398723830062,0.0041507734645524555,0.005151786248603808,0.009338365256009291,0.004321141372441093,0.008878250520001074,0.009822163656837078,0.021964972121775124,0.007493739952548649,0.004527209297929243,0.0040083967024510956,0.006756351704331522,0.00498800351777999,0.008261477546033642,0.022171828265003767,0.003908172939395702,3.711373483876602E-4,0.00778477996575216],[2.1233448918161042E-4,3.425015194571602E-4,8.268955837203179E-5,4.680628405633665E-4,3.035212039460272E-4,5.653797897464662E-4,0.00653698440656289,1.0,2.578969591303864E-4,3.3580271658802867E-4,4.924413162871657E-4,2.8213770030991933E-4,2.893714969483948E-4,3.6867494735991094E-4,3.357268116597185E-4,3.7460668935308567E-4,4.80335678013172E-5,0.002506215585797463,2.1004358736857127E-4,4.618144267445303E-4,1.4892741608892558E-4,4.5332210313553953E-4,4.8603568124701535E-4,1.0653529758738583E-4,9.42091202432042E-4,8.511053520281855E-4,1.46045765061263E-4,1.538080595652193E-4,7.015839944090051E-4,3.9222732903006294E-5,8.932115025895731E-4,6.033842909525848E-4,2.3400247687020286E-4,0.02370308514853108,0.0020079665461531218,0.0026156729996504773,2.4322490167470886E-4,2.5643805305138636E-4,0.0010623306582662785,4.893373321681244E-4,0.00814628918986091,4.4824570010888916E-4,1.9661979329376242E-4,7.364854178036411E-4],[2.4874548597472702E-5,2.034588896022504E-4,2.6223866223654796E-5,4.113840945609992E-4,7.497883899899749E-5,1.7336196756263987E-4,0.0057767406683459765,2.578969591303864E-4,1.0,2.405107318244647E-5,5.7156063548395956E-5,1.2897870690722756E-5,1.1953886735369713E-4,2.9533194525630755E-5,1.9898580473496927E-4,1.758750526692419E-5,2.0815293835721427E-5,0.0026881851280662742,1.631203104869158E-5,8.626603021387782E-5,6.0521808668621316E-5,9.766960541366969E-5,6.275055556163308E-5,3.816913149039245E-5,0.0011272580362678896,9.625650624880001E-4,1.0388648007630978E-4,1.8576125130819887E-5,7.209408219971403E-4,1.9049589529566623E-5,7.791667938392884E-4,5.227550061017048E-4,8.423452987598764E-5,0.0379036906412262,2.8096422900595187E-4,8.89282721833163E-5,4.867285240783101E-5,1.4170945598238622E-5,7.78828752718664E-4,1.6792759799976565E-5,0.020106820751108152,3.191107514110909E-5,2.6367074966963782E-5,8.033276260597122E-4],[3.7302909812843895E-5,1.5326259802808456E-4,2.8554389829001526E-5,1.7857575473877388E-4,7.968688912950007E-5,7.435903081529001E-4,0.0036476360961536364,3.3580271658802867E-4,2.405107318244647E-5,1.0,1.1461669271190188E-4,1.684820038539545E-5,1.1239891363830893E-4,2.4526783557873128E-5,7.175281816015718E-5,1.5696886683777495E-5,2.2565270737655366E-5,1.2892548800339627E-4,1.89049905936847E-5,1.2813697352854022E-4,4.9224943882546885E-5,1.4033182446644948E-4,6.920779718231791E-5,3.8779344791934325E-5,5.184206355084772E-4,4.931189748172444E-4,1.079428569351877E-4,1.641293542207608E-5,5.9453331688208E-4,2.0867718269541855E-5,0.0017283692323298429,7.808236845950156E-4,3.024395064433411E-5,0.036971087642359055,0.0010322974613373376,9.905064703156995E-4,8.81853529287382E-5,1.3983888225074217E-5,0.001094423061633198,1.9464460168178256E-5,0.01814498215591288,2.5123917013266347E-5,7.81560782923545E-5,2.0199679632144414E-4],[1.4483418940501472E-4,2.3123470812501907E-4,1.9803105805648973E-4,4.3708175824453267E-4,1.5543017937814132E-4,0.0010378139555899419,0.0038797959743476365,4.924413162871657E-4,5.7156063548395956E-5,1.1461669271190188E-4,1.0,2.013100839271125E-4,2.2606640710408547E-4,6.48257763123723E-5,2.5686630291516904E-4,6.243220549917374E-5,1.3272322750926925E-4,0.0027820759800756744,1.901437384388069E-4,1.7833268404975755E-4,1.9864134191167649E-4,2.425373862585261E-4,1.673355874996456E-4,1.2165779289944717E-4,4.189030659791222E-4,9.394768773550341E-4,1.4908420123165394E-4,5.5789953472190935E-5,5.241329073019857E-4,8.976884305461585E-5,3.0495430061618865E-4,7.07486721520236E-4,2.01196724193659E-4,0.023427890630007813,6.865031697760699E-4,0.001457560998733138,1.65079526719119E-4,2.034608485822926E-4,5.696754497636917E-4,1.1275103256482848E-4,0.006993909442820486,1.1192005621181476E-4,2.2240551417214817E-4,6.277425921177503E-4],[2.6045413693095235E-5,1.8039847608931E-4,2.0148584836718276E-5,2.0854049070733385E-4,8.371932104269171E-5,5.083549375717442E-4,0.0025315224899281866,2.8213770030991933E-4,1.2897870690722756E-5,1.684820038539545E-5,2.013100839271125E-4,1.0,7.399164901206038E-5,3.089675608005556E-5,8.973984326573924E-5,1.3762965610986967E-5,1.480243064251099E-5,0.0010246944678682928,1.3193122829798013E-5,3.6128954984253355E-5,8.605965561120504E-5,1.6449616343022877E-4,1.7565614520026742E-5,2.010887896952938E-5,8.692125601582453E-4,0.0011388664429474707,1.1272802877741354E-4,1.0433569977569064E-5,4.252010598180944E-4,1.1158085385109484E-5,1.8701871726928057E-4,4.5145330809878974E-4,3.126329568559691E-5,0.013160766593963126,0.0010767150542141783,4.082182240235105E-4,7.308254726685427E-5,1.1150783938700081E-5,0.0010156267154391777,1.301574922454004E-5,0.006045863040006886,2.3826468426157975E-5,1.2508522828654286E-5,9.517148377015511E-5],[1.6393610043884777E-4,2.2219804144890995E-4,9.537371179107082E-5,3.096870504606168E-4,1.6678243907594534E-4,8.454585628463444E-4,0.005146837097579598,2.893714969483948E-4,1.1953886735369713E-4,1.1239891363830893E-4,2.2606640710408547E-4,7.399164901206038E-5,1.0,1.2731631232247445E-4,2.486749756275202E-4,4.343049788409475E-5,1.620888916018409E-4,0.0014827099407487328,9.923547956288805E-5,1.6244188520970798E-4,1.2016784409426546E-4,2.78322082668727E-4,1.3263119195154217E-4,1.0917849124165798E-4,4.4897441283502467E-4,3.705245211247499E-4,1.4043602689329458E-4,1.498294087800558E-4,2.4614294944983844E-4,5.6134996807977694E-5,0.002116582799474517,3.5962950846136674E-4,1.7839124333037188E-4,0.011969740832276022,3.321664366039332E-4,1.8711614520106984E-4,1.3587673407401422E-4,2.241329030681604E-5,4.0419903465756485E-4,5.8657077642532036E-5,0.025379626682562516,6.042395912551252E-5,1.603785799413811E-4,5.850062174569097E-4],[8.05924294750591E-5,5.682912429438407E-5,3.3005144451879616E-5,3.1364350707733076E-4,4.634246295425163E-5,7.082347385350741E-4,0.009751993195396,3.6867494735991094E-4,2.9533194525630755E-5,2.4526783557873128E-5,6.48257763123723E-5,3.089675608005556E-5,1.2731631232247445E-4,1.0,4.8605321306885855E-5,2.602810958490759E-5,2.656287244083549E-5,0.002722109368730344,3.025833782077581E-5,1.0722995948007564E-4,6.254869430127123E-5,2.0237986332222348E-4,5.972655800047112E-5,4.2675210358769385E-5,0.001266853871238494,2.0916379833194713E-4,8.711984889941195E-5,2.31539122576895E-5,7.151332859650324E-4,2.068383211066504E-5,6.226639788655434E-4,2.8227358309769446E-4,1.8128740490285707E-4,0.03630411509631365,0.0011604627366328093,0.002389729341133418,6.32847224986091E-5,1.3913919511895028E-5,5.248566896395343E-4,2.0103362162137553E-5,0.006407720314233999,3.884956712826554E-5,1.0252161145442735E-4,9.995013714285652E-5],[2.294799342171238E-4,2.5090670930030313E-4,1.9179816529155835E-4,4.54140407582621E-4,1.414576285882466E-4,0.0010656504372813852,0.0015419153360066247,3.357268116597185E-4,1.9898580473496927E-4,7.175281816015718E-5,2.5686630291516904E-4,8.973984326573924E-5,2.486749756275202E-4,4.8605321306885855E-5,1.0,1.323041977927981E-4,1.1169107971459126E-4,0.0015012090372294514,1.3409601039663876E-4,2.0423580614345474E-4,1.524264730344612E-4,3.169358447491973E-4,1.6591678334308436E-4,1.6907517376620526E-4,0.0012722917218353136,0.0011096774776834936,2.1154534003072696E-4,1.354447137488727E-4,7.123299674747896E-4,2.0347337232481466E-4,3.263627591727734E-4,4.222565744737085E-4,2.240831869316262E-4,0.02377130507271626,5.464918182289916E-4,8.117668586971852E-4,1.0856839557903429E-4,1.5900632307362843E-4,0.001325223779834817,1.6666035735604607E-4,0.016496956501720988,2.742970381840698E-4,1.8230240531048075E-4,4.831209517705736E-4],[8.477101004676921E-5,7.255064456321047E-5,1.708106155065967E-5,3.9480218951874594E-4,1.823038844500814E-5,9.44824062281339E-4,0.006095380383244854,3.7460668935308567E-4,1.758750526692419E-5,1.5696886683777495E-5,6.243220549917374E-5,1.3762965610986967E-5,4.343049788409475E-5,2.602810958490759E-5,1.323041977927981E-4,1.0,1.8138601784814334E-5,4.2808511404991435E-4,1.4742046935769758E-5,5.348679867117179E-5,7.59171545797724E-5,2.573354739947437E-4,1.994819052014415E-5,1.963728216554593E-5,0.0011483983317329817,1.0468408887051573E-4,1.30642096322837E-4,1.0187194910282458E-5,2.5734098719743224E-5,1.3608858961446302E-5,0.0010475731039101994,8.865698524335228E-4,1.4691106996654732E-4,0.009764325025317341,0.0015570173184533752,8.996685144503971E-4,7.326316726777903E-5,1.2633285422164613E-5,2.9478784213675884E-4,1.5168165104020356E-5,0.025618369653182184,1.8956239963268737E-5,1.1663480354479186E-4,3.303377862808281E-4],[4.276740492958297E-5,9.559157747311287E-5,2.4318173329238085E-5,2.048175299079723E-4,9.925591644850022E-5,1.4219069313033947E-4,0.0014446831301415382,4.80335678013172E-5,2.0815293835721427E-5,2.2565270737655366E-5,1.3272322750926925E-4,1.480243064251099E-5,1.620888916018409E-4,2.656287244083549E-5,1.1169107971459126E-4,1.8138601784814334E-5,1.0,0.0014154085186429076,1.6597799897508507E-5,1.4616933383050957E-4,2.946543857302542E-5,2.993755131499168E-5,2.2762914533349908E-5,3.8893886502703306E-5,9.130854977400314E-4,4.370761863046006E-4,7.27414018359085E-5,1.8586945321411076E-5,8.954030807016245E-4,2.1248690081397445E-5,0.0015872391844748502,7.90001364450604E-4,1.1309389638207602E-4,0.029715579981234003,4.839614494192295E-4,0.0025804566837057384,4.8769822105589395E-5,2.0382287433595963E-5,4.5736575643102377E-4,1.9238323513822432E-5,0.029004529930261133,3.264934764410769E-5,1.0281146914215893E-4,7.596513020386726E-4],[9.521250283627561E-4,0.0020494210632152005,0.0022606881673227068,0.0024071227694432004,0.0017238867138317372,0.0017298508493743237,0.005939927348799934,0.002506215585797463,0.0026881851280662742,1.2892548800339627E-4,0.0027820759800756744,0.0010246944678682928,0.0014827099407487328,0.002722109368730344,0.0015012090372294514,4.2808511404991435E-4,0.0014154085186429076,1.0,9.511391508493887E-4,0.003122899655264038,0.002337832590205601,0.0028985591900991094,0.003219549952707097,0.0025886186066571945,0.002838934488389488,0.002870247191032571,0.0033328156092364003,0.0023416030757553645,0.002374338408720889,6.818885704237023E-4,0.0031418612066886,0.0035177731711854227,0.0021761791419127696,0.005778927321621423,0.0029211538635679555,0.0030581570656894688,0.001862862304995944,0.0013573079416088504,0.003236727171757946,0.00190822591484511,0.010499106181029845,1.8699167740425252E-4,5.078071994596079E-4,0.0029440605410762308],[1.0198263804244323E-4,1.579185836730474E-4,1.794409378546859E-5,1.9211909997359E-4,7.644917358923797E-5,8.025553847405256E-4,0.00662150265758811,2.1004358736857127E-4,1.631203104869158E-5,1.89049905936847E-5,1.901437384388069E-4,1.3193122829798013E-5,9.923547956288805E-5,3.025833782077581E-5,1.3409601039663876E-4,1.4742046935769758E-5,1.6597799897508507E-5,9.511391508493887E-4,1.0,1.6043868669757697E-4,6.392660386494013E-5,1.7270410074129866E-4,3.4964108864176374E-5,2.2317714190074474E-5,0.0011734052435544541,0.0010267257327182518,1.2173554071367193E-4,1.101518182403842E-5,7.596750804294198E-5,1.1416494675938956E-5,0.001552658899390786,0.0010675723332828355,5.024676969981028E-5,0.022988253337867182,5.779001281422079E-4,0.0017958487240072958,6.288854142173236E-5,1.1915749264610309E-5,4.1943343330294196E-5,1.4407988662725387E-5,0.025746561194602606,3.4398503526315104E-5,6.0059860909219546E-5,9.179180765012805E-4],[1.4268930539032516E-4,2.1877376726423559E-4,4.170016093492973E-5,2.708385445204581E-4,1.2422518596470403E-4,2.854140680121752E-4,0.0014625031556435289,4.618144267445303E-4,8.626603021387782E-5,1.2813697352854022E-4,1.7833268404975755E-4,3.6128954984253355E-5,1.6244188520970798E-4,1.0722995948007564E-4,2.0423580614345474E-4,5.348679867117179E-5,1.4616933383050957E-4,0.003122899655264038,1.6043868669757697E-4,1.0,1.1121018729281495E-4,3.059211161091157E-4,1.1984496836512255E-4,1.445385334376746E-4,5.43745125085657E-4,5.030548996389269E-4,1.4351329151912162E-4,8.029616872663308E-5,1.9437461832928367E-4,1.1473271900213951E-4,8.625976164076686E-4,3.0509780473277905E-4,1.632979693288199E-4,0.0076134855620406516,0.002057563530607684,0.002195920170415638,1.3501055929964595E-4,4.347706093787034E-5,0.0010226966987828693,8.495941088269722E-5,0.02381277013787735,1.5697283050167875E-4,1.5406630214694148E-4,5.31647186519868E-4],[1.1039614532656357E-4,1.4772912016553465E-4,6.986029201987987E-5,3.580958566558564E-4,1.0129635535308994E-4,0.0010724292434120717,0.004816471933099385,1.4892741608892558E-4,6.0521808668621316E-5,4.9224943882546885E-5,1.9864134191167649E-4,8.605965561120504E-5,1.2016784409426546E-4,6.254869430127123E-5,1.524264730344612E-4,7.59171545797724E-5,2.946543857302542E-5,0.002337832590205601,6.392660386494013E-5,1.1121018729281495E-4,1.0,1.3374110436536362E-4,9.531691545039922E-5,9.451136617136226E-5,2.7805765995995074E-4,9.069121057710139E-4,1.1881013565286681E-4,5.533449789222822E-5,5.364338326439222E-4,9.033256725319876E-5,2.8267426450882463E-4,6.563064402928417E-4,1.8434077412154715E-4,0.017943673325903922,0.002116102497918749,0.0014480040904191283,1.0212820507583131E-4,2.2241071747637677E-5,2.7591175815293924E-4,9.98994322604798E-5,0.014116634646299026,7.91220285876257E-5,1.058590827761972E-4,8.919962368528008E-4],[1.2317583789042197E-4,2.9065627686785897E-4,2.914429108059854E-4,3.829645888949131E-4,2.456881707198705E-4,3.9799252947275764E-4,7.269223959385034E-4,4.5332210313553953E-4,9.766960541366969E-5,1.4033182446644948E-4,2.425373862585261E-4,1.6449616343022877E-4,2.78322082668727E-4,2.0237986332222348E-4,3.169358447491973E-4,2.573354739947437E-4,2.993755131499168E-5,0.0028985591900991094,1.7270410074129866E-4,3.059211161091157E-4,1.3374110436536362E-4,1.0,2.4937672260780963E-4,1.4381220068524116E-4,7.383253571663702E-4,9.739923223253618E-4,2.6617201043066237E-4,1.79909209327888E-4,8.642671384951103E-4,3.1401802328555995E-4,0.002583402514826286,8.756520264361336E-4,1.909322883583861E-4,0.010615767342682174,0.0023986397166419183,0.0010762171691596893,1.7632017681639566E-4,2.0727508429424493E-4,8.222586936151554E-4,3.0410944329779154E-4,0.027232912158427835,1.1097650329124995E-4,2.7793287124507895E-4,8.523853909769286E-4],[9.159576546186642E-5,1.7266906490844393E-4,4.9522047502741627E-5,2.847998882108448E-4,8.49146356653757E-5,8.237210998462484E-4,0.009454813913602705,4.8603568124701535E-4,6.275055556163308E-5,6.920779718231791E-5,1.673355874996456E-4,1.7565614520026742E-5,1.3263119195154217E-4,5.972655800047112E-5,1.6591678334308436E-4,1.994819052014415E-5,2.2762914533349908E-5,0.003219549952707097,3.4964108864176374E-5,1.1984496836512255E-4,9.531691545039922E-5,2.4937672260780963E-4,1.0,6.579231644027964E-5,2.876253697155689E-4,6.371174481302483E-4,1.0978056979994193E-4,5.6120024068021865E-5,3.422718112503791E-4,3.041391569720998E-5,0.0025789995102006576,4.0905530894343135E-4,1.6573483171544354E-4,0.03538098631997889,0.0024840863034261427,0.0017788881542539067,9.161490582939296E-5,5.043711378135405E-5,0.0011943494515292163,3.545842264757743E-5,0.0014680157594409503,4.939571480527312E-5,1.3381099952613118E-4,8.339210748769493E-4],[1.0659810802457622E-4,1.7958103936090684E-4,3.647616856919589E-5,8.10715785552247E-5,9.460790086331995E-5,8.388749447895078E-4,0.003361686338512643,1.0653529758738583E-4,3.816913149039245E-5,3.8779344791934325E-5,1.2165779289944717E-4,2.010887896952938E-5,1.0917849124165798E-4,4.2675210358769385E-5,1.6907517376620526E-4,1.963728216554593E-5,3.8893886502703306E-5,0.0025886186066571945,2.2317714190074474E-5,1.445385334376746E-4,9.451136617136226E-5,1.4381220068524116E-4,6.579231644027964E-5,1.0,2.477642391119294E-4,0.0010046602783986866,1.1432920042913367E-4,3.018679442164318E-5,3.393036118302773E-4,3.672950859524924E-5,0.002141380001703623,6.598295052408587E-4,5.5073338936891275E-5,0.02250544170496082,2.4366790956965618E-4,1.0108510042827174E-4,8.758436362673584E-5,4.138537760540909E-5,1.226625351136887E-4,3.3864323024475054E-5,0.014710654457802208,4.1969567480280416E-5,5.775929748309812E-5,4.8698512197056435E-4],[9.433815717450578E-4,6.053214650161313E-4,3.415804280859422E-4,0.0011091028746335937,0.0012601864699986669,0.001291274526095876,0.007550380422740324,9.42091202432042E-4,0.0011272580362678896,5.184206355084772E-4,4.189030659791222E-4,8.692125601582453E-4,4.4897441283502467E-4,0.001266853871238494,0.0012722917218353136,0.0011483983317329817,9.130854977400314E-4,0.002838934488389488,0.0011734052435544541,5.43745125085657E-4,2.7805765995995074E-4,7.383253571663702E-4,2.876253697155689E-4,2.477642391119294E-4,1.0,0.001327052043149826,1.4705948552539843E-4,3.475005682846579E-4,0.001128817952616638,0.0012243992729568528,0.0014587783942478605,0.0013033817258771585,3.394404053158896E-4,0.0125557332130072,0.0019078308635334218,0.0018430956782596766,7.874901302676971E-4,5.551099154198115E-4,0.0013400701940274524,2.0716469922024453E-4,0.02062461696445718,8.92687978147286E-4,0.001024451567414214,0.0012468035038205416],[0.001273534946901585,0.0010980628251028917,1.6269680541946633E-4,6.525760729734064E-4,3.683775056552527E-4,0.0013000808083404969,0.002260052647128895,8.511053520281855E-4,9.625650624880001E-4,4.931189748172444E-4,9.394768773550341E-4,0.0011388664429474707,3.705245211247499E-4,2.0916379833194713E-4,0.0011096774776834936,1.0468408887051573E-4,4.370761863046006E-4,0.002870247191032571,0.0010267257327182518,5.030548996389269E-4,9.069121057710139E-4,9.739923223253618E-4,6.371174481302483E-4,0.0010046602783986866,0.001327052043149826,1.0,6.335139608491159E-4,9.995469877205397E-5,0.0013007752403972083,3.780176601289414E-4,0.0019947465399156594,0.0011369361499771011,8.92438471966076E-4,0.00722814599924757,0.002184067487512054,0.0014817610444978696,6.221486176998858E-4,8.841705234568676E-4,0.0013205827835605748,0.0010153286855188683,0.01129800813603549,4.739693032667457E-4,8.492352901796945E-4,0.001295697168458397],[1.1950155677655934E-4,1.8735491694465468E-4,7.921302288079265E-5,1.9775580262437788E-4,1.1550406148613831E-4,6.707683743139475E-4,0.0014965398723830062,1.46045765061263E-4,1.0388648007630978E-4,1.079428569351877E-4,1.4908420123165394E-4,1.1272802877741354E-4,1.4043602689329458E-4,8.711984889941195E-5,2.1154534003072696E-4,1.30642096322837E-4,7.27414018359085E-5,0.0033328156092364003,1.2173554071367193E-4,1.4351329151912162E-4,1.1881013565286681E-4,2.6617201043066237E-4,1.0978056979994193E-4,1.1432920042913367E-4,1.4705948552539843E-4,6.335139608491159E-4,1.0,8.725821147248926E-5,9.566857217420868E-4,1.2427399697303597E-4,0.0015496109285010808,0.0010116306209009102,1.513852072828404E-4,0.03579268046188048,0.0012772222945183554,0.001514752186093161,1.143750129106342E-4,1.0353430518779668E-4,9.802999672537875E-4,3.936146319538286E-5,0.0016785723955463157,1.1048207338060516E-4,1.4149018994201289E-4,2.4230129983081116E-4],[9.730133716391603E-5,2.0837934137687316E-4,1.2669516495177018E-5,2.5585912709596607E-4,7.529707430026307E-5,7.183650453372833E-5,0.0041507734645524555,1.538080595652193E-4,1.8576125130819887E-5,1.641293542207608E-5,5.5789953472190935E-5,1.0433569977569064E-5,1.498294087800558E-4,2.31539122576895E-5,1.354447137488727E-4,1.0187194910282458E-5,1.8586945321411076E-5,0.0023416030757553645,1.101518182403842E-5,8.029616872663308E-5,5.533449789222822E-5,1.79909209327888E-4,5.6120024068021865E-5,3.018679442164318E-5,3.475005682846579E-4,9.995469877205397E-5,8.725821147248926E-5,1.0,4.6225634730107296E-4,1.0342210336997643E-5,0.001614241050515568,6.212652430200217E-4,1.545830696757347E-5,0.029339608887760948,0.001989091496889507,0.002560676527060227,4.664287939067142E-5,1.0199393823824887E-5,8.34878163192258E-5,1.079741379473129E-5,0.015796086232177767,1.1327486870316908E-5,1.0087214197796298E-4,1.8337713796618972E-4],[4.8640067534073424E-4,8.213525148636111E-4,9.837805357426023E-4,0.0010370767214298664,8.419655146933328E-4,0.0011355038121726002,0.005151786248603808,7.015839944090051E-4,7.209408219971403E-4,5.9453331688208E-4,5.241329073019857E-4,4.252010598180944E-4,2.4614294944983844E-4,7.151332859650324E-4,7.123299674747896E-4,2.5734098719743224E-5,8.954030807016245E-4,0.002374338408720889,7.596750804294198E-5,1.9437461832928367E-4,5.364338326439222E-4,8.642671384951103E-4,3.422718112503791E-4,3.393036118302773E-4,0.001128817952616638,0.0013007752403972083,9.566857217420868E-4,4.6225634730107296E-4,1.0,7.063955240353985E-5,0.0018830033581460686,0.0010642369675770366,9.563665099522835E-4,0.005944349293695179,0.001205790511475385,0.0011912037258150412,9.676653562238722E-4,2.0794109080817934E-4,0.0011738000990612475,8.320399067399517E-4,0.029840488535765344,5.731618358418122E-4,6.913222537614264E-4,0.0010922185717982915],[8.552615910274558E-5,5.470264558469373E-5,1.2059084705138827E-5,4.4522852129301146E-4,6.52933619136384E-5,4.146499170368801E-4,0.009338365256009291,3.9222732903006294E-5,1.9049589529566623E-5,2.0867718269541855E-5,8.976884305461585E-5,1.1158085385109484E-5,5.6134996807977694E-5,2.068383211066504E-5,2.0347337232481466E-4,1.3608858961446302E-5,2.1248690081397445E-5,6.818885704237023E-4,1.1416494675938956E-5,1.1473271900213951E-4,9.033256725319876E-5,3.1401802328555995E-4,3.041391569720998E-5,3.672950859524924E-5,0.0012243992729568528,3.780176601289414E-4,1.2427399697303597E-4,1.0342210336997643E-5,7.063955240353985E-5,1.0,1.8267111372133235E-4,2.9389557487719545E-4,1.8073373316351486E-5,0.011132034142894622,9.838508172296968E-4,0.002218888732128468,8.759191668497323E-5,1.0982423023758613E-5,2.2791505901333063E-4,1.364604586832016E-5,0.012785122318608698,3.969947694775152E-5,2.6639562621493204E-5,0.0010732469322915752],[0.0021555536229942137,0.0023997551263388005,0.0015764152504183558,9.207333897945542E-4,0.0010822983769897378,0.0016257995231165607,0.004321141372441093,8.932115025895731E-4,7.791667938392884E-4,0.0017283692323298429,3.0495430061618865E-4,1.8701871726928057E-4,0.002116582799474517,6.226639788655434E-4,3.263627591727734E-4,0.0010475731039101994,0.0015872391844748502,0.0031418612066886,0.001552658899390786,8.625976164076686E-4,2.8267426450882463E-4,0.002583402514826286,0.0025789995102006576,0.002141380001703623,0.0014587783942478605,0.0019947465399156594,0.0015496109285010808,0.001614241050515568,0.0018830033581460686,1.8267111372133235E-4,1.0,0.0023818345354939636,0.0026639596693222387,0.018287768250643585,0.002715215089326576,0.0029125407917925884,0.0011359203168880847,0.0012567376554166322,0.002294462126968215,5.522928687212575E-4,0.031081729139100837,3.879821276592298E-4,0.002220711885029,0.0012132459479547407],[5.760710308863571E-4,7.254305387089791E-4,1.7168775602322583E-4,9.022161282344751E-4,1.8438945987856012E-4,0.0011826342865668548,0.008878250520001074,6.033842909525848E-4,5.227550061017048E-4,7.808236845950156E-4,7.07486721520236E-4,4.5145330809878974E-4,3.5962950846136674E-4,2.8227358309769446E-4,4.222565744737085E-4,8.865698524335228E-4,7.90001364450604E-4,0.0035177731711854227,0.0010675723332828355,3.0509780473277905E-4,6.563064402928417E-4,8.756520264361336E-4,4.0905530894343135E-4,6.598295052408587E-4,0.0013033817258771585,0.0011369361499771011,0.0010116306209009102,6.212652430200217E-4,0.0010642369675770366,2.9389557487719545E-4,0.0023818345354939636,1.0,4.376943005376141E-4,0.0045045872722915895,0.0019597198285191235,0.002301259278672756,3.376053989404093E-4,5.1306323417702246E-5,0.0012210406830265213,5.620319688658498E-4,0.002727431296655109,1.48048870321089E-4,8.356729924755341E-4,0.001095987789380217],[1.4059919237639144E-4,2.185202602920943E-4,6.919331680483741E-5,3.525572417697045E-4,1.8267373333943432E-4,3.446043985564948E-4,0.009822163656837078,2.3400247687020286E-4,8.423452987598764E-5,3.024395064433411E-5,2.01196724193659E-4,3.126329568559691E-5,1.7839124333037188E-4,1.8128740490285707E-4,2.240831869316262E-4,1.4691106996654732E-4,1.1309389638207602E-4,0.0021761791419127696,5.024676969981028E-5,1.632979693288199E-4,1.8434077412154715E-4,1.909322883583861E-4,1.6573483171544354E-4,5.5073338936891275E-5,3.394404053158896E-4,8.92438471966076E-4,1.513852072828404E-4,1.545830696757347E-5,9.563665099522835E-4,1.8073373316351486E-5,0.0026639596693222387,4.376943005376141E-4,1.0,0.017528442795913146,0.0011023459956021938,6.798151039430799E-4,1.4243483793316595E-4,5.529658457644299E-5,0.0010172463200658149,7.307306122670068E-5,0.028755528422412645,5.6364962162123295E-5,1.578561688184307E-4,5.352717975854531E-4],[0.027863771134840502,0.019714484485997084,0.0019082152708754577,0.01813630213337716,0.0352530952036887,0.006580934578397786,0.021964972121775124,0.02370308514853108,0.0379036906412262,0.036971087642359055,0.023427890630007813,0.013160766593963126,0.011969740832276022,0.03630411509631365,0.02377130507271626,0.009764325025317341,0.029715579981234003,0.005778927321621423,0.022988253337867182,0.0076134855620406516,0.017943673325903922,0.010615767342682174,0.03538098631997889,0.02250544170496082,0.0125557332130072,0.00722814599924757,0.03579268046188048,0.029339608887760948,0.005944349293695179,0.011132034142894622,0.018287768250643585,0.0045045872722915895,0.017528442795913146,1.0,0.011202889729458147,0.0032794425039575307,0.014420719482447466,0.004897949808580796,0.03705840208153414,0.03743068583396366,0.034032407834052945,0.009970788876483078,0.019544069713191798,0.02595639323892932],[0.002812854552557281,0.0027962429833616152,9.250744088582963E-4,0.002745515234128552,0.00197236806050292,0.0028702778861486146,0.007493739952548649,0.0020079665461531218,2.8096422900595187E-4,0.0010322974613373376,6.865031697760699E-4,0.0010767150542141783,3.321664366039332E-4,0.0011604627366328093,5.464918182289916E-4,0.0015570173184533752,4.839614494192295E-4,0.0029211538635679555,5.779001281422079E-4,0.002057563530607684,0.002116102497918749,0.0023986397166419183,0.0024840863034261427,2.4366790956965618E-4,0.0019078308635334218,0.002184067487512054,0.0012772222945183554,0.001989091496889507,0.001205790511475385,9.838508172296968E-4,0.002715215089326576,0.0019597198285191235,0.0011023459956021938,0.011202889729458147,1.0,0.002934484155318396,3.678619357640019E-4,2.7233110162283727E-4,0.0027477423487415366,0.002743289506872758,0.02674205574549122,0.0010369943868724205,1.511657270924023E-4,0.002851021868020854],[0.0024765309865436764,0.00195280738519668,5.794561348187861E-4,7.235032807582312E-4,5.739435869421852E-4,0.0028042336248255088,0.004527209297929243,0.0026156729996504773,8.89282721833163E-5,9.905064703156995E-4,0.001457560998733138,4.082182240235105E-4,1.8711614520106984E-4,0.002389729341133418,8.117668586971852E-4,8.996685144503971E-4,0.0025804566837057384,0.0030581570656894688,0.0017958487240072958,0.002195920170415638,0.0014480040904191283,0.0010762171691596893,0.0017788881542539067,1.0108510042827174E-4,0.0018430956782596766,0.0014817610444978696,0.001514752186093161,0.002560676527060227,0.0011912037258150412,0.002218888732128468,0.0029125407917925884,0.002301259278672756,6.798151039430799E-4,0.0032794425039575307,0.002934484155318396,1.0,0.001283698214358745,0.0016563651345179351,0.0023753014026287878,0.001108312387393641,0.003226007401210342,0.0013204967798680094,0.002009024377881305,0.0019471290831960019],[1.0850041613310414E-4,1.3311778955914767E-4,5.577107209586295E-5,4.116226367822138E-4,1.021903293087425E-4,5.095155674653153E-4,0.0040083967024510956,2.4322490167470886E-4,4.867285240783101E-5,8.81853529287382E-5,1.65079526719119E-4,7.308254726685427E-5,1.3587673407401422E-4,6.32847224986091E-5,1.0856839557903429E-4,7.326316726777903E-5,4.8769822105589395E-5,0.001862862304995944,6.288854142173236E-5,1.3501055929964595E-4,1.0212820507583131E-4,1.7632017681639566E-4,9.161490582939296E-5,8.758436362673584E-5,7.874901302676971E-4,6.221486176998858E-4,1.143750129106342E-4,4.664287939067142E-5,9.676653562238722E-4,8.759191668497323E-5,0.0011359203168880847,3.376053989404093E-4,1.4243483793316595E-4,0.014420719482447466,3.678619357640019E-4,0.001283698214358745,1.0,4.027248192886797E-5,4.891674557828869E-4,2.8308661000986084E-5,0.013066877215034049,4.1284743935505903E-5,1.223722032435348E-4,8.593967788340732E-4],[1.1041793932134943E-4,1.7241567468827807E-4,2.9771988236874186E-5,2.2953389113249784E-4,6.0022671628697735E-5,4.515530190463468E-4,0.006756351704331522,2.5643805305138636E-4,1.4170945598238622E-5,1.3983888225074217E-5,2.034608485822926E-4,1.1150783938700081E-5,2.241329030681604E-5,1.3913919511895028E-5,1.5900632307362843E-4,1.2633285422164613E-5,2.0382287433595963E-5,0.0013573079416088504,1.1915749264610309E-5,4.347706093787034E-5,2.2241071747637677E-5,2.0727508429424493E-4,5.043711378135405E-5,4.138537760540909E-5,5.551099154198115E-4,8.841705234568676E-4,1.0353430518779668E-4,1.0199393823824887E-5,2.0794109080817934E-4,1.0982423023758613E-5,0.0012567376554166322,5.1306323417702246E-5,5.529658457644299E-5,0.004897949808580796,2.7233110162283727E-4,0.0016563651345179351,4.027248192886797E-5,1.0,3.6705647259603917E-4,1.2414949235931078E-5,0.007711507186344462,3.0934727744123995E-5,4.5377458362462267E-5,3.2073227025990826E-4],[0.0010098104713006748,0.0011356166583534751,9.713053301861179E-4,5.96447411922242E-4,2.5205983134634117E-4,0.0013197237713628003,0.00498800351777999,0.0010623306582662785,7.78828752718664E-4,0.001094423061633198,5.696754497636917E-4,0.0010156267154391777,4.0419903465756485E-4,5.248566896395343E-4,0.001325223779834817,2.9478784213675884E-4,4.5736575643102377E-4,0.003236727171757946,4.1943343330294196E-5,0.0010226966987828693,2.7591175815293924E-4,8.222586936151554E-4,0.0011943494515292163,1.226625351136887E-4,0.0013400701940274524,0.0013205827835605748,9.802999672537875E-4,8.34878163192258E-5,0.0011738000990612475,2.2791505901333063E-4,0.002294462126968215,0.0012210406830265213,0.0010172463200658149,0.03705840208153414,0.0027477423487415366,0.0023753014026287878,4.891674557828869E-4,3.6705647259603917E-4,1.0,2.2322079044825052E-4,0.022648551030265276,9.588954100576238E-4,2.7789858679632643E-4,0.0013192995112616464],[4.5361959472324E-5,1.27019366148313E-4,2.8222787593975892E-5,1.7579150501733973E-4,6.223491944377051E-5,0.0010534799242861892,0.008261477546033642,4.893373321681244E-4,1.6792759799976565E-5,1.9464460168178256E-5,1.1275103256482848E-4,1.301574922454004E-5,5.8657077642532036E-5,2.0103362162137553E-5,1.6666035735604607E-4,1.5168165104020356E-5,1.9238323513822432E-5,0.00190822591484511,1.4407988662725387E-5,8.495941088269722E-5,9.98994322604798E-5,3.0410944329779154E-4,3.545842264757743E-5,3.3864323024475054E-5,2.0716469922024453E-4,0.0010153286855188683,3.936146319538286E-5,1.079741379473129E-5,8.320399067399517E-4,1.364604586832016E-5,5.522928687212575E-4,5.620319688658498E-4,7.307306122670068E-5,0.03743068583396366,0.002743289506872758,0.001108312387393641,2.8308661000986084E-5,1.2414949235931078E-5,2.2322079044825052E-4,1.0,0.027349524633061728,2.078768571819779E-5,4.2621367334123586E-5,4.924299513131702E-4],[3.5180411714001524E-4,0.03072866190840634,0.013787846657602462,0.02952673229820616,0.004267630751947159,0.017372792970361765,0.022171828265003767,0.00814628918986091,0.020106820751108152,0.01814498215591288,0.006993909442820486,0.006045863040006886,0.025379626682562516,0.006407720314233999,0.016496956501720988,0.025618369653182184,0.029004529930261133,0.010499106181029845,0.025746561194602606,0.02381277013787735,0.014116634646299026,0.027232912158427835,0.0014680157594409503,0.014710654457802208,0.02062461696445718,0.01129800813603549,0.0016785723955463157,0.015796086232177767,0.029840488535765344,0.012785122318608698,0.031081729139100837,0.002727431296655109,0.028755528422412645,0.034032407834052945,0.02674205574549122,0.003226007401210342,0.013066877215034049,0.007711507186344462,0.022648551030265276,0.027349524633061728,1.0,0.02797810795245099,0.019120519609972172,0.007434632111404943],[8.897170267254932E-5,1.50070572603326E-4,3.406340645188591E-5,1.7904779409866207E-4,7.924435440161113E-5,0.001113870388693447,0.003908172939395702,4.4824570010888916E-4,3.191107514110909E-5,2.5123917013266347E-5,1.1192005621181476E-4,2.3826468426157975E-5,6.042395912551252E-5,3.884956712826554E-5,2.742970381840698E-4,1.8956239963268737E-5,3.264934764410769E-5,1.8699167740425252E-4,3.4398503526315104E-5,1.5697283050167875E-4,7.91220285876257E-5,1.1097650329124995E-4,4.939571480527312E-5,4.1969567480280416E-5,8.92687978147286E-4,4.739693032667457E-4,1.1048207338060516E-4,1.1327486870316908E-5,5.731618358418122E-4,3.969947694775152E-5,3.879821276592298E-4,1.48048870321089E-4,5.6364962162123295E-5,0.009970788876483078,0.0010369943868724205,0.0013204967798680094,4.1284743935505903E-5,3.0934727744123995E-5,9.588954100576238E-4,2.078768571819779E-5,0.02797810795245099,1.0,6.43024359236432E-5,2.9301759377774823E-4],[1.3714997848386727E-4,2.3377433892206577E-4,1.3200841031401605E-4,2.7279521071081896E-4,1.26089807879857E-4,6.268792407926788E-4,3.711373483876602E-4,1.9661979329376242E-4,2.6367074966963782E-5,7.81560782923545E-5,2.2240551417214817E-4,1.2508522828654286E-5,1.603785799413811E-4,1.0252161145442735E-4,1.8230240531048075E-4,1.1663480354479186E-4,1.0281146914215893E-4,5.078071994596079E-4,6.0059860909219546E-5,1.5406630214694148E-4,1.058590827761972E-4,2.7793287124507895E-4,1.3381099952613118E-4,5.775929748309812E-5,0.001024451567414214,8.492352901796945E-4,1.4149018994201289E-4,1.0087214197796298E-4,6.913222537614264E-4,2.6639562621493204E-5,0.002220711885029,8.356729924755341E-4,1.578561688184307E-4,0.019544069713191798,1.511657270924023E-4,0.002009024377881305,1.223722032435348E-4,4.5377458362462267E-5,2.7789858679632643E-4,4.2621367334123586E-5,0.019120519609972172,6.43024359236432E-5,1.0,7.012893425721486E-4],[3.429856017862707E-4,5.755119820844043E-4,6.153072053463689E-4,0.0010320738583675527,9.315537539735993E-4,0.0011699532208475582,0.00778477996575216,7.364854178036411E-4,8.033276260597122E-4,2.0199679632144414E-4,6.277425921177503E-4,9.5171483770