[[1.0,0.01857093019825972,7.461792925123791E-4,0.0023739915236956526,0.002141768669639482,0.0010317519309193924,0.0021953896722289095,5.072856583379683E-4,2.239721363243108E-4,8.931328978896204E-4,0.0010441056474290904,7.341657954040837E-4,0.002134325744890305,0.002599859452160226,0.0019803900353580245,6.039620077002118E-4,0.0032595833935085156,0.0016138649640535978,0.007779058539094487,0.002121880715007284,8.963085128306345E-4,0.0013815244476989529,8.344343476663433E-4,0.001890194695012752,0.0013090310858888449,0.0010658069327519185,0.0016420967617915316,3.6139127979240634E-4,0.0042658096302111825,0.012952703654653099,0.0021327808933512796,0.0016067742548185762,5.955627490077667E-4,1.910910838211027E-4,9.283282900149083E-4,0.001793425854493305,0.001673565134023806,0.011486138134780575,0.049588235036787956,0.001599069931851381,0.001321906206672385,0.002888337054248967,0.01313722700098889,0.004332761590884682,0.0018244839470064607],[0.01857093019825972,1.0,0.016180294499243967,0.002817072024109521,0.023581915705711328,0.03194031696782862,0.027576099652318213,0.018591960850028347,0.016895832879770294,0.02426290997734784,0.02790359448194467,0.031923645469356325,0.006933921944207566,0.014033359290209126,0.029263348417375958,0.022419075696340936,0.017093371434487085,0.026948275705538958,0.02781570274347843,0.010975994182785153,0.0082513901428588,0.015397439334951996,0.0050062443183472825,0.01790898698999667,0.006963321170265407,0.029885196660764834,0.023806117476373238,0.0038225326055486325,0.033216826331632344,0.01725907963259282,0.004471077091477723,0.02610420506515023,0.024906656054225682,0.012897187922011541,0.01676403454710733,0.0205705436585134,0.020839016440516726,0.023971950714057375,0.04388506288317136,0.006829251860003357,0.021712365580989882,0.004156431941603096,0.02953035356424405,0.03311937707326911,0.034263878508067766],[7.461792925123791E-4,0.016180294499243967,1.0,0.0016677856725216635,0.00122378524648809,1.8167200497721256E-4,0.0017176655362936154,8.515967090714352E-5,1.5647668963209946E-4,2.069458089526465E-4,2.4892016998983067E-4,1.591494332598873E-4,0.0016263821115768246,0.002449051655881746,3.45283258626497E-4,1.802667012695917E-4,0.005856198737022796,1.5329097367734566E-4,0.0060024992401647,8.317035998936853E-4,1.7538325986695303E-4,0.0012972279979575898,2.0758505935002748E-4,8.057061829586276E-4,7.765209531558428E-4,2.9304524716130994E-5,4.295054945761848E-4,1.5553127733073722E-4,0.0011624366495970847,0.002849384859802889,8.611139817878467E-4,2.7614260101800506E-4,1.9087091521355324E-4,9.116449851403175E-5,4.649260011907915E-5,1.900095513968788E-4,5.945128098849605E-4,0.005957010319580188,0.05545748503236702,1.8963985516593003E-4,5.330420785957947E-4,6.896896369580695E-4,0.005025426124163268,0.0016923774035456473,4.532802440007292E-4],[0.0023739915236956526,0.002817072024109521,0.0016677856725216635,1.0,0.0022154118267409297,0.0026243222173122733,0.0024064664145791,0.0025792636624488575,0.0014272012475021764,6.141462123194808E-4,0.0018780888426260418,0.0016845160607899766,0.0025642515868815035,0.003084626645024275,0.0022222649645908376,0.0010768840584837363,0.0027328750443454675,2.615076214580631E-4,0.003735761612939436,0.001223449188804487,0.0010776080867126003,0.0023080572993242486,7.156077888940306E-4,0.001964153755239339,0.001184992251339552,0.0024800623374320986,0.0022831690862470657,0.0020460006651202766,0.004285314477164339,0.008957985901798457,0.002540579116212872,0.002171900046427323,3.2850162533525204E-4,0.0017307184725650112,0.0013502340371336886,0.0015609577716101557,0.002498459343506832,0.012081509512832446,0.008409641798583615,7.373460792057107E-4,0.001962221114267305,0.0035224130772210436,0.008265613837241823,0.02215182813921399,0.0021413164046192932],[0.002141768669639482,0.023581915705711328,0.00122378524648809,0.0022154118267409297,1.0,0.0014275046662459634,0.0021993467163235196,0.0016402247651251466,3.736036198119209E-4,0.0019785785552439163,0.0017395793848151704,2.616109735671018E-4,0.002154765385340684,0.0030313339693992716,0.002082951530368995,0.0011613775079450564,0.005493560348613187,2.2001170652990014E-4,0.0075640254685952245,0.0016777268189281753,0.0019802032628952137,0.0016759640324218103,1.8899577748871565E-4,0.0017098738869875873,0.0014390354215369058,0.0021424344595063058,0.0018439539666447527,4.869533251992476E-4,0.0028037350069333145,0.004823822673484236,0.002160784855716609,0.0015853909656062218,0.001962380549156129,4.933341473468148E-4,7.272821239671748E-4,1.9046060426680268E-4,0.00193894418845464,0.002601013898114212,0.02823393380991567,4.633811849962773E-4,0.0013091001065181484,0.003061015432056071,0.008183194439496437,0.0055885377167336076,0.001753871104404376],[0.0010317519309193924,0.03194031696782862,1.8167200497721256E-4,0.0026243222173122733,0.0014275046662459634,1.0,0.002210028181837644,9.404302555596284E-5,1.3553399480614349E-4,1.8138896653042253E-4,2.1419012315595604E-4,1.714943681057695E-4,5.80029916771474E-4,0.0015280154856067143,0.0017651349342906104,1.3525038362644244E-4,0.001990340186734535,1.752945962821288E-4,0.005994029483005102,5.901942752707913E-4,5.857962257523039E-5,4.2924103147480607E-4,1.2556397562297247E-4,9.379907784575307E-4,0.001073624640612739,1.3127878503026822E-4,7.442281725566006E-4,1.7708901821410008E-4,0.0042503148225228075,0.010171367460596294,0.001027018922608754,8.540345205570385E-4,1.8110542897418715E-4,1.3085207622185802E-4,4.740551843541292E-5,1.4035833933241892E-4,6.97624361413523E-4,0.010590135469633973,0.019402972404458943,1.2297245367912677E-4,6.852844988174157E-4,0.0020116542124989953,0.007877329834546344,0.01854363887294888,4.6292686253322904E-4],[0.0021953896722289095,0.027576099652318213,0.0017176655362936154,0.0024064664145791,0.0021993467163235196,0.002210028181837644,1.0,0.0016497598997730744,0.0010517187965271885,0.001188680451963546,0.0014668851828560318,9.431332685521073E-4,0.0021409859014708053,0.0030562460848713303,0.0020281495448104475,2.792112933396895E-4,0.00460945858109206,8.037288704421588E-4,0.004643844844528983,0.0013636611437460667,0.002132911647700092,0.0021944712739479138,0.0011335690521396974,0.0019759172372492825,0.0019422551700869037,6.537640606210595E-4,0.002167701118582586,9.37944658697771E-4,0.005578459595043023,0.007678673195444302,0.0022160666577796737,0.001413434046824783,8.660483653725297E-4,0.0018206617104225829,0.0014613512578936978,6.228385541413044E-4,0.0013045600609866807,0.007740714256259919,0.011758823499183915,6.549056905053153E-4,0.001127749919240631,0.0027797942470353825,0.008578771523341229,0.006444082276858117,6.444877625874488E-4],[5.072856583379683E-4,0.018591960850028347,8.515967090714352E-5,0.0025792636624488575,0.0016402247651251466,9.404302555596284E-5,0.0016497598997730744,1.0,1.047344309702291E-4,9.440826652173628E-5,2.0950514129581434E-4,5.141757242350953E-5,4.849233469103057E-4,0.002587208599605098,0.0014903589130106278,1.0701611735165975E-4,0.0026611981883167077,5.322731180431832E-5,0.0049658566867749245,5.214897074747842E-4,4.475405140852907E-5,0.001007577997173722,1.0677561992514887E-4,0.0012112516374072604,2.802471538306217E-4,2.3337916838212674E-5,6.16802046495401E-4,1.2801801482654137E-4,0.00500038864554374,0.01293322852500034,5.289417168522609E-4,3.405388365690028E-4,6.745109490526746E-5,5.648769658290014E-5,2.4459329770303062E-5,2.2599648829686235E-5,8.790842538584471E-5,0.008189690960426935,0.04927257257859576,7.183891716283191E-5,5.6651256634228E-4,0.0010981313963620964,0.0011383841088455477,0.002955415507033815,1.0985071677686737E-4],[2.239721363243108E-4,0.016895832879770294,1.5647668963209946E-4,0.0014272012475021764,3.736036198119209E-4,1.3553399480614349E-4,0.0010517187965271885,1.047344309702291E-4,1.0,1.1940992410719126E-4,2.0994199680658785E-4,9.026261647704607E-5,7.272959533118809E-4,6.481076716890217E-4,5.69109251920637E-4,1.1155115738340239E-4,0.005100710236013249,1.0286697002980441E-4,0.00792538518795035,1.26492356934392E-4,8.91013921793621E-5,1.3683219629746971E-4,1.1930415732730239E-4,0.001513386927812186,5.798215741874681E-4,7.22782636170427E-5,9.529512721385003E-4,1.2790800309945573E-4,0.00496480036728977,0.008367630609243365,8.525133535607349E-4,5.505495994174627E-4,1.4421200070302757E-4,8.8338646848586E-5,4.637783880531125E-5,7.211826865041745E-5,8.807120097580032E-4,0.004006118699181794,0.03273037704755961,1.0359482626953184E-4,2.020209947490664E-4,0.0032122391587834707,0.006090478755207309,0.023395363511271798,2.017975208436903E-4],[8.931328978896204E-4,0.02426290997734784,2.069458089526465E-4,6.141462123194808E-4,0.0019785785552439163,1.8138896653042253E-4,0.001188680451963546,9.440826652173628E-5,1.1940992410719126E-4,1.0,2.1520827886071012E-4,1.9322179597909642E-4,3.969306838982218E-4,0.001482504326147624,6.780815901932532E-4,1.2127558090102086E-4,0.0021287566276191197,1.7882224753859875E-4,0.008739945897212836,8.43705601736433E-4,1.7784211197603915E-5,2.742845034424947E-4,1.2899577584782492E-4,0.001231087691308242,0.0010338252459898766,2.0725339591011103E-5,7.52755126914448E-4,1.3503163154866257E-4,3.1403289084195186E-4,0.0050956844083485916,0.0015099898508043016,0.001002733925712236,2.0257685094199638E-4,1.7219133686714426E-4,1.4622612498591965E-4,1.824912308175055E-4,6.871584547963092E-4,0.010497617117869208,0.05361671154186889,1.3209645019378612E-4,7.235847130105983E-4,0.0011254397332288557,0.0019101755510363644,0.002412841670559113,3.479268808813488E-4],[0.0010441056474290904,0.02790359448194467,2.4892016998983067E-4,0.0018780888426260418,0.0017395793848151704,2.1419012315595604E-4,0.0014668851828560318,2.0950514129581434E-4,2.0994199680658785E-4,2.1520827886071012E-4,1.0,2.451169322513862E-4,0.001683391048681323,0.00247020940729875,0.0017968319996860107,1.8046687495275055E-4,0.0025888643864627747,1.2123568529585451E-4,0.007652611570499626,7.331549453711375E-4,3.4451857268340394E-5,5.606994635163854E-4,1.998373025846113E-4,5.65431168344682E-4,5.806907285444247E-4,1.842941026042301E-4,5.583397230905409E-4,1.9070924900251322E-4,0.004794002510049238,0.0037024741236773013,0.0011490148343739695,0.0011329294178462502,2.258786920723618E-4,2.1237033510528014E-4,4.606704752227441E-5,1.7134570274117387E-4,2.747395695396388E-4,0.0011996158426478497,0.014061805983886887,2.1368098737219057E-4,5.641115613024371E-4,0.0017834508344035183,0.0023498034601479338,0.014143674429602281,4.156843525444063E-4],[7.341657954040837E-4,0.031923645469356325,1.591494332598873E-4,0.0016845160607899766,2.616109735671018E-4,1.714943681057695E-4,9.431332685521073E-4,5.141757242350953E-5,9.026261647704607E-5,1.9322179597909642E-4,2.451169322513862E-4,1.0,0.0018495868899790306,0.0029122637189512544,0.0018049412961240253,5.373795599825648E-5,0.0029217019073096854,5.148516911540706E-5,0.002508781914168286,2.552930269934411E-4,3.496471198136253E-5,0.0012901018361475335,7.67336908215127E-5,2.419755206998285E-4,5.000125261617741E-4,3.960551454690596E-5,1.0054035846431202E-4,9.481635158240331E-5,0.0026703083557300246,0.011514501411435177,9.454839141929914E-5,8.115228819646751E-4,6.664024255616948E-5,6.157457752262703E-5,3.793988797482494E-5,2.6402356031912186E-5,8.507753838075025E-4,3.022683776179832E-4,0.041329357774725635,5.0587019260186865E-5,6.261288671330873E-4,0.002940199801393888,0.009438746633198922,0.012337312974746497,1.0256846900651322E-4],[0.002134325744890305,0.006933921944207566,0.0016263821115768246,0.0025642515868815035,0.002154765385340684,5.80029916771474E-4,0.0021409859014708053,4.849233469103057E-4,7.272959533118809E-4,3.969306838982218E-4,0.001683391048681323,0.0018495868899790306,1.0,0.002415407965573284,0.002067827530177668,4.6626189519281727E-4,0.0026185940931171465,9.28966575483401E-4,0.0057765490805131384,0.0013177718887598241,8.602230344283987E-4,0.0017570647275285886,4.4487465790192293E-4,0.001903392447737018,0.001191744810024648,2.266759904959435E-4,0.0020256957949287765,0.001644512148226452,0.005015535520528969,0.007018295994742619,0.002184935805659388,0.0016686251349572931,4.337849630434576E-4,0.0010320939435718274,0.0017502520026541955,5.218687918113912E-4,0.0013861428575801136,0.003358242883827951,0.015244848644829171,7.897840666259812E-4,0.0020247740597953007,0.0024809847803257757,0.0035093843000960816,0.012235571880904746,7.02127223771817E-4],[0.002599859452160226,0.014033359290209126,0.002449051655881746,0.003084626645024275,0.0030313339693992716,0.0015280154856067143,0.0030562460848713303,0.002587208599605098,6.481076716890217E-4,0.001482504326147624,0.00247020940729875,0.0029122637189512544,0.002415407965573284,1.0,0.0021090653764606476,0.0017300049371073783,0.0051255506381794715,1.0443727911239398E-4,0.009635300544455284,0.002546963733116966,0.0017487343761139905,0.001878769939789539,4.054635823477621E-4,0.002776876412171232,0.0024062364196048994,4.910060204637054E-4,0.002025841658668866,0.0014427911664560036,0.004887702302580785,0.008346177036224096,0.002544427471060666,0.0019102313445803314,0.0030596039783768,1.7009616596137594E-4,6.881938446863364E-4,0.0015338642334271591,0.0014459083957318413,0.007497690877795003,0.046661845693774,0.002422948448722774,0.0011459947107466356,0.0031484124031645896,0.013682829113973515,0.004381719875791977,0.0026539065315686174],[0.0019803900353580245,0.029263348417375958,3.45283258626497E-4,0.0022222649645908376,0.002082951530368995,0.0017651349342906104,0.0020281495448104475,0.0014903589130106278,5.69109251920637E-4,6.780815901932532E-4,0.0017968319996860107,0.0018049412961240253,0.002067827530177668,0.0021090653764606476,1.0,0.0015740704004295629,0.005788940222606943,0.001606135892876457,0.0020845357899833988,0.001693000240121354,5.906655019821396E-4,0.0013973368384972268,3.139983161883214E-4,0.0017785995467316012,0.0012908163171979367,1.2859473514143972E-4,0.0017375446607483416,4.98574802885217E-4,0.0022735255444902565,0.0052555868932048335,0.0020375453193351004,0.0012794086423975684,0.0018124330181821112,0.0015623013710205358,7.541949887541394E-4,0.0014210528428783792,0.0013122590455724678,0.0072300216732466005,0.05041698320117101,5.26807732662394E-4,0.0017892642254063477,0.0029606734426835526,0.006191968163632863,0.010659975962676402,0.0016248394465215202],[6.039620077002118E-4,0.022419075696340936,1.802667012695917E-4,0.0010768840584837363,0.0011613775079450564,1.3525038362644244E-4,2.792112933396895E-4,1.0701611735165975E-4,1.1155115738340239E-4,1.2127558090102086E-4,1.8046687495275055E-4,5.373795599825648E-5,4.6626189519281727E-4,0.0017300049371073783,0.0015740704004295629,1.0,0.0013666109968063348,9.88564198385903E-5,0.002778991215069579,1.3331667692844046E-4,6.559366048654048E-5,0.0011307528633705945,1.1217937607237623E-4,6.883110025104524E-4,8.490723986341018E-4,1.6368931887042494E-5,1.2993681543083428E-4,1.211260869038577E-4,0.0012221876909782974,0.006026869314536402,0.0014258718815384121,6.80251916180774E-4,1.8270293611702008E-4,8.88243172481112E-5,9.823658424792104E-5,7.040069480396618E-5,7.81404725270121E-4,0.010976572788327168,0.03857590607485582,1.0271402846729399E-4,8.246906711739684E-4,0.0026180394288614467,0.0034507043498269727,0.00904252508019998,3.1860212137652886E-4],[0.0032595833935085156,0.017093371434487085,0.005856198737022796,0.0027328750443454675,0.005493560348613187,0.001990340186734535,0.00460945858109206,0.0026611981883167077,0.005100710236013249,0.0021287566276191197,0.0025888643864627747,0.0029217019073096854,0.0026185940931171465,0.0051255506381794715,0.005788940222606943,0.0013666109968063348,1.0,0.0017302157410113486,0.008683356424231946,0.0014424811333828003,0.004331882645966211,0.005897715683961987,0.004909182688859699,0.0043870168382420145,0.003987585984547716,4.4447013299208705E-4,0.0029355150370106186,0.004419128245515117,0.005858692720808717,0.011737787890417562,0.002913230667327499,0.005763329037070644,0.005080754507399408,0.002080476961990197,0.0030700347981070914,0.001671471217526275,0.001385760689710917,0.011101591074571905,0.02193759947074812,0.0055210009754795624,0.0034614295660693514,0.003868827345559342,0.011105163358720402,0.019488892394465038,0.005736022884058568],[0.0016138649640535978,0.026948275705538958,1.5329097367734566E-4,2.615076214580631E-4,2.2001170652990014E-4,1.752945962821288E-4,8.037288704421588E-4,5.322731180431832E-5,1.0286697002980441E-4,1.7882224753859875E-4,1.2123568529585451E-4,5.148516911540706E-5,9.28966575483401E-4,1.0443727911239398E-4,0.001606135892876457,9.88564198385903E-5,0.0017302157410113486,1.0,0.010963267600876727,4.940666464634485E-4,3.1257656778245697E-5,5.475464866685467E-4,9.545283031859962E-5,0.0012223050664907807,8.152797983392278E-4,2.2350036244187564E-5,4.513489429984874E-4,8.508592949862836E-5,6.712372021156394E-4,0.00632186578945549,0.0017481096231772857,8.906381099318451E-4,1.3720347700903814E-4,6.661453833767643E-5,1.825950216307539E-5,4.4316679197874836E-5,3.1495146646554165E-4,0.006832727057313705,0.017917125038245028,8.816762455126818E-5,7.688824810387963E-4,0.002774861030618086,0.013025413110254704,0.004282225212940614,3.0165133272724165E-4],[0.007779058539094487,0.02781570274347843,0.0060024992401647,0.003735761612939436,0.0075640254685952245,0.005994029483005102,0.004643844844528983,0.0049658566867749245,0.00792538518795035,0.008739945897212836,0.007652611570499626,0.002508781914168286,0.0057765490805131384,0.009635300544455284,0.0020845357899833988,0.002778991215069579,0.008683356424231946,0.010963267600876727,1.0,0.005846282714445435,0.005131690295509206,0.009641762111998489,0.007938357044491792,0.004916772895045958,0.005697256260323439,2.1049588792141377E-4,0.0033072394687454054,0.0035480637877295393,0.010707521048914814,0.012932898013609575,0.010223172344422332,0.01069829508782099,0.010366308675674934,0.00959455606668901,0.007887301269646924,0.0022633682995903503,0.0036372594161434213,0.011602189521560526,0.021886772570222805,0.005233615512053508,0.010103177960634233,0.008192389331082808,0.012533278677319858,0.013636365585909685,0.006715196447875586],[0.002121880715007284,0.010975994182785153,8.317035998936853E-4,0.001223449188804487,0.0016777268189281753,5.901942752707913E-4,0.0013636611437460667,5.214897074747842E-4,1.26492356934392E-4,8.43705601736433E-4,7.331549453711375E-4,2.552930269934411E-4,0.0013177718887598241,0.002546963733116966,0.001693000240121354,1.3331667692844046E-4,0.0014424811333828003,4.940666464634485E-4,0.005846282714445435,1.0,3.407576294417939E-4,0.0012994468570391685,8.979168183863373E-4,0.001458735971863429,0.0011511138300823003,0.0011307360267737044,0.001514619075591316,4.2300014810310355E-4,0.004201499704535916,0.003142157433451347,0.0016110314772950097,0.0011504793582162143,0.001146667935848426,8.002820763945869E-4,7.148051925091217E-4,0.001039176492643696,0.0011698575695426,0.006987324911042949,0.03383566793170794,2.6987918452808384E-4,0.0010952235089209737,0.0035519535456082422,0.011743864284178849,0.010387271541055286,0.0010904548750101184],[8.963085128306345E-4,0.0082513901428588,1.7538325986695303E-4,0.0010776080867126003,0.0019802032628952137,5.857962257523039E-5,0.002132911647700092,4.475405140852907E-5,8.91013921793621E-5,1.7784211197603915E-5,3.4451857268340394E-5,3.496471198136253E-5,8.602230344283987E-4,0.0017487343761139905,5.906655019821396E-4,6.559366048654048E-5,0.004331882645966211,3.1257656778245697E-5,0.005131690295509206,3.407576294417939E-4,1.0,9.924030285132525E-4,4.344508367286964E-5,3.0643415400335327E-4,5.041512413461623E-4,1.5197000302359102E-5,3.206555403479455E-4,1.0674096443303723E-4,6.76591472581535E-4,0.0073028278196329965,3.9622091794721273E-4,1.9820061698750858E-5,4.424347863767102E-5,3.3147142869108416E-5,1.6083368635382638E-5,1.794493741948518E-5,3.3622335030659983E-4,0.006320057904153737,0.02528502711144873,3.1381678651853305E-5,2.4092085580054438E-4,0.003285954593839491,0.01019580898855786,0.024830635253511688,1.8492391067155247E-4],[0.0013815244476989529,0.015397439334951996,0.0012972279979575898,0.0023080572993242486,0.0016759640324218103,4.2924103147480607E-4,0.0021944712739479138,0.001007577997173722,1.3683219629746971E-4,2.742845034424947E-4,5.606994635163854E-4,0.0012901018361475335,0.0017570647275285886,0.001878769939789539,0.0013973368384972268,0.0011307528633705945,0.005897715683961987,5.475464866685467E-4,0.009641762111998489,0.0012994468570391685,9.924030285132525E-4,1.0,5.334034155304824E-4,0.0016136897854556465,0.0012260816033716794,8.154971779953895E-4,0.0013748190992254636,9.770889334824195E-4,0.003321896242986047,0.010554529505994396,0.0014340400734701398,0.0011967111179478625,5.232770559320224E-4,8.685079794768847E-5,5.864210353008396E-4,5.333397995397821E-4,0.0012750862795973801,0.011454505406059877,0.05445708138392286,6.852149255417455E-4,0.0013221223394031306,0.0014383631470360324,0.010027939700174671,0.01093059704144024,9.209669341815176E-4],[8.344343476663433E-4,0.0050062443183472825,2.0758505935002748E-4,7.156077888940306E-4,1.8899577748871565E-4,1.2556397562297247E-4,0.0011335690521396974,1.0677561992514887E-4,1.1930415732730239E-4,1.2899577584782492E-4,1.998373025846113E-4,7.67336908215127E-5,4.4487465790192293E-4,4.054635823477621E-4,3.139983161883214E-4,1.1217937607237623E-4,0.004909182688859699,9.545283031859962E-5,0.007938357044491792,8.979168183863373E-4,4.344508367286964E-5,5.334034155304824E-4,1.0,5.72024911291358E-4,7.074787809438203E-4,9.21741351890205E-5,4.145089805419579E-4,1.2617286810654428E-4,0.004128056239297582,0.005365745989390769,8.525387954092502E-4,1.6465194220244536E-4,1.4761305962052618E-4,8.522925061388576E-5,1.1931992749156084E-4,6.824806959269939E-5,0.0010525939687851885,0.009409198703987494,1.7777567092404416E-4,1.1075283541701315E-4,6.79244498462535E-4,1.5190578002554478E-4,0.0017586370935680638,0.024925111320421554,2.3807035916255262E-4],[0.001890194695012752,0.01790898698999667,8.057061829586276E-4,0.001964153755239339,0.0017098738869875873,9.379907784575307E-4,0.0019759172372492825,0.0012112516374072604,0.001513386927812186,0.001231087691308242,5.65431168344682E-4,2.419755206998285E-4,0.001903392447737018,0.002776876412171232,0.0017785995467316012,6.883110025104524E-4,0.0043870168382420145,0.0012223050664907807,0.004916772895045958,0.001458735971863429,3.0643415400335327E-4,0.0016136897854556465,5.72024911291358E-4,1.0,0.001346369854314396,3.875450904691255E-4,0.0016885012237284082,9.833543675013556E-4,0.003505160399713928,0.0036173821214512776,0.0018768088631467379,0.0013007155684755763,4.98022123186331E-4,3.820419089288261E-4,7.338233308869695E-4,8.237918631229136E-4,0.001367560802541667,0.011906831965510461,0.015559044804803758,0.0014718436273834783,0.0013499128290671357,0.0032891330087487297,0.008776489032479549,0.007584043314501329,0.0016561525887842043],[0.0013090310858888449,0.006963321170265407,7.765209531558428E-4,0.001184992251339552,0.0014390354215369058,0.001073624640612739,0.0019422551700869037,2.802471538306217E-4,5.798215741874681E-4,0.0010338252459898766,5.806907285444247E-4,5.000125261617741E-4,0.001191744810024648,0.0024062364196048994,0.0012908163171979367,8.490723986341018E-4,0.003987585984547716,8.152797983392278E-4,0.005697256260323439,0.0011511138300823003,5.041512413461623E-4,0.0012260816033716794,7.074787809438203E-4,0.001346369854314396,1.0,0.0010266630838725618,0.001253967954835128,9.93640294814231E-4,0.0010934475431340054,0.012383096968158515,0.0021614004451309815,0.0010878372117275005,2.1337248188741417E-4,2.7144526366575594E-4,3.3053246588372876E-4,0.0010261684114880219,0.001094507540395261,0.009932223232682842,0.017225644955191306,3.509161852317039E-4,0.0010909387173273675,0.0024928591295940977,0.0013633874398909637,0.015192906625164086,9.008955449065488E-4],[0.0010658069327519185,0.029885196660764834,2.9304524716130994E-5,0.0024800623374320986,0.0021424344595063058,1.3127878503026822E-4,6.537640606210595E-4,2.3337916838212674E-5,7.22782636170427E-5,2.0725339591011103E-5,1.842941026042301E-4,3.960551454690596E-5,2.266759904959435E-4,4.910060204637054E-4,1.2859473514143972E-4,1.6368931887042494E-5,4.4447013299208705E-4,2.2350036244187564E-5,2.1049588792141377E-4,0.0011307360267737044,1.5197000302359102E-5,8.154971779953895E-4,9.21741351890205E-5,3.875450904691255E-4,0.0010266630838725618,1.0,4.854588794205157E-4,8.104426854503317E-5,0.0035825763829406554,0.00711519326437601,5.741668273140503E-5,1.8644293078246381E-4,1.7814751065345182E-4,2.383704199027669E-5,1.4752811868270593E-5,1.5008284859198388E-5,8.9852421767807E-4,9.173520650693292E-4,0.036830123550846625,5.304208593282437E-5,2.4200737434402835E-4,0.0014852632962662406,0.014435034740726368,0.013259872306888933,2.737004340178991E-4],[0.0016420967617915316,0.023806117476373238,4.295054945761848E-4,0.0022831690862470657,0.0018439539666447527,7.442281725566006E-4,0.002167701118582586,6.16802046495401E-4,9.529512721385003E-4,7.52755126914448E-4,5.583397230905409E-4,1.0054035846431202E-4,0.0020256957949287765,0.002025841658668866,0.0017375446607483416,1.2993681543083428E-4,0.0029355150370106186,4.513489429984874E-4,0.0033072394687454054,0.001514619075591316,3.206555403479455E-4,0.0013748190992254636,4.145089805419579E-4,0.0016885012237284082,0.001253967954835128,4.854588794205157E-4,1.0,1.3628718123644685E-4,0.0023493231760243092,0.004639345087175759,0.0016300100004137833,0.001236292048928329,6.732450385589305E-4,7.320484822025057E-4,7.005013762958502E-4,0.001455911296209723,0.0014775156129527725,0.008614039610827027,0.02754491845593844,9.869852678930757E-4,0.0015054523006485174,0.0032995430293474666,0.0045778832612653935,0.024645442752494837,8.336048111651078E-4],[3.6139127979240634E-4,0.0038225326055486325,1.5553127733073722E-4,0.0020460006651202766,4.869533251992476E-4,1.7708901821410008E-4,9.37944658697771E-4,1.2801801482654137E-4,1.2790800309945573E-4,1.3503163154866257E-4,1.9070924900251322E-4,9.481635158240331E-5,0.001644512148226452,0.0014427911664560036,4.98574802885217E-4,1.211260869038577E-4,0.004419128245515117,8.508592949862836E-5,0.0035480637877295393,4.2300014810310355E-4,1.0674096443303723E-4,9.770889334824195E-4,1.2617286810654428E-4,9.833543675013556E-4,9.93640294814231E-4,8.104426854503317E-5,1.3628718123644685E-4,1.0,0.0012472626996761517,0.0011055148971735895,0.0012783952331960062,3.208767059709639E-4,1.6057065562005335E-4,9.560490172505023E-5,3.361599259795301E-5,1.198076335306201E-4,7.094207465959009E-4,0.0056724907955612415,0.054321712504000204,1.1546988557813254E-4,3.4450767461742776E-4,0.002979511011933468,0.0013576889845902322,0.014287368019229148,2.60846788415164E-4],[0.0042658096302111825,0.033216826331632344,0.0011624366495970847,0.004285314477164339,0.0028037350069333145,0.0042503148225228075,0.005578459595043023,0.00500038864554374,0.00496480036728977,3.1403289084195186E-4,0.004794002510049238,0.0026703083557300246,0.005015535520528969,0.004887702302580785,0.0022735255444902565,0.0012221876909782974,0.005858692720808717,6.712372021156394E-4,0.010707521048914814,0.004201499704535916,6.76591472581535E-4,0.003321896242986047,0.004128056239297582,0.003505160399713928,0.0010934475431340054,0.0035825763829406554,0.0023493231760243092,0.0012472626996761517,1.0,0.010575213109400445,0.003906352911909713,0.004622093915347361,0.004909661082680337,0.0047921834199757775,0.001096824251172015,0.0031085102942745675,0.004445593586136142,0.006624192471283772,0.008152298035563088,0.004205255271252687,0.0013854843263555407,0.003962416311871348,0.008056562300414235,0.00925072944021884,0.004120386829222903],[0.012952703654653099,0.01725907963259282,0.002849384859802889,0.008957985901798457,0.004823822673484236,0.010171367460596294,0.007678673195444302,0.01293322852500034,0.008367630609243365,0.0050956844083485916,0.0037024741236773013,0.011514501411435177,0.007018295994742619,0.008346177036224096,0.0052555868932048335,0.006026869314536402,0.011737787890417562,0.00632186578945549,0.012932898013609575,0.003142157433451347,0.0073028278196329965,0.010554529505994396,0.005365745989390769,0.0036173821214512776,0.012383096968158515,0.00711519326437601,0.004639345087175759,0.0011055148971735895,0.010575213109400445,1.0,0.008500744279902168,0.007758170418088412,0.010978876352659967,0.0019098603294534246,0.009149821553206441,0.007795745792432234,0.009810434463696706,0.013251815295980745,0.025170656718933013,0.01174807598501438,0.01205945836948152,0.007770693043373906,0.013594166934121722,0.01909977662004008,0.007626992463473566],[0.0021327808933512796,0.004471077091477723,8.611139817878467E-4,0.002540579116212872,0.002160784855716609,0.001027018922608754,0.0022160666577796737,5.289417168522609E-4,8.525133535607349E-4,0.0015099898508043016,0.0011490148343739695,9.454839141929914E-5,0.002184935805659388,0.002544427471060666,0.0020375453193351004,0.0014258718815384121,0.002913230667327499,0.0017481096231772857,0.010223172344422332,0.0016110314772950097,3.9622091794721273E-4,0.0014340400734701398,8.525387954092502E-4,0.0018768088631467379,0.0021614004451309815,5.741668273140503E-5,0.0016300100004137833,0.0012783952331960062,0.003906352911909713,0.008500744279902168,1.0,0.0021014270127535993,0.0017031907005210282,6.760789047027484E-4,6.903886435557308E-4,6.758087528455097E-5,0.001203639369866481,0.012040407727394852,0.027429233933911987,0.001019924515026928,0.0020201506859629913,0.0029123254562332685,0.013809678826016013,0.01717421332674882,0.0012651669131203782],[0.0016067742548185762,0.02610420506515023,2.7614260101800506E-4,0.002171900046427323,0.0015853909656062218,8.540345205570385E-4,0.001413434046824783,3.405388365690028E-4,5.505495994174627E-4,0.001002733925712236,0.0011329294178462502,8.115228819646751E-4,0.0016686251349572931,0.0019102313445803314,0.0012794086423975684,6.80251916180774E-4,0.005763329037070644,8.906381099318451E-4,0.01069829508782099,0.0011504793582162143,1.9820061698750858E-5,0.0011967111179478625,1.6465194220244536E-4,0.0013007155684755763,0.0010878372117275005,1.8644293078246381E-4,0.001236292048928329,3.208767059709639E-4,0.004622093915347361,0.007758170418088412,0.0021014270127535993,1.0,2.5722680495583E-4,0.001115379954291763,2.4182330340148488E-4,9.595873705008565E-4,0.001120926045233498,0.011403951711055318,0.01795126447146877,9.421775361815426E-4,0.0011255515933209085,0.0031897237862998536,0.007486571104437727,0.017006386540093725,7.435734474236867E-4],[5.955627490077667E-4,0.024906656054225682,1.9087091521355324E-4,3.2850162533525204E-4,0.001962380549156129,1.8110542897418715E-4,8.660483653725297E-4,6.745109490526746E-5,1.4421200070302757E-4,2.0257685094199638E-4,2.258786920723618E-4,6.664024255616948E-5,4.337849630434576E-4,0.0030596039783768,0.0018124330181821112,1.8270293611702008E-4,0.005080754507399408,1.3720347700903814E-4,0.010366308675674934,0.001146667935848426,4.424347863767102E-5,5.232770559320224E-4,1.4761305962052618E-4,4.98022123186331E-4,2.1337248188741417E-4,1.7814751065345182E-4,6.732450385589305E-4,1.6057065562005335E-4,0.004909661082680337,0.010978876352659967,0.0017031907005210282,2.5722680495583E-4,1.0,1.4690024686399793E-4,1.30708964814029E-4,8.173210128210144E-5,5.261462791944771E-4,0.004430522849130737,0.02657178471796875,1.6496017889011647E-4,0.001032888354951213,0.0036118126743911825,0.009047625276246895,0.003346083843345167,2.5222741387469384E-4],[1.910910838211027E-4,0.012897187922011541,9.116449851403175E-5,0.0017307184725650112,4.933341473468148E-4,1.3085207622185802E-4,0.0018206617104225829,5.648769658290014E-5,8.8338646848586E-5,1.7219133686714426E-4,2.1237033510528014E-4,6.157457752262703E-5,0.0010320939435718274,1.7009616596137594E-4,0.0015623013710205358,8.88243172481112E-5,0.002080476961990197,6.661453833767643E-5,0.00959455606668901,8.002820763945869E-4,3.3147142869108416E-5,8.685079794768847E-5,8.522925061388576E-5,3.820419089288261E-4,2.7144526366575594E-4,2.383704199027669E-5,7.320484822025057E-4,9.560490172505023E-5,0.0047921834199757775,0.0019098603294534246,6.760789047027484E-4,0.001115379954291763,1.4690024686399793E-4,1.0,3.335207454572064E-5,6.361743988009735E-5,2.494172945003334E-4,0.010550286604214027,0.029341513786472387,8.474949408864798E-5,1.8787870992620486E-4,9.735922704625745E-4,0.0015591357832600997,0.016697268647983897,3.689229675660808E-4],[9.283282900149083E-4,0.01676403454710733,4.649260011907915E-5,0.0013502340371336886,7.272821239671748E-4,4.740551843541292E-5,0.0014613512578936978,2.4459329770303062E-5,4.637783880531125E-5,1.4622612498591965E-4,4.606704752227441E-5,3.793988797482494E-5,0.0017502520026541955,6.881938446863364E-4,7.541949887541394E-4,9.823658424792104E-5,0.0030700347981070914,1.825950216307539E-5,0.007887301269646924,7.148051925091217E-4,1.6083368635382638E-5,5.864210353008396E-4,1.1931992749156084E-4,7.338233308869695E-4,3.3053246588372876E-4,1.4752811868270593E-5,7.005013762958502E-4,3.361599259795301E-5,0.001096824251172015,0.009149821553206441,6.903886435557308E-4,2.4182330340148488E-4,1.30708964814029E-4,3.335207454572064E-5,1.0,1.8813744603183596E-5,2.4652710714716548E-5,0.008153537391350173,0.0265481999544955,5.6312109771288344E-5,7.225428617719434E-4,0.0030626536311889737,0.013319472503384234,0.0034263657917597843,4.227593423329764E-4],[0.001793425854493305,0.0205705436585134,1.900095513968788E-4,0.0015609577716101557,1.9046060426680268E-4,1.4035833933241892E-4,6.228385541413044E-4,2.2599648829686235E-5,7.211826865041745E-5,1.824912308175055E-4,1.7134570274117387E-4,2.6402356031912186E-5,5.218687918113912E-4,0.0015338642334271591,0.0014210528428783792,7.040069480396618E-5,0.001671471217526275,4.4316679197874836E-5,0.0022633682995903503,0.001039176492643696,1.794493741948518E-5,5.333397995397821E-4,6.824806959269939E-5,8.237918631229136E-4,0.0010261684114880219,1.5008284859198388E-5,0.001455911296209723,1.198076335306201E-4,0.0031085102942745675,0.007795745792432234,6.758087528455097E-5,9.595873705008565E-4,8.173210128210144E-5,6.361743988009735E-5,1.8813744603183596E-5,1.0,7.709827622154508E-4,0.0036224886288486664,0.0466959694436909,5.870109921050631E-5,9.856594823987467E-4,0.0014510686791705872,0.0029324997730544875,0.0018410161425527537,1.9266139179041563E-4],[0.001673565134023806,0.020839016440516726,5.945128098849605E-4,0.002498459343506832,0.00193894418845464,6.97624361413523E-4,0.0013045600609866807,8.790842538584471E-5,8.807120097580032E-4,6.871584547963092E-4,2.747395695396388E-4,8.507753838075025E-4,0.0013861428575801136,0.0014459083957318413,0.0013122590455724678,7.81404725270121E-4,0.001385760689710917,3.1495146646554165E-4,0.0036372594161434213,0.0011698575695426,3.3622335030659983E-4,0.0012750862795973801,0.0010525939687851885,0.001367560802541667,0.001094507540395261,8.9852421767807E-4,0.0014775156129527725,7.094207465959009E-4,0.004445593586136142,0.009810434463696706,0.001203639369866481,0.001120926045233498,5.261462791944771E-4,2.494172945003334E-4,2.4652710714716548E-5,7.709827622154508E-4,1.0,0.004323261324752612,0.04886767244725521,5.375785756184983E-4,0.0011062905006151895,0.0019537310737001057,0.013080064494111325,0.012606983339022057,7.537770739021835E-4],[0.011486138134780575,0.023971950714057375,0.005957010319580188,0.012081509512832446,0.002601013898114212,0.010590135469633973,0.007740714256259919,0.008189690960426935,0.004006118699181794,0.010497617117869208,0.0011996158426478497,3.022683776179832E-4,0.003358242883827951,0.007497690877795003,0.0072300216732466005,0.010976572788327168,0.011101591074571905,0.006832727057313705,0.011602189521560526,0.006987324911042949,0.006320057904153737,0.011454505406059877,0.009409198703987494,0.011906831965510461,0.009932223232682842,9.173520650693292E-4,0.008614039610827027,0.0056724907955612415,0.006624192471283772,0.013251815295980745,0.012040407727394852,0.011403951711055318,0.004430522849130737,0.010550286604214027,0.008153537391350173,0.0036224886288486664,0.004323261324752612,1.0,0.049933898561639156,8.443785036789565E-4,0.009597996038917984,0.004149127723937749,0.014126394975426617,0.020321967741356285,0.007994032772715012],[0.049588235036787956,0.04388506288317136,0.05545748503236702,0.008409641798583615,0.02823393380991567,0.019402972404458943,0.011758823499183915,0.04927257257859576,0.03273037704755961,0.05361671154186889,0.014061805983886887,0.041329357774725635,0.015244848644829171,0.046661845693774,0.05041698320117101,0.03857590607485582,0.02193759947074812,0.017917125038245028,0.021886772570222805,0.03383566793170794,0.02528502711144873,0.05445708138392286,1.7777567092404416E-4,0.015559044804803758,0.017225644955191306,0.036830123550846625,0.02754491845593844,0.054321712504000204,0.008152298035563088,0.025170656718933013,0.027429233933911987,0.01795126447146877,0.02657178471796875,0.029341513786472387,0.0265481999544955,0.0466959694436909,0.04886767244725521,0.049933898561639156,1.0,0.04613734664988371,0.016084579731542367,0.0551014113732176,0.027848321476101556,0.03554895308369142,0.016514480878042297],[0.001599069931851381,0.006829251860003357,1.8963985516593003E-4,7.373460792057107E-4,4.633811849962773E-4,1.2297245367912677E-4,6.549056905053153E-4,7.183891716283191E-5,1.0359482626953184E-4,1.3209645019378612E-4,2.1368098737219057E-4,5.0587019260186865E-5,7.897840666259812E-4,0.002422948448722774,5.26807732662394E-4,1.0271402846729399E-4,0.0055210009754795624,8.816762455126818E-5,0.005233615512053508,2.6987918452808384E-4,3.1381678651853305E-5,6.852149255417455E-4,1.1075283541701315E-4,0.0014718436273834783,3.509161852317039E-4,5.304208593282437E-5,9.869852678930757E-4,1.1546988557813254E-4,0.004205255271252687,0.01174807598501438,0.001019924515026928,9.421775361815426E-4,1.6496017889011647E-4,8.474949408864798E-5,5.6312109771288344E-5,5.870109921050631E-5,5.375785756184983E-4,8.443785036789565E-4,0.04613734664988371,1.0,9.775279033189177E-4,0.0012951252892763204,0.01186348284389265,0.00643264855248025,2.720483557336621E-4],[0.001321906206672385,0.021712365580989882,5.330420785957947E-4,0.001962221114267305,0.0013091001065181484,6.852844988174157E-4,0.001127749919240631,5.6651256634228E-4,2.020209947490664E-4,7.235847130105983E-4,5.641115613024371E-4,6.261288671330873E-4,0.0020247740597953007,0.0011459947107466356,0.0017892642254063477,8.246906711739684E-4,0.0034614295660693514,7.688824810387963E-4,0.010103177960634233,0.0010952235089209737,2.4092085580054438E-4,0.0013221223394031306,6.79244498462535E-4,0.0013499128290671357,0.0010909387173273675,2.4200737434402835E-4,0.0015054523006485174,3.4450767461742776E-4,0.0013854843263555407,0.01205945836948152,0.0020201506859629913,0.0011255515933209085,0.001032888354951213,1.8787870992620486E-4,7.225428617719434E-4,9.856594823987467E-4,0.0011062905006151895,0.009597996038917984,0.016084579731542367,9.775279033189177E-4,1.0,0.0027701181298969177,0.00261599452517923,0.018821766630742788,6.956835986193023E-4],[0.002888337054248967,0.004156431941603096,6.896896369580695E-4,0.0035224130772210436,0.003061015432056071,0.0020116542124989953,0.0027797942470353825,0.0010981313963620964,0.0032122391587834707,0.0011254397332288557,0.0017834508344035183,0.002940199801393888,0.0024809847803257757,0.0031484124031645896,0.0029606734426835526,0.0026180394288614467,0.003868827345559342,0.002774861030618086,0.008192389331082808,0.0035519535456082422,0.003285954593839491,0.0014383631470360324,1.5190578002554478E-4,0.0032891330087487297,0.0024928591295940977,0.0014852632962662406,0.0032995430293474666,0.002979511011933468,0.003962416311871348,0.007770693043373906,0.0029123254562332685,0.0031897237862998536,0.0036118126743911825,9.735922704625745E-4,0.0030626536311889737,0.0014510686791705872,0.0019537310737001057,0.004149127723937749,0.0551014113732176,0.0012951252892763204,0.0027701181298969177,1.0,0.01348482940791354,0.02081128008096881,0.0011720408472990157],[0.01313722700098889,0.02953035356424405,0.005025426124163268,0.008265613837241823,0.008183194439496437,0.007877329834546344,0.008578771523341229,0.0011383841088455477,0.006090478755207309,0.0019101755510363644,0.0023498034601479338,0.009438746633198922,0.0035093843000960816,0.013682829113973515,0.006191968163632863,0.0034507043498269727,0.011105163358720402,0.013025413110254704,0.012533278677319858,0.011743864284178849,0.01019580