[[1.0, 0.44132358137636984, 0.8441648674331083, 0.6523491361820952, 0.07879283117309588, 0.3660028453345412, 0.5731926128502142, 0.2994997163312536, 0.4896537796718884, 0.012478412886687607, 0.07158604827003245, 0.059041332465104124, 0.17945427044888485, 0.1758991419831344, 0.4088879052515182, 0.384129688630657, 0.1939645541421683, 0.6202569764534431, 0.48079316594424015, 0.9644936099759455, 0.6733070122466721, 0.5015404375858591, 0.9359391780938824, 0.7364775476896546, 0.9295877012550082, 0.7796867937094359, 0.4875855824086137, 0.792166091865094, 0.39278083309945533, 0.7356040364252115, 0.5999142042678076, 0.17925957006619753, 0.786420374626685, 0.5674659888601384, 0.466103831397346], [0.44132358137636984, 1.0, 0.7747367266153955, 0.33401272957364525, 0.3089900495311363, 0.5824982729588184, 0.6471719005685753, 0.6793208749663784, 0.2059353156439636, 0.9184607547787024, 0.550116474769352, 0.8794058964417985, 0.7441444357454232, 0.9680474278873696, 0.12045502927173068, 0.4535473423567109, 0.7104971700459964, 0.9232862759670162, 0.23760158919694951, 0.47875324786796336, 0.5995093916926381, 0.45712701394223454, 0.2200844189699881, 0.13275146743516597, 0.1697971290650645, 0.22855168807545556, 0.1894363399169391, 0.9096485461395969, 0.1672149484948401, 0.9482318478270677, 0.5745039021830824, 0.8569361122694135, 0.7293479407771389, 0.4036133188363149, 0.9058376458709764], [0.8441648674331083, 0.7747367266153955, 1.0, 0.4565025601694511, 0.773180007105949, 0.4488126906816712, 0.5403398745456112, 0.7446701407179864, 0.9656881971235558, 0.2300995029410443, 0.6249585385106606, 0.45620546185796707, 0.9907763306215517, 0.6823654795956593, 0.5988419581622249, 0.555500866073828, 0.3716816335076183, 0.8732373976581802, 0.2655281050489925, 0.444834225275906, 0.5464048292807883, 0.06464762468484542, 0.3656258614610963, 0.8422035796962758, 0.8395384505314208, 0.538483853399232, 0.7390081467370774, 0.2664583347516474, 0.17307566701276256, 0.2594396704980566, 0.4186317433810014, 0.17820743891100388, 0.1164455437294949, 0.4608387608368607, 0.8086277011759172], [0.6523491361820952, 0.33401272957364525, 0.4565025601694511, 1.0, 0.3892511210489067, 0.9977289154455633, 0.27569178045055687, 0.9401636891383093, 0.7536988078217316, 0.6391272709679056, 0.40082583213668044, 0.3664131173484809, 0.2864601601372244, 0.20825587147962166, 0.11915338731533986, 0.012966874792484817, 0.2290291694743254, 0.2549153045707747, 0.04762161571438417, 0.010421795464971906, 0.597745845754916, 0.9583455429472536, 0.6112374073490606, 0.35670868358735097, 0.029091215175622853, 0.5229517042399072, 0.7894690720274974, 0.19045560599371347, 0.317723477891906, 0.07493714138236529, 0.6555351071372923, 0.8848304229169345, 0.19498592866313091, 0.14907980230001683, 0.29719168847979394], [0.07879283117309588, 0.3089900495311363, 0.773180007105949, 0.3892511210489067, 1.0, 0.014409491175891298, 0.09062927610404381, 0.10488466468498747, 0.91879012757247, 0.4422528197705229, 0.057040822875867536, 0.12842970824671962, 0.8432050897640935, 0.2872321526045858, 0.7691735496703012, 0.6543893665109616, 0.24749175501887766, 0.25284090362263845, 0.8285137871370676, 0.1418090324775717, 0.624965921448603, 0.2389811710392432, 0.6522660016410462, 0.25670771624005206, 0.5059103903514592, 0.8047509829412891, 0.18974916223474536, 0.4507004356685299, 0.7047838142134804, 0.879087809549796, 0.5416310177769476, 0.39658499094541, 0.5151551931845784, 0.28509162486801176, 0.4987690674337588], [0.3660028453345412, 0.5824982729588184, 0.4488126906816712, 0.9977289154455633, 0.014409491175891298, 1.0, 0.3187664659577255, 0.3236383533566457, 0.34156850187051135, 0.07905642810820679, 0.6223807228852986, 0.459134808089394, 0.17210520769186644, 0.8858470544179745, 0.3791277969367509, 0.13002396397214877, 0.7204245345035675, 0.059342455145163564, 0.25921868083821753, 0.851568056881589, 0.5840706684925381, 0.4101297525297284, 0.10878905268861006, 0.8189863406409101, 0.8353924343881669, 0.8512528468339964, 0.019866496945026735, 0.911563352930646, 0.13830638341098778, 0.5830242548354493, 0.9392104590387697, 0.753982809115581, 0.30434709093380097, 0.19231665232068595, 0.7383920696268379], [0.5731926128502142, 0.6471719005685753, 0.5403398745456112, 0.27569178045055687, 0.09062927610404381, 0.3187664659577255, 1.0, 0.4903795903030238, 0.03520189857075129, 0.7698000272877339, 0.8614591965300732, 0.6685383669563755, 0.016160140517211263, 0.29092616634953516, 0.06002378680474596, 0.06942934036632853, 0.4529473871854247, 0.4254443919955092, 0.6719718771500187, 0.8967366891196944, 0.30609656957839804, 0.7950781178227406, 0.35041619404234037, 0.3355414644776331, 0.3700004245531393, 0.2140068851607132, 0.2739449503149358, 0.34643425538925254, 0.07128313669777608, 0.20875691670219232, 0.8612219846830084, 0.3357944901713895, 0.0967816538011137, 0.19124110816310902, 0.4436546504196025], [0.2994997163312536, 0.6793208749663784, 0.7446701407179864, 0.9401636891383093, 0.10488466468498747, 0.3236383533566457, 0.4903795903030238, 1.0, 0.6978936540141772, 0.3885900165703219, 0.8536239116105336, 0.39645909470590124, 0.5023791344904401, 0.25023646288237966, 0.7394788995789408, 0.7515497051715533, 0.06167114804472573, 0.8159060340546146, 0.3352896286803274, 0.6518273234342394, 0.95294597503477, 0.8521759159903689, 0.9936828284527559, 0.6077694828474108, 0.5549511425124266, 0.6451265660941731, 0.5141332244941267, 0.31223532528204656, 0.8186216882145931, 0.4755729117753169, 0.7664665598717234, 0.48178026115020145, 0.8167601021802614, 0.6661391676835912, 0.603062123996144], [0.4896537796718884, 0.2059353156439636, 0.9656881971235558, 0.7536988078217316, 0.91879012757247, 0.34156850187051135, 0.03520189857075129, 0.6978936540141772, 1.0, 0.0349882691683, 0.31700587871233954, 0.37644440432111836, 0.24190995004225335, 0.028122146990773866, 0.9437059699014374, 0.7923829440181794, 0.6821309899352366, 0.6259721177355347, 0.6785299212596995, 0.6556485649839344, 0.20047982346398985, 0.9621997277764875, 0.562768430901483, 0.4008068884052236, 0.8092006583705753, 0.6096754980234506, 0.4508190953018949, 0.11787198638677088, 0.4066677996852127, 0.9406370100562831, 0.7487299762787311, 0.9261407968472911, 0.32657890523817035, 0.47151825544963455, 0.027214419308710713], [0.012478412886687607, 0.9184607547787024, 0.2300995029410443, 0.6391272709679056, 0.4422528197705229, 0.07905642810820679, 0.7698000272877339, 0.3885900165703219, 0.0349882691683, 1.0, 0.3052509436479397, 0.9048994045109392, 0.7645424416006409, 0.9677134379285558, 0.1621457819451375, 0.8775810233901061, 0.4080450871768021, 0.762588351320924, 0.878478507424994, 0.25635470871851285, 0.742315198776654, 0.2543079543327539, 0.354196111731366, 0.17054315797859465, 0.9271597338476082, 0.20306506059677254, 0.027819255854721114, 0.7926218498849726, 0.02933643443823697, 0.26369963409963826, 0.2584587385797775, 0.45617964118111953, 0.09012169110162782, 0.9055896682005561, 0.2097461268495836], [0.07158604827003245, 0.550116474769352, 0.6249585385106606, 0.40082583213668044, 0.057040822875867536, 0.6223807228852986, 0.8614591965300732, 0.8536239116105336, 0.31700587871233954, 0.3052509436479397, 1.0, 0.15777020308135337, 0.524141679925312, 0.30722346267577805, 0.8606607965382531, 0.9985044769653689, 0.5664371472382566, 0.9261396842559004, 0.6412340727311753, 0.11987356364759938, 0.32818660799170496, 0.20751739570738625, 0.4509194504379803, 0.550759195362203, 0.4134699460469188, 0.018353668419418323, 0.34899522481235024, 0.8099632374121866, 0.27433766577844565, 0.9357983276855611, 0.5569030461911246, 0.633198348590879, 0.7493020874322078, 0.040195374201762, 0.21949859204176903], [0.059041332465104124, 0.8794058964417985, 0.45620546185796707, 0.3664131173484809, 0.12842970824671962, 0.459134808089394, 0.6685383669563755, 0.39645909470590124, 0.37644440432111836, 0.9048994045109392, 0.15777020308135337, 1.0, 0.7329619026828869, 0.3196338754463999, 0.240844600210935, 0.06243063805531368, 0.28235596695519216, 0.6491677076374394, 0.14896482897895424, 0.6176065808694782, 0.7882373847028246, 0.6005413599107657, 0.289507909436882, 0.5769957019555106, 0.9756922541685307, 0.8876875559569717, 0.6451523277683245, 0.863112484492869, 0.49292680497300845, 0.5564577375786157, 0.8480549435498327, 0.04933361465243247, 0.42482066200857205, 0.13798018153291525, 0.9430028291592772], [0.17945427044888485, 0.7441444357454232, 0.9907763306215517, 0.2864601601372244, 0.8432050897640935, 0.17210520769186644, 0.016160140517211263, 0.5023791344904401, 0.24190995004225335, 0.7645424416006409, 0.524141679925312, 0.7329619026828869, 1.0, 0.3419810504385793, 0.3347442127351242, 0.02308095971771995, 0.33161168322845724, 0.7649646295495135, 0.9487514479340554, 0.1378610356229798, 0.4082745714496768, 0.36423744659350044, 0.8874123069961253, 0.7578325447694844, 0.020291907720737634, 0.915722826671952, 0.8987956436685798, 0.6712422089547337, 0.21058953229434396, 0.7624664674998147, 0.9322506111247689, 0.32556465648758237, 0.7603331258658702, 0.26617145583116253, 0.5722362168543195], [0.1758991419831344, 0.9680474278873696, 0.6823654795956593, 0.20825587147962166, 0.2872321526045858, 0.8858470544179745, 0.29092616634953516, 0.25023646288237966, 0.028122146990773866, 0.9677134379285558, 0.30722346267577805, 0.3196338754463999, 0.3419810504385793, 1.0, 0.5001938509969167, 0.22310806668045335, 0.42511055356638094, 0.11340152515868163, 0.02687353870485998, 0.635131299026264, 0.6454828032078908, 0.032616830631427285, 0.10918568196830092, 0.16217489132670015, 0.0911409808750373, 0.04189753819432329, 0.8012597357793534, 0.32210423259266097, 0.9054676490126254, 0.6924471853354754, 0.4054732593464836, 0.21268982904875244, 0.9783390641922668, 0.765870792618932, 0.46847323369931815], [0.4088879052515182, 0.12045502927173068, 0.5988419581622249, 0.11915338731533986, 0.7691735496703012, 0.3791277969367509, 0.06002378680474596, 0.7394788995789408, 0.9437059699014374, 0.1621457819451375, 0.8606607965382531, 0.240844600210935, 0.3347442127351242, 0.5001938509969167, 1.0, 0.16115892154609357, 0.06188729831819706, 0.6899257458651666, 0.5392066936373144, 0.38754305539069467, 0.4261168638349748, 0.40059090526340524, 0.9443766944533772, 0.9342031913371007, 0.21178132533217486, 0.5694374007896719, 0.2759245768131352, 0.8594086011620489, 0.9172770217683623, 0.251951864720368, 0.7992732439156259, 0.17879518960143592, 0.4495993638530178, 0.3131320991695802, 0.4442813325349556], [0.384129688630657, 0.4535473423567109, 0.555500866073828, 0.012966874792484817, 0.6543893665109616, 0.13002396397214877, 0.06942934036632853, 0.7515497051715533, 0.7923829440181794, 0.8775810233901061, 0.9985044769653689, 0.06243063805531368, 0.02308095971771995, 0.22310806668045335, 0.16115892154609357, 1.0, 0.9664810600058896, 0.45429486623245996, 0.29099013370012383, 0.9786358828267476, 0.3634338633628631, 0.6473763342509962, 0.9760160318022781, 0.09436387348652364, 0.6455635207501088, 0.8109004144587203, 0.012646872455338354, 0.5457758256600909, 0.14569999962668656, 0.18797843217407362, 0.09678123365923774, 0.7721739624227308, 0.9162332196689467, 0.059074131680555864, 0.9269207458240275], [0.1939645541421683, 0.7104971700459964, 0.3716816335076183, 0.2290291694743254, 0.24749175501887766, 0.7204245345035675, 0.4529473871854247, 0.06167114804472573, 0.6821309899352366, 0.4080450871768021, 0.5664371472382566, 0.28235596695519216, 0.33161168322845724, 0.42511055356638094, 0.06188729831819706, 0.9664810600058896, 1.0, 0.4179268922060636, 0.4216240383140665, 0.06944894370680965, 0.6358309279890338, 0.06737141430958138, 0.5262352328709223, 0.08770860308193584, 0.6307511016608288, 0.8496111990504629, 0.15349381939444728, 0.30571053144393623, 0.3669319976080381, 0.9272439048735064, 0.040889653589676556, 0.43702252953886433, 0.24996268361098983, 0.14547690739704144, 0.3728366759268741], [0.6202569764534431, 0.9232862759670162, 0.8732373976581802, 0.2549153045707747, 0.25284090362263845, 0.059342455145163564, 0.4254443919955092, 0.8159060340546146, 0.6259721177355347, 0.762588351320924, 0.9261396842559004, 0.6491677076374394, 0.7649646295495135, 0.11340152515868163, 0.6899257458651666, 0.45429486623245996, 0.4179268922060636, 1.0, 0.8066685216695072, 0.6665154976352824, 0.768165031450168, 0.7503359312086784, 0.055420410807500264, 0.25208094223701516, 0.7948689507249398, 0.2348552614433157, 0.8453445124956886, 0.4868887129312085, 0.7736093156085522, 0.005120406090281859, 0.38615352632171396, 0.39791628100541576, 0.6752896021151067, 0.8249504123488, 0.42062416660714974], [0.48079316594424015, 0.23760158919694951, 0.2655281050489925, 0.04762161571438417, 0.8285137871370676, 0.25921868083821753, 0.6719718771500187, 0.3352896286803274, 0.6785299212596995, 0.878478507424994, 0.6412340727311753, 0.14896482897895424, 0.9487514479340554, 0.02687353870485998, 0.5392066936373144, 0.29099013370012383, 0.4216240383140665, 0.8066685216695072, 1.0, 0.8194562547896908, 0.0009791265505757485, 0.7276357853757204, 0.43413368634729, 0.3746427317192813, 0.5298861172479291, 0.480924321967961, 0.19264542018081543, 0.16557301720648598, 0.8664834213400712, 0.9431339778000255, 0.5993498538625567, 0.59693764838969, 0.44861847574591607, 0.571724970095132, 0.43983084672172423], [0.9644936099759455, 0.47875324786796336, 0.444834225275906, 0.010421795464971906, 0.1418090324775717, 0.851568056881589, 0.8967366891196944, 0.6518273234342394, 0.6556485649839344, 0.25635470871851285, 0.11987356364759938, 0.6176065808694782, 0.1378610356229798, 0.635131299026264, 0.38754305539069467, 0.9786358828267476, 0.06944894370680965, 0.6665154976352824, 0.8194562547896908, 1.0, 0.41101609922826154, 0.551055377878255, 0.42014015063073573, 0.16188872423485534, 0.5834916863904737, 0.1279707588747082, 0.2778021633104395, 0.7813936789645675, 0.36553539183101336, 0.07041714491699547, 0.24375058918500214, 0.9211220540936276, 0.538150554740274, 0.4981646670947325, 0.32117915842369005], [0.6733070122466721, 0.5995093916926381, 0.5464048292807883, 0.597745845754916, 0.624965921448603, 0.5840706684925381, 0.30609656957839804, 0.95294597503477, 0.20047982346398985, 0.742315198776654, 0.32818660799170496, 0.7882373847028246, 0.4082745714496768, 0.6454828032078908, 0.4261168638349748, 0.3634338633628631, 0.6358309279890338, 0.768165031450168, 0.0009791265505757485, 0.41101609922826154, 1.0, 0.28499290163226165, 0.22514723417452387, 0.03024636363037736, 0.13609626325492397, 0.8725701865239835, 0.0649451188356237, 0.21193037876486454, 0.22420491666783204, 0.7609379630507264, 0.6248433870159025, 0.2802057327029053, 0.40981983675866784, 0.4544115461701467, 0.5594864732253962], [0.5015404375858591, 0.45712701394223454, 0.06464762468484542, 0.9583455429472536, 0.2389811710392432, 0.4101297525297284, 0.7950781178227406, 0.8521759159903689, 0.9621997277764875, 0.2543079543327539, 0.20751739570738625, 0.6005413599107657, 0.36423744659350044, 0.032616830631427285, 0.40059090526340524, 0.6473763342509962, 0.06737141430958138, 0.7503359312086784, 0.7276357853757204, 0.551055377878255, 0.28499290163226165, 1.0, 0.4981401756697773, 0.422451123030964, 0.7027284885607186, 0.164965439095356, 0.5267692852620481, 0.5352186196458947, 0.6929133680784235, 0.4024251971864701, 0.8789099736919119, 0.6564870705921553, 0.7366869656321049, 0.39350847562202795, 0.2138905491437626], [0.9359391780938824, 0.2200844189699881, 0.3656258614610963, 0.6112374073490606, 0.6522660016410462, 0.10878905268861006, 0.35041619404234037, 0.9936828284527559, 0.562768430901483, 0.354196111731366, 0.4509194504379803, 0.289507909436882, 0.8874123069961253, 0.10918568196830092, 0.9443766944533772, 0.9760160318022781, 0.5262352328709223, 0.055420410807500264, 0.43413368634729, 0.42014015063073573, 0.22514723417452387, 0.4981401756697773, 1.0, 0.8028111093011029, 0.8079223561147815, 0.6940642501798233, 0.47739177345005523, 0.29429015927381597, 0.3366221914865586, 0.8139288285388865, 0.7783235351441715, 0.708762955722397, 0.5528702385818735, 0.22406047161769782, 0.7144132004011092], [0.7364775476896546, 0.13275146743516597, 0.8422035796962758, 0.35670868358735097, 0.25670771624005206, 0.8189863406409101, 0.3355414644776331, 0.6077694828474108, 0.4008068884052236, 0.17054315797859465, 0.550759195362203, 0.5769957019555106, 0.7578325447694844, 0.16217489132670015, 0.9342031913371007, 0.09436387348652364, 0.08770860308193584, 0.25208094223701516, 0.3746427317192813, 0.16188872423485534, 0.03024636363037736, 0.422451123030964, 0.8028111093011029, 1.0, 0.6372079228363814, 0.4173468330445723, 0.6397162252199445, 0.894833377742203, 0.2473362414360979, 0.6321609279813702, 0.15568789458120835, 0.5112098564104584, 0.31271448667878243, 0.5629124983040392, 0.8388779506029059], [0.9295877012550082, 0.1697971290650645, 0.8395384505314208, 0.029091215175622853, 0.5059103903514592, 0.8353924343881669, 0.3700004245531393, 0.5549511425124266, 0.8092006583705753, 0.9271597338476082, 0.4134699460469188, 0.9756922541685307, 0.020291907720737634, 0.0911409808750373, 0.21178132533217486, 0.6455635207501088, 0.6307511016608288, 0.7948689507249398, 0.5298861172479291, 0.5834916863904737, 0.13609626325492397, 0.7027284885607186, 0.8079223561147815, 0.6372079228363814, 1.0, 0.8181876261967128, 0.7395692951629322, 0.800736599712726, 0.6922335876085698, 0.018116613275238613, 0.6564059508943488, 0.9071244075446813, 0.45109360019448974, 0.9762612122727967, 0.7758960350000905], [0.7796867937094359, 0.22855168807545556, 0.538483853399232, 0.5229517042399072, 0.8047509829412891, 0.8512528468339964, 0.2140068851607132, 0.6451265660941731, 0.6096754980234506, 0.20306506059677254, 0.018353668419418323, 0.8876875559569717, 0.915722826671952, 0.04189753819432329, 0.5694374007896719, 0.8109004144587203, 0.8496111990504629, 0.2348552614433157, 0.480924321967961, 0.1279707588747082, 0.8725701865239835, 0.164965439095356, 0.6940642501798233, 0.4173468330445723, 0.8181876261967128, 1.0, 0.9359385757016095, 0.8315528720686437, 0.6482636515307785, 0.26474856193646723, 0.26860496222079167, 0.868545997616565, 0.8074792576878057, 0.07478332732642068, 0.41543504870854586], [0.4875855824086137, 0.1894363399169391, 0.7390081467370774, 0.7894690720274974, 0.18974916223474536, 0.019866496945026735, 0.2739449503149358, 0.5141332244941267, 0.4508190953018949, 0.027819255854721114, 0.34899522481235024, 0.6451523277683245, 0.8987956436685798, 0.8012597357793534, 0.2759245768131352, 0.012646872455338354, 0.15349381939444728, 0.8453445124956886, 0.19264542018081543, 0.2778021633104395, 0.0649451188356237, 0.5267692852620481, 0.47739177345005523, 0.6397162252199445, 0.7395692951629322, 0.9359385757016095, 1.0, 0.4765828578910488, 0.9485550648420517, 0.8368022654752854, 0.009536126754038365, 0.0005546017433628592, 0.9340058147623185, 0.5307704060996886, 0.8726673065808134], [0.792166091865094, 0.9096485461395969, 0.2664583347516474, 0.19045560599371347, 0.4507004356685299, 0.911563352930646, 0.34643425538925254, 0.31223532528204656, 0.11787198638677088, 0.7926218498849726, 0.8099632374121866, 0.863112484492869, 0.6712422089547337, 0.32210423259266097, 0.8594086011620489, 0.5457758256600909, 0.30571053144393623, 0.4868887129312085, 0.16557301720648598, 0.7813936789645675, 0.21193037876486454, 0.5352186196458947, 0.29429015927381597, 0.894833377742203, 0.800736599712726, 0.8315528720686437, 0.4765828578910488, 1.0, 0.5380016074358134, 0.9535924563923134, 0.506383991256977, 0.8462359620505843, 0.16527169791198515, 0.751516786030809, 0.23705719293380478], [0.39278083309945533, 0.1672149484948401, 0.17307566701276256, 0.317723477891906, 0.7047838142134804, 0.13830638341098778, 0.07128313669777608, 0.8186216882145931, 0.4066677996852127, 0.02933643443823697, 0.27433766577844565, 0.49292680497300845, 0.21058953229434396, 0.9054676490126254, 0.9172770217683623, 0.14569999962668656, 0.3669319976080381, 0.7736093156085522, 0.8664834213400712, 0.36553539183101336, 0.22420491666783204, 0.6929133680784235, 0.3366221914865586, 0.2473362414360979, 0.6922335876085698, 0.6482636515307785, 0.9485550648420517, 0.5380016074358134, 1.0, 0.31729144321917024, 0.09857504625465674, 0.9585984979659747, 0.020160552663379128, 0.6364431615475363, 0.6072554020124884], [0.7356040364252115, 0.9482318478270677, 0.2594396704980566, 0.07493714138236529, 0.879087809549796, 0.5830242548354493, 0.20875691670219232, 0.4755729117753169, 0.9406370100562831, 0.26369963409963826, 0.9357983276855611, 0.5564577375786157, 0.7624664674998147, 0.6924471853354754, 0.251951864720368, 0.18797843217407362, 0.9272439048735064, 0.005120406090281859, 0.9431339778000255, 0.07041714491699547, 0.7609379630507264, 0.4024251971864701, 0.8139288285388865, 0.6321609279813702, 0.018116613275238613, 0.26474856193646723, 0.8368022654752854, 0.9535924563923134, 0.31729144321917024, 1.0, 0.8450264692511827, 0.6180316882676209, 0.9546864985296888, 0.5967106718506908, 0.9714061598407205], [0.5999142042678076, 0.5745039021830824, 0.4186317433810014, 0.6555351071372923, 0.5416310177769476, 0.9392104590387697, 0.8612219846830084, 0.7664665598717234, 0.7487299762787311, 0.2584587385797775, 0.5569030461911246, 0.8480549435498327, 0.9322506111247689, 0.4054732593464836, 0.7992732439156259, 0.09678123365923774, 0.040889653589676556, 0.38615352632171396, 0.5993498538625567, 0.24375058918500214, 0.6248433870159025, 0.8789099736919119, 0.7783235351441715, 0.15568789458120835, 0.6564059508943488, 0.26860496222079167, 0.009536126754038365, 0.506383991256977, 0.09857504625465674, 0.8450264692511827, 1.0, 0.5551358139486533, 0.16923770374989977, 0.7661621146518272, 0.8259127599210703], [0.17925957006619753, 0.8569361122694135, 0.17820743891100388, 0.8848304229169345, 0.39658499094541, 0.753982809115581, 0.3357944901713895, 0.48178026115020145, 0.9261407968472911, 0.45617964118111953, 0.633198348590879, 0.04933361465243247, 0.32556465648758237, 0.21268982904875244, 0.17879518960143592, 0.7721739624227308, 0.43702252953886433, 0.39791628100541576, 0.59693764838969, 0.9211220540936276, 0.2802057327029053, 0.6564870705921553, 0.708762955722397, 0.5112098564104584, 0.9071244075446813, 0.868545997616565, 0.0005546017433628592, 0.8462359620505843, 0.9585984979659747, 0.6180316882676209, 0.5551358139486533, 1.0, 0.2574622367239525, 0.17211560098083167, 0.7957249941038996], [0.786420374626685, 0.7293479407771389, 0.1164455437294949, 0.19498592866313091, 0.5151551931845784, 0.30434709093380097, 0.0967816538011137, 0.8167601021802614, 0.32657890523817035, 0.09012169110162782, 0.7493020874322078, 0.42482066200857205, 0.7603331258658702, 0.9783390641922668, 0.4495993638530178, 0.9162332196689467, 0.24996268361098983, 0.6752896021151067, 0.44861847574591607, 0.538150554740274, 0.40981983675866784, 0.7366869656321049, 0.5528702385818735, 0.31271448667878243, 0.45109360019448974, 0.8074792576878057, 0.9340058147623185, 0.16527169791198515, 0.020160552663379128, 0.9546864985296888, 0.16923770374989977, 0.2574622367239525, 1.0, 0.49413814414026513, 0.9294177458628085], [0.5674659888601384, 0.4036133188363149, 0.4608387608368607, 0.14907980230001683, 0.28509162486801176, 0.19231665232068595, 0.19124110816310902, 0.6661391676835912, 0.47151825544963455, 0.9055896682005561, 0.040195374201762, 0.13798018153291525, 0.26617145583116253, 0.765870792618932, 0.3131320991695802, 0.059074131680555864, 0.14547690739704144, 0.8249504123488, 0.571724970095132, 0.4981646670947325, 0.4544115461701467, 0.39350847562202795, 0.22406047161769782, 0.5629124983040392, 0.9762612122727967, 0.07478332732642068, 0.5307704060996886, 0.751516786030809, 0.6364431615475363, 0.5967106718506908, 0.7661621146518272, 0.17211560098083167, 0.49413814414026513, 1.0, 0.6651210921145202], [0.466103831397346, 0.9058376458709764, 0.8086277011759172, 0.29719168847979394, 0.4987690674337588, 0.7383920696268379, 0.4436546504196025, 0.603062123996144, 0.027214419308710713, 0.2097461268495836, 0.21949859204176903, 0.9430028291592772, 0.5722362168543195, 0.46847323369931815, 0.4442813325349556, 0.9269207458240275, 0.3728366759268741, 0.42062416660714974, 0.43983084672172423, 0.32117915842369005, 0.5594864732253962, 0.2138905491437626, 0.7144132004011092, 0.8388779506029059, 0.7758960350000905, 0.41543504870854586, 0.8726673065808134, 0.23705719293380478, 0.6072554020124884, 0.9714061598407205, 0.8259127599210703, 0.7957249941038996, 0.9294177458628085, 0.6651210921145202, 1.0]]