[[1.0,6.718037533314201E-5,1.5817355899424424E-4,2.3604542404790898E-4,1.6454444719340815E-4,1.9555149958207902E-4,1.1628880752839383E-4,1.7116633527366475E-4,0.015459870435514797,4.988956035065712E-5,0.006671901216719514,0.0013648934130948006,1.5705565305786445E-4,2.0668501854323104E-4,0.0020550771744481575,0.007474509583493386,2.0810953285414055E-4,1.4816621024878147E-4,1.4179546812769875E-4,5.505918363216624E-5,8.978487443298887E-4,8.604234762968903E-4,1.3052476678874537E-4,0.001543946291600352,1.560327921228319E-4,8.898701250225647E-5,5.525557074291681E-5,0.008262723796299469,3.121205393945885E-4,1.5735703264599946E-4,1.2392056914727794E-4,1.3680106557500092E-4,0.011316496107516739,1.1562183180846528E-4,3.491763184178614E-4,1.8365475929593442E-4,1.6873386155997607E-4,0.0032121878995397322,1.7053921134572457E-4,6.175911548359072E-4,0.01185392707964997,1.8934901903006133E-4,6.977170419627095E-5],[6.718037533314201E-5,1.0,7.738950352304304E-5,1.4137518888373245E-4,2.0186152706528078E-4,9.311676256006752E-4,7.486242297280786E-5,1.6227142711067562E-4,0.005434348718832393,1.1749832944459915E-5,0.010329548311142848,0.003385460562248597,1.4478142547829558E-4,6.219068271385637E-5,0.0027427460630203055,0.007060988837111495,4.379486853044259E-4,8.393676859610205E-5,2.818866449356425E-5,2.7582760904092793E-5,0.007819420594745866,0.0011365700034362816,1.9872598265107446E-5,0.0020284777810619563,1.276426863279097E-5,3.0446160428679807E-5,4.415920921796494E-5,0.010875598216273503,3.245146687640096E-4,1.170581238040073E-4,3.1271259312170396E-5,8.664143198462271E-5,2.4976382522810646E-4,8.597317402959668E-5,5.103665828936684E-4,8.061630548870167E-5,8.3067584232746E-5,0.002343153158471849,1.0526824138598461E-4,9.93749671075975E-4,0.008191554994919257,1.4069226619678186E-4,1.2726657180710868E-5],[1.5817355899424424E-4,7.738950352304304E-5,1.0,3.146112937946414E-4,1.563972320655198E-4,0.0010367794669879377,1.0969866227918162E-4,1.8573455844082416E-4,0.012554457053909621,3.9341892605213086E-5,0.0032344842799985896,1.4569497335499784E-4,1.4131998868765732E-4,1.8129349952977804E-4,0.0026150439910513955,0.003374235182161659,2.533565362980116E-4,1.4283740316487785E-4,1.3946894500966667E-4,1.247419124881014E-4,0.006704240669876011,4.570491667369122E-4,8.067722209567833E-5,5.396486141003217E-4,1.3705106016428858E-4,4.071793714755443E-5,8.536495002676791E-5,6.3846674052641E-4,0.001136121023521778,1.423946943051648E-4,1.2196880167616761E-4,1.2847547003844528E-4,0.005559494226301297,1.2478200892361742E-4,2.1762626364128698E-4,1.7172506655459347E-4,1.7103049629893074E-4,0.0011783630431196248,2.1836695264131135E-4,7.899582540329175E-4,0.010811083302869137,2.7427886300438695E-4,1.2898672821786685E-4],[2.3604542404790898E-4,1.4137518888373245E-4,3.146112937946414E-4,1.0,2.375609786857999E-4,0.0010630413801675227,3.9743250165903313E-4,3.480588584446036E-4,0.013997447973835621,2.0736169096216667E-4,0.008482595434679082,0.0017020593056220866,4.117637929184865E-4,4.234718216556996E-4,0.0022223766145023985,0.008613585588356381,7.142754834604029E-4,3.580577495642101E-4,1.7879497644393485E-4,2.867753157775623E-4,0.007535663524482182,0.0011179413311630383,3.2071547329758906E-4,0.00363277388905875,4.3894573327897437E-4,3.4293774786515503E-4,4.3905833024147564E-4,0.018480155553999057,0.0012354599288027946,2.8780067628055147E-4,3.298580171118707E-4,2.6410078331789836E-4,0.009122035670313064,2.927814539409637E-4,5.723872146224231E-4,2.981318711743474E-4,4.2406443436800406E-4,0.004968611695477529,3.5258475366042993E-4,9.058506046191854E-4,0.03333043439490632,3.224513861331134E-4,1.554188612825701E-4],[1.6454444719340815E-4,2.0186152706528078E-4,1.563972320655198E-4,2.375609786857999E-4,1.0,3.7094519095232916E-4,1.3108222576649751E-4,2.2255388307806215E-4,0.009984950448655293,1.9027135111624773E-4,0.007581857638214462,0.001843896010988476,1.6614769471480313E-4,2.1418651750555105E-4,0.002258882698067007,0.008893523679145879,9.721427531306024E-4,1.976340924845658E-4,2.1130792805568768E-4,1.327352721621601E-4,0.007870438635443946,4.214432681703699E-4,8.169715885926037E-5,0.003417429570486587,5.74050086065937E-5,1.5404102955466297E-4,8.706245373319227E-5,2.6754188263340245E-4,0.0010413034125600648,2.2252925456660403E-4,1.4963999403450257E-4,2.22305378989641E-4,7.590909281303939E-4,1.0796702166605272E-4,7.753634541727574E-4,2.129082200152625E-4,2.1534962375684876E-4,0.0010450153899991756,2.311689102111315E-4,3.521852605277517E-4,0.01698578096170368,2.639235810839778E-4,8.792441496676265E-5],[1.9555149958207902E-4,9.311676256006752E-4,0.0010367794669879377,0.0010630413801675227,3.7094519095232916E-4,1.0,4.088748936004481E-4,6.282579056836073E-4,0.02178145103412351,6.88955054038713E-4,0.009128490263457979,0.003517107919524859,4.7255912718113097E-4,0.0010772745399788022,0.0028240040931957165,0.0036359713430930357,0.0010945015520303374,3.607058629704681E-4,2.8607251144110546E-4,6.158070550895282E-4,0.005494150358932663,0.0011369092371633681,2.8071391887994146E-4,0.0012603855305319688,5.117919407634666E-4,5.705098130853618E-4,8.320477781490587E-4,0.004700582962652232,0.0012904340160462154,9.116641962963808E-4,4.0990099756861646E-4,4.2541387721971215E-4,0.012521010492143526,4.894002952131001E-4,0.0010807057127279662,5.659074484635619E-4,7.594020070508299E-4,0.001281533295065629,4.674276802348171E-4,0.0010958695121984997,0.031468264976952695,0.0010034286074140854,4.728900905834716E-5],[1.1628880752839383E-4,7.486242297280786E-5,1.0969866227918162E-4,3.9743250165903313E-4,1.3108222576649751E-4,4.088748936004481E-4,1.0,1.8235437029709298E-4,0.013249638649587068,9.366972498684305E-5,0.009581108959706222,0.0032487875330479525,1.1861188917338005E-4,1.2954899842697621E-4,0.001796821708013127,0.0040094277637384,7.940065696195584E-4,1.1819203437446116E-4,1.1842410551859124E-4,4.5979695357444234E-5,0.006715552877173042,7.622807518360755E-4,4.514131117555625E-5,0.003387816610885466,8.46451602767464E-5,7.381164309570865E-5,7.244760466477519E-5,0.007883527957450743,0.0014202271477400912,1.2111175902905747E-4,1.1306733171245937E-4,1.2327784507336475E-4,0.0075999869259654185,1.0481585033776386E-4,4.933243509652736E-4,1.234087750048413E-4,1.2053658050123058E-4,0.0031370962939999106,1.5202975347269586E-4,4.2691606597105864E-4,0.01607393131186378,1.3184368115228587E-4,3.944770649669705E-5],[1.7116633527366475E-4,1.6227142711067562E-4,1.8573455844082416E-4,3.480588584446036E-4,2.2255388307806215E-4,6.282579056836073E-4,1.8235437029709298E-4,1.0,0.023549213992625013,2.0894480707308317E-4,0.009116124707420533,0.0024867349753395656,2.0929586259425012E-4,2.1711111085492631E-4,0.001007769221547499,9.085303903360457E-4,0.0010445888587082028,1.8292095317386096E-4,1.708687580719719E-4,1.8878582011094114E-4,0.006941633968521032,4.481761099810882E-4,2.138716938559756E-4,0.002770028982293935,2.119283660176824E-4,1.907383467659684E-4,1.8108249799849506E-4,0.006822821160574599,4.2933467881414706E-4,1.700543701829671E-4,1.6932513122001463E-4,2.0242993399090462E-4,0.0020223589989054056,1.3436025134217844E-4,4.405329902684036E-4,2.1663580244208691E-4,1.9197143606690381E-4,9.104780009443353E-4,2.3638875095579345E-4,4.316711408593564E-4,0.028707927867910085,2.4189749491951315E-4,1.8498872525370125E-4],[0.015459870435514797,0.005434348718832393,0.012554457053909621,0.013997447973835621,0.009984950448655293,0.02178145103412351,0.013249638649587068,0.023549213992625013,1.0,0.017856105978511456,0.016135720053421034,0.005825048928189996,0.022282389739036346,0.019442524413781075,0.005976850620548376,0.02101318060155038,0.022140935131639127,0.024169988621292483,0.011998230879280689,0.021648499205132544,0.014094046651245246,0.018122090603813285,0.023239792761042734,0.014888175372457447,0.026908297951021322,0.0013632632950581914,0.003753255337735101,0.026934259445828182,0.023592423440271376,0.0055119785780692685,0.02757783677228599,0.012458399298874295,0.021451250725168465,0.016056027967360272,0.021679137341902074,0.010542401532069423,0.001106185440959142,0.0250498624463424,0.009871794745568142,0.0283323247254807,0.03137273960124835,0.02023713088326025,0.015865558261813517],[4.988956035065712E-5,1.1749832944459915E-5,3.9341892605213086E-5,2.0736169096216667E-4,1.9027135111624773E-4,6.88955054038713E-4,9.366972498684305E-5,2.0894480707308317E-4,0.017856105978511456,1.0,0.008404202561811947,8.20446637960801E-4,1.2034343629069422E-4,1.4978306541510499E-4,3.6374230576815555E-4,0.007385669131294018,2.1216019634780488E-4,9.493406345028936E-5,5.0977209868583785E-5,2.6533915595211388E-5,0.008082983229087659,2.785433698241842E-4,1.1798879030835766E-5,0.002773244199922832,1.0801124610515456E-5,2.1982846025350054E-5,2.4680753218500843E-5,0.02132478937572902,4.212568662169727E-4,1.9227823188872578E-5,4.0080850971558325E-5,1.051942345820609E-4,0.009963211273763758,9.916213399766679E-5,9.153305715071146E-4,8.51084769317104E-5,1.4421321794177378E-4,0.0026399515102843232,2.3332732297145353E-5,6.495581776077207E-4,0.013085274173362672,5.450780140566261E-5,1.1979429509249449E-5],[0.006671901216719514,0.010329548311142848,0.0032344842799985896,0.008482595434679082,0.007581857638214462,0.009128490263457979,0.009581108959706222,0.009116124707420533,0.016135720053421034,0.008404202561811947,1.0,0.0052602925498131635,0.005004427792401892,0.005364443722435651,0.00800035221785935,0.01126054609603484,0.010160679223900586,0.009539915290411522,0.0037861964090119805,0.00635463252913903,0.010832615153955996,0.0018066653587660852,0.0043180529346844975,0.010301987555553031,0.004474657232372566,0.004666295054311582,0.007635383458173424,0.021556110632155064,0.0024311141038352007,0.005375549711261271,0.00962696175251425,0.004287067786347635,0.012890382893227961,0.010193663584819221,0.008070748759970475,0.009936461455571437,0.006662507346737004,0.00950880691105124,0.010472827511300343,0.006881699792098808,0.011944114562360782,0.006048352961421725,0.00932847592571679],[0.0013648934130948006,0.003385460562248597,1.4569497335499784E-4,0.0017020593056220866,0.001843896010988476,0.003517107919524859,0.0032487875330479525,0.0024867349753395656,0.005825048928189996,8.20446637960801E-4,0.0052602925498131635,1.0,0.0032470169287644444,0.0014235302508023503,0.0038855687256765525,0.011253751718247957,0.0020498161215583687,0.0034422300609588475,0.0035718678952984316,0.0030397779533397583,0.005547690129222296,0.0035816067486911483,0.0010624860503810091,0.004068742049483912,0.0028138477042661883,0.0016233541858388335,0.0016601787656994786,0.007477141767306604,0.0039819741366506345,0.0025637897867604315,0.002616670847497443,0.0018940576093336135,0.004771763413403081,0.0024664373665838164,0.0027503077347180785,0.001588272841014527,0.0033160527214058854,0.004641429404061631,0.002425192548807456,0.0014049275164146875,0.014498770661757207,0.0017469899448591115,0.0014489949000815944],[1.5705565305786445E-4,1.4478142547829558E-4,1.4131998868765732E-4,4.117637929184865E-4,1.6614769471480313E-4,4.7255912718113097E-4,1.1861188917338005E-4,2.0929586259425012E-4,0.022282389739036346,1.2034343629069422E-4,0.005004427792401892,0.0032470169287644444,1.0,1.688582076253143E-4,0.001054749520001866,0.00882001421471413,9.251749244613104E-4,1.4556362373619876E-4,1.436693047709935E-4,9.781192364241616E-5,0.00988038263826068,6.9354327133028E-4,1.2886112827824783E-4,0.0026462409773940535,1.4107092694094984E-4,1.302330394971117E-4,6.725998954797396E-5,0.0050244665498262505,3.353584506452051E-4,1.488376603130746E-4,1.3505359736528711E-4,1.365840210288705E-4,0.005817691376128958,1.1529470494725E-4,4.406363853656684E-4,2.006750192093733E-4,1.5235960149827778E-4,0.003371910732350195,1.5147106450293758E-4,9.313815471821134E-4,0.03062788827827684,2.3268278271302873E-4,1.2893340736800412E-4],[2.0668501854323104E-4,6.219068271385637E-5,1.8129349952977804E-4,4.234718216556996E-4,2.1418651750555105E-4,0.0010772745399788022,1.2954899842697621E-4,2.1711111085492631E-4,0.019442524413781075,1.4978306541510499E-4,0.005364443722435651,0.0014235302508023503,1.688582076253143E-4,1.0,4.4906090903438963E-4,0.0036152643872452467,7.778280838808189E-4,1.50719822388525E-4,1.9381865017391875E-4,1.0313928077053377E-4,0.0050550018185448985,0.0010116556220736864,5.554363111617876E-5,0.0010695276852004884,1.9050616556405295E-4,3.799708951922824E-5,1.8736004664371083E-4,0.0238566784178469,5.253024773068232E-4,1.903719183076655E-4,1.9516325222853733E-4,1.6091278594040497E-4,0.0023369505170902,1.4673984041593374E-4,7.60509590110364E-4,2.101723413198823E-4,2.0680515292448957E-4,0.0021450680694085214,2.3713934639117115E-4,0.001008305446152754,0.02451343887888858,2.632479559239416E-4,7.593938988921966E-5],[0.0020550771744481575,0.0027427460630203055,0.0026150439910513955,0.0022223766145023985,0.002258882698067007,0.0028240040931957165,0.001796821708013127,0.001007769221547499,0.005976850620548376,3.6374230576815555E-4,0.00800035221785935,0.0038855687256765525,0.001054749520001866,4.4906090903438963E-4,1.0,0.0064760803746839605,0.0013896083702908697,0.0011494133054555558,0.0028981703606795954,3.736860678195344E-4,0.009457194453738226,0.0021278127416622635,8.948006151736045E-4,0.003937756409513177,0.0020789637601842307,0.0022346063641184135,7.554142265149348E-4,0.003469813512504763,0.0030132283443751024,0.0025545436955810175,0.0021168334513684763,4.6381615910160757E-4,0.0043290947521410226,0.0012378079708590473,0.0012250616656120366,0.0029915636549126623,0.0010072519410139,0.0049871815531694254,7.381400756532992E-4,0.0029639144679049273,0.020116997290616216,0.0010748631221536495,0.002036518511616076],[0.007474509583493386,0.007060988837111495,0.003374235182161659,0.008613585588356381,0.008893523679145879,0.0036359713430930357,0.0040094277637384,9.085303903360457E-4,0.02101318060155038,0.007385669131294018,0.01126054609603484,0.011253751718247957,0.00882001421471413,0.0036152643872452467,0.0064760803746839605,1.0,0.002460447548947151,0.010867112667061496,0.002327818158088979,0.004013814639842046,0.010580011290182134,0.005230228844366252,0.001645511566349227,0.010223211238148388,0.007950510403070323,0.010751748430627919,0.004303475110979217,0.018396565534827446,0.008975081625465281,0.003537200570692611,0.0032346095426426394,0.01072313524544113,0.013563862066688819,0.011148895238707195,0.0026058060597067044,0.011677622077678355,0.0013744451900476607,0.007530663300847796,0.004105070272943246,0.011588313526072508,0.03230913249580056,0.0035611568127956942,0.007433876201722991],[2.0810953285414055E-4,4.379486853044259E-4,2.533565362980116E-4,7.142754834604029E-4,9.721427531306024E-4,0.0010945015520303374,7.940065696195584E-4,0.0010445888587082028,0.022140935131639127,2.1216019634780488E-4,0.010160679223900586,0.0020498161215583687,9.251749244613104E-4,7.778280838808189E-4,0.0013896083702908697,0.002460447548947151,1.0,2.881745595141852E-4,8.582786912820153E-4,6.617087929879985E-4,0.00484300656412805,0.0011037048711139837,4.8060328347999725E-4,0.003104318119982778,2.641426084896098E-4,5.535176628681881E-4,2.0463501005915546E-4,0.01980019650075427,0.001356320744273582,6.285221859618178E-4,6.568904845106845E-4,1.3308996096021486E-4,0.010312017288763521,0.0010853091646618601,0.0010476120441124418,9.75805824938176E-4,8.529779190187975E-4,0.0011384319267514224,6.122563081578356E-4,0.0010857763300760044,0.02806105794015166,0.0010700773869112617,7.2233787958848E-4],[1.4816621024878147E-4,8.393676859610205E-5,1.4283740316487785E-4,3.580577495642101E-4,1.976340924845658E-4,3.607058629704681E-4,1.1819203437446116E-4,1.8292095317386096E-4,0.024169988621292483,9.493406345028936E-5,0.009539915290411522,0.0034422300609588475,1.4556362373619876E-4,1.50719822388525E-4,0.0011494133054555558,0.010867112667061496,2.881745595141852E-4,1.0,1.418005939154574E-4,1.288251069466992E-4,0.0037860890886517277,4.917674329472376E-4,1.0011648863138721E-4,0.0016927450971954525,1.015031048907839E-4,1.0150826683410711E-4,1.2780594411138552E-4,0.010767607600804429,7.32610536127868E-4,1.4663557097444537E-4,1.4161574365013303E-4,1.364335465043153E-4,0.014793993351644942,1.0987177351015249E-4,8.939429791089286E-4,1.6169272266027218E-4,1.527904861341238E-4,0.0035370554652492236,1.7747609992059023E-4,3.5548482549726287E-4,0.012736229834002607,1.7145107427193881E-4,1.252381954562156E-4],[1.4179546812769875E-4,2.818866449356425E-5,1.3946894500966667E-4,1.7879497644393485E-4,2.1130792805568768E-4,2.8607251144110546E-4,1.1842410551859124E-4,1.708687580719719E-4,0.011998230879280689,5.0977209868583785E-5,0.0037861964090119805,0.0035718678952984316,1.436693047709935E-4,1.9381865017391875E-4,0.0028981703606795954,0.002327818158088979,8.582786912820153E-4,1.418005939154574E-4,1.0,7.555904303555109E-5,0.0020005924987470214,3.9736404078012275E-4,7.908651784203914E-5,0.00356767282927635,5.7260525270900056E-5,1.1037578105742956E-4,6.704664465729442E-5,0.011565174068261618,0.0011532842180952707,1.4304256009315148E-4,1.1902986134653E-4,1.3240907490289454E-4,0.012009820383787388,1.2390562952061877E-4,3.100532424984698E-4,1.4511781802422946E-4,1.6613006267568556E-4,0.003931992669360925,2.096676420876969E-4,2.1344001213465967E-4,0.012162616141819434,1.881559512197031E-4,1.0109331634782533E-4],[5.505918363216624E-5,2.7582760904092793E-5,1.247419124881014E-4,2.867753157775623E-4,1.327352721621601E-4,6.158070550895282E-4,4.5979695357444234E-5,1.8878582011094114E-4,0.021648499205132544,2.6533915595211388E-5,0.00635463252913903,0.0030397779533397583,9.781192364241616E-5,1.0313928077053377E-4,3.736860678195344E-4,0.004013814639842046,6.617087929879985E-4,1.288251069466992E-4,7.555904303555109E-5,1.0,0.007220010480792922,6.592544308502489E-4,2.4863755063343876E-5,0.0014515135432659734,2.869299036338588E-5,3.162667132908641E-5,4.1203989460507084E-5,0.022661521348332922,0.0012821151617236082,9.555811145793761E-5,9.759008351320092E-5,1.2317035196167977E-4,0.0053996913018760796,6.003162747474361E-5,1.8123891866431857E-4,1.9506379739929778E-4,6.476687631792676E-5,0.002649561127178144,1.811151890595861E-4,1.5431056328871976E-4,0.002215850366834213,5.1141453171528315E-5,1.9825325440002008E-5],[8.978487443298887E-4,0.007819420594745866,0.006704240669876011,0.007535663524482182,0.007870438635443946,0.005494150358932663,0.006715552877173042,0.006941633968521032,0.014094046651245246,0.008082983229087659,0.010832615153955996,0.005547690129222296,0.00988038263826068,0.0050550018185448985,0.009457194453738226,0.010580011290182134,0.00484300656412805,0.0037860890886517277,0.0020005924987470214,0.007220010480792922,1.0,0.0061652408268300304,0.006596930223288839,0.00518832573233675,9.628198109448831E-4,0.0031137301880751088,5.61971320023139E-4,0.014466775415937497,0.007909193275207827,0.003388609490747812,0.0031222954304873387,0.00904281524227164,0.011318459306349051,0.006100906861403777,0.009169164175643585,0.0016335531027388643,3.657434790122609E-4,0.008518849388637648,0.003394681420779023,0.004054966907775951,0.012327431508870682,0.008372095126808692,0.0025333023582831318],[8.604234762968903E-4,0.0011365700034362816,4.570491667369122E-4,0.0011179413311630383,4.214432681703699E-4,0.0011369092371633681,7.622807518360755E-4,4.481761099810882E-4,0.018122090603813285,2.785433698241842E-4,0.0018066653587660852,0.0035816067486911483,6.9354327133028E-4,0.0010116556220736864,0.0021278127416622635,0.005230228844366252,0.0011037048711139837,4.917674329472376E-4,3.9736404078012275E-4,6.592544308502489E-4,0.0061652408268300304,1.0,0.0010550456434392566,0.001960882721662764,3.265887916903496E-4,1.1561691939348457E-4,1.4532444741146243E-4,0.014838606425100915,0.0012520573549461532,2.2301976221351436E-4,2.2988991053500736E-4,1.732244872845318E-4,0.003114032876870565,3.110871146541677E-4,0.0010791964771775353,8.483760480393395E-4,9.043280045098936E-4,0.00452114210484146,3.568127367954563E-4,0.0011367262281060057,0.02004405650421653,0.0010635726051678107,8.551847032900159E-4],[1.3052476678874537E-4,1.9872598265107446E-5,8.067722209567833E-5,3.2071547329758906E-4,8.169715885926037E-5,2.8071391887994146E-4,4.514131117555625E-5,2.138716938559756E-4,0.023239792761042734,1.1798879030835766E-5,0.0043180529346844975,0.0010624860503810091,1.2886112827824783E-4,5.554363111617876E-5,8.948006151736045E-4,0.001645511566349227,4.8060328347999725E-4,1.0011648863138721E-4,7.908651784203914E-5,2.4863755063343876E-5,0.006596930223288839,0.0010550456434392566,1.0,0.0013118789593499108,1.8711577176822765E-5,2.6595502453902614E-5,3.592730126146882E-5,0.013955586356816835,3.8025465557723275E-4,5.763316742420466E-5,4.224096301463737E-5,5.1103078277573824E-5,0.011160515100442173,5.2708601516850365E-5,6.870187443989886E-4,6.568851783275424E-5,6.495196524711403E-5,0.0028205851947071515,1.8186418474649895E-4,9.758149500046229E-4,0.0340594707394653,1.6479076573947186E-4,1.6890819586823846E-5],[0.001543946291600352,0.0020284777810619563,5.396486141003217E-4,0.00363277388905875,0.003417429570486587,0.0012603855305319688,0.003387816610885466,0.002770028982293935,0.014888175372457447,0.002773244199922832,0.010301987555553031,0.004068742049483912,0.0026462409773940535,0.0010695276852004884,0.003937756409513177,0.010223211238148388,0.003104318119982778,0.0016927450971954525,0.00356767282927635,0.0014515135432659734,0.00518832573233675,0.001960882721662764,0.0013118789593499108,1.0,2.562959551444297E-4,0.0020677581401963786,0.0023860031247286847,0.01510059151503686,0.0037813040195619927,0.003720399390724875,6.517683566612536E-4,0.003860980811919175,0.010885510406610125,0.002669860782309496,0.0038607757968097864,0.002223760226038592,3.7263286034016415E-4,0.004513386332681435,0.002412372691011106,0.0021928577558861357,0.03107984040525441,0.0018083672690234068,0.001575380946304265],[1.560327921228319E-4,1.276426863279097E-5,1.3705106016428858E-4,4.3894573327897437E-4,5.74050086065937E-5,5.117919407634666E-4,8.46451602767464E-5,2.119283660176824E-4,0.026908297951021322,1.0801124610515456E-5,0.004474657232372566,0.0028138477042661883,1.4107092694094984E-4,1.9050616556405295E-4,0.0020789637601842307,0.007950510403070323,2.641426084896098E-4,1.015031048907839E-4,5.7260525270900056E-5,2.869299036338588E-5,9.628198109448831E-4,3.265887916903496E-4,1.8711577176822765E-5,2.562959551444297E-4,1.0,1.8457682720299066E-5,1.3990782407315104E-5,0.021020146884022105,3.6173780050100933E-4,1.3707146188074066E-4,2.1121838224434792E-5,1.1605194553267607E-4,0.011302463086536698,4.2005336230684396E-5,2.699074219189438E-4,1.3901210656509447E-4,7.449868827443452E-5,0.003995356133616251,1.991035558196721E-4,7.838651718486807E-4,0.013145052523358828,2.521256308573649E-4,1.250159913279632E-5],[8.898701250225647E-5,3.0446160428679807E-5,4.071793714755443E-5,3.4293774786515503E-4,1.5404102955466297E-4,5.705098130853618E-4,7.381164309570865E-5,1.907383467659684E-4,0.0013632632950581914,2.1982846025350054E-5,0.004666295054311582,0.0016233541858388335,1.302330394971117E-4,3.799708951922824E-5,0.0022346063641184135,0.010751748430627919,5.535176628681881E-4,1.0150826683410711E-4,1.1037578105742956E-4,3.162667132908641E-5,0.0031137301880751088,1.1561691939348457E-4,2.6595502453902614E-5,0.0020677581401963786,1.8457682720299066E-5,1.0,4.010596622155735E-5,0.020478988759690158,8.407256154046281E-4,1.4735558830779528E-4,3.648690897074079E-5,8.009573555837431E-5,0.008924681475924623,7.958339992490554E-5,6.96916524188423E-4,7.266219893450242E-5,8.655377173502298E-5,0.0032532627705352253,2.0905504542240497E-4,7.34237174705254E-4,0.03462714633918516,2.429887505118371E-4,2.897773729364268E-5],[5.525557074291681E-5,4.415920921796494E-5,8.536495002676791E-5,4.3905833024147564E-4,8.706245373319227E-5,8.320477781490587E-4,7.244760466477519E-5,1.8108249799849506E-4,0.003753255337735101,2.4680753218500843E-5,0.007635383458173424,0.0016601787656994786,6.725998954797396E-5,1.8736004664371083E-4,7.554142265149348E-4,0.004303475110979217,2.0463501005915546E-4,1.2780594411138552E-4,6.704664465729442E-5,4.1203989460507084E-5,5.61971320023139E-4,1.4532444741146243E-4,3.592730126146882E-5,0.0023860031247286847,1.3990782407315104E-5,4.010596622155735E-5,1.0,0.006339426346028325,1.9587126414085054E-4,9.910648093370089E-5,1.1705746793012473E-4,9.268259194189848E-5,0.007005281686078088,5.0931064065910804E-5,9.352482399704619E-4,1.1968391214336686E-4,8.600217896613207E-5,9.05698056583824E-4,1.8845051626044525E-4,9.950461747401028E-5,0.017722231156925207,1.3254888464156884E-4,4.694882288916687E-5],[0.008262723796299469,0.010875598216273503,6.3846674052641E-4,0.018480155553999057,2.6754188263340245E-4,0.004700582962652232,0.007883527957450743,0.006822821160574599,0.026934259445828182,0.02132478937572902,0.021556110632155064,0.007477141767306604,0.0050244665498262505,0.0238566784178469,0.003469813512504763,0.018396565534827446,0.01980019650075427,0.010767607600804429,0.011565174068261618,0.022661521348332922,0.014466775415937497,0.014838606425100915,0.013955586356816835,0.01510059151503686,0.021020146884022105,0.020478988759690158,0.006339426346028325,1.0,0.011156293434082754,0.007580542307226098,0.0023359709191654856,0.006237627112145006,0.02050589875932972,0.010290946948945274,0.0065141285755753765,0.015536535078452634,0.016017251887015964,0.01786960582290008,0.013481381265520141,0.01771655304159791,0.03304466196058494,0.00883380714710103,0.0029747523266176593],[3.121205393945885E-4,3.245146687640096E-4,0.001136121023521778,0.0012354599288027946,0.0010413034125600648,0.0012904340160462154,0.0014202271477400912,4.2933467881414706E-4,0.023592423440271376,4.212568662169727E-4,0.0024311141038352007,0.0039819741366506345,3.353584506452051E-4,5.253024773068232E-4,0.0030132283443751024,0.008975081625465281,0.001356320744273582,7.32610536127868E-4,0.0011532842180952707,0.0012821151617236082,0.007909193275207827,0.0012520573549461532,3.8025465557723275E-4,0.0037813040195619927,3.6173780050100933E-4,8.407256154046281E-4,1.9587126414085054E-4,0.011156293434082754,1.0,4.5776804898738836E-4,2.47284245104941E-4,5.303277427219624E-4,0.006242280534917186,4.481326315516531E-4,0.0014603124922612175,0.00129928212572779,0.0010469838922369057,0.0016574328416233285,4.856584349611133E-4,0.0011964235727418872,0.01144605496488262,3.3727271752511816E-4,8.947782465298732E-4],[1.5735703264599946E-4,1.170581238040073E-4,1.423946943051648E-4,2.8780067628055147E-4,2.2252925456660403E-4,9.116641962963808E-4,1.2111175902905747E-4,1.700543701829671E-4,0.0055119785780692685,1.9227823188872578E-5,0.005375549711261271,0.0025637897867604315,1.488376603130746E-4,1.903719183076655E-4,0.0025545436955810175,0.003537200570692611,6.285221859618178E-4,1.4663557097444537E-4,1.4304256009315148E-4,9.555811145793761E-5,0.003388609490747812,2.2301976221351436E-4,5.763316742420466E-5,0.003720399390724875,1.3707146188074066E-4,1.4735558830779528E-4,9.910648093370089E-5,0.007580542307226098,4.5776804898738836E-4,1.0,1.546955803069809E-4,1.4346900314021315E-4,0.003561533211033572,1.269150763844894E-4,4.261291360076749E-4,1.7589927300305476E-4,1.571031145435639E-4,0.00371595749119798,1.625308621563302E-4,3.9364300259461143E-4,0.00740912441552716,2.7358439605782456E-4,1.1222748196616275E-4],[1.2392056914727794E-4,3.1271259312170396E-5,1.2196880167616761E-4,3.298580171118707E-4,1.4963999403450257E-4,4.0990099756861646E-4,1.1306733171245937E-4,1.6932513122001463E-4,0.02757783677228599,4.0080850971558325E-5,0.00962696175251425,0.002616670847497443,1.3505359736528711E-4,1.9516325222853733E-4,0.0021168334513684763,0.0032346095426426394,6.568904845106845E-4,1.4161574365013303E-4,1.1902986134653E-4,9.759008351320092E-5,0.0031222954304873387,2.2988991053500736E-4,4.224096301463737E-5,6.517683566612536E-4,2.1121838224434792E-5,3.648690897074079E-5,1.1705746793012473E-4,0.0023359709191654856,2.47284245104941E-4,1.546955803069809E-4,1.0,1.1950161006425994E-4,0.005464132233778804,1.1399993762463336E-4,7.200361561610519E-4,1.885921469213321E-4,1.7589130668305082E-4,0.0020083794842065883,1.360211615457605E-4,2.368420022928454E-4,0.026885994725158652,1.2193267394036804E-4,1.1242969381839367E-4],[1.3680106557500092E-4,8.664143198462271E-5,1.2847547003844528E-4,2.6410078331789836E-4,2.22305378989641E-4,4.2541387721971215E-4,1.2327784507336475E-4,2.0242993399090462E-4,0.012458399298874295,1.051942345820609E-4,0.004287067786347635,0.0018940576093336135,1.365840210288705E-4,1.6091278594040497E-4,4.6381615910160757E-4,0.01072313524544113,1.3308996096021486E-4,1.364335465043153E-4,1.3240907490289454E-4,1.2317035196167977E-4,0.00904281524227164,1.732244872845318E-4,5.1103078277573824E-5,0.003860980811919175,1.1605194553267607E-4,8.009573555837431E-5,9.268259194189848E-5,0.006237627112145006,5.303277427219624E-4,1.4346900314021315E-4,1.1950161006425994E-4,1.0,0.005197003752869827,1.1192676836247465E-4,5.011927543478742E-4,1.4067222779527277E-4,1.6876462899308037E-4,0.0034259274455525684,1.5664062935546498E-4,9.713339610664607E-4,0.01576127525387516,1.7446212432117137E-4,4.7902872439068156E-5],[0.011316496107516739,2.4976382522810646E-4,0.005559494226301297,0.009122035670313064,7.590909281303939E-4,0.012521010492143526,0.0075999869259654185,0.0020223589989054056,0.021451250725168465,0.009963211273763758,0.012890382893227961,0.004771763413403081,0.005817691376128958,0.0023369505170902,0.0043290947521410226,0.013563862066688819,0.010312017288763521,0.014793993351644942,0.012009820383787388,0.0053996913018760796,0.011318459306349051,0.003114032876870565,0.011160515100442173,0.010885510406610125,0.011302463086536698,0.008924681475924623,0.007005281686078088,0.02050589875932972,0.006242280534917186,0.003561533211033572,0.005464132233778804,0.005197003752869827,1.0,0.01405038251019293,0.0023157675134187197,0.0026177692167932967,0.011080031718419045,0.005533698754875613,0.003823395549422479,0.0019085142500084207,0.015887201267241295,0.004317667490219245,0.014017645808816473],[1.1562183180846528E-4,8.597317402959668E-5,1.2478200892361742E-4,2.927814539409637E-4,1.0796702166605272E-4,4.894002952131001E-4,1.0481585033776386E-4,1.3436025134217844E-4,0.016056027967360272,9.916213399766679E-5,0.010193663584819221,0.0024664373665838164,1.1529470494725E-4,1.4673984041593374E-4,0.0012378079708590473,0.011148895238707195,0.0010853091646618601,1.0987177351015249E-4,1.2390562952061877E-4,6.003162747474361E-5,0.006100906861403777,3.110871146541677E-4,5.2708601516850365E-5,0.002669860782309496,4.2005336230684396E-5,7.958339992490554E-5,5.0931064065910804E-5,0.010290946948945274,4.481326315516531E-4,1.269150763844894E-4,1.1399993762463336E-4,1.1192676836247465E-4,0.01405038251019293,1.0,4.90262926083741E-4,1.6463446725612036E-4,1.2878931530702995E-4,1.3526082236759972E-4,1.4207173495458045E-4,6.835330491062558E-4,0.021830454446145498,2.5268710818939286E-4,4.680602809731126E-5],[3.491763184178614E-4,5.103665828936684E-4,2.1762626364128698E-4,5.723872146224231E-4,7.753634541727574E-4,0.0010807057127279662,4.933243509652736E-4,4.405329902684036E-4,0.021679137341902074,9.153305715071146E-4,0.008070748759970475,0.0027503077347180785,4.406363853656684E-4,7.60509590110364E-4,0.0012250616656120366,0.0026058060597067044,0.0010476120441124418,8.939429791089286E-4,3.100532424984698E-4,1.8123891866431857E-4,0.009169164175643585,0.0010791964771775353,6.870187443989886E-4,0.0038607757968097864,2.699074219189438E-4,6.96916524188423E-4,9.352482399704619E-4,0.0065141285755753765,0.0014603124922612175,4.261291360076749E-4,7.200361561610519E-4,5.011927543478742E-4,0.0023157675134187197,4.90262926083741E-4,1.0,5.506335337146559E-4,7.42777009280742E-4,0.0038117052243532216,4.032740104438321E-4,0.0010342060073884717,0.015855025302071803,4.7071224881724017E-4,1.6372341715478278E-4],[1.8365475929593442E-4,8.061630548870167E-5,1.7172506655459347E-4,2.981318711743474E-4,2.129082200152625E-4,5.659074484635619E-4,1.234087750048413E-4,2.1663580244208691E-4,0.010542401532069423,8.51084769317104E-5,0.009936461455571437,0.001588272841014527,2.006750192093733E-4,2.101723413198823E-4,0.0029915636549126623,0.011677622077678355,9.75805824938176E-4,1.6169272266027218E-4,1.4511781802422946E-4,1.9506379739929778E-4,0.0016335531027388643,8.483760480393395E-4,6.568851783275424E-5,0.002223760226038592,1.3901210656509447E-4,7.266219893450242E-5,1.1968391214336686E-4,0.015536535078452634,0.00129928212572779,1.7589927300305476E-4,1.885921469213321E-4,1.4067222779527277E-4,0.0026177692167932967,1.6463446725612036E-4,5.506335337146559E-4,1.0,1.9221233576342697E-4,0.004910291308306744,2.3034017218750955E-4,3.233932839505617E-4,0.013547055811084958,2.4377169505350997E-4,1.353914971037108E-5],[1.6873386155997607E-4,8.3067584232746E-5,1.7103049629893074E-4,4.2406443436800406E-4,2.1534962375684876E-4,7.594020070508299E-4,1.2053658050123058E-4,1.9197143606690381E-4,0.001106185440959142,1.4421321794177378E-4,0.006662507346737004,0.0033160527214058854,1.5235960149827778E-4,2.0680515292448957E-4,0.0010072519410139,0.0013744451900476607,8.529779190187975E-4,1.527904861341238E-4,1.6613006267568556E-4,6.476687631792676E-5,3.657434790122609E-4,9.043280045098936E-4,6.495196524711403E-5,3.7263286034016415E-4,7.449868827443452E-5,8.655377173502298E-5,8.600217896613207E-5,0.016017251887015964,0.0010469838922369057,1.571031145435639E-4,1.7589130668305082E-4,1.6876462899308037E-4,0.011080031718419045,1.2878931530702995E-4,7.42777009280742E-4,1.9221233576342697E-4,1.0,0.003280140735177585,2.3513625152802795E-4,2.464461468904308E-4,0.026949533401089097,1.9749715098712025E-4,1.0644502516975968E-4],[0.0032121878995397322,0.002343153158471849,0.0011783630431196248,0.004968611695477529,0.0010450153899991756,0.001281533295065629,0.0031370962939999106,9.104780009443353E-4,0.0250498624463424,0.0026399515102843232,0.00950880691105124,0.004641429404061631,0.003371910732350195,0.0021450680694085214,0.0049871815531694254,0.007530663300847796,0.0011384319267514224,0.0035370554652492236,0.003931992669360925,0.002649561127178144,0.008518849388637648,0.00452114210484146,0.0028205851947071515,0.004513386332681435,0.003995356133616251,0.0032532627705352253,9.05698056583824E-4,0.01786960582290008,0.0016574328416233285,0.00371595749119798,0.0020083794842065883,0.0034259274455525684,0.005533698754875613,1.3526082236759972E-4,0.0038117052243532216,0.004910291308306744,0.003280140735177585,1.0,0.00403295648665457,0.002118474043824698,0.006545246838006447,0.0050839065238132315,0.0032206571790975892],[1.7053921134572457E-4,1.0526824138598461E-4,2.1836695264131135E-4,3.5258475366042993E-4,2.311689102111315E-4,4.674276802348171E-4,1.5202975347269586E-4,2.3638875095579345E-4,0.009871794745568142,2.3332732297145353E-5,0.010472827511300343,0.002425192548807456,1.5147106450293758E-4,2.3713934639117115E-4,7.381400756532992E-4,0.004105070272943246,6.122563081578356E-4,1.7747609992059023E-4,2.096676420876969E-4,1.811151890595861E-4,0.003394681420779023,3.568127367954563E-4,1.8186418474649895E-4,0.002412372691011106,1.991035558196721E-4,2.0905504542240497E-4,1.8845051626044525E-4,0.013481381265520141,4.856584349611133E-4,1.625308621563302E-4,1.360211615457605E-4,1.5664062935546498E-4,0.003823395549422479,1.4207173495458045E-4,4.032740104438321E-4,2.3034017218750955E-4,2.3513625152802795E-4,0.00403295648665457,1.0,5.522975988793326E-4,0.021912515009648813,2.493011774759142E-4,1.984590823790032E-4],[6.175911548359072E-4,9.93749671075975E-4,7.899582540329175E-4,9.058506046191854E-4,3.521852605277517E-4,0.0010958695121984997,4.2691606597105864E-4,4.316711408593564E-4,0.0283323247254807,6.495581776077207E-4,0.006881699792098808,0.0014049275164146875,9.313815471821134E-4,0.001008305446152754,0.0029639144679049273,0.011588313526072508,0.0010857763300760044,3.5548482549726287E-4,2.1344001213465967E-4,1.5431056328871976E-4,0.004054966907775951,0.0011367262281060057,9.758149500046229E-4,0.0021928577558861357,7.838651718486807E-4,7.34237174705254E-4,9.950461747401028E-5,0.01771655304159791,0.0011964235727418872,3.9364300259461143E-4,2.368420022928454E-4,9.713339610664607E-4,0.0019085142500084207,6.835330491062558E-4,0.0010342060073884717,3.233932839505617E-4,2.464461468904308E-4,0.002118474043824698,5.522975988793326E-4,1.0,0.03303419491619452,8.577765230884439E-4,0.0010822644780888945],[0.01185392707964997,0.008191554994919257,0.010811083302869137,0.03333043439490632,0.01698578096170368,0.031468264976952695,0.01607393131186378,0.028707927867910085,0.03137273960124835,0.013085274173362672,0.011944114562360782,0.014498770661757207,0.03062788827827684,0.02451343887888858,0.020116997290616216,0.03230913249580056,0.02806105794015166,0.012736229834002607,0.012162616141819434,0.002215850366834213,0.012327431508870682,0.02004405650421653,0.0340594707394653,0.03107984040525441,0.013145052523358828,0.03462714633918516,0.017722231156925207,0.03304466196058494,0.01144605496488262,0.00740912441552716,0.026885994725158652,0.01576127525387516,0.015887201267241295,0.021830454446145498,0.015855025302071803,0.013547055811084958,0.026949533401089097,0.006545246838006447,0.021912515009648813,0.03303419491619452,1.0,0.024705140177286995,0.033698074443301675],[1.8934901903006133E-4,1.4069226619678186E-4,2.7427886300438695E-4,3.224513861331134E-4,2.639235810839778E-4,0.0010034286074140854,1.3184368115228587E-4,2.4189749491951315E-4,0.02023713088326025,5.450780140566261E-5,0.006048352961421725,0.0017469899448591115,2.3268278271302873E-4,2.632479559239416E-4,0.0010748631221536495,0.0035611568127956942,0.0010700773869112617,1.7145107427193881E-4,1.881559512197031E-4,5.1141453171528315E-5,0.008372095126808692,0.0010635726051678107,1.6479076573947186E-4,0.0018083672690234068,2.521256308573649E-4,2.429887505118371E-4,1.3254888464156884E-4,0.00883380714710103,3.3727271752511816E-4,2.7358439605782456E-4,1.2193267394036804E-4,1.7446212432117137E-4,0.004317667490219245,2.5268710818939286E-4,4.7071224881724017E-4,2.4377169505350997E-4,1.9749715098712025E-4,0.0050839065238132315,2.493011774759142E-4,8.577765230884439E-4,0.024705140177286995,1.0,5.363503061787796E-5],[6.977170419627095E-5,1.2726657180710868E-5,1.2898672821786685E-4,1.554188612825701E-4,8.792441496676265E-5,4.728900905834716E-5,3.944770649669705E-5,1.8498872525370125E-4,0.015865558261813517,1.1979429509249449E-5,0.00932847592571679,0.0014489949000815944,1.2893340736800412E-4,7.593938988921966E-5,0.002036518511616076,0.007433876201722991,7.2233787958848E-4,1.252381954562156E-4,1.0109331634782533E-4,1.9825325440002008E-5,0.0025333023582831318,8.551847032900159E-4,1.6890819586823846E-5,0.001575380946304265,1.250159913279632E-5,2.897773729364268E-5,4.694882288916687E-5,0.0029747523266176593,8.947782465298732E-4,1.1222748196616275E-4,1.1242969381839367E-4,4.7902872439068156E-5,0.014017645808816473,4.680602809731126E-5,1.6372341715478278E-4,1.353914971037108E-5,1.0644502516975968E-4,0.0032206571790975892,1.984590823790032E-4,0.0010822644780888945,0.033698074443301675,5.363503061787796E-5,1.0]]