[[1.0, 0.4835552859682999, 0.5630880906250195, 0.6250991124522037, 0.7671309683025646, 0.6416614800773042, 0.4258550652971005, 0.5337174621321505, 0.5480203817617667, 0.20799625725218784, 0.9793436994004158, 0.7029870852863292, 0.313225180528091, 0.8333131852288781, 0.0747426127289369, 0.8968673620337301, 0.7332212611432964, 0.5029247152316699, 0.20408282173548475, 0.6767440107244652, 0.9690941679471912, 0.228652934153333, 0.5266600163567213, 0.25658764933735045, 0.3445480337094403, 0.7276911961863815, 0.3443900116749301, 0.6115069074029968, 0.45079162428729325, 0.1426790107290049, 0.9753872941099766, 0.9337509336476008, 0.6694025864890512, 0.7453341597668629, 0.13047146748177696], [0.4835552859682999, 1.0, 0.34989343935296036, 0.030872316126197563, 0.8930360705846876, 0.8356344422252043, 0.9579008876337348, 0.8897422599608797, 0.04156753251159995, 0.46916257327613453, 0.4135475654640054, 0.3935362260785137, 0.829561832788134, 0.88673957421535, 0.376290307198875, 0.9329300875309656, 0.18184586808048042, 0.5419374893225662, 0.013488156734685508, 0.8232141996377217, 0.3455040838207958, 0.12132537802595433, 0.5066807669410545, 0.1991503773425145, 0.6805197603984078, 0.32912252547585163, 0.04174233712620179, 0.2926894809661075, 0.2570426710861491, 0.07003513510384662, 0.8883005055106402, 0.8419078653982307, 0.4896470556686091, 0.1629237725947127, 0.9944324520812442], [0.5630880906250195, 0.34989343935296036, 1.0, 0.9712927202095036, 0.9024401615157567, 0.15216095649399852, 0.705374205767499, 0.6082321300521291, 0.7513086978387279, 0.49846677204078393, 0.3346689904626363, 0.3744451124982888, 0.27292756857285505, 0.032155419255576745, 0.9721545971184142, 0.26171463298188424, 0.7187277395768864, 0.026019942260682605, 0.11774478593191473, 0.4516527744861425, 0.25998385524995127, 0.8265354510464186, 0.5132414334243, 0.779240003894121, 0.3635885159971519, 0.228106775822711, 0.6229067616025878, 0.29390994800789516, 0.10038990441300344, 0.11775131098494318, 0.7787858115001504, 0.9762665327148189, 0.5694259818628569, 0.9579165120505103, 0.3041163973660499], [0.6250991124522037, 0.030872316126197563, 0.9712927202095036, 1.0, 0.005358058077061356, 0.8112034847123782, 0.30988946257667505, 0.0991256368432355, 0.5724928927142322, 0.4873711515303881, 0.4277294719250643, 0.37122301189078233, 0.18515033363664568, 0.04662812911241232, 0.12182413745457166, 0.22754728733436114, 0.21880366470210244, 0.2827398780667011, 0.7887046351091246, 0.14296853037630686, 0.43642709422547965, 0.5359661189466899, 0.11956587689333775, 0.9902837709544471, 0.8034429388108479, 0.7353726844093971, 0.21467408688009004, 0.839463613130388, 0.807835338282817, 0.22323722526700351, 0.9818706539080347, 0.324313795980011, 0.6594586985426838, 0.10596283374963833, 0.8238292591979289], [0.7671309683025646, 0.8930360705846876, 0.9024401615157567, 0.005358058077061356, 1.0, 0.7461384519113208, 0.15663243125484883, 0.4200367460783321, 0.6587402361367776, 0.1632216567538708, 0.8830812540406672, 0.0471894520134154, 0.6327072889504213, 0.8574897693623451, 0.7958952656765145, 0.8629079956306778, 0.979703288710013, 0.7622570676504984, 0.7131252367025845, 0.9145885590604176, 0.523389699050421, 0.16161429799085103, 0.642908704368045, 0.8802945691070019, 0.6144446219169435, 0.2627528773920511, 0.7206903967656771, 0.8971615092612664, 0.1677154612300097, 0.7508013264144098, 0.9414455093084984, 0.7850473945992992, 0.679881913723958, 0.8178292367073482, 0.16956217671566043], [0.6416614800773042, 0.8356344422252043, 0.15216095649399852, 0.8112034847123782, 0.7461384519113208, 1.0, 0.27294590000136554, 0.849636007818004, 0.039369594075290615, 0.5505316750747039, 0.4926166227718496, 0.48213879330778575, 0.9818038552029636, 0.9827859847769598, 0.8919761856396295, 0.3174005097386565, 0.4425392068111307, 0.019591539268382308, 0.8528200434746599, 0.042250607680497376, 0.4945648563016294, 0.6122733914131088, 0.5825015053051865, 0.8767461930289437, 0.9370299575572274, 0.5303436836044872, 0.5215728280144458, 0.6306008675895737, 0.5488858557092686, 0.5249597074844332, 0.9080460502548041, 0.5582566624593067, 0.9774985833236637, 0.15715741903899927, 0.703080487722664], [0.4258550652971005, 0.9579008876337348, 0.705374205767499, 0.30988946257667505, 0.15663243125484883, 0.27294590000136554, 1.0, 0.48233217957698915, 0.9804538693287336, 0.27523565861292676, 0.8217271355434314, 0.0688306796485626, 0.3451376915180532, 0.43350196685590625, 0.007568735918022651, 0.6886677201440462, 0.04082044050029965, 0.8545850339496103, 0.16281761784940918, 0.09093928768234716, 0.5257674806754642, 0.3387164173098467, 0.4232286132983403, 0.14706414054986028, 0.7062632956895136, 0.6189617867739278, 0.6290708271963463, 0.9801906747652682, 0.4055776481235728, 0.6345879295623553, 0.4364304962781993, 0.3366976563076304, 0.5514945516021864, 0.7184034479479431, 0.736280687133989], [0.5337174621321505, 0.8897422599608797, 0.6082321300521291, 0.0991256368432355, 0.4200367460783321, 0.849636007818004, 0.48233217957698915, 1.0, 0.9907534996685587, 0.035752441696663695, 0.02025726111380355, 0.7358159263931147, 0.13586030808006144, 0.5015156927414511, 0.23613568175332922, 0.6474984720767465, 0.3721083683046813, 0.3265211284314836, 0.9696820726724626, 0.6070364654953079, 0.7128756738156509, 0.09953156473044589, 0.7555602124711716, 0.8898356721266951, 0.36638010980032354, 0.23362466421597938, 0.11210367651739261, 0.40406269061121347, 0.48255278394092793, 0.7387798042545417, 0.3320314169255745, 0.07261740655149729, 0.4369129710751337, 0.25831156141454914, 0.3717405274558053], [0.5480203817617667, 0.04156753251159995, 0.7513086978387279, 0.5724928927142322, 0.6587402361367776, 0.039369594075290615, 0.9804538693287336, 0.9907534996685587, 1.0, 0.9307055297768204, 0.35562802356057543, 0.9812757015790435, 0.7408940736028596, 0.39643016106931506, 0.7203788309633921, 0.03167353312590648, 0.3061592676514594, 0.013273694355797727, 0.5158181830250564, 0.901361633005173, 0.14415415309015178, 0.7620842023724954, 0.47503569639012466, 0.8584728349361777, 0.8907919739063167, 0.32796218806608457, 0.5489375241556524, 0.4884824196426919, 0.04610291899315577, 0.9445830906826785, 0.9531764477727375, 0.7180358572605536, 0.3528705796798547, 0.9001743773355791, 0.4528534351348644], [0.20799625725218784, 0.46916257327613453, 0.49846677204078393, 0.4873711515303881, 0.1632216567538708, 0.5505316750747039, 0.27523565861292676, 0.035752441696663695, 0.9307055297768204, 1.0, 0.6221950935545163, 0.3592445106047488, 0.6928885422554419, 0.8906360406391406, 0.6072358075955501, 0.21135359775651985, 0.7174637423216226, 0.6579434810964242, 0.1300484823927498, 0.131094739063079, 0.603220901456675, 0.47859766794702074, 0.5632625439917389, 0.9588672958043846, 0.920793423527539, 0.2492974735726069, 0.5665660472514299, 0.7543906613880471, 0.08309614566877466, 0.17992820624793648, 0.08047117776887536, 0.7091752745465699, 0.7107753189972797, 0.43447162819964824, 0.754564054886721], [0.9793436994004158, 0.4135475654640054, 0.3346689904626363, 0.4277294719250643, 0.8830812540406672, 0.4926166227718496, 0.8217271355434314, 0.02025726111380355, 0.35562802356057543, 0.6221950935545163, 1.0, 0.2050295975344696, 0.3164118676694637, 0.9011002402725086, 0.07982963762564521, 0.06638222333533605, 0.1990618870951948, 0.07085920854050587, 0.6888167802010656, 0.14956244100653626, 0.8313428865650148, 0.8597216635481902, 0.8663161111467429, 0.9013277937421987, 0.3820271043316814, 0.935407485830884, 0.7390780429460262, 0.47956817790467243, 0.35563889677877547, 0.17079928287699275, 0.6529028397463276, 0.711025445884335, 0.06720689816870407, 0.19771442538818818, 0.6521906764278561], [0.7029870852863292, 0.3935362260785137, 0.3744451124982888, 0.37122301189078233, 0.0471894520134154, 0.48213879330778575, 0.0688306796485626, 0.7358159263931147, 0.9812757015790435, 0.3592445106047488, 0.2050295975344696, 1.0, 0.33976222430913394, 0.8813732580425052, 0.4219122149274477, 0.7069107461791357, 0.4157656519357963, 0.5279097463778146, 0.3910117293406373, 0.910297212533881, 0.47199459634821295, 0.12400809171853877, 0.9763010795250884, 0.5608802663929745, 0.15238767741788162, 0.3342458792719417, 0.14069620215588707, 0.8711875060753812, 0.9582335074163345, 0.20515818165497057, 0.643795876833649, 0.44657142572031105, 0.7999956667065586, 0.4582612313338248, 0.881171839939422], [0.313225180528091, 0.829561832788134, 0.27292756857285505, 0.18515033363664568, 0.6327072889504213, 0.9818038552029636, 0.3451376915180532, 0.13586030808006144, 0.7408940736028596, 0.6928885422554419, 0.3164118676694637, 0.33976222430913394, 1.0, 0.0930145977592115, 0.647216820322743, 0.8072347252994618, 0.41221504486981786, 0.12664523500147562, 0.6727980060418132, 0.10437465078552721, 0.6577652704032203, 0.7937988714707669, 0.7548716499675053, 0.1718880098896094, 0.7457467693977682, 0.3832203864868118, 0.4385372279068598, 0.6569088101931027, 0.8828722613900788, 0.004811454877755694, 0.7043865831969446, 0.7286596909065112, 0.414554675884938, 0.8326152027232859, 0.2887630275121773], [0.8333131852288781, 0.88673957421535, 0.032155419255576745, 0.04662812911241232, 0.8574897693623451, 0.9827859847769598, 0.43350196685590625, 0.5015156927414511, 0.39643016106931506, 0.8906360406391406, 0.9011002402725086, 0.8813732580425052, 0.0930145977592115, 1.0, 0.7125242403736441, 0.03234279709088683, 0.011285729897549501, 0.3697638692435494, 0.033500745033294144, 0.9433279287410419, 0.901385012966664, 0.785804235703844, 0.14687547421590663, 0.5451232551085712, 0.6239992005341876, 0.7642648403569502, 0.4909128335428422, 0.0821166838621551, 0.688714195429444, 0.10289321906351545, 0.196368112767502, 0.9495711241395085, 0.6709527684993349, 0.8803507385973696, 0.7363714032698004], [0.0747426127289369, 0.376290307198875, 0.9721545971184142, 0.12182413745457166, 0.7958952656765145, 0.8919761856396295, 0.007568735918022651, 0.23613568175332922, 0.7203788309633921, 0.6072358075955501, 0.07982963762564521, 0.4219122149274477, 0.647216820322743, 0.7125242403736441, 1.0, 0.5984308804680387, 0.43080190546926544, 0.025286653275912063, 0.31302083522497337, 0.29381684306220024, 0.7599036515452096, 0.6531054921884921, 0.9535570898926391, 0.74349559160541, 0.5298067525611313, 0.6005376287462868, 0.3243117120295962, 0.7055576068768092, 0.38087478962918153, 0.0518729595136832, 0.4602112511468297, 0.6003049092391365, 0.16463383313056967, 0.046523740668680036, 0.936895411193263], [0.8968673620337301, 0.9329300875309656, 0.26171463298188424, 0.22754728733436114, 0.8629079956306778, 0.3174005097386565, 0.6886677201440462, 0.6474984720767465, 0.03167353312590648, 0.21135359775651985, 0.06638222333533605, 0.7069107461791357, 0.8072347252994618, 0.03234279709088683, 0.5984308804680387, 1.0, 0.7139027569977578, 0.29165445233834053, 0.6390139194861689, 0.5176298586508672, 0.7671570368059407, 0.8906726175949529, 0.28285792451829295, 0.6843192785543615, 0.4624262789907735, 0.697305561918524, 0.7517085638025164, 0.9211596636124197, 0.3718869943935992, 0.39173356822854144, 0.7396327498853388, 0.5291562491341105, 0.1473888660283914, 0.41978187117773635, 0.16539748584021285], [0.7332212611432964, 0.18184586808048042, 0.7187277395768864, 0.21880366470210244, 0.979703288710013, 0.4425392068111307, 0.04082044050029965, 0.3721083683046813, 0.3061592676514594, 0.7174637423216226, 0.1990618870951948, 0.4157656519357963, 0.41221504486981786, 0.011285729897549501, 0.43080190546926544, 0.7139027569977578, 1.0, 0.5683356334294911, 0.6610739440682185, 0.5773044201353759, 0.06680626565476888, 0.8709246586127659, 0.7645465837438534, 0.13930067494589937, 0.1294500616220171, 0.05855048275315844, 0.16008526516596622, 0.7514837845357928, 0.6812285443659994, 0.11919471963842343, 0.19039828087184663, 0.8124045553334728, 0.958906998513573, 0.1004678743437416, 0.17868196149451843], [0.5029247152316699, 0.5419374893225662, 0.026019942260682605, 0.2827398780667011, 0.7622570676504984, 0.019591539268382308, 0.8545850339496103, 0.3265211284314836, 0.013273694355797727, 0.6579434810964242, 0.07085920854050587, 0.5279097463778146, 0.12664523500147562, 0.3697638692435494, 0.025286653275912063, 0.29165445233834053, 0.5683356334294911, 1.0, 0.13353695223391326, 0.5782863741201635, 0.4839829591236343, 0.9176067606353382, 0.5663844100172016, 0.7172353139639417, 0.4374741284423853, 0.7778658776279097, 0.6690400886715147, 0.3677279696751711, 0.565536924626033, 0.25812722578844927, 0.6269442766701361, 0.987701852581677, 0.09705442917035667, 0.1821014489934606, 0.0015768584249122863], [0.20408282173548475, 0.013488156734685508, 0.11774478593191473, 0.7887046351091246, 0.7131252367025845, 0.8528200434746599, 0.16281761784940918, 0.9696820726724626, 0.5158181830250564, 0.1300484823927498, 0.6888167802010656, 0.3910117293406373, 0.6727980060418132, 0.033500745033294144, 0.31302083522497337, 0.6390139194861689, 0.6610739440682185, 0.13353695223391326, 1.0, 0.15386321673242687, 0.7814686308943212, 0.32175560596058106, 0.17462083383157345, 0.8639687266820879, 0.8584609898126785, 0.2245088835329172, 0.7309266371874099, 0.9592755064214414, 0.2268079045280209, 0.4503957535385952, 0.8996638129498596, 0.5066818128070935, 0.7112985592325791, 0.7782332889585738, 0.6912115887034673], [0.6767440107244652, 0.8232141996377217, 0.4516527744861425, 0.14296853037630686, 0.9145885590604176, 0.042250607680497376, 0.09093928768234716, 0.6070364654953079, 0.901361633005173, 0.131094739063079, 0.14956244100653626, 0.910297212533881, 0.10437465078552721, 0.9433279287410419, 0.29381684306220024, 0.5176298586508672, 0.5773044201353759, 0.5782863741201635, 0.15386321673242687, 1.0, 0.37740591388984956, 0.8091045230543307, 0.7382869108094858, 0.6960756544635552, 0.6783603827198081, 0.1388018971090037, 0.6883421920297157, 0.9013827374081742, 0.12938309543303972, 0.01216659791651431, 0.9975295201876834, 0.06768258779762026, 0.5719662147140601, 0.5766178462151677, 0.5946110421600581], [0.9690941679471912, 0.3455040838207958, 0.25998385524995127, 0.43642709422547965, 0.523389699050421, 0.4945648563016294, 0.5257674806754642, 0.7128756738156509, 0.14415415309015178, 0.603220901456675, 0.8313428865650148, 0.47199459634821295, 0.6577652704032203, 0.901385012966664, 0.7599036515452096, 0.7671570368059407, 0.06680626565476888, 0.4839829591236343, 0.7814686308943212, 0.37740591388984956, 1.0, 0.17001513476252728, 0.794427700159226, 0.963107271028016, 0.4135594712141252, 0.18023649604988978, 0.676709952704583, 0.8141994607891598, 0.6324187689971604, 0.5442970532176196, 0.4629472654808213, 0.10391277308284252, 0.48972670597782464, 0.5525874487609507, 0.23954546349183714], [0.228652934153333, 0.12132537802595433, 0.8265354510464186, 0.5359661189466899, 0.16161429799085103, 0.6122733914131088, 0.3387164173098467, 0.09953156473044589, 0.7620842023724954, 0.47859766794702074, 0.8597216635481902, 0.12400809171853877, 0.7937988714707669, 0.785804235703844, 0.6531054921884921, 0.8906726175949529, 0.8709246586127659, 0.9176067606353382, 0.32175560596058106, 0.8091045230543307, 0.17001513476252728, 1.0, 0.276092407091571, 0.6670176118769182, 0.2921856824591621, 0.7299260025546057, 0.12560999000447637, 0.1562353935525207, 0.1868209961803715, 0.19292778013252465, 0.24363582397040484, 0.40105132323373927, 0.958157719689465, 0.13361640936659036, 0.5763905157040586], [0.5266600163567213, 0.5066807669410545, 0.5132414334243, 0.11956587689333775, 0.642908704368045, 0.5825015053051865, 0.4232286132983403, 0.7555602124711716, 0.47503569639012466, 0.5632625439917389, 0.8663161111467429, 0.9763010795250884, 0.7548716499675053, 0.14687547421590663, 0.9535570898926391, 0.28285792451829295, 0.7645465837438534, 0.5663844100172016, 0.17462083383157345, 0.7382869108094858, 0.794427700159226, 0.276092407091571, 1.0, 0.22172912604326644, 0.03074628526380041, 0.7209714824374499, 0.29775746960044047, 0.3901116734421687, 0.6964778558413732, 0.8433097295618056, 0.655160660554359, 0.6297056459162774, 0.6315838612086032, 0.13743773259982617, 0.4085825063927869], [0.25658764933735045, 0.1991503773425145, 0.779240003894121, 0.9902837709544471, 0.8802945691070019, 0.8767461930289437, 0.14706414054986028, 0.8898356721266951, 0.8584728349361777, 0.9588672958043846, 0.9013277937421987, 0.5608802663929745, 0.1718880098896094, 0.5451232551085712, 0.74349559160541, 0.6843192785543615, 0.13930067494589937, 0.7172353139639417, 0.8639687266820879, 0.6960756544635552, 0.963107271028016, 0.6670176118769182, 0.22172912604326644, 1.0, 0.2745221326058077, 0.761235663798578, 0.31364750454760315, 0.9940078644733585, 0.6250634578393868, 0.21464669501003453, 0.5377621789705482, 0.19111897034749814, 0.9841349996725837, 0.25034792964596786, 0.6802326296843727], [0.3445480337094403, 0.6805197603984078, 0.3635885159971519, 0.8034429388108479, 0.6144446219169435, 0.9370299575572274, 0.7062632956895136, 0.36638010980032354, 0.8907919739063167, 0.920793423527539, 0.3820271043316814, 0.15238767741788162, 0.7457467693977682, 0.6239992005341876, 0.5298067525611313, 0.4624262789907735, 0.1294500616220171, 0.4374741284423853, 0.8584609898126785, 0.6783603827198081, 0.4135594712141252, 0.2921856824591621, 0.03074628526380041, 0.2745221326058077, 1.0, 0.40088181174455617, 0.09399980109472617, 0.9505422807607746, 0.26452273268492554, 0.6384286902486719, 0.4348991707973743, 0.9358126622670195, 0.6277141921704511, 0.5614435783495906, 0.8413138173852412], [0.7276911961863815, 0.32912252547585163, 0.228106775822711, 0.7353726844093971, 0.2627528773920511, 0.5303436836044872, 0.6189617867739278, 0.23362466421597938, 0.32796218806608457, 0.2492974735726069, 0.935407485830884, 0.3342458792719417, 0.3832203864868118, 0.7642648403569502, 0.6005376287462868, 0.697305561918524, 0.05855048275315844, 0.7778658776279097, 0.2245088835329172, 0.1388018971090037, 0.18023649604988978, 0.7299260025546057, 0.7209714824374499, 0.761235663798578, 0.40088181174455617, 1.0, 0.7546354184917545, 0.5579299157584886, 0.6989091524615353, 0.18497994373407944, 0.6734722459534547, 0.5077128338058667, 0.6341982371367874, 0.09741827085848054, 0.5282894158174279], [0.3443900116749301, 0.04174233712620179, 0.6229067616025878, 0.21467408688009004, 0.7206903967656771, 0.5215728280144458, 0.6290708271963463, 0.11210367651739261, 0.5489375241556524, 0.5665660472514299, 0.7390780429460262, 0.14069620215588707, 0.4385372279068598, 0.4909128335428422, 0.3243117120295962, 0.7517085638025164, 0.16008526516596622, 0.6690400886715147, 0.7309266371874099, 0.6883421920297157, 0.676709952704583, 0.12560999000447637, 0.29775746960044047, 0.31364750454760315, 0.09399980109472617, 0.7546354184917545, 1.0, 0.2727937701010673, 0.21229963653928685, 0.4336387734116687, 0.243711859692595, 0.5992633790328251, 0.793410825313349, 0.793811144631889, 0.9365426273697107], [0.6115069074029968, 0.2926894809661075, 0.29390994800789516, 0.839463613130388, 0.8971615092612664, 0.6306008675895737, 0.9801906747652682, 0.40406269061121347, 0.4884824196426919, 0.7543906613880471, 0.47956817790467243, 0.8711875060753812, 0.6569088101931027, 0.0821166838621551, 0.7055576068768092, 0.9211596636124197, 0.7514837845357928, 0.3677279696751711, 0.9592755064214414, 0.9013827374081742, 0.8141994607891598, 0.1562353935525207, 0.3901116734421687, 0.9940078644733585, 0.9505422807607746, 0.5579299157584886, 0.2727937701010673, 1.0, 0.521790391646633, 0.0883310259011737, 0.16312919875040288, 0.785072078811447, 0.7742373589851711, 0.28715752313858056, 0.6247029283186705], [0.45079162428729325, 0.2570426710861491, 0.10038990441300344, 0.807835338282817, 0.1677154612300097, 0.5488858557092686, 0.4055776481235728, 0.48255278394092793, 0.04610291899315577, 0.08309614566877466, 0.35563889677877547, 0.9582335074163345, 0.8828722613900788, 0.688714195429444, 0.38087478962918153, 0.3718869943935992, 0.6812285443659994, 0.565536924626033, 0.2268079045280209, 0.12938309543303972, 0.6324187689971604, 0.1868209961803715, 0.6964778558413732, 0.6250634578393868, 0.26452273268492554, 0.6989091524615353, 0.21229963653928685, 0.521790391646633, 1.0, 0.300998668549588, 0.5010272871870852, 0.8469276391910326, 0.2206142264226374, 0.8484853013499047, 0.9475346912684214], [0.1426790107290049, 0.07003513510384662, 0.11775131098494318, 0.22323722526700351, 0.7508013264144098, 0.5249597074844332, 0.6345879295623553, 0.7387798042545417, 0.9445830906826785, 0.17992820624793648, 0.17079928287699275, 0.20515818165497057, 0.004811454877755694, 0.10289321906351545, 0.0518729595136832, 0.39173356822854144, 0.11919471963842343, 0.25812722578844927, 0.4503957535385952, 0.01216659791651431, 0.5442970532176196, 0.19292778013252465, 0.8433097295618056, 0.21464669501003453, 0.6384286902486719, 0.18497994373407944, 0.4336387734116687, 0.0883310259011737, 0.300998668549588, 1.0, 0.4426810942503976, 0.7944129293276839, 0.5220178370436349, 0.5228693017214506, 0.9642321912053506], [0.9753872941099766, 0.8883005055106402, 0.7787858115001504, 0.9818706539080347, 0.9414455093084984, 0.9080460502548041, 0.4364304962781993, 0.3320314169255745, 0.9531764477727375, 0.08047117776887536, 0.6529028397463276, 0.643795876833649, 0.7043865831969446, 0.196368112767502, 0.4602112511468297, 0.7396327498853388, 0.19039828087184663, 0.6269442766701361, 0.8996638129498596, 0.9975295201876834, 0.4629472654808213, 0.24363582397040484, 0.655160660554359, 0.5377621789705482, 0.4348991707973743, 0.6734722459534547, 0.243711859692595, 0.16312919875040288, 0.5010272871870852, 0.4426810942503976, 1.0, 0.1077261969691573, 0.6982250260759377, 0.8854550799575998, 0.9299436773915787], [0.9337509336476008, 0.8419078653982307, 0.9762665327148189, 0.324313795980011, 0.7850473945992992, 0.5582566624593067, 0.3366976563076304, 0.07261740655149729, 0.7180358572605536, 0.7091752745465699, 0.711025445884335, 0.44657142572031105, 0.7286596909065112, 0.9495711241395085, 0.6003049092391365, 0.5291562491341105, 0.8124045553334728, 0.987701852581677, 0.5066818128070935, 0.06768258779762026, 0.10391277308284252, 0.40105132323373927, 0.6297056459162774, 0.19111897034749814, 0.9358126622670195, 0.5077128338058667, 0.5992633790328251, 0.785072078811447, 0.8469276391910326, 0.7944129293276839, 0.1077261969691573, 1.0, 0.6131781173652988, 0.9610870825849704, 0.575508737370541], [0.6694025864890512, 0.4896470556686091, 0.5694259818628569, 0.6594586985426838, 0.679881913723958, 0.9774985833236637, 0.5514945516021864, 0.4369129710751337, 0.3528705796798547, 0.7107753189972797, 0.06720689816870407, 0.7999956667065586, 0.414554675884938, 0.6709527684993349, 0.16463383313056967, 0.1473888660283914, 0.958906998513573, 0.09705442917035667, 0.7112985592325791, 0.5719662147140601, 0.48972670597782464, 0.958157719689465, 0.6315838612086032, 0.9841349996725837, 0.6277141921704511, 0.6341982371367874, 0.793410825313349, 0.7742373589851711, 0.2206142264226374, 0.5220178370436349, 0.6982250260759377, 0.6131781173652988, 1.0, 0.1434514136496513, 0.5236645688779393], [0.7453341597668629, 0.1629237725947127, 0.9579165120505103, 0.10596283374963833, 0.8178292367073482, 0.15715741903899927, 0.7184034479479431, 0.25831156141454914, 0.9001743773355791, 0.43447162819964824, 0.19771442538818818, 0.4582612313338248, 0.8326152027232859, 0.8803507385973696, 0.046523740668680036, 0.41978187117773635, 0.1004678743437416, 0.1821014489934606, 0.7782332889585738, 0.5766178462151677, 0.5525874487609507, 0.13361640936659036, 0.13743773259982617, 0.25034792964596786, 0.5614435783495906, 0.09741827085848054, 0.793811144631889, 0.28715752313858056, 0.8484853013499047, 0.5228693017214506, 0.8854550799575998, 0.9610870825849704, 0.1434514136496513, 1.0, 0.6121173082055824], [0.13047146748177696, 0.9944324520812442, 0.3041163973660499, 0.8238292591979289, 0.16956217671566043, 0.703080487722664, 0.736280687133989, 0.3717405274558053, 0.4528534351348644, 0.754564054886721, 0.6521906764278561, 0.881171839939422, 0.2887630275121773, 0.7363714032698004, 0.936895411193263, 0.16539748584021285, 0.17868196149451843, 0.0015768584249122863, 0.6912115887034673, 0.5946110421600581, 0.23954546349183714, 0.5763905157040586, 0.4085825063927869, 0.6802326296843727, 0.8413138173852412, 0.5282894158174279, 0.9365426273697107, 0.6247029283186705, 0.9475346912684214, 0.9642321912053506, 0.9299436773915787, 0.575508737370541, 0.5236645688779393, 0.6121173082055824, 1.0]]