[[1.0,0.0021796387150833326,0.0024711579199257474,0.001341580852524993,0.0021372732391048716,0.00223243904803115,0.002784259527397531,0.007661812615205156,8.786906224414717E-4,0.0023384747686748188,0.0028006890003499344,0.002542131933536006,0.002338703933527689,0.0024105158478363526,0.002477628775464836,0.0027712929905510113,0.0017849696035965605,0.002577559088228959,0.002849881566508721,2.9816027468850323E-4,6.332062636612934E-5,0.0028741982425686935,0.0010521540865543984,0.0028790204242337717,3.6608936717384406E-4,0.0014166736038378897,0.0023929886127333896,0.018124951437636747,0.0013579489843041238,0.0027108149828909125,0.0022263257486466303,0.002762425887924197,7.544497344981772E-5,0.0011097040869458702,0.01831508065500939,6.319994866378246E-5,0.0023148307128194007,0.03497406778818146,1.1354116380760064E-4,0.0024229749755744533,0.0026666161787464865,0.004642523087583252,0.0023281323522982857,0.00133642831704964,7.446484548893103E-4,0.0016096883589784166,0.001992118550095294,7.739861438928668E-4,0.001739814024890859,0.0026790100487682823,7.216096126391939E-4,0.002842405006611978,9.71483805694645E-4,0.002645858325470169],[0.0021796387150833326,1.0,7.371538555454244E-4,0.0012828576700343731,0.0014514092474631553,0.0016410854256029193,1.1561141604995642E-4,0.009971847597576269,0.0012412907852280993,0.0018521728771496051,0.001395063568352227,0.0013206425471578036,7.219186309474938E-4,9.754397250688229E-4,0.0016534845424472817,0.0023218342521317196,0.0010947190801153543,9.7643569593556E-4,0.0015142076542113154,5.702878593371252E-4,0.0011641522741693056,0.0027419205654876542,0.001300693944738223,0.0021191995699235714,8.889053509408438E-5,4.4124372026430324E-4,0.001374579005246184,0.014922290382270232,0.001062148280034151,0.0010869066934640656,0.0013822162122989108,0.0022549907059726568,1.4924244381563042E-5,5.458284446897612E-4,0.01782327329139835,2.1805796423125055E-4,0.0014613201374882464,0.010214843834604376,0.0015810819919197616,0.001085518907726872,4.400735995743232E-4,0.005530508220854425,0.0019370052512160886,7.570700784969771E-4,0.001374439779420128,0.0010436599637650011,0.001461176260295965,4.4019869433236487E-4,2.2743692239287136E-4,0.0020799259052315527,0.0015592497800384435,0.002560339019999475,0.0013259992595943092,0.001606341895886569],[0.0024711579199257474,7.371538555454244E-4,1.0,2.697099998820956E-4,1.9861362062987715E-4,2.4900465286207337E-4,1.6435208436598348E-4,0.007908640024735649,2.739998527293164E-4,0.001771663583295559,8.746916994821377E-4,9.722251839264178E-4,2.1082751004366742E-4,4.89540082460092E-4,1.3591953234030885E-4,0.0018991240566383456,2.425984188047308E-4,2.558978899647486E-4,6.131871317372932E-4,2.1281063681178946E-4,2.1424381230483803E-4,0.001080114263738872,7.254815512665956E-4,0.0019794255134944986,1.9580538670776668E-4,2.710739359766709E-4,2.2365998850704382E-4,0.002265953406051118,5.253435796891357E-4,2.3634191599120207E-4,0.0010957304822654399,0.002485126434636489,1.2080022063589342E-4,2.282573584863758E-4,0.012399273830600466,3.451316993599785E-5,8.838968866582167E-5,0.04423208099697023,6.163754721338396E-5,6.434950996820782E-5,3.0955922077305153E-4,0.007095710417362151,6.908852159080049E-4,2.3505496935028486E-4,1.470179211283722E-4,2.7298645856212807E-4,4.89919798803155E-4,2.202315268019805E-4,2.1211828290939298E-4,0.0012344176019505246,3.751788643402674E-4,0.0021080421899761902,1.764218529239573E-4,6.310994906856996E-4],[0.001341580852524993,0.0012828576700343731,2.697099998820956E-4,1.0,3.2578138103762976E-5,2.1051850034931242E-4,2.2359132408876945E-4,0.0023242080584008782,2.9902837918937224E-4,0.0019218094938012846,3.3343188202252525E-4,7.220368252366705E-4,2.44524869894627E-4,4.0087174858819807E-4,1.3236522351978128E-4,0.0012756389651395823,2.165957114814383E-4,2.472548609178173E-4,5.045934361211579E-4,2.622609044725616E-5,5.256741089429725E-5,0.002240509234351012,6.920683255451749E-4,0.001196486763380491,1.5331033816341617E-4,2.970196290514509E-4,2.0430533408775876E-4,0.008997845664586432,3.3889122428404415E-4,2.455387778855063E-4,0.0011153198693319476,0.0023816475615542985,7.403251431750032E-5,1.2985959119679577E-4,0.014994190985845859,1.3828543847270225E-4,2.590142541970382E-4,0.009532291581947046,1.8142247947750318E-4,2.736257303247142E-4,3.0430556243967333E-4,0.0020915364722368865,0.0018207166363856135,2.96028899044377E-4,7.619786255294373E-5,3.039032973382994E-4,8.1833273243932E-4,2.4895075190149414E-4,2.338259863249643E-4,6.913656444587127E-4,4.318275079762112E-4,6.213069754840115E-4,2.0830425545356236E-4,5.346440827888996E-4],[0.0021372732391048716,0.0014514092474631553,1.9861362062987715E-4,3.2578138103762976E-5,1.0,1.8000212533462536E-5,1.3432974260562443E-5,0.007303516443464103,2.589018263140656E-4,0.0010888297702265016,2.0655650421214374E-4,1.4852939822004074E-4,1.3385214773785006E-5,1.2255684730034925E-4,8.187097968770076E-5,8.67442747696128E-5,3.486387731017226E-5,1.2170017239212028E-4,8.561291452752447E-4,1.4565713912059967E-5,1.917910300504472E-5,0.0012004911502811412,3.955587910789401E-4,0.0024352461215335916,1.3343877221808101E-5,1.2014322164135476E-4,5.7113562113298535E-5,0.0035623068626108993,2.491267442397199E-4,1.7354277491519158E-4,4.99613293100732E-4,0.0021128853338190454,1.1085675825396434E-5,1.3346282933593645E-5,0.01800782026859255,1.7033609329796558E-5,1.6076945962688013E-5,0.058723334113106325,2.5715544771598736E-5,1.9333283236116455E-5,2.4683201371311052E-5,0.010419334826921759,0.0019400061012872158,1.554593756236565E-5,1.2871846166163219E-5,2.0489799075909967E-5,3.3165356480805016E-4,1.6870493456008954E-4,4.788583545213848E-5,7.9797075751681E-4,1.8185754156980222E-4,9.127734843089302E-4,2.755437785633465E-5,6.750448083552076E-4],[0.00223243904803115,0.0016410854256029193,2.4900465286207337E-4,2.1051850034931242E-4,1.8000212533462536E-5,1.0,2.298848505939857E-5,0.004885582822175511,9.928874267202649E-5,3.916308535167961E-4,6.395522081648371E-4,5.77238718586862E-4,1.7965469760376728E-5,5.027986901637558E-5,9.920753895304718E-5,0.0023856984174949955,5.673958625327046E-5,7.562428015333478E-5,0.0010738057343030196,2.005393728583386E-5,2.1243566087373876E-5,2.809807003564789E-4,4.263777936346744E-4,3.196444222436632E-4,1.3803911123868401E-5,1.3035857207349856E-4,1.1763313959403227E-4,0.017036498456529242,1.489744993555517E-4,1.246180286141578E-4,0.001296973377401492,1.5616570827171175E-4,1.0405412897919446E-5,1.5232397872746972E-5,0.01064880881750373,1.9807491473654307E-5,3.077613671621076E-5,0.024363899730957202,3.391519239740853E-5,2.4515982628083083E-5,2.084809188727951E-4,3.644778871350065E-4,0.0016376074212970076,2.1358655159613902E-5,1.025245610776004E-5,7.511094142369584E-5,9.502906842653504E-4,8.519673483244803E-5,6.987915438597162E-5,0.001919312220885426,3.7596665402358554E-4,1.5720877467102944E-4,2.1190418505220806E-5,0.0013989808090228016],[0.002784259527397531,1.1561141604995642E-4,1.6435208436598348E-4,2.2359132408876945E-4,1.3432974260562443E-5,2.298848505939857E-5,1.0,0.0015848960856557908,1.0512483051748121E-4,2.400982550785515E-4,2.4148455501458776E-4,4.343833925364938E-4,2.3163684005825926E-5,6.539538358744555E-4,1.0021226782753827E-4,0.0023693083138878576,1.1182314114458849E-4,5.8556007092227616E-5,4.0346516145655005E-4,1.9715397915171784E-5,2.513471708565115E-5,2.5879504666443727E-4,5.93400991642087E-5,5.985528408894624E-4,1.6136308420618122E-5,1.5382941035351624E-4,3.2797628071820224E-5,0.014733728214430843,3.700939185473068E-4,4.3541452277930645E-5,8.612983078936951E-4,7.862953908961942E-4,1.271020174388474E-5,2.185450785212633E-5,0.005132723136706869,2.2791411977215294E-5,2.806883068230608E-5,0.04375961011777911,3.1381073411770074E-5,2.455157582268108E-5,1.3856433344866135E-4,0.004650198329858622,0.002045284118982413,2.354562952260028E-5,1.5270036237360956E-5,9.732266303927805E-5,9.378674928626592E-4,1.4592734111993502E-4,8.259326615273486E-5,0.0016056666411126388,1.778234663372459E-4,0.0015186773564039046,7.666805681293655E-5,3.91670331167013E-4],[0.007661812615205156,0.009971847597576269,0.007908640024735649,0.0023242080584008782,0.007303516443464103,0.004885582822175511,0.0015848960856557908,1.0,0.008956979189410233,0.004751634103363567,0.007684317759849509,0.01020522363778707,0.009380323970247056,0.007453183062461596,0.006016357246312013,0.007345884431818986,0.010168409971738837,0.010069205245066248,0.005690714046068919,0.0026146924763448885,0.006106048670162426,0.00902629323502818,8.915534866476946E-4,0.005733008311936823,3.2811454943488725E-4,0.0038455778069880096,0.00963410093982261,0.017977024183866527,0.006959054203768662,0.00985042894240683,0.00884157431544076,0.005191161290750654,0.009940395824135964,0.0022801958785714995,0.010824710569693915,0.0094110350730645,0.00939039700001653,0.03817449673079351,0.009567627086744813,0.006999850025514081,0.0030457046937372384,0.011473302713964927,0.005518306489223584,0.004504908229419713,8.367674949537205E-4,8.441179237400815E-4,0.005883593632126573,8.276960334872043E-4,0.009178778206009701,0.01007155307996627,0.008874058510907052,0.008859270933759999,0.006006636140143132,0.005190220454331328],[8.786906224414717E-4,0.0012412907852280993,2.739998527293164E-4,2.9902837918937224E-4,2.589018263140656E-4,9.928874267202649E-5,1.0512483051748121E-4,0.008956979189410233,1.0,0.0021645509702551244,5.534917512726155E-4,8.624822064508628E-4,1.87389417744733E-4,6.149825705206543E-4,2.780165214753263E-4,0.001395907210883129,2.8050342961120293E-4,2.0549924214688693E-4,3.300033897141749E-4,2.6547234681378537E-4,7.004074181273183E-5,9.847712865108983E-4,7.759568113221518E-4,0.0023857280783019085,2.7928703797501926E-4,2.949027589842049E-4,2.1794799965192018E-4,0.019833829607343114,4.7685140995422614E-4,2.8798954559178117E-4,9.566734321796201E-4,2.9775064692139205E-4,1.8353804504753698E-4,1.82117171242796E-4,0.012713773722854238,2.525060128807112E-4,1.1677563282372367E-4,0.00966580549703672,1.1384509234295596E-4,9.07286873126693E-5,2.9791030890130446E-4,0.004591580444696251,0.0011177835255768867,1.1856468340259497E-4,1.8722540871093067E-4,3.314158755520286E-4,7.319782627124795E-4,2.3793878221821412E-4,2.87081611076707E-4,0.0011324870936959709,4.620121115489276E-4,0.0014879869785852573,1.6358363999218186E-4,0.0010074296877297794],[0.0023384747686748188,0.0018521728771496051,0.001771663583295559,0.0019218094938012846,0.0010888297702265016,3.916308535167961E-4,2.400982550785515E-4,0.004751634103363567,0.0021645509702551244,1.0,0.0022497394481228,0.0012194290968312264,0.0019736385470662896,0.001988863624620478,1.856655125366339E-4,0.0023558619872350475,0.0019607753005849524,6.533093856841094E-4,0.0015449096127364888,0.0018206559182042288,2.9606105597704334E-4,0.0025763600401606476,0.0017920255245782242,0.0028203364690200868,0.0013627582697302513,0.0015108873987384093,0.002177120323643937,0.011561688269314255,0.0011511259546986884,3.3678569717321053E-4,0.0018906045096499797,0.002569559152761244,0.002020912607586353,7.582993768492042E-4,0.0037069111481830867,0.0018460242195610602,0.0013725063028301988,0.0655504390779265,4.621781615615627E-4,2.9598852088375163E-5,0.0014841095694793018,0.011133431094134004,0.0021821963787372954,0.0016977827195813605,0.0016997965790388058,7.535152036653838E-4,0.0013195562041586693,0.0012745713173617894,0.0022678540010199226,0.002392072143270857,0.0014932613416773009,0.002489895544730009,5.087911974180617E-4,0.0021098241507514007],[0.0028006890003499344,0.001395063568352227,8.746916994821377E-4,3.3343188202252525E-4,2.0655650421214374E-4,6.395522081648371E-4,2.4148455501458776E-4,0.007684317759849509,5.534917512726155E-4,0.0022497394481228,1.0,0.0012623338835941258,8.822594499795837E-4,0.0012145327301233758,2.2759788205363392E-4,0.0024648275778517757,2.1973389193817166E-4,4.705161110785084E-4,0.001297577543366398,8.960208599964934E-4,0.0010960954157170075,0.0015720425885014763,8.970414530824506E-4,0.002311353434449156,1.881900205708103E-4,0.0012910313201936108,6.33946324817768E-4,0.010281387819887581,0.0012914907653799805,9.138771031874966E-4,0.0013323678522500282,0.002643669114648921,8.955153081212981E-4,0.0011778114956102457,0.019656709683114656,5.524784082711166E-4,9.718202153594583E-4,0.06934280269599342,0.0012463132241921906,4.210990787721497E-4,0.0012690667772800085,0.004879302134990081,0.0014346810994357731,5.513298046256015E-4,7.910070771101213E-4,9.378435137304489E-4,0.0012766485079732345,9.254513070576609E-4,2.1283677440605574E-4,0.0014235685795816906,9.322172738985574E-4,0.0015288829629225523,2.7963448794490005E-4,0.0015636171414183594],[0.002542131933536006,0.0013206425471578036,9.722251839264178E-4,7.220368252366705E-4,1.4852939822004074E-4,5.77238718586862E-4,4.343833925364938E-4,0.01020522363778707,8.624822064508628E-4,0.0012194290968312264,0.0012623338835941258,1.0,5.34728800293421E-4,0.0010713082931168823,5.78016045778494E-4,0.0015921718158169516,8.810886941558555E-4,2.630813305481514E-4,0.0012584931310898777,5.318013536839402E-4,3.467921730984724E-5,0.0015315357640433786,0.0011175960162023808,0.0023484963362554335,1.4344244902835504E-5,3.7513072841474675E-4,9.451270530665693E-4,0.009334416889845445,7.514732979409821E-4,3.8811313671009934E-4,0.0013152684037548894,0.0017743963059066834,5.1096589176466E-4,3.996479149253751E-4,0.013301252913967275,4.8633072486021215E-4,5.552578340693898E-4,0.05504096825266315,0.0010926381926991955,9.86631711282788E-4,4.8362899333608613E-4,0.004569702322349444,0.0015258720466618317,2.771118878044577E-4,5.450631190680581E-4,6.989562370960436E-4,0.0011356621051868898,6.251698838788063E-4,8.51527437350596E-4,0.0011199747982770726,8.938682903356752E-4,0.00233245699996789,6.420778162820373E-4,0.0013931038527388803],[0.002338703933527689,7.219186309474938E-4,2.1082751004366742E-4,2.44524869894627E-4,1.3385214773785006E-5,1.7965469760376728E-5,2.3163684005825926E-5,0.009380323970247056,1.87389417744733E-4,0.0019736385470662896,8.822594499795837E-4,5.34728800293421E-4,1.0,2.1880728906704776E-4,2.37798863007428E-5,2.807486471533553E-4,1.8799637227212638E-4,1.158657547652187E-4,3.1845838511873517E-4,1.4854867892334553E-5,2.9489668737853893E-5,0.0015938176368552014,1.1992733862164249E-4,6.38723547842364E-4,1.3644589430364191E-5,1.695602387251973E-4,6.415255628190868E-5,0.010022627139692509,5.163349121900158E-4,2.0085297316283033E-4,2.5356725509382183E-4,9.839865017637305E-4,1.2081486994079359E-5,1.386567781231835E-5,0.0044353338823372255,1.648013605030803E-5,2.965013302442403E-5,0.05734888030414236,2.470816114943879E-5,1.4108344230368668E-5,2.61476680689627E-4,0.007156286462881755,0.0017620592257529344,1.4027909939820971E-5,1.1913973481264242E-5,1.5847141079733542E-4,5.3515385697927E-4,3.5279355032172605E-5,2.7931622191328062E-5,3.672621336857523E-4,2.0064381362628063E-4,2.0064610195834624E-4,5.393996338672257E-5,0.0010556094908744404],[0.0024105158478363526,9.754397250688229E-4,4.89540082460092E-4,4.0087174858819807E-4,1.2255684730034925E-4,5.027986901637558E-5,6.539538358744555E-4,0.007453183062461596,6.149825705206543E-4,0.001988863624620478,0.0012145327301233758,0.0010713082931168823,2.1880728906704776E-4,1.0,6.654827006216172E-4,0.0011459784942378297,5.937958209761706E-4,6.276235870443313E-4,7.333295662784663E-4,1.637374793303302E-4,2.0441441549277607E-4,9.116351853733437E-4,8.212703141327007E-4,0.0017276612198290117,3.315352246142894E-4,3.5062111957508645E-4,2.977099562765288E-4,0.005905921849975704,6.795320381862191E-4,2.6307968601866824E-4,0.0011248957852142611,0.0015029317972549395,5.473983638812307E-5,5.60008046069141E-4,0.0073978816527046805,4.123761820831681E-4,5.442567720256081E-4,0.03011271175057551,3.6296504248291495E-4,1.9978467589357228E-4,3.8347101247818014E-4,0.005339617943282681,0.0019441917392883051,2.4356035713431396E-4,3.1081508646783434E-4,6.585331607177572E-4,7.665988504979594E-4,5.584666118627827E-4,5.734468043485509E-4,9.807025361909063E-4,6.33035471197163E-4,0.0024763808638948,6.079381516355432E-4,0.0012743243236605583],[0.002477628775464836,0.0016534845424472817,1.3591953234030885E-4,1.3236522351978128E-4,8.187097968770076E-5,9.920753895304718E-5,1.0021226782753827E-4,0.006016357246312013,2.780165214753263E-4,1.856655125366339E-4,2.2759788205363392E-4,5.78016045778494E-4,2.37798863007428E-5,6.654827006216172E-4,1.0,0.0011769847798746066,1.5699953298369733E-4,1.606184491688678E-4,4.908408460958837E-4,8.905730219267373E-5,5.9493653109253075E-5,6.947146812480714E-4,7.071596159946833E-4,0.0026883960162891333,9.645809589414566E-5,2.719155692969078E-4,1.0828259410921766E-4,0.011898353483011513,1.820844496580081E-4,1.4904033908919351E-4,9.326758705914568E-4,0.0018643770765119725,1.0381480434625798E-4,4.457986546286516E-5,0.009562902466361309,6.608501179394878E-5,5.2935090507123884E-5,0.04307526463034989,8.321988799089763E-5,4.345974194759657E-5,2.638978636207748E-4,0.002385642323673488,4.7045058038482513E-4,2.561619514460127E-5,7.241827560617164E-5,2.396868504591204E-4,3.1804562467412784E-4,1.281885335266834E-4,1.6928451985756746E-4,0.001572415292453616,5.175086660458096E-4,9.250654925586153E-4,9.879793532219309E-5,0.0013205619312781777],[0.0027712929905510113,0.0023218342521317196,0.0018991240566383456,0.0012756389651395823,8.67442747696128E-5,0.0023856984174949955,0.0023693083138878576,0.007345884431818986,0.001395907210883129,0.0023558619872350475,0.0024648275778517757,0.0015921718158169516,2.807486471533553E-4,0.0011459784942378297,0.0011769847798746066,1.0,9.123009441331644E-4,3.756467877812081E-4,0.0020199186785755767,0.002112102395542932,0.0021697051678838627,0.0026485037769206996,0.0021498643769951326,0.0028541463601276474,0.0010227386817330069,0.0020364171433386556,3.6038811042234104E-4,0.01048170040980688,9.195814408755403E-4,0.0022976101523339305,0.0016150344608257255,0.002598469344205798,7.138026483178768E-4,0.0013679004191237665,0.005842972141238349,0.0017847470464196857,0.0013387430484619477,0.01994566460917231,2.4133862887178216E-4,0.001926886868265986,0.002303222371355219,0.004785423154095478,0.0025089402404560725,3.7208862341474915E-4,0.002070032315894019,0.0011327555966732421,0.0020725889692585547,0.002240218121485307,9.427245998353693E-4,0.002590048961958216,0.0016187630789145308,0.0025474842971781077,9.234976018962319E-4,0.002208886603184228],[0.0017849696035965605,0.0010947190801153543,2.425984188047308E-4,2.165957114814383E-4,3.486387731017226E-5,5.673958625327046E-5,1.1182314114458849E-4,0.010168409971738837,2.8050342961120293E-4,0.0019607753005849524,2.1973389193817166E-4,8.810886941558555E-4,1.8799637227212638E-4,5.937958209761706E-4,1.5699953298369733E-4,9.123009441331644E-4,1.0,1.9677905274201047E-4,8.852898325442894E-4,7.621469468140783E-5,1.2517495245726364E-4,0.0011443563462985654,4.3611837249352516E-4,0.0013095058981045123,1.2207195474779871E-4,2.6102677770714606E-4,1.8408907242130096E-4,0.019996588756042755,2.196777572024394E-4,2.2268357676935067E-4,8.116275437673724E-4,0.0014812983453604647,9.915541231754923E-5,1.6191958388707043E-5,0.004039722990928506,1.9617589619766116E-5,5.132111221916729E-5,0.03665923402666453,1.253622400370161E-4,2.0084389929348433E-4,2.4092985262038382E-4,0.0017440657628305743,0.001995053074632181,1.5762691152312866E-4,1.5987689282405073E-4,3.3205322347552564E-4,7.666981801239866E-4,2.034464106092982E-4,2.1042958890278484E-4,0.0022454137766270686,4.37733078670748E-4,0.0014638503216539568,1.862316089444307E-4,3.3246833695934643E-4],[0.002577559088228959,9.7643569593556E-4,2.558978899647486E-4,2.472548609178173E-4,1.2170017239212028E-4,7.562428015333478E-5,5.8556007092227616E-5,0.010069205245066248,2.0549924214688693E-4,6.533093856841094E-4,4.705161110785084E-4,2.630813305481514E-4,1.158657547652187E-4,6.276235870443313E-4,1.606184491688678E-4,3.756467877812081E-4,1.9677905274201047E-4,1.0,3.2684431752451283E-4,4.374607055530183E-5,1.8064743729810594E-4,0.0017919083478672364,2.1129075776796948E-4,0.0017961309532523674,7.989807785851438E-5,2.098172519990669E-4,1.5183788488810402E-4,0.013469557736135925,3.6967022213868885E-4,2.1985118638771675E-4,0.001017224603828012,3.645747760333442E-4,1.5863203953262215E-4,1.2424845783189575E-4,0.009678110304076433,7.791903038530625E-5,1.137303148612644E-4,0.04480710002071384,1.8214666915029583E-4,1.6579048996416532E-4,2.536092583888222E-4,5.402226220528063E-4,2.730286895092533E-4,8.98377220922648E-5,7.116972816335075E-5,2.98326731376044E-4,9.76296941290891E-4,1.9703307105247472E-4,1.8205050006227962E-4,3.919377658478302E-4,4.928160691807576E-4,0.00202931212266306,9.501939702785683E-5,6.074972742721278E-4],[0.002849881566508721,0.0015142076542113154,6.131871317372932E-4,5.045934361211579E-4,8.561291452752447E-4,0.0010738057343030196,4.0346516145655005E-4,0.005690714046068919,3.300033897141749E-4,0.0015449096127364888,0.001297577543366398,0.0012584931310898777,3.1845838511873517E-4,7.333295662784663E-4,4.908408460958837E-4,0.0020199186785755767,8.852898325442894E-4,3.2684431752451283E-4,1.0,3.333132679759992E-4,1.9338647882262354E-4,0.00200681060604152,0.0010225693098333223,0.0014782733489822647,1.7111860700355985E-4,5.228222504145388E-4,1.4896095437264809E-4,0.018957041685823305,7.16984890854711E-4,2.681686098443364E-4,0.001323856188483793,0.0013511770308673708,3.5877081991833105E-4,1.0115861193592936E-4,0.013784752364099859,7.126251782161399E-4,0.0010375536624159282,0.03201378150316472,9.886752056096082E-4,6.351778903367102E-4,7.959823267910441E-4,0.009723603043608257,0.0019393463856283658,5.958095231944741E-4,1.4146728152629568E-5,9.14055123849072E-4,0.0012757662546012765,8.286916754829897E-4,2.4993869599592263E-4,0.001541341223987694,0.0010416274197051823,0.0020286552941233254,0.0011860012935092253,0.0015492559512543158],[2.9816027468850323E-4,5.702878593371252E-4,2.1281063681178946E-4,2.622609044725616E-5,1.4565713912059967E-5,2.005393728583386E-5,1.9715397915171784E-5,0.0026146924763448885,2.6547234681378537E-4,0.0018206559182042288,8.960208599964934E-4,5.318013536839402E-4,1.4854867892334553E-5,1.637374793303302E-4,8.905730219267373E-5,0.002112102395542932,7.621469468140783E-5,4.374607055530183E-5,3.333132679759992E-4,1.0,2.0456840281217242E-5,0.001987791106887445,3.8314858981368063E-4,7.708846104147844E-4,1.6648381498294893E-5,1.375834026932391E-4,9.11616106327748E-5,0.01373173341465551,5.280403610408995E-4,3.121400460070754E-5,4.512659771072082E-4,4.1188820013828356E-4,1.4027661005686066E-5,1.5889418776893876E-5,0.022574983608393967,1.7060675729931854E-5,3.438856261942968E-5,0.03219060906256484,3.2605969466753475E-5,2.2812483275480504E-5,1.8075683899860097E-4,0.0066404424889733955,0.0013702289265920592,1.778713178722623E-5,1.2636579470030063E-5,1.5025157378090252E-4,0.0010920448773378227,1.719506204389884E-4,1.1593524685161519E-4,0.0025637897417124314,4.41725843464708E-4,0.0014637338299353945,4.393711513667669E-5,8.907151283755719E-4],[6.332062636612934E-5,0.0011641522741693056,2.1424381230483803E-4,5.256741089429725E-5,1.917910300504472E-5,2.1243566087373876E-5,2.513471708565115E-5,0.006106048670162426,7.004074181273183E-5,2.9606105597704334E-4,0.0010960954157170075,3.467921730984724E-5,2.9489668737853893E-5,2.0441441549277607E-4,5.9493653109253075E-5,0.0021697051678838627,1.2517495245726364E-4,1.8064743729810594E-4,1.9338647882262354E-4,2.0456840281217242E-5,1.0,0.00187972133824536,5.427138900221286E-4,8.937253929879328E-4,2.4390164440254187E-5,1.3545932173318566E-4,1.0258821702410241E-4,0.008885711857501182,5.318512407821848E-4,8.249153744024405E-5,1.859221532980085E-4,5.896648981022873E-4,2.2426132809055225E-5,2.890716295742119E-5,0.001396378665263094,2.429555511799745E-5,3.535747160246717E-5,0.019798457243666415,3.067483518686953E-5,2.822696154391541E-5,1.4978629752187308E-4,5.951712135410083E-4,0.0020341422712335934,2.2715016567487455E-5,2.9182353966774016E-5,3.316068558322016E-4,0.0011363256459848735,1.560667550005288E-4,4.91697008687015E-5,0.0017965862403925006,2.3833560344688437E-4,0.0019056054632817852,8.798127667248463E-5,9.505694455597342E-4],[0.0028741982425686935,0.0027419205654876542,0.001080114263738872,0.002240509234351012,0.0012004911502811412,2.809807003564789E-4,2.5879504666443727E-4,0.00902629323502818,9.847712865108983E-4,0.0025763600401606476,0.0015720425885014763,0.0015315357640433786,0.0015938176368552014,9.116351853733437E-4,6.947146812480714E-4,0.0026485037769206996,0.0011443563462985654,0.0017919083478672364,0.00200681060604152,0.001987791106887445,0.00187972133824536,1.0,9.995848782803913E-4,0.002801462768041097,0.0027107018434229762,0.0022858074537662615,0.0015815545150323629,0.016641544513365535,0.0013786730833488699,0.002042770209932366,0.0023599789024816246,0.002700390389281577,4.872567886352515E-4,0.0023437768676311532,0.010829936369471743,0.0015538773178461688,0.0010390558743054777,0.032169606518103334,0.002051834933931637,0.0013728459121721498,0.002145551053613396,0.005429365192758865,0.002571571516614745,0.0012150382548919499,4.62212926432842E-4,0.0011023539770127517,0.0021756311818409055,0.0021704837495942052,0.001313343516321876,0.0026454937257385,9.54610758381085E-4,0.002702026601288016,0.0012264344300123985,0.0018785638769983559],[0.0010521540865543984,0.001300693944738223,7.254815512665956E-4,6.920683255451749E-4,3.955587910789401E-4,4.263777936346744E-4,5.93400991642087E-5,8.915534866476946E-4,7.759568113221518E-4,0.0017920255245782242,8.970414530824506E-4,0.0011175960162023808,1.1992733862164249E-4,8.212703141327007E-4,7.071596159946833E-4,0.0021498643769951326,4.3611837249352516E-4,2.1129075776796948E-4,0.0010225693098333223,3.8314858981368063E-4,5.427138900221286E-4,9.995848782803913E-4,1.0,0.0016389826442954887,8.286847748376964E-5,7.798420607640405E-4,3.310808823004882E-4,0.007914767120868211,7.308751240587974E-4,4.5603468081517276E-4,0.0010115109964879976,0.001709942714526372,8.274525575101543E-4,6.170240672097252E-4,0.008635780775911848,6.957761126407195E-4,2.630536763980583E-4,0.049206218715295166,3.739606819025557E-4,6.776814640876291E-4,6.327590775675783E-4,0.0031185379382736027,0.001899314015464393,4.608242716604982E-4,9.088468683626875E-5,3.594983568609528E-4,9.13058446304482E-4,5.305877178081391E-4,7.571898922275207E-4,0.001944481159731549,7.567810739670739E-4,0.0013739947431960827,6.894405470807947E-4,0.0010255419560603629],[0.0028790204242337717,0.0021191995699235714,0.0019794255134944986,0.001196486763380491,0.0024352461215335916,3.196444222436632E-4,5.985528408894624E-4,0.005733008311936823,0.0023857280783019085,0.0028203364690200868,0.002311353434449156,0.0023484963362554335,6.38723547842364E-4,0.0017276612198290117,0.0026883960162891333,0.0028541463601276474,0.0013095058981045123,0.0017961309532523674,0.0014782733489822647,7.708846104147844E-4,8.937253929879328E-4,0.002801462768041097,0.0016389826442954887,1.0,0.002148339178468803,3.826481882601304E-4,0.0027022642791623926,0.01343219506036099,9.198937677651756E-4,0.0028195843771000855,0.0026928654038526653,0.002688121020269672,5.53908637225137E-4,0.001315241324795208,0.017018812966084512,1.1056774588611202E-4,0.0020500600486328333,0.0470035347500547,5.020462149349573E-4,7.736574619747255E-4,0.0010183535624478052,0.007736462234169257,0.002128800587613299,3.32326265468664E-5,5.97906392115583E-4,0.002861651710552016,0.0012929106567400787,0.002461820568207608,7.61933709249164E-4,0.0028189799106289907,0.001774582713928274,0.002717128937185736,0.002284954852022156,0.0024217584472607636],[3.6608936717384406E-4,8.889053509408438E-5,1.9580538670776668E-4,1.5331033816341617E-4,1.3343877221808101E-5,1.3803911123868401E-5,1.6136308420618122E-5,3.2811454943488725E-4,2.7928703797501926E-4,0.0013627582697302513,1.881900205708103E-4,1.4344244902835504E-5,1.3644589430364191E-5,3.315352246142894E-4,9.645809589414566E-5,0.0010227386817330069,1.2207195474779871E-4,7.989807785851438E-5,1.7111860700355985E-4,1.6648381498294893E-5,2.4390164440254187E-5,0.0027107018434229762,8.286847748376964E-5,0.002148339178468803,1.0,9.515507784195405E-5,3.13127370893184E-5,0.0063986343338164305,3.738828858937789E-5,1.370348958430009E-4,0.0010632907046052027,0.0012885815893115239,1.0690394745772563E-5,1.4838370819908128E-5,0.002844804685191323,1.4634038189568149E-5,1.8175771269728152E-5,0.04919672241142258,3.166270379649305E-5,1.580949871287194E-5,2.0003456185019118E-4,0.010629060069133727,0.001782520702526688,2.20510285600884E-5,1.1363344630275563E-5,3.1660862425662904E-4,8.861566805981056E-4,1.4630582467533768E-4,2.055431437963809E-5,0.0015824458872151276,4.232941854772411E-4,0.002327310507094126,2.089835477380885E-5,6.404288738919773E-4],[0.0014166736038378897,4.4124372026430324E-4,2.710739359766709E-4,2.970196290514509E-4,1.2014322164135476E-4,1.3035857207349856E-4,1.5382941035351624E-4,0.0038455778069880096,2.949027589842049E-4,0.0015108873987384093,0.0012910313201936108,3.7513072841474675E-4,1.695602387251973E-4,3.5062111957508645E-4,2.719155692969078E-4,0.0020364171433386556,2.6102677770714606E-4,2.098172519990669E-4,5.228222504145388E-4,1.375834026932391E-4,1.3545932173318566E-4,0.0022858074537662615,7.798420607640405E-4,3.826481882601304E-4,9.515507784195405E-5,1.0,2.0384452891023598E-4,0.006742989013164752,4.900995580628747E-4,2.907798269161748E-4,2.9609238431536943E-4,0.00157747090788237,5.4324395378053746E-5,1.8882568280159784E-4,0.013339800447314486,3.619665618714099E-5,1.702219225771638E-4,0.04255579926210502,1.0002889625808833E-4,6.264950830791745E-5,3.1222756841920595E-4,0.004238572634365783,0.0012821711913165465,2.0734185427046824E-4,7.367917153179578E-5,3.438144109635756E-4,9.519123867163918E-4,2.747550034178814E-4,2.8115587022274765E-4,0.0016170777746293955,4.6103761451638165E-4,0.0024085779253059216,1.595349565589213E-4,4.357903876167059E-4],[0.0023929886127333896,0.001374579005246184,2.2365998850704382E-4,2.0430533408775876E-4,5.7113562113298535E-5,1.1763313959403227E-4,3.2797628071820224E-5,0.00963410093982261,2.1794799965192018E-4,0.002177120323643937,6.33946324817768E-4,9.451270530665693E-4,6.415255628190868E-5,2.977099562765288E-4,1.0828259410921766E-4,3.6038811042234104E-4,1.8408907242130096E-4,1.5183788488810402E-4,1.4896095437264809E-4,9.11616106327748E-5,1.0258821702410241E-4,0.0015815545150323629,3.310808823004882E-4,0.0027022642791623926,3.13127370893184E-5,2.0384452891023598E-4,1.0,0.006962541980101046,5.518207381954346E-4,2.2650587260685055E-4,8.996097811912272E-4,0.0013349207689679538,9.216639614587688E-5,1.1864225077288029E-4,0.00742684849722541,1.0259709897592986E-4,1.3384367371823165E-4,0.014195695278817455,9.45081856173463E-5,1.2544456244064755E-4,2.7838590070666715E-4,0.004169089633781104,4.1026113367636857E-4,2.5629868206884798E-5,1.004114609323716E-4,2.310408014010727E-4,6.364653490177691E-4,1.7555208794775665E-4,1.64951450016435E-4,5.852339400290368E-4,2.949118125642568E-4,0.001476224986992556,1.0143856986232149E-4,0.0012616121814653543],[0.018124951437636747,0.014922290382270232,0.002265953406051118,0.008997845664586432,0.0035623068626108993,0.017036498456529242,0.014733728214430843,0.017977024183866527,0.019833829607343114,0.011561688269314255,0.010281387819887581,0.009334416889845445,0.010022627139692509,0.005905921849975704,0.011898353483011513,0.01048170040980688,0.019996588756042755,0.013469557736135925,0.018957041685823305,0.01373173341465551,0.008885711857501182,0.016641544513365535,0.007914767120868211,0.01343219506036099,0.0063986343338164305,0.006742989013164752,0.006962541980101046,1.0,0.003985363475384469,0.019706688439890204,0.018138400742057626,0.015193347736588324,0.007366764695661727,0.0091074375971569,0.0209938564005693,0.004486964079128128,0.007102581210183157,0.02343277207489954,0.003518104079368215,0.01864618332517379,0.007307674456196412,0.018640689457990703,0.012118134670105632,0.014215548958218867,0.01014989632114078,0.015869784141904878,0.0028070324104837703,0.018402015395668686,0.017262886607952117,0.019918008367862526,0.013831412358014104,0.007010800925873103,0.018552277498904847,0.015345160639210221],[0.0013579489843041238,0.001062148280034151,5.253435796891357E-4,3.3889122428404415E-4,2.491267442397199E-4,1.489744993555517E-4,3.700939185473068E-4,0.006959054203768662,4.7685140995422614E-4,0.0011511259546986884,0.0012914907653799805,7.514732979409821E-4,5.163349121900158E-4,6.795320381862191E-4,1.820844496580081E-4,9.195814408755403E-4,2.196777572024394E-4,3.6967022213868885E-4,7.16984890854711E-4,5.280403610408995E-4,5.318512407821848E-4,0.0013786730833488699,7.308751240587974E-4,9.198937677651756E-4,3.738828858937789E-5,4.900995580628747E-4,5.518207381954346E-4,0.003985363475384469,1.0,5.247618876511889E-4,6.548884480356478E-4,0.0010957114056314176,2.0461542980523823E-4,1.486874111251516E-4,0.005354030339348706,2.5743085657696225E-4,3.266145730338088E-4,0.0030497896339110285,1.144711190141022E-4,5.722991364474671E-4,4.695498006457407E-4,0.00864545083033547,7.56264345025274E-4,2.2332614121308914E-4,5.697425218996529E-4,3.7604986804527725E-4,8.121948477635987E-4,3.616199428513727E-4,3.243159411609191E-4,0.0014703844391633003,5.757495614651532E-4,0.002365118532574038,4.144966827415653E-4,0.0015666490655512916],[0.0027108149828909125,0.0010869066934640656,2.3634191599120207E-4,2.455387778855063E-4,1.7354277491519158E-4,1.246180286141578E-4,4.3541452277930645E-5,0.00985042894240683,2.8798954559178117E-4,3.3678569717321053E-4,9.138771031874966E-4,3.8811313671009934E-4,2.0085297316283033E-4,2.6307968601866824E-4,1.4904033908919351E-4,0.0022976101523339305,2.2268357676935067E-4,2.1985118638771675E-4,2.681686098443364E-4,3.121400460070754E-5,8.249153744024405E-5,0.002042770209932366,4.5603468081517276E-4,0.0028195843771000855,1.370348958430009E-4,2.907798269161748E-4,2.2650587260685055E-4,0.019706688439890204,5.247618876511889E-4,1.0,7.863444184962808E-4,2.8942660413628886E-4,2.1157409641237173E-4,2.1008978587892503E-4,8.128080994015119E-4,1.1448644518568107E-4,2.2212616684182942E-4,0.03708230073786267,1.3607849506975885E-4,8.95688296077311E-5,2.4170935128593884E-4,0.005442906467537764,3.581558726639329E-4,4.924513163448424E-5,1.620855463483753E-4,3.383581338806658E-4,7.443019997994177E-4,2.0282066811144682E-4,1.87876435560711E-4,0.0011673519645235878,2.523661581800112E-4,5.365416985593347E-4,1.3621637151461474E-4,8.689727950708607E-4],[0.0022263257486466303,0.0013822162122989108,0.0010957304822654399,0.0011153198693319476,4.99613293100732E-4,0.001296973377401492,8.612983078936951E-4,0.00884157431544076,9.566734321796201E-4,0.0018906045096499797,0.0013323678522500282,0.0013152684037548894,2.5356725509382183E-4,0.0011248957852142611,9.326758705914568E-4,0.0016150344608257255,8.116275437673724E-4,0.001017224603828012,0.001323856188483793,4.512659771072082E-4,1.859221532980085E-4,0.0023599789024816246,0.0010115109964879976,0.0026928654038526653,0.0010632907046052027,2.9609238431536943E-4,8.996097811912272E-4,0.018138400742057626,6.548884480356478E-4,7.863444184962808E-4,1.0,0.002630507783547895,7.426738931138369E-4,9.319755276921867E-4,0.01057225553397328,6.334616374768439E-4,8.301911938060173E-4,0.054350514232985814,0.0011559127068242864,7.632340818928243E-4,9.319802166771812E-4,0.004426816891076603,0.001849737106882922,5.973859785193651E-4,0.001078081458652,0.0011719267313644419,0.0012129644820519528,2.6923857087334934E-4,3.3028051757619085E-4,0.00166245043681778,0.0010427327606677074,0.0014582858840706708,0.0011727493877155552,0.0014759530716289568],[0.002762425887924197,0.0022549907059726568,0.002485126434636489,0.0023816475615542985,0.0021128853338190454,1.5616570827171175E-4,7.862953908961942E-4,0.005191161290750654,2.9775064692139205E-4,0.002569559152761244,0.002643669114648921,0.0017743963059066834,9.839865017637305E-4,0.0015029317972549395,0.0018643770765119725,0.002598469344205798,0.0014812983453604647,3.645747760333442E-4,0.0013511770308673708,4.1188820013828356E-4,5.896648981022873E-4,0.002700390389281577,0.001709942714526372,0.002688121020269672,0.0012885815893115239,0.00157747090788237,0.0013349207689679538,0.015193347736588324,0.0010957114056314176,2.8942660413628886E-4,0.002630507783547895,1.0,8.602703356808182E-4,6.839899337979114E-4,0.007843610811998962,6.544332292203602E-4,0.002462398523323316,0.012363495419323453,1.7324400780967E-4,0.0017210674003663973,7.421484388718833E-4,0.005430438933770444,0.0026585665748686876,0.0018437916605069347,0.0025439682147342007,0.0017273125852832341,0.0013609707614254964,0.002097852938765602,2.8552035580436225E-4,0.0026268280427875364,0.001346354756755707,0.0026357393708981184,8.234159067516657E-4,0.002221653170519019],[7.544497344981772E-5,1.4924244381563042E-5,1.2080022063589342E-4,7.403251431750032E-5,1.1085675825396434E-5,1.0405412897919446E-5,1.271020174388474E-5,0.009940395824135964,1.8353804504753698E-4,0.002020912607586353,8.955153081212981E-4,5.1096589176466E-4,1.2081486994079359E-5,5.473983638812307E-5,1.0381480434625798E-4,7.138026483178768E-4,9.915541231754923E-5,1.5863203953262215E-4,3.5877081991833105E-4,1.4027661005686066E-5,2.2426132809055225E-5,4.872567886352515E-4,8.274525575101543E-4,5.53908637225137E-4,1.0690394745772563E-5,5.4324395378053746E-5,9.216639614587688E-5,0.007366764695661727,2.0461542980523823E-4,2.1157409641237173E-4,7.426738931138369E-4,8.602703356808182E-4,1.0,1.0976475029080224E-5,0.007173841823654919,1.1500574601507917E-5,1.1477531662864855E-5,0.03916475369749808,2.5382123668838535E-5,2.1093802539990738E-5,1.4853765382700986E-4,0.0106515810923317,4.6498298791744123E-4,1.2260767304908721E-5,1.0247967293544867E-5,2.851005684635023E-4,6.901960830726066E-4,1.2490994002886695E-4,1.1680135587408325E-4,0.002408602600420721,3.2080200135408055E-4,0.0023691162782732375,5.184723148993828E-5,0.0014115759605181483],[0.0011097040869458702,5.458284446897612E-4,2.282573584863758E-4,1.2985959119679577E-4,1.3346282933593645E-5,1.5232397872746972E-5,2.185450785212633E-5,0.0022801958785714995,1.82117171242796E-4,7.582993768492042E-4,0.0011778114956102457,3.996479149253751E-4,1.386567781231835E-5,5.60008046069141E-4,4.457986546286516E-5,0.0013679004191237665,1.6191958388707043E-5,1.2424845783189575E-4,1.0115861193592936E-4,1.5889418776893876E-5,2.890716295742119E-5,0.0023437768676311532,6.170240672097252E-4,0.001315241324795208,1.4838370819908128E-5,1.8882568280159784E-4,1.1864225077288029E-4,0.0091074375971569,1.486874111251516E-4,2.1008978587892503E-4,9.319755276921867E-4,6.839899337979114E-4,1.0976475029080224E-5,1.0,0.012551245243820968,1.784510816283788E-5,4.232379544245013E-5,0.024370749097942214,2.0604639969445203E-5,1.6735280085172016E-5,2.0106821426240406E-4,0.003002805548875247,0.0015620906911210483,2.1723292057302562E-5,1.316619054740755E-5,2.0871865652966659E-4,9.80511212858928E-5,1.9739641624977712E-4,2.0594461807796376E-5,0.0015883749210240865,1.1224754693563738E-4,0.0021147797598454615,5.1065640634989935E-5,6.593348756314464E-4],[0.01831508065500939,0.01782327329139835,0.012399273830600466,0.014994190985845859,0.01800782026859255,0.01064880881750373,0.005132723136706869,0.010824710569693915,0.012713773722854238,0.0037069111481830867,0.019656709683114656,0.013301252913967275,0.0044353338823372255,0.0073978816527046805,0.009562902466361309,0.005842972141238349,0.004039722990928506,0.009678110304076433,0.013784752364099859,0.022574983608393967,0.001396378665263094,0.010829936369471743,0.008635780775911848,0.017018812966084512,0.002844804685191323,0.013339800447314486,0.00742684849722541,0.0209938564005693,0.005354030339348706,8.128080994015119E-4,0.01057225553397328,0.007843610811998962,0.007173841823654919,0.012551245243820968,1.0,0.015280349169238485,0.015177823424713953,0.028837770267027656,0.0031879423124593176,0.014711043670963913,0.020081308154952925,0.02100013123534937,0.01594726300538584,0.009458226240583798,0.008026330517806999,0.020758412418068712,0.010854099025810636,0.0015870687391927806,3.2697133452263053E-4,0.023237587806997157,0.0224889680847171,0.010721820721145591,0.0026409056804800202,0.010302519796990841],[6.319994866378246E-5,2.1805796423125055E-4,3.451316993599785E-5,1.3828543847270225E-4,1.7033609329796558E-5,1.9807491473654307E-5,2.2791411977215294E-5,0.0094110350730645,2.525060128807112E-4