[[1.0,0.0026095352780551636,0.002325635466765841,0.0022688276467601903,0.0021083324786526636,0.0019453447974751657,5.548101098326198E-4,4.4230003726604216E-4,0.0024180002884391172,0.0013721766651593828,0.0025503061348506008,0.01038084394050983,8.846217958296473E-4,0.0015020408513352224,0.0026109088289885847,0.015687666229596046,0.04344808440000491,0.002049750281425993,0.03158881594985007,0.002033069580172102,0.0048461510846306835,0.002770990605576727,6.366199931224046E-4,0.0017182637969395407,0.0026881654303303575,6.608697251463393E-4,7.616210002059845E-4,9.06782429980134E-4,7.767225200893204E-4,0.0027524234391598755,0.0013948920145911146,8.717108174005128E-4,0.0022071876772816763,0.0023962088272494807,0.002779957390049454,0.004132196169920147,5.420215699482549E-4,0.002219237666260393,0.002573578519833181,0.0021151648141818804,0.0027312876949271408,0.001636484093620603,0.002513584733871102,0.002363644120019465,0.0022302735912547384,0.002578742232072112,0.0025468336950330286,0.002060703423719007],[0.0026095352780551636,1.0,0.0010286767126372537,2.5178935050823996E-5,0.0015794870095618059,0.0012464344584840364,9.635036904218411E-4,0.0011896587556014828,0.001276718878432441,2.0135651373491813E-4,0.0011446707141356902,0.009362959334250753,0.001076874872927799,0.001253723386980349,0.0020901069283971946,0.017160219752190668,0.05753023088068179,7.64112711073414E-4,0.03458002243626171,0.001150127536536661,0.007733778395340321,0.0014769735763903696,0.001410435660172829,0.0011874142751613032,0.0013749676923686044,0.001066358515339236,6.395478800924834E-4,9.954453963293116E-4,3.3066682548494957E-4,0.0017568644116284016,2.257211906744652E-4,0.0011693346089011105,0.0013695708859947002,3.122898325469276E-5,6.501145254795028E-4,0.002752136088243386,4.449836278165751E-4,5.396281134560272E-4,0.0012411415810613202,0.0014061627599498117,0.001475790348066566,4.8103450153838545E-4,8.3624991383712E-4,4.2583836053621985E-4,0.0016341581523400595,0.00200605226313118,4.8601184296774813E-4,5.118346452670981E-4],[0.002325635466765841,0.0010286767126372537,1.0,2.8679856392112936E-4,4.128082665607291E-4,6.128449452273527E-4,3.7815670560066393E-4,3.0973467068907555E-4,9.9272833877206E-4,1.5038502675314763E-4,8.57346473095838E-4,0.0033326351163213137,2.1393772596392811E-4,5.132146473259299E-5,6.80940493192838E-4,0.016542851327686802,0.03613847047280225,1.4301066089282108E-4,0.00813884192099282,1.4602297769452673E-4,0.011595883389839868,8.139137624005945E-4,7.627633386030003E-5,3.0624754376352173E-4,2.3481499028793243E-4,1.3752000074571E-4,3.2002575708812585E-4,1.2091252434602725E-4,2.6473316138335385E-4,0.001124139453324572,3.440859551491328E-4,2.1569887387074352E-4,5.986009706072214E-4,8.224849777811581E-5,2.44666762018591E-4,0.0017477909979261616,3.212564710189828E-4,3.992751641129646E-4,9.547648848240157E-5,0.0011337015929210026,5.278269675758117E-4,2.9168438442347906E-4,3.237102807030994E-4,2.5440226868503866E-4,0.0011876461776824969,0.0011536848061969155,1.6744455344295354E-4,3.7290353916902085E-4],[0.0022688276467601903,2.5178935050823996E-5,2.8679856392112936E-4,1.0,0.0010807214202098634,6.993392153105134E-4,1.7063235329271845E-4,5.756347784085086E-5,0.0011773367380711927,7.332286455860117E-5,7.575678204722206E-4,0.003412464226291739,1.035216191225039E-4,2.25929062310133E-5,8.121649883767694E-4,0.010992201987653886,0.09044160824815163,1.0981283185431583E-4,0.021406866481261257,7.056868111441143E-5,0.017362263756396594,1.0134557132531747E-4,1.2744950334135882E-5,5.738728436184521E-5,1.6642464109973273E-5,2.6353743252540524E-5,7.065227727095264E-5,3.81326388358284E-5,1.6894285144108923E-4,6.738876321947209E-4,1.4765143628187263E-5,3.747975789938584E-5,5.972469245292787E-4,2.1358256573793215E-5,1.814014931422603E-4,0.007281252717014333,1.7274294811862802E-4,8.846725129779166E-5,2.4998028385837355E-5,0.0011324446465152465,8.184941552255809E-4,5.7119962751137906E-5,1.8987328161397033E-5,2.0991854677629477E-5,9.601953748065179E-4,0.001727032540603183,2.282053950032272E-5,3.4647558580781776E-5],[0.0021083324786526636,0.0015794870095618059,4.128082665607291E-4,0.0010807214202098634,1.0,0.0010694092641370784,0.0011783817155275804,0.0015738955548332937,0.0016905713415488169,5.177932248775627E-4,0.0017206531958119742,0.002889599634819335,0.0012593559325653118,6.855661905001637E-4,0.0019666033615358966,0.010042667155314518,0.056438812216371745,0.001472643045571254,0.003568194819381325,0.001219484499607408,0.010167665119780943,0.0015163344030401666,2.2355012563101626E-4,6.647172426537647E-4,7.628504465854525E-4,5.188976433246102E-4,7.276789602136205E-4,3.608927837913194E-4,0.0012422952053746873,0.0018457378687871389,4.61643086388891E-4,0.001625327202163328,0.0014130646141010852,0.0012995849916055567,0.0011731106438094296,0.005500945281717453,0.001320479754488298,9.757928048427304E-4,7.179170947669949E-4,0.0013687023304577986,0.0015349413026624042,2.2725983722769865E-4,0.0011096869340321085,5.213816910237974E-4,0.0017329675117183252,0.0019691109688955563,0.0015157643672855498,9.756602832907093E-4],[0.0019453447974751657,0.0012464344584840364,6.128449452273527E-4,6.993392153105134E-4,0.0010694092641370784,1.0,6.732929564251478E-4,6.51562086796887E-4,8.586020959243944E-4,3.4733203144709244E-4,8.253163027157299E-4,0.0029254354980760883,6.307887218342334E-4,9.74672799097901E-5,7.757461362033985E-4,0.011431567630414306,0.05627105796370052,1.9795815344819776E-4,0.019247703310327487,5.855587011173377E-4,0.003374945269626782,0.0012205515238652238,6.0344905813808824E-5,7.077937535802199E-4,5.164540892174013E-4,1.918975801490562E-4,3.05231077469732E-4,2.9172914921303956E-4,5.773011419935439E-4,0.0017574068425418579,5.035915711955692E-4,6.059746288295775E-4,8.540085143611724E-4,2.5376934566699285E-4,6.835357938025624E-4,0.009298422807233527,6.275820024824765E-4,6.853490409077414E-4,6.79721506734124E-5,8.143529326499971E-4,8.90993677141147E-4,1.8431189564105144E-4,6.933339539206584E-4,2.961759869659769E-4,0.0014130677972623213,8.879901925024586E-4,6.602728454475381E-4,1.959922543516621E-4],[5.548101098326198E-4,9.635036904218411E-4,3.7815670560066393E-4,1.7063235329271845E-4,0.0011783817155275804,6.732929564251478E-4,1.0,1.738646536778173E-4,6.613679491904138E-4,1.5922407056541605E-4,7.787651218541429E-4,0.009327439893815062,2.201113954383828E-4,2.848462533127309E-4,5.349960221473174E-4,0.018040749761656965,0.08077861350416764,1.8569700990556361E-4,0.012734390540239308,2.4954633903957247E-4,4.0143610619808724E-4,0.0012322872291744432,1.1336509216502219E-4,2.4735069429944196E-4,1.6120033583724743E-4,1.7050346918273958E-4,2.6207111223196407E-4,1.6495058332812194E-4,2.843368621554495E-4,5.521217365056408E-4,9.785957915516133E-5,2.2804405572863918E-4,4.977539059796454E-4,2.5448854947187987E-4,2.2142438296113515E-4,0.008622582833135767,2.862838420438842E-4,3.212638098456561E-4,1.9060608502375367E-4,6.055711191891276E-4,8.767136900377013E-4,2.832313004510824E-4,2.863097512252642E-4,9.366101083834287E-5,5.170505655261035E-4,0.002322846636448164,1.6840795320406313E-4,2.553157765496109E-4],[4.4230003726604216E-4,0.0011896587556014828,3.0973467068907555E-4,5.756347784085086E-5,0.0015738955548332937,6.51562086796887E-4,1.738646536778173E-4,1.0,1.2816318968923737E-4,1.1497377703432669E-4,4.0308031713154547E-4,0.004101205091758511,1.0213374547034525E-4,5.58575916768847E-5,0.0017124289054781187,0.008689788453946249,0.058477727651293734,1.1000385664807439E-4,0.023836719607366882,1.004143263347868E-4,0.01093522861245822,0.0011038773926720581,7.158273199799733E-5,9.980357066694835E-5,3.6653090440372086E-5,9.894311487197698E-5,1.2915569525700645E-4,6.636960467154322E-5,1.5428751126306695E-4,0.0014127230386303156,4.8604703056208965E-5,9.884515967081474E-5,3.799476178564818E-4,7.520497412081409E-5,1.832211761506283E-4,0.007708115541620616,1.7612192735277785E-4,3.1510516695279435E-4,4.528471379967748E-5,4.6529075597074714E-4,9.43003155745817E-4,7.92086052895023E-5,5.5728583603255205E-5,5.439346297140505E-5,0.001350097882888984,0.0018185372912467442,7.19246455646963E-5,6.246960325932344E-5],[0.0024180002884391172,0.001276718878432441,9.9272833877206E-4,0.0011773367380711927,0.0016905713415488169,8.586020959243944E-4,6.613679491904138E-4,1.2816318968923737E-4,1.0,8.314997951602041E-4,0.0012010786747551838,0.01020928511832848,2.5357308700272663E-4,9.715971180904619E-4,0.0020506934622118982,0.014999974863602229,0.016820600706201866,2.4285786720761588E-4,0.023774521318061174,3.738651914310353E-4,0.005823571401340572,0.0013117327759657126,5.142484473180538E-4,0.001162388903577176,6.147376878838988E-4,4.488846143764772E-4,9.729405954481397E-4,8.070120262329207E-4,9.730764774737551E-4,0.0018096749236587778,4.325777908225718E-4,0.001242813954023246,0.0012114984403144306,1.0365808753763373E-4,0.0010486592441923885,0.00514665770271254,6.91100423156329E-4,9.267785537765384E-4,6.656373390314253E-4,0.0012005782379850794,0.0014118066952235266,0.0012469660415119592,7.35735761971661E-4,2.3311664618369228E-5,0.001336370279031037,0.0024274683330681437,8.289870416752091E-4,9.689604562534086E-4],[0.0013721766651593828,2.0135651373491813E-4,1.5038502675314763E-4,7.332286455860117E-5,5.177932248775627E-4,3.4733203144709244E-4,1.5922407056541605E-4,1.1497377703432669E-4,8.314997951602041E-4,1.0,5.400863250782565E-4,0.002570709137864151,1.1816011543169425E-4,1.1171870152958254E-4,0.0021357240089105766,0.007430345949985243,0.04280831114144751,1.2893444390214723E-4,0.036870011758586264,1.1660042426496173E-4,0.001044879043980189,1.311058161698068E-4,4.731121239860312E-5,1.1447216009408627E-4,8.605051555758675E-5,1.1861254568032013E-4,1.550140882287038E-4,1.1848938866744394E-4,1.423509819460636E-4,3.995415119794059E-4,9.100521258093475E-5,1.2406329771543403E-4,6.757146664476626E-4,5.9540124071749E-5,1.522233105039016E-4,0.008376042495630951,1.543585128098517E-4,2.5804247217257393E-4,6.448012830857556E-5,0.0010323822580334614,9.917206875380026E-4,7.179583932232872E-5,3.842067568567514E-5,1.0549668975525857E-4,0.0014502379751918822,0.0019175608899899808,8.932983310554212E-5,1.1203060122647534E-4],[0.0025503061348506008,0.0011446707141356902,8.57346473095838E-4,7.575678204722206E-4,0.0017206531958119742,8.253163027157299E-4,7.787651218541429E-4,4.0308031713154547E-4,0.0012010786747551838,5.400863250782565E-4,1.0,0.009748971884331185,7.52915205714871E-4,4.6904358958873855E-4,0.00163659969497851,0.008745453407336843,0.025059209842084634,4.0803952298472846E-4,0.01940455222081911,3.2558497635979295E-4,0.0015686242144785797,0.0012500443405977955,2.364577090303749E-4,2.814040472389435E-4,8.521679356759797E-4,3.862481341390188E-4,3.6753188918222247E-4,6.067748350807947E-4,3.7961092155643897E-4,0.0012555426081827838,8.471320418611338E-4,4.471233415787746E-4,0.0011741946097604111,4.2315491757180106E-4,2.366833552813521E-4,0.008357186047098376,7.972887985843553E-4,7.786608160004816E-4,1.0112843347516559E-4,0.0011105832675373244,0.0010094104346525395,5.057256243729459E-4,7.078805055213299E-4,7.960366382870369E-4,0.0010715821979359135,0.001948843478095239,9.187760595744041E-4,7.834806253739926E-4],[0.01038084394050983,0.009362959334250753,0.0033326351163213137,0.003412464226291739,0.002889599634819335,0.0029254354980760883,0.009327439893815062,0.004101205091758511,0.01020928511832848,0.002570709137864151,0.009748971884331185,1.0,0.0029829254205188797,0.0024629689364191777,0.007448913546102295,0.014688972261789328,0.08342860995644728,0.005358776485364848,0.014890197123849796,0.009827435561554765,0.011797614989725874,0.0037280940220068485,0.009074093057689301,0.0020969865994200356,4.8096611596066895E-4,0.009003361989209917,0.009542556340986136,0.004192842484269058,0.0032486832797588797,0.007044471959863732,0.008800729890803985,0.005126350824560242,0.005727514530971223,0.0011950118828796036,0.0022943384710730373,0.010334212994828238,8.816130714662839E-4,0.007785175362206868,0.0017087698373296138,0.009961624574134966,0.008087036162642197,0.01031625068784269,0.0012037714991689694,0.0011831891945720677,0.00996492738543627,0.009959465911257497,8.700429202045924E-4,4.932080113637002E-4],[8.846217958296473E-4,0.001076874872927799,2.1393772596392811E-4,1.035216191225039E-4,0.0012593559325653118,6.307887218342334E-4,2.201113954383828E-4,1.0213374547034525E-4,2.5357308700272663E-4,1.1816011543169425E-4,7.52915205714871E-4,0.0029829254205188797,1.0,2.7176660401703882E-5,1.939165280503307E-4,0.006356680189076777,0.0866366678891926,1.2466347653378353E-4,0.034168350201336926,1.0953829110324118E-4,0.003717174721401821,0.0011739379557313176,5.8011026116732404E-5,1.0745009605594439E-4,7.955498622334789E-5,1.1050614569221306E-4,2.062686878757398E-4,8.367449553748897E-5,1.581220573183082E-4,0.001096926535628402,8.049928848045569E-5,1.190629345663159E-4,0.0010942036835623653,1.8313978532630534E-5,1.1744770080118145E-4,0.010226371204955524,2.227704839572354E-4,4.338815202712785E-4,5.569525127598135E-5,1.7966496192542685E-4,0.001172334655736957,9.706669642366209E-5,3.1160950921519004E-5,9.489229787982856E-5,2.2193045650427664E-4,0.002224068228125492,5.984168894288901E-5,5.1289329329166087E-5],[0.0015020408513352224,0.001253723386980349,5.132146473259299E-5,2.25929062310133E-5,6.855661905001637E-4,9.74672799097901E-5,2.848462533127309E-4,5.58575916768847E-5,9.715971180904619E-4,1.1171870152958254E-4,4.6904358958873855E-4,0.0024629689364191777,2.7176660401703882E-5,1.0,6.599565591679496E-4,0.008754221428143203,0.01441304623915639,1.2126711112092137E-4,0.033398925273427346,1.0148500963575268E-4,0.007448705047016747,9.290081113293483E-4,2.1414076054988373E-5,8.3672404707917E-5,1.9104001026785284E-5,1.107778882164237E-4,1.0382125565034088E-4,2.3099026674722937E-5,1.2951190466438067E-4,0.0016053145737614516,1.9365601980279787E-5,9.445662427633197E-5,0.0010210664087459836,1.5200013472039295E-5,1.042517669194453E-4,0.010229965713746866,3.1753797046866434E-5,4.180412426953335E-4,3.585901861795729E-5,5.4574986892522974E-5,9.080828684924528E-4,5.488069629595232E-5,1.8014003020512826E-5,2.1240981538299528E-5,9.287726251111211E-4,9.501890772983202E-4,1.7147127722522076E-5,2.721057098151609E-5],[0.0026109088289885847,0.0020901069283971946,6.80940493192838E-4,8.121649883767694E-4,0.0019666033615358966,7.757461362033985E-4,5.349960221473174E-4,0.0017124289054781187,0.0020506934622118982,0.0021357240089105766,0.00163659969497851,0.007448913546102295,1.939165280503307E-4,6.599565591679496E-4,1.0,0.014802208814499923,0.03930875308699549,7.309215202897513E-4,0.03429480483263932,0.0019129077038898066,0.0049449872981067325,0.002067149743291616,0.002424927997073037,0.0010021120558600521,0.0014179541042373249,0.0019138868639668176,0.0015306852158488075,0.0023457901904799907,6.17489174344751E-4,0.0023571970588487953,9.333047831467738E-4,1.5095418232304744E-4,0.0013105632374576408,0.0010677770414879557,9.409656440551854E-4,0.009368540321686492,7.508923209218797E-4,0.0019395509758596112,0.0012143789793410819,0.0012276158413891442,0.0015243172101436929,0.0016156227936451328,0.0012669751989875019,2.1671390236619717E-4,0.0021555104987509457,0.0024394955986163707,1.9890315677576953E-4,5.824478321540822E-4],[0.015687666229596046,0.017160219752190668,0.016542851327686802,0.010992201987653886,0.010042667155314518,0.011431567630414306,0.018040749761656965,0.008689788453946249,0.014999974863602229,0.007430345949985243,0.008745453407336843,0.014688972261789328,0.006356680189076777,0.008754221428143203,0.014802208814499923,1.0,0.02260341939138754,0.008301595922490105,0.02082969598189585,0.00829267627950226,0.01883284481330018,0.011558472994935422,0.0043863269564903586,0.006824170212850987,0.0017075852680576433,0.017472248641195707,0.01883122250116015,0.01738336606522076,0.016391055376820906,0.002310503807997048,0.009100769742265894,0.014182376644950832,0.004401600788235904,0.015269130489453882,0.014518924758653563,0.010748737493423656,0.006543494862437219,0.005902586064547337,0.0033616088840349614,0.012753287794073311,0.002509211394588918,5.19026778020263E-4,0.013947164603155827,0.009041817689406921,0.015551831506697608,0.014689138986150846,0.004855010216383337,0.01576991344054032],[0.04344808440000491,0.05753023088068179,0.03613847047280225,0.09044160824815163,0.056438812216371745,0.05627105796370052,0.08077861350416764,0.058477727651293734,0.016820600706201866,0.04280831114144751,0.025059209842084634,0.08342860995644728,0.0866366678891926,0.01441304623915639,0.03930875308699549,0.02260341939138754,1.0,0.04765684202947675,0.06711610439011108,0.04737283797625714,0.06116143449542159,0.05461098015079801,0.04410720590469768,0.060817851481560735,0.03943409930534134,0.027318041197896655,0.030703137378682282,0.03857429624338965,0.01593784552152627,0.02607738914760626,0.048172488711604004,0.0871780413020253,0.024245790009563405,0.04603614680016912,0.0400001600068799,0.045312983659693586,0.041140958270479526,0.027795413244945798,0.06695647411564733,0.07667167135159117,0.08739171640313656,0.006975516732066544,0.015765968103365537,0.057427655337544084,0.008199402812690703,0.037502441828849924,0.016705583854075945,0.06960751241970002],[0.002049750281425993,7.64112711073414E-4,1.4301066089282108E-4,1.0981283185431583E-4,0.001472643045571254,1.9795815344819776E-4,1.8569700990556361E-4,1.1000385664807439E-4,2.4285786720761588E-4,1.2893444390214723E-4,4.0803952298472846E-4,0.005358776485364848,1.2466347653378353E-4,1.2126711112092137E-4,7.309215202897513E-4,0.008301595922490105,0.04765684202947675,1.0,0.02958420238231231,1.2941903419797673E-4,0.013396530580897261,4.440205716865163E-4,1.1987031852741114E-4,1.1925865059449347E-4,1.2100966111799953E-4,1.3267050069628046E-4,2.212755221119309E-4,8.07353180356167E-5,1.6089164265709388E-4,0.001276462219059387,6.264898137108074E-5,1.270706727431685E-4,0.0010525551289589877,3.8120822056466526E-5,1.4682566277680707E-4,0.008329159450236923,1.378017418945275E-4,2.0121012614896633E-4,1.1232819270551614E-4,9.853900344808041E-4,4.8371407761386596E-4,1.3126089840221846E-4,8.255314268742329E-5,1.1072991411220389E-4,0.001231570487466192,0.0014981237868267982,1.2004901208902408E-4,1.1154872634790264E-4],[0.03158881594985007,0.03458002243626171,0.00813884192099282,0.021406866481261257,0.003568194819381325,0.019247703310327487,0.012734390540239308,0.023836719607366882,0.023774521318061174,0.036870011758586264,0.01940455222081911,0.014890197123849796,0.034168350201336926,0.033398925273427346,0.03429480483263932,0.02082969598189585,0.06711610439011108,0.02958420238231231,1.0,0.023138760114142013,0.024598538272019285,0.030602088447124785,0.029732442212578928,0.011958719707302879,0.03018150120463544,0.021620070696328472,0.0021944786908847627,0.027418428300052883,0.008935586097419216,0.01723519515869905,0.028055255677589305,0.02185119065691261,0.021829406929392146,0.006499543696343066,0.012811190566537149,0.03259060462697993,0.003485905049011487,0.007321642740018012,0.026226443259239056,0.01645303817632756,0.012641600542142379,0.029898426980645154,0.015230135568277353,0.023557386043289594,0.024899496551720336,0.014039619254679964,0.017215123127708044,0.030453411000141473],[0.002033069580172102,0.001150127536536661,1.4602297769452673E-4,7.056868111441143E-5,0.001219484499607408,5.855587011173377E-4,2.4954633903957247E-4,1.004143263347868E-4,3.738651914310353E-4,1.1660042426496173E-4,3.2558497635979295E-4,0.009827435561554765,1.0953829110324118E-4,1.0148500963575268E-4,0.0019129077038898066,0.00829267627950226,0.04737283797625714,1.2941903419797673E-4,0.023138760114142013,1.0,0.0010226034071005737,7.717547484927815E-4,4.543922497327816E-5,1.1129425878982782E-4,9.707938484151377E-5,1.170577064378883E-4,1.697341633217487E-4,7.749944988404837E-5,1.1855957536182988E-4,6.421962364761794E-4,1.0125528906509675E-4,1.1593334294860573E-4,3.5127981750348095E-4,6.993967481417966E-5,1.9483173386088029E-4,0.008354866684461098,1.338603821830768E-4,4.4474868628164584E-4,4.5657984427135756E-5,0.0011475806784195953,6.191634730593621E-4,1.0889008616953949E-4,3.725333450272675E-5,6.074939398752313E-5,4.0779353234383854E-4,8.40914147068519E-4,2.7269147608875358E-5,4.637708725288167E-5],[0.0048461510846306835,0.007733778395340321,0.011595883389839868,0.017362263756396594,0.010167665119780943,0.003374945269626782,4.0143610619808724E-4,0.01093522861245822,0.005823571401340572,0.001044879043980189,0.0015686242144785797,0.011797614989725874,0.003717174721401821,0.007448705047016747,0.0049449872981067325,0.01883284481330018,0.06116143449542159,0.013396530580897261,0.024598538272019285,0.0010226034071005737,1.0,0.010317914153846374,5.934829098464915E-4,0.010436331759579216,0.007305397625874884,0.007800265364486333,0.007856304626594025,0.006622584764421315,0.011519210636614317,0.015428150404478752,0.017998279147833775,0.013178804439527158,0.013607449880646104,0.0035989216907521913,0.010309874066735983,0.016079398630869095,0.006217604791090715,0.016625132503600287,0.0027743001178100347,0.01665536544738386,0.009068331759976511,0.006139426906625445,0.012776475506792631,0.016467015568637066,0.0021935240605410865,0.005958721331719192,0.004641767225068761,0.0074190924895249965],[0.002770990605576727,0.0014769735763903696,8.139137624005945E-4,1.0134557132531747E-4,0.0015163344030401666,0.0012205515238652238,0.0012322872291744432,0.0011038773926720581,0.0013117327759657126,1.311058161698068E-4,0.0012500443405977955,0.0037280940220068485,0.0011739379557313176,9.290081113293483E-4,0.002067149743291616,0.011558472994935422,0.05461098015079801,4.440205716865163E-4,0.030602088447124785,7.717547484927815E-4,0.010317914153846374,1.0,9.696183797822779E-4,9.600131800356138E-4,0.0010565230209747005,3.1338709202501764E-4,0.001190110146938023,0.0012977422383779276,0.001206557934876712,0.001695174928094268,8.609712669463613E-4,5.055299718539892E-4,0.0013385828978480657,7.453133384792646E-4,0.0012038184102121036,0.0019232290320298758,0.0014050994083647315,9.577975436801873E-4,6.172421453266886E-4,0.0013778932114335372,0.0014771048744460858,8.511012552861467E-5,0.0012504164209727454,4.262110278045298E-4,0.001497153329099586,0.0023669598054269323,9.32034987551066E-4,6.067983981633951E-4],[6.366199931224046E-4,0.001410435660172829,7.627633386030003E-5,1.2744950334135882E-5,2.2355012563101626E-4,6.0344905813808824E-5,1.1336509216502219E-4,7.158273199799733E-5,5.142484473180538E-4,4.731121239860312E-5,2.364577090303749E-4,0.009074093057689301,5.8011026116732404E-5,2.1414076054988373E-5,0.002424927997073037,0.0043863269564903586,0.04410720590469768,1.1987031852741114E-4,0.029732442212578928,4.543922497327816E-5,5.934829098464915E-4,9.696183797822779E-4,1.0,1.3405703320798695E-5,1.4553607749210245E-5,1.6365305105382785E-5,2.9309058058467078E-5,1.9609194889373948E-5,9.255641679693526E-5,8.284335581234564E-4,1.1090909202742188E-5,5.1654677806110355E-5,9.434239409739626E-4,1.27243236577036E-5,1.596975035943989E-4,0.0016572207883918022,1.538557578043216E-4,1.8123643708142223E-4,3.223445179351306E-5,6.966979716060625E-4,1.0249243449252899E-4,6.107111841102237E-5,1.5240495932939771E-5,1.3220036044438585E-5,0.0015880646349712652,0.0011361742494573571,1.1025131139317543E-5,2.4115401758476644E-5],[0.0017182637969395407,0.0011874142751613032,3.0624754376352173E-4,5.738728436184521E-5,6.647172426537647E-4,7.077937535802199E-4,2.4735069429944196E-4,9.980357066694835E-5,0.001162388903577176,1.1447216009408627E-4,2.814040472389435E-4,0.0020969865994200356,1.0745009605594439E-4,8.3672404707917E-5,0.0010021120558600521,0.006824170212850987,0.060817851481560735,1.1925865059449347E-4,0.011958719707302879,1.1129425878982782E-4,0.010436331759579216,9.600131800356138E-4,1.3405703320798695E-5,1.0,1.6842605100732533E-5,1.1330039232316843E-4,1.242357356926649E-4,8.992628242462769E-5,1.8412376180469833E-4,1.748751815302017E-4,6.43097234136122E-5,1.1808011586000035E-4,9.93914077320807E-4,3.914730018533237E-5,1.7565808213906473E-4,9.84593692041222E-4,2.3713148774541233E-4,2.797416765025411E-4,6.693911701860415E-5,0.0010812527039121681,0.0012739455402502287,8.630832873974265E-5,4.866157278157387E-5,4.387953513467894E-5,8.323674270399336E-4,0.0018335728539680257,4.432146714943844E-5,7.539771856990992E-5],[0.0026881654303303575,0.0013749676923686044,2.3481499028793243E-4,1.6642464109973273E-5,7.628504465854525E-4,5.164540892174013E-4,1.6120033583724743E-4,3.6653090440372086E-5,6.147376878838988E-4,8.605051555758675E-5,8.521679356759797E-4,4.8096611596066895E-4,7.955498622334789E-5,1.9104001026785284E-5,0.0014179541042373249,0.0017075852680576433,0.03943409930534134,1.2100966111799953E-4,0.03018150120463544,9.707938484151377E-5,0.007305397625874884,0.0010565230209747005,1.4553607749210245E-5,1.6842605100732533E-5,1.0,4.3130183376356704E-5,2.2077630438678566E-4,1.973589875282213E-5,9.012275753076396E-5,0.0014574462857250097,1.2636959953858261E-5,7.583240488441942E-5,0.0011847604251044917,1.4233534217139833E-5,1.8156798382606238E-4,0.0026860509299128886,1.2103073813230776E-4,4.302641261939753E-4,1.676906052715881E-5,7.400625681130336E-4,4.3853003804391445E-4,5.608571523507176E-5,1.6591907741683945E-5,1.7357415778566412E-5,1.7119666167351744E-4,0.0019182873330177003,1.4720500637567594E-5,2.5719194999237137E-5],[6.608697251463393E-4,0.001066358515339236,1.3752000074571E-4,2.6353743252540524E-5,5.188976433246102E-4,1.918975801490562E-4,1.7050346918273958E-4,9.894311487197698E-5,4.488846143764772E-4,1.1861254568032013E-4,3.862481341390188E-4,0.009003361989209917,1.1050614569221306E-4,1.107778882164237E-4,0.0019138868639668176,0.017472248641195707,0.027318041197896655,1.3267050069628046E-4,0.021620070696328472,1.170577064378883E-4,0.007800265364486333,3.1338709202501764E-4,1.6365305105382785E-5,1.1330039232316843E-4,4.3130183376356704E-5,1.0,2.277594476109685E-4,5.790246285427925E-5,1.7423399807764008E-4,0.0015784686631520708,4.297171157869796E-5,1.2339308053155675E-4,7.542570062217441E-4,6.806188248766785E-5,1.5515116386624018E-4,0.00864601205376539,1.7270957134327315E-4,1.5485387974290243E-4,7.205776340414241E-5,8.286781494034567E-4,4.0690152280472994E-4,8.343424674902052E-5,9.555732204196683E-5,9.492331933695369E-5,3.115712880206032E-4,6.277307174207731E-4,4.322024920677663E-5,8.460053337833763E-5],[7.616210002059845E-4,6.395478800924834E-4,3.2002575708812585E-4,7.065227727095264E-5,7.276789602136205E-4,3.05231077469732E-4,2.6207111223196407E-4,1.2915569525700645E-4,9.729405954481397E-4,1.550140882287038E-4,3.6753188918222247E-4,0.009542556340986136,2.062686878757398E-4,1.0382125565034088E-4,0.0015306852158488075,0.01883122250116015,0.030703137378682282,2.212755221119309E-4,0.0021944786908847627,1.697341633217487E-4,0.007856304626594025,0.001190110146938023,2.9309058058467078E-5,1.242357356926649E-4,2.2077630438678566E-4,2.277594476109685E-4,1.0,7.85087793766593E-5,2.0092937027414788E-4,3.613480962860224E-4,1.3115307331552922E-4,1.3128613479416066E-4,9.687014233424376E-4,1.2701198535806427E-4,1.986062521823807E-4,3.337567665179172E-4,2.5594438559967727E-4,2.453969924205356E-4,2.1816885825512498E-4,4.5368102428345724E-4,9.068558114136669E-4,8.261548407869363E-5,3.35956514296746E-5,1.1162132740334E-4,7.840511667466145E-4,6.953506742057037E-4,1.8483216587218823E-4,1.0111157963713495E-4],[9.06782429980134E-4,9.954453963293116E-4,1.2091252434602725E-4,3.81326388358284E-5,3.608927837913194E-4,2.9172914921303956E-4,1.6495058332812194E-4,6.636960467154322E-5,8.070120262329207E-4,1.1848938866744394E-4,6.067748350807947E-4,0.004192842484269058,8.367449553748897E-5,2.3099026674722937E-5,0.0023457901904799907,0.01738336606522076,0.03857429624338965,8.07353180356167E-5,0.027418428300052883,7.749944988404837E-5,0.006622584764421315,0.0012977422383779276,1.9609194889373948E-5,8.992628242462769E-5,1.973589875282213E-5,5.790246285427925E-5,7.85087793766593E-5,1.0,1.596881721319415E-4,6.688787321472827E-4,2.7702199871352908E-5,1.1857205778639624E-4,2.2190745380389813E-4,1.4285149799268585E-5,1.4664850875228656E-4,0.005498358256389642,2.2954315173305133E-4,3.9091245825465296E-4,3.946272308879865E-5,3.5069325373822435E-4,4.4378068685722996E-4,5.4242635425658116E-5,4.857843221139567E-5,1.8255349058317953E-5,0.0012938720985456599,2.6725438673322235E-4,4.6720742372911625E-5,4.138163707681843E-5],[7.767225200893204E-4,3.3066682548494957E-4,2.6473316138335385E-4,1.6894285144108923E-4,0.0012422952053746873,5.773011419935439E-4,2.843368621554495E-4,1.5428751126306695E-4,9.730764774737551E-4,1.423509819460636E-4,3.7961092155643897E-4,0.0032486832797588797,1.581220573183082E-4,1.2951190466438067E-4,6.17489174344751E-4,0.016391055376820906,0.01593784552152627,1.6089164265709388E-4,0.008935586097419216,1.1855957536182988E-4,0.011519210636614317,0.001206557934876712,9.255641679693526E-5,1.8412376180469833E-4,9.012275753076396E-5,1.7423399807764008E-4,2.0092937027414788E-4,1.596881721319415E-4,1.0,5.813626792158083E-4,1.411708441030987E-4,1.6008338574217487E-4,5.888187287969755E-4,1.370399640486434E-4,1.8921088310301022E-4,0.0055216392036417684,1.880431052332319E-4,3.7306163572416846E-4,1.876467554032743E-4,7.057897256445858E-4,0.001324173559068018,7.117302395347469E-5,1.4060460203353545E-4,1.4532537529861304E-4,5.27386331396466E-4,0.001487891228218998,1.4618964994444233E-4,1.2377675064825262E-4],[0.0027524234391598755,0.0017568644116284016,0.001124139453324572,6.738876321947209E-4,0.0018457378687871389,0.0017574068425418579,5.521217365056408E-4,0.0014127230386303156,0.0018096749236587778,3.995415119794059E-4,0.0012555426081827838,0.007044471959863732,0.001096926535628402,0.0016053145737614516,0.0023571970588487953,0.002310503807997048,0.02607738914760626,0.001276462219059387,0.01723519515869905,6.421962364761794E-4,0.015428150404478752,0.001695174928094268,8.284335581234564E-4,1.748751815302017E-4,0.0014574462857250097,0.0015784686631520708,3.613480962860224E-4,6.688787321472827E-4,5.813626792158083E-4,1.0,0.0011999110302602844,8.821684694853688E-4,0.0017994653573209984,6.843653675802516E-4,0.0016565758302442015,0.009269940390724271,7.51976573416683E-4,0.001169060096268959,0.0016730094500793785,0.0018134567029441887,0.0017591055780311142,3.4146460956018E-4,7.705251680043336E-4,1.0047840200867254E-4,0.0019161676677781063,0.001970858693031831,2.2794929267757008E-5,9.709007574488562E-4],[0.0013948920145911146,2.257211906744652E-4,3.440859551491328E-4,1.4765143628187263E-5,4.61643086388891E-4,5.035915711955692E-4,9.785957915516133E-5,4.8604703056208965E-5,4.325777908225718E-4,9.100521258093475E-5,8.471320418611338E-4,0.008800729890803985,8.049928848045569E-5,1.9365601980279787E-5,9.333047831467738E-4,0.009100769742265894,0.048172488711604004,6.264898137108074E-5,0.028055255677589305,1.0125528906509675E-4,0.017998279147833775,8.609712669463613E-4,1.1090909202742188E-5,6.43097234136122E-5,1.2636959953858261E-5,4.297171157869796E-5,1.3115307331552922E-4,2.7702199871352908E-5,1.411708441030987E-4,0.0011999110302602844,1.0,1.0945441520947855E-4,7.228611365896842E-4,1.2227605944835056E-5,1.6098417658995514E-4,0.004850934594740893,4.5770844584659416E-5,1.0059687334663547E-4,2.3774638497002333E-5,4.7623719375136913E-4,0.0013919016563775954,1.4823668958652038E-5,1.283891480727556E-5,1.5586997285667086E-5,8.019658069985308E-4,0.0013080185062642766,1.4009519217218671E-5,1.392537267403804E-5],[8.717108174005128E-4,0.0011693346089011105,2.1569887387074352E-4,3.747975789938584E-5,0.001625327202163328,6.059746288295775E-4,2.2804405572863918E-4,9.884515967081474E-5,0.001242813954023246,1.2406329771543403E-4,4.471233415787746E-4,0.005126350824560242,1.190629345663159E-4,9.445662427633197E-5,1.5095418232304744E-4,0.014182376644950832,0.0871780413020253,1.270706727431685E-4,0.02185119065691261,1.1593334294860573E-4,0.013178804439527158,5.055299718539892E-4,5.1654677806110355E-5,1.1808011586000035E-4,7.583240488441942E-5,1.2339308053155675E-4,1.3128613479416066E-4,1.1857205778639624E-4,1.6008338574217487E-4,8.821684694853688E-4,1.0945441520947855E-4,1.0,7.782286217576212E-4,1.0682117472081034E-4,1.858995112256856E-4,0.0032138243523659985,1.9397482511383644E-4,3.4208913023561354E-4,9.27822797050515E-5,0.0010922712206132602,2.0904826387052507E-4,1.2126903684822585E-4,9.4705070236198E-5,1.0637239267029717E-4,3.747468102718903E-4,0.0016211798499216655,7.123007569022237E-5,1.1033785818952323E-4],[0.0022071876772816763,0.0013695708859947002,5.986009706072214E-4,5.972469245292787E-4,0.0014130646141010852,8.540085143611724E-4,4.977539059796454E-4,3.799476178564818E-4,0.0012114984403144306,6.757146664476626E-4,0.0011741946097604111,0.005727514530971223,0.0010942036835623653,0.0010210664087459836,0.0013105632374576408,0.004401600788235904,0.024245790009563405,0.0010525551289589877,0.021829406929392146,3.5127981750348095E-4,0.013607449880646104,0.0013385828978480657,9.434239409739626E-4,9.93914077320807E-4,0.0011847604251044917,7.542570062217441E-4,9.687014233424376E-4,2.2190745380389813E-4,5.888187287969755E-4,0.0017994653573209984,7.228611365896842E-4,7.782286217576212E-4,1.0,4.675234370974737E-4,4.8565145514654906E-4,0.004452146490605907,0.001080182784754395,4.7452303520429274E-4,1.432512417022727E-4,0.001199040767386091,0.001300968536906764,2.962869327621838E-4,0.0010232952064203268,8.886927713040491E-4,0.0013448668513473614,0.0013318298221094938,1.3958602795546203E-4,5.32578762233021E-4],[0.0023962088272494807,3.122898325469276E-5,8.224849777811581E-5,2.1358256573793215E-5,0.0012995849916055567,2.5376934566699285E-4,2.5448854947187987E-4,7.520497412081409E-5,1.0365808753763373E-4,5.9540124071749E-5,4.2315491757180106E-4,0.0011950118828796036,1.8313978532630534E-5,1.5200013472039295E-5,0.0010677770414879557,0.015269130489453882,0.04603614680016912,3.8120822056466526E-5,0.006499543696343066,6.993967481417966E-5,0.0035989216907521913,7.453133384792646E-4,1.27243236577036E-5,3.914730018533237E-5,1.4233534217139833E-5,6.806188248766785E-5,1.2701198535806427E-4,1.4285149799268585E-5,1.370399640486434E-4,6.843653675802516E-4,1.2227605944835056E-5,1.0682117472081034E-4,4.675234370974737E-4,1.0,9.057041928591959E-5,0.008441754016820922,2.531359561329324E-4,1.8437532981133227E-4,3.480004948303029E-5,2.9853982823601017E-4,9.675166404898751E-4,6.19979843002403E-5,1.69311278532164E-5,1.672901262265838E-5,9.93783855028654E-4,0.0023113647675580594,1.4123879686950166E-5,2.761759030452174E-5],[0.002779957390049454,6.501145254795028E-4,2.44666762018591E-4,1.814014931422603E-4,0.0011731106438094296,6.835357938025624E-4,2.2142438296113515E-4,1.832211761506283E-4,0.0010486592441923885,1.522233105039016E-4,2.366833552813521E-4,0.0022943384710730373,1.1744770080118145E-4,1.042517669194453E-4,9.409656440551854E-4,0.014518924758653563,0.0400001600068799,1.4682566277680707E-4,0.012811190566537149,1.9483173386088029E-4,0.010309874066735983,0.0012038184102121036,1.596975035943989E-4,1.7565808213906473E-4,1.8156798382606238E-4,1.5515116386624018E-4,1.986062521823807E-4,1.4664850875228656E-4,1.8921088310301022E-4,0.0016565758302442015,1.6098417658995514E-4,1.858995112256856E-4,4.8565145514654906E-4,9.057041928591959E-5,1.0,0.010062673820297414,2.238013019292657E-4,3.599428984477504E-4,7.555944694941755E-5,6.227647303747986E-4,0.001074505140755893,1.3892799031430225E-4,1.4327204453367583E-4,1.3624605721676125E-4,0.0015865699737565276,5.714955974073344E-4,1.2925778446624015E-4,1.650386689130797E-4],[0.004132196169920147,0.002752136088243386,0.0017477909979261616,0.007281252717014333,0.005500945281717453,0.009298422807233527,0.008622582833135767,0.007708115541620616,0.00514665770271254,0.008376042495630951,0.008357186047098376,0.010334212994828238,0.010226371204955524,0.010229965713746866,0.009368540321686492,0.010748737493423656,0.045312983659693586,0.008329159450236923,0.03259060462697993,0.008354866684461098,0.016079398630869095,0.0019232290320298758,0.0016572207883918022,9.84593692041222E-4,0.0026860509299128886,0.00864601205376539,3.337567665179172E-4,0.005498358256389642,0.0055216392036417684,0.009269940390724271,0.004850934594740893,0.0032138243523659985,0.004452146490605907,0.008441754016820922,0.010062673820297414,1.0,0.005394170332780276,0.001169320962703282,0.009673948038616051,0.0027851099130519153,0.003031097177310691,0.0023092401151752597,0.007409698650850666,0.004547418182328416,0.006350217711178673,0.004808096447039254,0.0012655256568875,6.796352228933504E-4],[5.420215699482549E-4,4.449836278165751E-4,3.212564710189828E-4,1.7274294811862802E-4,0.001320479754488298,6.275820024824765E-4,2.862838420438842E-4,1.7612192735277785E-4,6.91100423156329E-4,1.543585128098517E-4,7.972887985843553E-4,8.816130714662839E-4,2.227704839572354E-4,3.1753797046866434E-5,7.508923209218797E-4,0.006543494862437219,0.041140958270479526,1.378017418945275E-4,0.003485905049011487,1.338603821830768E-4,0.006217604791090715,0.0014050994083647315,1.538557578043216E-4,2.3713148774541233E-4,1.2103073813230776E-4,1.7270957134327315E-4,2.5594438559967727E-4,2.2954315173305133E-4,1.880431052332319E-4,7.51976573416683E-4,4.5770844584659416E-5,1.9397482511383644E-4,0.001080182784754395,2.531359561329324E-4,2.238013019292657E-4,0.005394170332780276,1.0,3.1498761391653433E-4,1.548172087747989E-4,0.0010335164910944532,4.753805913213626E-4,9.471066890365575E-5,2.3857757173743156E-4,1.7627463822932456E-4,4.6412206758050545E-4,0.002121427355358709,2.2243119681794688E-4,2.1761094081503024E-4],[0.002219237666260393,5.396281134560272E-4,3.992751641129646E-4,8.846725129779166E-5,9.757928048427304E-4,6.853490409077414E-4,3.212638098456561E-4,3.1510516695279435E-4,9.267785537765384E-4,2.5804247217257393E-4,7.786608160004816E-4,0.007785175362206868,4.338815202712785E-4,4.180412426953335E-4,0.0019395509758596112,0.005902586064547337,0.027795413244945798,2.0121012614896633E-4,0.007321642740018012,4.4474868628164584E-4,0.016625132503600287,9.577975436801873E-4,1.8123643708142223E-4,2.797416765025411E-4,4.302641261939753E-4,1.5485387974290243E-4,2.453969924205356E-4,3.9091245825465296E-4,3.7306163572416846E-4,0.001169060096268959,1.0059687334663547E-4,3.4208913023561354E-4,4.7452303520429274E-4,1.8437532981133227E-4,3.599428984477504E-4,0.001169320962703282,3.1498761391653433E-4,1.0,1.499476638791579E-4,5.455821382550842E-4,0.0010782059946422176,3.589942726264766E-4,1.7059706640595718E-4,4.447495263325806E-4,8.086809985804171E-4,0.0010605284081115275,2.4928800203781976E-5,3.0517607361034264E-4],[0.002573578519833181,0.0012411415810613202,9.547648848240157E-5,2.4998028385837355E-5,7.179170947669949E-4,6.79721506734124E-5,1.9060608502375367E-4,4.528471379967748E-5,6.656373390314253E-4,6.448012830857556E-5,1.0112843347516559E-4,0.0017087698373296138,5.569525127598135E-5,3.585901861795729E-5,0.0012143789793410819,0.0033616088840349614,0.06695647411564733,1.1232819270551614E-4,0.026226443259239056,4.5657984427135756E-5,0.0027743001178100347,6.172421453266886E-4,3.223445179351306E-5,6.693911701860415E-5,1.676906052715881E-5,7.205776340414241E-5,2.1816885825512498E-4,3.946272308879865E-5,1.876467554032743E-4,0.0016730094500793785,2.3774638497002333E-5,9.27822797050515E-5,1.432512417022727E-4,3.480004948303029E-5,7.555944694941755E-5,0.009673948038616051,1.548172087747989E-4,1.499476638791579E-4,1.0,7.055994103229586E-4,4.6834284899544617E-4,4.2278829681344424E-5,2.3891934880892107E-5,3.087746798339637E-5,0.001591255054833888,0.0016198317498565841,2.9646082610365218E-5,3.7055326237552255E-5],[0.0021151648141818804,0.0014061627599498117,0.0011337015929210026,0.0011324446465152465,0.0013687023304577986,8.143529326499971E-4,6.055711191891276E-4,4.6529075597074714E-4,0.0012005782379850794,0.0010323822580334614,0.0011105832675373244,0.009961624574134966,1.7966496192542685E-4,5.4574986892522974E-5,0.0012276158413891442,0.012753287794073311,0.07667167135159117,9.853900344808041E-4,0.01645303817632756,0.0011475806784195953,0.01665536544738386,0.0013778932114335372,6.966979716060625E-4,0.0010812527039121681,7.400625681130336E-4,8.286781494034567E-4,4.5368102428345724E-4,3.5069325373822435E-4,7.057897256445858E-4,0.0018134567029441887,4.7623719375136913E-4,0.0010922712206132602,0.001199040767386091,2.9853982823601017E-4,6.22764