[[1.0,1.7759892880374036E-4,2.584968800011736E-4,2.9765633790309457E-5,3.298759259410304E-4,0.0013229825945545517,1.4382346647422224E-4,2.8619435182605107E-4,0.0015049034177927593,0.0034021099725285654,2.8635935793849235E-4,3.2526511488085725E-4,0.006195087911057377,1.855890539160402E-4,1.6601782892571888E-4,4.569051190423397E-5,5.569832546729499E-4,0.0012801331858695582,1.0061492834495964E-4,2.6357027841479336E-4,0.0017423771198309445,0.001144832288525259,8.629826090692294E-5,7.231596376709006E-4,0.001971400224442762,0.0047018297784539595,2.6272357185835144E-4,0.004312601978694991,0.0032094976173670828,9.022463845346433E-4,1.324363913106227E-4,0.01341118298274978,2.0328556055475644E-4,8.451452622454413E-4,9.61388573276194E-4,3.7470655835859866E-4,0.008164863478539258,3.127589468583965E-4,3.495059934715353E-4,0.0011723059670842874,3.4276141822993573E-4,3.2421669850792983E-4,7.961300092837336E-4,3.368132462255418E-4,0.0010240827719361434,8.538359531526977E-4,7.137692447428442E-4,2.1158923978761133E-4,1.5876248587413865E-4,3.301435170503058E-4,0.020886751405070843,4.255957282707577E-4,2.6358732712107396E-4,1.8918474179149483E-4],[1.7759892880374036E-4,1.0,1.5741864250625747E-4,5.9295748177725774E-5,1.674789433629837E-4,5.805549976060603E-4,9.32675841866703E-5,1.6908868237151405E-4,7.107579979218951E-4,0.0031681636513124145,1.3738195028627497E-4,2.0399538956800828E-4,0.004842962963192128,1.1656160299092889E-4,1.1671357618299166E-4,3.596638522643716E-5,4.2766259593049623E-4,2.320343481665662E-4,2.359859620668847E-5,8.291547377147954E-5,6.50093964480209E-4,0.0010015325125826376,2.196547541673424E-5,9.904460760258179E-4,8.180217762468343E-4,0.0074593146700582405,1.1824869884627978E-4,0.002166842372665,3.659563580062409E-4,0.0010329186873449835,1.1804733577202385E-4,0.0121953045254413,1.2336486942023412E-4,0.0015164898406828942,0.0017295865464690171,0.0023680123388145438,0.0030017296318647245,1.238487583991356E-4,2.5201603675579083E-4,5.533310356338486E-4,1.6984624528723115E-4,1.087861167936601E-4,3.472696580597972E-4,2.72203448911247E-4,4.644177232950544E-4,6.136702075089286E-4,6.093635147927227E-4,1.2028699667713233E-4,1.191367271973129E-4,1.6264608523891262E-4,0.026628466114031427,4.4085295623300585E-4,1.056843947790826E-4,1.2602577153024953E-4],[2.584968800011736E-4,1.5741864250625747E-4,1.0,1.0431999384768663E-4,1.847438336340643E-4,4.7941953112004803E-4,4.857329881418458E-5,2.2123790469970542E-4,5.39256596711787E-4,0.0017211004259197096,1.936382581192806E-4,1.679267028686431E-4,0.00959779193319996,1.3712924587854424E-4,1.1613353284875329E-4,4.7262159590235554E-5,0.0011378380478053245,0.0013325753664112396,9.052876589225712E-5,8.831987765047875E-5,0.0012027600331873099,0.0014369196513243745,5.958609207702941E-5,4.22400980692577E-4,0.002010099480251674,0.012786676888559619,1.4681052878877398E-4,0.002712291122729983,0.0016879696378274966,7.021425022318792E-4,1.4805039361319889E-4,0.007244906646312574,1.4862820702762113E-4,0.005969312168024917,4.563277980148688E-4,0.0020586811097115494,0.006770320423645313,1.597895632056753E-4,1.866279704717156E-4,0.00289855090405614,2.070834816539002E-4,1.1342512072482892E-4,0.002181973196143014,2.307871930651447E-4,0.0014955490340657098,0.001808969627524422,6.323599025103699E-4,1.6049919603077674E-4,1.520632447458394E-4,2.2164109648909963E-4,0.03952822688861471,4.798451559523192E-4,1.373247913402099E-4,1.3497171633321622E-4],[2.9765633790309457E-5,5.9295748177725774E-5,1.0431999384768663E-4,1.0,1.9723047379593327E-4,8.850915705423737E-4,1.964435349715278E-5,1.118171706749828E-4,2.6142079580849514E-5,7.240824291916751E-4,2.2703630923460509E-4,1.0274362589833899E-4,0.0029922020361136635,9.399370633125278E-5,1.8635646967829665E-5,1.8165335384131396E-5,1.077488109389483E-4,3.642231574421587E-4,1.935114077721234E-5,3.1870344849269574E-5,0.0016710524853199953,0.0011038506482774302,1.9391248813156257E-5,9.318399231557552E-4,0.0015990109039240728,0.0031113529122985778,3.407458312766227E-5,0.001148986512865186,0.0033065197978271064,0.0010310870170898267,1.089637950028327E-4,0.009746890067174878,1.343340586906407E-4,0.012487564475331643,0.0010672335019925297,0.0029273529575512196,0.00965553617931993,5.125061980593335E-5,2.66849523331167E-4,0.002529996605595077,2.2648283038688826E-4,4.0793546891909E-5,0.001884456406055284,1.618019838989861E-4,0.0013913248617512296,6.038069639559506E-4,5.285612507210395E-4,1.4049665699666193E-4,1.1692450505010157E-4,2.6871149284042026E-4,0.029673295574325624,3.376408515582166E-4,9.601399221794096E-5,6.665678115091718E-5],[3.298759259410304E-4,1.674789433629837E-4,1.847438336340643E-4,1.9723047379593327E-4,1.0,0.0015620661188649302,2.6472872830442376E-4,2.655307955389897E-4,0.001566689788702303,0.0035389127598008593,2.408569697698148E-4,2.567725068196876E-4,0.011818725721818888,2.1422915465125174E-4,2.4576095305726725E-4,7.934773725441401E-5,3.375507810651717E-4,0.0011145937220979928,5.1790759293703626E-5,1.7037450142311494E-4,0.0013256360462086361,0.001011101561964351,6.887492636273501E-5,8.206966676852848E-4,0.0011548275643494714,2.9261770896939015E-4,1.3778043019882177E-4,0.0013065316181091313,0.0016296300995364955,0.0010784356962108778,1.238869445084768E-4,5.163430455425114E-4,2.1408358986022602E-4,0.008902363957611887,7.268052661692164E-4,3.862880424888865E-4,0.010076063501419345,1.8877389479345186E-4,3.668980815517009E-4,0.0033097135185019807,3.6686643887688257E-4,1.4428616332816225E-4,0.0018604394816672683,2.804761510626409E-4,0.0012224773929965448,0.0017415059115224142,6.765048318837551E-4,1.8463979931299798E-4,2.3822229333972419E-4,2.8823748137778025E-4,0.024534864898943243,2.9477417988698897E-4,1.1184544227345844E-4,2.1768346524813628E-4],[0.0013229825945545517,5.805549976060603E-4,4.7941953112004803E-4,8.850915705423737E-4,0.0015620661188649302,1.0,4.896280379220097E-4,0.0016981361847298957,0.0017324774717907836,0.0034535531051339222,0.0015141933026858023,2.9037789595146165E-4,0.010168077614908927,0.0014417244341439963,0.0013120048359266966,0.0017166523462674521,0.001430592252371736,0.0015478416270556048,5.92486543473858E-4,1.2444367085914066E-4,0.0019050535362328854,0.0015963118412926388,2.428129692797692E-4,0.001111924012065463,0.002017324710157538,0.02109307185676838,0.0014647650695757697,0.0043742072356450605,0.006741532462432734,0.0014195912273814088,2.2028345037951135E-4,0.005486404366940604,7.70701227035777E-4,0.01261535982723301,0.0017886223810957159,0.003013245402895058,0.003051116981547056,4.3951579556028553E-4,9.632170701103847E-4,0.0036219924219972463,0.0014326936297374916,4.214677623876356E-4,0.002184787660878901,5.874604999614438E-4,0.00179776724738853,0.001905358025302916,0.0014991078115706808,4.273967752237704E-4,0.001190823503891274,4.452019093453435E-4,0.02206067561176959,0.001193985094046506,0.0014408758323716162,0.0010013232939562022],[1.4382346647422224E-4,9.32675841866703E-5,4.857329881418458E-5,1.964435349715278E-5,2.6472872830442376E-4,4.896280379220097E-4,1.0,1.1039310588407661E-4,5.953534802245076E-4,0.002312620013742365,9.297958764354483E-5,4.2771542493208735E-5,0.0011171517641034984,8.365835433870579E-5,3.3637860723508976E-5,1.5951409790203124E-5,3.563940576820362E-4,2.0537179386065488E-4,3.432827926416712E-5,3.848950874654019E-5,0.0016589940847830515,5.863698445460379E-4,3.1703096806419466E-5,8.714128014479882E-4,0.0010119796842268133,0.002087214980770985,8.186383782567938E-5,0.0021444581608722996,7.752547063901169E-4,3.197644111200585E-4,1.1582537238099018E-4,0.013294184758531299,9.349972003206585E-5,0.005022241438571806,0.0010825979894952783,0.0017568876831075845,0.009028362697543564,1.3458399738111798E-4,3.580688754497516E-4,0.0032242548941691694,8.50883565181066E-5,4.948031846619968E-5,0.0014159957118768068,1.6509936438765426E-4,6.676132469923793E-4,0.0010434059280040333,8.952097504502313E-4,4.5065562925030947E-5,1.2147087463957943E-4,2.3092293770489582E-4,0.02958106422853948,2.2339201868446038E-4,7.291236712059671E-5,8.611804496974683E-5],[2.8619435182605107E-4,1.6908868237151405E-4,2.2123790469970542E-4,1.118171706749828E-4,2.655307955389897E-4,0.0016981361847298957,1.1039310588407661E-4,1.0,0.0016342905991855157,0.0028238040351071907,2.437296994497724E-4,2.2299017068532753E-4,0.0026736944530546284,1.9321011048243773E-4,2.3048659272623334E-4,1.0967005702567577E-4,0.0011490226769467946,4.241245931526621E-4,2.020757423153058E-4,1.6929334693490923E-4,5.828564068620325E-4,8.618251124398279E-4,3.467214146800342E-5,6.787570507243925E-4,0.001544025591015582,0.013786309929347082,2.1358834942425138E-4,0.0044367643673789104,0.00502363818280686,6.524370779727137E-4,2.1968913181877548E-4,0.00825423449845083,2.0129356852157537E-4,0.006511795842297121,9.441223764954732E-4,9.42200687472854E-4,0.010299995001699539,1.606871165359026E-4,3.6668899552651853E-4,0.001206298163011585,3.058955506874968E-4,2.6041195165226827E-4,5.172973838213884E-4,3.240187423197491E-4,3.6471042132613725E-4,6.163879035027244E-4,0.001395675946188891,2.342800240917018E-4,1.9760743320909065E-4,2.790145010853517E-4,0.017774099589738697,4.4738699127919136E-4,2.520875248136602E-4,1.643981403296257E-4],[0.0015049034177927593,7.107579979218951E-4,5.39256596711787E-4,2.6142079580849514E-5,0.001566689788702303,0.0017324774717907836,5.953534802245076E-4,0.0016342905991855157,1.0,0.0025478319049584046,7.743957486710559E-4,3.3403337405912224E-4,0.011825767535652775,7.579921423670934E-4,0.001659300046103453,6.189976386783646E-4,0.0016685632509021817,0.0016672587348582624,0.0016442518845584426,0.0012960697717107484,0.002210793623538626,0.001647563425160088,9.365376562513664E-4,0.0013685589513480608,0.0019193167838262998,0.016993612761115284,3.673558691715039E-4,0.0022942889297220504,0.0042908051304349545,0.0015109188870737827,0.0013046296893767743,0.011220390085872497,2.9147341710813746E-4,0.013314461445519902,0.0017527433794341542,0.0031303756601129113,0.0019002292157613827,0.0014855003755350163,0.0014457149495979062,0.003624680437910663,4.6015025047221615E-4,0.0016811611647116625,0.0019006137723342512,9.23541394976415E-4,0.0016781038099704328,0.0018832172383205562,0.001439217366775683,7.755850762937137E-4,0.0011860951106795396,4.536361201117183E-4,0.021518002432646923,8.855904432656999E-4,8.534090274342804E-4,4.0772847519862795E-4],[0.0034021099725285654,0.0031681636513124145,0.0017211004259197096,7.240824291916751E-4,0.0035389127598008593,0.0034535531051339222,0.002312620013742365,0.0028238040351071907,0.0025478319049584046,1.0,0.002345132715608828,0.0041596974054953295,0.010953969817845959,1.8066944749459585E-4,6.936231927013462E-4,0.0015611466747438546,0.0034519944136247806,0.001544577677808236,0.0014409370436701725,7.680058757276666E-4,0.0025786341181613303,0.004164123405393587,0.004090031450302823,0.0016054754046145544,0.0038271846580804243,0.012845183858885154,0.004167712992292763,0.004905923638254426,0.006362338575944135,0.004239670203535831,0.0010102782715789376,0.00548306573542489,0.003976933231077483,0.008078531637777674,0.0029798616690688215,0.004222761220934474,0.006889774707772098,0.00225642016535651,6.409324176371214E-4,0.0039907626882114905,0.0041432318596601354,0.0016899320216874063,0.003975051388889714,0.0036387525467694174,0.003953877903731843,0.0038458392562156496,0.0015798905095859256,0.003069637904169349,0.003731967526600604,5.697640690179781E-4,0.01636846328530026,0.0010965299435536494,0.0012669559358630877,0.0013028828015316026],[2.8635935793849235E-4,1.3738195028627497E-4,1.936382581192806E-4,2.2703630923460509E-4,2.408569697698148E-4,0.0015141933026858023,9.297958764354483E-5,2.437296994497724E-4,7.743957486710559E-4,0.002345132715608828,1.0,2.0802134414544252E-4,0.0017569055985893426,1.1699825279565224E-4,1.1922191994882467E-4,7.694228868710799E-5,9.692615452182718E-4,7.080513178020476E-4,6.388630929170823E-5,1.2652380509287927E-4,4.5671544109564905E-4,2.6641910003971214E-4,2.0824166985573947E-4,3.70428829519706E-4,0.0016761765932287948,0.0030291806457592844,1.215273654774912E-4,0.0019702603131457105,0.006339795936495362,7.529650970712607E-4,1.967656473208323E-4,0.002154513784374752,1.9192280747676278E-4,0.002119473118633248,0.001194486313028482,0.001476029056057107,0.008300296996545253,1.351905179927888E-4,3.6845311710712676E-4,0.0037313659735898814,3.2869536131590693E-4,1.6371581486784772E-4,0.0015845493965421045,2.6126852022761933E-4,0.0013851327012159545,2.9360323546410007E-4,7.561440191577931E-4,1.593763452564892E-4,1.6934828117302593E-4,2.677452052741338E-4,0.005086733517154382,3.1042139802050974E-4,1.8688230707987886E-4,1.3614150907166394E-4],[3.2526511488085725E-4,2.0399538956800828E-4,1.679267028686431E-4,1.0274362589833899E-4,2.567725068196876E-4,2.9037789595146165E-4,4.2771542493208735E-5,2.2299017068532753E-4,3.3403337405912224E-4,0.0041596974054953295,2.0802134414544252E-4,1.0,0.0018703832604831812,1.545496523609095E-4,1.6219146526293525E-5,1.8430348643084973E-4,8.611075887994747E-4,0.0013657441462335542,1.0863899739873482E-4,8.184009491162247E-5,9.87226777060392E-4,0.0012984477019524277,1.1760626355134148E-4,3.936015886970688E-4,0.0011227042478243444,0.004525180949870699,1.6322568561963889E-4,0.0019309350467861816,7.863835150257817E-4,2.3045378315096984E-4,1.8741333823937313E-4,0.005356964202413946,1.7554639729331484E-4,0.0024474052925823318,7.833084328396662E-4,0.0010823277054128647,0.006463501490500521,2.0203287294294356E-4,2.2305039591901188E-4,0.003576709600846217,2.701482177160289E-4,1.9424157859403412E-4,0.0015384968347629383,2.988019085404591E-4,8.297466917382096E-4,9.44348652839074E-4,0.001223661068779396,1.9988402712572997E-4,1.8514397671823144E-4,2.555218182809129E-4,0.0406823481375443,4.7164505050931697E-4,1.3511411676452812E-4,1.7958896475024064E-4],[0.006195087911057377,0.004842962963192128,0.00959779193319996,0.0029922020361136635,0.011818725721818888,0.010168077614908927,0.0011171517641034984,0.0026736944530546284,0.011825767535652775,0.010953969817845959,0.0017569055985893426,0.0018703832604831812,1.0,1.7849713166159467E-4,0.007094428548578946,0.0011992381516625764,0.001505736844816055,0.00351551753015335,0.005070158757708967,0.010318469772311777,0.005044602097861155,0.008036547789349752,0.005488861699172226,0.001369621899243258,0.0020890353889506503,0.018337064039775745,0.0046947471238705804,0.011000074601555953,0.010812407874379027,0.009590793873477018,0.003025257342509262,0.012218061113467705,0.0070716969854905986,0.015126125690295223,0.010666527348732658,0.011779246087199536,0.011736801634366738,0.0010985248523786837,0.007066764152596417,0.009566178597330659,0.005002979285015486,0.005787739523620212,0.008871937291748741,8.981445448710318E-4,0.01179392555529204,0.004814504239609312,0.006172928963454929,0.011588753337030428,0.00916654601892182,0.0026903047161550295,0.02568054482916935,0.00442777510938861,0.011413132547130805,0.008563431352542915],[1.855890539160402E-4,1.1656160299092889E-4,1.3712924587854424E-4,9.399370633125278E-5,2.1422915465125174E-4,0.0014417244341439963,8.365835433870579E-5,1.9321011048243773E-4,7.579921423670934E-4,1.8066944749459585E-4,1.1699825279565224E-4,1.545496523609095E-4,1.7849713166159467E-4,1.0,1.1209092617435128E-4,4.935038048992218E-5,9.383545646126156E-4,5.734703556716557E-4,3.387558233848158E-5,1.0506429326334003E-4,0.0018602778237349698,7.698816835136418E-4,9.784517998464085E-5,5.64749860381916E-4,0.0019019070967875203,5.73889539612897E-4,1.1625482917244604E-4,0.00481873835328206,0.004004816610336985,0.0011901515935078342,1.1558042149653044E-4,5.835368794676062E-4,1.1771262404303329E-4,0.01363699729955084,0.0015700461126317556,4.404441085020819E-4,0.00850214929860471,1.1655139772065127E-4,3.860753043648774E-4,0.0036877476031867092,3.5367878670792787E-4,1.0673616180176332E-4,4.853054355050504E-4,2.549882678503184E-4,0.0012162067858225898,5.085991190733086E-4,4.1139281258569053E-4,1.2794408040026198E-4,1.234549678028268E-4,1.1651042223009878E-4,0.003911926886566767,2.5695753090378387E-4,1.1011479419695646E-4,1.2263709394990887E-4],[1.6601782892571888E-4,1.1671357618299166E-4,1.1613353284875329E-4,1.8635646967829665E-5,2.4576095305726725E-4,0.0013120048359266966,3.3637860723508976E-5,2.3048659272623334E-4,0.001659300046103453,6.936231927013462E-4,1.1922191994882467E-4,1.6219146526293525E-5,0.007094428548578946,1.1209092617435128E-4,1.0,1.4109775345706546E-5,7.946147847931195E-4,4.455503120779703E-4,1.1661349328952613E-5,2.4711874852878036E-5,0.001954206186321683,0.0013791420932759155,1.8105229565056384E-5,2.0427860311528448E-4,5.556330174922404E-4,0.01759454630302319,1.0341854619777682E-4,5.662300775210782E-4,0.006846798463788911,5.034422804877145E-4,8.345364950805968E-5,0.0041236610372109425,1.2781143734005862E-4,0.0060564146520570026,9.973445765276625E-4,0.002807139423180009,0.0018225925659949216,9.263987298532135E-5,8.196186142097028E-5,0.003555592386779643,3.276613720262097E-4,3.005187947829374E-5,0.0020008951086704324,3.600284813428501E-5,6.636893158105869E-4,2.2055952219231882E-4,6.371481748825427E-4,4.907186783532307E-5,5.187412283069074E-5,1.300508469552385E-4,0.029976382605699226,3.920196273986959E-4,9.224307583135804E-5,1.0545976054458262E-4],[4.569051190423397E-5,3.596638522643716E-5,4.7262159590235554E-5,1.8165335384131396E-5,7.934773725441401E-5,0.0017166523462674521,1.5951409790203124E-5,1.0967005702567577E-4,6.189976386783646E-4,0.0015611466747438546,7.694228868710799E-5,1.8430348643084973E-4,0.0011992381516625764,4.935038048992218E-5,1.4109775345706546E-5,1.0,0.0011246328574021766,6.965463424935941E-4,1.2009957832812486E-5,1.5494161999174733E-5,2.9931805603386594E-4,3.77834195077969E-4,1.4100185894627293E-5,2.1399589248310053E-4,0.0019378660292813912,0.0038119081871522487,7.063168044782574E-5,5.17910234808229E-4,0.004539588330007825,0.0010403251917354573,6.108415347636644E-5,0.00996460069518849,1.3876276208393256E-4,2.5624658727867395E-4,6.200553107671994E-4,2.0345060687191387E-4,0.00638025741373324,3.3772504961494766E-5,2.629885610732268E-4,0.0019922716312854383,4.240116929054198E-5,1.0158765308716135E-4,8.263584543747997E-4,1.6436386980542763E-4,0.001280447245413069,6.029761986269029E-4,5.432142088703437E-4,1.263295804813988E-5,6.822575357848895E-5,2.5983114386298253E-4,0.0019709078171765418,4.0505729958853693E-4,8.100469567970912E-5,1.1235038284379451E-4],[5.569832546729499E-4,4.2766259593049623E-4,0.0011378380478053245,1.077488109389483E-4,3.375507810651717E-4,0.001430592252371736,3.563940576820362E-4,0.0011490226769467946,0.0016685632509021817,0.0034519944136247806,9.692615452182718E-4,8.611075887994747E-4,0.001505736844816055,9.383545646126156E-4,7.946147847931195E-4,0.0011246328574021766,1.0,0.0012811222899413075,0.001115531100221497,6.111694697867832E-4,0.002428368775779211,0.0012501034135041062,4.7967069356519846E-4,0.0011155227066959315,0.0013980084377944147,0.004972486196388655,4.1558672636192266E-4,0.001489504612013765,0.006060092752741259,0.001339332737949131,4.1505713325001034E-4,0.0014701803458400154,0.001174561010835783,0.014885846885897284,0.0013250282328091576,0.003710183238874495,0.007640620571225095,5.482115210500486E-4,4.58585614032785E-4,0.002137025635645459,5.581253327894271E-4,5.969410088507167E-4,0.001888877332158918,7.977694134965273E-4,0.0015407719086007051,0.0014374276908111546,0.0013621157901887923,9.040398788668899E-4,0.0011373845400868222,0.0011506876883951302,0.018377417404690462,9.719889335730754E-4,3.2159833998416314E-4,4.426883502294433E-4],[0.0012801331858695582,2.320343481665662E-4,0.0013325753664112396,3.642231574421587E-4,0.0011145937220979928,0.0015478416270556048,2.0537179386065488E-4,4.241245931526621E-4,0.0016672587348582624,0.001544577677808236,7.080513178020476E-4,0.0013657441462335542,0.00351551753015335,5.734703556716557E-4,4.455503120779703E-4,6.965463424935941E-4,0.0012811222899413075,1.0,0.0011046628827513494,5.526833527625882E-4,0.002188017943750423,0.0014224332954548807,2.6103541751083763E-5,0.0011836204991051789,0.0019732718582074747,0.005193777764368182,4.3768254998508786E-4,0.001547366387956741,0.0027817005393497413,0.0013901374581542258,2.9144325828480176E-4,0.006704327965815694,7.869856880667551E-4,0.004618363370695847,0.001758872499674213,0.0036926534425950706,0.006636923557907969,7.545439358558786E-4,6.31066922051549E-4,0.0034445979485091304,5.296461525856192E-4,0.001379773196875852,0.0017040127804048262,5.036322440100031E-4,0.0015516844877490996,0.0018268180542774148,0.0014190112454632007,5.679212337056736E-4,1.6338900491886968E-4,5.417003198109927E-4,0.010137630085309213,9.186696048194916E-4,0.0010361275789945283,8.075429134124386E-4],[1.0061492834495964E-4,2.359859620668847E-5,9.052876589225712E-5,1.935114077721234E-5,5.1790759293703626E-5,5.92486543473858E-4,3.432827926416712E-5,2.020757423153058E-4,0.0016442518845584426,0.0014409370436701725,6.388630929170823E-5,1.0863899739873482E-4,0.005070158757708967,3.387558233848158E-5,1.1661349328952613E-5,1.2009957832812486E-5,0.001115531100221497,0.0011046628827513494,1.0,3.709935177934427E-5,0.0015566093700811708,0.001390535736922611,1.7268015929781767E-5,0.0010143334859367508,0.0012955756120387825,0.0016545692822981465,4.7017762886163855E-5,6.382026528125425E-4,0.00434099273974567,0.0011086236590470365,9.711268351599649E-5,0.008079461761851887,2.5276759693523963E-5,0.0015563701410611173,0.0015737986728201184,0.002792366929236818,0.011230670833306226,7.550610601411954E-5,1.7780160916250275E-4,0.0024772318345572275,6.902115946392996E-5,5.349723411862004E-5,9.723218618656155E-4,2.243818755757339E-4,0.001366921734134104,0.0015938490290053169,6.495970550164804E-4,4.3840853260552234E-5,2.3824591482708943E-5,1.7646683191814281E-4,0.015212630153134399,4.609129302153388E-4,3.1044355005610205E-5,5.340242359878714E-5],[2.6357027841479336E-4,8.291547377147954E-5,8.831987765047875E-5,3.1870344849269574E-5,1.7037450142311494E-4,1.2444367085914066E-4,3.848950874654019E-5,1.6929334693490923E-4,0.0012960697717107484,7.680058757276666E-4,1.2652380509287927E-4,8.184009491162247E-5,0.010318469772311777,1.0506429326334003E-4,2.4711874852878036E-5,1.5494161999174733E-5,6.111694697867832E-4,5.526833527625882E-4,3.709935177934427E-5,1.0,0.001265370278950253,1.7399840457146563E-4,3.516521134493606E-5,2.3676502907961957E-4,0.0015739270210580133,0.004163057992676594,7.557934125757059E-5,0.0016207884881787506,0.0026500494624388158,7.807351041253595E-5,8.821015276617373E-5,0.014048062779740269,1.2727809814978982E-4,0.0010324233557166868,3.077469206644578E-4,0.0018261911272538561,0.0027728192558466773,3.911982574606209E-5,2.577802170481944E-4,0.003492610603074057,3.543065023931966E-4,7.901843908722557E-5,3.67962910767261E-4,9.528523846117861E-5,1.924982198723321E-4,0.0011279053832705774,4.10959515082022E-4,5.6410552691070126E-5,1.081041592413335E-4,6.351808873235592E-5,0.032500273426478175,1.3616170285043658E-4,8.175743914633729E-5,5.095845075071304E-5],[0.0017423771198309445,6.50093964480209E-4,0.0012027600331873099,0.0016710524853199953,0.0013256360462086361,0.0019050535362328854,0.0016589940847830515,5.828564068620325E-4,0.002210793623538626,0.0025786341181613303,4.5671544109564905E-4,9.87226777060392E-4,0.005044602097861155,0.0018602778237349698,0.001954206186321683,2.9931805603386594E-4,0.002428368775779211,0.002188017943750423,0.0015566093700811708,0.001265370278950253,1.0,0.0023874086828466535,8.077329358623697E-4,0.0020629319276160374,0.002190620523323912,0.01876633456600536,0.0016654875707543327,0.0038062011145961884,0.0032678579255033383,0.001797788647244186,1.8943848574621454E-4,0.006830119318441333,3.7281821600329676E-4,0.016195539147668202,0.0023196712531404983,0.003132165412037166,0.006527798353624606,7.062620865525239E-4,0.0019935070113922333,0.0025756179141754724,6.881282062722515E-4,0.0011987336062447601,0.002257057763851499,0.001074825160685736,0.0017628440487871344,0.0024734206586995815,0.0018723346784171838,0.0013686042104542433,0.0019100603678163294,0.002077657409761754,0.022607045280772002,0.001293693713581304,0.0021171875249514803,0.0010946107720832762],[0.001144832288525259,0.0010015325125826376,0.0014369196513243745,0.0011038506482774302,0.001011101561964351,0.0015963118412926388,5.863698445460379E-4,8.618251124398279E-4,0.001647563425160088,0.004164123405393587,2.6641910003971214E-4,0.0012984477019524277,0.008036547789349752,7.698816835136418E-4,0.0013791420932759155,3.77834195077969E-4,0.0012501034135041062,0.0014224332954548807,0.001390535736922611,1.7399840457146563E-4,0.0023874086828466535,1.0,1.9291540673625987E-4,0.0011792826001169791,0.0016004544378864062,0.015679711119782783,7.288270168252398E-4,0.0020838723457718054,0.0033675302243798434,0.0014311533053719106,9.495464319987164E-4,0.014069200372127166,4.8189106341675543E-4,0.010942350892758863,0.001504868055374493,0.0020247809002288644,0.0046955484476409876,7.355713961521768E-4,6.966698015736896E-4,0.00196472925724605,0.0010789660256755888,0.0011281735166808022,0.0015289647039303602,5.327323125352082E-4,0.001624837808543733,0.0015974060178601927,0.0014571923306641956,0.0012984856425160714,8.936923524181829E-4,0.0012399556277314528,0.029664906842302725,7.361832794504472E-4,8.253864877491413E-4,0.0014045764172973838],[8.629826090692294E-5,2.196547541673424E-5,5.958609207702941E-5,1.9391248813156257E-5,6.887492636273501E-5,2.428129692797692E-4,3.1703096806419466E-5,3.467214146800342E-5,9.365376562513664E-4,0.004090031450302823,2.0824166985573947E-4,1.1760626355134148E-4,0.005488861699172226,9.784517998464085E-5,1.8105229565056384E-5,1.4100185894627293E-5,4.7967069356519846E-4,2.6103541751083763E-5,1.7268015929781767E-5,3.516521134493606E-5,8.077329358623697E-4,1.9291540673625987E-4,1.0,1.395885893299465E-4,1.9688589593991397E-4,0.01375912954357745,2.132717496640743E-5,0.0046514092864010466,0.001063946745841539,8.418210104404497E-4,4.0043155192378814E-5,0.011612928235958567,2.5782825199772234E-5,0.01515617472735765,4.5141420494244363E-4,3.853734544486471E-4,0.008700953608864633,1.0396996475850999E-4,2.2407183412929046E-4,2.337681929516485E-4,1.2543301372047716E-4,6.898413396175502E-5,0.0017142069201988286,1.715752285195641E-4,5.019600686740089E-4,0.0018203401789934656,4.492301862617342E-4,1.3023763491041814E-4,2.2255920901566724E-5,2.4040210571769991E-4,0.028538992638176715,2.14923981424027E-4,6.646129470005022E-5,6.473904045787944E-5],[7.231596376709006E-4,9.904460760258179E-4,4.22400980692577E-4,9.318399231557552E-4,8.206966676852848E-4,0.001111924012065463,8.714128014479882E-4,6.787570507243925E-4,0.0013685589513480608,0.0016054754046145544,3.70428829519706E-4,3.936015886970688E-4,0.001369621899243258,5.64749860381916E-4,2.0427860311528448E-4,2.1399589248310053E-4,0.0011155227066959315,0.0011836204991051789,0.0010143334859367508,2.3676502907961957E-4,0.0020629319276160374,0.0011792826001169791,1.395885893299465E-4,1.0,0.0018939499130568296,0.021220615509897935,4.945486353724294E-4,0.00436684579062558,0.006758316462964224,0.0013105531990532243,4.656840275841303E-4,0.005278626805857309,0.0010069012436962426,0.013498476410101745,0.0015738669728218911,0.003953985476128025,0.007198721911160078,9.570585341915523E-4,8.302897605534148E-4,0.0011544341589441764,9.376342907528662E-4,8.613596926789896E-4,0.001650510575805631,4.966311308574876E-4,0.0012691772677870523,0.0018225038463997724,0.0012410298993264664,1.6802511980326844E-4,2.0219080772962734E-4,7.520738636547266E-4,0.017258210786219218,5.053428452149234E-4,8.564665548486032E-4,5.99723524835952E-4],[0.001971400224442762,8.180217762468343E-4,0.002010099480251674,0.0015990109039240728,0.0011548275643494714,0.002017324710157538,0.0010119796842268133,0.001544025591015582,0.0019193167838262998,0.0038271846580804243,0.0016761765932287948,0.0011227042478243444,0.0020890353889506503,0.0019019070967875203,5.556330174922404E-4,0.0019378660292813912,0.0013980084377944147,0.0019732718582074747,0.0012955756120387825,0.0015739270210580133,0.002190620523323912,0.0016004544378864062,1.9688589593991397E-4,0.0018939499130568296,1.0,0.008031017439505257,8.557986314107213E-4,0.0026413240533374035,0.002997966272909651,0.0019056822434675622,0.0020017594489765977,0.012268147678377191,0.0019791672357314313,0.0042588201519818646,0.001967456185644564,0.003873732405862065,0.004979835405447726,3.1070529552171353E-4,9.347593509829836E-4,0.003706008162084137,0.0013065500040494557,0.0014179296532339908,0.002154192130433169,0.001627010498221299,0.0018618191645150624,0.0020221008667388797,0.0015824873188734513,0.0012233376268469646,0.0010810251653152218,0.0015231845922278233,0.009269093949971278,0.001972449135685016,0.001074063604264331,0.0014660640065814533],[0.0047018297784539595,0.0074593146700582405,0.012786676888559619,0.0031113529122985778,2.9261770896939015E-4,0.02109307185676838,0.002087214980770985,0.013786309929347082,0.016993612761115284,0.012845183858885154,0.0030291806457592844,0.004525180949870699,0.018337064039775745,5.73889539612897E-4,0.01759454630302319,0.0038119081871522487,0.004972486196388655,0.005193777764368182,0.0016545692822981465,0.004163057992676594,0.01876633456600536,0.015679711119782783,0.01375912954357745,0.021220615509897935,0.008031017439505257,1.0,0.019188510165441288,0.013606780818360503,0.00918572145922552,0.004750856730485639,0.014064278633721441,0.016307721316072846,0.010471328821045983,0.01843270754578765,0.007229226758619697,0.012514245851209534,0.016319630484507325,0.019327442074623297,0.013798502931150343,0.0174533124948114,0.010711684207068793,0.013596698248011444,0.004218387900118633,0.0015234991107676754,0.0027159668593574153,0.010048298474046119,0.008367138534910326,0.011905635044188347,0.018090107060933485,0.014663232534592554,0.04067128809116104,0.019765714214368367,0.009964448398206175,0.00880618047498677],[2.6272357185835144E-4,1.1824869884627978E-4,1.4681052878877398E-4,3.407458312766227E-5,1.3778043019882177E-4,0.0014647650695757697,8.186383782567938E-5,2.1358834942425138E-4,3.673558691715039E-4,0.004167712992292763,1.215273654774912E-4,1.6322568561963889E-4,0.0046947471238705804,1.1625482917244604E-4,1.0341854619777682E-4,7.063168044782574E-5,4.1558672636192266E-4,4.3768254998508786E-4,4.7017762886163855E-5,7.557934125757059E-5,0.0016654875707543327,7.288270168252398E-4,2.132717496640743E-5,4.945486353724294E-4,8.557986314107213E-4,0.019188510165441288,1.0,0.0030175669735862925,0.005423246961177237,0.0011026933126708227,1.1672133845127626E-4,0.003958522648104105,1.2081756381795754E-4,0.00793924406762456,0.001317346902875361,6.10010691660238E-4,9.322698610867426E-4,1.225547393185906E-4,1.584835215565871E-4,6.516083757709642E-4,1.7692584458527658E-4,1.1193252477202878E-4,0.0019361729410852272,1.8780142877430726E-4,7.631108747881757E-4,3.059826156193527E-4,0.0010656902299907658,1.4911949201876077E-4,1.1770756106716189E-4,2.0247858104566066E-4,0.009606610752856112,1.951204507525501E-4,1.1196015673259137E-4,1.1746444260185283E-4],[0.004312601978694991,0.002166842372665,0.002712291122729983,0.001148986512865186,0.0013065316181091313,0.0043742072356450605,0.0021444581608722996,0.0044367643673789104,0.0022942889297220504,0.004905923638254426,0.0019702603131457105,0.0019309350467861816,0.011000074601555953,0.00481873835328206,5.662300775210782E-4,5.17910234808229E-4,0.001489504612013765,0.001547366387956741,6.382026528125425E-4,0.0016207884881787506,0.0038062011145961884,0.0020838723457718054,0.0046514092864010466,0.00436684579062558,0.0026413240533374035,0.013606780818360503,0.0030175669735862925,1.0,0.005265534613387,0.002879823541408233,0.0044734596243679575,0.011528112724794416,2.1772214323950966E-4,0.011583523199889543,0.0046834721922426326,0.004347931008521297,0.010851224428179668,0.002987895037514535,0.0035825258780016,0.004328339038064547,6.616027270951281E-4,0.003059977429495173,0.004574029663285831,0.003773475835932745,0.0035880692606497385,0.00341492295035353,0.002835784023780096,0.002028726985464264,0.001020332824068327,0.00133139704871877,0.01546460425939028,0.00384632056276022,0.0028434818095674007,0.00345991506983876],[0.0032094976173670828,3.659563580062409E-4,0.0016879696378274966,0.0033065197978271064,0.0016296300995364955,0.006741532462432734,7.752547063901169E-4,0.00502363818280686,0.0042908051304349545,0.006362338575944135,0.006339795936495362,7.863835150257817E-4,0.010812407874379027,0.004004816610336985,0.006846798463788911,0.004539588330007825,0.006060092752741259,0.0027817005393497413,0.00434099273974567,0.0026500494624388158,0.0032678579255033383,0.0033675302243798434,0.001063946745841539,0.006758316462964224,0.002997966272909651,0.00918572145922552,0.005423246961177237,0.005265534613387,1.0,0.0038241411006664904,5.761059745044121E-4,0.007889236253277126,0.0025620099073594203,0.011275139667178555,0.0027224749293381224,0.00738894932345818,0.007773207657725994,0.0017345649093937101,0.005864194244478881,0.0049765801790110815,0.0024343488914616135,7.269096032504111E-4,0.007227332098241191,0.00544675677223133,0.0040600161696816685,0.0032553652250102306,0.002695681843767118,0.003805681900493093,0.0038795016116613904,0.003462601059863777,0.013445882772879605,0.00638436407527974,0.0035149098612828225,0.004528622938916393],[9.022463845346433E-4,0.0010329186873449835,7.021425022318792E-4,0.0010310870170898267,0.0010784356962108778,0.0014195912273814088,3.197644111200585E-4,6.524370779727137E-4,0.0015109188870737827,0.004239670203535831,7.529650970712607E-4,2.3045378315096984E-4,0.009590793873477018,0.0011901515935078342,5.034422804877145E-4,0.0010403251917354573,0.001339332737949131,0.0013901374581542258,0.0011086236590470365,7.807351041253595E-5,0.001797788647244186,0.0014311533053719106,8.418210104404497E-4,0.0013105531990532243,0.0019056822434675622,0.004750856730485639,0.0011026933126708227,0.002879823541408233,0.0038241411006664904,1.0,8.622778753037129E-4,0.0064085459715059155,2.1231589839065107E-4,0.002821163240583054,0.0015574288418284078,0.002106354857989827,0.00757031924435037,5.58827366924709E-4,6.863933262915998E-4,0.002306316626882661,8.793371289433947E-4,1.1569149815792501E-4,0.00150166445578667,8.020837570134405E-4,0.0015306500930406097,0.0016415031189761814,0.0014225528544495668,0.0012153486070066127,7.335199744268491E-4,0.0011939876768886563,0.027971947729727047,9.968900452229366E-4,5.82034595988624E-4,9.50587840975217E-4],[1.324363913106227E-4,1.1804733577202385E-4,1.4805039361319889E-4,1.089637950028327E-4,1.238869445084768E-4,2.2028345037951135E-4,1.1582537238099018E-4,2.1968913181877548E-4,0.0013046296893767743,0.0010102782715789376,1.967656473208323E-4,1.8741333823937313E-4,0.003025257342509262,1.1558042149653044E-4,8.345364950805968E-5,6.108415347636644E-5,4.1505713325001034E-4,2.9144325828480176E-4,9.711268351599649E-5,8.821015276617373E-5,1.8943848574621454E-4,9.495464319987164E-4,4.0043155192378814E-5,4.656840275841303E-4,0.0020017594489765977,0.014064278633721441,1.1672133845127626E-4,0.0044734596243679575,5.761059745044121E-4,8.622778753037129E-4,1.0,0.005218443872176614,1.3700354003339736E-4,0.012588639394890116,0.0010195743476759122,5.4578942412091E-4,0.003857397788800913,1.2336636165933003E-4,2.029104262070397E-4,6.364716767421383E-4,3.58704062932712E-4,1.1260488156837145E-4,0.0015415757923916272,2.4846687424363276E-4,6.134317931968659E-4,0.0018477303349685404,0.0010675320901529831,1.2383626923997252E-4,1.2009994933336857E-4,1.196175018719352E-4,0.003451652382303756,2.1948036917183113E-4,1.1225727764393048E-4,1.2230073407813453E-4],[0.01341118298274978,0.0121953045254413,0.007244906646312574,0.009746890067174878,5.163430455425114E-4,0.005486404366940604,0.013294184758531299,0.00825423449845083,0.011220390085872497,0.00548306573542489,0.002154513784374752,0.005356964202413946,0.012218061113467705,5.835368794676062E-4,0.0041236610372109425,0.00996460069518849,0.0014701803458400154,0.006704327965815694,0.008079461761851887,0.014048062779740269,0.006830119318441333,0.014069200372127166,0.011612928235958567,0.005278626805857309,0.012268147678377191,0.016307721316072846,0.003958522648104105,0.011528112724794416,0.007889236253277126,0.0064085459715059155,0.005218443872176614,1.0,0.010178634846323727,0.01598088112623568,0.012422938382178323,0.01004515107497958,0.012840441660323398,9.028462940445208E-4,0.006084339545748775,0.0059264566162515134,0.012830495685742167,0.007865310195570966,0.011116394292155364,0.01279327748016933,0.003540894663865344,0.0030285356624552497,0.01076362537487068,0.012501271539133484,0.007767466192344492,0.001483325091730491,0.03713850325317526,0.0023880084957900167,4.476456131266125E-4,0.012851424288137547],[2.0328556055475644E-4,1.2336486942023412E-4,1.4862820702762113E-4,1.343340586906407E-4,2.1408358986022602E-4,7.70701227035777E-4,9.349972003206585E-5,2.0129356852157537E-4,2.9147341710813746E-4,0.003976933231077483,1.9192280747676278E-4,1.7554639729331484E-4,0.0070716969854905986,1.1771262404303329E-4,1.2781143734005862E-4,1.3876276208393256E-4,0.001174561010835783,7.869856880667551E-4,2.5276759693523963E-5,1.2727809814978982E-4,3.7281821600329676E-4,4.8189106341675543E-4,2.5782825199772234E-5,0.0010069012436962426,0.0019791672357314313,0.010471328821045983,1.2081756381795754E-4,2.1772214323950966E-4,0.0025620099073594203,2.1231589839065107E-4,1.3700354003339736E-4,0.010178634846323727,1.0,0.0023394661519331424,0.0016382434082073054,0.002285944134963977,0.0014481997689130936,1.4640027236343094E-4,1.489972548949962E-4,0.003329451763047125,3.1014294103455606E-4,1.0614588859227472E-4,0.0012887214804432534,2.1868577412500567E-4,0.0014828293124363248,0.0018664990701742394,2.6348729963153494E-4,1.5345664188791853E-4,1.4444585138809158E-4,1.9561941685347569E-4,0.003800029511676838,3.6170714989599857E-4,1.3166713117572143E-4,1.2798001953203498E-4],[8.451452622454413E-4,0.0015164898406828942,0.005969312168024917,0.012487564475331643,0.008902363957611887,0.01261535982723301,0.005022241438571806,0.006511795842297121,0.013314461445519902,0.008078531637777674,0.002119473118633248,0.0024474052925823318,0.015126125690295223,0.01363699729955084,0.0060564146520570026,2.5624658727867395E-4,0.014885846885897284,0.004618363370695847,0.0015563701410611173,0.0010324233557166868,0.016195539147668202,0.010942350892758863,0.01515617472735765,0.013498476410101745,0.0042588201519818646,0.01843270754578765,0.00793924406762456,0.011583523199889543,0.011275139667178555,0.002821163240583054,0.012588639394890116,0.01598088112623568,0.0023394661519331424,1.0,0.008521036704938704,0.008880515644543115,0.011864096339801013,0.007122688217304182,0.005089587857142699,0.007010017480300766,0.0058259924822951226,0.0033022539702288844,0.008520748092316248,0.012556938919875872,0.014475108188191827,0.015474574653162104,0.014389161383164767,0.008255822621274321,0.007476170195982747,0.003210321803170226,0.03741228352736349,0.014535967018474009,0.008170436822254054,0.007139042232987596],[9.61388573276194E-4,0.0017295865464690171,4.563277980148688E-4,0.0010672335019925297,7.268052661692164E-4,0.0017886223810957159,0.0010825979894952783,9.441223764954732E-4,0.0017527433794341542,0.0029798616690688215,0.001194486313028482,7.833084328396662E-4,0.010666527348732658,0.0015700461126317556,9.973445765276625E-4,6.200553107671994E-4,0.0013250282328091576,0.001758872499674213,0.0015737986728201184,3.077469206644578E-4,0.0023196712531404983,0.001504868055374493,4.5141420494244363E-4,0.0015738669728218911,0.001967456185644564,0.007229226758619697,0.001317346902875361,0.0046834721922426326,0.0027224749293381224,0.0015574288418284078,0.0010195743476759122,0.012422938382178323,0.0016382434082073054,0.008521036704938704,1.0,0.0034125809102301956,0.006837794958112566,8.930366252984463E-4,0.001214968465045071,0.0039163921899430815,6.96155844984354E-4,1.7468988456621453E-4,0.0019992561167786363,7.987967233623286E-4,0.0017522299476285998,0.0018469464887210807,0.0016963389983196437,0.0011314828770784859,0.001095635638323557,0.001460679817589872,0.040090171104881805,9.200416709595941E-4,6.107721070159755E-4,0.0012930983206800768],[3.7470655835859866E-4,0.0023680123388145438,0.0020586811097115494,0.0029273529575512196,3.862880424888865E-4,0.003013245402895058