[[1.0,0.011220212049805018,1.941266593574718E-4,9.406231268089147E-5,1.5630801952098663E-4,1.0324607005791976E-4,9.986584906354031E-5,8.080833982112346E-5,6.464277089603438E-5,0.0011618288718573812,1.5029988751153443E-4,2.2586914885337414E-4,6.749543551651234E-4,1.2358162326445824E-4,4.27318116242837E-5,1.3762263164166254E-4,5.68092420184083E-5,3.739470139747967E-5,1.0681989316972523E-4,1.1180476709832754E-4,2.6035494861585164E-4,0.002088622546796138,4.013509532349807E-5,5.009076431027187E-4,1.463124504923203E-4,0.0031434399937054257,1.4420061791081841E-4,1.3549811186565472E-4,5.888546491429402E-5,9.554530998410032E-4,1.2213675668661868E-4,2.9891451940559417E-4,0.01495370025195326,5.126562391945622E-5,6.663698021994264E-4,1.173932260923048E-4,1.3798722121533165E-4,0.009727621619595518,0.0012208140612083376,1.888700704611745E-4,1.9780111798529937E-4,6.164177749812282E-4,2.217700441418862E-4,1.7460161449369694E-5,5.879370932282285E-4,1.0600818982108896E-4,3.1073034325531714E-5,3.185576246482945E-4,2.9045257565344697E-4,6.483215113661277E-4,0.01097804385191986,9.661295706002588E-4,5.780497112459039E-4],[0.011220212049805018,1.0,0.004057245155364181,0.016105673042451914,0.0015257459172501222,0.007724614277967124,0.004665187788349952,0.004679692140189195,0.003399474609276843,0.016462958414482858,0.00907134744720783,0.012216401156599268,0.012698914387261225,0.009559938669836563,0.0012616497044400153,0.004926331657016,7.363138323985094E-4,0.007252565790080448,0.002840842598786181,0.008769009121486001,0.011897208397766559,0.016234982370375038,0.01657342595360388,0.006939833908212963,0.006564951677641635,0.015498536786642063,0.012713657734420725,0.007427208022590892,0.012632676904641253,0.01214172072692482,0.004625928185841457,0.014594344970441847,0.016633494283216664,0.005324394667597027,0.0017218453086283033,0.011936366357978945,0.007963383210667318,0.04538573110059886,0.00795969667949352,0.0030225439297023623,0.006112727370667213,0.007848869596242394,0.0020137512013371326,0.00807461613850084,0.016143361680215875,0.016804417219804624,0.016460200850831115,0.004096870604512418,0.004889217883631005,0.004500367607816615,0.014184481037016443,0.002329176339973193,0.011444525847865912],[1.941266593574718E-4,0.004057245155364181,1.0,9.972087948704562E-4,8.770384657998876E-4,6.672022942003504E-5,2.4137042591352897E-4,5.021259658737203E-4,3.582211526760915E-4,0.0011503510481396936,5.321797965525116E-4,5.033791711098645E-4,0.0025927207770257304,4.273880808395372E-4,0.0010510976404761718,5.135402867608441E-4,2.5197860570865004E-4,7.67864317764554E-5,9.161299353481795E-5,0.0010325932827847779,5.789475343390703E-4,0.0030297239706780633,9.469722324116231E-4,0.0021812095808706198,4.7887282659790956E-4,0.0030247442675606128,0.0011041140449598878,9.556549010358369E-4,1.5071565609986657E-4,0.0010822648789832305,3.827101885586813E-4,0.0010990485789448422,0.006266461917593576,4.802019631114893E-4,0.0011274628588049298,0.0010894951663871545,0.0010700548480165868,0.04475649962802719,0.001212575170481198,8.154639049185687E-4,8.550366101701837E-4,0.002010131216854699,9.43287698310436E-4,8.649240070914033E-4,0.0013364075569808154,6.107352343417196E-4,4.1863875990819457E-4,0.0010948276135573198,8.424397198850406E-4,0.0015633460492557412,0.002028769337983332,0.0013062381197466173,0.0010893966810649818],[9.406231268089147E-5,0.016105673042451914,9.972087948704562E-4,1.0,4.438113470685975E-5,3.177109589118635E-5,2.136170219652097E-5,1.4478694089242879E-5,2.313733137971024E-5,1.396176590734705E-4,1.2446284310158715E-4,1.880784350226484E-4,0.002100526010676775,3.2415839348498895E-5,1.7893140180296295E-5,1.262751430964007E-4,1.890212960124163E-5,3.489231749820333E-5,1.3601670812838935E-5,1.3601872575446692E-5,9.982236278950423E-5,0.0034437852479001036,1.8845542737751297E-5,3.755700497160279E-4,1.2594645794917328E-4,0.001450446393302182,7.814944546688489E-4,5.074122531429709E-5,1.61551874454586E-5,5.402561577069739E-4,4.282965120795187E-5,9.685312325295273E-5,0.013254961886868168,2.104160127576367E-5,8.439079590724103E-4,3.259385285475182E-5,5.225015888014227E-4,0.028859622721069123,7.747682083874234E-4,1.5627726292344484E-4,1.8626084905241656E-4,9.975513945865457E-4,3.950871723369871E-4,1.3713377668991296E-5,7.85817437361899E-4,1.8895891797386352E-5,1.7435978006354784E-5,3.930611972811205E-4,3.2862958387235887E-4,0.0010948264000069418,0.0052985689525452935,7.677046845704495E-4,4.5757715881360037E-4],[1.5630801952098663E-4,0.0015257459172501222,8.770384657998876E-4,4.438113470685975E-5,1.0,1.55223131709981E-4,1.877111917363396E-4,1.708486635612765E-4,1.278600704120162E-4,2.8267275710256503E-4,1.8914918119095753E-4,2.8833131596694506E-4,0.002201048175032706,1.491621043019527E-4,8.76743879925612E-5,1.6562182891184413E-4,7.061498073671925E-5,7.097120625157833E-5,9.766911434972835E-5,1.9058868486359942E-5,2.5162667494645123E-4,0.004479799754359488,2.8256598514429195E-5,0.0016016866142610205,1.5135450308481266E-4,0.0015885617704941984,3.0197380225211644E-4,1.767483334091522E-4,1.7106261033535445E-4,3.132440163348736E-4,1.3746522994705635E-4,2.779879990372404E-4,0.002015071911220673,6.01086530228801E-5,4.1478702342326887E-4,1.186484575285676E-4,2.6410404014267676E-4,0.04628425991789387,7.673326417144679E-4,2.6334332977425047E-4,2.1507958247636696E-4,0.0018387635656511793,1.9949608332900772E-4,1.7148544963590541E-4,0.0011253870917824866,6.352248472926272E-5,4.7664660935783435E-5,2.290849894639798E-4,2.626828816287569E-4,4.776943143964163E-4,0.0024059559840245034,0.0013174611335865709,8.968937648015975E-4],[1.0324607005791976E-4,0.007724614277967124,6.672022942003504E-5,3.177109589118635E-5,1.55223131709981E-4,1.0,2.7865019318164695E-5,2.0838233695120827E-5,2.836191017093357E-5,0.0011038190445834815,1.3982804592363034E-4,2.926069812019896E-4,0.00252283295996098,5.005974867206996E-5,1.6627661239224375E-5,1.3052834990402314E-4,2.878413363290678E-5,3.2182692950819865E-5,1.9776454510567124E-5,1.851341709224953E-5,3.4802142863368536E-4,6.700722381732204E-4,2.0356615633423373E-5,0.001616571739685799,5.5480461610423745E-5,0.0012061926320599346,4.201015532162426E-5,1.1312046403612452E-4,2.6888585620510548E-5,4.1866128192093134E-4,4.5016872154313346E-5,1.022238065277028E-4,0.0029929186882619373,2.9263744137748075E-5,6.041682352063247E-4,7.368485020466399E-5,5.925854370175381E-4,0.039963282716903185,8.16537800367265E-5,3.478051437061116E-4,5.6486695462239285E-5,0.0026225057996220394,3.6582170016166823E-4,2.4374412064953395E-5,2.6419977624039917E-4,2.4224135368658178E-5,1.9353687441138888E-5,1.6819193501864914E-4,2.1691141924682554E-4,4.0714732672217726E-4,0.0063131237804683925,1.753910153380873E-4,4.490493671742318E-4],[9.986584906354031E-5,0.004665187788349952,2.4137042591352897E-4,2.136170219652097E-5,1.877111917363396E-4,2.7865019318164695E-5,1.0,1.9150616575825306E-5,2.2864831619772747E-5,2.2525294554672886E-4,3.7937393037302173E-5,1.482232665939243E-4,0.0028092024030902133,6.69756824063291E-5,1.3549714125338503E-5,9.109909509022485E-5,2.1158979484332932E-5,2.74129635712809E-5,1.9065981536576627E-5,1.4080995012073558E-5,1.8706939911212686E-4,0.006715751450018629,1.982342715471378E-5,7.250495825001276E-4,5.424360316797657E-5,0.0019682991712201723,3.0616783883939425E-4,9.11294195387769E-5,2.066803509757559E-5,9.780375388721994E-5,5.141997623524515E-5,1.0435268998575169E-4,0.012357702931223746,2.3235431416782693E-5,3.1344151597643776E-4,3.0668889976480375E-5,7.196824524111024E-4,0.010854322290981162,0.001054355539570701,1.1981074724366082E-4,9.517139872475093E-5,0.0027858235608603566,2.4706616563081776E-4,1.8177240628692196E-5,0.0013113151558375774,2.0189266117766857E-5,1.924338998399827E-5,1.3763423115226286E-4,3.367435840165635E-4,0.0014294361447963501,0.001167509376497714,0.001753208413071748,5.267476983205505E-4],[8.080833982112346E-5,0.004679692140189195,5.021259658737203E-4,1.4478694089242879E-5,1.708486635612765E-4,2.0838233695120827E-5,1.9150616575825306E-5,1.0,1.5005735454878123E-5,4.63590397630971E-4,1.3895266361186982E-4,2.554978242947006E-4,0.002708975533924311,9.103460668717227E-5,1.3025571458848429E-5,1.3784366032878445E-4,1.8594210697806585E-5,1.7723682454348932E-5,1.3641592849081572E-5,1.3565163869765816E-5,2.0710276861989665E-4,0.010274169514032264,1.907771370761359E-5,0.0019163684914916064,1.1544257832567261E-4,0.002219945094735613,1.9096618721604552E-4,1.0742476222779983E-4,1.384862784216539E-5,5.242934088358519E-4,8.312588748331985E-5,7.130949321792221E-5,0.01218681773414779,1.784285321697477E-5,0.0011251898296875504,4.8146591906574274E-5,2.4663353255107513E-4,0.011385856005968002,0.0011195868455297032,3.8837855870109265E-4,9.07089298727097E-5,0.0019002082393932305,3.97098796053281E-4,1.2766366729817449E-5,8.67940640797259E-4,1.6809359137565794E-5,1.6883037267640346E-5,2.144264372387694E-4,5.880193015741836E-5,1.3484269045197113E-4,0.004091018076986638,1.1255274695103136E-4,6.680791337857485E-4],[6.464277089603438E-5,0.003399474609276843,3.582211526760915E-4,2.313733137971024E-5,1.278600704120162E-4,2.836191017093357E-5,2.2864831619772747E-5,1.5005735454878123E-5,1.0,7.251780180187352E-4,1.0364714131809478E-4,3.911586146402234E-5,0.0010757509175308908,9.126711117198978E-5,2.202689763034938E-5,1.1472662387999289E-4,2.0701823378385808E-5,3.443563011737818E-5,1.4266669572972803E-5,1.7146027713308067E-5,2.9849883455126735E-4,0.006876037900606105,2.335760052383758E-5,0.0019668819953234298,5.071337596720762E-5,9.144899497623115E-4,4.827151569091046E-4,3.546755039122701E-5,1.3526335708285698E-5,6.740410118564494E-4,8.184347579509135E-5,2.3460041888640263E-4,0.00901011536110297,2.3554216959073183E-5,9.441243607762437E-4,6.293960750654995E-5,7.737564331401061E-4,0.03886593947334651,7.366941975970466E-4,2.62082333941459E-4,7.166974230908958E-5,0.0012031225912915934,4.103279898586283E-4,1.2834621553158064E-5,0.0011125127973630256,2.2141343991841065E-5,1.749131313307836E-5,2.629643966578591E-4,2.493814687606091E-4,9.775787947889406E-4,0.00293599271730813,2.7416743101593683E-4,2.8338239504623208E-5],[0.0011618288718573812,0.016462958414482858,0.0011503510481396936,1.396176590734705E-4,2.8267275710256503E-4,0.0011038190445834815,2.2525294554672886E-4,4.63590397630971E-4,7.251780180187352E-4,1.0,9.062084959316274E-4,9.28905816726361E-4,0.001957857871495584,4.3794539035196134E-4,6.534165650035065E-5,0.001015899803174884,5.258225771141203E-4,7.235085187562078E-4,1.6323748527126207E-5,6.055542883454816E-4,5.568119776601738E-4,0.0022623216412884064,0.0010113327390393642,0.0013318124871198932,3.2744024335120846E-4,0.0059779356720430984,0.0011711930235468592,5.718706100300891E-4,7.217638409553593E-4,0.001030806856037576,8.8222633850952E-4,3.6208385169269046E-4,0.008579446947237604,2.1895264091288801E-4,0.00125968029135666,3.84940086342855E-4,9.271675661275164E-4,0.001501212042784722,0.0013302028890377886,6.976476105543814E-4,7.522838860108889E-4,0.0018060178092184063,6.518957981303846E-4,7.173419594597272E-4,0.0012264648977882299,8.304523947940004E-4,4.994085910909219E-4,0.0010952324458782703,9.824306805328174E-4,0.0014701351020453275,0.006957236177284802,0.001362309295787679,0.0010930880090847307],[1.5029988751153443E-4,0.00907134744720783,5.321797965525116E-4,1.2446284310158715E-4,1.8914918119095753E-4,1.3982804592363034E-4,3.7937393037302173E-5,1.3895266361186982E-4,1.0364714131809478E-4,9.062084959316274E-4,1.0,1.7058518466991706E-4,0.001475577084155568,1.2127725578489767E-4,1.2528670361581005E-4,1.5420889447195364E-4,1.1151753343996352E-4,8.883879705323571E-5,1.296220176286244E-4,1.1474437438758205E-4,1.681599995014166E-4,0.009876839748173641,5.1686139224607306E-5,0.0010384086800513314,1.5137614624837105E-4,0.00596399542123361,6.446798546789008E-4,1.4694813542301697E-4,5.659732883854508E-5,4.439435830348624E-4,1.3356268188090888E-4,2.6729529069849465E-4,0.007770339849373053,7.268506889878782E-5,3.6766500605260713E-4,1.1873766009105931E-4,2.7318268581263917E-4,0.03330772045830032,3.933949710537997E-4,4.772166248896408E-4,2.106713074525715E-4,0.001946813557330786,2.9627639365571625E-4,1.440042633731979E-4,7.761823547760389E-4,2.672032607049849E-5,8.918667720349355E-5,2.562996353474406E-4,1.8484515399149818E-4,0.001671324758545298,8.983901806020356E-4,0.0014289414846700764,0.001026024821620677],[2.2586914885337414E-4,0.012216401156599268,5.033791711098645E-4,1.880784350226484E-4,2.8833131596694506E-4,2.926069812019896E-4,1.482232665939243E-4,2.554978242947006E-4,3.911586146402234E-5,9.28905816726361E-4,1.7058518466991706E-4,1.0,0.002906617590652358,1.8089043923248454E-4,1.155711445041544E-5,1.9651843649973067E-4,8.494818187086144E-5,7.593708360534879E-5,1.9842568617792255E-4,1.9651017940367486E-4,3.4231007590287206E-4,0.0034610951690938743,2.692160138046755E-4,0.0019803506125064584,2.8441923392718226E-4,0.004062622571165343,5.093064861723358E-4,1.6880245602804723E-4,2.803429857153045E-4,6.6216608287153E-4,2.1478794956049274E-4,3.2091317907955976E-4,0.003339393398117442,6.888923967966236E-5,7.9539471386755E-4,1.837294811469259E-4,8.555618960894388E-4,0.03469286092450102,3.661503460139792E-4,3.2583555554192855E-4,2.413666179073531E-4,0.002354960850824636,4.3187385009731745E-4,2.431373947981824E-4,5.109510784157745E-4,2.619765319657921E-4,1.1062514807644937E-4,5.054707344665222E-4,3.4707674392130773E-4,0.002030209329035834,0.005265065115081759,0.0014667145779688107,8.748738924363094E-4],[6.749543551651234E-4,0.012698914387261225,0.0025927207770257304,0.002100526010676775,0.002201048175032706,0.00252283295996098,0.0028092024030902133,0.002708975533924311,0.0010757509175308908,0.001957857871495584,0.001475577084155568,0.002906617590652358,1.0,0.0018272602746974118,0.00253008743453099,0.003292423869732969,3.833327182457367E-5,5.373230967610165E-4,6.085941331963789E-4,0.003338965102261285,0.002339330205800941,0.008827686511472104,0.0016928695974995488,0.003269038684787496,0.0023406324756915205,0.006142582515484479,0.0030034202290076806,0.0022305482039091783,0.00122347863890194,0.0027314603312843825,0.0025622323151540316,0.0032993063867586157,0.010903006248766844,0.0029320362440437065,0.0016835619277870096,0.002212257886550281,9.98562304301879E-4,0.0221318440411885,0.002604076321602075,6.014585487944701E-4,0.0030813747711583633,0.003283513709185594,0.003354930926526517,0.001477713165813802,0.002179376527311986,0.0024644677761477677,0.0010667881978427436,0.0015566574426980192,0.002305355613681898,0.0032535279719791304,0.0121835795588746,0.00338976253018287,0.0030822194462935453],[1.2358162326445824E-4,0.009559938669836563,4.273880808395372E-4,3.2415839348498895E-5,1.491621043019527E-4,5.005974867206996E-5,6.69756824063291E-5,9.103460668717227E-5,9.126711117198978E-5,4.3794539035196134E-4,1.2127725578489767E-4,1.8089043923248454E-4,0.0018272602746974118,1.0,8.524768428402593E-5,1.4841627025482032E-4,2.3159398295105732E-5,1.0402625943314555E-4,1.0608551782184744E-4,9.234879810219852E-5,1.5227776815150487E-4,0.006413249811915524,8.564746162931556E-5,0.0014261077725255538,1.323904692749789E-4,0.005574453470590766,9.692755561537694E-4,1.3052105717706292E-4,4.981566886248386E-5,9.651671853205107E-4,1.174533744484009E-4,2.995664644053159E-4,0.004356142938072477,1.1402862673445113E-4,3.2313436903043185E-4,1.0651053736912357E-4,4.1137868999287783E-4,0.02301165880990337,0.0013136728418871322,3.807461490524005E-4,1.9994714877184132E-4,7.889135710546222E-4,3.3841104246238717E-4,3.813119055304712E-5,7.125790812207457E-4,3.812629053977492E-5,2.6533552737170617E-5,1.9457123968285878E-4,1.35237719515341E-4,0.0024611816325424414,0.007724177884141494,0.0018083500974875387,7.031954809458576E-4],[4.27318116242837E-5,0.0012616497044400153,0.0010510976404761718,1.7893140180296295E-5,8.76743879925612E-5,1.6627661239224375E-5,1.3549714125338503E-5,1.3025571458848429E-5,2.202689763034938E-5,6.534165650035065E-5,1.2528670361581005E-4,1.155711445041544E-5,0.00253008743453099,8.524768428402593E-5,1.0,6.428318024489133E-5,2.0089969305610213E-5,1.4868276885338998E-5,1.2046652074338618E-5,1.016818337692478E-5,4.5942530084061614E-5,0.011237297862791424,1.1255080507518508E-5,0.0018658819130671776,1.429683867179963E-4,0.0024903185221263544,9.242224276573302E-4,2.5202423502581884E-5,1.0624543738653627E-5,7.17418958803722E-4,1.0245226899386897E-4,4.351741421922656E-5,0.0028551212087016124,2.0387961885243947E-5,9.573644941381697E-4,4.141601293404403E-5,7.611872357602572E-4,0.020244036086690648,3.935620756500832E-4,4.2273909929846495E-4,1.9263844157276852E-4,0.001443816707355483,3.046310945853417E-4,1.1778455768268735E-5,7.625190441676802E-4,1.1233254484647191E-5,1.0316331729526726E-5,6.137013539962785E-4,1.8919684901745894E-4,2.2683420357066722E-4,0.005897526739600579,0.0015554400175133223,8.004012616999699E-4],[1.3762263164166254E-4,0.004926331657016,5.135402867608441E-4,1.262751430964007E-4,1.6562182891184413E-4,1.3052834990402314E-4,9.109909509022485E-5,1.3784366032878445E-4,1.1472662387999289E-4,0.001015899803174884,1.5420889447195364E-4,1.9651843649973067E-4,0.003292423869732969,1.4841627025482032E-4,6.428318024489133E-5,1.0,5.581043628341936E-5,1.389407142409811E-4,1.4433231063557632E-4,1.5027578911077359E-4,1.709614957618921E-4,0.007516395115776069,9.098553225861752E-5,0.0019627987675747745,1.5678734019029412E-4,0.001337658130104077,3.104129596269138E-4,1.532169387513593E-4,7.928654923374583E-5,2.758593331971094E-4,1.422604340178221E-4,2.035557512071145E-4,0.0013621725282205904,8.888376954900576E-5,8.891392837701921E-4,1.2340321502311356E-4,4.4395299569613303E-4,0.017707087762779822,0.0011712597126185792,4.264374303177928E-4,1.7397671664372337E-4,0.0014101676785732802,2.986312230020635E-4,5.8283159317767594E-5,5.347329503508352E-4,1.4819477608943077E-4,2.9810469664896365E-5,3.0870874080138105E-4,3.408118681477815E-4,7.817176337110556E-4,0.001020698376483436,7.726467113166775E-4,5.386029017304901E-4],[5.68092420184083E-5,7.363138323985094E-4,2.5197860570865004E-4,1.890212960124163E-5,7.061498073671925E-5,2.878413363290678E-5,2.1158979484332932E-5,1.8594210697806585E-5,2.0701823378385808E-5,5.258225771141203E-4,1.1151753343996352E-4,8.494818187086144E-5,3.833327182457367E-5,2.3159398295105732E-5,2.0089969305610213E-5,5.581043628341936E-5,1.0,3.081684314187145E-5,1.3861798205321499E-5,1.323223360472583E-5,1.413598344729621E-4,0.01147595921858341,1.956084678851731E-5,0.0019840023520644517,2.243623030422597E-5,0.0020723041757690778,8.178843575930603E-4,8.646748337705466E-5,1.5287986298517187E-5,4.4918977899939197E-4,8.208851389272903E-5,9.362556250477906E-5,0.007865385168475233,2.1530642016161174E-5,9.315930807876937E-4,2.0916923185572382E-5,6.443885922586133E-4,0.0014030251456633423,6.254183737210728E-5,4.760363190947765E-4,1.7413400566797184E-4,7.390022682676837E-4,2.0643227857092386E-4,1.991551493229926E-5,0.0012282957797008645,2.0186158252647826E-5,1.8304817890984875E-5,3.0682199767559864E-4,2.276588288079343E-4,0.0016249222006865694,0.0113128496855201,0.001672694502828351,7.157255331163116E-5],[3.739470139747967E-5,0.007252565790080448,7.67864317764554E-5,3.489231749820333E-5,7.097120625157833E-5,3.2182692950819865E-5,2.74129635712809E-5,1.7723682454348932E-5,3.443563011737818E-5,7.235085187562078E-4,8.883879705323571E-5,7.593708360534879E-5,5.373230967610165E-4,1.0402625943314555E-4,1.4868276885338998E-5,1.389407142409811E-4,3.081684314187145E-5,1.0,1.3864259216404165E-5,2.9643366474245994E-5,2.739665232641576E-4,0.007488279387413935,2.293436385980035E-5,4.5878735466201335E-4,4.459337308028193E-5,0.003588185655336801,0.001059456441883293,9.779895576162866E-5,2.3678072143188287E-5,3.417039758558198E-4,4.890197854063775E-5,1.2926980610212022E-4,0.008087045171852653,3.44414015812013E-5,8.802014758365876E-4,9.3133899338175E-5,1.9852125839202957E-4,0.04314454465733827,5.204067715050951E-4,1.7093179838649107E-4,8.32142189498913E-5,0.0014736213130071981,2.808274583968712E-4,3.0324227445616482E-5,1.5383829880148047E-4,2.713045815102982E-5,3.171213919872844E-5,4.2738022578544095E-4,2.482817777867854E-4,8.068940249850205E-4,0.011540767806024555,4.2054997578824506E-4,7.701731718847955E-4],[1.0681989316972523E-4,0.002840842598786181,9.161299353481795E-5,1.3601670812838935E-5,9.766911434972835E-5,1.9776454510567124E-5,1.9065981536576627E-5,1.3641592849081572E-5,1.4266669572972803E-5,1.6323748527126207E-5,1.296220176286244E-4,1.9842568617792255E-4,6.085941331963789E-4,1.0608551782184744E-4,1.2046652074338618E-5,1.4433231063557632E-4,1.3861798205321499E-5,1.3864259216404165E-5,1.0,1.3227439488564055E-5,3.345738763312096E-4,0.0051778832745500835,1.5756858306121343E-5,7.06285382362283E-4,2.094778593851622E-5,1.7374808946427804E-4,9.998903412495722E-4,1.1226674119757158E-4,1.3122521602173075E-5,6.010487865330113E-4,1.1631668411583745E-4,2.7570006234831995E-4,0.002116418342678401,2.2179596883645678E-5,0.0011226883527451904,9.939648993652468E-5,8.151638990798866E-4,0.015446853252231597,3.215228850971336E-4,3.0812302646505534E-4,2.5872090678642687E-5,0.0015392999382959928,5.724213309176014E-5,1.3239710624709301E-5,1.7944229446397803E-4,1.8818348130573815E-5,1.3967924731171672E-5,4.566508855568241E-4,2.5602203487305665E-4,0.002400392577791671,0.007395518039618272,5.63576092196419E-4,3.770371161416041E-4],[1.1180476709832754E-4,0.008769009121486001,0.0010325932827847779,1.3601872575446692E-5,1.9058868486359942E-5,1.851341709224953E-5,1.4080995012073558E-5,1.3565163869765816E-5,1.7146027713308067E-5,6.055542883454816E-4,1.1474437438758205E-4,1.9651017940367486E-4,0.003338965102261285,9.234879810219852E-5,1.016818337692478E-5,1.5027578911077359E-4,1.323223360472583E-5,2.9643366474245994E-5,1.3227439488564055E-5,1.0,6.360746231782771E-5,0.009988850340239299,1.9069096635147946E-5,7.734762987731307E-4,7.156314230488762E-5,0.004535675261689281,8.850740818063472E-4,8.801833767626063E-5,1.2638244248112573E-5,5.588874673123306E-4,2.369069639152322E-5,7.047120969023021E-5,0.00819482761726266,1.6625140058411657E-5,0.0011404090197272019,6.822213030116143E-5,6.137414975330363E-4,0.028255141277107872,0.0011143271804182782,3.5969661570763446E-4,1.784983796485832E-4,8.574306837553055E-4,3.746525477323311E-5,1.2938450125905586E-5,4.5102954052774304E-4,1.784547686015131E-5,1.6467567669845934E-5,4.529271080372256E-4,3.589281388502725E-4,2.4959515589760464E-4,0.01025167218927264,3.8667851549052516E-4,2.2164871788066557E-4],[2.6035494861585164E-4,0.011897208397766559,5.789475343390703E-4,9.982236278950423E-5,2.5162667494645123E-4,3.4802142863368536E-4,1.8706939911212686E-4,2.0710276861989665E-4,2.9849883455126735E-4,5.568119776601738E-4,1.681599995014166E-4,3.4231007590287206E-4,0.002339330205800941,1.5227776815150487E-4,4.5942530084061614E-5,1.709614957618921E-4,1.413598344729621E-4,2.739665232641576E-4,3.345738763312096E-4,6.360746231782771E-5,1.0,0.004042330609818545,1.8242649332073492E-4,0.0010116436906970373,2.5782358247512576E-4,0.0026119712453617156,8.145393228623487E-4,2.8119341031322155E-4,2.567411313335318E-4,7.319256966271668E-4,3.546042766041267E-4,3.408462580938228E-4,0.009418104850777657,2.4369703497883273E-4,4.6021902980476103E-4,2.809789967890796E-4,4.028147113308509E-4,0.009922597344510464,5.687311938229123E-4,4.93419989705103E-4,3.547920346243751E-4,8.364227241757921E-4,4.07875250716568E-4,3.433446687552483E-5,3.650481975294422E-4,2.3803594554295632E-4,3.078909085606504E-4,4.0065875070073457E-4,3.832729451461212E-4,9.744923987777533E-4,0.0029632043356905037,7.683889282311717E-4,4.393168715451448E-4],[0.002088622546796138,0.016234982370375038,0.0030297239706780633,0.0034437852479001036,0.004479799754359488,6.700722381732204E-4,0.006715751450018629,0.010274169514032264,0.006876037900606105,0.0022623216412884064,0.009876839748173641,0.0034610951690938743,0.008827686511472104,0.006413249811915524,0.011237297862791424,0.007516395115776069,0.01147595921858341,0.007488279387413935,0.0051778832745500835,0.009988850340239299,0.004042330609818545,1.0,0.007483319218503401,0.011298557500515123,0.007535865438796019,0.006690675139797015,0.011040886809836099,0.006064869670512551,0.00809868413659618,0.010301183658663011,0.011633567163196258,0.0042884665488863855,0.012203461864908668,0.0058705432203312495,0.00764802830600649,0.00253106328654597,0.0026096705425540786,0.029702248606904708,0.010004461385809058,0.011553826668657176,0.003885461425990668,0.003659551897759389,0.0069343501267342435,0.004343663670928691,0.006974344519216428,0.0026678109534173313,0.006999296863770847,8.68156652154023E-4,0.0010714230198290633,0.00576376750438457,0.01253704936489539,0.009583990706236865,0.010448367186121322],[4.013509532349807E-5,0.01657342595360388,9.469722324116231E-4,1.8845542737751297E-5,2.8256598514429195E-5,2.0356615633423373E-5,1.982342715471378E-5,1.907771370761359E-5,2.335760052383758E-5,0.0010113327390393642,5.1686139224607306E-5,2.692160138046755E-4,0.0016928695974995488,8.564746162931556E-5,1.1255080507518508E-5,9.098553225861752E-5,1.956084678851731E-5,2.293436385980035E-5,1.5756858306121343E-5,1.9069096635147946E-5,1.8242649332073492E-4,0.007483319218503401,1.0,0.0015577693616706555,8.397983894802442E-5,0.0011504827710048385,3.810454897482393E-4,1.0623670667272185E-4,1.3914413619841263E-5,4.4815432782734896E-4,9.533082448648376E-5,1.4297897694387078E-4,0.006074830271780248,2.2485735951190003E-5,0.0011053020269243387,8.694345917194504E-5,2.406391305599819E-4,0.040428397926698105,4.080993019173909E-4,4.0508710697952246E-4,5.128861918831584E-5,8.799700460400875E-4,2.2550357231751543E-4,1.6737923374152614E-5,0.0012489269853344206,1.9379766081750627E-5,1.916508721177966E-5,5.429552514598445E-4,3.448104816187025E-5,0.0017352181505344412,0.0030358582905594977,2.1379669149991894E-4,7.476722786786242E-4],[5.009076431027187E-4,0.006939833908212963,0.0021812095808706198,3.755700497160279E-4,0.0016016866142610205,0.001616571739685799,7.250495825001276E-4,0.0019163684914916064,0.0019668819953234298,0.0013318124871198932,0.0010384086800513314,0.0019803506125064584,0.003269038684787496,0.0014261077725255538,0.0018658819130671776,0.0019627987675747745,0.0019840023520644517,4.5878735466201335E-4,7.06285382362283E-4,7.734762987731307E-4,0.0010116436906970373,0.011298557500515123,0.0015577693616706555,1.0,0.0016521682744175623,0.0045156099246407705,0.0020937336806601077,0.0014163812841825538,0.00141988974318892,0.002159249729778634,4.6954809860160515E-4,0.0018400176128683615,0.01243809247200092,0.0020972006570581874,0.0015317862140356566,4.788546347913884E-4,9.455881315005797E-4,0.012461181878097754,0.00213102045232819,0.0016051664881213015,4.280086753729116E-4,0.0028974239960778644,0.0018399232206966385,0.002231283317178338,0.0015063167913558185,0.0018251527013394384,9.630314671735795E-4,6.840292719517571E-4,0.0012072486055654313,0.0023511780075002233,0.0023889232496046263,0.002006419125060029,0.0011016589738102297],[1.463124504923203E-4,0.006564951677641635,4.7887282659790956E-4,1.2594645794917328E-4,1.5135450308481266E-4,5.5480461610423745E-5,5.424360316797657E-5,1.1544257832567261E-4,5.071337596720762E-5,3.2744024335120846E-4,1.5137614624837105E-4,2.8441923392718226E-4,0.0023406324756915205,1.323904692749789E-4,1.429683867179963E-4,1.5678734019029412E-4,2.243623030422597E-5,4.459337308028193E-5,2.094778593851622E-5,7.156314230488762E-5,2.5782358247512576E-4,0.007535865438796019,8.397983894802442E-5,0.0016521682744175623,1.0,0.0013827573646559798,2.657446628941008E-4,1.4678211534990907E-4,9.086677630053451E-5,2.080352455762611E-4,1.474540693893276E-4,1.5434797864500365E-4,0.009269769758762647,4.8112172402948474E-5,0.0010368409780700826,1.1965988609013501E-4,2.697168612996058E-4,0.025507418439972368,8.227104365862367E-4,5.054982489372395E-4,2.2175368832588237E-4,0.0019045567061205723,1.5068642024227034E-4,1.1376703010018725E-4,0.0012703086471237825,2.352350359133168E-5,8.351671490342281E-5,5.310895668646604E-4,3.832239987169774E-4,0.0014668384851441382,0.009001853647840159,6.392594867901651E-4,3.011379539182391E-4],[0.0031434399937054257,0.015498536786642063,0.0030247442675606128,0.001450446393302182,0.0015885617704941984,0.0012061926320599346,0.0019682991712201723,0.002219945094735613,9.144899497623115E-4,0.0059779356720430984,0.00596399542123361,0.004062622571165343,0.006142582515484479,0.005574453470590766,0.0024903185221263544,0.001337658130104077,0.0020723041757690778,0.003588185655336801,1.7374808946427804E-4,0.004535675261689281,0.0026119712453617156,0.006690675139797015,0.0011504827710048385,0.0045156099246407705,0.0013827573646559798,1.0,0.005793523432133824,0.004860423001735157,0.005180363737002394,0.006048805858403904,0.002320279957092037,0.0012471204735163967,0.007068417690253087,0.0057090243069364876,0.0047967515681845724,0.005034859825632081,0.005316860553973097,0.029205994983974866,0.004062560206009228,0.005984250574324754,0.001960190361654437,0.005677842905961621,0.0018957534409205932,0.005628521107520547,0.0034665961209108236,0.001181656157475401,0.0014028930989839618,0.003622141921693654,0.0046102922441045935,0.0060041739987298365,0.012847204229650251,0.005228485088261407,0.0033863712277717607],[1.4420061791081841E-4,0.012713657734420725,0.0011041140449598878,7.814944546688489E-4,3.0197380225211644E-4,4.201015532162426E-5,3.0616783883939425E-4,1.9096618721604552E-4,4.827151569091046E-4,0.0011711930235468592,6.446798546789008E-4,5.093064861723358E-4,0.0030034202290076806,9.692755561537694E-4,9.242224276573302E-4,3.104129596269138E-4,8.178843575930603E-4,0.001059456441883293,9.998903412495722E-4,8.850740818063472E-4,8.145393228623487E-4,0.011040886809836099,3.810454897482393E-4,0.0020937336806601077,2.657446628941008E-4,0.005793523432133824,1.0,8.906775872225769E-4,3.919231561605717E-4,0.0010152620845050382,8.412339187662219E-4,4.028594087836161E-4,0.00832290024801753,3.070475025251884E-4,0.0011943082039991859,0.0010277881147311972,9.798104471233971E-4,0.046637331747381064,0.0012774620314015724,5.468214242149091E-4,7.062630616182584E-4,0.0027589104674837087,9.596617940074118E-4,9.634070784162175E-4,0.001210214763911471,2.5245374360244E-4,5.6847853959569216E-5,9.245704285725844E-4,8.903887764443161E-4,0.001282556036729452,0.011338700399148933,0.0015119052063020896,0.00105447118387553],[1.3549811186565472E-4,0.007427208022590892,9.556549010358369E-4,5.074122531429709E-5,1.767483334091522E-4,1.1312046403612452E-4,9.11294195387769E-5,1.0742476222779983E-4,3.546755039122701E-5,5.718706100300891E-4,1.4694813542301697E-4,1.6880245602804723E-4,0.0022305482039091783,1.3052105717706292E-4,2.5202423502581884E-5,1.532169387513593E-4,8.646748337705466E-5,9.779895576162866E-5,1.1226674119757158E-4,8.801833767626063E-5,2.8119341031322155E-4,0.006064869670512551,1.0623670667272185E-4,0.0014163812841825538,1.4678211534990907E-4,0.004860423001735157,8.906775872225769E-4,1.0,5.470385215667879E-5,3.7748630000054867E-4,1.2863010301548757E-4,1.916342107984353E-4,0.012348198549651442,3.562608023820599E-5,4.7748354920070765E-4,1.3773539236945674E-4,5.606419834246564E-4,0.036376440376724765,0.001237661152781508,2.0581934470945956E-4,1.6024416115869802E-4,0.0010555405363912509,3.729704022118681E-4,3.259668790404094E-5,2.084366212576493E-4,1.2511960601819215E-4,8.093202334250033E-5,4.071873539161737E-4,2.4363565127010498E-4,0.0023611190943546344,0.010034893525535198,6.748993345655663E-4,5.806579504641191E-4],[5.888546491429402E-5,0.012632676904641253,1.5071565609986657E-4,1.61551874454586E-5,1.7106261033535445E-4,2.6888585620510548E-5,2.066803509757559E-5,1.384862784216539E-5,1.3526335708285698E-5,7.217638409553593E-4,5.659732883854508E-5,2.803429857153045E-4,0.00122347863890194,4.981566886248386E-5,1.0624543738653627E-5,7.928654923374583E-5,1.5287986298517187E-5,2.3678072143188287E-5,1.3122521602173075E-5,1.2638244248112573E-5,2.567411313335318E-4,0.00809868413659618,1.3914413619841263E-5,0.00141988974318892,9.086677630053451E-5,0.005180363737002394,3.919231561605717E-4,5.470385215667879E-5,1.0,6.086939026860269E-4,7.253701627993632E-5,1.4124762123171621E-4,0.003967963956091831,2.1066616553479984E-5,8.039016385811437E-4,1.04029780628175E-4,5.531190060358274E-4,0.024006167009431832,2.3499946588783553E-4,3.812333850847205E-4,1.061924613633189E-4,0.002055832082930095,2.78685900624994E-4,1.2030877896236126E-5,0.0012548387832231678,1.7288687278920405E-5,1.2150625264619764E-5,3.5284413614178095E-4,3.37719785602558E-5,0.0017117873372797733,0.010673688863909871,5.08057806786238E-4,3.459181116690353E-4],[9.554530998410032E-4,0.01214172072692482,0.0010822648789832305,5.402561577069739E-4,3.132440163348736E-4,4.1866128192093134E-4,9.780375388721994E-5,5.242934088358519E-4,6.740410118564494E-4,0.001030806856037576,4.439435830348624E-4,6.6216608287153E-4,0.0027314603312843825,9.651671853205107E-4,7.17418958803722E-4,2.758593331971094E-4,4.4918977899939197E-4,3.417039758558198E-4,6.010487865330113E-4,5.588874673123306E-4,7.319256966271668E-4,0.010301183658663011,4.4815432782734896E-4,0.002159249729778634,2.080352455762611E-4,0.006048805858403904,0.0010152620845050382,3.7748630000054867E-4,6.086939026860269E-4,1.0,9.336759152196434E-4,9.438443047537018E-4,0.0025140491713319,5.85680627638014E-4,0.0011142111041182424,3.5469736315270616E-4,9.476385493440635E-4,0.012796965103033478,0.0011738949914996302,8.445020762064691E-4,6.342306887780881E-4,0.002662691823369025,5.005427233307304E-4,2.3148351394528783E-5,0.001228331456393737,8.720953354321372E-4,7.820248145862247E-4,6.619762329668064E-4,7.428647710371043E-4,0.0014408054616335093,0.012634954614111116,0.0017547476322810006,0.0010167359828072136],[1.2213675668661868E-4,0.004625928185841457,3.827101885586813E-4,4.282965120795187E-5,1.3746522994705635E-4,4.5016872154313346E-5,5.141997623524515E-5,8.312588748331985E-5,8.184347579509135E-5,8.8222633850952E-4,1.3356268188090888E-4,2.1478794956049274E-4,0.0025622323151540316,1.174533744484009E-4,1.0245226899386897E-4,1.422604340178221E-4,8.208851389272903E-5,4.890197854063775E-5,1.1631668411583745E-4,2.369069639152322E-5,3.546042766041267E-4,0.011633567163196258,9.533082448648376E-5,4.6954809860160515E-4,1.474540693893276E-4,0.002320279957092037,8.412339187662219E-4,1.2863010301548757E-4,7.253701627993632E-5,9.336759152196434E-4,1.0,1.5755321565128378E-4,5.82700413462495E-4,1.0577193040764427E-4,4.4375725326704934E-4,1.1138854914598987E-4,4.631012863919902E-4,0.04607886683773592,9.587837188228084E-4,2.655440551854576E-4,1.6635902248388177E-4,1.984341920388966E-4,3.0041450337969805E-4,1.1557502093947217E-4,3.290611904264451E-4,1.0684054864790115E-4,1.1672646885192119E-4,3.515213377761101E-4,3.6069488170580976E-4,1.4416758940665188E-4,0.004664062808742849,0.0012960864961705084,9.654421074509818E-4],[2.9891451940559417E-4,0.014594344970441847,0.0010990485789448422,9.685312325295273E-5,2.779879990372404E-4,1.022238065277028E-4,1.0435268998575169E-4,7.130949321792221E-5,2.3460041888640263E-4,3.6208385169269046E-4,2.6729529069849465E-4,3.2091317907955976E-4,0.0032993063867586157,2.995664644053159E-4,4.351741421922656E-5,2.035557512071145E-4,9.362556250477906E-5,1.2926980610212022E-4,2.7570006234831995E-4,7.047120969023021E-5,3.408462580938228E-4,0.0042884665488863855,1.4297897694387078E-4,0.0018400176128683615,1.5434797864500365E-4,0.0012471204735163967,4.028594087836161E-4,1.916342107984353E-4,1.4124762123171621E-4,9.438443047537018E-4,1.5755321565128378E-4,1.0,0.013697616848738513,2.9950138687243137E-4,4.220792004742662E-4,3.0528822553542857E-4,7.538539055601095E-4,0.019503562493242876,5.496498216100505E-4,4.942916550093879E-4,2.8845461106953026E-4,7.769985845607532E-4,3.673417951368924E-4,1.7710063086306193E-4,0.0011669831193317959,8.465508614469421E-5,1.5562903462744594E-4,4.42070501549158E-4,3.75060666470744E-4,0.0022506664348034937,0.00999400141562254,3.3101785368948517E-4,6.521518167726414E-4],[0.01495370025195326,0.016633494283216664,0.006266461917593576,0.013254961886868168,0.002015071911220673,0.0029929186882619373,0.012357702931223746,0.01218681773414779,0.00901011536110297,0.008579446947237604,0.007770339849373053,0.003339393398117442,0.010903006248766844,0.004356142938072477,0.0028551212087016124,0.0013621725282205904,0.007865385168475233,0.008087045171852653,0.002116418342678401,0.00819482761726266,0.009418104850777657,0.012203461864908668,0.006074830271780248,0.01243809247200092,0.009269769758762647,0.007068417690253087,0.00832290024801753,0.012348198549651442,0.003967963956091831,0.0025140491713319,5.82700413462495E-4,0.013697616848738513,1.0,0.009992707788678014,0.009681374554573222,0.0059832344674735985,0.014900313312760906,0.018891015182450066,0.00590566071742541,0.0017846978464899264,0.011782647262261506,0.013813255703741704,0.0011267630220634466,0.004905675468422925,0.012689510237569694,0.0038993172263357256,0.005303422217060333,0.011938850644532643,0.013510490644296406,0.004148198494113778,0.013530665566388326,0.003838521405167538,0.0070449659328210325],[5.126562391945622E-5,0.005324394667597027,4.802019631114893E-4,2.104160127576367E-5,6.01086530228801E-5,2.9263744137748075E-5,2.3235431416782693E-5,1.784285321697477E-5,2.3554216959073183E-5,2.1895264091288801E-4,7.268506889878782E-5,6.888923967966236E-5,0.0029320362440437065,1.1402862673445113E-4,2.0387961885243947E-5,8.888376954900576E-5,2.1530642016161174E-5,3.44414015812013E-5,2.2179596883645678E-5,1.6625140058411657E-5,2.4369703497883273E-4,0.0058705432203312495,2.2485735951190003E-5,0.0020972006570581874,4.8112172402948474E-5,0.0057090243069364876,3.070475025251884E-4,3.562608023820599E-5,2.1066616553479984E-5,5.85680627638014E-4,1.0577193040764427E-4,2.9950138687243137E-4,0.009992707788678014,1.0,1.0091456426183401E-4,8.369128607370887E-5,7.839095239978099E-4,0.009809373418344211,4.156531376573969E-4,4.508175547714696E-4,1.3546964790474305E-4,0.0024236199237525325,3.0511368937291756E-4,1.9627550309640373E-5,1.1881580917854954E-4,2.257967385263486E-5,1.764579626796363E-5,5.383009320262247E-4,3.4453467618016467E-4,0.0023330234852831436,0.00290273780506222,9.713911625841126E-4,7.997548581188224E-5],[6.663698021994264E-4,0.0017218453086283033,0.0011274628588049298,8.439079590724103E-4,4.1478702342326887E-4,6.041682352063247E-4,3.1344151597643776E-4,0.0011251898296875504,9.441243607762437E-4,0.00125968029135666,3.6766500605260713E-4,7.9539471386755E-4,0.0016835619277870096,3.2313436903043185E-4,9.573644941381697E-4,8.891392837701921E-4,9.315930807876937E-4,8.802014758365876E-4,0.0011226883527451904,0.0011404090197272019,4.6021902980476103E-4,0.00764802830600649,0.0011053020269243387,0.0015317862140356566,0.0010368409780700826,0.0047967515681845724,0.0011943082039991859,4.7748354920070765E-4,8.039016385811437E-4,0.0011142111041182424,4.4375725326704934E-4,4.220792004742662E-4,0.009681374554573222,1.0091456426183401E-4,1.0,0.0012373218882437693,0.0010622949567784317,0.04487044629110578,0.0013384695840466258,7.954724061238875E-4,3.9472294183483367E-4,0.0019728154978798456,0.001115182781762271,9.06136630363101E-4,0.0013496743593428128,3.972823327185892E-4,4.933749813771755E-4,7.000046211382575E-4,7.947792343070868E-4,0.002247072703186082,0.0048921184286245,0.0017428064380365742,0.0011365687693275007],[1.173932260923048E-4,0.011936366357978945,0.0010894951663871545,3.259385285475182E-5,1.186484575285676E-4,7.368485020466399E-5,3.0668889976480375E-5,4.8146591906574274E-5,6.293960750654995E-5,3.84940086342855E-4,1.1873766009105931E-4,1.837294811469259E-4,0.002212257886550281,1.0651053736912357E-4,4.141601293404403E-5,1.2340321502311356E-4,2.0916923185572382E-5,9.3133899338175E-5,9.939648993652468E-5,6.822213030116143E-5,2.809789967890796E-4,0.00253106328654597,8.694345917194504E-5,4.788546347913884E-4,1.1965988609013501E-4,0.005034859825632081,0.0010277881147311972,1.3773539236945674E-4,1.04029780628175E-4,3.5469736315270616E-4,1.1138854914598987E-4,3.0528822553542857E-4,0.0059832344674735985,8.369128607370887E-5,0.0012373218882437693,1.0,1.572035754410964E-4,0.015493465065205485,0.0013082133671748957,1.755256396358963E-4,1.8335321205616183E-4,0.002206263004834095,3.9975700930787455E-4,7.183984203757716E-5,8.236926286698863E-4,9.303485416941734