[[1.0,9.657215270523072E-4,0.0017752124248597728,0.0070538418410660865,0.0198440607757945,1.300631080749699E-4,8.114720603601986E-4,0.00206644678760788,0.0014708684070634448,0.0020686002737266324,5.640368425001579E-4,0.0017364800398125913,0.001720357317451998,0.001057716313481302,0.003310429641501919,0.002601370424702465,0.0024622653047452385,0.0017252150407753525,0.0020281352017541172,0.001626132078024753,0.0012452607316509109,0.0015181014939867872,2.3167877190986705E-4,0.0043003257282341455,0.0013862384573898184,0.00151337914692523,0.0016953659845904668,7.614061493516319E-4,0.0016629598959062414,0.0013089945190224923,0.001435646849342461,0.007129316480644616,0.0019398729445457856,0.001585876865528173,0.0015204331963704948,0.004037516983349246,0.01026284090829426,2.718660020645547E-4,0.0019898835576545116,0.0014320460039057988,9.131552088884707E-4,0.0019207485206488518,0.0026215989896969643,0.004274595981033134,9.473834709649068E-4,0.005965730458172962,6.244897184002013E-5,9.618301134560277E-4,0.0010537517498339021,0.0021227678210885737,0.0021364736947703466,0.0017596549927131498,0.008726241164432724,0.011722442605641578,0.0051367388322244995],[9.657215270523072E-4,1.0,0.0010311285422925026,0.006264527957376814,0.003294826861962087,5.281116845148651E-5,2.3755184404885562E-4,0.0011058588106495216,1.4700646469368176E-4,2.81518293228657E-4,1.3089121955770308E-4,7.009762311013397E-4,7.604291584471201E-4,4.7993806854123986E-4,0.03307690633747759,6.058458494755377E-4,0.0025958711881658293,6.072977779374426E-5,1.0847917017088188E-4,1.0488490448704358E-4,8.37836217344759E-5,1.2336805816044765E-4,9.52673606425554E-5,0.002170079794718217,4.161811235582853E-4,1.1371953939831211E-4,2.3370101960147477E-4,1.2125031771052502E-4,4.054476007814874E-4,1.2088497263947374E-4,3.543107562706839E-5,0.00484691060870342,6.656694222361059E-5,4.832707792321034E-4,2.9694730028463157E-4,0.004090013688709552,0.008847270174949524,8.572824385743807E-5,0.0011403613074793097,5.459659851185087E-5,1.6023949347152434E-4,1.8922013628417045E-4,0.0017861970122948012,1.7793778729490345E-4,1.3646580624230664E-4,0.004686664507443955,5.698709959028419E-5,2.0993820039774566E-4,4.4845163682580614E-5,1.2571061774165515E-4,0.0012087119571012237,1.285353579884609E-4,0.015532755417692503,0.011131896562945123,0.004087954631806918],[0.0017752124248597728,0.0010311285422925026,1.0,0.006215009453596881,0.019410621829416098,0.0011324393005214986,0.0012245636542278075,0.0014103916333993685,4.286536778158444E-4,0.001118140286735213,2.1011577957776216E-4,0.0014328896049769129,0.0013036537634219234,0.0012600385124215815,0.009756945412703574,0.0024392184750556376,0.002536588625084462,0.0013259498307789564,5.749085977589903E-4,0.0012631860169238247,0.0011022827856030776,2.580422988721781E-4,5.761958096849625E-4,0.0019971348281247452,0.001361806348756,3.6638079831537645E-4,9.618034094145215E-4,9.034128051400109E-4,0.0015289742499709764,0.0013870885908195455,0.0012739992483017397,0.009169828509449775,9.665500656785157E-4,9.164875143578806E-4,0.001184886350126502,0.0020744474029072927,0.020859006179225214,0.0010367214827041423,0.0016431808430922231,3.599158082372233E-4,0.0010052335889250779,5.172324776611021E-4,0.0018538065381820037,0.004583786266648845,0.0013383473249443517,0.0077188013497856995,9.855230992898837E-4,9.190706461763565E-4,0.001349230351078459,1.4816007174461404E-4,0.001812743471131677,6.767983171041168E-4,0.008590402038971684,0.013266694668846122,0.0022864576947026084],[0.0070538418410660865,0.006264527957376814,0.006215009453596881,1.0,0.012357506752455344,0.007028749241240377,0.007600483747998544,0.004171526283336644,0.0066769026680912336,0.0012294970344879023,0.00888800552616586,0.007216534333187657,0.004425134536124989,7.781085176117155E-4,0.01635232322961877,0.004553729749876662,0.009794453113380027,0.007617333532696117,0.004904711475065678,0.008954617764502383,0.007665797038020769,0.008577129377354116,0.006500178698089072,0.005861901965871799,0.008032751675491867,0.00855453989077802,0.00417497565593605,0.001299733486165411,0.008846451136566114,2.7707422422564785E-4,0.0017697748439137408,0.010187530561643073,0.009787512581045625,0.005594986706505348,0.0062656718658546905,0.0056140019469184945,0.01566271095550796,0.007279869690309137,0.003988920589465079,0.007405901688146743,0.002609021482255148,0.009752254566850872,0.006602790531153684,0.009299819906257115,0.004986897586144823,0.012692461738052248,0.007945900543399016,0.0022391986464974415,0.004531203577504564,0.0022356302918719036,0.009183511612170514,0.0027985138010424558,0.019841139153243304,0.010563870435906807,0.006238495580503279],[0.0198440607757945,0.003294826861962087,0.019410621829416098,0.012357506752455344,1.0,0.005217615133328135,0.0012298344163528432,0.012690708937889683,0.012960998153217322,0.005227367853051776,0.019386814402083466,0.009507517626886884,0.0014111322254725192,0.017445727945067182,0.03466140460859154,0.009330951082263164,0.01711002827383846,9.344774250978883E-4,0.011014181557898128,0.008758713663675578,0.0061234495946068095,0.007492812033686513,0.014873410202842727,0.0072978271877262866,0.013628064148699189,7.605175585691348E-4,0.0063893807388338275,0.011452319704322648,0.01782927195767894,0.003294787129402942,0.007345189808607314,0.01585773610401871,0.0168026796588649,0.005563038506550242,0.014569141096117922,0.019111678552781182,0.05024212969400626,0.008166229541645831,0.004181744623775901,0.005663194155258732,0.019297759928620928,0.004261857224827021,0.010242624101616946,0.01202567983902315,0.005362224186189429,0.018379754165427552,0.01267643070533219,0.010552982941166298,0.0020773838310981212,0.01934988215946432,0.0064162080392787865,0.0174440320973214,0.02258330279931845,0.02000293838229444,0.014506653626742267],[1.300631080749699E-4,5.281116845148651E-5,0.0011324393005214986,0.007028749241240377,0.005217615133328135,1.0,4.2265462416721017E-4,7.600170543170733E-4,1.0464742754568449E-4,2.7971227211971564E-4,1.2887982342593427E-4,0.0011024039926941242,5.226474961100568E-4,1.7318105066564283E-4,0.02116144416926489,0.0010100206273958583,2.162917369767851E-4,1.4354545666300263E-5,1.3386051812507923E-5,1.3721769112404335E-5,4.017226867509728E-5,7.106977558767309E-5,1.4618465603440566E-5,0.002570621556302459,7.917168272311171E-4,1.9560296478100292E-5,3.163208678957462E-4,1.3415874001892423E-4,6.509655543013956E-4,5.9043491128993584E-5,1.3679854675599129E-5,0.006662943813067946,1.2856114897348316E-5,4.593287391884788E-4,4.517228444835869E-4,3.449492712814919E-4,0.04949028028491081,2.0684079175417003E-5,0.001687600083764443,1.271774378776993E-5,7.20806021509819E-5,7.462432883743724E-5,0.0021807235650767955,0.006503600785799476,9.097349356736821E-5,0.006410093269982631,1.1716359938670131E-5,1.6130447947699072E-4,1.4030369806343418E-5,5.118344437661089E-5,6.695862611781354E-4,3.040339575132028E-4,0.010580631176058224,0.004779530626138257,0.0034482984485407417],[8.114720603601986E-4,2.3755184404885562E-4,0.0012245636542278075,0.007600483747998544,0.0012298344163528432,4.2265462416721017E-4,1.0,0.0012002108102576719,3.451654243201898E-4,3.5410148255515404E-4,2.858947601071985E-4,0.0013574750599691108,8.119321167635786E-4,5.894577398671495E-4,0.002359052214388349,0.0018590806439258728,0.0036582083462499324,4.7518389582909764E-5,4.479793705801872E-4,2.408110031543453E-4,8.324132173171702E-5,3.8035351343523123E-4,4.3187488164631244E-4,0.003275289184971458,0.0011145295767494342,1.3344340237526656E-4,4.977774264415349E-4,1.7320970044951362E-4,7.469031361576092E-4,1.2170101635257642E-4,3.992257735616526E-4,0.006388185213795368,7.794588154467204E-5,8.520984321399658E-4,5.246887084730198E-4,0.0013279451575000474,0.02033528306729435,4.8048104270430125E-4,0.001697199852484749,2.6548207709913257E-4,3.368935271590645E-4,4.076048226673457E-4,0.0024724152879042585,0.0055275805665394966,2.839441855290811E-4,0.00935808024322239,3.12176226236984E-4,2.9287218526498804E-4,2.89690358818066E-4,1.503769750945828E-4,0.0019191796439530385,4.7573576480170723E-4,0.0017204743320623776,0.004856572679711277,0.0015078486175960474],[0.00206644678760788,0.0011058588106495216,0.0014103916333993685,0.004171526283336644,0.012690708937889683,7.600170543170733E-4,0.0012002108102576719,1.0,2.82833783708227E-4,0.00111402534574819,0.0015199547726005447,0.0017340790713465046,0.0015698860867216966,0.0011260211648238705,0.03060986139412326,0.0020262959682831767,0.0026274657181906934,0.001507795073276464,7.98456411480333E-4,0.0010862374526900483,8.727494010690596E-4,0.001160912581189958,1.8501273659394556E-4,0.0020957152733775326,0.0013816466822371078,2.5307316543167794E-4,9.266900467740693E-4,6.74461527339153E-4,0.0017680631857724307,0.0016706636789937843,0.001571147194296939,0.004978420827679559,0.00156120012607087,0.001075535812403203,0.0013588471677743463,0.002809750662892782,0.04018351964310175,9.127162324473444E-4,0.001853044687229601,9.198251990216571E-4,0.0010431763815784481,7.700955308669911E-4,0.00355166227723595,0.005154834846807042,0.0011116058323153194,0.00923549919740625,8.096135000885995E-4,9.694039067286611E-4,0.0011152316031624813,9.073337547363076E-4,0.0019803835553518817,0.0012837323152620215,0.016812709181433468,0.01690591330231756,0.002092748264527944],[0.0014708684070634448,1.4700646469368176E-4,4.286536778158444E-4,0.0066769026680912336,0.012960998153217322,1.0464742754568449E-4,3.451654243201898E-4,2.82833783708227E-4,1.0,2.8792694305657324E-4,1.4108317155714253E-4,3.6852642579903924E-4,0.0010576223229589688,7.377151709124406E-4,0.0018449077755350897,0.0020844734450123216,0.001213240849150043,1.0022713960232607E-4,1.4064308706814442E-4,1.24159276229183E-4,7.383584131253875E-5,1.4792735268669708E-4,6.322296202561519E-5,0.002583445369603415,5.751396133290966E-4,1.1769212295042176E-4,1.9803880830454132E-4,1.4236796267945467E-4,0.0012062995926916096,1.3622995195905962E-4,1.4584919379033733E-4,0.0012155587215036858,3.0647383899278327E-5,2.815052741788267E-4,9.944734141045589E-4,0.0030793994937365625,0.05370326145776803,6.420516195421351E-5,0.0016060328235724783,1.8072614531277508E-5,1.665209527838497E-4,1.6747224556511902E-4,8.454578486818054E-4,0.0010973542435991702,1.5031561213083808E-4,0.008930998704441728,2.2824933510650776E-5,1.8580209593321208E-4,8.067169482731961E-5,1.320456073018236E-4,0.001691612773842897,2.6973614215741905E-4,0.002166723762611192,0.007639685611759147,8.880624991361849E-4],[0.0020686002737266324,2.81518293228657E-4,0.001118140286735213,0.0012294970344879023,0.005227367853051776,2.7971227211971564E-4,3.5410148255515404E-4,0.00111402534574819,2.8792694305657324E-4,1.0,1.3700798494559985E-4,0.0014464511093278504,4.7982773815393446E-4,3.8331689605145485E-4,0.02270166529355883,0.002896726955893554,0.003527264258260492,1.1743917293678983E-4,2.5613441268729388E-5,4.641400980038399E-5,4.849257870014026E-5,2.9604089412906E-4,1.1950852713429286E-4,0.0019284078449036271,6.051984205798322E-4,1.6043551508272658E-4,3.47413960257099E-4,2.576608017968127E-4,0.0010573816102400458,3.1725005644078904E-4,3.2185193382892424E-4,0.00691439120292858,1.0432699293504922E-4,7.071558064364583E-4,5.649699443433995E-4,0.0034095775049249773,0.04054701244855092,1.1860793938526593E-4,8.858866218866453E-4,1.0138365647194878E-4,2.5483534652636497E-4,3.0338959013312877E-4,7.391647445608638E-4,0.002146228296103713,2.3031837039867782E-4,0.004232947958711222,1.79827093306116E-4,2.552421910201683E-4,2.9180417991754137E-4,2.0769963874447356E-4,9.199240226732536E-4,3.4232675069825074E-4,0.016330641906656816,0.001970389574573606,0.0013534818828412046],[5.640368425001579E-4,1.3089121955770308E-4,2.1011577957776216E-4,0.00888800552616586,0.019386814402083466,1.2887982342593427E-4,2.858947601071985E-4,0.0015199547726005447,1.4108317155714253E-4,1.3700798494559985E-4,1.0,0.0011600144579768782,9.304229226907857E-4,5.968274746319447E-4,0.009926202041493477,0.002532807985593531,0.002434930498993661,6.47872353518393E-5,1.2118516952709963E-4,2.0674203166292135E-5,6.646546007506117E-5,1.3817943199476637E-4,7.499968760518155E-5,0.0010230308448144388,1.6683239408925171E-4,1.2392144842558357E-4,2.118135712581297E-4,1.381758658671308E-4,8.8062745175194E-4,1.279481029298166E-4,3.998332380635023E-5,0.012752937187920166,1.222365901806239E-4,5.007892119036375E-4,9.509952507909149E-4,0.0013774859775387287,0.023619537009045777,4.515045298354728E-5,0.0013844235021814796,3.174475227682266E-5,1.7089480431489956E-4,1.5393587977241563E-4,0.0021298161296013185,0.007182491102348898,1.4069793845701748E-4,0.007701871941295834,3.563485189348646E-5,1.3146006047475936E-4,5.872162838415735E-5,1.274515318883407E-4,5.067426350703068E-4,1.5561775497584712E-4,0.001752577451747869,0.017254790929183996,8.815085920859925E-4],[0.0017364800398125913,7.009762311013397E-4,0.0014328896049769129,0.007216534333187657,0.009507517626886884,0.0011024039926941242,0.0013574750599691108,0.0017340790713465046,3.6852642579903924E-4,0.0014464511093278504,0.0011600144579768782,1.0,0.001262555183866511,9.354898718517E-4,0.023684111260790855,0.002378915704328818,0.0032001386731092627,1.6600014628218485E-4,0.0015855392009925667,5.1180002313919396E-5,0.0013347566832816557,9.689158445092171E-4,6.713749918654703E-4,0.0045284808510580995,0.001403663721881597,4.6867041792569467E-4,7.506624898592594E-4,6.754168596267512E-4,0.0016074380996963702,0.0014005414064900614,2.0462769459064198E-4,0.008286300335341012,2.2467042848229533E-4,0.0010080710303789755,0.0014239993071095414,0.003316027447055577,0.03068378176561028,0.0011122360204906803,0.001825318159922955,1.8516935779393153E-4,0.0014401900952905815,9.528631494536284E-4,0.0022112199130379403,0.0047453125906909074,0.001517178738325091,0.010887652372992102,0.0012628159724258176,8.395947338853532E-4,0.0014035088514740455,0.0015776548807350517,0.0016523930533673358,0.0015212081317607493,0.013798435808646415,0.01896969632114815,0.0025710158421509864],[0.001720357317451998,7.604291584471201E-4,0.0013036537634219234,0.004425134536124989,0.0014111322254725192,5.226474961100568E-4,8.119321167635786E-4,0.0015698860867216966,0.0010576223229589688,4.7982773815393446E-4,9.304229226907857E-4,0.001262555183866511,1.0,0.0010620769154423703,0.034316375212175614,0.0029901903062727114,0.0016834416745044253,2.3709099258458115E-4,4.5881286599129084E-4,1.5805954851344335E-4,2.5832926937530755E-4,6.083929036768313E-4,0.0011391681694898855,0.003938448194148118,0.0011595286899861326,2.1819783441929174E-4,9.831244078173057E-4,6.913741658163496E-4,0.001331436467182227,1.5546628123613545E-4,7.093875007900254E-4,0.01138910811807878,2.9532453447063303E-4,9.755618662396564E-4,0.0011284328997561244,0.0022969885929466144,0.037945099384546745,1.781030659193317E-4,0.001963501682885137,6.040174445493798E-4,2.454478820807846E-4,8.748788386707765E-4,0.001734392594648847,0.002079948380548918,6.242220485243376E-4,0.011732837792151255,0.0011197915706422183,2.7562770197667375E-4,3.7336842299253884E-4,7.616009698682848E-4,0.001386174463525625,0.0010716030669655398,0.01735245653742572,0.010034382125085412,0.0019587652895901777],[0.001057716313481302,4.7993806854123986E-4,0.0012600385124215815,7.781085176117155E-4,0.017445727945067182,1.7318105066564283E-4,5.894577398671495E-4,0.0011260211648238705,7.377151709124406E-4,3.8331689605145485E-4,5.968274746319447E-4,9.354898718517E-4,0.0010620769154423703,1.0,0.03283736599973714,0.002928912811949735,0.001765951734506431,3.63489366925877E-4,7.35272146165283E-4,3.9404417800559526E-4,3.0539979539833474E-4,6.706822988246971E-4,1.1880281384765625E-4,0.0011753130337703406,9.620713989600005E-4,2.2799914312166393E-4,6.225687331231373E-4,1.9332236891412505E-4,0.0014711032253795155,7.563094900423144E-4,6.425793069733541E-5,0.01401498872368433,7.498884735406882E-4,8.355506889125434E-4,0.0010623705180474684,0.0026209101931940096,0.05098422390314245,3.0406699774212083E-4,0.001281201169453302,5.699530291285938E-4,2.480775353080484E-4,6.167772026077702E-4,0.002251963656370865,0.0021109986065699364,7.489877883405797E-4,0.001905493633676455,5.97974993800591E-4,2.4826059274230303E-4,5.385153936189724E-4,4.168385072460172E-4,0.0018540719120623546,6.959857363078512E-4,0.018436025116313644,0.003328930296252308,0.003672143488759501],[0.003310429641501919,0.03307690633747759,0.009756945412703574,0.01635232322961877,0.03466140460859154,0.02116144416926489,0.002359052214388349,0.03060986139412326,0.0018449077755350897,0.02270166529355883,0.009926202041493477,0.023684111260790855,0.034316375212175614,0.03283736599973714,1.0,0.032541492358187055,0.02626924005735423,0.019580828453271814,0.026799400803324207,0.02485613827567487,0.03894597803977143,0.02300889644484099,0.00561074127708001,0.011435644069966507,0.041148989499947705,0.004553850199647825,0.02277433353066386,0.024376931989755102,0.002773651499732489,0.03368503816086091,0.012287419663052303,0.03274828971652795,0.0028823661740167714,0.033741757928466766,0.03524782570480273,0.0199270895660656,0.05339786529126392,4.600129252692688E-4,0.030531404181399525,0.03767647302179202,0.0056213846711085855,0.0059099890062790875,0.020187032305032025,0.0257777921008183,0.03422907188179063,0.0274951390385463,0.013206797580581572,0.034915088149354935,0.032287726808653466,0.02905559770125499,0.019972193135628327,0.03804733754372045,0.023487500020301116,0.0409608513712863,0.013242191253637913],[0.002601370424702465,6.058458494755377E-4,0.0024392184750556376,0.004553729749876662,0.009330951082263164,0.0010100206273958583,0.0018590806439258728,0.0020262959682831767,0.0020844734450123216,0.002896726955893554,0.002532807985593531,0.002378915704328818,0.0029901903062727114,0.002928912811949735,0.032541492358187055,1.0,0.0031783250863971118,0.0013169344726066587,0.001364071065738342,3.6482325961571686E-5,0.0013647988981112154,0.0023841702064616053,0.0029634245888425746,0.0034068397646406295,0.002840370092706457,0.0014977844428627192,8.724114625955236E-4,0.0013583398073830008,0.0018174042467413445,0.0015276467910554194,0.0011503122033197364,0.0037660644627081357,0.002178307557991108,0.00261970806362688,0.0017426122367417848,0.0036804405114151126,0.007220086245464401,0.0017695240342648381,0.0026616660222457175,3.025476813826062E-4,0.0012746913214199008,0.00119416192521399,0.0033284501071601563,0.0051037226944498195,0.0017057902389666269,0.004394808925477341,2.615746461344583E-4,9.57034590148531E-4,6.457937950487434E-4,6.950667033130765E-4,0.0028566322970802957,7.284829018042159E-4,0.014778532868257407,0.02053641387558307,0.004527058913436759],[0.0024622653047452385,0.0025958711881658293,0.002536588625084462,0.009794453113380027,0.01711002827383846,2.162917369767851E-4,0.0036582083462499324,0.0026274657181906934,0.001213240849150043,0.003527264258260492,0.002434930498993661,0.0032001386731092627,0.0016834416745044253,0.001765951734506431,0.02626924005735423,0.0031783250863971118,1.0,0.002609574109172166,0.0012284240533194377,4.81422483374363E-4,0.0026084259912729137,7.031089675797559E-4,0.0029611313871637786,0.003928717364299875,0.003216052845359594,5.592227685974852E-4,0.0023501888519751038,0.002220149130139498,0.003359865641828907,0.0024833226339779587,0.0037298970534715772,0.011403641200567891,0.003153316397409609,0.003189785139217119,0.0029220046278820417,0.004044169922851229,0.026946988622498145,0.0031500774450898177,0.003047088532240497,0.0014664829090424503,0.002638774990918181,9.257043042327883E-4,0.003768020256870536,0.004967181782789181,0.0025292142635542944,0.013491681801045624,5.267463810273678E-4,0.0035093167494335896,0.001145119217808275,0.002678098575545547,0.0029073637946973084,0.0010396161266158534,0.015152748385904195,0.011751485569313349,0.004681645213529978],[0.0017252150407753525,6.072977779374426E-5,0.0013259498307789564,0.007617333532696117,9.344774250978883E-4,1.4354545666300263E-5,4.7518389582909764E-5,0.001507795073276464,1.0022713960232607E-4,1.1743917293678983E-4,6.47872353518393E-5,1.6600014628218485E-4,2.3709099258458115E-4,3.63489366925877E-4,0.019580828453271814,0.0013169344726066587,0.002609574109172166,1.0,1.4370366873335401E-5,1.4693180073952202E-5,4.034807727123354E-5,1.0549289178030409E-4,1.7251214621423096E-5,0.0018961643834208399,5.022271114144123E-4,1.102124108028231E-4,3.512104522681162E-4,1.7381511458151E-5,7.481515346070732E-4,7.105922985708436E-5,1.5129569220260691E-5,0.0016349691309144323,1.4838552407063605E-5,1.8331864493169848E-4,9.403203625584017E-4,1.8199419627983182E-4,0.04725255843593901,2.216551739442704E-5,1.7457318400486603E-4,1.3339582816934625E-5,6.985964696439785E-5,1.81264530182515E-5,0.0032983768003071482,0.0036804554819168923,1.2030481303584014E-4,0.004152909010762369,1.3585577075344454E-5,9.370758708697629E-5,1.4944790182463018E-5,1.0333221586724498E-4,1.8212036761489246E-4,1.557393605844004E-4,0.0037704916866879087,0.01186785830332703,0.0011268161874423374],[0.0020281352017541172,1.0847917017088188E-4,5.749085977589903E-4,0.004904711475065678,0.011014181557898128,1.3386051812507923E-5,4.479793705801872E-4,7.98456411480333E-4,1.4064308706814442E-4,2.5613441268729388E-5,1.2118516952709963E-4,0.0015855392009925667,4.5881286599129084E-4,7.35272146165283E-4,0.026799400803324207,0.001364071065738342,0.0012284240533194377,1.4370366873335401E-5,1.0,1.4447764555069656E-5,3.0454461185027803E-5,5.160106280711801E-5,1.9421606577571513E-5,0.004417280210959069,9.321268533789123E-4,6.244890907526747E-5,3.1634581723389963E-4,4.870154050348063E-5,9.703987876424184E-5,8.218627315722896E-5,1.5145544097326736E-5,0.010412207956902042,1.4376847920927801E-5,3.722776557807336E-4,2.521040688482802E-4,0.0013433488586373627,0.0398596113662258,1.988173349623491E-5,8.931570232364299E-4,1.4008490953309162E-5,1.430212640649318E-4,2.1554620076775157E-4,0.0033115888141849086,0.0031957556972374234,6.370590626995691E-5,0.002902966957212004,1.2808498601150933E-5,8.640745264390817E-5,1.5131049121191377E-5,6.574142476733303E-5,0.0010963402917515356,2.1255183921830515E-4,0.017244143775124173,0.006041744187316982,0.0033469120197936824],[0.001626132078024753,1.0488490448704358E-4,0.0012631860169238247,0.008954617764502383,0.008758713663675578,1.3721769112404335E-5,2.408110031543453E-4,0.0010862374526900483,1.24159276229183E-4,4.641400980038399E-5,2.0674203166292135E-5,5.1180002313919396E-5,1.5805954851344335E-4,3.9404417800559526E-4,0.02485613827567487,3.6482325961571686E-5,4.81422483374363E-4,1.4693180073952202E-5,1.4447764555069656E-5,1.0,2.9830033998285287E-5,3.182949500226347E-5,1.8498141878311693E-5,0.00376691319181098,5.824068088875278E-4,3.366243660887966E-5,1.1022447342092359E-4,1.2585090565187657E-4,8.777817871567583E-4,9.192996536746676E-5,1.5559323035908086E-5,0.01069956173186997,1.540272502918792E-5,4.298638251879913E-4,6.564082566145313E-4,0.002677227840455933,0.054372650848338394,2.5251871946814542E-5,0.0019667081456526013,1.354440380724327E-5,9.162999179260986E-5,1.4615565670289077E-4,2.1986824906791412E-4,0.0053367592911849615,1.0226064830150241E-4,9.148444992268452E-4,1.25136350976127E-5,5.448609748525136E-5,1.500713535387389E-5,1.0170119951985293E-4,6.398642182958267E-4,2.3714123725663294E-4,0.021817753310285213,0.004023555647388606,1.8172668041463926E-4],[0.0012452607316509109,8.37836217344759E-5,0.0011022827856030776,0.007665797038020769,0.0061234495946068095,4.017226867509728E-5,8.324132173171702E-5,8.727494010690596E-4,7.383584131253875E-5,4.849257870014026E-5,6.646546007506117E-5,0.0013347566832816557,2.5832926937530755E-4,3.0539979539833474E-4,0.03894597803977143,0.0013647988981112154,0.0026084259912729137,4.034807727123354E-5,3.0454461185027803E-5,2.9830033998285287E-5,1.0,1.143286290132934E-4,3.5988819624653157E-5,0.00298103244369164,8.648872787492005E-5,4.3672546721620665E-5,8.043298175622931E-5,4.251357631019601E-5,2.428256973360522E-4,8.550514134041461E-5,4.0276936972816804E-5,0.0020377746974014504,3.6039670041740474E-5,6.43428698592984E-5,2.7179746854520773E-4,0.0020135031720268943,0.030933793546747808,2.7750784797108566E-5,0.0010737011066416578,1.3592581575841547E-5,1.7258950328232064E-4,1.2406168104606272E-4,0.0022709311426496602,0.0030357128557777094,9.414382825545396E-5,0.005401278543448248,3.055958241933831E-5,8.890719788688046E-5,3.67758340195686E-5,1.0864588054061494E-4,2.1044281036120726E-4,1.9797723562298378E-4,0.017050166485154308,0.011574596438046498,8.902161624302291E-4],[0.0015181014939867872,1.2336805816044765E-4,2.580422988721781E-4,0.008577129377354116,0.007492812033686513,7.106977558767309E-5,3.8035351343523123E-4,0.001160912581189958,1.4792735268669708E-4,2.9604089412906E-4,1.3817943199476637E-4,9.689158445092171E-4,6.083929036768313E-4,6.706822988246971E-4,0.02300889644484099,0.0023841702064616053,7.031089675797559E-4,1.0549289178030409E-4,5.160106280711801E-5,3.182949500226347E-5,1.143286290132934E-4,1.0,1.076792495698266E-4,0.0013730325761501174,0.0010975313409896247,1.1509253456642452E-4,3.1394472478788447E-4,1.4222769515543233E-4,0.0014516281618401207,1.2046589299000091E-4,1.9891095938209976E-5,0.006512962274683915,1.896526123625133E-5,8.143456595272543E-4,1.925082517499852E-4,0.0018046361385870037,0.012768209829539962,5.093040010649436E-5,0.001868056982114888,3.078564003509902E-5,1.6605253584353973E-4,1.5916537946069874E-4,6.905955869305963E-4,0.0025853852525144667,1.516790202048021E-4,0.005494101055307067,4.9877359902727E-5,1.8964720467352616E-4,5.830076037464669E-5,1.353740075918495E-4,7.242581688592099E-4,1.9009739029321712E-4,0.019705945522673112,0.01672057937288482,0.0020726541710965785],[2.3167877190986705E-4,9.52673606425554E-5,5.761958096849625E-4,0.006500178698089072,0.014873410202842727,1.4618465603440566E-5,4.3187488164631244E-4,1.8501273659394556E-4,6.322296202561519E-5,1.1950852713429286E-4,7.499968760518155E-5,6.713749918654703E-4,0.0011391681694898855,1.1880281384765625E-4,0.00561074127708001,0.0029634245888425746,0.0029611313871637786,1.7251214621423096E-5,1.9421606577571513E-5,1.8498141878311693E-5,3.5988819624653157E-5,1.076792495698266E-4,1.0,0.002402912914898535,5.400409931753315E-4,4.4940021963593935E-5,4.065726872876548E-4,9.043195999152692E-5,5.613232492694773E-4,4.116623837820885E-5,1.6914496331714712E-5,0.0109310272143602,1.937651541526912E-5,3.5877707936186307E-4,3.6181309270539225E-4,4.360211351588898E-4,0.04289290223970183,2.6649220046437853E-5,0.00119927738982236,1.457437356082107E-5,8.953913360973907E-5,1.5966309465863726E-4,0.0014161528220259455,0.0051232261357645114,4.62667165961612E-5,0.0034004365371387434,1.4682705008578012E-5,1.592211545714527E-4,2.0311367988900615E-5,3.41640335695514E-5,8.711755211824288E-4,2.4461221916890385E-4,0.013264487036565556,0.013259079579556018,1.671145574922798E-4],[0.0043003257282341455,0.002170079794718217,0.0019971348281247452,0.005861901965871799,0.0072978271877262866,0.002570621556302459,0.003275289184971458,0.0020957152733775326,0.002583445369603415,0.0019284078449036271,0.0010230308448144388,0.0045284808510580995,0.003938448194148118,0.0011753130337703406,0.011435644069966507,0.0034068397646406295,0.003928717364299875,0.0018961643834208399,0.004417280210959069,0.00376691319181098,0.00298103244369164,0.0013730325761501174,0.002402912914898535,1.0,0.0027862802618516054,0.0020687869339814898,0.002086328286267145,0.0034923511712336916,0.004226578523179172,0.0030623650681543663,0.004148880590807466,0.009968580247894248,0.001341914276582938,0.0020816055657699693,0.001607131524374901,0.004307353396380397,0.03089073333106749,0.002788028120160167,0.003259272125795396,0.0015619181804552816,0.0037180484827834146,0.003480294210605073,0.003762876567969664,0.00695198655208916,0.002934969482803415,0.004601834518944512,0.003928805301547946,0.00381217735790726,0.0038250660917004513,3.7674791469503356E-4,0.004054224750322221,0.0010916564181180203,0.017616382423779876,0.009586908394025404,0.005090171123431157],[0.0013862384573898184,4.161811235582853E-4,0.001361806348756,0.008032751675491867,0.013628064148699189,7.917168272311171E-4,0.0011145295767494342,0.0013816466822371078,5.751396133290966E-4,6.051984205798322E-4,1.6683239408925171E-4,0.001403663721881597,0.0011595286899861326,9.620713989600005E-4,0.041148989499947705,0.002840370092706457,0.003216052845359594,5.022271114144123E-4,9.321268533789123E-4,5.824068088875278E-4,8.648872787492005E-5,0.0010975313409896247,5.400409931753315E-4,0.0027862802618516054,1.0,2.83974241532537E-4,0.0010505396156704106,6.422131157477147E-4,0.0014582028748081734,8.219420130319249E-4,7.610730122740249E-5,0.009311543721407203,8.939972785813546E-4,8.909040840076117E-4,0.0010926980719925775,0.001396458118749772,0.008722516815321659,1.5375062033813052E-4,0.00195523063294442,4.191894520895895E-4,5.812661892440117E-4,5.778309626419608E-4,0.0024507110970357266,0.005454428031869513,7.342484993659829E-4,0.011130377963158694,9.180168066138687E-4,6.824259626952466E-4,6.833566708647412E-4,2.2910907960631011E-4,0.001928024620919535,6.308794522073059E-4,0.01331288523626626,0.007876229750428636,0.005310997875031561],[0.00151337914692523,1.1371953939831211E-4,3.6638079831537645E-4,0.00855453989077802,7.605175585691348E-4,1.9560296478100292E-5,1.3344340237526656E-4,2.5307316543167794E-4,1.1769212295042176E-4,1.6043551508272658E-4,1.2392144842558357E-4,4.6867041792569467E-4,2.1819783441929174E-4,2.2799914312166393E-4,0.004553850199647825,0.0014977844428627192,5.592227685974852E-4,1.102124108028231E-4,6.244890907526747E-5,3.366243660887966E-5,4.3672546721620665E-5,1.1509253456642452E-4,4.4940021963593935E-5,0.0020687869339814898,2.83974241532537E-4,1.0,3.995950173343348E-4,1.1317171253768549E-4,8.638192699884108E-4,1.1681777136384711E-4,9.381676543592677E-5,0.002350770183345699,9.248242322779176E-5,7.786351331392148E-4,0.0010189807145083271,0.0028932470784468665,0.03268917971687493,1.0613335615989247E-4,0.001839660371847048,5.3489297446247566E-5,1.783419783650418E-4,1.7320310770739953E-4,0.00367119696088307,0.004182447953693213,1.5162608592344775E-4,0.00464381467913611,8.069766765816804E-5,1.387111473224317E-4,9.060248694568253E-5,1.2358132283448708E-4,0.0019076724196035145,2.464508480737653E-4,0.01579324387840006,0.017962946118765432,0.0017160844974869426],[0.0016953659845904668,2.3370101960147477E-4,9.618034094145215E-4,0.00417497565593605,0.0063893807388338275,3.163208678957462E-4,4.977774264415349E-4,9.266900467740693E-4,1.9803880830454132E-4,3.47413960257099E-4,2.118135712581297E-4,7.506624898592594E-4,9.831244078173057E-4,6.225687331231373E-4,0.02277433353066386,8.724114625955236E-4,0.0023501888519751038,3.512104522681162E-4,3.1634581723389963E-4,1.1022447342092359E-4,8.043298175622931E-5,3.1394472478788447E-4,4.065726872876548E-4,0.002086328286267145,0.0010505396156704106,3.995950173343348E-4,1.0,2.711028338198428E-4,0.0010684407303277322,2.955396060957516E-4,1.6436758763910172E-5,0.012257122424474326,1.244607543363977E-4,5.32257906835784E-4,5.414201342343057E-4,0.002865803080009818,0.0510222043054074,3.496963223057182E-4,0.0018795948010649228,6.702363178049773E-5,4.0035631055709636E-4,3.468133811993697E-4,0.0019434517997413883,0.007282966413668959,1.9099334876802727E-4,5.191582108939584E-4,3.1566226633319955E-4,4.174976671103422E-4,4.249571653722225E-4,1.9848831275622958E-4,0.001570077941602797,4.1194441857769694E-4,0.0226859474469539,0.010413472127961083,0.004846839104615596],[7.614061493516319E-4,1.2125031771052502E-4,9.034128051400109E-4,0.001299733486165411,0.011452319704322648,1.3415874001892423E-4,1.7320970044951362E-4,6.74461527339153E-4,1.4236796267945467E-4,2.576608017968127E-4,1.381758658671308E-4,6.754168596267512E-4,6.913741658163496E-4,1.9332236891412505E-4,0.024376931989755102,0.0013583398073830008,0.002220149130139498,1.7381511458151E-5,4.870154050348063E-5,1.2585090565187657E-4,4.251357631019601E-5,1.4222769515543233E-4,9.043195999152692E-5,0.0034923511712336916,6.422131157477147E-4,1.1317171253768549E-4,2.711028338198428E-4,1.0,0.0012375992506722551,1.2010378939696484E-4,1.2962012112585058E-4,0.010114745645210269,6.726682413473908E-5,3.117864329100484E-4,7.140423715979963E-4,0.00296806836857644,0.002105798507725694,1.0733495199402923E-4,7.954194082985034E-4,3.706632565504861E-5,1.734618206963017E-4,2.510579379303454E-4,0.001826088753157271,0.006690387512298145,1.4963737931769324E-4,3.4091199858848344E-4,5.180162936259619E-5,2.0064070425925853E-4,1.3785629312113772E-4,1.3196622400267032E-4,0.0016157132570662014,1.5854171632430946E-4,0.016908307769942437,0.005901852665470086,0.004033844673788016],[0.0016629598959062414,4.054476007814874E-4,0.0015289742499709764,0.008846451136566114,0.01782927195767894,6.509655543013956E-4,7.469031361576092E-4,0.0017680631857724307,0.0012062995926916096,0.0010573816102400458,8.8062745175194E-4,0.0016074380996963702,0.001331436467182227,0.0014711032253795155,0.002773651499732489,0.0018174042467413445,0.003359865641828907,7.481515346070732E-4,9.703987876424184E-5,8.777817871567583E-4,2.428256973360522E-4,0.0014516281618401207,5.613232492694773E-4,0.004226578523179172,0.0014582028748081734,8.638192699884108E-4,0.0010684407303277322,0.0012375992506722551,1.0,9.730553885959565E-4,7.820098476140806E-4,0.01052077321563924,3.6873071353997304E-4,0.0011637010795824472,0.0013188184834987643,0.0035897775562155785,0.002156603686275233,0.001063412509090271,0.0019233785348136585,0.001117717704004395,2.0327278341248788E-4,5.496953318362164E-4,0.0020705878479898897,0.0021694045908445376,3.100874466163949E-4,0.004633867225918742,3.5001991384373823E-4,8.859947338386828E-4,1.3300135759625547E-4,2.4213725041053878E-4,0.0017054054438104956,0.001446140356145474,0.023224709442477755,0.015766581041871598,0.005165396351977787],[0.0013089945190224923,1.2088497263947374E-4,0.0013870885908195455,2.7707422422564785E-4,0.003294787129402942,5.9043491128993584E-5,1.2170101635257642E-4,0.0016706636789937843,1.3622995195905962E-4,3.1725005644078904E-4,1.279481029298166E-4,0.0014005414064900614,1.5546628123613545E-4,7.563094900423144E-4,0.03368503816086091,0.0015276467910554194,0.0024833226339779587,7.105922985708436E-5,8.218627315722896E-5,9.192996536746676E-5,8.550514134041461E-5,1.2046589299000091E-4,4.116623837820885E-5,0.0030623650681543663,8.219420130319249E-4,1.1681777136384711E-4,2.955396060957516E-4,1.2010378939696484E-4,9.730553885959565E-4,1.0,2.0688337404110215E-5,0.009940464302339204,9.700482339472305E-5,3.424791043726959E-4,2.6269240144928107E-4,0.0012516222796770237,0.050781252679031004,7.8097679280678E-5,0.0018203107540643586,7.992283360397126E-5,1.4638706825315564E-4,1.8493259423889074E-4,0.0016482720224819589,0.006679300443333023,1.5212006388116482E-4,0.009601373297283564,3.446323559682533E-5,1.2131167364202482E-4,8.75593304285293E-5,1.2304146363204392E-4,0.0012168987501110355,2.549042737508689E-4,0.021123217629757687,0.005941162274686171,0.0028625241757487046],[0.001435646849342461,3.543107562706839E-5,0.0012739992483017397,0.0017697748439137408,0.007345189808607314,1.3679854675599129E-5,3.992257735616526E-4,0.001571147194296939,1.4584919379033733E-4,3.2185193382892424E-4,3.998332380635023E-5,2.0462769459064198E-4,7.093875007900254E-4,6.425793069733541E-5,0.012287419663052303,0.0011503122033197364,0.0037298970534715772,1.5129569220260691E-5,1.5145544097326736E-5,1.5559323035908086E-5,4.0276936972816804E-5,1.9891095938209976E-5,1.6914496331714712E-5,0.004148880590807466,7.610730122740249E-5,9.381676543592677E-5,1.6436758763910172E-5,1.2962012112585058E-4,7.820098476140806E-4,2.0688337404110215E-5,1.0,0.001220671542346506,1.5641813366100744E-5,2.6665939987319004E-4,8.380620966514157E-4,0.004033939489277788,4.3865972094188604E-4,2.2114284773170833E-5,0.0011267950806900116,1.5340055002886037E-5,1.3651424188156452E-4,6.932103686955354E-5,2.155453951993859E-4,0.0012399527294076967,1.384862714362313E-4,0.011439128201617795,1.3178208132016526E-5,2.1263651215883296E-4,1.6519994974262434E-5,1.0685521102805067E-4,0.0016839244601711532,2.1186730122122783E-4,0.009691620264377178,0.010124086324588796,0.004046646344084924],[0.007129316480644616,0.00484691060870342,0.009169828509449775,0.010187530561643073,0.01585773610401871,0.006662943813067946,0.006388185213795368,0.004978420827679559,0.0012155587215036858,0.00691439120292858,0.012752937187920166,0.008286300335341012,0.01138910811807878,0.01401498872368433,0.03274828971652795,0.0037660644627081357,0.011403641200567891,0.0016349691309144323,0.010412207956902042,0.01069956173186997,0.0020377746974014504,0.006512962274683915,0.0109310272143602,0.009968580247894248,0.009311543721407203,0.002350770183345699,0.012257122424474326,0.010114745645210269,0.01052077321563924,0.009940464302339204,0.001220671542346506,1.0,0.011923907622748364,8.90889246952405E-4,0.00942904386369447,0.00978409088086028,0.0250003861139534,0.0032077721202753776,0.011514961364582403,0.011338460124483722,0.014005395410969736,0.00576793625808859,0.006706960673341029,0.013684951795917614,0.0044803243058140875,0.013936804185791166,0.005024615328420458,0.0011898025009507043,0.004594897793457614,0.0064218441927062836,0.005806593347599193,0.0038802600718390633,0.01760910541907736,0.01833248127539265,0.007447051965496007],[0.0019398729445457856,6.656694222361059E-5,9.665500656785157E-4,0.009787512581045625,0.0168026796588649,1.2856114897348316E-5,7.794588154467204E-5,0.00156120012607087,3.0647383899278327E-5,1.0432699293504922E-4,1.222365901806239E-4,2.2467042848229533E-4,2.9532453447063303E-4,7.498884735406882E-4,0.0028823661740167714,0.002178307557991108,0.003153316397409609,1.4838552407063605E-5,1.4376847920927801E-5,1.540272502918792E-5,3.6039670041740474E-5,1.896526123625133E-5,1.937651541526912E-5,0.001341914276582938,8.939972785813546E-4,9.248242322779176E-5,1.244607543363977E-4,6.726682413473908E-5,3.6873071353997304E-4,9.700482339472305E-5,1.5641813366100744E-5,0.011923907622748364,1.0,3.1456367405569485E-4,8.677811236354382E-4,5.402298911043328E-4,0.00604280716259229,1.9298894748308055E-5,4.64270621932402E-4,1.4460627061236183E-5,3.163130162454719E-5,1.6677665685920002E-4,3.939478230666203E-4,0.0058751487901562835,1.7217741387312776E-5,0.003586573569520346,1.118388731038412E-5,2.124158871660492E-4,1.706048038841735E-5,1.0067728866724374E-4,0.0014795999562644173,2.4001217330516013E-4,0.008746524357766084,4.807384549169709E-4,0.0011802986952832923],[0.001585876865528173,4.832707792321034E-4,9.164875143578806E-4,0.005594986706505348,0.005563038506550242,4.593287391884788E-4,8.520984321399658E-4,0.001075535812403203,2.815052741788267E-4,7.071558064364583E-4,5.007892119036375E-4,0.0010080710303789755,9.755618662396564E-4,8.355506889125434E-4,0.033741757928466766,0.00261970806362688,0.003189785139217119,1.8331864493169848E-4,3.722776557807336E-4,4.298638251879913E-4,6.43428698592984E-5,8.143456595272543E-4,3.5877707936186307E-4,0.0020816055657699693,8.909040840076117E-4,7.786351331392148E-4,5.32257906835784E-4,3.117864329100484E-4,0.0011637010795824472,3.424791043726959E-4,2.6665939987319004E-4,8.90889246952405E-4,3.1456367405569485E-4,1.0,9.511808799746662E-4,0.0039688692015653615,0.01812175261021625,2.3214847917117995E-4,0.001980018203407663,8.619067390941381E-4,4.927146894518596E-4,2.683879877145327E-4,9.069981961181021E-4,0.005546286674703254,5.95669927954112E-4,0.009476716649408147,2.4298273479926352E-4,5.033244346535986E-4,8.584400001065235E-5,2.8875572742666016E-4,0.0011506393454477153,4.5526639227901365E-4,0.0137894713795707,0.0027722761209470733,0.004311089471499212],[0.0015204331963704948,2.9694730028463157E-4,0.001184886350126502,0.0062656718658546905,0.014569141096117922,4.517228444835869E-4,5.246887084730198E-4,0.0013588471677743463,9.944734141045589E-4,5.649699443433995E-4,9.509952507909149E-4,0.0014239993071095414,0.0011284328997561244,0.0010623705180474684,0.03524782570480273,0.0017426122367417848,0.0029220046278820417,9.403203625584017E-4,2.521040688482802E-4,6.564082566145313E-4,2.7179746854520773E-4,1.925082517499852E-4,3.6181309270539225E-4,0.001607131524374901,0.0010926980719925775,0.0010189807145083271,5.414201342343057E-4,7.140423715979963E-4,0.0013188184834987643,2.6269240144928107E-4,8.380620966514157E-4,0.00942904386369447,8.677811236354382E-4,