[[1.0,0.00822120405386354,0.004107116574036141,0.017932948552842592,0.004347931722268167,0.06835652942261852,0.001588217221697972,6.622783392581945E-4,0.0069918146804175746,0.006534907652099672,0.010638297872340425,0.00947482875351101,0.010300397948569845,0.009383188247412305,0.011131272691752661,0.005365098666357192,0.005722264615101569,3.674723891494065E-4,0.009669189418798846,0.013388599511804863,0.004589157260221715,0.01063590592925588,0.0030665241552975935,0.004560337131338898,0.0049368693597859805,0.009624324583891135,0.008481194080434247,0.0016108540031059616,0.0038665177108413392,0.005294034348492091,0.004854472219202974,0.008368136299245947,0.006099578067246615,0.005299581174733056,0.009882915791375999,0.00501716130260842,0.010622132203584161,0.00165302579418396,0.01571281632667222,0.006170350898615708,0.007224034260340892,0.00496462666509009,0.010621729107379524,0.00909261398025237,0.0032005656094657104,0.005237422859982403,0.007023833213074204,0.009864968174485495,0.009881624281034302,0.0067288643337253705,0.005303529352050071,0.008263699504611966,0.007389340505227218,0.010892507221555747],[0.00822120405386354,1.0,0.0015951634326134743,0.01526750833520856,0.001753700072480755,0.04940864383260994,0.0020519191938811582,0.0013522771333040213,0.0024080775726423908,0.001261053978218113,0.006941371493685957,0.0019000737208530018,0.001115155315452835,0.0015180749056984476,0.002402643974612656,0.0017535089891366515,0.001597966497454018,1.6266499515664773E-4,8.643722025232309E-4,0.010639627478194249,0.0016504777550644906,4.8427998815450137E-4,0.001751042345698838,0.002543825000033909,7.294958428439768E-4,4.0449866945955457E-4,7.528350912670334E-4,3.907156750992685E-4,0.0012773556484707836,9.227713667601434E-4,0.001988659073906901,0.0010913211465291188,0.0011395155596971894,0.002105199795098242,0.0020916785038627736,0.0021002989199747995,0.001587493793670865,0.001579663201585434,0.008796935754024272,2.530214112453201E-4,0.002223040481022778,0.0021163223694986664,0.006875311451260307,0.001234930591828746,0.0010572413688458415,0.0018187504287240888,5.2322990328276644E-5,0.00128746567464631,7.924899297578714E-4,0.001737164951946259,0.0016591828427728384,0.0019687692209698383,0.0018608336694706747,0.007048476051971751],[0.004107116574036141,0.0015951634326134743,1.0,0.01765604736939917,6.261206594399857E-5,0.03515758821093775,9.831077002523956E-4,3.114606950874732E-4,0.0013270527750975983,3.416704894106766E-4,0.005116475737268488,0.0010080569498410615,2.2759377334538323E-4,5.321419925676244E-4,0.008520847108471457,9.232617203569727E-4,5.33059203830491E-4,4.17594828970765E-4,3.9679909857659305E-4,0.012714747883875877,9.692233980024998E-4,2.9392497764456056E-4,0.0011635961506771936,0.002097780676114807,4.409975205229277E-4,5.02473430659575E-4,4.1404358999076827E-4,4.71342935755717E-4,4.771835425072296E-4,3.6902351539957085E-4,8.351808480833505E-4,4.286118788379859E-4,5.397010852949524E-4,4.3900102037913854E-4,7.611751193672386E-4,7.840382534575757E-4,7.190176505570844E-4,1.8523835467969976E-4,0.01311477001379891,4.863618968909313E-4,0.0019819135939785296,5.41561346043804E-4,0.002000606366162396,5.28449529381523E-4,5.351804004184687E-4,0.001318083459845883,3.7548788328185345E-4,3.4689626244500114E-4,1.4728717518013037E-4,7.349312225065074E-4,0.0012929256722274919,3.3025760081856095E-4,8.317004642329997E-4,0.0010079525623187383],[0.017932948552842592,0.01526750833520856,0.01765604736939917,1.0,0.01687130205282642,0.059163371795764,0.019935871638513656,0.011728575443087134,0.008889038637766257,0.009093027139348597,0.02079680283362397,0.00899177373102449,0.018528263498584482,0.016207218827938248,0.018065632150591305,0.007259501149034774,0.008851389982128506,0.005173388561938755,0.015929801855533998,0.019044862403222906,0.016251273590379346,0.011437026272487322,0.01298008509816985,0.0202702053277609,0.019157546972181,0.005619489985331101,0.02125345722360056,0.01419811244639054,0.0067145453952999045,0.002432576776289053,0.002885353826484224,0.004584092164205775,0.014704290539590645,0.015337038770694752,0.019360805201183186,0.0161150182935897,0.015245243086521037,0.010648151489059307,0.021450384053661103,0.016366811969460843,0.003387338994393525,0.020718050521726438,0.01421126832156849,0.00921758366260607,0.021232969109546366,0.016153794352868817,0.004115672491832066,0.010245872741448005,0.007757775079740651,0.011791092732323288,0.017964562372602178,0.01588671859549395,0.005723957625457651,0.017396501413185737],[0.004347931722268167,0.001753700072480755,6.261206594399857E-5,0.01687130205282642,1.0,0.018864178893426047,4.5628029068821595E-4,3.0418220417061253E-5,1.4338660167414642E-4,6.680322855099347E-5,0.006169912949301268,9.438441121101537E-4,5.8067561035116535E-5,2.4701427963140266E-4,0.006625218105349445,9.726317438277864E-4,1.693717869269633E-5,1.7353375766042148E-5,1.9618896650761405E-5,0.013715872966598075,8.261826417909391E-4,2.030167734824146E-5,1.4745138813714175E-4,0.0035771839996646517,3.0631085518800045E-4,1.821569595717648E-4,9.182667584467304E-5,8.99006571707066E-5,1.4029912236279856E-4,6.808604037084002E-5,4.141263670551874E-4,2.760102773001699E-4,9.005258322470494E-5,1.6891517507410366E-4,8.303146995144089E-4,1.712928381468311E-4,8.82949768013264E-5,1.4932903668385835E-5,0.010682788062379588,4.198679703426573E-5,0.002139057868390311,8.573077075536535E-5,2.597602188133865E-4,1.418535037436583E-5,1.317839533576306E-5,2.2971525368203978E-4,2.7944418229167812E-5,1.4592600185938347E-4,2.0318258378741285E-5,4.4773090338661337E-4,0.0013875597412750646,1.1209227826961365E-4,3.923562505818346E-4,0.008220399692114928],[0.06835652942261852,0.04940864383260994,0.03515758821093775,0.059163371795764,0.018864178893426047,1.0,0.045360736285217834,0.0028134868103623168,0.016166518260629585,0.006218529541664632,0.031157249257279043,0.03950216334174873,0.01619314695191178,7.249604442146639E-4,0.04573924863107228,0.0815002820374324,0.07658884731166525,0.014178389305878497,0.06880733133407439,0.04567184133032258,0.032497427122487495,0.0201964176323732,0.03860953367228594,0.009279180680362448,0.010745275834142249,0.006517228159676107,0.05655179190584594,0.08026405965233514,0.04200680326934098,0.060431009171124844,0.03515130897550327,0.052220573054640784,0.02184839746279653,0.004084452012297439,0.03848493533863468,0.06994221335061661,0.021563455281609856,0.07895714971924958,0.024905236518420772,0.03866321021498512,0.05150796118553555,0.08043668011678404,0.06670873504613851,0.041796901493066446,0.05091798406694025,0.058617747802309356,0.0510056680428226,0.05390800301929451,0.0032453080817183093,0.07200184933092754,0.021804393004887467,0.032456294336969026,0.06636440579846245,0.02038195978680489],[0.001588217221697972,0.0020519191938811582,9.831077002523956E-4,0.019935871638513656,4.5628029068821595E-4,0.045360736285217834,1.0,4.287719554792402E-4,0.0014345772231719985,6.041562542604736E-4,0.007646274767032827,0.0015702032905713134,0.0010452795966852915,0.0012279985915738334,0.005510407211267128,0.0010885844176213722,2.368517017003186E-4,0.0011289414445062645,0.0012744938376169938,0.011777052529736102,0.0013629767995313965,9.341791568701665E-4,0.0014024543956773366,0.0017277451237215481,9.777059635735163E-4,5.256221140451413E-4,5.641743261595581E-4,8.5880685391446E-4,0.0011809671357182517,7.622110739303186E-4,0.001400183899704983,4.17245380716383E-4,6.953509424412121E-4,5.360061617991905E-4,0.0015114352299271895,0.0019913830569178344,0.0013045944762226501,5.977086459994736E-4,0.005053897377191722,9.076191471536559E-4,0.0018508066081806794,0.0010061503982472437,0.005262738164660669,0.0011167684154512881,1.8219542350334823E-4,0.0014045969986847618,9.686349343038156E-4,8.793675907043924E-4,0.0012251676785789154,0.0013233887609402969,0.0013929986572477414,0.0012762103818391986,9.846331794336827E-4,0.004267295065797433],[6.622783392581945E-4,0.0013522771333040213,3.114606950874732E-4,0.011728575443087134,3.0418220417061253E-5,0.0028134868103623168,4.287719554792402E-4,1.0,3.1691375391016644E-4,3.226705815904404E-4,7.023425659841029E-4,0.0011881830584865418,1.8596929826175963E-4,4.6320922497298546E-4,0.010848667543941965,9.359785878703913E-4,6.979130486958426E-5,6.503141765322389E-5,1.2286943490611132E-4,0.004735507593845971,4.943044208924045E-4,8.507834232679624E-5,8.336625318908416E-4,0.003543826142609218,2.5002611728149445E-4,1.7595630011768294E-4,1.4416152395002368E-4,1.4823029940910944E-4,1.5552812389590817E-4,1.335007545840823E-4,0.0012012926224738106,3.123545788846526E-4,1.658812903823544E-4,2.719032475632768E-4,0.0014215648828145614,0.0011481105972141919,4.979209568406896E-4,9.089724016489785E-5,0.021353697119141063,1.613615090603266E-4,0.002080129154017917,2.596352019721435E-4,0.007281898368953153,1.1926111544711233E-4,1.4628420603522363E-4,7.421818106187149E-4,1.1423268715545306E-4,1.6748951935943333E-4,1.2802572045510555E-4,5.793419248410032E-4,0.0014136313026805022,1.5232926710043268E-4,7.262317967242279E-4,0.005300532507455424],[0.0069918146804175746,0.0024080775726423908,0.0013270527750975983,0.008889038637766257,1.4338660167414642E-4,0.016166518260629585,0.0014345772231719985,3.1691375391016644E-4,1.0,3.440038535231489E-4,0.004827862871541707,0.002332499833955245,3.4617916202538503E-4,0.0011406856799042052,0.008074275003430238,0.0012171279581839512,0.0013822693502040983,0.0016572104945030328,0.0012036306313136134,0.005813626135284137,0.0017306064774786775,0.0021749369848173957,0.0019159542830613266,0.0036469093418623937,0.002126387066994441,0.002375529713156968,4.942551351239435E-4,6.502951616896702E-4,2.3647881558981187E-4,0.001329252357938993,0.0023147215879677084,0.0019778752702071713,5.211292969058855E-4,0.0013116801541051438,0.002433859409235498,0.002419442052979588,0.001954183035180043,0.0018092977718318353,0.003262112236968047,0.0012538193403231657,0.0024865643920876437,0.0017240796960428465,0.007842586287503043,0.0020413478677374134,0.001180092896720272,0.0021020769153695116,4.4154701223598656E-4,0.0012080743002755748,0.0020548711471694973,0.001221702223479666,0.0018254353979992887,0.001590147711712093,0.002079000636099116,0.0065263013461506906],[0.006534907652099672,0.001261053978218113,3.416704894106766E-4,0.009093027139348597,6.680322855099347E-5,0.006218529541664632,6.041562542604736E-4,3.226705815904404E-4,3.440038535231489E-4,1.0,0.00830941075604686,9.783078115941472E-4,2.4836630562314075E-4,3.50593259481893E-4,0.006484693051093903,8.841528342336695E-4,4.1143407043323264E-5,8.17402401352868E-5,8.823481160731159E-5,0.007312277715265717,7.638338397365723E-4,2.498743620535002E-4,7.205071351640074E-4,6.946144725516351E-4,3.643400852177518E-4,2.693619588428594E-4,3.133981372530106E-4,2.3110948256865936E-4,3.1067122891614087E-4,2.5675349819490295E-4,3.7175330716343125E-4,3.365161591898675E-4,2.6608151425048187E-4,3.2770607369755336E-4,0.0013239763670923551,4.25502051397586E-4,4.469422897820747E-4,2.472813440616388E-4,0.021371142773363966,2.1073176838635262E-4,0.0014540231072018713,4.969126967333092E-4,0.007271572325799948,1.383333129160383E-4,1.5473719418973965E-4,3.405275241689729E-4,2.875797440792359E-4,2.3353946987187774E-4,3.149023001414782E-5,5.492324998652388E-4,4.2987650284878983E-4,2.0547666392118225E-4,6.802535882634454E-4,0.0023651934598825294],[0.010638297872340425,0.006941371493685957,0.005116475737268488,0.02079680283362397,0.006169912949301268,0.031157249257279043,0.007646274767032827,7.023425659841029E-4,0.004827862871541707,0.00830941075604686,1.0,0.0075659972805150605,0.004886728575745132,0.0025402693186127403,0.01160225472583777,0.007941096251542027,0.007865480527055033,5.720990079946102E-4,0.0034291131436889645,0.012127101183438087,0.0076940762474342755,0.0020061832192153576,0.005871828593238416,0.004870846593344476,0.010002980209043172,0.004740007611233831,0.010572887816666687,0.001891647767603782,0.008222306473576392,0.006789922107461912,0.008653088260861906,0.010096629678415668,0.0029817804397560075,0.0012783262984891013,0.007044196274754092,0.0063670323525739855,0.001397851506679675,0.0059355110611220155,0.01795082001488181,6.557095832163242E-4,0.008163386804363291,0.005148805087349174,0.010616848394952109,0.009162396989316375,0.0018353701693065612,0.010160011342463079,0.0030036254551198205,0.0068466604622145185,0.001404493669954181,0.008442161034264593,0.0021126845799910904,3.124682179581961E-4,0.0010392528849243765,0.01092464099554406],[0.00947482875351101,0.0019000737208530018,0.0010080569498410615,0.00899177373102449,9.438441121101537E-4,0.03950216334174873,0.0015702032905713134,0.0011881830584865418,0.002332499833955245,9.783078115941472E-4,0.0075659972805150605,1.0,8.903139668489606E-4,0.0013896969525093478,0.011579263903346433,0.0014612107538140612,6.822366169209517E-4,0.001148929888937345,0.0013464399608692054,0.012904657627292518,0.0016198716221297138,8.373543838451176E-4,0.001554858774541392,0.0017688210000888936,0.0014749908117459632,9.495021029712173E-4,0.0014116727875026643,0.0010169560304301656,6.4372461137311E-4,0.0010968119605770927,0.0016135650502752093,5.993773984406738E-4,3.2564420470032954E-4,0.001248194783367625,0.0018493066857633703,0.0018026343856018582,0.0012747508958361952,5.409387108024738E-4,0.00841467742292716,0.001190286253326844,0.0017843402626201567,0.0014238519449438743,0.007763295502707277,9.853147069443628E-4,4.024225590983129E-4,0.0014743858820552027,3.71406873451155E-5,5.830699509212275E-4,0.0015121826758519557,0.00103153545175233,0.0015297024434926428,5.746529637395205E-4,0.001581417905967296,0.00570921290392873],[0.010300397948569845,0.001115155315452835,2.2759377334538323E-4,0.018528263498584482,5.8067561035116535E-5,0.01619314695191178,0.0010452795966852915,1.8596929826175963E-4,3.4617916202538503E-4,2.4836630562314075E-4,0.004886728575745132,8.903139668489606E-4,1.0,4.6493230972442166E-4,0.00784207711259649,8.144601125568334E-4,1.702161386861017E-4,5.398239225730815E-5,7.20374183133755E-5,0.002140764578122159,0.0012093848564426039,1.4666967679456043E-4,9.118512220122611E-4,0.003366918464670178,2.6259890152847395E-4,2.0316817588937584E-4,1.0174892268378973E-4,1.2575211320766614E-4,1.875284184865212E-4,1.6890768476800124E-4,0.0012625215768800918,3.699791988614699E-4,1.767168499182096E-4,2.182555021226691E-4,0.001964673544636419,0.0017261976113479493,0.0011195260870754961,4.202750587956155E-5,0.0076590852426088925,1.930033926547806E-4,0.002071582915158471,2.438310078876272E-4,0.010155361209127297,1.4623773157358845E-4,1.5689436570582262E-5,2.248303810912202E-4,1.6226335315125214E-4,1.9372586917699801E-4,1.6571678174299133E-4,8.074796863274843E-4,0.0014002143255661824,1.6460009783084514E-4,2.63177192393522E-4,0.005857546072713603],[0.009383188247412305,0.0015180749056984476,5.321419925676244E-4,0.016207218827938248,2.4701427963140266E-4,7.249604442146639E-4,0.0012279985915738334,4.6320922497298546E-4,0.0011406856799042052,3.50593259481893E-4,0.0025402693186127403,0.0013896969525093478,4.6493230972442166E-4,1.0,0.0029198246283920143,7.231464524711474E-4,2.1265251840368532E-4,4.8593521036521754E-4,2.4229363504141575E-4,0.010034487884985163,0.001331529366534856,2.1531274174944897E-4,0.0010171846448069058,0.0033490316040842493,4.6867761760354743E-4,4.3252136483077367E-4,3.420953874226243E-4,4.7292379930201757E-4,3.167168177881486E-4,2.746065714955542E-4,0.0015304707370050372,4.2127259424167837E-4,3.8873146935355994E-4,3.4408524752114583E-4,8.168072697089929E-4,0.0016156946038604863,6.494211360813764E-4,4.6534804021895797E-4,0.011958799819710358,4.049074664417247E-4,0.001886223957649721,5.406553704544643E-4,0.008123659664323017,4.1450650199153827E-4,2.7862905859881885E-4,7.863226126920725E-4,9.299250917148481E-5,4.891958425494374E-4,3.389321596877371E-5,8.145478127537492E-4,0.0012037894012792306,4.601789387604218E-4,9.748700837279797E-4,0.0010736443934180277],[0.011131272691752661,0.002402643974612656,0.008520847108471457,0.018065632150591305,0.006625218105349445,0.04573924863107228,0.005510407211267128,0.010848667543941965,0.008074275003430238,0.006484693051093903,0.01160225472583777,0.011579263903346433,0.00784207711259649,0.0029198246283920143,1.0,0.008848102787035255,0.008688277548690233,0.001637852219546916,0.01017875472941191,0.01192721816219377,0.0037526423976411627,0.0033425457541790826,0.004534212907627551,0.011635674737985994,0.008364385356583263,0.00832164268456207,0.003682657038327028,5.453905136645593E-4,0.0025586781039051384,0.001874954950085625,0.005303126295409256,0.008112953208549553,0.009089750915396235,0.008564769706945889,0.007839460919865066,0.002073446736381173,0.011497512575401466,3.7487364308460663E-4,0.02129297079934336,0.0014364497860604726,0.010010377914099134,0.007486759447474637,0.010825518846768217,0.008274572311221527,0.0068425020743881106,0.0049108584064327405,0.009332226279637588,0.010718634533046566,0.005876261992578607,0.0032761406494407784,0.007854097234388858,0.010058927304580833,0.0012259515761182528,0.011329986467607286],[0.005365098666357192,0.0017535089891366515,9.232617203569727E-4,0.007259501149034774,9.726317438277864E-4,0.0815002820374324,0.0010885844176213722,9.359785878703913E-4,0.0012171279581839512,8.841528342336695E-4,0.007941096251542027,0.0014612107538140612,8.144601125568334E-4,7.231464524711474E-4,0.008848102787035255,1.0,1.5625328739440067E-4,5.269689149704119E-4,2.9070645846399816E-4,0.010433458852770028,0.0012125035521008635,5.647785694206544E-4,0.0013373709059307634,0.0017135880742563008,4.451880264834983E-4,7.406822873875624E-4,6.29898593485217E-4,1.8713068556997262E-4,4.5481554997368873E-4,1.8650563955936814E-4,0.001108685118101146,4.7560929253813916E-4,3.6908146107057343E-4,4.8055323738820126E-4,0.0019129118763256828,0.0013427107954849962,0.001249301940743326,9.550596935636016E-4,0.018105215286475775,5.988082864483847E-4,0.002393080056788716,8.667908103517178E-4,0.0027762372420056117,7.24133598604408E-4,6.020220926771605E-4,0.0013935365255846777,3.4663271267396643E-4,0.0010220489743068145,2.1479832969692597E-4,9.635202355663006E-4,0.0011616971577514373,2.636062925717685E-4,0.001011411072335648,0.0020623923351975443],[0.005722264615101569,0.001597966497454018,5.33059203830491E-4,0.008851389982128506,1.693717869269633E-5,0.07658884731166525,2.368517017003186E-4,6.979130486958426E-5,0.0013822693502040983,4.1143407043323264E-5,0.007865480527055033,6.822366169209517E-4,1.702161386861017E-4,2.1265251840368532E-4,0.008688277548690233,1.5625328739440067E-4,1.0,1.0414456276563882E-5,1.3334419637822812E-5,0.0036825776080720816,0.0010831655643526923,1.242897760009971E-5,9.55599948855117E-4,8.592807045296209E-4,2.7350365774427585E-4,1.8756530384955782E-4,6.904906212396433E-5,2.0026128811554448E-5,7.62704111077051E-5,1.0054588683970824E-4,2.55457013709209E-4,4.2580032306489056E-5,1.1448470021271971E-4,3.2095037486509374E-4,8.478633085799438E-4,0.0014181425740918251,9.698134444448939E-4,1.343948428035034E-5,0.01850763433389568,1.4517194982314332E-4,0.0018766298996198492,4.0929718866126113E-4,0.003524952118757992,1.2871119686041931E-5,1.24488313781233E-5,0.0013178239947272236,3.4994936701402875E-5,8.842734751470859E-5,1.1952269340432302E-5,4.6261048898182066E-4,4.606799270618763E-4,1.4718076645555103E-4,2.654731710704859E-4,0.007476960562394907],[3.674723891494065E-4,1.6266499515664773E-4,4.17594828970765E-4,0.005173388561938755,1.7353375766042148E-5,0.014178389305878497,0.0011289414445062645,6.503141765322389E-5,0.0016572104945030328,8.17402401352868E-5,5.720990079946102E-4,0.001148929888937345,5.398239225730815E-5,4.8593521036521754E-4,0.001637852219546916,5.269689149704119E-4,1.0414456276563882E-5,1.0,1.182612533798909E-5,0.012185341807653417,2.966384984713906E-4,1.0213649345575E-5,0.0011393906636273288,0.0014137763611788501,2.6165328279302455E-4,7.582496803140709E-5,3.6422432315657195E-5,4.696882058656998E-5,1.3483267187836516E-4,1.4886226687213257E-5,0.0012574761216793617,1.3422432696903606E-4,1.370270869081574E-4,1.3373790768631943E-4,7.506634531270983E-4,0.001963495424875909,0.0012511785524092962,1.0851614023992552E-5,0.01751300143514143,1.159814020703867E-4,0.0016372246201076552,4.499936064680865E-4,0.0017580057046172265,1.228722520137914E-5,1.1714123074799865E-5,2.829258239651194E-4,1.825536094290199E-5,4.156988782770381E-5,1.138154823890696E-5,1.4584022488172587E-4,6.493183353217319E-4,1.2869887969015913E-4,6.406613091493685E-4,0.006946613060138106],[0.009669189418798846,8.643722025232309E-4,3.9679909857659305E-4,0.015929801855533998,1.9618896650761405E-5,0.06880733133407439,0.0012744938376169938,1.2286943490611132E-4,0.0012036306313136134,8.823481160731159E-5,0.0034291131436889645,0.0013464399608692054,7.20374183133755E-5,2.4229363504141575E-4,0.01017875472941191,2.9070645846399816E-4,1.3334419637822812E-5,1.182612533798909E-5,1.0,0.00229383325397638,0.001436496226725661,1.2426689411415054E-5,0.001234236771101998,0.0014579542685756986,2.7098486309691888E-5,2.7509826860296494E-5,3.9371247932954426E-5,8.904721290387064E-5,1.0409623686150426E-4,1.1148616545078148E-4,5.648487247744117E-4,1.278728853893011E-4,4.495790847795959E-5,2.3054686758733068E-4,7.289612284857951E-4,3.045895171790409E-4,9.29224290076793E-4,1.4033045939716621E-5,0.014578686448627455,1.2027509693988641E-4,0.0010774101736210366,2.888248825334979E-4,0.00991545362364512,1.296583615717739E-5,1.3789801898777139E-5,4.0325966676584886E-4,3.57166258997075E-5,2.9726461985190005E-5,1.2567555596729822E-5,8.239652999443313E-4,5.268087065667993E-4,5.9158408982254264E-5,3.6946730131844513E-4,0.0010077251106540006],[0.013388599511804863,0.010639627478194249,0.012714747883875877,0.019044862403222906,0.013715872966598075,0.04567184133032258,0.011777052529736102,0.004735507593845971,0.005813626135284137,0.007312277715265717,0.012127101183438087,0.012904657627292518,0.002140764578122159,0.010034487884985163,0.01192721816219377,0.010433458852770028,0.0036825776080720816,0.012185341807653417,0.00229383325397638,1.0,0.004856174983883538,0.006343198218363344,0.007821029814416505,0.011856489572033412,0.002051508462242484,0.003583258781731491,3.8804739176131103E-4,0.009046649063673444,0.009207691374988445,0.005890360116310353,0.008267606330858285,0.013327636291479204,0.008675851457837414,0.0019234282139424,0.013515589299690635,0.007751525621983259,0.001631950963718824,0.007088706567550671,0.020366970467373423,0.009908236346583898,0.005646672947562867,0.0018701498306231091,0.010686382140917473,0.012189956792625783,0.00566349672706843,0.0074306379560289074,2.732229325918479E-4,0.004647635386369769,0.008547743084339693,0.006914719763543362,0.002212855611800288,0.012810660761050566,0.013123267047913001,0.013150201900952615],[0.004589157260221715,0.0016504777550644906,9.692233980024998E-4,0.016251273590379346,8.261826417909391E-4,0.032497427122487495,0.0013629767995313965,4.943044208924045E-4,0.0017306064774786775,7.638338397365723E-4,0.0076940762474342755,0.0016198716221297138,0.0012093848564426039,0.001331529366534856,0.0037526423976411627,0.0012125035521008635,0.0010831655643526923,2.966384984713906E-4,0.001436496226725661,0.004856174983883538,1.0,0.001005607003639474,0.001596478501361054,0.0019282312553682267,0.0010280643941179839,2.653965213616716E-4,0.0011680884612815816,5.911709529494539E-4,0.0013168836127028737,3.403475714499472E-4,0.0016031594179586244,8.425988788641832E-4,6.357753681643246E-4,0.001500848289132941,0.0019598319056123624,0.001896916452359418,0.0015099446205442558,5.536937780522632E-4,0.02173623990371927,9.280903074635184E-4,0.001828587078560239,8.001458707304909E-4,0.010403669308557994,9.777367256778802E-5,1.0296000870391348E-4,0.0015170003962623403,0.0015491979483039727,2.25175802237583E-4,5.630838440196976E-4,0.0011332240036310607,0.0015936149244480558,3.5201488177487826E-4,0.0010130818136131683,0.007779429389963748],[0.01063590592925588,4.8427998815450137E-4,2.9392497764456056E-4,0.011437026272487322,2.030167734824146E-5,0.0201964176323732,9.341791568701665E-4,8.507834232679624E-5,0.0021749369848173957,2.498743620535002E-4,0.0020061832192153576,8.373543838451176E-4,1.4666967679456043E-4,2.1531274174944897E-4,0.0033425457541790826,5.647785694206544E-4,1.242897760009971E-5,1.0213649345575E-5,1.2426689411415054E-5,0.006343198218363344,0.001005607003639474,1.0,6.024179407861832E-4,0.0021130391487763625,1.8906555851701013E-4,1.4477646891335794E-5,9.889247356589887E-5,7.719272772455182E-5,8.956226433208786E-5,6.758393665299099E-5,1.4486471534653768E-4,1.0690450693275974E-4,5.422353894025034E-5,8.46120404922878E-5,0.0015873272431211588,0.0020121443618008857,6.585043837163618E-5,1.3050135011672674E-5,0.018019985395500936,7.426866588696098E-5,3.231228729458535E-4,1.755973311976105E-4,5.334017425848086E-4,1.2416225338490188E-5,1.222437111170143E-5,0.0010607192663144693,1.4850210531825251E-5,1.4783084673638768E-4,1.2120829512771991E-5,5.946748488690265E-4,8.38821133757677E-4,8.787542839445482E-5,2.0063835929016974E-4,0.00962615147145265],[0.0030665241552975935,0.001751042345698838,0.0011635961506771936,0.01298008509816985,1.4745138813714175E-4,0.03860953367228594,0.0014024543956773366,8.336625318908416E-4,0.0019159542830613266,7.205071351640074E-4,0.005871828593238416,0.001554858774541392,9.118512220122611E-4,0.0010171846448069058,0.004534212907627551,0.0013373709059307634,9.55599948855117E-4,0.0011393906636273288,0.001234236771101998,0.007821029814416505,0.001596478501361054,6.024179407861832E-4,1.0,0.0024204063891298537,0.001183653821345525,0.0014196199845863567,3.4066425716350855E-4,9.015235911519526E-4,3.727306674861555E-4,0.0011907122037096867,0.0015711450893102481,0.0013508346310320842,0.0013347959431379954,0.00109609230437558,0.0018889761887949763,0.0018824201976758508,0.0013903709340596158,0.0014078779433762056,0.018703818470113574,9.696875544444181E-4,0.0019783131507202546,9.424732341681095E-4,0.0036118312089859815,5.347529571635536E-4,0.0012102355113524973,0.0014533178940956853,5.385015007917095E-4,0.0012983806111530026,6.10839106056745E-4,0.0013700195553053704,0.0015069029442524723,0.0014037917055146278,0.0010241332370327506,0.00815009937459706],[0.004560337131338898,0.002543825000033909,0.002097780676114807,0.0202702053277609,0.0035771839996646517,0.009279180680362448,0.0017277451237215481,0.003543826142609218,0.0036469093418623937,6.946144725516351E-4,0.004870846593344476,0.0017688210000888936,0.003366918464670178,0.0033490316040842493,0.011635674737985994,0.0017135880742563008,8.592807045296209E-4,0.0014137763611788501,0.0014579542685756986,0.011856489572033412,0.0019282312553682267,0.0021130391487763625,0.0024204063891298537,1.0,0.0010454412857784973,0.0020941851389980814,3.997837006624495E-4,0.003591404060661851,0.0031034292965253377,0.003220289662008766,0.0034986938669276818,0.001219857467154438,0.0015284987824216974,0.0023399439897603446,0.0035832475461222116,0.002272846826587264,0.0026954351824129527,0.0017905974360343344,0.01594015616991669,0.0015306825264591556,0.0026520490958919763,0.0010634211609960185,0.00982569221515347,0.0015575562041951834,0.0011496842701848463,0.0022171394048795365,0.0016826306525082808,0.0010414974014977627,1.591946676431906E-4,0.0016177821535242835,0.0016920976242302795,3.9780039049640064E-4,0.0010017041324670837,0.007920403363184558],[0.0049368693597859805,7.294958428439768E-4,4.409975205229277E-4,0.019157546972181,3.0631085518800045E-4,0.010745275834142249,9.777059635735163E-4,2.5002611728149445E-4,0.002126387066994441,3.643400852177518E-4,0.010002980209043172,0.0014749908117459632,2.6259890152847395E-4,4.6867761760354743E-4,0.008364385356583263,4.451880264834983E-4,2.7350365774427585E-4,2.6165328279302455E-4,2.7098486309691888E-5,0.002051508462242484,0.0010280643941179839,1.8906555851701013E-4,0.001183653821345525,0.0010454412857784973,1.0,2.371446961270732E-4,3.393359251726771E-4,1.587793738791374E-4,1.9578116288456954E-4,1.5191552895679712E-4,0.001342546079339478,4.0652183986817324E-4,3.063557225321586E-4,3.390842160162342E-4,0.0010803578751303984,0.001363685235733674,5.679232775518319E-4,3.7717287027685633E-4,0.018496277256913086,2.0926256299732066E-4,8.52324712046449E-4,4.480215774758047E-4,0.007847182374355104,1.1576278588160344E-4,1.018536333149738E-4,9.54111918730941E-4,7.616278885050191E-5,3.2681176445395943E-4,3.279642469521321E-4,6.306164525541225E-4,6.276972136973365E-4,2.2943301918198816E-4,4.9259157459423E-4,0.006204648907093018],[0.009624324583891135,4.0449866945955457E-4,5.02473430659575E-4,0.005619489985331101,1.821569595717648E-4,0.006517228159676107,5.256221140451413E-4,1.7595630011768294E-4,0.002375529713156968,2.693619588428594E-4,0.004740007611233831,9.495021029712173E-4,2.0316817588937584E-4,4.3252136483077367E-4,0.00832164268456207,7.406822873875624E-4,1.8756530384955782E-4,7.582496803140709E-5,2.7509826860296494E-5,0.003583258781731491,2.653965213616716E-4,1.4477646891335794E-5,0.0014196199845863567,0.0020941851389980814,2.371446961270732E-4,1.0,2.0520720222667876E-4,1.2888542539127705E-4,1.9825272106727067E-4,1.6412933310012398E-4,0.0014189245769049526,2.7507751041679583E-4,1.9144010727274483E-4,3.08432731155601E-4,0.0013615639476511306,0.0011856510474423498,0.00101636038483351,1.487832112567115E-4,0.013317945381363865,1.8931618204791047E-4,0.0017500151528988196,2.749589939545051E-4,0.007624085056634511,8.293026510537408E-5,1.6230691332415228E-4,4.6367509890264083E-4,1.1759508079495773E-4,2.2033737143501038E-4,1.1762722815745552E-4,3.815649950722617E-4,2.6070193500282534E-4,1.8350370562702858E-4,9.176717734725786E-4,0.007946211905064551],[0.008481194080434247,7.528350912670334E-4,4.1404358999076827E-4,0.02125345722360056,9.182667584467304E-5,0.05655179190584594,5.641743261595581E-4,1.4416152395002368E-4,4.942551351239435E-4,3.133981372530106E-4,0.010572887816666687,0.0014116727875026643,1.0174892268378973E-4,3.420953874226243E-4,0.003682657038327028,6.29898593485217E-4,6.904906212396433E-5,3.6422432315657195E-5,3.9371247932954426E-5,3.8804739176131103E-4,0.0011680884612815816,9.889247356589887E-5,3.4066425716350855E-4,3.997837006624495E-4,3.393359251726771E-4,2.0520720222667876E-4,1.0,1.017320116344556E-4,1.5897055987644857E-4,1.0176213111817133E-4,0.0014867012588619232,3.9069916092126903E-4,1.2885814373600384E-4,1.1930075215160155E-4,3.6119890940637786E-4,0.0010018400412986936,2.511022130256774E-4,9.577098399933838E-5,0.00683604140971945,1.2159559038320332E-4,8.213100721352519E-4,4.755070951232687E-4,0.00901862592698656,9.499649573461765E-5,9.69064197828138E-5,8.411748450062721E-4,8.312481968610815E-5,1.7027558393360102E-4,2.170910577302935E-5,4.8504201339753496E-4,0.0013942075725191152,1.1849418502770835E-4,3.28941122351704E-4,0.006169761517729521],[0.0016108540031059616,3.907156750992685E-4,4.71342935755717E-4,0.01419811244639054,8.99006571707066E-5,0.08026405965233514,8.5880685391446E-4,1.4823029940910944E-4,6.502951616896702E-4,2.3110948256865936E-4,0.001891647767603782,0.0010169560304301656,1.2575211320766614E-4,4.7292379930201757E-4,5.453905136645593E-4,1.8713068556997262E-4,2.0026128811554448E-5,4.696882058656998E-5,8.904721290387064E-5,0.009046649063673444,5.911709529494539E-4,7.719272772455182E-5,9.015235911519526E-4,0.003591404060661851,1.587793738791374E-4,1.2888542539127705E-4,1.017320116344556E-4,1.0,1.2365705211730537E-4,1.0482219993500735E-4,6.568639104907643E-4,2.832394340212998E-4,1.6141781406094302E-4,2.2120005684147061E-4,0.0011853538283513692,7.783231040877514E-4,5.858579438490738E-4,7.781902208157182E-5,0.003702455371544938,1.471805258291366E-4,0.0012790588179387135,3.1507413936819297E-4,0.005360515077992025,5.569805454928685E-5,7.17966133995034E-5,3.33617146094873E-4,5.927472331737934E-5,1.408705791434897E-4,5.194073916523066E-5,5.77086058319376E-4,7.48741440547916E-4,1.2853150274017044E-4,1.4009790759453547E-4,0.006426318742152619],[0.0038665177108413392,0.0012773556484707836,4.771835425072296E-4,0.0067145453952999045,1.4029912236279856E-4,0.04200680326934098,0.0011809671357182517,1.5552812389590817E-4,2.3647881558981187E-4,3.1067122891614087E-4,0.008222306473576392,6.4372461137311E-4,1.875284184865212E-4,3.167168177881486E-4,0.0025586781039051384,4.5481554997368873E-4,7.62704111077051E-5,1.3483267187836516E-4,1.0409623686150426E-4,0.009207691374988445,0.0013168836127028737,8.956226433208786E-5,3.727306674861555E-4,0.0031034292965253377,1.9578116288456954E-4,1.9825272106727067E-4,1.5897055987644857E-4,1.2365705211730537E-4,1.0,1.4418148914141315E-4,0.0010169039248947695,1.6183180833258493E-4,1.6825039291424893E-4,2.205743225021572E-4,9.874405506041216E-4,0.001430101791569092,7.537855396865178E-4,1.165101011508263E-4,0.002282337021155522,1.7522333897861036E-4,0.0016077703138285084,2.683013936334224E-4,0.0070136059531959285,5.3931392734752145E-5,1.2444918975803773E-4,0.0013892968148985255,9.710732122116577E-5,1.8478929075908706E-4,1.5416884041896626E-4,2.5324269994641613E-4,0.0015200453989606187,1.5864235396532256E-4,7.83569915381673E-4,0.008255663299671064],[0.005294034348492091,9.227713667601434E-4,3.6902351539957085E-4,0.002432576776289053,6.808604037084002E-5,0.060431009171124844,7.622110739303186E-4,1.335007545840823E-4,0.001329252357938993,2.5675349819490295E-4,0.006789922107461912,0.0010968119605770927,1.6890768476800124E-4,2.746065714955542E-4,0.001874954950085625,1.8650563955936814E-4,1.0054588683970824E-4,1.4886226687213257E-5,1.1148616545078148E-4,0.005890360116310353,3.403475714499472E-4,6.758393665299099E-5,0.0011907122037096867,0.003220289662008766,1.5191552895679712E-4,1.6412933310012398E-4,1.0176213111817133E-4,1.0482219993500735E-4,1.4418148914141315E-4,1.0,2.3894885846609688E-4,3.943153553291604E-4,1.4562628897682147E-4,1.530418173118941E-4,0.0016826855965524823,0.0014220589885907636,4.229234399344278E-4,5.3999833575373145E-5,0.008318436298884372,1.6685661649110914E-4,0.0017339184212640019,3.52907818165133E-4,0.001356378290440486,8.881063688902605E-5,1.0240230429612083E-4,8.073094013257784E-4,6.510305951156294E-5,1.7926726965282003E-4,5.983587050455917E-5,3.8440889399077934E-4,0.0012882174699987,1.3304677837296935E-4,9.079912505661914E-4,0.008516557450335364],[0.004854472219202974,0.001988659073906901,8.351808480833505E-4,0.002885353826484224,4.141263670551874E-4,0.03515130897550327,0.001400183899704983,0.0012012926224738106,0.0023147215879677084,3.7175330716343125E-4,0.008653088260861906,0.0016135650502752093,0.0012625215768800918,0.0015304707370050372,0.005303126295409256,0.001108685118101146,2.55457013709209E-4,0.0012574761216793617,5.648487247744117E-4,0.008267606330858285,0.0016031594179586244,1.4486471534653768E-4,0.0015711450893102481,0.0034986938669276818,0.001342546079339478,0.0014189245769049526,0.0014867012588619232,6.568639104907643E-4,0.0010169039248947695,2.3894885846609688E-4,1.0,0.001080937711014706,0.0010999960893959648,7.736834518378595E-4,0.0020167488960557544,0.0019004671695258492,0.001446429802154165,0.0013675678214596298,0.011982889336080785,2.962841983313526E-4,0.0019225408483857184,0.001292708009598787,0.00217459043037318,3.7079584190763995E-4,0.0013601999234973488,0.0015183470239294322,0.001428419658911217,9.229162185456524E-4,4.800158762460634E-4,0.0013294382056660242,0.001532172509813998,8.420903645124914E-4,0.0015564283021162778,0.007330968718229312],[0.008368136299245947,0.0010913211465291188,4.286118788379859E-4,0.004584092164205775,2.760102773001699E-4,0.052220573054640784,4.17245380716383E-4,3.123545788846526E-4,0.0019778752702071713,3.365161591898675E-4,0.010096629678415668,5.993773984406738E-4,3.699791988614699E-4,4.2127259424167837E-4,0.008112953208549553,4.7560929253813916E-4,4.2580032306489056E-5,1.3422432696903606E-4,1.278728853893011E-4,0.013327636291479204,8.425988788641832E-4,1.0690450693275974E-4,0.0013508346310320842,0.001219857467154438,4.0652183986817324E-4,2.7507751041679583E-4,3.9069916092126903E-4,2.832394340212998E-4,1.6183180833258493E-4,3.943153553291604E-4,0.001080937711014706,1.0,3.171825334433141E-4,3.559895510248127E-4,4.6003929678100155E-4,7.66761205117918E-4,5.011393389792015E-4,1.515587121264799E-4,0.020907092344229945,2.82313963189581E-4,8.89425877048667E-4,4.976476362653755E-4,0.008820617376573678,4.0328675259859216E-4,1.5473005453364515E-4,0.001379331641821227,6.26802622086629E-5,2.9871023526077743E-4,1.6603235213302384E-4,4.701505484664847E-4,0.0014210954369749543,2.1067616002542496E-4,6.411480228618355E-4,0.009994001299597096],[0.006099578067246615,0.0011395155596971894,5.397010852949524E-4,0.014704290539590645,9.005258322470494E-5,0.02184839746279653,6.953509424412121E-4,1.658812903823544E-4,5.211292969058855E-4,2.6608151425048187E-4,0.0029817804397560075,3.2564420470032954E-4,1.767168499182096E-4,3.8873146935355994E-4,0.009089750915396235,3.6908146107057343E-4,1.1448470021271971E-4,1.370270869081574E-4,4.495790847795959E-5,0.008675851457837414,6.357753681643246E-4,5.422353894025034E-5,0.0013347959431379954,0.0015284987824216974,3.063557225321586E-4,1.9144010727274483E-4,1.2885814373600384E-4,1.6141781406094302E-4,1.6825039291424893E-4,1.4562628897682147E-4,0.0010999960893959648,3.171825334433141E-4,1.0,1.8765497134127094E-4,0.0012254570072666687,2.4424505825959553E-4,6.992467381691529E-4,2.9668830752465125E-5,0.016984887905914053,1.8185633165214557E-4,0.0010260979835970906,1.952828718405091E-4,0.002794735052277468,1.3077686282068795E-4,8.596473530102133E-5,6.012160022271431E-4,7.503559042752552E-5,1.9001641195146856E-4,3.0432480370922788E-5,7.630940358259687E-4,7.563736537492152E-4,1.6265169786642764E-4,4.997845756732143E-4,0.009503794813433485],[0.005299581174733056,0.002105199795098242,4.3900102037913854E-4,0.015337038770694752,1.6891517507410366E-4,0.004084452012297439,5.360061617991905E-4,2.719032475632768E-4,0.0013116801541051438,3.2770607369755336E-4,0.0012783262984891013,0.001248194783367625,2.182555021226691E-4,3.4408524752114583E-4,0.008564769706945889,4.8055323738820126E-4,3.2095037486509374E-4,1.3373790768631943E-4,2.3054686758733068E-4,0.0019234282139424,0.001500848289132941,8.46120404922878E-5,0.00109609230437558,0.0023399439897603446,3.390842160162342E-4,3.08432731155601E-4,1.1930075215160155E-4,2.2120005684147061E-4,2.205743225021572E-4,1.530418173118941E-4,7.736834518378595E-4,3.559895510248127E-4,1.8765497134127094E-4,1.0,0.0017365673490736305,0.0011235626134076734,6.836731053431797E-4,2.5604491080133456E-4,0.019531757440825748,2.065646029027547E-4,0.0011069137436092399,4.248543234079259E-4,0.005542149759029542,5.3104105688174045E-5,1.3353417609655347E-5,5.595721996699503E-4,2.1563071319908206E-4,2.665874274055868E-4,1.4849505174321028E-5,4.290322239428189E-4,0.0011096345889062744,2.718481984743785E-4,3.628962709225794E-4,0.004640342682903606],[0.009882915791375999,0.0020916785038627736,7.611751193672386E-4,0.019360805201183186,8.303146995144089E-4,0.03848493533863468,0.0015114352299271895,0.0014215648828145614,0.002433859409235498,0.0013239763670923551,0.007044196274754092,0.0018493066857633703,0.001964673544636419,8.168072697089929E-4,0.007839460919865066,0.0019129118763256828,8.478633085799438E-4,7.506634531270983E-4,7.289612284857951E-4,0.013515589299690635,0.0019598319056123624,0.0015873272431211588,0.0018889761887949763,0.0035832475461222116,0.0010803578751303984,0.0013615639476511306,3.6119890940637786E-4,0.0011853538283513692,9.874405506041216E-4,0.0016826855965524823,0.0020167488960557544,4.6003929678100155E-4,0.0012254570072666687,0.0017365673490736305,1.0,0.0020547763204234117,0.001984067073754276,6.48863871400844E-4,0.006683341840940151,4.251748535833563E-4,0.0023775436594874037,0.0010759905090061556,0.010299817446726842,0.0013157369361527966,6.211359487312225E-4,0.002016974956196273,3.39770669564303E-4,9.366727797859688E-4,9.769635732793254E-4,0.0017436404768363762,0.0020351085018867317,0.001715247006102685,0.001103773875190704,0.008674526613822398],[0.00501716130260842,0.0021002989199747995,7.840382534575757E-4,0.0161150182935897,1.712928381468311E-4,0.06994221335061661,0.0019913830569178344,0.0011481105972141919,0.002419442052979588,4.25502051397586E-4,0.0063670323525739855,0.0018026343856018582,0.0017261976113479493,0.0016156946038604863,0.0020734467363