[[1.0,0.0014357624727696437,0.002819911548538916,0.016689614453821066,0.0024198202100130417,0.003082724421471749,0.003848398542381706,0.01954088798483839,0.00255384445131581,0.0036383955698894455,0.002424971532720959,0.0012859515929148553,0.001761769283861936,0.001130823432998313,0.0034544848540799967,0.0013869344828947787,0.0017579362875042531,0.0013574843836103828,0.002147098565688666,0.003349462330630013,0.006242769329177581,0.0016860098507212287,0.001104096539205374,0.009664793623208552,0.003936170635599675,0.002221165851237426,0.0018633466790265256,3.3134924897822344E-4,0.002716039486730284,0.001886728050320231,0.05414618466157404,0.002125442158326778,0.002562190532353537,0.013112725422380778,3.739896853624604E-5,0.014080112266736257,1.3680481621617142E-4,0.0028288944066749066,0.001706004504394597,0.0033515046818683196,0.01005166265802882],[0.0014357624727696437,1.0,3.3174956512184743E-4,0.011658145579065539,0.0023016296379199564,5.927059692559604E-4,8.517523904284249E-4,0.008497969139871366,1.7557028084066222E-4,2.1984629063920785E-4,7.385995553305596E-5,1.4510759924763573E-4,1.562475041786418E-4,1.9265115641524782E-4,0.0022104848753130434,1.1752592278403993E-4,1.7702329188963795E-4,1.1659277693678253E-4,1.4955322167292768E-4,0.0011843615701227178,0.011468752996276137,1.6779322874900328E-4,1.8662452868189138E-4,0.008507621373558814,0.0011753261844319645,9.305641310143554E-4,1.5822819986707607E-4,7.396960374768711E-5,1.549590444619426E-4,1.5369233819344382E-4,0.06069421794737096,5.883433852198649E-4,4.078586643569802E-4,0.008778858930352051,1.255799082754565E-4,0.012718642048046513,1.3075514392353604E-4,1.1539287241776047E-4,4.2242612286437416E-4,4.24664302559201E-4,0.0015442985631068723],[0.002819911548538916,3.3174956512184743E-4,1.0,0.015799678151510545,0.001777933240220783,6.866209958134709E-4,0.0027464773543426253,0.019529985395846886,2.931457193961903E-4,6.189497488679034E-4,9.269834351721257E-5,2.1666500353506826E-4,2.827843674220379E-4,3.6700834366103436E-4,0.0022725398201204183,1.5615983461947022E-4,2.458527417166853E-4,2.169334708865702E-4,3.732472981819501E-4,0.0016399739872315082,0.007683871685139532,6.925818496640113E-4,4.198584855015289E-4,0.003007197405783507,0.0011840581389411485,0.001636518690568816,1.515938129757891E-4,3.5521501891838854E-4,1.624457624044873E-4,3.3541595089668305E-4,0.07333558574556634,0.0016490303599155137,0.0021387643155136426,0.003382347912784269,3.7910646012709255E-4,0.014639173615845328,2.209496329043473E-4,1.5817903141832995E-4,7.931196496996091E-4,7.428342899470535E-4,0.0011981904522983186],[0.016689614453821066,0.011658145579065539,0.015799678151510545,1.0,0.0061054909645915385,0.005970311675000658,0.011743009019161641,0.02064303647014521,0.014640628506620434,0.01007207376052769,0.011053494300918069,0.0019301121367006823,0.017228341315993483,0.008363159317953282,0.014067124976320313,0.009565876163653727,0.0038608281926164915,0.00992437200067334,0.009841039610707402,0.004109136189274621,0.018864152249198275,0.017848880434022336,0.007466262738689024,0.013007577707687784,0.011847173366362727,0.010541183270691307,0.014554443430936858,0.0026912266178949307,0.018550746995653664,0.0041498747651861935,0.0575049742443087,0.010584997188361148,0.009061885425715545,0.01663147849993986,0.002500216639157713,0.015597396913230886,0.010870351058060527,0.015164283476262306,0.010475808304910477,0.003484982064859735,0.01896097637701777],[0.0024198202100130417,0.0023016296379199564,0.001777933240220783,0.0061054909645915385,1.0,0.0020275261577762105,0.0038192389264062707,0.0025031053708513386,3.270409204860447E-4,0.0018946983087640196,0.0010435527589410295,3.485913994942434E-4,6.316946551548163E-4,0.001294099181821618,0.0023705626654938424,0.0016760142738511013,0.0010159236313793212,0.0023066210189599994,5.408268231053246E-4,0.0018564764683660219,0.007693916240310636,0.0016589479137139591,9.619822195826541E-4,0.004109220852900078,0.004660838418816161,0.0020351532385338967,1.5083723823232289E-4,0.0013196727275285299,2.241183003097096E-4,0.0011608118480854093,0.045165936032877586,0.001967142650196745,0.002386587127137784,0.003171123942809531,0.0022053411932980533,0.006394160869002463,0.002106390841495776,0.001305187064731332,0.0021520004320467814,0.0014696347566348546,0.013510189185854362],[0.003082724421471749,5.927059692559604E-4,6.866209958134709E-4,0.005970311675000658,0.0020275261577762105,1.0,0.0027413902615382184,0.014920655229336194,2.0196913873587053E-4,0.0010875162980031419,9.835038701136536E-4,0.0016287013294952737,0.0013427428245462363,0.0010279638610460812,0.002302997191319007,1.682288971781395E-4,0.0010657152774534405,0.0013650617914845995,0.0014809652286184318,0.0017843865842392386,0.011373915374087993,0.0011383054689226388,0.0012039537502301107,0.007525048760564837,0.001992150812562152,0.0017697809424418428,0.0015987926135541033,0.0015320033066801564,0.0016956701817035951,0.0017416953281701548,0.023963056729570893,0.0017773909476920442,0.002100288738996178,0.010181550468906701,0.001253025886968465,0.0095538511701284,7.852424267103062E-4,0.0011389671260261796,0.0017825096742650568,0.001359204504651348,0.008167999902897492],[0.003848398542381706,8.517523904284249E-4,0.0027464773543426253,0.011743009019161641,0.0038192389264062707,0.0027413902615382184,1.0,0.015476674116601554,0.0020577824220475906,0.0043453103444164596,0.0023199895166392073,0.0012934380590247942,0.0018528606131999721,0.003965663911371832,0.002367806469007576,0.0011915022869511767,0.0025332165273162233,0.001481740697307236,9.129993321021834E-4,0.0023331381376007973,0.009702652417035761,0.0030762877034569824,0.0027169413817344857,0.010708111909136318,0.004779648513359997,0.003333029857843493,0.003313571417091973,6.217853753779912E-4,0.003804806643026954,0.002615880232476783,0.07971639557980273,0.0025866300643690313,0.003929146541990937,0.0075182590694203855,0.0017045812575720068,0.009606291322784455,0.002164440436933645,0.00105365592982312,0.0025246788562117034,0.0024477862864644355,0.016704272607147304],[0.01954088798483839,0.008497969139871366,0.019529985395846886,0.02064303647014521,0.0025031053708513386,0.014920655229336194,0.015476674116601554,1.0,0.002328281880792537,0.012288993608409897,0.009394760346929279,0.010043214860463353,0.019312422367515902,0.003747273378322349,0.008930493909657777,0.009224719038273196,0.0070186022915755784,0.009250190047902793,0.009242525578207515,0.004352093926933109,0.01897617532624396,0.0074824959919502256,0.020393023235394457,0.014755402139013411,0.01649852357129877,0.010170123214949044,0.01711810471967134,0.0048303894524855335,3.714647568337585E-4,0.0024453311334518015,0.05543696045045743,0.016982211670082497,0.019372891610047682,0.014783801382035276,0.01899919563797902,0.017071816387352744,0.008507672871831162,0.012388825384145565,0.004155493171876008,0.0018115583370745944,0.02055545279865507],[0.00255384445131581,1.7557028084066222E-4,2.931457193961903E-4,0.014640628506620434,3.270409204860447E-4,2.0196913873587053E-4,0.0020577824220475906,0.002328281880792537,1.0,9.791366805074306E-4,7.895602142711E-5,1.259426003486276E-4,1.9083810347024537E-4,2.0359374332481559E-4,0.0015450143315169714,1.3900505768763236E-4,1.9354365373883784E-4,1.3455286638313626E-4,1.8020755845397923E-4,4.8213699436663323E-4,0.006688877567392588,6.8896070303222E-4,2.791365518477781E-4,0.006492144242782712,0.004265036542627594,5.806954435023432E-4,1.599957241196065E-4,1.0853156692124692E-4,1.845043798017794E-4,1.9226751054981578E-4,0.06600460036252105,2.5174931513031584E-4,0.001643897240337683,0.012098968008902677,8.459452907722497E-5,0.0038872427489005028,1.3647829414031236E-4,1.4371919854096584E-4,8.011833902289454E-4,6.949569723483588E-4,0.0014829599796081856],[0.0036383955698894455,2.1984629063920785E-4,6.189497488679034E-4,0.01007207376052769,0.0018946983087640196,0.0010875162980031419,0.0043453103444164596,0.012288993608409897,9.791366805074306E-4,1.0,6.220132952603754E-4,8.238574041013343E-4,2.2543844054147744E-4,4.135600430393592E-4,0.001532267785428614,4.4053149117331787E-4,6.952979719117471E-4,7.266363395160443E-4,8.576003767577876E-4,0.0013831918128464976,0.007512312510195858,0.0010725745151744888,7.849877637818631E-4,0.0026376892651659954,0.004626327346247262,0.0012370952613794959,4.2539310563743986E-4,4.0726159695540537E-4,5.698890243629698E-4,5.231015513144133E-4,0.018034708566048708,0.0013728997214312814,0.0015294974389882914,0.007432561749164874,6.279451896592646E-4,0.008317189726429627,2.732945872793561E-4,5.262650276239394E-4,0.0010352776271286518,0.0010444916923598,0.002811553102221692],[0.002424971532720959,7.385995553305596E-5,9.269834351721257E-5,0.011053494300918069,0.0010435527589410295,9.835038701136536E-4,0.0023199895166392073,0.009394760346929279,7.895602142711E-5,6.220132952603754E-4,1.0,2.1239879194430445E-5,1.2693865222468579E-5,2.223642961912968E-5,0.002032462088583194,1.23531158353089E-5,6.72395787126556E-5,6.253671005834066E-5,5.910303183041691E-5,0.0014339880720542766,0.002827290495833078,5.97714083097251E-4,1.9595310786111767E-4,0.0028971710707483595,4.979166130005985E-4,5.7098404157771406E-5,1.308560937028854E-4,1.8271023876407407E-5,8.05820639939082E-5,8.955849654465314E-5,0.007265539586406862,0.0012712805510267026,8.493364132149025E-4,8.945096551227357E-4,1.3239739584698937E-5,0.008413829448295674,1.8246899874760117E-5,3.944612957701132E-5,6.655484412746475E-5,4.250056642282723E-4,0.012461469874818514],[0.0012859515929148553,1.4510759924763573E-4,2.1666500353506826E-4,0.0019301121367006823,3.485913994942434E-4,0.0016287013294952737,0.0012934380590247942,0.010043214860463353,1.259426003486276E-4,8.238574041013343E-4,2.1239879194430445E-5,1.0,8.595922540265568E-5,1.7209917505702914E-4,9.56024894683326E-4,4.4920798152608855E-5,1.577728650544812E-4,1.1367546257036402E-4,1.1519811511661049E-4,0.0014076356273563413,0.0022203273232933975,0.0010720028997173929,4.3325263960027115E-4,0.010154221382256481,0.004150067340234981,0.0014023198896728072,1.2988847611534714E-4,8.235036322154247E-5,1.2044080988689151E-4,1.3419480468888648E-4,0.0433892842959681,9.470161972634417E-4,0.0015976503284458915,0.010984848693681899,8.083186252819633E-5,0.006593490849607401,9.844484314612714E-5,1.1742983473796415E-4,7.288694727406029E-4,2.677733328195776E-4,0.010041706480213124],[0.001761769283861936,1.562475041786418E-4,2.827843674220379E-4,0.017228341315993483,6.316946551548163E-4,0.0013427428245462363,0.0018528606131999721,0.019312422367515902,1.9083810347024537E-4,2.2543844054147744E-4,1.2693865222468579E-5,8.595922540265568E-5,1.0,2.4094057620207244E-4,6.365095209414413E-5,1.661096078582477E-5,1.6555387805517854E-4,2.9086146845078488E-5,3.721396443299837E-5,1.3257460141009178E-4,9.474770850590624E-4,6.500671906805813E-4,8.241855150531626E-5,0.006228817067717203,0.004807659426708696,7.69112782877161E-4,1.3922185018376665E-4,2.3115610194069174E-5,9.543669556161656E-5,1.34460814023667E-4,0.0018315755706497653,0.0013699892792882412,0.00150596271893602,0.0075485591688046515,1.693027950727124E-5,0.0016429989714318023,1.8245430108386565E-5,8.334279666670715E-5,2.1157352603738162E-4,3.6627571829315656E-4,0.0034628625947879187],[0.001130823432998313,1.9265115641524782E-4,3.6700834366103436E-4,0.008363159317953282,0.001294099181821618,0.0010279638610460812,0.003965663911371832,0.003747273378322349,2.0359374332481559E-4,4.135600430393592E-4,2.223642961912968E-5,1.7209917505702914E-4,2.4094057620207244E-4,1.0,0.002052961996309418,1.0720790146573647E-4,2.0254367488385381E-4,2.411073086678607E-4,1.4035936036013196E-4,0.0015182200032290076,0.007026196933552317,8.389158855499068E-4,2.7899245163766063E-4,0.006291221584085981,7.687228587296704E-4,7.364849714596373E-4,2.1472462802935683E-4,2.248259159442833E-4,2.3600501975140788E-4,2.2467936611112667E-4,0.06968159391585312,5.6037356214222E-4,0.0020424398125745025,0.0034266976520534705,1.0624344346602918E-4,0.004109366078612985,2.3963929701748058E-4,2.0813297326844222E-4,9.658266727038538E-4,6.204230394339697E-4,0.015637556973804596],[0.0034544848540799967,0.0022104848753130434,0.0022725398201204183,0.014067124976320313,0.0023705626654938424,0.002302997191319007,0.002367806469007576,0.008930493909657777,0.0015450143315169714,0.001532267785428614,0.002032462088583194,9.56024894683326E-4,6.365095209414413E-5,0.002052961996309418,1.0,2.896440286611311E-4,5.700374146008575E-4,0.0012780617164401087,0.0013961087979313185,0.0020551548266676415,0.0053035513989022265,0.0014453474162769383,0.0023155834651139274,0.0030355265062394134,0.004349241467906633,0.0019612443409935103,0.002275627517927055,0.0018299478409698438,0.0012121302390185767,5.384230159800374E-4,0.002379246686670812,0.0020570513764580226,0.0023706820203866987,0.007259659828603132,7.374839235187037E-4,0.01089402985267819,4.755154865959864E-4,0.0020936770996052316,0.0015745707838686468,0.002078531414167085,0.0025599708855625833],[0.0013869344828947787,1.1752592278403993E-4,1.5615983461947022E-4,0.009565876163653727,0.0016760142738511013,1.682288971781395E-4,0.0011915022869511767,0.009224719038273196,1.3900505768763236E-4,4.4053149117331787E-4,1.23531158353089E-5,4.4920798152608855E-5,1.661096078582477E-5,1.0720790146573647E-4,2.896440286611311E-4,1.0,5.943542911974741E-5,7.605112683424635E-5,6.545367014157901E-5,0.0015480203624822625,0.005450491672098165,4.4110152817527896E-4,4.0822036951392254E-4,0.006469641608889785,0.0018460256736581072,9.383711899723138E-4,9.681701545729375E-5,1.7664540516523493E-5,4.397811367523661E-5,1.26933468202775E-4,0.0694333823674097,2.1714293632401014E-4,4.620613537633898E-5,0.01090169577687533,1.3432218409500583E-5,0.010506760079371557,1.4588096239670885E-5,1.104283706671599E-4,8.125886066388205E-4,9.712266610926603E-4,0.005028978510532139],[0.0017579362875042531,1.7702329188963795E-4,2.458527417166853E-4,0.0038608281926164915,0.0010159236313793212,0.0010657152774534405,0.0025332165273162233,0.0070186022915755784,1.9354365373883784E-4,6.952979719117471E-4,6.72395787126556E-5,1.577728650544812E-4,1.6555387805517854E-4,2.0254367488385381E-4,5.700374146008575E-4,5.943542911974741E-5,1.0,1.3982919088677699E-4,1.8804438458494143E-4,0.0012885202787095585,0.007347899288863318,7.360099174800427E-4,2.584617649688606E-4,0.0025903660784040634,0.0024862597103850062,0.0010785775896012572,1.9933002945269178E-4,4.602260664451025E-5,1.6414557493750256E-4,1.680472717937852E-4,0.05455065512317815,0.0011433437875571512,0.00190591902811603,0.010685822271790652,4.446634056220927E-5,0.011621682458403556,6.190058627712244E-5,1.5234782455197146E-4,6.633676569239693E-4,3.8303598314402387E-4,0.002872241842017039],[0.0013574843836103828,1.1659277693678253E-4,2.169334708865702E-4,0.00992437200067334,0.0023066210189599994,0.0013650617914845995,0.001481740697307236,0.009250190047902793,1.3455286638313626E-4,7.266363395160443E-4,6.253671005834066E-5,1.1367546257036402E-4,2.9086146845078488E-5,2.411073086678607E-4,0.0012780617164401087,7.605112683424635E-5,1.3982919088677699E-4,1.0,1.03038858137817E-4,0.0017173678418823948,0.0029033493760112863,4.8675720374964394E-4,1.6384742315416688E-4,0.0030439173577850444,9.831400630410422E-4,6.847574949364861E-4,1.264261503823794E-4,9.962892596601375E-5,1.1863085815953461E-4,1.4689675503325145E-4,0.05121290959372432,2.166569308883562E-4,0.001227600735467536,0.010864970365774529,2.6919338143203987E-5,0.003815105552624365,7.544445643110505E-5,1.1295922968017808E-4,8.803006384277708E-4,5.997038822239869E-4,0.002798335999809226],[0.002147098565688666,1.4955322167292768E-4,3.732472981819501E-4,0.009841039610707402,5.408268231053246E-4,0.0014809652286184318,9.129993321021834E-4,0.009242525578207515,1.8020755845397923E-4,8.576003767577876E-4,5.910303183041691E-5,1.1519811511661049E-4,3.721396443299837E-5,1.4035936036013196E-4,0.0013961087979313185,6.545367014157901E-5,1.8804438458494143E-4,1.03038858137817E-4,1.0,0.0015776821976586487,0.00617208730300767,6.697404632865645E-4,2.93836288845571E-4,0.0033376993167139987,0.002559773022237156,0.0011349053218543171,1.1261059410445871E-4,7.897838121812506E-5,1.381372609676771E-4,1.2235977958236833E-4,0.061616416130975446,0.0016566800560279741,0.002148983506941463,0.007900288307281293,5.62351662616794E-5,0.009226007410573096,3.780404901041919E-5,1.1253281873982465E-4,1.7931771524035725E-4,7.053637668853818E-4,0.011130430795406305],[0.003349462330630013,0.0011843615701227178,0.0016399739872315082,0.004109136189274621,0.0018564764683660219,0.0017843865842392386,0.0023331381376007973,0.004352093926933109,4.8213699436663323E-4,0.0013831918128464976,0.0014339880720542766,0.0014076356273563413,1.3257460141009178E-4,0.0015182200032290076,0.0020551548266676415,0.0015480203624822625,0.0012885202787095585,0.0017173678418823948,0.0015776821976586487,1.0,0.009924840137453502,0.0016704175384065416,0.0010609849887853458,0.0027240604800248197,0.00420525641757571,0.001677731423239252,4.979162259445709E-4,6.418957799537407E-4,0.0017327627840858838,7.072446234565797E-4,0.021928171651735797,0.0017705758784241547,0.0023166875126710623,0.002825581365672026,0.0011077776152520165,0.010662957853887822,6.252892603258394E-5,0.0010476119906916185,0.001752083218414028,0.0017467890591163588,0.0087524027189272],[0.006242769329177581,0.011468752996276137,0.007683871685139532,0.018864152249198275,0.007693916240310636,0.011373915374087993,0.009702652417035761,0.01897617532624396,0.006688877567392588,0.007512312510195858,0.002827290495833078,0.0022203273232933975,9.474770850590624E-4,0.007026196933552317,0.0053035513989022265,0.005450491672098165,0.007347899288863318,0.0029033493760112863,0.00617208730300767,0.009924840137453502,1.0,0.004797936235381156,0.011640314434836374,0.011881602341590402,0.006338237460379157,0.00781583177364437,0.010259871100779127,0.00604549367681265,0.005829674855541153,0.00796544560461498,0.06983163223648564,0.0038136975148661562,0.0067941715657007865,0.012969642218498584,0.003617413929628931,0.014658577397689394,0.010605921322397651,0.004920014755389258,0.011073026710296936,0.007645745784389638,0.016154890532556674],[0.0016860098507212287,1.6779322874900328E-4,6.925818496640113E-4,0.017848880434022336,0.0016589479137139591,0.0011383054689226388,0.0030762877034569824,0.0074824959919502256,6.8896070303222E-4,0.0010725745151744888,5.97714083097251E-4,0.0010720028997173929,6.500671906805813E-4,8.389158855499068E-4,0.0014453474162769383,4.4110152817527896E-4,7.360099174800427E-4,4.8675720374964394E-4,6.697404632865645E-4,0.0016704175384065416,0.004797936235381156,1.0,0.0010684654734218228,0.0017445112354907877,0.004402833757480042,0.0013146490318861387,2.617743515445942E-4,1.5858004591163063E-4,0.0010101297488352044,7.55781182126673E-4,0.0650296905806183,0.0014568865035998059,0.0023592374822559627,0.011836124633935323,7.974452557162196E-4,0.006003451349965858,4.963948954123409E-4,8.231981180310949E-4,0.001064932586104286,0.0010905125408942203,0.011582475304512507],[0.001104096539205374,1.8662452868189138E-4,4.198584855015289E-4,0.007466262738689024,9.619822195826541E-4,0.0012039537502301107,0.0027169413817344857,0.020393023235394457,2.791365518477781E-4,7.849877637818631E-4,1.9595310786111767E-4,4.3325263960027115E-4,8.241855150531626E-5,2.7899245163766063E-4,0.0023155834651139274,4.0822036951392254E-4,2.584617649688606E-4,1.6384742315416688E-4,2.93836288845571E-4,0.0010609849887853458,0.011640314434836374,0.0010684654734218228,1.0,0.0038221117984896,0.004089654803705274,9.824890536140466E-4,5.143869791875489E-4,3.154861909887058E-4,3.102246771520022E-4,4.3602120404311333E-4,0.07551906613303204,0.0012011829355033537,7.86334150444412E-4,0.009122092947768062,2.0633366212658474E-4,6.425546363989486E-4,4.6473762336333903E-4,1.4983789546074716E-4,6.662998719538582E-4,0.0010028175599484288,0.017506413297761637],[0.009664793623208552,0.008507621373558814,0.003007197405783507,0.013007577707687784,0.004109220852900078,0.007525048760564837,0.010708111909136318,0.014755402139013411,0.006492144242782712,0.0026376892651659954,0.0028971710707483595,0.010154221382256481,0.006228817067717203,0.006291221584085981,0.0030355265062394134,0.006469641608889785,0.0025903660784040634,0.0030439173577850444,0.0033376993167139987,0.0027240604800248197,0.011881602341590402,0.0017445112354907877,0.0038221117984896,1.0,0.005139132046905955,0.0024912982329464805,0.001995780499874841,0.00439536127340198,0.0055938189931637235,0.003446165447882362,0.014083262526247883,0.007422839940847072,0.009702511659231111,0.012852789638574847,0.007070738414565414,0.011380636046745583,0.010698855564441292,2.9293302259796614E-4,0.0013092139201698496,0.010587642935437831,0.015562740800610774],[0.003936170635599675,0.0011753261844319645,0.0011840581389411485,0.011847173366362727,0.004660838418816161,0.001992150812562152,0.004779648513359997,0.01649852357129877,0.004265036542627594,0.004626327346247262,4.979166130005985E-4,0.004150067340234981,0.004807659426708696,7.687228587296704E-4,0.004349241467906633,0.0018460256736581072,0.0024862597103850062,9.831400630410422E-4,0.002559773022237156,0.00420525641757571,0.006338237460379157,0.004402833757480042,0.004089654803705274,0.005139132046905955,1.0,0.004236487513794434,0.0032376222601608142,0.0016683233309594844,0.0014149360346798995,0.001269285763129373,0.09043831093689267,0.002109634992378313,0.004628041364881179,0.0051681332271573946,0.003424834536514069,0.013307854592532059,0.0015030995165293802,0.0017378704930659905,0.0033039440517306177,0.002103285561137523,0.01923439973550603],[0.002221165851237426,9.305641310143554E-4,0.001636518690568816,0.010541183270691307,0.0020351532385338967,0.0017697809424418428,0.003333029857843493,0.010170123214949044,5.806954435023432E-4,0.0012370952613794959,5.7098404157771406E-5,0.0014023198896728072,7.69112782877161E-4,7.364849714596373E-4,0.0019612443409935103,9.383711899723138E-4,0.0010785775896012572,6.847574949364861E-4,0.0011349053218543171,0.001677731423239252,0.00781583177364437,0.0013146490318861387,9.824890536140466E-4,0.0024912982329464805,0.004236487513794434,1.0,0.001472608559351139,0.0012119944090849036,7.994269886261181E-4,0.0012805362194465181,0.08165519890610322,0.0017602965055646589,0.0023975036843722217,0.009624068726867207,5.492896027252707E-4,0.0029990011349434755,9.269866433052407E-4,0.0011919456949009517,0.0014359269816833183,0.0014702719234958683,0.010766816908880162],[0.0018633466790265256,1.5822819986707607E-4,1.515938129757891E-4,0.014554443430936858,1.5083723823232289E-4,0.0015987926135541033,0.003313571417091973,0.01711810471967134,1.599957241196065E-4,4.2539310563743986E-4,1.308560937028854E-4,1.2988847611534714E-4,1.3922185018376665E-4,2.1472462802935683E-4,0.002275627517927055,9.681701545729375E-5,1.9933002945269178E-4,1.264261503823794E-4,1.1261059410445871E-4,4.979162259445709E-4,0.010259871100779127,2.617743515445942E-4,5.143869791875489E-4,0.001995780499874841,0.0032376222601608142,0.001472608559351139,1.0,1.2089616113154271E-4,1.4641472045956116E-4,1.463181219283005E-4,0.05434313190814424,0.0013418326368262652,0.0015123598076841414,0.013081010611530693,5.5300020896881274E-5,0.011510488725388027,1.4136887819813084E-4,1.1557655916744524E-4,8.692464362797701E-4,3.778303950038432E-4,0.006952169784614681],[3.3134924897822344E-4,7.396960374768711E-5,3.5521501891838854E-4,0.0026912266178949307,0.0013196727275285299,0.0015320033066801564,6.217853753779912E-4,0.0048303894524855335,1.0853156692124692E-4,4.0726159695540537E-4,1.8271023876407407E-5,8.235036322154247E-5,2.3115610194069174E-5,2.248259159442833E-4,0.0018299478409698438,1.7664540516523493E-5,4.602260664451025E-5,9.962892596601375E-5,7.897838121812506E-5,6.418957799537407E-4,0.00604549367681265,1.5858004591163063E-4,3.154861909887058E-4,0.00439536127340198,0.0016683233309594844,0.0012119944090849036,1.2089616113154271E-4,1.0,5.893138059214717E-5,1.1067802050666654E-4,0.08129974060904804,0.001513130753637634,8.233478316290086E-5,0.004001069144946971,1.5336017838861085E-5,0.007351855111828398,2.2967969813200747E-5,9.02038347187277E-5,2.673794197380184E-4,5.0713527194285596E-5,0.004521417158911125],[0.002716039486730284,1.549590444619426E-4,1.624457624044873E-4,0.018550746995653664,2.241183003097096E-4,0.0016956701817035951,0.003804806643026954,3.714647568337585E-4,1.845043798017794E-4,5.698890243629698E-4,8.05820639939082E-5,1.2044080988689151E-4,9.543669556161656E-5,2.3600501975140788E-4,0.0012121302390185767,4.397811367523661E-5,1.6414557493750256E-4,1.1863085815953461E-4,1.381372609676771E-4,0.0017327627840858838,0.005829674855541153,0.0010101297488352044,3.102246771520022E-4,0.0055938189931637235,0.0014149360346798995,7.994269886261181E-4,1.4641472045956116E-4,5.893138059214717E-5,1.0,1.490333511153775E-4,0.03438981794644928,6.424988706857655E-4,9.794792902625734E-4,0.003268177119376952,5.1704005562207424E-5,0.0020331036601250125,2.4853600069015372E-5,1.1835059895435514E-4,6.927706155586948E-4,7.686168425446681E-4,0.011114251541939554],[0.001886728050320231,1.5369233819344382E-4,3.3541595089668305E-4,0.0041498747651861935,0.0011608118480854093,0.0017416953281701548,0.002615880232476783,0.0024453311334518015,1.9226751054981578E-4,5.231015513144133E-4,8.955849654465314E-5,1.3419480468888648E-4,1.34460814023667E-4,2.2467936611112667E-4,5.384230159800374E-4,1.26933468202775E-4,1.680472717937852E-4,1.4689675503325145E-4,1.2235977958236833E-4,7.072446234565797E-4,0.00796544560461498,7.55781182126673E-4,4.3602120404311333E-4,0.003446165447882362,0.001269285763129373,0.0012805362194465181,1.463181219283005E-4,1.1067802050666654E-4,1.490333511153775E-4,1.0,0.049279591422332375,0.0011403104888844775,9.510908826092512E-4,0.002026801548634798,1.3544134146611052E-4,0.004904512748069749,1.331724190844464E-4,1.3343604052019122E-4,1.6319012179010758E-4,9.934516079317837E-4,0.016710869512655945],[0.05414618466157404,0.06069421794737096,0.07333558574556634,0.0575049742443087,0.045165936032877586,0.023963056729570893,0.07971639557980273,0.05543696045045743,0.06600460036252105,0.018034708566048708,0.007265539586406862,0.0433892842959681,0.0018315755706497653,0.06968159391585312,0.002379246686670812,0.0694333823674097,0.05455065512317815,0.05121290959372432,0.061616416130975446,0.021928171651735797,0.06983163223648564,0.0650296905806183,0.07551906613303204,0.014083262526247883,0.09043831093689267,0.08165519890610322,0.05434313190814424,0.08129974060904804,0.03438981794644928,0.049279591422332375,1.0,0.06206600448438194,0.08830845649708835,0.09047760500309412,0.024206014354226812,0.05035733911977894,0.003554259786152297,0.026416960367608447,0.07842014409284677,0.03306485135129562,0.03531136098476287],[0.002125442158326778,5.883433852198649E-4,0.0016490303599155137,0.010584997188361148,0.001967142650196745,0.0017773909476920442,0.0025866300643690313,0.016982211670082497,2.5174931513031584E-4,0.0013728997214312814,0.0012712805510267026,9.470161972634417E-4,0.0013699892792882412,5.6037356214222E-4,0.0020570513764580226,2.1714293632401014E-4,0.0011433437875571512,2.166569308883562E-4,0.0016566800560279741,0.0017705758784241547,0.0038136975148661562,0.0014568865035998059,0.0012011829355033537,0.007422839940847072,0.002109634992378313,0.0017602965055646589,0.0013418326368262652,0.001513130753637634,6.424988706857655E-4,0.0011403104888844775,0.06206600448438194,1.0,0.002388911889187607,0.004112487276631887,5.808268596374453E-4,0.005696010526180453,0.0012044915057926515,0.0011471514079755506,0.0013708803898816663,0.0016113787041592271,0.01383635279311906],[0.002562190532353537,4.078586643569802E-4,0.0021387643155136426,0.009061885425715545,0.002386587127137784,0.002100288738996178,0.003929146541990937,0.019372891610047682,0.001643897240337683,0.0015294974389882914,8.493364132149025E-4,0.0015976503284458915,0.00150596271893602,0.0020424398125745025,0.0023706820203866987,4.620613537633898E-5,0.00190591902811603,0.001227600735467536,0.002148983506941463,0.0023166875126710623,0.0067941715657007865,0.0023592374822559627,7.86334150444412E-4,0.009702511659231111,0.004628041364881179,0.0023975036843722217,0.0015123598076841414,8.233478316290086E-5,9.794792902625734E-4,9.510908826092512E-4,0.08830845649708835,0.002388911889187607,1.0,0.004716874388074203,1.9561827748266363E-4,0.004190564126816391,0.00138092140703183,7.372963423434222E-4,0.0010456475668764531,0.0013055477163938728,0.012153256693625231],[0.013112725422380778,0.008778858930352051,0.003382347912784269,0.01663147849993986,0.003171123942809531,0.010181550468906701,0.0075182590694203855,0.014783801382035276,0.012098968008902677,0.007432561749164874,8.945096551227357E-4,0.010984848693681899,0.0075485591688046515,0.0034266976520534705,0.007259659828603132,0.01090169577687533,0.010685822271790652,0.010864970365774529,0.007900288307281293,0.002825581365672026,0.012969642218498584,0.011836124633935323,0.009122092947768062,0.012852789638574847,0.0051681332271573946,0.009624068726867207,0.013081010611530693,0.004001069144946971,0.003268177119376952,0.002026801548634798,0.09047760500309412,0.004112487276631887,0.004716874388074203,1.0,0.004108336503981131,0.013544710091162206,2.947492624185941E-4,0.008287943151710914,0.007441803362864562,0.010756594301804378,0.013715864089062954],[3.739896853624604E-5,1.255799082754565E-4,3.7910646012709255E-4,0.002500216639157713,0.0022053411932980533,0.001253025886968465,0.0017045812575720068,0.01899919563797902,8.459452907722497E-5,6.279451896592646E-4,1.3239739584698937E-5,8.083186252819633E-5,1.693027950727124E-5,1.0624344346602918E-4,7.374839235187037E-4,1.3432218409500583E-5,4.446634056220927E-5,2.6919338143203987E-5,5.62351662616794E-5,0.0011077776152520165,0.003617413929628931,7.974452557162196E-4,2.0633366212658474E-4,0.007070738414565414,0.003424834536514069,5.492896027252707E-4,5.5300020896881274E-5,1.5336017838861085E-5,5.1704005562207424E-5,1.3544134146611052E-4,0.024206014354226812,5.808268596374453E-4,1.9561827748266363E-4,0.004108336503981131,1.0,0.010338186772219645,1.7563375379621448E-5,1.8004649600888318E-5,4.3113930152413555E-4,9.32958013339133E-4,0.0014045798200105518],[0.014080112266736257,0.012718642048046513,0.014639173615845328,0.015597396913230886,0.006394160869002463,0.0095538511701284,0.009606291322784455,0.017071816387352744,0.0038872427489005028,0.008317189726429627,0.008413829448295674,0.006593490849607401,0.0016429989714318023,0.004109366078612985,0.01089402985267819,0.010506760079371557,0.011621682458403556,0.003815105552624365,0.009226007410573096,0.010662957853887822,0.014658577397689394,0.006003451349965858,6.425546363989486E-4,0.011380636046745583,0.013307854592532059,0.0029990011349434755,0.011510488725388027,0.007351855111828398,0.0020331036601250125,0.004904512748069749,0.05035733911977894,0.005696010526180453,0.004190564126816391,0.013544710091162206,0.010338186772219645,1.0,0.011560744434626529,0.010425222248000663,0.008097883991249267,0.005161865703276028,0.01959385734795367],[1.3680481621617142E-4,1.3075514392353604E-4,2.209496329043473E-4,0.010870351058060527,0.002106390841495776,7.852424267103062E-4,0.002164440436933645,0.008507672871831162,1.3647829414031236E-4,2.732945872793561E-4,1.8246899874760117E-5,9.844484314612714E-5,1.8245430108386565E-5,2.3963929701748058E-4,4.755154865959864E-4,1.4588096239670885E-5,6.190058627712244E-5,7.544445643110505E-5,3.780404901041919E-5,6.252892603258394E-5,0.010605921322397651,4.963948954123409E-4,4.6473762336333903E-4,0.010698855564441292,0.0015030995165293802,9.269866433052407E-4,1.4136887819813084E-4,2.2967969813200747E-5,2.4853600069015372E-5,1.331724190844464E-4,0.003554259786152297,0.0012044915057926515,0.00138092140703183,2.947492624185941E-4,1.7563375379621448E-5,0.011560744434626529,1.0,8.792619039817182E-5,3.25952242986055E-4,6.347620498661885E-4,0.005065542529811086],[0.0028288944066749066,1.1539287241776047E-4,1.5817903141832995E-4,0.015164283476262306,0.001305187064731332,0.0011389671260261796,0.00105365592982312,0.012388825384145565,1.4371919854096584E-4,5.262650276239394E-4,3.944612957701132E-5,1.1742983473796415E-4,8.334279666670715E-5,2.0813297326844222E-4,0.0020936770996052316,1.104283706671599E-4,1.5234782455197146E-4,1.1295922968017808E-4,1.1253281873982465E-4,0.0010476119906916185,0.004920014755389258,8.231981180310949E-4,1.4983789546074716E-4,2.9293302259796614E-4,0.0017378704930659905,0.0011919456949009517,1.1557655916744524E-4,9.02038347187277E-5,1.1835059895435514E-4,1.3343604052019122E-4,0.026416960367608447,0.0011471514079755506,7.372963423434222E-4,0.008287943151710914,1.8004649600888318E-5,0.010425222248000663,8.792619039817182E-5,1.0,3.2931833821052403E-4,8.439045949743037E-4,0.004014814424674829],[0.001706004504394597,4.2242612286437416E-4,7.931196496996091E-4,0.010475808304910477,0.0021520004320467814,0.0017825096742650568,0.0025246788562117034,0.004155493171876008,8.011833902289454E-4,0.0010352776271286518,6.655484412746475E-5,7.288694727406029E-4,2.1157352603738162E-4,9.658266727038538E-4,0.0015745707838686468,8.125886066388205E-4,6.633676569239693E-4,8.803006384277708E-4,1.7931771524035725E-4,0.001752083218414028,0.011073026710296936,0.001064932586104286,6.662998719538582E-4,0.0013092139201698496,0.0033039440517306177,0.0014359269816833183,8.692464362797701E-4,2.673794197380184E-4,6.927706155586948E-4,1.6319012179010758E-4,0.07842014409284677,0.0013708803898816663,0.0010456475668764531,0.007441803362864562,4.3113930152413555E-4,0.008097883991249267,3.25952242986055E-4,3.2931833821052403E-4,1.0,0.0010618467088989983,0.002909295115498396],[0.0033515046818683196,4.24664302559201E-4,7.428342899470535E-4,0.003484982064859735,0.0014696347566348546,0.001359204504651348,0.0024477862864644355,0.0018115583370745944,6.949569723483588E-4,0.0010444916923598,4.250056642282723E-4,2.677733328195776E-4,3.6627571829315656E-4,6.204230394339697E-4,0.002078531414167085,9.712266610926603E-4,3.8303598314402387E-4,5.997038822239869E-4,7.053637668853818E-4,0.0017467890591163588,0.007645745784389638,0.0010905125408942203,0.0010028175599484288,0.010587642935437831,0.002103285561137523,0.0014702719234958683,3.778303950038432E-4,5.0713527194285596E-5,7.686168425446681E-4,9.934516079317837E-4,0.03306485135129562,0.0016113787041592271,0.0013055477163938728,0.010756594301804378,9.32958013339133E-4,0.005161865703276028,6.347620498661885E-4,8.439045949743037E-4,0.0010618467088989983,1.0,0.01148478303287738],[0.01005166265802882,0.0015442985631068723,0.0011981904522983186,0.01896097637701777,0.013510189185854362,0.008167999902897492,0.016704272607147304,0.02055545279865507,0.0014829599796081856,0.002811553102221692,0.012461469874818514,0.010041706480213124,0.0034628625947879187,0.015637556973804596,0.0025599708855625833,0.005028978510532139,0.002872241842017039,0.002798335999809226,0.011130430795406305,0.0087524027189272,0.016154890532556674,0.011582475304512507,0.017506413297761637,0.015562740800610774,0.01923439973550603,0.010766816908880162,0.006952169784614681,0.004521417158911125,0.011114251541939554,0.016710869512655945,0.03531136098476287,0.01383635279311906,0.012153256693625231,0.013715864089062954,0.0014045798200105518,0.01959385734795367,0.005065542529811086,0.004014814424674829,0.002909295115498396,0.01148478303287738,1.0]]