[[1.0,0.00202156848660012,0.0012290863977160171,0.033600769344294984,0.005700861591004715,6.561382943736204E-4,0.001285732995932701,4.908136159423636E-4,0.0029299974539182703,0.010418733998736907,0.024499724708105096,0.00835563274894273,5.934751393954919E-5,8.871359376098392E-4,0.002088099562786945,0.0013484123473646034,0.001315788373514269,0.001249989067312779,4.347565644583797E-4,6.569748635301759E-4,0.0012329624351489227,7.445810901422395E-4,0.0012290746375219971,0.009947083492008305,8.036801841984633E-4,0.0016382309894457893,0.0012311234901793366,0.01006049517019159,0.0022762775875379724,0.008401626262157538,6.564613538808763E-4,2.215451007885719E-4,8.752369093430634E-4,0.0010557028934032103,0.0012236020708146051,0.0010443020161546848,0.03332714260382595,4.874209307342353E-4,0.0012369967432722848,0.00607735645937049,0.0016164163590492995,0.0018653104895702249,5.971412391834514E-4,0.0011433251695228156,1.4405352274302326E-4,0.012390364641670709,8.478135096841577E-4,0.001938965617660084,0.010571950009711568,0.0013918927354591975,0.0013662472963406748],[0.00202156848660012,1.0,0.0015718030259956144,0.015016901509746203,0.012410685217868594,6.578148392573887E-4,0.001928778406001896,5.308191726574916E-4,0.006875721218884866,0.021538305525624662,0.011031702876269636,0.008012753663605345,0.0018374281084335383,0.0011147310080957728,0.002273405021662937,0.001922681587589158,0.0021629841296534657,0.0018703231959786072,9.435284743776574E-4,4.7212271942460827E-4,0.0015324616964641478,0.001724587207612897,0.0019318096095114856,0.011526003955485135,5.617676977631087E-4,0.002079131286717357,1.4919731182160088E-4,0.010677430018358903,0.003041379771503078,0.007426827062464289,0.0015119290799557373,4.427137467975301E-4,9.719774502081201E-4,0.001117105880868166,0.0014514645325508185,0.0013499803973442254,0.005713873318662294,0.0018814936145003182,3.552379699377715E-4,0.0022067684356451168,0.00203444925837402,0.0018757485053745738,0.0018992423338810127,8.542631649227539E-4,4.372765871710708E-4,0.024544951922614484,9.169751039505323E-4,0.002205472045332077,0.003461569173790317,0.0019917639554852262,0.002037635020315714],[0.0012290863977160171,0.0015718030259956144,1.0,0.024770812355094034,0.011120989583156117,1.495791346961821E-4,0.0012710652845923116,4.5717287666102903E-4,0.008725906052465354,0.02426408291411707,0.004244219884395616,0.009460505243312713,3.315489570751821E-4,5.07321302790962E-4,0.002553404190082007,0.001256329839804738,0.0020311212898182682,0.0011477548989954778,2.1564466173926012E-4,8.100439887428637E-4,9.785746326379412E-4,5.806338268905192E-4,4.4526329090357857E-4,0.008818848352451215,7.033890025967841E-4,9.653624607671662E-4,5.438456850915626E-4,0.0020858695037765875,0.0027941692685965304,0.0038234632096771242,6.686921328570689E-4,8.208007778510667E-5,7.808158569297815E-4,8.214805856472686E-4,0.0011487552602016877,9.299804612820998E-4,0.03358815216023966,3.7087359543247164E-4,8.922336847920006E-4,0.002774930927623321,0.0010001920573711198,0.0011665701644170026,2.3779827036295815E-4,2.177903414161421E-4,4.06716029566346E-4,0.0051650523962952334,2.653245617073345E-4,0.0021427120473953656,0.001280657000603339,0.0013396186697970007,0.0010416479438077524],[0.033600769344294984,0.015016901509746203,0.024770812355094034,1.0,0.033440792992920534,0.027668876510656325,0.04866994599280697,0.03343222931410756,0.020621423703063902,0.026266972512863578,0.044318450511898824,0.04937308542140488,0.029593480754020022,0.014986460043156142,0.010801184627238867,0.04181610871494911,0.02844559852752804,0.030764947616840902,0.01214356827761502,0.010473585747509208,0.05348015823893881,0.033986675778849784,0.0157790562751552,0.03396333068738618,0.027610682550256404,0.05423955031255417,0.054990030351418605,0.05246337578684608,0.03549040802283078,0.04410371110129555,0.00615564972371937,0.007790680655825056,0.016662181777638323,0.025028321219928283,0.020538237870056413,0.0022111955211344537,0.04906894113265359,0.00129526691509437,0.05258209041238973,0.029436110886805537,0.03449895499212045,0.052381644502142166,0.03168741252805936,0.04844630901728936,0.01029733998537253,0.03301963092854933,0.024339188759235453,0.03928992372496275,0.020730390068349393,0.005247221567354721,0.027883162013790815],[0.005700861591004715,0.012410685217868594,0.011120989583156117,0.033440792992920534,1.0,0.012940808710397236,0.0020418179551802197,0.0014968160334477008,0.011613975022671304,0.018215733636350033,0.015463735191925098,0.014008531789547125,0.013153372529862845,0.002307734855625293,0.003164637015848241,0.01211222198355737,0.004078339454728229,0.009945866457135338,0.004067561784886905,0.002946309873587593,0.0017296122131902926,0.007224015635559623,0.005431789578954764,0.013270439539698902,0.002843855833489919,0.009750302386776101,0.005450810279915133,0.013233715050868724,0.009043853153261772,0.011097827036077876,0.004646549248866403,0.0015297954027359815,0.004823488905725251,6.74584348722978E-4,0.008206217785550423,0.006665694108849729,0.03582003947620805,0.011982824190601135,9.33162479710483E-4,0.012967485720144887,0.00416000705550776,0.003302225732398455,0.004196197067126925,0.005390030743637468,0.00158109313185698,0.02368229740463898,0.0036048439099320706,0.003475462602106995,0.012141884780542449,0.009722202393195534,0.006184023864327777],[6.561382943736204E-4,6.578148392573887E-4,1.495791346961821E-4,0.027668876510656325,0.012940808710397236,1.0,7.127786171550028E-4,5.26546945625113E-5,0.0066806307291183975,0.016253588131204377,0.022082705340701485,0.006831536848605931,1.8242926976145816E-5,4.875189534597776E-5,0.0015866797076888538,4.898202239228064E-4,0.0018842800571795416,1.2751226289185136E-4,8.894784925138596E-5,2.1970321444635533E-4,6.900308164294183E-4,1.4759265439128288E-4,3.6795559791521476E-5,0.0029290253238912684,1.549820183224109E-4,0.001590929420038459,3.587472844169389E-5,0.009885632914663423,0.001205462984714024,0.007781347335339477,1.7682678287821648E-4,8.173532465466534E-5,5.169604931423888E-4,5.411402527263336E-4,7.605556710040877E-4,2.619249515262729E-4,0.02965267353842753,4.862295906196672E-5,5.809419759255025E-5,0.006249435345208899,8.949758650737648E-4,0.0013511291618655496,2.1050786252813822E-5,1.0416806329511569E-4,1.0950402690054219E-4,0.012063252360598065,1.0939315081965166E-4,9.379797821784835E-4,0.006642467657639007,0.0010445648153794374,4.936665999443234E-4],[0.001285732995932701,0.001928778406001896,0.0012710652845923116,0.04866994599280697,0.0020418179551802197,7.127786171550028E-4,1.0,9.85683928817831E-5,0.0041071339788982045,0.014224843832992285,0.002176062005157168,0.011507575693782933,5.636047652673223E-5,5.690246233179285E-4,0.0023242392806446187,0.0014979796449786132,0.0019017249581981819,0.0013655521486414946,2.8203028207835753E-4,8.191612960146314E-4,0.0012972938110667874,8.63807736023772E-4,7.805849356571364E-5,0.0036650736954949273,0.0012395936022143873,0.0015948968936450693,1.5564514825643533E-4,0.0027240299839041268,0.0016453898679193502,0.0056589942539382295,0.0012081384548275364,5.1888674544209E-4,6.954333174611221E-4,0.0013945473658734072,0.0015159975713972978,8.874231316114953E-4,0.00936739945709986,7.226724588521015E-4,0.001342960677264784,0.0077540543084704825,0.0017783546670742379,0.001784214866809652,1.6711595569244344E-4,3.5523744852448405E-4,0.001304455174990976,0.014639976500223051,8.256925025681378E-4,0.0017549175584469384,0.004244518199342472,0.0015971778136749692,0.0015184490780233465],[4.908136159423636E-4,5.308191726574916E-4,4.5717287666102903E-4,0.03343222931410756,0.0014968160334477008,5.26546945625113E-5,9.85683928817831E-5,1.0,0.00546646971639917,0.025002667450303315,0.019129546408252002,0.004272392939237892,1.6491363527757022E-5,1.8497875779380256E-5,0.0025467904211030658,0.0012483573769590493,8.14797692011793E-4,7.19800337626005E-4,1.4021834955245353E-5,3.368185786275947E-4,6.60575541776938E-4,1.0942211366451584E-4,1.3693810878867954E-5,0.012257322555101023,7.292361440999104E-5,0.0011150529443228236,2.2762052321192724E-5,0.004744089168417214,0.0026467165763249616,0.007678132132586787,9.250761807935601E-5,3.702780068964535E-5,1.7630916458874664E-4,5.315836500274205E-4,3.422016935693954E-4,1.4619804643435555E-4,0.036520161725527134,1.8149331033154442E-5,1.2272514316178256E-5,0.0011751814205073,0.0013884256561927958,9.535253856602991E-4,1.717591561482268E-5,6.415999690527482E-5,1.1794925116252146E-4,0.00406426883826172,1.4601042472956886E-4,2.9706154726203196E-4,0.009144111103035275,0.0015940693158824114,2.359985942156874E-4],[0.0029299974539182703,0.006875721218884866,0.008725906052465354,0.020621423703063902,0.011613975022671304,0.0066806307291183975,0.0041071339788982045,0.00546646971639917,1.0,0.02203007925158055,0.010591416671506577,0.013112159460319095,0.00401722864179573,0.006244575285876878,0.002889484064475809,0.004925068359424649,0.002579520228602945,0.002696276962549222,0.004981334980988273,0.0037815233810863744,0.006907332102515069,0.0037252447330277786,0.002327826198600852,0.010816501860502712,0.0011450546522717394,0.004690515170709202,0.003680476362117317,0.012107025181557428,0.005732202819444442,0.010075980110505676,0.007725296050250768,0.005423227751587469,0.0015128543445788309,0.008589322920551033,0.006743705060959857,4.663298037450676E-4,0.01988025474616987,0.008740789367593899,1.5424258999891408E-4,0.010311076418565046,0.002374214330636029,0.007047013995420833,0.0011498964028334624,0.0012219513772000238,0.005048283250307495,0.011042961034467093,0.008075512023458964,0.0026251712576872786,0.009695029264623317,0.00577568893139918,0.00168847243543543],[0.010418733998736907,0.021538305525624662,0.02426408291411707,0.026266972512863578,0.018215733636350033,0.016253588131204377,0.014224843832992285,0.025002667450303315,0.02203007925158055,1.0,0.026388849613335943,0.018506500433493094,0.008404740965653768,0.022063070314444464,0.010186633809836722,0.018222531461046552,0.023933041517182885,0.024717293964305047,0.015766014831952214,4.616595079599138E-4,0.014304400360575505,0.01985637175061345,0.02099870330128845,0.024788977878666157,0.003168926391869739,0.012796855431253725,0.006990844635996684,0.017740357198092877,0.006860373335284069,0.013950555798406317,0.016328303964272768,0.016412646924904753,0.015748906266946527,0.021303338984991687,0.0028851519704598894,0.015972087554313293,0.03550465522033877,0.025451757870442248,0.023329682881787456,0.01824265834288169,0.005140266467059347,0.02162427832881822,0.01877635371935948,0.013944227633383715,0.015576231334952053,0.02564102564102564,0.015978525149204628,0.015286704316891681,0.01864797052624048,0.020392093212134574,0.01691258308724548],[0.024499724708105096,0.011031702876269636,0.004244219884395616,0.044318450511898824,0.015463735191925098,0.022082705340701485,0.002176062005157168,0.019129546408252002,0.010591416671506577,0.026388849613335943,1.0,0.02262931792623569,0.01874803433425553,0.005339313213584595,0.012173548208370386,0.003127373807352417,0.0044736301048388175,0.008195035740218098,0.02529371326535822,0.008100053831084541,0.01257782823878344,0.002692638452201461,0.004280375429122698,0.014290103141591164,0.008050519676437523,0.02038439341590611,0.0064311384100942245,0.022784953341156333,0.015268383773668959,0.02144561420025766,0.018868118618847164,0.010383511507762917,0.0020568208600935233,0.010896996370556043,0.0033897554187401983,0.00558461968709922,0.02848085205752564,0.006382339302836091,0.010102667050080432,0.01250633874046701,0.023960470069013723,0.011338782248829065,0.016842623070128192,0.019776681198927688,0.023727523622193637,0.027021489341837207,0.01837979632881393,0.015157816510503687,0.01846855219250404,0.0032624267638376387,0.005873692120002382],[0.00835563274894273,0.008012753663605345,0.009460505243312713,0.04937308542140488,0.014008531789547125,0.006831536848605931,0.011507575693782933,0.004272392939237892,0.013112159460319095,0.018506500433493094,0.02262931792623569,1.0,0.006255553152200594,0.005052504044007395,0.011980264510200915,0.0055026952709665775,0.003677899347315987,0.012284783735987254,0.012689902934488106,0.009308894893469699,0.001895231441328412,0.005405538347822214,0.009536426684334492,0.014284273692631189,0.011049865156804948,0.012420665040807069,0.0027375755537484645,0.014273988756341852,0.006599354051465476,0.011633228581806276,0.009332218005308365,0.0023314538903163903,0.011271207998693442,0.009503572233820293,0.012745197475228755,0.0022840403525073824,0.026842075948566746,0.01027604827850672,5.096198116947601E-4,0.012035800160337003,0.01316022204468771,0.011557702103666604,0.01362792990152977,0.0010658980344200781,0.004751739948012951,0.014469113867646832,3.600831734856051E-4,0.007294986882617092,0.011337238457159844,0.008131632881087114,0.002951127204651638],[5.934751393954919E-5,0.0018374281084335383,3.315489570751821E-4,0.029593480754020022,0.013153372529862845,1.8242926976145816E-5,5.636047652673223E-5,1.6491363527757022E-5,0.00401722864179573,0.008404740965653768,0.01874803433425553,0.006255553152200594,1.0,1.5609007699091103E-5,0.001781956709800431,9.463131496236778E-4,3.788566298475455E-4,5.463309818889126E-4,1.4371145811408705E-5,3.101252869082889E-4,1.2468492472465003E-4,1.4661134563321042E-4,1.2196022229494214E-5,0.009423956641827862,9.032750596207785E-5,0.0015156241603945064,2.234624257241777E-5,0.005537106017207729,0.0013689342178886635,0.009844020291543857,2.621680423316463E-4,1.793466171948539E-5,4.7685741212878945E-5,1.0078295084311648E-4,4.611066305590749E-5,3.1046744918073924E-4,0.026077923938648963,1.704461330054499E-5,1.208561983630058E-5,0.00938517072336209,0.0015820795898181005,0.001100936152630297,1.1468118665811894E-5,9.684863009401233E-5,7.203042906256854E-5,0.009139959583869654,1.6306313511295397E-4,0.0019126099572372368,0.008392120132636245,1.1363295958808683E-4,8.251258951930937E-4],[8.871359376098392E-4,0.0011147310080957728,5.07321302790962E-4,0.014986460043156142,0.002307734855625293,4.875189534597776E-5,5.690246233179285E-4,1.8497875779380256E-5,0.006244575285876878,0.022063070314444464,0.005339313213584595,0.005052504044007395,1.5609007699091103E-5,1.0,0.0022819964335499487,0.0013386943362691363,0.0018999932175505058,0.0010725486055216784,1.825839775405535E-5,4.452631778823025E-5,9.141994949576516E-4,1.1127942604515055E-4,1.7599904536292678E-5,0.010652808881231119,1.2744376667446193E-4,0.002122641019795837,2.213212690838999E-5,0.011631351977188963,8.105195119568056E-4,0.006801435464841977,1.957462775200129E-4,2.734021391525208E-5,3.818907410542271E-5,1.375372206487096E-4,6.225193265541284E-4,2.8587622098476614E-4,0.03019725927153131,1.866009729246416E-5,1.4475602822220941E-5,0.003725705265280795,0.001538153221225119,8.195396153861065E-4,1.0600240765599772E-5,1.1333222092425665E-4,1.0160621518045599E-4,0.0010250147405833831,2.110403423004538E-5,9.323551397979312E-4,5.486195268677486E-4,0.0013282079505294152,6.01766313994141E-4],[0.002088099562786945,0.002273405021662937,0.002553404190082007,0.010801184627238867,0.003164637015848241,0.0015866797076888538,0.0023242392806446187,0.0025467904211030658,0.002889484064475809,0.010186633809836722,0.012173548208370386,0.011980264510200915,0.001781956709800431,0.0022819964335499487,1.0,0.002422430766159572,0.0023958830761403316,0.0017922118568655353,1.8738488187454514E-5,0.0013253135298813249,0.0012548230892444768,5.670217902675541E-4,8.198498763680192E-4,0.011068148633557066,3.6013877005970077E-4,0.002437018253966854,6.075973006276707E-4,0.008621241158714677,0.0026536866276094338,0.009339575501982812,0.0010196951905700842,0.002348291114699225,0.0010281271134945655,0.0013225813006584868,0.0020571068428662472,0.0021404571857160065,0.01800779010002315,6.358346238853074E-4,3.4506082434224676E-4,0.003792852117043655,0.0022875719609613708,0.0021341281660721867,0.0019001138167771517,0.0024969074381615197,7.80439768384766E-4,0.009013522314228445,0.001552691917661298,0.002429069855508801,0.0057328312891400356,0.0021932360665929376,0.0017158024558900547],[0.0013484123473646034,0.001922681587589158,0.001256329839804738,0.04181610871494911,0.01211222198355737,4.898202239228064E-4,0.0014979796449786132,0.0012483573769590493,0.004925068359424649,0.018222531461046552,0.003127373807352417,0.0055026952709665775,9.463131496236778E-4,0.0013386943362691363,0.002422430766159572,1.0,0.001623022623362897,0.001285808607950984,7.241027749662188E-4,9.160338198353746E-4,0.001224974856126852,0.0010615184917191585,5.050974989428098E-4,0.010651471006760298,2.9475246647414275E-4,0.0015685738331488433,1.5358302588287082E-4,0.008567766964911738,0.0028460720546824025,0.007456764618236835,3.349500619820989E-4,1.4632838021741578E-4,0.001058682187452551,6.80280544379149E-4,0.0012552957891892216,9.718250333396603E-4,0.01360387379588924,0.0010729597504555558,2.7684901413917515E-4,0.004424949929549721,0.0016665882289203773,0.0015704944053672005,5.351171542282884E-4,0.0011708844554275128,4.3658837609826073E-4,0.011499078054160535,0.0013712805513282937,0.0021255341898716524,0.006114158538776222,0.0015973837426637078,0.0014227338542505768],[0.001315788373514269,0.0021629841296534657,0.0020311212898182682,0.02844559852752804,0.004078339454728229,0.0018842800571795416,0.0019017249581981819,8.14797692011793E-4,0.002579520228602945,0.023933041517182885,0.0044736301048388175,0.003677899347315987,3.788566298475455E-4,0.0018999932175505058,0.0023958830761403316,0.001623022623362897,1.0,0.0014428322959511865,3.119547885476098E-4,5.282276182499219E-4,0.002081677538359483,0.001311716196153819,0.0021713917332054746,0.012603524873978533,9.078006422087216E-4,0.0021804351616320117,5.308863363024785E-4,0.006662002052004637,0.0030721447992438236,0.006321314334287001,8.730924430123193E-4,0.0012330153029081173,5.925067691999791E-4,0.0021267782737661974,0.0016417957166622974,0.0015558571935619298,0.036733367118098624,8.048499524812525E-4,7.611693951978238E-4,0.006198619617187524,0.0021788147557377153,0.0020900169958511018,0.0013521894357769212,0.0016082807084512383,7.340178800958456E-4,0.01183600060550652,2.4352507829393695E-4,0.002257972371794484,0.0065332805863877845,0.001884279319119472,0.0021872285086913467],[0.001249989067312779,0.0018703231959786072,0.0011477548989954778,0.030764947616840902,0.009945866457135338,1.2751226289185136E-4,0.0013655521486414946,7.19800337626005E-4,0.002696276962549222,0.024717293964305047,0.008195035740218098,0.012284783735987254,5.463309818889126E-4,0.0010725486055216784,0.0017922118568655353,0.001285808607950984,0.0014428322959511865,1.0,4.1059003726128446E-4,5.720075483364158E-4,0.0011180580524817834,0.0010315349840152972,9.657368966531352E-4,0.010155623072364325,5.36287594559543E-4,0.0019138338431801548,2.3428871465238965E-4,0.010751385853466317,0.002736200777821021,0.0022720087218545786,5.057261939820369E-4,4.62375873536866E-4,7.341147986142816E-4,0.0010936288814284165,0.0011942976096847664,3.966848445170819E-4,0.02816209372499828,0.0011379869988468031,3.339662210358261E-4,0.009078374996611512,0.0017999377358832438,0.001362849922157426,8.748373150348524E-4,3.3502730511732214E-4,4.635737485400094E-4,0.011439258607505803,7.003856374032706E-4,0.0017202579019751046,0.00895302727705196,0.0013915643605693234,0.00138110667241351],[4.347565644583797E-4,9.435284743776574E-4,2.1564466173926012E-4,0.01214356827761502,0.004067561784886905,8.894784925138596E-5,2.8203028207835753E-4,1.4021834955245353E-5,0.004981334980988273,0.015766014831952214,0.02529371326535822,0.012689902934488106,1.4371145811408705E-5,1.825839775405535E-5,1.8738488187454514E-5,7.241027749662188E-4,3.119547885476098E-4,4.1059003726128446E-4,1.0,1.346859554872584E-4,5.54468761298974E-4,1.9456057338483823E-5,1.122021749018887E-5,0.0012262594241982516,2.8377770038350775E-5,0.0017705108560427875,1.9031471438764984E-5,0.00997739914552547,0.0018256238587349837,0.009910306706328332,2.0190577929161846E-4,3.253831088652248E-5,1.4133320270367985E-4,2.518523620670971E-5,1.2706259404081393E-4,2.292494075570975E-4,0.02601267785633643,1.4647773613945765E-5,1.3300997486595372E-5,0.004835958395237005,8.805218096633504E-4,0.001595994273395348,1.2651325556525243E-5,7.447002388093272E-5,3.217823724058233E-5,3.588796853228383E-4,9.948261584737306E-5,0.0013416766140189706,0.008388478170311313,0.00105092547033938,1.3562363041054083E-4],[6.569748635301759E-4,4.7212271942460827E-4,8.100439887428637E-4,0.010473585747509208,0.002946309873587593,2.1970321444635533E-4,8.191612960146314E-4,3.368185786275947E-4,0.0037815233810863744,4.616595079599138E-4,0.008100053831084541,0.009308894893469699,3.101252869082889E-4,4.452631778823025E-5,0.0013253135298813249,9.160338198353746E-4,5.282276182499219E-4,5.720075483364158E-4,1.346859554872584E-4,1.0,5.03840748397375E-4,2.946272210947206E-4,2.7717168846587805E-4,0.009494144260313036,1.722956794696042E-4,0.0015484327401271071,5.952489510713336E-5,0.003923162720849598,0.003016702907432818,0.010099154382325415,3.387558835689083E-4,2.374058630778331E-4,4.827636311349349E-4,5.25197993870247E-4,5.618994878576543E-4,3.568052722384984E-4,0.016185157300315646,6.017162744660845E-5,9.558204403875284E-5,0.00547574005990285,4.969078923759576E-4,8.552683135354098E-4,3.203148882936755E-4,1.977530999648108E-4,3.3143304229905825E-4,0.02254158733184258,2.4223035453107086E-4,0.0018577558361747516,0.0010589066597960948,0.001156937036518736,0.0013054006043231748],[0.0012329624351489227,0.0015324616964641478,9.785746326379412E-4,0.05348015823893881,0.0017296122131902926,6.900308164294183E-4,0.0012972938110667874,6.60575541776938E-4,0.006907332102515069,0.014304400360575505,0.01257782823878344,0.001895231441328412,1.2468492472465003E-4,9.141994949576516E-4,0.0012548230892444768,0.001224974856126852,0.002081677538359483,0.0011180580524817834,5.54468761298974E-4,5.03840748397375E-4,1.0,1.4949027545810203E-4,6.30781708752914E-4,0.010194329023029601,6.885102860192606E-4,0.0018696981119794322,1.198276818091688E-4,0.005384697080613125,0.0024055207016734324,0.004553293277187823,3.6166150767503156E-4,8.3234724394513E-4,0.0010179945204523955,8.098499240822021E-4,0.0011540043900602418,0.0010068722322135273,0.02570235397399862,4.994051929721092E-4,3.103197665830132E-4,0.0036460758979647975,0.0017326275576936157,0.0014659867827752735,1.3578997489888266E-4,2.7001124825950867E-4,9.150171572320935E-4,0.01251094980793492,4.063950515104207E-4,0.002062037674146715,0.00981070144701574,0.00155639518696204,0.0014180968955568236],[7.445810901422395E-4,0.001724587207612897,5.806338268905192E-4,0.033986675778849784,0.007224015635559623,1.4759265439128288E-4,8.63807736023772E-4,1.0942211366451584E-4,0.0037252447330277786,0.01985637175061345,0.002692638452201461,0.005405538347822214,1.4661134563321042E-4,1.1127942604515055E-4,5.670217902675541E-4,0.0010615184917191585,0.001311716196153819,0.0010315349840152972,1.9456057338483823E-5,2.946272210947206E-4,1.4949027545810203E-4,1.0,1.4784675749579873E-4,0.011084696334543202,1.5203085833579683E-4,0.001753669526087544,1.2947791423701776E-4,2.3036474042957306E-4,0.0026283666849546716,1.6462496476934884E-4,2.6140803309629467E-4,5.15979522281201E-5,4.7018058646853785E-4,2.633108017628027E-4,6.058683209846333E-4,3.326568071853134E-4,0.009304340801873884,1.257267310414064E-4,1.118239648747098E-4,0.008049960374058026,5.069549696455564E-4,2.334137564242018E-4,7.832629884742511E-5,1.431565460761746E-4,1.4833391947241902E-4,0.022720562732419198,1.703457405883349E-4,8.561061696473086E-4,0.006862625709769142,3.459134104059543E-4,3.593523660765243E-4],[0.0012290746375219971,0.0019318096095114856,4.4526329090357857E-4,0.0157790562751552,0.005431789578954764,3.6795559791521476E-5,7.805849356571364E-5,1.3693810878867954E-5,0.002327826198600852,0.02099870330128845,0.004280375429122698,0.009536426684334492,1.2196022229494214E-5,1.7599904536292678E-5,8.198498763680192E-4,5.050974989428098E-4,0.0021713917332054746,9.657368966531352E-4,1.122021749018887E-5,2.7717168846587805E-4,6.30781708752914E-4,1.4784675749579873E-4,1.0,0.009561511724547552,1.2854131061727924E-4,6.147089205524071E-4,1.7920346386694875E-5,0.007106950974950634,0.0012448583930042927,0.009520023421947913,2.485923394240257E-4,3.04907174456836E-5,1.5848645279240608E-4,1.423452025848564E-4,7.396035335521503E-4,9.709850543301533E-5,0.006027167137927481,1.1865533124834712E-5,1.0529878689541825E-5,0.009540516274250887,0.0015196433339211574,4.8388275540266125E-4,1.0485014640457475E-5,6.185436083439965E-5,5.9421880338169684E-5,0.02381440166037165,9.84569709614367E-5,5.996030416556137E-4,0.004071023676575939,0.0015905089012475861,4.072619810276015E-4],[0.009947083492008305,0.011526003955485135,0.008818848352451215,0.03396333068738618,0.013270439539698902,0.0029290253238912684,0.0036650736954949273,0.012257322555101023,0.010816501860502712,0.024788977878666157,0.014290103141591164,0.014284273692631189,0.009423956641827862,0.010652808881231119,0.011068148633557066,0.010651471006760298,0.012603524873978533,0.010155623072364325,0.0012262594241982516,0.009494144260313036,0.010194329023029601,0.011084696334543202,0.009561511724547552,1.0,0.0019339328141873859,0.0036273267406180627,0.009730785011835004,0.012896104807142119,0.012497315109060565,0.010483195415550426,0.012357593640697164,0.012565493360457406,0.0036173420589618956,0.010983087865827803,0.011234039957685417,0.001975994615966905,0.025557522619286573,0.010016411512595646,0.0018728985085415216,0.011557678624746428,0.008552719622113276,0.00914208591907427,0.006066762720585279,0.012480836356539108,0.002900813144803554,0.020841161809153318,0.006803008646977304,0.006674047986899273,0.01180551621488023,0.008049899572949997,0.010351037023844304],[8.036801841984633E-4,5.617676977631087E-4,7.033890025967841E-4,0.027610682550256404,0.002843855833489919,1.549820183224109E-4,0.0012395936022143873,7.292361440999104E-5,0.0011450546522717394,0.003168926391869739,0.008050519676437523,0.011049865156804948,9.032750596207785E-5,1.2744376667446193E-4,3.6013877005970077E-4,2.9475246647414275E-4,9.078006422087216E-4,5.36287594559543E-4,2.8377770038350775E-5,1.722956794696042E-4,6.885102860192606E-4,1.5203085833579683E-4,1.2854131061727924E-4,0.0019339328141873859,1.0,0.00162585611737273,1.4902357104721914E-4,0.0026996517112931823,0.0021035392744337585,0.002867523416149492,2.4338377559322738E-4,1.4214946390036313E-4,3.87415708519794E-4,4.5607165880230525E-4,0.0011279299822174469,2.1684233135443575E-4,0.02954414861633532,4.663679957236139E-5,1.5144784366610107E-4,0.010530708872251974,3.965683119349577E-4,9.32930354753598E-4,1.5007150085423094E-4,1.4155570196807145E-4,1.4411713951174247E-4,0.008156104561376842,1.6697246927240087E-4,0.0012006400594648018,0.004342497189149386,0.0010311490011776841,9.742541021187704E-4],[0.0016382309894457893,0.002079131286717357,9.653624607671662E-4,0.05423955031255417,0.009750302386776101,0.001590929420038459,0.0015948968936450693,0.0011150529443228236,0.004690515170709202,0.012796855431253725,0.02038439341590611,0.012420665040807069,0.0015156241603945064,0.002122641019795837,0.002437018253966854,0.0015685738331488433,0.0021804351616320117,0.0019138338431801548,0.0017705108560427875,0.0015484327401271071,0.0018696981119794322,0.001753669526087544,6.147089205524071E-4,0.0036273267406180627,0.00162585611737273,1.0,2.842674627575951E-4,0.004582911854534659,0.00274288837878847,0.004724207403974831,3.3327655566081643E-4,0.0019926650566473598,0.001654939968905075,5.758881840026769E-4,0.0014167761056858355,0.0014890524121677997,0.006415015294153255,8.875696663111273E-4,2.829215422339748E-4,0.0037861480181519023,0.0020365326345010417,0.0021002124486821662,0.0010851423502998777,0.0020168480943002142,0.0016006528279500064,0.010012806655721984,0.0018750407450334717,0.0022185973959803476,0.0033027773845748297,0.002065826279552975,0.0016081083979842326],[0.0012311234901793366,1.4919731182160088E-4,5.438456850915626E-4,0.054990030351418605,0.005450810279915133,3.587472844169389E-5,1.5564514825643533E-4,2.2762052321192724E-5,0.003680476362117317,0.006990844635996684,0.0064311384100942245,0.0027375755537484645,2.234624257241777E-5,2.213212690838999E-5,6.075973006276707E-4,1.5358302588287082E-4,5.308863363024785E-4,2.3428871465238965E-4,1.9031471438764984E-5,5.952489510713336E-5,1.198276818091688E-4,1.2947791423701776E-4,1.7920346386694875E-5,0.009730785011835004,1.4902357104721914E-4,2.842674627575951E-4,1.0,0.011594367798069697,0.0015339313638652278,0.006912877316268669,1.3592076471995572E-4,3.3142232084822926E-5,2.7792536269984664E-5,2.8536012548902886E-4,9.597248655060938E-4,2.463574050490804E-4,0.013362357212348323,2.3676338331797787E-5,2.13058647386511E-5,1.8577339997463384E-4,3.0903176659217627E-4,1.3845686879704897E-4,2.3358887668901663E-5,2.533291161070331E-5,6.31264157453145E-5,0.023502693564158336,1.520867914067031E-4,0.002116306205642473,0.00639898444683185,9.529705361342545E-5,7.578816278037953E-4],[0.01006049517019159,0.010677430018358903,0.0020858695037765875,0.05246337578684608,0.013233715050868724,0.009885632914663423,0.0027240299839041268,0.004744089168417214,0.012107025181557428,0.017740357198092877,0.022784953341156333,0.014273988756341852,0.005537106017207729,0.011631351977188963,0.008621241158714677,0.008567766964911738,0.006662002052004637,0.010751385853466317,0.00997739914552547,0.003923162720849598,0.005384697080613125,2.3036474042957306E-4,0.007106950974950634,0.012896104807142119,0.0026996517112931823,0.004582911854534659,0.011594367798069697,1.0,0.01231785454631448,0.01162356017874306,0.003464879675765173,0.008684087445639024,0.004786369183777252,0.011310245180475728,0.008491321113338451,0.0115339889164889,0.030636125785480573,0.008306602862858168,0.011186386186922862,0.0119543878093123,0.008002770325977432,0.006566704244494359,0.00250410699759713,0.008344873505617132,0.0016904185517908246,0.018130543954022946,0.001772594131514313,0.006123829260528737,0.011272953136770037,0.012969113121998046,0.002843528270131606],[0.0022762775875379724,0.003041379771503078,0.0027941692685965304,0.03549040802283078,0.009043853153261772,0.001205462984714024,0.0016453898679193502,0.0026467165763249616,0.005732202819444442,0.006860373335284069,0.015268383773668959,0.006599354051465476,0.0013689342178886635,8.105195119568056E-4,0.0026536866276094338,0.0028460720546824025,0.0030721447992438236,0.002736200777821021,0.0018256238587349837,0.003016702907432818,0.0024055207016734324,0.0026283666849546716,0.0012448583930042927,0.012497315109060565,0.0021035392744337585,0.00274288837878847,0.0015339313638652278,0.01231785454631448,1.0,0.003704548406115555,0.0017055909051845192,0.0013094619345285963,0.002544559610199369,5.891789364612302E-4,0.002303777810887455,4.6529050716551037E-4,0.01945222532246167,0.002509770844423842,0.0026631032667879134,0.009216555113250752,0.002456143011628214,0.0019172066075664055,0.0018119900458245502,0.0029264499952830134,0.003083299880882784,0.015116136253632804,0.0022668853862802107,0.0026368031435792826,0.006779419369191111,0.002847773858614508,0.0021481850806537917],[0.008401626262157538,0.007426827062464289,0.0038234632096771242,0.04410371110129555,0.011097827036077876,0.007781347335339477,0.0056589942539382295,0.007678132132586787,0.010075980110505676,0.013950555798406317,0.02144561420025766,0.011633228581806276,0.009844020291543857,0.006801435464841977,0.009339575501982812,0.007456764618236835,0.006321314334287001,0.0022720087218545786,0.009910306706328332,0.010099154382325415,0.004553293277187823,1.6462496476934884E-4,0.009520023421947913,0.010483195415550426,0.002867523416149492,0.004724207403974831,0.006912877316268669,0.01162356017874306,0.003704548406115555,1.0,0.009655660345488449,0.002695695100761634,0.003922141925948714,0.0021982550885041104,0.007763987234459227,0.008105085990016633,0.029611463540941643,0.008192329918073199,0.008296098620280827,0.011197104106014617,0.006236252845354976,0.009824101781845231,0.008919508390384452,0.0037037185365443944,0.002069119062000927,0.021126433942396834,0.007175985210209567,0.008263356610208219,0.010317170056285107,0.009984274159718696,0.0034168322524546152],[6.564613538808763E-4,0.0015119290799557373,6.686921328570689E-4,0.00615564972371937,0.004646549248866403,1.7682678287821648E-4,0.0012081384548275364,9.250761807935601E-5,0.007725296050250768,0.016328303964272768,0.018868118618847164,0.009332218005308365,2.621680423316463E-4,1.957462775200129E-4,0.0010196951905700842,3.349500619820989E-4,8.730924430123193E-4,5.057261939820369E-4,2.0190577929161846E-4,3.387558835689083E-4,3.6166150767503156E-4,2.6140803309629467E-4,2.485923394240257E-4,0.012357593640697164,2.4338377559322738E-4,3.3327655566081643E-4,1.3592076471995572E-4,0.003464879675765173,0.0017055909051845192,0.009655660345488449,1.0,9.855850486112845E-5,4.3358013434433837E-4,4.4644394227297875E-4,0.0010014770502065375,3.4695490332181943E-4,0.03695955252316218,2.4159326297248088E-4,2.3719026339374015E-5,0.0020214112761290847,0.0011235757416237064,5.470847153171202E-4,1.8241883853790348E-4,2.628422099760792E-4,2.674866153162213E-4,0.010677335294984722,2.519560260060558E-4,7.407663471048376E-4,0.008698205890158078,0.001130152938074315,6.678006772366348E-4],[2.215451007885719E-4,4.427137467975301E-4,8.208007778510667E-5,0.007790680655825056,0.0015297954027359815,8.173532465466534E-5,5.1888674544209E-4,3.702780068964535E-5,0.005423227751587469,0.016412646924904753,0.010383511507762917,0.0023314538903163903,1.793466171948539E-5,2.734021391525208E-5,0.002348291114699225,1.4632838021741578E-4,0.0012330153029081173,4.62375873536866E-4,3.253831088652248E-5,2.374058630778331E-4,8.3234724394513E-4,5.15979522281201E-5,3.04907174456836E-5,0.012565493360457406,1.4214946390036313E-4,0.0019926650566473598,3.3142232084822926E-5,0.008684087445639024,0.0013094619345285963,0.002695695100761634,9.855850486112845E-5,1.0,4.003007867136022E-4,2.5627227116208025E-4,6.647374038203759E-5,2.7693004201798257E-4,0.03135945749433756,3.0336307154109536E-5,2.0520207973325834E-5,0.008008468800593334,9.15593008605005E-4,7.135514941080169E-4,2.2855445295657268E-5,9.52773628090855E-5,5.823647451190095E-5,0.013286551815003328,1.476420078665081E-4,0.0015569409056337862,0.010151570666281681,5.781295394108947E-4,7.264386452944024E-4],[8.752369093430634E-4,9.719774502081201E-4,7.808158569297815E-4,0.016662181777638323,0.004823488905725251,5.169604931423888E-4,6.954333174611221E-4,1.7630916458874664E-4,0.0015128543445788309,0.015748906266946527,0.0020568208600935233,0.011271207998693442,4.7685741212878945E-5,3.818907410542271E-5,0.0010281271134945655,0.001058682187452551,5.925067691999791E-4,7.341147986142816E-4,1.4133320270367985E-4,4.827636311349349E-4,0.0010179945204523955,4.7018058646853785E-4,1.5848645279240608E-4,0.0036173420589618956,3.87415708519794E-4,0.001654939968905075,2.7792536269984664E-5,0.004786369183777252,0.002544559610199369,0.003922141925948714,4.3358013434433837E-4,4.003007867136022E-4,1.0,5.367290952116911E-4,5.629004557257317E-4,4.428130349471629E-4,0.010414843391119423,4.4364284992653877E-4,4.091554962959132E-4,0.005632179903605896,0.0010640536102886487,0.0017925908218046134,2.0379259524066796E-4,5.214702861353846E-4,2.30224304519202E-4,0.008438244530452124,4.5770962760006994E-4,0.001605178557603032,0.0025196149876614412,0.001024093248168808,0.0012400055673944177],[0.0010557028934032103,0.001117105880868166,8.214805856472686E-4,0.025028321219928283,6.74584348722978E-4,5.411402527263336E-4,0.0013945473658734072,5.315836500274205E-4,0.008589322920551033,0.021303338984991687,0.010896996370556043,0.009503572233820293,1.0078295084311648E-4,1.375372206487096E-4,0.0013225813006584868,6.80280544379149E-4,0.0021267782737661974,0.0010936288814284165,2.518523620670971E-5,5.25197993870247E-4,8.098499240822021E-4,2.633108017628027E-4,1.423452025848564E-4,0.010983087865827803,4.5607165880230525E-4,5.758881840026769E-4,2.8536012548902886E-4,0.011310245180475728,5.891789364612302E-4,0.0021982550885041104,4.4644394227297875E-4,2.5627227116208025E-4,5.367290952116911E-4,1.0,6.917781521469709E-4,3.8265571574930024E-4,0.017928831537677627,5.132743600661415E-5,4.702168466115073E-4,0.005209907236648687,0.0012285220612260643,7.96432725845396E-4,4.997613115683028E-4,5.450380549272607E-4,4.2683960175949503E-4,0.012494895463782536,2.9342607688246785E-4,0.0010178971686346508,0.008728827369574343,9.643927198549579E-4,0.0012734346491510306],[0.0012236020708146051,0.0014514645325508185,0.0011487552602016877,0.020538237870056413,0.008206217785550423,7.605556710040877E-4,0.0015159975713972978,3.422016935693954E-4,0.006743705060959857,0.0028851519704598894,0.0033897554187401983,0.012745197475228755,4.611066305590749E-5,6.225193265541284E-4,0.0020571068428662472,0.0012552957891892216,0.0016417957166622974,0.0011942976096847664,1.2706259404081393E-4,5.618994878576543E-4,0.0011540043900602418,6.058683209846333E-4,7.396035335521503E-4,0.011234039957685417,0.0011279299822174469,0.0014167761056858355,9.597248655060938E-4,0.008491321113338451,0.002303777810887455,0.007763987234459227,0.0010014770502065375,6.647374038203759E-5,5.629004557257317E-4,6.917781521469709E-4,1.0,0.0010283644302756987,0.025347215743585883,8.153169398407336E-5,3.0784999000858446E-4,0.007328755929326609,0.0017355419289414302,0.001436117078638159,3.374310048406861E-5,2.4299551140261847E-4,9.390367892064595E-4,0.020445297848236284,3.8389673294198586E-4,0.0022858068414379554,0.0029185327346278895,0.001359250503409812,0.001205908372127142],[0.0010443020161546848,0.0013499803973442254,9.299804612820998E-4,0.0022111955211344537,0.006665694108849729,2.619249515262729E-4,8.874231316114953E-4,1.4619804643435555E-4,4.663298037450676E-4,0.015972087554313293,0.00558461968709922,0.0022840403525073824,3.1046744918073924E-4,2.8587622098476614E-4,0.0021404571857160065,9.718250333396603E-4,0.0015558571935619298,3.966848445170819E-4,2.292494075570975E-4,3.568052722384984E-4,0.0010068722322135273,3.326568071853134E-4,9.709850543301533E-5,0.001975994615966905,2.1684233135443575E-4,0.0014890524121677997,2.463574050490804E-4,0.0115339889164889,4.6529050716551037E-4,0.008105085990016633,3.4695490332181943E-4,2.7693004201798257E-4,4.428130349471629E-4,3.8265571574930024E-4,0.0010283644302756987,1.0,0.016864060206223032,1.2234173582747012E-4,9.098902970532072E-5,0.002043462037761833,9.084100638585852E-4,0.0013814745352389835,3.364393661267831E-4,1.279044484369917E-4,1.7193924501197828E-4,4.92725411833055E-4,3.0853327875682567E-4,5.245838789726036E-4,0.007333160743669986,9.970870719330147E-4,4.4767572794658346E-4],[0.03332714260382595,0.005713873318662294,0.03358815216023966,0.04906894113265359,0.03582003947620805,0.02965267353842753,0.00936739945709986,0.036520161725527134,0.01988025474616987,0.03550465522033877,0.02848085205752564,0.026842075948566746,0.026077923938648963,0.03019725927153131,0.01800779010002315,0.01360387379588924,0.036733367118098624,0.02816209372499828,0.02601267785633643,0.016185157300315646,0.02570235397399862,0.009304340801873884,0.006027167137927481,0.025557522619286573,0.02954414861633532,0.006415015294153255,0.013362357212348323,0.030636125785480573,0.01945222532246167,0.029611463540941643,0.03695955252316218,0.03135945749433756,0.010414843391119423,0.017928831537677627,0.025347215743585883,0.016864060206223032,1.0,0.007926277249333584,0.032410058812928494,0.03383064317327488,0.0248939983804583,0.03684234401685165,0.009789598036575753,0.006302983301198636,0.010845145516354505,0.02602034755835467,0.03074460963675122,0.007654688482155369,0.03493048030850936,0.01854442676547489,0.016516125367145036],[4.874209307342353E-4,0.0018814936145003182,3.7087359543247164E-4,0.00129526691509437,0.011982824190601135,4.862295906196672E-5,7.226724588521015E-4,1.8149331033154442E-5,0.008740789367593899,0.025451757870442248,0.006382339302836091,0.01027604827850672,1.704461330054499E-5,1.866009729246416E-5,6.358346238853074E-4,0.0010729597504555558,8.048499524812525E-4,0.0011379869988468031,1.4647773613945765E-5,6.017162744660845E-5,4.994051929721092E-4,1.257267310414064E-4,1.1865533124834712E-5,0.010016411512595646,4.663679957236139E-5,8.875696663111273E-4,2.36763383317977