[[1.0,0.004579138192503092,0.014367773041082606,4.95299039787939E-4,0.008112527378415092,0.009944280686188953,0.011812474252318983,0.030025622640347235,0.018160375171189895,0.03546991216646112,0.03911493197731308,0.029093712021017043,0.023784435030689003,0.041572428756139854,0.004411527599376984,0.0090859459697705,0.0029492071682773943,0.03710003763699854,0.007785272894135705,0.029626584937436126,0.0308809012469869,0.036977531063452126,0.01372375950319762,0.015004172564285469,0.05550847385470412,0.022866584534252922,0.037017397519072535,0.0016620799388333894,0.029436367764478225,0.033657311702228354,0.003038284871024011,0.02689779666447063,0.05067673469921088,0.009153248948987953,0.012773352407772675,0.02458588306426074,0.03953166381858121,0.025381254827162702,0.03984726798693001,0.021914092835876243,0.014500852093896194,0.04601675614620119,0.039671267113738445,0.025542670068988953,0.03549285453637897,0.018105324120659304,0.027845244317531215,0.011350202371626702],[0.004579138192503092,1.0,0.0010466623083244442,2.245443788294642E-4,0.005249261546968697,0.0015748180139944583,0.001664509080944772,0.009272620667235,0.0011060640670352082,0.001575285345906449,0.0013548322331914256,0.0013464119377101884,0.002424469701535462,5.982010671937677E-4,0.002868151133027534,0.0012534119579064448,0.0015484261611761268,0.002496392889194027,0.00150942058662666,0.0026118512412443627,0.0023371059444531536,0.002609585769820251,0.006343538030365296,0.004626374346322334,0.049111001832878864,0.011509113352493723,0.0018972894460342628,0.00229704530003061,4.884053736563605E-4,0.015934436532559052,0.0017147957992805125,0.0031369819220510363,0.06562832497048512,0.0013115563471419785,0.003002046962655816,0.0022323927997114764,9.004016099234E-4,0.0029287486511016926,0.026509185140604127,3.740227049187096E-4,0.0034594665097153598,0.03679760409380388,0.0013831630064235856,9.93785543160529E-4,0.0016377517175086662,8.101177327997192E-4,0.002493301282619786,0.002997454705924384],[0.014367773041082606,0.0010466623083244442,1.0,7.027459937086191E-4,0.0028612203852775566,6.585543835558183E-4,5.529794890888278E-4,0.0052955074184278285,8.772238586320285E-4,0.001144770468984512,8.916899033406646E-4,8.690069651266417E-4,6.789438504878463E-4,2.9192488735285823E-4,0.002081278857948226,7.587043919446293E-4,5.397029746852534E-5,6.926752015384251E-4,5.462713856644092E-4,9.927177748420115E-4,9.043165321616114E-4,8.490200256163901E-4,0.002504695247389739,0.003944971121628181,0.060626191087613975,0.006107728862059046,3.92186586235884E-4,4.6491842217887507E-4,7.9213136172233E-4,0.007995078575339041,0.001330984137080568,9.176158923787282E-4,0.013085435241784038,6.233844551710698E-4,3.3594092681398196E-4,5.845600166619956E-4,4.865965176226055E-4,4.949098245491785E-4,0.02919944601562188,2.924494903495685E-4,0.004368982126394211,0.01312702734072057,8.233962145823792E-4,1.8587547148935117E-4,5.963260264069325E-4,5.744264274406293E-4,0.0011506000845444384,0.0012239291143491633],[4.95299039787939E-4,2.245443788294642E-4,7.027459937086191E-4,1.0,0.006020174712704665,3.55463072795327E-5,1.3285463555376647E-4,0.005778274411834189,4.6639122392706843E-4,3.1080523500825373E-4,6.663154835360065E-4,4.5991285423960124E-4,2.0858278417034303E-5,7.736249953437381E-5,5.239545065897475E-4,3.0834202409233606E-4,1.6538182881720354E-5,1.2506800715836384E-4,2.0010782097914587E-4,0.001472744967943105,4.650372278003511E-4,1.8329316870426487E-5,0.005333883418720345,8.620286733365213E-4,0.00945780881954542,0.009830557546896237,1.9871926371219948E-5,8.623368864415541E-5,7.02518388600562E-5,0.011649445430089226,2.2262569470750285E-4,2.6570629061511665E-4,0.01792119639280852,2.6734494069624305E-4,1.5615425469236315E-5,6.890078624178547E-5,7.771714007876517E-5,1.333956904302975E-4,0.02947278332769416,1.8216579575946138E-5,0.007829123974630224,0.003576339851830183,1.2612346201682333E-4,1.6565185515997252E-4,1.82423470276273E-5,4.0776968361126194E-5,0.0010522703243801546,0.0010712228369091084],[0.008112527378415092,0.005249261546968697,0.0028612203852775566,0.006020174712704665,1.0,0.00549191425273138,0.004335536988150719,0.008523038934781336,0.003179634188061427,0.006861685398391609,0.0011391687950550445,0.0012344844542458854,2.720915502661658E-4,0.006696992295967955,0.00360980271471718,0.0034015457295028914,0.0036157722749004893,0.005716659154270972,0.004467167044757887,0.0019047451169327129,0.0027901593223301413,7.057428823518E-4,0.006700118030997557,0.010979834471000023,0.026157201753649877,0.012047495844083284,0.005556825218850736,0.003366057018388888,0.002660808054329997,0.012053061019514345,0.001727261477082311,0.0018770679962562251,0.04875261165275695,0.003599900721631955,0.0035373711786920265,0.006860052850464173,0.0026406769296264936,0.0013257847561683308,0.018983276509260082,0.0032460490180649467,0.007134650055626107,0.03933850008422015,0.005564257319595607,0.006734522348056333,0.005698718244146889,0.0026625318271797527,0.0030961489786956514,0.0065179767857560045],[0.009944280686188953,0.0015748180139944583,6.585543835558183E-4,3.55463072795327E-5,0.00549191425273138,1.0,3.791990099664928E-4,0.009189115584887162,9.367028178254352E-4,9.572178923887447E-4,7.130550993959335E-4,9.06158538291805E-4,3.581166374283574E-4,4.0301815919843194E-4,0.001686526013418729,4.173260049576607E-4,9.551178958464356E-5,5.655007471324482E-4,5.270219819447352E-4,0.0010846021715708145,6.918911499169464E-4,2.1284938597974606E-4,0.006084032079951177,0.006492615361274136,0.01970646950417092,0.007864857927680326,7.439926843715487E-5,4.259825768792621E-4,4.287477884392963E-4,0.0025080063743777273,8.477143182144312E-4,0.0012292322693487755,0.038430105236911205,5.291386711962545E-4,4.95974264096889E-4,3.94240338322617E-4,5.009088229141965E-4,4.987069045056336E-4,0.02861659868686475,5.445573780766924E-4,0.011357351591610476,6.411027721550287E-4,4.916889243087149E-4,2.934416888172451E-4,1.281789210078967E-4,5.205724070041232E-4,0.0012103543177521177,8.481837924990385E-4],[0.011812474252318983,0.001664509080944772,5.529794890888278E-4,1.3285463555376647E-4,0.004335536988150719,3.791990099664928E-4,1.0,0.005995484056406958,9.97941978061735E-4,5.628579001575242E-4,5.122152735196313E-4,8.810809285572758E-4,1.592949910909892E-4,1.8731248000624084E-4,0.0015615725279242922,2.390821384497271E-4,1.5352051060813006E-4,2.3096169553817348E-4,4.926746384668014E-4,0.0011424780472433082,6.498682532051687E-4,1.239835716454434E-4,3.1447362595753375E-4,0.0022583865130966266,0.007488003072533839,0.010934897545518603,1.8422138885479364E-4,1.1065868517763167E-4,2.1884870065557924E-4,0.006635710295841889,7.317119255903621E-4,0.0012821737919157476,0.012687068262098073,2.590032775431794E-4,1.2639473989879658E-4,1.685456917051981E-4,1.4639703055047864E-4,3.126039105270946E-4,0.026241108482664335,9.162486216551234E-5,0.013655954679012929,0.004210567249343293,2.1139744532358158E-4,1.9462611022037356E-4,2.06274417253138E-4,4.6232462021060825E-4,8.488250972378872E-4,0.0010742785776651463],[0.030025622640347235,0.009272620667235,0.0052955074184278285,0.005778274411834189,0.008523038934781336,0.009189115584887162,0.005995484056406958,1.0,0.010667612880988834,0.006658616776360772,0.0030764835766289907,0.004384661491329079,0.009816192620460304,7.48355588287183E-4,0.01117158664825038,0.0016358869244880276,0.010188022491161103,0.011512148740636515,0.0012893486438796476,0.0054808799187664155,0.0072892840682409425,6.498370431036274E-4,0.007780085055482826,0.012177359331887214,0.0594748641536029,0.01194184782817183,0.0026513076411411565,0.009394139832889408,0.0037318912159307236,0.015895242604116556,0.0030774026878819367,0.0105262698822473,0.025865811660339508,0.006633222153408069,0.009380776743704236,0.009336085366333473,0.00944251112416101,0.0057227209720729375,0.02036207436772967,0.005623816450388299,0.013641717936662379,0.03008024836156855,0.006268817770356876,0.01086318261322984,0.011844366079145612,0.005315158055701279,0.0026291527640005825,0.010728247561577402],[0.018160375171189895,0.0011060640670352082,8.772238586320285E-4,4.6639122392706843E-4,0.003179634188061427,9.367028178254352E-4,9.97941978061735E-4,0.010667612880988834,1.0,0.0010833660468879095,0.0010063502970214131,0.0010009602582393396,6.568385275357443E-4,6.555752865832455E-4,0.0024162662999215496,7.841170068574991E-4,3.722345399080926E-4,6.84032564825852E-4,7.993262759976132E-4,0.0017036449640004544,0.0010046066074303923,8.992529960735287E-4,0.0022642025400065177,0.006058853551937997,0.0012913259777449669,0.009304992386910967,4.8064023558391566E-4,9.567445026993167E-4,3.451567000954969E-4,0.017064903498395734,0.001481512479646762,0.0013338668308861333,0.023610217877956488,5.984486384072246E-4,6.140125340869893E-4,1.596159629479523E-4,4.706052545927404E-4,5.842511688111689E-4,0.030264270500869876,6.0610061581323256E-5,0.0072518618057989806,0.030887463442498403,2.676756199602674E-4,7.052638342576875E-4,4.0541599931263916E-4,6.69175790471382E-4,0.0011732486627071873,0.0012261809893340894],[0.03546991216646112,0.001575285345906449,0.001144770468984512,3.1080523500825373E-4,0.006861685398391609,9.572178923887447E-4,5.628579001575242E-4,0.006658616776360772,0.0010833660468879095,1.0,0.0012050625652323603,0.0011420584547844987,6.058588457600954E-4,5.380250577610263E-4,0.0016099474792780253,9.909173858251295E-4,5.025787600197303E-4,0.0011142938521168213,8.079321414749176E-4,0.0015217859933437216,0.0010341591416947607,0.0012015646080721647,0.003920652866226489,0.00941262546139738,0.05045801914746079,0.010427485160829374,3.5704748266786687E-4,1.9869587535135676E-4,0.0010385000858137785,0.00808070891069446,0.0014383904089798809,0.0012200528766873394,0.01096127689632194,0.0010447882323155594,2.215449272214499E-4,8.256493579821688E-4,2.9697846849484897E-4,7.012796600217923E-4,0.012736604344765153,7.278401270834254E-4,0.0030287391601763573,0.06033731259431448,4.91185010915109E-4,3.4224174002161025E-4,4.523377259728189E-4,6.699443590108098E-4,0.0012325351924890818,0.0013342341446541247],[0.03911493197731308,0.0013548322331914256,8.916899033406646E-4,6.663154835360065E-4,0.0011391687950550445,7.130550993959335E-4,5.122152735196313E-4,0.0030764835766289907,0.0010063502970214131,0.0012050625652323603,1.0,0.0010135092506801853,6.951834004318084E-4,3.6651147580343764E-4,0.0023899247729285353,5.605910215344812E-4,2.745216809441397E-4,8.949681537773035E-4,8.975190230349685E-4,0.0010565661594436828,0.0010188643678212847,5.562145367690883E-4,0.006474533992553284,0.001394084335700077,0.023026185670119527,0.007894864056459675,9.251910721939726E-4,5.520412691603688E-4,6.426190981614325E-4,0.00984811046717113,0.001489093085797546,0.0013220069993835802,0.02621494445220199,4.886447656519761E-4,6.029664002652289E-4,5.945125260026589E-4,8.659982564724143E-4,6.845108966384967E-4,0.033107773587257375,8.596932815509875E-4,0.009549456097161058,0.02765136066318859,6.556130229719395E-4,1.8711654007860684E-4,2.0768754598975023E-4,7.182359202745903E-4,0.0011536952375614572,0.0011755477242614385],[0.029093712021017043,0.0013464119377101884,8.690069651266417E-4,4.5991285423960124E-4,0.0012344844542458854,9.06158538291805E-4,8.810809285572758E-4,0.004384661491329079,0.0010009602582393396,0.0011420584547844987,0.0010135092506801853,1.0,5.325268249126748E-4,3.41522150199402E-4,0.0011385485543085442,9.447204116086187E-4,1.2736543466209147E-4,8.166656915960148E-4,9.332699438803706E-4,0.0010973721812442398,0.0010173245482121298,9.583015917580069E-4,0.005231913887245652,0.011201328796777238,0.05089103513454342,0.00953494357260752,7.987360587973874E-4,6.581970046987258E-4,7.890742215315229E-4,0.0012512792911322699,0.0010259203604981637,0.0010585365910848687,0.011564614178952461,8.869098229392415E-4,7.699617984484782E-4,6.729480054525416E-4,6.524218680993861E-4,4.211034402021507E-4,0.019813822941054063,8.34112845171315E-4,0.011665470372120892,0.05722743567600854,4.017338205420756E-4,6.19485362623455E-4,5.4960145626149976E-5,5.106377611219984E-4,0.0011088248416914774,0.001106637232728204],[0.023784435030689003,0.002424469701535462,6.789438504878463E-4,2.0858278417034303E-5,2.720915502661658E-4,3.581166374283574E-4,1.592949910909892E-4,0.009816192620460304,6.568385275357443E-4,6.058588457600954E-4,6.951834004318084E-4,5.325268249126748E-4,1.0,6.879189156196306E-5,8.978986378408269E-4,1.7986259043753326E-4,3.1496787995101256E-5,4.369039772756776E-5,3.5011044679027735E-4,8.202955033628897E-4,7.387538449987097E-4,2.410896632240926E-5,9.269976160221561E-4,0.008785539637570184,0.022251213390393716,0.00913671526516734,3.0419740670092602E-5,7.718113201242712E-5,3.77231024499922E-5,0.010342288469239127,1.0149400414225327E-4,0.0014512322304480842,0.061832695130349544,4.203995060044597E-5,1.9123818657079667E-5,7.234659629604871E-5,4.7938390610456876E-5,1.0652674684669502E-4,0.030990776267664073,2.909499248123747E-5,0.004980988869623579,0.003087534708133813,1.910718674279453E-4,1.598526770682933E-4,2.9831792985178735E-5,3.2942107148624096E-4,0.0010190487121596937,2.2951142891028154E-4],[0.041572428756139854,5.982010671937677E-4,2.9192488735285823E-4,7.736249953437381E-5,0.006696992295967955,4.0301815919843194E-4,1.8731248000624084E-4,7.48355588287183E-4,6.555752865832455E-4,5.380250577610263E-4,3.6651147580343764E-4,3.41522150199402E-4,6.879189156196306E-5,1.0,0.002703876060162815,1.3106113660426715E-4,2.71962226163843E-5,5.04508080978641E-4,2.0692625795440379E-4,7.96862729794882E-4,9.353093824138531E-4,1.0310857650667374E-4,0.006244765599793551,0.005310850425141254,0.00960830089245185,0.007439818637919347,7.133578105625925E-5,1.0450908898020885E-4,1.562288906016668E-4,0.008838295989225363,0.0015391716693357628,9.255177510458754E-4,0.049135503565600966,1.1045794945661897E-4,3.8236059969673085E-5,1.0202570409493046E-4,1.0939377175080827E-4,3.689794550174782E-4,0.025525927371169505,4.144304745737287E-5,0.004146325401602067,0.023069144820778348,1.5721181033922493E-4,1.3655116272616458E-4,3.690166115666947E-5,2.914127257176583E-4,9.72103061313854E-4,9.986581932476775E-4],[0.004411527599376984,0.002868151133027534,0.002081278857948226,5.239545065897475E-4,0.00360980271471718,0.001686526013418729,0.0015615725279242922,0.01117158664825038,0.0024162662999215496,0.0016099474792780253,0.0023899247729285353,0.0011385485543085442,8.978986378408269E-4,0.002703876060162815,1.0,0.001141589711693492,0.002246407350997655,0.002634966557443731,9.686354610667039E-4,0.0019874368448778283,0.0025482639405175027,8.128987055608386E-4,0.004017155551528362,0.010878600237448542,0.04685888498956508,0.012240396620782796,0.002064717722846754,0.0024821030246286314,0.001421594123471995,0.017395772757384777,0.0020570207227954213,0.0024775453854336956,0.06220612305027482,0.002213489272736416,0.001846504694766724,0.0019940283905567294,0.0020417371659495875,0.0023808626927298722,0.005962167718427516,5.35442915210608E-4,0.01263897250293231,0.019128995361305322,0.0021118806245516075,0.0011615073007849338,0.0014656398396676944,7.320082337580636E-4,0.0026347958659531214,0.0019376905266858158],[0.0090859459697705,0.0012534119579064448,7.587043919446293E-4,3.0834202409233606E-4,0.0034015457295028914,4.173260049576607E-4,2.390821384497271E-4,0.0016358869244880276,7.841170068574991E-4,9.909173858251295E-4,5.605910215344812E-4,9.447204116086187E-4,1.7986259043753326E-4,1.3106113660426715E-4,0.001141589711693492,1.0,3.000605640654778E-4,5.349666354206411E-4,3.6924814377506274E-4,0.001035659851850183,9.724262991951862E-4,2.575876702361095E-4,0.0034449381498187245,0.011380699551999274,0.03167076304236555,0.011903739304478154,4.0976795047417084E-5,1.3008643091754518E-4,2.963436266543413E-4,0.003921301730536631,5.388620129985347E-4,4.334428057518596E-4,0.01553055430868304,3.0725998791301734E-4,8.871877185545255E-5,2.8558894151840646E-4,1.3062850120936742E-4,3.71769681626059E-4,0.01165313457820192,5.1155096431173614E-5,0.0010444796559985312,0.042381501047853695,2.471527580841603E-4,2.474456014869905E-4,7.123619547342924E-5,3.802344933402702E-4,8.989516056406674E-4,7.556878831263494E-4],[0.0029492071682773943,0.0015484261611761268,5.397029746852534E-5,1.6538182881720354E-5,0.0036157722749004893,9.551178958464356E-5,1.5352051060813006E-4,0.010188022491161103,3.722345399080926E-4,5.025787600197303E-4,2.745216809441397E-4,1.2736543466209147E-4,3.1496787995101256E-5,2.71962226163843E-5,0.002246407350997655,3.000605640654778E-4,1.0,7.878521010271894E-5,3.919233782958451E-4,9.562034281286191E-4,8.590558225034922E-4,1.5348996663629444E-5,0.006232483216809649,0.009306093088419346,0.028024570350594837,0.005586659060292504,1.5393988975072043E-5,1.0181750064351107E-4,5.4760115181227306E-5,0.017471774017924074,4.692427125751679E-4,6.258212147967314E-4,0.018028224353603226,7.892724402738787E-5,1.4806429563483676E-5,1.6276125595629743E-5,8.410565050795875E-5,3.624517090695952E-4,0.00638738867851184,1.5189720369604979E-5,0.0025730474257231522,0.009984922088210573,8.498419016566135E-5,1.1672324913426171E-4,1.5095485455775681E-5,2.8349086873922656E-4,6.549706401011381E-4,0.0010104619605684243],[0.03710003763699854,0.002496392889194027,6.926752015384251E-4,1.2506800715836384E-4,0.005716659154270972,5.655007471324482E-4,2.3096169553817348E-4,0.011512148740636515,6.84032564825852E-4,0.0011142938521168213,8.949681537773035E-4,8.166656915960148E-4,4.369039772756776E-5,5.04508080978641E-4,0.002634966557443731,5.349666354206411E-4,7.878521010271894E-5,1.0,5.385861691922338E-4,9.71810307090387E-4,9.282151672715662E-4,6.241804657349046E-4,0.006410586636700005,0.003165694800414338,0.04316440997139335,0.004220273664125734,1.7090484229697166E-4,6.173583318305308E-4,5.228692513727504E-4,0.005973727341390551,0.0014465095556094442,0.0012948483621226146,0.06117512601723285,4.022734532032282E-4,1.8832930081451852E-4,2.7490805299697164E-4,6.647772346401556E-4,4.6897224120087265E-4,0.004041212549121542,5.488700871211237E-4,0.013278892393283165,0.0359932323768383,6.116340334534683E-4,2.5397870342806235E-4,8.577950211892549E-5,6.053729573357806E-4,0.001045871564446026,0.0013286711610791132],[0.007785272894135705,0.00150942058662666,5.462713856644092E-4,2.0010782097914587E-4,0.004467167044757887,5.270219819447352E-4,4.926746384668014E-4,0.0012893486438796476,7.993262759976132E-4,8.079321414749176E-4,8.975190230349685E-4,9.332699438803706E-4,3.5011044679027735E-4,2.0692625795440379E-4,9.686354610667039E-4,3.6924814377506274E-4,3.919233782958451E-4,5.385861691922338E-4,1.0,0.0013445529101562856,5.99579288688648E-4,4.090524532439197E-4,0.005612955269901107,0.004596642274225618,0.004860074745605731,0.0019948456235107746,3.3249962261167005E-4,2.842366311706373E-4,3.204012759965938E-4,0.011470963774974096,0.0013939908601808357,5.825683617638027E-4,0.030552916028626927,4.929160004593367E-4,1.4263158668118993E-4,3.590062474913548E-4,1.7215003014725225E-4,4.5117976107967006E-4,0.03197992334208677,1.8589146036202388E-4,0.001695813193822109,0.012482296105384073,4.430816633253222E-4,2.372639809813356E-4,8.754958035674569E-5,5.045259974126512E-4,0.0011299653756280585,7.87296771104738E-4],[0.029626584937436126,0.0026118512412443627,9.927177748420115E-4,0.001472744967943105,0.0019047451169327129,0.0010846021715708145,0.0011424780472433082,0.0054808799187664155,0.0017036449640004544,0.0015217859933437216,0.0010565661594436828,0.0010973721812442398,8.202955033628897E-4,7.96862729794882E-4,0.0019874368448778283,0.001035659851850183,9.562034281286191E-4,9.71810307090387E-4,0.0013445529101562856,1.0,0.0016300855121427218,8.95102755904471E-4,0.006345903901998957,0.0042431071117765215,0.04128116767210052,0.011245269501523093,0.0015175750859775065,7.840432339044275E-4,3.442435363781868E-4,0.008670257173720658,0.0016793002034868338,0.001708858125849714,0.02630912467241721,0.0012777049591521496,1.8321926327978527E-4,0.0014909776439562966,0.0015025851934077786,8.379098682955563E-4,0.014239522449293916,2.3149895693807906E-5,0.011237246010111498,0.0763079589255413,0.0015345112381213047,6.674531344400176E-4,9.644752856194145E-4,5.099900042628174E-4,0.0015164234243093214,0.0017710244210348471],[0.0308809012469869,0.0023371059444531536,9.043165321616114E-4,4.650372278003511E-4,0.0027901593223301413,6.918911499169464E-4,6.498682532051687E-4,0.0072892840682409425,0.0010046066074303923,0.0010341591416947607,0.0010188643678212847,0.0010173245482121298,7.387538449987097E-4,9.353093824138531E-4,0.0025482639405175027,9.724262991951862E-4,8.590558225034922E-4,9.282151672715662E-4,5.99579288688648E-4,0.0016300855121427218,1.0,8.992198687524765E-4,0.004686552186113899,0.0010893319260472801,0.056084475141206194,0.008152225781162415,3.219542017652638E-4,6.05120138489679E-4,7.412877360041763E-4,0.016080260890255525,0.0013086339548952805,0.0011919038505449641,0.007700347202825675,4.730956691657846E-4,4.1697943620852036E-4,7.230686277454049E-4,3.3551388062369236E-4,4.2196426791897947E-4,0.007407675528871841,7.908694822994309E-4,0.0015309759754272962,0.06056686102892717,2.2608726145287672E-4,5.491645599309298E-4,9.329135911462819E-4,9.371917674525337E-4,0.0010933382503386377,0.001219160505302416],[0.036977531063452126,0.002609585769820251,8.490200256163901E-4,1.8329316870426487E-5,7.057428823518E-4,2.1284938597974606E-4,1.239835716454434E-4,6.498370431036274E-4,8.992529960735287E-4,0.0012015646080721647,5.562145367690883E-4,9.583015917580069E-4,2.410896632240926E-5,1.0310857650667374E-4,8.128987055608386E-4,2.575876702361095E-4,1.5348996663629444E-5,6.241804657349046E-4,4.090524532439197E-4,8.95102755904471E-4,8.992198687524765E-4,1.0,1.7119314264857143E-4,0.0121242813238758,0.05461340152678927,0.004268464948085205,1.9395201660500117E-5,7.712647539108841E-5,5.6096484881981164E-5,0.01667114003394482,6.672418776521274E-5,4.944928913259052E-4,0.04093879853034915,2.8620162916665685E-4,1.705042851812378E-5,3.8519215482338E-5,3.140145986829478E-5,6.41647139681261E-5,0.028256931882339086,1.799227736983904E-5,0.009496897528103298,2.5501609091223585E-4,5.668458894380441E-5,4.5321807361224406E-5,1.6997849601240607E-5,4.3825409615612403E-4,8.509583927211022E-4,7.738770323528105E-4],[0.01372375950319762,0.006343538030365296,0.002504695247389739,0.005333883418720345,0.006700118030997557,0.006084032079951177,3.1447362595753375E-4,0.007780085055482826,0.0022642025400065177,0.003920652866226489,0.006474533992553284,0.005231913887245652,9.269976160221561E-4,0.006244765599793551,0.004017155551528362,0.0034449381498187245,0.006232483216809649,0.006410586636700005,0.005612955269901107,0.006345903901998957,0.004686552186113899,1.7119314264857143E-4,1.0,0.00958927904543678,0.04578631701467456,0.007861430438634624,0.0013529289385422758,0.004423799041021712,0.00154350874997868,0.0077342046691792855,0.0016781312440297628,0.006010208111471075,0.022275385942566683,0.0013866224348280333,0.002497078477237348,0.0025243980343641033,0.002415364183840904,0.005637130650869259,0.013614598429085915,0.0031527948419166254,0.0085474844026737,0.026065621421454938,0.0012223036108610942,0.0050422798605331285,0.0012674508180428603,0.0014186778430608244,0.0013377892396396944,0.002188822732010174],[0.015004172564285469,0.004626374346322334,0.003944971121628181,8.620286733365213E-4,0.010979834471000023,0.006492615361274136,0.0022583865130966266,0.012177359331887214,0.006058853551937997,0.00941262546139738,0.001394084335700077,0.011201328796777238,0.008785539637570184,0.005310850425141254,0.010878600237448542,0.011380699551999274,0.009306093088419346,0.003165694800414338,0.004596642274225618,0.0042431071117765215,0.0010893319260472801,0.0121242813238758,0.00958927904543678,1.0,0.03827231408402214,0.012269114901251817,5.215688730273491E-4,0.0075593539606390895,0.003110725635471737,0.01303942588599015,0.008942289156552985,0.005223224025899112,0.03312096705932335,0.007402969143709636,0.011728919691413972,0.008511004585185031,0.0023652168094228376,0.008546206871745845,0.030087536029242933,0.00266445535229695,0.013586763798928946,0.053264554021864904,0.0053691735219493575,0.006359654404231595,0.003344416385780403,0.012172741826716082,0.0035864415183005,0.002707617813169913],[0.05550847385470412,0.049111001832878864,0.060626191087613975,0.00945780881954542,0.026157201753649877,0.01970646950417092,0.007488003072533839,0.0594748641536029,0.0012913259777449669,0.05045801914746079,0.023026185670119527,0.05089103513454342,0.022251213390393716,0.00960830089245185,0.04685888498956508,0.03167076304236555,0.028024570350594837,0.04316440997139335,0.004860074745605731,0.04128116767210052,0.056084475141206194,0.05461340152678927,0.04578631701467456,0.03827231408402214,1.0,0.04240779694243398,0.02266771134862521,0.021834764026903312,0.039781982997642906,0.029690609394629416,0.01092296521907625,0.011182922483823628,0.06325360822607984,0.025538925592836898,0.038245589756120635,0.05087639802930137,0.016101457479421218,0.04592679001392494,0.03854506618431017,0.029884452128438384,0.05919988750252559,0.07446233316595467,0.04155667775842136,0.029499998235067607,0.02118116019673879,0.04678495424636149,0.055747653846799194,0.047111503700324964],[0.022866584534252922,0.011509113352493723,0.006107728862059046,0.009830557546896237,0.012047495844083284,0.007864857927680326,0.010934897545518603,0.01194184782817183,0.009304992386910967,0.010427485160829374,0.007894864056459675,0.00953494357260752,0.00913671526516734,0.007439818637919347,0.012240396620782796,0.011903739304478154,0.005586659060292504,0.004220273664125734,0.0019948456235107746,0.011245269501523093,0.008152225781162415,0.004268464948085205,0.007861430438634624,0.012269114901251817,0.04240779694243398,1.0,0.006639471422543451,0.005400621812967257,6.070523081002006E-4,0.013159729196666047,0.00927537632212902,0.006381401490910834,0.04980556461833492,0.0029515762318262813,0.012052028260092034,0.004885450677102607,0.003575114134843259,0.011223260517472513,0.03134146140468386,0.012081765951488462,0.013698383359702401,0.05790015672821932,0.0016457577936590472,0.005275053427362291,0.009262608415906799,0.007404281462891217,0.0041454688122061455,0.008039927648068584],[0.037017397519072535,0.0018972894460342628,3.92186586235884E-4,1.9871926371219948E-5,0.005556825218850736,7.439926843715487E-5,1.8422138885479364E-4,0.0026513076411411565,4.8064023558391566E-4,3.5704748266786687E-4,9.251910721939726E-4,7.987360587973874E-4,3.0419740670092602E-5,7.133578105625925E-5,0.002064717722846754,4.0976795047417084E-5,1.5393988975072043E-5,1.7090484229697166E-4,3.3249962261167005E-4,0.0015175750859775065,3.219542017652638E-4,1.9395201660500117E-5,0.0013529289385422758,5.215688730273491E-4,0.02266771134862521,0.006639471422543451,1.0,7.493346860062865E-5,1.766877556212758E-4,0.012556558524642178,0.0015064664011170997,4.7607272060755157E-4,0.04539710307098997,1.9290689681076423E-4,1.5825859937149977E-5,5.0852580333562286E-5,5.9295488684835295E-5,2.3986773799951556E-4,0.02945060349909662,1.7318058477479633E-5,0.0011368480691960202,0.018425185937320995,1.683269719074765E-4,1.560879063171598E-4,1.678512372378716E-5,4.195427360720007E-4,0.001209188077992109,2.4788477890214236E-4],[0.0016620799388333894,0.00229704530003061,4.6491842217887507E-4,8.623368864415541E-5,0.003366057018388888,4.259825768792621E-4,1.1065868517763167E-4,0.009394139832889408,9.567445026993167E-4,1.9869587535135676E-4,5.520412691603688E-4,6.581970046987258E-4,7.718113201242712E-5,1.0450908898020885E-4,0.0024821030246286314,1.3008643091754518E-4,1.0181750064351107E-4,6.173583318305308E-4,2.842366311706373E-4,7.840432339044275E-4,6.05120138489679E-4,7.712647539108841E-5,0.004423799041021712,0.0075593539606390895,0.021834764026903312,0.005400621812967257,7.493346860062865E-5,1.0,1.8543765665880328E-4,0.007228935459516078,7.478281980054713E-4,2.6484985210890004E-4,0.04105444070059647,1.320458331244614E-4,6.0431097640628206E-5,1.0330298182531733E-4,1.272129490541378E-4,2.6751974107103415E-4,0.007438841623879907,4.698789362549362E-5,0.00502432507069423,0.03738349136755103,1.9283647165636478E-4,1.3300556793152882E-4,8.035868575052836E-5,4.1783958281716745E-4,2.5592010600147163E-4,5.297629937446502E-4],[0.029436367764478225,4.884053736563605E-4,7.9213136172233E-4,7.02518388600562E-5,0.002660808054329997,4.287477884392963E-4,2.1884870065557924E-4,0.0037318912159307236,3.451567000954969E-4,0.0010385000858137785,6.426190981614325E-4,7.890742215315229E-4,3.77231024499922E-5,1.562288906016668E-4,0.001421594123471995,2.963436266543413E-4,5.4760115181227306E-5,5.228692513727504E-4,3.204012759965938E-4,3.442435363781868E-4,7.412877360041763E-4,5.6096484881981164E-5,0.00154350874997868,0.003110725635471737,0.039781982997642906,6.070523081002006E-4,1.766877556212758E-4,1.8543765665880328E-4,1.0,0.006735139218973592,5.899110591062152E-4,0.0014032118664069266,0.00664959348746749,2.6317538068142214E-4,5.6377364323774754E-5,1.450499981319371E-4,1.6954535186188127E-4,2.1655440266063526E-4,0.01239768529863885,8.958762675489119E-5,0.0100154851268447,0.041163131725988546,2.001659421572647E-4,1.8674708694923098E-4,1.0155873788428303E-4,4.172898322603746E-4,4.634522367181527E-4,0.0010475459381778622],[0.033657311702228354,0.015934436532559052,0.007995078575339041,0.011649445430089226,0.012053061019514345,0.0025080063743777273,0.006635710295841889,0.015895242604116556,0.017064903498395734,0.00808070891069446,0.00984811046717113,0.0012512792911322699,0.010342288469239127,0.008838295989225363,0.017395772757384777,0.003921301730536631,0.017471774017924074,0.005973727341390551,0.011470963774974096,0.008670257173720658,0.016080260890255525,0.01667114003394482,0.0077342046691792855,0.01303942588599015,0.029690609394629416,0.013159729196666047,0.012556558524642178,0.007228935459516078,0.006735139218973592,1.0,0.007684550617986598,0.015521660681089108,0.03282244687451177,0.015651191351479413,0.003918508486392609,0.01026842581565947,0.016950036745426323,0.0053062637060013705,0.023773964418995076,0.013855852855739441,0.016550008514853866,0.04552932409592808,0.009748385931154178,0.0017136714553969044,0.00916334898435944,0.013223009113413047,0.005209068747884708,0.01594112104471186],[0.003038284871024011,0.0017147957992805125,0.001330984137080568,2.2262569470750285E-4,0.001727261477082311,8.477143182144312E-4,7.317119255903621E-4,0.0030774026878819367,0.001481512479646762,0.0014383904089798809,0.001489093085797546,0.0010259203604981637,1.0149400414225327E-4,0.0015391716693357628,0.0020570207227954213,5.388620129985347E-4,4.692427125751679E-4,0.0014465095556094442,0.0013939908601808357,0.0016793002034868338,0.0013086339548952805,6.672418776521274E-5,0.0016781312440297628,0.008942289156552985,0.01092296521907625,0.00927537632212902,0.0015064664011170997,7.478281980054713E-4,5.899110591062152E-4,0.007684550617986598,1.0,0.0015222187562724844,0.013175553283693913,0.0012508634273094964,6.006814976676833E-4,0.0012664756474622945,8.391351051540659E-4,5.44379349498825E-4,0.008233924725420625,0.0010064789547299092,0.002338534476565719,0.037632216127125015,4.685564705548159E-4,9.390994777137209E-4,5.52654665280944E-4,0.0015491747042470166,0.00141687540699839,0.0014664551480112306],[0.02689779666447063,0.0031369819220510363,9.176158923787282E-4,2.6570629061511665E-4,0.0018770679962562251,0.0012292322693487755,0.0012821737919157476,0.0105262698822473,0.0013338668308861333,0.0012200528766873394,0.0013220069993835802,0.0010585365910848687,0.0014512322304480842,9.255177510458754E-4,0.0024775453854336956,4.334428057518596E-4,6.258212147967314E-4,0.0012948483621226146,5.825683617638027E-4,0.001708858125849714,0.0011919038505449641,4.944928913259052E-4,0.006010208111471075,0.005223224025899112,0.011182922483823628,0.006381401490910834,4.7607272060755157E-4,2.6484985210890004E-4,0.0014032118664069266,0.015521660681089108,0.0015222187562724844,1.0,0.010745138463810585,5.68524792330406E-4,8.632149704017201E-4,0.0010013862009494569,0.0011150817123082488,0.001203427967736154,0.005614085967730515,7.796696826462862E-4,0.009212518737166166,0.06296443565433968,2.0567291026057103E-4,0.0013816181277730398,8.67537051308089E-4,8.652842128405104E-4,0.0012576028839589453,0.0013805245604735883],[0.05067673469921088,0.06562832497048512,0.013085435241784038,0.01792119639280852,0.04875261165275695,0.038430105236911205,0.012687068262098073,0.025865811660339508,0.023610217877956488,0.01096127689632194,0.02621494445220199,0.011564614178952461,0.061832695130349544,0.049135503565600966,0.06220612305027482,0.01553055430868304,0.018028224353603226,0.06117512601723285,0.030552916028626927,0.02630912467241721,0.007700347202825675,0.04093879853034915,0.022275385942566683,0.03312096705932335,0.06325360822607984,0.04980556461833492,0.04539710307098997,0.04105444070059647,0.00664959348746749,0.03282244687451177,0.013175553283693913,0.010745138463810585,1.0,0.03203219094833753,0.02128527683897517,0.05518893065217784,0.06272127682305162,0.015132621724134935,0.048705981433058154,0.040824604171168836,0.02678657714195211,0.07671520924896437,0.024226876431754113,0.023813550576260258,0.0526658530497203,0.014827358604326268,0.010946816603367703,0.0504076838708821],[0.009153248948987953,0.0013115563471419785,6.233844551710698E-4,2.6734494069624305E-4,0.003599900721631955,5.291386711962545E-4,2.590032775431794E-4,0.006633222153408069,5.984486384072246E-4,0.0010447882323155594,4.886447656519761E-4,8.869098229392415E-4,4.203995060044597E-5,1.1045794945661897E-4,0.002213489272736416,3.0725998791301734E-4,7.892724402738787E-5,4.022734532032282E-4,4.929160004593367E-4,0.0012777049591521496,4.730956691657846E-4,2.8620162916665685E-4,0.0013866224348280333,0.007402969143709636,0.025538925592836898,0.0029515762318262813,1.9290689681076423E-4,1.320458331244614E-4,2.6317538068142214E-4,0.015651191351479413,0.0012508634273094964,5.68524792330406E-4,0.03203219094833753,1.0,2.5085224154577874E-4,1.1071540144171189E-4,2.263172849427311E-4,3.581926979963371E-4,0.03354571705078354,2.72347345722776E-5,0.0035311560313784117,0.03584159714775342,2.392621571556312E-4,2.420180021912295E-4,1.8385766858536082E-4,4.4324493757830457E-4,6.777360421821362E-4,0.001106065106664716],[0.012773352407772675,0.003002046962655816,3.3594092681398196E-4,1.5615425469236315E-5,0.0035373711786920265,4.95974264096889E-4,1.2639473989879658E-4,0.009380776743704236,6.140125340869893E-4,2.215449272214499E-4,6.029664002652289E-4,7.699617984484782E-4,1.9123818657079667E-5,3.8236059969673085E-5,0.001846504694766724,8.871877185545255E-5,1.4806429563483676E-5,1.8832930081451852E-4,1.4263158668118993E-4,1.8321926327978527E-4,4.1697943620852036E-4,1.705042851812378E-5,0.002497078477237348,0.011728919691413972,0.038245589756120635,0.012052028260092034,1.5825859937149977E-5,6.0431097640628206E-5,5.6377364323774754E-5,0.003918508486392609,6.006814976676833E-4,8.632149704017201E-4,0.02128527683897517,2.5085224154577874E-4,1.0,4.968099535667241E-5,7.280042327011116E-5,2.545200431047629E-4,0.018751038909554693,1.3750047540512306E-5,0.0032339328580758045,0.02794609697258693,5.2655615654574064E-5,1.6109066366973843E-4,1.4860335832253774E-5,3.960557177463012E-4,1.538125486955676E-4,7.88534870496911E-4],[0.02458588306426074,0.0022323927997114764,5.845600166619956E-4,6.890078624178547E-5,0.006860052850464173,3.94240338322617E-4,1.685456917051981E-4,0.009336085366333473,1.596159629479523E-4,8.256493579821688E-4,5.945125260026589E-4,6.729480054525416E-4,7.234659629604871E-5,1.0202570409493046E-4,0.0019940283905567294,2.8558894151840646E-4,1.6276125595629743E-5,2.7490805299697164E-4,3.590062474913548E-4,0.0014909776439562966,7.230686277454049E-4,3.8519215482338E-5,0.0025243980343641033,0.008511004585185031,0.05087639802930137,0.004885450677102607,5.0852580333562286E-5,1.0330298182531733E-4,1.450499981319371E-4,0.01026842581565947,0.0012664756474622945,0.0010013862009494569,0.05518893065217784,1.1071540144171189E-4,4.968099535667241E-5,1.0,1.165173203276888E-4,1.455043121603465E-4,0.015722125149234465,8.806928674523109E-5,0.0065035710293167015,0.06050475548971457,1.891710497154928E-4,1.7508792075875723E-4,9.58988349705184E-5,2.9976301465934794E-4,6.256499680216399E-4,4.662324606526328E-4],[0.03953166381858121,9.004016099234E-4,4.865965176226055E-4,7.771714007876517E-5,0.0026406769296264936,5.009088229141965E-4,1.4639703055047864E-4,0.00944251112416101,4.706052545927404E-4,2.9697846849484897E-4,8.659982564724143E-4,6.524218680993861E-4,4.7938390610456876E-5,1.0939377175080827E-4,0.0020417371659495875,1.3062850120936742E-4,8.410565050795875E-5,6.647772346401556E-4,1.7215003014725225E-4,0.0015025851934077786,3.3551388062369236E-4,3.140145986829478E-5,0.002415364183840904,0.0023652168094228376,0.016101457479421218,0.003575114134843259,5.9295488684835295E-5,1.272129490541378E-4,1.6954535186188127E-4,0.016950036745426323,8.391351051540659E-4,0.0011150817123082488,0.06272127682305162,2.263172849427311E-4,7.280042327011116E-5,1.165173203276888E-4,1.0,2.660537148510341E-4,0.0290817397341045,5.278686397236028E-5,0.012339376653047832,0.0748357326238042,1.892622871062404E-4,1.3830335032131958E-4,1.2137236195155014E-4,3.642372262601148E-4,3.7159006833351055E-4,4.5735782988630804E-4],[0.025381254827162702,0.0029287486511016926,4.949098245491785E-4,1.333956904302975E-4,0.0013257847561683308,4.987069045056336E-4,3.126039105270946E-4,0.0057227209720729375,5.842511688111689E-4,7.012796600217923E-4,6.845108966384967E-4,4.211034402021507E-4,1.0652674684669502E-4,3.689794550174782E-4,0.0023808626927298722,3.71769681626059E-4,3.624517090695952E-4,4.6897224120087265E-4,4.5117976107967006E-4,8.379098682955563E-4,4.2196426791897947E-4,6.41647139681261E-5,0.005637130650869259,0.008546206871745845,0.04592679001392494,0.011223260517472513,2.3986773799951556E-4,2.6751974107103415E-4,2.1655440266063526E-4,0.0053062637060013705,5.44379349498825E-4,0.001203427967736154,0.015132621724134935,3.581926979963371E-4,2.545200431047629E-4,1.455043121603465E-4,2.660537148510341E-4,1.0,0.015477540774983325,3.4562437813637334E-4,0.012088095488199226,0.0459719618766089,3.148106647463459E-4,3.131476611911626E-4,1.7975813448276566E-4,4.953722938084076E-4,0.001197600380176212,9.600436624522214E-4],[0.03984726798693001,0.026509185140604127,0.02919944601562188,0.02947278332769416,0.018983276509260082,0.02861659868686475,0.026241108482664335,0.02036207436772967,0.030264270500869876,0.012736604344765153,0.033107773587257375,0.019813822941054063,0.030990776267664073,0.025525927371169505,0.005962167718427516,0.01165313457820192,0.00638738867851184,0.004041212549121542,0.03197992334208677,0.014239522449293916,0.007407675528871841,0.028256931882339086,0.013614598429085915,0.030087536029242933,0.03854506618431017,0.03134146140468386,0.02945060349909662,0.007438841623879907,0.01239768529863885,0.023773964418995076,0.008233924725420625,0.005614085967730515,0.048705981433058154,0.03354571705078354,0.018751038909554693,0.015722125149234465,0.0290817397341045,0.015477540774983325,1.0,0.010558054990536702,0.019840095916162016,0.06501969230097782,0.016960405756774703,0.02701389840591435,0.009398546611840955,0.03270494074984382,0.019729713901202154,0.02360163143331591],[0.021914092835876243,3.740227049187096E-4,2.924494903495685E-4,1.8216579575946138E-5,0.0032460490180649467,5.445573780766924E-4,9.162486216551234E-5,0.005623816450388299,6.0610061581323256E-5,7.278401270834254E-4,8.596932815509875E-4,8.34112845171315E-4,2.909499248123747E-5,4.144304745737287E-5,5.35442915210608E-4,5.1155096431173614E-5,1.5189720369604979E-5,5.488700871211237E-4,1.8589146036202388E-4,2.3149895693807906E-5,7.908694822994309E-4,1.799227736983904E-5,0.0031527948419166254,0.00266445535229695,0.029884452128438384,0.012081765951488462,1.7318058477479633E-5,4.698789362549362E-5,8.958762675489119E-5,0.013855852855739441,0.0010064789547299092,7.796696826462862E-4,0.040824604171168836,2.72347345722776E-5,1.3750047540512306E-5,8.806928674523109E-5,5.278686397236028E-5,3.4562437813637334E-4,0.010558054990536702,1.0,0.01044706171792528,0.011652234789075256,2.1432211029356662E-5,1.6132196025192422E-4,1.4598528755042028E-5,2.0513910594822205E-4,1.4354135273790352E-4,0.0010885339215949313],[0.014500852093896194,0.0034594665097153598