[[1.0,8.552734586966481E-4,1.4535729283389495E-4,0.0016885223624295029,3.379523283923754E-5,1.69222194898951E-5,0.010791493633253638,1.1417632995592309E-5,0.0010931610650260282,2.922374260549037E-4,1.937786423006029E-5,0.022433829179819346,1.3388944606037068E-4,1.0819165352513864E-4,3.031515582575571E-5,0.0020135695015125596,0.009692502913095239,1.9181915162031522E-5,0.004734685010208483,8.761528051528149E-4,2.0333464133138988E-4,4.0360488027266363E-4,1.4734035123523835E-5,5.265237692390508E-5,4.8318885322262014E-5,3.201274929962695E-5,1.9300753460422464E-4,0.03396791821790195,7.672003173618607E-4,0.0076134286393027256,0.021103670510420197,0.0012074621666163766,5.118717986129453E-5,7.044145309161151E-5,0.0013659004607128275,9.155127351516643E-5,0.0015490476150264137,0.0022318593566929444,2.0968738280573374E-4,5.837296148920066E-5,0.0012427523886589388,6.49008555746441E-5,0.007799982415442644,8.909735034263453E-5,0.01585436892682054],[8.552734586966481E-4,1.0,8.995012275252978E-4,0.0043882925143395625,1.881282466648443E-4,6.255173462121955E-4,0.0015598431965398603,8.164540554222075E-4,0.0011107237677903492,6.302958539215386E-4,2.2496627025601825E-4,0.00125309204075296,0.0011956290511378016,2.5985717112613795E-4,8.664346474876053E-4,0.002761538770222319,0.00752805044562436,3.371342622915312E-4,0.014730111689516278,0.0010802569703541344,0.0010553332857449467,0.001056378530268271,3.605566792582265E-4,4.169965975030021E-4,9.944150398545277E-4,7.867607757836462E-5,0.0010196517113217744,0.02473565573907375,9.800430401498952E-4,0.005216968023452199,0.01730203235971918,0.0012863510761028925,6.342403065251869E-4,2.174213394152139E-4,0.0015808534459159254,1.8403044625630552E-4,0.0014379073918388743,0.008781242655394742,9.200743855672038E-4,9.337232940179817E-4,0.0011918382985766467,5.476098822668527E-4,0.007887897096541857,9.88318770675479E-4,0.007608980530515657],[1.4535729283389495E-4,8.995012275252978E-4,1.0,0.005462071345631898,1.4200036697012034E-4,1.3769747830382474E-4,0.003209795058588744,3.0005879772945702E-5,9.423967199404541E-4,2.0665448220636275E-4,1.3919150872178135E-4,0.006768455714644259,9.769279109662975E-4,1.8097824477184923E-4,1.562518479933512E-4,0.015331647357524646,0.010789152896826876,7.18251930383864E-5,0.0019330272172211106,4.5350910744711896E-4,2.7045915786596956E-4,6.841793063416244E-4,8.965116499299318E-5,1.819321897345851E-4,1.5047471993271614E-4,1.4859427578523497E-4,5.187544480363239E-4,0.026106087889248786,2.516927660580308E-4,0.00906892413533115,0.02000543481432333,2.277662633126915E-4,2.3390440404907876E-4,1.3616166187924663E-4,8.896706375569527E-4,1.0369774153824157E-4,5.203821150334393E-4,0.002234522767861783,2.2790176446986369E-4,1.4465654606697517E-4,5.694838017888889E-4,1.3919734951989797E-4,0.0062660706315766064,1.2590326784691117E-4,0.017959566327030923],[0.0016885223624295029,0.0043882925143395625,0.005462071345631898,1.0,0.00437518473093394,0.001449663421107709,0.013278501225930106,0.0011335060166494271,0.0012887452838771915,0.0027820769142824953,0.0036623994530941405,0.012963998164593022,0.006429568532163371,5.148090120495367E-4,0.0019004135972272786,0.021473288816477327,0.02643788367321615,0.003069902226487328,0.01176681195851269,0.0038083340352970518,0.00440422048437648,0.0040230089473492076,0.006333768880746867,0.0034494512715407886,0.002674471590614329,0.0069753498146207585,0.005444788069792514,0.013785132041768643,0.0036924625854588143,0.009432576874823344,0.00947923988726079,0.0059513881725427025,6.450474106974293E-4,0.0031600705866362874,0.0031411143185824403,0.004706137973255092,0.005507244485997067,0.008986244684503266,0.0035755751170895504,8.635337923164213E-4,0.001346724080786439,0.00623314539150135,0.007380615730823543,0.002762158871724809,0.016866808715982118],[3.379523283923754E-5,1.881282466648443E-4,1.4200036697012034E-4,0.00437518473093394,1.0,4.938964565989193E-5,0.010564797473124082,4.141019939017102E-5,4.4040857047808246E-4,3.172760323511328E-4,4.9836043292063824E-5,0.006347545728730025,2.050441038309931E-4,8.448573188855095E-5,2.017623647385451E-4,0.01855058446133157,0.012133491453548789,4.028932733464572E-5,0.0037677139073726868,1.1861870593141736E-4,7.251196512674138E-5,0.0010260175870808234,3.843362983078626E-5,1.7808282322406182E-4,9.264038351196435E-5,5.104983755714948E-5,5.354843112915671E-4,0.01563331395690505,4.860601054208638E-4,0.012871652982991677,0.01639881764571078,0.0017016470415200202,2.0361585990084707E-4,5.698307467861301E-5,0.001217052507261293,5.890616807745433E-5,7.592722709645966E-4,0.005661764880166033,5.411564430727888E-5,6.223709682164977E-5,0.0011216798529718889,6.223495557939364E-5,0.0027111062140881947,9.252739584574335E-5,0.012843561542315623],[1.69222194898951E-5,6.255173462121955E-4,1.3769747830382474E-4,0.001449663421107709,4.938964565989193E-5,1.0,0.010301459723275069,1.6935517114479248E-5,0.0010774824197059656,2.6386605707627055E-4,3.2188401203331995E-5,0.018702199903223783,4.479839460214388E-4,5.4794082137892805E-5,6.79593050452732E-5,0.01488778493049498,0.0014829724672077715,2.8242431111405714E-5,0.0016358774932725584,0.0010588652693062197,3.2363087481050265E-5,1.740213046469795E-4,2.823504521416344E-5,3.145913046627198E-5,8.530659990435303E-5,4.4299588066074485E-5,2.4205607307222483E-4,0.003800043617099025,9.448980047849512E-4,0.009992539900827466,0.01912696011432534,9.343992743395764E-4,5.533611278142852E-5,7.839719317240064E-5,0.0010978235037094992,8.379589086433371E-5,6.582414619535885E-4,6.534454281993037E-4,2.219961493106615E-4,5.6231042102168605E-5,1.874289236015369E-4,7.770766589382305E-5,0.0012901661178072313,8.465321241370234E-5,0.017140010560691917],[0.010791493633253638,0.0015598431965398603,0.003209795058588744,0.013278501225930106,0.010564797473124082,0.010301459723275069,1.0,0.01011855947325895,0.012972820045119883,0.008288981946715549,0.005447347349337693,0.020330799070066505,0.013809433256445942,0.007132625892496488,0.006723557444500223,0.0207817046222182,0.02687487191878117,0.0015159952551070585,0.014939480908048561,0.010990859483778407,0.003713479582149146,0.014419233588935694,0.014270893537110725,0.006188916329089362,0.006041330413155037,0.011825693911497863,0.013459698625809098,0.05232907231639095,0.007829786721208428,0.014495580537063684,0.019758378391331165,0.00924245057629838,0.006769629211695719,0.009412464678528383,0.006545089354041125,0.0014656360740216466,0.0034400933151146453,0.012226323210390725,0.010874130192328671,0.0034358923781775356,0.001682085338728063,0.008090810254731717,0.01505497572628477,0.01294720708140826,0.02544486391782786],[1.1417632995592309E-5,8.164540554222075E-4,3.0005879772945702E-5,0.0011335060166494271,4.141019939017102E-5,1.6935517114479248E-5,0.01011855947325895,1.0,3.855966287894853E-4,3.120053208372449E-5,1.812674995010224E-5,0.008230652056410607,0.0012663969988923915,1.215700979608068E-4,2.0319574786906315E-4,0.003307441268089537,0.015849225776409192,1.8039882919376975E-5,0.004061569861016455,6.373938646212733E-4,2.983156321165495E-4,2.6864859305276E-4,1.2875161968736642E-5,1.3698060099190848E-4,2.5792972899041206E-5,5.037647707770797E-5,4.205679214235751E-4,0.037069067125372605,7.984952495985325E-4,0.0020647966402286095,0.022136782931281802,0.0016247847253158165,2.88550089409367E-4,2.817574291333666E-5,6.707831242613844E-4,6.427753722839078E-5,8.528037420083148E-5,0.010404349755402387,1.7477228499684672E-4,2.390806648082648E-5,3.358725482767136E-4,1.620868968081144E-5,3.951707711142377E-4,7.066576422972176E-5,0.025919739643547168],[0.0010931610650260282,0.0011107237677903492,9.423967199404541E-4,0.0012887452838771915,4.4040857047808246E-4,0.0010774824197059656,0.012972820045119883,3.855966287894853E-4,1.0,9.754187937761052E-4,7.645344228625605E-4,0.010805807153553683,0.0015300092531216124,4.630456403075375E-4,7.750288172472832E-4,0.003208574171227623,0.01847161460336676,3.643631265435993E-4,0.004889770196919157,0.0010893641972448077,8.451060279760973E-4,0.0010759764287922066,3.5538264946926315E-4,4.286799791139172E-4,8.6979831485096E-4,3.5997027614627006E-4,0.0010274250529113645,0.04475273581450645,0.001042512267469869,0.0035722058174201925,0.016351013788997334,0.001311196280560393,8.22544154238011E-4,4.099463873849889E-4,0.0014838121459195342,5.512350087730594E-4,0.0011423595000605465,0.006733900804165472,0.0010516525264232354,0.0010231123816378687,0.0011807120370080978,9.333794393594538E-4,0.006194453966938673,5.615900127189339E-4,0.013076806308006433],[2.922374260549037E-4,6.302958539215386E-4,2.0665448220636275E-4,0.0027820769142824953,3.172760323511328E-4,2.6386605707627055E-4,0.008288981946715549,3.120053208372449E-5,9.754187937761052E-4,1.0,2.1202027441934645E-4,0.012824919530613012,6.150114186706435E-4,3.083874473974967E-4,2.4895245746192694E-4,0.021794511134543428,0.027156809247174007,2.3953732256469602E-4,0.003673175658864988,0.001043908896707074,3.872077808970947E-4,5.104708325894302E-4,3.0715383569554353E-4,2.3421216264356824E-4,2.663153760625888E-4,2.7051147993642803E-4,4.84373053570876E-4,0.002434386344698531,5.555383040261605E-4,0.012157003833897279,0.007531235941996285,0.0017723281111431848,3.679879850477341E-4,2.0185669834409087E-4,0.0016896505615788015,1.56554421210634E-4,0.0014328721937001564,0.004404106575380213,3.3639022096123135E-4,2.768748008849101E-4,5.97912789600313E-4,2.724059153183036E-4,0.011043790935792013,2.969486477752174E-4,0.023644263437301864],[1.937786423006029E-5,2.2496627025601825E-4,1.3919150872178135E-4,0.0036623994530941405,4.9836043292063824E-5,3.2188401203331995E-5,0.005447347349337693,1.812674995010224E-5,7.645344228625605E-4,2.1202027441934645E-4,1.0,0.026527185610265097,4.273104446990998E-4,1.734086515337749E-4,2.0415651213096612E-4,0.0075983254905564,0.02732944647168962,3.3705200425041415E-5,0.003921053511410855,6.622130874551368E-4,1.9894005122056426E-4,2.794595658436183E-4,3.3761190414920537E-5,3.856659214158544E-5,8.607842463239691E-5,3.72851074337742E-5,2.9502301369335455E-4,0.011476790385706825,2.0053335454618272E-4,0.001231101778436011,0.016715223561677244,7.270448909285215E-4,1.5994644950624313E-4,1.1020876478374925E-4,0.0015651039511166381,5.703052524848941E-5,5.40330174331969E-4,0.00953768439752128,4.882506681699731E-5,5.028733730203049E-5,6.759538755809831E-4,9.917400487214423E-5,0.0053562177280650405,5.6573411019478654E-5,0.02659211962492186],[0.022433829179819346,0.00125309204075296,0.006768455714644259,0.012963998164593022,0.006347545728730025,0.018702199903223783,0.020330799070066505,0.008230652056410607,0.010805807153553683,0.012824919530613012,0.026527185610265097,1.0,0.00342250550623337,0.027151405677165476,0.018020861993138196,0.027651669406986254,0.027957294381300284,0.025495045875430587,0.023160255635574948,0.003937572877701573,0.02243930022861164,0.021317548993206634,0.001899377030153442,0.019990596847340596,0.019326235352239846,0.007233602995382589,0.024485704851490382,0.043657831960733764,0.00347479095831399,0.022576633284301116,0.024973368885697338,0.010892926616618278,0.010430936008449496,0.014888684877552833,0.010944585227536201,0.010427625694457373,0.020535926035489708,0.015264508927630847,0.019901004739105412,0.023867172118198048,0.009711460475070974,0.018380987621056128,0.022459228913826727,0.009883137179035823,0.027500399950620223],[1.3388944606037068E-4,0.0011956290511378016,9.769279109662975E-4,0.006429568532163371,2.050441038309931E-4,4.479839460214388E-4,0.013809433256445942,0.0012663969988923915,0.0015300092531216124,6.150114186706435E-4,4.273104446990998E-4,0.00342250550623337,1.0,6.389403388730396E-4,6.978591626349495E-4,0.00202145813909814,0.0027777338961542464,0.001105348437977551,0.013057619524996308,0.0014391074217239724,6.23128620295618E-4,0.001291726983090638,9.42343139497784E-4,8.538622956199518E-4,4.267936420176714E-4,0.0010579576450345928,7.555046709525226E-4,0.01303959138541635,0.0012307646704733629,0.004171937732162057,0.023128053428576316,0.002003190990046856,0.0011021536604364512,2.3458628040713708E-4,0.00173969397505117,0.0012250875083760562,0.0015669881580283901,0.008152556033873286,0.0015258639993184315,3.8684041972798203E-4,0.001476594274966488,0.0015423607816318738,0.011746493544016896,0.0012458362504064004,0.01124960956269172],[1.0819165352513864E-4,2.5985717112613795E-4,1.8097824477184923E-4,5.148090120495367E-4,8.448573188855095E-5,5.4794082137892805E-5,0.007132625892496488,1.215700979608068E-4,4.630456403075375E-4,3.083874473974967E-4,1.734086515337749E-4,0.027151405677165476,6.389403388730396E-4,1.0,2.5201055932920653E-4,0.014633170697069143,0.006341985892577588,2.2184987412137013E-4,0.00199074651548431,8.516494779741617E-4,2.9980511122358703E-4,5.222509949663278E-4,1.9663782395268022E-4,2.1363366481362632E-4,1.2504978568478708E-4,1.5307443023216094E-4,4.2217610276591765E-4,0.027154673805207852,9.134789911987072E-4,0.006894694954063076,0.0014693075823490787,0.0012822345364222796,3.5537541863988535E-4,1.5868484556709532E-4,5.999716096293736E-4,2.303418807603357E-4,4.419922358086455E-4,0.008877081015292151,2.948575366617589E-4,1.3416643428550596E-4,9.691119644434205E-4,1.7738961955246274E-4,0.008729744770667635,2.506888817309869E-4,0.020811915752219284],[3.031515582575571E-5,8.664346474876053E-4,1.562518479933512E-4,0.0019004135972272786,2.017623647385451E-4,6.79593050452732E-5,0.006723557444500223,2.0319574786906315E-4,7.750288172472832E-4,2.4895245746192694E-4,2.0415651213096612E-4,0.018020861993138196,6.978591626349495E-4,2.5201055932920653E-4,1.0,0.010719836692340293,0.006449345339241643,1.9985343628849605E-4,0.010859275841760642,4.543156535330736E-4,3.424280797688982E-4,4.8345439658652693E-4,5.779499742785627E-5,2.0990509002351938E-4,2.1185803191954843E-4,1.0330450327800498E-4,3.0383112507722116E-4,0.011985331958888385,9.337195276284723E-4,0.007318160023480856,0.024309837062934773,3.9700973582366587E-4,3.5385464122718655E-4,1.916470230745234E-4,0.0018594941216971965,1.405148825812088E-4,7.318342843908169E-4,0.002105211244424728,2.3660790483606307E-4,1.4955666730301045E-4,5.595307114627732E-4,1.3735601951295673E-4,0.0025706650555063844,2.286861189292828E-4,0.0037828017186114595],[0.0020135695015125596,0.002761538770222319,0.015331647357524646,0.021473288816477327,0.01855058446133157,0.01488778493049498,0.0207817046222182,0.003307441268089537,0.003208574171227623,0.021794511134543428,0.0075983254905564,0.027651669406986254,0.00202145813909814,0.014633170697069143,0.010719836692340293,1.0,0.024966168305578348,0.02185776868154904,0.020998332322566315,0.00967903139044346,0.011236925871527834,0.005571549762963332,0.001964293048470003,0.017297670392577465,0.004084610461832691,0.01813801960636202,0.01705026977510554,0.04014443258249764,0.012494165926551917,0.015536068951312727,0.024378768905776498,0.013321839365344604,0.02219241094631341,0.005280604343110812,0.023032994282072786,0.016463638798245056,0.009029576457479505,0.02109343740331368,0.014471305480218554,0.021392078259783738,0.006532515038311295,0.012904155481074818,0.022181129032305395,0.012226570057602122,0.0261337876490825],[0.009692502913095239,0.00752805044562436,0.010789152896826876,0.02643788367321615,0.012133491453548789,0.0014829724672077715,0.02687487191878117,0.015849225776409192,0.01847161460336676,0.027156809247174007,0.02732944647168962,0.027957294381300284,0.0027777338961542464,0.006341985892577588,0.006449345339241643,0.024966168305578348,1.0,0.027495288060783486,0.02299664164816395,0.004718181778631146,0.02358045638040976,0.008365639418557702,0.00896628740717128,0.01959907943457606,0.012939050810051776,0.015889005153795422,0.004602321389068016,0.034839747430420225,0.016122213744072127,0.015672288681181375,0.024952316759377487,0.00951337236095042,0.0017248451656807244,0.02747506623741904,0.02539711947553411,0.019238672094598196,0.00778179488375734,0.014709938478221968,0.0018228241136699207,0.01379652124447001,0.004863548315299855,0.011215074786235216,0.019287736663347724,0.013499260039929562,0.02925753981339299],[1.9181915162031522E-5,3.371342622915312E-4,7.18251930383864E-5,0.003069902226487328,4.028932733464572E-5,2.8242431111405714E-5,0.0015159952551070585,1.8039882919376975E-5,3.643631265435993E-4,2.3953732256469602E-4,3.3705200425041415E-5,0.025495045875430587,0.001105348437977551,2.2184987412137013E-4,1.9985343628849605E-4,0.02185776868154904,0.027495288060783486,1.0,0.005199128061428051,3.848024056716904E-4,8.673321787103301E-5,5.467343639315254E-4,1.931717272379629E-5,1.1441048631089856E-4,3.9239280305473326E-5,2.9287918309420425E-5,3.1157583332932685E-4,0.017675919482186376,9.527378407556598E-4,0.006719861580974504,0.009465799971715958,7.337066972289933E-4,2.724636973493271E-4,4.5042873134155465E-5,4.670661248199554E-4,7.264869613777558E-5,5.502246355385456E-4,0.003531310836256053,1.4035035414626738E-4,5.336776568377226E-5,4.6550685722137334E-4,9.456268860670092E-5,0.01351515920635948,5.988027855029916E-5,0.02375540515260798],[0.004734685010208483,0.014730111689516278,0.0019330272172211106,0.01176681195851269,0.0037677139073726868,0.0016358774932725584,0.014939480908048561,0.004061569861016455,0.004889770196919157,0.003673175658864988,0.003921053511410855,0.023160255635574948,0.013057619524996308,0.00199074651548431,0.010859275841760642,0.020998332322566315,0.02299664164816395,0.005199128061428051,1.0,0.002273113482803897,0.0024043261273332525,0.00502562765635062,0.009500592323395353,0.005319313933883639,0.010680271840330017,0.010825012808921178,0.012005442508438786,0.017465340648797085,0.012539818725731646,0.016468690689095112,0.019960829898365992,0.0026031711221879937,0.003697493554768759,0.01106914888178512,0.007642677682191971,0.001338912308046146,0.002870929513063151,0.012785949899045601,0.00840786633627633,0.01327585163697948,0.00303440242551789,0.011402361219539716,0.016792405078253355,0.0014939000034529433,0.017267741312616727],[8.761528051528149E-4,0.0010802569703541344,4.5350910744711896E-4,0.0038083340352970518,1.1861870593141736E-4,0.0010588652693062197,0.010990859483778407,6.373938646212733E-4,0.0010893641972448077,0.001043908896707074,6.622130874551368E-4,0.003937572877701573,0.0014391074217239724,8.516494779741617E-4,4.543156535330736E-4,0.00967903139044346,0.004718181778631146,3.848024056716904E-4,0.002273113482803897,1.0,9.521128820894063E-4,0.0010788013331232105,0.0010663435971925324,6.332845027616078E-4,9.673299663316146E-4,9.368430280590463E-4,0.0010342208946943487,0.037611064252823664,0.001072235211477747,0.009976827380860214,0.001440868770377413,0.0010940216890631715,0.001025715039766497,9.31663319786669E-4,0.0013707487933313878,7.225650597789294E-4,0.0015006901116624673,0.004717088786283515,9.39982009916143E-4,3.493665330894423E-4,0.0012826277759692539,9.735356323859953E-4,0.003942605750031314,4.657261910068672E-4,0.004270459825109254],[2.0333464133138988E-4,0.0010553332857449467,2.7045915786596956E-4,0.00440422048437648,7.251196512674138E-5,3.2363087481050265E-5,0.003713479582149146,2.983156321165495E-4,8.451060279760973E-4,3.872077808970947E-4,1.9894005122056426E-4,0.02243930022861164,6.23128620295618E-4,2.9980511122358703E-4,3.424280797688982E-4,0.011236925871527834,0.02358045638040976,8.673321787103301E-5,0.0024043261273332525,9.521128820894063E-4,1.0,7.283789800564887E-4,1.770317642504314E-4,3.187656225976683E-4,2.9077123125115733E-4,3.485218493698974E-4,5.049822254698366E-4,0.05022887272618376,5.182386635846607E-4,0.006254602701137401,0.010621296361073273,4.110227877465996E-4,3.9942620611956855E-4,2.4372120624838544E-4,4.091064691453131E-4,3.849634678165567E-4,0.0010342832982758502,0.005672842318851376,4.0115436793772155E-4,3.0797591187558366E-4,9.60481631087418E-4,3.4041512561860487E-4,0.01656963282724997,1.968531795614874E-4,0.0072120649242284575],[4.0360488027266363E-4,0.001056378530268271,6.841793063416244E-4,0.0040230089473492076,0.0010260175870808234,1.740213046469795E-4,0.014419233588935694,2.6864859305276E-4,0.0010759764287922066,5.104708325894302E-4,2.794595658436183E-4,0.021317548993206634,0.001291726983090638,5.222509949663278E-4,4.8345439658652693E-4,0.005571549762963332,0.008365639418557702,5.467343639315254E-4,0.00502562765635062,0.0010788013331232105,7.283789800564887E-4,1.0,4.672787185273258E-5,2.5747272826190083E-4,7.191916907062794E-4,6.345360472013395E-4,7.30763128569195E-4,0.037636354676229,0.0010065325954656573,0.011280095258147597,0.016789083796964255,0.0013005021230045133,9.97569203203457E-4,6.119943242762073E-4,0.001836678685605852,0.001047735141340631,0.0012906813382356432,0.011623621618622192,0.0010485296913776288,1.402284177080146E-4,0.0013263261736865314,1.3266853730828097E-4,0.015853865058886994,9.444579964677023E-4,0.023176300709358673],[1.4734035123523835E-5,3.605566792582265E-4,8.965116499299318E-5,0.006333768880746867,3.843362983078626E-5,2.823504521416344E-5,0.014270893537110725,1.2875161968736642E-5,3.5538264946926315E-4,3.0715383569554353E-4,3.3761190414920537E-5,0.001899377030153442,9.42343139497784E-4,1.9663782395268022E-4,5.779499742785627E-5,0.001964293048470003,0.00896628740717128,1.931717272379629E-5,0.009500592323395353,0.0010663435971925324,1.770317642504314E-4,4.672787185273258E-5,1.0,1.0390884756597931E-4,8.642960697808443E-5,2.1583567650336153E-5,4.628224233180832E-4,0.026826536247410566,2.697241715911396E-5,0.006193554156314521,0.010040178936570736,4.357955979238848E-5,1.9448962777737875E-4,3.3234561423572244E-5,0.001041902919808809,5.889451651575321E-5,0.0013846694051096512,0.010979899836393527,2.8292992358189186E-4,1.625882928930252E-5,7.054426119462283E-4,9.189444671010716E-5,4.751103325030255E-4,6.375781005827798E-5,0.026837867004487904],[5.265237692390508E-5,4.169965975030021E-4,1.819321897345851E-4,0.0034494512715407886,1.7808282322406182E-4,3.145913046627198E-5,0.006188916329089362,1.3698060099190848E-4,4.286799791139172E-4,2.3421216264356824E-4,3.856659214158544E-5,0.019990596847340596,8.538622956199518E-4,2.1363366481362632E-4,2.0990509002351938E-4,0.017297670392577465,0.01959907943457606,1.1441048631089856E-4,0.005319313933883639,6.332845027616078E-4,3.187656225976683E-4,2.5747272826190083E-4,1.0390884756597931E-4,1.0,1.3564407175474286E-4,7.648713172134812E-5,2.8716924799700064E-4,0.013397237778245535,7.417629050788361E-4,0.005261261315135906,0.021805844018906975,8.226039354373489E-4,3.192865413265683E-4,1.4018271014633836E-4,0.0012425464372771435,1.813101705700285E-4,0.0014523729469034055,0.004828157556796472,2.140069092369747E-4,1.0932486712604601E-4,0.0012710130703777094,1.2639544711230184E-4,0.0064438642627766985,1.8495838621075374E-4,0.010291492147308437],[4.8318885322262014E-5,9.944150398545277E-4,1.5047471993271614E-4,0.002674471590614329,9.264038351196435E-5,8.530659990435303E-5,0.006041330413155037,2.5792972899041206E-5,8.6979831485096E-4,2.663153760625888E-4,8.607842463239691E-5,0.019326235352239846,4.267936420176714E-4,1.2504978568478708E-4,2.1185803191954843E-4,0.004084610461832691,0.012939050810051776,3.9239280305473326E-5,0.010680271840330017,9.673299663316146E-4,2.9077123125115733E-4,7.191916907062794E-4,8.642960697808443E-5,1.3564407175474286E-4,1.0,7.884056410979415E-5,5.235212427718841E-4,0.014791285043513699,2.2652178298283334E-4,0.002311881233906794,2.630225057309063E-4,0.0017392595362076295,2.7843737599588295E-4,1.1745246193486803E-4,2.3707559175321796E-4,1.0558199588852131E-4,0.001344931508960962,0.006075253876352951,2.4976906397321935E-4,7.312263745577783E-5,2.471483400949893E-4,1.18387077881066E-4,0.0013355993740028138,1.0942290049334681E-4,0.008044524130482938],[3.201274929962695E-5,7.867607757836462E-5,1.4859427578523497E-4,0.0069753498146207585,5.104983755714948E-5,4.4299588066074485E-5,0.011825693911497863,5.037647707770797E-5,3.5997027614627006E-4,2.7051147993642803E-4,3.72851074337742E-5,0.007233602995382589,0.0010579576450345928,1.5307443023216094E-4,1.0330450327800498E-4,0.01813801960636202,0.015889005153795422,2.9287918309420425E-5,0.010825012808921178,9.368430280590463E-4,3.485218493698974E-4,6.345360472013395E-4,2.1583567650336153E-5,7.648713172134812E-5,7.884056410979415E-5,1.0,1.6004505073271554E-4,0.009531714203636115,8.227405415062026E-4,0.004369468985583984,0.019995037100567787,2.6635145631700183E-4,3.4490186928748357E-4,7.269733263743432E-5,0.0017367842229143772,8.024387095296881E-5,8.55059654648441E-4,0.0029340822109078196,1.548881330901551E-4,6.482550097727672E-5,0.0010788388019296966,1.1242769951680376E-4,0.002593394133763577,7.488381260118626E-5,0.023739453182124077],[1.9300753460422464E-4,0.0010196517113217744,5.187544480363239E-4,0.005444788069792514,5.354843112915671E-4,2.4205607307222483E-4,0.013459698625809098,4.205679214235751E-4,0.0010274250529113645,4.84373053570876E-4,2.9502301369335455E-4,0.024485704851490382,7.555046709525226E-4,4.2217610276591765E-4,3.0383112507722116E-4,0.01705026977510554,0.004602321389068016,3.1157583332932685E-4,0.012005442508438786,0.0010342208946943487,5.049822254698366E-4,7.30763128569195E-4,4.628224233180832E-4,2.8716924799700064E-4,5.235212427718841E-4,1.6004505073271554E-4,1.0,0.049770852411745344,6.196728294646916E-4,0.009526572102154367,0.012614630639674943,7.305807493635607E-4,3.6405375836322316E-4,2.813716304829856E-4,0.0012421829891798239,4.6837836041142855E-4,0.0012590233393026248,9.501429227824793E-4,3.6661571458337146E-4,7.512088577352792E-5,6.06332589682328E-4,3.709017907742512E-4,0.005925877504805937,4.2559392441594916E-4,0.017213038199523634],[0.03396791821790195,0.02473565573907375,0.026106087889248786,0.013785132041768643,0.01563331395690505,0.003800043617099025,0.05232907231639095,0.037069067125372605,0.04475273581450645,0.002434386344698531,0.011476790385706825,0.043657831960733764,0.01303959138541635,0.027154673805207852,0.011985331958888385,0.04014443258249764,0.034839747430420225,0.017675919482186376,0.017465340648797085,0.037611064252823664,0.05022887272618376,0.037636354676229,0.026826536247410566,0.013397237778245535,0.014791285043513699,0.009531714203636115,0.049770852411745344,1.0,0.0040994659320634464,0.04933671632768197,0.03800796334983401,0.037276589918657024,0.04866833356237961,0.024932325053054077,0.0210384232730888,0.03142778405134608,0.03978989515173132,0.019570456344110265,0.03984835852764204,0.0019359225125428782,0.008464542243872119,0.02498986903807682,0.02283551781863142,0.048872035839926484,0.05026631474375467],[7.672003173618607E-4,9.800430401498952E-4,2.516927660580308E-4,0.0036924625854588143,4.860601054208638E-4,9.448980047849512E-4,0.007829786721208428,7.984952495985325E-4,0.001042512267469869,5.555383040261605E-4,2.0053335454618272E-4,0.00347479095831399,0.0012307646704733629,9.134789911987072E-4,9.337195276284723E-4,0.012494165926551917,0.016122213744072127,9.527378407556598E-4,0.012539818725731646,0.001072235211477747,5.182386635846607E-4,0.0010065325954656573,2.697241715911396E-5,7.417629050788361E-4,2.2652178298283334E-4,8.227405415062026E-4,6.196728294646916E-4,0.0040994659320634464,1.0,0.007620389326309687,0.023479964197094087,9.919481187420733E-4,5.357272436069052E-4,2.596416452363696E-4,0.0017190702751662865,1.6930233296851547E-4,0.001047670591200859,0.001970428565743459,5.783786820347335E-4,6.324608225150393E-4,0.0010618015346087982,5.143387925652975E-4,0.011933005049122675,4.1926152866175466E-4,0.017831897353233733],[0.0076134286393027256,0.005216968023452199,0.00906892413533115,0.009432576874823344,0.012871652982991677,0.009992539900827466,0.014495580537063684,0.0020647966402286095,0.0035722058174201925,0.012157003833897279,0.001231101778436011,0.022576633284301116,0.004171937732162057,0.006894694954063076,0.007318160023480856,0.015536068951312727,0.015672288681181375,0.006719861580974504,0.016468690689095112,0.009976827380860214,0.006254602701137401,0.011280095258147597,0.006193554156314521,0.005261261315135906,0.002311881233906794,0.004369468985583984,0.009526572102154367,0.04933671632768197,0.007620389326309687,1.0,0.024129193540346427,0.009677364056318688,6.555813845279999E-4,0.005707928245878965,0.010537610666863265,0.005467502998654428,0.008856431947555941,0.013199009810556285,0.012813731541639228,0.007265433747050538,0.004981107562093791,0.006819645710362954,0.016053012541876962,0.00958139521338115,0.02522723915576209],[0.021103670510420197,0.01730203235971918,0.02000543481432333,0.00947923988726079,0.01639881764571078,0.01912696011432534,0.019758378391331165,0.022136782931281802,0.016351013788997334,0.007531235941996285,0.016715223561677244,0.024973368885697338,0.023128053428576316,0.0014693075823490787,0.024309837062934773,0.024378768905776498,0.024952316759377487,0.009465799971715958,0.019960829898365992,0.001440868770377413,0.010621296361073273,0.016789083796964255,0.010040178936570736,0.021805844018906975,2.630225057309063E-4,0.019995037100567787,0.012614630639674943,0.03800796334983401,0.023479964197094087,0.024129193540346427,1.0,0.00890363102694678,0.0071380319935850116,0.0058174443848081755,0.023650655028657114,0.023902606806625277,0.021845297440774777,0.018886918458649413,0.023020374742534124,0.018518314990678804,0.001532729163608093,0.01501715195747266,0.02023100988882546,0.023121585021484297,0.026317007733640083],[0.0012074621666163766,0.0012863510761028925,2.277662633126915E-4,0.0059513881725427025,0.0017016470415200202,9.343992743395764E-4,0.00924245057629838,0.0016247847253158165,0.001311196280560393,0.0017723281111431848,7.270448909285215E-4,0.010892926616618278,0.002003190990046856,0.0012822345364222796,3.9700973582366587E-4,0.013321839365344604,0.00951337236095042,7.337066972289933E-4,0.0026031711221879937,0.0010940216890631715,4.110227877465996E-4,0.0013005021230045133,4.357955979238848E-5,8.226039354373489E-4,0.0017392595362076295,2.6635145631700183E-4,7.305807493635607E-4,0.037276589918657024,9.919481187420733E-4,0.009677364056318688,0.00890363102694678,1.0,7.70133553540947E-4,0.0015457772711760225,0.002001594695764262,8.234897701984039E-4,0.0016625194885052162,0.00401107054834662,0.0012006869334547396,0.0019443342798042655,0.0014484237044591613,0.0015080278801999493,0.008718136671788505,0.0018245876352567555,0.01120735171797458],[5.118717986129453E-5,6.342403065251869E-4,2.3390440404907876E-4,6.450474106974293E-4,2.0361585990084707E-4,5.533611278142852E-5,0.006769629211695719,2.88550089409367E-4,8.22544154238011E-4,3.679879850477341E-4,1.5994644950624313E-4,0.010430936008449496,0.0011021536604364512,3.5537541863988535E-4,3.5385464122718655E-4,0.02219241094631341,0.0017248451656807244,2.724636973493271E-4,0.003697493554768759,0.001025715039766497,3.9942620611956855E-4,9.97569203203457E-4,1.9448962777737875E-4,3.192865413265683E-4,2.7843737599588295E-4,3.4490186928748357E-4,3.6405375836322316E-4,0.04866833356237961,5.357272436069052E-4,6.555813845279999E-4,0.0071380319935850116,7.70133553540947E-4,1.0,1.928179837622259E-4,0.001279139624475943,3.242311828179223E-4,4.2291127897981114E-4,0.005960747402062532,3.050314078263489E-4,1.269175598404337E-4,9.506369010450584E-4,2.1691538716803383E-4,0.013923301419550319,1.8614951294001412E-4,0.01720921401572148],[7.044145309161151E-5,2.174213394152139E-4,1.3616166187924663E-4,0.0031600705866362874,5.698307467861301E-5,7.839719317240064E-5,0.009412464678528383,2.817574291333666E-5,4.099463873849889E-4,2.0185669834409087E-4,1.1020876478374925E-4,0.014888684877552833,2.3458628040713708E-4,1.5868484556709532E-4,1.916470230745234E-4,0.005280604343110812,0.02747506623741904,4.5042873134155465E-5,0.01106914888178512,9.31663319786669E-4,2.4372120624838544E-4,6.119943242762073E-4,3.3234561423572244E-5,1.4018271014633836E-4,1.1745246193486803E-4,7.269733263743432E-5,2.813716304829856E-4,0.024932325053054077,2.596416452363696E-4,0.005707928245878965,0.0058174443848081755,0.0015457772711760225,1.928179837622259E-4,1.0,0.001468166512940237,1.197458603919964E-4,0.0014942670393985895,0.004142493543282955,2.2391405632233533E-4,8.481768497298916E-5,0.0012450835050310971,1.2125308488945625E-4,0.0037146071432441453,1.1344751938693788E-4,0.0038989994555369105],[0.0013659004607128275,0.0015808534459159254,8.896706375569527E-4,0.0031411143185824403,0.001217052507261293,0.0010978235037094992,0.006545089354041125,6.707831242613844E-4,0.0014838121459195342,0.0016896505615788015,0.0015651039511166381,0.010944585227536201,0.00173969397505117,5.999716096293736E-4,0.0018594941216971965,0.023032994282072786,0.02539711947553411,4.670661248199554E-4,0.007642677682191971,0.0013707487933313878,4.091064691453131E-4,0.001836678685605852,0.001041902919808809,0.0012425464372771435,2.3707559175321796E-4,0.0017367842229143772,0.0012421829891798239,0.0210384232730888,0.0017190702751662865,0.010537610666863265,0.023650655028657114,0.002001594695764262,0.001279139624475943,0.001468166512940237,1.0,9.07189953761332E-4,0.0017654152004779947,0.0068963795216405565,0.001385816315589084,3.4754808393185413E-4,0.0018347498459073154,4.638564792060761E-4,0.014286664064296047,0.0019008652116465315,0.0019579013824586587],[9.155127351516643E-5,1.8403044625630552E-4,1.0369774153824157E-4,0.004706137973255092,5.890616807745433E-5,8.379589086433371E-5,0.0014656360740216466,6.427753722839078E-5,5.512350087730594E-4,1.56554421210634E-4,5.703052524848941E-5,0.010427625694457373,0.0012250875083760562,2.303418807603357E-4,1.405148825812088E-4,0.016463638798245056,0.019238672094598196,7.264869613777558E-5,0.001338912308046146,7.225650597789294E-4,3.849634678165567E-4,0.001047735141340631,5.889451651575321E-5,1.813101705700285E-4,1.0558199588852131E-4,8.024387095296881E-5,4.6837836041142855E-4,0.03142778405134608,1.6930233296851547E-4,0.005467502998654428,0.023902606806625277,8.234897701984039E-4,3.242311828179223E-4,1.197458603919964E-4,9.07189953761332E-4,1.0,0.0013295092939056197,0.011798818821436389,1.3985067853148996E-4,8.060319629887727E-5,8.060467338982623E-4,1.0029447963837088E-4,0.00975585942095623,1.0242335977179966E-4,0.018184374357579514],[0.0015490476150264137,0.0014379073918388743,5.203821150334393E-4,0.005507244485997067,7.592722709645966E-4,6.582414619535885E-4,0.0034400933151146453,8.528037420083148E-5,0.0011423595000605465,0.0014328721937001564,5.40330174331969E-4,0.020535926035489708,0.0015669881580283901,4.419922358086455E-4,7.318342843908169E-4,0.009029576457479505,0.00778179488375734,5.502246355385456E-4,0.002870929513063151,0.0015006901116624673,0.0010342832982758502,0.0012906813382356432,0.0013846694051096512,0.0014523729469034055,0.001344931508960962,8.55059654648441E-4,0.0012590233393026248,0.03978989515173132,0.001047670591200859,0.008856431947555941,0.021845297440774777,0.0016625194885052162,4.2291127897981114E-4,0.0014942670393985895,0.0017654152004779947,0.0013295092939056197,1.0,0.007759560830411689,0.0015391513424011963,6.293787727042152E-4,0.0015481131400134197,3.112433494057588E-4,0.016011790885575423,7.623762570043071E-4,0.021855392427742315],[0.0022318593566929444,0.008781242655394742,0.002234522767861783,0.008986244684503266,0.005661764880166033,6.534454281993037E-4,0.012226323210390725,0.010404349755402387,0.006733900804165472,0.004404106575380213,0.00953768439752128,0.015264508927630847,0.008152556033873286,0.008877081015292151,0.002105211244424728,0.02109343740331368,0.014709938478221968,0.003531310836256053,0.012785949899045601,0.004717088786283515,0.005672842318851376,0.011623621618622192,0.010979899836393527,0.004828157556796472,0.006075253876352951,0.0029340822109078196,9.501429227824793E-4,0.019570456344110265,0.001970428565743459,0.013199009810556285,0.018886918458649413,0.00401107054834662,0.005960747402062532,0.004142493543282955,0.0068963795216405565,0.011798818821436389,0.007759560830411689,1.0,0.0032365729637386905,0.008498231413117565,0.006499665992079426,0.008682054598975626,0.014501842844335245,0.007389125367146154,0.024517660170734146],[2.0968738280573374E-4,9.200743855672038E-4,2.2790176446986369E-4,0.0035755751170895504,5.411564430727888E-5,2.219961493106615E-4,0.010874130192328671,1.7477228499684672E-4,0.0010516525264232354,3.3639022096123135E-4,4.882506681699731E-5,0.019901004739105412,0.0015258639993184315,2.948575366617589E-4,2.3660790483606307E-4,0.014471305480218554,0.0018228241136699207,1.4035035414626738E-4,0.00840786633627633,9.39982009916143E-4,4.0115436793772155E-4,0.0010485296913776288,2.8292992358189186E-4,2.140069092369747E-4,2.4976906397321935E-4,1.548881330901551E-4,3.6661571458337146E-4,0.03984835852764204,5.783786820347335E-4,0.012813731541639228,0.023020374742534124,0.0012006869334547396,3.050314078263489E-4,2.2391405632233533E-4,0.001385816315589084,1.3985067853148996E-4,0.0015391513424011963,0.0032365729637386905,1.0,7.534017988361636E-5,4.3473408979554805E-4,1.7320448634639818E-4,0.011363028845409672,1.361759626795401E-4,0.01642898292410622],[5.837296148920066E-5,9.337232940179817E-4,1.4465654606697517E-4,8.635337923164213E-4,6.223709682164977E-5,5.6231042102168605E-5,0.0034358923781775356,2.390806648082648E-5,0.0010231123816378687,2.768748008849101E-4,5.028733730203049E-5,0.023867172118198048,3.8684041972798203E-4,1.3416643428550596E-4,1.4955666730301045E-4,0.021392078259783738,0.01379652124447001,5.336776568377226E-5,0.01327585163697948,3.493665330894423E-4,3.0797591187558366E-4,1.402284177080146E-4,1.625882928930252E-5,1.0932486712604601E-4,7.312263745577783E-5,6.482550097727672E-5,7.512088577352792E-5,0.0019359225125428782,6.324608225150393E-4,0.007265433747050538,0.018518314990678804,0.0019443342798042655,1.269175598404337E-4,8.481768497298916E-5,3.4754808393185413E-4,8.060319629887727E-5,6.293787727042152E-4,0.008498231413117565,7.534017988361636E-5,1.0,0.001262293507950459,6.780817551762241E-5,0.01457031839985094,9.622327700302671E-5,0.01501214929707159],[0.0012427523886589388,0.0011918382985766467,5.694838017888889E-4,0.001346724080786439,0.0011216798529718889,1.874289236015369E-4,0.001682085338728063,3.358725482767136E-4,0.0011807120370080978,5.97912789600313E-4,6.759538755809831E-4,0.009711460475070974,0.001476594274966488,9.691119644434205E-4,5.595307114627732E-4,0.006532515038311295,0.004863548315299855,4.6550685722137334E-4,0.00303440242551789,0.0012826277759692539,9.60481631087418E-4,0.0013263261736865314,7.054426119462283E-4,0.0012710130703777094,2.471483400949893E-4,0.0010788388019296966,6.06332589682328E-4,0.008464542243872119,0.0010618015346087982,0.004981107562093791,0.001532729163608093,0.0014484237044591613,9.506369010450584E-4,0.0012450835050310971,0.0018347498459073154,8.060467338982623E-4,0.0015481131400134197,0.006499665992079426,4.3473408979554805E-4,0.001262293507950459,1.0,8.663210876599879E-4,0.006167453336514216,2.8753952240400115E-4,0.02250780531180869],[6.49008555746441E-5,5.476098822668527E-4,1.3919734951989797E-4,0.00623314539150135,6.223495557939364E-5,7.770766589382305E-5,0.008090810254731717,1.620868968081144E-5,9.333794393594538E-4,2.724059153183036E-4,9.917400487214423E-5,0.018380987621056128,0.0015423607816318738,1.7738961955246274E-4,1.3735601951295673E-4,0.012904155481074818,0.011215074786235216,9.456268860670092E-5,0.011402361219539716,9.735356323859953E-4,3.4041512561860487E-4,1.3266853730828097E-4,9.189444671010716E-5,1.2639544711230184E-4,1.18387077881066E-4,1.1242769951680376E-4,3.709017907742512E-4,0.02498986903807682,5.143387925652975E-4,0.006819645710362954,0.01501715195747266,0.0015080278801999493,2.1691538716803383E-4,1.2125308488945625E-4,4.638564792060761E-4,1.0029447963837088E-4,3.112433494057588E-4,0.008682054598975626,1.7320448634639818E-4,6.780817551762241E-5,8.663210876599879E-4,1.0,0.00995229593939794,1.210320106118681E-4,0.009936904440773891],[0.007799982415442644,0.007887897096541857,0.0062660706315766064,0.007380615730823543,0.0027111062140881947,0.0012901661178072313,0.01505497572628477,3.951707711142377E-4,0.006194453966938673,0.011043790935792013,0.0053562177280650405,0.022459228913826727,0.011746493544016896,0.008729744770667635,0.0025706650555063844,0.022181129032305395,0.019287736663347724,0.01351515920635948,0.016792405078253355,0.003942605750031314,0.01656963282724997,0.015853865058886994,4.751103325030255E-4,0.0064438642627766985,0.0013355993740028138,0.002593394133763577,0.005925877504805937,0.02283551781863142,0.011933005049122