[[1.0,5.445800898352788E-4,1.95563262934707E-5,8.574021104484556E-5,1.2837620726930738E-4,1.620520174127811E-4,0.007020897452300116,2.2852950418423914E-5,6.114772460715631E-4,0.002149064760681334,0.019957115574463103,1.7058348316753853E-5,1.875116244878202E-5,6.636368649603339E-5,0.006484636125716805,0.0010517766149694195,0.00465326945718336,2.5029936134517293E-5,0.0026173315714256226,3.989251145011275E-5,1.8189686519830992E-5,8.218666886478356E-5,0.0027911263209080385,1.6053172474257915E-5,3.49230055368759E-5,0.0010672503738297548,2.1040595195882105E-5,0.011779797961175887,2.931586707479788E-5,0.0010672179538062535,0.0012714280911104677,0.0010066273997832705,1.4059670386584985E-5,4.490878228441289E-5,2.993112827079622E-4,0.009309623389728384,0.0010406736255131744,3.7246007543352704E-5,5.020128370091437E-4,1.872209101364083E-5,8.897386222702092E-4,2.933213714266312E-4,4.8779613470735413E-4,0.0014962606321805784,1.3138026978065325E-4,0.00959440461224486,0.0017899807922864715,0.0011060241484766756],[5.445800898352788E-4,1.0,0.0011745084050878796,9.151287931454368E-4,8.932643330744567E-4,0.0023435850650582266,0.004335198348079535,9.72626705527837E-4,0.0013899708161667604,0.004072929618034378,0.06080987831425276,6.070081233476609E-4,9.434328749789754E-4,6.56623441920145E-4,0.009999856202057563,0.001593714570538889,0.002715949696771293,0.0023773488873679856,0.006329426987653002,7.124629126779152E-4,8.154720062165678E-4,0.0013550656574960356,0.005737470704025966,8.815663090738202E-4,0.001124422916157185,0.027584281009700062,5.556933943280245E-4,0.01236870355631857,7.048904404720004E-4,0.0018861460400819866,0.0014767481198338635,0.0013952288894567846,4.625037528264775E-4,0.0019366529911545975,0.0014338331399659458,0.005989142922424166,0.008483838924891443,7.129480375464612E-4,0.0013957533585531319,4.3422574150721175E-4,0.0014514136402671027,0.0013753758738199741,0.01026674599787206,0.0014906849829721975,4.4302425574489616E-4,0.004920984344060164,0.00358735393476222,0.0012597424127211963],[1.95563262934707E-5,0.0011745084050878796,1.0,1.4813227126083168E-4,1.2521093671762388E-4,8.146637463008731E-4,0.006378046449454903,2.1757245289512177E-5,9.063599530548266E-4,0.0054626158173104395,0.03286341949156196,1.829788246565138E-5,1.8807770974861106E-5,4.0080119421831415E-5,0.029485587620795346,0.0010515745344237908,0.002684082135168097,2.4520089039508497E-4,5.658310510494314E-4,4.1065406472749394E-5,1.7193724328065147E-5,3.128860144663245E-4,0.0012979378099337291,1.9313452007797002E-5,4.3564986696528583E-4,0.005596513900569494,2.1158022975867837E-5,0.0011041910370966277,3.745732252296498E-5,5.654266703331806E-4,0.0011098046196978159,0.0010944027512213956,1.2766669203467537E-5,5.481273384868665E-4,7.253386650338169E-4,0.009875285900643588,0.006977833917607294,1.1318486970544073E-4,5.10481744119031E-4,1.95907964074375E-5,0.001279011941601977,9.646854987673873E-5,0.0015867034305307567,5.581286252011757E-4,1.144890628347381E-4,8.307390479604278E-4,6.707766715571215E-4,6.775084261414704E-5],[8.574021104484556E-5,9.151287931454368E-4,1.4813227126083168E-4,1.0,2.3283178521582709E-4,5.207593567398898E-4,0.010287743524037472,1.2923195318506955E-4,8.555930850277676E-4,0.003889828280830428,0.03734667746933329,1.734935562833099E-4,1.9971548202087959E-4,1.0977587651147813E-4,0.006048529237418399,4.754182146202341E-4,0.0052169117872509635,0.0018666899774586613,0.008875324364184976,5.9840841645551866E-5,5.453992177195948E-5,4.173675867895989E-4,0.001309444516223678,5.055651820852827E-5,8.709628132804912E-4,0.014639345864770054,1.457965431791756E-4,0.013928746534971758,2.1683865499627194E-4,0.0013157482793689126,8.488487365224087E-4,0.0010779581160060667,9.348832827186935E-5,0.0016547553350413245,9.196043803017607E-4,0.012149599699812169,0.0033371722693327156,1.209731188209416E-4,3.665891052312799E-4,1.9469212722032347E-4,5.049535187836404E-4,0.001351180925657985,0.006811556129115215,8.041173471945058E-4,2.02207032024062E-4,2.5887422730911747E-4,0.0011745585154580391,4.220886592662768E-4],[1.2837620726930738E-4,8.932643330744567E-4,1.2521093671762388E-4,2.3283178521582709E-4,1.0,0.0011945866972562476,0.00464140926043033,1.2761762643089702E-4,3.530108955380533E-4,0.0057876933707837344,0.011552749415699433,3.517422624038495E-5,3.2325347643638594E-5,1.647470906829906E-4,0.030655081129962188,0.001051250217010983,0.0022958052482272276,0.0014607723577324443,0.009524282225288557,1.3045672756454327E-4,1.9164620266386335E-4,4.5457422654076826E-4,0.003828801234222628,6.34694056075244E-5,4.5469462038242984E-4,0.005199664866504252,1.6758330281809415E-4,0.012476032014540131,2.2354046744244217E-4,7.092890362479462E-4,0.0015223794593276652,8.198684464565978E-4,1.8462926632651868E-4,4.3748507878010667E-4,6.453016937985098E-4,0.0030400276459437857,0.009253085506889273,1.868438765530002E-4,3.823870157656868E-4,7.551962222393432E-5,7.548502826669116E-4,2.495808488459485E-4,0.004488793602562191,0.0010716060320663193,1.7847479716093465E-4,0.00726720485736849,0.0018141931406284633,4.915208162278605E-4],[1.620520174127811E-4,0.0023435850650582266,8.146637463008731E-4,5.207593567398898E-4,0.0011945866972562476,1.0,0.013363981748210876,3.2270681851890865E-4,0.0021615662411277993,0.004152990993730269,0.02778895992333674,0.0012507863960128547,0.0015583635019191626,0.002485459600145613,0.026577618118681885,0.0018206281728428214,0.0032219403553430176,0.0028636463725156855,0.013389912986794561,0.001559884161329444,0.0022149805594126153,0.0013987355162966226,0.007482866000892461,8.667618625457044E-5,0.0017757631740365379,0.031044805348886432,0.0020864411033631983,0.003041497441181124,0.0019797049553136317,0.0027952690765438047,0.0020674643733862765,0.0019639308511217313,0.001074318287124372,0.002705125963099202,0.0022852950528257565,0.004251746066100288,0.007474993663825978,7.122294737439763E-4,0.0015231246972596667,4.3577657676448727E-4,0.002428996698319214,0.0021508885660835946,0.0042130317414565775,0.002771424827484675,0.0022614876528019726,0.006710315280244955,0.0032740340859438236,0.0026015865635599525],[0.007020897452300116,0.004335198348079535,0.006378046449454903,0.010287743524037472,0.00464140926043033,0.013363981748210876,1.0,0.0011556702217845876,0.003906681405774956,0.007930910348261542,0.014660880259996987,0.009275175280517826,0.010999355799272793,0.009242001432250896,0.030965002907126744,0.006936985479121888,0.011255476347496313,0.012087677753128849,0.013778100636612134,0.00716306450564809,0.010320495635890546,0.003563873664536981,0.01215960453929054,0.008520772553720371,0.007858804207526101,0.02377811090313356,0.012236886262700388,0.01366433814994915,0.005490508924234172,0.008605216193583873,0.010332721219578248,0.006911949827824535,7.981036226873364E-4,0.006889268804184252,0.009200778928202641,0.013323911486905995,0.010850907605377314,0.004127849378301955,0.006515580916394927,0.005466473179636342,0.002077333644754045,0.010735707611128222,0.012242119234083417,0.006721947402741436,0.01329743543474658,0.013382188041778448,0.008860158326263667,0.010645443762435253],[2.2852950418423914E-5,9.72626705527837E-4,2.1757245289512177E-5,1.2923195318506955E-4,1.2761762643089702E-4,3.2270681851890865E-4,0.0011556702217845876,1.0,5.270697951208E-4,0.004722147874106155,1.716545225911591E-4,1.4028527505762123E-5,2.0647436708099754E-5,2.9252590585173434E-5,0.007553254706416221,8.391078650258021E-5,0.004147451258832617,1.713459508676347E-4,0.005719162279041671,3.4576573324442374E-5,1.9523958630375255E-5,1.5802672479813004E-4,0.0082604892155164,1.2745655940033501E-5,5.320695889096741E-5,0.025996571805379447,2.358663009957386E-5,0.004103779971179191,1.015976043212178E-4,0.0023734461062472497,2.927900146536406E-4,0.0012533458838158533,2.0612368567172362E-5,0.0014522691517097745,7.906383939279831E-4,0.011583564126917757,0.008224612208559206,9.805308228792503E-5,8.748427060417609E-4,2.214865411460727E-5,0.0012762107032109656,0.0011723202770780748,0.00821337258891171,8.666041055550599E-4,3.628511874428323E-5,0.008748958138952764,0.004434304163460866,8.673294093378089E-4],[6.114772460715631E-4,0.0013899708161667604,9.063599530548266E-4,8.555930850277676E-4,3.530108955380533E-4,0.0021615662411277993,0.003906681405774956,5.270697951208E-4,1.0,0.00234058606702632,0.040207599789312,7.800082167640277E-4,0.0011214082163364262,1.0785047779013284E-4,0.026223254334657064,0.0013485314988728357,0.006185597759805204,0.0036544148500713535,0.008766344710763173,4.888001751198311E-4,2.8992896595871287E-5,6.416485760491182E-4,0.004567800304993694,5.736549162579956E-4,0.0011199346601385351,0.01560540277574036,8.932068445564967E-4,0.008120110295815094,0.0010346158905638835,0.002100057234358439,0.0014200288645866727,0.001293929970557575,3.4898841364936736E-4,0.0018723911168001355,0.0011393317145722112,0.011071236095614372,0.006916698660571796,9.525405411410443E-4,0.0010723895145237188,6.491192785289737E-4,0.0012105939137328193,0.0011660116785986569,0.009332251280514037,0.001447884052274407,4.409479751054996E-4,0.003032154716462839,0.0036819961308390114,0.001129833015590275],[0.002149064760681334,0.004072929618034378,0.0054626158173104395,0.003889828280830428,0.0057876933707837344,0.004152990993730269,0.007930910348261542,0.004722147874106155,0.00234058606702632,1.0,0.029959789286078932,0.002088117714744522,0.0011021388174464704,0.0013864173171861717,0.024455621192486003,0.0037576516654823323,0.00623783870413073,0.005971663972547017,0.008432645484852026,0.0030445157366900256,0.00394015043301573,0.004674129761200666,0.00721690829026977,0.0016324375031721045,0.0033039805641097743,0.00962154171410678,0.0017142423875100056,0.01374405225617793,0.004731702003609555,0.00450560886199913,0.0017468226234539717,0.0012967611456491885,8.587858895525661E-5,0.003354528026297151,0.0055381653925771065,0.007464732642488286,0.0064231505847740225,0.0032810427252148336,0.004056506829068667,0.004110391678591797,0.003789096106071509,0.004967628813412571,0.007941474240156968,0.004146217436382979,0.004210939013273268,0.009977465505128737,0.005471046325128832,0.0038929871032376802],[0.019957115574463103,0.06080987831425276,0.03286341949156196,0.03734667746933329,0.011552749415699433,0.02778895992333674,0.014660880259996987,1.716545225911591E-4,0.040207599789312,0.029959789286078932,1.0,0.0334291047039925,0.014624416988726364,0.001469283801408453,0.04195961294044459,0.061981371788182776,0.008375693153227802,0.04862706020082604,0.01628368365504628,0.004949388427833728,0.05294437977923135,0.008686264797734686,0.0321976593369058,0.035023957955397214,0.03178930926284805,0.0484696732467721,0.047838605211049344,0.02088050825966644,0.01751582576881451,0.016207840333067675,0.026964075418469277,0.058354139231630416,0.02693772790544168,0.020906045125075413,0.03136019447787743,0.014947440692881325,0.05567759233366791,0.0393265928882918,0.0030212296029952014,0.024598191345029257,0.051386073145710844,0.029632624271750063,0.014943931571578773,0.02072069403462928,0.023607119448578504,0.03144345815726594,0.0434200305229031,0.039383358536163676],[1.7058348316753853E-5,6.070081233476609E-4,1.829788246565138E-5,1.734935562833099E-4,3.517422624038495E-5,0.0012507863960128547,0.009275175280517826,1.4028527505762123E-5,7.800082167640277E-4,0.002088117714744522,0.0334291047039925,1.0,1.5250126416369851E-5,6.319862311986777E-5,0.005786400860289496,8.224862158064837E-4,4.1971615801817357E-4,0.0023103981745879114,0.0013232138047374314,3.2221179024025695E-5,1.2336522997197987E-5,2.5582284763613533E-4,8.673822239078228E-4,1.0583318101288935E-5,7.330893714364584E-5,0.024827050095946167,1.4793808709861717E-5,0.00136644369378952,1.0372710428770926E-4,6.793097688116646E-4,0.001098324554524846,9.16361890400355E-4,1.0921794392511322E-5,9.402545143084592E-5,6.798211399488465E-4,0.00612182767817037,0.007264519068449335,1.1157622292210641E-4,8.714975421730671E-4,1.7213179592845735E-5,0.0011733753898146844,0.001150270714397118,0.006854506772376816,7.903818490072095E-4,1.3287104561514606E-4,0.0025862390823048528,0.002396356634163778,0.0010634204066545224],[1.875116244878202E-5,9.434328749789754E-4,1.8807770974861106E-5,1.9971548202087959E-4,3.2325347643638594E-5,0.0015583635019191626,0.010999355799272793,2.0647436708099754E-5,0.0011214082163364262,0.0011021388174464704,0.014624416988726364,1.5250126416369851E-5,1.0,6.829615931358585E-5,0.010291059843819167,0.0013313436090462926,4.937619775929466E-4,7.266092885069135E-4,0.005361784201511588,2.8145247731719083E-5,1.666193976639174E-5,2.6364509575095807E-4,0.007729514599590847,1.834375590213588E-5,3.81207309399867E-4,7.425539844481665E-4,2.2778393947676277E-5,0.011315902059748754,9.664965694178781E-5,0.0019407838513429178,9.286706645903501E-4,1.5327645856677886E-4,1.7843619029822307E-5,3.497971530525943E-4,0.0010754672806808471,0.004618809793013878,0.0028586602762076074,4.4681314908476806E-5,1.2476929222834945E-4,1.887643128706623E-5,6.205325458762635E-4,3.405562845293164E-4,0.0045769059642031575,6.503822446327852E-4,1.313895718633526E-4,0.0031563946483886577,0.0026994816243052894,0.00102220495000521],[6.636368649603339E-5,6.56623441920145E-4,4.0080119421831415E-5,1.0977587651147813E-4,1.647470906829906E-4,0.002485459600145613,0.009242001432250896,2.9252590585173434E-5,1.0785047779013284E-4,0.0013864173171861717,0.001469283801408453,6.319862311986777E-5,6.829615931358585E-5,1.0,0.026277493982141367,5.267077965441286E-4,0.0015757642025968147,0.001448456704796418,0.0049429524624895445,7.772759004895696E-5,4.6576144406271537E-5,4.166938412397619E-4,0.00442407268805889,5.7007336932200955E-5,3.599061647375381E-4,0.02430517179333898,3.6584949024923846E-5,0.0043676390703045725,1.0549173849012017E-4,0.0011107274409232727,0.001075788438437469,1.3395677990897124E-4,6.61252404296265E-5,0.0023461529708776368,8.284288798720661E-4,0.01238475332666263,0.008618748146984918,1.1674600611223163E-4,1.3964309728505575E-4,4.530448156264382E-5,3.5600140537059754E-4,6.69212953046225E-4,0.005646591296038081,0.0010666885412660575,1.2953535695565296E-4,0.002044813240312368,0.002645482900547141,2.2154397613073108E-4],[0.006484636125716805,0.009999856202057563,0.029485587620795346,0.006048529237418399,0.030655081129962188,0.026577618118681885,0.030965002907126744,0.007553254706416221,0.026223254334657064,0.024455621192486003,0.04195961294044459,0.005786400860289496,0.010291059843819167,0.026277493982141367,1.0,0.026509352986268442,0.02922833551782942,0.027356600274750283,0.02363871494364043,0.010344806153490652,0.028199997738888448,0.010324707594623858,0.01890293927150427,0.014858763270472966,0.010925772751388523,0.0343122134106494,0.01163482155950855,0.030267435402360786,0.007386994604110424,0.024760895751956676,0.004297643129565066,0.00770917062079571,0.017317430268806652,0.029646249673162976,0.007527996147326715,0.025949523840435296,0.025562833138356094,0.017290601120661747,0.009944914799456545,0.025166423152589854,0.028521605026172785,0.01580893033784183,0.015399301636685209,0.02026719728892921,0.005319809350868321,0.022355241974108767,0.03302389443404752,0.012118797835009928],[0.0010517766149694195,0.001593714570538889,0.0010515745344237908,4.754182146202341E-4,0.001051250217010983,0.0018206281728428214,0.006936985479121888,8.391078650258021E-5,0.0013485314988728357,0.0037576516654823323,0.061981371788182776,8.224862158064837E-4,0.0013313436090462926,5.267077965441286E-4,0.026509352986268442,1.0,0.003113181726453614,0.003472741707911867,0.009630716461915923,3.2061536501157745E-4,5.67229519009223E-4,0.001329416289334598,0.00218467360442848,3.4853068440204914E-4,0.001057428185595067,0.027555682362189207,0.001143337434652545,0.004685170623234228,0.0016057342868543122,0.0019844470622940296,0.0016238176732267413,0.0015427501008747633,0.0011904175292109832,0.002624689120408397,0.0014856181957320297,0.00994549877665189,0.006389470478862658,7.390089671524258E-4,0.0014884732706586363,3.979768375337299E-4,0.0016035448403507893,0.001634084253260095,0.005452397637319686,0.001599443664197714,9.828073966197499E-4,0.009509942821323225,0.002431221997730896,0.0012732759969355254],[0.00465326945718336,0.002715949696771293,0.002684082135168097,0.0052169117872509635,0.0022958052482272276,0.0032219403553430176,0.011255476347496313,0.004147451258832617,0.006185597759805204,0.00623783870413073,0.008375693153227802,4.1971615801817357E-4,4.937619775929466E-4,0.0015757642025968147,0.02922833551782942,0.003113181726453614,1.0,0.004591810026249625,0.00999861953857959,0.0021001109580248236,0.0036417265913565437,0.0023094679689884814,0.007355046092492288,0.0031574052903328423,0.004260795203333689,0.01181543273936494,0.006189227252326723,0.011884607000767586,0.0037165001623387334,0.002921181518299758,0.002388764138267622,0.0020527198336063703,8.88455889827241E-4,0.005707336278445517,0.003993928955434909,0.010662734599445728,0.008838806028733135,1.2964551180299637E-4,0.006091359688936471,0.0022968278195781614,0.005847422772054291,0.004465041600507309,0.009209256160045656,0.0057985303824918755,0.0025879681726889625,0.006807142706812458,0.005128124207390483,0.0016950308558539356],[2.5029936134517293E-5,0.0023773488873679856,2.4520089039508497E-4,0.0018666899774586613,0.0014607723577324443,0.0028636463725156855,0.012087677753128849,1.713459508676347E-4,0.0036544148500713535,0.005971663972547017,0.04862706020082604,0.0023103981745879114,7.266092885069135E-4,0.001448456704796418,0.027356600274750283,0.003472741707911867,0.004591810026249625,1.0,0.011323275399925186,0.0012425895699615752,0.0027033445880388905,5.513901697942167E-4,0.008412498102957272,0.001554598402664796,0.0025305451840836666,0.010706077427672753,0.002926579235771308,0.007932197302034663,5.478356613075917E-4,0.003390090166474832,0.002811653362405648,0.0029447225553610387,4.0554576492018914E-4,0.002831542646952994,0.002285163571865097,0.00534127752827789,0.006915414475463079,7.478757907817997E-4,0.001082797319868401,0.0013940742488755603,0.0016068836385777787,0.0029964037787202735,0.007732966515259157,0.0035859347526805037,0.0030031865508900915,0.008485874050542668,0.004214160175479629,0.00274959595788083],[0.0026173315714256226,0.006329426987653002,5.658310510494314E-4,0.008875324364184976,0.009524282225288557,0.013389912986794561,0.013778100636612134,0.005719162279041671,0.008766344710763173,0.008432645484852026,0.01628368365504628,0.0013232138047374314,0.005361784201511588,0.0049429524624895445,0.02363871494364043,0.009630716461915923,0.00999861953857959,0.011323275399925186,1.0,0.007345483480366639,0.0036483549807664723,0.00738141438619447,0.012023052774461451,0.004137924442643641,0.010892096121374935,0.015149859450899993,0.012625289625213308,0.013990766461767888,0.013747741608186035,0.005748064747923389,0.011197410212922743,0.012472504098935,0.008438962901997391,0.012282643629483378,0.005899945963451591,0.013072494679180915,0.00997839043776973,0.007561689854408886,0.013191696316974604,0.0078490275465073,0.010201362969665548,0.00936455683201105,0.01181632201346297,0.00797896766835842,0.003039686387908664,0.010916473856203042,0.009539926725736322,0.0036684465718493323],[3.989251145011275E-5,7.124629126779152E-4,4.1065406472749394E-5,5.9840841645551866E-5,1.3045672756454327E-4,0.001559884161329444,0.00716306450564809,3.4576573324442374E-5,4.888001751198311E-4,0.0030445157366900256,0.004949388427833728,3.2221179024025695E-5,2.8145247731719083E-5,7.772759004895696E-5,0.010344806153490652,3.2061536501157745E-4,0.0021001109580248236,0.0012425895699615752,0.007345483480366639,1.0,3.915234126945628E-5,2.2376936645563078E-4,0.008563074811343495,2.141451218431358E-5,3.418212816573994E-4,0.010903502519232668,3.9356682660048364E-5,0.010237268550885184,9.984409962286306E-5,6.233938179634361E-4,1.7636076346763208E-4,6.973218542433038E-4,2.4770838120053782E-5,0.002545547805564298,6.411685384707535E-5,0.007718491470520868,0.0018035988660709487,9.063795839435676E-5,9.17794681651093E-5,2.7806961891176188E-5,7.822974958132463E-4,9.764614678440413E-4,0.009584410292859296,7.467853663445505E-4,1.29336509357217E-4,0.00410355084663051,0.0026118365860486998,0.0010284581458190702],[1.8189686519830992E-5,8.154720062165678E-4,1.7193724328065147E-5,5.453992177195948E-5,1.9164620266386335E-4,0.0022149805594126153,0.010320495635890546,1.9523958630375255E-5,2.8992896595871287E-5,0.00394015043301573,0.05294437977923135,1.2336522997197987E-5,1.666193976639174E-5,4.6576144406271537E-5,0.028199997738888448,5.67229519009223E-4,0.0036417265913565437,0.0027033445880388905,0.0036483549807664723,3.915234126945628E-5,1.0,4.080224714984691E-4,0.003047175369482683,1.5067860836468087E-5,5.083666341879326E-4,0.02665032127370454,2.848134912286999E-5,0.013774548989973998,4.451043119450521E-5,0.002857174032511518,0.0014790021838051303,3.5709266267158003E-4,1.3684726829849936E-5,0.00264965336408284,3.7485828717184397E-4,0.010247612272138067,0.008143316974834653,2.879823817575883E-5,0.001003070120365446,1.671498902867403E-5,9.372708800524278E-4,8.3681803324358E-4,0.0045706637270175885,0.0011219081041371022,6.914344680859126E-5,0.005474564398513755,2.936710452065969E-4,0.001061858286795513],[8.218666886478356E-5,0.0013550656574960356,3.128860144663245E-4,4.173675867895989E-4,4.5457422654076826E-4,0.0013987355162966226,0.003563873664536981,1.5802672479813004E-4,6.416485760491182E-4,0.004674129761200666,0.008686264797734686,2.5582284763613533E-4,2.6364509575095807E-4,4.166938412397619E-4,0.010324707594623858,0.001329416289334598,0.0023094679689884814,5.513901697942167E-4,0.00738141438619447,2.2376936645563078E-4,4.080224714984691E-4,1.0,0.0036786847034440085,3.9636994924326574E-4,5.820068792544627E-4,0.03362945312043857,3.9187056421201115E-4,0.004222724138990185,2.0580220890899995E-4,8.860345246690016E-4,0.001095144499033621,0.0012930747304540013,2.5347349510849E-4,0.002452730766099161,7.900536376022396E-4,0.012373874502046824,0.005988678790743408,4.054295748530103E-4,5.500242708443175E-4,4.498367074527768E-4,8.226539942119695E-4,6.799115789180514E-4,0.006335847731808655,9.499365711579616E-4,4.890057597976385E-4,0.003958763843562308,0.004437041876726118,7.662802039981888E-4],[0.0027911263209080385,0.005737470704025966,0.0012979378099337291,0.001309444516223678,0.003828801234222628,0.007482866000892461,0.01215960453929054,0.0082604892155164,0.004567800304993694,0.00721690829026977,0.0321976593369058,8.673822239078228E-4,0.007729514599590847,0.00442407268805889,0.01890293927150427,0.00218467360442848,0.007355046092492288,0.008412498102957272,0.012023052774461451,0.008563074811343495,0.003047175369482683,0.0036786847034440085,1.0,5.465056934761231E-4,0.004357498092997436,0.017344133278055975,0.002571589652955986,0.010932831819694459,0.007929072384918738,0.005157930925917371,0.007287131617539018,0.0054060582194234204,0.003170032195678236,0.0038429086788121713,0.001740652776663353,0.010102604632964302,0.009090630730304096,2.4359092887148663E-4,0.005320527716394461,0.004983098983280973,0.005315607113987427,0.007726462784110495,0.00965189189996241,0.001899008641117069,0.0069647552291207315,0.009969154404214824,0.006197260910554462,0.003892120831370037],[1.6053172474257915E-5,8.815663090738202E-4,1.9313452007797002E-5,5.055651820852827E-5,6.34694056075244E-5,8.667618625457044E-5,0.008520772553720371,1.2745655940033501E-5,5.736549162579956E-4,0.0016324375031721045,0.035023957955397214,1.0583318101288935E-5,1.834375590213588E-5,5.7007336932200955E-5,0.014858763270472966,3.4853068440204914E-4,0.0031574052903328423,0.001554598402664796,0.004137924442643641,2.141451218431358E-5,1.5067860836468087E-5,3.9636994924326574E-4,5.465056934761231E-4,1.0,4.300533233457464E-5,0.03324273137922801,2.051294216890148E-5,0.009445026988099238,1.552757444829658E-5,0.0016454260539019575,0.001376572526456042,0.0012492796518856952,1.0940151617304097E-5,0.0024187551783190976,2.1523986803682635E-4,0.0038377353768991557,0.008583619226338815,4.599807714316166E-5,5.665944583138E-4,1.6524242690438922E-5,1.54681214058189E-4,0.0012070095085477454,0.006042749806682973,1.5093006120944435E-4,4.610593159795257E-5,0.002759763625000677,0.004124654339466924,2.2748058348129205E-4],[3.49230055368759E-5,0.001124422916157185,4.3564986696528583E-4,8.709628132804912E-4,4.5469462038242984E-4,0.0017757631740365379,0.007858804207526101,5.320695889096741E-5,0.0011199346601385351,0.0033039805641097743,0.03178930926284805,7.330893714364584E-5,3.81207309399867E-4,3.599061647375381E-4,0.010925772751388523,0.001057428185595067,0.004260795203333689,0.0025305451840836666,0.010892096121374935,3.418212816573994E-4,5.083666341879326E-4,5.820068792544627E-4,0.004357498092997436,4.300533233457464E-5,1.0,0.021656859908481575,3.0868140676141177E-4,0.014021140816537863,4.540156541978919E-4,0.002250503747030022,0.0010515890102022417,0.001217525349536258,8.589981122270305E-4,0.0021370360276037476,0.0010959408496492356,0.007347185171818302,0.005099521865352324,4.1414959755743777E-4,0.001040057904469339,7.3191599495371E-4,0.001221329216954623,0.0010613021775695752,0.003947469913532341,0.0013031517773728718,4.452733428595099E-4,0.006297090347038855,0.004207133320680415,0.0010927417148910118],[0.0010672503738297548,0.027584281009700062,0.005596513900569494,0.014639345864770054,0.005199664866504252,0.031044805348886432,0.02377811090313356,0.025996571805379447,0.01560540277574036,0.00962154171410678,0.0484696732467721,0.024827050095946167,7.425539844481665E-4,0.02430517179333898,0.0343122134106494,0.027555682362189207,0.01181543273936494,0.010706077427672753,0.015149859450899993,0.010903502519232668,0.02665032127370454,0.03362945312043857,0.017344133278055975,0.03324273137922801,0.021656859908481575,1.0,0.013232768677582775,0.040378688205585045,0.02780941563466977,0.014162491117893436,0.007733774155914149,0.0026667960981904704,0.016108929819913683,0.027498052159956876,0.029853710199366897,0.03316636034131316,0.012630089396198555,0.036531858714707655,0.0067613882045851285,0.003945924406769568,0.009603014496953012,0.017877012960213882,0.02543616257918422,0.03749441220552609,0.020512930956386472,0.040988992419004174,0.02622645829832356,0.017547620809757622],[2.1040595195882105E-5,5.556933943280245E-4,2.1158022975867837E-5,1.457965431791756E-4,1.6758330281809415E-4,0.0020864411033631983,0.012236886262700388,2.358663009957386E-5,8.932068445564967E-4,0.0017142423875100056,0.047838605211049344,1.4793808709861717E-5,2.2778393947676277E-5,3.6584949024923846E-5,0.01163482155950855,0.001143337434652545,0.006189227252326723,0.002926579235771308,0.012625289625213308,3.9356682660048364E-5,2.848134912286999E-5,3.9187056421201115E-4,0.002571589652955986,2.051294216890148E-5,3.0868140676141177E-4,0.013232768677582775,1.0,0.001611785938868549,1.0338566024853194E-4,0.0026634901165912502,7.220400081712322E-4,4.681892603912207E-4,1.610456761332098E-5,0.0021002616474877596,0.0010340754299090107,6.846238732824812E-4,0.004894450332839945,4.659914911151603E-5,5.207435222578642E-4,2.921600302605838E-5,6.357784638449693E-4,2.765914283437568E-4,0.0010606237256419622,0.0014550286853198928,5.6746840449381776E-5,0.0062876300362623575,4.1831516844044144E-4,5.437366754634296E-4],[0.011779797961175887,0.01236870355631857,0.0011041910370966277,0.013928746534971758,0.012476032014540131,0.003041497441181124,0.01366433814994915,0.004103779971179191,0.008120110295815094,0.01374405225617793,0.02088050825966644,0.00136644369378952,0.011315902059748754,0.0043676390703045725,0.030267435402360786,0.004685170623234228,0.011884607000767586,0.007932197302034663,0.013990766461767888,0.010237268550885184,0.013774548989973998,0.004222724138990185,0.010932831819694459,0.009445026988099238,0.014021140816537863,0.040378688205585045,0.001611785938868549,1.0,0.00942980177602631,0.005130439353201658,0.0020309720612297494,0.0021511912760922435,0.01149659924912783,0.008742562878454596,0.009595400409946839,0.013651376478658815,0.012297019046973912,0.004004408812438767,0.009322901178499612,0.010261994242241392,0.008486823037082099,0.014030029398488304,0.011876412372061964,0.002725049016864197,0.008617562747833154,0.011564624815547096,0.0053619531006021195,0.005679882490206521],[2.931586707479788E-5,7.048904404720004E-4,3.745732252296498E-5,2.1683865499627194E-4,2.2354046744244217E-4,0.0019797049553136317,0.005490508924234172,1.015976043212178E-4,0.0010346158905638835,0.004731702003609555,0.01751582576881451,1.0372710428770926E-4,9.664965694178781E-5,1.0549173849012017E-4,0.007386994604110424,0.0016057342868543122,0.0037165001623387334,5.478356613075917E-4,0.013747741608186035,9.984409962286306E-5,4.451043119450521E-5,2.0580220890899995E-4,0.007929072384918738,1.552757444829658E-5,4.540156541978919E-4,0.02780941563466977,1.0338566024853194E-4,0.00942980177602631,1.0,2.5310832287674876E-4,0.001004611276914956,1.1170733092859481E-4,8.988111181359266E-5,1.7048332532015615E-4,4.785256807665712E-4,0.00798633118900438,0.001338742530417136,1.1472670192177338E-4,7.238883460516745E-4,7.862170159815451E-5,0.0010470853869037641,9.810240624565246E-4,0.006053367507344349,0.0010620166966473854,1.2880726664440793E-4,0.002085548370911583,0.0017210396205340353,2.1640990651214525E-4],[0.0010672179538062535,0.0018861460400819866,5.654266703331806E-4,0.0013157482793689126,7.092890362479462E-4,0.0027952690765438047,0.008605216193583873,0.0023734461062472497,0.002100057234358439,0.00450560886199913,0.016207840333067675,6.793097688116646E-4,0.0019407838513429178,0.0011107274409232727,0.024760895751956676,0.0019844470622940296,0.002921181518299758,0.003390090166474832,0.005748064747923389,6.233938179634361E-4,0.002857174032511518,8.860345246690016E-4,0.005157930925917371,0.0016454260539019575,0.002250503747030022,0.014162491117893436,0.0026634901165912502,0.005130439353201658,2.5310832287674876E-4,1.0,0.0017418159428133101,0.0015255160243332492,8.976228040612266E-4,0.002781796487196782,0.001547897007104137,0.007712997453775766,0.007685931269878529,0.0025564180927960365,0.0017760545045995171,8.699041015673031E-4,0.00136078200053361,0.0023202541288439376,0.0033181743155967446,0.002792790722281685,0.0010801951739070413,0.007755137769021694,0.004158322030688413,0.0019343867788744018],[0.0012714280911104677,0.0014767481198338635,0.0011098046196978159,8.488487365224087E-4,0.0015223794593276652,0.0020674643733862765,0.010332721219578248,2.927900146536406E-4,0.0014200288645866727,0.0017468226234539717,0.026964075418469277,0.001098324554524846,9.286706645903501E-4,0.001075788438437469,0.004297643129565066,0.0016238176732267413,0.002388764138267622,0.002811653362405648,0.011197410212922743,1.7636076346763208E-4,0.0014790021838051303,0.001095144499033621,0.007287131617539018,0.001376572526456042,0.0010515890102022417,0.007733774155914149,7.220400081712322E-4,0.0020309720612297494,0.001004611276914956,0.0017418159428133101,1.0,0.001530174677509939,7.948448303133174E-4,0.0016931449409438547,0.0011922368704857039,0.0068941670122073554,0.008650374921733636,6.075948765809986E-4,0.0011770361445968289,0.0010404164495178355,0.001457812172522285,0.0015188697913548716,0.006245256764190146,0.0015360983102918587,0.0015201477623126534,0.009868663629364269,0.0038475692849379555,0.0014193598370516422],[0.0010066273997832705,0.0013952288894567846,0.0010944027512213956,0.0010779581160060667,8.198684464565978E-4,0.0019639308511217313,0.006911949827824535,0.0012533458838158533,0.001293929970557575,0.0012967611456491885,0.058354139231630416,9.16361890400355E-4,1.5327645856677886E-4,1.3395677990897124E-4,0.00770917062079571,0.0015427501008747633,0.0020527198336063703,0.0029447225553610387,0.012472504098935,6.973218542433038E-4,3.5709266267158003E-4,0.0012930747304540013,0.0054060582194234204,0.0012492796518856952,0.001217525349536258,0.0026667960981904704,4.681892603912207E-4,0.0021511912760922435,1.1170733092859481E-4,0.0015255160243332492,0.001530174677509939,1.0,3.350762369983484E-5,0.002614501229030783,0.0012412335781549079,0.0074940176922764935,0.005392040542883331,9.244973103016533E-4,0.0011983033732901253,7.561367105535826E-5,0.001292779931769101,0.0012996776133094756,0.00544238666123917,0.0014356706667732863,0.0011094699580528966,0.005997687720543294,0.002425657109338171,0.0011778820300560576],[1.4059670386584985E-5,4.625037528264775E-4,1.2766669203467537E-5,9.348832827186935E-5,1.8462926632651868E-4,0.001074318287124372,7.981036226873364E-4,2.0612368567172362E-5,3.4898841364936736E-4,8.587858895525661E-5,0.02693772790544168,1.0921794392511322E-5,1.7843619029822307E-5,6.61252404296265E-5,0.017317430268806652,0.0011904175292109832,8.88455889827241E-4,4.0554576492018914E-4,0.008438962901997391,2.4770838120053782E-5,1.3684726829849936E-5,2.5347349510849E-4,0.003170032195678236,1.0940151617304097E-5,8.589981122270305E-4,0.016108929819913683,1.610456761332098E-5,0.01149659924912783,8.988111181359266E-5,8.976228040612266E-4,7.948448303133174E-4,3.350762369983484E-5,1.0,1.0965373840655281E-4,9.655074105339291E-4,0.003478957500437915,0.009031733738260057,9.59923942879836E-5,1.9440654323564266E-4,1.3124744401434982E-5,9.119687851666137E-4,0.0012150704403380347,0.00523499651594701,7.465543527490953E-4,2.9743208675938887E-5,0.0015318757200781324,0.003288213853075121,4.7737720190796834E-4],[4.490878228441289E-5,0.0019366529911545975,5.481273384868665E-4,0.0016547553350413245,4.3748507878010667E-4,0.002705125963099202,0.006889268804184252,0.0014522691517097745,0.0018723911168001355,0.003354528026297151,0.020906045125075413,9.402545143084592E-5,3.497971530525943E-4,0.0023461529708776368,0.029646249673162976,0.002624689120408397,0.005707336278445517,0.002831542646952994,0.012282643629483378,0.002545547805564298,0.00264965336408284,0.002452730766099161,0.0038429086788121713,0.0024187551783190976,0.0021370360276037476,0.027498052159956876,0.0021002616474877596,0.008742562878454596,1.7048332532015615E-4,0.002781796487196782,0.0016931449409438547,0.002614501229030783,1.0965373840655281E-4,1.0,0.002404292277305076,0.005912138313902006,0.006418951619631685,0.0025669342362451392,0.0019801361941610206,0.0025431111221946474,0.002636431662138859,0.0015355257128093504,0.007673318285086639,0.0019351536122952056,8.229787692580617E-4,0.0076707481856283476,0.0034692929780491,0.0012330081664865258],[2.993112827079622E-4,0.0014338331399659458,7.253386650338169E-4,9.196043803017607E-4,6.453016937985098E-4,0.0022852950528257565,0.009200778928202641,7.906383939279831E-4,0.0011393317145722112,0.0055381653925771065,0.03136019447787743,6.798211399488465E-4,0.0010754672806808471,8.284288798720661E-4,0.007527996147326715,0.0014856181957320297,0.003993928955434909,0.002285163571865097,0.005899945963451591,6.411685384707535E-5,3.7485828717184397E-4,7.900536376022396E-4,0.001740652776663353,2.1523986803682635E-4,0.0010959408496492356,0.029853710199366897,0.0010340754299090107,0.009595400409946839,4.785256807665712E-4,0.001547897007104137,0.0011922368704857039,0.0012412335781549079,9.655074105339291E-4,0.002404292277305076,1.0,0.0028288571220942875,0.008778799065459449,9.258885922313497E-4,0.0010761562044074738,7.8237637483957E-4,0.0011439289078029164,0.0011936581864500555,0.0037183381316274605,0.0012795309906790517,1.9584898114409017E-4,0.004944440777254568,0.004183310272904693,0.001133137689171958],[0.009309623389728384,0.005989142922424166,0.009875285900643588,0.012149599699812169,0.0030400276459437857,0.004251746066100288,0.013323911486905995,0.011583564126917757,0.011071236095614372,0.007464732642488286,0.014947440692881325,0.00612182767817037,0.004618809793013878,0.01238475332666263,0.025949523840435296,0.00994549877665189,0.010662734599445728,0.00534127752827789,0.013072494679180915,0.007718491470520868,0.010247612272138067,0.012373874502046824,0.010102604632964302,0.0038377353768991557,0.007347185171818302,0.03316636034131316,6.846238732824812E-4,0.013651376478658815,0.00798633118900438,0.007712997453775766,0.0068941670122073554,0.0074940176922764935,0.003478957500437915,0.005912138313902006,0.0028288571220942875,1.0,0.011450134267622914,0.01198610054661203,0.00554067529998299,0.001818208460634251,0.0062975335845338945,0.006758312272406799,0.011702885330559786,0.012341869339612677,0.005167409678838774,0.011739993244567377,0.005338426817751486,0.0033720496671001124],[0.0010406736255131744,0.008483838924891443,0.006977833917607294,0.0033371722693327156,0.009253085506889273,0.007474993663825978,0.010850907605377314,0.008224612208559206,0.006916698660571796,0.0064231505847740225,0.05567759233366791,0.007264519068449335,0.0028586602762076074,0.008618748146984918,0.025562833138356094,0.006389470478862658,0.008838806028733135,0.006915414475463079,0.00997839043776973,0.0018035988660709487,0.008143316974834653,0.005988678790743408,0.009090630730304096,0.008583619226338815,0.005099521865352324,0.012630089396198555,0.004894450332839945,0.012297019046973912,0.001338742530417136,0.007685931269878529,0.008650374921733636,0.005392040542883331,0.009031733738260057,0.006418951619631685,0.008778799065459449,0.011450134267622914,1.0,0.0026632194187529348,0.004657269808077584,0.0032566994758880066,0.0024432100733898705,0.005660975828343467,0.010091993319167561,0.00765013089261075,0.0037073313006120937,0.010271936125845567,0.006117422882587599,0.009245017083506639],[3.7246007543352704E-5,7.129480375464612E-4,1.1318486970544073E-4,1.209731188209416E-4,1.868438765530002E-4,7.122294737439763E-4,0.004127849378301955,9.805308228792503E-5,9.525405411410443E-4,0.0032810427252148336,0.0393265928882918,1.1157622292210641E-4,4.4681314908476806E-5,1.1674600611223163E-4,0.017290601120661747,7.390089671524258E-4,1.2964551180299637E-4,7.478757907817997E-4,0.007561689854408886,9.063795839435676E-5,2.879823817575883E-5,4.054295748530103E-4,2.4359092887148663E-4,4.599807714316166E-5,4.1414959755743777E-4,0.036531858714707655,4.659914911151603E-5,0.004004408812438767,1.1472670192177338E-4,0.0025564180927960365,6.075948765809986E-4,9.244973103016533E-4,9.59923942879836E-5,0.0025669342362451392,9.258885922313497E-4,0.01198610054661203,0.0026632194187529348,1.0,8.150375071308095E-4,9.139655836540653E-5,2.718825146533888E-4,9.841617928637656E-4,0.0035525131303388423,0.001091399573233962,1.3389204868269387E-4,0.00335685804544979,0.0011261684671573522,4.853437232322446E-4],[5.020128370091437E-4,0.0013957533585531319,5.10481744119031E-4,3.665891052312799E-4,3.823870157656868E-4,0.0015231246972596667,0.006515580916394927,8.748427060417609E-4,0.0010723895145237188,0.004056506829068667,0.0030212296029952014,8.714975421730671E-4,1.2476929222834945E-4,1.3964309728505575E-4,0.009944914799456545,0.0014884732706586363,0.006091359688936471,0.001082797319868401,0.013191696316974604,9.17794681651093E-5,0.001003070120365446,5.500242708443175E-4,0.005320527716394461,5.665944583138E-4,0.001040057904469339,0.0067613882045851285,5.207435222578642E-4,0.009322901178499612,7.238883460516745E-4,0.0017760545045995171,0.0011770361445968289,0.0011983033732901253,1.9440654323564266E-4,0.0019801361941610206,0.0010761562044074738,0.00554067529998299,0.004657269808077584,8.150375071308095E-4,1.0,3.8663215733934244E-4,0.0011576113140829862,0.0011720286236109833,0.007303404050337173,0.0012932363813630578,8.177503076676044E-4,0.008718575949814211,0.0032173915503472808,0.0011067580932412802],[1.872209101364083E-5,4.3422574150721175E-4,1.95907964074375E-5,1.9469212722032347E-4,7.551962222393432E-5,4.3577657676448727E-4,0.005466473179636342,2.214865411460727E-5,6.491192785289737E-4,0.004110391678591797,0.024598191345029257,1.7213179592845735E-5,1.887643128706623E-5,4.530448156264382E-5,0.025166423152589854,3.979768375337299E-4,0.0022968278195781614,0.0013940742488755603,0.0078490275465073,2.7806961891176188E-5,1.671498902867403E-5,4.498367074527768E-4,0.004983098983280973,1.6524242690438922E-5,7.3191599495371E-4,0.003945924406769568,2.921600302605838E-5,0.010261994242241392,7.862170159815451E-5,8.699041015673031E-4,0.0010404164495178355,7.561367105535826E-5,1.3124744401434982E-5,0.0025431111221946474,7.8237637483957E-4,0.001818208460634251,0.0032566994758880066,9.139655836540653E-5,3.8663215733934244E-4,1.0,0.001239074369801841,0.0010188287723971773,0.005015134953405655,2.