[[1.0,1.0879571090808382E-5,6.473285387625566E-5,4.416568178096704E-5,0.0038691934046104774,1.5213658676588171E-5,0.010257041197688605,1.2998635835554268E-4,1.4467103385440341E-5,7.456214879779951E-4,5.416185873655074E-4,9.701221091416483E-4,0.0012826943082632162,0.0016199622961881154,0.003225727058269568,1.0086572720404213E-4,3.1537724382371266E-5,1.093656438208495E-5,2.7801219170117053E-5,4.452668600311455E-5,2.460331688943333E-5,9.272512747289315E-5,1.3437049932625485E-4,0.0016004735943966509,8.26413948614235E-5,1.9013067901808168E-5,7.407389541080735E-4,4.593722133554758E-5,0.0015996545249916715,8.956905065112813E-5,9.795500320825298E-5,0.003850216334868352,3.3023591275189724E-5,7.363308740630982E-4,2.0704188810665263E-4,0.001146281566393457,0.0014675933400305815,7.262419745190244E-4,4.1790967332945006E-5,2.5223163430415977E-4,2.536856311792157E-4,1.0195110019977456E-5],[1.0879571090808382E-5,1.0,6.5108046399173E-4,1.3457204865760944E-5,0.008182694310430998,1.2234766942726232E-5,0.021909141902827892,1.2580995092195923E-4,1.261203183780271E-5,9.702218036132974E-4,5.962399482831656E-4,9.559682075755435E-4,0.0013411770255942188,0.004239220922885379,0.001844496587403385,7.821512934370131E-5,5.509475057295955E-5,1.1926781591731988E-5,8.634613825234061E-5,5.255788313660236E-5,1.6997109020575618E-5,3.894164629009448E-4,3.309372365009818E-5,0.007048163045644991,1.4215133141041688E-4,7.20338582534594E-5,0.0016488801214969932,1.8237583063229884E-4,7.859933070138837E-4,6.194364826859623E-5,2.5917400209006687E-4,0.0036433946145768077,8.504220500295224E-5,0.0012372613188585012,3.399061704587165E-4,0.0010535790116424529,3.9348094194504104E-4,2.786217533815755E-4,1.2272684555499693E-4,9.034339292661964E-5,3.6321939192983225E-4,1.1021816596834032E-5],[6.473285387625566E-5,6.5108046399173E-4,1.0,6.065905536160396E-4,0.008182159721882725,2.560974856026385E-4,0.013719494379469035,4.782781683837675E-4,3.3522443451459565E-4,8.319360463110397E-4,0.001395306881989782,0.0013885119656702328,0.0017061022600563182,0.0032629638058215508,0.002784089576889019,5.779500105690157E-4,6.438230352231054E-4,7.799043626109886E-5,5.331742218143657E-4,4.7819056053798937E-4,3.2265861838742793E-4,7.358226813240445E-4,1.6428623810774124E-4,0.01083415062697976,4.895438353670113E-4,7.420686357771306E-4,0.003664981413911009,6.03267965300833E-4,0.0010908364394700118,5.500250815375517E-4,3.092460618464408E-4,0.0011114315016588457,6.130519537226981E-4,0.004609255808449293,5.910379850177694E-4,8.957105494149233E-4,0.0015468929328210914,0.0011255460853197455,4.4536755481829125E-4,6.272077425035854E-4,4.157828627808465E-4,4.191974906203828E-4],[4.416568178096704E-5,1.3457204865760944E-5,6.065905536160396E-4,1.0,0.007577109053448287,4.0101608000471626E-5,0.011541621397617817,6.567363968857504E-5,3.2617712089735074E-5,9.403208231790584E-4,9.638681047119324E-4,0.0010013606793961825,0.0018345212729406883,0.005345427701541925,0.0017122889356009604,1.1520416236636397E-4,1.0758245108519743E-4,1.6315405620017936E-5,1.0989650791962458E-4,5.774646265651652E-5,4.149027378629012E-5,5.565501323534295E-5,1.1611096350577915E-4,0.005860518915795947,7.454205057090373E-5,6.605869135936937E-5,0.007842307085897546,1.7201192699820093E-4,0.0031869820129424528,1.1399590475206906E-4,7.20987432491233E-5,0.0033470139399998707,1.039739618983122E-4,0.00544760263538513,5.45591952648467E-5,4.289707771892961E-4,0.0010236774515323978,4.709782214293944E-4,5.7520575087374394E-5,4.2808993758856244E-4,3.351976245419561E-4,4.453569415806749E-5],[0.0038691934046104774,0.008182694310430998,0.008182159721882725,0.007577109053448287,1.0,0.009950503900369624,0.020083186414611657,0.0048059817962244206,0.004512196774650601,0.0027401500791253905,0.005384172492661225,0.007092798698339143,0.0061308137196531935,0.008880111764304094,0.004399895073292437,0.007696904111611606,0.010005527949184091,0.002598094453255209,0.00934089633830321,0.009637780256858788,0.002641159124717321,0.0012110258599109245,0.005100394772568521,0.011828335848559923,0.011611103327733298,0.011753889869395618,0.011083307353664982,0.0108147283590163,0.005549918874228441,0.001381202541634414,0.0017856032149863406,0.011574420984475675,0.010430623103958007,0.00744956526620425,0.007473391828797978,0.008374449041306398,0.008531226586343909,0.004444067750568961,0.009986406109750825,0.007646217272534144,0.002019082709763636,0.008921706280753809],[1.5213658676588171E-5,1.2234766942726232E-5,2.560974856026385E-4,4.0101608000471626E-5,0.009950503900369624,1.0,0.0059363689304728975,1.3760384569686971E-4,1.8547186764065266E-5,5.869995950139408E-4,2.0984309607757114E-4,8.724102832331116E-4,0.0015938557102373784,0.0034385782663936596,3.983908602199213E-4,1.8471930725426582E-5,5.183148779640978E-5,1.784972213095693E-5,5.578744570278345E-5,1.604896777214935E-4,2.0708395139509385E-5,6.13961071363246E-4,3.797920946359085E-5,0.008505705092891913,5.858875252531998E-5,2.450798175835942E-5,0.006371475268511703,2.1324577100113464E-4,0.0013362061307593436,1.4936254837661134E-4,1.386718725263471E-4,0.0015138980744562238,1.095742073284907E-4,0.0030047589743324634,4.9919650336301386E-5,5.38206233767947E-4,6.774893196214479E-4,0.0011557941784342877,1.391568836422328E-4,3.924611555601294E-4,1.702485951315045E-4,1.2898917156574927E-5],[0.010257041197688605,0.021909141902827892,0.013719494379469035,0.011541621397617817,0.020083186414611657,0.0059363689304728975,1.0,0.011335572017200791,0.006068153600761345,0.010823338006809718,0.010030762039088793,0.02094922379673147,0.019140161351481076,0.007130511964222818,0.006431304175438178,0.016956948513936733,0.012122218901834935,0.014816395857135397,0.01142956786219877,0.01210076892433084,0.0029746440155659676,0.017611393764788805,3.7576304200087466E-4,0.014626908060047785,0.019968893745074198,0.01156810803153229,0.020829457235972414,0.011965137172042515,0.009735716316528774,0.010103975226876815,0.012217366934185783,0.01860452285056946,0.017657778396012416,0.0167256416122219,6.589541513896403E-4,0.012381695848044192,0.004405526770907985,0.009429131759471769,0.01726799463096187,0.021096912368906883,6.562254747238162E-4,0.0031315129084473264],[1.2998635835554268E-4,1.2580995092195923E-4,4.782781683837675E-4,6.567363968857504E-5,0.0048059817962244206,1.3760384569686971E-4,0.011335572017200791,1.0,9.486675649415957E-5,6.74263341582448E-4,7.094167260688045E-4,9.909422678766042E-4,0.0015909837924157782,0.0022907069709561735,4.5199026483157853E-4,2.0380031457883734E-4,1.6799174640764943E-4,3.762670628287809E-5,1.475191991875291E-4,1.790341167083789E-4,1.5589528124925983E-4,4.21529701631601E-4,1.613187296301025E-4,0.00613708484344993,1.6228962117226952E-4,1.763893717432992E-4,5.052528080251532E-4,2.1785929072306519E-4,2.0093501887672542E-4,1.9433124619016478E-4,2.061984771398815E-4,0.0037191280623113886,1.8567441735890081E-4,0.005199305578652643,3.2401529709627193E-4,3.699738857396021E-4,9.665007914636605E-4,9.103311056029188E-4,1.8971835192614942E-4,3.947227972181639E-4,2.1013068559724344E-4,1.6740927690417522E-4],[1.4467103385440341E-5,1.261203183780271E-5,3.3522443451459565E-4,3.2617712089735074E-5,0.004512196774650601,1.8547186764065266E-5,0.006068153600761345,9.486675649415957E-5,1.0,0.0010264968003216696,7.702981980051573E-4,0.0011633281598965825,7.067093405026462E-5,0.002854181489332943,2.0898624061284978E-4,3.937893280936721E-5,4.12836931316234E-5,1.4267325144110374E-5,3.199513700652324E-5,1.438420447232469E-4,2.0335302548856035E-5,3.738355063138744E-4,1.2729343956388773E-4,0.012404901907402866,1.1154559973217271E-4,9.963273166404008E-5,0.003776149812340728,1.1537424210432743E-4,9.944225738188987E-4,1.3314155457887838E-4,1.3768792593199823E-4,0.0029430671183947555,5.5963146997754876E-5,0.00235988915765445,2.41817823844118E-4,4.000892030052555E-4,0.0014002771004924845,0.0010837086756801879,8.129206980526272E-5,2.2583193649755947E-4,2.82898625423534E-4,1.6862457415844976E-5],[7.456214879779951E-4,9.702218036132974E-4,8.319360463110397E-4,9.403208231790584E-4,0.0027401500791253905,5.869995950139408E-4,0.010823338006809718,6.74263341582448E-4,0.0010264968003216696,1.0,0.0014947330838528873,0.0016038656879783933,0.0017850698425138168,0.005381387487313962,0.0025493318258458975,7.03931710954923E-4,7.96854069765496E-4,8.079104398657789E-4,7.758043573712787E-4,3.863613704168185E-4,5.700305393636384E-4,0.0010455200051424306,3.2772689370185024E-4,0.0018527597300587338,8.030847145071765E-4,2.6000270152499734E-4,0.0020379019646089873,2.6148101145947913E-4,0.003361762139769938,6.122147046354224E-4,8.38665482509966E-4,0.002114314989141248,1.8059472298502847E-4,0.00163027719157295,6.670416834350221E-4,0.0011425366318240666,0.0012756835557913707,0.0011905572057918496,0.0010719242143581238,9.063539055795872E-4,6.775265828814796E-4,4.987173663574888E-4],[5.416185873655074E-4,5.962399482831656E-4,0.001395306881989782,9.638681047119324E-4,0.005384172492661225,2.0984309607757114E-4,0.010030762039088793,7.094167260688045E-4,7.702981980051573E-4,0.0014947330838528873,1.0,0.0015252867215659583,0.0018725076840981356,0.0017870745558972846,0.0025509243851094213,2.837955235726246E-4,0.0013296791565737477,8.912410097798237E-4,0.0015061299714466585,6.527619799706648E-4,0.0014548035603150465,8.067737498856023E-4,2.5760166287163013E-4,0.004218093967565926,5.183434713325624E-4,8.481622388716192E-4,0.002656254936477047,3.355011150586049E-4,0.0019027078023779163,5.073251456518812E-4,0.0014777104620723408,0.002260055944088809,6.161901695203332E-4,0.005171029011736689,0.0014619541003444978,0.0014201854321479338,0.0015721731709052772,0.0013956513959898825,8.918996732787754E-4,0.0013569692226566823,4.461471976201676E-4,4.216587186108656E-4],[9.701221091416483E-4,9.559682075755435E-4,0.0013885119656702328,0.0010013606793961825,0.007092798698339143,8.724102832331116E-4,0.02094922379673147,9.909422678766042E-4,0.0011633281598965825,0.0016038656879783933,0.0015252867215659583,1.0,0.0019732587176953752,0.003421268207304844,0.0031874440571779475,6.082846663569301E-4,0.0014366040589833162,7.231716212573465E-5,0.0010119266345984276,0.0017101843756324514,0.0018777081648927616,0.0010714409374654767,5.283350668359013E-4,0.004665979629915468,4.5812300371336436E-4,3.706332926045934E-4,0.004610471455618257,0.0015354895160945307,0.002932855750042051,8.480981531214316E-4,0.0015540598826233626,0.0027641547178644324,0.001094196327259104,0.004249474775097355,0.0015852478132707371,0.0012694823206395461,0.0018890404374714012,0.0016528009868731024,0.0010042537923191522,0.0012955813619940995,0.0015138697827126095,3.931312449910024E-4],[0.0012826943082632162,0.0013411770255942188,0.0017061022600563182,0.0018345212729406883,0.0061308137196531935,0.0015938557102373784,0.019140161351481076,0.0015909837924157782,7.067093405026462E-5,0.0017850698425138168,0.0018725076840981356,0.0019732587176953752,1.0,0.005163119072654111,0.0031275233884680486,0.001278921954048533,7.58788692595168E-4,0.0010427079834208989,7.336387464994677E-4,0.0010942582157508133,5.809268548290919E-4,8.640805128545729E-4,7.069977773218257E-4,0.00982448282477012,9.21950856048288E-4,0.0013656859830443804,0.0035337901586037007,2.3419395639931434E-4,0.0023076481478025955,7.539247050432024E-4,0.0012255847501534641,0.0020256398369218635,5.950211976060262E-4,0.0040104493609233955,0.001737757838948353,0.0018558412513946993,0.0016973099896659947,0.0019609249044341506,6.19562994729006E-4,0.0012950222057008104,8.282683730651036E-4,8.134444089599414E-5],[0.0016199622961881154,0.004239220922885379,0.0032629638058215508,0.005345427701541925,0.008880111764304094,0.0034385782663936596,0.007130511964222818,0.0022907069709561735,0.002854181489332943,0.005381387487313962,0.0017870745558972846,0.003421268207304844,0.005163119072654111,1.0,0.00556343067412029,0.0038595575755427406,0.002625869908117594,0.001025764975154051,0.002878325323948783,0.005775715498736097,0.0022513338112783274,0.002920548864658562,2.8949892753751664E-4,0.011832880181038445,0.0033446739312345177,0.0040538707705371066,0.008035991708038998,0.005878016414471392,0.004230063004128136,0.00513647496023497,0.002316559951395197,0.005679950744435974,0.003079288475299403,0.005862515624794041,0.0037209233217675858,0.00420281276212143,0.004106797532838264,0.0036449646416646586,0.003299050001444027,0.003511930091309352,0.0013451329691073913,0.002400626711615819],[0.003225727058269568,0.001844496587403385,0.002784089576889019,0.0017122889356009604,0.004399895073292437,3.983908602199213E-4,0.006431304175438178,4.5199026483157853E-4,2.0898624061284978E-4,0.0025493318258458975,0.0025509243851094213,0.0031874440571779475,0.0031275233884680486,0.00556343067412029,1.0,4.501200389297315E-4,9.605546012830102E-4,0.003049466627146752,0.0011470394117769945,0.002113055512526116,0.0015250591220853029,0.0023169705009094183,0.0017342255344319206,0.0036528130160512033,0.0027137038353040074,0.0031247384522528543,0.0042280728812273,0.0033725912940629037,0.003633509608291461,0.0020806314413208665,0.0014662675203327296,0.003829631681448918,2.1703821197206695E-4,0.004613762171383264,7.983033927003568E-4,0.002085608407124976,0.0023569960128379222,0.0018897109535233323,0.0013717943913123761,5.185264724492108E-4,6.290247405941837E-4,0.003406311513733396],[1.0086572720404213E-4,7.821512934370131E-5,5.779500105690157E-4,1.1520416236636397E-4,0.007696904111611606,1.8471930725426582E-5,0.016956948513936733,2.0380031457883734E-4,3.937893280936721E-5,7.03931710954923E-4,2.837955235726246E-4,6.082846663569301E-4,0.001278921954048533,0.0038595575755427406,4.501200389297315E-4,1.0,2.0566903210353363E-4,8.242230191273676E-5,1.5921841462615457E-4,1.832515373211198E-4,7.463910866710991E-5,5.169898605572662E-4,1.8432470542628028E-4,0.0014547537536145885,1.8810629038764682E-4,2.0427085649657684E-4,0.0021112658143146844,2.090138739742132E-4,0.0019529230608718736,1.9035043471237769E-4,2.2674167146620187E-4,4.375466236254297E-4,1.8896601500034937E-4,7.591963930556303E-4,3.686299871369761E-4,4.945868345814996E-4,7.895213981887509E-4,6.493939274827339E-4,2.0503424101501913E-4,2.9297710371858324E-4,3.0048092159204833E-4,1.5644589887388901E-4],[3.1537724382371266E-5,5.509475057295955E-5,6.438230352231054E-4,1.0758245108519743E-4,0.010005527949184091,5.183148779640978E-5,0.012122218901834935,1.6799174640764943E-4,4.12836931316234E-5,7.96854069765496E-4,0.0013296791565737477,0.0014366040589833162,7.58788692595168E-4,0.002625869908117594,9.605546012830102E-4,2.0566903210353363E-4,1.0,1.1696307836348904E-4,1.4042923840998592E-4,1.5083700907232296E-4,4.359304925376329E-5,4.953546273388982E-4,1.4267027457512424E-4,0.00540688068272286,1.449661139137491E-4,1.51655670930824E-4,0.007711805039690927,2.2213792485237935E-4,0.0031874368429169768,1.7409625029437563E-4,2.762702228770719E-4,0.0018426228930523716,1.611380412666383E-4,0.0025921585598549604,2.6136543237817813E-4,4.982247376396767E-4,0.0012068489197444034,8.786220415028233E-4,1.5607677660590188E-4,1.4669726669428248E-4,3.1368232063484866E-4,2.8863516274897925E-5],[1.093656438208495E-5,1.1926781591731988E-5,7.799043626109886E-5,1.6315405620017936E-5,0.002598094453255209,1.784972213095693E-5,0.014816395857135397,3.762670628287809E-5,1.4267325144110374E-5,8.079104398657789E-4,8.912410097798237E-4,7.231716212573465E-5,0.0010427079834208989,0.001025764975154051,0.003049466627146752,8.242230191273676E-5,1.1696307836348904E-4,1.0,6.590444244627295E-5,1.241229616718191E-4,1.631241380576951E-5,4.202820323207221E-4,8.407654622035912E-5,0.0014653275963477294,1.2590114115891275E-4,4.3791614591182527E-5,0.003844136723278976,1.6971685166537053E-5,0.0019360835368194716,1.5376043470621234E-4,2.5341711296887495E-4,5.106626213511205E-4,5.105360187980785E-5,0.005433710419147793,2.8087949497477405E-5,1.580012429558429E-4,0.001461536881642464,6.694098281489107E-4,1.1709124331298724E-4,5.864801674702149E-5,8.827283675759039E-5,1.0741553733253356E-5],[2.7801219170117053E-5,8.634613825234061E-5,5.331742218143657E-4,1.0989650791962458E-4,0.00934089633830321,5.578744570278345E-5,0.01142956786219877,1.475191991875291E-4,3.199513700652324E-5,7.758043573712787E-4,0.0015061299714466585,0.0010119266345984276,7.336387464994677E-4,0.002878325323948783,0.0011470394117769945,1.5921841462615457E-4,1.4042923840998592E-4,6.590444244627295E-5,1.0,1.293907312880227E-4,3.69903403316349E-5,3.659126172866376E-4,1.3399012308957503E-4,0.0070703224040135635,1.3893690219353292E-4,1.302330043718892E-4,0.004111849493163384,1.648609096517397E-4,0.0030132052826643144,1.7647926766255754E-4,1.520228607153333E-4,7.504700429848748E-4,1.4601144189861293E-4,0.0037636347649707257,2.264106534872371E-4,3.0172381728423454E-4,9.819400111925809E-4,5.742750274211852E-4,1.7118322015550363E-4,3.827331419242019E-4,2.4362974095930821E-4,5.54958322539986E-5],[4.452668600311455E-5,5.255788313660236E-5,4.7819056053798937E-4,5.774646265651652E-5,0.009637780256858788,1.604896777214935E-4,0.01210076892433084,1.790341167083789E-4,1.438420447232469E-4,3.863613704168185E-4,6.527619799706648E-4,0.0017101843756324514,0.0010942582157508133,0.005775715498736097,0.002113055512526116,1.832515373211198E-4,1.5083700907232296E-4,1.241229616718191E-4,1.293907312880227E-4,1.0,8.214413222746208E-5,2.741382600633353E-4,1.5208364032801922E-4,0.004997015486605282,1.5400788529822002E-4,1.6573585472224738E-4,0.0011076776496079382,1.9419332261049352E-4,0.0032296797549302863,1.663354445779186E-4,1.9806590908099845E-4,0.0025823186288654928,1.641685222239166E-4,7.882374082966055E-4,2.5682488693128683E-4,2.9665381088404363E-4,8.390086501006957E-4,0.0011335104879617974,1.6656018543700698E-4,2.049847340573979E-4,3.83299204394811E-4,1.1743121205895597E-5],[2.460331688943333E-5,1.6997109020575618E-5,3.2265861838742793E-4,4.149027378629012E-5,0.002641159124717321,2.0708395139509385E-5,0.0029746440155659676,1.5589528124925983E-4,2.0335302548856035E-5,5.700305393636384E-4,0.0014548035603150465,0.0018777081648927616,5.809268548290919E-4,0.0022513338112783274,0.0015250591220853029,7.463910866710991E-5,4.359304925376329E-5,1.631241380576951E-5,3.69903403316349E-5,8.214413222746208E-5,1.0,5.217787404689286E-4,7.08680418744346E-5,0.007078856893337187,1.159727496466646E-4,5.359291778208115E-5,0.001528922978524554,1.334719349008918E-4,0.0034133000436322365,1.6389846314410423E-4,8.90536043090837E-5,7.850591608207547E-4,8.450057375457177E-5,0.0029247028165266544,1.3848634292373103E-4,8.872199824959825E-4,8.047301185824061E-4,8.748636379767101E-4,1.2361526935797165E-4,4.255328850421283E-4,1.32481610289609E-4,1.2838665849016287E-5],[9.272512747289315E-5,3.894164629009448E-4,7.358226813240445E-4,5.565501323534295E-5,0.0012110258599109245,6.13961071363246E-4,0.017611393764788805,4.21529701631601E-4,3.738355063138744E-4,0.0010455200051424306,8.067737498856023E-4,0.0010714409374654767,8.640805128545729E-4,0.002920548864658562,0.0023169705009094183,5.169898605572662E-4,4.953546273388982E-4,4.202820323207221E-4,3.659126172866376E-4,2.741382600633353E-4,5.217787404689286E-4,1.0,3.4382180016304976E-4,0.007942460466979053,4.4095789213550535E-4,4.361281331641164E-4,0.004026427494497882,4.963498416042957E-4,0.002490107966081268,3.9358459452949025E-4,4.0728605122800554E-4,0.001646551734575639,2.830210994614102E-4,0.0010449568209580922,5.957631936416847E-4,0.0010799540904013255,0.0015715310918771623,9.759067518275313E-4,3.693454260577302E-4,4.3834994821846494E-4,5.134386507548704E-4,1.4467217411114247E-5],[1.3437049932625485E-4,3.309372365009818E-5,1.6428623810774124E-4,1.1611096350577915E-4,0.005100394772568521,3.797920946359085E-5,3.7576304200087466E-4,1.613187296301025E-4,1.2729343956388773E-4,3.2772689370185024E-4,2.5760166287163013E-4,5.283350668359013E-4,7.069977773218257E-4,2.8949892753751664E-4,0.0017342255344319206,1.8432470542628028E-4,1.4267027457512424E-4,8.407654622035912E-5,1.3399012308957503E-4,1.5208364032801922E-4,7.08680418744346E-5,3.4382180016304976E-4,1.0,0.006528286917667343,1.4267700314500147E-4,1.5107641709943142E-4,0.006757287160247245,1.8667643453435255E-4,0.0017710655141343914,1.6046327493472398E-4,1.4412970811079412E-4,0.002624822248200623,1.506778235081814E-4,7.824677965279083E-4,2.1422801820652102E-4,8.272512635693891E-4,0.0011727944820161171,2.198366823276656E-4,1.516521170526176E-4,2.827421683833913E-4,3.385245084800648E-4,7.891910551211762E-5],[0.0016004735943966509,0.007048163045644991,0.01083415062697976,0.005860518915795947,0.011828335848559923,0.008505705092891913,0.014626908060047785,0.00613708484344993,0.012404901907402866,0.0018527597300587338,0.004218093967565926,0.004665979629915468,0.00982448282477012,0.011832880181038445,0.0036528130160512033,0.0014547537536145885,0.00540688068272286,0.0014653275963477294,0.0070703224040135635,0.004997015486605282,0.007078856893337187,0.007942460466979053,0.006528286917667343,1.0,0.009217530500147961,0.008031061691599006,0.010025249736804282,0.0010702548858516159,0.007032637474352168,6.458154621297495E-4,7.983272361182521E-4,0.008936932760522046,0.008788264729613344,0.010102487076937935,0.006735490244090537,0.007830537608906058,0.011604032439761446,0.004422756850648993,0.007142452040711404,0.004087562667092523,0.003095095292396181,0.007642210070486512],[8.26413948614235E-5,1.4215133141041688E-4,4.895438353670113E-4,7.454205057090373E-5,0.011611103327733298,5.858875252531998E-5,0.019968893745074198,1.6228962117226952E-4,1.1154559973217271E-4,8.030847145071765E-4,5.183434713325624E-4,4.5812300371336436E-4,9.21950856048288E-4,0.0033446739312345177,0.0027137038353040074,1.8810629038764682E-4,1.449661139137491E-4,1.2590114115891275E-4,1.3893690219353292E-4,1.5400788529822002E-4,1.159727496466646E-4,4.4095789213550535E-4,1.4267700314500147E-4,0.009217530500147961,1.0,1.4965041066456258E-4,0.0018795545265888648,1.960044546390403E-4,0.0014072380254393595,1.766064607211821E-4,2.5644926474018557E-4,0.0030304875104944762,1.5202747814474474E-4,0.0011060258790055273,3.575398829301001E-4,0.0011984271504259926,5.327502540402476E-4,0.0011630493927822878,1.726286619148221E-4,1.758073814773618E-4,3.8209479381817637E-4,8.81290751906004E-5],[1.9013067901808168E-5,7.20338582534594E-5,7.420686357771306E-4,6.605869135936937E-5,0.011753889869395618,2.450798175835942E-5,0.01156810803153229,1.763893717432992E-4,9.963273166404008E-5,2.6000270152499734E-4,8.481622388716192E-4,3.706332926045934E-4,0.0013656859830443804,0.0040538707705371066,0.0031247384522528543,2.0427085649657684E-4,1.51655670930824E-4,4.3791614591182527E-5,1.302330043718892E-4,1.6573585472224738E-4,5.359291778208115E-5,4.361281331641164E-4,1.5107641709943142E-4,0.008031061691599006,1.4965041066456258E-4,1.0,0.006964667566395613,2.1023393702675764E-4,0.0035446831984747777,1.7143419767967372E-4,2.1947974243686873E-4,8.36204571457068E-4,1.635492664767511E-4,0.002985174838735799,2.1399905212052294E-4,9.631972804882284E-4,3.7431161372642743E-4,8.016772367937657E-4,1.7762356335746893E-4,3.426524931509229E-4,2.4349269375109492E-4,1.0722020220769578E-4],[7.407389541080735E-4,0.0016488801214969932,0.003664981413911009,0.007842307085897546,0.011083307353664982,0.006371475268511703,0.020829457235972414,5.052528080251532E-4,0.003776149812340728,0.0020379019646089873,0.002656254936477047,0.004610471455618257,0.0035337901586037007,0.008035991708038998,0.0042280728812273,0.0021112658143146844,0.007711805039690927,0.003844136723278976,0.004111849493163384,0.0011076776496079382,0.001528922978524554,0.004026427494497882,0.006757287160247245,0.010025249736804282,0.0018795545265888648,0.006964667566395613,1.0,0.0012005885476976635,0.0040494646468668535,0.007995056607931317,0.006415995079368606,0.0040565192170041115,6.24123302002587E-4,0.005930966530930247,6.571970540790424E-4,0.006813511177077025,0.0020214710924080777,0.00675684216947985,0.005263687073658426,0.003496986951356769,4.0250693549204246E-4,1.9531094567468027E-4],[4.593722133554758E-5,1.8237583063229884E-4,6.03267965300833E-4,1.7201192699820093E-4,0.0108147283590163,2.1324577100113464E-4,0.011965137172042515,2.1785929072306519E-4,1.1537424210432743E-4,2.6148101145947913E-4,3.355011150586049E-4,0.0015354895160945307,2.3419395639931434E-4,0.005878016414471392,0.0033725912940629037,2.090138739742132E-4,2.2213792485237935E-4,1.6971685166537053E-5,1.648609096517397E-4,1.9419332261049352E-4,1.334719349008918E-4,4.963498416042957E-4,1.8667643453435255E-4,0.0010702548858516159,1.960044546390403E-4,2.1023393702675764E-4,0.0012005885476976635,1.0,0.0018490804587651987,1.9918233561699633E-4,2.341599938882871E-4,0.0012656871650992536,2.188279248553714E-4,0.002814586303043796,2.532557882822606E-4,3.4995519304551294E-4,7.947105127017512E-4,8.584023926204456E-4,2.0749361846886762E-4,3.5247549391871863E-4,3.095743971121553E-4,9.386488661500577E-5],[0.0015996545249916715,7.859933070138837E-4,0.0010908364394700118,0.0031869820129424528,0.005549918874228441,0.0013362061307593436,0.009735716316528774,2.0093501887672542E-4,9.944225738188987E-4,0.003361762139769938,0.0019027078023779163,0.002932855750042051,0.0023076481478025955,0.004230063004128136,0.003633509608291461,0.0019529230608718736,0.0031874368429169768,0.0019360835368194716,0.0030132052826643144,0.0032296797549302863,0.0034133000436322365,0.002490107966081268,0.0017710655141343914,0.007032637474352168,0.0014072380254393595,0.0035446831984747777,0.0040494646468668535,0.0018490804587651987,1.0,0.0025367461629092402,0.0011323153214321425,0.003886283328891201,0.001958259301149796,0.005307521015315682,6.284358820595571E-4,0.0017959262516394612,0.0018869988511736905,0.003036160461017668,0.0019635690392957937,0.0019210913830173747,0.0028304401354047556,0.0027876886441318438],[8.956905065112813E-5,6.194364826859623E-5,5.500250815375517E-4,1.1399590475206906E-4,0.001381202541634414,1.4936254837661134E-4,0.010103975226876815,1.9433124619016478E-4,1.3314155457887838E-4,6.122147046354224E-4,5.073251456518812E-4,8.480981531214316E-4,7.539247050432024E-4,0.00513647496023497,0.0020806314413208665,1.9035043471237769E-4,1.7409625029437563E-4,1.5376043470621234E-4,1.7647926766255754E-4,1.663354445779186E-4,1.6389846314410423E-4,3.9358459452949025E-4,1.6046327493472398E-4,6.458154621297495E-4,1.766064607211821E-4,1.7143419767967372E-4,0.007995056607931317,1.9918233561699633E-4,0.0025367461629092402,1.0,2.3116846813342278E-4,0.0022745912081119685,1.6577541930353653E-4,0.0043323247916001485,2.7548710330695716E-4,9.168824000097549E-4,8.394661194871185E-4,8.310253403272647E-4,1.8301533207027215E-4,2.971079032088451E-4,1.9766276291489993E-4,4.0739405983378416E-5],[9.795500320825298E-5,2.5917400209006687E-4,3.092460618464408E-4,7.20987432491233E-5,0.0017856032149863406,1.386718725263471E-4,0.012217366934185783,2.061984771398815E-4,1.3768792593199823E-4,8.38665482509966E-4,0.0014777104620723408,0.0015540598826233626,0.0012255847501534641,0.002316559951395197,0.0014662675203327296,2.2674167146620187E-4,2.762702228770719E-4,2.5341711296887495E-4,1.520228607153333E-4,1.9806590908099845E-4,8.90536043090837E-5,4.0728605122800554E-4,1.4412970811079412E-4,7.983272361182521E-4,2.5644926474018557E-4,2.1947974243686873E-4,0.006415995079368606,2.341599938882871E-4,0.0011323153214321425,2.3116846813342278E-4,1.0,0.0033399684514235886,2.735018646948143E-4,0.004563918633162316,3.355560314985813E-4,9.07862112902647E-4,8.225154249656046E-4,6.35413922163434E-4,1.910189570486285E-4,4.0884431838810907E-4,3.411671710887072E-4,9.5814233885048E-5],[0.003850216334868352,0.0036433946145768077,0.0011114315016588457,0.0033470139399998707,0.011574420984475675,0.0015138980744562238,0.01860452285056946,0.0037191280623113886,0.0029430671183947555,0.002114314989141248,0.002260055944088809,0.0027641547178644324,0.0020256398369218635,0.005679950744435974,0.003829631681448918,4.375466236254297E-4,0.0018426228930523716,5.106626213511205E-4,7.504700429848748E-4,0.0025823186288654928,7.850591608207547E-4,0.001646551734575639,0.002624822248200623,0.008936932760522046,0.0030304875104944762,8.36204571457068E-4,0.0040565192170041115,0.0012656871650992536,0.003886283328891201,0.0022745912081119685,0.0033399684514235886,1.0,0.00120722922736426,0.005162226227962859,0.0027865714811928692,0.003280534822291903,0.003983637025205645,0.0029173942267080523,3.856447298306851E-4,0.0017309427536894477,0.0021485043314673695,0.0038767165090166935],[3.3023591275189724E-5,8.504220500295224E-5,6.130519537226981E-4,1.039739618983122E-4,0.010430623103958007,1.095742073284907E-4,0.017657778396012416,1.8567441735890081E-4,5.5963146997754876E-5,1.8059472298502847E-4,6.161901695203332E-4,0.001094196327259104,5.950211976060262E-4,0.003079288475299403,2.1703821197206695E-4,1.8896601500034937E-4,1.611380412666383E-4,5.105360187980785E-5,1.4601144189861293E-4,1.641685222239166E-4,8.450057375457177E-5,2.830210994614102E-4,1.506778235081814E-4,0.008788264729613344,1.5202747814474474E-4,1.635492664767511E-4,6.24123302002587E-4,2.188279248553714E-4,0.001958259301149796,1.6577541930353653E-4,2.735018646948143E-4,0.00120722922736426,1.0,0.0028011408899523424,2.683560523023037E-4,4.5556439560518895E-4,7.67072792023309E-4,2.0843034818172264E-4,1.75316477320949E-4,2.0739213823867196E-4,1.6426461440404206E-4,8.594000031491873E-5],[7.363308740630982E-4,0.0012372613188585012,0.004609255808449293,0.00544760263538513,0.00744956526620425,0.0030047589743324634,0.0167256416122219,0.005199305578652643,0.00235988915765445,0.00163027719157295,0.005171029011736689,0.004249474775097355,0.0040104493609233955,0.005862515624794041,0.004613762171383264,7.591963930556303E-4,0.0025921585598549604,0.005433710419147793,0.0037636347649707257,7.882374082966055E-4,0.0029247028165266544,0.0010449568209580922,7.824677965279083E-4,0.010102487076937935,0.0011060258790055273,0.002985174838735799,0.005930966530930247,0.002814586303043796,0.005307521015315682,0.0043323247916001485,0.004563918633162316,0.005162226227962859,0.0028011408899523424,1.0,0.003148696349901837,0.004662969070207184,0.0034317024874858768,0.0034723450838939672,0.0033989550207686307,0.004354584724179264,0.004535602371822673,0.0047214218263474435],[2.0704188810665263E-4,3.399061704587165E-4,5.910379850177694E-4,5.45591952648467E-5,0.007473391828797978,4.9919650336301386E-5,6.589541513896403E-4,3.2401529709627193E-4,2.41817823844118E-4,6.670416834350221E-4,0.0014619541003444978,0.0015852478132707371,0.001737757838948353,0.0037209233217675858,7.983033927003568E-4,3.686299871369761E-4,2.6136543237817813E-4,2.8087949497477405E-5,2.264106534872371E-4,2.5682488693128683E-4,1.3848634292373103E-4,5.957631936416847E-4,2.1422801820652102E-4,0.006735490244090537,3.575398829301001E-4,2.1399905212052294E-4,6.571970540790424E-4,2.532557882822606E-4,6.284358820595571E-4,2.7548710330695716E-4,3.355560314985813E-4,0.0027865714811928692,2.683560523023037E-4,0.003148696349901837,1.0,0.0011388372562574033,0.0012240632765343018,5.878342802349539E-4,3.520428156828174E-4,4.354002662270448E-4,3.9183235205723856E-4,3.352350660238587E-4],[0.001146281566393457,0.0010535790116424529,8.957105494149233E-4,4.289707771892961E-4,0.008374449041306398,5.38206233767947E-4,0.012381695848044192,3.699738857396021E-4,4.000892030052555E-4,0.0011425366318240666,0.0014201854321479338,0.0012694823206395461,0.0018558412513946993,0.00420281276212143,0.002085608407124976,4.945868345814996E-4,4.982247376396767E-4,1.580012429558429E-4,3.0172381728423454E-4,2.9665381088404363E-4,8.872199824959825E-4,0.0010799540904013255,8.272512635693891E-4,0.007830537608906058,0.0011984271504259926,9.631972804882284E-4,0.006813511177077025,3.4995519304551294E-4,0.0017959262516394612,9.168824000097549E-4,9.07862112902647E-4,0.003280534822291903,4.5556439560518895E-4,0.004662969070207184,0.0011388372562574033,1.0,0.001413052298711065,0.0012192333834768275,6.906823465586065E-4,9.953065919196542E-4,7.027506655087406E-4,0.0010198136574913709],[0.0014675933400305815,3.9348094194504104E-4,0.0015468929328210914,0.0010236774515323978,0.008531226586343909,6.774893196214479E-4,0.004405526770907985,9.665007914636605E-4,0.0014002771004924845,0.0012756835557913707,0.0015721731709052772,0.0018890404374714012,0.0016973099896659947,0.004106797532838264,0.0023569960128379222,7.895213981887509E-4,0.0012068489197444034,0.001461536881642464,9.819400111925809E-4,8.390086501006957E-4,8.047301185824061E-4,0.0015715310918771623,0.0011727944820161171,0.011604032439761446,5.327502540402476E-4,3.7431161372642743E-4,0.0020214710924080777,7.947105127017512E-4,0.0018869988511736905,8.394661194871185E-4,8.225154249656046E-4,0.003983637025205645,7.67072792023309E-4,0.0034317024874858768,0.0012240632765343018,0.001413052298711065,1.0,0.0013119552396620702,0.0014898567543797175,6.181431704927148E-4,9.209764053030449E-4,2.090805768115879E-4],[7.262419745190244E-4,2.786217533815755E-4,0.0011255460853197455,4.709782214293944E-4,0.004444067750568961,0.0011557941784342877,0.009429131759471769,9.103311056029188E-4,0.0010837086756801879,0.0011905572057918496,0.0013956513959898825,0.0016528009868731024,0.0019609249044341506,0.0036449646416646586,0.0018897109535233323,6.493939274827339E-4,8.786220415028233E-4,6.694098281489107E-4,5.742750274211852E-4,0.0011335104879617974,8.748636379767101E-4,9.759067518275313E-4,2.198366823276656E-4,0.004422756850648993,0.0011630493927822878,8.016772367937657E-4,0.00675684216947985,8.584023926204456E-4,0.003036160461017668,8.310253403272647E-4,6.35413922163434E-4,0.0029173942267080523,2.0843034818172264E-4,0.0034723450838939672,5.878342802349539E-4,0.0012192333834768275,0.0013119552396620702,1.0,8.064907204221971E-4,0.0012420014616801797,5.734073226041623E-4,9.211320656337598E-4],[4.1790967332945006E-5,1.2272684555499693E-4,4.4536755481829125E-4,5.7520575087374394E-5,0.009986406109750825,1.391568836422328E-4,0.01726799463096187,1.8971835192614942E-4,8.129206980526272E-5,0.0010719242143581238,8.918996732787754E-4,0.0010042537923191522,6.19562994729006E-4,0.003299050001444027,0.0013717943913123761,2.0503424101501913E-4,1.5607677660590188E-4,1.1709124331298724E-4,1.7118322015550363E-4,1.6656018543700698E-4,1.2361526935797165E-4,3.693454260577302E-4,1.516521170526176E-4,0.007142452040711404,1.726286619148221E-4,1.7762356335746893E-4,0.005263687073658426,2.0749361846886762E-4,0.0019635690392957937,1.8301533207027215E-4,1.910189570486285E-4,3.856447298306851E-4,1.75316477320949E-4,0.0033989550207686307,3.520428156828174E-4,6.906823465586065E-4,0.0014898567543797175,8.064907204221971E-4,1.0,2.311299171387127E-4,3.1367521033766565E-4,3.3082682459072116E-5],[2.5223163430415977E-4,9.034339292661964E-5,6.272077425035854E-4,4.2808993758856244E-4,0.007646217272534144,3.924611555601294E-4,0.021096912368906883,3.947227972181639E-4,2.2583193649755947E-4,9.063539055795872E-4,0.0013569692226566823,0.0012955813619940995,0.0012950222057008104,0.003511930091309352,5.185264724492108E-4,2.9297710371858324E-4,1.4669726669428248E-4,5.864801674702149E-5,3.827331419242019E-4,2.049847340573979E-4,4.255328850421283E-4,4.3834994821846494E-4,2.827421683833913E-4,0.004087562667092523,1.758073814773618E-4,3.426524931509229E-4,0.003496986951356769,3.5247549391871863E-4,0.0019210913830173747,2.971079032088451E-4,4.0884431838810907E-4,0.0017309427536894477,2.0739213823867196E-4,0.004354584724179264,4.354002662270448E-4,9.953065919196542E-4,6.181431704927148E-4,0.0012420014616801797,2.311299171387127E-4,1.0,4.188748806654501E-4,2.901289154842837E-4],[2.536856311792157E-4,3.6321939192983225E-4,4.157828627808465E-4,3.351976245419561E-4,0.002019082709763636,1.702485951315045E-4,6.562254747238162E-4,2.1013068559724344E-4,2.82898625423534E-4,6.775265828814796E-4,4.461471976201676E-4,0.0015138697827126095,8.282683730651036E-4,0.0013451329691073913,6.290247405941837E-4,3.0048092159204833E-4,3.1368232063484866E-4,8.827283675759039E-5,2.4362974095930821E-4,3.83299204394811E-4,1.32481610289609E-4,5.134386507548704E-4,3.385245084800648E-4,0.003095095292396181,3.8209479381817637E-4,2.4349269375109492E-4,4.0250693549204246E-4,3.095743971121553E-4,0.0028304401354047556,1.9766276291489993E-4,3.411671710887072E-4,0.0021485043314673695,1.6426461440404206E-4,0.004535602371822673,3.9183235205723856E-4,7.027506655087406E-4,9.209764053030449E-4,5.734073226041623E-4,3.1367521033766565E-4,4.188748806654501E-4,1.0,3.071720022970414E-4],[1.0195110019977456E-5,1.1021816596834032E-5,4.191974906203828E-4,4.453569415806749E-5,0.008921706280753809,1.2898917156574927E-5,0.0031315129084473264,1.6740927690417522E-4,1.6862457415844976E-5,4.987173663574888E-4,4.216587186108656E-4,3.931312449910024E-4,8.134444089599414E-5,0.002400626711615819,0.003406311513733396,1.5644589887388901E-4,2.8863516274897925E-5,1.0741553733253356E-5,5.54958322539986E-5,1.1743121205895597E-5,1.2838665849016287E-5,1.4467217411114247E-5,7.891910551211762E-5,0.007642210070486512,8.81290751906004E-5,1.0722020220769578E-4,1.9531094567468027E-4,9.386488661500577E-5,0.0027876886441318438,4.0739405983378416E-5,9.5814233885048E-5,0.0038767165090166935,8.594000031491873E-5,0.0047214218263474435,3.352350660238587E-4,0.0010198136574913709,2.090805768115879E-4,9.211320656337598E-4,3.3082682459072116E-5,2.901289154842837E-4,3.071720022970414E-4,1.0]]