[[1.0,1.8885903921378333E-4,2.4683839415982266E-4,1.0273797493870274E-4,0.013545320401229343,3.7149728386766753E-4,0.0014429754405109248,1.8022391843822665E-4,2.0383759960195926E-4,8.076593975292379E-4,0.0011883951221450053,7.593868489807743E-4,7.972122645608102E-4,0.001474924938768531,1.0919664976383985E-4,0.036499723214099764,0.005801768751443533,0.003974394999619351,5.513654111221988E-4,0.05494953163517318,1.6333347552896597E-4,2.3082547624372473E-4,0.006104921702681098,5.573227008758544E-4,0.00955913780511339,1.592581826931597E-4,0.001626559823254402,4.0212479282175493E-4,5.104853087955392E-4,7.207089663917284E-4,2.243708644288051E-4,2.142645937178793E-4,1.7991883870976166E-4,2.4122940032420483E-4,0.010809158846823323,0.02947872104292012,1.050873565264732E-4,3.7496567728842326E-4,1.1761152518337595E-4,3.402775839948398E-4,2.019400733804552E-4,3.120216558026898E-4,1.4521849699149027E-4],[1.8885903921378333E-4,1.0,5.984638381976289E-4,1.0703027791246424E-4,2.7040622400065976E-4,6.373023657729014E-4,4.7018544969699874E-4,1.280568406520439E-4,1.0321188456913376E-4,8.150294474295696E-4,8.955634931523376E-4,0.0015741230523948302,2.77238444407546E-4,8.871114108343589E-4,1.1546341523604106E-4,0.03497484902826416,0.0017514172115060721,0.023448153502620528,8.436518167911854E-4,0.07332042159256691,1.0380240693583215E-4,1.2518570084109625E-4,0.00456980311037067,0.0023682024139660605,0.005968903911246347,1.1918793602875282E-4,0.0011509627431831812,4.4282954375117196E-4,5.081124558042181E-4,3.6291267550697497E-4,1.6271374221596798E-4,2.9383733453457457E-5,1.5600654884047403E-4,2.279761397079541E-4,0.002238163133678337,0.021615869017720418,5.392728674256129E-5,3.620583039839178E-4,1.0989804761001882E-4,7.078056518850196E-4,1.4441371867125687E-4,1.6025693536809234E-4,1.2198864243530404E-4],[2.4683839415982266E-4,5.984638381976289E-4,1.0,9.478961461551795E-5,0.004664619701148209,8.422152250032389E-4,0.0010392052010250047,2.0073102027950336E-4,1.1169264742817809E-4,0.0014462374224621754,9.419062620011179E-4,0.0013409655073249587,0.0010721396128291043,0.001849669372210051,5.463249575486789E-4,0.02872139851333652,0.0033018893694472806,0.00951303648086636,0.0010208908974068387,0.002407558596594855,3.6638563681075484E-4,3.184880392032329E-4,0.011907786568076163,0.0020150348100036494,0.00405004680857828,7.388274426064216E-4,0.0013671695055058595,0.0010098928667801718,8.428307300878087E-4,0.001324526882979041,6.355090108400425E-4,7.190496745345081E-4,2.103341068086507E-4,6.546582116319825E-4,0.008924716469298911,0.046628018729699,4.978718477047398E-5,4.1009206688302947E-4,4.3671790817081854E-4,8.772519278524306E-4,3.544430949972891E-4,5.181532822349864E-4,8.158837303284585E-4],[1.0273797493870274E-4,1.0703027791246424E-4,9.478961461551795E-5,1.0,0.014231239235318785,7.178658942716238E-4,9.060472874974414E-4,1.203975944190122E-4,2.9516820742198962E-5,0.0019402263611709972,0.00129421449668517,0.0016882858572293917,8.106941873559869E-4,0.002043065243484948,1.6906139346452095E-5,0.04707551436112589,0.0029652100836138995,0.02343643834877004,6.814976172105858E-4,0.06017914411879983,1.5563729285715852E-5,1.1888899617484033E-4,0.0042830248508079274,0.0029826085586374777,0.009343853650528623,7.580722055123345E-5,0.0018216113889266297,7.275072793191971E-4,4.527484858254299E-4,0.0014540350908014183,1.5567019078847473E-4,2.212966128112235E-5,1.5786058456649773E-5,1.5776141784054943E-4,0.009751067672269608,0.04181850766735894,1.4086220760285412E-5,6.113647880711957E-5,1.2730449953186115E-5,3.8723924959942354E-4,1.2842585659298176E-4,2.9201538938326317E-4,5.3873430013979297E-5],[0.013545320401229343,2.7040622400065976E-4,0.004664619701148209,0.014231239235318785,1.0,0.007623109171100506,0.002173437321109831,0.006148950953818247,0.016321235715809543,0.009945860078617875,0.00795267309704284,0.013372311442775547,0.011759329559690827,0.005479514565536725,0.002963039881256227,0.04325230603780752,0.0071708056184555165,0.02528358218943311,0.015827841885496644,0.08289374447483955,0.015817903223572287,0.0027053708845095367,0.014336361353447506,0.015318312340477008,0.01461851387530263,0.0022641157374742363,0.009489390623459914,0.0075796977282652205,0.006360637320745131,0.014023904777810075,0.011317984377068236,9.548379632464095E-4,5.483402524843608E-4,0.01235837444545725,0.015253927207380188,0.03520531897790173,0.010376166925181307,0.012001353772727132,7.928777281601894E-4,0.01259879824192386,0.009357259760402336,0.009509711111075621,8.168295280982273E-4],[3.7149728386766753E-4,6.373023657729014E-4,8.422152250032389E-4,7.178658942716238E-4,0.007623109171100506,1.0,0.0013333869144019532,6.032251000835533E-4,4.8009926096970445E-4,0.0013832316105649822,0.0010705876573374358,0.001453358484991988,8.518761060031077E-4,0.0022135674106455758,1.5562957006983686E-4,0.04324812708379628,9.309834712503942E-4,0.004795931794338773,0.0011815873472781901,0.08103243828803026,2.0524012655544883E-4,5.723704497998708E-4,0.004976048020046149,0.004061687349180618,0.0053754201433841315,7.228758352942587E-4,9.602774260098518E-4,8.700019410115298E-4,7.808108242769359E-4,0.0015606653471919138,5.420793712949995E-4,7.098087065586485E-4,6.030572375511032E-4,4.4316037791955823E-4,0.009550413360520947,0.016151900068896444,5.156811730373267E-4,3.873708735785891E-4,2.7792892209869844E-4,8.164482001473247E-4,6.500791036217282E-4,3.9476161987732626E-4,2.579426000898809E-4],[0.0014429754405109248,4.7018544969699874E-4,0.0010392052010250047,9.060472874974414E-4,0.002173437321109831,0.0013333869144019532,1.0,4.457527416132427E-4,3.64199695434768E-4,0.002069260577408396,0.0015469509019705645,0.0022070789585370565,0.00133438110571665,0.0021697871677171738,4.4912973668569036E-4,0.015313934730354006,0.005452400954282944,0.023522355190223762,0.0012829170142261788,0.05729411832754767,0.0012781755918880437,4.669442740792615E-4,0.0026444548564488416,0.002278108123781309,0.010678156037079604,5.428324467024869E-4,0.001746195350443468,0.0013031557774218897,8.569538007415162E-4,0.0016352463683959792,9.010918199863602E-4,4.3391134340082656E-5,0.0012365490605327932,0.0011272494214482013,0.002744927420392417,0.03130185508772968,3.0360367201348316E-4,0.001123025478363851,4.2712733950398565E-4,7.838998430138714E-4,0.001403288126641788,0.0012769606970642882,0.0013042459025058328],[1.8022391843822665E-4,1.280568406520439E-4,2.0073102027950336E-4,1.203975944190122E-4,0.006148950953818247,6.032251000835533E-4,4.457527416132427E-4,1.0,5.1237005233189246E-5,2.540098169993804E-4,4.4163150552605293E-4,0.0012976276891810783,5.716318095829156E-4,0.001527388623482806,2.3767420440570012E-5,0.011088790165887732,0.005178801505318049,0.004700425131772727,6.639237190241108E-4,0.05306166506768377,6.592452468517451E-5,1.3420703919662762E-4,0.0013016574915712695,4.976223424571014E-4,0.013129396263002628,1.3086649049362902E-4,0.001668930187717238,6.162023926675383E-4,2.938093534227223E-4,9.302138270313367E-4,1.4368182482418464E-4,1.136207860427446E-4,1.7185164161155657E-4,1.951220133096883E-4,0.007384318704564163,0.0013156196942183903,1.0921051242072905E-4,1.7691722281514656E-4,8.889998581444652E-5,4.6075818728311027E-4,1.5158374988644304E-4,2.3112818829214445E-4,1.2924204783543175E-4],[2.0383759960195926E-4,1.0321188456913376E-4,1.1169264742817809E-4,2.9516820742198962E-5,0.016321235715809543,4.8009926096970445E-4,3.64199695434768E-4,5.1237005233189246E-5,1.0,4.473638558493149E-4,8.708315419640949E-4,0.0017448533171750867,3.406964558789486E-4,0.0014021530092959977,2.8297017383411937E-5,0.060598350050806035,0.0035132123068986913,0.012885033705511148,1.5424948134347316E-4,0.00963573051386461,3.879944809780073E-5,1.1707601111938298E-4,0.0121084094913928,0.0016529153260463867,0.010254498501692333,8.928750627418324E-5,8.325132783676318E-4,0.0011384890926260875,5.36160276226257E-4,0.0010523396415037848,6.432614577953626E-5,3.6381759422517285E-5,1.0243468035428386E-4,1.6158559626647183E-4,0.0013356219878034748,0.05706924128565203,2.0199089897642367E-5,1.848560441424064E-4,3.4818011924231524E-5,4.319263522294506E-4,7.835304588218394E-5,1.03559395475723E-4,1.0587633813126482E-4],[8.076593975292379E-4,8.150294474295696E-4,0.0014462374224621754,0.0019402263611709972,0.009945860078617875,0.0013832316105649822,0.002069260577408396,2.540098169993804E-4,4.473638558493149E-4,1.0,0.0018609779825140352,0.0023460422891895564,0.0015271329256017804,0.002152732852189231,6.40336552802217E-4,0.03673738022423064,0.0033467060957289877,0.021822517632391764,0.001621815829825073,0.05685782031282472,0.0010664935201529441,0.0011617842464266058,0.00830857877395503,0.003582922039417873,0.0026344488422934253,6.410899637011198E-4,0.002383963969295051,0.0013387565563569353,0.0013085010917970063,0.0019467285317032706,4.961205176090617E-4,0.001576490287966952,0.0010385654642366927,5.510395282550211E-4,0.006258803875287161,0.04936115797380847,7.563642493048418E-4,6.443516090717092E-4,6.155788440300294E-4,8.278503015662704E-4,0.0018059040691386378,0.002120477915196053,0.0011103155230168472],[0.0011883951221450053,8.955634931523376E-4,9.419062620011179E-4,0.00129421449668517,0.00795267309704284,0.0010705876573374358,0.0015469509019705645,4.4163150552605293E-4,8.708315419640949E-4,0.0018609779825140352,1.0,0.002083697809727465,0.001393415504576658,0.0019570868530750466,5.931029930232881E-4,0.01287782671149673,0.0025555345218628844,0.024908578314150016,0.0012797562295045711,0.028696042915991784,3.2000307543130624E-4,0.0010761898737058923,0.008170024926963683,0.0037633399315240837,0.012349650398020488,8.336848209523576E-4,0.0022156168638729017,0.0014890018476805809,0.0013861584692830718,0.0017981258721166465,8.976252115233763E-4,5.472692404525863E-4,3.0854269031233494E-4,5.159643176896599E-4,0.0069705335087440175,0.049555433442702745,6.265973017328152E-4,7.050435118408E-4,7.154289323355565E-4,0.0011440938263649792,4.4516003804257457E-4,5.015818581953054E-4,9.864032559807425E-4],[7.593868489807743E-4,0.0015741230523948302,0.0013409655073249587,0.0016882858572293917,0.013372311442775547,0.001453358484991988,0.0022070789585370565,0.0012976276891810783,0.0017448533171750867,0.0023460422891895564,0.002083697809727465,1.0,0.0022071171942875624,0.0023806786047639865,0.0013801723575447252,0.022366349005222608,0.002645415271625992,0.012327953346328484,0.0018834808434438262,0.07824305216961075,6.42879497472047E-4,1.656584258333443E-4,0.004268673172399137,0.0033586378875028267,0.008797028418486948,7.641345064240107E-4,0.0025113287440245713,0.0023425898632890136,0.0015782977014498836,0.002087557725001498,0.0013292014045034172,0.0014360447083064788,0.001856050021838595,0.0011447604068425892,0.010394831332385761,0.037319349300075216,0.0011128830769955664,0.0011196436056940848,0.0017865837665508514,0.0012592390523916545,7.010156179295881E-4,0.0023446568288592123,2.9054552611321475E-4],[7.972122645608102E-4,2.77238444407546E-4,0.0010721396128291043,8.106941873559869E-4,0.011759329559690827,8.518761060031077E-4,0.00133438110571665,5.716318095829156E-4,3.406964558789486E-4,0.0015271329256017804,0.001393415504576658,0.0022071171942875624,1.0,0.0013279999364014285,5.251261346482691E-4,0.05857385349477916,0.005778848563719849,0.0014417673975289389,0.0012131070227612308,0.02131153008198373,7.039138285732254E-4,9.431386683039917E-4,0.011005723962909077,0.0015550467520684317,0.003912230333327872,9.265482798270714E-4,0.0021468702969925967,0.0012206212971431452,9.31882735090888E-4,0.0015067605052946215,5.119189614405659E-4,9.607173146878738E-5,4.90576396180421E-4,4.010910506232034E-4,0.004089201797023714,0.055067600121135915,5.436305419837407E-4,7.109080853854057E-4,2.855807765962625E-4,8.678465063386969E-4,7.245244695678321E-4,0.0011948834246583513,3.2430058506186497E-4],[0.001474924938768531,8.871114108343589E-4,0.001849669372210051,0.002043065243484948,0.005479514565536725,0.0022135674106455758,0.0021697871677171738,0.001527388623482806,0.0014021530092959977,0.002152732852189231,0.0019570868530750466,0.0023806786047639865,0.0013279999364014285,1.0,4.547134521270719E-4,0.040805583274455215,0.004066018898471247,0.007371549067507683,0.001876248314034316,0.09954185995377882,7.758084150441625E-4,0.0015175864814399366,0.008094113640130476,0.0032543915410693843,0.006532735582799374,0.0022934188078015064,0.0025147693967626436,0.0019429834126707386,6.579756846241636E-4,0.0019775151226540683,2.624832093338073E-4,7.324111213849179E-4,6.696246227442747E-4,0.001980689930235597,0.004736322853193385,0.04356810195767679,0.001377368089613172,0.0021594341359810693,0.0022715818976775637,0.0012859521511138455,0.0019467714490558046,4.0315623421552724E-4,7.340510760563003E-4],[1.0919664976383985E-4,1.1546341523604106E-4,5.463249575486789E-4,1.6906139346452095E-5,0.002963039881256227,1.5562957006983686E-4,4.4912973668569036E-4,2.3767420440570012E-5,2.8297017383411937E-5,6.40336552802217E-4,5.931029930232881E-4,0.0013801723575447252,5.251261346482691E-4,4.547134521270719E-4,1.0,0.01991056786731489,0.0036382387637543295,0.015429090792998418,6.968036989802308E-4,0.029599472470246344,1.6572497523682354E-5,7.068326871531897E-5,0.010448212800879876,0.0011953345468225995,0.009426138191493983,2.1003938966717152E-5,0.002017264171228287,8.960189905577816E-4,1.1712361958207682E-4,8.405122350799283E-4,1.2031289433771979E-4,1.8216622196735363E-5,4.8238321412159835E-5,1.61036293975499E-4,0.007323175850699514,0.050426189288796566,1.7616224281333992E-5,2.56918469348017E-4,1.6516445451121565E-5,4.131252908386575E-4,6.499072339233062E-5,1.0263783169664114E-4,8.425308412866879E-5],[0.036499723214099764,0.03497484902826416,0.02872139851333652,0.04707551436112589,0.04325230603780752,0.04324812708379628,0.015313934730354006,0.011088790165887732,0.060598350050806035,0.03673738022423064,0.01287782671149673,0.022366349005222608,0.05857385349477916,0.040805583274455215,0.01991056786731489,1.0,0.015000139694221513,0.05209905367946863,0.02871703196053039,0.06302952821834432,0.04775293684600101,0.025913195720224012,0.058402464090730535,0.048566058030645225,0.017370352278012324,0.05315200650738998,0.005725604577005617,0.055567633955356424,0.020805650498504913,0.04945813176348925,5.717649345165209E-4,0.03574215512573825,0.05908583482675177,0.01333520622656849,0.03837185871151539,0.06436296657206401,0.02255924970345064,0.039900805659324974,0.03357066999788811,0.061799840132610036,0.030030982107731415,0.04639101865389823,0.025074282235942706],[0.005801768751443533,0.0017514172115060721,0.0033018893694472806,0.0029652100836138995,0.0071708056184555165,9.309834712503942E-4,0.005452400954282944,0.005178801505318049,0.0035132123068986913,0.0033467060957289877,0.0025555345218628844,0.002645415271625992,0.005778848563719849,0.004066018898471247,0.0036382387637543295,0.015000139694221513,1.0,0.014083976653399935,0.0021845297731065173,0.0645238665311259,0.0034700500984598845,0.0048852939938586,0.010190674609449253,0.0053437792180951,0.012733324876643625,0.004113324740514975,0.003135396405944833,0.0014759857768507295,9.773932122569182E-4,0.002719856088762369,0.004535889993877703,0.0035640181961817743,0.003194774543053062,0.003319948034057697,0.007313018333382845,0.027550642244142495,0.0017301161283804743,0.0018879807175066284,3.097815696564174E-4,0.0010350101298873995,0.0037981826445866633,0.0015317262817806387,0.002416933777471634],[0.003974394999619351,0.023448153502620528,0.00951303648086636,0.02343643834877004,0.02528358218943311,0.004795931794338773,0.023522355190223762,0.004700425131772727,0.012885033705511148,0.021822517632391764,0.024908578314150016,0.012327953346328484,0.0014417673975289389,0.007371549067507683,0.015429090792998418,0.05209905367946863,0.014083976653399935,1.0,0.019250586702674613,0.03309639541575252,0.023296330029650356,0.025033528886583008,0.014811265262223617,0.011032528226638631,0.02537992282704301,0.021730386169415812,0.02340088964684728,0.013258243213107297,0.024576387154696233,0.021703989904774526,0.02078070679758112,0.007046885309506615,0.023892475006141833,0.006272889118952257,0.01625573301505725,0.06603488348198298,0.024589716105611243,0.005432150109252459,0.011859466831087084,0.02339643197932558,0.02375569277255004,0.01701791051590296,0.016789104548650513],[5.513654111221988E-4,8.436518167911854E-4,0.0010208908974068387,6.814976172105858E-4,0.015827841885496644,0.0011815873472781901,0.0012829170142261788,6.639237190241108E-4,1.5424948134347316E-4,0.001621815829825073,0.0012797562295045711,0.0018834808434438262,0.0012131070227612308,0.001876248314034316,6.968036989802308E-4,0.02871703196053039,0.0021845297731065173,0.019250586702674613,1.0,0.019203796182690233,3.09178833916457E-4,8.782201101306075E-4,0.008843376382853863,0.0038875579387314817,0.007310530778173336,2.3644262283348602E-4,0.002265056219964585,0.0012463431099204892,7.235146242722618E-4,0.0013341396270517927,0.001175439529117156,0.0010423546091412712,0.0010286311344294234,9.724548004129926E-4,0.009897527904190394,0.02971927223987614,9.300385881835164E-4,5.233707544878952E-4,2.6910497741648113E-4,8.854571551061049E-4,7.970282517316676E-4,7.166552014460589E-4,3.041062749497038E-4],[0.05494953163517318,0.07332042159256691,0.002407558596594855,0.06017914411879983,0.08289374447483955,0.08103243828803026,0.05729411832754767,0.05306166506768377,0.00963573051386461,0.05685782031282472,0.028696042915991784,0.07824305216961075,0.02131153008198373,0.09954185995377882,0.029599472470246344,0.06302952821834432,0.0645238665311259,0.03309639541575252,0.019203796182690233,1.0,0.034780042373093525,0.08116334761842195,0.01549987635427548,0.054210967744046386,0.0415088366158219,0.01295888332436936,0.07868945062449989,0.07774489079848482,0.032496152709830535,0.06674312932048229,0.0922938517883771,0.05543946050927915,0.07062555146743657,0.04776880752138854,0.07127202534073265,0.0882650865958855,0.07308519237691173,0.07719995856684882,0.009268403212959676,0.040272896933838016,0.055029850045802936,0.020062384593521127,0.04694032207101818],[1.6333347552896597E-4,1.0380240693583215E-4,3.6638563681075484E-4,1.5563729285715852E-5,0.015817903223572287,2.0524012655544883E-4,0.0012781755918880437,6.592452468517451E-5,3.879944809780073E-5,0.0010664935201529441,3.2000307543130624E-4,6.42879497472047E-4,7.039138285732254E-4,7.758084150441625E-4,1.6572497523682354E-5,0.04775293684600101,0.0034700500984598845,0.023296330029650356,3.09178833916457E-4,0.034780042373093525,1.0,3.2100761698173374E-5,0.009902107448608085,0.003926373010734895,0.010033433966584609,1.0200144503328057E-4,0.0020589360823268575,0.0011173962658550946,1.9452392067168156E-5,0.0010990110955512353,1.1925667628116915E-4,2.5113485956903863E-5,1.0018125547962532E-4,6.046222586651024E-5,0.0011668303280928294,0.0602865886464968,1.9782888582235984E-5,1.6925292797577435E-4,1.5137035877728478E-5,4.115607435231867E-4,6.897562604052124E-5,2.036587940704128E-4,5.904066423962333E-5],[2.3082547624372473E-4,1.2518570084109625E-4,3.184880392032329E-4,1.1888899617484033E-4,0.0027053708845095367,5.723704497998708E-4,4.669442740792615E-4,1.3420703919662762E-4,1.1707601111938298E-4,0.0011617842464266058,0.0010761898737058923,1.656584258333443E-4,9.431386683039917E-4,0.0015175864814399366,7.068326871531897E-5,0.025913195720224012,0.0048852939938586,0.025033528886583008,8.782201101306075E-4,0.08116334761842195,3.2100761698173374E-5,1.0,8.762875983038367E-4,1.9348169966916246E-4,0.009349202805516418,1.0883993748316828E-4,0.001337957168140779,2.2782720776273036E-4,3.2397116157613414E-4,7.111171294482648E-4,1.4702448746284946E-4,8.64701573658186E-5,1.3752864774841346E-4,2.2314739103168816E-4,0.002857750488161987,0.05502624603461788,1.0624007628315808E-4,3.5816913557377387E-4,1.1217080604901515E-4,7.383668214115494E-4,1.4101541707892527E-4,1.7664372521758844E-4,1.2554754208477247E-4],[0.006104921702681098,0.00456980311037067,0.011907786568076163,0.0042830248508079274,0.014336361353447506,0.004976048020046149,0.0026444548564488416,0.0013016574915712695,0.0121084094913928,0.00830857877395503,0.008170024926963683,0.004268673172399137,0.011005723962909077,0.008094113640130476,0.010448212800879876,0.058402464090730535,0.010190674609449253,0.014811265262223617,0.008843376382853863,0.01549987635427548,0.009902107448608085,8.762875983038367E-4,1.0,0.011826826071784872,0.013157894736842105,5.666713576876066E-4,0.009033311096701895,0.006588773637545279,0.01116609827094808,0.006264064803961281,0.011793936513937845,0.001249142128886423,0.004074680278085615,0.0022837706111824914,0.01228640531922731,0.04279040882734212,0.009882225497403314,0.011568882048392062,0.008361973022380401,0.012139588530583938,0.010325828751512068,0.010754449728162852,0.004346878695945484],[5.573227008758544E-4,0.0023682024139660605,0.0020150348100036494,0.0029826085586374777,0.015318312340477008,0.004061687349180618,0.002278108123781309,4.976223424571014E-4,0.0016529153260463867,0.003582922039417873,0.0037633399315240837,0.0033586378875028267,0.0015550467520684317,0.0032543915410693843,0.0011953345468225995,0.048566058030645225,0.0053437792180951,0.011032528226638631,0.0038875579387314817,0.054210967744046386,0.003926373010734895,1.9348169966916246E-4,0.011826826071784872,1.0,0.007678084564212434,0.0023314516898855315,0.0036848577896091816,0.001703785227489171,0.003943648062563774,0.002703943630847649,0.002254439740603779,0.0043352613341636785,0.003187059444027664,0.0014247816802013778,0.005791869399388519,0.06071587092601534,0.001198778918093451,6.15880391131786E-4,0.004168673173413526,0.0022119822483902363,2.3308802410107997E-4,7.437732512762136E-4,0.001376254407870007],[0.00955913780511339,0.005968903911246347,0.00405004680857828,0.009343853650528623,0.01461851387530263,0.0053754201433841315,0.010678156037079604,0.013129396263002628,0.010254498501692333,0.0026344488422934253,0.012349650398020488,0.008797028418486948,0.003912230333327872,0.006532735582799374,0.009426138191493983,0.017370352278012324,0.012733324876643625,0.02537992282704301,0.007310530778173336,0.0415088366158219,0.010033433966584609,0.009349202805516418,0.013157894736842105,0.007678084564212434,1.0,0.003949162971897745,0.007549829196679623,0.005519899658170272,0.008265471834363025,0.004030062022680436,0.002783518288228641,9.34387628041407E-4,1.891836341352755E-4,0.002886142196683694,0.011998252675942615,0.05990352533761924,0.012433702829203114,0.006643500627009364,0.010818981151032445,0.00766389524601359,0.001527310837273344,8.979918231798137E-4,0.005002147492035099],[1.592581826931597E-4,1.1918793602875282E-4,7.388274426064216E-4,7.580722055123345E-5,0.0022641157374742363,7.228758352942587E-4,5.428324467024869E-4,1.3086649049362902E-4,8.928750627418324E-5,6.410899637011198E-4,8.336848209523576E-4,7.641345064240107E-4,9.265482798270714E-4,0.0022934188078015064,2.1003938966717152E-5,0.05315200650738998,0.004113324740514975,0.021730386169415812,2.3644262283348602E-4,0.01295888332436936,1.0200144503328057E-4,1.0883993748316828E-4,5.666713576876066E-4,0.0023314516898855315,0.003949162971897745,1.0,0.001964977673314949,0.0010831161992178847,6.000216515312396E-4,4.558729489192836E-4,1.5879645869335492E-4,9.455853147951975E-5,1.3872702711162358E-4,2.3987388282744723E-4,0.007158275804305432,0.03083191037914718,8.246027204182282E-5,2.3467245747032711E-4,5.937998111433868E-5,6.130709633167303E-4,1.4414834610881796E-4,2.4239122274583423E-4,1.1231483732180069E-4],[0.001626559823254402,0.0011509627431831812,0.0013671695055058595,0.0018216113889266297,0.009489390623459914,9.602774260098518E-4,0.001746195350443468,0.001668930187717238,8.325132783676318E-4,0.002383963969295051,0.0022156168638729017,0.0025113287440245713,0.0021468702969925967,0.0025147693967626436,0.002017264171228287,0.005725604577005617,0.003135396405944833,0.02340088964684728,0.002265056219964585,0.07868945062449989,0.0020589360823268575,0.001337957168140779,0.009033311096701895,0.0036848577896091816,0.007549829196679623,0.001964977673314949,1.0,0.0025513422843205192,0.0017289298332758564,0.0023281698840556786,0.0012500685649897984,0.002141703719952872,3.4264733167374225E-4,0.002551072621633578,0.00565403062005395,0.003943059689357217,6.550577483766796E-5,5.074967596246712E-4,0.0021375201378817234,0.001965538162122916,0.0010760002422382248,0.0015751584848199326,9.806502005396621E-4],[4.0212479282175493E-4,4.4282954375117196E-4,0.0010098928667801718,7.275072793191971E-4,0.0075796977282652205,8.700019410115298E-4,0.0013031557774218897,6.162023926675383E-4,0.0011384890926260875,0.0013387565563569353,0.0014890018476805809,0.0023425898632890136,0.0012206212971431452,0.0019429834126707386,8.960189905577816E-4,0.055567633955356424,0.0014759857768507295,0.013258243213107297,0.0012463431099204892,0.07774489079848482,0.0011173962658550946,2.2782720776273036E-4,0.006588773637545279,0.001703785227489171,0.005519899658170272,0.0010831161992178847,0.0025513422843205192,1.0,0.00108059467751014,0.0012756282174680453,5.774014109833582E-4,0.0010656638662953038,9.17027931256047E-4,0.0010514094995702312,0.010683758750328757,0.014985827862014762,9.003227344062783E-5,0.0011771396904478252,0.001093658372756921,8.975631333285401E-4,5.5878763280412E-4,9.936627366694852E-4,3.3576545173778614E-4],[5.104853087955392E-4,5.081124558042181E-4,8.428307300878087E-4,4.527484858254299E-4,0.006360637320745131,7.808108242769359E-4,8.569538007415162E-4,2.938093534227223E-4,5.36160276226257E-4,0.0013085010917970063,0.0013861584692830718,0.0015782977014498836,9.31882735090888E-4,6.579756846241636E-4,1.1712361958207682E-4,0.020805650498504913,9.773932122569182E-4,0.024576387154696233,7.235146242722618E-4,0.032496152709830535,1.9452392067168156E-5,3.2397116157613414E-4,0.01116609827094808,0.003943648062563774,0.008265471834363025,6.000216515312396E-4,0.0017289298332758564,0.00108059467751014,1.0,0.001822708703833368,5.12353649701436E-4,2.5368845019742607E-4,4.425099073341412E-4,3.7556226716538337E-4,0.007056852749993366,0.03858090657244243,6.966591719255837E-5,4.4126506639642865E-4,4.837743977825564E-4,7.195584518094997E-4,5.355119394143194E-4,4.5076770635642303E-4,5.03046161366594E-4],[7.207089663917284E-4,3.6291267550697497E-4,0.001324526882979041,0.0014540350908014183,0.014023904777810075,0.0015606653471919138,0.0016352463683959792,9.302138270313367E-4,0.0010523396415037848,0.0019467285317032706,0.0017981258721166465,0.002087557725001498,0.0015067605052946215,0.0019775151226540683,8.405122350799283E-4,0.04945813176348925,0.002719856088762369,0.021703989904774526,0.0013341396270517927,0.06674312932048229,0.0010990110955512353,7.111171294482648E-4,0.006264064803961281,0.002703943630847649,0.004030062022680436,4.558729489192836E-4,0.0023281698840556786,0.0012756282174680453,0.001822708703833368,1.0,0.0011876598040540388,7.650736047258147E-4,6.460846641184464E-4,0.0010985805264912753,0.0042157705645860105,0.047226789928594734,2.396147914393777E-4,0.0017404640206033135,2.3765100594182022E-4,0.0018027241772895011,0.0012674696328358298,8.676381733449916E-4,6.909858674163293E-4],[2.243708644288051E-4,1.6271374221596798E-4,6.355090108400425E-4,1.5567019078847473E-4,0.011317984377068236,5.420793712949995E-4,9.010918199863602E-4,1.4368182482418464E-4,6.432614577953626E-5,4.961205176090617E-4,8.976252115233763E-4,0.0013292014045034172,5.119189614405659E-4,2.624832093338073E-4,1.2031289433771979E-4,5.717649345165209E-4,0.004535889993877703,0.02078070679758112,0.001175439529117156,0.0922938517883771,1.1925667628116915E-4,1.4702448746284946E-4,0.011793936513937845,0.002254439740603779,0.002783518288228641,1.5879645869335492E-4,0.0012500685649897984,5.774014109833582E-4,5.12353649701436E-4,0.0011876598040540388,1.0,8.462100241649008E-5,1.8295143328818454E-4,1.9060503389158875E-4,0.0037826494826967393,0.017469326437058282,1.4518036470908828E-4,3.1532355306627014E-4,8.546491675903337E-5,2.2802032118702926E-4,1.8249595314968257E-4,3.520291505961649E-4,1.402100057660705E-4],[2.142645937178793E-4,2.9383733453457457E-5,7.190496745345081E-4,2.212966128112235E-5,9.548379632464095E-4,7.098087065586485E-4,4.3391134340082656E-5,1.136207860427446E-4,3.6381759422517285E-5,0.001576490287966952,5.472692404525863E-4,0.0014360447083064788,9.607173146878738E-5,7.324111213849179E-4,1.8216622196735363E-5,0.03574215512573825,0.0035640181961817743,0.007046885309506615,0.0010423546091412712,0.05543946050927915,2.5113485956903863E-5,8.64701573658186E-5,0.001249142128886423,0.0043352613341636785,9.34387628041407E-4,9.455853147951975E-5,0.002141703719952872,0.0010656638662953038,2.5368845019742607E-4,7.650736047258147E-4,8.462100241649008E-5,1.0,5.3030992705860574E-5,9.893683250331953E-5,0.009622886591223253,0.017209009136447566,2.202668255499153E-5,7.836801538456472E-5,2.5704337674872222E-5,5.457415808630586E-4,6.490935286009295E-5,1.2656300668578932E-4,1.0153787298558707E-4],[1.7991883870976166E-4,1.5600654884047403E-4,2.103341068086507E-4,1.5786058456649773E-5,5.483402524843608E-4,6.030572375511032E-4,0.0012365490605327932,1.7185164161155657E-4,1.0243468035428386E-4,0.0010385654642366927,3.0854269031233494E-4,0.001856050021838595,4.90576396180421E-4,6.696246227442747E-4,4.8238321412159835E-5,0.05908583482675177,0.003194774543053062,0.023892475006141833,0.0010286311344294234,0.07062555146743657,1.0018125547962532E-4,1.3752864774841346E-4,0.004074680278085615,0.003187059444027664,1.891836341352755E-4,1.3872702711162358E-4,3.4264733167374225E-4,9.17027931256047E-4,4.425099073341412E-4,6.460846641184464E-4,1.8295143328818454E-4,5.3030992705860574E-5,1.0,1.8205233196373616E-4,0.001600505958824351,0.004817856992930467,1.3658810805285864E-4,3.181073695986108E-4,5.2142775801490435E-5,1.82795061437915E-4,1.7285815340848255E-4,2.4515565885927074E-4,1.6991346498822235E-4],[2.4122940032420483E-4,2.279761397079541E-4,6.546582116319825E-4,1.5776141784054943E-4,0.01235837444545725,4.4316037791955823E-4,0.0011272494214482013,1.951220133096883E-4,1.6158559626647183E-4,5.510395282550211E-4,5.159643176896599E-4,0.0011447604068425892,4.010910506232034E-4,0.001980689930235597,1.61036293975499E-4,0.01333520622656849,0.003319948034057697,0.006272889118952257,9.724548004129926E-4,0.04776880752138854,6.046222586651024E-5,2.2314739103168816E-4,0.0022837706111824914,0.0014247816802013778,0.002886142196683694,2.3987388282744723E-4,0.002551072621633578,0.0010514094995702312,3.7556226716538337E-4,0.0010985805264912753,1.9060503389158875E-4,9.893683250331953E-5,1.8205233196373616E-4,1.0,0.0023286060336361186,0.0034421495761452546,2.1503155318564326E-4,2.4826950979138984E-4,2.324306954563774E-4,5.567049845311328E-4,2.417222207144762E-4,3.2951910157541205E-4,1.4558712828695395E-4],[0.010809158846823323,0.002238163133678337,0.008924716469298911,0.009751067672269608,0.015253927207380188,0.009550413360520947,0.002744927420392417,0.007384318704564163,0.0013356219878034748,0.006258803875287161,0.0069705335087440175,0.010394831332385761,0.004089201797023714,0.004736322853193385,0.007323175850699514,0.03837185871151539,0.007313018333382845,0.01625573301505725,0.009897527904190394,0.07127202534073265,0.0011668303280928294,0.002857750488161987,0.01228640531922731,0.005791869399388519,0.011998252675942615,0.007158275804305432,0.00565403062005395,0.010683758750328757,0.007056852749993366,0.0042157705645860105,0.0037826494826967393,0.009622886591223253,0.001600505958824351,0.0023286060336361186,1.0,0.03793777894029521,0.0031342843026929057,0.00349634669739399,0.007129560629167063,0.004784643502736229,0.0024432290762964994,0.0025484003055896145,0.0016146258554484631],[0.02947872104292012,0.021615869017720418,0.046628018729699,0.04181850766735894,0.03520531897790173,0.016151900068896444,0.03130185508772968,0.0013156196942183903,0.05706924128565203,0.04936115797380847,0.049555433442702745,0.037319349300075216,0.055067600121135915,0.04356810195767679,0.050426189288796566,0.06436296657206401,0.027550642244142495,0.06603488348198298,0.02971927223987614,0.0882650865958855,0.0602865886464968,0.05502624603461788,0.04279040882734212,0.06071587092601534,0.05990352533761924,0.03083191037914718,0.003943059689357217,0.014985827862014762,0.03858090657244243,0.047226789928594734,0.017469326437058282,0.017209009136447566,0.004817856992930467,0.0034421495761452546,0.03793777894029521,1.0,0.05909830320978253,0.045162906714126885,0.007040096439965297,0.05993888203301314,0.003305327109798836,0.04293491684456559,0.00842451654259695],[1.050873565264732E-4,5.392728674256129E-5,4.978718477047398E-5,1.4086220760285412E-5,0.010376166925181307,5.156811730373267E-4,3.0360367201348316E-4,1.0921051242072905E-4,2.0199089897642367E-5,7.563642493048418E-4,6.265973017328152E-4,0.0011128830769955664,5.436305419837407E-4,0.001377368089613172,1.7616224281333992E-5,0.02255924970345064,0.0017301161283804743,0.024589716105611243,9.300385881835164E-4,0.07308519237691173,1.9782888582235984E-5,1.0624007628315808E-4,0.009882225497403314,0.001198778918093451,0.012433702829203114,8.246027204182282E-5,6.550577483766796E-5,9.003227344062783E-5,6.966591719255837E-5,2.396147914393777E-4,1.4518036470908828E-4,2.202668255499153E-5,1.3658810805285864E-4,2.1503155318564326E-4,0.0031342843026929057,0.05909830320978253,1.0,2.4213604396992688E-4,1.4455164898096481E-5,6.983822367177903E-4,1.5654232651165936E-4,9.835392682435569E-5,8.203052499520428E-5],[3.7496567728842326E-4,3.620583039839178E-4,4.1009206688302947E-4,6.113647880711957E-5,0.012001353772727132,3.873708735785891E-4,0.001123025478363851,1.7691722281514656E-4,1.848560441424064E-4,6.443516090717092E-4,7.050435118408E-4,0.0011196436056940848,7.109080853854057E-4,0.0021594341359810693,2.56918469348017E-4,0.039900805659324974,0.0018879807175066284,0.005432150109252459,5.233707544878952E-4,0.07719995856684882,1.6925292797577435E-4,3.5816913557377387E-4,0.011568882048392062,6.15880391131786E-4,0.006643500627009364,2.3467245747032711E-4,5.074967596246712E-4,0.0011771396904478252,4.4126506639642865E-4,0.0017404640206033135,3.1532355306627014E-4,7.836801538456472E-5,3.181073695986108E-4,2.4826950979138984E-4,0.00349634669739399,0.045162906714126885,2.4213604396992688E-4,1.0,6.093471756779417E-5,6.968506402287514E-4,3.2067439809354593E-4,3.6578351965443445E-4,2.7194748872640324E-4],[1.1761152518337595E-4,1.0989804761001882E-4,4.3671790817081854E-4,1.2730449953186115E-5,7.928777281601894E-4,2.7792892209869844E-4,4.2712733950398565E-4,8.889998581444652E-5,3.4818011924231524E-5,6.155788440300294E-4,7.154289323355565E-4,0.0017865837665508514,2.855807765962625E-4,0.0022715818976775637,1.6516445451121565E-5,0.03357066999788811,3.097815696564174E-4,0.011859466831087084,2.6910497741648113E-4,0.009268403212959676,1.5137035877728478E-5,1.1217080604901515E-4,0.008361973022380401,0.004168673173413526,0.010818981151032445,5.937998111433868E-5,0.0021375201378817234,0.001093658372756921,4.837743977825564E-4,2.3765100594182022E-4,8.546491675903337E-5,2.5704337674872222E-5,5.2142775801490435E-5,2.324306954563774E-4,0.007129560629167063,0.007040096439965297,1.4455164898096481E-5,6.093471756779417E-5,1.0,1.40787975716154E-5,9.177249172509513E-5,3.5094680764898625E-4,2.7631836696786494E-5],[3.402775839948398E-4,7.078056518850196E-4,8.772519278524306E-4,3.8723924959942354E-4,0.01259879824192386,8.164482001473247E-4,7.838998430138714E-4,4.6075818728311027E-4,4.319263522294506E-4,8.278503015662704E-4,0.0011440938263649792,0.0012592390523916545,8.678465063386969E-4,0.0012859521511138455,4.131252908386575E-4,0.061799840132610036,0.0010350101298873995,0.02339643197932558,8.854571551061049E-4,0.040272896933838016,4.115607435231867E-4,7.383668214115494E-4,0.012139588530583938,0.0022119822483902363,0.00766389524601359,6.130709633167303E-4,0.001965538162122916,8.975631333285401E-4,7.195584518094997E-4,0.0018027241772895011,2.2802032118702926E-4,5.457415808630586E-4,1.82795061437915E-4,5.567049845311328E-4,0.004784643502736229,0.05993888203301314,6.983822367177903E-4,6.968506402287514E-4,1.40787975716154E-5,1.0,5.999880126205044E-4,3.7436185794755667E-4,3.6451076175870843E-4],[2.019400733804552E-4,1.4441371867125687E-4,3.544430949972891E-4,1.2842585659298176E-4,0.009357259760402336,6.500791036217282E-4,0.001403288126641788,1.5158374988644304E-4,7.835304588218394E-5,0.0018059040691386378,4.4516003804257457E-4,7.010156179295881E-4,7.245244695678321E-4,0.0019467714490558046,6.499072339233062E-5,0.030030982107731415,0.0037981826445866633,0.02375569277255004,7.970282517316676E-4,0.055029850045802936,6.897562604052124E-5,1.4101541707892527E-4,0.010325828751512068,2.3308802410107997E-4,0.001527310837273344,1.4414834610881796E-4,0.0010760002422382248,5.5878763280412E-4,5.355119394143194E-4,0.0012674696328358298,1.8249595314968257E-4,6.490935286009295E-5,1.7285815340848255E-4,2.417222207144762E-4,0.0024432290762964994,0.003305327109798836,1.5654232651165936E-4,3.2067439809354593E-4,9.177249172509513E-5,5.999880126205044E-4,1.0,3.408099923090033E-4,1.6298809828647583E-4],[3.120216558026898E-4,1.6025693536809234E-4,5.181532822349864E-4,2.9201538938326317E-4,0.009509711111075621,3.9476161987732626E-4,0.0012769606970642882,2.3112818829214445E-4,1.03559395475723E-4,0.002120477915196053,5.015818581953054E-4,0.0023446568288592123,0.0011948834246583513,4.0315623421552724E-4,1.0263783169664114E-4,0.04639101865389823,0.0015317262817806387,0.01701791051590296,7.166552014460589E-4,0.020062384593521127,2.036587940704128E-4,1.7664372521758844E-4,0.010754449728162852,7.437732512762136E-4,8.979918231798137E-4,2.4239122274583423E-4,0.0015751584848199326,9.936627366694852E-4,4.5076770635642303E-4,8.676381733449916E-4,3.520291505961649E-4,1.2656300668578932E-4,2.4515565885927074E-4,3.2951910157541205E-4,0.0025484003055896145,0.04293491684456559,9.835392682435569E-5,3.6578351965443445E-4,3.5094680764898625E-4,3.7436185794755667E-4,3.408099923090033E-4,1.0,1.692572400900659E-4],[1.4521849699149027E-4,1.2198864243530404E-4,8.158837303284585E-4,5.3873430013979297E-5,8.168295280982273E-4,2.579426000898809E-4,0.0013042459025058328,1.2924204783543175E-4,1.0587633813126482E-4,0.0011103155230168472,9.864032559807425E-4,2.9054552611321475E-4,3.2430058506186497E-4,7.340510760563003E-4,8.425308412866879E-5,0.025074282235942706,0.002416933777471634,0.016789104548650513,3.041062749497038E-4,0.04694032207101818,5.904066423962333E-5,1.2554754208477247E-4,0.004346878695945484,0.001376254407870007,0.005002147492035099,1.1231483732180069E-4,9.806502005396621E-4,3.3576545173778614E-4,5.03046161366594E-4,6.909858674163293E-4,1.402100057660705E-4,1.0153787298558707E-4,1.6991346498822235E-4,1.4558712828695395E-4,0.0016146258554484631,0.00842451654259695,8.203052499520428E-5,2.7194748872640324E-4,2.7631836696786494E-5,3.6451076175870843E-4,1.6298809828647583E-4,1.692572400900659E-4,1.0]]