[[1.0,0.0010863495514100087,0.006626332914069759,6.851417367989292E-4,0.0011428876452940838,3.7210767007375705E-4,0.003947113820645328,3.9454813222162784E-4,0.0012407669258475524,6.334523936221837E-5,8.123936024002809E-4,0.007723551212200016,5.544927250888867E-4,0.0020660756383320883,4.523454817910366E-4,7.159048229858051E-4,7.143580911006848E-4,3.607021441310519E-4,2.6435174307089357E-4,2.7298841464873933E-4,3.393125060706262E-4,2.7257032249246424E-4,6.264988793513522E-4,6.125870635037635E-4,0.0028043367455530275,7.019834802275391E-4,1.535847915917056E-4,0.002341695631348095,2.9379042411447785E-4,0.0017837115889686873,0.006525093027507824,0.0015391103977157826,3.508451316793499E-4,0.0014137719355660134,0.008293963500672344,1.6293819738765373E-4,0.014456325612153128,5.972917383935845E-4,0.0020540429282751302,0.004010543725819293,0.006906264877082936],[0.0010863495514100087,1.0,0.006730821469322223,5.951027207891131E-4,0.0015631217446895065,8.157435130795122E-4,0.0035496014932007327,0.0012927028079083888,0.0013169372111295776,0.0012599189144727905,0.001177415255054585,0.008531581661409085,7.726664468682348E-4,0.0020387272801613513,7.926446507149783E-4,0.0015471469416263133,0.0011507666501362355,3.847794190712168E-4,2.4217223387921628E-4,0.0011470648272122806,0.0014271207555442112,0.0010630642355171328,0.0010791906497485191,0.0013589340926243995,0.0025768807006738793,4.5262015824977547E-4,0.001054507291746404,0.0018988617516326961,3.274844044269936E-4,0.0017956734866338693,0.008639274616089177,0.005193046011198584,7.66144912740651E-4,0.0020732588945172464,0.011837848160415077,0.0013768313865558353,0.014157038150400736,0.0014014901855966052,0.003588996182076899,0.003885029141872548,0.012976555277471718],[0.006626332914069759,0.006730821469322223,1.0,0.0069910813771405815,0.00807029170752743,0.005287449481407422,0.008821295291002777,0.008017242235127637,0.007015373941783311,0.004925054436422701,0.005895079967632651,0.011482681117551689,6.256815919770316E-4,0.006032315890374576,0.0030694886944384564,0.0023753944956366457,0.002335021021025275,0.011253837907467262,5.70681965695346E-4,0.005946259176493632,0.003165097508145218,0.00458189230104778,0.006554953794199559,0.00197656576232077,0.009827485656845027,0.009499755467732815,0.0069752159290703735,0.007275541653150069,0.00735547211634724,0.009065602416550366,0.010745257662138484,0.005852701926513316,0.010335777741457748,0.004666188509943232,0.01518497442255308,0.0038825135456318593,0.01301638292907175,0.006510614140644063,0.005339416989109259,0.010486765405236236,0.012239405806686988],[6.851417367989292E-4,5.951027207891131E-4,0.0069910813771405815,1.0,8.87361067517701E-4,2.902369051124155E-4,0.0038230953360826425,1.6660292322077434E-4,9.092811008424657E-4,3.497020923743938E-4,6.451444581519561E-4,0.0026700313092351317,2.658636008821151E-4,6.742560313491926E-4,2.7714160255000526E-5,5.005259888368934E-4,4.925140543104502E-4,3.148720300687033E-4,2.0177388090913032E-4,1.1886138921425169E-4,3.700915525682833E-4,3.0051527388479836E-4,2.9731851945255386E-4,5.915465267914534E-4,0.0014207961848356576,3.666202577302633E-4,3.247215667944528E-4,0.004470625274787154,3.6798927929335796E-4,5.442998060592852E-4,0.005474463105188809,0.00303239352775103,2.093636956273821E-4,6.188277731353675E-4,0.014464858440338225,4.0333407141155406E-4,0.0037670490009717784,3.508429870409469E-4,0.0015213690047537283,0.0019408572487885896,0.010382849306206334],[0.0011428876452940838,0.0015631217446895065,0.00807029170752743,8.87361067517701E-4,1.0,7.319160014380318E-4,0.0036607036170939107,3.4830878450303824E-4,0.001385038704527471,8.363726035915402E-4,9.426396480489727E-4,0.008970058173399142,0.0010719281851569173,0.003822809953320311,0.0012261591085975393,0.0014737975299056803,0.0011340954965826278,4.2820045523434686E-4,1.710919303704752E-4,0.0010226592261820446,8.413215924866422E-4,0.0010139641895965926,0.0010320944341786326,6.284987597629669E-4,0.0020761761985807563,9.778734542994286E-4,4.068306682422019E-4,0.003083766179839029,1.8337881890097054E-4,0.0021213030430402738,0.008183078610856915,0.001918168039325271,5.940100142376941E-4,0.0020583630334115605,0.0044316435575436075,5.093818451193625E-4,0.015209963823746314,9.321627795498751E-4,0.0014677955375101176,0.004651749765267605,0.006571011230089353],[3.7210767007375705E-4,8.157435130795122E-4,0.005287449481407422,2.902369051124155E-4,7.319160014380318E-4,1.0,0.0032895543419714283,1.0176548902582852E-4,6.694369469474511E-4,1.2427118344597863E-5,6.30720100218476E-4,4.5256434023801146E-4,1.2608235749022505E-4,0.0034364426533362983,1.9592045213627965E-5,0.0013124284629316557,1.8884446647116478E-4,2.066792347890341E-4,1.9495192457629683E-5,1.65231945769578E-5,2.1971250576010605E-4,2.2694298126847617E-5,2.3334984900738803E-5,2.8274257608537336E-4,0.002676317985092557,3.3588384830607587E-4,1.1539142229544585E-5,4.613922649203927E-4,6.649926504098547E-5,1.659361990416564E-4,0.004755075656361658,0.0038086667135259896,1.2567871407250273E-4,0.0013885251528860687,0.010189714863942084,1.3052180971866382E-5,0.019554479114676518,1.8889382566049818E-5,8.219098847283096E-4,0.0033312720898066536,0.007807748247106128],[0.003947113820645328,0.0035496014932007327,0.008821295291002777,0.0038230953360826425,0.0036607036170939107,0.0032895543419714283,1.0,0.0010646955141055783,0.0023307064205679694,0.0034613511630550895,0.004264763203950992,0.0074511549756071035,0.001404519468636188,0.004761695547325211,0.0010796242891504236,0.0017864643884830465,0.004346408456513207,0.0013581952761243929,0.004381908077271628,0.003753336066431131,0.0033753750686298725,0.00380164790505751,0.0028374923971522447,0.002720027055138917,0.003411800823695919,0.0019508223181348657,0.0033726515949600495,0.004828588351664627,0.0036582460923165272,0.004215438897151627,0.005793494193630439,0.004892267567780581,0.003953282493274107,0.0023208469315248647,0.006231405090815277,3.280684571517164E-4,0.01103453109975565,0.0027706832020257077,0.00435582132763429,0.00563061681786301,0.006831731462914593],[3.9454813222162784E-4,0.0012927028079083888,0.008017242235127637,1.6660292322077434E-4,3.4830878450303824E-4,1.0176548902582852E-4,0.0010646955141055783,1.0,6.949562508581117E-4,5.0881381922309706E-5,6.63435525520643E-4,0.007207651107975653,1.45504705104225E-4,0.0024609640196621837,1.3799476713102408E-4,7.829112131371963E-4,3.889891368818577E-4,1.9742328898322403E-4,8.061462719145544E-5,9.894950133112351E-5,2.719315368755302E-4,1.2832390381008597E-4,8.602918524063103E-5,2.7013841449326616E-4,9.539457331322781E-4,1.9603356282463366E-4,2.5392150975986094E-5,0.003367847223031299,1.419137821360741E-4,0.0013883562962114767,0.005965979025408607,0.002617505938793616,1.4233403990453506E-4,5.84711784440972E-4,0.007740986045274466,1.1334724668412058E-5,0.021761792434756996,3.425271805306441E-5,0.001959916564060992,0.0029573451983861024,0.012570311726450808],[0.0012407669258475524,0.0013169372111295776,0.007015373941783311,9.092811008424657E-4,0.001385038704527471,6.694369469474511E-4,0.0023307064205679694,6.949562508581117E-4,1.0,0.0011261004936824622,0.0010560149222054698,0.007656563679032387,5.012707816588674E-4,0.004012596356362834,0.0010636159551826831,0.0015069242346766117,7.911469104869852E-4,7.993832756578053E-4,0.0012467718846990538,1.8784959953129437E-4,3.3418079602234125E-4,1.9961374372842226E-4,1.1748832829907086E-4,9.097767266518066E-4,0.0015644894172233467,8.677534474592899E-4,2.2382672321918327E-4,0.002883790595923397,5.631139864167247E-4,0.0019355364513253901,0.0033045791367420727,0.002713932874066712,9.614783963560631E-4,0.0020829506310025177,0.00840853045787312,1.5596421262216757E-4,0.022088807555715972,6.518781649982897E-4,0.004115807228749262,0.004929521768671613,0.0030776388247662307],[6.334523936221837E-5,0.0012599189144727905,0.004925054436422701,3.497020923743938E-4,8.363726035915402E-4,1.2427118344597863E-5,0.0034613511630550895,5.0881381922309706E-5,0.0011261004936824622,1.0,2.7368720229694097E-4,0.008191436744959802,9.611402516984735E-5,0.002525004766821986,2.1563275389193783E-5,6.773559720799424E-4,2.2287754813206858E-4,2.3729203542199382E-4,5.018685225634757E-5,1.3465491477497494E-5,2.5759180675265204E-4,2.297545492150934E-5,2.396538882332381E-5,2.1734296471883144E-4,0.002624001166310626,1.1276510270146048E-4,1.0695432989102731E-5,0.004427105315026559,1.0603992954975496E-4,0.0018485621904319233,0.008721457575087658,0.0011900372613947786,1.5378821058573108E-5,0.0014058444691721953,0.01511618674945625,1.0947305489380044E-5,0.020343426567197738,1.6559376551370927E-5,0.0022339529364132937,0.002371757829938613,0.008773800402522812],[8.123936024002809E-4,0.001177415255054585,0.005895079967632651,6.451444581519561E-4,9.426396480489727E-4,6.30720100218476E-4,0.004264763203950992,6.63435525520643E-4,0.0010560149222054698,2.7368720229694097E-4,1.0,0.007079535962122462,6.735806437308013E-4,0.002766396474628901,4.4526222196408213E-4,9.032032438696836E-4,7.824736546008962E-4,4.555479528518384E-4,4.7731131220290454E-4,2.570608123929667E-4,7.422889357023889E-4,2.619589995830966E-4,5.291425381069415E-4,7.913488914517516E-4,0.001105990756835571,3.4958175744938345E-4,5.193015963375956E-5,9.713700632110272E-4,5.026161573808166E-4,0.002114019127086207,0.00739720736038386,0.004084003140115861,2.251820337792984E-4,8.925639215089935E-4,8.803628985342015E-4,2.252936582007272E-4,0.023097095858984885,6.337102174509337E-5,9.21475898229153E-4,0.0035084217662621434,0.0129828695443369],[0.007723551212200016,0.008531581661409085,0.011482681117551689,0.0026700313092351317,0.008970058173399142,4.5256434023801146E-4,0.0074511549756071035,0.007207651107975653,0.007656563679032387,0.008191436744959802,0.007079535962122462,1.0,0.0025146921930022706,0.005881594651787225,0.008633493401123805,0.004953958203366594,0.0014666085506052444,0.0035474015060362653,0.006575149253147889,0.007698940576854759,0.009316485979520823,0.0019459461393359669,0.002384320067550537,0.008066694696833474,0.0074134352296397095,0.007969034785077886,0.008386043575933675,0.00687233738954258,0.002996929826996564,0.00971687557914203,0.010474708014807287,0.010250477117664372,0.004187562777960834,0.007995055008666024,0.015540425595082525,0.006896673340576493,0.021968408548959865,0.006229781662769923,0.009828161408248683,0.0065631047898486485,0.012275716693296412],[5.544927250888867E-4,7.726664468682348E-4,6.256815919770316E-4,2.658636008821151E-4,0.0010719281851569173,1.2608235749022505E-4,0.001404519468636188,1.45504705104225E-4,5.012707816588674E-4,9.611402516984735E-5,6.735806437308013E-4,0.0025146921930022706,1.0,0.0020756289189319305,5.437381637484139E-5,3.4117921371893653E-4,3.795616606427991E-4,2.27245554492608E-4,1.2830676093872502E-4,1.4724404522170698E-4,2.7811822188236865E-4,1.1889354622728075E-4,1.3809478433794302E-4,3.302279787262051E-4,7.903342768745144E-4,2.1381794393832203E-4,1.3219209213144852E-4,0.00426808627048646,1.464023004188853E-4,0.0017380989988722134,0.0030831208081805546,7.029465406276654E-4,1.5647600756898028E-4,0.0012736382277359994,0.007255114139148491,1.2632599534230217E-4,0.01960564331082188,1.307493698455855E-4,7.634412563571011E-4,0.0016191189078958417,0.001107782212281285],[0.0020660756383320883,0.0020387272801613513,0.006032315890374576,6.742560313491926E-4,0.003822809953320311,0.0034364426533362983,0.004761695547325211,0.0024609640196621837,0.004012596356362834,0.002525004766821986,0.002766396474628901,0.005881594651787225,0.0020756289189319305,1.0,0.004309404256501343,0.0029708758998689038,0.004568965705187087,0.004295314342775606,0.003990785001160888,0.002042689317769554,0.00193777288721919,0.0036881638214053465,3.7167655726053864E-4,0.0046181801723720484,0.004072826196344062,3.6877714890603354E-4,0.002701833267442513,0.004982723531317348,0.0010296537252286538,0.004508013370720349,0.008505567888206304,0.004990981914184724,0.003521800860735405,0.002455385281526254,0.012364544888130453,5.877117100712832E-4,0.012756630729836446,7.821358889780598E-4,0.004258228003791738,0.00480919746878146,0.013315010058896792],[4.523454817910366E-4,7.926446507149783E-4,0.0030694886944384564,2.7714160255000526E-5,0.0012261591085975393,1.9592045213627965E-5,0.0010796242891504236,1.3799476713102408E-4,0.0010636159551826831,2.1563275389193783E-5,4.4526222196408213E-4,0.008633493401123805,5.437381637484139E-5,0.004309404256501343,1.0,0.001410833426363743,6.310271784928514E-4,6.82749972878756E-5,5.6845298791054766E-5,1.710059202935671E-5,7.990975124884027E-5,3.359169396901235E-5,2.3774207123375718E-5,5.129761849032841E-4,1.4711440161425742E-4,1.863179729193649E-4,2.0838934147185162E-5,0.003376662248139997,1.0853177891594115E-4,0.001951772852068005,0.00241756890813231,0.0027977078083849427,1.0327687399153479E-4,5.880523754074581E-4,0.008607858093310727,1.1965710042780727E-5,0.003952909091349887,2.087788402698732E-5,4.0243073717299193E-4,0.00397558574667128,0.0016187196436529864],[7.159048229858051E-4,0.0015471469416263133,0.0023753944956366457,5.005259888368934E-4,0.0014737975299056803,0.0013124284629316557,0.0017864643884830465,7.829112131371963E-4,0.0015069242346766117,6.773559720799424E-4,9.032032438696836E-4,0.004953958203366594,3.4117921371893653E-4,0.0029708758998689038,0.001410833426363743,1.0,0.0010410427141196122,7.178032076546273E-4,9.104670633401407E-4,2.741545965074667E-4,0.0011359777222264408,4.953123298304222E-4,3.3672111663383383E-4,6.999265353643108E-4,0.001712654811582261,7.509352957682134E-4,0.0011094411811207274,0.0029268531926539866,0.0014408689096158831,0.0019858387304538664,0.009687416156502076,0.001990382341130126,0.0014778096911000247,0.002121334266644131,0.011605079023396499,2.922592017269236E-4,0.004198010722217979,6.348021684469532E-4,0.003442305906975213,0.004612915465670516,0.008773740831681937],[7.143580911006848E-4,0.0011507666501362355,0.002335021021025275,4.925140543104502E-4,0.0011340954965826278,1.8884446647116478E-4,0.004346408456513207,3.889891368818577E-4,7.911469104869852E-4,2.2287754813206858E-4,7.824736546008962E-4,0.0014666085506052444,3.795616606427991E-4,0.004568965705187087,6.310271784928514E-4,0.0010410427141196122,1.0,6.073161800589626E-4,7.128034793081826E-4,2.762237502265483E-4,3.938158625036703E-4,4.4269519356835444E-4,1.565724042104298E-4,6.595363135902531E-4,8.222353040439875E-4,4.648508779740004E-4,5.626854635752108E-4,0.00357795122541796,2.0354907397398387E-4,0.0020604080741384472,0.008086811809964654,0.0022779430387583556,4.456634354323537E-4,0.0012277168228408243,0.009849801360281824,5.581204059663265E-4,0.015460628558753789,4.615462910106436E-4,0.0036391773796058207,7.93951664628518E-4,0.012433277991195703],[3.607021441310519E-4,3.847794190712168E-4,0.011253837907467262,3.148720300687033E-4,4.2820045523434686E-4,2.066792347890341E-4,0.0013581952761243929,1.9742328898322403E-4,7.993832756578053E-4,2.3729203542199382E-4,4.555479528518384E-4,0.0035474015060362653,2.27245554492608E-4,0.004295314342775606,6.82749972878756E-5,7.178032076546273E-4,6.073161800589626E-4,1.0,6.459105584489535E-5,1.0548220069550257E-4,2.6489699429460984E-4,5.1966222674303906E-5,1.089629501438648E-4,4.699016061918452E-4,0.0026709302744161484,2.8210166982496816E-4,1.70909025727974E-4,0.0015069007730156264,1.9628576582220907E-4,0.0015018577173790454,4.59687043062243E-4,0.004335332861686109,2.4372009200426776E-4,0.0015494040948000327,0.009820376185826955,4.6035785372108705E-5,0.01848373095431958,1.4674590541220077E-4,0.0014157461037659362,0.005210108406409085,0.0021823098977982397],[2.6435174307089357E-4,2.4217223387921628E-4,5.70681965695346E-4,2.0177388090913032E-4,1.710919303704752E-4,1.9495192457629683E-5,0.004381908077271628,8.061462719145544E-5,0.0012467718846990538,5.018685225634757E-5,4.7731131220290454E-4,0.006575149253147889,1.2830676093872502E-4,0.003990785001160888,5.6845298791054766E-5,9.104670633401407E-4,7.128034793081826E-4,6.459105584489535E-5,1.0,5.2113274101280675E-5,1.4016576903434856E-4,4.679345470264865E-5,2.87360009304105E-5,3.260922072880379E-4,5.35228043805688E-4,8.080653616853802E-5,2.5700029267442793E-5,0.0010449465617878191,8.95943303911586E-5,8.739202242848154E-4,0.002299560596264734,3.7070454592579293E-4,1.0621285911342064E-4,0.002017455914173371,0.017738358292653272,2.1553803417757874E-5,0.0018061762159172095,2.3477729664388615E-5,0.003228573569689139,0.003570558339435434,0.0106696055155035],[2.7298841464873933E-4,0.0011470648272122806,0.005946259176493632,1.1886138921425169E-4,0.0010226592261820446,1.65231945769578E-5,0.003753336066431131,9.894950133112351E-5,1.8784959953129437E-4,1.3465491477497494E-5,2.570608123929667E-4,0.007698940576854759,1.4724404522170698E-4,0.002042689317769554,1.710059202935671E-5,2.741545965074667E-4,2.762237502265483E-4,1.0548220069550257E-4,5.2113274101280675E-5,1.0,8.574008884808659E-5,2.087809830162149E-5,2.1617955193274303E-5,4.4324309016781995E-4,0.0013733750442168307,3.480741268677177E-5,1.1911136721866211E-5,0.004676872901905601,1.8515824517004715E-5,7.307066357790904E-4,0.00812770784082671,0.0018062019367534605,6.071276611658843E-5,0.0017366967466274973,0.015172013412793518,1.3372876842273531E-5,0.004252956909485043,1.7287223028108886E-5,0.0014209703676426038,0.0025868372942932007,0.002883546492631754],[3.393125060706262E-4,0.0014271207555442112,0.003165097508145218,3.700915525682833E-4,8.413215924866422E-4,2.1971250576010605E-4,0.0033753750686298725,2.719315368755302E-4,3.3418079602234125E-4,2.5759180675265204E-4,7.422889357023889E-4,0.009316485979520823,2.7811822188236865E-4,0.00193777288721919,7.990975124884027E-5,0.0011359777222264408,3.938158625036703E-4,2.6489699429460984E-4,1.4016576903434856E-4,8.574008884808659E-5,1.0,2.043564883233984E-4,1.4979160948300484E-4,4.2129985374513484E-4,7.222535212415553E-4,3.09541571799533E-4,1.0873488532759709E-4,0.003018241356082596,1.7339430954777782E-4,9.400593793623146E-4,0.004379593498451574,0.003088069840994424,2.3954376160773374E-4,5.888151712298338E-4,0.017386562603364377,4.441887000976328E-5,0.013450685222166171,5.296160467795194E-5,3.406105273857103E-4,0.0045364128295254935,0.012985438121201584],[2.7257032249246424E-4,0.0010630642355171328,0.00458189230104778,3.0051527388479836E-4,0.0010139641895965926,2.2694298126847617E-5,0.00380164790505751,1.2832390381008597E-4,1.9961374372842226E-4,2.297545492150934E-5,2.619589995830966E-4,0.0019459461393359669,1.1889354622728075E-4,0.0036881638214053465,3.359169396901235E-5,4.953123298304222E-4,4.4269519356835444E-4,5.1966222674303906E-5,4.679345470264865E-5,2.087809830162149E-5,2.043564883233984E-4,1.0,3.409276464882479E-5,2.566433567371891E-4,0.0015770215599934304,2.613371256312548E-4,3.023564436806971E-5,0.0012895497074563737,7.265304463106929E-5,0.0018393394085466541,0.0074870472758695366,6.140927654558449E-4,1.0785026587993354E-4,7.708089681292901E-4,0.016907186575132307,1.2960117323937876E-5,0.012622023881602999,3.3641359447712485E-5,4.883670068140976E-4,0.0033834670981079252,0.012386005610247788],[6.264988793513522E-4,0.0010791906497485191,0.006554953794199559,2.9731851945255386E-4,0.0010320944341786326,2.3334984900738803E-5,0.0028374923971522447,8.602918524063103E-5,1.1748832829907086E-4,2.396538882332381E-5,5.291425381069415E-4,0.002384320067550537,1.3809478433794302E-4,3.7167655726053864E-4,2.3774207123375718E-5,3.3672111663383383E-4,1.565724042104298E-4,1.089629501438648E-4,2.87360009304105E-5,2.1617955193274303E-5,1.4979160948300484E-4,3.409276464882479E-5,1.0,3.3182483079930927E-4,0.0013547351723779658,2.941618458704773E-4,1.2664756555396382E-5,7.893358560743138E-4,1.2024169002529209E-4,0.0011007426896577383,0.0058341408825016185,8.21082764316049E-4,2.729847930040149E-5,0.0021010159630242276,0.01320225168616089,1.6381289814161657E-5,0.006481323043160919,2.539919831072779E-5,4.60060172888105E-4,0.004167824733682548,0.010029213220882481],[6.125870635037635E-4,0.0013589340926243995,0.00197656576232077,5.915465267914534E-4,6.284987597629669E-4,2.8274257608537336E-4,0.002720027055138917,2.7013841449326616E-4,9.097767266518066E-4,2.1734296471883144E-4,7.913488914517516E-4,0.008066694696833474,3.302279787262051E-4,0.0046181801723720484,5.129761849032841E-4,6.999265353643108E-4,6.595363135902531E-4,4.699016061918452E-4,3.260922072880379E-4,4.4324309016781995E-4,4.2129985374513484E-4,2.566433567371891E-4,3.3182483079930927E-4,1.0,0.00115675499509611,4.918429764296929E-4,3.393327518546561E-4,0.0018829059346573687,2.0080956155752588E-4,0.0011799860662144405,0.0035418238145102426,0.002607042696245025,1.4177362168255929E-4,0.0013529531972714275,0.0022105557966011244,3.253858100452174E-4,0.02161419488924251,9.885330212851575E-5,0.0011864311669701746,0.0011492402415639992,9.133761374775052E-4],[0.0028043367455530275,0.0025768807006738793,0.009827485656845027,0.0014207961848356576,0.0020761761985807563,0.002676317985092557,0.003411800823695919,9.539457331322781E-4,0.0015644894172233467,0.002624001166310626,0.001105990756835571,0.0074134352296397095,7.903342768745144E-4,0.004072826196344062,1.4711440161425742E-4,0.001712654811582261,8.222353040439875E-4,0.0026709302744161484,5.35228043805688E-4,0.0013733750442168307,7.222535212415553E-4,0.0015770215599934304,0.0013547351723779658,0.00115675499509611,1.0,0.0021161885583295932,0.0013550766273156731,0.0029509090671281366,9.396996169924851E-4,0.002193879982358824,0.0035270498648908516,0.004355119639605364,1.4689679410737188E-4,0.0022592817904728744,0.00907291145477709,9.171837286229836E-5,0.022255677122460887,3.173343519647239E-4,0.0035908754787042575,0.00477561406968679,0.0031692598819778556],[7.019834802275391E-4,4.5262015824977547E-4,0.009499755467732815,3.666202577302633E-4,9.778734542994286E-4,3.3588384830607587E-4,0.0019508223181348657,1.9603356282463366E-4,8.677534474592899E-4,1.1276510270146048E-4,3.4958175744938345E-4,0.007969034785077886,2.1381794393832203E-4,3.6877714890603354E-4,1.863179729193649E-4,7.509352957682134E-4,4.648508779740004E-4,2.8210166982496816E-4,8.080653616853802E-5,3.480741268677177E-5,3.09541571799533E-4,2.613371256312548E-4,2.941618458704773E-4,4.918429764296929E-4,0.0021161885583295932,1.0,2.1153535941916652E-4,0.001504489584358133,2.4390573874759428E-4,0.001985484813229812,0.010180350588379175,0.004825523241381087,1.445500149807395E-4,0.001044985956401056,0.018031930230311993,2.279163294650722E-4,0.019943800062255518,9.674087937060866E-5,0.002189068468584092,0.00453782997110653,0.002406496325414502],[1.535847915917056E-4,0.001054507291746404,0.0069752159290703735,3.247215667944528E-4,4.068306682422019E-4,1.1539142229544585E-5,0.0033726515949600495,2.5392150975986094E-5,2.2382672321918327E-4,1.0695432989102731E-5,5.193015963375956E-5,0.008386043575933675,1.3219209213144852E-4,0.002701833267442513,2.0838934147185162E-5,0.0011094411811207274,5.626854635752108E-4,1.70909025727974E-4,2.5700029267442793E-5,1.1911136721866211E-5,1.0873488532759709E-4,3.023564436806971E-5,1.2664756555396382E-5,3.393327518546561E-4,0.0013550766273156731,2.1153535941916652E-4,1.0,0.0015896641987448172,3.217413989924927E-5,0.0018188399078688702,0.00294295138845535,0.0035344447273628946,6.248309486641445E-5,0.001780385830051064,0.00969446422154563,1.0184716909153381E-5,0.004589456565962489,1.8491368488586676E-5,0.0038619920521945064,0.005655897306283216,0.011845970857400733],[0.002341695631348095,0.0018988617516326961,0.007275541653150069,0.004470625274787154,0.003083766179839029,4.613922649203927E-4,0.004828588351664627,0.003367847223031299,0.002883790595923397,0.004427105315026559,9.713700632110272E-4,0.00687233738954258,0.00426808627048646,0.004982723531317348,0.003376662248139997,0.0029268531926539866,0.00357795122541796,0.0015069007730156264,0.0010449465617878191,0.004676872901905601,0.003018241356082596,0.0012895497074563737,7.893358560743138E-4,0.0018829059346573687,0.0029509090671281366,0.001504489584358133,0.0015896641987448172,1.0,0.0042430358417581675,0.004498358885523634,0.008665850046001353,0.005189434986403083,0.0023108615783704305,0.0036596819363789294,0.01469126264928,0.004143405477206615,0.021410823604580548,0.004713101628639814,0.004816724139871886,0.005195580731415454,0.01161254780014882],[2.9379042411447785E-4,3.274844044269936E-4,0.00735547211634724,3.6798927929335796E-4,1.8337881890097054E-4,6.649926504098547E-5,0.0036582460923165272,1.419137821360741E-4,5.631139864167247E-4,1.0603992954975496E-4,5.026161573808166E-4,0.002996929826996564,1.464023004188853E-4,0.0010296537252286538,1.0853177891594115E-4,0.0014408689096158831,2.0354907397398387E-4,1.9628576582220907E-4,8.95943303911586E-5,1.8515824517004715E-5,1.7339430954777782E-4,7.265304463106929E-5,1.2024169002529209E-4,2.0080956155752588E-4,9.396996169924851E-4,2.4390573874759428E-4,3.217413989924927E-5,0.0042430358417581675,1.0,6.624609407724353E-4,0.0056420167569247925,0.004985335712751564,1.2938397915888934E-4,0.001930539545587025,0.011680860557946482,1.2008561674740795E-4,0.0030353723006291936,7.268861747283505E-5,0.002631816862605596,0.001482469094842272,5.643571562077032E-4],[0.0017837115889686873,0.0017956734866338693,0.009065602416550366,5.442998060592852E-4,0.0021213030430402738,1.659361990416564E-4,0.004215438897151627,0.0013883562962114767,0.0019355364513253901,0.0018485621904319233,0.002114019127086207,0.00971687557914203,0.0017380989988722134,0.004508013370720349,0.001951772852068005,0.0019858387304538664,0.0020604080741384472,0.0015018577173790454,8.739202242848154E-4,7.307066357790904E-4,9.400593793623146E-4,0.0018393394085466541,0.0011007426896577383,0.0011799860662144405,0.002193879982358824,0.001985484813229812,0.0018188399078688702,0.004498358885523634,6.624609407724353E-4,1.0,0.007824439410298657,0.003403844791065953,0.0015487332833755319,0.002145922746781116,0.008075525525254621,5.948453241041879E-4,0.013288437666034665,9.240702741985388E-4,0.0027816380654159464,0.0043359306436981,0.004985756227631375],[0.006525093027507824,0.008639274616089177,0.010745257662138484,0.005474463105188809,0.008183078610856915,0.004755075656361658,0.005793494193630439,0.005965979025408607,0.0033045791367420727,0.008721457575087658,0.00739720736038386,0.010474708014807287,0.0030831208081805546,0.008505567888206304,0.00241756890813231,0.009687416156502076,0.008086811809964654,4.59687043062243E-4,0.002299560596264734,0.00812770784082671,0.004379593498451574,0.0074870472758695366,0.0058341408825016185,0.0035418238145102426,0.0035270498648908516,0.010180350588379175,0.00294295138845535,0.008665850046001353,0.0056420167569247925,0.007824439410298657,1.0,0.0074966908071934495,0.009650237851128328,0.0045886428025639445,0.015370894486122834,0.006315552985017113,0.017515185918558544,0.0021673546168745105,0.00486270770310889,0.008783797515758718,0.0123499978100635],[0.0015391103977157826,0.005193046011198584,0.005852701926513316,0.00303239352775103,0.001918168039325271,0.0038086667135259896,0.004892267567780581,0.002617505938793616,0.002713932874066712,0.0011900372613947786,0.004084003140115861,0.010250477117664372,7.029465406276654E-4,0.004990981914184724,0.0027977078083849427,0.001990382341130126,0.0022779430387583556,0.004335332861686109,3.7070454592579293E-4,0.0018062019367534605,0.003088069840994424,6.140927654558449E-4,8.21082764316049E-4,0.002607042696245025,0.004355119639605364,0.004825523241381087,0.0035344447273628946,0.005189434986403083,0.004985335712751564,0.003403844791065953,0.0074966908071934495,1.0,0.002776604678406928,0.004955482031018428,0.007549072693495978,0.0030332696426123777,0.022183706415533907,0.004390985507089907,0.0044382055215524685,0.005650331630039326,0.007209212822077524],[3.508451316793499E-4,7.66144912740651E-4,0.010335777741457748,2.093636956273821E-4,5.940100142376941E-4,1.2567871407250273E-4,0.003953282493274107,1.4233403990453506E-4,9.614783963560631E-4,1.5378821058573108E-5,2.251820337792984E-4,0.004187562777960834,1.5647600756898028E-4,0.003521800860735405,1.0327687399153479E-4,0.0014778096911000247,4.456634354323537E-4,2.4372009200426776E-4,1.0621285911342064E-4,6.071276611658843E-5,2.3954376160773374E-4,1.0785026587993354E-4,2.729847930040149E-5,1.4177362168255929E-4,1.4689679410737188E-4,1.445500149807395E-4,6.248309486641445E-5,0.0023108615783704305,1.2938397915888934E-4,0.0015487332833755319,0.009650237851128328,0.002776604678406928,1.0,3.082103552812013E-4,0.01039530785069691,1.1909968322210414E-5,0.017448382507947138,1.2112938823989204E-4,0.001937775244028791,0.0019059283332892032,0.002244827785672289],[0.0014137719355660134,0.0020732588945172464,0.004666188509943232,6.188277731353675E-4,0.0020583630334115605,0.0013885251528860687,0.0023208469315248647,5.84711784440972E-4,0.0020829506310025177,0.0014058444691721953,8.925639215089935E-4,0.007995055008666024,0.0012736382277359994,0.002455385281526254,5.880523754074581E-4,0.002121334266644131,0.0012277168228408243,0.0015494040948000327,0.002017455914173371,0.0017366967466274973,5.888151712298338E-4,7.708089681292901E-4,0.0021010159630242276,0.0013529531972714275,0.0022592817904728744,0.001044985956401056,0.001780385830051064,0.0036596819363789294,0.001930539545587025,0.002145922746781116,0.0045886428025639445,0.004955482031018428,3.082103552812013E-4,1.0,0.012144503708522767,7.854792245409088E-4,0.0028918362652000317,9.316359401860938E-5,0.0029869123976740014,0.005553075717263961,0.013298620974377041],[0.008293963500672344,0.011837848160415077,0.01518497442255308,0.014464858440338225,0.0044316435575436075,0.010189714863942084,0.006231405090815277,0.007740986045274466,0.00840853045787312,0.01511618674945625,8.803628985342015E-4,0.015540425595082525,0.007255114139148491,0.012364544888130453,0.008607858093310727,0.011605079023396499,0.009849801360281824,0.009820376185826955,0.017738358292653272,0.015172013412793518,0.017386562603364377,0.016907186575132307,0.01320225168616089,0.0022105557966011244,0.00907291145477709,0.018031930230311993,0.00969446422154563,0.01469126264928,0.011680860557946482,0.008075525525254621,0.015370894486122834,0.007549072693495978,0.01039530785069691,0.012144503708522767,1.0,0.00791565175176809,0.01916914256885206,0.003632551520667652,0.007163140376493203,0.014285838312690171,0.013979802871106256],[1.6293819738765373E-4,0.0013768313865558353,0.0038825135456318593,4.0333407141155406E-4,5.093818451193625E-4,1.3052180971866382E-5,3.280684571517164E-4,1.1334724668412058E-5,1.5596421262216757E-4,1.0947305489380044E-5,2.252936582007272E-4,0.006896673340576493,1.2632599534230217E-4,5.877117100712832E-4,1.1965710042780727E-5,2.922592017269236E-4,5.581204059663265E-4,4.6035785372108705E-5,2.1553803417757874E-5,1.3372876842273531E-5,4.441887000976328E-5,1.2960117323937876E-5,1.6381289814161657E-5,3.253858100452174E-4,9.171837286229836E-5,2.279163294650722E-4,1.0184716909153381E-5,0.004143405477206615,1.2008561674740795E-4,5.948453241041879E-4,0.006315552985017113,0.0030332696426123777,1.1909968322210414E-5,7.854792245409088E-4,0.00791565175176809,1.0,6.898539105643656E-4,1.979879151026936E-5,7.434899029840641E-4,0.005390507666669084,0.011131192743783682],[0.014456325612153128,0.014157038150400736,0.01301638292907175,0.0037670490009717784,0.015209963823746314,0.019554479114676518,0.01103453109975565,0.021761792434756996,0.022088807555715972,0.020343426567197738,0.023097095858984885,0.021968408548959865,0.01960564331082188,0.012756630729836446,0.003952909091349887,0.004198010722217979,0.015460628558753789,0.01848373095431958,0.0018061762159172095,0.004252956909485043,0.013450685222166171,0.012622023881602999,0.006481323043160919,0.02161419488924251,0.022255677122460887,0.019943800062255518,0.004589456565962489,0.021410823604580548,0.0030353723006291936,0.013288437666034665,0.017515185918558544,0.022183706415533907,0.017448382507947138,0.0028918362652000317,0.01916914256885206,6.898539105643656E-4,1.0,0.009529643649043745,0.004686176101150572,0.006420010832304654,0.020608063580602666],[5.972917383935845E-4,0.0014014901855966052,0.006510614140644063,3.508429870409469E-4,9.321627795498751E-4,1.8889382566049818E-5,0.0027706832020257077,3.425271805306441E-5,6.518781649982897E-4,1.6559376551370927E-5,6.337102174509337E-5,0.006229781662769923,1.307493698455855E-4,7.821358889780598E-4,2.087788402698732E-5,6.348021684469532E-4,4.615462910106436E-4,1.4674590541220077E-4,2.3477729664388615E-5,1.7287223028108886E-5,5.296160467795194E-5,3.3641359447712485E-5,2.539919831072779E-5,9.885330212851575E-5,3.173343519647239E-4,9.674087937060866E-5,1.8491368488586676E-5,0.004713101628639814,7.268861747283505E-5,9.240702741985388E-4,0.0021673546168745105,0.004390985507089907,1.2112938823989204E-4,9.316359401860938E-5,0.003632551520667652,1.979879151026936E-5,0.009529643649043745,1.0,0.00206597880379931,0.0038478998886944623,0.013019417028465758],[0.0020540429282751302,0.003588996182076899,0.005339416989109259,0.0015213690047537283,0.0014677955375101176,8.219098847283096E-4,0.00435582132763429,0.001959916564060992,0.004115807228749262,0.0022339529364132937,9.21475898229153E-4,0.009828161408248683,7.634412563571011E-4,0.004258228003791738,4.0243073717299193E-4,0.003442305906975213,0.0036391773796058207,0.0014157461037659362,0.003228573569689139,0.0014209703676426038,3.406105273857103E-4,4.883670068140976E-4,4.60060172888105E-4,0.0011864311669701746,0.0035908754787042575,0.002189068468584092,0.0038619920521945064,0.004816724139871886,0.002631816862605596,0.0027816380654159464,0.00486270770310889,0.0044382055215524685,0.001937775244028791,0.0029869123976740014,0.007163140376493203,7.434899029840641E-4,0.004686176101150572,0.00206597880379931,1.0,0.005126789060225104,0.00892715301133953],[0.004010543725819293,0.003885029141872548,0.010486765405236236,0.0019408572487885896,0.004651749765267605,0.0033312720898066536,0.00563061681786301,0.0029573451983861024,0.004929521768671613,0.002371757829938613,0.0035084217662621434,0.0065631047898486485,0.0016191189078958417,0.00480919746878146,0.00397558574667128,0.004612915465670516,7.93951664628518E-4,0.005210108406409085,0.003570558339435434,0.0025868372942932007,0.0045364128295254935,0.0033834670981079252,0.004167824733682548,0.0011492402415639992,0.00477561406968679,0.00453782997110653,0.005655897306283216,0.005195580731415454,0.001482469094842272,0.0043359306436981,0.008783797515758718,0.005650331630039326,0.0019059283332892032,0.005553075717263961,0.014285838312690171,0.005390507666669084,0.006420010832304654,0.0038478998886944623,0.005126789060225104,1.0,0.00920218868946775],[0.006906264877082936,0.012976555277471718,0.012239405806686988,0.010382849306206334,0.006571011230089353,0.007807748247106128,0.006831731462914593,0.012570311726450808,0.0030776388247662307,0.008773800402522812,0.0129828695443369,0.012275716693296412,0.001107782212281285,0.013315010058896792,0.0016187196436529864,0.008773740831681937,0.012433277991195703,0.0021823098977982397,0.0106696055155035,0.002883546492631754,0.012985438121201584,0.012386005610247788,0.010029213220882481,9.133761374775052E-4,0.0031692598819778556,0.002406496325414502,0.011845970857400733,0.01161254780014882,5.643571562077032E-4,0.004985756227631375,0.0123499978100635,0.007209212822077524,0.002244827785672289,0.013298620974377041,0.013979802871106256,0.011131192743783682,0.020608063580602666,0.013019417028465758,0.00892715301133953,0.00920218868946775,1.0]]