[[1.0,1.123108379254991E-5,4.878540347749692E-4,7.054704127715479E-4,1.5162245704748128E-5,0.0023608814405752278,1.352718037114813E-5,7.564628966661986E-5,9.194804466388669E-5,1.9215315895069506E-4,9.766895405160042E-5,1.0926093918055294E-5,8.890933247582752E-5,0.012041328812578096,6.633965315851819E-4,0.0010932269486637212,3.3669388477822085E-4,0.00250097909150511,1.0583325654323163E-5,1.0504405475787081E-5,3.5410462257674206E-4,0.021193097994414482,1.3785901290279498E-5,1.209797796738755E-5,0.0025688571665273474,0.0030629675388430476,0.005801622046726006,1.0328158682372453E-5,1.1864829096834472E-4,5.725384600119124E-5,1.0443093355938617E-5,0.00952466388888556,2.4155988323967917E-4,3.0015262624191298E-5,1.2280994798341496E-5,5.276332240643035E-5,9.805844293728818E-5,9.784086332700965E-5,3.457929182374084E-4,3.138298207019588E-4,0.006442764489164157,2.131582066103296E-5,3.5222665252483345E-5,0.0011329375014226518,5.963921421638495E-4,4.5520359297563345E-5,5.72411558597484E-5,0.009139599560157714,8.281621051608461E-5],[1.123108379254991E-5,1.0,1.9694990910280237E-4,4.558547040100372E-4,1.1964353532508831E-5,0.001544600347940235,1.5568400700576866E-5,1.0309094175056024E-4,5.1882849727316277E-5,6.312598552351359E-5,1.9811398589830142E-5,1.1291438951691458E-5,6.513628813837321E-5,0.0019722073438901084,9.896649571712035E-4,0.001966375856878476,3.245063055511968E-4,0.002687424071181592,1.1905182956729735E-5,1.199781971572296E-5,5.179578247407067E-5,0.030957416782989255,1.3390075274074943E-5,1.2609353016977352E-5,0.0011904394285448476,0.004492340933465522,0.012456743938457842,1.0975982925132082E-5,1.2587466131225403E-4,4.203677189472089E-5,1.1083355479321103E-5,0.00883421269975588,0.002192654865462224,4.3241386016834194E-5,1.0197994610052502E-4,7.314522894819905E-5,8.210790209420129E-4,4.812149202112859E-5,0.00140109366135259,2.9455075009027996E-4,0.004161336640787473,1.2616126379820587E-5,1.1978016126259351E-4,0.0012415175733294281,7.015640860382301E-4,1.7358276524299902E-4,1.590012238535815E-4,0.0025909150336049245,2.0967138552035151E-4],[4.878540347749692E-4,1.9694990910280237E-4,1.0,0.002070396454480407,1.5534358537918749E-4,0.010910073318467632,0.0013734862154269922,3.9671971704999243E-4,0.0014581368843283138,3.3840985354937367E-4,0.001511937118615776,5.163857141177227E-4,0.0015821649387457997,0.004752841554028067,0.0015013172782438753,0.002043743897366063,8.637341506064912E-4,0.0028570276314568016,0.0011089159795077271,6.03138498890337E-4,6.73637414150628E-4,0.022143277635887148,0.001565438714606236,0.00171916497781511,0.002577770786349733,0.0050808055746735074,0.005140075036045968,0.0014411675460645108,2.805639674091432E-4,0.0015319825912787745,8.69723706602158E-5,0.0041571674699765054,0.0020060307739171125,3.370534337057364E-4,2.990713149264909E-4,4.2324024456695823E-4,0.0012864282022521031,7.854680192128865E-4,0.0015016611262226491,7.842358715506682E-4,0.02324724766113661,9.642355046945845E-4,6.265574656709789E-4,0.0013429617593567564,0.0017421482918279544,3.872110619285184E-4,4.4358221533124E-4,0.005274061908981554,5.261834174333577E-4],[7.054704127715479E-4,4.558547040100372E-4,0.002070396454480407,1.0,9.37314860070422E-4,0.011183002145611774,0.0018267577549339886,0.001661652646622853,0.0010302847303670717,3.13326380462152E-4,3.755167474210307E-4,0.0016178844150151347,0.001263102789231548,0.011438011256736517,0.0019298233781069644,0.002167426185335499,0.0020948468408381934,0.003086276565636752,1.2373591148304083E-4,6.712608501727776E-4,0.001485355857434833,0.0311345349091833,9.691344787434862E-4,1.471113157993222E-4,0.0024307796785755045,0.005380030685600833,0.01191851652529101,7.540235324154949E-4,7.688933364032147E-4,2.9116207453538316E-4,0.0011741181096346488,0.006208988360991865,0.0022170575942323,0.0020207447982490984,0.0012452575129729912,0.0010278769279515238,0.0013440937013850895,0.001987474387367046,0.001567623579093211,8.876770077246323E-4,0.0035614852820073564,0.0014671646764757307,0.001289224158879819,0.002001906710764242,0.0020559767311271833,7.52480723744029E-4,0.002105666550802753,0.004117464260272414,0.0016567067136122916],[1.5162245704748128E-5,1.1964353532508831E-5,1.5534358537918749E-4,9.37314860070422E-4,1.0,8.382820946709669E-4,1.6441685925530873E-5,1.2058510709699898E-4,1.4075292656366692E-4,1.848443408994616E-4,6.334730182578938E-5,1.2829664917537366E-5,3.43648421948587E-5,0.01086054032843671,7.34889247648594E-4,6.134976279301727E-5,3.525250566658761E-5,9.591110535200491E-5,1.230409477770274E-5,1.3912291907066947E-5,3.4476479109957805E-4,0.011348092634458283,1.4424324754718037E-5,1.528411734991782E-5,5.1952973143881E-4,0.009823584671805788,0.014752145982398907,1.5180976882939938E-5,5.252526139785391E-5,1.7849439957283488E-4,1.0931611168228872E-5,0.008824378695740643,3.182031841347744E-4,5.007244976077565E-5,2.3279234090680507E-5,1.0069525836632621E-4,3.5968074098027575E-4,4.539186923296701E-5,0.0011726831860217179,3.602897886714765E-4,0.02612626205047196,1.876990455111057E-5,1.1535777386494397E-4,5.981934472677461E-4,0.0010705960530200589,7.161744653805824E-5,1.3867794504600546E-4,0.008417455048945482,3.193618526793779E-4],[0.0023608814405752278,0.001544600347940235,0.010910073318467632,0.011183002145611774,8.382820946709669E-4,1.0,0.008791070205598819,0.011409582334889475,0.007544796338149855,0.003469165038602569,0.007829275585273517,0.0018302282740784654,5.718776274090643E-4,0.013138866213906659,0.00994207134115978,0.006509330761112153,0.002232359882297172,0.007287222700223899,0.00683211545985188,0.007586487458212866,0.0038511468208894013,0.02968718558151044,0.0013570704152850747,0.0017803925282803606,0.008164510338712617,0.01838394352840901,0.014683368787169018,0.003131557172370854,0.006741392090681935,0.007759719340888385,5.190727151142825E-4,0.011419286513152944,0.00801252962229928,0.0027882094927992197,0.007808667290538266,0.0013691187418250496,0.0012885605169834216,0.010206155894015193,0.009170884430069949,0.0076057031793957145,0.012315246950470574,0.007222024336349456,0.002874415702099993,0.002119267125291946,0.008028165256878076,0.010571411057956758,6.787539155460851E-4,0.011318191394006187,0.0027247316587861005],[1.352718037114813E-5,1.5568400700576866E-5,0.0013734862154269922,0.0018267577549339886,1.6441685925530873E-5,0.008791070205598819,1.0,7.768745011045476E-5,1.4710499368583192E-4,1.532958582434722E-4,6.170834033211214E-5,1.4599290466736264E-5,3.5785164521374724E-5,9.523956760611991E-4,4.4225983656813635E-4,0.0010045956377944902,6.724232016765399E-5,0.0015086836263011804,1.3196765003301502E-5,1.4311283589811294E-5,2.8995430669549933E-4,0.018448679183450802,1.4882844215668544E-5,1.6026233647389334E-5,8.852467744623695E-4,0.01214266873959772,0.007696508928991792,1.5085759344379583E-5,1.2247013931687153E-4,1.6875720342053376E-4,1.4247525559490307E-5,0.0024034335625330206,1.1861678584089418E-4,3.249702043159225E-5,7.007500953355943E-5,6.963325962400516E-5,2.1720729098023675E-4,1.8365946238407224E-4,3.8282582004684374E-4,1.621503552773958E-4,0.022170126720349126,2.7203056799871806E-5,1.191238926059971E-4,0.0010686931842348309,3.9265715331264923E-4,1.8009082844863358E-4,1.3078241543537774E-4,0.010441100514805906,2.0868380707009968E-5],[7.564628966661986E-5,1.0309094175056024E-4,3.9671971704999243E-4,0.001661652646622853,1.2058510709699898E-4,0.011409582334889475,7.768745011045476E-5,1.0,1.5606893188739208E-4,1.7694814165879514E-4,1.6839423057600419E-4,3.4280334872000264E-5,1.6706021887786116E-4,0.010104349317245784,3.9614633843544655E-4,0.001517663074178184,2.5028924180767875E-4,0.003127984884001047,1.6552502033691065E-4,1.0845752093163345E-4,4.655350493655848E-4,0.01450711740793107,6.30232900762212E-5,9.121238756440244E-5,0.002372968585061032,0.017004146952441786,0.0037344246632255995,3.823461894267227E-5,1.6936009470605172E-4,1.965633670762655E-4,2.9950211650189775E-5,0.00690554059725891,0.0017110533019187373,1.1375921139819911E-4,1.0834941980139108E-4,1.4307117668138796E-4,3.8434946281585E-4,2.150180509145872E-4,0.0011817119031923276,2.0832515694627378E-4,0.02409437474805399,1.239300641694281E-4,1.2775767228609853E-4,0.0011700407880306577,4.600382117254194E-4,3.0202881008234894E-4,1.7584454092132716E-4,0.006505843518580345,3.106766433060336E-4],[9.194804466388669E-5,5.1882849727316277E-5,0.0014581368843283138,0.0010302847303670717,1.4075292656366692E-4,0.007544796338149855,1.4710499368583192E-4,1.5606893188739208E-4,1.0,1.6866846044157215E-4,1.551390836705319E-4,5.4300143883084204E-5,1.4631900359952788E-4,0.0055647714367216715,3.415422228407928E-4,8.859651757906427E-4,3.4292699351158357E-4,0.0024319407781529735,7.128029697373894E-5,3.227998501350127E-5,4.012423023569191E-4,0.0033092850041028625,8.858959511064631E-5,5.588779698357435E-5,3.685589192479179E-4,0.02485434583607871,0.004829235123769551,5.762179782023578E-5,1.574481602590395E-4,2.2276658888036217E-4,9.059736286885241E-5,0.005743764969218214,5.307908383684842E-4,1.297248695378867E-4,1.191770376386209E-4,1.5356011956481238E-4,7.197379438598046E-4,2.2879263609081963E-4,2.457496938815413E-4,3.8686416005475287E-4,0.009647271519656319,1.1740074868909886E-4,1.4930082272063E-4,4.976641935903959E-4,8.142287805568834E-4,1.6672645606978642E-4,1.5882065772538625E-4,0.002203670694346133,1.7238319343664628E-4],[1.9215315895069506E-4,6.312598552351359E-5,3.3840985354937367E-4,3.13326380462152E-4,1.848443408994616E-4,0.003469165038602569,1.532958582434722E-4,1.7694814165879514E-4,1.6866846044157215E-4,1.0,1.6203182320606655E-4,4.301160147385538E-5,1.600981811213751E-4,0.008361075234763857,3.258670426447154E-4,6.651310271457449E-4,2.9488619977502775E-4,2.542818710451182E-4,1.3931424576994535E-5,1.6619355056161501E-4,6.360708234375128E-4,0.013363269026406053,1.5954066387585252E-4,9.218229139594655E-5,9.937569583502476E-4,0.0016682446340400034,0.014683575165534325,7.806437526528098E-5,1.8171109834664196E-4,2.321715603320105E-4,1.7266938073456155E-4,0.010186203851861956,9.47580078230995E-4,8.232261363815361E-5,1.9672730150655874E-4,1.852406348755634E-4,7.56883276085571E-4,2.1446552516308527E-4,0.0010052921044780539,3.275739791872828E-4,0.020320459545728448,1.2985877009263257E-4,1.6078299714906058E-4,4.159023746891614E-4,3.1240166555242146E-4,3.050576731662972E-4,2.0635093081497393E-4,0.006609772610800039,3.0554761281454464E-4],[9.766895405160042E-5,1.9811398589830142E-5,0.001511937118615776,3.755167474210307E-4,6.334730182578938E-5,0.007829275585273517,6.170834033211214E-5,1.6839423057600419E-4,1.551390836705319E-4,1.6203182320606655E-4,1.0,1.5407770668066832E-5,1.3666567103966373E-4,0.00736780339567994,9.70103605051192E-4,0.0021147325230361567,2.3531735942718094E-4,0.0010229977457694374,3.175296353037959E-5,2.428271740127506E-5,3.9873294108881284E-4,0.021412053561744315,8.202980957767466E-5,6.83230719041732E-5,0.0025930755881319193,0.003180965368004892,0.003301270241666479,2.279198764011931E-5,1.550140033017889E-4,1.8490168034710546E-4,3.418624805414432E-5,0.006374543240907223,0.0016173467941293952,8.425237854381553E-5,1.406563386174439E-4,1.2322064715521494E-4,3.459035877628687E-4,1.9236246876694506E-4,3.806451628930423E-4,1.671366343152691E-4,0.017667357021383102,9.32203971504879E-5,1.4865470209743823E-4,5.955993211370195E-4,8.703364747734896E-4,3.0239193534202166E-4,1.6313493319897453E-4,0.009333211381362687,2.9143456349226416E-4],[1.0926093918055294E-5,1.1291438951691458E-5,5.163857141177227E-4,0.0016178844150151347,1.2829664917537366E-5,0.0018302282740784654,1.4599290466736264E-5,3.4280334872000264E-5,5.4300143883084204E-5,4.301160147385538E-5,1.5407770668066832E-5,1.0,6.185473512820726E-5,0.001619404593314859,3.1453122204925073E-4,6.060500628910184E-4,1.986972443085012E-4,0.0011735374255495386,1.1196722170939576E-5,1.1429943593680344E-5,6.146422144870067E-4,0.009241384503139893,1.215473956681947E-5,1.3399327457158159E-5,0.0016042080063019687,0.002748049820004368,0.0060931254797918395,1.0517510394739466E-5,1.1566301110530967E-4,2.5280466229185854E-4,1.079808308069246E-5,0.0038506823450143416,3.1392127817620456E-4,3.4270730528616124E-5,1.5555749429349988E-5,4.130896178621533E-5,6.529591536010296E-4,1.9910287920329114E-4,0.0010276177713767795,1.0387206898158176E-4,0.019078775889100667,2.2544217131709734E-5,8.24875926972049E-5,3.2811705045616366E-4,0.0012635976152845121,3.170947784919563E-4,7.673473959361351E-5,0.00930324169892178,7.04387613994321E-5],[8.890933247582752E-5,6.513628813837321E-5,0.0015821649387457997,0.001263102789231548,3.43648421948587E-5,5.718776274090643E-4,3.5785164521374724E-5,1.6706021887786116E-4,1.4631900359952788E-4,1.600981811213751E-4,1.3666567103966373E-4,6.185473512820726E-5,1.0,0.007910843373992105,7.562421136989572E-4,8.808651424255699E-4,1.5337391764366038E-4,0.00222617863089326,7.633058499736989E-5,4.7560830080380244E-5,5.518723218566696E-4,0.0234661517491503,7.651250431896761E-5,1.234276631910681E-4,0.002039653568935918,0.0133496414103071,0.011084626869270897,5.4158169296746976E-5,1.4849987832870742E-4,1.60508896661798E-4,2.6043109864028568E-5,0.004343101600691167,9.646050625330981E-4,7.450264127320832E-5,1.3060408567518855E-4,1.0268868881513689E-4,9.800818538828813E-4,2.228906849267624E-4,2.887903390740257E-4,5.283954542997316E-4,0.017808971862173117,8.663968780630964E-5,1.2318990456423024E-4,8.737130382464817E-4,0.0010742477977885277,2.4162907510110834E-4,1.5791112720565313E-4,0.0024169677426305407,2.1795419820452855E-4],[0.012041328812578096,0.0019722073438901084,0.004752841554028067,0.011438011256736517,0.01086054032843671,0.013138866213906659,9.523956760611991E-4,0.010104349317245784,0.0055647714367216715,0.008361075234763857,0.00736780339567994,0.001619404593314859,0.007910843373992105,1.0,0.012171087960867496,0.008014932746043767,9.202597403995324E-4,0.013360926316274144,0.004641958852590115,0.002071815583974232,0.011423044351420929,0.026863504257747,0.004187258953846001,0.008881913983864963,0.0038210272130368133,0.015029022112155397,0.013830703351970853,0.00142106404733073,0.008533513834732486,0.0015254414145537407,0.012594686376748104,0.011738774153923092,0.003460986670076389,0.008140178618892479,0.0074564370617622375,3.8102165031314003E-4,0.011427022693865752,0.007959137930726608,0.004632512939893933,0.0011294122550437372,0.02633908896240253,0.013379501014173293,0.011036492491869289,0.005788958242674553,0.012394073669793957,0.0052551561979758375,0.0076201501801923316,0.011684069906169435,0.01342054048095764],[6.633965315851819E-4,9.896649571712035E-4,0.0015013172782438753,0.0019298233781069644,7.34889247648594E-4,0.00994207134115978,4.4225983656813635E-4,3.9614633843544655E-4,3.415422228407928E-4,3.258670426447154E-4,9.70103605051192E-4,3.1453122204925073E-4,7.562421136989572E-4,0.012171087960867496,1.0,0.0022297980910195433,7.210355193072583E-4,0.0030211264531570447,3.091848020923476E-4,9.113411734217583E-4,9.329735089712001E-4,0.008489173247139001,6.716895710248921E-4,1.1275694665845043E-4,0.0020464512048624464,0.001976277319700113,0.004443370289833608,3.6444527045825716E-4,3.9710494132914046E-4,7.807823293073032E-4,2.668668872678833E-4,0.001623436428883272,0.0017017062408815498,4.043624908481152E-4,6.808353614361611E-4,1.3191055535070135E-4,0.001014585375204706,5.16694566310707E-4,0.0012888017502422763,9.390020446613926E-4,0.002541944490623645,8.865203807527899E-4,7.538777457415244E-4,0.0011058407498726725,0.001175636587813599,7.991873146704588E-4,8.741656668985972E-4,0.010027324817027509,8.999095919032277E-4],[0.0010932269486637212,0.001966375856878476,0.002043743897366063,0.002167426185335499,6.134976279301727E-5,0.006509330761112153,0.0010045956377944902,0.001517663074178184,8.859651757906427E-4,6.651310271457449E-4,0.0021147325230361567,6.060500628910184E-4,8.808651424255699E-4,0.008014932746043767,0.0022297980910195433,1.0,3.7302575704395945E-4,0.0023032654468134583,2.6358637505483024E-4,3.249941151808264E-4,7.217675042213122E-4,0.018977006074294613,3.7457927877688726E-4,0.0021294610667931192,0.002270047616196277,0.0022463609483206266,0.0077936031548725415,0.002049750267759207,0.0018446058789180597,0.001164171260478308,4.243412458353165E-4,0.0027800849457445256,0.0022383524816521677,0.001374709584209326,0.0010647180514786574,1.7544340351967742E-4,0.0013615277141004283,0.0021206571205712155,0.0018812364999779866,9.422759386181194E-4,0.010299889911912821,0.001599236678300518,0.0013975416423539298,0.001804872649079017,0.0016235048051339565,0.0016790483780139902,8.048277726848149E-4,0.003267060098997452,0.0020691678711193817],[3.3669388477822085E-4,3.245063055511968E-4,8.637341506064912E-4,0.0020948468408381934,3.525250566658761E-5,0.002232359882297172,6.724232016765399E-5,2.5028924180767875E-4,3.4292699351158357E-4,2.9488619977502775E-4,2.3531735942718094E-4,1.986972443085012E-4,1.5337391764366038E-4,9.202597403995324E-4,7.210355193072583E-4,3.7302575704395945E-4,1.0,0.0026860784928454604,1.3918450369472155E-4,1.3124429203720524E-4,4.74618275566771E-4,0.0034683801191381924,4.523989021461027E-5,3.218268876120411E-4,0.0013633232117619778,0.01507331472200603,0.008160309739536045,7.499905233417702E-5,2.070697019748849E-4,2.822190244972346E-4,4.296699418890961E-5,0.0013384577733236377,5.312970584365362E-4,2.3929201315451375E-4,1.693275095973361E-4,2.948114695940909E-4,4.501680726734039E-4,2.9428083972064833E-4,9.352592372580441E-4,3.9522160745409035E-4,0.010806589749008806,9.263896757674385E-5,3.261461249682121E-4,0.0010178794550980762,4.1393833581593835E-4,3.349653530912079E-4,2.318218005752169E-4,0.009851973207414991,3.5156762213457064E-4],[0.00250097909150511,0.002687424071181592,0.0028570276314568016,0.003086276565636752,9.591110535200491E-5,0.007287222700223899,0.0015086836263011804,0.003127984884001047,0.0024319407781529735,2.542818710451182E-4,0.0010229977457694374,0.0011735374255495386,0.00222617863089326,0.013360926316274144,0.0030211264531570447,0.0023032654468134583,0.0026860784928454604,1.0,0.0027497208414133936,2.792749640789558E-4,0.002966385865304965,0.006149382656958621,3.2960922551060283E-4,6.378163091879212E-5,0.003174491281216986,0.023311282841017907,0.008392732193057558,0.0013382530839143505,0.0018787153423391399,2.719039807108587E-4,0.0018078086631690001,0.003714289656739518,0.003114558007747759,0.0016722329558649558,3.5937774276573864E-4,4.5399509350839494E-4,0.0012903049284833344,0.0019068927413684524,0.002416375998400055,0.001054864460129873,0.00817398403517479,0.0026445905014745963,0.0021551417437422893,0.0017336329536035253,0.0018057990127559992,0.002249027342274185,6.21270242099146E-4,0.006873420702787145,0.001462784645494361],[1.0583325654323163E-5,1.1905182956729735E-5,0.0011089159795077271,1.2373591148304083E-4,1.230409477770274E-5,0.00683211545985188,1.3196765003301502E-5,1.6552502033691065E-4,7.128029697373894E-5,1.3931424576994535E-5,3.175296353037959E-5,1.1196722170939576E-5,7.633058499736989E-5,0.004641958852590115,3.091848020923476E-4,2.6358637505483024E-4,1.3918450369472155E-4,0.0027497208414133936,1.0,1.1978834269263135E-5,6.472645796500142E-4,0.007038705315041585,1.2717042177392359E-5,1.2055833536606171E-5,0.002114694203738421,0.02383749909743611,0.014441994710030027,1.0926473806271713E-5,9.971423633076408E-5,7.072442631616155E-5,1.1138225980607623E-5,3.0109040770008355E-4,0.0011398352424234984,5.054111842766057E-5,2.0630316663810317E-5,4.822703435690995E-5,0.0010710921917352954,6.39715182762313E-5,4.951367368815338E-4,5.051812727914824E-4,0.01525321672858922,1.8878369303917394E-5,9.900890556861837E-5,1.174696191888697E-4,0.0010079500189543928,2.3157979926201696E-4,1.4319548317754977E-4,0.004164676371002654,5.509147379001794E-5],[1.0504405475787081E-5,1.199781971572296E-5,6.03138498890337E-4,6.712608501727776E-4,1.3912291907066947E-5,0.007586487458212866,1.4311283589811294E-5,1.0845752093163345E-4,3.227998501350127E-5,1.6619355056161501E-4,2.428271740127506E-5,1.1429943593680344E-5,4.7560830080380244E-5,0.002071815583974232,9.113411734217583E-4,3.249941151808264E-4,1.3124429203720524E-4,2.792749640789558E-4,1.1978834269263135E-5,1.0,5.731017238352116E-4,0.005759756091163564,1.2418568636904567E-5,1.30003603952107E-5,0.002587367896588554,0.018442728738874384,0.008994802364529259,1.184971677297831E-5,1.1690088039287916E-4,2.3293450307255314E-4,1.1670111434065665E-5,0.009121621499408364,0.0016193914313102774,1.6083833090957295E-5,6.041027078614634E-5,8.558856334062127E-5,0.001068409670302993,1.372127806404595E-4,0.001445739181940493,5.459264590759696E-5,0.004370108223046942,2.326720164207067E-5,1.1221308147272305E-4,0.001168662420379632,8.863428979221222E-4,2.906321370383993E-5,7.155650383043746E-5,0.006170401837210388,3.436738233651184E-4],[3.5410462257674206E-4,5.179578247407067E-5,6.73637414150628E-4,0.001485355857434833,3.4476479109957805E-4,0.0038511468208894013,2.8995430669549933E-4,4.655350493655848E-4,4.012423023569191E-4,6.360708234375128E-4,3.9873294108881284E-4,6.146422144870067E-4,5.518723218566696E-4,0.011423044351420929,9.329735089712001E-4,7.217675042213122E-4,4.74618275566771E-4,0.002966385865304965,6.472645796500142E-4,5.731017238352116E-4,1.0,0.02805389463129905,5.824521963257349E-5,2.521031576090665E-4,0.002677131904764503,0.020100721248076794,0.00712703352829519,1.8531199728957548E-4,3.568660516698534E-4,3.705401917227648E-4,3.2467243713058805E-4,0.0032569521577077267,0.0018228008410574345,3.7686000847891583E-4,4.99193979637719E-4,2.799184004704965E-4,8.560976835362059E-4,3.839349175458343E-4,0.0014487808608761353,5.574710217651403E-4,0.01958051890235573,6.672545758613476E-5,5.929450335380894E-4,9.121858566119938E-4,0.0011211214121089222,5.163804126889663E-4,4.945747212968303E-4,0.0026741419570145922,6.222849852344787E-4],[0.021193097994414482,0.030957416782989255,0.022143277635887148,0.0311345349091833,0.011348092634458283,0.02968718558151044,0.018448679183450802,0.01450711740793107,0.0033092850041028625,0.013363269026406053,0.021412053561744315,0.009241384503139893,0.0234661517491503,0.026863504257747,0.008489173247139001,0.018977006074294613,0.0034683801191381924,0.006149382656958621,0.007038705315041585,0.005759756091163564,0.02805389463129905,1.0,0.0075567267171344965,0.024831039970695953,0.015224396249335775,0.028689432012760845,0.030534493569304218,0.005797751566923219,0.018733219760965023,0.004625684319457923,0.02553834899037553,0.017001282652503193,0.030656993236603623,0.021698685619481215,0.013177545597883164,0.02300667621398257,0.008033761454133209,0.02879788640966789,0.0016047865782974023,0.018903693333809014,0.02857798789880705,0.018156768124235848,0.03015720472149599,0.012194964678036426,0.0025814074667413946,0.015415089917643945,0.014899776422613626,0.03174395488204336,0.0011055563470670736],[1.3785901290279498E-5,1.3390075274074943E-5,0.001565438714606236,9.691344787434862E-4,1.4424324754718037E-5,0.0013570704152850747,1.4882844215668544E-5,6.30232900762212E-5,8.858959511064631E-5,1.5954066387585252E-4,8.202980957767466E-5,1.215473956681947E-5,7.651250431896761E-5,0.004187258953846001,6.716895710248921E-4,3.7457927877688726E-4,4.523989021461027E-5,3.2960922551060283E-4,1.2717042177392359E-5,1.2418568636904567E-5,5.824521963257349E-5,0.0075567267171344965,1.0,1.3815783019433026E-5,8.372732008757344E-4,0.0163374358315447,0.0018404394789401663,1.1854268957122036E-5,1.6768909043052404E-4,2.0845054634031148E-4,1.2288862735037092E-5,0.0052184013644464905,5.441359980370674E-4,6.998019757735024E-5,2.7068573358897096E-5,7.839477704066473E-5,0.0010271144632451486,7.761878048226698E-5,4.2658424939101433E-4,1.4427744484217997E-4,0.008333870221722167,1.726831581303447E-5,1.0057656172611057E-4,7.415495184810397E-4,1.8656469633584273E-4,1.7884166892026803E-4,7.726319243324364E-5,0.005210157221115117,1.0748623706188745E-4],[1.209797796738755E-5,1.2609353016977352E-5,0.00171916497781511,1.471113157993222E-4,1.528411734991782E-5,0.0017803925282803606,1.6026233647389334E-5,9.121238756440244E-5,5.588779698357435E-5,9.218229139594655E-5,6.83230719041732E-5,1.3399327457158159E-5,1.234276631910681E-4,0.008881913983864963,1.1275694665845043E-4,0.0021294610667931192,3.218268876120411E-4,6.378163091879212E-5,1.2055833536606171E-5,1.30003603952107E-5,2.521031576090665E-4,0.024831039970695953,1.3815783019433026E-5,1.0,7.361568559341192E-4,0.012495449848552213,0.0057937842825737385,1.0516200333750034E-5,1.1988997613547912E-4,4.682259591279616E-5,1.1701483634747395E-5,0.01039613775075316,0.0012973686207272664,4.356615351655313E-5,5.119949913438031E-5,8.787981991939154E-5,7.324671997948292E-5,2.169307603701524E-4,9.194212735124708E-4,1.6938323247008065E-5,0.023262485409691388,1.71535887013174E-5,5.598806142695437E-5,0.0010574863645133887,4.203298625184003E-5,1.862620717611188E-4,8.134888749091997E-5,0.010767171456743984,1.9971942205647117E-5],[0.0025688571665273474,0.0011904394285448476,0.002577770786349733,0.0024307796785755045,5.1952973143881E-4,0.008164510338712617,8.852467744623695E-4,0.002372968585061032,3.685589192479179E-4,9.937569583502476E-4,0.0025930755881319193,0.0016042080063019687,0.002039653568935918,0.0038210272130368133,0.0020464512048624464,0.002270047616196277,0.0013633232117619778,0.003174491281216986,0.002114694203738421,0.002587367896588554,0.002677131904764503,0.015224396249335775,8.372732008757344E-4,7.361568559341192E-4,1.0,0.018221546653115074,0.011951685496772075,0.0021710906356526413,0.0017591246255944755,4.6157154871591854E-4,2.7378646023750824E-4,0.008782561810665463,0.002638151902339948,0.0017755013017100314,7.704816093818201E-4,0.0011141263454234474,0.0015584297737152907,7.700040416616896E-4,0.0026876096175968258,0.0015196506880994682,0.016054725992495633,0.001409817636317559,0.0019481193826228357,0.0024743023263058875,0.0017557312079755963,6.60771974111898E-4,0.001868276372177099,0.005509285025019013,0.0015211470780604362],[0.0030629675388430476,0.004492340933465522,0.0050808055746735074,0.005380030685600833,0.009823584671805788,0.01838394352840901,0.01214266873959772,0.017004146952441786,0.02485434583607871,0.0016682446340400034,0.003180965368004892,0.002748049820004368,0.0133496414103071,0.015029022112155397,0.001976277319700113,0.0022463609483206266,0.01507331472200603,0.023311282841017907,0.02383749909743611,0.018442728738874384,0.020100721248076794,0.028689432012760845,0.0163374358315447,0.012495449848552213,0.018221546653115074,1.0,0.016946860889383682,0.012845492632464841,0.009724823715792485,0.01062276439440908,0.0026113964247612056,0.013116772529257607,0.013063846695111703,0.009787141346396312,0.018477430163410028,0.0025001468725219934,0.022308094163339294,0.01882340606219554,0.022989045543401896,0.005907329163261233,0.02714032373905115,0.007570984882394229,0.023230751723782205,0.007348670935862538,0.01777126657770168,0.01516568902303875,0.014442359220057481,0.015133958046180103,0.005005831227339801],[0.005801622046726006,0.012456743938457842,0.005140075036045968,0.01191851652529101,0.014752145982398907,0.014683368787169018,0.007696508928991792,0.0037344246632255995,0.004829235123769551,0.014683575165534325,0.003301270241666479,0.0060931254797918395,0.011084626869270897,0.013830703351970853,0.004443370289833608,0.0077936031548725415,0.008160309739536045,0.008392732193057558,0.014441994710030027,0.008994802364529259,0.00712703352829519,0.030534493569304218,0.0018404394789401663,0.0057937842825737385,0.011951685496772075,0.016946860889383682,1.0,0.006605625217831563,0.004907290987091758,0.0036342132176271015,0.005891693465956939,0.012735892450228357,0.008274424039131449,0.00850806793767915,0.011756146835284092,0.007756130532276752,0.002099561870733757,8.465724479537872E-4,0.003765283639496298,0.009864252769620854,0.026546532827563175,8.692516375374304E-4,0.008478664570017974,0.009016962246769246,0.009332683844171005,0.0028696763497865264,0.004628728802064412,0.011724377778865716,0.012257925229853996],[1.0328158682372453E-5,1.0975982925132082E-5,0.0014411675460645108,7.540235324154949E-4,1.5180976882939938E-5,0.003131557172370854,1.5085759344379583E-5,3.823461894267227E-5,5.762179782023578E-5,7.806437526528098E-5,2.279198764011931E-5,1.0517510394739466E-5,5.4158169296746976E-5,0.00142106404733073,3.6444527045825716E-4,0.002049750267759207,7.499905233417702E-5,0.0013382530839143505,1.0926473806271713E-5,1.184971677297831E-5,1.8531199728957548E-4,0.005797751566923219,1.1854268957122036E-5,1.0516200333750034E-5,0.0021710906356526413,0.012845492632464841,0.006605625217831563,1.0,1.5092159872353929E-5,2.0324523238439784E-4,1.0430322606728386E-5,0.011063912957750674,0.0019001153876382825,3.948651330763111E-5,9.485008755879199E-5,2.1641258307279556E-5,7.477084362893864E-4,1.1025228993599425E-4,0.0011294057830534526,4.357992625441107E-4,0.011250883598304518,2.294461698238114E-5,4.20260776074253E-5,0.001229226637070125,6.46086518916276E-4,5.687146424753505E-5,1.5079511566499062E-4,0.005871744667335236,1.747582691544589E-4],[1.1864829096834472E-4,1.2587466131225403E-4,2.805639674091432E-4,7.688933364032147E-4,5.252526139785391E-5,0.006741392090681935,1.2247013931687153E-4,1.6936009470605172E-4,1.574481602590395E-4,1.8171109834664196E-4,1.550140033017889E-4,1.1566301110530967E-4,1.4849987832870742E-4,0.008533513834732486,3.9710494132914046E-4,0.0018446058789180597,2.070697019748849E-4,0.0018787153423391399,9.971423633076408E-5,1.1690088039287916E-4,3.568660516698534E-4,0.018733219760965023,1.6768909043052404E-4,1.1988997613547912E-4,0.0017591246255944755,0.009724823715792485,0.004907290987091758,1.5092159872353929E-5,1.0,2.0316690347347484E-4,2.8995055465395497E-5,0.0060401904606369105,0.001894049665386906,1.0537932025594959E-4,1.3621602335687317E-4,1.4283699944208072E-4,2.779041869050108E-4,1.8469787197051646E-4,0.0012141020362895591,5.017381770795053E-4,9.947009876201068E-4,1.2307605938798787E-4,1.646937502892964E-4,7.753502166938892E-4,0.0013058833635951192,2.498025124526587E-4,1.68749956582403E-4,0.004278153487469726,2.6500467496312624E-4],[5.725384600119124E-5,4.203677189472089E-5,0.0015319825912787745,2.9116207453538316E-4,1.7849439957283488E-4,0.007759719340888385,1.6875720342053376E-4,1.965633670762655E-4,2.2276658888036217E-4,2.321715603320105E-4,1.8490168034710546E-4,2.5280466229185854E-4,1.60508896661798E-4,0.0015254414145537407,7.807823293073032E-4,0.001164171260478308,2.822190244972346E-4,2.719039807108587E-4,7.072442631616155E-5,2.3293450307255314E-4,3.705401917227648E-4,0.004625684319457923,2.0845054634031148E-4,4.682259591279616E-5,4.6157154871591854E-4,0.01062276439440908,0.0036342132176271015,2.0324523238439784E-4,2.0316690347347484E-4,1.0,1.0764070662064145E-4,0.005365153751671776,0.001524077142342321,2.2030202881586302E-4,2.4844547230837164E-4,1.2889666692052218E-4,5.215950548998475E-4,2.4626080788521217E-4,6.4405780177868E-4,3.265639154669405E-4,0.025098489762540758,6.610221989709111E-5,1.8276300441039995E-4,0.001048974534431505,5.423344136625484E-4,3.003166192214012E-4,1.9924168201315766E-4,0.009957876422301956,2.67266413917894E-4],[1.0443093355938617E-5,1.1083355479321103E-5,8.69723706602158E-5,0.0011741181096346488,1.0931611168228872E-5,5.190727151142825E-4,1.4247525559490307E-5,2.9950211650189775E-5,9.059736286885241E-5,1.7266938073456155E-4,3.418624805414432E-5,1.079808308069246E-5,2.6043109864028568E-5,0.012594686376748104,2.668668872678833E-4,4.243412458353165E-4,4.296699418890961E-5,0.0018078086631690001,1.1138225980607623E-5,1.1670111434065665E-5,3.2467243713058805E-4,0.02553834899037553,1.2288862735037092E-5,1.1701483634747395E-5,2.7378646023750824E-4,0.0026113964247612056,0.005891693465956939,1.0430322606728386E-5,2.8995055465395497E-5,1.0764070662064145E-4,1.0,0.004840757647049597,0.0017975429553737188,4.525037649429911E-5,7.84664377822725E-5,2.2336643743598163E-5,1.4722091694292587E-4,1.12430776706783E-4,9.492855707252767E-4,6.672291439373386E-5,0.02403757879452567,2.639671614658946E-5,8.574846601548664E-5,0.0010561849793183204,3.0984804260513247E-4,4.23550716517245E-5,9.834087395938614E-5,9.637340125544459E-4,1.5738203524706078E-5],[0.00952466388888556,0.00883421269975588,0.0041571674699765054,0.006208988360991865,0.008824378695740643,0.011419286513152944,0.0024034335625330206,0.00690554059725891,0.005743764969218214,0.010186203851861956,0.006374543240907223,0.0038506823450143416,0.004343101600691167,0.011738774153923092,0.001623436428883272,0.0027800849457445256,0.0013384577733236377,0.003714289656739518,3.0109040770008355E-4,0.009121621499408364,0.0032569521577077267,0.017001282652503193,0.0052184013644464905,0.01039613775075316,0.008782561810665463,0.013116772529257607,0.012735892450228357,0.011063912957750674,0.0060401904606369105,0.005365153751671776,0.004840757647049597,1.0,0.009537460035339191,0.00539097533465035,0.00200462499144638,0.00624102232173755,0.011141926641144747,0.007081189767680859,0.008890185199958569,0.008487069063948926,0.020512138451019762,0.004421064398926677,0.0018976119006668898,0.007901787037409718,0.0069809571803733225,0.006622942109327872,7.437314409905173E-4,0.011235955056179775,0.009721238722950774],[2.4155988323967917E-4,0.002192654865462224,0.0020060307739171125,0.0022170575942323,3.182031841347744E-4,0.00801252962229928,1.1861678584089418E-4,0.0017110533019187373,5.307908383684842E-4,9.47580078230995E-4,0.0016173467941293952,3.1392127817620456E-4,9.646050625330981E-4,0.003460986670076389,0.0017017062408815498,0.0022383524816521677,5.312970584365362E-4,0.003114558007747759,0.0011398352424234984,0.0016193914313102774,0.0018228008410574345,0.030656993236603623,5.441359980370674E-4,0.0012973686207272664,0.002638151902339948,0.013063846695111703,0.008274424039131449,0.0019001153876382825,0.001894049665386906,0.001524077142342321,0.0017975429553737188,0.009537460035339191,1.0,0.00135125987355003,1.2697082831931398E-4,0.0018896295318469344,0.001429159681090928,6.840605714147828E-4,0.001879331712952445,0.0010006792754523048,0.003056739432845495,0.0017318903874755907,4.13897746964214E-4,0.0017926321552109137,0.0017199915299468938,0.0018728822066897191,8.198054738981039E-4,0.007316036277154752,0.0015266919609452324],[3.0015262624191298E-5,4.3241386016834194E-5,3.370534337057364E-4,0.0020207447982490984,5.007244976077565E-5,0.0027882094927992197,3.249702043159225E-5,1.1375921139819911E-4,1.297248695378867E-4,8.232261363815361E-5,8.425237854381553E-5,3.4270730528616124E-5,7.450264127320832E-5,0.008140178618892479,4.043624908481152E-4,0.001374709584209326,2.3929201315451375E-4,0.0016722329558649558,5.054111842766057E-5,1.6083833090957295E-5,3.7686000847891583E-4,0.021698685619481215,6.998019757735024E-5,4.356615351655313E-5,0.0017755013017100314,0.009787141346396312,0.00850806793767915,3.948651330763111E-5,1.0537932025594959E-4,2.2030202881586302E-4,4.525037649429911E-5,0.00539097533465035,0.00135125987355003,1.0,1.0320524827395372E-4,9.546252592772116E-5,9.799948630238127E-4,2.2523750131144804E-4,0.0010975294858061955,9.81070510941375E-5,0.016878249347071862,4.504776924284368E-5,7.575671210222241E-5,3.194195650674822E-4,0.0012512638004318073,7.874754892024938E-5,1.3576567850930238E-4,0.007957492869048448,2.351720868302234E-4],[1.2280994798341496E-5,1.0197994610052502E-4,2.990713149264909E-4,0.0012452575129729912,2.3279234090680507E-5,0.007808667290538266,7.007500953355943E-5,1.0834941980139108E-4,1.191770376386209E-4,1.9672730150655874E-4,1.406563386174439E-4,1.5555749429349988E-5,1.3060408567518855E-4,0.0074564370617622375,6.808353614361611E-4,0.0010647180514786574,1.693275095973361E-4,3.5937774276573864E-4,2.0630316663810317E-5,6.041027078614634E-5,4.99193979637719E-4,0.013177545597883164,2.7068573358897096E-5,5.119949913438031E-5,7.704816093818201E-4,0.018477430163410028,0.011756146835284092,9.485008755879199E-5,1.3621602335687317E-4,2.4844547230837164E-4,7.84664377822725E-5,0.00200462499144638,1.2697082831931398E-4,1.0320524827395372E-4,1.0,1.0319778789519827E-4,5.294040498777355E-4,2.0082038347483136E-4,3.219621111487149E-4,1.2783521286293724E-4,0.01951721026965378,8.160708344310099E-5,1.1582320054323823E-4,7.944064004623046E-4,7.8561395864024E-4,2.939260360598976E-4,1.0702156382823901E-4,0.00853347077145807,1.555049563187926E-4],[5.276332240643035E-5,7.314522894819905E-5,4.2324024456695823E-4,0.0010278769279515238,1.0069525836632621E-4,0.0013691187418250496,6.963325962400516E-5,1.4307117668138796E-4,1.5356011956481238E-4,1.852406348755634E-4,1.2322064715521494E-4,4.130896178621533E-5,1.0268868881513689E-4,3.8102165031314003E-4,1.3191055535070135E-4,1.7544340351967742E-4,2.948114695940909E-4,4.5399509350839494E-4,4.822703435690995E-5,8.558856334062127E-5,2.799184004704965E-4,0.02300667621398257,7.839477704066473E-5,8.787981991939154E-5,0.0011141263454234474,0.0025001468725219934,0.007756130532276752,2.1641258307279556E-5,1.4283699944208072E-4,1.2889666692052218E-4,2.2336643743598163E-5,0.00624102232173755,0.0018896295318469344,9.546252592772116E-5,1.0319778789519827E-4,1.0,3.872636346282427E-4,1.0868039806599794E-4,3.709524392585851E-4,4.066941783174332E-4,0.003312269069104574,9.840427451625294E-5,1.1697306792733992E-4,0.001096609926889901,0.0013414937316319007,2.2357017597456104E-4,1.6522940532809907E-4,0.009154982846792276,2.1308420263536343E-4],[9.805844293728818E-5,8.210790209420129E-4,0.0012864282022521031,0.0013440937013850895,3.5968074098027575E-4,0.0012885605169834216,2.1720729098023675E-4,3.8434946281585E-4,7.197379438598046E-4,7.56883276085571E-4,3.459035877628687E-4,6.529591536010296E-4,9.800818538828813E-4,0.011427022693865752,0.001014585375204706,0.0013615277141004283,4.501680726734039E-4,0.0012903049284833344,0.0010710921917352954,0.001068409670302993,8.560976835362059E-4,0.008033761454133209,0.0010271144632451486,7.324671997948292E-5,0.0015584297737152907,0.022308094163339294,0.002099561870733757,7.477084362893864E-4,2.779041869050108E-4,5.215950548998475E-4,1.4722091694292587E-4,0.011141926641144747,0.001429159681090928,9.799948630238127E-4,5.294040498777355E-4,3.872636346282427E-4,1.0,5.324676848055754E-4,0.0011500453140725353,8.671518625342418E-4,0.01372822720516157,9.150218850258959E-4,8.059264203741516E-4,0.0012196990515659792,0.0012916890694818317,0.0010071407926790694,2.3572335684578607E-4,0.0015359849328284293,6.904347184796852E-4],[9.784086332700965E-5,4.812149202112859E-5,7.854680192128865E-4,0.001987474387367046,4.539186923296701E-5,0.010206155894015193,1.8365946238407224E-4,2.150180509145872E-4,2.2879263609081963E-4,2.1446552516308527E-4,1.9236246876694506E-4,1.9910287920329114E-4,2.228906849267624E-4,0.007959137930726608,5.16694566310707E-4,0.0021206571205712155,2.9428083972064833E-4,0.0019068927413684524,6.39715182762313E-5,1.372127806404595E-4,3.839349175458343E-4,0.02879788640966789,7.761878048226698E-5,2.169307603701524E-4,7.700040416616896E-4,0.01882340606219554,8.465724479537872E-4,1.1025228993599425E-4,1.8469787197051646E-4,2.4626080788521217E-4,1.12430776706783E-4,0.007081189767680859,6.840605714147828E-4,2.2523750131144804E-4,2.0082038347483136E-4,1.0868039806599794E-4,5.324676848055754E-4,1.0,5.84736320027642E-4,3.4724034649473467E-4,0.025119469564749593,1.4945321425683126E-4,1.6248922173733076E-4,7.071122988759549E-4,0.0012487554809591172,2.613088615415808E-4,1.8902077179571298E-4,0.011060629060223712,2.739473064987619E-4],[3.457929182374084E-4,0.00140109366135259,0.0015016611262226491,0.001567623579093211,0.0011726831860217179,0.009170884430069949,3.8282582004684374E-4,0.0011817119031923276,2.457496938815413E-4,0.0010052921044780539,3.806451628930423E-4,0.0010276177713767795,2.887903390740257E-4,0.004632512939893933,0.0012888017502422763,0.0018812364999779866,9.352592372580441E-4,0.002416375998400055,4.951367368815338E-4,0.001445739181940493,0.0014487808608761353,0.0016047865782974023,4.2658424939101433E-4,9.194212735124708E-4,0.0026876096175968258,0.022989045543401896,0.003765283639496298,0.0011294057830534526,0.0012141020362895591,6.4405780177868E-4,9.492855707252767E-4,0.008890185199958569,0.001879331712952445,0.0010975294858061955,3.219621111487149E-4,3.709524392585851E-4,0.0011500453140725353,5.84736320027642E-4,1.0,0.0010200140793157643,0.02223466135842943,6.684850340025226E-4,1.9413987724449224E-4,0.001414132252130489,0.00