[[1.0,0.0014929724506700516,1.823252511394421E-4,0.01925600655510792,0.012128480583141586,1.7215110843587356E-4,6.842270513378397E-4,2.2077786301512325E-4,5.031276898180833E-4,2.0546574664735297E-4,7.426369442912397E-4,5.434557990900237E-5,0.001912770327567135,1.7025414682038937E-4,0.0028654187444108127,0.0018249449310223248,1.6530244348434954E-4,1.8444200269723414E-4,1.9080211884834383E-4,0.0018080004543662464,1.1098526305564573E-4,0.08815183280778877,6.548032913484064E-4,0.006756308766262015,0.004897680809431309,0.05275000909725001,4.698938190378869E-4,1.4967250677917272E-4,2.0415379418731153E-4,1.2362106084671355E-4,0.030300084582385773,0.009342139165203715,2.9390763803784634E-4,0.002698340755932996,0.0017233174307050394,1.2586554525020866E-4,1.5657685414299964E-4,6.14817100915646E-5,4.632279439036938E-4,6.527069443777617E-4,2.445372391525493E-4,2.1400678605329695E-4,2.27858076104235E-4,7.855895605368791E-5,2.918099375178254E-4,2.2991629932537318E-4,3.051183791980368E-4,1.7249099709860347E-4,5.954997444689158E-4,0.0014884686656367573,4.7048907085304033E-4,0.0021023813634894676],[0.0014929724506700516,1.0,4.843493128697507E-4,0.019029865815668907,0.01676312356231404,0.001046916051987708,0.0020483490222503366,6.088836195373258E-4,0.002109855770909839,0.00196960285368744,0.0020710575835338188,0.00224752438397595,0.0027207098002432406,1.7147285349405726E-4,0.0027385171327779373,0.002202154506972424,0.0011351419890883749,0.0016895936919790137,4.333761186033909E-4,0.0037348259376552223,0.0010963274286994432,0.020016596775127675,0.0012725108722863258,0.00953606225498163,0.012212938929011468,0.06321322462185101,0.0016380791349777852,0.0014896690679464463,7.198249559979581E-4,0.0010518639490688523,0.019806716946246968,0.009877133553282812,0.0018816318007424308,0.0024425676198742796,0.003999285156839535,0.002120257036601054,9.113143567169832E-4,8.827486810084106E-4,0.0014341685848187414,0.0017623554083248945,0.0011097968984995778,0.0016843763489016628,0.001565463646467757,0.0010833178643542638,3.925404971761822E-4,0.0017791032980976871,0.004152438098629505,0.0021759619589410526,0.0013048556898880444,0.0028740714154057096,0.0020508133641320217,0.005074393365362371],[1.823252511394421E-4,4.843493128697507E-4,1.0,0.01114040422896134,0.008102623376854681,1.152785840217465E-4,2.737591006101913E-4,2.0412310953126672E-4,6.693127174786885E-4,2.9200159066618964E-4,0.0010540585212272108,8.87988503616245E-5,0.0014383685257352745,1.187686475948259E-4,7.533317583241849E-4,0.001871906643854197,9.836819886169826E-5,1.3688672311818167E-4,1.7016577712837227E-4,0.003981117058076371,8.509268987249614E-5,0.026431825801462392,3.0273050820452536E-4,0.006719529509005051,0.02162887083443264,0.04633757066829215,1.845966737634169E-4,1.5832542209984527E-4,1.6147326830488306E-4,1.257754763160171E-4,0.02443535931417901,0.006386590323245474,3.260268142795165E-4,0.00254030396157836,5.678240686089438E-4,1.5001796910443305E-4,1.248846694136601E-4,4.540398866689873E-5,3.741399917574755E-4,3.5191488513673685E-4,2.5006946300598713E-4,0.0011089392497577297,1.6650825216437927E-4,1.3151748937306466E-4,2.722924676801115E-4,2.5632795676919863E-4,0.003475133580164609,1.3120515462544498E-4,3.304994811560556E-4,7.336521020763524E-4,3.731522731812484E-4,0.0015617338245159586],[0.01925600655510792,0.019029865815668907,0.01114040422896134,1.0,0.022957158068133175,0.005455741295976359,0.015672533004750116,0.008526566216531382,0.022236489827354364,0.005093366921785037,0.005025937337089862,0.012620993279847361,0.004563817142698291,0.020892854563913744,0.0210045809020721,0.020294335152512236,0.0016698366685958016,0.009435861687597536,0.010261608424720698,0.005349931045571772,0.0018508157937396,0.029075873319653597,0.003855302372289107,0.014284773510020565,0.02560722763374923,0.04817086724373858,0.007368221985738867,0.0012707011528292845,0.021901473321824017,0.009995598446322201,0.036059083862878254,0.015241458226154334,0.012510728659400866,0.017569904884989728,0.015394909240888873,0.018100774617192783,0.014689003839646664,0.015394890266841307,0.011905879781660501,0.007959906444262636,0.023000908809264097,0.01594808960595723,0.006904897864767852,0.02104289956322647,0.0034151041489525616,0.008113908114315104,0.01028250053172817,0.0033005408367923253,0.02116030463758866,0.011713850281025215,0.00737890979484337,0.019975313007084945],[0.012128480583141586,0.01676312356231404,0.008102623376854681,0.022957158068133175,1.0,6.697932377690327E-4,0.017181946511302823,0.005195230539927077,0.0032941675402402473,0.008797487802945,0.019457947897047807,0.018677698137239733,0.010798737357540212,0.011649717534959074,0.006052030069896403,0.019670693631156914,0.01893360074175928,0.0034731052368567297,0.013172136027756225,0.01717017462300241,0.01820631663693511,0.05135964297367017,0.014202529938740688,0.019714872036964034,0.021697237674165985,0.08848034576041172,0.0010678538181142232,0.0010298938149813806,0.011351162965181962,0.011834112009415162,0.024031845258097963,0.013848616561344406,0.012109355217911079,0.019455267293307276,0.013138328275860249,0.009568700098522946,0.0023662143500811617,0.014923799729689264,0.008063757992819678,0.010973021335577766,0.007622063450908874,0.016055535914402556,0.01628286739762488,0.016765691269690786,0.01707533939108895,0.01345085353161561,0.020121682537536503,0.007139289638880192,0.016476871081006893,0.004827583027585446,0.008243128093384264,0.01877308872213919],[1.7215110843587356E-4,0.001046916051987708,1.152785840217465E-4,0.005455741295976359,6.697932377690327E-4,1.0,2.3330293750276984E-4,1.1856102754652956E-4,1.5720471399814328E-4,3.23954234666979E-4,0.0017170297692837822,5.477250453224754E-5,0.0015115260680025157,1.1565674984571709E-4,9.84684383833217E-4,3.032006382468881E-4,9.708040125031346E-5,1.0519576528558871E-4,1.263909380344857E-4,0.0012876184950495358,2.38766508281347E-5,0.07975593999081258,3.424539560382469E-4,0.012182001554355221,0.005717046578594308,0.017267022110080004,2.6643125205034313E-4,1.2097856344028485E-4,1.457096084319147E-4,1.0773131031697247E-4,0.022125783422820747,5.790969089931493E-4,2.93514639874145E-4,3.4348617887479524E-4,0.0031441637081669224,1.1357310075503476E-4,1.0282252109409422E-4,8.518627811229549E-5,8.396445825115703E-4,7.035990308816276E-4,1.7773603526656165E-4,7.605426624616271E-4,1.6741726492259452E-4,7.566344602964609E-5,1.1441620209764832E-4,2.6733086867771616E-4,0.0013430304179156232,1.0632313223039576E-4,2.023280031421868E-4,0.0016871858441523974,6.32531938609755E-4,0.006079481542415431],[6.842270513378397E-4,0.0020483490222503366,2.737591006101913E-4,0.015672533004750116,0.017181946511302823,2.3330293750276984E-4,1.0,0.0011317113133073164,0.001738459549120348,8.202226527729322E-4,0.0014193839295091044,0.0011009495785152003,0.0015069240546664788,9.485390987254552E-4,0.0019559311813749022,0.0015248094299479338,8.017100848682797E-4,1.8253453474298428E-4,0.0011639373575225524,0.003997456834314002,9.691709947714174E-5,0.04324811983011688,0.001116346166076321,0.003857843781046948,0.025052733371497066,0.07471954727770806,9.59002884172518E-4,0.0011572867995793185,4.5624435471393907E-4,8.356360112700632E-4,0.030686401001403747,0.00595759569884307,6.600958023419458E-4,0.0013874813040985533,0.003922929887985895,1.1604156664902686E-4,3.4666658349318967E-4,4.6427838732058087E-4,0.0011691617859023468,0.001272363728802431,6.517816955814539E-4,0.0012182593818110073,0.0011207482566023854,3.375412904479312E-4,5.471399146195332E-4,8.531288548889546E-4,0.009760034181613015,6.231166618425038E-4,0.0013024115177391114,0.0024482173271733916,0.0013637181497357647,0.005669462195101156],[2.2077786301512325E-4,6.088836195373258E-4,2.0412310953126672E-4,0.008526566216531382,0.005195230539927077,1.1856102754652956E-4,0.0011317113133073164,1.0,7.755971622900428E-4,2.7066373915248556E-4,6.546341307096067E-4,2.7414934168669485E-5,3.6950369874497787E-4,2.1441213764519755E-4,0.002305795718053198,0.0018931851112399213,1.6473772558531054E-5,1.8227452135414997E-4,2.3006640954365E-4,9.024038771365502E-4,1.9561221986778724E-4,0.06220688343954491,5.083467993561866E-4,0.004843301383219536,0.011349320777477656,0.050469182522719376,3.7389655261102636E-4,2.25183380864517E-4,2.3800867783251592E-4,1.4987055000990817E-4,0.04233988027695036,0.010963892110388628,2.667298107310997E-4,0.0015109062676121423,0.005073886682556933,1.1691951079752344E-4,1.2904889344374348E-4,1.0649905728874025E-4,8.575748466622056E-4,2.5359510257369624E-4,2.853403620200543E-4,0.0010899068378776254,4.046620600039231E-4,1.0775179533328212E-4,2.733407735229875E-4,2.649142026662904E-4,0.009273508229392107,1.1847521861928617E-4,4.4675018026412783E-4,6.345379033715614E-4,3.2824644106221727E-4,0.004354261536743047],[5.031276898180833E-4,0.002109855770909839,6.693127174786885E-4,0.022236489827354364,0.0032941675402402473,1.5720471399814328E-4,0.001738459549120348,7.755971622900428E-4,1.0,9.35996780883098E-4,0.0020392360414001943,0.0010573697840410038,0.003001135184441162,0.0020112743076590106,0.002312791328001322,0.002060036843007333,1.4047297937512803E-4,5.494710986687464E-4,0.0019292422524494995,0.0022622969884927915,1.0591132623170288E-4,0.018147084133798924,0.0015561431757869161,0.0032428307576705725,0.021309654885711637,0.018654073865337916,6.922439789072547E-4,9.356386696913748E-4,8.062858527257729E-4,0.0013560430322933676,0.012788168535440894,0.008697343652785693,9.688483418110868E-4,0.002158979261494741,0.0048143492817998255,7.152179745946108E-4,0.0013056568310696585,0.0017193287564030014,0.001446989800743652,0.0019629144033393173,7.665485099463073E-4,0.0020369275990552785,0.0012674410547286116,4.298768293023929E-4,8.461791047747389E-4,7.439936503775906E-4,0.008820730777528544,0.001242123459133781,0.00142287284507142,0.0021806496590600515,0.001680866982593958,0.00491409935903148],[2.0546574664735297E-4,0.00196960285368744,2.9200159066618964E-4,0.005093366921785037,0.008797487802945,3.23954234666979E-4,8.202226527729322E-4,2.7066373915248556E-4,9.35996780883098E-4,1.0,0.0015646326736817196,2.1464988491371018E-4,0.0026456367237249795,2.7086208124912507E-4,9.937184787098216E-4,0.0010568884761245564,1.505317122486462E-4,2.144547966992626E-4,2.700611386312688E-4,0.0012818813410071651,1.901325134202078E-4,0.018464859509600414,7.505949524254985E-4,0.003007272351284283,0.008432866902006404,0.003460107521217373,4.6414982215958734E-4,2.222858703092811E-4,2.8958762590761757E-4,2.975519060124044E-4,0.04074377552252202,0.004837630218763997,3.379747035845815E-4,0.002324261864535533,0.001582463388818895,3.0352308724564895E-4,2.538131248820414E-4,2.7915551333950844E-4,5.240968482143142E-4,4.8247930650639835E-4,3.0096266559866114E-4,9.13211638089106E-4,4.086373248941569E-4,5.868626638518516E-5,3.5214760754520563E-4,2.9687829522445446E-4,0.00936954316184561,2.0872302651237494E-4,9.363182607695128E-4,0.0019164216412079563,0.0012529124064036084,0.009543019173743521],[7.426369442912397E-4,0.0020710575835338188,0.0010540585212272108,0.005025937337089862,0.019457947897047807,0.0017170297692837822,0.0014193839295091044,6.546341307096067E-4,0.0020392360414001943,0.0015646326736817196,1.0,2.134632671103762E-4,0.0029915858569770524,5.368353176754456E-4,0.0021340209491603353,0.0020940084737723344,0.0017924715110127054,0.0019146549781445786,8.27629617135854E-4,0.0024427383696830757,9.72636234447941E-5,0.02827707624007312,0.0015587314933163063,0.005720643519544353,0.0066256988041090885,0.08067961184514592,6.332979718217744E-4,4.404068790649975E-4,6.995578723458611E-4,0.0018983985227936638,0.0070976606762977595,0.0030462457047250057,0.0016747627116936539,0.0028025187355650285,0.0040106478912517425,0.0013203046774760432,0.0011761644862540602,4.534931030847771E-4,0.0015033388248347531,0.0012607765184502954,3.840237905876981E-4,0.0014650194798129827,0.0017544794567132189,8.037203378648374E-4,0.0015233673445683381,0.0011170942468003604,0.004647913960370986,0.001481326738497928,0.0017597442228095206,0.0030829155476236447,0.0014406720171470779,0.007684399947473783],[5.434557990900237E-5,0.00224752438397595,8.87988503616245E-5,0.012620993279847361,0.018677698137239733,5.477250453224754E-5,0.0011009495785152003,2.7414934168669485E-5,0.0010573697840410038,2.1464988491371018E-4,2.134632671103762E-4,1.0,0.0023212192976754557,8.972330739040607E-5,0.0010880820006447548,0.0017442282593813762,1.1193555528782316E-5,3.173688978470137E-5,3.6923245602356404E-5,0.0026769701190317205,1.54784795997831E-5,0.03761267315534635,3.504512762818706E-4,0.00943247541789662,0.01687494066039862,0.01952548105220159,2.250634040774042E-4,3.812375726689687E-5,1.2901857443606014E-4,3.860592357922937E-5,0.025381110547394288,0.005902700408015738,8.997550587730736E-5,2.662091970608905E-4,0.004793222424174361,1.0493366286187398E-4,1.6515948088563227E-5,2.7430399209618125E-5,8.917496063144307E-5,3.3546225305693E-4,1.641316693032209E-4,2.1410954194320603E-4,3.4906932100277376E-4,1.2070792814312696E-5,2.210425822296695E-4,6.395487957682314E-5,0.004293787920460953,8.386402721231647E-5,0.0010068175398652008,0.002656011163338129,1.8186533872558262E-4,1.9498711761468523E-4],[0.001912770327567135,0.0027207098002432406,0.0014383685257352745,0.004563817142698291,0.010798737357540212,0.0015115260680025157,0.0015069240546664788,3.6950369874497787E-4,0.003001135184441162,0.0026456367237249795,0.0029915858569770524,0.0023212192976754557,1.0,0.002945150573099542,0.003142153335598762,0.0033445991141324233,0.0016658149842696435,0.003408735508883514,4.124777563946657E-4,0.004059963054169229,5.383345398431838E-5,0.029000992207953227,0.0015119128761900886,0.00967645766807309,0.016467469015766185,0.02401604176281815,8.6476633393348E-4,0.0012521178912481212,0.0016082321767269777,3.018257166426593E-4,0.027722741422875598,0.011111286932398217,0.0027429345132772326,0.0028513938836956763,0.004355536528312504,0.001659217736409751,0.001409255465699942,0.0026058150410560523,0.0023039181147345685,0.0028998444906608908,0.0011463285512263708,0.0020395839882628246,9.942955882344105E-4,0.0017358294252887703,0.002788190896861889,0.002499903336767804,0.0045017741203281034,0.0016669582090877825,0.0014672079681447238,0.003189519527676118,0.0029703558225837225,0.004313377311558116],[1.7025414682038937E-4,1.7147285349405726E-4,1.187686475948259E-4,0.020892854563913744,0.011649717534959074,1.1565674984571709E-4,9.485390987254552E-4,2.1441213764519755E-4,0.0020112743076590106,2.7086208124912507E-4,5.368353176754456E-4,8.972330739040607E-5,0.002945150573099542,1.0,3.6802938418017365E-4,8.076817660446114E-4,5.6540165116692655E-5,1.154763790520088E-4,1.4882564707063842E-4,0.003713060534253244,6.883456862543966E-5,0.0778762598624388,5.938057984291505E-4,0.012362798063098496,0.01573667202621597,0.025252055093884142,3.6274455305822104E-4,1.3857105945638308E-4,1.9381721175414E-4,1.1739623321213865E-4,0.008829170220681864,0.00802751786742725,1.2455679924994637E-4,3.084575271746513E-4,0.004153837665714998,1.1629152195269313E-4,1.1197307218024004E-4,1.1087851249550033E-4,1.9542513765788525E-4,1.858308426533771E-4,2.93954808984928E-4,8.336268962890512E-4,1.4113809071033713E-4,6.633362975397601E-5,1.8816711990911577E-4,1.63689878558606E-4,0.009632374111345885,1.1123866648167247E-4,7.534648160130088E-4,0.003106616517940415,0.0011461220781748484,0.006283861038687429],[0.0028654187444108127,0.0027385171327779373,7.533317583241849E-4,0.0210045809020721,0.006052030069896403,9.84684383833217E-4,0.0019559311813749022,0.002305795718053198,0.002312791328001322,9.937184787098216E-4,0.0021340209491603353,0.0010880820006447548,0.003142153335598762,3.6802938418017365E-4,1.0,0.0027651942055714742,0.0025294838065091675,5.10368035248664E-4,0.0016815456267389997,0.004142198329866492,5.356423974030759E-4,0.032046054304320615,0.0025482047195765868,0.005985134930884303,0.010993897729515747,0.03531349794745289,0.001206621513872374,7.039738287214243E-4,5.441389772132728E-4,0.0012403866372194417,0.012014461990037665,0.0045097440664226395,3.562124453580138E-4,0.002874649302271285,0.0031748973781622015,7.558632201925114E-4,0.0013769232680471619,3.859642685700687E-4,0.001482284334172124,0.0017914418140218603,6.035979505193301E-4,0.0012331496936520065,0.0017363693341820735,2.391821657718021E-4,0.0013026816016250666,9.229901061616962E-4,0.006766746060374059,3.2143096783835925E-4,0.0019200398891358959,0.003108288110394904,0.0020694208250384,0.009078286987342678],[0.0018249449310223248,0.002202154506972424,0.001871906643854197,0.020294335152512236,0.019670693631156914,3.032006382468881E-4,0.0015248094299479338,0.0018931851112399213,0.002060036843007333,0.0010568884761245564,0.0020940084737723344,0.0017442282593813762,0.0033445991141324233,8.076817660446114E-4,0.0027651942055714742,1.0,0.0011225428673404573,0.0010561957469099107,6.869894284145808E-4,0.0033589259911064482,1.560835071953219E-4,0.03586086238795338,0.0020121576725425573,0.012536000048705323,0.009339678330027178,0.06035549333903899,0.0017189787250007273,9.593586513858296E-4,0.0015514667095449083,0.0015634436287434005,0.0026505622198565787,0.008439639407545189,8.005806302775263E-4,0.002365924250793454,0.0039682042345837755,0.00125056302649137,0.0018858329225902675,6.296677730298107E-4,0.0010862373511258717,0.001823290417043866,6.1773333569225E-4,0.0012103133541481491,0.0013196981094349418,7.618036862006957E-4,9.521696631592876E-4,4.885106709083043E-4,0.009494292895827657,5.85157933490041E-4,0.001585177923421438,0.0029106357151300237,0.0019846701220937926,0.005432713925697471],[1.6530244348434954E-4,0.0011351419890883749,9.836819886169826E-5,0.0016698366685958016,0.01893360074175928,9.708040125031346E-5,8.017100848682797E-4,1.6473772558531054E-5,1.4047297937512803E-4,1.505317122486462E-4,0.0017924715110127054,1.1193555528782316E-5,0.0016658149842696435,5.6540165116692655E-5,0.0025294838065091675,0.0011225428673404573,1.0,1.6677987410426955E-5,1.7407835296629967E-4,0.0020868248289063786,1.619686731255893E-5,0.08473714721290641,8.362667699922362E-4,0.0025697437280189192,0.010684350402806048,0.053305554514460216,3.471818613603718E-4,8.195793257133835E-5,9.063091113000017E-5,5.08332564969717E-5,0.04221824753538475,0.004312756946144429,2.1908245206087612E-4,0.0016911003227698387,0.001340579850851529,4.369743898162187E-5,1.6363118719055256E-5,2.162783090583001E-5,6.813260444061261E-4,2.8710848078460235E-4,1.0653860963993298E-4,1.9092787221205496E-4,8.194552311257342E-5,1.1792940220441634E-5,3.5846055498236205E-4,1.26849706999329E-4,0.007672723254851746,9.768701868864051E-5,3.7358017069344667E-4,0.0017775474408923968,3.282146725362507E-4,0.0013760141018270282],[1.8444200269723414E-4,0.0016895936919790137,1.3688672311818167E-4,0.009435861687597536,0.0034731052368567297,1.0519576528558871E-4,1.8253453474298428E-4,1.8227452135414997E-4,5.494710986687464E-4,2.144547966992626E-4,0.0019146549781445786,3.173688978470137E-5,0.003408735508883514,1.154763790520088E-4,5.10368035248664E-4,0.0010561957469099107,1.6677987410426955E-5,1.0,1.2744787630247797E-4,0.0038423017429649623,1.0280731155690197E-4,0.053876501088312954,3.4447637171848545E-4,0.008834998351794115,0.012623205558318442,0.05087946168975243,3.9301376637387793E-4,1.3932010267044708E-4,1.4472435733549663E-4,1.1427362615314803E-4,0.03028215159406369,0.008342059710649948,1.4164186927282472E-4,0.0024425662846327143,0.0030268903391012887,1.1445067784438224E-4,1.1315908457029087E-4,1.148935203443035E-4,6.230538395345228E-4,4.8539821986985225E-4,2.1020549104064357E-4,2.2601521370756218E-4,3.9739951971312843E-4,3.1345114693496066E-5,2.757564328447323E-4,2.311685724891372E-4,0.00635325816499668,1.1420327768434083E-4,0.0010292332379303918,2.8681346115962505E-4,3.0539780812021886E-4,0.0037927465843949335],[1.9080211884834383E-4,4.333761186033909E-4,1.7016577712837227E-4,0.010261608424720698,0.013172136027756225,1.263909380344857E-4,0.0011639373575225524,2.3006640954365E-4,0.0019292422524494995,2.700611386312688E-4,8.27629617135854E-4,3.6923245602356404E-5,4.124777563946657E-4,1.4882564707063842E-4,0.0016815456267389997,6.869894284145808E-4,1.7407835296629967E-4,1.2744787630247797E-4,1.0,0.003066934998467125,6.434154941879004E-5,0.03914880321904676,4.004638595477141E-4,0.0059759022189730705,0.024235204545690173,0.02026207910388435,2.082292337277161E-4,1.6078835217480533E-4,2.0693641444291695E-4,1.6218424319427093E-4,0.009284839377550128,0.0017910141656841273,2.2827893071020324E-4,0.0010856857135328264,4.3924491276714327E-4,1.6230888010870315E-4,1.6027238662601044E-4,8.654677227374567E-5,8.860710127395867E-4,4.559569183951416E-4,2.971396678043159E-4,4.3206477888446237E-4,3.454694692845297E-4,1.417842387106113E-4,2.0347863452808477E-4,2.1032388782235713E-4,8.813548239571623E-4,1.3999875373258197E-4,5.752065757568027E-4,0.0011014533453226612,7.645729836685997E-4,0.0015187877596696364],[0.0018080004543662464,0.0037348259376552223,0.003981117058076371,0.005349931045571772,0.01717017462300241,0.0012876184950495358,0.003997456834314002,9.024038771365502E-4,0.0022622969884927915,0.0012818813410071651,0.0024427383696830757,0.0026769701190317205,0.004059963054169229,0.003713060534253244,0.004142198329866492,0.0033589259911064482,0.0020868248289063786,0.0038423017429649623,0.003066934998467125,1.0,0.0020234640351785146,0.08473825547335691,0.0017713254185475046,0.010698088279491511,0.016273897225796953,0.04861446163471325,0.003508173726473848,0.002995087277920071,0.004056009697742251,0.0013672047702915102,0.035173456320823825,0.007200708817604259,0.0020894029175327765,0.004131731970401731,0.005030957897237147,0.001020111244218953,0.0015574095087001673,0.0026144889653125286,0.004140099074478412,0.003251677632268715,4.345163067836823E-4,0.0020202412041231063,9.81803259007457E-4,2.733890464318447E-4,0.004481751197342029,0.0016892778654189404,0.005110632658696942,0.0044921330251569145,0.002650097792281348,0.004380365440261543,0.002167894174470289,0.008879506263584422],[1.1098526305564573E-4,0.0010963274286994432,8.509268987249614E-5,0.0018508157937396,0.01820631663693511,2.38766508281347E-5,9.691709947714174E-5,1.9561221986778724E-4,1.0591132623170288E-4,1.901325134202078E-4,9.72636234447941E-5,1.54784795997831E-5,5.383345398431838E-5,6.883456862543966E-5,5.356423974030759E-4,1.560835071953219E-4,1.619686731255893E-5,1.0280731155690197E-4,6.434154941879004E-5,0.0020234640351785146,1.0,0.0757104837032708,1.479069058113591E-4,0.004660689263128373,0.013661420699592208,0.057865567635330496,3.433437123043378E-4,8.225748969333408E-5,1.981688266610947E-4,6.625680213428227E-5,0.034226869705873915,0.004692016494505505,1.970498066342608E-4,9.859718369878644E-4,5.994499609730122E-4,3.4467806603157456E-5,8.71868437287186E-5,2.3614464759516884E-5,8.88609994585314E-4,5.748967049703143E-4,5.543943434312016E-5,7.296088747904206E-4,1.4153390716061413E-4,1.4242989564766487E-5,2.5911855725769465E-4,8.910302825754793E-5,0.00237726998584572,8.77844789451575E-5,2.4298264425884957E-4,0.0012934247098872647,0.0013311580839534668,0.004469865056842868],[0.08815183280778877,0.020016596775127675,0.026431825801462392,0.029075873319653597,0.05135964297367017,0.07975593999081258,0.04324811983011688,0.06220688343954491,0.018147084133798924,0.018464859509600414,0.02827707624007312,0.03761267315534635,0.029000992207953227,0.0778762598624388,0.032046054304320615,0.03586086238795338,0.08473714721290641,0.053876501088312954,0.03914880321904676,0.08473825547335691,0.0757104837032708,1.0,0.06212324305657161,0.08608333138266276,0.038717932578089115,0.09090909090909091,0.08588482460550931,0.03582048218744215,0.02760975387825965,0.021067453372078063,0.04628290877459033,0.018778048654230085,0.07325686186448838,0.005474384734543373,0.03183383688804568,0.04115428453775079,0.02973084056512984,0.08424834886331671,0.05075708954209328,0.08834956222584794,0.04042586751566781,0.08368385661792484,0.04478183958373793,0.03957175798552721,0.017367216077428263,0.059388146724395074,0.03480793465539341,0.04168134824382458,0.04586873217453184,0.0788637993129075,0.0082722656927459,0.017473926836786776],[6.548032913484064E-4,0.0012725108722863258,3.0273050820452536E-4,0.003855302372289107,0.014202529938740688,3.424539560382469E-4,0.001116346166076321,5.083467993561866E-4,0.0015561431757869161,7.505949524254985E-4,0.0015587314933163063,3.504512762818706E-4,0.0015119128761900886,5.938057984291505E-4,0.0025482047195765868,0.0020121576725425573,8.362667699922362E-4,3.4447637171848545E-4,4.004638595477141E-4,0.0017713254185475046,1.479069058113591E-4,0.06212324305657161,1.0,0.006092520276978637,0.012503801699963651,0.04570754159392816,6.190766785056367E-4,8.685555981404669E-4,0.0010218604119176823,6.410531199134841E-4,0.03619489412468319,0.00817694092235391,9.464324639469289E-4,0.0025070922709721603,0.003367404400064577,1.2628924829975188E-4,7.569890931606651E-4,5.935041416887386E-4,9.931282810486635E-4,0.0010142885858492453,9.411337022711223E-4,0.0011200963978559822,0.00101570344926547,3.0714648892593067E-4,9.244498766711564E-4,8.130575440273341E-4,0.006302106734791331,5.850579374026459E-4,0.0011028700647493616,0.001265113362314854,0.001360009550219467,0.007010204206265464],[0.006756308766262015,0.00953606225498163,0.006719529509005051,0.014284773510020565,0.019714872036964034,0.012182001554355221,0.003857843781046948,0.004843301383219536,0.0032428307576705725,0.003007272351284283,0.005720643519544353,0.00943247541789662,0.00967645766807309,0.012362798063098496,0.005985134930884303,0.012536000048705323,0.0025697437280189192,0.008834998351794115,0.0059759022189730705,0.010698088279491511,0.004660689263128373,0.08608333138266276,0.006092520276978637,1.0,0.01825526362218862,0.059384639349784066,0.010471763839206524,0.01322158024957688,0.00786374806541334,0.011926920472977979,0.03415300032933517,0.012736092999429845,0.005604874264219049,0.009407376225897898,0.011924212799905975,0.008025266270070162,0.005067081723613032,0.013199155056237576,0.008024172301562969,0.008847866105579362,0.007718976973898529,0.0021259261684539775,0.013090111811645152,0.008066128176564982,0.00643625804863488,0.009678207907826331,0.011121081164891402,0.006799210450270918,0.0054560231275623036,0.004889425398303025,0.008506210178203055,0.01156693980756588],[0.004897680809431309,0.012212938929011468,0.02162887083443264,0.02560722763374923,0.021697237674165985,0.005717046578594308,0.025052733371497066,0.011349320777477656,0.021309654885711637,0.008432866902006404,0.0066256988041090885,0.01687494066039862,0.016467469015766185,0.01573667202621597,0.010993897729515747,0.009339678330027178,0.010684350402806048,0.012623205558318442,0.024235204545690173,0.016273897225796953,0.013661420699592208,0.038717932578089115,0.012503801699963651,0.01825526362218862,1.0,0.056338629889557096,0.010278774270281617,0.008624568080020427,0.019692880491650827,0.021121245145230713,0.030585330834573828,0.02107770323846935,0.014215007882242304,0.00825351095305565,0.021935220758726448,0.018336763830722313,0.001144066259009928,0.022803994855110372,0.01547614728944939,0.013261081656154283,0.005197525692315948,0.021428840618223848,0.02046289271356049,0.008511380118665878,0.00418171077767909,0.020955768130693813,0.021009719580561685,0.004514763004057196,0.0020156012858403797,0.004994118745365803,0.023098934542711218,0.022714261191143423],[0.05275000909725001,0.06321322462185101,0.04633757066829215,0.04817086724373858,0.08848034576041172,0.017267022110080004,0.07471954727770806,0.050469182522719376,0.018654073865337916,0.003460107521217373,0.08067961184514592,0.01952548105220159,0.02401604176281815,0.025252055093884142,0.03531349794745289,0.06035549333903899,0.053305554514460216,0.05087946168975243,0.02026207910388435,0.04861446163471325,0.057865567635330496,0.09090909090909091,0.04570754159392816,0.059384639349784066,0.056338629889557096,1.0,0.04396621207676805,0.0667145305884704,0.06028640126445727,0.0031636992004619798,0.07805610716469503,0.046069176020841436,0.04350806457044483,0.048736056142919267,0.03929192730998121,0.06652795151398047,0.033588239952978376,0.032923026862157805,0.05891172141304561,0.0709224900244264,0.07260179790602814,0.006785088012745011,0.07297557681597168,0.048749286408333065,0.04425398650572975,0.06983059205216194,0.011642176141642965,0.047563950026008925,0.05049735419518189,0.0729368425534338,0.01089033075106763,0.011067001779306546],[4.698938190378869E-4,0.0016380791349777852,1.845966737634169E-4,0.007368221985738867,0.0010678538181142232,2.6643125205034313E-4,9.59002884172518E-4,3.7389655261102636E-4,6.922439789072547E-4,4.6414982215958734E-4,6.332979718217744E-4,2.250634040774042E-4,8.6476633393348E-4,3.6274455305822104E-4,0.001206621513872374,0.0017189787250007273,3.471818613603718E-4,3.9301376637387793E-4,2.082292337277161E-4,0.003508173726473848,3.433437123043378E-4,0.08588482460550931,6.190766785056367E-4,0.010471763839206524,0.010278774270281617,0.04396621207676805,1.0,2.1840702775598376E-4,2.789340719164771E-4,1.6783106313281637E-4,0.006861475195275284,0.003673775040422312,4.0233658972365326E-4,0.0010468676321409342,0.004735151256043533,3.308490950070099E-4,1.540411518549012E-4,9.951036177811926E-5,9.217428775327163E-4,6.107613685168729E-4,4.513998062083015E-4,8.152181479237237E-4,4.685269277432246E-4,5.882726411659151E-5,4.342165428935318E-4,3.5063919432889095E-4,0.00392296732297513,3.0015916765367017E-4,6.660757006031517E-4,6.907360677323021E-4,8.758140389353217E-4,0.009588994264814143],[1.4967250677917272E-4,0.0014896690679464463,1.5832542209984527E-4,0.0012707011528292845,0.0010298938149813806,1.2097856344028485E-4,0.0011572867995793185,2.25183380864517E-4,9.356386696913748E-4,2.222858703092811E-4,4.404068790649975E-4,3.812375726689687E-5,0.0012521178912481212,1.3857105945638308E-4,7.039738287214243E-4,9.593586513858296E-4,8.195793257133835E-5,1.3932010267044708E-4,1.6078835217480533E-4,0.002995087277920071,8.225748969333408E-5,0.03582048218744215,8.685555981404669E-4,0.01322158024957688,0.008624568080020427,0.0667145305884704,2.1840702775598376E-4,1.0,1.6391364932442204E-4,1.2865813183190932E-4,0.011734290877097176,0.009938851986528472,3.3470342982781857E-4,0.0011195011063361749,0.0016954487863358018,1.4242901754262568E-4,1.2075544601302487E-4,1.2304026049641482E-4,5.742699507939749E-4,5.452005007820847E-4,1.8239826090995508E-4,3.9819963737147896E-4,3.824659146406649E-4,3.987980373108429E-5,3.202202700087189E-4,2.3140162846219039E-4,0.003160482716284076,1.4223821944310406E-4,1.508067236398101E-4,0.0018764444764309625,9.580123170127076E-4,0.0025456822453528557],[2.0415379418731153E-4,7.198249559979581E-4,1.6147326830488306E-4,0.021901473321824017,0.011351162965181962,1.457096084319147E-4,4.5624435471393907E-4,2.3800867783251592E-4,8.062858527257729E-4,2.8958762590761757E-4,6.995578723458611E-4,1.2901857443606014E-4,0.0016082321767269777,1.9381721175414E-4,5.441389772132728E-4,0.0015514667095449083,9.063091113000017E-5,1.4472435733549663E-4,2.0693641444291695E-4,0.004056009697742251,1.981688266610947E-4,0.02760975387825965,0.0010218604119176823,0.00786374806541334,0.019692880491650827,0.06028640126445727,2.789340719164771E-4,1.6391364932442204E-4,1.0,1.507737081287756E-4,0.016412204924461438,0.0013524368558382224,3.0107854466291826E-4,0.002715102414321007,9.163701637110223E-4,2.090193591120906E-4,1.2066794746298134E-4,4.135875218537197E-5,5.095820470401477E-4,5.062995421343168E-4,2.9636786826462347E-4,8.406615057070682E-4,3.253132856041144E-4,1.783355761926374E-4,2.709619277039006E-4,2.7237100067522337E-4,0.008260927284641499,2.0333568529264405E-4,4.0344625081783467E-4,0.0028364542054751633,6.374593802888377E-4,0.008641293538949645],[1.2362106084671355E-4,0.0010518639490688523,1.257754763160171E-4,0.009995598446322201,0.011834112009415162,1.0773131031697247E-4,8.356360112700632E-4,1.4987055000990817E-4,0.0013560430322933676,2.975519060124044E-4,0.0018983985227936638,3.860592357922937E-5,3.018257166426593E-4,1.1739623321213865E-4,0.0012403866372194417,0.0015634436287434005,5.08332564969717E-5,1.1427362615314803E-4,1.6218424319427093E-4,0.0013672047702915102,6.625680213428227E-5,0.021067453372078063,6.410531199134841E-4,0.011926920472977979,0.021121245145230713,0.0031636992004619798,1.6783106313281637E-4,1.2865813183190932E-4,1.507737081287756E-4,1.0,0.037200343478299536,0.009473129370150537,2.0808691493479932E-4,2.2770490196073764E-4,0.0035614125738821375,1.1421622944679982E-4,1.0933747246875773E-4,9.194784083869483E-5,8.699232753954369E-4,6.191618101484273E-4,1.5827110503020939E-4,6.633818794633854E-4,3.5811333226263057E-4,2.0434047092342126E-5,2.30798550122485E-4,1.38382005924939E-4,0.004084444249765452,1.1330135542407143E-4,0.001150129398258292,0.0030934733542682517,7.387655981701387E-4,0.010353026233932184],[0.030300084582385773,0.019806716946246968,0.02443535931417901,0.036059083862878254,0.024031845258097963,0.022125783422820747,0.030686401001403747,0.04233988027695036,0.012788168535440894,0.04074377552252202,0.0070976606762977595,0.025381110547394288,0.027722741422875598,0.008829170220681864,0.012014461990037665,0.0026505622198565787,0.04221824753538475,0.03028215159406369,0.009284839377550128,0.035173456320823825,0.034226869705873915,0.04628290877459033,0.03619489412468319,0.03415300032933517,0.030585330834573828,0.07805610716469503,0.006861475195275284,0.011734290877097176,0.016412204924461438,0.037200343478299536,1.0,0.020469357134429697,0.02199492408657638,0.02976277545107044,0.013633439409027816,0.016884900999356328,0.014452767289471518,0.006252880158717497,0.02901776415243491,0.0428954591694772,0.03983646953305697,0.017253937662071582,0.011387415574823315,0.02745881560547817,0.04119084148502994,0.01868648437688862,0.03204620145239583,0.02056763221449636,0.022136476380016416,0.02360274264898226,0.027511267858196686,0.04301243285915123],[0.009342139165203715,0.009877133553282812,0.006386590323245474,0.015241458226154334,0.013848616561344406,5.790969089931493E-4,0.00595759569884307,0.010963892110388628,0.008697343652785693,0.004837630218763997,0.0030462457047250057,0.005902700408015738,0.011111286932398217,0.00802751786742725,0.0045097440664226395,0.008439639407545189,0.004312756946144429,0.008342059710649948,0.0017910141656841273,0.007200708817604259,0.004692016494505505,0.018778048654230085,0.00817694092235391,0.012736092999429845,0.02107770323846935,0.046069176020841436,0.003673775040422312,0.009938851986528472,0.0013524368558382224,0.009473129370150537,0.020469357134429697,1.0,0.0018970694584902075,0.004757135066658061,0.008853592575135186,0.0015842015969277012,0.008073739981570616,0.006864189809390292,0.0030754455373738793,0.007549038629868079,0.0016335384756518924,0.0027649196921948125,0.0012282119397563943,0.011136122854146887,0.0012332648173264459,5.538685225106324E-4,0.010327274603658551,0.00951070801393379,0.002568429632591603,0.003585732299872753,0.006780469596369591,0.011307104239612661],[2.9390763803784634E-4,0.0018816318007424308,3.260268142795165E-4,0.012510728659400866,0.012109355217911079,2.93514639874145E-4,6.600958023419458E-4,2.667298107310997E-4,9.688483418110868E-4,3.379747035845815E-4,0.0016747627116936539,8.997550587730736E-5,0.0027429345132772326,1.2455679924994637E-4,3.562124453580138E-4,8.005806302775263E-4,2.1908245206087612E-4,1.4164186927282472E-4,2.2827893071020324E-4,0.0020894029175327765,1.970498066342608E-4,0.07325686186448838,9.464324639469289E-4,0.005604874264219049,0.014215007882242304,0.04350806457044483,4.0233658972365326E-4,3.3470342982781857E-4,3.0107854466291826E-4,2.0808691493479932E-4,0.02199492408657638,0.0018970694584902075,1.0,0.002696960052288456,0.004652489121194774,1.7593388192910852E-4,3.1321550131873396E-4,9.356951546297147E-5,4.3117571213670334E-4,4.956730903567482E-4,2.998603426687913E-4,7.51318808565079E-4,3.6151628510866626E-4,2.694119750762213E-4,3.597296371368087E-4,3.0688826924842624E-4,0.009434093068238157,2.997211658986059E-4,6.441012371732253E-4,0.0017233467667395193,4.149994570367436E-4,5.37162636425453E-4],[0.002698340755932996,0.0024425676198742796,0.00254030396157836,0.017569904884989728,0.019455267293307276,3.4348617887479524E-4,0.0013874813040985533,0.0015109062676121423,0.002158979261494741,0.002324261864535533,0.0028025187355650285,2.662091970608905E-4,0.0028513938836956763,3.084575271746513E-4,0.002874649302271285,0.002365924250793454,0.0016911003227698387,0.0024425662846327143,0.0010856857135328264,0.004131731970401731,9.859718369878644E-4,0.005474384734543373,0.0025070922709721603,0.009407376225897898,0.00825351095305565,0.048736056142919267,0.0010468676321409342,0.0011195011063361749,0.002715102414321007,2.2770490196073764E-4,0.02976277545107044,0.004757135066658061,0.002696960052288456,1.0,0.002965043857869259,9.413205422745245E-4,3.592918547904955E-4,0.0025065237953885476,0.0010549262127840973,0.002657596307551725,0.002187093772667789,0.0026229107510416906,0.0014347023251524544,0.0020904122453123874,0.0025105827963955935,0.0020269705913592163,0.009533408522864998,0.0013908346664246746,0.0025513750487858055,0.0028485512520886273,0.0023690062295966654,0.00606210821982409],[0.0017233174307050394,0.003999285156839535,5.678240686089438E-4,0.015394909240888873,0.013138328275860249,0.0031441637081669224,0.003922929887985895,0.005073886682556933,0.0048143492817998255,0.001582463388818895,0.0040106478912517425,0.004793222424174361,0.004355536528312504,0.004153837665714998,0.0031748973781622015,0.0039682042345837755,0.001340579850851529,0.0030268903391012887,4.3924491276714327E-4,0.005030957897237147,5.994499609730122E-4,0.03183383688804568,0.003367404400064577,0.011924212799905975,0.021935220758726448,0.03929192730998121,0.004735151256043533,0.0016954487863358018,9.163701637110223E-4,0.0035614125738821375,0.013633439409027816,0.008853592575135186,0.004652489121194774,0.002965043857869259,1.0,0.003312028246331457,0.0018859204934792786,0.0032030676473290476,0.0026776778445105724,0.003468510397090548,0.0015554144615165786,0.003722315636705236,0.0018320964548854796,0.004180933829900059,0.0015347689165743181,0.0015264420800747884,0.005674727849569354,0.004104900845457849,0.0023093118010399766,0.0032469888353859355,0.0014329923329938082,0.005946156687569412],[1.2586554525020866E-4,0.002120257036601054,1.5001796910443305E-4,0.018100774617192783,0.009568700098522946,1.1357310075503476E-4,1.1604156664902686E-4,1.1691951079752344E-4,7.152179745946108E-4,3.0352308724564895E-4,0.0013203046774760432,1.0493366286187398E-4,0.001659217736409751,1.1629152195269313E-4,7.558632201925114E-4,0.00125056302649137,4.369743898162187E-5,1.1445067784438224E-4,1.6230888010870315E-4,0.001020111244218953,3.4467806603157456E-5,0.04115428453775079,1.2628924829975188E-4,0.008025266270070162,0.018336763830722313,0.06652795151398047,3.308490950070099E-4,1.4242901754262568E-4,2.090193591120906E-4,1.1421622944679982E-4,0.016884900999356328,0.0015842015969277012,1.7593388192910852E-4,9.413205422745245E-4,0.003312028246331457,1.0,1.0269094228532065E-4,1.0504745875469059E-4,8.381344390645876E-4,4.839663653305364E-4,2.8056526248563857E-4,9.047230128244755E-4,1.5939220717467093E-4,2.4582798729329905E-5,1.594231279364166E-4,2.1884138919668709E-4,0.0014766882482458777,1.1402506013249155E-4,0.0011442153151822536,1.5228812693530197E-4,1.6054510536712136E-4,0.010135272769593228],[1.5657685414299964E-4,9.113143567169832E-4,1.248846694136601E-4,0.014689003839646664,0.0023662143500811617,1.0282252109409422E-4,3.4666658349318967E-4,1.2904889344374348E-4,0.0013056568310696585,2.538131248820414E-4,0.0011761644862540602,1.6515948088563227E-5,0.001409255465699942,1.1197307218024004E-4,0.0013769232680471619,0.0018858329225902675,1.6363118719055256E-5,1.1315908457029087E-4,1.6027238662601044E-4,0.0015574095087001673,8.71868437287186E-5,0.02973084056512984,7.569890931606651E-4,0.005067081723613032,0.001144066259009928,0.033588239952978376,1.540411518549012E-4,1.2075544601302487E-4,1.2066794746298134E-4,1.0933747246875773E-4,0.014452767289471518,0.008073739981570616,3.1321550131873396E-4,3.592918547904955E-4,0.0018859204934792786,1.0269094228532065E-4,1.0,4.705047333955804E-5,3.7829109490628314E-4,4.7357649112245213E-4,2.829154753066597E-4,1