[[1.0,1.4583714280751623E-4,1.6347678118055104E-4,2.6777481986801465E-4,1.342111965018861E-4,0.006386696531338769,4.4678422448855E-5,1.6699088386783425E-4,0.003929260531867675,7.543666803540609E-4,1.2946510171155614E-4,0.007369643414773827,1.5842552277909724E-4,0.00139636184039826,2.9536857195986843E-5,4.7504670716790823E-4,7.532946184237741E-5,0.0022457446750961453,7.065469248485966E-5,3.616226848839417E-4,0.005495842642687497,1.6844156930012562E-4,9.910603152932986E-4,0.002999312703772539,1.65318331309719E-4,1.5460262897496951E-4,5.511928375191407E-4,2.487665522259784E-4,1.497258256063217E-4,1.3122691887396728E-4,4.7563031991423795E-4,1.7097636327241954E-4,0.003820661698319481,1.4050687628949036E-4,1.6355782029918325E-4,8.612595818000107E-5,4.5522429455242277E-4,1.6637955202553078E-4,0.014431473197435912,0.006559989195024298,1.4469233286276557E-4,1.9063325376609942E-4,0.0020522188292904065,1.1620672813824248E-4,1.9594910678963367E-4,2.5307705528890875E-4,5.444116350766817E-4,7.48411832344247E-4,0.043054696569367085,3.591855406744839E-5,0.001032454018393237,1.6651132928078248E-4,7.412053485810629E-4,1.6072120596147938E-4,0.0016245461182736686,1.6397799497093398E-4,7.118320913664345E-4,1.2215426647961016E-4,3.153596808689229E-4,0.004997232126080607],[1.4583714280751623E-4,1.0,1.5523838095874128E-4,1.766666496408385E-4,1.2857996012378378E-4,0.011652127294481661,6.802501341943317E-5,1.2885862832369354E-4,4.0501423143752207E-4,4.177176452530465E-4,5.056840190489102E-5,0.011918774423460348,1.3897997989715865E-4,0.0034724331905595556,3.2709315261684856E-5,4.07516642340221E-4,8.793194122815291E-5,0.0011483796902328168,5.848523451411883E-5,8.565144267384037E-4,0.009964260885943682,1.7151608431727146E-4,0.0012027713418455753,0.0030560913742240636,1.7775151465395988E-4,3.874931552575864E-5,6.351157694321937E-4,2.716352830263882E-4,1.299317952336712E-4,1.2160373891162059E-4,4.6253339119355536E-4,0.002131599205723257,0.003775610994996177,1.0130935006998277E-4,1.4422591098790094E-4,7.269253951467576E-5,4.2791772137205545E-4,1.3058921224112414E-4,0.0035841633384508876,0.002971974414868215,3.965660163328596E-5,1.6595226855821543E-4,0.0013645794711452943,5.1142757089422295E-5,1.4676631897944518E-4,0.001128752265477811,5.243354450469684E-4,8.471042210044932E-4,0.07644564993876861,1.1416359178071472E-4,2.2452314776757966E-4,1.670976611401761E-4,0.0011607584657538901,1.1217555385030538E-4,0.002835619779319658,1.4938023387545132E-4,0.0014120154462713111,4.9735070616033295E-5,0.010462148079751172,0.00503299625730048],[1.6347678118055104E-4,1.5523838095874128E-4,1.0,1.7513961279889205E-4,1.5745193184273025E-4,0.0013929315573991384,6.464966952852848E-5,1.6266371931676808E-4,0.001158389548476657,6.330285211114836E-4,4.319603440306498E-5,0.008134784244581125,1.5860531852165602E-4,0.001071177574260081,9.496991136649748E-5,6.91700971993317E-4,9.139461525833965E-5,0.006571118462498397,7.123248295204973E-5,9.79757628181251E-4,0.005203865176498315,1.6261899148298567E-4,0.0010158208337626476,3.208919157513378E-4,1.8091622268103882E-4,6.210473686920776E-5,4.940815757031932E-4,2.2903224347764202E-4,1.4005061095057408E-4,1.490710471237959E-4,3.9216534780779915E-4,8.255822312748341E-4,1.8584688059613896E-4,2.5434184975709298E-5,1.5951362576827153E-4,6.786942139481295E-5,7.199158024102279E-4,1.6866023998147838E-4,0.05553440943676334,0.007709422833243471,6.92289253541517E-5,1.6747266133245757E-4,0.001289077884066565,1.4227430183341564E-4,1.6506145444698743E-4,0.0015796402551534105,4.275643147251027E-4,7.451019199103709E-4,0.010506586248709529,1.4726481698482263E-4,6.223840163736085E-4,1.779508802752778E-4,0.0012444474652885667,1.5311339278748095E-4,0.003204735685083454,1.5902429529544924E-4,8.219141263108187E-4,1.3326051045066533E-4,3.4880949636343923E-4,0.005610426486774873],[2.6777481986801465E-4,1.766666496408385E-4,1.7513961279889205E-4,1.0,2.9606377035750777E-4,0.0029000711817387327,3.197800231903791E-4,3.388613020859802E-4,0.0011497869024938983,4.774545660088021E-4,4.129598736106845E-5,0.006265732605250499,3.409521039828428E-4,0.0018734179348464965,2.3156179825227892E-4,6.954678579199361E-4,2.5862655273668094E-4,0.003981444832724713,2.3088181045396213E-4,9.110002672069869E-4,0.002475798503414979,1.753043494011534E-4,0.0011106422183241385,0.0017473321438082757,3.4129086801153294E-4,2.6475225233023374E-4,5.970080457198681E-4,3.7347461390107597E-4,3.183230343343904E-4,3.5286856396162566E-4,5.345645800071967E-4,0.0016783225456538492,0.002364770194893942,9.011988108865078E-5,2.3017698134314576E-4,2.33688291931418E-4,7.836760153993752E-4,2.5566581842677034E-4,0.07207047546524664,0.003802940964281017,2.743699841948895E-4,3.608607894989883E-4,7.795342628391419E-4,1.3545563508957756E-4,2.90514776939462E-4,0.001136615163211066,0.001402967518940771,6.18948333786517E-4,0.06509842257242777,8.728816359716942E-5,5.728649264902512E-4,2.2458887945369006E-4,9.502912198129413E-4,3.173130186354936E-4,0.0022080360150048607,3.084886024815836E-4,0.0012659156947512056,3.3689490650768594E-4,0.004872132486827827,9.362119426380958E-4],[1.342111965018861E-4,1.2857996012378378E-4,1.5745193184273025E-4,2.9606377035750777E-4,1.0,4.0680979120790155E-4,1.0161275927994735E-4,1.6130195134755423E-4,0.002639083747093135,0.0012294166668961387,8.466142054415772E-5,0.006603234116028705,1.342647112118631E-4,0.003576798605995153,1.0256895718704718E-4,5.317106876312396E-4,1.2619644257733323E-4,0.006147979989783497,9.08477182207968E-5,5.771678812165351E-4,0.005221889899855199,1.7000131233151533E-4,4.5018214870001056E-4,0.0022761888476023574,1.5045844700467914E-4,7.681280206536844E-5,3.4411368891778025E-4,2.6672508482188E-4,1.3431973279603963E-4,1.1915198032179188E-4,0.001206135845727754,0.00142931742257522,0.001660974131954038,9.821365344104203E-5,1.3184795910047603E-4,9.940986309692632E-5,6.908883067259853E-4,1.4552474082157613E-4,0.03613392100761712,0.008849572406664997,7.433790726594502E-5,1.5273511510336006E-4,0.0015099425196159427,2.880338070483752E-5,1.9584231160109608E-4,4.0665246205783424E-4,3.261076100427589E-4,9.71617150261843E-4,0.01752253827358495,7.197717709611686E-5,7.538403484386419E-4,1.5563233221185034E-4,1.578656858556121E-4,1.1973321582124774E-4,0.0031748600083054915,1.3176631613927991E-4,0.0013898498285020073,6.908658975964315E-5,0.006631930363844134,0.0012464335048675821],[0.006386696531338769,0.011652127294481661,0.0013929315573991384,0.0029000711817387327,4.0680979120790155E-4,1.0,0.012985390776840152,0.012339547093925755,0.013355375290234091,0.011341572329503427,0.003075329209629645,0.013496215217211092,0.003859681921851371,0.009916106081471088,0.006715923553299026,0.007892737940409279,0.011250212355727164,0.006730411786063264,0.002852711551727924,0.004321273982938745,0.01222141325861172,0.010339190940469985,0.007931504522122861,0.009553322139362812,0.009141393802191743,5.120169804291021E-4,0.009033010352374665,0.003984270122549075,8.747128063507986E-4,6.041594805277458E-4,0.009624022360864126,0.00314017350603226,0.008038651605307014,0.011225441294112085,0.009352919477119328,0.005229592921722861,0.0055339455903744795,0.010267359848736099,0.07468204352275262,0.01455640866689738,0.012693012132155644,0.00898040950594306,0.012293953626096208,0.006154265603880233,0.010190180950319917,0.011577300552568281,0.012340502338440286,0.010125877546567585,0.06212396216090896,0.004548033511236969,0.007105183461283978,0.010346998322949158,0.0029090989637160724,0.005108035960090594,0.013502374456446845,4.1802839768995267E-4,0.009916083494193602,0.0124136421559322,0.011936324142637124,0.006236566992868769],[4.4678422448855E-5,6.802501341943317E-5,6.464966952852848E-5,3.197800231903791E-4,1.0161275927994735E-4,0.012985390776840152,1.0,7.621485602454236E-5,0.001107177142150788,8.623431791551281E-4,1.955390649963777E-5,3.3512323075753954E-4,1.4074783665038776E-4,0.002663651140314296,1.6160508407611364E-5,7.738526353833239E-4,1.728536109415055E-5,0.001076917979945224,1.5712279699992125E-5,4.3503476043266133E-4,0.009966697276279378,8.667235471915567E-5,2.777619313594966E-4,0.002315514597460153,1.814660326106762E-4,1.8912982330787556E-5,8.238503862127698E-4,1.9209145616321668E-4,1.1968355817988221E-4,2.7712653132035355E-5,2.098802094293478E-4,0.0021684271965277087,0.0023409221215015047,1.2094914906081633E-5,9.899781956366883E-5,5.6767282227241876E-5,4.402094257656078E-5,4.9880976303094186E-5,0.045609785105637,0.014347602092861738,1.2946346074110227E-5,1.0489579680675467E-4,0.0015657672802986198,1.5698841553041423E-5,6.031486643156761E-5,5.021292615361953E-4,9.664604004133402E-4,7.565804490887296E-4,0.06263479607224776,1.8391556199291638E-5,5.988203608371737E-4,9.104948549278053E-5,0.0013291106564072316,6.975973112787503E-5,0.0031793407854897654,4.162910001418829E-5,0.0018537304703400094,1.5291227929448915E-5,0.002293118294212166,2.906436004654774E-4],[1.6699088386783425E-4,1.2885862832369354E-4,1.6266371931676808E-4,3.388613020859802E-4,1.6130195134755423E-4,0.012339547093925755,7.621485602454236E-5,1.0,0.0019042678039193107,9.792317909054207E-4,1.2128052760164006E-4,0.008930404306444439,1.539242424949745E-4,0.0023728835921493574,1.0372857924778428E-4,9.990899848546179E-4,1.6546593150791334E-4,9.524013804789069E-4,1.6315335126738465E-4,2.570414764520934E-4,0.0022065880983158856,1.7169171721809274E-4,2.4212157213546182E-4,0.0020054496420946434,1.7456892135904808E-4,3.4106438823240795E-5,3.023104305196186E-4,2.642797512192121E-4,1.5065647704457137E-4,1.3813278922872465E-4,4.3568884780289673E-4,2.605487179469275E-4,0.0012042459115468355,4.411299917664014E-5,1.6859684934440952E-4,1.6787486065031283E-4,7.655719762573068E-4,1.7085270531819787E-4,0.06508654031998887,0.014320091427709014,1.0496428550208918E-4,1.8855349475602794E-4,0.0013026636399176314,5.808868786987793E-5,1.7720416678165316E-4,8.027456358637891E-4,8.000406462439588E-4,7.08711090233295E-4,0.06653301706593179,1.5808823082928995E-4,3.6858034691706926E-4,1.7276256375666938E-4,9.706783054409557E-4,1.2320635559499003E-4,4.6531671622488E-4,1.6748553594824782E-4,0.0010814785948103256,6.772413770326324E-5,0.0028547829458797115,0.00583879998006724],[0.003929260531867675,4.0501423143752207E-4,0.001158389548476657,0.0011497869024938983,0.002639083747093135,0.013355375290234091,0.001107177142150788,0.0019042678039193107,1.0,0.003136782542183537,0.003787466410323627,0.005833308792583173,0.004119456418698893,0.004416300039434886,0.0013737721482303881,0.004635663312586657,0.0029540106924568444,0.004816411096525668,0.0032644924577216847,0.002317786551755905,0.006479287546938009,0.0025172872065424004,0.0026255550132538927,0.003734774894228834,0.003234595555835355,0.0011184313937735205,0.0025918124014208,4.761069827898686E-4,0.0031228934770769464,0.003292755150378728,0.00230549779715188,0.0045353125928498175,0.004047885512756007,1.2964857104084528E-4,0.004610408035667028,0.0043498612823553075,0.0015415385718937382,0.00328576170880251,0.06485553449788344,0.010893689649030622,1.6367655270233065E-4,4.662104164927191E-4,0.0038228612793087084,0.0011794940939780039,0.00239782409150984,0.002668879132569765,0.0046936905337041195,0.003473045100966471,0.0698508622695359,0.0033062433492124545,0.0023486356039390775,0.0026835659382228243,0.003013639680840219,0.0026208889351396598,0.0040745897734435895,5.470751031237619E-4,0.004296507324802329,0.0013532847877127164,0.010636482753648709,0.005056176578539345],[7.543666803540609E-4,4.177176452530465E-4,6.330285211114836E-4,4.774545660088021E-4,0.0012294166668961387,0.011341572329503427,8.623431791551281E-4,9.792317909054207E-4,0.003136782542183537,1.0,6.968756057638784E-4,0.011175686000694284,0.0012214448653767199,0.0034548700588456936,0.0010667796616828217,0.0012847599065460506,1.3314918767650603E-4,0.00531506456699292,1.8422205995565296E-4,0.0012992095043356075,0.0062600842788691265,9.402050850311376E-4,0.0013426225217616436,0.0021299351173393274,9.682917450618783E-4,0.0010400819750527959,0.0012002384841352171,7.154698309626731E-4,0.0013371325330708722,0.0013087056605218847,0.0013447666834241721,0.002207217024082965,0.0014896374644699916,2.84309165406872E-4,2.6284690751950606E-4,6.399395710940852E-4,0.0013386628829043605,9.481729808994013E-4,0.06927305965867821,0.003317135226540479,5.711034533547526E-4,0.0010137919721842634,0.0018354358773698487,0.0011059181612740152,3.1463813404034556E-4,0.0013577531834124748,0.0013424180684892485,0.0013354968895785185,0.007246559074639836,8.80329951952746E-4,0.0012667009285693056,9.068601282403434E-4,0.0014889754620914806,6.027483679201805E-4,0.0017889067574177373,5.464023701789428E-4,0.001715318261057902,3.0803115587412037E-4,0.0063417521383615375,0.003225334494637945],[1.2946510171155614E-4,5.056840190489102E-5,4.319603440306498E-5,4.129598736106845E-5,8.466142054415772E-5,0.003075329209629645,1.955390649963777E-5,1.2128052760164006E-4,0.003787466410323627,6.968756057638784E-4,1.0,6.683502847261733E-4,1.3852173801183893E-4,0.0012773294572622908,1.827673941540417E-5,8.962420522204735E-4,2.8874222135315325E-5,0.005161066678064661,2.56117723719554E-5,3.974012064517956E-5,0.0025734845109627656,9.707017736125023E-5,0.0013229857869809475,0.0014535574981103124,1.606870648626678E-4,2.3502596449473158E-5,6.636117574563742E-4,9.53190347669766E-5,5.684688289447285E-5,8.15089168132348E-5,6.132555549475267E-5,3.156258150834247E-4,0.0025454992759787578,1.9511766532430547E-5,1.1333374207298238E-4,6.0932840693040145E-5,6.398429390076339E-4,3.318155693964081E-5,0.004559573043283107,0.01367308284018553,2.152140728925448E-5,8.43036024830783E-5,0.002179723331230466,2.775157062565064E-5,1.835152865178236E-4,7.688098544119867E-4,8.363224902486653E-4,6.957457762075348E-5,0.04873125557653847,2.374961792215533E-5,5.948562357864561E-4,4.774146063615083E-5,0.0012688382013455698,6.527641956529629E-5,0.0020568636707162234,1.368238181167074E-4,3.1284530511308363E-4,1.853863353723055E-5,0.008867716189207933,0.0014158456367521664],[0.007369643414773827,0.011918774423460348,0.008134784244581125,0.006265732605250499,0.006603234116028705,0.013496215217211092,3.3512323075753954E-4,0.008930404306444439,0.005833308792583173,0.011175686000694284,6.683502847261733E-4,1.0,0.012461796241057596,0.007922023551734846,0.006974198457697409,0.011271103590212547,0.0017273797891985457,0.008528202202010959,0.004845615687246184,0.003929608474819393,0.011384291939211465,0.008154533530818828,0.006260213887011269,0.005461863976391148,0.0060052130604651794,0.007837892527495588,0.007746065942582958,0.003797460741793963,0.009978045015808968,0.003947892041280212,0.006898037849688764,0.005407101647042374,0.008047614391009693,0.008658774031794133,0.011127213924540634,9.262450485847477E-4,0.00829513169242492,0.011170715536147603,0.04637676680945646,0.013395469454445417,0.010347933203531334,0.0034205505882072386,0.0029135415715512507,0.0013791194067295691,0.009058929665177167,0.002885827303983018,0.011308061398455567,0.0059726733690402545,0.04341462390845726,0.004762746677815143,0.0025672496117285634,0.002749649336480001,0.005743170980432189,0.007640508371788195,0.008160073991965925,0.0048863381137102405,0.005357130191318019,0.01220683083925192,0.011851283889254981,0.008673656345377777],[1.5842552277909724E-4,1.3897997989715865E-4,1.5860531852165602E-4,3.409521039828428E-4,1.342647112118631E-4,0.003859681921851371,1.4074783665038776E-4,1.539242424949745E-4,0.004119456418698893,0.0012214448653767199,1.3852173801183893E-4,0.012461796241057596,1.0,0.004123323109739058,8.219524207055004E-5,6.698189944183542E-4,1.0020231338720142E-4,0.0025002511341583084,3.2241991276199205E-5,5.826949832053727E-4,0.007275819571373178,1.4212438451349693E-4,3.1888054301403804E-4,0.0033323567372056996,1.6695824770135106E-4,8.093184847791586E-5,7.816550379699653E-4,2.2353524967150436E-4,1.415599968795338E-4,1.3032457308339397E-4,6.947231946817353E-4,0.0014107499322052201,0.0019315477315659376,9.761031936754037E-5,1.5354969919240737E-4,7.635048787236951E-5,5.003333849504856E-4,1.6921279626985817E-4,0.01612027785538772,0.005002331404524897,6.812565093298925E-5,1.808606788950616E-4,0.001236296614009721,6.11032722219568E-5,1.8164667171800827E-4,3.9103927267416063E-4,4.729989052437274E-4,7.250561037549783E-4,0.03133311219162071,5.2669511226545465E-5,3.783883152072583E-4,1.685576815960025E-4,1.6989922565910769E-4,1.1842866770781239E-4,0.0013034737657843921,1.5192099321861122E-4,5.513911879375351E-4,3.9584108236062514E-5,0.0054080422318776595,0.0033563099929708714],[0.00139636184039826,0.0034724331905595556,0.001071177574260081,0.0018734179348464965,0.003576798605995153,0.009916106081471088,0.002663651140314296,0.0023728835921493574,0.004416300039434886,0.0034548700588456936,0.0012773294572622908,0.007922023551734846,0.004123323109739058,1.0,0.0022160288490268875,0.0016724162081383854,0.002632931430525716,0.0054190362002612845,0.004231605196736251,0.003656847184051849,0.007693883813513887,0.0016912437359134184,0.002509804908045944,0.003907569685042231,4.113888797167684E-4,0.0032221433291149118,0.0016778946034650129,5.676825228989729E-4,0.003256729904256301,6.353168921839501E-4,0.0021006292977715263,0.003468778996018498,0.003980288927105781,0.002111447564340584,0.002154748298001032,0.003250395832994326,0.0032989339399834504,0.0015099868670728313,0.06240851900320278,0.00641086852545013,8.822401296119245E-5,0.002213786653967782,0.0024578685794985518,0.0033319594901230847,0.0022171819769833028,0.0030222594870688174,0.001724594896232591,0.0026772063567149324,0.038826727762475914,0.0033434914260690868,0.0038139127631238584,7.998159423264619E-4,0.0023700918356404934,0.0035769520980952,0.004057325711370406,0.0023899636630172,0.003941149426566388,7.393705642236056E-4,0.00770229080428887,0.005215291868206862],[2.9536857195986843E-5,3.2709315261684856E-5,9.496991136649748E-5,2.3156179825227892E-4,1.0256895718704718E-4,0.006715923553299026,1.6160508407611364E-5,1.0372857924778428E-4,0.0013737721482303881,0.0010667796616828217,1.827673941540417E-5,0.006974198457697409,8.219524207055004E-5,0.0022160288490268875,1.0,8.123364136944609E-4,1.674686360385446E-5,0.005533294520865449,1.3145631128232602E-5,3.574732676047011E-4,0.003165885149174404,1.2777760123450904E-4,5.817851767495602E-4,6.863328293401748E-4,6.470499162955504E-5,1.6323963908819295E-5,7.04773395062063E-5,3.343674016125077E-5,1.2955909053873418E-4,2.286735077296154E-5,5.522032525393109E-4,1.238265837906017E-4,0.002559884688030132,1.462722626465491E-5,1.5042910546377329E-4,4.906017320431225E-5,6.392579454062196E-4,1.5481008854108827E-4,0.05957590143434179,0.01351074127745986,1.5949058131750054E-5,4.848897658505683E-5,0.002222757640894775,1.5049412465819598E-5,1.4677471649908068E-4,0.0012500321923391304,1.3148238309306585E-4,0.0011855494567301003,0.054452823123284026,1.7550129045617162E-5,0.0011006257357898221,2.994313702249164E-5,9.650620826812719E-4,6.654473592779199E-5,0.002112981457410912,6.055383875830779E-5,0.0019125876105562114,1.601224047331701E-5,0.01098552854326325,0.005445993215154792],[4.7504670716790823E-4,4.07516642340221E-4,6.91700971993317E-4,6.954678579199361E-4,5.317106876312396E-4,0.007892737940409279,7.738526353833239E-4,9.990899848546179E-4,0.004635663312586657,0.0012847599065460506,8.962420522204735E-4,0.011271103590212547,6.698189944183542E-4,0.0016724162081383854,8.123364136944609E-4,1.0,8.695409748840294E-4,0.0047114813482816275,2.6151793538111394E-4,0.0010741275966453495,0.008926318889476148,9.21655070526677E-4,0.001266333078638788,0.001329614927742396,7.006772183681515E-4,1.5197258375492705E-4,0.0011167857310182586,7.806572590339153E-4,8.285709716553101E-4,2.882704731853158E-4,0.0012716071556183749,0.0014637000163691398,0.0027621056354513148,6.130461813585039E-4,3.806966130403438E-4,0.0010097099132549306,0.0011967341905663228,0.0011273893714741445,0.0317068058387049,0.008115971572530318,7.930901577564609E-4,8.617570598058438E-4,0.0015494406404905465,6.768838552007198E-4,6.23393640319858E-4,0.0012742661192063553,0.0014741152669932786,0.0012199934232981155,0.018938088966769826,2.020658177509872E-5,0.0011769551769626075,8.884091977050377E-4,0.0015460777825997266,8.582443176900048E-4,0.0015042823281965576,0.0010534812334330491,0.0019094198573764774,2.6554704279317117E-4,0.009861101753712933,0.005634766682619731],[7.532946184237741E-5,8.793194122815291E-5,9.139461525833965E-5,2.5862655273668094E-4,1.2619644257733323E-4,0.011250212355727164,1.728536109415055E-5,1.6546593150791334E-4,0.0029540106924568444,1.3314918767650603E-4,2.8874222135315325E-5,0.0017273797891985457,1.0020231338720142E-4,0.002632931430525716,1.674686360385446E-5,8.695409748840294E-4,1.0,0.005155299544467726,1.614448559203637E-5,8.250805787221546E-4,0.004680137802465366,7.209951436894844E-5,2.7478915250870667E-5,6.840877189467558E-4,1.0091507453846609E-4,1.795496216473326E-5,1.9351255195273036E-4,6.556229846184655E-5,1.3769138698911654E-4,4.124945840890674E-5,6.65935240484903E-4,0.0013320231139124826,0.003207530629774169,1.2271299752869856E-5,1.424377847594458E-4,3.413066052049179E-5,0.0010643032262381345,9.722165446751247E-5,0.0038721085472787145,0.006413929290550179,1.4458038973208513E-5,1.4828186871957381E-4,0.002020658223706834,1.5348299277430508E-5,1.2602199518757436E-4,0.0011457473163508573,5.691832457067831E-4,9.036432987946607E-4,0.062216453655563594,1.7559171421440952E-5,6.327569160344298E-4,1.3199306129303955E-4,3.054139877054599E-4,1.0415033575185944E-4,3.615147679322743E-4,8.317773059351564E-5,0.00116450000535824,1.6239266938446338E-5,0.00811180409968934,0.006057694592628363],[0.0022457446750961453,0.0011483796902328168,0.006571118462498397,0.003981444832724713,0.006147979989783497,0.006730411786063264,0.001076917979945224,9.524013804789069E-4,0.004816411096525668,0.00531506456699292,0.005161066678064661,0.008528202202010959,0.0025002511341583084,0.0054190362002612845,0.005533294520865449,0.0047114813482816275,0.005155299544467726,1.0,0.002106233710433757,0.0020358093947611395,0.006900920418179501,0.005616040874433155,0.001587335942953179,0.005084135777142082,5.737618755066436E-4,3.531010675072474E-4,0.0043867778595973635,0.005151924790590166,0.006397285807050072,0.0015471824622873553,0.0017782929505604087,0.0052136063493835125,0.006446399657833958,0.004588109534546058,0.005682368068840804,7.691106906082631E-4,0.0017051624991883134,0.0038445993712986092,0.009267956235308548,0.015288714797028802,4.073341431371179E-4,0.0015626589238019145,0.004111721280924732,0.005419575493529553,0.006083516362856521,0.0029171135712152247,0.0028260906030483078,0.0016049028451992561,0.03003712209931269,0.0017314287776361535,0.004189972016399833,0.005580989182826349,0.00359597088981782,0.004410099133298367,0.0037245303844420778,0.005598268820100786,0.005554885441139133,0.003727135150109712,0.007036086622549278,0.006516661412037182],[7.065469248485966E-5,5.848523451411883E-5,7.123248295204973E-5,2.3088181045396213E-4,9.08477182207968E-5,0.002852711551727924,1.5712279699992125E-5,1.6315335126738465E-4,0.0032644924577216847,1.8422205995565296E-4,2.56117723719554E-5,0.004845615687246184,3.2241991276199205E-5,0.004231605196736251,1.3145631128232602E-5,2.6151793538111394E-4,1.614448559203637E-5,0.002106233710433757,1.0,8.811517053815514E-4,0.006664244174109014,9.596296513850912E-5,1.6432616757647503E-4,2.8982240469244787E-4,1.5957174986794883E-4,1.2498422144376043E-5,4.377040191391418E-4,2.1679927297653764E-4,7.667100287678111E-5,1.1738713784182715E-4,7.694602242281329E-4,0.0022039310995812388,0.0024784343239045545,1.1505898507409179E-5,9.11629851206183E-5,4.9391847937784205E-5,5.856340723797851E-4,1.4905565361383042E-4,0.016538033521062142,0.005642371211573431,1.1446651137557293E-5,6.932580277472632E-5,0.0021893861899416564,1.2671232024546543E-5,1.8502038953763442E-4,0.0013097913071584155,0.0010537212301570814,7.832917541636067E-4,0.078164859689713,1.7956974477014275E-5,4.211053106320695E-4,1.2161919932127086E-4,0.0013528293718922768,4.8046959240585205E-5,0.002534334646330239,1.4733373680735076E-4,0.001740550870070262,1.3170973185197985E-5,0.0074399835168518285,0.0051704161715741175],[3.616226848839417E-4,8.565144267384037E-4,9.79757628181251E-4,9.110002672069869E-4,5.771678812165351E-4,0.004321273982938745,4.3503476043266133E-4,2.570414764520934E-4,0.002317786551755905,0.0012992095043356075,3.974012064517956E-5,0.003929608474819393,5.826949832053727E-4,0.003656847184051849,3.574732676047011E-4,0.0010741275966453495,8.250805787221546E-4,0.0020358093947611395,8.811517053815514E-4,1.0,0.004963150116346701,3.928612995068723E-4,0.0013447829047555943,0.0021367907657829917,6.09438027627118E-4,4.7791816769890373E-4,0.0010248377810732374,2.7775179026732626E-4,2.719184821881538E-4,8.411786718306855E-4,0.001307578109687538,0.0020637598836132647,0.0026913808531644455,7.512849934365333E-4,8.396736344204409E-4,2.4643883142325747E-4,0.0010458861807139286,5.333479832559347E-4,0.07071409181615784,0.00395262790467673,5.825781352297847E-4,8.408014152021868E-4,0.0017438383654130188,3.971038840275018E-4,4.610667846172061E-4,0.0010416341246241479,0.0011335743085542833,0.0011084066500682331,0.03445647511952485,9.99020520402038E-4,0.0010313266160408413,8.185072849411579E-4,0.0011191200781893015,5.678814596073753E-4,0.0018107046468923437,6.862205885169886E-4,0.0019802824270622613,2.973825057152333E-4,0.0015991633956361937,0.004157851107447453],[0.005495842642687497,0.009964260885943682,0.005203865176498315,0.002475798503414979,0.005221889899855199,0.01222141325861172,0.009966697276279378,0.0022065880983158856,0.006479287546938009,0.0062600842788691265,0.0025734845109627656,0.011384291939211465,0.007275819571373178,0.007693883813513887,0.003165885149174404,0.008926318889476148,0.004680137802465366,0.006900920418179501,0.006664244174109014,0.004963150116346701,1.0,0.004025075665402429,0.0060634310629597695,0.004646331432833408,0.006620943907359771,8.815044339935008E-4,0.009212950958561355,0.0037106051316653558,2.836986214720603E-4,0.0090114132696531,0.00617365978454279,0.009339297368917053,0.0071511188729786335,0.007632215265536847,0.01061383581534545,2.803150761829917E-4,0.0059110798739688865,0.009015538928978498,0.06426591881305964,0.011580013052607696,0.002167078310420701,0.003399355977536139,0.003278921326522621,0.0040796673939548864,0.009246229522325747,0.005174140356502877,0.00265597314362193,0.008550167223842317,0.024607399386309188,0.0037807151807072127,0.0062237146528453455,0.003371473814449085,0.006771629191840833,0.003750782438765505,0.009709669123226983,0.0035190051707576493,0.005060144316666888,7.397839597629613E-4,0.010731803134535157,0.0062973561114437636],[1.6844156930012562E-4,1.7151608431727146E-4,1.6261899148298567E-4,1.753043494011534E-4,1.7000131233151533E-4,0.010339190940469985,8.667235471915567E-5,1.7169171721809274E-4,0.0025172872065424004,9.402050850311376E-4,9.707017736125023E-5,0.008154533530818828,1.4212438451349693E-4,0.0016912437359134184,1.2777760123450904E-4,9.21655070526677E-4,7.209951436894844E-5,0.005616040874433155,9.596296513850912E-5,3.928612995068723E-4,0.004025075665402429,1.0,4.866818835260314E-4,9.115360942938243E-4,1.7878095547755303E-4,1.5897784094439393E-4,2.442767045359132E-4,2.0539900797546004E-4,1.4608250303689668E-4,1.2088952995766032E-4,0.0010447874820369684,0.002108854214612757,0.0021428761752737132,7.42316750956435E-5,1.701913849936444E-4,1.0453576919824343E-4,5.467316577653135E-4,1.7222457932864672E-4,0.058711722453159476,0.0026660391775746267,5.432385392391289E-5,1.7581569009249005E-4,0.001846860726185953,4.1815757829289046E-5,2.330027452925431E-4,0.0010974267418491237,0.0011852932444222672,3.4692944381611016E-4,0.06277145048354622,3.4685516210893744E-5,5.916075175914429E-4,1.7850793389298674E-4,0.0014802703761079238,1.4851770750169983E-4,0.0016144113669208854,1.6389372838720466E-4,0.0012836029304046218,5.64192928767185E-5,0.0019373045860185418,0.005709156535973565],[9.910603152932986E-4,0.0012027713418455753,0.0010158208337626476,0.0011106422183241385,4.5018214870001056E-4,0.007931504522122861,2.777619313594966E-4,2.4212157213546182E-4,0.0026255550132538927,0.0013426225217616436,0.0013229857869809475,0.006260213887011269,3.1888054301403804E-4,0.002509804908045944,5.817851767495602E-4,0.001266333078638788,2.7478915250870667E-5,0.001587335942953179,1.6432616757647503E-4,0.0013447829047555943,0.0060634310629597695,4.866818835260314E-4,1.0,0.0024901031204299017,0.0010289126497781366,9.869911916560966E-4,0.0011477915834143839,3.7503188069894607E-4,3.923642281020388E-4,8.809389617011734E-4,0.0013898145784522638,0.002074867294694585,0.0020645570272974176,9.770562172742622E-4,3.877227115327897E-4,2.403873447768552E-4,0.0011721305138329768,2.434585301270017E-4,0.01219944192624409,0.005369601962000178,8.615977678409018E-4,0.0010591182026718424,0.002238974809487135,0.0011548592877586202,6.182875631838867E-4,0.0016570946498766623,0.0014901208124005031,0.0012562369396429448,0.006756327354205909,0.001030410952892996,0.0013386712685387206,3.1432604348423116E-4,0.0014253043126617741,0.0012465939875343508,0.0014678232626935113,3.3423911106711504E-4,0.0013857094026911716,9.300035936137439E-4,0.008805403257907275,0.003731018566825904],[0.002999312703772539,0.0030560913742240636,3.208919157513378E-4,0.0017473321438082757,0.0022761888476023574,0.009553322139362812,0.002315514597460153,0.0020054496420946434,0.003734774894228834,0.0021299351173393274,0.0014535574981103124,0.005461863976391148,0.0033323567372056996,0.003907569685042231,6.863328293401748E-4,0.001329614927742396,6.840877189467558E-4,0.005084135777142082,2.8982240469244787E-4,0.0021367907657829917,0.004646331432833408,9.115360942938243E-4,0.0024901031204299017,1.0,7.290271438148714E-4,0.0024968432699340455,0.0033336327162272706,0.0014469649867234833,0.003244452402628696,0.0016643538111408517,0.0018512088356398206,0.0027864862864572866,0.00344695537910351,5.649978121615219E-4,0.0021322479191741733,0.0031140377510423963,0.0017417991641229097,0.002543679021121027,0.03345571461670485,0.014003335526517936,0.001865141406140157,0.0022994110916353242,0.0032528293144444475,0.0024635950122179674,3.5868302719008975E-4,0.0020973406317336732,0.0018512159827169727,0.0014739682790743539,0.06729430397771535,8.361848757432809E-4,0.0023672274611326208,0.003326958234019416,0.0020986444484328735,0.001374298832980107,0.003532779451548438,3.294852714639733E-4,0.003338598425235685,7.662465047977539E-4,0.0035990051896431043,0.004402970148030172],[1.65318331309719E-4,1.7775151465395988E-4,1.8091622268103882E-4,3.4129086801153294E-4,1.5045844700467914E-4,0.009141393802191743,1.814660326106762E-4,1.7456892135904808E-4,0.003234595555835355,9.682917450618783E-4,1.606870648626678E-4,0.0060052130604651794,1.6695824770135106E-4,4.113888797167684E-4,6.470499162955504E-5,7.006772183681515E-4,1.0091507453846609E-4,5.737618755066436E-4,1.5957174986794883E-4,6.09438027627118E-4,0.006620943907359771,1.7878095547755303E-4,0.0010289126497781366,7.290271438148714E-4,1.0,9.551035657467467E-5,3.589982032515401E-4,2.3236602887030382E-4,1.5755765419129302E-4,1.3909484670917468E-4,0.0010252724939560647,6.3465893174711E-4,0.0012381908867362369,1.6450830025548037E-4,1.7347839707197585E-4,9.066883405298279E-5,5.40477141083823E-4,1.8728205081089996E-4,0.03942226291382997,0.013826704873884647,1.784205642760581E-4,1.9031798279562124E-4,0.0012435677446317468,1.574518439435005E-4,2.3336858123348478E-4,9.300045238155167E-4,0.0010858574608799336,7.28808253634786E-4,0.019033873658859647,1.270006466498805E-4,2.6590588263021553E-4,1.8580327115240037E-4,0.001244390153444152,1.657748967879069E-4,0.0020218153623947767,1.7799898746790504E-4,7.090253460211419E-4,2.2715251281505334E-5,0.008749712706351605,0.004788194755343985],[1.5460262897496951E-4,3.874931552575864E-5,6.210473686920776E-5,2.6475225233023374E-4,7.681280206536844E-5,5.120169804291021E-4,1.8912982330787556E-5,3.4106438823240795E-5,0.0011184313937735205,0.0010400819750527959,2.3502596449473158E-5,0.007837892527495588,8.093184847791586E-5,0.0032221433291149118,1.6323963908819295E-5,1.5197258375492705E-4,1.795496216473326E-5,3.531010675072474E-4,1.2498422144376043E-5,4.7791816769890373E-4,8.815044339935008E-4,1.5897784094439393E-4,9.869911916560966E-4,0.0024968432699340455,9.551035657467467E-5,1.0,2.3610664836078268E-4,1.6304755704096228E-4,8.51329879353708E-5,9.201907021777456E-5,3.990711519995984E-4,3.7902831501825335E-4,0.0015603160099285866,1.4868849105152493E-5,5.9448754264471476E-5,5.6020648815890204E-5,1.3994572111246292E-4,4.48229448376552E-5,0.004932621268914372,0.005794702614476319,1.849970343668875E-5,2.5061269292500265E-5,0.0014192711471381326,2.2196809512323733E-5,8.752175834598563E-5,3.924694988501508E-4,8.22788964421722E-4,1.563696932187222E-4,0.03250664704010838,2.101044092078344E-5,1.5360096671204933E-4,5.7763598807749583E-5,5.267642096860251E-4,8.48028199257262E-5,0.0021728592992377657,1.2180411456501981E-4,6.755008997679948E-4,1.7101001158753595E-5,0.01063070377922873,0.0024148633215825407],[5.511928375191407E-4,6.351157694321937E-4,4.940815757031932E-4,5.970080457198681E-4,3.4411368891778025E-4,0.009033010352374665,8.238503862127698E-4,3.023104305196186E-4,0.0025918124014208,0.0012002384841352171,6.636117574563742E-4,0.007746065942582958,7.816550379699653E-4,0.0016778946034650129,7.04773395062063E-5,0.0011167857310182586,1.9351255195273036E-4,0.0043867778595973635,4.377040191391418E-4,0.0010248377810732374,0.009212950958561355,2.442767045359132E-4,0.0011477915834143839,0.0033336327162272706,3.589982032515401E-4,2.3610664836078268E-4,1.0,5.609466844251035E-4,2.9537834487798804E-4,9.240586481349207E-4,0.001128906125220244,0.0017278632211981666,0.0026230685872554167,7.816703387161669E-4,1.6876307809338177E-4,6.468459695495066E-4,0.0010562026177238844,6.993354937349753E-4,0.06616029762416616,0.002414314312642442,8.395822108684234E-4,5.971685055919369E-4,0.002133428232396637,6.695651738168176E-4,4.890922548113572E-4,0.001492427052896277,0.0014670432243722956,0.0011121874037904385,0.0083877475542744,0.001014046321268997,0.0010875224084302185,4.2953067071387736E-4,0.0011754736817358863,3.271896232167981E-4,0.0015954518563879687,8.893837133700975E-4,0.0011708436410923905,7.746556550282884E-4,0.005285347816905706,0.0012465555071907275],[2.487665522259784E-4,2.716352830263882E-4,2.2903224347764202E-4,3.7347461390107597E-4,2.6672508482188E-4,0.003984270122549075,1.9209145616321668E-4,2.642797512192121E-4,4.761069827898686E-4,7.154698309626731E-4,9.53190347669766E-5,0.003797460741793963,2.2353524967150436E-4,5.676825228989729E-4,3.343674016125077E-5,7.806572590339153E-4,6.556229846184655E-5,0.005151924790590166,2.1679927297653764E-4,2.7775179026732626E-4,0.0037106051316653558,2.0539900797546004E-4,3.7503188069894607E-4,0.0014469649867234833,2.3236602887030382E-4,1.6304755704096228E-4,5.609466844251035E-4,1.0,1.8146887703383337E-4,1.2610199187594348E-4,0.0013719943430656883,5.685477461476528E-4,0.003230401927100863,2.4284099250571257E-4,2.4318875392991842E-4,1.977523994465149E-4,7.950441676086079E-4,2.703906286765684E-4,0.0540103315978697,0.00781485827276165,2.378463970863618E-5,2.4287492752590931E-4,0.0010253745907632095,2.525712289704254E-4,2.5880137925005266E-4,0.0011550925515431936,0.0014996231458693989,7.602650858846274E-4,0.028870600341316957,2.4192957029103764E-4,3.557060812043721E-4,2.2960214429817245E-4,4.16165703286747E-4,2.530793792466773E-4,0.0021677582349676505,2.0094859113766595E-4,2.8474158375393194E-4,1.6372215150321477E-4,0.004811826745834406,0.00226062826671274],[1.497258256063217E-4,1.299317952336712E-4,1.4005061095057408E-4,3.183230343343904E-4,1.3431973279603963E-4,8.747128063507986E-4,1.1968355817988221E-4,1.5065647704457137E-4,0.0031228934770769464,0.0013371325330708722,5.684688289447285E-5,0.009978045015808968,1.415599968795338E-4,0.003256729904256301,1.2955909053873418E-4,8.285709716553101E-4,1.3769138698911654E-4,0.006397285807050072,7.667100287678111E-5,2.719184821881538E-4,2.836986214720603E-4,1.4608250303689668E-4,3.923642281020388E-4,0.003244452402628696,1.5755765419129302E-4,8.51329879353708E-5,2.9537834487798804E-4,1.8146887703383337E-4,1.0,1.2184472842803686E-4,8.173958788619574E-4,4.591320567594254E-4,0.002968681545868239,1.545364706642841E-5,1.5288480562062484E-4,1.1266874465266849E-4,7.151303842663939E-4,1.7101610580833133E-4,0.061609208734605014,0.011163187310554382,1.184488659431077E-4,1.8497433490223227E-4,7.247943447777677E-4,7.88754977121627E-5,1.4025837302674067E-4,3.150915312789866E-4,0.001019418014281264,1.957598807948008E-4,0.029958588684225924,4.629902508953945E-5,4.1728314762424135E-4,1.5517043375852936E-4,0.0014057447053833032,1.246431979218262E-4,0.002671084918056929,1.5478503315676163E-4,2.61925022961203E-4,1.1565541005169604E-4,0.003451110969922323,0.003447699320590429],[1.3122691887396728E-4,1.2160373891162059E-4,1.490710471237959E-4,3.5286856396162566E-4,1.1915198032179188E-4,6.041594805277458E-4,2.7712653132035355E-5,1.3813278922872465E-4,0.003292755150378728,0.0013087056605218847,8.15089168132348E-5,0.003947892041280212,1.3032457308339397E-4,6.353168921839501E-4,2.286735077296154E-5,2.882704731853158E-4,4.124945840890674E-5,0.0015471824622873553,1.1738713784182715E-4,8.411786718306855E-4,0.0090114132696531,1.2088952995766032E-4,8.809389617011734E-4,0.0016643538111408517,1.3909484670917468E-4,9.201907021777456E-5,9.240586481349207E-4,1.2610199187594348E-4,1.2184472842803686E-4,1.0,2.792144008958184E-4,0.0020327831930629357,0.0014309362598666202,9.453912197362812E-5,1.3596901111616127E-4,8.54922064971831E-5,9.746453724384194E-4,1.3251875007575705E-4,0.015478521001025085,0.016676887155069195,2.9948758633885307E-5,1.5175904113593597E-4,0.001425153890582005,9.534281016566104E-5,1.2467875285023457E-4,3.231786080965716E-4,0.0012993709177242434,3.890462592256681E-4,0.04780419867966261,7.374517485983502E-5,5.879250545425721E-4,1.543638332375464E-4,9.182162516131277E-4,1.0794720208622753E-4,0.002731266407684589,1.4244377083402103E-4,0.0013637120218785708,9.812175590609284E-5,0.009669689388797541,0.006013930772451522],[4.7563031991423795E-4,4.6253339119355536E-4,3.9216534780779915E-4,5.345645800071967E-4,0.001206135845727754,0.009624022360864126,2.098802094293478E-4,4.3568884780289673E-4,0.00230549779715188,0.0013447666834241721,6.132555549475267E-5,0.006898037849688764,6.947231946817353E-4,0.0021006292977715263,5.522032525393109E-4,0.0012716071556183749,6.65935240484903E-4,0.0017782929505604087,7.694602242281329E-4,0.001307578109687538,0.00617365978454279,0.0010447874820369684,0.0013898145784522638,0.0018512088356398206,0.0010252724939560647,3.990711519995984E-4,0.001128906125220244,0.0013719943430656883,8.173958788619574E-4,2.792144008958184E-4,1.0,0.0014391967906412255,0.0036746945268384297,7.63539171750454E-4,2.806694270785289E-4,4.5784074426638793E-4,0.001337589973816709,9.406733470558935E-4,0.04359108812779108,0.009627578960592123,3.953869504914147E-4,8.263333263358597E-4,0.00214698087757279,6.178696089867674E-4,0.0011966445620723981,0.001734140092503716,0.001618282859594102,0.0012374546428298356,0.019669764892613642,4.655260957923757E-4,0.0014216789577812129,0.0012521889233952184,0.001543295088472592,3.064204308880731E-4,0.002260087462239727,0.001026361503878078,0.0018999255020523366,6.858632297504047E-5,0.0029619189232194983,0.0021885997949108254],[1.7097636327241954E-4,0.002131599205723257,8.255822312748341E-4,0.0016783225456538492,0.00142931742257522,0.00314017350603226,0.0021684271965277087,2.605487179469275E-4,0.0045353125928498175,0.002207217024082965,3.156258150834247E-4,0.005407101647042374,0.0014107499322052201,0.003468778996018498,1.238265837906017E-4,0.0014637000163691398,0.0013320231139124826,0.0052136063493835125,0.0022039310995812388,0.0020637598836132647,0.009339297368917053,0.002108854214612757,0.002074867294694585,0.0027864862864572866,6.3465893174711E-4,3.7902831501825335E-4,0.0017278632211981666,5.685477461476528E-4,4.591320567594254E-4,0.0020327831930629357,0.0014391967906412255,1.0,0.0034707266389823873,3.93960330723008E-4,0.0016982327540069502,9.870998770250992E-4,0.0013364606637407692,0.0013026713605165654,0.