[[1.0,0.010338418976004238,1.5203046819213246E-4,1.380449768450438E-4,9.500940224728055E-4,0.0069669749262677196,6.153538752862809E-4,0.0011627460933186344,8.808009550558282E-5,1.2839160609165928E-4,0.006464511032966264,0.009537439228140198,0.0012823869482956783,1.7263488173380477E-4,1.740841327553265E-4,1.6861175938507147E-4,2.1088938116391734E-4,5.714692964918756E-4,1.2751505768095943E-4,1.2721670658062063E-4,1.1988830494496262E-4,2.0118086545039778E-4,1.2550069294206884E-4,0.007207285387885436,0.015627649524261728,4.252242930520587E-4,5.593018589610569E-4,1.4106695106094967E-5,1.0524281149129569E-4,0.013622941955693435,0.0016771933091372817,0.0015739610297364718,0.0024778897535811008,7.649383556020386E-5,0.0036138017552919443,7.871892753329824E-5,3.931841696530696E-4,5.813789054797329E-4,1.5631764032099024E-4,3.7104085130117907E-4,0.0010130325986510307,1.92458585639262E-4,0.006132892354303256,0.0065551825216818745,1.9081521299145414E-4,1.30750060149241E-4,1.0619626711845958E-4,2.56834574301552E-4,0.004862996416977792,1.3763787077841923E-4,2.1011049750553807E-4,1.7418146757825913E-4,0.003667331555597179,2.3865731527477278E-5,0.0012308107750877725,8.339856887813461E-5,0.002210790904945857],[0.010338418976004238,1.0,0.0010910438182664324,0.0032529453614204415,0.009009710021361736,0.011374479361778989,0.010899653907251854,0.010837731951279756,0.004018291360430529,0.005490189735875977,0.009080796912795569,0.011448471141132044,0.01043028091990267,0.0036996806657897,0.01096344179061026,0.010064907150467104,0.009656434103608834,0.011928088036012788,0.00568146423376547,0.004442968552950027,0.0028483858840384537,0.006079238290799682,0.003204477438322084,0.01190851322110302,0.013417541095822548,0.010101719386453179,0.009626272113732095,0.0028617677615281247,0.009556701413591393,0.015602559018251715,0.0028471634290455254,0.006871885755968898,0.008139590105021759,0.008980396216058825,0.012531920037506215,0.008384448287541323,0.009672561246540834,0.009279238944025403,0.00915632154376417,0.01027455788603241,0.008293112292354372,0.004048502372268031,0.015517843230253792,0.007371573628491943,0.002196479448399951,0.001046254024596275,2.4498944086679444E-4,0.009824090659160898,0.01019922128825119,0.0010082631345313341,0.009298067910711598,0.008148429051789825,0.011010246305014147,0.0034102927686485767,0.005076322047490882,0.006534802016594726,0.0056861529906922035],[1.5203046819213246E-4,0.0010910438182664324,1.0,1.600081934262731E-4,0.0017553734120721045,0.0019336419304297422,6.43234521602527E-4,3.534667179893352E-4,9.015534611456217E-5,1.4969616767603516E-4,0.006233736311569001,0.0012119904471828047,3.7445529663487264E-4,1.8627834951826614E-4,1.7711719315147942E-4,2.695050951706118E-4,9.236177536480167E-4,0.009633276723406126,1.2861969994169638E-4,2.0150900516558E-5,1.2436278053252136E-4,4.692302110428919E-4,1.72150274972996E-4,0.005616884887062972,0.035880496759365534,4.357822845135268E-4,2.0871355598922392E-4,9.811993789464723E-5,1.2034202849043124E-4,0.0037243925787343204,5.549642839887915E-4,5.099000786960627E-4,0.0012651908570586413,5.973159841063211E-5,0.009513441295405732,4.053411092508138E-5,5.248235304048764E-4,4.08601856404247E-4,3.1378553020794246E-4,6.951438857638609E-4,0.0017012217238682363,2.8928394296877575E-4,0.014581245759228348,0.006163906345968149,1.9150400754180637E-4,1.526014472807866E-4,3.4517584653784785E-5,2.9310942000440945E-4,0.0010267587100633746,1.636805918962558E-4,1.9128515149058038E-4,7.768166639213743E-4,0.009341977276094673,6.33080131720313E-5,0.0010382995262551468,1.709170084763023E-4,0.003341991680880546],[1.380449768450438E-4,0.0032529453614204415,1.600081934262731E-4,1.0,5.000573455786729E-4,0.003914573844601252,4.372760481442849E-4,7.522613185438126E-4,6.17585558363278E-5,1.319717518168508E-4,0.004448894274597922,9.737384368253548E-4,6.006193122637483E-4,1.5372104017991818E-4,1.4023406377661082E-4,1.6833751980765472E-4,0.0013717772135644808,0.011948928508541156,1.3010422919886703E-4,8.687191502701349E-5,1.1803720179041345E-4,7.087916182052666E-4,1.2880659601681926E-4,0.011646520335389383,0.002823262072102779,3.472156993175083E-4,6.831310381208302E-4,2.3581082897821135E-5,1.0350106073480505E-4,6.92719694282858E-4,9.985069761858673E-4,9.970980296445183E-4,0.001157897391611075,1.3063563969698412E-4,0.007688904151105192,1.2953119211132222E-4,3.140325514325653E-4,0.0011788344718050563,6.826088084295124E-4,6.891961958936383E-4,0.0012054451318300892,2.3331897910927564E-4,0.013778905716957167,0.0015369514899412472,1.828336863727011E-4,1.2961484071937894E-4,7.912702035658601E-5,3.3350867132128577E-4,0.0033815546343279254,1.3309170178452308E-4,2.0225398786994676E-4,8.499593331246401E-4,0.007477303474612435,4.013872580183426E-5,9.674930972924069E-4,1.0273362061737973E-4,4.385023460279436E-4],[9.500940224728055E-4,0.009009710021361736,0.0017553734120721045,5.000573455786729E-4,1.0,0.005389499313747741,0.0017160676311080722,0.0017399682756512917,0.0010333668921332785,0.001106888362665164,0.006034674480891638,0.004712540942375273,0.0024744211026893124,8.580797497725026E-4,0.0020178133082243916,0.0020925289533150573,0.0026393637489084696,0.009636092017256207,0.0016733059531045054,2.8899347799654976E-4,3.6217491248732696E-4,0.00243258090324309,0.0011943965746836172,0.008589734802249411,0.03362024125625716,0.0020196202978203467,0.002141262523290756,0.0020425807954147497,1.852564007409192E-4,0.014626044417849489,0.0020478664795427082,0.002078210111649291,0.002925109394049396,0.001468135423319262,0.013719164545313925,0.0014674157930543782,0.0018868955405424478,0.0022275017786120227,0.001156125196276976,9.224245074667295E-4,0.0021390084623889956,4.0619173570622985E-4,0.013984970801824429,0.0026342451696553908,0.002312844050834475,3.731606611458206E-4,3.216909399370448E-4,0.0020146139954281403,0.004928804908979853,0.0016170868594807325,0.001229425045356547,0.0013868980762472402,0.007244668731786899,6.349067684189224E-4,0.0020887093565817244,7.621318577525513E-4,0.0031257744100186367],[0.0069669749262677196,0.011374479361778989,0.0019336419304297422,0.003914573844601252,0.005389499313747741,1.0,0.004014536931338207,0.0025533133695528768,0.01034915140751422,0.0016832376227396942,0.009697828433641965,0.01155959444687256,0.0073575245773326164,0.005666412736405752,0.01145191060683035,0.01143980349655773,0.004804048383315763,0.012226036511522076,0.0038417171358546766,0.003652783400083034,9.809465589451633E-4,0.011017121077140587,8.217966783043653E-4,0.012223432604858362,0.026650552794561348,0.004713265258006832,0.009959333773634884,0.00800245672912498,0.006260505112176803,0.014078502233340087,0.004899986315837037,0.010532223162586197,0.009509322342093842,8.437195435573561E-4,0.012565899635618976,0.009003181223730797,0.008909853909929585,0.010569868136046164,0.008230000452622755,0.004547260280362835,0.00887189666224488,0.010134836559599753,0.01502912446585173,0.009761466245068157,0.0011841558044773273,4.218819890476422E-4,0.007732964543610824,0.00898421919085014,0.007274271130241313,0.004540316841798049,0.008229943061047025,0.01122739905840029,0.01067106946448576,0.0085637902620501,0.008791735033212476,5.87413839414242E-4,0.007068472100152334],[6.153538752862809E-4,0.010899653907251854,6.43234521602527E-4,4.372760481442849E-4,0.0017160676311080722,0.004014536931338207,1.0,9.77343393789676E-4,2.8198557127210634E-4,8.173667387592094E-4,0.007096794993877551,0.01160513030045546,0.0011397711856805434,5.857805169244665E-4,6.995513366061912E-4,7.838528755891556E-4,0.0037158290124108427,0.0027900763610130127,2.601662202149188E-4,7.312313833793139E-4,1.4674838069146981E-4,9.605952528840119E-4,8.691018830152791E-4,0.012040139903347891,0.016427676349694956,0.0016370898447860644,7.631086384180454E-4,1.2248927590488502E-4,7.406989070698949E-4,0.01263679300770749,0.0015201566111908004,0.0012211992878206328,0.0021986772697752174,1.701012385936777E-4,0.013926962786063207,7.359756583728604E-4,9.012544955023103E-4,0.0011495363968605412,0.0010004827317349068,8.779154489868694E-4,0.0011222581823235546,7.957475864527736E-4,0.009729180155454983,0.0033768387098019512,4.489424246855143E-4,3.8072212729537216E-4,7.378016908360912E-4,4.7665137110744125E-4,0.0018106133774533403,1.755899326792766E-4,3.26098774253164E-4,0.0010609013168210455,0.0010898324508495038,5.307975567856477E-4,0.0010880744943823821,2.102298165673201E-4,0.0033761773733221854],[0.0011627460933186344,0.010837731951279756,3.534667179893352E-4,7.522613185438126E-4,0.0017399682756512917,0.0025533133695528768,9.77343393789676E-4,1.0,9.617874090287893E-4,4.819318860823491E-4,0.005236228493070205,0.0034692778386313378,0.0014196653150316996,0.0010748819921877783,0.001265705991886424,8.807375478521043E-4,0.0029885829812849206,0.0022739059118279817,4.5979969768295025E-4,0.0013055234826907759,7.921398581092914E-4,0.0011548202285690259,0.001152067854189918,0.0032843809310841477,0.009015612905235688,0.001532836328170065,7.059771133124541E-4,2.8794985860888903E-4,0.0011894313024661987,0.011305408684965436,0.0014995736882644991,0.0019529628182441642,0.0022886828979671314,7.617906370538041E-4,0.004721401504925631,5.848830805453846E-4,9.685385107234647E-4,0.0012427219846675671,0.001139136906857294,8.235518999754973E-4,0.001504738015914749,7.172526479658837E-4,0.0021081950203313167,0.0047547326188044185,4.374651457850003E-4,2.539752638082727E-4,7.315555031260061E-4,0.0011409773720099032,0.001791439778436918,8.72803125416444E-4,4.185664661993186E-4,0.0011450272302774478,0.008880082624337954,3.6053877031713943E-4,0.0014761646818923385,2.1717914905073818E-4,0.0029523096691360497],[8.808009550558282E-5,0.004018291360430529,9.015534611456217E-5,6.17585558363278E-5,0.0010333668921332785,0.01034915140751422,2.8198557127210634E-4,9.617874090287893E-4,1.0,2.535817207547214E-5,2.853606705619605E-4,0.0016646759694695053,0.001291485214121395,1.518424839370408E-4,5.981809663729848E-5,3.7662006983466126E-5,0.0024060275289747002,0.010580867250164872,8.645954772540084E-5,1.4269934929249282E-5,4.4788025994686606E-5,6.02197003673575E-4,3.841559230754072E-5,0.0021485894256516634,0.007343912935868261,8.465458559606486E-4,2.8245119646604176E-4,1.651799280680046E-5,4.011900850367688E-5,0.0053932252862161885,6.659641970859747E-4,0.0019877884771166312,0.001737303949860201,1.397980952019753E-5,0.008087676885484254,1.5859471478022505E-5,2.6760440991632572E-5,0.001163560627587985,1.1240765878702475E-4,4.2368517660580244E-4,0.0017946260713064559,5.401641122492554E-5,0.012099433189138226,0.0044315800001198035,1.3011286047212632E-4,7.346425379294822E-5,1.6954501995625438E-5,2.101997293498239E-4,0.00532221327489173,3.2408416437265035E-5,1.673398602257851E-4,6.454378793399238E-4,0.0025245053515959973,2.163349799409177E-5,7.07794537276168E-4,1.7813887439915685E-5,5.687337511097116E-4],[1.2839160609165928E-4,0.005490189735875977,1.4969616767603516E-4,1.319717518168508E-4,0.001106888362665164,0.0016832376227396942,8.173667387592094E-4,4.819318860823491E-4,2.535817207547214E-5,1.0,0.003455638357358294,5.493805341299982E-4,0.0012610096710584033,1.469054440263319E-4,1.3449287398217192E-4,2.9234935525973733E-4,0.0027145177910690346,0.004684201972896883,1.2606776937017312E-4,4.227444379021419E-5,1.1574013012488777E-4,8.188240264500967E-4,1.2192936380697091E-4,0.008821650756543013,4.2085720674854435E-4,1.8702119195250123E-4,3.550602847857917E-4,9.828809914178019E-5,1.1464531448245044E-4,0.013403034054537468,0.0010921553199083436,0.001562035228442726,0.0018728237657787473,7.491633458503852E-5,0.0048493829165706225,5.776987360792863E-5,4.962057830495728E-4,0.0010017432689886651,3.859693022081911E-4,1.5688605307011933E-4,5.394833906670458E-4,3.4231423727189194E-4,0.01166687614350058,0.0038164752299443033,1.7042024692717536E-4,1.2397652517721368E-4,6.6386704060091E-5,1.3083394466957213E-4,0.005169963086090941,1.2415972667046413E-4,2.1617754627516788E-4,6.359288470798725E-4,0.007848516748328574,8.258881625654504E-5,0.0013430421720280734,1.242685306851777E-4,0.0020331240543622277],[0.006464511032966264,0.009080796912795569,0.006233736311569001,0.004448894274597922,0.006034674480891638,0.009697828433641965,0.007096794993877551,0.005236228493070205,2.853606705619605E-4,0.003455638357358294,1.0,0.009464603894514739,0.008687730474699373,3.5847903257062565E-4,0.004879057688973943,0.0020865248541999957,0.005049805147246286,0.010364661481618135,0.0024551352171799873,0.006662920121266903,0.0036714428614045007,0.007575689846832346,0.0021448047179538654,0.009065272426103933,0.030295016936502477,0.007896842687364597,0.005316466862206817,4.7434590628512685E-5,0.007063220350204206,0.010025055020996895,0.0021345861113302293,0.002290995716697826,0.008113159873848478,0.007268225930621001,0.012132231854318986,0.008337186786884264,0.002068620759692371,0.0031206456035675796,0.0025343502966611725,0.005301577134022088,0.0030754278299648355,0.003359824813618804,0.012014463814847904,0.006658981157487621,0.001159575477722705,0.007122258042529906,0.008644719639728694,0.002669401458464385,0.006524744349583488,9.943067832941558E-4,0.007036602311974589,0.007886361671528064,0.009000910426344494,0.006075629092085029,0.005518103696631449,0.003925057297638791,0.005202110048047915],[0.009537439228140198,0.011448471141132044,0.0012119904471828047,9.737384368253548E-4,0.004712540942375273,0.01155959444687256,0.01160513030045546,0.0034692778386313378,0.0016646759694695053,5.493805341299982E-4,0.009464603894514739,1.0,0.007607036381706564,0.0012502613833595948,4.445258380343264E-4,0.00786527065881791,0.006739778067507899,0.011958918325603914,0.009289227682680574,0.0063791461062992945,0.007766385156236282,0.00894266809331206,0.01094428908947714,0.011689868752108578,0.01460213450556325,0.008399867628732217,0.0070125604534404355,0.009866923729944223,0.00947678676608185,0.011818618447958628,0.003418014494545512,0.008306374656039952,0.006946441221123214,0.010591476233401067,0.012553364559662251,0.0021728344431566197,0.003070409645730726,0.005418949451738106,0.0020632724534099425,0.0013338346762538065,0.006045563935228323,0.010916449411180732,0.011815028506550323,0.007360952335077607,0.006254776623042168,0.002379390359478444,0.011478536672525349,0.009735019287954958,0.01140612865637108,0.006348130826558349,0.006206670149883639,0.002563282500691,0.0112102125851029,0.01147931710947888,0.002721302091791858,0.0033396859422544153,0.006165591049299218],[0.0012823869482956783,0.01043028091990267,3.7445529663487264E-4,6.006193122637483E-4,0.0024744211026893124,0.0073575245773326164,0.0011397711856805434,0.0014196653150316996,0.001291485214121395,0.0012610096710584033,0.008687730474699373,0.007607036381706564,1.0,7.424522445675067E-4,8.657606503031778E-4,0.0011273551529120596,0.002114257131151805,0.002321611102330934,0.0014114411498355821,9.169293014705445E-4,4.8531006404992734E-4,0.001031261558439377,7.870439485079017E-4,0.011081319716714269,0.02110113755556668,0.0016909805298112733,0.001175459144909016,7.483258443465355E-4,1.9280136332595627E-4,0.007841781890177264,0.0014457409223245501,0.0014475110426335712,0.003444513902108693,0.0011727181443252626,0.009537599203120358,0.0011789886970240764,0.0010763912800977838,0.001347610411013275,0.0013477404915746413,0.0014279285121830498,0.0018303065170987192,0.0010987856152553615,0.008429604375860232,0.0018596920185595491,5.191148504495875E-4,9.711020502473603E-4,3.532091018670467E-5,6.961779512402227E-4,0.0018679556990058906,0.001289304484774748,6.442789467779863E-4,0.0010909975982825845,0.005728239714201735,7.342472188608161E-4,0.0016429517374582261,2.747190650714332E-4,0.0024298026723701886],[1.7263488173380477E-4,0.0036996806657897,1.8627834951826614E-4,1.5372104017991818E-4,8.580797497725026E-4,0.005666412736405752,5.857805169244665E-4,0.0010748819921877783,1.518424839370408E-4,1.469054440263319E-4,3.5847903257062565E-4,0.0012502613833595948,7.424522445675067E-4,1.0,1.845875788028884E-4,2.4127827867140267E-4,0.0011426607714670376,0.00278237624833984,1.6784385508876419E-4,6.471189908174865E-5,1.4842517541622047E-4,5.115740189509253E-4,1.5516746314566375E-4,0.0067558759136839,0.006439761515186199,7.35635115230694E-4,4.9859163843913E-4,1.7449800612147188E-4,1.715057470441109E-4,0.0014666321861486339,0.0016807054323925022,0.0017263242705068916,0.0010788129812181629,1.5005928508053518E-4,0.007895656051721458,2.1245163394536908E-4,2.368299139583918E-4,3.3912693427684527E-4,6.11455339641077E-4,6.594228015072558E-4,3.823511339165331E-4,2.4064054698666787E-4,0.006249897600719342,0.005740556065826224,2.103365017477641E-4,1.3219496839882145E-4,4.4359925437293346E-5,3.691431724672448E-4,0.0036170761464947667,1.066553594685823E-4,2.168485589443025E-4,5.815320792254564E-4,0.0014908731768036125,1.3828578601420265E-4,0.0011377390618221243,6.32701867662656E-5,0.002525713004973287],[1.740841327553265E-4,0.01096344179061026,1.7711719315147942E-4,1.4023406377661082E-4,0.0020178133082243916,0.01145191060683035,6.995513366061912E-4,0.001265705991886424,5.981809663729848E-5,1.3449287398217192E-4,0.004879057688973943,4.445258380343264E-4,8.657606503031778E-4,1.845875788028884E-4,1.0,3.443828318518527E-4,0.0019536825316876566,3.708472681348626E-4,1.5760151100229955E-4,7.701626576630256E-5,1.1698485610592369E-4,2.7480503256313923E-4,1.3359069314612467E-4,0.012349856407830269,0.03347125255330622,2.808396453794454E-4,5.367977057633681E-4,1.0534157337596824E-4,1.0986891436555664E-4,0.012352447219754804,5.344380924760573E-4,0.001558987296932489,0.003669957173153436,1.1705786595076159E-4,0.01292081259805025,7.043897903141901E-5,5.111934915850629E-4,9.449532892306951E-4,2.900549989413185E-4,2.3537987130693846E-4,3.2823063409654013E-4,1.9366255036194261E-4,0.012146445896979758,0.005757919148926396,2.041875220755386E-4,1.6856818360525642E-4,1.4068658544569954E-4,3.578935543066833E-4,0.004095093140985949,1.6115092732980245E-4,1.9861696176786962E-4,9.894312746883231E-4,0.010059744958621475,1.230744792522063E-4,9.434736940165189E-4,1.2974845399987245E-4,0.002264930032540049],[1.6861175938507147E-4,0.010064907150467104,2.695050951706118E-4,1.6833751980765472E-4,0.0020925289533150573,0.01143980349655773,7.838528755891556E-4,8.807375478521043E-4,3.7662006983466126E-5,2.9234935525973733E-4,0.0020865248541999957,0.00786527065881791,0.0011273551529120596,2.4127827867140267E-4,3.443828318518527E-4,1.0,0.0027590684878572476,0.009481125421032157,2.21723788422468E-4,2.66060764723875E-4,2.3036574879122863E-4,3.8086907110855144E-4,2.4724768140716607E-4,0.005805756549176613,8.482844523407384E-4,0.0012367587367760175,5.046728352513755E-4,7.004767479220947E-5,2.8489914909526784E-4,0.014216920936098753,9.287792649557793E-4,0.0014654822385180555,0.001019374521477989,1.1817641026505797E-4,0.011306552854270693,2.960682703932567E-4,6.409225002622378E-4,6.302509540029599E-4,7.175366724267668E-4,5.104761373109978E-4,0.001202139375356929,3.464982567508948E-4,0.005819741442913594,0.003096065063581782,2.6961635146910515E-4,2.3440522483862165E-4,1.516810261655499E-4,4.2002674091813603E-4,0.0037638894089683356,1.1620856291958705E-4,2.494781343753266E-4,5.535119942374029E-4,0.005129870450727411,3.370112596151596E-4,0.0014984930581775774,5.1816058067945654E-5,9.964864684749452E-4],[2.1088938116391734E-4,0.009656434103608834,9.236177536480167E-4,0.0013717772135644808,0.0026393637489084696,0.004804048383315763,0.0037158290124108427,0.0029885829812849206,0.0024060275289747002,0.0027145177910690346,0.005049805147246286,0.006739778067507899,0.002114257131151805,0.0011426607714670376,0.0019536825316876566,0.0027590684878572476,1.0,0.011819079665273416,0.0016610423774017467,0.0018123044163919403,0.0016100972196699565,0.003170580032301293,1.6551259012874273E-4,0.009867051663545828,0.02957204437323152,0.003645543477736653,8.687676341299456E-4,0.0033328557714409827,0.0015182069460716523,0.010985911934094119,0.003369061460081359,0.0039246376905362245,0.003993359909461323,0.003017851757529026,0.013990706914753348,0.0039020513735737836,0.003220354805596711,0.0034450747633012722,0.0033079542525205155,0.001197379143797605,0.0025906796913077743,0.001685333349449826,0.008704001343980543,0.005426929933271262,0.0036224837943511514,0.0014178503953486913,0.001486940160818097,0.001642981559151396,0.004929966484799938,0.003181739192250882,7.230066822293229E-4,0.0033470042735800403,0.008942498661276329,1.4914296358994083E-4,0.0036518600059291862,7.361261132648198E-4,0.00403516425535],[5.714692964918756E-4,0.011928088036012788,0.009633276723406126,0.011948928508541156,0.009636092017256207,0.012226036511522076,0.0027900763610130127,0.0022739059118279817,0.010580867250164872,0.004684201972896883,0.010364661481618135,0.011958918325603914,0.002321611102330934,0.00278237624833984,3.708472681348626E-4,0.009481125421032157,0.011819079665273416,1.0,8.232047964917021E-4,0.003809563712118917,0.0013401265197327279,0.011822410995710277,0.00470958010061743,0.012436661773357467,0.033225555790265204,0.009420386554765122,0.0062432492943229195,0.002265202864340858,0.002561908233621239,0.014858232641112057,0.011684293423743908,0.010004340485135854,0.004288242255108853,0.011697538107881291,0.014016551697032073,0.0018758697849659363,0.010082026365070107,0.010321724027177707,0.009695248323071053,0.010264297350515523,0.004550963097121796,0.004573738442282041,0.013537700415098513,0.008694442220823778,0.012224047204471868,0.003492949498371133,0.006650321626295096,0.0013051729046613676,0.007194745055947656,0.011718397625558107,0.00622557779793672,0.006245147627106252,0.010773438289068217,0.0059276199322844045,0.0072153519571648075,0.01147180727223953,0.004117331884730609],[1.2751505768095943E-4,0.00568146423376547,1.2861969994169638E-4,1.3010422919886703E-4,0.0016733059531045054,0.0038417171358546766,2.601662202149188E-4,4.5979969768295025E-4,8.645954772540084E-5,1.2606776937017312E-4,0.0024551352171799873,0.009289227682680574,0.0014114411498355821,1.6784385508876419E-4,1.5760151100229955E-4,2.21723788422468E-4,0.0016610423774017467,8.232047964917021E-4,1.0,6.807213402303705E-5,1.1546149958407037E-4,2.9113640463832176E-4,1.1961384817489526E-4,0.01025671426382832,0.019910150708580817,8.814611889524203E-4,4.451567327555247E-4,1.3355120715162577E-5,1.2483135497103797E-4,0.0012753728785050084,9.32155496420647E-4,0.001840831187350325,0.0029829154717504747,7.529548793464697E-5,0.004578669920113632,7.923993387222866E-5,4.258270731578805E-4,5.744184881178592E-4,3.266800218454606E-4,5.851709664728745E-4,0.0014875135864903647,1.6563140799831183E-4,0.010176587256248629,0.005889986441346545,1.583769883884664E-4,1.238555751577712E-4,8.938910097780654E-5,3.4988980660859983E-4,0.003321678424260391,1.2006706295590988E-4,2.135344962870776E-4,5.032497937103628E-4,0.004253179998961099,3.8589155337570856E-5,0.001111848347552584,7.515561968067755E-5,0.003260205075077083],[1.2721670658062063E-4,0.004442968552950027,2.0150900516558E-5,8.687191502701349E-5,2.8899347799654976E-4,0.003652783400083034,7.312313833793139E-4,0.0013055234826907759,1.4269934929249282E-5,4.227444379021419E-5,0.006662920121266903,0.0063791461062992945,9.169293014705445E-4,6.471189908174865E-5,7.701626576630256E-5,2.66060764723875E-4,0.0018123044163919403,0.003809563712118917,6.807213402303705E-5,1.0,6.271617730775757E-5,9.747475822406044E-5,1.0049951476630672E-4,0.005542914436065288,0.00409692825494794,2.3919976208048403E-4,1.581920367490677E-4,1.166569238649526E-5,6.586889983262048E-5,0.006985574200451526,2.1862209604495034E-4,0.001387081062025151,0.0013818439231552237,1.2197507864208257E-5,0.00929419889307195,1.3890491501581162E-5,4.1431754556625334E-4,1.8095545995576078E-5,1.9046562626944745E-4,2.6895591570079636E-4,4.702782127167261E-4,9.173703623394792E-5,0.013691712083451074,0.005995945450345733,5.312124030386002E-5,1.193770534438498E-4,1.7160305956565752E-5,2.5473934814112755E-4,0.002534555663080561,8.348570875507112E-5,1.0783124297252291E-4,0.0010602780681294702,0.005237691305775689,1.630038086115134E-5,5.859753917594077E-4,1.2078034567172956E-5,0.0011745415111855191],[1.1988830494496262E-4,0.0028483858840384537,1.2436278053252136E-4,1.1803720179041345E-4,3.6217491248732696E-4,9.809465589451633E-4,1.4674838069146981E-4,7.921398581092914E-4,4.4788025994686606E-5,1.1574013012488777E-4,0.0036714428614045007,0.007766385156236282,4.8531006404992734E-4,1.4842517541622047E-4,1.1698485610592369E-4,2.3036574879122863E-4,0.0016100972196699565,0.0013401265197327279,1.1546149958407037E-4,6.271617730775757E-5,1.0,5.525637266235818E-4,1.0949038989230084E-4,2.1772539709409106E-4,0.0075854941224858296,2.817785735669791E-4,2.0173513310121284E-4,3.457870280216386E-5,1.0752956456950948E-4,0.008549500090432779,6.660781798534138E-4,6.792148451302E-4,0.0025693392728025006,1.1147907189929761E-4,0.008403557615581746,9.153415271763779E-5,2.533942611813242E-4,2.839419568046695E-4,5.310478936175421E-4,6.02486712690107E-4,7.099539022143769E-4,3.4249327963117556E-4,0.012586847171055312,0.0028049499944564934,1.287502881946319E-4,1.2246512934880496E-4,9.879721232407173E-5,4.5199635747153065E-4,0.0010038872598547017,1.005718229539158E-4,2.1734570096576745E-4,9.799147572997168E-4,0.009952744716937982,2.992466690421427E-5,0.001184692779309019,5.1268092233558394E-5,0.00244336483902304],[2.0118086545039778E-4,0.006079238290799682,4.692302110428919E-4,7.087916182052666E-4,0.00243258090324309,0.011017121077140587,9.605952528840119E-4,0.0011548202285690259,6.02197003673575E-4,8.188240264500967E-4,0.007575689846832346,0.00894266809331206,0.001031261558439377,5.115740189509253E-4,2.7480503256313923E-4,3.8086907110855144E-4,0.003170580032301293,0.011822410995710277,2.9113640463832176E-4,9.747475822406044E-5,5.525637266235818E-4,1.0,8.70835119597633E-4,0.009968406862398993,0.021170729341342804,0.0016749168297412553,7.849571367830952E-4,3.4732307416996224E-4,1.2173414053472029E-4,0.012955172778035264,0.0016172539712255853,0.0014989470942238662,0.001242662651598429,6.468855479968005E-5,0.009441611442724264,1.5506068418382878E-4,9.39430970902543E-4,0.0010334278695154013,0.0010254972730789273,8.992796738277844E-4,0.0020357080119208257,9.276484242176477E-4,0.010887817845012582,0.004882852156589644,4.8395217431426317E-4,9.185038761544052E-4,6.835329391747034E-4,0.0010163190968300268,0.0030225981713886707,8.896724364102815E-4,9.16714601600725E-4,0.0010269312741284424,0.0036173753678323305,4.63422897927707E-4,0.0010426192585803748,9.117757224753572E-4,0.0029355604965072696],[1.2550069294206884E-4,0.003204477438322084,1.72150274972996E-4,1.2880659601681926E-4,0.0011943965746836172,8.217966783043653E-4,8.691018830152791E-4,0.001152067854189918,3.841559230754072E-5,1.2192936380697091E-4,0.0021448047179538654,0.01094428908947714,7.870439485079017E-4,1.5516746314566375E-4,1.3359069314612467E-4,2.4724768140716607E-4,1.6551259012874273E-4,0.00470958010061743,1.1961384817489526E-4,1.0049951476630672E-4,1.0949038989230084E-4,8.70835119597633E-4,1.0,0.003179742807053471,0.02224119995171201,0.001598807063684427,6.374347121774096E-4,6.376163132719248E-5,1.0289590461615343E-4,0.0034076459810580494,0.0012384562590174353,0.0016438189548292803,0.0032020491310738156,8.366110339287243E-5,0.005129544272439282,6.49205156641454E-5,1.0810556519764133E-4,5.185322540745166E-4,1.1414948881866073E-4,5.75335342837906E-4,3.345364145943656E-4,1.2561651190285474E-4,0.00110783491646429,0.00385645894555225,1.231618989957491E-4,1.2295077827930998E-4,9.582446140714528E-5,4.622542039665878E-4,8.867502235167875E-4,1.0567428720853139E-4,1.3526646361629937E-4,7.182055074742742E-4,0.008501649662953853,5.423606179052712E-5,0.0011188903041405632,6.629565072167959E-5,0.003231340087126971],[0.007207285387885436,0.01190851322110302,0.005616884887062972,0.011646520335389383,0.008589734802249411,0.012223432604858362,0.012040139903347891,0.0032843809310841477,0.0021485894256516634,0.008821650756543013,0.009065272426103933,0.011689868752108578,0.011081319716714269,0.0067558759136839,0.012349856407830269,0.005805756549176613,0.009867051663545828,0.012436661773357467,0.01025671426382832,0.005542914436065288,2.1772539709409106E-4,0.009968406862398993,0.003179742807053471,1.0,0.017495503914600006,0.011477094931422517,0.008446576527017543,0.004361608517020601,0.010967397174744282,0.014182436801564615,0.005366794389612604,0.010102547719241135,0.00631634366528968,0.00846811126596856,0.013355804441166469,0.010629934934528266,0.00838290902435716,0.0051421615740592985,0.00804206907627524,0.011263116904630052,0.008717519691454307,0.005008647914890132,0.014910909807838758,0.011621557191609195,0.0014257007983940694,0.009308620410037202,0.003945325181244139,0.010172793773055805,0.01168032424365972,0.002156968482451864,0.0065732495319361164,0.005648345472800522,0.011424837077653191,0.004926969049088047,0.009351358728487422,0.0060783529474659394,0.006494021804740435],[0.015627649524261728,0.013417541095822548,0.035880496759365534,0.002823262072102779,0.03362024125625716,0.026650552794561348,0.016427676349694956,0.009015612905235688,0.007343912935868261,4.2085720674854435E-4,0.030295016936502477,0.01460213450556325,0.02110113755556668,0.006439761515186199,0.03347125255330622,8.482844523407384E-4,0.02957204437323152,0.033225555790265204,0.019910150708580817,0.00409692825494794,0.0075854941224858296,0.021170729341342804,0.02224119995171201,0.017495503914600006,1.0,0.03185645774891034,0.01518614295062148,8.748547333664295E-4,0.007444387909955211,0.029240106184679548,0.009756945963789053,0.02846553991617468,0.005934144496598917,0.02251260538818199,0.03568169858008641,0.029159595671479417,0.010045689871356733,0.03444395515847237,0.0340110717763341,0.0350400915900726,0.01526038955057478,0.005621132701546583,0.033037187126847584,0.02832420306281605,0.02534959161243407,0.024284922850364363,0.033251465735835053,0.026703870265964918,0.023804073037666802,0.0020525898999564605,0.014556147940944291,0.016389031143952452,0.019165626869936156,0.03436084157799476,0.028629931585751712,0.013450039700188378,0.030857109474835893],[4.252242930520587E-4,0.010101719386453179,4.357822845135268E-4,3.472156993175083E-4,0.0020196202978203467,0.004713265258006832,0.0016370898447860644,0.001532836328170065,8.465458559606486E-4,1.8702119195250123E-4,0.007896842687364597,0.008399867628732217,0.0016909805298112733,7.35635115230694E-4,2.808396453794454E-4,0.0012367587367760175,0.003645543477736653,0.009420386554765122,8.814611889524203E-4,2.3919976208048403E-4,2.817785735669791E-4,0.0016749168297412553,0.001598807063684427,0.011477094931422517,0.03185645774891034,1.0,7.122759640220933E-4,0.0017536017561622318,8.136152745610716E-4,0.013539000868585846,0.0017710194317222192,0.0018498493267353044,0.003759657732096009,5.167487341373123E-4,0.013523088035874454,5.54488247396911E-4,0.0013249800248472845,0.0017542783144492958,0.0011257363817153213,8.639250584056697E-4,0.0018783307359061744,0.0015484501837688242,0.006791455802666216,0.004634746776213874,0.0010202048562022656,6.648443314540812E-4,7.758785035586307E-4,7.921867205444957E-4,0.0037506805742251823,0.0018241458764989662,8.938631189026307E-4,0.0016875181587009801,0.00863085220313967,2.1023956822555502E-4,0.0018755462416576035,0.0011481442259612575,0.003232705262306547],[5.593018589610569E-4,0.009626272113732095,2.0871355598922392E-4,6.831310381208302E-4,0.002141262523290756,0.009959333773634884,7.631086384180454E-4,7.059771133124541E-4,2.8245119646604176E-4,3.550602847857917E-4,0.005316466862206817,0.0070125604534404355,0.001175459144909016,4.9859163843913E-4,5.367977057633681E-4,5.046728352513755E-4,8.687676341299456E-4,0.0062432492943229195,4.451567327555247E-4,1.581920367490677E-4,2.0173513310121284E-4,7.849571367830952E-4,6.374347121774096E-4,0.008446576527017543,0.01518614295062148,7.122759640220933E-4,1.0,9.873400212337645E-5,4.5877615151658795E-4,0.0015818010021117442,0.0014496188993332422,0.0017192142622257977,0.00313753900009046,6.643172811515277E-4,0.0028346762122304857,4.7437698128614684E-4,7.807873623375176E-4,9.8065002415915E-4,9.669285886866319E-4,7.704863842226196E-4,0.0021033664922924912,5.832990772088968E-4,0.0021107605966950494,0.001510218794325302,6.614244332355254E-4,2.4238430899726186E-4,3.078160064215766E-4,5.815517058752355E-4,0.002002064513054331,6.024739948524256E-4,4.242314879661398E-4,8.334417641387917E-4,0.0022556111180408716,6.097478855798544E-4,0.0014279364302236365,6.196903586401606E-4,0.0021681128787205965],[1.4106695106094967E-5,0.0028617677615281247,9.811993789464723E-5,2.3581082897821135E-5,0.0020425807954147497,0.00800245672912498,1.2248927590488502E-4,2.8794985860888903E-4,1.651799280680046E-5,9.828809914178019E-5,4.7434590628512685E-5,0.009866923729944223,7.483258443465355E-4,1.7449800612147188E-4,1.0534157337596824E-4,7.004767479220947E-5,0.0033328557714409827,0.002265202864340858,1.3355120715162577E-5,1.166569238649526E-5,3.457870280216386E-5,3.4732307416996224E-4,6.376163132719248E-5,0.004361608517020601,8.748547333664295E-4,0.0017536017561622318,9.873400212337645E-5,1.0,2.916630328037986E-5,0.002667357252065848,0.0015821001168682802,0.001459766861762261,0.003743327634509386,1.205714091120566E-5,9.323120728800642E-5,1.3496565081879165E-5,5.426102238084674E-5,0.0010638697020349135,6.003221669766827E-4,1.4264572675415236E-4,0.0018321961389626564,3.322737608782248E-4,0.0053193365112319604,0.0035621581796130394,1.7487002421980204E-4,4.744024136298237E-5,1.911616765934397E-5,3.4468893304533615E-4,6.948660727816241E-4,5.0578682997395866E-5,1.1958533821736061E-4,5.069926294950598E-4,0.0014292364796967992,1.8022540591890386E-5,8.25547288307218E-4,1.8271095482109932E-5,0.0033505539086188924],[1.0524281149129569E-4,0.009556701413591393,1.2034202849043124E-4,1.0350106073480505E-4,1.852564007409192E-4,0.006260505112176803,7.406989070698949E-4,0.0011894313024661987,4.011900850367688E-5,1.1464531448245044E-4,0.007063220350204206,0.00947678676608185,1.9280136332595627E-4,1.715057470441109E-4,1.0986891436555664E-4,2.8489914909526784E-4,0.0015182069460716523,0.002561908233621239,1.2483135497103797E-4,6.586889983262048E-5,1.0752956456950948E-4,1.2173414053472029E-4,1.0289590461615343E-4,0.010967397174744282,0.007444387909955211,8.136152745610716E-4,4.5877615151658795E-4,2.916630328037986E-5,1.0,0.004590877445648351,4.8273065684051135E-4,0.0018227535317421918,0.0032015222160360532,7.743385078977627E-5,0.009830153033199632,6.174010312572309E-5,5.586939594940554E-4,9.090112976634191E-4,5.663663660733431E-4,6.195031276019602E-4,0.0015809116941567552,2.6651650061329036E-4,0.0021005303065034535,0.006030048842596336,1.170851384465955E-4,1.1446097533494735E-4,3.402795221757363E-5,3.8982618920675206E-4,0.003271626670847434,9.934898434600383E-5,1.790957591589989E-4,8.624561620231405E-4,0.00450494877777789,7.744409725179163E-5,7.055654109642396E-4,3.0989030751393617E-5,0.001758853643390297],[0.013622941955693435,0.015602559018251715,0.0037243925787343204,6.92719694282858E-4,0.014626044417849489,0.014078502233340087,0.01263679300770749,0.011305408684965436,0.0053932252862161885,0.013403034054537468,0.010025055020996895,0.011818618447958628,0.007841781890177264,0.0014666321861486339,0.012352447219754804,0.014216920936098753,0.010985911934094119,0.014858232641112057,0.0012753728785050084,0.006985574200451526,0.008549500090432779,0.012955172778035264,0.0034076459810580494,0.014182436801564615,0.029240106184679548,0.013539000868585846,0.0015818010021117442,0.002667357252065848,0.004590877445648351,1.0,0.006629368667888461,0.009273132427021403,0.006510621048897323,0.004292969597573861,0.014610138746374488,0.011101381033184414,0.004996678700861152,0.015303744161820539,0.009778551125286866,0.013994543268928116,0.010664296236886958,0.004272180985945062,0.015625,0.011006978476494553,0.010111965357769757,0.010836724344845842,0.01160000279042536,0.011090872203215777,0.010642705716240033,0.004267733032006487,0.011130490251430248,0.004613960790039533,0.013057937838922513,0.011220570022566823,0.011971088823774598,6.254732469572018E-4,0.014681660761635941],[0.0016771933091372817,0.0028471634290455254,5.549642839887915E-4,9.985069761858673E-4,0.0020478664795427082,0.004899986315837037,0.0015201566111908004,0.0014995736882644991,6.659641970859747E-4,0.0010921553199083436,0.0021345861113302293,0.003418014494545512,0.0014457409223245501,0.0016807054323925022,5.344380924760573E-4,9.287792649557793E-4,0.003369061460081359,0.011684293423743908,9.32155496420647E-4,2.1862209604495034E-4,6.660781798534138E-4,0.0016172539712255853,0.0012384562590174353,0.005366794389612604,0.009756945963789053,0.0017710194317222192,0.0014496188993332422,0.0015821001168682802,4.8273065684051135E-4,0.006629368667888461,1.0,0.0018606908756350173,0.0018016621637891258,3.47531943293294E-4,0.004189311653638301,8.868124548806751E-4,9.592982656040806E-4,0.0015005859331294752,0.001293596803462396,0.0013421463090746715,0.002049956302691061,0.001570159504849177,0.012807625013179488,0.0021984705053163783,0.0014247348711024334,0.0015382912248099658,0.0012341152335093443,0.0013639665533196812,0.004994325517266489,0.0013823236408355712,9.626050013499299E-4,0.0014016143199290013,0.007554001442054842,0.0012840628759930488,0.001762602463160286,2.923436878133267E-4,0.0025769036576535624],[0.0015739610297364718,0.006871885755968898,5.099000786960627E-4,9.970980296445183E-4,0.002078210111649291,0.010532223162586197,0.0012211992878206328,0.0019529628182441642,0.0019877884771166312,0.001562035228442726,0.002290995716697826,0.008306374656039952,0.0014475110426335712,0.0017263242705068916,0.001558987296932489,0.0014654822385180555,0.0039246376905362245,0.010004340485135854,0.001840831187350325,0.001387081062025151,6.792148451302E-4,0.0014989470942238662,0.0016438189548292803,0.010102547719241135,0.02846553991617468,0.0018498493267353044,0.0017192142622257977,0.001459766861762261,0.0018227535317421918,0.009273132427021403,0.0018606908756350173,1.0,0.003364160358812766,0.0011906899364381258,0.012731148250255772,3.9344598993424354E-4,0.0012038746376635343,0.0015439506367081876,0.001479006753229476,8.641209701019814E-4,0.0020052790133026047,0.0017631945920508442,0.013582499182621733,0.003779565974863527,0.0010623887573103163,1.7341427639675167E-4,0.001950380945669829,8.372960587880768E-4,0.003256070765258433,8.906818409693451E-4,0.0016175297972303951,0.0011988462305194208,0.005697438108764789,8.607978694907823E-4,0.0019939290856195767,0.001963887290084548,0.002963995282640339],[0.0024778897535811008,0.008139590105021759,0.0012651908570586413,0.001157897391611075,0.002925109394049396,0.009509322342093842,0.0021986772697752174,0.0022886828979671314,0.001737303949860201,0.0018728237657787473,0.008113159873848478,0.006946441221123214,0.003444513902108693,0.0010788129812181629,0.003669957173153436,0.001019374521477989,0.003993359909461323,0.004288242255108853,0.0029829154717504747,0.0013818439231552237,0.0025693392728025006,0.001242662651598429,0.0032020491310738156,0.00631634366528968,0.005934144496598917,0.003759657732096009,0.00313753900009046,0.003743327634509386,0.0032015222160360532,0.006510621048897323,0.0018016621637891258,0.003364160358812766,1.0,0.00228311320418419,0.0061108933309846295,0.0022638875470449423,0.002758869551271655,0.0023743203028928446,0.0020378683677440878,7.95839816898026E-4,0.0027136086171822274,0.0021046339467312037,0.013108436213882123,0.005126185847534675,0.0025343662274864053,6.490570683715493E-4,0.0037038027296796643,0.0014820372565969202,0.004258842892825602,0.003840975452589256,0.0032888104071225046,0.0023440085475795514,0.008565224179485489,0.0013700251983077949,0.0035436094943588777,8.7136903709903E-4,0.0037392565429325594],[7.649383556020386E-5,0.008980396216058825,5.973159841063211E-5,1.3063563969698412E-4,0.001468135423319262,8.437195435573561E-4,1.701012385936777E-4,7.617906370538041E-4,1.397980952019753E-5,7.491633458503852E-5,0.007268225930621001,0.010591476233401067,0.0011727181443252626,1.5005928508053518E-4,1.1705786595076159E-4,1.1817641026505797E-4,0.003017851757529026,0.011697538107881291,7.529548793464697E-5,1.2197507864208257E-5,1.1147907189929761E-4,6.468855479968005E-5,8.366110339287243E-5,0.00846811126596856,0.022