[[1.0,0.0011251665465933,5.178413638813717E-4,0.0017909804040800396,0.03894519748825521,0.001062048902975561,0.0015482572842899082,0.0032275107939090716,0.0018068297964078217,0.0015490707099312384,0.0012972811217863735,9.665324116027935E-4,0.0014911955748053228,0.0011465146229544159,0.0016945701068191437,0.0016778416362504195,0.0020017900300472956,0.013849536814281289,0.0018975970105258246,0.01067828216567472,0.0015725333775418915,4.8631759683835315E-4,0.0012263700963554478,6.454340468191721E-4,6.376515700219022E-4,0.0018642291927087908,0.0024346830956962977,0.0015641871071696452,0.004603818636865854,0.0013815892261633646,4.8500809848628677E-4,6.812480423040412E-4,0.0010489814623722313,0.0012135946773707599,6.174661979798806E-4,0.0019506872832777602,0.0010220431413900026,0.0034656647995463287,0.0013270222823779717,2.648100285317656E-4,0.0013100206457012668,0.008522289649079282,0.0018616459936605457,8.022119720324114E-4,0.001749498746872849,0.0034174882863515534,9.18423123666664E-4,0.00163959224199919,5.917183641251405E-4,0.001076400487310031,0.0010713992328283206,0.0014003917688520397,0.002168316683993468,4.2028374455010785E-4,0.002103010273709966,0.001732785201707561,0.0014555409200393758,0.040990824853491474,0.0012462483872646452],[0.0011251665465933,1.0,2.4033651850668717E-5,6.405093504029954E-5,0.025469998226046252,2.7864755099016205E-5,2.6878944588159172E-5,0.002415614613511231,8.251524896347743E-5,1.9906171399531502E-4,1.1115480757528529E-4,5.211965979862824E-5,1.4854016923509413E-5,3.199399115641885E-5,4.5025154658249767E-4,4.737275156532108E-5,0.0016327445704269392,0.003971410718033264,0.0012948010788324746,0.004596058652253087,3.978596031387423E-4,6.59651198113403E-5,3.864780364319263E-5,2.0894732843891218E-4,6.573051179190639E-5,3.77985016265531E-5,0.0017947264152058673,6.245382218940593E-5,0.0020343496275358913,1.0561876428469627E-4,3.8026871629610826E-5,2.735746444094669E-5,2.3220848581508062E-5,2.855479427663403E-4,2.5458022082877E-5,0.0011014790928327405,2.3939066323215978E-5,0.004149999687540122,9.812966416918983E-5,2.6870851761826213E-5,4.703118476809263E-5,0.005843165357925806,0.001051048928241383,1.0551631289759477E-4,5.959040317280166E-5,0.003544693492594109,7.609964843882164E-5,2.870994310443599E-5,3.4659863595137743E-4,8.550222858121607E-5,2.811982211849151E-5,4.357598054793764E-4,0.0018656195677502338,1.208452333298706E-4,0.001124829267753523,5.049600955919581E-4,5.106618219626518E-4,0.07612898103794757,1.481899441465495E-5],[5.178413638813717E-4,2.4033651850668717E-5,1.0,5.88209264141686E-5,0.02188616812080216,2.1545682424746582E-5,1.466206909873387E-5,0.01486964518350332,1.2368308633392168E-4,3.831218928895725E-4,1.5463356631900883E-4,2.5861977365320155E-5,1.5459688122363712E-5,1.4312790924971325E-4,9.562187546049831E-4,1.6434634324733954E-4,3.391619730745764E-4,0.014011177894666068,0.0013885414302886746,0.01395071469495682,8.84751723757239E-4,1.513774758402154E-4,2.8974899221766578E-5,1.6280977890727877E-4,1.3146261956331216E-4,5.637755344869687E-5,0.0010173215847759966,6.82955635064017E-5,0.0029556013677716087,9.153014903927924E-5,1.8500942196888874E-4,1.8461455958823352E-5,1.8550136785537033E-5,4.783530049356635E-4,1.813107365266173E-5,5.433330644681046E-4,2.219236656067962E-5,6.525263838895561E-4,1.4077553478996084E-4,2.0686008019039668E-5,3.920322119185399E-5,0.005719943990651148,9.118343888497684E-4,7.559806912287057E-5,1.04268825434489E-4,3.3708527190085165E-4,7.11579926707452E-5,2.3131025161285117E-5,3.015239776190498E-4,1.0894586150241413E-4,1.5756678373400025E-5,6.043045947249057E-4,0.0011582689960313991,6.325353271831656E-5,0.0013008393152619804,9.466739859020079E-4,8.880793518623938E-4,0.051145996211404386,2.041366024976788E-5],[0.0017909804040800396,6.405093504029954E-5,5.88209264141686E-5,1.0,0.037063963465529814,1.1197481249083393E-4,1.0873737559302498E-4,0.011704894844503776,1.2906276162158068E-4,4.3762114189030936E-4,1.412344498342603E-4,1.1970740249425933E-4,8.267878119272819E-5,2.784505520008777E-4,4.75046993437276E-4,1.3548141461651366E-4,9.805813177151085E-4,0.015025797024296855,0.0012351403184760528,0.005820785295607296,0.0010495088374888922,1.9126097869712498E-4,9.023765801065899E-5,2.2631130708869197E-4,1.250433095981309E-4,1.2432638055792454E-4,0.002196012653249059,1.2986705096142736E-4,0.0038710666445589733,1.2133963371755408E-4,1.8504600918469458E-4,1.999047637802251E-5,6.867138492109944E-5,1.8526081893063202E-4,3.906809600560366E-5,2.753930123621561E-4,1.1903923457827505E-4,0.004090116409217879,1.5777151613334702E-4,1.1388227166039397E-4,7.882744473478674E-5,0.011232135847822138,9.130099944201149E-4,1.2149663555852966E-4,1.2676597287587828E-4,0.0024856472943094433,1.3273891013555186E-4,8.476849628888321E-5,2.568756654881952E-4,1.2911315481854403E-4,5.9850967258772783E-5,0.0010411806202042318,0.0010791536407940836,1.3035721862357286E-4,0.001600090773741895,9.024639260713642E-4,0.0010936097741795613,0.01783834940212486,9.125830138676034E-5],[0.03894519748825521,0.025469998226046252,0.02188616812080216,0.037063963465529814,1.0,0.014752008263417105,0.010917468109621393,0.03190351348807781,0.013205308727218987,0.05494888409581421,0.05462688687036054,0.011490661729183234,0.018695697439756017,0.023660596813053852,0.05824235004831179,0.054889353087342975,0.016790912282915363,0.044084452567526994,0.0158383800205844,0.07141631951349178,0.051606922145667894,0.04887264556518214,0.027661264205879596,0.03524300809988452,0.008291067581098602,0.043113316371604274,0.05892030931398119,0.058619270505610846,0.008041248901030935,0.020103811114659014,0.06813392651472562,0.0602082368998037,0.011714149980516146,0.06588398073002721,0.05740596634410319,0.05397660370601813,0.04860854567282024,0.03386094251376523,0.04706935620970223,0.034819534408789515,0.02720805637044932,0.035648398725529606,0.024735727988160625,0.0044733823396918716,0.020929574150430234,0.01468960572343207,0.04368312213802745,0.01045366049308415,0.040226870623730315,0.0015992068285046385,0.04877907534502247,0.043886504240056454,0.031018174482270764,0.061022335139191974,0.031382839852062125,0.0294291341032151,0.05660663205309454,0.08929635349056629,0.0653781624832125],[0.001062048902975561,2.7864755099016205E-5,2.1545682424746582E-5,1.1197481249083393E-4,0.014752008263417105,1.0,1.778554086030171E-5,0.003658494979790235,1.1796042176688313E-4,2.450319322792032E-4,1.3569040960200826E-4,9.897999208721705E-5,2.2109620323962473E-5,1.4122023352011794E-4,5.319877072551924E-4,1.0011664556465714E-4,2.6738854389165466E-4,0.0024827138316809642,8.825587234014122E-4,0.0013737769464715719,2.6692148800334443E-4,1.4442161663117122E-4,4.183831576103294E-5,5.97669980754203E-4,8.033712846646628E-5,1.216527456372964E-4,7.863998561444143E-4,7.719563983913162E-5,0.0032503431842114557,5.1086571812567285E-5,3.571783109409633E-5,2.0671165403121876E-5,2.0756316792843764E-5,2.978120122043581E-4,2.187394295962879E-5,0.0022920821575709866,2.280599072650009E-5,0.0042318927903764025,9.033684859512535E-5,1.957539820121292E-5,2.2531943589765034E-5,5.350522829078173E-4,6.551497730022131E-4,1.6451131818249137E-4,1.0044133046185915E-4,0.002282851409649562,9.885119873630402E-5,2.5547283950847662E-5,1.6369933060202707E-4,7.539390276646845E-5,1.601564947649433E-5,4.2854114403885176E-4,7.782359727429993E-4,1.3673351444612434E-4,3.5377206640880204E-4,5.277898683042173E-4,8.644359090525271E-4,0.08738998704459591,1.563134998062957E-5],[0.0015482572842899082,2.6878944588159172E-5,1.466206909873387E-5,1.0873737559302498E-4,0.010917468109621393,1.778554086030171E-5,1.0,0.0029740597216344764,3.5931643011898595E-5,1.1178081048921874E-4,6.427822918363505E-5,2.8446502094324103E-5,1.2215594123626463E-5,2.572331322582965E-4,4.6112716818950456E-4,1.2305174048015145E-4,6.607563518060951E-4,0.012771624061324647,0.001292501224456367,0.014485347404833565,8.976591520152691E-4,2.0416711414289666E-4,4.563678545079954E-5,1.2885552845701923E-4,1.0533238505154245E-4,1.0995178500470784E-4,0.0027706395171591385,4.267530632705223E-5,0.002059298070404266,1.1268709443511857E-4,2.4132343142504396E-4,1.5887023320135904E-5,1.2982249232760065E-5,2.0253008255990257E-4,1.4247628484609491E-5,0.0021785053629157667,1.4083019584864513E-5,0.0018375721636133186,2.1819712474379111E-4,1.645586725729465E-5,3.5896318941515366E-5,0.010306569787504641,7.944399949185752E-4,1.765961570442225E-5,6.055770076545853E-5,0.004513466379629232,9.062412275765208E-5,2.2782939241399045E-5,2.752396135695265E-4,1.1954767368903476E-4,1.2508525398930999E-5,1.0094251831825695E-4,0.0017673596215973353,6.734044691265448E-5,0.0023588608807648685,0.0010045105865673731,5.189299665237207E-4,0.048457182724961544,1.3478453296111747E-5],[0.0032275107939090716,0.002415614613511231,0.01486964518350332,0.011704894844503776,0.03190351348807781,0.003658494979790235,0.0029740597216344764,1.0,0.011986617491505647,0.0026224551107523787,0.0131384321212522,0.0022216366621495877,0.014463644431471767,0.008819488204742092,0.005158342631466196,0.005034322972356998,0.0137052144265108,0.01580154530745028,0.00205334082740277,0.015170102603362922,0.011738262060015645,0.013730213117075818,0.00670168065900292,0.013844175277575081,0.005523793031073437,0.014903988022776022,0.0042841953966435,0.005390002174266347,0.01136661868981392,0.008661336313904823,0.01195351127833143,0.0029892238781514227,0.0063077119866361085,0.008619303992581047,0.002554560217479461,0.010185850976796775,0.004134502616620022,0.013925034245982052,0.0024088257753995946,0.011664213813682704,0.014498025323990131,0.013142795802986912,0.0057440864169337295,0.012599788843825012,0.00974445782036604,0.0066189799100705845,0.009284486615592849,0.0038337972973068774,0.0052472639077145765,0.0053412745114240975,0.003676117214594366,0.01034029302532143,0.005737224933251193,8.690359148830571E-4,0.014103212954093301,0.011305975902822073,0.00986811172516567,0.06049984228780061,5.297376925253499E-4],[0.0018068297964078217,8.251524896347743E-5,1.2368308633392168E-4,1.2906276162158068E-4,0.013205308727218987,1.1796042176688313E-4,3.5931643011898595E-5,0.011986617491505647,1.0,6.61465017583139E-4,1.4984421723795427E-4,1.1898859951589371E-4,1.3246589139878515E-4,1.578669361153733E-4,0.0010521108680630325,1.714857463866834E-4,0.0015151900245118648,0.0045336642384479035,0.0016139787716809787,0.014696495489005408,2.825235653362438E-4,1.6500502709442154E-4,1.2094789558054993E-4,5.780742105080014E-4,1.4396021372159795E-4,1.6785329599224103E-4,0.002063098690356363,1.429674999910542E-4,0.004126108103059082,1.3778671979057104E-4,1.5146224704478385E-4,8.619000324160645E-5,5.957797549588441E-5,2.1685496700882425E-4,2.097747339289282E-5,3.324122315108924E-4,5.434463724400417E-5,0.0039397221224628624,1.7386120181743975E-4,1.2463909545569073E-4,7.609030012327043E-5,0.008726870852177054,7.640514647707715E-4,1.59172539187109E-4,1.5604761437230136E-4,0.0029470240692698007,1.434297423547757E-4,1.1972980210058068E-4,1.6689426036322987E-4,1.4021113915206807E-4,9.73210767892905E-5,4.04534846325632E-4,0.0018818602270955745,1.4979283501822665E-4,9.158903949174404E-4,8.2760324841646E-4,9.462188907268406E-4,0.027552469780861774,9.287067535623362E-5],[0.0015490707099312384,1.9906171399531502E-4,3.831218928895725E-4,4.3762114189030936E-4,0.05494888409581421,2.450319322792032E-4,1.1178081048921874E-4,0.0026224551107523787,6.61465017583139E-4,1.0,6.013450450069118E-4,6.370288708768161E-4,3.94808439559834E-4,6.637103338812243E-4,0.0010572850343046384,6.410862874610541E-4,0.001711391434294861,0.0017972064241920135,7.151213122369178E-4,0.010901508336027774,7.851721053495635E-4,3.9581910826358587E-4,5.064633551083608E-4,6.990426344333036E-4,5.497720083938546E-4,5.85099250655728E-4,0.002463431199007441,3.2190994178072144E-4,0.0039396093180556905,6.646385865652552E-4,6.90915409022087E-4,4.104852215894558E-4,3.167661112268136E-4,6.619098849279045E-4,1.8238209034093615E-4,0.0013656537060689007,1.7388184030591214E-4,0.004375510038788655,5.411934759602018E-4,2.0192534012434814E-4,5.418644122132718E-4,0.0012238476026670984,9.640196124755182E-4,4.599682305719819E-4,3.316764809795387E-4,0.0015934535136250252,4.6292933457829785E-4,3.2016263393157003E-4,3.669471069037739E-4,6.871501347599344E-4,1.487686152418343E-5,9.588696065520287E-4,0.0016074760721727834,4.221859251847279E-4,0.0013063414759744176,7.122332210229683E-4,7.703184854711663E-4,0.07100843198854176,4.7859257023595336E-4],[0.0012972811217863735,1.1115480757528529E-4,1.5463356631900883E-4,1.412344498342603E-4,0.05462688687036054,1.3569040960200826E-4,6.427822918363505E-5,0.0131384321212522,1.4984421723795427E-4,6.013450450069118E-4,1.0,1.8634834147270777E-4,1.9304569490702378E-4,2.0550980419333265E-4,6.922863357862745E-4,2.387118455382382E-4,0.0017616907733979364,0.0011252700187738254,0.0010441899244486555,0.0109029841518444,2.2145861580191747E-4,2.2008444445152116E-4,5.484144998807378E-5,5.619498762713426E-4,1.8068257122876447E-4,1.9880337263962144E-4,0.0028466261987523883,1.8630664427432363E-4,0.0012478653678061117,1.5855926775801697E-4,2.078398425327447E-4,1.9781614746249544E-4,1.942589604539509E-4,5.888876998047291E-4,1.5574908381812248E-5,0.001551463355740797,2.529175221435486E-5,0.003205964222547611,2.1422565677684682E-4,8.41746308015626E-5,1.3600762563041483E-4,0.00866972566895484,2.2674438894082198E-4,1.848188111299415E-4,1.8260891052255493E-4,3.036924086760837E-4,1.5458755487680306E-4,1.270791561194326E-4,2.2226971280832212E-4,1.5349355306288113E-4,8.926977661305522E-5,8.355036812167447E-4,0.002272718991607327,1.542246253827013E-4,4.821740555131335E-4,5.695999289768421E-4,6.774710218823474E-4,0.00724365555480788,1.6220824811687395E-4],[9.665324116027935E-4,5.211965979862824E-5,2.5861977365320155E-5,1.1970740249425933E-4,0.011490661729183234,9.897999208721705E-5,2.8446502094324103E-5,0.0022216366621495877,1.1898859951589371E-4,6.370288708768161E-4,1.8634834147270777E-4,1.0,9.889120224820314E-5,1.479118978813906E-4,7.76103586751207E-4,2.391744787516069E-4,0.0018881755199066943,0.004410964558264772,5.966142765901663E-4,0.005945242370953319,1.493413952881194E-4,1.9067838737569663E-4,7.106536257010359E-5,3.14187055264087E-4,1.1567943597013773E-4,1.4547504260628533E-4,0.001056268952627764,1.0806488616708859E-4,0.0024423867595073424,1.2148528604358448E-4,1.1425221151454125E-4,8.591443185864802E-5,4.531194497284383E-5,4.496933501830308E-4,3.9970616206145665E-5,3.786322526733296E-4,4.332955033577679E-5,0.004170660345111927,1.8485830376193E-4,3.6402481097902234E-5,8.387305395064257E-5,0.006065814060870654,7.364161058275275E-4,1.7816660172731717E-4,1.269938169666418E-4,0.0016722383566318412,1.1038817123894624E-4,4.079088118156394E-5,2.979527149092172E-4,1.3084497912719729E-4,3.4001402327985585E-5,0.001117483332455948,8.992846739728195E-4,1.5045491277544134E-4,0.001773805737124579,4.87244076094497E-4,8.26233858680258E-4,0.03655369578812631,2.3230030976818393E-5],[0.0014911955748053228,1.4854016923509413E-5,1.5459688122363712E-5,8.267878119272819E-5,0.018695697439756017,2.2109620323962473E-5,1.2215594123626463E-5,0.014463644431471767,1.3246589139878515E-4,3.94808439559834E-4,1.9304569490702378E-4,9.889120224820314E-5,1.0,1.0110387586783156E-4,0.0010349664620079863,2.0792244839976405E-4,0.0019746954515861828,0.011400304415721017,0.0014586415313979355,0.0033079181710937797,1.1978458722507142E-4,1.3158641266198425E-4,4.406489022689531E-5,2.605795633345054E-4,9.849879465626652E-5,1.4183367187269453E-4,7.256398710973441E-4,1.1300402913004754E-4,0.0014684765545958387,1.6889452471957736E-5,2.3424441505447236E-4,1.2690206644745417E-5,1.5095899909989313E-5,1.9105999428747655E-5,1.4694880112657528E-5,2.7860857593353487E-4,1.621916256440357E-5,0.0018102059251249641,2.519856137175533E-5,1.3232966086308514E-5,2.750270439996227E-5,0.0042896500043775815,7.636245847199137E-4,1.7122043979254635E-5,6.897738660424169E-5,0.004266980938126937,1.3821046046338028E-4,2.443583355303377E-5,1.3768080547429907E-4,3.451171210783157E-5,1.14207157807057E-5,4.549562444599723E-4,0.002415150639757015,1.1449790223413869E-4,0.0020384947324482553,1.1477075193059105E-4,8.858683904693174E-4,0.039424187999555084,1.2992846390248553E-5],[0.0011465146229544159,3.199399115641885E-5,1.4312790924971325E-4,2.784505520008777E-4,0.023660596813053852,1.4122023352011794E-4,2.572331322582965E-4,0.008819488204742092,1.578669361153733E-4,6.637103338812243E-4,2.0550980419333265E-4,1.479118978813906E-4,1.0110387586783156E-4,1.0,9.566075210074418E-4,4.1182729684291676E-4,0.0020145013008200712,0.007587736320296963,0.0015245697076549441,0.0039049359555790837,9.040665820482673E-4,4.245812431514208E-4,4.219737346278647E-4,4.900194065229346E-4,2.7352723762404726E-4,4.504529653192775E-4,0.0010412657627899928,3.563340281235111E-4,9.932791012857694E-4,3.0971227727873634E-4,4.611339546086382E-4,1.2104742217748857E-4,2.80904724153855E-4,5.058480862009439E-4,3.1331420079989324E-4,0.0012588914107191233,1.7134190252994839E-4,0.0036129352124562707,2.6949826028606415E-4,3.874902612610351E-4,3.2261162045692595E-4,0.010525934366971095,0.001016136307589296,4.614720087979968E-4,3.7069586199009523E-4,0.004328201660628432,2.768335194165315E-4,2.3420707464493382E-4,3.914100817594132E-4,3.527498077083197E-4,3.254650501388738E-4,7.819741391804316E-4,7.355825321622891E-4,2.2508894914496653E-4,0.001963994469479119,5.706296044939244E-4,9.82450938774051E-4,0.02506904010423923,2.6230609051686843E-4],[0.0016945701068191437,4.5025154658249767E-4,9.562187546049831E-4,4.75046993437276E-4,0.05824235004831179,5.319877072551924E-4,4.6112716818950456E-4,0.005158342631466196,0.0010521108680630325,0.0010572850343046384,6.922863357862745E-4,7.76103586751207E-4,0.0010349664620079863,9.566075210074418E-4,1.0,9.389751043667521E-4,0.0014020206999695354,0.013970359549983078,0.001586215084251729,0.01342071820162901,0.0011884940306331941,0.0010709274419496585,6.468863151487967E-4,9.762263819258449E-4,4.7244284330118913E-4,7.251400935693044E-4,0.0013894321422271748,5.943370242470359E-4,0.0043819806611544235,5.780077762096941E-4,4.445747686533725E-4,3.9572086516348134E-4,2.6909607124231654E-4,8.707430060493805E-4,2.843776118488536E-4,0.001242026020964901,6.029391356368127E-4,0.0041155028329919584,9.045575291312905E-4,3.125092625902823E-4,2.985229226779948E-4,0.008863957297165334,0.0012882509065526972,0.0010339125869399117,3.5924229023163794E-4,0.0027263904043941,8.539287462680185E-4,9.877146165649558E-4,0.0010419747134898765,5.256838801000297E-4,6.432258487647991E-4,0.001199907428548632,0.0019650905808582158,5.180325857205932E-4,0.001916972508100669,0.0011399715419933868,0.0011780038575175556,0.02892348617085719,9.835267195403678E-4],[0.0016778416362504195,4.737275156532108E-5,1.6434634324733954E-4,1.3548141461651366E-4,0.054889353087342975,1.0011664556465714E-4,1.2305174048015145E-4,0.005034322972356998,1.714857463866834E-4,6.410862874610541E-4,2.387118455382382E-4,2.391744787516069E-4,2.0792244839976405E-4,4.1182729684291676E-4,9.389751043667521E-4,1.0,3.801270275695258E-4,0.013916096074691808,0.0012104121409705862,0.0033339077540388553,0.001001040755284732,2.783386911879155E-4,2.488041299426211E-4,3.998157489147987E-4,1.8514920298441924E-4,2.609428334413189E-4,0.0025780325844636,2.2744046305798945E-4,0.003978098217016737,1.406329139174917E-4,2.7019062075752125E-4,4.620092518429704E-5,2.163825876983255E-4,4.8262410462805055E-4,2.080043165840656E-4,9.000836640283268E-4,1.6338572378214316E-4,0.002211183154115925,2.2875317152698348E-4,2.5997348641881304E-4,1.8046353706906187E-4,0.0037575014924776245,7.234157677337147E-4,1.9338427686437228E-4,1.7929361146390495E-4,0.0013732013287388156,2.3875297990087405E-4,3.211511254162174E-5,3.054360429990862E-4,1.6772428523241905E-4,1.7917841645422587E-4,8.311846867934856E-4,8.583721184425731E-4,1.9440514671642106E-4,0.0016635148519530006,6.110890626084002E-4,7.062561455269845E-4,0.006918159324486355,2.183606824758092E-4],[0.0020017900300472956,0.0016327445704269392,3.391619730745764E-4,9.805813177151085E-4,0.016790912282915363,2.6738854389165466E-4,6.607563518060951E-4,0.0137052144265108,0.0015151900245118648,0.001711391434294861,0.0017616907733979364,0.0018881755199066943,0.0019746954515861828,0.0020145013008200712,0.0014020206999695354,3.801270275695258E-4,1.0,0.00845183983163315,0.001983225847965704,0.013468416362886504,0.001353532663036386,2.414996264058851E-4,6.30830610662644E-5,0.001783589338848769,0.0014752207554773846,0.0012710143568180204,0.002260293648521515,0.0013579387459997446,0.003904128560262321,3.8748485265035224E-4,4.718315966433395E-4,0.0016760667293391851,0.0016692317569405957,5.990091501977997E-4,9.061328821502259E-4,0.0022081487879430065,3.5625426011856115E-4,0.003376511590838672,6.267666887686338E-4,6.324809677924577E-4,2.634843416370153E-4,0.006346935473481352,0.0015017302637277033,0.00104056442356414,0.0010759408912514815,0.0032875194743599316,7.010243112165865E-4,0.0020343521145378372,9.952410748355932E-4,3.4462784286740545E-4,0.0015918215103779161,0.00184985946109931,0.0022660095886108673,3.01272819966028E-4,0.002095664920338194,0.0018861230936694443,0.001343544060486871,0.05626622303226696,0.0017333548822469837],[0.013849536814281289,0.003971410718033264,0.014011177894666068,0.015025797024296855,0.044084452567526994,0.0024827138316809642,0.012771624061324647,0.01580154530745028,0.0045336642384479035,0.0017972064241920135,0.0011252700187738254,0.004410964558264772,0.011400304415721017,0.007587736320296963,0.013970359549983078,0.013916096074691808,0.00845183983163315,1.0,0.003929945211207469,0.015623554387745656,0.0145387647088658,0.010925393153607932,0.011668323489089995,0.009753600832922761,0.015540474916489093,0.006179082967409905,0.007119526208391004,0.008708279162325689,0.013432554858372074,0.008557607849316832,0.005083092686115453,0.0032303345587753962,0.0017202186943649782,0.010896953265080276,0.015334537366352331,0.011111768758329931,0.002812979246777803,0.007582667416238002,0.008313449596183091,0.01241869294106927,0.010879960527957639,0.01204437114458903,0.005445500858341606,0.007347981977184516,0.012465701028004723,0.013706542871764635,0.005995202410312924,0.003307921461648054,0.0031416547057964324,0.011321971072220627,0.014207677508125167,0.006907527413964388,0.007582279531282576,0.007524174435684401,0.0024949456863896133,0.0011704299937458096,0.014591962435926779,0.06102473690728867,0.010228145090725685],[0.0018975970105258246,0.0012948010788324746,0.0013885414302886746,0.0012351403184760528,0.0158383800205844,8.825587234014122E-4,0.001292501224456367,0.00205334082740277,0.0016139787716809787,7.151213122369178E-4,0.0010441899244486555,5.966142765901663E-4,0.0014586415313979355,0.0015245697076549441,0.001586215084251729,0.0012104121409705862,0.001983225847965704,0.003929945211207469,1.0,0.011511256006554844,0.0012498680826920911,8.389173211073177E-4,3.5139099385818014E-4,0.0013480957132266662,9.890521372361823E-4,7.317216448178048E-4,0.002729489345115526,0.0016390367565542036,0.004353581771316941,0.0010623504540507762,0.0011508728540730695,1.8857707166142256E-4,0.001846689000895589,0.0013389814499445226,8.858763045671313E-4,0.002092585155586087,6.254767421523948E-4,0.0025752920265783037,0.001485299771554313,9.882610749699506E-4,0.001609550400166088,0.002186428782980323,0.0019374221265336174,0.0013070264182631095,7.960180261435746E-4,0.0038927049623667847,0.0014543195464594197,6.009290610989639E-4,9.638437607790366E-4,4.2555019461620696E-4,6.693871263453445E-4,0.0015656000446679392,0.002013307604547468,0.00184520758942087,0.0023850331894018873,0.0011787780442701421,0.001182151578816707,0.050277395243258895,0.0012064396625033555],[0.01067828216567472,0.004596058652253087,0.01395071469495682,0.005820785295607296,0.07141631951349178,0.0013737769464715719,0.014485347404833565,0.015170102603362922,0.014696495489005408,0.010901508336027774,0.0109029841518444,0.005945242370953319,0.0033079181710937797,0.0039049359555790837,0.01342071820162901,0.0033339077540388553,0.013468416362886504,0.015623554387745656,0.011511256006554844,1.0,0.002785459953577543,0.005002877514800467,0.008019112565135914,0.01300414836904004,0.007377155718379425,3.070325897125329E-4,0.015056862617543876,0.012705729519346015,0.007027873156685066,0.009614548648072376,0.007892650210692883,0.007992951170516668,0.014304481890522733,0.001722988422019166,0.003552904094236608,0.015139659925279488,0.01485896356927717,0.01369607593176252,0.005557863615154155,0.002904704187811469,0.013726512493574459,0.013307673850565305,0.0017646745096099826,0.01356652018597486,0.0015747413637482279,0.007287846628801799,0.012994764159694819,0.011943627727079381,0.01246366370994557,0.004247545281642431,0.012730624109500452,0.011629497565662904,0.005529079762848882,0.01080617580123306,0.00712373094001697,0.005350626743533225,0.00791329263105393,0.034775306141254084,0.004503538766120261],[0.0015725333775418915,3.978596031387423E-4,8.84751723757239E-4,0.0010495088374888922,0.051606922145667894,2.6692148800334443E-4,8.976591520152691E-4,0.011738262060015645,2.825235653362438E-4,7.851721053495635E-4,2.2145861580191747E-4,1.493413952881194E-4,1.1978458722507142E-4,9.040665820482673E-4,0.0011884940306331941,0.001001040755284732,0.001353532663036386,0.0145387647088658,0.0012498680826920911,0.002785459953577543,1.0,5.175175207908778E-4,8.983993293673468E-4,9.398774094903396E-4,5.885947128412554E-4,4.511461662292264E-4,0.002265568687536278,0.0010931579466923092,0.0038708973956200574,5.070236975128868E-4,0.001099546605882833,0.0010024845328942794,0.0010564233748208349,6.958874309560483E-4,9.147881128786936E-4,0.0011185081931449415,0.0010446769049615846,0.0025907644892383024,2.8708038426026526E-4,4.3976573423797907E-4,2.2969845147539203E-4,0.002707323160562888,0.0011509908748749656,4.0255327129451327E-4,7.208412186237521E-4,0.0020414597982895653,2.354750696917718E-4,5.096675755841456E-4,4.3086085971863296E-4,4.452143886473443E-4,5.942017835165959E-4,0.0011203626540958976,0.001228897062187264,5.975532518368843E-4,0.001609194909066905,0.001087956456967588,0.0011275455198295657,0.052157480320805596,8.931007658517516E-4],[4.8631759683835315E-4,6.59651198113403E-5,1.513774758402154E-4,1.9126097869712498E-4,0.04887264556518214,1.4442161663117122E-4,2.0416711414289666E-4,0.013730213117075818,1.6500502709442154E-4,3.9581910826358587E-4,2.2008444445152116E-4,1.9067838737569663E-4,1.3158641266198425E-4,4.245812431514208E-4,0.0010709274419496585,2.783386911879155E-4,2.414996264058851E-4,0.010925393153607932,8.389173211073177E-4,0.005002877514800467,5.175175207908778E-4,1.0,2.096574462963067E-4,2.5721043985294347E-4,1.892676784943777E-4,2.278947206354232E-4,0.0018700578768324231,1.936106587637545E-4,0.0031260211429176323,1.7097726653368835E-4,2.4158755223403308E-4,9.60728160292362E-5,7.406568364325388E-5,4.221560695974123E-4,1.5659302561098147E-4,7.302656805218957E-4,1.560132599672693E-4,4.856089467397487E-4,2.2975866925299627E-4,8.882393848050301E-5,1.754332772373525E-4,0.0057669994013291,6.639205420609395E-4,2.0163583788752965E-4,2.014100721849827E-4,0.003843363771261145,2.27843653033777E-4,2.0323424362092828E-4,3.4385436857915823E-4,1.9135129400767037E-4,1.458338641854221E-4,7.182157482050265E-4,5.482688785016536E-4,1.7533915875408653E-4,9.572708496923489E-4,8.344143159908415E-4,5.71227097049705E-4,0.08987483781895564,1.207121140080053E-4],[0.0012263700963554478,3.864780364319263E-5,2.8974899221766578E-5,9.023765801065899E-5,0.027661264205879596,4.183831576103294E-5,4.563678545079954E-5,0.00670168065900292,1.2094789558054993E-4,5.064633551083608E-4,5.484144998807378E-5,7.106536257010359E-5,4.406489022689531E-5,4.219737346278647E-4,6.468863151487967E-4,2.488041299426211E-4,6.30830610662644E-5,0.011668323489089995,3.5139099385818014E-4,0.008019112565135914,8.983993293673468E-4,2.096574462963067E-4,1.0,5.635762695718622E-4,7.696457731689185E-5,5.08774753768086E-5,0.001290018648193851,1.2668360725500224E-4,0.0011317289168791035,1.0985076661453071E-4,2.2930070252967153E-4,2.7456533102156362E-5,4.178049378451859E-5,4.925053796657321E-4,2.602379470978598E-5,0.0023459829418243637,2.813842999392952E-5,0.0010231669510376968,9.978109748777768E-5,2.897162234706989E-5,4.764312716789998E-5,5.437292042297905E-4,8.926570113233128E-4,9.621534365799014E-5,1.570241802389404E-4,6.089980140234036E-4,1.3951038362878458E-4,3.5000040836581956E-5,2.0386562129697384E-4,1.3510483268399726E-4,3.208433817556516E-5,4.1591832802210734E-4,4.976465668592308E-4,1.0302191561825208E-4,0.0020466462954098126,1.5671479935041482E-4,0.0010975963376222769,0.055860719913846196,1.9507292370351844E-5],[6.454340468191721E-4,2.0894732843891218E-4,1.6280977890727877E-4,2.2631130708869197E-4,0.03524300809988452,5.97669980754203E-4,1.2885552845701923E-4,0.013844175277575081,5.780742105080014E-4,6.990426344333036E-4,5.619498762713426E-4,3.14187055264087E-4,2.605795633345054E-4,4.900194065229346E-4,9.762263819258449E-4,3.998157489147987E-4,0.001783589338848769,0.009753600832922761,0.0013480957132266662,0.01300414836904004,9.398774094903396E-4,2.5721043985294347E-4,5.635762695718622E-4,1.0,5.081761618372126E-4,5.207092134100259E-4,0.0018679557439845395,2.3099574880853342E-4,0.004719905375541836,3.0865070015377854E-4,2.4587117263391854E-4,2.1076809648415626E-5,4.222855148985514E-4,6.005848465181146E-4,1.3264018589947423E-4,0.0012948388707930331,5.957138202628448E-4,0.002571291873900269,3.245307721338389E-4,6.647705565982605E-5,3.5076782083853433E-4,0.008434966712543634,0.001092371627623883,6.303282323967093E-4,3.512910711933441E-4,0.0033483451334444907,5.69814504872494E-4,5.797921024112177E-4,5.336211452830885E-4,4.94134791410342E-4,2.915254625617189E-4,0.0010474028636050263,0.0012533998964003356,4.270459156320056E-4,0.0018545029984154303,9.052428960177087E-4,9.475863201129954E-4,0.07189052403029357,4.1777602602688537E-4],[6.376515700219022E-4,6.573051179190639E-5,1.3146261956331216E-4,1.250433095981309E-4,0.008291067581098602,8.033712846646628E-5,1.0533238505154245E-4,0.005523793031073437,1.4396021372159795E-4,5.497720083938546E-4,1.8068257122876447E-4,1.1567943597013773E-4,9.849879465626652E-5,2.7352723762404726E-4,4.7244284330118913E-4,1.8514920298441924E-4,0.0014752207554773846,0.015540474916489093,9.890521372361823E-4,0.007377155718379425,5.885947128412554E-4,1.892676784943777E-4,7.696457731689185E-5,5.081761618372126E-4,1.0,1.789682390224859E-4,1.629061635225881E-4,1.3958892494710839E-4,0.00324074627515612,1.3729356627166444E-4,1.7182016195488092E-4,7.21822832527034E-5,2.334716619745145E-5,3.0071801638834473E-4,1.5088039312223458E-5,8.255210102842074E-4,1.229662699845289E-4,3.430507730130133E-4,1.4936760329506432E-4,8.584767996384497E-5,5.7455516722831316E-5,0.010046802446552969,0.0012469912604364754,1.812341542725186E-4,1.701202269479782E-4,0.0020122704644948736,1.460187192680487E-4,4.209412291580807E-5,1.911299235799265E-4,1.4135892903835846E-4,1.4227249573677808E-4,1.6996043578780087E-4,8.016699281564359E-4,1.5016989928459573E-4,0.0016203376049201258,3.9166780391135985E-4,5.304247867304684E-4,0.005519822758307898,5.471442197992673E-5],[0.0018642291927087908,3.77985016265531E-5,5.637755344869687E-5,1.2432638055792454E-4,0.043113316371604274,1.216527456372964E-4,1.0995178500470784E-4,0.014903988022776022,1.6785329599224103E-4,5.85099250655728E-4,1.9880337263962144E-4,1.4547504260628533E-4,1.4183367187269453E-4,4.504529653192775E-4,7.251400935693044E-4,2.609428334413189E-4,0.0012710143568180204,0.006179082967409905,7.317216448178048E-4,3.070325897125329E-4,4.511461662292264E-4,2.278947206354232E-4,5.08774753768086E-5,5.207092134100259E-4,1.789682390224859E-4,1.0,0.0024065496665073337,1.4390998423753716E-4,9.026855036982918E-4,1.8082511054843327E-4,2.2603305417463577E-4,1.714757698047498E-4,1.0435613666410278E-4,2.641687247265709E-4,5.3837820588675236E-5,0.0013851676242386765,1.5819263605421747E-4,0.004073478218376362,2.1799037994935019E-4,4.2304510178089655E-5,1.0588896442708111E-4,0.008967663263796187,0.0010598423849238678,1.8801751083769792E-4,1.704412511157092E-4,0.0025142170776164914,1.8642762087133183E-4,1.5238668338359254E-4,2.0497004642685315E-4,1.6883192086172244E-4,1.5465009620214783E-4,8.642298049536159E-4,0.002208130482083616,1.8423510364554266E-4,0.0017170129046109235,7.199319681309008E-4,3.785401873586013E-4,0.06148502184820206,2.746394440746929E-5],[0.0024346830956962977,0.0017947264152058673,0.0010173215847759966,0.002196012653249059,0.05892030931398119,7.863998561444143E-4,0.0027706395171591385,0.0042841953966435,0.002063098690356363,0.002463431199007441,0.0028466261987523883,0.001056268952627764,7.256398710973441E-4,0.0010412657627899928,0.0013894321422271748,0.0025780325844636,0.002260293648521515,0.007119526208391004,0.002729489345115526,0.015056862617543876,0.002265568687536278,0.0018700578768324231,0.001290018648193851,0.0018679557439845395,1.629061635225881E-4,0.0024065496665073337,1.0,0.0026735454489398044,0.003669878019882997,0.0026720311336874136,8.679566516865606E-4,9.0626874830882E-4,7.313409917471498E-4,0.002289127692983314,0.0027544648032905195,0.00268209794320645,0.0017456205621063157,0.0037255974857075772,0.0016953911746401232,0.0024274185426035088,0.0027011551342674745,0.011124241289922981,0.0020188993532899695,0.0010398678595898584,0.0025516038268289425,0.0036794254543310355,0.0016360943647164472,0.0018545927594991638,0.002308620264893104,0.002651164228760665,4.058786561024407E-4,0.002626966008152283,0.002824489911090889,0.0020132733056369553,0.002801435153682939,0.0012267870714304553,0.0017832770514857798,0.07703662852391957,4.2535381429848065E-4],[0.0015641871071696452,6.245382218940593E-5,6.82955635064017E-5,1.2986705096142736E-4,0.058619270505610846,7.719563983913162E-5,4.267530632705223E-5,0.005390002174266347,1.429674999910542E-4,3.2190994178072144E-4,1.8630664427432363E-4,1.0806488616708859E-4,1.1300402913004754E-4,3.563340281235111E-4,5.943370242470359E-4,2.2744046305798945E-4,0.0013579387459997446,0.008708279162325689,0.0016390367565542036,0.012705729519346015,0.0010931579466923092,1.936106587637545E-4,1.2668360725500224E-4,2.3099574880853342E-4,1.3958892494710839E-4,1.4390998423753716E-4,0.0026735454489398044,1.0,3.5306849367309085E-4,1.347548723723089E-4,2.3895618590684642E-4,1.0371812101450476E-4,8.49497816119492E-5,4.3701329140597496E-4,9.835921196042077E-5,0.0019140687765877244,1.292917690122069E-4,0.002484034136099054,1.9210079534944064E-4,7.594837191683095E-5,1.0669768585356234E-4,0.00846402838951151,4.0671051838290714E-4,1.556694500896497E-4,1.5816353870802986E-4,0.003782052722329569,1.451829354768936E-4,7.213759673734918E-5,1.9667906761136746E-4,1.376512109967069E-4,2.2889786400663393E-5,3.770155480267377E-4,0.0012166692063044766,1.431182951199416E-4,0.0013874549338051846,1.933362529602746E-4,8.073381982463663E-4,0.0052736003557766085,1.1631735726866714E-4],[0.004603818636865854,0.0020343496275358913,0.0029556013677716087,0.0038710666445589733,0.008041248901030935,0.0032503431842114557,0.002059298070404266,0.01136661868981392,0.004126108103059082,0.0039396093180556905,0.0012478653678061117,0.0024423867595073424,0.0014684765545958387,9.932791012857694E-4,0.0043819806611544235,0.003978098217016737,0.003904128560262321,0.013432554858372074,0.004353581771316941,0.007027873156685066,0.0038708973956200574,0.0031260211429176323,0.0011317289168791035,0.004719905375541836,0.00324074627515612,9.026855036982918E-4,0.003669878019882997,3.5306849367309085E-4,1.0,0.003860982273003856,0.0021933324375187934,0.0035706896208257334,0.0016379001498545815,0.002870029483791618,9.3476719134651E-4,0.003455875424871869,8.963607897483518E-4,0.004486538356764375,0.002628422641965874,0.004310589137854447,6.207689097891312E-4,0.010855681445503154,0.0014451798346503447,0.002273881078423798,0.0014762681995624742,0.0047558601028027375,0.0017649458191800324,0.0038291048167116153,0.0012464196744964697,4.535068347480786E-4,0.0032385211714137272,0.004083932818554715,0.0029911104200707993,0.0045154401625224485,0.004494320305503649,0.00372213061928471,0.0021458738927885145,0.04445622851824009,2.7471989436158987E-4],[0.0013815892261633646,1.0561876428469627E-4,9.153014903927924E-5,1.2133963371755408E-4,0.020103811114659014,5.1086571812567285E-5,1.1268709443511857E-4,0.008661336313904823,1.3778671979057104E-4,6.646385865652552E-4,1.5855926775801697E-4,1.2148528604358448E-4,1.6889452471957736E-5,3.0971227727873634E-4,5.780077762096941E-4,1.406329139174917E-4,3.8748485265035224E-4,0.008557607849316832,0.0010623504540507762,0.009614548648072376,5.070236975128868E-4,1.7097726653368835E-4,1.0985076661453071E-4,3.0865070015377854E-4,1.3729356627166444E-4,1.8082511054843327E-4,0.0026720311336874136,1.347548723723089E-4,0.003860982273003856,1.0,2.1042432743707183E-4,7.91534950539259E-5,9.440451442632153E-5,4.508592417667461E-4,9.060978514935729E-5,0.0014178285035719755,1.1998549977392642E-4,0.003215692224276969,1.5193000491594584E-4,4.621558855569634E-5,1.1696738972555747E-4,0.00608466108796905,7.919807320538556E-4,1.4089381448417822E-4,1.3355208711629638E-4,0.001737880501174166,1.4267349975289427E-4,9.620806328000972E-5,1.503340796080494E-4,1.3577252308065855E-4,8.676502046875306E-5,7.436213901753074E-4,4.860746941437958E-4,1.3903274802689263E-4,0.001583426631969799,2.974997483547739E-4,6.316056197332059E-4,6.351571863517322E-4,1.3028136453440312E-4],[4.8500809848628677E-4,3.8026871629610826E-5,1.8500942196888874E-4,1.8504600918469458E-4,0.06813392651472562,3.571783109409633E-5,2.4132343142504396E-4,0.01195351127833143,1.5146224704478385E-4,6.90915409022087E-4,2.078398425327447E-4,1.1425221151454125E-4,2.3424441505447236E-4,4.611339546086382E-4,4.445747686533725E-4,2.7019062075752125E-4,4.718315966433395E-4,0.005083092686115453,0.0011508728540730695,0.007892650210692883,0.001099546605882833,2.4158755223403308E-4,2.2930070252967153E-4,2.4587117263391854E-4,1.7182016195488092E-4,2.2603305417463577E-4,8.679566516865606E-4,2.3895618590684642E-4,0.0021933324375187934,2.1042432743707183E-4,1.0,5.032488761108461E-5,1.489662410452639E-4,5.705512122290237E-4,1.313640773747841E-4,0.0014987254678327886,1.4666383361615744E-4,5.056115552192459E-4,2.4058739957666506E-4,1.3408257117632E-4,2.1558522806030015E-4,0.007252367785939426,0.0010088767395265322,2.1683304759180532E-4,2.2396453576590684E-4,6.895091407195125E-4,2.1412477311148173E-4,2.1326510351918798E-4,3.0161077487672605E-4,2.195488740157323E-4,1.1714694034993497E-4,7.59482059172038E-4,0.0020490448031864603,2.311679119223117E-4,0.0013474554453305255,3.7368877472391995E-4,7.78570492646937E-4,0.045777242367577076,3.842298231813915E-5],[6.812480423040412E-4,2.735746444094669E-5,1.8461455958823352E-5,1.999047637802251E-5,0.0602082368998037,2.0671165403121876E-5,1.5887023320135904E-5,0.0029892238781514227,8.619000324160645E-5,4.104852215894558E-4,1.9781614746249544E-4,8.591443185864802E-5,1.2690206644745417E-5,1.2104742217748857E-4,3.9572086516348134E-4,4.620092518429704E-5,0.0016760667293391851,0.0032303345587753962,1.8857707166142256E-4,0.007992951170516668,0.0010024845328942794,9.60728160292362E-5,2.7456533102156362E-5,2.1076809648415626E-5,7.21822832527034E-5,1.714757698047498E-4,9.0626874830882E-4,1.0371812101450476E-4,0.0035706896208257334,7.91534950539259E-5,5.032488761108461E-5,1.0,1.680119195342882E-5,3.361455881471482E-4,1.553035612214853E-5,0.0012118462305897263,2.0186519390880595E-5,9.715066847008903E-4,2.1511336962798172E-4,1.8271224597950865E-5,2.99932657615024E-5,0.0011097452576096598,8.644909432609739E-4,1.6719463876102385E-4,1.7019801233324425E-4,0.004104525572935531,1.1389392550237136E-4,2.5158395053759158E-5,2.5793585318996187E-4,5.279714750516493E-5,1.5135469302622859E-5,7.562664577347661E-4,0.0014552065378621367,7.470332988623959E-5,0.0018967938875360205,6.039966363228671E-4,3.05449315947972E-4,0.014163042792168467,1.5163423516329324E-5],[0.0010489814623722313,2.3220848581508062E-5,1.8550136785537033E-5,6.867138492109944E-5,0.011714149980516146,2.0756316792843764E-5,1.2982249232760065E-5,0.0063077119866361085,5.957797549588441E-5,3.167661112268136E-4,1.942589604539509E-4,4.531194497284383E-5,1.5095899