[[1.0,0.003394211227274287,3.2723957235764284E-4,0.002690748406773112,5.868305301022017E-4,3.0959597297803665E-4,0.009729670340916563,0.0010657243436971795,9.509773601782288E-4,0.03066265065923112,0.005490152286624965,3.1258696439856546E-4,1.6290805567971853E-4,5.334694239434859E-4,0.0013242569747775033,1.9964754333465408E-4,9.018400408451403E-4,6.04348223075001E-4,2.743742501104046E-4,2.4800565127220975E-4,2.2022492735061276E-4,6.608861311662025E-4,4.307509116009403E-4,7.555860057368192E-4,0.001042824086837661,0.004810292210866111,2.811094698128998E-4,2.759533664155906E-4,3.061522625449714E-4,2.3270757326870222E-4,1.1695334216096375E-4,7.294124386429826E-4,2.3711070170287632E-4,1.721986414263615E-4,3.3426257579281636E-4,3.0263224701178125E-4,2.7064777921164226E-4,9.350434285231271E-4,1.591289235647859E-4,2.1638899300220258E-4,0.0016511081606074515,0.0013050887050985406,3.132280435628243E-4,6.871536926455582E-4,2.2246334369744117E-4,2.516687133200274E-4,0.014784359086885489,5.068428899059659E-4,1.2385939327361854E-4,2.470625950287613E-4,0.007095179194491511,4.049666029517331E-4,6.522230132407618E-5],[0.003394211227274287,1.0,0.009613926222331655,0.008602597194205234,0.009153840415824734,0.008067040893077837,0.014232437835334854,0.007245277676530386,0.010480393762313174,0.05969502129093221,0.009482780237387016,0.007964319716148064,0.009739388216524992,0.013564566380362752,0.007896403857546285,0.00354548347180395,0.01064642509470508,0.00426371300284731,0.00797484159714821,0.002514304666962748,0.0025319795930760286,0.006766116839542189,0.013376039614076048,0.005556665964543783,0.006935239431729466,0.011655041862043782,0.00326004389275736,0.005157717377769507,0.012658043482280713,0.001468097887717013,0.00432113720674599,0.009644615358194948,0.009148171764729677,0.011238003640374104,0.0038517176937627124,0.002809516749070832,0.010132533657923085,0.014203021196344156,9.555724413240789E-4,0.0052400899070461065,0.008157530763941928,0.0025986156110232336,0.008476724955140754,0.0022986332394502795,0.007407465190482338,0.003837141556992683,0.020990800664029165,0.014649137027355014,0.00573383895048722,0.008101071084524167,0.04783438863875956,0.013824405475179533,7.229830429489835E-4],[3.2723957235764284E-4,0.009613926222331655,1.0,0.004332313706275335,5.768243736401267E-4,1.3708151871377099E-5,0.009630298033880965,9.57589166002959E-4,8.571881476686452E-4,0.013832014572131637,0.005746918616627977,1.9234433830402653E-4,2.0736049894120331E-4,3.0725562665103E-4,0.0015150315336952803,6.252156718229865E-5,0.002713942688640438,9.772239656429724E-4,1.6897728422392302E-4,2.2504251797055678E-4,4.107684679697714E-5,3.340988559019973E-4,2.76780927787756E-4,8.114807330044219E-4,2.806525373401852E-4,0.004842487209108191,2.5530455996070474E-4,2.1865228844639937E-4,2.4386252152891632E-4,1.730187023595565E-4,7.246951808715059E-5,3.296239912669055E-4,7.215276958029319E-5,1.9507057993777718E-4,2.804205928657138E-4,2.1971482999027378E-4,2.3586225472066355E-4,9.951474339176143E-4,1.3477752200467775E-4,2.3618699353781055E-4,6.790101994835995E-4,9.690782860211316E-4,1.8947908379140813E-4,2.851314692534909E-4,1.4237874870211362E-4,2.2590801657276218E-4,0.011485666089611551,0.009190848434164052,1.128998855291439E-4,1.5245745388789252E-4,9.596712469451428E-4,3.794148477081527E-4,1.3627482665796168E-4],[0.002690748406773112,0.008602597194205234,0.004332313706275335,1.0,0.004829963765765106,0.0011411038841979383,0.010338596896030741,0.002405299785975117,0.002510724730506943,0.0366810153871489,0.0071013845799891475,0.002358044890764586,0.002912291801404615,0.00449051955806821,0.005293509727220136,0.003401928109808546,0.004283158344194645,0.0031237930394939603,0.0012616385225012103,0.0032837184607644385,0.0010750500301765495,8.28711504278788E-4,0.002035516223907602,0.003450616045212801,0.0037016515074511573,0.005882295074736984,0.005270821473816227,0.002512182933873181,0.0026633677587457245,0.0011020856166850455,0.003464573921537091,0.005045177447224228,0.0033379515251557162,0.003995803636671144,0.002348102961508337,0.0017891741975209314,0.0048103602957186966,0.0016557918425834912,0.0017936844238538945,0.0045957647850313355,0.004817494818174993,0.004088390268878301,0.0015123989461083944,0.004645760659863468,0.004197498255323712,0.002628080912459077,0.0161276563137408,0.01035386717044132,0.002096277410258634,3.1193650603949575E-4,0.007968798700565773,0.0032849926124902404,0.002601091327136237],[5.868305301022017E-4,0.009153840415824734,5.768243736401267E-4,0.004829963765765106,1.0,1.4653500526727226E-4,0.009221914609500557,8.277685864786239E-4,0.001186098453060803,0.025659199789392115,0.005232498839433831,6.974540440564092E-5,1.92640545926479E-4,8.98052807089507E-4,0.0015217708100142887,2.584739267028004E-4,0.001820485029057426,7.11471645894358E-4,3.5550596837446915E-4,4.167338724362823E-4,3.0206919054064367E-4,6.978593197068173E-4,6.214563224724687E-4,6.372531150469827E-4,7.019816090910329E-4,0.0012894384161531904,5.95902044007801E-4,4.288697373185271E-4,4.183564967880771E-4,5.137170409549996E-5,9.382772732230128E-5,7.684674437031336E-4,3.1084811024436064E-4,4.041879859235585E-4,4.2225823030633933E-4,3.0602796583019957E-4,5.236194496000968E-4,7.797546346300747E-4,4.311099903450766E-4,3.9469631865718684E-4,0.0017727698476940165,9.383186726258342E-4,4.6577463465057294E-4,6.870266868835289E-4,3.924880256372211E-4,2.27386790832298E-4,0.012825887077455906,0.0010653811187720436,3.993469484857748E-4,4.2552128210373555E-4,0.04691003155464127,6.397182449249452E-4,5.319489870506296E-5],[3.0959597297803665E-4,0.008067040893077837,1.3708151871377099E-5,0.0011411038841979383,1.4653500526727226E-4,1.0,0.013269012073447592,3.1735661317610497E-4,4.740091047944071E-4,0.06055225936290408,0.007162941558573501,5.287135664192568E-5,8.792546639777427E-5,0.001358672866942568,6.066770500136617E-5,2.2362311132170524E-5,0.002237463408109173,4.026924257038719E-4,4.5046883339716296E-5,1.8264626045697054E-5,2.5179875154519204E-5,3.8385499815110035E-5,3.359587027889493E-4,5.485023726172848E-4,9.96338438541496E-4,0.005122861959248435,1.3864732510406088E-4,1.249067595266914E-5,1.7026688955817503E-4,1.4388838260832287E-5,1.8407637334220144E-5,3.252002541950842E-5,1.140266803242907E-5,1.6947150952386735E-5,2.9299811018916876E-4,2.129171891499451E-4,5.942823924951602E-5,8.641305428460548E-4,1.4318263783772006E-5,1.2741485783212961E-4,4.6769098943207164E-4,9.133966975982241E-4,4.432672801022361E-5,2.4220530649054174E-4,1.8846040431462678E-5,7.230589513274853E-5,0.01116492673666237,0.010417739591482044,1.2157862873468387E-5,2.2625000273311682E-5,0.03180857624577266,1.9160558332593323E-4,1.912459144177502E-5],[0.009729670340916563,0.014232437835334854,0.009630298033880965,0.010338596896030741,0.009221914609500557,0.013269012073447592,1.0,0.004460584074294674,0.007674589941094408,0.05110289387344329,0.009066561922492453,0.010212577127618321,0.01152109613234958,0.013644989482842984,0.0021329249119832003,0.0064641423238190505,0.013688020604079924,0.002269646898646111,5.160674886153013E-4,9.084299235407936E-4,0.010754820688252755,0.006951257165353195,0.009189192331786139,0.01188924292085607,0.004667926816383368,0.008260632614496012,0.006817273197198137,0.0031642892072978913,0.012245739587980739,0.009301747847052752,0.007745199123023933,0.007611975047372643,0.009605621283126649,0.0023047763402517813,0.003055589101820428,0.005172729371214352,0.01127265195335038,0.005924901357756462,0.005694166806599044,0.0036104581517643827,0.008995312548598665,0.0084656732284405,0.003948235024935363,0.007365056987559852,2.640811257802539E-4,8.035175443523247E-4,0.015196614207481855,0.014525863826031821,0.010481449551651817,0.00948959967294063,0.032520559490929885,0.012959741669396606,0.007841144640272798],[0.0010657243436971795,0.007245277676530386,9.57589166002959E-4,0.002405299785975117,8.277685864786239E-4,3.1735661317610497E-4,0.004460584074294674,1.0,0.0012192300059320088,0.019412026049163665,0.006970993102418528,1.5017813981384802E-4,5.922057952607025E-4,0.0013378124033046489,0.0013207197480699557,6.774777444411353E-4,0.0030354278697978148,0.0010654871853182115,5.656667860457648E-4,1.347307415263699E-4,8.464384386797771E-4,7.551017588833006E-4,0.001133607293291533,0.0011478966328561037,0.0011532265721975283,0.0026050370424418896,7.885509819486151E-4,2.0387430173068186E-4,9.303540388557323E-4,7.769420220456023E-4,2.8759928018719157E-4,0.0011122795719669997,7.977085329984095E-4,0.0011139964714967645,7.604671773495093E-4,3.398879750980619E-4,0.0010110522508325597,0.0010113839855743676,9.090914928508431E-4,6.594026150688092E-4,0.0014347865628957903,0.0018972447399937197,1.8415505783817392E-4,0.001106774821380979,8.866982104777732E-4,6.235062142987491E-4,0.0211208342223832,0.012775405673118734,2.982140803508147E-4,2.664901960683473E-4,0.034257869907775816,0.0011716725257452615,0.0010347487574435715],[9.509773601782288E-4,0.010480393762313174,8.571881476686452E-4,0.002510724730506943,0.001186098453060803,4.740091047944071E-4,0.007674589941094408,0.0012192300059320088,1.0,0.03204356062665825,0.0035835352947610646,0.0012215177004496806,2.498605302615369E-4,0.0014524561718830017,0.0014655985019894871,3.3768222333545366E-4,0.00155584144008281,0.0012344453330436767,5.260964278263535E-4,0.0013962158180445268,5.060989972814204E-4,7.386594317353462E-4,7.811553735797265E-4,0.001454040012958627,0.001131243882155129,0.0034867955952381582,4.995865821193573E-4,2.0381122232955787E-4,9.506541316842332E-4,5.471708343802998E-4,7.570938994015772E-4,0.001159593306469631,0.0012965073809818191,0.0012227538608522678,8.385195432357583E-4,6.567582176955071E-4,4.209118120601665E-4,0.0014383256297941095,8.798428456886783E-4,5.996046510835652E-4,0.0018912978751788993,0.0019833639983894156,2.3885780014586987E-4,0.001024841550603693,5.866211240435334E-5,0.0012324714257398554,0.01930295221327907,0.00170871980154623,6.982771816419433E-4,3.5297645405382873E-4,0.010261940382386715,0.0012427532307660541,1.2579819913290788E-4],[0.03066265065923112,0.05969502129093221,0.013832014572131637,0.0366810153871489,0.025659199789392115,0.06055225936290408,0.05110289387344329,0.019412026049163665,0.03204356062665825,1.0,0.05906169242139896,0.06597019697856693,0.022718884126786007,0.038616513183327365,0.003539797696491465,0.036891288371887244,0.011116594998382846,0.0447651486868517,0.0585755825016379,0.010854144632470508,0.037473782630471235,0.012217332122991677,0.007065728687420952,0.024040271865633987,0.04390124777701064,0.02181672058705337,0.004999125762673918,0.024711421303287833,0.05839298453090668,0.054613203200496827,0.036908273896501344,0.04662543472528246,0.00784053846352593,0.004805903646777148,0.04731024973222862,0.0033116642466402323,0.06260561834917111,0.031166425994343345,0.013523242051195355,0.06087657292192244,0.05222644024117063,0.005521339663377178,0.06547408481494704,0.03031387946423219,0.009496962412231164,0.048722586072878285,0.051021157680630064,0.02462637456214791,0.010415271482895722,0.035831644255369735,0.06580671757523801,0.06553606430026662,0.05454512687452605],[0.005490152286624965,0.009482780237387016,0.005746918616627977,0.0071013845799891475,0.005232498839433831,0.007162941558573501,0.009066561922492453,0.006970993102418528,0.0035835352947610646,0.05906169242139896,1.0,0.006650964228324212,0.003312695351937175,0.00253858158290869,0.003218981768338027,2.871911523989782E-4,0.004690082780870751,0.0013533404444701896,0.006970819445625847,0.0059448441746455,0.007579147190014786,0.002697441870283485,0.004814768840896058,0.007761752155387846,0.0012948396079645735,0.006479123894948442,0.005013670046302078,0.003711893473265489,5.922865619906888E-4,0.004050764090716455,0.004856442072840055,0.0039055181912585495,0.003937561318748283,0.006604270236781445,0.004867189245163224,0.005101633474393157,0.005847288779673402,0.0021082882232951574,0.0018830674006278514,0.006345815563913607,0.0023712447190331414,0.004063651706243525,0.007116263105752093,0.006312526674953669,0.0010304242783633908,0.005108818048645824,0.021291893159729562,0.012017311338564256,8.658131713099146E-4,0.006924006351764232,0.01747080427046653,0.006715465316870662,0.003955867737834142],[3.1258696439856546E-4,0.007964319716148064,1.9234433830402653E-4,0.002358044890764586,6.974540440564092E-5,5.287135664192568E-5,0.010212577127618321,1.5017813981384802E-4,0.0012215177004496806,0.06597019697856693,0.006650964228324212,1.0,7.765891140313719E-5,0.0013771507957572775,3.2443749506979436E-4,5.3994042777563215E-5,0.003698264606700799,4.236946110429156E-4,1.010940252855813E-4,4.6068277752204096E-5,3.051505781419988E-5,4.148839851453244E-4,2.6809978805683327E-4,0.001003312276663402,4.6675647079524787E-4,0.003535028825037492,2.0655569650518442E-4,5.008285620328546E-5,8.373209872139604E-5,4.391387765623355E-5,4.918150174763395E-5,8.535267499972312E-4,5.173089498916946E-5,6.708874645906617E-5,1.777910247130063E-4,8.773113936010415E-5,6.501543539564343E-5,3.844022336891614E-4,3.396479821883442E-5,1.0229221450228272E-4,9.682747799589208E-4,0.0013064788584306545,8.485805420442629E-5,5.151381316614299E-4,4.917213612873003E-5,1.524693104593869E-4,0.011261599844648463,0.0015098734085491486,4.7980321612573675E-5,1.0645282917747225E-4,0.031747489759354014,3.0969712589899354E-4,3.437870910737608E-5],[1.6290805567971853E-4,0.009739388216524992,2.0736049894120331E-4,0.002912291801404615,1.92640545926479E-4,8.792546639777427E-5,0.01152109613234958,5.922057952607025E-4,2.498605302615369E-4,0.022718884126786007,0.003312695351937175,7.765891140313719E-5,1.0,0.0011346822403872922,6.681773437386828E-4,6.800264456459017E-5,0.002809351780978677,3.594085270882008E-4,1.0840460597762332E-4,5.0295982443215375E-5,4.99451015197485E-5,1.1346459651582534E-4,2.8927438932570417E-4,6.749374247470056E-4,6.134670569906892E-4,6.968059174180725E-4,2.561992371892994E-4,6.711024602284699E-5,1.36533264566824E-4,7.58735822863301E-5,8.40116192341895E-5,1.122286926667032E-4,3.3638773766986104E-5,9.858000232294207E-5,1.6190470478259333E-4,1.0734698863515832E-4,8.258717597098456E-5,6.243966458924289E-4,4.780630590576823E-5,1.1602582671600558E-4,5.681059675840781E-4,0.0010373384522129234,1.0822072652888462E-4,4.1759593892689174E-4,6.888384830460294E-5,1.2837089398966278E-4,0.0016435169546282192,0.014701634050188334,3.9296810800912424E-5,1.0874875702595097E-4,0.03595749618432652,9.884970652449334E-4,2.8786397593081812E-5],[5.334694239434859E-4,0.013564566380362752,3.0725562665103E-4,0.00449051955806821,8.98052807089507E-4,0.001358672866942568,0.013644989482842984,0.0013378124033046489,0.0014524561718830017,0.038616513183327365,0.00253858158290869,0.0013771507957572775,0.0011346822403872922,1.0,0.0014999065178986676,1.7401820413738087E-4,0.0027711979626258263,0.001190120514449786,7.259882389302349E-4,0.0011161920327242946,8.247678026437776E-4,0.001320817330274596,9.216244218732568E-4,0.0011839031594595322,0.0010867537335970574,0.0016734902615892222,3.875513472933785E-4,6.025264719437205E-4,0.0011038886805971675,6.524479508645864E-4,3.863807782932269E-4,0.0013373983199501452,5.872806199418324E-4,1.549492656712409E-4,0.0010179599718393591,8.116227618615131E-4,4.3038910688593954E-4,0.001254991626592353,5.004502121667411E-4,0.001007101337168143,0.0017503186526429486,0.0014601278487369937,6.029636883004847E-4,0.0011020520000986876,1.9728972354373666E-4,9.005593292303797E-4,0.0101322508898148,0.012571680060436281,7.618367530161555E-4,6.897135134398181E-4,0.026490627072741784,0.0014091971387535135,9.204142416064647E-4],[0.0013242569747775033,0.007896403857546285,0.0015150315336952803,0.005293509727220136,0.0015217708100142887,6.066770500136617E-5,0.0021329249119832003,0.0013207197480699557,0.0014655985019894871,0.003539797696491465,0.003218981768338027,3.2443749506979436E-4,6.681773437386828E-4,0.0014999065178986676,1.0,7.580636547511294E-4,0.0026614835256218343,0.0010868804172737146,5.752524061744583E-4,7.212832353268904E-4,4.5977606208732254E-4,0.0011653141119652448,8.605516251456416E-4,0.001502621498442355,0.001175304718750542,0.0020854224364582133,0.001239409802898697,0.0012816779156012632,0.0014401342066202348,3.547851660154586E-4,5.206743129142523E-4,0.0012100049591337516,0.0014597541960192594,6.166307472438655E-4,0.0010626568230910228,6.424520152956417E-4,0.0011447802224803286,0.0011873416183644648,6.553456658371583E-4,6.452946104671496E-4,0.001985064399614231,0.0020143611728261853,7.499735538706259E-4,7.043243268819095E-4,3.7910526981946286E-4,8.970310529258129E-4,0.019112920414311164,0.005524836838054171,1.5651310157250743E-4,0.0013266291947177417,0.019660420394372786,0.0013538556948109752,0.0011063549509107513],[1.9964754333465408E-4,0.00354548347180395,6.252156718229865E-5,0.003401928109808546,2.584739267028004E-4,2.2362311132170524E-5,0.0064641423238190505,6.774777444411353E-4,3.3768222333545366E-4,0.036891288371887244,2.871911523989782E-4,5.3994042777563215E-5,6.800264456459017E-5,1.7401820413738087E-4,7.580636547511294E-4,1.0,0.0032064968434092635,4.6500459721751186E-4,2.7646033185158407E-5,2.4551263934158833E-5,2.7710979746829636E-5,3.110280064058725E-4,4.5869992225872194E-4,3.808857355327293E-4,3.966207784898173E-4,0.005772584853521232,2.0114202532726648E-4,2.1482133824042433E-5,1.431719342181698E-4,3.6615396165276786E-5,2.620248753060265E-5,9.303228611430518E-4,1.5335123899927998E-5,5.3487165347588606E-5,2.468052660091205E-4,1.3948519727298192E-4,3.6725268328891995E-5,1.948495237017961E-4,2.0389971607827194E-5,1.0555593799149325E-4,4.544375965157425E-4,0.0013189233465146287,3.806162107411505E-5,4.14587404399973E-4,2.450355756805722E-5,6.084015161712644E-5,0.017293258411392096,0.005874199831235729,2.319491347020429E-5,7.30073011106364E-5,0.004985050137835939,8.787604928091377E-4,2.199877547404605E-5],[9.018400408451403E-4,0.01064642509470508,0.002713942688640438,0.004283158344194645,0.001820485029057426,0.002237463408109173,0.013688020604079924,0.0030354278697978148,0.00155584144008281,0.011116594998382846,0.004690082780870751,0.003698264606700799,0.002809351780978677,0.0027711979626258263,0.0026614835256218343,0.0032064968434092635,1.0,0.0028260753663751493,8.860702943442795E-4,8.356804334233468E-4,0.0035546067547183183,0.002749944487473447,0.0021412993369509326,0.0021420766469709097,0.001492878774698692,0.003940833320284112,0.0020625207383032475,0.0036743516106975994,0.002603063789264629,0.002663810106077017,5.329701594879771E-4,0.00331479373892527,0.0036678221660849143,1.1266508851745714E-4,0.00319849511125192,0.0015905346433139078,0.0011717447907116485,0.0026460167275068405,0.001355714403280521,0.002494134712748965,0.0022307283553742348,0.003293431012532766,0.0015105840557726592,0.0037848273025240416,0.0027185963967682443,0.003234821836218294,0.020736591209974828,0.0077070700468759,0.0030768286649514877,0.0014716781807324008,0.03683810891608655,0.0011789093442493,9.052171193301962E-4],[6.04348223075001E-4,0.00426371300284731,9.772239656429724E-4,0.0031237930394939603,7.11471645894358E-4,4.026924257038719E-4,0.002269646898646111,0.0010654871853182115,0.0012344453330436767,0.0447651486868517,0.0013533404444701896,4.236946110429156E-4,3.594085270882008E-4,0.001190120514449786,0.0010868804172737146,4.6500459721751186E-4,0.0028260753663751493,1.0,2.54556797954837E-4,2.1002609742922857E-4,7.430290114587007E-4,7.496916774915374E-4,9.205531974265231E-4,0.001038973489552295,0.001043597946436193,0.0018717658912472499,0.0010151508540240605,5.936469824546089E-4,2.7345786356625627E-4,8.555542983496004E-4,2.7022839422644924E-4,0.0010461794241131603,0.001032912544624578,9.995577535059682E-4,7.484422507630679E-4,0.0010128342639720057,5.759171321321658E-4,0.0010096113959240725,1.0853972362247168E-4,5.658618458958643E-4,0.0011225834488771298,0.0018911787404575523,3.069773024159506E-4,9.835981637870243E-4,7.324777510791507E-4,5.904436557173817E-4,0.02045846119878241,0.00748677180949523,1.4294833925366254E-4,9.059171885904229E-4,0.04056867015811809,0.001054769715797253,9.917898064444892E-4],[2.743742501104046E-4,0.00797484159714821,1.6897728422392302E-4,0.0012616385225012103,3.5550596837446915E-4,4.5046883339716296E-5,5.160674886153013E-4,5.656667860457648E-4,5.260964278263535E-4,0.0585755825016379,0.006970819445625847,1.010940252855813E-4,1.0840460597762332E-4,7.259882389302349E-4,5.752524061744583E-4,2.7646033185158407E-5,8.860702943442795E-4,2.54556797954837E-4,1.0,8.389286266731238E-5,9.039962103753166E-5,6.470206193939176E-4,1.2434939092514542E-4,9.667321927922517E-4,4.5687040225505046E-4,0.004246890149998114,1.4626843078554717E-4,4.130596626474263E-5,2.6479021503127755E-4,7.430864868370049E-5,8.42601072096572E-5,4.74586987475784E-4,5.316785493351645E-5,7.954738312396096E-5,2.440487683009471E-4,1.3245336164744342E-4,6.562578612273403E-5,4.2537459293875605E-4,9.960082816766081E-5,1.1330278857755557E-4,7.016974492576882E-4,7.59151363878654E-4,1.184038330509066E-4,2.091086509152154E-4,3.741419152968502E-5,1.2947300200378804E-4,0.0024937622572082387,0.00903444935532181,7.904694572337796E-5,1.1574488822020208E-4,0.033805882571834464,4.443386746355491E-4,4.1396237067010494E-5],[2.4800565127220975E-4,0.002514304666962748,2.2504251797055678E-4,0.0032837184607644385,4.167338724362823E-4,1.8264626045697054E-5,9.084299235407936E-4,1.347307415263699E-4,0.0013962158180445268,0.010854144632470508,0.0059448441746455,4.6068277752204096E-5,5.0295982443215375E-5,0.0011161920327242946,7.212832353268904E-4,2.4551263934158833E-5,8.356804334233468E-4,2.1002609742922857E-4,8.389286266731238E-5,1.0,2.7485868438228792E-5,2.3662529942346158E-4,2.665676504703311E-4,5.106398168202543E-5,8.860578481206111E-4,0.005248112191596947,2.351392985660475E-4,2.153209995103517E-5,1.7541547430408665E-4,3.6202157743318655E-5,3.697652580667937E-5,1.0645021519147301E-4,2.5666289283594246E-5,3.759844919461928E-5,9.035729764196118E-5,1.5150293163927744E-4,5.907452070791976E-5,9.219474660494669E-4,2.4615349366004775E-5,7.957340318103977E-5,0.0013041313044821372,8.7982847505268E-4,9.133801633051288E-5,1.8901231985438277E-4,2.677083351950276E-5,1.953405315414205E-4,0.01803464212649656,4.988805016245209E-4,2.3081158474801388E-5,2.9199009875310228E-5,0.002784848092468651,3.694340288880435E-4,2.5639583951737513E-5],[2.2022492735061276E-4,0.0025319795930760286,4.107684679697714E-5,0.0010750500301765495,3.0206919054064367E-4,2.5179875154519204E-5,0.010754820688252755,8.464384386797771E-4,5.060989972814204E-4,0.037473782630471235,0.007579147190014786,3.051505781419988E-5,4.99451015197485E-5,8.247678026437776E-4,4.5977606208732254E-4,2.7710979746829636E-5,0.0035546067547183183,7.430290114587007E-4,9.039962103753166E-5,2.7485868438228792E-5,1.0,5.514296969535711E-4,4.3998028800816774E-4,1.3862944009676015E-4,4.647781715704485E-4,0.003017993538771033,2.342279882501787E-4,1.8674072719203317E-5,3.4924146582997076E-5,3.846480167344807E-5,3.0329367272175235E-5,3.780396161633872E-5,1.7373898961764733E-5,5.557199852003021E-5,5.153587943632189E-5,6.135795163353375E-5,3.225068152728081E-5,1.6428114951462435E-4,2.1474610685385068E-5,8.166012679948053E-5,6.733748418193097E-5,0.0013047790729619811,8.09178427510275E-5,6.122633040728938E-4,2.8927412840009418E-5,1.576853483876834E-4,0.02145822192756659,0.012262544477997189,2.6460744198233116E-5,8.962062665908064E-5,0.011877388429206747,1.306690041391288E-4,2.630971121361907E-5],[6.608861311662025E-4,0.006766116839542189,3.340988559019973E-4,8.28711504278788E-4,6.978593197068173E-4,3.8385499815110035E-5,0.006951257165353195,7.551017588833006E-4,7.386594317353462E-4,0.012217332122991677,0.002697441870283485,4.148839851453244E-4,1.1346459651582534E-4,0.001320817330274596,0.0011653141119652448,3.110280064058725E-4,0.002749944487473447,7.496916774915374E-4,6.470206193939176E-4,2.3662529942346158E-4,5.514296969535711E-4,1.0,6.829354888827575E-4,9.911286792324075E-4,0.001025774598202593,0.003648599160399465,3.9280877607867493E-4,1.5658420887267534E-4,3.867021576777639E-4,6.479368553410808E-4,1.2317820446391476E-4,8.346284147288896E-4,3.0571874497910774E-5,3.707920263998608E-4,3.894774636208648E-4,6.730523125326384E-4,3.373106407432898E-4,8.529245703362341E-4,2.2053906655497205E-4,5.713224875516885E-4,0.001938784082610981,0.0015212805126244642,5.839470740440887E-4,7.16437907428438E-4,2.864811728617652E-4,2.7056780316727963E-4,0.011351563968794736,0.006683793194612352,7.44667697679023E-5,3.9429285305020944E-4,0.021989645052509735,9.88133103008698E-4,1.41698502053678E-4],[4.307509116009403E-4,0.013376039614076048,2.76780927787756E-4,0.002035516223907602,6.214563224724687E-4,3.359587027889493E-4,0.009189192331786139,0.001133607293291533,7.811553735797265E-4,0.007065728687420952,0.004814768840896058,2.6809978805683327E-4,2.8927438932570417E-4,9.216244218732568E-4,8.605516251456416E-4,4.5869992225872194E-4,0.0021412993369509326,9.205531974265231E-4,1.2434939092514542E-4,2.665676504703311E-4,4.3998028800816774E-4,6.829354888827575E-4,1.0,8.815447762344125E-4,9.953819019091366E-4,0.004653771056697366,3.7940605462180875E-4,5.683626821785355E-4,4.244111515809777E-4,1.9676313876870787E-4,3.287665296432894E-4,0.001027161136565924,6.122660217971246E-4,4.0403921462901283E-4,5.851186130250667E-4,6.452430246662139E-4,1.789378184993111E-4,7.293651947960567E-4,5.451376710879153E-4,5.692127143258853E-4,0.0012436537852373699,8.979098179855533E-4,5.274861433236162E-4,6.75034658516257E-4,1.676555546122124E-4,4.658748312810333E-4,0.0012441024467984825,0.012479741030694276,4.918821672673226E-4,3.414523904081164E-4,0.027770527945533502,9.983007894560536E-4,1.8135596004689394E-4],[7.555860057368192E-4,0.005556665964543783,8.114807330044219E-4,0.003450616045212801,6.372531150469827E-4,5.485023726172848E-4,0.01188924292085607,0.0011478966328561037,0.001454040012958627,0.024040271865633987,0.007761752155387846,0.001003312276663402,6.749374247470056E-4,0.0011839031594595322,0.001502621498442355,3.808857355327293E-4,0.0021420766469709097,0.001038973489552295,9.667321927922517E-4,5.106398168202543E-5,1.3862944009676015E-4,9.911286792324075E-4,8.815447762344125E-4,1.0,0.0010192769700453487,0.005301289864865086,2.666241420421687E-4,8.752203812025072E-4,5.95190137933021E-4,8.272836534101755E-5,7.724923115603614E-4,0.0010520198336787918,9.146291892591035E-4,9.249505332232751E-4,3.626444514093968E-4,3.976934574775688E-4,3.8638653557695297E-4,0.0010070493454179255,9.333255829537415E-4,5.626302269056267E-4,0.0013394225261277597,0.0016456345349721803,1.362078543587761E-4,9.360306704333972E-4,2.018200491941287E-4,7.821015734286857E-4,0.011789376249372839,0.0019054749149432447,1.9097043014011824E-4,3.080655839988956E-4,0.05033818343952325,0.001010726897602942,5.056562550322467E-4],[0.001042824086837661,0.006935239431729466,2.806525373401852E-4,0.0037016515074511573,7.019816090910329E-4,9.96338438541496E-4,0.004667926816383368,0.0011532265721975283,0.001131243882155129,0.04390124777701064,0.0012948396079645735,4.6675647079524787E-4,6.134670569906892E-4,0.0010867537335970574,0.001175304718750542,3.966207784898173E-4,0.001492878774698692,0.001043597946436193,4.5687040225505046E-4,8.860578481206111E-4,4.647781715704485E-4,0.001025774598202593,9.953819019091366E-4,0.0010192769700453487,1.0,0.0019731892110044654,6.759514239207459E-4,3.7651505604712333E-4,3.738908783091217E-4,4.113797514987507E-4,3.2800864339098634E-4,0.0010529093229752653,3.005628281413661E-4,9.376850745695744E-4,8.076652331012516E-4,8.14383547818204E-4,5.739949010801963E-4,0.0010143148466865257,0.0010089791079911441,8.933273927053799E-4,0.001879467667726071,0.0016772588420881519,6.128319949928868E-4,8.596721963276206E-4,1.5916470904056866E-4,4.229613340938522E-4,0.011396793777331247,0.011242333592169274,2.680867449391335E-4,5.860041352636181E-4,0.03535741228598315,0.0010504034289712122,3.9840426555214016E-4],[0.004810292210866111,0.011655041862043782,0.004842487209108191,0.005882295074736984,0.0012894384161531904,0.005122861959248435,0.008260632614496012,0.0026050370424418896,0.0034867955952381582,0.02181672058705337,0.006479123894948442,0.003535028825037492,6.968059174180725E-4,0.0016734902615892222,0.0020854224364582133,0.005772584853521232,0.003940833320284112,0.0018717658912472499,0.004246890149998114,0.005248112191596947,0.003017993538771033,0.003648599160399465,0.004653771056697366,0.005301289864865086,0.0019731892110044654,1.0,0.005578941082174359,0.0018571229860069093,0.0030651874972803844,0.005883396171490152,0.004234391238987335,0.0027203320795659977,0.006065864675224706,0.0031311192788820914,0.003358094181910489,0.002515460301785194,0.00321715900767338,0.0027566170060263034,0.003480067985166908,0.0046515695372781486,0.005997147304641978,0.0035376599893807287,0.005383850829409164,0.0013210554686381888,0.00390976539870886,0.004419247452788876,0.012280679441810334,0.008099179379205224,0.002688063413711317,0.005971924369487578,0.006716242651220651,0.003198115326809671,0.0019127477903912616],[2.811094698128998E-4,0.00326004389275736,2.5530455996070474E-4,0.005270821473816227,5.95902044007801E-4,1.3864732510406088E-4,0.006817273197198137,7.885509819486151E-4,4.995865821193573E-4,0.004999125762673918,0.005013670046302078,2.0655569650518442E-4,2.561992371892994E-4,3.875513472933785E-4,0.001239409802898697,2.0114202532726648E-4,0.0020625207383032475,0.0010151508540240605,1.4626843078554717E-4,2.351392985660475E-4,2.342279882501787E-4,3.9280877607867493E-4,3.7940605462180875E-4,2.666241420421687E-4,6.759514239207459E-4,0.005578941082174359,1.0,5.9685829844137656E-5,2.66450511898983E-4,2.1488701125946884E-4,1.4515308490178092E-4,9.636065390411434E-4,1.2770552955041349E-4,1.60986333579899E-4,3.140698711327222E-4,2.4684048330773337E-4,1.1819601226402038E-4,0.001003571330270987,4.932877395479686E-5,1.5959917695094304E-4,9.920746588968764E-4,0.0015184143798882357,1.9550691545851064E-4,2.6137163171218304E-4,5.5975174369013964E-5,2.4674716591415537E-4,0.0076685495753667605,0.004620412391391493,9.951085524373144E-5,2.0339850472211169E-4,0.006573810912093909,9.763701675246292E-4,2.031210166590456E-4],[2.759533664155906E-4,0.005157717377769507,2.1865228844639937E-4,0.002512182933873181,4.288697373185271E-4,1.249067595266914E-5,0.0031642892072978913,2.0387430173068186E-4,2.0381122232955787E-4,0.024711421303287833,0.003711893473265489,5.008285620328546E-5,6.711024602284699E-5,6.025264719437205E-4,0.0012816779156012632,2.1482133824042433E-5,0.0036743516106975994,5.936469824546089E-4,4.130596626474263E-5,2.153209995103517E-5,1.8674072719203317E-5,1.5658420887267534E-4,5.683626821785355E-4,8.752203812025072E-4,3.7651505604712333E-4,0.0018571229860069093,5.9685829844137656E-5,1.0,4.155036931179868E-5,2.2355944298612806E-5,3.793041106284157E-5,8.842427552097774E-5,1.7666096245129457E-5,5.0510676253687545E-5,1.8671490068163096E-4,1.0857340346691711E-4,3.990380757897545E-5,7.859019332506871E-4,1.6164364586894047E-5,9.006503453962337E-5,3.230516839688775E-4,0.0011228345721898156,5.1628717483590634E-5,3.1302043918101914E-4,1.906556081942434E-5,2.4504987181023495E-5,0.005687883439888021,0.007819056840055088,1.9747406257263737E-5,1.1311261466458744E-4,0.02847274043848398,5.323725222011619E-4,1.8563599356070483E-5],[3.061522625449714E-4,0.012658043482280713,2.4386252152891632E-4,0.0026633677587457245,4.183564967880771E-4,1.7026688955817503E-4,0.012245739587980739,9.303540388557323E-4,9.506541316842332E-4,0.05839298453090668,5.922865619906888E-4,8.373209872139604E-5,1.36533264566824E-4,0.0011038886805971675,0.0014401342066202348,1.431719342181698E-4,0.002603063789264629,2.7345786356625627E-4,2.6479021503127755E-4,1.7541547430408665E-4,3.4924146582997076E-5,3.867021576777639E-4,4.244111515809777E-4,5.95190137933021E-4,3.738908783091217E-4,0.0030651874972803844,2.66450511898983E-4,4.155036931179868E-5,1.0,2.334172997623775E-4,1.720098005177622E-4,9.555556261270152E-4,2.5436956973502658E-5,8.339282362918587E-5,3.076412441007649E-4,2.3831570108094738E-4,1.750888008100744E-4,7.352935510380391E-4,6.833088742163847E-5,2.1408424155133305E-4,0.0017690394729659204,0.0013139164148070794,1.9543741443654744E-4,5.737934069637192E-4,1.7868781314687364E-4,2.3463815234419215E-4,0.005527505692174891,0.006891992064917116,1.059596836011577E-4,1.2578002573755708E-4,0.009782899424027696,8.038509569411651E-4,1.5768751772271672E-4],[2.3270757326870222E-4,0.001468097887717013,1.730187023595565E-4,0.0011020856166850455,5.137170409549996E-5,1.4388838260832287E-5,0.009301747847052752,7.769420220456023E-4,5.471708343802998E-4,0.054613203200496827,0.004050764090716455,4.391387765623355E-5,7.58735822863301E-5,6.524479508645864E-4,3.547851660154586E-4,3.6615396165276786E-5,0.002663810106077017,8.555542983496004E-4,7.430864868370049E-5,3.6202157743318655E-5,3.846480167344807E-5,6.479368553410808E-4,1.9676313876870787E-4,8.272836534101755E-5,4.113797514987507E-4,0.005883396171490152,2.1488701125946884E-4,2.2355944298612806E-5,2.334172997623775E-4,1.0,3.9501548076947196E-5,5.400241999004609E-4,1.5475705129869658E-5,4.906221998900987E-5,2.395959632776109E-4,1.8725661518116419E-4,4.938243538047655E-5,1.7369905377173522E-4,3.165564225577895E-5,5.2247488213009004E-5,1.5834262357401505E-4,0.001391463324758791,9.110142935833194E-5,5.247439269482789E-4,3.4179646070874126E-5,8.964776003188648E-5,0.001541527453477267,0.01275658212070107,2.2615258259002853E-5,4.556792705361699E-5,0.020529762919270906,6.762593140111477E-4,3.462849927145547E-5],[1.1695334216096375E-4,0.00432113720674599,7.246951808715059E-5,0.003464573921537091,9.382772732230128E-5,1.8407637334220144E-5,0.007745199123023933,2.8759928018719157E-4,7.570938994015772E-4,0.036908273896501344,0.004856442072840055,4.918150174763395E-5,8.40116192341895E-5,3.863807782932269E-4,5.206743129142523E-4,2.620248753060265E-5,5.329701594879771E-4,2.7022839422644924E-4,8.42601072096572E-5,3.697652580667937E-5,3.0329367272175235E-5,1.2317820446391476E-4,3.287665296432894E-4,7.724923115603614E-4,3.2800864339098634E-4,0.004234391238987335,1.4515308490178092E-4,3.793041106284157E-5,1.720098005177622E-4,3.9501548076947196E-5,1.0,4.985857149493511E-4,1.931355965837965E-5,5.519135813202262E-5,1.8097842903660075E-4,1.5738638541261605E-4,4.855667019498033E-5,2.7589365103856413E-4,2.733734434892498E-5,5.24992198520865E-5,6.29971836735631E-4,7.519485301806404E-4,6.615926547838612E-5,6.635629483184767E-4,3.434279164797524E-5,1.7346948208112986E-4,0.004974401923232769,0.0042082516002609005,2.346308722653303E-5,9.774410895928908E-5,0.02611117305254591,9.287960727302314E-4,3.0302615548538765E-5],[7.294124386429826E-4,0.009644615358194948,3.296239912669055E-4,0.005045177447224228,7.684674437031336E-4,3.252002541950842E-5,0.007611975047372643,0.0011122795719669997,0.001159593306469631,0.04662543472528246,0.0039055181912585495,8.535267499972312E-4,1.122286926667032E-4,0.0013373983199501452,0.0012100049591337516,9.303228611430518E-4,0.00331479373892527,0.0010461794241131603,4.74586987475784E-4,1.0645021519147301E-4,3.780396161633872E-5,8.346284147288896E-4,0.001027161136565924,0.0010520198336787918,0.0010529093229752653,0.0027203320795659977,9.636065390411434E-4,8.842427552097774E-5,9.555556261270152E-4,5.400241999004609E-4,4.985857149493511E-4,1.0,8.202978493730933E-4,6.779445937909968E-4,6.450826004624979E-4,4.5750364343427667E-4,8.095202642345608E-4,0.0010262921636774187,8.146580895437759E-4,4.0063196841341893E-4,0.0012990168459739995,0.0017752827888319258,9.837668486190724E-4,8.272830424084153E-4,5.382925047809465E-4,9.706028155234077E-4,0.0177318297153569,0.006219259506169273,8.001988251047391E-4,8.619531300391113E-4,0.017075494806499267,0.001074027748605016,6.430528312987634E-4],[2.3711070170287632E-4,0.009148171764729677,7.215276958029319E-5,0.0033379515251557162,3.1084811024436064E-4,1.140266803242907E-5,0.009605621283126649,7.977085329984095E-4,0.0012965073809818191,0.00784053846352593,0.003937561318748283,5.173089498916946E-5,3.3638773766986104E-5,5.872806199418324E-4,0.0014597541960192594,1.5335123899927998E-5,0.0036678221660849143,0.001032912544624578,5.316785493351645E-5,2.5666289283594246E-5,1.7373898961764733E-5,3.0571874497910774E-5,6.122660217971246E-4,9.146291892591035E-4,3.005628281413661E-4,0.006065864675224706,1.2770552955041349E-4,1.7666096245129457E-5,2.5436956973502658E-5,1.5475705129869658E-5,1.931355965837965E-5,8.202978493730933E-4,1.0,6.561598569496779E-5,2.455894104336049E-4,3.614006285506917E-5,3.047596780998996E-5,8.182505255767099E-4,1.5206462596588434E-5,9.85750273863824E-5,0.0018457296670007404,8.251733779755358E-4,8.050635277903273E-5,4.047892287520626E-4,1.948691484784501E-5,1.6588686582137403E-4,0.001563168030010894,0.0024243424923271546,1.961003969836427E-5,1.1850160604571314E-4,0.032531307422370564,6.32216546501339E-4,2.160747267775074E-5],[1.721986414263615E-4,0.011238003640374104,1.9507057993777718E-4,0.003995803636671144,4.041879859235585E-4,1.6947150952386735E-5,0.0023047763402517813,0.0011139964714967645,0.0012227538608522678,0.004805903646777148,0.006604270236781445,6.708874645906617E-5,9.858000232294207E-5,1.549492656712409E-4,6.166307472438655E-4,5.3487165347588606E-5,1.1266508851745714E-4,9.995577535059682E-4,7.954738312396096E-5,3.759844919461928E-5,5.557199852003021E-5,3.707920263998608E-4,4.0403921462901283E-4,9.249505332232751E-4,9.376850745695744E-4,0.0031311192788820914,1.60986333579899E-4,5.0510676253687545E-5,8.339282362918587E-5,4.906221998900987E-5,5.519135813202262E-5,6.779445937909968E-4,6.561598569496779E-5,1.0,1.4268477677620756E-4,2.007659028928761E-4,6.896218835477975E-5,3.3088149252622965E-4,4.8749625213607154E-5,1.0256503302790462E-4,7.72913832093867E-4,4.604771000585651E-4,8.339626981137193E-5,1.130048786448448E-4,6.492118953565617E-5,1.2283032331239299E-4,0.005727025739760764,0.008888663274909725,7.049603663652191E-5,8.842563058539791E-5,0.029407605021975137,5.968396032924148E-4,7.100869345350234E-5],[3.3426257579281636E-4,0.0038517176937627124,2.804205928657138E-4,0.002348102961508337,4.2225823030633933E-4,2.9299811018916876E-4,0.003055589101820428,7.604671773495093E-4,8.385195432357583E-4,0.04731024973222862,0.004867189245163224,1.777910247130063E-4,1.6190470478259333E-4,0.0010179599718393591,0.0010626568230910228,2.468052660091205E-4,0.00319849511125192,7.484422507630679E-4,2.440487683009471E-4,9.035729764196118E-5,5.153587943632189E-5,3.894774636208648E-4,5.851186130250667E-4,3.626444514093968E-4,8.076652331012516E-4,0.003358094181910489,3.140698711327222E-4,1.8671490068163096E-4,3.076412441007649E-4,2.395959632776109E-4,1.8097842903660075E-4,6.450826004624979E-4,2.455894104336049E-4,1.4268477677620756E-4,1.0,2.879688178197002E-4,8.609020566841716E-5,7.348081720171504E-4,1.8544147718397834E-4,2.4841276238325304E-4,8.949812929189131E-4,0.0017447565028283563,2.2231700628613698E-4,3.9848024024203915E-4,5.4216803648153996E-5,3.084864699087767E-4,0.00596577961614246,0.0051448972134515766,1.0386287207146824E-4,1.8618054586655547E-4,0.048770921328243615,4.2068646107097315E-4,2.122511674652322E-4],[3.0263224701178125E-4,0.002809516749070832,2.1971482999027378E-4,0.0017891741975209314,3.0602796583019957E-4,2.129171891499451E-4,0.005172729371214352,3.398879750980619E-4,6.567582176955071E-4,0.0033116642466402323,0.005101633474393157,8.773113936010415E-5,1.0734698863515832E-4,8.116227618615131E-4,6.424520152956417E-4,1.3948519727298192E-4,0.0015905346433139078,0.0010128342639720057,1.3245336164744342E-4,1.5150293163927744E-4,6.135795163353375E-5,6.730523125326384E-4,6.452430246662139E-4,3.976934574775688E-4,8.14383547818204E-4,0.002515460301785194,2.4684048330773337E-4,1.0857340346691711E-4,2.3831570108094738E-4,1.8725661518116419E-4,1.5738638541261605E-4,4.5750364343427667E-4,3.614006285506917E-5,2.007659028928761E-4,2.879688178197002E-4,1.0,2.148115574865646E-4,9.772565987687923E-4,1.7277557790472203E-4,1.5070670201178962E-4,0.0014943106022207854,0.0015788644762157083,2.0130961582807565E-4,4.364429652971192E-4,1.5341126644762704E-4,2.182429851647418E-4,0.006589562394224043,0.006263958716037724,1.5650440639197087E-4,1.651128075832694E-4,0.03736514843239275,2.2381357306365546E-4,8.745967098580848E-5],[2.7064777921164226E-4,0.010