[[1.0,0.0015652225094560208,0.0011295504448314794,0.0011119724542795876,6.000739138260709E-4,0.03163752655240462,0.001160402902543645,0.002524415671389989,9.933523966657674E-4,0.001623422327898051,0.0019074483346279974,7.482231767016947E-4,0.002108766138544266,0.002511895995716859,0.002247955569656187,0.002244545435240276,0.0017797964380127024,0.004944683939307981,0.0066265853815293,7.373007436179462E-4,9.647418305736347E-4,0.004422581670642709,0.0016760962709093657,0.0028578971106522676,0.0017859789565419092,0.0011996433983606,0.0035147737173693424,7.282414051845759E-4,0.001012537054267514,0.0012310937406219851,7.436048234960424E-4,2.3491689851031617E-4,0.002672548248368898,5.866700854589235E-4,0.03408456052649029,0.04013632614880362,0.0015500706670231747,0.0020548714567491587,0.0014220797197964047,0.0024945916943826685,0.002515348336789641,0.003936988843759562,3.604387004101621E-4,0.013949239769705316,0.0016029710981159424,0.0026224926354681357,0.0014897150977702927,0.0020152937521243463,0.013453517775072416,0.0023318821672867903,8.066800429541413E-4,0.004212569920214241,0.0015008457807032362,0.0024149130592400116,0.0024059364204041776,0.0077315572183427,6.671641694208677E-4,0.006499358618952367,0.001268858762469336,0.0021649660659655364],[0.0015652225094560208,1.0,1.8048990493981664E-4,4.756581653561471E-4,2.733212422965391E-4,0.035599942883623385,7.231391385541137E-4,6.442926383042147E-4,2.102197226890026E-4,1.6564911857504014E-4,0.0010122608216425171,1.8942724441855065E-4,0.001036756823179882,5.914529417615844E-4,8.590744744358282E-4,2.6719301909828E-4,1.8496170435460286E-4,0.0013731299411376052,0.005481113945931854,1.6611391919392867E-4,5.03873968614236E-4,0.005948446837689923,1.6391110100313385E-4,0.0013795347798768573,1.8352853270165627E-4,3.3306966829678815E-4,0.0036009850141454306,3.7855493280409554E-4,1.8541263151293917E-4,3.9000567225510116E-4,1.9162528823967934E-4,1.7933479743603774E-4,9.531471577694945E-4,3.10657541525178E-5,0.05380894602940976,0.0056672537793457,7.902501868935757E-5,4.006855497446728E-4,5.565245816279501E-5,0.002322571824906051,0.0013553098418186966,0.002632321486730134,1.6704581091453235E-4,0.012524913469238046,0.001228938783865825,0.0020877557423381182,7.46182225752487E-4,3.0635097173792265E-4,0.06690944647600557,0.0014850528544390286,1.8892637123249915E-4,0.0012266209942517635,1.1928715560148001E-4,1.2922885566441603E-4,1.9676863092750186E-4,0.004418924797610754,1.537338447608971E-4,0.004192266003364109,1.1870601208590254E-4,1.1573179484172501E-4],[0.0011295504448314794,1.8048990493981664E-4,1.0,8.179243273954813E-4,2.3693608070035784E-4,0.01648121009418426,5.562831555588385E-4,0.0021144944408149936,6.161476565070157E-4,1.481652849994045E-4,3.323988166670049E-4,1.267402606249869E-4,0.0013028596257401253,6.012189814397653E-4,2.3699016388800074E-4,6.12226569202721E-4,1.6758547244642027E-4,0.0026163543710511434,0.001212537483070121,1.657673777885739E-4,4.5753064995558473E-4,0.003259102279345302,1.6414031789738757E-4,0.0017862346495060256,1.705116940439797E-4,1.998892681311061E-4,0.004055539701937793,3.4513371244258904E-4,1.7198721429919638E-4,7.940211233752588E-4,1.5114041050953502E-4,1.3734004621396788E-4,0.0036833447517438745,1.1199819342830008E-4,0.028308022135949434,0.05723915195973838,3.912582731276359E-5,6.836173143666926E-4,3.776292917370049E-5,7.597786075446347E-4,0.0015517616340371043,5.289793964956429E-4,1.684758344344683E-4,0.0019174079568110682,7.122841073669928E-4,0.0017330919761918398,0.0010919340108270768,1.7609221094857174E-4,0.05619305304525534,0.0019378135551916412,1.382654399209692E-4,4.764137870588777E-4,9.167903552234955E-5,1.2907166771455617E-4,2.0308062792834112E-4,0.0027559740503223214,1.1318254372523237E-4,0.012195716605278656,1.4514851850262953E-4,1.0968952571904147E-4],[0.0011119724542795876,4.756581653561471E-4,8.179243273954813E-4,1.0,6.023395448087256E-4,0.029502112199577015,9.248289194100661E-4,0.0011341811603613943,8.578275488754484E-4,3.287819283794394E-4,0.0012877354205234844,5.114873043242107E-4,0.0012379295411439264,0.0019639901809610965,0.0016913235132406726,8.280299001010808E-4,4.198507552468818E-4,0.001435202637617939,0.009893410211900945,1.6431608281882446E-4,6.472754178938746E-4,0.0023134334569537875,7.063931214933285E-4,0.001546672764014868,4.741189513661376E-4,8.350652773262925E-4,0.004400116547995636,7.27201077623942E-4,7.08923289217166E-4,8.44860188577107E-4,4.7887713066721316E-4,5.111268450522175E-4,0.0026892980420172193,2.240908836626041E-4,0.018559756135196878,0.053975568084534756,9.640841017731398E-4,0.0011997741638174945,6.478578085710642E-4,0.0012612569713762992,0.0010849036194387728,0.0025387492270955376,1.1905894567016702E-4,0.01226568281321135,0.0011395045272600708,0.00181494458965855,0.0012086325637959332,3.785606620863343E-4,0.030915594429094317,0.0012097424956294962,0.0010282158573284893,0.0012034496612585636,6.449393049836695E-4,2.835597285197046E-4,4.8448959723852264E-4,0.007397420622935219,1.378740263640759E-4,0.010633278225875559,4.3301879111494197E-4,4.914539244672591E-4],[6.000739138260709E-4,2.733212422965391E-4,2.3693608070035784E-4,6.023395448087256E-4,1.0,0.026231206278162562,6.670706030599252E-4,0.0023113412427532647,5.929347338616004E-4,1.5859391401033574E-4,4.075282029051241E-4,1.98449096322433E-4,0.0011411296859382908,7.160817803726226E-4,0.0015513463527973472,5.661927625021594E-4,3.423459781830999E-4,0.0032841699792921434,0.004780340918975603,3.539810256492586E-4,4.6599489097474175E-4,0.0038889604259923763,2.733888509380188E-4,0.0013317513971046373,2.7423023496247806E-4,4.271100023083659E-4,0.0014585656015970705,4.8555180019600313E-4,2.471285217849526E-4,4.6267242251449346E-4,1.158694149324464E-4,3.0210789938123976E-4,0.0015247303118814056,3.429477305957154E-5,0.04942451674828204,0.01894491602832454,2.411141885278915E-4,3.803731465528503E-4,2.6673825926458905E-4,0.0019274746961306442,0.0015437253376360555,0.002631356499652484,1.179512173013084E-4,0.003740543957409602,4.956690153524619E-4,0.002295029844911506,0.001049723379146128,3.666084957860391E-4,0.0483309653404169,4.5394158937746504E-4,3.630495869023458E-4,0.00335907987965205,2.445861088798429E-4,3.360457459483926E-4,3.057627100559652E-4,0.002532011610079126,1.4703542198513963E-4,9.973687390508964E-4,6.458146262783702E-5,3.2530346274857013E-4],[0.03163752655240462,0.035599942883623385,0.01648121009418426,0.029502112199577015,0.026231206278162562,1.0,0.027175161044690508,0.04018564977059922,0.024678481755667527,0.03486812226896532,0.010193998553125977,0.02949497890356564,0.04288967831076745,0.036803159318272015,0.004710205536014951,0.02672801174244702,0.011090506916546217,0.012763367907037042,0.0384820494855882,0.021979078292294365,0.032550304355966245,0.030838706201790394,0.019843239182868722,0.022072876978055066,0.013191637566063662,0.04031919725304037,0.03817787177441503,0.03384281071665601,0.010374213489493933,0.016891494023511033,0.026946824457413716,0.0015906731208185005,0.028619646287606593,0.04140883707384302,0.05228886663506472,0.05213041061980543,0.036701199119786365,0.0013367703422056342,0.04445672155597882,0.005239183177390472,0.02912343289587523,0.01913865046713532,0.0299451682503827,0.03965990827131452,0.023978459452440128,0.0235560808874413,0.006248596268655218,0.03543154777863926,0.06517090386283914,0.01540524398127558,0.02823617573439,0.021271152820459247,0.01940047987921068,0.039254391599800625,0.016080108670160204,0.01533032007234681,0.0130406998785413,0.029916288661962095,0.016437839813250747,0.01577367201009771],[0.001160402902543645,7.231391385541137E-4,5.562831555588385E-4,9.248289194100661E-4,6.670706030599252E-4,0.027175161044690508,1.0,8.879349957388906E-4,7.314407326237089E-4,1.4630056891996916E-4,8.368490090112867E-4,4.3264466685371107E-4,9.833801565496945E-4,0.0019052508307190155,0.0019290477438435232,6.966443219314106E-4,7.209575397234071E-4,0.001072696613465378,0.010367894364572913,1.7069935869919533E-4,7.124152042552313E-4,0.0018247770657570583,6.087569909792711E-4,0.0019363022157642027,6.97802676780225E-4,5.881112355737939E-4,7.726432703338223E-4,6.183006710868044E-4,5.396192799442325E-4,7.617153365935285E-4,3.674041978146672E-4,4.949614554382672E-4,0.002120450084771278,5.101455637898882E-4,0.0043394633092025785,0.04302358846261316,4.60867050439014E-4,8.087432480365017E-4,9.627425404552899E-5,9.795273845406832E-4,0.0010260823648006437,0.0025024911712988145,1.2180290413703073E-4,0.0017561690255030742,9.756437039724128E-4,8.723955870093585E-4,9.487057921019084E-4,4.981310828554857E-4,0.04607717915300841,0.0018815203645701894,6.692204606922715E-4,0.0013564290365297262,1.1882918392887529E-4,7.081975053272797E-4,5.652412326129033E-4,0.004424756669184899,2.5729462982486146E-4,0.012004571923822187,6.743354613866245E-4,3.621168166562008E-4],[0.002524415671389989,6.442926383042147E-4,0.0021144944408149936,0.0011341811603613943,0.0023113412427532647,0.04018564977059922,8.879349957388906E-4,1.0,0.0015672066836836763,0.0011352074189868817,0.0015576652108965255,9.717503174740421E-4,0.001881595227595107,0.002417679357983763,0.0021419902675072666,0.0017277454488266659,8.13545890058091E-4,0.0026283329650285585,0.0036130298400916007,0.0015813859802578396,5.500652795895209E-4,0.002799185003819541,7.121386035320151E-4,0.0027019737550446187,0.0012459558560643086,7.218448213380464E-4,0.003489429151670714,0.0020313434016834757,0.0016276513897061423,0.0019291479029284989,0.0012092156525696208,0.0010004329254311958,0.003859850448965927,8.175217708354373E-4,0.03679415646824585,0.012643840479623678,0.0011112763980292014,0.0016573399227479417,0.002207097476345062,0.0024553008975480343,0.0019594086611608484,0.0025986294367330363,0.002075240608714434,0.0038232093043463877,0.00223723751589118,0.002530179329017123,0.0016933189937573367,0.0010615011583584642,0.007016636307602308,0.0023297494232245573,7.974360096257148E-4,0.004170185242246422,4.527810234436331E-4,8.400036430835085E-4,8.524601996364031E-4,0.005775449398766582,6.046373544961807E-4,0.010745121301167424,0.0017751277272633318,0.001812667666737326],[9.933523966657674E-4,2.102197226890026E-4,6.161476565070157E-4,8.578275488754484E-4,5.929347338616004E-4,0.024678481755667527,7.314407326237089E-4,0.0015672066836836763,1.0,4.6957625796829384E-4,0.0011611358238122077,5.536737327690284E-4,0.001525765895439209,0.00134821468975208,0.001253350971122154,6.888696476614057E-4,5.753836403963123E-4,0.004572869933701512,0.0028388233235284,1.5455287427350122E-4,5.64062514514507E-4,0.004669409524447544,2.722682271540732E-4,0.0017485043613149694,4.94352805112794E-4,5.611374945176606E-4,8.828973532083931E-4,6.340142927009134E-4,5.027641600836352E-4,8.052979590413407E-4,3.94241570763577E-4,5.867797982587612E-4,0.0043914887535182945,5.594548508724903E-4,0.004695677837758107,0.005198731289924206,2.3937519263520431E-4,0.0012547903935420956,2.334446660307126E-4,0.0013753350177005243,9.079862627719284E-4,0.0018999757704020771,4.8409259814557326E-4,7.855738341030224E-4,0.0011803269893428956,0.0023067075076702187,7.804239306972609E-4,3.635915294743596E-4,0.005805005711565401,8.867657967336264E-4,1.698489869361012E-4,0.0012416539153859854,4.0053651992199326E-4,4.3225989397220187E-4,3.4789238795092354E-4,0.004781931704387396,3.0723212374551075E-4,0.013181655579098832,7.615429155167084E-5,1.284636287557919E-4],[0.001623422327898051,1.6564911857504014E-4,1.481652849994045E-4,3.287819283794394E-4,1.5859391401033574E-4,0.03486812226896532,1.4630056891996916E-4,0.0011352074189868817,4.6957625796829384E-4,1.0,4.345835834852187E-4,1.1988900171429359E-4,0.001281886912313496,0.0018300738465354485,0.0019269263618743283,3.7943624353088733E-4,1.4864271522149744E-4,0.0025235162926292203,0.007133614826353801,1.3643784032056538E-4,2.3018679129252674E-4,0.001779447308090291,1.1561771245606302E-4,0.002122738352598489,1.5834276051992114E-4,1.4882684427814098E-4,0.0013936054152872588,4.834714820448694E-4,1.478618913692912E-4,5.480245345257309E-4,1.2370980813857925E-4,1.4196284715632868E-4,0.00447522009984308,1.2835516623478402E-4,0.02430257628833168,0.032683776667892024,5.14335818216447E-5,0.0011865045883983686,4.9522823876255844E-5,4.1095169628254107E-4,0.0011511696660685266,0.003603699383834813,1.3353799381710034E-4,0.014954147266310206,2.936015315060157E-4,4.469168978824545E-4,2.229361737049771E-4,3.2721349552650234E-4,0.00877140141157505,0.0011120399512412663,1.355859253616417E-4,0.0020890391945909506,1.1875165561424015E-4,1.4195021777105716E-4,2.3369843719866143E-4,0.002482169114309458,2.36975256572063E-5,0.010082758706269767,4.6851373605264865E-5,5.4335678368852466E-5],[0.0019074483346279974,0.0010122608216425171,3.323988166670049E-4,0.0012877354205234844,4.075282029051241E-4,0.010193998553125977,8.368490090112867E-4,0.0015576652108965255,0.0011611358238122077,4.345835834852187E-4,1.0,0.0010874837650403709,0.0013987432486609614,0.0019662656796665644,0.0017365630843272928,9.036609505707488E-4,8.58796319360709E-4,0.004409402804538092,0.00539868987415198,0.0011979106941845596,0.001272562647551045,0.003885435565805697,5.054146678126716E-4,0.002609820187607523,8.714133316084766E-4,8.92720600603625E-4,0.0024114461530125916,9.518118341956712E-4,0.0011212110972907913,0.0012790374869584478,5.142411060811886E-4,3.670494771571062E-4,0.0024274041255323946,4.103016232840464E-4,0.019892632080643728,0.0452438028567486,9.851429686421563E-4,0.0013026907757212687,6.468644247932172E-4,0.002278573704745942,0.0015096357036425397,0.0013781812303792745,7.423285047009185E-4,0.004057600016642175,0.0013739263427243042,0.0013352481593836443,0.0013446277413186698,3.5130560589438154E-4,0.00732978212122042,0.0014965625468822364,7.264988878918368E-4,0.0037847775945921563,0.0011989999277046638,0.001072776384255062,6.844310601786648E-4,0.0056739553823025105,1.3582464340016633E-4,0.0014160024068597245,9.668039761645518E-4,3.2989410685437285E-4],[7.482231767016947E-4,1.8942724441855065E-4,1.267402606249869E-4,5.114873043242107E-4,1.98449096322433E-4,0.02949497890356564,4.3264466685371107E-4,9.717503174740421E-4,5.536737327690284E-4,1.1988900171429359E-4,0.0010874837650403709,1.0,7.828387279372407E-4,0.0020184629264845474,0.0012608048824158003,3.485047629996103E-4,1.5236219625090514E-4,0.004682937679943483,0.005697805800205729,1.117977371117424E-4,3.092298271448204E-4,0.00468484645608075,1.0527903271166993E-4,2.483256202483975E-4,1.2108464033587405E-4,1.476323074798398E-4,0.0016612958711393442,3.2325849498736933E-4,1.596672966078571E-4,5.926202765586289E-4,1.042358651081012E-4,9.596322093695156E-5,0.002620267757491736,4.728400491251014E-5,0.0061953907038603435,0.038364791991526516,3.439503486130501E-5,1.410132359370743E-4,5.8774505626523916E-5,6.594218229190131E-4,0.0014768655707826286,0.00266872219467451,1.102183938004224E-4,0.012128903672828359,5.307555815940079E-4,6.037788944542761E-4,0.0010707848439982226,2.1768189592748688E-4,0.0041025972084695154,0.0010538943315491532,1.1575703725847126E-4,0.002622772195915053,9.840602237121471E-5,1.1652386340553187E-4,2.2745425733299937E-4,0.005551125142606918,1.1045003727741477E-4,0.0024628520625860012,5.213424233371579E-5,2.9967800821930822E-5],[0.002108766138544266,0.001036756823179882,0.0013028596257401253,0.0012379295411439264,0.0011411296859382908,0.04288967831076745,9.833801565496945E-4,0.001881595227595107,0.001525765895439209,0.001281886912313496,0.0013987432486609614,7.828387279372407E-4,1.0,0.001680690080735043,0.0018016105174132096,0.0013557636747251866,6.901763954592445E-4,0.00524908577450303,0.0032694906081865514,2.0938488439212872E-4,0.0010303491575283704,0.006010366322159754,0.001070649802866618,0.002782747584817058,0.0016397882155053235,0.001415005911236397,0.0018758493444776295,0.0011376100626058414,3.315962837521694E-4,9.014185535602541E-4,0.0014749784525239216,0.0013630161321609208,0.002115096975600482,0.001134978548446741,0.04645291626765447,0.062486776027626936,0.0014252632215260377,0.00150737698296322,4.596806466419942E-4,0.0017287524425785429,0.0016972101662319492,0.0020252807309216127,0.0014582109775470565,0.010675110307566984,0.001534234104286502,0.0020130742261001036,0.0015041628035598327,0.00121324459731572,0.023399662174228193,0.0019275190303487642,0.001184536391703752,0.002016415473229204,1.6037948623551817E-4,0.0012538258359565302,0.001126934962431082,0.0062050861891973725,9.807130473964882E-4,0.010718194657222454,0.0010417678825379094,0.0012748031191344641],[0.002511895995716859,5.914529417615844E-4,6.012189814397653E-4,0.0019639901809610965,7.160817803726226E-4,0.036803159318272015,0.0019052508307190155,0.002417679357983763,0.00134821468975208,0.0018300738465354485,0.0019662656796665644,0.0020184629264845474,0.001680690080735043,1.0,0.002291013668955787,0.0014117181654117257,0.00102586992293102,0.005088507756110812,0.008625765090754085,0.0013651541983954961,0.0011941261065286438,0.003043334753269636,5.025247626113724E-4,0.0028034579388321323,9.080496712514289E-4,6.399573971430134E-4,0.0033981625569953853,7.817463025556426E-4,0.001881685253653515,0.0017646807503314038,0.00209225376237203,0.0022451830610922476,0.0034400094358646555,4.1451173815503374E-4,0.04180925539721057,0.03698907268175876,0.0018775750276754145,0.0020196011108393717,1.942974885042371E-4,0.002423703530223799,0.002117399799567885,0.0025858924260728578,0.0011497018884461556,0.0029475282829295687,0.001866229886138879,0.002597610720388479,0.0022410612968882583,0.001782278162049171,0.034411271375252815,0.002237431694183909,0.0014746951464109476,0.0037812958674351468,0.001815134427009067,0.0020514836868510172,4.2587510386003715E-4,0.003952269712061082,0.002344766429287129,0.00640018062182944,0.0016561272837873006,0.0016968062699006992],[0.002247955569656187,8.590744744358282E-4,2.3699016388800074E-4,0.0016913235132406726,0.0015513463527973472,0.004710205536014951,0.0019290477438435232,0.0021419902675072666,0.001253350971122154,0.0019269263618743283,0.0017365630843272928,0.0012608048824158003,0.0018016105174132096,0.002291013668955787,1.0,0.0015739142777196498,0.0017200506356072694,0.004550463632134168,0.0028618341599299818,0.0012533147383144128,0.0017505199565819702,0.002969021774569899,4.019585316686959E-4,0.0025093137554153123,0.0010922035024987222,0.001021650225771747,0.004080820353373555,0.0017180298452401147,0.0010032093076499024,0.0018859232515636335,0.001068174003827068,0.0018138716767568906,0.002905976505426381,0.0016318415467173545,0.022232335610653915,0.06033468071139634,4.4011221127228053E-4,0.0017588109216292828,0.001268716142520684,0.0022099461502213596,0.0017390549338696694,0.0031808711618038247,3.58114266862347E-4,0.008897376692548658,0.0016026280589814218,0.002365960845377541,0.001522734385749696,0.0012049862176023343,0.056485516873296455,0.0019934573023223713,0.0019560249675934995,0.003193162507788341,0.0012956808917778835,0.0012296787313123858,0.0019221840427313458,0.006033983374782099,8.705526263368887E-4,0.013908157359964245,0.0011939525544843687,3.0211833007826752E-5],[0.002244545435240276,2.6719301909828E-4,6.12226569202721E-4,8.280299001010808E-4,5.661927625021594E-4,0.02672801174244702,6.966443219314106E-4,0.0017277454488266659,6.888696476614057E-4,3.7943624353088733E-4,9.036609505707488E-4,3.485047629996103E-4,0.0013557636747251866,0.0014117181654117257,0.0015739142777196498,1.0,2.0557955086528758E-4,0.00448723442267328,0.009885514064196629,6.176257967490936E-4,5.980669309499203E-4,0.003539813846593232,2.649273442119973E-4,0.002683849279056247,1.9198315198212508E-4,5.64944463597869E-4,0.0030187810748603166,5.956274140659305E-4,1.6824930896420845E-4,7.982112989865893E-4,2.663800980746732E-4,1.0845591075557154E-4,0.00437917528031542,6.329376179647537E-4,0.015207775639927824,0.004805927253690868,5.773612811660375E-4,7.519192486051822E-4,6.124714080537285E-4,0.0010509273385702056,0.0014518091635018207,8.535554562307138E-4,4.4593084964467355E-4,0.0037975517853764203,9.774792007335854E-4,0.0020942905362743257,0.001316376320269162,6.333111942753516E-4,0.042578397205455,9.070123181080464E-4,2.0812810318474506E-4,0.0015736285335522793,1.4856351212716052E-4,3.2103117686521664E-4,4.2485881060533916E-4,0.006932950379779614,3.033066444527307E-5,0.0039261423022899904,3.237573611706849E-4,3.2124985861760585E-4],[0.0017797964380127024,1.8496170435460286E-4,1.6758547244642027E-4,4.198507552468818E-4,3.423459781830999E-4,0.011090506916546217,7.209575397234071E-4,8.13545890058091E-4,5.753836403963123E-4,1.4864271522149744E-4,8.58796319360709E-4,1.5236219625090514E-4,6.901763954592445E-4,0.00102586992293102,0.0017200506356072694,2.0557955086528758E-4,1.0,3.1259868100345423E-4,0.0071742587427459726,1.5626205360864544E-4,3.885273522845963E-4,0.002413316361221287,1.5036869778275904E-4,4.761622327946306E-4,1.6292723289936399E-4,2.6637068654275243E-4,0.003907124566814472,2.1135080254463937E-4,1.6388998203846093E-4,6.551203768976277E-4,1.301112696182169E-4,1.294494417371722E-4,0.002389876556295078,4.297418745843024E-5,0.020634832244271054,0.010444942735435763,3.67369491119231E-5,2.957238759913615E-4,7.132559642611895E-5,0.0020385288081794305,8.621367933768882E-4,0.0011979022090421179,1.6088778484144505E-4,0.011957015619771555,2.5758704866526245E-4,7.032523460100205E-4,4.2016957079298565E-4,2.471794634907131E-4,0.019645342449069236,4.7716734054921667E-4,1.4364918341887398E-4,0.002868016276135422,6.752655893973787E-5,1.4665379656052965E-4,1.6676396223564056E-4,9.25147422188298E-4,7.194838790481719E-5,0.015214693692827781,4.177358161645899E-5,2.8251662327373594E-5],[0.004944683939307981,0.0013731299411376052,0.0026163543710511434,0.001435202637617939,0.0032841699792921434,0.012763367907037042,0.001072696613465378,0.0026283329650285585,0.004572869933701512,0.0025235162926292203,0.004409402804538092,0.004682937679943483,0.00524908577450303,0.005088507756110812,0.004550463632134168,0.00448723442267328,3.1259868100345423E-4,1.0,0.009982663544292796,5.909784991239844E-4,0.002333637476045733,0.006224304750339032,3.800693733456979E-4,0.00464376312817361,0.005215217235211963,0.004286056676948031,0.004616238738457684,0.004346195958576278,8.490378677573689E-4,0.0034264051899932494,4.4328522447529775E-4,0.004780862398252589,0.005124915068599273,0.001691071024053362,0.024825650665056508,0.02710737326524263,3.4347163641908386E-4,0.0037994704264959272,0.0026836811944648984,0.00506548875617464,0.0030253479513022105,0.005049360579902666,9.212463784636708E-4,0.016112460852954646,0.003563353613635848,0.004146011905195497,0.002144759608711081,0.003350257805954443,0.028085197164288637,0.003729585770449545,8.606484135951377E-4,0.005089563657786878,0.0036876158797873736,0.0020508843555717064,0.0022372643194236586,0.008805029776663805,0.0023650180059247056,0.010374637599292594,0.0039341298664938,0.0025645221252859774],[0.0066265853815293,0.005481113945931854,0.001212537483070121,0.009893410211900945,0.004780340918975603,0.0384820494855882,0.010367894364572913,0.0036130298400916007,0.0028388233235284,0.007133614826353801,0.00539868987415198,0.005697805800205729,0.0032694906081865514,0.008625765090754085,0.0028618341599299818,0.009885514064196629,0.0071742587427459726,0.009982663544292796,1.0,0.006210555476661907,0.005080168000284102,0.008760109670479832,0.0071260234101042305,0.006693793852678596,0.009610371285275702,0.0011475862026372689,0.008623783862064506,0.005895066781321533,4.7915446815283266E-4,0.0015473986429950827,0.005407651613256813,0.004099960904698889,0.008035312154440472,0.005841824721295589,0.052883214474397026,0.05004298057770208,0.006038490282401707,0.004901568225241627,0.0010280736063361616,0.0060909868034460714,0.010374811882243155,0.008669047300494621,0.0016134948449308744,0.011023330164172415,0.002172322258385155,0.004939121878649753,0.004114979851117704,0.0020885513877884634,0.06702131649716726,0.008001945753335273,0.008079810132782998,0.007615627965224718,0.00501040393231727,0.0012918135622292592,0.00257839841649931,0.010163273591018913,0.005191047904215086,0.015414059943830612,0.009149315742088463,0.006270900463821495],[7.373007436179462E-4,1.6611391919392867E-4,1.657673777885739E-4,1.6431608281882446E-4,3.539810256492586E-4,0.021979078292294365,1.7069935869919533E-4,0.0015813859802578396,1.5455287427350122E-4,1.3643784032056538E-4,0.0011979106941845596,1.117977371117424E-4,2.0938488439212872E-4,0.0013651541983954961,0.0012533147383144128,6.176257967490936E-4,1.5626205360864544E-4,5.909784991239844E-4,0.006210555476661907,1.0,3.5406488792035943E-4,0.006093700484047566,1.049260714612413E-4,9.31780265438539E-4,1.2533741560188938E-4,3.722123242752365E-4,0.004470261700527558,4.869028863617976E-4,1.4086082761260635E-4,1.1991873219262859E-4,1.017192736565606E-4,1.04722806835798E-4,0.003976548173618581,4.0940719183109805E-5,0.021338393299587827,0.029446877274234153,3.901342951991082E-5,8.667496343280298E-4,8.661807431047696E-5,0.0011414415350559956,0.0010362996456047913,0.0016660126325968292,1.0607136597118426E-4,0.012091385786715465,8.357869992508091E-4,0.0013041017555113395,0.0012719168889658312,1.1214437964852581E-4,0.012052359115417325,0.001188304997115511,1.1356472544208467E-4,0.004120662146363292,3.7277175040747104E-5,1.1082170380084542E-4,1.7477473498648356E-4,0.005157672404350862,1.0097896424603021E-4,0.006411482779942331,3.4500900069524566E-5,9.193496293964881E-5],[9.647418305736347E-4,5.03873968614236E-4,4.5753064995558473E-4,6.472754178938746E-4,4.6599489097474175E-4,0.032550304355966245,7.124152042552313E-4,5.500652795895209E-4,5.64062514514507E-4,2.3018679129252674E-4,0.001272562647551045,3.092298271448204E-4,0.0010303491575283704,0.0011941261065286438,0.0017505199565819702,5.980669309499203E-4,3.885273522845963E-4,0.002333637476045733,0.005080168000284102,3.5406488792035943E-4,1.0,0.0036529672146327482,4.351262038320582E-4,0.0014976301203128142,2.3075365399063545E-4,5.093644579418896E-4,0.002134396072711304,5.211731340583428E-4,3.635692177368578E-4,6.651900667795124E-4,2.3599292114552664E-4,2.4085419439491768E-4,0.004119648867096815,4.033396747715261E-4,0.0012324033036075273,0.05834921884705863,5.134041995330705E-5,8.977230405562408E-4,4.763082575039988E-4,0.0022838811742859656,8.968312056598453E-4,0.001913645428297518,2.646549554473853E-4,0.006480899683429992,0.0014168730730874817,5.213910701735557E-4,8.79659193244093E-4,3.733153937002972E-4,0.007630237791082106,0.0012870126188754038,3.102377189018043E-4,0.0023075464323522752,3.7796434800950365E-4,4.159283443567334E-4,4.892665956254664E-4,0.0016788768688572797,2.0255132865841017E-4,0.0089469146607899,3.8853302397731E-4,2.892198157036444E-4],[0.004422581670642709,0.005948446837689923,0.003259102279345302,0.0023134334569537875,0.0038889604259923763,0.030838706201790394,0.0018247770657570583,0.002799185003819541,0.004669409524447544,0.001779447308090291,0.003885435565805697,0.00468484645608075,0.006010366322159754,0.003043334753269636,0.002969021774569899,0.003539813846593232,0.002413316361221287,0.006224304750339032,0.008760109670479832,0.006093700484047566,0.0036529672146327482,1.0,5.40407814120026E-4,0.0045400682440374165,0.004127075100521897,0.005306367137291839,0.004727598743545318,0.0013156257763510496,0.002194255333434907,0.0013276870334433758,0.0019020830310359027,0.004973623741325268,0.005708540185599638,0.003132406730799058,0.04303923115369078,0.02655327275467356,0.003715013429650964,0.005326964788965649,0.003596368899447724,0.004835719031792487,0.004277483024831356,0.006099665550545115,0.0011609091868897677,0.012574745608397137,0.0038625007870864425,0.005237329514134907,0.0037938158775523943,0.0015277688880146237,0.05810607914879745,0.0024363562789145314,0.0014661401452045518,0.004359284351643932,5.599415201366113E-4,1.2373500037557116E-4,0.004800492670439542,0.00773157993566489,0.0023381334922729026,0.01039585499929702,0.006702626316419036,1.3211113596242903E-4],[0.0016760962709093657,1.6391110100313385E-4,1.6414031789738757E-4,7.063931214933285E-4,2.733888509380188E-4,0.019843239182868722,6.087569909792711E-4,7.121386035320151E-4,2.722682271540732E-4,1.1561771245606302E-4,5.054146678126716E-4,1.0527903271166993E-4,0.001070649802866618,5.025247626113724E-4,4.019585316686959E-4,2.649273442119973E-4,1.5036869778275904E-4,3.800693733456979E-4,0.0071260234101042305,1.049260714612413E-4,4.351262038320582E-4,5.40407814120026E-4,1.0,4.835444824009085E-4,1.1294465281409272E-4,2.8926313396797956E-4,0.002176619144811166,2.7255023972902345E-4,1.258473885446933E-4,5.257419428927242E-4,1.0274837868605898E-4,9.215632788190529E-5,0.003784866350718841,8.699311416952046E-5,0.04315904470094299,0.015209630001986465,3.89743920165724E-5,5.493297863824526E-4,9.477581955092505E-5,0.0017908191340517935,6.663277926790521E-4,0.002526175753467131,1.0538707762997555E-4,0.0060020503065985505,0.0013952396038868907,9.731353157883205E-4,4.627368097247279E-4,3.0230505319498433E-4,0.021740934492879203,0.0014075673774832616,1.0739684079909929E-4,4.0485309537115487E-4,6.791412015053946E-5,1.1127568065211774E-4,1.885854069314426E-4,0.0061458017322493265,1.8466973998798375E-5,0.003895405547430862,3.7902418684330983E-5,4.733412255001182E-5],[0.0028578971106522676,0.0013795347798768573,0.0017862346495060256,0.001546672764014868,0.0013317513971046373,0.022072876978055066,0.0019363022157642027,0.0027019737550446187,0.0017485043613149694,0.002122738352598489,0.002609820187607523,2.483256202483975E-4,0.002782747584817058,0.0028034579388321323,0.0025093137554153123,0.002683849279056247,4.761622327946306E-4,0.00464376312817361,0.006693793852678596,9.31780265438539E-4,0.0014976301203128142,0.0045400682440374165,4.835444824009085E-4,1.0,0.002587297269333414,0.002274435376555009,0.003379544235248437,0.0018637616049307021,0.0015998228302915062,0.0019338927705948893,0.0025925814480025518,2.1502138599801158E-4,0.0036650805163039356,7.368496069320968E-4,0.027601003604470625,0.05828141512380459,0.0027423774086660887,0.002602990703186496,0.0029249664740573027,0.002683893730723215,0.0018853620568700666,0.0036076606155431047,0.0018717043673405268,0.012579002598417849,0.0017797693666617648,0.0028465918267993745,0.002285211494386123,0.002318902799602616,0.0630168203433194,0.0028746588810881044,0.002390561318346307,0.003641804428704483,0.0015210299233407434,7.781794682275824E-4,0.0022869482108327462,0.004483108206355009,0.00170213879406799,0.004545261187051822,0.001772204161155104,0.0027951651048226103],[0.0017859789565419092,1.8352853270165627E-4,1.705116940439797E-4,4.741189513661376E-4,2.7423023496247806E-4,0.013191637566063662,6.97802676780225E-4,0.0012459558560643086,4.94352805112794E-4,1.5834276051992114E-4,8.714133316084766E-4,1.2108464033587405E-4,0.0016397882155053235,9.080496712514289E-4,0.0010922035024987222,1.9198315198212508E-4,1.6292723289936399E-4,0.005215217235211963,0.009610371285275702,1.2533741560188938E-4,2.3075365399063545E-4,0.004127075100521897,1.1294465281409272E-4,0.002587297269333414,1.0,5.091261047657515E-4,0.003971938488784379,3.166945242247071E-4,1.6501352308993445E-4,4.963397730340557E-4,1.4819557706577163E-4,1.455129457514354E-4,7.14783377100882E-4,5.991403013221365E-5,0.050972666836526875,0.05318320576339576,9.343814136022274E-5,4.8085667411822684E-4,1.336445651551539E-4,0.0024158697700663342,0.0014017268828062136,0.0016352792749545141,1.4518214487826495E-4,0.01596885003250332,2.86276742222606E-4,5.395735401453608E-4,9.205083576831048E-4,2.9663468493551775E-4,0.02049881626313557,5.004803137903612E-4,1.3466406690383382E-4,0.001456032075570645,5.716087085146397E-5,1.5593347645976913E-4,2.0406565713248451E-4,0.00877480197914814,1.048298324900148E-4,0.012749406340383861,1.189421100292354E-4,8.509543745777832E-5],[0.0011996433983606,3.3306966829678815E-4,1.998892681311061E-4,8.350652773262925E-4,4.271100023083659E-4,0.04031919725304037,5.881112355737939E-4,7.218448213380464E-4,5.611374945176606E-4,1.4882684427814098E-4,8.92720600603625E-4,1.476323074798398E-4,0.001415005911236397,6.399573971430134E-4,0.001021650225771747,5.64944463597869E-4,2.6637068654275243E-4,0.004286056676948031,0.0011475862026372689,3.722123242752365E-4,5.093644579418896E-4,0.005306367137291839,2.8926313396797956E-4,0.002274435376555009,5.091261047657515E-4,1.0,0.0027873700948428163,5.445523413515303E-4,5.222705918266521E-4,5.577566790787532E-4,2.926785134733938E-4,5.369792241613977E-4,0.00312151138218952,2.7588137769279117E-4,0.02723904521735734,0.01375877109813489,2.603065239317344E-4,8.995951521740834E-4,3.6929129271342923E-4,0.0013937997774049545,0.0012944560081180564,0.0016575664363805975,5.242516084308239E-4,0.004192733465671541,0.0012996641398235137,8.311791407178724E-4,8.806363651507531E-4,3.9022002137948996E-4,0.01935958502514327,0.0012771650579505333,3.949694654679601E-4,0.0036410927007202603,3.41221850175213E-4,2.230155507374529E-4,3.91677730850858E-4,0.0014518058193787274,2.8304504313909304E-4,0.009371160095284482,4.233785669617295E-4,1.0162091455751742E-4],[0.0035147737173693424,0.0036009850141454306,0.004055539701937793,0.004400116547995636,0.0014585656015970705,0.03817787177441503,7.726432703338223E-4,0.003489429151670714,8.828973532083931E-4,0.0013936054152872588,0.0024114461530125916,0.0016612958711393442,0.0018758493444776295,0.0033981625569953853,0.004080820353373555,0.0030187810748603166,0.003907124566814472,0.004616238738457684,0.008623783862064506,0.004470261700527558,0.002134396072711304,0.004727598743545318,0.002176619144811166,0.003379544235248437,0.003971938488784379,0.0027873700948428163,1.0,0.003087853828867625,0.0020634478091513414,8.489160100421869E-4,0.0017561716741896754,0.0031002767252313146,0.004785819292755413,0.0040073905001326345,0.05426490248447792,0.03878560165960386,0.0010915267393559337,0.003689526893426303,4.4565489043985783E-4,0.0026999272632974216,0.004390783198558172,0.00421215777509485,1.751569644523627E-4,0.010021324568205175,0.0031249478023128254,0.002682643935255181,0.0035608255949857986,0.002122855689129221,0.010462497937343327,0.0037937279413002107,0.001193125386041627,0.004409035771086147,0.0038438553926851645,0.0013115490131296486,0.004232355714064321,0.007884576500769801,0.0028458004396367063,0.009139076992826279,1.5067541804038035E-4,0.0014285476649525842],[7.282414051845759E-4,3.7855493280409554E-4,3.4513371244258904E-4,7.27201077623942E-4,4.8555180019600313E-4,0.03384281071665601,6.183006710868044E-4,0.0020313434016834757,6.340142927009134E-4,4.834714820448694E-4,9.518118341956712E-4,3.2325849498736933E-4,0.0011376100626058414,7.817463025556426E-4,0.0017180298452401147,5.956274140659305E-4,2.1135080254463937E-4,0.004346195958576278,0.005895066781321533,4.869028863617976E-4,5.211731340583428E-4,0.0013156257763510496,2.7255023972902345E-4,0.0018637616049307021,3.166945242247071E-4,5.445523413515303E-4,0.003087853828867625,1.0,3.7236915522069665E-4,5.755798977218923E-4,5.217666104802619E-4,4.340303691236309E-4,0.0034023050586643702,2.7269704284935234E-4,0.017373101412045656,0.0174090301982276,2.498613876908067E-4,6.953491622808826E-4,2.993207198107065E-4,0.0023090436011334943,0.0012517812685182237,0.002472475838922456,2.740896246568916E-4,0.016524928953166082,5.902485144460678E-4,0.001432489224809964,6.811123328669158E-4,4.067423382301695E-4,0.0642794571912637,0.0014600822258470608,2.9990098454362737E-4,0.003759258105884184,4.3029897763601464E-4,4.8097234776100183E-4,3.120585318984872E-4,0.008300404796108198,2.7193584837359583E-5,0.0017533837532688772,2.598474658733963E-4,4.6974607877621233E-4],[0.001012537054267514,1.8541263151293917E-4,1.7198721429919638E-4,7.08923289217166E-4,2.471285217849526E-4,0.010374213489493933,5.396192799442325E-4,0.0016276513897061423,5.027641600836352E-4,1.478618913692912E-4,0.0011212110972907913,1.596672966078571E-4,3.315962837521694E-4,0.001881685253653515,0.0010032093076499024,1.6824930896420845E-4,1.6388998203846093E-4,8.490378677573689E-4,4.7915446815283266E-4,1.4086082761260635E-4,3.635692177368578E-4,0.002194255333434907,1.258473885446933E-4,0.0015998228302915062,1.6501352308993445E-4,5.222705918266521E-4,0.0020634478091513414,3.7236915522069665E-4,1.0,7.641017457092429E-4,1.4485073690628442E-4,9.020974366244088E-5,2.803129829100203E-4,1.624148515684143E-4,0.044855744256099464,0.020960467335975303,2.715045498441128E-5,8.646332237729453E-4,1.4089905125273214E-4,5.664996724588009E-4,0.0011074618241596285,0.003112478974272456,1.6416321140603265E-4,0.006824665016397797,0.0013262929046988512,0.002430910391162899,6.682848567359449E-4,2.259577512129278E-4,0.03569781377147038,5.937388187783027E-4,1.47819311003872E-4,4.645815178451929E-4,6.745037504540704E-5,1.2583077119897074E-4,2.1802592229155557E-4,0.005574584743702048,3.086766987334368E-5,0.0021832421451383273,9.441087049430003E-5,1.6336659812028634E-4],[0.0012310937406219851,3.9000567225510116E-4,7.940211233752588E-4,8.44860188577107E-4,4.6267242251449346E-4,0.016891494023511033,7.617153365935285E-4,0.0019291479029284989,8.052979590413407E-4,5.480245345257309E-4,0.0012790374869584478,5.926202765586289E-4,9.014185535602541E-4,0.0017646807503314038,0.0018859232515636335,7.982112989865893E-4,6.551203768976277E-4,0.0034264051899932494,0.0015473986429950827,1.1991873219262859E-4,6.651900667795124E-4,0.0013276870334433758,5.257419428927242E-4,0.0019338927705948893,4.963397730340557E-4,5.577566790787532E-4,8.489160100421869E-4,5.755798977218923E-4,7.641017457092429E-4,1.0,5.24926794636048E-4,3.2355236882823164E-4,0.0032563477030256222,3.236590425475205E-4,0.036692158718819506,0.023369453225860197,6.948740088715959E-4,0.0010806730654146057,4.6000250243845655E-4,9.548189264954042E-4,9.339170840414486E-4,0.0025902901372038016,5.40157579449988E-4,0.0019130316017661655,8.955366220308006E-4,0.0021431925518606704,0.0011816671292763533,8.170028150403594E-4,0.010352193455124144,0.001983219651299487,3.306278705796353E-4,0.002558451873963454,6.415740852643947E-4,5.620267888917706E-4,7.805910353185128E-4,0.00783028605776289,6.333262922936797E-4,0.00526109017691921,1.5596110028595462E-4,2.50848530347328E-5],[7.436048234960424E-4,1.9162528823967934E-4,1.5114041050953502E-4,4.7887713066721316E-4,1.158694149324464E-4,0.026946824457413716,3.674041978146672E-4,0.0012092156525696208,3.94241570763577E-4,1.2370980813857925E-4,5.142411060811886E-4,1.042358651081012E-4,0.0014749784525239216,0.00209225376237203,0.001068174003827068,2.663800980746732E-4,1.301112696182169E-4,4.4328522447529775E-4,0.005407651613256813,1.017192736565606E-4,2.3599292114552664E-4,0.0019020830310359027,1.0274837868605898E-4,0.0025925814480025518,1.4819557706577163E-4,2.926785134733938E-4,0.0017561716741896754,5.217666104802619E-4,1.4485073690628442E-4,5.24926794636048E-4,1.0,1.0056811525789367E-4,7.492533409897184E-4,2.9502776830978274E-5,0.039459942284368416,0.06185551668009873,7.019679205181785E-5,0.001008378803228727,5.371895185667943E-5,0.0019661731832399656,0.0010285786672289388,0.002845156237134818,1.0718163045442439E-4,0.01615587565330696,7.302208348576881E-4,0.0016915371624367703,6.89930362523618E-4,3.2166803799838823E-4,0.029527468997177137,5.604960224151889E-4,1.161003129144133E-4,5.558543146482705E-4,5.812026546779204E-5,1.1419416009489249E-4,1.1101404493720438E-4,0.006131551320469748,3.14020204437975E-5,0.01479008269455331,4.9194075349808705E-5,6.924145695779967E-5],[2.3491689851031617E-4,1.7933479743603774E-4,1.3734004621396788E-4,5.111268450522175E-4,3.0210789938123976E-4,0.0015906731208185005,4.949614554382672E-4,0.0010004329254311958,5.867797982587612E-4,1.4196284715632868E-4,3.670494771571062E-4,9.596322093695156E-5,0.0013630161321609208,0.0022451830610922476,0.0018138716767568906,1.0845591075557154E-4,1.294494417371722E-4,0.004780862398252589,0.004099960904698889,1.04722806835798E-4,2.4085419439491768E-4,0.004973623741325268,9.215632788190529E-5,2.1502138599801158E-4,1.455129457514354E-4,5.369792241613977E-4,0.0031002767252313146,4.340303691236309E-4,9.020974366244088E-5,3.2355236882823164E-4,1.0056811525789367E-4,1.0,0.00282922432531261,4.381535151093389E-5,0.020801351930640012,0.041208764643918615,2.722434648110928E-5,1.4668594262462855E-4,8.184961122744962E-5,3.210686836103871E-4,9.765333441850988E-4,0.00331500980672227,9.691108269901222E-5,0.014