[[1.0,2.216438187762155E-4,0.006031698667671893,1.4211078017556427E-4,5.453788004243759E-4,6.429323966356205E-4,6.998133490404509E-4,1.4400042701110682E-4,1.7336008983203754E-4,1.9662000562123327E-4,1.4026090088298457E-4,0.004044894121986291,0.006691652057338388,1.4585635024758718E-4,1.7808343545832329E-4,3.454806608423983E-4,1.778323467142132E-4,7.114912390413647E-4,6.492269570029956E-5,6.393760960891033E-4,1.77212911851136E-4,0.011919408541316267,0.007984434685688924,0.014763507419171757,1.980317354654421E-4,1.4191285696036788E-4,0.004769907314727909,0.005265331865497604,1.4816402029274912E-4,3.365721034644263E-4,1.2059047556226281E-4,1.4832744271167677E-4,1.4072340147594433E-4,1.4576574500623404E-4,2.598933851155341E-4,0.02041491818000694,2.1134161162713366E-4,0.002253252225166035,3.929020861251153E-4,2.6659610383759273E-5,1.6642476699745487E-4,8.345252085999264E-4,1.989303228902152E-4,4.613332958915954E-5,0.0034129142509067554,1.6285942327438126E-4,2.2475801151814227E-4,1.942158009688176E-4,2.5514660600926836E-4,0.042984330324906846,1.4170313726276284E-4,2.3639352891375218E-4,1.4037280875668173E-4,1.6944325877635616E-4,2.004422223686785E-4],[2.216438187762155E-4,1.0,0.004761692641915676,0.0030266785717377002,0.003400693847264863,0.0026909686796103547,0.001701816093683175,0.003015356931194204,0.003068883381459276,0.00215374204956155,0.0016569840821237327,0.0038999960457923796,0.013189523549365666,0.002930395762325517,3.9785761454363565E-4,0.0021676814674825547,5.935719539300554E-4,0.0018756915607801225,0.0030740102247219414,0.003041131754615784,0.002890745417371539,0.014998710237868612,0.00976921942816847,0.009518241184818903,0.002003653526584195,0.0031624259192324275,0.008894413326786026,0.00463381912616914,0.0024540177737865172,0.002821112394490553,0.0020042903950454037,0.001155312586819711,0.0016505965505166876,0.0017561703265685112,0.002670211325543642,0.0183549194794863,0.0031854278690923634,0.013404787901191983,0.0030684663547561526,0.0013054464377863907,0.0011630166665480741,0.0026003301813886078,0.001735859928615822,5.042180668954957E-4,0.0060322727975954775,0.0022675860884103934,0.002373708694635985,0.0015820181911432123,0.0013700311487385068,0.024606604515349406,0.0015521795862505595,0.0036666304882517244,0.002696844926281554,0.003071665184771048,9.6524853043142E-4],[0.006031698667671893,0.004761692641915676,1.0,1.9053572080876094E-4,0.011254013270901017,0.004301785606300211,0.0062650322706569676,1.7662892465497644E-4,0.010271339023843353,0.011213681474285126,0.0023178724214279315,0.009707410050795045,0.014041889056845398,0.002475012719001342,0.002568905021838206,0.008967800930068045,0.0029599096564973874,0.004055180477585666,0.009706534005182727,0.007557658194570313,0.009334892196798224,0.013821761005158232,0.012162784317257506,0.014963408021328095,0.0058301702666796445,0.006494440309436102,0.010537009799095871,0.013288906162852335,2.977567754246756E-4,0.004135813352159786,0.007707432006468676,0.010983550035973339,0.010051265538121853,0.006056271042171938,0.010707835303589647,0.01720660630912922,0.005752779326367643,0.013072305856729161,0.004672295538303217,0.004693584142321221,5.433101955946697E-4,0.003045376061745821,0.005934441399881184,0.0037168850560036163,0.009855434680888724,0.005748776059458132,7.288796527308458E-4,0.004507954274183492,0.0018082689389324047,0.045237683213710335,0.006746427613318316,0.01196219795234422,0.0023622543525491763,0.00968815929716018,0.006733462323613114],[1.4211078017556427E-4,0.0030266785717377002,1.9053572080876094E-4,1.0,4.6485554174088514E-4,8.808308737068877E-4,1.840344320584458E-4,1.1454436193059813E-4,1.444740669943803E-4,1.813611645306154E-4,1.290922015044819E-4,9.285256932304842E-4,0.013963839168445144,1.3094924227011255E-4,1.4278794825604092E-4,0.0018857732367142397,1.338997261396142E-4,0.001024965953250603,2.8866705751738935E-5,6.307587282294627E-4,1.3913888687931285E-4,0.012443438970756294,0.0088899972452662,0.011745206997302823,1.8740543819062018E-4,7.77032275485961E-5,0.0026961153360619793,0.013988854545755451,1.4982843739714478E-4,3.236682556596965E-4,1.2172729634643479E-4,1.440740793081206E-4,1.2796658856183466E-4,1.2565617793804345E-4,2.6114161188954543E-4,0.023590620592259325,2.5971202617379127E-4,0.005195923755580491,0.001013504435570269,5.44481559396183E-5,2.0164169108603057E-4,5.886533784871093E-4,2.1571694584064188E-4,9.955481275698497E-5,0.005122229838393545,1.4749583703425312E-4,1.8526712994865297E-4,2.1912499135923205E-4,7.23906157833885E-4,0.05015033940778784,1.1832680101366386E-4,0.0012223975987844802,1.3044325789176217E-4,1.5226612949653423E-4,1.9128167599679642E-4],[5.453788004243759E-4,0.003400693847264863,0.011254013270901017,4.6485554174088514E-4,1.0,0.0029398671694147523,0.0014220996269819963,6.84055276244682E-4,9.829122692204928E-4,0.003102076842127809,0.00170374848025897,0.0036620645703395885,0.007168269864430088,0.002832756225944106,3.423312733702173E-4,0.002637225654696711,0.002826185254191126,0.001120631883649864,0.0015771325491148415,0.002401027810046257,2.2891036619153033E-4,0.007582134930987911,0.005337520222581226,0.006429787464654836,0.0016727382926521486,0.0026786711128245076,0.006061860610132679,0.012196253936005432,2.6993209685666176E-4,0.00124834064058417,6.91955590518783E-4,0.0030773096810107546,0.0010307399772797972,0.002400675268465842,0.0026730004556030796,0.018269674407494652,0.002570299999728855,0.011587843482087934,0.003206328838178569,9.065633747383964E-5,0.001217517776682267,0.002901529222970338,5.26623084273692E-4,0.002427578903496035,0.005813851315306212,7.248301975435609E-4,8.601002650112499E-4,0.002333170739476355,0.0031812108195594588,0.056727806604962634,0.0029428528793236167,0.0033722839065683727,9.040535691863179E-4,8.80701665133473E-4,0.00331861499094532],[6.429323966356205E-4,0.0026909686796103547,0.004301785606300211,8.808308737068877E-4,0.0029398671694147523,1.0,0.002349009192063001,0.0013277282368784676,8.935517118035549E-4,9.88657295910774E-4,0.0017658075135597352,0.004377968642094905,0.003200632524004157,9.631179277301047E-4,0.002260829255554076,0.0023140618853876023,0.0023959176170953323,0.0020660329407513377,5.8775076484906115E-5,0.0025257440046358073,2.380202652506217E-4,0.011422191811069859,0.0053770707116845675,0.004311587236454457,0.0011885116666463498,0.0018641319333887753,0.003577943031694432,0.012350656360307806,0.0016303166307772188,0.0011671366674576781,9.98204444738015E-4,0.0016304175893258684,0.00194818185937504,0.0016201236417735555,3.6861121555683326E-4,0.039106584978326094,6.311268294247835E-4,0.009500910505981763,0.0027379748464330207,0.001282140564264114,0.0022390483030596924,0.0014538409186703176,0.0024531240910412493,0.0023461590898354824,0.004297370419946911,0.002477629527936929,0.0017566612321491702,0.0018602501948807256,0.0012597964193068957,0.06755967725745858,7.120044559948796E-4,0.004651396722258371,0.0015548164539898556,0.0013869144402208645,0.002017200777263256],[6.998133490404509E-4,0.001701816093683175,0.0062650322706569676,1.840344320584458E-4,0.0014220996269819963,0.002349009192063001,1.0,2.6129660738433385E-4,2.557339515951474E-4,2.724087131392095E-4,6.213204149006443E-4,0.0024050203016193123,0.010433183913656215,9.437541451326305E-4,5.510811355988401E-4,0.0013945245940891733,5.806280736254194E-4,0.0010607715130544427,7.552777717483519E-5,0.0016050275094222012,7.914508750960351E-4,0.0054613993602200366,0.0019643479479904778,0.014175008726655102,3.892281714374577E-4,9.307063897829227E-4,0.0015385269775600777,0.01417483334166778,9.952019845338896E-4,4.3597675287882474E-4,1.1409310585955908E-4,9.83967939699035E-4,9.592865043882725E-4,1.9278574902297776E-4,0.001015882517281482,0.026264942486279003,6.644561334649916E-4,0.0018332907355754556,0.001816915315718709,8.635795721827419E-4,5.224509513451052E-4,0.001138740485518981,9.424130816482996E-4,1.5112264579454553E-4,0.004949976860596877,4.5266334373235975E-4,4.575108386860089E-4,9.314363164173252E-4,0.0010415983106651801,0.051714391461072755,9.526694121883984E-4,0.0018491631716013382,8.754111755556983E-4,8.037399974309303E-4,8.228276241406155E-4],[1.4400042701110682E-4,0.003015356931194204,1.7662892465497644E-4,1.1454436193059813E-4,6.84055276244682E-4,0.0013277282368784676,2.6129660738433385E-4,1.0,1.1851847506404104E-4,1.2325266320159801E-4,1.183921286591498E-4,4.6875312467138414E-4,0.013882670757191335,1.137622922110899E-4,1.8247603084668688E-4,0.0011205192098266976,1.9386397320185E-4,8.63327533775577E-4,3.362958301084872E-5,0.0015540592464502773,1.4687212508693475E-4,0.006044009358262156,6.811973785691122E-4,0.0021282874653276375,3.229328904428664E-4,3.93519233277067E-5,0.00121060024962088,0.015690110131831775,1.1339329907436247E-4,3.0661307995677136E-4,1.1030166294992065E-4,1.5837113602209323E-4,1.2411869358806778E-4,1.1332658586624189E-4,1.9649984762653202E-4,0.0015895257958282248,1.4826238000044476E-4,0.011033265258513966,8.931874226913695E-4,9.721076589577093E-5,1.7871930929225206E-4,7.179363935732428E-4,2.0109320357860255E-4,9.664116603028827E-5,0.0013463607030866948,1.4233286931783753E-4,2.2808637864804593E-4,2.5916130048723557E-4,0.0010812652734186678,0.06652800801563574,1.1522597933053733E-4,0.012549072737348057,1.3049889577647605E-4,1.4122292912355602E-4,1.6123708381032384E-4],[1.7336008983203754E-4,0.003068883381459276,0.010271339023843353,1.444740669943803E-4,9.829122692204928E-4,8.935517118035549E-4,2.557339515951474E-4,1.1851847506404104E-4,1.0,1.8376696247385813E-4,1.4748035756127894E-4,0.003362482846674796,7.849268014659669E-4,1.6190042484492972E-4,1.9282527100699607E-4,5.193484613152215E-4,2.0053755717939657E-4,0.0010151552976393522,1.6228949319214604E-4,2.0763632901076582E-4,1.751965164718673E-4,0.0038831319124418137,0.009269551405867127,0.009789861954061865,2.3147532299438355E-4,1.5973832255431625E-4,0.007099529518171123,0.00923215033009388,1.7546775432684437E-4,2.051815335433921E-4,1.3262156651291194E-4,1.627221493837872E-4,1.347545252106717E-4,1.318502102770329E-4,1.7744938035807478E-4,0.014692113437135014,2.6765374786775104E-4,0.007613344175099957,0.0021531445493594694,8.355242313335193E-5,2.036850401583675E-4,8.547504762190777E-4,2.4007794721600935E-4,8.001377290363661E-5,9.472024729650053E-4,2.0256009214323365E-4,2.570392748635252E-4,1.8625298029736016E-4,4.428532437125906E-4,0.0376397524599167,1.2098649365109061E-4,0.0013123620801581179,1.6346297596759517E-4,1.72978796018757E-4,1.8625845806158103E-4],[1.9662000562123327E-4,0.00215374204956155,0.011213681474285126,1.813611645306154E-4,0.003102076842127809,9.88657295910774E-4,2.724087131392095E-4,1.2325266320159801E-4,1.8376696247385813E-4,1.0,1.6518276138166197E-4,4.8315261609844964E-4,0.005791592800363177,1.4040761609935003E-4,1.9487710410864793E-4,7.441422995954903E-4,2.08675083514353E-4,0.0010836225383329783,1.5291907189467145E-4,0.0019259451264097512,1.995315922370088E-4,0.013558825255491815,0.00728740919482579,0.014503284245905794,2.7155877859363263E-4,1.1688251228315567E-4,0.006084442987019146,0.0035907510485018077,1.805779873364499E-4,3.321945154489002E-4,1.4360293039428017E-4,1.844252375908823E-4,1.4437891829431374E-4,1.3773323633163218E-4,2.648307524256524E-4,0.012857700665565573,2.1937422864395814E-4,0.006315269524169007,0.002039705881377642,5.456836521434915E-5,2.293337229625769E-4,7.102607184969228E-4,2.3320069202065278E-4,5.25471621893498E-5,0.002292387810315855,2.227554707066582E-4,2.2915811926718557E-4,2.3806936167621392E-4,3.838405193035327E-4,0.07115357777450956,1.598604500193058E-4,0.004044803454450267,1.586729083831915E-4,1.8940880061480084E-4,2.0628860128269594E-4],[1.4026090088298457E-4,0.0016569840821237327,0.0023178724214279315,1.290922015044819E-4,0.00170374848025897,0.0017658075135597352,6.213204149006443E-4,1.183921286591498E-4,1.4748035756127894E-4,1.6518276138166197E-4,1.0,0.0042523309996944795,0.00964759649260882,1.3383948966831218E-4,1.4503609632594003E-4,6.267542055345256E-4,2.1122661203793077E-4,4.639873034895242E-4,1.1849196771668981E-4,0.0014565428665374016,1.9398690838696439E-4,0.007134078595900486,0.004725985183048258,0.004670756294706037,2.709219826428807E-4,8.927042571939373E-5,0.009871351246614478,0.009129165864463315,1.7064539638468498E-4,2.23074985720061E-4,1.2935976824737843E-4,1.3750893281640195E-4,1.3132893684837983E-4,1.31287009228569E-4,1.966385786351404E-4,8.080379190142288E-4,2.3273863434543883E-4,0.010579248422190764,7.529049153564273E-4,8.947728548092659E-5,1.8830795382286246E-4,8.121373600552351E-4,1.567003746715856E-4,9.230180552370741E-5,0.0012225964715345205,1.6965199748998226E-4,2.0215070768899696E-4,2.2899038266030458E-4,4.6486467802441943E-4,0.05093454965305785,1.2053176024457571E-4,0.009336870515628991,1.3248081898209086E-4,1.3492931576557788E-4,2.0313566211226135E-4],[0.004044894121986291,0.0038999960457923796,0.009707410050795045,9.285256932304842E-4,0.0036620645703395885,0.004377968642094905,0.0024050203016193123,4.6875312467138414E-4,0.003362482846674796,4.8315261609844964E-4,0.0042523309996944795,1.0,0.0057558271205164655,0.0025398727350844914,0.0012733126343630998,0.0023880064183471753,0.0024901756495421482,0.0013487845044028786,0.004533753801883775,0.004151231522761733,0.004633255141984202,0.005724832234465609,0.006651685365735557,0.007497852217426847,0.004086611757725167,0.003125716938664863,0.007433856030891162,0.014595188038405947,0.0015372564687274437,0.00423960490388708,0.0016082401881281079,5.528479774314046E-4,0.003699105499819283,0.0021217825360676634,0.002540946280327894,0.013139346921719683,0.002031105594823655,0.012330645536537115,0.004601694482682649,0.004246343531548885,4.978965827439577E-4,0.004192067653799681,0.0036974870545871384,0.0017152909150321667,0.006690358335298036,0.0040286223781809335,0.0036841306433790986,0.001528234972525861,0.0019220122388707824,0.041159517392107284,0.0044697457338802775,0.0076142852905319944,9.446727209201393E-4,0.00124691209958829,0.004568524934163109],[0.006691652057338388,0.013189523549365666,0.014041889056845398,0.013963839168445144,0.007168269864430088,0.003200632524004157,0.010433183913656215,0.013882670757191335,7.849268014659669E-4,0.005791592800363177,0.00964759649260882,0.0057558271205164655,1.0,0.00902376488470298,0.0015871969237204813,0.00853405716475209,0.013260781477906667,0.00836382294989086,0.00872272492500653,0.013275696356632366,0.013587570083489165,0.014285062932524278,0.013951727224033508,0.015235803915785842,0.009963465336871659,0.002431847962829853,0.01125055169894418,0.015735832465661185,0.009477119882832638,0.00404192665753886,0.008584082265645642,0.002634416417905954,0.008037000078151972,0.0010248753378218414,0.006173106180152637,0.02469563976206107,9.826823058765185E-4,0.014014695325116252,0.003966855762212045,0.002326918441161119,0.003270269521457902,0.004831485279713958,0.003251626510327132,0.003284383012322437,0.007052706033411632,0.011807854851988424,0.004731731968770938,6.432258903694495E-4,0.013368802516582318,0.02075280288386811,0.012567446190742652,0.013936997689914849,0.005641349334693167,0.012122565232545747,0.004561721405241124],[1.4585635024758718E-4,0.002930395762325517,0.002475012719001342,1.3094924227011255E-4,0.002832756225944106,9.631179277301047E-4,9.437541451326305E-4,1.137622922110899E-4,1.6190042484492972E-4,1.4040761609935003E-4,1.3383948966831218E-4,0.0025398727350844914,0.00902376488470298,1.0,1.48434008186549E-4,0.001993836175079246,1.5376375144541247E-4,9.52134022299445E-4,1.838144302610136E-5,4.7986387825226136E-4,1.40571119286906E-4,0.01562834624275751,0.004356688804899344,0.012511200034633563,2.5771958256976744E-4,1.1139194214341166E-4,0.00790859617303532,0.009216518051038259,1.5931160597146306E-4,3.711708855676652E-4,1.294472968762043E-4,1.5901329707893977E-4,1.3055281163067131E-4,1.3375249580828487E-4,1.456069659266823E-4,0.0032909318120426137,1.6708270856970425E-4,0.01382852134044641,0.0014241543776644615,1.1191055504828926E-4,2.041987303015125E-4,7.312917478845503E-4,1.4789693666777628E-4,8.127830187002562E-5,0.001600533527770692,1.7362248593906358E-4,1.4206154389077966E-4,2.2759622803952394E-4,7.171779099434332E-4,0.006641016802001725,1.3264226528925257E-4,0.004481246265156581,1.35750485741597E-4,1.6319270547322684E-4,1.7055922141074624E-4],[1.7808343545832329E-4,3.9785761454363565E-4,0.002568905021838206,1.4278794825604092E-4,3.423312733702173E-4,0.002260829255554076,5.510811355988401E-4,1.8247603084668688E-4,1.9282527100699607E-4,1.9487710410864793E-4,1.4503609632594003E-4,0.0012733126343630998,0.0015871969237204813,1.48434008186549E-4,1.0,5.265647534587611E-4,2.0435472202790813E-4,4.8092738504583546E-4,1.9170709469553578E-4,8.364072178609601E-4,1.9609052640463595E-4,0.006583462752421535,0.011239449356803398,0.014992825039046049,1.9993880245093178E-4,1.7946648358512207E-4,0.009986914035352604,0.014951862597376521,1.8318783186650365E-4,3.53705469225548E-4,1.2880356964885573E-4,1.7688110648618108E-4,1.3980591962866966E-4,1.8305081722349515E-4,2.2874520012450806E-4,0.005378792949325627,2.7620802146273297E-4,0.0015702761248672587,0.0026867521980169754,5.285554497795874E-5,2.00089490311911E-4,4.157815319342439E-4,2.3931747847965158E-4,1.0649820170936102E-4,0.004435232433776932,2.078488356754299E-4,2.0948673406382098E-4,2.3412814138492577E-4,3.7318428157079856E-4,0.02105007892135869,1.2823533687334235E-4,0.009714786624133718,1.706109848657761E-4,1.7992147696053114E-4,2.073639206369723E-4],[3.454806608423983E-4,0.0021676814674825547,0.008967800930068045,0.0018857732367142397,0.002637225654696711,0.0023140618853876023,0.0013945245940891733,0.0011205192098266976,5.193484613152215E-4,7.441422995954903E-4,6.267542055345256E-4,0.0023880064183471753,0.00853405716475209,0.001993836175079246,5.265647534587611E-4,1.0,2.1468669679769418E-4,0.0013476636449821296,4.6185295941103717E-4,0.0022235236556411952,6.751479495874275E-4,0.01148614345298152,0.009131890731683112,0.0029368151058186253,6.983346604386172E-4,6.116548330122157E-4,0.002619688739887651,0.005339162005194101,4.2231121330325015E-4,0.001169845002999271,0.001504246749189083,0.0013944576234504633,4.917115807656954E-4,1.964999813194309E-4,0.0011167010967912984,0.013658267329369155,0.0012833463375500668,0.0054350819116056135,0.002316217611594211,6.9215215399794E-4,8.961578069743389E-4,0.0013230586101575033,0.0018396464792615143,0.0011909812195807403,0.006802018008859,0.0016929772793710007,7.683653574349391E-4,0.0012206256610628277,0.0020455131613619426,0.007026139449073985,5.658144276507839E-4,0.008002641234251788,2.7665531215769585E-4,0.0011190858217341474,3.3357677260418623E-4],[1.778323467142132E-4,5.935719539300554E-4,0.0029599096564973874,1.338997261396142E-4,0.002826185254191126,0.0023959176170953323,5.806280736254194E-4,1.9386397320185E-4,2.0053755717939657E-4,2.08675083514353E-4,2.1122661203793077E-4,0.0024901756495421482,0.013260781477906667,1.5376375144541247E-4,2.0435472202790813E-4,2.1468669679769418E-4,1.0,4.3859465603158924E-4,7.626826989246548E-5,2.8291372602224783E-4,2.0174506802025834E-4,0.01581809708868112,0.010156297183768847,0.007017396565839437,3.1141943181178556E-4,1.7396139550947005E-4,0.006683309501640606,0.015799336266832907,2.1289414825936207E-4,3.227669417373827E-4,1.6484898858653467E-4,1.8338219649635882E-4,2.088505788589657E-4,1.9779461589118432E-4,2.473201497153782E-4,0.03000885766682373,2.221132506990001E-4,3.0815681393347E-4,0.0010670453717943978,4.322478533537035E-5,2.4217028382357358E-4,8.713438575263521E-4,2.2645352757945993E-4,7.738194533416195E-5,0.006143035427768093,2.137210978933606E-4,2.2657205907730658E-4,2.342646112488846E-4,0.0010083458658393257,0.0421433917962061,1.528051823111122E-4,0.009858287923740544,1.7709270867227609E-4,1.947185937743247E-4,2.1028080180667062E-4],[7.114912390413647E-4,0.0018756915607801225,0.004055180477585666,0.001024965953250603,0.001120631883649864,0.0020660329407513377,0.0010607715130544427,8.63327533775577E-4,0.0010151552976393522,0.0010836225383329783,4.639873034895242E-4,0.0013487845044028786,0.00836382294989086,9.52134022299445E-4,4.8092738504583546E-4,0.0013476636449821296,4.3859465603158924E-4,1.0,7.096198090911259E-4,0.0018437695010261074,0.0010846726486042578,0.004367494743158773,0.0015487675861640595,0.005732661141474378,6.679158514837963E-4,1.4686213047501563E-4,0.008051017502572621,0.0037740290014497786,2.3744125155362463E-4,4.432926162772124E-4,6.305473017347811E-4,5.533149198380963E-4,2.809083723256951E-4,2.858445257808279E-4,5.698921006385194E-4,0.01605869133189645,3.8947531517965784E-4,0.004825588379702358,0.002171357045652439,6.534269738927743E-4,5.29582900914304E-4,0.001110574339806023,3.2936542110580255E-4,4.8099890390012766E-4,0.005314526485737734,5.88067455751996E-4,9.762210393772105E-4,7.852663952600644E-4,0.0011315273376936415,0.02748884763708087,1.713571329563557E-4,0.007079279580783629,5.508535390868271E-4,4.746777633146252E-4,4.504897246484117E-4],[6.492269570029956E-5,0.0030740102247219414,0.009706534005182727,2.8866705751738935E-5,0.0015771325491148415,5.8775076484906115E-5,7.552777717483519E-5,3.362958301084872E-5,1.6228949319214604E-4,1.5291907189467145E-4,1.1849196771668981E-4,0.004533753801883775,0.00872272492500653,1.838144302610136E-5,1.9170709469553578E-4,4.6185295941103717E-4,7.626826989246548E-5,7.096198090911259E-4,1.0,0.0016616486148315934,1.6063837338539104E-5,0.011560694736760118,9.195545769469438E-4,0.007272150717510724,1.4102168329983107E-4,1.0429868837586694E-5,0.006035351437908187,3.127011244629776E-4,8.235370790423878E-5,2.478491506166941E-4,3.904475144095122E-5,3.4954522981746604E-5,1.2057986192188708E-4,1.362879948683756E-5,1.3130511141204934E-4,0.002750028613526022,2.3671824736618224E-4,0.008532224877331109,0.002070935390935126,1.107185505735711E-5,1.9554778113194351E-4,7.574052273500589E-4,4.4910819221818355E-5,2.033605249194039E-5,2.971306422764692E-5,1.8216874018930744E-4,1.3411093168069034E-4,1.3895527985592095E-4,2.646169744499405E-4,0.002354938706902876,5.22335618792452E-5,0.0033918901770849637,3.570729488368735E-5,9.380245326587719E-5,1.2314841277894254E-4],[6.393760960891033E-4,0.003041131754615784,0.007557658194570313,6.307587282294627E-4,0.002401027810046257,0.0025257440046358073,0.0016050275094222012,0.0015540592464502773,2.0763632901076582E-4,0.0019259451264097512,0.0014565428665374016,0.004151231522761733,0.013275696356632366,4.7986387825226136E-4,8.364072178609601E-4,0.0022235236556411952,2.8291372602224783E-4,0.0018437695010261074,0.0016616486148315934,1.0,9.421712113996334E-4,0.013013772805815237,0.009874961913642004,0.012162420416501412,0.00206417913981831,0.002224876518875268,0.0036561880511087248,0.002690522462969032,0.0010533836684362553,4.4030782033844905E-4,0.0015196368035300413,8.405289057834641E-4,2.6580528197572633E-4,0.0019337132825789972,9.222982011234959E-4,0.02613097621730904,0.0015812625105324737,0.005306383475159864,0.0023729850989027785,0.002163664871135493,0.0017980033220463545,0.001930711985746726,8.998577618790407E-4,0.001979217778814958,0.005755999657029934,0.0017663325444256261,0.0018736387499904662,0.0016051636767050377,0.001678349389566883,0.06019794853071501,1.9577910666019016E-4,0.010868382147896313,0.0019106796387313128,0.0017417663492207117,5.636066257262164E-4],[1.77212911851136E-4,0.002890745417371539,0.009334892196798224,1.3913888687931285E-4,2.2891036619153033E-4,2.380202652506217E-4,7.914508750960351E-4,1.4687212508693475E-4,1.751965164718673E-4,1.995315922370088E-4,1.9398690838696439E-4,0.004633255141984202,0.013587570083489165,1.40571119286906E-4,1.9609052640463595E-4,6.751479495874275E-4,2.0174506802025834E-4,0.0010846726486042578,1.6063837338539104E-5,9.421712113996334E-4,1.0,0.01183539111833181,0.011502762903621575,0.01584465874184942,3.1052030851894726E-4,5.1392112083284154E-5,0.009593837660066943,0.011555981952898347,1.9206013768928903E-4,2.4477536578930024E-4,1.674606275807819E-4,1.8210482381287555E-4,1.545559081402774E-4,1.9663749734937885E-4,2.3355233107298632E-4,0.006428486043375095,2.3069688881700336E-4,0.012929147167030417,0.002308462902246443,1.0965162804176058E-4,2.3520843906388645E-4,8.296060629434418E-4,2.1347028748091286E-4,9.343438987577134E-5,0.005357781353888834,2.052804519447768E-4,2.0111315177823814E-4,2.556408524436561E-4,8.591866005148861E-4,0.027984011211171264,1.4890461345764126E-4,0.010466244480313122,1.8272584543401496E-4,1.85242635290332E-4,1.9993370803889963E-4],[0.011919408541316267,0.014998710237868612,0.013821761005158232,0.012443438970756294,0.007582134930987911,0.011422191811069859,0.0054613993602200366,0.006044009358262156,0.0038831319124418137,0.013558825255491815,0.007134078595900486,0.005724832234465609,0.014285062932524278,0.01562834624275751,0.006583462752421535,0.01148614345298152,0.01581809708868112,0.004367494743158773,0.011560694736760118,0.013013772805815237,0.01183539111833181,1.0,0.012794508681785029,0.016150217687110256,0.008276823242962205,0.006773218158245584,0.012410084634844514,0.016129032258064516,0.01553347188037161,0.009190037328997386,0.01551937258160603,0.01582868853062573,0.015724581135366386,0.015433501154721273,0.0040057953997900495,0.03049759298822361,0.013390627308767977,0.014622176841158952,0.00295154804951787,0.006395405547629946,0.007183751040274756,0.002333250284006356,0.006268959376689092,0.015529245543954129,0.008745246001478375,0.015511058036480901,0.007798880047232214,0.013941349557246125,0.009108860097892848,0.054147610184122605,0.01038775679292186,0.014447918306803679,0.013077408577169906,0.003370399831843634,0.0027652370083031475],[0.007984434685688924,0.00976921942816847,0.012162784317257506,0.0088899972452662,0.005337520222581226,0.0053770707116845675,0.0019643479479904778,6.811973785691122E-4,0.009269551405867127,0.00728740919482579,0.004725985183048258,0.006651685365735557,0.013951727224033508,0.004356688804899344,0.011239449356803398,0.009131890731683112,0.010156297183768847,0.0015487675861640595,9.195545769469438E-4,0.009874961913642004,0.011502762903621575,0.012794508681785029,1.0,0.015660205227657445,0.005157884458877524,0.01187666099688538,0.01183872466250994,0.013963690326981347,0.0057124699845089,0.011852365732179355,0.0036889850029763463,0.011139130662994311,0.003862421768363615,0.010575013283727808,0.009166867239206926,0.026311143903043944,0.008792403101855244,0.013808417396854069,0.01044206866775451,0.012574885749794602,0.010838438496122012,0.0033068892740017474,5.652232379370055E-4,0.00239008258927666,0.011823032555672948,0.008552591969998951,0.007238809629186988,0.011435887857952881,0.0036449346834406104,0.0382324732981473,0.002646213279872997,0.012981790697359103,0.006683068711042488,0.010088391259870428,0.007488776813556869],[0.014763507419171757,0.009518241184818903,0.014963408021328095,0.011745206997302823,0.006429787464654836,0.004311587236454457,0.014175008726655102,0.0021282874653276375,0.009789861954061865,0.014503284245905794,0.004670756294706037,0.007497852217426847,0.015235803915785842,0.012511200034633563,0.014992825039046049,0.0029368151058186253,0.007017396565839437,0.005732661141474378,0.007272150717510724,0.012162420416501412,0.01584465874184942,0.016150217687110256,0.015660205227657445,1.0,0.0089661751583733,0.0038903972484265006,0.010098322511569112,0.01631911908318627,0.004317005190314088,0.012750072676550886,0.002784506330681128,0.008750608143491722,0.008368891379113588,0.008582787813075147,0.004987052910095119,0.019161063250178627,0.006811452551129792,0.014358074617971662,0.009208382079962258,0.00893878940240659,0.006392836180475752,0.013204464415655214,0.004179408359820686,0.002167267561317471,0.013884320803063298,0.003110460192344998,0.014113381790528633,0.007410833415870985,0.012067848281938378,0.020538917622517416,0.006380679510675375,0.014550169103159597,0.01029202227480935,0.00421970512630277,0.0014413041071745473],[1.980317354654421E-4,0.002003653526584195,0.0058301702666796445,1.8740543819062018E-4,0.0016727382926521486,0.0011885116666463498,3.892281714374577E-4,3.229328904428664E-4,2.3147532299438355E-4,2.7155877859363263E-4,2.709219826428807E-4,0.004086611757725167,0.009963465336871659,2.5771958256976744E-4,1.9993880245093178E-4,6.983346604386172E-4,3.1141943181178556E-4,6.679158514837963E-4,1.4102168329983107E-4,0.00206417913981831,3.1052030851894726E-4,0.008276823242962205,0.005157884458877524,0.0089661751583733,1.0,5.408599997274082E-5,0.009587790279994688,0.008844538855035337,2.7834173245228056E-4,3.6135525943990814E-4,2.856201709704592E-4,1.905936480223576E-4,1.4686854930684237E-4,1.9312991121729563E-4,3.101043025818912E-4,0.002157044532857487,2.963290128450177E-4,0.005071709177372601,0.0016906016028022343,9.854260865300775E-5,2.6511914206871716E-4,8.269561726475256E-4,2.825645402308896E-4,2.5707629126297106E-4,0.0037218957865884387,2.9712315142214267E-4,3.0567021363973564E-4,2.7770874178572236E-4,0.0010168351488898948,0.05713127209602475,1.984859974815353E-4,0.004401337799819564,2.7063659127244614E-4,2.4610454950005974E-4,2.0868777291797782E-4],[1.4191285696036788E-4,0.0031624259192324275,0.006494440309436102,7.77032275485961E-5,0.0026786711128245076,0.0018641319333887753,9.307063897829227E-4,3.93519233277067E-5,1.5973832255431625E-4,1.1688251228315567E-4,8.927042571939373E-5,0.003125716938664863,0.002431847962829853,1.1139194214341166E-4,1.7946648358512207E-4,6.116548330122157E-4,1.7396139550947005E-4,1.4686213047501563E-4,1.0429868837586694E-5,0.002224876518875268,5.1392112083284154E-5,0.006773218158245584,0.01187666099688538,0.0038903972484265006,5.408599997274082E-5,1.0,5.1133849761558306E-5,0.006183379452944165,1.2876286109818818E-4,2.4051605338130946E-4,5.784364494340148E-5,1.219387604730752E-4,5.834882587518304E-5,2.2227388304031554E-5,1.0046342728947006E-4,0.016185660797147592,2.6427743796489676E-4,0.00121982138243455,5.414406262836863E-4,1.1725824727254483E-5,3.411621503283693E-5,5.074034747111538E-4,1.5753534684542203E-5,1.2500443979030126E-5,0.0030186971668878884,2.1263469541740407E-4,1.4702479267835285E-4,1.1240269172291607E-4,7.032268246584118E-4,0.06510117365767912,5.297378097631107E-5,0.0018830862967638652,1.2134733619277916E-4,2.024007489429207E-5,1.9610111268229339E-4],[0.004769907314727909,0.008894413326786026,0.010537009799095871,0.0026961153360619793,0.006061860610132679,0.003577943031694432,0.0015385269775600777,0.00121060024962088,0.007099529518171123,0.006084442987019146,0.009871351246614478,0.007433856030891162,0.01125055169894418,0.00790859617303532,0.009986914035352604,0.002619688739887651,0.006683309501640606,0.008051017502572621,0.006035351437908187,0.0036561880511087248,0.009593837660066943,0.012410084634844514,0.01183872466250994,0.010098322511569112,0.009587790279994688,5.1133849761558306E-5,1.0,0.01274979751986342,0.004484168901052859,0.008012477518805823,0.0023378973660447273,0.0076272284486896165,9.79207731926198E-4,0.009799717524164486,0.006828694949424558,0.030713349588441276,0.009257606290293983,0.010716800344136251,0.009897236474097121,0.0033269886250893374,0.007062056415189402,0.009446206049179392,0.005446740329729024,0.00558585843032183,0.008265121355660631,0.0033338288408608506,0.008009695775226575,4.748797598678499E-4,0.006112175392329233,0.0409698373924322,0.0013039577354203031,0.010962199877580707,0.003324133200637922,0.005254278021415682,0.004312167127047025],[0.005265331865497604,0.00463381912616914,0.013288906162852335,0.013988854545755451,0.012196253936005432,0.012350656360307806,0.01417483334166778,0.015690110131831775,0.00923215033009388,0.0035907510485018077,0.009129165864463315,0.014595188038405947,0.015735832465661185,0.009216518051038259,0.014951862597376521,0.005339162005194101,0.015799336266832907,0.0037740290014497786,3.127011244629776E-4,0.002690522462969032,0.011555981952898347,0.016129032258064516,0.013963690326981347,0.01631911908318627,0.008844538855035337,0.006183379452944165,0.01274979751986342,1.0,0.002599272626475367,0.01596682100364177,0.0037304286353970705,0.004014673295949337,0.00925353595205355,0.013897678756571814,0.013721815602123875,0.01680141179610308,0.013101554713777955,0.015842099210814996,0.010582348519677454,0.004277328682318309,0.00515164864651786,0.00489289201939638,0.01205704600644822,0.010717960144737984,0.011843916545164923,0.009064912976866039,0.010989184066479465,0.00799702398877997,0.008730599423823952,0.04887015216139656,0.0024243578065647245,0.014993838658380328,0.002821463126708833,0.01253585433183012,0.004231434067285308],[1.4816402029274912E-4,0.0024540177737865172,2.977567754246756E-4,1.4982843739714478E-4,2.6993209685666176E-4,0.0016303166307772188,9.952019845338896E-4,1.1339329907436247E-4,1.7546775432684437E-4,1.805779873364499E-4,1.7064539638468498E-4,0.0015372564687274437,0.009477119882832638,1.5931160597146306E-4,1.8318783186650365E-4,4.2231121330325015E-4,2.1289414825936207E-4,2.3744125155362463E-4,8.235370790423878E-5,0.0010533836684362553,1.9206013768928903E-4,0.01553347188037161,0.0057124699845089,0.004317005190314088,2.7834173245228056E-4,1.2876286109818818E-4,0.004484168901052859,0.002599272626475367,1.0,3.460106041655439E-4,1.4074798114370514E-4,1.7161554642857596E-4,1.7250928793712355E-4,1.3132883049019487E-4,2.0597115925205148E-4,0.005110490776911453,1.8249119829627335E-4,0.006842479578578957,0.0022426921855418715,1.4180665565566322E-4,2.2914133623215245E-4,8.613508328161818E-4,2.2948054170235442E-4,1.5027062403629674E-4,0.004427256528770447,1.835508733618665E-4,2.5986326296045326E-4,1.910000969951711E-4,3.1938094264211787E-4,0.05965600466912819,1.3220326313108984E-4,0.011257943878022427,1.6901295681970264E-4,1.71002288272603E-4,1.819302295146912E-4],[3.365721034644263E-4,0.002821112394490553,0.004135813352159786,3.236682556596965E-4,0.00124834064058417,0.0011671366674576781,4.3597675287882474E-4,3.0661307995677136E-4,2.051815335433921E-4,3.321945154489002E-4,2.23074985720061E-4,0.00423960490388708,0.00404192665753886,3.711708855676652E-4,3.53705469225548E-4,0.001169845002999271,3.227669417373827E-4,4.432926162772124E-4,2.478491506166941E-4,4.4030782033844905E-4,2.4477536578930024E-4,0.009190037328997386,0.011852365732179355,0.012750072676550886,3.6135525943990814E-4,2.4051605338130946E-4,0.008012477518805823,0.01596682100364177,3.460106041655439E-4,1.0,1.822018704280049E-4,2.899624056745281E-4,3.002679116003164E-4,2.9093317412602626E-4,3.2029563807055056E-4,0.006689431733050082,3.5870834782690704E-4,0.006250391296191073,7.849718530306643E-4,1.8464277109421102E-4,2.7127054850014553E-4,6.247848900221046E-4,3.771805108036488E-4,7.733425460792898E-5,0.006433524473844585,2.4165127952540383E-4,2.691852049226154E-4,3.524315145608468E-4,7.352090511560078E-4,0.0017579422077827543,2.1583508388580704E-4,0.008381390991492448,2.584970214770592E-4,3.523058848036004E-4,2.1018535076209184E-4],[1.2059047556226281E-4,0.0020042903950454037,0.007707432006468676,1.2172729634643479E-4,6.91955590518783E-4,9.98204444738015E-4,1.1409310585955908E-4,1.1030166294992065E-4,1.3262156651291194E-4,1.4360293039428017E-4,1.2935976824737843E-4,0.0016082401881281079,0.008584082265645642,1.294472968762043E-4,1.2880356964885573E-4,0.001504246749189083,1.6484898858653467E-4,6.305473017347811E-4,3.904475144095122E-5,0.0015196368035300413,1.674606275807819E-4,0.01551937258160603,0.0036889850029763463,0.002784506330681128,2.856201709704592E-4,5.784364494340148E-5,0.0023378973660447273,0.0037304286353970705,1.4074798114370514E-4,1.822018704280049E-4,1.0,1.477951661557417E-4,1.1329964642962675E-4,1.267599889393089E-4,1.7746049377159178E-4,0.031165786174203285,1.9616322918113307E-4,0.0099640675251099,0.0021891960539366117,5.3506026164925585E-5,1.7956972665002078E-4,9.749566501787527E-4,1.3819363412480147E-4,2.8406950752647603E-5,0.0033568796912323466,1.5749110611513727E-4,1.43651938480015E-4,2.094090353796152E-4,7.337660973606687E-4,0.04991612106601189,1.1135327738300924E-4,0.00539084296063321,1.3350770592397853E-4,1.131081018160893E-4,1.7206144552431903E-4],[1.4832744271167677E-4,0.001155312586819711,0.010983550035973339,1.440740793081206E-4,0.0030773096810107546,0.0016304175893258684,9.83967939699035E-4,1.5837113602209323E-4,1.627221493837872E-4,1.844252375908823E-4,1.3750893281640195E-4,5.528479774314046E-4,0.002634416417905954,1.5901329707893977E-4,1.7688110648618108E-4,0.0013944576234504633,1.8338219649635882E-4,5.533149198380963E-4,3.4954522981746604E-5,8.405289057834641E-4,1.8210482381287555E-4,0.01582868853062573,0.011139130662994311,0.008750608143491722,1.905936480223576E-4,1.219387604730752E-4,0.0076272284486896165,0.004014673295949337,1.7161554642857596E-4,2.899624056745281E-4,1.477951661557417E-4,1.0,1.539701903688459E-4,1.4522569746642182E-4,2.0157609930484651E-4,0.013484679416495806,2.1903437535295884E-4,0.009028414136943802,0.002539541655020208,1.1203022421352986E-4,1.9548058579368837E-4,2.960264591135176E-4,1.678679536106091E-4,1.5484489754128656E-4,0.005402331303672074,1.947948493254788E-4,1.8968481586396013E-4,2.438250564441964E-4,2.0818680026180955E-4,0.04991495655022215,1.2239640560598176E-4,0.011296820087007253,1.5234554237318528E-4,1.6724155594783277E-4,1.6062731475102545E-4],[1.4072340147594433E-4,0.0016505965505166876,0.010051265538121853,1.2796658856183466E-4,0.0010307399772797972,0.00194818185937504,9.592865043882725E-4,1.2411869358806778E-4,1.347545252106717E-4,1.4437891829431374E-4,1.3132893684837983E-4,0.003699105499819283,0.008037000078151972,1.3055281163067131E-4,1.3980591962866966E-4,4.917115807656954E-4,2.088505788589657E-4,2.809083723256951E-4,1.2057986192188708E-4,2.6580528197572633E-4,1.545559081402774E-4,0.015724581135366386,0.003862421768363615,0.008368891379113588,1.4686854930684237E-4,5.834882587518304E-5,9.79207731926198E-4,0.00925353595205355,1.7250928793712355E-4,3.002679116003164E-4,1.1329964642962675E-4,1.539701903688459E-4,1.0,1.31030320161507E-4,2.4628773100576594E-4,0.020049432425056034,2.1931435279575026E-4,0.008756208036022181,7.454889582442068E-4,8.107155346052121E-5,2.503959919502527E-4,7.178787188939662E-4,1.9502159494939544E-4,3.01646611830144E-5,0.0015932277878921985,2.278816228651279E-4,2.1785425712647367E-4,2.600064106361846E-4,4.686528278223609E-4,0.06616489344522901,1.1922827051707318E-4,0.010358667742034618,1.3362725807012133E-4,1.529586753494629E-4,1.4718728501566448E-4],[1.4576574500623404E-4,0.0017561703265685112,0.006056271042171938,1.2565617793804345E-4,0.002400675268465842,0.0016201236417735555,1.9278574902297776E-4,1.1332658586624189E-4,1.318502102770329E-4,1.3773323633163218E-4,1.31287009228569E-4,0.0021217825360676634,0.0010248753378218414,1.3375249580828487E-4,1.8305081722349515E-4,1.964999813194309E-4,1.9779461589118432E-4,2.858445257808279E-4,1.362879948683756E-5,0.0019337132825789972,1.9663749734937885E-4,0.015433501154721273,0.010575013283727808,0.008582787813075147,1.9312991121729563E-4,2.2227388304031554E-5,0.009799717524164486,0.013897678756571814,1.3132883049019487E-4,2.9093317412602626E-4,1.267599889393089E-4,1.4522569746642182E-4,1.31030320161507E-4,1.0,2.6199818656998754E-4,0.007502942278966077,1.5495623097987912E-4,0.005523431283041209,0.0018270111098421444,1.1705443238405249E-4,1.806605677626124E-4,2.622892890525708E-4,2.2296178366810435E-4,6.938626496651909E-5,0.0011637510830473038,1.4037687104136601E-4,1.7209906714646704E-4,2.2929790355177886E-4,4.470816802841224E-4,0.0015299130802502452,1.2220150146133356E-4,0.010334791631335964,1.3470106043178326E-4,1.674227214659106E-4,1.468303291157143E-4],[2.598933851155341E-4,0.002670211325543642,0.010707835303589647,2.6114161188954543E-4,0.0026730004556030796,3.6861121555683326E-4,0.001015882517281482,1.9649984762653202E-4,1.7744938035807478E-4,2.648307524256524E-4,1.966385786351404E-4,0.002540946280327894,0.006173106180152637,1.456069659266823E-4,2.2874520012450806E-4,0.0011167010967912984,2.473201497153782E-4,5.698921006385194E-4,1.3130511141204934E-4,9.222982011234959E-4,2.3355233107298632E-4,0.0040057953997900495,0.009166867239206926,0.004987052910095119,3.101043025818912E-4,1.0046342728947006E-4,0.006828694949424558,0.013721815602123875,2.0597115925205148E-4,3.2029563807055056E-4,1.7746049377159178E-4,2.0157609930484651E-4,2.4628773100576594E-4,2.61998186569987