[[1.0,0.0026515997061214345,0.007262694036026815,0.0032821619069669386,0.002809793215579469,0.03692077983580633,0.001309241066497062,0.0010424894965752943,0.0028601899615637826,0.0031172590652155207,0.003237042372918065,0.0016009505885016264,0.001606607233371243,2.1923288569908854E-4,0.002811234370364276,0.002822849993611854,0.0025993383883898373,3.6161357800295284E-4,0.001668219993716093,0.001303332524059007,7.948967507989533E-4,0.0029730841514868846,0.0021115230316322937,0.004841637411843092,1.390060823782028E-4,0.004087340111028532,0.001873656309770595,0.0023084204169239297,0.0017099892738185797,0.0018304647209269529,0.003592041300673146,0.0028882217911765456,0.0025267864391019202,0.002108400851224914,0.0023751279477518964,0.0035698048216965387,0.022797078437777615,0.04354217626812003,2.0696110832995663E-4,5.943606238944206E-4,0.0020251046113735826,0.011996245515757958,0.002648952144119884,0.0031824445686264072,0.003238975372839007,0.0021297822770529598,0.001217762473683525,0.0014677017102248714,0.003313508293445977,0.024051902928519463,0.002137725976026927,0.007848328027125588,0.0026203248979630635,0.001716324896502587,0.0031903575232561693,5.350842967348767E-4,0.0017265478598924603,0.0021214817750936656,0.002164763135428041,0.0021247682840442083],[0.0026515997061214345,1.0,0.008230915517366232,1.2456533880283424E-4,7.855861864500381E-4,0.014810038524988084,7.522042395900872E-4,3.1930253060827475E-4,2.0608933682688524E-4,5.873815399052156E-4,3.5558805235838184E-4,1.1757590151266768E-4,2.0214906632470982E-4,1.4103416927725712E-4,1.8586754027308938E-4,1.4957628509113408E-4,8.046197130974096E-4,1.8141428574567898E-4,1.032551381129945E-4,1.4117462144681194E-4,1.9501719844332668E-4,3.0426855308712385E-4,1.5516524505846524E-4,0.002594128838274811,1.117317059618012E-4,0.004281734277733903,1.5954782373489457E-4,4.281623598254915E-4,1.1663946904054084E-4,1.3743440490774543E-4,8.634607243395453E-4,4.3410199028081747E-4,1.9521764702996487E-4,5.706168855986319E-4,1.4332616695550123E-4,0.0021496104772735637,0.012474952249660196,0.03866429565510325,1.4975043454958515E-4,1.1706059785613634E-4,0.0012247306978449646,0.008578275679393451,0.001814518375365148,0.0010280351555726143,0.0021316891259001765,1.1467501471261717E-4,3.596519634919846E-5,1.3363638569502973E-4,7.95753232151774E-5,0.008932512786486317,1.1352854813818545E-4,0.010765003052796616,6.222405250374821E-4,0.001009058986477906,1.3340715308260266E-4,1.9866103680057934E-4,1.1615718700972641E-5,3.5541145354617395E-4,1.7461580302055398E-4,0.001077086308371181],[0.007262694036026815,0.008230915517366232,1.0,0.00707429669593006,0.004013879986239187,0.016652063334253196,0.008103027226473018,0.008248468460287612,7.650044356978104E-4,0.008148324790511327,0.006457582016389346,0.0010705002220499512,0.008306977082257356,0.004910348116993735,0.007223216184222093,0.0050949460072688335,0.0067632592352039,1.084855704721401E-4,0.008082597733888464,0.0030825184901099845,0.00218249738871705,0.007048531637545619,0.0031924476167831443,0.008276214359951772,0.005281913746308746,0.006626988986961111,0.003885603199230058,0.004697677546458896,0.003726140760318069,0.006449334809678895,0.010039376878379516,0.0022547098301870993,0.007177015145665067,0.0049928932392010565,0.0020477604972747505,0.007573883656712548,0.022476228668288183,0.03916075188544677,0.007723218645415596,0.0028705328982471345,0.008015069162892404,0.010521075260346556,0.004599977199178647,0.003917063807781609,0.0032957068914929917,0.004460771968113345,0.00248904271120396,6.252343611753588E-4,5.945598162573853E-4,0.008582991030871638,0.004242250794950289,0.00987057804276467,0.004726541194618954,0.004202628066134552,0.00644169424059066,0.0017500144885966155,0.006472247316740734,0.003257341841631777,0.005379505401531991,0.00590031199033337],[0.0032821619069669386,1.2456533880283424E-4,0.00707429669593006,1.0,5.36794927913035E-4,0.04205625027243413,0.0011396533408599507,2.886504164882022E-4,1.7886087361445783E-4,3.585646155799192E-4,3.9409294567557926E-4,9.202976598864448E-5,1.1612476903773614E-4,6.555053184196312E-5,1.2135998348103866E-4,1.0794341677665538E-4,9.377038497890262E-4,8.110310762516641E-5,7.439415785832017E-5,1.3603698033470024E-4,1.1486573315872734E-4,1.6722693374349298E-4,6.173392104986433E-5,0.00225510953449611,7.228383042301292E-5,0.002796571207056772,1.1999272178347648E-4,0.0010250193723530768,3.654246882933945E-5,9.25050684479585E-5,0.004056655879648916,0.0012191060098974168,1.2085421615124365E-4,3.4766690494113304E-4,1.1212138033064005E-4,0.003312572011997139,0.014714440071412052,0.042926556153898926,1.1312856572705897E-4,9.377363422511875E-5,4.692206686460087E-4,0.013091153673957488,4.6181753539660465E-4,1.2085213758554994E-4,9.070081739530877E-4,1.1035129763674029E-4,9.780478015760318E-5,1.1257360276906007E-4,6.768749068226543E-5,0.013005846759734895,2.724961854663532E-5,0.007468325662732452,3.741193116171275E-4,4.39735506584968E-4,8.056361330153268E-5,1.8418382349831355E-4,3.745206657512129E-5,1.519372363058799E-4,1.1141069730293586E-4,2.9701270375973845E-4],[0.002809793215579469,7.855861864500381E-4,0.004013879986239187,5.36794927913035E-4,1.0,0.037478407031620635,0.0013672435771586726,8.94911328317766E-4,8.043855661688577E-4,0.0013924386343680333,7.501814821673208E-4,0.0010661414062767614,0.0011995706421301976,4.706777747734823E-4,4.0057599516028417E-4,9.338863873976793E-4,0.0017314438942006146,1.5784893360283546E-4,0.0013899282993052552,9.432490971635537E-4,1.653000590192616E-4,4.442691033077579E-4,0.0014708384416793501,0.004789417395979687,0.0012652566161536058,0.003628715003431952,0.0010101868706028105,0.0012459775277642497,0.0011639192018486817,2.500705443236865E-4,0.002632925433492099,0.0016956597800862664,0.0011199847800693206,0.0011247714381138537,6.660057522260421E-4,0.003000505455693472,0.011645076529753431,0.010813091920785738,0.0015305890371982195,0.001252480489787178,0.001511620118897475,0.00429268170728558,0.0018468611521443151,0.0017156739910735364,0.0026290572026999815,7.867731977668304E-4,6.986641863545589E-4,0.001536963574634382,0.0016739099194422171,0.009655834280841607,0.0013093254867552584,0.010773520775030777,0.001741504426278518,0.001412439769477301,1.3140908664734143E-4,0.0015766110965249516,7.779897376106566E-4,6.137954030458764E-4,4.033694980325037E-4,0.0013418390425969265],[0.03692077983580633,0.014810038524988084,0.016652063334253196,0.04205625027243413,0.037478407031620635,1.0,0.009064333744130532,0.03838080598968501,0.04460364424994574,0.00982538674263992,0.013374786915120385,0.001404692937407459,0.04303904779473401,0.01918729364337346,0.012964577015354544,0.0019982888841495535,0.044182778201622926,0.04123784332551484,0.00931780982568114,0.03550799829992948,0.03849379463337595,0.0027280207381778763,0.042468013580651644,0.04493634063477703,0.034230678470951036,0.04300481356687424,0.022458813318011476,0.011219460204196743,0.02370103968810385,0.04493258066336122,0.019615990137588794,0.02469154266301944,0.018162911410603996,0.024103990838381578,0.012047282678397322,0.04180289478076515,0.03503025817591808,0.0559022327142659,0.030102060756813105,0.024739381399230122,0.017275470164826952,0.022309712921222483,0.044369832502823725,0.009554797794914197,0.04286003295984128,0.031102346608936828,0.0229767318891709,0.025364208646676895,0.0303655880992048,0.030848596270599278,0.037922151690067706,0.04119010665219146,0.017607610461412602,0.04165022311954662,0.021256291054727143,0.0037356507162543506,0.002865053818730138,0.03922489466734245,0.04452969524483657,0.03916623007033784],[0.001309241066497062,7.522042395900872E-4,0.008103027226473018,0.0011396533408599507,0.0013672435771586726,0.009064333744130532,1.0,0.0012522699382447999,4.453917931971736E-4,0.0010472040845514617,6.152170189779049E-4,2.5819642848274476E-4,9.511767505337603E-4,7.137788104128239E-4,2.0045525836108336E-4,3.094454922216623E-4,0.001353755978668074,9.767142341935528E-4,0.0011724731983387407,2.6118632613458993E-4,9.945564215194473E-4,3.9667392422448525E-4,7.075890204405047E-4,0.005200051225367384,5.798359852730098E-4,0.0016118248731668487,0.0010053222391405714,0.0012485008582225213,0.0010796844142363783,9.475940890149648E-4,0.009867610110598758,0.001276330773898328,7.907909531119039E-4,0.00114620531760434,9.4678201110393E-4,0.0016716746460865553,0.013852596792474699,0.020142804608631392,4.5669562099135135E-4,5.822969215914503E-4,0.0013445659512383045,0.013298875590301188,0.001321445703590475,0.001372394876403564,0.0022755445070675073,5.349559766514996E-4,0.00121070186084908,2.452257835803667E-4,0.0010571734572437915,0.023406927081982262,1.4636612310962713E-4,0.0038889761009383178,0.0012707428809497993,0.001168287185039512,5.732916522594997E-4,3.9031808275424276E-4,0.001099575016699406,6.989987049099487E-4,8.779258224602403E-4,0.0012599779963280019],[0.0010424894965752943,3.1930253060827475E-4,0.008248468460287612,2.886504164882022E-4,8.94911328317766E-4,0.03838080598968501,0.0012522699382447999,1.0,3.3147188243801465E-4,7.082712776501012E-4,5.858580951420817E-4,2.0399357219688262E-4,2.95980975113779E-4,2.1817951715668384E-4,3.3711891627101427E-4,2.652081029029087E-4,7.214020006473156E-4,3.4603526507522074E-4,7.176589179311075E-5,1.7619611730479125E-4,2.502928033704206E-4,3.073407684818241E-4,1.2712162255179097E-4,0.0020072757887471173,3.101930641260727E-4,4.204610411908413E-4,2.8968929355180167E-4,0.001017096972777056,1.8498246492360616E-5,3.208642640257786E-4,0.0075916201887262676,9.871588181495448E-4,2.8166241091699505E-4,7.894192858494067E-4,9.054683284472676E-5,0.0036917348775929253,0.004001387050622805,0.0160513973717916,1.961779476577207E-4,1.3586256542917253E-4,0.001228919638066566,0.0018856159258917133,0.0017462986104565489,5.867318290681056E-4,8.157554995727715E-4,2.647415519854623E-4,2.8525819138686327E-4,3.472204018182261E-4,2.6257250826760366E-4,0.005389273467341243,1.84297471505503E-4,0.0037163530411720076,8.446275283889036E-4,9.037446153351404E-4,6.947670015457882E-5,2.637800309277205E-4,1.0934042304483204E-4,4.5228114855567684E-4,1.2161781008486109E-4,7.23283927266254E-4],[0.0028601899615637826,2.0608933682688524E-4,7.650044356978104E-4,1.7886087361445783E-4,8.043855661688577E-4,0.04460364424994574,4.453917931971736E-4,3.3147188243801465E-4,1.0,4.243024104950832E-4,4.533861396599975E-4,1.07263203555705E-4,2.831210528442934E-4,7.334017375254999E-5,2.788563828781881E-4,1.8401716260512663E-4,0.0011861792292944516,1.2768395141435538E-4,1.758752040627332E-4,1.7778410050244887E-4,2.7302308281546727E-4,2.8884452643392354E-4,2.1416515164505753E-4,0.005662717863887074,2.8019066199172667E-4,0.0019275409511560683,1.867852840362768E-4,4.2991494139816785E-4,2.0130812743973317E-4,2.260933909424773E-4,0.006405126141199499,9.475855413469171E-4,2.518894777337525E-4,5.074127400958187E-4,2.1846491487009892E-4,0.001039508539014213,0.0224295263862035,0.01733628102169554,2.5102876946672003E-4,1.1962640231379012E-4,0.0013442824909520726,0.004021178453625401,0.0013022685876328184,0.0015076752125292314,4.2723421353792787E-4,1.8552163198960086E-4,1.8909827196604475E-4,2.1402396195739626E-4,2.79287580273547E-4,0.001533617472262301,1.0083773542874195E-4,0.004757223647549685,0.0016604884859854705,9.776047564349322E-4,6.816709736685324E-5,2.507318706215374E-4,4.120722759721381E-5,4.315962394822724E-4,1.624420268535216E-4,4.820128127203399E-4],[0.0031172590652155207,5.873815399052156E-4,0.008148324790511327,3.585646155799192E-4,0.0013924386343680333,0.00982538674263992,0.0010472040845514617,7.082712776501012E-4,4.243024104950832E-4,1.0,9.15237480381863E-4,8.342779665021009E-5,3.105557495462758E-4,6.036046910869849E-4,4.355763564397392E-4,2.689512987970763E-4,0.0011390302336411842,3.641607640200249E-4,6.270009880634211E-4,6.741014368074767E-4,8.060178889001179E-4,8.756854241082912E-4,3.181705011321083E-4,0.0057644911203757945,7.474221200426033E-4,0.0051651743720098914,7.517737703957328E-4,0.0011228445091482496,4.437377593657239E-4,8.621074418336656E-4,0.0019384835381122925,0.0010172428507504213,3.302094185019386E-4,9.83394704744037E-4,7.79417918322995E-4,0.0037194123057327205,0.01708391527686793,0.05263546030592305,4.740151833655718E-4,8.559663467459474E-4,0.0010825872844649584,0.009695907010116063,0.0013141991249609522,0.0016085358626248569,0.0019399628705477068,6.369908960074403E-4,3.809382487499457E-4,1.950717506552224E-4,3.84512155922078E-4,0.01924012317930402,6.33591149078657E-5,0.007343476781530235,0.0014536023341023417,0.0010844373741913337,2.3933530946170574E-4,2.0316323174850785E-4,2.411663184348082E-4,5.211012498303108E-4,1.499510273773081E-4,0.0010026384659550425],[0.003237042372918065,3.5558805235838184E-4,0.006457582016389346,3.9409294567557926E-4,7.501814821673208E-4,0.013374786915120385,6.152170189779049E-4,5.858580951420817E-4,4.533861396599975E-4,9.15237480381863E-4,1.0,4.960755979673953E-4,5.475014493955771E-4,3.346791350116557E-4,5.134688868242539E-4,5.966743278258779E-4,0.0012888918952461527,4.296931867626019E-4,2.561490959106689E-4,5.963712941960875E-4,4.227060915043477E-4,4.988391624623043E-4,2.3486876633078233E-4,0.00498054979900023,4.090792868051433E-4,9.717749271745189E-4,4.7698892239227445E-4,0.0010209821867407614,4.76550105526939E-4,1.003468169361151E-4,0.0016284755383823139,0.0012863247152265674,4.719543934252206E-4,0.0010012083726576343,7.755069062580874E-5,0.003012466259132412,0.007698496061317348,0.007551428932326553,4.1595113971440754E-4,8.552811033937795E-5,9.690559329820958E-4,0.005649713806310692,0.0012560220951148334,6.791793497379864E-4,0.0020731442546552703,3.400734303856312E-4,1.3525643931351644E-4,3.0956979391153866E-4,2.228203966441548E-4,0.006260535670427819,3.271474866239186E-4,0.0011621447716195555,0.0016419694386608794,0.0010755182433241084,5.103601703972246E-4,5.744543311626202E-4,3.9874514760306653E-4,5.615819484404787E-4,3.330195875758249E-4,6.491780198125702E-4],[0.0016009505885016264,1.1757590151266768E-4,0.0010705002220499512,9.202976598864448E-5,0.0010661414062767614,0.001404692937407459,2.5819642848274476E-4,2.0399357219688262E-4,1.07263203555705E-4,8.342779665021009E-5,4.960755979673953E-4,1.0,6.990343714680583E-5,1.853760765152601E-5,8.256243147340072E-5,1.002554133940404E-4,0.0013742124488852062,1.4430218162088696E-5,2.458667993167424E-5,1.1980338193676046E-4,6.219324705758575E-5,2.8389804390424595E-4,1.3050837767004126E-5,0.0032527934706398833,3.105184500532135E-5,0.005386153780988658,6.913969073440147E-5,3.7944226908877694E-4,2.6067712517648554E-5,3.0177216692532515E-5,0.007813285680225856,0.0010948000563174695,1.15947904855408E-4,3.987222794716281E-4,3.4322690678882286E-5,0.0016660319314587705,0.011765654593378866,0.023233806970918206,3.905616249310736E-5,3.747813931016062E-5,0.0013670797265892343,0.006752140398505644,0.0014660386507397284,4.070979783496148E-4,3.6888098179643634E-4,5.135329331756023E-5,2.2065950968431097E-5,7.502581099584846E-5,2.6307093676552322E-5,0.021642066170700372,1.6578308223152692E-5,0.003321348194151492,0.001391935825696548,0.001057733037598399,2.4193525826141106E-5,1.62337508424123E-4,2.1148879502588272E-5,1.6085827686299778E-4,1.0592865655930406E-4,2.2219750454456326E-4],[0.001606607233371243,2.0214906632470982E-4,0.008306977082257356,1.1612476903773614E-4,0.0011995706421301976,0.04303904779473401,9.511767505337603E-4,2.95980975113779E-4,2.831210528442934E-4,3.105557495462758E-4,5.475014493955771E-4,6.990343714680583E-5,1.0,1.0166081540111116E-4,2.6225971875759965E-4,1.5820676584579011E-4,0.0011129086498411459,3.1465621074324786E-5,2.2685417292209122E-4,1.6945490457211424E-4,2.374537126270472E-4,2.8131024356728933E-4,1.4991809192276586E-4,0.00442168132514938,1.2061941860063737E-4,0.00446923083456724,1.7360984094158096E-4,0.0010848592632777627,1.4810613947643887E-4,2.2296685493104987E-4,0.003247359407646377,4.1690286621407033E-4,2.1383738705807678E-4,8.978488052633813E-4,2.4553046362796565E-4,0.0027557515313774827,0.009686920173687157,0.041300610376914744,2.660293966863474E-4,2.1639955245033386E-4,8.964524747094305E-4,0.0011826015630686322,9.221967638339929E-4,7.449964796624864E-4,6.623950543930657E-4,1.0646495784959413E-4,2.127193813663565E-4,2.683043589578031E-4,2.1713442856889198E-4,0.006719907810679784,1.1125347938599046E-4,0.010219669370933718,0.0010833195549822124,0.001042254041037986,4.388406291909985E-5,2.6760738034207847E-4,5.671294592702216E-5,3.225111149900963E-4,1.965960830075043E-4,5.105750419246414E-4],[2.1923288569908854E-4,1.4103416927725712E-4,0.004910348116993735,6.555053184196312E-5,4.706777747734823E-4,0.01918729364337346,7.137788104128239E-4,2.1817951715668384E-4,7.334017375254999E-5,6.036046910869849E-4,3.346791350116557E-4,1.853760765152601E-5,1.0166081540111116E-4,1.0,7.919557484404578E-5,7.82251302924556E-5,8.259945441437824E-5,1.3078705756886417E-5,1.2957987096322665E-5,5.674828561135645E-5,3.537304220523931E-5,6.478671299222619E-5,1.2542985323507762E-5,0.0033013548415002456,4.665215425258878E-5,0.0047495049758506675,8.111540027412835E-5,4.1350547357606594E-4,1.3829726007739574E-5,2.0470635528327747E-5,0.009461878356637463,0.0012837264599803416,7.769331538266298E-5,1.3002395565881093E-4,1.6704729306417244E-5,0.0011471190719902313,0.015694928551766654,0.04007701402760981,1.2647812318740138E-4,3.583770321874831E-5,0.001009391495744275,0.008166707050424172,6.805023031496325E-4,7.043014234173172E-4,0.00165929298769826,9.748742935583307E-5,1.680869444808772E-5,3.113381594187858E-5,1.8413000793276985E-5,0.01981108458705968,1.0234122245615874E-5,0.011472206567164226,0.0015140669846799822,0.0011122104076542005,2.2189766323237303E-5,5.432794062350663E-5,1.1624618274762505E-5,3.3558578211563957E-4,1.0052054923460797E-4,8.796486897999505E-4],[0.002811234370364276,1.8586754027308938E-4,0.007223216184222093,1.2135998348103866E-4,4.0057599516028417E-4,0.012964577015354544,2.0045525836108336E-4,3.3711891627101427E-4,2.788563828781881E-4,4.355763564397392E-4,5.134688868242539E-4,8.256243147340072E-5,2.6225971875759965E-4,7.919557484404578E-5,1.0,1.2364178987450558E-4,9.327465141158042E-4,1.2719256140572812E-4,6.50926370642975E-5,1.3601758051941303E-4,1.2475228201249064E-4,2.3255245032596436E-4,2.364192679663317E-5,4.628167511136148E-4,9.236728083192455E-5,0.0019993696431727225,1.2770002010057156E-4,9.235017508797189E-4,8.414687819190439E-5,8.324252831601019E-5,0.004735895101507509,0.0012837926190178992,1.774997177493647E-4,1.8788136569744673E-4,8.877232549444167E-5,0.0038919242479890817,0.011016702245338196,0.04820110267850428,1.2828064453082434E-4,1.2368518658018875E-4,5.644461579873891E-4,0.01229253442846812,4.3196236145937386E-4,0.0012850613897668571,0.00199414884840249,1.1060630765524196E-4,2.05903465497079E-5,1.2644694073691827E-4,2.7751179042055913E-5,0.01934898818402548,3.0211239792911987E-5,0.007797360932033184,0.0015242637642183493,8.164498587627889E-4,3.921718801458403E-5,1.2985395381731344E-4,3.545848453608176E-5,2.3986671129727627E-4,1.187122364793505E-4,2.4651033359584184E-4],[0.002822849993611854,1.4957628509113408E-4,0.0050949460072688335,1.0794341677665538E-4,9.338863873976793E-4,0.0019982888841495535,3.094454922216623E-4,2.652081029029087E-4,1.8401716260512663E-4,2.689512987970763E-4,5.966743278258779E-4,1.002554133940404E-4,1.5820676584579011E-4,7.82251302924556E-5,1.2364178987450558E-4,1.0,0.001136776272936486,9.662817619410424E-5,1.019563323898106E-4,1.3206084175413605E-4,1.1558179738358492E-4,3.011005472034331E-4,4.107859636004698E-5,1.5142430056141028E-4,9.524094835336456E-5,0.0017833787624543646,1.234240565705144E-4,1.6586135388796635E-4,4.1187620208747394E-5,9.591313911396796E-5,0.002541574937354075,9.195699236477369E-4,1.6001135199454034E-4,6.183252304949901E-4,8.059959006558345E-5,0.003596145266171877,0.019325720533237032,0.024059715904974122,1.0837911316222738E-4,1.0158858247008947E-4,8.908416534832439E-4,0.00676729604904986,0.0012504673547382786,8.296398914839217E-4,4.083612044167329E-4,1.0173454634003358E-4,2.969705608835723E-5,1.0659726301562749E-4,3.3758824685081574E-5,0.024331090678593185,2.4218288291763083E-5,0.011560059391949712,7.184067614388237E-4,0.0010729816418365405,9.909492743028332E-5,1.8561396686208763E-4,3.984210647730525E-5,1.1817866286240728E-4,1.0728497885339466E-4,9.98699445510959E-4],[0.0025993383883898373,8.046197130974096E-4,0.0067632592352039,9.377038497890262E-4,0.0017314438942006146,0.044182778201622926,0.001353755978668074,7.214020006473156E-4,0.0011861792292944516,0.0011390302336411842,0.0012888918952461527,0.0013742124488852062,0.0011129086498411459,8.259945441437824E-5,9.327465141158042E-4,0.001136776272936486,1.0,9.60021370358912E-4,0.0011444554350589435,5.95232216767813E-4,0.001086571545550524,0.0011859494208741233,2.171693197460607E-4,0.0021805497931733685,7.296857869733467E-4,0.0015120002570543614,0.0011818523705376324,0.0013409049036654985,3.965732589690137E-4,0.0013483348433929341,0.005228533236642185,0.0012891935275899527,8.69617019974186E-4,0.0010607543445272465,9.259772849908361E-4,0.003806333207735974,0.01672481684449565,0.03810520141713166,0.0010694139968393925,4.224857769760215E-4,0.001478738852917375,0.0029731985481469374,0.0018277701602783473,0.0016356204991979082,0.002279017524547937,7.213578553913205E-4,0.0011704696667643062,3.554300260173168E-4,0.0014432498044931674,0.0052969335475430805,4.445282257908672E-5,0.008932812470447315,0.0015206919446903683,0.0012118702010718379,1.304184389430836E-4,5.53340735727046E-4,2.755174273590071E-4,0.001470133115848322,9.360570175046018E-4,0.001351003045945027],[3.6161357800295284E-4,1.8141428574567898E-4,1.084855704721401E-4,8.110310762516641E-5,1.5784893360283546E-4,0.04123784332551484,9.767142341935528E-4,3.4603526507522074E-4,1.2768395141435538E-4,3.641607640200249E-4,4.296931867626019E-4,1.4430218162088696E-5,3.1465621074324786E-5,1.3078705756886417E-5,1.2719256140572812E-4,9.662817619410424E-5,9.60021370358912E-4,1.0,1.3178273735945228E-5,1.3752060396671217E-4,6.780387829026891E-5,1.5853207270865831E-4,1.246420176762199E-5,0.005178805478472513,5.6238388510799235E-5,0.003276258649304146,6.97316449131399E-5,2.1899554601925814E-5,1.367223564508385E-5,3.586206790978953E-5,0.004378495140159018,3.9093101182911566E-4,1.7733851917425825E-4,1.2234761581583306E-4,2.2480228896056164E-5,0.0018244023095712431,0.011678397795502747,0.055340609618640665,1.2381042895247095E-4,3.7019621051532446E-5,1.7537168425601512E-4,0.010741047094565548,0.0012996215697290766,7.730951157366282E-4,6.840845859563926E-4,2.6096581246494467E-5,1.4850095343404025E-5,8.522625566017417E-5,1.8339811867157305E-5,0.015003938155367182,1.045404797618298E-5,0.011967459428662031,5.738982714909932E-4,2.3381581905524437E-4,1.5031903336549513E-5,1.0629701304259119E-4,1.1980121117176817E-5,1.710798384708551E-4,7.925419564014593E-5,7.358763171801026E-4],[0.001668219993716093,1.032551381129945E-4,0.008082597733888464,7.439415785832017E-5,0.0013899282993052552,0.00931780982568114,0.0011724731983387407,7.176589179311075E-5,1.758752040627332E-4,6.270009880634211E-4,2.561490959106689E-4,2.458667993167424E-5,2.2685417292209122E-4,1.2957987096322665E-5,6.50926370642975E-5,1.019563323898106E-4,0.0011444554350589435,1.3178273735945228E-5,1.0,3.107592295550035E-5,6.648726899987286E-5,2.885856721255261E-4,1.2217322009075732E-5,0.0027771967525337463,6.440927583738582E-5,0.005599106457763006,4.4914599008616964E-5,7.887528224736543E-4,1.3896449200845586E-5,5.530248163605663E-5,0.003622806558418284,8.75680386970727E-4,1.0573984725835856E-4,5.712723217892058E-4,6.121243837722602E-5,0.0017367038788014232,0.018967748547683874,0.03651064021528092,1.0338893361466989E-4,3.405289119515901E-5,9.553721845301138E-4,0.01294044661528365,2.916126046603378E-4,7.023323237026442E-4,4.5853179983351325E-4,1.3920657524523942E-5,1.3322627847993776E-5,3.272732900484845E-5,1.51038056078508E-5,0.0045472361489585136,1.1195268984584915E-5,0.012057167984136743,9.767838152339775E-4,5.282260465790981E-4,2.22046497211528E-5,1.2999927151238885E-4,1.1791137834499322E-5,2.5186297332401567E-4,5.34723934128551E-5,0.0010474099152027992],[0.001303332524059007,1.4117462144681194E-4,0.0030825184901099845,1.3603698033470024E-4,9.432490971635537E-4,0.03550799829992948,2.6118632613458993E-4,1.7619611730479125E-4,1.7778410050244887E-4,6.741014368074767E-4,5.963712941960875E-4,1.1980338193676046E-4,1.6945490457211424E-4,5.674828561135645E-5,1.3601758051941303E-4,1.3206084175413605E-4,5.95232216767813E-4,1.3752060396671217E-4,3.107592295550035E-5,1.0,1.2290217128100585E-4,1.946651389226259E-4,8.720081655652526E-5,0.0014166611180253296,1.2022032473314303E-4,0.004351429808192724,1.3186506044516545E-4,5.892932518040858E-4,2.0062002625722677E-5,1.1222419945597638E-4,0.009673986375189481,9.710248347756755E-4,1.7089942540599268E-4,7.964825153217169E-4,7.675479935365753E-5,8.220875483212117E-4,0.020573851542296476,0.01563101394624757,1.3368087708222757E-4,1.1538572960223585E-4,0.001036444825438853,0.011408210593284897,0.001140399256922423,0.001466851637480035,3.131612170781886E-4,1.2375301009731943E-4,1.2447165767072915E-4,1.2316483146541905E-4,6.814786157947694E-5,0.006260505443649549,2.418083492899214E-5,0.012272193274396914,0.001368769859461627,4.32206345381225E-4,5.0431731284010295E-5,1.5754837541124108E-4,4.263695576762147E-5,4.0820125195308184E-4,1.1381702966488277E-4,5.154318162638122E-4],[7.948967507989533E-4,1.9501719844332668E-4,0.00218249738871705,1.1486573315872734E-4,1.653000590192616E-4,0.03849379463337595,9.945564215194473E-4,2.502928033704206E-4,2.7302308281546727E-4,8.060178889001179E-4,4.227060915043477E-4,6.219324705758575E-5,2.374537126270472E-4,3.537304220523931E-5,1.2475228201249064E-4,1.1558179738358492E-4,0.001086571545550524,6.780387829026891E-5,6.648726899987286E-5,1.2290217128100585E-4,1.0,1.3249181310107073E-4,1.0719131633637506E-4,0.004756564304481207,7.018383046661895E-5,0.0013778477827457128,1.1887510082420946E-4,7.894874064170932E-4,8.72396870544325E-5,1.081760743627946E-4,0.006630559337948415,8.342276049556645E-4,1.775913121118826E-4,8.513808969831551E-4,1.1534496554878826E-4,0.0020265090029375947,0.013718569755317019,0.052251078940736335,1.1675734376112378E-4,4.006168912059419E-5,4.32128133174484E-4,0.004302199191294451,0.0011064427156710667,0.0012510624168411903,6.737811488248886E-4,1.0838810141733741E-4,4.224223097851605E-5,1.1142893335264382E-4,9.383745653621654E-5,0.007150260414808039,9.047517284429879E-5,0.01253981928857764,9.445862845444651E-4,5.209693870228168E-4,1.0135838934717748E-4,1.3461583756436336E-4,9.45559664795155E-5,2.2489081031059314E-4,1.1401367195582587E-4,6.2990529117404E-4],[0.0029730841514868846,3.0426855308712385E-4,0.007048531637545619,1.6722693374349298E-4,4.442691033077579E-4,0.0027280207381778763,3.9667392422448525E-4,3.073407684818241E-4,2.8884452643392354E-4,8.756854241082912E-4,4.988391624623043E-4,2.8389804390424595E-4,2.8131024356728933E-4,6.478671299222619E-5,2.3255245032596436E-4,3.011005472034331E-4,0.0011859494208741233,1.5853207270865831E-4,2.885856721255261E-4,1.946651389226259E-4,1.3249181310107073E-4,1.0,2.6556787589924804E-5,0.004096935323515235,2.2114286760155076E-4,0.0041169249670241674,2.2796165430861968E-4,9.62689033036749E-4,2.9377906039907873E-4,2.8636921930472767E-4,0.002098200862468291,4.5381136696407245E-4,2.639745018185865E-4,5.905534899204978E-4,2.958225031537534E-4,4.4157793431835225E-4,0.019555250604183765,0.02831973634622009,2.889754767531912E-4,5.9188975403916196E-5,0.0013974517770058456,0.014040084801401065,0.001137369497632757,3.068396266702986E-4,0.0025182771307330925,1.6657578108041283E-4,2.962768135842074E-4,2.734161348145838E-4,1.4439876146245335E-4,0.024780316489751604,9.150401316527963E-5,4.585610344694651E-4,0.001344499108132684,6.972590887251455E-4,1.8843730612643395E-4,2.2055017979641752E-4,1.9556988184617597E-5,3.612234463072351E-4,2.11002194398384E-4,8.872213349235217E-4],[0.0021115230316322937,1.5516524505846524E-4,0.0031924476167831443,6.173392104986433E-5,0.0014708384416793501,0.042468013580651644,7.075890204405047E-4,1.2712162255179097E-4,2.1416515164505753E-4,3.181705011321083E-4,2.3486876633078233E-4,1.3050837767004126E-5,1.4991809192276586E-4,1.2542985323507762E-5,2.364192679663317E-5,4.107859636004698E-5,2.171693197460607E-4,1.246420176762199E-5,1.2217322009075732E-5,8.720081655652526E-5,1.0719131633637506E-4,2.6556787589924804E-5,1.0,0.004101625222809543,6.349527990526E-5,0.003387563737753777,7.027303203398078E-5,0.001026065682750384,1.2736949265431824E-5,1.1945241032987511E-5,0.002016015483116791,0.0010885683026252554,6.235368677273286E-5,9.68655512025314E-4,4.932555133316677E-5,6.688930093070966E-4,0.013396698873889158,0.016407539936825886,6.831872509859299E-5,2.741654320252575E-5,4.3636739406940336E-4,0.013998627157187821,0.001861609909134682,8.957002986558233E-4,0.001789908564401304,6.380369039734045E-5,1.632259423312802E-5,9.813249152543914E-5,1.7252662931348112E-5,0.021533937925557117,1.0962055232141812E-5,0.007063343177024892,0.001129710022590978,1.928446167051006E-4,1.8913045516242498E-5,1.4137483023938098E-4,1.1344385484810471E-5,2.999375894282391E-4,7.933701331256591E-5,7.883666633374036E-4],[0.004841637411843092,0.002594128838274811,0.008276214359951772,0.00225510953449611,0.004789417395979687,0.04493634063477703,0.005200051225367384,0.0020072757887471173,0.005662717863887074,0.0057644911203757945,0.00498054979900023,0.0032527934706398833,0.00442168132514938,0.0033013548415002456,4.628167511136148E-4,1.5142430056141028E-4,0.0021805497931733685,0.005178805478472513,0.0027771967525337463,0.0014166611180253296,0.004756564304481207,0.004096935323515235,0.004101625222809543,1.0,0.0013994774493322148,0.005857828095665423,0.0038846627394579446,0.001717367445377455,0.005496396116904925,8.632570504089437E-5,0.010293020926054235,0.0016067542877125007,0.004489979933846658,0.0042542901231636685,0.0038307433927276873,0.0050523424089812235,0.013210161642400409,0.01375276280957287,0.004970247985314571,0.0013723855236059252,0.0033340267152960146,0.008153630133817381,0.003748954467752897,0.005557065745350753,0.004497494002338048,0.0013374021842900688,5.672949690821998E-5,0.0044735136406052695,0.0017879804917231455,0.013830942912644082,0.002952585153984725,0.00953684204605565,0.00496793221415738,0.004695741590574505,8.939420614436409E-4,0.004757147615347117,0.004858451951374631,0.004192485595021383,0.0056481824108416965,0.0013584002339958202],[1.390060823782028E-4,1.117317059618012E-4,0.005281913746308746,7.228383042301292E-5,0.0012652566161536058,0.034230678470951036,5.798359852730098E-4,3.101930641260727E-4,2.8019066199172667E-4,7.474221200426033E-4,4.090792868051433E-4,3.105184500532135E-5,1.2061941860063737E-4,4.665215425258878E-5,9.236728083192455E-5,9.524094835336456E-5,7.296857869733467E-4,5.6238388510799235E-5,6.440927583738582E-5,1.2022032473314303E-4,7.018383046661895E-5,2.2114286760155076E-4,6.349527990526E-5,0.0013994774493322148,1.0,0.0035414618008691944,1.1124446861321909E-4,0.0011885307680263384,5.550997431669252E-5,6.764710476310485E-5,0.006940192950936747,8.888021688577938E-4,7.393603516221962E-5,3.024859440349708E-4,7.014960917824367E-5,0.0024720928978935346,0.0120394583513195,0.05757948431381511,8.234406928734172E-5,6.603658596360433E-5,0.0012890925653182323,0.0017738423682826872,0.001162737484207858,1.5426232308405314E-4,0.0016284360619173207,7.969582650771767E-5,6.102957362373976E-5,1.0092708506431345E-4,5.9946759261631416E-5,0.021322079171862334,4.3770613367693885E-5,0.0016107917221688506,8.38441868622575E-4,9.77040960784961E-4,5.4849383720062116E-5,1.7818762178366368E-4,4.3877231644128114E-5,1.9696175130158564E-4,1.0857084888721917E-4,1.7881495719304934E-4],[0.004087340111028532,0.004281734277733903,0.006626988986961111,0.002796571207056772,0.003628715003431952,0.04300481356687424,0.0016118248731668487,4.204610411908413E-4,0.0019275409511560683,0.0051651743720098914,9.717749271745189E-4,0.005386153780988658,0.00446923083456724,0.0047495049758506675,0.0019993696431727225,0.0017833787624543646,0.0015120002570543614,0.003276258649304146,0.005599106457763006,0.004351429808192724,0.0013778477827457128,0.0041169249670241674,0.003387563737753777,0.005857828095665423,0.0035414618008691944,1.0,0.0027099085630608102,0.0026067710747964736,9.244574219668395E-4,0.003212796991842974,0.00862583918169067,0.0021663839264725302,0.0018574336336511774,0.005291260627565339,8.113258290132698E-4,0.004941664653570651,0.023570949310290447,0.030461207467008405,4.458125165951026E-4,0.005246317958243298,0.0033002921478103237,0.007964098990307955,0.0036352095681436766,0.005583960485794366,0.005562020701108046,0.0020109125671542816,0.005429549564012068,7.880992234957413E-4,3.08009893055404E-4,0.023441374104868556,0.002846036765094734,0.0089966747042734,0.002529749687742187,0.005044042038602979,0.005560420086188944,8.781371475694044E-4,0.0014408184987746938,0.0056404979122239175,0.005824717293292152,0.0031487728244763502],[0.001873656309770595,1.5954782373489457E-4,0.003885603199230058,1.1999272178347648E-4,0.0010101868706028105,0.022458813318011476,0.0010053222391405714,2.8968929355180167E-4,1.867852840362768E-4,7.517737703957328E-4,4.7698892239227445E-4,6.913969073440147E-5,1.7360984094158096E-4,8.111540027412835E-5,1.2770002010057156E-4,1.234240565705144E-4,0.0011818523705376324,6.97316449131399E-5,4.4914599008616964E-5,1.3186506044516545E-4,1.1887510082420946E-4,2.2796165430861968E-4,7.027303203398078E-5,0.0038846627394579446,1.1124446861321909E-4,0.0027099085630608102,1.0,9.623139264436741E-4,1.160872875476075E-4,1.1524106700184605E-4,0.004794579093108139,0.001203827370044065,1.874241787880807E-4,8.975465905168345E-4,1.1519436355033905E-4,0.0036698925307543004,0.017653765503542446,0.03825887263419707,1.2635240155201336E-4,8.372771951387472E-5,0.0011476637929420468,0.0014957446174248038,7.304296374916629E-4,5.856560494346291E-4,0.002374949122363732,1.1991125045976085E-4,3.675717904088333E-5,1.1837950091554336E-4,2.5912904826207766E-5,0.01618976035311177,2.9813980520415066E-5,0.002467927399464834,0.0010462745884140963,9.142493221703756E-4,1.2448389098974124E-4,1.7650947592148483E-4,1.0607867752646218E-4,4.033515045337707E-4,1.223145228533677E-4,2.2272457968292188E-4],[0.0023084204169239297,4.281623598254915E-4,0.004697677546458896,0.0010250193723530768,0.0012459775277642497,0.011219460204196743,0.0012485008582225213,0.001017096972777056,4.2991494139816785E-4,0.0011228445091482496,0.0010209821867407614,3.7944226908877694E-4,0.0010848592632777627,4.1350547357606594E-4,9.235017508797189E-4,1.6586135388796635E-4,0.0013409049036654985,2.1899554601925814E-5,7.887528224736543E-4,5.892932518040858E-4,7.894874064170932E-4,9.62689033036749E-4,0.001026065682750384,0.001717367445377455,0.0011885307680263384,0.0026067710747964736,9.623139264436741E-4,1.0,2.922284391688274E-4,9.021676393960811E-4,0.0033230427504675206,0.0012595249933251356,5.363443845679241E-4,0.0011549612495325495,4.960347778828424E-4,0.0016427482719719435,0.0021898118124274524,0.01554446685104886,9.310483154720904E-4,1.955618360329358E-4,0.0013059284686540355,0.010139177579230533,0.0014818115372862888,0.001516396879553973,0.0023138705838994162,3.032073058419559E-4,1.0727488952853345E-4,0.0011122854035185087,9.102884781327069E-4,0.025324126626802012,0.0010614974606341773,0.0013584807218518953,0.0016685004093058243,0.0011576558229528591,5.750395817157129E-4,2.8194102980364096E-4,6.146093757531232E-4,4.93621381979782E-4,5.171400573803642E-4,0.0011897193341690617],[0.0017099892738185797,1.1663946904054084E-4,0.003726140760318069,3.654246882933945E-5,0.0011639192018486817,0.02370103968810385,0.0010796844142363783,1.8498246492360616E-5,2.0130812743973317E-4,4.437377593657239E-4,4.76550105526939E-4,2.6067712517648554E-5,1.4810613947643887E-4,1.3829726007739574E-5,8.414687819190439E-5,4.1187620208747394E-5,3.965732589690137E-4,1.367223564508385E-5,1.3896449200845586E-5,2.0062002625722677E-5,8.72396870544325E-5,2.9377906039907873E-4,1.2736949265431824E-5,0.005496396116904925,5.550997431669252E-5,9.244574219668395E-4,1.160872875476075E-4,2.922284391688274E-4,1.0,6.592203434282394E-5,0.0075477271441200975,2.620137140301092E-4,4.691478073639961E-5,4.861142395720449E-5,6.682984836268325E-5,6.9168962127454E-5,0.007698970766034291,0.03578298852130162,2.6204324483709862E-5,2.049485082877739E-5,3.365758361458531E-5,0.010010989280131917,0.0014731584752264279,8.024630341030905E-5,0.0024497351334930332,2.027176399856999E-5,1.615844044350693E-5,3.722060861881691E-5,1.6449384820395E-5,0.00504955835169029,1.383273315605693E-5,0.012033166238944893,7.727567354929114E-4,3.342394568067273E-4,1.8729871874949594E-5,4.5064476003320846E-5,1.2555501821625465E-5,1.2981338067669646E-4,8.11410925216492E-5,7.80997058359318E-4],[0.0018304647209269529,1.3743440490774543E-4,0.006449334809678895,9.25050684479585E-5,2.500705443236865E-4,0.04493258066336122,9.475940890149648E-4,3.208642640257786E-4,2.260933909424773E-4,8.621074418336656E-4,1.003468169361151E-4,3.0177216692532515E-5,2.2296685493104987E-4,2.0470635528327747E-5,8.324252831601019E-5,9.591313911396796E-5,0.0013483348433929341,3.586206790978953E-5,5.530248163605663E-5,1.1222419945597638E-4,1.081760743627946E-4,2.8636921930472767E-4,1.1945241032987511E-5,8.632570504089437E-5,6.764710476310485E-5,0.003212796991842974,1.1524106700184605E-4,9.021676393960811E-4,6.592203434282394E-5,1.0,0.008604774622948204,4.7518621643446914E-4,1.595195869057277E-4,2.964771578221352E-4,6.772649801020627E-5,6.535869526180938E-4,0.008388497863407158,0.03353376989956812,1.156959952399491E-4,4.58879617453486E-5,0.0011917096928105086,0.0021842186515455553,0.0017756325635967028,2.9828265772671985E-4,3.4340399627909E-4,1.0118807448769114E-4,6.154125641266042E-5,8.840354304832422E-5,6.298952152376497E-5,0.007537477703123244,6.522614209562008E-5,7.188026689754046E-4,0.001389562114998822,0.0011261697725558823,6.043041539366271E-5,1.916914590411238E-4,4.2271138137785006E-5,3.6300679213272966E-4,1.0045699854668439E-4,2.813525695388881E-4],[0.003592041300673146,8.634607243395453E-4,0.010039376878379516,0.004056655879648916,0.002632925433492099,0.019615990137588794,0.009867610110598758,0.0075916201887262676,0.006405126141199499,0.0019384835381122925,0.0016284755383823139,0.007813285680225856,0.003247359407646377,0.009461878356637463,0.004735895101507509,0.002541574937354075,0.005228533236642185,0.004378495140159018,0.003622806558418284,0.009673986375189481,0.006630559337948415,0.002098200862468291,0.002016015483116791,0.010293020926054235,0.006940192950936747,0.00862583918169067,0.004794579093108139,0.0033230427504675206,0.0075477271441200975,0.008604774622948204,1.0,0.00550937355799893,0.004268520987032356,0.0036657745672407146,0.010219142458547657,0.007253495703498991,0.016075039662562896,0.02433178655638553,0.005946201559928714,0.002990056942715946,0.00971518607086257,0.01086187229436598,0.005268716139538635,0.0053882798716389894,0.004060261110125411,0.004457090653770055,0.009265841431687929,0.010284679986669123,7.398133902225592E-5,0.018737008134527642,0.003635448105780488,0.011144952654602271,0.002149759670544119,0.004265882297002405,2.9741511723007323E-4,0.009420763499286786,0.007642736983998596,0.008862047248454583,0.004300249218766969,0.005733784977691025],[0.0028882217911765456,4.3410199028081747E-4,0.0022547098301870993,0.0012191060098974168,0.0016956597800862664,0.02469154266301944,0.001276330773898328,9.871588181495448E-4,9.475855413469171E-4,0.0010172428507504213,0.0012863247152265674,0.0010948000563174695,4.1690286621407033E-4,0.0012837264599803416,0.0012837926190178992,9.195699236477369E-4,0.0012891935275899527,3.9093101182911566E-4,8.75680386970727E-4,9.710248347756755E-4,8.342276049556645E-4,4.5381136696407245E-4,0.0010885683026252554,0.0016067542877125007,8.888021688577938E-4,0.0021663839264725302,0.001203827370044065,0.0012595249933251356,2.620137140301092E-4,4.7518621643446914E-4,0.00550937355799893,1.0,3.3609818146074655E-4,0.0011359458393475855,0.0010973372520351767,0.0023714299771663877,0.00665022415397011,0.02689929119086017,4.0679211070173354E-4,5.496431265384202E-4,0.0013203706881904265,0.