[[1.0,1.1466045162173145E-5,1.0739671406404998E-4,0.005518473958590683,1.1014424946899848E-5,1.7887010679251832E-4,0.003687239579187071,1.2653460210532559E-5,1.184860259603302E-4,9.748717808072756E-5,0.0013465470135816317,6.646461467437509E-5,0.008673788979720952,0.026834572736644132,4.4129751117288153E-4,6.855737460813313E-5,0.0018255721964093848,6.30576557427217E-4,0.0016331190036508031,6.652994166044146E-5,5.88336293677944E-4,1.1525630831698262E-5,1.2211349750056335E-5,0.0026754367360365618,9.054927171037876E-4,1.1853596349121719E-4,0.0019063557042910723,0.00111512227989467,0.004261207173675109,0.0025665985622959357,1.1220487087204166E-5,0.013708070701312539,7.653120492507987E-4,8.558384313386934E-4,0.004252580495215707,1.764267587191319E-5,1.9982857578655405E-4,0.00776180384706573,9.101581885416966E-5,1.0137207059270347E-5,1.3117021428147256E-4,0.01382992116553202,0.014555730113007682,1.9875325478461635E-5,9.531220754782119E-5,1.0180340815279448E-4,1.6572818275666643E-4,1.2512020724459571E-5,1.0881910605633769E-5,0.0011136021275079116],[1.1466045162173145E-5,1.0,1.0154407365276262E-4,0.02004706815094764,1.3137643800569733E-5,6.564859061204743E-5,0.010829066537691305,1.3886625398678608E-5,1.7259545743108414E-5,8.850483423171163E-5,0.0011337518193124396,5.350779922780473E-4,6.030987393055691E-4,0.004144430327642698,5.400599169822346E-4,8.660817891430222E-5,0.002118741347104979,3.970255124013818E-4,2.0370729417710094E-4,1.4755998070249923E-4,8.057496453311489E-4,1.2797810716971848E-5,1.3201587535539038E-5,0.0026207032425544247,4.0523425384664637E-4,5.6990252532070337E-5,5.614428354479164E-4,1.6660281233914977E-4,2.210859653278047E-4,0.0018590696282319529,1.3847504581786616E-5,0.023676830830567815,6.824046513019137E-4,9.25965605126926E-5,0.022440850414380303,1.5530211246221119E-4,3.7970822653539513E-4,0.0022669836561621734,0.0013482707875881565,1.4475423559034722E-5,1.8623147957852202E-5,0.002101027551771329,0.002381910854537645,2.2680139699751837E-5,4.2585333998455297E-5,0.007057512313255154,4.3364508656115377E-5,1.4345586322912065E-5,1.4641810624341455E-5,1.8647602053709588E-4],[1.0739671406404998E-4,1.0154407365276262E-4,1.0,0.01332420964435989,1.0293065511115599E-4,2.1744939540463892E-4,0.010163394369518443,1.04484964793712E-4,1.4373450696506565E-4,1.0825656902868286E-4,1.4853852476981116E-4,0.001536338388475356,0.007527178176018098,0.005998541229511552,0.0010615330705413663,1.3891251868086666E-4,4.0202741711211525E-4,0.0019379975539993133,0.0018588830327796874,2.220274922484451E-4,0.0011832474640062795,3.598433399847066E-5,4.915189260491889E-5,4.0090377595754906E-4,0.0017970970016733246,1.3844207249496098E-4,0.0017223879437517783,0.0010495673775557449,0.008634696104197603,0.00352637043584431,3.8609959302025995E-5,0.015227710789514407,3.7707384396543206E-4,5.237337965214465E-4,0.011100779075997535,1.7601387950424763E-4,3.409216412403874E-4,0.014856988080383072,9.67660903994087E-4,6.835140867221578E-5,1.8437595973232537E-4,0.01834583847244613,0.01995165105316517,1.3366518518759146E-4,1.6057406896723413E-4,0.0010724825218999799,2.0861738938577766E-4,5.552245997834808E-5,4.179126356446356E-5,3.9121493447243213E-4],[0.005518473958590683,0.02004706815094764,0.01332420964435989,1.0,0.022037870977611156,0.005581404521535931,0.017246985651025108,0.01114526279126362,0.021846002362066123,0.005540051212612851,0.018194665775562613,0.012921647959767663,0.020659852230664983,0.028408172592843645,0.022636729218494495,0.008136081491890894,0.008431855035148367,0.017848697108640316,0.002621128182452926,0.008278772227892058,0.017068174763237357,0.0073799910049278175,0.007107120729533921,0.011413461950939877,0.0031142652518639812,0.008083805578826483,0.015350425102438432,0.007300802397353825,0.030788541085031644,0.003719332819403481,0.017157066727013972,0.025317386814835228,0.0015620754183997099,0.011723453900646759,0.022856735357836527,0.010267991878637963,0.01977783839235127,0.02124363725373833,0.0030295311355685757,0.002382112514459723,0.012662289826817821,0.02106165744857954,0.026059941188753426,0.009359340477713942,0.01247542302621672,0.016080012450153034,0.006077644346146252,5.149287147962495E-4,0.012624932950688334,0.0030151406857329708],[1.1014424946899848E-5,1.3137643800569733E-5,1.0293065511115599E-4,0.022037870977611156,1.0,2.4004221558724054E-5,0.009295814609957724,1.1256249284058269E-5,3.928134296753765E-5,4.621297443147366E-5,3.1012532302983376E-5,8.433590854109067E-4,0.011638946828801894,0.023390473892248485,0.0012256442281504496,8.178463564048557E-5,7.190208941326017E-4,8.082386193952714E-4,8.742001978713528E-4,1.8505576127014745E-4,5.474715274588883E-4,1.1236167560870022E-5,1.2100960371766774E-5,0.0013367566457070208,3.116978495427232E-4,4.2050530699368225E-5,0.001866470931890627,1.9347428027928953E-4,0.019422395406504412,0.00113058821471731,1.3118791977884815E-5,0.020634098820013238,3.02565301749292E-4,0.001415245813680103,0.008571567596586125,3.246518509840198E-5,6.867699491425464E-5,9.797464535738045E-4,3.361595560221615E-4,1.2489300281091462E-5,1.3860631809663857E-4,0.007339280286403998,0.025140802407035617,6.198907164585255E-5,1.664494245392885E-4,0.00531258402406546,4.9388401965799285E-5,1.3210721043065857E-5,1.1485146710176376E-5,1.2113320401659075E-4],[1.7887010679251832E-4,6.564859061204743E-5,2.1744939540463892E-4,0.005581404521535931,2.4004221558724054E-5,1.0,0.006046297210344259,4.9219663329056773E-5,1.977294524632058E-4,1.6228128756936474E-4,5.451860152517415E-4,0.00100254884157739,0.012254164868596984,0.028542969946367968,0.0015844207572285795,1.877811860329404E-4,0.0020302651432959756,5.547972717129595E-4,0.0010925361463046902,2.4682630044280465E-4,8.802976448364463E-4,6.38736833199072E-5,2.2245475013017718E-4,0.002827375480445995,0.0016908590596898033,2.1335103250092597E-4,5.749907238306198E-4,7.56132638820818E-4,0.03073005153160495,0.001956682840093751,2.99005928128847E-5,0.006431495912261631,6.173504987436712E-4,6.968006252348708E-4,0.021385360822772502,2.023513632845473E-4,3.837191532479199E-4,0.002961201426446672,0.0013330649411492847,7.810907854327238E-5,1.9511051160964456E-4,0.01528615142229076,0.02612192351671466,2.454073078159936E-4,2.5720138537722756E-4,0.0030995812139594132,2.450214847906315E-4,1.647516428923755E-4,1.241684970496919E-4,8.541973353729844E-4],[0.003687239579187071,0.010829066537691305,0.010163394369518443,0.017246985651025108,0.009295814609957724,0.006046297210344259,1.0,4.610587868469836E-4,0.013894628758242931,0.004358613598778531,0.006110616660070507,0.0037232513993309332,0.01782484981610599,0.018577727887738014,0.008553129521339574,0.006362232016426232,0.008615129968801536,0.013669198176544073,0.010572102626507342,0.013153349565093793,0.008039797290456013,0.012841165002236301,0.006144975887417923,0.004069858723544846,0.008588004100549928,0.011126620861919097,0.014049439793248374,0.004473824444424688,0.030694954391820947,0.009655523552695541,0.01266288162519211,0.015865135628754537,0.006034629780526229,0.013102566920562619,0.017856603073097183,0.013835254357940807,8.889697488701459E-4,0.014820018126665004,0.012357894553596269,0.012374574493910554,0.012463941372290965,0.01562541029288253,0.02568008199941858,0.009739732134275987,0.013522687301390264,0.014223019791168221,0.00431836273698479,0.01178086149929822,0.013075298628964354,0.0012951180002881502],[1.2653460210532559E-5,1.3886625398678608E-5,1.04484964793712E-4,0.01114526279126362,1.1256249284058269E-5,4.9219663329056773E-5,4.610587868469836E-4,1.0,1.3985038370245215E-4,7.552304987946532E-5,6.84502170917182E-4,1.1486932816841505E-4,0.0033802544914828436,0.022573445931545928,0.0010814949474109783,6.870164168150733E-5,0.001045227945777727,0.0013174381590562545,4.1825949121493866E-4,4.94994823141229E-5,4.245882533105164E-4,1.334152365544008E-5,1.3662457571563141E-5,0.0017297680536870442,0.0011340743479030893,2.2259622225459015E-5,8.629022227037035E-4,7.347913219596064E-4,0.0322192949034995,0.0017975679214380655,1.315794237869002E-5,0.014321678908627655,5.275473857960899E-4,0.0014916854204388447,0.01059087192667582,7.821367920816427E-5,9.84615897789406E-5,0.004939307012953813,0.0014110145299966433,1.3326974556605943E-5,1.6527358628988444E-4,0.004428524985362913,0.0346164882392986,7.486056716970725E-5,1.6317268223682568E-4,0.01049311750327556,1.9330443153430627E-4,1.3787043312641775E-5,1.4068135189614121E-5,5.620152196220231E-4],[1.184860259603302E-4,1.7259545743108414E-5,1.4373450696506565E-4,0.021846002362066123,3.928134296753765E-5,1.977294524632058E-4,0.013894628758242931,1.3985038370245215E-4,1.0,1.5149889166307643E-4,7.6473223658699E-4,0.0011746114906347684,0.001017738077931052,0.010960094804045709,4.899988877627945E-4,1.5786857642351772E-4,0.001357354079433493,5.202216720210964E-4,0.001682373446602058,1.6988788095597868E-4,4.187941989250313E-4,1.5032717663413965E-4,1.233998906680283E-4,4.86498111258337E-4,0.0013654452690216733,1.480500963210156E-4,0.0019255879852086216,7.164963177416075E-4,0.003709723607671728,0.002970258542647292,8.480828581510939E-5,0.008468174399182217,5.78464001584579E-4,5.475535534854382E-4,0.019372198276280613,1.8277956002250937E-4,2.0629773783026643E-4,0.0056405747839069825,0.001756818737130584,3.092878545845916E-5,1.8923372248527522E-4,0.012511607319002567,0.03188096141308119,1.4368627309743005E-4,2.1571470476154883E-4,0.010687416744229261,1.9733911874864082E-4,1.1696422548071591E-4,2.3463680162492316E-5,0.0010165422321240026],[9.748717808072756E-5,8.850483423171163E-5,1.0825656902868286E-4,0.005540051212612851,4.621297443147366E-5,1.6228128756936474E-4,0.004358613598778531,7.552304987946532E-5,1.5149889166307643E-4,1.0,2.46185644301178E-4,0.0012467544971608195,0.007013859107042495,0.004259800110563289,3.193776929705757E-4,1.1513526403784029E-4,0.0015898751372979592,0.0015919113749424893,0.0015212372272325279,1.1944240442179918E-4,1.1959330478973148E-4,1.7499906653661263E-5,8.770720940571348E-5,0.0023988343323457315,0.0013480216305497685,1.236053874625727E-4,0.00129776873892583,8.673852817994747E-4,0.025144510615883846,3.588571474099959E-4,4.155358957311761E-5,0.006485499542472751,8.720438714635215E-4,0.0017648315932988817,0.01960433965352553,1.1808342645134177E-4,4.425577292590464E-4,0.0069736339547860045,9.606127447581165E-4,7.974731276708836E-5,1.1803450849998516E-4,0.006531041069813041,0.032593257980333724,1.0791600229452013E-4,2.094232895551143E-4,0.0051720588765086575,1.6998089781982873E-4,9.444353934743208E-5,1.0710984695196617E-4,0.0010823826092808296],[0.0013465470135816317,0.0011337518193124396,1.4853852476981116E-4,0.018194665775562613,3.1012532302983376E-5,5.451860152517415E-4,0.006110616660070507,6.84502170917182E-4,7.6473223658699E-4,2.46185644301178E-4,1.0,0.0020829466857337164,0.011128848121787176,0.004764031573308649,0.001513792534518383,5.541545313480382E-4,0.001950812376326374,0.0022374697862326256,0.0020034715733002932,4.3481676053118423E-4,0.00128343376283761,2.4722010361704066E-4,4.204240756486337E-4,0.0022262085550077745,0.0017221214260880122,8.228340211703065E-4,0.0015830186930308435,0.0012725058862958374,0.02041781883183747,0.0017128991975368392,8.389554805255934E-4,0.02596323947492534,0.0013919354324321471,0.0019234472751632201,0.01322871142068659,5.707388117143631E-4,0.0010795558275872358,0.006513845279684807,0.00160241585233134,6.370788215938008E-4,0.001224926282394568,0.013641699275023348,0.007781745357656234,1.2580712259136005E-4,8.132692355944948E-4,0.007469740809064257,3.951338922210816E-4,0.0011485587132608202,5.592052146274203E-4,0.001188383193450936],[6.646461467437509E-5,5.350779922780473E-4,0.001536338388475356,0.012921647959767663,8.433590854109067E-4,0.00100254884157739,0.0037232513993309332,1.1486932816841505E-4,0.0011746114906347684,0.0012467544971608195,0.0020829466857337164,1.0,0.01076434299607883,0.010425142889820285,0.001645434956839925,0.0020303471404548015,0.002607108614142828,0.0026273314885391064,0.002267887078146031,0.0020422535003652327,0.002453649732448838,0.0022706936583984693,8.800667085024875E-5,0.0027655664839403423,0.002125102383389298,3.879526555209839E-4,0.002307109784048214,0.001398352314713944,0.030888400062926986,0.003120724441343718,0.0017521928930181732,0.008550800915569898,0.0018072865791108079,0.0025090359952996497,0.006570299211055788,0.0015044932798845684,0.0019146548207856385,0.0031431665184410503,0.0024898468446679168,1.1048431540689458E-4,9.213427858441235E-4,0.0181545213628224,0.037069100504599876,0.0011190738287264617,6.045304096178424E-4,0.0031871896584561824,0.0019216805771821682,6.431453475852032E-5,0.0025346667846306717,0.0025121465968077935],[0.008673788979720952,6.030987393055691E-4,0.007527178176018098,0.020659852230664983,0.011638946828801894,0.012254164868596984,0.01782484981610599,0.0033802544914828436,0.001017738077931052,0.007013859107042495,0.011128848121787176,0.01076434299607883,1.0,0.02295671635634454,0.017349982376051145,0.004572511378344695,0.004855591393101774,0.013097353340051633,0.019191283997433126,0.012750255989210193,0.004661504391345212,0.010862896837691503,0.014231294721451274,0.00610005524381302,0.01157835335942208,0.0018095633532112419,0.018449361035130018,0.016790871303020368,0.022537885694324796,0.003722680896958962,0.010921374240028998,0.02495169666383655,0.011905642209447028,0.01872280699371929,0.02263377774970826,0.017298751070767046,0.01765761671204981,0.01883527174507947,0.010867700215319286,0.018794810243683423,0.012564362328480053,0.02,0.020348694178518582,0.007911011079665568,8.142399189655306E-4,0.015237586527776369,0.019447273181139736,0.011874681271010825,0.011989029423534527,0.010852649648581895],[0.026834572736644132,0.004144430327642698,0.005998541229511552,0.028408172592843645,0.023390473892248485,0.028542969946367968,0.018577727887738014,0.022573445931545928,0.010960094804045709,0.004259800110563289,0.004764031573308649,0.010425142889820285,0.02295671635634454,1.0,0.031105931088660433,0.007148041630495483,0.013636944233891396,0.01598311223712786,0.025023386106566833,0.03385602760713975,0.0344078104761689,0.014998588177715102,0.013256330342261487,0.013690549612080412,0.028203950458380648,0.004116156946918927,0.02374391046660697,0.008903223888420683,0.0349520542108651,0.019698710194068762,0.006027189070019136,0.027672129847309886,0.01021320826260385,0.004689945607489505,0.025119305027446488,0.02977921779309019,0.019966371027759763,0.028732975162988297,0.007162774116969975,0.015407199058230108,0.011129458767614208,0.02152186774972088,0.037839160464606406,0.011067869965820473,0.032417426486288474,0.021715747175923495,2.3056359613183585E-4,0.0013336735593111435,0.017457984579976604,0.0012034453467084656],[4.4129751117288153E-4,5.400599169822346E-4,0.0010615330705413663,0.022636729218494495,0.0012256442281504496,0.0015844207572285795,0.008553129521339574,0.0010814949474109783,4.899988877627945E-4,3.193776929705757E-4,0.001513792534518383,0.001645434956839925,0.017349982376051145,0.031105931088660433,1.0,0.0013641739056423588,0.0016456502326225293,0.001811581477886962,0.0020695148207214645,0.0014707556982249178,0.0015093149967192476,0.0014919032204701859,4.573630067810115E-4,0.0019631825655357328,0.0019986742611813615,1.3599073799607512E-4,0.0016918243496800952,0.0012960245963269973,0.009858728228868257,0.003425988420472373,0.0014765307878377547,0.019658114311839177,0.0010932763697292455,0.0016862070729835377,0.0024374750670105804,3.458950508642525E-4,0.001171937475276759,0.011924565235457539,0.0016996630510244658,8.848387528652214E-4,0.0015302387293505933,0.003275866784682912,0.03702014806381017,7.264325006070877E-4,5.241668518100996E-4,0.007077142756787617,7.577700889350204E-4,3.991089015531998E-5,7.396242574788846E-4,0.0012955001467305118],[6.855737460813313E-5,8.660817891430222E-5,1.3891251868086666E-4,0.008136081491890894,8.178463564048557E-5,1.877811860329404E-4,0.006362232016426232,6.870164168150733E-5,1.5786857642351772E-4,1.1513526403784029E-4,5.541545313480382E-4,0.0020303471404548015,0.004572511378344695,0.007148041630495483,0.0013641739056423588,1.0,0.001744766975934911,3.8031064159823724E-4,1.995439333242436E-4,1.4323634182912578E-4,8.02955132969819E-4,1.2580171891157408E-4,1.380047478978784E-4,3.203509534630126E-4,7.669392615584201E-4,1.3211742389731762E-4,0.0018875082327750963,5.40170926458114E-4,0.01535802617158211,0.001065705707564909,3.174241435637468E-5,0.025117644698956467,8.610581146271306E-4,2.1208119695503765E-4,0.006122694391148433,1.6484957814017886E-4,4.0478862656327956E-4,0.011186783540122461,0.0015679554974459607,1.341188856195334E-4,1.597986881756649E-4,0.01431145098771408,0.035511678275482746,1.318654303451823E-4,2.474075322539799E-4,8.989152814932645E-4,1.8000110907368409E-4,1.3344194514754542E-4,1.1334215954209945E-4,4.2911001173970807E-4],[0.0018255721964093848,0.002118741347104979,4.0202741711211525E-4,0.008431855035148367,7.190208941326017E-4,0.0020302651432959756,0.008615129968801536,0.001045227945777727,0.001357354079433493,0.0015898751372979592,0.001950812376326374,0.002607108614142828,0.004855591393101774,0.013636944233891396,0.0016456502326225293,0.001744766975934911,1.0,0.002605237482506477,0.002308427030491029,9.488727334578326E-4,0.0025071021612119142,4.026595220540829E-4,0.0018811436126322748,0.0027662803494476022,0.002419494489396134,0.0014077467507944046,0.0021675975876031105,0.0019401971511560849,0.00930225702758733,0.0025794580160061462,0.0019239276017003755,0.009491485752606558,9.844772454840585E-4,0.0024153586006863143,0.005054346323409336,0.0019877345985019703,0.0025327025584817977,0.015174446328853399,0.0023857242372680586,1.2800703733697593E-4,0.0017161888180147963,0.004928756550383647,0.021420366332022624,5.871191539287197E-4,0.002070567040189718,0.004410026390236526,0.0013120861889800244,6.540265096225466E-4,2.1254993825965294E-4,0.002419586608278213],[6.30576557427217E-4,3.970255124013818E-4,0.0019379975539993133,0.017848697108640316,8.082386193952714E-4,5.547972717129595E-4,0.013669198176544073,0.0013174381590562545,5.202216720210964E-4,0.0015919113749424893,0.0022374697862326256,0.0026273314885391064,0.013097353340051633,0.01598311223712786,0.001811581477886962,3.8031064159823724E-4,0.002605237482506477,1.0,0.002696627767069741,9.46100514883295E-4,0.0026198135973106553,4.8806776000501033E-4,0.0014043766247295289,0.0028054637932586027,0.002452922408781593,0.0016383519659430236,0.0023282432619856695,0.0015242628106603901,0.020583574143819935,0.0032033899116678407,2.2243869269939542E-4,0.005476905309722072,0.0025673371476510184,0.0024161339151375916,0.014055330523801543,0.0014215589478022658,9.329548333374458E-4,0.012891068957360419,0.0027123900048977084,4.1887386064124653E-4,0.0022273734304359112,0.011591238387972483,0.039858637401489684,0.0013522638619622718,9.911718224796492E-4,0.00804291603787695,8.968701598685419E-4,0.00158370179599556,3.774432980507102E-4,0.0024550219334093363],[0.0016331190036508031,2.0370729417710094E-4,0.0018588830327796874,0.002621128182452926,8.742001978713528E-4,0.0010925361463046902,0.010572102626507342,4.1825949121493866E-4,0.001682373446602058,0.0015212372272325279,0.0020034715733002932,0.002267887078146031,0.019191283997433126,0.025023386106566833,0.0020695148207214645,1.995439333242436E-4,0.002308427030491029,0.002696627767069741,1.0,2.8642473923365673E-4,0.0018025709002369842,0.001590275735843772,0.0016456274255928396,0.0023938093198530067,0.002118400746065027,2.422062534548157E-4,0.001977500038122254,0.0016417447550665456,0.009806146252807218,0.002772194454261868,8.744224433770541E-4,0.022732432625689088,0.0018541947668745448,0.0019561156492595407,0.022257697574477316,0.0019549328854410884,7.556874861584411E-4,0.00514247983549152,0.0021332109388361607,0.0014300100151063604,0.001562706435998063,0.014758447730171181,0.01134352385616029,0.001491568754179169,0.0015550576341900064,0.0075368058114502956,0.0020558952306929334,0.001994666343962001,0.001884827199885062,0.0015160457859812475],[6.652994166044146E-5,1.4755998070249923E-4,2.220274922484451E-4,0.008278772227892058,1.8505576127014745E-4,2.4682630044280465E-4,0.013153349565093793,4.94994823141229E-5,1.6988788095597868E-4,1.1944240442179918E-4,4.3481676053118423E-4,0.0020422535003652327,0.012750255989210193,0.03385602760713975,0.0014707556982249178,1.4323634182912578E-4,9.488727334578326E-4,9.46100514883295E-4,2.8642473923365673E-4,1.0,5.679316042331748E-4,2.0192734449539008E-4,1.6466468099585708E-4,8.260237407449698E-4,0.001788833224015745,1.671045521857297E-4,0.0018934843626591156,6.401235814178021E-4,0.02526880640058422,0.001036777406508527,1.3674850210765633E-5,0.01560984779701478,7.650096548084868E-4,0.0015045841491580084,0.018797596476886565,2.219464787090699E-4,3.335738767133944E-4,0.007213345467341306,0.0017059923350169763,2.3774590838062377E-4,2.2970900395718794E-4,0.00938857283476518,0.0011266580857785529,1.1098104437124195E-4,2.5759597227611715E-4,0.004831316126393896,2.390130957374961E-4,6.897810495412902E-5,1.3064627552329108E-4,6.221129089992531E-4],[5.88336293677944E-4,8.057496453311489E-4,0.0011832474640062795,0.017068174763237357,5.474715274588883E-4,8.802976448364463E-4,0.008039797290456013,4.245882533105164E-4,4.187941989250313E-4,1.1959330478973148E-4,0.00128343376283761,0.002453649732448838,0.004661504391345212,0.0344078104761689,0.0015093149967192476,8.02955132969819E-4,0.0025071021612119142,0.0026198135973106553,0.0018025709002369842,5.679316042331748E-4,1.0,0.0011676550254409782,2.0475454743404755E-4,0.0025707699545591918,0.0018198630864267973,0.0011371030159238054,0.0014081026106771435,0.0011658389921021617,0.013013566389947146,0.003370729465016421,1.7340903735162266E-4,0.0222573788010865,0.0010790459358122043,0.0019315867003910068,0.013156087885069653,4.1828194433412224E-4,0.0011514754530509417,0.014974080573211862,0.0012905763429592154,8.200371701697419E-4,6.767448541758807E-4,0.015999830534942035,0.011371007975821974,8.51698946558874E-4,9.028541583440367E-4,0.002387246327492167,3.5772105075546935E-4,0.0011537377089711222,4.68030350389252E-4,0.0011373465471049566],[1.1525630831698262E-5,1.2797810716971848E-5,3.598433399847066E-5,0.0073799910049278175,1.1236167560870022E-5,6.38736833199072E-5,0.012841165002236301,1.334152365544008E-5,1.5032717663413965E-4,1.7499906653661263E-5,2.4722010361704066E-4,0.0022706936583984693,0.010862896837691503,0.014998588177715102,0.0014919032204701859,1.2580171891157408E-4,4.026595220540829E-4,4.8806776000501033E-4,0.001590275735843772,2.0192734449539008E-4,0.0011676550254409782,1.0,1.2105760248067796E-5,5.999754739515557E-4,5.129179046836629E-4,6.157448316736478E-5,2.1473832358249575E-4,9.895409655258165E-4,0.004676668203585816,0.003276455765999007,1.2833896988949414E-5,0.003626408258865008,5.939950295737401E-4,4.7323838535129846E-4,4.077765780269309E-5,1.020094753952024E-4,5.414110547557972E-5,0.015741856765542864,0.0011149899301629935,1.2502665787491807E-5,1.5404614306857857E-4,0.007265525830755526,0.009186820295770618,8.476776440217195E-5,2.643762753661182E-4,0.0052893889688288166,3.186176430890795E-5,1.388313324035518E-5,1.5232016092380864E-5,7.518696485238378E-4],[1.2211349750056335E-5,1.3201587535539038E-5,4.915189260491889E-5,0.007107120729533921,1.2100960371766774E-5,2.2245475013017718E-4,0.006144975887417923,1.3662457571563141E-5,1.233998906680283E-4,8.770720940571348E-5,4.204240756486337E-4,8.800667085024875E-5,0.014231294721451274,0.013256330342261487,4.573630067810115E-4,1.380047478978784E-4,0.0018811436126322748,0.0014043766247295289,0.0016456274255928396,1.6466468099585708E-4,2.0475454743404755E-4,1.2105760248067796E-5,1.0,0.002694680591871086,0.0014023595495945265,1.0893849831988365E-4,8.73583462158659E-4,3.0550887329740885E-4,0.03332899185911512,0.0033669219826294896,1.3139838606378639E-5,0.01843543932532258,7.522850911019048E-4,0.0017159376473590293,0.001845177530130046,1.2433962779816229E-5,2.0168558866948407E-4,0.008301096106224945,1.8725098935962816E-4,1.2643579265016643E-5,1.0877269842534254E-4,0.013923435370358636,0.03665892628708803,4.8227654590904746E-5,4.207080235874975E-5,0.010619491158736557,2.1049504065258636E-4,1.2870267303993532E-5,1.349856961837652E-5,8.204607075511996E-4],[0.0026754367360365618,0.0026207032425544247,4.0090377595754906E-4,0.011413461950939877,0.0013367566457070208,0.002827375480445995,0.004069858723544846,0.0017297680536870442,4.86498111258337E-4,0.0023988343323457315,0.0022262085550077745,0.0027655664839403423,0.00610005524381302,0.013690549612080412,0.0019631825655357328,3.203509534630126E-4,0.0027662803494476022,0.0028054637932586027,0.0023938093198530067,8.260237407449698E-4,0.0025707699545591918,5.999754739515557E-4,0.002694680591871086,1.0,0.002538957115194569,5.159790237184573E-4,0.002243615487063805,0.0012185710617582841,0.026319685416015724,0.003371631950828136,2.8895524319269594E-4,0.01123544188071428,0.002076301124404381,0.002876942794788492,0.016762419129944632,0.0016115343147385269,0.0026957676383268835,0.008706619720862795,0.0020926209829137898,0.002844683091704474,0.0012938155607699394,0.005348231304627601,0.03779767772308031,9.680540946655497E-4,0.0019619328289345694,0.004835373577879487,0.0011626225484486158,0.0015880424652078735,0.0022285073567326575,0.0018524428086993238],[9.054927171037876E-4,4.0523425384664637E-4,0.0017970970016733246,0.0031142652518639812,3.116978495427232E-4,0.0016908590596898033,0.008588004100549928,0.0011340743479030893,0.0013654452690216733,0.0013480216305497685,0.0017221214260880122,0.002125102383389298,0.01157835335942208,0.028203950458380648,0.0019986742611813615,7.669392615584201E-4,0.002419494489396134,0.002452922408781593,0.002118400746065027,0.001788833224015745,0.0018198630864267973,5.129179046836629E-4,0.0014023595495945265,0.002538957115194569,1.0,2.963925722819184E-4,0.0019720376254262484,0.0015484475849505326,0.0049663584886482336,0.0022335205086690705,0.0014784800336277392,0.012670372440920575,0.0014120357873753432,0.001980921651071182,0.003890127731966381,0.001190085527324804,0.0015375924243226954,0.006202699700321872,0.0018686930011707428,0.0014375781364487639,5.048106971357109E-4,0.005614600214288901,0.03408298508124914,5.976661813919097E-4,7.971400474839922E-4,0.009071632780344452,0.0017896189509488114,7.016495425295565E-5,7.650410088931167E-4,0.0016899679227035528],[1.1853596349121719E-4,5.6990252532070337E-5,1.3844207249496098E-4,0.008083805578826483,4.2050530699368225E-5,2.1335103250092597E-4,0.011126620861919097,2.2259622225459015E-5,1.480500963210156E-4,1.236053874625727E-4,8.228340211703065E-4,3.879526555209839E-4,0.0018095633532112419,0.004116156946918927,1.3599073799607512E-4,1.3211742389731762E-4,0.0014077467507944046,0.0016383519659430236,2.422062534548157E-4,1.671045521857297E-4,0.0011371030159238054,6.157448316736478E-5,1.0893849831988365E-4,5.159790237184573E-4,2.963925722819184E-4,1.0,2.3831666619700644E-4,0.0010464422002621925,0.016286915917078374,0.0023163344627450885,3.499169188546739E-5,0.02045627010407861,2.2982005103541853E-4,7.28298892280341E-4,0.002360126583968586,1.840478275359584E-4,4.943319420251925E-4,0.013921765661776046,0.0015248217249718755,6.149729216859803E-5,1.6206134307884376E-4,0.008045685525185342,0.013600993427082618,1.1655592201421683E-4,1.552223163558251E-4,0.008262279971830303,1.873173962129219E-4,2.3530219674614267E-5,8.732846789100424E-5,9.857919380893267E-4],[0.0019063557042910723,5.614428354479164E-4,0.0017223879437517783,0.015350425102438432,0.001866470931890627,5.749907238306198E-4,0.014049439793248374,8.629022227037035E-4,0.0019255879852086216,0.00129776873892583,0.0015830186930308435,0.002307109784048214,0.018449361035130018,0.02374391046660697,0.0016918243496800952,0.0018875082327750963,0.0021675975876031105,0.0023282432619856695,0.001977500038122254,0.0018934843626591156,0.0014081026106771435,2.1473832358249575E-4,8.73583462158659E-4,0.002243615487063805,0.0019720376254262484,2.3831666619700644E-4,1.0,0.0013884504348951978,0.019536267775574573,0.0022139459523547646,6.035618026896819E-4,0.007154177784677545,9.637694309761352E-4,0.0019469054787182329,0.008185610089324403,5.255098887523343E-4,5.887281448410072E-4,0.012292976580218577,0.0019328437735862802,9.702047163641168E-4,0.0016177939111121262,0.0028080344735505317,0.021471137592282502,0.001906317280445498,0.0012252940065162338,0.005452616143310181,7.443137894277507E-4,7.848807247571983E-4,7.975140102704266E-4,0.0015731132735456014],[0.00111512227989467,1.6660281233914977E-4,0.0010495673775557449,0.007300802397353825,1.9347428027928953E-4,7.56132638820818E-4,0.004473824444424688,7.347913219596064E-4,7.164963177416075E-4,8.673852817994747E-4,0.0012725058862958374,0.001398352314713944,0.016790871303020368,0.008903223888420683,0.0012960245963269973,5.40170926458114E-4,0.0019401971511560849,0.0015242628106603901,0.0016417447550665456,6.401235814178021E-4,0.0011658389921021617,9.895409655258165E-4,3.0550887329740885E-4,0.0012185710617582841,0.0015484475849505326,0.0010464422002621925,0.0013884504348951978,1.0,0.01124034668119954,0.0024203236274291575,5.691774233857786E-4,0.022209444445925763,0.0010818608770873928,0.0011266859693842871,0.017963598280445105,0.00109619827429827,0.0010684226362476866,0.014586682604641228,0.0015353861341964434,8.433190196545197E-4,6.915427945798399E-4,0.01561482599283128,0.03210048228242928,1.4469206198725883E-4,0.0010449006665929157,0.006629547174533157,7.221438684479709E-4,1.869412888163529E-4,8.967345686476752E-4,0.0011231404387419958],[0.004261207173675109,2.210859653278047E-4,0.008634696104197603,0.030788541085031644,0.019422395406504412,0.03073005153160495,0.030694954391820947,0.0322192949034995,0.003709723607671728,0.025144510615883846,0.02041781883183747,0.030888400062926986,0.022537885694324796,0.0349520542108651,0.009858728228868257,0.01535802617158211,0.00930225702758733,0.020583574143819935,0.009806146252807218,0.02526880640058422,0.013013566389947146,0.004676668203585816,0.03332899185911512,0.026319685416015724,0.0049663584886482336,0.016286915917078374,0.019536267775574573,0.01124034668119954,1.0,0.013086967184148488,0.004955376351082906,0.03396195116480821,0.024301283323137017,0.019452801640771216,0.029484830044554922,0.03414429912935867,0.025013462288874803,0.029261789416191897,0.025729464540538757,0.03297128994011278,0.031327500574657156,0.026926683713894672,0.035016763482412575,0.009211265644705023,0.01266229247256447,0.01932799454253277,0.03383796315085958,0.013664808659756372,0.00620975349348834,0.018810324561142948],[0.0025665985622959357,0.0018590696282319529,0.00352637043584431,0.003719332819403481,0.00113058821471731,0.001956682840093751,0.009655523552695541,0.0017975679214380655,0.002970258542647292,3.588571474099959E-4,0.0017128991975368392,0.003120724441343718,0.003722680896958962,0.019698710194068762,0.003425988420472373,0.001065705707564909,0.0025794580160061462,0.0032033899116678407,0.002772194454261868,0.001036777406508527,0.003370729465016421,0.003276455765999007,0.0033669219826294896,0.003371631950828136,0.0022335205086690705,0.0023163344627450885,0.0022139459523547646,0.0024203236274291575,0.013086967184148488,1.0,0.00220143506873368,0.010112718227022225,0.0029091770684677738,0.0020234118982325427,0.012719020931038874,7.906509923510833E-4,0.002154817329215198,0.006611330173741539,0.0028825585559557492,0.0018531458417941707,0.0016004741063390235,0.019136777235174658,0.025105774773166993,0.0016694637186279884,6.17597257810795E-4,0.006638776146201355,0.003253624792250422,0.0029755137275170097,3.000652692307352E-4,0.003064913094629166],[1.1220487087204166E-5,1.3847504581786616E-5,3.8609959302025995E-5,0.017157066727013972,1.3118791977884815E-5,2.99005928128847E-5,0.01266288162519211,1.315794237869002E-5,8.480828581510939E-5,4.155358957311761E-5,8.389554805255934E-4,0.0017521928930181732,0.010921374240028998,0.006027189070019136,0.0014765307878377547,3.174241435637468E-5,0.0019239276017003755,2.2243869269939542E-4,8.744224433770541E-4,1.3674850210765633E-5,1.7340903735162266E-4,1.2833896988949414E-5,1.3139838606378639E-5,2.8895524319269594E-4,0.0014784800336277392,3.499169188546739E-5,6.035618026896819E-4,5.691774233857786E-4,0.004955376351082906,0.00220143506873368,1.0,0.006807392233297361,6.284890512240625E-4,0.0011195142316236173,0.005168056989110811,1.7569662497543696E-5,9.55326335136973E-5,0.01506939330233971,4.042899798125064E-4,1.312189464959153E-5,6.960987637567601E-5,0.018881696010703886,0.016539613129535374,7.085948320752737E-5,1.5057538282296624E-4,0.0030326276213218165,1.8013952196744632E-4,1.3489738588038022E-5,1.3288662193002445E-5,9.965513143484987E-4],[0.013708070701312539,0.023676830830567815,0.015227710789514407,0.025317386814835228,0.020634098820013238,0.006431495912261631,0.015865135628754537,0.014321678908627655,0.008468174399182217,0.006485499542472751,0.02596323947492534,0.008550800915569898,0.02495169666383655,0.027672129847309886,0.019658114311839177,0.025117644698956467,0.009491485752606558,0.005476905309722072,0.022732432625689088,0.01560984779701478,0.0222573788010865,0.003626408258865008,0.01843543932532258,0.01123544188071428,0.012670372440920575,0.02045627010407861,0.007154177784677545,0.022209444445925763,0.03396195116480821,0.010112718227022225,0.006807392233297361,1.0,0.024799772927811426,0.0030970134592193848,0.024016557844059393,0.021722532244918675,0.0013717582154901859,0.02343595724699074,0.02098198238920833,0.0013976888348746915,0.011566468877345925,0.0201409057483665,0.029696560988354572,0.013597262063414895,0.026012700079114125,0.014039272361675618,0.008887337640766662,0.004352364694691952,0.010296874881704426,0.013179210382490038],[7.653120492507987E-4,6.824046513019137E-4,3.7707384396543206E-4,0.0015620754183997099,3.02565301749292E-4,6.173504987436712E-4,0.006034629780526229,5.275473857960899E-4,5.78464001584579E-4,8.720438714635215E-4,0.0013919354324321471,0.0018072865791108079,0.011905642209447028,0.01021320826260385,0.0010932763697292455,8.610581146271306E-4,9.844772454840585E-4,0.0025673371476510184,0.0018541947668745448,7.650096548084868E-4,0.0010790459358122043,5.939950295737401E-4,7.522850911019048E-4,0.002076301124404381,0.0014120357873753432,2.2982005103541853E-4,9.637694309761352E-4,0.0010818608770873928,0.024301283323137017,0.0029091770684677738,6.284890512240625E-4,0.024799772927811426,1.0,0.0015460627062589636,0.010433915381454521,7.046335869629875E-4,5.855330441453517E-4,0.014671558857437738,0.0016655905259721892,5.049927467365543E-4,4.4431605919890006E-4,0.011903504497634207,0.03795526887177053,2.7879482183746523E-4,4.3536261869708414E-4,0.008278804212567393,3.2463824613518155E-4,5.875648771907863E-4,1.7696935140411617E-4,0.0010053408783694524],[8.558384313386934E-4,9.25965605126926E-5,5.237337965214465E-4,0.011723453900646759,0.001415245813680103,6.968006252348708E-4,0.013102566920562619,0.0014916854204388447,5.475535534854382E-4,0.0017648315932988817,0.0019234472751632201,0.0025090359952996497,0.01872280699371929,0.004689945607489505,0.0016862070729835377,2.1208119695503765E-4,0.0024153586006863143,0.0024161339151375916,0.0019561156492595407,0.0015045841491580084,0.0019315867003910068,4.7323838535129846E-4,0.0017159376473590293,0.002876942794788492,0.001980921651071182,7.28298892280341E-4,0.0019469054787182329,0.0011266859693842871,0.019452801640771216,0.0020234118982325427,0.0011195142316236173,0.0030970134592193848,0.0015460627062589636,1.0,0.017170905217424256,0.0017420328459361535,0.0018740704817486356,0.013188630301751878,0.0018697770465486278,9.833423554414858E-4,3.2153742447112773E-4,0.004132958384449751,0.02341949685455119,7.739259852114434E-4,0.001295983006541463,0.003145188686702157,0.0014535399949868284,0.0015994250258707752,0.0018554604532949632,0.0016351630244910904],[0.004252580495215707,0.022440850414380303,0.011100779075997535,0.022856735357836527,0.008571567596586125,0.021385360822772502,0.017856603073097183,0.01059087192667582,0.019372198276280613,0.01960433965352553,0.01322871142068659,0.006570299211055788,0.02263377774970826,0.025119305027446488,0.0024374750670105804,0.006122694391148433,0.005054346323409336,0.014055330523801543,0.022257697574477316,0.018797596476886565,0.013156087885069653,4.077765780269309E-5,0.001845177530130046,0.016762419129944632,0.003890127731966381,0.002360126583968586,0.008185610089324403,0.017963598280445105,0.029484830044554922,0.012719020931038874,0.005168056989110811,0.024016557844059393,0.010433915381454521,0.017170905217424256,1.0,0.022449660458941575,0.02034056962763468,0.023682416053689148,0.007179278450186473,0.00369557131922931,0.012987849947280304,0.02059185735871088,0.028873148782167596,0.0020636863693488604,0.012829281110574514,0.019089425110834092,0.013675134473511368,0.020985349023781612,0.004916087579512303,0.009821648441823526],[1.764267587191319E-5,1.5530211246221119E-4,1.7601387950424763E-4,0.010267991878637963,3.246518509840198E-5,2.023513632845473E-4,0.013835254357940807,7.821367920816427E-5,1.8277956002250937E-4,1.1808342645134177E-4,5.707388117143631E-4,0.0015044932798845684,0.017298751070767046,0.02977921779309019,3.458950508642525E-4,1.6484957814017886E-4,0.0019877345985019703,0.0014215589478022658,0.0019549328854410884,2.219464787090699E-4,4.1828194433412224E-4,1.020094753952024E-4,1.2433962779816229E-5,0.0016115343147385269,0.001190085527324804,1.840478275359584E-4,5.255098887523343E-4,0.00109619827429827,0.03414429912935867,7.906509923510833E-4,1.7569662497543696E-5,0.021722532244918675,7.046335869629875E-4,0.0017420328459361535,0.022449660458941575,1.0,5.169657859337337E-4,2.0603548710993315E-4,0.0011134756814496632,1.3496110887026917E-4,1.8862202013260906E-4,0.01786957051308493,0.03852065378639459,1.8298492915912764E-4,2.518415877496629E-4,0.006074091528925719,1.95104188213521E-4,8.193088551496978E-5,4.2632420505854944E-5,9.419535589707361E-4],[1.9982857578655405E-4,3.7970822653539513E-4,3.409216412403874E-4,0.01977783839235127,6.867699491425464E-5,3.837191532479199E-4,8.889697488701459E-4,9.84615897789406E-5,2.0629773783026643E-4,4.425577292590464E-4,0.0010795558275872358,0.0019146548207856385,0.01765761671204981,0.019966371027759763,0.001171937475276759,4.0478862656327956E-4,0.0025327025584817977,9.329548333374458E-4,7.556874861584411E-4,3.335738767133944E-4,0.0011514754530509417,5.414110547557972E-5,2.0168558866948407E-4,0.0026957676383268835,0.0015375924243226954,4.943319420251925E-4,5.887281448410072E-4,0.0010684226362476866,0.025013462288874803,0.002154817329215198,9.55326335136973E-5,0.0013717582154901859,5.855330441453517E-4,0.0018740704817486356,0.02034056962763468,5.169657859337337E-4,1.0,0.002309842997288916,0.001479390276232553,3.272486559190119E-5,2.792558453521728E-4,0.019251447252791848,0.03536834132468242,1.5649261576472208E-4,3.755912749044073E-4,0.0037927896884952066,2.2547137212808964E-4,5.074719938005136E-4,4.0256855217258984E-4,9.442697204876717E-4],[0.00776180384706573,0.0022669836561621734,0.014856988080383072,0.02124363725373833,9.797464535738045E-4,0.002961201426446672,0.014820018126665004,0.004939307012953813,0.0056405747839069825,0.0069736339547860045,0.006513845279684807,0.0031431665184410503,0.01883527174507947,0.028732975162988297,0.011924565235457539,0.011186783540122461,0.015174446328853399,0.012891068957360419,0.00514247983549152,0.007213345467341306,0.014974080573211862,0.015741856765542864,0.008301096106224945,0.008706619720862795,0.006202699700321872,0.013921765661776046,0.012292976580218577,0.014586682604641228,0.029261789416191897,0.006611330173741539,0.01506939330233971,0.02343595724699074,0.014671558857437738,0.013188630301751878,0.023682416053689148,2.0603548710993315E-4,0.002309842997288916,1.0,0.002846316755315448,0.015490006929178202,0.012516360566289022,0.018789407725573044,0.035484431514030156,0.013160232643127469,0.014472238721150546,0.015187315621955893,0.010180724414020547,0.012043997631694382,0.014851566793392987,0.014658879172728264],[9.101581885416966E-5,0.0013482707875881565,9.67660903994087E-4,0.0030295311355685757,3.361595560221615E-4,0.0013330649411492847,0.012357894553596269,0.0014110145299966433,0.001756818737130584,9.606127447581165E-4,0.0016