[[1.0,0.007985327350236994,6.936001905863857E-4,0.006878926917001251,0.008138600426897675,0.008016192215030934,0.002622440368971322,0.002157313334343848,8.588808879032429E-4,0.00936332232099531,0.004441698919393766,0.00898430222001768,0.0073534137998190465,0.0013832711332248337,0.003131695704967243,0.03296739295017206,0.007500616312878254,0.006196326202230002,0.012623201101083238,0.007614058344885031,0.0027515682626811713,0.002184217120173467,0.004615580177177189,0.009598228144441088,0.004881097207767268,0.004225500413416158,0.010118384806005224,0.005819218659569389,9.560885392615108E-4,0.009810538404499063,0.00438222797801168,0.021683266432492316,0.0024944796064114956,0.007859396305810631,0.009949509473486252,0.02393204514338383,0.002546112829121299,0.008946792358545213,0.004933365390080589,4.597906469760896E-4,0.004275133098612341],[0.007985327350236994,1.0,3.9091772304443337E-4,9.431444120640566E-5,3.935904793855712E-4,1.7445929137960023E-4,1.2777590079098819E-5,4.86300634724786E-5,1.9250214916051867E-5,1.680273731705197E-5,6.772712916071466E-5,3.082443858448947E-4,0.0036404640608155327,5.6683401895119715E-5,1.4507182307841367E-4,0.0034800091723968057,1.637849324677224E-4,5.4622326641249245E-5,0.0020961649044955043,6.43855264708066E-5,3.0245780835263173E-5,1.98294350385973E-5,1.2984976179706198E-4,0.0012687085346847953,9.26187527875142E-5,3.411775952220431E-5,1.822523727232731E-5,7.547904367863933E-5,2.2645170699476917E-5,9.235292334314405E-5,3.2720386667878183E-4,0.00921102646806141,1.2974915153938845E-4,0.0016603577897160967,1.7225808088169905E-5,0.010270851793387768,1.0920566736800737E-4,3.443258690317266E-4,1.6079657508279346E-5,2.496136179403285E-5,1.0831016329232318E-4],[6.936001905863857E-4,3.9091772304443337E-4,1.0,4.613645026605429E-4,5.648977298199804E-4,0.001142245937736716,2.173310809043455E-4,1.7812137785549735E-4,2.278577900184733E-5,4.6887084099761066E-4,0.0016370189699131746,0.0015858035403626654,0.0017068850606264136,4.936964886540383E-4,2.5479310331349205E-4,0.007452427373631887,5.22759136778583E-4,3.516723268652513E-4,0.013440901815785224,5.639872079122285E-4,4.6212706061249105E-4,2.1363035045284228E-4,4.1888758648308633E-4,0.0014595581077451033,4.8056519050725176E-4,4.8024915894928605E-4,2.620431656253289E-4,4.698021501357232E-4,3.900200876892294E-4,4.3639195122209627E-4,5.672230670715122E-4,0.0032807323492471084,3.227691328607921E-4,7.753742938901046E-4,3.577382820230296E-4,0.004191819216079101,3.7933514795917916E-4,0.0022415583450669024,1.2114855991664431E-4,5.638003876687959E-4,7.088787932849901E-4],[0.006878926917001251,9.431444120640566E-5,4.613645026605429E-4,1.0,3.201293453880642E-4,0.0014465838691330205,9.426831214275264E-5,2.1588601959963624E-4,5.2737522835177706E-5,6.798984139723348E-5,5.442918063608857E-4,0.0010743163431147257,0.002807122151569118,2.137124169392843E-4,1.8878729240174742E-4,0.03701486237805007,1.964539270315305E-4,1.555254218902795E-4,0.008772863651988597,2.139889706175543E-4,1.6024768612221034E-4,2.1997134624836715E-4,2.018102627985167E-4,0.0011127781636834733,1.7780969473968626E-4,4.561806700226209E-5,8.099622410392194E-5,4.2796824687308234E-4,2.3475043197241307E-4,3.1381755464560357E-4,2.810309014618145E-4,0.025431545520920418,1.7348881365686407E-4,0.0013993201103763577,1.1091688639532526E-4,0.007432556180061092,1.9456543315871135E-4,0.0016226541363766256,6.904404446758281E-5,8.155425956847556E-5,4.3235909405837133E-4],[0.008138600426897675,3.935904793855712E-4,5.648977298199804E-4,3.201293453880642E-4,1.0,0.0012192159418851697,2.629261412438053E-4,2.9044402376481135E-4,1.60829770678071E-4,4.427302166088734E-4,0.0033868781108652925,0.0014036484274597724,0.0011699094855039066,5.556422781882103E-4,4.0433474610287047E-4,0.022047672226100545,3.091104077449517E-4,2.7454504841185206E-4,6.715254468648135E-4,1.9904540796419947E-4,2.795277488150936E-4,4.9477688888766494E-5,3.86506403127783E-4,6.425417738431092E-4,2.4259124237162465E-4,4.568069679035089E-5,3.762206969717303E-4,4.980744635368522E-4,2.5507331725316864E-4,4.961176189400627E-4,5.660776291631482E-4,0.03164036318302967,4.8669262239323227E-4,0.0012130780863832994,5.36840046351945E-4,0.022642984577688877,3.9798456012957065E-4,0.001667301019474521,2.983457567447086E-4,5.373721580349545E-4,6.492831457309575E-4],[0.008016192215030934,1.7445929137960023E-4,0.001142245937736716,0.0014465838691330205,0.0012192159418851697,1.0,0.0012204501857966269,0.001448140888000224,4.072390004428062E-4,0.0011751604013062569,0.0018327222894149627,0.0016625155685728462,0.003336736083239352,0.0011320383034966615,3.3777266076895525E-4,0.009607959282309867,4.072673932883606E-4,6.618124831530382E-4,0.013463146394886352,5.573408006011896E-4,7.324880046791492E-4,7.823679536246906E-4,5.105123131145848E-4,0.0016761673703675946,3.307837737170821E-4,1.501753059966042E-4,4.19769980271791E-4,7.763264308181225E-4,0.0014184410293309065,0.0010840085568089566,7.770720101442703E-4,0.021707137487032808,5.361135672589013E-4,0.001565043736455553,0.0014170987935125787,0.02295828429536307,8.178284205537465E-4,0.002043898197041745,8.437765846644789E-4,0.0012959424791376478,0.0012660326071555871],[0.002622440368971322,1.2777590079098819E-5,2.173310809043455E-4,9.426831214275264E-5,2.629261412438053E-4,0.0012204501857966269,1.0,6.059682514558838E-5,1.1740096603765361E-5,1.0257716472295179E-5,0.001510438527854911,9.085103538761455E-4,6.635589285572489E-4,7.528384601581775E-5,1.1661476648506763E-4,0.0010168602845059727,1.2802816217397507E-4,6.104405722795754E-5,0.006551504011757937,1.4205694078874112E-4,3.7265581225998866E-5,1.5358448131465744E-5,1.2820371464039048E-4,5.508916598266854E-5,9.415621148840381E-5,1.1337591215064174E-5,1.1443139906901724E-5,2.8136420280559923E-4,3.450758231705822E-5,3.635369845537879E-5,2.6691576505450174E-4,0.005953333222679857,1.4500365984438109E-5,9.6635526298691E-4,1.224912553629932E-5,0.018528586414046675,1.1776221324609007E-4,9.282122624325377E-4,1.0686602203996846E-5,1.4705546669181557E-5,1.432021427543933E-4],[0.002157313334343848,4.86300634724786E-5,1.7812137785549735E-4,2.1588601959963624E-4,2.9044402376481135E-4,0.001448140888000224,6.059682514558838E-5,1.0,4.560893997838739E-5,2.293155198360455E-5,7.968342733689106E-4,3.8694269388793657E-4,0.003750394723947568,1.0280997332108196E-4,1.0322503619147064E-4,0.036430241487653225,1.5869131048257303E-4,1.0859227736206743E-4,0.009235203557148781,1.4474300438081924E-4,1.0029471118977234E-4,9.305103079097448E-5,1.1902532929047388E-4,8.918063038500079E-4,1.0309153371426828E-4,8.748466808537094E-5,8.162053441426732E-5,3.5151653099704713E-4,2.160630278105202E-4,1.1241847998049392E-4,1.7825004266790162E-4,0.019894843130885773,1.385939179888606E-4,9.574690908128007E-4,7.177074480129015E-5,0.011590694449172606,1.1176349568934007E-4,0.00183890740370896,6.676457376335906E-5,7.477996707176904E-5,5.595919626901461E-4],[8.588808879032429E-4,1.9250214916051867E-5,2.278577900184733E-5,5.2737522835177706E-5,1.60829770678071E-4,4.072390004428062E-4,1.1740096603765361E-5,4.560893997838739E-5,1.0,1.2886798938275727E-5,0.0013491999740589031,0.0014557011136759163,0.001284899284683939,9.446472479358825E-5,1.1195183568643716E-4,0.02749203061700333,1.3614176265617568E-4,2.3222210662487247E-5,0.0012927048272505497,1.2801168671155725E-4,1.9524797715412503E-5,1.5485211869408067E-5,7.84974335764236E-5,0.0014353772920668033,2.9305435207739297E-5,1.4725399973974292E-5,1.3929997387126694E-5,2.1308730724406742E-4,2.227327514803958E-4,1.5818301914659688E-4,4.0905648437870537E-4,0.02373900876291241,3.3958820074874886E-5,0.0016433625472820608,1.3459781523439887E-5,0.014379973529806448,9.565619032421362E-5,0.002340867269973074,1.243208051013045E-5,2.5091670970141912E-5,6.90674794896765E-4],[0.00936332232099531,1.680273731705197E-5,4.6887084099761066E-4,6.798984139723348E-5,4.427302166088734E-4,0.0011751604013062569,1.0257716472295179E-5,2.293155198360455E-5,1.2886798938275727E-5,1.0,0.0023903178344334922,5.762423451758412E-4,1.1700561677838873E-5,8.751261229154255E-5,8.291132476732698E-5,0.009789418995361282,3.872180878001979E-5,4.107767003829945E-5,0.011299923696284096,8.815413533965235E-5,2.958611090999941E-5,1.703110290888336E-5,1.2429708505221938E-4,7.834734064042726E-4,6.848598170613109E-5,2.7813524795208944E-5,1.1430291607468584E-5,6.774903733473347E-5,2.5948039222265894E-5,9.399811820595814E-5,2.3035998353830928E-4,0.03620049396552373,2.784492327557855E-5,2.115258998830925E-4,1.293874524157921E-5,0.001551132381252151,1.6419284784609074E-4,3.8593453150383025E-4,1.1052043053621698E-5,2.5389796866365825E-5,5.318724870295453E-5],[0.004441698919393766,6.772712916071466E-5,0.0016370189699131746,5.442918063608857E-4,0.0033868781108652925,0.0018327222894149627,0.001510438527854911,7.968342733689106E-4,0.0013491999740589031,0.0023903178344334922,1.0,0.001919736695794406,0.004009871978189345,0.00226073307025177,0.0035195940204079514,0.030144312953056203,2.0135633701242285E-4,0.0026713723618539374,0.00929322655713165,0.00202846829693877,0.002494522938994679,0.0027902878746755622,0.001847720382188558,0.0018682998375629096,0.0011784579523689113,0.002372676795225639,0.003530603623978549,0.002125590614866036,0.0023615109376588757,4.5602606026460657E-4,0.0011969533700357704,0.026808112018394704,0.001949449728171527,0.0027728046820079035,0.0020910423101071916,0.004205498443033782,0.0011286494758527285,0.0024315094915127685,0.0015082847543546184,0.0036442938973896785,0.002371985653470434],[0.00898430222001768,3.082443858448947E-4,0.0015858035403626654,0.0010743163431147257,0.0014036484274597724,0.0016625155685728462,9.085103538761455E-4,3.8694269388793657E-4,0.0014557011136759163,5.762423451758412E-4,0.001919736695794406,1.0,0.0034129942874750983,0.0011072852694341134,2.498581743355638E-4,0.004618526380256217,5.72011735666894E-4,4.663902678381681E-4,0.0072186845686083604,8.506294889236418E-4,0.0013856925228118268,7.413122437872877E-4,0.0012826761382211734,0.0016920451008155329,7.214649530365013E-4,5.829716225196985E-4,2.988187213136468E-4,0.0014270540761442043,4.2175270865490896E-4,8.990205062721116E-4,7.899487720216493E-4,0.016220477372235597,2.7403687785321554E-4,0.001664936648440832,2.3879266057738886E-4,0.01097016583272038,0.0012158946303151674,0.0019078096398019216,0.0010799765885618061,0.0014789441130968056,0.001238158719038238],[0.0073534137998190465,0.0036404640608155327,0.0017068850606264136,0.002807122151569118,0.0011699094855039066,0.003336736083239352,6.635589285572489E-4,0.003750394723947568,0.001284899284683939,1.1700561677838873E-5,0.004009871978189345,0.0034129942874750983,1.0,4.8198198474725415E-4,0.0023044050043378892,0.005263720345541302,0.004156219409371008,0.003123094211111361,0.00551564819191726,0.0012255163080237385,0.0019816731242282767,0.003479926153279533,0.0018544219533012853,0.003139371815787033,0.002348260907566814,8.119322606270095E-4,0.0037180139232556946,0.002277811494768594,0.0016430005915334992,0.0012729267260315985,0.0016329675550746175,0.016305447118072646,0.0030221601592222242,0.0038169812624426003,4.500379932443248E-4,0.004641355397292304,0.001819150491674401,0.0027948597831255143,0.0025900109610046793,0.004102832361830709,0.003671485246622089],[0.0013832711332248337,5.6683401895119715E-5,4.936964886540383E-4,2.137124169392843E-4,5.556422781882103E-4,0.0011320383034966615,7.528384601581775E-5,1.0280997332108196E-4,9.446472479358825E-5,8.751261229154255E-5,0.00226073307025177,0.0011072852694341134,4.8198198474725415E-4,1.0,1.4072766746196878E-4,0.03132364190111877,1.6614941703443122E-4,1.0967136316968072E-4,0.00165259181866435,1.571708068750175E-4,1.0785150394217822E-4,5.264709442700777E-5,1.4124793694369938E-4,3.342238981845157E-4,1.1664988901708219E-4,5.385665863821857E-5,2.0377117590192397E-5,1.729948021581851E-4,2.3602029434693718E-4,1.7523091279958528E-4,4.581548293110694E-4,0.032269546385447365,1.2969342747697307E-4,0.0010347650256088987,5.119909413651566E-5,0.006021849866866259,1.1268250787432187E-4,0.001862518335453049,4.1460027665242573E-5,4.924531874628151E-5,6.88921964069719E-4],[0.003131695704967243,1.4507182307841367E-4,2.5479310331349205E-4,1.8878729240174742E-4,4.0433474610287047E-4,3.3777266076895525E-4,1.1661476648506763E-4,1.0322503619147064E-4,1.1195183568643716E-4,8.291132476732698E-5,0.0035195940204079514,2.498581743355638E-4,0.0023044050043378892,1.4072766746196878E-4,1.0,0.02534731816179029,1.661240366877309E-4,1.4291623980480862E-4,0.010504725242914377,1.6955371421078952E-4,1.2526971928941046E-4,1.4620135459228985E-4,1.4774960296096756E-4,0.001025202909510434,1.32679188853548E-4,5.3258658528259454E-5,1.1971787964639867E-4,4.257872339959276E-4,2.1216634585785891E-4,2.3190610690599554E-4,4.3057242111259255E-4,0.008298877798651565,1.4399519953591517E-4,6.7811727062225E-4,1.1930837777443053E-4,0.023068429757045265,1.7322737160242025E-4,8.479870955351484E-4,1.414757225780908E-4,4.859812448002764E-5,3.231676165268282E-4],[0.03296739295017206,0.0034800091723968057,0.007452427373631887,0.03701486237805007,0.022047672226100545,0.009607959282309867,0.0010168602845059727,0.036430241487653225,0.02749203061700333,0.009789418995361282,0.030144312953056203,0.004618526380256217,0.005263720345541302,0.03132364190111877,0.02534731816179029,1.0,0.037107748191657734,0.03168512301342087,0.032427296285624616,0.009335505845246606,0.03484681373287853,0.021667768621105723,0.02280628410251408,0.027391719180590537,0.009924580128309251,0.027276394640556267,0.026711869288504435,0.03485801161721395,0.005399278157367915,0.03255188240166138,0.011193038277753715,0.038461538461538464,0.011860147934725332,0.03416808121836847,0.02892388863632157,0.03210550900776331,0.030870137110998036,0.016526548736076823,0.009990717347298447,0.0025089029074717426,0.03112537480601817],[0.007500616312878254,1.637849324677224E-4,5.22759136778583E-4,1.964539270315305E-4,3.091104077449517E-4,4.072673932883606E-4,1.2802816217397507E-4,1.5869131048257303E-4,1.3614176265617568E-4,3.872180878001979E-5,2.0135633701242285E-4,5.72011735666894E-4,0.004156219409371008,1.6614941703443122E-4,1.661240366877309E-4,0.037107748191657734,1.0,1.4313866671036393E-4,0.007102862421774357,1.7025436484192964E-4,1.6662703010152975E-4,1.3622501553896946E-4,1.6304616627782077E-4,0.0011363842385428023,1.4729507925784733E-4,8.689077933518753E-5,1.1639633945802671E-4,3.8653602666984324E-4,2.3451653652211823E-4,1.8423186101761927E-4,5.492151601956143E-4,0.033012964205207294,1.6695979421246283E-4,3.3908070152224195E-4,5.3213942803780474E-5,0.009179848327646255,1.7287669561887725E-4,0.002085131326222991,1.0796602818474721E-4,9.739829805637412E-5,2.682628230628323E-4],[0.006196326202230002,5.4622326641249245E-5,3.516723268652513E-4,1.555254218902795E-4,2.7454504841185206E-4,6.618124831530382E-4,6.104405722795754E-5,1.0859227736206743E-4,2.3222210662487247E-5,4.107767003829945E-5,0.0026713723618539374,4.663902678381681E-4,0.003123094211111361,1.0967136316968072E-4,1.4291623980480862E-4,0.03168512301342087,1.4313866671036393E-4,1.0,0.0070254893157289874,1.5630539261401945E-4,1.0733893237232458E-4,6.926857240325067E-5,1.3424136205443743E-4,9.629301525039669E-4,1.1802106422831009E-4,5.5545125035245E-5,2.151115327117176E-5,4.178175706063146E-4,1.158456221982222E-4,1.892892360674194E-4,3.213206894764043E-4,0.016024981258393686,1.1578904503978119E-4,8.808713808912673E-4,4.1920862322441634E-5,0.0220353315228,1.2771696999369986E-4,0.0018478691549994365,9.098028394094392E-5,7.672272196057225E-5,4.433901849223527E-4],[0.012623201101083238,0.0020961649044955043,0.013440901815785224,0.008772863651988597,6.715254468648135E-4,0.013463146394886352,0.006551504011757937,0.009235203557148781,0.0012927048272505497,0.011299923696284096,0.00929322655713165,0.0072186845686083604,0.00551564819191726,0.00165259181866435,0.010504725242914377,0.032427296285624616,0.007102862421774357,0.0070254893157289874,1.0,0.0029191417549984246,0.012432656455966255,8.797960386832095E-4,0.012071803596438458,0.007953124349343333,0.01056594312738572,0.005151508521519512,0.012470680645545,0.0013033170591181973,0.008366567452472579,0.006240462243676062,0.003894890393417172,0.03633453256852104,0.007995246956744006,0.008563934510883867,0.01205173727444222,0.02378322493983356,0.004267513880272407,0.013100486248100906,0.009408619603500066,8.861959678710028E-4,0.011908129888353769],[0.007614058344885031,6.43855264708066E-5,5.639872079122285E-4,2.139889706175543E-4,1.9904540796419947E-4,5.573408006011896E-4,1.4205694078874112E-4,1.4474300438081924E-4,1.2801168671155725E-4,8.815413533965235E-5,0.00202846829693877,8.506294889236418E-4,0.0012255163080237385,1.571708068750175E-4,1.6955371421078952E-4,0.009335505845246606,1.7025436484192964E-4,1.5630539261401945E-4,0.0029191417549984246,1.0,1.5645598690095113E-4,1.3299218057189044E-4,1.5895642225226796E-4,9.297929815200261E-4,1.458350975810803E-4,1.4904388366574E-4,1.1165963467767829E-4,2.7762730333592383E-4,2.2017022867260353E-4,1.8590491573664518E-4,5.341571309063012E-4,0.0063314366316722,1.5012535223246417E-4,1.8889551942283337E-4,5.199442175124527E-5,0.008933655551899122,1.698692549709559E-4,2.2241663839452972E-4,2.9433793966067182E-5,5.997809986693028E-5,3.0230155366926727E-4],[0.0027515682626811713,3.0245780835263173E-5,4.6212706061249105E-4,1.6024768612221034E-4,2.795277488150936E-4,7.324880046791492E-4,3.7265581225998866E-5,1.0029471118977234E-4,1.9524797715412503E-5,2.958611090999941E-5,0.002494522938994679,0.0013856925228118268,0.0019816731242282767,1.0785150394217822E-4,1.2526971928941046E-4,0.03484681373287853,1.6662703010152975E-4,1.0733893237232458E-4,0.012432656455966255,1.5645598690095113E-4,1.0,2.6117432668151812E-5,1.1535587101398119E-4,9.096828686639383E-4,1.0228234896171398E-4,8.019981172146341E-5,5.992139955092136E-5,2.398841621064264E-4,1.8001937179980905E-4,3.0652772794640207E-4,5.024222266542522E-4,0.037772612069967945,1.3781643270431235E-4,0.00140569011423032,7.006476159317007E-5,0.021154058400850145,1.7990178482319162E-4,4.181584118951912E-4,6.430820147728877E-5,8.846218687325715E-5,5.508150602024898E-4],[0.002184217120173467,1.98294350385973E-5,2.1363035045284228E-4,2.1997134624836715E-4,4.9477688888766494E-5,7.823679536246906E-4,1.5358448131465744E-5,9.305103079097448E-5,1.5485211869408067E-5,1.703110290888336E-5,0.0027902878746755622,7.413122437872877E-4,0.003479926153279533,5.264709442700777E-5,1.4620135459228985E-4,0.021667768621105723,1.3622501553896946E-4,6.926857240325067E-5,8.797960386832095E-4,1.3299218057189044E-4,2.6117432668151812E-5,1.0,8.393573104636783E-5,5.802354544261036E-4,9.537512374604995E-5,3.103901834106511E-5,1.956286265938915E-5,2.4896213889611345E-4,1.160308575865025E-4,1.9407838040222232E-4,4.8492967075521785E-4,0.03818338454879748,6.354929432509846E-5,0.0014773517209217561,1.9194593680188512E-5,0.014221766988569574,2.3416636250052424E-5,5.981623590526391E-4,1.2213848250125536E-5,2.4946186558049877E-5,5.902463681697402E-4],[0.004615580177177189,1.2984976179706198E-4,4.1888758648308633E-4,2.018102627985167E-4,3.86506403127783E-4,5.105123131145848E-4,1.2820371464039048E-4,1.1902532929047388E-4,7.84974335764236E-5,1.2429708505221938E-4,0.001847720382188558,0.0012826761382211734,0.0018544219533012853,1.4124793694369938E-4,1.4774960296096756E-4,0.02280628410251408,1.6304616627782077E-4,1.3424136205443743E-4,0.012071803596438458,1.5895642225226796E-4,1.1535587101398119E-4,8.393573104636783E-5,1.0,9.145781659427426E-4,1.4274322187651773E-4,4.687628492954888E-5,1.1204188514803483E-4,4.0396480302955934E-4,1.5087409257849384E-4,2.805669196472249E-4,2.339010841845992E-4,0.02645535705930631,1.4673865947997027E-4,7.780756648433684E-4,4.1189455424831665E-5,0.021567225097067575,1.5081426112422005E-4,2.8409942332162017E-4,2.7673004825171137E-5,1.2247659185971117E-4,4.803915489612489E-4],[0.009598228144441088,0.0012687085346847953,0.0014595581077451033,0.0011127781636834733,6.425417738431092E-4,0.0016761673703675946,5.508916598266854E-5,8.918063038500079E-4,0.0014353772920668033,7.834734064042726E-4,0.0018682998375629096,0.0016920451008155329,0.003139371815787033,3.342238981845157E-4,0.001025202909510434,0.027391719180590537,0.0011363842385428023,9.629301525039669E-4,0.007953124349343333,9.297929815200261E-4,9.096828686639383E-4,5.802354544261036E-4,9.145781659427426E-4,1.0,0.0010085866202996236,0.0015817434493887927,5.229963616609095E-4,0.0012878550310536372,0.0015027494569198828,0.0016289868955157308,7.650273948155017E-4,0.022501142166427582,0.0013604364123524437,0.0017361700052686655,2.3951995606706888E-4,0.01779849109112491,7.53016392541981E-4,0.0020211390766087787,0.001108775330493287,0.0013003843080380522,0.0016457714169649004],[0.004881097207767268,9.26187527875142E-5,4.8056519050725176E-4,1.7780969473968626E-4,2.4259124237162465E-4,3.307837737170821E-4,9.415621148840381E-5,1.0309153371426828E-4,2.9305435207739297E-5,6.848598170613109E-5,0.0011784579523689113,7.214649530365013E-4,0.002348260907566814,1.1664988901708219E-4,1.32679188853548E-4,0.009924580128309251,1.4729507925784733E-4,1.1802106422831009E-4,0.01056594312738572,1.458350975810803E-4,1.0228234896171398E-4,9.537512374604995E-5,1.4274322187651773E-4,0.0010085866202996236,1.0,5.662114228477676E-5,7.47185383692707E-5,4.092590089314096E-4,1.9369151703791477E-4,2.0998122915463982E-4,1.456559339492162E-4,0.02547146986137573,1.3352865040326602E-4,0.001475054653203603,5.972269842247534E-5,0.019270347787338556,1.6756625827771526E-4,4.534227530403508E-4,5.720659809063342E-5,1.2034930484571932E-4,5.397974466247737E-4],[0.004225500413416158,3.411775952220431E-5,4.8024915894928605E-4,4.561806700226209E-5,4.568069679035089E-5,1.501753059966042E-4,1.1337591215064174E-5,8.748466808537094E-5,1.4725399973974292E-5,2.7813524795208944E-5,0.002372676795225639,5.829716225196985E-4,8.119322606270095E-4,5.385665863821857E-5,5.3258658528259454E-5,0.027276394640556267,8.689077933518753E-5,5.5545125035245E-5,0.005151508521519512,1.4904388366574E-4,8.019981172146341E-5,3.103901834106511E-5,4.687628492954888E-5,0.0015817434493887927,5.662114228477676E-5,1.0,3.333127880095539E-5,7.864870783863988E-5,2.272014168501066E-4,1.4297725755947857E-4,5.996200731175328E-5,0.033199364305047205,4.717522123540587E-5,2.5557783089436687E-4,3.061941132075461E-5,0.015463955878004688,3.951418936824715E-5,8.100521108162664E-4,3.2134453139784404E-5,3.331318810019236E-5,1.6957930603772893E-4],[0.010118384806005224,1.822523727232731E-5,2.620431656253289E-4,8.099622410392194E-5,3.762206969717303E-4,4.19769980271791E-4,1.1443139906901724E-5,8.162053441426732E-5,1.3929997387126694E-5,1.1430291607468584E-5,0.003530603623978549,2.988187213136468E-4,0.0037180139232556946,2.0377117590192397E-5,1.1971787964639867E-4,0.026711869288504435,1.1639633945802671E-4,2.151115327117176E-5,0.012470680645545,1.1165963467767829E-4,5.992139955092136E-5,1.956286265938915E-5,1.1204188514803483E-4,5.229963616609095E-4,7.47185383692707E-5,3.333127880095539E-5,1.0,2.8499486509702874E-4,1.8291883081095463E-5,9.523626353027323E-5,4.509643363537181E-4,0.029887762438866285,1.251121417182591E-4,0.00117300766340248,1.3211629500902974E-5,0.02039282859693053,1.831112075765155E-4,2.7698112650883167E-5,1.1925736487218208E-5,2.005456841819701E-5,6.610808507481136E-4],[0.005819218659569389,7.547904367863933E-5,4.698021501357232E-4,4.2796824687308234E-4,4.980744635368522E-4,7.763264308181225E-4,2.8136420280559923E-4,3.5151653099704713E-4,2.1308730724406742E-4,6.774903733473347E-5,0.002125590614866036,0.0014270540761442043,0.002277811494768594,1.729948021581851E-4,4.257872339959276E-4,0.03485801161721395,3.8653602666984324E-4,4.178175706063146E-4,0.0013033170591181973,2.7762730333592383E-4,2.398841621064264E-4,2.4896213889611345E-4,4.0396480302955934E-4,0.0012878550310536372,4.092590089314096E-4,7.864870783863988E-5,2.8499486509702874E-4,1.0,4.5159088754544445E-4,3.227433876524104E-4,4.945562071997265E-4,0.012115308514259578,3.626573260780275E-4,5.22725118729021E-4,2.4742537230686026E-4,0.01872547515356859,4.453752466342081E-4,4.598469840752389E-4,2.092790268745076E-4,2.122929912737691E-4,4.673102366129198E-4],[9.560885392615108E-4,2.2645170699476917E-5,3.900200876892294E-4,2.3475043197241307E-4,2.5507331725316864E-4,0.0014184410293309065,3.450758231705822E-5,2.160630278105202E-4,2.227327514803958E-4,2.5948039222265894E-5,0.0023615109376588757,4.2175270865490896E-4,0.0016430005915334992,2.3602029434693718E-4,2.1216634585785891E-4,0.005399278157367915,2.3451653652211823E-4,1.158456221982222E-4,0.008366567452472579,2.2017022867260353E-4,1.8001937179980905E-4,1.160308575865025E-4,1.5087409257849384E-4,0.0015027494569198828,1.9369151703791477E-4,2.272014168501066E-4,1.8291883081095463E-5,4.5159088754544445E-4,1.0,2.686609325333177E-4,4.4796999555921156E-4,0.036014157076021104,2.2071722015178628E-4,0.001464103334848923,1.949296607870734E-4,0.022126577417125627,2.3527776450792647E-4,0.0019866545673305957,1.9190095902939838E-4,3.1004012790579776E-5,2.6076958517877815E-4],[0.009810538404499063,9.235292334314405E-5,4.3639195122209627E-4,3.1381755464560357E-4,4.961176189400627E-4,0.0010840085568089566,3.635369845537879E-5,1.1241847998049392E-4,1.5818301914659688E-4,9.399811820595814E-5,4.5602606026460657E-4,8.990205062721116E-4,0.0012729267260315985,1.7523091279958528E-4,2.3190610690599554E-4,0.03255188240166138,1.8423186101761927E-4,1.892892360674194E-4,0.006240462243676062,1.8590491573664518E-4,3.0652772794640207E-4,1.9407838040222232E-4,2.805669196472249E-4,0.0016289868955157308,2.0998122915463982E-4,1.4297725755947857E-4,9.523626353027323E-5,3.227433876524104E-4,2.686609325333177E-4,1.0,3.596292203263399E-4,0.026637689354958048,1.7347266940032218E-4,8.045591191455531E-4,2.6563696320049015E-4,0.016314075489606884,2.9495408602967063E-4,0.002001502291547056,2.576963926487913E-4,2.1609635699830493E-4,6.064634024322518E-4],[0.00438222797801168,3.2720386667878183E-4,5.672230670715122E-4,2.810309014618145E-4,5.660776291631482E-4,7.770720101442703E-4,2.6691576505450174E-4,1.7825004266790162E-4,4.0905648437870537E-4,2.3035998353830928E-4,0.0011969533700357704,7.899487720216493E-4,0.0016329675550746175,4.581548293110694E-4,4.3057242111259255E-4,0.011193038277753715,5.492151601956143E-4,3.213206894764043E-4,0.003894890393417172,5.341571309063012E-4,5.024222266542522E-4,4.8492967075521785E-4,2.339010841845992E-4,7.650273948155017E-4,1.456559339492162E-4,5.996200731175328E-5,4.509643363537181E-4,4.945562071997265E-4,4.4796999555921156E-4,3.596292203263399E-4,1.0,0.025663645738929246,4.2302100291453915E-4,0.0015770293696173068,3.0685732889100905E-4,0.003094737924855393,4.6976302381123445E-4,0.001084778220041016,7.603705392436515E-5,5.117949685443798E-4,6.155178615933609E-4],[0.021683266432492316,0.00921102646806141,0.0032807323492471084,0.025431545520920418,0.03164036318302967,0.021707137487032808,0.005953333222679857,0.019894843130885773,0.02373900876291241,0.03620049396552373,0.026808112018394704,0.016220477372235597,0.016305447118072646,0.032269546385447365,0.008298877798651565,0.038461538461538464,0.033012964205207294,0.016024981258393686,0.03633453256852104,0.0063314366316722,0.037772612069967945,0.03818338454879748,0.02645535705930631,0.022501142166427582,0.02547146986137573,0.033199364305047205,0.029887762438866285,0.012115308514259578,0.036014157076021104,0.026637689354958048,0.025663645738929246,1.0,0.020071521931568543,0.03300537760287396,0.022971281839420377,0.027560145451558875,0.0017222007217319879,0.023234696648675886,0.0035164964222980156,0.011188906542308133,0.018770391021833168],[0.0024944796064114956,1.2974915153938845E-4,3.227691328607921E-4,1.7348881365686407E-4,4.8669262239323227E-4,5.361135672589013E-4,1.4500365984438109E-5,1.385939179888606E-4,3.3958820074874886E-5,2.784492327557855E-5,0.001949449728171527,2.7403687785321554E-4,0.0030221601592222242,1.2969342747697307E-4,1.4399519953591517E-4,0.011860147934725332,1.6695979421246283E-4,1.1578904503978119E-4,0.007995246956744006,1.5012535223246417E-4,1.3781643270431235E-4,6.354929432509846E-5,1.4673865947997027E-4,0.0013604364123524437,1.3352865040326602E-4,4.717522123540587E-5,1.251121417182591E-4,3.626573260780275E-4,2.2071722015178628E-4,1.7347266940032218E-4,4.2302100291453915E-4,0.020071521931568543,1.0,8.513848488957739E-4,9.695025879888552E-5,0.01055929105666316,1.823117013582532E-4,0.0011802173037527871,1.4172204201071755E-4,1.2676671941073275E-4,5.239330728365287E-4],[0.007859396305810631,0.0016603577897160967,7.753742938901046E-4,0.0013993201103763577,0.0012130780863832994,0.001565043736455553,9.6635526298691E-4,9.574690908128007E-4,0.0016433625472820608,2.115258998830925E-4,0.0027728046820079035,0.001664936648440832,0.0038169812624426003,0.0010347650256088987,6.7811727062225E-4,0.03416808121836847,3.3908070152224195E-4,8.808713808912673E-4,0.008563934510883867,1.8889551942283337E-4,0.00140569011423032,0.0014773517209217561,7.780756648433684E-4,0.0017361700052686655,0.001475054653203603,2.5557783089436687E-4,0.00117300766340248,5.22725118729021E-4,0.001464103334848923,8.045591191455531E-4,0.0015770293696173068,0.03300537760287396,8.513848488957739E-4,1.0,8.149787285376689E-4,0.0019895989215223345,0.0016253639685755148,0.0021600555318672205,2.966380967547179E-4,0.0014016282798477626,0.0013734551679259407],[0.009949509473486252,1.7225808088169905E-5,3.577382820230296E-4,1.1091688639532526E-4,5.36840046351945E-4,0.0014170987935125787,1.224912553629932E-5,7.177074480129015E-5,1.3459781523439887E-5,1.293874524157921E-5,0.0020910423101071916,2.3879266057738886E-4,4.500379932443248E-4,5.119909413651566E-5,1.1930837777443053E-4,0.02892388863632157,5.3213942803780474E-5,4.1920862322441634E-5,0.01205173727444222,5.199442175124527E-5,7.006476159317007E-5,1.9194593680188512E-5,4.1189455424831665E-5,2.3951995606706888E-4,5.972269842247534E-5,3.061941132075461E-5,1.3211629500902974E-5,2.4742537230686026E-4,1.949296607870734E-4,2.6563696320049015E-4,3.0685732889100905E-4,0.022971281839420377,9.695025879888552E-5,8.149787285376689E-4,1.0,0.02233942572637796,1.0642197789977807E-4,6.375133958001881E-4,1.136165254823217E-5,2.5180761070585683E-5,5.250323192147991E-4],[0.02393204514338383,0.010270851793387768,0.004191819216079101,0.007432556180061092,0.022642984577688877,0.02295828429536307,0.018528586414046675,0.011590694449172606,0.014379973529806448,0.001551132381252151,0.004205498443033782,0.01097016583272038,0.004641355397292304,0.006021849866866259,0.023068429757045265,0.03210550900776331,0.009179848327646255,0.0220353315228,0.02378322493983356,0.008933655551899122,0.021154058400850145,0.014221766988569574,0.021567225097067575,0.01779849109112491,0.019270347787338556,0.015463955878004688,0.02039282859693053,0.01872547515356859,0.022126577417125627,0.016314075489606884,0.003094737924855393,0.027560145451558875,0.01055929105666316,0.0019895989215223345,0.02233942572637796,1.0,0.019426807613391515,0.018867069952123696,0.0016807582168367773,0.024373615282125814,0.01209474058948095],[0.002546112829121299,1.0920566736800737E-4,3.7933514795917916E-4,1.9456543315871135E-4,3.9798456012957065E-4,8.178284205537465E-4,1.1776221324609007E-4,1.1176349568934007E-4,9.565619032421362E-5,1.6419284784609074E-4,0.0011286494758527285,0.0012158946303151674,0.001819150491674401,1.1268250787432187E-4,1.7322737160242025E-4,0.030870137110998036,1.7287669561887725E-4,1.2771696999369986E-4,0.004267513880272407,1.698692549709559E-4,1.7990178482319162E-4,2.3416636250052424E-5,1.5081426112422005E-4,7.53016392541981E-4,1.6756625827771526E-4,3.951418936824715E-5,1.831112075765155E-4,4.453752466342081E-4,2.3527776450792647E-4,2.9495408602967063E-4,4.6976302381123445E-4,0.0017222007217319879,1.823117013582532E-4,0.0016253639685755148,1.0642197789977807E-4,0.019426807613391515,1.0,0.002161330521498359,6.994677890127587E-5,3.167866164912893E-5,6.18988093631383E-4],[0.008946792358545213,3.443258690317266E-4,0.0022415583450669024,0.0016226541363766256,0.001667301019474521,0.002043898197041745,9.282122624325377E-4,0.00183890740370896,0.002340867269973074,3.8593453150383025E-4,0.0024315094915127685,0.0019078096398019216,0.0027948597831255143,0.001862518335453049,8.479870955351484E-4,0.016526548736076823,0.002085131326222991,0.0018478691549994365,0.013100486248100906,2.2241663839452972E-4,4.181584118951912E-4,5.981623590526391E-4,2.8409942332162017E-4,0.0020211390766087787,4.534227530403508E-4,8.100521108162664E-4,2.7698112650883167E-5,4.598469840752389E-4,0.0019866545673305957,0.002001502291547056,0.001084778220041016,0.023234696648675886,0.0011802173037527871,0.0021600555318672205,6.375133958001881E-4,0.018867069952123696,0.002161330521498359,1.0,0.001851428839461075,5.817223694272502E-4,0.002323165238292025],[0.004933365390080589,1.6079657508279346E-5,1.2114855991664431E-4,6.904404446758281E-5,2.983457567447086E-4,8.437765846644789E-4,1.0686602203996846E-5,6.676457376335906E-5,1.243208051013045E-5,1.1052043053621698E-5,0.0015082847543546184,0.0010799765885618061,0.0025900109610046793,4.1460027665242573E-5,1.414757225780908E-4,0.009990717347298447,1.0796602818474721E-4,9.098028394094392E-5,0.009408619603500066,2.9433793966067182E-5,6.430820147728877E-5,1.2213848250125536E-5,2.7673004825171137E-5,0.001108775330493287,5.720659809063342E-5,3.2134453139784404E-5,1.1925736487218208E-5,2.092790268745076E-4,1.9190095902939838E-4,2.576963926487913E-4,7.603705392436515E-5,0.0035164964222980156,1.4172204201071755E-4,2.966380967547179E-4,1.136165254823217E-5,0.0016807582168367773,6.994677890127587E-5,0.001851428839461075,1.0,1.3358490134873832E-5,5.44860608647987E-4],[4.597906469760896E-4,2.496136179403285E-5,5.638003876687959E-4,8.155425956847556E-5,5.373721580349545E-4,0.0012959424791376478,1.4705546669181557E-5,7.477996707176904E-5,2.5091670970141912E-5,2.5389796866365825E-5,0.0036442938973896785,0.0014789441130968056,0.004102832361830709,4.924531874628151E-5,4.859812448002764E-5,0.0025089029074717426,9.739829805637412E-5,7.672272196057225E-5,8.861959678710028E-4,5.997809986693028E-5,8.846218687325715E-5,2.4946186558049877E-5,1.2247659185971117E-4,0.0013003843080380522,1.2034930484571932E-4,3.331318810019236E-5,2.005456841819701E-5,2.122929912737691E-4,3.1004012790579776E-5,2.1609635699830493E-4,5.117949685443798E-4,0.011188906542308133,1.2676671941073275E-4,0.0014016282798477626,2.5180761070585683E-5,0.024373615282125814,3.167866164912893E-5,5.817223694272502E-4,1.3358490134873832E-5,1.0,6.727514056419744E-4],[0.004275133098612341,1.0831016329232318E-4,7.088787932849901E-4,4.3235909405837133E-4,6.492831457309575E-4,0.0012660326071555871,1.432021427543933E-4,5.595919626901461E-4,6.90674794896765E-4,5.318724870295453E-5,0.002371985653470434,0.001238158719038238,0.003671485246622089,6.88921964069719E-4,3.231676165268282E-4,0.03112537480601817,2.682628230628323E-4,4.433901849223527E-4,0.011908129888353769,3.0230155366926727E-4,5.508150602024898E-4,5.902463681697402E-4,4.803915489612489E-4,0.0016457714169649004,5.397974466247737E-4,1.6957930603772893E-4,6.610808507481136E-4,4.673102366129198E-4,2.6076958517877815E-4,6.064634024322518E-4,6.155178615933609E-4,0.018770391021833168,5.239330728365287E-4,0.0013734551679259407,5.250323192147991E-4,0.01209474058948095,6.18988093631383E-4,0.002323165238292025,5.44860608647987E-4,6.727514056419744E-4,1.0]]