[[1.0,1.8446188153341432E-4,0.015102865315575604,8.766881027842141E-4,4.3822635093371156E-4,4.2350904455547376E-4,2.9304951375271087E-4,4.704671689877E-4,4.2671399806489777E-4,0.0011541262029872794,3.2715237923202067E-4,8.772320109032366E-4,0.002193008379455212,0.0059571691416184895,0.09156689912092984,0.0016860437232238444,0.00397370581569788,2.5138884540459806E-4,4.0462928239345827E-4,4.4031103634159773E-4,0.008571915846075372,0.002554524208147208,0.01950187272967736,2.5919167575624765E-4,4.5150438486892176E-4,3.9182415592700355E-4,2.017834747097274E-4,1.6367331254876308E-4,3.255231636760269E-4,1.5831701963108492E-4,0.001823229036512693,3.3764153828348025E-4,5.3398162921672754E-5,0.0010969031459647418,0.0011171491032932294,0.04640320207217043,0.001480479806938139,5.328265699511596E-4,4.167326447998322E-4,5.380783833913667E-4,0.003830247435798846,1.6456738897189483E-4,9.581758372437734E-4,3.005265209112078E-4,0.0012185206254525947,3.954317999401016E-4,0.0017966552772327327,7.670039520066853E-4,7.640152437452046E-4,4.2866466105027207E-4,1.8268399493169917E-4,3.061931172277633E-4,3.614890214728206E-4,3.1726099236508657E-4,0.006481104548910528,1.3788293167983268E-4,0.011785228192460197,4.0011342629565905E-4],[1.8446188153341432E-4,1.0,0.016307195914839447,7.493358429404925E-4,1.350824151151361E-4,1.0507670613955774E-4,8.533705281641644E-5,2.00841906642782E-4,1.450339824366299E-4,5.243219559591799E-4,2.3314136578901336E-4,3.165543210793065E-4,0.0034827676788202586,0.007432869983906621,0.019320073385323596,0.003205860047771345,6.220620462565785E-4,1.509406441010735E-4,1.0908104236868257E-4,3.6512139016751325E-4,4.121047369406446E-4,0.0011174276933005678,0.0011226794440640452,1.0760834466185947E-4,2.6328396546912306E-4,1.7195881786422046E-4,1.896026675622553E-5,1.0172137389776305E-4,1.2027339987292289E-4,2.5788174259368617E-5,0.005175885358700249,2.5478687479433106E-4,1.0666866255315148E-4,5.550073739756313E-4,4.393610958255971E-4,0.04824959224342974,0.0011818211853137676,7.624666047615746E-4,1.0624503037784612E-4,4.3202821455370455E-4,0.0035196899197834624,4.6997714050100485E-5,2.6277128385108627E-4,1.1178326965999682E-4,0.013620688580561823,1.479622250843096E-4,6.324139119324408E-4,0.0020134767264945496,7.179238002792931E-4,1.323276103645431E-4,1.4521009458303363E-4,2.3490677152064954E-4,1.805199164154872E-4,1.0057582660226892E-4,0.023377964952620015,5.6002514264679035E-5,0.009970000592184987,7.777851303024631E-5],[0.015102865315575604,0.016307195914839447,1.0,0.022630170432609342,0.02457170892108148,0.023031014033288524,0.018334815860963874,0.005067755602988216,0.003679231145024293,0.014787006751547878,0.004861668246032834,0.00637086888798008,0.015511858385613116,0.02010280215702561,0.05863968571896442,0.006016265097186331,0.021524363703956596,0.0011341957886807077,0.00796986629024257,0.022248228563427966,0.015338753871943858,0.024459223256327982,0.020711247951310578,0.002765461360708568,4.533303226219518E-4,0.003963071077418895,0.016047701424332057,0.01739186139963246,8.750869741638377E-4,0.0057631709333516926,0.011433927604913905,0.019763124182572978,0.008808561315469879,0.017071211236847003,0.017752549103254356,0.07201802758752897,0.021399376987644478,0.00766341803629924,0.00831284454341079,0.015741879430635233,0.017205444369470666,0.007135038533524086,0.020086273196037653,0.02374494532359516,0.017419166249419346,0.0028396257290051853,0.0144812747069256,0.003228913131911636,0.015561976942608116,0.0038889545792884384,0.01516508989546731,0.016857290428497203,0.021714336932206132,0.022706648031631256,0.024945786537817802,0.008841087384518808,0.022608859672052804,0.003392999418151171],[8.766881027842141E-4,7.493358429404925E-4,0.022630170432609342,1.0,5.514178090147705E-4,0.0011106498287561059,0.0010338767241867578,0.00108526286899601,0.0011210183060881213,0.001217444099341452,5.201126069856691E-4,0.0015829764892720762,0.003279528269434742,0.010657064352648267,0.06822836867957843,0.0023236781107168975,0.0025291032596224854,7.109979823466479E-4,2.8366660664896567E-4,8.216051277061894E-4,0.012195993521718141,0.002593490944369169,0.012769651556191279,5.855176982504299E-4,4.944527113419585E-4,8.074472736861159E-4,1.5103084266995538E-4,4.985939711118156E-4,2.9130728104211827E-4,6.019236495379137E-4,0.004261913222261141,2.759025051098577E-4,7.078563281292116E-4,0.0013512700743397558,0.001439378393847965,0.048828538424503125,0.0025293497574860697,0.0011357483934530805,5.134091511712057E-4,0.0011298652292075955,0.0034594935757497414,3.9872092636926144E-4,0.0010665992827678815,6.370718600667532E-4,0.014865086621761583,3.5121733897044966E-4,0.0012688469141349634,0.0018548625583729144,0.0010431832130582137,5.616308544313646E-4,2.447632823681777E-4,0.0010911481133625638,6.409562057601321E-4,5.94614762042338E-4,0.0038020320531074216,7.69268035266099E-4,0.007120623177911298,9.059595951201508E-4],[4.3822635093371156E-4,1.350824151151361E-4,0.02457170892108148,5.514178090147705E-4,1.0,1.4567809893640727E-4,2.330389180390956E-5,4.331098103340749E-4,1.550278242832132E-4,7.369674370072592E-4,2.0414866747468633E-4,5.848448364453856E-4,0.00119360018814184,0.012087261032738227,0.05995317287842564,0.002115921230494497,0.001298864799608088,1.723767258446246E-4,1.363463459965471E-4,2.852860940818451E-4,0.007920965402446654,0.001897189594048221,0.00840143355505042,1.0741411595163103E-4,1.6159086501165153E-4,2.486011493461105E-4,1.0132551694018758E-4,3.4527938006566846E-5,1.3585221038918397E-4,3.6292509576250144E-5,0.004628676077892936,1.5565456586316914E-4,1.0484115410631177E-4,5.659904762670045E-4,0.0016826352482609142,0.008162707148641974,0.0012918513240388135,0.0011660394320016844,1.21839730803523E-4,3.2309471171647385E-4,0.0032785965987005053,7.944859834563523E-5,5.798249299956979E-4,1.3885573244239315E-4,0.0034941449835188608,1.99315638297028E-4,2.4847971580396294E-4,0.0012615497410557645,7.042991331105012E-4,1.7933183695234596E-4,1.551919249813915E-4,2.1042725085684879E-4,2.1169830117074724E-4,1.238432345990475E-4,0.012562529893969832,3.028585337055632E-5,0.011252158773286268,1.0778931640521241E-4],[4.2350904455547376E-4,1.0507670613955774E-4,0.023031014033288524,0.0011106498287561059,1.4567809893640727E-4,1.0,9.963611651402012E-5,2.570652041196439E-4,1.049419783180171E-4,0.0014298586668299866,1.6449751014709074E-4,8.14166990584013E-4,0.002160625405141134,0.012086135091118362,0.06871946320272251,0.0012607331655841172,7.597098161006722E-4,1.5042385100739333E-4,1.042695644690953E-4,2.9973831135632746E-4,0.009068777809695025,0.0015244264911383318,0.006271452649697118,1.0198575515805487E-4,1.4841166254796922E-4,1.506403321068288E-4,3.4411897229521866E-5,4.385356625052898E-5,1.1024800160097573E-4,3.679799126666806E-5,1.9867968611713118E-4,2.3345159283572823E-4,8.835116171157365E-5,6.324570333743079E-4,0.0015218585413915321,0.03379636266930545,0.002192130456880351,3.0057684631268073E-4,1.0360296313957626E-4,1.921621113667342E-4,0.0022971811155458833,3.110468775942865E-5,7.450955506302619E-4,1.0315192782605129E-4,0.013560429536433438,2.016448240368876E-4,1.808044887427737E-4,7.145028925773096E-4,2.981760570080647E-4,1.2332021068904995E-4,1.1846108256969199E-4,1.2190786769819347E-4,1.2859732855382866E-4,8.669267585696496E-5,0.003484369853345691,6.522312336553552E-5,0.013102028371777402,2.3286379810532584E-5],[2.9304951375271087E-4,8.533705281641644E-5,0.018334815860963874,0.0010338767241867578,2.330389180390956E-5,9.963611651402012E-5,1.0,3.860181018400152E-4,1.3301488259387164E-4,4.682829067772982E-4,2.934130423258675E-4,0.0010257531717876986,9.184470477888245E-4,0.005182495536310704,0.03129018204910754,0.0039006984467338164,0.0013126756907594363,1.2594285804485647E-4,9.425857248770671E-5,1.7880309599278293E-4,0.010683801255783809,0.0017308680374336332,0.017106282435301264,9.616028709551677E-5,2.666331677449336E-4,1.5232123375368413E-4,1.5830334495186726E-5,1.9928738582560904E-5,2.4114179818883128E-5,1.9689324678856657E-5,0.003367349098915637,1.3053955423880686E-4,1.5671790378227337E-5,7.133097565261311E-4,4.1993132981415175E-5,0.06323508355767397,0.003118858958322122,0.0010867406485943125,5.87902935900548E-5,4.241408064060012E-4,0.0014291992642031718,1.4596965255860351E-5,5.738606134566692E-4,3.433486353975469E-5,0.003067000378391353,8.924590692434314E-5,0.001288486137265581,0.0011469114191979533,1.4009608044188753E-4,1.1513794685149236E-4,7.173396277314097E-5,1.8731157960352645E-4,2.6372751771821206E-4,7.609511321987183E-5,4.192733737763505E-4,1.1048621737145308E-5,0.011356150221957755,1.2109869949146141E-5],[4.704671689877E-4,2.00841906642782E-4,0.005067755602988216,0.00108526286899601,4.331098103340749E-4,2.570652041196439E-4,3.860181018400152E-4,1.0,2.508263119514419E-4,0.0014116941873527859,3.308815822549669E-4,0.001450170275169714,0.0016813258516658245,0.010033306909486965,0.08183772923299582,0.0031284998444401652,0.0032830396832611948,4.4029276911393E-4,2.259997120863602E-4,4.234249517171435E-4,0.0015566668814851576,0.0024743368242813694,0.017064312201300936,3.5598340714344736E-4,4.6097546402000555E-4,2.753427410190646E-4,1.7816851722204016E-4,9.17501955323368E-5,2.839349415317201E-4,6.131133938068933E-5,6.397534352100518E-4,3.5551108652103993E-4,3.6766642529811877E-4,0.0017082867971655528,9.9809919520675E-4,0.07568938388399027,0.0032342611381182464,0.0011867234762876955,2.863417875910237E-4,5.430761516391222E-4,0.002583443570612293,2.8801483696951203E-5,5.502775802312086E-4,1.6334950173585823E-4,0.007117443946980917,3.269072001164272E-4,0.0012460406012859693,0.0011191686991125483,5.541002258233E-4,3.457509644728507E-4,2.1806637151169445E-4,3.2032497314643955E-4,4.783518272137578E-4,3.789859587214867E-4,0.004458392979886977,4.992778308868557E-4,0.004733963231898874,2.7790647715196775E-5],[4.2671399806489777E-4,1.450339824366299E-4,0.003679231145024293,0.0011210183060881213,1.550278242832132E-4,1.049419783180171E-4,1.3301488259387164E-4,2.508263119514419E-4,1.0,7.067795990374872E-4,3.098789942402973E-4,4.4115977407406894E-4,6.878167789735384E-4,0.0052461689748307125,0.08309172677508835,5.631641870952081E-4,0.002924806088118974,1.647809052648108E-4,1.5970447984525195E-4,2.1409022772378265E-4,0.006091538323626819,0.001691537582369172,0.011075608864390334,1.3401260871665144E-4,2.816352646406951E-4,2.3403788755196918E-4,1.1324986431288174E-4,9.592935416336061E-5,1.268463593505947E-4,3.202749464698912E-5,1.7809858546444514E-4,2.024339922623296E-4,9.355974781039125E-5,0.0011978094266522981,0.0014268996079201289,0.05277973013856998,0.00235535333826852,6.113909418253391E-4,1.403279407405378E-4,3.0573712491739163E-4,0.0015113346673360163,7.64017030201454E-5,5.819771661259544E-4,1.1792315487957759E-4,0.005344965759601844,1.6734336749118755E-4,4.10754993197483E-4,0.001808739553023219,2.9293295632166105E-4,1.9598015187675074E-4,1.600059604896421E-4,1.7002657640528002E-4,2.8877431267610365E-4,8.128708931608466E-5,0.007122180734228023,1.8125453908170192E-5,0.004109964720680494,9.241162850280497E-5],[0.0011541262029872794,5.243219559591799E-4,0.014787006751547878,0.001217444099341452,7.369674370072592E-4,0.0014298586668299866,4.682829067772982E-4,0.0014116941873527859,7.067795990374872E-4,1.0,5.278847640302396E-4,0.001569745193182857,0.004258006251536186,0.004082209023921274,0.02059276965802672,0.0031490045446342946,0.002430148522815851,8.673712673123654E-4,0.0011994448505614928,0.0010214206192513736,0.011329809592573837,0.0022473613281650297,0.005076218736862046,7.332972232757809E-4,4.346463403023551E-4,0.0010772140512361578,0.0010874923138802894,0.0014334471910235087,2.2359896771448703E-4,0.0013632883159503967,0.002499677631927216,3.114266883089715E-4,6.589193978300357E-4,0.0015657973080509084,0.001513308794817974,0.024787539656292698,0.0019508264805213164,0.001368442289741301,0.0010548278762315373,0.0012072616288376313,0.00168899501654681,0.0012024803774120726,0.0013360677864514045,6.023934829810643E-4,0.004761427998083136,4.4152722220624894E-4,0.0017956629524217803,0.001610390015834822,0.001181757676124476,0.0011910449749867385,6.082664588408311E-4,2.4243995719635354E-4,4.8113793121577037E-4,3.41401442439479E-4,0.006934223376301547,0.0010147714470131973,0.0025313863738499138,7.807509369696232E-4],[3.2715237923202067E-4,2.3314136578901336E-4,0.004861668246032834,5.201126069856691E-4,2.0414866747468633E-4,1.6449751014709074E-4,2.934130423258675E-4,3.308815822549669E-4,3.098789942402973E-4,5.278847640302396E-4,1.0,0.0011578383337056094,0.0030418576605872453,5.998828615076974E-4,0.0848868111811406,4.059146452276035E-4,0.0012341941392663926,2.0157968586693924E-4,2.5006879012949904E-4,3.636218287984827E-4,0.0027705283577605963,0.0016561646984535846,0.0019601335721894765,1.0845934187781145E-4,3.2870196427702735E-4,2.908970937228949E-4,3.107120418581367E-4,2.5888186449733627E-4,2.0498516247142315E-4,2.7373769634761257E-4,0.0026364795204544714,2.939116398068992E-4,5.173739228895318E-5,0.0013333817835485126,5.871127306801764E-4,0.00837188249192671,0.0013523707912447313,9.611860612452445E-4,1.5749109636071915E-4,5.942450142450871E-4,0.0026556528758085946,1.8351258126640682E-4,9.814581470512416E-4,1.975042080993857E-4,0.010471020517459654,2.675337416482441E-4,0.001732914028330319,0.0020561086345090474,7.644746208120496E-4,2.7667703326642436E-4,1.8774967937888073E-4,2.799479498946957E-4,3.14057694407631E-4,2.6828511448873034E-4,0.005469679931787942,1.4062057188437034E-4,0.0021188308597315034,9.596617559622134E-5],[8.772320109032366E-4,3.165543210793065E-4,0.00637086888798008,0.0015829764892720762,5.848448364453856E-4,8.14166990584013E-4,0.0010257531717876986,0.001450170275169714,4.4115977407406894E-4,0.001569745193182857,0.0011578383337056094,1.0,0.0042220196378650685,0.006150677151123189,0.04683961858622533,0.0030319214603439096,0.0025909668563919115,7.778581324639599E-4,1.1691062505556601E-4,0.0010731788473283292,0.005525896140242188,0.001834672759765204,0.01852455665710499,5.560188397790847E-4,4.359614464442263E-4,4.6202449179128414E-4,6.825343350726071E-4,6.734562424874871E-4,0.001066282863673513,0.0013646020120824916,0.0016296633126924563,0.0012654846230592514,4.072864815630649E-4,0.0017140071048333037,0.001675547037688294,0.037061895094127925,0.0019993962897557646,0.0013802589852145756,6.24393207212535E-4,0.0010940977131403248,0.0035052053532048178,4.629927256852206E-4,0.0010769013126926876,8.039953603111625E-4,0.007108737593477094,0.0012822182180692177,0.0016225425824908937,0.0017982778176324338,0.0014357523762537918,5.856727112447689E-4,4.0049007267079444E-4,5.843078156043269E-4,0.0014146169776445515,7.820360090362944E-4,0.0016208595402476284,0.0012841452882783409,0.002668393296779822,3.832458745783584E-4],[0.002193008379455212,0.0034827676788202586,0.015511858385613116,0.003279528269434742,0.00119360018814184,0.002160625405141134,9.184470477888245E-4,0.0016813258516658245,6.878167789735384E-4,0.004258006251536186,0.0030418576605872453,0.0042220196378650685,1.0,0.0077685432906342495,0.060103666775451335,0.00428233064872636,0.004253172562226538,0.0034884379968658087,0.00367153710346898,0.0026558360090123013,0.00911504481100069,0.0033087929798551368,0.008416010935964906,0.004035490986649564,5.664809475824869E-4,0.002054132254112672,0.002898948560653816,0.0034200155804913375,0.003671956026786269,5.126660088488694E-4,0.005119122319665665,0.0015814289884023506,0.0015004590488004496,0.00270645052891263,0.004552482554360585,0.00842876851694512,0.0042754085840550045,0.003185196746780431,0.0011073557395309378,0.003656223667030087,0.004615274568680465,2.1849707436413432E-4,0.0017351098027626533,0.0017625487907619198,0.007102777694390681,0.0030637716331316325,0.0037577988781261956,0.004420051824095279,0.0038922203719673337,0.004015938613597564,8.445013463436846E-4,0.0016596362339854425,0.00313793977807025,0.002626674196343356,0.008166440934448065,0.0015550325215731432,0.017231966119112537,0.0020082769302693323],[0.0059571691416184895,0.007432869983906621,0.02010280215702561,0.010657064352648267,0.012087261032738227,0.012086135091118362,0.005182495536310704,0.010033306909486965,0.0052461689748307125,0.004082209023921274,5.998828615076974E-4,0.006150677151123189,0.0077685432906342495,1.0,0.05873772282013108,0.009537245267928918,0.010622011120555885,0.006230235065914965,0.00564043604501888,0.007173983367245755,0.013294980577173515,0.004519279109998538,0.014721542216073129,0.011711210185937494,0.007647319811489971,0.013762900168043659,0.008267676205046962,0.003565322956727751,0.006093092890570275,0.006269972602766171,0.011331668937542559,0.006981039744101666,0.012212363129909445,0.005081645618253096,0.0018104530417864606,0.07682537192043781,0.010165405658975711,0.0037596134095753513,0.005439161141457006,0.012980859499748837,0.009213281483967085,0.005552141923824573,0.004692349297563127,0.013485190722161608,0.014506624317804593,0.012542521426651713,0.0022997924854653968,0.006105628751858448,0.001713845408390087,0.0018421059170203194,0.0061781553079492775,0.005454411180436278,0.009150978642899418,0.0035425217611161634,0.019178319594565982,9.278589061126742E-4,0.015937670598152032,7.939581121213663E-4],[0.09156689912092984,0.019320073385323596,0.05863968571896442,0.06822836867957843,0.05995317287842564,0.06871946320272251,0.03129018204910754,0.08183772923299582,0.08309172677508835,0.02059276965802672,0.0848868111811406,0.04683961858622533,0.060103666775451335,0.05873772282013108,1.0,0.0735489291289446,0.05937155497989558,0.0985390949423105,0.02718469676445911,0.09311089297421206,0.0376934285029442,0.09466000237130616,0.09659319358207416,0.0553840828559931,0.007062725641603142,0.03426897054998839,0.026346520833842375,0.005159801715855114,0.040580060065076355,0.07531642731459395,0.00647640071566885,4.911211515205478E-4,0.022644429955706074,0.08933286371473544,0.09585177745787776,0.08051868827116823,0.08072416847413456,0.010261037388537304,0.03353424767329016,0.08539983402358672,0.02742905942618756,0.07467523500724722,0.0018807607038388101,0.08918988726426912,0.024572209947979498,0.01127460421919365,0.014292792297584966,0.016048105199834125,0.02938093173578081,0.026842695052307984,0.038537744316022686,0.09217927067919993,0.025724368175939868,0.042752237692972185,0.09966747395333056,0.05334781174161481,0.036844285649203515,0.01620060054349542],[0.0016860437232238444,0.003205860047771345,0.006016265097186331,0.0023236781107168975,0.002115921230494497,0.0012607331655841172,0.0039006984467338164,0.0031284998444401652,5.631641870952081E-4,0.0031490045446342946,4.059146452276035E-4,0.0030319214603439096,0.00428233064872636,0.009537245267928918,0.0735489291289446,1.0,0.0041841004184100415,0.003940492731588097,0.004018637385494041,0.0026117511272943346,0.008778476670668327,0.002893846201531089,0.0058991830557943515,1.1101193221679837E-4,0.0032632416921224575,0.0031181855198210593,0.002551400889080233,3.408622441372608E-4,8.54599189151416E-4,0.0028765324479188645,0.005141312976012158,3.225340636614682E-4,0.0037130576688461175,0.0022485385763698264,0.0018055579374463288,0.07349768861989674,0.004062248834649255,0.0028138048331900973,0.002811403785717544,0.0016345828950503636,0.0045588689894809,0.0026630742037110273,0.004065415843353636,0.0010465407524201538,0.004622309474831749,0.004156351573263797,0.003112179808402965,0.003835904825850727,0.0020721212209830384,0.002045766510304225,0.001637603770683952,0.0027708198639610454,0.004064160367785145,9.971647893026315E-4,0.01673530801396269,0.0031612043988565423,0.01635078687757387,0.0018365794188067851],[0.00397370581569788,6.220620462565785E-4,0.021524363703956596,0.0025291032596224854,0.001298864799608088,7.597098161006722E-4,0.0013126756907594363,0.0032830396832611948,0.002924806088118974,0.002430148522815851,0.0012341941392663926,0.0025909668563919115,0.004253172562226538,0.010622011120555885,0.05937155497989558,0.0041841004184100415,1.0,0.003049755642619006,0.0020301044733379765,0.002834645153998285,0.008213397320897091,0.0038413070873085245,0.012077348403553529,0.0036110720943825754,5.230151975873804E-4,0.0024581052205417905,0.001956625185785095,0.0016821975885383668,9.298671916434041E-4,0.001690428402692966,0.005055959181644002,7.069813815442094E-4,0.001112373511751316,0.003662590398409637,0.0019060348156063355,0.019427493298026677,0.003923796041968123,0.003754239958304775,0.002057900817061467,0.0026716535993819134,0.004355684467191924,0.0034361585441913044,0.002951835354033188,0.0016442927921253036,0.012801676440942482,0.002719044485895016,0.003220280290446778,0.0036317361035563354,0.0010320189756942665,0.0017619079347763727,0.0035028406322480297,0.0035923620151164654,0.0013622101979654554,0.0038173307085617347,0.011542648368356657,9.256861985647059E-4,0.011982765768258144,0.0027419012937925685],[2.5138884540459806E-4,1.509406441010735E-4,0.0011341957886807077,7.109979823466479E-4,1.723767258446246E-4,1.5042385100739333E-4,1.2594285804485647E-4,4.4029276911393E-4,1.647809052648108E-4,8.673712673123654E-4,2.0157968586693924E-4,7.778581324639599E-4,0.0034884379968658087,0.006230235065914965,0.0985390949423105,0.003940492731588097,0.003049755642619006,1.0,1.3072718614450088E-4,3.098306964406572E-4,0.006916401972812318,0.001571210153834062,0.017072749514172477,1.4955194034366263E-4,2.877527150652201E-4,2.442763132644718E-4,1.2566928519676347E-4,1.0144242487714547E-4,1.4205594502413643E-4,1.471182487756857E-4,0.0035635872554817143,2.1009104155089844E-4,1.1582198055318504E-4,0.0016795423115662552,0.001536239170712131,0.023195768976401323,0.0025644278125770605,0.0011575489699056792,1.06733374318938E-4,6.197261054423358E-4,2.5197480778146875E-4,5.274376952404055E-5,2.4183745959972238E-4,1.473170132518288E-4,2.3621665596399374E-4,2.0501581499451847E-4,6.704091901511828E-4,0.0016383569016171354,3.6195844555818335E-4,2.2820686428413466E-4,1.6258747878354168E-4,2.1159859730080738E-4,3.001232009878117E-4,1.5566939070239873E-4,0.014560143362222252,5.613840743109837E-5,0.009871820303700237,8.564164972957216E-5],[4.0462928239345827E-4,1.0908104236868257E-4,0.00796986629024257,2.8366660664896567E-4,1.363463459965471E-4,1.042695644690953E-4,9.425857248770671E-5,2.259997120863602E-4,1.5970447984525195E-4,0.0011994448505614928,2.5006879012949904E-4,1.1691062505556601E-4,0.00367153710346898,0.00564043604501888,0.02718469676445911,0.004018637385494041,0.0020301044733379765,1.3072718614450088E-4,1.0,1.3063612435860387E-4,0.005588756091421348,1.8435315075598712E-4,0.001488004772259697,1.0299984552509873E-4,3.733676768212486E-4,2.1510598951412276E-4,3.2256420339342425E-5,7.209444685166501E-5,1.138436136229857E-4,7.616761428947893E-5,0.003897722221070543,2.6823144330567067E-4,8.436434076358789E-5,1.4567622333027942E-4,0.0011338692126105093,0.002866010662844718,0.003064695501477284,0.0011114400608530177,1.0619497240514339E-4,3.0617231721599724E-4,0.0011990190671751439,1.4608941491045593E-5,8.932325175505302E-4,1.1023471312385095E-4,0.010131439054654709,2.0412853780455394E-4,0.0014863624897133358,0.002208098737200715,6.730312919972962E-4,1.2042693164721771E-4,1.1670464954778456E-4,1.4546922472395967E-4,2.58574298270074E-4,9.477103586841644E-5,0.01946534648294914,1.0122183595848937E-4,0.0017710421718821355,1.5442091342735498E-5],[4.4031103634159773E-4,3.6512139016751325E-4,0.022248228563427966,8.216051277061894E-4,2.852860940818451E-4,2.9973831135632746E-4,1.7880309599278293E-4,4.234249517171435E-4,2.1409022772378265E-4,0.0010214206192513736,3.636218287984827E-4,0.0010731788473283292,0.0026558360090123013,0.007173983367245755,0.09311089297421206,0.0026117511272943346,0.002834645153998285,3.098306964406572E-4,1.3063612435860387E-4,1.0,0.001141132487545205,0.001752301950960847,0.012987672221192298,1.7910098058814735E-4,3.981052206088476E-4,2.8347099036308247E-4,2.343211844565999E-4,9.445008687435023E-5,1.978422828587214E-4,8.754504236453659E-5,0.002987393008641935,3.2853984653311854E-4,1.9599987664378556E-4,6.825614946775937E-4,0.0010851701782171566,0.05363757259638147,0.0025097047059026226,7.949591242050343E-4,1.3439341002478668E-4,5.224429482435069E-4,0.0037942714044124602,7.097581567143558E-5,8.270080672155124E-4,2.8638088235742555E-4,0.015469332696797412,2.504389705986598E-4,0.00158701844875149,0.0023135239282732877,5.967801858291261E-4,2.8742870985012296E-4,2.1901292860979841E-4,3.2608141773931475E-4,3.464306756397962E-4,1.6771301186783473E-4,0.024282805525591047,6.526645968380344E-5,0.009878449796160683,1.8196513808839984E-5],[0.008571915846075372,4.121047369406446E-4,0.015338753871943858,0.012195993521718141,0.007920965402446654,0.009068777809695025,0.010683801255783809,0.0015566668814851576,0.006091538323626819,0.011329809592573837,0.0027705283577605963,0.005525896140242188,0.00911504481100069,0.013294980577173515,0.0376934285029442,0.008778476670668327,0.008213397320897091,0.006916401972812318,0.005588756091421348,0.001141132487545205,1.0,0.00818226322325303,0.01423386424484973,0.01231518727559079,0.008105761638509698,0.004153289669807145,3.785017046988553E-4,0.011670773878067553,6.258903028721024E-4,0.009692828591410239,0.010373258709080423,0.003556528651135156,0.009041255055328044,0.012337572286505727,0.007996662314139438,0.07155165721346914,0.006839286764197722,0.009167741185188118,0.009903708637400937,0.009749759870277352,0.011363950989488232,0.007692206485346232,0.009931810852215363,0.011935561507903,0.013008371588751398,0.012071947508106246,0.007820233256323365,0.012495911243441772,0.011650375490072971,0.003771212162155743,0.01212882992200639,0.005795794812267627,0.004469261899527962,0.00297301481229738,0.02325267667226713,0.01104661925790489,0.01605453821500697,0.008654365911959267],[0.002554524208147208,0.0011174276933005678,0.024459223256327982,0.002593490944369169,0.001897189594048221,0.0015244264911383318,0.0017308680374336332,0.0024743368242813694,0.001691537582369172,0.0022473613281650297,0.0016561646984535846,0.001834672759765204,0.0033087929798551368,0.004519279109998538,0.09466000237130616,0.002893846201531089,0.0038413070873085245,0.001571210153834062,1.8435315075598712E-4,0.001752301950960847,0.00818226322325303,1.0,0.0163226021861583,6.974239944090571E-4,0.0014173043331400588,6.26872183451644E-4,0.0013997429018125407,0.0023911157368118685,0.002134052644185052,2.150657388834816E-4,0.005674505009752371,0.002614740270769156,0.002012312608791591,0.0018179384281499194,0.002302961470579949,0.02039242984474462,0.0029116785998926403,0.0022929638305264916,0.00151732025616862,0.0016020922979677072,0.004198622816020483,0.0019365946692302828,0.0015600881162710655,1.4830507514502806E-4,0.014455448160440976,0.0019194989515189799,0.002251685829722204,0.0026246719160104987,0.0023024445213198127,0.0019790733763867057,0.0024591173979841385,0.002002380512460984,9.366849834346839E-4,0.001749596174103054,0.01869208798270323,0.001309646893821539,0.004894578449838899,4.7011984171165124E-4],[0.01950187272967736,0.0011226794440640452,0.020711247951310578,0.012769651556191279,0.00840143355505042,0.006271452649697118,0.017106282435301264,0.017064312201300936,0.011075608864390334,0.005076218736862046,0.0019601335721894765,0.01852455665710499,0.008416010935964906,0.014721542216073129,0.09659319358207416,0.0058991830557943515,0.012077348403553529,0.017072749514172477,0.001488004772259697,0.012987672221192298,0.01423386424484973,0.0163226021861583,1.0,0.01233876358835546,0.005900919795890514,0.0032346066032658996,0.0033918406374156976,0.009813430207345271,0.003963384056168707,0.006360715525046547,0.01937462128959059,0.006455093667284886,0.015438350138208582,0.011103391621180115,0.004402495999736618,0.05795874535585306,0.012929548436018401,0.018426172967614535,0.011870641345420995,0.004589162809589091,0.014889330324533736,0.009862721468919344,0.01581604825653215,0.01732192644432166,0.01859619151023341,0.009289372166137946,0.006625106768189944,0.016672655491393844,0.01199556729765579,0.015105579645150814,0.0037754770128930197,0.011656895619390048,0.013443690314415517,0.016527642659682158,0.024335726297265544,0.008762452718470322,0.0196078431372549,0.005222903253399349],[2.5919167575624765E-4,1.0760834466185947E-4,0.002765461360708568,5.855176982504299E-4,1.0741411595163103E-4,1.0198575515805487E-4,9.616028709551677E-5,3.5598340714344736E-4,1.3401260871665144E-4,7.332972232757809E-4,1.0845934187781145E-4,5.560188397790847E-4,0.004035490986649564,0.011711210185937494,0.0553840828559931,1.1101193221679837E-4,0.0036110720943825754,1.4955194034366263E-4,1.0299984552509873E-4,1.7910098058814735E-4,0.01231518727559079,6.974239944090571E-4,0.01233876358835546,1.0,3.361720340517558E-4,1.5047047155962234E-4,7.504337027450375E-5,5.646928940314074E-5,1.1842522687541265E-4,2.6047279421948134E-5,0.002627290203321152,1.6932403000683845E-4,2.3175629736852506E-5,8.870304445515769E-4,9.047491902085798E-4,0.07678389987738923,0.0020324204683321227,4.2856278387829854E-4,1.0538754411668446E-4,1.7546463062217174E-4,0.002687901300274634,2.7258214946411604E-5,1.5631425913749698E-4,1.0430236701754916E-4,0.01453060981740697,1.2482351566020262E-4,0.001048992873478622,0.0025280241277528116,2.956215156969281E-4,2.2396260788544133E-4,1.355702275739133E-4,2.153354062568918E-4,1.5979113623707417E-4,8.957018426734662E-5,0.013673978485917,4.417332961050588E-5,0.018125110973931435,5.216874962608801E-5],[4.5150438486892176E-4,2.6328396546912306E-4,4.533303226219518E-4,4.944527113419585E-4,1.6159086501165153E-4,1.4841166254796922E-4,2.666331677449336E-4,4.6097546402000555E-4,2.816352646406951E-4,4.346463403023551E-4,3.2870196427702735E-4,4.359614464442263E-4,5.664809475824869E-4,0.007647319811489971,0.007062725641603142,0.0032632416921224575,5.230151975873804E-4,2.877527150652201E-4,3.733676768212486E-4,3.981052206088476E-4,0.008105761638509698,0.0014173043331400588,0.005900919795890514,3.361720340517558E-4,1.0,3.1917997816412706E-4,2.623611036068858E-4,2.1850740389014686E-4,2.988464325696323E-4,3.2636454966281287E-4,0.0031722780000597033,3.3308975191722234E-4,2.1149914056900525E-4,8.332403813294235E-4,0.001471014912661554,0.06346567252418034,0.001890738428985767,5.285314508262682E-4,1.6879853350798546E-4,6.195707989865656E-4,0.0040221506077716225,7.22594778566679E-5,5.010849256049469E-4,1.6894648911134561E-4,0.006353523425187522,3.415864253289461E-4,9.266683579725979E-4,0.0015808412453303848,5.395909608331049E-4,3.652084923510228E-4,2.1138444956910157E-4,2.7992099791701136E-4,3.3686384180267495E-4,2.4731843016270445E-4,0.006301921862967256,3.4135917012959624E-4,0.013695449194458248,1.9048279936562142E-5],[3.9182415592700355E-4,1.7195881786422046E-4,0.003963071077418895,8.074472736861159E-4,2.486011493461105E-4,1.506403321068288E-4,1.5232123375368413E-4,2.753427410190646E-4,2.3403788755196918E-4,0.0010772140512361578,2.908970937228949E-4,4.6202449179128414E-4,0.002054132254112672,0.013762900168043659,0.03426897054998839,0.0031181855198210593,0.0024581052205417905,2.442763132644718E-4,2.1510598951412276E-4,2.8347099036308247E-4,0.004153289669807145,6.26872183451644E-4,0.0032346066032658996,1.5047047155962234E-4,3.1917997816412706E-4,1.0,2.8598404982394326E-5,3.473144734238211E-5,1.6601496123760273E-4,1.466752731648873E-4,0.004819104422237017,2.583258849565496E-4,2.4810608890167015E-4,6.798323451018195E-4,8.428717517898051E-4,0.03418946983702648,0.0025998827490773284,6.040922780670016E-4,1.939092078130942E-4,4.711862344019214E-4,2.647904495014219E-4,1.5478870776466182E-4,6.497179485605356E-4,1.286990593818872E-4,0.014496181353600217,2.1863321295837506E-4,0.0010547156144335543,0.0023273290784619066,3.880651421464518E-4,2.4871027849329393E-4,1.694743304830059E-4,2.4210769928845869E-4,2.665070234801654E-4,9.96959452887612E-5,0.0075323423562297835,2.267325965466477E-4,0.013051263712706897,2.3906039533139282E-4],[2.017834747097274E-4,1.896026675622553E-5,0.016047701424332057,1.5103084266995538E-4,1.0132551694018758E-4,3.4411897229521866E-5,1.5830334495186726E-5,1.7816851722204016E-4,1.1324986431288174E-4,0.0010874923138802894,3.107120418581367E-4,6.825343350726071E-4,0.002898948560653816,0.008267676205046962,0.026346520833842375,0.002551400889080233,0.001956625185785095,1.2566928519676347E-4,3.2256420339342425E-5,2.343211844565999E-4,3.785017046988553E-4,0.0013997429018125407,0.0033918406374156976,7.504337027450375E-5,2.623611036068858E-4,2.8598404982394326E-5,1.0,1.9074740790762714E-5,3.115560374660862E-5,1.8881110830286342E-5,0.0016521349537504584,1.1337022702940982E-4,1.8484231774383595E-5,2.56779735965609E-4,3.120689161637269E-4,0.055585266820681656,6.957787406540981E-4,4.3131455405519915E-4,8.07749492577578E-5,3.622728652636366E-4,0.002419237384101556,1.5230468830133707E-5,4.659442006175723E-4,3.706362791950657E-5,0.012222387811384535,1.3895260105539745E-4,0.0016435122507761626,0.0017085101162741874,4.3192451503301334E-4,5.1274371123793085E-5,4.1131862608561766E-5,6.304823969619324E-5,2.672806620350075E-4,7.23657819983134E-5,0.011979248029818108,1.757275346814498E-5,0.011132029689179031,1.1837708848815473E-5],[1.6367331254876308E-4,1.0172137389776305E-4,0.01739186139963246,4.985939711118156E-4,3.4527938006566846E-5,4.385356625052898E-5,1.9928738582560904E-5,9.17501955323368E-5,9.592935416336061E-5,0.0014334471910235087,2.5888186449733627E-4,6.734562424874871E-4,0.0034200155804913375,0.003565322956727751,0.005159801715855114,3.408622441372608E-4,0.0016821975885383668,1.0144242487714547E-4,7.209444685166501E-5,9.445008687435023E-5,0.011670773878067553,0.0023911157368118685,0.009813430207345271,5.646928940314074E-5,2.1850740389014686E-4,3.473144734238211E-5,1.9074740790762714E-5,1.0,6.190841368828181E-5,2.269041352399976E-5,0.004485214328353214,1.2215293609472858E-4,2.242250190805992E-5,4.3905372313376176E-4,0.0012650886598679174,0.037656372659560296,6.224049631880489E-4,0.001146827204856135,2.726509624451155E-5,3.8680661307503004E-4,0.00420963837555689,1.7090650501036592E-5,6.220818434766744E-4,3.239119100012441E-5,0.0012224094786992968,1.4384167250226445E-4,5.460945591671144E-4,9.050869072353355E-4,4.638274929245661E-4,2.2872985124593363E-4,6.494503881177173E-5,6.289462483917878E-5,2.803990339569213E-4,4.7127343832937204E-5,0.006875117744217167,1.2877981557798708E-5,0.01532592734212984,2.1904425826038956E-5],[3.255231636760269E-4,1.2027339987292289E-4,8.750869741638377E-4,2.9130728104211827E-4,1.3585221038918397E-4,1.1024800160097573E-4,2.4114179818883128E-5,2.839349415317201E-4,1.268463593505947E-4,2.2359896771448703E-4,2.0498516247142315E-4,0.001066282863673513,0.003671956026786269,0.006093092890570275,0.040580060065076355,8.54599189151416E-4,9.298671916434041E-4,1.4205594502413643E-4,1.138436136229857E-4,1.978422828587214E-4,6.258903028721024E-4,0.002134052644185052,0.003963384056168707,1.1842522687541265E-4,2.988464325696323E-4,1.6601496123760273E-4,3.115560374660862E-5,6.190841368828181E-5,1.0,7.4243011388173E-5,0.00522551865451207,2.3114422876597537E-4,8.757995672663461E-5,2.4402068080992234E-4,2.6658605778402683E-4,0.028117795537217168,0.002192643702474961,9.401806621718543E-4,1.1749870686967319E-4,5.636044917569729E-4,0.004196228042270866,1.2040472031953104E-4,9.656731222317781E-4,1.1200980752907587E-4,0.002579825663213081,1.9388711505019968E-4,1.2327839361245057E-4,2.99129323698242E-4,6.381890322191789E-4,1.4585902562767734E-4,1.4547654418530114E-4,1.7747074715376273E-4,2.4202302642647064E-4,7.874752206141992E-5,0.0033936952501993347,1.0535928185473646E-4,0.008930503593393192,1.0676046485904504E-4],[1.5831701963108492E-4,2.5788174259368617E-5,0.0057631709333516926,6.019236495379137E-4,3.6292509576250144E-5,3.679799126666806E-5,1.9689324678856657E-5,6.131133938068933E-5,3.202749464698912E-5,0.0013632883159503967,2.7373769634761257E-4,0.0013646020120824916,5.126660088488694E-4,0.006269972602766171,0.07531642731459395,0.0028765324479188645,0.001690428402692966,1.471182487756857E-4,7.616761428947893E-5,8.754504236453659E-5,0.009692828591410239,2.150657388834816E-4,0.006360715525046547,2.6047279421948134E-5,3.2636454966281287E-4,1.466752731648873E-4,1.8881110830286342E-5,2.269041352399976E-5,7.4243011388173E-5,1.0,0.004089119052830186,6.574730548252395E-5,2.1049464229281113E-5,0.001472425621263548,6.318013964341299E-5,0.05060017734171937,0.00209171905374179,3.833987023643037E-4,5.225536334697624E-5,4.334063012074665E-4,0.001923100823073497,1.610060135912173E-5,5.307638337539649E-4,6.165496358525216E-5,0.01097071804050436,7.781505065490945E-5,2.7601232373531935E-5,0.0025884873632707347,2.5654140077715576E-4,3.8853339814052706E-5,1.504803332877499E-4,1.7409420814791304E-4,4.722686863696225E-5,3.666864015699177E-5,0.0019954007217315188,1.1149622044235536E-5,0.009158103799218227,1.5079406950059121E-5],[0.001823229036512693,0.005175885358700249,0.011433927604913905,0.004261913222261141,0.004628676077892936,1.9867968611713118E-4,0.003367349098915637,6.397534352100518E-4,1.7809858546444514E-4,0.002499677631927216,0.0026364795204544714,0.0016296633126924563,0.005119122319665665,0.011331668937542559,0.00647640071566885,0.005141312976012158,0.005055959181644002,0.0035635872554817143,0.003897722221070543,0.002987393008641935,0.010373258709080423,0.005674505009752371,0.01937462128959059,0.002627290203321152,0.0031722780000597033,0.004819104422237017,0.0016521349537504584,0.004485214328353214,0.00522551865451207,0.004089119052830186,1.0,5.042929953157887E-4,0.0012215818473465838,0.002782002272344997,0.004412521664670262,0.017048400539502555,0.00400280323770476,0.005059929127954022,0.004887769465458772,0.0034694640447689813,0.005610382866294215,0.005461918362926954,0.002155346303170905,0.0025081816024704676,0.013999645108210595,0.0027655061912413826,0.002477056669279893,0.0040653776273692505,0.0019037811176499672,0.002842290516370082,0.004988278459699039,4.773524961945054E-4,0.004718648677878787,0.0019045158170733962,0.02239060900453981,0.004928528301857436,0.010664200553846483,0.001980919952103733],[3.3764153828348025E-4,2.5478687479433106E-4,0.019763124182572978,2.759025051098577E-4,1.5565456586316914E-4,2.3345159283572823E-4,1.3053955423880686E-4,3.5551108652103993E-4,2.024339922623296E-4,3.114266883089715E-4,2.939116398068992E-4,0.0012654846230592514,0.0015814289884023506,0.006981039744101666,4.911211515205478E-4,3.225340636614682E-4,7.069813815442094E-4,2.1009104155089844E-4,2.6823144330567067E-4,3.2853984653311854E-4,0.003556528651135156,0.002614740270769156,0.006455093667284886,1.6932403000683845E-4,3.3308975191722234E-4,2.583258849565496E-4,1.1337022702940982E-4,1.2215293609472858E-4,2.3114422876597537E-4,6.574730548252395E-5,5.042929953157887E-4,1.0,2.452843227168754E-4,4.360130388853685E-4,0.0016307961622167857,0.04187809619175042,0.002655806866668513,0.0011688924701757255,1.267510443989502E-4,4.267898092697437E-4,0.0028066492854884684,2.4882021175071858E-5,9.256292116361381E-4,2.55398809069648E-4,0.0032888199799970055,2.4102390532698974E-4,9.24516337753678E-4,0.002373252765751139,6.653344339678396E-4,2.622889548334621E-4,2.4590555876036766E-4,2.689443586666179E-4,2.7994435136226964E-4,2.1005270183229387E-4,0.011309658244157344,2.7856254738424635E-5,0.01652781243428786,1.9035400535007447E-4],[5.3398162921672754E-5,1.0666866255315148E-4,0.008808561315469879,7.078563281292116E-4,1.0484115410631177E-4,8.835116171157365E-5,1.5671790378227337E-5,3.6766642529811877E-4,9.355974781039125E-5,6.589193978300357E-4,5.173739228895318E-5,4.072864815630649E-4,0.0015004590488004496,0.012212363129909445,0.022644429955706074,0.0037130576688461175,0.001112373511751316,1.1582198055318504E-4,8.436434076358789E-5,1.9599987664378556E-4,0.009041255055328044,0.002012312608791591,0.015438350138208582,2.3175629736852506E-5,2.1149914056900525E-4,2.4810608890167015E-4,1.8484231774383595E-5,2.242250190805992E-5,8.757995672663461E-5,2.1049464229281113E-5,0.0012215818473465838,2.452843227168754E-4,1.0,0.0011012462815192991,0.0014968767716028218,0.06449554607466644,9.552977217812852E-4,5.872328432033569E-4,3.14730551653283E-5,6.39802306308745E-5,0.0012507249648404661,1.6316549131984517E-5,4.0613038138190283E-4,8.452142277204833E-5,2.669225343638058E-4,1.4441505588752652E-4,7.31784683256925E-4,7.222605557577331E-4,3.029388522558749E-4,1.753204682