[[1.0,0.007710358682113786,0.007261220039307618,0.004640232103542433,0.0021646105852413675,0.0017117186584031329,2.4448578508117944E-4,4.170641715822589E-4,7.512155366609026E-5,2.4070511372286486E-4,1.1098900556266576E-4,6.538217361251651E-4,0.030766266004046926,9.402176440047648E-4,1.8048590324200664E-4,6.811451935425811E-4,0.008153271242493747,4.2873056142723093E-4,0.0010112441613055467,3.6682655825331586E-4,8.691382954134149E-4,0.001103076576986134,6.803661299179801E-4,0.00318973712597526,4.385851185687669E-4,0.0031034819864415968,0.0046265983290117,0.0016784796041441972,3.2603672053940487E-4,9.388047565736177E-5,1.7903437432774567E-4,2.733326010266073E-4,5.469114774485467E-4,0.0017614546152362697,0.02686016864895949,2.484370514261321E-4,3.4402744229157446E-4,2.78587563284262E-4,6.2554440316844E-4,0.004792708371427509,2.8053835311298383E-4,4.4539220895462375E-4,3.9085511475600473E-4,0.0014441155047894465,4.8087511817209886E-5,0.001056653176660793,0.0015720714829867044,4.66171030472903E-4,0.0022575671457073735],[0.007710358682113786,1.0,0.01587424139179376,0.016910659648743456,0.005118862420363637,0.01770060254674477,0.0071863201831028935,0.011193830399118773,0.0125286346080451,0.014439668278855275,0.01744394359411027,0.006803794155836533,0.039215206457366356,0.010333283555489202,0.009152206687501925,0.0018788554409813506,0.018941160876380328,0.0020252934517226173,0.013331376575234071,0.004363699716853355,0.015507666266253006,0.018774761497879853,0.009091559726958682,0.007030733486873672,0.007305702108699543,0.016772557575803745,0.017240638566548814,0.013678089000901582,0.006441783241621039,0.01811988940861116,0.009044528889905356,5.679077964528942E-4,0.007023236741555048,0.0027840548126711307,0.04514517315079801,0.001111030227719229,0.006211556771084268,0.008424170406966738,0.018231870797307013,0.006065520283786386,0.005009964199406047,0.008478103531987587,0.00599955657362978,0.01335169179855935,0.01383098549426912,0.010594699583059823,0.011480261192359176,0.018834882076518678,0.004954079358236822],[0.007261220039307618,0.01587424139179376,1.0,0.012886957857168539,0.006261445890630253,0.00444628242177433,0.004594237190222794,0.00902872942754711,0.006794152069475955,0.0037620095773454915,0.002839960069066906,0.004791240000006792,0.03979920395466705,0.003202775906159333,0.005297922868515881,0.007077867936258528,0.01641739328505739,0.004102211901630446,0.005620650727646412,0.008921893927793492,0.0017423554600516666,0.003319431457595017,0.005808817597883669,0.008189028411211345,1.4907173778695688E-4,0.006611124842494515,0.013588615962822346,0.002853423911498711,0.00428142069951474,0.009122852970351444,0.005742866465693406,0.0018372943387478967,0.005999694076132982,0.008189687768369402,0.035200400074930284,0.00931626263537828,0.003460912082110858,1.9783092090834938E-4,0.003954059666947386,0.005825352885582373,0.00430451771555986,0.008760570039568021,0.005164059601295825,0.003025449584680558,0.001911279371640747,0.003875752564020679,0.00534935755631915,0.004906210854161788,0.007499690864624688],[0.004640232103542433,0.016910659648743456,0.012886957857168539,1.0,0.008199169749693274,0.0036753561629254356,0.0018734445611886244,0.0034490577310137376,0.0017199173792331287,0.005336842691652347,0.008174214665296544,0.0025130606832805334,0.044608789066965276,0.01058211845640086,0.010957808490348967,0.008473915713469891,0.01588048261839973,0.011495609644599631,0.00961825913248526,0.005502641698040644,0.013900608216984068,0.008311149252580648,0.010401085870152435,0.008377569722227973,0.014585122876915869,0.01259992495793956,0.014705882352941176,0.00791502230370354,4.6035313165914684E-4,0.006173896479844336,0.006388278571022351,0.009532533138287341,0.0021314437753517886,0.006003412616910907,0.04502821119681717,0.0025188364614560964,0.0023792344960809073,0.007928416009023248,0.013087704508961875,0.006024797957923225,0.0069271406924238,0.0011823487230060614,0.01286577793794391,0.005619746903519381,0.014074819914799808,0.01464988211816506,0.01461669366178961,0.0081018230375437,0.006996810623522304],[0.0021646105852413675,0.005118862420363637,0.006261445890630253,0.008199169749693274,1.0,0.002761081752415424,0.0012689680866825905,0.002203731521718204,2.226389953010976E-4,0.001600894202875967,6.587278112416748E-4,0.0026321125682481667,0.01142102613424765,0.002453872155982704,0.0024030493921255243,0.0026708871705661643,0.014675832196660394,0.0027937932637229664,0.0012363264030086755,4.831017852372717E-4,0.0015400082717054908,0.0029042003663791614,0.0024737685588778037,0.0029468580742163645,6.562405746535422E-4,0.0038732436492621364,0.003508731575155144,0.0028644940964362288,0.0025080675024098968,9.489027288392135E-4,0.0015897731448565693,3.818685860708967E-4,0.0014922135970538398,0.0025877097802045274,0.025751433705151514,0.0013605705855848946,5.66079605977718E-4,2.6054627159792287E-4,0.0012122963347446834,0.004793322895635415,3.623378134345886E-4,0.002504325878906522,0.002172511651816365,0.002911884537234154,0.001127456525457822,0.0018143192764724545,0.00326189690565531,1.2964575258689692E-4,0.00268114757515131],[0.0017117186584031329,0.01770060254674477,0.00444628242177433,0.0036753561629254356,0.002761081752415424,1.0,8.96715234018322E-4,0.0014645195844778043,0.0015194510689883632,0.0012679097799123639,0.0014728253554829173,0.0024868643327979776,0.006554845640944468,0.0015080553571574305,0.0022828934047342576,0.002321096099753634,0.013437221381776734,1.802510344608449E-4,0.0018406154689321226,3.727266170172922E-4,0.0014015782169912792,0.0019267078494880434,0.0021916269138692254,0.0025109677885216007,0.0013856828754136804,0.0026835707774893326,0.0033847064691502056,0.0025895437622817114,0.0021727426048379207,0.001812243565312761,9.626982242436886E-4,3.804448294240533E-4,0.0021647303075842807,0.0023418157891862356,0.03070497188790135,0.0018883055878609312,0.0014864440535022295,0.0017569801457454337,0.0017283585231306002,0.0029008252852572606,2.030911554056047E-4,3.822067129536309E-4,2.2535520165083633E-4,0.0015659584493609294,0.0013079789058143743,0.002091092391123007,0.0033047347265153276,3.67888567507009E-4,0.0024674392397787174],[2.4448578508117944E-4,0.0071863201831028935,0.004594237190222794,0.0018734445611886244,0.0012689680866825905,8.96715234018322E-4,1.0,2.772022603602947E-4,9.167896556887056E-5,1.3207213489004353E-4,3.8634225701766104E-5,2.6796765534087383E-4,0.014423184375864819,7.613305793311779E-4,1.3208717408617183E-4,9.946149137653906E-4,0.009124103990013368,4.298465913193205E-5,7.897643513331196E-4,1.9898848580555224E-4,7.558567072451326E-4,4.2259408534078266E-4,5.352339098016849E-4,0.0031844705569903445,1.1955711864483054E-4,9.809766244830618E-4,0.008865035623119594,2.590316548013728E-4,1.572794993910062E-4,4.727146347934944E-5,1.3732226196061398E-4,1.3400104854087737E-4,0.0010399302904122976,0.00206680610577866,0.04021984814619464,1.878960696875844E-4,7.597773849620441E-5,9.320556943246319E-5,5.973613189223404E-4,0.004410676705032434,1.2007276937593069E-4,3.023590204971299E-4,1.3309935154948957E-4,9.79715632269854E-4,2.212613908037057E-5,9.68674588629146E-4,0.002720206623045538,2.9280286300016576E-5,9.37987218663023E-4],[4.170641715822589E-4,0.011193830399118773,0.00902872942754711,0.0034490577310137376,0.002203731521718204,0.0014645195844778043,2.772022603602947E-4,1.0,1.1414928807308491E-4,2.9356320084639046E-4,1.7801987262111333E-4,0.002108162116231032,0.025563493817304335,4.022431743448433E-4,2.862156566424624E-4,3.3256462181976114E-4,0.0073014264523416535,8.700676008967278E-5,0.0010923451724664246,2.825267825144096E-4,7.923933160666521E-4,0.0014133002067796964,5.121033561394739E-4,0.002514437626647372,2.1072004519011788E-4,0.0019478922901546114,0.006784712391310751,5.987578966330626E-4,2.3811263877547816E-4,6.974208274761166E-5,2.4419439591195604E-4,1.7143897271472734E-4,9.78130689587502E-4,0.0014464804014365262,0.018134842156116483,2.8428094944201777E-4,1.0850619580409792E-4,2.8028381731022675E-4,3.3730687307821633E-4,0.004801758935744025,2.043344964923851E-4,3.180792187856572E-4,1.393269342389253E-4,9.728196345632094E-4,2.8990371856032023E-4,0.001331820472873377,0.0010676601875936657,2.463120104237184E-4,0.0010165285997071121],[7.512155366609026E-5,0.0125286346080451,0.006794152069475955,0.0017199173792331287,2.226389953010976E-4,0.0015194510689883632,9.167896556887056E-5,1.1414928807308491E-4,1.0,1.1780742578285349E-4,2.6997833315124975E-5,0.0011819416692226768,0.03730500264461232,5.725805710926802E-4,6.608433265190205E-5,4.2952761886747693E-4,0.017301519763696614,1.2437813315878055E-5,9.724703618219487E-5,1.083411891075145E-4,8.636424175325199E-4,0.0012907746032234122,4.4821029635242496E-4,0.002928178093668001,4.114085436927141E-5,0.0032835502387928536,0.007370385215367102,0.00118744462786619,1.543097358898748E-4,2.801849688732273E-5,9.357006698585899E-5,8.212468046753837E-5,1.3921516231684962E-4,0.001435551592528223,0.003397780644804627,3.6011433435527864E-5,4.532454140845332E-5,1.7588471632572476E-5,5.926333440025822E-4,0.0024036134203795512,8.090074000647883E-5,2.635654958965899E-4,8.989527074317874E-5,3.729124359068285E-4,1.496771802732031E-5,7.013015652195822E-4,0.001140034350034542,1.97506101036816E-5,9.450279290877154E-4],[2.4070511372286486E-4,0.014439668278855275,0.0037620095773454915,0.005336842691652347,0.001600894202875967,0.0012679097799123639,1.3207213489004353E-4,2.9356320084639046E-4,1.1780742578285349E-4,1.0,9.408027957564431E-5,6.701028211759566E-4,0.042916588425382436,2.6329870787535607E-4,1.5889989939856157E-4,8.146293174889143E-4,0.013305548841235514,1.4199616728761597E-4,5.42141471733674E-4,1.9626986346290185E-4,0.0010528389418854001,1.8692218794345522E-4,6.967675055193877E-4,0.0017883515654023576,1.3236920692900095E-4,0.004002175029719049,8.553547284852068E-4,6.368403611910926E-4,1.8370026073488363E-4,1.234992962234291E-4,1.5367907354933428E-4,1.4907484443547097E-4,7.687106228859266E-4,0.0018651552532452226,8.597325977743837E-4,1.779404015476223E-4,9.162238360713751E-5,2.590543551414312E-5,5.903688954026671E-4,0.0013186558251458884,1.3875752487981058E-4,2.2266981631759695E-4,1.461090854644172E-4,0.0010152978745520558,1.5517135699393141E-4,0.001055575810563464,0.0025107381684259474,8.491606992454807E-5,5.87453822575057E-4],[1.1098900556266576E-4,0.01744394359411027,0.002839960069066906,0.008174214665296544,6.587278112416748E-4,0.0014728253554829173,3.8634225701766104E-5,1.7801987262111333E-4,2.6997833315124975E-5,9.408027957564431E-5,1.0,5.470098788920349E-4,0.03458300091316346,3.9569510412707924E-4,4.992218634021453E-5,5.377568696422229E-4,0.012628620602198186,2.5672103928556896E-5,3.5157225849914204E-4,1.637047517192461E-4,4.6340913988577074E-4,0.0010187916645201312,9.392870455245739E-5,5.90894563317751E-4,5.1008224560547414E-5,0.0020665527312154473,0.005317508582556298,0.00233822917728623,9.651850084344515E-5,2.7189509292381498E-5,7.186508326857803E-5,3.488630794940509E-5,0.0010718890634625181,0.0018170571333428348,0.042148069657278256,1.5218196380821885E-4,3.553172427679792E-5,2.5500283350917745E-5,7.482272038655212E-4,0.001443656252283153,9.615285656634419E-5,2.986186405674679E-4,4.589388018390858E-5,1.2952420305655752E-4,1.739630166154142E-5,1.1506568061742324E-4,1.7451190985956432E-4,1.646958438722282E-5,0.001910667413782602],[6.538217361251651E-4,0.006803794155836533,0.004791240000006792,0.0025130606832805334,0.0026321125682481667,0.0024868643327979776,2.6796765534087383E-4,0.002108162116231032,0.0011819416692226768,6.701028211759566E-4,5.470098788920349E-4,1.0,0.033524108179011684,0.0010231769092246031,0.001555403460784571,0.0013922043697683151,0.0057761689727050545,8.01117013727264E-4,0.0018065878328997068,0.00251144195890986,0.0018016533294618027,0.0022547418394033196,0.0013629362677713996,0.002922565574342764,5.580366560173144E-4,0.0037424838592210203,0.008673031219806256,0.0026198137469562524,0.002020855602172894,0.002029279986193561,6.984621200827646E-4,9.396439109941102E-4,0.0023560442176231685,0.0022749008029453012,0.038744988327254024,0.0014979710174577005,0.0012110307894642087,0.002088293955079507,0.0018941543273830479,0.005284972574565196,0.002468137609390809,0.002472520991571075,0.0014312810525911115,0.0016993094702513374,0.0022792102853075227,0.0022837238837647342,0.003796672175418375,0.0016676348870841493,0.0024867024903656248],[0.030766266004046926,0.039215206457366356,0.03979920395466705,0.044608789066965276,0.01142102613424765,0.006554845640944468,0.014423184375864819,0.025563493817304335,0.03730500264461232,0.042916588425382436,0.03458300091316346,0.033524108179011684,1.0,0.03981931716842914,0.0024054652047485305,0.017473684924353805,0.040242287835611075,0.015203033535928478,0.00603246032255693,0.04389660193326486,0.01587692693372421,0.016490083886726053,0.02003653591622926,0.023987295211041683,0.002087521511367953,0.0427920899660182,0.015627805842072757,0.017022421114026926,0.044630062170334536,0.030545341591009172,0.007693567316193187,0.003184588856560681,0.003173041283793925,0.007730336120855745,0.045454545454545456,0.02102656208392751,0.022422052961007275,0.022028100149689332,0.006887506744201253,0.012795868291380803,0.02811045356639577,0.02316292675810692,0.0406518846457224,0.008241637527961223,0.031376889666275866,0.013755603356089444,0.030366544439902703,0.0037088877473627855,0.04522885735015933],[9.402176440047648E-4,0.010333283555489202,0.003202775906159333,0.01058211845640086,0.002453872155982704,0.0015080553571574305,7.613305793311779E-4,4.022431743448433E-4,5.725805710926802E-4,2.6329870787535607E-4,3.9569510412707924E-4,0.0010231769092246031,0.03981931716842914,1.0,6.995586493358079E-4,0.0011453953894939276,0.016843375115427595,4.813014070506713E-4,9.772416439088666E-4,6.671920186430828E-4,0.0010218318860021035,0.0011201572851144914,9.848985424405353E-4,0.001589600218138955,2.9926092067566405E-4,0.0011277750981432122,0.0129164792786497,0.0017590600255260635,8.564031742020576E-4,9.318883604345617E-4,9.496405170000859E-4,7.623824800056082E-4,0.0011467976879654912,0.001332695323109419,0.04133106172103656,2.5291644027695243E-4,7.576352903868876E-4,6.944337945818623E-4,8.689545248300626E-4,0.0032724932366722578,3.9834239526444855E-4,8.977276634704147E-4,8.91889053784959E-4,0.0015055341814412203,9.076973552950083E-4,9.962472041212481E-4,0.002507535041200476,1.7791341548071591E-4,0.0015729226907523425],[1.8048590324200664E-4,0.009152206687501925,0.005297922868515881,0.010957808490348967,0.0024030493921255243,0.0022828934047342576,1.3208717408617183E-4,2.862156566424624E-4,6.608433265190205E-5,1.5889989939856157E-4,4.992218634021453E-5,0.001555403460784571,0.0024054652047485305,6.995586493358079E-4,1.0,5.430556264677418E-4,0.015695534976487454,9.181809981890802E-5,3.892910736107587E-4,2.067345499559623E-4,4.203971698899232E-4,5.414794346085151E-4,6.7455722362678E-4,0.0027638010585945114,1.2160405600894383E-4,0.00384130745038005,0.003784226976747656,5.66992192311565E-4,1.9056338270462346E-4,6.094623933530545E-5,1.4307025680561342E-4,1.4952211458718785E-4,0.0012054265507627972,6.382728552314324E-4,0.04491296924679954,1.7271846701762654E-4,1.4496402821987569E-4,1.4765445318756182E-4,5.839514685024669E-4,0.0029797111579743223,1.3563301146084748E-4,2.6745826424412337E-4,1.3563175198610266E-4,2.8403715962755933E-4,8.162424353649158E-5,0.0012849349857868633,0.002847245570142309,3.8614155723025166E-5,7.851698265634991E-4],[6.811451935425811E-4,0.0018788554409813506,0.007077867936258528,0.008473915713469891,0.0026708871705661643,0.002321096099753634,9.946149137653906E-4,3.3256462181976114E-4,4.2952761886747693E-4,8.146293174889143E-4,5.377568696422229E-4,0.0013922043697683151,0.017473684924353805,0.0011453953894939276,5.430556264677418E-4,1.0,0.0029161123713860207,0.0011322675799624344,0.0013281874497433706,0.0011190858012192742,0.001256354918797952,0.0014524888262385282,0.0012312001419481227,0.0027419398957219737,0.0012807223730787712,0.0029826593567439446,0.007969148206774867,0.002346518536177145,4.493729817084035E-4,8.596543802851531E-4,0.0011947146368965285,0.0010755384461960127,0.0013607092574645702,0.0015849073229679644,0.04026697043007743,8.605499324700161E-4,2.9043712909133023E-4,7.490235481282345E-5,0.0011882774597845953,0.0025300506182687685,1.2680174243957584E-4,9.268545829731172E-4,0.0010158430484782143,0.001373128192948119,2.9934797795674894E-4,0.0015571347539233256,0.0029291615804875595,8.924809017782692E-4,0.0021551959350157154],[0.008153271242493747,0.018941160876380328,0.01641739328505739,0.01588048261839973,0.014675832196660394,0.013437221381776734,0.009124103990013368,0.0073014264523416535,0.017301519763696614,0.013305548841235514,0.012628620602198186,0.0057761689727050545,0.040242287835611075,0.016843375115427595,0.015695534976487454,0.0029161123713860207,1.0,0.010849220860103575,0.0011149915788220045,0.00975337153860382,0.0020164484925530536,0.009268954069021706,0.007059774103498211,0.01560934968175498,0.01578053671562686,0.004601305859986591,0.016337758288647142,0.01609557729360149,0.0161750424798887,0.0020786392664563507,0.0010603576840797525,0.012665428167882272,0.006930707549473005,0.008362533404265102,0.024282546122078807,0.014214889109799223,0.014083558354148443,0.008555525767640394,0.003918950211177004,0.015026691238188688,0.006608001818098382,0.0014866137797613695,0.017419146158277783,0.01334143555090082,1.53628480191488E-4,0.002130391878725601,0.006571668989777308,0.0013471288225575706,0.012437392654256965],[4.2873056142723093E-4,0.0020252934517226173,0.004102211901630446,0.011495609644599631,0.0027937932637229664,1.802510344608449E-4,4.298465913193205E-5,8.700676008967278E-5,1.2437813315878055E-5,1.4199616728761597E-4,2.5672103928556896E-5,8.01117013727264E-4,0.015203033535928478,4.813014070506713E-4,9.181809981890802E-5,0.0011322675799624344,0.010849220860103575,1.0,3.365892180944246E-4,2.1236364114387852E-4,6.95290990870033E-4,7.56528303578138E-4,8.552978389608049E-4,0.0012261006216600628,7.599190816924404E-5,0.0033080115424852408,0.004225998934759353,0.0017009778649400527,4.907706341803307E-5,2.115994203977913E-5,5.8324233481706814E-5,9.012792845847095E-5,6.270026869216251E-4,4.1680829324849814E-4,0.004132715622890548,7.214031363379931E-5,5.210793549627869E-5,1.2067443991094832E-5,1.5004110632042277E-4,0.004941873851713858,1.684007357734301E-5,2.7375094637285726E-4,1.1686696679346592E-4,5.201393317119656E-4,1.095765778753729E-5,5.738161025488371E-4,0.0013432055356063085,1.3458311215166114E-5,9.054137683736714E-4],[0.0010112441613055467,0.013331376575234071,0.005620650727646412,0.00961825913248526,0.0012363264030086755,0.0018406154689321226,7.897643513331196E-4,0.0010923451724664246,9.724703618219487E-5,5.42141471733674E-4,3.5157225849914204E-4,0.0018065878328997068,0.00603246032255693,9.772416439088666E-4,3.892910736107587E-4,0.0013281874497433706,0.0011149915788220045,3.365892180944246E-4,1.0,9.483609413170051E-4,0.001207824744503189,0.0014779278862790063,0.0010766524369300262,0.0025569108133824095,5.723177720639986E-4,0.0016797386392742842,0.009630078686815483,0.001093017535242393,9.670210390504125E-4,7.177452237663158E-4,5.797998541661458E-4,5.258783205975283E-4,0.00132689996024747,0.0019194160412886385,0.03554998388753715,4.404566194229073E-4,6.072282140783013E-4,9.651522536194204E-4,9.43303986685645E-4,0.005260488986524482,4.951780056009051E-4,6.65460576837172E-4,5.992760409540682E-4,0.001485610855381317,3.069209086591613E-4,0.001557051263077279,0.0034174865458973473,1.6496696488037024E-4,0.0015005431800151105],[3.6682655825331586E-4,0.004363699716853355,0.008921893927793492,0.005502641698040644,4.831017852372717E-4,3.727266170172922E-4,1.9898848580555224E-4,2.825267825144096E-4,1.083411891075145E-4,1.9626986346290185E-4,1.637047517192461E-4,0.00251144195890986,0.04389660193326486,6.671920186430828E-4,2.067345499559623E-4,0.0011190858012192742,0.00975337153860382,2.1236364114387852E-4,9.483609413170051E-4,1.0,7.060606328811838E-4,0.001084103473615143,4.8026069062505913E-4,0.0024432816434769643,1.2079578173302424E-4,0.0026605729314842425,0.008326103553464588,0.0016275669538648365,2.214254039944598E-4,1.9598686408844358E-4,2.4197402121456875E-4,1.896373266520196E-4,0.001329497356930998,3.9816259247555313E-4,0.043884763634825054,2.2458890834548865E-4,2.2507020450804137E-4,3.6774693419766957E-5,4.4500986305200536E-4,0.0038150501714897043,1.8665841489163174E-4,2.7659129026237124E-4,1.348806857120522E-4,9.115155180493658E-4,1.5518289428361831E-4,8.019383257641593E-4,0.0034465095979837167,2.5010096359851362E-5,0.0013285292661568138],[8.691382954134149E-4,0.015507666266253006,0.0017423554600516666,0.013900608216984068,0.0015400082717054908,0.0014015782169912792,7.558567072451326E-4,7.923933160666521E-4,8.636424175325199E-4,0.0010528389418854001,4.6340913988577074E-4,0.0018016533294618027,0.01587692693372421,0.0010218318860021035,4.203971698899232E-4,0.001256354918797952,0.0020164484925530536,6.95290990870033E-4,0.001207824744503189,7.060606328811838E-4,1.0,0.0013044068706190382,0.0010529583384112455,0.0030267285242865506,3.721733688376663E-4,0.00151712779743057,0.013153391328678671,0.002174673178540578,0.0011699190152993444,6.652595017700354E-4,0.0011714670437689067,0.0011910408199522794,0.0013324203472365973,0.001722703253723706,0.02101015080687282,7.51365770986995E-4,9.99966488378857E-4,7.281194005907585E-4,0.0010333025585138758,0.0028670746321457054,7.202277060178366E-4,5.099653346335947E-4,6.026000946301663E-4,0.001264341501910175,1.3729549441279112E-4,0.001455170211373433,0.0016295262866700781,3.7457216206188165E-4,0.002079850617587889],[0.001103076576986134,0.018774761497879853,0.003319431457595017,0.008311149252580648,0.0029042003663791614,0.0019267078494880434,4.2259408534078266E-4,0.0014133002067796964,0.0012907746032234122,1.8692218794345522E-4,0.0010187916645201312,0.0022547418394033196,0.016490083886726053,0.0011201572851144914,5.414794346085151E-4,0.0014524888262385282,0.009268954069021706,7.56528303578138E-4,0.0014779278862790063,0.001084103473615143,0.0013044068706190382,1.0,0.0014806463125439972,0.002880309392328087,3.703140582635326E-4,0.002774571163204678,0.0031755427046078837,0.002724241300365641,4.582917745507882E-4,8.934316033594013E-4,0.0010906829229937426,0.001443407576990786,0.001384822894633606,0.0017767330056230382,0.0033573817271230107,9.535568942653117E-4,9.562146676267979E-4,0.0012290531073397932,0.001124280923897377,0.002154680096485201,6.839863023600445E-4,6.60167870549239E-4,0.00120212190237924,0.0015015655593597472,3.1330880546154787E-4,0.001535927783773352,0.0030825177104912326,7.994132469478401E-5,0.0022403470506495464],[6.803661299179801E-4,0.009091559726958682,0.005808817597883669,0.010401085870152435,0.0024737685588778037,0.0021916269138692254,5.352339098016849E-4,5.121033561394739E-4,4.4821029635242496E-4,6.967675055193877E-4,9.392870455245739E-5,0.0013629362677713996,0.02003653591622926,9.848985424405353E-4,6.7455722362678E-4,0.0012312001419481227,0.007059774103498211,8.552978389608049E-4,0.0010766524369300262,4.8026069062505913E-4,0.0010529583384112455,0.0014806463125439972,1.0,0.0015961641786859425,7.411654280620336E-4,0.0025079348105823984,0.003913463451678534,0.00224013305430201,3.543417843771787E-4,4.6266746733143857E-4,9.640896127217663E-4,9.180446176131369E-4,0.0010174921793719906,0.0013391600619957345,0.01625363846577315,5.52923817623653E-4,6.564026832683629E-4,6.375738975949292E-4,9.92069817246605E-4,0.002972167633980639,1.8201785787192554E-4,7.106116990107628E-4,2.171260237327311E-4,0.0010570210716177501,9.15512117093287E-4,0.0011132649836778966,0.001641868989780067,6.240472494827143E-4,0.0010324673255066954],[0.00318973712597526,0.007030733486873672,0.008189028411211345,0.008377569722227973,0.0029468580742163645,0.0025109677885216007,0.0031844705569903445,0.002514437626647372,0.002928178093668001,0.0017883515654023576,5.90894563317751E-4,0.002922565574342764,0.023987295211041683,0.001589600218138955,0.0027638010585945114,0.0027419398957219737,0.01560934968175498,0.0012261006216600628,0.0025569108133824095,0.0024432816434769643,0.0030267285242865506,0.002880309392328087,0.0015961641786859425,1.0,5.501094779189784E-4,0.003881805331154072,0.004611083394117389,0.003220668823549057,9.371514664276077E-4,0.0012324615204555522,2.857245297303671E-4,0.002923124805552259,0.0019160029563973593,0.0025317132417806885,0.03767441100497137,0.0013008955557791634,0.002866503510157269,5.106293754244325E-4,9.578263819586309E-4,0.004547798167713684,0.0017079255279692943,0.0011371412004494718,6.06505698214943E-4,0.0025842122567544283,9.622393527820444E-5,0.0016273561072040863,0.003558923551898662,9.379078893513952E-4,0.0032251329860737126],[4.385851185687669E-4,0.007305702108699543,1.4907173778695688E-4,0.014585122876915869,6.562405746535422E-4,0.0013856828754136804,1.1955711864483054E-4,2.1072004519011788E-4,4.114085436927141E-5,1.3236920692900095E-4,5.1008224560547414E-5,5.580366560173144E-4,0.002087521511367953,2.9926092067566405E-4,1.2160405600894383E-4,0.0012807223730787712,0.01578053671562686,7.599190816924404E-5,5.723177720639986E-4,1.2079578173302424E-4,3.721733688376663E-4,3.703140582635326E-4,7.411654280620336E-4,5.501094779189784E-4,1.0,0.0019301566633673902,0.0021073673401719928,3.1300283901594737E-4,2.1461672852101526E-4,5.2427965849316356E-5,1.3106064054246215E-4,1.3665449015798505E-4,4.5181794166834115E-4,0.001594047785601375,0.014867022010241954,1.3100315857239426E-4,6.526625759012286E-5,9.544041225307136E-5,8.466821984039794E-4,0.0019561466770053135,1.209484158312639E-4,1.876733104118651E-4,1.2392036789883387E-4,0.0012769898285736184,7.165697338836415E-5,0.0010945051234135803,0.002122042605417943,2.350982725681941E-5,0.0018816719580830128],[0.0031034819864415968,0.016772557575803745,0.006611124842494515,0.01259992495793956,0.0038732436492621364,0.0026835707774893326,9.809766244830618E-4,0.0019478922901546114,0.0032835502387928536,0.004002175029719049,0.0020665527312154473,0.0037424838592210203,0.0427920899660182,0.0011277750981432122,0.00384130745038005,0.0029826593567439446,0.004601305859986591,0.0033080115424852408,0.0016797386392742842,0.0026605729314842425,0.00151712779743057,0.002774571163204678,0.0025079348105823984,0.003881805331154072,0.0019301566633673902,1.0,0.012093034591287456,0.0038772893717423105,0.002719580390474472,0.004001961022141798,0.002600824605451224,3.092583266632421E-4,0.003778873053941383,0.0035023614980501296,0.022639019369801932,0.0012521337699365584,0.0015535345526664485,0.0018307186160799048,0.0032766747923932285,0.005013398041735555,6.447869630822353E-4,0.00402366488891851,0.002300953201898777,0.0025004407880043445,0.003417992421443893,0.003419468587561764,0.004728418164952835,0.0015219857615023677,0.0034967163980171335],[0.0046265983290117,0.017240638566548814,0.013588615962822346,0.014705882352941176,0.003508731575155144,0.0033847064691502056,0.008865035623119594,0.006784712391310751,0.007370385215367102,8.553547284852068E-4,0.005317508582556298,0.008673031219806256,0.015627805842072757,0.0129164792786497,0.003784226976747656,0.007969148206774867,0.016337758288647142,0.004225998934759353,0.009630078686815483,0.008326103553464588,0.013153391328678671,0.0031755427046078837,0.003913463451678534,0.004611083394117389,0.0021073673401719928,0.012093034591287456,1.0,0.012272048342078387,0.008837786650074477,0.003769640778534474,0.0102929283353155,0.005820117881163098,0.004552690889566091,0.0060774047904979325,0.041121843154238384,0.008637550250192274,0.009989582216648371,0.0020793827894174007,0.013936137647027618,0.013450244734549746,0.00814961263443589,0.003911031142444142,0.009173370691288048,0.011941161279852251,0.011738578647339144,0.01129322027333531,0.011048527627920027,0.010082692641965969,0.003189290009507781],[0.0016784796041441972,0.013678089000901582,0.002853423911498711,0.00791502230370354,0.0028644940964362288,0.0025895437622817114,2.590316548013728E-4,5.987578966330626E-4,0.00118744462786619,6.368403611910926E-4,0.00233822917728623,0.0026198137469562524,0.017022421114026926,0.0017590600255260635,5.66992192311565E-4,0.002346518536177145,0.01609557729360149,0.0017009778649400527,0.001093017535242393,0.0016275669538648365,0.002174673178540578,0.002724241300365641,0.00224013305430201,0.003220668823549057,3.1300283901594737E-4,0.0038772893717423105,0.012272048342078387,1.0,0.001645034083621655,0.001453504732461634,0.0023958256016082488,6.243986232506161E-4,0.0027605383965935556,0.002764118165519256,0.037123922172076204,0.0020032625066191806,0.00184677870795525,0.0026223847965932173,0.001391988910112908,0.0048666950890964645,0.0011363309520261667,3.6725135823387586E-4,0.0010265585124081813,0.002043213378660545,1.616797019349794E-4,0.0027101049888311104,0.004482503513543606,0.0018146862351285644,0.002696439054163547],[3.2603672053940487E-4,0.006441783241621039,0.00428142069951474,4.6035313165914684E-4,0.0025080675024098968,0.0021727426048379207,1.572794993910062E-4,2.3811263877547816E-4,1.543097358898748E-4,1.8370026073488363E-4,9.651850084344515E-5,0.002020855602172894,0.044630062170334536,8.564031742020576E-4,1.9056338270462346E-4,4.493729817084035E-4,0.0161750424798887,4.907706341803307E-5,9.670210390504125E-4,2.214254039944598E-4,0.0011699190152993444,4.582917745507882E-4,3.543417843771787E-4,9.371514664276077E-4,2.1461672852101526E-4,0.002719580390474472,0.008837786650074477,0.001645034083621655,1.0,5.677909020239009E-5,1.9366220270121735E-4,1.9007109349218826E-4,5.380451221292439E-4,0.0019246008864927959,0.0256634877291227,2.160763322211415E-4,6.582633754319221E-5,6.461341675030325E-5,3.9411928919724304E-4,0.0011337532339709495,1.3981034134972624E-4,2.4592842689451867E-4,2.092699605747737E-4,0.0010032875608167804,7.69516667841906E-5,4.6471109470966137E-4,8.700085932884513E-4,1.0753780080014486E-4,9.190160494024374E-4],[9.388047565736177E-5,0.01811988940861116,0.009122852970351444,0.006173896479844336,9.489027288392135E-4,0.001812243565312761,4.727146347934944E-5,6.974208274761166E-5,2.801849688732273E-5,1.234992962234291E-4,2.7189509292381498E-5,0.002029279986193561,0.030545341591009172,9.318883604345617E-4,6.094623933530545E-5,8.596543802851531E-4,0.0020786392664563507,2.115994203977913E-5,7.177452237663158E-4,1.9598686408844358E-4,6.652595017700354E-4,8.934316033594013E-4,4.6266746733143857E-4,0.0012324615204555522,5.2427965849316356E-5,0.004001961022141798,0.003769640778534474,0.001453504732461634,5.677909020239009E-5,1.0,7.210414439653333E-5,9.198804714717707E-5,0.0010865345790343445,1.51601361780964E-4,0.009818968226719257,6.563380139002456E-5,5.497147273064537E-5,1.9976926845721008E-5,2.8534468663558973E-4,0.0017815451853557386,1.0418119686979096E-4,2.8637686275602675E-4,9.38286480342099E-5,5.744109857984244E-4,3.4473879762946995E-5,0.001258098246427199,0.0017743016279839388,2.5124846393618646E-5,0.0013273257992894132],[1.7903437432774567E-4,0.009044528889905356,0.005742866465693406,0.006388278571022351,0.0015897731448565693,9.626982242436886E-4,1.3732226196061398E-4,2.4419439591195604E-4,9.357006698585899E-5,1.5367907354933428E-4,7.186508326857803E-5,6.984621200827646E-4,0.007693567316193187,9.496405170000859E-4,1.4307025680561342E-4,0.0011947146368965285,0.0010603576840797525,5.8324233481706814E-5,5.797998541661458E-4,2.4197402121456875E-4,0.0011714670437689067,0.0010906829229937426,9.640896127217663E-4,2.857245297303671E-4,1.3106064054246215E-4,0.002600824605451224,0.0102929283353155,0.0023958256016082488,1.9366220270121735E-4,7.210414439653333E-5,1.0,1.4319573041418287E-4,0.0011060570866401583,9.82211408189366E-4,0.027195688880126946,1.782056140074635E-4,9.948514982994813E-5,1.1062158245546343E-4,7.250496471279852E-4,0.0015493107645219934,1.2528903477432694E-4,1.5597532072277138E-4,1.3383008623548713E-4,0.0011888546093841714,6.557788443437617E-5,8.389610913352248E-4,0.0012234791051666826,5.449832130923342E-5,0.001698260288676989],[2.733326010266073E-4,5.679077964528942E-4,0.0018372943387478967,0.009532533138287341,3.818685860708967E-4,3.804448294240533E-4,1.3400104854087737E-4,1.7143897271472734E-4,8.212468046753837E-5,1.4907484443547097E-4,3.488630794940509E-5,9.396439109941102E-4,0.003184588856560681,7.623824800056082E-4,1.4952211458718785E-4,0.0010755384461960127,0.012665428167882272,9.012792845847095E-5,5.258783205975283E-4,1.896373266520196E-4,0.0011910408199522794,0.001443407576990786,9.180446176131369E-4,0.002923124805552259,1.3665449015798505E-4,3.092583266632421E-4,0.005820117881163098,6.243986232506161E-4,1.9007109349218826E-4,9.198804714717707E-5,1.4319573041418287E-4,1.0,8.46457366298986E-4,6.321347344363318E-4,0.0034414548076525018,1.643179557321167E-4,5.7949087246060566E-5,1.1314306901299997E-4,3.498588081135048E-4,0.0022352765758057534,1.3466250012391355E-4,1.7489720288026633E-4,1.4167630253485552E-4,9.328874840202374E-4,1.1925658104537541E-4,5.067029241241917E-4,7.186546194160707E-4,1.0473143522926961E-4,2.677268208873363E-4],[5.469114774485467E-4,0.007023236741555048,0.005999694076132982,0.0021314437753517886,0.0014922135970538398,0.0021647303075842807,0.0010399302904122976,9.78130689587502E-4,1.3921516231684962E-4,7.687106228859266E-4,0.0010718890634625181,0.0023560442176231685,0.003173041283793925,0.0011467976879654912,0.0012054265507627972,0.0013607092574645702,0.006930707549473005,6.270026869216251E-4,0.00132689996024747,0.001329497356930998,0.0013324203472365973,0.001384822894633606,0.0010174921793719906,0.0019160029563973593,4.5181794166834115E-4,0.003778873053941383,0.004552690889566091,0.0027605383965935556,5.380451221292439E-4,0.0010865345790343445,0.0011060570866401583,8.46457366298986E-4,1.0,0.001995561907131621,0.04281578503881433,0.0012894761582855807,4.813105679374485E-4,2.3687506161136522E-5,0.0013575025439108552,0.004244327927688767,4.116039299615936E-4,0.0012475466725017062,9.779616253102704E-4,0.0014056805750571407,6.557794141284698E-4,0.0014024491280060381,0.004608378741834333,8.903359926896886E-4,0.0017377553823791298],[0.0017614546152362697,0.0027840548126711307,0.008189687768369402,0.006003412616910907,0.0025877097802045274,0.0023418157891862356,0.00206680610577866,0.0014464804014365262,0.001435551592528223,0.0018651552532452226,0.0018170571333428348,0.0022749008029453012,0.007730336120855745,0.001332695323109419,6.382728552314324E-4,0.0015849073229679644,0.008362533404265102,4.1680829324849814E-4,0.0019194160412886385,3.9816259247555313E-4,0.001722703253723706,0.0017767330056230382,0.0013391600619957345,0.0025317132417806885,0.001594047785601375,0.0035023614980501296,0.0060774047904979325,0.002764118165519256,0.0019246008864927959,1.51601361780964E-4,9.82211408189366E-4,6.321347344363318E-4,0.001995561907131621,1.0,0.00656350914972474,0.001647675927993847,0.0011190983171662538,0.0016076775724563617,9.851482987197839E-4,0.002411130429762216,2.751200268812923E-4,0.001135234567874024,4.189796824969846E-4,0.0015340032577535352,1.8228280325982335E-4,0.0016236483108954115,0.003584345211862755,0.001290031257065319,0.0022431332927720722],[0.02686016864895949,0.04514517315079801,0.035200400074930284,0.04502821119681717,0.025751433705151514,0.03070497188790135,0.04021984814619464,0.018134842156116483,0.003397780644804627,8.597325977743837E-4,0.042148069657278256,0.038744988327254024,0.045454545454545456,0.04133106172103656,0.04491296924679954,0.04026697043007743,0.024282546122078807,0.004132715622890548,0.03554998388753715,0.043884763634825054,0.02101015080687282,0.0033573817271230107,0.01625363846577315,0.03767441100497137,0.014867022010241954,0.022639019369801932,0.041121843154238384,0.037123922172076204,0.0256634877291227,0.009818968226719257,0.027195688880126946,0.0034414548076525018,0.04281578503881433,0.00656350914972474,1.0,0.012918736071877239,0.011002454885895407,0.028313738323694097,0.035841201034887575,0.016918593577619483,0.04278560612935521,0.02022367623174199,0.029847638843723035,0.021331760791332397,0.020633926567889586,0.02106882585376838,0.019248288354315746,0.009133913814452685,0.019788804320727126],[2.484370514261321E-4,0.001111030227719229,0.00931626263537828,0.0025188364614560964,0.0013605705855848946,0.0018883055878609312,1.878960696875844E-4,2.8428094944201777E-4,3.6011433435527864E-5,1.779404015476223E-4,1.5218196380821885E-4,0.0014979710174577005,0.02102656208392751,2.5291644027695243E-4,1.7271846701762654E-4,8.605499324700161E-4,0.014214889109799223,7.214031363379931E-5,4.404566194229073E-4,2.2458890834548865E-4,7.51365770986995E-4,9.535568942653117E-4,5.52923817623653E-4,0.0013008955557791634,1.3100315857239426E-4,0.0012521337699365584,0.008637550250192274,0.0020032625066191806,2.160763322211415E-4,6.563380139002456E-5,1.782056140074635E-4,1.643179557321167E-4,0.0012894761582855807,0.001647675927993847,0.012918736071877239,1.0,1.1015294567399107E-4,8.024669786524117E-5,2.0730296176007084E-4,0.00443054986592448,1.832324105817417E-4,2.1159569637538208E-4,1.5803079167704063E-4,0.001215911346942085,9.387153021473657E-5,0.0012747921325307067,0.0030158983020630325,2.5377752272476277E-5,0.0012588605752051302],[3.4402744229157446E-4,0.006211556771084268,0.003460912082110858,0.0023792344960809073,5.66079605977718E-4,0.0014864440535022295,7.597773849620441E-5,1.0850619580409792E-4,4.532454140845332E-5,9.162238360713751E-5,3.553172427679792E-5,0.0012110307894642087,0.022422052961007275,7.576352903868876E-4,1.4496402821987569E-4,2.9043712909133023E-4,0.014083558354148443,5.210793549627869E-5,6.072282140783013E-4,2.2507020450804137E-4,9.99966488378857E-4,9.562146676267979E-4,6.564026832683629E-4,0.002866503510157269,6.526625759012286E-5,0.0015535345526664485,0.009989582216648371,0.00184677870795525,6.582633754319221E-5,5.497147273064537E-5,9.948514982994813E-5,5.7949087246060566E-5,4.813105679374485E-4,0.0011190983171662538,0.011002454885895407,1.1015294567399107E-4,1.0,3.510352977660993E-5,2.5033709571577753E-4,0.0016768819913326833,5.5749244316846774E-5,9.86164378974057E-5,5.898243918391361E-5,6.052637213841574E-4,2.7986971630039365E-5,3.2070410830454534E-4,7.301994494181747E-4,4.371122579254249E-5,0.0014697298517495046],[2.78587563284262E-4,0.008424170406966738,1.9783092090834938E-4,0.007928416009023248,2.6054627159792287E-4,0.0017569801457454337,9.320556943246319E-5,2.8028381731022675E-4,1.7588471632572476E-5,2.590543551414312E-5,2.5500283350917745E-5,0.002088293955079507,0.022028100149689332,6.944337945818623E-4,1.4765445318756182E-4,7.490235481282345E-5,0.008555525767640394,1.2067443991094832E-5,9.651522536194204E-4,3.6774693419766957E-5,7.281194005907585E-4,0.0012290531073397932,6.375738975949292E-4,5.106293754244325E-4,9.544041225307136E-5,0.0018307186160799048,0.0020793827894174007,0.0026223847965932173,6.461341675030325E-5,1.9976926845721008E-5,1.1062158245546343E-4,1.1314306901299997E-4,2.3687506161136522E-5,0.0016076775724563617,0.028313738323694097,8.024669786524117E-5,3.510352977660993E-5,1.0,1.3644614030203654E-4,3.6168888115901255E-4,9.113907723234905E-5,2.950642277145342E-4,2.530617138698531E-5,6.547784277644242E-4,1.1854582836459837E-5,9.983384065579367E-5,0.0024450116401710403,1.5348782883726372E-5,0.001152917615442895],[6.2554440316844E-4,0.018231870797307013,0.003954059666947386,0.013087704508961875,0.0012122963347446834,0.0017283585231306002,5.973613189223404E-4,3.3730687307821633E-4,5.926333440025822E-4,5.903688954026671E-4,7.482272038655212E-4,0.0018941543273830479,0.006887506744201253,8.689545248300626E-4,5.839514685024669E-4,0.0011882774597845953,0.003918950211177004,1.5004110632042277E-4,9.43303986685645E-4,4.4500986305200536E-4,0.0010333025585138758,0.001124280923897377,9.92069817246605E-4,9.578263819586309E-4,8.466821984039794E-4,0.0032766747923932285,0.013936137647027618,0.001391988910112908,3.9411928919724304E-4,2.8534468663558973E-4,7.250496471279852E-4,3.498588081135048E-4,0.0013575025439108552,9.851482987197839E-4,0.035841201034887575,2.0730296176007084E-4,2.5033709571577753E-4,1.3644614030203654E-4,1.0,0.002440243060224329,3.618982348803315E-4,4.3161095920998447E-4,8.3008367882098E-4,0.0014180142919751758,7.583189965302974E-4,0.0012864362932413535,0.0023721431777898013,2