[[1.0,0.0028395319894757077,2.1643383411499897E-4,2.851974017611453E-4,2.582148310831151E-4,7.696889586897023E-5,1.7896951136519418E-4,1.5272719950561333E-4,1.0634140900754432E-4,0.08174744876254468,0.0018168399272342007,8.425212080446807E-5,1.6266067764883295E-4,0.006306086858090366,1.0780901570025453E-4,0.00153254222909989,6.162260322705961E-4,2.459382259538761E-4,7.495729506633556E-5,0.001188430682594964,1.1649041066391213E-4,7.01859078862345E-4,8.313278396731568E-4,9.983739950109826E-4,2.808956004211458E-5,0.0024343701904684903,1.0329853624031943E-4,7.399355766279424E-4,0.0021297579999486737,6.95551636340561E-5,0.03228428429696209,1.6568622025818827E-4,0.017375368335890137,1.950339486967519E-4,7.006286322746513E-4,8.125595808318278E-4,1.0808848799993743E-4,5.736176330628786E-4,1.1412858048598053E-4,7.693680402262928E-4,1.569126208042191E-4,1.3597794240971812E-4,0.0010644238527791614,6.155117262608616E-5,8.876467553295237E-4,0.0025975263024010527,0.0017815619002928672,2.19654717200541E-4,6.790674818058988E-4,1.2178306126564243E-4,3.734293614437239E-4,9.842007607765294E-5,2.4279878366132525E-4,5.083147474699975E-4,3.450445102817791E-4],[0.0028395319894757077,1.0,0.004448751631705005,0.0017349744866284145,0.0017329890275887328,0.0028303791239410237,0.001346845447684054,3.330058623201268E-4,0.003554274197398748,0.04023280344130158,0.0020458282174584774,0.004150681799964135,0.003197245150295773,0.004572072407024773,2.0073238713190424E-4,0.004040410923204228,0.0025952728710953946,0.004095533376241554,0.001741494155834918,0.0017239501159140248,0.0015858090543870982,0.004002595304089099,0.0030216270081923754,0.0034514067102784257,0.0031507227237488958,0.004459299939135802,0.0016485646282667615,0.004292670458116394,0.005568452556521045,0.0027144638106294805,0.051306536440777595,0.0028017408980691304,0.012397858297265207,0.0023826589365524235,0.0017807363064386468,0.009285350743188913,0.0022292347557487774,0.003536959896963631,0.0026879230276034855,0.004446917450186664,0.004871009017263942,0.0016600749195028785,0.0021693428757291406,0.0013102959959694898,0.004415557386230097,0.009230436794825615,0.0031659855882054857,4.7281474447521195E-4,0.004002379691690215,0.001784410428358229,0.005249986621308903,1.1236092330427959E-4,9.342526714305136E-4,0.004295297760912168,0.0035645671496040317],[2.1643383411499897E-4,0.004448751631705005,1.0,0.0013480241764133132,0.0013371755200852068,8.431067779245051E-4,2.0158661300536038E-4,3.082130937647514E-4,5.38534117137327E-4,0.09055712117956863,0.0017841915246499319,0.001219686091628027,0.0022012337452509715,0.008746871002553872,6.621512263471654E-4,0.0014503356497815873,0.001346333613591007,0.0013319726729727377,1.3049123826221928E-4,0.0015895925169662356,1.460952548055166E-4,0.001400971572798073,0.0015227962683330581,0.0011147258254193316,8.833468562094724E-4,0.002378479841990221,2.577449133173785E-4,0.001371397824498218,0.00310742707066519,1.0633192437248843E-4,0.018299870251830632,3.1715879816371584E-4,0.00540568029368123,0.001364146971848187,0.0010896282985774599,0.003739524546280918,0.0012329694616602092,7.787076877447886E-4,9.958444316262845E-4,0.002040880425759113,0.007272544664150652,8.443088912493646E-4,0.0013558648076207542,4.757106707345144E-4,0.0029350305045274766,0.005450636537916555,0.0019785288055224077,2.8662679409232776E-4,0.0022244083446558583,5.460851278900175E-4,0.009146730121165672,0.001117286094992324,2.859248593702287E-4,0.0013836828362676502,0.0013058981546169872],[2.851974017611453E-4,0.0017349744866284145,0.0013480241764133132,1.0,0.0013082461248609615,0.0011202173351712553,3.3778072163905156E-4,0.0010030162036261845,3.6620019440213996E-4,0.08072221057385992,0.0013302902970022822,0.0012059708985714098,0.002220510223755586,0.008824364955365606,1.5783860601542696E-4,0.0014924826447930504,0.0011312788220591858,0.001134692645534399,0.0013119578615219,0.0013308042115975816,0.001142619387191186,0.0013505479215577198,0.0016196823421156244,0.0011664939883990586,7.99154871116768E-4,0.0035114801969884837,1.742309599037687E-4,0.0013637465599746976,0.00364297324793246,6.865783289904184E-4,0.00807729130138245,0.001172505313047403,0.014097849076660524,0.0013479883530832131,0.0012139882878470472,0.00520309160584052,6.562337515212122E-4,0.0010639476570938763,1.7211436554785968E-4,0.0018793737308033507,0.014485864207244637,5.245962640839777E-4,0.0013070029019114698,6.785045692346103E-4,0.0032427927283969664,0.0069926462735179435,0.001441494531728041,0.001229290379885046,0.001943333725827552,7.545024431537789E-4,0.006236037930694335,8.788403456073396E-4,7.675391960617547E-4,0.0013483300436870913,0.0013079626240274198],[2.582148310831151E-4,0.0017329890275887328,0.0013371755200852068,0.0013082461248609615,1.0,0.001028540002933759,3.0880447492887317E-4,6.989337119943686E-4,8.796562166942905E-4,0.0756937899172218,0.0016500542231432113,7.674977278211732E-4,0.0019983622729871525,0.016315126313747583,3.649021510553811E-4,0.001555852170040861,0.0011143421514134655,3.8563435222378794E-4,5.99253303915405E-4,0.0015360546334018716,3.97610495200757E-4,0.0014097366027655744,0.0013479501839525098,0.0011852798643534163,7.987973454012576E-4,0.0014509312312591493,0.0011752252369232343,0.0013000650348680297,0.0013270482046887043,5.806524266082054E-4,0.02226297894964249,6.712884370904326E-4,0.02069890235424035,0.0012505156645492563,0.0011782243643906625,0.007212520642769756,2.635280175329397E-4,9.531705951597867E-4,4.935854467609725E-4,0.0025795709745840114,0.0040040539907313846,6.946645512055057E-4,0.0012076158002996885,8.107595893041401E-4,0.0019587543391832844,0.002298441295492627,0.0019420806254892467,5.596069751232992E-4,0.0017429211102682105,9.132513846754671E-4,0.0028107355342921678,4.6962747790890225E-4,5.411584904989614E-4,0.0019365811476206763,0.0012186105443246639],[7.696889586897023E-5,0.0028303791239410237,8.431067779245051E-4,0.0011202173351712553,0.001028540002933759,1.0,1.2255685728934656E-4,1.1314868991291522E-4,1.0429389514479646E-4,0.06650411520813151,1.6239253599978874E-4,3.1827875089702394E-5,0.0011510492812140053,0.015955556854410538,2.9481248873999698E-5,0.0019921592469500583,1.213499354162986E-4,9.078533154647962E-5,1.9874906473835602E-5,0.0012221922684248533,6.288454992300559E-5,0.0013984862318191717,0.0015261051019762968,5.767134984988862E-4,1.415313988041946E-5,0.0020051866278777064,3.43891177786644E-5,0.0012717808775257503,0.004968022964327811,1.3800272110084434E-5,0.025046185269616373,5.704373031311712E-5,0.0032637331895581157,0.0010978654597289842,7.198415742401886E-4,4.3446807310709094E-4,4.782444813038922E-5,7.070568038715746E-4,4.006976218215243E-5,0.001001573108141216,0.0012735067439779858,9.838242864858767E-5,7.417516704547706E-4,1.4348977074862583E-5,0.003063381076557324,0.007471327171042818,0.0019610001295739003,5.73072277096847E-5,3.7985423401941615E-4,9.062002599627514E-5,0.001335641579961684,1.301183096940743E-5,7.684379764186798E-5,0.0029645483347803623,1.354487478310481E-4],[1.7896951136519418E-4,0.001346845447684054,2.0158661300536038E-4,3.3778072163905156E-4,3.0880447492887317E-4,1.2255685728934656E-4,1.0,1.5988669747585404E-4,1.381966657223547E-4,0.042425209798829244,0.0012090523877392304,1.0947266685107252E-4,0.0015177214455379144,0.020066591852773128,1.2482426248034556E-4,3.2579042660434284E-4,9.520407065263725E-4,2.3582037421243884E-4,1.7049561420060335E-4,0.0011943663082255715,1.782272563973821E-4,9.431070472328726E-4,0.0010725437345369512,8.913414802397303E-4,5.5523678468834144E-5,0.0013224459811977882,1.065741706115911E-4,0.0011136500116432023,0.005851723237654461,1.7713008983018166E-4,0.04154958956320414,1.8026177139792693E-4,0.015698589295881173,4.382386519414702E-4,3.309982856700915E-4,0.008183188625251678,1.1047108864327255E-4,2.9919349779769516E-4,1.7079822992191132E-4,0.0021992810575365593,0.0020697652468042753,1.7725776275016056E-4,7.180437479120121E-4,1.1926500118561105E-4,3.44752100277452E-4,0.0034657822834879733,0.0016227631670101398,2.2536129072026607E-4,0.0013167267405612536,1.355702646477368E-4,0.0060285248675681176,1.154182941502995E-4,2.745548706702224E-4,0.002459972533376331,7.981591801825907E-4],[1.5272719950561333E-4,3.330058623201268E-4,3.082130937647514E-4,0.0010030162036261845,6.989337119943686E-4,1.1314868991291522E-4,1.5988669747585404E-4,1.0,1.359917583505472E-4,0.010867415304136834,5.119170255202144E-4,9.247429694228375E-5,0.0022529760847957102,0.00973256974096226,1.222127957348957E-4,0.0021178421231125987,3.3376411118254035E-4,2.818601111716928E-4,6.409595754993595E-5,2.3752516073177065E-4,1.5421580248187945E-4,2.784732621837514E-4,0.0010199355206603664,8.810035248409637E-4,1.0047462691037474E-4,0.0035159029235541663,1.3424239508643302E-4,9.000787312682506E-4,0.0010826701201632665,8.13551551388207E-5,0.0030039712624568195,1.5688917329388882E-4,0.00996095014721936,8.554357181832406E-4,7.115128904369322E-4,0.001463091050286359,1.2342923332135975E-4,3.488929782275074E-4,1.6496977244516182E-4,3.320436469054014E-4,0.0023536961061393622,1.387241080262043E-4,3.121694502064581E-4,7.109846729147924E-5,0.0018239640153930206,0.0065016390212453935,0.0019281630081303726,1.7961361630841594E-4,6.874634739160742E-4,1.354166657788088E-4,0.0062172195895123525,6.310452371443781E-5,2.4303594029120618E-4,5.74751843714898E-4,8.748569215512084E-4],[1.0634140900754432E-4,0.003554274197398748,5.38534117137327E-4,3.6620019440213996E-4,8.796562166942905E-4,1.0429389514479646E-4,1.381966657223547E-4,1.359917583505472E-4,1.0,0.04199031833476851,8.406569100333223E-4,9.225487515835591E-5,0.0017124985193796346,0.005301980041516989,1.0476394303037196E-4,0.00165142111886537,4.500254589911343E-4,1.2547728288554456E-4,6.072478550748597E-5,0.0011685726440557123,1.1536072618165323E-4,0.001031757083320204,1.8829061366504714E-4,2.297004879392125E-4,1.0352528990869087E-4,0.0022998575547687155,1.0426601898529933E-4,6.156968505906728E-4,0.005777503837545256,7.827467515279496E-5,0.022400092697823202,1.412211570040682E-4,0.012699346135351982,0.0011244297166292608,8.851684527541406E-4,0.008638609695556633,1.082653081445718E-4,2.887569809513056E-4,1.478302910162641E-4,0.0019155270407742854,0.003578524162196542,1.283550494632384E-4,2.660357720500134E-4,7.728545968639498E-5,0.0033605937046783554,0.0066983976702085675,0.0010377033502460763,1.5155982417565982E-4,7.18829380978929E-4,1.1249718516956397E-4,0.004762948991338232,4.197240616499599E-5,2.4717790640779735E-4,0.0017982969629874535,5.962917693282878E-4],[0.08174744876254468,0.04023280344130158,0.09055712117956863,0.08072221057385992,0.0756937899172218,0.06650411520813151,0.042425209798829244,0.010867415304136834,0.04199031833476851,1.0,0.05313238936704085,0.03944529627139202,0.07767212228019375,0.033109252334165215,0.07235082761979367,0.0157276557536642,0.0837677779286856,0.05257753388888309,0.031117660589938145,0.011469619447727496,0.005509473683574411,0.07202389009822084,0.06058846119455695,0.008829583944165033,0.08875427615633849,0.06604193336570607,0.010992628073142923,0.00956118253504988,0.017443189919503447,0.00658626572270563,0.0852636921236671,0.06642010934488125,0.04494380448797719,0.0690739147418019,0.06932068700920366,0.04837439570663446,0.06309347315521628,0.06357767974581444,0.0792533352127467,0.08400123107191249,0.05136319172543692,0.022896607148598817,0.07241347112969715,0.02004707848975896,0.010994687249837674,0.03301797491343941,0.008275612659422575,0.09033090560493517,0.025173484857569393,0.04091617272495432,0.08197509358622977,0.0077882154070021085,0.01686418705211503,0.09090668073569085,0.06970641471964426],[0.0018168399272342007,0.0020458282174584774,0.0017841915246499319,0.0013302902970022822,0.0016500542231432113,1.6239253599978874E-4,0.0012090523877392304,5.119170255202144E-4,8.406569100333223E-4,0.05313238936704085,1.0,3.7233406254366024E-4,0.0019449926625521897,0.0036770059391566705,8.179989936619474E-4,0.002021754616139315,0.0015660425923463605,6.53873331277586E-4,5.215906807388325E-4,0.0017939501821003876,0.001233660326910092,0.001671273743960121,0.0016726319212417543,0.0016511763224770074,0.0012856198052385288,0.0030906026235424,3.145932758728809E-4,0.0014892683376761203,0.002414117087360582,0.0012615082239857145,0.007479201906907256,0.0011664363412100293,0.009180415372385304,0.0015747548441625613,0.00118504127614828,0.010506945502997566,1.2454450979237675E-4,0.0013404293197595372,5.045637195287324E-4,0.002107360234279451,0.008970000438155594,0.0018043668099093214,0.0011780544390618444,0.0015214779237770328,0.0027331235777928466,0.006620772753118722,0.0020913602086116458,7.47587347538936E-4,0.002176690437356734,6.855721845031796E-4,0.008447499391005848,6.53149655209858E-4,0.0013964461483534382,0.0022060610199745455,0.0013953163542338952],[8.425212080446807E-5,0.004150681799964135,0.001219686091628027,0.0012059708985714098,7.674977278211732E-4,3.1827875089702394E-5,1.0947266685107252E-4,9.247429694228375E-5,9.225487515835591E-5,0.03944529627139202,3.7233406254366024E-4,1.0,6.052427854054564E-4,0.004507744099399713,5.905935834378941E-5,0.0019623956806777768,9.476140052357182E-4,1.4439558067935756E-4,3.804000878814939E-5,7.330292883818132E-4,6.467360534345217E-5,8.819036109342074E-4,0.0015031185194605313,2.6406092863384337E-4,1.749856757483244E-5,0.003381601064252204,8.366685944429964E-5,8.591779639684216E-4,0.0018582596352651835,1.8499331022404956E-5,0.04045878282314748,7.876818941271064E-5,0.016934719240848967,6.126858455714086E-4,8.932939213658369E-4,0.010464250650778564,9.81174518637376E-5,3.2761239141474916E-4,1.4327463249967325E-4,0.001777789128071501,0.013283771660716533,7.523605935039418E-5,5.10316319051695E-4,3.058362247563574E-5,0.0018030324891953982,3.6414851165818057E-4,1.3560430453747735E-4,6.510054947384252E-5,5.627829987373119E-4,7.013621913746982E-5,0.004195521867247085,4.9798573054245285E-5,9.476513752021066E-5,3.3994832955143277E-4,8.097802113897425E-4],[1.6266067764883295E-4,0.003197245150295773,0.0022012337452509715,0.002220510223755586,0.0019983622729871525,0.0011510492812140053,0.0015177214455379144,0.0022529760847957102,0.0017124985193796346,0.07767212228019375,0.0019449926625521897,6.052427854054564E-4,1.0,0.008514722789097724,1.6576818873339445E-4,0.0021399396287362852,0.002175107998198835,4.840499814331176E-4,0.0010422854401892258,0.0020136671873230727,0.0014402245005409025,0.0021372662817166366,0.002242013076442338,0.0022217356611040203,0.0014978205150546113,0.0028191983016937,0.001400522297884121,0.002091123351619305,0.002589731153276575,0.0021261301033000182,0.04872959617939043,0.0015877986917275345,0.01921578660080314,0.002323434125549989,0.001162926092152927,0.007507941555709106,0.0022516015031068407,0.001592309126329463,4.148715744272098E-4,0.002477775204089599,0.01376599197011673,5.441900467622446E-4,0.0022848011371415923,4.608794371189402E-4,0.0025122540079965624,0.010694643761345747,0.0021732032588489846,0.0012792831894757827,0.0023544293816304346,0.0015031107322728806,0.007483330446706196,0.001855737352509677,0.0020939808483257266,0.0024286851069904407,0.0018981529899986813],[0.006306086858090366,0.004572072407024773,0.008746871002553872,0.008824364955365606,0.016315126313747583,0.015955556854410538,0.020066591852773128,0.00973256974096226,0.005301980041516989,0.033109252334165215,0.0036770059391566705,0.004507744099399713,0.008514722789097724,1.0,0.01696721777962117,0.009534698771843613,0.01634108077359552,0.012298529453740338,0.008929124210945629,0.004449486119348804,0.003208869564755809,0.01643787623639891,0.010335195694732475,0.0031711428077122535,0.018635879666157342,0.004308956704898374,0.01079075471506455,0.013842438527851266,0.015230809031225107,0.016942239841588363,0.04238087398472361,0.018638204262941653,0.02198409606409246,0.007832684771907045,0.00505128517340795,0.012746339733970019,0.003545408076365172,0.005835062915400641,0.018918209715867197,0.0031953733941317824,0.020258284550279372,0.004538369617628554,0.003123048699896074,0.004758493907815776,0.006824608610063773,0.013040605361960297,0.009135631252863732,0.016921846721297335,0.020266390588770496,0.016540880734901457,0.01966186946942719,0.009496927292963765,9.676506631079269E-4,0.006330683335193095,0.00963682689678453],[1.0780901570025453E-4,2.0073238713190424E-4,6.621512263471654E-4,1.5783860601542696E-4,3.649021510553811E-4,2.9481248873999698E-5,1.2482426248034556E-4,1.222127957348957E-4,1.0476394303037196E-4,0.07235082761979367,8.179989936619474E-4,5.905935834378941E-5,1.6576818873339445E-4,0.01696721777962117,1.0,0.001666083180787217,9.514403000692817E-4,1.6961835025004315E-4,5.128491157719599E-5,3.589182399367276E-4,1.0654418621100426E-4,5.082709873496113E-4,6.833149773041795E-4,7.662530051868856E-4,8.353981035942666E-5,0.0026098270071520237,1.0469637362511322E-4,4.1723148237540037E-4,0.00326169502936329,3.411468823269614E-5,0.04950037103754824,1.4617948986695212E-4,0.017705070622023217,0.0012730979463735574,2.0910551703741924E-4,0.0057913020375610705,1.0802237164886907E-4,7.081057631131302E-4,1.4419123920961016E-4,5.605735802251724E-4,0.0011454333488123728,1.2573058280050475E-4,2.2326062162503446E-4,8.916752349025811E-5,8.519707612173E-4,0.002897662114285493,0.0015883993349766821,2.3398518941296793E-4,6.500245355536457E-4,1.19099416299651E-4,0.0031179986185151014,7.260208550352023E-5,1.9856582804871084E-4,0.00266900452433729,1.1841446504812429E-4],[0.00153254222909989,0.004040410923204228,0.0014503356497815873,0.0014924826447930504,0.001555852170040861,0.0019921592469500583,3.2579042660434284E-4,0.0021178421231125987,0.00165142111886537,0.0157276557536642,0.002021754616139315,0.0019623956806777768,0.0021399396287362852,0.009534698771843613,0.001666083180787217,1.0,0.0019145706478013859,4.5496206277619163E-4,4.006284062549449E-4,0.002116046670515648,5.335345572795319E-4,0.0020983505158835643,0.002095349255023819,0.0018527240747192105,7.269739957153062E-4,0.0032959295853448247,6.518139072054043E-4,0.0020454093583629524,0.0053843491790871376,1.1970314364371295E-4,0.041095949605553087,0.001878593783026093,0.0063077729753820855,0.0016371054285163123,0.002094150675676161,0.0037616016615102154,0.0016214142429751097,8.724894902756083E-4,0.0010323306578287875,0.002525003501274244,0.005596815051399037,2.8673189606171417E-4,0.0017499163600232825,9.02321609175033E-4,0.003544934678180075,0.010156321908531723,0.0021436489628841667,0.002047782372218243,0.002148657457174552,0.0012858235919333697,0.009118733705083967,0.0011596785373079019,0.0019707061896638805,0.0022285182791289145,0.0017380371018446644],[6.162260322705961E-4,0.0025952728710953946,0.001346333613591007,0.0011312788220591858,0.0011143421514134655,1.213499354162986E-4,9.520407065263725E-4,3.3376411118254035E-4,4.500254589911343E-4,0.0837677779286856,0.0015660425923463605,9.476140052357182E-4,0.002175107998198835,0.01634108077359552,9.514403000692817E-4,0.0019145706478013859,1.0,4.720956512733663E-4,4.2116215855045514E-4,0.0011172937004526296,4.516019112608418E-4,0.001138054456921109,0.0012084826446901573,0.0010048774969598777,8.368777256218011E-4,0.0022591271465694914,1.8906228407479907E-4,0.001190086382978915,0.002495853298456868,3.848012492031961E-4,0.007405650958754216,7.557138396298264E-4,0.015073143036270279,0.0013162133134474335,0.0010469994850417258,0.004786390941503887,7.628105061157339E-4,7.463102260462086E-4,9.272380843100627E-4,0.002334215265515926,0.007145387523237327,2.07061907652702E-4,0.0010081318907807148,6.360310588389748E-4,0.0018895342319881086,0.0046037916188107954,0.002043337639991115,6.958805679243595E-4,0.0011776137897926678,2.907574360733865E-4,0.005009761499055516,5.903999134699924E-4,5.821985302466882E-4,0.0021502040983971383,0.001137016447932359],[2.459382259538761E-4,0.004095533376241554,0.0013319726729727377,0.001134692645534399,3.8563435222378794E-4,9.078533154647962E-5,2.3582037421243884E-4,2.818601111716928E-4,1.2547728288554456E-4,0.05257753388888309,6.53873331277586E-4,1.4439558067935756E-4,4.840499814331176E-4,0.012298529453740338,1.6961835025004315E-4,4.5496206277619163E-4,4.720956512733663E-4,1.0,3.015285725032854E-4,0.001214439811815932,1.868525691218572E-4,0.0011805568458960795,0.0013557878157251088,4.407017059081591E-4,4.828838656568127E-5,0.0032491065537465762,2.464299012549737E-4,0.001175993495987192,0.003923657204667852,5.860743469166077E-5,0.03148907282737754,1.901119699381732E-4,0.00745464850683364,0.0011422847147177103,4.184939665858799E-4,0.0068653791072007565,2.3887067495454106E-4,4.0229024871895225E-4,2.686697519013133E-4,0.00204452821647728,0.014960791334176583,1.8621363714973162E-4,3.454374412107256E-4,2.6170323808053474E-4,0.0026880721739219893,0.002800607321266842,0.00189880113239494,2.518696010803735E-4,0.0021396664775289384,3.011336963547129E-4,0.0074313539974939415,3.0186583231687824E-4,2.8279034364878396E-4,0.0014850847420663457,8.72490144471156E-4],[7.495729506633556E-5,0.001741494155834918,1.3049123826221928E-4,0.0013119578615219,5.99253303915405E-4,1.9874906473835602E-5,1.7049561420060335E-4,6.409595754993595E-5,6.072478550748597E-5,0.031117660589938145,5.215906807388325E-4,3.804000878814939E-5,0.0010422854401892258,0.008929124210945629,5.128491157719599E-5,4.006284062549449E-4,4.2116215855045514E-4,3.015285725032854E-4,1.0,0.001419991841875722,4.554374825704374E-5,2.3445208164526112E-4,0.0013975795041565118,4.517932068757515E-4,1.7755381405251242E-5,1.7586602711051484E-4,9.296557614607761E-5,0.0013516097988033624,0.0020154543150813107,1.8407609398205856E-5,0.0508748282337667,1.3932135759213272E-4,0.013152730478685296,9.280814810070859E-4,2.501044761821088E-4,0.001287144275965375,7.453825149994362E-5,2.537950998364209E-5,1.1771366902407323E-4,1.5446881809746718E-4,8.17080789651041E-4,6.348609008514954E-5,5.519587405245372E-4,1.8891355819677243E-5,0.0021627815036812294,0.006792275543761765,0.001799741617604815,8.987896578049255E-5,0.0015941778927030632,5.544199114196417E-5,0.003904185186924152,1.2405093195803577E-5,2.1605592548278556E-4,0.0014162131574732338,5.599165780806526E-4],[0.001188430682594964,0.0017239501159140248,0.0015895925169662356,0.0013308042115975816,0.0015360546334018716,0.0012221922684248533,0.0011943663082255715,2.3752516073177065E-4,0.0011685726440557123,0.011469619447727496,0.0017939501821003876,7.330292883818132E-4,0.0020136671873230727,0.004449486119348804,3.589182399367276E-4,0.002116046670515648,0.0011172937004526296,0.001214439811815932,0.001419991841875722,1.0,0.001067052574044523,0.0014495435669013886,0.0016243763274446264,0.0012485012326060392,0.0011716319242372493,0.0035742245313014442,0.0015355527362911705,0.0015484613396720473,0.0040974547728593325,0.0011639679669311956,0.0022903483549904214,3.0668613143036304E-4,0.021511799182239954,0.0015081368336435485,0.001148654400587123,0.009662225399842678,3.968351587152441E-4,0.0012234503891273174,4.886781254587021E-4,0.00256101005475234,0.012120772226400407,5.352219826646899E-4,0.001156212577170522,3.0258755109294346E-4,0.002316610407286245,0.001681453193798996,0.001973191174986905,0.0010271005709106284,0.0022111627894932594,7.608007612345142E-4,0.005190408796634295,4.694698775221569E-4,7.034429315041042E-4,0.0023239561825275693,0.0014996141811761642],[1.1649041066391213E-4,0.0015858090543870982,1.460952548055166E-4,0.001142619387191186,3.97610495200757E-4,6.288454992300559E-5,1.782272563973821E-4,1.5421580248187945E-4,1.1536072618165323E-4,0.005509473683574411,0.001233660326910092,6.467360534345217E-5,0.0014402245005409025,0.003208869564755809,1.0654418621100426E-4,5.335345572795319E-4,4.516019112608418E-4,1.868525691218572E-4,4.554374825704374E-5,0.001067052574044523,1.0,0.0014198524526178977,0.0013914316234219855,5.628292341780934E-4,3.475214454311193E-5,0.0027531951893870893,1.0330241932449269E-4,8.938195162852767E-4,0.003069788041053002,4.360896587943926E-5,0.045035149918294076,1.5662441603022368E-4,0.015902858568853467,4.7254288535712686E-4,3.290518450760557E-4,0.009960847515209738,1.1081230520872591E-4,5.521928175878493E-4,1.243880385779648E-4,0.001282778703988479,0.01354310677283612,1.2765702703873243E-4,3.231294046322728E-4,9.846089846727557E-5,5.095236293898283E-4,0.010585127909468825,0.0012094583298112981,1.2138302406142645E-4,0.0010808692421882464,1.2977429984248687E-4,0.0062122032471068215,7.664828551004192E-5,1.346034506522036E-4,1.8674157476123376E-4,7.730701794141318E-4],[7.01859078862345E-4,0.004002595304089099,0.001400971572798073,0.0013505479215577198,0.0014097366027655744,0.0013984862318191717,9.431070472328726E-4,2.784732621837514E-4,0.001031757083320204,0.07202389009822084,0.001671273743960121,8.819036109342074E-4,0.0021372662817166366,0.01643787623639891,5.082709873496113E-4,0.0020983505158835643,0.001138054456921109,0.0011805568458960795,2.3445208164526112E-4,0.0014495435669013886,0.0014198524526178977,1.0,0.0014506811460558975,0.0013001313799417813,9.368161333769664E-4,0.003395168439110368,7.016036724744216E-4,0.0013991603600594712,0.0023478550253899703,0.0011659666379313953,0.02041858601147294,8.384771769417943E-4,0.0038957093367958536,0.001372086294972994,0.0012527706923264204,0.011097221344488666,0.0012153351788627704,0.0011861197063412624,5.635213420497656E-4,0.0022247702404510866,0.004546220912408382,3.4831277057390724E-4,0.001166952642567616,1.9008924484979395E-4,0.00225163098988341,0.0017634004841726122,0.0019166156293994737,0.0011389924110497512,0.0014589122429186443,9.240900540885886E-4,0.007050208538252955,1.4184508707303197E-5,9.070303273103002E-4,0.002448908902476627,0.0013975811076704881],[8.313278396731568E-4,0.0030216270081923754,0.0015227962683330581,0.0016196823421156244,0.0013479501839525098,0.0015261051019762968,0.0010725437345369512,0.0010199355206603664,1.8829061366504714E-4,0.06058846119455695,0.0016726319212417543,0.0015031185194605313,0.002242013076442338,0.010335195694732475,6.833149773041795E-4,0.002095349255023819,0.0012084826446901573,0.0013557878157251088,0.0013975795041565118,0.0016243763274446264,0.0013914316234219855,0.0014506811460558975,1.0,0.0014914313393614457,7.596319769453942E-4,0.0023711470117086554,3.3604990493663316E-4,0.0013747158410507459,0.002217298963395676,2.634509188186115E-4,0.03758538532841443,7.614297018420397E-4,0.00941194513563847,0.001577802762881472,0.0013157487344177589,0.008328633229862527,0.0010847450668056815,0.0016217083596928752,9.880076555869065E-4,0.0022521095514038032,0.00488414024789253,8.281702506933E-4,0.0014301644274085923,0.0013000683093199602,0.002015769967807424,0.00876971183130236,0.0017670634753492267,0.0014324081907567956,0.0023061035093505026,4.582822048605111E-4,0.0030515202930061743,7.06612255354885E-4,0.0011462639354859945,0.0018260014886353946,0.0015308890549318574],[9.983739950109826E-4,0.0034514067102784257,0.0011147258254193316,0.0011664939883990586,0.0011852798643534163,5.767134984988862E-4,8.913414802397303E-4,8.810035248409637E-4,2.297004879392125E-4,0.008829583944165033,0.0016511763224770074,2.6406092863384337E-4,0.0022217356611040203,0.0031711428077122535,7.662530051868856E-4,0.0018527240747192105,0.0010048774969598777,4.407017059081591E-4,4.517932068757515E-4,0.0012485012326060392,5.628292341780934E-4,0.0013001313799417813,0.0014914313393614457,1.0,3.3701023324788455E-4,0.00284493477907506,3.235080511028109E-4,0.0013202416625614044,0.004702937841255764,4.777921862148043E-4,0.02813046663798918,6.501580034421585E-4,0.013468529519504432,0.001271392311689356,0.0010086467639140206,0.003483200337600543,4.63731657481528E-4,9.901262151487586E-4,5.412748933894384E-4,0.0024280219246007656,0.009852009290478811,5.403246011226084E-4,0.0010673653868345351,3.0002344519362964E-4,0.003413059390608274,0.008279707038693443,0.0012043262335744188,6.03061943193891E-4,0.002274421337158595,6.436808941121525E-4,0.005056838135491197,4.863817775977591E-5,7.339848058336726E-4,0.0011550846142447586,0.0011822683292374403],[2.808956004211458E-5,0.0031507227237488958,8.833468562094724E-4,7.99154871116768E-4,7.987973454012576E-4,1.415313988041946E-5,5.5523678468834144E-5,1.0047462691037474E-4,1.0352528990869087E-4,0.08875427615633849,0.0012856198052385288,1.749856757483244E-5,0.0014978205150546113,0.018635879666157342,8.353981035942666E-5,7.269739957153062E-4,8.368777256218011E-4,4.828838656568127E-5,1.7755381405251242E-5,0.0011716319242372493,3.475214454311193E-5,9.368161333769664E-4,7.596319769453942E-4,3.3701023324788455E-4,1.0,0.0011162357078636387,4.611036159288863E-5,0.0011085665525844635,3.957418712914847E-4,1.354755946624207E-5,0.005177660374292703,1.3577518118523834E-4,0.003925986500039956,0.001164950930555886,4.773063915290389E-4,0.005750713805174,1.0309302535930142E-4,1.8002016749984147E-4,9.679740873754547E-5,0.0023147241529116415,0.0016896582468227427,6.674745832115212E-5,0.0010123268404020112,1.655965370602889E-5,2.123173552218196E-4,0.002048959738982767,2.120465878479263E-4,1.1292842050483133E-4,0.002239027554652451,1.0189437402470666E-4,0.007604341827046281,1.2837635338973349E-5,2.3816018502410843E-4,0.0026273190172034847,4.545842865523506E-4],[0.0024343701904684903,0.004459299939135802,0.002378479841990221,0.0035114801969884837,0.0014509312312591493,0.0020051866278777064,0.0013224459811977882,0.0035159029235541663,0.0022998575547687155,0.06604193336570607,0.0030906026235424,0.003381601064252204,0.0028191983016937,0.004308956704898374,0.0026098270071520237,0.0032959295853448247,0.0022591271465694914,0.0032491065537465762,1.7586602711051484E-4,0.0035742245313014442,0.0027531951893870893,0.003395168439110368,0.0023711470117086554,0.00284493477907506,0.0011162357078636387,1.0,6.06720774697086E-4,0.0025192145329279254,0.005752493735959269,0.0033559318157348,0.040624432378086876,0.0025195062554837244,0.007142275498985266,0.0028075394883997663,0.0012962644641969928,0.007574150589375017,0.0022201825346266934,0.0017514105008168343,0.0029044141253900674,0.00294099022050987,0.015992421058386344,0.0012756605961386884,0.0035419925686381287,0.0019313666661742801,0.003649608215890935,0.00773754927839351,0.002615040033703517,0.0010045515793703679,0.0029049074759462585,0.001992091780156946,0.005699844085040965,0.003255852568820222,0.002116267560941814,0.003394518171554021,0.0034503743656460325],[1.0329853624031943E-4,0.0016485646282667615,2.577449133173785E-4,1.742309599037687E-4,0.0011752252369232343,3.43891177786644E-5,1.065741706115911E-4,1.3424239508643302E-4,1.0426601898529933E-4,0.010992628073142923,3.145932758728809E-4,8.366685944429964E-5,0.001400522297884121,0.01079075471506455,1.0469637362511322E-4,6.518139072054043E-4,1.8906228407479907E-4,2.464299012549737E-4,9.296557614607761E-5,0.0015355527362911705,1.0330241932449269E-4,7.016036724744216E-4,3.3604990493663316E-4,3.235080511028109E-4,4.611036159288863E-5,6.06720774697086E-4,1.0,2.7999743827253093E-4,0.003958509145332676,5.957060875110278E-5,0.04320229497535304,1.7722503803014212E-4,2.9170490598757776E-4,4.5584221766932476E-4,1.0687432116027099E-4,0.01120577827921286,1.0529808137812145E-4,5.998299566685901E-4,1.6942890356819003E-4,0.0023737334499245033,0.008015325463190113,1.3554960149592953E-4,1.1750296165303654E-4,9.05800030759326E-5,2.1028724460937494E-4,0.006088989246007538,5.998687763503569E-4,1.8524609587356955E-4,0.0010029673051377974,1.1655041377573216E-4,0.003765965932528568,1.3036786194995697E-5,2.0392998645022288E-4,0.001794601779006165,1.0886705930360578E-4],[7.399355766279424E-4,0.004292670458116394,0.001371397824498218,0.0013637465599746976,0.0013000650348680297,0.0012717808775257503,0.0011136500116432023,9.000787312682506E-4,6.156968505906728E-4,0.00956118253504988,0.0014892683376761203,8.591779639684216E-4,0.002091123351619305,0.013842438527851266,4.1723148237540037E-4,0.0020454093583629524,0.001190086382978915,0.001175993495987192,0.0013516097988033624,0.0015484613396720473,8.938195162852767E-4,0.0013991603600594712,0.0013747158410507459,0.0013202416625614044,0.0011085665525844635,0.0025192145329279254,2.7999743827253093E-4,1.0,0.004612373045997322,2.501953229433649E-4,0.04631682229966769,9.662528078008916E-4,0.006044941092349593,0.0013654236929971596,0.0013665960675617506,0.002621457328852824,0.0010596057728188633,0.0013575691551888584,3.4496496210687335E-4,0.0021520974592704085,0.015930682115997366,5.87018932122657E-4,0.0012771822513611905,1.790653677653343E-4,0.002994579937582096,0.005964858082464164,0.0017624597744381328,9.234656329274606E-4,0.0021041677640595735,0.0013013343960349485,0.005263215329122514,0.0011494501662654612,9.322303757502545E-4,0.0019047541382189706,0.001304899532410303],[0.0021297579999486737,0.005568452556521045,0.00310742707066519,0.00364297324793246,0.0013270482046887043,0.004968022964327811,0.005851723237654461,0.0010826701201632665,0.005777503837545256,0.017443189919503447,0.002414117087360582,0.0018582596352651835,0.002589731153276575,0.015230809031225107,0.00326169502936329,0.0053843491790871376,0.002495853298456868,0.003923657204667852,0.0020154543150813107,0.0040974547728593325,0.003069788041053002,0.0023478550253899703,0.002217298963395676,0.004702937841255764,3.957418712914847E-4,0.005752493735959269,0.003958509145332676,0.004612373045997322,1.0,0.0052582073833457935,0.03648751784491286,6.083738173807834E-4,0.020197114304963074,0.004007986066441109,0.002003057306100045,0.007733233120321397,8.660957035979863E-4,0.003736316468391195,0.002220746043690493,0.005871776125016546,0.012761497475795427,0.004513454483399468,0.0032375514688450712,0.004392857239663,0.0046022078440048735,0.009713892977878983,0.005452318144214924,0.002323470629302527,0.002644337945537102,0.0037427124941209404,0.007857556536787673,0.005201611671569861,0.0036914055432377053,0.005900965910446783,0.00298415716208485],[6.95551636340561E-5,0.0027144638106294805,1.0633192437248843E-4,6.865783289904184E-4,5.806524266082054E-4,1.3800272110084434E-5,1.7713008983018166E-4,8.13551551388207E-5,7.827467515279496E-5,0.00658626572270563,0.0012615082239857145,1.8499331022404956E-5,0.0021261301033000182,0.016942239841588363,3.411468823269614E-5,1.1970314364371295E-4,3.848012492031961E-4,5.860743469166077E-5,1.8407609398205856E-5,0.0011639679669311956,4.360896587943926E-5,0.0011659666379313953,2.634509188186115E-4,4.777921862148043E-4,1.354755946624207E-5,0.0033559318157348,5.957060875110278E-5,2.501953229433649E-4,0.0052582073833457935,1.0,0.024297662725572006,1.6627227391489377E-4,0.016282949706881846,7.655510494787251E-4,2.021604846339702E-4,9.637195489288641E-4,4.515720184451312E-5,6.258036772697135E-4,3.4659914628030446E-5,0.001414217119859039,8.641072010049964E-4,9.362889910084655E-5,4.42613778293838E-4,1.3767792899685515E-5,0.0033990868744955853,0.006394520207953399,3.101387882854472E-4,1.928716924641284E-4,0.0022342278079108616,3.090493151888272E-5,0.002624420591741821,1.0383307785180735E-5,7.646581240168441E-5,0.002456231796897769,7.529085742873795E-4],[0.03228428429696209,0.051306536440777595,0.018299870251830632,0.00807729130138245,0.02226297894964249,0.025046185269616373,0.04154958956320414,0.0030039712624568195,0.022400092697823202,0.0852636921236671,0.007479201906907256,0.04045878282314748,0.04872959617939043,0.04238087398472361,0.04950037103754824,0.041095949605553087,0.007405650958754216,0.03148907282737754,0.0508748282337667,0.0022903483549904214,0.045035149918294076,0.02041858601147294,0.03758538532841443,0.02813046663798918,0.005177660374292703,0.040624432378086876,0.04320229497535304,0.04631682229966769,0.03648751784491286,0.024297662725572006,1.0,0.022914908462661865,0.03739820210248895,0.03809596118085636,0.02149188250166908,0.016923824543019404,0.042719449988811956,0.035373383156145244,0.0010131791275266252,0.004210730309351258,0.042544890300243825,0.04660620103223588,0.03539386742607271,0.009366445682774609,0.009401506877195008,0.03192222552836581,0.04381030335212623,0.04184930946226874,0.04490772933736363,0.031501875901283866,0.034059646720418606,0.05180478291817123,0.0303925480849844,0.027399817322538673,0.022934693725115342],[1.6568622025818827E-4,0.0028017408980691304,3.1715879816371584E-4,0.001172505313047403,6.712884370904326E-4,5.704373031311712E-5,1.8026177139792693E-4,1.5688917329388882E-4,1.412211570040682E-4,0.06642010934488125,0.0011664363412100293,7.876818941271064E-5,0.0015877986917275345,0.018638204262941653,1.4617948986695212E-4,0.001878593783026093,7.557138396298264E-4,1.901119699381732E-4,1.3932135759213272E-4,3.0668613143036304E-4,1.5662441603022368E-4,8.384771769417943E-4,7.614297018420397E-4,6.501580034421585E-4,1.3577518118523834E-4,0.0025195062554837244,1.7722503803014212E-4,9.662528078008916E-4,6.083738173807834E-4,1.6627227391489377E-4,0.022914908462661865,1.0,0.015414345883514147,9.305713472386445E-4,4.6803949965563583E-4,0.005895391058540771,1.6423253939910437E-4,4.25659023605138E-4,1.7470591331719275E-4,0.0013413456907240637,0.012805486731293357,1.4984202374400738E-4,5.829808332083201E-4,1.3375312469257925E-4,0.001609744468270558,0.004049490021624554,2.3108363150020918E-4,2.0766523805545574E-4,0.0016880657551284275,1.6491851402990746E-4,0.002148756462824215,5.7755587160992704E-5,2.0727003435209307E-4,0.0014104528172730717,8.252777471517655E-4],[0.017375368335890137,0.012397858297265207,0.00540568029368123,0.014097849076660524,0.02069890235424035,0.0032637331895581157,0.015698589295881173,0.00996095014721936,0.012699346135351982,0.04494380448797719,0.009180415372385304,0.016934719240848967,0.01921578660080314,0.02198409606409246,0.017705070622023217,0.0063077729753820855,0.015073143036270279,0.00745464850683364,0.013152730478685296,0.021511799182239954,0.015902858568853467,0.0038957093367958536,0.00941194513563847,0.013468529519504432,0.003925986500039956,0.007142275498985266,2.9170490598757776E-4,0.006044941092349593,0.020197114304963074,0.016282949706881846,0.03739820210248895,0.015414345883514147,1.0,0.005554856189940965,0.014885813710859496,0.018233268844676475,0.013528667028137948,0.014801425702493175,0.018160283024403017,0.0164160081887999,0.016680018927522747,0.008930721826540613,0.009670136341915396,0.01712557498010642,0.013810174767712463,0.017531569842688915,0.01087389424899585,0.011805988020595863,0.006547797644803151,0.020964270319278597,0.010566797606882694,0.0019316069174349002,0.006518925543609544,0.006073097541799483,0.013769502080990795],[1.950339486967519E-4,0.0023826589365524235,0.001364146971848187,0.0013479883530832131,0.0012505156645492563,0.0010978654597289842,4.382386519414702E-4,8.554357181832406E-4,0.0011244297166292608,0.0690739147418019,0.0015747548441625613,6.126858455714086E-4,0.002323434125549989,0.007832684771907045,0.0012730979463735574,0.0016371054285163123,0.0013162133134474335,0.0011422847147177103,9.280814810070859E-4,0.0015081368336435485,4.7254288535712686E-4,0.001372086294972994,0.001577802762881472,0.001271392311689356,0.001164950930555886,0.0028075394883997663,4.5584221766932476E-4,0.0013654236929971596,0.004007986066441109,7.655510494787251E-4,0.03809596118085636,9.305713472386445E-4,0.005554856189940965,1.0,0.001176577302803258,0.004888181219181404,2.7828777496257914E-4,0.0011541502920236141,2.8167562758213036E-4,0.001917969204457354,0.009852852054794086,9.207695970679649E-4,0.0013070986314215331,4.86784591240399E-4,0.0014152345457419968,0.010740391373708464,0.0016865137461384958,8.363479812832846E-4,0.0020988901467852363,1.4305811628889455E-4,0.006125963714023885,0.0012365398800542142,0.001234300230062112,0.0028239373097519475,0.001224822263149798],[7.006286322746513E-4,0.0017807363064386468,0.0010896282985774599,0.0012139882878470472,0.0011782243643906625,7.198415742401886E-4,3.309982856700915E-4,7.115128904369322E-4,8.851684527541406E-4,0.06932068700920366,0.00118504127614828,8.932939213658369E-4,0.001162926092152927,0.00505128517340795,2.0910551703741924E-4,0.002094150675676161,0.0010469994850417258,4.184939665858799E-4,2.501044761821088E-4,0.001148654400587123,3.290518450760557E-4,0.0012527706923264204,0.0013157487344177589,0.0010086467639140206,4.773063915290389E-4,0.0012962644641969928,1.0687432116027099E-4,0.0013665960675617506,0.002003057306100045,2.021604846339702E-4,0.02149188250166908,4.6803949965563583E-4,0.014885813710859496,0.001176577302803258,1.0,0.010434825