[[1.0,0.016507412628961715,0.004751426530374766,0.02148952739451063,0.00189912671587293,0.013226399347629557,0.012049508079775995,0.00883415398713392,0.020644470513672256,0.02399491721106494,0.01405338050775357,0.01551156460506168,0.0246830385468332,0.013349704207473313,0.022939231036769658,0.01603086266005499,0.025273042842347673,0.02278302645677207,0.018805729958731546,0.006384123890258915,0.02533278925681435,0.00277632022911856,0.0018834716624650638,0.0029165904997948164,0.012877082487504977,0.013904000943511623,0.008646220987338471,0.024801905699076296,0.0025433146167969946,0.0159089547821905,0.00391824193511448,0.017561227096310646,0.016908139032847495,0.021482710509993782,0.018178335691438924,0.02556142295416794,0.01651510476937914,0.003341014755398152,0.0030887469200702104,0.002021919854104908,0.026831202138323632,0.022373626272935612,0.024482429406868445,8.84580481970806E-5,0.018854497714950118,0.01322124059544145,0.02416140574823228,0.007080276786110574,0.023788244139449848,0.02598573725850685,0.010816851696983189,0.007125339210920076,0.02232367789776423,0.0034666085921116023,0.025203124762884607,0.025288099371856616,0.0020007362971500883,0.0023243074625205465,0.019635800299063512,0.011118161251849393],[0.016507412628961715,1.0,0.001088637756076711,0.001919368630060069,0.00195260706958284,0.0025994335763063394,0.0014928287151599485,0.0017897229328888871,0.0023659486779111383,0.0015852836913123518,8.335368458937886E-4,8.188258787570507E-4,4.6408603950027913E-4,0.0024164627137032166,0.008651889474250924,0.002476762169133291,0.007733248706538647,0.0018957761662850208,0.0025624848715924044,0.0021116785259046034,0.0029232207000166404,0.0019641425371019227,0.0019943212829520566,0.002202640075377901,3.130653953259791E-4,0.0017096666246609012,0.002775951195205903,0.0018136095344205873,0.0018959992848124963,8.413405539411461E-4,0.001633700289657,0.006023299285301584,0.002052962720124599,4.325039262721834E-4,0.00876299140424347,0.002609891746554061,9.784667312014144E-4,0.00145932919112501,0.0026293763454293653,0.0011996490120507969,0.007617725784696935,0.007925530511683468,0.0021749552024896033,0.0022399267224005783,0.0043264032799675564,0.001981381226891662,0.0018327507613425135,0.001568058466657048,0.004444909867144827,0.009012121757920455,0.0025294658595922063,0.0015604753110330034,0.002593649933739977,0.00197149406433114,0.001198919887602918,9.123544536561893E-4,0.0021153659404732706,0.0024298393746315853,6.461597986805161E-4,0.0025772823502686233],[0.004751426530374766,0.001088637756076711,1.0,4.971994666421858E-4,6.397529659894615E-4,0.0011795525421977853,4.10718890618907E-4,2.5588122301891287E-5,1.2076227959746971E-4,2.404596843947459E-4,6.57703112991486E-4,6.76342176549864E-4,6.704307133872248E-4,6.059633655620985E-4,0.004760173695239345,0.001448303560976754,0.018905256891613296,0.0011808163006838293,0.0017178872858503824,3.3242588341482243E-4,0.0013308180165755973,1.7599296010987702E-4,0.0011101000202337276,6.720428531941959E-4,3.0390380516954313E-4,4.116510643755298E-4,0.0016302340881239425,4.6166487622006935E-4,7.241281829312205E-4,4.0645013652344027E-4,8.210229288802008E-4,0.0016855094758476904,6.423145432335631E-4,2.0566677396700766E-4,0.002477037773316256,2.7157867610275887E-4,3.0432279772776047E-4,5.585661955568328E-4,4.903224911235122E-4,3.712250864125042E-4,0.019642614835604075,0.010278302466869496,4.681782788581776E-4,2.331931369494116E-4,0.0028297800155646954,0.0017513776057306908,5.581766114908563E-4,1.8379848807935232E-4,0.002199061184048922,0.007455485367703537,9.603006438270334E-4,7.176397844944812E-4,0.001134340573563728,9.360034907101146E-4,5.032249782435572E-4,5.423083023902739E-4,1.7898985000578305E-4,0.0016267083642438577,6.725507844754484E-4,0.0017708272063772469],[0.02148952739451063,0.001919368630060069,4.971994666421858E-4,1.0,2.00171644459563E-4,9.81511851582454E-4,1.9107702293898285E-4,2.119399905443252E-4,1.2563464476517298E-4,1.8235416578599018E-4,2.720379043760098E-4,1.4121187257936795E-4,3.2624693147839093E-4,1.9897623233328698E-4,0.009743512045730296,5.34501600521361E-4,0.017235740898825486,5.114987927506141E-4,4.018387663153706E-4,2.1522559783435037E-4,0.0010288378719184297,1.1819776609360658E-4,0.0010887213308106102,2.0714020735070548E-4,1.6091437814999129E-4,3.364879099662171E-4,4.943775219985459E-4,1.9163397867071635E-4,7.7020960105071E-4,2.1596778761906856E-4,7.096312658292151E-4,0.0010376659612235768,2.200339287655679E-4,1.9633499530789445E-4,0.0052784364872882706,2.0489141692589603E-4,1.4049210036525396E-4,1.9007635137704987E-4,1.8458208882024128E-4,1.8512718708852983E-4,0.010491279946423652,0.012529553262153579,1.6209759711630658E-4,5.125148917073453E-5,0.0013524670352746948,9.938810926341524E-4,1.491835068004479E-4,2.0138415569080984E-4,0.0014634243710420066,0.001823918839704627,8.79198371362719E-4,9.195993662825815E-4,9.014805400154249E-4,9.502765082412142E-4,8.449053279469602E-5,1.3934978311689906E-4,1.969357229371905E-4,0.001128793228489063,2.1690425431114936E-4,0.001955761561935121],[0.00189912671587293,0.00195260706958284,6.397529659894615E-4,2.00171644459563E-4,1.0,5.30314666982116E-4,1.321073313228878E-4,1.1067933890874669E-4,1.3407164703661248E-4,1.7553057171777473E-4,5.702884383451839E-4,1.4257658964587002E-4,1.9018864583938153E-4,1.1392610736102352E-4,0.004845916254540043,9.102862994153897E-4,0.01361675700691359,9.423997694066373E-4,8.478622641699588E-4,1.7831684205131494E-4,0.0011615770217364174,1.0800010054254401E-4,6.275014134595524E-4,1.8313918064310727E-4,1.4498569878737972E-4,2.953010253142758E-4,0.0026199445818803446,1.6407977104746402E-4,3.5570400722995923E-4,2.0205550815514841E-4,2.21681167545345E-4,0.005053514301673475,2.1545459330097987E-4,1.1596104158863771E-4,1.790035842692707E-4,1.3291704390589926E-4,1.5496969718003037E-4,1.823878329465443E-4,1.673731104022962E-4,1.7049189381923265E-4,0.006623679384322778,0.014479179764377622,1.571388345751156E-4,1.0868956568478362E-4,0.0052726217243088454,1.8796365383162334E-4,1.2832582151971127E-4,1.711399085807322E-4,0.004456253525497584,0.00932283939706509,2.0697292423224308E-4,6.517416151933222E-4,0.0013070776507908602,4.81083259504281E-4,8.348202880742762E-5,1.4768511682028808E-4,1.429074359145981E-4,0.0011850702469781138,1.937477337349549E-4,0.0018617909615555033],[0.013226399347629557,0.0025994335763063394,0.0011795525421977853,9.81511851582454E-4,5.30314666982116E-4,1.0,0.0012096441310463202,6.474253523313012E-4,4.8232413538455536E-4,1.551912559841501E-4,0.0010410083232198994,2.89803368214674E-4,0.001136230849919573,3.7062117133386E-4,0.006222117406442381,0.001781415837084947,0.008711100710303123,0.0016821872177611799,0.0018672388767844031,0.0014363182799578792,0.0024283187013523547,6.450579082942997E-4,0.0013759022656750226,3.3259970308800876E-4,1.8729176352382665E-4,4.5532736910753913E-4,0.002077861584711235,5.134479688302355E-4,0.0016953744143498519,4.595137348072446E-4,0.0011296191309972852,0.0036423982434393353,7.423474747321015E-4,0.0011192842206654162,0.005391928408934717,0.0013212521633609853,7.238450592236481E-4,0.0016671529428838518,0.001625334222334377,7.043493536582517E-4,0.015059437991644303,0.012157648445354802,0.0016247986894287018,5.682845650671207E-4,0.004524946111148783,0.0018379493523506126,2.430138993152098E-4,0.0018105792314464266,0.005286500678771851,0.005766619331991458,0.0014816173160650129,0.0011945415867916699,0.001848296109285331,0.0012042799463560484,3.202570435010941E-4,5.256521552392064E-4,0.0016336994503142908,0.001874514164861034,0.0011797666764339799,0.002053786161114021],[0.012049508079775995,0.0014928287151599485,4.10718890618907E-4,1.9107702293898285E-4,1.321073313228878E-4,0.0012096441310463202,1.0,5.7149449697324644E-5,1.0965875499213035E-4,1.2076936162192248E-4,2.3755683517528872E-4,1.152551670640906E-4,1.236344776659014E-4,7.239761614932961E-5,0.006374548258664331,3.982664103569486E-4,0.01976433839866164,0.0013288970492028069,0.0010554952659587885,1.3458785593847513E-4,0.0010901595991491908,1.0926878200957382E-4,5.856814809304011E-4,1.9395269594895596E-4,1.1179305721534251E-4,2.3387209046689465E-4,4.7176403216770134E-4,1.3713958998902217E-4,2.777545646045128E-4,1.6602731441864887E-4,1.1766108112331055E-4,4.267551537816265E-4,1.3336532367722167E-4,1.0646292392613491E-4,0.007828276537743581,9.168892794181529E-5,1.1865841563101165E-4,1.761758875513501E-4,1.2303209709399064E-4,1.0634726273077483E-4,0.008346725376309915,0.014391654276340307,1.4381591614407357E-4,4.850010422577935E-5,0.0027316966484706717,0.001515613599506103,1.1031392614573813E-4,1.4995471519662658E-4,0.0047063062062468256,0.004336700601372482,0.0010977116601723596,2.6772200869484017E-4,0.0015416159653671823,6.180607961450962E-4,6.107030824869965E-5,1.1414258270519606E-4,1.0933250704107744E-4,4.186736312531244E-4,1.1680636515989578E-4,2.5119374399808913E-4],[0.00883415398713392,0.0017897229328888871,2.5588122301891287E-5,2.119399905443252E-4,1.1067933890874669E-4,6.474253523313012E-4,5.7149449697324644E-5,1.0,5.6575172350104735E-5,1.2341438673639678E-4,1.697029295137325E-4,8.861239693995534E-5,2.7089812332925186E-4,2.0733241811587148E-5,0.0035961988192293273,0.001546559275079258,0.005395184211270342,5.009055157292008E-4,9.020168270936604E-4,1.224926379112848E-4,0.0014638096741512617,7.49090247327735E-5,6.992313774163276E-4,2.0035748850952598E-4,5.8761426403279766E-5,9.481639581807648E-5,0.001432687149707795,1.2133003660207163E-4,1.391347695712674E-4,1.9330661331330018E-4,9.173907300163651E-4,0.004687112195996574,2.1009878111729013E-4,1.3636266221400535E-5,0.002542759003346477,2.5321229192745054E-5,4.6403941983163275E-5,7.85774806914478E-5,6.672065777187273E-5,9.277506810706837E-5,0.024328686087939297,0.008743855813018333,2.951815446993622E-5,1.977633750924889E-5,0.003463220098355836,0.001547794602014619,7.15592331406344E-5,3.845913892473698E-5,0.0022558382151282182,0.005969206163974754,0.001153196113807182,2.1718446480323246E-4,0.0014971574559312327,5.700647597522847E-4,3.6387139707602884E-5,1.2695347647669029E-4,1.040361711491181E-4,9.520170329906366E-4,6.222065211956859E-5,0.0020813290213575024],[0.020644470513672256,0.0023659486779111383,1.2076227959746971E-4,1.2563464476517298E-4,1.3407164703661248E-4,4.8232413538455536E-4,1.0965875499213035E-4,5.6575172350104735E-5,1.0,1.2493314769245278E-4,6.275256855664853E-4,1.1439095439238508E-4,3.262896904721388E-4,6.257810045086732E-5,0.0031041497664113624,0.0015459854714935679,0.020947837116685256,0.0011340741143962235,1.5522188488761342E-4,1.1090616501795351E-4,0.0016952539615064427,1.0677682265550204E-4,0.0011095732479455777,1.9829464936397954E-4,1.0906714883250018E-4,1.1777443472185477E-4,0.0013868243502598485,1.3199160989768935E-4,1.503202126382311E-4,1.922311414714002E-4,5.722974016418567E-4,0.0057115354346738475,1.8091169487838743E-4,3.1757376391091506E-5,0.005698064882042214,1.0085509418643655E-4,1.1107023153935294E-4,1.2245155396102336E-4,1.4502608738246886E-4,1.0433870278617587E-4,0.023091721895133185,0.010145687602903549,1.3570471667466178E-4,2.848821175364384E-5,0.0032863678132876227,0.001261265284729823,1.0972118130248362E-4,1.4302788329417554E-4,0.003842151143516569,0.008574438000248916,5.863420245562235E-4,9.484288234189491E-4,0.0012963310881002723,4.187786252656773E-4,1.0444661751492652E-4,1.3036590655318245E-4,1.0768149860763607E-4,2.3113864446662477E-4,1.9855018096184658E-4,0.002147799093385753],[0.02399491721106494,0.0015852836913123518,2.404596843947459E-4,1.8235416578599018E-4,1.7553057171777473E-4,1.551912559841501E-4,1.2076936162192248E-4,1.2341438673639678E-4,1.2493314769245278E-4,1.0,2.715142389794625E-4,1.2224227287938462E-4,3.2420880069035244E-4,1.1357575724766274E-4,0.002271741251421833,7.830198485562125E-4,0.010032830448940858,4.37086227717236E-4,0.0017287035220441291,1.7631237127736668E-4,0.002035494724339594,1.2469645244968125E-4,5.187496194765679E-4,1.518700383460077E-4,1.1412317951480926E-4,3.324584701057901E-4,0.0013787842085310029,1.4679410261618557E-4,4.465952143723678E-4,1.8339123497241493E-4,8.988358508420421E-4,0.0021141156546235426,1.6870758994344865E-4,1.0605429799766556E-4,0.008953279205996445,1.0612137035702988E-4,1.2393300641091765E-4,1.3740461861629755E-4,1.4535183619908063E-4,1.1940329035663123E-4,0.01217640533016069,0.004516943128235397,1.515375873197292E-4,9.008601724676458E-5,0.004670323839427023,0.0012734868163141889,1.2645797620348874E-4,1.4005098330922906E-4,0.006054583954699071,0.006739344271592085,6.704853634865372E-4,1.3961413469285112E-4,0.0016305769635897387,7.747923331193453E-4,9.425317101560086E-5,1.2836836456446126E-4,1.2373356127345353E-4,8.539970458308908E-4,1.9559674028968483E-4,5.740217545178138E-4],[0.01405338050775357,8.335368458937886E-4,6.57703112991486E-4,2.720379043760098E-4,5.702884383451839E-4,0.0010410083232198994,2.3755683517528872E-4,1.697029295137325E-4,6.275256855664853E-4,2.715142389794625E-4,1.0,1.350313509321074E-4,4.4600005782635335E-4,3.55271296787543E-5,0.005010000394444443,0.0011920298345247451,0.022505281927513117,0.0012804994511886915,0.0015271533931445177,5.505519858655562E-4,0.002947083090476572,3.225148627938926E-4,8.653952713546195E-4,3.7672992252033716E-4,4.984285792831558E-4,5.085026417044607E-4,8.223010209014138E-4,3.041188767850514E-4,6.79140483219654E-4,2.304768666942019E-4,9.444226852410619E-4,0.0037262199834505773,5.838041903707375E-4,4.8152862376378227E-4,0.003462462655902598,6.065133846318788E-4,1.7650205619693842E-4,4.7877287948832405E-4,2.1633899645204756E-4,4.16174121712323E-4,0.019770456817775867,0.012064064653330963,4.7486408386551477E-4,1.3820758802221905E-4,0.0025791694702490013,8.587171944977364E-4,2.2661000671473042E-4,5.313096465573696E-4,0.0038894690328445487,0.0014395197634035502,8.169942175501508E-4,7.75803644151407E-4,0.0012000143304440785,7.567834015460995E-4,4.547169367072864E-4,1.4457954543521182E-4,5.023937859486038E-4,0.0013638129195298891,3.8376722084609133E-4,0.001062291236923922],[0.01551156460506168,8.188258787570507E-4,6.76342176549864E-4,1.4121187257936795E-4,1.4257658964587002E-4,2.89803368214674E-4,1.152551670640906E-4,8.861239693995534E-5,1.1439095439238508E-4,1.2224227287938462E-4,1.350313509321074E-4,1.0,1.3002940961162794E-4,3.170488835914874E-5,0.004003064389334623,2.89156621515546E-4,0.017652871033769255,9.064523856922719E-4,0.0016437536416656362,1.3308413012724253E-4,0.0028772761524734373,1.0660570288841442E-4,8.963721377418685E-4,1.2718223325327514E-4,1.0969603032425178E-4,2.559549603529673E-4,0.0019185153628241537,1.1687370229835629E-4,2.4136254975105936E-4,1.3987298604872157E-4,9.096150385893407E-4,0.00531034087111896,1.4861109259163167E-4,1.0796525915603364E-4,0.006014473661307319,1.0627012723931211E-4,1.1979621841651423E-4,1.6564885218073305E-4,1.3066200072298152E-4,1.0755386942459927E-4,0.019475473767815787,0.009768909476184647,1.3718494792152572E-4,1.223373343304246E-5,0.005244153183969239,0.0013313290242942851,1.1032760765821662E-4,1.474551751305772E-4,0.005369394795860406,0.00432940462273091,7.996843046457864E-4,9.54617140616819E-4,9.621572373742584E-4,3.765813611194504E-4,9.371547231769344E-5,1.3146121252587223E-4,1.1181300551901257E-4,0.0017544789054990933,1.314756465847021E-4,6.377589478709168E-4],[0.0246830385468332,4.6408603950027913E-4,6.704307133872248E-4,3.2624693147839093E-4,1.9018864583938153E-4,0.001136230849919573,1.236344776659014E-4,2.7089812332925186E-4,3.262896904721388E-4,3.2420880069035244E-4,4.4600005782635335E-4,1.3002940961162794E-4,1.0,2.100460972931794E-4,0.008309205479222101,5.930043226488129E-4,0.015465266948939058,0.001047600775434861,0.0017256525991300269,2.462441298868524E-4,0.0030860503160261023,1.597061450513928E-4,5.14045747287647E-4,3.3364843354250124E-4,3.4402258837426167E-4,3.921938983798051E-4,0.001524907610920368,2.703365621071356E-4,6.017501017458393E-4,2.943680812506144E-4,4.685275176168054E-4,0.005418614240671624,3.4875314863117533E-4,1.8960083708880284E-4,0.006403819233620916,1.7833522612316583E-4,2.9516586091296094E-4,3.164815191928597E-4,2.5211897482389507E-4,2.9675910351944503E-4,0.010561030180246981,0.004028194919285929,2.965256020522197E-4,1.9142612368202225E-5,0.0016900648488385353,6.193447067299396E-4,2.110833742051033E-4,3.3740787697867167E-4,0.002609972058262103,0.0031592048933980882,8.800905765368394E-4,8.050986393544303E-4,8.88253003333333E-4,9.192550769686562E-4,1.0672276069341539E-4,3.232343808006946E-4,1.8144715016672882E-4,4.4038246626795606E-4,2.963855907935853E-4,0.0016464066845845973],[0.013349704207473313,0.0024164627137032166,6.059633655620985E-4,1.9897623233328698E-4,1.1392610736102352E-4,3.7062117133386E-4,7.239761614932961E-5,2.0733241811587148E-5,6.257810045086732E-5,1.1357575724766274E-4,3.55271296787543E-5,3.170488835914874E-5,2.100460972931794E-4,1.0,0.0033696180820890656,0.0011586127112067815,0.009411331736555797,9.487121488636551E-4,0.001482163209890275,8.746047569125506E-5,0.002159171310174981,4.3475152371375526E-5,7.617666502451382E-4,1.8015549803249918E-4,6.762591343773463E-5,6.351906756961234E-5,0.0025555035680224223,9.58763661601269E-5,8.341170634498453E-4,9.575549437404067E-5,1.7906152943718493E-4,0.002149650394868691,1.3345230477594E-4,2.1807204730293404E-5,0.006343669241434954,5.3733527046584295E-5,6.578619977018375E-5,1.7879515053759174E-4,7.572059332107821E-5,9.295804511700677E-5,0.014423385052696145,0.013778911612457886,1.4663263458963914E-4,2.732091387040158E-5,0.003358615439728879,9.920712360669624E-5,7.924050093079216E-5,6.091283451089942E-5,0.0057736057899466335,0.004856679372241535,6.453466773733385E-4,3.20006284741619E-4,7.113081590922895E-4,9.456096886286219E-4,3.37282409421486E-5,9.112788379216716E-5,3.0846425428877E-5,0.0017709255398729625,1.928521909288342E-4,5.804926223247962E-4],[0.022939231036769658,0.008651889474250924,0.004760173695239345,0.009743512045730296,0.004845916254540043,0.006222117406442381,0.006374548258664331,0.0035961988192293273,0.0031041497664113624,0.002271741251421833,0.005010000394444443,0.004003064389334623,0.008309205479222101,0.0033696180820890656,1.0,0.0023658726633264057,0.02139270067246882,0.010739804293858088,0.0032238421761825657,0.008451560423151278,0.010212875512167052,0.007046696483481242,0.007969517805820961,0.006381758184148835,0.002597598852869653,0.0017451406542389413,0.006249049065941542,0.0060806324402453565,0.004308477106411787,0.0025040494409789074,0.010906868663106941,0.007038779552267039,0.002739588687531017,6.984890594320987E-4,0.011104840086095826,0.006226307212340438,0.009729384063720186,0.009497170151689877,0.006445817569240915,0.00971323968006311,0.013934964547786465,0.014530538540543772,0.00892491735236759,0.0016576602916517046,0.006627823675809117,0.010559993217213117,0.010784203396743887,0.003113010452387374,0.00852738433897032,0.0102455653328109,0.00429196651747512,0.006105207997883905,0.008158125531702682,0.004619943551359102,0.0014252916677522114,0.00736419377050169,0.004481309323424461,0.010303217289446023,0.0020973845678982487,0.010437637911564575],[0.01603086266005499,0.002476762169133291,0.001448303560976754,5.34501600521361E-4,9.102862994153897E-4,0.001781415837084947,3.982664103569486E-4,0.001546559275079258,0.0015459854714935679,7.830198485562125E-4,0.0011920298345247451,2.89156621515546E-4,5.930043226488129E-4,0.0011586127112067815,0.0023658726633264057,1.0,0.019618422445794946,0.0015303782309599497,0.001835612771646389,2.936106212179606E-4,0.0018191328537850468,0.0015275256283191966,0.001322529249148599,0.0016964303122847515,0.0013661224561973653,0.0013598836569047234,0.0019130610264254844,0.0011105675273000138,0.0016628943485715326,4.0694433842137606E-4,0.0011424968103895775,0.0031558336125730255,7.877514458488648E-4,6.212638631566887E-4,0.005277424207562616,0.001481178307117041,0.001632044770343996,0.0011945204326947565,0.0012136189981096605,0.0016061930721269805,0.01721530153978068,0.0017894601333498855,0.0011142128510469044,1.000900337885834E-4,0.0031762096557511445,0.0017355652629925463,0.0010174749961325616,0.0010772285677072618,0.0055136311672404435,0.00905709266333347,0.0012491927685249554,0.0014224247368425104,0.0017128716391356892,0.0013342245134270261,0.0011865113389505609,0.0015932944617537748,9.454009172512819E-4,0.0018527056569405886,2.5974918393751077E-4,0.0017687363839364266],[0.025273042842347673,0.007733248706538647,0.018905256891613296,0.017235740898825486,0.01361675700691359,0.008711100710303123,0.01976433839866164,0.005395184211270342,0.020947837116685256,0.010032830448940858,0.022505281927513117,0.017652871033769255,0.015465266948939058,0.009411331736555797,0.02139270067246882,0.019618422445794946,1.0,0.0018030867473460943,0.010311610448778657,0.01751082755777239,0.018733783308525664,0.007251813164534835,0.0020547325532681896,0.005452385850991657,0.007951191637986672,0.01429508913397696,0.012956089933980987,0.008239160708255783,0.01005926186231804,0.003529266730772556,0.011342754536094686,0.01223400480092491,0.01810515477504105,0.007633129126812987,0.020605009266830763,0.018890590711152438,0.010672437342443055,0.0022778047780131244,0.006672842505054708,0.0029401775819186096,0.02794799328877563,0.02032780371180436,0.01195012642451472,0.005797148041506107,0.01724121765937458,0.0051172692529168505,0.017865564818661736,0.017672126098580692,0.017262427836028254,0.01761803416134337,0.01827253868499628,0.002876917973592156,0.01615613864067547,0.0017680688335233482,0.00497956817605056,0.018039433512444223,0.0018747687281668174,0.006567776711678696,0.01510353285915136,0.022490934129919548],[0.02278302645677207,0.0018957761662850208,0.0011808163006838293,5.114987927506141E-4,9.423997694066373E-4,0.0016821872177611799,0.0013288970492028069,5.009055157292008E-4,0.0011340741143962235,4.37086227717236E-4,0.0012804994511886915,9.064523856922719E-4,0.001047600775434861,9.487121488636551E-4,0.010739804293858088,0.0015303782309599497,0.0018030867473460943,1.0,0.0017961209975366132,9.049866037336586E-4,0.0019198044901356302,0.001010542903603012,0.001415870704911359,0.0013262777060831566,0.0011823439141605064,7.784462376227378E-4,0.0020070925064326665,2.823992102783326E-4,0.0011467038282641988,3.2526035855596103E-4,0.0014201606629402623,0.005067859290171646,0.001471151928897612,3.0060062085745983E-4,0.007486312249401288,9.256089556450012E-5,2.304350529488504E-4,0.0010953782822567747,1.5111375618956317E-4,0.0012015324951628087,0.01311470135011092,0.010509811355876988,0.0010191106054166078,0.0014581871882467273,0.002066092768910518,0.0015639629292340431,0.0014165908824829419,0.0011586764164321483,0.0014956302404889117,0.0036791369782307477,0.0012311271155322724,0.0010454084769763081,0.0016776680641683661,0.001142682199845065,0.0012546528408204196,2.0915856983390552E-4,0.0010054289510740473,0.0015547772168308799,5.30457765263857E-4,0.002500493612508088],[0.018805729958731546,0.0025624848715924044,0.0017178872858503824,4.018387663153706E-4,8.478622641699588E-4,0.0018672388767844031,0.0010554952659587885,9.020168270936604E-4,1.5522188488761342E-4,0.0017287035220441291,0.0015271533931445177,0.0016437536416656362,0.0017256525991300269,0.001482163209890275,0.0032238421761825657,0.001835612771646389,0.010311610448778657,0.0017961209975366132,1.0,5.025883650875214E-4,0.002819579408209506,0.0014106852548697326,0.0012548822216278046,6.144285328879605E-4,5.36817294132757E-4,0.0010597079651702046,0.0022416502674502668,0.001439575658965805,0.0017784057031773617,7.64477050846298E-4,0.0014767662592783148,0.002962322747927731,7.575432376914418E-4,5.861416430982207E-4,0.002636643372465406,3.6472886000532464E-4,7.964248392669384E-4,0.0010293741167232686,7.557952066690368E-4,0.0012827463279251597,0.020258889201909568,0.011191337211556684,0.001390366945401388,4.193404239337736E-4,0.004066019354442315,0.0018482884665765246,3.1482043122920084E-4,0.0016578275468491434,0.002038525091134532,0.003975119306219768,0.0017097939756987638,0.0011334087534690088,0.001717596954235685,0.0013708448083903225,0.0013784402270686034,0.0018108134375630488,8.690103008229524E-4,0.0018744554970754547,0.0015014392845033608,0.0025431855866266976],[0.006384123890258915,0.0021116785259046034,3.3242588341482243E-4,2.1522559783435037E-4,1.7831684205131494E-4,0.0014363182799578792,1.3458785593847513E-4,1.224926379112848E-4,1.1090616501795351E-4,1.7631237127736668E-4,5.505519858655562E-4,1.3308413012724253E-4,2.462441298868524E-4,8.746047569125506E-5,0.008451560423151278,2.936106212179606E-4,0.01751082755777239,9.049866037336586E-4,5.025883650875214E-4,1.0,0.0024015266056449645,1.2657411424426055E-4,6.143546600025835E-4,1.848444358600419E-4,1.6844815173476562E-4,3.4064416333184997E-4,0.0019442118596160868,1.8108770349814767E-4,6.268183151155822E-4,1.8763624916208428E-4,5.307673047195582E-4,0.003973652770331664,2.2788425841331963E-4,1.0414214778752807E-4,0.0020083685037093103,1.5744890982486928E-4,1.483066952897087E-4,1.8479225736849802E-4,1.758359298701361E-4,1.104618968191603E-4,0.004415108029378698,0.010135151917132322,1.7877087346893517E-4,4.456506895053757E-5,0.003118465541821402,0.001720745053636123,1.3903002183123235E-4,1.7687460282778846E-4,0.0018632711920109778,0.00145076393043532,0.0011497906181985363,2.3823501760160908E-4,9.305521614138804E-4,8.412163863623703E-4,8.731180987340391E-5,1.6143559565189952E-4,1.2280275172024354E-4,1.8710657626323346E-4,1.8567500160863738E-4,0.0018357768554712478],[0.02533278925681435,0.0029232207000166404,0.0013308180165755973,0.0010288378719184297,0.0011615770217364174,0.0024283187013523547,0.0010901595991491908,0.0014638096741512617,0.0016952539615064427,0.002035494724339594,0.002947083090476572,0.0028772761524734373,0.0030860503160261023,0.002159171310174981,0.010212875512167052,0.0018191328537850468,0.018733783308525664,0.0019198044901356302,0.002819579408209506,0.0024015266056449645,1.0,0.0010373687586925754,0.002518366656635667,0.002722864518460164,8.87182092725579E-4,0.0016811654350341238,0.0028863115059808123,0.0011176768040477817,0.0012165415599366617,0.0012550496324357668,0.0011457743279553341,0.0053368595506531405,0.001432785191548634,0.0024723541510259933,0.009497373356359425,0.0028551681583974765,0.0011610204851388033,0.00202841565497981,0.002875723670158324,0.001272478623094302,0.004922116858590202,0.0037813483602933216,0.0022243428126457548,0.0017241746585423677,0.004473796555739768,0.00211826368223562,6.098198070126242E-4,0.002624540722870619,0.004021766061799206,0.00576820081510754,0.002420556280084323,0.0027802277251028134,0.0027774825877563735,0.001433220172096229,6.193834680251599E-4,3.4265958809032073E-4,0.002639570890183857,0.002443249404003753,0.0017286480808961621,0.002872736852192212],[0.00277632022911856,0.0019641425371019227,1.7599296010987702E-4,1.1819776609360658E-4,1.0800010054254401E-4,6.450579082942997E-4,1.0926878200957382E-4,7.49090247327735E-5,1.0677682265550204E-4,1.2469645244968125E-4,3.225148627938926E-4,1.0660570288841442E-4,1.597061450513928E-4,4.3475152371375526E-5,0.007046696483481242,0.0015275256283191966,0.007251813164534835,0.001010542903603012,0.0014106852548697326,1.2657411424426055E-4,0.0010373687586925754,1.0,2.1018944529961462E-4,1.369283449311788E-4,1.0642496933586991E-4,3.72577774769778E-4,4.337707598355063E-4,1.4924334307762338E-4,4.411083734767959E-4,1.421451405059187E-4,3.891585433760538E-4,0.0011755939977323745,1.8070118031071852E-4,9.171175231213224E-5,0.003963518406490742,9.940583220928891E-5,1.2156590092135541E-4,1.0977598034824785E-4,1.0849636875034279E-4,1.04095545366163E-4,0.004247770000356293,0.014614808606108216,1.4234030399881334E-4,7.026664507001526E-5,0.0020910493851872443,2.867645669413029E-4,1.0902228580718077E-4,1.470645504871789E-4,0.006398099314060172,0.004548377987630596,5.647007093155046E-4,1.8111506649709432E-4,8.909698174770486E-4,4.5576917007635525E-4,6.812655549631173E-5,1.1613505743645992E-4,1.0725326209568344E-4,5.594032102879625E-4,1.5830638389058204E-4,0.001145012728675246],[0.0018834716624650638,0.0019943212829520566,0.0011101000202337276,0.0010887213308106102,6.275014134595524E-4,0.0013759022656750226,5.856814809304011E-4,6.992313774163276E-4,0.0011095732479455777,5.187496194765679E-4,8.653952713546195E-4,8.963721377418685E-4,5.14045747287647E-4,7.617666502451382E-4,0.007969517805820961,0.001322529249148599,0.0020547325532681896,0.001415870704911359,0.0012548822216278046,6.143546600025835E-4,0.002518366656635667,2.1018944529961462E-4,1.0,7.547750761967305E-4,9.072846304146176E-4,0.0010187878216220082,0.0016232892788919542,2.0981440613841148E-4,0.0010763352416512605,5.935432119708512E-4,0.0011445170380743888,0.0024975477131026253,8.147591101296015E-4,3.3335854566930425E-4,0.012129936414948394,0.0011146577932275824,6.895305596329346E-4,0.0011182860364119332,8.489649106035871E-4,0.0012484636154502155,0.008829468347114997,0.0027305786842348498,8.644746741222146E-4,9.77966770758337E-4,0.004112219312708983,0.0015377065556413778,4.894888684441203E-4,1.6182363748653447E-4,0.004267703151475758,0.003602161449157192,0.0012351318171753673,0.001183667258331983,0.0013620095161488797,0.0012246380729332563,4.892256702739627E-4,7.088202996984141E-4,1.6378073367581767E-4,0.0016918569845821973,8.593346902239464E-4,0.0018659864773316744],[0.0029165904997948164,0.002202640075377901,6.720428531941959E-4,2.0714020735070548E-4,1.8313918064310727E-4,3.3259970308800876E-4,1.9395269594895596E-4,2.0035748850952598E-4,1.9829464936397954E-4,1.518700383460077E-4,3.7672992252033716E-4,1.2718223325327514E-4,3.3364843354250124E-4,1.8015549803249918E-4,0.006381758184148835,0.0016964303122847515,0.005452385850991657,0.0013262777060831566,6.144285328879605E-4,1.848444358600419E-4,0.002722864518460164,1.369283449311788E-4,7.547750761967305E-4,1.0,1.348134974774818E-4,2.4397326478848707E-4,0.0025727104200485595,1.8998928177749047E-4,3.7060563041990284E-4,2.0461170118977323E-4,5.303619101569626E-4,0.0024538523046993997,2.575043524491614E-4,2.9242519207752254E-5,0.009210793169371408,1.8936505411702527E-4,1.6290649703128548E-4,2.0151710177661818E-4,1.7563178873764793E-4,1.564194250609414E-4,0.007668755193058307,0.001067140507493927,1.9881060855290328E-4,1.8186016888803962E-4,0.00422863744444295,0.0016987966256368403,1.8703190780985473E-4,1.8340757113141564E-4,0.003303718271562178,0.009393709230380359,4.047310141720357E-4,9.60832374579511E-4,0.0010599449701743971,4.721975085012943E-4,1.4450183939246762E-4,1.890532961285838E-4,1.2594001577371033E-4,0.0015159204335290616,2.0368750902256976E-4,5.392114501156938E-4],[0.012877082487504977,3.130653953259791E-4,3.0390380516954313E-4,1.6091437814999129E-4,1.4498569878737972E-4,1.8729176352382665E-4,1.1179305721534251E-4,5.8761426403279766E-5,1.0906714883250018E-4,1.1412317951480926E-4,4.984285792831558E-4,1.0969603032425178E-4,3.4402258837426167E-4,6.762591343773463E-5,0.002597598852869653,0.0013661224561973653,0.007951191637986672,0.0011823439141605064,5.36817294132757E-4,1.6844815173476562E-4,8.87182092725579E-4,1.0642496933586991E-4,9.072846304146176E-4,1.348134974774818E-4,1.0,3.7475931312557815E-4,0.0023747099116162083,1.2122619231838647E-4,4.2718242658317863E-4,1.5917476232826637E-4,8.193830593431592E-4,0.0024789799508241487,1.3032844486124482E-4,4.950478050945606E-5,0.0039095188099677524,1.0517056172543621E-4,1.2072217848719448E-4,1.6819008082873571E-4,1.1471897641477006E-4,1.0791181425636767E-4,0.013907820742078974,0.001828001925999838,1.2787180245569442E-4,8.361928275617199E-5,0.004896111069621593,9.387766383916404E-4,1.0992134961350019E-4,1.45335961088335E-4,0.0013959367951625749,0.001864982785598455,6.139901156722207E-4,4.229696639404489E-4,3.769165856552329E-4,8.37889514671581E-4,6.122638769013634E-5,1.1330917960764788E-4,1.0839620818894145E-4,0.0010362289358941425,1.3440745806113407E-4,0.0018407409410868382],[0.013904000943511623,0.0017096666246609012,4.116510643755298E-4,3.364879099662171E-4,2.953010253142758E-4,4.5532736910753913E-4,2.3387209046689465E-4,9.481639581807648E-5,1.1777443472185477E-4,3.324584701057901E-4,5.085026417044607E-4,2.559549603529673E-4,3.921938983798051E-4,6.351906756961234E-5,0.0017451406542389413,0.0013598836569047234,0.01429508913397696,7.784462376227378E-4,0.0010597079651702046,3.4064416333184997E-4,0.0016811654350341238,3.72577774769778E-4,0.0010187878216220082,2.4397326478848707E-4,3.7475931312557815E-4,1.0,0.0013893240213615288,3.010402569467866E-4,8.027845390030422E-4,3.5239020957358673E-4,9.384564780328455E-4,0.004581109900427213,3.4290950175728537E-4,8.832456820277743E-5,0.0062827682704967615,1.4598575976068452E-4,2.997171945710869E-4,3.8653422999272344E-4,2.5962152682508066E-4,3.9051819421329504E-4,0.02146130330555441,0.002735957821210445,2.6534766738583467E-4,2.695648562507257E-4,0.004972888258067567,0.001234254669660885,2.017144754246767E-4,2.895631572748836E-4,0.0014595262263250464,0.008043074346467768,0.0011424971527619684,7.416440942776747E-4,0.001164465611390922,4.7207114927845E-4,2.543569722429097E-4,3.239536773469454E-4,2.7815534718297365E-4,0.001277874643094575,3.5323392118259147E-4,0.002422136045379844],[0.008646220987338471,0.002775951195205903,0.0016302340881239425,4.943775219985459E-4,0.0026199445818803446,0.002077861584711235,4.7176403216770134E-4,0.001432687149707795,0.0013868243502598485,0.0013787842085310029,8.223010209014138E-4,0.0019185153628241537,0.001524907610920368,0.0025555035680224223,0.006249049065941542,0.0019130610264254844,0.012956089933980987,0.0020070925064326665,0.0022416502674502668,0.0019442118596160868,0.0028863115059808123,4.337707598355063E-4,0.0016232892788919542,0.0025727104200485595,0.0023747099116162083,0.0013893240213615288,1.0,0.00106220407746144,0.0023777299959777736,8.997977917234365E-4,0.0018829750986518634,0.004449137047630363,4.014350825920466E-4,0.002771011826571808,0.009166006035137009,0.0012138759831206267,8.190741703072451E-4,0.002429396270884705,5.549673964012872E-4,1.4074743139327447E-4,0.0193192080352064,0.006797547098419097,9.630767734501423E-4,0.0012561617926525874,0.005143159287938761,0.0019508457081775963,8.388035200052662E-4,0.0024205901615059157,0.0057973213726852674,0.009990383650373618,0.002334065444037723,0.002234804420191874,0.0020221799802222266,0.002517328186641529,0.0015757043316520904,0.0012652145582212756,3.248421837740773E-4,0.002622992349168963,6.59556340852252E-4,0.0027563541345968132],[0.024801905699076296,0.0018136095344205873,4.6166487622006935E-4,1.9163397867071635E-4,1.6407977104746402E-4,5.134479688302355E-4,1.3713958998902217E-4,1.2133003660207163E-4,1.3199160989768935E-4,1.4679410261618557E-4,3.041188767850514E-4,1.1687370229835629E-4,2.703365621071356E-4,9.58763661601269E-5,0.0060806324402453565,0.0011105675273000138,0.008239160708255783,2.823992102783326E-4,0.001439575658965805,1.8108770349814767E-4,0.0011176768040477817,1.4924334307762338E-4,2.0981440613841148E-4,1.8998928177749047E-4,1.2122619231838647E-4,3.010402569467866E-4,0.00106220407746144,1.0,5.226368995920822E-4,1.700950103767784E-4,6.719784478609798E-4,0.004490613075299011,2.06756462313762E-4,1.3182962289950222E-4,0.0019148356755946685,1.2223435173596827E-4,1.2973110283371407E-4,1.7358155741022943E-4,1.5432802108780464E-4,1.2752552710355012E-4,0.027881643611209986,0.003855918425399364,1.5715595240146774E-4,8.067806069275642E-5,7.783078615800186E-4,0.0011416939620449503,1.3310891004408374E-4,1.5090832673298675E-4,0.003995398809746917,0.007086052788694989,5.710776182542115E-4,9.665740663744798E-4,6.426029377231831E-4,3.4059034293063017E-4,1.0505507667082518E-4,1.4278460350295775E-4,1.422819988150987E-4,0.0010697350810446183,1.6442160750234478E-4,0.001240535146099666],[0.0025433146167969946,0.0018959992848124963,7.241281829312205E-4,7.7020960105071E-4,3.5570400722995923E-4,0.0016953744143498519,2.777545646045128E-4,1.391347695712674E-4,1.503202126382311E-4,4.465952143723678E-4,6.79140483219654E-4,2.4136254975105936E-4,6.017501017458393E-4,8.341170634498453E-4,0.004308477106411787,0.0016628943485715326,0.01005926186231804,0.0011467038282641988,0.0017784057031773617,6.268183151155822E-4,0.0012165415599366617,4.411083734767959E-4,0.0010763352416512605,3.7060563041990284E-4,4.2718242658317863E-4,8.027845390030422E-4,0.0023777299959777736,5.226368995920822E-4,1.0,4.1945559279487027E-4,9.61091674909081E-4,0.006603530459093498,6.970477392292439E-4,6.178900527705015E-5,0.010347900120197798,7.563418983085439E-4,7.195438351110652E-4,7.897578851251107E-4,6.010800876728741E-4,6.81962433835125E-4,0.015972954090688676,0.005526428919281868,5.446205854414361E-4,5.618070797765703E-4,0.0019326617326016382,0.0014374522908147227,4.7345235870240027E-4,4.013321385385395E-4,0.0013273826600170863,0.0029223901067282664,0.0010425339380236848,9.366360747260418E-4,0.0016910993332510346,9.57716694845406E-4,8.26954456058736E-5,1.970845654926021E-4,4.018133413087529E-4,0.0011769892018703872,5.085368841927038E-4,0.0018632032969630374],[0.0159089547821905,8.413405539411461E-4,4.0645013652344027E-4,2.1596778761906856E-4,2.0205550815514841E-4,4.595137348072446E-4,1.6602731441864887E-4,1.9330661331330018E-4,1.922311414714002E-4,1.8339123497241493E-4,2.304768666942019E-4,1.3987298604872157E-4,2.943680812506144E-4,9.575549437404067E-5,0.0025040494409789074,4.0694433842137606E-4,0.003529266730772556,3.2526035855596103E-4,7.64477050846298E-4,1.8763624916208428E-4,0.0012550496324357668,1.421451405059187E-4,5.935432119708512E-4,2.0461170118977323E-4,1.5917476232826637E-4,3.5239020957358673E-4,8.997977917234365E-4,1.700950103767784E-4,4.1945559279487027E-4,1.0,6.825924250832933E-4,0.005005385345265675,2.1959186339573917E-4,1.9760605679898331E-4,0.010626129090537515,1.1481601818010811E-4,1.560659418342887E-4,1.916823246366178E-4,1.8548059979793148E-4,1.1699094012771126E-4,0.008604323318455873,0.008152527034787556,1.9966718370470634E-4,1.3793112359045638E-4,0.005170054518899952,9.254614421215616E-4,1.9382220772402964E-4,1.532695177420866E-4,7.31145882412659E-4,0.003700857056085346,8.341027792316887E-4,7.861824813181655E-4,5.969503946062172E-4,6.44081295540348E-4,1.0072587607416438E-4,1.6154506706846105E-4,1.2459715014209892E-4,0.0013477122868576657,2.120682655730409E-4,0.0023804517252835086],[0.00391824193511448,0.001633700289657,8.210229288802008E-4,7.096312658292151E-4,2.21681167545345E-4,0.0011296191309972852,1.1766108112331055E-4,9.173907300163651E-4,5.722974016418567E-4,8.988358508420421E-4,9.444226852410619E-4,9.096150385893407E-4,4.685275176168054E-4,1.7906152943718493E-4,0.010906868663106941,0.0011424968103895775,0.011342754536094686,0.0014201606629402623,0.0014767662592783148,5.307673047195582E-4,0.0011457743279553341,3.891585433760538E-4,0.0011445170380743888,5.303619101569626E-4,8.193830593431592E-4,9.384564780328455E-4,0.0018829750986518634,6.719784478609798E-4,9.61091674909081E-4,6.825924250832933E-4,1.0,0.004867958313278946,9.164752317095571E-4,5.830658380499411E-4,0.005759981580411749,8.423341013889463E-4,9.60614960928973E-4,4.213524688302725E-4,8.700890484287331E-4,7.870101563080904E-4,0.011516705257346745,0.003266140142318681,4.4040057998763797E-4,9.215422734308603E-4,0.0034730313522741913,0.0016455738882341637,0.0010563792469658842,5.647363093101252E-4,0.0017887778356662021,0.005003632046649591,0.0011038212541828742,0.0010704202209263546,0.001227824495431997,0.0011026666016628484,7.217493089520718E-4,6.472912252253011E-4,2.717536774613264E-4,0.001140007252533848,9.643051191869593E-4,0.002303170028208945],[0.017561227096310646,0.006023299285301584,0.0016855094758476904,0.0010376659612235768,0.005053514301673475,0.0036423982434393353,4.267551537816265E-4,0.004687112195996574,0.0057115354346738475,0.0021141156546235426,0.0037262199834505773,0.00531034087111896,0.005418614240671624,0.002149650394868691,0.007038779552267039,0.0031558336125730255,0.01223400480092491,0.005067859290171646,0.002962322747927731,0.003973652770331664,0.0053368595506531405,0.0011755939977323745,0.0024975477131026253,0.0024538523046993997,0.0024789799508241487,0.004581109900427213,0.004449137047630363,0.004490613075299011,0.006603530459093498,0.005005385345265675,0.004867958313278946,1.0,0.0013504767976115287,2.5940083775057155E-5,0.012180643128782503,0.004973304335279302,