[[1.0,8.951271899791081E-4,7.231756581875386E-4,0.005096423565782417,0.0015486832418931077,6.211818321278715E-4,9.863288916527222E-4,0.0011466533725735984,3.139756732966089E-4,0.0061127217828039725,0.0014379732969266564,4.6465344090503366E-4,4.268550218557365E-4,5.915062037968757E-4,0.017501808668924645,9.420548259498703E-5,0.0011404384638198592,0.0012207668270822589,2.9991224192224883E-4,1.507907568279796E-4,0.001245444844034281,7.285857132265149E-4,1.5991379279252135E-4,1.636022096206062E-4,5.970250167264596E-4,7.960861625120972E-4,1.7379867766243823E-4,7.802087104513278E-4,7.458105485493948E-4,7.276940613578698E-4,1.2475443853454275E-4,5.215668907334792E-4,5.5495820010430295E-5,7.91697258410087E-4,6.967108272288107E-4,2.8620413992815313E-4,8.102106259026262E-4,3.410350098790536E-4,2.796522586404602E-4,8.633317876138607E-4,8.232338573020898E-4,2.351190641260512E-4,0.010584855218584115,0.0012244505367177494,6.987863818256068E-4,3.9951256347233116E-4],[8.951271899791081E-4,1.0,6.051486524561818E-4,0.00531922702416574,0.001386780176242913,9.7693408068013E-4,0.0011296766871125125,0.0011805863082694364,3.083013470706069E-4,0.005642436006770082,0.0018321196915533674,0.0010888249322942244,8.53493976468963E-4,0.0010455378193115002,0.016049094102388438,5.388143536467863E-4,0.0011523956106561108,0.001281187704993583,7.831839179426371E-4,0.0010504234208175377,0.0013904724755246021,5.854639927825047E-4,6.47544628253533E-4,7.666127699975884E-4,4.6864470135806575E-4,7.490353337487915E-4,9.05042961780592E-4,9.477825162668336E-4,9.03273215428291E-4,4.248984903645303E-4,5.363288989079265E-4,0.0010025462231281579,3.6770336855452787E-4,0.001084662251409243,8.063161670873748E-4,3.2287677106704115E-4,0.0010161005727202612,0.0011337463971675132,0.0011034824652110492,0.0018139146646114846,0.0015180916946023262,9.686317233348151E-4,0.0011795493789037868,0.0012747921529233622,5.041875457646267E-4,1.2724281579050353E-5],[7.231756581875386E-4,6.051486524561818E-4,1.0,0.009994571798624863,4.023589265026301E-5,5.345794557049587E-5,6.316206408545393E-4,0.0010161955604148399,2.3912926026189757E-4,0.008506715808952802,0.0019756806744255315,2.3772167810469448E-5,1.678113713204789E-4,8.476327188848304E-5,0.0162739468368677,1.798163808929837E-5,7.492812112973225E-4,1.9270282198748223E-4,1.167157459456236E-5,1.5635087578922716E-5,7.973895083570635E-5,7.950036146945087E-5,1.841282890733579E-5,1.7145229079117254E-5,1.7686766043235064E-5,3.856593398661465E-5,2.408718182875123E-5,3.4772651881240696E-4,2.4775860176941258E-5,8.771272614337614E-5,1.6055673219981553E-5,1.5874444172160327E-4,1.7822145085092716E-5,2.21677435553028E-4,3.1652396980913814E-4,3.9172196498071656E-5,2.8017061600765466E-4,2.8188998038721893E-5,7.551965794217543E-5,8.027632595877743E-4,3.7609535695252744E-4,1.0039378635873861E-4,0.007966909554257018,2.5369276491249E-4,1.993075970944839E-5,1.7254006277896213E-5],[0.005096423565782417,0.00531922702416574,0.009994571798624863,1.0,0.0033333271291007757,0.002852137658875777,0.005015705450066996,0.008704719777619684,0.0069837292344080105,0.009208580287233556,0.005599669848028035,0.004964536138845523,0.008964104643620683,0.006144384517561932,0.012534724928794788,0.004194758103179615,0.007550969684279105,0.006703354118394969,0.0060393136398641,0.0032428900646086704,0.006296575161284773,0.0044859670974519445,9.664710589049687E-4,0.008754026959222382,0.0011742546860072742,0.002931823428848758,0.00403634122577942,0.002528385546806269,0.0013038423504548068,0.008687184539872503,0.005292404132021908,0.004189309394886345,0.0028950917026518363,0.005090151961606693,0.007689086271716516,0.00755238326646241,0.0031177335027323884,0.007103507102340342,0.006997627405425006,0.002717289735467338,0.005392919208810736,0.008999833268233256,0.010592197010982116,0.006058414065885687,0.006581543053456844,0.002908157946047005],[0.0015486832418931077,0.001386780176242913,4.023589265026301E-5,0.0033333271291007757,1.0,0.001077499418076033,0.001447098891521012,0.001639945513183942,8.618646377395605E-4,0.002365962052256519,0.002383960606753953,6.85006095526875E-4,0.0014078292601663336,2.459029135856202E-4,0.0028004626784043857,0.0010677196906880581,0.0016967689306906278,0.0015860009195374325,0.0013688343159946159,0.0013866501648276324,0.002438285558035624,6.143164925346411E-4,0.0010054794074968213,0.0014116213157861798,0.0013122167272875288,9.048361373252668E-4,5.691158723630036E-4,8.384821103982582E-4,0.001475645213302928,0.0011914497288229816,9.511210273986776E-4,6.727965387903596E-4,1.2550759001899535E-4,0.0015121601067741204,3.699336825602522E-4,7.165077703132138E-4,0.0014623155400541024,3.089858690330258E-4,0.0011297775569328935,0.0018464428726382152,0.0020065135096958013,0.0015003082555327717,0.0038584144804788842,0.0016177121667659818,0.0015409477779361536,4.4619966164744103E-4],[6.211818321278715E-4,9.7693408068013E-4,5.345794557049587E-5,0.002852137658875777,0.001077499418076033,1.0,6.001347815916417E-4,2.620438135518179E-4,2.0371219636568656E-4,0.006332188412311747,0.0013731635867097103,1.0086557761442813E-4,1.736734172181149E-4,1.3995818359487683E-4,0.007468355664149477,2.886490048246537E-5,0.0013070034064580933,5.632621952790507E-4,9.639195148925377E-5,8.317175473143064E-5,4.310571803489116E-4,1.3592862385368242E-4,1.1476767890319074E-4,5.19606498739983E-5,7.915260495767735E-5,1.290424695061883E-4,1.0613369937772615E-4,4.7896519859769307E-4,7.837979852771577E-5,1.5763651468428215E-4,2.707676229649225E-5,3.398065122847874E-4,5.353696739130766E-5,1.5373235039653824E-4,1.4471545507810068E-4,1.7652303164251962E-4,3.0968795572651356E-4,1.287494088340991E-4,1.5424500520425322E-4,8.61323437111472E-4,0.0015058812318624662,1.224840066234931E-4,0.011275213431581128,8.204575150635736E-4,1.1368514027470065E-4,1.1010909578619335E-4],[9.863288916527222E-4,0.0011296766871125125,6.316206408545393E-4,0.005015705450066996,0.001447098891521012,6.001347815916417E-4,1.0,0.0012392999217967129,7.867343722695918E-4,0.00826993266457556,0.0015841126150474166,7.052225589518554E-4,4.238512665515325E-4,0.0010695946662773771,0.008260187377777069,2.1033389069643107E-4,0.0012749574583354845,0.0012492271241245421,0.0010764897221992016,4.363015560106643E-4,0.002132298618354651,8.786255076354281E-4,7.205184307830828E-4,8.057023462047551E-4,9.63056406528825E-4,2.9188510308468296E-4,7.211233097757159E-4,7.338987945104692E-4,4.509315079732159E-4,5.129223613988223E-4,7.817343721034902E-4,9.134098856689693E-4,8.576116029292737E-4,5.493655626994402E-4,5.368091760873418E-4,1.970979485983168E-4,9.872115573256062E-4,8.832103369814481E-4,2.4822273016002856E-4,0.0011553809604982123,0.0012516348473405338,5.716756616209189E-4,0.002401287460770833,0.0012178014879379337,4.971081524136019E-4,7.844442725197719E-4],[0.0011466533725735984,0.0011805863082694364,0.0010161955604148399,0.008704719777619684,0.001639945513183942,2.620438135518179E-4,0.0012392999217967129,1.0,0.0010982837155060158,0.004686486990616756,0.0023272403243321184,1.1778110988250258E-4,5.065267146342282E-4,2.388812704704951E-4,0.0035334947379977383,8.265015372154349E-4,0.0016820040976039258,0.0013462260634586804,7.830525381472826E-4,0.0012972717652593238,0.002965399755579534,0.0011202265428937252,0.0012275997233494496,0.0013882773904055662,0.0013790464123068038,0.0010094143212602182,0.0013506367000884437,0.0014416135290704415,0.0013694411116516535,0.001430404634464725,0.0014979627219477883,8.021806735973965E-4,7.155475158861302E-4,3.6438729992965715E-4,0.0010684889953105996,3.8994201043624204E-4,7.297340399260399E-4,3.082849267273225E-4,0.0014648631323840695,0.0017009943883689654,0.0017994149466066989,3.712618691901136E-4,0.0024235090485657815,0.001343800090598494,1.145782605934751E-4,0.0010035879632976986],[3.139756732966089E-4,3.083013470706069E-4,2.3912926026189757E-4,0.0069837292344080105,8.618646377395605E-4,2.0371219636568656E-4,7.867343722695918E-4,0.0010982837155060158,1.0,0.004730652439011005,8.383900144416834E-4,7.676548193924073E-5,2.5366282156690705E-4,1.8092819651556512E-4,0.006240990463276621,6.991490756618167E-5,8.176420171725036E-4,8.840048836937832E-4,1.0585144057274171E-4,8.928648953421592E-5,0.0012207965576918566,2.3048803467697415E-4,1.2947351561323008E-4,2.1732813683407486E-4,1.0211547716347684E-4,2.3664217757721895E-4,2.2450505827720688E-4,3.4300291824386687E-4,1.9443596475563803E-4,2.2319388522798933E-4,5.529767364382765E-5,3.1691522321938565E-4,6.0699927336821335E-5,2.6855407277429766E-4,2.923467272809736E-4,2.0337853033951388E-4,4.5376292340020566E-4,1.27999663789722E-4,2.1223295967242464E-4,8.859027550935997E-4,0.001626234409259284,1.4330144220133791E-4,0.0058654414960458996,3.1753873067079977E-4,2.3553732578485527E-4,2.3257081463362125E-4],[0.0061127217828039725,0.005642436006770082,0.008506715808952802,0.009208580287233556,0.002365962052256519,0.006332188412311747,0.00826993266457556,0.004686486990616756,0.004730652439011005,1.0,0.004240951680257928,0.0010699125866455907,0.007914465010142608,4.8587856659570056E-4,0.009906548158854283,0.006322574270688565,0.0031290971459518855,0.0022216996935620365,0.0070595171579277164,3.541522795770073E-4,0.007085070904944819,0.006527713159774326,0.006584780852371972,0.0021684044962564713,0.006606929329212211,0.007795113343838013,0.003973224770273233,0.007709438323850509,0.001716072703807223,0.002373565474399329,0.008557210849558487,0.004494378707211607,0.007417217622176198,0.004686226305912211,0.0034987489004477917,0.0023692924647565087,0.0026117728690035584,0.002067019017065003,0.00765105706773293,0.0067044158568570844,0.004014022909741565,0.006419555918027201,0.011460394218125494,0.006280599944261927,0.0013159352066711984,0.006544025251135112],[0.0014379732969266564,0.0018321196915533674,0.0019756806744255315,0.005599669848028035,0.002383960606753953,0.0013731635867097103,0.0015841126150474166,0.0023272403243321184,8.383900144416834E-4,0.004240951680257928,1.0,6.114650900578408E-5,0.0017992255101452795,5.840840225364808E-4,0.0036275502575515437,0.002169498302097106,0.0017098004452319317,0.00228390455812955,0.001555683903064405,5.705870565460878E-4,0.0024981201944552526,0.0015871568635228634,4.485915766858739E-4,0.0018128410691751235,0.0015666481809978577,0.0016576848239692873,2.910749603741173E-5,0.0020980025363049573,1.3082380156243233E-4,0.0011223526253608296,0.002319795110524374,8.15858194279538E-4,0.0011917571293353821,5.279415809823127E-4,7.211926734944158E-4,0.001212826661593398,9.782189718607192E-4,0.00209061956556007,0.001852792365695782,0.001961213152265034,0.0021582408444831124,0.0010030652009389662,0.007191509263270281,0.0014544695364692253,0.001042669018911371,0.0012942287152640113],[4.6465344090503366E-4,0.0010888249322942244,2.3772167810469448E-5,0.004964536138845523,6.85006095526875E-4,1.0086557761442813E-4,7.052225589518554E-4,1.1778110988250258E-4,7.676548193924073E-5,0.0010699125866455907,6.114650900578408E-5,1.0,1.6069670444915466E-4,7.246222623780387E-5,0.010120907161172933,4.370318502663668E-5,1.8756891630078418E-4,2.1068297972628622E-4,4.486571281944477E-5,2.2828221887693473E-5,0.0025831499759191774,1.1581953740364755E-4,4.216423392344622E-5,3.339610968709196E-5,3.230463939272933E-5,9.350309271646113E-5,3.609837234753848E-5,6.003190216752252E-4,4.261579050386572E-5,8.612455853302035E-5,3.954116805394517E-5,1.7545833026548616E-4,1.274163478135532E-5,8.191858555505873E-5,1.7118518398481867E-4,9.132710225534264E-5,3.443133910971981E-4,8.39131117480466E-5,4.9884589152598755E-5,0.0017776186019298266,6.690664939057734E-4,1.1178160340854944E-4,0.008228684753864363,7.12678599684622E-4,4.6218660135115046E-5,1.1633670530639372E-5],[4.268550218557365E-4,8.53493976468963E-4,1.678113713204789E-4,0.008964104643620683,0.0014078292601663336,1.736734172181149E-4,4.238512665515325E-4,5.065267146342282E-4,2.5366282156690705E-4,0.007914465010142608,0.0017992255101452795,1.6069670444915466E-4,1.0,1.825956541918292E-4,0.00570976589503868,1.293670633425141E-4,0.0014220185209945213,6.568375423283569E-4,1.2167980520614975E-4,1.8266803707036163E-4,0.0011526883896226445,1.5649484227708548E-4,3.077535308364924E-5,1.3027341822136542E-4,3.8162457936929606E-5,1.591424539830531E-4,1.5909516232209494E-4,3.6749389874698725E-4,1.1240191794132936E-4,1.7176167567125496E-4,4.185998217953702E-5,2.6644466437225725E-4,1.036080802149422E-4,2.003191259057573E-4,1.9396405578069034E-4,1.882536398753455E-4,6.988816887437976E-4,1.6772544828138784E-4,1.8955052426737886E-4,9.95552840894891E-4,0.001551437079882288,1.666857293069097E-4,0.006910669060377876,0.0010013758384158462,1.6792835615128695E-4,4.110715146434448E-5],[5.915062037968757E-4,0.0010455378193115002,8.476327188848304E-5,0.006144384517561932,2.459029135856202E-4,1.3995818359487683E-4,0.0010695946662773771,2.388812704704951E-4,1.8092819651556512E-4,4.8587856659570056E-4,5.840840225364808E-4,7.246222623780387E-5,1.825956541918292E-4,1.0,0.0017877241699431582,4.529614404698981E-5,1.8106229415562942E-4,6.335543285530909E-4,4.337769344276292E-5,1.3289020646360433E-4,0.0018367152403773465,1.424918467710869E-4,4.0869954887793475E-5,4.72870809862478E-5,1.6932040353763113E-5,1.41771376459005E-4,1.2008737633406027E-4,3.8871778207469755E-4,1.4144384734071614E-4,1.5067355117478679E-4,8.081984160814281E-5,3.374672115846372E-4,1.0106039227216206E-4,2.3368758523097647E-4,2.334247446897591E-4,1.5039779871000547E-4,5.640115403609037E-4,1.346296695321012E-4,1.4893267829643253E-4,9.049779106437292E-4,0.001447936908060885,1.2108523480774304E-4,0.007466687303970901,5.152183115000911E-4,8.393621178838002E-5,7.416792189968028E-5],[0.017501808668924645,0.016049094102388438,0.0162739468368677,0.012534724928794788,0.0028004626784043857,0.007468355664149477,0.008260187377777069,0.0035334947379977383,0.006240990463276621,0.009906548158854283,0.0036275502575515437,0.010120907161172933,0.00570976589503868,0.0017877241699431582,1.0,0.015198400311866776,0.013404876241440869,0.01755264898706118,0.0165869850101173,0.005514114092267277,0.015539947229804986,0.006592276324140526,0.005444394012728459,0.004877007570796867,0.002095423003162515,0.002404375329096389,0.006301722868881936,0.018753153288668306,0.0173363188934313,0.018760488151858726,0.01194956778137904,0.01687435350174383,0.011421725583094115,0.013918439487149586,0.013471611508721133,0.013193942537284613,0.01786302876689796,0.003399670433095828,0.014487561609250582,0.01802141655158716,0.007349343381059876,0.0051216862290075,0.013087159155826646,0.012507409086945418,0.015084383277446257,0.01655367374196415],[9.420548259498703E-5,5.388143536467863E-4,1.798163808929837E-5,0.004194758103179615,0.0010677196906880581,2.886490048246537E-5,2.1033389069643107E-4,8.265015372154349E-4,6.991490756618167E-5,0.006322574270688565,0.002169498302097106,4.370318502663668E-5,1.293670633425141E-4,4.529614404698981E-5,0.015198400311866776,1.0,5.433442336834944E-4,1.5861058588156305E-4,1.1652328242463127E-5,1.3278563046092017E-5,0.0017341780970214864,8.34258965027242E-5,1.5380848128700813E-5,1.3634346607594993E-5,1.482736165322101E-5,4.31314555628752E-5,2.1974042955160076E-5,4.5704910059681566E-4,1.4608875859990617E-5,1.0971690332223489E-4,1.204114760258781E-5,1.827172012479716E-4,1.1391462349395753E-5,5.3883289287318695E-5,5.5867176471590324E-5,2.5683801690250865E-5,3.7378238298985827E-4,2.654534078789059E-5,5.3419899267911396E-5,2.664256485208596E-4,6.799332045384262E-4,9.689959026221018E-5,0.01135443785597297,7.602376671641934E-5,1.5988208397047398E-5,1.1331588249233973E-5],[0.0011404384638198592,0.0011523956106561108,7.492812112973225E-4,0.007550969684279105,0.0016967689306906278,0.0013070034064580933,0.0012749574583354845,0.0016820040976039258,8.176420171725036E-4,0.0031290971459518855,0.0017098004452319317,1.8756891630078418E-4,0.0014220185209945213,1.8106229415562942E-4,0.013404876241440869,5.433442336834944E-4,1.0,0.0014488805176534577,0.0015587884385791638,5.909862856217672E-5,0.0029803732630695606,0.0015748846314643323,7.409883358286839E-4,7.373205834183851E-4,0.001459602219115803,7.136856109013903E-4,9.075242563347593E-4,0.0015549906063816008,7.946397308037029E-4,8.349621593907912E-4,5.718360985277282E-4,0.0013044063768562772,2.437911338153859E-4,5.362023229781779E-4,0.001514065528343028,0.001297359232878017,0.0016391044424660562,8.107999571582337E-4,6.126557188764835E-4,0.0018522834753395463,0.0018672447215266337,8.248146017798665E-4,0.006222734660894376,0.0013973033653460934,2.846522009036048E-4,7.035223861867986E-4],[0.0012207668270822589,0.001281187704993583,1.9270282198748223E-4,0.006703354118394969,0.0015860009195374325,5.632621952790507E-4,0.0012492271241245421,0.0013462260634586804,8.840048836937832E-4,0.0022216996935620365,0.00228390455812955,2.1068297972628622E-4,6.568375423283569E-4,6.335543285530909E-4,0.01755264898706118,1.5861058588156305E-4,0.0014488805176534577,1.0,0.0012359445434673604,0.0012424586180664501,0.0026015176184878944,9.432903925971682E-4,8.263537377804696E-4,3.0850498667049154E-4,3.765097618515948E-5,8.182136613385249E-4,5.492125045425365E-4,0.001298257770422369,0.0010636497018905555,6.327290126081992E-4,0.0011160625140882918,0.0011640354822327953,4.3027587520882727E-4,0.0012345723068264154,0.0010138389940283878,5.782946105915867E-4,8.842524120523728E-4,1.5311970841855172E-4,0.0010730465750602017,0.0014299933552233256,0.0013423007046685256,1.5527815397908704E-4,0.0018193434688594063,0.0013070030150666252,8.824356089963737E-5,9.690001934232935E-4],[2.9991224192224883E-4,7.831839179426371E-4,1.167157459456236E-5,0.0060393136398641,0.0013688343159946159,9.639195148925377E-5,0.0010764897221992016,7.830525381472826E-4,1.0585144057274171E-4,0.0070595171579277164,0.001555683903064405,4.486571281944477E-5,1.2167980520614975E-4,4.337769344276292E-5,0.0165869850101173,1.1652328242463127E-5,0.0015587884385791638,0.0012359445434673604,1.0,1.3608895818272547E-5,0.002611507698501612,9.348285852348943E-5,1.2134442389500308E-5,1.4595689604098656E-5,1.5120515919707733E-5,1.0155598261652005E-4,2.3360478524051916E-5,6.27429825991261E-4,1.964874087691238E-5,3.1031029601115336E-5,1.1684705249352638E-5,3.407693002220284E-4,1.1294646443913614E-5,1.5255619138387715E-4,3.0450721319468915E-4,1.6208961037817267E-5,4.6988288871350494E-4,9.327431942987018E-5,1.3605338460612773E-4,0.0018436193555538241,9.563873787145163E-4,7.309668753816193E-5,0.004281224356827824,2.52705901904179E-5,3.088648460237724E-5,1.0887468726699924E-5],[1.507907568279796E-4,0.0010504234208175377,1.5635087578922716E-5,0.0032428900646086704,0.0013866501648276324,8.317175473143064E-5,4.363015560106643E-4,0.0012972717652593238,8.928648953421592E-5,3.541522795770073E-4,5.705870565460878E-4,2.2828221887693473E-5,1.8266803707036163E-4,1.3289020646360433E-4,0.005514114092267277,1.3278563046092017E-5,5.909862856217672E-5,0.0012424586180664501,1.3608895818272547E-5,1.0,0.0017668220119192737,7.026893675721077E-5,1.5253947063685986E-5,1.451044309198048E-5,1.537466559257974E-5,7.995754890062338E-5,2.3897540322423405E-5,5.950238567178916E-4,2.7235591149075047E-5,1.0424599409011943E-4,1.2768215275536777E-5,1.7478557971860572E-4,1.3227790391264759E-5,6.573224492436214E-5,1.0484866314612408E-4,6.81602840672819E-5,2.072381113340423E-5,1.076651738202197E-4,2.175281472499669E-5,0.0018252041879427484,4.46847881431419E-4,8.97110784221685E-5,0.00787010099091143,5.277908203196113E-4,2.620766622840889E-5,1.4011168769113825E-5],[0.001245444844034281,0.0013904724755246021,7.973895083570635E-5,0.006296575161284773,0.002438285558035624,4.310571803489116E-4,0.002132298618354651,0.002965399755579534,0.0012207965576918566,0.007085070904944819,0.0024981201944552526,0.0025831499759191774,0.0011526883896226445,0.0018367152403773465,0.015539947229804986,0.0017341780970214864,0.0029803732630695606,0.0026015176184878944,0.002611507698501612,0.0017668220119192737,1.0,9.45619337337135E-4,5.803480973933514E-4,0.002412843618871136,0.0012346455189370686,6.36813749353185E-4,0.002720396125097577,0.002626654798274351,0.0012294836529624176,3.047472673381765E-4,0.00275995184847058,0.002479870555571073,0.0011851495271248237,6.277066049806077E-4,0.0027147316654793025,4.7062417676821215E-4,0.0021813309822639056,0.0027058062181873717,0.0010354713314694253,0.0022987863900987993,0.0022052900619602372,6.830864290345068E-4,0.010524808588927306,0.0014322183368249651,5.992868373540372E-4,0.0014719816715497841],[7.285857132265149E-4,5.854639927825047E-4,7.950036146945087E-5,0.0044859670974519445,6.143164925346411E-4,1.3592862385368242E-4,8.786255076354281E-4,0.0011202265428937252,2.3048803467697415E-4,0.006527713159774326,0.0015871568635228634,1.1581953740364755E-4,1.5649484227708548E-4,1.424918467710869E-4,0.006592276324140526,8.34258965027242E-5,0.0015748846314643323,9.432903925971682E-4,9.348285852348943E-5,7.026893675721077E-5,9.45619337337135E-4,1.0,3.4742197076133225E-5,1.509425930645302E-5,6.289771502339628E-5,1.4181850464485E-4,8.517120426857706E-5,1.8305245787981442E-4,3.33469664999967E-5,1.5309577805652788E-4,8.08715859250074E-5,1.6518461283155782E-4,1.317399056506431E-4,1.934506627188735E-4,1.476394876833491E-4,1.7239522620015338E-4,4.57353296477211E-4,1.3997087225472223E-4,1.7000348668556777E-4,2.610051498173362E-4,9.9832703145146E-4,1.3009189416598085E-4,0.009206074828952086,7.482313779272785E-4,1.226367621451788E-4,1.1586543207344862E-4],[1.5991379279252135E-4,6.47544628253533E-4,1.841282890733579E-5,9.664710589049687E-4,0.0010054794074968213,1.1476767890319074E-4,7.205184307830828E-4,0.0012275997233494496,1.2947351561323008E-4,0.006584780852371972,4.485915766858739E-4,4.216423392344622E-5,3.077535308364924E-5,4.0869954887793475E-5,0.005444394012728459,1.5380848128700813E-5,7.409883358286839E-4,8.263537377804696E-4,1.2134442389500308E-5,1.5253947063685986E-5,5.803480973933514E-4,3.4742197076133225E-5,1.0,1.890893154275903E-5,1.7403354250140577E-5,8.676632099131647E-5,2.147994172671942E-5,4.502242918728224E-4,2.2478534324698782E-5,1.4039330002451985E-4,1.3494801941305045E-5,3.322008087631901E-4,1.5036415897863686E-5,1.1352759178172306E-4,1.4581016580906593E-4,1.2697301452606718E-4,4.935206246377727E-4,1.2004137961627542E-4,5.8598694875729856E-5,0.0014991144693492218,2.7960208717333013E-4,8.751398278255716E-5,0.009784606537813798,0.0011882632191728697,3.094044881517105E-5,1.1541351032894994E-5],[1.636022096206062E-4,7.666127699975884E-4,1.7145229079117254E-5,0.008754026959222382,0.0014116213157861798,5.19606498739983E-5,8.057023462047551E-4,0.0013882773904055662,2.1732813683407486E-4,0.0021684044962564713,0.0018128410691751235,3.339610968709196E-5,1.3027341822136542E-4,4.72870809862478E-5,0.004877007570796867,1.3634346607594993E-5,7.373205834183851E-4,3.0850498667049154E-4,1.4595689604098656E-5,1.451044309198048E-5,0.002412843618871136,1.509425930645302E-5,1.890893154275903E-5,1.0,1.5245947927638294E-5,1.2290189009946727E-4,1.7040450388116104E-5,2.2562290860737592E-4,2.0069761415487633E-5,1.6394639629753512E-4,1.2559728376202886E-5,2.267262642328784E-4,1.4173359525121174E-5,1.9851403660559632E-4,1.639929251187173E-5,1.0000641410637767E-4,3.7326970594052905E-5,9.28373119289626E-5,1.5966745204221958E-4,4.967157521682388E-4,0.001611527918142691,6.0132328024216825E-5,0.002641470447804749,6.620325894976165E-4,1.5229398156910722E-5,1.1294967546764707E-5],[5.970250167264596E-4,4.6864470135806575E-4,1.7686766043235064E-5,0.0011742546860072742,0.0013122167272875288,7.915260495767735E-5,9.63056406528825E-4,0.0013790464123068038,1.0211547716347684E-4,0.006606929329212211,0.0015666481809978577,3.230463939272933E-5,3.8162457936929606E-5,1.6932040353763113E-5,0.002095423003162515,1.482736165322101E-5,0.001459602219115803,3.765097618515948E-5,1.5120515919707733E-5,1.537466559257974E-5,0.0012346455189370686,6.289771502339628E-5,1.7403354250140577E-5,1.5245947927638294E-5,1.0,1.212602603471217E-4,1.884773979527566E-5,5.111731192196496E-4,1.9965787228963193E-5,3.713277998676715E-5,1.5471949826001266E-5,1.5026217934108028E-4,1.2772802635560157E-5,2.2960564461667804E-4,6.073705796622757E-5,4.823757238849204E-5,1.2532204820248574E-4,8.596865467300677E-5,3.622475141988198E-5,1.3068584369285862E-4,7.017265526275498E-4,3.46763033321809E-5,0.01058238945357311,7.855958843753386E-4,4.7293339956750626E-5,1.3364097591734848E-5],[7.960861625120972E-4,7.490353337487915E-4,3.856593398661465E-5,0.002931823428848758,9.048361373252668E-4,1.290424695061883E-4,2.9188510308468296E-4,0.0010094143212602182,2.3664217757721895E-4,0.007795113343838013,0.0016576848239692873,9.350309271646113E-5,1.591424539830531E-4,1.41771376459005E-4,0.002404375329096389,4.31314555628752E-5,7.136856109013903E-4,8.182136613385249E-4,1.0155598261652005E-4,7.995754890062338E-5,6.36813749353185E-4,1.4181850464485E-4,8.676632099131647E-5,1.2290189009946727E-4,1.212602603471217E-4,1.0,1.1197595962010866E-4,5.966104279300277E-4,5.0085347890910204E-5,1.386677795066942E-4,1.1187137910972467E-4,2.2928024669040492E-4,5.700870603306106E-5,2.40128001222029E-4,2.7571306311476094E-4,1.487676981432189E-4,1.4809438486314337E-4,1.2584150986585048E-4,1.3717869627278564E-4,0.0010478837524638008,3.520206796790362E-4,1.1390505626504904E-4,0.0050993391170830425,0.0012308405963927284,6.571375298040051E-5,1.129969151671946E-4],[1.7379867766243823E-4,9.05042961780592E-4,2.408718182875123E-5,0.00403634122577942,5.691158723630036E-4,1.0613369937772615E-4,7.211233097757159E-4,0.0013506367000884437,2.2450505827720688E-4,0.003973224770273233,2.910749603741173E-5,3.609837234753848E-5,1.5909516232209494E-4,1.2008737633406027E-4,0.006301722868881936,2.1974042955160076E-5,9.075242563347593E-4,5.492125045425365E-4,2.3360478524051916E-5,2.3897540322423405E-5,0.002720396125097577,8.517120426857706E-5,2.147994172671942E-5,1.7040450388116104E-5,1.884773979527566E-5,1.1197595962010866E-4,1.0,1.6635205358663644E-4,2.600742945595568E-5,6.979705757233318E-5,1.3504573939050318E-5,2.787613835809111E-4,1.971475201881568E-5,2.1859493704571897E-4,1.4299299378795898E-4,1.1829207455782313E-4,2.290960340275426E-4,6.81310341553356E-5,1.3175749115379285E-4,0.0014739297725887808,0.001565177778265395,6.710119468151857E-5,0.004974763221083893,6.139825088529809E-4,3.068936506267367E-5,1.1648968530760656E-5],[7.802087104513278E-4,9.477825162668336E-4,3.4772651881240696E-4,0.002528385546806269,8.384821103982582E-4,4.7896519859769307E-4,7.338987945104692E-4,0.0014416135290704415,3.4300291824386687E-4,0.007709438323850509,0.0020980025363049573,6.003190216752252E-4,3.6749389874698725E-4,3.8871778207469755E-4,0.018753153288668306,4.5704910059681566E-4,0.0015549906063816008,0.001298257770422369,6.27429825991261E-4,5.950238567178916E-4,0.002626654798274351,1.8305245787981442E-4,4.502242918728224E-4,2.2562290860737592E-4,5.111731192196496E-4,5.966104279300277E-4,1.6635205358663644E-4,1.0,1.2240093922410452E-4,5.95002000208584E-4,2.998384870848249E-4,4.996488290770657E-4,2.4409414283891123E-4,3.298860905531949E-4,3.6841344317604957E-4,2.4275656281118687E-4,6.893289200658524E-4,4.0188352980248434E-4,3.138567987461111E-4,0.001158745158948731,0.0019359440945853662,6.439868676934851E-4,0.010422528579275283,9.70765859359315E-4,1.1092283520261144E-4,6.587773078961216E-4],[7.458105485493948E-4,9.03273215428291E-4,2.4775860176941258E-5,0.0013038423504548068,0.001475645213302928,7.837979852771577E-5,4.509315079732159E-4,0.0013694411116516535,1.9443596475563803E-4,0.001716072703807223,1.3082380156243233E-4,4.261579050386572E-5,1.1240191794132936E-4,1.4144384734071614E-4,0.0173363188934313,1.4608875859990617E-5,7.946397308037029E-4,0.0010636497018905555,1.964874087691238E-5,2.7235591149075047E-5,0.0012294836529624176,3.33469664999967E-5,2.2478534324698782E-5,2.0069761415487633E-5,1.9965787228963193E-5,5.0085347890910204E-5,2.600742945595568E-5,1.2240093922410452E-4,1.0,1.245408054432945E-4,1.5343278854245933E-5,3.633757734385905E-5,1.4390594157453997E-5,1.6126892638365295E-4,1.4005902527474364E-4,1.3935185713029655E-4,5.849084882768534E-4,6.720824201967665E-5,8.008970942574638E-5,5.037525089135495E-4,5.461334403098739E-4,1.1170880051300176E-4,0.008782035461545833,7.952681463460825E-4,4.5689809068215204E-5,1.914094778252655E-5],[7.276940613578698E-4,4.248984903645303E-4,8.771272614337614E-5,0.008687184539872503,0.0011914497288229816,1.5763651468428215E-4,5.129223613988223E-4,0.001430404634464725,2.2319388522798933E-4,0.002373565474399329,0.0011223526253608296,8.612455853302035E-5,1.7176167567125496E-4,1.5067355117478679E-4,0.018760488151858726,1.0971690332223489E-4,8.349621593907912E-4,6.327290126081992E-4,3.1031029601115336E-5,1.0424599409011943E-4,3.047472673381765E-4,1.5309577805652788E-4,1.4039330002451985E-4,1.6394639629753512E-4,3.713277998676715E-5,1.386677795066942E-4,6.979705757233318E-5,5.95002000208584E-4,1.245408054432945E-4,1.0,9.447751930788232E-5,2.970538611705056E-4,1.4222900907438915E-4,2.2207751593599065E-4,1.988449392829705E-4,1.7390109073125241E-4,4.041848321802235E-4,1.3047845320868497E-4,1.7022030928560546E-4,7.407570346308956E-4,3.90739246289124E-4,1.5472708449044493E-4,0.007779877007327159,1.7932119766271391E-4,7.282936965299657E-5,1.1167694552400786E-4],[1.2475443853454275E-4,5.363288989079265E-4,1.6055673219981553E-5,0.005292404132021908,9.511210273986776E-4,2.707676229649225E-5,7.817343721034902E-4,0.0014979627219477883,5.529767364382765E-5,0.008557210849558487,0.002319795110524374,3.954116805394517E-5,4.185998217953702E-5,8.081984160814281E-5,0.01194956778137904,1.204114760258781E-5,5.718360985277282E-4,0.0011160625140882918,1.1684705249352638E-5,1.2768215275536777E-5,0.00275995184847058,8.08715859250074E-5,1.3494801941305045E-5,1.2559728376202886E-5,1.5471949826001266E-5,1.1187137910972467E-4,1.3504573939050318E-5,2.998384870848249E-4,1.5343278854245933E-5,9.447751930788232E-5,1.0,1.380406451679806E-4,1.1354666553806067E-5,1.9633513794613489E-4,1.3794897198964252E-4,2.1148184700488554E-5,2.6006063071499515E-4,1.1639500406831352E-4,3.971393536580469E-5,0.001661718727532438,1.243788850979108E-4,1.030818325686398E-4,0.005306420449374509,7.310736925938615E-4,4.5628869832608506E-5,1.1141888759031336E-5],[5.215668907334792E-4,0.0010025462231281579,1.5874444172160327E-4,0.004189309394886345,6.727965387903596E-4,3.398065122847874E-4,9.134098856689693E-4,8.021806735973965E-4,3.1691522321938565E-4,0.004494378707211607,8.15858194279538E-4,1.7545833026548616E-4,2.6644466437225725E-4,3.374672115846372E-4,0.01687435350174383,1.827172012479716E-4,0.0013044063768562772,0.0011640354822327953,3.407693002220284E-4,1.7478557971860572E-4,0.002479870555571073,1.6518461283155782E-4,3.322008087631901E-4,2.267262642328784E-4,1.5026217934108028E-4,2.2928024669040492E-4,2.787613835809111E-4,4.996488290770657E-4,3.633757734385905E-5,2.970538611705056E-4,1.380406451679806E-4,1.0,1.3393540003552273E-4,3.9947260529470813E-4,3.676790119813883E-4,2.095741904962058E-4,4.285308647765443E-4,2.9679454061037674E-4,2.2648695615938629E-4,0.0015079984732079223,0.0010361460868549262,1.6518283724936426E-4,0.006923811925784692,0.0012078596853435288,1.4406359222287707E-4,4.0786740055079963E-4],[5.5495820010430295E-5,3.6770336855452787E-4,1.7822145085092716E-5,0.0028950917026518363,1.2550759001899535E-4,5.353696739130766E-5,8.576116029292737E-4,7.155475158861302E-4,6.0699927336821335E-5,0.007417217622176198,0.0011917571293353821,1.274163478135532E-5,1.036080802149422E-4,1.0106039227216206E-4,0.011421725583094115,1.1391462349395753E-5,2.437911338153859E-4,4.3027587520882727E-4,1.1294646443913614E-5,1.3227790391264759E-5,0.0011851495271248237,1.317399056506431E-4,1.5036415897863686E-5,1.4173359525121174E-5,1.2772802635560157E-5,5.700870603306106E-5,1.971475201881568E-5,2.4409414283891123E-4,1.4390594157453997E-5,1.4222900907438915E-4,1.1354666553806067E-5,1.3393540003552273E-4,1.0,1.0517683829293446E-4,1.8598978744438922E-4,1.7720418997583913E-4,5.218569006599795E-5,1.2065106032245528E-4,1.0898941925045184E-4,2.0595012024983645E-4,4.786172736583214E-4,7.207374292527971E-5,0.005048504299990692,0.0010127077156550923,1.4847649981955794E-5,1.101335086098738E-5],[7.91697258410087E-4,0.001084662251409243,2.21677435553028E-4,0.005090151961606693,0.0015121601067741204,1.5373235039653824E-4,5.493655626994402E-4,3.6438729992965715E-4,2.6855407277429766E-4,0.004686226305912211,5.279415809823127E-4,8.191858555505873E-5,2.003191259057573E-4,2.3368758523097647E-4,0.013918439487149586,5.3883289287318695E-5,5.362023229781779E-4,0.0012345723068264154,1.5255619138387715E-4,6.573224492436214E-5,6.277066049806077E-4,1.934506627188735E-4,1.1352759178172306E-4,1.9851403660559632E-4,2.2960564461667804E-4,2.40128001222029E-4,2.1859493704571897E-4,3.298860905531949E-4,1.6126892638365295E-4,2.2207751593599065E-4,1.9633513794613489E-4,3.9947260529470813E-4,1.0517683829293446E-4,1.0,3.2425359855598086E-4,2.3045327944207344E-4,4.2253126779504403E-4,2.412842686425845E-4,2.584796964171981E-4,3.7696207927094593E-4,0.0020827747179079387,2.081514956101541E-4,0.010955137907835085,4.995287823977676E-4,2.1368752378269647E-4,1.0475636091263464E-4],[6.967108272288107E-4,8.063161670873748E-4,3.1652396980913814E-4,0.007689086271716516,3.699336825602522E-4,1.4471545507810068E-4,5.368091760873418E-4,0.0010684889953105996,2.923467272809736E-4,0.0034987489004477917,7.211926734944158E-4,1.7118518398481867E-4,1.9396405578069034E-4,2.334247446897591E-4,0.013471611508721133,5.5867176471590324E-5,0.001514065528343028,0.0010138389940283878,3.0450721319468915E-4,1.0484866314612408E-4,0.0027147316654793025,1.476394876833491E-4,1.4581016580906593E-4,1.639929251187173E-5,6.073705796622757E-5,2.7571306311476094E-4,1.4299299378795898E-4,3.6841344317604957E-4,1.4005902527474364E-4,1.988449392829705E-4,1.3794897198964252E-4,3.676790119813883E-4,1.8598978744438922E-4,3.2425359855598086E-4,1.0,3.0577637503649135E-4,5.855140417267602E-4,2.461773784077884E-4,2.841001164749317E-4,8.321897298647391E-4,0.0015902014368792156,2.783688322523553E-4,0.0036191610392745962,8.843099223464249E-4,2.636852973887779E-4,5.702328877508301E-5],[2.8620413992815313E-4,3.2287677106704115E-4,3.9172196498071656E-5,0.00755238326646241,7.165077703132138E-4,1.7652303164251962E-4,1.970979485983168E-4,3.8994201043624204E-4,2.0337853033951388E-4,0.0023692924647565087,0.001212826661593398,9.132710225534264E-5,1.882536398753455E-4,1.5039779871000547E-4,0.013193942537284613,2.5683801690250865E-5,0.001297359232878017,5.782946105915867E-4,1.6208961037817267E-5,6.81602840672819E-5,4.7062417676821215E-4,1.7239522620015338E-4,1.2697301452606718E-4,1.0000641410637767E-4,4.823757238849204E-5,1.487676981432189E-4,1.1829207455782313E-4,2.4275656281118687E-4,1.3935185713029655E-4,1.7390109073125241E-4,2.1148184700488554E-5,2.095741904962058E-4,1.7720418997583913E-4,2.3045327944207344E-4,3.0577637503649135E-4,1.0,6.616532440367442E-4,1.554071780571762E-4,1.7466965966836582E-4,0.0017777618707545879,7.979986843647576E-4,1.4962401442351837E-4,0.007303005776950575,3.3612312449709505E-4,7.466285594425286E-5,8.808201799955241E-5],[8.102106259026262E-4,0.0010161005727202612,2.8017061600765466E-4,0.0031177335027323884,0.0014623155400541024,3.0968795572651356E-4,9.872115573256062E-4,7.297340399260399E-4,4.5376292340020566E-4,0.0026117728690035584,9.782189718607192E-4,3.443133910971981E-4,6.988816887437976E-4,5.640115403609037E-4,0.01786302876689796,3.7378238298985827E-4,0.0016391044424660562,8.842524120523728E-4,4.6988288871350494E-4,2.072381113340423E-5,0.0021813309822639056,4.57353296477211E-4,4.935206246377727E-4,3.7326970594052905E-5,1.2532204820248574E-4,1.4809438486314337E-4,2.290960340275426E-4,6.893289200658524E-4,5.849084882768534E-4,4.041848321802235E-4,2.6006063071499515E-4,4.285308647765443E-4,5.218569006599795E-5,4.2253126779504403E-4,5.855140417267602E-4,6.616532440367442E-4,1.0,5.108328487389623E-4,3.344260291765422E-4,0.001033846378159386,0.0011829794676064512,4.379890577744339E-4,0.0017574268623850376,0.001002769164650046,3.538332291786446E-4,1.500276244294131E-4],[3.410350098790536E-4,0.0011337463971675132,2.8188998038721893E-5,0.007103507102340342,3.089858690330258E-4,1.287494088340991E-4,8.832103369814481E-4,3.082849267273225E-4,1.27999663789722E-4,0.002067019017065003,0.00209061956556007,8.39131117480466E-5,1.6772544828138784E-4,1.346296695321012E-4,0.003399670433095828,2.654534078789059E-5,8.107999571582337E-4,1.5311970841855172E-4,9.327431942987018E-5,1.076651738202197E-4,0.0027058062181873717,1.3997087225472223E-4,1.2004137961627542E-4,9.28373119289626E-5,8.596865467300677E-5,1.2584150986585048E-4,6.81310341553356E-5,4.0188352980248434E-4,6.720824201967665E-5,1.3047845320868497E-4,1.1639500406831352E-4,2.9679454061037674E-4,1.2065106032245528E-4,2.412842686425845E-4,2.461773784077884E-4,1.554071780571762E-4,5.108328487389623E-4,1.0,1.3044642297511188E-4,0.001730213866685439,0.002010040275153094,1.147531215650072E-4,0.0021281051394225797,0.0011359730666927034,5.808668706611152E-5,6.6036322492155E-5],[2.796522586404602E-4,0.0011034824652110492,7.551965794217543E-5,0.006997627405425006,0.0011297775569328935,1.5424500520425322E-4,2.4822273016002856E-4,0.0014648631323840695,2.1223295967242464E-4,0.00765105706773293,0.001852792365695782,4.9884589152598755E-5,1.8955052426737886E-4,1.4893267829643253E-4,0.014487561609250582,5.3419899267911396E-5,6.126557188764835E-4,0.0010730465750602017,1.3605338460612773E-4,2.175281472499669E-5,0.0010354713314694253,1.7000348668556777E-4,5.8598694875729856E-5,1.5966745204221958E-4,3.622475141988198E-5,1.3717869627278564E-4,1.3175749115379285E-4,3.138567987461111E-4,8.008970942574638E-5,1.7022030928560546E-4,3.971393536580469E-5,2.2648695615938629E-4,1.0898941925045184E-4,2.584796964171981E-4,2.841001164749317E-4,1.7466965966836582E-4,3.344260291765422E-4,1.3044642297511188E-4,1.0,4.899597517579905E-4,7.329887525752948E-4,1.5517148201161658E-4,0.010125798490767534,0.0011378961464947256,1.3416271246399994E-4,2.810926311778454E-5],[8.633317876138607E-4,0.0018139146646114846,8.027632595877743E-4,0.002717289735467338,0.0018464428726382152,8.61323437111472E-4,0.0011553809604982123,0.0017009943883689654,8.859027550935997E-4,0.0067044158568570844,0.001961213152265034,0.0017776186019298266,9.95552840894891E-4,9.049779106437292E-4,0.01802141655158716,2.664256485208596E-4,0.0018522834753395463,0.0014299933552233256,0.0018436193555538241,0.0018252041879427484,0.0022987863900987993,2.610051498173362E-4,0.0014991144693492218,4.967157521682388E-4,1.3068584369285862E-4,0.0010478837524638008,0.0014739297725887808,0.001158745158948731,5.037525089135495E-4,7.407570346308956E-4,0.001661718727532438,0.0015079984732079223,2.0595012024983645E-4,3.7696207927094593E-4,8.321897298647391E-4,0.0017777618707545879,0.001033846378159386,0.001730213866685439,4.899597517579905E-4,1.0,0.0020280257396737235,0.0013648465816851424,0.010680796679698035,0.0017129956450826092,5.628507739991039E-4,0.001226364028556904],[8.232338573020898E-4,0.0015180916946023262,3.7609535695252744E-4,0.005392919208810736,0.0020065135096958013,0.0015058812318624662,0.0012516348473405338,0.0017994149466066989,0.001626234409259284,0.004014022909741565,0.0021582408444831124,6.690664939057734E-4,0.001551437079882288,0.001447936908060885,0.007349343381059876,6.799332045384262E-4,0.0018672447215266337,0.0013423007046685256,9.563873787145163E-4,4.46847881431419E-4,0.0022052900619602372,9.9832703145146E-4,2.7960208717333013E-4,0.001611527918142691,7.017265526275498E-4,3.520206796790362E-4,0.001565177778265395,0.0019359440945853662,5.461334403098739E-4,3.90739246289124E-4,1.243788850979108E-4,0.0010361460868549262,4.786172736583214E-4,0.0020827747179079387,0.0015902014368792156,7.979986843647576E-4,0.0011829794676064512,0.002010040275153094,7.329887525752948E-4,0.0020280257396737235,1.0,3.863811690800717E-4,0.009334617896162073,0.0019769893842634927,0.0010816792448338536,0.0015330378086662376],[2.351190641260512E-4,9.686317233348151E-4,1.0039378635873861E-4,0.008999833268233256,0.0015003082555327717,1.224840066234931E-4,5.716756616209189E-4,3.712618691901136E-4,1.4330144220133791E-4,0.006419555918027201,0.0010030652009389662,1.1178160340854944E-4,1.666857293069097E-4,1.2108523480774304E-4,0