[[1.0,0.0012533855766174602,1.0595679386452039E-4,1.0442750598353022E-4,5.501018533491811E-4,0.004447197872441661,0.0025609129185536067,1.0641189061841256E-4,4.21395024430871E-4,1.1223946306907226E-4,0.020371319572008946,2.581287916105471E-4,4.247602663223727E-5,0.0076516838417096935,3.068706398491676E-5,1.3772275297886197E-4,0.013065108906940442,0.0038749363034844574,5.1477868455766904E-5,9.773336063292988E-4,0.005077838154407111,1.0207736653964695E-4,5.640063657129512E-4,0.0014967068896376578,1.6227236912520745E-5,1.5960258050400566E-4,1.3165243588272578E-4,1.5787517215789764E-4,1.4700515091259405E-4,1.0695227426611895E-4,6.0042866727082715E-5,6.523104167623271E-5,1.1574788888016162E-4,1.1967463763027537E-4,5.091917527206906E-4,5.544663465996387E-5,5.608111063163767E-5,3.5107604695918475E-5,5.175850395800745E-5,1.1588530621318429E-4,0.00368552027213232,5.413749937903051E-4,8.73028326696186E-4,0.0054871011300187044,8.36961723301703E-5,0.02667358287518034,0.002618020074893592,4.3524852731440205E-4,1.461410887712635E-4,4.011190872112318E-5,1.8221233891338494E-5,1.6789893295137133E-4,0.0018814683106244045,1.1648518429980172E-4,1.4961967527542047E-4],[0.0012533855766174602,1.0,7.36244750524568E-4,1.3149242279079527E-4,0.001360601069474237,0.02650953717483847,0.0014444940048271104,0.0010134298706929944,0.0010169751795350108,5.359145907044104E-4,0.0054663738587879835,9.281827868747455E-4,0.0010593827117421565,0.003058553191922388,8.009778946794714E-4,0.0013284998651616556,0.011097101422127695,0.0023349292971957536,2.514758926115329E-4,0.001962845190528046,0.009356412569116925,4.949060444843468E-4,0.001221334544138896,0.0014833809835509085,8.243460424414327E-4,0.0011408706053982875,2.014299818432457E-4,0.001049592210367082,6.342341162749056E-4,3.3160558362890953E-4,5.157138654863151E-4,6.178231524874754E-4,2.861214800102056E-4,7.306059558187142E-4,0.0012277661885699031,5.4510783850637086E-5,8.529297710349124E-4,6.738738341257643E-4,8.506757380497411E-4,6.765271648564891E-4,0.007875074988944982,0.001132612732824219,0.0013543990851353229,0.020317732300881994,1.7988940626426046E-4,0.022879214558020465,0.002310027593959022,0.006012384780680503,3.560607892606351E-4,1.6936081646836974E-4,5.963159688084065E-5,0.0010961100309797441,0.001828337403902553,7.818075106015679E-4,0.0010163585192258144],[1.0595679386452039E-4,7.36244750524568E-4,1.0,1.8923171393008472E-4,4.879197175510872E-4,0.06110821464604136,0.0073272562543340945,4.0273873823680505E-4,4.5363650196848906E-4,2.682192689303128E-4,0.011258692431013635,4.3652924437402E-4,4.1041301447164494E-5,0.009105106991432245,1.2842574371712062E-4,7.965497353573715E-4,0.007136234392287595,0.011988367631827545,3.2338389796863186E-4,0.0011516355821792686,0.0012724173619280488,1.3280949460589564E-4,7.237007906287548E-4,0.0014155863484272618,3.9154050645437075E-4,2.2958284699886778E-4,2.4190797957632595E-4,3.666449183265749E-4,4.350565349826896E-4,3.941105402418695E-4,1.8047852101095994E-5,1.6540060782411074E-4,1.8588904673570107E-4,2.969306195758362E-4,5.336527521298299E-4,3.2364257537696896E-4,4.3765326753324445E-4,2.0723574629635902E-4,6.186007577093256E-5,5.082678235153676E-4,0.0020766691503184315,5.142995023776904E-4,4.7947043404257853E-4,0.012698314212919358,2.275812016606544E-4,0.01285667615557383,0.0017217699686369351,0.0034775439425784073,1.9269943633700543E-4,3.726386277088247E-4,3.172771361035219E-4,4.3038026751590787E-4,0.001184669098059816,1.441798691932772E-4,3.980349683342107E-4],[1.0442750598353022E-4,1.3149242279079527E-4,1.8923171393008472E-4,1.0,6.278901305181735E-4,0.014622562933165847,0.012392688211522637,1.0362671268003826E-4,4.062823873898229E-4,1.0257915756370696E-4,0.011632816275371308,2.717621461611432E-4,4.627976124406023E-5,0.003693263253065524,9.789757673927087E-5,4.281773958463647E-4,0.011963244791345798,0.010386033141649285,5.376025122889078E-5,0.001066747012882138,3.1762109953883684E-4,1.0098840751714795E-4,6.227930202106934E-4,6.460605029889913E-4,6.390385900123925E-5,1.7323351959679144E-4,1.1845475534382411E-4,1.3147710934992087E-4,1.651185854105929E-4,1.1245773985313497E-4,5.9800976942515814E-5,4.009868130856662E-5,1.3691286178277865E-4,1.2989984785377628E-4,7.869402648346443E-4,9.695663117996628E-5,8.03055980918848E-5,9.833127887165249E-5,6.67176333348217E-5,1.264735365024797E-4,0.009617044844397444,0.001014448484252371,3.0347551230124005E-4,0.0032333970339474944,2.1062414290242167E-5,0.022350720763037818,0.002006200727801283,0.0066462536494601345,1.2291755694954725E-4,6.972134747820981E-5,1.8457749374857634E-5,2.2202582389820833E-4,7.432387605624464E-4,1.1479821212103181E-4,1.5577118910292014E-4],[5.501018533491811E-4,0.001360601069474237,4.879197175510872E-4,6.278901305181735E-4,1.0,0.03929909429262253,0.007483265629378186,1.7270065161144457E-4,0.0010025195581167517,0.0013664204747167398,0.005241910832902086,0.0011720949855261837,4.4428178370728314E-4,0.01108284529206204,3.966931631733523E-4,0.0013865044840360211,0.02075765063343328,0.006993091529008066,7.338388902505032E-4,0.0019245559223038577,0.012072686273176906,0.001284564173604426,0.0015261265916370775,0.001660194240786998,0.0014399699854115518,0.0014758607564874676,6.551684407308609E-4,0.0016546658677132928,9.976008405004914E-4,7.122879730812033E-4,5.342632928901743E-4,1.8817490542265665E-4,4.931613180769245E-4,9.939482477923304E-4,0.0016680376454439273,9.138595585981576E-5,0.001547894583212295,0.0014804602677463024,3.820048609670594E-4,9.319366682661308E-4,0.003395040712753655,0.0014798318815365144,0.001582580492276842,0.02586249695067143,5.258421034757986E-4,0.02202256545296965,0.002280261022616837,0.00382133318303411,2.331450887301701E-4,4.8692007306419565E-4,2.603991186557814E-4,7.970175478652427E-4,0.0018906247063642284,0.0016497511811403064,0.0014366169538786377],[0.004447197872441661,0.02650953717483847,0.06110821464604136,0.014622562933165847,0.03929909429262253,1.0,0.05308200301670174,0.02498125212669792,9.176313732752596E-4,0.02537821958303943,0.0486109299011577,0.014721347590717802,0.0624920623043236,0.05840931586909327,0.04779120399374734,0.0248735352877927,0.05415152922931844,0.03226004632504708,0.04922171703328362,0.043662611826647525,0.05352593590136992,0.06614904714141678,0.05176300406527704,0.06153758639418497,0.010966950254477567,0.022595735724901343,0.03977781443499798,0.04711518980360766,0.06303479485980229,0.0034200955511986485,0.06530925908063338,0.032664393056115675,0.03695402537743907,0.057206715152493474,0.03818008091109653,0.016760157205033797,0.059676338152923565,0.0023655914539852984,0.028404861130834427,0.014479021456100631,0.055498369156779394,0.05597318883449656,0.0074356895713485385,0.030670684615647665,0.03199621778759902,0.05871518833588376,0.0342130522837945,0.02480411123272041,0.04009450895976213,0.05837811728509076,0.061036693612759374,0.021803113888666098,0.009677013662290242,0.03701282309284616,0.06082414187597553],[0.0025609129185536067,0.0014444940048271104,0.0073272562543340945,0.012392688211522637,0.007483265629378186,0.05308200301670174,1.0,0.009455863557378165,0.004628940081195687,0.02158715964329208,0.02274950503282808,0.004615351272674606,0.002993586385615556,0.02179243076137926,0.011083870539763698,0.01981419936103686,0.022707661429868332,0.01653186643065998,1.1830724704561085E-4,0.0077687542146673335,0.01824003353948005,0.01326894004549108,0.009929835108173067,0.007313432645574679,0.015435290555741771,0.01628136721207887,0.001595916020558359,0.0063869828455178565,0.010036248479201933,0.015572271798434678,0.022338512361290905,0.014898658316442449,0.009799910571363138,0.007105640608558217,0.012643927542253991,0.0033993765856962692,0.017844695026789523,0.0022235314267637796,0.01602696474165015,0.014688489932081541,0.011617486646781153,0.009059605370454265,0.005069682231022657,0.025362582964206355,0.0012487720367784418,0.02511199766444743,0.011208003526340962,0.01409517188466745,0.02152520217650285,0.00897215382247253,0.016293724135882533,0.009074426164550916,0.01035751560100653,0.02002022088854146,0.020137933958458004],[1.0641189061841256E-4,0.0010134298706929944,4.0273873823680505E-4,1.0362671268003826E-4,1.7270065161144457E-4,0.02498125212669792,0.009455863557378165,1.0,3.345208983619714E-4,1.1342901508555082E-4,0.00335891475737572,2.2740253941012288E-4,1.985573044678838E-5,0.007346383174838856,2.044838036637487E-5,7.293457950808741E-4,0.017460745881800306,0.012690953699508645,7.73927348101712E-5,0.001864252476540192,0.003869427126926415,1.0113176000146365E-4,2.0385050434845397E-4,4.2218019484984554E-4,8.987304068432501E-5,1.2327722500598314E-4,1.333763737494093E-4,1.3185952582436247E-4,1.5359874777539403E-4,1.1961936768739156E-4,8.011267601950606E-5,5.6019411780179914E-5,1.1053125837215508E-4,1.3030062235026973E-4,6.129336267939247E-4,7.19509374019939E-5,2.1313526910355148E-5,3.8702000107582315E-5,8.887019337966908E-5,1.7566116014323564E-4,0.008432029953269487,5.312501192489119E-4,1.3997762537523297E-4,0.014112272296295789,7.245974998095212E-5,0.03154101392141322,0.00144273199143791,0.0023903049307411285,1.136561504612268E-4,3.9203336827213965E-5,8.386719233993615E-5,3.5676354845373735E-4,0.0018870714784050208,1.1280720135548915E-4,1.6587775773983478E-4],[4.21395024430871E-4,0.0010169751795350108,4.5363650196848906E-4,4.062823873898229E-4,0.0010025195581167517,9.176313732752596E-4,0.004628940081195687,3.345208983619714E-4,1.0,1.9719526840291645E-4,0.013925942144402691,4.5693496273036064E-4,4.1563938342804554E-4,0.0040902508622915786,2.9088765773179815E-4,0.001057947084732623,0.0043492204010078216,0.014819227306683953,8.114055284866152E-5,0.0018727821833147886,0.010250246402742138,3.973176566975312E-4,5.155729900069648E-4,0.0010216674356903737,4.2688011953784596E-5,2.4469336449097477E-4,3.6523529327012004E-4,3.8624692428768515E-4,2.1202050924678726E-4,1.9565208559402882E-4,2.673556477793162E-4,3.1216815635392236E-4,2.511491880206939E-4,3.877303175487674E-4,4.943040847919484E-4,9.940265697115403E-5,2.194419929981468E-4,2.9882790067137075E-4,5.871318288475094E-5,5.123700530161528E-4,0.002254449215564695,6.952811119742569E-4,0.001218586374603227,0.02638448115900142,1.895131833641924E-4,0.03240684339389639,0.0013047541647262404,6.922455635334625E-4,3.706601146374386E-4,1.7857643158112067E-4,3.549115781026297E-5,4.228485690180122E-4,0.0014910129486345714,3.468815129115898E-4,2.2708591144625769E-4],[1.1223946306907226E-4,5.359145907044104E-4,2.682192689303128E-4,1.0257915756370696E-4,0.0013664204747167398,0.02537821958303943,0.02158715964329208,1.1342901508555082E-4,1.9719526840291645E-4,1.0,0.0025801955232664384,1.4271669091781524E-4,9.81789528370292E-5,0.008723690365768965,3.3127754532954844E-5,7.83231624542738E-4,0.007055405140006587,0.0068053081301773085,8.918954165449968E-5,7.991163840943418E-4,0.0036927506376597747,1.014413412189105E-4,8.791981297843627E-4,0.001265968039328232,9.492020455478685E-5,1.7004621556860504E-4,1.2138631264287913E-4,2.6910988641321406E-4,2.065826752116043E-4,1.239147684862366E-4,9.102860634564037E-5,1.181955547724781E-4,1.3700308353040562E-4,1.387590379367399E-4,3.3619658293527284E-4,9.300998599093966E-5,1.1446538948738655E-4,1.1191116161632858E-4,7.558076393199571E-5,3.193400548200056E-4,0.004462169559372974,7.183269848032422E-4,7.063887141059294E-4,0.01772842949872445,1.075024592761646E-4,0.011107798309243327,1.795825721726128E-4,0.007214656958450317,1.2150447415887902E-4,1.0545707173658483E-4,2.4647482577658596E-5,2.3869298426129352E-4,8.284404196650442E-4,1.2409906743371735E-4,1.2730398777565584E-4],[0.020371319572008946,0.0054663738587879835,0.011258692431013635,0.011632816275371308,0.005241910832902086,0.0486109299011577,0.02274950503282808,0.00335891475737572,0.013925942144402691,0.0025801955232664384,1.0,0.016647602789612755,0.008300903897060724,0.013202414923001008,0.007401450079087169,0.004493368079957514,0.02053885758835875,0.016963390384046567,0.01730410116137918,0.011908317583061174,0.018478989932555617,0.018090817955953367,0.010346775205642231,0.00902916254810649,0.017626349128329714,0.0024762573798411593,0.010129750951120122,0.013931484138925632,0.002221198432765282,0.018284688623762996,0.0029961551263230843,0.006043812461193036,0.006596294449825601,0.018962178611388287,0.0040063273435356475,0.014626781083440982,0.007114680996035465,0.004358413090829808,0.012294605390648805,0.011162734962437568,0.02029954221227349,0.00908999033785916,0.0018807845237530027,0.024771583440073994,0.004008205416965793,0.02441481404875015,0.01057328496098895,0.01937060518195345,0.01949161779922276,0.0038270040020059546,0.004789307828112668,0.007689648082741876,0.01711029559746464,0.01822722287053257,0.002027162563605498],[2.581287916105471E-4,9.281827868747455E-4,4.3652924437402E-4,2.717621461611432E-4,0.0011720949855261837,0.014721347590717802,0.004615351272674606,2.2740253941012288E-4,4.5693496273036064E-4,1.4271669091781524E-4,0.016647602789612755,1.0,2.403605038769973E-4,0.007408313637678347,2.4149026090763612E-4,4.326595021963159E-4,0.007313342662965876,0.009516897220175347,1.752804918484746E-4,5.827658692986357E-4,0.009514348442858464,2.2555856253492971E-4,7.977525619059197E-4,9.9853927633651E-4,3.512507141389475E-4,2.6492715740040383E-4,2.613188402211526E-4,3.255206493853765E-4,3.4882679781084267E-4,2.13363524379009E-4,2.576290633190378E-4,3.3304302813122867E-4,4.197234297494437E-4,3.020986040909862E-4,7.496334981829504E-4,3.0654399176832843E-4,3.7315919511605046E-4,3.5598416495932853E-4,3.2500900307870734E-4,4.451999311620393E-4,0.002142055932490309,6.915915407592792E-4,0.001004746545644837,0.0054827001878664,2.9794089263237514E-4,0.012993070767335496,0.0013793866070370066,0.00932990453144734,3.628799559525392E-4,1.3249014587892529E-5,7.07744284416826E-5,4.2389171110400676E-4,0.0017204144160443448,2.490764714254946E-4,2.881836057908057E-4],[4.247602663223727E-5,0.0010593827117421565,4.1041301447164494E-5,4.627976124406023E-5,4.4428178370728314E-4,0.0624920623043236,0.002993586385615556,1.985573044678838E-5,4.1563938342804554E-4,9.81789528370292E-5,0.008300903897060724,2.403605038769973E-4,1.0,0.003328842038654504,1.6837792209482715E-5,4.8408076766373717E-4,0.005716965003166342,0.009916031876410462,3.729862219364924E-5,3.6975712611405354E-5,0.007428867923338488,6.997572277233084E-5,2.771154085405305E-4,0.0015097951363764444,1.2445340991638006E-5,3.606898971343428E-5,9.207700134981131E-5,1.2651761717142102E-4,1.8580469182652288E-4,8.478577521751142E-5,1.1858560531732154E-5,1.2731390141695731E-5,1.4201597386448724E-4,1.2554684486946061E-4,7.71038999861522E-4,1.2706755133991675E-5,1.207068288857639E-5,1.1094188502317287E-5,1.6175806679110883E-5,1.3259701512863685E-5,0.008447716145456695,6.789464242888271E-5,3.991074293473859E-4,0.015257071435039819,1.4934421601481206E-5,0.005183974974223567,0.0022844501787642616,0.002752998526635719,8.645377646404834E-5,1.155598746610128E-5,1.4506695594381445E-5,1.428184753939044E-4,0.0024380367734462933,1.2455478349280292E-4,4.9707673542483536E-5],[0.0076516838417096935,0.003058553191922388,0.009105106991432245,0.003693263253065524,0.01108284529206204,0.05840931586909327,0.02179243076137926,0.007346383174838856,0.0040902508622915786,0.008723690365768965,0.013202414923001008,0.007408313637678347,0.003328842038654504,1.0,0.011209714871580258,0.007606215484850157,0.011556710483138999,0.013942807916993146,0.005129159896793265,0.005496281654324822,0.011690188332639297,0.007241445887415067,0.006685012390317894,0.004828724377031891,4.7050106782179393E-4,2.681009803908377E-4,0.009399078097606072,0.00645773596625134,0.009191993113901873,0.0022705573657721113,0.010788247419237514,0.005411532542163519,0.00865472028368337,9.444233558508065E-4,0.0011615653625183311,0.0077712842194160225,0.01095685815503479,0.0030045106845806835,0.0072610764834612285,0.008737008228799185,0.011290757826517618,0.0023127568655362386,0.004944894851950951,0.017402927089775033,9.59565273671527E-4,0.020695707693348657,0.00953148857871415,0.011027499650736614,9.152383822996714E-4,0.008282476765846116,0.001423520551716728,0.011270620623899021,0.005063646287272579,0.007088494430097455,0.007081056551492625],[3.068706398491676E-5,8.009778946794714E-4,1.2842574371712062E-4,9.789757673927087E-5,3.966931631733523E-4,0.04779120399374734,0.011083870539763698,2.044838036637487E-5,2.9088765773179815E-4,3.3127754532954844E-5,0.007401450079087169,2.4149026090763612E-4,1.6837792209482715E-5,0.011209714871580258,1.0,2.345019921754168E-4,0.018096587610615788,1.5436483453555336E-4,2.80107284980464E-5,5.697933467110558E-4,0.00753527080977704,5.7916048721547995E-5,8.853100617729238E-4,2.2404813181218377E-4,1.897488424636218E-5,1.6697986034153544E-4,5.1919868629478555E-5,1.668800242122525E-4,1.359562718479032E-4,1.1217117434223097E-4,1.3213836874891389E-5,1.709002222318562E-5,5.3808373162941916E-5,8.655727707266504E-5,1.9528957514700952E-4,1.811292127474359E-5,1.16550334449519E-5,1.7833987021535837E-5,2.3813065695778065E-5,9.353273261065545E-5,0.005848365974352918,1.194938033643914E-4,6.485297570717781E-4,0.010456173802141693,1.9132882075022964E-5,0.00438298879289263,0.0011915093689779123,3.1491596838719566E-4,9.32541716584853E-5,1.6395000284510925E-5,1.6919821944139858E-5,2.946502941945109E-4,0.001898901384064129,4.575960831532692E-5,1.238750718021793E-4],[1.3772275297886197E-4,0.0013284998651616556,7.965497353573715E-4,4.281773958463647E-4,0.0013865044840360211,0.0248735352877927,0.01981419936103686,7.293457950808741E-4,0.001057947084732623,7.83231624542738E-4,0.004493368079957514,4.326595021963159E-4,4.8408076766373717E-4,0.007606215484850157,2.345019921754168E-4,1.0,0.006407216250761358,0.004112976847461031,7.494576338589029E-4,0.0024950636667408254,0.004571451275683484,2.8370031408339965E-4,0.0012803125817756231,0.0014328636528981795,4.925020116562357E-4,2.717715036512017E-4,0.001154529819807902,0.0012043176831749872,7.355522752411481E-4,6.345430897763671E-4,6.099049531234984E-4,5.676062771305967E-4,3.039432869060665E-4,9.657791969407312E-4,0.0012944937879834119,1.336765318561212E-4,4.0191645712351953E-4,0.001057880556169439,9.553449810295196E-4,0.0010705406620161299,0.009950783731048043,0.0011329862759525328,0.0013535860028616932,0.010660728762045877,7.868142515186349E-4,0.03286076354222246,0.0024350539085367315,0.007642619615015513,5.112368909740363E-4,2.8595872968994313E-4,3.513317530283376E-4,4.522284104490907E-4,0.0013770537331224781,3.389496233866364E-4,0.001284252412817739],[0.013065108906940442,0.011097101422127695,0.007136234392287595,0.011963244791345798,0.02075765063343328,0.05415152922931844,0.022707661429868332,0.017460745881800306,0.0043492204010078216,0.007055405140006587,0.02053885758835875,0.007313342662965876,0.005716965003166342,0.011556710483138999,0.018096587610615788,0.006407216250761358,1.0,0.020496850657387357,0.010478465813307915,0.003570497396012367,0.02124371076324444,0.0029731967472718364,0.012888207292156156,0.012240322673598153,0.010926046297038344,0.02103133656954882,0.0013577067664222462,0.012896394642839305,0.011964861691330257,0.005306679046780696,0.017954997743949846,0.004891946683868324,0.020900579468700657,5.884264193106989E-4,0.011314693020209012,0.018711258418538556,4.7680819305063093E-4,0.009153997755511381,5.032025922417628E-5,0.010971213907667341,0.01492885754047666,0.006605564959823211,0.006770951259943529,0.025296684836642817,0.006573871458322461,0.02156200770422514,0.015308164558055459,0.014613212476133253,0.018109088480249013,0.018197220309647783,0.0018183187271514855,0.009783650187823768,0.011206329199237773,0.016543385666659024,0.011116279276299572],[0.0038749363034844574,0.0023349292971957536,0.011988367631827545,0.010386033141649285,0.006993091529008066,0.03226004632504708,0.01653186643065998,0.012690953699508645,0.014819227306683953,0.0068053081301773085,0.016963390384046567,0.009516897220175347,0.009916031876410462,0.013942807916993146,1.5436483453555336E-4,0.004112976847461031,0.020496850657387357,1.0,0.007574550264287204,0.0109138035089021,0.01352462458121324,0.008730623303694646,0.0018336385518177283,0.014420021555031902,0.014543716704719902,0.009143598029163518,0.010924313860085308,6.045213390954332E-4,0.00617582129767939,0.004518356295251137,0.0018714038812878413,0.010618701763918248,0.0062131716340028415,0.0135338748255343,0.0072742419740268,0.0069797265745081055,0.006295887368858256,0.006985757442289619,0.0023076420142206064,0.011804620125381504,0.012362205925739049,0.005646304815611222,0.011635567128946981,0.017943325156466485,0.005314933136722175,0.020700373059722985,0.008122718099967804,0.009622863953216331,0.010866217709692316,0.0029220451742100317,0.0026344541876992013,0.00894893570950739,0.00698739028797775,0.010214669796406476,0.011749276611996285],[5.1477868455766904E-5,2.514758926115329E-4,3.2338389796863186E-4,5.376025122889078E-5,7.338388902505032E-4,0.04922171703328362,1.1830724704561085E-4,7.73927348101712E-5,8.114055284866152E-5,8.918954165449968E-5,0.01730410116137918,1.752804918484746E-4,3.729862219364924E-5,0.005129159896793265,2.80107284980464E-5,7.494576338589029E-4,0.010478465813307915,0.007574550264287204,1.0,6.083549737838934E-4,0.007878969923672019,5.665161559065439E-5,1.9521770607675427E-4,0.0014364107685520607,4.7144634880050124E-5,8.452690941934996E-5,1.1956907862540558E-4,2.8335433881600833E-4,1.027533029112068E-4,9.950018835560445E-5,2.468555030806092E-5,3.4884090745732936E-5,8.782154457564381E-5,1.1310964695424424E-4,0.0010367180416211738,2.021200371574858E-5,2.4857077174072718E-5,4.5864947083619435E-5,2.816256824386659E-5,4.263829903848643E-4,0.0071149856181524935,8.21614699183839E-5,6.315382857201586E-5,0.01559007546203403,2.410186932408125E-5,0.025300965152835628,0.0028216413263145337,0.006584395174754047,1.3932284788819937E-4,4.385736290233686E-5,4.848613012448341E-5,3.67140248141192E-4,0.0016486101599173261,9.842856760149333E-5,1.772545364784092E-4],[9.773336063292988E-4,0.001962845190528046,0.0011516355821792686,0.001066747012882138,0.0019245559223038577,0.043662611826647525,0.0077687542146673335,0.001864252476540192,0.0018727821833147886,7.991163840943418E-4,0.011908317583061174,5.827658692986357E-4,3.6975712611405354E-5,0.005496281654324822,5.697933467110558E-4,0.0024950636667408254,0.003570497396012367,0.0109138035089021,6.083549737838934E-4,1.0,0.009817835149851795,0.0020663113744160177,0.0012709718009827897,0.0017815259001136416,0.002175095758189915,0.0012327068605119498,0.0015630536693475258,3.1585274853290144E-4,0.001234129978013179,0.001921587289680973,0.002627952667031526,2.0108936789881457E-4,0.0011078073955277492,8.573891107249547E-4,0.0024312108454636145,0.002520393755736265,4.065093418417844E-4,0.0012344243545144755,3.7300519301120336E-4,9.095092354647258E-4,0.009705984631001849,0.0012572211398125487,0.0019838089857785774,0.022672861656462186,7.751925488888215E-4,0.02615893354965582,0.0027755122024171386,0.00811483499451166,0.0024690705210878064,0.001308837256308213,0.0022572432213189835,0.0015344534295213764,0.002550495164351013,0.0016407133112658987,5.078927571397006E-4],[0.005077838154407111,0.009356412569116925,0.0012724173619280488,3.1762109953883684E-4,0.012072686273176906,0.05352593590136992,0.01824003353948005,0.003869427126926415,0.010250246402742138,0.0036927506376597747,0.018478989932555617,0.009514348442858464,0.007428867923338488,0.011690188332639297,0.00753527080977704,0.004571451275683484,0.02124371076324444,0.01352462458121324,0.007878969923672019,0.009817835149851795,1.0,0.011457121576635861,0.011764493377406796,0.008789540415738454,0.00441450088397239,0.00608620979933613,0.004729301030924752,0.0013634278673510113,0.003570819738118271,0.006511124613670854,0.010105762551901199,0.0014967445992052969,0.00517788173285094,2.1134393303382412E-4,0.0015048404721013432,0.005573917982467283,0.002263970637142023,0.004368198862551638,0.012053867180714396,0.008467226440448007,0.012004399623846676,0.003782141744411941,0.00914583395070387,0.01631036995349224,0.0062394227025301535,0.02937373236035478,0.004139907661601572,0.011673493273291001,0.006649971289008213,0.003227732708821558,0.005303708250063041,0.011690227801432754,0.0066718258399339914,0.007043415119039572,0.0012562985191962046],[1.0207736653964695E-4,4.949060444843468E-4,1.3280949460589564E-4,1.0098840751714795E-4,0.001284564173604426,0.06614904714141678,0.01326894004549108,1.0113176000146365E-4,3.973176566975312E-4,1.014413412189105E-4,0.018090817955953367,2.2555856253492971E-4,6.997572277233084E-5,0.007241445887415067,5.7916048721547995E-5,2.8370031408339965E-4,0.0029731967472718364,0.008730623303694646,5.665161559065439E-5,0.0020663113744160177,0.011457121576635861,1.0,7.36623871269627E-4,1.5391262389390792E-4,5.60795000278824E-5,1.539428102248775E-4,1.1865698017048744E-4,1.2505459762483887E-4,1.2319434229736084E-4,1.303927668362846E-4,2.407976712058536E-5,8.717823720921479E-5,1.4606794166080185E-4,1.4844292647739766E-4,9.026826663784922E-4,3.882889256755678E-5,1.1876298760255206E-5,9.472308254979811E-5,6.788050630618646E-5,1.0809682177267328E-4,0.011106691378396982,1.4051648749347696E-4,4.15951624513968E-4,0.017016183035338847,7.247324915218994E-5,0.020093569120322043,4.417897406806603E-4,0.0060790005108755235,1.1903348272946482E-4,9.896212626163406E-5,2.524191367643474E-5,2.0165553949130283E-4,0.0011680290362803677,1.1651362434626E-4,1.4724642861499963E-4],[5.640063657129512E-4,0.001221334544138896,7.237007906287548E-4,6.227930202106934E-4,0.0015261265916370775,0.05176300406527704,0.009929835108173067,2.0385050434845397E-4,5.155729900069648E-4,8.791981297843627E-4,0.010346775205642231,7.977525619059197E-4,2.771154085405305E-4,0.006685012390317894,8.853100617729238E-4,0.0012803125817756231,0.012888207292156156,0.0018336385518177283,1.9521770607675427E-4,0.0012709718009827897,0.011764493377406796,7.36623871269627E-4,1.0,0.001327982936729036,9.592502358405204E-4,7.119587237489028E-4,7.931147118918298E-4,5.070456243835993E-4,4.542399885508518E-4,1.7365963485723216E-4,5.037218303379208E-4,0.0010457753006299546,8.989164041879877E-4,3.9260703861133484E-4,0.001063282142443669,2.2851302199953548E-4,6.357577003175643E-4,1.62554313289736E-4,8.295617320508966E-4,8.087165657306823E-4,0.006900161518518427,0.0011113179892271923,0.0012920876985034573,0.0014392092136952723,9.498174900309941E-4,0.019610424620848974,0.0017173933609261828,0.002229404107797201,1.6514639637622017E-4,2.582769353833677E-4,0.0010402195210745164,6.524141986775723E-4,0.002006808783692753,2.372342554036365E-4,4.369702818917615E-4],[0.0014967068896376578,0.0014833809835509085,0.0014155863484272618,6.460605029889913E-4,0.001660194240786998,0.06153758639418497,0.007313432645574679,4.2218019484984554E-4,0.0010216674356903737,0.001265968039328232,0.00902916254810649,9.9853927633651E-4,0.0015097951363764444,0.004828724377031891,2.2404813181218377E-4,0.0014328636528981795,0.012240322673598153,0.014420021555031902,0.0014364107685520607,0.0017815259001136416,0.008789540415738454,1.5391262389390792E-4,0.001327982936729036,1.0,0.0010588419850999723,9.641402169944077E-4,9.310303771454545E-4,7.458306742300341E-4,0.001379519088984249,0.0012788705441179001,0.0012707871234217507,0.0013422002910252432,3.8737385733163417E-4,0.001417623633286903,0.0012620432651383967,5.978843776782924E-4,0.0010707964198993227,0.0010268941149785158,9.748496166041345E-4,7.808927959681749E-4,0.0021468928768861154,0.0012212170483433414,0.0014925417821717154,0.013684681171238132,2.4271946087097308E-4,0.019173943939135508,0.002254537699729425,0.008933910649010883,0.0014872165959004821,7.261603414794825E-5,3.4477665450934324E-4,9.963691483957837E-4,0.0023966462553566357,6.947502134235847E-4,6.905372512856649E-4],[1.6227236912520745E-5,8.243460424414327E-4,3.9154050645437075E-4,6.390385900123925E-5,0.0014399699854115518,0.010966950254477567,0.015435290555741771,8.987304068432501E-5,4.2688011953784596E-5,9.492020455478685E-5,0.017626349128329714,3.512507141389475E-4,1.2445340991638006E-5,4.7050106782179393E-4,1.897488424636218E-5,4.925020116562357E-4,0.010926046297038344,0.014543716704719902,4.7144634880050124E-5,0.002175095758189915,0.00441450088397239,5.60795000278824E-5,9.592502358405204E-4,0.0010588419850999723,1.0,9.769163787598932E-5,1.1537537467442254E-4,1.3778173044835145E-4,4.569099301103484E-5,5.275951986472916E-5,1.0642861606943137E-5,1.5064102475998597E-5,1.8197638008163704E-5,1.570084461897493E-4,3.2584659655713455E-4,1.339513414883181E-5,1.1927069075373584E-5,1.218467847489961E-5,1.4976172694771745E-5,1.894131971762374E-4,0.0027485886216794065,5.847909560587584E-4,9.334915587616115E-4,0.003604437896796227,1.7209549326512044E-5,0.0037571893223934567,8.187742171784865E-4,0.0017007868400499176,8.031959400419135E-5,1.1112365891245594E-5,1.3592709199921149E-5,2.471818663855778E-4,5.570979216008896E-4,3.0089557707233283E-5,1.88470510066712E-4],[1.5960258050400566E-4,0.0011408706053982875,2.2958284699886778E-4,1.7323351959679144E-4,0.0014758607564874676,0.022595735724901343,0.01628136721207887,1.2327722500598314E-4,2.4469336449097477E-4,1.7004621556860504E-4,0.0024762573798411593,2.6492715740040383E-4,3.606898971343428E-5,2.681009803908377E-4,1.6697986034153544E-4,2.717715036512017E-4,0.02103133656954882,0.009143598029163518,8.452690941934996E-5,0.0012327068605119498,0.00608620979933613,1.539428102248775E-4,7.119587237489028E-4,9.641402169944077E-4,9.769163787598932E-5,1.0,1.5522927107622267E-4,2.799913438466763E-4,2.075780339631575E-4,1.6651608936538517E-4,1.5856095034618293E-4,3.0168475083929546E-5,1.7374761563872885E-4,1.8652205470798356E-4,3.858212967507809E-4,1.3692372928406893E-4,1.2048142613913125E-4,2.5448660668867647E-5,1.0451078989593746E-4,2.163684282405433E-4,0.0025190709608327033,7.545468260667842E-4,0.001297541587685253,0.004471378022685523,1.1172659598271632E-4,0.005501973282212728,0.0024281090701875926,0.001475494716192464,1.6233621245294967E-4,9.027299235037072E-5,1.9535268960106308E-5,3.2572247405068886E-4,0.0023254926643604718,1.8571294726040346E-4,1.9217233366614498E-4],[1.3165243588272578E-4,2.014299818432457E-4,2.4190797957632595E-4,1.1845475534382411E-4,6.551684407308609E-4,0.03977781443499798,0.001595916020558359,1.333763737494093E-4,3.6523529327012004E-4,1.2138631264287913E-4,0.010129750951120122,2.613188402211526E-4,9.207700134981131E-5,0.009399078097606072,5.1919868629478555E-5,0.001154529819807902,0.0013577067664222462,0.010924313860085308,1.1956907862540558E-4,0.0015630536693475258,0.004729301030924752,1.1865698017048744E-4,7.931147118918298E-4,9.310303771454545E-4,1.1537537467442254E-4,1.5522927107622267E-4,1.0,1.9964277620881682E-4,1.7450877204713909E-4,1.3322967944071705E-4,8.488968860858344E-5,1.085704967290848E-4,1.374981966308416E-4,1.538842454791127E-4,9.738447583859453E-4,9.301843229567083E-5,5.246974556091243E-5,8.274742812252743E-5,6.98994565325562E-5,4.1369739153269936E-4,0.0028069025042291493,9.176660168478094E-4,6.491044767987388E-4,0.01886715918016323,8.330406428473755E-5,0.01570002445328564,0.0023366602428617454,0.005806299250546446,1.5151451583300242E-4,1.0404980509470166E-4,1.2409715469221508E-4,3.3264328806455656E-4,0.0020097302176242614,1.3252911392471953E-4,1.613420240353031E-4],[1.5787517215789764E-4,0.001049592210367082,3.666449183265749E-4,1.3147710934992087E-4,0.0016546658677132928,0.04711518980360766,0.0063869828455178565,1.3185952582436247E-4,3.8624692428768515E-4,2.6910988641321406E-4,0.013931484138925632,3.255206493853765E-4,1.2651761717142102E-4,0.00645773596625134,1.668800242122525E-4,0.0012043176831749872,0.012896394642839305,6.045213390954332E-4,2.8335433881600833E-4,3.1585274853290144E-4,0.0013634278673510113,1.2505459762483887E-4,5.070456243835993E-4,7.458306742300341E-4,1.3778173044835145E-4,2.799913438466763E-4,1.9964277620881682E-4,1.0,2.875002806749479E-4,2.857358162272172E-4,2.3663851221385955E-4,2.049229084226808E-4,2.432033388799388E-4,2.433853291976779E-4,2.987338356211591E-4,2.0093647792918394E-4,2.8139850517563595E-4,1.9500660669213022E-4,4.3200749147733844E-5,4.319240836682165E-4,0.010036457589240065,3.4145499827964936E-4,7.791246731954834E-4,0.01994335246474941,5.2337520293972054E-5,0.0053200145631729315,0.002783678054029116,0.0016877399554780241,2.5636397931986014E-4,2.1858115449211244E-4,1.122201925081673E-4,3.6916017907096216E-4,0.0024049514450017037,2.1600973162826787E-4,2.9387881893472463E-4],[1.4700515091259405E-4,6.342341162749056E-4,4.350565349826896E-4,1.651185854105929E-4,9.976008405004914E-4,0.06303479485980229,0.010036248479201933,1.5359874777539403E-4,2.1202050924678726E-4,2.065826752116043E-4,0.002221198432765282,3.4882679781084267E-4,1.8580469182652288E-4,0.009191993113901873,1.359562718479032E-4,7.355522752411481E-4,0.011964861691330257,0.00617582129767939,1.027533029112068E-4,0.001234129978013179,0.003570819738118271,1.2319434229736084E-4,4.542399885508518E-4,0.001379519088984249,4.569099301103484E-5,2.075780339631575E-4,1.7450877204713909E-4,2.875002806749479E-4,1.0,1.324500795289784E-4,1.8716496782489884E-4,1.9550949866752576E-5,1.4870051066099747E-4,2.0468893605588088E-4,7.294968342306162E-4,5.6138736362512216E-5,1.3409310291994124E-4,9.615109665271026E-5,1.4577533517156472E-4,4.962614914978754E-4,0.008172721548643258,8.578635151672004E-4,0.001203639787973971,0.015373544343741486,2.067284843433567E-4,0.027314848092371648,0.0015910406175538945,0.00824503925963627,2.010057832013989E-4,5.928965111348509E-5,2.0294779114530224E-4,2.6714463669169646E-4,0.0013591777372753875,1.5198319381141054E-4,1.97765673458429E-4],[1.0695227426611895E-4,3.3160558362890953E-4,3.941105402418695E-4,1.1245773985313497E-4,7.122879730812033E-4,0.0034200955511986485,0.015572271798434678,1.1961936768739156E-4,1.9565208559402882E-4,1.239147684862366E-4,0.018284688623762996,2.13363524379009E-4,8.478577521751142E-5,0.0022705573657721113,1.1217117434223097E-4,6.345430897763671E-4,0.005306679046780696,0.004518356295251137,9.950018835560445E-5,0.001921587289680973,0.006511124613670854,1.303927668362846E-4,1.7365963485723216E-4,0.0012788705441179001,5.275951986472916E-5,1.6651608936538517E-4,1.3322967944071705E-4,2.857358162272172E-4,1.324500795289784E-4,1.0,7.387792576532071E-5,5.9689654470106E-5,1.4146873972749487E-4,1.5700983068411964E-4,8.373802457484058E-4,1.142322921595776E-4,1.2094604123241565E-4,6.148967727140444E-5,3.3310912322437775E-5,2.2754125354747365E-4,0.00488748226764525,0.0011142832136522985,2.290872055029371E-4,0.0083467008253882,5.480224706572663E-5,0.008677183640865692,0.0027972696098532345,0.005815006248642118,1.3269113598015614E-4,1.2083146220400276E-5,9.848107438226629E-5,3.9519868909820204E-4,0.001054197652819149,1.3093274600822918E-4,1.8579100432036347E-4],[6.0042866727082715E-5,5.157138654863151E-4,1.8047852101095994E-5,5.9800976942515814E-5,5.342632928901743E-4,0.06530925908063338,0.022338512361290905,8.011267601950606E-5,2.673556477793162E-4,9.102860634564037E-5,0.0029961551263230843,2.576290633190378E-4,1.1858560531732154E-5,0.010788247419237514,1.3213836874891389E-5,6.099049531234984E-4,0.017954997743949846,0.0018714038812878413,2.468555030806092E-5,0.002627952667031526,0.010105762551901199,2.407976712058536E-5,5.037218303379208E-4,0.0012707871234217507,1.0642861606943137E-5,1.5856095034618293E-4,8.488968860858344E-5,2.3663851221385955E-4,1.8716496782489884E-4,7.387792576532071E-5,1.0,1.5471384378750066E-5,1.188947573612529E-4,1.4337953479123352E-4,7.614983402967803E-4,1.091193787309537E-5,1.0511472855716969E-5,1.0878440714332976E-5,1.70530037489384E-5,1.1150999491456965E-4,0.00764221633872996,1.4081039226583673E-4,0.001007941530239094,0.005238097597265689,1.0649045918874456E-5,0.0013625710964587732,0.0014923718244694137,0.005395110815027915,6.444588646753746E-5,1.0762203822046714E-5,1.3617899002875651E-5,3.4589120085137603E-4,4.6141736358092214E-4,2.4987430562021444E-5,3.213821259377578E-5],[6.523104167623271E-5,6.178231524874754E-4,1.6540060782411074E-4,4.009868130856662E-5,1.8817490542265665E-4,0.032664393056115675,0.014898658316442449,5.6019411780179914E-5,3.1216815635392236E-4,1.181955547724781E-4,0.006043812461193036,3.3304302813122867E-4,1.2731390141695731E-5,0.005411532542163519,1.709002222318562E-5,5.676062771305967E-4,0.004891946683868324,0.010618701763918248,3.4884090745732936E-5,2.0108936789881457E-4,0.0014967445992052969,8.717823720921479E-5,0.0010457753006299546,0.0013422002910252432,1.5064102475998597E-5,3.0168475083929546E-5,1.085704967290848E-4,2.049229084226808E-4,1.9550949866752576E-5,5.9689654470106E-5,1.5471384378750066E-5,1.0,4.157812623357842E-5,4.6110014241883156E-5,8.061381176474423E-4,1.630890270176719E-5,1.307211335537031E-5,1.651737951606597E-5,1.9537221167087228E-5,2.509064667152606E-4,0.009218632978094322,2.814410104174576E-4,0.0012403058216706804,0.004659791639633625,1.768918883696674E-5,0.007966557225372772,0.0012514160206236059,0.004131677683675279,2.224660251046432E-5,1.3646650994805413E-5,1.6838931519370822E-5,2.34627015340284E-4,8.20718178234977E-4,2.324527213462652E-5,5.586454057663469E-5],[1.1574788888016162E-4,2.861214800102056E-4,1.8588904673570107E-4,1.3691286178277865E-4,4.931613180769245E-4,0.03695402537743907,0.009799910571363138,1.1053125837215508E-4,2.511491880206939E-4,1.3700308353040562E-4,0.006596294449825601,4.197234297494437E-4,1.4201597386448724E-4,0.00865472028368337,5.3808373162941916E-5,3.039432869060665E-4,0.020900579468700657,0.0062131716340028415,8.782154457564381E-5,0.0011078073955277492,0.00517788173285094,1.4606794166080185E-4,8.989164041879877E-4,3.8737385733163417E-4,1.8197638008163704E-5,1.7374761563872885E-4,1.374981966308416E-4,2.432033388799388E-4,1.4870051066099747E-4,1.4146873972749487E-4,1.188947573612529E-4,4.157812623357842E-5,1.0,1.536174503667058E-4,7.044885699776414E-4,8.75940962080657E-5,2.4618789438396978E-5,1.2046744725143266E-4,1.3465906550570682E-4,4.808811723996158E-4,0.00567078349629704,7.448564297534425E-4,4.328234083714966E-4,0.012414090695389807,1.2667599440282785E-4,0.028714038072261163,0.002408304417453124,0.005068302984605619,1.5046821565514962E-4,1.0804785901401426E-4,6.73418569110944E-5,1.5757156253085129E-4,4.1610705123964445E-4,1.3285461957948015E-4,1.7867739339232116E-4],[1.1967463763027537E-4,7.306059558187142E-4,2.969306195758362E-4,1.2989984785377628E-4,9.939482477923304E-4,0.057206715152493474,0.007105640608558217,1.3030062235026973E-4,3.877303175487674E-4,1.387590379367399E-4,0.018962178611388287,3.020986040909862E-4,1.2554684486946061E-4,9.444233558508065E-4,8.655727707266504E-5,9.657791969407312E-4,5.884264193106989E-4,0.0135338748255343,1.1310964695424424E-4,8.573891107249547E-4,2.1134393303382412E-4,1.4844292647739766E-4,3.9260703861133484E-4,0.001417623633286903,1.570084461897493E-4,1.8652205470798356E-4,1.538842454791127E-4,2.433853291976779E-4,2.0468893605588088E-4,1.5700983068411964E-4,1.4337953479123352E-4,4.6110014241883156E-5,1.536174503667058E-4,1.0,4.139545075096765E-4,8.555913559724651E-5,5.4841670629486485E-5,2.543635703077168E-5,5.513606716406994E-5,2.927444894390757E-4,0.005414743310518047,1.9788130056067516E-4,0.0013821068287748095,0.007353201098384483,3.7767162062292384E-5,0.013639980795476254,3.5908426743698875E-4,0.006834926420640375,1.564851752482809E-4,1.4332771343681104E-4,1.4810818683827086E-4,2.6276096707922525E-4,0.0018643693235618926,1.3822833470108706E-4,1.7523469948878807E-4],[5.091917527206906E-4,0.0012277661885699031,5.336527521298299E-4,7.869402648346443E-4,0.0016680376454439273,0.03818008091109653,0.012643927542253991,6.129336267939247E-4,4.943040847919484E-4,3.3619658293527284E-4,0.0040063273435356475,7.496334981829504E-4,7.71038999861522E-4,0.0011615653625183311,1.9528957514700952E-4,0.0012944937879834119,0.011314693020209012,0.0072742419740268,0.0010367180416211738,0.0024312108454636145,0.0015048404721013432,9.026826663784922E-4,0.001063282142443669,0.0012620432651383967,3.2584659655713455E-4,3.858212967507809E-4,9.738447583859453E-4,2.987338356211591E-4,7.294968342306162E-4,8.373802457484058E-4,7.614983402967803E-4,8.061381176474423E-4,7.044885699776414E-4,4.139545075096765E-4,1.0,0.0010889491438374921,6.618636431809392E-4,6.266143394556331