[[1.0,1.281015318568894E-4,2.2043522504993146E-4,0.0011679812510674004,2.3741764004915476E-4,3.3163472137637354E-4,0.0013679379364340723,0.0013944964606405841,0.0033265441458224477,7.57859954521934E-5,1.672141560270206E-4,1.6243435701527713E-4,8.40789107758052E-4,1.4916447294612491E-4,1.3601251044536994E-4,1.361971739207258E-4,5.452899245476818E-4,3.845094729889582E-4,1.8819118410281176E-4,7.003028612879102E-5,0.0010382749397827283,1.5627054499549138E-4,1.891347834733267E-4,4.56374613422752E-4,1.3323509900560444E-4,0.0013255809460001118,9.663446988710032E-5,0.001286562411012512,1.679070413853744E-4,8.590742939744251E-4,1.1550985874583823E-4,0.001015329560260978,1.6699162479708997E-4,6.400277953380768E-4,1.685532723244179E-4,1.008784608804642E-4,9.585506878470852E-4,1.543715707226245E-4,1.580694827941397E-4,2.7762878974367446E-4,9.392771490583249E-5,1.3887224185532874E-4,4.386643209651289E-4,0.0012811408086724652,1.4442295479525166E-4,1.6181414198180265E-4,0.0014324251001431925,1.1438750051598054E-4,1.3930361447395123E-4,4.5428824680164115E-4,1.1091631459340542E-4,8.713706824063712E-5,0.0030566967892994984,8.51671785391269E-4,8.764861919109411E-5,0.03572962385333654,1.4918820898759158E-4,4.465891490601616E-4],[1.281015318568894E-4,1.0,1.945207158267979E-4,7.595808892503937E-4,2.3022853332513098E-4,2.49359449530083E-4,0.0020747975696487338,1.339258312758386E-4,0.008306832578924837,8.130489171897583E-5,1.2531534867240784E-4,1.2123500754338611E-4,3.4899293439981025E-4,1.1238888761323856E-4,1.2769302776084675E-4,8.413310023275297E-5,0.0027071583373300154,2.12170449871999E-4,1.5606409803049253E-4,1.158744648520832E-4,0.0021785297062066273,1.17561023116388E-4,1.877793740612132E-4,5.675797398793673E-4,1.12115344075152E-4,8.125427445429181E-4,8.347037237419281E-5,0.001710300796867592,1.305214286761209E-4,1.3516711198456764E-4,1.235165285230338E-4,0.0014254722315578576,1.27306244368426E-4,0.0022133796792088004,1.7692192445768298E-4,9.306877400235754E-5,0.001264134858438958,1.4388356547089876E-4,1.0768602869941475E-4,6.589860911886154E-4,1.0676734578048504E-4,1.2756634789402033E-4,0.0013842714059705175,0.0012910642290406855,1.1906291561975962E-4,1.3396513295717071E-4,8.476855348278401E-4,1.0248898850495583E-4,1.1157021669939105E-4,1.3109498443544075E-4,1.1151701793281842E-4,2.622659901621147E-5,3.4042883376631113E-4,3.032171492488964E-4,1.1163843781352109E-4,0.009726775981581592,1.1100518042236964E-4,0.0019143559056967936],[2.2043522504993146E-4,1.945207158267979E-4,1.0,6.078827743072296E-4,2.301447365498453E-4,5.752192979620619E-4,0.00300301901740587,2.7868225338071554E-4,0.01003244871245813,4.917175829208412E-5,1.6625370091153844E-4,1.5870423472895748E-4,8.826123980903265E-4,1.520320765315903E-4,2.1852851960770542E-4,7.248313797880943E-5,0.0027846394605643737,3.72105847722697E-4,2.1689168499221996E-4,1.3507449186437538E-4,0.003065246113883396,1.1624900220378188E-4,2.115489073366659E-4,2.5991133782023754E-4,2.245274445346196E-4,0.0012678836957414306,1.1233737366022378E-4,2.871909516523521E-4,1.5766885377002348E-4,9.59539933698868E-4,1.313096827684194E-4,0.0025393767036255895,1.4479083486092337E-4,0.0026014663832084907,2.2561953624866232E-4,1.4828819593252558E-4,6.203604731807573E-4,1.6571173295083883E-4,1.4498366689352367E-4,5.978390715041234E-4,6.479593578346454E-5,2.1744035258510643E-4,0.0014158435215469,2.8489504992918315E-4,1.256883181362089E-4,2.0651443920542033E-4,3.617185202915285E-4,4.645353476141925E-5,1.9308383840985075E-4,0.0010353871671060157,1.8994072892391248E-4,1.426732662598083E-4,0.009351895826942229,5.653165223634499E-4,8.843877787245033E-5,0.02808017233681989,1.619429029352728E-4,9.906037066935592E-4],[0.0011679812510674004,7.595808892503937E-4,6.078827743072296E-4,1.0,0.0012045245348628734,9.58323496174453E-4,0.002987557467698522,0.0018492381750513337,0.0020553417342838226,9.290260736081856E-4,7.255659413982836E-4,3.893039452500978E-4,0.0012163459124527722,3.6396161055379664E-4,6.100707144191499E-4,7.044707573243952E-4,0.0026688021143889376,7.167371923662935E-4,2.445724557308036E-4,0.0011482086547637282,0.003015918480941422,6.229018903679987E-4,4.0378812261192656E-4,7.134292596432823E-4,8.79303836689183E-4,0.0012740044121023653,8.694889060979907E-4,0.0015532126765985944,0.0010021301326460844,0.0017299441482542624,7.512552491619828E-4,0.0017731946213907924,8.231044741480338E-4,0.003634291048221918,3.182989105525555E-4,0.0011355158259784997,0.0028437438391382855,2.249769038352389E-4,8.062140349508457E-4,0.0012196872657937695,1.4686649860839828E-4,6.897340613112009E-4,0.0014243646647193453,0.0014572861696647574,1.6615335144066476E-4,2.1544667359914185E-4,0.001449608644503741,0.0011981156248418725,1.646522561585656E-4,0.002587993592229956,3.93843913122073E-4,8.934715830742778E-5,0.006239469433044014,0.001071599129736578,4.1846005821778037E-4,0.031180300386847715,0.001046874636347955,0.0017628998990794642],[2.3741764004915476E-4,2.3022853332513098E-4,2.301447365498453E-4,0.0012045245348628734,1.0,7.511166796068733E-4,5.079806490792642E-4,7.82397172884653E-4,0.0047805165290985985,1.0837837595012692E-4,2.1343382896143212E-4,1.9341919045597457E-4,7.699200665209076E-4,1.5870310977700108E-4,1.844760069055184E-4,1.7950598580811496E-4,0.0026077416105992754,2.6116821901976797E-4,2.3405039890809498E-4,1.27018096629871E-4,0.002314827441120466,9.076513366311793E-5,2.0637594664966387E-4,6.345937921227249E-4,1.3933719024271775E-4,0.0010928831831506442,1.3369313691893064E-4,0.001385869168858511,1.864252010419013E-4,0.0014523387577725585,1.8554795275991002E-4,0.001552872347030231,2.089087565106362E-4,0.0032122973258761,2.125745130562062E-4,1.959543844482319E-4,0.003614903209279764,1.6382648302632982E-4,1.8622240099429543E-4,5.097283817481353E-4,1.5376448059803384E-4,1.5912929992293654E-4,2.955734812310538E-4,0.001463251788111098,1.6330674621831985E-4,2.4030040088033586E-4,2.9237576294189997E-4,1.197048766067224E-4,1.6331619773708392E-4,5.624714772180226E-4,1.40680048125181E-4,1.35010344880564E-4,0.009866894210188172,9.793466783285971E-4,2.4355666768360965E-4,0.02079053909494487,1.343077254639449E-4,7.291164102749014E-4],[3.3163472137637354E-4,2.49359449530083E-4,5.752192979620619E-4,9.58323496174453E-4,7.511166796068733E-4,1.0,9.264360958545503E-4,0.0010486784997905392,0.006577599288072801,1.9788784597075964E-4,5.513551375710351E-4,2.993880749205326E-4,8.625262990160649E-4,3.3432231772614115E-4,4.8596004235422474E-4,2.844384061938294E-4,0.0032487060947851134,4.654556172771447E-4,2.2852613009307973E-4,6.275939101587038E-4,0.001815593666017778,1.7133212710509016E-4,5.083995764130572E-4,6.933237405997419E-4,4.542134542128185E-4,0.00110364494820018,6.928570645547019E-4,0.0015561420853306472,7.105328495251493E-4,0.0010282544770529554,6.67199362429087E-4,0.0017495495352154256,5.433830740067939E-4,0.001331515963997902,6.16653944175728E-4,5.22212580292197E-4,0.0035744799818035276,6.431990600164776E-4,2.2063164436036384E-4,7.930651702201468E-4,6.886523394279526E-4,6.093571159921162E-4,0.001051895021811304,0.0012247911199983119,3.54380005782308E-4,4.7250839086997095E-4,0.0014565628863876696,6.45974617906796E-4,4.896317922421707E-4,0.0024288763572140205,7.346790073728559E-4,1.748880958525085E-4,0.006550497062004615,8.95374593302369E-4,4.916815220011642E-4,0.03680610913175795,6.790941818196617E-4,0.0011429375617571231],[0.0013679379364340723,0.0020747975696487338,0.00300301901740587,0.002987557467698522,5.079806490792642E-4,9.264360958545503E-4,1.0,0.003230847393904752,0.007001317077480761,0.002803160932021952,0.0026927316288287593,0.003368779363060023,0.0010741395008129347,0.0030467448751009575,0.0011028708892539063,0.00323381821919081,0.0034023165446571946,0.0016990396073272586,0.0016976707081595912,0.001891157546268447,0.0032382535351308753,5.506967458594669E-4,0.001076173896047305,0.002716375550964144,5.583069371188512E-4,0.003300997925694737,0.0014584402755822563,0.0023890051308007826,4.58114439503041E-4,0.0032723961861584805,0.0022365964944178114,0.0033843754046117827,8.503473192998718E-4,0.003635227663852676,0.0030805649098265358,8.691170425870426E-4,0.0036437128983749525,3.909085847056308E-4,0.0030248923686513975,0.001094011935246388,0.002367635538500749,0.0015969087643978959,0.002372083112549364,0.0021206899693107426,4.7269900864261807E-4,8.473289239693133E-4,0.0022370427519791706,8.071972047463119E-4,2.481622263005572E-4,0.0027915668855684967,0.0019880736210170138,5.106275212609311E-4,0.0080272392605858,0.0013957379292263198,0.001874226654861419,0.024163469085995534,3.608251407998464E-4,0.003186999207816105],[0.0013944964606405841,1.339258312758386E-4,2.7868225338071554E-4,0.0018492381750513337,7.82397172884653E-4,0.0010486784997905392,0.003230847393904752,1.0,0.0067686564403923455,0.0023722575217867965,0.0020839008802084275,0.001666963682445863,0.0017003937708821172,0.0016153109703725614,7.79774877179038E-4,0.0027524857927546057,0.003397764296943726,0.00283153387974194,0.002317942282696997,0.0025057073257558097,0.002984998208451721,8.573412432333062E-5,9.534436475545512E-4,0.0023472508238883073,0.002053401690516652,0.0021610291750579166,5.131566323420794E-5,0.0027171576709378847,0.0023308094348544217,0.002635742866826464,2.3654903711741595E-4,0.0029034712768116087,0.0018193904089446663,0.0034311788173519812,0.0015749431646122631,0.0012689017849492022,0.0030319156182723305,0.0027491150571851215,3.428435326520957E-4,0.0014859093706955859,0.0017724056223997417,0.001997011852008039,0.002369535657278721,0.002411820711399942,0.001696451668372686,3.696412325645134E-4,0.0022808852760524004,0.0022311635925082165,0.0019831738876526,0.0027322718008824173,0.001163311470461657,0.001506179637979274,0.010172274637504072,0.0022986527942103745,0.001431278696256198,0.017287583196792716,3.107181064150554E-4,0.0022839775600405577],[0.0033265441458224477,0.008306832578924837,0.01003244871245813,0.0020553417342838226,0.0047805165290985985,0.006577599288072801,0.007001317077480761,0.0067686564403923455,1.0,0.0077539969806352345,0.008321446908872836,0.0018756009649920245,0.00831502017340965,0.003977083535657998,0.010635573647809015,0.005622019941319237,0.004534693370048572,0.004864366712933055,0.005703902315724787,0.007261524815272052,0.005297445055004284,0.005736877309988162,0.0018401621635421874,0.010407713137670043,0.0038322337257851845,0.001963795563519654,0.005151756261308521,0.011501678200167733,0.005305583902668734,0.00497401220538321,0.010054429395184982,0.00584970960783802,0.007204468543762782,0.004484069877783008,0.006382981355896859,0.009217907163227977,0.009281590870733297,0.004838995097514123,0.005682757929157221,0.0025897325390330235,0.0070054150964628855,0.008127736003675484,0.011378288618135012,0.005254029431958501,0.0017215704551344847,0.005694393532148843,0.009721019347396062,0.0028598925310691125,0.005024566690872519,0.0046203920604251155,0.008531728148085258,0.00582787775882224,0.013960314986569102,0.009226484771606822,0.007592237239919519,0.03549270632812089,7.831161500181204E-4,0.0045289877946874035],[7.57859954521934E-5,8.130489171897583E-5,4.917175829208412E-5,9.290260736081856E-4,1.0837837595012692E-4,1.9788784597075964E-4,0.002803160932021952,0.0023722575217867965,0.0077539969806352345,1.0,1.3626100221783783E-4,3.4772499367759205E-5,4.263849176787309E-4,9.083576274927929E-5,7.728221842574045E-5,2.7116951961806105E-5,0.002102798297611267,1.835900195115926E-5,1.1874366509897062E-4,4.0737164757453855E-5,0.001224089917244713,4.313034209777519E-5,1.667932825120097E-4,6.194352112533151E-4,9.744756213795922E-5,0.0010017053047045581,1.8205759272944023E-5,0.0011250823146217327,7.857612061125036E-5,7.759622418384085E-4,1.2786901650610442E-5,0.0021699325807705947,9.313812160104288E-5,0.0020324627388094035,9.861246370291016E-5,1.8723741900468557E-5,4.87700884304955E-4,4.846867454951444E-5,2.745594948927069E-5,8.588485924462208E-4,1.3597729814796248E-5,4.6050047168074305E-5,0.0012713384008359678,0.001036513409036034,7.373550037003676E-5,1.1036879880980588E-4,0.0011921660962244793,1.5833063296757818E-5,7.414888508811414E-5,0.0012914233621376977,4.035231209786778E-5,1.6786233708358003E-5,0.013784539485401662,8.663203561697699E-4,1.5717810141983763E-5,0.03673523053884217,3.873871776368282E-5,0.001911553395550575],[1.672141560270206E-4,1.2531534867240784E-4,1.6625370091153844E-4,7.255659413982836E-4,2.1343382896143212E-4,5.513551375710351E-4,0.0026927316288287593,0.0020839008802084275,0.008321446908872836,1.3626100221783783E-4,1.0,1.5027513089498976E-4,3.7660003974078666E-4,1.5902477601246247E-4,1.541580529564121E-4,9.936608925320274E-5,9.98172027124519E-4,1.6560918060220435E-4,1.9737433636659194E-4,7.027065366318211E-5,0.0014501310038153952,1.5180300725959218E-4,1.6617313517227638E-4,2.2655448847480855E-4,1.5202849183177807E-4,6.248352711449979E-4,1.6156707650202818E-4,0.001628340784027086,1.5551412426359092E-4,0.0011956077796427696,9.408611811425283E-5,0.0015967045991257256,1.4287862953999873E-4,0.001946837323040376,1.7872462072337678E-4,7.204345359288382E-5,7.02354732982819E-4,1.5378355712702748E-4,1.3725583027282965E-4,5.687826836055371E-4,1.5371451493649E-4,1.6101675154766613E-4,9.869508622409337E-4,0.0011556504604481631,1.501582628088192E-4,1.5519014218092083E-4,0.0016134574044369744,9.543190765902089E-5,1.5201095335928242E-4,0.001446472526677542,9.734426491220881E-5,2.5316459166083606E-5,0.005117370443238134,5.300125337554807E-4,1.2026957326200145E-4,0.02267281443063749,1.1427514592692082E-4,9.654484922010468E-4],[1.6243435701527713E-4,1.2123500754338611E-4,1.5870423472895748E-4,3.893039452500978E-4,1.9341919045597457E-4,2.993880749205326E-4,0.003368779363060023,0.001666963682445863,0.0018756009649920245,3.4772499367759205E-5,1.5027513089498976E-4,1.0,4.2716427431478595E-4,1.1182565655666698E-4,1.1923792105625157E-4,1.0881509000220914E-4,0.0019423490890971367,2.95232524018504E-4,1.6116662607282682E-4,6.192713430081627E-5,0.003066450645408975,9.03637578520919E-5,1.6286023467450845E-4,2.874140399068133E-4,1.1543340425120389E-4,2.1890832524745535E-4,9.360227657186041E-5,1.4067915519817668E-4,1.2113965388158087E-4,0.0010275161328088317,5.386169716325589E-5,6.391451966547524E-4,1.3763348402556555E-4,0.0022491189184070818,1.8885871672678832E-4,6.2746640981774E-5,6.224500706159914E-4,1.3788510853701E-4,1.0726058935070094E-4,4.570314062277192E-4,1.8811646588865972E-5,1.2690790441422463E-4,3.1822917474845795E-4,9.805180186657778E-4,1.1586346757288571E-4,1.2684157282352487E-4,4.729354819416282E-4,8.554673930643624E-5,1.1100464141386731E-4,0.0014943250794546355,1.0661163184135409E-4,8.598983657126289E-5,0.0014481203931382101,8.24769638950041E-4,1.1208474460575651E-4,0.036717549677069826,1.0498308909748579E-4,6.85437065340948E-4],[8.40789107758052E-4,3.4899293439981025E-4,8.826123980903265E-4,0.0012163459124527722,7.699200665209076E-4,8.625262990160649E-4,0.0010741395008129347,0.0017003937708821172,0.00831502017340965,4.263849176787309E-4,3.7660003974078666E-4,4.2716427431478595E-4,1.0,6.649458038015223E-4,3.020677909646761E-4,1.7509312937038037E-4,0.0020171854808909294,9.023429193195859E-4,9.770492278842523E-4,1.496736253201877E-4,0.002230163217334897,8.864732826601839E-4,6.145126280100526E-4,9.574853637741622E-4,4.3285973791949115E-4,0.0011149087853118988,2.946776658151683E-4,0.0017406129511997818,3.494126650413459E-4,0.0011077920840339363,9.930082829086796E-4,0.0017304842861290393,1.4398737182009006E-4,0.0016468586758501397,4.305530286667095E-4,5.0859254595777E-4,0.0029145008408095127,4.1386691744924893E-4,6.521437432893144E-4,9.700622060398782E-4,6.317680032537292E-4,9.721869535236439E-4,0.0010372863467287099,0.0013483629457897142,9.41404126173739E-4,1.539309119266838E-4,0.0017080101953418341,7.941596430344185E-4,6.737278853320333E-4,0.0019844340507389393,5.177086249240133E-4,4.6156806658968546E-4,0.010911377459135372,0.0010152973240543364,7.721720823550153E-5,0.005418670227578541,5.4945904820578587E-5,0.001778370212631325],[1.4916447294612491E-4,1.1238888761323856E-4,1.520320765315903E-4,3.6396161055379664E-4,1.5870310977700108E-4,3.3432231772614115E-4,0.0030467448751009575,0.0016153109703725614,0.003977083535657998,9.083576274927929E-5,1.5902477601246247E-4,1.1182565655666698E-4,6.649458038015223E-4,1.0,1.2284292832061302E-4,6.311760703826334E-5,6.892592197594419E-4,3.342061707070794E-4,1.6565773729429692E-4,6.041900395040579E-5,0.0030967083292988695,8.133981120117412E-5,1.1565673952114509E-4,5.935165288571256E-4,1.0906000568152618E-4,0.0016443266558608524,8.230278545408357E-5,0.0013056583123530227,1.1616653891678952E-4,0.001567783100279402,9.833847288996893E-5,7.094922766674789E-4,1.341830279497196E-4,1.4974714254160568E-4,1.1796294097109613E-4,5.219654083417287E-5,8.723386101886048E-4,1.4348382309957493E-4,1.0524342896713338E-4,4.983093363395454E-4,3.821601502983401E-5,1.270362650230632E-4,9.915215838646268E-4,6.549015635597514E-4,1.1846938535473322E-4,1.3737782893139195E-4,3.7646223287348535E-4,2.3243626669346123E-5,1.0532541905860836E-4,2.8806228689357905E-4,1.0663488068443304E-4,9.300545006582457E-5,0.0028841444760067812,7.427416392826307E-4,8.099259023652887E-5,0.021616674991978852,9.185364206199564E-5,1.41311976568238E-4],[1.3601251044536994E-4,1.2769302776084675E-4,2.1852851960770542E-4,6.100707144191499E-4,1.844760069055184E-4,4.8596004235422474E-4,0.0011028708892539063,7.79774877179038E-4,0.010635573647809015,7.728221842574045E-5,1.541580529564121E-4,1.1923792105625157E-4,3.020677909646761E-4,1.2284292832061302E-4,1.0,7.576378362024965E-5,7.138541738918382E-4,1.6819988027968132E-4,1.4225025453973956E-4,1.168813001277779E-4,0.0010820938849512773,1.1235098187426277E-4,1.7972896611052934E-4,5.189116758381785E-4,1.1774929475126136E-4,9.227140899027999E-4,1.1417361001944379E-4,0.0017804342230918076,1.5134277802534765E-4,7.093789442170057E-4,8.15639103256121E-5,0.0021312790718260016,1.3758757061111288E-4,0.0029495808034450894,1.333139280187049E-4,1.0646773384274464E-4,0.002174070682691619,1.3960624409012286E-4,1.2157193714397843E-4,8.120922196044674E-4,7.964014043481954E-5,1.325310942037196E-4,7.274352583556859E-4,0.001259546722318812,1.3139464113636726E-4,1.3606016410245463E-4,0.0010969307944392057,3.2338884433810925E-5,1.288218325335569E-4,0.0013565687340655835,1.0652164249774758E-4,2.245176464882988E-5,0.013378796859031948,7.634029851896029E-4,4.138735510391383E-5,0.028285750239490644,8.925014670271904E-5,8.617937925433729E-4],[1.361971739207258E-4,8.413310023275297E-5,7.248313797880943E-5,7.044707573243952E-4,1.7950598580811496E-4,2.844384061938294E-4,0.00323381821919081,0.0027524857927546057,0.005622019941319237,2.7116951961806105E-5,9.936608925320274E-5,1.0881509000220914E-4,1.7509312937038037E-4,6.311760703826334E-5,7.576378362024965E-5,1.0,0.001448815790501937,1.5469732071635118E-4,8.036589087417455E-5,3.102183972838812E-5,5.549135859134656E-4,6.260696588131264E-5,3.8830597761681224E-5,5.84174921137558E-4,3.117503406592807E-5,0.0011882173234194723,3.069296320309806E-5,7.154377069755352E-4,4.6234484971996804E-5,0.0012941536691098885,2.2140274412386167E-5,3.7649770492937876E-5,6.629509431399263E-5,0.00389907083846711,1.0124664619467206E-4,2.4063452659041174E-5,0.003406626241618779,1.2107534139816007E-4,6.485036007093127E-5,6.976900755661074E-4,2.4985578063772948E-5,4.378549202781193E-5,7.8460389840577E-5,7.180822243073173E-4,6.705781680178293E-5,1.2428439689680956E-4,4.4683312293674677E-4,2.2288241111032192E-5,6.751196913116132E-5,0.001716095659034766,8.702618603775516E-5,2.6729562669012397E-5,0.006922631837726873,8.694538196225744E-4,3.049003619255287E-5,0.01360185423240297,4.275576607569782E-5,3.402281204592583E-5],[5.452899245476818E-4,0.0027071583373300154,0.0027846394605643737,0.0026688021143889376,0.0026077416105992754,0.0032487060947851134,0.0034023165446571946,0.003397764296943726,0.004534693370048572,0.002102798297611267,9.98172027124519E-4,0.0019423490890971367,0.0020171854808909294,6.892592197594419E-4,7.138541738918382E-4,0.001448815790501937,1.0,0.0014786757941107254,0.001617246568505456,5.547036126346796E-4,0.0034203190107935603,0.0016197066241437706,0.0023221513624143253,0.002301262179068534,0.002995490252245081,0.0036007730164543793,6.045105808078875E-4,0.0031820497076374757,0.002233172114067457,0.0028626766660453723,0.0013218391974220323,0.003590767956997724,0.0030949467496688217,0.0036791095300945094,0.002477553705307965,0.0018948445793671338,0.0036201837272577353,0.0016659059286410554,8.010216145835723E-4,0.0019031555462372693,1.296132537613484E-4,0.0035444128624619064,0.00252184054838297,0.003099607026122057,0.0032587338908682214,0.0025976987100594373,0.00223217021750499,0.0029310162633186896,0.0027527914411423493,0.002755135684381203,0.003543515748130202,0.0029012272828006034,0.009118294306051702,0.001734917231450167,0.0018652704866067178,0.015907531219192986,0.0011036399865396026,0.002304337662251875],[3.845094729889582E-4,2.12170449871999E-4,3.72105847722697E-4,7.167371923662935E-4,2.6116821901976797E-4,4.654556172771447E-4,0.0016990396073272586,0.00283153387974194,0.004864366712933055,1.835900195115926E-5,1.6560918060220435E-4,2.95232524018504E-4,9.023429193195859E-4,3.342061707070794E-4,1.6819988027968132E-4,1.5469732071635118E-4,0.0014786757941107254,1.0,2.585474496260092E-4,2.87962591639497E-4,0.0023914481742369743,2.5516454608045006E-4,2.6049492486822715E-4,4.785949477895516E-4,3.621554047471226E-4,5.578466058545211E-4,3.014408400140396E-4,0.00122972622158211,2.651401864616822E-4,9.56734727511017E-4,9.091093981357589E-5,0.002372249171777806,3.873631902977181E-4,0.001959816309847011,3.318204494791381E-4,2.9982349552760344E-4,5.918303247463624E-4,1.6119650474648146E-4,1.9413191275582134E-4,8.343280239639227E-4,2.645680705011669E-4,3.101442628244157E-4,0.0012768189748934644,9.333466627937292E-4,1.6614326471743552E-4,2.6081437993178205E-4,0.0013759863810162384,2.801798539198885E-4,2.0923390553458966E-4,0.002549906943596488,2.0186673143849997E-4,1.2437365070755365E-4,0.013551414267492462,8.771207134442725E-4,5.6070160193394327E-5,0.0017997219348128142,6.977946036397961E-5,6.744827926681695E-4],[1.8819118410281176E-4,1.5606409803049253E-4,2.1689168499221996E-4,2.445724557308036E-4,2.3405039890809498E-4,2.2852613009307973E-4,0.0016976707081595912,0.002317942282696997,0.005703902315724787,1.1874366509897062E-4,1.9737433636659194E-4,1.6116662607282682E-4,9.770492278842523E-4,1.6565773729429692E-4,1.4225025453973956E-4,8.036589087417455E-5,0.001617246568505456,2.585474496260092E-4,1.0,1.0223766435197495E-4,0.0025438574768126996,1.8722072458329293E-4,2.0332703132935087E-4,5.942358556805805E-4,1.8323689225550665E-4,0.0015670911614163,6.518985992016013E-5,0.0018080327270005084,1.6892433000844612E-4,0.0020472066219768673,1.4926911181085254E-4,2.3421424803599775E-4,1.9591313933256028E-4,0.002235251591348996,2.086421460691266E-4,5.498914989990756E-5,2.7865296082635175E-4,1.500387948066633E-4,1.15814747699207E-4,2.178932471689818E-4,3.0157091766047516E-5,1.8243761289325706E-4,5.885252705611834E-4,0.0015729445145319842,1.7236071884698032E-4,1.3913604858324348E-4,0.0013878234515563278,1.807347324839333E-4,2.038932511902932E-4,0.002342051565677998,1.4416226029110362E-4,1.7575209946476034E-4,0.007493868630232574,4.0633576386397285E-4,1.4667925872811308E-4,0.009043284880867303,7.447590023746676E-5,2.7838109275048694E-4],[7.003028612879102E-5,1.158744648520832E-4,1.3507449186437538E-4,0.0011482086547637282,1.27018096629871E-4,6.275939101587038E-4,0.001891157546268447,0.0025057073257558097,0.007261524815272052,4.0737164757453855E-5,7.027065366318211E-5,6.192713430081627E-5,1.496736253201877E-4,6.041900395040579E-5,1.168813001277779E-4,3.102183972838812E-5,5.547036126346796E-4,2.87962591639497E-4,1.0223766435197495E-4,1.0,0.0011888391061402194,6.113700391542748E-5,1.5163465197819972E-4,3.7172973549159645E-4,8.792593999766205E-5,0.001706059055087276,3.642182784165364E-5,0.001911081925619878,1.0226657409560673E-4,0.0015884563982269725,2.4135204042897973E-5,6.055114989449556E-4,1.0548845596655389E-4,0.002026506886439899,1.8582666790510375E-4,3.453836494337279E-5,0.0017492375134213088,6.558027727237857E-5,8.280244106359825E-5,8.357429619053059E-4,1.238670492138436E-5,1.0980547789627752E-4,4.168784480003577E-4,1.043838308568331E-4,9.455692945402875E-5,8.71025864264555E-5,0.0011250105808409442,3.2208352215527185E-5,5.784705185289604E-5,0.0011248747046797925,7.742864934108277E-5,2.1274740049068667E-5,0.005720038383341685,5.944651468004141E-4,3.3054804235452206E-5,0.025952272328897377,4.442482005971451E-5,6.173943445970429E-4],[0.0010382749397827283,0.0021785297062066273,0.003065246113883396,0.003015918480941422,0.002314827441120466,0.001815593666017778,0.0032382535351308753,0.002984998208451721,0.005297445055004284,0.001224089917244713,0.0014501310038153952,0.003066450645408975,0.002230163217334897,0.0030967083292988695,0.0010820938849512773,5.549135859134656E-4,0.0034203190107935603,0.0023914481742369743,0.0025438574768126996,0.0011888391061402194,1.0,0.0014516114513142108,0.002134410757252556,7.372910963800233E-4,0.0020298786054454183,0.002256689599365668,0.0016049159917149458,0.0025026210557139786,0.003168784219215841,0.0031791232223322753,0.0013324429946325654,0.0027376595772239756,0.0012100236190558853,0.0038238105083608304,0.0018340395175780377,0.0014914904968200062,0.003483580419316444,0.0011292688758459597,0.001367379435558665,0.002855597184495318,0.0019247672244261697,0.0018270735386713391,0.0020301002494137314,0.0028966446773924996,9.460291427386267E-4,0.0028970402855490363,0.003071104613325433,0.0018525083678726912,0.002712497430677601,0.0031272627866632888,3.6666207185216345E-4,0.0030311563956308776,0.009999166862533715,0.0031380852171304903,7.119923545263555E-4,0.02055679008075605,0.002613962990276994,0.0024881707410880057],[1.5627054499549138E-4,1.17561023116388E-4,1.1624900220378188E-4,6.229018903679987E-4,9.076513366311793E-5,1.7133212710509016E-4,5.506967458594669E-4,8.573412432333062E-5,0.005736877309988162,4.313034209777519E-5,1.5180300725959218E-4,9.03637578520919E-5,8.864732826601839E-4,8.133981120117412E-5,1.1235098187426277E-4,6.260696588131264E-5,0.0016197066241437706,2.5516454608045006E-4,1.8722072458329293E-4,6.113700391542748E-5,0.0014516114513142108,1.0,1.5115317343188496E-4,6.081857483482681E-4,7.081540187613371E-5,0.0015232791601131233,5.061303611135707E-5,0.0012593205426608876,1.0670916288243029E-4,0.001685332718005767,4.505000198999024E-5,0.0021448686188535377,1.3894277811256128E-4,0.0010722319407286155,1.0056142355062976E-4,5.645325197356816E-5,0.0028429403169231635,1.345651880106791E-4,7.19457871292473E-5,1.1134068888904672E-4,1.9995843661750687E-5,9.734158955840665E-5,4.4491305431345636E-4,0.0014260764010707895,1.0315171044496333E-4,1.1752946716425066E-4,8.204276346837173E-4,6.298518052780548E-5,9.564383570706626E-5,0.0016028437664854444,9.047655096873242E-5,3.2438632906944054E-5,0.0011216305724452808,2.429845838314034E-4,1.9275113083313073E-5,0.006256404390223523,4.859539625538058E-5,2.3767195884474105E-4],[1.891347834733267E-4,1.877793740612132E-4,2.115489073366659E-4,4.0378812261192656E-4,2.0637594664966387E-4,5.083995764130572E-4,0.001076173896047305,9.534436475545512E-4,0.0018401621635421874,1.667932825120097E-4,1.6617313517227638E-4,1.6286023467450845E-4,6.145126280100526E-4,1.1565673952114509E-4,1.7972896611052934E-4,3.8830597761681224E-5,0.0023221513624143253,2.6049492486822715E-4,2.0332703132935087E-4,1.5163465197819972E-4,0.002134410757252556,1.5115317343188496E-4,1.0,6.478442183370479E-4,1.4243220263708987E-4,8.21936841690651E-4,1.6717852424129E-4,0.001870707967172541,1.8787154804655255E-4,4.5051919751986995E-4,1.875716989824809E-5,0.0019141902946050097,1.4881176657666168E-4,0.0010002551594480264,1.9318410106616078E-4,1.437658331870659E-4,0.002921953879787171,1.7683839287011585E-4,1.2103725743810932E-4,8.830066685111601E-4,2.8049315666155943E-5,1.9458801691714739E-4,7.554069420247781E-4,0.001914318994955508,1.53493378797119E-4,1.78617249349222E-4,0.0015564457103754246,1.9590339842656725E-4,1.8463101150211078E-4,0.0012462441182603966,1.5292213169725442E-4,9.78831697919332E-5,0.0021939373599910413,7.920730807598299E-4,9.924938230029354E-5,0.03170926783016399,1.3886700733433953E-4,5.66512632510508E-4],[4.56374613422752E-4,5.675797398793673E-4,2.5991133782023754E-4,7.134292596432823E-4,6.345937921227249E-4,6.933237405997419E-4,0.002716375550964144,0.0023472508238883073,0.010407713137670043,6.194352112533151E-4,2.2655448847480855E-4,2.874140399068133E-4,9.574853637741622E-4,5.935165288571256E-4,5.189116758381785E-4,5.84174921137558E-4,0.002301262179068534,4.785949477895516E-4,5.942358556805805E-4,3.7172973549159645E-4,7.372910963800233E-4,6.081857483482681E-4,6.478442183370479E-4,1.0,1.9917085389784765E-4,9.348365725123878E-4,4.994973224369451E-4,0.0012901825998347539,5.222049274246735E-4,0.001001954120214885,1.4205245557408653E-4,0.0012541581687230217,4.024620708492676E-4,0.002273265385603191,4.488932790206651E-4,1.6108500165107982E-4,0.0028243400350602007,3.8966901740906425E-4,5.058475763362695E-4,8.651384034631494E-4,3.92252362225889E-4,4.7875900632614744E-4,8.127031340655238E-4,0.0019337403375457053,5.4053921718931E-4,3.6817765067663326E-4,0.0011009500776856026,3.087764827813287E-4,2.494906603912599E-4,8.322168515481656E-4,4.0407250969128647E-4,5.029057972959797E-4,0.003528157516012298,9.933824731202128E-4,4.6715281182386657E-4,0.010679114045932725,3.1641070281191266E-4,0.0016078623803774212],[1.3323509900560444E-4,1.12115344075152E-4,2.245274445346196E-4,8.79303836689183E-4,1.3933719024271775E-4,4.542134542128185E-4,5.583069371188512E-4,0.002053401690516652,0.0038322337257851845,9.744756213795922E-5,1.5202849183177807E-4,1.1543340425120389E-4,4.3285973791949115E-4,1.0906000568152618E-4,1.1774929475126136E-4,3.117503406592807E-5,0.002995490252245081,3.621554047471226E-4,1.8323689225550665E-4,8.792593999766205E-5,0.0020298786054454183,7.081540187613371E-5,1.4243220263708987E-4,1.9917085389784765E-4,1.0,9.707306600499544E-4,4.316741023550109E-5,0.0019210686953717478,1.343493966516583E-4,0.0016113667761672142,9.997572100759714E-5,0.0018456593104723862,1.305789655044787E-4,0.0026409341267854235,1.1157886367391874E-4,2.6755367077256423E-5,0.001282838585685911,1.3659850115545802E-4,1.088704847502068E-4,2.897228737200615E-4,2.6441357093303494E-5,1.2353336568336564E-4,8.751624332101435E-4,1.1820938922685113E-4,1.1840490993129889E-4,1.1100722999426887E-4,0.0012683970631847592,5.8155150527198536E-5,1.012442752987104E-4,0.002333173795556256,9.701886008838274E-5,9.962616569913856E-5,0.007161316874931536,9.405002689765888E-4,3.900053616851806E-5,0.03284212883104538,5.8268287723372924E-5,0.0013579609956879742],[0.0013255809460001118,8.125427445429181E-4,0.0012678836957414306,0.0012740044121023653,0.0010928831831506442,0.00110364494820018,0.003300997925694737,0.0021610291750579166,0.001963795563519654,0.0010017053047045581,6.248352711449979E-4,2.1890832524745535E-4,0.0011149087853118988,0.0016443266558608524,9.227140899027999E-4,0.0011882173234194723,0.0036007730164543793,5.578466058545211E-4,0.0015670911614163,0.001706059055087276,0.002256689599365668,0.0015232791601131233,8.21936841690651E-4,9.348365725123878E-4,9.707306600499544E-4,1.0,6.784785508844221E-4,0.002003348286364637,6.695245334827947E-4,0.001882875966570126,1.8918845119604552E-4,0.002067771340138329,5.517645885975155E-4,0.002880843413836904,0.001546085038966773,0.001019080530992122,0.0036201091376141855,3.906846306552322E-4,0.0015423021644040175,9.388021041181609E-4,0.001534539296656194,0.0017476857840756908,0.0015977413379444367,0.0018571310138581973,1.3088751542923716E-4,0.0015506249541820491,0.001783208292335533,0.0011813821464940267,0.001437526646829469,0.002553557213228819,0.0016017321346116318,4.696853881541384E-4,0.004811358602410968,0.0014439224343577746,7.963572761746407E-4,0.01194018348054022,0.0010867074103964231,0.001926080161715385],[9.663446988710032E-5,8.347037237419281E-5,1.1233737366022378E-4,8.694889060979907E-4,1.3369313691893064E-4,6.928570645547019E-4,0.0014584402755822563,5.131566323420794E-5,0.005151756261308521,1.8205759272944023E-5,1.6156707650202818E-4,9.360227657186041E-5,2.946776658151683E-4,8.230278545408357E-5,1.1417361001944379E-4,3.069296320309806E-5,6.045105808078875E-4,3.014408400140396E-4,6.518985992016013E-5,3.642182784165364E-5,0.0016049159917149458,5.061303611135707E-5,1.6717852424129E-4,4.994973224369451E-4,4.316741023550109E-5,6.784785508844221E-4,1.0,0.0019279248346697653,5.6519405033570084E-5,0.0019446662532079655,1.3274822321514425E-5,2.714599557339522E-4,1.0130105369329414E-4,0.0024049824893340823,1.5451087083771524E-4,1.9517350793632708E-5,0.0025605814907824556,9.713929429199462E-5,9.301901339635241E-5,1.543044632117483E-4,1.5370685718470433E-5,3.121553172620111E-5,0.0010941686040114068,0.0015319854133695983,5.4911106081622656E-5,1.24968232164514E-4,0.0011311044511389658,1.8161688792898987E-5,9.561616348099305E-5,3.729315277814522E-5,3.0697741653641815E-5,2.7118690093329618E-5,0.00642436775091513,6.267983807259423E-4,2.5164246166016267E-5,0.019650821870938282,3.124596562084575E-5,3.244056234736358E-4],[0.001286562411012512,0.001710300796867592,2.871909516523521E-4,0.0015532126765985944,0.001385869168858511,0.0015561420853306472,0.0023890051308007826,0.0027171576709378847,0.011501678200167733,0.0011250823146217327,0.001628340784027086,1.4067915519817668E-4,0.0017406129511997818,0.0013056583123530227,0.0017804342230918076,7.154377069755352E-4,0.0031820497076374757,0.00122972622158211,0.0018080327270005084,0.001911081925619878,0.0025026210557139786,0.0012593205426608876,0.001870707967172541,0.0012901825998347539,0.0019210686953717478,0.002003348286364637,0.0019279248346697653,1.0,0.0019154106268203489,0.002412868181172786,0.0014382309216674984,0.0021701003541793515,0.0018569696078102299,0.0029082292285547923,3.65094397265175E-4,0.0015080124725277684,0.002538096349235795,8.7493158752336E-4,0.0013523332121510125,0.0013610712029372147,0.0017751788188986044,0.0010588584790421933,0.002016778692769526,0.002034563308102055,0.0011276497601482981,0.0014861824718009197,0.0020824739420767196,0.0017045637746029927,0.0011113847551553458,0.002306497661542898,6.162442758157853E-4,0.0014601347985771177,0.003407261369432873,0.001429094990050451,0.0010526358098556922,0.0032250519529101003,0.0012525723205241111,0.0020274143501006897],[1.679070413853744E-4,1.305214286761209E-4,1.5766885377002348E-4,0.0010021301326460844,1.864252010419013E-4,7.105328495251493E-4,4.58114439503041E-4,0.0023308094348544217,0.005305583902668734,7.857612061125036E-5,1.5551412426359092E-4,1.2113965388158087E-4,3.494126650413459E-4,1.1616653891678952E-4,1.5134277802534765E-4,4.6234484971996804E-5,0.002233172114067457,2.651401864616822E-4,1.6892433000844612E-4,1.0226657409560673E-4,0.003168784219215841,1.0670916288243029E-4,1.8787154804655255E-4,5.222049274246735E-4,1.343493966516583E-4,6.695245334827947E-4,5.6519405033570084E-5,0.0019154106268203489,1.0,3.146503584158746E-4,4.501344118335743E-5,0.002030411369523742,1.501904149805434E-4,4.831029625180131E-4,1.8326943714162618E-4,5.8690630616298244E-5,0.001560554810337247,1.5214378765591882E-4,1.1050914210415172E-4,7.324122188573437E-4,8.554196058695018E-5,1.4557333881231558E-4,3.147231395707827E-4,9.370921100611126E-4,1.3302848563859527E-4,1.4783897133364453E-4,0.0014699059864667452,1.221648968146124E-4,1.463291194846555E-4,3.0526704277065726E-4,1.441376872290549E-4,3.0518970146299844E-5,0.0021997719896608495,3.545690944364626E-4,7.822669475043986E-5,0.02386626609152029,7.851123782500396E-5,0.001854568437783809],[8.590742939744251E-4,1.3516711198456764E-4,9.59539933698868E-4,0.0017299441482542624,0.0014523387577725585,0.0010282544770529554,0.0032723961861584805,0.002635742866826464,0.00497401220538321,7.759622418384085E-4,0.0011956077796427696,0.0010275161328088317,0.0011077920840339363,0.001567783100279402,7.093789442170057E-4,0.0012941536691098885,0.0028626766660453723,9.56734727511017E-4,0.0020472066219768673,0.0015884563982269725,0.0031791232223322753,0.001685332718005767,4.5051919751986995E-4,0.001001954120214885,0.0016113667761672142,0.001882875966570126,0.0019446662532079655,0.002412868181172786,3.146503584158746E-4,1.0,0.0012996013940352405,0.0025068938334113335,4.311647821301508E-4,0.0036080083711906357,4.640744627792366E-4,0.0015764973402057748,0.0028371444336050527,0.001163864419045431,7.545637266770818E-4,0.0011444875149392159,0.0018465712188375089,0.0016277557862135368,0.0022010567463271163,0.0020861617322035933,6.83672842054735E-4,2.572823950527655E-4,0.002319540178824905,7.867288763273891E-4,0.0020524067847899254,0.002566556661970725,0.001504820909134707,9.628646047960592E-4,0.011250032370286297,0.001846081730395043,6.490737732001759E-4,0.019971977203445904,0.001553082728249668,0.002407099572518504],[1.1550985874583823E-4,1.235165285230338E-4,1.313096827684194E-4,7.512552491619828E-4,1.8554795275991002E-4,6.67199362429087E-4,0.0022365964944178114,2.3654903711741595E-4,0.010054429395184982,1.2786901650610442E-5,9.408611811425283E-5,5.386169716325589E-5,9.930082829086796E-4,9.833847288996893E-5,8.15639103256121E-5,2.2140274412386167E-5,0.0013218391974220323,9.091093981357589E-5,1.4926911181085254E-4,2.4135204042897973E-5,0.0013324429946325654,4.505000198999024E-5,1.875716989824809E-5,1.4205245557408653E-4,9.997572100759714E-5,1.8918845119604552E-4,1.3274822321514425E-5,0.0014382309216674984,4.501344118335743E-5,0.0012996013940352405,1.0,3.707658029558734E-4,1.3563126269973552E-4,0.001185686775250327,1.628402301007619E-4,1.6779663993896314E-5,0.0012387627726371422,1.0313513098261882E-4,8.115396282485604E-5,1.7971311980429508E-4,1.2091829782025065E-5,9.463831972925561E-5,9.340926860708815E-4,1.481110228018798E-4,2.9581247855730562E-5,9.571740819694561E-5,0.0013728008518846065,1.2731578610832303E-5,3.7799552372698276E-5,6.348278820401731E-4,3.083322917455007E-5,1.9532664243296084E-5,0.0049306354257019165,3.0040659313637153E-4,1.507840354522663E-5,0.012112638022752982,4.269978350214523E-5,0.0012332572015298178],[0.001015329560260978,0.0014254722315578576,0.0025393767036255895,0.0017731946213907924,0.001552872347030231,0.0017495495352154256,0.0033843754046117827,0.0029034712768116087,0.00584970960783802,0.0021699325807705947,0.0015967045991257256,6.391451966547524E-4,0.0017304842861290393,7.094922766674789E-4,0.0021312790718260016,3.7649770492937876E-5,0.003590767956997724,0.002372249171777806,2.3421424803599775E-4,6.055114989449556E-4,0.0027376595772239756,0.0021448686188535377,0.0019141902946050097,0.0012541581687230217,0.0018456593104723862,0.002067771340138329,2.714599557339522E-4,0.0021701003541793515,0.002030411369523742,0.0025068938334113335,3.707658029558734E-4,1.0,8.379505482767365E-4,0.002625949770111835,0.0011322657364052366,0.001895383408065476,0.002904823993538449,0.0016777550737947827,0.0021699206266660447,0.0012594562061769882,0.002471274590117216,0.0011563267901990245,0.0021725639778743954,0.0020946155344306935,0.0019541398153371478,7.916938988072916E-4,0.0017405146060044889,8.73082280167357E-4,0.0018871023623790203,0.002608417770476208,3.689249071850808E-4,0.002142480099865991,0.007717423732982322,0.0020175850306857032,0.0020282319366920786,0.005446749935674124,0.0023118397174115503,0.002497960622138816],[1.6699162479708997E-4,1.27306244368426E-4,1.4479083486092337E-4,8.231044741480338E-4,2.089087565106362E-4,5.433830740067939E-4,8.503473192998718E-4,0.0018193904089446663,0.007204468543762782,9.313812160104288E-5,1.4287862953999873E-4,1.3763348402556555E-4,1.4398737182009006E-4,1.341830279497196E-4,1.3758757061111288E-4,6.629509431399263E-5,0.0030949467496688217,3.873631902977181E-4,1.9591313933256028E-4,1.0548845596655389E-4,0.0012100236190558853,1.3894277811256128E-4,1.4881176657666168E-4,4.024620708492676E-4,1.305789655044787E-4,5.517645885975155E-4,1.0130105369329414E-4,0.0018569696078102299,1.501904149805434E-4,4.311647821301508E-4,1.3563126269973552E-4,8.379505482767365E-4,1.0,0.002932786351339623,1.807155195508318E-4,1.03183404709027E-4,0.0025471995931201966,1.44083814