[[1.0,0.0016510328098071252,0.0029740182730869417,8.270068756993602E-4,0.0023854906751345265,0.0012133495592506656,0.0015878967609688568,0.002585636787254743,0.0015755438069385203,9.032658765442993E-4,0.0013613563220649738,0.0025760370493383604,4.7434132862050546E-4,0.00843062962403047,0.005388796368989573,0.0023340815701340645,0.004690056215721201,6.197023960279054E-4,5.728855814580564E-4,0.0017492876988190868,8.753910625543215E-4,0.0019085486055905004,0.0010423994493268542,0.0012783289167481247,9.995805663950705E-4,7.52209598993246E-4,0.001801738772036217,0.001279847895844668,0.0015969083633995248,0.0016374883735183216,0.0018342601127580961,0.001172941208555471,0.001219744534931481,0.0015898779792806745,0.00734290602763964,2.0873160804428818E-4,0.009827257590335758,3.00761806266109E-4,5.982423560983575E-4,2.739057634090804E-4,9.873943015912129E-4,3.676926306050343E-4,0.0018950211193970428,0.002278953638937899,0.0012861624368862476,0.0026412809095824586,0.01713595439203019,0.0013559128822396896,7.019199936686645E-4,9.818081618847064E-4,0.0013894773419159349,0.0017107659045962568,0.001652811865963761],[0.0016510328098071252,1.0,0.004237309295348493,3.0008071433197626E-4,0.001989265474333093,0.0011592595223164622,0.0012196761465278821,0.0026902990261888794,0.001159563355160384,0.0015527805200178015,9.188309321910679E-4,0.004583492887260664,2.486662229041471E-4,0.010125649366251722,0.0018133071470504383,0.009756188317763686,0.0030038144811201746,2.9929045742258274E-4,0.0012989825844357762,0.0012574993667783124,0.0013933443962400062,0.001868971169706264,0.0012542878637636901,4.621192313392429E-4,6.448857602261651E-4,7.545487055665848E-4,0.0013845018006992558,8.308410185570668E-4,2.3679895370216564E-4,0.0014166018315133594,0.0014972364839318172,0.0012750852198351093,8.254224204883021E-4,2.3723785283608304E-4,0.03282034284193619,8.293913182351988E-4,0.007442362302105369,7.882465576730516E-4,4.4234474759929335E-4,0.0014263457035400514,4.301527760075222E-4,3.676289013717145E-4,0.0017088757635814102,0.0020985856040502604,7.174933596915426E-4,0.0021705670876726894,0.010082549291668186,0.0013988102168731628,7.757672980468261E-4,0.0012018569626982528,3.694972809505286E-4,0.0015904883217197556,0.0016020402789734425],[0.0029740182730869417,0.004237309295348493,1.0,0.007488885492374877,0.00839113034531145,7.171401484409297E-4,0.002275054466015256,0.00907626316890053,0.010296657953514197,0.0018304192647852885,8.088955869327569E-4,0.005244577710572228,0.005610642610262591,0.011547928563118766,0.013608471723247197,0.022292533377886614,0.007309373482787226,0.008365809508007218,0.00531281989683469,0.0030939253201967692,2.741135458945661E-4,0.005820669779297183,9.131168387153085E-4,0.0022064293475705507,0.0047881363317610936,0.001567718550829312,0.005942870500910748,0.001735382762222255,0.009587028320557942,0.0017497099690195487,0.0046439305254888565,0.009067264963387271,0.003553986604310744,0.00824939904363192,0.016452221106946857,8.786687656463151E-4,0.012123742783829715,0.0060159487395481225,8.481016421967791E-4,0.008806605557084013,0.004825996235584734,0.005684980047054512,0.0032822626553674957,0.009146685562252137,0.0040844747505202565,0.006161109268349582,0.012892676171912643,0.006958396243473582,9.518875456671932E-4,5.271029530893754E-4,0.007880064239505649,0.007036738720955308,0.003278886653450556],[8.270068756993602E-4,3.0008071433197626E-4,0.007488885492374877,1.0,8.905045858468008E-4,5.1758261968132715E-5,1.9996839735977819E-4,0.0017295322834599205,4.3601584516184854E-4,8.223515696208252E-5,1.0726051154971741E-4,0.002698422312763062,1.5074060229192096E-4,0.008046214478116133,0.008269563103300992,0.014774080522394957,0.004732632554097392,1.4917407880971816E-4,1.3292992540549757E-4,8.74129712258225E-5,1.600356825927715E-4,0.002380044994983705,2.876015497921059E-4,2.062975859932344E-4,6.571994638963543E-5,2.9305368665626184E-4,0.0012292358421628778,2.637206693177172E-4,9.857343689804478E-5,0.00111519560813802,7.184339909887708E-4,1.4326487807762132E-4,2.8703514984578107E-4,1.115467232174257E-4,0.022698025846543228,1.1135956887378392E-4,0.0072868471200539485,1.203178918055822E-4,1.2902026953619415E-4,1.0992662104432498E-4,1.4461881510771974E-4,1.2043223922120077E-4,0.0010535284747749864,0.0027830452348092454,1.0894063975917421E-4,1.962734011337071E-4,0.0027212520608865497,3.356966600222278E-4,2.651731882806572E-5,1.320948582310798E-4,1.1153650301206818E-4,5.593584690736692E-4,2.4620235972814836E-4],[0.0023854906751345265,0.001989265474333093,0.00839113034531145,8.905045858468008E-4,1.0,7.464186985884696E-4,9.115439617228217E-4,0.002805219855757025,0.002466279141187767,0.0019055184704511532,4.094875691310031E-4,0.0030891523738679257,0.0025429823325408504,0.005334865673981502,0.006385025201700132,0.005863118218446206,0.002882355386608885,6.42456684510893E-4,0.0021486863171787454,0.0015719787697699625,0.0012113998764684733,0.00304284678796988,7.70337716177859E-4,0.002134800149448564,3.7832959201916655E-4,0.0014160227684602235,0.0013626189223468472,0.0011983970126034967,2.6337350653632353E-4,0.0019959430770268988,0.0018714804129319942,0.002073092943929799,0.0014118069329805642,0.002127013910577122,0.040280253304821274,0.0025903700863779047,0.0063080642897380065,0.0019739133910421985,6.64101033593563E-4,0.0026055348098790155,0.002249177194592545,0.0017305256790848252,0.0020636493722160348,0.003220417508134631,0.0014216844823817477,0.0028119628201837546,0.013945647082206341,0.0018220875717719072,0.0012437822015062552,0.001573139422168159,0.001835083304065315,0.0019351102774611767,0.0021986365923624004],[0.0012133495592506656,0.0011592595223164622,7.171401484409297E-4,5.1758261968132715E-5,7.464186985884696E-4,1.0,1.3687329131790657E-4,0.0021836298010215046,2.409068300947818E-4,1.089866944827971E-5,4.3279128961695235E-5,0.001501264720986471,1.874725974309942E-4,0.010479615273006932,0.004471910227697124,0.021271918917825577,0.0012478188563143388,1.9855821327950825E-4,7.184720908165381E-5,5.1858947497109184E-5,8.842559955207003E-5,0.002709202911551663,2.1066281370516512E-4,2.617078732618733E-4,2.314597468469707E-5,1.2826195037773035E-4,0.0011943040398660868,2.7106978799162456E-4,1.6435755420261658E-5,9.487261911024529E-4,5.326169768022481E-4,1.6374565177051063E-4,3.3180283209772115E-4,1.1320155975440738E-4,0.006325557763584217,3.501241626158756E-5,0.006729018896932367,3.633875747456791E-5,1.3793830368996477E-4,9.4995613203887E-5,7.909855976248935E-5,1.1796442355652572E-4,0.0014626652222302207,0.0020694133088884547,1.7835193945995217E-5,0.0020504085443839274,0.01304351387996186,4.961549253096638E-5,1.4003175181111136E-5,1.2971487277455373E-4,5.8178759637193315E-5,0.001351389242937481,8.52615142704912E-4],[0.0015878967609688568,0.0012196761465278821,0.002275054466015256,1.9996839735977819E-4,9.115439617228217E-4,1.3687329131790657E-4,1.0,0.001749590468549755,6.227858450049805E-4,2.0221743833327777E-4,1.1365966187565863E-4,0.0017624968934579286,2.1503567578645027E-4,0.00668631488462502,0.01123708468492513,0.015506433036422813,8.555720980299049E-4,2.1524772117556678E-4,2.1715687026161934E-4,1.362936165171152E-4,2.1611588553589528E-4,0.0011466767460886038,2.2590487953967796E-4,2.564558515261461E-4,1.8743637617150814E-4,4.797799113833048E-4,3.6228305188723255E-4,2.2742920160103214E-4,5.313827630956073E-5,5.950923914367719E-4,8.441125245577813E-4,2.0881822952681137E-4,2.4723729971370294E-4,1.7462161444782082E-4,0.029203029510127695,1.9000826097228672E-4,0.006805868800563684,2.0949748457445164E-4,1.756812125496581E-4,1.4672746910365044E-4,2.2279437149072927E-4,2.022605769138552E-4,3.042329118766448E-4,0.00159761099498543,1.4671781233137362E-4,0.0020387448225817613,0.007259223787276289,9.263776635916143E-4,1.7097617603925903E-5,1.7904437003274116E-4,1.5146353418356496E-4,5.848280274134209E-4,3.3743254880607164E-4],[0.002585636787254743,0.0026902990261888794,0.00907626316890053,0.0017295322834599205,0.002805219855757025,0.0021836298010215046,0.001749590468549755,1.0,0.0030967035480394265,0.002974967874783044,3.141267020743337E-4,0.004153630471162177,0.0031407359632294584,0.007948895093797172,0.007579153213375092,0.012776543591467762,0.0035076205925828915,0.0018685384479813043,0.0013473362584831986,6.990741587294562E-4,6.142475303777315E-4,0.0033237713085966093,9.308794394541326E-4,3.88650261481882E-4,0.0030803235209108408,0.0020979186220826717,0.0025242525421196984,4.488002010980667E-4,4.4826858370655985E-4,0.002735267544221252,0.002044713975239575,0.0020949982200506164,0.0016914199989964268,0.001497414679585439,0.017671405599787526,0.0025695886938665734,0.00752854690989067,0.001024705549960831,0.001047633484943253,0.002762123163483868,7.001007815296022E-4,0.0028474681827382934,0.0028517812079274264,0.003500025947807335,0.0010934022426138967,0.0031698935600686954,0.013965348704213008,0.0015679299051827645,0.0030503191108804148,8.019549188349101E-4,0.002826065106936028,0.002496704207317212,0.0015227477535179933],[0.0015755438069385203,0.001159563355160384,0.010296657953514197,4.3601584516184854E-4,0.002466279141187767,2.409068300947818E-4,6.227858450049805E-4,0.0030967035480394265,1.0,6.404360204459868E-4,7.291408072572405E-5,0.0019284845991715792,3.7320232239705187E-4,0.010799725694031464,0.00127231320816109,0.013000586600191778,0.0016357658819341299,5.920068234253393E-4,2.22079468305153E-4,4.955853705129748E-4,2.520901951583432E-4,0.0020006850678888697,3.7079207286744564E-4,4.309520213881854E-4,4.0234826510539544E-4,6.290240194581414E-4,0.0012463976310765363,5.402158121456068E-4,2.9324871195972167E-4,0.0011591920942386272,8.627080047085914E-4,5.73861614429687E-4,3.838823055937984E-4,1.485914398359711E-4,0.0475895374876745,1.4341197790547554E-4,0.0022318424154821187,1.6230384634793743E-4,3.858462868859047E-4,2.745048164369937E-4,3.578954609935866E-4,5.453419925313292E-4,0.0013726365326090263,0.0010505895624414912,1.2751043284426654E-4,0.0010469992921496199,0.006617505488366611,0.0011250850040520444,1.751619576560134E-4,3.782845232581392E-4,2.613452725409594E-4,7.069263913370118E-4,7.782757314163734E-4],[9.032658765442993E-4,0.0015527805200178015,0.0018304192647852885,8.223515696208252E-5,0.0019055184704511532,1.089866944827971E-5,2.0221743833327777E-4,0.002974967874783044,6.404360204459868E-4,1.0,2.6469644349714468E-5,0.0029676260631016464,1.2454960425244523E-5,0.01099772414167875,0.002445494928481271,0.01565062251470201,0.0038426859423798475,1.965943940259496E-4,2.3025074992805515E-5,3.848929528730896E-5,1.341916830813169E-4,0.0019567240250340915,5.885804325004845E-5,1.833744724897051E-4,1.504750357085766E-5,3.532267987199268E-4,5.138220934862328E-4,1.3835725761103637E-4,1.566816007966726E-5,1.5753568746340656E-4,8.886093656019425E-4,1.329579831346829E-4,3.3063083955598436E-4,1.1418426971236651E-5,0.01258582921680603,1.6892453530840813E-5,0.010513880658061275,4.397102214369775E-5,1.0121112793657535E-4,7.979780715947483E-5,8.589796947373719E-5,1.3116341981282977E-4,0.001787165718036978,0.0015402431211949702,6.223077309435221E-5,0.002776455888138464,0.005384275158936545,3.01639089930158E-4,1.22596176761787E-5,2.6215069273728937E-5,6.686306892105242E-5,9.888822389548884E-4,9.163470648750309E-4],[0.0013613563220649738,9.188309321910679E-4,8.088955869327569E-4,1.0726051154971741E-4,4.094875691310031E-4,4.3279128961695235E-5,1.1365966187565863E-4,3.141267020743337E-4,7.291408072572405E-5,2.6469644349714468E-5,1.0,0.0025139771941859387,1.2816510283529214E-4,0.008194021487231721,0.0031845345080573377,0.007909712221804099,0.0022553279121585207,7.994910301559397E-5,9.956490414288583E-5,7.085487633734519E-5,1.2012154166365322E-4,3.322179540066417E-4,9.331204155132624E-5,2.371417864015634E-4,3.420437652655349E-5,3.744445428089022E-4,8.174339377212521E-4,1.316866996721988E-4,3.1888507530474214E-5,8.264605357632425E-4,4.952898255705481E-4,1.3637529754977474E-4,3.189698044894514E-4,8.531736918356113E-5,0.04493025308096184,7.52508552799602E-5,0.005069422912892785,8.386550458153008E-5,9.76090612937118E-5,1.0047518780900442E-4,1.4804862977041823E-4,1.578498047590445E-4,4.314710607042485E-4,0.0016085021231102095,8.70695558449636E-5,0.00267411797827093,0.0017556692993471606,7.501407584987933E-4,4.8081739028581207E-5,1.1890330685197857E-4,8.004003085191765E-5,0.001353810918847494,5.227866601900355E-4],[0.0025760370493383604,0.004583492887260664,0.005244577710572228,0.002698422312763062,0.0030891523738679257,0.001501264720986471,0.0017624968934579286,0.004153630471162177,0.0019284845991715792,0.0029676260631016464,0.0025139771941859387,1.0,0.0036247526258408195,0.012108776555659867,0.0052072910659918285,0.024702535324324364,0.005069726749319389,0.0011968912455884015,0.002638523566964943,0.0030265128964696505,0.004346594481203302,0.004131565011955055,0.0014691565088738668,5.288412251676338E-4,5.297178315038177E-4,0.0017489774397400869,0.002830296687266938,0.004685136175761556,0.004129109447472201,0.003539092196186861,0.004861457503885202,6.041336716474317E-4,0.0033493072364962273,7.688591343385843E-4,0.04498237760567016,0.004687025893944111,0.007104902265427244,4.098387741369244E-4,2.465328117013384E-4,0.0012035978578081392,0.002957733656777696,0.004409579982213193,0.0044293381458586755,0.004799633798374483,0.0027362658762209277,0.003850945601484289,0.00722732866313551,0.002480704847368636,6.425152487850917E-4,3.990000841224445E-4,0.004450034755269488,0.0040711290604929055,0.002026777675729706],[4.7434132862050546E-4,2.486662229041471E-4,0.005610642610262591,1.5074060229192096E-4,0.0025429823325408504,1.874725974309942E-4,2.1503567578645027E-4,0.0031407359632294584,3.7320232239705187E-4,1.2454960425244523E-5,1.2816510283529214E-4,0.0036247526258408195,1.0,0.0035671146341313227,0.0023615783857493136,0.01596461263189103,9.86577691192774E-4,2.0741870518972943E-4,2.163148499664996E-4,1.456655021107336E-4,2.0759080848800656E-4,0.0017505189894063947,2.7934468200114073E-4,2.1407707537810736E-4,4.56010006329828E-5,4.952743341757594E-4,0.0012238246264613343,2.3332482250804074E-4,6.221526424209114E-5,0.0011333201638657362,5.963249566489312E-4,1.9506963826163275E-4,2.993633588173455E-4,1.2803409694515664E-4,0.040032748509859294,1.2278671753404515E-4,0.007621127841870383,1.829709843269566E-4,1.782032073799703E-4,1.891424772021215E-4,2.119069795389027E-4,1.8525364781493616E-4,2.6977947665352475E-4,3.000781055428986E-4,1.1370297569052061E-4,0.0029041022093126267,0.009201903221444386,0.001015429414745575,1.1319805789718525E-4,1.8846765466205674E-4,1.8897560150142904E-4,4.048108791380216E-4,8.654784818877962E-4],[0.00843062962403047,0.010125649366251722,0.011547928563118766,0.008046214478116133,0.005334865673981502,0.010479615273006932,0.00668631488462502,0.007948895093797172,0.010799725694031464,0.01099772414167875,0.008194021487231721,0.012108776555659867,0.0035671146341313227,1.0,0.013653623748193545,0.02419078510468775,0.008543855639250926,0.006618727636766934,0.006317276299312617,0.009675011743928486,0.00262397285041871,0.005538352854611751,0.0014954242467244026,0.010518070158184921,0.0014290910213500933,0.002114426082892423,0.011229670640160186,9.903778908280016E-4,0.008462733341872747,0.005196092415943083,0.004806586724991646,0.008042092999342977,0.0011318358692650585,0.0012690353920867255,0.015852451940366864,0.002717384791214453,0.01241517577413795,0.00336361746035394,0.01043550203531026,0.0026357900075010677,3.741043200043116E-4,0.010836018978162169,0.0072592552844852765,0.007329138490793381,0.004483839519908991,0.005177098239961828,0.015582497313717487,0.010514472547676398,0.005007049559526645,0.007896302442255948,0.006344106277728887,0.003419652570088302,0.005504935997635358],[0.005388796368989573,0.0018133071470504383,0.013608471723247197,0.008269563103300992,0.006385025201700132,0.004471910227697124,0.01123708468492513,0.007579153213375092,0.00127231320816109,0.002445494928481271,0.0031845345080573377,0.0052072910659918285,0.0023615783857493136,0.013653623748193545,1.0,0.01506646659069365,0.0134184142582318,0.003431248025771333,0.009473918196108384,0.0038344759953302674,0.006044283151359121,0.008698070406370509,0.003818349973923567,0.01325635819927858,0.002694290433750296,0.00942783242512349,0.0043363651941712945,5.369810346201481E-4,0.004649976661565464,0.009345526400886012,0.001948131357794453,0.01181685643795681,0.006989893506628744,0.004646669266725744,0.04308455117099884,0.012180470884296947,0.012653239062617373,9.280088537247282E-4,0.009380260601576006,0.009053165239809827,0.008939164409733375,0.0028120459729298725,0.0134750290312546,0.007668160297385063,0.011651500424059174,0.013503056521612069,0.01557735474853597,0.010830362096201557,0.0010865702137029215,0.0036798805942830737,0.0021044080730886457,0.004371767086293485,0.0015742900410934848],[0.0023340815701340645,0.009756188317763686,0.022292533377886614,0.014774080522394957,0.005863118218446206,0.021271918917825577,0.015506433036422813,0.012776543591467762,0.013000586600191778,0.01565062251470201,0.007909712221804099,0.024702535324324364,0.01596461263189103,0.02419078510468775,0.01506646659069365,1.0,0.010105426292396443,0.011810783102557287,0.008352924928289889,0.013221299202340175,0.00795670660653703,0.019860610019972098,0.013484727747939422,0.019257156330157486,0.0029608380397320444,0.011395863746633733,0.02398199132792066,0.005534254909964916,0.0020792910437905103,0.004640703924338636,0.02522947000254995,0.0024266573206404756,0.023223700719414687,0.010863975926394103,0.027941123380531847,0.002218009273949242,0.019189533247298336,0.021145847776662317,0.009615907179627441,0.006727062237563428,0.0168658262044257,0.009870205659214464,0.004241573693430742,0.02331223633512524,0.02256671535061322,0.007725077844479107,0.026772804404402335,0.015313281970760874,0.009869018837935476,0.012180898297885358,0.023867893415546935,0.023690508668199533,0.01848392915798814],[0.004690056215721201,0.0030038144811201746,0.007309373482787226,0.004732632554097392,0.002882355386608885,0.0012478188563143388,8.555720980299049E-4,0.0035076205925828915,0.0016357658819341299,0.0038426859423798475,0.0022553279121585207,0.005069726749319389,9.86577691192774E-4,0.008543855639250926,0.0134184142582318,0.010105426292396443,1.0,0.0042758030597243,0.0023813579726745457,0.0011679822015455324,0.0038901638439433174,0.004627689758965721,0.003718477361938985,4.122825461684637E-4,0.002772893737631342,0.0010225026381061977,0.004608169264050203,0.004072261806158639,7.114105693372804E-4,0.0033578466371570227,0.00291436073152396,6.319024322880293E-4,0.002897134971732461,3.151691284928594E-4,0.046369918103086584,0.005082512540977477,0.006569791730166155,8.194245942729761E-4,0.002236472725683045,0.0036020957169057336,0.004762521775256986,2.8091941646343337E-4,0.0027341151976241116,0.004168186489123079,0.004196765635210957,0.003769379453869198,0.006285707495713869,0.001392431723432814,0.003937391001464224,0.00110493741556417,0.004044430931030458,0.0031181160137924253,0.0015277347827313405],[6.197023960279054E-4,2.9929045742258274E-4,0.008365809508007218,1.4917407880971816E-4,6.42456684510893E-4,1.9855821327950825E-4,2.1524772117556678E-4,0.0018685384479813043,5.920068234253393E-4,1.965943940259496E-4,7.994910301559397E-5,0.0011968912455884015,2.0741870518972943E-4,0.006618727636766934,0.003431248025771333,0.011810783102557287,0.0042758030597243,1.0,2.0863640176593004E-4,1.9151677170537877E-4,2.1569153402014343E-4,0.0016811603574688248,2.635202727736894E-4,2.1778676919027214E-4,1.810849684380122E-4,2.1155893488038782E-4,2.5860254412213854E-4,2.203477672531816E-4,8.801847245377335E-5,2.445042949861263E-4,0.0010241989248329162,1.9737607491092827E-4,2.129828493588187E-4,1.6836877822439816E-4,0.028749957568279718,1.6281840950484362E-4,0.01089731114097866,1.6559295682984652E-4,1.8486498985185507E-4,1.8837046029034969E-4,2.1863370152918916E-4,2.0281717194859828E-4,9.34759304113563E-4,0.002648931843214572,1.3758905555892996E-4,0.0025823097424882207,0.017948597924628742,4.8016174711803644E-4,1.6992209564106427E-4,1.8969854182284557E-4,1.718425115575244E-4,4.708786266203002E-4,4.711685530010932E-4],[5.728855814580564E-4,0.0012989825844357762,0.00531281989683469,1.3292992540549757E-4,0.0021486863171787454,7.184720908165381E-5,2.1715687026161934E-4,0.0013473362584831986,2.22079468305153E-4,2.3025074992805515E-5,9.956490414288583E-5,0.002638523566964943,2.163148499664996E-4,0.006317276299312617,0.009473918196108384,0.008352924928289889,0.0023813579726745457,2.0863640176593004E-4,1.0,1.6905612743201202E-4,2.2375246574279827E-4,7.502316841046786E-4,2.72405183378992E-4,2.366673505639913E-4,9.068249669590662E-5,5.030672047768884E-4,0.0010666842366917353,2.2494787058707294E-4,9.49564896660251E-5,2.5989925483793235E-4,6.686807508864444E-4,2.1670049078452398E-4,3.171896032659199E-4,2.0434506524037087E-4,0.019092231546812728,1.739042503744133E-4,0.00495564908980639,2.135183333851385E-4,1.923570649548781E-4,1.5382453789846624E-4,2.2463864121604672E-4,2.0478518053064547E-4,2.8309516214507886E-4,0.0013077281141690505,1.4062348473246167E-4,0.0012533071274883226,0.0033179446780869067,7.068995804711905E-4,2.0156266551489145E-4,1.773313276858719E-4,1.7859672097133572E-4,0.0010721596061605094,5.272747738731694E-4],[0.0017492876988190868,0.0012574993667783124,0.0030939253201967692,8.74129712258225E-5,0.0015719787697699625,5.1858947497109184E-5,1.362936165171152E-4,6.990741587294562E-4,4.955853705129748E-4,3.848929528730896E-5,7.085487633734519E-5,0.0030265128964696505,1.456655021107336E-4,0.009675011743928486,0.0038344759953302674,0.013221299202340175,0.0011679822015455324,1.9151677170537877E-4,1.6905612743201202E-4,1.0,8.295068882648092E-5,0.0013439326012925263,1.7728271846378078E-4,2.513224118118507E-4,5.2068831782356917E-5,4.2496344342251273E-4,1.5057662447150622E-4,1.4205933756332364E-4,4.5994585086845875E-5,0.0012504350708476936,8.514879420432697E-5,9.060196811582311E-5,3.353754443235025E-4,8.339808350660974E-5,0.0011360754710541625,1.1105720072458296E-4,7.952848776040929E-4,1.2083739210070636E-4,1.300796171094229E-4,9.203265451367362E-5,1.3440007861112476E-4,9.891690800980478E-5,0.0013315320089739274,0.0031210695584976784,9.834674355739301E-5,0.001466047384963654,0.013076736537599762,1.5406131608700985E-4,2.2232113900678548E-5,1.367110964457477E-4,8.157791200900154E-5,0.0011031324796242417,1.6752951432390074E-4],[8.753910625543215E-4,0.0013933443962400062,2.741135458945661E-4,1.600356825927715E-4,0.0012113998764684733,8.842559955207003E-5,2.1611588553589528E-4,6.142475303777315E-4,2.520901951583432E-4,1.341916830813169E-4,1.2012154166365322E-4,0.004346594481203302,2.0759080848800656E-4,0.00262397285041871,0.006044283151359121,0.00795670660653703,0.0038901638439433174,2.1569153402014343E-4,2.2375246574279827E-4,8.295068882648092E-5,1.0,0.0011602777372529602,2.4675407212921673E-4,2.443331724440874E-4,1.3932185307180227E-4,5.510267979362909E-4,0.0011947987910546462,2.3496816325569277E-4,2.1939164849681708E-4,3.168876254659741E-4,0.0012105746996745569,2.0127229215158855E-4,2.3735877431391156E-4,1.3197410865389963E-4,0.0012323190988713386,1.257852216397571E-4,0.011464006686623156,1.6780851341847348E-4,1.9603347379962098E-4,1.3509271794755017E-4,2.2499476997413193E-4,1.9670259791122868E-4,0.0016597876109545637,4.507359679716879E-4,1.2185464160638838E-4,0.0027797960230521845,9.842595648534057E-4,8.074700291057849E-4,2.2033895939194384E-4,1.9491573035527036E-4,2.1543266238632945E-4,5.007339931828607E-4,5.712115037125286E-4],[0.0019085486055905004,0.001868971169706264,0.005820669779297183,0.002380044994983705,0.00304284678796988,0.002709202911551663,0.0011466767460886038,0.0033237713085966093,0.0020006850678888697,0.0019567240250340915,3.322179540066417E-4,0.004131565011955055,0.0017505189894063947,0.005538352854611751,0.008698070406370509,0.019860610019972098,0.004627689758965721,0.0016811603574688248,7.502316841046786E-4,0.0013439326012925263,0.0011602777372529602,1.0,0.001165471477177446,0.001428429981783776,0.002595425824864867,6.090367431189674E-4,0.002494762765784604,0.0016749583835908063,1.4715975459340982E-4,0.002942675969868139,0.0012603230161250493,0.001938025578507387,0.002539395732964287,0.0016459038775148943,0.040018468608181916,3.7769400316137284E-4,0.00694457720358313,0.0021932813570245987,0.0022212995065914636,0.002043070062516718,0.0013885332856212445,2.5677767070586425E-4,0.0029628342831167966,0.0034768180681370073,7.321613941874194E-4,0.0029919296388490352,0.0051978584435723955,0.002883291424331259,6.228937864596601E-4,0.0010150435517399983,0.0019154070241404334,0.0016292245081290112,0.002362794711481999],[0.0010423994493268542,0.0012542878637636901,9.131168387153085E-4,2.876015497921059E-4,7.70337716177859E-4,2.1066281370516512E-4,2.2590487953967796E-4,9.308794394541326E-4,3.7079207286744564E-4,5.885804325004845E-5,9.331204155132624E-5,0.0014691565088738668,2.7934468200114073E-4,0.0014954242467244026,0.003818349973923567,0.013484727747939422,0.003718477361938985,2.635202727736894E-4,2.72405183378992E-4,1.7728271846378078E-4,2.4675407212921673E-4,0.001165471477177446,1.0,2.900251130464211E-4,5.0016685045332896E-5,5.646086570021249E-4,4.706596840915289E-4,2.8532236972758857E-4,1.7324808655958844E-4,4.5538227923709075E-4,9.277836229292937E-4,2.2427828630654673E-4,2.9957692944593256E-4,1.8399661362234387E-4,0.04114358107978833,1.640967627149876E-4,0.003372594771208373,1.8417244610523253E-4,2.2320418966735356E-4,1.9231551234281453E-4,2.7075184985808236E-4,2.0759403032118764E-4,3.0556876463550626E-4,5.993263929225674E-4,1.6270358646880835E-4,0.0025224453665556273,0.014462164078295309,4.05079853212555E-4,2.063810993529222E-4,2.507754106380642E-4,2.8997535081848574E-4,5.362130465653891E-4,9.659804649970939E-4],[0.0012783289167481247,4.621192313392429E-4,0.0022064293475705507,2.062975859932344E-4,0.002134800149448564,2.617078732618733E-4,2.564558515261461E-4,3.88650261481882E-4,4.309520213881854E-4,1.833744724897051E-4,2.371417864015634E-4,5.288412251676338E-4,2.1407707537810736E-4,0.010518070158184921,0.01325635819927858,0.019257156330157486,4.122825461684637E-4,2.1778676919027214E-4,2.366673505639913E-4,2.513224118118507E-4,2.443331724440874E-4,0.001428429981783776,2.900251130464211E-4,1.0,9.235293641848979E-5,5.379438244296729E-4,0.0012428293306391003,2.779385114838814E-4,2.105191371161835E-4,0.001075284796709497,6.423649606273516E-4,2.14344157261277E-4,3.4079029219891946E-4,2.0751586315442128E-4,0.0014584682444132786,2.2825654359744283E-4,0.010826940651669453,1.3333035410465442E-4,2.678035499248237E-4,2.3376539299228865E-4,2.7511098516253766E-4,1.679535917450916E-4,0.0018841229904736482,0.0019964117413295577,1.9378715424160902E-4,0.0018168079034592854,0.01144594315704286,6.255988624264535E-4,1.9194258883801477E-4,1.9278185888038212E-4,1.985209053307934E-4,0.0015565345948365358,7.335120296963979E-4],[9.995805663950705E-4,6.448857602261651E-4,0.0047881363317610936,6.571994638963543E-5,3.7832959201916655E-4,2.314597468469707E-5,1.8743637617150814E-4,0.0030803235209108408,4.0234826510539544E-4,1.504750357085766E-5,3.420437652655349E-5,5.297178315038177E-4,4.56010006329828E-5,0.0014290910213500933,0.002694290433750296,0.0029608380397320444,0.002772893737631342,1.810849684380122E-4,9.068249669590662E-5,5.2068831782356917E-5,1.3932185307180227E-4,0.002595425824864867,5.0016685045332896E-5,9.235293641848979E-5,1.0,4.1831586073714204E-4,0.0010019030661382528,6.212471913239853E-5,3.1688855173303406E-5,6.118890207407483E-4,6.507218108209795E-4,1.0529509171246844E-4,6.709787718380336E-5,8.509428572595018E-5,0.007721603484321349,4.630099594288277E-5,0.009284548297392376,1.2092604498583742E-4,6.388840912225507E-5,8.66769880459821E-5,1.8677726275004623E-4,7.346916258954581E-5,1.316322364353178E-4,3.0659503242978976E-4,8.227435292459113E-5,0.0023387493541288692,0.011488241919337503,8.885085970246543E-4,2.378969767613074E-5,7.115310444946488E-5,1.0549724192718819E-4,6.437530524966636E-4,6.847824044823447E-4],[7.52209598993246E-4,7.545487055665848E-4,0.001567718550829312,2.9305368665626184E-4,0.0014160227684602235,1.2826195037773035E-4,4.797799113833048E-4,0.0020979186220826717,6.290240194581414E-4,3.532267987199268E-4,3.744445428089022E-4,0.0017489774397400869,4.952743341757594E-4,0.002114426082892423,0.00942783242512349,0.011395863746633733,0.0010225026381061977,2.1155893488038782E-4,5.030672047768884E-4,4.2496344342251273E-4,5.510267979362909E-4,6.090367431189674E-4,5.646086570021249E-4,5.379438244296729E-4,4.1831586073714204E-4,1.0,8.456286267777248E-4,4.914233219460312E-4,9.997917130288706E-5,0.0011538579536905555,6.816947089313044E-4,1.975780978145037E-4,4.30311576383805E-4,1.3512542769539523E-4,0.028690194421013764,4.978623623190157E-4,0.0014116175747451915,5.755013164652214E-4,3.595309381218372E-4,3.68687712061684E-4,2.4410633298962937E-4,4.547885387009862E-4,0.0016445889649713645,0.0015289165798047695,1.0502542002989833E-4,8.820863192853798E-4,0.010976802926884239,9.311648771585673E-4,2.299619597334398E-4,3.639420552466966E-4,4.8699482936979E-4,0.0012875097182006396,6.247195678367023E-4],[0.001801738772036217,0.0013845018006992558,0.005942870500910748,0.0012292358421628778,0.0013626189223468472,0.0011943040398660868,3.6228305188723255E-4,0.0025242525421196984,0.0012463976310765363,5.138220934862328E-4,8.174339377212521E-4,0.002830296687266938,0.0012238246264613343,0.011229670640160186,0.0043363651941712945,0.02398199132792066,0.004608169264050203,2.5860254412213854E-4,0.0010666842366917353,1.5057662447150622E-4,0.0011947987910546462,0.002494762765784604,4.706596840915289E-4,0.0012428293306391003,0.0010019030661382528,8.456286267777248E-4,1.0,6.913281958635906E-4,3.816110500634442E-4,0.0012698063629052597,0.0012651169944201074,9.096350062707936E-4,0.001022789311176566,8.740571494178049E-4,0.01774243561646109,0.0010676776083450416,0.00843426214211704,9.426217240400773E-4,0.0011330764456275505,0.001256687055792439,0.0010969390191214756,1.714832480850059E-4,0.0018654304282952213,0.003392913307513956,4.0862336199004877E-4,0.0014832603846439741,0.0149726352706916,0.0013197770318811605,7.340070813845964E-4,4.418351791762318E-4,0.0010214563203394603,0.001456318624126493,0.0012212221813431188],[0.001279847895844668,8.308410185570668E-4,0.001735382762222255,2.637206693177172E-4,0.0011983970126034967,2.7106978799162456E-4,2.2742920160103214E-4,4.488002010980667E-4,5.402158121456068E-4,1.3835725761103637E-4,1.316866996721988E-4,0.004685136175761556,2.3332482250804074E-4,9.903778908280016E-4,5.369810346201481E-4,0.005534254909964916,0.004072261806158639,2.203477672531816E-4,2.2494787058707294E-4,1.4205933756332364E-4,2.3496816325569277E-4,0.0016749583835908063,2.8532236972758857E-4,2.779385114838814E-4,6.212471913239853E-5,4.914233219460312E-4,6.913281958635906E-4,1.0,5.0383561356222135E-5,0.0011364942436916138,9.279927825769261E-4,1.9751175005606575E-4,3.588213711462025E-4,2.023875396662924E-4,0.020603932669343926,1.7005975987263462E-4,0.012019570924822712,1.4863842115498888E-4,1.6934009480692563E-4,2.697429444022779E-4,2.470945654154072E-4,2.0637431072087302E-4,0.0017325830976890617,0.00284044722928096,2.681278626998758E-4,6.308252507225442E-4,0.003332154585113654,4.246981867977634E-4,2.2313993604983835E-4,2.0345474880031144E-4,1.8052504434080816E-4,0.001551904310285676,8.054981424569878E-4],[0.0015969083633995248,2.3679895370216564E-4,0.009587028320557942,9.857343689804478E-5,2.6337350653632353E-4,1.6435755420261658E-5,5.313827630956073E-5,4.4826858370655985E-4,2.9324871195972167E-4,1.566816007966726E-5,3.1888507530474214E-5,0.004129109447472201,6.221526424209114E-5,0.008462733341872747,0.004649976661565464,0.0020792910437905103,7.114105693372804E-4,8.801847245377335E-5,9.49564896660251E-5,4.5994585086845875E-5,2.1939164849681708E-4,1.4715975459340982E-4,1.7324808655958844E-4,2.105191371161835E-4,3.1688855173303406E-5,9.997917130288706E-5,3.816110500634442E-4,5.0383561356222135E-5,1.0,5.674140477271537E-4,7.400416010725616E-4,2.4636221257880733E-5,1.3896782212065038E-4,2.9937343715435923E-5,0.020999111538808634,2.3537059931851018E-5,0.01029598307445498,3.1488560702528285E-5,7.151940564440232E-5,6.939966829465649E-5,6.833066971477853E-5,1.0816130704780315E-4,0.0013133106685096786,0.002348949456544953,6.995014964321864E-5,0.0013358500184936725,0.017730876275787816,0.0012800336849480413,1.6238711001850534E-5,8.701465000224119E-5,1.0760305678483082E-4,0.00149398412099874,7.183919426895196E-4],[0.0016374883735183216,0.0014166018315133594,0.0017497099690195487,0.00111519560813802,0.0019959430770268988,9.487261911024529E-4,5.950923914367719E-4,0.002735267544221252,0.0011591920942386272,1.5753568746340656E-4,8.264605357632425E-4,0.003539092196186861,0.0011333201638657362,0.005196092415943083,0.009345526400886012,0.004640703924338636,0.0033578466371570227,2.445042949861263E-4,2.5989925483793235E-4,0.0012504350708476936,3.168876254659741E-4,0.002942675969868139,4.5538227923709075E-4,0.001075284796709497,6.118890207407483E-4,0.0011538579536905555,0.0012698063629052597,0.0011364942436916138,5.674140477271537E-4,1.0,0.001267889968783446,6.443098534248818E-4,0.001061526269428559,2.7545627549954656E-4,0.007178350746414154,0.0010615247012850056,0.007067505504920678,0.001276946551910537,0.001173966306837502,0.0011730144305517076,0.0012332628848266702,5.778417884325291E-4,0.0019245843814991882,0.0016573937990181785,9.009342362269316E-4,0.002699051904061006,0.010302306106303321,0.0013353736718131122,0.0011701441860698845,5.662161377315815E-4,5.887357796806405E-4,0.0013925484739802227,0.001254088786764725],[0.0018342601127580961,0.0014972364839318172,0.0046439305254888565,7.184339909887708E-4,0.0018714804129319942,5.326169768022481E-4,8.441125245577813E-4,0.002044713975239575,8.627080047085914E-4,8.886093656019425E-4,4.952898255705481E-4,0.004861457503885202,5.963249566489312E-4,0.004806586724991646,0.001948131357794453,0.02522947000254995,0.00291436073152396,0.0010241989248329162,6.686807508864444E-4,8.514879420432697E-5,0.0012105746996745569,0.0012603230161250493,9.277836229292937E-4,6.423649606273516E-4,6.507218108209795E-4,6.816947089313044E-4,0.0012651169944201074,9.279927825769261E-4,7.400416010725616E-4,0.001267889968783446,1.0,2.1371910774588154E-4,0.0011408067786794142,4.2475684129649675E-4,0.0385000292270687,7.593314539573956E-4,0.011556270966405928,0.0012593504690204173,1.477607130517459E-4,4.669202324789754E-4,5.659495502958727E-4,0.0012290941412651216,0.0015624039592546045,0.002251501838648311,2.6103974069509805E-4,0.0026012825371079197,0.001291348380801247,0.0013106340503328563,2.875020699007443E-4,5.548524753516186E-4,8.40557192850949E-4,0.0013410561976722416,0.0011052107729260829],[0.001172941208555471,0.0012750852198351093,0.009067264963387271,1.4326487807762132E-4,0.002073092943929799,1.6374565177051063E-4,2.0881822952681137E-4,0.0020949982200506164,5.73861614429687E-4,1.329579831346829E-4,1.3637529754977474E-4,6.041336716474317E-4,1.9506963826163275E-4,0.008042092999342977,0.01181685643795681,0.0024266573206404756,6.319024322880293E-4,1.9737607491092827E-4,2.1670049078452398E-4,9.060196811582311E-5,2.0127229215158855E-4,0.001938025578507387,2.2427828630654673E-4,2.14344157261277E-4,1.0529509171246844E-4,1.975780978145037E-4,9.096350062707936E-4,1.9751175005606575E-4,2.4636221257880733E-5,6.443098534248818E-4,2.1371910774588154E-4,1.0,3.35046697294097E-4,1.3684518720202184E-4,0.03334664632308969,1.7897386915589593E-4,0.0035371996216358873,1.3097221261424333E-4,1.7318861910159351E-4,1.6911459310498442E-4,2.1954288113353382E-4,1.7787682680844705E-4,6.971778798378027E-4,0.002935563643978548,1.8438733708899853E-4,0.0011229190599838204,0.0014174451297448165,2.8923059726772006E-4,4.5325370040900046E-5,1.7932008523288717E-4,1.4966582804165304E-4,7.387364384747667E-4,6.335263724937625E-4],[0.001219744534931481,8.254224204883021E-4,0.003553986604310744,2.8703514984578107E-4,0.0014118069329805642,3.3180283209772115E-4,2.4723729971370294E-4,0.0016914199989964268,3.838823055937984E-4,3.3063083955598436E-4,3.189698044894514E-4,0.0033493072364962273,2.993633588173455E-4,0.0011318358692650585,0.006989893506628744,0.023223700719414687,0.002897134971732461,2.129828493588187E-4,3.171896032659199E-4,3.353754443235025E-4,2.3735877431391156E-4,0.002539395732964287,2.9957692944593256E-4,3.4079029219891946E-4,6.709787718380336E-5,4.30311576383805E-4,0.001022789311176566,3.588213711462025E-4,1.3896782212065038E-4,0.001061526269428559,0.0011408067786794142,3.35046697294097E-4,1.0,3.0329535973910176E-4,0.038807312655435695,2.777355306251066E-4,0.0034911127244126707,1.625974774344766E-4,1.81984528409464E-4,2.564568320625618E-4,2.8527423435982773E-4,2.170387225629987E-4,4.6334103131417514E-4,0.0035904499424481147,2.620629337141765E-4,0.001530629789503669,0.013185650496837061,6.822392805403206E-4,1.1880388454856751E-4,2.6340779043805594E-4,3.541576052127543E-4,0.001305086683411655,4.073546529539166E-4],[0.0015898779792806745,2.3723785283608304E-4,0.00824939904363192,1.115467232174257E-4,0.002127013910577122,1.1320155975440738E-4,1.7462161444782082E-4,0.001497414679585439,1.485914398359711E-4,1.1418426971236651E-5,8.531736918356113E-5,7.688591343385843E-4,1.2803409694515664E-4,0.0012690353920867255,0.004646669266725744,0.010863975926394103,3.151691284928594E-4,1.6836877822439816E-4,2.0434506524037087E-4,8.339808350660974E-5,1.3197410865389963E-4,0.0016459038775148943,1.8399661362234387E-4,2.0751586315442128E-4,8.509428572595018E-5,1.3512542769539523E-4,8.740571494178049E-4,2.023875396662924E-4,2.9937343715435923E-5,2.7545627549954656E-4,4.2475684129649675E-4,1.3684518720202184E-4,3.0329535973910176E-4,1.0,0.042346480799285754,1.1386421552670464E-4,0.008988644527661838,1.2157827358041977E-4,1.3530866986064238E-4,1.121704820442369E-4,1.3752989022351665E-4,1.3074630722573454E-4,0.0012125002092071508,0.002205899900494141,1.0385132963299403E-4,0.001312701672224806,0.0019570810046411094,0.0012893996024046443,2.6890042884202186E-5,1.2205987180448217E-4,1.166979629415201E-4,7.90824725332349E-4,5.464592463358296E-4],[0.00734290602763964,0.03282034284193619,0.016452221106946857,0.022698025846543228,0.040280253304821274,0.006325557763584217,0.029203029510127695,0.017671405599787526,0.0475895374876745,0.01258582921680603,0.04493025308096184,0.04498237760567016,0.040032748509859294,0.015852451940366864,0.04308455117099884,0.027941123380531847,0.046369918103086584,0.028749957568279718,0.019092231546812728,0.0011360754710541625,0.0012323190988713386,0.040018468608181916,0.04114358107978833,0.0014584682444132786,0.007721603484321349,0.028690194421013764,0.01774243561646109,0.020603932669343926,0.020999111538808634,0.007178350746414154,0.0385000292270687,0.03334664632308969,0.038807312655435695,0.042346480799285754,1.0,0.0191041200439255,0.04361053857513267,0.006572056146022047,0.04035698451579297,0.011818005695460487,0.02223767414111463,7.574408698933815E-4,0.03673343658340308,0.019186530229281226,0.0232179273911173,0.009343747041053669,0.03991313855060746,0.02951643912502338,0.011188637839736273,0.009910075430064752,0.03168741959328231,0.026177977870783718,0.0027517291630760115],[2.0873160804428818E-4,8.293913182351988E-4,8.786687656463151E-4,1.1135956887378392E-4,0.0025903700863779047,3.501241626158756E-5,1.9000826097228672E-4,0.0025695886938665734,1.4341197790547554E-4,1.6892453530840813E-5,7.52508552799602E-5,0.004687025893944111,1.2278671753404515E-4,0.002717384791214453,0.012180470884296947,0.002218009273949242,0.005082512540977477,1.6281840950484362E-4,1.739042503744133E-4,1.1105720072458296E-4,1.257852216397571E-4,3.7769400316137284E-4,1.640967627149876E-4,2.2825654359744283E-4,4.630099594288277E-5,4.978623623190157E-4,0.0010676776083450416,1.7005975987263462E-4,2.3537059931851018E-5,0.0010615247012850056,7.593314539573956E-4,1.7897386915589593E-4,2.777355306251066E-4,1.1386421552670464E-4,0.0191041200439255,1.0,0.0035946507076571746,1.2311475268118405E-4,1.464528254102268E-4,1.125699911279763E-4,1.6316324402869091E-4,1.265763967111248E-4,0.0011857378972342759,9.772654946181947E-4,1.0957777254257075E-4,0.002779381091213026,0.007798448268