[[1.0,0.0016069239680646633,0.006136811582541974,0.0026389809015917158,0.010001690168499326,0.005578647371548264,0.003261298999543099,0.0027542893418793864,0.00863417732729326,0.010131609869018532,0.00533376247509408,0.009739003843056815,0.004023918902306052,0.007583384909901371,0.01731839795811564,6.560287107380901E-4,0.009975218183219597,0.0062175664208616544,0.008592616659571763,0.005949473377918831,0.0025971692602578707,0.00215542251739104,0.008812379719776029,0.00891382629693386,0.0031943747233682666,0.010179097048884481,0.010081330927313017,6.79682729238653E-4,0.005158738669383987,0.01020408163265306,0.004743423195744324,0.0053588721848344895,0.007690747826860929,0.004031623863038856,0.0010926234712954458,0.01251220182242687,0.003618665393702346,0.00403285130569241,0.0074902029544005305,0.0024607494586419976,0.005615411115107342,0.007517301888751321,0.005114240048766537,0.004301615035486598,0.010194647210616414,0.009678001963705718,0.009044972342440132,0.006829671121344093,0.008340802958089285],[0.0016069239680646633,1.0,6.609290963837783E-4,1.7715926738316585E-4,0.0020739356679634773,8.499109492756906E-5,2.2389514489976213E-4,3.9936812855887366E-4,3.830481163648947E-4,2.0791707755570587E-4,2.866582895333766E-4,3.226809011994021E-4,1.0613744419774918E-4,4.4499738998128526E-4,0.01115667823403434,2.069455634880972E-4,6.995735860652226E-4,1.3246501347144343E-4,1.8038453299331958E-4,3.696125979868566E-5,1.98137454158322E-4,2.075993306075192E-4,3.0596601835907404E-4,2.043703101046188E-4,5.6542669612600254E-5,0.009613576185195667,1.8885030786029274E-4,2.958604814359052E-4,3.80038207244598E-4,0.00692527915714399,1.6918121771124803E-4,5.712886772988503E-5,1.9199019386387524E-4,8.78434180892934E-4,1.8601268112768382E-4,7.034281802738492E-4,3.092232752827139E-4,2.501302457280375E-4,9.459815903769514E-5,3.0744535330248785E-4,5.514289350652611E-4,5.382658356631771E-4,0.00111936593034843,2.4368287702170022E-4,0.0014502835046143765,2.182356284584347E-4,1.9359899634520598E-4,4.148416786231717E-4,1.8859109690385552E-4],[0.006136811582541974,6.609290963837783E-4,1.0,1.4050011945052868E-4,0.001509819156976106,6.805328586661288E-4,3.0317837460216236E-4,9.306665323904015E-4,0.0010151075757768282,6.835978667342611E-4,3.462711034279203E-4,0.002146573579921044,3.4244851254792486E-4,7.96122522566641E-4,0.011742349823088612,0.001025955769851747,0.0011730473985948544,2.262835347268501E-4,7.571356129735423E-4,6.503484116928252E-4,4.6799594697567303E-4,8.656279586953656E-4,0.002146656338130434,4.293764425400677E-4,2.6037068517719087E-4,0.007307658635121225,7.298110680600252E-4,4.6456683186423594E-4,0.0012379196020507086,0.005801763931508764,5.121017590203863E-4,1.577385039419283E-4,6.941269738091441E-4,0.0012476825081514183,6.884391435553641E-4,0.01284535680531282,7.511690359632525E-4,0.0010074212712691268,3.723308802560903E-4,0.0011033953555979322,0.0012720631116321605,0.001071797830184564,0.0018342528667733143,5.954473802911157E-4,0.0021739529974961315,0.0010005203421036266,3.972738052738862E-4,7.145102709575012E-4,4.974556016815589E-4],[0.0026389809015917158,1.7715926738316585E-4,1.4050011945052868E-4,1.0,0.0036854944109665053,2.4316320964764074E-5,8.558204865003575E-5,2.759456359802954E-4,4.7715085677705265E-4,1.813096777532058E-4,2.876503277561596E-4,1.4854106701582388E-4,4.1823279861008915E-5,4.295070364100675E-4,0.0058131599707528896,7.191175465656835E-5,0.0011453049997137876,1.768603889171073E-5,8.688160666397975E-5,1.8711738937951566E-5,1.7441078612001615E-4,5.650713790987097E-5,0.0023305539289283734,1.0751065609132936E-4,2.0337690739759883E-5,0.005563170130489482,2.1233230321405765E-5,3.6806441460546214E-4,8.216718790185479E-4,0.002283199468696239,5.3738743201780384E-5,2.1219208782062237E-5,2.4123362162833498E-5,7.707160495911493E-4,2.2145043610882245E-5,0.008061547273199505,3.6960707592837925E-5,7.082116892713833E-5,2.1393772079533126E-5,8.001640813078035E-4,0.0011750579105631533,6.164444106843627E-5,8.96880416973809E-4,3.6410502136131645E-4,5.743530340428944E-4,7.727835466341092E-5,2.038989732987137E-5,4.2850833946730564E-4,1.4261161238455895E-5],[0.010001690168499326,0.0020739356679634773,0.001509819156976106,0.0036854944109665053,1.0,0.002607310133519237,0.0018836220980719448,6.735179443033419E-4,0.004314934071314893,0.0015314973166089484,0.0031514624642601896,0.003803476790147842,0.0034288015328996263,0.002843930194049364,0.00681543453822544,0.002167569737042664,0.0031801023576932767,0.004398920013962707,0.00495351337113323,0.004611993893211528,0.005290400505448495,0.004558238776304233,0.004894139383033039,0.005115080680759536,0.002456270113067867,0.009729847706310156,0.0037545145763458907,5.587557018651149E-4,0.0028947245366951905,0.008629680409281595,0.0018991599635409884,0.001936449931174171,0.0016748842621556598,0.005253432447847679,0.0036272471367727933,0.01294719191567274,0.0033584818408628077,0.0024898656136932698,3.154342101434583E-4,0.0017590406158458109,0.004516608633716467,0.0024906478415255475,0.003270757911861216,0.003987567670175898,0.004222739620256204,0.0017386199832457598,0.004844445333744388,0.0018316601161421616,7.24785665553307E-4],[0.005578647371548264,8.499109492756906E-5,6.805328586661288E-4,2.4316320964764074E-5,0.002607310133519237,1.0,2.403122791576839E-4,5.8155049621380845E-5,3.087335228409622E-4,5.152114900259809E-5,1.8397349895221977E-4,0.003133961739698632,8.296208978195445E-5,5.462321619062661E-4,0.0127930123706637,8.355411037055412E-5,0.0010881647090056291,1.9689164443758755E-5,9.791782324121006E-5,2.013034204710657E-5,1.2617407007598937E-4,4.355482188766468E-5,0.00197629425244885,1.1668934482129652E-4,2.4242588905820826E-5,0.008224155545018772,2.55109538714364E-5,7.326752204086601E-5,8.067410610026338E-4,0.005376165086032683,1.0586216989628795E-4,2.6489809471815803E-5,2.8056814781630454E-5,4.3540429049509653E-4,1.8341849864725584E-5,0.0015737756519580062,1.222778543062727E-4,1.945678683514438E-4,2.364695672336923E-5,5.944000131878217E-4,9.817099564486417E-4,7.852067482589035E-4,6.416912684924276E-4,1.286566810779245E-4,2.8912438094321293E-4,3.4132226965312746E-5,2.765999778269226E-5,1.7060106765772097E-4,1.741754439223941E-5],[0.003261298999543099,2.2389514489976213E-4,3.0317837460216236E-4,8.558204865003575E-5,0.0018836220980719448,2.403122791576839E-4,1.0,3.8685819130963406E-4,3.872085662449161E-4,2.0841049200113207E-4,2.9163488171690677E-4,0.00152451387496879,2.0205931650808237E-4,2.941530374528235E-4,0.014547869861014135,1.2301889596421387E-4,7.71423217549675E-4,1.442521745982528E-4,2.1901877472360013E-4,7.929938836635268E-5,2.1253461999443037E-4,1.989395176233041E-4,6.843661513468317E-4,2.284971470483507E-4,1.4389356792219197E-4,0.009415732118870496,1.736046826808774E-4,3.7320764790116985E-4,6.517286260378023E-4,0.0074867357733931625,2.0884540521500184E-4,8.208195341603135E-5,9.192645560043973E-5,8.401426043631165E-4,1.6519287095477153E-4,0.0019220287482668045,2.7051533711192256E-4,2.686470652803061E-4,1.7187156527214735E-4,4.6423957853424517E-4,0.0011786343996554505,9.703292470400616E-4,0.001628814093689132,3.171040820592923E-4,0.0018704988708070432,2.2771509844651962E-4,1.1722075284058411E-4,2.9514626724223695E-4,1.1038981113144619E-4],[0.0027542893418793864,3.9936812855887366E-4,9.306665323904015E-4,2.759456359802954E-4,6.735179443033419E-4,5.8155049621380845E-5,3.8685819130963406E-4,1.0,6.484930655591015E-4,5.703863835972985E-4,4.4433577697351463E-4,9.000413612598876E-4,5.833213048399132E-4,6.521530913718559E-4,0.005563198378861298,6.111901993573498E-4,6.786944610045401E-4,4.978309274580863E-4,4.757945886046443E-4,4.7306047444813624E-4,3.653258005997247E-4,1.9357644538247514E-4,0.002066606552004771,4.4235328238364006E-4,4.56846610636752E-4,0.004995147489808632,4.7786221241673835E-4,4.820738213249244E-4,8.984666782606862E-4,0.005250005470688615,4.864721749770743E-4,3.521656421841551E-4,1.0478260023800891E-4,6.781645921512E-4,6.195716408605911E-4,0.010031321469341922,3.9370986976711565E-4,3.0027302516616347E-4,1.8137570485965234E-4,0.0010449552493747686,0.0013564170679941498,8.65626451466005E-4,0.0013398114475273526,5.149957541007863E-4,0.0012380415999230956,5.950308325573674E-4,3.0978924796256453E-4,5.491402814900457E-4,5.777966751015672E-4],[0.00863417732729326,3.830481163648947E-4,0.0010151075757768282,4.7715085677705265E-4,0.004314934071314893,3.087335228409622E-4,3.872085662449161E-4,6.484930655591015E-4,1.0,5.339226380746658E-4,4.205721148619469E-4,9.244821578506934E-4,4.187549801347705E-4,7.053248642747306E-4,0.0019015927917821317,4.330501488744203E-4,0.001092396715058398,5.379501393667276E-4,1.8254292354530428E-4,2.4507518573937205E-4,4.999658269892928E-4,2.7224557431664286E-4,7.032722132428935E-4,4.1747334823574977E-4,5.065444143448525E-4,0.002464018988050423,4.4284378957178534E-4,4.652403201434009E-4,0.001124037423144182,0.003969117042387222,2.853804556365388E-4,2.919212352700248E-4,4.145096014880171E-4,0.001374398641350064,5.680069854595482E-4,0.006837160409792302,5.677873472112265E-4,3.1533067062817913E-4,4.226661629545475E-4,8.653132417589273E-4,7.505885263094252E-4,6.550147172068936E-4,0.0011902492667504024,4.964521887203021E-4,0.002046771056231495,4.5413965707498594E-4,4.330515468165018E-4,5.132660515246155E-4,3.607156071597616E-5],[0.010131609869018532,2.0791707755570587E-4,6.835978667342611E-4,1.813096777532058E-4,0.0015314973166089484,5.152114900259809E-5,2.0841049200113207E-4,5.703863835972985E-4,5.339226380746658E-4,1.0,3.0816153456300643E-4,9.302099119263296E-4,1.0361904442640816E-4,7.187458186898898E-4,0.008334383940507024,1.6943727898354648E-4,6.837030534183931E-4,1.2747879068087135E-4,1.78512158815796E-4,1.661854956240492E-4,1.95469393407905E-4,2.01995093220769E-4,0.0015862570354621924,1.9129182479312674E-4,1.6692290888979016E-4,0.003959188595378477,1.811477828393391E-4,3.8499647319699946E-4,7.644334270366688E-4,0.009757159204602614,1.6457420730167302E-4,3.22241082150766E-5,8.625142961843704E-5,0.0016237235746710372,1.429720407741354E-4,0.005359044453421903,2.4732027377707814E-4,2.2494634114837613E-4,1.3660111129538792E-4,6.829613381167312E-4,0.0010503451461180376,6.298562832634334E-4,0.0011334751312181337,2.7489431605495567E-4,4.2865981022485993E-4,2.1940309544927935E-4,1.6527639366805387E-4,2.32149075237594E-4,4.993136807165998E-5],[0.00533376247509408,2.866582895333766E-4,3.462711034279203E-4,2.876503277561596E-4,0.0031514624642601896,1.8397349895221977E-4,2.9163488171690677E-4,4.4433577697351463E-4,4.205721148619469E-4,3.0816153456300643E-4,1.0,0.001394414434443186,1.7773329680377195E-4,6.445596479212923E-4,0.005652127222508714,2.546139765870121E-4,7.440857823483181E-4,1.7938960790325122E-4,1.712190757335302E-4,1.8183825047698754E-4,3.1552658393319417E-4,2.153191553293766E-4,8.37941720243626E-4,2.843229228138899E-4,2.3140415167641898E-4,0.002355321371001651,9.390521903023918E-5,4.0705994928437765E-4,8.001409506931327E-4,0.007724183342339428,2.5853339344389094E-4,1.8073421944773087E-4,1.6660810668451469E-4,0.0017870325503090102,2.2747966559026755E-4,0.0027069233209021655,3.367657544064126E-4,2.893698331300397E-4,3.25174958743197E-4,8.7252418756856E-4,5.714621641245536E-4,3.951933515290021E-4,6.600821398167699E-4,3.6622410327370714E-4,0.0018681008091334926,3.1720166241867045E-4,2.3632701047014668E-4,4.4131835560829726E-4,1.291490639007868E-4],[0.009739003843056815,3.226809011994021E-4,0.002146573579921044,1.4854106701582388E-4,0.003803476790147842,0.003133961739698632,0.00152451387496879,9.000413612598876E-4,9.244821578506934E-4,9.302099119263296E-4,0.001394414434443186,1.0,0.0015506590731332124,0.002144672197465743,0.006521224928152063,0.0031646881445817872,0.003093250754121067,0.0033434602418229297,0.0012183818363899295,1.4133717933724553E-4,0.0027475125198537457,0.0013420794689055927,0.003241991425449615,0.0031506842833899924,0.0021217242304885945,0.009900363876635457,7.477391529054166E-4,0.002625899684698634,0.0015244418178715377,0.008760026681550544,0.003281062819176724,0.0016102552735718638,0.0016124407304902943,0.002034931009691505,0.002262721732443463,0.00860000192253941,0.0010291676365056274,0.003060722989126498,0.0031247974070664998,0.0022966618213955277,0.0015054023661630587,0.003101591063181239,0.0031060494454048784,8.068476044095951E-4,0.003579066455207195,0.0021836235419401516,7.535496108541693E-4,0.003000734211900052,0.002513892024202591],[0.004023918902306052,1.0613744419774918E-4,3.4244851254792486E-4,4.1823279861008915E-5,0.0034288015328996263,8.296208978195445E-5,2.0205931650808237E-4,5.833213048399132E-4,4.187549801347705E-4,1.0361904442640816E-4,1.7773329680377195E-4,0.0015506590731332124,1.0,1.326190929372829E-4,0.009629837442566201,1.0133832649143698E-4,0.001115270839422801,1.685458043105593E-5,9.230022726057513E-5,4.321799258456868E-5,1.7625744597230079E-4,1.0558616793392447E-4,0.0023625349419522253,1.7729994632985818E-4,7.456401435300571E-5,0.00753748774600883,7.911304651379999E-5,3.3480253929137277E-4,3.801908452169892E-4,0.010137690935324389,8.49110087723023E-5,7.64672805603892E-5,3.750477152559991E-5,5.429452699969374E-4,4.7462317295630444E-5,8.948908782308998E-4,2.9453383639550383E-4,2.486662275230577E-4,3.224412554320623E-5,8.646238849550097E-4,8.38787625653782E-4,0.0010044319022835418,7.92050386608355E-4,3.292958262267257E-4,0.0015767574129478966,1.9083518099057435E-4,6.84063345721173E-5,3.2201590043709537E-4,7.993736932907255E-5],[0.007583384909901371,4.4499738998128526E-4,7.96122522566641E-4,4.295070364100675E-4,0.002843930194049364,5.462321619062661E-4,2.941530374528235E-4,6.521530913718559E-4,7.053248642747306E-4,7.187458186898898E-4,6.445596479212923E-4,0.002144672197465743,1.326190929372829E-4,1.0,0.011128708867949859,2.50413740664749E-4,8.365035339572298E-4,3.9971612900212603E-4,4.6518400098332214E-4,3.829848327773148E-4,1.9954653823326171E-4,3.0941039318223344E-4,0.0023788445422596796,4.5004229410525144E-4,5.192839751744571E-4,0.008198746759926606,8.802656976202619E-5,6.191163278227471E-4,8.99541162973946E-4,0.0028633884332502626,5.401278795286541E-4,1.0448478851217377E-4,4.090056757979249E-4,0.0018120924573424152,2.53928565967042E-4,0.011102277253588293,5.44043297455938E-4,6.100555893657979E-4,1.5335411726262203E-4,0.001092455494647722,9.227783004695502E-4,9.319312207611883E-4,0.001852271413371665,4.966389956472908E-4,0.0032474144965662743,5.464263064233292E-4,2.220349114673954E-4,6.294273111909316E-4,5.906890631288257E-4],[0.01731839795811564,0.01115667823403434,0.011742349823088612,0.0058131599707528896,0.00681543453822544,0.0127930123706637,0.014547869861014135,0.005563198378861298,0.0019015927917821317,0.008334383940507024,0.005652127222508714,0.006521224928152063,0.009629837442566201,0.011128708867949859,1.0,0.01951538067459352,0.0013095228468538121,0.017895773071895403,0.019255355856698433,0.013636466878499771,0.009824814999512235,0.0026032551394099403,0.005921612868214092,0.011954350028792932,0.0038538289212399525,0.01202158204828607,0.008673675814795981,0.015560766670587393,0.00605677570322739,0.01506296090194591,0.014578858381671141,0.017873460647382128,0.017533887765352987,0.011915684822043434,0.018515564930193563,0.01718270806073139,0.007620696299775736,0.008056188182107918,0.013028751125557214,0.015904208272559377,0.016356068413274583,0.0045185586871761205,0.0027507995124935194,0.008460730887471719,0.017459397706564683,0.0045676686683137286,0.003804839061460264,0.01535152691108986,0.019067929994593433],[6.560287107380901E-4,2.069455634880972E-4,0.001025955769851747,7.191175465656835E-5,0.002167569737042664,8.355411037055412E-5,1.2301889596421387E-4,6.111901993573498E-4,4.330501488744203E-4,1.6943727898354648E-4,2.546139765870121E-4,0.0031646881445817872,1.0133832649143698E-4,2.50413740664749E-4,0.01951538067459352,1.0,4.774004231987897E-4,2.304410716752184E-5,1.0468764654195018E-4,9.17476611023991E-5,1.344811296359306E-4,1.645868974890169E-4,0.002280408163367562,1.3479755276157244E-4,2.6989514468290745E-5,0.003889425729574811,5.6994014303240216E-5,1.326837048943151E-4,8.033720406769355E-4,0.0029834684689201115,1.1682336769235324E-4,6.162860217644724E-5,6.938510369815587E-5,4.674740570844749E-4,4.827339494380982E-5,0.007537690945958839,2.2907046405233966E-4,2.1855006620425386E-4,7.809043756510135E-5,9.619476521110765E-4,4.022461643590654E-4,3.421314685773061E-4,0.0014791042834024137,3.1564166597395726E-4,0.002775209221540349,1.7230016307719415E-4,1.0513387311102972E-4,3.1098448113295194E-4,5.68305904957758E-5],[0.009975218183219597,6.995735860652226E-4,0.0011730473985948544,0.0011453049997137876,0.0031801023576932767,0.0010881647090056291,7.71423217549675E-4,6.786944610045401E-4,0.001092396715058398,6.837030534183931E-4,7.440857823483181E-4,0.003093250754121067,0.001115270839422801,8.365035339572298E-4,0.0013095228468538121,4.774004231987897E-4,1.0,7.580108571763625E-4,9.979561135191972E-4,3.030823519717491E-5,8.147406092988081E-4,0.0011205793315945257,0.001909285608581072,2.2903523157698615E-4,2.660879584800781E-4,0.0036937404131700893,1.0475269142183177E-4,0.0011811277761754019,0.0012589466403344987,0.004788719303969369,0.001094814247141915,0.0010631326605810474,3.577053087969402E-4,0.0013020156047956269,0.0010988684197227817,0.005032520559034966,5.701452682182298E-4,4.098673730897768E-4,5.691666168696206E-4,0.0011203189018054002,0.0012635330256347908,0.0010791698081056183,0.001464087097987722,0.0012363973371543493,0.0020981649172542205,4.2339167547695926E-4,0.0010904323724175461,9.837930946165752E-4,2.6880329380606554E-4],[0.0062175664208616544,1.3246501347144343E-4,2.262835347268501E-4,1.768603889171073E-5,0.004398920013962707,1.9689164443758755E-5,1.442521745982528E-4,4.978309274580863E-4,5.379501393667276E-4,1.2747879068087135E-4,1.7938960790325122E-4,0.0033434602418229297,1.685458043105593E-5,3.9971612900212603E-4,0.017895773071895403,2.304410716752184E-5,7.580108571763625E-4,1.0,8.01598160202309E-5,1.5515240837515088E-5,1.3701018137611063E-4,1.681602100307577E-4,0.0018025238380512286,2.6296735385340906E-5,1.584419002566086E-5,0.009560539776814191,1.5849588621551827E-5,1.1882738124155348E-4,1.185541356204175E-4,0.0021806038890766284,1.1357608788281332E-4,1.6534620040348103E-5,2.4565889454896687E-5,0.001253869310709211,1.434775076064821E-5,0.005678330776131491,3.431071184530506E-4,2.5350264135495646E-4,1.7611597659765775E-5,1.8750473658978483E-5,7.775438288490533E-4,4.5362318439770956E-4,5.204257322299934E-4,2.159560979565982E-4,8.159609998285286E-4,2.0333492717464205E-4,1.575224105455023E-5,3.2360306651318087E-4,1.4758726759167353E-5],[0.008592616659571763,1.8038453299331958E-4,7.571356129735423E-4,8.688160666397975E-5,0.00495351337113323,9.791782324121006E-5,2.1901877472360013E-4,4.757945886046443E-4,1.8254292354530428E-4,1.78512158815796E-4,1.712190757335302E-4,0.0012183818363899295,9.230022726057513E-5,4.6518400098332214E-4,0.019255355856698433,1.0468764654195018E-4,9.979561135191972E-4,8.01598160202309E-5,1.0,5.2245828587743786E-5,1.8765555030247964E-4,1.2164008060042535E-4,5.257969719147617E-4,1.1870977843588249E-4,7.06408652965558E-5,0.003342688230267314,3.746286030060338E-5,3.8294601742221385E-4,5.993561268986756E-4,0.0101893433103406,1.118791079760283E-4,4.662182706220277E-5,8.884725595928634E-5,1.496051935749341E-4,9.725327235754083E-5,0.011241862416004476,2.7702102265996333E-4,1.1812138832619094E-4,4.1399820207128617E-5,4.336440670031662E-4,7.964455204088038E-4,4.932063374179545E-4,3.9601428580896274E-4,2.6184363824991786E-4,0.003607410914648491,1.554099289375276E-4,1.8769899992640366E-5,2.1906500832697312E-4,3.0261150088250165E-5],[0.005949473377918831,3.696125979868566E-5,6.503484116928252E-4,1.8711738937951566E-5,0.004611993893211528,2.013034204710657E-5,7.929938836635268E-5,4.7306047444813624E-4,2.4507518573937205E-4,1.661854956240492E-4,1.8183825047698754E-4,1.4133717933724553E-4,4.321799258456868E-5,3.829848327773148E-4,0.013636466878499771,9.17476611023991E-5,3.030823519717491E-5,1.5515240837515088E-5,5.2245828587743786E-5,1.0,1.2655265160600653E-4,8.091699038301488E-5,1.1107957406559985E-4,4.2657862019819615E-5,1.6789805807288952E-5,0.008078271440733965,1.726287993502985E-5,3.6782976162663277E-5,0.0010931505179274954,0.0020919107251895874,4.51448854823167E-5,1.7455094587042623E-5,2.346996001052393E-5,0.0015479062074685484,1.3749327806939855E-5,0.004581197106321692,1.7609680216434392E-4,2.2860642376860336E-4,1.8627422981783455E-5,7.494410629387135E-4,4.404863507404466E-4,7.692750879174637E-4,2.888072262135982E-4,2.749034667456491E-4,0.0026356370791501393,1.1798192355143727E-4,1.6343155498344618E-5,3.019586651314943E-4,1.635636606765404E-5],[0.0025971692602578707,1.98137454158322E-4,4.6799594697567303E-4,1.7441078612001615E-4,0.005290400505448495,1.2617407007598937E-4,2.1253461999443037E-4,3.653258005997247E-4,4.999658269892928E-4,1.95469393407905E-4,3.1552658393319417E-4,0.0027475125198537457,1.7625744597230079E-4,1.9954653823326171E-4,0.009824814999512235,1.344811296359306E-4,8.147406092988081E-4,1.3701018137611063E-4,1.8765555030247964E-4,1.2655265160600653E-4,1.0,1.9168792868293547E-4,2.7953277023195795E-4,1.8891577316886073E-4,9.284686725290794E-5,0.006119890486623419,9.757398720065276E-5,3.456480841847219E-4,6.608565279594251E-4,0.004816718795098517,1.8962283996429627E-4,2.1480582040175443E-5,1.8081413208539626E-4,0.001157427866215691,1.8965555449476832E-4,0.011662402852023192,3.706795958484588E-4,2.385561388719274E-4,1.5026926942473057E-4,2.6090408928286426E-4,9.335670644178046E-4,7.272539776932291E-4,0.0015878233781112196,3.031609767228378E-4,0.0018674931213612449,2.0985367902642398E-4,1.7507148411833362E-4,2.768644519701806E-4,1.8351487638020985E-4],[0.00215542251739104,2.075993306075192E-4,8.656279586953656E-4,5.650713790987097E-5,0.004558238776304233,4.355482188766468E-5,1.989395176233041E-4,1.9357644538247514E-4,2.7224557431664286E-4,2.01995093220769E-4,2.153191553293766E-4,0.0013420794689055927,1.0558616793392447E-4,3.0941039318223344E-4,0.0026032551394099403,1.645868974890169E-4,0.0011205793315945257,1.681602100307577E-4,1.2164008060042535E-4,8.091699038301488E-5,1.9168792868293547E-4,1.0,6.098072711627786E-4,1.8754334997266123E-4,1.801196837746499E-4,0.008101438345207334,8.929415474715551E-5,4.117829538109863E-4,4.09637917031201E-4,0.007294631104487845,1.8963130163226737E-4,3.0912181743453245E-5,3.702679717907519E-5,0.0017246288299118786,1.000071884256897E-4,0.012352258294751652,2.5397382992513974E-4,2.4933389975126337E-4,6.341201629266503E-5,7.807359807785911E-4,4.27755479649741E-4,6.65289919385884E-4,7.642393111297711E-4,2.4307753668492902E-4,0.0036201950333004797,2.2136206244216742E-4,4.956635844334435E-5,3.2112545035204836E-4,1.708094425012443E-5],[0.008812379719776029,3.0596601835907404E-4,0.002146656338130434,0.0023305539289283734,0.004894139383033039,0.00197629425244885,6.843661513468317E-4,0.002066606552004771,7.032722132428935E-4,0.0015862570354621924,8.37941720243626E-4,0.003241991425449615,0.0023625349419522253,0.0023788445422596796,0.005921612868214092,0.002280408163367562,0.001909285608581072,0.0018025238380512286,5.257969719147617E-4,1.1107957406559985E-4,2.7953277023195795E-4,6.098072711627786E-4,1.0,2.1387981752557698E-4,0.002234237476821981,0.007381211558841225,0.0024166570752601458,0.0011415841005041182,0.0017547977500417735,0.009281373360735009,0.0015283761185483286,0.0021788901683158475,0.001340687628303586,0.002180981915677368,0.0022142564615329767,0.01239861434698573,9.967980224849728E-4,6.955579965715404E-4,7.16038964698629E-4,0.0019639892318236386,0.0021928776326179287,0.0024041558905878667,0.002244628576128383,9.450468266188426E-4,0.0031517977664272364,4.370691790453494E-4,0.0016675488745942343,0.0023897365870500595,0.0019654613618190265],[0.00891382629693386,2.043703101046188E-4,4.293764425400677E-4,1.0751065609132936E-4,0.005115080680759536,1.1668934482129652E-4,2.284971470483507E-4,4.4235328238364006E-4,4.1747334823574977E-4,1.9129182479312674E-4,2.843229228138899E-4,0.0031506842833899924,1.7729994632985818E-4,4.5004229410525144E-4,0.011954350028792932,1.3479755276157244E-4,2.2903523157698615E-4,2.6296735385340906E-5,1.1870977843588249E-4,4.2657862019819615E-5,1.8891577316886073E-4,1.8754334997266123E-4,2.1387981752557698E-4,1.0,1.1663435481875452E-4,0.006635729618369277,4.40103428963097E-5,2.3737120948525879E-4,2.669717845962306E-4,0.008871847376866929,1.5317951445932592E-4,2.5569860142047904E-5,1.3079634605927547E-4,0.0018307866976773788,1.765325786421364E-4,0.0070450834942810455,3.521520556554614E-4,2.1135633109426407E-4,4.769111055297235E-5,7.046163850092896E-4,7.816996119049364E-4,6.879526644889962E-4,5.180791990736175E-4,2.3068055299211242E-4,2.0743743957425025E-4,1.9324141888795213E-4,7.76223703317258E-5,4.3138774572725554E-4,1.0589365573681702E-4],[0.0031943747233682666,5.6542669612600254E-5,2.6037068517719087E-4,2.0337690739759883E-5,0.002456270113067867,2.4242588905820826E-5,1.4389356792219197E-4,4.56846610636752E-4,5.065444143448525E-4,1.6692290888979016E-4,2.3140415167641898E-4,0.0021217242304885945,7.456401435300571E-5,5.192839751744571E-4,0.0038538289212399525,2.6989514468290745E-5,2.660879584800781E-4,1.584419002566086E-5,7.06408652965558E-5,1.6789805807288952E-5,9.284686725290794E-5,1.801196837746499E-4,0.002234237476821981,1.1663435481875452E-4,1.0,0.007232168428345873,1.6680285890452963E-5,2.4236262513967578E-5,0.001268621775297903,0.0033211143552062533,9.910217367281558E-5,1.6811437229654197E-5,2.2153989673486482E-5,0.0013933119791882315,1.62950305219212E-5,0.006247372327439751,1.7997809209535154E-4,1.97829751004969E-4,1.817417035540429E-5,0.001100996712142563,6.088012163326582E-4,7.482918092465807E-4,6.144744269180423E-4,8.223984631675616E-5,5.557326023379405E-4,1.0598788948068264E-4,1.6288813087356647E-5,2.0694170481443211E-4,1.564394888601602E-5],[0.010179097048884481,0.009613576185195667,0.007307658635121225,0.005563170130489482,0.009729847706310156,0.008224155545018772,0.009415732118870496,0.004995147489808632,0.002464018988050423,0.003959188595378477,0.002355321371001651,0.009900363876635457,0.00753748774600883,0.008198746759926606,0.01202158204828607,0.003889425729574811,0.0036937404131700893,0.009560539776814191,0.003342688230267314,0.008078271440733965,0.006119890486623419,0.008101438345207334,0.007381211558841225,0.006635729618369277,0.007232168428345873,1.0,2.731191662233551E-4,0.0020228577279189077,0.006363794131686428,0.010111590445516454,0.0028244970695622306,0.002750568542849048,0.009187249034077874,0.004573770965431942,0.009383941618521489,0.013391810897906094,0.004743832995380029,0.00785840598306403,0.0051141474956574616,0.00762825714479083,0.00981903952951435,0.0037159636284868295,0.008956958782129595,0.008746719765669495,0.008531560571395353,0.0057125312291860025,0.005300455736144174,0.004070001134538962,0.009713536364588911],[0.010081330927313017,1.8885030786029274E-4,7.298110680600252E-4,2.1233230321405765E-5,0.0037545145763458907,2.55109538714364E-5,1.736046826808774E-4,4.7786221241673835E-4,4.4284378957178534E-4,1.811477828393391E-4,9.390521903023918E-5,7.477391529054166E-4,7.911304651379999E-5,8.802656976202619E-5,0.008673675814795981,5.6994014303240216E-5,1.0475269142183177E-4,1.5849588621551827E-5,3.746286030060338E-5,1.726287993502985E-5,9.757398720065276E-5,8.929415474715551E-5,0.0024166570752601458,4.40103428963097E-5,1.6680285890452963E-5,2.731191662233551E-4,1.0,4.1627365917178843E-4,9.515672637770114E-4,0.005747579901784044,7.212775849522687E-5,1.6917469390609583E-5,1.935048038010935E-5,0.0011613756863832988,1.5992322561871292E-5,0.004895634545826087,1.2655316538564876E-4,2.949676366890427E-5,1.8605413206580028E-5,0.0010298766515016034,6.646391196113851E-4,6.195437356263183E-4,7.373814457131465E-4,1.3134825117989862E-4,0.0012841275334269217,1.4462632818344924E-4,1.64301557930417E-5,3.632827780831668E-4,1.5956859809447897E-5],[6.79682729238653E-4,2.958604814359052E-4,4.6456683186423594E-4,3.6806441460546214E-4,5.587557018651149E-4,7.326752204086601E-5,3.7320764790116985E-4,4.820738213249244E-4,4.652403201434009E-4,3.8499647319699946E-4,4.0705994928437765E-4,0.002625899684698634,3.3480253929137277E-4,6.191163278227471E-4,0.015560766670587393,1.326837048943151E-4,0.0011811277761754019,1.1882738124155348E-4,3.8294601742221385E-4,3.6782976162663277E-5,3.456480841847219E-4,4.117829538109863E-4,0.0011415841005041182,2.3737120948525879E-4,2.4236262513967578E-5,0.0020228577279189077,4.1627365917178843E-4,1.0,6.394662478910821E-4,0.005796340355717432,2.914525742091754E-4,2.8845539230001595E-4,3.477911524476932E-4,0.0013406392638295158,2.2605980238698688E-4,0.0017154693435589262,4.12465194955483E-4,3.508338678830822E-4,1.331123779003138E-4,8.922565553935815E-4,9.87368198738665E-4,8.73829319964428E-4,0.0015671781101050026,4.0434877635762555E-4,0.0016142223859896222,4.1048571091889904E-4,2.0165113749931837E-4,4.246396256761625E-4,2.989611464342963E-4],[0.005158738669383987,3.80038207244598E-4,0.0012379196020507086,8.216718790185479E-4,0.0028947245366951905,8.067410610026338E-4,6.517286260378023E-4,8.984666782606862E-4,0.001124037423144182,7.644334270366688E-4,8.001409506931327E-4,0.0015244418178715377,3.801908452169892E-4,8.99541162973946E-4,0.00605677570322739,8.033720406769355E-4,0.0012589466403344987,1.185541356204175E-4,5.993561268986756E-4,0.0010931505179274954,6.608565279594251E-4,4.09637917031201E-4,0.0017547977500417735,2.669717845962306E-4,0.001268621775297903,0.006363794131686428,9.515672637770114E-4,6.394662478910821E-4,1.0,0.008751507426534924,9.109785118187293E-4,6.962925927248822E-4,0.001094130253840313,0.001897446863756212,7.585184167391145E-4,0.006978571733998376,7.545715974145582E-4,0.0010390408715955893,6.744059170809966E-4,0.0012340532820477844,0.0013420702626411483,0.001140858353945603,0.0016489934297868342,4.419516822549001E-4,0.002000077623686841,0.0010194228017047814,5.69629414692342E-4,0.0012654505383996538,6.074630919170075E-4],[0.01020408163265306,0.00692527915714399,0.005801763931508764,0.002283199468696239,0.008629680409281595,0.005376165086032683,0.0074867357733931625,0.005250005470688615,0.003969117042387222,0.009757159204602614,0.007724183342339428,0.008760026681550544,0.010137690935324389,0.0028633884332502626,0.01506296090194591,0.0029834684689201115,0.004788719303969369,0.0021806038890766284,0.0101893433103406,0.0020919107251895874,0.004816718795098517,0.007294631104487845,0.009281373360735009,0.008871847376866929,0.0033211143552062533,0.010111590445516454,0.005747579901784044,0.005796340355717432,0.008751507426534924,1.0,0.006331170026338827,8.915674253952168E-5,0.007149764553064675,0.007687239748296307,0.005887309144164347,0.012885260641943095,0.005190848607769766,2.9759957843765916E-4,0.007209851787153349,0.0033974635876259183,0.0025465958006476433,0.0073920374766380924,0.005624114335046857,0.004606430895145728,0.005790408233869997,0.002673546589225284,0.001175982241419361,0.0026547048117709937,0.004892670499092194],[0.004743423195744324,1.6918121771124803E-4,5.121017590203863E-4,5.3738743201780384E-5,0.0018991599635409884,1.0586216989628795E-4,2.0884540521500184E-4,4.864721749770743E-4,2.853804556365388E-4,1.6457420730167302E-4,2.5853339344389094E-4,0.003281062819176724,8.49110087723023E-5,5.401278795286541E-4,0.014578858381671141,1.1682336769235324E-4,0.001094814247141915,1.1357608788281332E-4,1.118791079760283E-4,4.51448854823167E-5,1.8962283996429627E-4,1.8963130163226737E-4,0.0015283761185483286,1.5317951445932592E-4,9.910217367281558E-5,0.0028244970695622306,7.212775849522687E-5,2.914525742091754E-4,9.109785118187293E-4,0.006331170026338827,1.0,4.811427564039368E-5,8.006158285112586E-5,0.0014336053028807434,7.962822092423903E-5,0.006467747706853538,1.6342137393844194E-4,2.1831625297935714E-4,9.055598850557964E-5,0.0010699851369407416,2.652028271192289E-4,7.054040452787733E-4,6.518655565747858E-4,2.70920456845973E-4,0.0012316163788766042,1.812746699753226E-4,2.146227728398513E-5,1.860392397795288E-4,7.989087664861932E-5],[0.0053588721848344895,5.712886772988503E-5,1.577385039419283E-4,2.1219208782062237E-5,0.001936449931174171,2.6489809471815803E-5,8.208195341603135E-5,3.521656421841551E-4,2.919212352700248E-4,3.22241082150766E-5,1.8073421944773087E-4,0.0016102552735718638,7.64672805603892E-5,1.0448478851217377E-4,0.017873460647382128,6.162860217644724E-5,0.0010631326605810474,1.6534620040348103E-5,4.662182706220277E-5,1.7455094587042623E-5,2.1480582040175443E-5,3.0912181743453245E-5,0.0021788901683158475,2.5569860142047904E-5,1.6811437229654197E-5,0.002750568542849048,1.6917469390609583E-5,2.8845539230001595E-4,6.962925927248822E-4,8.915674253952168E-5,4.811427564039368E-5,1.0,2.500489645194111E-5,0.001667467993747282,1.648231001228531E-5,0.001708011397367962,5.655547263176569E-5,2.3484200603544233E-4,1.9131491696010412E-5,8.223548147439405E-4,5.454612261615979E-4,6.293921808114507E-4,3.4742102666251995E-4,2.1025378751263646E-4,0.0012212220500689448,5.480792826860519E-5,1.6274331609710588E-5,1.3168553114852987E-4,1.6484486475632882E-5],[0.007690747826860929,1.9199019386387524E-4,6.941269738091441E-4,2.4123362162833498E-5,0.0016748842621556598,2.8056814781630454E-5,9.192645560043973E-5,1.0478260023800891E-4,4.145096014880171E-4,8.625142961843704E-5,1.6660810668451469E-4,0.0016124407304902943,3.750477152559991E-5,4.090056757979249E-4,0.017533887765352987,6.938510369815587E-5,3.577053087969402E-4,2.4565889454896687E-5,8.884725595928634E-5,2.346996001052393E-5,1.8081413208539626E-4,3.702679717907519E-5,0.001340687628303586,1.3079634605927547E-4,2.2153989673486482E-5,0.009187249034077874,1.935048038010935E-5,3.477911524476932E-4,0.001094130253840313,0.007149764553064675,8.006158285112586E-5,2.500489645194111E-5,1.0,0.0016584095009875826,1.6210454509187806E-5,0.003304947797798726,2.319826588769062E-4,2.7430072514028815E-4,2.6821021733141938E-5,3.4105387573909896E-5,2.3731854102548378E-4,4.5275978369984076E-4,9.976096777948866E-5,1.176629965672505E-4,0.001789440858102665,2.1879365709428754E-4,2.2094209782908837E-5,2.3093397794649183E-4,2.0713536548942845E-5],[0.004031623863038856,8.78434180892934E-4,0.0012476825081514183,7.707160495911493E-4,0.005253432447847679,4.3540429049509653E-4,8.401426043631165E-4,6.781645921512E-4,0.001374398641350064,0.0016237235746710372,0.0017870325503090102,0.002034931009691505,5.429452699969374E-4,0.0018120924573424152,0.011915684822043434,4.674740570844749E-4,0.0013020156047956269,0.001253869310709211,1.496051935749341E-4,0.0015479062074685484,0.001157427866215691,0.0017246288299118786,0.002180981915677368,0.0018307866976773788,0.0013933119791882315,0.004573770965431942,0.0011613756863832988,0.0013406392638295158,0.001897446863756212,0.007687239748296307,0.0014336053028807434,0.001667467993747282,0.0016584095009875826,1.0,4.865590553218043E-4,0.009055784662291554,0.001553815919616979,7.790913221830966E-4,2.1382464305521936E-4,0.0015397621274469398,0.0014845453651583806,0.0015653596263219493,0.001914833832925144,6.479424639175585E-4,0.0019735554787265307,0.0010834486212806592,0.0015388816736566914,0.0018396613901758884,0.0015126374483586768],[0.0010926234712954458,1.8601268112768382E-4,6.884391435553641E-4,2.2145043610882245E-5,0.0036272471367727933,1.8341849864725584E-5,1.6519287095477153E-4,6.195716408605911E-4,5.680069854595482E-4,1.429720407741354E-4,2.2747966559026755E-4,0.002262721732443463,4.7462317295630444E-5,2.53928565967042E-4,0.018515564930193563,4.827339494380982E-5,0.0010988684197227817,1.434775076064821E-5,9.725327235754083E-5,1.3749327806939855E-5,1.8965555449476832E-4,1.000071884256897E-4,0.0022142564615329767,1.765325786421364E-4,1.62950305219212E-5,0.009383941618521489,1.5992322561871292E-5,2.2605980238698688E-4,7.585184167391145E-4,0.005887309144164347,7.962822092423903E-5,1.648231001228531E-5,1.6210454509187806E-5,4.865590553218043E-4,1.0,0.00507931326407703,2.957670372419184E-4,7.877744203410254E-5,1.3794942395320245E-5,1.0529019241712247E-4,9.728415247034998E-4,6.177866975844431E-4,0.0010330713231580984,1.8606260414991664E-4,5.213176372774103E-4,1.662809595763855E-4,1.538441978882605E-5,2.850080392517E-4,1.3872382925487238E-5],[0.01251220182242687,7.034281802738492E-4,0.01284535680531282,0.008061547273199505,0.01294719191567274,0.0015737756519580062,0.0019220287482668045,0.010031321469341922,0.006837160409792302,0.005359044453421903,0.0027069233209021655,0.00860000192253941,8.948908782308998E-4,0.011102277253588293,0.01718270806073139,0.007537690945958839,0.005032520559034966,0.005678330776131491,0.011241862416004476,0.004581197106321692,0.011662402852023192,0.012352258294751652,0.01239861434698573,0.0070450834942810455,0.006247372327439751,0.013391810897906094,0.004895634545826087,0.0017154693435589262,0.006978571733998376,0.012885260641943095,0.006467747706853538,0.001708011397367962,0.003304947797798726,0.009055784662291554,0.00507931326407703,1.0,0.008338341192048857,0.013490421558815559,0.0063612914844424955,0.013693699754278772,0.010844841108862007,0.008642414080159904,0.002951792135910551,0.010334813389147336,0.0050364893945717155,9.061919898492274E-4,0.009722081276589292,0.012161522872395218,0.013557115420807451],[0.003618665393702346,3.092232752827139E-4,7.511690359632525E-4,3.6960707592837925E-5,0.0033584818408628077,1.222778543062727E-4,2.7051533711192256E-4,3.9370986976711565E-4,5.677873472112265E-4,2.4732027377707814E-4,3.367657544064126E-4,0.0010291676365056274,2.9453383639550383E-4,5.44043297455938E-4,0.007620696299775736,2.2907046405233966E-4,5.701452682182298E-4,3.431071184530506E-4,2.7702102265996333E-4,1.7609680216434392E-4,3.706795958484588E-4,2.5397382992513974E-4,9.967980224849728E-4,3.521520556554614E-4,1.7997809209535154E-4,0.004743832995380029,1.2655316538564876E-4,4.12465194955483E-4,7.545715974145582E-4,0.005190848607769766,1.6342137393844194E-4,5.655547263176569E-5,2.319826588769062E-4,0.001553815919616979,2.957670372419184E-4,0.008338341192048857,1.0,3.587896068653974E-4,1.7303436326327555E-4,5.929982474825569E-4,0.0011170245617772648,7.568514268381894E-4,7.743450721318227E-4,3.898927880364246E-4,0.0031741511500523747,3.7224584846497937E-4,2.5144615372629407E-4,4.747869554716781E-4,2.0763747505069175E-4],[0.00403285130569241,2.501302457280375E-4,0.0010074212712691268,7.082116892713833E-5,0.0024898656136932698,1.945678683514438E-4,2.686470652803061E-4,3.0027302516616347E-4,3.1533067062817913E-4,2.2494634114837613E-4,2.893698331300397E-4,0.003060722989126498,2.486662275230577E-4,6.100555893657979E-4,0.008056188182107918,2.1855006620425386E-4,4.098673730897768E-4,2.5350264135495646E-4,1.1812138832619094E-4,2.2860642376860336E-4,2.385561388719274E-4,2.4933389975126337E-4,6.955579965715404E-4,2.1135633109426407E-4,1.97829751004969E-4,0.00785840598306403,2.949676366890427E-5,3.508338678830822E-4,0.0010390408715955893,2.9759957843765916E-4,2.1831625297935714E-4,2.3484200603544233E-4,2.7430072514028815E-4,7.790913221830966E-4,7.877744203410254E-5,0.013490421558815559,3.587896068653974E-4,1.0,1.0662295777893579E-4,6.246391342942631E-4,0.0013014018595101364,7.441304515047836E-4,0.001569729792146877,3.852249033109021E-4,7.593966351221438E-4,2.286397618972275E-4,1.238325684152852E-4,4.178044844998318E-4,1.8583421011563145E-4],[0.0074902029544005305,9.459815903769514E-5,3.723308802560903E-4,2.1393772079533126E-5,3.154342101434583E-4,2.364695672336923E-5,1.7187156527214735E-4,1.8137570485965234E-4,4.226661629545475E-4,1.3660111129538792E-4,3.25174958743197E-4,0.0031247974070664998,3.224412554320623E-5,1.5335411726262203E-4,0.013028751125557214,7.809043756510135E-5,5.691666168696206E-4,1.7611597659765775E-5,4.1399820207128617E-5,1.8627422981783455E-5,1.5026926942473057E-4,6.341201629266503E-5,7.16038964698629E-4,4.769111055297235E-5,1.817417035540429E-5,0.0051141474956574616,1.8605413206580028E-5,1.331123779003138E-4,6.744059170809966E-4,0.007209851787153349,9.055598850557964E-5,1.9131491696010412E-5,2.6821021733141938E-5,2.1382464305521936E-4,1.3794942395320245E-5,0.0063612914844424955,1.7303436326327555E-4,1.0662295777893579E-4,1.0,5.741233240158615E-4,3.6643586663734313E-4,0.0010150106954624485,0.0011893279