[[1.0,0.00433392640135273,0.014345628507815877,0.0031448646905988505,0.014646220048141213,5.961684975603454E-4,0.007735236744932923,0.004548212813984911,0.007559010693163965,0.005425624558354967,0.0012657709409670255,0.013873280502332982,0.013118729260121769,0.010525533754699615,0.004644562901585292,0.012934167104498153,0.004438146052530074,0.0016053492228829936,0.008176476887447456,0.010693944953473361,0.008959226777328666,0.0032827193357180184,0.01352215279701955,0.010957587370102355,0.012954284466181663,0.009851915292941498,0.018514252026370744,0.01076261267654119,0.002395285249217504,0.008672017433172828,0.003316118982601134,0.012861669322890696,0.006044446426371456,0.029418653980837622,0.013522018272232858,0.008327043519748957,0.01387314165858005,0.011284282041013572,0.010306862605557646,0.010241260128749118,0.01871333131514559,0.0050727426933074434,3.671774706915227E-4,0.004107220239686293,5.593435655874522E-4,6.625317188218332E-4,0.004213373373345453],[0.00433392640135273,1.0,0.012044360091767155,3.6780896191371924E-5,0.0036390861389157436,1.8111744654462838E-5,2.552477517879757E-4,5.158023446314614E-4,0.001167453253593244,0.0013475971380651286,8.423695955376637E-5,5.7286494184036E-4,0.001029306932185876,2.009018022843636E-5,1.2869070332124794E-4,1.1129666097219377E-4,2.7148701474422025E-5,1.0081751980090556E-4,2.1058767294728687E-5,0.001925595662889122,9.437315240812757E-5,7.601218186396099E-5,2.1682630566437475E-5,0.0026665607480672185,3.9624101767215766E-4,2.9539267442007294E-5,0.03230270224276728,2.6670519690098017E-5,1.415065138191922E-4,3.1332821039894564E-4,2.003886623959918E-5,0.005858561040584205,4.8771189450227164E-5,0.007151085434244328,1.0276444071873042E-4,8.373678819661093E-4,5.8863164804394045E-5,0.00982469170551557,1.0053549550984096E-4,2.6489938224843597E-5,0.0197791492180566,7.749291876215117E-5,2.7768454000580002E-5,4.922180242689442E-5,1.9737732707332474E-4,2.5638365411950584E-5,3.180013274822504E-4],[0.014345628507815877,0.012044360091767155,1.0,0.007042225551728575,0.01451725850907414,2.1930622840566654E-4,0.010406415020033725,0.003919128008525318,0.006981354202793192,0.004796619193045571,0.005224080913071603,0.011417394818294829,0.013809307284036875,0.012134502833786066,0.013682109560198857,0.0029450056441533983,0.00653066246954408,0.007838229671384783,0.0020972654850930604,0.0034450384298488307,0.011956368824266065,0.00304477121539424,0.011869465204105902,0.010781645272192405,0.014046907462019228,0.005918116632382758,0.01750451573395804,0.002781239470215111,0.00927948759957577,6.449709802066575E-4,0.009178704710418565,0.01200069280907723,0.005559176463158138,0.018953383785416375,9.894255108194353E-4,0.013156917857195444,0.003919237475054425,0.013775724515973344,0.014197133993867291,4.916028951644715E-4,0.020312571408597428,0.010822707410068409,0.012095879430520946,0.00482224562174087,0.007247586723926927,0.005347887505111876,0.011059121739426797],[0.0031448646905988505,3.6780896191371924E-5,0.007042225551728575,1.0,0.005840637366942691,8.890361019686473E-5,1.860351913239728E-4,4.340604394799599E-4,3.205694416382372E-4,6.065456665332154E-4,1.4082151355117786E-4,0.0010511795881323052,5.442263387659331E-4,1.1200432666681233E-4,1.4341338364726096E-4,1.5749626640808737E-4,1.3185064281593937E-4,7.275266199576242E-4,1.9976806657506682E-4,0.0011693509780010812,1.5005373697350542E-4,1.1801916318101167E-4,1.2197332766099887E-4,0.004766035676134009,1.66338872892954E-4,8.139752683392054E-5,0.007936056764268848,1.1223074598120748E-4,1.4852531893360155E-4,1.9111222914858147E-4,1.4345853665054438E-4,0.005155679522000776,1.0950535576454238E-4,0.025277402718144888,1.691470946842622E-4,9.733237033869244E-4,3.722790221357669E-4,0.004474059717332662,1.150115393562846E-4,9.710649331209731E-5,0.0217162380439429,1.3388823944374996E-4,1.2069672000251053E-4,1.3972039661034968E-4,1.81126326236142E-4,1.4139115516990876E-4,4.89498014945068E-4],[0.014646220048141213,0.0036390861389157436,0.01451725850907414,0.005840637366942691,1.0,0.012606341351500018,0.011212936594321262,0.0022415621438992067,0.011114992790457683,0.013524935240545283,0.012713779926608245,0.005838512561827532,0.010227969936076263,0.008842434209607317,0.0038970611946329407,0.014230605830154374,0.014495277199044287,0.0015381298718585576,8.231151762955279E-4,0.0077788613100002405,0.008679109389589377,0.006222931491064878,0.010716293824481617,0.007125577105506587,0.003865309250642511,0.0054556103422383675,0.0354447021664466,0.007343573246294061,0.005601626009753131,0.012206244323960355,0.0046939256198874155,0.01218349497333367,0.012019991467009404,0.01601365949632431,0.0031118030361198985,0.008194725059361209,0.01203553204651784,0.014544443209496207,0.005882957996024387,0.005257059977016795,0.01914730597486083,0.0020496936683794217,0.01354017149076814,0.005251608661240966,0.012602561646358031,0.013008533675231594,0.013259371635858396],[5.961684975603454E-4,1.8111744654462838E-5,2.1930622840566654E-4,8.890361019686473E-5,0.012606341351500018,1.0,5.2848001124783785E-5,5.661310877887398E-4,9.115365985061238E-4,1.3763440978686718E-4,3.0510554881480618E-5,6.194630960260254E-5,8.288381488992411E-4,5.3921919148509265E-5,1.0260817222561717E-4,1.2749134120679275E-4,3.639944113620077E-5,3.8473754415313934E-5,2.0931663367939745E-4,8.068508908247425E-4,1.1901019361682891E-4,3.752159858420898E-5,4.2350217376275325E-5,0.005092969949581125,1.0860903194537936E-4,2.4391874769515797E-5,0.03688530609258901,5.182803287820633E-5,1.3254479156165467E-4,2.3275336694649E-4,2.255903907271502E-5,0.006536159570721071,3.27630868597008E-5,0.0032264443078717183,2.1060052693371538E-4,0.0021034051813706785,6.9221279953307E-4,0.004071500040170382,4.7057361433933686E-5,2.413640839423977E-5,0.020871151478223063,2.3985583994481647E-5,2.842092959437808E-5,2.415888626389855E-5,2.2030907848465296E-4,3.995142587660716E-5,0.001357517020940755],[0.007735236744932923,2.552477517879757E-4,0.010406415020033725,1.860351913239728E-4,0.011212936594321262,5.2848001124783785E-5,1.0,3.892974872964436E-4,5.316090936082129E-4,8.558628674860606E-4,2.4127842727244837E-4,8.164013873844897E-4,0.0022723895491499327,3.1033416184541234E-4,1.7781428095617623E-4,3.3604762377503425E-4,2.526212863155411E-4,6.986976416387502E-4,2.2933568752231157E-4,0.002500429544815117,3.820598050995106E-4,2.226817344710291E-4,2.152416820481218E-4,0.0016970725812157023,4.0732291350853997E-4,2.1485722081007754E-4,0.024024331263845847,1.6657532702666678E-4,3.627778603037128E-4,3.833139306920151E-4,1.9038762397290715E-4,0.01044256471506859,2.6751471055294857E-4,0.019729797709736083,3.6019800227863973E-4,0.0011359290281734117,8.410998839521809E-4,0.009609638415268216,1.6487995696346636E-4,8.835372898906849E-5,0.02775157418354049,3.161632373504448E-4,1.1554367859486448E-4,3.065393620734869E-4,3.146612942132029E-4,1.9420195735424364E-4,4.1806930377876513E-4],[0.004548212813984911,5.158023446314614E-4,0.003919128008525318,4.340604394799599E-4,0.0022415621438992067,5.661310877887398E-4,3.892974872964436E-4,1.0,9.432241958339667E-4,0.001569310715127518,2.4120756374277193E-4,0.0012557823468631706,0.0016445400985664843,6.579183627819967E-4,6.459476291325093E-4,5.988513729533381E-4,1.481197934722565E-4,9.307696803973602E-4,4.952874155709947E-4,0.0016700572090187949,1.7234332556350802E-4,2.5758191223208306E-4,6.487478247249035E-4,0.0020610380447393375,6.003660939118954E-4,4.697777355005715E-4,0.00411402422922257,4.7265829747589915E-4,6.926212120600126E-4,6.601448143581206E-4,4.115661367338944E-4,0.0102589516293971,3.642853334995404E-4,0.0013322094920445596,4.74820234818709E-4,0.002176471995235484,7.499211408331306E-4,0.0076665196643091625,1.503564554442117E-4,6.334740239707458E-4,0.0030796112314953085,5.870409263837949E-4,1.2715738138787005E-4,6.518093164229794E-4,7.052021495514962E-4,2.8932770992939265E-4,0.0014106639851284193],[0.007559010693163965,0.001167453253593244,0.006981354202793192,3.205694416382372E-4,0.011114992790457683,9.115365985061238E-4,5.316090936082129E-4,9.432241958339667E-4,1.0,0.0017428771927545752,0.0010706817090972071,0.0013635263346573597,0.0021082163463530465,9.166352519576063E-4,6.363917549879101E-4,6.086981153990859E-4,8.543362802236916E-5,0.0013155710888519043,8.20576146492293E-4,0.002510430795860791,6.782243358119378E-4,2.089913000821765E-4,2.3181304109038946E-4,0.005714314348798929,5.04954134435503E-4,3.169941687018493E-4,0.004536249294965054,9.035841337238628E-4,1.8687414855938632E-4,5.266209112549912E-4,9.197693955426252E-4,0.0048152743617345525,7.810699801380821E-4,0.011485028114113525,4.628014929610363E-4,0.0017659858301229082,0.0012970548094943806,0.0027279123653016503,4.417847663901965E-4,3.907855990247296E-4,0.00612889927415726,4.214919634159541E-4,0.001255215763787465,7.079035298463687E-4,0.001160764595637906,6.575168405291742E-4,0.0014716479324790332],[0.005425624558354967,0.0013475971380651286,0.004796619193045571,6.065456665332154E-4,0.013524935240545283,1.3763440978686718E-4,8.558628674860606E-4,0.001569310715127518,0.0017428771927545752,1.0,2.7133189393387694E-4,0.0015774952664952661,0.0020436408048676233,1.5279280658309668E-4,0.0014578971291727499,0.001130294168862189,3.166119311491566E-4,0.001052510640819499,0.0014098213646304462,0.0029102092609557136,9.50794436030072E-4,0.0015417772007196187,0.0019327670106029178,0.0026909412368936953,0.0018258858763053893,5.949714353605895E-4,0.024250611781969945,0.0010194682180405049,8.89384205741665E-4,8.563422091850265E-4,0.0017174529202228968,0.006900828230122695,5.177177998659234E-4,0.003548587159801375,8.554176917210876E-4,0.001996594337741402,0.001139627870199588,0.007715784933362919,0.001594925786033339,9.180555975807593E-4,0.021081403158610332,0.001921843883232068,0.001191277101297367,0.0013576618698029287,0.0014504671687326802,1.4820231232274455E-4,0.0019355534761553374],[0.0012657709409670255,8.423695955376637E-5,0.005224080913071603,1.4082151355117786E-4,0.012713779926608245,3.0510554881480618E-5,2.4127842727244837E-4,2.4120756374277193E-4,0.0010706817090972071,2.7133189393387694E-4,1.0,9.084404768172519E-4,0.001074656780756959,1.1585271184733667E-4,1.3468443001777577E-4,1.8813021077969465E-4,6.023310567226503E-5,1.756344774012029E-4,1.327894331733794E-4,0.002549519784248379,1.3335141371641974E-4,1.1514590077797875E-4,1.0016253035009933E-4,0.0028452766211077814,3.699948642817881E-4,1.3113213061161942E-4,0.018343929028504288,1.2386692102744792E-4,1.537220973614914E-4,1.579418208359608E-4,3.129607584571177E-5,0.007195356277514023,1.0958189863336422E-4,0.021886568765945122,1.7366942890963643E-4,0.0016350623583902323,4.897354390256036E-4,0.007502825771803418,1.2960993757805527E-4,8.032788412312797E-5,0.0047581614436056656,1.3059361045182505E-4,4.2201596346080195E-5,1.2964166899026003E-4,1.820056212855824E-4,1.3703421634991215E-4,8.935377832434989E-4],[0.013873280502332982,5.7286494184036E-4,0.011417394818294829,0.0010511795881323052,0.005838512561827532,6.194630960260254E-5,8.164013873844897E-4,0.0012557823468631706,0.0013635263346573597,0.0015774952664952661,9.084404768172519E-4,1.0,0.002145068513812454,6.550079968788899E-4,4.933987852566918E-4,0.0010453625430637955,8.452274740784416E-4,0.0012986787695057843,6.878961199764931E-4,0.0024102977717809265,0.0011548982780190363,7.07361055898248E-4,0.001175029961520877,0.004891953727660917,0.0011255028582364535,8.588613206621562E-4,0.014362164766262397,2.195059770235074E-4,0.0012454517155191022,0.0011266597549100055,0.0012156033178301363,0.00986877047256091,3.0812647251879523E-4,0.0241219333943286,0.0010617703022316111,0.0021080402853579346,0.0013347075867942535,0.0040532790896640105,2.02639290407889E-4,6.997511332299446E-4,0.02222507322447215,6.920394051036908E-4,2.953455003310712E-4,9.254066178156155E-4,0.001378789901852346,4.8037674370229996E-4,0.0015424400827169361],[0.013118729260121769,0.001029306932185876,0.013809307284036875,5.442263387659331E-4,0.010227969936076263,8.288381488992411E-4,0.0022723895491499327,0.0016445400985664843,0.0021082163463530465,0.0020436408048676233,0.001074656780756959,0.002145068513812454,1.0,0.0015454481431606967,0.0023478146607896896,0.0022676414710776313,0.0023308035517606235,0.0012637320103168431,0.001375381822016595,0.0028326333511072394,0.001271758014989935,5.074293367953417E-4,0.0022871637976553585,0.00455542037885477,4.4341309806109075E-4,0.0019851428461993056,0.02532588727471892,0.0012437952067847387,0.002163194258617464,0.0010674254016171847,0.0022444203054027847,0.0040016770458209065,0.0019732579924397176,0.005071639203929229,0.0018781933723060781,0.002794963876990201,0.002035471190093289,0.005722597240306724,0.0018256876528253965,0.0016114516368178526,0.01803737968682103,0.0012243662588509623,0.0018390352541412757,1.7907295306146382E-4,7.532326612219083E-4,0.0020906919387002412,0.001977856291916038],[0.010525533754699615,2.009018022843636E-5,0.012134502833786066,1.1200432666681233E-4,0.008842434209607317,5.3921919148509265E-5,3.1033416184541234E-4,6.579183627819967E-4,9.166352519576063E-4,1.5279280658309668E-4,1.1585271184733667E-4,6.550079968788899E-4,0.0015454481431606967,1.0,7.756116815166231E-5,1.2331283906225198E-4,4.022041246365674E-5,8.864034949470022E-4,1.4579231104188667E-4,0.0010641229652958298,1.492817894924588E-4,9.60779815304975E-5,4.708338469716221E-5,0.001088786747460503,3.916030395784711E-4,3.300333505227799E-5,0.01628909939503197,8.176403078685596E-5,1.250670785530414E-4,1.3048758698990225E-4,3.669531488134577E-5,0.008695760910961286,8.932061966629537E-5,0.00747180144401406,2.1444156756578333E-4,0.0022665305195865657,4.81873365743024E-4,0.011148147883091049,1.0268130903044151E-4,7.157754225846451E-5,0.015366711273480842,9.877788119678256E-5,6.494555182213696E-5,8.309193368151739E-5,2.1540726496006987E-4,8.854262080717953E-5,6.002471771405655E-4],[0.004644562901585292,1.2869070332124794E-4,0.013682109560198857,1.4341338364726096E-4,0.0038970611946329407,1.0260817222561717E-4,1.7781428095617623E-4,6.459476291325093E-4,6.363917549879101E-4,0.0014578971291727499,1.3468443001777577E-4,4.933987852566918E-4,0.0023478146607896896,7.756116815166231E-5,1.0,1.8380400110838E-4,1.2866871189798451E-4,6.103596629335761E-4,1.494717908836366E-4,0.0029102065506434603,1.5381685129635232E-4,1.1960907985306566E-4,1.1198358960384227E-4,0.002984519038465107,1.5507960075353513E-4,7.030825432832803E-5,0.003993929971436401,1.2848673251191953E-4,1.450952723543644E-4,3.164525887894509E-4,7.699172139786265E-5,0.004833566862231036,1.1341301938958805E-4,0.011504536594884615,1.8701700576252654E-4,0.001665185082072443,4.122561906858033E-4,0.0021574733451921423,1.3215279796539715E-4,1.067585022554352E-4,0.007090190872868939,1.345013794752249E-4,7.702396056933833E-5,1.195098117289792E-4,2.28539026950578E-4,1.3879456634353793E-4,0.001101227637329868],[0.012934167104498153,1.1129666097219377E-4,0.0029450056441533983,1.5749626640808737E-4,0.014230605830154374,1.2749134120679275E-4,3.3604762377503425E-4,5.988513729533381E-4,6.086981153990859E-4,0.001130294168862189,1.8813021077969465E-4,0.0010453625430637955,0.0022676414710776313,1.2331283906225198E-4,1.8380400110838E-4,1.0,7.779243209512032E-5,2.337255881742558E-4,2.2579558982236688E-4,0.002345574062765258,1.6413784805814358E-4,1.8126201343056706E-4,5.978201858341741E-5,0.0024702476393316905,2.2042001927319354E-4,1.1157621294029507E-4,0.01386851377767682,1.8745481526306928E-4,1.8401608152337413E-4,3.306850842828104E-4,1.9700860194287026E-4,0.003947209628288507,1.4665511401855294E-4,0.023693577119815713,2.124918158939225E-4,7.586722979714056E-4,8.361002391175005E-4,0.009553074252899686,1.4218752581127958E-4,3.1573109805421575E-5,0.001510938844353936,1.435161136545132E-4,7.415161937116048E-5,2.0216200090036665E-4,2.1234278874878297E-4,1.7724056105366444E-4,0.0014174287843043564],[0.004438146052530074,2.7148701474422025E-5,0.00653066246954408,1.3185064281593937E-4,0.014495277199044287,3.639944113620077E-5,2.526212863155411E-4,1.481197934722565E-4,8.543362802236916E-5,3.166119311491566E-4,6.023310567226503E-5,8.452274740784416E-4,0.0023308035517606235,4.022041246365674E-5,1.2866871189798451E-4,7.779243209512032E-5,1.0,6.402699675599807E-4,5.917310795536801E-5,8.621908661859272E-4,6.419356821448047E-5,6.548937806339234E-5,3.857211763179107E-5,0.0013550031017260347,2.587113521570869E-4,3.670083240145615E-5,0.033912760887473595,9.673009259662826E-5,1.4751817331848486E-4,2.948818290443678E-4,3.172210031766032E-5,0.0056844975101510336,5.445276229697959E-5,0.015256484583564546,1.3405197304788258E-4,0.0012615451188114472,5.798027435511037E-4,0.008003490504069769,8.01497842331601E-5,3.1436299160809225E-5,0.0263291032542355,5.1793233411902515E-5,3.263200037212019E-5,8.745694223425757E-5,2.162139861136144E-4,1.297141834220063E-4,3.881008084346576E-4],[0.0016053492228829936,1.0081751980090556E-4,0.007838229671384783,7.275266199576242E-4,0.0015381298718585576,3.8473754415313934E-5,6.986976416387502E-4,9.307696803973602E-4,0.0013155710888519043,0.001052510640819499,1.756344774012029E-4,0.0012986787695057843,0.0012637320103168431,8.864034949470022E-4,6.103596629335761E-4,2.337255881742558E-4,6.402699675599807E-4,1.0,5.612158025694155E-4,0.0015190926042335337,9.17350006953578E-4,3.2368283789962495E-4,9.65282849891124E-5,0.0028937392466909587,6.31854871259326E-4,4.2008816059913864E-4,0.011927917082417753,9.113557722479167E-4,6.41905145913854E-4,4.3265882199287865E-4,2.912939733834878E-4,0.0017775292559457554,3.2758708469683153E-4,0.025511772606557213,4.8161714194893285E-4,0.0016719400298150387,0.001087735195768639,0.006607907128244324,4.1847786956201506E-4,4.692089351570655E-4,0.016631067004302207,6.325487918927792E-4,3.298263111076516E-4,7.370843436546164E-4,9.224768913857883E-4,4.2363077764782E-4,0.001364343544290732],[0.008176476887447456,2.1058767294728687E-5,0.0020972654850930604,1.9976806657506682E-4,8.231151762955279E-4,2.0931663367939745E-4,2.2933568752231157E-4,4.952874155709947E-4,8.20576146492293E-4,0.0014098213646304462,1.327894331733794E-4,6.878961199764931E-4,0.001375381822016595,1.4579231104188667E-4,1.494717908836366E-4,2.2579558982236688E-4,5.917310795536801E-5,5.612158025694155E-4,1.0,0.0013232363002095076,1.8506726457634688E-4,1.9012897698302773E-4,1.2666975116495773E-4,0.003906484441662506,3.943343132712517E-4,7.242814086209085E-5,0.028983282868119194,2.1328632403259392E-4,1.8709622548437286E-4,2.8135120121656446E-4,1.9276115228034855E-4,0.009109067036455167,1.4110443982368753E-4,0.028107595103791246,2.2376475638385867E-4,0.0027398002249508107,9.731430903601086E-4,0.002688960176746207,1.1381549305839775E-4,9.950563471222332E-5,0.007000922218482905,1.9856301886182125E-4,7.542240880715112E-5,1.0971770975202987E-4,2.3156432910178052E-4,1.6464449147301417E-4,0.0011060866852911615],[0.010693944953473361,0.001925595662889122,0.0034450384298488307,0.0011693509780010812,0.0077788613100002405,8.068508908247425E-4,0.002500429544815117,0.0016700572090187949,0.002510430795860791,0.0029102092609557136,0.002549519784248379,0.0024102977717809265,0.0028326333511072394,0.0010641229652958298,0.0029102065506434603,0.002345574062765258,8.621908661859272E-4,0.0015190926042335337,0.0013232363002095076,1.0,1.9299724150719503E-4,0.002955670878812239,2.6771235479614567E-4,0.004342873147427959,7.662625225257694E-4,0.00269412129478735,0.008719937837579655,0.0026127082369674605,0.0020920001721707786,0.0030108957379375465,5.450776487039178E-4,0.004615471196065693,0.002687915668800165,0.013845077612892245,0.0016490862353539192,0.00307488996777142,0.001419254327031013,0.00789568495301844,0.001016729517456101,4.0229443315140595E-4,0.0034226647738672127,6.866705259048259E-4,0.0021103027371765074,0.0023406499885849515,0.0027535602383713105,0.0024711797818983148,0.00284910702807019],[0.008959226777328666,9.437315240812757E-5,0.011956368824266065,1.5005373697350542E-4,0.008679109389589377,1.1901019361682891E-4,3.820598050995106E-4,1.7234332556350802E-4,6.782243358119378E-4,9.50794436030072E-4,1.3335141371641974E-4,0.0011548982780190363,0.001271758014989935,1.492817894924588E-4,1.5381685129635232E-4,1.6413784805814358E-4,6.419356821448047E-5,9.17350006953578E-4,1.8506726457634688E-4,1.9299724150719503E-4,1.0,1.4683975242478405E-4,7.207911916726063E-5,0.005246601316411114,2.1958238374610918E-4,5.97858612666337E-5,0.034699784842185395,1.2555178580651066E-4,1.5702762092287847E-4,3.535033249343261E-4,1.3759990888267766E-4,0.00559473916259291,1.330052693938546E-4,0.026778415167343646,1.668377309222062E-4,0.001749433405028699,0.00105691365994073,0.00611672258816698,1.2647806267052623E-4,1.45051291870851E-4,0.01843971060674088,1.4314170359836032E-4,3.396856860250861E-5,1.1840729861001839E-4,2.0352416096480733E-4,1.510856337108332E-4,3.983295126146156E-4],[0.0032827193357180184,7.601218186396099E-5,0.00304477121539424,1.1801916318101167E-4,0.006222931491064878,3.752159858420898E-5,2.226817344710291E-4,2.5758191223208306E-4,2.089913000821765E-4,0.0015417772007196187,1.1514590077797875E-4,7.07361055898248E-4,5.074293367953417E-4,9.60779815304975E-5,1.1960907985306566E-4,1.8126201343056706E-4,6.548937806339234E-5,3.2368283789962495E-4,1.9012897698302773E-4,0.002955670878812239,1.4683975242478405E-4,1.0,1.1124106384676807E-4,0.0013123028992351922,3.777635351142162E-4,3.627313913028173E-5,0.01841667013143185,1.1209196827216828E-4,1.4711234140728E-4,1.329517756356941E-4,3.228480406683536E-5,0.004813272205166422,1.1281464076347144E-4,0.012958294862743426,1.7204971969640308E-4,6.00086131900277E-4,0.001007319634295012,0.0036005435234093197,1.1349426063785591E-4,1.0497595514649792E-4,0.01751989733656149,1.149760167059409E-4,8.110491314455528E-5,1.1159166800476706E-4,1.576870466839208E-4,1.1506513409802806E-4,0.0011283176476760421],[0.01352215279701955,2.1682630566437475E-5,0.011869465204105902,1.2197332766099887E-4,0.010716293824481617,4.2350217376275325E-5,2.152416820481218E-4,6.487478247249035E-4,2.3181304109038946E-4,0.0019327670106029178,1.0016253035009933E-4,0.001175029961520877,0.0022871637976553585,4.708338469716221E-5,1.1198358960384227E-4,5.978201858341741E-5,3.857211763179107E-5,9.65282849891124E-5,1.2666975116495773E-4,2.6771235479614567E-4,7.207911916726063E-5,1.1124106384676807E-4,1.0,6.710358932501337E-4,3.777228524703096E-4,3.256075448915539E-5,0.02977332088410107,8.37790194300769E-5,1.0651803331100342E-4,8.486495504998728E-5,4.110458924829889E-5,0.0058453173294713764,8.46590842791849E-5,0.005297431668524118,5.418735977291392E-5,8.796147519733598E-4,5.620087790578709E-4,0.0020294760362115413,9.425366827755819E-5,4.332162731868729E-5,0.013454501943363803,1.2413685666874902E-4,3.487135387764957E-5,4.500614549619906E-5,1.754479264529006E-4,7.222517128376246E-5,5.556884627667289E-4],[0.010957587370102355,0.0026665607480672185,0.010781645272192405,0.004766035676134009,0.007125577105506587,0.005092969949581125,0.0016970725812157023,0.0020610380447393375,0.005714314348798929,0.0026909412368936953,0.0028452766211077814,0.004891953727660917,0.00455542037885477,0.001088786747460503,0.002984519038465107,0.0024702476393316905,0.0013550031017260347,0.0028937392466909587,0.003906484441662506,0.004342873147427959,0.005246601316411114,0.0013123028992351922,6.710358932501337E-4,1.0,0.003874694534287889,4.7774106676018305E-4,0.015022739133953932,0.0027473720017536026,0.00561618965297748,0.005995610529313637,0.00424177689009805,0.00984850532554498,0.005363224902053512,0.030151479059224412,0.0039240093642648865,0.0031697449607152642,0.0047941536970196276,0.006513229438946318,0.004922152541356115,0.0012965776149378686,0.026169229353885597,0.004817454909730152,0.006408073007485301,0.004507728198388643,0.001471309518868173,0.004391760163032804,0.002287346525873887],[0.012954284466181663,3.9624101767215766E-4,0.014046907462019228,1.66338872892954E-4,0.003865309250642511,1.0860903194537936E-4,4.0732291350853997E-4,6.003660939118954E-4,5.04954134435503E-4,0.0018258858763053893,3.699948642817881E-4,0.0011255028582364535,4.4341309806109075E-4,3.916030395784711E-4,1.5507960075353513E-4,2.2042001927319354E-4,2.587113521570869E-4,6.31854871259326E-4,3.943343132712517E-4,7.662625225257694E-4,2.1958238374610918E-4,3.777635351142162E-4,3.777228524703096E-4,0.003874694534287889,1.0,3.5970717582444194E-4,0.019525623941434925,1.7238213118905593E-4,1.6354846973325575E-4,3.9819468551266024E-4,3.10750691126627E-4,0.00881458460576452,3.833649826292748E-4,0.018833481707673298,3.715705000006096E-4,0.0010855634846184663,4.6890343495329116E-4,0.006101265351614481,1.9458362425469632E-4,3.7949785866458433E-4,0.023567340132521764,1.7736256335402478E-4,3.148295056561152E-4,1.273747899235328E-4,3.048787212586674E-4,2.1248458094492816E-4,9.514897820306546E-4],[0.009851915292941498,2.9539267442007294E-5,0.005918116632382758,8.139752683392054E-5,0.0054556103422383675,2.4391874769515797E-5,2.1485722081007754E-4,4.697777355005715E-4,3.169941687018493E-4,5.949714353605895E-4,1.3113213061161942E-4,8.588613206621562E-4,0.0019851428461993056,3.300333505227799E-5,7.030825432832803E-5,1.1157621294029507E-4,3.670083240145615E-5,4.2008816059913864E-4,7.242814086209085E-5,0.00269412129478735,5.97858612666337E-5,3.627313913028173E-5,3.256075448915539E-5,4.7774106676018305E-4,3.5970717582444194E-4,1.0,0.02147837461158877,6.316006428573075E-5,8.011061712271398E-5,3.073103571958124E-5,2.7072355218183363E-5,0.010081799171234248,3.055010028615629E-5,5.518429690443616E-4,1.5449720940426977E-4,0.002888175260171946,4.818331367326807E-4,0.009388419358728592,1.0759500280428422E-4,3.0079652912803688E-5,0.018366826625901486,1.2528324240170365E-4,3.081374922208362E-5,9.033555017090952E-5,1.496542353730292E-4,8.511748802782345E-5,0.001483010708761094],[0.018514252026370744,0.03230270224276728,0.01750451573395804,0.007936056764268848,0.0354447021664466,0.03688530609258901,0.024024331263845847,0.00411402422922257,0.004536249294965054,0.024250611781969945,0.018343929028504288,0.014362164766262397,0.02532588727471892,0.01628909939503197,0.003993929971436401,0.01386851377767682,0.033912760887473595,0.011927917082417753,0.028983282868119194,0.008719937837579655,0.034699784842185395,0.01841667013143185,0.02977332088410107,0.015022739133953932,0.019525623941434925,0.02147837461158877,1.0,0.015111211307371938,0.026185499760683215,0.0056959049318113025,0.03457772874405641,0.011170475552340457,0.021439824100298495,0.03533429516970893,0.0077845363998678176,0.02267687238841265,0.027979969822698313,0.01402346013754719,0.022538347268002447,0.021493536308442616,0.029129694423337956,0.006155773230162819,4.8730438528330107E-4,0.0035910391052277877,0.008354522465561242,0.036113546832973464,0.005588581003088603],[0.01076261267654119,2.6670519690098017E-5,0.002781239470215111,1.1223074598120748E-4,0.007343573246294061,5.182803287820633E-5,1.6657532702666678E-4,4.7265829747589915E-4,9.035841337238628E-4,0.0010194682180405049,1.2386692102744792E-4,2.195059770235074E-4,0.0012437952067847387,8.176403078685596E-5,1.2848673251191953E-4,1.8745481526306928E-4,9.673009259662826E-5,9.113557722479167E-4,2.1328632403259392E-4,0.0026127082369674605,1.2555178580651066E-4,1.1209196827216828E-4,8.37790194300769E-5,0.0027473720017536026,1.7238213118905593E-4,6.316006428573075E-5,0.015111211307371938,1.0,1.3785145293231964E-4,2.938633318969432E-4,9.408851232970154E-5,0.0099015900831038,1.08707944632589E-4,0.018827335615540966,1.5245169610083703E-4,0.002252694661966061,5.054908536784569E-4,0.0012054017553579683,1.1133234519327784E-4,6.140586433130889E-5,0.0032350066804622264,1.1302541524756002E-4,4.722163439896983E-5,1.0950099645162742E-4,1.1455603104549784E-4,1.277896302403187E-4,0.0011890598452867893],[0.002395285249217504,1.415065138191922E-4,0.00927948759957577,1.4852531893360155E-4,0.005601626009753131,1.3254479156165467E-4,3.627778603037128E-4,6.926212120600126E-4,1.8687414855938632E-4,8.89384205741665E-4,1.537220973614914E-4,0.0012454517155191022,0.002163194258617464,1.250670785530414E-4,1.450952723543644E-4,1.8401608152337413E-4,1.4751817331848486E-4,6.41905145913854E-4,1.8709622548437286E-4,0.0020920001721707786,1.5702762092287847E-4,1.4711234140728E-4,1.0651803331100342E-4,0.00561618965297748,1.6354846973325575E-4,8.011061712271398E-5,0.026185499760683215,1.3785145293231964E-4,1.0,2.731040636810274E-4,1.4149140058047219E-4,0.008489532576960057,1.5075325051781743E-4,0.029489129896312187,1.9712242832177392E-4,3.374130897831111E-4,1.617172351370893E-4,0.005124069188470654,1.3964306243267042E-4,1.0497139575630234E-4,0.0073400436123462615,1.3787634668075972E-4,5.0731050331279305E-5,1.1672134592093718E-4,1.636568216788603E-4,1.3976292387594348E-4,2.514109236193261E-4],[0.008672017433172828,3.1332821039894564E-4,6.449709802066575E-4,1.9111222914858147E-4,0.012206244323960355,2.3275336694649E-4,3.833139306920151E-4,6.601448143581206E-4,5.266209112549912E-4,8.563422091850265E-4,1.579418208359608E-4,0.0011266597549100055,0.0010674254016171847,1.3048758698990225E-4,3.164525887894509E-4,3.306850842828104E-4,2.948818290443678E-4,4.3265882199287865E-4,2.8135120121656446E-4,0.0030108957379375465,3.535033249343261E-4,1.329517756356941E-4,8.486495504998728E-5,0.005995610529313637,3.9819468551266024E-4,3.073103571958124E-5,0.0056959049318113025,2.938633318969432E-4,2.731040636810274E-4,1.0,4.27830917540886E-5,0.009217217499643314,2.824005497172315E-4,0.017889839122491,3.1599272431523487E-4,0.0027520258488883172,6.576754176514101E-4,0.005049047620170636,2.297980041356254E-4,3.985006346216927E-5,0.018396778346742887,2.0442291742936702E-4,8.242354901045523E-5,2.7611330310783454E-4,2.614618155076719E-4,1.5421940735080907E-4,0.0014246691346490687],[0.003316118982601134,2.003886623959918E-5,0.009178704710418565,1.4345853665054438E-4,0.0046939256198874155,2.255903907271502E-5,1.9038762397290715E-4,4.115661367338944E-4,9.197693955426252E-4,0.0017174529202228968,3.129607584571177E-5,0.0012156033178301363,0.0022444203054027847,3.669531488134577E-5,7.699172139786265E-5,1.9700860194287026E-4,3.172210031766032E-5,2.912939733834878E-4,1.9276115228034855E-4,5.450776487039178E-4,1.3759990888267766E-4,3.228480406683536E-5,4.110458924829889E-5,0.00424177689009805,3.10750691126627E-4,2.7072355218183363E-5,0.03457772874405641,9.408851232970154E-5,1.4149140058047219E-4,4.27830917540886E-5,1.0,0.010057665487361329,9.493099263621418E-5,0.004000929924729186,1.8433769157427289E-4,4.913633523600664E-4,9.099107394467455E-4,0.0059154694903406045,4.169638622192796E-5,2.601982749560595E-5,0.02121158890312979,9.578120733406338E-5,3.185639487140101E-5,1.0381652210356704E-4,1.3072237311546273E-4,6.477899540835249E-5,0.0011877948979262323],[0.012861669322890696,0.005858561040584205,0.01200069280907723,0.005155679522000776,0.01218349497333367,0.006536159570721071,0.01044256471506859,0.0102589516293971,0.0048152743617345525,0.006900828230122695,0.007195356277514023,0.00986877047256091,0.0040016770458209065,0.008695760910961286,0.004833566862231036,0.003947209628288507,0.0056844975101510336,0.0017775292559457554,0.009109067036455167,0.004615471196065693,0.00559473916259291,0.004813272205166422,0.0058453173294713764,0.00984850532554498,0.00881458460576452,0.010081799171234248,0.011170475552340457,0.0099015900831038,0.008489532576960057,0.009217217499643314,0.010057665487361329,1.0,0.006145995780190788,0.014174449029796558,0.008896536590611024,0.00729258198398794,0.010308393761948819,0.01105155434342145,0.007851500838747093,0.009662646428590046,0.013313099874040309,0.005574119886513279,0.001612142173782637,0.009277182697660515,0.009956839876956973,0.00697522077755122,0.007710733595523269],[0.006044446426371456,4.8771189450227164E-5,0.005559176463158138,1.0950535576454238E-4,0.012019991467009404,3.27630868597008E-5,2.6751471055294857E-4,3.642853334995404E-4,7.810699801380821E-4,5.177177998659234E-4,1.0958189863336422E-4,3.0812647251879523E-4,0.0019732579924397176,8.932061966629537E-5,1.1341301938958805E-4,1.4665511401855294E-4,5.445276229697959E-5,3.2758708469683153E-4,1.4110443982368753E-4,0.002687915668800165,1.330052693938546E-4,1.1281464076347144E-4,8.46590842791849E-5,0.005363224902053512,3.833649826292748E-4,3.055010028615629E-5,0.021439824100298495,1.08707944632589E-4,1.5075325051781743E-4,2.824005497172315E-4,9.493099263621418E-5,0.006145995780190788,1.0,0.028284765475538768,2.2249905731236598E-4,0.0029522937602124992,1.643550629064152E-4,2.2081046732812053E-4,1.0906704082677915E-4,4.20611097624777E-5,0.009117479273143514,1.2178503093565516E-4,8.828532853336125E-5,1.082763164855953E-4,2.3615199328935984E-4,1.2556470979505869E-4,4.817248260776295E-4],[0.029418653980837622,0.007151085434244328,0.018953383785416375,0.025277402718144888,0.01601365949632431,0.0032264443078717183,0.019729797709736083,0.0013322094920445596,0.011485028114113525,0.003548587159801375,0.021886568765945122,0.0241219333943286,0.005071639203929229,0.00747180144401406,0.011504536594884615,0.023693577119815713,0.015256484583564546,0.025511772606557213,0.028107595103791246,0.013845077612892245,0.026778415167343646,0.012958294862743426,0.005297431668524118,0.030151479059224412,0.018833481707673298,5.518429690443616E-4,0.03533429516970893,0.018827335615540966,0.029489129896312187,0.017889839122491,0.004000929924729186,0.014174449029796558,0.028284765475538768,1.0,0.003590789696742674,0.02134931125915575,0.029605503877699408,0.012179810790415501,0.0034452299299694913,0.030478232885103422,0.030902728877511117,0.019547797202669432,0.0011824061327907168,0.017964682781668847,0.02504798631860236,0.0027173299542870046,0.005882468327281054],[0.013522018272232858,1.0276444071873042E-4,9.894255108194353E-4,1.691470946842622E-4,0.0031118030361198985,2.1060052693371538E-4,3.6019800227863973E-4,4.74820234818709E-4,4.628014929610363E-4,8.554176917210876E-4,1.7366942890963643E-4,0.0010617703022316111,0.0018781933723060781,2.1444156756578333E-4,1.8701700576252654E-4,2.124918158939225E-4,1.3405197304788258E-4,4.8161714194893285E-4,2.2376475638385867E-4,0.0016490862353539192,1.668377309222062E-4,1.7204971969640308E-4,5.418735977291392E-5,0.0039240093642648865,3.715705000006096E-4,1.5449720940426977E-4,0.0077845363998678176,1.5245169610083703E-4,1.9712242832177392E-4,3.1599272431523487E-4,1.8433769157427289E-4,0.008896536590611024,2.2249905731236598E-4,0.003590789696742674,1.0,6.225586928347091E-4,2.6649666924267773E-4,0.004054971013712206,1.469936988766751E-4,8.664523236296106E-5,0.024931790862518025,2.1430070388793134E-4,2.123293721696391E-4,1.621025626487941E-4,2.3578147543028104E-4,1.405856187423557E-4,0.0014471663448278713],[0.008327043519748957,8.373678819661093E-4,0.013156917857195444,9.733237033869244E-4,0.008194725059361209,0.0021034051813706785,0.0011359290281734117,0.002176471995235484,0.0017659858301229082,0.001996594337741402,0.0016350623583902323,0.0021080402853579346,0.002794963876990201,0.0022665305195865657,0.001665185082072443,7.586722979714056E-4,0.0012615451188114472,0.0016719400298150387,0.0027398002249508107,0.00307488996777142,0.001749433405028699,6.00086131900277E-4,8.796147519733598E-4,0.0031697449607152642,0.0010855634846184663,0.002888175260171946,0.02267687238841265,0.002252694661966061,3.374130897831111E-4,0.0027520258488883172,4.913633523600664E-4,0.00729258198398794,0.0029522937602124992,0.02134931125915575,6.225586928347091E-4,1.0,0.001903305499331715,0.008335044635724705,0.001002247627951501,5.156667330446425E-4,0.004177010339335496,5.490031752641968E-4,0.0028103859261268097,7.159251473787865E-4,3.7506487011638285E-4,5.923460874037532E-4,0.0023191216153167],[0.01387314165858005,5.8863164804394045E-5,0.003919237475054425,3.722790221357669E-4,0.01203553204651784,6.9221279953307E-4,8.410998839521809E-4,7.499211408331306E-4,0.0012970548094943806,0.001139627870199588,4.897354390256036E-4,0.0013347075867942535,0.002035471190093289,4.81873365743024E-4,4.122561906858033E-4,8.361002391175005E-4,5.798027435511037E-4,0.001087735195768639,9.731430903601086E-4,0.001419254327031013,0.00105691365994073,0.001007319634295012,5.620087790578709E-4,0.0047941536970196276,4.6890343495329116E-4,4.818331367326807E-4,0.027979969822698313,5.054908536784569E-4,1.617172351370893E-4,6.576754176514101E-4,9.099107394467455E-4,0.010308393761948819,1.643550629064152E-4,0.029605503877699408,2.6649666924267773E-4,0.001903305499331715,1.0,0.010238490411790521,8.966272480367673E-4,5.082614203245517E-4,0.006304026613079841,9.5763902071587E-4,3.930426617796899E-5,9.277455572807206E-4,9.259341288504727E-4,3.0464703842104256E-4,0.0011742515228234606],[0.011284282041013572,0.00982469170551557,0.013775724515973344,0.004474059717332662,0.014544443209496207,0.004071500040170382,0.009609638415268216,0.0076665196643091625,0.0027279123653016503,0.007715784933362919,0.007502825771803418,0.0040532790896640105,0.005722597240306724,0.011148147883091049,0.0021574733451921423,0.009553074252899686,0.008003490504069769,0.006607907128244324,0.002688960176746207,0.00789568495301844,0.00611672258816698,0.0036005435234093197,0.0020294760362115413,0.006513229438946318,0.006101265351614481,0.009388419358728592,0.01402346013754719,0.0012054017553579683,0.005124069188470654,0.005049047620170636,0.0059154694903406045,0.01105155434342145,2.2081046732812053E-4,0.012179810790415501,0.004054971013712206,0.008335044635724705,0.010238490411790521,1.0,0.008956274697976897,0.005980973440513916,0.022399651205968884,0.009621416724547752,0.009719298031782547,0.010748048905638047,0.009770915604674982,0.004220048750226594,0.006052801882121651],[0.010306862605557646,1.0053549550984096E-4,0.014197133993867291,1.150115393562846E-4,0.005882957996024387,4.7057361433933686E-5,1.6487995696346636E-4,1.503564554442117E-4,4.417847663901965E-4,0.001594925786033339,1.2960993757805527E-4,2.02639290407889E-4,0.0018256876528253965,1.0268130903044151E-4,1.3215279796539715E-4,1.4218752581127958E-4,8.01497842331601E-5,4.1847786956201506E-4,1.1381549305839775E-4,0.001016729517456101,1.2647806267052623E-4,1.1349426063785591E-4,9.425366827755819E-5,0.004922152541356115,1.9458362425469632E-4,1.0759500280428422E-4,0.022538347268002447,1.1133234519327784E-4,1.3964306243267042E-4,2.297980041356254E-4,4.169638622192796E-5,0.007851500838747093,1.0906704082677915E-4,0.0034452299299694913,1.469936988766751E-4,0.001002247627951501,8.966272480367673E-4,0.008956274697976897,1.0,4.636428777853793E-5,2.4130128846573364E-4,1.1847267523726581E-4,1.0955197610407765E-4,1.1204445706431984E-4,2.0472202648272748E-4,1.1515970477293322E-4,6.769448814559477E-4],[0.010241260128749118,2.6489938224843597E-5,4.916028951644715E-4,9.710649331209731E-5,0.005257059977016795,2.413640839423977E-5,8.835372898906849E-5,6.334740239707458E-4,3.907855990247296E-4,9.180555975807593E-4,8.032788412312797E-5,6.997511332299446E-4,0.0016114516368178526,7.157754225846451E-5,1.067585022554352E-4,3.1573109805421575E-5,3.1436299160809225E-5,4.692089351570655E-4,9.950563471222332E-5,4.0229443315140595E-4,1.45051291870851E-4,1.0497595514649792E-4,4.332162731868729E-5,0.0012965776149378686,3.7949785866458433E-4,3.0079652912803688E-5,0.021493536308442616,6.140586433130889E-5,1.0497139575630234E-4,3.985006346216927E-5,2.601982749560595E-5,0.009662646428590046,4.20611097624777E-5,0.030478232885103422,8.664523236296106E-5,5.156667330446425E-4,5.082614203245517E-4,0.005980973440513916,4.636428777853793E-5,1.0,0.011820891045290206,5.825772284715207E-5,3.1757389217138616E-5,4.3514810365790934E-5,1.3315469316984213E-4,4.44283297715765E-5,1.2797725984655384E-4],[0.01871333131514559,0.0197791492180566,0.020312571408597428,0.0217162380439429,0.01914730597486083,0.020871151478223063,0.02775157418354049,0.0030796112314953085,0.00612889927415726,0.021081403158610332,0.0047581614436056656,0.02222507322447215,0.01803737968682103,0.015366711273480842,0.007090190872868939,0.001510938844353936,0.0263291032542355,0.016631067004302207,0.007000922218482905,0.0034226647738672127,0.01843971060674088,0.01751989733656149,0.013454501943363803,0.026169229353885597,0.023567340132521764,0.018366826625901486,0.029129694423337956,0.0032350066804622264,0.0073400436123462615,0.018396778346742887,0.02121158890312979,0.013313099874040309,0.