[[1.0,0.0036366782812251013,8.652905407136539E-4,0.0026466124853316768,1.1179424157401801E-4,9.194409090163308E-4,1.2396976048145052E-4,2.1766845454573082E-4,0.020611481728067375,9.994700050667382E-4,2.835803922826803E-4,3.218772695643599E-4,0.043658361796016024,5.817355265606594E-4,3.0189019607041655E-4,1.3099123426004938E-4,1.2754614732452322E-4,1.0861388752212197E-4,2.6343263434813584E-4,1.1382562514961063E-4,4.065333844944683E-4,1.3534258554669289E-4,0.0018417824508203165,1.0437191876725011E-4,2.6115501089468354E-4,4.290272346790885E-4,1.4959944129653598E-4,1.0988589762557409E-4,2.1656963920426095E-4,6.265574491330282E-4,3.677147630586451E-4,1.0526985455543807E-4,0.008686316920632948,1.784115692007431E-4,1.1350625972067005E-4,6.641429322352858E-5,1.5109387820965825E-4,1.1154388779522622E-4,0.009510833301764228,1.4011185837567422E-4,0.040648733827451426,1.0999428464028609E-4,2.8999784688210563E-4,1.767016279013753E-5,0.029061317140964243,1.1156978592214696E-4,0.001640007542941936,1.0360597556363679E-4,0.03282814334235364,6.195879221689711E-4,0.001634594014800697],[0.0036366782812251013,1.0,0.003906523921377237,0.011653993910639867,0.003859130190013701,0.0016329236468291077,0.002253688548085956,0.0016227617239986925,0.0279296196309218,0.0037433045288851104,0.003365426486999966,0.00314800070106722,0.04021301000641586,0.002833501668484377,0.0038421388420965853,8.114316635336957E-4,9.126764355862578E-4,0.0023231401817848103,7.980037271404658E-4,8.963820191038657E-4,0.0028884701926789294,0.0022402139835851933,0.004027726769795076,0.001700843157233653,4.599958972065389E-4,0.0035449435429771876,0.0035921867895161645,0.003696360591702981,0.003637500742635239,0.0022742142331932556,0.00242446531044901,5.682629116466241E-4,0.008804630382762284,0.0020709980555247056,0.0023534605506935324,1.7514358617118193E-4,0.0015492343999833674,0.003446157772742741,0.010205590938675074,0.00237213385373306,0.05299939376197446,0.0033955770510016876,0.0021979317099008727,5.044861385771488E-4,0.01801309654200576,0.003132276858642211,0.003798127254602314,8.698030004518451E-4,0.007453038250201605,0.0038952574496403927,0.004000567045468032],[8.652905407136539E-4,0.003906523921377237,1.0,0.0274360231175262,6.15475490630404E-4,0.0013584506761657662,0.00128320915522078,6.422550452773697E-4,0.027431339757302862,0.0023867119500408777,0.0015227907972148007,0.0018119476451861221,0.0022113074395839873,0.002428280607537369,0.0016522681992279483,0.0016613695842957854,9.781965320831687E-4,7.212890308585227E-4,0.0016821315909372283,1.450138376452107E-4,0.0016073461150988271,0.0015604112890147208,0.0018532863057985562,6.226847439830983E-4,0.0012402902033681153,0.0017050054054348136,4.298098226546324E-4,0.0016789569247014993,0.0019135830772462488,0.001522704377236616,0.0017013757520446292,0.0013150503837002893,0.007406491709680555,0.0014332365613626903,7.42691238431521E-4,0.0011500693670099093,6.202189604677186E-4,0.001369365229165897,0.004657626283036603,7.318535658059018E-4,0.006939464273288565,4.32863873831146E-4,9.431068973343795E-4,8.831639303839604E-4,0.008227213626688112,8.283746976981297E-4,0.001994860476652715,4.449897353223522E-4,0.025546817368089017,0.0017728232973346887,0.0020687410723872475],[0.0026466124853316768,0.011653993910639867,0.0274360231175262,1.0,0.006087955444419392,0.02322042953124154,0.03332240308786181,0.014966058324030675,0.04136281940481805,0.01864453457980514,0.010528951682026638,0.006259089124431065,0.039698672313226414,0.006935795683216537,0.0045400407788818015,5.179477415019288E-4,0.013536587896607813,0.0323265713342465,9.286663871936885E-4,0.004670147168747262,0.033649214592121855,0.028447436201797877,0.01640484350325357,0.0179534132450986,0.034088670525054314,0.009405952221323484,0.0019683335563124953,0.023506204167046935,0.022758303531686935,0.03111426574709905,0.008425139546087259,0.014064001216013878,0.02690401254367373,0.006301660474396991,0.020340247810989556,0.004317228466641435,0.03049609837846698,0.019941156308591515,0.03191549217033994,0.010402895544458324,0.04089389197936858,0.03095860081343458,0.011949692922442983,0.032129850323846555,0.03375873069817511,0.017636199673492302,0.016858917743885593,0.019975106646763566,0.035083613281628415,0.012598567265228833,0.024866171897399383],[1.1179424157401801E-4,0.003859130190013701,6.15475490630404E-4,0.006087955444419392,1.0,8.263139107435454E-4,1.6754913862431037E-4,2.317727494551779E-4,0.007703152607297185,0.0018796263286931661,9.431918237722481E-4,0.0011106552996886284,0.025910904347066343,0.0013093715805827498,0.0011568099551438902,1.5426971288568845E-4,1.4126549022290893E-4,1.395410897470331E-4,2.536673517331855E-4,1.3315286904043403E-4,5.09018770667526E-4,1.5355892006741232E-4,0.002710370067307816,1.3277662647041957E-4,2.4933199264885324E-4,0.001248267070509995,1.646343077981175E-4,1.3508456588755602E-4,3.9549987258644234E-4,2.6291114689114405E-4,0.0013190951542467729,1.261337978569113E-4,0.006351032040714665,7.527685107113191E-4,1.3927936461353578E-4,8.265011342907976E-5,1.6131585362771697E-4,1.3493856017200153E-4,0.022015178582036492,3.057951876132877E-4,0.04645507084019755,1.130694109153995E-4,2.844274087583163E-4,3.015006210865872E-5,0.02443694371793743,1.3664141186787342E-4,0.002051189291250685,6.196315590976901E-5,0.034021199839227724,0.001159111894530338,6.450884435615823E-4],[9.194409090163308E-4,0.0016329236468291077,0.0013584506761657662,0.02322042953124154,8.263139107435454E-4,1.0,7.613808668854841E-4,0.0010520471789386054,0.04361113946692831,0.002668026147491759,0.0012299755049873986,0.001783220690806332,0.02156149850797577,0.0014685205851377313,0.0012479659973849487,2.589458029855729E-4,9.784712680426738E-4,0.0011359321287002409,0.00108857980295532,0.0010089110468978737,0.001112092122254171,0.0010999899071713732,0.0018978143105567906,6.506479361167458E-4,0.001013889543419621,0.0011614750014324103,3.59565861144252E-4,5.242492520569057E-4,0.0012286625530737295,0.0011147098442583394,0.0014176440272391764,2.6442150558115315E-4,0.008464825843133782,0.0011180771536746612,7.372370407739261E-4,2.2534270612613246E-4,5.08588613693722E-4,8.662536442103904E-4,0.0025156479301663382,0.0010190629737478938,0.028067468051587087,7.87377943871054E-4,4.560703434455818E-4,7.773090676207408E-4,0.024284408661149032,9.675685747446744E-4,0.0013998167755462274,0.0010482691365831993,0.03091025086014874,0.001987060855844075,0.001158382092234852],[1.2396976048145052E-4,0.002253688548085956,0.00128320915522078,0.03332240308786181,1.6754913862431037E-4,7.613808668854841E-4,1.0,2.5515993705806447E-4,0.03765657717281495,0.0013646288306632568,8.312640057811779E-4,0.0014494129288014008,0.001660433677781149,7.53205924531009E-4,0.0010441383611633876,1.6461088894940447E-4,1.4251575406409007E-4,1.6106554437519586E-4,3.167256636216576E-4,1.712479424401619E-4,2.3005541854988838E-4,1.6263482896142036E-4,0.0024161362350677827,1.5455937568086765E-4,2.0212812214942614E-4,0.0012475309452292195,1.7348478563423563E-4,1.5398810709274334E-4,0.002196656855267005,1.8421556945794434E-4,8.81125992687283E-4,1.3884624464659024E-4,0.005262463364534321,4.643137630044276E-4,1.7269703938955233E-4,8.6322816931017E-5,1.721706464797996E-4,1.1892083453967362E-4,0.014027702440367832,4.274475231613786E-4,0.03363247853702606,1.5294735770277795E-4,2.584900195848892E-4,6.358329621731171E-5,0.02023259014906011,1.6336518207940934E-4,3.166055531799463E-4,9.8860765153397E-5,0.013935636548103016,1.78626793739019E-4,0.001197445051820211],[2.1766845454573082E-4,0.0016227617239986925,6.422550452773697E-4,0.014966058324030675,2.317727494551779E-4,0.0010520471789386054,2.5515993705806447E-4,1.0,0.05024822598290159,7.582341389187799E-4,0.0010931351131845078,9.112316491068876E-4,0.006368282301128652,4.993157676110092E-4,2.74172920625144E-4,1.8429413293259803E-4,1.6805031499579428E-4,1.1362058020260548E-4,3.659599992850331E-4,1.7848091486752694E-4,3.6320022944709635E-4,1.598710929324935E-4,0.0018037412851992652,1.9458961526520798E-4,2.9595576994586464E-4,6.201265694044365E-4,2.0695119064304698E-4,2.2875684895393448E-4,0.0015881076609061387,4.572516791476295E-4,0.0012257694072471395,1.0551812122075928E-4,0.005283337176735104,4.7278801857591747E-4,2.4794932439585655E-4,8.620596726367194E-5,1.7216379948091227E-4,2.2567909702864383E-4,0.010345301974733531,3.2385837563948214E-4,0.01160277897757652,1.4361299236105742E-4,2.6976286321115007E-4,1.1936211472269796E-4,0.021040855025486655,2.2342280241073175E-4,0.0015051249097934524,8.517482237698923E-5,0.006242572391832803,0.0013787018188849008,0.0020615759394954363],[0.020611481728067375,0.0279296196309218,0.027431339757302862,0.04136281940481805,0.007703152607297185,0.04361113946692831,0.03765657717281495,0.05024822598290159,1.0,0.03068641561158918,0.03430945625881494,0.013729745037758593,0.05481447551537947,0.03718723033346174,0.007527396490992742,0.03012671233377173,0.05160798945000594,0.04344774292987869,5.73018395842695E-4,0.043571210118924925,0.03506640265563599,0.0394621404249089,0.005820992802999951,0.012230964471893575,0.006607066250621252,0.05033629359377251,0.033382681354139104,0.04374608897886634,0.010972999265731417,0.008433721219176226,0.016083866202722404,0.025800620354012073,0.030133416308883068,0.0019859498144782967,0.04839559606656634,0.005926548292633807,0.02405238885022113,0.0023524307257884337,0.048105633290547706,0.048733330136729085,0.058159783011663364,0.019159280200804086,0.018016950171080657,0.010196172445665081,0.04314454408611164,0.04256094651369906,0.010605502149582717,0.02758339098403934,0.048273196129870216,0.0247562608646513,0.002316930137974176],[9.994700050667382E-4,0.0037433045288851104,0.0023867119500408777,0.01864453457980514,0.0018796263286931661,0.002668026147491759,0.0013646288306632568,7.582341389187799E-4,0.03068641561158918,1.0,0.0017972045514338421,0.00234156090897102,0.026713349679194247,0.0027641673578745964,0.0012759751220242969,0.0016097171087963498,1.5205418744813887E-4,0.002461713868493187,0.001236613748428422,0.0024324107597402506,0.001286958323696112,0.0019402364759418728,0.003305079239921815,0.002360230208220237,0.0028763403227331967,0.0020965289265702717,7.456499370134536E-4,0.0023647379415450433,0.002748467833281649,0.002854850941333053,0.002142089549596146,0.002327822452589771,0.009641713210546085,0.0026098672449170546,5.552498638907609E-4,1.8519494438656677E-4,6.659277654433723E-4,0.0019947674403248575,0.013109814070726594,0.0013146063494208708,0.02883427972751858,0.0014537070771911934,9.929941717021266E-4,0.0011288673877942678,0.01655593701047938,5.818173441521331E-4,0.002781778097928013,0.0020483569531481965,0.028382434236858788,0.0025005573957529123,0.0028099073272478785],[2.835803922826803E-4,0.003365426486999966,0.0015227907972148007,0.010528951682026638,9.431918237722481E-4,0.0012299755049873986,8.312640057811779E-4,0.0010931351131845078,0.03430945625881494,0.0017972045514338421,1.0,0.001423895094251904,0.028670403024493307,0.0024382092844100357,0.0012753913116051608,9.115413866671125E-4,0.0010344932883793198,6.235058964455364E-4,0.0010299210700652284,7.421801495074886E-4,7.06620812140897E-4,6.108018872142199E-4,0.002967279468973221,1.910661694382418E-4,9.252707241453563E-4,0.0013465584668741442,0.0010681226497562088,0.0012413593993025004,0.0020853312468666336,0.0011591829665313744,0.0013209268243164869,8.058547931251618E-4,0.007884314135911147,0.0012203238044255838,0.00110700945487428,5.183190585307141E-4,3.519002501927925E-4,0.001214721545469468,0.012343634951431528,8.590840877776592E-4,0.055796134302792344,0.001277615586407703,8.323721188255945E-4,7.81312136774075E-4,0.015736191293237584,8.293540904289014E-4,0.0016126894022191682,1.5410730661509237E-4,0.003717573098878382,0.0018902803692837258,0.0021233312723730703],[3.218772695643599E-4,0.00314800070106722,0.0018119476451861221,0.006259089124431065,0.0011106552996886284,0.001783220690806332,0.0014494129288014008,9.112316491068876E-4,0.013729745037758593,0.00234156090897102,0.001423895094251904,1.0,0.023196138685785062,0.002042255062930334,0.0018218972443572851,2.9678759473855904E-4,0.0014302658708500021,0.0014996693976384462,7.619156100229092E-4,0.0014145255209244444,0.0013450945097561364,0.0012058193352421898,0.002810613580519859,0.0016152728104559437,0.0014458587780239673,0.0017581535472573485,0.0012862394843133006,4.491050829232732E-4,0.0020171038257187444,0.0014683354322161742,0.001615841082012155,0.0012915703382504078,0.004444491786105977,0.001667968098862303,0.0012745728631606867,7.108038258201893E-4,8.89080101717469E-4,5.596405677710668E-4,0.02186460123449991,0.0016896659596748668,0.008753527019132,5.028950259690693E-4,0.0010789989095970425,0.0015209081915134983,0.019990677980838027,0.0013936211718494152,0.0021550277626652967,3.809658854670394E-5,0.006568403510355045,0.0019441653508211318,0.002055899245919837],[0.043658361796016024,0.04021301000641586,0.0022113074395839873,0.039698672313226414,0.025910904347066343,0.02156149850797577,0.001660433677781149,0.006368282301128652,0.05481447551537947,0.026713349679194247,0.028670403024493307,0.023196138685785062,1.0,0.014505292044594782,0.01895015976987838,0.04091861547884621,0.041508535656497994,0.003675247441302658,0.014463890861554767,0.032144298476348365,0.04295914866182732,0.028946605246064797,0.003401637736894197,0.02301684861008329,0.017041982508899198,0.02990892420842084,0.02331130289163837,0.02087516559473112,0.043778390280740764,0.024132216426815536,0.013418498301266605,0.032346026197513145,0.02361145865401871,0.03265329454277925,0.00958540303338332,0.01692527651417205,0.015824497559066696,0.033810051577613104,0.040836259635721614,0.005836374501802977,0.04845433874022527,0.005150872890208814,0.013367969970110544,0.014528566399591155,0.03263119007123778,0.016181475763063037,0.030242769459377244,0.011464872971291663,0.0366792928095875,0.013099987807920495,0.03351885845552003],[5.817355265606594E-4,0.002833501668484377,0.002428280607537369,0.006935795683216537,0.0013093715805827498,0.0014685205851377313,7.53205924531009E-4,4.993157676110092E-4,0.03718723033346174,0.0027641673578745964,0.0024382092844100357,0.002042255062930334,0.014505292044594782,1.0,0.0023048703190230056,0.001498285275891287,8.106074667326601E-4,0.0013896216243747819,0.0012339646318238876,4.1306922729464313E-4,0.001015266965563125,3.5402725202818655E-4,0.0030497759441464583,2.960198690681949E-4,0.001954472901678608,0.0017022914089773675,6.230945547191421E-4,0.0016865218226331453,0.00234318115351193,0.0010884855680862262,0.0019841600138981287,3.5981186916443517E-4,0.008762412323393413,0.0012413614087809434,5.63711830776542E-4,0.002326076468819868,5.7321421518435E-4,0.0021971278519202675,0.022749500693442667,6.462242658961888E-4,0.05208722976948059,6.101831567168441E-4,0.0014143233730963254,9.845181297202555E-5,0.025624794481235134,3.297783566484897E-4,0.002571359589081041,0.001806023250996935,0.03200441095561878,0.0023044238285888146,0.002293805700379722],[3.0189019607041655E-4,0.0038421388420965853,0.0016522681992279483,0.0045400407788818015,0.0011568099551438902,0.0012479659973849487,0.0010441383611633876,2.74172920625144E-4,0.007527396490992742,0.0012759751220242969,0.0012753913116051608,0.0018218972443572851,0.01895015976987838,0.0023048703190230056,1.0,9.760762987220354E-4,2.2830618927776355E-4,8.835788434934661E-4,7.067160947084588E-4,0.0011026317584891883,0.0011233931724421995,6.237588256129112E-4,0.002643012592178965,0.001235853817392658,0.001246347835792244,0.00135271333268514,0.0012032778529398765,9.736998009206973E-4,0.0014006281651617288,0.0010884801904923937,0.0013412088388933912,7.110295657554777E-4,0.0014703206443658608,0.001122441121074737,6.371417126794317E-4,0.0011841677440269634,3.8145110565925423E-4,9.58542548635887E-4,0.0027721952814819826,7.595536319106849E-4,0.03790389196649155,5.557978217729153E-4,0.0011641374880690491,8.64295436738308E-4,0.02395101361237862,0.0011478251059970216,0.0022808472974859733,1.0554772054554768E-4,0.023667590430743582,0.0018298786676148602,0.0014036420945347985],[1.3099123426004938E-4,8.114316635336957E-4,0.0016613695842957854,5.179477415019288E-4,1.5426971288568845E-4,2.589458029855729E-4,1.6461088894940447E-4,1.8429413293259803E-4,0.03012671233377173,0.0016097171087963498,9.115413866671125E-4,2.9678759473855904E-4,0.04091861547884621,0.001498285275891287,9.760762987220354E-4,1.0,1.5309880821305305E-4,1.4426185991418705E-4,2.3115748642256386E-4,1.5605306770817519E-4,4.41301329459534E-4,1.5743896836265976E-4,3.0185523329E-4,1.5581389214552454E-4,2.4727913020367704E-4,0.0010067177406109576,1.6748794078466894E-4,1.247285605471761E-4,0.0021618481753395103,4.5786009087508565E-4,0.0014066482324936423,1.47188560819082E-4,0.0015673009071311631,9.000300232970772E-4,1.5352458216343168E-4,8.10788816416308E-5,1.5947430438445118E-4,1.239686098392345E-4,0.01970688746219193,2.4016525562023855E-4,0.00577622543571739,1.2934867596831802E-4,2.4945478457967724E-4,5.411576996626852E-5,0.016132314336416605,1.2695381981206797E-4,0.0021725794263785293,6.425724916008891E-5,0.01414210652184417,6.485621845370394E-4,3.109037596756882E-4],[1.2754614732452322E-4,9.126764355862578E-4,9.781965320831687E-4,0.013536587896607813,1.4126549022290893E-4,9.784712680426738E-4,1.4251575406409007E-4,1.6805031499579428E-4,0.05160798945000594,1.5205418744813887E-4,0.0010344932883793198,0.0014302658708500021,0.041508535656497994,8.106074667326601E-4,2.2830618927776355E-4,1.5309880821305305E-4,1.0,1.291907281052141E-4,3.724023672191742E-4,1.2741276594781692E-4,2.0327449747012985E-4,1.5349967552622114E-4,1.6755775341354123E-4,1.0605115446919544E-4,2.4964741859289784E-4,0.0012654411640216836,1.4896229993605002E-4,1.1842994314572047E-4,0.0014319886547671194,4.604858182560591E-4,8.024901022979542E-4,1.1800147404949013E-4,0.0012532106465512436,4.545261390879032E-4,1.3253879165536943E-4,9.557482422747206E-5,1.5042831664654612E-4,1.3697748825289437E-4,0.014965595109763509,3.123901195047331E-4,0.027005627888968674,1.2180160890349683E-4,1.607230070605711E-4,1.1612666211838564E-4,0.02034437109616669,1.3426218843190415E-4,0.0021689929320064067,7.108588318738362E-5,0.03144172690889548,0.0020741105677954666,9.668764352214628E-4],[1.0861388752212197E-4,0.0023231401817848103,7.212890308585227E-4,0.0323265713342465,1.395410897470331E-4,0.0011359321287002409,1.6106554437519586E-4,1.1362058020260548E-4,0.04344774292987869,0.002461713868493187,6.235058964455364E-4,0.0014996693976384462,0.003675247441302658,0.0013896216243747819,8.835788434934661E-4,1.4426185991418705E-4,1.291907281052141E-4,1.0,1.767234757586913E-4,1.1135633926349089E-4,4.702508253284996E-4,1.3758253385794022E-4,0.0033364184037942475,1.048982228619917E-4,1.1477364088840819E-4,0.0011865579373230885,1.2857747325547837E-4,1.095904927013392E-4,0.0016814356306888943,6.395126609910862E-4,5.453480470320935E-4,1.0237991974025916E-4,0.0028772699098526117,1.63902501240257E-4,1.139002550411831E-4,6.753151714282426E-5,1.3826287384050088E-4,1.1446772469993152E-4,0.013439592319582654,4.370914279003402E-4,0.05560762919022553,1.0984494042213268E-4,2.6750366251993934E-4,9.175907286586979E-5,0.016747980666092087,1.1735957203315565E-4,0.0011171988949544341,1.0367346840079539E-4,0.018896796888269535,2.173802386806245E-4,0.0016864117177157578],[2.6343263434813584E-4,7.980037271404658E-4,0.0016821315909372283,9.286663871936885E-4,2.536673517331855E-4,0.00108857980295532,3.167256636216576E-4,3.659599992850331E-4,5.73018395842695E-4,0.001236613748428422,0.0010299210700652284,7.619156100229092E-4,0.014463890861554767,0.0012339646318238876,7.067160947084588E-4,2.3115748642256386E-4,3.724023672191742E-4,1.767234757586913E-4,1.0,2.0234597334326207E-4,4.990405905543462E-4,2.80102129820182E-4,9.836726856700994E-4,3.1163855333369E-4,3.7814602418199586E-4,8.515405148273314E-4,2.7176274418792845E-4,1.1984963056685039E-4,9.306403950045233E-4,6.104011856672793E-4,8.367024801489237E-4,1.2158617923252257E-4,0.0020342255954678,5.067709083936814E-4,3.635752425739865E-4,3.569371554372206E-4,3.113211580076562E-4,1.5766538781557642E-4,0.0012375801269491292,4.077447935338294E-4,0.04319486701247023,3.113840900306162E-4,3.7874921202902607E-4,3.328884322735585E-4,0.006985421012091089,3.835661857793692E-4,0.0018135950748188506,3.257882332205529E-4,0.005287378971859487,0.0020791108618142653,7.01261130106396E-4],[1.1382562514961063E-4,8.963820191038657E-4,1.450138376452107E-4,0.004670147168747262,1.3315286904043403E-4,0.0010089110468978737,1.712479424401619E-4,1.7848091486752694E-4,0.043571210118924925,0.0024324107597402506,7.421801495074886E-4,0.0014145255209244444,0.032144298476348365,4.1306922729464313E-4,0.0011026317584891883,1.5605306770817519E-4,1.2741276594781692E-4,1.1135633926349089E-4,2.0234597334326207E-4,1.0,4.952016799365631E-4,1.574744723584744E-4,0.0015362310095189216,1.1272316576716506E-4,2.3757282777002835E-4,0.0012578777308424253,1.364582216993624E-4,1.1037012194379554E-4,3.033645945664988E-4,8.527555842398632E-4,9.762997855952109E-4,1.0741008817926897E-4,0.009745480835356353,7.812305460489431E-4,1.1886128800313805E-4,9.567260476677411E-5,1.3186428870681595E-4,1.1761263226872346E-4,0.007290342483663049,2.4064478973059367E-4,0.006251157802674922,1.1417861973529801E-4,2.1854605270850912E-4,2.8108930114271385E-5,0.025609449043561102,1.1536428792129866E-4,0.0020543646813281934,2.877786786503222E-5,0.027016621566207637,7.833462852009328E-4,8.029965320000437E-4],[4.065333844944683E-4,0.0028884701926789294,0.0016073461150988271,0.033649214592121855,5.09018770667526E-4,0.001112092122254171,2.3005541854988838E-4,3.6320022944709635E-4,0.03506640265563599,0.001286958323696112,7.06620812140897E-4,0.0013450945097561364,0.04295914866182732,0.001015266965563125,0.0011233931724421995,4.41301329459534E-4,2.0327449747012985E-4,4.702508253284996E-4,4.990405905543462E-4,4.952016799365631E-4,1.0,4.4891405254040396E-4,0.002125219800698145,3.1525434755299534E-4,5.641527923632352E-4,0.0011459834895518662,5.02189828883609E-4,2.2263139527101692E-4,6.509798839470384E-4,8.853123104254328E-4,0.001346186073426014,3.098659221838748E-4,0.007254522031421823,6.808924252008466E-4,2.1535955165937024E-4,6.046732725883222E-4,2.709807216989198E-4,2.7967395818523616E-4,0.014687674579943504,4.921822738949496E-4,0.043046234203280895,2.5946688855305364E-4,5.25695011808718E-4,1.5715983326325938E-5,0.007517916766168841,1.647896062498668E-4,0.0012402202545514782,5.2939460004556E-4,0.018651501117352524,0.0012905305813506445,0.0014858946985422921],[1.3534258554669289E-4,0.0022402139835851933,0.0015604112890147208,0.028447436201797877,1.5355892006741232E-4,0.0010999899071713732,1.6263482896142036E-4,1.598710929324935E-4,0.0394621404249089,0.0019402364759418728,6.108018872142199E-4,0.0012058193352421898,0.028946605246064797,3.5402725202818655E-4,6.237588256129112E-4,1.5743896836265976E-4,1.5349967552622114E-4,1.3758253385794022E-4,2.80102129820182E-4,1.574744723584744E-4,4.4891405254040396E-4,1.0,9.224823320704037E-4,1.1820334834783091E-4,1.937587117123977E-4,0.0011158111364925989,1.7321361420353685E-4,1.230141551011443E-4,2.9523156236731067E-4,3.430214310216602E-4,0.0011103324847525403,1.1657706236441363E-4,0.0026628211311083743,3.9822922002862466E-4,1.5093473352934106E-4,1.1081438561261077E-4,1.6109136339248527E-4,1.319152681596238E-4,0.008403758255434941,2.1799591969945008E-4,0.020259553529417683,1.2794612968741113E-4,2.663346243659659E-4,6.643159634861841E-5,0.015797060870579867,1.4163656726502206E-4,0.002256372034801983,4.3516970178374935E-5,0.02355082450337216,0.0015158215621544698,0.0010766715619710185],[0.0018417824508203165,0.004027726769795076,0.0018532863057985562,0.01640484350325357,0.002710370067307816,0.0018978143105567906,0.0024161362350677827,0.0018037412851992652,0.005820992802999951,0.003305079239921815,0.002967279468973221,0.002810613580519859,0.003401637736894197,0.0030497759441464583,0.002643012592178965,3.0185523329E-4,1.6755775341354123E-4,0.0033364184037942475,9.836726856700994E-4,0.0015362310095189216,0.002125219800698145,9.224823320704037E-4,1.0,0.003117149659541402,0.0033174148775196787,0.0022359301054496257,0.0023408438813001227,0.0018701516830114152,0.0022921853698225254,0.0031801035408694743,0.002916601252421594,3.634406987763319E-4,0.00678700373678087,0.0030051465779921743,0.0032683733401735076,0.003219874113920258,0.0019094841442708593,0.0027838639584207374,0.023306643926442428,0.001364456573168628,0.053280143853313665,0.0021227808641974526,0.003341728187770688,0.0026432778069188675,0.027456963238041948,0.0011040119866970726,0.0031376818752955407,0.0016262186656422896,0.0061406223922722564,0.0029875074544887877,0.0023358852237818743],[1.0437191876725011E-4,0.001700843157233653,6.226847439830983E-4,0.0179534132450986,1.3277662647041957E-4,6.506479361167458E-4,1.5455937568086765E-4,1.9458961526520798E-4,0.012230964471893575,0.002360230208220237,1.910661694382418E-4,0.0016152728104559437,0.02301684861008329,2.960198690681949E-4,0.001235853817392658,1.5581389214552454E-4,1.0605115446919544E-4,1.048982228619917E-4,3.1163855333369E-4,1.1272316576716506E-4,3.1525434755299534E-4,1.1820334834783091E-4,0.003117149659541402,1.0,1.401619983197608E-4,4.6489181564443425E-4,1.7346190427502077E-4,1.0480880988640327E-4,2.8611063532021377E-4,6.280086824376554E-4,6.151107783492784E-4,1.0188589281636224E-4,0.008986105335320939,9.991679698603075E-4,1.1730888908166377E-4,5.500829348562487E-5,1.458615720703033E-4,1.0606590502973838E-4,0.008598661641934967,3.722214300933323E-4,0.01600368150290144,1.0511260083170139E-4,1.677325355908503E-4,4.474316624698232E-5,0.018588164731157385,1.220316004398702E-4,3.193576395097038E-4,2.3506193003805668E-5,0.011766531771204335,6.478777263216912E-4,8.561157665321587E-4],[2.6115501089468354E-4,4.599958972065389E-4,0.0012402902033681153,0.034088670525054314,2.4933199264885324E-4,0.001013889543419621,2.0212812214942614E-4,2.9595576994586464E-4,0.006607066250621252,0.0028763403227331967,9.252707241453563E-4,0.0014458587780239673,0.017041982508899198,0.001954472901678608,0.001246347835792244,2.4727913020367704E-4,2.4964741859289784E-4,1.1477364088840819E-4,3.7814602418199586E-4,2.3757282777002835E-4,5.641527923632352E-4,1.937587117123977E-4,0.0033174148775196787,1.401619983197608E-4,1.0,0.0011412846218635897,3.567577089222776E-4,2.0603946823260802E-4,4.555637689123821E-4,6.150425057703467E-4,0.0011548287872767144,3.5244332761603003E-4,0.00950725228207377,5.285294294639755E-4,3.2966704008929187E-4,3.3722958245176475E-4,2.5677741832153586E-4,3.162535670175522E-4,0.003243457852591085,4.2560051657486095E-4,0.0474361116153681,2.65367050657187E-4,3.3307507473954914E-4,9.23881427347471E-5,0.013453626650319466,2.1774324728241693E-4,4.131942592625343E-4,3.013354747205448E-4,0.031279686817452405,0.0014893019762240141,6.563411518525528E-4],[4.290272346790885E-4,0.0035449435429771876,0.0017050054054348136,0.009405952221323484,0.001248267070509995,0.0011614750014324103,0.0012475309452292195,6.201265694044365E-4,0.05033629359377251,0.0020965289265702717,0.0013465584668741442,0.0017581535472573485,0.02990892420842084,0.0017022914089773675,0.00135271333268514,0.0010067177406109576,0.0012654411640216836,0.0011865579373230885,8.515405148273314E-4,0.0012578777308424253,0.0011459834895518662,0.0011158111364925989,0.0022359301054496257,4.6489181564443425E-4,0.0011412846218635897,1.0,2.324366299095332E-4,5.583872754151447E-4,0.002175981881221409,0.0012483537084476786,0.0014343699274611092,6.755445508640915E-4,0.006726944835966239,0.0013107384742932224,0.0012342161138503838,2.2484312602300883E-4,1.8575295270519823E-4,7.460093800880856E-4,0.013566694297299214,0.0012038601730330217,0.04882109517641976,5.681702935077058E-4,9.562228919365069E-4,0.001049808601807417,0.019206240834813402,1.8611369580243093E-4,0.0020262958643513665,8.536817104701884E-4,0.01874461725430066,0.0016703191778559316,0.0017075930963920019],[1.4959944129653598E-4,0.0035921867895161645,4.298098226546324E-4,0.0019683335563124953,1.646343077981175E-4,3.59565861144252E-4,1.7348478563423563E-4,2.0695119064304698E-4,0.033382681354139104,7.456499370134536E-4,0.0010681226497562088,0.0012862394843133006,0.02331130289163837,6.230945547191421E-4,0.0012032778529398765,1.6748794078466894E-4,1.4896229993605002E-4,1.2857747325547837E-4,2.7176274418792845E-4,1.364582216993624E-4,5.02189828883609E-4,1.7321361420353685E-4,0.0023408438813001227,1.7346190427502077E-4,3.567577089222776E-4,2.324366299095332E-4,1.0,1.2437161734641858E-4,0.001881142122631085,6.07874485753897E-4,0.001495385681760604,1.3153054137567715E-4,0.006438630601025608,3.744787440167447E-4,1.6536567583282216E-4,9.844305848141237E-5,1.6900289550451003E-4,1.570663297331942E-4,0.010195622900980016,2.633916612582168E-4,0.033161472977883584,1.1192253356464128E-4,2.9499532671005516E-4,1.6167923187792728E-4,0.021175075931004567,1.5364779872092772E-4,0.0012329447869136479,7.348191722705381E-5,0.020175715123420184,0.0018622125316917501,0.001418486096394269],[1.0988589762557409E-4,0.003696360591702981,0.0016789569247014993,0.023506204167046935,1.3508456588755602E-4,5.242492520569057E-4,1.5398810709274334E-4,2.2875684895393448E-4,0.04374608897886634,0.0023647379415450433,0.0012413593993025004,4.491050829232732E-4,0.02087516559473112,0.0016865218226331453,9.736998009206973E-4,1.247285605471761E-4,1.1842994314572047E-4,1.095904927013392E-4,1.1984963056685039E-4,1.1037012194379554E-4,2.2263139527101692E-4,1.230141551011443E-4,0.0018701516830114152,1.0480880988640327E-4,2.0603946823260802E-4,5.583872754151447E-4,1.2437161734641858E-4,1.0,4.909614903671222E-4,3.522012556579122E-4,0.0014826414558716363,1.0435136325555078E-4,0.0015994899084879053,8.28816880134942E-4,1.157359725584604E-4,6.095731513027465E-5,1.2778191738730129E-4,1.1619241017803431E-4,0.012396528923165286,3.372098135612406E-4,0.0018185692555818557,1.1046745292805212E-4,2.641513733924748E-4,1.0913740569042865E-4,0.01717316459661064,1.1518182907705859E-4,1.328244968800234E-4,4.190057050627746E-5,0.024711502220716722,9.321345439379443E-4,9.328074295307004E-4],[2.1656963920426095E-4,0.003637500742635239,0.0019135830772462488,0.022758303531686935,3.9549987258644234E-4,0.0012286625530737295,0.002196656855267005,0.0015881076609061387,0.010972999265731417,0.002748467833281649,0.0020853312468666336,0.0020171038257187444,0.043778390280740764,0.00234318115351193,0.0014006281651617288,0.0021618481753395103,0.0014319886547671194,0.0016814356306888943,9.306403950045233E-4,3.033645945664988E-4,6.509798839470384E-4,2.9523156236731067E-4,0.0022921853698225254,2.8611063532021377E-4,4.555637689123821E-4,0.002175981881221409,0.001881142122631085,4.909614903671222E-4,1.0,0.0021404691276465096,0.0015715164518838572,7.918848318516561E-4,0.009157089192228083,0.0014545394028559993,0.002215970953676858,7.405852659138763E-4,0.0020565731064634265,6.675976377326878E-4,0.017664037930984252,8.398838053092458E-4,0.01643625421448331,9.110509525429697E-4,9.298225533541445E-4,0.002114861797501247,0.02686613891943635,0.0015567408741980694,0.0023422756793349065,4.4117528767934717E-4,0.0025325761898707952,0.0022343200694102654,0.002209380860094726],[6.265574491330282E-4,0.0022742142331932556,0.001522704377236616,0.03111426574709905,2.6291114689114405E-4,0.0011147098442583394,1.8421556945794434E-4,4.572516791476295E-4,0.008433721219176226,0.002854850941333053,0.0011591829665313744,0.0014683354322161742,0.024132216426815536,0.0010884855680862262,0.0010884801904923937,4.5786009087508565E-4,4.604858182560591E-4,6.395126609910862E-4,6.104011856672793E-4,8.527555842398632E-4,8.853123104254328E-4,3.430214310216602E-4,0.0031801035408694743,6.280086824376554E-4,6.150425057703467E-4,0.0012483537084476786,6.07874485753897E-4,3.522012556579122E-4,0.0021404691276465096,1.0,0.0012424712745876879,7.379521999666909E-4,0.008083997212574225,9.202153049084685E-4,4.979059116819386E-4,4.8262306698756627E-4,8.001470906681539E-4,5.646916013204635E-4,0.006172494698080549,4.473916895845723E-4,0.012816423609521314,3.306687850874524E-4,5.443334432412721E-4,8.428717385691999E-4,0.012572563314750372,2.5684221996116557E-4,0.0019471915866683936,4.676794065305169E-4,0.012768229172866699,0.0020659787461038055,0.001670237102944442],[3.677147630586451E-4,0.00242446531044901,0.0017013757520446292,0.008425139546087259,0.0013190951542467729,0.0014176440272391764,8.81125992687283E-4,0.0012257694072471395,0.016083866202722404,0.002142089549596146,0.0013209268243164869,0.001615841082012155,0.013418498301266605,0.0019841600138981287,0.0013412088388933912,0.0014066482324936423,8.024901022979542E-4,5.453480470320935E-4,8.367024801489237E-4,9.762997855952109E-4,0.001346186073426014,0.0011103324847525403,0.002916601252421594,6.151107783492784E-4,0.0011548287872767144,0.0014343699274611092,0.001495385681760604,0.0014826414558716363,0.0015715164518838572,0.0012424712745876879,1.0,3.554071206210299E-4,0.006202186593022538,0.0013880417799438103,2.527275178151485E-4,8.413047394944728E-5,7.170499400967466E-4,0.0013338173780405279,0.004393340429217647,4.697901674714602E-4,0.009696206975465575,0.0012519403477826343,0.0014690171532084177,5.429979425396618E-4,0.00921771659849952,0.0013263968549099988,0.0020192450073090156,3.190431330549178E-5,0.017919020971562356,0.0015351010367937817,0.001754754322398399],[1.0526985455543807E-4,5.682629116466241E-4,0.0013150503837002893,0.014064001216013878,1.261337978569113E-4,2.6442150558115315E-4,1.3884624464659024E-4,1.0551812122075928E-4,0.025800620354012073,0.002327822452589771,8.058547931251618E-4,0.0012915703382504078,0.032346026197513145,3.5981186916443517E-4,7.110295657554777E-4,1.47188560819082E-4,1.1800147404949013E-4,1.0237991974025916E-4,1.2158617923252257E-4,1.0741008817926897E-4,3.098659221838748E-4,1.1657706236441363E-4,3.634406987763319E-4,1.0188589281636224E-4,3.5244332761603003E-4,6.755445508640915E-4,1.3153054137567715E-4,1.0435136325555078E-4,7.918848318516561E-4,7.379521999666909E-4,3.554071206210299E-4,1.0,0.006762822711125446,2.3133247175832376E-4,9.997865605895208E-5,8.825112280460024E-5,1.0755421155782466E-4,1.1072271136797904E-4,0.005912010917875872,1.8590235509693533E-4,0.054443982781132196,1.0184704907499311E-4,2.7609192146027696E-4,4.7283129204230344E-5,0.003427260591840927,1.0840958476927097E-4,8.234289899929413E-4,9.275399204704034E-5,0.010057798488402488,0.0015352198007869237,4.4482914114625787E-4],[0.008686316920632948,0.008804630382762284,0.007406491709680555,0.02690401254367373,0.006351032040714665,0.008464825843133782,0.005262463364534321,0.005283337176735104,0.030133416308883068,0.009641713210546085,0.007884314135911147,0.004444491786105977,0.02361145865401871,0.008762412323393413,0.0014703206443658608,0.0015673009071311631,0.0012532106465512436,0.0028772699098526117,0.0020342255954678,0.009745480835356353,0.007254522031421823,0.0026628211311083743,0.00678700373678087,0.008986105335320939,0.00950725228207377,0.006726944835966239,0.006438630601025608,0.0015994899084879053,0.009157089192228083,0.008083997212574225,0.006202186593022538,0.006762822711125446,1.0,0.00607617204954562,0.003934812110817923,0.004153817562256407,0.0035740677975887366,0.0017754683437690515,0.019290797337354643,0.004447739076446255,0.03555190326697511,0.0038490793096735863,0.005183624318520659,0.009093508634672388,0.02802760321505976,0.0067040998520427305,0.007720970451146502,0.006391362866516597,0.01851256683111579,0.008750636363666225,0.008568827932173465],[1.784115692007431E-4,0.0020709980555247056,0.0014332365613626903,0.006301660474396991,7.527685107113191E-4,0.0011180771536746612,4.643137630044276E-4,4.7278801857591747E-4,0.0019859498144782967,0.0026098672449170546,0.0012203238044255838,0.001667968098862303,0.03265329454277925,0.0012413614087809434,0.001122441121074737,9.000300232970772E-4,4.545261390879032E-4,1.63902501240257E-4,5.067709083936814E-4,7.812305460489431E-4,6.808924252008466E-4,3.9822922002862466E-4,0.0030051465779921743,9.991679698603075E-4,5.285294294639755E-4,0.0013107384742932224,3.744787440167447E-4,8.28816880134942E-4,0.0014545394028559993,9.202153049084685E-4,0.0013880417799438103,2.3133247175832376E-4,0.00607617204954562,1.0,2.5655214695990047E-4,3.0923567754642016E-4,3.1622406672152147E-4,4.3554468697905746E-4,0.0018121070573487823,8.535063443394809E-4,0.0246384744291737,8.910245030411244E-4,7.639865273891149E-4,4.242074078293528E-4,0.00620153194275467,5.712087579558674E-4,0.0023901297451546398,3.940648669991454E-4,0.015189785189682154,0.0012798318847323494,0.0015425408750460187],[1.1350625972067005E-4,0.0023534605506935324,7.42691238431521E-4,0.020340247810989556,1.3927936461353578E-4,7.372370407739261E-4,1.7269703938955233E-4,2.4794932439585655E-4,0.04839559606656634,5.552498638907609E-4,0.00110700945487428,0.0012745728631606867,0.00958540303338332,5.63711830776542E-4,6.371417126794317E-4,1.5352458216343168E-4,1.3253879165536943E-4,1.139002550411831E-4,3.635752425739865E-4,1.1886128800313805E-4,2.1535955165937024E-4,1.5093473352934106E-4,0.0032683733401735076,1.1730888908166377E-4,3.2966704008929187E-4,0.0012342161138503838,1.6536567583282216E-4,1.157359725584604E-4,0.002215970953676858,4.979059116819386E-4,2.527275178151485E-4,9.997865605895208E-5,0.003934812110817923,2.5655214695990047E-4,1.0,8.75282121073492E-5,1.4511436782162657E-4,1.1915757009590893E-4,0.015290797011615759,2.7343846848454584E-4,0.00935122910560042,1.164968139485584E-4,2.562375989489284E-4,3.326975534087892E-5,0.007499077365392346,1.2245200917560553E-4,8.78978598812434E-4,3.1675343479527404E-5,0.026659516723599667,2.1614316459863826E-4,0.0014457629909012777],[6.641429322352858E-5,1.7514358617118193E-4,0.0011500693670099093,0.004317228466641435,8.265011342907976E-5,2.2534270612613246E-4,8.6322816931017E-5,8.620596726367194E-5,0.005926548292633807,1.8519494438656677E-4,5.183190585307141E-4,7.108038258201893E-4,0.01692527651417205,0.002326076468819868,0.0011841677440269634,8.10788816416308E-5,9.557482422747206E-5,6.753151714282426E-5,3.569371554372206E-4,9.567260476677411E-5,6.046732725883222E-4,1.1081438561261077E-4,0.003219874113920258,5.500829348562487E-5,3.3722958245176475E-4,2.2484312602300883E-4,9.844305848141237E-5,6.095731513027465E-5,7.405852659138763E-4,4.8262306698756627E-4,8.413047394944728E-5,8.825112280460024E-5,0.004153817562256407,3.0923567754642016E-4,8.75282121073492E-5,1.0,7.565961695643935E-5,8.877262698150203E-5,0.001069931439299118,3.157549746308756E-4,0.002048826946095543,9.610937207139218E-5,8.581183756275958E-5,4.63634138457125E-5,0.0017915926553684247,8.085514241311831E-5,2.2524289550621647E-4,1.6749442352718496E-5,0.006408721311983928,9.08806918221709E-4,0.0014142422857672593],[1.5109387820965825E-4,0.0015492343999833674,6.202189604677186E-4,0.03049609837846698,1.6131585362771697E-4,5.08588613693722E-4,1.721706464797996E-4,1.7216379948091227E-4,0.02405238885022113,6.659277654433723E-4,3.519002501927925E-4,8.89080101717469E-4,0.015824497559066696,5.7321421518435E-4,3.8145110565925423E-4,1.5947430438445118E-4,1.5042831664654612E-4,1.3826287384050088E-4,3.113211580076562E-4,1.3186428870681595E-4,2.709807216989198E-4,1.6109136339248527E-4,0.0019094841442708593,1.458615720703033E-4,2.5677741832153586E-4,1.8575295270519823E-4,1.6900289550451003E-4,1.2778191738730129E-4,0.0020565731064634265,8.001470906681539E-4,7.170499400967466E-4,1.0755421155782466E-4,0.0035740677975887366,3.1622406672152147E-4,1.4511436782162657E-4,7.565961695643935E-5,1.0,1.33112423939691E-4,0.00883030832464608,2.3997708580860252E-4,0.043896543729047104,1.400838346733672E-4,2.623491456393448E-4,1.5955961433834163E-4,0.021496394268336678,1.2323715257620774E-4,2.7169393730527803E-4,2.4841097945470726E-5,0.03357796142042779,0.0015427340998931058,0.0015098942348740203],[1.1154388779522622E-4,0.003446157772742741,0.001369365229165897,0.019941156308591515,1.3493856017200153E-4,8.662536442103904E-4,1.1892083453967362E-4,2.2567909702864383E-4,0.0023524307257884337,0.0019947674403248575,0.001214721545469468,5.596405677710668E-4,0.033810051577613104,0.0021971278519202675,9.58542548635887E-4,1.239686098392345E-4,1.3697748825289437E-4,1.1446772469993152E-4,1.5766538781557642