[[1.0,4.876390089804016E-4,0.0031439773062928687,6.055019106740296E-4,9.734021053241326E-4,0.003962856333118051,5.639413233469502E-4,0.0023268238682564862,6.288851981642858E-4,1.3107817786998466E-4,5.296245402701603E-4,4.018253403705294E-5,7.069764429216157E-4,0.006642469472113182,1.6749497113937423E-4,0.004957053541504081,0.006961103154817874,9.44348685468094E-5,0.0014133889273307849,4.3873682255061986E-4,7.013560389409481E-4,0.0020347925006223813,8.061077498375795E-4,0.0010957758807023511,6.665845985716773E-4,7.453549946271005E-4,5.28072550395046E-4,1.6091684069529717E-4,0.0024209799488919105,0.02890076989506764,1.939621172207097E-4,2.0468513980992245E-4,0.011842364553784488,0.0010530764101063835,6.051128007029314E-4,5.100072007327766E-4,5.005958157066638E-4,0.0067302831299448146,1.1878038434798142E-4,5.873481271856506E-4,1.0252670900449184E-4,3.185351468545928E-4,1.933354679635278E-4,1.4399967201438185E-4,2.0520172462653105E-4,4.3287177063393626E-4,3.6019873073581533E-4,0.0011067016146804245,5.859513928883997E-4,0.002045824006908444,0.00846545457369462],[4.876390089804016E-4,1.0,4.636103196339786E-4,6.855321964014124E-5,6.186290207407604E-4,0.00636670434644238,1.3231115100950167E-4,0.0016346376249681415,1.9199855354155146E-4,1.425683712621096E-4,1.4401492341805156E-4,9.376761369103024E-5,1.276659415487304E-4,0.00706952075411935,4.64461876692779E-5,0.004160500686150497,0.0042505061482349575,1.398614155888665E-4,5.109954040365711E-4,9.643632221331902E-5,1.099111258602296E-4,0.0013075464463471436,6.597012540148989E-4,3.645936824133076E-4,1.4792948201652488E-4,7.373440227724056E-4,1.6371382946328593E-4,1.2208567321266386E-4,0.009059839301355219,0.026934939680460904,1.4724531862758978E-4,2.9320070518834984E-5,6.616909969964236E-4,3.6734248267139037E-4,2.20298773331975E-4,2.0170986609668482E-4,1.4888395430805675E-4,0.0016355088484584872,1.2505028996122214E-4,1.359296839547582E-4,1.3386037902533412E-4,9.683009578514467E-5,1.734878345210021E-4,7.307703466322019E-5,1.4451873470441178E-4,1.5235180062827606E-4,2.883421672370212E-4,8.620889989715655E-4,4.5747994731360083E-4,0.0013495291341861365,0.009564415938196891],[0.0031439773062928687,4.636103196339786E-4,1.0,0.002423430777197631,0.004585658635869904,0.00730013326613273,6.826450753889991E-4,0.0044267844110879445,0.0012633575380708354,0.0033793514637079467,3.55939998172824E-4,0.0043960432033943835,0.0018215730056167986,0.011615753825095408,4.917250065195194E-4,0.004969283040561519,0.005211500432351421,0.0020489173052019474,0.004064730609855929,0.0019680915218349125,0.0014895877596302874,0.0043607174256199656,0.004408286987762195,0.00429932536760869,0.0034721391625748698,0.0021107497440236815,0.0013500596770399612,7.660408129808424E-4,0.004967562189699642,0.02537389916010845,0.003875124351597735,0.0019419599724088484,0.01378577781664763,0.0025296364489972587,0.0017055367433578958,0.0023658554757925105,0.0011424253018843288,0.00688823808105072,0.003899652453903678,0.0012343321014774645,0.0027334822200683726,1.1374910879615165E-4,0.004493004482408621,0.004409985887899646,0.0013932606012698587,0.0030758126053882307,0.003705880174572417,0.002232478931039437,0.00385857516134391,0.004392608733344051,0.008130655362689126],[6.055019106740296E-4,6.855321964014124E-5,0.002423430777197631,1.0,4.846748999855868E-4,0.006240245023063603,8.086128797279285E-5,0.0016955574407666442,2.7772957843514386E-4,1.0993148912307807E-4,3.4134194186037146E-5,1.980841445810077E-5,1.101228332591975E-4,0.017815067772286856,2.2919350153290994E-5,0.0054212866725414045,0.003722929387971558,1.639119007094038E-5,0.0016028064564605616,4.231068923386988E-5,2.12483897406784E-5,9.817617007756014E-4,7.481619751856892E-4,6.020397892601049E-4,1.7495363117190664E-4,5.345304329136741E-5,1.3695409982897655E-4,3.182106717290399E-5,0.0021606477707945423,0.009549766203531268,9.908528530759618E-5,1.444215479517499E-5,0.0013675886314636837,1.3809720615708132E-4,1.104570635690966E-4,1.9847594758029452E-4,1.4510594900302037E-4,0.0028032850662137185,1.0026645783990548E-4,4.6178482868565855E-5,2.0208082336114513E-5,2.7276571786553744E-5,3.921773949484204E-5,2.011756663509184E-5,4.648713870893761E-5,8.371194773474456E-5,1.9140642163964987E-4,5.374635107631941E-4,8.69333745157479E-5,0.003183758087149586,0.002677883347877787],[9.734021053241326E-4,6.186290207407604E-4,0.004585658635869904,4.846748999855868E-4,1.0,0.0056820725560678895,0.001001918613417576,0.002398051000792248,0.0012510068534746597,0.0011414829176331477,4.206442017668344E-4,1.9001503504222962E-4,0.0013919222825838273,0.019218170763080227,0.0014846045127728798,0.006013792215088956,0.004666376084723994,0.0010379885075527903,0.001609278165354201,5.254309843735486E-4,4.488662753775787E-4,0.002447659076586314,0.0015873188045634303,0.0013891051099984247,5.910977501220375E-4,0.001420156588597877,7.288591829024085E-4,6.900876228451214E-4,0.0086678114207714,0.011344776722333237,3.2234945150095504E-4,0.0010336746074140794,0.00807469676334622,0.0011991525009138171,0.0014267206836873782,8.866892385215517E-4,4.482514809787106E-4,0.0034590531024428052,7.964049993612061E-4,1.3336174777979127E-4,0.0013685624589904496,9.299651504621403E-4,0.0013747613568476976,1.991609379173828E-4,1.903352822627216E-4,7.18729039132299E-4,9.09584101272952E-4,0.0015613147039355074,0.0012282290930635984,0.0017373904224447093,0.016255578031175416],[0.003962856333118051,0.00636670434644238,0.00730013326613273,0.006240245023063603,0.0056820725560678895,1.0,6.442692051454064E-4,0.010236851240743559,0.0020386265554822943,0.0068734405840339555,0.004125354620037674,7.93572189820532E-4,0.010043227231046536,0.018390786812813635,0.005730366674231426,0.010075714537387773,0.01248444099183435,0.0034436259256023743,0.006305763810017445,0.010488064348165332,0.009269750061925302,0.010002401894053135,0.00958821938815776,0.009675620213806881,0.00792003835463372,0.00874963071928871,0.008473819385644845,0.0031087986875362587,0.011499932372794409,0.020103166972184235,0.004297432123063755,0.001263424536068082,0.017844360425296628,0.005776123902747416,0.009827768405415936,0.0032006693304542336,0.006693363625207816,0.010646423958173843,1.2022533957622899E-4,0.009404830595847935,0.002690105603602207,0.005065592880895131,0.011156984432970238,0.010127378242594614,0.006890181134425595,0.00420301856196886,0.00836639335294474,0.009145047378361533,0.0046638029021575855,0.007754607661834905,0.013454923455040376],[5.639413233469502E-4,1.3231115100950167E-4,6.826450753889991E-4,8.086128797279285E-5,0.001001918613417576,6.442692051454064E-4,1.0,0.0028672309757865944,3.501673522047899E-4,1.1718507050930605E-4,6.323238846873997E-5,1.039070757771675E-4,1.2233206680092133E-4,8.483666723926489E-4,5.102584783381481E-5,1.9761584252501573E-4,0.015463914072275044,1.7969309306158963E-5,0.001410528631501658,9.75696251749179E-5,8.107104098259047E-5,0.001622461297935638,6.610707331562316E-4,2.701113605713563E-4,1.317458507476641E-4,1.3512370746566611E-4,2.0726016020955305E-4,9.296271371410122E-5,0.010357420706917688,0.027554694501371015,1.2299125617702794E-4,3.348542277450312E-5,0.005776487269319559,2.4948221242017643E-4,2.450400580823968E-4,2.619724891728087E-4,1.2629047702059703E-4,0.0027043948361302255,1.1708455371931978E-4,1.2051647599531238E-4,1.898810594778819E-5,9.997936766221003E-5,1.7213065641279816E-4,1.2602083286808544E-5,1.3565742731864877E-4,1.432014017149562E-4,2.0425106235375434E-4,2.811975153136945E-4,2.766655617454059E-4,7.425249517711241E-4,0.013043132625982784],[0.0023268238682564862,0.0016346376249681415,0.0044267844110879445,0.0016955574407666442,0.002398051000792248,0.010236851240743559,0.0028672309757865944,1.0,0.0021132839935048687,5.243755579043653E-4,0.002236420397046428,8.617185280993522E-5,0.002367164926823488,0.018992540790932044,0.002927781295809165,0.005424228081184897,0.013323094416965667,0.0014268659935197426,0.0024011881031733963,0.0015494743429659789,0.00199089047545295,0.003853812860891331,0.0028612359554325067,0.0013079953188500906,0.002861340220031528,0.0012511523696643366,6.200769889076977E-4,0.0017437153263023064,0.003869660448798514,0.031169601858520028,0.0021870507521927146,0.0019053598664157652,0.007220346031529079,0.002126000755224906,0.002730173612687919,0.0013753848800282871,0.0028312442838869995,0.004836408802039473,0.0013270920950361699,3.922961145658047E-4,2.6081059181522654E-4,0.00270227272621135,0.0022796144655485746,0.002969390075097134,0.0010555975147964237,0.0023187148063787554,0.001646667675550945,0.002517818304409935,0.0010666845370455307,0.0030502031020159734,0.012098228390800301],[6.288851981642858E-4,1.9199855354155146E-4,0.0012633575380708354,2.7772957843514386E-4,0.0012510068534746597,0.0020386265554822943,3.501673522047899E-4,0.0021132839935048687,1.0,3.1203700363249115E-4,2.1513549943967086E-4,3.395764087995293E-4,3.1411611154893754E-4,0.015250559880587967,6.642643648927199E-5,0.0023342378527312292,0.01012308952466393,1.4250826405780333E-4,0.001844572639531549,1.2510194999433262E-4,1.954192412162953E-4,0.0026338786509723187,8.012957186378986E-4,7.198035941274328E-4,3.0349397904284436E-4,7.345065328624214E-4,3.548704925141584E-4,1.0625359252767482E-4,0.0028037062676048094,0.003219993254375016,2.828174888433406E-4,2.7793891556998628E-5,0.019284980159175256,7.605828499696347E-4,3.120947232330297E-4,3.014855675573893E-4,3.1220180081438346E-4,0.002709541591889774,3.6097869110359864E-4,3.8747734535791176E-4,3.1974089414897627E-4,4.6335037424628456E-5,2.6530209415050567E-4,9.571604028590085E-5,3.153281665610533E-4,2.480165302137141E-4,3.880695233204259E-4,9.707218072995826E-4,4.4823736342650995E-4,0.0013583135463084068,0.00805391453656563],[1.3107817786998466E-4,1.425683712621096E-4,0.0033793514637079467,1.0993148912307807E-4,0.0011414829176331477,0.0068734405840339555,1.1718507050930605E-4,5.243755579043653E-4,3.1203700363249115E-4,1.0,1.0426608649570342E-4,5.0297635421698436E-5,1.2196631321565245E-4,0.002179832577124845,3.0302746615455176E-5,0.002897985225410627,0.016180463269065356,1.1853163766780897E-4,0.0019308973572220985,8.903717663465072E-5,4.775569961811411E-5,0.0018873633231078076,4.5999332106352105E-4,9.693703036147165E-4,1.577603875843925E-4,2.697728118135138E-4,1.2023198991054229E-4,4.079017390026234E-5,5.042766419328941E-4,0.014648202938359228,1.4334937692070163E-4,4.1793631746768265E-5,0.011036592129396863,7.69569785930145E-4,2.438101434763905E-4,2.021556241436524E-4,1.222389601888222E-4,0.008550668383597276,1.1914230746344706E-4,1.222646493580527E-4,4.7194348991629285E-5,7.944372193546091E-5,1.6699636029678862E-4,1.1994574381402627E-4,1.3334175770221215E-4,1.224719609604438E-4,2.897524894518742E-4,8.497726381008427E-4,1.488952707129752E-4,0.003972547191810276,0.005374522337423737],[5.296245402701603E-4,1.4401492341805156E-4,3.55939998172824E-4,3.4134194186037146E-5,4.206442017668344E-4,0.004125354620037674,6.323238846873997E-5,0.002236420397046428,2.1513549943967086E-4,1.0426608649570342E-4,1.0,1.713559690009012E-5,1.0461021213429546E-4,0.01390796966749207,3.7308743633807577E-5,0.002007183696674433,0.007410919284242057,2.7736988499061454E-5,0.00194519065480129,7.002151373766599E-5,3.0343044388911296E-5,0.003662779412669754,5.115190437317189E-5,1.2498187250166995E-4,1.1488899876899239E-4,1.2461304813226156E-4,1.395211142158544E-4,3.6428149163394273E-5,0.009675541046299982,0.01598788946978417,6.379315473334948E-5,1.9442792126239118E-5,0.006120418889611178,8.708914275710403E-4,4.784790643509551E-5,1.883854223406766E-4,8.539482627226605E-5,0.003502787460707501,7.829123887416668E-5,5.95046492728721E-5,2.711120223499443E-5,3.791648970502379E-5,4.161429642838142E-5,3.2743916176134E-5,7.851185251629087E-5,1.0471100468151922E-4,1.6728892947768267E-4,8.142445279569579E-4,4.550720707338849E-4,0.0018680300224870397,0.011626485921516352],[4.018253403705294E-5,9.376761369103024E-5,0.0043960432033943835,1.980841445810077E-5,1.9001503504222962E-4,7.93572189820532E-4,1.039070757771675E-4,8.617185280993522E-5,3.395764087995293E-4,5.0297635421698436E-5,1.713559690009012E-5,1.0,4.2513212540261396E-5,0.014590605023003687,1.5229631279754182E-5,0.0038055375136580058,0.015059908905866786,1.2415325811220575E-5,6.925687110221662E-4,7.458364572855135E-5,1.524523528031706E-5,0.003260331912005727,1.1049797729538621E-4,4.1361875430808137E-4,9.137140417692671E-5,7.421579157957007E-4,1.7743302154534066E-4,1.7529185785599783E-5,0.010934086251896508,0.016596929635526347,1.4514039749605624E-4,1.431958501075265E-5,0.010690903505788798,2.0112788253091518E-4,1.3246197589451248E-4,1.1293159659025245E-4,5.493891665993079E-5,0.006042369117840563,1.0147915688802744E-4,1.0451032707097957E-4,1.2204625828279292E-5,2.6266206093022736E-5,1.560633687631654E-4,1.3898091708436856E-5,3.491782812082471E-5,6.294581066947526E-5,1.1881407290654891E-4,2.65441174535595E-4,4.7453571728852756E-4,0.001544887899680589,0.011771778820415052],[7.069764429216157E-4,1.276659415487304E-4,0.0018215730056167986,1.101228332591975E-4,0.0013919222825838273,0.010043227231046536,1.2233206680092133E-4,0.002367164926823488,3.1411611154893754E-4,1.2196631321565245E-4,1.0461021213429546E-4,4.2513212540261396E-5,1.0,0.007962959557043812,5.258731806519879E-5,0.0018338861264161374,0.0047847579665623256,5.016260095155886E-5,0.002063941964438026,1.2212498840373094E-4,6.331297363894533E-5,1.6475922484870416E-4,5.523593377931262E-4,9.994042766367885E-4,1.691424318146846E-4,5.042601962141942E-4,2.003357206268867E-4,1.1606456245513109E-4,0.007359269734778731,0.006624460036147066,1.2824058187939797E-4,8.369124689177185E-5,0.008793876624723381,3.777559513757898E-4,1.3928067862569926E-4,1.8293799973916806E-4,1.45486009703677E-4,0.007552035444847136,1.2056726585637354E-4,1.250107603296792E-4,5.5911712001020805E-5,1.1455556365951951E-4,1.479141357533628E-4,5.388252620800993E-5,1.2535944892083311E-4,1.286057124152636E-4,2.6928737948077775E-4,8.556811037308124E-4,3.6648839272938394E-4,0.002314272160607582,3.68081028205993E-4],[0.006642469472113182,0.00706952075411935,0.011615753825095408,0.017815067772286856,0.019218170763080227,0.018390786812813635,8.483666723926489E-4,0.018992540790932044,0.015250559880587967,0.002179832577124845,0.01390796966749207,0.014590605023003687,0.007962959557043812,1.0,0.010411095549565366,0.010632448223771414,0.01887891027223961,0.01174688157294303,0.016848468319004748,0.016997628053215783,0.007709730389765145,0.009174029361673277,0.009525831991995953,0.018536248924078153,0.004555254898048818,0.010134329101050969,0.007461276638867705,0.019057788473133015,0.017282033742412578,0.02970120924305974,0.0021837223193351537,0.005400809467572108,0.020214601615284072,0.001875382742405941,0.0030793015162292243,0.014228990729960719,0.009735982618988948,0.010016259497888095,0.0014443814847483693,0.017361025658175162,0.016978066829364077,0.012447653186037065,0.013227158719493034,0.00842440062997223,0.008196847088894316,0.0012137011281395807,0.012508388708750415,0.013537274748665687,0.012170145050073009,0.00471252756178769,0.018276422721003324],[1.6749497113937423E-4,4.64461876692779E-5,4.917250065195194E-4,2.2919350153290994E-5,0.0014846045127728798,0.005730366674231426,5.102584783381481E-5,0.002927781295809165,6.642643648927199E-5,3.0302746615455176E-5,3.7308743633807577E-5,1.5229631279754182E-5,5.258731806519879E-5,0.010411095549565366,1.0,0.00472440047032738,0.017864364306893622,1.382520116378314E-5,0.0014573401414945284,7.59829690565687E-5,1.8961092485190896E-5,0.0014073669288586935,3.975691727893535E-5,0.0011242785593164517,1.5937813290752264E-4,7.204868926675343E-4,8.533380646257197E-5,1.96087214064372E-5,0.007663746250112188,0.024572431309796843,2.8160283651699766E-5,1.5334531137245103E-5,0.001086158347501901,0.0010766115486629236,2.432556196620699E-4,1.3089675369238859E-4,5.757978185360699E-5,0.0072793321240629625,8.882246006356634E-5,1.0561198786473952E-4,1.212980518948898E-5,1.816285212681892E-5,9.388413206792167E-5,1.5135178992291749E-5,8.068468809787966E-5,1.4605379755538298E-4,2.7597952150645833E-4,0.0013665128606893636,3.6648929036638795E-4,0.004007373078786614,0.010101531806634173],[0.004957053541504081,0.004160500686150497,0.004969283040561519,0.0054212866725414045,0.006013792215088956,0.010075714537387773,1.9761584252501573E-4,0.005424228081184897,0.0023342378527312292,0.002897985225410627,0.002007183696674433,0.0038055375136580058,0.0018338861264161374,0.010632448223771414,0.00472440047032738,1.0,0.013493177283373039,0.0011601314449877882,0.002407995976027772,0.006052030024159216,0.003252437027236379,0.005320988213753596,0.004725333405188539,0.0039034573133868776,0.0036734594928777716,0.006056026260868211,0.005937632001179777,8.811138378566916E-4,0.00753859625091677,0.017790861007522602,0.001990467372262197,0.004018358686621014,0.02010236033402623,0.004415109383380987,0.00479122745033761,0.005433056638842083,0.00494885145670187,0.006574082940698065,0.003217655077871103,5.655098111706075E-4,3.136231362591509E-4,0.0022013336607260812,0.002920984459352854,0.002340010488377963,6.090609226351623E-4,0.0025211855176067383,0.002465496622567999,0.006066295074863051,0.0020051344101026086,0.004806389012658349,0.012880087443110465],[0.006961103154817874,0.0042505061482349575,0.005211500432351421,0.003722929387971558,0.004666376084723994,0.01248444099183435,0.015463914072275044,0.013323094416965667,0.01012308952466393,0.016180463269065356,0.007410919284242057,0.015059908905866786,0.0047847579665623256,0.01887891027223961,0.017864364306893622,0.013493177283373039,1.0,0.010080018041027126,0.011499088753408803,0.010817517344316767,8.383100998015575E-4,0.007074124681924095,0.005732785054050011,0.01845899276608837,0.006993914669840012,0.011067878311577371,0.0023289483559527295,0.018469160302484383,0.013436690294813322,0.02020556175347518,0.016053238464914688,0.01578874293014953,0.019290457993881124,0.007184323651926498,0.009187795080132337,0.016982845165923466,0.016128355925140603,0.010164790046043606,0.0028123684813011777,0.014377993519657321,0.0044647801679972374,0.01274594669849897,0.0163060929217205,0.013867583135853304,0.01723668868090299,0.005223270489810081,0.018036380030360278,0.016307641432525888,0.01799536007885396,0.010311253888331427,0.018504376906974124],[9.44348685468094E-5,1.398614155888665E-4,0.0020489173052019474,1.639119007094038E-5,0.0010379885075527903,0.0034436259256023743,1.7969309306158963E-5,0.0014268659935197426,1.4250826405780333E-4,1.1853163766780897E-4,2.7736988499061454E-5,1.2415325811220575E-5,5.016260095155886E-5,0.01174688157294303,1.382520116378314E-5,0.0011601314449877882,0.010080018041027126,1.0,0.0022883225954913,4.736182671151031E-5,1.8058187671389296E-5,0.0015166560095583093,9.599433676397515E-4,3.328795628711084E-4,1.9448494340168207E-5,5.730597245060345E-4,2.184633344586681E-4,2.5010091228919404E-5,0.0031901689501336416,0.016921475601266063,1.5619738785871086E-5,1.092695296758938E-5,0.01982806681341394,3.4700657459569054E-4,1.580327663159893E-4,1.9244904057756269E-4,2.9389426734531364E-5,0.0023875477213076922,4.604953303973832E-5,6.810619144195726E-5,1.0400122744594777E-5,2.409837939774865E-5,6.38874396959158E-5,1.1557248071597985E-5,8.762665944824898E-5,9.710136903375256E-5,9.839890955898607E-5,6.172950828448277E-4,4.792647549611208E-4,0.0011607919876932284,0.0067629543727729165],[0.0014133889273307849,5.109954040365711E-4,0.004064730609855929,0.0016028064564605616,0.001609278165354201,0.006305763810017445,0.001410528631501658,0.0024011881031733963,0.001844572639531549,0.0019308973572220985,0.00194519065480129,6.925687110221662E-4,0.002063941964438026,0.016848468319004748,0.0014573401414945284,0.002407995976027772,0.011499088753408803,0.0022883225954913,1.0,7.538275192392058E-4,1.4932728274670587E-4,0.0030465943451857495,0.002134194107810255,0.0018673056813966814,7.287960441777578E-4,0.0015184684844917248,4.887147093156968E-4,0.001814802442886308,0.010695451671283912,0.013312271503961798,0.0013941807140126225,0.0011561692648511556,0.011483626663219683,0.0015981667210909825,6.768028979041937E-4,0.0017688776270630062,0.002237745177645107,0.007749216750114743,4.0583041321213485E-4,4.7226759942781485E-4,5.30876157640726E-4,2.3225016456151254E-4,0.002048392783690784,7.645108242910277E-4,0.0014218755657461589,0.0020294635268990847,8.004705560721451E-4,0.001898703900973281,6.552413710394086E-4,0.0024961135499814674,0.007246451768238154],[4.3873682255061986E-4,9.643632221331902E-5,0.0019680915218349125,4.231068923386988E-5,5.254309843735486E-4,0.010488064348165332,9.75696251749179E-5,0.0015494743429659789,1.2510194999433262E-4,8.903717663465072E-5,7.002151373766599E-5,7.458364572855135E-5,1.2212498840373094E-4,0.016997628053215783,7.59829690565687E-5,0.006052030024159216,0.010817517344316767,4.736182671151031E-5,7.538275192392058E-4,1.0,4.9226051371898874E-5,0.0019824191921040944,0.00123256126247815,0.0010205037260786448,1.0754903775623193E-4,5.041515997944746E-4,1.0863532370801727E-4,5.853838272747627E-5,0.006558619670802112,0.023633749664540793,1.031376890094516E-4,1.4520626525283512E-5,0.006485365659380257,0.0010463377518329304,2.2681083203044192E-4,1.440103070021846E-4,1.2932591383851694E-4,0.002530197337600946,1.1805112027874051E-4,9.747965340759093E-5,5.101979687084149E-5,7.46054917183186E-5,1.46644925407917E-4,5.42461027842265E-5,1.230082374842015E-4,1.347245440258005E-4,2.979084219930976E-4,5.56725509222343E-4,2.092797831921219E-4,6.007403384315436E-4,0.004152686077563022],[7.013560389409481E-4,1.099111258602296E-4,0.0014895877596302874,2.12483897406784E-5,4.488662753775787E-4,0.009269750061925302,8.107104098259047E-5,0.00199089047545295,1.954192412162953E-4,4.775569961811411E-5,3.0343044388911296E-5,1.524523528031706E-5,6.331297363894533E-5,0.007709730389765145,1.8961092485190896E-5,0.003252437027236379,8.383100998015575E-4,1.8058187671389296E-5,1.4932728274670587E-4,4.9226051371898874E-5,1.0,0.0012765473734898316,0.0013111709959770903,2.219744385235666E-4,1.055284191673858E-4,3.780595608763127E-4,2.0243018550644029E-4,2.655409478417544E-5,0.010631880756665787,0.014145215141503556,1.1648097508342067E-4,1.7472727017185865E-5,0.01942107285995023,5.390268475898431E-4,2.506173346494618E-4,2.5698475355509206E-4,7.906745859216708E-5,0.0034274776571034298,7.920572163541891E-5,7.648200872217326E-5,1.1236335949110809E-5,2.10205216887127E-5,3.8378952551631937E-5,1.4824775500272335E-5,6.5428794736465E-5,2.2694764669291824E-5,1.4786917097054736E-4,0.0010909298826455298,4.033065150987859E-5,0.003386936710915384,0.004715603972455155],[0.0020347925006223813,0.0013075464463471436,0.0043607174256199656,9.817617007756014E-4,0.002447659076586314,0.010002401894053135,0.001622461297935638,0.003853812860891331,0.0026338786509723187,0.0018873633231078076,0.003662779412669754,0.003260331912005727,1.6475922484870416E-4,0.009174029361673277,0.0014073669288586935,0.005320988213753596,0.007074124681924095,0.0015166560095583093,0.0030465943451857495,0.0019824191921040944,0.0012765473734898316,1.0,0.0023414942756467324,0.001557025836191037,5.405274693712429E-4,0.002229520886176007,0.0028705882456213825,4.6441773974500544E-4,0.009230268202980589,0.02124910685792141,7.431297246844032E-4,0.0028664008592627585,0.004738587404336113,0.0030415446457080133,3.168667328294145E-4,0.0035933926806249925,9.805802593125534E-4,0.005960833283055574,0.0036028951172117625,0.0011062351731947484,3.87541610903108E-4,6.528924863906328E-5,2.5955375798513016E-4,0.002741515396712167,0.0033335173421828747,8.649084911953952E-4,0.0022880358918226803,0.0033407763655442214,0.0029159834495571467,0.004052770508469386,0.005787488777102918],[8.061077498375795E-4,6.597012540148989E-4,0.004408286987762195,7.481619751856892E-4,0.0015873188045634303,0.00958821938815776,6.610707331562316E-4,0.0028612359554325067,8.012957186378986E-4,4.5999332106352105E-4,5.115190437317189E-5,1.1049797729538621E-4,5.523593377931262E-4,0.009525831991995953,3.975691727893535E-5,0.004725333405188539,0.005732785054050011,9.599433676397515E-4,0.002134194107810255,0.00123256126247815,0.0013111709959770903,0.0023414942756467324,1.0,0.001333573636866298,5.772069592080934E-4,0.0011228527872103465,0.0013442785858224639,9.197167043789711E-4,0.003315641348503687,0.005561118253039043,9.81934744372196E-4,7.356769331082555E-4,0.004230575596644969,0.0012688235964437291,0.0013337502181223256,8.666236361626282E-4,8.020609654810004E-4,0.00878133888375169,7.299568776226285E-4,5.6586157001896E-4,9.878548221783309E-4,0.0014774877946093054,4.950346008501433E-4,0.0014177333911916886,0.0015937243481440196,3.523449485624817E-4,9.594849927868705E-4,0.0015118424359449444,9.787045662475358E-4,0.0029553457330129566,0.015174572117477803],[0.0010957758807023511,3.645936824133076E-4,0.00429932536760869,6.020397892601049E-4,0.0013891051099984247,0.009675620213806881,2.701113605713563E-4,0.0013079953188500906,7.198035941274328E-4,9.693703036147165E-4,1.2498187250166995E-4,4.1361875430808137E-4,9.994042766367885E-4,0.018536248924078153,0.0011242785593164517,0.0039034573133868776,0.01845899276608837,3.328795628711084E-4,0.0018673056813966814,0.0010205037260786448,2.219744385235666E-4,0.001557025836191037,0.001333573636866298,1.0,8.204869433591519E-4,0.001047158840350142,0.0010711652106642985,5.765236097836627E-4,0.010427388291989019,0.016995221510489267,7.504358184706504E-4,1.9694165976075492E-5,0.0021774113362902606,0.0012021322391826792,6.877444201210329E-4,8.122610693393139E-4,0.0011209366334718987,0.0043958019793603025,7.385204480350034E-4,0.0011957136096990935,3.321992349888219E-4,1.2197776239275571E-4,6.308105806366083E-4,8.94220314724229E-4,8.014686833917145E-4,2.2573637788044794E-4,4.222986590344626E-4,0.0012772464508889283,0.001075792327804772,0.0021291739916035,0.007221577902572765],[6.665845985716773E-4,1.4792948201652488E-4,0.0034721391625748698,1.7495363117190664E-4,5.910977501220375E-4,0.00792003835463372,1.317458507476641E-4,0.002861340220031528,3.0349397904284436E-4,1.577603875843925E-4,1.1488899876899239E-4,9.137140417692671E-5,1.691424318146846E-4,0.004555254898048818,1.5937813290752264E-4,0.0036734594928777716,0.006993914669840012,1.9448494340168207E-5,7.287960441777578E-4,1.0754903775623193E-4,1.055284191673858E-4,5.405274693712429E-4,5.772069592080934E-4,8.204869433591519E-4,1.0,5.107861273402159E-4,1.9234516284427692E-4,4.212146727024706E-5,0.00901987512290421,0.029558304602717286,1.5858255901149104E-4,1.0661081341294255E-4,0.00829018334575778,4.117553539685463E-4,2.49904768929564E-4,2.812578096310266E-4,1.7479533984170187E-4,0.008529241586389458,1.2672899334676522E-4,1.7128214877221398E-4,9.889256939479843E-5,1.1636644543625748E-4,1.7505854150691455E-4,3.291563194258067E-5,1.4963979784545552E-4,1.7356055237590924E-4,1.9333614049609694E-4,4.398806015922383E-4,2.1026844006510694E-4,0.003949340392581871,0.011903239884842263],[7.453549946271005E-4,7.373440227724056E-4,0.0021107497440236815,5.345304329136741E-5,0.001420156588597877,0.00874963071928871,1.3512370746566611E-4,0.0012511523696643366,7.345065328624214E-4,2.697728118135138E-4,1.2461304813226156E-4,7.421579157957007E-4,5.042601962141942E-4,0.010134329101050969,7.204868926675343E-4,0.006056026260868211,0.011067878311577371,5.730597245060345E-4,0.0015184684844917248,5.041515997944746E-4,3.780595608763127E-4,0.002229520886176007,0.0011228527872103465,0.001047158840350142,5.107861273402159E-4,1.0,4.594510909492666E-4,2.4188533526323152E-4,7.559051856352255E-4,0.026003172973770007,2.3950726511298535E-4,5.4614254683225324E-5,0.014369755425858088,7.589174010875611E-4,2.6206411320069253E-4,3.654752939316235E-4,5.252020483790838E-4,0.006419609621044238,5.784182845833521E-4,5.174299758756444E-4,4.433255981697843E-4,3.94806025019892E-4,6.037603414909306E-4,4.187243413684149E-4,1.718489935200331E-4,2.749571481541355E-4,3.4817079058472173E-4,0.001344297925704471,6.739364142651919E-4,0.0023037499081274915,0.014396209043681642],[5.28072550395046E-4,1.6371382946328593E-4,0.0013500596770399612,1.3695409982897655E-4,7.288591829024085E-4,0.008473819385644845,2.0726016020955305E-4,6.200769889076977E-4,3.548704925141584E-4,1.2023198991054229E-4,1.395211142158544E-4,1.7743302154534066E-4,2.003357206268867E-4,0.007461276638867705,8.533380646257197E-5,0.005937632001179777,0.0023289483559527295,2.184633344586681E-4,4.887147093156968E-4,1.0863532370801727E-4,2.0243018550644029E-4,0.0028705882456213825,0.0013442785858224639,0.0010711652106642985,1.9234516284427692E-4,4.594510909492666E-4,1.0,5.924273163758915E-5,6.334932692637449E-4,0.012815903348812005,2.035426585255888E-4,1.8875977607704026E-4,0.015679377076198497,3.9004349500860634E-4,2.411601611020905E-4,2.4663201476247395E-4,1.768475029514258E-4,0.001359183433461737,1.9649714440208953E-4,1.5940158292656332E-4,7.150249597342014E-5,4.587540036279586E-5,2.1702199961260875E-4,9.815521914574608E-5,1.962810816034272E-4,1.8644953453315723E-4,2.8232601437451184E-4,9.840386076780268E-4,4.726948050252968E-4,0.0039862933058781875,7.431873386288659E-4],[1.6091684069529717E-4,1.2208567321266386E-4,7.660408129808424E-4,3.182106717290399E-5,6.900876228451214E-4,0.0031087986875362587,9.296271371410122E-5,0.0017437153263023064,1.0625359252767482E-4,4.079017390026234E-5,3.6428149163394273E-5,1.7529185785599783E-5,1.1606456245513109E-4,0.019057788473133015,1.96087214064372E-5,8.811138378566916E-4,0.018469160302484383,2.5010091228919404E-5,0.001814802442886308,5.853838272747627E-5,2.655409478417544E-5,4.6441773974500544E-4,9.197167043789711E-4,5.765236097836627E-4,4.212146727024706E-5,2.4188533526323152E-4,5.924273163758915E-5,1.0,0.004928642100627663,0.0066476217445783385,8.183272194279446E-5,3.419025999476756E-5,0.00551807801603598,3.5442555859645794E-4,9.299809740127363E-5,1.303922063130732E-4,7.028903277841406E-5,0.001129031270945649,4.6409342966531743E-5,7.312864680166658E-5,2.9487710531512388E-5,3.0048405188768677E-5,1.5255536267826325E-4,2.574359196600621E-5,6.502417298562545E-5,1.316788337259293E-4,7.564416889006809E-5,5.470977944763191E-4,2.3126991276108732E-4,8.104450730081436E-4,0.0014853131116728466],[0.0024209799488919105,0.009059839301355219,0.004967562189699642,0.0021606477707945423,0.0086678114207714,0.011499932372794409,0.010357420706917688,0.003869660448798514,0.0028037062676048094,5.042766419328941E-4,0.009675541046299982,0.010934086251896508,0.007359269734778731,0.017282033742412578,0.007663746250112188,0.00753859625091677,0.013436690294813322,0.0031901689501336416,0.010695451671283912,0.006558619670802112,0.010631880756665787,0.009230268202980589,0.003315641348503687,0.010427388291989019,0.00901987512290421,7.559051856352255E-4,6.334932692637449E-4,0.004928642100627663,1.0,0.013679462056972444,0.0027623278931330104,0.00441605304632913,0.012136103861029405,0.011009224276025539,0.008768270239666238,0.0066703516143929486,4.8797361821652945E-4,0.010014278706430516,0.008009249259906865,0.010132266561276132,0.00930316063976954,0.010845083467370262,0.006769013448108252,0.008430227563492172,0.008690415869568657,0.0022910669332391565,0.006565774690544182,0.0056830586166814094,0.0019398279177849774,0.009900007153336103,0.014372375795511295],[0.02890076989506764,0.026934939680460904,0.02537389916010845,0.009549766203531268,0.011344776722333237,0.020103166972184235,0.027554694501371015,0.031169601858520028,0.003219993254375016,0.014648202938359228,0.01598788946978417,0.016596929635526347,0.006624460036147066,0.02970120924305974,0.024572431309796843,0.017790861007522602,0.02020556175347518,0.016921475601266063,0.013312271503961798,0.023633749664540793,0.014145215141503556,0.02124910685792141,0.005561118253039043,0.016995221510489267,0.029558304602717286,0.026003172973770007,0.012815903348812005,0.0066476217445783385,0.013679462056972444,1.0,0.024335712382271623,0.018944889910271302,0.020560862018546656,0.008264672517832694,0.029383879587330037,0.0023278001707637314,0.0238877639699618,0.01390677371919288,0.007015766428089693,0.012472160142834735,0.00798965103103284,0.021260922499363646,0.012345904318345143,0.016423934438358132,0.01963993659898693,0.013576581077284038,0.02307028647553401,0.011700441495939911,0.015615562637178566,0.025345400618676395,0.027526629221650292],[1.939621172207097E-4,1.4724531862758978E-4,0.003875124351597735,9.908528530759618E-5,3.2234945150095504E-4,0.004297432123063755,1.2299125617702794E-4,0.0021870507521927146,2.828174888433406E-4,1.4334937692070163E-4,6.379315473334948E-5,1.4514039749605624E-4,1.2824058187939797E-4,0.0021837223193351537,2.8160283651699766E-5,0.001990467372262197,0.016053238464914688,1.5619738785871086E-5,0.0013941807140126225,1.031376890094516E-4,1.1648097508342067E-4,7.431297246844032E-4,9.81934744372196E-4,7.504358184706504E-4,1.5858255901149104E-4,2.3950726511298535E-4,2.035426585255888E-4,8.183272194279446E-5,0.0027623278931330104,0.024335712382271623,1.0,2.8780114715656014E-5,0.011522919114462033,0.0011343917185894143,1.6732154423103757E-4,1.6205054359315035E-4,1.5275932662819355E-4,0.005383635496727808,1.4182458198761785E-4,1.446049863160921E-4,6.256175815601669E-5,3.9064992500900805E-5,1.5476272965862448E-4,8.02552378865416E-5,1.4436453608605713E-4,1.5389283666559852E-4,1.5820565839901195E-4,5.197234176815189E-4,4.1104491959354633E-4,0.003575632362901336,0.002050447325095602],[2.0468513980992245E-4,2.9320070518834984E-5,0.0019419599724088484,1.444215479517499E-5,0.0010336746074140794,0.001263424536068082,3.348542277450312E-5,0.0019053598664157652,2.7793891556998628E-5,4.1793631746768265E-5,1.9442792126239118E-5,1.431958501075265E-5,8.369124689177185E-5,0.005400809467572108,1.5334531137245103E-5,0.004018358686621014,0.01578874293014953,1.092695296758938E-5,0.0011561692648511556,1.4520626525283512E-5,1.7472727017185865E-5,0.0028664008592627585,7.356769331082555E-4,1.9694165976075492E-5,1.0661081341294255E-4,5.4614254683225324E-5,1.8875977607704026E-4,3.419025999476756E-5,0.00441605304632913,0.018944889910271302,2.8780114715656014E-5,1.0,0.006503302068873758,3.3206360473690883E-4,2.3176401345804482E-4,2.671646471294101E-4,1.4895670127445886E-4,0.006632381652975851,6.491752702058913E-5,2.563441403268504E-5,1.3683547133029417E-5,1.5746136976236554E-5,1.8954481226890895E-5,1.2717196357325165E-5,1.334896815256389E-4,8.590872352982017E-5,2.320346026616597E-4,1.9717386400399466E-4,1.2961396856007483E-4,0.0022689188933627687,0.009032390994077447],[0.011842364553784488,6.616909969964236E-4,0.01378577781664763,0.0013675886314636837,0.00807469676334622,0.017844360425296628,0.005776487269319559,0.007220346031529079,0.019284980159175256,0.011036592129396863,0.006120418889611178,0.010690903505788798,0.008793876624723381,0.020214601615284072,0.001086158347501901,0.02010236033402623,0.019290457993881124,0.01982806681341394,0.011483626663219683,0.006485365659380257,0.01942107285995023,0.004738587404336113,0.004230575596644969,0.0021774113362902606,0.00829018334575778,0.014369755425858088,0.015679377076198497,0.00551807801603598,0.012136103861029405,0.020560862018546656,0.011522919114462033,0.006503302068873758,1.0,0.018859141067387283,0.012911677838470154,0.014795039457949487,0.005984580219475665,0.01700821683500706,0.01834856424854634,0.01585062260409932,0.008452449334938422,0.019010121524623093,0.006532949110666983,0.002772492258846723,0.016927680091009208,0.013424727637126427,0.009252430255131533,0.01214107624346957,0.006061914728284705,0.007354791679751708,0.019717213586357397],[0.0010530764101063835,3.6734248267139037E-4,0.0025296364489972587,1.3809720615708132E-4,0.0011991525009138171,0.005776123902747416,2.4948221242017643E-4,0.002126000755224906,7.605828499696347E-4,7.69569785930145E-4,8.708914275710403E-4,2.0112788253091518E-4,3.777559513757898E-4,0.001875382742405941,0.0010766115486629236,0.004415109383380987,0.007184323651926498,3.4700657459569054E-4,0.0015981667210909825,0.0010463377518329304,5.390268475898431E-4,0.0030415446457080133,0.0012688235964437291,0.0012021322391826792,4.117553539685463E-4,7.589174010875611E-4,3.9004349500860634E-4,3.5442555859645794E-4,0.011009224276025539,0.008264672517832694,0.0011343917185894143,3.3206360473690883E-4,0.018859141067387283,1.0,0.00114136492137856,7.996606887988155E-4,1.822729525906467E-4,0.0021590703444390466,3.3455581875142885E-4,0.001073007369721172,5.531024949735904E-4,1.8221837760484854E-4,5.334329407806164E-4,9.077969772711871E-4,5.8411175362785E-4,1.663799356968368E-4,4.756725418376429E-4,0.001303787419107848,8.332035366898744E-4,0.0036151205987654334,0.0028930925166367133],[6.051128007029314E-4,2.20298773331975E-4,0.0017055367433578958,1.104570635690966E-4,0.0014267206836873782,0.009827768405415936,2.450400580823968E-4,0.002730173612687919,3.120947232330297E-4,2.438101434763905E-4,4.784790643509551E-5,1.3246197589451248E-4,1.3928067862569926E-4,0.0030793015162292243,2.432556196620699E-4,0.00479122745033761,0.009187795080132337,1.580327663159893E-4,6.768028979041937E-4,2.2681083203044192E-4,2.506173346494618E-4,3.168667328294145E-4,0.0013337502181223256,6.877444201210329E-4,2.49904768929564E-4,2.6206411320069253E-4,2.411601611020905E-4,9.299809740127363E-5,0.008768270239666238,0.029383879587330037,1.6732154423103757E-4,2.3176401345804482E-4,0.012911677838470154,0.00114136492137856,1.0,2.722960263720145E-4,2.484495552467933E-4,0.002867099276135844,1.2403606619062446E-4,1.7631459822071546E-4,5.6928870535094255E-5,2.2817658423897593E-4,2.3752973571496963E-4,1.799758388272017E-5,1.5082394146481173E-4,1.802896393467488E-4,2.668845835717219E-4,8.387746574726959E-4,2.9729481414986366E-4,0.0026120380940098035,0.015295351926550597],[5.100072007327766E-4,2.0170986609668482E-4,0.0023658554757925105,1.9847594758029452E-4,8.866892385215517E-4,0.0032006693304542336,2.619724891728087E-4,0.0013753848800282871,3.014855675573893E-4,2.021556241436524E-4,1.883854223406766E-4,1.1293159659025245E-4,1.8293799973916806E-4,0.014228990729960719,1.3089675369238859E-4,0.005433056638842083,0.016982845165923466,1.9244904057756269E-4,0.0017688776270630062,1.440103070021846E-4,2.5698475355509206E-4,0.0035933926806249925,8.666236361626282E-4,8.122610693393139E-4,2.812578096310266E-4,3.654752939316235E-4,2.4663201476247395E-4,1.303922063130732E-4,0.0066703516143929486,0.0023278001707637314,1.6205054359315035E-4,2.671646471294101E-4,0.014795039457949487,7.996606887988155E-4,2.722960263720145E-4,1.0,1.9584538738377002E-4,0.003988153170956513,1.4172132583240382E-4,2.629565912820553E-4,7.96241723035703E-5,3.22846307381275E-5,2.821393641405113E-4,4.5999960190875985E-5,2.1567919906841562E-4,1.8199765031504561E-4,2.946174602309575E-4,5.037698225325936E-4,3.748239891161786E-4,0.0019247091389909834,8.889217935447191E-4],[5.005958157066638E-4,1.4888395430805675E-4,0.0011424253018843288,1.4510594900302037E-4,4.482514809787106E-4,0.006693363625207816,1.2629047702059703E-4,0.0028312442838869995,3.1220180081438346E-4,1.222389601888222E-4,8.539482627226605E-5,5.493891665993079E-5,1.45486009703677E-4,0.009735982618988948,5.757978185360699E-5,0.00494885145670187,0.016128355925140603,2.9389426734531364E-5,0.002237745177645107,1.2932591383851694E-4,7.906745859216708E-5,9.805802593125534E-4,8.020609654810004E-4,0.0011209366334718987,1.7479533984170187E-4,5.252020483790838E-4,1.768475029514258E-4,7.028903277841406E-5,4.8797361821652945E-4,0.0238877639699618,1.5275932662819355E-4,1.4895670127445886E-4,0.005984580219475665,1.822729525906467E-4,2.484495552467933E-4,1.9584538738377002E-4,1.0,0.004974635804510832,1.4645732357008488E-4,1.381965639328013E-4,1.3302733741644905E-4,9.801605656385727E-5,1.6238844840535404E-4,6.502093655669973E-5,1.459875762855482E-4,1.51961162776862E-4,2.1036542780603383E-4,0.001008724507305477,1.878847867411106E-4,0.0012807460051814852,0.00274434260283812],[0.0067302831299448146,0.0016355088484584872,0.00688823808105072,0.0028032850662137185,0.0034590531024428052,0.010646423958173843,0.0027043948361302255,0.004836408802039473,0.002709541591889774,0.008550668383597276,0.003502787460707501,0.006042369117840563,0.007552035444847136,0.010016259497888095,0.0072793321240629625,0.006574082940698065,0.010164790046043606,0.0023875477213076922,0.007749216750114743,0.002530197337600946,0.0034