[[1.0,0.0041942273589654095,1.1011321339710795E-4,0.0015802111917266732,8.58390818515363E-4,1.244125633292504E-4,0.001308851606911694,1.6631690560317991E-4,0.014299549275367751,8.820921484004133E-5,8.176860335438465E-4,6.661561346040303E-5,1.6965616115159214E-4,2.0667293570561404E-4,8.915677958649667E-4,3.679347130007977E-5,1.4786130764452777E-4,1.6769155597005158E-4,8.245128032198735E-4,1.7300340500577596E-4,0.002873436656402357,0.013394769671149394,2.3537510043268307E-4,1.6071565341108261E-4,0.020355275829623782,4.4630050693551164E-4,0.001139593053949766,2.1387498858997406E-5,1.3360088430324277E-4,1.8780681152826407E-4,1.4400682900938075E-4,2.7730536048507917E-4,2.4943471507209267E-4,0.01292952853907954,1.4057007657099793E-4,7.639710831828944E-5,1.6045441137426097E-4,0.002306420376545039,0.0011466656796718345,2.2894388071786577E-5,0.001071234148177254,1.4307492683508368E-4,7.05692474189561E-4,2.1200518147648708E-4,3.230995675970276E-5,4.935202792323708E-4,1.613540224195323E-4,3.3012206388062217E-4,1.3087910114141255E-4,7.314972056440182E-5,0.0021042137983882164],[0.0041942273589654095,1.0,0.0030731744255733176,0.003717928227952872,0.006407465622696465,0.006083111359810603,0.009916963844651077,0.0036696169910622597,0.013432557846848539,0.004391980531179753,0.004001450504333283,0.005736632599811696,0.002477166166327865,0.0014536151461568068,0.005020883837840447,0.0023063348790995555,0.006557879570359734,0.005664408242327114,0.0033594102224604864,0.004304458518205645,0.007732044086558309,0.014282842132350603,0.00561367066577257,0.006566889702092784,0.018381491866851223,0.004206566665004975,0.0188953423186617,0.0069525215848127995,0.005011447041381312,0.0073902210976310705,0.006872667445540712,0.004103965404903307,0.004122484980692216,0.010322957695977499,0.0019686049160682947,0.006748009956398001,0.005216652167256547,0.006084783798522801,0.006813191403307294,0.007273397532396451,0.00717701824804149,0.001499794417692739,0.00997390034421475,0.006917153336276914,0.0058873124707677135,0.004425497597774663,0.002313178919519864,0.005782428059576122,0.0017681966157598508,5.767059052041133E-4,0.005641281053406738],[1.1011321339710795E-4,0.0030731744255733176,1.0,0.002191694506204638,0.0021796341178680623,9.894408597966647E-5,0.0037571595265630422,1.6460829936666815E-4,0.0037225701982475366,8.182040431819863E-5,0.001014320469899055,5.260540458450988E-5,1.8926683875506773E-4,1.5593511851825565E-4,4.0457358968979795E-4,8.415249489887709E-5,0.0012553713751320922,1.1536044944547325E-4,0.00138798468102116,1.2289457601289718E-4,0.0036980763774059414,0.0035143122398836276,7.302935094266652E-4,1.1213621189591492E-4,0.020752866874236723,3.830345409950752E-4,0.017160088845312945,8.975764958792497E-5,1.0568249581304471E-4,1.5593261839294984E-4,1.2933608507370917E-4,3.5582586734751937E-4,0.00120967608495326,2.7429980502323014E-4,1.1822934544924519E-4,3.8334711355551384E-5,1.4970233379672343E-4,0.0030590741467819943,0.0038752128524389665,6.410405659605122E-5,0.001261410410320337,1.1764530904090226E-4,0.007900357922947854,2.521484556134705E-4,4.907954620106639E-5,2.2719790871417427E-4,1.3395748972085917E-4,2.3226030500517734E-4,7.258639585305314E-5,5.2360090019955296E-5,0.0012443065086262198],[0.0015802111917266732,0.003717928227952872,0.002191694506204638,1.0,0.004008447201008205,0.0021790233928469104,0.009848056865420382,0.0022834626941249277,0.01606542934227864,3.844189214538305E-4,0.0021316341126882917,3.8905595074534955E-4,0.001020575845918156,0.0011803047198594898,0.0016825371658381063,8.035724608434706E-5,0.0020655290431367238,0.00103626871712462,0.0020059660527698467,4.8271650073530224E-4,0.0028102398702871687,0.009705974606664648,0.002691326139064407,4.689358030516657E-4,0.008494061870483075,9.762113626422587E-4,0.009762968952191198,0.0018774746689923431,0.0021222911499094023,0.0019712721151037248,4.3466708500718154E-4,0.0010581443592691418,0.002311704454965717,0.009209867669325258,0.0013927373364301637,0.0021594741201807323,2.1735771658547485E-4,0.0032487031869410667,0.005892878933978357,0.002326427937159134,0.0018755294998966223,0.0015234030357203997,0.0034120142699541217,0.001223384279684687,1.5949646417551608E-4,0.0017426445333531327,2.82948079658145E-4,0.0023320407448755276,0.0020615232594720784,0.0010835890323182829,0.0024454919091172625],[8.58390818515363E-4,0.006407465622696465,0.0021796341178680623,0.004008447201008205,1.0,1.3989180223552688E-4,0.01379897164268748,6.673691037975839E-4,0.006342286128538354,0.0038828905646352283,0.0029198257761775506,0.0019155579475682236,0.0016436682079067843,0.004046212344218939,0.003871203285618841,0.001389849359026466,0.0032066845259169146,7.908491316469679E-4,0.002314851417425331,0.003308196615309382,0.00758779285038371,0.004507107951854494,0.0032809052247060448,0.0013388393206359283,0.01768714016142579,0.0038920343181458473,0.009335689421274026,0.003225391589053557,0.003423483315752166,0.003904086922757134,0.002407470612181544,0.0011800845873302479,0.0033543391984491274,0.01811621536619616,0.0025595120347745356,0.002741981421196572,0.00158630301499155,0.00383177640501781,0.005806239858786389,0.0036967559225175475,0.0019004456117033036,0.0035353207424520354,0.008828745268975917,0.003544438787581088,0.0026473188468337737,0.0011152990961095495,0.00197197641114594,9.866067876155584E-4,0.003616579193204733,0.0025411925507954915,0.0028823544054948995],[1.244125633292504E-4,0.006083111359810603,9.894408597966647E-5,0.0021790233928469104,1.3989180223552688E-4,1.0,0.005466381167871448,1.4494666460365685E-4,0.006910959177979245,6.528389245630235E-5,1.4677666195519814E-4,3.618777095107732E-5,1.8973557640414844E-4,4.514750738487555E-4,2.1154919261983057E-4,4.579336499223827E-5,0.0012592009975788026,1.4930036129410149E-4,0.0016983414535783415,1.5816836154433866E-4,0.00732688270759105,0.006383174012418117,9.477016838911308E-5,1.0185977556369222E-4,0.01990627953559131,3.1298303998526447E-4,0.019353817137134906,5.805003287158447E-5,1.0190218400325838E-4,1.3063267069826317E-4,1.3714726785637007E-4,2.8022822570659424E-4,3.618787137545605E-4,0.007698687088273425,1.0104144010339054E-4,7.390628385211517E-5,1.0550421874003634E-4,0.0010357828749382888,0.005871948732200513,8.026029546502669E-5,4.3646035418746463E-4,1.0158165804394455E-4,0.007941098429332346,1.6805147726370458E-4,7.670335164349246E-5,5.636889179677847E-4,1.5731776543540638E-4,1.3306141488255097E-4,2.4432910397740856E-5,7.299890493293225E-5,6.550458441886248E-4],[0.001308851606911694,0.009916963844651077,0.0037571595265630422,0.009848056865420382,0.01379897164268748,0.005466381167871448,1.0,0.002395526870081079,0.015348293926041664,0.001734756224374903,0.011767181415379987,9.796287463185737E-4,0.010213146762003696,0.003628784822571786,0.004753895390359719,0.006772390634714832,0.007666464766959681,0.005752119914029365,0.013722150090017303,0.007885716591902585,0.011159671913259651,0.014581019171439651,0.009399789426543908,0.006750056550501457,0.020760622019930057,0.008984556516855086,0.015343309593026332,0.011800646727052657,0.00948771108322303,0.0137279838506397,0.009877147958140344,0.012263779015495548,0.01070974500269542,0.014193834903542582,0.01205105316128411,0.013317068454919558,0.008117238209928018,0.010783971253888752,0.009345816290034541,0.006081547938382765,0.005687748089989668,0.013027032004583662,0.013006115866409545,0.010058444684173344,0.012910374674485643,0.006932052147286558,0.01364264724787751,0.008873062105709567,0.0037278257773441835,0.007096291126131833,0.00809768154961113],[1.6631690560317991E-4,0.0036696169910622597,1.6460829936666815E-4,0.0022834626941249277,6.673691037975839E-4,1.4494666460365685E-4,0.002395526870081079,1.0,0.01467687824389556,2.1816219721516828E-4,0.0010258173126795134,1.2076147130502318E-4,2.0122756294637629E-4,4.648550226472313E-4,7.033358173488063E-4,7.576913299020618E-5,4.7693331728117667E-4,2.66443492291724E-4,7.900001518334622E-4,3.0261394871863547E-4,0.006323448147899825,0.004038269872383438,0.0016756793874733555,2.725498205901995E-4,0.003065816152652436,4.183256677145054E-4,3.776773703363641E-4,2.764904172739606E-4,2.868365497881477E-4,2.9930822534434244E-4,2.9077433129825705E-4,3.2904497212629685E-4,7.684608000890717E-4,0.003283831649340148,1.4297811620391228E-4,2.601052033538655E-4,2.4085275152706308E-4,8.767417361484455E-4,0.005785452981735669,3.64781638723725E-5,0.0013070131817031674,1.6825251120241376E-4,0.007027068834336492,2.8797075765171304E-4,2.527723904725021E-5,4.349748857543152E-4,1.8800477646823744E-4,3.627844491802167E-4,1.0372359206255855E-4,1.9832945682352553E-4,0.0024871671790487227],[0.014299549275367751,0.013432557846848539,0.0037225701982475366,0.01606542934227864,0.006342286128538354,0.006910959177979245,0.015348293926041664,0.01467687824389556,1.0,0.011477739913609033,0.008639844830827692,0.010584414915526186,0.0070987438290290245,0.011473506526767386,0.010500753664510767,0.005637322660810262,0.004607294610870648,0.008986822996512706,0.012271137152521112,0.005057676081113725,0.008204005703533399,0.015826203694379884,0.015624518354992812,0.0010773575362806836,0.022107410198106317,0.0014340035365531488,0.01967293185826687,5.805868894770158E-4,0.01267318771676136,0.005556126663701865,0.003723876213961836,0.004922324626459033,0.01072677429214007,0.017584987780488927,0.0017113673279489114,0.008653734699638952,0.007077748989917131,0.011071313728803366,0.009853523744218742,0.013714773782584372,0.003894389726605411,0.008582397444092808,0.01612763586174049,3.541117411193091E-4,0.006081866217251816,0.01057495135640863,0.00788653887775083,0.009292073804241819,0.013292393057443562,0.015939765667635955,0.005674868293444381],[8.820921484004133E-5,0.004391980531179753,8.182040431819863E-5,3.844189214538305E-4,0.0038828905646352283,6.528389245630235E-5,0.001734756224374903,2.1816219721516828E-4,0.011477739913609033,1.0,4.580462384661139E-4,2.6995191681108396E-5,1.7899584022989823E-4,2.727124179488054E-4,4.3763357218838775E-4,2.6129906179224926E-5,9.257054971945783E-4,6.666355463683884E-5,3.197723000661861E-4,3.063889317393187E-4,0.004076424490538446,0.0063753518415028436,0.0027287071336904883,7.138991591324044E-5,0.015663104628894,1.7580740496222867E-4,0.020096598877671894,2.3550463611320825E-5,1.0579700062870862E-4,1.6089063615878896E-4,1.269130252875458E-4,2.780414022768844E-4,0.0013536924618501604,0.003996141571709126,5.885251777394716E-5,1.523517766859905E-5,1.1578652506371133E-4,0.0016036104441274938,3.2452506651248317E-4,2.5804063570093097E-5,3.490722833682592E-4,6.384193364567682E-5,0.005225048479472128,2.546142116738409E-4,2.860539292994113E-5,4.134408694921455E-4,1.2533608357604128E-4,9.534209857894156E-5,2.334705925234298E-5,3.915501851120546E-5,0.0020300284588740626],[8.176860335438465E-4,0.004001450504333283,0.001014320469899055,0.0021316341126882917,0.0029198257761775506,1.4677666195519814E-4,0.011767181415379987,0.0010258173126795134,0.008639844830827692,4.580462384661139E-4,1.0,8.290296149302818E-4,8.441214675765989E-4,0.0010518143252237363,0.0011195799035130219,2.4142509017919514E-4,0.001292729999130407,6.182732311731744E-4,0.0016888089653385842,6.273300561633239E-4,0.0014148527270893359,0.002947585063062746,0.002562359685845036,8.053748427494801E-4,0.014382600619679796,7.116621454558137E-4,0.01880333364887764,9.316494905484228E-4,0.001011101829708914,2.3918107828565236E-4,7.624111058212192E-4,4.400140461637039E-4,0.0020054059840419166,0.012941165742049038,7.877031315844943E-4,8.353006558772163E-4,1.647424653118436E-4,0.0024137006771945435,0.0063858691437109275,0.001074281086399752,0.001270728352109642,0.001039171383987029,0.008575197165476726,0.0010834230806813646,9.020339530663328E-5,7.920906415754957E-4,7.51247718262365E-4,4.433589301913512E-4,0.0011142515957189643,5.875994613943796E-4,0.002290546294084073],[6.661561346040303E-5,0.005736632599811696,5.260540458450988E-5,3.8905595074534955E-4,0.0019155579475682236,3.618777095107732E-5,9.796287463185737E-4,1.2076147130502318E-4,0.010584414915526186,2.6995191681108396E-5,8.290296149302818E-4,1.0,7.060354551254536E-5,4.3506413280288016E-5,4.22524616850623E-4,2.5469881934277225E-5,8.594521860541764E-5,9.104604798707477E-5,0.0010864787281392632,9.111671578838974E-5,0.0013231292761163545,0.003492189742790389,0.0015493445213294397,1.2539673284722087E-4,0.0034338771554841534,2.850143523246128E-4,0.017782711951295018,2.43994209691395E-5,9.851324821644964E-5,1.8005811173614367E-4,1.231238916628794E-4,2.745829056493893E-4,0.0019010422516226061,0.01686302296301455,4.484907328685442E-5,2.1968999892724486E-5,1.2630083756941013E-4,0.0018327275539184345,3.0336204429874767E-4,2.0009731200900627E-5,0.0010890265975271396,1.0097501971333741E-4,0.007406265211826722,1.2786342474044725E-4,2.603269644201237E-5,1.2903091187141196E-4,1.5330289925151772E-4,3.1677791205818204E-4,2.2647872660778656E-5,4.540658250375594E-5,0.00241790671147032],[1.6965616115159214E-4,0.002477166166327865,1.8926683875506773E-4,0.001020575845918156,0.0016436682079067843,1.8973557640414844E-4,0.010213146762003696,2.0122756294637629E-4,0.0070987438290290245,1.7899584022989823E-4,8.441214675765989E-4,7.060354551254536E-5,1.0,4.7266336704007055E-4,2.670966124216328E-4,1.6215419248469801E-4,0.0011824918387796943,1.9310292839485094E-4,9.416802850653505E-4,2.858707516332293E-4,0.00671165066873665,0.0016075468458169645,0.002201473468016251,1.74276361240994E-4,0.019395231325828925,2.861754598173121E-4,0.0059365924974719405,1.2318684074604484E-4,1.7437083449723306E-4,1.8883729114759382E-4,1.7801809036341947E-4,2.956289817377259E-4,9.56075467597816E-4,0.009422882032548898,1.295721504839874E-4,1.2866816133816827E-4,1.640828985426956E-4,0.0018170642692849472,0.005678251362643813,4.101888576049566E-5,0.001198002666575085,1.8569623611322902E-4,0.012073265572622156,2.1354365668627633E-4,9.813901557260395E-5,2.6386249862186224E-4,1.7239417649216878E-4,2.2307034509877789E-4,1.4083930636256005E-4,1.197905979542612E-4,0.0015321550213761768],[2.0667293570561404E-4,0.0014536151461568068,1.5593511851825565E-4,0.0011803047198594898,0.004046212344218939,4.514750738487555E-4,0.003628784822571786,4.648550226472313E-4,0.011473506526767386,2.727124179488054E-4,0.0010518143252237363,4.3506413280288016E-5,4.7266336704007055E-4,1.0,0.0010054032990437767,3.3786483330676924E-4,0.0016389828335280315,5.463372239903309E-4,6.756836879025114E-4,5.14777815159692E-4,0.004317781318151727,0.008111152570557712,9.950384108599487E-4,5.405205853707165E-4,0.016899170708432408,5.131489375493818E-4,0.003246584251984,4.1224749647362667E-4,4.8263422772804195E-4,2.0179074695968576E-4,3.9346238943889115E-4,4.98321540565296E-4,9.721528559264577E-4,0.004908782183160949,4.8564674482646776E-4,3.830908624489326E-4,2.3763306760340248E-4,0.002100153909717552,0.006605774033035604,3.130743327730235E-4,0.0012305430356362973,3.050754206319025E-4,0.002734021642974856,3.991130843017007E-4,2.9485397735069807E-4,6.025082728745661E-4,4.938238048260538E-4,4.246231921336144E-4,2.7962824514111544E-4,4.2052037378360706E-4,0.0018334734692937642],[8.915677958649667E-4,0.005020883837840447,4.0457358968979795E-4,0.0016825371658381063,0.003871203285618841,2.1154919261983057E-4,0.004753895390359719,7.033358173488063E-4,0.010500753664510767,4.3763357218838775E-4,0.0011195799035130219,4.22524616850623E-4,2.670966124216328E-4,0.0010054032990437767,1.0,5.607486049079724E-4,0.0011481040462113302,4.18572869133887E-4,0.0015683659822769698,4.491724858745825E-4,0.00672724095900252,0.013954171156546714,0.001535271475144654,3.548161299127511E-4,0.019873737012140975,8.018728076604332E-4,0.020243522896463525,4.30204800307778E-4,4.8306113575447566E-4,2.8233294114976396E-4,0.0010457237630502369,4.8366432554517656E-4,0.0018314523738511101,0.01621573275115296,4.892214367562882E-4,6.931321623705618E-4,0.0010384798151445904,0.0020742649739372144,0.005589672711505112,4.3494355433597233E-4,0.001276850897629057,8.561015811048661E-4,0.002469920560813,0.0010170136648274333,7.164719890723818E-4,0.001033424849180893,5.3763496311109E-4,8.871176631406257E-4,1.2802461261751823E-4,1.381310741953252E-4,0.0020855545766420023],[3.679347130007977E-5,0.0023063348790995555,8.415249489887709E-5,8.035724608434706E-5,0.001389849359026466,4.579336499223827E-5,0.006772390634714832,7.576913299020618E-5,0.005637322660810262,2.6129906179224926E-5,2.4142509017919514E-4,2.5469881934277225E-5,1.6215419248469801E-4,3.3786483330676924E-4,5.607486049079724E-4,1.0,0.0017063571503179208,9.98597451359602E-5,0.0013919751051565158,1.684663976912092E-4,0.0031587269812112183,0.007101706480089088,4.207092186284826E-4,1.3032370752872138E-4,0.0036232558202533845,1.6944646271200818E-4,0.0010140464450491078,1.769759415354147E-5,9.235058797232581E-5,1.4772212023938684E-4,1.0518950166251546E-4,1.2698249559964982E-4,4.331039307801948E-4,0.016832550146697826,4.215682285785119E-5,1.5438665918772077E-5,1.0849012927882716E-4,0.0013798911833425296,4.813740407095667E-4,1.3620420832834699E-5,0.0013533166178805955,4.2405019285456476E-5,0.0031822919465956693,2.094733300407783E-4,1.5383239440408484E-5,6.120402607144476E-4,1.177375939298626E-4,3.084543082251799E-5,1.3950732216501885E-5,4.148022023386775E-5,7.005936542558855E-4],[1.4786130764452777E-4,0.006557879570359734,0.0012553713751320922,0.0020655290431367238,0.0032066845259169146,0.0012592009975788026,0.007666464766959681,4.7693331728117667E-4,0.004607294610870648,9.257054971945783E-4,0.001292729999130407,8.594521860541764E-5,0.0011824918387796943,0.0016389828335280315,0.0011481040462113302,0.0017063571503179208,1.0,0.0013057537549608944,0.0018746085955189606,0.0015837337393816056,0.006478740360335451,0.014736019997378941,0.0026825285766031003,0.0018949882536749177,0.012322376085828072,7.363122517593746E-4,0.0029136690254869847,0.0010271316230505711,0.0013198788478679098,5.63891212282878E-4,0.0014253812947504288,0.0015207400580561684,0.0020186266064112866,0.013643850899285163,8.679071314290458E-4,0.0018328595442178982,0.0017902815476384174,0.0022644288128072488,0.003562743871964839,4.9607691312754005E-5,0.0016318349934046383,0.001529010965153067,0.007711093821260603,3.7989018925503723E-4,2.6091369969244373E-4,0.0011511079639553562,0.001540122877451285,7.904717416529094E-4,0.0013327830691277035,5.1548238143318205E-5,0.0024147567740283728],[1.6769155597005158E-4,0.005664408242327114,1.1536044944547325E-4,0.00103626871712462,7.908491316469679E-4,1.4930036129410149E-4,0.005752119914029365,2.66443492291724E-4,0.008986822996512706,6.666355463683884E-5,6.182732311731744E-4,9.104604798707477E-5,1.9310292839485094E-4,5.463372239903309E-4,4.18572869133887E-4,9.98597451359602E-5,0.0013057537549608944,1.0,0.001072220759031088,2.522777016748925E-4,0.003331027461015372,0.012888992806999644,0.0017760453566397119,1.744556864316561E-4,0.008241817814054057,4.4334601059236244E-4,0.014372091258077577,1.3149831075843165E-4,1.4380624015749015E-4,1.9291495904175563E-4,1.9224409421044993E-4,3.340112633943081E-4,4.1516587761633464E-4,0.0037320128452393653,1.764949065135578E-4,4.704236525213424E-5,1.7132495422092733E-4,0.0010350628022974555,0.0013003960296029638,8.39370229422835E-5,0.0011076560866287268,2.0200417745773464E-4,0.007947196067116802,2.424437122168664E-4,1.1657050445276023E-4,2.7194202429073333E-4,1.9194241584719572E-4,2.175782904003339E-4,1.3257619175590206E-4,1.6655930603110805E-4,6.28540678152414E-4],[8.245128032198735E-4,0.0033594102224604864,0.00138798468102116,0.0020059660527698467,0.002314851417425331,0.0016983414535783415,0.013722150090017303,7.900001518334622E-4,0.012271137152521112,3.197723000661861E-4,0.0016888089653385842,0.0010864787281392632,9.416802850653505E-4,6.756836879025114E-4,0.0015683659822769698,0.0013919751051565158,0.0018746085955189606,0.001072220759031088,1.0,0.0012291333506107879,0.007339611145140475,0.005865226212440286,0.0026596194633957512,3.754467777246735E-4,0.02035614081233499,0.0017614386343023118,0.016212127745796348,5.792355944182563E-4,0.00140901663458365,0.0015121115184356625,0.0012853382958652746,6.497386296997962E-4,0.0018225967982308546,0.013235344168245506,5.730172711506107E-4,0.001329719249071986,0.0016980957487403986,0.0032631363538986845,0.0020381626321414443,6.457781899964899E-4,0.0015747012520686845,0.0010656280508215894,0.008192563506538644,0.001107109004572813,8.165175221727609E-4,0.0014143451872852828,0.0017932182125564875,3.9962027800125336E-4,0.0015545354547434513,0.0016734012927854952,0.0022134783602577542],[1.7300340500577596E-4,0.004304458518205645,1.2289457601289718E-4,4.8271650073530224E-4,0.003308196615309382,1.5816836154433866E-4,0.007885716591902585,3.0261394871863547E-4,0.005057676081113725,3.063889317393187E-4,6.273300561633239E-4,9.111671578838974E-5,2.858707516332293E-4,5.14777815159692E-4,4.491724858745825E-4,1.684663976912092E-4,0.0015837337393816056,2.522777016748925E-4,0.0012291333506107879,1.0,0.005753187188847932,0.01206007403519763,0.0011687196545517777,2.0217573869837474E-4,8.531914674758765E-4,4.364563697279592E-4,0.005401405900588681,1.5184929179758134E-4,2.5814909222790917E-4,3.02466912711972E-4,2.8065913301342834E-4,3.7400650390817216E-4,0.0016511664960335653,0.016151129479215497,1.8555515356341644E-4,2.4378619342635586E-4,2.8126339539269495E-4,0.0023119786448084867,0.006575869965944188,2.957165975206848E-4,0.0011762221394941664,2.523114244072195E-4,0.003658934521055052,2.589636265276275E-4,2.9562933590573202E-5,3.3381982450672186E-4,3.2091935566130924E-4,3.581457803402513E-4,2.9743957750621842E-5,1.2944956822607065E-4,0.00169169894916183],[0.002873436656402357,0.007732044086558309,0.0036980763774059414,0.0028102398702871687,0.00758779285038371,0.00732688270759105,0.011159671913259651,0.006323448147899825,0.008204005703533399,0.004076424490538446,0.0014148527270893359,0.0013231292761163545,0.00671165066873665,0.004317781318151727,0.00672724095900252,0.0031587269812112183,0.006478740360335451,0.003331027461015372,0.007339611145140475,0.005753187188847932,1.0,0.014581051801007413,0.006680088224322187,0.007866205394383537,0.02138954810833064,0.005696247797240333,0.008843770660955482,0.002871951709368125,0.0020238676567285816,4.140866875304973E-4,0.006959926146141974,0.007191228402634026,0.004556629490712515,0.01154015015790894,0.007145812224523573,0.0041796270453725165,3.090704647289124E-4,0.007603008246312645,0.0076472633910332,6.951321026026035E-4,0.004703294594670226,0.004880347100526726,0.01194612253256885,0.0031058824375398857,0.0032933196256306205,0.004554030397497124,4.233271918031938E-4,0.006361888291794389,0.004762959026724443,0.004967774444529861,0.007335442508735075],[0.013394769671149394,0.014282842132350603,0.0035143122398836276,0.009705974606664648,0.004507107951854494,0.006383174012418117,0.014581019171439651,0.004038269872383438,0.015826203694379884,0.0063753518415028436,0.002947585063062746,0.003492189742790389,0.0016075468458169645,0.008111152570557712,0.013954171156546714,0.007101706480089088,0.014736019997378941,0.012888992806999644,0.005865226212440286,0.01206007403519763,0.014581051801007413,1.0,0.011540424986116325,0.0060232614976485814,0.01905852726956162,0.0016848725512040186,0.01960139782706158,0.0026225566945533474,0.007981200441319416,0.0026747112138616907,0.009963133383577589,0.00263967945621037,0.015507006752821923,0.018232098974198092,0.002776659523195256,0.012839077151091872,0.0032000177569037193,0.009303928490337057,0.010225255182623459,0.01556368046532111,0.015272715685292303,0.010110309481126737,0.012729693858561824,0.009691740257052562,0.00954103646503392,0.013678780043716738,0.01303269282929936,0.015293713854442495,0.003130573611566165,0.007159387939601184,0.014948688182619671],[2.3537510043268307E-4,0.00561367066577257,7.302935094266652E-4,0.002691326139064407,0.0032809052247060448,9.477016838911308E-5,0.009399789426543908,0.0016756793874733555,0.015624518354992812,0.0027287071336904883,0.002562359685845036,0.0015493445213294397,0.002201473468016251,9.950384108599487E-4,0.001535271475144654,4.207092186284826E-4,0.0026825285766031003,0.0017760453566397119,0.0026596194633957512,0.0011687196545517777,0.006680088224322187,0.011540424986116325,1.0,0.0012605835126192724,0.004597156918177031,7.65313698349051E-4,0.010297707967481926,4.058429207115961E-4,0.0016748274503536303,0.002677708006902811,0.0018869063655040602,5.909728917003179E-4,0.0023049829164406687,0.013169066242841115,0.0012917468523773038,0.002312470963285444,0.0026018472918790756,0.0033238301732498436,0.006343642582315971,4.6790423753998833E-4,0.0021035773323032593,0.0021622387094308217,0.005689107068525842,2.8545751766394033E-4,0.0018704562698954015,0.002504749065179604,9.242963877894479E-4,6.718760810054869E-4,6.192217885194363E-4,3.9257083895859673E-4,0.002581407660529495],[1.6071565341108261E-4,0.006566889702092784,1.1213621189591492E-4,4.689358030516657E-4,0.0013388393206359283,1.0185977556369222E-4,0.006750056550501457,2.725498205901995E-4,0.0010773575362806836,7.138991591324044E-5,8.053748427494801E-4,1.2539673284722087E-4,1.74276361240994E-4,5.405205853707165E-4,3.548161299127511E-4,1.3032370752872138E-4,0.0018949882536749177,1.744556864316561E-4,3.754467777246735E-4,2.0217573869837474E-4,0.007866205394383537,0.0060232614976485814,0.0012605835126192724,1.0,0.01849726090000582,3.0685655120427736E-4,0.00682364822912215,1.1669147811603278E-4,1.3470849996512704E-4,1.7478216992817107E-4,1.4584371794406365E-4,3.7578176667226067E-4,0.0012366441849802803,0.011052924683422225,1.4529214121152887E-4,3.908006665845661E-5,1.630600403051356E-4,0.002768947202436078,0.002313727207859571,1.5713355248705662E-4,4.797326567139953E-4,1.566903583966553E-4,0.0042799756062114076,2.4515394460816503E-4,1.3863016216045918E-4,5.731251578833155E-4,1.6428490017739237E-4,2.462702399733704E-4,1.3009264161004483E-4,7.930922153552821E-5,2.652150781083843E-4],[0.020355275829623782,0.018381491866851223,0.020752866874236723,0.008494061870483075,0.01768714016142579,0.01990627953559131,0.020760622019930057,0.003065816152652436,0.022107410198106317,0.015663104628894,0.014382600619679796,0.0034338771554841534,0.019395231325828925,0.016899170708432408,0.019873737012140975,0.0036232558202533845,0.012322376085828072,0.008241817814054057,0.02035614081233499,8.531914674758765E-4,0.02138954810833064,0.01905852726956162,0.004597156918177031,0.01849726090000582,1.0,0.0052596238465719945,0.021968680372322396,0.0024355453469882275,0.014001746384899287,0.0024377518782748137,0.00315563584640475,0.010367624803222517,0.01767779461731694,0.021662953190593484,5.683988075014156E-4,0.018214564514271173,0.00648346629190337,0.020658919445230912,0.016891668749970924,7.340326775923571E-4,0.006989809219330578,0.00498882434915352,0.013796925107116153,0.019389018028474602,0.01566411241942204,0.002005148201431811,8.291943459403741E-4,0.020749590744078384,0.01883644122618881,0.021901155881445252,0.012929371941741106],[4.4630050693551164E-4,0.004206566665004975,3.830345409950752E-4,9.762113626422587E-4,0.0038920343181458473,3.1298303998526447E-4,0.008984556516855086,4.183256677145054E-4,0.0014340035365531488,1.7580740496222867E-4,7.116621454558137E-4,2.850143523246128E-4,2.861754598173121E-4,5.131489375493818E-4,8.018728076604332E-4,1.6944646271200818E-4,7.363122517593746E-4,4.4334601059236244E-4,0.0017614386343023118,4.364563697279592E-4,0.005696247797240333,0.0016848725512040186,7.65313698349051E-4,3.0685655120427736E-4,0.0052596238465719945,1.0,0.0034217689898948978,2.200173919084841E-4,1.1478005900043787E-4,3.876842746042029E-4,2.659520848459929E-4,3.86958511842926E-4,0.0010823371169222068,7.567376359521549E-4,1.3998485680005458E-4,1.0504723674168646E-4,3.3294736892792987E-4,0.0012147648194863034,0.00412004069602942,2.2977367612444705E-4,6.362375957633217E-4,3.990664741082179E-4,0.0015360390829126382,3.3400889866628305E-4,3.4857777620354256E-4,5.333707266582837E-4,3.8693342936556687E-4,4.662526218880078E-4,3.7054259955484746E-4,5.9269275807369095E-5,0.0020738792360575522],[0.001139593053949766,0.0188953423186617,0.017160088845312945,0.009762968952191198,0.009335689421274026,0.019353817137134906,0.015343309593026332,3.776773703363641E-4,0.01967293185826687,0.020096598877671894,0.01880333364887764,0.017782711951295018,0.0059365924974719405,0.003246584251984,0.020243522896463525,0.0010140464450491078,0.0029136690254869847,0.014372091258077577,0.016212127745796348,0.005401405900588681,0.008843770660955482,0.01960139782706158,0.010297707967481926,0.00682364822912215,0.021968680372322396,0.0034217689898948978,1.0,0.0076417432259815845,0.01923320086450778,0.009331853168155027,0.009521223526041674,0.012974140149445314,0.005506428660083124,0.02021689612582115,0.008414194708511215,0.010787816626612334,7.973649116195656E-4,0.01449400966977578,0.01008330648771539,0.013888322900609212,0.01894851492938444,0.008431415249754354,0.020781923614323315,0.004601465668117076,0.003918741855946443,0.012695014404118863,0.0058326613817483546,0.0064466811930507465,0.008496486766365566,0.007795869222361736,0.01645886297786804],[2.1387498858997406E-5,0.0069525215848127995,8.975764958792497E-5,0.0018774746689923431,0.003225391589053557,5.805003287158447E-5,0.011800646727052657,2.764904172739606E-4,5.805868894770158E-4,2.3550463611320825E-5,9.316494905484228E-4,2.43994209691395E-5,1.2318684074604484E-4,4.1224749647362667E-4,4.30204800307778E-4,1.769759415354147E-5,0.0010271316230505711,1.3149831075843165E-4,5.792355944182563E-4,1.5184929179758134E-4,0.002871951709368125,0.0026225566945533474,4.058429207115961E-4,1.1669147811603278E-4,0.0024355453469882275,2.200173919084841E-4,0.0076417432259815845,1.0,2.7717753772452088E-5,8.459174433412047E-5,1.1847533749087291E-4,3.460056010894395E-4,8.029415783126126E-4,0.007732404714948644,2.2538805477022212E-5,1.531149709014897E-5,1.4119850984674876E-4,0.002847700317087945,0.0023691710722812116,1.4849930799379174E-5,0.0013895803938873451,1.1112905062745919E-4,0.008459728479767782,2.1326034941879587E-4,1.7957021593857823E-5,1.0780275428765093E-4,6.3823165350758E-5,8.477381857028111E-5,1.2570497581011782E-5,1.9236750649476636E-5,7.929215931319069E-4],[1.3360088430324277E-4,0.005011447041381312,1.0568249581304471E-4,0.0021222911499094023,0.003423483315752166,1.0190218400325838E-4,0.00948771108322303,2.868365497881477E-4,0.01267318771676136,1.0579700062870862E-4,0.001011101829708914,9.851324821644964E-5,1.7437083449723306E-4,4.8263422772804195E-4,4.8306113575447566E-4,9.235058797232581E-5,0.0013198788478679098,1.4380624015749015E-4,0.00140901663458365,2.5814909222790917E-4,0.0020238676567285816,0.007981200441319416,0.0016748274503536303,1.3470849996512704E-4,0.014001746384899287,1.1478005900043787E-4,0.01923320086450778,2.7717753772452088E-5,1.0,1.1099150236619685E-4,1.2033195791873457E-4,1.5881772795101648E-4,0.001765337829443029,0.018062673182315175,1.1089550330181447E-4,7.1529174468612E-5,1.2526241907831576E-4,0.0016308269338146386,0.002397577954960086,9.338167447059601E-5,0.0010113635601662876,1.1373956197197292E-4,0.0028148656446239737,1.440555205067937E-4,8.643841734612547E-5,2.447583934051685E-4,1.396882989225857E-4,2.7283198840458834E-4,8.353227053216716E-5,8.340189426177048E-5,3.7232867110321375E-4],[1.8780681152826407E-4,0.0073902210976310705,1.5593261839294984E-4,0.0019712721151037248,0.003904086922757134,1.3063267069826317E-4,0.0137279838506397,2.9930822534434244E-4,0.005556126663701865,1.6089063615878896E-4,2.3918107828565236E-4,1.8005811173614367E-4,1.8883729114759382E-4,2.0179074695968576E-4,2.8233294114976396E-4,1.4772212023938684E-4,5.63891212282878E-4,1.9291495904175563E-4,0.0015121115184356625,3.02466912711972E-4,4.140866875304973E-4,0.0026747112138616907,0.002677708006902811,1.7478216992817107E-4,0.0024377518782748137,3.876842746042029E-4,0.009331853168155027,8.459174433412047E-5,1.1099150236619685E-4,1.0,1.7035364925926672E-4,3.4429652162225853E-4,0.0013396703179349686,0.003807449530954168,1.6720099934353015E-4,1.1892380553664258E-4,1.7157559418531232E-4,2.766887797836569E-4,0.0029920288310851485,9.661727095491169E-5,7.176616774692592E-4,1.7323465849789497E-4,0.005212770426023396,2.354125641021564E-4,8.965956451934632E-5,2.5450591408943915E-4,1.69615157076353E-4,3.417037201694209E-4,6.428335549366887E-5,1.8371591207857633E-4,0.001991313646958265],[1.4400682900938075E-4,0.006872667445540712,1.2933608507370917E-4,4.3466708500718154E-4,0.002407470612181544,1.3714726785637007E-4,0.009877147958140344,2.9077433129825705E-4,0.003723876213961836,1.269130252875458E-4,7.624111058212192E-4,1.231238916628794E-4,1.7801809036341947E-4,3.9346238943889115E-4,0.0010457237630502369,1.0518950166251546E-4,0.0014253812947504288,1.9224409421044993E-4,0.0012853382958652746,2.8065913301342834E-4,0.006959926146141974,0.009963133383577589,0.0018869063655040602,1.4584371794406365E-4,0.00315563584640475,2.659520848459929E-4,0.009521223526041674,1.1847533749087291E-4,1.2033195791873457E-4,1.7035364925926672E-4,1.0,2.4296377905706076E-4,0.0018429498237215567,0.018472190679531576,1.4130046917931464E-4,5.7107365460387946E-5,1.5206991800994073E-4,0.0028942347578714937,0.004016905995839801,4.1779513476119663E-5,2.75338190909719E-4,1.4313426123608515E-4,0.011954441952964866,1.7734454794069216E-4,4.7493951973317884E-5,6.165795535347067E-4,1.5573105409249902E-4,2.0098277246948337E-4,8.592535133686348E-5,7.485860715535566E-5,5.310121041568976E-4],[2.7730536048507917E-4,0.004103965404903307,3.5582586734751937E-4,0.0010581443592691418,0.0011800845873302479,2.8022822570659424E-4,0.012263779015495548,3.2904497212629685E-4,0.004922324626459033,2.780414022768844E-4,4.400140461637039E-4,2.745829056493893E-4,2.956289817377259E-4,4.98321540565296E-4,4.8366432554517656E-4,1.2698249559964982E-4,0.0015207400580561684,3.340112633943081E-4,6.497386296997962E-4,3.7400650390817216E-4,0.007191228402634026,0.00263967945621037,5.909728917003179E-4,3.7578176667226067E-4,0.010367624803222517,3.86958511842926E-4,0.012974140149445314,3.460056010894395E-4,1.5881772795101648E-4,3.4429652162225853E-4,2.4296377905706076E-4,1.0,0.0017248058887321793,0.01484277745198755,1.626021189902043E-4,1.7472449971693605E-5,1.9852319275192435E-4,0.001456360832963571,0.00640715044075104,1.3962249105094743E-4,5.204811192608827E-4,3.6355317063230144E-4,0.005232491853022733,3.5667222714574583E-4,2.022224202180685E-4,5.799190522696709E-4,2.0415199824205E-4,3.809113247597712E-4,3.1414542063655304E-4,1.5787794855013688E-4,0.002180619226945626],[2.4943471507209267E-4,0.004122484980692216,0.00120967608495326,0.002311704454965717,0.0033543391984491274,3.618787137545605E-4,0.01070974500269542,7.684608000890717E-4,0.01072677429214007,0.0013536924618501604,0.0020054059840419166,0.0019010422516226061,9.56075467597816E-4,9.721528559264577E-4,0.0018314523738511101,4.331039307801948E-4,0.0020186266064112866,4.1516587761633464E-4,0.0018225967982308546,0.0016511664960335653,0.004556629490712515,0.015507006752821923,0.0023049829164406687,0.0012366441849802803,0.01767779461731694,0.0010823371169222068,0.005506428660083124,8.029415783126126E-4,0.001765337829443029,0.0013396703179349686,0.0018429498237215567,0.0017248058887321793,1.0,0.012672692689541125,0.00198316440600828,0.0019129256167860372,0.0016803237082430045,0.0025002230561410104,0.003256115764516852,0.0016463694049598959,0.0019327112109719642,7.38634799016563E-4,0.009896898266219662,0.0016042925758765374,0.0017180083414487424,0.0010435453323161539,0.001900377082305971,0.0012122229414730673,1.965505262948047E-4,4.085633137648546E-4,0.002039302103330878],[0.01292952853907954,0.010322957695977499,2.7429980502323014E-4,0.009209867669325258,0.01811621536619616,0.007698687088273425,0.014193834903542582,0.003283831649340148,0.017584987780488927,0.003996141571709126,0.012941165742049038,0.01686302296301455,0.009422882032548898,0.004908782183160949,0.01621573275115296,0.016832550146697826,0.013643850899285163,0.0037320128452393653,0.013235344168245506,0.016151129479215497,0.01154015015790894,0.018232098974198092,0.013169066242841115,0.011052924683422225,0.021662953190593484,7.567376359521549E-4,0.02021689612582115,0.007732404714948644,0.018062673182315175,0.003807449530954168,0.018472190679531576,0.01484277745198755,0.012672692689541125,1.0,5.884100809531957E-4,0.008460630466826538,0.013574571857367327,0.006088103946171703,0.009767011754145516,0.005857995439085935,0.013979863022632918,0.003035695652579504,0.017556378992892863,0.01581622965711548,0.015968046144600064,0.01494233231614854,0.014053688942947916,0.01535279701844058,0.015107460967645099,0.015528555022606791,0.008221988294299095],[1.4057007657099793E-4,0.0019686049160682947,1.1822934544924519E-4,0.0013927373364301637,0.0025595120347745356,1.0104144010339054E-4,0.01205105316128411,1.4297811620391228E-4,0.0017113673279489114,5.885251777394716E-5,7.877031315844943E-4,4.484907328685442E-5,1.295721504839874E-4,4.8564674482646776E-4,4.892214367562882E-4,4.215682285785119E-5,8.679071314290458E-4,1.764949065135578E-4,5.730172711506107E-4,1.8555515356341644E-4,0.007145812224523573,0.002776659523195256,0.0012917468523773038,1.4529214121152887E-4,5.683988075014156E-4,1.3998485680005458E-4,0.008414194708511215,2.2538805477022212E-5,1.1089550330181447E-4,1.6720099934353015E-4,1.4130046917931464E-4,1.626021189902043E-4,0.00198316440600828,5.884100809531957E-4,1.0,2.0142082851327373E-5,1.5338353662317818E-4,0.0010072056071659308,0.004681229706031821,1.2146141796434627E-5,0.001396632559835721,1.3383026162500897E-4,0.00331527147761149,1.4658832179706706E-4,7.661101033070973E-5,5.431338069552114E-4,1.558462694817608E-4,1.2718875728847377E-4,2.888134764282319E-5,1.0896606196388525E-4,0.0010802713423753102],[7.639710831828944E-5,0.006748009956398001,3.8334711355551384E-5,0.0021594741201807323,0.002741981421196572,7.390628385211517E-5,0.013317068454919558,2.601052033538655E-4,0.008653734699638952,1.523517766859905E-5,8.353006558772163E-4,2.1968999892724486E-5,1.2866816133816827E-4,3.830908624489326E-4,6.931321623705618E-4,1.5438665918772077E-5,0.0018328595442178982,4.704236525213424E-5,0.001329719249071986,2.4378619342635586E-4,0.0041796270453725165,0.012839077151091872,0.002312470963285444,3.908006665845661E-5,0.018214564514271173,1.0504723674168646E-4,0.010787816626612334,1.531149709014897E-5,7.1529174468612E-5,1.1892380553664258E-4,5.7107365460387946E-5,1.7472449971693605E-5,0.0019129256167860372,0.008460630466826538,2.0142082851327373E-5,1.0,1.0442816986328252E-4,2.436364230661266E-4,0.0012178032984732443,1.2191695369258677E-5,7.251885525483992E-4,2.7320700745571347E-5,0.009075325345191057,1.8462674036983418E-5,1.298048778293693E-5,5.745348115532778E-4,3.4738585113033605E-5,1.4943217676467483E-4,1.1597016276147084E-5,3.5165255335133475E-5,0.0015138627517370027],[1.6045441137426097E-4,0.005216652167256547,1.4970233379672343E-4,2.1735771658547485E-4,0.00158630301499155,1.0550421874003634E-4,0.008117238209928018,2.4085275152706308E-4,0.007077748989917131,1.1578652506371133E-4,1.647424653118436E-4,1.2630083756941013E-4,1.640828985426956E-4,2.3763306760340248E-4,0.0010384798151445904,1.0849012927882716E-4,0.0017902815476384174,1.7132495422092733E-4,0.0016980957487403986,2.8126339539269495E-4,3.090704647289124E-4,0.0032000177569037193,0.0026018472918790756,1.630600403051356E-4,0.00648346629190337,3.3294736892792987E-4,7.973649116195656E-4,1.4119850984674876E-4,1.2526241907831576E-4,1.7157559418531232E-4,1.5206991800994073E-4,1.9852319275192435E-4,0.0016803237082430045,0.013574571857367327,1.5338353662317818E-4,1.0442816986328252E-4,1.0,4.2672021737036477E-4,0.0029812298533788205,1.4727094589949273E-5,4.7822504801588633E-4,1.543812938054664E-4,0.004848689392880742,1.7117110541059555E-4,1.3497937743443215E-4,4.294074826976308E-4,1.6383234500526837E-4,2.7860541846470654E-4,1.3503770136199448E-4,6.277547814997691E-5,0.002183816195621757],[0.002306420376545039,0.006084783798522801,0.0030590741467819943,0.0032487031869410667,0.00383177640501781,0.0010357828749382888,0.010783971253888752,8.767417361484455E-4,0.011071313728803366,0.0016036104441274938,0.0024137006771945435,0.0018327275539184345,0.0018170642692849472,0.002100153909717552,0.0020742649739372144,0.0013798911833