[[1.0,3.8948768450525174E-4,3.7826261216997056E-4,0.003479596902788459,6.651941758787599E-4,5.595929267632744E-4,1.1398299712921898E-4,2.9183782453314215E-4,2.731628434098685E-4,3.2587528694488516E-4,0.009144556581117892,3.683675531234293E-4,6.891134148532072E-4,3.6448336914738776E-4,1.547575493539041E-4,3.5544687400498854E-4,4.920468120474868E-5,4.3139622325198115E-4,3.8313902225475984E-4,1.1246295772178337E-4,2.211345154583707E-4,3.704669898049906E-4,0.017211404397265373,0.0016879585400429034,5.556137438461317E-4,4.858821900267379E-4,0.018740074682100167,3.367439388496E-4,3.8160821974427407E-4,2.428034808469473E-4,0.005228691031095148,2.0369102860548762E-4,3.7619524857107715E-4,3.199128167749756E-5,0.0012399784038465078,4.0398703727427665E-5,3.6635636501933125E-4,4.6036429243391383E-4,9.101748164876281E-4,4.077582996496376E-4,0.002800081518773737,2.9123202329706696E-4,3.4301614506010073E-4,4.585275529672495E-5,0.004168714193435653,4.1595841459144875E-4,8.617341540193333E-4,2.4015415206058224E-4,0.005831425172785023],[3.8948768450525174E-4,1.0,2.4844897170963665E-4,0.01145744078945672,7.207570126962462E-4,0.001037422807471701,2.62824645692992E-5,1.7047878220155535E-4,1.9918642117197158E-4,1.8114001921652083E-4,0.006113974303801079,2.2933511401412518E-4,6.719244525022651E-4,1.6408248935388678E-4,1.7115776376261995E-4,2.183029701784159E-4,4.221081491744622E-5,8.922117171640924E-4,2.71298108036246E-4,8.474649904515952E-5,1.3936964118599582E-4,2.1609767825626314E-4,0.013186457293020924,0.003000595774698317,5.828934296129205E-4,4.3024255210314164E-4,0.014517304901020205,2.18055098081309E-4,2.3591932480616573E-4,1.8425388743226084E-4,0.007373942385730917,1.8440142547205966E-4,1.7630522011555786E-4,1.1691065362119072E-4,6.071644700869116E-4,1.2083940957867951E-4,2.0773673494383843E-4,3.8218353947559443E-4,5.021156605215567E-4,3.391328428296867E-4,3.523146327175169E-4,6.443994487945797E-5,2.1180904392354336E-4,1.8609167243922316E-4,0.0033508163259007347,3.946878810760806E-4,8.167840215471821E-4,1.4255790396108952E-4,0.006749253888780842],[3.7826261216997056E-4,2.4844897170963665E-4,1.0,0.0026315231653245065,6.042261631898669E-4,7.342617704263713E-4,2.3503592571774871E-4,2.420661030532E-4,3.252603273031623E-4,3.408834934978482E-4,0.004212811523953712,2.8610021822932574E-4,9.318277522144567E-4,1.9276573735288428E-4,2.3989220505613013E-4,3.2863132998727456E-4,3.551226571484885E-4,0.001280485515963296,3.697183894880814E-4,2.780299703400879E-4,3.3002409090208685E-4,3.59182032429723E-4,0.006040417846460319,0.0037637624410279563,0.001397463111100178,4.1666550686606657E-4,0.015144023320509983,3.425015984772525E-4,3.149194670288598E-4,3.612632985000036E-4,0.002550862431656437,2.5153436247978066E-4,2.899314828378493E-4,1.8872217155608997E-4,0.0011547112289962184,2.694799278270237E-4,3.473743928446413E-4,4.1439749144436626E-4,6.454166273641036E-4,3.60199096210468E-4,0.005346872462634639,4.583702629507845E-5,2.717708636375883E-4,2.7951663627305567E-4,0.0044832950902362724,3.811715113624447E-4,8.179323787202877E-4,1.7307934655206095E-4,0.00627853835440245],[0.003479596902788459,0.01145744078945672,0.0026315231653245065,1.0,0.011426818166304104,0.0014731977132343005,0.0015948552607724423,0.009635210316732534,0.011915614723750157,0.003696794171407775,0.011119056573883563,0.009453606717362603,0.006751180842271316,0.009148730170953504,0.004839627886660126,0.004695567946850194,0.00769890716256609,0.004637243932402148,0.005639433943143065,0.006054176328785674,0.01038853011076022,0.009501244016258018,0.012540015008231336,0.004608260164270616,0.008164145974140332,0.005766972025877995,0.02428202656938688,0.006420408949060532,0.002552259974565642,0.003047597023935479,0.01270830236440033,0.005461589942099981,0.006888650638831158,0.009067078804523203,0.004159961819872252,0.004901074574375606,0.011244347778198155,0.0075871634536470185,0.009126953984399276,8.233171299360534E-4,0.00612879190071954,0.006766810846456282,0.007307523048965142,0.009180686918289771,0.007268464077079312,0.0054132596899793065,0.00439417406709354,0.005227779437869002,0.011940301582577209],[6.651941758787599E-4,7.207570126962462E-4,6.042261631898669E-4,0.011426818166304104,1.0,0.001093486366988975,9.869117757830407E-4,9.00108605454907E-4,6.934957969922241E-4,2.7714502344550044E-4,0.007895042101696158,9.085777355045787E-4,0.001023214224925395,5.557207025839916E-4,7.330280494695302E-4,4.5519562556907477E-4,7.924009206993261E-4,0.0010411255022157726,4.340301557719959E-4,3.988739690538479E-4,3.8704584677977426E-4,7.316466181830875E-4,0.011320387697506639,0.002099278437797338,0.0014117396298345048,9.082886446367103E-4,0.007205520326775212,5.879436538316137E-4,6.999076811285979E-4,4.97680782015466E-4,0.008855410132108185,7.157129180514603E-4,1.8195267636369198E-4,3.8545520250368297E-4,0.0012324931289968994,3.5839217266945834E-4,8.140534340186887E-4,5.647717240267046E-4,0.0012224638777639926,7.745766645309115E-4,0.0019168866153329014,6.754802039717785E-4,7.382478893256558E-4,3.335648470779839E-4,0.002531316382101263,9.630931215321199E-4,0.0018095596826061928,5.304290223955504E-4,0.0016976326085266203],[5.595929267632744E-4,0.001037422807471701,7.342617704263713E-4,0.0014731977132343005,0.001093486366988975,1.0,9.435292587981599E-4,1.8122269148941874E-4,5.883240572975261E-4,9.033293460028744E-4,0.009942731134659176,3.547579588131383E-4,0.0010721168762052448,5.644729305262026E-4,5.850875819384382E-4,0.0010845399574205277,0.0010234836777050127,0.0011447920428038739,4.626740750259303E-4,3.445441724355908E-4,9.497997375564031E-4,6.005204533709415E-4,0.0012509451878199484,0.0015566315881266454,0.0018564801821234276,5.69866852008392E-4,0.024507241487025697,7.253080513949436E-4,0.0010587891464334317,0.0010239809064395283,0.007509989769039882,4.492777697806392E-4,6.981412332739897E-4,0.0010453849284999712,0.0011442927262657356,6.189528363717865E-4,8.973160726552143E-4,6.926533300063511E-4,0.001208125279641978,3.8848667842562043E-4,0.002218676571849143,8.82366390709449E-4,8.780471573568581E-4,5.179676593815251E-5,0.0034810665638771512,8.972517768804345E-4,0.0020271148295180103,6.876968041634214E-4,0.008548985676082092],[1.1398299712921898E-4,2.62824645692992E-5,2.3503592571774871E-4,0.0015948552607724423,9.869117757830407E-4,9.435292587981599E-4,1.0,1.7000176269596314E-5,1.2953196000622879E-4,6.790616623345724E-5,0.005488965840975468,6.793105411606617E-5,6.418501517596772E-4,1.0645521912129992E-4,6.0281756409066114E-5,2.1286525103944505E-4,2.5323805112467923E-5,0.0012742855191859948,2.8760922056469653E-4,3.4450797322169894E-5,2.6526525998766898E-5,1.2894881201226357E-4,0.010927858736684563,0.001436722719944246,5.206663401488131E-4,4.5434682158889555E-4,0.006421823293193097,4.357065450050693E-5,1.616021878214776E-4,6.665014808224985E-5,0.01252609365889712,1.3461299725469513E-4,3.111215381216938E-5,1.473774062419274E-5,2.7107037527962616E-4,2.082133409530207E-5,8.169494971483726E-5,1.0924155062663735E-4,9.32192069232501E-4,3.0856942695120794E-5,0.00384100211945034,1.4918962904642084E-5,9.856240752838889E-5,3.4411047924302615E-5,0.005170155940816629,8.286039164712923E-5,7.920069648610794E-4,3.123439353128328E-5,0.0011974742923589192],[2.9183782453314215E-4,1.7047878220155535E-4,2.420661030532E-4,0.009635210316732534,9.00108605454907E-4,1.8122269148941874E-4,1.7000176269596314E-5,1.0,2.076188802929111E-5,1.0752020100626948E-4,0.003986982853939688,1.0465865991302288E-4,2.7277776108512643E-4,1.8914569184944286E-5,3.162001869370795E-5,8.80255434692612E-5,3.747250495589401E-5,3.1440805789268963E-4,8.302367559120887E-5,2.390070965643052E-5,3.103365081759472E-5,6.701794553783661E-5,0.012873895635131883,1.028254477691497E-4,0.0020362251204358675,1.7250300367157467E-4,0.002137709897033198,1.9541549941546411E-4,1.3183177054117135E-4,3.5183254848456755E-5,0.014381754408354378,3.8696660303881746E-5,7.081455310607937E-5,1.0156403268553214E-5,3.775950791158962E-4,2.33332250057779E-5,1.9991989044574373E-4,2.599529005492333E-4,9.533328314774738E-4,2.038577980947528E-4,0.0043498845572317825,1.3236667300507138E-5,4.437559766029927E-5,2.131727516152574E-5,7.249124458505929E-4,2.7118051288041228E-5,0.0010818861013015839,7.12490755899803E-5,0.007621674728552801],[2.731628434098685E-4,1.9918642117197158E-4,3.252603273031623E-4,0.011915614723750157,6.934957969922241E-4,5.883240572975261E-4,1.2953196000622879E-4,2.076188802929111E-5,1.0,1.8863384465966758E-4,0.005054944490964276,2.204255426750618E-4,3.761141612541798E-4,1.8988181716796996E-4,9.51196158197952E-5,2.956575782667081E-4,8.454114081896123E-5,0.001123690028399197,2.67437680707839E-4,1.0249577215748572E-4,1.3735393958802956E-4,2.1544339368534542E-4,0.004727432470869368,0.002726949956750453,7.943665079209137E-4,3.652023286751157E-4,0.0016888336632381368,2.3974861748816755E-4,2.0683549713277762E-4,1.5611801277197048E-4,0.004078070100351206,1.7885404850391718E-4,1.8354429841207806E-4,1.6819306157834482E-4,3.3513067454267096E-4,1.744707969052579E-4,1.9543238012930956E-4,3.873869974579333E-4,3.090439159456498E-4,2.532489090050448E-4,2.932591063374222E-4,1.4707440879882842E-4,1.9963857271526047E-4,9.76693948959623E-5,0.004021390004722841,4.119908926489775E-4,8.267752610407324E-4,1.7773797160746394E-4,0.0010358621191859769],[3.2587528694488516E-4,1.8114001921652083E-4,3.408834934978482E-4,0.003696794171407775,2.7714502344550044E-4,9.033293460028744E-4,6.790616623345724E-5,1.0752020100626948E-4,1.8863384465966758E-4,1.0,0.0023505042469160807,2.0998117841283226E-4,9.277644393070153E-4,1.5784364027547607E-4,1.5293374940440383E-4,1.813962030151942E-4,1.510915397865008E-4,7.922642940449911E-4,1.7961006528496344E-4,4.2661962549872324E-5,5.139783135077235E-5,2.7819417656106677E-4,0.006944834279344828,2.610827290761824E-4,6.001123091649528E-4,2.8484862120204E-4,0.010950713648788411,1.817919145481544E-4,2.4308833699717854E-4,1.2454163955181357E-4,0.00634558660527059,1.5983989192649883E-4,1.6065229712541412E-4,1.8861503669720393E-5,2.652301495001417E-4,1.0321038652894687E-4,1.671206437753728E-4,1.6993635095213463E-4,7.614643367879553E-4,3.3536210153409826E-4,0.0051149813771914215,1.327413186302161E-4,1.7034624406053636E-4,1.1774591216701249E-4,8.078337735110778E-4,4.135690282079177E-4,9.678828083637977E-4,1.3384300251638768E-4,0.00664641031156361],[0.009144556581117892,0.006113974303801079,0.004212811523953712,0.011119056573883563,0.007895042101696158,0.009942731134659176,0.005488965840975468,0.003986982853939688,0.005054944490964276,0.0023505042469160807,1.0,0.0035785239497216977,0.008580043098050378,0.002526963347645281,0.006695671576245954,0.004631877193513322,0.006879308209177977,0.004387470790629816,0.007042919030356587,0.0074728150808782935,0.004751215703608474,0.0073608152109471406,0.012511708045825836,0.0065579285716932025,0.002441967803397099,0.004055501924316897,0.018861101992917576,0.005679210055660848,0.002442167625644231,0.00224462702837519,0.014390018442933,0.009840044763854456,0.0031719674142039493,6.664802287364918E-4,0.00876194235451611,0.006735771220991623,0.005861734974912513,0.003496067904207632,0.00877719414176932,0.0014173048762504297,0.007751871257885706,0.005954492462857455,8.541179232632836E-4,0.0043469639209133,0.009493736572651738,0.006020012055452703,0.003780738517023512,0.004068777108394871,0.01],[3.683675531234293E-4,2.2933511401412518E-4,2.8610021822932574E-4,0.009453606717362603,9.085777355045787E-4,3.547579588131383E-4,6.793105411606617E-5,1.0465865991302288E-4,2.204255426750618E-4,2.0998117841283226E-4,0.0035785239497216977,1.0,5.427127907698915E-4,2.0834547186058226E-4,7.389137608551088E-5,2.939429089863263E-4,4.895291362430246E-5,2.402994622201835E-4,3.271637788336156E-4,1.6179452939576986E-4,1.958095542681555E-4,2.3229912867935612E-4,0.003302002162346669,0.0031803319425198645,9.864050302214082E-4,3.0695711507040634E-4,0.020533066153224384,2.3937252736824942E-4,2.3565956645612893E-4,1.901526951645402E-4,0.013156251745902592,1.7752607237533756E-4,2.2531508418589802E-4,1.8277725990815168E-4,4.184107926617299E-4,1.5611236968505018E-4,2.1238249239057173E-4,4.516079272919204E-4,9.259449993788977E-4,2.6802381858436006E-4,0.004525767571838749,9.22857116349074E-5,2.2249365473496908E-4,1.1095519523641243E-4,0.0035386503254224394,3.681046982620263E-4,6.529572478953897E-4,2.2191696050984392E-4,0.009772043039982818],[6.891134148532072E-4,6.719244525022651E-4,9.318277522144567E-4,0.006751180842271316,0.001023214224925395,0.0010721168762052448,6.418501517596772E-4,2.7277776108512643E-4,3.761141612541798E-4,9.277644393070153E-4,0.008580043098050378,5.427127907698915E-4,1.0,9.770822353361746E-4,7.698656242140639E-4,8.601858012654049E-4,1.2801240849383608E-4,0.0011514851904388924,7.336007505328883E-4,7.894728769732208E-4,3.2081814935777566E-4,8.130136607258063E-4,0.0018535543891757972,0.004200885400887814,0.0015071341707284147,0.0010072448055766963,0.002380364009916843,7.739080990259811E-4,6.437454806526889E-4,8.123113453617621E-4,0.01003403532129289,1.7687831502790954E-4,1.9299090020033513E-4,8.656528136402456E-4,0.0011170983601458168,5.574904924532663E-4,0.0010003319962728209,6.991321334572296E-4,0.001185714299551832,4.8812972409876924E-4,0.0029086424888284047,3.678261116307291E-4,3.9207452359107475E-4,7.210819635616746E-4,0.0027016003886895018,5.276041112139711E-4,0.0017973907708082474,2.3800103149432736E-4,0.0044336224978838],[3.6448336914738776E-4,1.6408248935388678E-4,1.9276573735288428E-4,0.009148730170953504,5.557207025839916E-4,5.644729305262026E-4,1.0645521912129992E-4,1.8914569184944286E-5,1.8988181716796996E-4,1.5784364027547607E-4,0.002526963347645281,2.0834547186058226E-4,9.770822353361746E-4,1.0,1.504200266741719E-4,2.3643274518326098E-4,1.1959280410258748E-4,4.017424012078819E-4,2.5251471830751743E-4,9.66851911881751E-5,8.186773665185197E-5,2.805687809162144E-4,0.01350739116874094,0.0018936920617374311,0.0014810333628568566,5.381437034659901E-4,0.012680618956810427,1.65743015717209E-4,1.872323033965E-4,1.5494263388449089E-4,0.002712858025914006,1.5823962658289504E-4,1.58064727677919E-4,1.5330647264847716E-4,9.064252700838006E-4,1.0178055755635726E-4,1.8948833000936012E-4,1.7816049300727475E-4,3.113709438117444E-4,2.0362525540166133E-4,0.001931649728082524,5.702157598401623E-5,1.6970633121246936E-4,1.4444176526322866E-4,0.001805190781816886,2.0741788593555235E-4,0.0010527086857998382,1.4422804405871324E-4,0.007855661915907365],[1.547575493539041E-4,1.7115776376261995E-4,2.3989220505613013E-4,0.004839627886660126,7.330280494695302E-4,5.850875819384382E-4,6.0281756409066114E-5,3.162001869370795E-5,9.51196158197952E-5,1.5293374940440383E-4,0.006695671576245954,7.389137608551088E-5,7.698656242140639E-4,1.504200266741719E-4,1.0,2.170976794927679E-4,5.7939975020369376E-5,5.518524742566941E-4,1.094781211407676E-4,5.039176367787597E-5,5.8142853765769345E-5,1.7033846726194408E-4,0.002277128835889278,0.002085321794478934,0.0014565724243651693,1.983116960690771E-4,0.01588375425501457,1.2835848157511628E-4,1.507026586429901E-4,6.408069007638076E-5,0.003125967686610271,1.1094047192163696E-4,1.1579691530545305E-4,1.0246035770720077E-5,1.2582607371524753E-4,5.2165124882458364E-5,1.0403319467338177E-4,3.3110378417571554E-4,9.745478290093181E-4,2.2647753555791295E-4,0.001241092797170852,1.7245249704732106E-5,1.8780975528263986E-4,5.986471739998001E-5,0.00305536490213753,1.8990956519622504E-4,0.0010241271747685483,1.2722518613285727E-4,0.0029163247403144474],[3.5544687400498854E-4,2.183029701784159E-4,3.2863132998727456E-4,0.004695567946850194,4.5519562556907477E-4,0.0010845399574205277,2.1286525103944505E-4,8.80255434692612E-5,2.956575782667081E-4,1.813962030151942E-4,0.004631877193513322,2.939429089863263E-4,8.601858012654049E-4,2.3643274518326098E-4,2.170976794927679E-4,1.0,6.042620208840674E-5,0.0011885160320865818,3.700336489763399E-4,7.427583772022984E-5,9.1641924245844E-5,3.169563664430254E-4,0.01507664867646846,0.0016099546435472331,0.0018182729990017263,3.607390669803704E-4,0.01690745827187875,2.744040725459561E-4,2.845270597205872E-4,2.539624140377773E-4,0.0010703373988558548,2.1162127359863957E-4,2.98753618305483E-4,8.699954609874012E-5,4.2902997158593436E-4,1.9250048619277513E-4,2.533239119906455E-4,4.666118416049142E-4,5.943581880284319E-4,3.4819771018235445E-4,0.0016210267149362394,1.601440472402297E-4,2.2379285130996342E-4,1.2310066098124596E-4,0.0017533815449554708,3.6866517495345326E-4,0.001957013254105045,1.8325928089775662E-4,0.004207412773294793],[4.920468120474868E-5,4.221081491744622E-5,3.551226571484885E-4,0.00769890716256609,7.924009206993261E-4,0.0010234836777050127,2.5323805112467923E-5,3.747250495589401E-5,8.454114081896123E-5,1.510915397865008E-4,0.006879308209177977,4.895291362430246E-5,1.2801240849383608E-4,1.1959280410258748E-4,5.7939975020369376E-5,6.042620208840674E-5,1.0,4.281253748891877E-4,5.5761952195228105E-5,4.0869624395063666E-5,4.3555749842019645E-5,7.454461656669094E-5,0.009157044633392437,0.002704848608873845,0.0018071424009143214,5.361407876354817E-4,0.009441676254052444,1.9044191603882256E-4,1.2705236976727645E-4,9.418089600779309E-5,0.0060202072627189365,1.561139829852686E-4,1.495763443059017E-4,3.0117282079588105E-5,9.593171920009863E-4,2.7548491747463873E-5,1.9093259655543246E-4,3.845076823954906E-4,0.0011539002866525186,2.7812807530217166E-4,0.002009995753590414,3.421517285096527E-5,7.939096503336725E-5,4.130642416368957E-5,1.4057207717449024E-4,1.8376613125342526E-4,0.001866113497083961,4.41653592208789E-5,0.007973782702126866],[4.3139622325198115E-4,8.922117171640924E-4,0.001280485515963296,0.004637243932402148,0.0010411255022157726,0.0011447920428038739,0.0012742855191859948,3.1440805789268963E-4,0.001123690028399197,7.922642940449911E-4,0.004387470790629816,2.402994622201835E-4,0.0011514851904388924,4.017424012078819E-4,5.518524742566941E-4,0.0011885160320865818,4.281253748891877E-4,1.0,8.052282754536722E-4,7.841025508980148E-4,8.132494796014903E-4,4.969108699853682E-4,0.006498222654670454,0.002688066140991573,0.0015480029432440871,7.647019903595887E-4,0.0018342535529916998,0.0010697990326867324,0.0013307212902098527,0.0011404068050907402,0.015456689483351592,2.053307276188025E-4,3.528086358005532E-4,4.8208418026642806E-4,0.0013275362172628876,1.2808321079440236E-4,0.0010858669197492947,9.878620647343116E-4,0.0013316699460775366,6.730971691253414E-4,0.0029073474929939085,0.0011224049892525003,0.0010282155166808928,6.448036035841776E-4,0.0023339078244531356,7.721012538648465E-4,0.001963561645963065,0.0010523525336546286,0.0025988201630001003],[3.8313902225475984E-4,2.71298108036246E-4,3.697183894880814E-4,0.005639433943143065,4.340301557719959E-4,4.626740750259303E-4,2.8760922056469653E-4,8.302367559120887E-5,2.67437680707839E-4,1.7961006528496344E-4,0.007042919030356587,3.271637788336156E-4,7.336007505328883E-4,2.5251471830751743E-4,1.094781211407676E-4,3.700336489763399E-4,5.5761952195228105E-5,8.052282754536722E-4,1.0,2.0267266037822865E-4,9.66238554178433E-5,3.553129662606477E-4,0.009165406170803712,0.004235174636095651,0.0015597187786720692,4.616807040010282E-4,0.0038804751697340723,3.360105317939268E-4,2.6582331572066255E-4,2.734156668897788E-4,9.49363462416384E-4,3.030190775151034E-4,2.049865889659621E-4,1.0563085691744875E-4,8.986649932442609E-4,1.320931426142699E-4,2.3300013403015365E-4,4.63104036538653E-4,0.0011916756618534372,3.605511710528794E-4,0.004587175887979,9.540463876510935E-5,3.1135432480919453E-4,2.4041155833128537E-4,6.622393368254866E-4,3.9145652652922385E-4,0.001348934014885104,3.3509534538185386E-4,0.00800379406765935],[1.1246295772178337E-4,8.474649904515952E-5,2.780299703400879E-4,0.006054176328785674,3.988739690538479E-4,3.445441724355908E-4,3.4450797322169894E-5,2.390070965643052E-5,1.0249577215748572E-4,4.2661962549872324E-5,0.0074728150808782935,1.6179452939576986E-4,7.894728769732208E-4,9.66851911881751E-5,5.039176367787597E-5,7.427583772022984E-5,4.0869624395063666E-5,7.841025508980148E-4,2.0267266037822865E-4,1.0,4.3503946958510284E-5,1.84580002461514E-4,5.850949923323734E-4,0.0014322914823699457,0.001975073717437759,4.4780591028145613E-4,0.03275586475897601,1.68111834342776E-4,4.285784502832905E-5,1.0824487670918226E-4,0.0113199138990761,9.620853279408484E-5,5.711767257999522E-5,2.7681596392818494E-5,0.0010524265848731798,3.488332620877114E-5,5.8364351598834925E-5,3.4096515020535064E-4,5.213331884470935E-4,2.2302869247151628E-4,0.003947107040196877,3.470751172513436E-5,1.923412359905562E-4,4.264549428392035E-5,0.0053285123430140665,1.0893096434734058E-4,5.795595697431818E-4,6.865325656354472E-5,0.004441032047138539],[2.211345154583707E-4,1.3936964118599582E-4,3.3002409090208685E-4,0.01038853011076022,3.8704584677977426E-4,9.497997375564031E-4,2.6526525998766898E-5,3.103365081759472E-5,1.3735393958802956E-4,5.139783135077235E-5,0.004751215703608474,1.958095542681555E-4,3.2081814935777566E-4,8.186773665185197E-5,5.8142853765769345E-5,9.1641924245844E-5,4.3555749842019645E-5,8.132494796014903E-4,9.66238554178433E-5,4.3503946958510284E-5,1.0,2.7693180558640635E-4,0.012802989398089649,7.227793668293776E-5,0.0011522881895824264,3.411247830811877E-4,0.0010775975304872134,8.08560147283304E-5,2.5282416730895376E-4,7.482918510616389E-5,0.009147744242350533,5.304133845633798E-5,1.0410755345396732E-4,1.4922996142986543E-5,0.001064206323984883,4.049291501801678E-5,4.8741764949043906E-5,4.4578822266347964E-4,1.7889906816970387E-4,2.2423155098334527E-4,0.004098048234439429,2.1377320444087937E-5,6.585209701622399E-5,4.398396975473379E-5,2.0953849348576706E-4,3.029794254741504E-4,4.7991842813721467E-4,1.1893233021028694E-4,0.002413395907587197],[3.704669898049906E-4,2.1609767825626314E-4,3.59182032429723E-4,0.009501244016258018,7.316466181830875E-4,6.005204533709415E-4,1.2894881201226357E-4,6.701794553783661E-5,2.1544339368534542E-4,2.7819417656106677E-4,0.0073608152109471406,2.3229912867935612E-4,8.130136607258063E-4,2.805687809162144E-4,1.7033846726194408E-4,3.169563664430254E-4,7.454461656669094E-5,4.969108699853682E-4,3.553129662606477E-4,1.84580002461514E-4,2.7693180558640635E-4,1.0,0.013860151327092772,0.0022176059654966237,0.0010894589377538671,3.4678179094338186E-4,0.017496755374832487,2.5896675370256077E-4,2.942355654693965E-4,2.6152075623518824E-4,0.013478407115092352,1.8979649088109017E-4,3.18650336639348E-4,3.0982594268955034E-4,0.0012242903136883178,2.439979087773969E-4,2.479707757077535E-4,4.3904601313612626E-4,0.0010886278632077754,3.2934565745337016E-4,0.003066867406809598,3.459811421531738E-5,2.12989531541705E-4,3.170463857917942E-4,0.004913843397474479,3.3829300731952957E-4,0.001970024399588364,3.06079451359585E-4,0.0033310332700571565],[0.017211404397265373,0.013186457293020924,0.006040417846460319,0.012540015008231336,0.011320387697506639,0.0012509451878199484,0.010927858736684563,0.012873895635131883,0.004727432470869368,0.006944834279344828,0.012511708045825836,0.003302002162346669,0.0018535543891757972,0.01350739116874094,0.002277128835889278,0.01507664867646846,0.009157044633392437,0.006498222654670454,0.009165406170803712,5.850949923323734E-4,0.012802989398089649,0.013860151327092772,1.0,0.013994237402274366,0.010361339483493534,0.01295641283973221,0.025452183220767165,0.009365270118636117,6.385756380327711E-4,0.013354974438846508,0.016981868525659395,0.007218764278421095,0.013453664296638237,0.015380071149832163,0.00266141223233378,0.010716881252975256,0.00818352504574552,0.007912515568678417,0.013387763594191955,8.458594454982856E-4,0.007197319868346498,0.0014662721622513404,0.015040474632437736,7.616974180165084E-4,0.016563134241249406,0.012463267801542863,0.010971883583359928,0.007425277952991786,0.01664728381488861],[0.0016879585400429034,0.003000595774698317,0.0037637624410279563,0.004608260164270616,0.002099278437797338,0.0015566315881266454,0.001436722719944246,1.028254477691497E-4,0.002726949956750453,2.610827290761824E-4,0.0065579285716932025,0.0031803319425198645,0.004200885400887814,0.0018936920617374311,0.002085321794478934,0.0016099546435472331,0.002704848608873845,0.002688066140991573,0.004235174636095651,0.0014322914823699457,7.227793668293776E-5,0.0022176059654966237,0.013994237402274366,1.0,0.003679528302382485,0.00372717012128699,0.029560240185157884,0.0036556354688510157,0.0020976494479588207,0.0021609363366186986,0.01539086780356961,9.557961171854439E-4,0.001673272998407261,0.0032801604125015375,0.002201656462126728,4.0821054789158117E-4,0.00155721174094276,0.002066040982431203,0.0014471136135333655,0.004278294490517267,0.004928174562769741,0.004321969521644394,0.0014045786650978464,0.0013031313930603088,0.005179528440037372,0.002289256335986785,0.002705772911573685,0.001597411687002108,0.005120031831868032],[5.556137438461317E-4,5.828934296129205E-4,0.001397463111100178,0.008164145974140332,0.0014117396298345048,0.0018564801821234276,5.206663401488131E-4,0.0020362251204358675,7.943665079209137E-4,6.001123091649528E-4,0.002441967803397099,9.864050302214082E-4,0.0015071341707284147,0.0014810333628568566,0.0014565724243651693,0.0018182729990017263,0.0018071424009143214,0.0015480029432440871,0.0015597187786720692,0.001975073717437759,0.0011522881895824264,0.0010894589377538671,0.010361339483493534,0.003679528302382485,1.0,0.0011235891819292476,0.003528448256244714,0.002004324557058406,0.0011717755961953488,0.0018280416826205205,0.01040777209329984,2.5530837222153863E-4,0.0010565532257460878,0.001328870804464006,0.0015178498167853676,2.916782822499328E-4,8.55023404722874E-4,6.391115690994756E-4,0.001525255822721818,0.00181059872061702,0.005131981530756298,0.0018581852820745857,0.0016001672949394554,7.852542998875127E-5,0.003177601852949832,0.0015240266260199775,0.002113988858591402,0.0011313405064466572,0.009350209556920994],[4.858821900267379E-4,4.3024255210314164E-4,4.1666550686606657E-4,0.005766972025877995,9.082886446367103E-4,5.69866852008392E-4,4.5434682158889555E-4,1.7250300367157467E-4,3.652023286751157E-4,2.8484862120204E-4,0.004055501924316897,3.0695711507040634E-4,0.0010072448055766963,5.381437034659901E-4,1.983116960690771E-4,3.607390669803704E-4,5.361407876354817E-4,7.647019903595887E-4,4.616807040010282E-4,4.4780591028145613E-4,3.411247830811877E-4,3.4678179094338186E-4,0.01295641283973221,0.00372717012128699,0.0011235891819292476,1.0,0.018867214758722717,5.274974681638561E-4,2.9167184566855305E-4,1.866106975650555E-4,0.0071264348396206205,2.4121377515065715E-4,3.8738440559606173E-4,4.832197415796132E-4,8.257082373289456E-4,8.794969019383102E-5,4.0415103349722236E-4,5.347913205175676E-4,0.0010055072380212552,4.5774635916722654E-4,0.0024345946255866016,1.9209720466986443E-4,4.1388948593120507E-4,4.1511944642121275E-4,0.00500513948106334,4.430913483119479E-4,0.0015747754134124356,4.232812717890555E-4,0.0016857013078011578],[0.018740074682100167,0.014517304901020205,0.015144023320509983,0.02428202656938688,0.007205520326775212,0.024507241487025697,0.006421823293193097,0.002137709897033198,0.0016888336632381368,0.010950713648788411,0.018861101992917576,0.020533066153224384,0.002380364009916843,0.012680618956810427,0.01588375425501457,0.01690745827187875,0.009441676254052444,0.0018342535529916998,0.0038804751697340723,0.03275586475897601,0.0010775975304872134,0.017496755374832487,0.025452183220767165,0.029560240185157884,0.003528448256244714,0.018867214758722717,1.0,0.02195830753640005,0.02328784782940088,0.0266112213169682,0.016750386275582795,0.007188236124327386,0.017501207400743256,0.01709414868111979,0.01862444939530754,0.00980831455676093,0.018660546665258168,0.01174508502748284,0.033109749917036226,0.03243125433852784,0.026486609166394476,0.02846873491769057,0.023677669366281108,0.016802999670567392,0.02061555452319007,0.021895528360780556,0.02718723387226126,0.03298151451829206,0.011332943442476495],[3.367439388496E-4,2.18055098081309E-4,3.425015984772525E-4,0.006420408949060532,5.879436538316137E-4,7.253080513949436E-4,4.357065450050693E-5,1.9541549941546411E-4,2.3974861748816755E-4,1.817919145481544E-4,0.005679210055660848,2.3937252736824942E-4,7.739080990259811E-4,1.65743015717209E-4,1.2835848157511628E-4,2.744040725459561E-4,1.9044191603882256E-4,0.0010697990326867324,3.360105317939268E-4,1.68111834342776E-4,8.08560147283304E-5,2.5896675370256077E-4,0.009365270118636117,0.0036556354688510157,0.002004324557058406,5.274974681638561E-4,0.02195830753640005,1.0,2.5952023474473066E-4,1.3041846983595084E-4,0.010668091726185729,2.369615514662603E-4,2.0240500997434246E-4,2.0791612019868908E-4,0.001044982467657861,2.073673333014605E-4,2.3725404688001373E-4,2.4851410612151227E-4,7.197588517239414E-4,2.563254276455552E-4,0.0010057986245437488,8.259270586461829E-5,2.29893124735298E-4,2.2564169644756756E-4,0.004104672042622845,2.931952837296785E-4,0.0013871264315705456,1.4536727000200484E-4,0.006845105150078582],[3.8160821974427407E-4,2.3591932480616573E-4,3.149194670288598E-4,0.002552259974565642,6.999076811285979E-4,0.0010587891464334317,1.616021878214776E-4,1.3183177054117135E-4,2.0683549713277762E-4,2.4308833699717854E-4,0.002442167625644231,2.3565956645612893E-4,6.437454806526889E-4,1.872323033965E-4,1.507026586429901E-4,2.845270597205872E-4,1.2705236976727645E-4,0.0013307212902098527,2.6582331572066255E-4,4.285784502832905E-5,2.5282416730895376E-4,2.942355654693965E-4,6.385756380327711E-4,0.0020976494479588207,0.0011717755961953488,2.9167184566855305E-4,0.02328784782940088,2.5952023474473066E-4,1.0,1.32310983334328E-4,0.012898212720545645,1.9610947947806172E-4,2.1339254479051624E-4,2.0762520461274961E-4,7.623086248553083E-4,2.375107478802596E-4,2.2570327195056485E-4,2.673866153041896E-4,0.0012229023376426587,2.695874059699844E-4,0.002746429203493968,1.0040408317730885E-4,2.4771169916033717E-4,1.9056989758589398E-4,0.0054503110677752275,3.273614580788888E-4,5.475782428375323E-4,2.3172303723317334E-4,0.007243873747837094],[2.428034808469473E-4,1.8425388743226084E-4,3.612632985000036E-4,0.003047597023935479,4.97680782015466E-4,0.0010239809064395283,6.665014808224985E-5,3.5183254848456755E-5,1.5611801277197048E-4,1.2454163955181357E-4,0.00224462702837519,1.901526951645402E-4,8.123113453617621E-4,1.5494263388449089E-4,6.408069007638076E-5,2.539624140377773E-4,9.418089600779309E-5,0.0011404068050907402,2.734156668897788E-4,1.0824487670918226E-4,7.482918510616389E-5,2.6152075623518824E-4,0.013354974438846508,0.0021609363366186986,0.0018280416826205205,1.866106975650555E-4,0.0266112213169682,1.3041846983595084E-4,1.32310983334328E-4,1.0,0.0068461679661053505,1.5186993130059237E-4,1.3593146170876453E-4,8.788405779227378E-5,8.806666690516642E-4,1.024147710068592E-4,1.805736806940096E-4,2.1640363510824846E-4,4.644096772295998E-4,1.729641639399909E-4,0.004368012695811725,5.619915472597195E-5,1.874877230439844E-4,9.563068634023007E-5,0.005011369230916186,3.775799415474191E-4,9.735901450477366E-4,1.27253285725562E-4,0.00723748677535457],[0.005228691031095148,0.007373942385730917,0.002550862431656437,0.01270830236440033,0.008855410132108185,0.007509989769039882,0.01252609365889712,0.014381754408354378,0.004078070100351206,0.00634558660527059,0.014390018442933,0.013156251745902592,0.01003403532129289,0.002712858025914006,0.003125967686610271,0.0010703373988558548,0.0060202072627189365,0.015456689483351592,9.49363462416384E-4,0.0113199138990761,0.009147744242350533,0.013478407115092352,0.016981868525659395,0.01539086780356961,0.01040777209329984,0.0071264348396206205,0.016750386275582795,0.010668091726185729,0.012898212720545645,0.0068461679661053505,1.0,0.008495785119702809,0.014305546974282265,0.012966878785559,0.012362841360752507,0.00796501956836739,0.00372223347584709,0.006397196050846982,0.014910793599453662,0.012391726629344063,0.008792351180861337,0.011780146348100515,0.014482045980835448,0.015070778717557123,0.012283565763737375,9.435253095923963E-4,0.00563189315876938,0.009525130283985354,0.01497236166625435],[2.0369102860548762E-4,1.8440142547205966E-4,2.5153436247978066E-4,0.005461589942099981,7.157129180514603E-4,4.492777697806392E-4,1.3461299725469513E-4,3.8696660303881746E-5,1.7885404850391718E-4,1.5983989192649883E-4,0.009840044763854456,1.7752607237533756E-4,1.7687831502790954E-4,1.5823962658289504E-4,1.1094047192163696E-4,2.1162127359863957E-4,1.561139829852686E-4,2.053307276188025E-4,3.030190775151034E-4,9.620853279408484E-5,5.304133845633798E-5,1.8979649088109017E-4,0.007218764278421095,9.557961171854439E-4,2.5530837222153863E-4,2.4121377515065715E-4,0.007188236124327386,2.369615514662603E-4,1.9610947947806172E-4,1.5186993130059237E-4,0.008495785119702809,1.0,1.7374076273052842E-4,1.5796354477279407E-4,5.757102935589814E-4,9.742050256043111E-5,1.7506603283456797E-4,4.3237209018560225E-4,9.052093578240606E-4,2.1493531959585052E-4,3.108283741118813E-4,6.290966558178483E-5,2.0753681792563513E-4,1.1161807178290487E-4,0.0029956734119716915,1.7491260505272268E-4,0.0010408953658743773,1.5356365857462765E-4,0.0018450022582726599],[3.7619524857107715E-4,1.7630522011555786E-4,2.899314828378493E-4,0.006888650638831158,1.8195267636369198E-4,6.981412332739897E-4,3.111215381216938E-5,7.081455310607937E-5,1.8354429841207806E-4,1.6065229712541412E-4,0.0031719674142039493,2.2531508418589802E-4,1.9299090020033513E-4,1.58064727677919E-4,1.1579691530545305E-4,2.98753618305483E-4,1.495763443059017E-4,3.528086358005532E-4,2.049865889659621E-4,5.711767257999522E-5,1.0410755345396732E-4,3.18650336639348E-4,0.013453664296638237,0.001673272998407261,0.0010565532257460878,3.8738440559606173E-4,0.017501207400743256,2.0240500997434246E-4,2.1339254479051624E-4,1.3593146170876453E-4,0.014305546974282265,1.7374076273052842E-4,1.0,1.0695317246567559E-4,4.261615528694971E-4,4.090016364091387E-5,1.910865907955883E-4,2.6706910296365734E-4,4.391194874260731E-4,2.755019480516009E-4,0.004637956843902422,1.34165096036474E-4,1.8583351770519772E-4,8.454509824892587E-5,0.0021465960383664886,2.859580145926628E-4,9.442963823356981E-4,1.3338231128458972E-4,0.009409024629293805],[3.199128167749756E-5,1.1691065362119072E-4,1.8872217155608997E-4,0.009067078804523203,3.8545520250368297E-4,0.0010453849284999712,1.473774062419274E-5,1.0156403268553214E-5,1.6819306157834482E-4,1.8861503669720393E-5,6.664802287364918E-4,1.8277725990815168E-4,8.656528136402456E-4,1.5330647264847716E-4,1.0246035770720077E-5,8.699954609874012E-5,3.0117282079588105E-5,4.8208418026642806E-4,1.0563085691744875E-4,2.7681596392818494E-5,1.4922996142986543E-5,3.0982594268955034E-4,0.015380071149832163,0.0032801604125015375,0.001328870804464006,4.832197415796132E-4,0.01709414868111979,2.0791612019868908E-4,2.0762520461274961E-4,8.788405779227378E-5,0.012966878785559,1.5796354477279407E-4,1.0695317246567559E-4,1.0,6.847389892414504E-4,1.3111424811578428E-5,1.6022534313212355E-4,1.2142533808790135E-4,9.475293066336816E-4,2.1117444923992616E-4,0.004633262607373016,1.3570074868134455E-5,8.356126984894295E-5,2.861383479648164E-5,0.003129558380145179,2.7063558454889255E-4,5.323899038495229E-4,1.0028700110150231E-4,0.007646237284519551],[0.0012399784038465078,6.071644700869116E-4,0.0011547112289962184,0.004159961819872252,0.0012324931289968994,0.0011442927262657356,2.7107037527962616E-4,3.775950791158962E-4,3.3513067454267096E-4,2.652301495001417E-4,0.00876194235451611,4.184107926617299E-4,0.0011170983601458168,9.064252700838006E-4,1.2582607371524753E-4,4.2902997158593436E-4,9.593171920009863E-4,0.0013275362172628876,8.986649932442609E-4,0.0010524265848731798,0.001064206323984883,0.0012242903136883178,0.00266141223233378,0.002201656462126728,0.0015178498167853676,8.257082373289456E-4,0.01862444939530754,0.001044982467657861,7.623086248553083E-4,8.806666690516642E-4,0.012362841360752507,5.757102935589814E-4,4.261615528694971E-4,6.847389892414504E-4,1.0,0.0012052323598364897,3.857627666001783E-4,8.744233500992302E-4,0.0012765674903970265,0.0011837988651373834,0.0033736740098676667,5.854359828836645E-4,7.318550324419845E-4,8.748942114889566E-4,0.003188611652139034,0.0010005248965323957,0.0017297065412458109,7.29205347693458E-4,0.004698060997323002],[4.0398703727427665E-5,1.2083940957867951E-4,2.694799278270237E-4,0.004901074574375606,3.5839217266945834E-4,6.189528363717865E-4,2.082133409530207E-5,2.33332250057779E-5,1.744707969052579E-4,1.0321038652894687E-4,0.006735771220991623,1.5611236968505018E-4,5.574904924532663E-4,1.0178055755635726E-4,5.2165124882458364E-5,1.9250048619277513E-4,2.7548491747463873E-5,1.2808321079440236E-4,1.320931426142699E-4,3.488332620877114E-5,4.049291501801678E-5,2.439979087773969E-4,0.010716881252975256,4.0821054789158117E-4,2.916782822499328E-4,8.794969019383102E-5,0.00980831455676093,2.073673333014605E-4,2.375107478802596E-4,1.024147710068592E-4,0.00796501956836739,9.742050256043111E-5,4.090016364091387E-5,1.3111424811578428E-5,0.0012052323598364897,1.0,1.943003476575513E-4,1.490695005262804E-4,7.079308920938005E-4,2.5339857491373777E-4,0.003531533322924297,1.552728335369565E-5,2.1200187973575838E-4,3.096707115497676E-5,2.904407158322629E-4,3.193806618778248E-5,0.0014777235238928805,6.214574592537547E-5,0.004573264996704928],[3.6635636501933125E-4,2.0773673494383843E-4,3.473743928446413E-4,0.011244347778198155,8.140534340186887E-4,8.973160726552143E-4,8.169494971483726E-5,1.9991989044574373E-4,1.9543238012930956E-4,1.671206437753728E-4,0.005861734974912513,2.1238249239057173E-4,0.0010003319962728209,1.8948833000936012E-4,1.0403319467338177E-4,2.533239119906455E-4,1.9093259655543246E-4,0.0010858669197492947,2.3300013403015365E-4,5.8364351598834925E-5,4.8741764949043906E-5,2.479707757077535E-4,0.00818352504574552,0.00155721174094276,8.55023404722874E-4,4.0415103349722236E-4,0.018660546665258168,2.3725404688001373E-4,2.2570327195056485E-4,1.805736806940096E-4,0.00372223347584709,1.7506603283456797E-4,1.910865907955883E-4,1.6022534313212355E-4,3.857627666001783E-4,1.943003476575513E-4,1.0,2.8445480732217706E-4,0.0010984250798733183,3.4410030021279133E-4,0.0010686800111603272,8.299537703656928E-5,2.122684261418695E-4,5.758506240154333E-5,0.0011527381884165085,2.4057820145007345E-4,6.23268216716398E-4,1.6359636758781737E-4,0.00900862163549767],[4.6036429243391383E-4,3.8218353947559443E-4,4.1439749144436626E-4,0.0075871634536470185,5.647717240267046E-4,6.926533300063511E-4,1.0924155062663735E-4,2.599529005492333E-4,3.873869974579333E-4,1.6993635095213463E-4,0.003496067904207632,4.516079272919204E-4,6.991321334572296E-4,1.7816049300727475E-4,3.3110378417571554E-4,4.666118416049142E-4,3.845076823954906E-4,9.878620647343116E-4,4.63104036538653E-4,3.4096515020535064E-4,4.4578822266347964E-4,4.3904601313612626E-4,0.007912515568678417,0.002066040982431203,6.391115690994756E-4,5.347913205175676E-4,0.01174508502748284,2.4851410612151227E-4,2.673866153041896E-4,2.1640363510824846E-4,0.006397196050846982,4.3237209018560225E-4,2.6706910296365734E-4,1.2142533808790135E-4,8.744233500992302E-4,1.490695005262804E-4,2.8445480732217706E-4,1.0,0.001069028828731178,4.52821905131236E-4,0.004449659549301122,5.3588417649793495E-5,4.8204625067140017E-4,4.64881812668584E-4,0.0027674777363738455,4.653429428166131E-4,0.001278881372412425,3.658698202211294E-4,0.00456697601935324],[9.101748164876281E-4,5.021156605215567E-4,6.454166273641036E-4,0.009126953984399276,0.0012224638777639926,0.001208125279641978,9.32192069232501E-4,9.533328314774738E-4,3.090439159456498E-4,7.614643367879553E-4,0.00877719414176932,9.259449993788977E-4,0.001185714299551832,3.113709438117444E-4,9.745478290093181E-4,5.943581880284319E-4,0.0011539002866525186,0.0013316699460775366,0.0011916756618534372,5.213331884470935E-4,1.7889906816970387E-4,0.0010886278632077754,0.013387763594191955,0.0014471136135333655,0.001525255822721818,0.0010055072380212552,0.033109749917036226,7.197588517239414E-4,0.0012229023376426587,4.644096772295998E-4,0.014910793599453662,9.052093578240606E-4,4.391194874260731E-4,9.475293066336816E-4,0.0012765674903970265,7.079308920938005E-4,0.0010984250798733183,0.001069028828731178,1.0,9.787130374923972E-4,0.0028944313564058825,3.3414108002818166E-4,5.670873681286425E-4,9.975570141837562E-4,0.0045133205918090075,0.0012344625991773392,0.0016104