[[1.0,2.4413804837543747E-4,3.156726024746058E-4,0.002464199418410096,7.812274368205955E-4,6.889465520997329E-4,1.5009363434162313E-4,2.947164227955712E-4,0.003533174970170995,4.1814223382506346E-4,3.2437939094163737E-4,5.788319759174561E-4,8.73556321376227E-4,4.698148232237197E-4,0.0018248976628380319,0.009264590170698346,5.530303538976943E-4,7.861088168903684E-5,2.598780473308519E-4,2.3008502354137473E-4,0.02027099654347896,8.444450606504509E-4,0.009930789771994896,3.0906546877857875E-4,1.874407571859553E-4,2.6790793907476923E-4,8.454102216307976E-5,5.664327540207783E-4,0.0041251873905187855,0.006202204551262444,0.0017844036523087616,3.147721664131346E-4,7.382690634174442E-4,2.2874827744455623E-4,3.12178517842817E-4,7.917058933269593E-5,0.0013600731335224009,2.8030049429235605E-4,0.006932853147039577,2.6887680018956574E-4,0.0015192297497689888,0.007218938161244836,9.528462519124391E-4,0.005645913679737686,2.2179862916259512E-4,7.09087867792557E-4,4.501250703868082E-4,9.549560344205294E-4,0.004268214055662866,2.887856802903858E-4,4.043885073913962E-4,2.9923251103783274E-4,0.0025505093026732604,0.012898943257205647],[2.4413804837543747E-4,1.0,0.0010697587699412528,5.552254221191461E-4,7.61729973054566E-4,4.773780581096269E-4,7.612985861723142E-5,2.103867968291541E-5,0.0035875168251671553,0.0011726217631276307,2.0372840557631068E-4,4.040286785163599E-4,3.9313998463545155E-4,0.0012499940969273027,0.001514084708892094,0.008870416719410011,1.0039087799822024E-4,1.292062801250165E-5,1.6556793974856063E-4,7.823240030246691E-5,0.017585908339047628,0.001008237761342929,2.3075316512925846E-4,8.263999145053058E-5,1.2139708297747875E-4,5.9236472061960065E-5,1.2100148592164497E-5,2.809646836138538E-4,0.006476551240399892,0.006054212222476585,0.008851058316266161,1.9337024098581466E-4,5.448018130109351E-4,1.3107183542590705E-4,2.774663734231974E-4,1.3238471119036064E-5,4.6858130299017476E-4,1.2943287809649856E-5,0.006933907681119073,1.6219741073440774E-4,7.783321651630495E-4,0.027321220163711343,2.603328745931994E-4,0.009111505812036992,5.9506812277089024E-5,0.002010075182715927,3.540274452565258E-5,0.0013887223257665236,0.004306419961519784,7.073361563630721E-5,2.7332383050059586E-5,2.1936449346376125E-4,0.0022762432311602635,0.013844058517684507],[3.156726024746058E-4,0.0010697587699412528,1.0,0.008214732004231036,0.001452521079315385,0.0016671726198274864,0.003469680856058721,4.2939288774565223E-4,0.003780014172174082,0.0024338433142454224,0.002606332924254637,0.002386641362659129,0.0032424806788881396,0.00266780434908466,0.003838200087675589,0.006841624119682694,0.003026144612849126,0.0033013432047730717,0.0021296750971301756,0.0025793432326019976,0.005145766827268349,0.003516372634942976,0.017149930848039847,0.0031485300819645654,0.002461476328195639,1.7298783005871468E-4,0.0018204208146985806,0.0025882522258514015,0.005608627665121444,0.004370391863030854,0.004575852756279895,0.001711875421976472,0.0029400533781355617,0.001003091926691618,7.446963242713734E-4,0.0013014482997022996,0.0023754274683409605,0.002514126583927776,0.017743579955328905,6.998625982890934E-4,0.0020796640093402167,0.0039025929624697227,0.0014886267197189618,0.005946795988528219,0.0012598805715961531,0.0029907991359880166,0.0015712573720461623,0.003443539580609983,0.0037148402139901625,0.002833592831840038,0.0025992451846778295,0.0019344792285790836,0.004457057849806373,0.0154759660471867],[0.002464199418410096,5.552254221191461E-4,0.008214732004231036,1.0,0.0031047995780459393,0.0026962276210357418,0.0010677842875123449,0.007078539506520364,0.015398452927095428,0.014157464079046077,6.401918459989966E-4,0.01784916643383865,0.0031439407052373655,0.00927591440861751,0.012060825392180199,0.014190504577153946,0.014676154598418098,0.015301940686309808,0.011902865252074861,0.0166768892468549,0.01871153910730194,0.004063582629096734,0.018296443973687737,0.00859833652154861,0.005258098995843161,0.01162518214309448,0.010074449766037922,0.0159718457055575,0.010036931664065924,0.013661965885770302,0.012864588373549165,0.0028379270634200566,0.007937103824497232,0.006112538805135948,0.005160087397551005,0.018133036466328703,0.013805979387009368,0.017332828760696823,0.018783434671911653,0.009889669330004508,0.0060852892967955775,0.03551803574968258,0.015893541949616233,0.016104133922470495,0.016624653132129158,0.015424990919479168,0.011610371003620073,0.012431340467800813,0.018456560660669037,0.011040901770121238,0.004384153120841953,0.007013830852182483,0.00758211187204416,0.017026567508171598],[7.812274368205955E-4,7.61729973054566E-4,0.001452521079315385,0.0031047995780459393,1.0,0.001250994977219481,5.803150420223775E-4,2.4297746097563883E-4,0.00395970992405269,0.0012314569328735004,8.612581631458026E-4,0.0011439942804169676,0.001112356121985921,0.001248778353325966,0.0020596548147651817,0.003284695153602299,5.72201484461746E-4,5.556472558686017E-4,0.0010405328542535796,2.207721377340049E-4,0.019613971093110354,0.0010939025661657056,0.002041861089209828,6.327797482945285E-4,5.160325650483383E-4,3.8273805115100247E-4,1.2998661062433518E-4,9.898501067772323E-4,0.0036684415747256886,0.0013467091543112,0.011010868463613883,6.706156663865612E-4,0.0011347522036836805,3.087449021760495E-4,7.966611546234841E-4,9.234063060107819E-5,0.0011834097782075495,7.101555915523078E-4,0.008088302228466999,4.1263316393572164E-4,0.0016452887220181891,0.004327983576912548,0.001195660897696476,0.005160654998697171,8.297165934301335E-4,0.0013109162897989224,0.001037749976492202,0.0016425777391010385,0.0029207434262515106,7.314634560699499E-4,8.989847190677847E-4,4.8093939688324724E-4,0.005036884723887691,0.009467877408553671],[6.889465520997329E-4,4.773780581096269E-4,0.0016671726198274864,0.0026962276210357418,0.001250994977219481,1.0,0.0012836747793943384,8.854618155782361E-4,0.002575244754690611,0.001522577515296649,9.687245344110664E-4,0.0014586746157506814,0.0011597974988869137,0.0014774825223420058,0.0015024201272534358,0.0058338339913824614,0.0013407981936184124,5.066365413341395E-4,7.817509479118658E-4,2.0812149176585302E-4,0.026893091210952284,0.0011557598017303584,0.0046208883567588396,5.697770380231193E-4,4.066022389253916E-4,2.553495939705812E-4,3.5896860929683833E-4,0.0014824822625562045,0.0053645484821452484,0.0030212616392758843,0.003097322371306538,5.660915425669654E-4,0.0013768635545958377,0.0012699266235429445,5.499034746623182E-4,0.0012334573981195353,0.001532941944358635,9.704210279286718E-4,0.004879010543817164,6.135449104455581E-4,0.0017486008038934745,0.01922420940252506,0.0014681626175320486,0.008990908129274213,0.001477463409840495,0.001595926281155214,6.1071726571546E-4,0.0017625107832949277,0.002189696632266195,0.00104559342882542,6.610843790418132E-4,5.414293520735606E-4,0.005058362624787063,0.010883398059374022],[1.5009363434162313E-4,7.612985861723142E-5,0.003469680856058721,0.0010677842875123449,5.803150420223775E-4,0.0012836747793943384,1.0,1.2203421869826011E-4,2.459023424129005E-4,0.0012542032579403177,2.454730286158307E-4,5.159988473465459E-4,9.835688604007925E-4,0.0011864130322195396,0.0010734078587779131,9.544848731242687E-4,4.8663508986712326E-4,8.426581881180038E-5,1.2866761654147576E-4,1.235561532075216E-4,0.013838630166130324,6.038699931765221E-4,0.013675777349794586,1.0726314393344667E-4,1.3125390753620082E-4,1.2030673419410244E-4,6.928759600467964E-5,4.774288410557515E-4,0.008180427986508691,0.005821929061216683,0.005509484670773529,2.1044650178478282E-4,8.515396755831553E-4,1.2758334193491318E-4,2.350626231859316E-4,4.4596165276492915E-5,0.0012030115904213044,1.0089706818084138E-4,0.008972726559002404,1.311350909567268E-4,0.0010435230074884857,0.02821299462008307,5.865985216503531E-4,0.01060531440843827,1.29023228518494E-4,0.0016375867767603333,3.273318043484165E-4,0.0017289858181516753,0.001526329674007315,1.562798190386827E-4,3.7458756318774645E-4,2.391678403284085E-4,8.706813068875711E-4,0.00321370125264449],[2.947164227955712E-4,2.103867968291541E-5,4.2939288774565223E-4,0.007078539506520364,2.4297746097563883E-4,8.854618155782361E-4,1.2203421869826011E-4,1.0,0.0025580078416581977,8.017992795677246E-4,1.8917416257595694E-4,8.940184970187025E-4,8.958372579018217E-4,0.001300941253301647,0.0027087811358617077,0.005292816508820922,1.9844193975583713E-4,1.0182726598982097E-4,1.416854603930353E-4,1.2990443391232694E-4,0.02002916100410309,5.746943083693327E-4,0.011904750929372536,1.1347802430454903E-4,1.4006965209630183E-4,1.3239616250322982E-4,1.2520547776725236E-4,4.1486930538485315E-4,0.006024454009242877,0.002393066655717326,0.007649058771355233,3.344214951842052E-4,6.691650355703871E-4,1.9639702760566332E-4,2.40739564055136E-4,1.2327978023031358E-4,3.084026634061273E-4,8.479823681314349E-5,1.9612641325632876E-4,2.1089009390499666E-4,6.019584436165589E-4,0.019539594548649623,3.2286276000484697E-4,0.009962724763802956,1.3167642951965932E-4,0.0014127633054862648,5.389850862796259E-4,4.7221759733646716E-4,8.018309930144222E-4,1.504676195322606E-4,1.5067012089032354E-4,2.280002938622495E-4,0.004313414881907561,0.009068918190175457],[0.003533174970170995,0.0035875168251671553,0.003780014172174082,0.015398452927095428,0.00395970992405269,0.002575244754690611,2.459023424129005E-4,0.0025580078416581977,1.0,0.0029257941649411864,0.0022444757992448527,0.0021473589053720753,0.0040574375162954045,0.0028592580633231973,0.004279598698528566,0.009717720842734753,0.002634742528215759,9.388214575130566E-4,0.0013607808387866211,0.0020159074289560685,0.0062248224645915454,0.002815120412559435,0.011912563251770985,0.0017145002904861474,0.0014131703739200473,0.0014616514295232854,0.0028353084697902878,0.0037811205948828116,0.0069468459437925754,0.004593770302529012,0.006111774926351624,0.0016819451355070915,0.0013562874757272194,0.0020165521240209775,0.0025185257765425236,0.0013585452292305805,0.003941243663547975,0.002046035362296521,0.01128788561319977,6.208281037637591E-4,0.003813067470980306,0.020072156027302984,0.002648114938404368,0.005294462192109276,0.003102458917908081,0.0031453029057847467,8.442593798996369E-4,0.002966837835343761,0.004549859792780726,0.002808822761467358,0.003925529806213525,0.0038304552219412947,0.005120509692065619,0.012643992560181495],[4.1814223382506346E-4,0.0011726217631276307,0.0024338433142454224,0.014157464079046077,0.0012314569328735004,0.001522577515296649,0.0012542032579403177,8.017992795677246E-4,0.0029257941649411864,1.0,9.00166448709263E-4,0.0017327331773985984,0.001472927115400432,0.001697964680552361,0.0033350105404160563,0.004559759259845187,7.630864599342229E-4,5.219168474097631E-4,7.117257037439386E-4,0.0015968279659982466,0.015297314160916863,0.0017278484270543868,0.005531015279607176,9.965745071733294E-4,4.1331554716853144E-4,0.0010482959101309503,2.930860831947442E-4,0.001626220590729506,0.00312777483399535,0.002749327074670782,0.004785566525425297,0.0017487387542886026,0.0017065117622293226,0.0016190230987612037,3.7420556543407723E-4,0.0012992525966938674,0.0017581784122762006,2.2106614472678992E-4,0.011780446450968766,2.4038308449245686E-4,0.0017953372105684547,0.033299144111906605,0.0015143709936552487,0.010060430338032493,0.00165015040969789,0.0019954213188773376,0.0017767737657919714,0.001788782901922841,0.0036126782996156554,5.813332797224302E-4,9.956475718300736E-4,0.0017832757544256844,0.002851313061864178,0.0067394616798652825],[3.2437939094163737E-4,2.0372840557631068E-4,0.002606332924254637,6.401918459989966E-4,8.612581631458026E-4,9.687245344110664E-4,2.454730286158307E-4,1.8917416257595694E-4,0.0022444757992448527,9.00166448709263E-4,1.0,0.0010443692657839494,9.750448366271847E-4,5.597955452728961E-4,0.002349276483061729,0.010085278478485006,4.980136687876312E-4,1.518281200070974E-4,2.9027567494184183E-4,3.213512666714988E-4,0.006243246408877467,4.197499590325935E-4,0.011116691448760214,2.877412261958724E-4,1.9817289677558032E-4,2.2659504475471036E-4,2.739802389787904E-4,6.542591000424586E-4,0.007359225970323715,0.0037855121262819866,0.0019333435650283385,3.637189947765073E-4,7.38572650286975E-4,2.8063625827951644E-4,3.578545055116464E-4,3.2846991054344415E-4,0.001172833142488288,7.523179474271464E-5,0.003180494085729431,3.2633822341518286E-4,0.0013599132271008099,0.03246538618601618,7.600214478874316E-4,0.010650002898850767,3.4150565405767253E-4,0.0014813911772326794,3.6465004652687285E-4,0.0014361477073336487,0.0011001532367876346,3.1223476859119654E-4,4.2660861797023453E-4,3.0650699043667577E-4,0.004809786133906721,0.01625550971588072],[5.788319759174561E-4,4.040286785163599E-4,0.002386641362659129,0.01784916643383865,0.0011439942804169676,0.0014586746157506814,5.159988473465459E-4,8.940184970187025E-4,0.0021473589053720753,0.0017327331773985984,0.0010443692657839494,1.0,0.0011955809617949162,0.0012970014031100984,0.0031007437394121066,0.010920201169519016,8.704214991453481E-4,9.740580759532321E-4,0.001098601989957519,8.88498569830806E-4,0.00914227563441279,0.0010608025101035525,0.013902780454040807,6.261778155094667E-4,6.52683560363632E-4,0.0011837214804731177,2.458643848806578E-4,0.0010601318354793705,0.003301306168350654,0.003359863797313417,0.005629736727894756,4.3707430733212207E-4,0.001202890670240206,7.718466148576934E-4,9.87999843578025E-4,6.304047842928238E-4,0.0014837024507131672,6.631953275771305E-4,0.007759855533685494,0.0010926069895090657,0.0013313128211208656,0.011062821684342332,0.0012339237265777702,0.003671463959815338,1.7023340719120002E-4,0.0017174091985406605,0.0010219243476623362,0.0014898043370264297,0.0022685237179768444,6.766186771929733E-4,0.0011448573410008708,4.347002935741432E-4,0.0024936214924746736,0.003685671443294402],[8.73556321376227E-4,3.9313998463545155E-4,0.0032424806788881396,0.0031439407052373655,0.001112356121985921,0.0011597974988869137,9.835688604007925E-4,8.958372579018217E-4,0.0040574375162954045,0.001472927115400432,9.750448366271847E-4,0.0011955809617949162,1.0,0.001142355119586968,0.002374998858623103,0.004174979269918135,8.155639029054372E-4,2.198759111884069E-4,2.4924519054878014E-4,9.350807975099088E-4,0.018684200149195425,0.001055594464763009,0.011861415758284385,8.251586255677779E-4,8.000233491058771E-4,7.704250722134966E-4,7.958064865214087E-4,9.413414538175524E-4,0.004362655133624445,0.0072236869839224435,0.003355106545687671,5.59562107011511E-4,0.0011336489669634638,0.00108671098748496,4.6751892739401997E-4,1.720529826583183E-4,0.001541367001651413,2.2351172043167674E-4,0.017589933891915197,7.971995193312266E-4,0.0015791893014102693,0.0011633515218010234,0.0011894722158515287,0.0017548291886884668,5.951819730740482E-4,0.001865057479791119,6.702716498644488E-4,0.0013685093263219091,0.002958664220112828,9.71054940682759E-4,0.0010212928617898318,0.0010317487935375866,0.003186340973631345,0.006442964292395499],[4.698148232237197E-4,0.0012499940969273027,0.00266780434908466,0.00927591440861751,0.001248778353325966,0.0014774825223420058,0.0011864130322195396,0.001300941253301647,0.0028592580633231973,0.001697964680552361,5.597955452728961E-4,0.0012970014031100984,0.001142355119586968,1.0,0.0014459872482905903,0.005426920109993182,5.729496276856468E-4,5.343897706974241E-4,7.79981395160898E-4,0.0011708729884499663,0.013399393583267217,0.0011869179077520402,0.017513612281681194,0.001241706746321473,0.0010120786308422216,0.0012267876183590057,4.2922425944546026E-4,0.0010078825693266874,0.003899474671437999,0.00732370841086649,0.005540809960982373,4.363707273729784E-4,0.0011942463619783795,0.0012941909481953553,5.370351265064821E-4,6.845861740415419E-4,0.0015167875985578956,0.0013136210649054778,0.017821512323596904,0.0011308151994647959,0.0016931483653665938,0.028964935234200066,0.0013867817142295847,0.010134418995321194,0.0010172754907928692,0.0017335120865261413,0.0011112465356437713,0.0014887468727579516,0.0021503297845763504,8.647699070005168E-4,0.0010427538775768957,8.965952786532149E-4,0.0025756288448244803,0.00818927443889951],[0.0018248976628380319,0.001514084708892094,0.003838200087675589,0.012060825392180199,0.0020596548147651817,0.0015024201272534358,0.0010734078587779131,0.0027087811358617077,0.004279598698528566,0.0033350105404160563,0.002349276483061729,0.0031007437394121066,0.002374998858623103,0.0014459872482905903,1.0,0.004577318224864833,0.0033528359907768045,0.0017346566736079988,0.0041423611429026504,8.668428506575914E-4,0.01484417296197385,0.00376160683319133,0.015545180555961494,8.761540924005366E-4,0.001098630222560752,0.001791081002339546,0.0028793086941429524,0.0025055925681872837,0.004823800455164074,0.005714801529469054,0.006128624335450033,0.0016055312061065052,0.003205812621072761,0.0028583378096689585,0.0029533233800553655,0.0034851484355536027,0.0035640542720263846,0.0017580583722825256,0.01808077471321039,9.464011962094971E-4,0.00197654346877678,0.011204939199202218,0.002797235802666437,0.00448738474598171,0.00243247540205153,0.003636457571755582,0.0034954269513823508,0.0039012469221343087,0.004404787105767786,0.0032535854445439765,0.004152731904644419,0.0032188708905295875,0.005218716411872157,0.011258798212872083],[0.009264590170698346,0.008870416719410011,0.006841624119682694,0.014190504577153946,0.003284695153602299,0.0058338339913824614,9.544848731242687E-4,0.005292816508820922,0.009717720842734753,0.004559759259845187,0.010085278478485006,0.010920201169519016,0.004174979269918135,0.005426920109993182,0.004577318224864833,1.0,8.994042707911121E-4,0.0035508881453249976,0.010440317521117095,0.002037071998322342,0.016080598827291903,0.0073413006828879634,0.016382483674282064,0.005343530688452362,0.009880522511131935,0.009979405009237436,0.005312428983702416,0.005047838796847033,0.010949821586830551,0.008780002463009789,0.011041058538540356,0.01026753749861843,0.003928569072117378,0.009935630358578489,0.006638735469691409,0.007732388610897631,0.0017018217509515712,0.007825593408628614,0.013761140066026594,0.006039826750427459,0.0031089723997348275,0.020435291033792703,0.009721863804567535,0.011060636407333384,0.006129400670348972,0.007367634928360075,0.005169048130429479,0.007238763578770586,0.008571931075206797,0.002716955023508716,0.008965647870637358,0.010977413487850932,0.010587084277393424,0.014942689076577855],[5.530303538976943E-4,1.0039087799822024E-4,0.003026144612849126,0.014676154598418098,5.72201484461746E-4,0.0013407981936184124,4.8663508986712326E-4,1.9844193975583713E-4,0.002634742528215759,7.630864599342229E-4,4.980136687876312E-4,8.704214991453481E-4,8.155639029054372E-4,5.729496276856468E-4,0.0033528359907768045,8.994042707911121E-4,1.0,2.5679311667087696E-4,2.996401620732034E-4,4.280331638949568E-4,0.010150489942872019,8.523210835976833E-4,0.008968628112965622,2.864039223955032E-4,1.91454748159453E-4,5.199691056237995E-4,5.00624703053836E-4,5.692571358605471E-4,0.007161452101223441,0.0013919041819466516,0.001738182445996157,4.938634940899302E-4,0.0010328303708878213,3.233159838640071E-4,4.625521365922642E-4,2.3927917943927972E-4,0.0013156650558111035,3.9649140417317123E-4,9.347627223240731E-4,4.3889810684509393E-4,0.0016271120508156334,0.0333071077290018,6.804768646482987E-4,0.005666746507664433,4.3029428742466367E-4,0.0015829848090777783,5.54092501951504E-4,8.508047471204216E-4,0.003229737446627255,4.5551770330082015E-4,5.198292489619317E-4,3.679276621805837E-4,0.004327128797972284,0.014996015556284378],[7.861088168903684E-5,1.292062801250165E-5,0.0033013432047730717,0.015301940686309808,5.556472558686017E-4,5.066365413341395E-4,8.426581881180038E-5,1.0182726598982097E-4,9.388214575130566E-4,5.219168474097631E-4,1.518281200070974E-4,9.740580759532321E-4,2.198759111884069E-4,5.343897706974241E-4,0.0017346566736079988,0.0035508881453249976,2.5679311667087696E-4,1.0,7.079967738028527E-5,1.242429014100685E-4,0.010403058091795377,2.3032098933843984E-4,0.00900032769626531,1.050840094906057E-4,9.909953680907466E-5,3.15219953013248E-5,1.1506023332067924E-5,2.6511486323073326E-4,0.008299083112549123,2.3031642372666882E-4,0.005740196252834319,8.227406321664072E-5,8.464554293098355E-4,9.143626758118278E-5,1.475733573091316E-4,1.176357757633273E-5,0.0012341571952829383,1.14099103685314E-5,0.0019950755040591744,2.08302837406554E-4,1.6437528268116176E-4,0.029649479018499465,7.542840977153472E-5,0.009662378027354231,3.7769286194954214E-5,7.643966933189167E-5,4.241911720483418E-5,0.0016493705978951926,0.0037473078286902437,1.4094201756925946E-4,1.8225733766316738E-4,2.3003898001932457E-4,0.004228127097016814,0.002280678865494513],[2.598780473308519E-4,1.6556793974856063E-4,0.0021296750971301756,0.011902865252074861,0.0010405328542535796,7.817509479118658E-4,1.2866761654147576E-4,1.416854603930353E-4,0.0013607808387866211,7.117257037439386E-4,2.9027567494184183E-4,0.001098601989957519,2.4924519054878014E-4,7.79981395160898E-4,0.0041423611429026504,0.010440317521117095,2.996401620732034E-4,7.079967738028527E-5,1.0,1.3168913426294938E-4,0.014866091840616144,9.161732954300529E-4,0.012022260227544924,1.4983406637825793E-4,1.7752075969017545E-4,1.8087472022251908E-4,1.3443184853737973E-4,5.044248351481146E-4,0.004415630035051306,0.004724544132435411,0.0034097117455785873,1.9560296111356698E-4,4.99889382406067E-4,1.9307369870894017E-4,2.116295131070903E-4,8.916574487315548E-5,0.0010543241188823143,1.408385855472291E-4,0.01600845641442932,2.0615151175546354E-4,5.309352694775737E-4,0.007872330523223468,6.368957649713224E-4,0.0025252997746747358,1.3474679751110098E-4,7.28219712837899E-4,3.61239252419588E-4,0.0013325933371638324,2.8925259943962965E-4,1.8324690561483722E-4,4.989291916591708E-4,2.6955143130248985E-4,0.004756382233869792,0.014829555598286274],[2.3008502354137473E-4,7.823240030246691E-5,0.0025793432326019976,0.0166768892468549,2.207721377340049E-4,2.0812149176585302E-4,1.235561532075216E-4,1.2990443391232694E-4,0.0020159074289560685,0.0015968279659982466,3.213512666714988E-4,8.88498569830806E-4,9.350807975099088E-4,0.0011708729884499663,8.668428506575914E-4,0.002037071998322342,4.280331638949568E-4,1.242429014100685E-4,1.3168913426294938E-4,1.0,0.0028432767173020524,9.765635640933078E-4,0.0017822011986350235,1.1598241138532838E-4,1.3591830508740904E-4,1.2529766975668952E-4,9.037123732534722E-5,4.134573533429955E-4,0.0052356984821949025,0.0015601741824120847,0.007559850882291156,1.9107200962385724E-4,2.230118835436953E-4,1.655316675516475E-4,2.179837501510925E-4,1.019902397319765E-4,5.709412262219257E-4,1.1114924821742288E-4,0.013694553417380045,2.0104167244212905E-4,0.0010884515425673713,0.012441771918130768,0.0010044619689283316,0.008915531609177055,1.2996370231390807E-4,0.0015983452406639989,4.611848081195181E-4,3.3224215601576135E-4,0.0011130676337699954,1.4186139141745497E-4,2.3067452574453525E-4,1.8013870729812685E-4,0.0013385615202267647,0.006014342130166544],[0.02027099654347896,0.017585908339047628,0.005145766827268349,0.01871153910730194,0.019613971093110354,0.026893091210952284,0.013838630166130324,0.02002916100410309,0.0062248224645915454,0.015297314160916863,0.006243246408877467,0.00914227563441279,0.018684200149195425,0.013399393583267217,0.01484417296197385,0.016080598827291903,0.010150489942872019,0.010403058091795377,0.014866091840616144,0.0028432767173020524,1.0,0.009357098347885034,0.021105345319739986,0.002848571628621223,0.004121466526451499,0.021324920021465705,0.011439175191756468,0.010651475129264577,0.01558912833116924,0.009988115069269415,0.028770344850798945,0.005912931329713548,0.0260332847423584,0.028233101456576596,0.028103900826861594,0.010628334599856404,0.010788289414983753,1.1779943468934284E-4,0.024202487552965966,0.027101843238730123,0.017613727212057593,0.034936850039523695,0.026797175636384694,0.022763371849226256,0.01649646287964859,0.023222720378181197,0.02205709697791438,0.01942309363463408,0.02565702658963019,0.00423601885042858,0.012246517397879148,0.024598605425497137,0.007157156934595664,0.020556184437506245],[8.444450606504509E-4,0.001008237761342929,0.003516372634942976,0.004063582629096734,0.0010939025661657056,0.0011557598017303584,6.038699931765221E-4,5.746943083693327E-4,0.002815120412559435,0.0017278484270543868,4.197499590325935E-4,0.0010608025101035525,0.001055594464763009,0.0011869179077520402,0.00376160683319133,0.0073413006828879634,8.523210835976833E-4,2.3032098933843984E-4,9.161732954300529E-4,9.765635640933078E-4,0.009357098347885034,1.0,0.013678437293028535,9.215142291284729E-4,6.575112805390654E-4,7.971185862787116E-4,3.164515979535344E-4,0.0010352537157047044,0.006592508154492999,0.003748567881327602,0.0040956135603285905,0.0010156038780620839,0.0010638450933188098,7.843216530489395E-4,0.0010030854637736533,6.77158171456245E-4,0.0012662597696451337,4.927323858888516E-4,0.018614267092640312,4.2374294722384933E-4,0.001469653133532647,0.02302621216424707,0.0011071301973660708,0.003461848075919115,6.129436845539961E-4,0.0017604439812441194,9.616417800644222E-4,0.0010521015652451132,0.0017712575398934314,9.942697301246126E-4,5.470111541143265E-4,8.419627987303701E-4,0.0025439467576159917,0.006092040847989293],[0.009930789771994896,2.3075316512925846E-4,0.017149930848039847,0.018296443973687737,0.002041861089209828,0.0046208883567588396,0.013675777349794586,0.011904750929372536,0.011912563251770985,0.005531015279607176,0.011116691448760214,0.013902780454040807,0.011861415758284385,0.017513612281681194,0.015545180555961494,0.016382483674282064,0.008968628112965622,0.00900032769626531,0.012022260227544924,0.0017822011986350235,0.021105345319739986,0.013678437293028535,1.0,0.003129661758120558,0.011956322249960873,0.001983827572916162,0.010722905900519568,0.012941841440780803,0.013363544025480515,0.010998001217125977,0.013147778249831881,0.014643387094024117,0.0030552269273405796,0.006263038431923231,0.0037042389743596627,0.012942611453370825,0.009698094985874607,0.0022284344024242502,0.018282759591468543,0.009271648584681698,0.005895621302655312,0.029663138553608012,0.011102780270384464,0.01403705650764674,0.004943801091583208,0.012247450993176772,0.008272241324657995,0.002597389985065164,0.014981627329622044,0.010380459711803935,9.972912412080305E-4,0.01417830189358037,0.0068807857033029735,0.01696681032204461],[3.0906546877857875E-4,8.263999145053058E-5,0.0031485300819645654,0.00859833652154861,6.327797482945285E-4,5.697770380231193E-4,1.0726314393344667E-4,1.1347802430454903E-4,0.0017145002904861474,9.965745071733294E-4,2.877412261958724E-4,6.261778155094667E-4,8.251586255677779E-4,0.001241706746321473,8.761540924005366E-4,0.005343530688452362,2.864039223955032E-4,1.050840094906057E-4,1.4983406637825793E-4,1.1598241138532838E-4,0.002848571628621223,9.215142291284729E-4,0.003129661758120558,1.0,1.481578246207291E-4,1.1791403427683706E-4,1.267502057330055E-5,2.8713208051797705E-4,1.3138875599221078E-4,0.006762126218551968,5.155951730626728E-4,3.286866764652146E-4,1.6684255328429907E-4,1.2914888446179278E-4,2.2906054807628282E-4,9.942634599075123E-5,0.0014814138133124723,4.0343900224454676E-5,0.006927248910924181,1.7475579205670556E-4,0.0014776016332951193,0.0015672949807701722,7.925952756961068E-4,0.007960385137729755,1.22279075868353E-4,0.0018602100304829481,2.7604917748458074E-4,0.0011320640963336174,0.0035883103579528643,1.643094699950275E-4,1.424986371466326E-4,2.772164911381915E-4,0.00451470936205306,0.002241418706613547],[1.874407571859553E-4,1.2139708297747875E-4,0.002461476328195639,0.005258098995843161,5.160325650483383E-4,4.066022389253916E-4,1.3125390753620082E-4,1.4006965209630183E-4,0.0014131703739200473,4.1331554716853144E-4,1.9817289677558032E-4,6.52683560363632E-4,8.000233491058771E-4,0.0010120786308422216,0.001098630222560752,0.009880522511131935,1.91454748159453E-4,9.909953680907466E-5,1.7752075969017545E-4,1.3591830508740904E-4,0.004121466526451499,6.575112805390654E-4,0.011956322249960873,1.481578246207291E-4,1.0,1.2635429927312632E-4,6.581561564382495E-5,3.076095480590565E-4,0.007762616783286612,3.773710768140222E-4,0.006038380071726718,2.902359942119926E-4,5.356143329101431E-4,1.726717626062585E-4,2.4445287015694057E-4,1.2292372701247973E-5,1.758702478897032E-4,1.0546365746902108E-4,9.934296012825284E-4,2.0438485487103328E-4,0.001434874432718348,0.01870175858750869,4.2291002928068375E-4,0.0017667547762074813,1.469282585657922E-4,3.490456147743937E-4,3.2418648070318837E-4,8.647626886870043E-4,0.001478853178435031,1.7637240630373133E-4,3.2384679713462976E-4,1.7799981779453402E-4,0.004334425013632962,0.0026422791945255866],[2.6790793907476923E-4,5.9236472061960065E-5,1.7298783005871468E-4,0.01162518214309448,3.8273805115100247E-4,2.553495939705812E-4,1.2030673419410244E-4,1.3239616250322982E-4,0.0014616514295232854,0.0010482959101309503,2.2659504475471036E-4,0.0011837214804731177,7.704250722134966E-4,0.0012267876183590057,0.001791081002339546,0.009979405009237436,5.199691056237995E-4,3.15219953013248E-5,1.8087472022251908E-4,1.2529766975668952E-4,0.021324920021465705,7.971185862787116E-4,0.001983827572916162,1.1791403427683706E-4,1.2635429927312632E-4,1.0,6.978318084230091E-5,2.9995873820683856E-4,9.138098864923143E-4,0.004886521254344856,0.0026845438189992328,1.8898202309060059E-4,2.6229538365853556E-4,1.7257030058506404E-4,2.9750001526107807E-4,1.0537318605742681E-4,7.041085795099747E-4,3.7697388385903586E-5,0.002940154642009819,2.006817598030178E-4,7.024306669559138E-4,0.00699355331188924,0.0011973318910631196,0.010965689432706755,1.2348870217819942E-4,0.001931162208075075,5.04445002855312E-4,0.0010346662768934303,0.0011146787019182436,1.3263820165846927E-4,3.79108707731874E-4,2.743622388159765E-4,0.002162104876156314,0.01679897939100417],[8.454102216307976E-5,1.2100148592164497E-5,0.0018204208146985806,0.010074449766037922,1.2998661062433518E-4,3.5896860929683833E-4,6.928759600467964E-5,1.2520547776725236E-4,0.0028353084697902878,2.930860831947442E-4,2.739802389787904E-4,2.458643848806578E-4,7.958064865214087E-4,4.2922425944546026E-4,0.0028793086941429524,0.005312428983702416,5.00624703053836E-4,1.1506023332067924E-5,1.3443184853737973E-4,9.037123732534722E-5,0.011439175191756468,3.164515979535344E-4,0.010722905900519568,1.267502057330055E-5,6.581561564382495E-5,6.978318084230091E-5,1.0,2.6638163472305563E-4,5.420397272858542E-4,0.0035843548756987298,0.007550195882529171,2.0241216033219943E-5,4.8795572189303405E-4,6.508053954908288E-5,1.0699647696764328E-4,1.0720282604682947E-5,0.0012760514825871426,1.0423043457831114E-5,0.002518263796743017,1.383370770176328E-4,0.0017944342682938521,0.03479197720896599,0.0010196243016450824,0.0059822949793803416,9.53189823177197E-5,5.324693243659937E-4,3.5491891372798376E-4,0.001134474076851595,0.0036341920304653295,1.3736683351269816E-4,2.8969957993994555E-4,9.07111851682318E-5,0.0040354592445709225,0.011116667748912467],[5.664327540207783E-4,2.809646836138538E-4,0.0025882522258514015,0.0159718457055575,9.898501067772323E-4,0.0014824822625562045,4.774288410557515E-4,4.1486930538485315E-4,0.0037811205948828116,0.001626220590729506,6.542591000424586E-4,0.0010601318354793705,9.413414538175524E-4,0.0010078825693266874,0.0025055925681872837,0.005047838796847033,5.692571358605471E-4,2.6511486323073326E-4,5.044248351481146E-4,4.134573533429955E-4,0.010651475129264577,0.0010352537157047044,0.012941841440780803,2.8713208051797705E-4,3.076095480590565E-4,2.9995873820683856E-4,2.6638163472305563E-4,1.0,0.005835957460699319,0.004827428588913356,0.004815272682646746,5.797590461297228E-4,9.663514891888628E-4,4.4561008331416106E-4,3.738669066893861E-4,6.970338189462042E-4,0.0011542486071020887,5.110257145266291E-4,0.007418373244009094,4.890223429151333E-4,0.001731582943745441,0.025911595046025984,8.281548509924306E-4,0.0066275389165849396,2.771611350000106E-4,0.0018880743591523446,6.823684966986432E-4,0.0016941810406313944,0.0031455290478177166,4.0548663850226575E-4,6.537742883941063E-4,3.4426114512919285E-4,0.0034644665904110645,0.014108926597302743],[0.0041251873905187855,0.006476551240399892,0.005608627665121444,0.010036931664065924,0.0036684415747256886,0.0053645484821452484,0.008180427986508691,0.006024454009242877,0.0069468459437925754,0.00312777483399535,0.007359225970323715,0.003301306168350654,0.004362655133624445,0.003899474671437999,0.004823800455164074,0.010949821586830551,0.007161452101223441,0.008299083112549123,0.004415630035051306,0.0052356984821949025,0.01558912833116924,0.006592508154492999,0.013363544025480515,1.3138875599221078E-4,0.007762616783286612,9.138098864923143E-4,5.420397272858542E-4,0.005835957460699319,1.0,0.00850065626426263,0.00995837709434409,0.005398649684830902,0.006897578483706115,0.008566591514436688,0.0037723022177452332,0.0042881174160650185,0.0025501449639935307,8.987223183775285E-4,0.018822147046163522,8.427680460003147E-4,0.004464288363935957,0.011125112590432223,0.006076921287592473,0.008895788494895085,0.0022813625841089187,0.0051528580913211405,0.005881260401988733,0.0072372247418392155,0.004816985225900849,0.002325813725492365,0.006462992430450351,0.008066487976695144,0.005443594617611809,0.00903932040122872],[0.006202204551262444,0.006054212222476585,0.004370391863030854,0.013661965885770302,0.0013467091543112,0.0030212616392758843,0.005821929061216683,0.002393066655717326,0.004593770302529012,0.002749327074670782,0.0037855121262819866,0.003359863797313417,0.0072236869839224435,0.00732370841086649,0.005714801529469054,0.008780002463009789,0.0013919041819466516,2.3031642372666882E-4,0.004724544132435411,0.0015601741824120847,0.009988115069269415,0.003748567881327602,0.010998001217125977,0.006762126218551968,3.773710768140222E-4,0.004886521254344856,0.0035843548756987298,0.004827428588913356,0.00850065626426263,1.0,0.008704395311084684,0.007176440407604633,0.006878168631850879,0.001911208809337399,0.002379355440298948,7.09061406449174E-4,0.0024664774096539743,0.006656500038378362,0.016163049077597344,0.002770981712334037,0.0032478956536849983,0.015850931421210787,0.004216501360786483,0.008677724022858966,0.005797539551503228,0.0035035240627727055,8.696697196696825E-4,0.0028373128537814317,0.006693412111951826,0.0016813729553748229,0.0025632244893993663,0.0023305584395411244,0.0060955546824425985,0.014420569226753308],[0.0017844036523087616,0.008851058316266161,0.004575852756279895,0.012864588373549165,0.011010868463613883,0.003097322371306538,0.005509484670773529,0.007649058771355233,0.006111774926351624,0.004785566525425297,0.0019333435650283385,0.005629736727894756,0.003355106545687671,0.005540809960982373,0.006128624335450033,0.011041058538540356,0.001738182445996157,0.005740196252834319,0.0034097117455785873,0.007559850882291156,0.028770344850798945,0.0040956135603285905,0.013147778249831881,5.155951730626728E-4,0.006038380071726718,0.0026845438189992328,0.007550195882529171,0.004815272682646746,0.00995837709434409,0.008704395311084684,1.0,0.009067807331105314,0.010813538634175357,0.002197749330128643,0.0017032610811366891,0.006833635421234971,0.011343964592395802,0.012009577745201007,0.0127243199252053,3.560094640310174E-4,0.00761119512076966,0.01732961921366133,0.007446386827843385,0.01202247068237331,4.148749895298067E-4,0.007966205623473503,0.00995184219228085,0.011207547540895459,0.004781741241583556,0.005727518571177265,0.0012959042416160874,0.008116566683921052,0.009207652127860205,0.014722645062719874],[3.147721664131346E-4,1.9337024098581466E-4,0.001711875421976472,0.0028379270634200566,6.706156663865612E-4,5.660915425669654E-4,2.1044650178478282E-4,3.344214951842052E-4,0.0016819451355070915,0.0017487387542886026,3.637189947765073E-4,4.3707430733212207E-4,5.59562107011511E-4,4.363707273729784E-4,0.0016055312061065052,0.01026753749861843,4.938634940899302E-4,8.227406321664072E-5,1.9560296111356698E-4,1.9107200962385724E-4,0.005912931329713548,0.0010156038780620839,0.014643387094024117,3.286866764652146E-4,2.902359942119926E-4,1.8898202309060059E-4,2.0241216033219943E-5,5.797590461297228E-4,0.005398649684830902,0.007176440407604633,0.009067807331105314,1.0,5.102553923415102E-4,2.317944689321136E-4,3.3109649923627354E-4,2.5783395072233306E-4,0.0014745248093619206,2.497122150970084E-4,0.0020438865051661146,3.471172847526374E-4,0.0010117030120760395,0.008568791689998483,8.461684238784652E-4,0.008753595377214814,2.4168506024676518E-4,0.0017015227788260495,3.953056255824884E-4,0.0013608622958533952,0.0022955580216426907,3.2184931024857545E-4,4.6009383206355E-4,3.1245404822534927E-4,0.004104156256034879,0.007423342537565323],[7.382690634174442E-4,5.448018130109351E-4,0.0029400533781355617,0.007937103824497232,0.0011347522036836805,0.0013768635545958377,8.515396755831553E-4,6.691650355703871E-4,0.0013562874757272194,0.0017065117622293226,7.38572650286975E-4,0.001202890670240206,0.0011336489669634638,0.0011942463619783795,0.003205812621072761,0.003928569072117378,0.0010328303708878213,8.464554293098355E-4,4.99889382406067E-4,2.230118835436953E-4,0.0260332847423584,0.0010638450933188098,0.0030552269273405796,1.6684255328429907E-4,5.356143329101431E-4,2.6229538365853556E-4,4.8795572189303405E-4,9.663514891888628E-4,0.006897578483706115,0.006878168631850879,0.010813538634175357,5.102553923415102E-4,1.0,8.894013373084654E-4,4.2979574240267424E-4,0.001091836246552333,0.0015005808636634247,0.001118421233477295,0.008764701831075776,0.0010583669668546357,0.001425803417405837,0.018865294914480513,0.0011789105455634085,0.004504082051764615,0.0010599437639961457,0.0018694634496584852,7.882220159182939E-4,0.0016716805100550408,0.001984369320555463,5.870768170235063E-4,7.509002930136865E-4,3.9093069272252425E-4,0.003800917739671012,0.016590413343910166],[2.2874827744455623E-4,1.3107183542590705E-4,0.001003091926691618,0.006112538805135948,3.087449021760495E-4,0.0012699266235429445,1.2758334193491318E-4,1.9639702760566332E-4,0.0020165521240209775,0.0016190230987612037,2.8063625827951644E-4,7.718466148576934E-4,0.00108671098748496,0.0012941909481953553,0.0028583378096689585,0.009935630358578489,3.233159838640071E-4,9.143626758118278E-5,1.9307369870894017E-4,1.655316675516475E-4,0.028233101456576596,7.843216530489395E-4,0.006263038431923231,1.2914888446179278E-4,1.726717626062585E-4,1.7257030058506404E-4,6.508053954908288E-5,4.4561008331416106E-4,0.008566591514436688,0.001911208809337399,0.002197749330128643,2.317944689321136E-4,8.894013373084654E-4,1.0,2.9558065865137746E-4,1.8276939153294116E-4,2.538564299136653E-4,1.9832576702832108E-4,0.006110441400780688,2.1154393680245477E-4,8.344558869503091E-4,0.024817966652853553,0.0010828760408743885,0.011309558244568587,1.6812730440736714E-4,0.0018956141531273492,4.6779755123378707E-4,0.001567786384245687,0.0017885182295434776,1.8506166822056992E-4,2.4687267431283417E-4,2.574949244728787E-4,0.0037158850568090648,0.015951792907962888],[3.12178517842817E-4,2.774663734231974E-4,7.446963242713734E-4,0.005160087397551005,7.966611546234841E-4,5.499034746623182E-4,2.350626231859316E-4,2.40739564055136E-4,0.0025185257765425236,3.7420556543407723E-4,3.578545055116464E-4,9.87999843578025E-4,4.6751892739401997E-4,5.370351265064821E-4,0.0029533233800553655,0.006638735469691409,4.625521365922642E-4,1.475733573091316E-4,2.116295131070903E-4,2.179837501510925E-4,0.028103900826861594,0.0010030854637736533,0.0037042389743596627,2.2906054807628282E-4,2.4445287015694057E-4,2.9750001526107807E-4,1.0699647696764328E-4,3.738669066893861E-4,0.0037723022177452332,0.002379355440298948,0.0017032610811366891,3.3109649923627354E-4,4.2979574240267424E-4,2.9558065865137746E-4,1.0,7.68641059049593E-5,6.399979637515029E-4,3.606833448585844E-5,0.014048519433174646,2.936318626940666E-4,0.001162984191366382,0.010796165593272325,4.098632374058122E-4,0.0010214159437654388,2.5808167415892986E-4,8.642706077782022E-4,4.911627216650883E-4,0.0012238397575492273,0.002873564282682501,2.770798503184522E-4,3.9933319133922683E-4,3.1145219755396E-4,0.005001884208922358,0.009731809465868288],[7.917058933269593E-5,1.3238471119036064E-5,0.0013014482997022996,0.018133036466328703,9.234063060107819E-5,0.0012334573981195353,4.4596165276492915E-5,1.2327978023031358E-4,0.0013585452292305805,0.0012992525966938674,3.2846991054344415E-4,6.304047842928238E-4,1.720529826583183E-4,6.845861740415419E-4,0.00