[[1.0,4.510168256602365E-4,1.1740823188001974E-4,0.007068063111374431,7.606428147978047E-4,3.3155024270577324E-4,1.3490276051378522E-4,4.0176521779022173E-4,0.00109472572074447,1.4985346848392933E-4,8.839111102001156E-4,1.1329463886083991E-4,0.0014000654297632712,0.025133862596705355,9.94416966699305E-4,9.101319665930323E-5,9.40989810894877E-5,1.295186157995733E-4,1.3392143856717428E-4,0.0010243342394022483,3.342569276578126E-5,1.21967684512922E-4,0.0025167735657928704,1.9252096172033296E-4,5.690881034923331E-5,5.616147879853697E-5,0.0023884945299029537,1.1879159063212483E-4,4.356208431853879E-5,0.025160536601563106,3.7772890112020864E-4,6.542986607240525E-5,7.529143678256435E-4,7.716120645403102E-5,4.351035175296183E-5,1.2946381822098263E-4,2.527340508458033E-4,1.1806943476241158E-4,2.0958157594598174E-4,0.0010275827908604496,0.002974732915512628],[4.510168256602365E-4,1.0,2.04937417099484E-4,0.0029234500527983848,0.0013120672020761636,0.0014198987474467965,0.0010249268713453873,7.960471274659048E-4,0.001332853325990001,7.671145128755773E-4,0.0019293843357795822,2.798951621024075E-4,0.002195888429686527,0.014787271604205291,0.0019199171066801217,0.0011846850473806072,5.053418837122482E-4,2.868138439476132E-4,0.0010760393807040982,0.002102161594742505,7.465848910842845E-4,0.0012083718819730835,0.009986083390637305,0.0010178977366579213,8.379137427708457E-4,2.5795635837577566E-4,0.001661251100553457,0.0011663591611125609,0.0011261893104675662,0.01022679073442422,0.0011346705749362676,9.763215093050632E-4,0.0012863588948399656,8.881932112934294E-4,0.0013147809454013319,2.626697919296084E-4,0.001619680231316267,0.001084942387290378,0.0013061042254497778,0.0016973675360747622,0.002768121443038759],[1.1740823188001974E-4,2.04937417099484E-4,1.0,0.0010199208876194236,4.779654997124331E-4,8.911558907510428E-4,1.7392718472231472E-4,1.875480305928516E-4,0.0010947482826390794,1.2230785154646555E-4,0.0018348648673779005,1.0793567280429316E-4,6.321302615922594E-4,4.2850307185925043E-4,0.0017033983951966697,1.0648559521133873E-4,3.3259774830816513E-5,1.2796232453957758E-4,1.1579747487474385E-4,5.340790513461792E-4,7.443896373206038E-5,1.1874393291922825E-4,0.009165564367442838,2.508002175213269E-4,8.259292973152079E-5,5.6105798458108454E-5,0.002372356733238843,1.096912389403337E-4,6.404866951468022E-5,0.02358985599174174,6.439161667756274E-4,7.741755863602582E-5,6.72796920681457E-4,8.282369288103864E-5,7.645246252355928E-5,1.235839649849858E-4,0.0010064021995216021,1.1225533716092509E-4,3.812939055159237E-4,0.001703419030281341,0.001071858211254],[0.007068063111374431,0.0029234500527983848,0.0010199208876194236,1.0,0.006036780080628609,0.0029485652178501357,0.002847027078573319,0.010396462010689791,0.005508631352812106,0.007775497090578044,0.004035877068761035,0.007722393815399807,0.007439324182719972,0.019731121348400646,0.010516927207785756,4.670571579415961E-4,0.008189767483964012,0.006226694632392226,0.01023602550182893,0.009417824734346467,0.008691194644208892,0.004001487515724555,0.010781398164771075,0.0061158854732142505,0.004070681884258686,0.0028836183717186755,0.009940004523703508,4.2140125608253236E-4,0.005943376845792078,0.012458548416336705,0.0021964232068528576,0.009468839573564094,0.0053739701178229906,0.00951281478858932,0.0038958928808570524,0.008071194407760883,0.010554219237068344,0.005281531925055465,0.0037446205306843477,0.005588310305513909,0.0037752520461254236],[7.606428147978047E-4,0.0013120672020761636,4.779654997124331E-4,0.006036780080628609,1.0,0.0013699959093722808,9.668813754172428E-4,9.198248774547022E-4,0.0011608358891889786,9.383414471615062E-4,0.001641333419883784,6.858026793951505E-4,0.0014965267218903652,0.029316814433230448,0.001544438461553872,6.328223434284696E-4,4.410593915938032E-4,0.0010776533874931786,3.4822743749921264E-4,0.0016271209968895877,5.334122406356601E-4,7.679413837950528E-4,0.009224892423287867,6.372411632462193E-4,5.00145052868181E-4,4.498638400859393E-4,0.0017072550547964365,1.6025036137818776E-4,6.473600775892176E-4,0.010112399904983074,9.368678524731756E-4,2.693632441725952E-4,0.0011262895408377693,8.168779972878487E-4,8.687016322813253E-4,4.8591898406735365E-4,0.0015883632301133233,0.001065346143821763,0.0012573833506091007,0.0014019132963071425,0.0016627747405753572],[3.3155024270577324E-4,0.0014198987474467965,8.911558907510428E-4,0.0029485652178501357,0.0013699959093722808,1.0,0.001379018445433569,8.411915677830248E-4,0.0015424291481748104,2.273488884673148E-4,0.0016013293987194308,1.3839584462334054E-4,0.0019175428936105384,0.006323213599676088,0.0019549212013923144,0.0012508344410296784,3.6069690827292354E-5,8.067006598346392E-4,2.6613063916645474E-4,0.00258313974292309,5.383322846427125E-4,9.700617981630686E-4,0.010606038615958905,7.639833261776739E-4,8.966129809895253E-4,5.760153732922867E-4,0.0021197098931618422,7.309750297680555E-4,0.0012658213435390872,0.00915640509969272,0.001347225369368852,4.2419171006617175E-4,0.001342082649532577,6.340425771453795E-4,4.410187695226258E-4,2.3473631240516864E-4,0.00165760740530977,0.0015391797630696486,0.0013398819648795042,0.0017532035068094697,0.0023273108552032203],[1.3490276051378522E-4,0.0010249268713453873,1.7392718472231472E-4,0.002847027078573319,9.668813754172428E-4,0.001379018445433569,1.0,4.3885429053381773E-4,5.758295436846681E-4,1.8856076169957358E-4,8.495534260398685E-4,1.7570588481736723E-4,0.001832402488131288,0.011898711091784853,0.0013902888352792235,1.3178656131678505E-4,1.2296384538456996E-4,1.4560080035293577E-4,1.7921464681498294E-4,0.00238083466125889,4.052885292767584E-5,1.2361921713720592E-4,0.007477168452299159,2.4808917303778755E-4,9.427795152604519E-5,1.5134570140733542E-4,0.0015151258132503505,1.4069052874154047E-4,1.5715598179217872E-4,0.01157279626720399,4.2104554865251127E-4,8.903330425122016E-5,6.46016320092739E-4,1.7135621370671303E-4,9.170447249676116E-5,1.5926181343416996E-4,0.002152411443618874,1.24243098496741E-4,9.558101195532516E-4,0.001585144270350237,0.0013368367054210377],[4.0176521779022173E-4,7.960471274659048E-4,1.875480305928516E-4,0.010396462010689791,9.198248774547022E-4,8.411915677830248E-4,4.3885429053381773E-4,1.0,0.0012255313394755676,5.511145074658468E-4,9.098338130323728E-4,7.02461184802291E-4,0.002328950317906615,0.018397052718475946,0.0024240972762203756,2.5172920996154995E-4,3.8685638158751537E-4,5.339322509974365E-4,5.204923426769012E-4,0.0010126512368484853,3.9544410023928275E-4,4.6900796392688137E-4,0.010058944011012993,5.770116785584136E-4,5.230956750621746E-4,5.764198426814977E-4,0.0021972674044935595,5.355468818342277E-4,3.7271743309160235E-4,0.002185101895558832,8.832268430798499E-4,3.376299845608685E-4,0.0011000090853607776,4.3172753066120055E-4,4.1437675241297995E-4,7.666094446275344E-4,9.733350544037241E-4,4.899427312664424E-4,0.0010473363310923847,0.0011994667721418868,0.002351073200463274],[0.00109472572074447,0.001332853325990001,0.0010947482826390794,0.005508631352812106,0.0011608358891889786,0.0015424291481748104,5.758295436846681E-4,0.0012255313394755676,1.0,4.458156489223178E-4,0.0017404978115906774,7.830901301464602E-4,0.0022841502739517337,0.015323074995520084,0.0035826440429611714,3.209640414207711E-4,2.4381784066265512E-4,0.0010020818748946296,7.103824013540686E-4,0.0024558553505869664,7.864127983122739E-4,4.2664086819459005E-4,0.002274317786168177,3.9969200626368683E-4,9.055006420435097E-4,3.285545269648761E-4,0.0024771476099361063,5.433684201054533E-4,6.449258669325422E-4,0.025816781590043365,0.0013143905434504775,2.8026112398861995E-4,0.001156004739845016,1.4182920275156876E-4,5.104293070116791E-4,4.453147599954338E-4,0.0020896073042000534,8.279921928954393E-4,0.0012820892051136684,0.0018335972707740418,0.0030548277659237103],[1.4985346848392933E-4,7.671145128755773E-4,1.2230785154646555E-4,0.007775497090578044,9.383414471615062E-4,2.273488884673148E-4,1.8856076169957358E-4,5.511145074658468E-4,4.458156489223178E-4,1.0,3.8504030931201536E-4,1.0957670362225522E-4,0.0022245252186928804,0.028791037868681497,0.0032176662348579895,9.059625313723097E-5,1.4380625453932496E-4,1.7115106175774836E-4,1.3902805220180055E-4,0.002664644684219407,9.421598469399071E-5,1.3758949415503972E-4,0.006551275039348814,2.3617643666682604E-4,3.5910486255759995E-5,1.7860162241308917E-5,0.0012565505877017808,1.513845163378683E-4,1.7290542538109238E-4,0.007174082507018847,8.970681272226491E-4,1.1199347422173019E-4,3.57816644437592E-4,1.5309180350910577E-4,1.3944639733088607E-4,1.67014676332564E-4,0.0012211660155818948,1.167512602237523E-4,0.0010883300424202264,0.0016997243403013814,0.0014057412419381569],[8.839111102001156E-4,0.0019293843357795822,0.0018348648673779005,0.004035877068761035,0.001641333419883784,0.0016013293987194308,8.495534260398685E-4,9.098338130323728E-4,0.0017404978115906774,3.8504030931201536E-4,1.0,0.0016577923751600631,0.0025887911914346455,0.015245011608452453,0.002046454701917041,8.265169448562848E-4,8.75666493674636E-4,0.0019628602709829187,2.449383529745954E-4,0.002450234184568438,0.001968369098054583,0.0018540565814167125,0.006362835232904511,0.0011949243928446695,3.6635765367922017E-4,0.001985382048631367,0.0021176736121321363,0.00178217057029726,5.000076811730437E-4,0.019977103858039982,0.0015020805443903653,6.997346749354025E-4,0.0012884925093036858,0.0016225087068959098,0.001945731907882533,0.001435353077683233,0.0022257008678376435,0.0012480560151454283,0.0018008932300687382,0.0019604873098382474,0.0023154221896876477],[1.1329463886083991E-4,2.798951621024075E-4,1.0793567280429316E-4,0.007722393815399807,6.858026793951505E-4,1.3839584462334054E-4,1.7570588481736723E-4,7.02461184802291E-4,7.830901301464602E-4,1.0957670362225522E-4,0.0016577923751600631,1.0,7.133296817532918E-4,0.028580144965332583,0.0016582180377618886,1.007203116509522E-4,7.584904756533775E-5,1.199862547531826E-4,1.2129401393662291E-4,6.007139862820108E-4,3.8597436068907014E-5,1.135436811754025E-4,0.008207217381487567,2.0146243237929056E-4,1.5618844309174372E-5,1.052752501797601E-4,0.0023858181919021054,1.0469306389079848E-4,7.665101343775076E-5,0.02167298583620143,8.624664640529455E-4,4.5532016113644704E-5,2.609972056860341E-4,8.353897347892351E-5,4.7310717664220476E-5,1.1606796850647566E-4,0.001300232359293241,1.1127338744356661E-4,0.0012318084114212027,7.858626139749816E-4,0.0012036305009285053],[0.0014000654297632712,0.002195888429686527,6.321302615922594E-4,0.007439324182719972,0.0014965267218903652,0.0019175428936105384,0.001832402488131288,0.002328950317906615,0.0022841502739517337,0.0022245252186928804,0.0025887911914346455,7.133296817532918E-4,1.0,0.022289374477041685,0.0034148790638206983,0.0010659201977166219,1.1297614666072698E-4,0.0015234121379896644,9.829216200596563E-4,0.002678870496557143,0.0015493525160009136,0.0022068103630090465,0.00363109082008046,5.153648465176709E-4,9.20283100158081E-4,0.0018764640932903212,0.0025532749686519823,0.002291434755541758,8.374271643224472E-4,0.019561507874716652,0.0022938262612874558,0.002619483140051364,0.0016439350511209775,0.0020738574177006142,0.0014016641904840944,0.002270681024203783,0.0026605924657232905,0.0018805885826994153,0.0018695117236598704,0.0022859981535445074,0.0029552636023118333],[0.025133862596705355,0.014787271604205291,4.2850307185925043E-4,0.019731121348400646,0.029316814433230448,0.006323213599676088,0.011898711091784853,0.018397052718475946,0.015323074995520084,0.028791037868681497,0.015245011608452453,0.028580144965332583,0.022289374477041685,1.0,0.012824529593799538,0.004908124909960101,0.011748349071093062,0.0258662566679708,0.027539527895121037,0.010876169520350226,0.031816285556199884,0.019056902101888228,0.013470396663916343,0.001791040011361484,0.02368622322652117,0.007188285236244339,0.005827080551373768,0.015394359693814665,0.005457155304967882,0.030582619996725516,0.026316475634675453,0.026444073552194962,0.028597993153453412,0.002503662791403149,0.020898276539048,0.022560009680539606,0.027257224746880464,0.027189301153532516,0.002847215157843894,0.027366626237825816,0.005987128465038686],[9.94416966699305E-4,0.0019199171066801217,0.0017033983951966697,0.010516927207785756,0.001544438461553872,0.0019549212013923144,0.0013902888352792235,0.0024240972762203756,0.0035826440429611714,0.0032176662348579895,0.002046454701917041,0.0016582180377618886,0.0034148790638206983,0.012824529593799538,1.0,6.620559153394605E-4,0.002414038512540492,0.0012489068407124766,0.001430176610820843,0.003506203536840594,4.534430396935861E-4,0.0015417727229913919,0.007068455243337526,0.0018722180212839366,0.0015548931643185133,0.001857784274130656,0.002875292602241681,5.401318175385193E-4,9.801408267867592E-5,0.019153014191094407,0.003544602499281046,0.001084133480962602,0.002910122294289094,0.0032833003987644926,0.0011086092394556307,0.0035282301753543966,0.0034294800291615963,4.330618876253121E-4,0.002224034231621749,0.0029224243930823968,0.0032913621873004837],[9.101319665930323E-5,0.0011846850473806072,1.0648559521133873E-4,4.670571579415961E-4,6.328223434284696E-4,0.0012508344410296784,1.3178656131678505E-4,2.5172920996154995E-4,3.209640414207711E-4,9.059625313723097E-5,8.265169448562848E-4,1.007203116509522E-4,0.0010659201977166219,0.004908124909960101,6.620559153394605E-4,1.0,5.787277783808577E-5,1.0201966746639844E-4,1.3214339800013338E-4,0.0013999143700290497,2.871060186292326E-5,9.871714600034765E-5,0.004033592694508095,2.6084290584762603E-4,6.615055549553634E-5,3.142870888583301E-5,2.8628245410340094E-4,1.0343909335160555E-4,1.740658590126437E-5,0.02435245851890124,3.3183330137620884E-4,5.606078869954777E-5,7.302092197352218E-4,4.690145838845865E-5,5.407043153851521E-5,8.510639605308626E-5,0.0010461243784668573,8.154227403916259E-5,0.0011196406187430714,2.6538190368659113E-4,1.037038690943874E-4],[9.40989810894877E-5,5.053418837122482E-4,3.3259774830816513E-5,0.008189767483964012,4.410593915938032E-4,3.6069690827292354E-5,1.2296384538456996E-4,3.8685638158751537E-4,2.4381784066265512E-4,1.4380625453932496E-4,8.75666493674636E-4,7.584904756533775E-5,1.1297614666072698E-4,0.011748349071093062,0.002414038512540492,5.787277783808577E-5,1.0,2.731916203640537E-5,6.699029341558367E-5,8.009519039730612E-4,1.74217172393355E-5,1.1745943663348286E-4,0.010490759837685285,2.3664878226250429E-4,1.6606391544230225E-5,1.4509497040021415E-5,0.0019937937680415247,6.607265872155395E-5,1.4168049060455199E-5,0.002033957742301678,3.430815532558728E-4,2.1448113559685654E-5,0.0010919416764872188,2.5169311185372283E-5,2.5872761938208926E-5,2.3446415290604455E-5,0.0011589842347358456,6.660693696618525E-5,5.188422010670215E-4,5.14795747400932E-4,0.001352121803852926],[1.295186157995733E-4,2.868138439476132E-4,1.2796232453957758E-4,0.006226694632392226,0.0010776533874931786,8.067006598346392E-4,1.4560080035293577E-4,5.339322509974365E-4,0.0010020818748946296,1.7115106175774836E-4,0.0019628602709829187,1.199862547531826E-4,0.0015234121379896644,0.0258662566679708,0.0012489068407124766,1.0201966746639844E-4,2.731916203640537E-5,1.0,1.3799318794279042E-4,4.501783135462619E-4,1.1822540759786089E-4,1.2842420637045832E-4,0.007889771176123044,2.0172215396703884E-4,1.3095816017379917E-4,1.3104070214472243E-4,0.0024657635789522504,1.3444171226481482E-4,3.0588453742243843E-5,0.004337901947199937,6.227996996369653E-4,1.1184234380831472E-4,2.4855147846367353E-4,5.212593183100786E-5,1.310284504224127E-4,1.3882222948084506E-4,4.2681368910919333E-4,1.2098216198393747E-4,3.890085810055852E-4,0.0010254735635737721,0.002999524917925032],[1.3392143856717428E-4,0.0010760393807040982,1.1579747487474385E-4,0.01023602550182893,3.4822743749921264E-4,2.6613063916645474E-4,1.7921464681498294E-4,5.204923426769012E-4,7.103824013540686E-4,1.3902805220180055E-4,2.449383529745954E-4,1.2129401393662291E-4,9.829216200596563E-4,0.027539527895121037,0.001430176610820843,1.3214339800013338E-4,6.699029341558367E-5,1.3799318794279042E-4,1.0,0.002081260300831617,1.3754140940969284E-4,1.253326116356127E-4,0.0032250048739229284,2.878896702640323E-4,4.982928513547286E-5,4.498157020920943E-5,0.0017410713992239643,1.0832739106484681E-4,3.767725639829527E-5,0.005301373658252789,5.186551728835984E-4,1.2067749982142233E-4,0.001089719306851195,1.2720666650499252E-4,1.0411961567713087E-4,1.3983555241509188E-4,0.0018143861082279794,1.3079252916652805E-4,0.0011809741174601228,0.0011528574373053495,0.0011490369233204646],[0.0010243342394022483,0.002102161594742505,5.340790513461792E-4,0.009417824734346467,0.0016271209968895877,0.00258313974292309,0.00238083466125889,0.0010126512368484853,0.0024558553505869664,0.002664644684219407,0.002450234184568438,6.007139862820108E-4,0.002678870496557143,0.010876169520350226,0.003506203536840594,0.0013999143700290497,8.009519039730612E-4,4.501783135462619E-4,0.002081260300831617,1.0,0.0026673924063318755,0.001769417605682345,0.007793142436604004,0.00104267711669627,0.0013852999521726762,0.002580848420589262,0.0026232834132674273,1.7565866521028438E-4,0.002462015126115539,0.004695653291693663,0.0018085285968432335,2.4027932759059084E-4,0.0020059986406748957,4.2775151710958343E-4,0.0022765191570704724,5.710556263970868E-4,0.0023754593246392134,0.0019193819899050331,0.002567853137602473,0.0021729720189397135,0.002719358702515578],[3.342569276578126E-5,7.465848910842845E-4,7.443896373206038E-5,0.008691194644208892,5.334122406356601E-4,5.383322846427125E-4,4.052885292767584E-5,3.9544410023928275E-4,7.864127983122739E-4,9.421598469399071E-5,0.001968369098054583,3.8597436068907014E-5,0.0015493525160009136,0.031816285556199884,4.534430396935861E-4,2.871060186292326E-5,1.74217172393355E-5,1.1822540759786089E-4,1.3754140940969284E-4,0.0026673924063318755,1.0,4.8965043525045035E-5,0.0012629497335273376,1.896513970430302E-4,1.1950585108506563E-5,1.1069861392682115E-5,8.255145312189283E-4,2.6854586205276213E-5,1.2209932593309282E-5,0.010125377972668763,5.082129614564259E-4,2.0128433423818247E-5,7.073865984503053E-5,1.772943396630959E-5,3.2884556340318146E-5,1.2499113101581977E-4,0.001328881925088103,1.419474510152281E-5,8.848037743491175E-4,0.0018493947442362558,3.3772415271054833E-4],[1.21967684512922E-4,0.0012083718819730835,1.1874393291922825E-4,0.004001487515724555,7.679413837950528E-4,9.700617981630686E-4,1.2361921713720592E-4,4.6900796392688137E-4,4.2664086819459005E-4,1.3758949415503972E-4,0.0018540565814167125,1.135436811754025E-4,0.0022068103630090465,0.019056902101888228,0.0015417727229913919,9.871714600034765E-5,1.1745943663348286E-4,1.2842420637045832E-4,1.253326116356127E-4,0.001769417605682345,4.8965043525045035E-5,1.0,0.009853857876853589,2.885200671486212E-4,6.544744082866849E-5,2.51174007255914E-5,0.002002062038144232,1.161007740910235E-4,4.5955030951958556E-5,3.2558381746909345E-4,1.7061272001475338E-4,6.335511365956622E-5,1.5327411430689545E-4,4.387408345262548E-5,4.650072154869633E-5,1.3944426921628044E-4,0.0021780845754594998,1.1502742373605831E-4,3.351851931718096E-4,1.9883430797122947E-4,0.0022449546732041447],[0.0025167735657928704,0.009986083390637305,0.009165564367442838,0.010781398164771075,0.009224892423287867,0.010606038615958905,0.007477168452299159,0.010058944011012993,0.002274317786168177,0.006551275039348814,0.006362835232904511,0.008207217381487567,0.00363109082008046,0.013470396663916343,0.007068455243337526,0.004033592694508095,0.010490759837685285,0.007889771176123044,0.0032250048739229284,0.007793142436604004,0.0012629497335273376,0.009853857876853589,1.0,0.006127974075097165,0.009203806602526367,0.005736592766046721,0.008987208761822034,0.008728014353850925,4.0616259018463316E-4,0.01808685035936675,9.664703092968689E-4,0.0033956327127314854,0.0043034620852378915,0.008375040971794484,0.003180436041784506,0.00958578060284993,0.003169329482012108,0.00755600523915926,0.0022932458164453993,0.006753617107994224,0.0047511142471225835],[1.9252096172033296E-4,0.0010178977366579213,2.508002175213269E-4,0.0061158854732142505,6.372411632462193E-4,7.639833261776739E-4,2.4808917303778755E-4,5.770116785584136E-4,3.9969200626368683E-4,2.3617643666682604E-4,0.0011949243928446695,2.0146243237929056E-4,5.153648465176709E-4,0.001791040011361484,0.0018722180212839366,2.6084290584762603E-4,2.3664878226250429E-4,2.0172215396703884E-4,2.878896702640323E-4,0.00104267711669627,1.896513970430302E-4,2.885200671486212E-4,0.006127974075097165,1.0,3.155749929872736E-5,1.204896523654386E-5,0.0020443862589544126,2.819720928353346E-4,5.8832681783386754E-5,0.003171994530127138,6.698421805657022E-4,1.7045246809784857E-4,0.001087268453287368,1.4625859129340643E-4,9.446314041381705E-5,2.977040644636113E-4,0.0017591322013325431,1.1633540107940964E-4,6.22203011134332E-4,8.15379961823209E-4,0.0029476089293184516],[5.690881034923331E-5,8.379137427708457E-4,8.259292973152079E-5,0.004070681884258686,5.00145052868181E-4,8.966129809895253E-4,9.427795152604519E-5,5.230956750621746E-4,9.055006420435097E-4,3.5910486255759995E-5,3.6635765367922017E-4,1.5618844309174372E-5,9.20283100158081E-4,0.02368622322652117,0.0015548931643185133,6.615055549553634E-5,1.6606391544230225E-5,1.3095816017379917E-4,4.982928513547286E-5,0.0013852999521726762,1.1950585108506563E-5,6.544744082866849E-5,0.009203806602526367,3.155749929872736E-5,1.0,1.173463312980588E-5,9.26769423290977E-4,9.680662831255835E-5,1.263133968367477E-5,0.002771654436606684,7.630077861709175E-4,3.143322991285283E-5,6.619178568039901E-4,1.6914927335748516E-5,1.8836207000512333E-5,5.8246429035067406E-5,0.0015960823533393007,9.325379887322604E-5,9.543713782302469E-4,0.0016026540525037546,0.0018967662865233535],[5.616147879853697E-5,2.5795635837577566E-4,5.6105798458108454E-5,0.0028836183717186755,4.498638400859393E-4,5.760153732922867E-4,1.5134570140733542E-4,5.764198426814977E-4,3.285545269648761E-4,1.7860162241308917E-5,0.001985382048631367,1.052752501797601E-4,0.0018764640932903212,0.007188285236244339,0.001857784274130656,3.142870888583301E-5,1.4509497040021415E-5,1.3104070214472243E-4,4.498157020920943E-5,0.002580848420589262,1.1069861392682115E-5,2.51174007255914E-5,0.005736592766046721,1.204896523654386E-5,1.173463312980588E-5,1.0,0.0019166351853284996,3.521332341127808E-5,1.1726134317027992E-5,0.011765608435969396,5.747517491164103E-4,2.4189724625895158E-5,8.918743155738872E-4,2.291012290726034E-5,2.1685068744676455E-5,1.0189865952394173E-4,0.0022369971611435275,1.1095739007478049E-4,3.8415965328048295E-5,0.0016282229515234964,0.00208871306741879],[0.0023884945299029537,0.001661251100553457,0.002372356733238843,0.009940004523703508,0.0017072550547964365,0.0021197098931618422,0.0015151258132503505,0.0021972674044935595,0.0024771476099361063,0.0012565505877017808,0.0021176736121321363,0.0023858181919021054,0.0025532749686519823,0.005827080551373768,0.002875292602241681,2.8628245410340094E-4,0.0019937937680415247,0.0024657635789522504,0.0017410713992239643,0.0026232834132674273,8.255145312189283E-4,0.002002062038144232,0.008987208761822034,0.0020443862589544126,9.26769423290977E-4,0.0019166351853284996,1.0,0.0015039621512864562,0.00175939121954689,0.023040370621568478,0.002023174010064271,8.681220315927751E-4,0.0016242326380031603,9.273708956424556E-5,0.0014056584361136562,0.0013654603127846825,0.0023987197013337807,3.143750078730394E-4,0.0017491315727267915,0.0019829382689823547,0.0029814405917379786],[1.1879159063212483E-4,0.0011663591611125609,1.096912389403337E-4,4.2140125608253236E-4,1.6025036137818776E-4,7.309750297680555E-4,1.4069052874154047E-4,5.355468818342277E-4,5.433684201054533E-4,1.513845163378683E-4,0.00178217057029726,1.0469306389079848E-4,0.002291434755541758,0.015394359693814665,5.401318175385193E-4,1.0343909335160555E-4,6.607265872155395E-5,1.3444171226481482E-4,1.0832739106484681E-4,1.7565866521028438E-4,2.6854586205276213E-5,1.161007740910235E-4,0.008728014353850925,2.819720928353346E-4,9.680662831255835E-5,3.521332341127808E-5,0.0015039621512864562,1.0,7.067244345153223E-5,0.011920245023780526,5.57429111251245E-4,7.643190169631618E-5,1.7062163228343002E-4,3.487465800040628E-5,1.0078779666036383E-4,1.342559765998384E-4,0.001578058301289912,1.121643155859814E-4,9.207465732407033E-4,0.0013451671013416356,0.001845760295989706],[4.356208431853879E-5,0.0011261893104675662,6.404866951468022E-5,0.005943376845792078,6.473600775892176E-4,0.0012658213435390872,1.5715598179217872E-4,3.7271743309160235E-4,6.449258669325422E-4,1.7290542538109238E-4,5.000076811730437E-4,7.665101343775076E-5,8.374271643224472E-4,0.005457155304967882,9.801408267867592E-5,1.740658590126437E-5,1.4168049060455199E-5,3.0588453742243843E-5,3.767725639829527E-5,0.002462015126115539,1.2209932593309282E-5,4.5955030951958556E-5,4.0616259018463316E-4,5.8832681783386754E-5,1.263133968367477E-5,1.1726134317027992E-5,0.00175939121954689,7.067244345153223E-5,1.0,0.010143126607019864,3.67341161166843E-4,3.311412217202807E-5,6.971136507886374E-4,1.3489243402384991E-5,3.03563819218471E-5,1.3648100869110001E-4,0.0011094780390071275,3.1890182903982997E-5,1.3276094610173178E-4,1.2749178560708687E-4,4.532813945741E-4],[0.025160536601563106,0.01022679073442422,0.02358985599174174,0.012458548416336705,0.010112399904983074,0.00915640509969272,0.01157279626720399,0.002185101895558832,0.025816781590043365,0.007174082507018847,0.019977103858039982,0.02167298583620143,0.019561507874716652,0.030582619996725516,0.019153014191094407,0.02435245851890124,0.002033957742301678,0.004337901947199937,0.005301373658252789,0.004695653291693663,0.010125377972668763,3.2558381746909345E-4,0.01808685035936675,0.003171994530127138,0.002771654436606684,0.011765608435969396,0.023040370621568478,0.011920245023780526,0.010143126607019864,1.0,0.015756811430336772,0.02057618753580435,0.005162624266319485,0.015108341931938085,9.142167807059606E-4,0.0064643235739447686,0.022261334530594038,0.008475655716569693,0.002063291061042675,0.013911132856605044,0.015041072527045892],[3.7772890112020864E-4,0.0011346705749362676,6.439161667756274E-4,0.0021964232068528576,9.368678524731756E-4,0.001347225369368852,4.2104554865251127E-4,8.832268430798499E-4,0.0013143905434504775,8.970681272226491E-4,0.0015020805443903653,8.624664640529455E-4,0.0022938262612874558,0.026316475634675453,0.003544602499281046,3.3183330137620884E-4,3.430815532558728E-4,6.227996996369653E-4,5.186551728835984E-4,0.0018085285968432335,5.082129614564259E-4,1.7061272001475338E-4,9.664703092968689E-4,6.698421805657022E-4,7.630077861709175E-4,5.747517491164103E-4,0.002023174010064271,5.57429111251245E-4,3.67341161166843E-4,0.015756811430336772,1.0,4.6564845148702136E-4,0.0010863662677330094,3.2098249758195284E-4,2.476700592864331E-4,9.317639067439709E-4,0.0016164751363262615,6.485054591246337E-4,0.001004086829250898,0.0012018130516822873,0.0022696422164496886],[6.542986607240525E-5,9.763215093050632E-4,7.741755863602582E-5,0.009468839573564094,2.693632441725952E-4,4.2419171006617175E-4,8.903330425122016E-5,3.376299845608685E-4,2.8026112398861995E-4,1.1199347422173019E-4,6.997346749354025E-4,4.5532016113644704E-5,0.002619483140051364,0.026444073552194962,0.001084133480962602,5.606078869954777E-5,2.1448113559685654E-5,1.1184234380831472E-4,1.2067749982142233E-4,2.4027932759059084E-4,2.0128433423818247E-5,6.335511365956622E-5,0.0033956327127314854,1.7045246809784857E-4,3.143322991285283E-5,2.4189724625895158E-5,8.681220315927751E-4,7.643190169631618E-5,3.311412217202807E-5,0.02057618753580435,4.6564845148702136E-4,1.0,9.550052760771725E-4,3.10980258863273E-5,4.0382912640937914E-5,8.656809155684579E-5,0.0013526393561602542,1.1036934637166154E-4,6.70063365104509E-4,0.0017439314313645376,0.00211286682661093],[7.529143678256435E-4,0.0012863588948399656,6.72796920681457E-4,0.0053739701178229906,0.0011262895408377693,0.001342082649532577,6.46016320092739E-4,0.0011000090853607776,0.001156004739845016,3.57816644437592E-4,0.0012884925093036858,2.609972056860341E-4,0.0016439350511209775,0.028597993153453412,0.002910122294289094,7.302092197352218E-4,0.0010919416764872188,2.4855147846367353E-4,0.001089719306851195,0.0020059986406748957,7.073865984503053E-5,1.5327411430689545E-4,0.0043034620852378915,0.001087268453287368,6.619178568039901E-4,8.918743155738872E-4,0.0016242326380031603,1.7062163228343002E-4,6.971136507886374E-4,0.005162624266319485,0.0010863662677330094,9.550052760771725E-4,1.0,9.72489503685131E-5,5.931706283413804E-4,3.029419809979177E-4,0.0014663677068868287,9.603390883974155E-4,0.001269996487800662,0.001217829693836923,0.0021507186171237035],[7.716120645403102E-5,8.881932112934294E-4,8.282369288103864E-5,0.00951281478858932,8.168779972878487E-4,6.340425771453795E-4,1.7135621370671303E-4,4.3172753066120055E-4,1.4182920275156876E-4,1.5309180350910577E-4,0.0016225087068959098,8.353897347892351E-5,0.0020738574177006142,0.002503662791403149,0.0032833003987644926,4.690145838845865E-5,2.5169311185372283E-5,5.212593183100786E-5,1.2720666650499252E-4,4.2775151710958343E-4,1.772943396630959E-5,4.387408345262548E-5,0.008375040971794484,1.4625859129340643E-4,1.6914927335748516E-5,2.291012290726034E-5,9.273708956424556E-5,3.487465800040628E-5,1.3489243402384991E-5,0.015108341931938085,3.2098249758195284E-4,3.10980258863273E-5,9.72489503685131E-5,1.0,3.419276509156199E-5,5.07669976436644E-5,4.950280245746841E-4,4.776499213974753E-5,6.543130437790698E-4,6.059868288726488E-4,0.0010075482965422042],[4.351035175296183E-5,0.0013147809454013319,7.645246252355928E-5,0.0038958928808570524,8.687016322813253E-4,4.410187695226258E-4,9.170447249676116E-5,4.1437675241297995E-4,5.104293070116791E-4,1.3944639733088607E-4,0.001945731907882533,4.7310717664220476E-5,0.0014016641904840944,0.020898276539048,0.0011086092394556307,5.407043153851521E-5,2.5872761938208926E-5,1.310284504224127E-4,1.0411961567713087E-4,0.0022765191570704724,3.2884556340318146E-5,4.650072154869633E-5,0.003180436041784506,9.446314041381705E-5,1.8836207000512333E-5,2.1685068744676455E-5,0.0014056584361136562,1.0078779666036383E-4,3.03563819218471E-5,9.142167807059606E-4,2.476700592864331E-4,4.0382912640937914E-5,5.931706283413804E-4,3.419276509156199E-5,1.0,8.934836490905841E-5,0.0022774020678440216,7.878376582061751E-5,4.277274863651695E-4,7.990329369721909E-4,0.002587991515768951],[1.2946381822098263E-4,2.626697919296084E-4,1.235839649849858E-4,0.008071194407760883,4.8591898406735365E-4,2.3473631240516864E-4,1.5926181343416996E-4,7.666094446275344E-4,4.453147599954338E-4,1.67014676332564E-4,0.001435353077683233,1.1606796850647566E-4,0.002270681024203783,0.022560009680539606,0.0035282301753543966,8.510639605308626E-5,2.3446415290604455E-5,1.3882222948084506E-4,1.3983555241509188E-4,5.710556263970868E-4,1.2499113101581977E-4,1.3944426921628044E-4,0.00958578060284993,2.977040644636113E-4,5.8246429035067406E-5,1.0189865952394173E-4,0.0013654603127846825,1.342559765998384E-4,1.3648100869110001E-4,0.0064643235739447686,9.317639067439709E-4,8.656809155684579E-5,3.029419809979177E-4,5.07669976436644E-5,8.934836490905841E-5,1.0,7.412640919105631E-4,1.3016540440948876E-4,9.689859817024178E-4,3.9535421891305494E-4,0.0021439901745221234],[2.527340508458033E-4,0.001619680231316267,0.0010064021995216021,0.010554219237068344,0.0015883632301133233,0.00165760740530977,0.002152411443618874,9.733350544037241E-4,0.0020896073042000534,0.0012211660155818948,0.0022257008678376435,0.001300232359293241,0.0026605924657232905,0.027257224746880464,0.0034294800291615963,0.0010461243784668573,0.0011589842347358456,4.2681368910919333E-4,0.0018143861082279794,0.0023754593246392134,0.001328881925088103,0.0021780845754594998,0.003169329482012108,0.0017591322013325431,0.0015960823533393007,0.0022369971611435275,0.0023987197013337807,0.001578058301289912,0.0011094780390071275,0.022261334530594038,0.0016164751363262615,0.0013526393561602542,0.0014663677068868287,4.950280245746841E-4,0.0022774020678440216,7.412640919105631E-4,1.0,0.0017451319004432957,0.0013146441690355109,0.0021378110019611906,0.0025539754778196202],[1.1806943476241158E-4,0.001084942387290378,1.1225533716092509E-4,0.005281531925055465,0.001065346143821763,0.0015391797630696486,1.24243098496741E-4,4.899427312664424E-4,8.279921928954393E-4,1.167512602237523E-4,0.0012480560151454283,1.1127338744356661E-4,0.0018805885826994153,0.027189301153532516,4.330618876253121E-4,8.154227403916259E-5,6.660693696618525E-5,1.2098216198393747E-4,1.3079252916652805E-4,0.0019193819899050331,1.419474510152281E-5,1.1502742373605831E-4,0.00755600523915926,1.1633540107940964E-4,9.325379887322604E-5,1.1095739007478049E-4,3.143750078730394E-4,1.121643155859814E-4,3.1890182903982997E-5,0.008475655716569693,6.485054591246337E-4,1.1036934637166154E-4,9.603390883974155E-4,4.776499213974753E-5,7.878376582061751E-5,1.3016540440948876E-4,0.0017451319004432957,1.0,0.0010337090032044168,5.96343823528028E-4,0.0016056078787950946],[2.0958157594598174E-4,0.0013061042254497778,3.812939055159237E-4,0.0037446205306843477,0.0012573833506091007,0.0013398819648795042,9.558101195532516E-4,0.0010473363310923847,0.0012820892051136684,0.0010883300424202264,0.0018008932300687382,0.0012318084114212027,0.0018695117236598704,0.002847215157843894,0.002224034231621749,0.0011196406187430714,5.188422010670215E-4,3.890085810055852E-4,0.0011809741174601228,0.002567853137602473,8.848037743491175E-4,3.351851931718096E-4,0.0022932458164453993,6.22203011134332E-4,9.543713782302469E-4,3.8415965328048295E-5,0.0017491315727267915,9.207465732407033E-4,1.3276094610173178E-4,0.002063291061042675,0.001004086829250898,6.70063365104509E-4,0.001269996487800662,6.543130437790698E-4,4.277274863651695E-4,9.689859817024178E-4,0.0013146441690355109,0.0010337090032044168,1.0,0.0016809009802108796,0.0013137477775349983],[0.0010275827908604496,0.0016973675360747622,0.001703419030281341,0.005588310305513909,0.0014019132963071425,0.0017532035068094697,0.001585144270350237,0.0011994667721418868,0.0018335972707740418,0.0016997243403013814,0.0019604873098382474,7.858626139749816E-4,0.0022859981535445074,0.027366626237825816,0.0029224243930823968,2.6538190368659113E-4,5.14795747400932E-4,0.0010254735635737721,0.0011528574373053495,0.0021729720189397135,0.0018493947442362558,1.9883430797122947E-4,0.006753617107994224,8.15379961823209E-4,0.0016026540525037546,0.0016282229515234964,0.0019829382689823547,0.0013451671013416356,1.2749178560708687E-4,0.013911132856605044,0.0012018130516822873,0.0017439314313645376,0.001217829693836923,6.059868288726488E-4,7.990329369721909E-4,3.9535421891305494E-4,0.0021378110019611906,5.96343823528028E-4,0.0016809009802108796,1.0,0.002591177359574505],[0.002974732915512628,0.002768121443038759,0.001071858211254,0.0037752520461254236,0.0016627747405753572,0.0023273108552032203,0.0013368367054210377,0.002351073200463274,0.0030548277659237103,0.0014057412419381569,0.0023154221896876477,0.0012036305009285053,0.0029552636023118333,0.005987128465038686,0.0032913621873004837,1.037038690943874E-4,0.001352121803852926,0.002999524917925032,0.0011490369233204646,0.002719358702515578,3.3772415271054833E-4,0.0022449546732041447,0.0047511142471225835,0.0029476089293184516,0.0018967662865233535,0.00208871306741879,0.0029814405917379786,0.001845760295989706,4.532813945741E-4,0.015041072527045892,0.0022696422164496886,0.00211286682661093,0.0021507186171237035,0.0010075482965422042,0.002587991515768951,0.0021439901745221234,0.0025539754778196202,0.0016056078787950946,0.0013137477775349983,0.002591177359574505,1.0]]