[[1.0,7.245578960284534E-5,9.44141531550956E-5,4.2095214618630974E-4,3.3397771974875957E-4,1.5712896553164975E-4,0.014789408113612797,0.0019448203499878175,1.4507393779860355E-5,0.017936599910189414,4.9932701351167425E-5,7.266847523929163E-4,7.2940497502201E-4,0.001174301487612655,0.001271172228925667,5.931260724142884E-4,1.8196337363912376E-4,0.011547343017951447,7.179721367213183E-5,8.445037000151911E-4,7.164312830950428E-5,1.8264281154245613E-5,3.158841928502624E-5,0.0011441603452656927,2.85567233224648E-5,1.3499241115648788E-4,1.078919840733643E-4,7.763117310298688E-5,3.0511933703821548E-5,0.002686324566654516,0.004784102319132975,7.78917385498081E-4,5.460160948300156E-5,0.01624213331933859,3.4039916256340376E-5,0.05262163925704341,0.0032759415146712246,1.4722260805037333E-5,6.830780350500173E-4,0.0026298553557683774,5.109075414327052E-4,0.015447858239816708,2.4849030512182132E-5],[7.245578960284534E-5,1.0,1.7824007881631684E-4,7.649576228579364E-4,4.085310642431354E-4,1.6364110192683645E-4,0.00922440564189249,0.0019154274718113143,6.900673425401216E-5,0.0041522150250420204,1.1056974042121786E-4,7.16110062827117E-4,3.1052565343269145E-4,0.0011158289533094547,5.983827008020861E-4,0.0016629765615207394,1.4790177287712312E-4,0.007036136704060429,9.414535083875693E-5,0.001043393375482246,1.3386092390903976E-4,7.566063683186355E-5,1.8471044345893373E-4,9.883023227924227E-4,4.3016499856903735E-5,1.3026393882369582E-4,0.0014913021272821775,1.558458251487914E-4,3.2003462327595693E-5,0.003342182504406486,0.004655730552587416,0.0010425724474413785,1.0711747180461732E-4,0.005030774816271982,8.230737020186247E-5,0.0361356921070312,0.023825582902920407,9.78552541725139E-5,0.0011981043685138789,0.013128042129301359,6.21259175900427E-4,0.0037698779819778684,1.0541352730185198E-4],[9.44141531550956E-5,1.7824007881631684E-4,1.0,6.54251053646188E-4,2.8648362412937283E-4,1.8221444881103E-4,0.01726892120292429,5.046633234485191E-4,1.2643221653512983E-4,0.008651315569036441,1.4646979490409658E-4,2.584824682407385E-4,3.669476354289503E-4,0.0014427119392888814,0.0011127644747217914,3.029560449318079E-4,2.1576134235753105E-4,0.01978770190823229,1.478233664873772E-4,0.0010140154526884874,1.6514740913179578E-4,4.583554233747664E-5,2.7913547540296706E-4,3.6847029832072953E-4,1.0395486675415222E-4,1.4825296145218217E-4,0.0014521203606108562,2.0496427603728225E-4,1.48185239172439E-4,0.0056394053705435465,0.011079994462015942,4.487974064107073E-4,1.6743600561673844E-4,0.015432292099822748,1.409896346757969E-4,0.027260149631337747,0.005859826826932283,1.537124726123651E-4,5.322324271147193E-4,0.0030045131680816245,0.001006795297946627,6.566080370639757E-4,2.234147019869738E-5],[4.2095214618630974E-4,7.649576228579364E-4,6.54251053646188E-4,1.0,6.59662503920404E-4,9.26071310229632E-4,0.0117480984976569,0.0015203397807112343,8.195046170870399E-4,0.0023477980622381893,0.0010664367483266346,0.0017259093811016063,0.0010597349734944228,0.0013686255560793142,0.0014267373398920626,0.0013218333799135742,9.257756721598304E-4,0.008281237604058553,1.2599476115059553E-4,0.0013456871851923995,8.185876127390037E-4,8.956793896944974E-4,8.424165472693842E-4,0.0011042432505366116,4.449090409491613E-4,2.93002412735623E-4,0.00115861040666144,2.293389177157158E-4,9.727292046217039E-4,0.005665278081922837,0.009258780926890153,0.0014865608767073918,1.535455164658926E-4,0.003213429845386773,2.493816471661638E-4,0.052749552264660625,0.003894313615814825,7.272972552514422E-4,0.0013481507709642486,0.011723560846623196,0.0018695049978491825,0.013015343487151037,8.069425778730086E-4],[3.3397771974875957E-4,4.085310642431354E-4,2.8648362412937283E-4,6.59662503920404E-4,1.0,4.3688049872353E-4,0.006802717246303802,0.0017250919319850544,1.8793529657080293E-4,0.017492632699364734,2.140469861320474E-4,0.0010538906658803064,5.68420649922387E-4,5.042824788631103E-4,9.631569197250441E-4,0.0015174680735005257,2.759879206885964E-4,9.350745805418902E-4,4.518146346715841E-4,9.851473833154775E-4,4.547006775047387E-4,3.5027251080807406E-4,4.185139817304934E-4,9.066951211622077E-4,2.881785291980395E-4,3.8350715022823247E-4,0.0023564400446522515,4.0787682668286013E-4,9.361157338023706E-5,0.005604965793854009,0.009226519255338099,8.173232082415067E-4,1.8840935013361088E-4,0.010688508009859253,2.51175840912294E-4,0.04569409812990771,0.0026615367457204697,2.926152611228334E-5,9.246961376909497E-4,0.0022255776971555436,0.002113200898991521,0.016637416362258645,2.914168518828099E-4],[1.5712896553164975E-4,1.6364110192683645E-4,1.8221444881103E-4,9.26071310229632E-4,4.3688049872353E-4,1.0,0.00982855840045503,0.001482825170822638,4.5427522003354595E-5,0.0018085766409877192,1.1519495930927757E-4,0.002231268033940745,1.757770326436243E-4,0.0011315895004319347,4.296876295755862E-4,0.0013466472899825697,2.2138170945079963E-4,0.011801521544035885,1.51492760376628E-4,0.0010646152246615614,1.469651584481157E-4,1.1561807543003939E-4,1.8601120595554418E-4,6.131859808688116E-4,4.4183875870444186E-5,1.4895168049219558E-4,0.0018519756577606871,2.124405416527975E-4,4.160088789891848E-5,8.737471768612056E-4,0.017506659703772548,0.0017377622540457173,1.2595180525038359E-4,0.005963259910025773,5.782579960809074E-5,0.02148927805288541,0.013896079525466284,1.1660416822204839E-4,7.812212569475032E-4,2.439292036362291E-4,0.0031191079420241604,0.001062634654354782,7.371076539441068E-5],[0.014789408113612797,0.00922440564189249,0.01726892120292429,0.0117480984976569,0.006802717246303802,0.00982855840045503,1.0,0.004361475693242291,0.002489067855104702,0.0193984859016631,0.0014352745621598112,0.010266738214120122,0.012447662849834118,0.01200245248294171,0.0022697035900327463,0.009323085317877115,0.003780265747168148,0.019684344529301477,0.007577913353303386,0.01723021078609627,0.0024680032085678248,0.0027157156493749727,0.0103577913950562,0.015989205408670125,0.010076869730192195,0.012719648386843866,0.017446386325070656,0.009301397597489445,0.007967006662874776,0.0073624589346767905,0.019877396536623584,0.014877883560548493,0.016132422131370196,0.01914234216914711,0.00860529095640653,0.078532940434607,0.022445535420029104,0.010551335446035844,0.012099689883847891,0.01567416916691551,0.009543766893608547,0.018909011363011187,0.017383411443167254],[0.0019448203499878175,0.0019154274718113143,5.046633234485191E-4,0.0015203397807112343,0.0017250919319850544,0.001482825170822638,0.004361475693242291,1.0,0.001848692162817184,0.007273411596585342,2.0346901798765484E-4,0.001978649316451314,0.0019413722076886781,0.0019362836119795283,0.0016402629550732453,0.0019662660687719117,3.132083560219137E-4,0.017341864227553568,9.312557466947567E-4,0.0015089182809456389,0.0013121363251595948,0.0016671566730423468,0.0013823203459018313,0.0019287518354442882,3.8015066916096443E-4,0.0018798474194688685,0.002071069949301182,0.0012980090981928145,6.980134899484523E-4,0.0036232438634972,0.012710892054462113,0.0019115525259428918,5.669132965331479E-4,0.00968785982809055,3.509777044758914E-4,0.07905844022555344,0.006420868130038837,8.162301145490273E-4,0.0017134805480499473,0.007872187561294779,0.002358585026618961,0.006413090882144784,5.09957415965583E-4],[1.4507393779860355E-5,6.900673425401216E-5,1.2643221653512983E-4,8.195046170870399E-4,1.8793529657080293E-4,4.5427522003354595E-5,0.002489067855104702,0.001848692162817184,1.0,1.8854632399256533E-4,7.311868914336473E-5,9.404717203624867E-5,6.45710126433402E-4,0.0014371746114813112,8.118700798528126E-4,4.2156012749157494E-4,8.23255368258924E-5,0.014528346387443464,3.0041385249282473E-5,0.0012289520957307406,3.089287282773151E-5,1.2254076332434685E-5,2.3343017850811185E-4,7.548831773997241E-4,1.2306746770158977E-5,4.421492297665716E-5,6.540674761797912E-4,1.5858422876699807E-4,1.7710570194447686E-5,0.004831332884306629,0.005691141062293486,0.0013660833780027206,4.372460911638456E-5,0.006904592180963491,1.790501609995695E-5,0.008306188189330764,0.007829411044057233,1.2833785918842789E-5,7.723695730508167E-4,0.003982561498848786,4.7538941851997215E-4,0.011548747290734507,1.2313803370367256E-5],[0.017936599910189414,0.0041522150250420204,0.008651315569036441,0.0023477980622381893,0.017492632699364734,0.0018085766409877192,0.0193984859016631,0.007273411596585342,1.8854632399256533E-4,1.0,0.01971124694490137,0.005795524055215372,0.007520960794423913,0.004911891889920106,0.021810344862226917,0.004739608642140198,0.005431986410595488,0.02447299967456813,0.025387169217488115,0.004163718758374714,0.02095340467784973,0.024662020556039197,0.024459792649265823,0.001708131527761171,0.015226118341775485,0.001557964239792892,0.007075675590079659,0.017647658469745715,0.00817112995506261,0.02233960355665447,0.025094681877169567,0.022758410137255988,3.610732111936447E-4,0.022406417753012012,0.018683609826091532,0.08028725114850978,0.02546302628124939,0.01593795424254678,0.009040914967304414,0.024186768575788758,0.004606014118958404,0.018582652873097533,0.013913368527634681],[4.9932701351167425E-5,1.1056974042121786E-4,1.4646979490409658E-4,0.0010664367483266346,2.140469861320474E-4,1.1519495930927757E-4,0.0014352745621598112,2.0346901798765484E-4,7.311868914336473E-5,0.01971124694490137,1.0,0.002097425862645999,2.3186159102606759E-4,8.235940685182279E-4,8.072994225273916E-4,3.099350179680585E-4,1.9002489487633824E-4,0.013557535027627327,9.309150226552737E-5,3.8283746967734207E-4,1.3288959877774857E-4,5.759445026184944E-5,1.5020688715991997E-4,3.987433854001868E-4,1.0843517315418615E-4,1.2355659636968587E-4,4.964031433657875E-4,1.6007037655646437E-4,9.87883706026648E-5,0.0021539996222466177,0.01034532969462426,0.0015839279075394053,1.1159683333555336E-4,0.009890003239209544,4.647409835018795E-5,0.08228754730081762,8.559580669566789E-4,1.0237854643217315E-4,0.0014659672279353129,0.00951226257071875,9.763952526206866E-4,0.003024171968337478,9.12721165975412E-5],[7.266847523929163E-4,7.16110062827117E-4,2.584824682407385E-4,0.0017259093811016063,0.0010538906658803064,0.002231268033940745,0.010266738214120122,0.001978649316451314,9.404717203624867E-5,0.005795524055215372,0.002097425862645999,1.0,0.0017127011568289154,0.002215711397702648,0.00198595820527682,0.0020937244254405035,6.540628983394343E-4,0.01259218605184214,0.0016502774963294085,0.0017785259207912306,0.0017201738158676046,0.002070777052147632,0.0013360753029656427,0.0017860152441070793,0.0014188824377106067,9.108091757897002E-4,0.0023728739086009854,0.001615453124334295,2.941076417110682E-4,0.0026082503853250578,0.00992712618432179,0.002269684229697174,0.0016056071241030841,0.008627894978087011,0.001366923150519184,0.026467056232864616,0.016438672026840274,0.0017430745455585225,0.0020296370605974307,0.005867973954701683,0.0023373545603789752,0.011469094074567957,0.0020925139866392662],[7.2940497502201E-4,3.1052565343269145E-4,3.669476354289503E-4,0.0010597349734944228,5.68420649922387E-4,1.757770326436243E-4,0.012447662849834118,0.0019413722076886781,6.45710126433402E-4,0.007520960794423913,2.3186159102606759E-4,0.0017127011568289154,1.0,0.001592283392230954,9.652828426918032E-4,0.0020000239263740565,6.393672698884133E-4,0.0019504365745099147,2.975034690847543E-4,0.001330532641983947,2.7793573633823885E-4,5.329049671643714E-4,7.792766400627625E-4,9.37370992550704E-4,4.1265158031735124E-4,4.1823107474382314E-4,0.0015644495774361088,3.9276670974080043E-4,1.2536309746312551E-4,0.004479115327667357,0.007492316284860207,0.0014439807067014223,3.9594950235756894E-4,0.0075337790724626,2.6991814519864495E-4,0.07602826898793713,0.013975209046777912,8.217993356025071E-4,0.0013724076274310051,0.009375171841362964,0.0031004612817840983,0.006993459875045464,7.859971342827236E-5],[0.001174301487612655,0.0011158289533094547,0.0014427119392888814,0.0013686255560793142,5.042824788631103E-4,0.0011315895004319347,0.01200245248294171,0.0019362836119795283,0.0014371746114813112,0.004911891889920106,8.235940685182279E-4,0.002215711397702648,0.001592283392230954,1.0,0.0014839362564338088,0.001961378645387379,2.601253008907151E-4,0.011781131128881342,2.5144722707902574E-4,0.0014041869486147208,0.0015052399151087603,8.795442008744717E-4,6.722334681103139E-4,0.001346068976361602,0.0015486275209897601,2.8418471856112037E-4,0.0022459395271261285,0.0010140990470356157,2.1078355205259334E-4,0.0055570409249550735,0.012021135646320425,0.0016420619361165764,0.0011949660937898656,0.017308682708705277,2.5887809678852927E-4,0.023243212127193182,0.022245352279416257,0.001338789750583731,0.0016561798369538962,0.0028603923978625066,0.0027249623461884824,0.017706832894783822,5.976673745961326E-4],[0.001271172228925667,5.983827008020861E-4,0.0011127644747217914,0.0014267373398920626,9.631569197250441E-4,4.296876295755862E-4,0.0022697035900327463,0.0016402629550732453,8.118700798528126E-4,0.021810344862226917,8.072994225273916E-4,0.00198595820527682,9.652828426918032E-4,0.0014839362564338088,1.0,0.0016479607493049102,0.001166237232348856,0.002933854075966658,2.604973193685137E-4,0.0014167815613499335,9.969297976429345E-4,0.001156001390314373,9.238337055247916E-4,0.0013328753536049729,5.767052308910075E-4,5.753573419056783E-4,0.0017300118991750099,4.400792775553035E-4,7.069038715070568E-4,0.0016530631561026262,0.013829520848215903,0.0014920899461660232,1.2012790281792185E-4,0.0025087515931932905,8.996663453146966E-4,0.07054514249680033,0.003297399199172803,0.0011495901358984425,0.0016489467658913997,0.0016449615215404529,0.0030452758530380864,0.01022637178335049,8.725591732479956E-4],[5.931260724142884E-4,0.0016629765615207394,3.029560449318079E-4,0.0013218333799135742,0.0015174680735005257,0.0013466472899825697,0.009323085317877115,0.0019662660687719117,4.2156012749157494E-4,0.004739608642140198,3.099350179680585E-4,0.0020937244254405035,0.0020000239263740565,0.001961378645387379,0.0016479607493049102,1.0,0.0011707031169273844,0.00877343057106995,0.0012402069759625332,0.0016467419056980061,6.008465876781891E-4,0.0011677551474882633,0.0011629577732661046,0.0012496335597832824,0.001085810570440129,0.0011055258609785786,0.002419662444610905,0.0015470749343131117,0.0010196639466228034,0.005529686108376797,0.01913509551849031,0.0019250529260993693,4.6120059874355646E-4,0.0055067732171103405,8.129806107039042E-4,0.038636728500293545,0.00337175999394975,6.29809588064916E-4,0.001795113885917242,0.011357725691525596,0.0021372703135495792,0.006019072097175984,0.0010785038311943518],[1.8196337363912376E-4,1.4790177287712312E-4,2.1576134235753105E-4,9.257756721598304E-4,2.759879206885964E-4,2.2138170945079963E-4,0.003780265747168148,3.132083560219137E-4,8.23255368258924E-5,0.005431986410595488,1.9002489487633824E-4,6.540628983394343E-4,6.393672698884133E-4,2.601253008907151E-4,0.001166237232348856,0.0011707031169273844,1.0,0.008720094249909771,2.3044428401406084E-4,5.358898546621256E-4,2.0244876961018253E-4,1.718366660305543E-4,2.7079911496493336E-4,2.8693280804430697E-4,1.723033707184082E-4,1.9975751682979012E-4,0.002082208294102724,2.1813881255747553E-4,4.350233181282034E-5,0.0012036404669663941,2.9755961924782216E-4,0.0016699193524072117,1.1216935933269767E-4,6.411087701478451E-4,5.022150542263112E-5,0.07609729057760943,0.023289148133635452,2.4217371485463053E-4,8.626617871186897E-4,0.01245903668506141,4.0652767753433295E-4,0.0037961996071805794,2.554640983393852E-5],[0.011547343017951447,0.007036136704060429,0.01978770190823229,0.008281237604058553,9.350745805418902E-4,0.011801521544035885,0.019684344529301477,0.017341864227553568,0.014528346387443464,0.02447299967456813,0.013557535027627327,0.01259218605184214,0.0019504365745099147,0.011781131128881342,0.002933854075966658,0.00877343057106995,0.008720094249909771,1.0,0.01577086026409558,0.00682888337998868,0.0024486305200264727,0.005236107498620948,0.01947046286431147,0.004511225826600929,0.008403580846373354,0.0040434491810085816,0.015185645893925081,0.01624411666472999,0.012874675442892315,0.01752854282487855,0.021401673144887882,0.019672275825066365,0.0023818592435301622,0.02163984425183799,0.019361987412872855,0.03743448785766802,0.02361269604898095,0.008809300557871914,0.010464110921575044,0.0185558429117571,0.019530205194373155,0.022244135471862294,0.014080154591199767],[7.179721367213183E-5,9.414535083875693E-5,1.478233664873772E-4,1.2599476115059553E-4,4.518146346715841E-4,1.51492760376628E-4,0.007577913353303386,9.312557466947567E-4,3.0041385249282473E-5,0.025387169217488115,9.309150226552737E-5,0.0016502774963294085,2.975034690847543E-4,2.5144722707902574E-4,2.604973193685137E-4,0.0012402069759625332,2.3044428401406084E-4,0.01577086026409558,1.0,6.793725802095398E-4,1.2993093300239734E-4,8.458969160568574E-5,2.5654685334710464E-4,9.28531481097728E-4,3.37997476546312E-5,1.4444290750687281E-4,0.002300555884762076,1.8104992982537053E-4,2.656633154572794E-5,2.386770874304898E-4,0.003822256563964361,8.627568117478189E-4,9.024987432518727E-5,5.443017302167749E-4,4.591560581743906E-5,0.044078253055980905,0.022274202627952835,6.116914979798455E-5,0.00123182961171433,0.01119239756673174,0.00313934728569011,0.005018172438370386,7.636446323668744E-5],[8.445037000151911E-4,0.001043393375482246,0.0010140154526884874,0.0013456871851923995,9.851473833154775E-4,0.0010646152246615614,0.01723021078609627,0.0015089182809456389,0.0012289520957307406,0.004163718758374714,3.8283746967734207E-4,0.0017785259207912306,0.001330532641983947,0.0014041869486147208,0.0014167815613499335,0.0016467419056980061,5.358898546621256E-4,0.00682888337998868,6.793725802095398E-4,1.0,8.565520777785618E-4,6.451882153987627E-4,0.00108957110776222,0.0012387132849623035,5.13159564703599E-4,0.0013436366985328508,0.0013981985334668198,9.86184116725E-4,1.2485106301598104E-4,0.003204823234710006,0.0056919625707983375,0.0017731140406325404,9.638123007575202E-4,0.006786519289088034,7.154102569976165E-4,0.06380500738102698,0.022598674560325743,8.934030966890388E-5,0.0015223257160548432,0.011606740365589407,0.0027993599432588672,0.008978459318375527,0.0010543283643120113],[7.164312830950428E-5,1.3386092390903976E-4,1.6514740913179578E-4,8.185876127390037E-4,4.547006775047387E-4,1.469651584481157E-4,0.0024680032085678248,0.0013121363251595948,3.089287282773151E-5,0.02095340467784973,1.3288959877774857E-4,0.0017201738158676046,2.7793573633823885E-4,0.0015052399151087603,9.969297976429345E-4,6.008465876781891E-4,2.0244876961018253E-4,0.0024486305200264727,1.2993093300239734E-4,8.565520777785618E-4,1.0,1.3267341303357727E-4,2.109892232680371E-4,1.967033086140667E-4,1.3054167586879262E-4,1.4230302930295553E-4,6.979799892524629E-4,1.8102567801457907E-4,3.053553063594461E-5,0.005650579615184185,0.01869940054484463,6.841236975523489E-4,1.3132157679943688E-4,0.01683073564175226,4.100778774708758E-5,0.01547643673381403,0.009084345296284166,8.333251889442897E-5,0.0011062366143467473,0.003383728599936179,7.207685677204221E-4,0.006899317785488712,7.51775491533028E-5],[1.8264281154245613E-5,7.566063683186355E-5,4.583554233747664E-5,8.956793896944974E-4,3.5027251080807406E-4,1.1561807543003939E-4,0.0027157156493749727,0.0016671566730423468,1.2254076332434685E-5,0.024662020556039197,5.759445026184944E-5,0.002070777052147632,5.329049671643714E-4,8.795442008744717E-4,0.001156001390314373,0.0011677551474882633,1.718366660305543E-4,0.005236107498620948,8.458969160568574E-5,6.451882153987627E-4,1.3267341303357727E-4,1.0,7.078379351205185E-5,0.0011893588311247972,1.0374603412562093E-5,1.7204150153533392E-5,0.0011227249405483268,1.5335869944430134E-4,1.6714470343817777E-5,0.0011244897838589448,0.00463905798554564,4.258294599412774E-4,4.29988702834048E-5,0.014620408619771982,1.4942935261861541E-5,0.0034832716673102483,0.01791124529524874,1.3691693303772063E-5,0.0014153699707440577,0.003528010181860081,8.999306064333669E-4,0.007907878684113327,1.1485078750027882E-5],[3.158841928502624E-5,1.8471044345893373E-4,2.7913547540296706E-4,8.424165472693842E-4,4.185139817304934E-4,1.8601120595554418E-4,0.0103577913950562,0.0013823203459018313,2.3343017850811185E-4,0.024459792649265823,1.5020688715991997E-4,0.0013360753029656427,7.792766400627625E-4,6.722334681103139E-4,9.238337055247916E-4,0.0011629577732661046,2.7079911496493336E-4,0.01947046286431147,2.5654685334710464E-4,0.00108957110776222,2.109892232680371E-4,7.078379351205185E-5,1.0,8.799897454973675E-4,1.100384186366997E-5,2.7389097139121307E-4,2.911961295027019E-4,2.239448187117128E-4,1.553025354725741E-4,0.0027485017766534087,0.014183502259422366,4.995208500933184E-4,2.4609527852912326E-4,0.009893179067059298,1.780717772991005E-4,0.05190579796802816,0.008254702754591184,2.808580225114584E-4,0.0010720071720917755,6.486634650163293E-4,0.002823038050832948,0.010015497199262768,1.7669157506636712E-4],[0.0011441603452656927,9.883023227924227E-4,3.6847029832072953E-4,0.0011042432505366116,9.066951211622077E-4,6.131859808688116E-4,0.015989205408670125,0.0019287518354442882,7.548831773997241E-4,0.001708131527761171,3.987433854001868E-4,0.0017860152441070793,9.37370992550704E-4,0.001346068976361602,0.0013328753536049729,0.0012496335597832824,2.8693280804430697E-4,0.004511225826600929,9.28531481097728E-4,0.0012387132849623035,1.967033086140667E-4,0.0011893588311247972,8.799897454973675E-4,1.0,6.139240678365202E-4,5.569742301238375E-4,0.0013455362117122012,6.101140920238089E-4,6.159202555839636E-4,0.004331406332687421,0.015153812192070577,0.0013178016020287614,9.144523421524916E-4,0.0061600328603088825,0.00104099740605086,0.043195361842747776,0.01888524251335689,5.972030393422806E-4,0.0013329693065504255,0.011400740172464367,0.002632027408838812,0.011392581116514353,9.974591746780967E-4],[2.85567233224648E-5,4.3016499856903735E-5,1.0395486675415222E-4,4.449090409491613E-4,2.881785291980395E-4,4.4183875870444186E-5,0.010076869730192195,3.8015066916096443E-4,1.2306746770158977E-5,0.015226118341775485,1.0843517315418615E-4,0.0014188824377106067,4.1265158031735124E-4,0.0015486275209897601,5.767052308910075E-4,0.001085810570440129,1.723033707184082E-4,0.008403580846373354,3.37997476546312E-5,5.13159564703599E-4,1.3054167586879262E-4,1.0374603412562093E-5,1.100384186366997E-5,6.139240678365202E-4,1.0,1.0717169413541734E-4,4.1661328249607046E-4,9.747153304348374E-5,1.4418654845300574E-5,0.002000112543630027,0.011238762563028672,2.5313244989841257E-4,4.768394881485336E-5,0.007423682241424449,2.138424887957374E-5,0.06481876859385853,0.004710109477867916,1.2161685654621429E-5,0.0013450323459898383,0.011172041032582285,0.001727817179336693,0.004852680093741496,1.1018981730300354E-5],[1.3499241115648788E-4,1.3026393882369582E-4,1.4825296145218217E-4,2.93002412735623E-4,3.8350715022823247E-4,1.4895168049219558E-4,0.012719648386843866,0.0018798474194688685,4.421492297665716E-5,0.001557964239792892,1.2355659636968587E-4,9.108091757897002E-4,4.1823107474382314E-4,2.8418471856112037E-4,5.753573419056783E-4,0.0011055258609785786,1.9975751682979012E-4,0.0040434491810085816,1.4444290750687281E-4,0.0013436366985328508,1.4230302930295553E-4,1.7204150153533392E-5,2.7389097139121307E-4,5.569742301238375E-4,1.0717169413541734E-4,1.0,0.0013222738331327996,1.5232930940400107E-4,1.4256029146982754E-4,0.002337877594271027,0.01982665926921337,7.21588245498758E-4,1.3560678209426818E-4,0.012125958447780963,3.8885292155587914E-5,0.039071370959689544,0.005553309073883694,1.1669689652963027E-4,2.3789533551391652E-4,0.009261696906553984,6.497160535057536E-4,0.013496440120022695,6.277759924917009E-5],[1.078919840733643E-4,0.0014913021272821775,0.0014521203606108562,0.00115861040666144,0.0023564400446522515,0.0018519756577606871,0.017446386325070656,0.002071069949301182,6.540674761797912E-4,0.007075675590079659,4.964031433657875E-4,0.0023728739086009854,0.0015644495774361088,0.0022459395271261285,0.0017300118991750099,0.002419662444610905,0.002082208294102724,0.015185645893925081,0.002300555884762076,0.0013981985334668198,6.979799892524629E-4,0.0011227249405483268,2.911961295027019E-4,0.0013455362117122012,4.1661328249607046E-4,0.0013222738331327996,1.0,0.001254455816061845,0.0019964201821622576,0.0056472733092717215,0.007458436777146438,0.0023149976487273093,0.0024507613177393956,0.006459751496752472,1.7556946213056495E-4,0.06465773047101621,0.023958793825636718,0.0016834136013667872,0.0021023293388070367,0.013421835632929105,0.0028318891530202226,0.01761912153207332,0.001550517655599548],[7.763117310298688E-5,1.558458251487914E-4,2.0496427603728225E-4,2.293389177157158E-4,4.0787682668286013E-4,2.124405416527975E-4,0.009301397597489445,0.0012980090981928145,1.5858422876699807E-4,0.017647658469745715,1.6007037655646437E-4,0.001615453124334295,3.9276670974080043E-4,0.0010140990470356157,4.400792775553035E-4,0.0015470749343131117,2.1813881255747553E-4,0.01624411666472999,1.8104992982537053E-4,9.86184116725E-4,1.8102567801457907E-4,1.5335869944430134E-4,2.239448187117128E-4,6.101140920238089E-4,9.747153304348374E-5,1.5232930940400107E-4,0.001254455816061845,1.0,1.7328407227066263E-4,0.0031325454899943897,0.0055751777287262215,0.00133034039562157,1.3104890336966074E-4,0.01291027067326765,1.009041935695907E-4,0.043356206274546456,0.01168631931604594,1.2592861234111909E-4,7.205513710482237E-4,0.012690508673931932,0.0016742632885462603,0.01741011986211567,1.0884930296890474E-4],[3.0511933703821548E-5,3.2003462327595693E-5,1.48185239172439E-4,9.727292046217039E-4,9.361157338023706E-5,4.160088789891848E-5,0.007967006662874776,6.980134899484523E-4,1.7710570194447686E-5,0.00817112995506261,9.87883706026648E-5,2.941076417110682E-4,1.2536309746312551E-4,2.1078355205259334E-4,7.069038715070568E-4,0.0010196639466228034,4.350233181282034E-5,0.012874675442892315,2.656633154572794E-5,1.2485106301598104E-4,3.053553063594461E-5,1.6714470343817777E-5,1.553025354725741E-4,6.159202555839636E-4,1.4418654845300574E-5,1.4256029146982754E-4,0.0019964201821622576,1.7328407227066263E-4,1.0,0.003685579996873024,8.113991508085614E-4,0.0010108758952094648,5.470692902518786E-5,0.014030686831714226,2.5364893285945607E-5,0.04843916122949704,0.024115141320357778,2.0370332540509757E-5,3.0802118568131446E-4,0.0017543449555629995,0.0014808205647962088,0.006990908384164286,1.9361710905536393E-5],[0.002686324566654516,0.003342182504406486,0.0056394053705435465,0.005665278081922837,0.005604965793854009,8.737471768612056E-4,0.0073624589346767905,0.0036232438634972,0.004831332884306629,0.02233960355665447,0.0021539996222466177,0.0026082503853250578,0.004479115327667357,0.0055570409249550735,0.0016530631561026262,0.005529686108376797,0.0012036404669663941,0.01752854282487855,2.386770874304898E-4,0.003204823234710006,0.005650579615184185,0.0011244897838589448,0.0027485017766534087,0.004331406332687421,0.002000112543630027,0.002337877594271027,0.0056472733092717215,0.0031325454899943897,0.003685579996873024,1.0,0.008183826476188361,0.00479521400260297,6.955120292978747E-4,0.015937163697728976,0.0034788782476306377,0.011943239239282071,0.01570381737302258,7.127408410565521E-4,0.004154407122504486,0.0130362119461846,0.0035173937185851976,0.007492748670815104,0.004596187412608011],[0.004784102319132975,0.004655730552587416,0.011079994462015942,0.009258780926890153,0.009226519255338099,0.017506659703772548,0.019877396536623584,0.012710892054462113,0.005691141062293486,0.025094681877169567,0.01034532969462426,0.00992712618432179,0.007492316284860207,0.012021135646320425,0.013829520848215903,0.01913509551849031,2.9755961924782216E-4,0.021401673144887882,0.003822256563964361,0.0056919625707983375,0.01869940054484463,0.00463905798554564,0.014183502259422366,0.015153812192070577,0.011238762563028672,0.01982665926921337,0.007458436777146438,0.0055751777287262215,8.113991508085614E-4,0.008183826476188361,1.0,0.014074822034611141,0.016414672705698793,0.01899234973702479,0.01755498371515882,0.04336191539746524,0.02488374430071366,0.011019963458279429,0.0019251925849173123,0.016098509442042674,0.00979040621883757,0.018942311333217512,0.01042363757055222],[7.78917385498081E-4,0.0010425724474413785,4.487974064107073E-4,0.0014865608767073918,8.173232082415067E-4,0.0017377622540457173,0.014877883560548493,0.0019115525259428918,0.0013660833780027206,0.022758410137255988,0.0015839279075394053,0.002269684229697174,0.0014439807067014223,0.0016420619361165764,0.0014920899461660232,0.0019250529260993693,0.0016699193524072117,0.019672275825066365,8.627568117478189E-4,0.0017731140406325404,6.841236975523489E-4,4.258294599412774E-4,4.995208500933184E-4,0.0013178016020287614,2.5313244989841257E-4,7.21588245498758E-4,0.0023149976487273093,0.00133034039562157,0.0010108758952094648,0.00479521400260297,0.014074822034611141,1.0,7.579246049682183E-4,0.010526762743739898,0.0015659986606838636,0.0724366309714202,0.023450817833985588,9.660357864521463E-5,0.0017531311622190245,0.008042234052094423,0.0028184997965800297,0.007557380589977097,9.621928531595278E-4],[5.460160948300156E-5,1.0711747180461732E-4,1.6743600561673844E-4,1.535455164658926E-4,1.8840935013361088E-4,1.2595180525038359E-4,0.016132422131370196,5.669132965331479E-4,4.372460911638456E-5,3.610732111936447E-4,1.1159683333555336E-4,0.0016056071241030841,3.9594950235756894E-4,0.0011949660937898656,1.2012790281792185E-4,4.6120059874355646E-4,1.1216935933269767E-4,0.0023818592435301622,9.024987432518727E-5,9.638123007575202E-4,1.3132157679943688E-4,4.29988702834048E-5,2.4609527852912326E-4,9.144523421524916E-4,4.768394881485336E-5,1.3560678209426818E-4,0.0024507613177393956,1.3104890336966074E-4,5.470692902518786E-5,6.955120292978747E-4,0.016414672705698793,7.579246049682183E-4,1.0,0.01237936577580151,1.0260566658890096E-4,0.057939909849990215,0.010739089517082344,6.018606408518306E-5,0.0016410159547378272,0.010297796005732876,0.0021947825709246133,0.010566683245508189,9.12793219502719E-5],[0.01624213331933859,0.005030774816271982,0.015432292099822748,0.003213429845386773,0.010688508009859253,0.005963259910025773,0.01914234216914711,0.00968785982809055,0.006904592180963491,0.022406417753012012,0.009890003239209544,0.008627894978087011,0.0075337790724626,0.017308682708705277,0.0025087515931932905,0.0055067732171103405,6.411087701478451E-4,0.02163984425183799,5.443017302167749E-4,0.006786519289088034,0.01683073564175226,0.014620408619771982,0.009893179067059298,0.0061600328603088825,0.007423682241424449,0.012125958447780963,0.006459751496752472,0.01291027067326765,0.014030686831714226,0.015937163697728976,0.01899234973702479,0.010526762743739898,0.01237936577580151,1.0,0.0015267650756588362,0.04793166512826359,0.01916828728534489,0.016826117959199395,0.012735450333372075,0.01750702527328904,0.01744658734948917,0.017889955806015045,0.0020825332189918656],[3.4039916256340376E-5,8.230737020186247E-5,1.409896346757969E-4,2.493816471661638E-4,2.51175840912294E-4,5.782579960809074E-5,0.00860529095640653,3.509777044758914E-4,1.790501609995695E-5,0.018683609826091532,4.647409835018795E-5,0.001366923150519184,2.6991814519864495E-4,2.5887809678852927E-4,8.996663453146966E-4,8.129806107039042E-4,5.022150542263112E-5,0.019361987412872855,4.591560581743906E-5,7.154102569976165E-4,4.100778774708758E-5,1.4942935261861541E-5,1.780717772991005E-4,0.00104099740605086,2.138424887957374E-5,3.8885292155587914E-5,1.7556946213056495E-4,1.009041935695907E-4,2.5364893285945607E-5,0.0034788782476306377,0.01755498371515882,0.0015659986606838636,1.0260566658890096E-4,0.0015267650756588362,1.0,0.02565000152616906,0.002206763106663511,1.6758881415984637E-5,0.0014252213563064038,0.006333292032312081,4.3288537955352754E-4,0.004183897786754957,2.0269344928855476E-5],[0.05262163925704341,0.0361356921070312,0.027260149631337747,0.052749552264660625,0.04569409812990771,0.02148927805288541,0.078532940434607,0.07905844022555344,0.008306188189330764,0.08028725114850978,0.08228754730081762,0.026467056232864616,0.07602826898793713,0.023243212127193182,0.07054514249680033,0.038636728500293545,0.07609729057760943,0.03743448785766802,0.044078253055980905,0.06380500738102698,0.01547643673381403,0.0034832716673102483,0.05190579796802816,0.043195361842747776,0.06481876859385853,0.039071370959689544,0.06465773047101621,0.043356206274546456,0.04843916122949704,0.011943239239282071,0.04336191539746524,0.0724366309714202,0.057939909849990215,0.04793166512826359,0.02565000152616906,1.0,0.05110267333096886,0.07191817028258103,0.06516027402423273,0.02090195084905326,0.0814349742697159,0.07946231704864187,0.0273505968330758],[0.0032759415146712246,0.023825582902920407,0.005859826826932283,0.003894313615814825,0.0026615367457204697,0.013896079525466284,0.022445535420029104,0.006420868130038837,0.007829411044057233,0.02546302628124939,8.559580669566789E-4,0.016438672026840274,0.013975209046777912,0.022245352279416257,0.003297399199172803,0.00337175999394975,0.023289148133635452,0.02361269604898095,0.022274202627952835,0.022598674560325743,0.009084345296284166,0.01791124529524874,0.008254702754591184,0.01888524251335689,0.004710109477867916,0.005553309073883694,0.023958793825636718,0.01168631931604594,0.024115141320357778,0.01570381737302258,0.02488374430071366,0.023450817833985588,0.010739089517082344,0.01916828728534489,0.002206763106663511,0.05110267333096886,1.0,0.013394843263726095,0.021709336812651747,0.022752830640497202,0.008298821763118426,0.020999621776044013,0.007310515450786719],[1.4722260805037333E-5,9.78552541725139E-5,1.537124726123651E-4,7.272972552514422E-4,2.926152611228334E-5,1.1660416822204839E-4,0.010551335446035844,8.162301145490273E-4,1.2833785918842789E-5,0.01593795424254678,1.0237854643217315E-4,0.0017430745455585225,8.217993356025071E-4,0.001338789750583731,0.0011495901358984425,6.29809588064916E-4,2.4217371485463053E-4,0.008809300557871914,6.116914979798455E-5,8.934030966890388E-5,8.333251889442897E-5,1.3691693303772063E-5,2.808580225114584E-4,5.972030393422806E-4,1.2161685654621429E-5,1.1669689652963027E-4,0.0016834136013667872,1.2592861234111909E-4,2.0370332540509757E-5,7.127408410565521E-4,0.011019963458279429,9.660357864521463E-5,6.018606408518306E-5,0.016826117959199395,1.6758881415984637E-5,0.07191817028258103,0.013394843263726095,1.0,8.5845822574354E-4,0.011196159598129085,3.911789329242104E-4,0.010268652921422915,1.2539294947067454E-5],[6.830780350500173E-4,0.0011981043685138789,5.322324271147193E-4,0.0013481507709642486,9.246961376909497E-4,7.812212569475032E-4,0.012099689883847891,0.0017134805480499473,7.723695730508167E-4,0.009040914967304414,0.0014659672279353129,0.0020296370605974307,0.0013724076274310051,0.0016561798369538962,0.0016489467658913997,0.001795113885917242,8.626617871186897E-4,0.010464110921575044,0.00123182961171433,0.0015223257160548432,0.0011062366143467473,0.0014153699707440577,0.0010720071720917755,0.0013329693065504255,0.0013450323459898383,2.3789533551391652E-4,0.0021023293388070367,7.205513710482237E-4,3.0802118568131446E-4,0.004154407122504486,0.0019251925849173123,0.0017531311622190245,0.0016410159547378272,0.012735450333372075,0.0014252213563064038,0.06516027402423273,0.021709336812651747,8.5845822574354E-4,1.0,0.0020089357962692405,0.002865188588447673,0.01286955737606095,0.0010875967587457807],[0.0026298553557683774,0.013128042129301359,0.0030045131680816245,0.011723560846623196,0.0022255776971555436,2.439292036362291E-4,0.01567416916691551,0.007872187561294779,0.003982561498848786,0.024186768575788758,0.00951226257071875,0.005867973954701683,0.009375171841362964,0.0028603923978625066,0.0016449615215404529,0.011357725691525596,0.01245903668506141,0.0185558429117571,0.01119239756673174,0.011606740365589407,0.003383728599936179,0.003528010181860081,6.486634650163293E-4,0.011400740172464367,0.011172041032582285,0.009261696906553984,0.013421835632929105,0.012690508673931932,0.0017543449555629995,0.0130362119461846,0.016098509442042674,0.008042234052094423,0.010297796005732876,0.01750702527328904,0.006333292032312081,0.02090195084905326,0.022752830640497202,0.011196159598129085,0.0020089357962692405,1.0,0.010794725651377015,0.014970002173283078,0.005098192240983992],[5.109075414327052E-4,6.21259175900427E-4,0.001006795297946627,0.0018695049978491825,0.002113200898991521,0.0031191079420241604,0.009543766893608547,0.002358585026618961,4.7538941851997215E-4,0.004606014118958404,9.763952526206866E-4,0.0023373545603789752,0.0031004612817840983,0.0027249623461884824,0.0030452758530380864,0.0021372703135495792,4.0652767753433295E-4,0.019530205194373155,0.00313934728569011,0.0027993599432588672,7.207685677204221E-4,8.999306064333669E-4,0.002823038050832948,0.002632027408838812,0.001727817179336693,6.497160535057536E-4,0.0028318891530202226,0.0016742632885462603,0.0014808205647962088,0.0035173937185851976,0.00979040621883757,0.0028184997965800297,0.0021947825709246133,0.01744658734948917,4.3288537955352754E-4,0.0814349742697159,0.008298821763118426,3.911789329242104E-4,0.002865188588447673,0.010794725651377015,1.0,0.01348068902657645,4.519236019129373E-4],[0.015447858239816708,0.0037698779819778684,6.566080370639757E-4,0.013015343487151037,0.016637416362258645,0.001062634654354782,0.018909011363011187,0.006413090882144784,0.011548747290734507,0.018582652873097533,0.003024171968337478,0.011469094074567957,0.006993459875045464,0.017706832894783822,0.01022637178335049,0.006019072097175984,0.0037961996071805794,0.022244135471862294,0.005018172438370386,0.008978459318375527,0.006899317785488712,0.007907878684113327,0.010015497199262768,0.011392581116514353,0.004852680093741496,0.013496440120022695,0.01761912153207332,0.01741011986211567,0.006990908384164286,0.007492748670815104,0.018942311333217512,0.007557380589977097,0.010566683245508189,0.017889955806015045,0.004183897786754957,0.07946231704864187,0.020999621776044013,0.010268652921422915,0.01286955737606095,0.014970002173283078,0.01348068902657645,1.0,0.014881570689588133],[2.4849030512182132E-5,1.0541352730185198E-4,2.234147019869738E-5,8.069425778730086E-4,2.914168518828099E-4,7.371076539441068E-5,0.017383411443167254,5.09957415965583E-4,1.2313803370367256E-5,0.013913368527634681,9.12721165975412E-5,0.0020925139866392662,7.859971342827236E-5,5.976673745961326E-4,8.725591732479956E-4,0.0010785038311943518,2.554640983393852E-5,0.014080154591199767,7.636446323668744E-5,0.0010543283643120113,7.51775491533028E-5,1.1485078750027882E-5,1.7669157506636712E-4,9.974591746780967E-4,1.1018981730300354E-5,6.277759924917009E-5,0.001550517655599548,1.0884930296890474E-4,1.9361710905536393E-5,0.004596187412608011,0.01042363757055222,9.621928531595278E-4,9.12793219502719E-5,0.0020825332189918656,2.0269344928855476E-5,0.0273505968330758,0.007310515450786719,1.2539294947067454E-5,0.0010875967587457807,0.005098192240983992,4.519236019129373E-4,0.014881570689588133,1.0]]