[[1.0,1.357306634412505E-4,1.5497734223589163E-4,0.0036993917629717325,7.013110687676777E-5,9.744505061683992E-5,5.364738758331659E-5,1.6011009574042295E-4,0.0029012915674725952,0.0055801323043178615,1.3653688551442967E-4,2.2408377856077542E-4,5.012606364309666E-4,0.01496861622483929,0.002198685220014638,1.8550231060773773E-4,0.0030159556834480072,1.8556798044088167E-4,4.937804127448801E-4,3.569969503872288E-5,1.7292606951392224E-4,1.4050480466674115E-4,0.008015225125276866,0.00108011302714416,0.016126539107990567,0.007593436886406634,0.012120348504158685,1.6136175170787078E-4,1.4664123451921683E-4,0.005724870898405852,0.012352449479499188,8.709247614891831E-5,6.28084802797752E-4,0.01588022271870241,1.138868259569243E-4,0.0015098393771201192,6.790803080390173E-4,0.002258514849209005,2.7728853546575158E-5,0.0034217952442045325,0.0025784865608666128,2.0534334333192612E-4,0.012161170118041206,3.5927164126531373E-4,2.990815529948478E-4,5.224941899490609E-4,0.005772802508707068,1.2445470341135425E-4,4.716817510785495E-5,5.552030112600109E-4,1.1822358377337455E-4,6.640378580961002E-4,0.00174860336355604,1.5090495410801066E-4,9.84860839813905E-5],[1.357306634412505E-4,1.0,1.625382616998899E-5,0.002851706721131698,1.8675703195436708E-5,2.1105298205091397E-5,3.681322894993904E-5,1.1937544316949572E-4,0.011725014176015998,0.005252228363647155,2.0512991712451725E-5,1.3958684733336146E-4,0.0010384346175072417,0.014793421518022662,0.0012415049694228034,3.4905009521750086E-5,6.430572291550297E-5,1.9678907251521112E-5,7.202313667381383E-4,1.3449060983234565E-5,1.1128118605776216E-5,8.587527340283218E-5,0.009465797698454214,3.3743592339221195E-4,0.015330026653794144,0.01643350940537366,0.002451385453306466,5.7528092277811886E-5,1.3563070271542326E-4,0.0107398748670103,0.015394386104430897,1.566743544691669E-5,2.498037274166387E-4,0.00345750785208942,9.128841683694509E-5,4.872296595509806E-4,9.288036837012303E-5,0.017704905692413536,1.1706677538645319E-5,1.584769758533471E-4,0.0010256301723845572,8.420135171407178E-5,0.01492594734702726,2.176558474183759E-4,0.0012864427060770693,0.0017940433840994484,0.01752837859438266,1.7748013216766684E-5,1.6479497549702596E-5,3.465228659754188E-4,2.4387091831446963E-5,4.780071135549209E-4,6.225853673853625E-4,6.203870939305084E-5,1.9595975455911647E-5],[1.5497734223589163E-4,1.625382616998899E-5,1.0,0.005111382108034008,2.504369717751673E-5,3.876592339757224E-5,5.286231269154491E-5,1.0447083542840726E-4,0.011773606141358778,0.007460848537805675,4.272412180303108E-5,2.236908907529115E-4,8.707466673988413E-5,0.01046518049726739,0.0013654527283802306,1.2587060654267452E-4,0.004376367242537628,3.971418821704556E-5,9.289609234577403E-4,1.463058685779278E-5,2.305492394424293E-5,8.257752200915359E-5,0.0017250195253199747,0.0016821581900611222,0.0047523808303952374,0.012936612233375474,0.01913640550997515,5.59325983135389E-5,5.469224777150478E-5,0.007822657663900027,0.014278159276470106,2.3516852427292757E-5,2.8332192026090525E-4,0.009952908223228814,4.604767374467627E-5,9.919299273750328E-4,9.261388232280427E-4,0.0069360274083839464,1.4463208268322297E-5,0.004007679898616119,0.0018111132531317797,6.339077248978445E-5,3.108592009261679E-4,1.6663385960075295E-4,4.9473921580011535E-5,0.0019124751767690283,0.004219886081208558,3.921039145496515E-5,3.208645542429573E-5,7.708627529860907E-4,2.5982179145492206E-5,6.889963146042589E-5,2.845682356957049E-4,1.0766913714146506E-4,3.0833873963967915E-5],[0.0036993917629717325,0.002851706721131698,0.005111382108034008,1.0,0.00226713247467317,3.9656000630511383E-4,5.800450930128504E-4,0.003795755328605663,0.010089608734283863,0.006638593198080405,0.0017225350247301206,0.002098516319935779,0.002838247176982267,0.013324826162518628,0.004362519512738076,0.002089062573988695,0.005310559028341602,0.0022607537726386574,0.005174511151801521,5.104187331697708E-4,0.004931467619191807,0.0018026689764800525,0.007159103942822044,0.005316607686419041,0.008385462411803407,0.009773044191109213,0.024196564861923515,0.005452277637546069,0.005169046339068059,0.006908533173838277,0.00880008391373958,6.985270880596621E-4,0.0013959702805324218,0.01506609300274919,0.0024090422549926634,0.0032104753816888697,0.004704682461964624,0.007188662589240232,4.364946317507166E-4,0.00483900455550016,0.00400970358625793,0.004519411926345562,0.01881018614279347,0.003935293732313098,0.0028772060298003378,0.0037830658441826894,0.01973233292608968,0.005656256685398995,0.0025480888730053087,0.005613678013453358,0.0043814272614899185,0.001825856053798251,0.004537218897713375,0.0017605525548259192,0.0010134265312864502],[7.013110687676777E-5,1.8675703195436708E-5,2.504369717751673E-5,0.00226713247467317,1.0,2.3892142583879627E-5,2.5145943057232577E-5,5.16246474524595E-5,0.01603669828915302,0.002774957971827888,5.475370585553994E-5,2.0012990182514357E-4,9.240692965981926E-5,0.0110226606083109,0.002725893791576073,6.41532337965822E-5,0.0010730259812229792,2.3557464962085542E-5,0.0025950189009467297,1.772710821481311E-5,2.247839583012182E-5,8.39934629576257E-5,0.006766199623758169,7.151163535782077E-4,0.007575925551447229,0.0069214292704189075,0.0027277819453390088,1.2736514802758894E-4,5.593711523196537E-5,0.0030014841059561093,0.013408851451032303,2.2157931984609304E-5,5.461447590879293E-4,0.010407955687071048,9.735236120324482E-5,7.125076462166656E-4,6.135883077489148E-4,0.012934302484164053,2.3469395252383762E-5,0.004590187783609219,0.003018628019642263,1.9689003975766439E-4,0.0049521854749784745,4.5831250998618306E-4,8.62928855628384E-4,2.603728966348853E-4,0.0016370743272458397,2.2031795036551807E-5,2.2683288671586085E-5,0.0012697261112350705,2.5052067733419117E-5,4.108849686345847E-4,8.148252451685755E-4,1.0273530633303618E-4,2.561165674142701E-5],[9.744505061683992E-5,2.1105298205091397E-5,3.876592339757224E-5,3.9656000630511383E-4,2.3892142583879627E-5,1.0,2.7050194022242293E-5,1.0850276857955502E-4,0.014056641821849875,0.005371737187699373,8.054851971922195E-5,1.2298618286199668E-4,1.733952075215645E-4,0.013835970323440484,8.941061567865678E-4,5.9287269518831166E-5,5.063990699547458E-4,2.2032885630185377E-5,3.193176924310567E-4,2.070843984089396E-5,1.1319805659885771E-5,6.02648927757184E-5,0.005220510418575271,8.608608731793512E-4,0.013195399799320827,0.0032023357216900963,0.017569817247626764,1.280341603636846E-4,9.262375480232214E-5,0.006102057034497291,0.01916376772055363,1.866699234367687E-5,5.703605825378614E-4,0.0014473753097442633,5.8131691948107085E-5,0.002183724504419882,1.3789565488008898E-4,0.016209357577247435,1.9416752830203892E-5,5.965068631027397E-4,0.001149694366886286,1.859814463884513E-4,0.02027875558671167,5.0150710990327986E-5,0.0010418656005497765,3.87162516908759E-4,0.0015996173015255851,2.1200044602260867E-5,2.018223671699068E-5,0.001455958440043949,2.3788946490814974E-5,4.218095999261099E-4,0.0013715450733639825,9.122071154060439E-5,2.3922260987069696E-5],[5.364738758331659E-5,3.681322894993904E-5,5.286231269154491E-5,5.800450930128504E-4,2.5145943057232577E-5,2.7050194022242293E-5,1.0,5.7055830938139315E-5,0.00900614121550141,0.0071845066454803205,8.577637173913452E-5,1.4553702822422225E-4,5.638657688255358E-4,0.004066736466144065,3.851378163427367E-4,1.6383665855839976E-4,9.718563071486211E-4,4.6019712475107104E-5,0.0014830374798058593,4.6063727813599796E-5,1.8508509868341293E-5,1.2949506572538914E-4,0.001955881503157117,0.001482574948666668,0.009759161869217332,0.006537177777324489,0.02482091799171264,8.51243957665839E-5,6.025694429755975E-5,0.004843313854126638,0.015657494209893933,3.3129465233131595E-5,7.33836095026108E-5,0.004869378641641868,5.548445772136518E-5,3.90699212614094E-4,5.057346107455822E-4,0.00663892896892764,4.121023275378598E-5,0.0015010428284729766,0.0029907297101228873,2.0517586908342893E-4,0.00336571689371956,4.219868964222704E-4,2.532253988533915E-4,6.282338793870501E-4,0.01731189108122532,5.207096692031268E-5,3.225222598730735E-5,0.0010263874005044516,4.4552168380406504E-5,7.704805615299788E-4,0.0012938434498191136,9.66807503669236E-5,3.667994788565801E-5],[1.6011009574042295E-4,1.1937544316949572E-4,1.0447083542840726E-4,0.003795755328605663,5.16246474524595E-5,1.0850276857955502E-4,5.7055830938139315E-5,1.0,0.009967600707634581,0.003247116400970255,1.0213402405664204E-4,1.2316281749045558E-4,8.541666411709858E-4,0.0018301855296228554,8.116962489783054E-4,1.3146113103077594E-4,0.003924741962520925,3.5500378945902824E-5,7.082687439963317E-4,6.630073741394718E-5,6.279615541376633E-5,1.2286001885314441E-4,0.009572024031108486,7.565864686501813E-4,0.004984499795204077,0.014107280441221481,0.0083764249782858,1.2136867188640627E-4,1.340426485620243E-4,0.0035311103180364896,0.01136848335953151,2.638617376704815E-5,6.504304374884014E-4,0.005569522201492018,1.1125450953994771E-4,1.9831599059764773E-4,8.443497188683191E-4,0.015714260125146966,6.204158629268439E-5,3.0025741812266925E-4,0.0025169229612148174,1.5289524816004916E-4,0.007815293229508654,2.444165482517473E-4,0.0011099017013933325,0.0015525424358413427,0.017122936438046486,1.0736285905193288E-4,8.686024984781411E-5,4.7190510613707125E-4,1.1574414372721597E-4,8.844902422306618E-4,9.384496078919273E-4,1.2194912482745648E-4,7.69699966309262E-5],[0.0029012915674725952,0.011725014176015998,0.011773606141358778,0.010089608734283863,0.01603669828915302,0.014056641821849875,0.00900614121550141,0.009967600707634581,1.0,0.01677155009388672,7.253489771301772E-4,7.343040916559767E-4,0.0017076920511373778,0.016757684387554077,0.017077524726253852,0.0024320679359367695,0.006390763110108602,0.007864864412256175,0.00353755321076067,0.007323504229457378,0.005499786410535691,0.007583064404188641,0.013555941302428747,0.001984484704103313,0.016682674305577565,0.01725843365445464,0.024223502088028818,0.009500520866269275,0.005655189599326183,0.015984025125163955,0.01884024774558918,0.010217439337445504,0.008120040211723566,0.01689733040969771,0.004435329061885229,0.013520245660384705,0.014579682263078445,0.017754907711073638,0.005650699047872433,0.008239813697322271,0.013809941089253316,0.014271787968287137,0.01842634774545519,0.012827772426895707,0.002429563984382388,0.010658843930703226,0.01987098220265021,0.015899135235529396,0.011235617920619103,0.006035204991733083,0.003632401993067987,0.0017814037685840436,0.008774729532549244,0.014072406117810164,0.011581491735733173],[0.0055801323043178615,0.005252228363647155,0.007460848537805675,0.006638593198080405,0.002774957971827888,0.005371737187699373,0.0071845066454803205,0.003247116400970255,0.01677155009388672,1.0,0.006802137873854594,0.0020625374292261986,0.005788307935666046,0.01587087359717943,0.0048042303278455385,0.004154753405352233,0.005317621583345416,0.0020885694432371846,0.004862043185675895,0.001489482911471219,0.0031059152200060575,0.005163346463377335,0.008692690474948542,0.003839808839036796,0.015532184533238017,0.017467149292453327,0.017293989099041375,0.003844745392611818,3.175434250895987E-4,0.008578125653516922,0.01067366581324682,0.004378347900767955,0.0051591042647322494,0.009556973267731143,0.007696356286834716,0.0028018049580006213,0.0018355681252867845,0.010170612540293968,7.613440305923617E-4,0.007272608067820795,0.005436676889889174,0.007816903251464726,0.016582241448338447,0.0074404752518558315,0.003521760444836059,0.0061171076105684,0.019524495072425655,0.0018977939112649522,0.00506175221852129,0.004259153710032611,0.0017978418643501066,0.0047428238122976755,0.00706300501796029,0.006568779106729603,0.0018151983943017374],[1.3653688551442967E-4,2.0512991712451725E-5,4.272412180303108E-5,0.0017225350247301206,5.475370585553994E-5,8.054851971922195E-5,8.577637173913452E-5,1.0213402405664204E-4,7.253489771301772E-4,0.006802137873854594,1.0,1.8172073954762178E-4,0.0010742266321911728,0.012367575054776335,0.0017202213415256518,1.8341960338160863E-4,0.003839850628480543,5.984609179527514E-5,7.042617795877564E-4,2.606792141158499E-5,9.498624803758518E-5,1.0187777241579054E-4,0.006233839905807839,7.788487848272472E-4,0.015065393545318856,0.012980422213500263,0.02335887837714831,1.1522043698007498E-4,1.3154159868268822E-4,4.926552547313424E-4,0.003826091321553897,2.4658489639426552E-5,3.4990982257196863E-4,0.005829352129798123,1.0634432766837842E-4,5.158395353213937E-4,8.592971495997546E-4,0.007464130983154505,6.388263856001043E-5,0.0015966668836391942,0.0018671611099123726,1.1654171729311001E-4,0.009998278387936911,4.036873354116103E-4,0.0014115872320945642,5.667280865948464E-4,0.0168359110734366,7.306821029778355E-5,9.682404530468507E-5,0.0014016952483292754,7.298906369599485E-5,9.639011714003078E-4,0.0014175083128974161,1.169072761715813E-4,7.839252469395108E-5],[2.2408377856077542E-4,1.3958684733336146E-4,2.236908907529115E-4,0.002098516319935779,2.0012990182514357E-4,1.2298618286199668E-4,1.4553702822422225E-4,1.2316281749045558E-4,7.343040916559767E-4,0.0020625374292261986,1.8172073954762178E-4,1.0,5.625754318256691E-4,0.014629269937492896,0.0015509226726847921,2.1487783786937277E-4,0.0015801074157284535,2.4327776207140595E-4,0.0012535278299797012,8.768858738124978E-5,4.7375589637835986E-5,2.1637861039464497E-4,0.008477249747749504,3.2264483918868975E-4,0.0030868247381848984,0.008746517324594786,0.024345373022317998,2.4086858494720904E-4,1.964791949731237E-4,0.010324619710595635,0.02121861921014343,1.771159184050104E-4,5.815966085715151E-4,0.005212871398050302,2.2243196806719106E-4,0.002283459155873597,9.472689196910588E-4,0.013911739903593371,2.1380569619627114E-4,8.49371586856981E-4,0.0017367864505177261,2.2883438517580653E-4,0.007693884539126169,5.612213889652903E-4,3.408894095880769E-4,2.6373201605297257E-4,0.009341640441276902,1.3171472524273932E-4,2.2990095465678852E-4,7.345176302420364E-4,2.3898666701569754E-4,6.075616497036792E-4,0.0013415108409406955,1.813982107470737E-4,2.461269245453985E-4],[5.012606364309666E-4,0.0010384346175072417,8.707466673988413E-5,0.002838247176982267,9.240692965981926E-5,1.733952075215645E-4,5.638657688255358E-4,8.541666411709858E-4,0.0017076920511373778,0.005788307935666046,0.0010742266321911728,5.625754318256691E-4,1.0,0.014270638642097822,0.00159747829834308,6.845796826007807E-4,0.002123292212923084,3.45007322998671E-4,0.001522740337534614,0.0011205961674182264,0.0010300265707453508,7.909948041610505E-4,0.004075612005643147,0.0014263380548781349,0.013649998270206647,0.013744568536911656,0.024422402679936426,6.094983916446654E-4,9.257854807781037E-4,0.005200457867386878,0.012810327932508189,6.667510363300648E-4,0.0010033761448474507,0.015555855128093352,8.486316673830729E-4,0.0017246679473712735,0.0011072272654780576,0.00956853457915219,9.301598459823103E-4,0.004156874122953694,0.002302884955203569,0.0011315691228695813,0.0086522213718913,8.014776057628219E-4,0.0012723733974679648,0.0014039767545914366,0.018635180231956535,3.617684516234576E-4,0.0010236297604796277,0.0013075621082923282,6.524875462145458E-5,0.0011652257349515063,0.0015425844750682092,7.752910689758901E-4,8.405199913910694E-5],[0.01496861622483929,0.014793421518022662,0.01046518049726739,0.013324826162518628,0.0110226606083109,0.013835970323440484,0.004066736466144065,0.0018301855296228554,0.016757684387554077,0.01587087359717943,0.012367575054776335,0.014629269937492896,0.014270638642097822,1.0,0.005216187856002261,0.01034728619207988,0.015363190670970382,3.471481270746168E-4,0.01530333474831489,0.014085380097526565,0.005814929039300296,5.76951965385561E-4,0.0140180510868817,0.0033490479502937447,0.016333579327771096,0.01710904422534146,0.023557352234671425,0.009686172062966236,7.905394926221766E-4,0.016136032510919794,0.017595225743092167,0.01635183637790288,0.006981703472076903,0.016592727293783457,0.005310987088786187,0.00416745374020772,0.012186801963693095,0.018757523154611204,0.005564256581054134,0.015870976055353585,0.015230255628595455,0.010992396909661513,0.021295091121326708,0.005513054960587604,0.012347293518095298,0.012868487746033021,0.02093540673720979,0.004781261353365516,0.0014727450386101534,0.0018239896988931689,0.009479969212342986,0.007024280059083815,0.012046966502424183,0.004435997445878564,0.010046323018143516],[0.002198685220014638,0.0012415049694228034,0.0013654527283802306,0.004362519512738076,0.002725893791576073,8.941061567865678E-4,3.851378163427367E-4,8.116962489783054E-4,0.017077524726253852,0.0048042303278455385,0.0017202213415256518,0.0015509226726847921,0.00159747829834308,0.005216187856002261,1.0,0.0021930170057213264,0.00318596782971975,0.0022792482696545185,0.0029754508695410417,0.0018894608534865936,0.002288572091134166,5.860683098832122E-4,0.005545679078330815,0.0027490107235117163,0.013768700168261176,0.015932728949139083,0.016991995926948094,6.286581568206251E-4,0.001403625996111168,0.005644579442490071,0.012659872432359474,0.0012862203570378923,0.0019539908496859974,0.01148096269209375,0.0018627159311316917,0.002464454702024114,0.0029283652089566567,0.0057815344895169925,9.005933990607317E-4,0.0031699785455094024,0.0030492742266489225,3.4457896291530804E-4,0.010522781490157129,0.0019212830285883933,0.002674525699718721,0.003007474236727213,0.013535242469959382,0.0012960102400801352,0.0026355263759672595,0.0023683825638254156,0.0017257418927299894,0.002877898998585152,0.0028748147262506996,0.0012371738011217718,0.001123399600251119],[1.8550231060773773E-4,3.4905009521750086E-5,1.2587060654267452E-4,0.002089062573988695,6.41532337965822E-5,5.9287269518831166E-5,1.6383665855839976E-4,1.3146113103077594E-4,0.0024320679359367695,0.004154753405352233,1.8341960338160863E-4,2.1487783786937277E-4,6.845796826007807E-4,0.01034728619207988,0.0021930170057213264,1.0,0.0043052498144773065,6.197319954707191E-5,0.0012929979661742397,9.508991932026284E-5,7.724527080456841E-5,1.671267690284282E-4,0.006637245390047031,0.0015976137634940244,0.007850262361071107,0.004696143269743539,0.01216482590959084,1.6138418339335135E-4,1.5501889869912037E-4,0.008873838550475832,5.181890986128523E-4,4.249492712936874E-5,5.844124870629721E-4,0.0018796338903142274,1.3066174080475498E-4,4.563692801321263E-4,5.823415934163868E-4,0.014293599071531604,6.275667898322081E-5,0.001345681305789588,0.00239689241032385,1.9005846365460234E-4,0.004475298719740253,5.78288517253846E-4,7.816821072347991E-4,5.701142147650716E-4,0.013366363874393071,1.3986847214584783E-4,7.613001639445179E-5,0.0014386826514893522,1.400603252046631E-4,7.04660586969128E-4,0.0013607470816162078,1.5601035627836325E-4,1.4038691292390612E-4],[0.0030159556834480072,6.430572291550297E-5,0.004376367242537628,0.005310559028341602,0.0010730259812229792,5.063990699547458E-4,9.718563071486211E-4,0.003924741962520925,0.006390763110108602,0.005317621583345416,0.003839850628480543,0.0015801074157284535,0.002123292212923084,0.015363190670970382,0.00318596782971975,0.0043052498144773065,1.0,0.0032810052742344607,0.003075474730582485,0.004283625973628713,2.0095685998761455E-5,0.004354096488063284,0.008116130719585512,0.004497797473908959,0.009936056813728951,0.005096973523427483,0.018064701436067532,0.004307577085108977,0.002342953509662903,0.006807768380878007,0.01066863478779298,0.0017431055613781386,0.0016365428800316645,0.010891922159564048,0.0023106158968203526,0.003246777126159923,0.002344128062849091,0.01794377598596883,6.595437078575048E-4,0.004570648425628394,0.0036856596819438347,9.504470821594354E-4,0.017226052663502238,0.001518278664966684,0.0029783670981076765,0.004302671297041277,0.01151977867548577,0.0040667946145211634,0.0017763175111484293,0.0025235452961922195,0.0010830006054657405,0.0035228761506389305,0.0041107496535504155,0.003849365595350905,6.350813163312571E-4],[1.8556798044088167E-4,1.9678907251521112E-5,3.971418821704556E-5,0.0022607537726386574,2.3557464962085542E-5,2.2032885630185377E-5,4.6019712475107104E-5,3.5500378945902824E-5,0.007864864412256175,0.0020885694432371846,5.984609179527514E-5,2.4327776207140595E-4,3.45007322998671E-4,3.471481270746168E-4,0.0022792482696545185,6.197319954707191E-5,0.0032810052742344607,1.0,0.0012452228199618877,1.7601305925069833E-5,1.1518919032055196E-5,3.4817235918023265E-5,0.0020776548176647132,9.153372130850431E-4,0.004560602049096031,0.005946970932983474,0.014360248583054442,7.194888974332751E-5,6.901714446750077E-5,0.008997603229291067,4.2405728750617434E-4,1.8636070982864493E-5,5.91783006052331E-4,0.0019175114731956495,6.28746840918839E-5,0.00194464724473686,5.200704678399999E-4,0.011733060142816882,1.3690323577269165E-5,0.002530448348128344,9.665301901869671E-4,1.9073931475550447E-4,0.015489501412755841,6.793712097238453E-5,3.7049199718807644E-5,0.001162872180964908,0.0074990147456955245,2.0626480290019936E-5,2.1481697206961946E-5,6.179890275882499E-4,2.4109397351175484E-5,3.3238388834348575E-4,0.0014915588810384167,4.359042244281328E-5,2.3429608701781415E-5],[4.937804127448801E-4,7.202313667381383E-4,9.289609234577403E-4,0.005174511151801521,0.0025950189009467297,3.193176924310567E-4,0.0014830374798058593,7.082687439963317E-4,0.00353755321076067,0.004862043185675895,7.042617795877564E-4,0.0012535278299797012,0.001522740337534614,0.01530333474831489,0.0029754508695410417,0.0012929979661742397,0.003075474730582485,0.0012452228199618877,1.0,9.247121992710975E-4,6.579880872210653E-4,0.0024754547325667804,0.004488686097401649,0.002463665448550563,0.011814820073211028,0.010584412061947417,0.009471750621969014,0.0015313298802609172,0.0026996119343992665,0.009789272063205975,0.003616257153722143,5.963597159398198E-4,0.0019384190584039607,0.013988178997841915,0.0026409952160967977,0.0026755801822874966,0.0019466749047605354,0.013912388888353739,0.0026147219595329487,0.004128875428142508,0.0029507844462128116,0.0012750851665304398,0.003702825715529702,0.0015872659714634466,0.0027697110902316245,0.0027820835537318315,0.01644754572653867,0.0010785841977045516,4.530862064054737E-4,0.0016125661709738863,0.0022987612975198767,0.0027720732612108202,0.0019747167148583167,0.0027889457461958544,0.0023330117152735278],[3.569969503872288E-5,1.3449060983234565E-5,1.463058685779278E-5,5.104187331697708E-4,1.772710821481311E-5,2.070843984089396E-5,4.6063727813599796E-5,6.630073741394718E-5,0.007323504229457378,0.001489482911471219,2.606792141158499E-5,8.768858738124978E-5,0.0011205961674182264,0.014085380097526565,0.0018894608534865936,9.508991932026284E-5,0.004283625973628713,1.7601305925069833E-5,9.247121992710975E-4,1.0,1.0261542788080108E-5,1.224616662307412E-4,0.006954625715690176,2.386437677266719E-4,0.0029639126607670396,0.01179603755724669,0.0018053933726155191,3.975998630454125E-5,6.910177846912694E-5,0.0010001590941081588,0.0068856554141067,1.0606963729451793E-5,8.043086604666716E-5,0.01513129569521335,1.0402270522124379E-4,1.6373396651237287E-4,9.511616131405137E-4,0.014314256783247731,1.0320545131602796E-5,0.0020255968136027175,0.0012479613298395523,1.7814049196564408E-4,0.0030964472858636075,5.542481453790725E-4,0.0014250801925358074,8.829489676195528E-4,0.015722461712890483,1.900935596769941E-5,1.1083436839663777E-5,1.0356123472023109E-4,1.783135330112304E-5,6.227160769930218E-4,4.984815471118631E-4,4.039146909681586E-5,1.805538142377039E-5],[1.7292606951392224E-4,1.1128118605776216E-5,2.305492394424293E-5,0.004931467619191807,2.247839583012182E-5,1.1319805659885771E-5,1.8508509868341293E-5,6.279615541376633E-5,0.005499786410535691,0.0031059152200060575,9.498624803758518E-5,4.7375589637835986E-5,0.0010300265707453508,0.005814929039300296,0.002288572091134166,7.724527080456841E-5,2.0095685998761455E-5,1.1518919032055196E-5,6.579880872210653E-4,1.0261542788080108E-5,1.0,2.5635586223094086E-5,0.004351469989808927,2.0472574119114916E-5,0.0034960898501731753,0.013546058903951403,0.013221909535271685,1.2066173918984604E-4,8.940643028584626E-5,0.0019088638419897705,0.01832157019758237,1.5714857779409438E-5,4.522856094946989E-5,0.004188075134365706,7.560159621377145E-5,0.001064909270990472,9.736259434215626E-4,0.014476791642303097,1.1564941768275028E-5,0.004462476844521224,0.0024868378333770536,3.132885801311366E-5,0.0031020583954198128,4.3851890075923125E-4,0.0010606636809451808,7.184180333752274E-4,0.01367199241727725,1.8856030185861627E-5,1.4849781528172926E-5,0.001366936633965039,1.787098599343055E-5,1.5359122454334145E-4,0.0017708607972679652,1.121176376506945E-4,1.304503424132112E-5],[1.4050480466674115E-4,8.587527340283218E-5,8.257752200915359E-5,0.0018026689764800525,8.39934629576257E-5,6.02648927757184E-5,1.2949506572538914E-4,1.2286001885314441E-4,0.007583064404188641,0.005163346463377335,1.0187777241579054E-4,2.1637861039464497E-4,7.909948041610505E-4,5.76951965385561E-4,5.860683098832122E-4,1.671267690284282E-4,0.004354096488063284,3.4817235918023265E-5,0.0024754547325667804,1.224616662307412E-4,2.5635586223094086E-5,1.0,0.008284331320021394,0.0015634644325091878,0.001900159916616708,0.0030313694963387916,0.014040660803361403,1.3916470567058357E-4,1.3987419268378704E-4,0.006397385291804561,0.014079310809545704,2.428567359103709E-5,1.911111602049239E-4,0.0035571905562638392,1.247218304450769E-4,0.0012234801017540833,1.5147274117727257E-4,0.004593447558205646,1.2774287557261167E-4,0.004138121669113126,0.0030454896582902307,1.7400054868772682E-4,0.0016668274558994702,1.4541888905057038E-4,4.707514096498534E-4,8.163209883368175E-4,0.001222912214598687,7.215224359726383E-5,9.304274190057957E-5,7.672445126215101E-4,7.154698960711473E-5,8.625596731377618E-4,0.0015017393569899794,1.322121129828306E-4,1.2106161664517292E-4],[0.008015225125276866,0.009465797698454214,0.0017250195253199747,0.007159103942822044,0.006766199623758169,0.005220510418575271,0.001955881503157117,0.009572024031108486,0.013555941302428747,0.008692690474948542,0.006233839905807839,0.008477249747749504,0.004075612005643147,0.0140180510868817,0.005545679078330815,0.006637245390047031,0.008116130719585512,0.0020776548176647132,0.004488686097401649,0.006954625715690176,0.004351469989808927,0.008284331320021394,1.0,0.008939113826268365,0.0131920098583631,0.016410222235252844,0.019426356163103883,0.006301535127145062,0.0013225789808199737,0.01042682727364816,0.020835842648326844,0.0022812169174224258,0.006148240041406197,0.014969374612316864,0.006266189846156762,0.002807028852764137,0.005590062560462708,0.009915869359662077,0.004984485541851909,0.006616887881717364,0.008487419353679528,0.006578349264374835,0.01830286094328796,0.008307865883511399,0.004596614552688973,0.00611577961153565,0.012082791944931549,0.0043276111780166954,0.005406168618903474,0.008448150385799935,0.0055320551163709816,0.004115014737465662,0.005910561548021782,0.009021309840972689,0.005970066782369248],[0.00108011302714416,3.3743592339221195E-4,0.0016821581900611222,0.005316607686419041,7.151163535782077E-4,8.608608731793512E-4,0.001482574948666668,7.565864686501813E-4,0.001984484704103313,0.003839808839036796,7.788487848272472E-4,3.2264483918868975E-4,0.0014263380548781349,0.0033490479502937447,0.0027490107235117163,0.0015976137634940244,0.004497797473908959,9.153372130850431E-4,0.002463665448550563,2.386437677266719E-4,2.0472574119114916E-5,0.0015634644325091878,0.008939113826268365,1.0,0.0020444949794766695,0.016433293212658056,0.003039061899891825,0.0014470251395084278,0.0012164184112122378,0.002270243142479361,0.015237521802743558,0.0010158263287483147,7.645989311918494E-4,0.006457352776673557,3.2647382838113845E-4,0.002288406805527614,0.0011733222434767653,0.021109963168536326,0.0015440626170767017,0.0037943401594788314,0.0025788543397979834,3.0457608820375266E-4,0.009553741920262544,9.572356312864674E-4,0.0016371918788613902,0.0018632140874728885,0.018773738660300413,1.587826085028666E-4,5.284714737315974E-4,0.0015023952559790337,9.147804423035419E-4,0.0014482272776323636,0.0017108738416533637,8.838403445206467E-4,7.692020852305584E-5],[0.016126539107990567,0.015330026653794144,0.0047523808303952374,0.008385462411803407,0.007575925551447229,0.013195399799320827,0.009759161869217332,0.004984499795204077,0.016682674305577565,0.015532184533238017,0.015065393545318856,0.0030868247381848984,0.013649998270206647,0.016333579327771096,0.013768700168261176,0.007850262361071107,0.009936056813728951,0.004560602049096031,0.011814820073211028,0.0029639126607670396,0.0034960898501731753,0.001900159916616708,0.0131920098583631,0.0020444949794766695,1.0,0.017429115793311138,0.022239391890848968,0.01003517104885859,0.011395265085621045,0.01275140832306824,0.019488827023915502,0.004828621619636541,0.011598198315464298,0.0162318047509596,0.01191745575134787,0.014220175024546172,0.0012413434747177725,0.019647632904982833,0.008358406205941537,0.006426297891567111,0.015099371598311442,0.004277293964773249,0.02117928235408649,0.007752086859607298,0.003486840640730825,0.00948247018808227,0.0211092004737131,0.008335337387630839,0.002721712100906785,0.01142099417720448,0.01124231928775446,0.010443948961685842,0.006449652840461331,0.0039270590270442515,5.914080554437264E-4],[0.007593436886406634,0.01643350940537366,0.012936612233375474,0.009773044191109213,0.0069214292704189075,0.0032023357216900963,0.006537177777324489,0.014107280441221481,0.01725843365445464,0.017467149292453327,0.012980422213500263,0.008746517324594786,0.013744568536911656,0.01710904422534146,0.015932728949139083,0.004696143269743539,0.005096973523427483,0.005946970932983474,0.010584412061947417,0.01179603755724669,0.013546058903951403,0.0030313694963387916,0.016410222235252844,0.016433293212658056,0.017429115793311138,1.0,0.017573974292203,0.015334156149271106,0.008303291945435744,0.013364972795903356,0.019397727682924696,0.015824672458209992,0.007890574378660253,0.01722234235933987,0.008779980124750853,0.0046371126177738005,0.0036842688152455933,0.019919858905014253,0.008796781064489587,0.016491863184402503,0.009470762034747799,0.007335666162610519,0.01913479759315408,0.0054105240721572115,0.009467439293071995,0.004829505821743201,0.01845679489140869,0.002978588174002334,0.0012385474130809744,0.003208017876025555,0.01580288973168209,0.011877471975024596,0.006509745450115255,0.01684512315898377,0.010267319897228573],[0.012120348504158685,0.002451385453306466,0.01913640550997515,0.024196564861923515,0.0027277819453390088,0.017569817247626764,0.02482091799171264,0.0083764249782858,0.024223502088028818,0.017293989099041375,0.02335887837714831,0.024345373022317998,0.024422402679936426,0.023557352234671425,0.016991995926948094,0.01216482590959084,0.018064701436067532,0.014360248583054442,0.009471750621969014,0.0018053933726155191,0.013221909535271685,0.014040660803361403,0.019426356163103883,0.003039061899891825,0.022239391890848968,0.017573974292203,1.0,0.018194720197221213,0.023807585107783448,0.01663362232981341,0.024592534289399243,0.0019885490689123143,0.01679100030369218,0.019795052493096058,0.010188625550127867,0.023284301780377412,0.020517027768852926,0.02283133216827195,0.014931113893166748,0.020881671690847307,0.00610101002007814,0.003521994811407578,0.023559202584045143,0.005477026255289047,0.0030276082398153414,0.022777266217604016,0.024432025882939024,0.014068070690185654,0.005312010822666947,0.002255497861448232,0.009188648191716511,0.01007674522494486,0.014467184492775415,0.006222961368743066,0.01372192658947005],[1.6136175170787078E-4,5.7528092277811886E-5,5.59325983135389E-5,0.005452277637546069,1.2736514802758894E-4,1.280341603636846E-4,8.51243957665839E-5,1.2136867188640627E-4,0.009500520866269275,0.003844745392611818,1.1522043698007498E-4,2.4086858494720904E-4,6.094983916446654E-4,0.009686172062966236,6.286581568206251E-4,1.6138418339335135E-4,0.004307577085108977,7.194888974332751E-5,0.0015313298802609172,3.975998630454125E-5,1.2066173918984604E-4,1.3916470567058357E-4,0.006301535127145062,0.0014470251395084278,0.01003517104885859,0.015334156149271106,0.018194720197221213,1.0,1.4750026830703762E-4,0.002704323117019375,0.0033982332138982967,5.311145494020103E-5,2.690136273316737E-4,0.0051552593571168506,1.0990539160796574E-4,9.032246917746513E-4,3.576132433486288E-4,0.0160693426667775,4.258820294057849E-5,0.0036201509418343045,0.0014375151123795905,2.036003411904706E-4,0.018266883075972223,2.496410178312556E-4,0.0012040094030790708,0.0013457896884786426,0.00730474550807585,1.0506092201377506E-4,5.9499290761029864E-5,5.330362641456577E-4,1.0455743835632438E-4,2.4225911050734913E-4,0.001823017182085846,1.5056301070882783E-4,1.3992302838026238E-4],[1.4664123451921683E-4,1.3563070271542326E-4,5.469224777150478E-5,0.005169046339068059,5.593711523196537E-5,9.262375480232214E-5,6.025694429755975E-5,1.340426485620243E-4,0.005655189599326183,3.175434250895987E-4,1.3154159868268822E-4,1.964791949731237E-4,9.257854807781037E-4,7.905394926221766E-4,0.001403625996111168,1.5501889869912037E-4,0.002342953509662903,6.901714446750077E-5,0.0026996119343992665,6.910177846912694E-5,8.940643028584626E-5,1.3987419268378704E-4,0.0013225789808199737,0.0012164184112122378,0.011395265085621045,0.008303291945435744,0.023807585107783448,1.4750026830703762E-4,1.0,0.010225367005072988,0.016575792209640068,1.1668080428523981E-4,3.0997595066760484E-4,6.146428496820307E-4,1.356313510060456E-4,0.001390384663912745,4.481526008208532E-4,0.004834829939068361,9.19168158463762E-5,0.0014769850703625835,0.0011990396190025131,1.4128556703975437E-4,0.005972499019057801,1.9690560148598633E-4,8.634659837234407E-4,9.019625725859147E-4,0.02183357391070788,6.47979914672862E-5,2.7131554539265217E-5,5.840267081036268E-4,6.294504228691793E-5,1.580442232343321E-4,0.0014043889665739647,1.38890305603817E-4,6.588647286927508E-5],[0.005724870898405852,0.0107398748670103,0.007822657663900027,0.006908533173838277,0.0030014841059561093,0.006102057034497291,0.004843313854126638,0.0035311103180364896,0.015984025125163955,0.008578125653516922,4.926552547313424E-4,0.010324619710595635,0.005200457867386878,0.016136032510919794,0.005644579442490071,0.008873838550475832,0.006807768380878007,0.008997603229291067,0.009789272063205975,0.0010001590941081588,0.0019088638419897705,0.006397385291804561,0.01042682727364816,0.002270243142479361,0.01275140832306824,0.013364972795903356,0.01663362232981341,0.002704323117019375,0.010225367005072988,1.0,0.012301188368905543,0.007404441690871009,0.0025490523309595605,0.015570903250828183,0.004094499910441054,0.006871280627290132,0.00558469573609128,0.012176505361670757,0.008322970705967391,0.006129238035043533,0.0065173903487833204,0.007970162603222848,0.013262876022057774,9.491842466457026E-4,0.009808874698966876,0.008985057775588043,0.017895039798497887,0.002223596951917692,0.004347047294918178,0.003637646421725273,7.348646781993464E-4,0.002151907885515402,0.009267207565451815,0.007048132844472234,0.0036810684565783433],[0.012352449479499188,0.015394386104430897,0.014278159276470106,0.00880008391373958,0.013408851451032303,0.01916376772055363,0.015657494209893933,0.01136848335953151,0.01884024774558918,0.01067366581324682,0.003826091321553897,0.02121861921014343,0.012810327932508189,0.017595225743092167,0.012659872432359474,5.181890986128523E-4,0.01066863478779298,4.2405728750617434E-4,0.003616257153722143,0.0068856554141067,0.01832157019758237,0.014079310809545704,0.020835842648326844,0.015237521802743558,0.019488827023915502,0.019397727682924696,0.024592534289399243,0.0033982332138982967,0.016575792209640068,0.012301188368905543,1.0,0.0010502558798100765,0.003429936921307799,0.016752728098663818,0.016362873289992204,0.007839763383612985,0.00162386431326124,0.021665636969803198,0.006423284810054879,0.01785402149934553,0.016356086444272683,0.014374175508218134,0.021747775994898154,0.010045134679619643,0.012358792971763385,0.01388108505514699,0.021711998320869737,0.017678656991124198,0.007767640788316132,0.010595781661006408,0.0015039483135299556,0.0037244269661160685,0.006817460276533164,0.008791161900817948,0.0032142432131802576],[8.709247614891831E-5,1.566743544691669E-5,2.3516852427292757E-5,6.985270880596621E-4,2.2157931984609304E-5,1.866699234367687E-5,3.3129465233131595E-5,2.638617376704815E-5,0.010217439337445504,0.004378347900767955,2.4658489639426552E-5,1.771159184050104E-4,6.667510363300648E-4,0.01635183637790288,0.0012862203570378923,4.249492712936874E-5,0.0017431055613781386,1.8636070982864493E-5,5.963597159398198E-4,1.0606963729451793E-5,1.5714857779409438E-5,2.428567359103709E-5,0.0022812169174224258,0.0010158263287483147,0.004828621619636541,0.015824672458209992,0.0019885490689123143,5.311145494020103E-5,1.1668080428523981E-4,0.007404441690871009,0.0010502558798100765,1.0,2.219829111244047E-4,0.005527472599962166,3.6630193058650345E-5,0.0010780683994203693,3.1547038671467904E-4,0.0067277153613451955,1.261093014726992E-5,7.562492541936289E-4,0.002354656448210802,6.632827918441515E-5,0.011769538396285122,2.864070628624159E-5,4.134904446303953E-4,0.0016268443137123342,0.01895871971550783,1.9649357521109934E-5,1.821206051405539E-5,0.0014791190880444251,2.481966475577554E-5,2.228934539417452E-4,1.4241746501621977E-4,5.001529478325293E-5,2.0646894052807335E-5],[6.28084802797752E-4,2.498037274166387E-4,2.8332192026090525E-4,0.0013959702805324218,5.461447590879293E-4,5.703605825378614E-4,7.33836095026108E-5,6.504304374884014E-4,0.008120040211723566,0.0051591042647322494,3.4990982257196863E-4,5.815966085715151E-4,0.0010033761448474507,0.006981703472076903,0.0019539908496859974,5.844124870629721E-4,0.0016365428800316645,5.91783006052331E-4,0.0019384190584039607,8.043086604666716E-5,4.522856094946989E-5,1.911111602049239E-4,0.006148240041406197,7.645989311918494E-4,0.011598198315464298,0.007890574378660253,0.01679100030369218,2.690136273316737E-4,3.0997595066760484E-4,0.0025490523309595605,0.003429936921307799,2.219829111244047E-4,1.0,0.01183111118451284,4.035143351003943E-4,0.0011798364275293102,9.755653651886322E-4,0.019720908509124002,5.198903733873628E-4,0.0012392568450231981,0.0016794293067482788,2.3758649483751333E-4,0.019066923719181648,6.736380812102993E-4,0.0010524564370380685,0.0019629521650086587,0.009398186734444468,6.072661480640176E-4,6.702667687814164E-4,7.26299343427958E-4,6.559165986434348E-5,7.24510787475693E-4,6.904409484085207E-4,2.1696658014211677E-4,2.4644779992417443E-4],[0.01588022271870241,0.00345750785208942,0.009952908223228814,0.01506609300274919,0.010407955687071048,0.0014473753097442633,0.004869378641641868,0.005569522201492018,0.01689733040969771,0.009556973267731143,0.005829352129798123,0.005212871398050302,0.015555855128093352,0.016592727293783457,0.01148096269209375,0.0018796338903142274,0.010891922159564048,0.0019175114731956495,0.013988178997841915,0.01513129569521335,0.004188075134365706,0.0035571905562638392,0.014969374612316864,0.006457352776673557,0.0162318047509596,0.01722234235933987,0.019795052493096058,0.0051552593571168506,6.146428496820307E-4,0.015570903250828183,0.016752728098663818,0.005527472599962166,0.01183111118451284,1.0,0.004165990407228869,0.003948244114359112,0.011426210452782765,0.018686666302991768,0.01212240005233019,0.012174590973558979,0.016380075383825105,0.011249292888935876,0.016487562541808925,0.015673305720655634,0.002262495244691316,0.014692241718338092,0.01669721492738439,0.01304467784539488,0.013157972734063507,0.011821035640181263,0.0049615385570791455,0.0032746191137834257,0.010053037552273958,7.191353386855083E-4,0.013002812206624758],[1.138868259569243E-4,9.128841683694509E-5,4.604767374467627E-5,0.0024090422549926634,9.735236120324482E-5,5.8131691948107085E-5,5.548445772136518E-5,1.1125450953994771E-4,0.004435329061885229,0.007696356286834716,1.0634432766837842E-4,2.2243196806719106E-4,8.486316673830729E-4,0.005310987088786187,0.0018627159311316917,1.3066174080475498E-4,0.0023106158968203526,6.28746840918839E-5,0.0026409952160967977,1.0402270522124379E-4,7.560159621377145E-5,1.247218304450769E-4,0.006266189846156762,3.2647382838113845E-4,0.01191745575134787,0.008779980124750853,0.010188625550127867,1.0990539160796574E-4,1.356313510060456E-4,0.004094499910441054,0.016362873289992204,3.6630193058650345E-5,4.035143351003943E-4,0.004165990407228869,1.0,3.011349672380159E-4,5.296265242218817E-4,0.020634001783403508,1.0485222035803234E-4,0.0045540891201536465,0.002179826042917824,1.626387362