[[1.0,3.3339080296330623E-4,2.91835853660353E-4,0.004292201898151724,0.018729860541602864,9.97737753422294E-4,3.070832799875275E-4,3.2106143079441965E-4,0.0014196821271875823,3.404954903366611E-4,2.980683219246192E-4,2.4038240160352537E-4,0.0016312098190133769,5.923485936998933E-4,3.658784822313598E-4,0.0030794278336278825,3.2663222186798317E-4,3.872882887836145E-5,3.1847339211284176E-4,2.684284508418367E-4,3.5354770724293426E-4,3.4278230365739835E-4,0.04771408431896725,2.7678934958924183E-4,3.1795234814167763E-4,2.2956613965475727E-4,6.016545903567776E-5,0.0013412190048919677,2.839846390003567E-4,3.1071783976190965E-4,4.3026338384221643E-4,0.018413787923092766,0.0014459731864137214,0.0012031591276479075,7.345711538836641E-4,2.2560342900691035E-4,2.9861321969847126E-4,2.8656287679113056E-4,3.672849245139374E-4,4.7215417385957595E-4,0.014477870714799243,6.734499336801706E-4,3.609438889627197E-4,2.4638279292224345E-4,2.3977303789739514E-4,0.001564450448023963,1.479768589976456E-4,3.4394862978394516E-4,7.385910050645541E-4,8.244750834717196E-4,3.307148098678328E-4,0.0017856704085215532,0.0502822873657873,2.0341780877731021E-4,0.022251220076167103,3.12009954388367E-4,0.0044401636719376,1.1882518035504397E-4,0.010153610509644929,3.635362748239033E-4],[3.3339080296330623E-4,1.0,2.563219620362193E-4,0.006091686374898275,0.030671537013223973,9.654632792148391E-4,2.5223265726528145E-4,2.4022154139986216E-4,4.741281613610494E-4,1.3125406506684156E-4,2.491326311377274E-4,2.3995410940847096E-4,2.574461526029277E-4,5.044704401655526E-4,3.0854569743494803E-4,3.4818829845422426E-4,2.267728878248969E-4,2.550466109815485E-4,1.086596795184296E-4,1.7553802596421392E-4,1.746254754884848E-4,2.3508988601626276E-4,0.036812035718365735,1.638047872363807E-4,1.281567731480607E-4,2.180384851255833E-4,5.343065743711428E-5,0.0011263508933090727,2.564688877149526E-4,2.2947233089276196E-4,4.15668768309492E-4,0.028311547191373014,0.0010553620339741059,0.003298887513462712,0.002138975752453763,1.0833228144808823E-4,2.250016226688641E-4,1.2708545714471475E-4,2.7869572721417655E-4,4.866930002991064E-4,0.016491788644268604,3.6738143805192065E-4,2.619376575173708E-4,1.5265772249945184E-4,4.130185919067601E-5,0.001069288325928234,1.7378663525505553E-4,2.3476014828958535E-4,6.690459869025669E-4,0.0015131362084418896,2.3055013862673105E-4,0.0021807970269784927,0.0510158284550077,2.2068232338280826E-4,0.020256455856770036,1.2045625317577674E-4,0.005091636422722168,2.023913465867444E-4,0.006540758744496486,1.8471655174940555E-4],[2.91835853660353E-4,2.563219620362193E-4,1.0,0.00460436701226119,0.03848291356684935,0.001199333552442931,1.4530235049399007E-4,3.724253817110673E-5,1.379503966206892E-4,2.8343293477936654E-5,2.3685738791117187E-4,6.063711769133908E-5,0.0025008077254775195,0.0010667200597946549,3.105495179301517E-4,0.0011348965269303017,1.0533629525020907E-4,2.479426092060657E-5,5.647290887644181E-5,7.181914163377411E-5,1.5519649804249503E-5,9.84704805389771E-5,0.03495860577897224,1.1752261270354352E-4,2.0922487992471018E-5,7.086488403109826E-5,4.729129889865652E-5,5.02234873965322E-4,1.0306913071597892E-4,4.352809920428203E-5,4.927933853386328E-4,0.016693756297884887,0.001515680851753422,0.002067065991039356,0.0012755043474011376,2.630751628416692E-5,2.217485998700993E-5,8.902842873662476E-5,1.2534471011495517E-4,3.279938221825252E-4,0.026481671676533203,4.4108160278500633E-4,1.5172308157369795E-4,5.207487744413992E-5,2.3043012045982514E-5,0.0025376155002700845,9.667562911511374E-5,8.58650565974696E-5,7.670395061156834E-4,0.001327363969715682,1.053823249972374E-4,9.198271036031595E-4,0.034948378750672915,8.187303879228355E-5,0.029140346443974164,2.4007951495561055E-5,0.007229592164166573,3.1420086653183876E-5,0.009176953360910917,9.600038070737393E-5],[0.004292201898151724,0.006091686374898275,0.00460436701226119,1.0,0.033465309742715124,0.0022063986878510244,8.461054256475365E-4,0.006963195388395728,0.005378557440600942,0.007088487987921439,0.0020322204260707997,0.0031858479443450586,0.007741649166294261,0.002385531139345188,0.002092262991903631,0.006816050086239294,0.002956854309465209,0.002501076457227869,0.00664964282082669,0.0015199874089657835,0.005229929005127979,0.001091812462778397,0.012442465795400502,8.496323784201569E-4,0.0024844698656815876,0.006314792980737716,0.0031430895712288697,0.0018630258762305047,9.052147489037685E-4,0.0010566900090175373,0.0061509009926672365,0.03340579507837206,0.003151404958368717,0.006305305293550363,0.004302968616111187,0.002976004052227278,0.005453056283781696,5.748649353585033E-4,5.558710941407083E-4,0.007656901095299579,0.033752980215498704,0.0056309641508122885,0.0016011643112361497,0.007072894742390109,0.007083580625650722,0.0074233871005995235,0.002409509616300946,0.0011489255996072257,0.003911075293734146,0.0020107278273091005,0.005291839647947868,0.005349885409968088,0.03831355204305331,0.0073903695737083915,0.022268289888419696,0.007419806847631338,0.00941564228399554,0.003824698028175059,0.011963507126729328,0.006342927087820518],[0.018729860541602864,0.030671537013223973,0.03848291356684935,0.033465309742715124,1.0,0.009777744277408448,0.07534204077016328,0.009504796302170944,0.03812649660727307,0.01034857663497059,0.009663798706109086,0.018239306313661906,0.020885771359765697,0.05326011111556592,0.06691405498979579,0.03202014782351289,0.06335480077698123,0.030711313968025244,0.0344506910820913,0.0013409466190909259,0.013366304360349525,0.04982499056954605,0.06371692878294492,0.009743821474202503,0.032692583877383365,0.06527231618637724,0.023206992949724975,0.029055947876874464,0.03601027315999569,0.0716632093655034,0.04575925587247559,0.07653903299010079,0.023573365112735643,0.007707791280015579,0.0037094711864098353,0.07118617277663596,0.0388890535167037,0.015749756446020037,0.04089764843835786,0.038622935730212485,0.05696201867701134,0.054764834147039365,0.029043785860687125,0.04028517238400451,0.006852002932247927,0.06549086145798223,0.03152008883618626,0.0062915908860283086,0.028339487750957394,0.04955885690559641,0.016933356722466708,0.009258664463558098,0.06068330562123094,0.05543015204407829,0.0699141292927068,0.016422813073978887,0.020831282475028644,0.04510706179541879,0.07364290545957698,0.058954501382785754],[9.97737753422294E-4,9.654632792148391E-4,0.001199333552442931,0.0022063986878510244,0.009777744277408448,1.0,3.2289730695349034E-4,0.0010607453234419398,0.0013443070578055046,0.0011169232936367398,7.032906673222709E-4,2.1835757641137802E-4,0.0014958349633011846,0.0012005626164909012,5.659107117683692E-4,0.0015167007247667188,3.806136000712657E-4,0.0011167189142950705,2.3919326770249053E-4,8.062589514467887E-4,1.7442270019016917E-4,8.823748230728E-4,0.02652279387347269,4.745640795351863E-4,7.675317780858913E-4,5.050049330289049E-4,5.45603791267546E-4,0.0013073272964984452,2.3865700943477157E-4,7.023667177471192E-4,0.0012150117840125096,0.0597315056606617,0.0019941444906968015,0.0025120386465709503,0.0015730226501855268,8.548089755884109E-4,2.64219306141914E-4,3.531728786368342E-4,0.00122853862513561,0.0011740184452746884,0.03498116073900939,8.971630796549021E-4,4.0863150491314765E-4,4.570749311327189E-4,9.762142418733015E-4,0.002797186071826098,5.942800091676976E-4,3.5951725477711944E-4,0.001071250971607226,0.0015873340303585383,0.0011071307056745177,0.001707108491514376,0.02632855149105852,4.440746304010914E-4,0.02451019689158566,2.118898896087137E-4,0.011367480178908557,3.805578308202824E-4,0.005892914058378393,9.86013271742391E-4],[3.070832799875275E-4,2.5223265726528145E-4,1.4530235049399007E-4,8.461054256475365E-4,0.07534204077016328,3.2289730695349034E-4,1.0,1.193246445421845E-4,5.825574244041641E-4,6.919059085984752E-5,2.4564315342677116E-4,2.1996258137607774E-4,7.212223410581756E-4,9.171796248323234E-4,2.959982288094996E-4,5.048572879325287E-4,2.3326774707614742E-4,4.534084143473559E-5,1.6380374451964487E-4,1.357486253545779E-4,1.043938975510958E-4,1.4198590665301418E-4,0.010489136186330262,2.2691003343930705E-4,2.210528778502665E-4,1.8937350762189274E-4,1.6578733741368323E-4,2.4048233445612776E-4,1.4830227927118761E-4,2.2286582620107388E-4,8.746632638144376E-4,0.015366461371370066,0.0012534941947064469,0.003732582263010058,5.722165232638339E-4,1.0606433949642371E-4,7.16929831881243E-5,1.505327363387978E-4,3.2049256968646935E-4,4.733209172346277E-4,0.04321957187374794,5.463240344118661E-4,2.5447745298621865E-4,1.4919246146381278E-4,1.820481105516906E-4,3.34205860528938E-4,1.5738946112297977E-4,1.7851300956973605E-4,7.038529721198988E-4,2.778478406834267E-4,1.9788423422640393E-4,8.137019298512095E-4,0.005906048742702251,1.6629688555307E-4,0.015655480617057474,1.926286059533569E-4,0.011298390901376357,1.994582472922301E-4,0.013738697641815005,1.7431200057259582E-4],[3.2106143079441965E-4,2.4022154139986216E-4,3.724253817110673E-5,0.006963195388395728,0.009504796302170944,0.0010607453234419398,1.193246445421845E-4,1.0,0.001319225154223329,8.627582660441687E-5,2.0877734566786518E-4,1.4632809898391897E-4,4.182757399854943E-4,0.0011523781617132909,2.1911075619004679E-4,7.115397639035566E-4,1.7556775246903474E-4,6.797912480341018E-5,1.126912280263487E-4,1.0566005639767355E-4,8.231812552009808E-5,1.2132274262964986E-4,0.023119743550466025,1.2142347285809814E-4,4.7404708016902636E-5,1.6045521387000167E-4,1.0528669765229349E-4,9.984659985104126E-4,1.159290782414911E-4,1.3294799121213945E-4,0.0010121416581190432,0.04143747549658,0.002051613280486085,3.66177379779036E-4,8.504347139589889E-4,6.044759153055643E-5,5.580952414653662E-5,1.0822305751301334E-4,1.8354607412234805E-4,4.544365151654265E-4,9.564138017471983E-4,2.233872142459668E-4,2.130519458763599E-4,1.1091599899653445E-4,9.583724760795637E-5,3.5351146834588024E-4,1.1246113037327593E-4,1.2907110742488862E-4,1.23134548245138E-4,0.0016953368040762192,1.2836139038806355E-4,9.476929876077611E-4,0.03313909873624296,1.370057327412566E-4,0.004542415618513778,4.261788886517504E-5,0.0024463921862103006,7.840046714925174E-5,0.00812285956743191,1.1134209773979519E-4],[0.0014196821271875823,4.741281613610494E-4,1.379503966206892E-4,0.005378557440600942,0.03812649660727307,0.0013443070578055046,5.825574244041641E-4,0.001319225154223329,1.0,6.235619234171283E-5,0.0011118386924318176,1.67170679764922E-4,0.0027474308727553254,0.0016067447424589496,6.20153708409715E-4,0.0022439194460212052,5.145276774210716E-4,4.282088775723188E-4,5.89035072932616E-4,0.001449875875185224,9.115020464096216E-4,8.997970310266792E-4,0.016475249447098533,7.109722328525484E-4,5.414713710055716E-4,3.2819200164348737E-4,0.0016009075970894824,0.0017401439841181242,0.0011734911543168484,0.0014894123102643711,0.0011916858542529649,0.01843891188621893,0.001776723196866404,0.002891837883004852,0.002187536272680385,8.198248492423822E-4,6.162178970997438E-4,0.0011031851518403983,0.001324412709589413,7.23019549228956E-4,0.042607967105750134,8.95620714704986E-4,0.0011036432858899164,0.001704786147139625,8.965423239363888E-5,0.0033386961025360495,3.096721927247243E-4,6.146867144319695E-4,0.0014989549886145455,0.0017766174177279168,0.0015884963572298607,0.0017967679154053313,0.01139184566708385,0.0017036542616916048,0.009524386038478551,0.001317246968927643,0.00878964842546801,5.55446793994253E-4,0.005778287860665761,0.0015008936560383347],[3.404954903366611E-4,1.3125406506684156E-4,2.8343293477936654E-5,0.007088487987921439,0.01034857663497059,0.0011169232936367398,6.919059085984752E-5,8.627582660441687E-5,6.235619234171283E-5,1.0,1.193800952609056E-4,8.222081602489368E-5,1.7923791891734034E-4,1.1135228165866547E-4,2.726933453733456E-4,0.001993233733467533,1.750443934340104E-4,2.7301808608975647E-5,6.614949255178264E-5,7.322739724338037E-5,2.397377571787264E-5,1.1838171979574776E-4,0.02139660474953549,3.862738100411925E-5,1.4514802373832983E-5,1.53685618524132E-4,4.374254572805367E-5,4.882080077761674E-4,7.301910086460145E-5,1.7109386932694188E-4,0.0010180276596893573,0.003697712551270711,5.620880420249034E-4,0.0016186904566967608,0.0011607024602670094,1.428804484933233E-5,2.6345826026856127E-5,8.740707669747424E-5,1.766601102047554E-4,2.663296651166054E-4,0.00866385594587743,7.876982741052256E-5,1.5614461443605595E-4,9.727615316785651E-5,1.1307854914886244E-5,0.0018179666445462298,6.400819302684935E-5,1.2932868621682805E-4,5.156736742433026E-4,0.0011656569555269396,1.4759163920959428E-4,0.0012874960109257156,0.020766657943350305,1.2509981803306302E-4,0.020900413665358858,1.4791047191933857E-5,9.522652443370497E-5,3.994961192452761E-5,0.014796329507561906,3.441333601580761E-5],[2.980683219246192E-4,2.491326311377274E-4,2.3685738791117187E-4,0.0020322204260707997,0.009663798706109086,7.032906673222709E-4,2.4564315342677116E-4,2.0877734566786518E-4,0.0011118386924318176,1.193800952609056E-4,1.0,1.5903186979167533E-4,0.0010814548674269206,0.0010632164969298444,2.5718091234600964E-4,4.6980681431851824E-4,2.42756829396956E-4,1.8826355068660402E-4,1.3861850153838718E-4,1.973110400575264E-4,1.0250211454298208E-4,1.9304431570876937E-4,0.022645719808610628,1.475601373894548E-4,1.5759082092270355E-4,1.9683204728061654E-4,1.0244401821679518E-4,5.274303913541077E-4,1.8755498502754075E-4,2.234469037069914E-4,7.819253011094107E-4,0.053023920779280136,0.001604091461225541,5.988909516984317E-4,4.376297169898835E-4,1.6809851373153717E-4,1.5317682222521498E-4,1.6121628274626243E-4,2.6641783118729404E-4,4.211033235788653E-4,0.003553926627287109,4.7273144001528137E-4,2.527046322128841E-4,1.8375101917051753E-4,1.3668855602878938E-4,6.092244454652776E-4,2.2558453746988164E-4,2.334709432687257E-4,5.006203019281923E-4,0.0011229693160951645,2.446861169315065E-4,0.0023597082633977054,0.05009322284138697,2.439926816440672E-4,0.021205374978606688,1.227842668215355E-4,0.0031666076270336512,1.1519776145449084E-4,0.018603130920948924,2.0068936897270747E-4],[2.4038240160352537E-4,2.3995410940847096E-4,6.063711769133908E-5,0.0031858479443450586,0.018239306313661906,2.1835757641137802E-4,2.1996258137607774E-4,1.4632809898391897E-4,1.67170679764922E-4,8.222081602489368E-5,1.5903186979167533E-4,1.0,8.726657730105992E-4,9.90175443560073E-4,2.1910052026450282E-4,8.005951122186284E-4,1.743516317754848E-4,3.3927224331347534E-5,1.4433775459185333E-4,9.419630131735283E-5,4.98668178817223E-5,1.439056430888829E-4,0.02936418284653468,1.501621230248238E-4,4.529471333750777E-5,1.7594902868322773E-4,8.59315128878449E-5,9.623974918121535E-4,1.4166804469759904E-4,1.9111110178302677E-4,5.827289452848482E-4,0.012204249205389314,0.001661433943359082,0.0017036949731908122,7.932614937378753E-4,9.971307468314195E-5,8.863311689424044E-5,1.2913495811788124E-4,1.902849112481298E-4,2.0312886899272236E-4,0.008550038989723948,3.222920951756333E-4,2.537089234154057E-4,1.3886392404442168E-4,1.483682450414774E-4,0.0025973940508544693,1.453375986393635E-4,1.6769833972517283E-4,3.2440914889091577E-4,0.0010607558858952702,1.714490894035643E-4,6.844877584622979E-4,0.032833937340682136,1.506805609803581E-4,0.018883738555532527,2.9843344515857823E-5,0.010803058212159626,1.227928795068631E-4,0.006658966487922436,1.3023102298246974E-4],[0.0016312098190133769,2.574461526029277E-4,0.0025008077254775195,0.007741649166294261,0.020885771359765697,0.0014958349633011846,7.212223410581756E-4,4.182757399854943E-4,0.0027474308727553254,1.7923791891734034E-4,0.0010814548674269206,8.726657730105992E-4,1.0,0.0017454727883747054,6.26782243034805E-4,0.003056097423742614,0.002439049641683765,0.0017500436441905826,0.0027704977998850347,5.571654921214793E-4,0.0027310899362336816,8.657711701853124E-4,0.02392866995939707,0.002679288394983365,0.001510665848857439,0.0026052916692383627,4.394377128346107E-4,0.002324332521653723,0.001154684369519416,0.0021660360108955623,0.002039890526816495,0.026173436201936507,0.0027662634424702862,0.0034744261697839318,0.002280469644164365,0.0021616438997864914,0.0014359332607174376,0.0028357882366762364,0.0015772376009209922,0.00252955185350292,0.02283410671798867,0.0015869122245767825,0.0017135135849931263,0.002418105881360767,0.001327562325071206,0.0031931596842345467,7.980982270592317E-4,0.002401639835145635,0.0015251633306221667,0.002147074650078927,0.0019936951281941686,0.0028012250383237167,0.02606828256249184,0.0025800022546911897,0.011133127494558586,0.0022862629690141305,0.007628370396177916,7.563725240921486E-4,0.011460859443833417,5.822852340475524E-4],[5.923485936998933E-4,5.044704401655526E-4,0.0010667200597946549,0.002385531139345188,0.05326011111556592,0.0012005626164909012,9.171796248323234E-4,0.0011523781617132909,0.0016067447424589496,1.1135228165866547E-4,0.0010632164969298444,9.90175443560073E-4,0.0017454727883747054,1.0,6.623226456926457E-4,0.002379025770043096,8.323806631234126E-4,8.432454869189551E-4,3.8352641576513307E-4,8.825264072594063E-4,0.0010881523525478676,6.96126681117751E-4,0.046984434906858996,0.001126909432008653,5.541980223006326E-4,9.764610457432749E-4,0.001016643690873789,0.0012898152916890717,8.721585717003731E-4,8.249285895855687E-4,0.0011921319110158458,0.008570391490994903,0.0016659013969455322,0.003451854314088505,0.0012384171720896998,0.0011209115818754777,0.001072499528562372,5.435964977153064E-4,4.2917740443727283E-4,7.456257068593362E-4,0.017504435933566202,0.0011966555857091258,5.850040946112455E-4,9.837365598802002E-4,4.802106911359305E-4,0.0012298608657341128,0.001007965561131433,1.901519323758555E-4,0.001113981255666957,0.001470711501563985,2.862103632257592E-4,0.0014703850788651569,0.04240000231519253,2.7104992161287807E-4,0.02252981127943002,2.695507459277871E-4,0.007319518946862954,4.2097422889622555E-4,0.00898398818634165,0.001094208204016338],[3.658784822313598E-4,3.0854569743494803E-4,3.105495179301517E-4,0.002092262991903631,0.06691405498979579,5.659107117683692E-4,2.959982288094996E-4,2.1911075619004679E-4,6.20153708409715E-4,2.726933453733456E-4,2.5718091234600964E-4,2.1910052026450282E-4,6.26782243034805E-4,6.623226456926457E-4,1.0,0.001564679438591789,2.2803155757712007E-4,6.156469437743539E-5,2.798502892905183E-4,1.0626515235757157E-4,2.5371728758341084E-4,1.6151681396985617E-4,0.023613663177724384,3.207430751198993E-4,5.4376340811727136E-5,2.879395261771679E-4,1.2069379818671539E-4,3.766837479667267E-4,1.957425675128516E-4,2.4279662080768966E-4,7.121048168374354E-4,0.05856649355191809,5.238543881539342E-4,0.0033539311883484593,0.001168022410084182,1.9163134794799767E-4,1.999919679879812E-4,1.8283931592986074E-4,3.2505367824610794E-4,4.0458988955770144E-4,0.0016604883546180438,6.232276958214608E-4,3.100655889291886E-4,2.3710176543481398E-4,1.4328592340041635E-4,0.0033105618155382854,1.3978211478306518E-4,3.0858199651362676E-4,5.546758958509112E-4,9.871019435019545E-4,2.3750134542986268E-4,0.00250274771437713,0.008857073934943732,3.1056245603496187E-4,0.023272275059851726,2.653278052589786E-4,0.002866851597924364,1.1453104531470673E-4,0.016558683582828276,2.2787962169777717E-4],[0.0030794278336278825,3.4818829845422426E-4,0.0011348965269303017,0.006816050086239294,0.03202014782351289,0.0015167007247667188,5.048572879325287E-4,7.115397639035566E-4,0.0022439194460212052,0.001993233733467533,4.6980681431851824E-4,8.005951122186284E-4,0.003056097423742614,0.002379025770043096,0.001564679438591789,1.0,5.580124337846721E-4,3.878370077467127E-4,0.0011108460703398533,9.570274929158243E-4,3.3783406645392024E-4,0.002864100920795104,0.015601213672271078,0.0016314605768980059,6.783033794893746E-4,0.001030046223817757,0.002060108733614831,0.0020501799752540998,0.001910963403751033,0.0011780888551775556,0.002207754889126749,0.018603125750546196,0.0030070424039646756,0.003280404191298897,0.002688566379192438,3.635217263180409E-4,0.0028390320447881593,8.925108172542877E-4,0.0022222699729888937,0.0014226851814998775,0.013404016139220223,0.0021953318848745634,0.002030640140846058,0.00147445932894262,0.0013997336156556417,0.0032727032052140125,0.0024059849997044415,0.0030908812306862194,0.0028900998961074254,0.0026742084891591975,0.0024692873919037175,0.0031379307430102806,0.04440763190220061,0.0020479025941764484,0.025945518833522342,0.002459933143301725,0.007252048982368848,0.0018974210896177592,0.01834317913182301,8.724760447164247E-4],[3.2663222186798317E-4,2.267728878248969E-4,1.0533629525020907E-4,0.002956854309465209,0.06335480077698123,3.806136000712657E-4,2.3326774707614742E-4,1.7556775246903474E-4,5.145276774210716E-4,1.750443934340104E-4,2.42756829396956E-4,1.743516317754848E-4,0.002439049641683765,8.323806631234126E-4,2.2803155757712007E-4,5.580124337846721E-4,1.0,9.785463955295874E-5,1.4741025705273725E-4,1.585755274805917E-4,1.1270722708830343E-4,1.4838067811520248E-4,0.0185784895492278,1.478514336300494E-4,9.669458838231305E-5,1.968551465234575E-4,1.9128293425214594E-4,7.986808525576618E-4,1.601584538834198E-4,1.9789740794114543E-4,0.0010571432169610166,0.049744610571038426,3.8184048303850486E-4,0.0028573113807909703,0.0020594104413020164,1.5878192306589264E-4,1.0889542957501161E-4,1.7377583484644272E-4,2.345576223621495E-4,4.3529861434059134E-4,0.014091853221696555,6.244661324404015E-4,2.495964839918969E-4,1.1542710998453254E-4,1.1348805549567801E-4,2.1150734449367165E-4,1.7171749594419706E-4,1.901398462299644E-4,4.538743343760527E-4,7.198936432678307E-4,1.9056127406796053E-4,2.8964524237925463E-4,0.05396147884843886,1.8568662450397356E-4,0.004189379877779925,5.798402912940355E-5,0.0031669560049015395,1.1941475177207076E-4,0.010828009197364392,1.576231261174123E-4],[3.872882887836145E-5,2.550466109815485E-4,2.479426092060657E-5,0.002501076457227869,0.030711313968025244,0.0011167189142950705,4.534084143473559E-5,6.797912480341018E-5,4.282088775723188E-4,2.7301808608975647E-5,1.8826355068660402E-4,3.3927224331347534E-5,0.0017500436441905826,8.432454869189551E-4,6.156469437743539E-5,3.878370077467127E-4,9.785463955295874E-5,1.0,5.9927567828930215E-5,6.0517268449624634E-5,1.2405224326528867E-5,1.1653973267088108E-4,0.016648002106942533,5.670918994708081E-5,1.9635897753124947E-5,4.186379506667651E-5,4.5008819317172484E-5,0.0012635870660122786,4.846263555128849E-5,1.4603384211250847E-4,4.862729846322961E-4,0.00169088152334486,0.0017148939690137387,0.0027692280733750203,0.0013523458246255961,1.717138886814497E-5,2.0754286013993114E-5,2.8012655984691716E-5,1.9966046093047854E-4,1.5171475223052817E-4,0.03718318697139752,5.993207697256501E-4,7.141852350331493E-5,1.0562902015383616E-4,2.071501224229599E-5,0.0030406111491939054,7.991511561984357E-5,6.817504596059144E-5,4.236826701739394E-4,0.0015458120260578435,6.767443640041929E-5,0.0022727920477458555,0.013931718955638306,1.482895578677496E-4,0.01548679049917909,1.684462966954254E-5,0.007507019152197038,3.0346319148889832E-5,0.0038880043367414486,4.708737613811663E-5],[3.1847339211284176E-4,1.086596795184296E-4,5.647290887644181E-5,0.00664964282082669,0.0344506910820913,2.3919326770249053E-4,1.6380374451964487E-4,1.126912280263487E-4,5.89035072932616E-4,6.614949255178264E-5,1.3861850153838718E-4,1.4433775459185333E-4,0.0027704977998850347,3.8352641576513307E-4,2.798502892905183E-4,0.0011108460703398533,1.4741025705273725E-4,5.9927567828930215E-5,1.0,9.678975484356115E-5,7.47343190418824E-5,1.2375264161775784E-4,0.049910758897238366,1.4589076553728924E-4,7.584209293878413E-5,1.6093304744218423E-4,8.15147057814434E-5,9.661606387343397E-4,1.0734577830926709E-4,1.5626923321102116E-4,8.853999366472393E-4,0.011917301959913952,0.001533634385887416,0.003402750801458947,0.001017372553580839,3.855670260533787E-5,7.956481769808657E-5,1.0453049592276232E-4,2.642207655033698E-4,3.6479642280342424E-4,0.0433536033660759,4.413149571796184E-4,1.6218814476525736E-4,1.0737051100552191E-4,6.362043544587444E-5,0.001995351259242495,1.0292137479740947E-4,1.5794974326512976E-4,0.0010067133510823605,0.001352331096141619,1.3452855356031474E-4,0.0024702752342293673,0.022681370628020538,1.1962532801261748E-4,0.006847180931104394,5.888547258382212E-5,0.008691317605837611,5.7865245459771475E-5,0.016376640522140076,1.0828513102192517E-4],[2.684284508418367E-4,1.7553802596421392E-4,7.181914163377411E-5,0.0015199874089657835,0.0013409466190909259,8.062589514467887E-4,1.357486253545779E-4,1.0566005639767355E-4,0.001449875875185224,7.322739724338037E-5,1.973110400575264E-4,9.419630131735283E-5,5.571654921214793E-4,8.825264072594063E-4,1.0626515235757157E-4,9.570274929158243E-4,1.585755274805917E-4,6.0517268449624634E-5,9.678975484356115E-5,1.0,7.208272265068061E-5,1.0796679899545349E-4,0.014092826422573866,1.2865182282048587E-4,5.77601050588177E-5,1.7522707148792937E-4,6.250221595557404E-5,6.92039653900922E-4,1.1730539782218758E-4,1.8768779796042112E-4,1.1969391814483477E-4,0.02612064782731968,5.927399243539353E-4,1.9224986836201903E-4,0.0011009207107789266,2.9256627808498617E-5,1.8548928788876114E-5,1.0035556316555179E-4,2.596393717335135E-4,3.6282646925333E-4,0.0011519517607689758,3.17039595451744E-4,2.278901225062294E-4,8.434747312936226E-5,7.781403510986654E-5,0.0023550981567359384,9.265302478458047E-5,1.0919245437962275E-4,3.4258784178026116E-4,7.755201356558802E-4,1.7011982740014253E-4,7.16576141094077E-4,0.008424110887294304,1.3921256374980584E-4,0.008864024425830236,5.166924044395896E-5,0.00763395670033344,6.780138156764705E-5,0.006302157176304705,9.555297730709561E-5],[3.5354770724293426E-4,1.746254754884848E-4,1.5519649804249503E-5,0.005229929005127979,0.013366304360349525,1.7442270019016917E-4,1.043938975510958E-4,8.231812552009808E-5,9.115020464096216E-4,2.397377571787264E-5,1.0250211454298208E-4,4.98668178817223E-5,0.0027310899362336816,0.0010881523525478676,2.5371728758341084E-4,3.3783406645392024E-4,1.1270722708830343E-4,1.2405224326528867E-5,7.47343190418824E-5,7.208272265068061E-5,1.0,3.131328531053916E-5,0.03169511660912736,5.767097888291421E-5,1.1524004388165627E-5,3.580203887832897E-5,2.33846503815962E-5,0.00120197981450107,8.150505625201871E-5,2.665496999004693E-5,3.3825669188507587E-4,0.03056412546634578,0.0015437834076884142,7.98957800102466E-4,1.1816177867969342E-4,1.1496265001860692E-5,1.701911501063861E-5,5.5017209685908494E-5,8.542885335888538E-5,7.838988965355578E-5,0.023969876812108836,4.625197179163511E-4,1.4413724375576925E-4,4.7713409720535686E-5,1.0618103557413469E-5,0.002983228210498048,7.31697998521175E-5,3.0471646821059096E-5,3.1200550919416596E-4,8.100845356324592E-4,2.715182910284993E-5,3.380638929625911E-4,0.04990184703309148,4.942541363850427E-5,0.002286521204640983,1.1189366406579198E-5,0.0032642509606473826,1.809341459001432E-5,0.01089343911474054,1.3057454982287391E-5],[3.4278230365739835E-4,2.3508988601626276E-4,9.84704805389771E-5,0.001091812462778397,0.04982499056954605,8.823748230728E-4,1.4198590665301418E-4,1.2132274262964986E-4,8.997970310266792E-4,1.1838171979574776E-4,1.9304431570876937E-4,1.439056430888829E-4,8.657711701853124E-4,6.96126681117751E-4,1.6151681396985617E-4,0.002864100920795104,1.4838067811520248E-4,1.1653973267088108E-4,1.2375264161775784E-4,1.0796679899545349E-4,3.131328531053916E-5,1.0,0.04980885490798041,1.3893723468872343E-4,2.9063425985735912E-5,1.3486069881809434E-4,6.013254499995699E-5,7.795606481838617E-4,1.2542052368717154E-4,1.2981651370672903E-4,1.917835409784742E-4,0.017273898271886738,9.076437753670317E-4,0.0032063479176666406,0.0020842338584232054,4.9869276675146E-5,2.6511723353405546E-5,1.2588994851662528E-4,2.4384836456998993E-4,1.4791688023321412E-4,0.040363340653069985,2.952061902469987E-4,1.9258648718593067E-4,1.1443263255531815E-4,1.4540199101547889E-5,0.0017062932958552884,1.1149000091024602E-4,1.3177670253510933E-4,8.001224399644055E-4,0.0013010479476871918,1.7722644236788934E-4,0.0023922723581750295,0.009683171302938045,1.329498022665426E-4,0.0122504443359485,8.279881212341038E-5,0.004251760850672458,6.616661893736978E-5,0.01645243411397745,1.1253039095411177E-4],[0.04771408431896725,0.036812035718365735,0.03495860577897224,0.012442465795400502,0.06371692878294492,0.02652279387347269,0.010489136186330262,0.023119743550466025,0.016475249447098533,0.02139660474953549,0.022645719808610628,0.02936418284653468,0.02392866995939707,0.046984434906858996,0.023613663177724384,0.015601213672271078,0.0185784895492278,0.016648002106942533,0.049910758897238366,0.014092826422573866,0.03169511660912736,0.04980885490798041,1.0,0.02951137888864865,0.040983695590246096,0.041052190271387845,0.033229091672792095,0.004575978076597871,0.03129730940679782,0.03810289329084445,0.034834307201744845,0.06087175191549613,0.040627404826568465,0.005208521351025678,0.005435752599633243,0.012770839738378434,0.009006247414833416,0.02669218928376518,0.015877845093658454,0.03647220336032773,0.04719105908013134,0.008757333779070866,0.021797889493979955,0.03662466752121627,0.02849005914037493,0.04557558102195921,0.004459283833379931,0.010749837941250097,0.03859504509604654,0.03840625813688988,0.03215165632008634,0.03594649125409959,0.05417813664108595,0.008309240133447639,0.04143378093497488,0.007716910975374114,0.04842803859049938,0.017598680045612793,0.033404407222282294,0.007100928381726601],[2.7678934958924183E-4,1.638047872363807E-4,1.1752261270354352E-4,8.496323784201569E-4,0.009743821474202503,4.745640795351863E-4,2.2691003343930705E-4,1.2142347285809814E-4,7.109722328525484E-4,3.862738100411925E-5,1.475601373894548E-4,1.501621230248238E-4,0.002679288394983365,0.001126909432008653,3.207430751198993E-4,0.0016314605768980059,1.478514336300494E-4,5.670918994708081E-5,1.4589076553728924E-4,1.2865182282048587E-4,5.767097888291421E-5,1.3893723468872343E-4,0.02951137888864865,1.0,4.970841644281523E-5,1.6750495462441659E-4,1.2283726403333306E-4,0.0010021920356114626,1.3714888010713395E-4,2.0129665616669312E-4,0.0011114900028944196,0.032395819256921844,0.0014417759798720721,0.0031031190073182464,0.0018319687986272266,1.8485766209714186E-5,9.086951346913227E-5,1.3631491315616568E-4,1.8879295790358863E-4,2.1500787532727602E-4,0.02590658538233779,2.7720638588639326E-4,1.8051448331462522E-4,1.4098641436682084E-4,2.5390865734162045E-5,7.031026991528687E-4,1.0960645399251952E-4,1.7420355921543578E-4,6.342731320083117E-4,0.0010941126071423387,1.6885301638373953E-4,0.0021269547564890996,0.023959259098210867,1.4961817515390878E-4,0.013428394062487282,5.1283676591529226E-5,0.0054432155669018635,1.3130538426121382E-4,0.01247158709613049,1.2556776942207603E-4],[3.1795234814167763E-4,1.281567731480607E-4,2.0922487992471018E-5,0.0024844698656815876,0.032692583877383365,7.675317780858913E-4,2.210528778502665E-4,4.7404708016902636E-5,5.414713710055716E-4,1.4514802373832983E-5,1.5759082092270355E-4,4.529471333750777E-5,0.001510665848857439,5.541980223006326E-4,5.4376340811727136E-5,6.783033794893746E-4,9.669458838231305E-5,1.9635897753124947E-5,7.584209293878413E-5,5.77601050588177E-5,1.1524004388165627E-5,2.9063425985735912E-5,0.040983695590246096,4.970841644281523E-5,1.0,1.7199769980871803E-5,2.9047763488776617E-5,2.0740600838447E-4,1.237761893200692E-4,8.126307491846612E-5,2.544217091211718E-5,0.005626333773620862,0.0017497964044130231,6.629441117840492E-4,7.008657360170448E-4,1.354318308559831E-5,1.4411230652082648E-5,9.921817418405357E-5,2.899209109012728E-4,3.0215447957937676E-4,0.028016877108928022,5.490739181217413E-4,1.9377502071092303E-4,6.824479624121902E-5,1.1284938524109061E-5,3.145602495316433E-4,7.173765568733416E-5,1.7626982690912914E-4,5.131710498515564E-4,0.001149310176066094,2.5840836436771892E-5,0.001248983589178929,0.05414499492367578,1.4586724023074122E-4,0.004939118737451735,1.209937631822403E-5,0.002386433763658517,4.9949599187575633E-5,0.0020016089662553424,4.794425649970754E-5],[2.2956613965475727E-4,2.180384851255833E-4,7.086488403109826E-5,0.006314792980737716,0.06527231618637724,5.050049330289049E-4,1.8937350762189274E-4,1.6045521387000167E-4,3.2819200164348737E-4,1.53685618524132E-4,1.9683204728061654E-4,1.7594902868322773E-4,0.0026052916692383627,9.764610457432749E-4,2.879395261771679E-4,0.001030046223817757,1.968551465234575E-4,4.186379506667651E-5,1.6093304744218423E-4,1.7522707148792937E-4,3.580203887832897E-5,1.3486069881809434E-4,0.041052190271387845,1.6750495462441659E-4,1.7199769980871803E-5,1.0,1.7855148940588286E-4,0.001031180935196993,1.6358383009586167E-4,1.9296962599971954E-4,0.0010982010843031595,0.03007409206060525,0.001993683594823414,0.0035642218273665366,9.157096195323303E-4,3.080653331727869E-5,1.2116469127235829E-4,1.5616858669587562E-4,1.9529568289992184E-4,2.6559321209249656E-4,0.016220183890289445,6.621013501697385E-4,2.5824326166377676E-4,1.1134426949193077E-4,3.279738644902998E-5,4.0144130305764527E-4,1.32126316256287E-4,1.7914988452823638E-4,4.819773820499405E-4,6.422192346208086E-4,1.8240628096095188E-4,4.598002426392043E-4,0.023607832647432266,1.5815808598799893E-4,0.005992817561339367,1.742303055112219E-4,0.006429358809996685,1.534319919216075E-4,0.011426544354873763,1.68172975407897E-4],[6.016545903567776E-5,5.343065743711428E-5,4.729129889865652E-5,0.0031430895712288697,0.023206992949724975,5.45603791267546E-4,1.6578733741368323E-4,1.0528669765229349E-4,0.0016009075970894824,4.374254572805367E-5,1.0244401821679518E-4,8.59315128878449E-5,4.394377128346107E-4,0.001016643690873789,1.2069379818671539E-4,0.002060108733614831,1.9128293425214594E-4,4.5008819317172484E-5,8.15147057814434E-5,6.250221595557404E-5,2.33846503815962E-5,6.013254499995699E-5,0.033229091672792095,1.2283726403333306E-4,2.9047763488776617E-5,1.7855148940588286E-4,1.0,9.189728038703045E-5,1.0315145836775738E-4,6.696808222553653E-5,8.620449227867219E-5,0.020066270908503898,0.0015989705194648606,7.686737374196052E-4,0.0010821095998238513,3.1815850245710426E-5,4.374785325653112E-5,5.286766053209403E-5,2.985561036220589E-4,1.1251251179290124E-4,0.028166117910765485,3.5456210265490026E-4,2.489953926509694E-4,8.59537275332333E-5,3.698071819541771E-5,0.0033843891063881663,4.7946894766591614E-5,1.5404245705873451E-4,7.140627854410785E-5,9.051130883617021E-4,1.296058940022619E-4,8.488408034954954E-4,0.050683566761353965,6.592995304467304E-5,0.024889120260592368,3.457409728365905E-5,0.004916499485402931,5.129919570372959E-5,0.01831790177176408,6.43536004785833E-5],[0.0013412190048919677,0.0011263508933090727,5.02234873965322E-4,0.0018630258762305047,0.029055947876874464,0.0013073272964984452,2.4048233445612776E-4,9.984659985104126E-4,0.0017401439841181242,4.882080077761674E-4,5.274303913541077E-4,9.623974918121535E-4,0.002324332521653723,0.0012898152916890717,3.766837479667267E-4,0.0020501799752540998,7.986808525576618E-4,0.0012635870660122786,9.661606387343397E-4,6.92039653900922E-4,0.00120197981450107,7.795606481838617E-4,0.004575978076597871,0.0010021920356114626,2.0740600838447E-4,0.001031180935196993,9.189728038703045E-5,1.0,2.7524171155372096E-4,8.607178041212724E-4,0.0012040181456272666,0.03156875043847179,0.001773559200473083,0.003269628398689987,0.0016313546184612928,9.133388714794199E-4,5.0908943230741E-5,2.160285532370393E-4,9.576426185366972E-4,0.0010070232796285242,0.026088809515957122,0.0011274680508012464,4.452833663008816E-4,1.689510375419036E-4,8.669909975927172E-4,0.0029575218361268443,1.5583049946469145E-4,4.197762052471313E-4,0.0013198234077298557,0.0017140326741859366,8.002330208612529E-4,0.001597640844590108,0.02404783915161721,9.836147840819574E-4,0.007066588371267688,0.0010963112920458215,0.010520958307687706,1.557603814019625E-4,0.015570162497028982,9.260525548475766E-4],[2.839846390003567E-4,2.564688877149526E-4,1.0306913071597892E-4,9.052147489037685E-4,0.03601027315999569,2.3865700943477157E-4,1.4830227927118761E-4,1.159290782414911E-4,0.0011734911543168484,7.301910086460145E-5,1.8755498502754075E-4,1.4166804469759904E-4,0.001154684369519416,8.721585717003731E-4,1.957425675128516E-4,0.001910963403751033,1.601584538834198E-4,4.846263555128849E-5,1.0734577830926709E-4,1.1730539782218758E-4,8.150505625201871E-5,1.2542052368717154E-4,0.03129730940679782,1.3714888010713395E-4,1.237761893200692E-4,1.6358383009586167E-4,1.0315145836775738E-4,2.7524171155372096E-4,1.0,1.7119660466028764E-4,5.256756406705966E-4,0.044180362141329095,3.620104655375809E-4,0.001462105167244506,5.898649436849859E-4,9.091021133299876E-5,1.1309122446188956E-4,1.227726536307231E-4,1.3569067188632012E-4,2.25420485955758E-4,0.016787203104635134,2.3820139473992782E-4,2.46829115046103E-4,1.103800650842652E-4,1.226111151454274E-4,5.703090104760565E-4,1.1992630865226777E-4,1.607344446526705E-4,7.135060844027121E-4,0.0011494044555836473,1.410086020470297E-4,0.0010519585724388394,2.22328785382205E-4,1.4289677939482024E-4,0.007866121721337526,1.7831702872415007E-5,0.00901669249494584,6.732419828043003E-5,0.0088528436338553,1.2067265563880141E-4],[3.1071783976190965E-4,2.2947233089276196E-4,4.352809920428203E-5,0.0010566900090175373,0.0716632093655034,7.023667177471192E-4,2.2286582620107388E-4,1.3294799121213945E-4,0.0014894123102643711,1.7109386932694188E-4,2.234469037069914E-4,1.9111110178302677E-4,0.0021660360108955623,8.249285895855687E-4,2.4279662080768966E-4,0.0011780888551775556,1.9789740794114543E-4,1.4603384211250847E-4,1.5626923321102116E-4,1.8768779796042112E-4,2.665496999004693E-5,1.2981651370672903E-4,0.03810289329084445,2.0129665616669312E-4,8.126307491846612E-5,1.9296962599971954E-4,6.696808222553653E-5,8.607178041212724E-4,1.7119660466028764E-4,1.0,4.0990288389394937E-4,0.008188891792978792,0.0013506647606033929,0.0021222326483350627,0.0017864919678116733,1.2675651297341467E-4,1.582346651527025E-4,1.1371732247861957E-4,2.298724039648054E-4,3.1795027285443176E-4,0.001476141807381983,6.001093479203268E-4,2.352818667897633E-4,1.530342296753269E-4,4.626296133892577E-5,0.0015739530498137299,1.4706022014403898E-4,1.8879470265616838E-4,8.101241863744941E-4,0.0017274377925379672,1.902756863853523E-4,8.261343502513265E-4,0.022883358216739355,2.0407728306713477E-4,0.021728344719953063,1.67213359653398E-4,0.001451096779990537,2.0739129032256313E-4,0.016845608844756527,1.1235089213630065E-4],[4.3026338384221643E-4,4.15668768309492E-4,4.927933853386328E-4,0.0061509009926672365,0.04575925587247559,0.0012150117840125096,8.746632638144376E-4,0.0010121416581190432,0.0011916858542529649,0.0010180276596893573,7.819253011094107E-4,5.827289452848482E-4,0.002039890526816495,0.0011921319110158458,7.121048168374354E-4,0.002207754889126749,0.0010571432169610166,4.862729846322961E-4,8.853999366472393E-4,1.1969391814483477E-4,3.3825669188507587E-4,1.917835409784742E-4,0.034834307201744845,0.0011114900028944196,2.544217091211718E-5,0.0010982010843031595,8.620449227867219E-5,0.0012040181456272666,5.256756406705966E-4,4.0990288389394937E-4,1.0,0.0424124800946232,0.0014586093223188236,0.002810520380654776,0.0016800130503304288,1.9648265860426376E-4,0.0011421187735990005,7.788612216574693E-4,4.039840987448178E-4,5.867697534331345E-4,0.03508066974237583,0.001053640577343814,8.592216757768446E-4,9.003339588962077E-4,3.6539934731810687E-4,0.003236280867976369,0.0011105590734212525,0.0010704604153227498,0.0010343200003571798,0.0016203750147254102,5.601976849310158E-4,0.0013710328071005822,0.04091483429234462,2.6679353963973603E-4,0.026628426245296054,7.001016544991905E-4,0.005568890937925368,9.24702423530685E-4,0.009480504873607383,9.016677233022915E-4],[0.018413787923092766,0.028311547191373014,0.016693756297884887,0.03340579507837206,0.07653903299010079,0.0597315056606617,0.015366461371370066,0.04143747549658,0.01843891188621893,0.003697712551270711,0.053023920779280136,0.012204249205389314,0.026173436201936507,0.008570391490994903,0.05856649355191809,0.018603125750546196,0.049744610571038426,0.00169088152334486,0.011917301959913952,0.02612064782731968,0.03056412546634578,0.017273898271886738,0.06087175191549613,0.032395819256921844,0.005626333773620862,0.03007409206060525,0.020066270908503898,0.03156875043847179,0.044180362141329095,0.008188891792978792,0.0424124800946232,1.0,0.019312455587912013,0.05856172077371572,0.06095049653446548,0.020467239407002024,0.01694048426033357,0.019211516243174645,6.39595934661989E-4,0.018223274541607576,0.062021985918092895,0.017045991369513604,0.05909570547731139,0.03378469522593945,0.05883254277205118,0.015141579758924962,0.05