[[1.0,0.009436788889374709,0.0015057951725808419,4.7970478243557126E-4,0.005861017328015117,3.4094470088150776E-4,0.0012480625533985677,0.0010292337410914387,9.526915068566064E-4,3.687731315084579E-4,0.0010524154009454224,2.721730721205885E-4,0.0014247752256409145,9.877733797278333E-4,0.0011801901271460858,0.0058109675227220395,5.441376220611576E-4,5.845435191501617E-4,0.0014421978694292659,0.004670668716436388,0.0037429980828784385,2.987654575835646E-4,8.58268287434624E-4,0.0010047375619106286,1.647712796609612E-4,0.012414648749952814,0.04121269046660326,3.37532804632737E-4,0.005557648919749204,0.0020900093449429833,0.0013371033225152533,0.0026147565735891182,8.559200847264559E-4,4.467021087619479E-4,3.090182098161661E-4,0.0030419794101594656,0.002783737830421097,0.0028994366167459356,0.001872215682980502,0.0012178012365858348,0.005913889695145164,0.00451593558836855,0.002500025547792329,0.040230327308734916,9.747285586345299E-4,0.0013850421195591492,1.984940807101848E-4,5.299898801524689E-4,4.707595323574726E-4,0.001044006063663861,0.0011257965207999675,0.001644065700355421],[0.009436788889374709,1.0,0.0027121111163339274,0.005541796197050758,0.012689337962853684,0.009676904759838272,0.00603276909497503,0.01004236750760587,0.002406887399504538,0.004474640001212911,0.005199073953592601,0.011584967071978106,0.009877642686791872,0.0011619343646642741,0.00389250750088103,0.012790853003239764,0.012000221446912453,0.010298724886752793,0.001785959248034033,0.009141205241901783,0.005464302961338131,0.009821455321983539,0.006423794983320085,0.010193836843177699,0.01067380523525138,0.019681520200238084,0.031425057344668036,0.005044692362368657,0.011802833788950416,0.004110445529590489,0.009084264842907433,0.00861909402420127,0.0032969324830473775,0.012362702754015353,0.010771702288740316,0.015041127488152955,0.020274493737932355,0.004726488970560857,0.012120064177491438,0.007522386471869726,0.01617897516257015,0.011265155732677206,0.01184027280016954,0.043699743918910766,0.007197631985620638,0.004490196556143526,0.010560429028587108,0.01259833829421692,0.01232978366449508,0.0012151736237486646,0.0011174809879309017,0.012057982129410984],[0.0015057951725808419,0.0027121111163339274,1.0,8.780141302973928E-4,0.010837364651306422,0.001199228818528912,0.0018093676600839529,0.001554279366095058,0.0013282665640830275,5.887727787631308E-4,0.0016408100932962363,0.001408270794810652,0.0021144834386607513,5.06164472390729E-4,0.0014123879993502314,0.007863496035638053,0.002022003848392969,0.0019662107151269355,0.0019273145451261795,0.0031122779779449205,0.0023419997620241356,0.0016301738094869965,0.001756029486259506,0.0019166220361262318,7.661590904354593E-4,0.01741388855979155,0.014413559786363607,4.3269462463088474E-4,0.009532311238266214,0.0023956886025048667,0.0016669974463143706,0.002296889760424909,0.001461046323726485,6.625419373836815E-4,4.100137635494767E-4,0.009236636510002278,0.0032823718988948493,0.0030056172570895813,0.002125834327272408,0.001554176442238551,0.012052425873912276,0.003473318265852181,0.0024390180019389536,0.055527616848283924,7.344365423639231E-4,0.001685260585262946,0.001009274713244176,7.476598697166825E-4,3.4772096957113E-4,7.882712592249626E-4,0.0013235047000870685,0.0020588936653198344],[4.7970478243557126E-4,0.005541796197050758,8.780141302973928E-4,1.0,0.004720540070506074,5.606843054097549E-5,5.023452046018791E-4,1.1949410667742678E-4,3.078229252698091E-4,1.307749131853788E-4,5.968579469449418E-5,4.0529563432801565E-5,0.0016441812863955895,9.228527693449282E-5,0.0011142520631608837,0.008457021181381044,1.0879556500121898E-5,2.0739940066114947E-5,0.0015704962030760347,0.003688767761942471,0.003289282097808237,8.989573908598739E-5,1.0616691560202121E-5,1.1991054117616193E-5,6.504407302238027E-5,0.011367533927432689,0.04208651248683997,9.290225749983967E-5,0.010068154020295452,0.002080259671441838,1.1209006129997511E-5,0.003318028239203038,1.321558036915036E-4,5.160747435647426E-5,2.9641169442435637E-5,0.004658881317599429,0.005010253744904258,0.002577459716389776,0.0010657028682098336,1.7955902250799523E-4,0.012035110852272107,0.00420962654009902,0.0014792293869048854,0.00791462079822707,1.7459841210194988E-4,0.0010618186154919946,1.0604855554623836E-4,1.3556456044003498E-4,1.969537908577025E-5,3.392829065106647E-4,9.341459829237094E-5,8.367186270670315E-4],[0.005861017328015117,0.012689337962853684,0.010837364651306422,0.004720540070506074,1.0,0.011800849953296541,0.0015422873011579786,0.015335097063258751,0.011529844394475255,0.003920927748075416,0.006024273327992146,0.011561668003042478,0.015060175748128592,0.002100119898533572,0.012412389644019054,0.013160586017316511,0.012450087875076917,0.01331841123125583,0.007014970007860932,0.014662774599286449,0.008717795584468961,5.41224959648449E-4,0.007340285348293027,0.008989682285763693,2.999128711920591E-4,0.02504410228018082,0.03342411870936289,0.005618085767805061,0.012191548096391917,0.006659037824334453,0.004413672869392741,0.00642418002467251,0.0075044579055805255,2.9023712457809875E-4,0.004897739638621507,0.01553145826651794,0.02070639267126017,0.015160640717683296,0.012863844750351718,0.0032639070440487676,0.015808092737052606,0.008853780563494784,0.012302594220943725,0.06039192314067623,0.011881933076180719,0.014844943706967623,0.0019100343987409128,0.015015910153802296,0.009760470613533372,0.01154170923475426,0.004915027056670223,0.002330466509781757],[3.4094470088150776E-4,0.009676904759838272,0.001199228818528912,5.606843054097549E-5,0.011800849953296541,1.0,2.965705532984127E-4,1.2453194087962483E-4,3.353220083208545E-4,1.4761516397084057E-4,1.2667891938907789E-4,1.099763315961019E-4,0.0012347119376808534,2.169443906743986E-4,2.93425193399888E-4,0.006052275102868603,9.775284522711983E-5,1.5907141452033683E-4,6.638728630806561E-4,4.4525330314283364E-4,0.0011232301528545912,1.0725863818182422E-4,1.0796839757646606E-4,7.501035749969527E-5,1.1229900645876087E-4,0.02279391516847471,0.0258995842156325,1.0767918278087568E-4,0.008825719407770126,6.126992246688891E-4,1.1026494935857034E-4,0.002681167811863819,2.490072332628046E-4,1.7300681362250814E-4,1.051981306200259E-4,0.012722723378873658,0.01841285165551735,0.0018208843771953616,0.0015133465729270472,5.554870078965758E-4,0.002694955275433428,0.002820475009330175,0.0023193860776488232,0.061350245561826694,1.860733943641792E-4,7.933136552393516E-4,1.2158347258011097E-4,1.591113644193284E-4,8.57291337876181E-5,1.6601364980830242E-4,2.8190712486179616E-4,6.930581109255197E-4],[0.0012480625533985677,0.00603276909497503,0.0018093676600839529,5.023452046018791E-4,0.0015422873011579786,2.965705532984127E-4,1.0,9.791902320061183E-4,6.284005709097314E-4,8.350509846242802E-4,6.965278778059104E-4,5.305383222410466E-4,0.0018487240074606134,4.382744254907625E-4,0.001101492703736536,0.005084061361884674,9.92699872469521E-4,3.577751559898657E-4,0.0015786630620268074,0.0018600605629371773,0.002606132479080341,8.463907768226864E-4,4.599946569816487E-4,1.9237642882033521E-4,0.00101517232812264,0.02306276530575132,0.005815266337974575,3.1306344925898844E-4,0.008172331320816784,0.002121580387431512,7.654548934544055E-4,0.0020887950710905974,7.987871724175698E-4,4.044128093995233E-4,4.882693242417849E-4,0.013637973582863432,0.011864022325612478,0.0024083853532467555,0.0021056570763326524,0.0010975954008719108,0.002281257214867732,0.001839484788906638,0.0028079489592664738,0.04683450709908557,9.443783566640308E-4,0.001326253395480681,2.763164347203452E-4,4.185073522468704E-4,8.543025127758878E-4,7.386567824287209E-4,0.0010124430175542755,0.0016982959594196477],[0.0010292337410914387,0.01004236750760587,0.001554279366095058,1.1949410667742678E-4,0.015335097063258751,1.2453194087962483E-4,9.791902320061183E-4,1.0,3.069634699813073E-4,1.8720893707846714E-4,1.4920008596151898E-4,1.2915725199225947E-4,0.0013423798911133423,1.884864942765527E-4,3.2078867276644587E-4,0.0064712224080595284,1.2229929113939067E-4,1.4927581464543144E-4,2.8001299051258114E-4,0.0048805895130819375,0.0030499622378648817,1.2735425958939657E-4,7.708054001703763E-5,1.1714683940510854E-4,1.4152033688533274E-4,0.010312180986327392,0.05049056181970041,1.1652882586274379E-4,4.5640048056239124E-4,7.340250602959997E-4,1.40542114720363E-4,0.00277518464844933,3.1646351011441773E-4,1.4875790953338306E-4,1.0626929836313153E-4,0.0069230640768759,0.0010886032541044656,0.001979460516573206,1.8130049539470292E-4,4.4930613443771054E-4,0.002276834157692874,9.605542580999404E-4,0.0011997467710379143,0.0010004272812736204,2.0863260342445726E-4,0.001178642668721006,1.4001963451044155E-4,1.5678498065850233E-4,1.351665188865122E-4,2.1748647403918993E-4,3.013851528936974E-4,8.79404587728971E-4],[9.526915068566064E-4,0.002406887399504538,0.0013282665640830275,3.078229252698091E-4,0.011529844394475255,3.353220083208545E-4,6.284005709097314E-4,3.069634699813073E-4,1.0,3.952514427406847E-4,2.458575575086249E-4,3.9353289396019204E-4,0.0010249123505063793,4.314108162035432E-4,7.818979084079159E-4,0.004097938902902382,1.6444015230620076E-4,3.2380942640073345E-4,0.0013944352631196635,0.001753908757714184,0.0020292113696549676,1.910402021242222E-4,1.732929261712391E-4,1.7179061254790832E-4,2.933628244342831E-4,7.598987565426987E-4,0.040352232632425704,1.8819138943172636E-4,0.006087672026438314,6.561063449873074E-4,2.173556582688765E-4,0.0020016734543822066,6.643106242638882E-4,2.758504683320917E-4,1.4275352216328084E-4,0.012958611555134232,0.02038651875331691,0.003200167984051202,0.0018920464982279286,8.670220489316335E-4,0.0048896366063919516,0.003250180008219389,0.0010070109742455952,0.048995316585512844,4.347816209497915E-4,7.754324412527834E-4,1.4328877805783129E-4,2.7172421507396216E-4,2.7936177817887496E-4,3.496333165108994E-4,4.422997698937364E-4,9.792635526559663E-4],[3.687731315084579E-4,0.004474640001212911,5.887727787631308E-4,1.307749131853788E-4,0.003920927748075416,1.4761516397084057E-4,8.350509846242802E-4,1.8720893707846714E-4,3.952514427406847E-4,1.0,1.5237457807949848E-4,1.8875756744731386E-4,0.0013476351805218837,2.1069142001506192E-4,0.0010411875334932624,0.012439611485596304,3.473572902348314E-5,1.9802812954945064E-4,9.199121004855866E-4,0.004726797694755817,0.0033745736242424937,1.43576233495882E-4,1.6120057888978115E-4,8.547448860522377E-5,1.781542849853126E-4,0.01814892904944602,0.014482310564598732,1.6031882814519435E-4,0.0030072411097315675,0.0013832969419195268,1.851306212692198E-4,0.0038763941180621447,5.389463284516876E-4,1.917370811347199E-4,1.0729765520899665E-4,0.006958789135597392,0.024059310025092435,0.001954934499515177,5.415237706744611E-4,5.228999674176964E-4,0.009205910121327788,0.001305858433515608,0.0012177972465193172,0.05966023514426214,2.118849806697874E-4,2.943678146320668E-4,1.763724597656517E-4,1.9580959247330517E-4,1.6407737505902924E-4,2.6805026905445784E-4,2.4310976235943817E-4,0.0012597791333149276],[0.0010524154009454224,0.005199073953592601,0.0016408100932962363,5.968579469449418E-5,0.006024273327992146,1.2667891938907789E-4,6.965278778059104E-4,1.4920008596151898E-4,2.458575575086249E-4,1.5237457807949848E-4,1.0,1.3008472501521338E-4,0.002150320370641093,2.0127802753735282E-4,3.385325375258539E-4,0.011382365413875231,1.382686106937213E-4,1.6815729047704186E-4,0.0012238397358535298,0.0014336028483316772,0.002576081396085994,1.0624412178095574E-4,1.216857527621233E-4,5.297447379446277E-5,1.2644333099550123E-4,0.01564472219420304,0.017519045160941264,1.4843805223046505E-4,0.0016027072342454421,0.0016771748698039747,1.439831956409382E-4,0.0034145279042805945,3.125994426995491E-4,1.8520299871317055E-4,1.2752413830979914E-4,9.643204943887108E-4,0.014536721813338635,0.0030763314100110154,4.205271027549265E-4,9.469089644707701E-4,0.01040723081251213,0.0036474156665387454,3.4424422406489647E-4,0.010112721386229474,1.8345762804298588E-4,0.0010802474616874278,1.453772173420119E-4,1.9479786311400166E-4,6.641447759453509E-5,3.140698544562197E-4,2.3721182980674375E-4,0.0013570169998097664],[2.721730721205885E-4,0.011584967071978106,0.001408270794810652,4.0529563432801565E-5,0.011561668003042478,1.099763315961019E-4,5.305383222410466E-4,1.2915725199225947E-4,3.9353289396019204E-4,1.8875756744731386E-4,1.3008472501521338E-4,1.0,0.0013310093113373515,1.4589369179473868E-4,8.938382341345866E-4,0.00984441985757602,1.2415556324897066E-4,1.5786362448586805E-4,4.555795814031432E-4,0.0048522537812289435,0.0010401409887786375,1.0952674964521272E-4,1.3114408038674052E-5,1.2422675282968538E-4,1.1881855626999492E-4,0.016379221023580085,0.01890739280353379,1.1278966484128116E-4,0.00535419180561128,0.0020406269271992174,1.2765975915163762E-4,0.0016924127993050457,3.7696333176784086E-4,1.501610137952935E-4,1.144078829743921E-4,0.0076991944342276065,0.015413020689303607,0.0018826959740969307,5.32867462789141E-4,6.506031251452005E-4,0.00925374314825762,0.004044374357838508,0.0012897902348879377,0.0665379093273312,2.114093590554823E-4,6.481146464254176E-4,1.3100521114739724E-4,1.7532095075364337E-4,6.364544014188598E-5,1.246922644004742E-4,2.1571502625611212E-4,0.0013018741142765736],[0.0014247752256409145,0.009877642686791872,0.0021144834386607513,0.0016441812863955895,0.015060175748128592,0.0012347119376808534,0.0018487240074606134,0.0013423798911133423,0.0010249123505063793,0.0013476351805218837,0.002150320370641093,0.0013310093113373515,1.0,0.0020825167908664205,0.0018414933619152868,0.007649682521332909,0.0017114877194993083,0.0014979810488399772,0.0018289646879294094,0.005274175305235333,0.003129369728022276,8.698795914715196E-4,6.656371470010754E-4,1.4469581266415173E-4,8.2918133867594E-4,0.015674354858281267,0.009760477315367421,1.7720167132346975E-4,0.007940690309072851,0.002494452484610908,0.0020416165628477398,0.0026439693022304823,0.0020963780152057207,0.0018857203857309238,6.12232858081378E-4,0.012759652401646756,0.014147817836655438,0.0028949986962874714,0.0023376505732900362,0.0016174568225523925,0.009013057466941372,0.004879223093772326,0.0028980887241812996,0.01340750235182262,0.0010750186940075642,0.0019007379094004553,0.0017756302666988603,0.0018887722370915904,0.0014708824840021838,0.0010789527350294026,0.0017050424261883766,0.0020985581420160304],[9.877733797278333E-4,0.0011619343646642741,5.06164472390729E-4,9.228527693449282E-5,0.002100119898533572,2.169443906743986E-4,4.382744254907625E-4,1.884864942765527E-4,4.314108162035432E-4,2.1069142001506192E-4,2.0127802753735282E-4,1.4589369179473868E-4,0.0020825167908664205,1.0,8.481391600896542E-4,0.006845954003148746,1.8801153752221348E-5,2.0365604260126827E-4,6.908377679272994E-4,3.0281901488091997E-4,0.0023668175810460665,1.4776440435825154E-4,1.0191646032339274E-4,9.248501665286385E-5,1.3485043184908107E-4,0.024714264790035204,0.028713771688964204,1.5906576169348613E-4,0.005836074607724094,0.0012051675926953085,1.9094471322312937E-4,0.0016239239337624257,5.173414967274998E-4,2.1070692853470796E-4,1.272759917731168E-4,0.007350105058322026,0.02362358953890174,0.0026242128252165105,0.002285850459823248,0.0011393821318612808,0.013745628888134027,0.003764713143742402,9.497219118830476E-4,0.0781100477491651,2.2559477667474177E-4,2.8069542380332535E-4,2.1343283804356987E-4,2.0184304937635703E-4,6.93522126930468E-5,2.508768352215917E-4,2.451877573550318E-4,0.001664454904206326],[0.0011801901271460858,0.00389250750088103,0.0014123879993502314,0.0011142520631608837,0.012412389644019054,2.93425193399888E-4,0.001101492703736536,3.2078867276644587E-4,7.818979084079159E-4,0.0010411875334932624,3.385325375258539E-4,8.938382341345866E-4,0.0018414933619152868,8.481391600896542E-4,1.0,0.005336269637266436,5.56259731278094E-4,3.5131602013081456E-4,0.0014041410303522457,0.0036783239876135004,0.0041644893100477795,7.586238788287588E-4,6.416988854896065E-4,0.0010550872005710586,5.029975188605933E-4,0.0017144658449574418,0.04505509003632735,2.974977673056944E-4,0.004275021562753457,0.002987508638714558,9.79178580447332E-4,0.002794308101980578,8.568649539102164E-4,4.233370272714032E-4,2.6972029136802984E-4,0.0145618907963166,0.013526216364828593,0.0031000538695546394,0.0011830074226392602,0.0011426446943916862,0.004070741985168674,0.0026676048517112324,0.002238551979095392,0.03522344827201913,0.001083747873515034,0.001127566374124607,7.269156997799632E-4,7.069747185359345E-4,3.221610695792026E-4,4.5093795994136516E-4,7.118092948882597E-4,0.001685711568197403],[0.0058109675227220395,0.012790853003239764,0.007863496035638053,0.008457021181381044,0.013160586017316511,0.006052275102868603,0.005084061361884674,0.0064712224080595284,0.004097938902902382,0.012439611485596304,0.011382365413875231,0.00984441985757602,0.007649682521332909,0.006845954003148746,0.005336269637266436,1.0,0.0025906023158986016,0.006288644920859914,0.005062335786365037,0.010620091326495608,0.010728776445357104,0.011213079726428439,0.010345305496144723,0.002653396645505203,0.012647646090042021,0.021000170875254347,0.04800933314806188,0.0012641385796788958,0.012229447972984791,0.0041119967197100005,0.0011059925783482273,0.0055642216726847354,0.0018708206117345574,0.002129798167553305,0.008167582492459368,0.014529564548409387,0.021719552963092244,0.011675826248610627,0.0044347201624634494,0.004949038641428764,0.01623028265541231,0.005543051125151526,0.006962858868075861,0.029633636415651966,0.012528000570847252,0.0016197315524013683,0.010049465011644007,0.01083029639198012,0.007228106061328449,0.00759024726764987,0.001970268104331934,0.0038166359293188125],[5.441376220611576E-4,0.012000221446912453,0.002022003848392969,1.0879556500121898E-5,0.012450087875076917,9.775284522711983E-5,9.92699872469521E-4,1.2229929113939067E-4,1.6444015230620076E-4,3.473572902348314E-5,1.382686106937213E-4,1.2415556324897066E-4,0.0017114877194993083,1.8801153752221348E-5,5.56259731278094E-4,0.0025906023158986016,1.0,5.313701818821696E-5,0.001205456834185102,0.001915701544750551,0.004397641380498029,8.64558369757693E-5,1.0853755704451942E-5,1.9985076291159668E-5,9.063450291912696E-5,0.0032250679099170535,0.03229156552897702,9.6664188806753E-5,0.008518833998068992,0.0015466936107461676,3.852071981299589E-5,0.0038320243084709626,4.692536101018155E-4,1.0505413786528009E-4,8.674390785419627E-5,0.009244437927046404,0.021635331681104705,0.001699939935655996,0.001863786247976548,2.835009062046087E-4,0.011161417491782781,0.005337793375468457,6.777803454472148E-4,0.03735424923258617,2.097502343799609E-4,1.501847920073403E-4,1.154782906137189E-4,1.4782302244975943E-5,2.229659859257541E-5,1.677470241732706E-4,1.110965177553536E-4,0.0018701807146861258],[5.845435191501617E-4,0.010298724886752793,0.0019662107151269355,2.0739940066114947E-5,0.01331841123125583,1.5907141452033683E-4,3.577751559898657E-4,1.4927581464543144E-4,3.2380942640073345E-4,1.9802812954945064E-4,1.6815729047704186E-4,1.5786362448586805E-4,0.0014979810488399772,2.0365604260126827E-4,3.5131602013081456E-4,0.006288644920859914,5.313701818821696E-5,1.0,0.00134953436366256,8.171684830532643E-4,0.0045814473806627684,1.3985617175200465E-4,9.338975026382371E-5,1.8803964785923643E-4,1.710833468161349E-4,0.008749846357460747,0.006722848719772053,1.5300716244444237E-4,0.0011261193593504403,6.29618068271686E-4,1.8648635113600734E-4,0.0034238065088482857,2.5275742398125873E-4,1.9409769662956538E-4,1.1290963241956534E-4,0.014274410281891307,0.021276912032681724,0.0012866503696760412,0.001920542523773048,6.593576788367581E-4,0.009060461295162855,0.00188546347230421,0.0015284137949539407,0.040915816063122556,2.4117888478592144E-4,2.2825661071732516E-4,1.6297468131786478E-4,1.971188592027056E-4,1.5537001793047855E-4,2.8021151223566544E-4,3.025189444439406E-4,0.001874222481335429],[0.0014421978694292659,0.001785959248034033,0.0019273145451261795,0.0015704962030760347,0.007014970007860932,6.638728630806561E-4,0.0015786630620268074,2.8001299051258114E-4,0.0013944352631196635,9.199121004855866E-4,0.0012238397358535298,4.555795814031432E-4,0.0018289646879294094,6.908377679272994E-4,0.0014041410303522457,0.005062335786365037,0.001205456834185102,0.00134953436366256,1.0,0.003473898206409277,0.001740133434287523,6.626066105824413E-4,0.0010916561270578628,0.0011326505517851315,4.820877957800744E-4,0.016394110603694646,0.006862008961997317,2.306919660790098E-4,0.00788057589418357,0.0027470788705824833,0.0014629173288756498,0.0024744080389676,7.914376818448145E-4,0.0011418580394595003,0.0015629273153951106,0.014712239629055107,0.024283966833726984,0.001742817419412047,0.0021392859725889385,0.0011802429197028377,0.013933754188258077,0.0034181719027381926,0.0022006133397920744,0.01026594661573437,3.3047042870992E-4,0.001609331473255823,0.0014874303567850218,0.0014602820591024367,0.0012177338577520893,9.106561967712698E-4,3.54325532327571E-4,0.0018556150221557001],[0.004670668716436388,0.009141205241901783,0.0031122779779449205,0.003688767761942471,0.014662774599286449,4.4525330314283364E-4,0.0018600605629371773,0.0048805895130819375,0.001753908757714184,0.004726797694755817,0.0014336028483316772,0.0048522537812289435,0.005274175305235333,3.0281901488091997E-4,0.0036783239876135004,0.010620091326495608,0.001915701544750551,8.171684830532643E-4,0.003473898206409277,1.0,0.005364997465038054,5.232079770003799E-4,9.635463962951263E-4,0.004488657607824224,0.004074001032209556,0.009806053190064735,0.016350182554598226,0.004829021830937459,0.007644270298444651,0.005185811190831249,0.004475855715441881,0.005776554699079771,0.005484059613455122,0.00379195923154088,4.703085975745832E-4,0.006487235503373306,0.014397795805085205,0.005257877573354401,0.0033228790041850307,0.002766911597556152,0.0063628096109551386,0.006167908347501686,0.004906850850338483,0.08319714486239461,0.005915547603705591,0.0060981624137317,0.0030308420547519046,0.0026386905006510098,0.0016224194013176349,0.005105050326891746,0.0021758148741760257,0.004620483062338288],[0.0037429980828784385,0.005464302961338131,0.0023419997620241356,0.003289282097808237,0.008717795584468961,0.0011232301528545912,0.002606132479080341,0.0030499622378648817,0.0020292113696549676,0.0033745736242424937,0.002576081396085994,0.0010401409887786375,0.003129369728022276,0.0023668175810460665,0.0041644893100477795,0.010728776445357104,0.004397641380498029,0.0045814473806627684,0.001740133434287523,0.005364997465038054,1.0,0.002079594687924333,0.0036403764027289143,0.004677132424710407,0.0034452592144189175,0.020928041124521096,0.029023940446144904,0.004015208667863469,0.011381224382805316,0.004037367773491365,0.0015297039836942928,0.003922015777317932,0.0046780424471846,0.004748684876270482,0.0030971751187802974,0.00552493163845918,0.015076762092301998,0.003715420414392694,0.004801734351143627,0.004045426994810212,0.013113885937473814,0.005387239414222066,0.003201879762449105,0.06122766598449876,0.0047058600087490805,0.004083508247646299,0.001481949424640004,0.003353414610328712,0.0021040713197028153,0.0010553188484140644,0.0010377603931197485,0.003790799361774579],[2.987654575835646E-4,0.009821455321983539,0.0016301738094869965,8.989573908598739E-5,5.41224959648449E-4,1.0725863818182422E-4,8.463907768226864E-4,1.2735425958939657E-4,1.910402021242222E-4,1.43576233495882E-4,1.0624412178095574E-4,1.0952674964521272E-4,8.698795914715196E-4,1.4776440435825154E-4,7.586238788287588E-4,0.011213079726428439,8.64558369757693E-5,1.3985617175200465E-4,6.626066105824413E-4,5.232079770003799E-4,0.002079594687924333,1.0,4.076409679845736E-5,9.830571106200312E-5,1.1108671486870347E-4,0.021970498067650272,0.04142007492315629,1.0454703508506543E-4,0.004697754381767781,0.002851918520861235,1.0458469447259022E-4,0.0016549756032960105,5.472961201656346E-4,1.7508261093195917E-4,1.0216708976362507E-4,0.011886407257658738,0.005311444161490758,0.0019618842162908304,0.0015086125106321343,5.406546734863651E-4,0.009984404469881261,0.0029681228382096954,4.939240942153876E-4,0.028265236025414132,1.3043709238280983E-4,1.2564736295004298E-4,1.0885599234313037E-4,1.0943152134059877E-4,7.339015959730624E-5,2.2022626746353685E-4,2.702301286645566E-4,7.934284091614022E-4],[8.58268287434624E-4,0.006423794983320085,0.001756029486259506,1.0616691560202121E-5,0.007340285348293027,1.0796839757646606E-4,4.599946569816487E-4,7.708054001703763E-5,1.732929261712391E-4,1.6120057888978115E-4,1.216857527621233E-4,1.3114408038674052E-5,6.656371470010754E-4,1.0191646032339274E-4,6.416988854896065E-4,0.010345305496144723,1.0853755704451942E-5,9.338975026382371E-5,0.0010916561270578628,9.635463962951263E-4,0.0036403764027289143,4.076409679845736E-5,1.0,1.2195916805317325E-5,7.728931100297981E-5,0.0010097810742307086,0.048360477706948395,8.180255125588991E-5,0.0016137967566074137,0.001971276335692311,1.2544331950733198E-4,0.0038643532752022968,4.340934619701131E-4,8.981769493873707E-5,1.960951122663143E-5,0.015606827114525514,0.01647163058907745,7.284071771323399E-5,4.865685885044825E-4,7.244065268120246E-4,0.014205545735038063,0.0040728857691824825,0.0021408656015661884,0.04577750629571881,5.153813442215034E-5,0.0013153744878834244,2.8481041560625676E-5,1.1188730364644673E-4,4.39878233416595E-5,2.993594809869393E-4,1.0130570340579086E-4,8.959198337472862E-4],[0.0010047375619106286,0.010193836843177699,0.0019166220361262318,1.1991054117616193E-5,0.008989682285763693,7.501035749969527E-5,1.9237642882033521E-4,1.1714683940510854E-4,1.7179061254790832E-4,8.547448860522377E-5,5.297447379446277E-5,1.2422675282968538E-4,1.4469581266415173E-4,9.248501665286385E-5,0.0010550872005710586,0.002653396645505203,1.9985076291159668E-5,1.8803964785923643E-4,0.0011326505517851315,0.004488657607824224,0.004677132424710407,9.830571106200312E-5,1.2195916805317325E-5,1.0,4.573607607254484E-5,0.018716033540829388,0.034739391744728045,6.699476320080571E-5,0.0021721355148613675,0.0030548664656398932,7.18910622838385E-5,0.0015961186615701842,6.254990899270099E-4,1.698798026942249E-4,3.954949778573303E-5,1.6035211221210194E-4,0.008521886694124688,0.002327448380836718,0.002134763838810823,4.5356106838980657E-4,0.012072851188574424,0.0032432657427850712,0.0011505568589284584,0.029985182435823456,1.0568532823631132E-4,0.0010808731024730585,4.281390700978407E-5,3.591166549137421E-5,3.622091561257281E-5,4.588136105980275E-5,2.3394431486747813E-4,3.47239835494127E-4],[1.647712796609612E-4,0.01067380523525138,7.661590904354593E-4,6.504407302238027E-5,2.999128711920591E-4,1.1229900645876087E-4,0.00101517232812264,1.4152033688533274E-4,2.933628244342831E-4,1.781542849853126E-4,1.2644333099550123E-4,1.1881855626999492E-4,8.2918133867594E-4,1.3485043184908107E-4,5.029975188605933E-4,0.012647646090042021,9.063450291912696E-5,1.710833468161349E-4,4.820877957800744E-4,0.004074001032209556,0.0034452592144189175,1.1108671486870347E-4,7.728931100297981E-5,4.573607607254484E-5,1.0,0.01895151150508819,0.044534353349181904,1.098513775504656E-4,0.0035872946340783636,0.0014763492285761134,1.2148965279255684E-4,0.0019752760742687745,3.369190163109476E-4,1.7006652953874632E-4,1.1511071890677608E-4,0.0075479936539280265,0.019459236569661986,1.6980487327317102E-4,0.001855845404563978,2.6333785889963185E-4,0.0056527914070385495,0.0014573076987619213,7.439380725540691E-4,0.07574294514512235,1.8518713877183223E-4,7.824828290909116E-4,1.2203997419378044E-4,1.793394260780132E-4,8.08351371534533E-5,3.208356553743037E-4,2.6431202296528175E-4,6.736941312003185E-4],[0.012414648749952814,0.019681520200238084,0.01741388855979155,0.011367533927432689,0.02504410228018082,0.02279391516847471,0.02306276530575132,0.010312180986327392,7.598987565426987E-4,0.01814892904944602,0.01564472219420304,0.016379221023580085,0.015674354858281267,0.024714264790035204,0.0017144658449574418,0.021000170875254347,0.0032250679099170535,0.008749846357460747,0.016394110603694646,0.009806053190064735,0.020928041124521096,0.021970498067650272,0.0010097810742307086,0.018716033540829388,0.01895151150508819,1.0,0.04365647196337483,0.027640819318133444,0.01756761536768294,0.026669730641390447,0.008261825242851895,0.004980801633521676,0.022125263015469687,0.015763293453321895,0.025262515415843664,0.01640778079972372,0.026322203098030413,0.015609611940089719,0.005678538839833351,0.022169526976818937,0.024627558323951807,0.01511052019490612,0.02445062905778855,0.056828040065254645,0.015747685747416293,0.022201659377129052,0.022718508486146982,0.007157327441122589,0.02252911595232468,0.00804336075064129,0.008821979178216926,0.018464849157520405],[0.04121269046660326,0.031425057344668036,0.014413559786363607,0.04208651248683997,0.03342411870936289,0.0258995842156325,0.005815266337974575,0.05049056181970041,0.040352232632425704,0.014482310564598732,0.017519045160941264,0.01890739280353379,0.009760477315367421,0.028713771688964204,0.04505509003632735,0.04800933314806188,0.03229156552897702,0.006722848719772053,0.006862008961997317,0.016350182554598226,0.029023940446144904,0.04142007492315629,0.048360477706948395,0.034739391744728045,0.044534353349181904,0.04365647196337483,1.0,0.015853096745836747,0.045318253285147055,0.046208858989184705,0.052354096646025604,0.03323904396397765,0.05208924275074818,0.033568037641211156,0.02751775523016617,0.03173334993555576,0.04509143248961442,0.020908714577872297,0.009485895713462193,0.03763277566325111,0.02966416633454637,0.025396379853328946,0.0442144469706844,0.07916368297022032,0.0014343531163618594,0.007635342211598466,0.0169250009177851,0.04513577884293452,0.034076011544545225,0.0017523368503382258,0.009157857271537733,0.017666757289075064],[3.37532804632737E-4,0.005044692362368657,4.3269462463088474E-4,9.290225749983967E-5,0.005618085767805061,1.0767918278087568E-4,3.1306344925898844E-4,1.1652882586274379E-4,1.8819138943172636E-4,1.6031882814519435E-4,1.4843805223046505E-4,1.1278966484128116E-4,1.7720167132346975E-4,1.5906576169348613E-4,2.974977673056944E-4,0.0012641385796788958,9.6664188806753E-5,1.5300716244444237E-4,2.306919660790098E-4,0.004829021830937459,0.004015208667863469,1.0454703508506543E-4,8.180255125588991E-5,6.699476320080571E-5,1.098513775504656E-4,0.027640819318133444,0.015853096745836747,1.0,0.0034631300007326783,9.176195740238471E-4,1.2520837161525972E-4,5.879291405219846E-4,6.91457236430416E-4,1.2485071267979834E-4,1.0641805006403951E-4,0.012316697018240324,0.010713020733127954,0.0032947870958097516,0.0012834591697426802,6.958617309434474E-4,0.012808761178146279,3.973110924157428E-4,0.0016204683006002104,0.028275924158500502,1.8114666598757748E-4,3.027889221346214E-4,1.1900511883433188E-4,1.622268602852533E-4,1.0163774132055449E-4,2.5458483060720023E-4,1.1667684764768046E-4,0.0019124567271107053],[0.005557648919749204,0.011802833788950416,0.009532311238266214,0.010068154020295452,0.012191548096391917,0.008825719407770126,0.008172331320816784,4.5640048056239124E-4,0.006087672026438314,0.0030072411097315675,0.0016027072342454421,0.00535419180561128,0.007940690309072851,0.005836074607724094,0.004275021562753457,0.012229447972984791,0.008518833998068992,0.0011261193593504403,0.00788057589418357,0.007644270298444651,0.011381224382805316,0.004697754381767781,0.0016137967566074137,0.0021721355148613675,0.0035872946340783636,0.01756761536768294,0.045318253285147055,0.0034631300007326783,1.0,0.010770551812222981,0.0035437345987847607,0.007750222740026486,0.0017925726924827585,0.0027329399902267385,0.0020750400995309575,0.015442132706689139,0.023633575196445926,0.011380731395555017,0.009872299424219487,0.0011975057512540507,0.014177271774815585,0.008686236772312443,0.01127335143476432,0.0334105545202509,0.00941015806240919,0.0027290220589280007,0.006612978026668122,0.005433071982318734,0.0030511945538734303,0.0013747331063422097,0.008600823646237831,0.010624829780338931],[0.0020900093449429833,0.004110445529590489,0.0023956886025048667,0.002080259671441838,0.006659037824334453,6.126992246688891E-4,0.002121580387431512,7.340250602959997E-4,6.561063449873074E-4,0.0013832969419195268,0.0016771748698039747,0.0020406269271992174,0.002494452484610908,0.0012051675926953085,0.002987508638714558,0.0041119967197100005,0.0015466936107461676,6.29618068271686E-4,0.0027470788705824833,0.005185811190831249,0.004037367773491365,0.002851918520861235,0.001971276335692311,0.0030548664656398932,0.0014763492285761134,0.026669730641390447,0.046208858989184705,9.176195740238471E-4,0.010770551812222981,1.0,0.002877956844318822,0.0035600813832731976,0.0013664275885734512,0.0011762231736587338,0.001641152959003089,0.011547374562223562,0.01593636310059916,0.0032519280623718233,0.002495528809842248,0.0022802207748604374,0.0062300505251126495,0.004613228734102896,0.003005950677860803,0.01698179102542585,0.0029549449134602685,0.001474890681926745,0.0016594131016271535,0.0014285172969936582,0.0013232759221917985,0.0028563963827871698,7.866434058953584E-4,0.002457969846388398],[0.0013371033225152533,0.009084264842907433,0.0016669974463143706,1.1209006129997511E-5,0.004413672869392741,1.1026494935857034E-4,7.654548934544055E-4,1.40542114720363E-4,2.173556582688765E-4,1.851306212692198E-4,1.439831956409382E-4,1.2765975915163762E-4,0.0020416165628477398,1.9094471322312937E-4,9.79178580447332E-4,0.0011059925783482273,3.852071981299589E-5,1.8648635113600734E-4,0.0014629173288756498,0.004475855715441881,0.0015297039836942928,1.0458469447259022E-4,1.2544331950733198E-4,7.18910622838385E-5,1.2148965279255684E-4,0.008261825242851895,0.052354096646025604,1.2520837161525972E-4,0.0035437345987847607,0.002877956844318822,1.0,0.0012652645239258355,2.9579021583029557E-4,1.7035824425008404E-4,1.046031370772838E-4,0.01319840118310837,2.4031539643022288E-4,0.0016308574903415953,9.709895274966086E-4,8.756281042397926E-4,0.006895805135469151,5.24814889307081E-4,0.0025518818079809415,0.061597999294785565,2.2408039292671112E-4,7.237324042216429E-4,1.3574144279848024E-4,1.8245332780102803E-4,9.753756031138732E-5,3.355935821320852E-4,2.0363614669924554E-4,7.806566580967095E-4],[0.0026147565735891182,0.00861909402420127,0.002296889760424909,0.003318028239203038,0.00642418002467251,0.002681167811863819,0.0020887950710905974,0.00277518464844933,0.0020016734543822066,0.0038763941180621447,0.0034145279042805945,0.0016924127993050457,0.0026439693022304823,0.0016239239337624257,0.002794308101980578,0.0055642216726847354,0.0038320243084709626,0.0034238065088482857,0.0024744080389676,0.005776554699079771,0.003922015777317932,0.0016549756032960105,0.0038643532752022968,0.0015961186615701842,0.0019752760742687745,0.004980801633521676,0.03323904396397765,5.879291405219846E-4,0.007750222740026486,0.0035600813832731976,0.0012652645239258355,1.0,0.002088244991343434,8.420001562833711E-4,0.0029974214130226986,0.006502947370545294,0.016514809192439098,0.003750898264273595,0.0037249179852300537,0.003000246645986697,0.009732859653051242,0.004244213728627041,0.003314936208535978,0.012070026607535816,0.0031126285884174204,0.003227305311723625,0.003027772975013801,0.0030501559847969256,0.003635486878110983,0.0038078036817034114,0.002516115445926131,0.003849509817528736],[8.559200847264559E-4,0.0032969324830473775,0.001461046323726485,1.321558036915036E-4,0.0075044579055805255,2.490072332628046E-4,7.987871724175698E-4,3.1646351011441773E-4,6.643106242638882E-4,5.389463284516876E-4,3.125994426995491E-4,3.7696333176784086E-4,0.0020963780152057207,5.173414967274998E-4,8.568649539102164E-4,0.0018708206117345574,4.692536101018155E-4,2.5275742398125873E-4,7.914376818448145E-4,0.005484059613455122,0.0046780424471846,5.472961201656346E-4,4.340934619701131E-4,6.254990899270099E-4,3.369190163109476E-4,0.022125263015469687,0.05208924275074818,6.91457236430416E-4,0.0017925726924827585,0.0013664275885734512,2.9579021583029557E-4,0.002088244991343434,1.0,5.641576482256576E-4,4.2753468824711677E-4,0.0012415121206045317,0.024247399852494637,0.0016625544413114697,0.0010597770386851695,0.0010794970816346945,0.002120849998116562,0.004147144464469529,0.001562422718129617,0.012945061620330297,4.615832405709419E-4,9.627361220213685E-4,2.052563612985743E-4,2.5027923980695056E-4,6.720546083610814E-4,6.132136017202266E-4,6.231853800087038E-4,0.001803040469134903],[4.467021087619479E-4,0.012362702754015353,6.625419373836815E-4,5.160747435647426E-5,2.9023712457809875E-4,1.7300681362250814E-4,4.044128093995233E-4,1.4875790953338306E-4,2.758504683320917E-4,1.917370811347199E-4,1.8520299871317055E-4,1.501610137952935E-4,0.0018857203857309238,2.1070692853470796E-4,4.233370272714032E-4,0.002129798167553305,1.0505413786528009E-4,1.9409769662956538E-4,0.0011418580394595003,0.00379195923154088,0.004748684876270482,1.7508261093195917E-4,8.981769493873707E-5,1.698798026942249E-4,1.7006652953874632E-4,0.015763293453321895,0.033568037641211156,1.2485071267979834E-4,0.0027329399902267385,0.0011762231736587338,1.7035824425008404E-4,8.420001562833711E-4,5.641576482256576E-4,1.0,1.7809246118975194E-4,0.013008578113925539,0.013458887745269554,0.0032724378775803894,0.0016607657113191661,8.941560451874015E-4,0.014413225139004882,0.0018799050755109574,0.002588079353375295,0.012625927412834885,2.2739810266841673E-4,2.097154840845928E-4,1.4387910262524638E-4,1.9077677876192442E-4,1.4025794654905823E-4,3.164135035657965E-4,1.9013453532509603E-4,0.0015949839213496983],[3.090182098161661E-4,0.010771702288740316,4.100137635494767E-4,2.9641169442435637E-5,0.004897739638621507,1.051981306200259E-4,4.882693242417849E-4,1.0626929836313153E-4,1.4275352216328084E-4,1.0729765520899665E-4,1.2752413830979914E-4,1.144078829743921E-4,6.12232858081378E-4,1.272759917731168E-4,2.6972029136802984E-4,0.008167582492459368,8.674390785419627E-5,1.1290963241956534E-4,0.0015629273153951106,4.703085975745832E-4,0.0030971751187802974,1.0216708976362507E-4,1.960951122663143E-5,3.954949778573303E-5,1.1511071890677608E-4,0.025262515415843664,0.02751775523016617,1.0641805006403951E-4,0.0020750400995309575,0.001641152959003089,1.046031370772838E-4,0.0029974214130226986,4.2753468824711677E-4,1.7809246118975194E-4,1.0,0.010810836126425685,0.0055630448199751725,0.0012691028749256302,2.5116475268567665E-4,6.783056314725188E-4,4.889546358857643E-4,0.002015294006762004,0.0014729343294858411,0.05226350373334864,1.0417889885817629E-4,1.5800833793563676E-4,1.0415088457070729E-4,1.23817190185169E-4,5.870558130598223E-5,1.7636262199649042E-4,2.6667287429239344E-4,9.089687065117936E-4],[0.0030419794101594656,0.015041127488152955,0.009236636510002278,0.004658881317599429,0.01553145826651794,0.012722723378873658,0.013637973582863432,0.0069230640768759,0.012958611555134232,0.006958789135597392,9.643204943887108E-4,0.0076991944342276065,0.012759652401646756,0.007350105058322026,0.0145618907963166,0.014529564548409387,0.009244437927046404,0.014274410281891307,0.014712239629055107,0.006487235503373306,0.00552493163845918,0.011886407257658738,0.015606827114525514,1.6035211221210194E-4,0.0075479936539280265,0.01640778079972372,0.03173334993555576,0.012316697018240324,0.015442132706689139,0.011547374562223562,0.01319840118310837,0.006502947370545294,0.0012415121206045317,0.013008578113925539,0.010810836126425685,1.0,0.021502867582568815,0.00805808698185714,0.005341097693277862,0.00226704076620102,0.016347989548167335,0.014637576288444946,0.010376106159207787,0.02049241532254016,8.755619702081221E-4,0.012924203271778546,9.403502329686057E-4,0.010919619322693334,0.0024262804553496714,0.012093740354711668,0.004527025845731467,0.002075681865541415],[0.002783737830421097,0.020274493737932355,0.0032823718988948493,0.005010253744904258,0.02070639267126017,0.01841285165551735,0.011864022325612478,0.0010886032541044656,0.02038651875331691,0.024059310025092435,0.014536721813338635,0.015413020689303607,0.014147817836655438,0.02362358953890174,0.013526216364828593,0.021719552963092244,0.021635331681104705,0.021276912032681724,0.024283966833726984,0.014397795805085205,0.015076762092301998,0.005311444161490758,0.01647163058907745,0.008521886694124688,0.019459236569661986,0.026322203098030413,0.04509143248961442,0.010713020733127954,0.023633575196445926,0.01593636310059916,2.4031539643022288E-4,0.016514809192439098,0.024247399852494637,0.013458887745269554,0.0055630448199751725,0.021502867582568815,1.