[[1.0,7.854614648742831E-5,0.0013077811515351742,1.2736045356227688E-4,0.0013999345976461195,1.155958062354655E-4,1.6083758558509015E-4,0.0011013775847634206,1.649806683115966E-4,6.385486936243766E-4,0.019664125427344352,6.965555032975222E-5,9.258099214292122E-5,1.0970897535492885E-4,0.002208225411742262,3.612148029436288E-4,1.7984467537272535E-4,0.0014376901062670934,3.065928737240014E-4,0.001060534772962004,1.2364937720320436E-4,4.6558869890628995E-5,0.006602557982565368,0.0013592780466772352,4.048966293046381E-5,1.2145670791719784E-4,6.335097734564817E-4,0.004132082326714125,8.340641890835522E-5,9.753688977552592E-5,7.941993132457841E-4,1.724135391579989E-4,1.164147564471195E-4,0.0013812571806715297,4.677200380806206E-4,1.0625779491718432E-4,1.1514808695249073E-4,0.002547723800630776,0.0028430735976117355,1.4104119455129164E-4,0.0012873477089813557,0.007552183848443798,1.0948239265178495E-4,0.014571921086012149,1.0413948041295069E-4,1.755767088297363E-4,0.018613075910681932,1.0390405427936391E-4,1.5068628771990917E-5,0.002701840184570742,0.011358038350842472,0.002783725563973797,6.982803320208573E-5],[7.854614648742831E-5,1.0,2.3492021990916201E-4,1.810485382099097E-4,1.8995162122222869E-4,8.70799547039895E-5,9.647951570402843E-5,0.0023569679559258777,9.175668715244677E-5,0.002916665847188896,0.020742342318488996,3.2186946571918775E-5,2.1930166276917225E-5,9.212802402133697E-5,2.145599818950224E-4,1.2134262935862961E-4,8.926022402493122E-5,9.36061374501305E-4,1.722413979820603E-4,5.345958549843106E-4,5.0700016607455014E-5,1.2548963082260494E-5,0.0033715458755138434,3.7172243631261993E-4,3.464848067949442E-5,8.937316138789021E-5,1.9740335806439573E-4,0.0028547199064404703,3.2155429437588855E-5,1.9997073344462748E-5,4.426869928590961E-4,1.3658759544802105E-4,1.0303138088567642E-4,0.0012853808430229974,5.346450023276079E-4,1.0057002765668862E-4,7.882921254035863E-5,0.0035653778327439504,0.001131257507413791,1.1714142526559246E-4,0.0013911921580394059,0.019051799870183267,7.953235466793961E-4,0.01830082305710043,3.268729749181316E-5,2.2336958020926297E-4,0.007703837025708368,6.0319071614725844E-5,2.6765295563265735E-5,0.0018952773225515758,0.0010125663633002934,0.006244825898443959,2.474650459244108E-5],[0.0013077811515351742,2.3492021990916201E-4,1.0,3.6288881889688077E-4,0.0018707133622962128,8.192786345359406E-4,0.0014024414622461304,0.002277534714180733,0.0012455026933755305,0.0027645292074637414,0.0023385107093178608,1.1794280855431267E-4,4.860893885407585E-4,5.687791968670395E-4,0.003271123392249408,0.0013952147748399837,6.500515504210818E-4,0.002131541621465353,0.0010641618612524976,0.0015031235890758368,7.216410709660207E-4,8.350184546544329E-4,0.006560422452017051,0.0014818995316514942,6.278372941973832E-4,5.419443609574297E-4,0.0014217540508607595,0.0022827152731852924,2.780190137940065E-4,4.455136443199561E-4,0.00137965002270932,3.5279067819774125E-4,4.065691452092423E-4,0.001590273217615355,0.0016834975034239977,6.821582030267596E-4,6.526334473599129E-4,0.0016615194673646712,0.0027966296133846826,1.6582768686267967E-4,0.004840053809402403,0.006062549897370576,0.0013210156900390116,0.01778469680897294,4.292038871315349E-4,4.060916913677029E-4,0.008518147232693354,4.937836483702798E-4,9.255398331051748E-4,0.006695194067943143,0.008281549101284952,0.002447458880407186,8.405684839008099E-4],[1.2736045356227688E-4,1.810485382099097E-4,3.6288881889688077E-4,1.0,6.475428026962498E-4,2.781792791376484E-4,3.4111632669051983E-4,0.0019843177666583286,3.002100721444917E-4,6.127653232791998E-4,0.025615196159496298,2.7673403220215874E-5,2.9067167748561405E-5,1.5671979841082033E-4,0.0019453758991021925,3.989141320703226E-4,2.0474647173796782E-4,0.001798677514140778,3.2648051004132735E-4,0.0012013943284068633,2.730013275545135E-4,1.6650883390983795E-5,0.0049976822441752475,8.017546272868066E-4,2.0649286789728194E-4,1.6321255408302822E-4,7.511508279359223E-4,0.0014374796912484205,1.4109233887147753E-4,1.429786602581688E-4,4.1740888838746827E-4,2.2258261975899746E-4,1.7684874376838706E-4,0.0014223083116544602,3.4649873667327565E-4,3.0348190192298316E-4,2.0411207907124266E-4,0.0013387521875287507,0.0032842413949060673,2.3709694497607255E-4,0.0023435047683330484,0.020423514537891464,4.815865780813703E-4,0.011861037400823657,1.0608243068313623E-4,3.3678359852984586E-4,0.018032760828580262,1.7213579725583946E-4,6.68443865753027E-5,0.009590240769400604,0.0018422152478765439,5.531283977481121E-4,2.334052041676458E-4],[0.0013999345976461195,1.8995162122222869E-4,0.0018707133622962128,6.475428026962498E-4,1.0,0.0015455183837310817,0.001487767295798963,0.0025411314631701588,0.0013433979135061066,0.003484757966926083,0.004055767804487542,0.002512756367959863,0.00226891993443191,0.0024223200130964934,0.005809172360459597,0.0015470511903976337,0.0016547673616344937,0.0024194242137350074,0.0023480435868599965,0.0023021381525026264,0.002006794766501332,0.0022675130993607484,0.006875270295830849,0.0023796961932876326,7.147888304928341E-4,0.0014394001051240696,0.0014610959806249336,0.003983863209921909,3.7806484860108453E-4,0.001381447160459345,0.0015447867446741542,0.00231299905549007,6.525944625618787E-4,0.0025567328866807665,0.001905218702228811,0.0023468193630498037,0.002397316792081624,0.004488608372407545,0.0029634679912249654,0.0012074885638930983,0.002852034555771413,0.010799280284563785,0.0025305693955122613,0.02055108707751503,3.599048296898441E-4,0.0020252200299949097,0.017085631044601188,0.0023763535580539454,0.0015353970171093209,0.0092716243834513,0.008150622815473263,0.004893316123724508,0.001900709639740174],[1.155958062354655E-4,8.70799547039895E-5,8.192786345359406E-4,2.781792791376484E-4,0.0015455183837310817,1.0,3.128092469097158E-4,1.7393180732032672E-4,1.7850924332823474E-4,7.313352490662344E-4,0.0057035098811434246,1.4009092907184896E-4,1.0660413531001279E-4,1.1436686876270182E-4,0.005127773065422527,3.540824180332759E-4,1.5733642638700106E-4,5.143429678699222E-4,2.857393368119242E-4,0.001291437235745991,1.2861350443422732E-4,6.0533304394685284E-5,0.002858698722167054,0.0014926824763007575,4.295775907319795E-5,1.516061664723748E-4,9.964634679918523E-4,0.004215755943948601,8.779415466923832E-5,5.306479339386771E-5,5.192905456739558E-4,1.7424816381626015E-4,1.395514428958212E-4,1.695427577210327E-4,1.8537099206951326E-4,1.240404495471179E-4,1.5320370987389028E-4,3.70390202868988E-4,0.0022891385496121817,1.4966004822463853E-4,0.002577120976071618,0.0068790317379408845,8.981141630426891E-4,0.0052897945150289245,8.583474630444456E-5,2.1164015509504447E-4,0.007679765922220653,1.1269070101125773E-4,6.570989933538615E-5,0.002130230226052896,9.05095475029745E-4,0.003119727390065626,5.9174218198014445E-5],[1.6083758558509015E-4,9.647951570402843E-5,0.0014024414622461304,3.4111632669051983E-4,0.001487767295798963,3.128092469097158E-4,1.0,0.0013772197281469187,3.0989260628809463E-4,0.002181610419602163,0.005377731297897025,1.866174078978449E-4,2.4382829363035682E-4,2.0480025225512013E-4,0.004192655264403969,3.9607457543732296E-4,2.879774346955435E-4,0.0016108569055516826,3.34519827250309E-4,6.923927420680457E-4,3.196802734402567E-4,2.3051580471076817E-4,0.003307613618848939,4.82493881255972E-4,2.5979697848452763E-4,2.251980519923127E-4,0.0010167448326494789,9.946801012009003E-4,1.7522115121697135E-4,1.885352244416573E-4,5.622862167495618E-4,3.199224729920511E-4,1.7894348283218175E-4,5.265627180354704E-4,0.0012894525486776146,2.0346856064811278E-4,2.773121193951779E-4,0.0045787447008185335,0.0019538083589950637,2.1768626224597548E-4,0.0026655536121586868,0.004450070400406371,6.06096013713993E-4,0.011271770836653112,8.152124781037658E-5,3.4343335960280145E-4,0.020629401233159678,2.3569501559386486E-4,1.8235513363828665E-4,0.0036358144410230282,0.012011687097471994,0.0034437665887773776,2.992897416787108E-4],[0.0011013775847634206,0.0023569679559258777,0.002277534714180733,0.0019843177666583286,0.0025411314631701588,1.7393180732032672E-4,0.0013772197281469187,1.0,0.001392191279693884,0.003322627600192401,0.030421933262076543,8.8992983674777E-4,0.0017255150726982102,1.3401459139860894E-4,0.003882713629211828,0.002338763459800852,3.631049508466768E-4,0.002206196947722515,3.206044310905592E-4,0.0024915412385042926,5.081367821537217E-4,0.0022010529837268363,0.003959488724769422,0.002284246585357538,0.002291943561456078,0.0021535358047425806,0.0020672769371342667,0.002861960046718529,0.0016108753129156586,0.0011106443527276817,0.0012518481285567718,0.002323032275098467,0.0011257829526724573,0.0019869178257266203,0.0019588724653222243,9.92799799000185E-4,0.0017307135673640295,0.004365307633523647,0.002536182133411413,0.0022422933219261114,0.002854621806987614,0.010151398444385503,0.0013619724729987213,0.01991229193267388,0.0016001118776524268,0.0012870757776502458,0.0030785729316978624,0.0015216576441285019,0.0012590526419223318,0.0028105616129516595,0.009195649323623864,0.004241453518590926,0.002033214389492709],[1.649806683115966E-4,9.175668715244677E-5,0.0012455026933755305,3.002100721444917E-4,0.0013433979135061066,1.7850924332823474E-4,3.0989260628809463E-4,0.001392191279693884,1.0,7.800647891030713E-4,0.012777653981945133,1.427483891839535E-4,2.4610838264818616E-5,1.4385120848231227E-4,0.0017384266674805606,2.1859669433776154E-4,1.8926608724243393E-4,0.0013723108066128519,2.3191339844476892E-4,7.5595141865383E-4,1.4390363883033834E-4,8.228886471270936E-5,0.007183050536534212,4.285299624470073E-4,1.1731435909663088E-4,1.7353941645576433E-4,5.200525156694481E-4,0.004016308233939299,4.002301476252445E-5,4.0817648346316046E-5,2.599076588985852E-4,2.0367418506520666E-4,1.7354893130397658E-4,8.813445608562517E-4,9.221257337253923E-4,1.7582103024110112E-4,1.803013798243994E-4,0.0032612460583904814,4.73166187201664E-4,1.713887023415903E-4,0.0017017746650735339,0.006581241060189213,9.839825922104092E-4,0.011326508554741533,1.702044138458757E-4,1.9186410452455397E-4,0.010286104836409474,1.770690235381144E-4,1.2636339221513347E-4,0.010945475300197826,0.003911644224345266,0.004277245304862433,1.7367139104408914E-4],[6.385486936243766E-4,0.002916665847188896,0.0027645292074637414,6.127653232791998E-4,0.003484757966926083,7.313352490662344E-4,0.002181610419602163,0.003322627600192401,7.800647891030713E-4,1.0,0.027602790332960116,0.002070745740219474,0.0013469216828042002,0.0019507103889835002,0.005371977294083907,0.0018698006365385936,0.003114335994524833,0.0022866368242996926,0.003128576452138297,0.00337766271446327,0.0015734873147112247,1.4425498125358107E-4,0.006392668880594211,0.002924585934251877,0.0018559443642713826,0.0022296487437368116,0.001748072282847994,0.0042315103477351375,0.0014876512906465242,0.0020846302078665227,0.001617080607293282,0.0026249150106372947,0.0013951468151269628,0.003564751368978271,0.0021399671191681745,4.2465554173782346E-4,1.7137293262702434E-4,0.0041415073352513215,0.0036234544772149276,6.432758560396757E-4,0.005093148470276357,0.018281029351753728,0.0012908877296414602,0.007357169316367213,0.0024124800087377803,0.003159329687947884,0.004548038974317717,8.597308578822485E-4,0.0017310746817148788,0.00645208892681493,0.012068295115023327,0.006824202879980916,0.001031536181414032],[0.019664125427344352,0.020742342318488996,0.0023385107093178608,0.025615196159496298,0.004055767804487542,0.0057035098811434246,0.005377731297897025,0.030421933262076543,0.012777653981945133,0.027602790332960116,1.0,0.01259109708323226,0.022930883784669207,0.019309474111633352,0.012873682342159135,0.012392866580904627,0.024356293106356466,0.010919601301495914,0.009233980791916192,0.007751858934817417,0.02344154837350792,0.022106483447833194,0.013538595918558194,0.02946021783327077,0.005440101705590802,0.0330838223392573,0.005136721835280491,0.008337961235929621,0.008652482267683012,0.011006246837945575,0.009606292802793027,0.026667787509769152,0.005254007234117014,0.023581617919805464,0.008593035006227726,0.01788584003685025,0.0027113791216689933,0.03247752006623226,0.009556826035466797,0.011846487678014895,0.009331962082093609,0.021491424830224704,0.0312704349684527,0.028799687172660106,0.02963804570747024,0.01403222028463145,0.0329216541684273,0.013831276310689483,0.024418621467880153,0.017554839435950174,0.03184296098143918,0.027168153703237274,0.019732015243290758],[6.965555032975222E-5,3.2186946571918775E-5,1.1794280855431267E-4,2.7673403220215874E-5,0.002512756367959863,1.4009092907184896E-4,1.866174078978449E-4,8.8992983674777E-4,1.427483891839535E-4,0.002070745740219474,0.01259109708323226,1.0,1.4558850967236449E-5,9.753303306827356E-5,0.005020468530788638,5.921355495694626E-5,1.5913380342633842E-4,3.5083770774285407E-4,2.4111457607033004E-4,0.0016083262719546537,4.720565251775571E-5,1.3928618899825248E-5,0.007469511642254452,6.657985800818427E-4,2.331102394225715E-5,2.0261339202066854E-5,8.068885091875625E-4,0.0017005183349839985,1.2841538365261166E-5,1.5962093505039988E-5,7.197882326923419E-4,1.0305578166418166E-4,7.850680684928099E-5,1.228791880675781E-4,0.0010262048492329224,4.2905607561542095E-5,1.5375914349074002E-4,0.0030608513109880264,0.0019563136885914073,1.1606478113192115E-4,0.0017491300824340626,0.006952896376230459,1.1531629179421887E-4,0.009511531905711513,1.9289714769165562E-5,2.654603515142084E-4,0.017101518720012636,2.647259693889944E-5,1.4051933473152362E-5,0.001326489930064312,0.001991337262622319,0.005150486107308184,1.1819865595030435E-5],[9.258099214292122E-5,2.1930166276917225E-5,4.860893885407585E-4,2.9067167748561405E-5,0.00226891993443191,1.0660413531001279E-4,2.4382829363035682E-4,0.0017255150726982102,2.4610838264818616E-5,0.0013469216828042002,0.022930883784669207,1.4558850967236449E-5,1.0,6.66052731365956E-5,0.004870188385292717,8.99573981268709E-5,8.728036694968207E-5,0.0011197803886772583,1.1656964351852722E-4,6.656060022871306E-4,7.110212249904399E-5,1.478597490404428E-5,0.005798219820039241,7.647362319055336E-4,2.3715693436244646E-5,6.583823796705237E-5,9.342745648649074E-4,0.002895994694177292,1.4348739997358968E-5,1.625606564817269E-5,3.7641379881856254E-4,1.8186022535171472E-4,2.053742175151293E-5,7.87572941550684E-4,3.9655755079748105E-4,1.0119027095625784E-4,1.0057235778181333E-4,0.0023487356309971692,0.003313681101326249,3.4005487679985313E-5,0.002336080255723929,0.010795437037432352,1.0773132999427124E-4,0.008061759527738832,1.6151314700330633E-5,1.1411015077690755E-4,0.008756834251035866,2.06945604123662E-5,1.4313098320244361E-5,0.0026448633158004534,0.007103109530328954,0.00583665752251972,1.3181290607305828E-5],[1.0970897535492885E-4,9.212802402133697E-5,5.687791968670395E-4,1.5671979841082033E-4,0.0024223200130964934,1.1436686876270182E-4,2.0480025225512013E-4,1.3401459139860894E-4,1.4385120848231227E-4,0.0019507103889835002,0.019309474111633352,9.753303306827356E-5,6.66052731365956E-5,1.0,0.003691972473206724,1.3586664595592412E-4,1.6875224198990358E-4,3.7087766943197685E-4,1.114474386836498E-4,0.0015608124010360062,1.2480165670971912E-4,4.604556161189375E-5,0.0038478363997091294,0.0014054326526356257,9.121023514594678E-5,1.2478975641865876E-4,4.765096426125837E-4,3.559442698451503E-4,8.274915619498021E-5,1.0238159684755214E-4,1.8974485909754147E-4,1.1375323914870006E-4,1.1136261850712342E-4,0.0016477236202201793,0.001580217362416988,1.0243243440081928E-4,1.1477235367398043E-4,0.001958644684544302,7.103184922008308E-4,1.1325972627208161E-4,8.899690713351292E-4,0.020658109099831467,3.391028500853237E-4,0.012859543310306405,5.494302762753293E-5,2.1075121121048285E-4,0.02424264106459828,1.0054911918353857E-4,6.235185124935646E-5,0.004224477057392633,0.0032326795739709207,0.008288745672575499,5.887974817510478E-5],[0.002208225411742262,2.145599818950224E-4,0.003271123392249408,0.0019453758991021925,0.005809172360459597,0.005127773065422527,0.004192655264403969,0.003882713629211828,0.0017384266674805606,0.005371977294083907,0.012873682342159135,0.005020468530788638,0.004870188385292717,0.003691972473206724,1.0,0.005275055572771277,0.006256954182501659,0.005206668732427236,0.004099149884479802,0.005380368088904147,0.0027603215801383194,0.005947121032318127,0.00860059168487909,0.0028020851859159633,0.005212412700953954,0.004828416453325723,0.0025348043753525805,0.005209714334807238,0.0024002452841413104,0.004427664541875171,0.005540072454938918,0.0029028246691972575,0.004645044199707281,0.0034321367072765534,0.005256273565549028,0.0018908828691054304,0.0017792514522059532,0.006298030511702716,0.004929700697341574,0.001989748194192006,0.005332846126513081,0.015153890653158135,0.0015624005275585748,0.009042802749393595,0.0031015044041834265,0.00475937866818404,0.022343930443887036,7.76191597770208E-4,0.0053527307296026075,0.008102954735675287,0.010537566268116375,0.006606039993635537,0.003929135390703481],[3.612148029436288E-4,1.2134262935862961E-4,0.0013952147748399837,3.989141320703226E-4,0.0015470511903976337,3.540824180332759E-4,3.9607457543732296E-4,0.002338763459800852,2.1859669433776154E-4,0.0018698006365385936,0.012392866580904627,5.921355495694626E-5,8.99573981268709E-5,1.3586664595592412E-4,0.005275055572771277,1.0,3.590998841226816E-4,0.0014653764327347265,3.3222564233050726E-4,0.0010560940663124178,3.057394353414959E-4,6.438530278807226E-5,0.0031573174619933023,7.601325060887987E-4,1.1017132094145562E-4,3.9067631818167026E-4,4.5549221883478845E-4,0.0020630480508035897,2.0862983936831438E-4,3.837299263883585E-4,5.696004554022218E-4,2.972277691106652E-4,1.9772187937887537E-4,0.0011420381473490966,5.883560403043195E-4,1.9300847682475827E-4,1.9993309682630504E-4,0.0018685276317404252,0.0018777133888977652,2.0112352384173054E-4,0.004223638234439747,0.019050728369435777,8.068116142490183E-4,0.026503846794767815,1.9752481310176105E-4,3.4036272270780547E-4,0.02238837913944623,2.545882097858937E-4,3.5698776443747146E-4,0.009065463504489602,0.010174273245392221,0.0016324462787660993,4.1183496474024E-4],[1.7984467537272535E-4,8.926022402493122E-5,6.500515504210818E-4,2.0474647173796782E-4,0.0016547673616344937,1.5733642638700106E-4,2.879774346955435E-4,3.631049508466768E-4,1.8926608724243393E-4,0.003114335994524833,0.024356293106356466,1.5913380342633842E-4,8.728036694968207E-5,1.6875224198990358E-4,0.006256954182501659,3.590998841226816E-4,1.0,0.001891523677191688,2.920684514127929E-4,0.001542677226801154,1.406900688799091E-4,1.7002521315086968E-4,0.008904796621246954,7.815167600300774E-4,1.740981364703863E-4,1.5412471763346386E-4,5.153172977986301E-4,0.003750183527667493,8.238779645375013E-5,8.434534051430861E-5,7.79999874930451E-4,2.2084686833255226E-4,1.3633641829783442E-4,0.0015653587912785878,0.0014840537808263523,1.6233847917748967E-4,1.9111880151188187E-4,0.0017111195838908709,0.002601016055302912,1.447056026679986E-4,0.005124769311280618,0.0038689303407356207,2.0785928885857225E-4,0.006080733896028905,2.6139251147997047E-5,1.939741866692986E-4,0.012427121118431505,1.3566092908231798E-4,1.0557888788266465E-4,0.010211624606801108,0.011027484484969898,0.0030399238008906714,1.5417909757221962E-4],[0.0014376901062670934,9.36061374501305E-4,0.002131541621465353,0.001798677514140778,0.0024194242137350074,5.143429678699222E-4,0.0016108569055516826,0.002206196947722515,0.0013723108066128519,0.0022866368242996926,0.010919601301495914,3.5083770774285407E-4,0.0011197803886772583,3.7087766943197685E-4,0.005206668732427236,0.0014653764327347265,0.001891523677191688,1.0,0.0019862495551875334,0.0018417890867682327,6.91797540656996E-4,0.001745393392527032,0.008480125545818801,0.001907906180649856,8.014741729253805E-4,0.001325070141280765,0.0014718085927093343,0.004142011385947674,4.8627857242560776E-4,9.784749327926719E-5,0.0018719772687859058,0.0014702893736487177,8.916114992973689E-4,0.0019513125875236354,0.002032885031183809,0.0012700619455928348,0.0010634316490921924,0.0024320235728678137,0.003365772228958638,0.0016206909831398577,0.00350368816097901,0.014977966045943585,0.0014482066777585932,0.013545057438544592,6.653183092062853E-4,3.527188700921107E-4,0.016251983761504524,0.0014950476556352496,0.0020382226550037584,0.007764077113131356,0.00861848299878343,0.003989731292594589,0.0019562009185136353],[3.065928737240014E-4,1.722413979820603E-4,0.0010641618612524976,3.2648051004132735E-4,0.0023480435868599965,2.857393368119242E-4,3.34519827250309E-4,3.206044310905592E-4,2.3191339844476892E-4,0.003128576452138297,0.009233980791916192,2.4111457607033004E-4,1.1656964351852722E-4,1.114474386836498E-4,0.004099149884479802,3.3222564233050726E-4,2.920684514127929E-4,0.0019862495551875334,1.0,0.0015953460524887723,3.0573862116294915E-4,3.0244569948282483E-4,0.0013728180119953596,0.0013430731743507777,2.1285472156514266E-4,2.4979649172797436E-4,4.8646651057990156E-4,0.0026774551395794904,2.1373637868559687E-4,2.4127926096890608E-4,3.6264684723582983E-4,2.9674231144306005E-4,2.7246574966828307E-4,4.1522108738913425E-4,8.699373935398633E-4,3.093894656541969E-4,3.115643097612856E-4,8.353570654541615E-4,7.150175174513324E-4,1.693488525134282E-4,0.002057125130879225,0.02074830764172659,5.561390537827034E-4,0.00798446312215709,2.1522749620289699E-4,3.337212052769573E-4,0.02207687636625975,2.3270842059365749E-4,4.3991797041708824E-5,9.96787389696953E-4,0.0013503496316438956,0.007544911241493267,2.8757968590529105E-4],[0.001060534772962004,5.345958549843106E-4,0.0015031235890758368,0.0012013943284068633,0.0023021381525026264,0.001291437235745991,6.923927420680457E-4,0.0024915412385042926,7.5595141865383E-4,0.00337766271446327,0.007751858934817417,0.0016083262719546537,6.656060022871306E-4,0.0015608124010360062,0.005380368088904147,0.0010560940663124178,0.001542677226801154,0.0018417890867682327,0.0015953460524887723,1.0,0.0013071745528849764,0.0011133654397147748,0.0072398579566730625,0.001608995971238493,0.0012623184515047374,7.182577872507718E-4,0.0012913745385067688,0.0021135273313090367,6.581521991878742E-4,3.548421869694427E-5,0.0012242378331384844,0.001145771913807867,3.3967074547507504E-4,0.0016269970385463044,0.001897533231858207,0.0014751155427988462,3.685973106146642E-4,0.0021941083189349134,0.0028251026507823173,5.024766540925934E-4,0.005129965393609327,0.020233394405616414,0.0013189425262948636,0.0157195236530213,5.169521811479139E-4,0.0015405072569135336,0.022015661610824074,5.370000628693038E-4,3.2937516913212104E-4,0.0018348601487296837,0.008115094588671795,0.00396095041039801,0.001139775485562292],[1.2364937720320436E-4,5.0700016607455014E-5,7.216410709660207E-4,2.730013275545135E-4,0.002006794766501332,1.2861350443422732E-4,3.196802734402567E-4,5.081367821537217E-4,1.4390363883033834E-4,0.0015734873147112247,0.02344154837350792,4.720565251775571E-5,7.110212249904399E-5,1.2480165670971912E-4,0.0027603215801383194,3.057394353414959E-4,1.406900688799091E-4,6.91797540656996E-4,3.0573862116294915E-4,0.0013071745528849764,1.0,1.036134181010121E-4,0.006900684394895958,6.542341281826451E-4,8.154804788357822E-5,1.3406104147340727E-4,2.588300199910425E-4,0.0037771951101449952,8.123156719973269E-5,3.286769578171763E-5,1.3622745517199455E-4,1.5866811009633113E-4,1.245195092798563E-4,0.001267724913047427,5.248260729325217E-4,1.0937218515524874E-4,1.437173373761367E-4,0.002047503277640468,5.395017277198132E-4,1.3209305936701847E-4,8.087671077988625E-4,0.003972491944264816,6.109142513145195E-4,0.013854991112124142,2.087687155628934E-5,2.4126514411353111E-4,0.0011946651470661242,9.141838757855662E-5,1.9106024234414822E-5,0.0010530345818606742,0.001271583102854531,0.007679595460994903,9.989118260413495E-5],[4.6558869890628995E-5,1.2548963082260494E-5,8.350184546544329E-4,1.6650883390983795E-5,0.0022675130993607484,6.0533304394685284E-5,2.3051580471076817E-4,0.0022010529837268363,8.228886471270936E-5,1.4425498125358107E-4,0.022106483447833194,1.3928618899825248E-5,1.478597490404428E-5,4.604556161189375E-5,0.005947121032318127,6.438530278807226E-5,1.7002521315086968E-4,0.001745393392527032,3.0244569948282483E-4,0.0011133654397147748,1.036134181010121E-4,1.0,0.004162150198941968,0.0013175563522002639,2.2880025715373344E-5,4.482467592949081E-5,2.7297389641888517E-4,0.00416761654819401,1.0653997082158347E-5,1.2756903898905753E-5,1.3023048283477318E-5,4.6084140434610685E-5,1.040142293563504E-5,9.763996766991431E-5,4.965480746536003E-4,1.7764915740132372E-5,8.033400265027688E-5,0.002291273642882748,0.0026806113836074703,6.0313480732926066E-5,0.004969129656635619,0.006581777716938878,2.3459948105642497E-4,0.025880545584606188,1.2436016237487965E-5,1.799620063976094E-4,0.0038577354353943097,3.987754569646353E-5,1.051025538017303E-5,0.004472946832989066,0.011488088146846267,0.0027538953707098115,1.0814410539022823E-5],[0.006602557982565368,0.0033715458755138434,0.006560422452017051,0.0049976822441752475,0.006875270295830849,0.002858698722167054,0.003307613618848939,0.003959488724769422,0.007183050536534212,0.006392668880594211,0.013538595918558194,0.007469511642254452,0.005798219820039241,0.0038478363997091294,0.00860059168487909,0.0031573174619933023,0.008904796621246954,0.008480125545818801,0.0013728180119953596,0.0072398579566730625,0.006900684394895958,0.004162150198941968,1.0,0.0015765210600722898,0.0010628288056503373,0.00827737773278445,0.006866346419176009,0.006393090603915101,0.007783936144431143,0.00670510816034691,0.003643222156784546,0.009461364504360057,0.0056974119791276395,0.009175839690549005,0.004229614115002613,0.0036691865136585892,0.005099725524541998,0.005917056170145735,0.008770237702208928,0.00521026327447957,0.009399638744511982,0.017790139723007727,0.002455719792710577,0.01160622088385394,0.001809189800833716,0.007633141878729946,0.018225289472519127,0.0017138625512044246,0.0045087860258927635,0.01034169244605419,0.011710511762194353,0.00909938270420831,0.008901355007792027],[0.0013592780466772352,3.7172243631261993E-4,0.0014818995316514942,8.017546272868066E-4,0.0023796961932876326,0.0014926824763007575,4.82493881255972E-4,0.002284246585357538,4.285299624470073E-4,0.002924585934251877,0.02946021783327077,6.657985800818427E-4,7.647362319055336E-4,0.0014054326526356257,0.0028020851859159633,7.601325060887987E-4,7.815167600300774E-4,0.001907906180649856,0.0013430731743507777,0.001608995971238493,6.542341281826451E-4,0.0013175563522002639,0.0015765210600722898,1.0,9.352329083612878E-4,0.0014867949625536256,0.0010825718334025712,0.0033807975803997127,6.127353550356991E-4,0.0013452420170911726,0.0014461793123695024,0.0010197130048106133,0.0010011437546288973,0.0016367194691129104,0.0015661220195754798,6.488225716688827E-4,0.0012329783306754976,0.0046136814515469,0.002485782437753258,0.0012138157021091747,0.004495755445337745,0.004501485903129317,0.0015163108417706097,0.019154001061931117,6.797509728066393E-4,6.669772417460233E-4,0.01814178299795051,3.454176360573387E-4,0.001238595566951506,0.00613519294987158,0.011253682347402474,0.006946780860115985,0.00151245560555842],[4.048966293046381E-5,3.464848067949442E-5,6.278372941973832E-4,2.0649286789728194E-4,7.147888304928341E-4,4.295775907319795E-5,2.5979697848452763E-4,0.002291943561456078,1.1731435909663088E-4,0.0018559443642713826,0.005440101705590802,2.331102394225715E-5,2.3715693436244646E-5,9.121023514594678E-5,0.005212412700953954,1.1017132094145562E-4,1.740981364703863E-4,8.014741729253805E-4,2.1285472156514266E-4,0.0012623184515047374,8.154804788357822E-5,2.2880025715373344E-5,0.0010628288056503373,9.352329083612878E-4,1.0,4.2134737726003346E-5,9.849003013369885E-4,0.0018310284422324277,1.0824518545054804E-5,2.1752714214119803E-5,1.8195829638513794E-4,3.785389229442759E-5,7.88281997499446E-5,6.538621214732891E-4,9.324190132467008E-4,8.99848935157236E-5,6.430804105516253E-5,0.004217692737174108,0.002499062281391168,4.205946171656649E-5,0.005163542118366594,0.019143403259850384,1.3523916533548624E-4,0.02019217372921846,3.2497068779721844E-5,2.075486987668907E-4,0.023377684439957188,5.128830465367887E-5,1.5190498045017264E-5,0.003128334007930304,0.011514591230473112,0.005392996604755112,1.692128127100155E-5],[1.2145670791719784E-4,8.937316138789021E-5,5.419443609574297E-4,1.6321255408302822E-4,0.0014394001051240696,1.516061664723748E-4,2.251980519923127E-4,0.0021535358047425806,1.7353941645576433E-4,0.0022296487437368116,0.0330838223392573,2.0261339202066854E-5,6.583823796705237E-5,1.2478975641865876E-4,0.004828416453325723,3.9067631818167026E-4,1.5412471763346386E-4,0.001325070141280765,2.4979649172797436E-4,7.182577872507718E-4,1.3406104147340727E-4,4.482467592949081E-5,0.00827737773278445,0.0014867949625536256,4.2134737726003346E-5,1.0,7.819447005922249E-4,0.00251398606404584,5.49466443465568E-5,1.2642425294381968E-4,2.670816856570007E-4,2.1412137783701713E-4,1.243516168709497E-4,0.0011779865018596467,7.25222098865724E-4,1.202604248877739E-4,1.5220473020211229E-4,9.713940530114434E-4,3.1076646029064487E-4,1.4775645234894717E-4,9.488026399129183E-4,0.011059920606433323,2.1485691196592948E-4,0.0027902673638302245,1.3649556031359415E-4,2.1482489177661784E-4,0.004258400687804814,1.1306707191714881E-4,5.0651762865068004E-5,0.008981687045276342,0.004403666880207444,0.0010656918401574808,5.699733602385015E-5],[6.335097734564817E-4,1.9740335806439573E-4,0.0014217540508607595,7.511508279359223E-4,0.0014610959806249336,9.964634679918523E-4,0.0010167448326494789,0.0020672769371342667,5.200525156694481E-4,0.001748072282847994,0.005136721835280491,8.068885091875625E-4,9.342745648649074E-4,4.765096426125837E-4,0.0025348043753525805,4.5549221883478845E-4,5.153172977986301E-4,0.0014718085927093343,4.8646651057990156E-4,0.0012913745385067688,2.588300199910425E-4,2.7297389641888517E-4,0.006866346419176009,0.0010825718334025712,9.849003013369885E-4,7.819447005922249E-4,1.0,0.0022558189940112337,5.373170214140853E-4,9.05874781694064E-4,9.241840024006621E-4,3.007886223608282E-4,8.350559231057548E-4,0.0011497670130743221,0.0014261543039883638,9.143643626869396E-4,7.21770532074754E-4,0.0028367068335651215,0.002081470417035044,8.849417505640141E-4,0.00353453544228624,0.01785590809556831,0.0010648824500292487,0.02775892670479238,4.7515703711477087E-4,3.7880788686447275E-4,0.019932895001796905,0.0010023953516635157,8.483366611907144E-4,0.006873924420452107,0.009688517039972418,0.007796292302870576,5.665448441811087E-4],[0.004132082326714125,0.0028547199064404703,0.0022827152731852924,0.0014374796912484205,0.003983863209921909,0.004215755943948601,9.946801012009003E-4,0.002861960046718529,0.004016308233939299,0.0042315103477351375,0.008337961235929621,0.0017005183349839985,0.002895994694177292,3.559442698451503E-4,0.005209714334807238,0.0020630480508035897,0.003750183527667493,0.004142011385947674,0.0026774551395794904,0.0021135273313090367,0.0037771951101449952,0.00416761654819401,0.006393090603915101,0.0033807975803997127,0.0018310284422324277,0.00251398606404584,0.0022558189940112337,1.0,0.0027528718057110205,0.0035543740252483094,0.003870584381585466,8.485324242428872E-4,5.246289776606349E-4,0.0019960966201913928,0.0038232269156973854,0.003147572778222019,2.70464859761885E-4,0.004490386367018979,0.003940296976819552,5.429500976889814E-4,0.004807843927175676,0.008792657033938566,0.0031347183274074517,0.02025215117398857,0.001958256946641258,0.0027617368440851584,0.019104498348947882,0.002943520726214027,0.0030693282792872492,0.010845814258664993,0.008901405910546804,0.008305868670753462,0.003179894307393353],[8.340641890835522E-5,3.2155429437588855E-5,2.780190137940065E-4,1.4109233887147753E-4,3.7806484860108453E-4,8.779415466923832E-5,1.7522115121697135E-4,0.0016108753129156586,4.002301476252445E-5,0.0014876512906465242,0.008652482267683012,1.2841538365261166E-5,1.4348739997358968E-5,8.274915619498021E-5,0.0024002452841413104,2.0862983936831438E-4,8.238779645375013E-5,4.8627857242560776E-4,2.1373637868559687E-4,6.581521991878742E-4,8.123156719973269E-5,1.0653997082158347E-5,0.007783936144431143,6.127353550356991E-4,1.0824518545054804E-5,5.49466443465568E-5,5.373170214140853E-4,0.0027528718057110205,1.0,1.7543100492444272E-5,5.290427522653514E-4,1.53170667064089E-4,4.186456614028674E-5,7.513253441143588E-4,4.404340890825706E-4,2.934103793116647E-5,5.411129527333619E-5,0.003575086994671573,0.0026184946032576525,8.018465951183606E-5,0.0035637508153065958,0.015754604039785194,3.763614455706516E-4,0.009939698472810609,1.631865148071495E-5,2.543034828320268E-4,0.0031385487549865365,6.350073691033988E-5,1.1610598805226282E-5,0.0018205072167075005,0.010432613541170541,0.001249807061179348,1.1440325016587629E-5],[9.753688977552592E-5,1.9997073344462748E-5,4.455136443199561E-4,1.429786602581688E-4,0.001381447160459345,5.306479339386771E-5,1.885352244416573E-4,0.0011106443527276817,4.0817648346316046E-5,0.0020846302078665227,0.011006246837945575,1.5962093505039988E-5,1.625606564817269E-5,1.0238159684755214E-4,0.004427664541875171,3.837299263883585E-4,8.434534051430861E-5,9.784749327926719E-5,2.4127926096890608E-4,3.548421869694427E-5,3.286769578171763E-5,1.2756903898905753E-5,0.00670510816034691,0.0013452420170911726,2.1752714214119803E-5,1.2642425294381968E-4,9.05874781694064E-4,0.0035543740252483094,1.7543100492444272E-5,1.0,5.521264788311805E-4,1.8790057543364335E-4,3.941313083574871E-5,5.463361356882539E-5,3.1736026076776517E-4,5.786616289862668E-5,1.1304428376783433E-4,0.0024746475822227123,0.001875423150755241,1.0496908716616768E-4,0.002389776744933256,0.0012079071088168685,8.901944139951089E-4,0.024628462488917997,1.9651575662055092E-5,2.214021747077548E-4,0.002200463773798027,3.272337961704554E-5,1.6114408675040154E-5,0.001080052026554355,0.009831884639435535,0.003543244067534048,1.7679503162899588E-5],[7.941993132457841E-4,4.426869928590961E-4,0.00137965002270932,4.1740888838746827E-4,0.0015447867446741542,5.192905456739558E-4,5.622862167495618E-4,0.0012518481285567718,2.599076588985852E-4,0.001617080607293282,0.009606292802793027,7.197882326923419E-4,3.7641379881856254E-4,1.8974485909754147E-4,0.005540072454938918,5.696004554022218E-4,7.79999874930451E-4,0.0018719772687859058,3.6264684723582983E-4,0.0012242378331384844,1.3622745517199455E-4,1.3023048283477318E-5,0.003643222156784546,0.0014461793123695024,1.8195829638513794E-4,2.670816856570007E-4,9.241840024006621E-4,0.003870584381585466,5.290427522653514E-4,5.521264788311805E-4,1.0,3.3248389616832657E-4,2.7697741887191846E-4,0.0015209777815496854,0.0015808166184589478,7.515035624631678E-4,3.447742507645466E-4,0.002350229740868544,0.002022322073958868,3.3715774077725067E-4,0.003305450823699131,0.017646194948173637,9.570192282785759E-4,0.022820411510779178,4.1352044828841655E-4,4.3841082047419393E-4,0.004466164498801428,4.8589044763616864E-4,4.568567601792676E-5,0.008662875224063614,0.0068143277403109204,0.007366480631582432,6.14852846909175E-4],[1.724135391579989E-4,1.3658759544802105E-4,3.5279067819774125E-4,2.2258261975899746E-4,0.00231299905549007,1.7424816381626015E-4,3.199224729920511E-4,0.002323032275098467,2.0367418506520666E-4,0.0026249150106372947,0.026667787509769152,1.0305578166418166E-4,1.8186022535171472E-4,1.1375323914870006E-4,0.0029028246691972575,2.972277691106652E-4,2.2084686833255226E-4,0.0014702893736487177,2.9674231144306005E-4,0.001145771913807867,1.5866811009633113E-4,4.6084140434610685E-5,0.009461364504360057,0.0010197130048106133,3.785389229442759E-5,2.1412137783701713E-4,3.007886223608282E-4,8.485324242428872E-4,1.53170667064089E-4,1.8790057543364335E-4,3.3248389616832657E-4,1.0,1.2643976844189684E-4,0.001509352437907391,6.621341884975344E-4,1.508322170391458E-4,1.6408804326042379E-4,8.462436915449568E-4,0.0012984319388733149,2.2048261114441134E-4,0.005097550413633597,0.0015255116378256597,7.365670767598926E-4,0.0053961856544303185,9.445308078715695E-5,2.698973655868521E-4,0.002039990551169282,1.2588821646373767E-4,1.4772241012639414E-4,9.387771495460461E-4,0.003148628843306942,0.0012740056202193092,1.9338990833398995E-4],[1.164147564471195E-4,1.0303138088567642E-4,4.065691452092423E-4,1.7684874376838706E-4,6.525944625618787E-4,1.395514428958212E-4,1.7894348283218175E-4,0.0011257829526724573,1.7354893130397658E-4,0.0013951468151269628,0.005254007234117014,7.850680684928099E-5,2.053742175151293E-5,1.1136261850712342E-4,0.004645044199707281,1.9772187937887537E-4,1.3633641829783442E-4,8.916114992973689E-4,2.7246574966828307E-4,3.3967074547507504E-4,1.245195092798563E-4,1.040142293563504E-5,0.0056974119791276395,0.0010011437546288973,7.88281997499446E-5,1.243516168709497E-4,8.350559231057548E-4,5.246289776606349E-4,4.186456614028674E-5,3.941313083574871E-5,2.7697741887191846E-4,1.2643976844189684E-4,1.0,3.230995178054891E-4,0.0013015182834940373,1.1166258307433496E-4,1.4536927591587883E-4,0.0046710725309916995,0.002627948324461374,1.304819128754168E-4,0.005092433393354814,0.011811402787349283,9.965231936166744E-4,0.024405114143955412,3.1675548210749844E-5,3.031195002594178E-4,0.02027257519912483,7.57001786305601E-5,8.009413668054937E-5,0.006564086808744099,0.008769918391238763,0.004424628078217855,3.608518146157449E-5],[0.0013812571806715297,0.0012853808430229974,0.001590273217615355,0.0014223083116544602,0.0025567328866807665,1.695427577210327E-4,5.265627180354704E-4,0.0019869178257266203,8.813445608562517E-4,0.003564751368978271,0.023581617919805464,1.228791880675781E-4,7.87572941550684E-4,0.0016477236202201793,0.0034321367072765534,0.0011420381473490966,0.0015653587912785878,0.0019513125875236354,4.1522108738913425E-4,0.0016269970385463044,0.001267724913047427,9.763996766991431E-5,0.009175839690549005,0.0016367194691129104,6.538621214732891E-4,0.0011779865018596467,0.0011497670130743221,0.0019960966201913928,7.513253441143588E-4,5.463361356882539E-5,0.0015209777815496854,0.001509352437907391,3.230995178054891E-4,1.0,0.0016750069742327894,2.2664378334154826E-4,0.0016640728510675506,0.0043488559175013574,0.002732007739913678,6.385623333212992E-4,0.00447145508774815,0.02098428816948697,0.0015845154144906687,0.022242571044309805,7.694000928929211E-4,0.0016429049947675938,0.01126766701564127,5.969123614410607E-4,0.0010921392411797535,0.008600354436145175,0.010082323874892744,0.004918949809915531,0.0014906441690821822],[4.677200380806206E-4,5.346450023276079E-4,0.0016834975034239977,3.4649873667327565E-4,0.001905218702228811,1.8537099206951326E-4,0.0012894525486776146,0.0019588724653222243,9.221257337253923E-4,0.0021399671191681745,0.008593035006227726,0.0010262048492329224,3.9655755079748105E-4,0.001580217362416988,0.005256273565549028,5.883560403043195E-4,0.0014840537808263523,0.002032885031183809,8.699373935398633E-4,0.001897533231858207,5.248260729325217E-4,4.965480746536003E-4,0.004229614115002613,0.0015661220195754798,9.324190132467008E-4,7.25222098865724E-4,0.0014261543039883638,0.0038232269156973854,4.404340890825706E-4,3.1736026076776517E-4,0.0015808166184589478,6.621341884975344E-4,0.0013015182834940373,0.0016750069742327894,1.0,1.725085886615823E-4,7.895594271079473E-4,0.0022976371627699797,0.0031375140750486297,8.135928734905252E-4,0.0023504298163695607,0.013215983576223223,0.0010937568051954981,0.026976689638371312,0.0013584787978597435,0.0014217203447789606,0.019944941408920537,2.08328633923584E-4,7.266669128767712E-4,0.004485310500276308,0.0030126091142796494,0.0036835492954296507,3.8468050367974834E-4],[1.0625779491718432E-4,1.0057002765668862E-4,6.821582030267596E-4,3.0348190192298316E-4,0.0023468193630498037,1.240404495471179E-4,2.0346856064811278E-4,9.92799799000185E-4,1.7582103024110112E-4,4.2465554173782346E-4,0.01788584003685025,4.2905607561542095E-5,1.0119027095625784E-4,1.0243243440081928E-4,0.0018908828691054304,1.9300847682475827E-4,1.6233847917748967E-4,0.0012700619455928348,3.093894656541969E-4,0.0014751155427988462,1.0937218515524874E-4,1.7764915740132372E-5,0.0036691865136585892,6.488225716688827E-4,8.99848935157236E-5,1.202604248877739E-4,9.143643626869396E-4,0.003147572778222019,2.934103793116647E-5,5.786616289862668E-5,7.515035624631678E-4,1.508322170391458E-4,1.1166258307433496E-4,2.2664378334154826E-4,1.725085886615823E-4,1.0,1.0351988664147465E-4,0.00362227487773215,0.0020191298808625996,1.0488279407661648E-4,0.002663333493255034,0.010799439718131095,3.404377556144878