[[1.0,0.0017044501825998941,0.002002738069121008,6.161031865572034E-4,3.074137428891107E-5,0.013057509572717755,1.0623431677767921E-5,1.6277920598067938E-5,0.0022859519159185685,9.215433911924481E-5,1.3715855902688437E-4,1.6959639031336116E-4,9.049894168641225E-4,4.887966338048078E-4,4.222731284036455E-5,1.1500274568564287E-4,4.802513319882525E-5,0.013139290163142336,0.0014647629078675093,6.774250049055327E-5,5.817508179460091E-5,3.4899984182560354E-4,0.01638797128699043,3.201690399186583E-5,2.877459808271019E-4,2.0256816390909702E-4,0.0012713836399593369,2.088466504544394E-4,1.9170578904733894E-5,1.1333854762940705E-5,0.015408365789553458,4.668255587789582E-5,0.007374934718547315,1.7566061886383475E-4,9.366023981413678E-4,4.968684158264064E-5,0.001147297068370519,1.4072903330306893E-5,0.01679629737215907,0.001106111318551136,1.116874801034063E-5],[0.0017044501825998941,1.0,0.002881461227360739,0.0019782433300446142,0.001369223321693843,0.007240929973621326,0.0011567889637748667,2.614749961410393E-4,0.00267083967198088,9.673253907721941E-4,0.0016212483523797238,0.0018778162664971954,0.002520246920231053,0.0018530344581157644,0.0014818408089925486,8.528543702044529E-4,0.0021240624391894226,0.014550126263006481,0.0016702738149938171,5.44017597406135E-4,0.0016401431989422311,0.0013592177322195864,0.005636524159863473,3.185264770602528E-4,0.0015522139554033894,0.0015602760500261232,0.0017891246398902348,0.002039328782892326,0.0019535895214551477,9.674175623995538E-5,0.019908260039571187,4.513650254177965E-4,0.008934108892820213,0.0012751916187406548,0.009319640363117755,3.8065842375195423E-4,0.0014462741215313093,6.712682289652289E-4,0.003108010313360038,0.001368496228747418,7.716951338737957E-4],[0.002002738069121008,0.002881461227360739,1.0,0.0030736286684723974,0.0021139555144963473,0.009016092342853495,0.0019481875821637895,0.0037808308574836177,0.0042045298711034206,0.001663442266748381,8.234897466272634E-4,0.003911748226200767,0.003902487052209191,0.0026717853176039504,0.0035614218467687224,0.004096499953743144,8.786674002877529E-4,0.009735374618676147,0.0037178964820381946,0.0015444029303577226,4.1422050672299383E-4,0.001317849525629145,0.00961308560769142,0.001429750409819691,0.0017105012527927866,0.0024163391120977395,0.002191297572273558,0.0016920068374208083,0.001127922201262929,0.002989658909343803,0.019182564655775874,0.00186146035862745,0.010223293009196756,0.00407139649637645,0.004677546999657292,0.0020089707738628984,0.0017177033960975876,0.0034410566217228794,0.017775671580042895,0.0030035392660767587,0.0018058096644505792],[6.161031865572034E-4,0.0019782433300446142,0.0030736286684723974,1.0,6.316288279755588E-4,0.009541572683284294,0.0017493746340972393,0.0017733001697949943,0.002112322666840865,1.9030282095248576E-4,0.0014710310814015142,7.124431985928579E-4,0.0023982434993015745,0.0016049998761836807,0.0011562218661611483,0.0013983199794975606,0.0013597882947730742,0.00448515042685897,0.0018037719782664806,0.0016358536450593784,4.417233453283722E-4,7.424579178813895E-4,0.009059563351690655,0.0018573001943350007,0.0013487616977987179,0.0012485285922265678,0.00190213911661939,6.950435856695808E-4,0.0014279475683318843,4.2916748604085453E-4,0.047067287012274334,0.001180212305531717,0.005827629388158582,0.001593243360218256,0.00662285031800677,0.0017156604939797193,0.0014395336741486063,0.0016510643456208794,0.010581461625321734,0.0013249146932413206,0.0016688994112993042],[3.074137428891107E-5,0.001369223321693843,0.0021139555144963473,6.316288279755588E-4,1.0,0.0023688767598523345,1.946326599790665E-5,3.2245698585781494E-5,0.002391166094499432,7.772804868285064E-5,1.778014238421969E-4,1.3682834024314857E-4,0.0014160621541171776,1.6910855234374898E-4,3.512220250073364E-5,1.1738726198463404E-4,3.819430283568529E-5,0.0059223622354429165,0.0014673320224167232,9.188158706050756E-5,8.409005493867137E-5,3.993386733000257E-4,0.008101738473131672,4.106778459504305E-5,3.295261666547217E-4,8.367277820887478E-5,2.552386300738807E-4,1.5878409742547934E-4,9.737984439130765E-5,2.28289305884599E-5,0.05066103110721226,1.01213732165019E-4,0.007477790636905413,7.694440126579057E-4,0.006571666889315738,1.7075270935630246E-4,0.0010271651860901381,4.786768783651367E-5,0.01785491090993896,9.346430766434946E-4,5.263781531506762E-5],[0.013057509572717755,0.007240929973621326,0.009016092342853495,0.009541572683284294,0.0023688767598523345,1.0,0.014415300012752728,0.006022073223587454,0.010608970208318592,0.010083542016456462,0.01341449205072747,0.009634516852208721,0.009739254636890134,0.0032761991005059513,0.0034224264838432347,0.008939562295793704,0.009389265253953791,0.01609408006172231,0.011530547885088435,0.014294951124251156,0.0010517935034445335,0.012092138974662627,0.015274923472262553,2.740422580765545E-4,0.008066938077180898,0.011264300669409753,0.012725555573019373,0.007140433762120424,0.006362013105893468,0.011888064099166071,0.040699244975639814,0.011842523016311267,0.01307097111909367,0.0032365808400735005,0.014482003158541588,0.014465700925278055,0.0015899979678022141,0.010610756402681061,0.01957896201048834,0.007560707737229328,0.004422427857028683],[1.0623431677767921E-5,0.0011567889637748667,0.0019481875821637895,0.0017493746340972393,1.946326599790665E-5,0.014415300012752728,1.0,1.4916105395965787E-5,0.0012157387063190083,2.835702009145517E-5,1.080091663724889E-4,3.213159931112658E-4,0.0025885371326626327,2.318933540879095E-4,2.653221288050009E-5,5.0859244624114987E-5,6.63034166063448E-5,0.003390639677915036,7.95504234973121E-4,8.51504463224628E-5,4.085739634642497E-5,3.464596316643913E-5,0.009730645528721759,4.5870537620045074E-5,1.5810690667318824E-5,8.007725866665716E-4,7.255371871047148E-4,4.468227763155213E-4,7.476926581126154E-5,1.1426980860348283E-5,0.047026664003197535,3.3994282397593076E-5,0.006059859463334528,2.91946616555852E-4,0.004278763191616888,3.449727417040126E-5,0.0012291468785394144,1.2406212118662636E-5,0.014922861526555697,3.279777243001705E-4,5.023770061641154E-5],[1.6277920598067938E-5,2.614749961410393E-4,0.0037808308574836177,0.0017733001697949943,3.2245698585781494E-5,0.006022073223587454,1.4916105395965787E-5,1.0,0.0035261089461419344,5.1954953744874314E-5,2.4481101305209584E-5,3.3499428738754804E-5,0.0020293796557361242,0.001136005544372282,1.1966327861406858E-4,1.154346507570998E-4,7.791080717524379E-5,0.0032956728537130355,0.0011962424800172765,6.247462015063812E-5,2.1454185570494696E-4,3.391154420157758E-4,0.009572371595593801,7.720264981768037E-5,2.2572094626244478E-4,4.556218634815303E-4,0.001034611690802983,1.6841836896058652E-4,1.248032125274878E-4,1.684310558932566E-5,0.01691710580267885,2.1014607703908326E-5,0.009912894267243129,6.882850866162271E-4,0.0012860914612247481,1.4852913039975434E-4,2.794184800140674E-4,4.336858838587824E-5,0.01498592062255946,5.221164450542313E-4,8.886998579958521E-5],[0.0022859519159185685,0.00267083967198088,0.0042045298711034206,0.002112322666840865,0.002391166094499432,0.010608970208318592,0.0012157387063190083,0.0035261089461419344,1.0,1.7094315268031146E-4,0.0010413345121916939,0.0031988233870049406,0.003984106487224827,0.001765990170938482,0.0023836393102689133,0.004581218137706649,0.005013496812893571,0.011841494040661035,0.004107897668081423,0.003649488825361714,0.00252465669665489,7.423710643106962E-4,0.011285857294987066,0.004967972254690987,0.004447293158124223,0.0019311229243953979,0.0034552193320477984,0.0013329296865243676,4.5315072542535416E-4,0.0020293926315928922,0.007160558275662422,0.0033618524722511625,0.011489781278745928,0.0015491197042994038,0.008520893488755036,0.0030326310453728765,0.004631224285429218,0.003587678558611934,0.013116284203803855,0.004038710854773968,4.566520677666231E-4],[9.215433911924481E-5,9.673253907721941E-4,0.001663442266748381,1.9030282095248576E-4,7.772804868285064E-5,0.010083542016456462,2.835702009145517E-5,5.1954953744874314E-5,1.7094315268031146E-4,1.0,1.8686379817911845E-4,1.635034058421915E-4,0.0010182856096315341,9.842001477558913E-4,1.5733278014352963E-4,1.3655928170023336E-4,1.3597097400402296E-4,0.018080036575308312,0.0015431966888334722,1.6385198761180808E-4,1.7885964446257216E-4,5.821931527421054E-4,0.005858615096871023,1.267847089509129E-4,2.4131824324183352E-4,5.733742165850644E-4,9.366629474456822E-4,4.326146913470602E-4,1.6740407782361969E-4,2.613529539470105E-5,0.006714793887067233,1.48701489276541E-4,0.009898063714212299,3.976026254388228E-4,0.010230964036532135,2.0367037172742936E-4,2.727493274795114E-4,1.5076346318784045E-4,0.014766218091070982,6.091378780450293E-4,1.1548107496176894E-4],[1.3715855902688437E-4,0.0016212483523797238,8.234897466272634E-4,0.0014710310814015142,1.778014238421969E-4,0.01341449205072747,1.080091663724889E-4,2.4481101305209584E-5,0.0010413345121916939,1.8686379817911845E-4,1.0,3.855888132022915E-4,0.0020098815589191543,8.8404141667249E-4,1.6542537267678518E-4,1.444221684106792E-4,1.707508636180546E-4,0.012787325333010415,5.160562905799606E-4,1.905895643212706E-4,1.986062463853271E-4,2.5696140795009037E-4,0.01581105681732247,1.815173903839788E-4,3.4089626520490387E-4,4.5599061137456206E-4,0.00146004503222934,4.087053209421679E-4,2.0353314131167627E-4,2.4668624612526504E-5,0.0026301476516250163,1.4387490768947585E-4,0.007917230561937943,2.1845742333227147E-4,0.011134030234690579,2.1219872197972042E-4,0.0011145979106799433,6.061213541287647E-5,0.018516523306260368,3.362618140409474E-4,1.6591118434105948E-4],[1.6959639031336116E-4,0.0018778162664971954,0.003911748226200767,7.124431985928579E-4,1.3682834024314857E-4,0.009634516852208721,3.213159931112658E-4,3.3499428738754804E-5,0.0031988233870049406,1.635034058421915E-4,3.855888132022915E-4,1.0,0.001458231967773615,0.0010733446786538204,2.4676465368296964E-4,1.7102817422649956E-4,4.2656568178100297E-4,0.016519614608710126,0.0010809727385681354,2.8462353600353243E-4,3.69728199362452E-4,5.707079444787282E-4,0.009506503461811266,2.610703068913889E-4,4.080008919931684E-4,6.847471365045304E-4,0.0015419414558021094,4.515454521804658E-4,3.961194079012731E-4,2.8371443034985353E-4,0.036919903508983914,4.1914717852658813E-4,0.007708019128487061,4.742002943132132E-4,0.00562804556250893,3.9999125707782033E-4,6.011423224612982E-4,3.1971395949103145E-4,0.006031857316288549,0.0010500391660794805,2.7748778221785904E-4],[9.049894168641225E-4,0.002520246920231053,0.003902487052209191,0.0023982434993015745,0.0014160621541171776,0.009739254636890134,0.0025885371326626327,0.0020293796557361242,0.003984106487224827,0.0010182856096315341,0.0020098815589191543,0.001458231967773615,1.0,0.001969527849737751,8.856575294440158E-4,5.691206717975523E-4,0.0016225289900311524,0.003406358295271906,0.0018346975652892574,8.825004563082913E-4,0.0011548463785188811,0.0022844416914167935,0.012414878124225636,0.0013570963838960054,0.002534370464029035,0.0021905068971820726,0.002573691079416333,0.0011625596060325593,0.002405658903574517,0.002876904496873018,0.02030300081407162,0.001728862262774808,0.010080704221241804,0.002015160968837566,0.011562346645274387,5.998355300835007E-4,0.0014096321694700763,0.002834213976698776,0.007020428506325544,0.0017720183096314895,1.2236396069008625E-4],[4.887966338048078E-4,0.0018530344581157644,0.0026717853176039504,0.0016049998761836807,1.6910855234374898E-4,0.0032761991005059513,2.318933540879095E-4,0.001136005544372282,0.001765990170938482,9.842001477558913E-4,8.8404141667249E-4,0.0010733446786538204,0.001969527849737751,1.0,8.937922063168917E-4,0.0010656352554390257,6.413484889170131E-4,0.0030747386750484993,0.0014386947436887008,4.7933394682496595E-4,8.919756572135981E-4,7.597819524143588E-4,0.0032609057594688838,3.979686275836339E-4,4.5709262607027275E-4,0.0011292264378687995,0.0016627150194462583,7.268063669573529E-4,2.4655337333506143E-4,6.016361866992849E-5,0.016240772735215608,4.056619294852232E-4,0.006604505821006262,0.0011085227675936944,0.004595147657268204,7.263951098946499E-4,0.0012204765699689653,0.0011046412358913273,0.025674231700506946,0.001208689300073554,8.541034797802885E-4],[4.222731284036455E-5,0.0014818408089925486,0.0035614218467687224,0.0011562218661611483,3.512220250073364E-5,0.0034224264838432347,2.653221288050009E-5,1.1966327861406858E-4,0.0023836393102689133,1.5733278014352963E-4,1.6542537267678518E-4,2.4676465368296964E-4,8.856575294440158E-4,8.937922063168917E-4,1.0,1.2295085442037644E-4,1.141150581110192E-4,0.016670800260361072,0.001117692503209017,1.3480877732888836E-4,1.8703249815850054E-4,3.0632202832839165E-4,0.012856780888157676,1.1355125098148502E-4,1.923271013787623E-4,8.590089910464979E-4,0.0014589872284402057,2.8921912519870824E-4,1.31309361223921E-4,4.893188901247766E-5,0.03961297873619711,1.1881749667657641E-4,0.00831843383685979,3.930408992570927E-4,0.008865858014558163,1.888031421642002E-4,8.123734418593449E-4,1.0657693280925398E-4,0.0037266089391021586,3.426340614219298E-4,1.0887330487182777E-4],[1.1500274568564287E-4,8.528543702044529E-4,0.004096499953743144,0.0013983199794975606,1.1738726198463404E-4,0.008939562295793704,5.0859244624114987E-5,1.154346507570998E-4,0.004581218137706649,1.3655928170023336E-4,1.444221684106792E-4,1.7102817422649956E-4,5.691206717975523E-4,0.0010656352554390257,1.2295085442037644E-4,1.0,1.0900379294680716E-4,0.0053435531854164565,3.8665356154064367E-4,1.390549739165298E-4,1.8623597387912517E-4,1.8137637899361402E-4,0.011117045529976959,1.2225279981643633E-4,1.7949429334977382E-4,9.957089606088937E-4,0.0014901650644223606,4.574151357492406E-4,1.9922490779836723E-4,3.945127465905685E-5,0.019174076859014934,1.1530397166462233E-4,0.009419498599479327,3.686316465319124E-4,0.006561489024594418,1.620312793749248E-4,8.828681169808722E-4,6.118825887366339E-5,0.02286150940245823,0.001177320142500334,1.1714562601670495E-4],[4.802513319882525E-5,0.0021240624391894226,8.786674002877529E-4,0.0013597882947730742,3.819430283568529E-5,0.009389265253953791,6.63034166063448E-5,7.791080717524379E-5,0.005013496812893571,1.3597097400402296E-4,1.707508636180546E-4,4.2656568178100297E-4,0.0016225289900311524,6.413484889170131E-4,1.141150581110192E-4,1.0900379294680716E-4,1.0,0.016131176074070806,0.0012329752716280435,1.0757070718317125E-4,2.681418831924738E-4,1.0652544688439829E-4,0.015294625564994602,1.00872669382075E-4,3.0281241377961665E-4,6.191657275507495E-4,1.1247050871879528E-4,1.1417150206625531E-4,1.984780696118653E-4,8.238089410898702E-5,0.006166263861693402,1.0828549980022016E-4,0.002433381932256148,2.5539132198394867E-4,7.538126912461614E-4,1.862046052139956E-4,5.62306479818748E-4,8.330350726506274E-5,5.505922013945093E-4,6.490952558224314E-4,1.0673039962292664E-4],[0.013139290163142336,0.014550126263006481,0.009735374618676147,0.00448515042685897,0.0059223622354429165,0.01609408006172231,0.003390639677915036,0.0032956728537130355,0.011841494040661035,0.018080036575308312,0.012787325333010415,0.016519614608710126,0.003406358295271906,0.0030747386750484993,0.016670800260361072,0.0053435531854164565,0.016131176074070806,1.0,0.004240629992383938,5.516069495931572E-4,0.003482813494230883,0.004335547646957945,0.016581478491589193,0.018936418530413033,0.012498258844549682,0.011821426939594018,0.0025921181275955127,0.014703405042235008,0.014466066192771902,0.01012343810663083,0.02932383093635995,0.00950715495950582,0.013477665960805433,0.0173539631340115,0.018522765659586382,0.004434850242981445,0.008158798567928663,0.002628143815317338,0.023449779689476574,0.01262184993296322,0.00869492622771215],[0.0014647629078675093,0.0016702738149938171,0.0037178964820381946,0.0018037719782664806,0.0014673320224167232,0.011530547885088435,7.95504234973121E-4,0.0011962424800172765,0.004107897668081423,0.0015431966888334722,5.160562905799606E-4,0.0010809727385681354,0.0018346975652892574,0.0014386947436887008,0.001117692503209017,3.8665356154064367E-4,0.0012329752716280435,0.004240629992383938,1.0,4.8083499368589813E-4,0.001281907980682234,0.001113821862279233,0.010934950557319844,5.505142759834763E-4,4.787891620785387E-4,0.0013307633262273505,0.001729464207236893,9.438978209377208E-4,5.146607851296954E-4,5.662584387082479E-4,0.016532233601763445,9.364973460425495E-4,0.0076064429158489814,0.001555762619089779,0.010982424981442031,2.5232829584412536E-4,0.0015508489275027854,5.489590408922284E-4,0.015626675365715496,0.0013844597416580835,1.559461107557501E-4],[6.774250049055327E-5,5.44017597406135E-4,0.0015444029303577226,0.0016358536450593784,9.188158706050756E-5,0.014294951124251156,8.51504463224628E-5,6.247462015063812E-5,0.003649488825361714,1.6385198761180808E-4,1.905895643212706E-4,2.8462353600353243E-4,8.825004563082913E-4,4.7933394682496595E-4,1.3480877732888836E-4,1.390549739165298E-4,1.0757070718317125E-4,5.516069495931572E-4,4.8083499368589813E-4,1.0,2.659495922671112E-4,3.246471887403264E-4,0.005098164984884308,1.4070226611597744E-4,3.0477333537773897E-4,0.001029500039367075,7.67422316637154E-4,2.841407368102235E-4,2.0722487900804042E-4,3.09281204849969E-5,0.03138995285918956,1.5980760473790616E-4,0.0015550098117284399,3.5384892699078907E-4,0.010847242681630783,1.7943045324141294E-4,0.0012389279216541912,9.624829360663109E-5,0.02160822399869352,9.746287035958855E-4,1.6149268236191502E-4],[5.817508179460091E-5,0.0016401431989422311,4.1422050672299383E-4,4.417233453283722E-4,8.409005493867137E-5,0.0010517935034445335,4.085739634642497E-5,2.1454185570494696E-4,0.00252465669665489,1.7885964446257216E-4,1.986062463853271E-4,3.69728199362452E-4,0.0011548463785188811,8.919756572135981E-4,1.8703249815850054E-4,1.8623597387912517E-4,2.681418831924738E-4,0.003482813494230883,0.001281907980682234,2.659495922671112E-4,1.0,5.653965335345695E-4,0.003926514248512088,2.494833366902495E-4,3.028488914441757E-4,3.4143451174723394E-4,3.717479409776274E-4,3.1177077505165226E-4,2.385179826099107E-4,1.7308811924914607E-4,0.04460054172437221,2.5927010449914597E-4,0.00464249448064775,3.446187066196577E-4,0.00632141526066858,2.597577823381038E-4,0.001000967980801443,2.1035601526454758E-4,0.02226911081946583,3.3235447393176594E-4,1.882569299195913E-4],[3.4899984182560354E-4,0.0013592177322195864,0.001317849525629145,7.424579178813895E-4,3.993386733000257E-4,0.012092138974662627,3.464596316643913E-5,3.391154420157758E-4,7.423710643106962E-4,5.821931527421054E-4,2.5696140795009037E-4,5.707079444787282E-4,0.0022844416914167935,7.597819524143588E-4,3.0632202832839165E-4,1.8137637899361402E-4,1.0652544688439829E-4,0.004335547646957945,0.001113821862279233,3.246471887403264E-4,5.653965335345695E-4,1.0,0.004554941219603095,2.576176514770483E-4,5.135412745561559E-4,6.519017492603638E-4,0.0015087727373934655,5.579321509105196E-4,5.080525915462327E-4,4.7938918835499034E-5,0.020652907207085187,5.132908912162871E-4,0.010121010598607587,7.002055531717951E-4,0.00866450212563632,3.419069573082996E-4,0.0010155324996550614,1.922901889495289E-4,0.014922251790617045,0.0011183397888133086,1.8677612976759688E-4],[0.01638797128699043,0.005636524159863473,0.00961308560769142,0.009059563351690655,0.008101738473131672,0.015274923472262553,0.009730645528721759,0.009572371595593801,0.011285857294987066,0.005858615096871023,0.01581105681732247,0.009506503461811266,0.012414878124225636,0.0032609057594688838,0.012856780888157676,0.011117045529976959,0.015294625564994602,0.016581478491589193,0.010934950557319844,0.005098164984884308,0.003926514248512088,0.004554941219603095,1.0,0.01273174895221777,0.003694907299535973,0.008840168473670262,0.009241168766856558,0.007346343133167463,0.012097422027476228,0.006005294639117143,0.027258702267786785,0.0033633075676660386,0.013758749485126637,0.006775544384402024,0.014150815668030177,0.008408471013265495,0.014987530732046327,0.015063601474978898,0.02080713005600077,0.013797164332990787,0.00334751965647378],[3.201690399186583E-5,3.185264770602528E-4,0.001429750409819691,0.0018573001943350007,4.106778459504305E-5,2.740422580765545E-4,4.5870537620045074E-5,7.720264981768037E-5,0.004967972254690987,1.267847089509129E-4,1.815173903839788E-4,2.610703068913889E-4,0.0013570963838960054,3.979686275836339E-4,1.1355125098148502E-4,1.2225279981643633E-4,1.00872669382075E-4,0.018936418530413033,5.505142759834763E-4,1.4070226611597744E-4,2.494833366902495E-4,2.576176514770483E-4,0.01273174895221777,1.0,1.9835085115872713E-4,9.244987847581394E-4,0.0014597257151864483,4.5693260371670977E-4,2.041559686824224E-4,1.6913173468089074E-5,0.00968529380236809,1.0728543239683293E-4,0.002275198791781631,3.9613969780765606E-4,0.007067291319206448,1.5410329794013721E-4,5.417970769879941E-4,8.32770851228418E-5,0.00505662347758577,4.078453718010784E-4,1.0626464144780798E-4],[2.877459808271019E-4,0.0015522139554033894,0.0017105012527927866,0.0013487616977987179,3.295261666547217E-4,0.008066938077180898,1.5810690667318824E-5,2.2572094626244478E-4,0.004447293158124223,2.4131824324183352E-4,3.4089626520490387E-4,4.080008919931684E-4,0.002534370464029035,4.5709262607027275E-4,1.923271013787623E-4,1.7949429334977382E-4,3.0281241377961665E-4,0.012498258844549682,4.787891620785387E-4,3.0477333537773897E-4,3.028488914441757E-4,5.135412745561559E-4,0.003694907299535973,1.9835085115872713E-4,1.0,6.691614738992335E-4,6.898154453394089E-4,4.1509093379685035E-4,2.8035533449756E-4,1.6759367294461437E-4,0.02165898865513291,1.236138980728029E-4,0.004456157855230532,4.77955231185877E-4,0.006606206643695137,2.3499918336192867E-4,0.001017407984540608,3.0813021114302054E-4,0.026029510212327175,4.17107524426131E-4,1.7604407638683998E-4],[2.0256816390909702E-4,0.0015602760500261232,0.0024163391120977395,0.0012485285922265678,8.367277820887478E-5,0.011264300669409753,8.007725866665716E-4,4.556218634815303E-4,0.0019311229243953979,5.733742165850644E-4,4.5599061137456206E-4,6.847471365045304E-4,0.0021905068971820726,0.0011292264378687995,8.590089910464979E-4,9.957089606088937E-4,6.191657275507495E-4,0.011821426939594018,0.0013307633262273505,0.001029500039367075,3.4143451174723394E-4,6.519017492603638E-4,0.008840168473670262,9.244987847581394E-4,6.691614738992335E-4,1.0,0.0013960615357682979,5.508674029445475E-4,5.48148255931248E-4,2.8956567437122014E-4,0.024735151739572518,3.083600421671264E-4,0.010936249106450609,9.769573356221248E-4,0.010898309371790448,5.608182367556635E-4,0.001109729567542265,0.0010094581989907182,0.018776065761393027,0.0011594120568176624,2.497747172727238E-4],[0.0012713836399593369,0.0017891246398902348,0.002191297572273558,0.00190213911661939,2.552386300738807E-4,0.012725555573019373,7.255371871047148E-4,0.001034611690802983,0.0034552193320477984,9.366629474456822E-4,0.00146004503222934,0.0015419414558021094,0.002573691079416333,0.0016627150194462583,0.0014589872284402057,0.0014901650644223606,1.1247050871879528E-4,0.0025921181275955127,0.001729464207236893,7.67422316637154E-4,3.717479409776274E-4,0.0015087727373934655,0.009241168766856558,0.0014597257151864483,6.898154453394089E-4,0.0013960615357682979,1.0,6.843548684291849E-4,2.594006014854671E-4,9.543986216614074E-4,0.04668027532215359,6.933798899342144E-4,0.0035805137689506783,0.0017236343588207322,0.005143753064454183,0.0015958334565176397,0.0016669059536667155,3.849646138449559E-4,0.016447543233967795,0.0013976322233655658,0.0015765835206936246],[2.088466504544394E-4,0.002039328782892326,0.0016920068374208083,6.950435856695808E-4,1.5878409742547934E-4,0.007140433762120424,4.468227763155213E-4,1.6841836896058652E-4,0.0013329296865243676,4.326146913470602E-4,4.087053209421679E-4,4.515454521804658E-4,0.0011625596060325593,7.268063669573529E-4,2.8921912519870824E-4,4.574151357492406E-4,1.1417150206625531E-4,0.014703405042235008,9.438978209377208E-4,2.841407368102235E-4,3.1177077505165226E-4,5.579321509105196E-4,0.007346343133167463,4.5693260371670977E-4,4.1509093379685035E-4,5.508674029445475E-4,6.843548684291849E-4,1.0,2.560468881378472E-4,1.1665580696231026E-4,0.018214076733757193,2.087042545786119E-4,0.011367251132884195,6.967128787317874E-4,0.004835492040765907,4.426786177877824E-4,0.0012306180555268112,7.745571846317704E-5,0.0170970400842162,5.588419221210695E-4,1.931056248330532E-4],[1.9170578904733894E-5,0.0019535895214551477,0.001127922201262929,0.0014279475683318843,9.737984439130765E-5,0.006362013105893468,7.476926581126154E-5,1.248032125274878E-4,4.5315072542535416E-4,1.6740407782361969E-4,2.0353314131167627E-4,3.961194079012731E-4,0.002405658903574517,2.4655337333506143E-4,1.31309361223921E-4,1.9922490779836723E-4,1.984780696118653E-4,0.014466066192771902,5.146607851296954E-4,2.0722487900804042E-4,2.385179826099107E-4,5.080525915462327E-4,0.012097422027476228,2.041559686824224E-4,2.8035533449756E-4,5.48148255931248E-4,2.594006014854671E-4,2.560468881378472E-4,1.0,4.900971846521746E-5,0.027989386258839153,1.6190640700631902E-4,0.0020500862364675946,5.019767015826398E-4,0.008657040743643638,2.116275933159548E-4,2.680617324845792E-4,1.7563397351214505E-4,0.009766301525506199,6.310858252570974E-4,1.932873186362669E-4],[1.1333854762940705E-5,9.674175623995538E-5,0.002989658909343803,4.2916748604085453E-4,2.28289305884599E-5,0.011888064099166071,1.1426980860348283E-5,1.684310558932566E-5,0.0020293926315928922,2.613529539470105E-5,2.4668624612526504E-5,2.8371443034985353E-4,0.002876904496873018,6.016361866992849E-5,4.893188901247766E-5,3.945127465905685E-5,8.238089410898702E-5,0.01012343810663083,5.662584387082479E-4,3.09281204849969E-5,1.7308811924914607E-4,4.7938918835499034E-5,0.006005294639117143,1.6913173468089074E-5,1.6759367294461437E-4,2.8956567437122014E-4,9.543986216614074E-4,1.1665580696231026E-4,4.900971846521746E-5,1.0,0.010336480614473136,3.0739397707118294E-5,0.009883089528598342,7.668679871295779E-4,0.010123149288063614,5.70430413925557E-5,6.352584654193235E-4,3.9331891243364015E-5,0.024098518243253104,0.0011546915667613612,5.975730683830432E-5],[0.015408365789553458,0.019908260039571187,0.019182564655775874,0.047067287012274334,0.05066103110721226,0.040699244975639814,0.047026664003197535,0.01691710580267885,0.007160558275662422,0.006714793887067233,0.0026301476516250163,0.036919903508983914,0.02030300081407162,0.016240772735215608,0.03961297873619711,0.019174076859014934,0.006166263861693402,0.02932383093635995,0.016532233601763445,0.03138995285918956,0.04460054172437221,0.020652907207085187,0.027258702267786785,0.00968529380236809,0.02165898865513291,0.024735151739572518,0.04668027532215359,0.018214076733757193,0.027989386258839153,0.010336480614473136,1.0,0.03891762305933414,0.036466741927262514,0.04496165536516495,0.03675734219718271,0.04567855471913648,0.04408530270927426,0.006355170706244773,0.05145721196313204,0.028480336560533327,0.03342961693995976],[4.668255587789582E-5,4.513650254177965E-4,0.00186146035862745,0.001180212305531717,1.01213732165019E-4,0.011842523016311267,3.3994282397593076E-5,2.1014607703908326E-5,0.0033618524722511625,1.48701489276541E-4,1.4387490768947585E-4,4.1914717852658813E-4,0.001728862262774808,4.056619294852232E-4,1.1881749667657641E-4,1.1530397166462233E-4,1.0828549980022016E-4,0.00950715495950582,9.364973460425495E-4,1.5980760473790616E-4,2.5927010449914597E-4,5.132908912162871E-4,0.0033633075676660386,1.0728543239683293E-4,1.236138980728029E-4,3.083600421671264E-4,6.933798899342144E-4,2.087042545786119E-4,1.6190640700631902E-4,3.0739397707118294E-5,0.03891762305933414,1.0,0.010533845372487681,1.4261097639525834E-4,0.0064166178608771945,1.5052914910921585E-4,8.109260532063461E-4,9.281856596678672E-5,0.003391099445336539,6.019095389899775E-4,1.0952018695876727E-4],[0.007374934718547315,0.008934108892820213,0.010223293009196756,0.005827629388158582,0.007477790636905413,0.01307097111909367,0.006059859463334528,0.009912894267243129,0.011489781278745928,0.009898063714212299,0.007917230561937943,0.007708019128487061,0.010080704221241804,0.006604505821006262,0.00831843383685979,0.009419498599479327,0.002433381932256148,0.013477665960805433,0.0076064429158489814,0.0015550098117284399,0.00464249448064775,0.010121010598607587,0.013758749485126637,0.002275198791781631,0.004456157855230532,0.010936249106450609,0.0035805137689506783,0.011367251132884195,0.0020500862364675946,0.009883089528598342,0.036466741927262514,0.010533845372487681,1.0,0.008288818602985994,0.011627906976744186,0.007561935232917585,0.004366481886406694,0.002815230204572286,0.015332400766107233,0.00621768139603864,0.009379988349627263],[1.7566061886383475E-4,0.0012751916187406548,0.00407139649637645,0.001593243360218256,7.694440126579057E-4,0.0032365808400735005,2.91946616555852E-4,6.882850866162271E-4,0.0015491197042994038,3.976026254388228E-4,2.1845742333227147E-4,4.742002943132132E-4,0.002015160968837566,0.0011085227675936944,3.930408992570927E-4,3.686316465319124E-4,2.5539132198394867E-4,0.0173539631340115,0.001555762619089779,3.5384892699078907E-4,3.446187066196577E-4,7.002055531717951E-4,0.006775544384402024,3.9613969780765606E-4,4.77955231185877E-4,9.769573356221248E-4,0.0017236343588207322,6.967128787317874E-4,5.019767015826398E-4,7.668679871295779E-4,0.04496165536516495,1.4261097639525834E-4,0.008288818602985994,1.0,0.0024774682229205106,8.077679352835557E-4,8.713578292107325E-4,2.1003751241898744E-4,0.003920693582660175,9.029677268187206E-4,6.163800202770437E-4],[9.366023981413678E-4,0.009319640363117755,0.004677546999657292,0.00662285031800677,0.006571666889315738,0.014482003158541588,0.004278763191616888,0.0012860914612247481,0.008520893488755036,0.010230964036532135,0.011134030234690579,0.00562804556250893,0.011562346645274387,0.004595147657268204,0.008865858014558163,0.006561489024594418,7.538126912461614E-4,0.018522765659586382,0.010982424981442031,0.010847242681630783,0.00632141526066858,0.00866450212563632,0.014150815668030177,0.007067291319206448,0.006606206643695137,0.010898309371790448,0.005143753064454183,0.004835492040765907,0.008657040743643638,0.010123149288063614,0.03675734219718271,0.0064166178608771945,0.011627906976744186,0.0024774682229205106,1.0,0.0058600573612074295,0.00791396463540392,0.00772430016070544,0.017135535395403842,0.006109252644606001,0.008505772998556064],[4.968684158264064E-5,3.8065842375195423E-4,0.0020089707738628984,0.0017156604939797193,1.7075270935630246E-4,0.014465700925278055,3.449727417040126E-5,1.4852913039975434E-4,0.0030326310453728765,2.0367037172742936E-4,2.1219872197972042E-4,3.9999125707782033E-4,5.998355300835007E-4,7.263951098946499E-4,1.888031421642002E-4,1.620312793749248E-4,1.862046052139956E-4,0.004434850242981445,2.5232829584412536E-4,1.7943045324141294E-4,2.597577823381038E-4,3.419069573082996E-4,0.008408471013265495,1.5410329794013721E-4,2.3499918336192867E-4,5.608182367556635E-4,0.0015958334565176397,4.426786177877824E-4,2.116275933159548E-4,5.70430413925557E-5,0.04567855471913648,1.5052914910921585E-4,0.007561935232917585,8.077679352835557E-4,0.0058600573612074295,1.0,9.199730479776196E-4,9.309019293752519E-5,0.012304511536513728,6.052544702645889E-4,1.802777804136154E-4],[0.001147297068370519,0.0014462741215313093,0.0017177033960975876,0.0014395336741486063,0.0010271651860901381,0.0015899979678022141,0.0012291468785394144,2.794184800140674E-4,0.004631224285429218,2.727493274795114E-4,0.0011145979106799433,6.011423224612982E-4,0.0014096321694700763,0.0012204765699689653,8.123734418593449E-4,8.828681169808722E-4,5.62306479818748E-4,0.008158798567928663,0.0015508489275027854,0.0012389279216541912,0.001000967980801443,0.0010155324996550614,0.014987530732046327,5.417970769879941E-4,0.001017407984540608,0.001109729567542265,0.0016669059536667155,0.0012306180555268112,2.680617324845792E-4,6.352584654193235E-4,0.04408530270927426,8.109260532063461E-4,0.004366481886406694,8.713578292107325E-4,0.00791396463540392,9.199730479776196E-4,1.0,0.001132386995087968,0.017139789807545616,0.001241193804305167,7.436998814872244E-4],[1.4072903330306893E-5,6.712682289652289E-4,0.0034410566217228794,0.0016510643456208794,4.786768783651367E-5,0.010610756402681061,1.2406212118662636E-5,4.336858838587824E-5,0.003587678558611934,1.5076346318784045E-4,6.061213541287647E-5,3.1971395949103145E-4,0.002834213976698776,0.0011046412358913273,1.0657693280925398E-4,6.118825887366339E-5,8.330350726506274E-5,0.002628143815317338,5.489590408922284E-4,9.624829360663109E-5,2.1035601526454758E-4,1.922901889495289E-4,0.015063601474978898,8.32770851228418E-5,3.0813021114302054E-4,0.0010094581989907182,3.849646138449559E-4,7.745571846317704E-5,1.7563397351214505E-4,3.9331891243364015E-5,0.006355170706244773,9.281856596678672E-5,0.002815230204572286,2.1003751241898744E-4,0.00772430016070544,9.309019293752519E-5,0.001132386995087968,1.0,0.01638086644845269,8.601317439038491E-4,1.072794255570946E-4],[0.01679629737215907,0.003108010313360038,0.017775671580042895,0.010581461625321734,0.01785491090993896,0.01957896201048834,0.014922861526555697,0.01498592062255946,0.013116284203803855,0.014766218091070982,0.018516523306260368,0.006031857316288549,0.007020428506325544,0.025674231700506946,0.0037266089391021586,0.02286150940245823,5.505922013945093E-4,0.023449779689476574,0.015626675365715496,0.02160822399869352,0.02226911081946583,0.014922251790617045,0.02080713005600077,0.00505662347758577,0.026029510212327175,0.018776065761393027,0.016447543233967795,0.0170970400842162,0.009766301525506199,0.024098518243253104,0.05145721196313204,0.003391099445336539,0.015332400766107233,0.003920693582660175,0.017135535395403842,0.012304511536513728,0.017139789807545616,0.01638086644845269,1.0,0.017638022944747308,0.012205948789936692],[0.001106111318551136,0.001368496228747418,0.0030035392660767587,0.0013249146932413206,9.346430766434946E-4,0.007560707737229328,3.279777243001705E-4,5.221164450542313E-4,0.004038710854773968,6.091378780450293E-4,3.362618140409474E-4,0.0010500391660794805,0.0017720183096314895,0.001208689300073554,3.426340614219298E-4,0.001177320142500334,6.490952558224314E-4,0.01262184993296322,0.0013844597416580835,9.746287035958855E-4,3.3235447393176594E-4,0.0011183397888133086,0.013797164332990787,4.078453718010784E-4,4.17107524426131E-4,0.0011594120568176624,0.0013976322233655658,5.588419221210695E-4,6.310858252570974E-4,0.0011546915667613612,0.028480336560533327,6.019095389899775E-4,0.00621768139603864,9.029677268187206E-4,0.006109252644606001,6.052544702645889E-4,0.001241193804305167,8.601317439038491E-4,0.017638022944747308,1.0,1.1598662569674626E-4],[1.116874801034063E-5,7.716951338737957E-4,0.0018058096644505792,0.0016688994112993042,5.263781531506762E-5,0.004422427857028683,5.023770061641154E-5,8.886998579958521E-5,4.566520677666231E-4,1.1548107496176894E-4,1.6591118434105948E-4,2.7748778221785904E-4,1.2236396069008625E-4,8.541034797802885E-4,1.0887330487182777E-4,1.1714562601670495E-4,1.0673039962292664E-4,0.00869492622771215,1.559461107557501E-4,1.6149268236191502E-4,1.882569299195913E-4,1.8677612976759688E-4,0.00334751965647378,1.0626464144780798E-4,1.7604407638683998E-4,2.497747172727238E-4,0.0015765835206936246,1.931056248330532E-4,1.932873186362669E-4,5.975730683830432E-5,0.03342961693995976,1.0952018695876727E-4,0.009379988349627263,6.163800202770437E-4,0.008505772998556064,1.802777804136154E-4,7.436998814872244E-4,1.072794255570946E-4,0.012205948789936692,1.1598662569674626E-4,1.0]]