[[1.0,0.008666199582217347,0.01917945375684095,0.0038396371691451535,0.005654026254028174,0.008806020229615701,0.03545320525955312,0.01664114852964136,0.0016795786724470815,0.019523105725133855,0.002165336199050784,0.013873808053818337,0.009623455899966743,0.013834898270972682,0.01144960938546023,0.026481850174201196,0.013297249339739239,8.533928382983981E-4,2.7995349288159903E-4,0.0012790062456806304,0.01878164983029511,0.001850113290249296,0.0036764963570043874,0.022533818635205708,0.007232774450229273,0.017703064069460872,0.003993662594583734,0.019727710705958183,0.011505248004094491,0.009323281274070257,0.0160691640261845,0.013048937769526881,0.01904656385266527,0.005876694913002321,0.060122416856878164,0.0019907662508170925,0.005945018289125384,0.01572687993737449,0.01154042006493184,0.017407980717362964,6.903262153561722E-4,0.021547807805378152,0.013502429532792595,0.009370178140807395,0.018083416001379648,0.015971194527529188,0.00489830784765475,0.013155584758028454,0.0179205225094168,0.019274875153529054,0.01146816240254728,0.004152821615643958,0.002190075111962053,0.006113799342107672,0.008452003713445825],[0.008666199582217347,1.0,4.082946343029354E-4,7.504203171395954E-4,6.520576517054649E-4,0.0014026407216879094,0.04488549577604712,0.0015176896344270816,4.3739964163416257E-4,0.002728669772717081,7.379401911531742E-4,1.751169450195541E-4,5.170614056487999E-4,0.001057280900833234,6.238523561582809E-4,0.004994754465130565,0.001559756000126224,6.959685788936153E-4,0.0011555783480421075,5.740733354706435E-4,0.013210373829899402,0.0012111753095538807,1.7974700648250516E-4,0.01732451755016202,0.0011474042177118753,0.0016196200184282823,5.504415521616681E-4,0.0010660110980722334,9.916041803684327E-4,7.824865094462587E-4,5.505120417056367E-4,0.001538165756321429,2.907557029635985E-4,2.6394636427584477E-4,0.0281724935779142,6.060049956802415E-4,4.970543047286816E-4,3.275305291650425E-4,0.004005419301047097,0.0011558185730031645,5.520375485435123E-4,0.01291841802050776,0.0012437445947560705,0.0015312389717042653,0.0031762321603035905,0.002945212240780432,6.380413466793191E-4,0.0012032319876559717,0.013182249703171424,0.006039114210437915,1.0844970642888245E-4,3.3234400360910014E-5,3.899292292924403E-4,8.753941624245345E-4,0.0011365125448287105],[0.01917945375684095,4.082946343029354E-4,1.0,7.472255081391222E-5,3.1112878665318013E-4,5.459668665953758E-4,0.03919338329231911,4.951381778006366E-4,6.991962505795017E-5,0.009783984884447835,2.5764803413945263E-4,1.2227780294420901E-4,1.0051951001720385E-4,4.4623083023077484E-5,2.1717680416241073E-4,0.020444431578696028,0.0012936802931714847,1.0199028271995505E-4,7.488422638628127E-5,2.5377348537093154E-4,0.014754422976812908,2.093884542450655E-4,1.2786269705644012E-4,0.01721139041485798,1.317476394530358E-4,6.407400846639235E-4,1.0594259078941867E-4,3.731358271306544E-4,1.0122227450301338E-4,1.926632087998871E-4,2.6208870533920724E-4,0.002727719078879438,1.2783253079788035E-4,6.839594191978708E-5,0.006510221875504081,2.1200725201655333E-4,9.772167344063963E-5,2.460931877797183E-4,5.087435871349477E-4,1.141184344137239E-4,2.8779654712210315E-4,0.019188613496078494,3.205684240784647E-4,7.125633101377176E-4,0.009478667299601746,0.002520371413066218,1.1395678729757562E-4,1.286681136018265E-4,0.013946428008034462,1.9711319616311782E-4,7.37815949847544E-5,7.434755867997685E-5,3.8321880829858855E-5,3.846169836842022E-5,2.7957567056310635E-4],[0.0038396371691451535,7.504203171395954E-4,7.472255081391222E-5,1.0,1.4927211052000405E-4,0.001180611732737228,0.002616104008458971,0.0015257907280680008,1.324134568373019E-5,0.006375749127870582,2.3685128609481624E-4,7.357376709924729E-5,1.0430059023337982E-5,3.396098284748608E-5,1.6442513279664054E-4,0.008700528629291755,0.0015281591151702029,5.218302041950262E-5,1.88082365180177E-5,1.7157574030296312E-4,0.004283705731310436,1.3902753279347297E-5,1.3135092647251703E-5,0.02327943227422105,2.193048346662555E-5,0.003004591708703054,1.2093077497105834E-4,3.5174054903058127E-4,2.9784827734166214E-5,2.2743629957770696E-4,2.44804538600061E-5,9.021561066312659E-4,2.0657446970326516E-5,1.1387093866280621E-5,0.017389208869758692,1.935825179916632E-4,9.412989962461004E-5,2.3941541990476817E-4,0.001345724337798288,1.1795000564961354E-4,1.5922714862925301E-4,0.014347574722533875,3.188499610048093E-4,3.951200586120522E-4,0.010281416359645119,0.0014730309373190914,1.2861444579150997E-4,7.032761940686802E-5,0.008051090227822959,0.001933725944602491,1.1241434338121085E-5,1.4938132898698106E-5,1.3563744135110753E-5,1.8187191059388888E-5,7.945923340192286E-4],[0.005654026254028174,6.520576517054649E-4,3.1112878665318013E-4,1.4927211052000405E-4,1.0,0.0010285139284066137,0.04393969238379415,4.1688203720335296E-4,2.734075275249688E-4,0.01280272445180402,3.081145397793858E-4,2.312060058555117E-4,2.309992953307308E-4,5.2772643052220626E-5,3.1999846032539824E-4,0.014473629655046024,0.0011146762080270786,3.120184646448042E-4,8.982864538623785E-5,3.6315796913101754E-4,0.009549177143544842,7.140068878052543E-4,1.5588235023289532E-4,0.008783363814196915,3.1095479712005893E-4,0.001316595594677628,1.687135712741156E-4,4.120869937244033E-4,1.8199616610599574E-4,2.8909675276727383E-4,3.269218862688432E-4,0.003356773998416925,2.3773440230395298E-4,3.185745662796376E-4,0.054455390520939034,2.6437254842206993E-4,2.279129480504001E-4,3.2008227468227434E-4,0.007893020724236442,3.253889034715078E-4,3.3792756093866473E-4,0.005775154001014025,5.852858823763969E-4,0.0017502084188679838,0.006621510915920301,0.002983654792006841,3.3464480223865516E-4,2.940331100875702E-4,0.010185825460953596,0.003195590892225677,1.633908687346758E-4,1.2349118560041366E-4,6.033592495429313E-5,2.675503606880598E-4,4.216786786093692E-4],[0.008806020229615701,0.0014026407216879094,5.459668665953758E-4,0.001180611732737228,0.0010285139284066137,1.0,0.00681306305266185,0.0015766099286082516,0.001235803643549534,0.015302035215355994,5.383926431557001E-4,8.114857904489025E-4,0.001434339739056095,0.0010229393022709095,3.565897707037038E-4,0.0014707777918741062,0.0015907176984297834,9.383895982905184E-4,8.520007963371968E-4,4.702328467593174E-4,0.015587594245592404,0.0012669783294012302,8.398671905410771E-4,0.017756818419111125,0.0010533656607258706,0.002638672226903345,6.166383145653318E-4,0.0012607093975938381,3.502355058908211E-4,0.0010422524726979143,9.210339439212195E-4,0.001969295834795632,0.0012381637504141447,0.001356769711093975,0.022551344324071895,8.653011077902794E-4,3.7683424299275834E-4,9.520816216732489E-4,0.0032727597972119593,0.0011570726271652692,5.353770578958234E-4,0.010405470575784006,0.0011609311903204216,0.0016573014009519773,0.009213799655157732,0.0027223877125357996,6.659528712055589E-4,7.279147926183325E-4,0.0028951648473018957,0.006028447742161903,2.211226528842294E-4,0.001279599190970583,4.961715726678267E-4,0.0010912977174619015,0.0011644653123996887],[0.03545320525955312,0.04488549577604712,0.03919338329231911,0.002616104008458971,0.04393969238379415,0.00681306305266185,1.0,0.043636407386852406,6.721194237346231E-4,0.03123653055677828,9.428662696768966E-4,0.005871433455927286,0.012293808391603649,0.013454724487034359,0.027755284460726795,0.03932347699423302,0.009346969190980886,0.007617279809442176,0.04360768253616799,0.03329599277972381,0.020547942464083882,0.0024008076236097043,0.004778029154067103,0.04135642946024888,0.004912121252633024,0.006623167795471712,0.026747375157721978,0.024940789296370433,0.02580193612092209,0.037499898134194076,0.03325011736206213,0.014089073977234853,0.0448517188353923,0.03020685373260073,0.05744143064097312,0.03491173747752114,0.0020113696827539587,0.01565117546665836,0.047059160135916676,0.02488310075984139,0.006918421821471917,0.03732076764679666,0.025500893514939393,0.0418996917932834,0.03445167530505133,0.021488405451587585,0.0060836768090116134,0.008340619621739407,0.0441518039797374,0.04005973776669651,0.017943771295098894,0.015885370859819937,0.03126666804711938,0.020799205557275775,0.04148583064012273],[0.01664114852964136,0.0015176896344270816,4.951381778006366E-4,0.0015257907280680008,4.1688203720335296E-4,0.0015766099286082516,0.043636407386852406,1.0,9.689777649527298E-4,0.0034138851454995605,8.513338382040546E-4,3.809062454214517E-4,5.860547915390414E-4,2.8512485156921986E-4,8.502960815633359E-4,0.023699215425089237,0.0017919438499006683,0.001110944899816269,0.001914414894785633,0.0014502905523380827,0.012209943195160583,0.0017072315490531717,0.0016997370930781689,0.006572922031311788,0.0017534333057555086,0.0019212495552255826,2.0116328737352203E-4,0.0017629214837769614,6.727027458951131E-4,0.0018977536828716493,7.909316579392227E-4,0.003317919566131566,0.0017674397811490786,0.0015715291012115531,0.04974060485171246,0.001441869284972005,5.257561985136117E-4,0.0014624090839221832,0.0031871562590744767,0.0011566174695849286,0.001522891965898713,0.017249835679058415,0.0015217412089251936,0.0018697733446406426,0.010500248410371789,0.002296282189994007,0.001535141308182706,2.640006946408826E-4,0.005573952090949315,0.0030470564829407605,8.25860614095962E-4,0.0012569726587633569,0.0011398169085704182,1.3452509882410727E-4,0.0011315026824799928],[0.0016795786724470815,4.3739964163416257E-4,6.991962505795017E-5,1.324134568373019E-5,2.734075275249688E-4,0.001235803643549534,6.721194237346231E-4,9.689777649527298E-4,1.0,0.01510979826418728,1.4954578778203959E-4,9.000641371196487E-5,6.202755554910042E-5,6.404539997637854E-5,1.3596856362104917E-4,0.01747953253561996,4.816964369437458E-4,6.537445196533423E-5,5.0218874602014224E-5,1.4395693823578801E-4,0.007803318592454465,6.176044931444478E-4,1.3490768140752353E-4,0.016225112261685805,1.5539404065980836E-4,5.258430147798825E-4,1.375791779290839E-4,4.5818893282174893E-4,9.430079877788051E-5,7.965117508050333E-5,1.7181295406128606E-4,0.0020191436638527065,1.3288765400806829E-4,2.079106677440463E-5,0.06131132469821938,9.246483782367688E-5,7.025229547688187E-5,2.6070353448309416E-4,0.002336006076444499,1.522646416803485E-4,1.344902190644696E-4,0.004185295218961519,8.732903657665853E-4,8.087681797335226E-4,0.0010791213390375603,0.0019387682707052935,1.320323209794521E-4,9.282623552306631E-5,3.9694338885699307E-4,0.003871703373737637,2.7570294500401986E-5,4.063239590617686E-5,2.1100565205958457E-5,3.53987177866887E-5,9.230800233420173E-4],[0.019523105725133855,0.002728669772717081,0.009783984884447835,0.006375749127870582,0.01280272445180402,0.015302035215355994,0.03123653055677828,0.0034138851454995605,0.01510979826418728,1.0,0.011913635732216854,0.00931218498619696,0.003964627718988297,0.005663725759730285,0.004096254981358877,0.02635494115805681,0.010083351598532022,7.734625409991304E-4,0.01233470376859363,0.005726303742938234,0.01795410040425894,0.013066728079035502,8.588341120925505E-4,0.021152140625440904,0.017182956545748935,0.004625776542621947,0.01112234510325169,0.012007622049049389,0.013301037786020526,0.011869619318449097,0.007907855903295902,0.01771478523637372,0.011799780735659718,0.01583418502519919,0.03249107469439802,0.013496094711510066,0.0064988869454936276,0.013490820624143335,0.009863611477090561,0.001032305213709046,0.009531074594699701,0.018649896666855088,0.0027899040058532035,0.004106909280720107,0.01563073494166463,0.00819191200111756,4.396971125530181E-4,0.0022941996977586493,0.014724683250661636,0.00799731516517923,0.003369105923687868,0.0024899671839515663,0.0042018825495179195,0.012697875831486573,0.01651585027691259],[0.002165336199050784,7.379401911531742E-4,2.5764803413945263E-4,2.3685128609481624E-4,3.081145397793858E-4,5.383926431557001E-4,9.428662696768966E-4,8.513338382040546E-4,1.4954578778203959E-4,0.011913635732216854,1.0,1.9520293418989466E-4,8.193282439412016E-5,1.8184796287765178E-4,2.63907941906633E-4,0.024416404926180177,0.0015569735606578248,1.330007827706521E-4,1.4835334567384612E-4,3.102835813438468E-4,0.01671658134611212,4.245641982687311E-4,1.5841221671734383E-4,0.01916337577094004,2.852264137754464E-4,0.002208702977226435,2.478654314571352E-4,3.458444842286385E-4,2.538951658389208E-4,2.4832354837316204E-4,2.7255859532982835E-4,6.036295524832227E-4,2.008657218639158E-4,2.570986511323493E-4,0.01852110773451378,2.1923885462366653E-4,1.89609066359368E-4,2.7504071545113605E-4,0.001759772239559752,2.6027437732487096E-4,3.1864511291305005E-4,5.400855905003002E-4,4.025830713246614E-4,8.132182230275515E-4,0.011942717158660483,5.043746477381859E-4,2.905436036986955E-4,2.5552805881256705E-4,0.0014505482389793644,0.0017281115608227052,1.9178808205302903E-4,1.855324407365438E-4,7.949861690324277E-5,1.6749976554764442E-4,7.059725901943E-4],[0.013873808053818337,1.751169450195541E-4,1.2227780294420901E-4,7.357376709924729E-5,2.312060058555117E-4,8.114857904489025E-4,0.005871433455927286,3.809062454214517E-4,9.000641371196487E-5,0.00931218498619696,1.9520293418989466E-4,1.0,2.370469321790623E-5,8.589599772031304E-5,2.1323221299504445E-4,0.02571317714449891,0.0014650595490454485,6.56859920164804E-5,1.0716512836594607E-4,3.830837430501926E-4,0.01277632482883437,8.901190180338585E-4,1.3570569507159508E-4,0.018445696129868093,2.0160481956966845E-4,7.668871262951787E-4,1.474548094367782E-4,1.7085670823067093E-4,1.333645519001924E-4,2.1069321480752298E-4,2.535574920278163E-4,0.0037814686310948765,1.496225948012993E-4,1.1818439516669043E-4,0.0024706683080591074,2.0653870127708296E-4,1.0761095353663186E-4,1.8618885329692119E-4,0.0057799247456799055,2.1173828333404774E-4,2.6158556457120413E-4,0.019960577207021633,0.001024384437077232,0.001359859982171956,0.008813442745105999,0.0010218082472492093,1.863371177226251E-4,1.8825868517176556E-4,0.00977610323580797,0.0047842269123123966,2.836148711593896E-5,4.02343343335521E-5,6.913847200745022E-5,1.0209224428563698E-4,7.942033627357198E-4],[0.009623455899966743,5.170614056487999E-4,1.0051951001720385E-4,1.0430059023337982E-5,2.309992953307308E-4,0.001434339739056095,0.012293808391603649,5.860547915390414E-4,6.202755554910042E-5,0.003964627718988297,8.193282439412016E-5,2.370469321790623E-5,1.0,2.494016483155607E-5,6.075383665533557E-5,0.003687457182673338,4.06392253328511E-4,2.716211221086161E-5,1.7113182053712197E-5,3.012826817317127E-4,0.012103947088469635,7.375446367944602E-4,1.6177426849818794E-5,0.01914853969497653,1.8675109382810647E-4,8.805551649862996E-4,5.740361630377459E-5,3.8095160164475087E-4,8.245056836999481E-5,1.4195623528428933E-4,1.6703971255225403E-4,0.002175687665010775,1.1313630874472409E-4,1.2350084552171454E-5,0.029176404460518234,3.3489355743761594E-5,5.015858524988369E-5,1.3860790156053598E-4,0.0013813725704977962,2.5382469454130824E-4,3.377673157338349E-4,0.004319621946487191,7.487597271323016E-4,2.4672760033447703E-4,0.01160314014643607,5.820916108094492E-4,3.1356927220869285E-4,3.953552592380406E-5,0.0029026179772026067,0.004599701590424709,1.1268277889168204E-5,2.274295380855226E-5,1.3751214207303792E-5,2.1060177774547766E-5,7.581183673854899E-4],[0.013834898270972682,0.001057280900833234,4.4623083023077484E-5,3.396098284748608E-5,5.2772643052220626E-5,0.0010229393022709095,0.013454724487034359,2.8512485156921986E-4,6.404539997637854E-5,0.005663725759730285,1.8184796287765178E-4,8.589599772031304E-5,2.494016483155607E-5,1.0,1.2282045962117838E-4,0.020522336435603823,3.5877291260238324E-4,4.9051865945729526E-5,3.588972618751188E-5,2.297397812469197E-4,0.0014047565720753752,9.973252286340716E-4,7.609576646946406E-5,0.022759410867661402,2.823597501991062E-4,1.0691655297460315E-4,9.026979707804292E-5,4.983814102894152E-5,6.218557252999131E-5,4.6548173653465795E-5,1.481743213464258E-4,0.0016296847573110463,1.24747375846124E-4,3.7150058401936555E-5,0.06161590352486677,1.628591240145147E-4,8.368605343486997E-5,5.094238111335688E-5,0.008364244698596937,1.5846503862405073E-4,4.994883007813035E-5,0.0048432759025501615,1.9625896257106386E-4,0.0014035787379843808,0.010395556627986932,5.89430012803292E-4,2.2442633447961562E-4,1.6451475120252688E-4,6.077428871500205E-4,0.001659955358868712,3.2535725893778855E-5,3.0371553785162514E-5,2.5459756010334587E-5,2.5814587239036834E-5,4.822842243779724E-4],[0.01144960938546023,6.238523561582809E-4,2.1717680416241073E-4,1.6442513279664054E-4,3.1999846032539824E-4,3.565897707037038E-4,0.027755284460726795,8.502960815633359E-4,1.3596856362104917E-4,0.004096254981358877,2.63907941906633E-4,2.1323221299504445E-4,6.075383665533557E-5,1.2282045962117838E-4,1.0,0.021215948242823066,0.0015700905330984505,8.862622536827107E-5,5.5725607103189484E-5,3.43117331893191E-4,0.009539574872836375,0.001022386782422092,2.6544936864936663E-4,0.020399733464992475,2.87475987242591E-4,0.0018255728834011904,1.5518106283701378E-4,3.115458422465488E-4,1.2919606802041042E-4,2.6846289468565387E-4,2.883652031061987E-4,0.0013052849784156275,2.087787598028181E-4,1.726219512553653E-4,0.05230895462921413,2.61230691355739E-4,2.8139292487326076E-4,2.867012652853885E-4,0.008128053219646141,2.857790724392678E-4,3.4104335230362445E-4,0.014851034293270655,9.043656552521341E-4,0.001395239544857344,0.005821334281467482,4.296504880325574E-4,3.3578253729998355E-4,2.42305986939734E-4,0.005034812904340185,0.001616352914559744,4.42623060506817E-5,2.70654771971974E-4,1.7810231827661074E-4,2.4403840658092745E-4,6.460793095007813E-4],[0.026481850174201196,0.004994754465130565,0.020444431578696028,0.008700528629291755,0.014473629655046024,0.0014707777918741062,0.03932347699423302,0.023699215425089237,0.01747953253561996,0.02635494115805681,0.024416404926180177,0.02571317714449891,0.003687457182673338,0.020522336435603823,0.021215948242823066,1.0,0.021188573886676117,0.006835828430588314,0.010717048264018748,0.014714029466054636,0.026614452320763916,0.026565306725521348,0.010718132348041736,0.02607240139689764,0.02563437199780305,0.0042215082819915236,0.019533498504717764,0.0015528206701393736,0.022399427529723508,0.00624568888454947,0.009619903897629461,0.026075743676777955,0.005202862609965627,0.02018737572695235,0.06072742071522981,0.007299980719506669,0.02540613845797332,0.02401939065858559,0.00951467005508282,0.01207343746572273,0.017682187546013202,0.022820743086597796,0.02556169691428597,0.02158034615332534,0.019958667674448694,0.011061658962461102,0.022503602037883,0.011056324501783052,0.01529984837813346,0.011361832337029632,0.020754062827059952,0.02112342613946332,0.020323818562675993,0.005451773807192115,0.02015774759932209],[0.013297249339739239,0.001559756000126224,0.0012936802931714847,0.0015281591151702029,0.0011146762080270786,0.0015907176984297834,0.009346969190980886,0.0017919438499006683,4.816964369437458E-4,0.010083351598532022,0.0015569735606578248,0.0014650595490454485,4.06392253328511E-4,3.5877291260238324E-4,0.0015700905330984505,0.021188573886676117,1.0,9.749760616133764E-4,0.0012532758145677597,0.0013136235757774848,0.01476883500593565,0.0012026050479168465,0.0012326700763651381,0.013334413874349721,0.0014285747425295515,0.0027097072237789697,0.0010118566794633695,9.602619123824957E-4,0.001532755398049095,6.989508529208267E-4,0.0010913828149793602,0.0027684439537026496,0.0010441165309998202,2.5487517012051436E-4,0.010566415283639847,0.001566405165708093,8.248864939712966E-4,7.229444127347693E-4,0.0040196055979144244,0.0010793947041572653,5.830182552233025E-4,0.008379199862283677,0.0013946222266791835,0.00176686172574946,0.00929057033239582,0.0021253012836100105,8.438176642913396E-4,8.113005258219654E-4,0.004088976512368782,0.003909773215240926,0.0016053173415666486,9.291984520073801E-4,0.0016670899464677532,0.0010464459532391023,0.0014237955945412086],[8.533928382983981E-4,6.959685788936153E-4,1.0199028271995505E-4,5.218302041950262E-5,3.120184646448042E-4,9.383895982905184E-4,0.007617279809442176,0.001110944899816269,6.537445196533423E-5,7.734625409991304E-4,1.330007827706521E-4,6.56859920164804E-5,2.716211221086161E-5,4.9051865945729526E-5,8.862622536827107E-5,0.006835828430588314,9.749760616133764E-4,1.0,4.298079877000553E-5,1.9851845731292002E-4,0.001992329104283219,3.677993112243839E-4,9.909760698128119E-5,0.0032968869237904983,2.9107858272620394E-4,0.0023810677844722673,1.2703138010112914E-4,4.1567326312192895E-4,6.316590315133487E-5,7.475952344606424E-5,2.3686214846836302E-4,0.0016647539975766497,8.919362095061742E-5,3.700321465848918E-5,0.02238020292601231,1.4548809243608265E-4,7.55966125962735E-5,2.825585012255265E-4,3.035882791585661E-4,1.488283688444987E-4,2.860585058844264E-4,0.004988544009109386,6.118003978797048E-4,1.1509408059972602E-4,0.005902363586816028,0.0026201688712585492,2.2475288412499744E-4,1.4773800852996971E-4,0.002571896051075076,3.479200733421285E-4,3.966849831867204E-5,3.689136821148692E-5,1.5167647171677682E-5,4.4590979467873674E-5,2.103681701166127E-4],[2.7995349288159903E-4,0.0011555783480421075,7.488422638628127E-5,1.88082365180177E-5,8.982864538623785E-5,8.520007963371968E-4,0.04360768253616799,0.001914414894785633,5.0218874602014224E-5,0.01233470376859363,1.4835334567384612E-4,1.0716512836594607E-4,1.7113182053712197E-5,3.588972618751188E-5,5.5725607103189484E-5,0.010717048264018748,0.0012532758145677597,4.298079877000553E-5,1.0,3.4293667280949893E-4,0.013541421433844037,5.569925280269352E-4,1.347390522017088E-4,0.004086958165603897,2.543847735292527E-4,3.607301236699062E-4,1.460374673845071E-4,4.921564675016641E-4,8.040346951554352E-5,1.910203645838677E-4,1.77393837783452E-4,0.0028892309486954534,2.1850691989525013E-5,1.986560359630844E-5,0.024057438323872575,1.8714736280663836E-4,2.56886759002484E-5,6.057936882393958E-5,7.77897367786372E-4,2.250038330093259E-4,2.0291835042580533E-4,0.012887434179267321,8.905409477273341E-4,3.9600551927469464E-4,0.007259433533867688,0.0019744498339013114,1.302575455060863E-4,1.5679398903441487E-4,0.009263173637585507,0.004760181196654482,1.7879195862397328E-5,2.18836348844954E-5,2.124379757667972E-5,2.2595374984193117E-5,1.0113782581778065E-4],[0.0012790062456806304,5.740733354706435E-4,2.5377348537093154E-4,1.7157574030296312E-4,3.6315796913101754E-4,4.702328467593174E-4,0.03329599277972381,0.0014502905523380827,1.4395693823578801E-4,0.005726303742938234,3.102835813438468E-4,3.830837430501926E-4,3.012826817317127E-4,2.297397812469197E-4,3.43117331893191E-4,0.014714029466054636,0.0013136235757774848,1.9851845731292002E-4,3.4293667280949893E-4,1.0,0.0159458055314979,0.0010422390322440546,1.926235060584707E-4,0.0039783701430408285,3.133833631486682E-4,0.0011814700858856521,3.9476612140651945E-4,5.116512099175568E-4,1.6231176048536392E-4,4.0370057895892215E-4,4.007388517969487E-4,0.0018668185419267423,2.444179489879532E-4,1.4559714042620123E-4,0.039551343131902894,2.3554239608372662E-4,2.1018681950326176E-4,3.322497469919774E-4,0.0051694744488337465,2.7335650251300494E-4,3.5425962493533595E-4,0.010267845444853763,5.714500603556052E-4,0.0017373597743515923,0.002272338985876681,0.0020802403595075155,4.039216604713015E-4,3.6676378324193175E-4,0.0016702621673285356,0.005223271320763958,1.2990342341179324E-4,7.731934595963004E-5,5.483546090493945E-5,3.7296418260525084E-4,6.323448298487773E-4],[0.01878164983029511,0.013210373829899402,0.014754422976812908,0.004283705731310436,0.009549177143544842,0.015587594245592404,0.020547942464083882,0.012209943195160583,0.007803318592454465,0.01795410040425894,0.01671658134611212,0.01277632482883437,0.012103947088469635,0.0014047565720753752,0.009539574872836375,0.026614452320763916,0.01476883500593565,0.001992329104283219,0.013541421433844037,0.0159458055314979,1.0,0.011609247326068982,0.006603324492107961,0.020646770811386023,0.017743792815855627,0.010042238131991961,0.005093074569552319,0.011652788990036191,0.009815634225710993,0.00676347219797825,0.012652955954383354,0.009782979013967547,9.593756214747351E-4,0.015578099105279079,0.043673631439046345,0.01291423852518067,0.011815262210260231,0.00987647813139194,0.014179800841348608,0.01700047422785778,0.009604327730759239,0.02053346273449597,0.008317054083735046,0.010533285930037469,0.01312951363560351,0.004030943679872928,0.002413122173758777,0.004581858678271277,0.015335628457932675,0.006957857141399702,5.928806627749822E-4,0.004235311781955179,0.017480953754503616,0.016328851160476308,0.0033189792034891454],[0.001850113290249296,0.0012111753095538807,2.093884542450655E-4,1.3902753279347297E-5,7.140068878052543E-4,0.0012669783294012302,0.0024008076236097043,0.0017072315490531717,6.176044931444478E-4,0.013066728079035502,4.245641982687311E-4,8.901190180338585E-4,7.375446367944602E-4,9.973252286340716E-4,0.001022386782422092,0.026565306725521348,0.0012026050479168465,3.677993112243839E-4,5.569925280269352E-4,0.0010422390322440546,0.011609247326068982,1.0,5.445914162463218E-4,0.023503309152048825,8.786779907948492E-4,0.0020206529796931907,0.0010327405214424828,9.047869128267823E-4,6.432795101119087E-4,0.0010264506649644062,0.0010534256830967872,0.0032746228217325393,6.907186775481715E-4,7.98046702468926E-5,0.059491327781251366,4.347640798267843E-4,6.770026044146218E-4,5.7482840707661E-4,0.005586460862018948,0.001014712176748154,6.79279946084249E-4,0.0136928716226405,0.001077139780195261,0.0014233016240053735,0.0014060569608788974,0.001421493180031193,8.689455144103321E-4,6.140596728184531E-4,0.004695298407788165,0.002606028138182916,1.0586613065070754E-4,8.915226657232524E-4,3.1779267622803625E-4,0.0010555820697836784,0.0010342528094319414],[0.0036764963570043874,1.7974700648250516E-4,1.2786269705644012E-4,1.3135092647251703E-5,1.5588235023289532E-4,8.398671905410771E-4,0.004778029154067103,0.0016997370930781689,1.3490768140752353E-4,8.588341120925505E-4,1.5841221671734383E-4,1.3570569507159508E-4,1.6177426849818794E-5,7.609576646946406E-5,2.6544936864936663E-4,0.010718132348041736,0.0012326700763651381,9.909760698128119E-5,1.347390522017088E-4,1.926235060584707E-4,0.006603324492107961,5.445914162463218E-4,1.0,0.013987978525367433,1.8799618810269868E-4,0.0025237987881366305,1.359583460189855E-4,3.706710924396136E-4,1.2190381970556802E-4,1.6875284494781358E-4,2.744346208123574E-4,0.0028641204250510017,1.4960232653923747E-4,8.989232060033732E-5,0.04886845449999778,1.4074160333804427E-4,1.194665953855225E-4,1.607336812645431E-4,0.001978758350355724,1.7301394272053864E-4,3.009057625860413E-4,0.017272888418953372,5.958989183257968E-4,5.410979142825793E-4,0.0020157949347438717,0.0018571388519569468,2.209730021940303E-4,2.0729790829084413E-4,0.002230508140504155,0.003650480152215282,4.0350824871618565E-5,4.111662648859275E-5,1.0097900207333572E-4,1.1638683281550027E-4,0.0010072058752195563],[0.022533818635205708,0.01732451755016202,0.01721139041485798,0.02327943227422105,0.008783363814196915,0.017756818419111125,0.04135642946024888,0.006572922031311788,0.016225112261685805,0.021152140625440904,0.01916337577094004,0.018445696129868093,0.01914853969497653,0.022759410867661402,0.020399733464992475,0.02607240139689764,0.013334413874349721,0.0032968869237904983,0.004086958165603897,0.0039783701430408285,0.020646770811386023,0.023503309152048825,0.013987978525367433,1.0,0.019036567932127258,0.022274989570055324,0.020265073842497625,0.011766971205192956,0.005893995701860514,0.0219288761250291,0.009328502162583583,0.006933221604614129,0.023620349867300716,0.009658514877771925,0.027479814680654368,0.00726037888737916,0.010578618203633329,0.023096473034938038,0.018389350788996256,0.01101995849451358,0.016638054191147132,0.02307745713983944,0.0014028727117009236,0.010565994817206244,0.022531662024239306,0.007814310615826856,0.022602455978953443,0.0017768909912456575,0.01645055161418156,0.007876776842826304,0.015107487190881435,0.0030012948154488667,2.1724728425371456E-4,4.8335176499198434E-4,0.0018223907552057926],[0.007232774450229273,0.0011474042177118753,1.317476394530358E-4,2.193048346662555E-5,3.1095479712005893E-4,0.0010533656607258706,0.004912121252633024,0.0017534333057555086,1.5539404065980836E-4,0.017182956545748935,2.852264137754464E-4,2.0160481956966845E-4,1.8675109382810647E-4,2.823597501991062E-4,2.87475987242591E-4,0.02563437199780305,0.0014285747425295515,2.9107858272620394E-4,2.543847735292527E-4,3.133833631486682E-4,0.017743792815855627,8.786779907948492E-4,1.8799618810269868E-4,0.019036567932127258,1.0,0.002680370258185271,2.485676275674881E-4,5.578709667212833E-4,2.3503871971902938E-4,2.5054462988477E-4,2.908330005500673E-4,0.0014756138830990097,1.9060307271023726E-4,2.0238413072170037E-4,0.047513450688561026,2.7619011885691384E-4,1.947761974442803E-4,2.8969572369852355E-4,0.007431412731844413,2.683022217566471E-4,3.1384491888895454E-4,0.002281469143595869,5.167917274769188E-4,0.0016382428577300441,0.005167187125925881,0.0017637643420366591,3.1867340486275763E-4,2.2620315804679095E-4,0.00512304008343584,0.004682242401664035,2.698086811285256E-4,8.997614116761608E-5,1.799639455834941E-4,1.2204314597674817E-4,9.943153904464945E-4],[0.017703064069460872,0.0016196200184282823,6.407400846639235E-4,0.003004591708703054,0.001316595594677628,0.002638672226903345,0.006623167795471712,0.0019212495552255826,5.258430147798825E-4,0.004625776542621947,0.002208702977226435,7.668871262951787E-4,8.805551649862996E-4,1.0691655297460315E-4,0.0018255728834011904,0.0042215082819915236,0.0027097072237789697,0.0023810677844722673,3.607301236699062E-4,0.0011814700858856521,0.010042238131991961,0.0020206529796931907,0.0025237987881366305,0.022274989570055324,0.002680370258185271,1.0,0.0010202461939454,0.0023986515678425715,5.766598157052804E-4,0.0024238930917985764,0.00301278209598713,0.0033983243355482397,2.6463129093630595E-4,0.0027908866763082193,0.01738619629977516,4.6207017964903146E-4,0.00217748477357734,0.002476393394339738,0.008129826733910477,0.0014960030953505257,0.001405266325788829,0.013361995105277871,0.0031400916401884476,0.0025621741726824143,0.01208190615919011,0.0032713717608876696,0.003098566895911893,0.0021674010669873052,0.0062711555952617,0.005534481821718093,0.0011544013398877941,0.0028518916174429696,6.99150070508122E-4,8.218437714553324E-4,0.002150139732799562],[0.003993662594583734,5.504415521616681E-4,1.0594259078941867E-4,1.2093077497105834E-4,1.687135712741156E-4,6.166383145653318E-4,0.026747375157721978,2.0116328737352203E-4,1.375791779290839E-4,0.01112234510325169,2.478654314571352E-4,1.474548094367782E-4,5.740361630377459E-5,9.026979707804292E-5,1.5518106283701378E-4,0.019533498504717764,0.0010118566794633695,1.2703138010112914E-4,1.460374673845071E-4,3.9476612140651945E-4,0.005093074569552319,0.0010327405214424828,1.359583460189855E-4,0.020265073842497625,2.485676275674881E-4,0.0010202461939454,1.0,3.2122644728550977E-4,1.1445540291021359E-4,2.2789975256894815E-4,2.1632963497603933E-4,0.003815328719348166,1.602423952451096E-4,1.431248051936689E-4,0.042974923582859585,1.7730883063352658E-4,1.262853599139963E-4,2.864675693965228E-4,0.005921753152637823,1.6996014457119863E-4,1.5407817635203658E-4,0.0076345007417297816,5.514481523263812E-4,8.845518483588513E-4,0.006958881792766048,0.0025354673315297472,1.5827510158310262E-4,1.6017394156102243E-4,7.978248909458566E-4,0.0062006811616107955,1.2939796450105732E-4,9.023749734566052E-5,7.672245320381579E-5,1.2932727780163477E-4,6.629731466129739E-4],[0.019727710705958183,0.0010660110980722334,3.731358271306544E-4,3.5174054903058127E-4,4.120869937244033E-4,0.0012607093975938381,0.024940789296370433,0.0017629214837769614,4.5818893282174893E-4,0.012007622049049389,3.458444842286385E-4,1.7085670823067093E-4,3.8095160164475087E-4,4.983814102894152E-5,3.115458422465488E-4,0.0015528206701393736,9.602619123824957E-4,4.1567326312192895E-4,4.921564675016641E-4,5.116512099175568E-4,0.011652788990036191,9.047869128267823E-4,3.706710924396136E-4,0.011766971205192956,5.578709667212833E-4,0.0023986515678425715,3.2122644728550977E-4,1.0,1.7224922363856114E-4,4.066700852733181E-4,5.097784537599966E-4,0.0021144047995801185,3.0552942440265155E-4,5.706159679508191E-4,0.058720817060478714,4.1154123090496515E-4,2.1634674507294832E-4,5.849976523043126E-4,0.008096607129666769,3.61905480138289E-4,5.65815776863154E-4,0.0027484949682491473,9.875047281608278E-4,0.0014978046222404117,0.005038186440814335,0.0011492147826478135,5.585239809093236E-4,2.243847346149163E-4,0.004019524386179512,0.0037959462370705374,5.22345301567486E-4,1.5885422980854458E-4,3.293516925648865E-4,3.7743132840318237E-4,7.022882533719143E-4],[0.011505248004094491,9.916041803684327E-4,1.0122227450301338E-4,2.9784827734166214E-5,1.8199616610599574E-4,3.502355058908211E-4,0.02580193612092209,6.727027458951131E-4,9.430079877788051E-5,0.013301037786020526,2.538951658389208E-4,1.333645519001924E-4,8.245056836999481E-5,6.218557252999131E-5,1.2919606802041042E-4,0.022399427529723508,0.001532755398049095,6.316590315133487E-5,8.040346951554352E-5,1.6231176048536392E-4,0.009815634225710993,6.432795101119087E-4,1.2190381970556802E-4,0.005893995701860514,2.3503871971902938E-4,5.766598157052804E-4,1.1445540291021359E-4,1.7224922363856114E-4,1.0,1.0652357454777502E-4,1.0665273879111429E-4,0.0030034340748548295,1.0876120165642E-4,2.2040246500537632E-5,0.02319696532414773,1.8627850707164456E-4,9.705768783870704E-5,2.645440525982073E-4,0.002255525307028544,2.4270204116853513E-4,1.9711193551963849E-4,0.021091811397608306,6.767209392758941E-4,2.762886435791864E-4,0.0025668920177542697,0.002131066832783371,2.2947786236902646E-4,1.3887719790567913E-4,0.010685390610691991,0.0037308360358346998,7.487020005093566E-5,1.0013894951791381E-4,2.4354461841912513E-5,4.9499056582079925E-5,5.758221026603907E-4],[0.009323281274070257,7.824865094462587E-4,1.926632087998871E-4,2.2743629957770696E-4,2.8909675276727383E-4,0.0010422524726979143,0.037499898134194076,0.0018977536828716493,7.965117508050333E-5,0.011869619318449097,2.4832354837316204E-4,2.1069321480752298E-4,1.4195623528428933E-4,4.6548173653465795E-5,2.6846289468565387E-4,0.00624568888454947,6.989508529208267E-4,7.475952344606424E-5,1.910203645838677E-4,4.0370057895892215E-4,0.00676347219797825,0.0010264506649644062,1.6875284494781358E-4,0.0219288761250291,2.5054462988477E-4,0.0024238930917985764,2.2789975256894815E-4,4.066700852733181E-4,1.0652357454777502E-4,1.0,2.5216075178096774E-4,0.0018588937876144345,2.4386182798473655E-4,1.4372155125488256E-4,0.04710697597997417,2.3379950201630708E-4,2.3860381547227645E-4,2.5907830490345593E-4,0.005505098572710245,2.4483552416495075E-4,3.368195710667742E-4,0.012895993589395702,6.732948703256072E-4,3.778837321439393E-4,0.003741674294095912,0.002815113100380528,2.886925573749094E-4,2.344932413054116E-4,0.0033406041237748303,0.0035567199959999716,2.35262141246455E-4,2.6816098124288726E-5,2.2983649761219586E-4,1.1697064253870434E-4,7.583047168040914E-4],[0.0160691640261845,5.505120417056367E-4,2.6208870533920724E-4,2.44804538600061E-5,3.269218862688432E-4,9.210339439212195E-4,0.03325011736206213,7.909316579392227E-4,1.7181295406128606E-4,0.007907855903295902,2.7255859532982835E-4,2.535574920278163E-4,1.6703971255225403E-4,1.481743213464258E-4,2.883652031061987E-4,0.009619903897629461,0.0010913828149793602,2.3686214846836302E-4,1.77393837783452E-4,4.007388517969487E-4,0.012652955954383354,0.0010534256830967872,2.744346208123574E-4,0.009328502162583583,2.908330005500673E-4,0.00301278209598713,2.1632963497603933E-4,5.097784537599966E-4,1.0665273879111429E-4,2.5216075178096774E-4,1.0,0.0023019369260612217,2.8793219582051683E-4,2.0965118877030575E-4,0.058327515396857474,2.195646723690258E-4,2.7711905844273046E-4,2.890088519275639E-4,0.0013763642117134932,2.8675180844159266E-4,3.105810023739293E-4,0.021280098447156212,7.27425344828199E-4,0.0014185079848012842,0.007576845060045427,0.0012031662416247218,3.140173355482332E-4,2.3463702395486207E-4,0.007584302612093353,2.9448960028751457E-4,4.371473502564085E-5,1.7828892784884086E-4,2.6319331570554114E-4,2.767543903938074E-4,9.001575647057989E-4],[0.013048937769526881,0.001538165756321429,0.002727719078879438,9.021561066312659E-4,0.003356773998416925,0.001969295834795632,0.014089073977234853,0.003317919566131566,0.0020191436638527065,0.01771478523637372,6.036295524832227E-4,0.0037814686310948765,0.002175687665010775,0.0016296847573110463,0.0013052849784156275,0.026075743676777955,0.0027684439537026496,0.0016647539975766497,0.0028892309486954534,0.0018668185419267423,0.009782979013967547,0.0032746228217325393,0.0028641204250510017,0.006933221604614129,0.0014756138830990097,0.0033983243355482397,0.003815328719348166,0.0021144047995801185,0.0030034340748548295,0.0018588937876144345,0.0023019369260612217,1.0,0.0029443422454887343,0.0016972430403348838,0.016161272095085687,4.4474866403688523E-4,8.629001520365321E-4,0.0025758133783001136,0.00652558436859871,4.1693358206488053E-4,0.0034732217985777867,0.021045276921760916,0.003754302004316811,0.003328097352170954,0.011312133071913331,0.003471445998346181,0.003647541561418877,0.002074677790845591,0.010910269902408662,0.005232271866637015,0.0018373412234594085,0.002608131602038259,0.0015445318572218174,2.6435593590707234E-5,0.0015943065096090453],[0.01904656385266527,2.907557029635985E-4,1.2783253079788035E-4,2.0657446970326516E-5,2.3773440230395298E-4,0.0012381637504141447,0.0448517188353923,0.0017674397811490786,1.3288765400806829E-4,0.011799780735659718,2.008657218639158E-4,1.496225948012993E-4,1.1313630874472409E-4,1.24747375846124E-4,2.087787598028181E-4,0.005202862609965627,0.0010441165309998202,8.919362095061742E-5,2.1850691989525013E-5,2.444179489879532E-4,9.593756214747351E-4,6.907186775481715E-4,1.4960232653923747E-4,0.023620349867300716,1.9060307271023726E-4,2.6463129093630595E-4,1.602423952451096E-4,3.0552942440265155E-4,1.0876120165642E-4,2.4386182798473655E-4,2.8793219582051683E-4,0.0029443422454887343,1.0,2.5635473091827812E-5,0.04465915986882681,2.0968234253498916E-4,1.5721051687571825E-4,2.5767407753294306E-4,0.007126411519328756,2.33695873193956E-4,2.1406451030029494E-4,0.02134767942352035,8.40636713444719E-4,0.0014225649647110696,0.0041256053066484,8.451683800851184E-4,2.1026405484632214E-4,1.9319472171275983E-4,0.004408696292476372,0.004627497798938515,1.2239421294400494E-4,1.7396581698516305E-4,1.5828534421107298E-4,1.78296860180168E-4,0.0010063119641747374],[0.005876694913002321,2.6394636427584477E-4,6.839594191978708E-5,1.1387093866280621E-5,3.185745662796376E-4,0.001356769711093975,0.03020685373260073,0.0015715291012115531,2.079106677440463E-5,0.01583418502519919,2.570986511323493E-4,1.1818439516669043E-4,1.2350084552171454E-5,3.7150058401936555E-5,1.726219512553653E-4,0.02018737572695235,2.5487517012051436E-4,3.700321465848918E-5,1.986560359630844E-5,1.4559714042620123E-4,0.015578099105279079,7.98046702468926E-5,8.989232060033732E-5,0.009658514877771925,2.0238413072170037E-4,0.0027908866763082193,1.431248051936689E-4,5.706159679508191E-4,2.2040246500537632E-5,1.4372155125488256E-4,2.0965118877030575E-4,0.0016972430403348838,2.5635473091827812E-5,1.0,0.0276445087183648,7.323039544899175E-5,8.964510951574073E-5,2.552429312055126E-4,0.007781330496209923,1.8753096624146085E-4,3.0682716063147467E-4,0.018011350237904684,0.0010672647554057187,8.303620064755281E-4,0.0022029345727108095,0.0013966815236020693,3.253170905034769E-4,1.680532604632439E-4,0.0015414795766421315,0.0031075260335934,1.7612979801518816E-5,2.102560545606419E-5,1.478185164728087E-5,2.2792051804000113E-5,5.469580226912243E-4],[0.060122416856878164,0.0281724935779142,0.006510221875504081,0.017389208869758692,0.054455390520939034,0.022551344324071895,0.05744143064097312,0.04974060485171246,0.06131132469821938,0.03249107469439802,0.01852110773451378,0.0024706683080591074,0.029176404460518234,0.06161590352486677,0.05230895462921413,0.06072742071522981,0.010566415283639847,0.02238020292601231,0.024057438323872575,0.039551343131902894,0.043673631439046345,0.059491327781251366,0.04886845449999778,0.027479814680654368,0.047513450688561026,0.01738619629977516,0.042974923582859585,0.058720817060478714,0.02319696532414773,0.04710697597997417,0.058327515396857474,0.016161272095085687,0.04465915986882681,0.0276445087183648,1.0,0.004685720092807656,0.05044793377819978,0.03210378690477246,0.01716586400794167,0.012268866061834392,0.041109378104660546,0.