[[1.0,0.0012865793546379019,0.0010242465300809714,1.1540222063062503E-4,1.542754020321124E-4,5.513066965034146E-5,0.004006594267726722,2.3207784979803331E-4,1.4728496123826712E-4,9.061976308250986E-4,4.716640965871057E-4,1.0951198078166162E-4,1.497103146532754E-4,2.275124257651605E-4,0.001188597877485747,7.175898469946639E-4,1.590266282068369E-4,0.0010006464098311543,2.71272916423948E-4,0.01473106588706022,1.1642102297383803E-4,1.7759306166368737E-4,3.5196349523587624E-4,5.809460576361353E-5,5.572699289048301E-5,7.069972793233912E-5,1.912983239848528E-4,4.562119666135375E-5,1.0734240338230062E-4,1.6071982475126514E-4,3.5374718179762433E-4,2.2120652997485181E-4,4.141420790582101E-4,0.0012572853991908667,2.0233055203749308E-4,1.8987254514895362E-4,0.0015687032317737585,1.3661935862532642E-4,1.912977741630055E-4,0.010547443319333818,6.647911543109528E-4],[0.0012865793546379019,1.0,0.0027575424837820725,5.801040776325831E-4,0.0048907546212885135,5.0283580250597E-4,0.004872318680954283,5.533140488152661E-4,0.004692330255523387,0.004936322580476013,0.009439177550232047,0.0018480849822303995,0.0013015970824367031,0.0033289965033070825,0.0031497891179060513,0.003311427304931584,8.72428172347065E-4,0.002196937356000979,0.0021728087970172235,0.01078113752114708,0.0024237077437403148,0.004820777588969024,0.0031668475199668,0.003122825197108134,0.003301581777639726,7.639444359842912E-4,5.003454935841622E-4,0.002136610463642561,0.0033340594964310806,0.0035734696745277805,0.0018838254797543064,0.0017542237648141541,0.004321977294626986,0.003479740769564169,0.001978055252945258,0.0028433263824545916,0.004869343849083965,5.326085117217014E-4,0.001743319598173544,0.006780336478324754,0.0030477486680692274],[0.0010242465300809714,0.0027575424837820725,1.0,0.0014987714341781332,6.949171741749756E-4,8.6235361645396E-4,0.003029401984352831,8.391388562852731E-4,0.0012307533141786438,0.004066123269627258,0.007916695748188759,6.280378342624547E-4,0.0012585991610554448,0.0011187092235082244,0.0018877674211607335,0.001565951283299505,0.0011140077766018934,0.0015138643174462685,0.001163300848524605,0.0033305655074278425,0.0014571876023574907,2.0853263934351787E-4,0.0016415170085064099,7.710040117453527E-5,0.0012571030606433906,0.0014100281668130634,3.4501362175930737E-4,0.0013086298052346617,0.001076197362155712,6.907182141315115E-4,0.001477908975075932,0.001327483441066072,0.0015021389274111196,0.0016522017036709926,6.425841368693093E-4,0.0010505916666529566,0.001662416571703271,0.0015000295814048667,5.28749505289337E-4,0.010146620934556237,0.001019711722347231],[1.1540222063062503E-4,5.801040776325831E-4,0.0014987714341781332,1.0,2.3414513356461883E-5,2.3456445266123675E-5,0.002136024875859828,2.271833186134214E-4,6.668225171631688E-5,0.0022347419149822325,0.011004526216464541,8.535614557580033E-5,1.0842489113009718E-4,5.642143518892421E-5,4.4307872067376943E-4,8.291783943839396E-4,5.3408946767577295E-5,7.415439323639445E-4,1.314782335025048E-4,0.0014641791839239285,5.9296142480195796E-5,9.661803239598463E-5,8.599903680036183E-4,2.224366079412404E-5,1.7672349038225744E-5,4.885632344571844E-5,3.7719034417696906E-5,2.366671465653187E-5,1.3912214427357113E-5,2.2958720863652102E-5,1.612106506287619E-4,4.7052472906388207E-4,4.7116015332477E-4,9.97480617168141E-4,1.1458609274184566E-4,4.4119323040458704E-5,0.001213565420324552,2.341219612159609E-5,1.942827264592649E-5,0.004793422307813278,2.0128009891497031E-4],[1.542754020321124E-4,0.0048907546212885135,6.949171741749756E-4,2.3414513356461883E-5,1.0,1.3895577067270318E-5,0.00211671032130224,2.3575242021806767E-5,5.045541399093293E-5,8.95437909469715E-4,0.00343989594995851,4.224994858123973E-5,7.659534227709273E-5,4.333354875250104E-5,2.457990362720423E-4,3.284709255606485E-4,7.184112071245263E-5,9.545304812049078E-5,2.4843651744431276E-4,0.015593072411087271,4.100519482195656E-5,8.471172578282718E-5,4.4258354426979403E-4,1.386610719633949E-5,1.3508308297293283E-5,6.86511270738039E-5,5.852048931786203E-5,1.70293018652208E-5,1.391320019955817E-5,1.7795139089525238E-5,4.411684192615822E-4,0.0012849421392486168,5.710827627417044E-4,0.0023440402651983467,8.508392388796666E-5,1.0973213385126986E-4,9.371453546141327E-4,1.61262030642324E-5,1.4384299568235022E-5,0.01972052768139765,4.120107954265304E-4],[5.513066965034146E-5,5.0283580250597E-4,8.6235361645396E-4,2.3456445266123675E-5,1.3895577067270318E-5,1.0,0.0021755452017879094,5.9056428088877916E-5,8.405966659245267E-5,0.002591445652129675,0.007187086287560432,2.9082845622016153E-5,6.120113500748228E-5,2.0695742202867534E-4,0.00158009734260662,4.447550555073357E-4,1.295248570477363E-4,4.170425603369976E-4,3.1783467291491115E-4,0.012330943875910393,9.461449555166432E-5,7.262264150925712E-5,0.001702706725927407,1.3733081884275233E-5,1.1403766785814775E-5,5.9395979583361526E-5,7.473141594866977E-5,2.1137966935738923E-5,1.3772255444368375E-5,1.5415152668255585E-5,1.2076184943409375E-4,9.033173590575892E-4,4.92494479196333E-4,0.002268554015490932,6.293038844646203E-5,4.621410078838387E-5,7.915197758961796E-4,1.5388010399848106E-5,1.4064777947628181E-5,0.017747220107380217,2.2147133625292234E-4],[0.004006594267726722,0.004872318680954283,0.003029401984352831,0.002136024875859828,0.00211671032130224,0.0021755452017879094,1.0,0.002550272353707072,0.0042855384621287886,0.004808067551378039,0.008657508709569155,3.707197338691717E-4,0.004126188547924752,8.21585162820441E-4,0.003027040079356701,0.0021013520074922194,0.0030228939863915817,0.0024478699044696893,5.007383468301874E-4,0.011498332784710158,0.0018225534718870175,0.002392373891908906,0.00285742794479347,0.0029326045600124246,0.003295084495616124,0.004010912728853174,0.0023182743478815135,0.004376843365774313,0.0038396102356101016,0.003940904931195828,0.0031519365527569853,0.002597000051933321,0.003442977746033147,0.003894660436476737,0.001637725394365892,0.0013589015919089442,0.0021727633986738997,0.002439095934721862,0.0023868644879654404,0.013567620033593823,0.003098672812405582],[2.3207784979803331E-4,5.533140488152661E-4,8.391388562852731E-4,2.271833186134214E-4,2.3575242021806767E-5,5.9056428088877916E-5,0.002550272353707072,1.0,1.7345377137040484E-4,0.004103586758721807,0.009202433037986096,1.9772440703027752E-4,2.3385124712567266E-4,2.3717119278026416E-4,0.0012141460978788267,0.0014203101879344583,1.9723983661416026E-4,4.8113478747695374E-4,2.546292824057001E-4,0.001230489740503139,2.3437084514894157E-4,1.5461440712434118E-4,0.0011327632984007685,2.079335006394729E-4,6.727792896798541E-5,1.0984159114715161E-4,1.8798142942450368E-4,8.638320573582597E-5,1.7918543047305388E-4,5.6931252249012715E-5,0.0011721263798519664,6.556243420012542E-4,6.614511450663018E-4,8.479321710220533E-4,2.3861510917042595E-4,1.714195433807287E-4,0.0010825531998264254,2.2674531428549123E-4,6.574661877344836E-5,0.01699004985274921,5.047836429070191E-4],[1.4728496123826712E-4,0.004692330255523387,0.0012307533141786438,6.668225171631688E-5,5.045541399093293E-5,8.405966659245267E-5,0.0042855384621287886,1.7345377137040484E-4,1.0,0.00339175167291632,0.012577351450919193,1.049346791402393E-4,1.0826120333444727E-4,1.8855137089666892E-4,0.001966935174021428,8.847773687791191E-4,1.2219638419950807E-4,1.2626311677240963E-4,1.5878120061235999E-4,0.0018371295976843242,1.0676335624193444E-4,1.0425926597493185E-4,2.8277655002467044E-4,5.160120716470667E-5,2.814027798713647E-5,9.472409442448864E-5,1.754153605091163E-4,8.770972630070917E-5,1.8881878655724037E-5,4.1668728499522366E-5,6.724930511924745E-4,4.6122362550446764E-4,1.5262962645110065E-4,0.0010671126862575055,2.1405570141549654E-4,1.1882245402030297E-4,5.156682267743091E-4,7.169267263631655E-5,8.339657700039034E-5,0.0022336607779083278,6.591151118137629E-4],[9.061976308250986E-4,0.004936322580476013,0.004066123269627258,0.0022347419149822325,8.95437909469715E-4,0.002591445652129675,0.004808067551378039,0.004103586758721807,0.00339175167291632,1.0,0.007001260018741812,0.002932997067204418,0.003996368046965453,0.002341120262565835,0.003378214886892241,0.005134733365730508,0.002177915521881422,0.0038564532711293526,0.004218655173971817,0.009138543709117129,7.399936727013008E-4,0.0014581693946824788,0.004312290166141305,0.0033370307528139244,0.005084215896472507,0.002216491211016737,0.0010355162684794444,0.0041117603752817726,0.002082954196032146,6.60546181490061E-4,0.004229165087777712,0.005361303759416407,0.005462848756026246,0.004977032337099622,8.036557922699943E-4,0.005060334252546896,0.002840189624934642,0.004488100254980569,0.0011864070200867391,0.007722414833347089,0.0016691447812828696],[4.716640965871057E-4,0.009439177550232047,0.007916695748188759,0.011004526216464541,0.00343989594995851,0.007187086287560432,0.008657508709569155,0.009202433037986096,0.012577351450919193,0.007001260018741812,1.0,0.002736754063274176,0.010004129983502773,0.010734184469354728,0.009907636634486357,0.0018537900953751484,0.009715798333008507,0.005882637807583699,0.0028097187876878656,0.015119279989278088,1.3246715335758655E-4,0.002800917222944233,0.013328266688092309,0.002400702670881616,0.009357245524937089,0.0076212232664632385,0.00834391067086942,0.009610210880961274,0.007238944875015604,0.0017568658777598535,0.00411262687204138,0.00829792079706382,0.013070706611584723,0.013835650617590862,0.013519994038808169,0.0074317386525645035,0.0024133325336654905,0.006957665969354778,0.0026909673948908443,0.015138639936886503,0.006026239154085059],[1.0951198078166162E-4,0.0018480849822303995,6.280378342624547E-4,8.535614557580033E-5,4.224994858123973E-5,2.9082845622016153E-5,3.707197338691717E-4,1.9772440703027752E-4,1.049346791402393E-4,0.002932997067204418,0.002736754063274176,1.0,1.0546177101106937E-4,1.7478614447484283E-4,4.3645274832754846E-4,4.358066423776406E-4,1.2777325874908495E-4,6.74151073063357E-4,1.8860936732529985E-4,0.013786677667087693,1.1212590885625963E-4,1.0278363184807916E-4,9.259976012976101E-4,4.6395625822507564E-5,1.135816647793003E-5,1.0091681932704993E-4,1.5016425059173128E-4,7.88864158351188E-5,6.093711782604831E-5,3.122597801807429E-5,1.4561938552063057E-4,2.0340956585782023E-4,1.8806008486408677E-4,7.264587049135459E-4,1.624898241853464E-4,1.2641991649010642E-4,0.0016897002924859742,2.3671351921563367E-5,5.601058396303028E-5,0.008595618862864059,3.8682966044793006E-4],[1.497103146532754E-4,0.0013015970824367031,0.0012585991610554448,1.0842489113009718E-4,7.659534227709273E-5,6.120113500748228E-5,0.004126188547924752,2.3385124712567266E-4,1.0826120333444727E-4,0.003996368046965453,0.010004129983502773,1.0546177101106937E-4,1.0,1.532034778994474E-4,1.594709184919561E-4,5.938273141412267E-4,1.3440973541120334E-4,4.7230701329563373E-4,2.9856360459339814E-4,0.004656599348688089,1.18518326841582E-4,1.169330415353278E-4,0.0015385608028103943,1.1244936304227718E-4,1.0532235736653633E-4,1.162965413574465E-4,1.440960078868184E-4,1.1347686176608913E-4,1.3817137664213693E-5,2.5816356724380807E-5,2.707518888572681E-4,5.638700301511348E-4,5.895375312988333E-4,0.0024489428883222026,2.2813162701022257E-4,1.238055566918052E-4,0.0015924265463291166,4.081880140610394E-5,5.456522021451896E-5,0.006628702440028354,3.9351497120857886E-4],[2.275124257651605E-4,0.0033289965033070825,0.0011187092235082244,5.642143518892421E-5,4.333354875250104E-5,2.0695742202867534E-4,8.21585162820441E-4,2.3717119278026416E-4,1.8855137089666892E-4,0.002341120262565835,0.010734184469354728,1.7478614447484283E-4,1.532034778994474E-4,1.0,7.155801720860835E-4,0.0013998414059567363,1.724495686979639E-4,8.500326738879464E-4,2.7879691045218374E-4,0.005439617026798289,1.662972312395833E-4,2.0326585003458005E-4,5.491985291892036E-4,2.2229005265861113E-4,2.8035888589101E-5,1.7599255071267932E-4,2.299911577145258E-4,3.5465734642421833E-5,9.89813888461192E-5,1.1236741553932372E-4,0.0012291763849465334,9.505927196871439E-4,0.0012183571328344613,9.943435611060088E-4,2.37735793722812E-4,2.2996107773554257E-4,0.001701672443778002,1.9716211206890203E-4,1.6771010006416882E-4,0.010319866283197594,6.2816378934508E-4],[0.001188597877485747,0.0031497891179060513,0.0018877674211607335,4.4307872067376943E-4,2.457990362720423E-4,0.00158009734260662,0.003027040079356701,0.0012141460978788267,0.001966935174021428,0.003378214886892241,0.009907636634486357,4.3645274832754846E-4,1.594709184919561E-4,7.155801720860835E-4,1.0,0.0016216834362483032,0.0018065079644517077,0.0015831387062517819,4.541692154392382E-4,0.011052522665569081,0.0013973354668611409,0.0011570513231426128,0.0020075517955974124,5.009824297778397E-4,4.902524085402286E-4,0.0017128019688613183,0.0010289954438269628,0.001206798684697052,3.114511590316395E-4,9.208788881434894E-4,0.001908919711081375,0.0014181766786018233,0.00167951245498738,0.002106358828991303,8.974073895229012E-4,9.928040696380192E-4,0.0019125698610540415,3.804255265592223E-4,0.0015156329885926416,0.005615346380664868,0.0017608771936289901],[7.175898469946639E-4,0.003311427304931584,0.001565951283299505,8.291783943839396E-4,3.284709255606485E-4,4.447550555073357E-4,0.0021013520074922194,0.0014203101879344583,8.847773687791191E-4,0.005134733365730508,0.0018537900953751484,4.358066423776406E-4,5.938273141412267E-4,0.0013998414059567363,0.0016216834362483032,1.0,7.477819244480253E-4,0.0012544022693670098,0.0010971337080032976,0.013548750138829752,3.4827984142666245E-4,4.430721028078906E-4,0.0017658005035442745,7.209950643404284E-4,6.0176330414432686E-5,2.529476083520671E-4,0.0014047571330271867,0.001220504618149051,0.001079076796311639,0.0014120894648133727,0.0014285464966004966,0.0015421822077092287,0.001284654032063732,0.0024333982753801373,7.490731357547632E-4,0.0015600061075624384,0.001702705205438095,3.933156549355964E-4,0.0012899717226283365,0.019456549171551703,8.846938982005022E-4],[1.590266282068369E-4,8.72428172347065E-4,0.0011140077766018934,5.3408946767577295E-5,7.184112071245263E-5,1.295248570477363E-4,0.0030228939863915817,1.9723983661416026E-4,1.2219638419950807E-4,0.002177915521881422,0.009715798333008507,1.2777325874908495E-4,1.3440973541120334E-4,1.724495686979639E-4,0.0018065079644517077,7.477819244480253E-4,1.0,8.547890560903813E-4,1.8826680107702842E-4,0.007714148093088695,1.18766797609257E-4,1.2751448948251868E-4,5.116264850806553E-4,1.3104362436338192E-4,4.439560720031744E-5,1.1186041938459086E-4,1.8095405702709067E-4,8.332634522734093E-5,1.2057061053724253E-4,8.50092393515144E-5,0.0012466539295179408,5.258679394013596E-4,3.324082899494946E-4,9.369074437138674E-4,2.4029272191420666E-4,1.3697963509141998E-4,0.0016427318024860346,4.60774254649286E-5,1.856961880595949E-5,0.012766374137307444,4.531998894497214E-4],[0.0010006464098311543,0.002196937356000979,0.0015138643174462685,7.415439323639445E-4,9.545304812049078E-5,4.170425603369976E-4,0.0024478699044696893,4.8113478747695374E-4,1.2626311677240963E-4,0.0038564532711293526,0.005882637807583699,6.74151073063357E-4,4.7230701329563373E-4,8.500326738879464E-4,0.0015831387062517819,0.0012544022693670098,8.547890560903813E-4,1.0,4.916954645918742E-4,0.006990540348784954,1.5279978455549076E-4,5.822149993432814E-4,0.0014591286618157529,1.3969185828547725E-4,8.046764052109353E-4,6.102024420703743E-4,4.261701311497779E-4,4.92213517162892E-4,6.300123998024151E-4,6.144063624378401E-4,0.0013692744587592118,0.0010787017453452992,0.0012370188532638236,0.002052721445366875,7.309181042571998E-4,4.324340317805388E-4,0.001150238440392707,7.369038249815835E-4,2.299990501307276E-4,0.005367591658539891,7.613878370468203E-4],[2.71272916423948E-4,0.0021728087970172235,0.001163300848524605,1.314782335025048E-4,2.4843651744431276E-4,3.1783467291491115E-4,5.007383468301874E-4,2.546292824057001E-4,1.5878120061235999E-4,0.004218655173971817,0.0028097187876878656,1.8860936732529985E-4,2.9856360459339814E-4,2.7879691045218374E-4,4.541692154392382E-4,0.0010971337080032976,1.8826680107702842E-4,4.916954645918742E-4,1.0,0.013572580036575002,2.7914197771560466E-4,2.911287702252621E-4,5.311051639975935E-4,2.704751533661118E-4,1.5351541769830084E-4,1.572905759274484E-4,1.9820561703679822E-4,2.452442891955536E-4,5.04272225421058E-5,1.554990020919678E-4,9.284965529603905E-4,6.732647861911598E-4,3.652850639260659E-4,0.0015202590298394197,3.244973955826194E-4,2.0418740026863317E-4,0.0013500035183124312,1.0187535034424363E-4,2.4639088134156642E-5,0.008095659870744933,4.995317007709864E-4],[0.01473106588706022,0.01078113752114708,0.0033305655074278425,0.0014641791839239285,0.015593072411087271,0.012330943875910393,0.011498332784710158,0.001230489740503139,0.0018371295976843242,0.009138543709117129,0.015119279989278088,0.013786677667087693,0.004656599348688089,0.005439617026798289,0.011052522665569081,0.013548750138829752,0.007714148093088695,0.006990540348784954,0.013572580036575002,1.0,0.004300303208339609,0.016246588015871883,0.01400258436970955,0.013846374543299947,4.6765233637495294E-4,0.003968751015236039,0.006344994522974012,0.008140987115591502,0.002010948097348917,0.012418452731222003,0.01432356121991421,0.0043390763863469335,0.011979040920087955,0.0026486001006056073,0.004980288993256961,0.00708946304984067,0.011637429787028216,0.006834038505268014,0.0033729043323442657,0.0174148507434851,0.007941292374048285],[1.1642102297383803E-4,0.0024237077437403148,0.0014571876023574907,5.9296142480195796E-5,4.100519482195656E-5,9.461449555166432E-5,0.0018225534718870175,2.3437084514894157E-4,1.0676335624193444E-4,7.399936727013008E-4,1.3246715335758655E-4,1.1212590885625963E-4,1.18518326841582E-4,1.662972312395833E-4,0.0013973354668611409,3.4827984142666245E-4,1.18766797609257E-4,1.5279978455549076E-4,2.7914197771560466E-4,0.004300303208339609,1.0,1.0585722953086754E-4,8.480306700821807E-4,5.010515815856949E-5,5.994638998935779E-5,9.991663235666128E-5,1.3623676589446783E-4,8.817225193164942E-5,3.732657855454488E-5,9.793777844791234E-5,7.018493120607889E-4,9.786233976781956E-4,5.751717720222352E-4,0.001682857752698757,2.2129342814549468E-4,1.2623034566059183E-4,0.0013857026641051796,7.948011650268538E-5,2.6035442103636473E-5,0.020967146647330473,5.512752836186357E-4],[1.7759306166368737E-4,0.004820777588969024,2.0853263934351787E-4,9.661803239598463E-5,8.471172578282718E-5,7.262264150925712E-5,0.002392373891908906,1.5461440712434118E-4,1.0425926597493185E-4,0.0014581693946824788,0.002800917222944233,1.0278363184807916E-4,1.169330415353278E-4,2.0326585003458005E-4,0.0011570513231426128,4.430721028078906E-4,1.2751448948251868E-4,5.822149993432814E-4,2.911287702252621E-4,0.016246588015871883,1.0585722953086754E-4,1.0,1.8791135048926884E-4,2.1795254014032644E-5,8.378124475852005E-5,7.464637404567718E-5,1.0839104290032685E-4,7.178036769343846E-5,5.187357110024986E-5,4.834720352156309E-5,0.0012209947365674255,3.996053196496589E-4,4.4286780162919136E-4,5.414328496549459E-4,1.3196941876180866E-4,1.0710425816509466E-4,3.524648507991307E-4,7.253040225600686E-5,2.0622954946293807E-5,0.007921956226617432,4.063075463794312E-4],[3.5196349523587624E-4,0.0031668475199668,0.0016415170085064099,8.599903680036183E-4,4.4258354426979403E-4,0.001702706725927407,0.00285742794479347,0.0011327632984007685,2.8277655002467044E-4,0.004312290166141305,0.013328266688092309,9.259976012976101E-4,0.0015385608028103943,5.491985291892036E-4,0.0020075517955974124,0.0017658005035442745,5.116264850806553E-4,0.0014591286618157529,5.311051639975935E-4,0.01400258436970955,8.480306700821807E-4,1.8791135048926884E-4,1.0,0.0017697110704154658,6.335407051901219E-4,9.751735489972091E-4,7.300886256591487E-4,9.27888596977074E-4,5.63661528181159E-4,7.370655575625634E-4,0.0016063001305176815,0.0016822538750906953,0.0013404015651302963,0.0022900746448401726,7.281511437612037E-4,4.0995734981551853E-4,0.0018223713418060652,6.338038797245494E-4,2.769512454681007E-4,0.01182850187042248,9.78696516169034E-4],[5.809460576361353E-5,0.003122825197108134,7.710040117453527E-5,2.224366079412404E-5,1.386610719633949E-5,1.3733081884275233E-5,0.0029326045600124246,2.079335006394729E-4,5.160120716470667E-5,0.0033370307528139244,0.002400702670881616,4.6395625822507564E-5,1.1244936304227718E-4,2.2229005265861113E-4,5.009824297778397E-4,7.209950643404284E-4,1.3104362436338192E-4,1.3969185828547725E-4,2.704751533661118E-4,0.013846374543299947,5.010515815856949E-5,2.1795254014032644E-5,0.0017697110704154658,1.0,1.1821052458573571E-5,3.589578750359504E-5,1.586981773449274E-4,1.7135732238584343E-5,1.3650130770246389E-5,1.6150441787368447E-5,3.40134024841503E-4,9.850194303914126E-4,9.538023596681384E-4,8.888834837921235E-4,1.4754074855146218E-4,1.5119746791799715E-5,2.9052127229683256E-4,1.378531222662007E-5,1.37186774020379E-5,0.019034123057510198,1.6090596272124526E-4],[5.572699289048301E-5,0.003301581777639726,0.0012571030606433906,1.7672349038225744E-5,1.3508308297293283E-5,1.1403766785814775E-5,0.003295084495616124,6.727792896798541E-5,2.814027798713647E-5,0.005084215896472507,0.009357245524937089,1.135816647793003E-5,1.0532235736653633E-4,2.8035888589101E-5,4.902524085402286E-4,6.0176330414432686E-5,4.439560720031744E-5,8.046764052109353E-4,1.5351541769830084E-4,4.6765233637495294E-4,5.994638998935779E-5,8.378124475852005E-5,6.335407051901219E-4,1.1821052458573571E-5,1.0,3.173327684625946E-5,8.412041152374608E-5,1.480223976481825E-5,1.200362742978323E-5,1.3064736703643436E-5,8.652934202078575E-5,0.0010349804562507095,2.0083712066116524E-4,0.002389129988638517,7.848012008158714E-5,9.897954567038263E-5,0.0010671579559047046,1.3565876131231393E-5,1.3795263366768734E-5,0.009813603549294484,1.4970444045992622E-4],[7.069972793233912E-5,7.639444359842912E-4,0.0014100281668130634,4.885632344571844E-5,6.86511270738039E-5,5.9395979583361526E-5,0.004010912728853174,1.0984159114715161E-4,9.472409442448864E-5,0.002216491211016737,0.0076212232664632385,1.0091681932704993E-4,1.162965413574465E-4,1.7599255071267932E-4,0.0017128019688613183,2.529476083520671E-4,1.1186041938459086E-4,6.102024420703743E-4,1.572905759274484E-4,0.003968751015236039,9.991663235666128E-5,7.464637404567718E-5,9.751735489972091E-4,3.589578750359504E-5,3.173327684625946E-5,1.0,1.1962581408468705E-4,5.221718181652304E-5,1.5208167706899338E-5,2.4917423350478187E-5,0.0011206607108035205,5.390241899952431E-4,7.818627184524872E-5,8.619524285520163E-4,9.43374194281182E-5,9.230653500705878E-5,5.4159685148337E-4,3.526600325905844E-5,3.790278538515065E-5,0.02000381310176737,5.483748947113311E-4],[1.912983239848528E-4,5.003454935841622E-4,3.4501362175930737E-4,3.7719034417696906E-5,5.852048931786203E-5,7.473141594866977E-5,0.0023182743478815135,1.8798142942450368E-4,1.754153605091163E-4,0.0010355162684794444,0.00834391067086942,1.5016425059173128E-4,1.440960078868184E-4,2.299911577145258E-4,0.0010289954438269628,0.0014047571330271867,1.8095405702709067E-4,4.261701311497779E-4,1.9820561703679822E-4,0.006344994522974012,1.3623676589446783E-4,1.0839104290032685E-4,7.300886256591487E-4,1.586981773449274E-4,8.412041152374608E-5,1.1962581408468705E-4,1.0,1.611287882505738E-4,7.174994984540182E-5,3.8439285994882144E-5,0.0013944834559024611,8.097967987468065E-4,3.696994617283096E-4,0.0013645610754626789,2.0551324618350646E-4,1.624988315450104E-4,0.0011558447948390156,1.1344191808364913E-4,1.4477557901131603E-4,0.018580045424915818,2.1447202854783012E-4],[4.562119666135375E-5,0.002136610463642561,0.0013086298052346617,2.366671465653187E-5,1.70293018652208E-5,2.1137966935738923E-5,0.004376843365774313,8.638320573582597E-5,8.770972630070917E-5,0.0041117603752817726,0.009610210880961274,7.88864158351188E-5,1.1347686176608913E-4,3.5465734642421833E-5,0.001206798684697052,0.001220504618149051,8.332634522734093E-5,4.92213517162892E-4,2.452442891955536E-4,0.008140987115591502,8.817225193164942E-5,7.178036769343846E-5,9.27888596977074E-4,1.7135732238584343E-5,1.480223976481825E-5,5.221718181652304E-5,1.611287882505738E-4,1.0,1.6940065040934122E-5,2.3147108983544463E-5,9.166940307757423E-4,7.721805374467432E-4,0.0012234732277901087,0.0021308262674086115,1.875725856965799E-4,1.1086364614364647E-4,1.3395450225070507E-4,1.8979109453397584E-5,1.997494163592453E-5,0.007568399777232586,7.023782258767212E-4],[1.0734240338230062E-4,0.0033340594964310806,0.001076197362155712,1.3912214427357113E-5,1.391320019955817E-5,1.3772255444368375E-5,0.0038396102356101016,1.7918543047305388E-4,1.8881878655724037E-5,0.002082954196032146,0.007238944875015604,6.093711782604831E-5,1.3817137664213693E-5,9.89813888461192E-5,3.114511590316395E-4,0.001079076796311639,1.2057061053724253E-4,6.300123998024151E-4,5.04272225421058E-5,0.002010948097348917,3.732657855454488E-5,5.187357110024986E-5,5.63661528181159E-4,1.3650130770246389E-5,1.200362742978323E-5,1.5208167706899338E-5,7.174994984540182E-5,1.6940065040934122E-5,1.0,1.9955201821255666E-5,4.703148161027457E-4,5.968523999948583E-4,0.0010775624583660873,8.103719775406587E-5,2.3921259342379745E-4,1.134813842932774E-4,6.335863703678887E-4,1.3831462071383953E-5,1.412885740778223E-5,0.019913896332388333,6.188385781571875E-4],[1.6071982475126514E-4,0.0035734696745277805,6.907182141315115E-4,2.2958720863652102E-5,1.7795139089525238E-5,1.5415152668255585E-5,0.003940904931195828,5.6931252249012715E-5,4.1668728499522366E-5,6.60546181490061E-4,0.0017568658777598535,3.122597801807429E-5,2.5816356724380807E-5,1.1236741553932372E-4,9.208788881434894E-4,0.0014120894648133727,8.50092393515144E-5,6.144063624378401E-4,1.554990020919678E-4,0.012418452731222003,9.793777844791234E-5,4.834720352156309E-5,7.370655575625634E-4,1.6150441787368447E-5,1.3064736703643436E-5,2.4917423350478187E-5,3.8439285994882144E-5,2.3147108983544463E-5,1.9955201821255666E-5,1.0,0.001173874630462874,0.0010314714593231758,8.451407597742113E-4,8.695001814172698E-4,1.12005399618857E-4,9.942882869824109E-5,3.3415886969350887E-4,1.9131898885018818E-5,1.666569834964604E-5,0.01613109344545451,6.034080727433623E-4],[3.5374718179762433E-4,0.0018838254797543064,0.001477908975075932,1.612106506287619E-4,4.411684192615822E-4,1.2076184943409375E-4,0.0031519365527569853,0.0011721263798519664,6.724930511924745E-4,0.004229165087777712,0.00411262687204138,1.4561938552063057E-4,2.707518888572681E-4,0.0012291763849465334,0.001908919711081375,0.0014285464966004966,0.0012466539295179408,0.0013692744587592118,9.284965529603905E-4,0.01432356121991421,7.018493120607889E-4,0.0012209947365674255,0.0016063001305176815,3.40134024841503E-4,8.652934202078575E-5,0.0011206607108035205,0.0013944834559024611,9.166940307757423E-4,4.703148161027457E-4,0.001173874630462874,1.0,0.0013389771123268888,0.001366773084559532,0.0016060223686683941,0.0010977901242926523,3.261604862966391E-4,0.001699380143247496,9.84998948585364E-5,0.0013943447406997694,0.004339829609149896,0.0010909366547868522],[2.2120652997485181E-4,0.0017542237648141541,0.001327483441066072,4.7052472906388207E-4,0.0012849421392486168,9.033173590575892E-4,0.002597000051933321,6.556243420012542E-4,4.6122362550446764E-4,0.005361303759416407,0.00829792079706382,2.0340956585782023E-4,5.638700301511348E-4,9.505927196871439E-4,0.0014181766786018233,0.0015421822077092287,5.258679394013596E-4,0.0010787017453452992,6.732647861911598E-4,0.0043390763863469335,9.786233976781956E-4,3.996053196496589E-4,0.0016822538750906953,9.850194303914126E-4,0.0010349804562507095,5.390241899952431E-4,8.097967987468065E-4,7.721805374467432E-4,5.968523999948583E-4,0.0010314714593231758,0.0013389771123268888,1.0,0.0012535938033429981,0.0019061906204179437,3.6504961988290265E-4,4.937594496988709E-4,0.0013905385630091644,0.0011288586635896727,4.935466206548472E-4,0.003311445124728839,7.959334663511208E-4],[4.141420790582101E-4,0.004321977294626986,0.0015021389274111196,4.7116015332477E-4,5.710827627417044E-4,4.92494479196333E-4,0.003442977746033147,6.614511450663018E-4,1.5262962645110065E-4,0.005462848756026246,0.013070706611584723,1.8806008486408677E-4,5.895375312988333E-4,0.0012183571328344613,0.00167951245498738,0.001284654032063732,3.324082899494946E-4,0.0012370188532638236,3.652850639260659E-4,0.011979040920087955,5.751717720222352E-4,4.4286780162919136E-4,0.0013404015651302963,9.538023596681384E-4,2.0083712066116524E-4,7.818627184524872E-5,3.696994617283096E-4,0.0012234732277901087,0.0010775624583660873,8.451407597742113E-4,0.001366773084559532,0.0012535938033429981,1.0,0.0023604052336216085,7.218016426402627E-4,8.818715511558033E-4,0.001570992333823826,9.047335410496023E-4,1.1167935804136385E-4,0.011243648822100263,0.0010043936533503952],[0.0012572853991908667,0.003479740769564169,0.0016522017036709926,9.97480617168141E-4,0.0023440402651983467,0.002268554015490932,0.003894660436476737,8.479321710220533E-4,0.0010671126862575055,0.004977032337099622,0.013835650617590862,7.264587049135459E-4,0.0024489428883222026,9.943435611060088E-4,0.002106358828991303,0.0024333982753801373,9.369074437138674E-4,0.002052721445366875,0.0015202590298394197,0.0026486001006056073,0.001682857752698757,5.414328496549459E-4,0.0022900746448401726,8.888834837921235E-4,0.002389129988638517,8.619524285520163E-4,0.0013645610754626789,0.0021308262674086115,8.103719775406587E-5,8.695001814172698E-4,0.0016060223686683941,0.0019061906204179437,0.0023604052336216085,1.0,0.0022477079932518612,0.0010842812841644124,0.002490504202588564,0.0021516046081366245,9.825732631498598E-4,0.018682552609019007,0.0023106618987701597],[2.0233055203749308E-4,0.001978055252945258,6.425841368693093E-4,1.1458609274184566E-4,8.508392388796666E-5,6.293038844646203E-5,0.001637725394365892,2.3861510917042595E-4,2.1405570141549654E-4,8.036557922699943E-4,0.013519994038808169,1.624898241853464E-4,2.2813162701022257E-4,2.37735793722812E-4,8.974073895229012E-4,7.490731357547632E-4,2.4029272191420666E-4,7.309181042571998E-4,3.244973955826194E-4,0.004980288993256961,2.2129342814549468E-4,1.3196941876180866E-4,7.281511437612037E-4,1.4754074855146218E-4,7.848012008158714E-5,9.43374194281182E-5,2.0551324618350646E-4,1.875725856965799E-4,2.3921259342379745E-4,1.12005399618857E-4,0.0010977901242926523,3.6504961988290265E-4,7.218016426402627E-4,0.0022477079932518612,1.0,1.9345208189445638E-4,6.518370132661082E-4,2.500756465025496E-4,7.532533618874435E-5,0.01621947206458628,2.678804345690925E-4],[1.8987254514895362E-4,0.0028433263824545916,0.0010505916666529566,4.4119323040458704E-5,1.0973213385126986E-4,4.621410078838387E-5,0.0013589015919089442,1.714195433807287E-4,1.1882245402030297E-4,0.005060334252546896,0.0074317386525645035,1.2641991649010642E-4,1.238055566918052E-4,2.2996107773554257E-4,9.928040696380192E-4,0.0015600061075624384,1.3697963509141998E-4,4.324340317805388E-4,2.0418740026863317E-4,0.00708946304984067,1.2623034566059183E-4,1.0710425816509466E-4,4.0995734981551853E-4,1.5119746791799715E-5,9.897954567038263E-5,9.230653500705878E-5,1.624988315450104E-4,1.1086364614364647E-4,1.134813842932774E-4,9.942882869824109E-5,3.261604862966391E-4,4.937594496988709E-4,8.818715511558033E-4,0.0010842812841644124,1.9345208189445638E-4,1.0,6.361305795865199E-4,1.0168576795934568E-4,1.1837212900568631E-4,0.011591920963606839,6.936525446675903E-4],[0.0015687032317737585,0.004869343849083965,0.001662416571703271,0.001213565420324552,9.371453546141327E-4,7.915197758961796E-4,0.0021727633986738997,0.0010825531998264254,5.156682267743091E-4,0.002840189624934642,0.0024133325336654905,0.0016897002924859742,0.0015924265463291166,0.001701672443778002,0.0019125698610540415,0.001702705205438095,0.0016427318024860346,0.001150238440392707,0.0013500035183124312,0.011637429787028216,0.0013857026641051796,3.524648507991307E-4,0.0018223713418060652,2.9052127229683256E-4,0.0010671579559047046,5.4159685148337E-4,0.0011558447948390156,1.3395450225070507E-4,6.335863703678887E-4,3.3415886969350887E-4,0.001699380143247496,0.0013905385630091644,0.001570992333823826,0.002490504202588564,6.518370132661082E-4,6.361305795865199E-4,1.0,2.173377987923534E-4,0.0014404524490501036,0.02071734286451526,0.0010698695140982275],[1.3661935862532642E-4,5.326085117217014E-4,0.0015000295814048667,2.341219612159609E-5,1.61262030642324E-5,1.5388010399848106E-5,0.002439095934721862,2.2674531428549123E-4,7.169267263631655E-5,0.004488100254980569,0.006957665969354778,2.3671351921563367E-5,4.081880140610394E-5,1.9716211206890203E-4,3.804255265592223E-4,3.933156549355964E-4,4.60774254649286E-5,7.369038249815835E-4,1.0187535034424363E-4,0.006834038505268014,7.948011650268538E-5,7.253040225600686E-5,6.338038797245494E-4,1.378531222662007E-5,1.3565876131231393E-5,3.526600325905844E-5,1.1344191808364913E-4,1.8979109453397584E-5,1.3831462071383953E-5,1.9131898885018818E-5,9.84998948585364E-5,0.0011288586635896727,9.047335410496023E-4,0.0021516046081366245,2.500756465025496E-4,1.0168576795934568E-4,2.173377987923534E-4,1.0,1.4897919244496523E-5,0.009735584692008333,2.899296575668667E-4],[1.912977741630055E-4,0.001743319598173544,5.28749505289337E-4,1.942827264592649E-5,1.4384299568235022E-5,1.4064777947628181E-5,0.0023868644879654404,6.574661877344836E-5,8.339657700039034E-5,0.0011864070200867391,0.0026909673948908443,5.601058396303028E-5,5.456522021451896E-5,1.6771010006416882E-4,0.0015156329885926416,0.0012899717226283365,1.856961880595949E-5,2.299990501307276E-4,2.4639088134156642E-5,0.0033729043323442657,2.6035442103636473E-5,2.0622954946293807E-5,2.769512454681007E-4,1.37186774020379E-5,1.3795263366768734E-5,3.790278538515065E-5,1.4477557901131603E-4,1.997494163592453E-5,1.412885740778223E-5,1.666569834964604E-5,0.0013943447406997694,4.935466206548472E-4,1.1167935804136385E-4,9.825732631498598E-4,7.532533618874435E-5,1.1837212900568631E-4,0.0014404524490501036,1.4897919244496523E-5,1.0,0.0058480449998740795,5.500779601164202E-4],[0.010547443319333818,0.006780336478324754,0.010146620934556237,0.004793422307813278,0.01972052768139765,0.017747220107380217,0.013567620033593823,0.01699004985274921,0.0022336607779083278,0.007722414833347089,0.015138639936886503,0.008595618862864059,0.006628702440028354,0.010319866283197594,0.005615346380664868,0.019456549171551703,0.012766374137307444,0.005367591658539891,0.008095659870744933,0.0174148507434851,0.020967146647330473,0.007921956226617432,0.01182850187042248,0.019034123057510198,0.009813603549294484,0.02000381310176737,0.018580045424915818,0.007568399777232586,0.019913896332388333,0.01613109344545451,0.004339829609149896,0.003311445124728839,0.011243648822100263,0.018682552609019007,0.01621947206458628,0.011591920963606839,0.02071734286451526,0.009735584692008333,0.0058480449998740795,1.0,0.012498724122805819],[6.647911543109528E-4,0.0030477486680692274,0.001019711722347231,2.0128009891497031E-4,4.120107954265304E-4,2.2147133625292234E-4,0.003098672812405582,5.047836429070191E-4,6.591151118137629E-4,0.0016691447812828696,0.006026239154085059,3.8682966044793006E-4,3.9351497120857886E-4,6.2816378934508E-4,0.0017608771936289901,8.846938982005022E-4,4.531998894497214E-4,7.613878370468203E-4,4.995317007709864E-4,0.007941292374048285,5.512752836186357E-4,4.063075463794312E-4,9.78696516169034E-4,1.6090596272124526E-4,1.4970444045992622E-4,5.483748947113311E-4,2.1447202854783012E-4,7.023782258767212E-4,6.188385781571875E-4,6.034080727433623E-4,0.0010909366547868522,7.959334663511208E-4,0.0010043936533503952,0.0023106618987701597,2.678804345690925E-4,6.936525446675903E-4,0.0010698695140982275,2.899296575668667E-4,5.500779601164202E-4,0.012498724122805819,1.0]]