[[1.0,0.0011129259884100843,0.004369030524741312,4.286430731337838E-4,1.3792872378152877E-4,1.0156446133841341E-4,0.0018991124298837977,0.02159806380306369,0.004200489969415808,1.426282283127417E-4,7.209096116066352E-4,3.893679701581458E-4,1.131056307886303E-4,1.4279695024218793E-4,0.02271149309903546,1.3809712985473203E-4,0.008849390874988169,0.0017222902670120533,3.0078391832528587E-5,0.007083305926434284,0.003463641037213449,0.01474587453149224,1.2065802987966039E-4,0.0027492800848168686,1.6154665573440475E-4,1.8684872752921462E-4,5.838749155134147E-4,1.352769253580596E-4,1.8698219260784876E-4,7.246769847470379E-4,0.002066692720151563,4.685343197155177E-4,1.1217855859974146E-4,2.789242198434107E-5,2.1568565274489732E-4,3.571125447319145E-4,1.2898154049165948E-4,0.001090042447103996,1.065950063756612E-4,6.098841607642179E-5,0.020328617406211322,8.865729432008422E-5,1.1965333649594397E-4,0.009147162963006304],[0.0011129259884100843,1.0,0.013589892724817261,0.007414977558232174,0.01159870648232125,0.002696312455027415,0.008433089290893259,0.019444615552551274,0.012295325804444784,0.010046840079495915,0.011791909322498387,0.006649698093171157,0.008096680530866254,0.012030317865751127,0.014695394707083516,0.004059592863705608,0.011485253333321156,0.012776256335935923,0.006633983176940533,0.013568559691011442,0.016186836122444197,0.01472609597579601,0.010305273472240072,0.012454387097360464,0.009323601647451003,0.001253271440364165,0.00234064832332004,0.005358463639182331,0.0069546250010594675,0.0026988339956843755,0.007542573621879584,0.004394836210019471,0.00547832578431446,6.042375111986664E-4,0.009473233396717117,0.008789669489513685,0.005748884313563917,0.00969057695951945,6.947098566611174E-4,0.0035418799915979595,0.026510826099371082,0.011166576991212155,0.009042707341545947,0.01419701461749191],[0.004369030524741312,0.013589892724817261,1.0,0.01086773628083229,0.012297941094503224,0.0030327775896558714,0.007004535391266121,0.016608014108795754,0.01058974538014966,0.005391035389207042,0.004858731370135039,0.012493940819121216,0.004115954347632038,0.001050793563177892,0.024402252860524668,0.011314439451167984,0.01276498548880474,0.012384770526956959,0.009351587807134042,0.014321527907073677,0.017239694058541463,0.014975337126498203,0.0030953410043952252,0.011923018511814142,0.010680611967568048,0.0018762882967108205,0.008800301838255427,0.0109675262108631,0.003512703653227364,0.005688195948171032,0.004759565411246929,0.006695829702645108,0.009014671014573561,0.0049709575606551246,0.0021279780565914962,0.009497783904697802,0.012889105869527942,0.013177322034959058,0.003898647046323789,0.010802473946602342,0.018314504883274383,0.006332789295400293,0.004223066066098592,0.014475846189636814],[4.286430731337838E-4,0.007414977558232174,0.01086773628083229,1.0,0.002684977190710046,6.545910883989845E-4,0.003823973632050933,0.008065996335200696,0.00800256847098035,0.001410447875372783,0.0028007758364675247,0.00275100052219705,0.002453839988228605,0.0023145702845497173,0.028449384609770152,0.002631524777758987,0.00467411640974542,0.009808521241889372,0.003271435505928393,0.015466107540350122,0.01757653816483828,0.012819544315271662,0.002903662697301153,0.011338603797881135,8.995587600095438E-4,6.742012044725698E-4,0.002587534889918538,0.0010832814799327664,0.0012921810462699667,0.0015817953317816592,0.003623204080842064,0.0019369639086883605,0.002308607529530206,0.002386090804896083,0.0020404218876313393,0.0034003851476320183,0.0032336829197413676,0.00440351385035459,6.365057797718185E-4,0.0026739581488108228,0.018709506858740118,0.002935161396199592,7.893536165336693E-4,0.009558546588632028],[1.3792872378152877E-4,0.01159870648232125,0.012297941094503224,0.002684977190710046,1.0,5.8402474389206E-5,0.004097413143678902,0.016660081417396885,0.00610222027551587,1.6861324622578316E-4,1.436811182311864E-4,2.3794653044773598E-4,1.3027298856009667E-4,2.9443589089837147E-4,5.95664990109001E-4,1.4483403110526443E-4,0.0028392898428906887,0.004819801579853205,1.1276436215066191E-4,0.001726613808925289,0.018469640807952808,0.007183351997092686,1.1826723475166869E-4,0.006540222696197634,4.3449853102164014E-4,3.394432361177623E-4,0.0013659868315897665,1.3970355210811948E-4,1.532208065996904E-4,4.5555913378702217E-4,0.0025170185351805997,3.6389701801537225E-4,7.039414265351346E-5,3.9045863523333E-5,3.5096017941382097E-4,5.262368194026352E-4,1.3772620164920947E-4,0.0019299153135757545,7.878754863955744E-5,7.358462761572428E-5,0.01242477482373533,1.2020743920215817E-4,5.28978098593501E-5,0.01499989854237942],[1.0156446133841341E-4,0.002696312455027415,0.0030327775896558714,6.545910883989845E-4,5.8402474389206E-5,1.0,0.002467379811273467,0.0026597920108239414,0.0025719301859548844,5.929172946503773E-5,2.397062310845749E-4,5.76565221335865E-4,8.201688223850729E-5,2.5297757245023764E-4,0.019794234629673026,9.714499966232662E-5,0.008385390170457233,0.001174591431044099,4.260578484332035E-5,0.0010090998663971715,0.011470071361677773,0.012207435699941174,7.640331877323603E-5,0.010121662079872197,7.357244602881942E-5,2.135205288579241E-4,0.0013016372755124373,1.1546652664862355E-4,6.461231373703228E-5,4.969565910686997E-4,0.002987264182749352,4.6871700963732344E-4,4.254359653941055E-5,3.744791857625452E-5,8.037966456351996E-4,2.0354890595968125E-4,8.181854970254148E-5,0.0028280119496825926,2.2043363257952942E-5,2.7158960222983415E-5,0.03174750195567895,3.7258717082281644E-5,4.328511163701818E-5,1.5985242975892096E-4],[0.0018991124298837977,0.008433089290893259,0.007004535391266121,0.003823973632050933,0.004097413143678902,0.002467379811273467,1.0,0.004810546378258382,0.004433425977368968,0.003629892104659812,0.0025269452252452054,0.0030951457599617737,0.002515177294678321,0.003504427216203599,0.02698799035926826,0.001412400673369269,0.008001167766224539,0.010276152724224337,0.0017909813507513855,0.01451651231617658,0.011081556465874227,0.012326306180220653,2.463591167980067E-4,0.011012040058237551,0.0022041513506269404,0.002563227515787023,0.001582230113667479,0.0034784985611141027,0.002728296551678625,0.003793394811119161,0.0038829760630488454,0.0024378511396656137,0.0022413023194166573,0.0022326900305793124,0.003161812706532671,0.003619276512572875,0.0031881016216398733,0.004390918748384055,2.4940043863939433E-4,0.0034018998869149246,0.025212286459307422,0.002074948400864184,0.002094938045033447,0.012571779246666113],[0.02159806380306369,0.019444615552551274,0.016608014108795754,0.008065996335200696,0.016660081417396885,0.0026597920108239414,0.004810546378258382,1.0,0.01887467280074906,0.016408614470420718,0.01990254905113967,0.009598407295367217,0.009491875414858386,0.005200704398834411,0.025314029522305284,0.02046903467859054,0.02123470597744445,0.01378860806768694,0.01238958488025619,0.018607316449842225,0.021561970245718636,0.019783264308600054,0.019226752491141988,0.021054172411399744,0.005600037352248528,0.021016601026097214,0.00316099460189737,0.009562546720800376,0.00963348736523064,0.010458240865922206,0.004243564655141025,0.012075092099197727,0.008182706133626746,0.010850041193897302,0.007526216197436966,0.008983131723268499,0.006725512573013142,0.006950282369642669,0.0015972240850320276,0.0188427848828969,0.03253878008426694,0.015215030738555178,0.00912302090488282,0.018112317983265593],[0.004200489969415808,0.012295325804444784,0.01058974538014966,0.00800256847098035,0.00610222027551587,0.0025719301859548844,0.004433425977368968,0.01887467280074906,1.0,0.004131974638150898,0.008065754874552583,0.005301831501797531,0.00933406962475157,0.00223739677649681,0.013822721991157364,0.007189675489002286,0.01040196501809902,0.010466757993909009,9.015577676482345E-4,0.012479768310978285,0.0202945635234719,0.01477013398340773,0.008630455098014968,0.01130319411403587,0.010181607166518942,0.0037886610341188705,0.009682920110792335,0.007034635253408589,0.0013155338903856457,0.0033399609107004104,0.0039764378302323084,0.0031264796728411154,0.004766018261095192,0.010454939038461855,0.002899582246828283,0.010187514099518286,0.005884080520166717,0.008026735167412518,0.0057074350995411265,0.004726742758277809,0.028759988061344485,0.004302229004593141,0.009777512919673364,0.01532498851801984],[1.426282283127417E-4,0.010046840079495915,0.005391035389207042,0.001410447875372783,1.6861324622578316E-4,5.929172946503773E-5,0.003629892104659812,0.016408614470420718,0.004131974638150898,1.0,6.845534233030291E-4,3.23025673231972E-4,1.6038863701221064E-4,2.414033660291402E-4,0.02752658662283886,1.5951663954625228E-4,0.007225808070519554,0.0034516794701751246,4.6642744613273484E-5,0.007912066651678692,0.002793919126791234,0.002589824940623966,1.5701886690321423E-4,0.002998392185081311,5.187790290829993E-4,2.330566494051732E-4,3.451373759628446E-4,1.6191344433750933E-4,1.7938641182724626E-4,7.994650740164108E-4,0.002723766607041335,6.576662005282341E-4,3.551222569014986E-5,4.5102075641613933E-5,5.031553540963815E-4,2.3230836457458797E-4,1.2513232082046416E-4,0.003223862086294022,8.314475709340021E-5,1.5855360337329656E-4,7.07646058773508E-4,1.1824735215450077E-4,3.683680675619932E-5,0.005904629476799518],[7.209096116066352E-4,0.011791909322498387,0.004858731370135039,0.0028007758364675247,1.436811182311864E-4,2.397062310845749E-4,0.0025269452252452054,0.01990254905113967,0.008065754874552583,6.845534233030291E-4,1.0,7.178491632576745E-4,1.8295539301133837E-4,9.433606865719051E-4,0.015565650944325974,4.847096347868901E-4,0.005138005389590866,0.004255453093574907,9.137142354404089E-4,0.0075699063143044795,0.0036489621229065326,0.008150782402219375,2.837516147670751E-4,0.009410498740107007,9.509712873518142E-4,6.043222104238385E-4,0.0013199070912878435,8.698517582906311E-4,0.001001962856687793,0.001034146720166518,0.0027693045397410836,9.755529934481439E-4,1.5565142943137306E-4,1.4248683824473327E-4,0.0014400043473258989,8.063794932682358E-4,9.018166905787207E-4,0.002764233596410177,7.838887415656064E-4,2.4112853021054898E-4,0.008465847457598933,1.2717158982321114E-4,4.3120185280852874E-4,0.01633720586969765],[3.893679701581458E-4,0.006649698093171157,0.012493940819121216,0.00275100052219705,2.3794653044773598E-4,5.76565221335865E-4,0.0030951457599617737,0.009598407295367217,0.005301831501797531,3.23025673231972E-4,7.178491632576745E-4,1.0,3.890088176092362E-4,5.299819860412646E-4,0.025277293906686614,5.282638243003776E-4,0.005998310000717292,0.00762015317462086,4.6937557515546407E-4,0.01121896535147852,0.01994657009209594,0.008593096883288503,3.325743634224509E-4,0.001196034376647124,5.645897627592687E-4,5.769780798350632E-4,0.0012758425082913913,5.808343125563017E-4,3.159790791618489E-4,9.26155458270546E-4,0.002385030201276013,6.431634640310999E-4,1.2039854429230485E-4,3.751135016591981E-4,7.3377887534814E-4,6.130497523009606E-4,1.5782637450389547E-4,0.0030642966610354336,7.772717902037957E-5,1.4858275900458203E-4,0.026495281454841015,4.917377250672867E-4,6.0835870932902867E-5,0.014811433915578313],[1.131056307886303E-4,0.008096680530866254,0.004115954347632038,0.002453839988228605,1.3027298856009667E-4,8.201688223850729E-5,0.002515177294678321,0.009491875414858386,0.00933406962475157,1.6038863701221064E-4,1.8295539301133837E-4,3.890088176092362E-4,1.0,2.941807645233857E-4,0.010300758169315251,1.1041194874836035E-4,0.008173062363992841,0.0023762197069536165,4.9843345449338436E-5,0.008310411646883703,2.1487185672539673E-4,0.010309143129201425,1.0828139855809407E-4,0.0020924547156683463,2.5727757633849005E-4,2.789321705850927E-4,7.982141040527943E-4,1.431943941796344E-4,1.5330955941670173E-4,6.234067764500138E-4,0.0028981871707620954,1.345786395798074E-4,1.0100616336376891E-4,3.927118986097054E-5,6.301616691776978E-4,3.583388799083796E-4,1.1349226079310608E-4,0.002946664105924579,1.860495347276055E-5,6.498820228127864E-5,0.029389421953744985,8.415110791377906E-5,1.0287342815052289E-4,0.004143530921200156],[1.4279695024218793E-4,0.012030317865751127,0.001050793563177892,0.0023145702845497173,2.9443589089837147E-4,2.5297757245023764E-4,0.003504427216203599,0.005200704398834411,0.00223739677649681,2.414033660291402E-4,9.433606865719051E-4,5.299819860412646E-4,2.941807645233857E-4,1.0,0.019574657768305033,2.6229703984581446E-4,0.006909195797998544,0.0015639264266274957,4.746350933643335E-5,0.00898930120357757,5.261345848547981E-4,0.004240666128360299,2.5339495902776746E-4,0.009329486591103305,3.790917328812114E-4,3.024482222418107E-4,4.5876032930249424E-4,2.3489367723454732E-4,2.9816946020579056E-4,0.0010085104190237762,0.0023751253595829173,3.4849157099732585E-4,1.0276897379192271E-4,1.2183461142925171E-4,6.49707275292667E-4,3.031341587149465E-4,1.8428535107274495E-4,0.0030420065735805267,1.1856227519479198E-4,6.777356062028895E-5,0.030959207668476665,1.135640483871313E-4,2.64007935431697E-4,0.002113453159114005],[0.02271149309903546,0.014695394707083516,0.024402252860524668,0.028449384609770152,5.95664990109001E-4,0.019794234629673026,0.02698799035926826,0.025314029522305284,0.013822721991157364,0.02752658662283886,0.015565650944325974,0.025277293906686614,0.010300758169315251,0.019574657768305033,1.0,0.01462499702907431,0.02592795219880427,0.013505049067731183,0.0017774383986077058,0.01989935985660643,0.021320981356865113,0.017911911771233,0.012336111505101369,0.014872644816104763,0.012618410333174884,0.02187853094500059,0.0027707188312936096,0.0011568541193822126,0.009840245934173075,0.021998936712518274,0.018117416651736048,0.007532515466620904,0.025532296816532588,0.015024958517174539,0.009008918690742058,0.0011359104888530084,0.008969893817217777,0.011344923658427594,0.02576284537963063,0.005813123921764906,0.029499720801047652,0.004925315171366024,0.021058887813284657,0.018480687887355646],[1.3809712985473203E-4,0.004059592863705608,0.011314439451167984,0.002631524777758987,1.4483403110526443E-4,9.714499966232662E-5,0.001412400673369269,0.02046903467859054,0.007189675489002286,1.5951663954625228E-4,4.847096347868901E-4,5.282638243003776E-4,1.1041194874836035E-4,2.6229703984581446E-4,0.01462499702907431,1.0,0.003417355292498921,0.0049900404639670925,1.4310286235197047E-4,0.01280871373731675,0.004183294321724839,0.007166179901316078,1.1829355442073979E-4,0.0028290851173094806,2.3160661294155459E-4,3.0525051490937964E-4,0.001097526496638081,1.5303485967686854E-4,1.7231678477286575E-4,9.346485166268122E-4,3.6441248042245E-4,2.178597288818016E-4,6.60921755432821E-5,1.0959437705544524E-4,0.0010453353762914209,3.1312360298226135E-4,1.4514010582573732E-4,1.811484045374697E-4,7.345166362497134E-5,1.5315499181629404E-4,0.035171680689431085,1.4473256053525296E-4,1.0871271976397635E-4,0.015582440110449283],[0.008849390874988169,0.011485253333321156,0.01276498548880474,0.00467411640974542,0.0028392898428906887,0.008385390170457233,0.008001167766224539,0.02123470597744445,0.01040196501809902,0.007225808070519554,0.005138005389590866,0.005998310000717292,0.008173062363992841,0.006909195797998544,0.02592795219880427,0.003417355292498921,1.0,0.010161099415153868,0.007193082234815338,0.011967910208750068,0.014437201542057514,0.014711868599708453,0.004638398169304959,0.010458976311157027,0.006741704943627022,0.0029457271890330804,0.009088949710460967,0.004312134287014143,0.007046661578293402,0.006868361653654396,0.006015978438513892,0.0013339116293929992,0.003541988062205016,4.287548575951512E-5,0.008584462699841847,0.004796593432540793,0.004105092185607458,0.006829497695445531,0.0021538290416658495,0.0011023307100067447,0.029410440892250395,0.005778151619055492,0.0064388690974324925,0.01594576227079391],[0.0017222902670120533,0.012776256335935923,0.012384770526956959,0.009808521241889372,0.004819801579853205,0.001174591431044099,0.010276152724224337,0.01378860806768694,0.010466757993909009,0.0034516794701751246,0.004255453093574907,0.00762015317462086,0.0023762197069536165,0.0015639264266274957,0.013505049067731183,0.0049900404639670925,0.010161099415153868,1.0,0.0013452949296633755,0.014028478280208475,0.010749644123870777,0.01102200350103604,0.008677071295754806,0.010653835377344028,0.00898072627712275,0.008473372278898517,0.001715136746075202,0.002658103490981642,3.56268825488702E-4,0.007623387817524722,0.00930731020360127,0.006723807957995448,0.009291837231051713,0.0015666702417169197,0.007297862836430264,0.009935184170820701,0.009728333419507644,0.007446248051431201,0.009419172463712822,0.006590050035601527,0.014287473801765758,0.00499587186554636,0.009449600924570473,0.01417106432143953],[3.0078391832528587E-5,0.006633983176940533,0.009351587807134042,0.003271435505928393,1.1276436215066191E-4,4.260578484332035E-5,0.0017909813507513855,0.01238958488025619,9.015577676482345E-4,4.6642744613273484E-5,9.137142354404089E-4,4.6937557515546407E-4,4.9843345449338436E-5,4.746350933643335E-5,0.0017774383986077058,1.4310286235197047E-4,0.007193082234815338,0.0013452949296633755,1.0,0.0034414906932101713,0.003946877927248021,0.015904481317099328,1.0512432631370119E-4,0.009320936855160823,5.008970502893301E-4,1.647165753795386E-4,5.558065344170531E-4,9.549156195610602E-5,4.961004701567561E-5,5.787600192553475E-4,0.0029513506142758244,4.2721942472685666E-4,3.2773594015983414E-5,2.3965600666368087E-5,6.477892783940034E-4,4.1714569714663106E-4,8.97434364071877E-5,0.0034545794983295644,2.817805913862498E-5,2.089640647469933E-5,0.024961927532548406,3.455796096523267E-5,2.9012360522245175E-5,0.007263250942177429],[0.007083305926434284,0.013568559691011442,0.014321527907073677,0.015466107540350122,0.001726613808925289,0.0010090998663971715,0.01451651231617658,0.018607316449842225,0.012479768310978285,0.007912066651678692,0.0075699063143044795,0.01121896535147852,0.008310411646883703,0.00898930120357757,0.01989935985660643,0.01280871373731675,0.011967910208750068,0.014028478280208475,0.0034414906932101713,1.0,0.019512142475455435,0.016293784211527614,0.01441653538667716,0.013783470915905196,0.005667110157134479,0.007259751387225641,0.012645553836836475,0.002477196416749045,0.009087513104847534,0.005111143444285225,0.01580126045702244,0.011470954764775058,0.013141811529106926,3.247491040939333E-4,0.006470823424441535,0.004098961109666037,0.01357432810622267,0.010227641556914925,0.008403619190883468,0.011023096150049302,0.030672274656781996,0.009078977312357827,0.009166901341953635,0.01635474305430038],[0.003463641037213449,0.016186836122444197,0.017239694058541463,0.01757653816483828,0.018469640807952808,0.011470071361677773,0.011081556465874227,0.021561970245718636,0.0202945635234719,0.002793919126791234,0.0036489621229065326,0.01994657009209594,2.1487185672539673E-4,5.261345848547981E-4,0.021320981356865113,0.004183294321724839,0.014437201542057514,0.010749644123870777,0.003946877927248021,0.019512142475455435,1.0,0.01772743239651769,0.009588639621858788,0.01778567711957326,0.01505147023473758,0.00598753802416812,0.005026847098672304,0.013911742648423804,0.019356037630378485,0.008478294518877584,0.016081106846672376,0.01627213746262938,0.0037690377931650773,0.008508827182321179,0.008714284902808699,0.008303915010606108,0.009305524283992879,0.013849025600689863,0.019854579633893064,0.019467966476322537,0.026668573554126586,0.0063250363384099815,0.011031600893162167,0.016680458399153972],[0.01474587453149224,0.01472609597579601,0.014975337126498203,0.012819544315271662,0.007183351997092686,0.012207435699941174,0.012326306180220653,0.019783264308600054,0.01477013398340773,0.002589824940623966,0.008150782402219375,0.008593096883288503,0.010309143129201425,0.004240666128360299,0.017911911771233,0.007166179901316078,0.014711868599708453,0.01102200350103604,0.015904481317099328,0.016293784211527614,0.01772743239651769,1.0,0.005318788746645599,0.011897935192354615,0.00936218263093753,0.007888010185903523,0.0161500599287473,0.01529757715229879,0.004121771134876246,0.0035844841628931423,0.0066920667580851936,0.00929773494098723,0.011897359762936382,4.8176434497140206E-4,0.005960049226313719,0.007111467317528359,0.015411375127788706,0.009510828247150011,0.0055152510981355575,0.011573470110402958,0.024944741935428203,0.01252230391902168,0.016249936710509012,0.016666666666666666],[1.2065802987966039E-4,0.010305273472240072,0.0030953410043952252,0.002903662697301153,1.1826723475166869E-4,7.640331877323603E-5,2.463591167980067E-4,0.019226752491141988,0.008630455098014968,1.5701886690321423E-4,2.837516147670751E-4,3.325743634224509E-4,1.0828139855809407E-4,2.5339495902776746E-4,0.012336111505101369,1.1829355442073979E-4,0.004638398169304959,0.008677071295754806,1.0512432631370119E-4,0.01441653538667716,0.009588639621858788,0.005318788746645599,1.0,0.008242256301697209,5.003668895543618E-4,1.2561454666642873E-4,0.00140042189863695,1.3090115863498487E-4,1.598397777446546E-4,3.1536430813569117E-4,0.0012778453670982065,4.992793156195321E-4,9.55855640962238E-5,1.0717939081261461E-4,3.202020473236901E-4,5.465888661543439E-4,1.1928355871651102E-4,0.002623504753902195,8.518129332887652E-5,1.0573259776069658E-4,0.021064494961793398,9.906059355572019E-5,6.42292477184599E-5,0.010508196046340599],[0.0027492800848168686,0.012454387097360464,0.011923018511814142,0.011338603797881135,0.006540222696197634,0.010121662079872197,0.011012040058237551,0.021054172411399744,0.01130319411403587,0.002998392185081311,0.009410498740107007,0.001196034376647124,0.0020924547156683463,0.009329486591103305,0.014872644816104763,0.0028290851173094806,0.010458976311157027,0.010653835377344028,0.009320936855160823,0.013783470915905196,0.01778567711957326,0.011897935192354615,0.008242256301697209,1.0,0.0013915385163440555,0.007094749728886324,0.009039563024359085,0.007979288495937778,0.009923672806408483,0.008530356706572513,0.005809108481279692,0.00907709242854276,4.0193534683305145E-4,0.0013898423939796842,0.0030627777350849903,0.004686526224650597,0.007376217931925987,0.005910405109655879,0.009069091283163128,0.003229193470494165,0.03349708419528401,0.0037536530778051755,0.0020235318750408877,0.012637877980804938],[1.6154665573440475E-4,0.009323601647451003,0.010680611967568048,8.995587600095438E-4,4.3449853102164014E-4,7.357244602881942E-5,0.0022041513506269404,0.005600037352248528,0.010181607166518942,5.187790290829993E-4,9.509712873518142E-4,5.645897627592687E-4,2.5727757633849005E-4,3.790917328812114E-4,0.012618410333174884,2.3160661294155459E-4,0.006741704943627022,0.00898072627712275,5.008970502893301E-4,0.005667110157134479,0.01505147023473758,0.00936218263093753,5.003668895543618E-4,0.0013915385163440555,1.0,4.862657605573034E-4,7.387912441526632E-4,4.5993075487790535E-4,2.100791174420496E-4,8.035082001696049E-4,0.0030820446825024217,6.381545281650224E-4,1.5166743819563757E-4,5.212388418323329E-4,7.196098277625794E-4,5.797041764373847E-4,2.2384281079910413E-4,0.0014531844165498761,9.223122103931911E-5,1.2662305171366964E-4,0.011988438498038788,1.894281168634769E-4,4.4420151812941245E-4,0.00711195758108123],[1.8684872752921462E-4,0.001253271440364165,0.0018762882967108205,6.742012044725698E-4,3.394432361177623E-4,2.135205288579241E-4,0.002563227515787023,0.021016601026097214,0.0037886610341188705,2.330566494051732E-4,6.043222104238385E-4,5.769780798350632E-4,2.789321705850927E-4,3.024482222418107E-4,0.02187853094500059,3.0525051490937964E-4,0.0029457271890330804,0.008473372278898517,1.647165753795386E-4,0.007259751387225641,0.00598753802416812,0.007888010185903523,1.2561454666642873E-4,0.007094749728886324,4.862657605573034E-4,1.0,8.751837147231029E-4,1.5565764981958932E-4,2.849581921991842E-4,9.265900121593816E-4,0.002432531008681198,5.33173530608935E-4,2.177996893875508E-4,1.879040423208195E-4,6.385644617606446E-4,4.5751434864252296E-4,2.4656614587819964E-4,9.833821203965541E-4,3.123905183666495E-4,3.457876629242655E-4,0.007905344229918159,1.8318088975389412E-4,2.223128966599093E-4,0.003651134012418813],[5.838749155134147E-4,0.00234064832332004,0.008800301838255427,0.002587534889918538,0.0013659868315897665,0.0013016372755124373,0.001582230113667479,0.00316099460189737,0.009682920110792335,3.451373759628446E-4,0.0013199070912878435,0.0012758425082913913,7.982141040527943E-4,4.5876032930249424E-4,0.0027707188312936096,0.001097526496638081,0.009088949710460967,0.001715136746075202,5.558065344170531E-4,0.012645553836836475,0.005026847098672304,0.0161500599287473,0.00140042189863695,0.009039563024359085,7.387912441526632E-4,8.751837147231029E-4,1.0,5.415486251630741E-4,7.518931182070172E-4,0.0010545813824181331,0.0020834845116764027,9.989643195820685E-4,0.001316745368407018,8.025016489103154E-4,0.0014599158346257984,9.122605864377877E-4,3.773992068665109E-4,0.0018911021214323325,9.042591697579558E-5,0.0011559331818550866,0.001676009893392459,2.7667575110302373E-4,3.1983621592369634E-4,0.012576508513859962],[1.352769253580596E-4,0.005358463639182331,0.0109675262108631,0.0010832814799327664,1.3970355210811948E-4,1.1546652664862355E-4,0.0034784985611141027,0.009562546720800376,0.007034635253408589,1.6191344433750933E-4,8.698517582906311E-4,5.808343125563017E-4,1.431943941796344E-4,2.3489367723454732E-4,0.0011568541193822126,1.5303485967686854E-4,0.004312134287014143,0.002658103490981642,9.549156195610602E-5,0.002477196416749045,0.013911742648423804,0.01529757715229879,1.3090115863498487E-4,0.007979288495937778,4.5993075487790535E-4,1.5565764981958932E-4,5.415486251630741E-4,1.0,1.5584327864608642E-4,5.522091217011976E-4,0.0028098376898877922,4.259116854531352E-4,9.400853299916528E-5,4.221521914027801E-5,3.111284981295711E-4,3.934578635622418E-4,1.3504587965881118E-4,0.004218208200914294,1.0567124081292682E-4,7.623281231467046E-5,0.02519863693323454,8.550374468883643E-5,1.24265099577772E-4,0.0032376255565992637],[1.8698219260784876E-4,0.0069546250010594675,0.003512703653227364,0.0012921810462699667,1.532208065996904E-4,6.461231373703228E-5,0.002728296551678625,0.00963348736523064,0.0013155338903856457,1.7938641182724626E-4,0.001001962856687793,3.159790791618489E-4,1.5330955941670173E-4,2.9816946020579056E-4,0.009840245934173075,1.7231678477286575E-4,0.007046661578293402,3.56268825488702E-4,4.961004701567561E-5,0.009087513104847534,0.019356037630378485,0.004121771134876246,1.598397777446546E-4,0.009923672806408483,2.100791174420496E-4,2.849581921991842E-4,7.518931182070172E-4,1.5584327864608642E-4,1.0,2.3390119715940448E-4,3.071836800417644E-4,2.4798743485308195E-4,1.3143244523670087E-4,1.8526880529988013E-4,9.889805747678876E-4,3.951524136129097E-4,1.7970597167582197E-4,0.0011703635047193768,9.48662829020838E-5,1.5882142869316827E-4,0.007763121170919551,1.322837071136259E-4,4.6116201979856685E-5,0.014377465012264707],[7.246769847470379E-4,0.0026988339956843755,0.005688195948171032,0.0015817953317816592,4.5555913378702217E-4,4.969565910686997E-4,0.003793394811119161,0.010458240865922206,0.0033399609107004104,7.994650740164108E-4,0.001034146720166518,9.26155458270546E-4,6.234067764500138E-4,0.0010085104190237762,0.021998936712518274,9.346485166268122E-4,0.006868361653654396,0.007623387817524722,5.787600192553475E-4,0.005111143444285225,0.008478294518877584,0.0035844841628931423,3.1536430813569117E-4,0.008530356706572513,8.035082001696049E-4,9.265900121593816E-4,0.0010545813824181331,5.522091217011976E-4,2.3390119715940448E-4,1.0,0.0028354440691429118,8.6706461434614E-4,5.153138249632157E-4,2.953247555012609E-4,0.0013239658729167763,9.428491620500712E-4,9.510818557518068E-4,0.00291411448474802,0.00100668117485302,2.3686582839670383E-4,0.023596031945141024,8.306344084042328E-4,3.5365740793532875E-4,0.015636562905456602],[0.002066692720151563,0.007542573621879584,0.004759565411246929,0.003623204080842064,0.0025170185351805997,0.002987264182749352,0.0038829760630488454,0.004243564655141025,0.0039764378302323084,0.002723766607041335,0.0027693045397410836,0.002385030201276013,0.0028981871707620954,0.0023751253595829173,0.018117416651736048,3.6441248042245E-4,0.006015978438513892,0.00930731020360127,0.0029513506142758244,0.01580126045702244,0.016081106846672376,0.0066920667580851936,0.0012778453670982065,0.005809108481279692,0.0030820446825024217,0.002432531008681198,0.0020834845116764027,0.0028098376898877922,3.071836800417644E-4,0.0028354440691429118,1.0,0.0030076717066836625,0.0028970003359160357,0.0015803748234624363,0.0027378517099491658,0.0012559961406318513,0.0017724956192296606,0.004235759294257756,0.002477021280177397,4.8799052649516354E-4,0.016590780004283875,0.0028749288900378677,0.0024652777699008016,0.006033616978345689],[4.685343197155177E-4,0.004394836210019471,0.006695829702645108,0.0019369639086883605,3.6389701801537225E-4,4.6871700963732344E-4,0.0024378511396656137,0.012075092099197727,0.0031264796728411154,6.576662005282341E-4,9.755529934481439E-4,6.431634640310999E-4,1.345786395798074E-4,3.4849157099732585E-4,0.007532515466620904,2.178597288818016E-4,0.0013339116293929992,0.006723807957995448,4.2721942472685666E-4,0.011470954764775058,0.01627213746262938,0.00929773494098723,4.992793156195321E-4,0.00907709242854276,6.381545281650224E-4,5.33173530608935E-4,9.989643195820685E-4,4.259116854531352E-4,2.4798743485308195E-4,8.6706461434614E-4,0.0030076717066836625,1.0,3.705599179878342E-4,2.0115220007646499E-4,7.698778313303878E-4,6.262586898832783E-4,4.385868003460481E-4,0.002170652579182423,4.299477558760432E-4,2.6358748494955113E-4,0.030951751795363868,4.653453756211618E-4,3.8813816633855567E-4,0.013821101969992394],[1.1217855859974146E-4,0.00547832578431446,0.009014671014573561,0.002308607529530206,7.039414265351346E-5,4.254359653941055E-5,0.0022413023194166573,0.008182706133626746,0.004766018261095192,3.551222569014986E-5,1.5565142943137306E-4,1.2039854429230485E-4,1.0100616336376891E-4,1.0276897379192271E-4,0.025532296816532588,6.60921755432821E-5,0.003541988062205016,0.009291837231051713,3.2773594015983414E-5,0.013141811529106926,0.0037690377931650773,0.011897359762936382,9.55855640962238E-5,4.0193534683305145E-4,1.5166743819563757E-4,2.177996893875508E-4,0.001316745368407018,9.400853299916528E-5,1.3143244523670087E-4,5.153138249632157E-4,0.0028970003359160357,3.705599179878342E-4,1.0,3.396355534035673E-5,4.652248742266499E-4,1.618916966926251E-4,5.077547946813338E-5,0.0038568426861696147,2.1835807624047835E-5,2.4554276073459004E-5,0.03195516679272501,3.5298525980399074E-5,3.2245339548724634E-5,0.00878950151947249],[2.789242198434107E-5,6.042375111986664E-4,0.0049709575606551246,0.002386090804896083,3.9045863523333E-5,3.744791857625452E-5,0.0022326900305793124,0.010850041193897302,0.010454939038461855,4.5102075641613933E-5,1.4248683824473327E-4,3.751135016591981E-4,3.927118986097054E-5,1.2183461142925171E-4,0.015024958517174539,1.0959437705544524E-4,4.287548575951512E-5,0.0015666702417169197,2.3965600666368087E-5,3.247491040939333E-4,0.008508827182321179,4.8176434497140206E-4,1.0717939081261461E-4,0.0013898423939796842,5.212388418323329E-4,1.879040423208195E-4,8.025016489103154E-4,4.221521914027801E-5,1.8526880529988013E-4,2.953247555012609E-4,0.0015803748234624363,2.0115220007646499E-4,3.396355534035673E-5,1.0,3.323191036860609E-4,4.914382798638761E-4,1.1167544305511124E-4,0.0037274287857753103,1.684431458738413E-5,1.6799621943416347E-5,0.00274650032930234,2.204372332358424E-5,1.8107556542445716E-5,0.0031496920872152354],[2.1568565274489732E-4,0.009473233396717117,0.0021279780565914962,0.0020404218876313393,3.5096017941382097E-4,8.037966456351996E-4,0.003161812706532671,0.007526216197436966,0.002899582246828283,5.031553540963815E-4,0.0014400043473258989,7.3377887534814E-4,6.301616691776978E-4,6.49707275292667E-4,0.009008918690742058,0.0010453353762914209,0.008584462699841847,0.007297862836430264,6.477892783940034E-4,0.006470823424441535,0.008714284902808699,0.005960049226313719,3.202020473236901E-4,0.0030627777350849903,7.196098277625794E-4,6.385644617606446E-4,0.0014599158346257984,3.111284981295711E-4,9.889805747678876E-4,0.0013239658729167763,0.0027378517099491658,7.698778313303878E-4,4.652248742266499E-4,3.323191036860609E-4,1.0,9.556435607321314E-4,0.0011618774968836744,0.002543647402382959,9.249417794063616E-4,3.7638833424750946E-4,0.016245573742471833,0.0013022741004187894,2.7694482513991115E-4,0.007630851989897855],[3.571125447319145E-4,0.008789669489513685,0.009497783904697802,0.0034003851476320183,5.262368194026352E-4,2.0354890595968125E-4,0.003619276512572875,0.008983131723268499,0.010187514099518286,2.3230836457458797E-4,8.063794932682358E-4,6.130497523009606E-4,3.583388799083796E-4,3.031341587149465E-4,0.0011359104888530084,3.1312360298226135E-4,0.004796593432540793,0.009935184170820701,4.1714569714663106E-4,0.004098961109666037,0.008303915010606108,0.007111467317528359,5.465888661543439E-4,0.004686526224650597,5.797041764373847E-4,4.5751434864252296E-4,9.122605864377877E-4,3.934578635622418E-4,3.951524136129097E-4,9.428491620500712E-4,0.0012559961406318513,6.262586898832783E-4,1.618916966926251E-4,4.914382798638761E-4,9.556435607321314E-4,1.0,5.828701965057122E-4,0.004098880304243998,9.443967404641006E-5,3.4507816918201927E-4,0.015186051218139898,4.919504332760441E-4,1.4650039364863548E-4,0.00928643579165312],[1.2898154049165948E-4,0.005748884313563917,0.012889105869527942,0.0032336829197413676,1.3772620164920947E-4,8.181854970254148E-5,0.0031881016216398733,0.006725512573013142,0.005884080520166717,1.2513232082046416E-4,9.018166905787207E-4,1.5782637450389547E-4,1.1349226079310608E-4,1.8428535107274495E-4,0.008969893817217777,1.4514010582573732E-4,0.004105092185607458,0.009728333419507644,8.97434364071877E-5,0.01357432810622267,0.009305524283992879,0.015411375127788706,1.1928355871651102E-4,0.007376217931925987,2.2384281079910413E-4,2.4656614587819964E-4,3.773992068665109E-4,1.3504587965881118E-4,1.7970597167582197E-4,9.510818557518068E-4,0.0017724956192296606,4.385868003460481E-4,5.077547946813338E-5,1.1167544305511124E-4,0.0011618774968836744,5.828701965057122E-4,1.0,0.0027705427079013013,2.795069524713234E-5,1.1322107202737181E-4,0.02406551411858708,7.66766615922485E-5,1.0053483017065274E-4,0.0010516016719981786],[0.001090042447103996,0.00969057695951945,0.013177322034959058,0.00440351385035459,0.0019299153135757545,0.0028280119496825926,0.004390918748384055,0.006950282369642669,0.008026735167412518,0.003223862086294022,0.002764233596410177,0.0030642966610354336,0.002946664105924579,0.0030420065735805267,0.011344923658427594,1.811484045374697E-4,0.006829497695445531,0.007446248051431201,0.0034545794983295644,0.010227641556914925,0.013849025600689863,0.009510828247150011,0.002623504753902195,0.005910405109655879,0.0014531844165498761,9.833821203965541E-4,0.0018911021214323325,0.004218208200914294,0.0011703635047193768,0.00291411448474802,0.004235759294257756,0.002170652579182423,0.0038568426861696147,0.0037274287857753103,0.002543647402382959,0.004098880304243998,0.0027705427079013013,1.0,0.0033780221371953537,0.0021326166685162397,0.022701414442576957,0.0031271899448094766,0.0013804201441748524,0.010940788812196463],[1.065950063756612E-4,6.947098566611174E-4,0.003898647046323789,6.365057797718185E-4,7.878754863955744E-5,2.2043363257952942E-5,2.4940043863939433E-4,0.0015972240850320276,0.0057074350995411265,8.314475709340021E-5,7.838887415656064E-4,7.772717902037957E-5,1.860495347276055E-5,1.1856227519479198E-4,0.02576284537963063,7.345166362497134E-5,0.0021538290416658495,0.009419172463712822,2.817805913862498E-5,0.008403619190883468,0.019854579633893064,0.0055152510981355575,8.518129332887652E-5,0.009069091283163128,9.223122103931911E-5,3.123905183666495E-4,9.042591697579558E-5,1.0567124081292682E-4,9.48662829020838E-5,0.00100668117485302,0.002477021280177397,4.299477558760432E-4,2.1835807624047835E-5,1.684431458738413E-5,9.249417794063616E-4,9.443967404641006E-5,2.795069524713234E-5,0.0033780221371953537,1.0,1.7242872344772365E-5,0.00550045597494512,3.317081592672784E-5,2.5310429138172995E-5,0.014651621949175927],[6.098841607642179E-5,0.0035418799915979595,0.010802473946602342,0.0026739581488108228,7.358462761572428E-5,2.7158960222983415E-5,0.0034018998869149246,0.0188427848828969,0.004726742758277809,1.5855360337329656E-4,2.4112853021054898E-4,1.4858275900458203E-4,6.498820228127864E-5,6.777356062028895E-5,0.005813123921764906,1.5315499181629404E-4,0.0011023307100067447,0.006590050035601527,2.089640647469933E-5,0.011023096150049302,0.019467966476322537,0.011573470110402958,1.0573259776069658E-4,0.003229193470494165,1.2662305171366964E-4,3.457876629242655E-4,0.0011559331818550866,7.623281231467046E-5,1.5882142869316827E-4,2.3686582839670383E-4,4.8799052649516354E-4,2.6358748494955113E-4,2.4554276073459004E-5,1.6799621943416347E-5,3.7638833424750946E-4,3.4507816918201927E-4,1.1322107202737181E-4,0.0021326166685162397,1.7242872344772365E-5,1.0,0.025257654244565428,1.9721163378930078E-5,1.817357227356576E-5,0.01144113423009709],[0.020328617406211322,0.026510826099371082,0.018314504883274383,0.018709506858740118,0.01242477482373533,0.03174750195567895,0.025212286459307422,0.03253878008426694,0.028759988061344485,7.07646058773508E-4,0.008465847457598933,0.026495281454841015,0.029389421953744985,0.030959207668476665,0.029499720801047652,0.035171680689431085,0.029410440892250395,0.014287473801765758,0.024961927532548406,0.030672274656781996,0.026668573554126586,0.024944741935428203,0.021064494961793398,0.03349708419528401,0.011988438498038788,0.007905344229918159,0.001676009893392459,0.02519863693323454,0.007763121170919551,0.023596031945141024,0.016590780004283875,0.030951751795363868,0.03195516679272501,0.00274650032930234,0.016245573742471833,0.015186051218139898,0.02406551411858708,0.022701414442576957,0.00550045597494512,0.025257654244565428,1.0,0.013760338619322982,0.005008383435356929,0.03410325050355833],[8.865729432008422E-5,0.011166576991212155,0.006332789295400293,0.002935161396199592,1.2020743920215817E-4,3.7258717082281644E-5,0.002074948400864184,0.015215030738555178,0.004302229004593141,1.1824735215450077E-4,1.2717158982321114E-4,4.917377250672867E-4,8.415110791377906E-5,1.135640483871313E-4,0.004925315171366024,1.4473256053525296E-4,0.005778151619055492,0.00499587186554636,3.455796096523267E-5,0.009078977312357827,0.0063250363384099815,0.01252230391902168,9.906059355572019E-5,0.0037536530778051755,1.894281168634769E-4,1.8318088975389412E-4,2.7667575110302373E-4,8.550374468883643E-5,1.322837071136259E-4,8.306344084042328E-4,0.0028749288900378677,4.653453756211618E-4,3.5298525980399074E-5,2.204372332358424E-5,0.0013022741004187894,4.919504332760441E-4,7.66766615922485E-5,0.0031271899448094766,3.317081592672784E-5,1.9721163378930078E-5,0.013760338619322982,1.0,3.3418879908064106E-5,0.0131234132240337],[1.1965333649594397E-4,0.009042707341545947,0.004223066066098592,7.893536165336693E-4,5.28978098593501E-5,4.328511163701818E-5,0.002094938045033447,0.00912302090488282,0.009777512919673364,3.683680675619932E-5,4.3120185280852874E-4,6.0835870932902867E-5,1.0287342815052289E-4,2.64007935431697E-4,0.021058887813284657,1.0871271976397635E-4,0.0064388690974324925,0.009449600924570473,2.9012360522245175E-5,0.009166901341953635,0.011031600893162167,0.016249936710509012,6.42292477184599E-5,0.0020235318750408877,4.4420151812941245E-4,2.223128966599093E-4,3.1983621592369634E-4,1.24265099577772E-4,4.6116201979856685E-5,3.5365740793532875E-4,0.0024652777699008016,3.8813816633855567E-4,3.2245339548724634E-5,1.8107556542445716E-5,2.7694482513991115E-4,1.4650039364863548E-4,1.0053483017065274E-4,0.0013804201441748524,2.5310429138172995E-5,1.817357227356576E-5,0.005008383435356929,3.3418879908064106E-5,1.0,0.005933406180527162],[0.009147162963006304,0.01419701461749191,0.014475846189636814,0.009558546588632028,0.01499989854237942,1.5985242975892096E-4,0.012571779246666113,0.018112317983265593,0.01532498851801984,0.005904629476799518,0.01633720586969765,0.014811433915578313,0.004143530921200156,0.002113453159114005,0.018480687887355646,0.015582440110449283,0.01594576227079391,0.01417106432143953,0.007263250942177429,0.01635474305430038,0.016680458399153972,0.016666666666666666,0.010508196046340599,0.012637877980804938,0.00711195758108123,0.003651134012418813,0.012576508513859962,0.0032376255565992637,0.014377465012264707,0.015636