[[1.0,0.0015582783869969251,0.008752041441884531,0.032641653951966054,0.019851579875478934,0.003132448233517012,0.00459114695340287,0.011072389473672268,0.010364241708462178,0.009679405059350114,0.010607475460145566,0.00779507047962292,0.015420893318355212,0.009097211768296594,0.007051114205643266,0.007535609477252997,0.008132686779667359,0.002966397017733434,7.334906099812639E-4,0.00739626022958339,0.010866475057531685,0.012677582332632565,0.011398584422719488,0.008984452158552418,0.001479428924676766,0.008945924990982066,0.006495414779149827,0.008189109786196878,0.004457229080227049,0.011144574824423787,0.00945151388442093,0.02775134225351208,0.010821839814223154,0.010963426900912624,0.009783675454214259,0.040419636945931724,0.0036512116110668353,0.009159674292016634,0.005975991731302882,0.016455013437534794,0.008289262925205583],[0.0015582783869969251,1.0,1.6731230465568853E-5,0.05247346060196841,0.027736768400380578,1.5632655382116683E-4,2.758005600042099E-5,9.66449257937376E-5,0.0030751026542272775,1.9606873544880885E-5,1.8507028587471184E-5,0.004765857280003604,0.009892601720507878,1.1126463846051698E-4,3.2290330557884633E-4,4.845878057496901E-5,6.989908845967264E-5,6.819839417509819E-5,7.959276015024794E-5,1.6413492347239482E-5,1.4820323973396931E-5,0.008960642471507551,0.005630343077523491,8.214586370537498E-5,2.6420193143120503E-5,2.887587077496378E-4,3.501244826326103E-5,0.0016875915767867557,1.805590552844149E-5,0.0029584228415812084,1.772328718205363E-5,0.007641879341190167,1.3523587436427693E-4,6.800836605570592E-5,6.845091624235191E-4,0.02973621589460947,1.9189501278821074E-5,3.544786296223297E-5,2.3894298953619332E-5,0.0018919654607584175,2.5581842354530874E-4],[0.008752041441884531,1.6731230465568853E-5,1.0,0.018582451120149012,0.026080509652323905,1.8015688118023542E-4,3.632626210319084E-5,1.4630826835382795E-4,4.491093468744372E-5,2.2265643574290273E-5,2.1311005876062596E-5,0.0048022988658273785,0.009041553330973876,0.0012238464208267114,4.767528984709458E-5,1.455089150835406E-4,1.2675612115721046E-4,9.047912555446326E-5,3.6805867000572976E-5,1.4644945918138027E-5,1.1916173343070572E-5,0.004122210787287246,0.015314113356476594,1.85671463434497E-5,1.0556406486109202E-4,0.0021587562467292733,3.7894417464399956E-5,0.0029468840069215275,1.4511087019944755E-5,2.2431813500941382E-4,1.6634089753116513E-5,0.023989375171236043,1.6191498505814263E-5,3.357810518854655E-5,1.22142686675282E-4,0.07286418215792542,1.6125664363587341E-4,1.836523717104438E-5,2.717332712251155E-4,0.009500722195267777,2.531411359171129E-4],[0.032641653951966054,0.05247346060196841,0.018582451120149012,1.0,0.034199167780783836,0.0073051358522591425,0.011290896551937444,0.014879579121956723,0.004230415719131875,0.003356920292871351,0.03823839112476516,0.05810733121419183,0.05443883295003453,0.033029926584177756,0.05762650259087027,0.024524907258999147,0.01043794465999702,0.0022274493527024933,0.04557602502162516,0.05719016626734167,0.05271000851927022,0.05566148893575562,0.03483728458349047,0.04526858630718488,0.020453105744492002,0.05730077032987855,0.05048621513301832,0.03268723871255325,0.018554594347366695,0.030767733210409508,0.019458594989230502,0.041344472613100675,0.03879964758725181,0.036515381612943064,0.0087937703442601,0.0720656337367288,0.045375941944121964,0.05728830115159074,0.03653624015138971,0.03063338376430426,0.0026127721326905905],[0.019851579875478934,0.027736768400380578,0.026080509652323905,0.034199167780783836,1.0,0.015840743503625132,0.029708854811293827,4.0772680470491497E-4,0.01993848599855649,0.013337238562310654,0.004894580390607328,0.011766193428360744,0.02765588762959733,0.023487986733599843,0.016913104683415968,0.008065551065055354,0.005263441218132226,0.024143904483945735,0.020973255019586405,2.0435949553055657E-4,0.024643400522105945,0.01692036982004553,0.031352349661149574,0.017161440663413272,0.00999938420690977,0.020563083932999767,0.0074279929996465335,0.0234554617547166,0.022957494093060932,0.029464942470675173,0.026489882064710767,0.03332079615018916,0.02979795195431711,0.030514056301548974,0.015763993414075073,0.05415820111402901,0.0024197729734442785,0.010629267760130831,0.01656750126085193,0.02429986933140159,0.01792597476069194],[0.003132448233517012,1.5632655382116683E-4,1.8015688118023542E-4,0.0073051358522591425,0.015840743503625132,1.0,2.1467170677726697E-4,2.114906692182041E-4,0.00201004098191942,4.536844003338565E-5,2.1210690849755615E-4,9.73479482902541E-4,0.007800104854451963,0.001380580077225713,4.171365955406449E-4,2.2887451818943635E-4,1.352834438892971E-4,1.4998639415681497E-4,1.0959650695274768E-4,1.598281715913486E-4,4.43520351335086E-5,0.002417423260393942,0.015540373213227413,2.0004560783440644E-4,1.691455313177027E-4,0.0020408428544261507,1.5717614527078368E-4,0.0025107972287835454,1.2166575542588094E-4,0.002723792450904666,7.071858918355768E-5,0.015863476518773907,3.737186036380826E-4,2.1977890040716217E-4,0.0014153885755999395,0.01364689811671256,2.2580306493957003E-4,1.5315469847315677E-4,3.244433118984927E-4,0.019001650763738415,2.4899778077555466E-4],[0.00459114695340287,2.758005600042099E-5,3.632626210319084E-5,0.011290896551937444,0.029708854811293827,2.1467170677726697E-4,1.0,1.153985997993232E-4,0.003340961870406672,9.303259404802533E-5,9.772285386769695E-5,5.160953505996687E-4,0.01020906046605901,9.795631356454308E-4,2.5763226194150586E-4,1.670696262810375E-4,1.093798795474451E-4,1.4597011590560408E-4,1.0432881672826509E-4,9.930769250567146E-5,3.73956858115648E-5,0.0039069553799481885,0.011512969982635443,1.0526959975467798E-4,1.0958156406430334E-4,0.0022892489589795787,8.894051897902544E-5,0.0028707993618358836,4.8814746876941245E-5,0.0038282448619667885,8.43336475443465E-5,0.005479394569556094,2.7673646819287377E-4,1.0894709133021269E-4,8.689811896761024E-4,0.00470328925625954,1.9177873225598125E-4,1.0348820856981357E-4,2.1435636753762007E-4,0.010217141670099149,1.583529703637588E-4],[0.011072389473672268,9.66449257937376E-5,1.4630826835382795E-4,0.014879579121956723,4.0772680470491497E-4,2.114906692182041E-4,1.153985997993232E-4,1.0,2.681301318904082E-4,7.470004552337898E-5,1.6529527572736226E-4,6.030483234436424E-4,0.016108580396908108,8.347416182105115E-4,1.911051726103216E-4,1.8712295121594327E-4,1.4956638326778232E-4,1.526937544073176E-4,1.3199262014120997E-4,5.9540418868538686E-5,1.5546845496234983E-4,0.007415994299604602,0.01882163796158144,1.0102082702020268E-4,1.6685780699633273E-4,0.0018145178162085778,6.439903944048785E-5,0.0015194738318063325,1.679833304577546E-4,0.002611219942490641,5.4647733154659724E-5,0.010473201713313732,3.2804588130747986E-4,1.720126540640435E-4,0.001282148737904204,0.02779558518759082,1.8854248236940975E-4,1.1411788217325792E-4,3.255013532530073E-4,0.016744762508785843,3.366567196449149E-4],[0.010364241708462178,0.0030751026542272775,4.491093468744372E-5,0.004230415719131875,0.01993848599855649,0.00201004098191942,0.003340961870406672,2.681301318904082E-4,1.0,2.5624351765682752E-5,0.0010041415739609025,0.005488686044599062,0.013252887898859856,0.003054337484962937,7.365667688892068E-4,0.002029330579306555,0.001991794365531471,9.283179540540882E-4,0.0016013428607514737,6.653457366772006E-4,0.002024752028411574,0.005252600713424926,0.013716274772417925,0.003163122230689305,0.0014925326761807537,0.0028011587495108906,0.0028571269354101827,0.003335142092153256,8.504166157554407E-4,0.0037009814182615178,0.001788435250310221,0.014834837880150754,0.0016087438354837795,0.002478734737070702,0.0025059587646873637,0.006738915370897628,0.0030842941902760354,0.0011555600938940693,0.002497575947685817,0.014735662126302503,8.46798336065512E-4],[0.009679405059350114,1.9606873544880885E-5,2.2265643574290273E-5,0.003356920292871351,0.013337238562310654,4.536844003338565E-5,9.303259404802533E-5,7.470004552337898E-5,2.5624351765682752E-5,1.0,5.2952025877778006E-5,0.005015031650316546,0.017927243938517457,4.016057573317754E-4,1.5883174893857978E-4,1.7023600263554758E-4,6.533667161122165E-5,9.541398855148687E-5,5.73914005879406E-5,1.5676506778686063E-5,1.9878847679760724E-5,0.0031917303096728735,0.009890508281200174,7.097723536063821E-5,7.904795541774628E-5,8.13890521165255E-4,2.9993113918310646E-5,0.0012442432077851052,2.3437095838109912E-5,0.003083022768285191,2.2992174226974054E-5,0.009290712658134331,7.253213484142775E-5,1.3124079779219534E-4,2.4081387738795394E-4,0.001537224050520728,7.238344298194964E-5,5.805801968289765E-5,2.8194311569436896E-4,0.011845087187449109,1.1451825227194295E-4],[0.010607475460145566,1.8507028587471184E-5,2.1311005876062596E-5,0.03823839112476516,0.004894580390607328,2.1210690849755615E-4,9.772285386769695E-5,1.6529527572736226E-4,0.0010041415739609025,5.2952025877778006E-5,1.0,0.003303890690370084,0.006944238429775238,6.410984897387428E-4,4.170464759830511E-4,8.693265224838963E-5,1.1921164482038554E-4,8.715015847928923E-5,8.746663933959242E-5,3.3443519613704764E-5,1.1675768307768307E-5,0.0011484218841867713,0.005368466599498205,8.980770927485452E-5,1.0446966888447532E-4,0.002223035755411781,5.256350895268244E-5,0.0024138259084441386,5.438870374803285E-5,0.0011060574993016351,6.401132740557713E-5,0.002039089936190759,2.2992518445100072E-4,1.0505183864240988E-4,0.0013600745080398669,0.039589718054328676,8.901024993500337E-5,8.432017512211423E-5,1.9065708157359592E-4,0.01889993647145488,3.114885950921673E-4],[0.00779507047962292,0.004765857280003604,0.0048022988658273785,0.05810733121419183,0.011766193428360744,9.73479482902541E-4,5.160953505996687E-4,6.030483234436424E-4,0.005488686044599062,0.005015031650316546,0.003303890690370084,1.0,0.00967266042928059,0.006236047341296878,0.0014727629562443043,0.0045740665931701925,0.0013057012090706877,4.370071602079413E-4,0.002964016285080448,0.0052970810812814845,0.00519601704096164,0.007578797182169404,0.014279191863437042,0.0014884210397696261,0.0019754167424465637,0.0038544624197746347,0.0014061332615297535,0.004555814731317492,0.0020904949581574766,0.006244282746633254,0.005424736108677039,0.007795423215870418,9.461858974150601E-4,0.005048681510245812,0.0026360046052668687,0.06792286170959934,0.005790493386109118,0.004816231138388137,7.796457710813119E-4,0.00873862084534611,4.6564721809324303E-4],[0.015420893318355212,0.009892601720507878,0.009041553330973876,0.05443883295003453,0.02765588762959733,0.007800104854451963,0.01020906046605901,0.016108580396908108,0.013252887898859856,0.017927243938517457,0.006944238429775238,0.00967266042928059,1.0,0.0037148322672183954,0.01877611652308879,0.012671589088463225,0.016716061913513554,0.0055805541451661635,0.006950443083865529,0.01782373551084652,0.007157092634984044,0.013725607757462342,0.021184687356065553,0.017776962776851254,0.015568368724203594,0.008798324022812987,0.004557416514036979,0.014541278364550825,0.003013406804054619,0.015230164202066934,0.009263190358344098,0.034031671263908284,0.015289759936672241,0.008593704212367617,0.016684964240143374,0.0327940255265663,0.013905321440446759,0.010580567185505126,0.010238861384157865,0.01925579411268912,0.01827632585191535],[0.009097211768296594,1.1126463846051698E-4,0.0012238464208267114,0.033029926584177756,0.023487986733599843,0.001380580077225713,9.795631356454308E-4,8.347416182105115E-4,0.003054337484962937,4.016057573317754E-4,6.410984897387428E-4,0.006236047341296878,0.0037148322672183954,1.0,0.0012129504958614027,6.204970430253882E-4,0.0012460573945252387,5.815617229516861E-4,9.790577548961558E-4,2.2324694132352322E-4,0.0013860177487955492,0.007278582045740104,0.0156222324695328,7.943930582180623E-4,2.2521556168611826E-4,0.0020144049990861285,0.001426140153454989,0.0018062586206115106,5.41733097544351E-4,0.003871605317821929,4.597789355206753E-4,0.02607836653942333,9.016388767790246E-4,6.131493045062068E-4,0.0015168353764013706,0.06994996677988895,8.573298012189883E-4,1.8746698939359007E-4,6.427128786182598E-4,0.01104128142968392,0.0013720836523046591],[0.007051114205643266,3.2290330557884633E-4,4.767528984709458E-5,0.05762650259087027,0.016913104683415968,4.171365955406449E-4,2.5763226194150586E-4,1.911051726103216E-4,7.365667688892068E-4,1.5883174893857978E-4,4.170464759830511E-4,0.0014727629562443043,0.01877611652308879,0.0012129504958614027,1.0,4.1655222659138427E-4,2.550230470845918E-4,2.0214122445072184E-4,3.008887048920328E-4,2.2630745355366254E-4,6.565837001071406E-5,0.008094289971728248,0.017633774682366588,3.6684788283744557E-4,2.8501442833172197E-4,0.0016743878077216865,3.0498869585656845E-4,0.0018977993823754884,1.8598019308405287E-4,0.0037353059833425423,7.550216891546064E-5,0.02411997380615014,4.254889727512335E-4,3.465589393407589E-4,7.528038895052683E-4,0.0084360917998327,2.2359485826004151E-4,1.0856264866093864E-4,3.768993799921342E-4,0.007148072998269232,4.075562816428805E-4],[0.007535609477252997,4.845878057496901E-5,1.455089150835406E-4,0.024524907258999147,0.008065551065055354,2.2887451818943635E-4,1.670696262810375E-4,1.8712295121594327E-4,0.002029330579306555,1.7023600263554758E-4,8.693265224838963E-5,0.0045740665931701925,0.012671589088463225,6.204970430253882E-4,4.1655222659138427E-4,1.0,1.4610710947814798E-4,1.5922787092974782E-4,1.9169052162470724E-4,1.3686984258422125E-4,7.782551052824024E-5,0.01259201470486845,0.01198451321718609,1.644146752902811E-4,1.3431664498990322E-4,0.0011701909705479656,9.855469891363348E-5,2.297108017350145E-4,7.388161514273793E-5,0.002168957488645963,1.213572615327183E-4,0.022462637942605904,3.6972905300586815E-4,1.535617317854266E-4,9.890959065094343E-4,0.05652891498479873,1.9204092406076127E-4,1.789754908663395E-4,3.2177908171670687E-4,0.0011681017959349958,2.520826580322265E-4],[0.008132686779667359,6.989908845967264E-5,1.2675612115721046E-4,0.01043794465999702,0.005263441218132226,1.352834438892971E-4,1.093798795474451E-4,1.4956638326778232E-4,0.001991794365531471,6.533667161122165E-5,1.1921164482038554E-4,0.0013057012090706877,0.016716061913513554,0.0012460573945252387,2.550230470845918E-4,1.4610710947814798E-4,1.0,1.3662558552197875E-4,1.14667422856765E-4,8.647564517234567E-5,8.135384341056084E-5,0.007694050032244392,0.0057956322465193555,1.184473089964916E-4,1.2747569273996632E-4,6.770152261048088E-4,9.138966353427818E-5,0.0014772290475264993,9.897227282716159E-5,0.0011800806353476645,1.1293944588972222E-4,0.005594369545021332,3.8633087325061824E-4,1.3143983478458595E-4,3.1581447076927045E-4,0.017681007204232383,1.7528810112824465E-4,1.2470839871113614E-4,2.901947892437173E-4,6.40089841014556E-4,2.6605576888537297E-4],[0.002966397017733434,6.819839417509819E-5,9.047912555446326E-5,0.0022274493527024933,0.024143904483945735,1.4998639415681497E-4,1.4597011590560408E-4,1.526937544073176E-4,9.283179540540882E-4,9.541398855148687E-5,8.715015847928923E-5,4.370071602079413E-4,0.0055805541451661635,5.815617229516861E-4,2.0214122445072184E-4,1.5922787092974782E-4,1.3662558552197875E-4,1.0,1.1609317910971846E-4,5.9426229722508814E-5,5.435038764981302E-5,0.006104848590146872,0.013285492529499112,1.320744317173457E-4,1.3210674720593254E-4,7.363370268766288E-4,9.804439480969645E-5,0.00106431486600645,1.477546001521499E-4,0.0021023095776531585,4.646172326328814E-5,0.03274400465651305,2.0708304715380841E-4,1.4853151127940686E-4,0.0012535710770145531,0.006101887859375593,1.618243423979071E-4,1.2565906435685676E-4,2.0995860769846213E-4,0.007247853242501526,3.052083800582381E-4],[7.334906099812639E-4,7.959276015024794E-5,3.6805867000572976E-5,0.04557602502162516,0.020973255019586405,1.0959650695274768E-4,1.0432881672826509E-4,1.3199262014120997E-4,0.0016013428607514737,5.73914005879406E-5,8.746663933959242E-5,0.002964016285080448,0.006950443083865529,9.790577548961558E-4,3.008887048920328E-4,1.9169052162470724E-4,1.14667422856765E-4,1.1609317910971846E-4,1.0,7.873595612715905E-5,3.0067486224614823E-5,0.003533998843275922,0.01023724472008299,9.617667385276324E-5,1.0217842586398151E-4,2.852465318299162E-4,7.086357517678093E-5,0.0022556090755999274,7.286186314596001E-5,0.0048810132383982794,9.452770179665479E-5,0.014721475668338289,2.88034237613619E-4,1.1751712451291516E-4,0.0013601341334708952,0.06816471499564614,1.5900428961303773E-4,9.920199977478782E-5,1.4955171203034093E-4,0.01830360238554702,2.788848231273603E-4],[0.00739626022958339,1.6413492347239482E-5,1.4644945918138027E-5,0.05719016626734167,2.0435949553055657E-4,1.598281715913486E-4,9.930769250567146E-5,5.9540418868538686E-5,6.653457366772006E-4,1.5676506778686063E-5,3.3443519613704764E-5,0.0052970810812814845,0.01782373551084652,2.2324694132352322E-4,2.2630745355366254E-4,1.3686984258422125E-4,8.647564517234567E-5,5.9426229722508814E-5,7.873595612715905E-5,1.0,1.2173668806490189E-5,0.008479537435798478,0.0018593905428568275,8.511700240643264E-5,5.013646475874387E-5,0.0018044596371956968,3.645293796449367E-5,0.0013088768595827778,2.0854998562572454E-5,7.333489568891149E-4,1.6194256406129033E-5,0.030160135801661082,3.07772092840478E-4,9.358342711355142E-5,7.826615635881831E-4,0.0338698961384124,1.7187583267989643E-4,4.169286845185494E-5,2.799850697594342E-4,0.007690565431797305,1.1649751106376464E-4],[0.010866475057531685,1.4820323973396931E-5,1.1916173343070572E-5,0.05271000851927022,0.024643400522105945,4.43520351335086E-5,3.73956858115648E-5,1.5546845496234983E-4,0.002024752028411574,1.9878847679760724E-5,1.1675768307768307E-5,0.00519601704096164,0.007157092634984044,0.0013860177487955492,6.565837001071406E-5,7.782551052824024E-5,8.135384341056084E-5,5.435038764981302E-5,3.0067486224614823E-5,1.2173668806490189E-5,1.0,0.004318948046512412,0.01259429691478185,2.6406667449180575E-5,1.0290803531563087E-4,0.0013292624986822375,1.843370683019985E-5,1.1500607598712687E-4,2.0457111472377638E-5,0.0024978748317476375,1.7124886383195592E-5,0.00785176240038186,1.0064498954971683E-4,6.313384299261199E-5,8.324614743871604E-4,0.002376873082857287,1.0529968336943756E-4,2.5721453634889133E-5,6.252119840323837E-5,0.005296974754971958,3.130243691457962E-4],[0.012677582332632565,0.008960642471507551,0.004122210787287246,0.05566148893575562,0.01692036982004553,0.002417423260393942,0.0039069553799481885,0.007415994299604602,0.005252600713424926,0.0031917303096728735,0.0011484218841867713,0.007578797182169404,0.013725607757462342,0.007278582045740104,0.008094289971728248,0.01259201470486845,0.007694050032244392,0.006104848590146872,0.003533998843275922,0.008479537435798478,0.004318948046512412,1.0,0.01486840921121694,0.004390544907591135,0.012812754061231432,0.00629822584291665,0.0031769095886211556,0.00433413621828965,0.008827530624986375,0.007534919853110728,0.011571464584932883,0.030609208162898267,0.0027800384987924152,0.003795523500652982,0.00702182957237172,0.06360098486430564,0.012241563643122748,0.010842016235856278,0.010508907422471335,0.014111779462749314,0.011303804625805032],[0.011398584422719488,0.005630343077523491,0.015314113356476594,0.03483728458349047,0.031352349661149574,0.015540373213227413,0.011512969982635443,0.01882163796158144,0.013716274772417925,0.009890508281200174,0.005368466599498205,0.014279191863437042,0.021184687356065553,0.0156222324695328,0.017633774682366588,0.01198451321718609,0.0057956322465193555,0.013285492529499112,0.01023724472008299,0.0018593905428568275,0.01259429691478185,0.01486840921121694,1.0,0.006418532645585002,0.019119862547145504,0.019827190900355746,0.015307531586304027,0.015500648764915751,0.01635164972293898,0.010985732320716353,0.0070514726559367,0.033038134787488585,0.02092419050697799,0.004806318366937219,0.00918133130913772,0.04719733304384919,0.009840941844336643,0.01102148348247025,0.01938393599123798,0.020757561086446333,0.018060082296015915],[0.008984452158552418,8.214586370537498E-5,1.85671463434497E-5,0.04526858630718488,0.017161440663413272,2.0004560783440644E-4,1.0526959975467798E-4,1.0102082702020268E-4,0.003163122230689305,7.097723536063821E-5,8.980770927485452E-5,0.0014884210397696261,0.017776962776851254,7.943930582180623E-4,3.6684788283744557E-4,1.644146752902811E-4,1.184473089964916E-4,1.320744317173457E-4,9.617667385276324E-5,8.511700240643264E-5,2.6406667449180575E-5,0.004390544907591135,0.006418532645585002,1.0,1.048867022026983E-4,0.0015632110095642625,8.909549955196441E-5,3.449516585026305E-4,6.765112978755795E-5,6.727082132672744E-4,3.275203341819311E-5,0.03206878238204503,1.8923706147847046E-4,1.0160525902833605E-4,3.0464382880000834E-4,0.010777890803049944,1.2353474803157593E-4,9.687043138855712E-5,1.9150137304935514E-4,0.009877574908358203,1.1569352032376088E-4],[0.001479428924676766,2.6420193143120503E-5,1.0556406486109202E-4,0.020453105744492002,0.00999938420690977,1.691455313177027E-4,1.0958156406430334E-4,1.6685780699633273E-4,0.0014925326761807537,7.904795541774628E-5,1.0446966888447532E-4,0.0019754167424465637,0.015568368724203594,2.2521556168611826E-4,2.8501442833172197E-4,1.3431664498990322E-4,1.2747569273996632E-4,1.3210674720593254E-4,1.0217842586398151E-4,5.013646475874387E-5,1.0290803531563087E-4,0.012812754061231432,0.019119862547145504,1.048867022026983E-4,1.0,0.0015265167621615176,8.205410743028854E-5,0.0013849614231800432,9.398275494425243E-5,0.0034508398223403007,1.1324553465236168E-4,0.005862216775483286,1.5149438878534442E-4,1.4949706759907083E-4,3.832913776676672E-4,0.026369456677828168,1.804344807397905E-4,9.886869644993188E-5,2.911697799719878E-4,0.007830880850177538,3.046493779109952E-4],[0.008945924990982066,2.887587077496378E-4,0.0021587562467292733,0.05730077032987855,0.020563083932999767,0.0020408428544261507,0.0022892489589795787,0.0018145178162085778,0.0028011587495108906,8.13890521165255E-4,0.002223035755411781,0.0038544624197746347,0.008798324022812987,0.0020144049990861285,0.0016743878077216865,0.0011701909705479656,6.770152261048088E-4,7.363370268766288E-4,2.852465318299162E-4,0.0018044596371956968,0.0013292624986822375,0.00629822584291665,0.019827190900355746,0.0015632110095642625,0.0015265167621615176,1.0,0.0018414140736302093,0.002440629498410109,0.0012565974752431982,0.002515547326581057,4.931536386174732E-5,0.014168413948083656,0.0014152741162630732,0.0014380219591955679,0.001637053739668167,0.04324043784333112,0.0013084973392934606,6.123359828427254E-4,5.940698536595849E-4,0.004305206236053326,0.001515204161187591],[0.006495414779149827,3.501244826326103E-5,3.7894417464399956E-5,0.05048621513301832,0.0074279929996465335,1.5717614527078368E-4,8.894051897902544E-5,6.439903944048785E-5,0.0028571269354101827,2.9993113918310646E-5,5.256350895268244E-5,0.0014061332615297535,0.004557416514036979,0.001426140153454989,3.0498869585656845E-4,9.855469891363348E-5,9.138966353427818E-5,9.804439480969645E-5,7.086357517678093E-5,3.645293796449367E-5,1.843370683019985E-5,0.0031769095886211556,0.015307531586304027,8.909549955196441E-5,8.205410743028854E-5,0.0018414140736302093,1.0,0.0025306285758576307,3.6814059955702516E-5,0.004508363839675396,3.846173595444068E-5,0.013422778990576355,1.2492519808714775E-4,4.3609910520938935E-5,6.695493350128381E-4,0.04225472199225135,6.37420466828766E-5,6.368236813200642E-5,2.1504251591188462E-4,0.013283052039272925,2.0371069286781606E-4],[0.008189109786196878,0.0016875915767867557,0.0029468840069215275,0.03268723871255325,0.0234554617547166,0.0025107972287835454,0.0028707993618358836,0.0015194738318063325,0.003335142092153256,0.0012442432077851052,0.0024138259084441386,0.004555814731317492,0.014541278364550825,0.0018062586206115106,0.0018977993823754884,2.297108017350145E-4,0.0014772290475264993,0.00106431486600645,0.0022556090755999274,0.0013088768595827778,1.1500607598712687E-4,0.00433413621828965,0.015500648764915751,3.449516585026305E-4,0.0013849614231800432,0.002440629498410109,0.0025306285758576307,1.0,0.002307047175626661,0.0036334430576425132,0.0019323091791433053,0.03199876048634358,0.0026567102608678643,0.0011741233057303091,0.0025609982669882432,0.02059691770629112,0.001882015502790369,0.001009962570864664,8.220117988479721E-4,0.017916484013640096,5.856986282528694E-4],[0.004457229080227049,1.805590552844149E-5,1.4511087019944755E-5,0.018554594347366695,0.022957494093060932,1.2166575542588094E-4,4.8814746876941245E-5,1.679833304577546E-4,8.504166157554407E-4,2.3437095838109912E-5,5.438870374803285E-5,0.0020904949581574766,0.003013406804054619,5.41733097544351E-4,1.8598019308405287E-4,7.388161514273793E-5,9.897227282716159E-5,1.477546001521499E-4,7.286186314596001E-5,2.0854998562572454E-5,2.0457111472377638E-5,0.008827530624986375,0.01635164972293898,6.765112978755795E-5,9.398275494425243E-5,0.0012565974752431982,3.6814059955702516E-5,0.002307047175626661,1.0,0.0027044009308149256,1.8748417766813084E-5,0.02481083067715123,1.2831872749058908E-4,3.41824888570787E-5,0.0012332402784665558,0.021136787672795504,1.8004026429488374E-4,5.551361092295263E-5,3.0646357415823645E-4,0.009353924569016394,2.0251813256676627E-4],[0.011144574824423787,0.0029584228415812084,2.2431813500941382E-4,0.030767733210409508,0.029464942470675173,0.002723792450904666,0.0038282448619667885,0.002611219942490641,0.0037009814182615178,0.003083022768285191,0.0011060574993016351,0.006244282746633254,0.015230164202066934,0.003871605317821929,0.0037353059833425423,0.002168957488645963,0.0011800806353476645,0.0021023095776531585,0.0048810132383982794,7.333489568891149E-4,0.0024978748317476375,0.007534919853110728,0.010985732320716353,6.727082132672744E-4,0.0034508398223403007,0.002515547326581057,0.004508363839675396,0.0036334430576425132,0.0027044009308149256,1.0,0.0041354734433101245,0.014642987080080013,0.00475673465544044,0.003493289558302032,0.0032741253743010217,0.03785273537997391,0.004627204263034436,0.0020627279135012164,0.001968307649893736,0.0057739719242676825,0.0026893888693205604],[0.00945151388442093,1.772328718205363E-5,1.6634089753116513E-5,0.019458594989230502,0.026489882064710767,7.071858918355768E-5,8.43336475443465E-5,5.4647733154659724E-5,0.001788435250310221,2.2992174226974054E-5,6.401132740557713E-5,0.005424736108677039,0.009263190358344098,4.597789355206753E-4,7.550216891546064E-5,1.213572615327183E-4,1.1293944588972222E-4,4.646172326328814E-5,9.452770179665479E-5,1.6194256406129033E-5,1.7124886383195592E-5,0.011571464584932883,0.0070514726559367,3.275203341819311E-5,1.1324553465236168E-4,4.931536386174732E-5,3.846173595444068E-5,0.0019323091791433053,1.8748417766813084E-5,0.0041354734433101245,1.0,0.020098080983596694,3.973231320678259E-4,1.08925517825075E-4,7.628113736774348E-4,0.06224313014261897,1.3672562922541768E-4,8.790296761771702E-5,1.7848650591779266E-4,0.01823106038288548,2.0324848886324083E-4],[0.02775134225351208,0.007641879341190167,0.023989375171236043,0.041344472613100675,0.03332079615018916,0.015863476518773907,0.005479394569556094,0.010473201713313732,0.014834837880150754,0.009290712658134331,0.002039089936190759,0.007795423215870418,0.034031671263908284,0.02607836653942333,0.02411997380615014,0.022462637942605904,0.005594369545021332,0.03274400465651305,0.014721475668338289,0.030160135801661082,0.00785176240038186,0.030609208162898267,0.033038134787488585,0.03206878238204503,0.005862216775483286,0.014168413948083656,0.013422778990576355,0.03199876048634358,0.02481083067715123,0.014642987080080013,0.020098080983596694,1.0,0.013110972946245593,0.025282710984086913,0.018478371057201355,0.04577795144325006,0.03224544965865376,0.013478735943379214,0.028164144983138916,0.02886087809181405,0.02089994296567545],[0.010821839814223154,1.3523587436427693E-4,1.6191498505814263E-5,0.03879964758725181,0.02979795195431711,3.737186036380826E-4,2.7673646819287377E-4,3.2804588130747986E-4,0.0016087438354837795,7.253213484142775E-5,2.2992518445100072E-4,9.461858974150601E-4,0.015289759936672241,9.016388767790246E-4,4.254889727512335E-4,3.6972905300586815E-4,3.8633087325061824E-4,2.0708304715380841E-4,2.88034237613619E-4,3.07772092840478E-4,1.0064498954971683E-4,0.0027800384987924152,0.02092419050697799,1.8923706147847046E-4,1.5149438878534442E-4,0.0014152741162630732,1.2492519808714775E-4,0.0026567102608678643,1.2831872749058908E-4,0.00475673465544044,3.973231320678259E-4,0.013110972946245593,1.0,4.284999080714457E-4,7.449007941781956E-4,0.005340888930456607,2.1524283427997476E-4,1.8100850470562687E-4,3.7302763232799666E-4,0.0034476184073835014,3.693809643167867E-4],[0.010963426900912624,6.800836605570592E-5,3.357810518854655E-5,0.036515381612943064,0.030514056301548974,2.1977890040716217E-4,1.0894709133021269E-4,1.720126540640435E-4,0.002478734737070702,1.3124079779219534E-4,1.0505183864240988E-4,0.005048681510245812,0.008593704212367617,6.131493045062068E-4,3.465589393407589E-4,1.535617317854266E-4,1.3143983478458595E-4,1.4853151127940686E-4,1.1751712451291516E-4,9.358342711355142E-5,6.313384299261199E-5,0.003795523500652982,0.004806318366937219,1.0160525902833605E-4,1.4949706759907083E-4,0.0014380219591955679,4.3609910520938935E-5,0.0011741233057303091,3.41824888570787E-5,0.003493289558302032,1.08925517825075E-4,0.025282710984086913,4.284999080714457E-4,1.0,0.0013483648400088128,0.023561946047201746,1.6302956865510274E-4,1.4602827806290168E-4,2.9263271399834984E-4,0.0027580904772344095,1.6360435208627517E-4],[0.009783675454214259,6.845091624235191E-4,1.22142686675282E-4,0.0087937703442601,0.015763993414075073,0.0014153885755999395,8.689811896761024E-4,0.001282148737904204,0.0025059587646873637,2.4081387738795394E-4,0.0013600745080398669,0.0026360046052668687,0.016684964240143374,0.0015168353764013706,7.528038895052683E-4,9.890959065094343E-4,3.1581447076927045E-4,0.0012535710770145531,0.0013601341334708952,7.826615635881831E-4,8.324614743871604E-4,0.00702182957237172,0.00918133130913772,3.0464382880000834E-4,3.832913776676672E-4,0.001637053739668167,6.695493350128381E-4,0.0025609982669882432,0.0012332402784665558,0.0032741253743010217,7.628113736774348E-4,0.018478371057201355,7.449007941781956E-4,0.0013483648400088128,1.0,0.04956496875498805,2.050914374694391E-4,4.6418034208450126E-4,0.001395602686168908,0.0191008493646422,7.337060611545328E-4],[0.040419636945931724,0.02973621589460947,0.07286418215792542,0.0720656337367288,0.05415820111402901,0.01364689811671256,0.00470328925625954,0.02779558518759082,0.006738915370897628,0.001537224050520728,0.039589718054328676,0.06792286170959934,0.0327940255265663,0.06994996677988895,0.0084360917998327,0.05652891498479873,0.017681007204232383,0.006101887859375593,0.06816471499564614,0.0338698961384124,0.002376873082857287,0.06360098486430564,0.04719733304384919,0.010777890803049944,0.026369456677828168,0.04324043784333112,0.04225472199225135,0.02059691770629112,0.021136787672795504,0.03785273537997391,0.06224313014261897,0.04577795144325006,0.005340888930456607,0.023561946047201746,0.04956496875498805,1.0,0.02332390422453808,0.0037429599678804964,0.009613470480963287,0.03392225723577753,0.03552743008998169],[0.0036512116110668353,1.9189501278821074E-5,1.6125664363587341E-4,0.045375941944121964,0.0024197729734442785,2.2580306493957003E-4,1.9177873225598125E-4,1.8854248236940975E-4,0.0030842941902760354,7.238344298194964E-5,8.901024993500337E-5,0.005790493386109118,0.013905321440446759,8.573298012189883E-4,2.2359485826004151E-4,1.9204092406076127E-4,1.7528810112824465E-4,1.618243423979071E-4,1.5900428961303773E-4,1.7187583267989643E-4,1.0529968336943756E-4,0.012241563643122748,0.009840941844336643,1.2353474803157593E-4,1.804344807397905E-4,0.0013084973392934606,6.37420466828766E-5,0.001882015502790369,1.8004026429488374E-4,0.004627204263034436,1.3672562922541768E-4,0.03224544965865376,2.1524283427997476E-4,1.6302956865510274E-4,2.050914374694391E-4,0.02332390422453808,1.0,1.7345684883076935E-4,2.279164946474006E-4,0.012902052976660429,3.3830362134543916E-4],[0.009159674292016634,3.544786296223297E-5,1.836523717104438E-5,0.05728830115159074,0.010629267760130831,1.5315469847315677E-4,1.0348820856981357E-4,1.1411788217325792E-4,0.0011555600938940693,5.805801968289765E-5,8.432017512211423E-5,0.004816231138388137,0.010580567185505126,1.8746698939359007E-4,1.0856264866093864E-4,1.789754908663395E-4,1.2470839871113614E-4,1.2565906435685676E-4,9.920199977478782E-5,4.169286845185494E-5,2.5721453634889133E-5,0.010842016235856278,0.01102148348247025,9.687043138855712E-5,9.886869644993188E-5,6.123359828427254E-4,6.368236813200642E-5,0.001009962570864664,5.551361092295263E-5,0.0020627279135012164,8.790296761771702E-5,0.013478735943379214,1.8100850470562687E-4,1.4602827806290168E-4,4.6418034208450126E-4,0.0037429599678804964,1.7345684883076935E-4,1.0,1.1325305934037092E-4,0.01152888789739709,2.6703038610800724E-4],[0.005975991731302882,2.3894298953619332E-5,2.717332712251155E-4,0.03653624015138971,0.01656750126085193,3.244433118984927E-4,2.1435636753762007E-4,3.255013532530073E-4,0.002497575947685817,2.8194311569436896E-4,1.9065708157359592E-4,7.796457710813119E-4,0.010238861384157865,6.427128786182598E-4,3.768993799921342E-4,3.2177908171670687E-4,2.901947892437173E-4,2.0995860769846213E-4,1.4955171203034093E-4,2.799850697594342E-4,6.252119840323837E-5,0.010508907422471335,0.01938393599123798,1.9150137304935514E-4,2.911697799719878E-4,5.940698536595849E-4,2.1504251591188462E-4,8.220117988479721E-4,3.0646357415823645E-4,0.001968307649893736,1.7848650591779266E-4,0.028164144983138916,3.7302763232799666E-4,2.9263271399834984E-4,0.001395602686168908,0.009613470480963287,2.279164946474006E-4,1.1325305934037092E-4,1.0,0.0035782710521240404,3.3403466025473953E-4],[0.016455013437534794,0.0018919654607584175,0.009500722195267777,0.03063338376430426,0.02429986933140159,0.019001650763738415,0.010217141670099149,0.016744762508785843,0.014735662126302503,0.011845087187449109,0.01889993647145488,0.00873862084534611,0.01925579411268912,0.01104128142968392,0.007148072998269232,0.0011681017959349958,6.40089841014556E-4,0.007247853242501526,0.01830360238554702,0.007690565431797305,0.005296974754971958,0.014111779462749314,0.020757561086446333,0.009877574908358203,0.007830880850177538,0.004305206236053326,0.013283052039272925,0.017916484013640096,0.009353924569016394,0.0057739719242676825,0.01823106038288548,0.02886087809181405,0.0034476184073835014,0.0027580904772344095,0.0191008493646422,0.03392225723577753,0.012902052976660429,0.01152888789739709,0.0035782710521240404,1.0,0.009497039988857882],[0.008289262925205583,2.5581842354530874E-4,2.531411359171129E-4,0.0026127721326905905,0.01792597476069194,2.4899778077555466E-4,1.583529703637588E-4,3.366567196449149E-4,8.46798336065512E-4,1.1451825227194295E-4,3.114885950921673E-4,4.6564721809324303E-4,0.01827632585191535,0.0013720836523046591,4.075562816428805E-4,2.520826580322265E-4,2.6605576888537297E-4,3.052083800582381E-4,2.788848231273603E-4,1.1649751106376464E-4,3.130243691457962E-4,0.011303804625805032,0.018060082296015915,1.1569352032376088E-4,3.046493779109952E-4,0.001515204161187591,2.0371069286781606E-4,5.856986282528694E-4,2.0251813256676627E-4,0.0026893888693205604,2.0324848886324083E-4,0.02089994296567545,3.693809643167867E-4,1.6360435208627517E-4,7.337060611545328E-4,0.03552743008998169,3.3830362134543916E-4,2.6703038610800724E-4,3.3403466025473953E-4,0.009497039988857882,1.0]]