[[1.0,0.003046950359464353,0.004015789142310346,0.0060270017846026785,7.788212884192102E-4,0.003955412542813062,0.005755112728407759,0.0073654455189260445,0.007512646340051313,0.007683922629608123,0.004803999940572279,0.0024575326977517064,0.011410687740223325,0.012511151362475404,0.015392790570623783,0.006862829594093846,0.002481301662728827,0.008743794589851913,0.00961314849231654,0.007731773932282512,0.009840278653265916,0.010456321596831512,0.0022397609459015736,0.0016186387630047496,0.0038169128043599857,0.01215124950335555,0.0035509666906777355,0.012740562353124672,0.010586927649333572,0.05685545818616874,0.005441432879879259,0.01983345755746381,0.009695461604348832,0.004182543231277083,0.005798097666695092,0.027579712307116994,0.004266527801359234,0.009630055518600317,0.008777646956376173,0.007497380306039955,0.0016686364283936678,0.004210557474757161,0.011364793897785745,0.014549697909213085,0.011766791014040597,0.016960694650624764,0.009180591620854002,0.007413988125761511,0.0028986910018475795],[0.003046950359464353,1.0,0.0021657382841872475,0.0015472911481348908,5.808518068498111E-4,0.0015009006310572803,0.0031270384154298853,0.0012199180600181297,4.8505396748950994E-4,5.464313747738537E-4,5.72498806515815E-4,3.107485824269962E-4,5.060092340437044E-4,0.009426112855138414,0.02148600184842235,0.002539575544837999,6.692798262225335E-4,0.005798789760285048,5.649490640895858E-4,8.33102716189231E-4,0.001125090388125095,1.2697419416670495E-4,3.5185429432575547E-4,9.091854385050006E-4,9.254168352371471E-4,0.0014984189489796553,6.361572262255846E-4,0.0015953680575830945,7.003470767433129E-4,0.05308935188085167,0.0020993532157912863,0.005624241951275354,0.0038425519511010994,9.312548350270363E-4,7.480909946616237E-4,0.005803790946015633,4.2405584231325864E-4,0.005743030108047775,8.561298488439841E-4,0.0010833979681846117,0.0011558937018608965,8.908831983430489E-4,4.814137974488058E-4,0.004171532410679726,0.011502882880754215,0.010363515466804356,6.988701273762133E-4,0.0010749263855247557,9.81267076345276E-4],[0.004015789142310346,0.0021657382841872475,1.0,0.0025827487362722183,1.6405615986250213E-4,0.002595011794663719,0.0037193948767431733,0.0021232268307146787,4.6174385547195085E-4,0.0010774456721262,0.0020847551676243,0.0018618246938946644,9.019083208678393E-4,0.008853038658865366,0.007811833322775078,0.0029677976802205725,0.001423755733950575,0.006189747664331143,0.0018007700136249342,9.375719261950808E-4,0.0022856210316261096,0.0011019341078698864,0.0015292069561653554,0.0023247702635790382,0.0017524302425950264,0.008498174263117232,0.0013256033295045296,0.012897799082411301,4.464638870167107E-4,0.02556175833076293,0.002536131050398862,0.061231752488115083,0.00811443723891874,6.253434543058011E-4,0.0013435590944911762,0.01788989672763577,0.0022706312313608796,0.005105390964642976,6.884710602281516E-4,0.001991729189151923,0.0018075948681077992,4.6083002414018574E-4,0.002435475160936952,0.015996571952717604,0.0027188041845995384,0.003596479057368219,9.87855339661631E-4,0.0013275911790615528,6.957425672768404E-4],[0.0060270017846026785,0.0015472911481348908,0.0025827487362722183,1.0,0.0022022992551681175,0.0026250452281909634,0.0033667404470717316,0.0022057778983947908,0.0022673354502372326,0.002249397492063373,0.0022180226547808862,0.001664878012379791,0.0024831106035556553,0.011878620279609656,0.011155742381832949,0.002813170598322203,0.0013467808459356576,0.0058817792952476555,0.0011834858647665858,0.00261616943121618,0.0023856078874551472,8.420301636249869E-4,0.0022708607352462237,0.0012017526981550337,5.277815744959086E-4,0.009985937985091044,0.0024758393124336927,0.005743567586132533,7.651925148790691E-4,0.009315402630699066,0.002726491199025187,0.008262833593547006,0.004128110173011683,3.488829149746659E-4,0.0016470513677583167,0.010080884466225768,0.001454192533837852,0.0036096102750504747,0.0015535883104352813,0.0015384082369589804,0.0018827607313434951,0.002584530743874612,0.0019764219923731384,0.010968184591390227,0.00785074793927709,0.01731636282261643,0.0016608706894238844,0.0023067778163029995,2.869338148725096E-4],[7.788212884192102E-4,5.808518068498111E-4,1.6405615986250213E-4,0.0022022992551681175,1.0,0.0024744045903886376,0.0019469208709173853,2.824619992820587E-4,8.405151402910009E-5,1.1796156372385552E-4,1.2069237148726872E-4,1.236111272228199E-4,2.507501423713736E-4,0.013101137169817827,0.017064332920386643,3.021510020245876E-4,2.4525099225476064E-4,0.0050055652575119155,1.637277432317949E-4,1.1637726654061845E-4,8.44523754982594E-4,1.1843339690839638E-4,9.018568724786013E-5,5.429532501956351E-4,1.344223161873625E-4,0.01190961226683544,1.3459009804539317E-4,0.01092987608694126,1.157108793806076E-4,0.009998501979887118,0.0017811178802922944,0.002302739706958961,0.00463342782858482,1.3136456867286533E-4,2.757547535348336E-4,0.005687370674996469,1.4904211150297477E-4,0.006219617832097473,1.1862826264611933E-4,2.848616030959398E-4,7.265789932314605E-4,7.392480280488056E-5,1.2484804476824808E-4,0.003394009730263247,0.011493802913521535,0.025103486069506666,1.1333295281238862E-4,1.2480768873824273E-4,1.21751933670036E-4],[0.003955412542813062,0.0015009006310572803,0.002595011794663719,0.0026250452281909634,0.0024744045903886376,1.0,0.00330720546400277,0.0024933287435839058,0.0010571876947294,6.526223912857733E-4,0.0015807979937967679,0.0013943918325906648,5.531011096009425E-4,0.005539178597950426,0.02299135699546524,0.002965034455202511,0.002272531461851324,0.00660608601358263,6.12116543417137E-4,0.001074059047018701,0.001340214492356205,0.0012248862873367379,0.0022926892396113304,0.002101451047493684,4.719127043204779E-4,0.011908406653491986,0.002163043778641281,0.016622025700781612,0.001381748451508591,0.010269249945498007,0.0026302062880603112,0.057635445400814715,0.006396176755343826,0.001604060328894063,0.002495070761124658,0.003341059572340346,0.002502170394476456,0.005693820637913316,2.6797213934717855E-4,0.0017458762287928054,0.0022528984688761616,0.002489674377783696,8.385060597377342E-4,0.010268455865154114,0.008269546595240507,0.022298286611884856,0.002346008426757933,0.0019256541762389878,0.001904617848846302],[0.005755112728407759,0.0031270384154298853,0.0037193948767431733,0.0033667404470717316,0.0019469208709173853,0.00330720546400277,1.0,0.003263164268946384,1.7392558803176509E-4,0.0018111590986970812,8.72479444581013E-4,0.0024347948656764365,0.003209308466754126,0.012897340710224981,0.018930590554072455,0.0031671034823561417,0.0033874043497587976,0.004717012635093343,0.0014078206692237313,0.001391478741670509,0.0028385071476552067,7.524007161726707E-4,0.002929537681309851,0.003335512740138871,2.703505310691739E-4,0.01244768341240551,0.002056220699401498,0.0080296473046551,0.0013782343344991446,0.04358105156919032,0.0035804821184392153,0.008387045911996427,0.009143944793378737,0.0019372024658442127,8.265117780368117E-4,0.02242289320002261,0.003306410974078254,0.0047203434023178415,0.003796363086587781,0.0028104975589907395,0.0016549608692132997,0.0027770920120934973,0.0036360453192415625,0.011904154700625584,0.005780802099466436,0.033042208916417834,0.0028081572715181868,0.0024438453236118205,7.221088258233633E-4],[0.0073654455189260445,0.0012199180600181297,0.0021232268307146787,0.0022057778983947908,2.824619992820587E-4,0.0024933287435839058,0.003263164268946384,1.0,8.904644516487692E-4,0.0020062565330597557,2.4029630068118267E-4,7.105810141379905E-4,0.0011583426246343964,0.0030938783401752434,0.023347882432122845,0.002772220951388614,0.001451356910145589,0.0025573684777942867,0.0017331996737017328,9.863466519323585E-4,0.0012264115875659694,9.60199923705151E-4,0.0013014394572770198,0.001173408681267929,8.814163481015965E-4,0.007749789930693619,0.0019448156144372284,0.016071617762561698,7.108315398183137E-4,0.04710618737700916,0.0024720058474237815,0.017888553880378417,0.009512678248319167,9.042231826933481E-4,0.0012037316638834972,0.010196382563423338,7.200522945256047E-4,0.003621254079817476,8.675018043779417E-4,0.0011462787512736597,0.0018913210871158064,0.0017149305615195161,4.3084453047086135E-4,0.014394731782197306,0.007110213584757755,0.02925789121711967,0.001770053178636172,8.559418318192336E-4,0.002103713743657374],[0.007512646340051313,4.8505396748950994E-4,4.6174385547195085E-4,0.0022673354502372326,8.405151402910009E-5,0.0010571876947294,1.7392558803176509E-4,8.904644516487692E-4,1.0,3.378126471042358E-5,7.20466181919266E-5,8.599485516872585E-5,1.3535638348195292E-4,0.008551727202370374,0.013874750940473253,1.1229530330288138E-4,4.092765016132414E-4,0.0012297705164828093,1.3178211187730494E-4,6.67756607642348E-5,1.457106553023843E-4,1.0543592908392536E-4,1.4874766362119874E-5,5.073003173376711E-4,1.417855596701225E-4,0.0038226920714092612,1.1156145052345975E-4,0.019664243488334843,5.6217526054468806E-5,0.057815370669940504,1.610867842274051E-4,0.005708428999222266,0.0030081021339122866,2.6470836523099002E-5,1.814948663426201E-4,0.01308695480379349,1.9253913404952264E-5,0.001453761987356052,1.6094281048773266E-5,9.790123857344542E-4,7.781864576968826E-4,2.4434472289235278E-5,1.865240845510732E-5,0.003561513552832604,0.011432637426286085,0.02431551749788089,3.5191297304139595E-5,2.7575249099299164E-4,2.9431520995889053E-5],[0.007683922629608123,5.464313747738537E-4,0.0010774456721262,0.002249397492063373,1.1796156372385552E-4,6.526223912857733E-4,0.0018111590986970812,0.0020062565330597557,3.378126471042358E-5,1.0,1.1711955483191319E-4,1.2152568560408205E-4,2.136938642843258E-4,0.006817387230644291,0.0184731090350457,0.0016677317791477973,5.609450701048981E-4,0.0024996328058219082,1.6978992048237177E-4,1.1225261635674012E-4,1.6773956825831847E-4,1.1742774231729239E-4,3.8341076072144465E-5,6.101460446868163E-4,1.1492765149790679E-4,0.013433403664046027,1.395854711820602E-4,0.003500929984387914,1.1276123047237317E-4,0.002056806086663355,1.2102227884182934E-4,0.02916044609414241,0.009305091754687071,1.5038586102121136E-4,1.966913429324706E-4,0.010056757827969439,1.2373234688251448E-4,0.0031461729423325245,1.1211043463980135E-4,7.711123663555311E-4,0.0013031581355026243,5.727446909110719E-5,1.227363609546721E-4,0.012180475030836857,0.0020337447185674318,0.023045942221576233,1.129049236550943E-4,2.06381335602966E-4,1.1439319702303108E-4],[0.004803999940572279,5.72498806515815E-4,0.0020847551676243,0.0022180226547808862,1.2069237148726872E-4,0.0015807979937967679,8.72479444581013E-4,2.4029630068118267E-4,7.20466181919266E-5,1.1711955483191319E-4,1.0,1.247107885498357E-4,2.2121277047677557E-4,0.01010230849339473,0.011365062346795268,0.0019160680017526622,2.6199507017969073E-4,0.0020026447381880264,1.7380270083390214E-4,1.1731096837034261E-4,3.0640595196252285E-4,1.241092497975325E-4,8.971456435901784E-5,7.90609582697792E-4,1.3745311711406297E-4,7.007851639853166E-4,1.3008934830841077E-4,0.002857256011520115,1.1901588745505816E-4,9.018723628780285E-4,0.0021814456714906887,0.04108307372756333,0.0064593079432681425,1.2983324127310305E-4,2.214974331385467E-4,0.007858623200269943,1.3987177430443653E-4,0.0014418597312400134,1.1907489231671934E-4,7.774203439641674E-4,6.827156273330132E-4,3.947562806509528E-5,1.3138529582307635E-4,0.00808858384751324,0.008227723580948495,0.028455362205575926,1.168728503371543E-4,1.307500973636963E-4,1.2745966495892276E-4],[0.0024575326977517064,3.107485824269962E-4,0.0018618246938946644,0.001664878012379791,1.236111272228199E-4,0.0013943918325906648,0.0024347948656764365,7.105810141379905E-4,8.599485516872585E-5,1.2152568560408205E-4,1.247107885498357E-4,1.0,2.726802490662058E-4,0.0059875667339550735,0.0044619768832732595,9.409355817377267E-4,2.0806438891577138E-4,0.0033345727174289574,1.2595932519396472E-4,1.2427216341013515E-4,0.0010832404866420232,1.2370441959402644E-4,5.1865490245467986E-5,6.673242210335793E-4,1.3008336995265366E-4,0.008000865567932018,1.3263864942410653E-4,6.691078935941255E-4,1.1379844361312574E-4,0.060699009436551474,7.173997238502458E-4,0.036597826776862304,0.0045592657287070815,1.2676337454132556E-4,2.518920266037758E-4,0.025334085197910736,1.4991045285793697E-4,0.00551346926856163,1.2429606617702857E-4,8.44736164515873E-4,3.371873046336218E-4,5.0764398654544086E-5,1.261263963833957E-4,3.309014218382157E-4,7.366814458837009E-4,0.008581807469425981,1.2087487763707103E-4,3.19444385424188E-4,1.3147234484498353E-4],[0.011410687740223325,5.060092340437044E-4,9.019083208678393E-4,0.0024831106035556553,2.507501423713736E-4,5.531011096009425E-4,0.003209308466754126,0.0011583426246343964,1.3535638348195292E-4,2.136938642843258E-4,2.2121277047677557E-4,2.726802490662058E-4,1.0,0.013068175212862443,0.010170606745903352,0.0017160705130483934,3.9236895247163496E-4,0.0022742037260262806,2.721453678669062E-4,1.995773022628405E-4,8.240318784992303E-4,1.3590704767207944E-4,9.362096316089784E-5,8.161156089853025E-4,2.2105356355394193E-4,0.013564623565708943,2.606520555604941E-4,9.796066064505433E-4,2.1187562258160442E-4,0.006346200685942692,7.2861585881514E-4,0.023872264983891157,0.002999579402968084,2.472845250072225E-4,3.1827526663810626E-4,0.013654337609802291,2.09866470998867E-4,0.005045790624385289,1.8151681652823964E-4,3.174612667556716E-4,8.53491362888038E-4,1.2728879273398323E-4,1.41232123771108E-4,0.005891979284315133,0.008219615849509063,0.025902539752762382,2.524423527008292E-4,3.0580069751340446E-4,2.650666615756032E-4],[0.012511151362475404,0.009426112855138414,0.008853038658865366,0.011878620279609656,0.013101137169817827,0.005539178597950426,0.012897340710224981,0.0030938783401752434,0.008551727202370374,0.006817387230644291,0.01010230849339473,0.0059875667339550735,0.013068175212862443,1.0,0.014516582063564078,0.005765280448797728,0.0060240076782431574,0.013290629161372495,0.0027744379800042573,0.010351820274639363,0.0015538331028784763,0.005288474400753053,0.001457046430150633,0.0022376981203686367,0.011846228907733958,0.014466256475712294,0.01094073103267688,0.017914018743724315,0.0037097503364974843,0.01602602446680291,0.013747189250071226,0.04074701885013747,0.012003282308567405,0.013528810139830027,0.005390143045720164,0.024566250392500866,6.198741871511742E-4,0.012473033598330843,0.008145222407859429,0.0058546182249961335,0.00449972231636403,0.0018529781482306948,0.009478790988083496,0.015026645843473893,0.013491689311887897,0.025327192580621133,0.011724869017762094,0.010187966593004335,0.011069702521379685],[0.015392790570623783,0.02148600184842235,0.007811833322775078,0.011155742381832949,0.017064332920386643,0.02299135699546524,0.018930590554072455,0.023347882432122845,0.013874750940473253,0.0184731090350457,0.011365062346795268,0.0044619768832732595,0.010170606745903352,0.014516582063564078,1.0,0.02242985899093201,0.015935755979734872,0.009240387722253164,0.021601707436501073,0.0190244430430683,0.004144387656155582,0.02465277871159833,0.007174352268326428,0.009470070904046694,0.01613885719924181,0.02431484185645982,0.00141104140149401,0.024246087463875084,0.00951945604962862,0.05347313593973051,0.008261543766957473,0.03393472031015523,0.012100498777899416,0.007417178206108939,0.009210270246035776,0.026544913285644737,0.005093681696395964,0.015745984607480133,0.009703813177693817,0.016837687563570736,0.0221004375002587,0.01638323268304219,0.0019372528769609314,0.024629971985092446,0.01906387084663648,0.03591352228281702,0.00845581511223981,0.004164839877442384,0.023321873360644958],[0.006862829594093846,0.002539575544837999,0.0029677976802205725,0.002813170598322203,3.021510020245876E-4,0.002965034455202511,0.0031671034823561417,0.002772220951388614,1.1229530330288138E-4,0.0016677317791477973,0.0019160680017526622,9.409355817377267E-4,0.0017160705130483934,0.005765280448797728,0.02242985899093201,1.0,8.259691192975477E-4,0.0056708608133967065,0.0026689296934448376,0.0013855367197106669,0.0018095047728908403,0.0012994301787091981,0.0026840065324057064,0.002043270063189601,3.9642085362198384E-4,0.006086179989421852,0.002081923971092602,0.0057461664761266,0.002741459326339865,0.009909559772485598,0.002823215080761068,0.004620914586422137,0.007533365461227166,7.359016328419576E-4,0.0014152312253944345,0.010207881129456465,0.002692507602182783,0.006421516649918233,0.0029575904575615706,0.0019490646856664398,0.002940732128902027,0.0018133718303957878,1.416422877655043E-4,0.01047053829426568,0.007460466248464595,0.022247335420427027,6.856624522601825E-4,0.002672660608666824,1.7836398459590864E-4],[0.002481301662728827,6.692798262225335E-4,0.001423755733950575,0.0013467808459356576,2.4525099225476064E-4,0.002272531461851324,0.0033874043497587976,0.001451356910145589,4.092765016132414E-4,5.609450701048981E-4,2.6199507017969073E-4,2.0806438891577138E-4,3.9236895247163496E-4,0.0060240076782431574,0.015935755979734872,8.259691192975477E-4,1.0,0.004560765408930717,4.7284118015484275E-4,4.5339741827367863E-4,6.636388537959631E-4,2.3746709029265448E-4,5.724496016628524E-4,8.48064787081392E-4,4.5310246656368665E-4,0.007121971448088734,5.342907559835535E-4,0.0054177296484477985,3.337512733659326E-4,0.0037847584315946845,0.0015927191997622836,0.03190077588426948,0.00564354915667151,4.116989900363872E-4,5.142891667484496E-4,0.002277065674224259,1.886102143096374E-4,0.00555795037979519,5.21802759688068E-4,6.758697328246197E-4,0.001211336194278018,4.802136902588858E-4,1.791776585589547E-4,0.008048131799436769,0.0050495701139586235,0.016469100530944168,3.0299674650037924E-4,3.944121829740483E-4,5.295926252851013E-4],[0.008743794589851913,0.005798789760285048,0.006189747664331143,0.0058817792952476555,0.0050055652575119155,0.00660608601358263,0.004717012635093343,0.0025573684777942867,0.0012297705164828093,0.0024996328058219082,0.0020026447381880264,0.0033345727174289574,0.0022742037260262806,0.013290629161372495,0.009240387722253164,0.0056708608133967065,0.004560765408930717,1.0,0.005528248619773935,0.0012590065278997092,0.001369515421414089,0.0024453801690876727,2.0948996070206742E-4,0.003973497696700325,0.002901787080597183,0.008671218154952531,0.004862301335791434,0.02111907732144748,0.003925901856120638,0.0489410893752502,0.004971977655754051,0.008463284649096008,0.00928091417901155,0.0015081682604750405,0.00606460404171299,0.02246892155437437,8.864510861226339E-4,0.006964338518037809,0.002303705787209753,0.0013829390744464168,0.006493068053902172,0.00435348175968481,0.0018244866534293405,0.015271034764320138,0.009845521368065163,0.022425418763988163,0.0034041474746435607,0.0013960451624908017,0.0030273488125888907],[0.00961314849231654,5.649490640895858E-4,0.0018007700136249342,0.0011834858647665858,1.637277432317949E-4,6.12116543417137E-4,0.0014078206692237313,0.0017331996737017328,1.3178211187730494E-4,1.6978992048237177E-4,1.7380270083390214E-4,1.2595932519396472E-4,2.721453678669062E-4,0.0027744379800042573,0.021601707436501073,0.0026689296934448376,4.7284118015484275E-4,0.005528248619773935,1.0,1.8040476061402776E-4,2.0758116673851666E-4,1.4790990655777405E-4,1.5596144496369315E-4,8.322348923055802E-4,1.795065239794352E-4,0.0026770803725823986,1.9612846281677696E-4,0.007230453001625402,1.1959354443837643E-4,0.027583214985297522,0.0010742371017207777,0.021176419659735702,0.008249202406455934,1.7907081183678533E-4,2.8288976773588803E-4,0.01402743436473136,1.7391199700219059E-4,0.004383886485625683,1.5907532255423476E-4,7.052967493482907E-4,0.0013733359544108692,1.2887676181799133E-4,1.6772905695539898E-4,0.003066287982011975,0.0106677539909887,0.008229125804057264,1.177730046799029E-4,2.526957009043136E-4,1.4259309083789994E-4],[0.007731773932282512,8.33102716189231E-4,9.375719261950808E-4,0.00261616943121618,1.1637726654061845E-4,0.001074059047018701,0.001391478741670509,9.863466519323585E-4,6.67756607642348E-5,1.1225261635674012E-4,1.1731096837034261E-4,1.2427216341013515E-4,1.995773022628405E-4,0.010351820274639363,0.0190244430430683,0.0013855367197106669,4.5339741827367863E-4,0.0012590065278997092,1.8040476061402776E-4,1.0,2.5959803582375416E-4,1.1461276279104873E-4,2.572424399285922E-5,4.903745091545137E-4,1.2945259460519595E-4,0.008572359620948785,1.478996906706781E-4,0.017620107394623413,1.123598600134415E-4,0.04756106438923572,2.562844138526018E-4,0.04119224986802972,0.007161127366364901,1.3725108431651524E-4,2.5154900349492494E-4,0.004028469504421772,1.6130799727818057E-4,0.0027804794831019033,1.1173403660473896E-4,9.806657079391456E-4,5.357428244338116E-4,5.1282112641146805E-5,1.1958459062627608E-4,0.012968046405325449,0.0031907558144182173,0.015113317284068294,1.1265359943347271E-4,1.2801821354198824E-4,1.341755858291266E-4],[0.009840278653265916,0.001125090388125095,0.0022856210316261096,0.0023856078874551472,8.44523754982594E-4,0.001340214492356205,0.0028385071476552067,0.0012264115875659694,1.457106553023843E-4,1.6773956825831847E-4,3.0640595196252285E-4,0.0010832404866420232,8.240318784992303E-4,0.0015538331028784763,0.004144387656155582,0.0018095047728908403,6.636388537959631E-4,0.001369515421414089,2.0758116673851666E-4,2.5959803582375416E-4,1.0,7.940680497966888E-4,7.386233114002794E-4,8.965637198983912E-4,9.677275532159621E-4,0.010310371471467943,0.0010558629421300195,0.0016956668314254096,1.7353104047795632E-4,0.020177021875342392,0.0022732079821044643,0.011785681791817392,0.0085688604687816,9.818157579595773E-4,5.889309779539233E-4,0.014664544933478194,0.00107497465381791,0.006841382248007998,3.597727489701664E-4,0.0010688385928866887,0.0013683503877196846,6.95921089213895E-4,3.414066839735087E-4,0.010122752297917975,0.004902982199863388,0.018082146164707484,0.0010486175109909446,5.449621042624879E-4,3.132774107869627E-4],[0.010456321596831512,1.2697419416670495E-4,0.0011019341078698864,8.420301636249869E-4,1.1843339690839638E-4,0.0012248862873367379,7.524007161726707E-4,9.60199923705151E-4,1.0543592908392536E-4,1.1742774231729239E-4,1.241092497975325E-4,1.2370441959402644E-4,1.3590704767207944E-4,0.005288474400753053,0.02465277871159833,0.0012994301787091981,2.3746709029265448E-4,0.0024453801690876727,1.4790990655777405E-4,1.1461276279104873E-4,7.940680497966888E-4,1.0,7.355557556141737E-5,3.5946499086679615E-4,1.4607185599261818E-4,0.01263095181322018,1.6152587064610934E-4,0.008208871030922951,1.1444534305612004E-4,0.017774860026876366,0.0026386577758863612,0.0011041890864888191,0.001412493464479151,1.452707905842061E-4,2.455023430925327E-4,0.012859838322506931,1.5343801193971396E-4,0.0035125916559929364,1.1216471348864233E-4,5.492825871605131E-4,3.514532749653956E-4,8.281677138061204E-5,1.3040905123162515E-4,0.003680479045942206,0.001320671674467834,0.01380330139794066,1.1666382316768043E-4,2.3607373769307874E-4,1.239560336213597E-4],[0.0022397609459015736,3.5185429432575547E-4,0.0015292069561653554,0.0022708607352462237,9.018568724786013E-5,0.0022926892396113304,0.002929537681309851,0.0013014394572770198,1.4874766362119874E-5,3.8341076072144465E-5,8.971456435901784E-5,5.1865490245467986E-5,9.362096316089784E-5,0.001457046430150633,0.007174352268326428,0.0026840065324057064,5.724496016628524E-4,2.0948996070206742E-4,1.5596144496369315E-4,2.572424399285922E-5,7.386233114002794E-4,7.355557556141737E-5,1.0,2.9145921330788605E-4,1.3582299230649632E-4,0.008208546529342001,9.916352983520272E-5,0.022197575522106765,8.262930097037305E-5,0.03837423729442181,0.0025594819479083566,0.04743024639775457,6.907160356077426E-4,1.264937693205673E-4,2.7112837401716477E-4,0.011060464737706393,1.0754043880844259E-4,0.004508028989341868,8.965088448754095E-5,4.85456850545352E-4,9.952791477859213E-4,2.053284848627292E-5,2.213577865882829E-5,0.00462555914263415,0.0062610994289028325,0.010503651396027155,3.540609038996898E-5,2.916548074515894E-4,7.847525759323014E-5],[0.0016186387630047496,9.091854385050006E-4,0.0023247702635790382,0.0012017526981550337,5.429532501956351E-4,0.002101451047493684,0.003335512740138871,0.001173408681267929,5.073003173376711E-4,6.101460446868163E-4,7.90609582697792E-4,6.673242210335793E-4,8.161156089853025E-4,0.0022376981203686367,0.009470070904046694,0.002043270063189601,8.48064787081392E-4,0.003973497696700325,8.322348923055802E-4,4.903745091545137E-4,8.965637198983912E-4,3.5946499086679615E-4,2.9145921330788605E-4,1.0,2.077469950533878E-4,0.010009250074423829,7.412430009882005E-4,0.00780585043421762,2.1313828673401726E-4,0.043303182714161295,0.0010469546359922117,0.04938467815223035,0.007240204128625729,6.733501226190623E-4,4.717644336814964E-4,0.010025848804280842,4.4252749508533803E-4,0.0025865286340854923,4.5701332497878757E-4,8.989901009882364E-4,8.969379757754082E-4,7.885767023597212E-4,1.757398048828335E-4,0.014563862264531918,0.001453080634826596,0.003299597945497593,3.0560075622778076E-4,5.006357301956682E-4,6.92526928838056E-4],[0.0038169128043599857,9.254168352371471E-4,0.0017524302425950264,5.277815744959086E-4,1.344223161873625E-4,4.719127043204779E-4,2.703505310691739E-4,8.814163481015965E-4,1.417855596701225E-4,1.1492765149790679E-4,1.3745311711406297E-4,1.3008336995265366E-4,2.2105356355394193E-4,0.011846228907733958,0.01613885719924181,3.9642085362198384E-4,4.5310246656368665E-4,0.002901787080597183,1.795065239794352E-4,1.2945259460519595E-4,9.677275532159621E-4,1.4607185599261818E-4,1.3582299230649632E-4,2.077469950533878E-4,1.0,4.4344287586738394E-4,1.5443404997590837E-4,0.02193192649485733,1.1390719760034916E-4,0.013987787586375625,0.001348647268834736,0.04625682387958621,0.0012859791370963998,1.642725108121016E-4,1.495170221226329E-4,0.01979008100414014,1.6402431451008646E-4,0.006291137629769449,1.4030464197739727E-4,3.465148027408006E-4,0.0014235249170193006,1.2031740800870315E-4,1.3899074823809385E-4,0.015030040681301508,0.002968175158363604,0.006414740310552211,1.4402529715441654E-4,2.013612080102178E-4,1.3932650708972397E-4],[0.01215124950335555,0.0014984189489796553,0.008498174263117232,0.009985937985091044,0.01190961226683544,0.011908406653491986,0.01244768341240551,0.007749789930693619,0.0038226920714092612,0.013433403664046027,7.007851639853166E-4,0.008000865567932018,0.013564623565708943,0.014466256475712294,0.02431484185645982,0.006086179989421852,0.007121971448088734,0.008671218154952531,0.0026770803725823986,0.008572359620948785,0.010310371471467943,0.01263095181322018,0.008208546529342001,0.010009250074423829,4.4344287586738394E-4,1.0,0.0037137570949414512,0.020270303678849355,0.005294844196945802,0.020730513164137335,0.0064345016580003925,0.05418679956934417,0.013864885603443388,0.004421114838724748,0.00388188630483431,0.024321282523882007,0.014142246088276859,0.012239070246042276,0.008420014463153717,0.014131107864487525,0.0035262181636836042,0.005288343461321335,0.0028584596736687417,0.01633006721654642,0.013261201847459544,0.030099715667752464,0.012869409632147125,0.007185555624097687,0.004045927031939121],[0.0035509666906777355,6.361572262255846E-4,0.0013256033295045296,0.0024758393124336927,1.3459009804539317E-4,0.002163043778641281,0.002056220699401498,0.0019448156144372284,1.1156145052345975E-4,1.395854711820602E-4,1.3008934830841077E-4,1.3263864942410653E-4,2.606520555604941E-4,0.01094073103267688,0.00141104140149401,0.002081923971092602,5.342907559835535E-4,0.004862301335791434,1.9612846281677696E-4,1.478996906706781E-4,0.0010558629421300195,1.6152587064610934E-4,9.916352983520272E-5,7.412430009882005E-4,1.5443404997590837E-4,0.0037137570949414512,1.0,0.0010162832453780803,2.151356889791744E-4,0.03195189467491378,7.894187030087492E-4,0.057953874208275594,6.063859035834572E-4,1.8298593616440659E-4,3.2873985891949216E-4,0.0025199954678143074,2.2080706394230032E-4,0.0016169717383860904,1.7658593819378784E-4,9.243092443881914E-4,7.436728177997268E-4,1.4746987854273282E-4,2.0582586250168203E-4,0.008074610495073938,0.0030016060993732527,0.005323098725217784,2.0168169400319047E-4,2.4111467273873807E-4,1.6358016763731007E-4],[0.012740562353124672,0.0015953680575830945,0.012897799082411301,0.005743567586132533,0.01092987608694126,0.016622025700781612,0.0080296473046551,0.016071617762561698,0.019664243488334843,0.003500929984387914,0.002857256011520115,6.691078935941255E-4,9.796066064505433E-4,0.017914018743724315,0.024246087463875084,0.0057461664761266,0.0054177296484477985,0.02111907732144748,0.007230453001625402,0.017620107394623413,0.0016956668314254096,0.008208871030922951,0.022197575522106765,0.00780585043421762,0.02193192649485733,0.020270303678849355,0.0010162832453780803,1.0,0.019968776485499024,0.0458630678742321,0.005223819756886032,0.04103193390854209,0.022401822624086923,0.00720470969912366,0.005209254341191754,0.023900835924554817,0.01497932314787523,0.02035262927984825,0.015139608629015866,0.004019220071699149,0.017810107290166615,0.004061102250955937,8.894624559573332E-4,0.02264967188246745,0.016554412257575785,0.023344206468847713,0.00561753578866339,0.018512287193440512,0.019918100724457564],[0.010586927649333572,7.003470767433129E-4,4.464638870167107E-4,7.651925148790691E-4,1.157108793806076E-4,0.001381748451508591,0.0013782343344991446,7.108315398183137E-4,5.6217526054468806E-5,1.1276123047237317E-4,1.1901588745505816E-4,1.1379844361312574E-4,2.1187562258160442E-4,0.0037097503364974843,0.00951945604962862,0.002741459326339865,3.337512733659326E-4,0.003925901856120638,1.1959354443837643E-4,1.123598600134415E-4,1.7353104047795632E-4,1.1444534305612004E-4,8.262930097037305E-5,2.1313828673401726E-4,1.1390719760034916E-4,0.005294844196945802,2.151356889791744E-4,0.019968776485499024,1.0,0.025587425465265476,0.0011495296518121223,0.020653602936278673,0.002635059825282668,1.3146603924715235E-4,2.0362921342847507E-4,0.005556226058033763,1.1622822116280237E-4,0.0028414809154142517,1.1195824337420074E-4,3.8526366782468314E-4,0.0013660337956177234,9.626090172782758E-5,1.248509884740757E-4,0.005348119548848959,0.0027687710613761396,0.002126742292614466,1.1295379001133664E-4,3.171072422483563E-4,1.2212579233863836E-4],[0.05685545818616874,0.05308935188085167,0.02556175833076293,0.009315402630699066,0.009998501979887118,0.010269249945498007,0.04358105156919032,0.04710618737700916,0.057815370669940504,0.002056806086663355,9.018723628780285E-4,0.060699009436551474,0.006346200685942692,0.01602602446680291,0.05347313593973051,0.009909559772485598,0.0037847584315946845,0.0489410893752502,0.027583214985297522,0.04756106438923572,0.020177021875342392,0.017774860026876366,0.03837423729442181,0.043303182714161295,0.013987787586375625,0.020730513164137335,0.03195189467491378,0.0458630678742321,0.025587425465265476,1.0,0.010575247709361676,0.06651686963176448,0.038488531990922746,0.023674554616284225,0.032102439319691686,0.040211746357144904,0.034326868967142814,0.06280114020992277,0.02412127666185514,0.053911508144030486,0.06176487790215768,0.05501287059866348,0.05785212701382375,0.05470073346579903,0.06074183938454064,0.06220898904430977,0.021799940902952324,0.031131631657459923,0.0351485948589228],[0.005441432879879259,0.0020993532157912863,0.002536131050398862,0.002726491199025187,0.0017811178802922944,0.0026302062880603112,0.0035804821184392153,0.0024720058474237815,1.610867842274051E-4,1.2102227884182934E-4,0.0021814456714906887,7.173997238502458E-4,7.2861585881514E-4,0.013747189250071226,0.008261543766957473,0.002823215080761068,0.0015927191997622836,0.004971977655754051,0.0010742371017207777,2.562844138526018E-4,0.0022732079821044643,0.0026386577758863612,0.0025594819479083566,0.0010469546359922117,0.001348647268834736,0.0064345016580003925,7.894187030087492E-4,0.005223819756886032,0.0011495296518121223,0.010575247709361676,1.0,0.0030312237606097718,0.004375145666773815,0.0021246302844394986,0.0013157162459991496,0.026698200283978884,0.0020239769849095366,0.006388348100290009,0.0023078963745750544,0.0023258310887329277,0.0021175978952199586,0.002072596795801283,0.0012512527924745927,0.010679659560778116,0.0034441478110674452,0.03068598075378653,0.0011404641380897407,0.002026051751729689,0.0016497941687471163],[0.01983345755746381,0.005624241951275354,0.061231752488115083,0.008262833593547006,0.002302739706958961,0.057635445400814715,0.008387045911996427,0.017888553880378417,0.005708428999222266,0.02916044609414241,0.04108307372756333,0.036597826776862304,0.023872264983891157,0.04074701885013747,0.03393472031015523,0.004620914586422137,0.03190077588426948,0.008463284649096008,0.021176419659735702,0.04119224986802972,0.011785681791817392,0.0011041890864888191,0.04743024639775457,0.04938467815223035,0.04625682387958621,0.05418679956934417,0.057953874208275594,0.04103193390854209,0.020653602936278673,0.06651686963176448,0.0030312237606097718,1.0,0.037684926565410434,0.034590012923438045,0.03390431801256959,0.04974140821949351,0.05677181751894804,0.04885191294503527,0.03145274360956639,0.050806050630011625,0.0283987165062645,0.05742587921788962,0.004862350419768393,0.05924947363896166,0.013203880705205367,0.04530895949184218,0.018273398324718783,0.05181018717216964,0.016594034791180795],[0.009695461604348832,0.0038425519511010994,0.00811443723891874,0.004128110173011683,0.00463342782858482,0.006396176755343826,0.009143944793378737,0.009512678248319167,0.0030081021339122866,0.009305091754687071,0.0064593079432681425,0.0045592657287070815,0.002999579402968084,0.012003282308567405,0.012100498777899416,0.007533365461227166,0.00564354915667151,0.00928091417901155,0.008249202406455934,0.007161127366364901,0.0085688604687816,0.001412493464479151,6.907160356077426E-4,0.007240204128625729,0.0012859791370963998,0.013864885603443388,6.063859035834572E-4,0.022401822624086923,0.002635059825282668,0.038488531990922746,0.004375145666773815,0.037684926565410434,1.0,0.004603189808019218,0.005623047225867733,0.020839939391274594,0.008910098705378722,0.007538584934463351,0.0013421809231570938,0.0036893633662745326,0.009225117010882385,0.007280903713754869,0.0011539247001982622,0.012258146147386993,0.011199769366918494,0.01909020738676511,0.0014359582720088612,0.005349834723403175,0.00399857006565456],[0.004182543231277083,9.312548350270363E-4,6.253434543058011E-4,3.488829149746659E-4,1.3136456867286533E-4,0.001604060328894063,0.0019372024658442127,9.042231826933481E-4,2.6470836523099002E-5,1.5038586102121136E-4,1.2983324127310305E-4,1.2676337454132556E-4,2.472845250072225E-4,0.013528810139830027,0.007417178206108939,7.359016328419576E-4,4.116989900363872E-4,0.0015081682604750405,1.7907081183678533E-4,1.3725108431651524E-4,9.818157579595773E-4,1.452707905842061E-4,1.264937693205673E-4,6.733501226190623E-4,1.642725108121016E-4,0.004421114838724748,1.8298593616440659E-4,0.00720470969912366,1.3146603924715235E-4,0.023674554616284225,0.0021246302844394986,0.034590012923438045,0.004603189808019218,1.0,2.996740331674025E-4,0.020722161313940092,1.67408143867405E-4,0.0010373859938840686,1.2065455515671246E-4,5.999928915462958E-4,0.0010127669788400364,1.6684577805928268E-4,1.530942377560863E-4,0.016937561093286646,0.003674875891057399,0.0025853688181218908,1.2926799425702664E-4,2.460487508390739E-4,1.625551044296504E-4],[0.005798097666695092,7.480909946616237E-4,0.0013435590944911762,0.0016470513677583167,2.757547535348336E-4,0.002495070761124658,8.265117780368117E-4,0.0012037316638834972,1.814948663426201E-4,1.966913429324706E-4,2.214974331385467E-4,2.518920266037758E-4,3.1827526663810626E-4,0.005390143045720164,0.009210270246035776,0.0014152312253944345,5.142891667484496E-4,0.00606460404171299,2.8288976773588803E-4,2.5154900349492494E-4,5.889309779539233E-4,2.455023430925327E-4,2.7112837401716477E-4,4.717644336814964E-4,1.495170221226329E-4,0.00388188630483431,3.2873985891949216E-4,0.005209254341191754,2.0362921342847507E-4,0.032102439319691686,0.0013157162459991496,0.03390431801256959,0.005623047225867733,2.996740331674025E-4,1.0,0.02758654855542211,2.953405554873711E-4,0.003632195067592605,1.6890365114050353E-4,5.614540744084394E-4,6.047126393168777E-4,1.9931074000100022E-4,2.5106751590669535E-4,0.007102790514625454,0.011081630723473478,0.0030483561309832857,1.654253389976174E-4,3.395158722399617E-4,3.409970209543758E-4],[0.027579712307116994,0.005803790946015633,0.01788989672763577,0.010080884466225768,0.005687370674996469,0.003341059572340346,0.02242289320002261,0.010196382563423338,0.01308695480379349,0.010056757827969439,0.007858623200269943,0.025334085197910736,0.013654337609802291,0.024566250392500866,0.026544913285644737,0.010207881129456465,0.002277065674224259,0.02246892155437437,0.01402743436473136,0.004028469504421772,0.014664544933478194,0.012859838322506931,0.011060464737706393,0.010025848804280842,0.01979008100414014,0.024321282523882007,0.0025199954678143074,0.023900835924554817,0.005556226058033763,0.040211746357144904,0.026698200283978884,0.04974140821949351,0.020839939391274594,0.020722161313940092,0.02758654855542211,1.0,0.002075796338313321,0.026685121976875545,0.026804908998226035,0.018124945219363055,0.00221281607729767,0.007461057213291689,7.500029704880703E-4,0.020401627848066824,0.022779173092202162,0.03425899234908421,0.014905736287257497,0.012415857097496662,0.018697549170832262],[0.004266527801359234,4.2405584231325864E-4,0.0022706312313608796,0.001454192533837852,1.4904211150297477E-4,0.002502170394476456,0.003306410974078254,7.200522945256047E-4,1.9253913404952264E-5,1.2373234688251448E-4,1.3987177430443653E-4,1.4991045285793697E-4,2.09866470998867E-4,6.198741871511742E-4,0.005093681696395964,0.002692507602182783,1.886102143096374E-4,8.864510861226339E-4,1.7391199700219059E-4,1.6130799727818057E-4,0.00107497465381791,1.5343801193971396E-4,1.0754043880844259E-4,4.4252749508533803E-4,1.6402431451008646E-4,0.014142246088276859,2.2080706394230032E-4,0.01497932314787523,1.1622822116280237E-4,0.034326868967142814,0.0020239769849095366,0.05677181751894804,0.008910098705378722,1.67408143867405E-4,2.953405554873711E-4,0.002075796338313321,1.0,0.0065818189157251655,1.3683140031986956E-4,7.09247858566688E-4,0.001264390634197017,1.0790752221586781E-4,1.4973726001239607E-4,0.0041734944549908885,0.01051811514956602,0.007226295560043593,1.435175013784245E-4,2.8747813829498124E-4,1.4703731838165257E-4],[0.009630055518600317,0.005743030108047775,0.005105390964642976,0.0036096102750504747,0.006219617832097473,0.005693820637913316,0.0047203434023178415,0.003621254079817476,0.001453761987356052,0.0031461729423325245,0.0014418597312400134,0.00551346926856163,0.005045790624385289,0.012473033598330843,0.015745984607480133,0.006421516649918233,0.00555795037979519,0.006964338518037809,0.004383886485625683,0.0027804794831019033,0.006841382248007998,0.0035125916559929364,0.004508028989341868,0.0025865286340854923,0.006291137629769449,0.012239070246042276,0.0016169717383860904,0.02035262927984825,0.0028414809154142517,0.06280114020992277,0.006388348100290009,0.04885191294503527,0.007538584934463351,0.0010373859938840686,0.003632195067592605,0.026685121976875545,0.0065818189157251655,1.0,0.0028756769667492494,0.005600816919545474,0.004578961554994205,0.0021159169044872406,4.5297593957686476E-4,0.013017848732376018,0.007099522829706107,0.036870575645961925,0.0030700824112386816,0.006839276699254605,4.6531416233122115E-4],[0.008777646956376173,8.561298488439841E-4,6.884710602281516E-4,0.0015535883104352813,1.1862826264611933E-4,2.6797213934717855E-4,0.003796363086587781,8.675018043779417E-4,1.6094281048773266E-5,1.1211043463980135E-4,1.1907489231671934E-4,1.2429606617702857E-4,1.8151681652823964E-4,0.008145222407859429,0.009703813177693817,0.0029575904575615706,5.21802759688068E-4,0.002303705787209753,1.5907532255423476E-4,1.1173403660473896E-4,3.597727489701664E-4,1.1216471348864233E-4,8.965088448754095E-5,4.5701332497878757E-4,1.4030464197739727E-4,0.008420014463153717,1.7658593819378784E-4,0.015139608629015866,1.1195824337420074E-4,0.02412127666185514,0.0023078963745750544,0.03145274360956639,0.0013421809231570938,1.2065455515671246E-4,1.6890365114050353E-4,0.026804908998226035,1.3683140031986956E-4,0.0028756769667492494,1.0,4.4285488087794926E-4,0.001064844765239955,1.0665752610726781E-4,1.3234989307057748E-4,0.006412443537234414,0.005462331443362192,0.014657753683111662,1.1203519097110771E-4,2.3893503726118097E-4,1.1591529898053563E-4],[0.007497380306039955,0.0010833979681846117,0.001991729189151923,