[[1.0,0.016118500792604764,0.0076473603754958165,0.00774235229869984,0.012253927608524602,0.010923392770245566,0.0019364598145092896,0.005804258713224121,0.010515073399244559,0.003501769907768444,0.00616534791239876,8.11262548343257E-4,0.021502040645923426,0.01755514992253244,0.005287550431637163,0.010381971369786925,0.010244242050536147,0.007071364565266458,0.012506037044424797,0.0072190066977017645,0.0049933483245711,0.005642148023943952,0.006825847344978413,0.04141297778543687,0.0024444400402446895,0.008686595812594296,0.010409084333935677,0.013401953803678887,0.011490707046185569,0.006307835988493164,0.007385555179515766,0.0032847071856087857,0.0026084284356130034,0.004417734610994393,0.002673001821782006,0.008331085051581012,0.00494502451608268,0.004218946335528069,0.017435148905470703,0.006289177682384934,0.009719234170161167,0.01194169922230923,0.007258445733997971,0.01074366716448205,0.010528467523839825,0.009081364678316634,0.003488994560018473,0.009940378006875616,0.008450254713850656,0.00964984610877956,0.005934973695405575,0.009539015098666045,0.004251181129342198],[0.016118500792604764,1.0,0.013397599753213592,0.011067242697563486,0.01652044187240461,0.0043745511986015085,0.002843468706016052,0.008793998746515513,0.006926389956686987,0.002769602030848363,0.010537373821701768,0.011486204606964435,0.02958033427395669,0.017795475002771892,0.011814568459808127,8.069520798053278E-4,0.0015287299620810484,0.014456837508568241,0.01506798826060575,8.493456890617196E-4,0.012138118768409529,0.005209546950605597,0.007190379233407854,0.022489606671632262,0.012248222980586108,0.010978594219043167,0.016823113854520476,0.016712509013669823,0.00662182241141971,0.0064048592106732355,0.01213406004102925,0.002673748190949094,0.01305886280767961,7.081734016727994E-4,2.0182428787971656E-4,0.013206566591660692,0.012347427619093063,0.01678643394800818,0.017266909053308546,0.008005709937842755,0.01665884915365847,0.015551905262931102,0.009898255425889218,0.00674766660486008,0.014466343759780755,0.01654240057341456,0.008446871276443307,0.016247133969428153,0.01517260419969764,0.0067073972398183235,0.016803038880306157,0.01488718442702136,0.014079787142256326],[0.0076473603754958165,0.013397599753213592,1.0,1.3715934640442867E-4,0.0013649127896634685,9.220764218233505E-5,1.2929666861233405E-4,1.3605671878550804E-4,0.0015291346378294682,2.4937499364592E-5,3.405821871810456E-5,1.236564078959456E-4,0.025908702643105276,0.008966958728294696,1.1513796025814849E-4,1.2498693084141217E-4,6.278449438167367E-4,2.340424819090827E-4,0.010689419269151648,1.4243690551121963E-4,9.320021898530973E-5,0.0015530599849262181,8.600241567088635E-4,0.05256749011321227,1.435523887391674E-4,3.517223998226249E-5,0.0019751517632215655,0.008057435872763117,0.0031179900005233055,0.002241230739282002,9.741399204401605E-4,1.9456253550879162E-4,1.393701371015056E-4,1.3011124447890384E-4,1.3506946862936012E-4,0.0068755258132813645,3.890439854457262E-5,1.3199019925077917E-4,0.018995918763633973,2.17302706541485E-4,2.8701997961529265E-4,0.01365710451322895,5.397569212017054E-4,4.027069668423019E-4,1.6625412428013738E-4,8.111187759235128E-4,3.2260195626235657E-4,1.4135411156216348E-4,1.3086955092192327E-4,1.475320547328675E-4,0.0020313278509828466,1.201885353324171E-4,1.6207433899941023E-4],[0.00774235229869984,0.011067242697563486,1.3715934640442867E-4,1.0,0.011266238206703881,2.126806696925683E-5,1.249722039066168E-4,1.214881475764831E-4,5.234832830858013E-4,2.562240152245244E-5,6.339045095077205E-5,1.0774958284039808E-4,0.0035417909897468487,0.01226773063722709,1.0717592680611485E-4,5.036675499783134E-5,4.156098265822836E-4,1.2990079464681933E-4,0.0041735742522820115,1.2158021750776668E-4,9.27822900679337E-5,0.001377677625083845,7.369491837391494E-4,0.012385193691129866,1.2832936940054756E-4,2.4383788971115396E-5,0.004493441723939754,0.014241189185300308,0.005781101494836955,0.0037656133529041665,4.3418476465460494E-4,1.3479633559943237E-4,1.2864170686647603E-4,1.074216627994754E-4,6.167764338944437E-5,0.0020729154012496896,6.0016056703199356E-5,1.0622502925929692E-4,7.09913980734338E-4,1.2499136410668273E-4,9.023573842314245E-4,0.013528377052822596,7.507275553234296E-4,6.702560545078867E-4,1.895895585458803E-4,6.677843975075442E-4,0.0010358891009853955,1.2670331410555465E-4,2.8220892986374527E-5,1.7070277369415248E-4,0.0020615107900479558,4.2740324830068457E-5,1.883779183364705E-4],[0.012253927608524602,0.01652044187240461,0.0013649127896634685,0.011266238206703881,1.0,0.010807810859985079,0.01314784698304692,0.001369543846447661,0.0037585354970389034,0.010217979659822393,0.009987030205411012,0.009188354130170412,0.02429413991508434,0.019741806667808184,5.14495441881777E-4,0.005745868470920529,0.003464407608399166,0.002488745675610084,0.013030387718101676,0.014121286066250354,0.008852624648479298,0.010335712028438464,0.004822809415886538,0.045261664578596796,0.01586230547993684,0.0015486899323799408,0.00940698565847273,0.016101391900110864,0.011035826870486681,0.01309428475416339,0.011693512570444353,5.607607059512048E-4,9.531931773222436E-4,0.005361397477134728,0.001057459088904729,0.01050869066149509,0.004156063868186834,0.008315671003215942,0.01628689349434983,0.008563497859625391,0.006039266164049331,0.015099900767387217,0.014606104929141895,0.009757077822082181,0.0017373304775178473,0.005818752513921362,0.011264049038537859,0.011170939376019576,0.012717943279469013,4.904514510991176E-4,0.007237072274858245,0.004907185226769224,0.0041964366347307675],[0.010923392770245566,0.0043745511986015085,9.220764218233505E-5,2.126806696925683E-5,0.010807810859985079,1.0,2.066415569833485E-5,2.9787509010858797E-5,0.001208734519148237,1.8286556076854405E-5,2.2854770144510416E-5,1.9538026795275107E-5,0.020540655670464012,0.020022204721329498,2.1378135795499368E-5,2.750048853512194E-5,4.955258944211419E-4,3.088753730529425E-4,0.012765032360238043,7.796113021383554E-5,1.7853506541834743E-5,0.0020301506940421407,7.443818803674763E-4,0.04724109843390147,3.13831905448124E-5,1.77277446124042E-5,0.0015483614335438127,4.8605917496929925E-4,2.771319784550618E-4,8.779562223772512E-4,8.737330555439412E-4,9.466909372855107E-5,3.155291694439041E-5,6.374240495684243E-5,2.6536145194797227E-5,0.002032300058480704,1.6453807526024395E-5,6.541548451714129E-5,0.0032562880598022937,3.2145699789842076E-4,4.567673433835414E-4,0.012261626038197845,2.827379259913284E-4,2.9717676864921375E-5,2.2062575708097393E-4,0.0012425861553401508,0.0017789314789523347,7.868611125121073E-5,2.0494456608075264E-5,2.9592691389373837E-5,8.242075155343277E-4,2.006711900502629E-5,5.762400365224736E-5],[0.0019364598145092896,0.002843468706016052,1.2929666861233405E-4,1.249722039066168E-4,0.01314784698304692,2.066415569833485E-5,1.0,1.2932491087249518E-4,0.0013535071815830324,1.109407271499124E-4,9.55472316795056E-5,1.1462604290760729E-4,0.004059873078400643,0.011064753437435647,1.1941229684444998E-4,1.243099829909382E-4,7.575132821702535E-4,1.9492052604950749E-4,0.003791780191694993,1.5001624092657076E-4,6.816180102308917E-5,0.0010064711987430612,1.8357255382743688E-4,0.0513054416568596,1.5027234277141687E-4,1.2102003905650803E-4,0.0030478983799196216,0.0016561412532768468,0.0043075565527415935,0.0010758926235290588,0.0012721145312144246,1.7818734933059533E-4,1.3259783690379215E-4,1.0824175930856281E-4,1.0159922127905096E-4,2.2505556492137123E-4,1.1101272050422302E-4,1.145529002805808E-4,0.009138252804510784,2.6372646667337533E-4,2.671539865622772E-4,0.004924303495522628,3.8240456657037474E-4,2.491691894084602E-4,2.458117651895498E-4,0.0013102602568388336,6.403328182294696E-4,1.3445815446448017E-4,1.1662415548214451E-4,1.3825963250406812E-4,0.0024307769014912817,5.350287077841219E-5,1.3055786886120418E-4],[0.005804258713224121,0.008793998746515513,1.3605671878550804E-4,1.214881475764831E-4,0.001369543846447661,2.9787509010858797E-5,1.2932491087249518E-4,1.0,0.0011776195138960988,3.643419562876E-5,6.64079541617998E-5,1.1343777832176006E-4,0.029002241381839926,0.009591986572907763,1.0991841325602307E-4,7.617452583978997E-5,2.8669595946636953E-4,2.2879378456303938E-4,0.00905544924648475,1.406622785045434E-4,1.1290812777796872E-4,7.550445005067211E-4,2.0248752376586548E-4,0.004842278079406037,1.496513384949866E-4,1.1724598870240937E-4,0.005875523611596877,0.010490063356975207,0.002315383878506629,0.0030197501426608314,0.003108425051313298,1.3544125120171175E-4,1.3435077194860659E-4,1.1786614817384492E-4,1.1872237642536014E-4,0.0039075334647662744,1.0671847857385824E-4,1.1817423626423766E-4,0.003938155589642563,1.3420831045632013E-4,3.8120805124378993E-4,0.012851654712151578,7.527704983824197E-4,3.7899412901345824E-4,1.9929315145284898E-4,0.0012938899802370017,0.001866609644588001,1.349833885215098E-4,5.255402861521381E-5,2.0061712599346262E-4,5.464406171377272E-4,5.129296583132152E-5,1.6758964676820586E-4],[0.010515073399244559,0.006926389956686987,0.0015291346378294682,5.234832830858013E-4,0.0037585354970389034,0.001208734519148237,0.0013535071815830324,0.0011776195138960988,1.0,0.002212319661760793,3.1621097012505617E-4,0.0014649995979726087,0.011028314651387665,0.011323596739383877,0.0013591812000916022,0.0013944031388126654,0.0011708708317373965,0.0028335307725762216,0.00848790633679992,1.7188450118967854E-4,0.0020924502459402613,0.0023334778688289958,0.002565913292730892,0.03894456011860051,6.103811204578212E-4,0.0017641165868542924,0.004176721209093118,0.012859266746255467,0.005462008283797857,0.003820486287635866,0.0029390777424125715,0.0026731806060041165,0.0027942706131707656,1.8233225444233098E-4,0.002814164190381721,0.003407109255709683,2.528045955548583E-4,0.002262332328118376,0.01768552771844519,0.0026166448171187524,0.002458199612133182,0.006800496294609203,8.860302019693785E-4,0.0011118709296541415,0.0023207939029571897,0.002297086316539001,0.0029088528661206175,0.0024651639182934047,0.0022827341205954536,0.0026134545468115733,0.002814736245937915,0.001880441474257923,0.0018364130697830345],[0.003501769907768444,0.002769602030848363,2.4937499364592E-5,2.562240152245244E-5,0.010217979659822393,1.8286556076854405E-5,1.109407271499124E-4,3.643419562876E-5,0.002212319661760793,1.0,2.1619771905763152E-5,3.2560490563719326E-5,9.752611754623058E-5,0.007530639426676401,5.359073603021699E-5,1.8376136712623733E-5,8.347239276807738E-4,1.7100011934211458E-5,0.011394473533235971,3.947596385388619E-5,1.4314110743916875E-5,0.0018999339299425703,6.776164590279048E-4,0.02954256580255797,8.435773397603734E-5,1.4778638808688345E-5,0.0038626825308875345,0.012405341791883254,0.0013460136335936104,0.004064525531696023,0.001667824732899291,8.833025415620333E-5,1.2715206545208543E-4,9.892067041332464E-5,2.3854481270917506E-5,3.801427433579314E-4,1.501901949821437E-5,8.036597268479986E-5,0.00814617478586998,2.6001561560168E-4,6.650903205949587E-4,0.0021230710642992055,8.008012130131854E-4,8.410270848128007E-4,2.0326051598329318E-4,6.582237886034757E-4,0.0018531466114528922,2.7397192251716603E-5,2.7122502373347483E-5,5.091654476648367E-5,0.0013357207843331632,1.6057800968153608E-5,2.823946835939383E-5],[0.00616534791239876,0.010537373821701768,3.405821871810456E-5,6.339045095077205E-5,0.009987030205411012,2.2854770144510416E-5,9.55472316795056E-5,6.64079541617998E-5,3.1621097012505617E-4,2.1619771905763152E-5,1.0,8.05879965872947E-5,0.015593576555319004,8.821167901696246E-4,8.920458568742062E-5,3.422861554228987E-5,7.667378089609784E-4,1.2389466699265999E-4,0.0010574890259541418,5.103037963740182E-5,2.854630629807542E-5,0.0012592382185934229,5.570384186884439E-4,0.032579635089808934,1.1818597877146395E-4,1.7226306007925783E-5,0.005593322068510056,0.010864686802586883,0.006039376936508221,9.839070965643752E-4,0.0015753867217157404,8.20620803897577E-5,8.139450618557733E-5,7.674368044062138E-5,2.9757961719019952E-5,0.0012418046916187631,1.568521471986857E-5,6.804873590270308E-5,0.005038032833595944,4.033027814994035E-5,6.672062292055544E-4,0.006479005753463163,5.867249693804553E-4,4.317021591065698E-4,2.573714747320414E-4,4.514065374712288E-4,0.0028050645711138545,6.606275292340898E-5,3.2478021138140707E-5,1.2563985703013635E-4,0.0026853375733228097,2.908166351226438E-5,1.1862207759084849E-4],[8.11262548343257E-4,0.011486204606964435,1.236564078959456E-4,1.0774958284039808E-4,0.009188354130170412,1.9538026795275107E-5,1.1462604290760729E-4,1.1343777832176006E-4,0.0014649995979726087,3.2560490563719326E-5,8.05879965872947E-5,1.0,0.028866055465621668,0.008124265997338917,1.058549595174849E-4,4.7801697151604205E-5,3.918050041548141E-4,2.8568218307259E-4,6.876075804542926E-4,1.3688303813794945E-4,6.910029369967501E-5,9.363310744936477E-4,0.0012853403117456352,0.03494513594606885,1.1179881850734543E-4,7.627156562227215E-5,0.001929262068703447,0.001007968197585553,0.003505589440471936,0.001055483463774319,0.0027329253779675437,1.57837470630338E-4,1.0650357648132692E-4,1.0346929024840732E-4,8.567339194194632E-5,0.007089444830651086,9.653117504259256E-5,1.0092694163734724E-4,0.016219834390579533,1.1254547487033098E-4,5.181417675264176E-4,0.01378465439367348,8.138622036515157E-4,9.484137078421244E-4,2.1343311062534565E-4,6.09746092868994E-4,2.0033536484118406E-4,1.3644641880208375E-4,4.720276857269278E-5,1.8465750437411373E-4,2.761112000109952E-4,4.837754444838293E-5,1.2068667117034034E-4],[0.021502040645923426,0.02958033427395669,0.025908702643105276,0.0035417909897468487,0.02429413991508434,0.020540655670464012,0.004059873078400643,0.029002241381839926,0.011028314651387665,9.752611754623058E-5,0.015593576555319004,0.028866055465621668,1.0,0.027441047415750146,0.03137246234933371,0.038299985236174346,0.032611430854252874,0.016911355680426603,0.031493163030868715,0.014993786466212609,0.031906368426791086,0.025647896686746448,0.0119157160642064,0.0386244516916772,0.006218496369730976,0.018012542190839753,0.027320358418573297,0.02775970679446603,0.03733845027216105,0.009736671060178921,0.02305564141723145,0.019361262698299825,0.016312531877820863,0.037153524847738546,0.006099697111146025,0.0159954319829287,0.002686123170123702,0.017455234715727658,0.020513276520450388,0.016433408090504767,0.025217467823630837,0.017364402283984934,0.023726065992503004,0.029175120140118693,0.021516295993797018,0.018241296259569207,0.02921714203746762,0.03098198548244922,0.007041974143482864,0.0319755549374783,0.007307781144059211,2.67382611518297E-4,0.014190161668532101],[0.01755514992253244,0.017795475002771892,0.008966958728294696,0.01226773063722709,0.019741806667808184,0.020022204721329498,0.011064753437435647,0.009591986572907763,0.011323596739383877,0.007530639426676401,8.821167901696246E-4,0.008124265997338917,0.027441047415750146,1.0,0.00653270056991732,0.006424380793866032,0.009562921335525977,0.010763391254831276,0.01388705276474335,0.017548612491138326,0.006547727325997929,0.017240022142980867,0.005697526332174861,0.022416642246861133,0.013542815589893236,0.013439636445712909,0.02092175844492007,0.02171404130278051,0.02114750626107506,0.004456380921673846,0.010636122494365461,0.01721557775479913,0.002425860450972263,0.005171776949573033,0.018170968741643773,0.015027672056566924,0.008770743270207274,0.013602557720858189,0.019650385593685708,0.005127197841809202,0.00532330579986002,0.014390590988936552,0.004233825313468625,0.01832079527116226,0.007518072434652927,0.014900376722608742,0.0037527612912450306,0.00444374322681647,0.0011540066435073459,0.0031445215353127906,0.014717237232095438,0.01095869035112445,0.008681038743855382],[0.005287550431637163,0.011814568459808127,1.1513796025814849E-4,1.0717592680611485E-4,5.14495441881777E-4,2.1378135795499368E-5,1.1941229684444998E-4,1.0991841325602307E-4,0.0013591812000916022,5.359073603021699E-5,8.920458568742062E-5,1.058549595174849E-4,0.03137246234933371,0.00653270056991732,1.0,3.844251561257653E-5,4.2514037490896576E-4,1.4800076118722593E-4,0.009939890933803668,1.1784843862889091E-4,9.399274230155129E-5,0.0011519460512026355,8.32534129204218E-4,0.04516750883046547,1.315389843747759E-4,9.022865297763223E-5,0.0029316519856082525,0.007727143580251899,0.0016675291341782903,7.290377981004612E-4,0.0018979716961061643,1.1900990118315428E-4,1.2483363667472922E-4,1.0548827867101383E-4,8.078497380792138E-5,0.004714204070940228,5.863325449458436E-5,1.0624953638786731E-4,0.017388997248884715,1.1874072964262756E-4,2.709323129931978E-4,0.011855048960997516,5.129668878833926E-4,9.783406718508743E-4,1.9054417759063492E-4,3.0093399062834766E-4,3.059757831285031E-4,1.3029623719565896E-4,8.1609902560422E-5,1.8028280244259054E-4,0.002577306490552624,7.983744314783963E-5,1.5467166191099227E-4],[0.010381971369786925,8.069520798053278E-4,1.2498693084141217E-4,5.036675499783134E-5,0.005745868470920529,2.750048853512194E-5,1.243099829909382E-4,7.617452583978997E-5,0.0013944031388126654,1.8376136712623733E-5,3.422861554228987E-5,4.7801697151604205E-5,0.038299985236174346,0.006424380793866032,3.844251561257653E-5,1.0,3.513611275242203E-4,3.1484455857813535E-4,0.009170892503667408,9.75754847498321E-5,2.5042680457928734E-5,6.485529777791666E-4,3.419132951413838E-4,0.024950354746861646,5.076150857630508E-5,3.3331777633212174E-5,0.00491336299604068,0.009663940215089971,0.0014035331585195564,0.0027646312122646933,0.0017024621338036987,1.6713074188874576E-4,9.377882898632195E-5,3.731118531839941E-5,3.049590332790761E-5,3.2975388014999337E-4,2.8171467296021518E-5,6.901585596369667E-5,0.004776371979162885,2.944773804980882E-4,1.1272832697745177E-4,0.006787636770178143,5.921606456626689E-4,3.2236396210253207E-4,2.101863249866852E-4,8.221361163445052E-4,0.0025244801631654035,8.414161731120487E-5,2.956918956491525E-5,1.8038052738509632E-4,0.0014943197475424728,3.350449654063649E-5,8.743273061608537E-5],[0.010244242050536147,0.0015287299620810484,6.278449438167367E-4,4.156098265822836E-4,0.003464407608399166,4.955258944211419E-4,7.575132821702535E-4,2.8669595946636953E-4,0.0011708708317373965,8.347239276807738E-4,7.667378089609784E-4,3.918050041548141E-4,0.032611430854252874,0.009562921335525977,4.2514037490896576E-4,3.513611275242203E-4,1.0,5.97713607056863E-4,0.011121387868265779,4.0553684874326985E-4,4.351772967598185E-4,0.0016694284915115638,0.0011794748716079304,0.024179571959003984,2.4181643598448417E-4,4.3599020416346584E-4,0.004258557720883011,0.0034834353691915497,0.0038377030973698063,0.003536007157113599,0.0025366019309549116,8.286121895503894E-4,2.951109072463679E-4,7.30140270950304E-4,4.3171383026596266E-4,0.0010911335350874212,9.483974988678995E-4,7.288431667426861E-4,0.003299217553218353,3.649172637103457E-4,0.0010090050125127338,0.00444774838686815,8.776613968040758E-4,0.0010684804565894673,9.709192235344146E-4,0.0014560720252374136,0.00235947905459821,8.552070707336492E-4,9.927535321443716E-4,6.442846854621618E-4,0.0016054603608627075,0.0010038842064631118,6.764987438244459E-4],[0.007071364565266458,0.014456837508568241,2.340424819090827E-4,1.2990079464681933E-4,0.002488745675610084,3.088753730529425E-4,1.9492052604950749E-4,2.2879378456303938E-4,0.0028335307725762216,1.7100011934211458E-5,1.2389466699265999E-4,2.8568218307259E-4,0.016911355680426603,0.010763391254831276,1.4800076118722593E-4,3.1484455857813535E-4,5.97713607056863E-4,1.0,0.0011196327187094459,2.310463893718853E-4,3.460868121480739E-4,7.160244355509059E-4,7.807739632371461E-4,0.0500133032316162,2.608239051934449E-4,1.1316371243108074E-4,9.785779871378292E-4,0.007539078801115365,0.0034245359609626084,0.0015429852115678344,4.574344902925717E-4,3.6103884193289606E-4,3.26359492163379E-4,3.542374525390442E-4,3.485666092340584E-4,0.0029570272523850366,3.704190868781578E-4,2.950627840557867E-4,0.015612019282624172,3.784275039074148E-4,5.887005036617728E-4,0.010186372367951212,8.012835070933511E-4,6.897556694495636E-4,3.847924145792211E-4,0.0013003435032914665,0.0010654765538606673,3.8393032571379496E-4,3.184894051878927E-4,2.7055180670508685E-4,0.0025085748602244355,1.7000607918571514E-4,2.1698776351769455E-4],[0.012506037044424797,0.01506798826060575,0.010689419269151648,0.0041735742522820115,0.013030387718101676,0.012765032360238043,0.003791780191694993,0.00905544924648475,0.00848790633679992,0.011394473533235971,0.0010574890259541418,6.876075804542926E-4,0.031493163030868715,0.01388705276474335,0.009939890933803668,0.009170892503667408,0.011121387868265779,0.0011196327187094459,1.0,0.01254192602941576,0.006579452042767113,0.005162410574335639,0.0019753889067989213,0.04217793925191467,0.005719293883441859,0.0015910036660171606,0.010539848585780526,0.014621768986341783,0.007551493938352433,0.01113541962878661,0.0077536635004347735,0.0037203566148369875,0.011749114679193977,5.19517730494564E-4,0.0035246023414799775,0.007890575338058505,0.01211618752560331,0.0011433397073000247,0.01767651850251114,4.119500090867108E-4,0.002341643191887354,0.013138466999562413,0.003071583728757767,0.012188033703263206,0.012347637747451049,0.012631281929866572,0.0031539767816920316,0.0022062608466685155,3.3161411195468965E-4,0.010960693345606237,0.008981667382697643,0.002178608313661929,0.008554168634700552],[0.0072190066977017645,8.493456890617196E-4,1.4243690551121963E-4,1.2158021750776668E-4,0.014121286066250354,7.796113021383554E-5,1.5001624092657076E-4,1.406622785045434E-4,1.7188450118967854E-4,3.947596385388619E-5,5.103037963740182E-5,1.3688303813794945E-4,0.014993786466212609,0.017548612491138326,1.1784843862889091E-4,9.75754847498321E-5,4.0553684874326985E-4,2.310463893718853E-4,0.01254192602941576,1.0,3.324035375581435E-5,0.002138203174745535,0.001008583519652962,0.013071493586685676,1.5073490310553973E-4,7.649782951178294E-5,3.5531874078717816E-4,0.006251343439569241,0.0019228588894358023,0.0010739797773696082,0.0025204381643466156,1.5403970517301793E-4,1.456639064808779E-4,1.2381631717372818E-4,3.2238735807545656E-5,0.004498272291388948,1.2766463857986332E-4,1.3932732465561667E-4,0.012863322534865917,3.2168633516397476E-4,8.811171550212707E-4,0.011098581664834186,5.15399646869879E-4,0.0010686144596660254,2.3240344732719287E-4,5.54795627969661E-4,0.002202709755626925,1.4928038427124518E-4,1.1351718526007889E-4,2.125273437451278E-4,9.925573025189056E-4,1.4057912197882642E-4,2.0590985664179583E-4],[0.0049933483245711,0.012138118768409529,9.320021898530973E-5,9.27822900679337E-5,0.008852624648479298,1.7853506541834743E-5,6.816180102308917E-5,1.1290812777796872E-4,0.0020924502459402613,1.4314110743916875E-5,2.854630629807542E-5,6.910029369967501E-5,0.031906368426791086,0.006547727325997929,9.399274230155129E-5,2.5042680457928734E-5,4.351772967598185E-4,3.460868121480739E-4,0.006579452042767113,3.324035375581435E-5,1.0,4.179004789430476E-5,0.0012252122789717648,0.05399063338711547,2.5982068065779263E-5,1.4049873654137147E-5,0.005150670195986402,0.0028747467953303945,0.0010451084636899429,3.1308627920275067E-4,2.4756303272416617E-4,2.247175469973833E-5,9.973644907765959E-5,7.959519851805539E-5,1.892443192654908E-5,0.0052124662148292636,1.1898300071051505E-5,5.9061061714541425E-5,0.014948119341248652,1.6407469957330274E-4,7.564134738009713E-4,0.003326224671721815,2.9321447099805574E-4,8.282344357104566E-4,1.5272052551015009E-4,0.001553427206672461,0.002346700042300217,1.6514903637204084E-5,1.942778003480852E-5,1.3072401416761313E-4,4.476996691760465E-5,1.8093031530860826E-5,1.5581398288279792E-4],[0.005642148023943952,0.005209546950605597,0.0015530599849262181,0.001377677625083845,0.010335712028438464,0.0020301506940421407,0.0010064711987430612,7.550445005067211E-4,0.0023334778688289958,0.0018999339299425703,0.0012592382185934229,9.363310744936477E-4,0.025647896686746448,0.017240022142980867,0.0011519460512026355,6.485529777791666E-4,0.0016694284915115638,7.160244355509059E-4,0.005162410574335639,0.002138203174745535,4.179004789430476E-5,1.0,0.0018319088235585227,0.01128667287601319,9.178396830751397E-4,0.0015463051490683351,0.004977311490455839,0.010874488445097363,0.005693984442534075,0.0033756246896292923,0.0030601978157845044,0.00201767225880447,6.584395293843203E-4,0.0013701675355544695,0.0014135017541013798,0.0058459054628106615,0.0014051544209587221,0.0012090257702983653,0.01031843778126013,0.001435093032473095,0.0017727298750148692,0.012200008517900384,0.0014137451403474807,0.0011541617265916197,3.8406346091678534E-4,0.0022094289355720125,0.002239873117192794,0.002005285024606042,0.0012776144250082216,0.0020817232349258138,0.002309178236844864,2.2205068043434329E-4,0.0011354150539543335],[0.006825847344978413,0.007190379233407854,8.600241567088635E-4,7.369491837391494E-4,0.004822809415886538,7.443818803674763E-4,1.8357255382743688E-4,2.0248752376586548E-4,0.002565913292730892,6.776164590279048E-4,5.570384186884439E-4,0.0012853403117456352,0.0119157160642064,0.005697526332174861,8.32534129204218E-4,3.419132951413838E-4,0.0011794748716079304,7.807739632371461E-4,0.0019753889067989213,0.001008583519652962,0.0012252122789717648,0.0018319088235585227,1.0,0.04029290135139961,3.962608727672945E-4,0.0010523959703858266,0.005205926383762505,0.004080709200850827,0.005140204170995194,0.002983009383595152,0.003122984361607685,6.633523883876782E-4,4.5986959944281484E-4,2.757931907791378E-4,3.3562186875360197E-4,0.004680790632518743,7.357900308668655E-5,8.201648755654362E-4,0.014976988282720415,7.951324383267775E-4,0.0010996409730260873,0.010149436231861916,0.0012365924775533425,0.0012467572837455596,3.269746265908768E-4,0.0013499921655429732,0.0022884137721133173,0.0010938697206920114,0.0011408860298928129,3.194599021336468E-4,0.00233134087526333,3.5935185742122397E-4,6.50080611901309E-4],[0.04141297778543687,0.022489606671632262,0.05256749011321227,0.012385193691129866,0.045261664578596796,0.04724109843390147,0.0513054416568596,0.004842278079406037,0.03894456011860051,0.02954256580255797,0.032579635089808934,0.03494513594606885,0.0386244516916772,0.022416642246861133,0.04516750883046547,0.024950354746861646,0.024179571959003984,0.0500133032316162,0.04217793925191467,0.013071493586685676,0.05399063338711547,0.01128667287601319,0.04029290135139961,1.0,0.01598198531318656,0.04486819890461019,0.01780260345900265,0.04960545409167001,0.011377916575237228,0.005465780483427445,0.054522743061058775,0.040203460798476115,0.02170078342533614,0.026168520688294904,0.034278266535869475,0.03739318293522981,0.003001488984167562,0.03226661750284967,0.03743778223835341,0.004890391525923708,0.00593705076827757,0.01866383698875187,0.03659219623098879,0.017668648020468244,0.035186228081017644,0.053836816156615716,0.0386246122148334,0.032105508591575314,0.003392018729250251,0.0011629182025121886,0.035905631625748925,0.045347740730750825,0.004156977489947719],[0.0024444400402446895,0.012248222980586108,1.435523887391674E-4,1.2832936940054756E-4,0.01586230547993684,3.13831905448124E-5,1.5027234277141687E-4,1.496513384949866E-4,6.103811204578212E-4,8.435773397603734E-5,1.1818597877146395E-4,1.1179881850734543E-4,0.006218496369730976,0.013542815589893236,1.315389843747759E-4,5.076150857630508E-5,2.4181643598448417E-4,2.608239051934449E-4,0.005719293883441859,1.5073490310553973E-4,2.5982068065779263E-5,9.178396830751397E-4,3.962608727672945E-4,0.01598198531318656,1.0,4.6509164724002225E-5,0.001852107359825668,0.0035080367704846335,0.0062428500457534,1.9863607782325985E-4,0.0014896087037702182,2.0082121955339137E-4,1.4864351810553903E-4,1.0822660629658437E-4,1.0828764200645649E-4,0.0054040704117301235,1.3304093533479948E-4,1.4368517274569102E-4,0.016382107606613655,2.4135024049816778E-4,3.9262704486356403E-4,0.010572754483589276,6.746922500999916E-4,9.428970187528059E-4,2.5755948464901887E-4,8.617688734602516E-4,4.8127155861946494E-4,1.4739407874474604E-4,8.021238661229074E-5,1.5687694442081723E-4,4.166301796929517E-4,1.4065215010752172E-4,1.9370263794880657E-4],[0.008686595812594296,0.010978594219043167,3.517223998226249E-5,2.4383788971115396E-5,0.0015486899323799408,1.77277446124042E-5,1.2102003905650803E-4,1.1724598870240937E-4,0.0017641165868542924,1.4778638808688345E-5,1.7226306007925783E-5,7.627156562227215E-5,0.018012542190839753,0.013439636445712909,9.022865297763223E-5,3.3331777633212174E-5,4.3599020416346584E-4,1.1316371243108074E-4,0.0015910036660171606,7.649782951178294E-5,1.4049873654137147E-5,0.0015463051490683351,0.0010523959703858266,0.04486819890461019,4.6509164724002225E-5,1.0,0.005019964056843121,0.011094165187982034,0.0019563815919785184,0.0015097606905262058,0.0014978085930809184,1.9526018607406276E-4,7.945126106704569E-5,4.7438760539269477E-5,2.5639422295423785E-5,1.6944836143574353E-4,1.1692289535404286E-5,6.553528746954155E-5,0.01083587282560343,4.451533109061796E-5,4.58786915935236E-4,0.004842740795499861,2.201724641435646E-4,2.0149708349936421E-4,1.0446704329657329E-4,5.744962185553528E-4,0.0014787582673508066,4.036606402597255E-5,2.3595793619628775E-5,1.7104549540808536E-4,0.001978162502367398,2.113899328396725E-5,3.936517531021347E-5],[0.010409084333935677,0.016823113854520476,0.0019751517632215655,0.004493441723939754,0.00940698565847273,0.0015483614335438127,0.0030478983799196216,0.005875523611596877,0.004176721209093118,0.0038626825308875345,0.005593322068510056,0.001929262068703447,0.027320358418573297,0.02092175844492007,0.0029316519856082525,0.00491336299604068,0.004258557720883011,9.785779871378292E-4,0.010539848585780526,3.5531874078717816E-4,0.005150670195986402,0.004977311490455839,0.005205926383762505,0.01780260345900265,0.001852107359825668,0.005019964056843121,1.0,0.013138054035732484,0.0061771986345171915,0.004993664408003043,0.005603171925837992,0.0018883981184638062,0.005030184963613244,0.004313288929346025,0.005368736751806377,0.007525051498674475,0.0035461267011239086,0.0020026159433428263,0.014283097028721832,0.0037806690484433834,0.005487189103265962,0.010549058045469456,0.004197358302850441,0.0014011634886712714,0.006015338875736188,0.005595716871394105,0.005482888435787849,0.004067550072705175,0.0026864854255447108,0.0038727285973034265,0.006118323042149579,0.0015577846594022734,0.0017789002909065052],[0.013401953803678887,0.016712509013669823,0.008057435872763117,0.014241189185300308,0.016101391900110864,4.8605917496929925E-4,0.0016561412532768468,0.010490063356975207,0.012859266746255467,0.012405341791883254,0.010864686802586883,0.001007968197585553,0.02775970679446603,0.02171404130278051,0.007727143580251899,0.009663940215089971,0.0034834353691915497,0.007539078801115365,0.014621768986341783,0.006251343439569241,0.0028747467953303945,0.010874488445097363,0.004080709200850827,0.04960545409167001,0.0035080367704846335,0.011094165187982034,0.013138054035732484,1.0,0.01267644282964358,0.01134482300917055,0.00625412468914417,0.004571578371973759,0.016075367347419385,0.010060516519727511,0.013279260226062206,0.00788989269728231,0.014731107518981277,0.002583384579285851,0.017086652262454562,0.011674045212235779,0.008003376162806643,0.016113984153998534,0.009925066764315267,0.008435884277228795,0.005617800219886991,0.012555806238860944,0.009156724531110341,0.0018986311395722032,0.009618913952628136,0.008311773001610066,0.005022154695601848,0.00790503508644397,0.013226601062984173],[0.011490707046185569,0.00662182241141971,0.0031179900005233055,0.005781101494836955,0.011035826870486681,2.771319784550618E-4,0.0043075565527415935,0.002315383878506629,0.005462008283797857,0.0013460136335936104,0.006039376936508221,0.003505589440471936,0.03733845027216105,0.02114750626107506,0.0016675291341782903,0.0014035331585195564,0.0038377030973698063,0.0034245359609626084,0.007551493938352433,0.0019228588894358023,0.0010451084636899429,0.005693984442534075,0.005140204170995194,0.011377916575237228,0.0062428500457534,0.0019563815919785184,0.0061771986345171915,0.01267644282964358,1.0,0.004372888973303579,0.004044280181974405,0.003291011465124983,3.3080171470292307E-4,0.005526961654714675,0.0025569067246062156,0.007786593675953532,0.0045007552110658735,0.0041502883704276575,0.0178685224608242,0.006088631716439669,0.0017530623702487116,0.010590300415780064,0.0030696793113660754,0.001862274842507628,0.0013973004277992246,0.005828307763264887,0.005474102555125737,0.006173435012436303,0.005988271788643549,0.0028196937676745496,0.006038421035567171,0.0030130649202874424,0.002639627159727108],[0.006307835988493164,0.0064048592106732355,0.002241230739282002,0.0037656133529041665,0.01309428475416339,8.779562223772512E-4,0.0010758926235290588,0.0030197501426608314,0.003820486287635866,0.004064525531696023,9.839070965643752E-4,0.001055483463774319,0.009736671060178921,0.004456380921673846,7.290377981004612E-4,0.0027646312122646933,0.003536007157113599,0.0015429852115678344,0.01113541962878661,0.0010739797773696082,3.1308627920275067E-4,0.0033756246896292923,0.002983009383595152,0.005465780483427445,1.9863607782325985E-4,0.0015097606905262058,0.004993664408003043,0.01134482300917055,0.004372888973303579,1.0,0.0041474729177488345,0.001242352453746642,0.004192914570815034,0.0012763691398974977,3.322474516628919E-4,0.005281361059734079,0.003831483847796161,0.003941543229328475,0.017069915113700762,0.002250751424940737,0.003750867760975191,0.007191705492039199,0.0024473024150161375,0.0036914328331291786,6.96262088325616E-4,0.0026484991590992536,0.0032763314087669586,0.0027343920474077643,3.1620771033336157E-4,0.0011115069182465163,0.003977473252858595,1.2572075846346462E-4,0.00378391655774416],[0.007385555179515766,0.01213406004102925,9.741399204401605E-4,4.3418476465460494E-4,0.011693512570444353,8.737330555439412E-4,0.0012721145312144246,0.003108425051313298,0.0029390777424125715,0.001667824732899291,0.0015753867217157404,0.0027329253779675437,0.02305564141723145,0.010636122494365461,0.0018979716961061643,0.0017024621338036987,0.0025366019309549116,4.574344902925717E-4,0.0077536635004347735,0.0025204381643466156,2.4756303272416617E-4,0.0030601978157845044,0.003122984361607685,0.054522743061058775,0.0014896087037702182,0.0014978085930809184,0.005603171925837992,0.00625412468914417,0.004044280181974405,0.0041474729177488345,1.0,0.001799433721646108,0.0029967726939763802,0.002315138620452293,0.0031440214454801145,0.005845670519472255,0.002285356717918835,0.0022258020496086586,0.010410143470602084,0.0026611711742883597,0.0016643830800121837,0.010346182604997544,0.0017863734693442544,0.0016211680093032592,0.0011401924564767084,0.0032080173684275095,0.003282315941013766,0.001309503964318147,0.0017987329444858705,0.001705117981357371,0.0028797989052396556,0.0023105505132443257,0.002420587849910414],[0.0032847071856087857,0.002673748190949094,1.9456253550879162E-4,1.3479633559943237E-4,5.607607059512048E-4,9.466909372855107E-5,1.7818734933059533E-4,1.3544125120171175E-4,0.0026731806060041165,8.833025415620333E-5,8.20620803897577E-5,1.57837470630338E-4,0.019361262698299825,0.01721557775479913,1.1900990118315428E-4,1.6713074188874576E-4,8.286121895503894E-4,3.6103884193289606E-4,0.0037203566148369875,1.5403970517301793E-4,2.247175469973833E-5,0.00201767225880447,6.633523883876782E-4,0.040203460798476115,2.0082121955339137E-4,1.9526018607406276E-4,0.0018883981184638062,0.004571578371973759,0.003291011465124983,0.001242352453746642,0.001799433721646108,1.0,1.646878710942885E-4,1.8334473954578854E-4,1.30130713978877E-4,0.007589847265316703,1.23033142830843E-4,1.527891234985156E-4,0.00646481967570166,3.0174393290112553E-4,3.2869877935000195E-4,2.3286249708397562E-4,4.0356444768392013E-4,0.0010480889560976125,2.5949852566008636E-4,2.090897494610401E-4,0.001692740563487448,1.820467992474581E-4,1.1188184290496109E-4,2.0564493521165283E-4,0.0010104363602276595,1.5827590739468856E-4,2.036989592020625E-4],[0.0026084284356130034,0.01305886280767961,1.393701371015056E-4,1.2864170686647603E-4,9.531931773222436E-4,3.155291694439041E-5,1.3259783690379215E-4,1.3435077194860659E-4,0.0027942706131707656,1.2715206545208543E-4,8.139450618557733E-5,1.0650357648132692E-4,0.016312531877820863,0.002425860450972263,1.2483363667472922E-4,9.377882898632195E-5,2.951109072463679E-4,3.26359492163379E-4,0.011749114679193977,1.456639064808779E-4,9.973644907765959E-5,6.584395293843203E-4,4.5986959944281484E-4,0.02170078342533614,1.4864351810553903E-4,7.945126106704569E-5,0.005030184963613244,0.016075367347419385,3.3080171470292307E-4,0.004192914570815034,0.0029967726939763802,1.646878710942885E-4,1.0,1.1093988751580702E-4,9.977019478250122E-5,0.00617880895800497,1.1230533463325317E-4,1.3310731140063253E-4,0.019225773202027924,1.5058432297770423E-4,7.367639532440972E-4,0.006555298092887426,4.6398005845141375E-4,1.5979604618939337E-4,2.4059004982681926E-4,0.0010172734178038204,8.68893107508085E-4,1.4269833292437892E-4,1.2320033043897478E-4,1.850718434412967E-4,1.881851613539462E-4,1.3352504200818212E-4,1.7435323285788378E-4],[0.004417734610994393,7.081734016727994E-4,1.3011124447890384E-4,1.074216627994754E-4,0.005361397477134728,6.374240495684243E-5,1.0824175930856281E-4,1.1786614817384492E-4,1.8233225444233098E-4,9.892067041332464E-5,7.674368044062138E-5,1.0346929024840732E-4,0.037153524847738546,0.005171776949573033,1.0548827867101383E-4,3.731118531839941E-5,7.30140270950304E-4,3.542374525390442E-4,5.19517730494564E-4,1.2381631717372818E-4,7.959519851805539E-5,0.0013701675355544695,2.757931907791378E-4,0.026168520688294904,1.0822660629658437E-4,4.7438760539269477E-5,0.004313288929346025,0.010060516519727511,0.005526961654714675,0.0012763691398974977,0.002315138620452293,1.8334473954578854E-4,1.1093988751580702E-4,1.0,6.496503139987924E-5,0.005544875545318787,8.057671053906957E-5,1.0298212514504671E-4,0.010667671083000218,3.1327310081937854E-4,8.661197484660524E-4,0.001222841062677845,4.0192044530339664E-4,8.334477135208534E-4,1.4915180884145986E-4,0.0014722149324988137,0.0027075022136983226,1.2394440685168544E-4,2.9820545152884842E-5,1.4132821725397411E-4,0.0022935272091963764,9.488984094580898E-5,1.9821289037309922E-4],[0.002673001821782006,2.0182428787971656E-4,1.3506946862936012E-4,6.167764338944437E-5,0.001057459088904729,2.6536145194797227E-5,1.0159922127905096E-4,1.1872237642536014E-4,0.002814164190381721,2.3854481270917506E-5,2.9757961719019952E-5,8.567339194194632E-5,0.006099697111146025,0.018170968741643773,8.078497380792138E-5,3.049590332790761E-5,4.3171383026596266E-4,3.485666092340584E-4,0.0035246023414799775,3.2238735807545656E-5,1.892443192654908E-5,0.0014135017541013798,3.3562186875360197E-4,0.034278266535869475,1.0828764200645649E-4,2.5639422295423785E-5,0.005368736751806377,0.013279260226062206,0.0025569067246062156,3.322474516628919E-4,0.0031440214454801145,1.30130713978877E-4,9.977019478250122E-5,6.496503139987924E-5,1.0,0.002455703601446511,1.2233348738457294E-5,8.711567228075367E-5,0.00859107892842068,3.230445172609643E-4,9.041339428775901E-4,0.005256215664303433,4.333373177819682E-4,9.170783317101643E-4,1.3088023530975518E-4,0.0011236953874415132,9.352575553304318E-4,4.714606532184964E-5,2.7283697805400146E-5,6.043406270949746E-5,5.5093191670849056E-5,2.7209572207592432E-5,1.2218219151768645E-4],[0.008331085051581012,0.013206566591660692,0.0068755258132813645,0.0020729154012496896,0.01050869066149509,0.002032300058480704,2.2505556492137123E-4,0.0039075334647662744,0.003407109255709683,3.801427433579314E-4,0.0012418046916187631,0.007089444830651086,0.0159954319829287,0.015027672056566924,0.004714204070940228,3.2975388014999337E-4,0.0010911335350874212,0.0029570272523850366,0.007890575338058505,0.004498272291388948,0.0052124662148292636,0.0058459054628106615,0.004680790632518743,0.03739318293522981,0.0054040704117301235,1.6944836143574353E-4,0.007525051498674475,0.00788989269728231,0.007786593675953532,0.005281361059734079,0.005845670519472255,0.007589847265316703,0.00617880895800497,0.005544875545318787,0.002455703601446511,1.0,0.00339198150540072,0.003146211004909171,0.01753191701137789,0.006664821741647687,0.006098397765768782,0.008196839201636556,0.005946819631357592,0.005219201246377347,0.0022354989586708253,0.004759919931115183,0.0033560153162571047,0.0038237066486647374,0.0011495470529694256,0.005364904779370521,0.004937829227131428,0.0025278472515960155,7.13776400552204E-4],[0.00494502451608268,0.012347427619093063,3.8904