[[1.0,0.0056040815341224775,1.3299375799230695E-4,4.0000711599559385E-4,9.502470831306177E-4,2.0439210117590133E-4,1.7514351221846594E-4,0.0013238043209886372,3.2181394364636754E-4,0.001333382146051623,0.001291048619620063,2.4863169719299634E-4,4.6138402574358886E-4,0.008002468757877997,0.003873207194687546,1.1313416920309951E-4,7.033582823452466E-4,1.5762766400221083E-4,1.4229286401971545E-4,9.472738433390101E-4,0.01321284932224038,0.0010966201114490696,1.6782792320309926E-4,1.9742687807524585E-4,1.460202535462249E-4,0.0024066872913477582,1.5022476500798672E-4,0.009554509414233957,1.6878707570367846E-4,1.478922694544635E-4,0.0015506395413342365,1.8728685963408014E-4,1.158192179445688E-4,0.0011747038913274197,1.6280552303021476E-4,2.193976096257696E-4,1.7036950607856682E-4,0.04786832972009824,6.053322624750531E-4,2.934882611570956E-4,1.413031630741298E-4,1.2487177288438825E-4,9.584190707942897E-4],[0.0056040815341224775,1.0,0.025395699681171807,0.015887787110683525,0.023431184712546068,0.008429942865619985,0.015352041037914332,0.010231066721090275,0.01862594999326083,0.019388706120409386,0.0033359564017624763,0.02433156104581149,0.0068479969010967106,0.024771180010076596,0.02531648485929571,0.004820577955361213,0.012868382309125967,0.0010236995489977586,0.015188321993123253,0.019870194310091866,0.028082370617243873,0.024608429400075852,0.020414150409361363,0.022027123143168667,2.5970348404292127E-4,0.02494164106191693,0.023471638442906503,0.01983536061510563,0.02020854982009423,0.01941641962195354,0.01868182632239463,0.01504889156103947,0.013797540848343984,0.020606907970016408,0.007062018018856276,0.02091576802543299,0.016047244626706196,0.05222526992547896,0.014338015163253653,0.00332137184402725,0.012358626562420311,0.011723204899153164,0.01819120887863576],[1.3299375799230695E-4,0.025395699681171807,1.0,7.901512316787392E-4,1.2454176695064198E-4,5.521192398945532E-5,2.2378983459564559E-4,0.0016619215719340826,0.0011327219885329568,0.0012674948960777585,0.001335791885795268,1.8283735557787052E-4,0.0011431741933830464,0.0036063213768248127,1.3565350720394097E-4,4.086131372612292E-5,8.141690289781977E-4,3.700810190824324E-5,1.6932118537471725E-5,0.0012746306020846106,0.014813665353434763,0.005808142790283095,3.633110721984157E-5,1.2830317578782385E-4,6.772214793117995E-5,0.0035841484964287016,4.9093115264631037E-5,0.012862723190940967,1.4851935664068634E-4,6.888199709819143E-5,0.0016832251864430687,2.0819200275139655E-4,2.5138914626228503E-5,0.0011374939418858565,2.535385590704347E-5,2.559365121390989E-4,5.8586533079576566E-5,0.017406707362896925,5.660391249281467E-4,0.0010077154754400668,2.3001630865384715E-5,2.790389678115498E-5,5.699817939032206E-4],[4.0000711599559385E-4,0.015887787110683525,7.901512316787392E-4,1.0,0.001148815608006811,7.240367135349364E-4,4.426568009712081E-4,0.0012599637758288935,0.0010463389681654462,0.0013543528686224167,0.001260539961783694,0.0010229601359629315,0.0013932483742334616,0.00849243366493787,0.014565323524209034,6.456890974650905E-4,0.0010463137717372317,3.0580045433548385E-4,8.802425924744131E-4,0.0011521705952951518,0.007719099148173966,0.007535574510911599,2.6456603432426125E-4,7.337885645240529E-4,8.319634554667331E-4,0.0021170986895626513,1.4517215526942324E-4,0.0032435241029756235,8.081566080874859E-4,2.105095307820584E-4,0.001677814514398517,9.718892870871384E-4,7.519401278593647E-4,0.0011655600749693373,2.3280996332910588E-4,0.0018644736342470956,8.12525701111892E-4,0.006185972046363964,9.339919002924301E-4,0.0014118021811073051,1.5409047899518196E-4,7.970420750505824E-5,0.0010383541480271077],[9.502470831306177E-4,0.023431184712546068,1.2454176695064198E-4,0.001148815608006811,1.0,3.657814230407194E-4,0.0011489266526383379,0.0014249737938696353,0.0011596912055412607,0.001387293367884833,0.001228598618627532,8.225983688207745E-4,0.001299556485781565,0.0034029007101708184,0.0038341360175067484,0.0011201766097637927,0.0011675198745875616,2.6973216603412786E-4,6.999362561325934E-4,0.001197362132146818,0.011347273380729826,0.0027038787323548875,0.001119636961609109,4.528127665100396E-4,0.0011042284140337878,0.00581557306891832,1.3493560403885724E-4,0.005064426262796408,5.281977490910069E-4,3.870492850991445E-4,0.0016721173890096833,9.157809806139745E-4,9.381071325912605E-4,0.0012520740548491646,4.3315134023027543E-4,0.0013527989220674815,7.635257471088944E-4,0.048606751226553335,6.704222805607406E-4,0.0012624365100242232,4.235996406277311E-4,5.342180229088618E-4,0.0011424188330418292],[2.0439210117590133E-4,0.008429942865619985,5.521192398945532E-5,7.240367135349364E-4,3.657814230407194E-4,1.0,2.1668661227788936E-4,7.946140798259689E-4,8.286133944418138E-4,9.60659876998522E-4,8.34651017620475E-4,4.085051133560936E-4,0.0012324798247925098,0.007065276408069317,0.01019321658061095,1.8051850597069886E-4,5.170307737789809E-4,9.535179828400214E-5,1.1301252386747518E-4,6.7488044660494E-4,0.013252183707215946,0.007778769744332287,1.8727928662513315E-4,2.3456947082990367E-4,1.498260393653485E-4,0.005955029036618028,1.57969221934138E-4,0.007798412500400262,2.0655809919705307E-4,1.5080341079411346E-4,0.0011454576962156055,2.2220258556339986E-4,9.408044563006722E-5,6.069881618127224E-4,1.8745529923206323E-4,0.0015531471671323385,2.1186290610481325E-4,6.118490047932789E-4,3.947975926742106E-4,4.867737660960638E-4,5.0400236108563316E-5,5.746596783752671E-5,3.373610442950728E-4],[1.7514351221846594E-4,0.015352041037914332,2.2378983459564559E-4,4.426568009712081E-4,0.0011489266526383379,2.1668661227788936E-4,1.0,0.0014093925956855432,6.798203007807454E-4,4.8809542196961655E-4,2.7587508583835695E-4,3.116823139314426E-4,5.690804838046782E-4,0.012626450740180754,0.011051694043853358,1.18676579426775E-4,6.60186782698381E-4,1.7151720477767243E-4,5.071435556118233E-5,6.656978799907552E-4,0.02661010920777856,0.005673719133757913,2.0094560507107176E-4,2.325551355360462E-4,1.6961330872922411E-4,0.002671584422692156,2.2511862155281855E-4,0.010150012753712186,2.0953771723341986E-4,2.1315167556940168E-4,0.001059422376635301,2.319441672410001E-4,1.934117926108584E-5,0.0010171154738851937,9.951431658797277E-5,0.0018123493886890495,2.1120330991818915E-4,0.037024327508498094,4.0306276886520293E-4,3.979692779948703E-4,1.5237086395436124E-4,1.1887933489685402E-4,6.302576207457059E-4],[0.0013238043209886372,0.010231066721090275,0.0016619215719340826,0.0012599637758288935,0.0014249737938696353,7.946140798259689E-4,0.0014093925956855432,1.0,0.0013225589740604986,0.0016558500559008993,0.0015477622517092158,8.732770251904441E-4,0.001520291949378999,0.012672052702875665,0.008920679414550754,0.001136338035468146,0.001296679353735399,8.605570372259829E-4,8.636555843491704E-4,0.0015500335692785906,0.01537347103386967,0.002793543589026626,9.86187449678723E-4,4.201720209210585E-4,6.622679804985E-4,0.005239911737436835,5.883529380698877E-4,0.0039058748418607674,0.0011250223558998474,0.001699333809568992,0.0017277961536623435,6.971264998442654E-4,2.0996163037598003E-4,0.0013443201400757583,9.68468496293742E-4,0.0021671281464620386,8.052949509749462E-4,0.022548285115919844,0.0010865417557465353,0.0016045359489283994,9.82562164972031E-4,0.0017111347508813085,0.0013199687081668567],[3.2181394364636754E-4,0.01862594999326083,0.0011327219885329568,0.0010463389681654462,0.0011596912055412607,8.286133944418138E-4,6.798203007807454E-4,0.0013225589740604986,1.0,0.001242888597201318,0.0013685776436531696,0.0011304145696365753,0.0012454403946632986,0.013304554411351798,0.00927677386870426,4.21706023770191E-4,0.0011547363754407785,7.474145195847632E-4,4.508598513342194E-4,0.0013057296143945763,0.017125740443817577,0.0026964390219440916,5.375784741486218E-4,4.5885000272331616E-4,9.765198332243767E-4,0.0015378222367788761,5.767609279857523E-4,0.003303562938557811,4.6797499971080526E-4,3.247249792888386E-4,0.0016514613389704779,5.81023115306199E-4,8.483783449889262E-4,0.001231532013978359,4.820374640763047E-5,0.0021579862129854285,8.843239317529888E-4,0.023643629099571,8.491445057113207E-4,0.0012502731231622852,2.5572189250884356E-4,1.0101508394509711E-4,0.0011447074845421761],[0.001333382146051623,0.019388706120409386,0.0012674948960777585,0.0013543528686224167,0.001387293367884833,9.60659876998522E-4,4.8809542196961655E-4,0.0016558500559008993,0.001242888597201318,1.0,0.0014477703178599705,7.327960811441862E-4,0.0014626055018184681,0.0044503684233739155,0.0036146183954143952,3.6469506737306357E-4,0.001292684847920425,7.913381213771058E-4,0.0013929053710744549,0.0014843687809503298,0.023026165479457825,0.005923778060074369,9.412934850043595E-4,0.0014194658189480049,0.0011134469333102296,0.0020837749543296965,0.0013000349656527288,0.00769231248199132,2.612573832407504E-4,8.930778785146874E-4,0.0017172347581975184,0.001061512700445823,6.998484385681875E-4,0.0014713907101035501,0.0012203122536175687,0.0019527860967871388,5.923799353332864E-4,0.04849267665792401,0.0013335567140171753,0.0014983223944417842,6.141318358005121E-4,0.0014911805436803884,0.0014666988453933525],[0.001291048619620063,0.0033359564017624763,0.001335791885795268,0.001260539961783694,0.001228598618627532,8.34651017620475E-4,2.7587508583835695E-4,0.0015477622517092158,0.0013685776436531696,0.0014477703178599705,1.0,7.063433880558068E-4,0.001414907101220248,0.008123267757589906,0.013979678580627364,0.0013709230817910728,0.0011942136202985295,9.039175963374428E-4,8.123512546396643E-4,0.0014461645511644418,0.013130951062230412,0.008760532956743158,5.620946959408435E-4,0.0010937925358977035,3.7357805736573354E-4,0.0025427428848860296,9.109039073786004E-4,0.009871615844490592,3.9082981307241114E-4,0.0012219833932736563,0.0016944155775093402,9.789330916741364E-4,3.289472477148885E-4,0.0013591565354905614,1.8600090691657582E-4,0.0018524816171351871,9.916629069060367E-4,0.003951072497054592,9.126261823473521E-4,0.001441226486929992,6.335391407334481E-4,3.480111203506417E-4,0.0011686503731614295],[2.4863169719299634E-4,0.02433156104581149,1.8283735557787052E-4,0.0010229601359629315,8.225983688207745E-4,4.085051133560936E-4,3.116823139314426E-4,8.732770251904441E-4,0.0011304145696365753,7.327960811441862E-4,7.063433880558068E-4,1.0,0.0012542695268856565,0.009637737440803795,0.009053005464403003,4.601476060508673E-4,0.0010164585442451527,1.6519504004651266E-4,5.197697313360677E-4,0.0010237952789115409,0.028353855747805086,7.756117955852663E-4,4.935984433487215E-4,2.864606887589102E-4,3.698455762331807E-4,0.0020225456094157025,1.58001433024679E-4,0.008966542581208378,3.936666584125277E-4,2.0009106401587835E-4,0.0010653539700330851,4.909343960810734E-4,2.9028735046875555E-4,7.528655946959212E-4,5.260312894929264E-4,7.694773732162495E-4,6.30336682782512E-4,0.003913061507614413,6.324677372787832E-4,7.939548603002714E-4,6.506507757047777E-4,5.185817307403152E-4,9.942752574319065E-4],[4.6138402574358886E-4,0.0068479969010967106,0.0011431741933830464,0.0013932483742334616,0.001299556485781565,0.0012324798247925098,5.690804838046782E-4,0.001520291949378999,0.0012454403946632986,0.0014626055018184681,0.001414907101220248,0.0012542695268856565,1.0,0.0117549187538099,0.009512507408051186,0.001257330998016353,0.0012693333160032996,7.627976011600011E-4,7.006028264519822E-4,0.0014207612658632717,0.027052558649133293,0.006157153122167841,3.991061043718367E-4,0.0012191123527498867,8.368761006620836E-4,0.004012171713109178,5.698167893372577E-4,0.0070200054198927,5.016905386050496E-4,4.0876597370558617E-4,0.0016374171355441477,6.092118420120776E-4,0.0012884494289573398,0.0013534115741382995,1.2777808068787754E-4,0.0016156268255903394,0.0012864986304371437,0.0242971170850121,0.001199355397006762,0.0014343687724800026,0.0011149269270869229,0.0010686695641093818,0.0011647169819640141],[0.008002468757877997,0.024771180010076596,0.0036063213768248127,0.00849243366493787,0.0034029007101708184,0.007065276408069317,0.012626450740180754,0.012672052702875665,0.013304554411351798,0.0044503684233739155,0.008123267757589906,0.009637737440803795,0.0117549187538099,1.0,0.015866139610388953,0.014020850951653983,0.008318281660634263,0.003170842998470842,9.19131292210804E-4,0.011138762445438159,0.023037380330049928,0.012630976809510544,0.00580921638486181,0.01235281846496954,0.0014107107764858363,0.013062550798964883,0.010272016065313269,0.015049993411698008,0.01181406357063805,0.006838368807900382,0.006978748438055116,0.00985304941442728,0.003481894259610189,0.008174650452784206,0.010400265019978401,0.012043318615464496,5.062902018784407E-4,0.05216220422171081,0.012741514147999067,0.010215273883169272,0.012306178920062794,0.01133206844652877,0.008437187776549279],[0.003873207194687546,0.02531648485929571,1.3565350720394097E-4,0.014565323524209034,0.0038341360175067484,0.01019321658061095,0.011051694043853358,0.008920679414550754,0.00927677386870426,0.0036146183954143952,0.013979678580627364,0.009053005464403003,0.009512507408051186,0.015866139610388953,1.0,0.0017360438463518604,0.007731814601730398,0.0024931220661300766,0.014355091911336663,0.013162883021030214,0.01840932375734489,0.013665309813133013,0.0015974247716324988,0.012820545043240103,0.003085790034117525,0.013515720533130684,0.014834322958994164,0.015232557218975703,0.004772318517230876,0.014347521780639973,0.006616859710927268,0.002277149860275656,0.008123874065813167,0.00262940356083193,0.01465048009027028,0.01126878071711735,0.013568149235562129,0.03199608745929984,0.01208449754437122,0.010522068713684404,0.001401087484708659,0.015898109213636193,0.009642932131175144],[1.1313416920309951E-4,0.004820577955361213,4.086131372612292E-5,6.456890974650905E-4,0.0011201766097637927,1.8051850597069886E-4,1.18676579426775E-4,0.001136338035468146,4.21706023770191E-4,3.6469506737306357E-4,0.0013709230817910728,4.601476060508673E-4,0.001257330998016353,0.014020850951653983,0.0017360438463518604,1.0,2.762961633879304E-4,5.0896649338497755E-5,5.254911250093805E-5,0.001387532558189268,0.025753450426880983,0.006921486125909575,9.252840127264175E-5,2.3959773263588458E-4,9.026797463671871E-5,0.005069170893431902,9.441299590407697E-5,0.002717261011782944,1.4162188248489067E-4,1.2202059300839236E-4,0.0010378007977359558,2.3071098558777217E-4,2.931246352249875E-5,2.243246774766998E-4,3.696792160321492E-5,0.0025263477619561704,8.241173131066785E-5,0.03394985605803398,1.4817106206365023E-4,4.905018473319304E-4,3.071228400676967E-5,3.033721644813766E-5,0.0010656752589917537],[7.033582823452466E-4,0.012868382309125967,8.141690289781977E-4,0.0010463137717372317,0.0011675198745875616,5.170307737789809E-4,6.60186782698381E-4,0.001296679353735399,0.0011547363754407785,0.001292684847920425,0.0011942136202985295,0.0010164585442451527,0.0012693333160032996,0.008318281660634263,0.007731814601730398,2.762961633879304E-4,1.0,5.269465668982851E-4,1.5455553646233065E-4,0.0013868957116575165,0.013802726443361618,0.008399443753774946,1.8981274799722024E-4,5.856301008638406E-4,0.001096306096241487,0.0028838686575566493,5.916639608952482E-4,0.0011733493655429954,5.592969728967186E-4,6.879929988476325E-4,0.0015684212750005574,8.335872490065137E-4,1.9192900059431838E-4,0.00118661535632375,3.600407693175994E-5,0.001624130287810801,6.005483941702711E-4,0.05519252030563263,7.122196691526572E-4,0.0013490327107383996,8.457255277133284E-4,3.468930003983164E-4,0.0011273262875727793],[1.5762766400221083E-4,0.0010236995489977586,3.700810190824324E-5,3.0580045433548385E-4,2.6973216603412786E-4,9.535179828400214E-5,1.7151720477767243E-4,8.605570372259829E-4,7.474145195847632E-4,7.913381213771058E-4,9.039175963374428E-4,1.6519504004651266E-4,7.627976011600011E-4,0.003170842998470842,0.0024931220661300766,5.0896649338497755E-5,5.269465668982851E-4,1.0,2.556322617694726E-5,1.5230466113001212E-4,0.00167810378505888,0.0096254903375317,9.343255489829755E-5,1.7020780479482236E-4,4.4310481660564665E-5,0.0028792454720879823,8.941721247158201E-5,0.010161829723780439,7.314939250289588E-5,1.25950436612665E-4,0.0016024183300219672,1.2937800193741142E-4,2.106948065964109E-5,0.0013241317082644235,3.7872554287027334E-5,0.0016886206735314475,4.028927190976149E-5,0.03604169450985054,3.060602343282789E-4,6.699464052785106E-5,2.4350074797710098E-5,3.725505780876008E-5,1.4168414598559278E-4],[1.4229286401971545E-4,0.015188321993123253,1.6932118537471725E-5,8.802425924744131E-4,6.999362561325934E-4,1.1301252386747518E-4,5.071435556118233E-5,8.636555843491704E-4,4.508598513342194E-4,0.0013929053710744549,8.123512546396643E-4,5.197697313360677E-4,7.006028264519822E-4,9.19131292210804E-4,0.014355091911336663,5.254911250093805E-5,1.5455553646233065E-4,2.556322617694726E-5,1.0,1.0981906798132916E-4,0.021411302531447598,0.0071789006744197555,1.4736210322268255E-4,1.7521602933696576E-4,7.01634660901775E-5,0.0034113873287134563,6.69723348607214E-5,0.010551151100172478,1.7448433629770854E-5,1.1320639958525292E-4,2.8586283459975975E-4,1.5999455280382453E-4,1.5722694420037514E-5,7.914119220534241E-4,2.7343337595963492E-5,0.0025922432598942296,7.795302911997824E-5,0.02467329866750783,1.6488843531203964E-4,0.001390295563470904,1.8986992099312537E-5,1.86918021170225E-5,2.972246800077149E-4],[9.472738433390101E-4,0.019870194310091866,0.0012746306020846106,0.0011521705952951518,0.001197362132146818,6.7488044660494E-4,6.656978799907552E-4,0.0015500335692785906,0.0013057296143945763,0.0014843687809503298,0.0014461645511644418,0.0010237952789115409,0.0014207612658632717,0.011138762445438159,0.013162883021030214,0.001387532558189268,0.0013868957116575165,1.5230466113001212E-4,1.0981906798132916E-4,1.0,0.024522025051456394,0.005409087709360248,8.9871185285283E-4,0.0014146279423354047,0.0012940208101542693,0.0015523303233305548,7.690872805560324E-4,0.004610282900888211,2.583270870077554E-4,4.494248837383768E-4,0.0016539654945146134,4.5366973567238236E-4,5.794258913525348E-4,0.001448203994694224,9.426595373141474E-4,0.0018259616401564908,8.937884716273365E-4,0.004396095123273426,6.35349534868567E-4,0.0014539718219833027,8.345362349143359E-4,2.49697086586155E-4,0.0014042494860063103],[0.01321284932224038,0.028082370617243873,0.014813665353434763,0.007719099148173966,0.011347273380729826,0.013252183707215946,0.02661010920777856,0.01537347103386967,0.017125740443817577,0.023026165479457825,0.013130951062230412,0.028353855747805086,0.027052558649133293,0.023037380330049928,0.01840932375734489,0.025753450426880983,0.013802726443361618,0.00167810378505888,0.021411302531447598,0.024522025051456394,1.0,0.02378056208736331,0.00742698178805945,0.001965010300723863,0.028181408102725316,0.015804420359125895,0.01795704379774578,0.02283207075388434,0.022309631607699647,0.02051552435135518,0.02110576442651802,0.02266685307519159,0.025182647278737473,0.0279446837370982,0.024654660569350523,0.006562620140193967,0.024204518265630266,0.054884996884293866,0.004448154073554522,0.005725632668342279,0.0017670943614685065,0.015639006390304036,0.02170616497873179],[0.0010966201114490696,0.024608429400075852,0.005808142790283095,0.007535574510911599,0.0027038787323548875,0.007778769744332287,0.005673719133757913,0.002793543589026626,0.0026964390219440916,0.005923778060074369,0.008760532956743158,7.756117955852663E-4,0.006157153122167841,0.012630976809510544,0.013665309813133013,0.006921486125909575,0.008399443753774946,0.0096254903375317,0.0071789006744197555,0.005409087709360248,0.02378056208736331,1.0,0.004126988589346256,0.005037600228244713,0.007889987968088243,0.007865779306612591,0.0014003446110780553,0.01029912400323054,8.903421828819635E-4,0.005666721976363268,0.004274465015527461,0.0011371593332821955,8.341445867940967E-4,0.004047202878780638,0.008189052031138929,0.005474783481522493,0.006873838796576308,0.012169346784014072,0.0032556063863283056,0.0092561058968492,0.006269980664489212,0.0053630031896646545,0.007694658761020998],[1.6782792320309926E-4,0.020414150409361363,3.633110721984157E-5,2.6456603432426125E-4,0.001119636961609109,1.8727928662513315E-4,2.0094560507107176E-4,9.86187449678723E-4,5.375784741486218E-4,9.412934850043595E-4,5.620946959408435E-4,4.935984433487215E-4,3.991061043718367E-4,0.00580921638486181,0.0015974247716324988,9.252840127264175E-5,1.8981274799722024E-4,9.343255489829755E-5,1.4736210322268255E-4,8.9871185285283E-4,0.00742698178805945,0.004126988589346256,1.0,2.3272836914865573E-4,1.1547094547768967E-4,0.0010438038351858261,1.24239532399043E-4,0.003239697548034066,1.7025157282541008E-4,1.692417975420016E-4,9.833748794453908E-4,1.8114200659378804E-4,1.5645343980401848E-4,9.293377333941702E-4,5.0618712576540494E-5,0.0014426617510343953,1.7167871909611884E-4,0.006007267740580544,3.122470565758157E-4,0.0010222464334171228,1.666809502571903E-4,6.828356608375784E-5,5.893064897462354E-4],[1.9742687807524585E-4,0.022027123143168667,1.2830317578782385E-4,7.337885645240529E-4,4.528127665100396E-4,2.3456947082990367E-4,2.325551355360462E-4,4.201720209210585E-4,4.5885000272331616E-4,0.0014194658189480049,0.0010937925358977035,2.864606887589102E-4,0.0012191123527498867,0.01235281846496954,0.012820545043240103,2.3959773263588458E-4,5.856301008638406E-4,1.7020780479482236E-4,1.7521602933696576E-4,0.0014146279423354047,0.001965010300723863,0.005037600228244713,2.3272836914865573E-4,1.0,2.145705766974394E-4,0.0027284985583135323,2.366842431132529E-4,0.008887032740325337,1.9834821208667612E-4,2.0470775589854926E-4,0.0014235449569520717,2.4285628419070881E-4,2.491086507484987E-4,0.0012827934345760823,2.8190064239035833E-5,5.075242422459859E-4,2.249144482251297E-4,0.004553352123489175,5.821363084074587E-4,9.041762808036554E-4,1.7594167087041254E-4,3.2119111843514724E-5,2.695464483737009E-4],[1.460202535462249E-4,2.5970348404292127E-4,6.772214793117995E-5,8.319634554667331E-4,0.0011042284140337878,1.498260393653485E-4,1.6961330872922411E-4,6.622679804985E-4,9.765198332243767E-4,0.0011134469333102296,3.7357805736573354E-4,3.698455762331807E-4,8.368761006620836E-4,0.0014107107764858363,0.003085790034117525,9.026797463671871E-5,0.001096306096241487,4.4310481660564665E-5,7.01634660901775E-5,0.0012940208101542693,0.028181408102725316,0.007889987968088243,1.1547094547768967E-4,2.145705766974394E-4,1.0,0.003038673976175195,1.1860567938481835E-4,0.008192893944892655,1.266526518843798E-4,1.2156222964072546E-4,0.0014236515274088425,1.2997058442127074E-4,4.1129935606146924E-5,5.136433722038243E-4,3.892155998978362E-5,9.064135789149289E-4,1.784122074682325E-4,7.224714645429873E-4,1.241262504930062E-4,6.75745719236943E-4,5.765636534046164E-5,9.46952646205078E-5,0.0010043902451715547],[0.0024066872913477582,0.02494164106191693,0.0035841484964287016,0.0021170986895626513,0.00581557306891832,0.005955029036618028,0.002671584422692156,0.005239911737436835,0.0015378222367788761,0.0020837749543296965,0.0025427428848860296,0.0020225456094157025,0.004012171713109178,0.013062550798964883,0.013515720533130684,0.005069170893431902,0.0028838686575566493,0.0028792454720879823,0.0034113873287134563,0.0015523303233305548,0.015804420359125895,0.007865779306612591,0.0010438038351858261,0.0027284985583135323,0.003038673976175195,1.0,0.002215982873575911,0.01225699472305581,0.001359585947031599,0.0017223407558705805,0.004380203479674881,0.00283116071777749,0.0023604336413473597,0.0036368928894360544,0.004854845372154877,0.004242383180944466,0.005465506744079217,0.033417054975682495,0.0036502481893168058,0.00503930554192443,0.0030248383751714414,0.004405956990597802,0.004227479619786004],[1.5022476500798672E-4,0.023471638442906503,4.9093115264631037E-5,1.4517215526942324E-4,1.3493560403885724E-4,1.57969221934138E-4,2.2511862155281855E-4,5.883529380698877E-4,5.767609279857523E-4,0.0013000349656527288,9.109039073786004E-4,1.58001433024679E-4,5.698167893372577E-4,0.010272016065313269,0.014834322958994164,9.441299590407697E-5,5.916639608952482E-4,8.941721247158201E-5,6.69723348607214E-5,7.690872805560324E-4,0.01795704379774578,0.0014003446110780553,1.24239532399043E-4,2.366842431132529E-4,1.1860567938481835E-4,0.002215982873575911,1.0,0.009946193636737849,1.6469829755001947E-4,1.3542200322598098E-4,8.942048663460541E-4,2.3226627486040073E-4,2.440230924894066E-5,5.74291120628039E-4,8.10026606920021E-5,0.0015570189445374108,1.5590576470014475E-4,0.011882821692242893,5.08529808663632E-4,0.0011737492000470475,6.209981004627778E-5,6.777021508298724E-5,2.933422878377604E-4],[0.009554509414233957,0.01983536061510563,0.012862723190940967,0.0032435241029756235,0.005064426262796408,0.007798412500400262,0.010150012753712186,0.0039058748418607674,0.003303562938557811,0.00769231248199132,0.009871615844490592,0.008966542581208378,0.0070200054198927,0.015049993411698008,0.015232557218975703,0.002717261011782944,0.0011733493655429954,0.010161829723780439,0.010551151100172478,0.004610282900888211,0.02283207075388434,0.01029912400323054,0.003239697548034066,0.008887032740325337,0.008192893944892655,0.01225699472305581,0.009946193636737849,1.0,0.0016425332284147206,0.012698663769907428,0.013269012137246024,6.44121971237433E-4,0.002168152120065183,0.008451594489919698,0.005516612408938467,0.01092636565228438,0.010928482935575884,0.04191655455634692,0.007494353692575571,0.003827753109982846,0.00383231104927449,0.00903063767750534,0.014200990538415083],[1.6878707570367846E-4,0.02020854982009423,1.4851935664068634E-4,8.081566080874859E-4,5.281977490910069E-4,2.0655809919705307E-4,2.0953771723341986E-4,0.0011250223558998474,4.6797499971080526E-4,2.612573832407504E-4,3.9082981307241114E-4,3.936666584125277E-4,5.016905386050496E-4,0.01181406357063805,0.004772318517230876,1.4162188248489067E-4,5.592969728967186E-4,7.314939250289588E-5,1.7448433629770854E-5,2.583270870077554E-4,0.022309631607699647,8.903421828819635E-4,1.7025157282541008E-4,1.9834821208667612E-4,1.266526518843798E-4,0.001359585947031599,1.6469829755001947E-4,0.0016425332284147206,1.0,1.5435596388920658E-4,8.469224891240137E-4,2.396982819014193E-4,1.1239628443906861E-4,7.724026289823476E-4,1.6332398424660186E-4,0.0021844385981405335,1.860425346929108E-4,0.03648330441051037,4.4512015330715204E-4,2.10471006522207E-4,1.9253890518992672E-4,1.4364816563910857E-4,7.402284778367115E-4],[1.478922694544635E-4,0.01941641962195354,6.888199709819143E-5,2.105095307820584E-4,3.870492850991445E-4,1.5080341079411346E-4,2.1315167556940168E-4,0.001699333809568992,3.247249792888386E-4,8.930778785146874E-4,0.0012219833932736563,2.0009106401587835E-4,4.0876597370558617E-4,0.006838368807900382,0.014347521780639973,1.2202059300839236E-4,6.879929988476325E-4,1.25950436612665E-4,1.1320639958525292E-4,4.494248837383768E-4,0.02051552435135518,0.005666721976363268,1.692417975420016E-4,2.0470775589854926E-4,1.2156222964072546E-4,0.0017223407558705805,1.3542200322598098E-4,0.012698663769907428,1.5435596388920658E-4,1.0,0.0013085695438535526,1.8020292362612596E-4,8.756027971352348E-5,8.420653609386525E-4,3.928432644078704E-5,0.0010799972788933267,1.7685576083589563E-4,0.054029650600395836,5.735093929075105E-4,5.118536551370038E-4,9.637571825775976E-5,1.1673066123244621E-4,6.262439847918198E-4],[0.0015506395413342365,0.01868182632239463,0.0016832251864430687,0.001677814514398517,0.0016721173890096833,0.0011454576962156055,0.001059422376635301,0.0017277961536623435,0.0016514613389704779,0.0017172347581975184,0.0016944155775093402,0.0010653539700330851,0.0016374171355441477,0.006978748438055116,0.006616859710927268,0.0010378007977359558,0.0015684212750005574,0.0016024183300219672,2.8586283459975975E-4,0.0016539654945146134,0.02110576442651802,0.004274465015527461,9.833748794453908E-4,0.0014235449569520717,0.0014236515274088425,0.004380203479674881,8.942048663460541E-4,0.013269012137246024,8.469224891240137E-4,0.0013085695438535526,1.0,4.1754263861170103E-4,0.00117808456062563,0.001573648815125057,1.6658675131863126E-4,0.001980845732915828,5.858893675396598E-4,0.01588564478739455,0.001271680136985564,0.0015213126991128487,0.001674364668194632,3.080262136344611E-4,0.0011250682381547478],[1.8728685963408014E-4,0.01504889156103947,2.0819200275139655E-4,9.718892870871384E-4,9.157809806139745E-4,2.2220258556339986E-4,2.319441672410001E-4,6.971264998442654E-4,5.81023115306199E-4,0.001061512700445823,9.789330916741364E-4,4.909343960810734E-4,6.092118420120776E-4,0.00985304941442728,0.002277149860275656,2.3071098558777217E-4,8.335872490065137E-4,1.2937800193741142E-4,1.5999455280382453E-4,4.5366973567238236E-4,0.02266685307519159,0.0011371593332821955,1.8114200659378804E-4,2.4285628419070881E-4,1.2997058442127074E-4,0.00283116071777749,2.3226627486040073E-4,6.44121971237433E-4,2.396982819014193E-4,1.8020292362612596E-4,4.1754263861170103E-4,1.0,9.132936867678216E-5,7.873266298264318E-4,1.4729021095691536E-4,0.0024934697188849788,2.33558363342229E-4,0.003045440042566466,2.5921548914010004E-4,0.001290986835276393,8.385821714725391E-5,2.383513151159163E-4,8.592886219243395E-4],[1.158192179445688E-4,0.013797540848343984,2.5138914626228503E-5,7.519401278593647E-4,9.381071325912605E-4,9.408044563006722E-5,1.934117926108584E-5,2.0996163037598003E-4,8.483783449889262E-4,6.998484385681875E-4,3.289472477148885E-4,2.9028735046875555E-4,0.0012884494289573398,0.003481894259610189,0.008123874065813167,2.931246352249875E-5,1.9192900059431838E-4,2.106948065964109E-5,1.5722694420037514E-5,5.794258913525348E-4,0.025182647278737473,8.341445867940967E-4,1.5645343980401848E-4,2.491086507484987E-4,4.1129935606146924E-5,0.0023604336413473597,2.440230924894066E-5,0.002168152120065183,1.1239628443906861E-4,8.756027971352348E-5,0.00117808456062563,9.132936867678216E-5,1.0,0.0012419923288783026,1.8752145964893404E-5,8.689749030280212E-5,6.440327781299526E-5,0.04538159735514931,2.463344944976207E-4,0.0012731226336918505,2.1756988247504825E-5,2.8363541252812188E-5,7.880286801453033E-4],[0.0011747038913274197,0.020606907970016408,0.0011374939418858565,0.0011655600749693373,0.0012520740548491646,6.069881618127224E-4,0.0010171154738851937,0.0013443201400757583,0.001231532013978359,0.0014713907101035501,0.0013591565354905614,7.528655946959212E-4,0.0013534115741382995,0.008174650452784206,0.00262940356083193,2.243246774766998E-4,0.00118661535632375,0.0013241317082644235,7.914119220534241E-4,0.001448203994694224,0.0279446837370982,0.004047202878780638,9.293377333941702E-4,0.0012827934345760823,5.136433722038243E-4,0.0036368928894360544,5.74291120628039E-4,0.008451594489919698,7.724026289823476E-4,8.420653609386525E-4,0.001573648815125057,7.873266298264318E-4,0.0012419923288783026,1.0,0.0010951789578999983,0.0014516717035481963,5.888010942740835E-4,0.04665236196727396,6.597352195409803E-4,0.001422507511647562,5.536372417749264E-4,8.604339887767917E-4,0.0011933467388623553],[1.6280552303021476E-4,0.007062018018856276,2.535385590704347E-5,2.3280996332910588E-4,4.3315134023027543E-4,1.8745529923206323E-4,9.951431658797277E-5,9.68468496293742E-4,4.820374640763047E-5,0.0012203122536175687,1.8600090691657582E-4,5.260312894929264E-4,1.2777808068787754E-4,0.010400265019978401,0.01465048009027028,3.696792160321492E-5,3.600407693175994E-5,3.7872554287027334E-5,2.7343337595963492E-5,9.426595373141474E-4,0.024654660569350523,0.008189052031138929,5.0618712576540494E-5,2.8190064239035833E-5,3.892155998978362E-5,0.004854845372154877,8.10026606920021E-5,0.005516612408938467,1.6332398424660186E-4,3.928432644078704E-5,1.6658675131863126E-4,1.4729021095691536E-4,1.8752145964893404E-5,0.0010951789578999983,1.0,0.001985007947404805,1.764619846379605E-4,0.03728552408107053,7.315781932597579E-5,3.472886473052026E-4,2.5494866962262096E-5,2.929444986899997E-5,4.1517706441763873E-4],[2.193976096257696E-4,0.02091576802543299,2.559365121390989E-4,0.0018644736342470956,0.0013527989220674815,0.0015531471671323385,0.0018123493886890495,0.0021671281464620386,0.0021579862129854285,0.0019527860967871388,0.0018524816171351871,7.694773732162495E-4,0.0016156268255903394,0.012043318615464496,0.01126878071711735,0.0025263477619561704,0.001624130287810801,0.0016886206735314475,0.0025922432598942296,0.0018259616401564908,0.006562620140193967,0.005474783481522493,0.0014426617510343953,5.075242422459859E-4,9.064135789149289E-4,0.004242383180944466,0.0015570189445374108,0.01092636565228438,0.0021844385981405335,0.0010799972788933267,0.001980845732915828,0.0024934697188849788,8.689749030280212E-5,0.0014516717035481963,0.001985007947404805,1.0,3.090091818936775E-4,0.03869461194460266,0.0015765521865306164,0.0017458118608927363,3.6733964170871216E-4,0.0010171655771376146,0.002245348339833654],[1.7036950607856682E-4,0.016047244626706196,5.8586533079576566E-5,8.12525701111892E-4,7.635257471088944E-4,2.1186290610481325E-4,2.1120330991818915E-4,8.052949509749462E-4,8.843239317529888E-4,5.923799353332864E-4,9.916629069060367E-4,6.30336682782512E-4,0.0012864986304371437,5.062902018784407E-4,0.013568149235562129,8.241173131066785E-5,6.005483941702711E-4,4.028927190976149E-5,7.795302911997824E-5,8.937884716273365E-4,0.024204518265630266,0.006873838796576308,1.7167871909611884E-4,2.249144482251297E-4,1.784122074682325E-4,0.005465506744079217,1.5590576470014475E-4,0.010928482935575884,1.860425346929108E-4,1.7685576083589563E-4,5.858893675396598E-4,2.33558363342229E-4,6.440327781299526E-5,5.888010942740835E-4,1.764619846379605E-4,3.090091818936775E-4,1.0,0.00515700074054754,2.3183250733505815E-4,0.0012260836228729414,1.7870160363341977E-4,1.7062184456368077E-4,7.622436839787336E-4],[0.04786832972009824,0.05222526992547896,0.017406707362896925,0.006185972046363964,0.048606751226553335,6.118490047932789E-4,0.037024327508498094,0.022548285115919844,0.023643629099571,0.04849267665792401,0.003951072497054592,0.003913061507614413,0.0242971170850121,0.05216220422171081,0.03199608745929984,0.03394985605803398,0.05519252030563263,0.03604169450985054,0.02467329866750783,0.004396095123273426,0.054884996884293866,0.012169346784014072,0.006007267740580544,0.004553352123489175,7.224714645429873E-4,0.033417054975682495,0.011882821692242893,0.04191655455634692,0.03648330441051037,0.054029650600395836,0.01588564478739455,0.003045440042566466,0.04538159735514931,0.04665236196727396,0.03728552408107053,0.03869461194460266,0.00515700074054754,1.0,0.005239353349426629,0.026560772099667458,0.002429617676556011,0.017656911845668047,0.0012717690582257502],[6.053322624750531E-4,0.014338015163253653,5.660391249281467E-4,9.339919002924301E-4,6.704222805607406E-4,3.947975926742106E-4,4.0306276886520293E-4,0.0010865417557465353,8.491445057113207E-4,0.0013335567140171753,9.126261823473521E-4,6.324677372787832E-4,0.001199355397006762,0.012741514147999067,0.01208449754437122,1.4817106206365023E-4,7.122196691526572E-4,3.060602343282789E-4,1.6488843531203964E-4,6.35349534868567E-4,0.004448154073554522,0.0032556063863283056,3.122470565758157E-4,5.821363084074587E-4,1.241262504930062E-4,0.0036502481893168058,5.08529808663632E-4,0.007494353692575571,4.4512015330715204E-4,5.735093929075105E-4,0.001271680136985564,2.5921548914010004E-4,2.463344944976207E-4,6.597352195409803E-4,7.315781932597579E-5,0.0015765521865306164,2.3183250733505815E-4,0.005239353349426629,1.0,6.451505152063598E-4,5.303576977649674E-4,1.9549865781176746E-4,8.523101595958352E-4],[2.934882611570956E-4,0.00332137184402725,0.0010077154754400668,0.0014118021811073051,0.0012624365100242232,4.867737660960638E-4,3.979692779948703E-4,0.0016045359489283994,0.0012502731231622852,0.0014983223944417842,0.001441226486929992,7.939548603002714E-4,0.0014343687724800026,0.010215273883169272,0.010522068713684404,4.905018473319304E-4,0.0013490327107383996,6.699464052785106E-5,0.001390295563470904,0.0014539718219833027,0.005725632668342279,0.0092561058968492,0.0010222464334171228,9.041762808036554E-4,6.75745719236943E-4,0.00503930554192443,0.0011737492000470475,0.003827753109982846,2.10471006522207E-4,5.118536551370038E-4,0.0015213126991128487,0.001290986835276393,0.0012731226336918505,0.001422507511647562,3.472886473052026E-4,0.0017458118608927363,0.0012260836228729414,0.026560772099667458,6.451505152063598E-4,1.0,9.620276965078916E-4,7.781816056702954E-5,0.0011751635336423824],[1.413031630741298E-4,0.012358626562420311,2.3001630865384715E-5,1.5409047899518196E-4,4.235996406277311E-4,5.0400236108563316E-5,1.5237086395436124E-4,9.82562164972031E-4,2.5572189250884356E-4,6.141318358005121E-4,6.335391407334481E-4,6.506507757047777E-4,0.0011149269270869229,0.012306178920062794,0.001401087484708659,3.071228400676967E-5,8.457255277133284E-4,2.4350074797710098E-5,1.8986992099312537E-5,8.345362349143359E-4,0.0017670943614685065,0.006269980664489212,1.666809502571903E-4,1.7594167087041254E-4,5.765636534046164E-5,0.0030248383751714414,6.209981004627778E-5,0.00383231104927449,1.9253890518992672E-4,9.637571825775976E-5,0.001674364668194632,8.385821714725391E-5,2.1756988247504825E-5,5.536372417749264E-4,2.5494866962262096E-5,3.6733964170871216E-4,1.7870160363341977E-4,0.002429617676556011,5.303576977649674E-4,9.620276965078916E-4,1.0,2.629383953299038E-5,4.8035259487836685E-5],[1.2487177288438825E-4,0.011723204899153164,2.790389678115498E-5,7.970420750505824E-5,5.342180229088618E-4,5.746596783752671E-5,1.1887933489685402E-4,0.0017111347508813085,1.0101508394509711E-4,0.0014911805436803884,3.480111203506417E-4,5.185817307403152E-4,0.0010686695641093818,0.01133206844652877,0.015898109213636193,3.033721644813766E-5,3.468930003983164E-4,3.725505780876008E-5,1.86918021170225E-5,2.49697086586155E-4,0.015639006390304036,0.0053630031896646545,6.828356608375784E-5,3.2119111843514724E-5,9.46952646205078E-5,0.004405956990597802,6.777021508298724E-5,0.00903063767750534,1.4364816563910857E-4,1.1673066123244621E-4,3.080262136344611E-4,2.383513151159163E-4,2.8363541252812188E-5,8.604339887767917E-4,2.929444986899997E-5,0.0010171655771376146,1.7062184456368077E-4,0.017656911845668047,1.9549865781176746E-4,7.781816056702954E-5,2.629383953299038E-5,1.0,6.653693102614359E-4],[9.584190707942897E-4,0.01819120887863576,5.699817939032206E-4,0.0010383541480271077,0.0011424188330418292,3.373610442950728E-4,6.302576207457059E-4,0.0013199687081668567,0.0011447074845421761,0.0014666988453933525,0.0011686503731614295,9.942752574319065E-4,0.0011647169819640141,0.008437187776549279,0.009642932131175144,0.0010656752589917537,0.0011273262875727793,1.4168414598559278E-4,2.972246800077149E-4,0.0014042494860063103,0.02170616497873179,0.007694658761020998,5.893064897462354E-4,2.695464483737009E-4,0.0010043902451715547,0.004227479619786004,2.933422878377604E-4,0.014200990538415083,7.402284778367115E-4,6.262439847918198E-4,0.0011250682381547478,8.592886219243395E-4,7.880286801453033E-4,0.0011933467388623553,4.1517706441763873E-4,0.002245348339833654,7.622436839787336E-4,0.0012717690582257502,8.523101595958352E-4,0.0011751635336423824,4.8035259487836685E-5,6.653693102614359E-4,1.0]]