[[1.0,5.903558079711992E-4,0.0010735937703635124,0.0019161092852844116,0.0011601748623989172,0.001078452770074217,0.001869781926838766,1.7455656032342308E-4,0.03938562315987133,3.617605638479552E-4,0.0010712240708285483,1.5599798193680376E-4,0.0011781659976409136,0.0011648785504866158,0.0014825568803031376,9.541608621061787E-4,0.0011202351200802585,0.0011245477353939903,0.005879755328102178,0.003171073062580427,6.700009386552391E-4,6.413586557330578E-4,0.0010343181262708204,3.68171014825581E-4,7.848336427062913E-4,0.0011509932668370298,5.0550375348411446E-5,0.001126560469573347,0.001136262925607476,0.0093893336133851,5.787936285673226E-4,0.0019469052630489742,0.0011081836028466513,0.004496037377408197,0.003973229683727422,8.149879887952118E-4,0.001091849204669023,9.000340275310992E-4,9.34616099824417E-4,0.0010295451138176287,0.0025839815436862652,9.66658914637381E-4,0.008149245450609745,8.897423948052149E-4,0.0026184044081385546,0.001272801631903683,3.190837204126275E-4,0.0011174307741239021],[5.903558079711992E-4,1.0,2.4869086381533557E-5,0.0025986376124720145,1.1105733233177936E-4,3.843042172903835E-5,0.0010989750053780828,1.2564956890622495E-4,0.02245689416239628,1.1758813535614975E-4,1.4394875537737867E-4,1.282879473745344E-4,9.49507651523796E-4,8.245701700023833E-5,0.002015231671910282,1.202002032458163E-4,7.714119941235108E-4,1.920114360999576E-4,0.017150627937505006,0.0013124449788035574,4.44739993447613E-4,1.4325925452399058E-4,1.1923296760454422E-4,2.0631191333309886E-5,1.7861155795550018E-4,7.231188683594309E-4,1.0178256190164262E-4,1.3763671085657774E-4,3.18126627097125E-4,0.017550862964749572,9.05702149259509E-5,0.0019809385320032754,2.545756589810474E-4,0.0010915913624097652,0.013228929490162002,1.817266373704837E-4,3.534843025971005E-5,1.2124177084998051E-4,8.756105822399709E-5,1.2668177182897485E-4,0.0023739664961711293,2.413824641440591E-4,0.013329040787351967,1.1322197529836311E-4,0.0021112904194527083,1.530053388718362E-4,1.758302525841066E-4,4.688146903812035E-4],[0.0010735937703635124,2.4869086381533557E-5,1.0,0.003326086583988615,4.9175807922791185E-5,1.2922886868836163E-5,0.0012468552015025612,4.508718227924944E-5,0.006896622918800883,9.013674733503085E-5,1.2926731920769383E-4,8.374487718300488E-5,7.464349347878837E-4,1.6278732820789452E-5,1.7236170078934875E-4,9.59077201322572E-5,3.995121740367371E-4,8.044712545946767E-4,0.01637934922532465,0.0025493787611605813,4.060548409878265E-4,1.0056739668810634E-4,2.0340870386402027E-4,1.7202454580211685E-5,3.6677191848839496E-5,4.457679309413894E-4,1.4974113168248314E-5,1.0033111187931363E-4,1.3795538729209064E-4,0.013344456201506563,4.805745137741417E-5,1.3202019480580744E-4,1.7706995993030443E-4,0.0018951845888910898,0.012859883415814155,3.880513658536875E-5,1.58968245966159E-5,8.169616697981852E-5,1.6416381752572726E-5,2.5608985467585122E-5,0.003298816113869401,1.6198924038470614E-4,0.012904488991255689,1.0085669675183914E-4,0.0012542770509303552,1.879579955805112E-4,9.076691251775529E-5,3.1014869848660655E-4],[0.0019161092852844116,0.0025986376124720145,0.003326086583988615,1.0,7.539240015403489E-4,9.237521075135079E-4,0.0024865988243734016,6.708992021165675E-4,0.024667598455645836,5.957058510097026E-4,5.256604221337473E-4,0.0028087634012222426,0.0021092514403459805,8.435697033794283E-4,0.003841626397354309,0.002641646601193872,0.0011949204284095486,0.003257317851818678,0.0077838463093017965,0.004258166407696387,0.0021580321068202226,0.001611814714309179,9.563386540787104E-4,0.001079601410422029,0.002145166580917345,0.0026610724300291247,0.0023859553813648654,4.007035019692336E-4,0.0031807849041000274,0.02368324153476253,9.205960610676553E-4,0.0032845999481061626,0.0022716689138502187,0.004265193577958742,0.00965257229071529,0.0027029949089999194,0.002690949446785606,0.0030791189348973605,0.0013303626497035072,8.393634104121252E-4,0.003554070210685984,0.002360183644762359,0.004850958503204826,0.0027035307797048398,0.003364164699584515,0.00154830447170279,0.0021131638100986834,0.0029828206249909424],[0.0011601748623989172,1.1105733233177936E-4,4.9175807922791185E-5,7.539240015403489E-4,1.0,3.97084049162902E-5,0.0010155554603119446,1.3144736268436385E-4,0.029436164145875462,1.0851523225425883E-4,1.2358440565978922E-4,1.4674044371295561E-4,9.84356219390436E-4,6.36571551820289E-5,0.0014403743570827274,1.1483645532440245E-4,3.077905031828264E-4,3.366787769893819E-4,0.013001149842097999,0.004376600535997081,3.3401772982878864E-4,1.2859061134837228E-4,1.166057388335425E-4,5.958136176894935E-5,2.900867918823542E-4,2.3455652282823006E-4,5.795325450625624E-5,1.0856454395736132E-4,2.009196770264795E-4,0.02006065817658762,8.532924008737184E-5,4.6552711033794514E-4,3.295881335743693E-4,4.133098298917754E-4,0.0030395966915657503,2.172824811316758E-4,8.371219638896454E-5,1.182062460264168E-4,5.032165713743378E-5,1.1581052573661843E-4,0.0024152834178385076,1.2740092966766165E-4,0.014013145706589408,1.08567267507608E-4,0.003104163926445152,9.296160929869774E-4,1.0983147448463622E-4,1.9715712505504856E-4],[0.001078452770074217,3.843042172903835E-5,1.2922886868836163E-5,9.237521075135079E-4,3.97084049162902E-5,1.0,0.0010678281595610962,4.4303873886321094E-5,0.021964785109681598,1.7841772369653878E-5,5.6021446813475485E-5,1.5332047260022206E-4,0.0011410425111918372,1.1513392693774E-5,0.0037916964337976807,1.1614066344965843E-4,6.211276775549989E-4,7.73436441333113E-4,0.008299207115220785,0.003685896430536616,1.7164862755156867E-5,1.3513282907149255E-4,1.6111490867472446E-4,1.269513727506111E-5,3.080583560718209E-5,2.262303732355465E-4,1.2483199345691242E-5,2.0414898309835607E-5,0.0010373500944963329,0.008439331863574569,2.1774048677091666E-5,7.511361062811227E-4,1.400843833966107E-4,0.00543772152628267,0.013741460027940779,2.0375880952067191E-4,1.1720752822634697E-5,1.1800179280385062E-4,1.5339861455881147E-5,6.949520318364223E-5,0.0027186790086091077,1.0145932459793168E-4,0.006936066287982331,7.722187689396305E-5,5.154938478243313E-4,1.2519217271332928E-4,1.8914637847355644E-5,5.444564759566852E-4],[0.001869781926838766,0.0010989750053780828,0.0012468552015025612,0.0024865988243734016,0.0010155554603119446,0.0010678281595610962,1.0,9.066024320360948E-4,0.03737635559092588,0.002253917785727722,0.002029237474358288,0.001685717538571635,0.0014535086085110237,5.630991039676971E-4,0.0029844278227511693,0.0018758783905526897,0.0020640123893429724,0.0011143036442897492,0.013000108809048085,0.004299217773680911,0.0019633443596629692,3.2408306025934923E-4,3.9658676494140984E-4,9.242791101007428E-4,9.90636136774926E-4,0.0016361687283843634,0.0013415116886295651,0.0014025257428601663,0.002039843950101382,0.008922930871989245,9.9699071067804E-4,0.002318503850659586,0.0010843429289499036,0.0034324518576510487,0.014010207686277828,0.0021159328488694154,6.792534749200856E-4,4.4854018395239887E-4,0.0017111936864504101,4.3698209771260443E-4,0.0032877134759174784,0.0013717514860049223,0.0040514412224500985,4.978017247291067E-4,0.002546739067681371,0.0018215513149198697,0.0014177845416553949,0.0013921482598020145],[1.7455656032342308E-4,1.2564956890622495E-4,4.508718227924944E-5,6.708992021165675E-4,1.3144736268436385E-4,4.4303873886321094E-5,9.066024320360948E-4,1.0,0.01798894859195725,1.355517040082564E-4,1.4451970123214157E-4,1.4126863314538126E-4,6.001698458682538E-4,2.194257202575777E-5,0.003391539422599071,1.3171513445496007E-4,5.314672534756239E-4,8.588293896580227E-4,0.016939818920287605,0.0017907381818203277,1.3709824395071206E-4,1.4678054949922897E-4,3.47038059343127E-4,2.3702929333805624E-5,1.7069449602802604E-4,6.786782748625995E-4,2.3103542085530105E-5,1.3994913649346312E-4,2.5111338412883E-4,0.014913293480193275,9.9113313465883E-5,0.0013376272885977797,2.6587308382957026E-4,0.0022719880493105144,0.01025671868547711,2.1422006200741206E-4,1.1012447104944079E-4,1.3500986675577027E-4,8.599865072465062E-5,1.352007798707013E-4,0.003520587910852686,1.4647312523562156E-4,0.0038380822991914334,1.3142760583380919E-4,0.002399762715811145,0.001119326312975014,1.387681095187271E-4,2.667639934355933E-4],[0.03938562315987133,0.02245689416239628,0.006896622918800883,0.024667598455645836,0.029436164145875462,0.021964785109681598,0.03737635559092588,0.01798894859195725,1.0,0.0385992688718852,0.014411663050712321,0.0031923122444610444,0.019088756334552055,0.020775185191208034,0.006125771905548626,0.012012986312437404,0.041547820558543704,0.02907161837607788,0.03211790318820372,0.03670139308306071,0.004087241709222873,0.012475918674863532,0.008957291297794654,0.01849947807004243,0.028718296219984722,0.00693061270614436,0.02192133311611506,0.028770214535137055,0.02607306526189467,0.03978886021048186,7.49245331192794E-4,0.03379630051426012,0.005034571283130808,0.03247679752171226,0.025259791635129883,0.04091627320354186,0.019142738349322237,0.005799651501220514,0.023356609082580967,0.03315177063419417,0.024330847097226417,0.039412798364231186,0.02642560960283184,0.012844741455136567,0.007576153827777179,0.02655787323092544,0.028566230473004117,0.016567458004134387],[3.617605638479552E-4,1.1758813535614975E-4,9.013674733503085E-5,5.957058510097026E-4,1.0851523225425883E-4,1.7841772369653878E-5,0.002253917785727722,1.355517040082564E-4,0.0385992688718852,1.0,1.4233256543074693E-4,1.4777993095662387E-4,2.50009708943298E-4,2.309876923224161E-5,0.001298156514416901,1.230597330396191E-4,7.86541549108958E-4,9.019464588790021E-4,0.01572096963449543,0.00183420947341857,4.867657160123383E-4,1.3212211696299173E-4,3.642673120614629E-4,2.7021995954119866E-5,2.0855115153976995E-4,0.0010115516203169112,8.825415407197625E-5,1.5222072595855198E-4,3.3939191020448153E-4,0.017490154085169317,1.1134037737984466E-4,0.0021224257278807416,2.5783383676950824E-4,0.002740653497623012,0.014517688019398425,1.886588316854601E-4,4.592796656937911E-5,1.22568222824661E-4,6.611759765758139E-5,1.2829935710958736E-4,0.0014839459983428927,1.4396112591475018E-4,0.014575402769199724,1.113342180359282E-4,0.0018127641202919196,0.001054084621923223,1.7549576390809513E-4,2.2526633338350064E-4],[0.0010712240708285483,1.4394875537737867E-4,1.2926731920769383E-4,5.256604221337473E-4,1.2358440565978922E-4,5.6021446813475485E-5,0.002029237474358288,1.4451970123214157E-4,0.014411663050712321,1.4233256543074693E-4,1.0,1.5323218488067408E-4,0.0010127994035005155,3.27846536133487E-5,0.0021536334112778528,1.380629837660259E-4,6.778707954134392E-4,6.918491077811282E-4,0.0015783563076124055,6.784954607699351E-4,4.024458269615218E-4,1.5128585747571185E-4,2.018035903058172E-4,1.0647872675706662E-4,1.8428827180651304E-4,2.793003090074353E-4,5.0894061602994025E-5,1.5159300575594165E-4,4.887434505611417E-4,0.01567980040828407,1.458052524663453E-4,0.0017800141350893897,3.243224896598146E-4,0.001479437543168385,0.016979137501828306,2.6141435852966897E-4,3.8344503456890703E-5,1.448291832082557E-4,8.139012456547187E-5,1.439349346618139E-4,0.003327454687646845,2.1137241699115616E-4,0.012444337196058803,1.2490757363160926E-4,0.0021826288960745018,7.510782421088169E-4,2.1191341123260698E-4,8.239739936602136E-4],[1.5599798193680376E-4,1.282879473745344E-4,8.374487718300488E-5,0.0028087634012222426,1.4674044371295561E-4,1.5332047260022206E-4,0.001685717538571635,1.4126863314538126E-4,0.0031923122444610444,1.4777993095662387E-4,1.5323218488067408E-4,1.0,3.1480664349111374E-4,1.4841120900413186E-4,0.002662803802097744,1.3649392166306575E-4,1.6494905915902873E-4,7.59982684861554E-4,0.012218656177881097,0.003149461531435293,1.65576830358649E-4,1.5378530758687996E-4,3.562722671575753E-4,1.2514049577935776E-4,2.3341151177244549E-4,5.501367962835481E-4,9.230358453457533E-5,1.5424819210692602E-4,9.606157150921571E-4,0.012628760604262528,1.0051978518239898E-4,0.001434832263811792,2.8541464333235066E-4,0.0051075355471551275,0.009343059070502606,2.1482976826987728E-4,4.991096522107836E-5,1.5205330123491592E-4,8.65013873900296E-5,1.3732066006231147E-4,0.001476289718440547,1.682486399877306E-4,0.0035208021586825133,1.1751194233610049E-4,0.0025401276443835397,7.667371685001903E-4,2.0990567469564026E-4,9.170336231199574E-4],[0.0011781659976409136,9.49507651523796E-4,7.464349347878837E-4,0.0021092514403459805,9.84356219390436E-4,0.0011410425111918372,0.0014535086085110237,6.001698458682538E-4,0.019088756334552055,2.50009708943298E-4,0.0010127994035005155,3.1480664349111374E-4,1.0,5.195527626891411E-4,0.0026868707876969563,0.0011485731602423155,0.00110306827899526,0.0011254325673104373,0.015589931251436833,0.00431676102252468,6.499695813398551E-4,0.0010157177833687609,9.207524040880001E-4,3.711295018938823E-4,0.0010881658220386577,0.0011509505531032765,2.762192736559188E-4,0.0011346380586986853,0.0011349318512461099,0.015048590693488269,6.029422250604128E-4,0.0018350228829702845,4.940616207309268E-4,0.0044262693145178745,0.015872759896871043,8.393541443811598E-4,0.0010614029078461248,8.915806170889179E-4,0.001177978437087803,4.0368620243559167E-4,0.0029062958729470954,3.285019787057262E-4,0.009856029185625486,7.682509960747153E-4,0.002415267387772405,0.0013190189057547639,3.567405952988062E-4,0.0011782949765649026],[0.0011648785504866158,8.245701700023833E-5,1.6278732820789452E-5,8.435697033794283E-4,6.36571551820289E-5,1.1513392693774E-5,5.630991039676971E-4,2.194257202575777E-5,0.020775185191208034,2.309876923224161E-5,3.27846536133487E-5,1.4841120900413186E-4,5.195527626891411E-4,1.0,0.003169068149209229,1.226311193273609E-4,8.303102143132504E-4,1.298741875545426E-4,0.011844537910700734,0.002050633259796485,4.298570806491565E-4,8.501420703085543E-5,2.4061538220612025E-4,1.7520858218019523E-5,1.1774282499057455E-4,7.492133549270241E-4,1.3529577580115048E-5,5.8691535498872646E-5,3.0994312027630196E-4,0.005942867736515281,5.159036708958787E-5,8.404267025517791E-4,2.5547815682510884E-4,0.0024835197228041724,0.015412000850523494,2.3036978010367007E-4,1.5193367964498627E-5,7.322767817387782E-5,1.6854664664411547E-5,9.570522035395795E-5,0.0015298010594303575,1.8934309496337307E-4,0.007433736193049915,9.231553325863826E-5,0.0032990578960635057,4.2975892728725775E-4,2.0550744665758715E-4,3.7316953212190016E-4],[0.0014825568803031376,0.002015231671910282,1.7236170078934875E-4,0.003841626397354309,0.0014403743570827274,0.0037916964337976807,0.0029844278227511693,0.003391539422599071,0.006125771905548626,0.001298156514416901,0.0021536334112778528,0.002662803802097744,0.0026868707876969563,0.003169068149209229,1.0,0.0035593250102004116,0.002004219916199657,0.0013579286907225352,0.008776447979899312,0.003972241252424443,0.0026259580541583153,0.0035564527442428166,0.0036811911239996225,0.002476135817123701,0.002025532274902866,0.003332057232401509,0.0032857924141077898,0.0034789017584465854,0.002761643764095487,0.01761998749004204,0.0033976210909164623,0.0037840654175162365,0.0014112416477226762,0.0053804847448878645,0.011643554966108506,0.0012025470398895066,9.250919971094982E-4,5.93420316730291E-4,0.0012199285150347355,0.002336710869101688,0.003818727228121975,0.0021363828358594945,0.013779258833004258,0.002495874628263502,0.003530118193873798,0.0038526589453380796,2.74309715878048E-4,0.0025725800800439113],[9.541608621061787E-4,1.202002032458163E-4,9.59077201322572E-5,0.002641646601193872,1.1483645532440245E-4,1.1614066344965843E-4,0.0018758783905526897,1.3171513445496007E-4,0.012012986312437404,1.230597330396191E-4,1.380629837660259E-4,1.3649392166306575E-4,0.0011485731602423155,1.226311193273609E-4,0.0035593250102004116,1.0,9.136431350526455E-4,1.423317857742777E-4,0.002697653933258707,0.0020575715740519915,2.2991691963146547E-4,1.3877516063905476E-4,2.2218224687304105E-4,9.293646312774193E-5,2.8595248869499573E-4,4.8540789891067467E-4,5.630369871214062E-5,1.498040534119655E-4,9.740806171665381E-4,0.0023925118789835174,1.2227187167252487E-4,6.837572222363395E-4,1.3905421762835831E-4,0.0022318042035203898,0.0018353818892529092,1.7189245819116888E-4,3.1831057416167124E-5,1.3201833402774684E-4,5.287494132612906E-5,1.3119219568242645E-4,0.0010383409060591587,1.4558073881380294E-4,0.009576130500206486,1.2306118160080893E-4,4.835676287353572E-4,4.8154306040509707E-4,2.1119647843061197E-4,7.261682853133167E-4],[0.0011202351200802585,7.714119941235108E-4,3.995121740367371E-4,0.0011949204284095486,3.077905031828264E-4,6.211276775549989E-4,0.0020640123893429724,5.314672534756239E-4,0.041547820558543704,7.86541549108958E-4,6.778707954134392E-4,1.6494905915902873E-4,0.00110306827899526,8.303102143132504E-4,0.002004219916199657,9.136431350526455E-4,1.0,0.0010414471831376546,0.004786517423720363,0.002886129716250938,5.241822216316338E-4,5.519613416312032E-4,6.929317644187142E-4,1.7288447176939224E-4,0.0010211785990979043,0.001115081020115564,6.961464965236126E-4,8.852787531603188E-4,0.00107032035986008,0.02230099291876475,7.611023772514809E-4,0.0017217558956881495,4.3861050107946143E-4,0.005948028057771196,0.005946154212252867,6.944184103911094E-4,6.149747744209888E-4,5.656654398842862E-4,7.582304654647734E-4,8.128649715913002E-4,0.0013427516515468931,9.873901380733907E-4,0.015255087595114642,1.556224449212884E-4,0.0010599237430117296,0.0011994516430253396,8.361837978208345E-4,0.001063489469309791],[0.0011245477353939903,1.920114360999576E-4,8.044712545946767E-4,0.003257317851818678,3.366787769893819E-4,7.73436441333113E-4,0.0011143036442897492,8.588293896580227E-4,0.02907161837607788,9.019464588790021E-4,6.918491077811282E-4,7.59982684861554E-4,0.0011254325673104373,1.298741875545426E-4,0.0013579286907225352,1.423317857742777E-4,0.0010414471831376546,1.0,0.013269565744255009,0.004262410347399707,9.147110812423901E-4,9.80673699933937E-4,5.758201046562927E-4,1.859074817147408E-5,5.987636430690355E-4,0.0010214456836355379,3.3237287829582127E-4,2.617704664000796E-4,0.001072725813111213,0.019469999387113357,6.618855787358527E-4,0.002110992957026844,9.309541828381542E-4,0.003829722234441977,0.016836410813959292,5.917782421294262E-4,6.803874377919637E-4,1.3876007455365674E-4,2.8107074857192284E-4,6.945774850545905E-4,0.0014419301357867843,8.586449147585796E-4,0.00264833297219446,8.306470593173823E-4,0.0025561743351038284,0.0012854886369073903,5.799511186292567E-4,0.0010007056113824466],[0.005879755328102178,0.017150627937505006,0.01637934922532465,0.0077838463093017965,0.013001149842097999,0.008299207115220785,0.013000108809048085,0.016939818920287605,0.03211790318820372,0.01572096963449543,0.0015783563076124055,0.012218656177881097,0.015589931251436833,0.011844537910700734,0.008776447979899312,0.002697653933258707,0.004786517423720363,0.013269565744255009,1.0,0.010902450525102086,0.009243990498924826,5.866113604162713E-4,0.00970669168764534,0.0029158346647060783,0.005856604735869112,0.006461275996887262,0.009084226045380924,0.007251174075523179,0.01051299099425444,0.022704619092078167,0.0040340562687196145,0.0034492868714141546,0.015297803117714063,0.010064668896761192,0.018122702471095608,0.007742157257856644,0.009022532403969174,0.003199696293543825,0.0011891450192794606,0.010930354642583729,0.015884335667411584,0.013141828865582027,0.018062631292557356,0.0038458205602928367,0.016472361916356055,0.002259275312404314,0.008149704715111984,0.01458582091432568],[0.003171073062580427,0.0013124449788035574,0.0025493787611605813,0.004258166407696387,0.004376600535997081,0.003685896430536616,0.004299217773680911,0.0017907381818203277,0.03670139308306071,0.00183420947341857,6.784954607699351E-4,0.003149461531435293,0.00431676102252468,0.002050633259796485,0.003972241252424443,0.0020575715740519915,0.002886129716250938,0.004262410347399707,0.010902450525102086,1.0,0.002113163178656224,0.0013769581784041994,0.0029990002350364572,0.00235944224988946,0.004494247025507091,0.00431669034963104,0.002384879094254466,0.0031964857384442135,0.003175179844929021,0.007336067270305721,6.541767918920834E-4,0.003403984193230106,0.001506520270803993,0.004887368344717011,0.01676665172444923,0.00273393672936634,0.0036392051096996183,9.235634839770185E-4,0.0022168725904672874,0.0012243915308535903,0.004044559828065928,0.0038590683619751875,0.010848250380096375,0.0014344975549158286,0.003472957198946769,0.0036105109573624783,0.0016697175247372379,0.0014206562560043043],[6.700009386552391E-4,4.44739993447613E-4,4.060548409878265E-4,0.0021580321068202226,3.3401772982878864E-4,1.7164862755156867E-5,0.0019633443596629692,1.3709824395071206E-4,0.004087241709222873,4.867657160123383E-4,4.024458269615218E-4,1.65576830358649E-4,6.499695813398551E-4,4.298570806491565E-4,0.0026259580541583153,2.2991691963146547E-4,5.241822216316338E-4,9.147110812423901E-4,0.009243990498924826,0.002113163178656224,1.0,2.223894428259143E-4,4.129144676000338E-4,4.182357415379809E-4,3.8675082801718335E-4,5.157888178587872E-4,1.786498100790999E-4,4.799061184483918E-4,5.572090216898492E-4,0.009071066895535827,1.5519636210569848E-4,0.0019435282279928702,4.1605603936893025E-4,0.005790408333493636,0.0062875957118896,2.8191510107327945E-4,1.0123995689077385E-4,3.2778062225091785E-4,2.4284358651796326E-4,3.3173930116586574E-4,0.0011060134061883333,3.4801619251225395E-4,0.0027186758582098177,4.688056174111206E-4,0.003186653781333419,0.0011024966764323495,2.705429058229877E-4,9.725569407485385E-4],[6.413586557330578E-4,1.4325925452399058E-4,1.0056739668810634E-4,0.001611814714309179,1.2859061134837228E-4,1.3513282907149255E-4,3.2408306025934923E-4,1.4678054949922897E-4,0.012475918674863532,1.3212211696299173E-4,1.5128585747571185E-4,1.5378530758687996E-4,0.0010157177833687609,8.501420703085543E-5,0.0035564527442428166,1.3877516063905476E-4,5.519613416312032E-4,9.80673699933937E-4,5.866113604162713E-4,0.0013769581784041994,2.223894428259143E-4,1.0,3.118807296001912E-4,4.1827059595731146E-5,2.9214307724107435E-4,3.40344551422917E-4,1.3566801895774046E-4,1.5266020674115956E-4,5.858186383306917E-4,0.0035501580165936664,1.331025599581441E-4,0.0011973766575367711,2.775123000453757E-4,0.005036908676627113,9.255929851728664E-4,2.1254912136434606E-4,8.900962013715674E-5,1.3570398397894207E-4,3.2250708518485646E-5,1.427976679848315E-4,0.0021491151026976052,2.2105962595315667E-4,0.016485584967777304,1.1671982327562021E-4,0.0025830858445400466,2.99746802372834E-4,1.818307728636375E-4,7.47343110117983E-4],[0.0010343181262708204,1.1923296760454422E-4,2.0340870386402027E-4,9.563386540787104E-4,1.166057388335425E-4,1.6111490867472446E-4,3.9658676494140984E-4,3.47038059343127E-4,0.008957291297794654,3.642673120614629E-4,2.018035903058172E-4,3.562722671575753E-4,9.207524040880001E-4,2.4061538220612025E-4,0.0036811911239996225,2.2218224687304105E-4,6.929317644187142E-4,5.758201046562927E-4,0.00970669168764534,0.0029990002350364572,4.129144676000338E-4,3.118807296001912E-4,1.0,1.7845510879704144E-4,3.5133703201333243E-4,4.078347723500662E-4,2.141200286943187E-4,1.8313980282894937E-4,5.683910421234272E-4,0.007871515061890925,1.28911499798583E-4,0.0019495125572743756,3.668622214054701E-4,0.0035941183885154376,0.005519493985794279,3.3434520782213737E-4,2.4964908348570677E-5,2.4140665135002142E-4,3.0735228599500166E-4,2.241844836277263E-4,3.900604647939549E-4,2.575609668893651E-4,0.010195313378574926,1.4512796742786795E-4,0.002051083159700957,5.315780087576697E-4,2.7591704387871927E-4,6.711824400722334E-4],[3.68171014825581E-4,2.0631191333309886E-5,1.7202454580211685E-5,0.001079601410422029,5.958136176894935E-5,1.269513727506111E-5,9.242791101007428E-4,2.3702929333805624E-5,0.01849947807004243,2.7021995954119866E-5,1.0647872675706662E-4,1.2514049577935776E-4,3.711295018938823E-4,1.7520858218019523E-5,0.002476135817123701,9.293646312774193E-5,1.7288447176939224E-4,1.859074817147408E-5,0.0029158346647060783,0.00235944224988946,4.182357415379809E-4,4.1827059595731146E-5,1.7845510879704144E-4,1.0,5.243523972481618E-5,6.986877025228389E-4,1.3078775980825407E-5,1.4439180730914727E-4,3.129703116783838E-4,0.019578841008289584,3.047058672194098E-5,5.086690641317854E-4,2.5622955545432486E-4,0.005722726322565823,0.011590676936233588,2.4398922477717348E-4,1.4408532162628075E-5,1.2848937134124792E-4,1.790651547721335E-5,1.0164934291014706E-4,0.003343945394311815,5.767924391039771E-5,0.012018624463414467,6.0226708844954754E-5,0.002825153356806574,0.0013593815874745699,2.739404846609377E-5,7.143522693543619E-4],[7.848336427062913E-4,1.7861155795550018E-4,3.6677191848839496E-5,0.002145166580917345,2.900867918823542E-4,3.080583560718209E-5,9.90636136774926E-4,1.7069449602802604E-4,0.028718296219984722,2.0855115153976995E-4,1.8428827180651304E-4,2.3341151177244549E-4,0.0010881658220386577,1.1774282499057455E-4,0.002025532274902866,2.8595248869499573E-4,0.0010211785990979043,5.987636430690355E-4,0.005856604735869112,0.004494247025507091,3.8675082801718335E-4,2.9214307724107435E-4,3.5133703201333243E-4,5.243523972481618E-5,1.0,9.98987810125604E-4,5.663448826559768E-5,1.793431619383365E-4,4.999799181013967E-4,0.02374711706033229,2.1391057827862468E-4,7.072318768440726E-4,3.3552588946796465E-4,3.5643338866175536E-4,0.006434960142959172,2.8515624838739833E-4,1.2677499015313845E-4,1.8366745465018085E-4,3.802236882752608E-5,2.519217933722752E-4,3.360546081663401E-4,2.819606282432103E-4,0.010809140064761706,2.4881009944109677E-4,0.0029313244217708373,8.483316180037916E-4,2.3820564714461983E-4,8.271115065501489E-4],[0.0011509932668370298,7.231188683594309E-4,4.457679309413894E-4,0.0026610724300291247,2.3455652282823006E-4,2.262303732355465E-4,0.0016361687283843634,6.786782748625995E-4,0.00693061270614436,0.0010115516203169112,2.793003090074353E-4,5.501367962835481E-4,0.0011509505531032765,7.492133549270241E-4,0.003332057232401509,4.8540789891067467E-4,0.001115081020115564,0.0010214456836355379,0.006461275996887262,0.00431669034963104,5.157888178587872E-4,3.40344551422917E-4,4.078347723500662E-4,6.986877025228389E-4,9.98987810125604E-4,1.0,0.001140459283324929,0.0011171128419424153,0.0011288150328293083,0.010639324672296854,4.015536658572309E-4,0.0018640070527968795,9.515147649345429E-4,0.0035968325686733136,0.005958769779803603,0.0011361330154883605,0.0011317852585121374,4.378376306844342E-4,9.389962907795863E-4,8.269489517008298E-4,0.0012390739499764266,6.570328539675118E-4,0.009747135455313761,0.0010101913115232097,0.001452088394270847,0.0011565563234735565,0.0010081438901705698,0.00111752177766469],[5.0550375348411446E-5,1.0178256190164262E-4,1.4974113168248314E-5,0.0023859553813648654,5.795325450625624E-5,1.2483199345691242E-5,0.0013415116886295651,2.3103542085530105E-5,0.02192133311611506,8.825415407197625E-5,5.0894061602994025E-5,9.230358453457533E-5,2.762192736559188E-4,1.3529577580115048E-5,0.0032857924141077898,5.630369871214062E-5,6.961464965236126E-4,3.3237287829582127E-4,0.009084226045380924,0.002384879094254466,1.786498100790999E-4,1.3566801895774046E-4,2.141200286943187E-4,1.3078775980825407E-5,5.663448826559768E-5,0.001140459283324929,1.0,1.2380935317588145E-4,6.102199260460413E-4,0.023399599730314795,3.743638025707884E-5,3.1370766796613524E-4,1.1650783981621921E-4,0.001808693648624603,0.0025402666164121277,3.384620699054845E-5,1.3705576357168804E-5,8.029423286954976E-5,1.6136641210345826E-5,2.6871719659240743E-5,7.275990723137533E-4,8.298549178398996E-5,0.008393596302547938,1.0259373797362985E-4,0.002009261709590768,3.248574065481738E-5,4.8790814432299554E-5,0.0010709601646843583],[0.001126560469573347,1.3763671085657774E-4,1.0033111187931363E-4,4.007035019692336E-4,1.0856454395736132E-4,2.0414898309835607E-5,0.0014025257428601663,1.3994913649346312E-4,0.028770214535137055,1.5222072595855198E-4,1.5159300575594165E-4,1.5424819210692602E-4,0.0011346380586986853,5.8691535498872646E-5,0.0034789017584465854,1.498040534119655E-4,8.852787531603188E-4,2.617704664000796E-4,0.007251174075523179,0.0031964857384442135,4.799061184483918E-4,1.5266020674115956E-4,1.8313980282894937E-4,1.4439180730914727E-4,1.793431619383365E-4,0.0011171128419424153,1.2380935317588145E-4,1.0,9.086471069208486E-4,0.010345560202375235,9.272265261710849E-5,0.0014423016589571783,2.8583814143571054E-4,0.003772840776961466,0.0016731913475043836,2.3368676367049098E-4,7.775892711934687E-5,1.358093638922879E-4,1.4980954988503284E-4,1.3822547791704726E-4,0.002782384327224536,2.3287268662684033E-4,0.008589643743359063,1.5353131137347154E-4,0.002942677954459061,5.218979828101949E-4,1.9223751201157807E-4,5.03375548788127E-4],[0.001136262925607476,3.18126627097125E-4,1.3795538729209064E-4,0.0031807849041000274,2.009196770264795E-4,0.0010373500944963329,0.002039843950101382,2.5111338412883E-4,0.02607306526189467,3.3939191020448153E-4,4.887434505611417E-4,9.606157150921571E-4,0.0011349318512461099,3.0994312027630196E-4,0.002761643764095487,9.740806171665381E-4,0.00107032035986008,0.001072725813111213,0.01051299099425444,0.003175179844929021,5.572090216898492E-4,5.858186383306917E-4,5.683910421234272E-4,3.129703116783838E-4,4.999799181013967E-4,0.0011288150328293083,6.102199260460413E-4,9.086471069208486E-4,1.0,0.01703069935726787,7.93413068019896E-4,0.002274422007809646,8.319026075360498E-4,0.0019162759836329505,0.0020915211049959536,7.180085178852729E-4,9.597896740683092E-4,1.8543959262907935E-4,7.344686817002599E-4,8.20847026482855E-4,0.0022561482325923095,9.335906911715239E-4,0.005566819578427675,1.897646544421245E-4,0.0021854814797954043,0.001197393316024458,6.447284731302898E-4,0.0011059178751550171],[0.0093893336133851,0.017550862964749572,0.013344456201506563,0.02368324153476253,0.02006065817658762,0.008439331863574569,0.008922930871989245,0.014913293480193275,0.03978886021048186,0.017490154085169317,0.01567980040828407,0.012628760604262528,0.015048590693488269,0.005942867736515281,0.01761998749004204,0.0023925118789835174,0.02230099291876475,0.019469999387113357,0.022704619092078167,0.007336067270305721,0.009071066895535827,0.0035501580165936664,0.007871515061890925,0.019578841008289584,0.02374711706033229,0.010639324672296854,0.023399599730314795,0.010345560202375235,0.01703069935726787,1.0,0.013471078656119165,0.017581316414990604,0.0047825442646679825,0.009789492044161605,0.02230300127919629,0.009022435462977336,0.02103337707654737,0.011727115862758524,0.021745944733681348,0.02007553887044221,0.005553960835603778,0.012735555969199121,0.018151805051684452,0.009389061551214705,0.006758587611789614,0.012781436325955565,0.022166789176654603,0.016169485457613913],[5.787936285673226E-4,9.05702149259509E-5,4.805745137741417E-5,9.205960610676553E-4,8.532924008737184E-5,2.1774048677091666E-5,9.9699071067804E-4,9.9113313465883E-5,7.49245331192794E-4,1.1134037737984466E-4,1.458052524663453E-4,1.0051978518239898E-4,6.029422250604128E-4,5.159036708958787E-5,0.0033976210909164623,1.2227187167252487E-4,7.611023772514809E-4,6.618855787358527E-4,0.0040340562687196145,6.541767918920834E-4,1.5519636210569848E-4,1.331025599581441E-4,1.28911499798583E-4,3.047058672194098E-5,2.1391057827862468E-4,4.015536658572309E-4,3.743638025707884E-5,9.272265261710849E-5,7.93413068019896E-4,0.013471078656119165,1.0,0.0010785896876294842,2.1494435359490505E-4,0.004767590121058036,0.0014506679627577274,2.469941121904646E-4,4.231454531066266E-5,1.1543413814583816E-4,5.5851491806591075E-5,1.1311891806948449E-4,0.002036739169874781,1.3926126044701986E-4,0.006488970265430364,7.679350199587249E-5,0.00266634077169845,0.0011161711231183655,1.0197045285886449E-4,1.081891834275438E-4],[0.0019469052630489742,0.0019809385320032754,1.3202019480580744E-4,0.0032845999481061626,4.6552711033794514E-4,7.511361062811227E-4,0.002318503850659586,0.0013376272885977797,0.03379630051426012,0.0021224257278807416,0.0017800141350893897,0.001434832263811792,0.0018350228829702845,8.404267025517791E-4,0.0037840654175162365,6.837572222363395E-4,0.0017217558956881495,0.002110992957026844,0.0034492868714141546,0.003403984193230106,0.0019435282279928702,0.0011973766575367711,0.0019495125572743756,5.086690641317854E-4,7.072318768440726E-4,0.0018640070527968795,3.1370766796613524E-4,0.0014423016589571783,0.002274422007809646,0.017581316414990604,0.0010785896876294842,1.0,6.081192432503787E-4,0.004931545991477757,0.007243427075921944,0.001930737697886172,0.0018802577746536418,0.0016973438553230399,0.0022549972208092176,0.0011218044536480253,0.002681094490887035,0.001023535146917518,0.008011064015571518,9.263044487513521E-4,0.00286164932607784,0.0014298417007817478,7.575337984896829E-4,0.0019005058453201813],[0.0011081836028466513,2.545756589810474E-4,1.7706995993030443E-4,0.0022716689138502187,3.295881335743693E-4,1.400843833966107E-4,0.0010843429289499036,2.6587308382957026E-4,0.005034571283130808,2.5783383676950824E-4,3.243224896598146E-4,2.8541464333235066E-4,4.940616207309268E-4,2.5547815682510884E-4,0.0014112416477226762,1.3905421762835831E-4,4.3861050107946143E-4,9.309541828381542E-4,0.015297803117714063,0.001506520270803993,4.1605603936893025E-4,2.775123000453757E-4,3.668622214054701E-4,2.5622955545432486E-4,3.3552588946796465E-4,9.515147649345429E-4,1.1650783981621921E-4,2.8583814143571054E-4,8.319026075360498E-4,0.0047825442646679825,2.1494435359490505E-4,6.081192432503787E-4,1.0,7.911577382445022E-4,0.006419639905101746,3.4269496869994496E-4,2.976913992901013E-4,1.690474205162367E-4,3.347314980429803E-4,1.5582446870217873E-4,0.0021671368489787138,2.469996457027218E-4,0.01429677942921754,2.4563182790429466E-4,0.003305689719779117,0.0013008266529135537,2.713047446846882E-4,9.447416992644825E-4],[0.004496037377408197,0.0010915913624097652,0.0018951845888910898,0.004265193577958742,4.133098298917754E-4,0.00543772152628267,0.0034324518576510487,0.0022719880493105144,0.03247679752171226,0.002740653497623012,0.001479437543168385,0.0051075355471551275,0.0044262693145178745,0.0024835197228041724,0.0053804847448878645,0.0022318042035203898,0.005948028057771196,0.003829722234441977,0.010064668896761192,0.004887368344717011,0.005790408333493636,0.005036908676627113,0.0035941183885154376,0.005722726322565823,3.5643338866175536E-4,0.0035968325686733136,0.001808693648624603,0.003772840776961466,0.0019162759836329505,0.009789492044161605,0.004767590121058036,0.004931545991477757,7.911577382445022E-4,1.0,0.006760258853369941,0.0033266562490681458,0.001673432373556411,0.006032330958734963,0.002996392884795185,0.004662897640677506,0.005429614909951821,0.002422985617858196,0.011909837044743708,0.0032949376632824185,0.004523095495396317,0.00414840629809194,0.005861872590745571,0.0026646827324682677],[0.003973229683727422,0.013228929490162002,0.012859883415814155,0.00965257229071529,0.0030395966915657503,0.013741460027940779,0.014010207686277828,0.01025671868547711,0.025259791635129883,0.014517688019398425,0.016979137501828306,0.009343059070502606,0.015872759896871043,0.015412000850523494,0.011643554966108506,0.0018353818892529092,0.005946154212252867,0.016836410813959292,0.018122702471095608,0.01676665172444923,0.0062875957118896,9.255929851728664E-4,0.005519493985794279,0.011590676936233588,0.006434960142959172,0.005958769779803603,0.0025402666164121277,0.0016731913475043836,0.0020915211049959536,0.02230300127919629,0.0014506679627577274,0.007243427075921944,0.006419639905101746,0.006760258853369941,1.0,0.008209645163306582,0.0012029999597880764,0.007756226874173966,0.0030616266416967183,0.0015375760177344237,0.014954022272523477,0.010674746923064589,0.017756280612368346,0.016789397588967764,0.007839536109851055,0.009594681758625415,0.011158633183164608,0.010410486107279912],[8.149879887952118E-4,1.817266373704837E-4,3.880513658536875E-5,0.0027029949089999194,2.172824811316758E-4,2.0375880952067191E-4,0.0021159328488694154,2.1422006200741206E-4,0.04091627320354186,1.886588316854601E-4,2.6141435852966897E-4,2.1482976826987728E-4,8.393541443811598E-4,2.3036978010367007E-4,0.0012025470398895066,1.7189245819116888E-4,6.944184103911094E-4,5.917782421294262E-4,0.007742157257856644,0.00273393672936634,2.8191510107327945E-4,2.1254912136434606E-4,3.3434520782213737E-4,2.4398922477717348E-4,2.8515624838739833E-4,0.0011361330154883605,3.384620699054845E-5,2.3368676367049098E-4,7.180085178852729E-4,0.009022435462977336,2.469941121904646E-4,0.001930737697886172,3.4269496869994496E-4,0.0033266562490681458,0.008209645163306582,1.0,2.0951618592476102E-4,1.4126719808790547E-4,1.7454026143216253E-4,1.8874634539447243E-4,0.0036643206355189695,2.6943774301270933E-4,0.0038461964907604736,2.3885571201242087E-4,3.5514276549275086E-4,0.001234690012344285,2.285518012815579E-4,3.1146403861591977E-4],[0.001091849204669023,3.534843025971005E-5,1.58968245966159E-5,0.002690949446785606,8.371219638896454E-5,1.1720752822634697E-5,6.792534749200856E-4,1.1012447104944079E-4,0.019142738349322237,4.592796656937911E-5,3.8344503456890703E-5,4.991096522107836E-5,0.0010614029078461248,1.5193367964498627E-5,9.250919971094982E-4,3.1831057416167124E-5,6.149747744209888E-4,6.803874377919637E-4,0.009022532403969174,0.0036392051096996183,1.0123995689077385E-4,8.900962013715674E-5,2.4964908348570677E-5,1.4408532162628075E-5,1.2677499015313845E-4,0.0011317852585121374,1.3705576357168804E-5,7.775892711934687E-5,9.597896740683092E-4,0.02103337707654737,4.231454531066266E-5,0.0018802577746536418,2.976913992901013E-4,0.001673432373556411,0.0012029999597880764,2.0951618592476102E-4,1.0,2.98688540050159E-5,1.5881387851832918E-5,2.7483565104189948E-5,0.002936005079326388,9.238808060050179E-5,0.009864643987399703,1.0113244853782222E-4,0.0023552019890778994,3.4679677123613097E-4,1.9997293447123236E-4,8.440774516044642E-4],[9.000340275310992E-4,1.2124177084998051E-4,8.169616697981852E-5,0.0030791189348973605,1.182062460264168E-4,1.1800179280385062E-4,4.4854018395239887E-4,1.3500986675577027E-4,0.005799651501220514,1.22568222824661E-4,1.448291832082557E-4,1.5205330123491592E-4,8.915806170889179E-4,7.322767817387782E-5,5.93420316730291E-4,1.3201833402774684E-4,5.656654398842862E-4,1.3876007455365674E-4,0.003199696293543825,9.235634839770185E-4,3.2778062225091785E-4,1.3570398397894207E-4,2.4140665135002142E-4,1.2848937134124792E-4,1.8366745465018085E-4,4.378376306844342E-4,8.029423286954976E-5,1.358093638922879E-4,1.8543959262907935E-4,0.011727115862758524,1.1543413814583816E-4,0.0016973438553230399,1.690474205162367E-4,0.006032330958734963,0.007756226874173966,1.4126719808790547E-4,2.98688540050159E-5,1.0,6.203476736828318E-5,1.3494151393429326E-4,5.594584810364677E-4,2.2643039045192205E-4,0.005587002677461719,1.304032924505708E-4,0.0027317236894938684,8.735200367578355E-4,2.0499521970990218E-4,7.425784825830691E-4],[9.34616099824417E-4,8.756105822399709E-5,1.6416381752572726E-5,0.0013303626497035072,5.032165713743378E-5,1.5339861455881147E-5,0.0017111936864504101,8.599865072465062E-5,0.023356609082580967,6.611759765758139E-5,8.139012456547187E-5,8.65013873900296E-5,0.001177978437087803,1.6854664664411547E-5,0.0012199285150347355,5.287494132612906E-5,7.582304654647734E-4,2.8107074857192284E-4,0.0011891450192794606,0.0022168725904672874,2.4284358651796326E-4,3.2250708518485646E-5,3.0735228599500166E-4,1.790651547721335E-5,3.802236882752608E-5,9.389962907795863E-4,1.6136641210345826E-5,1.4980954988503284E-4,7.344686817002599E-4,0.021745944733681348,5.5851491806591075E-5,0.0022549972208092176,3.347314980429803E-4,0.002996392884795185,0.0030616266416967183,1.7454026143216253E-4,1.5881387851832918E-5,6.203476736828318E-5,1.0,7.28909736281159E-5,0.001475996770619563,1.7826421877957117E-4,0.013290879086891087,8.862122721896603E-5,0.003308539101770406,0.0013094943543040026,1.7175055623897486E-4,5.510485250243664E-4],[0.0010295451138176287,1.2668177182897485E-4,2.5608985467585122E-5,8.393634104121252E-4,1.1581052573661843E-4,6.949520318364223E-5,4.3698209771260443E-4,1.352007798707013E-4,0.03315177063419417,1.2829935710958736E-4,1.439349346618139E-4,1.3732066006231147E-4,4.0368620243559167E-4,9.570522035395795E-5,0.002336710869101688,1.3119219568242645E-4,8.128649715913002E-4,6.945774850545905E-4,0.010930354642583729,0.0012243915308535903,3.3173930116586574E-4,1.427976679848315E-4,2.241844836277263E-4,1.0164934291014706E-4,2.519217933722752E-4,8.269489517008298E-4,2.6871719659240743E-5,1.3822547791704726E-4,8.20847026482855E-4,0.02007553887044221,1.1311891806948449E-4,0.0011218044536480253,1.5582