[[1.0,0.0012032220934635443,4.904275892481518E-4,2.648083803537405E-4,0.0026810814331464108,0.007683910987114898,0.012987700489712447,1.1308758603371848E-4,1.1756339758335182E-4,1.5674396042600846E-4,5.749282098199081E-4,2.0418703151528646E-4,0.001061948213629984,6.322466826993836E-5,0.0030636621777436392,9.513969778402439E-4,1.5983760413568556E-4,1.4392206485798294E-4,1.1883986359665897E-4,2.175766824631872E-4,1.285210765429092E-4,4.6765852424694444E-4,6.817848121463887E-4,0.005892758765664806,8.915911279535237E-5,1.856862730721061E-4,0.010069696877595293,7.601917660386794E-4,0.0011684618084655274,0.0029589514606116634,1.4296238784468142E-4,1.6044228553124414E-4,1.0773550820378214E-4,1.9202507779109203E-4,2.086629603760561E-4,1.3470370323065656E-4,1.43982044679355E-4,1.6272435450817607E-4,0.0046787656338709935,1.4261955527851636E-4,1.359273326974288E-4,4.227004466898391E-4,6.0481761126998544E-5,6.54210977010052E-4,1.2743167680300392E-4,1.385643388099795E-4,3.147370893451633E-4],[0.0012032220934635443,1.0,0.0018634581160872677,0.0019530874187060191,0.0024402462750638897,0.003741809636269475,0.012528875075266618,5.396085680888464E-4,3.5115678452873477E-4,0.0022586672747115168,0.0020031111039941004,4.300249576428208E-4,0.0014286964253690476,5.657864798334775E-4,0.005071089682720861,0.0020033606621113723,0.0013612067056338864,3.964968538571629E-4,0.0010964359832798143,9.164071009394746E-4,0.0019496359684986716,0.0020944704656558604,0.0020651157889919496,0.005685514542581288,9.447514994016149E-4,3.7069182760025296E-4,0.012961624097825319,0.001550946350104203,0.0020987275639823702,0.006457414719761282,4.3518310800797063E-4,2.4152915014834735E-4,0.0019420170042216817,3.9270357259804276E-4,0.0019778796307452877,0.0020123644111718626,1.7603950745665608E-4,7.797738817862908E-4,0.005588432393070553,2.8617221662664746E-4,6.347827337683281E-4,0.0023218867275379374,0.0018508084986293936,0.0020195996109284237,4.519741264390221E-4,9.950203067002465E-4,0.0016579379608673479],[4.904275892481518E-4,0.0018634581160872677,1.0,0.001816421555417969,0.0036464211494688617,0.023057948668946976,0.013856000779101457,5.123007793644889E-4,7.726896733290853E-4,0.0019542278898659576,0.0013372557085149313,9.875199440805193E-4,0.0016711543844193245,0.0012200783898012857,0.005162979009899257,0.001712872804568464,6.16707085867135E-4,0.0018381661240750625,4.584288587034562E-4,0.0010663390451183079,0.0018331780373919504,0.0017848423145212218,0.00129935609349228,0.016204646274784254,4.506469288948168E-5,0.0010636886897203502,0.0026010307920459413,0.0014560717874504549,0.0020581162162757916,0.0032029609140447157,5.985355450063176E-4,6.235915833788805E-4,9.873885856126652E-4,2.667592895746269E-4,0.0013878828516603612,0.0014773264235742524,4.2875040322896214E-4,2.955754119627295E-4,0.006295746702815385,0.0016956357487006978,0.001023893001175049,0.0032323796340495833,3.4658771773095944E-5,0.0016231300121051816,3.7026285270950836E-4,0.0015968417422224746,0.001559165255532317],[2.648083803537405E-4,0.0019530874187060191,0.001816421555417969,1.0,0.005519559283862216,0.002177787723263163,0.00980855460990934,8.241238920722775E-5,2.5161110325008855E-4,6.250387946861327E-4,6.262148849752982E-4,2.821066438404891E-4,5.262431288221303E-4,1.4191388737888437E-4,0.003606002727345088,0.0013869581725592154,3.1279399048396667E-4,2.446406938995909E-4,3.159944423680945E-4,3.125182829118966E-4,3.118673052804626E-4,4.207338464238368E-4,0.001224459660865641,0.00903999885530055,3.19927535860789E-5,3.2359700609421813E-4,0.0013101502686731056,0.0010708631891649853,0.0019066042720570374,0.002737378038237405,2.0585177739757538E-4,2.809258401970728E-4,3.0658523342199983E-4,2.305201325122607E-4,3.090213992502918E-4,3.657120183575343E-5,2.339707433932621E-4,1.7412344014001107E-4,0.00184899300340862,2.3213975945871892E-4,4.83533979586477E-5,0.002086821231171834,2.4458832787989474E-4,4.447408152394608E-4,2.5745793656921693E-4,1.642805405814223E-4,8.979615380974847E-4],[0.0026810814331464108,0.0024402462750638897,0.0036464211494688617,0.005519559283862216,1.0,0.011321579091674097,0.008556770440861563,0.0022818315260212893,0.0026624129529681977,0.0039119521075641015,0.0022476589723519893,0.0020205867456200245,0.002779621548513751,0.00273357984783182,0.005929016335591629,0.003888705967427241,0.003173841672103834,1.6620671557031347E-4,0.00347602943373771,0.001299462378695764,2.6948251814811066E-4,0.002965824256109852,0.0031823115750016693,0.01617766268758452,0.0017667869854200084,0.004285579261969871,0.00786839606722434,0.005096652074804156,0.004323607234414392,0.008126765928951923,0.0036132174297949958,0.003132932190586606,0.00527274451474895,0.005269845462174938,0.0019189435915523169,0.002404699540596945,0.001457502266059632,0.00460096588061078,0.012515178934336239,0.0027780863229671647,0.002244281498051504,0.005357109327259292,2.389517237582405E-4,0.0019228997425688257,2.8889622287640865E-4,0.0010849448154588708,0.003790540446978485],[0.007683910987114898,0.003741809636269475,0.023057948668946976,0.002177787723263163,0.011321579091674097,1.0,0.026646770968889618,0.01881385352058125,0.008930994305744957,0.01696860281397107,0.01993587909352022,7.681862562587286E-4,0.012601534587771718,0.02680411248377021,0.009894113400365607,0.006631262024324344,0.0060354487617331025,0.0016624394995461982,0.0066032241902495735,0.01723184228045912,2.793884472740886E-4,0.005310649818591217,0.02008275323209264,0.02004409769249755,0.008460116432400517,0.010884344855355835,0.023792081079597533,0.01619992407834695,0.024709143828878642,0.019610597194550924,3.707978358118609E-4,0.017333024722193335,0.02740835396148649,0.019109184146539445,0.009640033451236887,0.006790391019187967,0.013353968409669592,0.014367484870616716,0.02058887002226769,0.012815529563437534,0.002886363491285458,0.006679643356735252,0.014672463471215955,0.015853388720094442,0.0171639482518346,0.023961980935870403,0.019275756759514994],[0.012987700489712447,0.012528875075266618,0.013856000779101457,0.00980855460990934,0.008556770440861563,0.026646770968889618,1.0,0.0037726502308105033,0.011205283791498634,0.014083294372131995,0.011302190358493872,0.012210882283961222,0.013491810277241813,0.006290872032569181,0.007243857578230569,0.004397891585597602,5.870753745108993E-4,0.00590286364336071,0.01007797390870145,0.011419235732769232,0.011928166213821605,0.009568086558524586,0.010140788006944478,0.015332736176832657,0.011427046437266865,0.009092871927466283,0.01355650366395151,0.01057558519624362,0.011060916990065594,0.012417569897229067,0.008183339965141893,0.001017560540983808,0.005443305459522783,0.00225489985917572,0.003686630079908345,0.0031278899267870234,0.007597264817681,0.0030153975373936517,0.014126973740931997,0.007517778096327992,0.011510419130972496,0.0042816954722995374,0.004666866347016779,0.0019170208452545454,0.00523043047516623,0.008720669257707196,0.008896955935573849],[1.1308758603371848E-4,5.396085680888464E-4,5.123007793644889E-4,8.241238920722775E-5,0.0022818315260212893,0.01881385352058125,0.0037726502308105033,1.0,4.3091021547080266E-5,0.0020025682332063545,5.2248815214458254E-5,7.229708630630847E-5,3.7367666972093445E-4,1.4367999631276867E-5,0.005833043940312455,4.1028747730253155E-4,6.196912191433441E-5,1.652002138746833E-5,6.51105120389386E-5,1.1021271040952225E-4,6.939930431934716E-5,5.969069295868144E-4,2.026900714423049E-4,0.012577337933919698,1.3589704543783403E-5,3.093285433250633E-4,0.004494991121998867,3.082426457304715E-4,0.001645334373816704,0.004831173430796548,7.530385997336474E-5,1.2951964277356802E-4,1.4858671555214382E-5,2.6898277305698067E-5,2.2485559605141305E-4,1.7579590317896526E-5,1.0251276111057972E-4,1.4466558753233969E-4,0.013544121030944382,1.1675050318575239E-4,2.10030433162981E-5,0.0026284427113210315,1.5401252832377983E-5,0.0010853655073727634,5.819843856055387E-5,2.0555622637012426E-5,2.4607256941584885E-4],[1.1756339758335182E-4,3.5115678452873477E-4,7.726896733290853E-4,2.5161110325008855E-4,0.0026624129529681977,0.008930994305744957,0.011205283791498634,4.3091021547080266E-5,1.0,4.998952951612406E-4,5.229762932145018E-4,2.300291575972737E-4,7.672988786577955E-4,2.259265429876138E-5,2.369884577954169E-4,0.0010132533980362678,1.5493210096945782E-4,1.3433693095180998E-4,6.462121832565708E-5,1.745926051258348E-4,8.62681432663801E-5,0.001012367152036064,2.2134802593504736E-4,0.003974914497677401,3.332183322483932E-5,9.114133619580824E-5,0.010455869042373098,5.798466040810307E-4,0.0011011332953154635,0.005306289543709269,1.2195066916409625E-4,1.8045082989632334E-4,8.704292686935703E-5,1.7300292200396613E-4,1.9641240344026164E-4,4.458727805235699E-5,7.196896684789326E-5,1.414402345936695E-4,0.012471593774339974,1.2077920273373815E-4,2.3276267680823056E-5,1.0223039446050196E-4,4.436114289421424E-5,6.632985882816551E-5,1.1793780629055494E-4,2.7150632469487152E-5,0.0010405181479783974],[1.5674396042600846E-4,0.0022586672747115168,0.0019542278898659576,6.250387946861327E-4,0.0039119521075641015,0.01696860281397107,0.014083294372131995,0.0020025682332063545,4.998952951612406E-4,1.0,0.001809452081438109,7.987462175307626E-4,0.0018672975675357011,0.0018254813433358627,0.0023907190233265576,0.0017388340219173304,5.357077021020324E-4,0.0014439477041147176,3.5583117637872036E-4,0.0010309718747574565,6.785658184322251E-4,0.001536352820435637,0.0014594270660878879,0.014125897342783068,6.3868898191479E-4,0.0021256255940168686,0.010455656585524902,0.0016137299967087515,0.0021077352772418327,0.007977763923026938,0.001425398410368734,4.0917691517699866E-4,0.002134702557164869,0.002235136400016285,0.0014296651173992168,3.4920460383815275E-4,8.986640227658752E-4,3.790805903963238E-4,0.008453984224582373,0.0013171839762396575,0.0016562257261584041,0.0037624662885443446,0.0018743064930860564,0.0017781928962704214,0.0018281782837656323,0.0010540516545423106,0.0016482183932891499],[5.749282098199081E-4,0.0020031111039941004,0.0013372557085149313,6.262148849752982E-4,0.0022476589723519893,0.01993587909352022,0.011302190358493872,5.2248815214458254E-5,5.229762932145018E-4,0.001809452081438109,1.0,5.554855926263548E-4,0.0012577309571018623,4.7432427496667663E-4,0.0037414182499213764,0.0013146000525091923,0.001008798970306969,3.418041332389853E-4,7.137777331845052E-4,7.379247729058461E-4,1.9095672153441955E-4,0.0010461438509115142,0.0012039417562239494,0.010214790316398237,0.0010287909603134645,6.812378055693678E-4,0.004616377999178996,0.0011079134085890652,0.0014476367469621586,0.00383730978124745,0.001067779473569668,0.0010589989922215799,7.619813729836447E-4,4.7453420749803675E-4,4.150952965904315E-4,6.717745391984043E-4,7.416707201198778E-4,3.973426020794133E-4,0.011029716918245808,0.0010996101952212387,3.099986878309405E-4,0.0018616671961197914,6.166906628260601E-4,0.0013605267143188087,0.0010757432734719672,5.558058947272696E-4,0.0011406765454703943],[2.0418703151528646E-4,4.300249576428208E-4,9.875199440805193E-4,2.821066438404891E-4,0.0020205867456200245,7.681862562587286E-4,0.012210882283961222,7.229708630630847E-5,2.300291575972737E-4,7.987462175307626E-4,5.554855926263548E-4,1.0,0.001244281485020992,1.6716920816443274E-4,0.0016907347754086589,0.00137260789149528,2.3670966646826001E-4,2.272207480764976E-4,1.4329163288768207E-4,2.861260565289115E-4,2.3532807539273031E-4,4.59216460326238E-4,0.001118533745498069,0.0150314615148337,5.141437748145246E-5,2.6835186221063157E-4,0.00942236141238921,4.654727253163431E-4,4.6285396724610206E-4,0.008083307461901494,2.459526269475168E-4,2.1922006796864078E-4,1.261277820218537E-4,2.551936730947437E-4,2.5462424572346063E-4,1.917352612614167E-4,1.6691681438294734E-4,1.7895940382305214E-4,0.010474165454900498,2.5483567775779636E-4,2.4732834541464634E-5,7.042376270405639E-4,1.1493285532576837E-4,0.001027124707870507,1.4051326069216104E-4,6.801654721556077E-5,5.964515030757877E-4],[0.001061948213629984,0.0014286964253690476,0.0016711543844193245,5.262431288221303E-4,0.002779621548513751,0.012601534587771718,0.013491810277241813,3.7367666972093445E-4,7.672988786577955E-4,0.0018672975675357011,0.0012577309571018623,0.001244281485020992,1.0,6.842186354252414E-4,0.0053246429781628,0.0015563415052371446,5.430459066103849E-4,0.001215458043018238,7.075358407458755E-4,0.0013378274141451472,2.0052241181876422E-4,0.00117204235196212,0.001319506854184219,0.005924503979102795,1.7833173075209208E-4,8.790370597986921E-4,0.012908156897310206,0.0013037911864356411,0.0020887641281513453,0.0019269124764981808,4.792074904487677E-4,9.0237518401512E-4,0.0011158262079058682,5.364691333399675E-4,6.644349477547694E-4,7.73336108672234E-4,0.0011734238831057938,0.0012524126296079865,0.0017666612845579509,7.145107487612042E-4,0.0010315838829473149,0.0016027919134457833,6.281045013454431E-4,0.0013497890377356157,7.317598920809905E-4,0.001094143969087418,0.0011368999975627594],[6.322466826993836E-5,5.657864798334775E-4,0.0012200783898012857,1.4191388737888437E-4,0.00273357984783182,0.02680411248377021,0.006290872032569181,1.4367999631276867E-5,2.259265429876138E-5,0.0018254813433358627,4.7432427496667663E-4,1.6716920816443274E-4,6.842186354252414E-4,1.0,5.069134691668482E-4,8.516091024539247E-4,1.7017059267057026E-4,5.224653728829243E-5,6.684501934906752E-5,1.8150913892870025E-4,6.412677043516357E-5,7.849574451093954E-4,5.983914369710921E-4,0.004437672113301975,1.1558077459088538E-5,1.6845026871420866E-4,0.0010462126878970127,3.6470603098826297E-4,5.846428267882951E-4,0.004396389639729388,9.921154762868038E-5,7.180890715949128E-5,4.7724564714482735E-5,1.1327022722845006E-4,1.7028218572483144E-4,2.14288634984636E-5,7.301317277786306E-5,5.207938920586317E-5,0.007262922892567219,8.340102468230444E-5,2.0873717226283022E-5,0.0018260401218511634,1.4967056722623014E-5,0.0013163214297786015,6.289991823235352E-5,1.8594122171493644E-5,1.0302025038494257E-4],[0.0030636621777436392,0.005071089682720861,0.005162979009899257,0.003606002727345088,0.005929016335591629,0.009894113400365607,0.007243857578230569,0.005833043940312455,2.369884577954169E-4,0.0023907190233265576,0.0037414182499213764,0.0016907347754086589,0.0053246429781628,5.069134691668482E-4,1.0,0.004251508678545368,0.003183026159816552,0.0011649212408206412,0.001298053204561311,0.003183963323414474,0.004330791761119418,0.005242229636797159,0.0032510329068995616,0.0076353202285474545,0.0017969396574865342,0.005138562858551895,0.01169527636110896,0.0019522840861730833,0.002329922109222185,0.006143042030020711,0.001697456046754911,0.004733227991326648,4.940695374793072E-4,0.003347082862238233,0.003222304201750571,0.0022364195685104756,0.002677312406168206,0.00371440766934171,0.012659682373681709,0.006046336974798413,9.380236201177605E-4,0.004385452062476806,0.003937358658269841,0.004171936323949839,0.0015473182848940495,0.0024730441785261997,0.00196751275645361],[9.513969778402439E-4,0.0020033606621113723,0.001712872804568464,0.0013869581725592154,0.003888705967427241,0.006631262024324344,0.004397891585597602,4.1028747730253155E-4,0.0010132533980362678,0.0017388340219173304,0.0013146000525091923,0.00137260789149528,0.0015563415052371446,8.516091024539247E-4,0.004251508678545368,1.0,9.233014835646628E-4,0.0014531348601256743,0.0014413275876492763,0.0016259971758258254,0.0015670943108394978,0.0015766323910026605,0.001634670723562227,0.01113320351819313,0.0015858174704049142,0.0010319421894737324,0.0038216334599540753,0.0014027358217866878,0.0017076436984046698,0.007467963752568464,0.0016018693176972478,0.0016325232840724698,0.001022254558400329,5.292919821436513E-4,9.639057634528027E-4,0.001006643366501591,4.262113675981503E-4,0.001659744826944243,0.014676855269198288,2.760715531724478E-4,8.943484696430432E-4,0.0029725969726865187,5.055811178985842E-4,0.0015900565497604497,9.636120825041106E-4,0.0013574750205861648,0.0014701994952086425],[1.5983760413568556E-4,0.0013612067056338864,6.16707085867135E-4,3.1279399048396667E-4,0.003173841672103834,0.0060354487617331025,5.870753745108993E-4,6.196912191433441E-5,1.5493210096945782E-4,5.357077021020324E-4,0.001008798970306969,2.3670966646826001E-4,5.430459066103849E-4,1.7017059267057026E-4,0.003183026159816552,9.233014835646628E-4,1.0,2.1912130455627334E-4,1.7743093489385486E-4,2.4007109494573564E-4,2.0268962135314627E-4,5.739449399193601E-4,6.973232532172908E-4,0.005215032947082212,2.0449917628923128E-4,3.0344474855094415E-4,0.0030536149043772745,3.1732274501096593E-4,0.0017988282724500286,0.002246554586322358,1.6025192243550396E-4,2.194748063250629E-4,1.021035630930596E-4,2.1389955707590226E-4,2.2808160870329923E-4,1.9731111675984326E-4,1.663184744342564E-4,1.9296083772760739E-4,0.011610820497458003,1.8840163809635585E-4,4.352385308298947E-5,0.0036022410088562998,4.158121519274452E-5,4.31300920366294E-4,2.1653889895252034E-4,1.2111500000219248E-4,8.507166763371135E-4],[1.4392206485798294E-4,3.964968538571629E-4,0.0018381661240750625,2.446406938995909E-4,1.6620671557031347E-4,0.0016624394995461982,0.00590286364336071,1.652002138746833E-5,1.3433693095180998E-4,0.0014439477041147176,3.418041332389853E-4,2.272207480764976E-4,0.001215458043018238,5.224653728829243E-5,0.0011649212408206412,0.0014531348601256743,2.1912130455627334E-4,1.0,1.3419197483598033E-4,1.8724901051103194E-4,1.214962704655906E-4,1.975222057046015E-4,2.676933103656404E-4,0.009019268128645173,5.893545168318558E-5,2.0779270076547464E-4,0.003542143592484227,3.3755933372920353E-4,7.266849600647869E-4,0.0016548766992360298,1.481357337275069E-4,1.7352000835580854E-4,1.283123397982086E-4,1.7605714011480506E-4,2.22982847212961E-4,3.7578260928178686E-5,1.632234177852573E-4,1.6231762487139113E-4,0.005905645904386949,1.472327717490185E-4,9.257294106991337E-5,9.299423714149819E-4,1.1089640561449318E-4,2.872751852400746E-4,1.5517681755530037E-4,1.1078745070742663E-4,3.0737724862312996E-4],[1.1883986359665897E-4,0.0010964359832798143,4.584288587034562E-4,3.159944423680945E-4,0.00347602943373771,0.0066032241902495735,0.01007797390870145,6.51105120389386E-5,6.462121832565708E-5,3.5583117637872036E-4,7.137777331845052E-4,1.4329163288768207E-4,7.075358407458755E-4,6.684501934906752E-5,0.001298053204561311,0.0014413275876492763,1.7743093489385486E-4,1.3419197483598033E-4,1.0,1.9101489819165282E-4,1.0909579378257702E-4,2.5609183093880264E-4,9.95051746145973E-4,0.0048844994790202285,9.316242181193416E-5,1.4495626695482612E-4,0.0021056279730564944,9.367414739227763E-4,0.0011669734494864044,0.00836559762447646,1.3479399636420416E-4,1.8244829137070674E-4,1.0767606607268669E-4,1.3917797890480567E-4,2.1131545600259875E-4,3.545331931065839E-5,1.2442608588269973E-4,1.497201977704864E-4,0.002163445922474902,1.276571786416914E-4,5.5022129835015815E-5,0.0024873757497394,3.313343088673305E-5,0.0012051046020654604,1.125299172901463E-4,7.488831120988683E-5,8.871322679204227E-4],[2.175766824631872E-4,9.164071009394746E-4,0.0010663390451183079,3.125182829118966E-4,0.001299462378695764,0.01723184228045912,0.011419235732769232,1.1021271040952225E-4,1.745926051258348E-4,0.0010309718747574565,7.379247729058461E-4,2.861260565289115E-4,0.0013378274141451472,1.8150913892870025E-4,0.003183963323414474,0.0016259971758258254,2.4007109494573564E-4,1.8724901051103194E-4,1.9101489819165282E-4,1.0,2.6413510351932373E-4,4.718846652847924E-4,0.0010940672304694354,0.0019509690208939128,2.353380605111069E-4,3.112463898465859E-4,8.237027704290456E-4,5.038835183736658E-4,9.824573346373072E-4,0.00681749461396354,2.1073813927765107E-4,2.3792721864750508E-4,2.5965048934167395E-4,2.324504403380802E-4,2.893086125851138E-4,1.6137085169860436E-4,2.140978313317531E-4,1.8552012489914525E-4,0.0088166820353924,2.583452538235926E-4,8.074404685386874E-5,0.0025847488658648676,2.3782705804879588E-4,3.063310022069558E-4,1.8529333840816E-4,2.428802344182569E-4,8.161944019844287E-4],[1.285210765429092E-4,0.0019496359684986716,0.0018331780373919504,3.118673052804626E-4,2.6948251814811066E-4,2.793884472740886E-4,0.011928166213821605,6.939930431934716E-5,8.62681432663801E-5,6.785658184322251E-4,1.9095672153441955E-4,2.3532807539273031E-4,2.0052241181876422E-4,6.412677043516357E-5,0.004330791761119418,0.0015670943108394978,2.0268962135314627E-4,1.214962704655906E-4,1.0909579378257702E-4,2.6413510351932373E-4,1.0,5.305147291511384E-4,4.0937573299357666E-4,0.007655544679687827,4.798355401884707E-5,2.0753576080006039E-4,0.0029168161952764756,0.0010672919663629707,3.500636780134715E-4,0.0037512218866413067,1.3069838294433984E-4,1.8729857141033083E-4,1.0777424540138425E-4,1.8191113284116107E-4,1.1991015852934293E-4,4.324774156330014E-5,1.4271603809892758E-4,1.5994730121417856E-4,0.009334850726417194,1.1994803948013964E-4,4.748748758112874E-5,0.0012837743905004687,3.995334246285893E-5,0.001280105636056321,1.272902498068291E-4,3.355640576570747E-5,3.852417753643306E-4],[4.6765852424694444E-4,0.0020944704656558604,0.0017848423145212218,4.207338464238368E-4,0.002965824256109852,0.005310649818591217,0.009568086558524586,5.969069295868144E-4,0.001012367152036064,0.001536352820435637,0.0010461438509115142,4.59216460326238E-4,0.00117204235196212,7.849574451093954E-4,0.005242229636797159,0.0015766323910026605,5.739449399193601E-4,1.975222057046015E-4,2.5609183093880264E-4,4.718846652847924E-4,5.305147291511384E-4,1.0,0.0011727135136380962,0.011835331594182404,9.763156707925942E-4,8.138654486410143E-4,0.010598403218734358,0.0010240399818004994,0.0015570075366295628,0.0030784035646781935,1.7798381323057405E-4,3.0365432471756495E-4,8.034900100466683E-4,8.065487819564691E-4,4.5968898216121307E-4,9.32296241985083E-4,0.0010067619322735716,2.3121737268503656E-4,0.006400757857621814,2.501715826551604E-4,4.8600911824010594E-4,0.002081328373028014,0.0010084948178280034,0.0012424259660122738,1.7539074167928078E-4,7.259785824399686E-4,0.0011080701197465734],[6.817848121463887E-4,0.0020651157889919496,0.00129935609349228,0.001224459660865641,0.0031823115750016693,0.02008275323209264,0.010140788006944478,2.026900714423049E-4,2.2134802593504736E-4,0.0014594270660878879,0.0012039417562239494,0.001118533745498069,0.001319506854184219,5.983914369710921E-4,0.0032510329068995616,0.001634670723562227,6.973232532172908E-4,2.676933103656404E-4,9.95051746145973E-4,0.0010940672304694354,4.0937573299357666E-4,0.0011727135136380962,1.0,0.005666322257030798,5.341140296341879E-4,7.178459967079545E-4,0.010265430467548214,0.001150477343568325,0.002063520142510513,0.007942152788319152,3.939110282890117E-4,4.0879102946248934E-4,6.484483365152643E-4,0.0010536469440041445,5.061725337451332E-4,1.1588454157954861E-4,0.0010824984739068817,3.2714193056959613E-4,0.011993725029491694,6.746649560279181E-4,0.0011588749635247917,0.002493543907056785,7.238414308270451E-4,0.0012577996031520428,2.3940432550997534E-4,9.810542945981892E-4,0.0011185393481753705],[0.005892758765664806,0.005685514542581288,0.016204646274784254,0.00903999885530055,0.01617766268758452,0.02004409769249755,0.015332736176832657,0.012577337933919698,0.003974914497677401,0.014125897342783068,0.010214790316398237,0.0150314615148337,0.005924503979102795,0.004437672113301975,0.0076353202285474545,0.01113320351819313,0.005215032947082212,0.009019268128645173,0.0048844994790202285,0.0019509690208939128,0.007655544679687827,0.011835331594182404,0.005666322257030798,1.0,0.0045013340109718355,0.0054221966816586685,0.01688375193920632,0.00957007236169567,0.01581815144742869,0.011480591246442694,0.00535325422668665,0.0025749498541845026,0.010509112013375076,0.008089188561382046,0.003921743962266723,0.00284677540568018,0.004726637745796016,0.00355341426365288,0.01480418977575335,0.014527700397797112,1.0072317408560755E-4,0.008408521811816609,9.955302909931466E-4,0.013656666220745893,0.006913764113308024,0.001243951660316784,0.006362450311197051],[8.915911279535237E-5,9.447514994016149E-4,4.506469288948168E-5,3.19927535860789E-5,0.0017667869854200084,0.008460116432400517,0.011427046437266865,1.3589704543783403E-5,3.332183322483932E-5,6.3868898191479E-4,0.0010287909603134645,5.141437748145246E-5,1.7833173075209208E-4,1.1558077459088538E-5,0.0017969396574865342,0.0015858174704049142,2.0449917628923128E-4,5.893545168318558E-5,9.316242181193416E-5,2.353380605111069E-4,4.798355401884707E-5,9.763156707925942E-4,5.341140296341879E-4,0.0045013340109718355,1.0,1.824210014832063E-4,0.007949018037435166,2.399760350521934E-4,2.2630193203510934E-4,0.00660661296934361,4.9481766255251466E-5,1.365343870664256E-4,1.0038893250978917E-4,1.7689991301400883E-4,2.3291032918743758E-5,1.5985711649130006E-5,4.682047128184006E-5,8.589498451179797E-5,0.007413921774371163,8.730674645711244E-5,1.430655737282882E-5,0.001966363886643915,1.757164076874871E-5,4.8361052196486677E-4,2.3130194548711427E-5,1.96376769587349E-5,0.0010332988175694759],[1.856862730721061E-4,3.7069182760025296E-4,0.0010636886897203502,3.2359700609421813E-4,0.004285579261969871,0.010884344855355835,0.009092871927466283,3.093285433250633E-4,9.114133619580824E-5,0.0021256255940168686,6.812378055693678E-4,2.6835186221063157E-4,8.790370597986921E-4,1.6845026871420866E-4,0.005138562858551895,0.0010319421894737324,3.0344474855094415E-4,2.0779270076547464E-4,1.4495626695482612E-4,3.112463898465859E-4,2.0753576080006039E-4,8.138654486410143E-4,7.178459967079545E-4,0.0054221966816586685,1.824210014832063E-4,1.0,0.010126322507999372,3.402490124603769E-4,6.071156149027779E-4,0.003858875940598772,1.5723670012471888E-4,2.1791676716311279E-4,1.48336710726362E-4,2.058284269048627E-4,2.85921360279263E-4,6.876251974257004E-5,2.445675942959892E-4,1.9937645395418695E-4,0.014483232389210551,2.0280704228380707E-4,3.5063492056957245E-5,0.0027957323385907726,1.6042086582478918E-4,9.737713238880519E-4,3.1517747867449363E-4,1.0621456260605958E-4,9.77029347193069E-4],[0.010069696877595293,0.012961624097825319,0.0026010307920459413,0.0013101502686731056,0.00786839606722434,0.023792081079597533,0.01355650366395151,0.004494991121998867,0.010455869042373098,0.010455656585524902,0.004616377999178996,0.00942236141238921,0.012908156897310206,0.0010462126878970127,0.01169527636110896,0.0038216334599540753,0.0030536149043772745,0.003542143592484227,0.0021056279730564944,8.237027704290456E-4,0.0029168161952764756,0.010598403218734358,0.010265430467548214,0.01688375193920632,0.007949018037435166,0.010126322507999372,1.0,0.007814597517136949,0.005264915713479242,0.01079031719120067,0.004365041442345719,0.007614179270473552,1.7482200516563822E-4,0.001439940863696249,0.007354785542275948,0.004483885021552209,0.008575622358896263,0.004536036879864122,0.013264973458932756,0.0036286240981237387,0.007967132124071982,0.008981579034197575,0.010927888203552715,0.00823662691998141,0.005658771451886012,0.010381481734103642,0.0045070175169042515],[7.601917660386794E-4,0.001550946350104203,0.0014560717874504549,0.0010708631891649853,0.005096652074804156,0.01619992407834695,0.01057558519624362,3.082426457304715E-4,5.798466040810307E-4,0.0016137299967087515,0.0011079134085890652,4.654727253163431E-4,0.0013037911864356411,3.6470603098826297E-4,0.0019522840861730833,0.0014027358217866878,3.1732274501096593E-4,3.3755933372920353E-4,9.367414739227763E-4,5.038835183736658E-4,0.0010672919663629707,0.0010240399818004994,0.001150477343568325,0.00957007236169567,2.399760350521934E-4,3.402490124603769E-4,0.007814597517136949,1.0,0.0020728715668802073,0.008272898292573197,8.468904441005754E-4,3.9946906910144457E-4,5.552919311585362E-4,8.036688326053309E-4,7.030738359417488E-4,1.5314869287258925E-4,6.201050855909929E-4,8.918287752884497E-4,0.011827062086358068,7.033802877018245E-4,3.2924125395159025E-4,0.002018430597310367,1.6860521634979464E-4,0.001339624926969794,4.418234177515635E-4,9.355443715909916E-4,0.001093445394398379],[0.0011684618084655274,0.0020987275639823702,0.0020581162162757916,0.0019066042720570374,0.004323607234414392,0.024709143828878642,0.011060916990065594,0.001645334373816704,0.0011011332953154635,0.0021077352772418327,0.0014476367469621586,4.6285396724610206E-4,0.0020887641281513453,5.846428267882951E-4,0.002329922109222185,0.0017076436984046698,0.0017988282724500286,7.266849600647869E-4,0.0011669734494864044,9.824573346373072E-4,3.500636780134715E-4,0.0015570075366295628,0.002063520142510513,0.01581815144742869,2.2630193203510934E-4,6.071156149027779E-4,0.005264915713479242,0.0020728715668802073,1.0,0.006831340772622379,0.0016803281760088054,0.001723375440027858,5.256447311178298E-4,5.768810863399638E-4,0.0016928257319178104,0.0019267233535708922,0.0017888226654408925,0.0011592878133537797,0.014147000614268752,0.0011745737998596986,4.7076599278433044E-4,0.0022282898733570864,0.001187323168262076,0.0020711746080458483,1.9583412914296497E-4,2.0679229150039326E-4,0.0014345692105676947],[0.0029589514606116634,0.006457414719761282,0.0032029609140447157,0.002737378038237405,0.008126765928951923,0.019610597194550924,0.012417569897229067,0.004831173430796548,0.005306289543709269,0.007977763923026938,0.00383730978124745,0.008083307461901494,0.0019269124764981808,0.004396389639729388,0.006143042030020711,0.007467963752568464,0.002246554586322358,0.0016548766992360298,0.00836559762447646,0.00681749461396354,0.0037512218866413067,0.0030784035646781935,0.007942152788319152,0.011480591246442694,0.00660661296934361,0.003858875940598772,0.01079031719120067,0.008272898292573197,0.006831340772622379,1.0,0.003855044402472515,4.11377532895596E-4,0.006761496320961278,0.005900046923239793,0.003087471209057949,0.008491385436296597,0.008613790834159335,0.0039895044852519355,0.008944357036052304,0.006819184228679773,0.00874923226142596,0.00621939529594546,0.004259758528914799,0.002512341595101511,0.002040118484703378,0.006765749941304824,0.008450962345095793],[1.4296238784468142E-4,4.3518310800797063E-4,5.985355450063176E-4,2.0585177739757538E-4,0.0036132174297949958,3.707978358118609E-4,0.008183339965141893,7.530385997336474E-5,1.2195066916409625E-4,0.001425398410368734,0.001067779473569668,2.459526269475168E-4,4.792074904487677E-4,9.921154762868038E-5,0.001697456046754911,0.0016018693176972478,1.6025192243550396E-4,1.481357337275069E-4,1.3479399636420416E-4,2.1073813927765107E-4,1.3069838294433984E-4,1.7798381323057405E-4,3.939110282890117E-4,0.00535325422668665,4.9481766255251466E-5,1.5723670012471888E-4,0.004365041442345719,8.468904441005754E-4,0.0016803281760088054,0.003855044402472515,1.0,1.8409676034024833E-4,1.0672696161766169E-4,1.720564045744741E-4,2.0522744804797878E-4,9.112924166244783E-5,1.647716453949566E-4,1.5333514781246165E-4,0.0016821816964221526,1.4348642631401763E-4,5.209268191611212E-5,0.002430961811637131,1.2393316709859257E-4,0.001130934530276388,1.41126183676999E-4,6.161212058573154E-5,5.826544036309161E-4],[1.6044228553124414E-4,2.4152915014834735E-4,6.235915833788805E-4,2.809258401970728E-4,0.003132932190586606,0.017333024722193335,0.001017560540983808,1.2951964277356802E-4,1.8045082989632334E-4,4.0917691517699866E-4,0.0010589989922215799,2.1922006796864078E-4,9.0237518401512E-4,7.180890715949128E-5,0.004733227991326648,0.0016325232840724698,2.194748063250629E-4,1.7352000835580854E-4,1.8244829137070674E-4,2.3792721864750508E-4,1.8729857141033083E-4,3.0365432471756495E-4,4.0879102946248934E-4,0.0025749498541845026,1.365343870664256E-4,2.1791676716311279E-4,0.007614179270473552,3.9946906910144457E-4,0.001723375440027858,4.11377532895596E-4,1.8409676034024833E-4,1.0,1.141123113429362E-4,1.9725209609551553E-4,2.081746329599225E-4,8.849379806369208E-5,1.8491663840878024E-4,1.7959514513195857E-4,0.014233590662220673,1.5902131779532412E-4,5.783245703434245E-5,8.915448180983567E-4,1.7366007645033707E-4,9.984905378414392E-4,1.929956184460955E-4,1.0987096154773997E-4,5.278418020850784E-4],[1.0773550820378214E-4,0.0019420170042216817,9.873885856126652E-4,3.0658523342199983E-4,0.00527274451474895,0.02740835396148649,0.005443305459522783,1.4858671555214382E-5,8.704292686935703E-5,0.002134702557164869,7.619813729836447E-4,1.261277820218537E-4,0.0011158262079058682,4.7724564714482735E-5,4.940695374793072E-4,0.001022254558400329,1.021035630930596E-4,1.283123397982086E-4,1.0767606607268669E-4,2.5965048934167395E-4,1.0777424540138425E-4,8.034900100466683E-4,6.484483365152643E-4,0.010509112013375076,1.0038893250978917E-4,1.48336710726362E-4,1.7482200516563822E-4,5.552919311585362E-4,5.256447311178298E-4,0.006761496320961278,1.0672696161766169E-4,1.141123113429362E-4,1.0,1.5137360542744765E-4,1.0418138485319883E-4,9.275379738733918E-5,1.3067632972644426E-4,1.4551644342933356E-4,0.012564914664917253,1.3570743371931135E-4,4.13879221567692E-5,0.003449632999137985,6.480668535725168E-5,0.0013405307784599791,1.1706800260443369E-4,3.456458215108607E-5,9.22673897833166E-4],[1.9202507779109203E-4,3.9270357259804276E-4,2.667592895746269E-4,2.305201325122607E-4,0.005269845462174938,0.019109184146539445,0.00225489985917572,2.6898277305698067E-5,1.7300292200396613E-4,0.002235136400016285,4.7453420749803675E-4,2.551936730947437E-4,5.364691333399675E-4,1.1327022722845006E-4,0.003347082862238233,5.292919821436513E-4,2.1389955707590226E-4,1.7605714011480506E-4,1.3917797890480567E-4,2.324504403380802E-4,1.8191113284116107E-4,8.065487819564691E-4,0.0010536469440041445,0.008089188561382046,1.7689991301400883E-4,2.058284269048627E-4,0.001439940863696249,8.036688326053309E-4,5.768810863399638E-4,0.005900046923239793,1.720564045744741E-4,1.9725209609551553E-4,1.5137360542744765E-4,1.0,1.9391995233612676E-4,1.7213173476057558E-4,1.819691705871833E-4,1.8522841268850816E-4,0.011455088076249556,1.6126394140468682E-4,1.1305052749543002E-4,0.0019268312580211775,1.439829124556227E-4,4.3635298438179666E-4,1.4498087121754278E-4,3.3854904473372424E-5,4.1046632424072353E-4],[2.086629603760561E-4,0.0019778796307452877,0.0013878828516603612,3.090213992502918E-4,0.0019189435915523169,0.009640033451236887,0.003686630079908345,2.2485559605141305E-4,1.9641240344026164E-4,0.0014296651173992168,4.150952965904315E-4,2.5462424572346063E-4,6.644349477547694E-4,1.7028218572483144E-4,0.003222304201750571,9.639057634528027E-4,2.2808160870329923E-4,2.22982847212961E-4,2.1131545600259875E-4,2.893086125851138E-4,1.1991015852934293E-4,4.5968898216121307E-4,5.061725337451332E-4,0.003921743962266723,2.3291032918743758E-5,2.85921360279263E-4,0.007354785542275948,7.030738359417488E-4,0.0016928257319178104,0.003087471209057949,2.0522744804797878E-4,2.081746329599225E-4,1.0418138485319883E-4,1.9391995233612676E-4,1.0,4.263919747448342E-5,1.8876897142788433E-4,2.3492230373744412E-4,0.01420151844053918,2.441250164649747E-4,5.2030821390632175E-5,8.853422983169722E-4,1.7370532948694025E-4,3.994326412683416E-4,2.481353066315114E-4,2.1618471098258242E-4,0.0010613143136247543],[1.3470370323065656E-4,0.0020123644111718626,0.0014773264235742524,3.657120183575343E-5,0.002404699540596945,0.006790391019187967,0.0031278899267870234,1.7579590317896526E-5,4.458727805235699E-5,3.4920460383815275E-4,6.717745391984043E-4,1.917352612614167E-4,7.73336108672234E-4,2.14288634984636E-5,0.0022364195685104756,0.001006643366501591,1.9731111675984326E-4,3.7578260928178686E-5,3.545331931065839E-5,1.6137085169860436E-4,4.324774156330014E-5,9.32296241985083E-4,1.1588454157954861E-4,0.00284677540568018,1.5985711649130006E-5,6.876251974257004E-5,0.004483885021552209,1.5314869287258925E-4,0.0019267233535708922,0.008491385436296597,9.112924166244783E-5,8.849379806369208E-5,9.275379738733918E-5,1.7213173476057558E-4,4.263919747448342E-5,1.0,9.255758696691344E-5,1.0016582121123493E-4,0.008520723436134874,6.146973757511915E-5,2.3992201571525225E-5,0.002216822300483708,2.3866340800172884E-5,9.210629380496322E-4,1.22677217011477E-4,2.3393811075464933E-5,6.557398549207471E-4],[1.43982044679355E-4,1.7603950745665608E-4,4.2875040322896214E-4,2.339707433932621E-4,0.001457502266059632,0.013353968409669592,0.007597264817681,1.0251276111057972E-4,7.196896684789326E-5,8.986640227658752E-4,7.416707201198778E-4,1.6691681438294734E-4,0.0011734238831057938,7.301317277786306E-5,0.002677312406168206,4.262113675981503E-4,1.663184744342564E-4,1.632234177852573E-4,1.2442608588269973E-4,2.140978313317531E-4,1.4271603809892758E-4,0.0010067619322735716,0.0010824984739068817,0.004726637745796016,4.682047128184006E-5,2.445675942959892E-4,0.008575622358896263,6.201050855909929E-4,0.0017888226654408925,0.008613790834159335,1.647716453949566E-4,1.8491663840878024E-4,1.3067632972644426E-4,1.819691705871833E-4,1.8876897142788433E-4,9.255758696691344E-5,1.0,1.655647413306667E-4,0.004562769893816568,1.554401657621964E-4,1.1877080934535807E-4,3.5441274932354247E-4,9.428276640898673E-5,7.474900767373194E-4,1.3050171803349338E-4,3.4366874781861304E-5,0.001029257032502292],[1.6272435450817607E-4,7.797738817862908E-4,2.955754119627295E-4,1.7412344014001107E-4,0.00460096588061078,0.014367484870616716,0.0030153975373936517,1.4466558753233969E-4,1.414402345936695E-4,3.790805903963238E-4,3.973426020794133E-4,1.7895940382305214E-4,0.0012524126296079865,5.207938920586317E-5,0.00371440766934171,0.001659744826944243,1.9296083772760739E-4,1.6231762487139113E-4,1.497201977704864E-4,1.8552012489914525E-4,1.5994730121417856E-4,2.3121737268503656E-4,3.2714193056959613E-4,0.00355341426365288,8.589498451179797E-5,1.9937645395418695E-4,0.004536036879864122,8.918287752884497E-4,0.0011592878133537797,0.0039895044852519355,1.5333514781246165E-4,1.7959514513195857E-4,1.4551644342933356E-4,1.8522841268850816E-4,2.3492230373744412E-4,1.0016582121123493E-4,1.655647413306667E-4,1.0,0.01067522131260235,1.651161586900217E-4,1.4559864701587746E-4,0.003281334157653715,1.3625942732526264E-4,0.0010457655989775103,1.5531789891511886E-4,7.284884293858619E-5,3.9262638527357935E-4],[0.0046787656338709935,0.005588432393070553,0.006295746702815385,0.00184899300340862,0.012515178934336239,0.02058887002226769,0.014126973740931997,0.013544121030944382,0.012471593774339974,0.008453984224582373,0.011029716918245808,0.010474165454900498,0.0017666612845579509,0.007262922892567219,0.012659682373681709,0.014676855269198288,0.011610820497458003,0.005905645904386949,0.002163445922474902,0.0088166820353924,0.009334850726417194,0.006400757857621814,0.011993725029491694,0.01480418977575335,0.007413921774371163,0.014483232389210551,0.013264973458932756,0.011827062086358068,0.014147000614268752,0.008944357036052304,0.0016821816964221526,0.014233590662220673,0.012564914664917253,0.011455088076249556,0.01420151844053918,0.008520723436134874,0.004562769893816568,0.01067522131260235,1.0,0.001142531285091008,0.012254759044755712,0.01029117031291657,0.011502463780419296,0.002910018365652812,0.007350614785123879,0.0028860822373375293,0.00943479553845589],[1.4261955527851636E-4,2.8617221662664746E-4,0.0016956357487006978,2.3213975945871892E-4,0.0027780863229671647,0.012815529563437534,0.007517778096327992,1.1675050318575239E-4,1.2077920273373815E-4,0.0013171839762396575,0.0010996101952212387,2.5483567775779636E-4,7.145107487612042E-4,8.340102468230444E-5,0.006046336974798413,2.760715531724478E-4,1.8840163809635585E-4,1.472327717490185E-4,1.276571786416914E-4,2.583452538235926E-4,1.1994803948013964E-4,2.501715826551604E-4,6.746649560279181E-4,0.014527700397797112,8.730674645711244E-5,2.0280704228380707E-4,0.0036286240981237387,7.033802877018245E-4,0.0011745737998596986,0.006819184228679773,1.4348642631401763E-4,1.5902131779532412E-4,1.3570743371931135E-4,1.6126394140468682E-4,2.441250164649747E-4,6.146973757511915E-5,1.554401657621964E-4,1.651161586900217E-4,0.001142531285091008,1.0,1.2769063980172486E-4,0.0010539397323191108,2.1963951402817998E-5,4.905206995664504E-4,1.3310068363346913E-4,7.152637735412233E-5,9.997629639298853E-4],[1.359273326974288E-4,6.347827337683281E-4,0.001023893001175049,4.83533979586477E-5,0.002244281498051504,0.002886363491285458,0.011510419130972496,2.10030433162981E-5,2.3276267680823056E-5,0.0016562257261584041,3.099986878309405E-4,2.4732834541464634E-5,0.0010315838829473149,2.0873717226283022E-5,9.380236201177605E-4,8.943484696430432E-4,4.352385308298947E-5,9.257294106991337E-5,5.5022129835015815E-5,8.074404685386874E-5,4.748748758112874E-5,4.8600911824010594E-4,0.0011588749635247917,1.0072317408560755E-4,1.4306557372828