[[1.0,1.855344522924316E-4,0.0013704342250833038,0.02251389888713653,0.013556998562065523,0.0013298889410005917,0.001399669039671993,0.0020414162615997144,0.0017108751358480263,0.01751721581049003,0.0014011137493695194,0.0017472141473086399,0.0014852424523779972,0.001402663541689452,3.9871689175164065E-5,0.0013959576428218567,0.0012066599023700985,0.001683904811381401,0.004585404313986831,0.0016657261580168244,0.0014291195423703292,4.346468948695217E-4,0.0032461611452322798,0.0018030258961426683,0.0013204557912984648,9.403339478232962E-4,0.0017643399185040443,0.0013704479206385189,0.0011251685025282158,0.0014367075367643653,0.0018920288407197874,2.4144946420934498E-4,0.0014894128375674185,0.001960453453380167,0.0017225137532254752,0.0016761652431737358,0.0014717691558527746,0.01571156369800832,0.0016386567530005045,0.0013798077121942964,0.0012636606602370079,0.0017473006116773657,0.00155588165263628,0.0010240699987328413,0.001851027303309005,6.174507600648463E-4,0.001339048518889994],[1.855344522924316E-4,1.0,1.430454201335244E-4,0.001761181979803238,0.017866866498191067,0.0011340829362139078,9.210026596471198E-5,0.0014586210906582335,0.001192801686559625,0.01157719460904978,8.465454658065355E-4,3.608763756966629E-4,5.876890801725179E-4,1.6036176522834706E-4,1.4423815441607423E-4,0.0011299981332695756,2.207626375532775E-4,1.908672074295599E-4,0.0199809541175252,1.457062402217293E-4,5.729473353047808E-4,1.739550485740612E-4,0.001731725636566045,0.002084107909096618,1.243448559984721E-4,1.8400842894463897E-4,1.4174933225223618E-4,8.397996807215462E-4,5.082114576664207E-4,1.384249968986366E-4,6.143924625485691E-4,1.8033934450549554E-4,1.6322833700795644E-4,0.0016810201699216203,4.067654409889942E-5,1.8792684005019636E-4,8.692953621687463E-4,0.030040808703155696,2.864207960427051E-4,0.0010795904057821785,1.4307218771186664E-4,7.956264716602109E-4,2.6247942026947637E-4,1.3622389699216193E-4,0.0019039159266990991,9.011574588171932E-5,5.358711337134104E-4],[0.0013704342250833038,1.430454201335244E-4,1.0,0.018146425859448367,0.023638603267378027,4.189783041070714E-5,1.4004905316067704E-5,7.929140486318101E-5,2.995250451770511E-4,0.022509167165455157,3.0227232066439106E-4,2.495231170039965E-4,6.051394212422872E-4,5.958197142133844E-5,1.4328429195737014E-5,5.929537901344531E-4,3.688591886619569E-5,1.3529759102114567E-4,0.022197401378058236,1.0949365201403066E-4,7.9455450256558E-4,1.5943067090963946E-4,0.004331865072572459,0.0025923126731291265,3.1507058369014044E-5,2.434746759932437E-5,8.473066644593076E-5,4.757097971843016E-4,1.4900433559270917E-4,1.2781145553056163E-5,0.0022197474712246884,1.0349278898705587E-4,1.1398693470773111E-4,0.0018323906790138067,1.4280699668136095E-5,1.044825251733727E-4,9.068652588678006E-4,0.009720399804812692,2.954986145363065E-4,5.836145046082083E-4,1.7999884295757837E-5,0.0012505459542130092,7.064086520954328E-4,9.843915648532318E-5,0.0015551836305590274,1.3083905317718229E-5,5.404890892885148E-4],[0.02251389888713653,0.001761181979803238,0.018146425859448367,1.0,0.026663348098744155,0.02514673890149184,0.0038505859043641913,0.01515104479387174,0.004523206563942755,0.02442354722003266,0.021762704050084906,0.014970436714749465,0.011214451534344787,0.021486057905904764,0.010786831976036658,0.010678742757744808,0.01744113928974397,0.0016048476324547574,0.025970091208456836,0.02256998775070006,0.022161747532416343,0.013896209930630852,0.014545598838554583,0.011233769218826368,0.010276386840501844,0.0021992053690238884,0.010432201785067681,0.020933378914868305,0.022062955610983002,0.003629424026711417,0.022195198210283016,0.018180590228090012,0.0177646849109422,0.009450607635631044,0.013763211576575524,0.020904850427876643,0.016398425515431417,0.0372786742326932,3.4396719641423436E-4,0.01194996523512131,0.004659380711796199,0.020140511941945285,0.019906360653411594,0.0018685542444381825,0.01442525991101078,0.021393902756810815,0.006783826712293195],[0.013556998562065523,0.017866866498191067,0.023638603267378027,0.026663348098744155,1.0,0.005174312058835558,0.02020171212922539,0.01691177052629736,0.013315305975408729,0.02581236043747322,0.01312412191014508,0.021338927772064076,0.004311486977492868,0.001340619960060723,0.016262843059619194,0.020064682049489163,0.0012917496584279255,0.021732645585729026,0.027490500392976156,9.181483200403218E-4,0.020592549985839315,0.015642398568016865,0.023571355743731124,0.00887146621621097,0.01823810107752513,0.012390425464176591,0.011098507448379992,0.007371668775702906,0.007119969222092917,0.02680761489257111,0.010126489515639063,0.008070970914648659,0.0163420450903114,0.008287556783472226,0.0016205009303830494,0.004903497985710632,0.02169084883288603,0.029206185882971015,0.004205505574792753,0.01198753899748874,0.004660021655665714,0.0033164782467511363,0.013656662861127041,0.01310580671881059,0.007329718739924811,0.014604803185671979,0.01108455633610057],[0.0013298889410005917,0.0011340829362139078,4.189783041070714E-5,0.02514673890149184,0.005174312058835558,1.0,1.670314911040452E-4,0.0014504237898000565,0.0013976486629885783,0.016266007965506837,0.0012547895700466107,0.0012659065129796956,0.001060444621839994,3.333566207229338E-4,6.226167099890447E-4,0.001302146845488128,0.001044750724038096,5.20661748203019E-4,0.020479650503473383,2.0290215863085815E-4,0.0013787996538891913,3.0784526124294834E-4,0.004579223609769526,0.003065869628042905,1.7746052632417088E-4,6.33612400005675E-4,6.434445578994658E-4,0.0012238029849964147,9.345326848903956E-4,3.971635276083339E-4,0.0017138014997110373,4.7180715204947856E-4,7.023469896104049E-4,0.0013596233127780904,6.862334212883865E-4,5.24883875924537E-4,0.0012501630566628548,0.022048254555350533,4.0396090326882787E-4,0.0012980526332424201,2.651946980626273E-4,0.001319548972362048,0.0011339593372283138,0.0010071903775283452,0.0015381352171676245,5.822938322488775E-4,0.001029622490693644],[0.001399669039671993,9.210026596471198E-5,1.4004905316067704E-5,0.0038505859043641913,0.02020171212922539,1.670314911040452E-4,1.0,0.002068258961404811,5.661900785155075E-4,0.0110658674635037,4.192711119352232E-4,0.0014853511714236886,6.274175601636912E-4,7.715337526077734E-5,1.7756842414013056E-5,7.877309782748547E-4,1.962923551927976E-4,3.8800194043076245E-5,0.0038868068553534626,5.9223801316088935E-5,0.0010210794579825436,6.683661347709403E-5,0.003391939856865179,0.003845943117227705,3.182070348820094E-5,9.752391052994411E-5,4.254458419748893E-5,5.915631921947547E-4,8.085544721536829E-4,1.1935378567447925E-5,0.0015865204698267174,5.133591343676519E-5,1.222738359659379E-4,0.001854076431730093,2.3249438345781043E-5,1.3863417643430881E-4,1.109712974715054E-4,0.012308833999951738,2.49978889434914E-4,7.668740565769383E-5,7.724003862015917E-5,6.013574773206914E-4,9.873020843556184E-4,1.2502415972607682E-4,0.001286771105703401,2.7139832957151653E-5,6.0350898859204404E-5],[0.0020414162615997144,0.0014586210906582335,7.929140486318101E-5,0.01515104479387174,0.01691177052629736,0.0014504237898000565,0.002068258961404811,1.0,0.001958899637812781,0.005336761341059528,0.0016470516616453848,0.0019079304526677804,0.001676867867388528,4.1911926426574245E-4,0.0014962540548184688,0.0014535440477714563,0.0021262034899689024,4.034217854338528E-4,0.01313393510169523,9.94059027930941E-4,0.0020166781951280023,6.8189753238752E-4,0.002777501477121824,0.0026869567246505803,0.0017172247805090541,0.001975686418329731,0.0017569530061573488,0.002070397143613434,0.00203530017729071,4.8721757325048795E-4,0.0022717706668788328,0.0015304051447886297,0.0017729139987523704,0.0023373601750544064,5.497489704150959E-4,0.001283254763659916,0.0013422998473342814,0.048033666834075006,5.348935395036296E-4,0.0019534625411357924,0.0010791163780484163,0.001920723177507874,0.0011908540818180006,0.0013548211848589675,0.0020124141416745104,0.00101366268352079,0.0011820577953266377],[0.0017108751358480263,0.001192801686559625,2.995250451770511E-4,0.004523206563942755,0.013315305975408729,0.0013976486629885783,5.661900785155075E-4,0.001958899637812781,1.0,0.018421735992677758,0.0015158202257363285,0.0015970462993130127,0.001317565100137963,8.594507799422026E-4,0.0012137971739814848,0.001607701147684519,8.431634127467911E-4,9.349033390763965E-4,0.0036655409532466423,0.0012448717994217992,0.0015155278377870249,0.0011201659793566255,0.01025151277280764,0.0022115354194888453,0.0014309405621257432,0.0015806307861190548,5.70314429330362E-4,0.0012405326385325768,8.723139047318062E-4,0.0012810642664168321,0.002070937469419499,0.0013061636812158539,0.0015350241758030382,0.0020366859542580193,0.0015896045558549839,6.379080946161348E-4,0.0015388649614915372,0.05903993929223409,8.316742313745725E-4,0.001392930177699112,9.775526067315953E-4,0.0015473409718207928,0.0011048743492811967,3.9370615770753037E-4,0.0017756287107448712,9.002736267305074E-4,0.0010591324970320548],[0.01751721581049003,0.01157719460904978,0.022509167165455157,0.02442354722003266,0.02581236043747322,0.016266007965506837,0.0110658674635037,0.005336761341059528,0.018421735992677758,1.0,0.004603735674271279,0.0017647391653816194,0.023803894458977036,0.0077779098393948275,0.023181071908215674,0.0196783562828424,0.018281103853898036,0.021858445676966813,0.024734494268759632,0.022272953453874766,0.013867284493197017,0.019331596691346563,0.01386937610530922,0.010679016819804371,0.008692448102143474,0.019614871897442925,0.0017402980707046903,0.001517682059058533,0.009630278372162808,0.0011162077653686837,0.0172685262955346,0.002394208824867005,0.007117110175994343,0.013528810624119317,0.013326099758280441,0.0027450402962511463,0.0144427028323699,0.041367640258012164,0.0036910295629891893,0.022305909288467374,0.011407227536636786,0.005610299358889221,0.008548333274967011,0.012723793526099337,0.004492295908244135,0.004919142151707902,0.004423504031316413],[0.0014011137493695194,8.465454658065355E-4,3.0227232066439106E-4,0.021762704050084906,0.01312412191014508,0.0012547895700466107,4.192711119352232E-4,0.0016470516616453848,0.0015158202257363285,0.004603735674271279,1.0,0.001470239429451003,0.0012209496970916332,0.001269303595286569,4.20369187207729E-4,0.0013648373624367486,5.605954872432415E-4,0.0010504976984399331,0.01180498545115317,7.322879481786427E-4,0.0013831104601939245,9.444219084097558E-4,0.0026204449648997465,0.0024887658160339813,0.001279091135474054,6.749010525627923E-4,1.8480828798835979E-4,0.0012795830084858558,0.0010622611666678524,1.0542879619840086E-4,0.0025586626739277462,2.3440116383062465E-4,4.1408909128533386E-4,0.0016610327761143082,3.070586989217794E-4,3.967456587155968E-4,0.001322635683924073,0.03664483016614366,8.76933527615292E-4,0.001364358342035439,9.221901771463925E-4,0.001380285407028156,0.0011025755024880674,9.704688275447038E-4,0.0018446001229984322,4.7813341173170434E-4,0.0011171575873597582],[0.0017472141473086399,3.608763756966629E-4,2.495231170039965E-4,0.014970436714749465,0.021338927772064076,0.0012659065129796956,0.0014853511714236886,0.0019079304526677804,0.0015970462993130127,0.0017647391653816194,0.001470239429451003,1.0,0.0014122374234310387,5.739985547016877E-4,9.003185954474858E-4,0.0014191485197735912,7.467804522606491E-4,0.0010442788183151082,0.023549420556250582,6.611659211971912E-4,0.0015166207949788833,0.0011109627066585247,0.00889968146602475,0.0025369186772175815,2.4180821334373394E-4,7.280323114045215E-4,0.0015264981902981495,0.0013831641490805186,9.516951240392099E-4,0.0012232370845179452,0.002673514904862533,0.0012576245031699826,2.2186964034344025E-4,0.0021902666344002604,5.427817486314275E-4,0.0010408830738003864,0.001453154923338646,0.006359555957653064,0.0010105225344423925,0.0015155458788180137,6.418928789582958E-4,0.0014221354152731433,0.0010894405582448394,0.0013461802359347355,0.001666530542303879,2.4087766324805754E-4,0.0011538546175506668],[0.0014852424523779972,5.876890801725179E-4,6.051394212422872E-4,0.011214451534344787,0.004311486977492868,0.001060444621839994,6.274175601636912E-4,0.001676867867388528,0.001317565100137963,0.023803894458977036,0.0012209496970916332,0.0014122374234310387,1.0,8.579071859293002E-4,3.99773952617243E-5,0.0012772957891731343,4.910792973090882E-4,4.7174288326640813E-4,0.012738865036424818,3.4907008010691637E-4,0.0013356982411740189,6.744418609561679E-4,0.011077899914814065,0.0026147177112654566,6.084707441086258E-4,9.546906661079527E-4,0.0010196214600429383,0.0011765151354704182,9.724573072824315E-4,3.7553894688064054E-4,0.001366759817358673,5.518432264035832E-4,3.5873177670900965E-4,0.0013954636523886151,2.917291414981642E-4,3.162074795450654E-4,0.0010943787909787133,0.012631961598736197,9.289715346473652E-4,0.001133851418185343,3.8827603310993716E-4,0.0010748407435297142,0.0010642592823542354,6.106491338246384E-4,0.0015389175032894545,3.433356445804711E-4,0.0010317707614863989],[0.001402663541689452,1.6036176522834706E-4,5.958197142133844E-5,0.021486057905904764,0.001340619960060723,3.333566207229338E-4,7.715337526077734E-5,4.1911926426574245E-4,8.594507799422026E-4,0.0077779098393948275,0.001269303595286569,5.739985547016877E-4,8.579071859293002E-4,1.0,4.2467019602593534E-5,2.7582291722931643E-4,2.5648348528073406E-4,1.834900139011232E-4,0.025299161661632093,1.382855514396788E-4,4.6221271560008487E-4,1.6009515215483018E-4,9.9184848460788E-4,0.0023696351856035353,7.704242911613371E-5,1.8459817407496157E-4,1.1292507808925664E-4,7.526181762903932E-4,2.948007213270827E-4,3.719439910334893E-5,6.20322221258856E-4,1.7090724418942019E-4,1.482965880218678E-4,0.0010867654387012697,4.204608537088973E-5,2.546209385807713E-4,7.950033549938303E-4,0.010777318956362568,1.7809153850062033E-4,0.0013469039686933282,1.3581244409720123E-4,0.0010090271824010676,8.285491123605313E-4,1.4400029814696293E-4,6.630975255938368E-4,1.0750489334946875E-4,2.5617605030719607E-4],[3.9871689175164065E-5,1.4423815441607423E-4,1.4328429195737014E-5,0.010786831976036658,0.016262843059619194,6.226167099890447E-4,1.7756842414013056E-5,0.0014962540548184688,0.0012137971739814848,0.023181071908215674,4.20369187207729E-4,9.003185954474858E-4,3.99773952617243E-5,4.2467019602593534E-5,1.0,0.0010412643982545217,2.2605561499003239E-4,1.6167675619049846E-4,0.024222602056000422,1.3202908831911995E-4,6.280717680498279E-4,3.651299844179167E-5,0.0032157936910592096,0.0028059024474743443,3.8408513147601256E-5,4.4412467218095024E-5,8.235642381963758E-5,8.478340412708908E-4,3.324332343268898E-4,1.1355170993743952E-5,0.0012136622437585473,1.4802767636099294E-4,3.8069520854521396E-5,0.0015677713323424115,1.572016906901113E-5,2.1477626837092704E-4,7.887286230743315E-5,0.019587312765349845,9.786240691811104E-5,2.1983024739068526E-4,2.5036076666604996E-5,3.489229698478786E-4,2.579282412198861E-4,9.740424707837399E-5,0.0014834415735379683,1.3730325182619729E-5,6.198824174842362E-4],[0.0013959576428218567,0.0011299981332695756,5.929537901344531E-4,0.010678742757744808,0.020064682049489163,0.001302146845488128,7.877309782748547E-4,0.0014535440477714563,0.001607701147684519,0.0196783562828424,0.0013648373624367486,0.0014191485197735912,0.0012772957891731343,2.7582291722931643E-4,0.0010412643982545217,1.0,3.791044030678347E-4,0.0013096145860198578,0.009272608122957816,0.001215286938049557,0.001392962732620488,2.447735541186902E-4,0.0049881214152452755,0.003814859125113798,1.201661490473206E-4,2.1859908409312665E-4,8.827014779141702E-4,0.0013581294798138525,0.0011908904070139816,0.0010981267436221884,0.0016365015261546251,3.8239526385190376E-4,0.0013868088766267593,0.0015124927694110677,6.994338986999651E-4,0.0013058974696507335,0.0013583397074206631,0.021562228772427548,8.766431541692401E-4,0.0013762094402581238,0.0010201363627829509,0.0013888382792373172,0.0012929006178304008,5.687197239201738E-4,0.001940031405266212,9.107399991350609E-4,0.0013694982688414589],[0.0012066599023700985,2.207626375532775E-4,3.688591886619569E-5,0.01744113928974397,0.0012917496584279255,0.001044750724038096,1.962923551927976E-4,0.0021262034899689024,8.431634127467911E-4,0.018281103853898036,5.605954872432415E-4,7.467804522606491E-4,4.910792973090882E-4,2.5648348528073406E-4,2.2605561499003239E-4,3.791044030678347E-4,1.0,2.2563432233061758E-4,0.009816316492797728,2.6025097165561053E-4,0.00125986969305324,2.292892785157101E-4,0.004503158794547707,0.003261646028293192,6.034615183722427E-5,1.9951353946457226E-4,1.1368251353845406E-4,8.051110923030281E-4,7.276688603260192E-4,9.41769685161228E-5,6.507805126005728E-4,2.547277100492354E-4,1.7330953544925863E-4,6.53498818290189E-4,2.46670945139676E-4,2.6470308285011287E-4,0.0012722504852048283,0.02252110811136179,2.9350125459929336E-4,9.957715006074404E-4,2.7235660630234895E-4,6.706307902642767E-4,6.148018384469538E-4,1.4129767670980722E-4,0.0012199103822487698,1.2082550788520635E-4,5.989883562148323E-4],[0.001683904811381401,1.908672074295599E-4,1.3529759102114567E-4,0.0016048476324547574,0.021732645585729026,5.20661748203019E-4,3.8800194043076245E-5,4.034217854338528E-4,9.349033390763965E-4,0.021858445676966813,0.0010504976984399331,0.0010442788183151082,4.7174288326640813E-4,1.834900139011232E-4,1.6167675619049846E-4,0.0013096145860198578,2.2563432233061758E-4,1.0,0.008530454104948137,1.3821842137100903E-4,5.789555274919572E-4,1.7273890865121623E-4,0.0063233304941150755,0.0034121725013421113,1.5386416598423022E-4,1.9419417844289676E-4,1.4203493989143357E-4,2.519714733442362E-4,7.323468871711504E-4,1.294135618526283E-4,9.293796129470637E-4,1.8939996885954897E-4,1.9692466301288536E-4,2.862043981458602E-4,1.3774508089051907E-4,2.3507399383396703E-4,7.110943934089625E-4,0.0018600326971976264,2.1750453552942697E-4,7.482040214430944E-4,1.9561022149683306E-4,4.758022386001309E-4,2.9960518940399085E-4,1.694381400066953E-4,0.0017444040053011356,4.954816331840613E-5,4.738932662356443E-4],[0.004585404313986831,0.0199809541175252,0.022197401378058236,0.025970091208456836,0.027490500392976156,0.020479650503473383,0.0038868068553534626,0.01313393510169523,0.0036655409532466423,0.024734494268759632,0.01180498545115317,0.023549420556250582,0.012738865036424818,0.025299161661632093,0.024222602056000422,0.009272608122957816,0.009816316492797728,0.008530454104948137,1.0,0.013686764797124894,0.025605424682980826,0.002480650866218097,0.016769312479647823,0.016703678478217132,0.012616350647052297,0.0018205086940294767,0.017886384863414158,0.01602924496065303,0.005908516615082201,0.023114967136630832,0.014545772330911566,0.008325663013705447,0.002135368353425442,0.012691075779039378,0.014852490552021782,0.009903281139127978,0.0051665345420770096,0.054187931992102964,0.018720511343573817,0.013231587887417875,0.024632924566371044,0.012937292975904041,0.01628051218894916,0.018965723050591892,0.00884277732817163,0.014715628608301402,0.0026521002085285973],[0.0016657261580168244,1.457062402217293E-4,1.0949365201403066E-4,0.02256998775070006,9.181483200403218E-4,2.0290215863085815E-4,5.9223801316088935E-5,9.94059027930941E-4,0.0012448717994217992,0.022272953453874766,7.322879481786427E-4,6.611659211971912E-4,3.4907008010691637E-4,1.382855514396788E-4,1.3202908831911995E-4,0.001215286938049557,2.6025097165561053E-4,1.3821842137100903E-4,0.013686764797124894,1.0,0.00112160414161257,1.5718184255454298E-4,0.005773252226451362,0.0014244676424235412,1.037771897375438E-4,1.605021638591068E-4,1.1270135655836E-4,7.926838637469698E-4,1.5909749341400345E-4,7.413104062182836E-5,0.0013240123567717062,1.7183835159534263E-4,1.399983489479947E-4,1.8815963569157598E-4,2.3265103360331716E-5,1.5369438090365636E-4,5.848893792105519E-4,0.047491304011611314,2.6138581762516987E-4,1.4650449507665786E-4,1.2369031074324413E-4,5.044997670582454E-4,8.510378490239237E-4,1.3307755341739847E-4,0.0014233202034827776,7.437914348090747E-5,4.814934397658542E-4],[0.0014291195423703292,5.729473353047808E-4,7.9455450256558E-4,0.022161747532416343,0.020592549985839315,0.0013787996538891913,0.0010210794579825436,0.0020166781951280023,0.0015155278377870249,0.013867284493197017,0.0013831104601939245,0.0015166207949788833,0.0013356982411740189,4.6221271560008487E-4,6.280717680498279E-4,0.001392962732620488,0.00125986969305324,5.789555274919572E-4,0.025605424682980826,0.00112160414161257,1.0,6.232652420757421E-4,0.004537309610401338,0.0019530766807351928,4.482296062240669E-4,1.9685734972315152E-4,0.0011417693436075902,0.0012916622949357562,9.502386453326714E-4,3.6091460734457095E-4,0.00241810864517764,0.0013841277278668336,0.0010623774408317934,0.00201243137390037,5.423127766359485E-4,6.662529687052011E-4,0.001304075781480273,0.023438023624738586,4.223117895610942E-4,0.0013935247480430324,0.001132941021211093,0.0013939721182270356,0.0012994701514844832,0.0011285247576752761,0.0014308277092073042,0.0010706774195827265,0.0012272504149332974],[4.346468948695217E-4,1.739550485740612E-4,1.5943067090963946E-4,0.013896209930630852,0.015642398568016865,3.0784526124294834E-4,6.683661347709403E-5,6.8189753238752E-4,0.0011201659793566255,0.019331596691346563,9.444219084097558E-4,0.0011109627066585247,6.744418609561679E-4,1.6009515215483018E-4,3.651299844179167E-5,2.447735541186902E-4,2.292892785157101E-4,1.7273890865121623E-4,0.002480650866218097,1.5718184255454298E-4,6.232652420757421E-4,1.0,0.010425008395948222,0.002892383006209571,7.564217944172418E-5,1.7178851342169972E-4,1.0964573441148643E-4,1.6124895083814768E-4,5.510168807178669E-4,1.543888747820858E-4,7.135456703104149E-4,1.717156083622266E-4,1.5485033301068155E-4,6.674432932728099E-4,1.295900166991124E-4,1.9588271458391505E-4,1.9766324770348703E-4,0.05033736954193344,1.70893045783694E-4,8.373140267465468E-4,1.2091025987442281E-4,0.0010340387600777689,6.388739500584831E-4,1.5420243806261083E-4,0.0012943390333380734,1.1491161806101872E-4,5.67927175976989E-4],[0.0032461611452322798,0.001731725636566045,0.004331865072572459,0.014545598838554583,0.023571355743731124,0.004579223609769526,0.003391939856865179,0.002777501477121824,0.01025151277280764,0.01386937610530922,0.0026204449648997465,0.00889968146602475,0.011077899914814065,9.9184848460788E-4,0.0032157936910592096,0.0049881214152452755,0.004503158794547707,0.0063233304941150755,0.016769312479647823,0.005773252226451362,0.004537309610401338,0.010425008395948222,1.0,0.00848454080079961,0.0031992213938110215,0.005200907867945876,0.0027156459747572407,0.003760575973381773,0.007730315290146637,0.004740239477966098,0.008608162875991828,0.004291772252770984,0.0026187858685788254,0.007794739347509242,9.311731676432602E-4,0.009362380422465903,0.006662002271538583,0.04394230180687231,0.007186556340004107,0.004893133882790003,0.0038697918485997105,0.005593349530782709,0.007193786348370359,0.01023662428454115,0.007465610567192162,0.0035490192709959375,0.005402966442489127],[0.0018030258961426683,0.002084107909096618,0.0025923126731291265,0.011233769218826368,0.00887146621621097,0.003065869628042905,0.003845943117227705,0.0026869567246505803,0.0022115354194888453,0.010679016819804371,0.0024887658160339813,0.0025369186772175815,0.0026147177112654566,0.0023696351856035353,0.0028059024474743443,0.003814859125113798,0.003261646028293192,0.0034121725013421113,0.016703678478217132,0.0014244676424235412,0.0019530766807351928,0.002892383006209571,0.00848454080079961,1.0,0.0022471243062673705,0.0018862141944546995,6.125753997827824E-4,0.002957409812008989,0.0032973456247688674,0.003429043442915173,0.0031240541748307742,0.0022851408400102035,0.0012175420368309379,0.0024897208670252107,0.001470891597766692,0.0015753375456645075,0.0013757867802179323,0.011980177122057883,0.0034135664446943085,0.0032634612972678037,7.601939793144608E-4,0.0016335948944957953,0.0024442074287841786,0.001299661832568273,0.003727068596992464,0.0020437799562740286,0.002272865857397963],[0.0013204557912984648,1.243448559984721E-4,3.1507058369014044E-5,0.010276386840501844,0.01823810107752513,1.7746052632417088E-4,3.182070348820094E-5,0.0017172247805090541,0.0014309405621257432,0.008692448102143474,0.001279091135474054,2.4180821334373394E-4,6.084707441086258E-4,7.704242911613371E-5,3.8408513147601256E-5,1.201661490473206E-4,6.034615183722427E-5,1.5386416598423022E-4,0.012616350647052297,1.037771897375438E-4,4.482296062240669E-4,7.564217944172418E-5,0.0031992213938110215,0.0022471243062673705,1.0,1.236779336958211E-4,6.997707310304967E-5,3.2301597620909995E-4,3.9965949788037095E-4,4.46139752097199E-5,0.0014802938694333427,1.625379467823862E-4,1.4314136349224211E-4,3.256729825963329E-4,3.271179822801676E-5,1.858179825767291E-4,0.0012268543833124056,0.021204068446925323,1.4928938485379379E-4,0.001279341005205878,6.946834546855301E-5,0.0012010312761888745,2.5744740020273624E-4,5.306265148200063E-5,5.294571711990903E-4,1.7196326431517558E-5,5.942310364112762E-4],[9.403339478232962E-4,1.8400842894463897E-4,2.434746759932437E-5,0.0021992053690238884,0.012390425464176591,6.33612400005675E-4,9.752391052994411E-5,0.001975686418329731,0.0015806307861190548,0.019614871897442925,6.749010525627923E-4,7.280323114045215E-4,9.546906661079527E-4,1.8459817407496157E-4,4.4412467218095024E-5,2.1859908409312665E-4,1.9951353946457226E-4,1.9419417844289676E-4,0.0018205086940294767,1.605021638591068E-4,1.9685734972315152E-4,1.7178851342169972E-4,0.005200907867945876,0.0018862141944546995,1.236779336958211E-4,1.0,1.8430930332748787E-4,0.0011762931455990592,5.341067203122971E-4,1.3953615945721035E-4,0.002821851437037282,1.814461598808475E-4,1.753500001430688E-4,0.0021900299353691953,1.3620564637367683E-4,2.594344859973522E-4,4.386680968579176E-4,0.027746211627371765,2.4320877451316613E-4,7.682534412255691E-4,1.5899278767365641E-4,0.0013265523334006681,8.487441488807229E-4,1.4330233843091626E-4,0.0013438011211533468,8.232463276525354E-5,7.478221984556842E-4],[0.0017643399185040443,1.4174933225223618E-4,8.473066644593076E-5,0.010432201785067681,0.011098507448379992,6.434445578994658E-4,4.254458419748893E-5,0.0017569530061573488,5.70314429330362E-4,0.0017402980707046903,1.8480828798835979E-4,0.0015264981902981495,0.0010196214600429383,1.1292507808925664E-4,8.235642381963758E-5,8.827014779141702E-4,1.1368251353845406E-4,1.4203493989143357E-4,0.017886384863414158,1.1270135655836E-4,0.0011417693436075902,1.0964573441148643E-4,0.0027156459747572407,6.125753997827824E-4,6.997707310304967E-5,1.8430930332748787E-4,1.0,1.5042300237003262E-4,2.444928670340687E-4,6.872910778763224E-5,8.185803636214624E-4,1.765268234120561E-4,1.471642753487285E-4,0.0010947211378860339,8.71878306246301E-5,1.2783445290622515E-4,0.0010286932488156682,0.015587865140535668,2.3522902787745164E-4,5.821510369434026E-4,1.097914877936805E-4,1.2513315842007012E-4,9.252243136102702E-4,1.1214468697430776E-4,0.0012873627977970196,6.72040274320658E-5,3.454982137440485E-4],[0.0013704479206385189,8.397996807215462E-4,4.757097971843016E-4,0.020933378914868305,0.007371668775702906,0.0012238029849964147,5.915631921947547E-4,0.002070397143613434,0.0012405326385325768,0.001517682059058533,0.0012795830084858558,0.0013831641490805186,0.0011765151354704182,7.526181762903932E-4,8.478340412708908E-4,0.0013581294798138525,8.051110923030281E-4,2.519714733442362E-4,0.01602924496065303,7.926838637469698E-4,0.0012916622949357562,1.6124895083814768E-4,0.003760575973381773,0.002957409812008989,3.2301597620909995E-4,0.0011762931455990592,1.5042300237003262E-4,1.0,8.788493337462142E-4,3.5335854083724344E-4,0.0015059646255537742,0.0011220525864028689,6.630337959734028E-4,0.00204470336344547,7.60095922049225E-4,6.262718514052967E-4,0.0012921627171703547,0.04967604236472118,0.001011797540572801,0.0012753700803300055,7.488765771024138E-4,0.0012109605019036218,0.0010992754786548573,5.476329844667787E-4,0.0019497235616562783,0.001142048405636362,0.0010933829428769694],[0.0011251685025282158,5.082114576664207E-4,1.4900433559270917E-4,0.022062955610983002,0.007119969222092917,9.345326848903956E-4,8.085544721536829E-4,0.00203530017729071,8.723139047318062E-4,0.009630278372162808,0.0010622611666678524,9.516951240392099E-4,9.724573072824315E-4,2.948007213270827E-4,3.324332343268898E-4,0.0011908904070139816,7.276688603260192E-4,7.323468871711504E-4,0.005908516615082201,1.5909749341400345E-4,9.502386453326714E-4,5.510168807178669E-4,0.007730315290146637,0.0032973456247688674,3.9965949788037095E-4,5.341067203122971E-4,2.444928670340687E-4,8.788493337462142E-4,1.0,6.030362312701793E-4,0.0013078630877961786,6.186648894626482E-4,8.157437724927506E-4,0.0014935631330051829,7.839743748719346E-4,5.836010622810658E-4,8.859243681050688E-4,0.011460144955925403,6.360245974744477E-4,0.0010304451699792673,2.784405367563503E-4,0.0013488820065241584,8.975039294360856E-4,6.176567114627961E-4,9.87667150125548E-4,2.1321013713072854E-4,0.001012164002820081],[0.0014367075367643653,1.384249968986366E-4,1.2781145553056163E-5,0.003629424026711417,0.02680761489257111,3.971635276083339E-4,1.1935378567447925E-5,4.8721757325048795E-4,0.0012810642664168321,0.0011162077653686837,1.0542879619840086E-4,0.0012232370845179452,3.7553894688064054E-4,3.719439910334893E-5,1.1355170993743952E-5,0.0010981267436221884,9.41769685161228E-5,1.294135618526283E-4,0.023114967136630832,7.413104062182836E-5,3.6091460734457095E-4,1.543888747820858E-4,0.004740239477966098,0.003429043442915173,4.46139752097199E-5,1.3953615945721035E-4,6.872910778763224E-5,3.5335854083724344E-4,6.030362312701793E-4,1.0,0.0026900267003527366,2.935490839721442E-5,9.151751827572638E-5,9.331122041624596E-4,1.5687681369495813E-5,2.3191845021264354E-4,0.0011853885399036512,0.05979679179073087,6.45892505270712E-5,6.948751147771705E-4,6.442554480196192E-5,5.281881264344655E-4,6.39493931367013E-4,1.211408931504162E-4,0.0010397354821727843,1.1961983680687428E-5,4.3183541820146417E-4],[0.0018920288407197874,6.143924625485691E-4,0.0022197474712246884,0.022195198210283016,0.010126489515639063,0.0017138014997110373,0.0015865204698267174,0.0022717706668788328,0.002070937469419499,0.0172685262955346,0.0025586626739277462,0.002673514904862533,0.001366759817358673,6.20322221258856E-4,0.0012136622437585473,0.0016365015261546251,6.507805126005728E-4,9.293796129470637E-4,0.014545772330911566,0.0013240123567717062,0.00241810864517764,7.135456703104149E-4,0.008608162875991828,0.0031240541748307742,0.0014802938694333427,0.002821851437037282,8.185803636214624E-4,0.0015059646255537742,0.0013078630877961786,0.0026900267003527366,1.0,6.426344285294213E-4,0.0010248774356308836,0.0027246626837519566,0.0015986319346212175,0.00225560922926985,0.0027578225951342033,0.04550956320927359,0.0017191533062130187,0.002807875496937328,0.002081514362278493,0.002708707851157995,0.0018542598104834037,0.0010542471065262573,0.0022874331110562473,0.0023517089222708505,0.002144711638791747],[2.4144946420934498E-4,1.8033934450549554E-4,1.0349278898705587E-4,0.018180590228090012,0.008070970914648659,4.7180715204947856E-4,5.133591343676519E-5,0.0015304051447886297,0.0013061636812158539,0.002394208824867005,2.3440116383062465E-4,0.0012576245031699826,5.518432264035832E-4,1.7090724418942019E-4,1.4802767636099294E-4,3.8239526385190376E-4,2.547277100492354E-4,1.8939996885954897E-4,0.008325663013705447,1.7183835159534263E-4,0.0013841277278668336,1.717156083622266E-4,0.004291772252770984,0.0022851408400102035,1.625379467823862E-4,1.814461598808475E-4,1.765268234120561E-4,0.0011220525864028689,6.186648894626482E-4,2.935490839721442E-5,6.426344285294213E-4,1.0,1.6175622383676438E-4,0.0020278957720917504,2.362576410431286E-5,2.4705093417315974E-4,4.7570193454164267E-4,0.027115075861369485,2.789091057735092E-4,0.0012975897651281096,1.7739880202365815E-4,3.7103131774696385E-4,9.372545428036675E-4,1.3326776300256817E-4,0.001592000507754019,1.748374847371999E-4,4.409957581847663E-4],[0.0014894128375674185,1.6322833700795644E-4,1.1398693470773111E-4,0.0177646849109422,0.0163420450903114,7.023469896104049E-4,1.222738359659379E-4,0.0017729139987523704,0.0015350241758030382,0.007117110175994343,4.1408909128533386E-4,2.2186964034344025E-4,3.5873177670900965E-4,1.482965880218678E-4,3.8069520854521396E-5,0.0013868088766267593,1.7330953544925863E-4,1.9692466301288536E-4,0.002135368353425442,1.399983489479947E-4,0.0010623774408317934,1.5485033301068155E-4,0.0026187858685788254,0.0012175420368309379,1.4314136349224211E-4,1.753500001430688E-4,1.471642753487285E-4,6.630337959734028E-4,8.157437724927506E-4,9.151751827572638E-5,0.0010248774356308836,1.6175622383676438E-4,1.0,0.0012641988677219366,1.4866969047294578E-4,2.3664873120743878E-4,0.0010063480050250526,0.0538059558311054,2.0032139809855574E-4,0.0012086947938323668,1.2710042091154235E-4,0.0010012863698093863,7.638673188904695E-4,1.4840236219465202E-4,6.237161392477833E-4,4.696984486784511E-5,1.63114099191044E-4],[0.001960453453380167,0.0016810201699216203,0.0018323906790138067,0.009450607635631044,0.008287556783472226,0.0013596233127780904,0.001854076431730093,0.0023373601750544064,0.0020366859542580193,0.013528810624119317,0.0016610327761143082,0.0021902666344002604,0.0013954636523886151,0.0010867654387012697,0.0015677713323424115,0.0015124927694110677,6.53498818290189E-4,2.862043981458602E-4,0.012691075779039378,1.8815963569157598E-4,0.00201243137390037,6.674432932728099E-4,0.007794739347509242,0.0024897208670252107,3.256729825963329E-4,0.0021900299353691953,0.0010947211378860339,0.00204470336344547,0.0014935631330051829,9.331122041624596E-4,0.0027246626837519566,0.0020278957720917504,0.0012641988677219366,1.0,0.0010461189123568532,0.001099404889359224,0.0016450335927337815,0.059676890755001225,4.536297275079238E-4,0.001662338578660406,1.797152626367721E-4,0.0017352218141700078,0.002024900838882878,0.0016521404895042833,0.002353806705975722,1.0054151021194534E-4,0.001834982401426139],[0.0017225137532254752,4.067654409889942E-5,1.4280699668136095E-5,0.013763211576575524,0.0016205009303830494,6.862334212883865E-4,2.3249438345781043E-5,5.497489704150959E-4,0.0015896045558549839,0.013326099758280441,3.070586989217794E-4,5.427817486314275E-4,2.917291414981642E-4,4.204608537088973E-5,1.572016906901113E-5,6.994338986999651E-4,2.46670945139676E-4,1.3774508089051907E-4,0.014852490552021782,2.3265103360331716E-5,5.423127766359485E-4,1.295900166991124E-4,9.311731676432602E-4,0.001470891597766692,3.271179822801676E-5,1.3620564637367683E-4,8.71878306246301E-5,7.60095922049225E-4,7.839743748719346E-4,1.5687681369495813E-5,0.0015986319346212175,2.362576410431286E-5,1.4866969047294578E-4,0.0010461189123568532,1.0,5.302971249238592E-5,3.98833771625572E-4,0.04525291229705083,1.6799408838963454E-4,3.1628341844250113E-4,8.114825560756478E-5,8.488215791733905E-4,1.5605907556853247E-4,9.749223946318571E-5,3.6583910640112073E-4,1.3325204746585775E-5,7.430695355724695E-4],[0.0016761652431737358,1.8792684005019636E-4,1.044825251733727E-4,0.020904850427876643,0.004903497985710632,5.24883875924537E-4,1.3863417643430881E-4,0.001283254763659916,6.379080946161348E-4,0.0027450402962511463,3.967456587155968E-4,0.0010408830738003864,3.162074795450654E-4,2.546209385807713E-4,2.1477626837092704E-4,0.0013058974696507335,2.6470308285011287E-4,2.3507399383396703E-4,0.009903281139127978,1.5369438090365636E-4,6.662529687052011E-4,1.9588271458391505E-4,0.009362380422465903,0.0015753375456645075,1.858179825767291E-4,2.594344859973522E-4,1.2783445290622515E-4,6.262718514052967E-4,5.836010622810658E-4,2.3191845021264354E-4,0.00225560922926985,2.4705093417315974E-4,2.3664873120743878E-4,0.001099404889359224,5.302971249238592E-5,1.0,0.0011468692977772191,0.04748743208997661,2.818089181484155E-4,4.597512108928237E-4,2.500207656584406E-4,9.471570098408349E-4,7.731785391471107E-4,2.0757231274340645E-4,8.580778704802762E-4,1.7499246295722836E-4,5.2046321502735E-4],[0.0014717691558527746,8.692953621687463E-4,9.068652588678006E-4,0.016398425515431417,0.02169084883288603,0.0012501630566628548,1.109712974715054E-4,0.0013422998473342814,0.0015388649614915372,0.0144427028323699,0.001322635683924073,0.001453154923338646,0.0010943787909787133,7.950033549938303E-4,7.887286230743315E-5,0.0013583397074206631,0.0012722504852048283,7.110943934089625E-4,0.0051665345420770096,5.848893792105519E-4,0.001304075781480273,1.9766324770348703E-4,0.006662002271538583,0.0013757867802179323,0.0012268543833124056,4.386680968579176E-4,0.0010286932488156682,0.0012921627171703547,8.859243681050688E-4,0.0011853885399036512,0.0027578225951342033,4.7570193454164267E-4,0.0010063480050250526,0.0016450335927337815,3.98833771625572E-4,0.0011468692977772191,1.0,0.018043195750545214,0.001196766227304033,0.0013109092913699476,0.0011274160790703967,0.0013116515744809453,0.0011581350189556053,0.0011933636713769677,0.001609619099074373,0.0011782486698220958,0.0012315560762016472],[0.01571156369800832,0.030040808703155696,0.009720399804812692,0.0372786742326932,0.029206185882971015,0.022048254555350533,0.012308833999951738,0.048033666834075006,0.05903993929223409,0.041367640258012164,0.03664483016614366,0.006359555957653064,0.012631961598736197,0.010777318956362568,0.019587312765349845,0.021562228772427548,0.02252110811136179,0.0018600326971976264,0.054187931992102964,0.047491304011611314,0.023438023624738586,0.05033736954193344,0.04394230180687231,0.011980177122057883,0.021204068446925323,0.027746211627371765,0.015587865140535668,0.04967604236472118,0.011460144955925403,0.05979679179073087,0.04550956320927359,0.027115075861369485,0.0538059558311054,0.059676890755001225,0.04525291229705083,0.04748743208997661,0.018043195750545214,1.0,0.008349520964085694,0.03390019356435038,0.036824698051360266,0.022599895977564198,0.04772320163860906,0.040300958061950255,0.03425108192517888,0.018577491458125605,0.04305309413223453],[0.0016386567530005045,2.864207960427051E-4,2.954986145363065E-4,3.4396719641423436E-4,0.004205505574792753,4.0396090326882787E-4,2.49978889434914E-4,5.348935395036296E-4,8.316742313745725E-4,0.0036910295629891893,8.76933527615292E-4,0.0010105225344423925,9.289715346473652E-4,1.7809153850062033E-4,9.786240691811104E-5,8.766431541692401E-4,2.9350125459929336E-4,2.1750453552942697E-4,0.018720511343573817,2.6138581762516987E-4,4.223117895610942E-4,1.70893045783694E-4,0.007186556340004107,0.0034135664446943085,1.4928938485379379E-4,2.4320877451316613E-4,2.3522902787745164E-4,0.001011797540572801,6.360245974744477E-4,6.45892505270712E-5,0.0017191533062130187,2.789091057735092E-4,2.0032139809855574E-4,4.536297275079238E-4,1.6799408838963454E-4,2.818089181484155E-4,0.001196766227304033,0.008349520964085694,1.0,8.097339133389569E-4,1.400601410569267E-4,4.4676273461784633E-4,3.0943038759103573E-4,2.345407124378454E-4,6.163571422576468E-4,1.193753518303436E-4,8.3208159792488E-4],[0.0013798077121942964,0.0010795904057821785,5.836145046082083E-4,0.01194996523512131,0.01198753899748874,0.0012980526332424201,7.668740565769383E-5,0.0019534625411357924,0.001392930177699112,0.022305909288467374,0.001364358342035439,0.0015155458788180137,0.001133851418185343,0.0013469039686933282,2.1983024739068526E-4,0.0013762094402581238,9.957715006074404E-4,7.482040214430944E-4,0.013231587887417875,1.4650449507665786E-4,0.0013935247480430324,8.373140267465468E-4,0.004893133882790003,0.0032634612972678037,0.001279341005205878,7.682534412255691E-4,5.821510369434026E-4,0.0012753700803300055,0.0010304451699792673,6.948751147771705E-4,0.002807875496937328,0.0012975897651281096,0.0012086947938323668,0.001662338578660406,3.1628341844250113E-4,4.597512108928237E-4,0.0013109092913699476,0.03390019356435038,8.097339133389569E-4,1.0,0.0011471875814482648,0.0013752878283754973,0.001339813865780684,4.3656882285623305E-4,0.0018234847075533373,8.069666664627447E-4,0.001358184346981915],[0.0012636606602370079,1.4307218771186664E-4,1.7999884295757837E-5,0.004659380711796199,0.004660021655665714,2.651946980626273E-4,7.724003862015917E-5,0.0010791163780484163,9.775526067315953E-4,0.011407227536636786,9.221901771463925E-4,6.418928789582958E-4,3.8827603310993716E-4,1.3581244409720123E-4,2.5036076666604996E-5,0.0010201363627829509,2.7235660630234895E-4,1.9561022149683306E-4,0.024632924566371044,1.2369031074324413E-4,0.001132941021211093,1.2091025987442281E-4,0.0038697918485997105,7.601939793144608E-4,6.946834546855301E-5,1.589927876