[[1.0,3.497641134581163E-4,0.0014027602883954918,1.4231389593089667E-4,8.82863456337848E-4,0.01902531889092203,1.0133126042078915E-4,5.854495795932131E-5,7.52878160346658E-4,2.8594337258659654E-4,0.0016340629192271054,3.174255043998653E-4,0.002715458189855755,7.901552504714892E-5,3.0108368181752546E-4,6.51229747830385E-5,1.2074046475782352E-4,9.78834585369037E-5,1.325109011020634E-4,1.9157062550966027E-5,8.825446810732763E-4,0.011327742848641537,9.831287084796016E-4,0.002188709176282532,0.0023149622039785184,1.3260710560724775E-4,0.0034461331217375854,1.3907043679981158E-4,1.688087440791425E-4,1.3996330947235898E-4,1.652057995414435E-4,4.953682345875097E-4,2.77796846096183E-4,1.255970006681413E-4,2.3716122175596862E-4,5.409906748505689E-5,1.7472980760809288E-4,1.99271047375676E-4,1.7208567321631924E-4,0.008106061720292313,0.0016591358572388333,1.4220103428788875E-4,0.01162501606940129,1.0104201588019382E-4,1.2840176518299823E-4,1.805906248453094E-4],[3.497641134581163E-4,1.0,0.02043265082612081,4.39089645725944E-4,5.629424807067568E-4,0.0031192636546528603,3.824743904797186E-4,2.724550378136826E-4,6.197178421865205E-4,5.967910819659373E-4,0.003167908793325092,4.5343541657452517E-4,0.0016940711035673438,1.2071486916655841E-4,3.898836358340491E-4,3.097789689850218E-5,3.2500082649644354E-4,6.743043526707001E-5,1.7969716062120298E-4,5.07715226995349E-4,7.714307329973933E-4,0.014111298551850997,0.0012406700506566995,0.0010132873641080784,0.0025548666215809,1.0430311266222782E-4,0.001953390766483461,1.4365139157064278E-4,2.9505103752945996E-4,3.9610796914411113E-4,3.50437771629267E-4,5.431144211954661E-4,3.015673262254473E-4,3.6773221911502176E-4,4.824280107659215E-4,4.8283291360817646E-5,3.226681324612499E-4,3.804493312241251E-4,4.5048552357736206E-4,0.006589687288837935,0.0013829250588845536,4.0465557836197525E-4,0.0016232238896742694,3.1281633115220667E-4,4.5752308791097515E-4,0.0031327759369642475],[0.0014027602883954918,0.02043265082612081,1.0,0.01696459178453704,0.02644135085331884,0.034465610376885954,0.017017254749165402,9.305318853830096E-4,0.010771428564279494,0.011011056428559717,0.019407340248978146,0.0180252151699888,0.026086273695332528,0.014116601428999297,0.020673934190637875,0.022549007252326964,0.005017336829927926,0.018527361056750572,0.024167926021127734,0.024368248073430496,0.016961980980131148,0.02124757593807608,0.007462797089960447,0.01621215514648141,0.02677120884901142,0.010975283630733364,0.018068215429251962,0.0018397306111969005,0.008758136611652912,0.014312645256609448,0.016984859146001178,0.007449394849208672,0.010240886204437838,0.022814516912078343,0.016206264938396036,0.006016150919891429,0.028147719062265923,0.026965507820012898,0.0036273675325876513,0.02572522894720325,0.006957619941211076,0.014022442186637516,0.026217202338099484,0.018295107450153114,0.004364854307187131,0.01962171817347387],[1.4231389593089667E-4,4.39089645725944E-4,0.01696459178453704,1.0,2.31981234603315E-4,0.013657711765294416,1.2345981464451813E-4,1.0814154030761857E-4,0.0013922016874140933,2.9338505141398707E-4,0.0017865853003860125,3.486098198756947E-4,0.0011576379760998617,2.0300544019611276E-5,2.7453100991333356E-4,1.8851417083431072E-5,1.12365129682104E-4,8.699239171842327E-5,1.448965691614819E-4,9.18548221094827E-5,8.737191282949127E-4,0.0071579204498459625,6.561081996682142E-4,0.0025158611789044055,0.0018512089655526478,9.865249276383088E-5,0.0031285161462114145,1.3872230299890857E-4,1.8760734780937083E-4,1.4513393442132236E-4,1.506315269979987E-4,6.615030887409315E-4,1.5685419382168247E-4,1.308547145030435E-4,2.519855734503122E-4,6.69853675258837E-5,1.698810150827254E-4,1.8360818275833492E-4,1.6932771223631107E-4,0.006833691120537362,0.0016810494598368299,1.4723390454827513E-4,0.013297515963223878,9.235492513407245E-5,6.939276078028819E-5,0.008251824027787411],[8.82863456337848E-4,5.629424807067568E-4,0.02644135085331884,2.31981234603315E-4,1.0,0.0023072657713537254,8.967393359762966E-4,6.06511899729913E-4,0.0013083641026845247,9.506210795627307E-4,0.0019886064810515714,7.603821433512162E-4,0.0022721900471982634,1.5841118998401006E-4,3.6006923633225246E-4,1.6157942790692405E-4,7.439719247813324E-4,9.549283966422061E-4,9.504361610710361E-4,2.3143399543221684E-4,0.0015927680045383027,0.0015554590072374783,0.0013435942546631812,0.0018109789641948522,0.001001831636969678,8.56730797602174E-4,0.002089906104497042,6.519512129499065E-4,4.725096743671164E-4,7.510474967052998E-4,9.404568242959829E-4,8.332252930426903E-4,8.767488188989349E-4,8.78843813633248E-4,4.4886867217964165E-4,9.438578785820048E-4,3.5000800313938883E-4,6.646786526984204E-4,5.426567202291514E-4,0.0010677867166387733,0.0017102567601628557,4.1293352787335027E-4,0.003567783167219641,7.128789465203486E-4,2.5787146990563E-4,0.008509667780464875],[0.01902531889092203,0.0031192636546528603,0.034465610376885954,0.013657711765294416,0.0023072657713537254,1.0,0.02060704947962842,0.010899713771996876,0.022200359130433722,0.02701296855551815,0.010081981787381983,0.018966125313426164,0.04328953434976971,0.0344558591091114,0.028437232053813138,0.011279899784445583,0.029129898699641645,0.027516225898973238,0.041717072167224645,0.02903925960835012,0.011848690631824383,0.027737916069452175,0.02183255863260411,0.04301711109228913,0.011616758092071298,0.026589664213534522,0.03930202730330532,0.024380988598645736,0.021556737639864768,0.039608199946336686,0.02873118955637838,0.005969399890086339,0.007833589830044837,0.012699226769221712,0.014984979728037575,0.01042850187510789,0.005920470939580158,0.04008398156074087,0.021139777621844585,0.014865563416324352,0.04230383713190041,0.0015815988606732452,0.017921094745282924,0.010342257368379779,0.025559253629030648,0.02222649767279166],[1.0133126042078915E-4,3.824743904797186E-4,0.017017254749165402,1.2345981464451813E-4,8.967393359762966E-4,0.02060704947962842,1.0,8.497309365122675E-5,0.0013555430879276362,9.42976457362044E-4,0.004857021575788897,1.0237455582285305E-4,0.002385774480757077,5.148357000696702E-5,3.1964885039377803E-4,2.8572924493360345E-5,7.828305260138868E-5,7.689725647872346E-5,1.2928161177723003E-4,8.216049336588813E-5,8.924906713014989E-4,0.008867003400628326,7.712474625770909E-4,7.840812446587146E-4,0.0010981452876830955,7.536477894885766E-5,4.4257297503110513E-4,1.0598018157564695E-4,1.6240311452689286E-4,1.0233177521336325E-4,1.0180090910339736E-4,3.146076762293426E-4,1.0697283010462725E-4,1.1720208992422362E-4,2.453511886142478E-4,4.8645928904385654E-5,1.801559553044511E-4,2.2869790523491243E-4,1.7119421418214912E-4,0.007757308313931905,2.688090926529932E-4,1.3273196812928163E-4,0.0032690380643383755,7.139076627868211E-5,3.0002771653904605E-5,0.009915150622784356],[5.854495795932131E-5,2.724550378136826E-4,9.305318853830096E-4,1.0814154030761857E-4,6.06511899729913E-4,0.010899713771996876,8.497309365122675E-5,1.0,3.5098579567609565E-4,6.369962605508873E-4,0.001133641272956249,2.0146684255815578E-4,0.0027471973396499677,1.2518500773186478E-5,3.13757884338071E-4,1.7061689013169495E-5,1.2493876295986197E-5,1.1783786730332807E-5,2.14054263398466E-5,1.7136938475054836E-5,9.665390668340969E-5,0.011274677320596668,0.0011857815272540316,0.0015948110141254818,0.002840917662328951,2.0394721675942453E-5,0.0027474264232553486,6.259688447031956E-5,1.1141564240803724E-4,7.689527004956772E-5,1.6260345773801236E-4,5.729195147769567E-4,2.2882173825262227E-4,4.2362060418994086E-5,1.0279584847003266E-4,1.8508097976483717E-5,1.6479740551236314E-4,2.0801141151120938E-4,1.1572880929750815E-4,0.006135647792930617,0.001222196322654204,1.0132251391602821E-4,0.005514612319502079,1.5676118211011957E-5,1.2577377874509627E-5,0.008295588950152461],[7.52878160346658E-4,6.197178421865205E-4,0.010771428564279494,0.0013922016874140933,0.0013083641026845247,0.022200359130433722,0.0013555430879276362,3.5098579567609565E-4,1.0,0.0012894824241332056,0.0021534759102478877,0.0012059975775710419,0.002349264111338979,1.1236631722846848E-4,4.4130058222525547E-4,0.0013535386928468201,1.3074773004614524E-4,2.060597292838971E-4,0.0016088095244958618,6.093318185058015E-4,0.0016802338260780434,0.004279239351097018,0.0016525942033848394,0.0023680854809618713,0.002511938683973154,0.001326597753114286,0.0016813324970865896,0.0011567692628459704,0.0011939848534492925,0.001051181735362403,5.488438859729834E-4,0.0016245876165359061,6.994600792559825E-4,2.5443169287081644E-4,4.0966754516743946E-4,7.803353201250914E-4,0.0012087150152856588,8.538259424413527E-4,0.0015715035027867902,0.012282036029825548,0.0019172546400102587,0.0014942502499149554,0.01596775863540583,0.0012364344982779554,6.602212139235531E-4,0.007806498327230273],[2.8594337258659654E-4,5.967910819659373E-4,0.011011056428559717,2.9338505141398707E-4,9.506210795627307E-4,0.02701296855551815,9.42976457362044E-4,6.369962605508873E-4,0.0012894824241332056,1.0,0.0043322703507235275,7.425522814236162E-4,0.0013939348193528823,1.4313991443526757E-5,9.210574571519926E-4,2.7961995662923947E-4,6.444623890467097E-4,2.6767509436564273E-4,5.107015171533837E-4,2.1509359435874378E-4,0.0014070792308597967,0.0052506677330179784,0.0013296142610357802,0.0015131608124906164,0.0013212944576963175,9.037609781385592E-5,0.0029215055403512603,1.7025261390593788E-4,4.901112973593343E-4,3.780016137929726E-4,8.940487186128967E-4,9.436744979055959E-4,3.389154017515829E-4,3.287662634541957E-4,9.394420351596367E-4,4.672432233993135E-4,2.7242279254650366E-4,7.340783306292384E-4,6.993742093287945E-4,0.012417840045442701,0.0011060416218375327,6.743214609289253E-4,0.006542194287339926,7.21108842815045E-4,1.333753927909734E-4,0.008783197748460127],[0.0016340629192271054,0.003167908793325092,0.019407340248978146,0.0017865853003860125,0.0019886064810515714,0.010081981787381983,0.004857021575788897,0.001133641272956249,0.0021534759102478877,0.0043322703507235275,1.0,0.0011371606529971246,0.004563797508212326,0.0027673589588302536,0.0033719578596211703,0.0035897479438040244,0.0031260361629955025,0.001466877521733531,6.766248952787509E-4,0.0016823241363901997,0.0037281581895118026,0.012012254004083945,0.0018137151804495637,0.005379948850129286,0.003476221470774215,0.0020135996206918144,0.0040000813033261645,0.004509392371285362,0.0010417882680606738,0.0032319988566002393,0.002983056104648203,0.004769862969932182,0.0015719169269750428,0.005370667204338195,0.0025217832475192313,0.003706076661038616,0.0023401796235835875,0.002995614704494852,0.001075497244151409,0.012188658020898475,0.00237051117562393,0.004089116030922658,0.01210656671052181,5.866962398923389E-4,0.0024393222994248407,0.008084988059763282],[3.174255043998653E-4,4.5343541657452517E-4,0.0180252151699888,3.486098198756947E-4,7.603821433512162E-4,0.018966125313426164,1.0237455582285305E-4,2.0146684255815578E-4,0.0012059975775710419,7.425522814236162E-4,0.0011371606529971246,1.0,0.001092080395432554,2.3244264628580446E-4,3.718190812058491E-4,3.2664905893522886E-4,9.29578178376089E-5,3.2554132126924953E-4,1.627568485780923E-4,3.3182700432593754E-4,0.0018481637130030812,0.010583346337869382,5.92920524041687E-4,0.0012445534452657353,0.0025590300585797174,3.051144241202258E-4,0.0028907676085303704,2.9411815839363247E-4,3.142195411925683E-4,3.718601433574437E-4,3.431520965147879E-4,5.738530812703599E-4,3.238704545137147E-4,3.196231116127455E-4,3.2330361004907695E-4,3.3501141341568067E-4,3.482955088190344E-4,3.6281464637073703E-4,2.7794771018018274E-4,0.011533494506015788,8.258955186872979E-4,2.948512056077939E-4,0.014402316401351247,6.944885216917659E-5,2.191416523105055E-4,0.0028195109095405834],[0.002715458189855755,0.0016940711035673438,0.026086273695332528,0.0011576379760998617,0.0022721900471982634,0.04328953434976971,0.002385774480757077,0.0027471973396499677,0.002349264111338979,0.0013939348193528823,0.004563797508212326,0.001092080395432554,1.0,2.7510813397076903E-4,0.00280187161764959,0.00232370973753514,0.002376682958764302,3.8565424698938904E-4,0.002807525172772401,0.002293966148198684,0.0020022043455729657,0.0062848622313841605,0.0024611484153836483,0.0026691435378851944,0.0030045929299070628,0.002101469153707305,0.0035059846583473694,0.0018778532390747835,0.0021738104267185637,7.430337604509508E-4,4.4750410511560116E-4,0.0022562992135862488,0.0017089943446156157,9.555230610495694E-4,0.0021004558148523035,3.532261262558803E-4,0.002415974965646935,0.002788727580047599,0.002232238045857661,0.009550711410717894,0.002455040356561128,0.002398135440415029,0.006708178877259708,0.0026612555425357034,0.001994869413246489,0.003362637491884375],[7.901552504714892E-5,1.2071486916655841E-4,0.014116601428999297,2.0300544019611276E-5,1.5841118998401006E-4,0.0344558591091114,5.148357000696702E-5,1.2518500773186478E-5,1.1236631722846848E-4,1.4313991443526757E-5,0.0027673589588302536,2.3244264628580446E-4,2.7510813397076903E-4,1.0,2.9230622283695856E-4,1.685767343310855E-5,1.3321945707073768E-5,1.275061408629935E-5,8.564917279063565E-5,1.4238395282638108E-5,0.001142607171283692,0.009051670008366867,7.371294649885459E-4,7.741969481515553E-4,0.0013220911458457806,2.3923919630958734E-5,0.0013575150820117254,1.964158144007508E-5,2.461695117554041E-4,4.951880400768546E-5,1.2796651823705787E-4,5.428183850872068E-4,2.6956931952645847E-5,7.051375183689766E-5,2.2776175601848946E-5,1.903872999915553E-5,3.354976265547123E-5,2.268790697679385E-4,1.82643988340509E-4,0.00931204008296225,0.001904960272255243,9.737215674934781E-5,0.008845634794766464,1.3034185857293051E-5,1.3129733823421749E-5,0.004121832399436216],[3.0108368181752546E-4,3.898836358340491E-4,0.020673934190637875,2.7453100991333356E-4,3.6006923633225246E-4,0.028437232053813138,3.1964885039377803E-4,3.13757884338071E-4,4.4130058222525547E-4,9.210574571519926E-4,0.0033719578596211703,3.718190812058491E-4,0.00280187161764959,2.9230622283695856E-4,1.0,2.9622385544729603E-4,2.9888469615542163E-4,1.1020221706969029E-4,2.976243364270298E-4,2.5647156871533836E-4,9.973758679406846E-4,0.013026963641916016,0.0012425480755971683,0.0022594749054148534,4.5978597388126577E-4,2.9909236584646677E-4,0.002448862409187521,1.4749476462752167E-4,3.3141161919137037E-4,1.6136043054935194E-4,2.939641154601077E-4,5.786788127611865E-4,3.095676238550831E-4,1.4226514752391724E-4,3.0522596759945965E-4,2.6565870652225443E-4,2.8005511062131205E-4,3.282790506622002E-4,3.000964907152461E-4,0.007964055618686109,0.001537166227712907,1.9294778364449528E-4,0.0022748285896116993,1.7276856882585633E-4,3.201080983102061E-4,0.001527318838883827],[6.51229747830385E-5,3.097789689850218E-5,0.022549007252326964,1.8851417083431072E-5,1.6157942790692405E-4,0.011279899784445583,2.8572924493360345E-5,1.7061689013169495E-5,0.0013535386928468201,2.7961995662923947E-4,0.0035897479438040244,3.2664905893522886E-4,0.00232370973753514,1.685767343310855E-5,2.9622385544729603E-4,1.0,1.5728208727376318E-5,1.6876999931952993E-5,2.3381907796718668E-5,1.751530489305384E-5,9.411418674131206E-5,0.0030793755582451308,0.0010799201248736044,2.4966214637991535E-4,5.051445829410296E-4,2.5889556247213067E-5,1.1332565582619338E-4,1.3387632942497634E-4,6.13708414362405E-5,5.2390160317851386E-5,4.622635307849819E-5,6.400602743733679E-4,4.0712938922408016E-5,4.6638731255274727E-5,5.093832311222645E-5,2.0760140957887775E-5,1.2382042405868383E-4,9.050838863587387E-5,1.0093430244398542E-4,0.0014985103215484513,6.452479573185503E-4,9.785343632300137E-5,0.0017853177072341565,1.7803702116066694E-5,1.7831142442799644E-5,0.007662684362783599],[1.2074046475782352E-4,3.2500082649644354E-4,0.005017336829927926,1.12365129682104E-4,7.439719247813324E-4,0.029129898699641645,7.828305260138868E-5,1.2493876295986197E-5,1.3074773004614524E-4,6.444623890467097E-4,0.0031260361629955025,9.29578178376089E-5,0.002376682958764302,1.3321945707073768E-5,2.9888469615542163E-4,1.5728208727376318E-5,1.0,1.4226665821116031E-5,6.964544887581717E-5,1.5135078381794971E-5,8.141610055665578E-4,0.013293368861406888,5.563952449162665E-4,0.0010558198594577963,0.0015971830443403578,2.4326566535366285E-5,2.2712455307538303E-5,2.58759077900006E-5,2.2286984138154936E-4,3.0866739543563825E-5,1.691186913359668E-5,6.174115742288932E-4,2.4480139248548113E-4,3.7839659205130655E-5,2.0193692124077152E-4,2.9815293052414748E-5,1.7360229652303044E-5,3.087729869588073E-4,6.771709316539806E-5,0.00910901365304379,5.494151208210268E-4,8.870737673610903E-5,0.0076215102941161305,1.4718714296402892E-5,1.5176898917697003E-5,0.004442818779485227],[9.78834585369037E-5,6.743043526707001E-5,0.018527361056750572,8.699239171842327E-5,9.549283966422061E-4,0.027516225898973238,7.689725647872346E-5,1.1783786730332807E-5,2.060597292838971E-4,2.6767509436564273E-4,0.001466877521733531,3.2554132126924953E-4,3.8565424698938904E-4,1.275061408629935E-5,1.1020221706969029E-4,1.6876999931952993E-5,1.4226665821116031E-5,1.0,6.391680547347934E-5,1.3587110650790497E-5,7.740078454779148E-4,0.01002791129503411,5.367343593899545E-4,0.0010751219607182875,2.9063059941535475E-4,1.992523875162526E-5,7.908989097667311E-4,8.858765295512912E-5,2.569425758265801E-4,7.508686108441031E-5,1.5763573421005068E-4,1.0538089691292716E-4,1.198437480720962E-4,3.0193554575438584E-5,1.7769999289312142E-4,2.9625811388440365E-5,5.2349072401071476E-5,6.882924765330994E-5,9.70737208881052E-5,0.007380677345924219,0.0014330202907225588,7.440370984064088E-5,0.0056492914918095565,1.4794241612678243E-5,1.3687151978494008E-5,0.004043101346795306],[1.325109011020634E-4,1.7969716062120298E-4,0.024167926021127734,1.448965691614819E-4,9.504361610710361E-4,0.041717072167224645,1.2928161177723003E-4,2.14054263398466E-5,0.0016088095244958618,5.107015171533837E-4,6.766248952787509E-4,1.627568485780923E-4,0.002807525172772401,8.564917279063565E-5,2.976243364270298E-4,2.3381907796718668E-5,6.964544887581717E-5,6.391680547347934E-5,1.0,1.0005981653292406E-4,6.979874414063683E-4,0.007891731497420494,0.0016409759020550726,0.0013902796199400807,0.002556158727514467,2.845597373260057E-5,0.002980442836028003,1.3592787974554927E-4,1.8556492270307458E-4,1.1359108543319499E-4,1.4551600555627597E-4,4.3215995287558507E-4,2.0311829658466288E-4,1.2964958475847408E-4,1.631801986804462E-4,9.165273556857652E-5,1.5437947798356018E-4,2.8585006889843853E-4,2.264434682058267E-4,0.0011828691876685194,0.001534886625571059,1.399998227600067E-4,0.006458458253603665,8.033884960034829E-5,1.1661460617033569E-4,0.0091931951822416],[1.9157062550966027E-5,5.07715226995349E-4,0.024368248073430496,9.18548221094827E-5,2.3143399543221684E-4,0.02903925960835012,8.216049336588813E-5,1.7136938475054836E-5,6.093318185058015E-4,2.1509359435874378E-4,0.0016823241363901997,3.3182700432593754E-4,0.002293966148198684,1.4238395282638108E-5,2.5647156871533836E-4,1.751530489305384E-5,1.5135078381794971E-5,1.3587110650790497E-5,1.0005981653292406E-4,1.0,8.881885016696144E-4,0.008414321331569675,0.0011457158767864274,0.0011038174184677262,0.0010305183859158013,1.7842336464297616E-5,0.001117997025321894,2.929066069127854E-5,1.942282662267406E-4,6.533363403861289E-5,4.054060717456553E-5,1.497276469848578E-4,1.2300164259347333E-4,1.1306388200556507E-4,2.0082794860610284E-4,2.3524915477979225E-5,2.075386160887368E-4,2.7695527796587325E-4,7.546926567254293E-5,0.005459302568253689,8.645175510365968E-4,3.807376043870931E-5,0.0022780055397689488,1.735526619772137E-5,1.7117736154671485E-5,9.472417718268638E-4],[8.825446810732763E-4,7.714307329973933E-4,0.016961980980131148,8.737191282949127E-4,0.0015927680045383027,0.011848690631824383,8.924906713014989E-4,9.665390668340969E-5,0.0016802338260780434,0.0014070792308597967,0.0037281581895118026,0.0018481637130030812,0.0020022043455729657,0.001142607171283692,9.973758679406846E-4,9.411418674131206E-5,8.141610055665578E-4,7.740078454779148E-4,6.979874414063683E-4,8.881885016696144E-4,1.0,0.013902979643112486,0.0016613164194851566,0.0022532396370974384,0.002112319276876812,8.511884921356737E-4,0.0019749930615207156,0.0014952997078841266,0.0011061095890217156,0.0010336605535522102,0.0015020271359112822,0.0018300224303443927,0.0015776398766987377,5.526472694204244E-4,8.494380007754623E-4,0.0016991226622162783,5.091577362106126E-4,0.0013131617220008946,2.532061485115465E-4,0.0031259245213574286,0.0019206914300556263,0.0015793064215924373,0.01207412666111621,5.904997773844086E-4,0.001649894044888542,0.010402655065526921],[0.011327742848641537,0.014111298551850997,0.02124757593807608,0.0071579204498459625,0.0015554590072374783,0.027737916069452175,0.008867003400628326,0.011274677320596668,0.004279239351097018,0.0052506677330179784,0.012012254004083945,0.010583346337869382,0.0062848622313841605,0.009051670008366867,0.013026963641916016,0.0030793755582451308,0.013293368861406888,0.01002791129503411,0.007891731497420494,0.008414321331569675,0.013902979643112486,1.0,0.0017824470297837787,0.002881624586287466,0.011810023466174545,8.048651276552766E-4,0.011507784265872444,0.0024045924575832565,0.00908358248899403,0.013856767907027976,0.011753972944885116,0.012621128951054371,0.014224061774655801,0.0025185915653652313,0.002887234508142617,0.007440211181506977,0.007887463954047083,0.002783358729236089,0.00875547324947555,0.014125353947191875,0.003201873102764859,4.927113288225386E-4,0.016114339380482918,0.007288359766870281,0.00712226779511409,0.012207047413726566],[9.831287084796016E-4,0.0012406700506566995,0.007462797089960447,6.561081996682142E-4,0.0013435942546631812,0.02183255863260411,7.712474625770909E-4,0.0011857815272540316,0.0016525942033848394,0.0013296142610357802,0.0018137151804495637,5.92920524041687E-4,0.0024611484153836483,7.371294649885459E-4,0.0012425480755971683,0.0010799201248736044,5.563952449162665E-4,5.367343593899545E-4,0.0016409759020550726,0.0011457158767864274,0.0016613164194851566,0.0017824470297837787,1.0,0.0020520029502100194,0.0026469358711069648,0.001480626303407824,0.0028521847543811797,0.0014721064127722402,0.0011065742897701793,0.0014581555626410083,0.0011416622152851776,0.0015796582155698112,7.686380561272527E-4,4.7728932917827556E-4,8.673410340837698E-4,4.5778229232985314E-4,4.14455361226866E-4,9.209474266108238E-4,0.0015335207295736834,0.0018844974536817492,0.0016588679476634313,2.4754680686612325E-4,0.0049405709144568774,5.534094412798511E-4,2.4966493309345377E-4,0.00831830915318201],[0.002188709176282532,0.0010132873641080784,0.01621215514648141,0.0025158611789044055,0.0018109789641948522,0.04301711109228913,7.840812446587146E-4,0.0015948110141254818,0.0023680854809618713,0.0015131608124906164,0.005379948850129286,0.0012445534452657353,0.0026691435378851944,7.741969481515553E-4,0.0022594749054148534,2.4966214637991535E-4,0.0010558198594577963,0.0010751219607182875,0.0013902796199400807,0.0011038174184677262,0.0022532396370974384,0.002881624586287466,0.0020520029502100194,1.0,0.002654015428656152,3.0008081694276765E-4,0.0027881340602920156,0.001523441511056877,0.0012549056578544512,2.5701333463835614E-4,0.0017576201817731327,0.0024096874313765558,0.002045339410683661,3.068672356456546E-4,0.0011128282421064054,0.002463408094668992,0.0011881910460964373,0.0018261808370259908,0.0013044172166436611,0.012612650759387079,0.00221416351079008,0.002160404485075411,0.0030781366960381676,0.002040423301255564,0.0020530237571557094,0.006075912137840101],[0.0023149622039785184,0.0025548666215809,0.02677120884901142,0.0018512089655526478,0.001001831636969678,0.011616758092071298,0.0010981452876830955,0.002840917662328951,0.002511938683973154,0.0013212944576963175,0.003476221470774215,0.0025590300585797174,0.0030045929299070628,0.0013220911458457806,4.5978597388126577E-4,5.051445829410296E-4,0.0015971830443403578,2.9063059941535475E-4,0.002556158727514467,0.0010305183859158013,0.002112319276876812,0.011810023466174545,0.0026469358711069648,0.002654015428656152,1.0,0.0030320458747159357,0.0031040044347583453,0.0015985295566538337,0.0026312742996745884,0.0016430688841582827,0.002877366890413791,0.0010958295364420774,7.27456392891146E-4,0.0017898738649319245,0.0023284502084848927,0.002827849544229781,0.0010460963847733552,6.497744988947824E-4,0.0015428906516916283,0.013441262715944036,0.002771421035583007,0.0012048394985235357,0.004799698931052286,0.001865624439290927,1.698124454848666E-4,0.004669247998440061],[1.3260710560724775E-4,1.0430311266222782E-4,0.010975283630733364,9.865249276383088E-5,8.56730797602174E-4,0.026589664213534522,7.536477894885766E-5,2.0394721675942453E-5,0.001326597753114286,9.037609781385592E-5,0.0020135996206918144,3.051144241202258E-4,0.002101469153707305,2.3923919630958734E-5,2.9909236584646677E-4,2.5889556247213067E-5,2.4326566535366285E-5,1.992523875162526E-5,2.845597373260057E-5,1.7842336464297616E-5,8.511884921356737E-4,8.048651276552766E-4,0.001480626303407824,3.0008081694276765E-4,0.0030320458747159357,1.0,6.912256409334407E-4,1.0090194229564023E-4,6.730529521050896E-5,3.0098094331712643E-5,1.1228128729234683E-4,3.4583135084151914E-4,2.505030296950281E-4,4.104886386984057E-5,1.3828101300912635E-4,2.939811766564688E-5,6.787132978377584E-5,7.815282539320556E-5,2.0837918022495038E-4,0.0011331340285532074,0.0013520125478716097,8.648587776104722E-5,0.01325308745845066,2.0838400959837716E-5,2.1825051101039556E-5,0.006542255420446807],[0.0034461331217375854,0.001953390766483461,0.018068215429251962,0.0031285161462114145,0.002089906104497042,0.03930202730330532,4.4257297503110513E-4,0.0027474264232553486,0.0016813324970865896,0.0029215055403512603,0.0040000813033261645,0.0028907676085303704,0.0035059846583473694,0.0013575150820117254,0.002448862409187521,1.1332565582619338E-4,2.2712455307538303E-5,7.908989097667311E-4,0.002980442836028003,0.001117997025321894,0.0019749930615207156,0.011507784265872444,0.0028521847543811797,0.0027881340602920156,0.0031040044347583453,6.912256409334407E-4,1.0,0.0010240726303335549,3.0265292405765504E-4,3.8376226107977634E-4,0.0019121183921471429,0.0033815834074472652,0.0025185420013810874,0.002721836975551673,0.001704641684276991,0.001639967641829898,8.171953056619842E-4,0.001362603566828186,0.0037281036741664926,0.008287669331290944,0.0037692285620421866,0.0023133295785759075,0.009760716841670996,0.003758438437853127,9.105791603024634E-4,0.007896864270693063],[1.3907043679981158E-4,1.4365139157064278E-4,0.0018397306111969005,1.3872230299890857E-4,6.519512129499065E-4,0.024380988598645736,1.0598018157564695E-4,6.259688447031956E-5,0.0011567692628459704,1.7025261390593788E-4,0.004509392371285362,2.9411815839363247E-4,0.0018778532390747835,1.964158144007508E-5,1.4749476462752167E-4,1.3387632942497634E-4,2.58759077900006E-5,8.858765295512912E-5,1.3592787974554927E-4,2.929066069127854E-5,0.0014952997078841266,0.0024045924575832565,0.0014721064127722402,0.001523441511056877,0.0015985295566538337,1.0090194229564023E-4,0.0010240726303335549,1.0,1.944874072341004E-4,1.1762682042207616E-4,1.3819417165962796E-4,6.230698232750745E-4,1.7576746314812048E-4,1.349974576288215E-4,1.3928796253736517E-4,7.026036525025706E-5,1.843686234385452E-4,2.9952071457121704E-4,2.0534677039138076E-4,0.009399934870227345,0.0011660888647668911,1.4054349637875494E-4,0.008537426085056785,1.1206850035579788E-4,7.002687845094665E-5,0.003084504014073343],[1.688087440791425E-4,2.9505103752945996E-4,0.008758136611652912,1.8760734780937083E-4,4.725096743671164E-4,0.021556737639864768,1.6240311452689286E-4,1.1141564240803724E-4,0.0011939848534492925,4.901112973593343E-4,0.0010417882680606738,3.142195411925683E-4,0.0021738104267185637,2.461695117554041E-4,3.3141161919137037E-4,6.13708414362405E-5,2.2286984138154936E-4,2.569425758265801E-4,1.8556492270307458E-4,1.942282662267406E-4,0.0011061095890217156,0.00908358248899403,0.0011065742897701793,0.0012549056578544512,0.0026312742996745884,6.730529521050896E-5,3.0265292405765504E-4,1.944874072341004E-4,1.0,1.7135069037807385E-4,1.8958250401363247E-4,5.416266149917916E-4,2.7519288842833844E-4,2.3013235832086435E-4,2.628071192926657E-4,6.467159591326374E-5,2.606829540633027E-4,2.643787016340987E-4,2.3866900773858178E-4,0.007167880958659418,0.0013320876589004139,1.671973436912835E-4,0.014968325810031729,2.596193710237128E-4,8.615898714251652E-5,0.009010229503245579],[1.3996330947235898E-4,3.9610796914411113E-4,0.014312645256609448,1.4513393442132236E-4,7.510474967052998E-4,0.039608199946336686,1.0233177521336325E-4,7.689527004956772E-5,0.001051181735362403,3.780016137929726E-4,0.0032319988566002393,3.718601433574437E-4,7.430337604509508E-4,4.951880400768546E-5,1.6136043054935194E-4,5.2390160317851386E-5,3.0866739543563825E-5,7.508686108441031E-5,1.1359108543319499E-4,6.533363403861289E-5,0.0010336605535522102,0.013856767907027976,0.0014581555626410083,2.5701333463835614E-4,0.0016430688841582827,3.0098094331712643E-5,3.8376226107977634E-4,1.1762682042207616E-4,1.7135069037807385E-4,1.0,1.2495661386250373E-4,2.2805357009148398E-4,2.4612857940738684E-4,1.1252203872326475E-4,2.3332153860525687E-4,4.867251541180414E-5,1.892110454684665E-4,1.6730172309296765E-4,1.814756769309227E-4,0.0034228438444172046,1.5885476189678898E-4,1.4747918526797216E-4,0.012189511966986468,7.29563235626495E-5,5.233092090514795E-5,0.005262402688368535],[1.652057995414435E-4,3.50437771629267E-4,0.016984859146001178,1.506315269979987E-4,9.404568242959829E-4,0.02873118955637838,1.0180090910339736E-4,1.6260345773801236E-4,5.488438859729834E-4,8.940487186128967E-4,0.002983056104648203,3.431520965147879E-4,4.4750410511560116E-4,1.2796651823705787E-4,2.939641154601077E-4,4.622635307849819E-5,1.691186913359668E-5,1.5763573421005068E-4,1.4551600555627597E-4,4.054060717456553E-5,0.0015020271359112822,0.011753972944885116,0.0011416622152851776,0.0017576201817731327,0.002877366890413791,1.1228128729234683E-4,0.0019121183921471429,1.3819417165962796E-4,1.8958250401363247E-4,1.2495661386250373E-4,1.0,2.5401634300234834E-4,2.3540167133907804E-4,1.453489971151397E-4,2.171820630929851E-4,6.58417762359577E-5,1.7297440715427468E-4,2.277072887087771E-4,2.0997230959913417E-4,0.013479430792554306,0.0014460556610869774,1.6312333096899748E-4,0.003158553666580956,1.0059485280181049E-4,1.4753523829959305E-4,0.00922076636520509],[4.953682345875097E-4,5.431144211954661E-4,0.007449394849208672,6.615030887409315E-4,8.332252930426903E-4,0.005969399890086339,3.146076762293426E-4,5.729195147769567E-4,0.0016245876165359061,9.436744979055959E-4,0.004769862969932182,5.738530812703599E-4,0.0022562992135862488,5.428183850872068E-4,5.786788127611865E-4,6.400602743733679E-4,6.174115742288932E-4,1.0538089691292716E-4,4.3215995287558507E-4,1.497276469848578E-4,0.0018300224303443927,0.012621128951054371,0.0015796582155698112,0.0024096874313765558,0.0010958295364420774,3.4583135084151914E-4,0.0033815834074472652,6.230698232750745E-4,5.416266149917916E-4,2.2805357009148398E-4,2.5401634300234834E-4,1.0,4.3852113510503874E-4,6.249292909992879E-4,3.66645105196244E-4,4.486264249094181E-4,4.320838262552388E-4,6.277242295753265E-4,6.195945521868468E-4,0.008645180774810687,0.0015901001010918156,2.85053863197572E-4,8.343655245812581E-4,6.476327572059811E-4,5.52969464022971E-4,0.00171051028591404],[2.77796846096183E-4,3.015673262254473E-4,0.010240886204437838,1.5685419382168247E-4,8.767488188989349E-4,0.007833589830044837,1.0697283010462725E-4,2.2882173825262227E-4,6.994600792559825E-4,3.389154017515829E-4,0.0015719169269750428,3.238704545137147E-4,0.0017089943446156157,2.6956931952645847E-5,3.095676238550831E-4,4.0712938922408016E-5,2.4480139248548113E-4,1.198437480720962E-4,2.0311829658466288E-4,1.2300164259347333E-4,0.0015776398766987377,0.014224061774655801,7.686380561272527E-4,0.002045339410683661,7.27456392891146E-4,2.505030296950281E-4,0.0025185420013810874,1.7576746314812048E-4,2.7519288842833844E-4,2.4612857940738684E-4,2.3540167133907804E-4,4.3852113510503874E-4,1.0,2.8619105055168674E-4,2.687685980750103E-4,2.929760720107871E-4,2.677691603735558E-4,3.0470625053452354E-4,2.6488398679944163E-4,0.0049732915191037655,4.879913866110779E-4,2.3685176267249677E-4,0.007789476414893749,6.728693481296286E-5,7.796509034988547E-5,0.007203214384700839],[1.255970006681413E-4,3.6773221911502176E-4,0.022814516912078343,1.308547145030435E-4,8.78843813633248E-4,0.012699226769221712,1.1720208992422362E-4,4.2362060418994086E-5,2.5443169287081644E-4,3.287662634541957E-4,0.005370667204338195,3.196231116127455E-4,9.555230610495694E-4,7.051375183689766E-5,1.4226514752391724E-4,4.6638731255274727E-5,3.7839659205130655E-5,3.0193554575438584E-5,1.2964958475847408E-4,1.1306388200556507E-4,5.526472694204244E-4,0.0025185915653652313,4.7728932917827556E-4,3.068672356456546E-4,0.0017898738649319245,4.104886386984057E-5,0.002721836975551673,1.349974576288215E-4,2.3013235832086435E-4,1.1252203872326475E-4,1.453489971151397E-4,6.249292909992879E-4,2.8619105055168674E-4,1.0,2.2125308671144166E-4,5.3106990044242385E-5,1.5905568863942675E-4,2.0089189841833536E-4,1.6799403335726116E-4,0.011428598278748732,9.1568974222638E-4,1.362038648528315E-4,0.01252371878817932,6.237584501804054E-5,4.750926784183353E-5,0.007998052860656028],[2.3716122175596862E-4,4.824280107659215E-4,0.016206264938396036,2.519855734503122E-4,4.4886867217964165E-4,0.014984979728037575,2.453511886142478E-4,1.0279584847003266E-4,4.0966754516743946E-4,9.394420351596367E-4,0.0025217832475192313,3.2330361004907695E-4,0.0021004558148523035,2.2776175601848946E-5,3.0522596759945965E-4,5.093832311222645E-5,2.0193692124077152E-4,1.7769999289312142E-4,1.631801986804462E-4,2.0082794860610284E-4,8.494380007754623E-4,0.002887234508142617,8.673410340837698E-4,0.0011128282421064054,0.0023284502084848927,1.3828101300912635E-4,0.001704641684276991,1.3928796253736517E-4,2.628071192926657E-4,2.3332153860525687E-4,2.171820630929851E-4,3.66645105196244E-4,2.687685980750103E-4,2.2125308671144166E-4,1.0,6.299056995009056E-5,2.591640502004377E-4,2.920417371659972E-4,2.3795645935159034E-4,0.012487346066237125,4.930109048423463E-4,1.669483572820325E-4,0.0142276279567135,4.4756115246142575E-5,2.6806433393428893E-5,0.010483669205104329],[5.409906748505689E-5,4.8283291360817646E-5,0.006016150919891429,6.69853675258837E-5,9.438578785820048E-4,0.01042850187510789,4.8645928904385654E-5,1.8508097976483717E-5,7.803353201250914E-4,4.672432233993135E-4,0.003706076661038616,3.3501141341568067E-4,3.532261262558803E-4,1.903872999915553E-5,2.6565870652225443E-4,2.0760140957887775E-5,2.9815293052414748E-5,2.9625811388440365E-5,9.165273556857652E-5,2.3524915477979225E-5,0.0016991226622162783,0.007440211181506977,4.5778229232985314E-4,0.002463408094668992,0.002827849544229781,2.939811766564688E-5,0.001639967641829898,7.026036525025706E-5,6.467159591326374E-5,4.867251541180414E-5,6.58417762359577E-5,4.486264249094181E-4,2.929760720107871E-4,5.3106990044242385E-5,6.299056995009056E-5,1.0,2.1060742721231272E-4,1.8020651290635243E-4,4.061647811796968E-5,0.010445214724444995,0.0013162088847985677,9.890129969296912E-5,0.010252194632527576,2.1253173383849468E-5,2.3032949075393496E-5,0.005412672219427137],[1.7472980760809288E-4,3.226681324612499E-4,0.028147719062265923,1.698810150827254E-4,3.5000800313938883E-4,0.005920470939580158,1.801559553044511E-4,1.6479740551236314E-4,0.0012087150152856588,2.7242279254650366E-4,0.0023401796235835875,3.482955088190344E-4,0.002415974965646935,3.354976265547123E-5,2.8005511062131205E-4,1.2382042405868383E-4,1.7360229652303044E-5,5.2349072401071476E-5,1.5437947798356018E-4,2.075386160887368E-4,5.091577362106126E-4,0.007887463954047083,4.14455361226866E-4,0.0011881910460964373,0.0010460963847733552,6.787132978377584E-5,8.171953056619842E-4,1.843686234385452E-4,2.606829540633027E-4,1.892110454684665E-4,1.7297440715427468E-4,4.320838262552388E-4,2.677691603735558E-4,1.5905568863942675E-4,2.591640502004377E-4,2.1060742721231272E-4,1.0,3.080745256700122E-4,2.5435038804027773E-4,0.004958666712470713,0.0014294033404415108,1.5255265114787311E-4,0.012228985621857627,2.4738050044148595E-4,2.4456821223254016E-4,0.003977741960635284],[1.99271047375676E-4,3.804493312241251E-4,0.026965507820012898,1.8360818275833492E-4,6.646786526984204E-4,0.04008398156074087,2.2869790523491243E-4,2.0801141151120938E-4,8.538259424413527E-4,7.340783306292384E-4,0.002995614704494852,3.6281464637073703E-4,0.002788727580047599,2.268790697679385E-4,3.282790506622002E-4,9.050838863587387E-5,3.087729869588073E-4,6.882924765330994E-5,2.8585006889843853E-4,2.7695527796587325E-4,0.0013131617220008946,0.002783358729236089,9.209474266108238E-4,0.0018261808370259908,6.497744988947824E-4,7.815282539320556E-5,0.001362603566828186,2.9952071457121704E-4,2.643787016340987E-4,1.6730172309296765E-4,2.277072887087771E-4,6.277242295753265E-4,3.0470625053452354E-4,2.0089189841833536E-4,2.920417371659972E-4,1.8020651290635243E-4,3.080745256700122E-4,1.0,2.498051099712863E-4,0.008772215831153375,0.001566229249968743,2.149736876230057E-4,0.01451382077762759,2.911783233086309E-5,2.0748490410856435E-4,0.005891393323223577],[1.7208567321631924E-4,4.5048552357736206E-4,0.0036273675325876513,1.6932771223631107E-4,5.426567202291514E-4,0.021139777621844585,1.7119421418214912E-4,1.1572880929750815E-4,0.0015715035027867902,6.993742093287945E-4,0.001075497244151409,2.7794771018018274E-4,0.002232238045857661,1.82643988340509E-4,3.000964907152461E-4,1.0093430244398542E-4,6.771709316539806E-5,9.70737208881052E-5,2.264434682058267E-4,7.546926567254293E-5,2.532061485115465E-4,0.00875547324947555,0.0015335207295736834,0.0013044172166436611,0.0015428906516916283,2.0837918022495038E-4,0.0037281036741664926,2.0534677039138076E-4,2.3866900773858178E-4,1.814756769309227E-4,2.0997230959913417E-4,6.195945521868468E-4,2.6488398679944163E-4,1.6799403335726116E-4,2.3795645935159034E-4,4.061647811796968E-5,2.5435038804027773E-4,2.498051099712863E-4,1.0,0.00853964551198577,0.0016322592029252424,2.0626733932294823E-4,0.01506974521158313,7.043167784366544E-5,8.093405467127153E-5,0.007130643904680242],[0.008106061720292313,0.006589687288837935,0.02572522894720325,0.006833691120537362,0.0010677867166387733,0.014865563416324352,0.007757308313931905,0.006135647792930617,0.012282036029825548,0.012417840045442701,0.012188658020898475,0.011533494506015788,0.009550711410717894,0.00931204008296225,0.007964055618686109,0.0014985103215484513,0.00910901365304379,0.007380677345924219,0.0011828691876685194,0.005459302568253689,0.0031259245213574286,0.014125353947191875,0.0018844974536817492,0.012612650759387079,0.013441262715944036,0.0011331340285532074,0.008287669331290944,0.009399934870227345,0.007167880958659418,0.0034228438444172046,0.013479430792554306,0.008645180774810687,0.0049732915191037655,0.011428598278748732,0.012487346066237125,0.010445214724444995,0.004958666712470713,0.008772215831153375,0.00853964551198577,1.0,0.013940589151634084,0.012528438358851209,0.015234937218531225,0.007051366859104655,0.01120381585238333,0.013745111551267494],[0.0016591358572388333,0.0013829250588845536,0.006957619941211076,0.0016810494598368299,0.0017102567601628557,0.04230383713190041,2.688090926529932E-4,0.001222196322654204,0.0019172546400102587,0.0011060416218375327,0.00237051117562393,8.258955186872979E-4,0.002455040356561128,0.001904960272255243,0.001537166227712907,6.452479573185503E-4,5.494151208210268E-4,0.0014330202907225588,0.001534886625571059,8.645175510365968E-4,0.0019206914300556263,0.003201873102764859,0.0016588679476634313,0.00221416351079008,0.002771421035583007,0.0013520125478716097,0.0037692285620421866,0.0011660888647668911,0.0013320876589004139,1.5885476189678898E-4,0.0014460556610869774,0.0015901001010918156,4.879913866110779E-4,9.1568974222638E-4,4.930109048423463E-4,0.0013162088847985677,0.0014294033404415108,0.001566229249968743,0.0016322592029252424,0.013940589151634084,1.0,0.00114920839036657,0.0058559897199510266,0.0019249741417504522,3.0292263767838667E-4,0.005975933340087266],[1.4220103428788875E-4,4.0465557836197525E-4,0.014022442186637516,1.4723390454827513E-4,4.1293352787335027E-4,0.0015815988606732452,1.3273196812928163E-4,1.0132251391602821E-4,0.0014942502499149554,6.743214609289253E-4,0.004089116030922658,2.948512056077939E-4,0.002398135440415029,9.737215674934781E-5,1.9294778364449528E-4,9.7853436323001