[[1.0,0.05884414251424838,2.687831362830743E-5,1.2793741976307707E-5,5.964287493544361E-5,9.397411996582447E-5,5.720089047603523E-5,1.3012856347728882E-5,0.0015349586091237648,1.7759710806546778E-4,1.3586582394798928E-5,6.235952690000067E-4,7.771537213747156E-5,0.002235494601136115,6.573525702775131E-4,0.00105976624852612,2.213350705285703E-5,9.74549250605366E-5,0.00222078171257357,0.0015315013895282528,3.9210874864749107E-4,4.1901815377995525E-4,0.0010754918595612555,6.060773691525331E-5,2.548146323314037E-5,6.003125000524238E-4,5.5265314462766265E-5,0.0025726066390970993,9.679227087043024E-5,2.900055587036743E-4,1.267929923866792E-4,0.010929297092582,1.2616723143965146E-4,1.592483727418933E-5,2.637310028146435E-4,1.8917648050217617E-5,3.6031308049740116E-5,1.816272544730616E-5,1.1095577478847976E-5,0.007419881056950748,6.539145728875257E-4,3.9240445792751053E-4,0.0020481484515815496,2.8642823500678565E-4,1.7434034222101364E-4,1.3178128887832563E-5,3.122003375853299E-4,3.847139200894094E-5,1.1329151926018269E-5,0.0010649276649445766,2.94388432769041E-5,0.004221021127514393,5.22126046352807E-5],[0.05884414251424838,1.0,0.07276840910882494,0.011844848705019647,0.07514162601805816,0.03831898716568533,0.058760270106933174,0.007132884218774824,0.07120234703973484,0.06842177218759997,0.07146988656544108,0.03251515867147512,0.005814406666159466,0.04387707528070002,0.031640914789485615,0.04841331087854554,0.018471577903783957,0.01762598337679413,0.020132412706979692,0.07433929067101668,0.0051792394055071595,0.012431723340817132,0.07407246462540143,0.027594429169361903,0.017804054103138282,0.01585668631740091,0.013299653953321666,0.06217896664337785,0.07609186360466347,0.04329741849501344,0.05770898015225378,0.04486886369349076,0.004156240064187215,0.07043905019218916,0.02197535282939611,0.016918871754624854,0.059252507252467196,0.007765228391789891,0.04084376636319478,0.010659241176374653,0.05648182370948847,0.06844197139986245,0.043280040381445846,0.07075698596883978,0.06706140140864696,0.026489863168128062,0.05522421205381128,0.06487070740401518,0.049930586974389,0.04503939462829596,0.01305012939325227,0.0451803622503303,0.036189913653512366],[2.687831362830743E-5,0.07276840910882494,1.0,3.26981587679226E-5,1.3270496160654378E-4,3.435205731613678E-4,2.298717504962773E-4,4.3923679180648536E-5,1.3839073013454772E-4,1.4269384019152545E-4,9.18201391248351E-5,0.0010069801323174083,1.5225975491770262E-4,3.820347160633009E-4,7.502073249861922E-4,6.504567011225928E-4,2.4565877433764534E-5,0.002863727829824882,0.003420678305045149,0.0012341446837860431,0.002481419703124911,3.927854302805531E-4,0.0057486741229484575,1.1861868671182298E-4,8.546016997300572E-5,8.289274437574862E-4,1.0702366578432537E-4,0.0014236813124797894,1.0782815841449731E-4,5.653562521616312E-4,1.0996757426272303E-4,7.732870692017637E-4,1.5127283451837542E-4,9.6278513994317E-5,9.550120433604415E-4,1.0580466251285865E-4,1.6716116961495615E-4,1.0961085110211175E-4,4.998126552033273E-5,0.008358401957063064,1.5011173035379998E-4,4.1619200177676105E-4,0.0030352811088476053,5.238209280165207E-4,0.001040191983795423,1.9583371986291222E-5,2.9179154668146194E-4,1.4904686063866977E-4,5.61192236761909E-5,0.0010417116612264927,1.0502091904630441E-4,0.0016170593003639786,1.2928491507445842E-4],[1.2793741976307707E-5,0.011844848705019647,3.26981587679226E-5,1.0,3.1155073529783375E-4,3.748735352103942E-4,2.8146298331154624E-4,1.1497635214494826E-5,0.0010399709188274441,1.2603395895526476E-4,1.341840809019248E-5,0.0011600759455486606,1.1126449247428867E-4,0.0019198652538479982,5.211231572366435E-4,0.0011327310747768896,1.641833878731496E-5,5.1627264833647E-4,0.003998014870266394,5.428851527885405E-4,0.0010286880182725701,3.924573057659731E-4,0.007753826487927216,7.138285118747631E-5,2.7164521105045097E-5,6.357360326746759E-4,1.0284647689557283E-4,0.002166622693470675,7.318279000596351E-5,8.625784988641885E-4,5.629451836519282E-5,0.012083542444620276,8.950780559749419E-5,5.077341666655976E-5,3.9500351448368384E-4,7.109347356443787E-5,2.0989243349817963E-5,8.791848758908996E-5,1.1006671654514882E-5,0.00904050562972004,5.813648913663181E-4,2.6176961190861646E-4,0.001457922896707539,1.3273062565745085E-5,7.194777711610809E-4,1.2229196696623137E-5,7.258578076568047E-5,2.1043114176836647E-5,1.0283476934674711E-5,2.851935871125904E-4,2.3013720852210847E-5,0.004204621702081761,4.78436163482926E-5],[5.964287493544361E-5,0.07514162601805816,1.3270496160654378E-4,3.1155073529783375E-4,1.0,4.952466135116675E-4,4.0695259446793357E-4,4.620750859438385E-4,5.348115444762004E-4,3.4801316223287166E-4,1.8240564822420436E-4,8.880371564573483E-4,2.560754235366055E-4,0.0019228841595318182,0.0014791206645035516,0.0011348875423336496,3.669576140496227E-4,0.0022530624599653255,6.410469650808448E-4,0.0010454019573988048,0.0016101852394683866,6.544625523786518E-4,0.009580561776736113,2.8077726348320364E-4,2.6878120918504136E-4,0.0012180713896315113,4.955780436627104E-4,0.00306448455352259,2.036451757923335E-4,9.174415694443248E-4,2.2558152529329842E-4,0.013048271214484071,4.836934055513838E-4,8.939960417902094E-5,7.445349984502529E-4,3.289456026701942E-4,2.0697919188748971E-4,3.99136172538241E-4,4.7263092019602504E-4,6.212142886909979E-4,6.472437845304777E-4,4.711827788675243E-4,8.844109664423496E-4,6.452279158293721E-4,0.0016862675319298077,4.314892583624294E-4,4.2586306889394454E-4,3.588495471106604E-4,4.932299453690816E-4,9.530429625988497E-4,4.510153147897867E-4,0.0038763982187468653,4.445800105505693E-4],[9.397411996582447E-5,0.03831898716568533,3.435205731613678E-4,3.748735352103942E-4,4.952466135116675E-4,1.0,3.905216028610673E-4,2.634196983666134E-4,0.001471237088856013,3.273488547963732E-4,2.54392085013532E-4,8.653216319366331E-4,3.6192531096817745E-4,0.0014193361838497043,9.599872086390807E-4,8.689366019418036E-4,1.2832214326335238E-4,0.0027950333211790614,0.002698030160621368,0.0013546175583008112,0.0020771377377413803,6.584781025772246E-4,0.0015269759619000716,2.4530010006474187E-4,1.4633057489418859E-4,5.489364836977648E-4,3.250438827868455E-4,0.002995598681773252,3.8567644519841866E-4,6.596460736035861E-4,2.344648786298752E-4,0.01185899025954873,2.6985259522248535E-4,4.386708980750222E-4,6.871986518533265E-4,3.2061074849251773E-4,3.988111112397017E-4,3.385582097611029E-4,1.635530634620793E-4,0.004502224785870636,5.502215240344899E-4,4.3177113987766903E-4,0.0010755684876522995,9.107488186566235E-4,0.00248797937398834,4.5207306071621726E-4,4.520232716352318E-4,1.6770984868353107E-4,4.758386366763354E-4,7.150369166581286E-4,3.6254946157894053E-4,0.004393689298552211,3.0520932299488255E-4],[5.720089047603523E-5,0.058760270106933174,2.298717504962773E-4,2.8146298331154624E-4,4.0695259446793357E-4,3.905216028610673E-4,1.0,2.662025129845402E-4,0.0013518820600957457,1.9338735532774975E-4,2.690484569625005E-4,3.101584969378699E-4,1.695689307945879E-4,5.47899646731406E-4,7.579570631989256E-4,6.34089090823974E-4,1.8387671938593258E-4,9.37108466224038E-4,0.002446133593270983,6.620247647969935E-4,0.002178756195308043,5.806385040364008E-4,0.0057762439003047955,1.904610873501351E-4,2.0397711903822274E-4,9.540516501433717E-4,1.5598909821149044E-4,0.0035723310270249376,1.5572044071691935E-4,6.438506919726809E-4,1.9062342548357525E-4,0.014124524781143458,1.9255207339850025E-4,2.167385655798017E-4,6.129022753389916E-4,2.5911271679248467E-4,1.9860250345792282E-4,2.8158978293598303E-4,1.5767512497601242E-4,0.004371543093428494,9.67075262389984E-4,3.5026012832447455E-4,5.090217237319307E-4,3.4039441097272053E-4,0.0025425313404451805,2.735994688156867E-4,3.133515016008473E-4,2.7661487460835515E-4,2.0969722143025096E-4,6.749093739845879E-4,1.7985729616676037E-4,3.2245281562891E-4,2.762752354309321E-4],[1.3012856347728882E-5,0.007132884218774824,4.3923679180648536E-5,1.1497635214494826E-5,4.620750859438385E-4,2.634196983666134E-4,2.662025129845402E-4,1.0,8.481765138058855E-4,1.33824483935172E-4,1.2241650774866047E-5,0.0012316101291757254,5.501588393669509E-5,5.670621016816755E-4,0.0010341856490617709,4.016369022084243E-4,2.2654070436696325E-5,0.0015539056161708114,0.0028237787250798363,0.0013099352190124988,4.416560972926722E-4,4.501200991057854E-4,0.002749014706970287,7.526434299712024E-5,3.364589570281851E-5,3.2368004244024285E-4,5.992030139331556E-5,5.927419768835225E-4,7.352041755386735E-5,4.356694650000372E-4,1.1905791038547501E-4,0.008398922008315702,1.6518138603778727E-4,7.450373495700494E-5,7.522009658373977E-4,8.643544056852251E-5,8.388137086781498E-5,8.965795958691293E-5,1.1314169331161721E-5,0.007312218530272132,9.616667986620189E-4,2.2620505392163156E-4,6.446751011588247E-4,9.341189138670314E-4,0.0015378805308340967,1.1665024649368539E-5,1.4704112342321207E-4,8.598957589419205E-5,1.1373144290818983E-5,7.32869961415495E-4,9.717910586974847E-5,5.359416926280134E-4,9.219700787768273E-5],[0.0015349586091237648,0.07120234703973484,1.3839073013454772E-4,0.0010399709188274441,5.348115444762004E-4,0.001471237088856013,0.0013518820600957457,8.481765138058855E-4,1.0,9.744435049904897E-4,3.425258589912971E-4,0.0015224428054356506,0.0014019749142973167,0.0022328410359631306,0.0016152257514233923,0.0015092042261264614,1.1666053132341743E-4,0.0029184910484549575,0.0019300786102147667,0.0016499670623113998,0.0025599049102093263,0.0015168417352539661,0.0033758023168330245,0.0015092492936984122,0.0010041179783514009,0.0015954561210053794,8.070369225073377E-4,0.0037444730953986767,4.090457498853047E-4,0.0015796731692809787,0.001286566214917698,0.002030953559862509,7.920705018015884E-4,4.0873423414445676E-4,0.0016309277269271113,5.833264633833968E-4,5.012792233480792E-4,0.0013396713301351742,0.0010547026361749855,0.003331568096115476,0.0016616314219435838,8.846212942221775E-4,0.0034268170058201894,0.001533488759341767,0.0026198508110537484,7.6769141282187E-4,0.001430193272823151,9.050571111743944E-4,6.290114507666279E-4,0.0015837977776447703,7.356023799404814E-4,0.0023316168064032674,5.664815077769179E-4],[1.7759710806546778E-4,0.06842177218759997,1.4269384019152545E-4,1.2603395895526476E-4,3.4801316223287166E-4,3.273488547963732E-4,1.9338735532774975E-4,1.33824483935172E-4,9.744435049904897E-4,1.0,5.685259320028202E-5,0.0013145397498118725,1.8480634393454236E-4,0.0020131902618404796,8.856990866124845E-4,0.0010940354890032775,4.9075653566007114E-5,0.0027287748857289175,0.003668766578292341,0.001344487958582432,7.323964953332353E-4,2.2193129449264303E-4,0.0032505056734649387,1.8075455537933216E-4,7.240228948900345E-5,5.059575477690803E-4,1.7443290575994955E-4,7.920477574689933E-4,1.779166502205573E-4,2.887123344810318E-4,1.7316820395495855E-4,0.007044122292720228,1.8509804602688832E-4,8.080275456683281E-5,0.0010076264683974076,1.7595447857596936E-4,1.7211196058109917E-4,1.847373913382482E-4,1.5854100511231858E-4,0.0018885053818336953,9.626350052512999E-4,3.607256039731142E-4,0.0036203032999589956,8.232626950731752E-4,0.0019352919340941638,1.788728021623493E-4,1.9078903320494305E-4,1.8090330127433778E-4,1.1227703494881234E-4,3.832677878325289E-4,1.275697644269101E-4,0.0025143106670326293,1.8326639216011587E-4],[1.3586582394798928E-5,0.07146988656544108,9.18201391248351E-5,1.341840809019248E-5,1.8240564822420436E-4,2.54392085013532E-4,2.690484569625005E-4,1.2241650774866047E-5,3.425258589912971E-4,5.685259320028202E-5,1.0,7.206883760529534E-4,9.132842719822604E-5,8.255833465065964E-4,3.7555968229092523E-4,8.077014766295864E-4,2.225966430265562E-5,0.0014959787586181134,6.992142892501858E-4,0.0010704897456395948,0.0013718458656200336,6.815801266282546E-4,0.0014463277002678488,1.1100473975538588E-4,3.544594957240306E-5,3.709478798782726E-4,3.72348884043496E-5,0.0034550486436131286,4.090500909683514E-5,6.489605056008837E-4,1.0110511887546366E-4,4.220778773900064E-4,1.678019461097837E-4,5.693540781137593E-5,9.721633757251458E-4,7.434206486387707E-5,7.357673843186706E-5,7.550631692003517E-5,1.5921453130714156E-5,0.005116596847653127,3.864036362497127E-4,3.9132850226680235E-4,9.771285172622908E-4,4.1853719548689113E-4,3.537616302373431E-4,1.575573859025824E-5,3.3023101349990725E-4,1.4890245431723126E-4,1.0534115910997449E-5,8.372416890951049E-4,3.1993256882260746E-5,0.002151606947641838,4.47103550701573E-5],[6.235952690000067E-4,0.03251515867147512,0.0010069801323174083,0.0011600759455486606,8.880371564573483E-4,8.653216319366331E-4,3.101584969378699E-4,0.0012316101291757254,0.0015224428054356506,0.0013145397498118725,7.206883760529534E-4,1.0,8.574066482606067E-4,0.002453077425579102,0.0013888020918030027,0.0013220501296984416,1.83410856172203E-4,0.0023081737638585213,0.003704092399483315,0.0014865731171830312,0.0021299760034782767,0.00129289796149921,0.004903482253097212,6.275722304056011E-4,5.064248429509194E-4,0.0013652036334055348,0.0010949617408376026,0.0035727865403445826,6.446402717676531E-4,0.0010576134246564404,9.872174717272236E-4,0.011009409969702975,5.379906569591704E-4,3.5194167027539496E-4,0.0012552898035682772,2.8565611016402424E-4,6.275914504338966E-4,7.438930435962306E-4,0.0011925348514808052,0.005050535758222301,0.0012232127501973704,6.654484435000797E-4,0.0021941854820917302,0.0012929805663762677,0.0017944342327886104,0.0010949957110467788,7.362518367670077E-4,3.3572412465343213E-4,5.758922363516405E-4,0.0013453219711195914,3.9852404816802386E-4,0.002820710133922949,6.836740265984054E-4],[7.771537213747156E-5,0.005814406666159466,1.5225975491770262E-4,1.1126449247428867E-4,2.560754235366055E-4,3.6192531096817745E-4,1.695689307945879E-4,5.501588393669509E-5,0.0014019749142973167,1.8480634393454236E-4,9.132842719822604E-5,8.574066482606067E-4,1.0,0.0024942903590431565,8.990117268717403E-4,9.069011681025444E-4,1.679111791600126E-4,0.002529617399889449,9.178879596429659E-4,0.0010204879590426702,0.0029682982828849154,5.56528371408929E-4,0.009673603497461164,1.5538945585563105E-4,1.3095595722769257E-4,0.0011238515456395543,1.581363648556388E-4,0.004181191826461526,1.2256373515497093E-4,3.765679366753814E-4,1.6304819993961242E-4,0.001301561140524138,1.774647040994161E-4,1.6494556982265158E-4,8.775635301012472E-4,1.0869237032911814E-4,1.6800359310154838E-4,1.0990575458213611E-4,6.129194057147785E-5,0.00339732911016679,0.0011772308687798866,3.664501941936314E-4,6.996033227642418E-4,8.767460445859908E-4,8.916486337124446E-4,7.528341930236234E-5,2.9704605185787675E-4,1.587390469266114E-4,1.4759724684163512E-4,7.405654748717753E-4,1.5317843071233273E-4,0.0029422583580222986,1.6465765832282235E-4],[0.002235494601136115,0.04387707528070002,3.820347160633009E-4,0.0019198652538479982,0.0019228841595318182,0.0014193361838497043,5.47899646731406E-4,5.670621016816755E-4,0.0022328410359631306,0.0020131902618404796,8.255833465065964E-4,0.002453077425579102,0.0024942903590431565,1.0,0.0016786725777383272,0.0018806889930409773,9.902151663917001E-4,0.00290473183251506,0.005102759898286777,0.0024953909522187384,0.0029376728793829485,0.002500879536487758,0.003132466506541181,0.0015696422220886296,0.00219679072619509,0.001857547948526357,0.002361212024960797,0.0027860424742480175,5.97659298651814E-4,0.002048900706394176,0.002173772302065589,0.003450581682997912,0.001640164438530559,0.002381804812440854,0.001544145134266017,0.0011208975737551673,0.002130974613786767,0.002436736283239931,0.0019231838713740157,0.0060357610208230505,0.001218499506388768,0.0017476513793764073,0.0033618982686082354,0.0018833272384973353,0.0026620490908123118,0.0024819251723189385,0.0013384223532139693,2.275878684426795E-4,9.398817184214931E-5,0.002644804385099203,2.676882590104048E-4,0.002673177626682209,0.0017268650752811424],[6.573525702775131E-4,0.031640914789485615,7.502073249861922E-4,5.211231572366435E-4,0.0014791206645035516,9.599872086390807E-4,7.579570631989256E-4,0.0010341856490617709,0.0016152257514233923,8.856990866124845E-4,3.7555968229092523E-4,0.0013888020918030027,8.990117268717403E-4,0.0016786725777383272,1.0,0.00125250141824391,0.001086384096370074,0.0025956586949973707,0.0031725579705605563,0.0015501064596510875,0.002065438790013422,0.0011942420691999863,0.010391256579604671,6.937418235832716E-4,8.434492761367421E-4,0.001464091875103236,0.0013779290689034753,0.0023533157509298993,0.0013778568769682235,0.0012669952445747623,0.0011079515213562716,0.01872638815708306,8.251338860831933E-4,7.508296073746822E-4,0.001480096595559887,4.588844539217171E-4,0.0013275319565554,5.827339146227668E-4,2.986850093059099E-4,0.002385561945846909,0.001295947241702202,0.0013431333118912793,0.0029285620970190968,0.0012452332454475502,0.0024939764463227676,4.514032943556045E-4,0.0010600235762346709,0.001143610750131135,9.303322813603988E-4,0.001478373860175673,8.966489884322733E-4,0.003408292523337239,4.5746143528518E-4],[0.00105976624852612,0.04841331087854554,6.504567011225928E-4,0.0011327310747768896,0.0011348875423336496,8.689366019418036E-4,6.34089090823974E-4,4.016369022084243E-4,0.0015092042261264614,0.0010940354890032775,8.077014766295864E-4,0.0013220501296984416,9.069011681025444E-4,0.0018806889930409773,0.00125250141824391,1.0,0.0010193431961039278,0.0028376179744860047,0.0042067056102200705,0.0013131968931286695,0.0014216519310675407,6.882604707327056E-4,0.011117507684989106,5.356051766050524E-4,0.0010306995633910273,0.001337277769313154,3.915526850559373E-4,0.0024074272849903054,0.0010177064668978597,0.0011938864805872747,0.00110149462351802,0.009961528419289734,5.431240047392822E-4,8.424513930597682E-4,0.0011934953564164197,4.2524156044385254E-4,2.3207953782563803E-4,9.260379390595166E-4,8.181087032830593E-5,0.006062121649957672,0.0012097395007499463,7.46229028914408E-4,0.002861848838031214,0.001199983831009119,0.0024881317072432928,2.8005324200693435E-4,0.0011002067324388824,6.725400794252373E-4,7.084326471847536E-4,0.0012203023647017718,7.310135494744621E-4,0.00260479053566536,8.950404204894143E-4],[2.213350705285703E-5,0.018471577903783957,2.4565877433764534E-5,1.641833878731496E-5,3.669576140496227E-4,1.2832214326335238E-4,1.8387671938593258E-4,2.2654070436696325E-5,1.1666053132341743E-4,4.9075653566007114E-5,2.225966430265562E-5,1.83410856172203E-4,1.679111791600126E-4,9.902151663917001E-4,0.001086384096370074,0.0010193431961039278,1.0,0.0019462444237140746,4.030055008287313E-4,0.001341244190420827,0.0019034645253777362,1.9363379297396502E-4,0.01113265697124653,1.29048293861996E-4,3.693461357121269E-5,0.0010007052084837886,4.4727976230945495E-5,0.0020064031427689337,5.830366781439421E-5,9.158506574842329E-4,2.771766786614934E-5,0.007833106775498002,1.411015820214125E-4,2.818362802655868E-5,3.513697821123096E-4,9.041535880229092E-5,7.087477517817135E-5,6.158533387880991E-5,2.218827825620549E-5,0.0011133865341122439,0.0011904116111274624,8.775708742479742E-5,0.0017832940326535944,9.110288756881536E-4,0.0016224146499542972,2.172897480073602E-5,1.512170159683676E-4,1.0302147379625646E-4,1.1533256940219328E-5,7.025729475748592E-4,9.519789205573564E-5,0.0012689675511115394,2.984273903931993E-5],[9.74549250605366E-5,0.01762598337679413,0.002863727829824882,5.1627264833647E-4,0.0022530624599653255,0.0027950333211790614,9.37108466224038E-4,0.0015539056161708114,0.0029184910484549575,0.0027287748857289175,0.0014959787586181134,0.0023081737638585213,0.002529617399889449,0.00290473183251506,0.0025956586949973707,0.0028376179744860047,0.0019462444237140746,1.0,0.00525203622446094,0.002685432493100358,0.002973874766258548,9.778812374343167E-4,0.008603423156640776,0.0014838029400547242,0.0010351876503470981,0.002364711494305737,0.0016169120511362073,0.004337617444209093,0.0024464012148497304,0.0022621348082898724,0.002195409926166982,0.01737020548164156,0.0019182537517315388,0.0023256066334606034,0.0020419207721413864,0.002309833058931197,0.002190088567882599,4.986363803108902E-4,0.0023671586226614613,0.0056734495070027225,0.002377348574460831,0.002141041872971936,0.00335101304688164,0.0012154576486636441,0.002864456020743062,6.404384978292378E-4,0.002000815497466227,0.002707037913220936,0.0027973752592156446,0.0027829695000285504,5.983320331476062E-4,0.003233372267682943,0.00163974438829221],[0.00222078171257357,0.020132412706979692,0.003420678305045149,0.003998014870266394,6.410469650808448E-4,0.002698030160621368,0.002446133593270983,0.0028237787250798363,0.0019300786102147667,0.003668766578292341,6.992142892501858E-4,0.003704092399483315,9.178879596429659E-4,0.005102759898286777,0.0031725579705605563,0.0042067056102200705,4.030055008287313E-4,0.00525203622446094,1.0,0.0024346297789511057,0.0034929157804483475,0.005106720471915217,0.006862592011654024,0.0039056825249050866,0.004434005624909621,0.00493484829194585,0.002434903948713649,0.00532700281376589,0.004629410913371238,0.0020805564858541363,9.016723144571043E-4,0.014963904582596173,0.0012723509241753769,0.0034176054582209757,0.00435553403877488,0.004258025321584729,0.0015829151877560176,6.954933589093726E-4,0.0025672296848799777,0.007798211270229984,0.0026453359643196055,0.003572561990480849,0.003941615648885355,0.0012318785865265737,0.0030478410052588263,0.0034334422848018697,6.680032733499876E-4,0.0046613448747109204,0.003774989353130219,0.0024224649328747168,4.1709422983595334E-4,0.004882649557293399,0.00516378765706583],[0.0015315013895282528,0.07433929067101668,0.0012341446837860431,5.428851527885405E-4,0.0010454019573988048,0.0013546175583008112,6.620247647969935E-4,0.0013099352190124988,0.0016499670623113998,0.001344487958582432,0.0010704897456395948,0.0014865731171830312,0.0010204879590426702,0.0024953909522187384,0.0015501064596510875,0.0013131968931286695,0.001341244190420827,0.002685432493100358,0.0024346297789511057,1.0,0.0017094888494829268,8.583444568813691E-4,0.00949316901413353,7.233544630643534E-4,1.3012831033134103E-4,0.001542961121492196,0.0011193374778502665,0.004957332787708641,0.0014639268407946114,0.0012742344185529132,2.3806780251756063E-4,0.013045941595833744,9.401777808913366E-4,2.5625864274065626E-4,0.0015031954879455812,0.001087994698886008,0.0013212764071164297,1.7576343811905542E-4,1.3311805774422243E-4,0.010422490541393603,0.0013151436098566473,7.661132286815579E-4,0.0029667904785344616,0.0015840329241839075,0.002376563700778678,0.0014110702484386125,0.0014976933864282516,5.694105319871089E-4,8.760615434950663E-4,0.0015729456073774973,2.3349786533459303E-4,0.0025123206327138147,7.410418808537559E-4],[3.9210874864749107E-4,0.0051792394055071595,0.002481419703124911,0.0010286880182725701,0.0016101852394683866,0.0020771377377413803,0.002178756195308043,4.416560972926722E-4,0.0025599049102093263,7.323964953332353E-4,0.0013718458656200336,0.0021299760034782767,0.0029682982828849154,0.0029376728793829485,0.002065438790013422,0.0014216519310675407,0.0019034645253777362,0.002973874766258548,0.0034929157804483475,0.0017094888494829268,1.0,0.0016067206981382242,0.006543084732996042,6.110625141422647E-4,0.001545574144079887,0.001770837599150169,7.428451015087063E-4,0.004177178630707946,8.553833337689482E-4,0.002392366116077542,0.0029566731905550374,0.011087710728787158,0.0012721686721515275,0.0016427618596598053,0.001389988761573174,0.0017718880734463151,0.0020977853576445438,3.737752056347172E-4,0.0012599829887310783,0.004987031282207377,0.0019497551132216186,5.929016993381016E-4,0.003601377813025905,0.002678779925412977,0.00280447445940448,0.0026585739109974485,0.0028815661821458465,0.002703017378604755,0.0011458561678178434,0.0023603508164310024,6.523790939824744E-4,0.0031670082125080977,0.0015746425747748954],[4.1901815377995525E-4,0.012431723340817132,3.927854302805531E-4,3.924573057659731E-4,6.544625523786518E-4,6.584781025772246E-4,5.806385040364008E-4,4.501200991057854E-4,0.0015168417352539661,2.2193129449264303E-4,6.815801266282546E-4,0.00129289796149921,5.56528371408929E-4,0.002500879536487758,0.0011942420691999863,6.882604707327056E-4,1.9363379297396502E-4,9.778812374343167E-4,0.005106720471915217,8.583444568813691E-4,0.0016067206981382242,1.0,0.0077342168834965315,5.046412368494147E-4,4.197698377515498E-4,7.926993312583572E-4,3.1175524896583995E-4,0.003462111167553948,5.364529847166395E-4,8.18292043532531E-4,5.156925985440102E-4,0.001885723027994142,3.580846653513319E-4,2.452502820237813E-4,0.0010604259175524188,2.291608998018075E-4,2.0272610381764222E-4,3.5229913466117645E-4,4.0666972492687175E-4,0.005114279594222743,7.857281022372836E-4,6.59919913279411E-4,0.00191298495755296,0.0011072429445373446,0.0011814313219019566,3.898358777537405E-4,4.96924422499799E-4,6.130885325701376E-4,9.30892923611523E-5,8.628217870420854E-4,3.6740728729474544E-4,8.136539915915607E-4,4.5802548719546586E-4],[0.0010754918595612555,0.07407246462540143,0.0057486741229484575,0.007753826487927216,0.009580561776736113,0.0015269759619000716,0.0057762439003047955,0.002749014706970287,0.0033758023168330245,0.0032505056734649387,0.0014463277002678488,0.004903482253097212,0.009673603497461164,0.003132466506541181,0.010391256579604671,0.011117507684989106,0.01113265697124653,0.008603423156640776,0.006862592011654024,0.00949316901413353,0.006543084732996042,0.0077342168834965315,1.0,0.0018850863713495418,0.009286091074293715,0.008312246279145265,0.0012643716887511377,0.007783353521852198,0.0046032845924551865,0.0014153737220119439,0.0013303414894318187,0.018104445564012986,0.002809371988350196,0.006585336794199559,0.0032265623180558287,0.010497899819773188,0.004048552549467987,0.008378582070968634,0.005778352118183965,0.010820238961614157,0.005739589716252174,0.008832760488485978,0.007955039274416778,0.010817523045400448,0.008731723218281758,0.0064201872655306105,0.0024896086012513485,0.0040884875836924225,0.004852604825697357,0.006142505611859949,0.008465694616427603,0.0068208174943087735,0.003144485743825556],[6.060773691525331E-5,0.027594429169361903,1.1861868671182298E-4,7.138285118747631E-5,2.8077726348320364E-4,2.4530010006474187E-4,1.904610873501351E-4,7.526434299712024E-5,0.0015092492936984122,1.8075455537933216E-4,1.1100473975538588E-4,6.275722304056011E-4,1.5538945585563105E-4,0.0015696422220886296,6.937418235832716E-4,5.356051766050524E-4,1.29048293861996E-4,0.0014838029400547242,0.0039056825249050866,7.233544630643534E-4,6.110625141422647E-4,5.046412368494147E-4,0.0018850863713495418,1.0,8.898756552718688E-5,6.123667599684779E-4,1.5041756865778944E-4,0.0031454800262554934,1.3442084976847063E-4,8.609575693676057E-4,1.509169252383482E-4,0.00857821640435947,1.637075494313693E-4,9.845414262828508E-5,3.9536742723734683E-4,1.1855130956417351E-4,1.6572804777856314E-4,1.1796683902141089E-4,1.0383169012122819E-4,0.0027942967719422306,9.597646242640518E-4,1.6387645042574897E-4,0.0033856172135236116,6.849998217007586E-4,0.0016963090948568344,1.293424817369626E-4,2.7849372964289004E-4,1.52877880448633E-4,7.901970532164397E-5,0.0012909993195144567,1.2132734899872948E-4,0.0011559942247943678,1.4944621346332112E-4],[2.548146323314037E-5,0.017804054103138282,8.546016997300572E-5,2.7164521105045097E-5,2.6878120918504136E-4,1.4633057489418859E-4,2.0397711903822274E-4,3.364589570281851E-5,0.0010041179783514009,7.240228948900345E-5,3.544594957240306E-5,5.064248429509194E-4,1.3095595722769257E-4,0.00219679072619509,8.434492761367421E-4,0.0010306995633910273,3.693461357121269E-5,0.0010351876503470981,0.004434005624909621,1.3012831033134103E-4,0.001545574144079887,4.197698377515498E-4,0.009286091074293715,8.898756552718688E-5,1.0,0.0010736546055775057,1.1628506519731811E-4,0.0020424323658570255,7.60518539541476E-5,1.8211785936043918E-4,8.694705525452447E-5,0.015403680190679803,5.8664989059988125E-5,6.0278862750390045E-5,9.314363304798193E-4,9.840525900106174E-5,1.531542724406581E-4,4.375838967672099E-5,2.2300437680819196E-5,0.007549917764206599,8.758725854963762E-4,2.694235339686283E-4,0.0010961577238314836,4.163340041575662E-4,7.646852901846528E-4,1.3557199125731585E-5,3.9019653070002414E-5,1.2104774622766639E-4,2.912008953164651E-5,2.602344600664215E-4,7.748641580043608E-5,1.5321958181406444E-4,1.1344133594786615E-4],[6.003125000524238E-4,0.01585668631740091,8.289274437574862E-4,6.357360326746759E-4,0.0012180713896315113,5.489364836977648E-4,9.540516501433717E-4,3.2368004244024285E-4,0.0015954561210053794,5.059575477690803E-4,3.709478798782726E-4,0.0013652036334055348,0.0011238515456395543,0.001857547948526357,0.001464091875103236,0.001337277769313154,0.0010007052084837886,0.002364711494305737,0.00493484829194585,0.001542961121492196,0.001770837599150169,7.926993312583572E-4,0.008312246279145265,6.123667599684779E-4,0.0010736546055775057,1.0,2.813401857963327E-4,0.0015375615369508729,2.494724862762411E-4,0.0012027484552931708,5.815728922884256E-4,0.012215557746280758,0.0012658832979026429,0.001023142282081709,0.0011569121529343214,5.551997811784682E-4,5.288021006906994E-4,4.921891287687264E-4,0.0012967792949977758,0.006287481905197546,0.001223207392960879,8.579043302232924E-4,0.002832984892810519,0.0011944770034989346,0.0017438346601419213,5.033236801043203E-4,5.590134484741961E-4,9.430132527688375E-4,8.824660454272142E-4,0.0014416167659130094,0.0013807903920368104,0.0028483151618409427,8.629328470396104E-4],[5.5265314462766265E-5,0.013299653953321666,1.0702366578432537E-4,1.0284647689557283E-4,4.955780436627104E-4,3.250438827868455E-4,1.5598909821149044E-4,5.992030139331556E-5,8.070369225073377E-4,1.7443290575994955E-4,3.72348884043496E-5,0.0010949617408376026,1.581363648556388E-4,0.002361212024960797,0.0013779290689034753,3.915526850559373E-4,4.4727976230945495E-5,0.0016169120511362073,0.002434903948713649,0.0011193374778502665,7.428451015087063E-4,3.1175524896583995E-4,0.0012643716887511377,1.5041756865778944E-4,1.1628506519731811E-4,2.813401857963327E-4,1.0,0.004710071028000478,1.3020414605217237E-4,6.407217591084212E-4,1.3735477796762114E-4,0.011503582391530263,1.511363376039194E-4,9.243305212723805E-5,6.985418590317149E-4,1.3359972693987985E-4,1.5138412340449275E-4,1.12350256805657E-4,1.1600077475331576E-4,0.007428244408640913,7.419274385262276E-4,2.3779880895338535E-4,2.8528265292535857E-4,5.756858061169358E-4,0.0024958813488719007,9.618010136899998E-5,3.282023859425647E-4,1.420808439447264E-4,1.3499163299000904E-4,2.0725059057008998E-4,1.215836606643522E-4,0.0013606411683847327,1.45889449016779E-4],[0.0025726066390970993,0.06217896664337785,0.0014236813124797894,0.002166622693470675,0.00306448455352259,0.002995598681773252,0.0035723310270249376,5.927419768835225E-4,0.0037444730953986767,7.920477574689933E-4,0.0034550486436131286,0.0035727865403445826,0.004181191826461526,0.0027860424742480175,0.0023533157509298993,0.0024074272849903054,0.0020064031427689337,0.004337617444209093,0.00532700281376589,0.004957332787708641,0.004177178630707946,0.003462111167553948,0.007783353521852198,0.0031454800262554934,0.0020424323658570255,0.0015375615369508729,0.004710071028000478,1.0,0.004195923234617469,0.0016146573615854814,0.0012245914690265384,0.011219790654927338,0.004134606327216564,0.003642363666472576,0.004082506735948526,0.003193637361456792,0.004578216387964639,0.003857207159181037,0.003680555423965496,0.008728269547423043,0.0012406018398918336,0.0021796881777394394,0.004168909731414896,0.002881877488227662,0.004615988138601444,0.0024778579129759166,0.00147140469487776,0.0036077701471935054,0.0024358278619972295,0.003589721929604409,0.0013309496382922894,0.004724788769113012,0.0030939033034829834],[9.679227087043024E-5,0.07609186360466347,1.0782815841449731E-4,7.318279000596351E-5,2.036451757923335E-4,3.8567644519841866E-4,1.5572044071691935E-4,7.352041755386735E-5,4.090457498853047E-4,1.779166502205573E-4,4.090500909683514E-5,6.446402717676531E-4,1.2256373515497093E-4,5.97659298651814E-4,0.0013778568769682235,0.0010177064668978597,5.830366781439421E-5,0.0024464012148497304,0.004629410913371238,0.0014639268407946114,8.553833337689482E-4,5.364529847166395E-4,0.0046032845924551865,1.3442084976847063E-4,7.60518539541476E-5,2.494724862762411E-4,1.3020414605217237E-4,0.004195923234617469,1.0,6.942336348418968E-4,1.2830354899615642E-4,0.012139131174663469,1.235492139976308E-4,9.260739676652155E-5,8.47153481998219E-4,1.080976576365352E-4,1.3543552352452331E-4,1.0978991148733284E-4,6.097595662743253E-5,0.004679034772678452,8.931969840064733E-4,1.6051527112654707E-4,5.153186379976893E-4,1.9158999430186663E-4,0.002145370705310878,2.580765274612489E-5,1.3522364947440749E-4,1.1842886791388205E-4,9.65909028101533E-5,3.409237803318267E-4,1.0586777331951774E-4,0.003391038304886989,1.2092123079253229E-4],[2.900055587036743E-4,0.04329741849501344,5.653562521616312E-4,8.625784988641885E-4,9.174415694443248E-4,6.596460736035861E-4,6.438506919726809E-4,4.356694650000372E-4,0.0015796731692809787,2.887123344810318E-4,6.489605056008837E-4,0.0010576134246564404,3.765679366753814E-4,0.002048900706394176,0.0012669952445747623,0.0011938864805872747,9.158506574842329E-4,0.0022621348082898724,0.0020805564858541363,0.0012742344185529132,0.002392366116077542,8.18292043532531E-4,0.0014153737220119439,8.609575693676057E-4,1.8211785936043918E-4,0.0012027484552931708,6.407217591084212E-4,0.0016146573615854814,6.942336348418968E-4,1.0,1.6099844674129888E-4,0.013382217246982193,6.136952621412056E-4,5.895623475896996E-4,0.00102641132013657,7.599565172377806E-4,9.125632354661533E-4,5.394167722091521E-4,8.104022312018454E-4,0.007390213633838847,0.0011541987868865723,8.780127839743674E-4,0.003453059068419476,0.001056811095888309,0.002241887552573713,3.118468421076674E-4,5.177294769360565E-4,4.476783973243701E-4,5.060875663597882E-5,0.0013751072277801415,2.553255718849028E-4,0.002719902654601481,2.3243707156739074E-4],[1.267929923866792E-4,0.05770898015225378,1.0996757426272303E-4,5.629451836519282E-5,2.2558152529329842E-4,2.344648786298752E-4,1.9062342548357525E-4,1.1905791038547501E-4,0.001286566214917698,1.7316820395495855E-4,1.0110511887546366E-4,9.872174717272236E-4,1.6304819993961242E-4,0.002173772302065589,0.0011079515213562716,0.00110149462351802,2.771766786614934E-5,0.002195409926166982,9.016723144571043E-4,2.3806780251756063E-4,0.0029566731905550374,5.156925985440102E-4,0.0013303414894318187,1.509169252383482E-4,8.694705525452447E-5,5.815728922884256E-4,1.3735477796762114E-4,0.0012245914690265384,1.2830354899615642E-4,1.6099844674129888E-4,1.0,0.014321357365959757,1.7133920908205994E-4,1.0359233260938205E-4,9.510988167732264E-4,1.1297867993320477E-4,1.4423751142509522E-4,1.3746178511495652E-4,5.3995784080388595E-5,0.002843087504923875,0.001098871580239616,3.6502036194613807E-4,0.002466632511870898,2.2210806584439333E-4,0.001484558896454615,4.8163352219479134E-5,1.728742857849942E-4,1.431543591165852E-4,1.202346115398226E-4,7.992596523771277E-4,1.1466985128395364E-4,0.0035323343637583197,1.4606304883301845E-4],[0.010929297092582,0.04486886369349076,7.732870692017637E-4,0.012083542444620276,0.013048271214484071,0.01185899025954873,0.014124524781143458,0.008398922008315702,0.002030953559862509,0.007044122292720228,4.220778773900064E-4,0.011009409969702975,0.001301561140524138,0.003450581682997912,0.01872638815708306,0.009961528419289734,0.007833106775498002,0.01737020548164156,0.014963904582596173,0.013045941595833744,0.011087710728787158,0.001885723027994142,0.018104445564012986,0.00857821640435947,0.015403680190679803,0.012215557746280758,0.011503582391530263,0.011219790654927338,0.012139131174663469,0.013382217246982193,0.014321357365959757,1.0,0.005773949230101893,0.014331173561988982,0.01708859118438823,0.014227141933843307,0.01578742586884374,0.0012601776088645277,0.01720673461857261,0.018828535776787843,0.008793729088440411,0.011752401799590091,0.01489941124545022,0.013815149615640336,0.012267385272894775,0.01940636006770863,0.01158946056269502,0.019635030561106714,0.015613179069142185,0.01713114442210217,8.840813980644771E-4,0.011889056630684326,0.004946852133780037],[1.2616723143965146E-4,0.004156240064187215,1.5127283451837542E-4,8.950780559749419E-5,4.836934055513838E-4,2.6985259522248535E-4,1.9255207339850025E-4,1.6518138603778727E-4,7.920705018015884E-4,1.8509804602688832E-4,1.678019461097837E-4,5.379906569591704E-4,1.774647040994161E-4,0.001640164438530559,8.251338860831933E-4,5.431240047392822E-4,1.411015820214125E-4,0.0019182537517315388,0.0012723509241753769,9.401777808913366E-4,0.0012721686721515275,3.580846653513319E-4,0.002809371988350196,1.637075494313693E-4,5.8664989059988125E-5,0.0012658832979026429,1.511363376039194E-4,0.004134606327216564,1.235492139976308E-4,6.136952621412056E-4,1.7133920908205994E-4,0.005773949230101893,1.0,1.4287668468832533E-4,7.293355340106625E-4,1.2981207975042998E-4,1.7184614452625245E-4,1.3023450343341793E-4,1.2186890662357796E-4,0.006037835945689446,1.8998340108777772E-4,3.254477463351349E-4,0.0036122825259248537,2.5786501370279115E-4,0.0010822231907470243,1.5306860771548765E-4,3.0461168067487886E-4,1.5859393858306975E-4,3.213839192386209E-5,3.9038106907672424E-4,1.0923846436086191E-4,0.004238393280735703,1.7603830726297203E-4],[1.592483727418933E-5,0.07043905019218916,9.6278513994317E-5,5.077341666655976E-5,8.939960417902094E-5,4.386708980750222E-4,2.167385655798017E-4,7.450373495700494E-5,4.0873423414445676E-4,8.080275456683281E-5,5.693540781137593E-5,3.5194167027539496E-4,1.6494556982265158E-4,0.002381804812440854,7.508296073746822E-4,8.424513930597682E-4,2.818362802655868E-5,0.0023256066334606034,0.0034176054582209757,2.5625864274065626E-4,0.0016427618596598053,2.452502820237813E-4,0.006585336794199559,9.845414262828508E-5,6.0278862750390045E-5,0.001023142282081709,9.243305212723805E-5,0.003642363666472576,9.260739676652155E-5,5.895623475896996E-4,1.0359233260938205E-4,0.014331173561988982,1.4287668468832533E-4,1.0,9.776475044431503E-4,8.19083879415334E-5,9.665878138111192E-5,1.0832897229613764E-4,4.721605400688998E-5,0.003537443770564232,6.543383841545208E-4,3.658738635883419E-4,0.0017095275160296042,4.921320925423084E-4,0.002027784035474624,7.22127351554485E-5,3.0096099306973795E-4,9.370476104619882E-5,2.351886786002826E-5,0.0014534965173416876,9.463371777254463E-5,0.00257235283397161,8.387535472941123E-5],[2.637310028146435E-4,0.02197535282939611,9.550120433604415E-4,3.9500351448368384E-4,7.445349984502529E-4,6.871986518533265E-4,6.129022753389916E-4,7.522009658373977E-4,0.0016309277269271113,0.0010076264683974076,9.721633757251458E-4,0.0012552898035682772,8.775635301012472E-4,0.001544145134266017,0.001480096595559887,0.0011934953564164197,3.513697821123096E-4,0.0020419207721413864,0.00435553403877488,0.0015031954879455812,0.001389988761573174,0.0010604259175524188,0.0032265623180558287,3.9536742723734683E-4,9.314363304798193E-4,0.0011569121529343214,6.985418590317149E-4,0.004082506735948526,8.47153481998219E-4,0.00102641132013657,9.510988167732264E-4,0.01708859118438823,7.293355340106625E-4,9.776475044431503E-4,1.0,2.7122508660203955E-4,9.821567506631598E-4,8.385322506667711E-4,4.025965653121828E-4,0.004993059381704034,0.0011129200819513926,9.731941814357069E-4,0.003269091488029542,0.0011091253629300051,0.0013959154302432388,7.079656065735368E-4,7.374133434000132E-4,4.657695135598017E-4,8.929358551540984E-4,0.0010885839296678986,9.690590641751479E-4,0.0020195248029671294,6.878806727470248E-4],[1.8917648050217617E-5,0.016918871754624854,1.0580466251285865E-4,7.109347356443787E-5,3.289456026701942E-4,3.2061074849251773E-4,2.5911271679248467E-4,8.643544056852251E-5,5.833264633833968E-4,1.7595447857596936E-4,7.434206486387707E-5,2.8565611016402424E-4,1.0869237032911814E-4,0.0011208975737551673,4.588844539217171E-4,4.2524156044385254E-4,9.041535880229092E-5,0.002309833058931197,0.004258025321584729,0.001087994698886008,0.0017718880734463151,2.291608998018075E-4,0.010497899819773188,1.1855130956417351E-4,9.840525900106174E-5,5.551997811784682E-4,1.3359972693987985E-4,0.003193637361456792,1.080976576365352E-4,7.599565172377806E-4,1.1297867993320477E-4,0.014227141933843307,1.2981207975042998E-4,8.19083879415334E-5,2.7122508660203955E-4,1.0,1.1428290194966142E-4,1.0951723340110198E-4,4.8603205213550704E-5,0.00687175968773416,3.98582781382885E-4,2.001863636489072E-4,0.0017363634978662583,3.450266017520347E-4,0.0026559594745456817,3.565054000888703E-5,1.3516409896367377E-4,1.4197960355793643E-4,4.8311527