[[1.0,4.747182055430691E-4,1.8510078991956026E-4,4.551605929426159E-4,0.003321062724258374,0.008514164316177153,0.001340595620679183,0.008234906423517329,0.0016987740602146535,5.441230105152082E-4,0.0017965221517145787,0.014466158582020662,0.0015076166932084987,0.0013761079235533797,0.001058991359184374,7.13810803244594E-4,7.976724288901648E-4,0.010510692159068798,8.336788119850422E-4,0.0016896453754092773,0.0015901377470682256,0.0010231191521619994,0.001898263025805932,0.0011084393309275383,8.067790221433185E-4,0.0014716961267111888,0.001739086292324623,8.94826403945645E-4,0.005210430402395312,0.0013628779580969887,8.531078829170753E-4,0.0013005163473801284,0.0017472793449494568,0.0011913578487592839,0.007944785651037463,0.0041027113210284245,0.0012259365076237043,0.001525815090019478,0.0018205918947372343,0.013371787724244886,0.00178748099537512,0.0018415580436829265,0.0010555583950492256,0.00182072254302148,9.957167747280578E-4,0.001620925197901532,6.039024630367369E-4,0.00178374494943156,0.0012304085694851694,0.0015690227920950551],[4.747182055430691E-4,1.0,3.437896135071058E-5,1.1457520039978344E-4,0.009773572371345582,0.009762876610706243,5.327438492443573E-4,0.004836008073128551,4.291200682806555E-4,1.3664290744181117E-4,1.4670556645296912E-4,0.016328652119201925,0.0011922089116531709,3.9115021445837396E-4,2.0032179832590535E-4,2.581471639313604E-4,3.0531543653297124E-4,0.0033788451374504877,3.01158437410567E-4,3.500474025781695E-4,6.647495989596827E-4,2.8730954333142317E-4,0.0030973959212589764,3.27388698944859E-4,2.021152034568023E-4,6.721162325978774E-4,2.141690667036192E-4,1.0839722027470407E-4,0.009188833356476097,4.160867664184417E-4,1.22288324074805E-4,6.378907513032428E-4,6.716021905681825E-4,3.1105025944137273E-4,0.0034871884224782317,8.024382102871703E-4,1.7329202324969275E-4,1.9941177616865678E-4,0.0012428566599050682,0.0024608736522578984,0.0013352320145689003,0.0015289166869405528,2.0326916175120066E-4,3.973203645669379E-4,3.483045378148355E-4,2.781642961901616E-4,3.436164647998166E-4,0.0014101365491240004,9.4607827273339E-4,2.5434066692569477E-4],[1.8510078991956026E-4,3.437896135071058E-5,1.0,1.1388212426227635E-5,0.011230533359393625,0.00915011640349635,7.691826831015996E-4,8.126473033966394E-4,0.0011625966340061743,7.603091922693939E-5,6.792515084938485E-5,0.02597780215983104,2.2250500412651585E-4,1.8559288565770754E-4,9.274382928241944E-5,1.7437765079712363E-4,2.7883739454870237E-5,0.010508111210017537,6.759519207091495E-5,1.8796273958726525E-4,0.0010345595429174757,2.010610119824789E-4,0.002118116324517198,1.4676877166242791E-4,5.408098597112378E-5,1.6091553079999524E-4,1.0980175925939186E-5,1.4649337451828054E-5,0.004828520283747355,3.5247979209561094E-4,5.283164959131261E-5,0.0010144100744238496,0.0010155232929144227,1.6498876011194582E-4,0.0052042433117191296,0.002701300271135892,2.1387833477785555E-5,2.9601907464912808E-5,0.0015463256707842622,0.014085595583868057,2.3224369636724642E-4,4.562429934429568E-4,4.990705534751032E-5,0.0012963147016230839,4.575366256499363E-5,2.8196772370537135E-5,2.5065467556227714E-5,0.0014743707772937678,3.2092897926519297E-4,1.816388040352827E-4],[4.551605929426159E-4,1.1457520039978344E-4,1.1388212426227635E-5,1.0,0.007587251199259626,0.00792541422217307,8.592648831642001E-4,0.004926986257776452,9.727418731599234E-4,8.20683939733493E-5,7.307739334958812E-5,0.020109934940245752,0.0011166203697311635,1.617803855624069E-4,5.980029381917866E-5,1.0416214995328816E-4,1.4861702839452581E-5,0.008911121811658162,4.647205619917991E-5,1.2629032668140782E-4,7.718489830837514E-4,1.5986777095124323E-4,0.0015070052373097026,7.834662490098871E-5,7.815273166381022E-5,3.1635687705540454E-4,1.1217364915286942E-5,1.3697871095305036E-5,0.0076221851227525035,1.8285229507591356E-5,2.3573081036701884E-5,2.835436613204165E-4,9.627753498588576E-4,1.329070171501277E-4,0.009038169495083428,0.0025915153833623566,1.5152789212104157E-5,1.883991914335552E-5,0.0017494168606520758,0.002074896859440965,9.094710291184347E-4,0.001672397380223067,7.367320403131757E-5,0.001193509977513124,6.0219059053086254E-5,2.6762503450333498E-5,5.766315711826438E-5,1.7167019616313507E-4,4.8471734148135845E-4,1.315771994399495E-4],[0.003321062724258374,0.009773572371345582,0.011230533359393625,0.007587251199259626,1.0,0.013098940463845812,0.0023836890573920035,0.010905618466924864,0.003625644498685404,0.011614791462995678,0.009020790619345445,0.01711538963140255,0.006082354563350741,0.012037286354765623,6.712414770236204E-4,0.00928317360087708,3.8913884314464896E-4,0.012250563948490258,0.008290896967964452,0.00298175509932666,0.007113999858625578,0.0016316139328018675,0.007869466701848052,0.0012829990013352853,0.001597289077369445,0.011703301808106888,0.004756200867416605,0.005079021576370782,0.011392907072765485,0.00287187911134688,0.005445461053480139,0.006194770708326747,0.008060938484358711,0.008305334850669567,0.012048192771084338,0.011302024103800448,0.0036616978663715533,0.0012416598350979277,0.0102322505553778,0.015088195323237486,0.011346126563969139,0.005945622200447686,0.004006924605233211,0.010524129857298963,0.008328056136270731,0.004531850809357684,0.005293476270864581,0.00999796088228741,0.009185185925723371,0.011639559979897678],[0.008514164316177153,0.009762876610706243,0.00915011640349635,0.00792541422217307,0.013098940463845812,1.0,0.01002594127026031,0.01669594124243256,0.004665541062348073,0.0019650685468742962,0.007632473906186082,0.024069185783589707,0.002066922140668087,0.006124938888748682,0.009118392048667403,0.016330248026309342,0.0023474880607213407,0.01290500243038434,0.006720359638249795,0.0013567016428115478,0.005977191196292647,0.016463473673248408,0.01461338417769114,0.006703342924328002,9.501382901493686E-4,0.012525994056053048,0.008966729024779784,0.016642635124922846,0.011472475973537991,0.014054500772625997,0.010938397936451962,0.010760629461376112,0.011318382239927587,0.009042524366905452,0.012386917697565742,0.008406799942408272,0.005253632060734653,0.015330517849649106,0.010208432562581192,0.01631977649842772,0.008074172197709922,0.0031323136021960633,0.0033372217884321993,0.0063675567410078505,5.322338286954002E-4,0.016015228953582546,0.009112499501109903,0.014724492452166065,0.009073111720291398,0.0032487290415971013],[0.001340595620679183,5.327438492443573E-4,7.691826831015996E-4,8.592648831642001E-4,0.0023836890573920035,0.01002594127026031,1.0,0.010124131218879473,0.0012683476859512433,5.387474795777793E-4,5.190825190911771E-4,0.0014855793087301286,0.0010461755283104916,8.481321379247518E-4,2.998382930009924E-4,5.622744123510993E-4,7.348729185631523E-4,0.004795316928627558,4.0628316926067396E-4,4.7266993681642147E-4,0.00104821292246167,5.890636059496462E-4,0.0032408599714334003,0.0010041585484226792,5.737799788721909E-4,0.001218524264043933,9.933272716166253E-4,3.0189531565844035E-4,0.0018271514557717243,9.5124807390588E-4,5.310346831100807E-4,0.0012311283885950732,0.0011818295650854523,3.8897058414631724E-4,0.003838542393475421,0.0019122667598940333,4.996819079647972E-4,7.648234994969386E-4,0.0016187350078466388,0.0016875177956517462,0.0013796329981698554,0.0017279481544020493,9.826987522716444E-4,0.0017429214292239647,5.543018044013171E-4,9.246916512448592E-4,4.038953353717532E-4,0.0014589710282048333,0.001040261282238304,8.605039795645458E-4],[0.008234906423517329,0.004836008073128551,8.126473033966394E-4,0.004926986257776452,0.010905618466924864,0.01669594124243256,0.010124131218879473,1.0,0.005163975518393964,0.0056660388681749885,0.004758251427423274,0.029944035675925733,0.008393064106577456,0.0014563755842648767,9.549309046633946E-4,0.004258522501745246,0.00876715584135129,0.010697705141074399,0.0064086137124501966,0.006350217155570682,0.005015946164493781,0.006894549429710049,0.009350047586664498,0.006947226973154003,9.881332880559168E-4,0.0036170759792409175,0.010113224659610127,0.0055435817212012885,0.010638297872340425,0.0076433259879836015,2.2821860442823826E-4,0.008037681986335038,0.0014145710961375893,0.0042088517421897086,0.010776067489739161,0.007346853383972038,0.00850401542123156,0.0011816937262046914,0.008981095771066663,0.011466135479525616,0.009965178731458753,0.010217616971163775,0.006943944537830122,0.0038556713731991476,0.00727882506326183,0.002597647829582565,0.007816543407038941,0.0033774323333745308,0.004321838211994829,0.008838468663168257],[0.0016987740602146535,4.291200682806555E-4,0.0011625966340061743,9.727418731599234E-4,0.003625644498685404,0.004665541062348073,0.0012683476859512433,0.005163975518393964,1.0,0.001119365610174351,8.759518564797357E-4,0.01832827866276244,0.0013361603683337904,0.001328865310215087,0.0012194979336681861,7.297908756618547E-4,5.095200574502906E-4,0.007262190891651893,0.00118703640636695,9.240094573367288E-4,0.001311984589759477,0.0012424034451045379,0.003549266933853909,0.0011056048943004788,0.0011903625592432183,0.001324255068326234,1.2870312488185383E-4,9.491261952225277E-4,0.005067631908307533,0.0010403116373510727,7.399546312268382E-4,0.0013424030317141292,0.0013752543565216872,0.0012314671145771327,0.0024404650181739087,0.006324020945533269,0.0011262267368501433,8.747210957013202E-4,0.0014379044282242584,0.009119999114457376,0.001475425659230357,0.0015249452991239524,9.550246840570675E-4,0.001541098759843566,0.001023835088668276,3.4555385384875224E-4,3.756822628207976E-4,0.0015262206245497255,0.0011867414490780953,3.0853620820841046E-4],[5.441230105152082E-4,1.3664290744181117E-4,7.603091922693939E-5,8.20683939733493E-5,0.011614791462995678,0.0019650685468742962,5.387474795777793E-4,0.0056660388681749885,0.001119365610174351,1.0,1.1891678571198942E-4,0.028407631861323317,7.767298793725572E-4,2.4222260798676564E-4,1.5949205120217158E-4,1.2819201890483493E-4,8.901186579232369E-5,0.011869503620683234,1.1411282993822621E-4,1.2295375259068744E-4,1.9763707359920615E-4,1.9548671391547443E-4,0.00202888327133892,1.160652624394763E-4,1.1997280006296967E-4,0.0010247517499247219,4.347181351965912E-5,3.549117835589195E-5,0.003074282140932956,3.853931273728764E-4,9.792676414803818E-5,1.7497516006478896E-4,0.001224521787011476,1.7241479140151801E-4,1.707377069368664E-4,0.002864023345199307,6.003643145969252E-5,8.99985871442377E-5,0.0016341754085722375,0.008904660034704281,6.770501480918711E-4,0.0017657966600811495,1.1391079585848046E-4,0.0015960331583074494,1.2849602953800878E-4,1.0053503415908749E-4,9.542511723918468E-5,0.0014353721106233966,0.001001541037189517,1.7653304972692826E-4],[0.0017965221517145787,1.4670556645296912E-4,6.792515084938485E-5,7.307739334958812E-5,0.009020790619345445,0.007632473906186082,5.190825190911771E-4,0.004758251427423274,8.759518564797357E-4,1.1891678571198942E-4,1.0,0.014454460642226694,4.713646237821703E-4,3.769396870719893E-4,1.5778359821717473E-4,1.4695386986197646E-4,5.946705330059623E-5,0.008016642338417939,1.2127508520223658E-4,3.075872163953716E-4,9.043566911162189E-4,1.594495181014031E-4,0.0022478514666089042,1.7541306235090948E-4,1.3072854001401412E-4,4.5333200706200726E-4,9.874518996563601E-5,2.0855263495099105E-5,0.008978090427617736,2.8637644872882E-4,7.40761129430074E-5,0.001009917360477785,5.086034980122887E-4,1.6252945551532938E-4,0.011760592622277891,0.0010360028233330856,3.101879471493808E-5,5.850458793684878E-5,0.001325422250090875,0.0011225990719124367,1.520836667992294E-4,1.8002740881094704E-4,1.1976957575743222E-4,0.0016007571478316564,2.041148196561381E-4,8.504678623129133E-5,8.573414758039614E-5,0.001367360203729369,1.80271238792455E-4,1.705074522116798E-4],[0.014466158582020662,0.016328652119201925,0.02597780215983104,0.020109934940245752,0.01711538963140255,0.024069185783589707,0.0014855793087301286,0.029944035675925733,0.01832827866276244,0.028407631861323317,0.014454460642226694,1.0,0.012506602918399954,0.024779477143025086,0.01808974694389009,0.008724254756979476,0.02930334231903461,0.028252620329738982,0.002349399914781196,0.025242439030827117,0.02332902758203879,0.01585523015958491,0.018276210152182643,0.0024592503449149825,0.019319643736202985,0.02845993296197543,0.007047529638252963,0.027808165234467084,0.02510061867980235,0.005107208232661711,0.02448072476350178,0.0018585801276653157,0.026370758055744827,0.02316835859803683,0.013395421333633403,0.0287714254496666,0.005344899468567746,0.02414674366124655,0.022849994329594957,0.019679330978419857,0.011396180494575227,0.016247259860093264,0.005085859745169987,0.020423231131936444,0.014476278056289548,0.0014930387681130687,0.027979724887242766,0.0022311407732316323,0.014527024007885785,0.018462289344512318],[0.0015076166932084987,0.0011922089116531709,2.2250500412651585E-4,0.0011166203697311635,0.006082354563350741,0.002066922140668087,0.0010461755283104916,0.008393064106577456,0.0013361603683337904,7.767298793725572E-4,4.713646237821703E-4,0.012506602918399954,1.0,6.875905067645841E-4,0.0012656339969321002,2.6178456208988146E-4,9.007461270009127E-4,0.002428857602842652,2.2201157354068688E-4,4.8485371536928864E-4,0.0010801496522617406,2.76599629829731E-4,0.0012791607905493511,4.5797347509755513E-4,7.863358364674832E-4,0.0012721209963801263,0.0010533536843328058,2.4547127843554825E-4,0.0019320797462145604,0.0011347292061859042,9.874103509202022E-4,0.0012821733262597473,0.0013590109762545409,0.0010010998174688399,0.003894348147895031,0.006320066652386679,6.764758895214543E-5,5.956031821515206E-4,0.0016436864852441015,0.0031377238074165002,0.0013755398795008166,0.0013208113358397539,3.61968241647887E-4,0.0014616287268622288,9.785616676855776E-4,9.181521597244081E-4,4.736755131083154E-4,0.0013947509049311332,0.0012538737943229678,5.031564308805952E-4],[0.0013761079235533797,3.9115021445837396E-4,1.8559288565770754E-4,1.617803855624069E-4,0.012037286354765623,0.006124938888748682,8.481321379247518E-4,0.0014563755842648767,0.001328865310215087,2.4222260798676564E-4,3.769396870719893E-4,0.024779477143025086,6.875905067645841E-4,1.0,3.226423114379642E-4,3.1619489659930966E-4,1.9528231649948235E-4,0.006301504221756112,2.90127786750387E-4,4.1001046892685653E-4,6.434377339163233E-4,3.183016214809395E-4,0.0018728797790256092,3.6009883169497005E-4,3.256893008588406E-4,9.86186605986566E-4,1.1287723195227573E-4,3.688466327839676E-4,0.008443599917581576,4.3516778029995353E-4,1.468247403977978E-4,0.0011309754355947545,7.784219922823394E-4,3.405390031815075E-4,0.0033977970141980353,0.00347417426491864,5.8245735828424534E-5,3.6647758474824015E-4,8.204102423745201E-4,0.0069394742048025405,0.0014125211887928016,0.0015115352455076893,1.8083514595142045E-4,0.00142032550206357,2.9926197776997403E-4,2.729030854424759E-4,2.4911322220921763E-4,0.0012162961925581614,8.172144238804803E-4,3.998801547570781E-4],[0.001058991359184374,2.0032179832590535E-4,9.274382928241944E-5,5.980029381917866E-5,6.712414770236204E-4,0.009118392048667403,2.998382930009924E-4,9.549309046633946E-4,0.0012194979336681861,1.5949205120217158E-4,1.5778359821717473E-4,0.01808974694389009,0.0012656339969321002,3.226423114379642E-4,1.0,1.670150649485724E-4,9.402950570714505E-5,0.009400697114525,1.3826664414490648E-4,2.1309333138502798E-4,3.475674695180641E-4,1.8435430077448235E-4,0.002942740993727615,1.771831856578405E-4,1.6535143473943157E-4,7.312071639062198E-4,4.545081920061735E-5,1.1138634214015717E-4,0.004239131351755405,2.993675963364415E-4,1.485515835064831E-4,8.829189363628389E-4,8.054711149570821E-4,1.8344560652898314E-4,0.0021447826477636353,0.0021908642904569643,1.1749636126015612E-4,1.5416427923664133E-4,0.001651407374708395,0.012438856060072041,4.759635249186466E-4,5.527147003265113E-4,1.2659886036701728E-4,0.0012877060624898208,1.7980498696326634E-4,1.1292628433615603E-4,9.011356880457428E-5,6.49913020532282E-4,5.256686648595955E-4,1.704856459034406E-4],[7.13810803244594E-4,2.581471639313604E-4,1.7437765079712363E-4,1.0416214995328816E-4,0.00928317360087708,0.016330248026309342,5.622744123510993E-4,0.004258522501745246,7.297908756618547E-4,1.2819201890483493E-4,1.4695386986197646E-4,0.008724254756979476,2.6178456208988146E-4,3.1619489659930966E-4,1.670150649485724E-4,1.0,7.479312093029525E-5,0.011964192586027154,1.2245303878215835E-4,3.5467037018587535E-4,2.5840616568657853E-4,2.0642875671333572E-4,0.0029418908982315507,1.772298333567878E-4,1.675321366080291E-4,0.0010561449878893638,7.809941021477232E-5,1.1544856270405715E-4,3.195556026393443E-4,2.97113475214657E-4,1.1674607666718619E-4,6.179409085035523E-4,7.393177805442379E-4,2.009052591902208E-4,9.822469757401016E-4,0.0024956626864441073,1.1056433240971047E-4,9.84585682670872E-5,4.8085067124402326E-4,0.010671038973562773,0.0015170365981562392,0.0013488761839112813,1.7587913625652962E-4,4.104230629625265E-4,1.9889277528928713E-4,9.181531222674912E-5,1.4428283734641998E-4,0.001342210078985206,8.642193721363164E-4,1.8506186306521677E-4],[7.976724288901648E-4,3.0531543653297124E-4,2.7883739454870237E-5,1.4861702839452581E-5,3.8913884314464896E-4,0.0023474880607213407,7.348729185631523E-4,0.00876715584135129,5.095200574502906E-4,8.901186579232369E-5,5.946705330059623E-5,0.02930334231903461,9.007461270009127E-4,1.9528231649948235E-4,9.402950570714505E-5,7.479312093029525E-5,1.0,0.002534321498122528,6.326583301332885E-5,7.073473688605056E-5,5.1642581738212037E-5,7.387466397246909E-5,0.0025051310990087724,4.0937205843166146E-5,1.2270705936335142E-4,1.8423266477606934E-4,1.0322105758001518E-5,3.4180910716533966E-5,0.005928421343537387,3.6426511185456934E-4,4.476147503591353E-5,0.0010140683315610149,9.160206919297433E-4,3.756392029251093E-5,0.0029500902050310527,0.003760003960280565,2.2051974777031163E-5,3.654361692658391E-5,0.00133241957530949,0.001277750026904026,7.329403204131852E-4,8.683136078145226E-4,9.523544811070678E-5,0.0011128213901426636,1.1265052532305344E-4,3.141074068035212E-5,7.612885793553799E-5,2.1203905535477103E-4,8.251006465651967E-4,1.5271959841061135E-4],[0.010510692159068798,0.0033788451374504877,0.010508111210017537,0.008911121811658162,0.012250563948490258,0.01290500243038434,0.004795316928627558,0.010697705141074399,0.007262190891651893,0.011869503620683234,0.008016642338417939,0.028252620329738982,0.002428857602842652,0.006301504221756112,0.009400697114525,0.011964192586027154,0.002534321498122528,1.0,0.005773259699710442,0.011355894651504607,0.009778195584393298,0.008108756935299603,0.010415170282533864,0.00907568182665619,0.005737148870700284,0.008427974253888316,0.009071088307843617,0.00779319116074457,0.012005821190257575,0.011979883289239946,0.009322591414514912,0.0056365156231582385,0.004382414695896463,0.007476041488613966,0.01205132575165386,0.01069255729061214,0.010399161780256282,0.009494330461787487,0.011045279594285985,0.013581700692914393,0.0036070653710692257,0.003421649180798649,0.0103131087562955,0.004598027498247744,0.0022862033612138324,0.004629501391429899,0.006712615299959488,0.005217183965149782,0.0036733107360056574,0.004867446657639277],[8.336788119850422E-4,3.01158437410567E-4,6.759519207091495E-5,4.647205619917991E-5,0.008290896967964452,0.006720359638249795,4.0628316926067396E-4,0.0064086137124501966,0.00118703640636695,1.1411282993822621E-4,1.2127508520223658E-4,0.002349399914781196,2.2201157354068688E-4,2.90127786750387E-4,1.3826664414490648E-4,1.2245303878215835E-4,6.326583301332885E-5,0.005773259699710442,1.0,3.142874817733078E-4,7.303677133015526E-4,1.6634542729606947E-4,0.003029253647775948,1.2847133871964503E-4,1.3449215986710656E-4,2.005084586850223E-4,8.144832539819967E-5,4.139996134018694E-5,0.007210886019590014,1.2551569761231195E-4,1.0482914595921492E-4,3.05216462204855E-4,9.421356964542322E-4,1.74494324793497E-4,0.005539606120475039,0.0055076148132631435,8.8705935394291E-5,8.636859148102678E-5,7.808139285619309E-4,0.0011686343417514373,8.956524342796448E-4,0.0016694062382755653,1.2091312684181225E-4,0.0015397540131525782,2.0622842101358026E-4,7.336443910613828E-5,1.1438912520975449E-4,5.458545205499139E-4,8.042562257049839E-4,1.5758683861757505E-4],[0.0016896453754092773,3.500474025781695E-4,1.8796273958726525E-4,1.2629032668140782E-4,0.00298175509932666,0.0013567016428115478,4.7266993681642147E-4,0.006350217155570682,9.240094573367288E-4,1.2295375259068744E-4,3.075872163953716E-4,0.025242439030827117,4.8485371536928864E-4,4.1001046892685653E-4,2.1309333138502798E-4,3.5467037018587535E-4,7.073473688605056E-5,0.011355894651504607,3.142874817733078E-4,1.0,4.2257353365241976E-4,2.77586819635123E-4,0.0014068164800526998,2.3785079434663795E-4,1.5513175808899547E-4,6.769538925039283E-4,2.5936416043904176E-4,1.4466779669321955E-4,0.002367240169566071,3.734523050904103E-4,2.672068508653821E-4,7.397748980906363E-4,9.63105040862285E-4,2.4170071143189356E-4,0.0010054081520891977,0.004774999042738215,2.30920535448611E-4,5.860718337040442E-5,4.359547793335354E-4,0.009717849470542482,6.84653788186251E-4,5.244993545247261E-4,3.3013556072581946E-4,0.0016894923990931619,2.2369357773352596E-4,4.3280470954224626E-5,3.3875037327336325E-4,5.531288607266152E-4,5.186841628474401E-4,2.0519680881120995E-4],[0.0015901377470682256,6.647495989596827E-4,0.0010345595429174757,7.718489830837514E-4,0.007113999858625578,0.005977191196292647,0.00104821292246167,0.005015946164493781,0.001311984589759477,1.9763707359920615E-4,9.043566911162189E-4,0.02332902758203879,0.0010801496522617406,6.434377339163233E-4,3.475674695180641E-4,2.5840616568657853E-4,5.1642581738212037E-5,0.009778195584393298,7.303677133015526E-4,4.2257353365241976E-4,1.0,0.0010279608401024738,0.0012235692102777085,6.216488210837314E-4,8.348006056745269E-4,0.0012203263525378764,4.853145730872919E-4,5.34609422068643E-4,0.010471720641057107,0.001033141044162208,0.0010143874846518552,0.0012805980251658993,0.001110060734150111,0.001040811137406278,0.00611528315302381,0.003201131381187208,7.57478979251807E-4,6.003133250574672E-4,0.001493398524999868,0.01289009697839543,0.0011035636730381505,0.0016303040163153932,5.812268621005204E-4,0.0013619968872760396,3.371667985788846E-4,1.0245078647593244E-4,5.896136713988168E-4,0.0014655305630921326,0.0010711671529025604,7.028602275061554E-4],[0.0010231191521619994,2.8730954333142317E-4,2.010610119824789E-4,1.5986777095124323E-4,0.0016316139328018675,0.016463473673248408,5.890636059496462E-4,0.006894549429710049,0.0012424034451045379,1.9548671391547443E-4,1.594495181014031E-4,0.01585523015958491,2.76599629829731E-4,3.183016214809395E-4,1.8435430077448235E-4,2.0642875671333572E-4,7.387466397246909E-5,0.008108756935299603,1.6634542729606947E-4,2.77586819635123E-4,0.0010279608401024738,1.0,7.706945530171521E-4,1.889302455219585E-4,1.9809766852808028E-4,3.353082594993232E-4,4.246155612265009E-5,2.262032158922785E-5,0.002528989021098965,5.691929954226908E-4,1.9952722419013704E-4,2.6656168433003384E-4,0.0013057800669117648,2.0388992068631878E-4,0.0017033364091242737,0.004311019546310447,2.071505863237602E-4,1.7688524755185895E-4,2.3915369504401776E-4,0.0012053832491406577,6.90545245481663E-4,3.641547840081313E-4,1.4470296273612777E-4,0.0016288349792669475,2.0778614768644722E-4,1.367209182717614E-4,1.6828642239619503E-4,0.0013928342497385514,5.429253993669465E-4,1.986029836661233E-4],[0.001898263025805932,0.0030973959212589764,0.002118116324517198,0.0015070052373097026,0.007869466701848052,0.01461338417769114,0.0032408599714334003,0.009350047586664498,0.003549266933853909,0.00202888327133892,0.0022478514666089042,0.018276210152182643,0.0012791607905493511,0.0018728797790256092,0.002942740993727615,0.0029418908982315507,0.0025051310990087724,0.010415170282533864,0.003029253647775948,0.0014068164800526998,0.0012235692102777085,7.706945530171521E-4,1.0,8.030609477421447E-4,0.002000913998911148,0.0012659356691990154,0.0016045643028394312,0.0027031724936501726,0.009863187730844863,0.002385926433293039,0.004263207208466424,0.0020805994578326197,0.0032770555839664517,0.0033873631560158127,0.009618102952275394,0.005482591888111526,0.003026350485188542,0.0024248912028979547,0.004246054810043944,0.007437969089096911,0.002919657439635354,0.0037265647205587987,0.002189462038618799,0.004058206263876286,0.004051232988760444,0.0035009015998333647,0.002470203298931553,0.0021553367232605633,0.0026521165160454576,0.0031706148113896703],[0.0011084393309275383,3.27388698944859E-4,1.4676877166242791E-4,7.834662490098871E-5,0.0012829990013352853,0.006703342924328002,0.0010041585484226792,0.006947226973154003,0.0011056048943004788,1.160652624394763E-4,1.7541306235090948E-4,0.0024592503449149825,4.5797347509755513E-4,3.6009883169497005E-4,1.771831856578405E-4,1.772298333567878E-4,4.0937205843166146E-5,0.00907568182665619,1.2847133871964503E-4,2.3785079434663795E-4,6.216488210837314E-4,1.889302455219585E-4,8.030609477421447E-4,1.0,1.4037632966780168E-4,8.400926251379304E-4,5.451775064646367E-5,6.916984764905957E-5,0.004424867384982826,4.402747530376721E-4,1.0092592714299034E-4,3.0945371476098093E-4,8.526073158116657E-4,1.9772489882505907E-4,0.005219964851335019,0.005114884441481274,9.26261290585554E-5,8.653640927435499E-5,8.044482029703881E-4,0.012791488976095305,3.0556374479972235E-4,0.001107910437733656,1.3975064320838267E-4,0.0011269973715760163,1.907390430870091E-4,4.8379952572348344E-5,1.1032910725311987E-4,0.0011950303979240593,2.9032271103899177E-4,1.8391814174768183E-4],[8.067790221433185E-4,2.021152034568023E-4,5.408098597112378E-5,7.815273166381022E-5,0.001597289077369445,9.501382901493686E-4,5.737799788721909E-4,9.881332880559168E-4,0.0011903625592432183,1.1997280006296967E-4,1.3072854001401412E-4,0.019319643736202985,7.863358364674832E-4,3.256893008588406E-4,1.6535143473943157E-4,1.675321366080291E-4,1.2270705936335142E-4,0.005737148870700284,1.3449215986710656E-4,1.5513175808899547E-4,8.348006056745269E-4,1.9809766852808028E-4,0.002000913998911148,1.4037632966780168E-4,1.0,0.0010793616217702493,1.2383054344327103E-4,9.091090516917422E-5,0.002915880848566142,1.5236802420924995E-4,6.120008107418194E-5,9.088777085839753E-4,1.6381928691188355E-4,1.952188989609579E-4,0.008234360385346388,0.005013699775869315,1.2024172346839803E-4,4.246385419527251E-5,0.001727468043403557,0.008614364083086787,9.019986109673383E-4,0.0010691009716152612,1.1991905415303675E-4,4.103858501626794E-4,1.5751116665546662E-4,1.2861330383939963E-4,1.01399041728364E-4,0.001444396680105896,9.921228584972022E-4,1.733005835914697E-4],[0.0014716961267111888,6.721162325978774E-4,1.6091553079999524E-4,3.1635687705540454E-4,0.011703301808106888,0.012525994056053048,0.001218524264043933,0.0036170759792409175,0.001324255068326234,0.0010247517499247219,4.5333200706200726E-4,0.02845993296197543,0.0012721209963801263,9.86186605986566E-4,7.312071639062198E-4,0.0010561449878893638,1.8423266477606934E-4,0.008427974253888316,2.005084586850223E-4,6.769538925039283E-4,0.0012203263525378764,3.353082594993232E-4,0.0012659356691990154,8.400926251379304E-4,0.0010793616217702493,1.0,0.0010111218092892305,7.256463697272508E-4,0.00562508335973778,9.271727497770187E-4,1.2882121051411923E-4,0.0012573038590138095,0.0012596861855419929,5.143728059497533E-4,0.0018621093142461892,0.0030659764418115537,1.527015501681354E-4,9.722725326405398E-5,0.0016797139991347433,0.014685628107801565,0.0013484103704298552,0.0016799972008767548,4.596632899084885E-4,0.001707226258256893,5.212007079865896E-4,5.438070033537277E-4,3.8389242936808117E-4,0.001296745000629714,0.0011976867738525945,5.221133585056053E-4],[0.001739086292324623,2.141690667036192E-4,1.0980175925939186E-5,1.1217364915286942E-5,0.004756200867416605,0.008966729024779784,9.933272716166253E-4,0.010113224659610127,1.2870312488185383E-4,4.347181351965912E-5,9.874518996563601E-5,0.007047529638252963,0.0010533536843328058,1.1287723195227573E-4,4.545081920061735E-5,7.809941021477232E-5,1.0322105758001518E-5,0.009071088307843617,8.144832539819967E-5,2.5936416043904176E-4,4.853145730872919E-4,4.246155612265009E-5,0.0016045643028394312,5.451775064646367E-5,1.2383054344327103E-4,0.0010111218092892305,1.0,1.3711444662977222E-5,0.007261651823785767,1.0013336796151709E-4,3.2538046910212544E-5,3.2340835550199147E-4,0.00118854736530248,6.411995628389544E-5,0.0022491472317550097,0.003453334819352507,1.5132016955768444E-5,1.3770693444692993E-5,0.0014511962874025224,0.010224613543729782,0.0011567696684190276,0.0016841002971837546,1.1361234255154171E-4,2.770868944757739E-4,1.069435410457365E-4,2.2183468914994745E-5,4.294074583158549E-5,3.032623017695742E-4,3.565604041280346E-4,9.127396953777533E-5],[8.94826403945645E-4,1.0839722027470407E-4,1.4649337451828054E-5,1.3697871095305036E-5,0.005079021576370782,0.016642635124922846,3.0189531565844035E-4,0.0055435817212012885,9.491261952225277E-4,3.549117835589195E-5,2.0855263495099105E-5,0.027808165234467084,2.4547127843554825E-4,3.688466327839676E-4,1.1138634214015717E-4,1.1544856270405715E-4,3.4180910716533966E-5,0.00779319116074457,4.139996134018694E-5,1.4466779669321955E-4,5.34609422068643E-4,2.262032158922785E-5,0.0027031724936501726,6.916984764905957E-5,9.091090516917422E-5,7.256463697272508E-4,1.3711444662977222E-5,1.0,0.005363232435239387,4.196837515528255E-4,4.632247594442666E-5,4.37316865005213E-4,2.0034571654981633E-4,5.353065246367559E-5,0.0034306101301255307,0.003057251689585649,1.6865930469950192E-5,2.226070713175985E-5,4.552622486133843E-4,0.011492688819932206,8.605748164575242E-4,0.001654968103188409,4.5182387797783444E-5,0.001427282270623703,1.3528895792464706E-4,2.3900051852498415E-5,7.677669644077205E-5,1.7231167864392824E-4,4.6081336088521887E-4,5.712276681713729E-5],[0.005210430402395312,0.009188833356476097,0.004828520283747355,0.0076221851227525035,0.011392907072765485,0.011472475973537991,0.0018271514557717243,0.010638297872340425,0.005067631908307533,0.003074282140932956,0.008978090427617736,0.02510061867980235,0.0019320797462145604,0.008443599917581576,0.004239131351755405,3.195556026393443E-4,0.005928421343537387,0.012005821190257575,0.007210886019590014,0.002367240169566071,0.010471720641057107,0.002528989021098965,0.009863187730844863,0.004424867384982826,0.002915880848566142,0.00562508335973778,0.007261651823785767,0.005363232435239387,1.0,0.006124062166159705,0.006600658634159033,0.0018993018693781796,0.0027378235543236732,0.005660119270163647,0.011242015467161446,0.00790353472932935,0.010506740922751395,0.010096119195648592,0.009969368556464494,0.013116796155934064,0.00402568626665723,0.004909964865816458,0.004399120770345871,0.006799296808862545,0.004628979288640571,0.009894708120053391,0.003651614840196474,0.002624700363472197,0.010598766123657028,0.008167894057436472],[0.0013628779580969887,4.160867664184417E-4,3.5247979209561094E-4,1.8285229507591356E-5,0.00287187911134688,0.014054500772625997,9.5124807390588E-4,0.0076433259879836015,0.0010403116373510727,3.853931273728764E-4,2.8637644872882E-4,0.005107208232661711,0.0011347292061859042,4.3516778029995353E-4,2.993675963364415E-4,2.97113475214657E-4,3.6426511185456934E-4,0.011979883289239946,1.2551569761231195E-4,3.734523050904103E-4,0.001033141044162208,5.691929954226908E-4,0.002385926433293039,4.402747530376721E-4,1.5236802420924995E-4,9.271727497770187E-4,1.0013336796151709E-4,4.196837515528255E-4,0.006124062166159705,1.0,3.329680053200102E-4,0.0011762118922581416,8.506503287678141E-4,2.9774500305738337E-4,0.008666446056961506,0.0011533847127230086,1.3335319291431233E-4,1.587957550609422E-4,0.0016797772744532955,0.005572409656774578,6.763831820185885E-4,0.0016653762828117424,4.8385121060062417E-4,0.001540104386180558,5.008346528105799E-4,3.473849522630065E-4,2.7201708579945635E-4,0.0014906770943902345,6.980527359970357E-4,4.1986204775652314E-4],[8.531078829170753E-4,1.22288324074805E-4,5.283164959131261E-5,2.3573081036701884E-5,0.005445461053480139,0.010938397936451962,5.310346831100807E-4,2.2821860442823826E-4,7.399546312268382E-4,9.792676414803818E-5,7.40761129430074E-5,0.02448072476350178,9.874103509202022E-4,1.468247403977978E-4,1.485515835064831E-4,1.1674607666718619E-4,4.476147503591353E-5,0.009322591414514912,1.0482914595921492E-4,2.672068508653821E-4,0.0010143874846518552,1.9952722419013704E-4,0.004263207208466424,1.0092592714299034E-4,6.120008107418194E-5,1.2882121051411923E-4,3.2538046910212544E-5,4.632247594442666E-5,0.006600658634159033,3.329680053200102E-4,1.0,0.001271951778607291,8.701778492100868E-4,1.052757273350479E-4,0.005851489537467329,0.004152892300907283,4.85910406650424E-5,5.782086992917197E-5,5.203517462957409E-4,0.011697871731207178,0.0010717170731084661,0.0016654945440602055,1.1499799010296786E-4,0.0013831553770318453,9.487282665513768E-5,5.422731329525982E-5,7.806370337829265E-5,8.345676078844831E-4,3.67310286634065E-4,6.708593630231095E-5],[0.0013005163473801284,6.378907513032428E-4,0.0010144100744238496,2.835436613204165E-4,0.006194770708326747,0.010760629461376112,0.0012311283885950732,0.008037681986335038,0.0013424030317141292,1.7497516006478896E-4,0.001009917360477785,0.0018585801276653157,0.0012821733262597473,0.0011309754355947545,8.829189363628389E-4,6.179409085035523E-4,0.0010140683315610149,0.0056365156231582385,3.05216462204855E-4,7.397748980906363E-4,0.0012805980251658993,2.6656168433003384E-4,0.0020805994578326197,3.0945371476098093E-4,9.088777085839753E-4,0.0012573038590138095,3.2340835550199147E-4,4.37316865005213E-4,0.0018993018693781796,0.0011762118922581416,0.001271951778607291,1.0,0.001312935441789087,6.743664364984513E-4,0.003311413135781218,0.0033716018408421426,0.0011859893958150757,6.527758395502932E-5,0.0017238679521039183,0.009971472235303806,0.0015126581182025101,0.0014381143447692304,0.0011756778924568755,0.0013539595903220548,5.125881412716126E-4,3.4441924524800696E-4,8.735376359016696E-4,0.0015148026313117266,0.001051242418387003,7.620892839579785E-4],[0.0017472793449494568,6.716021905681825E-4,0.0010155232929144227,9.627753498588576E-4,0.008060938484358711,0.011318382239927587,0.0011818295650854523,0.0014145710961375893,0.0013752543565216872,0.001224521787011476,5.086034980122887E-4,0.026370758055744827,0.0013590109762545409,7.784219922823394E-4,8.054711149570821E-4,7.393177805442379E-4,9.160206919297433E-4,0.004382414695896463,9.421356964542322E-4,9.63105040862285E-4,0.001110060734150111,0.0013057800669117648,0.0032770555839664517,8.526073158116657E-4,1.6381928691188355E-4,0.0012596861855419929,0.00118854736530248,2.0034571654981633E-4,0.0027378235543236732,8.506503287678141E-4,8.701778492100868E-4,0.001312935441789087,1.0,9.443433834848782E-4,0.008909065777520413,0.0019215948279643848,0.0010263965282335421,3.699840417858612E-4,0.001725708274912544,0.01309533620189316,0.001511145382502809,0.0014562216677936766,0.0013114414278032822,0.0014328250536108855,9.42817943819171E-4,8.143921999005428E-4,4.596089053865214E-4,0.0013793580108591092,0.00124690928679018,0.0012330085813425998],[0.0011913578487592839,3.1105025944137273E-4,1.6498876011194582E-4,1.329070171501277E-4,0.008305334850669567,0.009042524366905452,3.8897058414631724E-4,0.0042088517421897086,0.0012314671145771327,1.7241479140151801E-4,1.6252945551532938E-4,0.02316835859803683,0.0010010998174688399,3.405390031815075E-4,1.8344560652898314E-4,2.009052591902208E-4,3.756392029251093E-5,0.007476041488613966,1.74494324793497E-4,2.4170071143189356E-4,0.001040811137406278,2.0388992068631878E-4,0.0033873631560158127,1.9772489882505907E-4,1.952188989609579E-4,5.143728059497533E-4,6.411995628389544E-5,5.353065246367559E-5,0.005660119270163647,2.9774500305738337E-4,1.052757273350479E-4,6.743664364984513E-4,9.443433834848782E-4,1.0,0.0059674704356336246,0.0018011622604939947,1.77006867603209E-4,1.680030959901411E-4,2.8862653900007314E-4,0.0016875849130724152,0.0010939697842278198,0.0012311748803056372,1.6165116863638493E-4,0.001281478178561195,2.044055406446008E-4,1.3286164797269244E-4,1.1324267923324506E-4,6.465766966531081E-4,3.1632405049579503E-4,1.9735379021591353E-4],[0.007944785651037463,0.0034871884224782317,0.0052042433117191296,0.009038169495083428,0.012048192771084338,0.012386917697565742,0.003838542393475421,0.010776067489739161,0.0024404650181739087,1.707377069368664E-4,0.011760592622277891,0.013395421333633403,0.003894348147895031,0.0033977970141980353,0.0021447826477636353,9.822469757401016E-4,0.0029500902050310527,0.01205132575165386,0.005539606120475039,0.0010054081520891977,0.00611528315302381,0.0017033364091242737,0.009618102952275394,0.005219964851335019,0.008234360385346388,0.0018621093142461892,0.0022491472317550097,0.0034306101301255307,0.011242015467161446,0.008666446056961506,0.005851489537467329,0.003311413135781218,0.008909065777520413,0.0059674704356336246,1.0,0.010508902952558252,0.00623118842585242,0.003676802673471514,0.005781815754350747,0.014179115491649274,0.0057971107900562,0.00842363164141539,0.003129819158487352,0.006360832474345617,0.010526611891796116,0.0029163415944468015,0.00971472665889672,0.00838122350861678,0.002068448083511633,0.011405284478292333],[0.0041027113210284245,8.024382102871703E-4,0.002701300271135892,0.0025915153833623566,0.011302024103800448,0.008406799942408272,0.0019122667598940333,0.007346853383972038,0.006324020945533269,0.002864023345199307,0.0010360028233330856,0.0287714254496666,0.006320066652386679,0.00347417426491864,0.0021908642904569643,0.0024956626864441073,0.003760003960280565,0.01069255729061214,0.0055076148132631435,0.004774999042738215,0.003201131381187208,0.004311019546310447,0.005482591888111526,0.005114884441481274,0.005013699775869315,0.0030659764418115537,0.003453334819352507,0.003057251689585649,0.00790353472932935,0.0011533847127230086,0.004152892300907283,0.0033716018408421426,0.0019215948279643848,0.0018011622604939947,0.010508902952558252,1.0,8.052444481474936E-4,0.004830358479663549,0.0050386269056269615,0.010179018281372732,0.004257076938455506,0.0019402383396820995,0.0035305108406683524,0.003561029676594389,8.176716849227437E-4,0.00448081322521725,2.596902563426733E-4,0.0023627616215335344,0.004912025810323493,0.0015937553731396343],[0.0012259365076237043,1.7329202324969275E-4,2.1387833477785555E-5,1.5152789212104157E-5,0.0036616978663715533,0.005253632060734653,4.996819079647972E-4,0.00850401542123156,0.0011262267368501433,6.003643145969252E-5,3.101879471493808E-5,0.005344899468567746,6.764758895214543E-5,5.8245735828424534E-5,1.1749636126015612E-4,1.1056433240971047E-4,2.2051974777031163E-5,0.010399161780256282,8.8705935394291E-5,2.30920535448611E-4,7.57478979251807E-4,2.071505863237602E-4,0.003026350485188542,9.26261290585554E-5,1.2024172346839803E-4,1.527015501681354E-4,1.5132016955768444E-5,1.6865930469950192E-5,0.010506740922751395,1.3335319291431233E-4,4.85910406650424E-5,0.0011859893958150757,0.0010263965282335421,1.77006867603209E-4,0.00623118842585242,8.052444481474936E-4,1.0,3.261509038179588E-5,5.443156131454165E-4,0.009321232193202944,4.6076123552892884E-4,0.0014315064943671415,2.5340255832491013E-5,1.6964182596615558E-4,1.0148836851644616E-4,2.7228135179012895E-5,2.6302684151202043E-5,0.0015463968147743827,8.557955407584557E-4,1.104192497722838E-4],[0.001525815090019478,1.9941177616865678E-4,2.9601907464912808E-5,1.883991914335552E-5,0.0012416598350979277,0.015330517849649106,7.648234994969386E-4,0.0011816937262046914,8.747210957013202E-4,8.99985871442377E-5,5.850458793684878E-5,0.02414674366124655,5.956031821515206E-4,3.6647758474824015E-4,1.5416427923664133E-4,9.84585682670872E-5,3.654361692658391E-5,0.009494330461787487,8.636859148102678E-5,5.860718337040442E-5,6.003133250574672E-4,1.7688524755185895E-4,0.0024248912028979547,8.653640927435499E-5,4.246385419527251E-5,9.722725326405398E-5,1.3770693444692993E-5,2.226070713175985E-5,0.010096119195648592,1.587957550609422E-4,5.782086992917197E-5,6.527758395502932E-5,3.699840417858612E-4,1.680030959901411E-4,0.003676802673471514,0.004830358479663549,3.261509038179588E-5,1.0,9.189602243452351E-4,0.014901353529035965,0.0011080850195528532,1.679999438307153E-4,7.534180711904007E-5,6.29843756236298E-4,9.340197340686266E-5,3.261094481228459E-5,8.316976268477775E-5,6.238056156070853E-4,6.213946592256521E-4,1.588920690495361E-4],[0.0018205918947372343,0.0012428566599050682,0.0015463256707842622,0.0017494168606520758,0.0102322505553778,0.010208432562581192,0.0