[[1.0,0.0036229435393091815,0.003393499855476853,8.61565908656769E-4,2.67330386959095E-4,0.0013010147561541554,0.0010318079404893121,6.082001089945375E-4,4.4844007769172315E-4,0.0012054621010661039,5.813610314356432E-4,0.003303774481387799,0.0012489557301979736,8.597718363664561E-4,3.254057249294548E-4,0.0011334628582040723,0.0011292287267566058,0.0030335631196920397,0.001468155542845729,5.823024676677772E-4,0.001034976747507443,5.3650371519641186E-5,7.358543713846648E-4,2.935640536991355E-4,0.0013826909367452452,0.001483854198857186,0.0010584415677447172,0.0014835148952941533,8.598962538136428E-4,0.0010116392670071917,8.348663700239001E-4,5.282107197388516E-4,3.129780806461122E-4,0.002152776864864569,0.0010460878723487844,0.0025084126800836476,8.504062116159897E-4,5.355205638962117E-4,3.8949028266778635E-4,7.736778431483082E-4,3.2701536795188586E-4,0.009113424653742697,9.457302105200758E-4,3.2830322013268015E-4,3.2741751958487934E-4,8.231244549136164E-4,7.392717698432589E-4,0.0011156831472791775,0.0016283415046579796,2.051503210821481E-4,0.012567622730349691,2.9694965896828946E-4,0.0026412064682723576,9.549079096016582E-4,1.4482408668913446E-4],[0.0036229435393091815,1.0,0.005989987355219562,2.566135317633857E-4,0.003484438404462915,0.0021578691566711663,0.0014962193943570314,0.0027153312242781825,0.0026427955738066076,0.0026107460280448665,0.003406046052711463,0.019537250329248836,0.001793050009571486,4.805404887226107E-5,0.003838581368729736,0.003761979818673459,0.0031194945842090522,0.003582646761388403,0.002323003317882164,0.002442242905623028,0.002922876484073991,0.0033302311934113433,0.0018584343731522029,0.0012599172711949959,0.0037991506467755795,0.0022671071298347883,0.0015024811933239972,0.022461922380018477,0.003214282952697188,0.0027218597453347168,0.0012238719253829682,0.0032092103252025525,9.121954921109316E-4,0.002961970074622118,7.479381207520306E-4,0.0032101338988930676,0.0025774442292472166,0.001448794001749771,0.0013981997193408715,2.9747946422661176E-4,0.003028378592257221,0.004938686108479019,4.975273404310766E-4,0.001475505752765816,0.0022239764865381027,0.0030729898748779127,0.0033549193273280094,0.001855087915563421,0.002540374450370262,0.0022616488248431567,0.023338101029889383,0.003587353054227091,0.006784273256087365,0.0019312347586871417,0.0021870301914428333],[0.003393499855476853,0.005989987355219562,1.0,0.004841076025256033,0.011110172568757824,0.007779136600805119,0.009164368836807773,0.004619822414578247,0.0035930391728640973,0.0065205885083365125,0.0018586307570480805,0.019358380761046626,0.011647226310265095,0.007297165996143755,0.003220085004043223,0.008489400200157309,0.007006895881395045,0.007824745917680346,0.008536768520699076,4.095109520836602E-4,0.003341744100688636,0.006646261208993469,7.350592190232428E-4,0.011935914394339076,0.01069294206953533,0.011615645244394698,9.228056646698687E-4,0.012241026162042732,0.009789214374034497,0.006342072544114852,0.006666646698063313,6.315297386781894E-4,0.0037666963822885723,0.007984413020273693,0.005389306436360819,0.006560676894914248,0.0016354132984264644,0.009354962668047508,0.005106487453033037,0.009000111393736233,0.009346583045796933,0.012559077425678342,0.009853729667785388,0.002001999523535527,0.0031074025419947277,0.002206198951789929,0.0019371225652028926,0.003565749803532678,0.007937363172984113,0.003271659345984641,0.019984857729770218,0.003448094829269879,0.011879077441967513,0.004742448921768083,0.01158750945884488],[8.61565908656769E-4,2.566135317633857E-4,0.004841076025256033,1.0,1.100856226995708E-5,7.43178314628228E-5,4.253369334939721E-4,9.472190590684915E-5,7.153923861040939E-5,5.49318739596626E-4,1.3074029431704443E-4,0.02265668474134086,4.2489104349430353E-4,2.440459292566658E-5,1.331410422050205E-4,0.0013329304698038768,3.1218411320848313E-4,0.0014516783015764484,8.118739145197084E-4,2.4551040803225012E-5,3.226613603812337E-4,4.4116916289360625E-5,2.3264531226786038E-4,1.8779565346087325E-5,0.001993178590629827,0.0017564490199160447,2.490319225081822E-5,0.012038994597384946,3.010259994443793E-5,2.349119010736256E-5,3.166575501850569E-5,2.8113436312376145E-5,2.6333909185687464E-5,0.0010441907106273317,1.8673127415616566E-4,5.5074560400589406E-5,1.5171434364480424E-4,4.194476706953452E-5,8.251542669546452E-5,7.664486327818253E-5,1.964195767474966E-4,0.006198877219249658,3.7479892437435046E-5,2.6562279365954155E-5,1.1237511236054785E-4,2.0665766119411154E-4,1.433051796489784E-4,4.5614139544981175E-4,0.0015738421338148964,1.7039414917929673E-5,0.036944610281403285,1.1618238621943677E-4,0.004687795189865217,3.062014123358274E-5,2.480441038754097E-5],[2.67330386959095E-4,0.003484438404462915,0.011110172568757824,1.100856226995708E-5,1.0,0.001359329971875486,5.551019915300923E-4,3.9919077429534154E-5,7.055461094008715E-5,7.33305157545862E-4,2.1685352030174652E-4,0.012823743799527373,1.810551369188748E-5,1.474688334313996E-5,1.0954076574009217E-4,8.738125331743585E-4,8.151096993848432E-4,0.0021885254578445203,0.0020425326567441644,1.2268584179202269E-5,2.0638852274033854E-4,5.006122292602129E-5,1.2634377196271617E-4,1.288866932450502E-5,1.4655312742083493E-4,7.138935224399E-4,1.2627830905375848E-5,0.007747688910332484,5.999239392386448E-4,1.1244016431563766E-5,2.228095017726239E-4,1.2112572048359628E-5,1.4377932622774978E-5,0.0014601407765395574,1.3120515246593076E-4,0.002435611940893496,1.5877265876324242E-4,4.716862319458169E-5,8.311609041746031E-5,1.9562178435044186E-5,2.0393948567068164E-4,0.007226501251936952,7.597813146456703E-5,1.1133131115563864E-5,1.068342606565835E-4,1.8181097371445135E-4,3.463881667206767E-5,4.4639706857376046E-4,0.0016398763596708532,1.2037272934235285E-5,6.671151723973213E-4,5.95936162621327E-5,0.006045526832546459,5.680469676411866E-5,1.2274915979879319E-5],[0.0013010147561541554,0.0021578691566711663,0.007779136600805119,7.43178314628228E-5,0.001359329971875486,1.0,0.0012130878232938646,8.88855630557471E-4,0.0013972339195426771,0.0013537539925372517,0.0011427138077846424,0.014439384209456058,0.0013934826902466976,7.314225920214633E-4,6.846057629033943E-4,0.0014214924662908697,0.0014056383227265099,0.0018744629018452867,0.0015252185846932288,0.0010647295817754188,9.359356080020087E-4,9.151223661552327E-4,7.062403817815525E-4,1.6227543141130805E-4,0.0033276443594092067,0.0017212594613002646,3.965846676179765E-4,0.019017762454220277,8.558133724298331E-4,0.0011084235067753882,6.465435631049286E-4,0.0010399416310580983,4.5970948076744835E-4,0.0023504931275317347,9.528657395968202E-4,0.0016405695184054893,3.9797682514404795E-4,3.7192335501930873E-4,0.0012340345732818093,1.5112744222129407E-4,2.2278236986064622E-4,0.009181019384440567,0.0011797283416254568,1.4484353792992873E-4,0.0011510531072191678,8.319786189539663E-4,0.0013560735631474102,0.0013604405461940575,0.0014631571618034685,0.0011510799139934618,0.011453926815345674,0.0012214350969530063,0.00622112682767827,7.946247645582131E-4,0.0013317997762387636],[0.0010318079404893121,0.0014962193943570314,0.009164368836807773,4.253369334939721E-4,5.551019915300923E-4,0.0012130878232938646,1.0,2.770646679922474E-4,5.319105962133196E-4,0.001140037653092504,8.143732481007288E-4,0.012385908907817031,0.0010787358257106979,5.554219343385309E-4,6.430981283538849E-4,0.0013888907373628306,0.001270576535238982,0.002818725931402496,0.0012426152507451493,6.536472946045888E-4,7.25247532152149E-4,3.74789562541191E-4,8.691862289761849E-4,6.818208477154955E-4,0.0013400428316899995,0.00118772211448199,6.078497689113055E-4,0.007036945196044093,9.454776389628283E-4,4.4927082927099653E-4,5.022814258606517E-4,1.5267504033151461E-4,8.78237088440998E-4,0.0014398588753620017,7.304510765927372E-4,0.0012833994903426816,5.312280257161664E-4,5.675686846183634E-4,7.192119313879395E-4,3.3645687866622567E-4,2.939488663416239E-4,0.011290589396721512,1.609991816959825E-4,7.612526361859106E-4,8.794487217033597E-4,9.21387542669674E-4,7.861471560367016E-4,0.0010802820817441706,0.0015770205262867478,1.9288576095244047E-4,0.007824673027678088,6.264948186099364E-4,0.004870575827420891,7.292432779840782E-4,7.600577841776147E-4],[6.082001089945375E-4,0.0027153312242781825,0.004619822414578247,9.472190590684915E-5,3.9919077429534154E-5,8.88855630557471E-4,2.770646679922474E-4,1.0,1.1610853396442687E-4,5.054238959677753E-4,1.9895820339633282E-4,0.01572908358576102,1.7774996009333914E-4,4.2558984182413336E-5,1.9517811335152598E-4,3.3007686078868274E-4,1.303187888096984E-4,0.001993383014531346,0.001705779951588108,2.332248374610748E-5,2.568156425751233E-4,6.971348661903839E-5,2.0294676955097038E-4,6.466103006612592E-5,0.0037375273316838367,1.8268629935236027E-4,3.917514090525536E-5,5.285648966101091E-4,4.095311090280826E-4,1.9587514864420426E-5,1.619753084079659E-4,1.0591939573828592E-4,3.656358274208896E-5,0.001180749587551546,1.7787531308008155E-4,0.0017562807770793443,1.6462357725670546E-4,1.1673636043464704E-4,1.1959079392369389E-4,1.2643665583852607E-4,2.0364162858050737E-4,0.006265328469093074,1.2032030122360895E-4,3.700718958273128E-5,1.4983560408209995E-4,2.452679524318855E-4,1.213015506424144E-4,6.588005462601842E-4,4.99449396589986E-4,1.1755130240157471E-4,0.01873287785903027,1.376054845841582E-4,0.01150551336005824,1.3805280213545235E-4,1.1297508045480645E-4],[4.4844007769172315E-4,0.0026427955738066076,0.0035930391728640973,7.153923861040939E-5,7.055461094008715E-5,0.0013972339195426771,5.319105962133196E-4,1.1610853396442687E-4,1.0,7.941446920564121E-4,2.1213054137366976E-4,0.02094001974922977,3.0281756820896093E-4,9.901810412432156E-5,1.3937110444449692E-4,0.0014651284689442532,0.0011247394236986246,6.003444102052092E-4,2.9224922514465516E-4,8.7126684443837E-5,2.114810664100442E-4,7.547733834897347E-5,3.156989417727422E-4,9.03367687724255E-5,0.0023013098425545865,0.0013897814926679302,8.268761000612267E-5,0.016559557684321134,5.194433381400575E-4,2.002398537268304E-5,2.1509959072158334E-4,5.92243491345808E-5,4.8159506627881714E-5,0.002094214596187144,1.3396782677527427E-4,3.0582572664822577E-4,1.2184592661072868E-4,8.768212067216325E-5,1.0281725811063772E-4,1.0708721387979316E-4,1.5780966591676855E-4,8.751177298010216E-4,1.1559034339382508E-4,3.807156238388741E-5,1.4822670469508947E-4,1.1381502934192466E-4,1.4415410322386182E-4,6.077215455843506E-4,0.0010153600473632068,5.7808242385157334E-5,0.016322741126937625,1.3759522476783167E-4,0.009502415718814314,1.1604013251362882E-4,5.4124090606414135E-5],[0.0012054621010661039,0.0026107460280448665,0.0065205885083365125,5.49318739596626E-4,7.33305157545862E-4,0.0013537539925372517,0.001140037653092504,5.054238959677753E-4,7.941446920564121E-4,1.0,2.8932832511370846E-4,0.004877116513240875,0.0013854354721713335,7.830945744281017E-4,0.0011850117558754663,0.0015231493092214444,0.0012538968788392885,0.002599025516246834,0.0013778178929581414,0.0010555305534052618,8.134531356294571E-4,8.912319556820153E-4,9.514075638274784E-4,7.88006921238305E-4,0.0021229377345510863,0.0014312171395270304,9.77493496833297E-4,0.014867801307450952,0.0010524405542116349,4.792595527718394E-4,7.5020171053834E-4,0.0011813544485302224,4.6402739605512516E-4,0.0014533670842649929,5.675693603781214E-4,0.0018821325652727387,0.0011901677289877018,7.067385859412367E-4,4.877628063936003E-4,3.7198992705204156E-4,0.001008128304282551,0.005426707866177541,3.863770478953101E-4,4.154357168451422E-5,7.754250782526795E-4,9.862183899692492E-4,5.377282264551296E-4,0.0011090283098609962,0.0014571902744866824,0.001071635205523676,0.012704646341940046,0.0011420928162364052,0.003536563341255259,0.0011850837242330997,3.2923284194797717E-5],[5.813610314356432E-4,0.003406046052711463,0.0018586307570480805,1.3074029431704443E-4,2.1685352030174652E-4,0.0011427138077846424,8.143732481007288E-4,1.9895820339633282E-4,2.1213054137366976E-4,2.8932832511370846E-4,1.0,0.011773058804316389,0.0011077631786758561,1.5860278293372006E-4,2.4051232231251762E-4,0.0010730590899645435,6.849456618209831E-4,6.469159059324843E-4,0.0018390835905556543,1.5951872959274309E-4,3.355132786765008E-4,9.879621271230839E-5,3.9454217641092185E-4,7.11641211415996E-5,0.0019207005301653869,4.976931979259079E-4,9.377164230979152E-5,0.022205546390775783,5.251076341184324E-4,2.3633796133240903E-4,2.4192896685892523E-4,1.0598272324862875E-4,3.4342623878829936E-5,0.001556861870199633,2.1294192174776264E-4,0.002389359794016727,2.393363975561335E-4,1.272284213532528E-4,2.0201520725114072E-4,1.4471710241653415E-4,2.2303248167595004E-4,0.0020885928342539617,2.1705956218379412E-4,5.032594780836675E-5,2.3121262093943735E-4,2.493994854852881E-4,2.022331509440539E-4,3.189544878646744E-4,9.89592128151859E-4,1.0428197504647645E-4,0.02609506563783174,2.0945915010909735E-4,0.009334974535490353,1.9478603167464025E-4,1.0282624716556832E-4],[0.003303774481387799,0.019537250329248836,0.019358380761046626,0.02265668474134086,0.012823743799527373,0.014439384209456058,0.012385908907817031,0.01572908358576102,0.02094001974922977,0.004877116513240875,0.011773058804316389,1.0,0.0016670497971066562,0.002198665078258029,0.0030054242815043953,0.01207063628823738,0.012606226669437153,0.008643620007385607,0.020265242710499724,0.015926536182562064,0.005226127471733562,0.0024507479005322938,0.008018228830236066,0.002264333220768839,0.019331162872091162,0.024099815605287237,0.001862203483301203,0.02893483426603516,0.009957371478987426,0.017299690125935602,0.004918026447221053,0.007647673805953986,0.003171897566279535,0.023120044808391603,0.021612645141046584,0.010602995536556243,0.014059653274740508,0.017650418897935977,0.019460441489338936,0.003671879043967543,0.024175260288672937,0.013523039374003624,0.012717261761867374,0.016627978284317713,0.013472125713751162,0.02387467738012794,0.019498272793690413,0.019118729635383296,0.02183697403778912,0.001387458530040742,0.031659102108759794,0.009281190894738164,0.014456343302800908,0.017617289796091246,0.020731472607353838],[0.0012489557301979736,0.001793050009571486,0.011647226310265095,4.2489104349430353E-4,1.810551369188748E-5,0.0013934826902466976,0.0010787358257106979,1.7774996009333914E-4,3.0281756820896093E-4,0.0013854354721713335,0.0011077631786758561,0.0016670497971066562,1.0,2.593812073514235E-4,0.0012101670482410208,0.001417994974564597,0.0014065059717782854,0.0024405575104934135,0.0019781910303987085,4.58975524699183E-4,7.219935950492765E-4,0.0012974806830732106,0.0011894774798330784,2.2366280643823324E-4,0.0016498105897721027,0.0014208006015470577,1.675467541017861E-4,0.0014893247199475241,0.0010592908364411688,0.0013033317541120114,0.001087013200560245,8.177368704464079E-5,7.246856407106514E-4,0.0023744903662630866,0.0012785284407316369,0.001889243900335553,9.82899891945368E-4,0.0012277548442134508,7.027677572604675E-4,0.0013366012750705017,8.876849653181492E-4,0.007862354246066648,1.3926198421935107E-4,1.8862003461834407E-4,9.581195579239446E-4,0.0011034589484915512,0.001354471635197106,0.0012381806748905041,0.0014774696231337637,2.584433820234589E-4,0.030544891792689224,0.0010550180664583495,0.00857562075890306,0.0010592135644286252,0.0011719742875778627],[8.597718363664561E-4,4.805404887226107E-5,0.007297165996143755,2.440459292566658E-5,1.474688334313996E-5,7.314225920214633E-4,5.554219343385309E-4,4.2558984182413336E-5,9.901810412432156E-5,7.830945744281017E-4,1.5860278293372006E-4,0.002198665078258029,2.593812073514235E-4,1.0,1.0687508114799607E-4,7.557719039579823E-5,4.225053289573449E-4,0.0025835633330218437,0.0014205599931099524,1.6995778582168205E-5,1.7129576942488296E-4,3.267703626713011E-5,3.436638517980142E-4,2.3964917762517868E-5,0.002558908023418376,5.743996947516619E-4,2.4191723743539606E-5,0.027858095487649653,5.050158396233059E-4,2.0658860007856563E-5,8.55160276159243E-5,2.6979877357206973E-5,1.8771114685881896E-5,8.262820814996066E-4,1.0028378617603858E-4,0.0011604296259893055,1.7712987176442296E-4,5.008156329185297E-5,5.53612795569365E-5,2.6502636153242065E-5,1.642960373921685E-4,0.011081518653944569,5.558284511073131E-5,2.4476262401741914E-5,9.995532523626307E-5,1.749134805757821E-4,6.551916856606239E-5,6.28821431740735E-4,0.0015191181714205647,2.083941561500486E-5,0.0053680184041794065,1.513621650683103E-4,0.0028900588979012495,1.3648443544032069E-4,2.418442648318675E-5],[3.254057249294548E-4,0.003838581368729736,0.003220085004043223,1.331410422050205E-4,1.0954076574009217E-4,6.846057629033943E-4,6.430981283538849E-4,1.9517811335152598E-4,1.3937110444449692E-4,0.0011850117558754663,2.4051232231251762E-4,0.0030054242815043953,0.0012101670482410208,1.0687508114799607E-4,1.0,7.787096871432193E-4,0.001274160984714014,0.0012567033204841525,9.173484655313986E-4,1.848964025607485E-4,2.5217423525537863E-4,8.427621528967947E-5,3.734067320346979E-4,5.265165655593819E-5,0.003256762120796812,4.795256768607946E-4,1.8955912341050925E-4,0.010364692240341113,5.944480966543111E-4,1.9838639307886985E-4,2.3910960868964314E-4,1.2345839764167768E-4,1.5924166497830193E-4,8.492885277626195E-4,2.1049736535950098E-4,0.0017077714095694644,2.293595313962104E-4,2.1607741992908582E-4,1.3550300714974296E-4,2.2342806229750414E-4,2.1589436374711888E-4,0.007678867683722393,1.685851553042514E-4,2.0347833668494966E-4,1.86636529210467E-4,2.8036902092368107E-4,1.608123849956954E-4,4.0654660163205226E-4,0.0013484423516661969,4.816365654825784E-5,0.03236027229883998,1.8713548001267333E-4,0.0017291779054262792,1.6057189918731947E-4,1.431900467713852E-4],[0.0011334628582040723,0.003761979818673459,0.008489400200157309,0.0013329304698038768,8.738125331743585E-4,0.0014214924662908697,0.0013888907373628306,3.3007686078868274E-4,0.0014651284689442532,0.0015231493092214444,0.0010730590899645435,0.01207063628823738,0.001417994974564597,7.557719039579823E-5,7.787096871432193E-4,1.0,0.0014495582712919849,0.002468298200442075,0.0016392102149529826,0.0012549399729387032,6.506235425912897E-4,0.0010674064036482296,8.340163133541106E-4,0.0010498786499683233,0.002813591074247738,0.001671303652113499,0.0014004333938390959,0.015796221466799692,8.354468569224045E-4,9.9237271943693E-4,6.590890448011956E-4,5.402800569084658E-4,6.611316848455237E-4,0.002261438738768752,2.715785052563556E-4,0.001989020990507589,8.510888209043848E-4,9.96878553652317E-4,5.633271112387333E-4,0.0013781972268721476,6.775186605408872E-4,0.0077070450091560536,6.759705912713884E-4,7.594176431337742E-4,9.142905301631468E-4,9.763336205923119E-4,0.0010340575192196281,0.001395263898383556,0.0016520443655193733,2.254287730806158E-5,0.019321280722955067,3.609284972495837E-4,0.0042863327975420865,2.937687339287556E-4,0.0011786715813032916],[0.0011292287267566058,0.0031194945842090522,0.007006895881395045,3.1218411320848313E-4,8.151096993848432E-4,0.0014056383227265099,0.001270576535238982,1.303187888096984E-4,0.0011247394236986246,0.0012538968788392885,6.849456618209831E-4,0.012606226669437153,0.0014065059717782854,4.225053289573449E-4,0.001274160984714014,0.0014495582712919849,1.0,0.002293964926939193,0.0020826734668390754,5.197459708249394E-4,0.0011949406395981963,9.497218727258524E-4,6.87483467477349E-4,0.0013175749883617127,0.0023068200444779094,0.001433152139770204,5.5130496150626676E-5,0.017777200257019125,0.0011264866323116877,9.363346565425439E-4,0.0013894221692699216,0.0011997922178351866,6.399297588794808E-4,0.0021652582234557814,0.00135912014281188,0.0016584890234757706,0.0011976306276779494,8.819841259838648E-4,9.341548539905554E-4,4.6097164522002293E-4,7.537987910959688E-4,0.007468098130694278,0.0010616838901910959,3.645330112906634E-4,7.659536705304038E-4,6.111221915818055E-4,0.0011092354535395619,0.0014007392892247097,0.001571166355799411,9.406410590498337E-4,0.015445020001846567,3.600343742576079E-4,0.0031937910022367764,0.0010780013400765894,0.0011290919546156012],[0.0030335631196920397,0.003582646761388403,0.007824745917680346,0.0014516783015764484,0.0021885254578445203,0.0018744629018452867,0.002818725931402496,0.001993383014531346,6.003444102052092E-4,0.002599025516246834,6.469159059324843E-4,0.008643620007385607,0.0024405575104934135,0.0025835633330218437,0.0012567033204841525,0.002468298200442075,0.002293964926939193,1.0,0.0028174458370856816,0.002510542754638026,0.0028497420499322464,0.0012167143446618258,0.0030475801149632458,0.0025583961641196277,0.003578830267525892,0.0019024706458703495,0.0014319432611149359,0.025811965850920708,0.0014988232842387521,0.001791690633028219,5.975741044299326E-4,0.0018753716948801266,0.003384262812449041,0.0027461198350313774,0.0014302359244161655,0.002819092179688059,0.002049652565893637,0.002912782197196643,0.0032978668662630487,7.132821019953233E-4,0.0024485299851533786,0.005804251479386995,0.0011298306510552569,0.0027146601855756324,0.0010115006476831335,0.001969171642519824,0.002953743615681047,0.0031779100017772345,0.002863485602522005,0.0033058610782861152,0.015619125592481268,0.0019599490291117034,0.004230657072053353,0.002066065065115506,0.0027210622099685835],[0.001468155542845729,0.002323003317882164,0.008536768520699076,8.118739145197084E-4,0.0020425326567441644,0.0015252185846932288,0.0012426152507451493,0.001705779951588108,2.9224922514465516E-4,0.0013778178929581414,0.0018390835905556543,0.020265242710499724,0.0019781910303987085,0.0014205599931099524,9.173484655313986E-4,0.0016392102149529826,0.0020826734668390754,0.0028174458370856816,1.0,6.483048918204379E-5,0.0016952303151812605,0.001011494664709141,0.0014672098857252635,0.0010246330971228532,0.0035939004187313397,0.0021290506122891564,8.419393364261865E-4,0.01359852778143978,0.0020513622105827276,1.4142261804937656E-4,0.0014117207734760677,8.672347107943394E-4,0.00160503815271258,0.0023989095497674593,0.002004755785076508,0.0024455013992086706,7.64228064144629E-4,0.0018681882761125172,0.0012895737414279425,0.0018385441101206018,0.0019663924401727663,0.012916331850466572,0.0015604139176892736,0.0016305023240666976,3.9875823485866245E-4,0.001009879673669872,0.0021348419963252365,0.002197259276450496,0.0019274589716028782,8.389672501817929E-4,0.015197581441156592,0.002078723868975436,0.00392313658193159,3.177204339218707E-4,2.983535137301622E-4],[5.823024676677772E-4,0.002442242905623028,4.095109520836602E-4,2.4551040803225012E-5,1.2268584179202269E-5,0.0010647295817754188,6.536472946045888E-4,2.332248374610748E-5,8.7126684443837E-5,0.0010555305534052618,1.5951872959274309E-4,0.015926536182562064,4.58975524699183E-4,1.6995778582168205E-5,1.848964025607485E-4,0.0012549399729387032,5.197459708249394E-4,0.002510542754638026,6.483048918204379E-5,1.0,2.6103127965354723E-4,2.145709371440691E-5,3.7559612120697226E-4,1.6047296963647324E-5,0.002560671226627015,2.476395772076057E-4,1.846719599207508E-5,0.02118281331403305,4.887928050347818E-4,1.3063624684730056E-5,6.326899081029026E-5,1.916880902900875E-5,1.4320242447669954E-5,0.002096895272111613,1.7925679432926895E-4,0.001168057514811709,1.586786116103221E-4,6.443861167223262E-5,6.611385577474566E-5,4.1351707607199266E-5,7.763233839740774E-5,0.006636827347160753,8.88516787100361E-5,1.5897144083549237E-5,2.0631066609665672E-5,8.355387165688349E-5,1.532468604676556E-5,9.94112674152821E-4,9.733487609934308E-4,1.3509863740465767E-5,9.823052771021114E-5,9.383585585527462E-5,0.004211587444025282,8.387592825055596E-5,1.5260056249768945E-5],[0.001034976747507443,0.002922876484073991,0.003341744100688636,3.226613603812337E-4,2.0638852274033854E-4,9.359356080020087E-4,7.25247532152149E-4,2.568156425751233E-4,2.114810664100442E-4,8.134531356294571E-4,3.355132786765008E-4,0.005226127471733562,7.219935950492765E-4,1.7129576942488296E-4,2.5217423525537863E-4,6.506235425912897E-4,0.0011949406395981963,0.0028497420499322464,0.0016952303151812605,2.6103127965354723E-4,1.0,9.030205152985691E-5,4.0865787565779404E-4,8.514856168753801E-5,0.0015883946036250342,0.0010488842548584414,2.1229497844523442E-4,0.011543676838658947,5.281203724014876E-4,3.336820583330321E-4,3.136406793955111E-4,8.172234337469334E-5,2.122898411886032E-4,0.0011292434649138223,2.1190593333190617E-4,0.0013002517398242842,2.122790581305495E-4,2.0996607390443164E-4,1.0438428954145327E-4,2.7391102731721067E-4,3.239436750805201E-4,0.01244385299655656,2.3845885890915895E-4,3.238563129813666E-4,3.4184361101326205E-4,3.7142166653355413E-4,3.1679942379724E-4,4.0776237762512875E-4,7.109533529347475E-4,2.4457234293684296E-4,0.033589924054682724,3.08349282984125E-4,7.715507839303299E-4,3.5913880617543056E-4,2.1875400194491573E-4],[5.3650371519641186E-5,0.0033302311934113433,0.006646261208993469,4.4116916289360625E-5,5.006122292602129E-5,9.151223661552327E-4,3.74789562541191E-4,6.971348661903839E-5,7.547733834897347E-5,8.912319556820153E-4,9.879621271230839E-5,0.0024507479005322938,0.0012974806830732106,3.267703626713011E-5,8.427621528967947E-5,0.0010674064036482296,9.497218727258524E-4,0.0012167143446618258,0.001011494664709141,2.145709371440691E-5,9.030205152985691E-5,1.0,3.9344405218120864E-4,2.888091377637965E-5,0.0023268026968000753,3.3881294450764584E-4,2.9358334688664206E-5,0.016425723718239315,5.039830684839932E-4,3.4844713970381474E-5,1.7119318590446179E-4,4.480154068653347E-5,2.3028810627627805E-5,0.0017418911422927587,1.772565086433706E-4,6.113455183985718E-4,8.262489358331162E-5,5.656410011610498E-5,5.389612174008118E-5,6.0192081500997454E-5,1.4043596346776112E-4,0.0024113583627386843,6.385451663567648E-5,4.9393118037610874E-5,1.6548763846636018E-4,1.0492143629079134E-4,7.624915115293555E-5,1.7349871527801484E-4,3.986477903993146E-4,2.630964519380405E-5,0.038549821903805265,1.2350283401785478E-4,0.006331937177313714,1.1848763454950435E-4,3.379944857904772E-5],[7.358543713846648E-4,0.0018584343731522029,7.350592190232428E-4,2.3264531226786038E-4,1.2634377196271617E-4,7.062403817815525E-4,8.691862289761849E-4,2.0294676955097038E-4,3.156989417727422E-4,9.514075638274784E-4,3.9454217641092185E-4,0.008018228830236066,0.0011894774798330784,3.436638517980142E-4,3.734067320346979E-4,8.340163133541106E-4,6.87483467477349E-4,0.0030475801149632458,0.0014672098857252635,3.7559612120697226E-4,4.0865787565779404E-4,3.9344405218120864E-4,1.0,2.0086539919674374E-4,9.356363376145916E-4,5.479474151084638E-4,3.0246922904044046E-4,0.015557001670862283,5.524473531859384E-4,2.945536935755581E-4,2.9453026989430833E-4,3.5138367129290563E-4,3.929013099345626E-4,5.233582900468373E-4,2.671341956385167E-4,8.359821286607408E-4,3.7771745583874947E-4,3.8445742513213457E-4,2.2557114690399817E-4,2.2872530774182046E-4,2.5095909790760746E-4,0.010249348313715899,2.703705898970655E-4,3.989670883328717E-4,3.1641816463524023E-4,3.5400004718213703E-4,3.802856959587462E-4,7.689732788946497E-4,5.659643812143584E-4,2.1538082951643562E-4,0.021315419283741248,3.74315372645888E-4,0.007743634945545995,1.6015398600834218E-4,2.5365363726029277E-4],[2.935640536991355E-4,0.0012599172711949959,0.011935914394339076,1.8779565346087325E-5,1.288866932450502E-5,1.6227543141130805E-4,6.818208477154955E-4,6.466103006612592E-5,9.03367687724255E-5,7.88006921238305E-4,7.11641211415996E-5,0.002264333220768839,2.2366280643823324E-4,2.3964917762517868E-5,5.265165655593819E-5,0.0010498786499683233,0.0013175749883617127,0.0025583961641196277,0.0010246330971228532,1.6047296963647324E-5,8.514856168753801E-5,2.888091377637965E-5,2.0086539919674374E-4,1.0,0.0023690757096793825,7.31582901881886E-5,1.889903022319021E-5,0.002243460992471233,1.9451218438611622E-4,1.4842791334618943E-5,8.689925061144948E-5,4.0614148195434956E-5,1.7390256337730923E-5,1.5534553224023364E-4,3.8758680502350525E-5,0.002076643710398571,7.829323279157596E-5,2.0435054871530456E-5,4.655257833220318E-5,4.700452294457318E-5,2.056135230802478E-4,0.006549439498512767,4.204850925775736E-5,1.828569963304866E-5,1.2238432183164593E-4,1.7217317004316433E-4,2.964023060708839E-5,3.918175694980823E-4,0.0013239970627762533,1.5233513476224549E-5,0.013181020572612097,1.0309298822408019E-4,0.0037318319215126064,3.6390511101494103E-5,2.3769534637892974E-5],[0.0013826909367452452,0.0037991506467755795,0.01069294206953533,0.001993178590629827,1.4655312742083493E-4,0.0033276443594092067,0.0013400428316899995,0.0037375273316838367,0.0023013098425545865,0.0021229377345510863,0.0019207005301653869,0.019331162872091162,0.0016498105897721027,0.002558908023418376,0.003256762120796812,0.002813591074247738,0.0023068200444779094,0.003578830267525892,0.0035939004187313397,0.002560671226627015,0.0015883946036250342,0.0023268026968000753,9.356363376145916E-4,0.0023690757096793825,1.0,0.002308596343852068,0.0011873726219981215,0.02554051374862571,7.531557148825214E-4,0.002018356635732631,9.037651192392534E-4,0.0035694051762056697,0.002590903026707052,0.0026105623364885214,0.001583428992342492,0.003462042770322132,0.0030977228720853412,5.164784021367385E-4,0.0024897647074955623,0.001117052709065751,7.0843107452435E-4,0.010145855914907355,0.002522126355313282,0.0020375684622697815,6.998779425041533E-4,0.0032698337035078776,0.0031897253622980397,0.003018019496465982,0.0029866945307202705,0.0026274195297615256,0.02753210728021479,5.700130056162918E-4,0.005536306166665348,0.002649064447987396,0.0011515770194335292],[0.001483854198857186,0.0022671071298347883,0.011615645244394698,0.0017564490199160447,7.138935224399E-4,0.0017212594613002646,0.00118772211448199,1.8268629935236027E-4,0.0013897814926679302,0.0014312171395270304,4.976931979259079E-4,0.024099815605287237,0.0014208006015470577,5.743996947516619E-4,4.795256768607946E-4,0.001671303652113499,0.001433152139770204,0.0019024706458703495,0.0021290506122891564,2.476395772076057E-4,0.0010488842548584414,3.3881294450764584E-4,5.479474151084638E-4,7.31582901881886E-5,0.002308596343852068,1.0,7.080076282490632E-4,0.009227737708015207,6.468001308115428E-4,0.0011361132587600273,0.0017215526112314926,7.856935446605944E-4,2.3770206135109405E-4,0.0021539127123704383,0.0010483575747772319,0.001957201740004639,7.688635386396274E-4,0.0010812033366667658,8.405871267927047E-4,3.181789080092341E-4,8.228505025119298E-4,0.0069210704453507,0.0013893314385816419,8.116934337495071E-4,0.0014643902207257089,7.456339817769661E-4,2.0486443395728598E-4,0.0016227334287464224,0.0016885785327568645,7.23767260079959E-4,0.023389464032428527,2.897038880061411E-4,0.008478830679194372,7.425135101018326E-4,8.944560615413851E-4],[0.0010584415677447172,0.0015024811933239972,9.228056646698687E-4,2.490319225081822E-5,1.2627830905375848E-5,3.965846676179765E-4,6.078497689113055E-4,3.917514090525536E-5,8.268761000612267E-5,9.77493496833297E-4,9.377164230979152E-5,0.001862203483301203,1.675467541017861E-4,2.4191723743539606E-5,1.8955912341050925E-4,0.0014004333938390959,5.5130496150626676E-5,0.0014319432611149359,8.419393364261865E-4,1.846719599207508E-5,2.1229497844523442E-4,2.9358334688664206E-5,3.0246922904044046E-4,1.889903022319021E-5,0.0011873726219981215,7.080076282490632E-4,1.0,0.009951916957966716,9.65607794307462E-5,1.4049686495951999E-5,2.017496533435721E-4,2.9904230873926575E-5,1.8597535348781895E-5,0.0015396665811079607,1.6946938783795554E-4,0.001135913945353132,1.7312227439631464E-4,6.241523015399233E-5,5.860079122911023E-5,1.1391182986571265E-4,7.730199185989722E-5,0.005814745448723255,2.5197404992159396E-5,2.4608630443399666E-5,1.177923484188212E-4,6.597373594227006E-5,8.677094420913419E-5,5.933438382593382E-4,0.0015060151696664203,1.7583069321172694E-5,0.030384204181608643,1.2604011439667085E-4,0.006268216153302577,3.5720562586890055E-5,2.3220568834750348E-5],[0.0014835148952941533,0.022461922380018477,0.012241026162042732,0.012038994597384946,0.007747688910332484,0.019017762454220277,0.007036945196044093,5.285648966101091E-4,0.016559557684321134,0.014867801307450952,0.022205546390775783,0.02893483426603516,0.0014893247199475241,0.027858095487649653,0.010364692240341113,0.015796221466799692,0.017777200257019125,0.025811965850920708,0.01359852778143978,0.02118281331403305,0.011543676838658947,0.016425723718239315,0.015557001670862283,0.002243460992471233,0.02554051374862571,0.009227737708015207,0.009951916957966716,1.0,0.027637128172075115,0.009322124364730748,0.0062209195375900785,0.01595380284194948,0.006663470681337867,0.024413206417039278,0.011023334830918602,0.019950198874807687,0.006207956700063383,0.01426011257734148,0.02279829185242402,0.011619195542490182,0.021346313778671237,0.026976655450154305,0.003529071426255193,1.8245345842778955E-4,0.022432949351394553,0.01449156956423789,0.017771507127941392,0.018336510773989675,0.02596343194078452,0.016133224963309552,0.03410355154637956,0.02825398005061364,0.02023244883731995,0.013111416035267822,0.026383741724755362],[8.598962538136428E-4,0.003214282952697188,0.009789214374034497,3.010259994443793E-5,5.999239392386448E-4,8.558133724298331E-4,9.454776389628283E-4,4.095311090280826E-4,5.194433381400575E-4,0.0010524405542116349,5.251076341184324E-4,0.009957371478987426,0.0010592908364411688,5.050158396233059E-4,5.944480966543111E-4,8.354468569224045E-4,0.0011264866323116877,0.0014988232842387521,0.0020513622105827276,4.887928050347818E-4,5.281203724014876E-4,5.039830684839932E-4,5.524473531859384E-4,1.9451218438611622E-4,7.531557148825214E-4,6.468001308115428E-4,9.65607794307462E-5,0.027637128172075115,1.0,1.58654082129921E-4,5.464607275496387E-4,2.071587808631247E-4,4.610626918374012E-4,0.0017980070080566056,5.645835284065067E-4,0.0019722301177827017,2.9715936090002646E-4,5.948535917879895E-4,4.3503403235532745E-4,2.571549761430422E-4,5.85684231416269E-4,0.012465712596166348,1.4870941908740618E-4,5.97584914802209E-4,4.973210608471374E-4,3.893232492059478E-4,4.4182900929026444E-4,7.268945343079265E-4,6.188082374248399E-4,1.348917184252413E-4,0.017095533588976114,2.621064101115271E-4,0.005863540134998924,2.0320022959062766E-4,1.0693006214078894E-4],[0.0010116392670071917,0.0027218597453347168,0.006342072544114852,2.349119010736256E-5,1.1244016431563766E-5,0.0011084235067753882,4.4927082927099653E-4,1.9587514864420426E-5,2.002398537268304E-5,4.792595527718394E-4,2.3633796133240903E-4,0.017299690125935602,0.0013033317541120114,2.0658860007856563E-5,1.9838639307886985E-4,9.9237271943693E-4,9.363346565425439E-4,0.001791690633028219,1.4142261804937656E-4,1.3063624684730056E-5,3.336820583330321E-4,3.4844713970381474E-5,2.945536935755581E-4,1.4842791334618943E-5,0.002018356635732631,0.0011361132587600273,1.4049686495951999E-5,0.009322124364730748,1.58654082129921E-4,1.0,1.2860572912622627E-5,3.157579687137825E-5,1.3921328272549901E-5,6.188793712768994E-4,1.1744690370572783E-4,0.0019070043883371822,1.4735794815379452E-4,6.371883243570801E-5,1.012646197712038E-4,9.550533163242892E-5,3.903838676101778E-5,0.011189144517061453,9.143698779985298E-5,1.473757933637912E-5,1.3959532472376446E-4,2.2408553006154653E-4,1.252816911861675E-4,7.278217885612111E-4,0.0014346505239604234,1.309573321911868E-5,0.03899795792197683,7.289983185476508E-5,0.004252719411408749,4.079413987906081E-5,2.0052635630575125E-5],[8.348663700239001E-4,0.0012238719253829682,0.006666646698063313,3.166575501850569E-5,2.228095017726239E-4,6.465435631049286E-4,5.022814258606517E-4,1.619753084079659E-4,2.1509959072158334E-4,7.5020171053834E-4,2.4192896685892523E-4,0.004918026447221053,0.001087013200560245,8.55160276159243E-5,2.3910960868964314E-4,6.590890448011956E-4,0.0013894221692699216,5.975741044299326E-4,0.0014117207734760677,6.326899081029026E-5,3.136406793955111E-4,1.7119318590446179E-4,2.9453026989430833E-4,8.689925061144948E-5,9.037651192392534E-4,0.0017215526112314926,2.017496533435721E-4,0.0062209195375900785,5.464607275496387E-4,1.2860572912622627E-5,1.0,2.03940200589537E-4,1.510288857111754E-4,0.0015614140631644248,2.26960978399172E-4,7.179253130851086E-4,2.3246865038426307E-4,2.1274810788143305E-4,1.0820453883398856E-4,1.677600095771883E-4,2.4064954985801725E-4,0.012181286696127312,1.9702086569400447E-4,8.087957081625458E-5,1.9596878789096477E-4,2.5964839842499896E-4,1.5760634266282687E-4,6.37642176256346E-4,8.37726237448929E-4,9.606285606166986E-5,0.031460607418487566,2.1506975853725536E-4,0.010884713226973387,1.7013945510150597E-4,7.068998185336668E-5],[5.282107197388516E-4,0.0032092103252025525,6.315297386781894E-4,2.8113436312376145E-5,1.2112572048359628E-5,0.0010399416310580983,1.5267504033151461E-4,1.0591939573828592E-4,5.92243491345808E-5,0.0011813544485302224,1.0598272324862875E-4,0.007647673805953986,8.177368704464079E-5,2.6979877357206973E-5,1.2345839764167768E-4,5.402800569084658E-4,0.0011997922178351866,0.0018753716948801266,8.672347107943394E-4,1.916880902900875E-5,8.172234337469334E-5,4.480154068653347E-5,3.5138367129290563E-4,4.0614148195434956E-5,0.0035694051762056697,7.856935446605944E-4,2.9904230873926575E-5,0.01595380284194948,2.071587808631247E-4,3.157579687137825E-5,2.03940200589537E-4,1.0,1.7705086310250943E-5,7.088768320553516E-4,1.2054463663750293E-4,5.367693600501516E-4,7.869738551852499E-5,5.7707337687793806E-5,8.20508175673359E-5,9.434117046090797E-5,1.273020352828068E-4,0.005298591632101201,1.18040399003648E-4,3.922526390178782E-5,4.973684794098026E-5,7.658839757450297E-5,8.603258973397942E-5,8.498703934695812E-4,2.664782118930101E-4,4.0055073244683575E-5,0.0056997441820903815,9.503606829078674E-5,0.007235154079676683,7.321547105276343E-5,2.8884486798647186E-5],[3.129780806461122E-4,9.121954921109316E-4,0.0037666963822885723,2.6333909185687464E-5,1.4377932622774978E-5,4.5970948076744835E-4,8.78237088440998E-4,3.656358274208896E-5,4.8159506627881714E-5,4.6402739605512516E-4,3.4342623878829936E-5,0.003171897566279535,7.246856407106514E-4,1.8771114685881896E-5,1.5924166497830193E-4,6.611316848455237E-4,6.399297588794808E-4,0.003384262812449041,0.00160503815271258,1.4320242447669954E-5,2.122898411886032E-4,2.3028810627627805E-5,3.929013099345626E-4,1.7390256337730923E-5,0.002590903026707052,2.3770206135109405E-4,1.8597535348781895E-5,0.006663470681337867,4.610626918374012E-4,1.3921328272549901E-5,1.510288857111754E-4,1.7705086310250943E-5,1.0,8.60855961830137E-5,1.5131739246159094E-4,0.0010763019237795379,4.4132649404539384E-5,5.7274593691949295E-5,8.427454928585079E-5,7.852560003022098E-5,2.785793712627436E-5,0.0046664910360017355,4.1427166903359767E-5,2.0850630279362605E-5,1.1472548572674627E-4,2.729333565750784E-4,1.0236344577590293E-4,0.0010872863497049076,2.7546388139084897E-4,1.4761620400560542E-5,0.028233413980598695,1.2814842777221584E-4,0.008860705639563423,2.2143187828766932E-5,1.6544428568805193E-5],[0.002152776864864569,0.002961970074622118,0.007984413020273693,0.0010441907106273317,0.0014601407765395574,0.0023504931275317347,0.0014398588753620017,0.001180749587551546,0.002094214596187144,0.0014533670842649929,0.001556861870199633,0.023120044808391603,0.0023744903662630866,8.262820814996066E-4,8.492885277626195E-4,0.002261438738768752,0.0021652582234557814,0.0027461198350313774,0.0023989095497674593,0.002096895272111613,0.0011292434649138223,0.0017418911422927587,5.233582900468373E-4,1.5534553224023364E-4,0.0026105623364885214,0.0021539127123704383,0.0015396665811079607,0.024413206417039278,0.0017980070080566056,6.188793712768994E-4,0.0015614140631644248,7.088768320553516E-4,8.60855961830137E-5,1.0,3.7528942295366786E-4,0.002646110745504081,3.9702219578865517E-4,7.322711095157544E-5,0.0022723766371789025,1.461011380061608E-4,3.804680176129288E-4,0.0054891463429029615,6.390076409961969E-4,1.2362096899929157E-4,0.002345298935551974,0.0010912308284075072,0.0011942388021327567,0.0022439779515353304,0.0016747388846703572,0.0015821200221707418,0.03661998195447239,0.0015312071173254217,0.00478760453586581,7.237251911194149E-4,4.5341782759724726E-4],[0.0010460878723487844,7.479381207520306E-4,0.005389306436360819,1.8673127415616566E-4,1.3120515246593076E-4,9.528657395968202E-4,7.304510765927372E-4,1.7787531308008155E-4,1.3396782677527427E-4,5.675693603781214E-4,2.1294192174776264E-4,0.021612645141046584,0.0012785284407316369,1.0028378617603858E-4,2.1049736535950098E-4,2.715785052563556E-4,0.00135912014281188,0.0014302359244161655,0.002004755785076508,1.7925679432926895E-4,2.1190593333190617E-4,1.772565086433706E-4,2.671341956385167E-4,3.8758680502350525E-5,0.001583428992342492,0.0010483575747772319,1.6946938783795554E-4,0.