[[1.0, 0.0880023102199402, 0.3228176025203867, 0.38335776091666274, 0.3541625951741899, 0.017531083938880587, 0.9552992161950024, 0.3476995528122757, 0.6268721243638645, 0.9732264744479798, 0.7378225636855584, 0.5614367534193153, 0.8164094287655409, 0.2035296141118177, 0.1457628387093688, 0.25340120854978454, 0.4892820139192744, 0.322855074828576, 0.07818520858043954, 0.005922104655226246, 0.4604633858458479, 0.8709686560253078, 0.33620036950966514, 0.032119463441756424, 0.7145155050071866, 0.33000145356747257, 0.5460426237085891, 0.350048549673613, 0.9519546929816184, 0.10100878933353541, 0.051111533770002104, 0.2515011427414704, 0.7144586571618187, 0.8340398759274542, 0.38756581016639], [0.0880023102199402, 1.0, 0.1563967206240946, 0.16391734727821738, 0.5705702310727689, 0.14600836452104182, 0.2905138817877111, 0.994884503156247, 0.3317394555676252, 0.40519533385996853, 0.8273568690020259, 0.7833419111524585, 0.39187279789243223, 0.375655512419914, 0.5923086898086605, 0.7126032181926593, 0.4623977359529343, 0.18607240720702078, 0.20494035410347444, 0.9271532897801267, 0.18712357931646306, 0.388323526262072, 0.8217867714651771, 0.16862481145127772, 0.951635620403955, 0.2391042999084798, 0.3377366354936451, 0.601909458214743, 0.3793686437889092, 0.7541140513967786, 0.15062701901598408, 0.5407983165867415, 0.0831446871087842, 0.36153908660188383, 0.8979394867583832], [0.3228176025203867, 0.1563967206240946, 1.0, 0.2670911128773086, 0.34252502635610027, 0.46868123363782876, 0.5945116175504402, 0.14664113688689584, 0.34335434499312023, 0.9370349228744026, 0.6446961442106581, 0.595741963251814, 0.05028972242841889, 0.44657882201446164, 0.7943442245964788, 0.1808642035098481, 0.2952810807971423, 0.8552470934554345, 0.13421957121604144, 0.8233816454662677, 0.8321722754377151, 0.9124436078479948, 0.4570360275014037, 0.07090817976913522, 0.6433596306816028, 0.06816298934903275, 0.7713349947193744, 0.8740913277618655, 0.0391172570245637, 0.4529822624483636, 0.1876502671903283, 0.3049163007898148, 0.635228920320552, 0.29489664837951723, 0.7847077532956583], [0.38335776091666274, 0.16391734727821738, 0.2670911128773086, 1.0, 0.29559345767775147, 0.8154032778024962, 0.04917322486832465, 0.938956928905263, 0.12086157715287116, 0.444768811008166, 0.8318871291065146, 0.04843661145097988, 0.13174384255032867, 0.2995649467389151, 0.8389353838454916, 0.3744578108428994, 0.45485613823676674, 0.25758844510257384, 0.08458985340276903, 0.6201153224680938, 0.3003899964608574, 0.9657335930855085, 0.862274979893361, 0.23471075760211169, 0.5862878736553008, 0.7047326770619926, 0.509379031034197, 0.2218098468246572, 0.02298728495859681, 0.5904834923860516, 0.00903962514642298, 0.7041458119754667, 0.8438811790513311, 0.813168503659149, 0.02713588045222104], [0.3541625951741899, 0.5705702310727689, 0.34252502635610027, 0.29559345767775147, 1.0, 0.7401438558462402, 0.9021246628516384, 0.2573392548704537, 0.8992399984037842, 0.877210288279066, 0.7945885256519053, 0.49062034290793677, 0.35083933270560697, 0.6532931708773612, 0.45801140405768026, 0.6200448337849613, 0.9317009098864505, 0.3080429171790897, 0.10984652873453826, 0.15640126202750038, 0.0471178898687209, 0.29906658966104327, 0.1474321320414066, 0.30069865237902094, 0.884561964664506, 0.48053220077915726, 0.5243775838300214, 0.6418961967841624, 0.9709854786842039, 0.43532390448373104, 0.42088094530121567, 0.34252757780250953, 0.1208948596320999, 0.11333535762812752, 0.6104314162747323], [0.017531083938880587, 0.14600836452104182, 0.46868123363782876, 0.8154032778024962, 0.7401438558462402, 1.0, 0.8421618225574097, 0.42857789453264006, 0.674401952975262, 0.13558145054040283, 0.7241378641938653, 0.42758554163161955, 0.5546791991677699, 0.2896908451669763, 0.7288591166975071, 0.5170445771882971, 0.9574405828137699, 0.40425855155601276, 0.14872613190034212, 0.8752246887458139, 0.917838858918083, 0.38341134783832354, 0.7819148248456196, 0.3936137534863051, 0.9959546349097532, 0.5336116045064895, 0.7667890598250888, 0.29738065922459467, 0.2364885992318192, 0.16651881946123936, 0.7300685767732947, 0.3716515069483689, 0.29308838721212804, 0.9361749533254315, 0.735071997546144], [0.9552992161950024, 0.2905138817877111, 0.5945116175504402, 0.04917322486832465, 0.9021246628516384, 0.8421618225574097, 1.0, 0.7671746416391629, 0.04661480770477566, 0.6811251949402666, 0.19151238792863856, 0.10339983327413582, 0.8211644832343031, 0.8026252617875259, 0.1643358775672985, 0.6211591601171402, 0.16069038087653043, 0.2535043958767149, 0.9136366073874298, 0.6850143347217954, 0.8871190457225595, 0.6393496821796679, 0.12490925396576447, 0.679970312127032, 0.16226576540853954, 0.6741770498852586, 0.34024175877702056, 0.48853232633014676, 0.5814961443455049, 0.6473632356425401, 0.43074499058216253, 0.06738436426969985, 0.13574101968694663, 0.20656066634662074, 0.307443034590859], [0.3476995528122757, 0.994884503156247, 0.14664113688689584, 0.938956928905263, 0.2573392548704537, 0.42857789453264006, 0.7671746416391629, 1.0, 0.527760749109135, 0.34618604569881617, 0.907659281834563, 0.8206275401352752, 0.30011478768815436, 0.29753684028113214, 0.8485295893315129, 0.931497356283111, 0.12423317759213026, 0.270100970755798, 0.2170672640205752, 0.14491337497142753, 0.12639762582762437, 0.8299286506838609, 0.37640287175569476, 0.1400490634912639, 0.36074922726314684, 0.6431610967275212, 0.4760188250281936, 0.3860870070052739, 0.9048644443969028, 0.8627545270736342, 0.39063972553065696, 0.7309924139626625, 0.6150045497544356, 0.2817390271527225, 0.23848457920637178], [0.6268721243638645, 0.3317394555676252, 0.34335434499312023, 0.12086157715287116, 0.8992399984037842, 0.674401952975262, 0.04661480770477566, 0.527760749109135, 1.0, 0.7963114364472893, 0.14068837350117191, 0.309319458102838, 0.24841285716065287, 0.7010476391111697, 0.8115867315618435, 0.9227703030450523, 0.9629511611944108, 0.7010066598137538, 0.8481284286656009, 0.9372875150282393, 0.6208749289544737, 0.9981983552221391, 0.7703027033575678, 0.18274892755668892, 0.5039668885067847, 0.40295756623727363, 0.22825643418428432, 0.6870801429656803, 0.516299916494576, 0.6242755243419044, 0.00041841669848463603, 0.8699942483331756, 0.09988864585719481, 0.9077069588874682, 0.27415928081817065], [0.9732264744479798, 0.40519533385996853, 0.9370349228744026, 0.444768811008166, 0.877210288279066, 0.13558145054040283, 0.6811251949402666, 0.34618604569881617, 0.7963114364472893, 1.0, 0.40570180213772244, 0.0725732167415778, 0.5851330046322795, 0.341213590500677, 0.09575145448977562, 0.0017743394690280523, 0.5564248710915911, 0.6234980212943522, 0.3986604587909395, 0.005617281170599897, 0.707817018970692, 0.807578842263552, 0.6674048967863139, 0.899164445113215, 0.980752344902549, 0.47146908940840104, 0.22895511264547896, 0.670055055292643, 0.22721694491303168, 0.6155293096825346, 0.8269412695111311, 0.6826228976453997, 0.42536181229905, 0.46932920362075103, 0.9698708478464473], [0.7378225636855584, 0.8273568690020259, 0.6446961442106581, 0.8318871291065146, 0.7945885256519053, 0.7241378641938653, 0.19151238792863856, 0.907659281834563, 0.14068837350117191, 0.40570180213772244, 1.0, 0.2529099921019303, 0.8040517596401506, 0.518342648820856, 0.23848471149290462, 0.7967544952880328, 0.7032652274844743, 0.9668539412157325, 0.9589207654407775, 0.3637881498592176, 0.06702755216697887, 0.6888262259105464, 0.6521546341037407, 0.9529211790229689, 0.14863922735270807, 0.21985909240283974, 0.9744691417087014, 0.25419468076125007, 0.6883514121335924, 0.29623634570660395, 0.6036772059143313, 0.3072669920577511, 0.036805398951343604, 0.01736752328516633, 0.427319518845068], [0.5614367534193153, 0.7833419111524585, 0.595741963251814, 0.04843661145097988, 0.49062034290793677, 0.42758554163161955, 0.10339983327413582, 0.8206275401352752, 0.309319458102838, 0.0725732167415778, 0.2529099921019303, 1.0, 0.3823270026090728, 0.38416890994952346, 0.7318640707328671, 0.5357862707129553, 0.8268191656002547, 0.7246889428230753, 0.3047984028281606, 0.5868776957296689, 0.5348727981159735, 0.7181478535445094, 0.730167759135664, 0.7873799533606568, 0.3916560739296868, 0.2541614172631199, 0.19390012744865048, 0.46378012549805614, 0.3579231445408849, 0.35747061560574744, 0.08239885329626417, 0.7111659074085199, 0.420454800803975, 0.6948938539922664, 0.6333890571049767], [0.8164094287655409, 0.39187279789243223, 0.05028972242841889, 0.13174384255032867, 0.35083933270560697, 0.5546791991677699, 0.8211644832343031, 0.30011478768815436, 0.24841285716065287, 0.5851330046322795, 0.8040517596401506, 0.3823270026090728, 1.0, 0.07096147628011162, 0.8329390886811073, 0.43742447641470183, 0.6038807594039648, 0.7513219314140323, 0.6116109216664672, 0.8884331921270614, 0.1682926453976471, 0.8318943396432247, 0.5385882088199336, 0.6941908505467126, 0.9300927536216125, 0.8351799529228527, 0.4692393023896917, 0.12352578421595006, 0.7778324044191351, 0.9955907305493381, 0.1827813643433197, 0.5484277563898868, 0.41247412255470217, 0.17920416807500916, 0.7841458307264415], [0.2035296141118177, 0.375655512419914, 0.44657882201446164, 0.2995649467389151, 0.6532931708773612, 0.2896908451669763, 0.8026252617875259, 0.29753684028113214, 0.7010476391111697, 0.341213590500677, 0.518342648820856, 0.38416890994952346, 0.07096147628011162, 1.0, 0.14522590332864216, 0.8831942728284633, 0.22121021467925783, 0.4024185997283033, 0.8004452550902439, 0.7512354970139825, 0.1364751180384307, 0.21568895173381564, 0.4754005013368363, 0.06767001474839074, 0.30115423802101615, 0.46761510852144383, 0.5857426434478316, 0.24767361102913887, 0.07626138277482053, 0.7896431158717073, 0.7788294358471708, 0.16842037853358993, 0.8967297754623981, 0.2036552216398474, 0.08813329835221095], [0.1457628387093688, 0.5923086898086605, 0.7943442245964788, 0.8389353838454916, 0.45801140405768026, 0.7288591166975071, 0.1643358775672985, 0.8485295893315129, 0.8115867315618435, 0.09575145448977562, 0.23848471149290462, 0.7318640707328671, 0.8329390886811073, 0.14522590332864216, 1.0, 0.06332130915681511, 0.1564294796262452, 0.2693675703558055, 0.7107940114675978, 0.14541205738464147, 0.0745877833664077, 0.4916475104508168, 0.3056428703913656, 0.6777138448190242, 0.4545418775174589, 0.8567823407735029, 0.19341923970321018, 0.859297936849908, 0.6639560859315228, 0.5820059486029028, 0.7039686193001718, 0.3493109038292941, 0.9521632692509768, 0.34346308996768404, 0.4718631187485347], [0.25340120854978454, 0.7126032181926593, 0.1808642035098481, 0.3744578108428994, 0.6200448337849613, 0.5170445771882971, 0.6211591601171402, 0.931497356283111, 0.9227703030450523, 0.0017743394690280523, 0.7967544952880328, 0.5357862707129553, 0.43742447641470183, 0.8831942728284633, 0.06332130915681511, 1.0, 0.5308225489311394, 0.9177250105501815, 0.3357231931825463, 0.4274562012241804, 0.2281941333939813, 0.8911361650537611, 0.811753489627273, 0.5579606364162334, 0.030064313924290542, 0.8043673993603943, 0.40636519941675386, 0.18188869552111986, 0.35347240871789454, 0.8772216003999431, 0.39756025514479376, 0.5604969815144496, 0.9753199552402315, 0.23345890933728286, 0.967497917231799], [0.4892820139192744, 0.4623977359529343, 0.2952810807971423, 0.45485613823676674, 0.9317009098864505, 0.9574405828137699, 0.16069038087653043, 0.12423317759213026, 0.9629511611944108, 0.5564248710915911, 0.7032652274844743, 0.8268191656002547, 0.6038807594039648, 0.22121021467925783, 0.1564294796262452, 0.5308225489311394, 1.0, 0.4747269197534396, 0.1905010134235844, 0.04976955829181251, 0.7306570198768155, 0.09296693668919365, 0.3012591930528119, 0.7442884862297053, 0.8935974904415871, 0.9931999677159544, 0.21666167216563537, 0.7097034860521334, 0.6643695250528775, 0.11819265597613227, 0.7466501485927226, 0.3565981124507013, 0.201757725871067, 0.8623621361205972, 0.8911031004801571], [0.322855074828576, 0.18607240720702078, 0.8552470934554345, 0.25758844510257384, 0.3080429171790897, 0.40425855155601276, 0.2535043958767149, 0.270100970755798, 0.7010066598137538, 0.6234980212943522, 0.9668539412157325, 0.7246889428230753, 0.7513219314140323, 0.4024185997283033, 0.2693675703558055, 0.9177250105501815, 0.4747269197534396, 1.0, 0.802599222590737, 0.4797582300034412, 0.5349623569395532, 0.8492937173042208, 0.202884578841249, 0.1829261546207357, 0.3526550886566542, 0.6929455128873273, 0.6073396454126453, 0.1147839135350256, 0.22687449442854124, 0.41913188812519997, 0.29493190393973323, 0.8067748258252033, 0.8484029448697201, 0.9340184405722751, 0.8932013787467354], [0.07818520858043954, 0.20494035410347444, 0.13421957121604144, 0.08458985340276903, 0.10984652873453826, 0.14872613190034212, 0.9136366073874298, 0.2170672640205752, 0.8481284286656009, 0.3986604587909395, 0.9589207654407775, 0.3047984028281606, 0.6116109216664672, 0.8004452550902439, 0.7107940114675978, 0.3357231931825463, 0.1905010134235844, 0.802599222590737, 1.0, 0.357031182024763, 0.7753043998788695, 0.9201393955658468, 0.394133963294524, 0.12921041956273938, 0.60664236258479, 0.47442435234406377, 0.12411833002225481, 0.26213176938589755, 0.14538584897260276, 0.8362289349101211, 0.32605823345291496, 0.2434569888277507, 0.06631797838709708, 0.35571254357828774, 0.034927099110173554], [0.005922104655226246, 0.9271532897801267, 0.8233816454662677, 0.6201153224680938, 0.15640126202750038, 0.8752246887458139, 0.6850143347217954, 0.14491337497142753, 0.9372875150282393, 0.005617281170599897, 0.3637881498592176, 0.5868776957296689, 0.8884331921270614, 0.7512354970139825, 0.14541205738464147, 0.4274562012241804, 0.04976955829181251, 0.4797582300034412, 0.357031182024763, 1.0, 0.02723158478412291, 0.42390666409342237, 0.11965172264880031, 0.6216863199100293, 0.4320956032058053, 0.9236259202890592, 0.3639515242401491, 0.5821030930461136, 0.4602660617134866, 0.0759144856272832, 0.9515452848435927, 0.8807463541178959, 0.28540952223577065, 0.9026913849770417, 0.6625494965803957], [0.4604633858458479, 0.18712357931646306, 0.8321722754377151, 0.3003899964608574, 0.0471178898687209, 0.917838858918083, 0.8871190457225595, 0.12639762582762437, 0.6208749289544737, 0.707817018970692, 0.06702755216697887, 0.5348727981159735, 0.1682926453976471, 0.1364751180384307, 0.0745877833664077, 0.2281941333939813, 0.7306570198768155, 0.5349623569395532, 0.7753043998788695, 0.02723158478412291, 1.0, 0.11449916106569691, 0.18991470762855667, 0.08827331439062458, 0.6199447757195116, 0.46200197533664233, 0.14247500237185973, 0.9710824352524929, 0.531449359931971, 0.3522592425729657, 0.38176027602051177, 0.16953657976431413, 0.06759034682582399, 0.7185561619921811, 0.18970124456523352], [0.8709686560253078, 0.388323526262072, 0.9124436078479948, 0.9657335930855085, 0.29906658966104327, 0.38341134783832354, 0.6393496821796679, 0.8299286506838609, 0.9981983552221391, 0.807578842263552, 0.6888262259105464, 0.7181478535445094, 0.8318943396432247, 0.21568895173381564, 0.4916475104508168, 0.8911361650537611, 0.09296693668919365, 0.8492937173042208, 0.9201393955658468, 0.42390666409342237, 0.11449916106569691, 1.0, 0.7144236713828462, 0.44374938182819224, 0.47300455700294974, 0.37390405103147095, 0.820299958089538, 0.058285340412432385, 0.9318946425012457, 0.45761592234836856, 0.099484601724524, 0.1343859498939406, 0.7792439717358158, 0.05345145887170388, 0.9015970071068157], [0.33620036950966514, 0.8217867714651771, 0.4570360275014037, 0.862274979893361, 0.1474321320414066, 0.7819148248456196, 0.12490925396576447, 0.37640287175569476, 0.7703027033575678, 0.6674048967863139, 0.6521546341037407, 0.730167759135664, 0.5385882088199336, 0.4754005013368363, 0.3056428703913656, 0.811753489627273, 0.3012591930528119, 0.202884578841249, 0.394133963294524, 0.11965172264880031, 0.18991470762855667, 0.7144236713828462, 1.0, 0.948372639022469, 0.8715327246381186, 0.48619432864857215, 0.6864104090039482, 0.9391221575335714, 0.782304308616602, 0.13034170171326498, 0.13634727223384568, 0.2471313707166325, 0.039569871513923105, 0.08740183996938711, 0.3762352953911394], [0.032119463441756424, 0.16862481145127772, 0.07090817976913522, 0.23471075760211169, 0.30069865237902094, 0.3936137534863051, 0.679970312127032, 0.1400490634912639, 0.18274892755668892, 0.899164445113215, 0.9529211790229689, 0.7873799533606568, 0.6941908505467126, 0.06767001474839074, 0.6777138448190242, 0.5579606364162334, 0.7442884862297053, 0.1829261546207357, 0.12921041956273938, 0.6216863199100293, 0.08827331439062458, 0.44374938182819224, 0.948372639022469, 1.0, 0.3065642636194438, 0.8838550960206595, 0.46748875108747345, 0.3571605629706718, 0.829122005912016, 0.8345228796070098, 0.42261871567167264, 0.6849699260391883, 0.34568566895253994, 0.6571077207045354, 0.7633275347572394], [0.7145155050071866, 0.951635620403955, 0.6433596306816028, 0.5862878736553008, 0.884561964664506, 0.9959546349097532, 0.16226576540853954, 0.36074922726314684, 0.5039668885067847, 0.980752344902549, 0.14863922735270807, 0.3916560739296868, 0.9300927536216125, 0.30115423802101615, 0.4545418775174589, 0.030064313924290542, 0.8935974904415871, 0.3526550886566542, 0.60664236258479, 0.4320956032058053, 0.6199447757195116, 0.47300455700294974, 0.8715327246381186, 0.3065642636194438, 1.0, 0.37214435053755934, 0.6274043076156323, 0.07599353811421383, 0.6369207810017785, 0.08889553837241926, 0.7631781798456941, 0.4179621928623125, 0.16540864559999013, 0.21460034066612976, 0.8646484487601999], [0.33000145356747257, 0.2391042999084798, 0.06816298934903275, 0.7047326770619926, 0.48053220077915726, 0.5336116045064895, 0.6741770498852586, 0.6431610967275212, 0.40295756623727363, 0.47146908940840104, 0.21985909240283974, 0.2541614172631199, 0.8351799529228527, 0.46761510852144383, 0.8567823407735029, 0.8043673993603943, 0.9931999677159544, 0.6929455128873273, 0.47442435234406377, 0.9236259202890592, 0.46200197533664233, 0.37390405103147095, 0.48619432864857215, 0.8838550960206595, 0.37214435053755934, 1.0, 0.7616572423156828, 0.389915904374858, 0.6374380762703619, 0.5917575558684074, 0.24122589888032442, 0.27177444320946875, 0.0558074832383223, 0.2588015312646055, 0.41066760480873254], [0.5460426237085891, 0.3377366354936451, 0.7713349947193744, 0.509379031034197, 0.5243775838300214, 0.7667890598250888, 0.34024175877702056, 0.4760188250281936, 0.22825643418428432, 0.22895511264547896, 0.9744691417087014, 0.19390012744865048, 0.4692393023896917, 0.5857426434478316, 0.19341923970321018, 0.40636519941675386, 0.21666167216563537, 0.6073396454126453, 0.12411833002225481, 0.3639515242401491, 0.14247500237185973, 0.820299958089538, 0.6864104090039482, 0.46748875108747345, 0.6274043076156323, 0.7616572423156828, 1.0, 0.7424771081686671, 0.12299661429075237, 0.014262043721207096, 0.2960271491625549, 0.062286567225911416, 0.46339656357242387, 0.09297848537419773, 0.13710384550556565], [0.350048549673613, 0.601909458214743, 0.8740913277618655, 0.2218098468246572, 0.6418961967841624, 0.29738065922459467, 0.48853232633014676, 0.3860870070052739, 0.6870801429656803, 0.670055055292643, 0.25419468076125007, 0.46378012549805614, 0.12352578421595006, 0.24767361102913887, 0.859297936849908, 0.18188869552111986, 0.7097034860521334, 0.1147839135350256, 0.26213176938589755, 0.5821030930461136, 0.9710824352524929, 0.058285340412432385, 0.9391221575335714, 0.3571605629706718, 0.07599353811421383, 0.389915904374858, 0.7424771081686671, 1.0, 0.2779559041405757, 0.8010754337957579, 0.5666938433005548, 0.29350827549202285, 0.6584065490058455, 0.29610789431870066, 0.2693758376708145], [0.9519546929816184, 0.3793686437889092, 0.0391172570245637, 0.02298728495859681, 0.9709854786842039, 0.2364885992318192, 0.5814961443455049, 0.9048644443969028, 0.516299916494576, 0.22721694491303168, 0.6883514121335924, 0.3579231445408849, 0.7778324044191351, 0.07626138277482053, 0.6639560859315228, 0.35347240871789454, 0.6643695250528775, 0.22687449442854124, 0.14538584897260276, 0.4602660617134866, 0.531449359931971, 0.9318946425012457, 0.782304308616602, 0.829122005912016, 0.6369207810017785, 0.6374380762703619, 0.12299661429075237, 0.2779559041405757, 1.0, 0.7703887777101126, 0.19602333095444657, 0.7742780147308306, 0.8757836612002391, 0.8670389950695518, 0.8873854549764439], [0.10100878933353541, 0.7541140513967786, 0.4529822624483636, 0.5904834923860516, 0.43532390448373104, 0.16651881946123936, 0.6473632356425401, 0.8627545270736342, 0.6242755243419044, 0.6155293096825346, 0.29623634570660395, 0.35747061560574744, 0.9955907305493381, 0.7896431158717073, 0.5820059486029028, 0.8772216003999431, 0.11819265597613227, 0.41913188812519997, 0.8362289349101211, 0.0759144856272832, 0.3522592425729657, 0.45761592234836856, 0.13034170171326498, 0.8345228796070098, 0.08889553837241926, 0.5917575558684074, 0.014262043721207096, 0.8010754337957579, 0.7703887777101126, 1.0, 0.18343251131257843, 0.31000860668001773, 0.8934798469201829, 0.4764314375559838, 0.18001968091964937], [0.051111533770002104, 0.15062701901598408, 0.1876502671903283, 0.00903962514642298, 0.42088094530121567, 0.7300685767732947, 0.43074499058216253, 0.39063972553065696, 0.00041841669848463603, 0.8269412695111311, 0.6036772059143313, 0.08239885329626417, 0.1827813643433197, 0.7788294358471708, 0.7039686193001718, 0.39756025514479376, 0.7466501485927226, 0.29493190393973323, 0.32605823345291496, 0.9515452848435927, 0.38176027602051177, 0.099484601724524, 0.13634727223384568, 0.42261871567167264, 0.7631781798456941, 0.24122589888032442, 0.2960271491625549, 0.5666938433005548, 0.19602333095444657, 0.18343251131257843, 1.0, 0.2158236649059191, 0.021593022469601597, 0.5879629179789188, 0.0606301638933906], [0.2515011427414704, 0.5407983165867415, 0.3049163007898148, 0.7041458119754667, 0.34252757780250953, 0.3716515069483689, 0.06738436426969985, 0.7309924139626625, 0.8699942483331756, 0.6826228976453997, 0.3072669920577511, 0.7111659074085199, 0.5484277563898868, 0.16842037853358993, 0.3493109038292941, 0.5604969815144496, 0.3565981124507013, 0.8067748258252033, 0.2434569888277507, 0.8807463541178959, 0.16953657976431413, 0.1343859498939406, 0.2471313707166325, 0.6849699260391883, 0.4179621928623125, 0.27177444320946875, 0.062286567225911416, 0.29350827549202285, 0.7742780147308306, 0.31000860668001773, 0.2158236649059191, 1.0, 0.9059213751577453, 0.3338813297099992, 0.681886800541099], [0.7144586571618187, 0.0831446871087842, 0.635228920320552, 0.8438811790513311, 0.1208948596320999, 0.29308838721212804, 0.13574101968694663, 0.6150045497544356, 0.09988864585719481, 0.42536181229905, 0.036805398951343604, 0.420454800803975, 0.41247412255470217, 0.8967297754623981, 0.9521632692509768, 0.9753199552402315, 0.201757725871067, 0.8484029448697201, 0.06631797838709708, 0.28540952223577065, 0.06759034682582399, 0.7792439717358158, 0.039569871513923105, 0.34568566895253994, 0.16540864559999013, 0.0558074832383223, 0.46339656357242387, 0.6584065490058455, 0.8757836612002391, 0.8934798469201829, 0.021593022469601597, 0.9059213751577453, 1.0, 0.15795723351947977, 0.3545513111438524], [0.8340398759274542, 0.36153908660188383, 0.29489664837951723, 0.813168503659149, 0.11333535762812752, 0.9361749533254315, 0.20656066634662074, 0.2817390271527225, 0.9077069588874682, 0.46932920362075103, 0.01736752328516633, 0.6948938539922664, 0.17920416807500916, 0.2036552216398474, 0.34346308996768404, 0.23345890933728286, 0.8623621361205972, 0.9340184405722751, 0.35571254357828774, 0.9026913849770417, 0.7185561619921811, 0.05345145887170388, 0.08740183996938711, 0.6571077207045354, 0.21460034066612976, 0.2588015312646055, 0.09297848537419773, 0.29610789431870066, 0.8670389950695518, 0.4764314375559838, 0.5879629179789188, 0.3338813297099992, 0.15795723351947977, 1.0, 0.46456764347095114], [0.38756581016639, 0.8979394867583832, 0.7847077532956583, 0.02713588045222104, 0.6104314162747323, 0.735071997546144, 0.307443034590859, 0.23848457920637178, 0.27415928081817065, 0.9698708478464473, 0.427319518845068, 0.6333890571049767, 0.7841458307264415, 0.08813329835221095, 0.4718631187485347, 0.967497917231799, 0.8911031004801571, 0.8932013787467354, 0.034927099110173554, 0.6625494965803957, 0.18970124456523352, 0.9015970071068157, 0.3762352953911394, 0.7633275347572394, 0.8646484487601999, 0.41066760480873254, 0.13710384550556565, 0.2693758376708145, 0.8873854549764439, 0.18001968091964937, 0.0606301638933906, 0.681886800541099, 0.3545513111438524, 0.46456764347095114, 1.0]]