[[1.0,1.2371277353673773E-4,7.846135592717507E-5,1.017356365931863E-4,7.078935809989659E-4,2.970953112396364E-4,8.558121623509888E-5,1.625004767069562E-4,2.3827101746756404E-4,9.45885306628268E-4,0.003353840355448005,5.658435362839428E-5,0.002864435461069701,0.002739755228575552,1.0673883465175749E-4,2.819705393824033E-4,5.741566366855639E-4,0.0040892867247674285,1.2733065411698997E-4,2.7713808717675037E-4,1.0136307999154533E-4,1.2683400616983245E-4,1.0823750343471553E-4,6.217098292370718E-4,1.0558357115594559E-4,1.9251098073775843E-4,0.0040285459103561036,1.3703054897462778E-4,1.1019620884548667E-5,1.1601839517261285E-4,1.0933810176968386E-4,1.0658981725642202E-4,7.61580036784792E-5,0.0364417162505933,0.0010969041706756387,0.011209043234377427,0.024436974813818034,2.608324206147575E-4,1.1245687574256212E-4,4.8366179754250874E-4,1.1242645192595488E-4,5.7566526201550293E-5,8.490507904521533E-5],[1.2371277353673773E-4,1.0,6.469636261495674E-5,1.2705230570018414E-4,9.593786169005739E-4,0.0015683725227773407,1.801049206288823E-4,2.182068607532084E-4,2.4532339056337904E-4,0.0013116424621267711,0.002180359254925277,2.0184528588554446E-4,0.010623942610210733,0.0017999856189166372,2.101534441587396E-4,2.4061351389981282E-4,0.0012719379071686283,3.874051804363169E-4,1.83425095739687E-4,4.173264181160166E-4,1.8462083676412325E-4,3.0296736712147874E-4,1.835225336745003E-4,8.328519132815771E-4,1.2346852505451287E-4,2.2753403115473148E-4,0.003026061939616827,1.4968865467440126E-4,1.6349609285875918E-4,1.8588551279348183E-4,1.67931259795329E-4,1.5551943868310987E-4,1.3770711141761958E-4,0.0036084754951059245,3.4199497254784855E-4,0.025466439832966942,0.03279203101384034,2.3467374331019746E-4,1.7196777387159251E-4,4.047109051785684E-4,1.5413693256008062E-4,1.6246862543419318E-4,5.7292888523515254E-5],[7.846135592717507E-5,6.469636261495674E-5,1.0,4.1908235506025494E-5,2.4948157607545076E-4,8.619585826036392E-4,2.583997447735581E-5,2.3190672868767995E-4,2.0258492856022E-4,3.1925978865860296E-4,3.5137183809561126E-4,2.616011234231175E-5,0.006545379653657542,0.002401782576922471,7.134548443935678E-5,1.680604487633984E-4,1.0788283905854773E-4,0.013005800787344347,4.7767549799452105E-5,2.514269049547215E-4,3.230755318456147E-5,2.491678283306312E-4,3.58553270476984E-5,3.2275162800284566E-4,5.059973139680057E-5,1.4614883466993343E-4,0.006574503084504491,5.601394798656293E-5,1.1883231322441702E-5,9.329902236277559E-5,4.655644236330003E-5,1.0464272109785739E-4,1.4226918506682709E-5,0.02054003181723953,0.0011516041190668984,0.015249834328940027,0.03993002804305821,6.216438846101373E-5,9.298522119516314E-5,3.355539010863227E-4,4.484218965639489E-5,2.7956275609310278E-5,2.7246671019740914E-5],[1.017356365931863E-4,1.2705230570018414E-4,4.1908235506025494E-5,1.0,5.695589456182887E-4,0.004098943244700189,4.3746527487358254E-5,1.6647916901690787E-4,2.1397533427066018E-4,0.0013787350091503967,0.0012954486896638304,5.070446969483751E-5,0.001611176903945992,0.0022947294602247885,1.0656640930601888E-4,1.8996515696488106E-4,0.0027115190048187915,0.008412918427257035,1.3553119536315777E-4,4.4934047146806235E-4,6.972322833474946E-5,3.476897630457001E-4,9.84722810699509E-5,0.0013160185663552543,9.486464946955456E-5,1.8407051094552048E-4,8.598810401602402E-4,1.141608500286924E-4,4.2735020240594096E-5,9.142854565430137E-5,9.813238178335673E-5,1.0311056931532638E-4,7.220406717064874E-5,0.03017761037008269,0.0010134157930991971,0.0028637955118062954,0.0057835677567200155,1.2535426993686262E-4,1.1652467139169807E-4,2.106136632827994E-4,1.2383450604410372E-4,8.158511331249094E-5,7.862612094184901E-5],[7.078935809989659E-4,9.593786169005739E-4,2.4948157607545076E-4,5.695589456182887E-4,1.0,0.0019444498604959254,3.6823407235629234E-4,4.008002786377432E-4,6.440165315923342E-4,0.0013639202992574335,0.0024660636461776428,0.0010946688134575767,0.011033069532079783,0.0013141930206568698,2.828228165712173E-4,0.0010556887986910742,0.0025145073243409556,0.003575676437330276,0.0011785706913242395,5.983107397345319E-4,3.0722330784462075E-4,8.9957458424269E-4,3.754597523089782E-4,0.0012409875502983655,7.019519421239143E-4,7.66223459509492E-4,0.0019960826053309344,0.0010811789197517413,1.1806039985507318E-4,3.012494209903656E-4,2.574582988960735E-4,0.0010220599840935283,9.390755833867241E-4,0.0032982161482933686,0.0012489299152087868,0.016355838708181927,0.03003348339560309,0.001121498708701635,2.1622471545525013E-4,6.543898751990407E-4,8.587726003285234E-4,7.955847743276107E-4,0.0011470255659334024],[2.970953112396364E-4,0.0015683725227773407,8.619585826036392E-4,0.004098943244700189,0.0019444498604959254,1.0,7.060321752148001E-4,0.0031447447505458196,0.003463940076230567,0.004667669514836972,0.003950434682565601,0.0044109858802444425,0.009545693483738156,0.004091920300173079,0.004516094865847128,9.606367955748841E-4,0.0034308683021567277,0.012365913404365152,0.001327284669385391,0.003591955074463432,0.0039171737788751835,0.004262952663233908,0.003027703512834231,0.00334439467151784,0.0013179471104691274,0.0032775187176448573,0.006787916333800423,0.004825636386247819,0.0010910163112124599,0.001971023735278142,0.0016211507242039076,1.64766541698371E-4,0.003406786477542662,0.012482464016123525,0.001742957025824839,0.028187735055716454,0.04147540781147785,3.439914338430167E-4,0.0031753637569578237,7.116042599742071E-4,0.0014892523066947776,0.002812723429839854,0.0023064711507364386],[8.558121623509888E-5,1.801049206288823E-4,2.583997447735581E-5,4.3746527487358254E-5,3.6823407235629234E-4,7.060321752148001E-4,1.0,2.3802121395983083E-4,2.1533852247877919E-4,4.094432549490813E-4,1.7361009279714859E-4,2.6267436904006413E-5,0.005409454133410041,0.0014388417122123273,1.1710639325867304E-4,2.2015299135940975E-4,1.3121037877817618E-4,0.010583578870889706,1.0101231049861816E-4,8.67067561340213E-5,3.9756754884440666E-5,1.101618882677765E-4,2.8407245879054683E-5,0.0013672422141827118,4.974518367481706E-5,2.7267189764533685E-4,0.0011096539311256134,1.0966114555886812E-4,1.6677551546774103E-5,8.030534150848379E-5,5.012000552219131E-5,3.3539710652778905E-5,1.2766787218216777E-5,0.036508026479411086,5.044747620237109E-4,3.1795790560203465E-5,0.011894638081636504,3.395112112883507E-5,4.4885201111292775E-5,4.6132434592681995E-4,1.0865788041927339E-4,4.472863568443041E-5,4.578150357661514E-5],[1.625004767069562E-4,2.182068607532084E-4,2.3190672868767995E-4,1.6647916901690787E-4,4.008002786377432E-4,0.0031447447505458196,2.3802121395983083E-4,1.0,3.2175495201882824E-4,3.344561219502379E-4,0.0010506148587799543,1.0708168421876755E-4,0.008993930797320962,0.003030433505796709,2.388225548901767E-4,2.838723277369743E-4,0.001508953425362247,0.011802135305728477,1.7107920636020356E-4,4.126357159379186E-4,2.0679969311915964E-4,3.3419303707588613E-4,2.2487754790924378E-4,0.0013170316658490692,1.8291661417747757E-4,2.9584895130354443E-4,0.004719172091036895,2.010242277838989E-4,1.997074073621788E-4,1.904506878414136E-4,2.0335969693259794E-4,1.682021797647517E-4,5.18319842431871E-5,0.025255630777905397,7.810238750417943E-4,0.009015213107039536,0.009636696848479401,3.04769186736724E-4,2.630414737945841E-4,3.0974223096485434E-4,2.3479227015483383E-4,2.3369127003470739E-4,2.058068485791959E-4],[2.3827101746756404E-4,2.4532339056337904E-4,2.0258492856022E-4,2.1397533427066018E-4,6.440165315923342E-4,0.003463940076230567,2.1533852247877919E-4,3.2175495201882824E-4,1.0,0.0013866564656175207,5.23785551730714E-4,2.8390003003625605E-4,0.0018051405360320508,0.00158046785599881,2.8873117527146105E-4,3.331339512936948E-4,0.002203088469809183,9.844298845354206E-4,2.3921741278724558E-4,3.7838897735613375E-4,2.669181202846074E-4,3.3001778124917554E-4,3.093810310577625E-4,9.827147433521784E-4,2.077640642098361E-4,3.121526145804157E-4,0.006306967982939904,1.589478687436202E-4,2.9642621775165023E-4,2.5724560859810347E-4,3.109158723443104E-4,1.4807056176164833E-4,1.2682212286967108E-4,0.014221079148761537,5.254851087795865E-4,0.017002041197427962,0.03746678148546541,3.257777063791042E-4,2.4098209668546372E-4,4.070894684819778E-4,2.3437276247578498E-4,2.1427556800440002E-4,1.3427657528542982E-4],[9.45885306628268E-4,0.0013116424621267711,3.1925978865860296E-4,0.0013787350091503967,0.0013639202992574335,0.004667669514836972,4.094432549490813E-4,3.344561219502379E-4,0.0013866564656175207,1.0,0.003169534142716187,1.7098589175023143E-4,0.006660930125865362,0.0018700692028703297,2.4865567222128837E-4,7.13007674208154E-4,0.0016467598282494146,0.011858548777586705,9.565014946482317E-4,0.001143455459396024,0.001229511943796797,5.3534649736081E-4,0.0011041468410569793,0.0015128913436438319,0.0010191725690768421,3.153882001678002E-4,0.0033752906200810065,5.395374130536375E-4,9.071654774180966E-4,1.788926100186183E-4,8.133072816685339E-4,2.5009440226748963E-4,0.0011241303895910256,0.00807440069175285,0.0013000722684569815,0.018834181430229337,0.039848716020449,3.76850789923143E-4,0.001249655034981647,0.0014083609105199645,0.0011130670264442942,2.9803348222118487E-4,7.483415767005951E-5],[0.003353840355448005,0.002180359254925277,3.5137183809561126E-4,0.0012954486896638304,0.0024660636461776428,0.003950434682565601,1.7361009279714859E-4,0.0010506148587799543,5.23785551730714E-4,0.003169534142716187,1.0,0.002941357902744792,0.009809977484999587,0.003817442312679484,0.0010289096590599283,0.002300550189189978,0.0035084548459325096,0.0045662717463135685,0.0028904295972263156,6.204978775360307E-4,0.0035141458238440505,0.0012252977697486825,0.0013310238346832327,0.0017617101737379235,0.0017777787256737449,0.00371910246926072,0.0063090808291824865,0.0034009691238957394,0.0019411649788751504,0.0011815634693856574,0.003459786342696539,0.0034795886407939887,0.0029006593496710333,0.009022473040917665,0.003423640548027346,0.013121999034032996,0.01854618888357664,0.002167241349687404,0.0038327053039365986,0.0020626327548554525,0.0037437527304375073,0.0014282961252902644,0.002458269238143796],[5.658435362839428E-5,2.0184528588554446E-4,2.616011234231175E-5,5.070446969483751E-5,0.0010946688134575767,0.0044109858802444425,2.6267436904006413E-5,1.0708168421876755E-4,2.8390003003625605E-4,1.7098589175023143E-4,0.002941357902744792,1.0,8.240241705978167E-4,0.002935237070970048,2.9397844370362495E-5,9.609045024888387E-5,9.810994428395682E-4,0.009501143529084002,1.3562372614826584E-4,3.8811549617423394E-4,3.817112521898648E-5,3.8377550562601154E-4,6.222784835377556E-5,3.482772775094013E-4,3.1274725629886716E-5,1.5256534493470766E-4,0.00469600824820772,4.3700070729282184E-5,2.537226136805239E-5,3.151575668645954E-5,6.676817447562303E-5,8.02743692091343E-5,1.243955542369149E-5,0.004539365230889342,4.539630847987762E-4,0.005556989462113947,0.018220719618199384,1.8671739127027107E-4,1.142088416253566E-4,2.3601139946761925E-4,3.495265909719306E-5,2.935658227817798E-5,4.989648922906203E-5],[0.002864435461069701,0.010623942610210733,0.006545379653657542,0.001611176903945992,0.011033069532079783,0.009545693483738156,0.005409454133410041,0.008993930797320962,0.0018051405360320508,0.006660930125865362,0.009809977484999587,8.240241705978167E-4,1.0,0.012545367811359164,0.010584283874694837,0.013923038887111671,0.010966009475905817,0.014819415694406875,0.010897021299882794,0.001417794710422934,0.00394425275708734,0.008503866525353607,0.007889549102747948,0.005515171280716883,4.771068284881593E-4,0.004074168575811985,0.011071504609655971,0.009748348107654303,0.013607040089678292,0.005256904991331232,0.001335758109698947,0.01114017578881491,0.009301473969187821,0.02982640431076325,0.004378398942806066,0.027903766873253875,0.044275841917918814,0.0030154881442298756,0.00566917530262507,0.007553563006850211,0.009945284470215272,0.010175898997680836,0.013014881776672607],[0.002739755228575552,0.0017999856189166372,0.002401782576922471,0.0022947294602247885,0.0013141930206568698,0.004091920300173079,0.0014388417122123273,0.003030433505796709,0.00158046785599881,0.0018700692028703297,0.003817442312679484,0.002935237070970048,0.012545367811359164,1.0,0.0019925539969340204,0.002150617542622469,0.0030332803738128316,0.006818157820935179,0.0013180095177905984,0.002929076746344134,0.0015032498806129165,5.131940428737216E-4,0.001410320950385963,0.0023685469414637507,0.0013999056146557292,0.002508252703206653,0.005096155851320798,3.4517215104352776E-4,0.002876380733864572,0.002875535007032756,4.256081991985718E-4,4.011018293535037E-4,0.0010457889329440497,0.006164218731597559,0.0029798663734790344,0.022507540582517395,0.009391179092734132,5.848290567361453E-4,0.002111175307287585,9.740612298653529E-4,0.0014847973828879333,0.0012940921361176473,0.0023502214340300116],[1.0673883465175749E-4,2.101534441587396E-4,7.134548443935678E-5,1.0656640930601888E-4,2.828228165712173E-4,0.004516094865847128,1.1710639325867304E-4,2.388225548901767E-4,2.8873117527146105E-4,2.4865567222128837E-4,0.0010289096590599283,2.9397844370362495E-5,0.010584283874694837,0.0019925539969340204,1.0,2.3487521181963112E-4,0.0012681366814657536,0.021385781539340874,1.4846747861120628E-4,2.946063474063949E-4,4.188361354538983E-5,3.215369476580811E-4,1.688573749764632E-4,7.883566326542252E-4,1.301540462496196E-4,2.812688107846435E-4,0.00611232558505162,1.6382199583135168E-4,7.482580484796786E-5,1.6789672328104986E-4,1.3820859660541765E-4,1.6017141094468675E-4,3.6895334182771474E-5,0.0098844704415829,3.6795794748117243E-4,0.014325858922499251,0.02767716583493929,2.2656726326688155E-4,1.4642624476717296E-4,2.2351476065293486E-4,1.5399434181921187E-4,5.98156100920956E-5,1.059423708389616E-4],[2.819705393824033E-4,2.4061351389981282E-4,1.680604487633984E-4,1.8996515696488106E-4,0.0010556887986910742,9.606367955748841E-4,2.2015299135940975E-4,2.838723277369743E-4,3.331339512936948E-4,7.13007674208154E-4,0.002300550189189978,9.609045024888387E-5,0.013923038887111671,0.002150617542622469,2.3487521181963112E-4,1.0,0.0012512876454042771,0.02179528840815391,2.5251228703650273E-4,4.2608223850977003E-4,6.033430654720318E-5,4.0363124000383457E-4,1.3881245373745962E-4,0.0012029434119431252,1.1737439895124409E-4,3.4767802107901665E-4,0.005849573110431073,3.709721650298252E-4,1.0906542502004676E-4,1.9346857990228022E-4,3.348450332545459E-4,2.5435187446659033E-4,9.4390407607795E-5,0.026058503413577575,8.638434084984738E-4,8.596395424209096E-4,0.040891341950284064,3.685103699608501E-4,3.365490848406713E-4,4.282967505577666E-4,3.3390885505320413E-4,1.5123683472528993E-4,2.374297846363178E-4],[5.741566366855639E-4,0.0012719379071686283,1.0788283905854773E-4,0.0027115190048187915,0.0025145073243409556,0.0034308683021567277,1.3121037877817618E-4,0.001508953425362247,0.002203088469809183,0.0016467598282494146,0.0035084548459325096,9.810994428395682E-4,0.010966009475905817,0.0030332803738128316,0.0012681366814657536,0.0012512876454042771,1.0,0.02341923814015625,0.0021177491012879836,0.0017766017118147548,0.0026446467872367017,0.0020352677364724827,0.0021216981297135923,0.0025791550029558847,0.002836105037249266,5.577095883388871E-4,0.005613669507314671,7.069736333052173E-4,6.595453580264154E-4,0.0026827819507515577,0.0025454159609358137,0.0019811266978601765,0.001712883643981104,0.031212247991084404,0.001564393548749561,0.012303617719762698,0.007707131594850649,8.423950041026368E-4,0.0015700398736958466,0.001274539907450716,0.0029215266148070263,0.001102340533432869,6.013979716655667E-4],[0.0040892867247674285,3.874051804363169E-4,0.013005800787344347,0.008412918427257035,0.003575676437330276,0.012365913404365152,0.010583578870889706,0.011802135305728477,9.844298845354206E-4,0.011858548777586705,0.0045662717463135685,0.009501143529084002,0.014819415694406875,0.006818157820935179,0.021385781539340874,0.02179528840815391,0.02341923814015625,1.0,0.007392510540171793,0.022688197384678116,0.025817388456306465,0.020775628957176384,0.011097763054344052,0.009515735567312448,0.015200945617590025,0.004214308707626347,0.008157869653708898,0.011042105297387375,0.013652873274499716,8.629683165214203E-4,0.008358278632733439,0.025094242545255215,0.00854322960266636,0.0329812190709145,0.0028598242888564795,0.028596554668185403,0.03492534751788759,0.004276573090718906,0.01887136917731645,0.01949033939791601,0.020998972650409863,0.024537760199444078,0.01625152531302798],[1.2733065411698997E-4,1.83425095739687E-4,4.7767549799452105E-5,1.3553119536315777E-4,0.0011785706913242395,0.001327284669385391,1.0101231049861816E-4,1.7107920636020356E-4,2.3921741278724558E-4,9.565014946482317E-4,0.0028904295972263156,1.3562372614826584E-4,0.010897021299882794,0.0013180095177905984,1.4846747861120628E-4,2.5251228703650273E-4,0.0021177491012879836,0.007392510540171793,1.0,4.194768356085719E-4,4.9875522094799074E-5,3.950255089053574E-4,1.1606322770594182E-4,0.001307152957135264,1.407625148090408E-4,2.2614582348593528E-4,0.006198141896706063,1.4111979379156418E-4,1.3661360308670124E-4,1.2343186184228077E-4,1.2466088925075E-4,1.2583332658428866E-4,1.3973568363184626E-5,0.013203371257733411,0.0010245601759303695,0.02190637398101419,0.023839754969062585,2.5304544668846673E-4,1.3540941349360144E-4,5.352321084049099E-4,1.329210701505095E-4,5.1388504507681444E-5,7.561018482525531E-5],[2.7713808717675037E-4,4.173264181160166E-4,2.514269049547215E-4,4.4934047146806235E-4,5.983107397345319E-4,0.003591955074463432,8.67067561340213E-5,4.126357159379186E-4,3.7838897735613375E-4,0.001143455459396024,6.204978775360307E-4,3.8811549617423394E-4,0.001417794710422934,0.002929076746344134,2.946063474063949E-4,4.2608223850977003E-4,0.0017766017118147548,0.022688197384678116,4.194768356085719E-4,1.0,8.949492386216686E-5,4.081091138016899E-4,2.2636472188353307E-4,8.472223926311293E-4,2.738778877342606E-4,4.7769254385865114E-4,0.005034081294433008,2.1203456849120498E-4,3.7929639277035644E-4,2.208186418006961E-4,2.985002348219337E-4,4.401816112280679E-4,3.177843300699839E-4,0.03553357676493493,7.072600346782457E-4,0.009412264301422656,0.030025141731360387,4.0335936037616906E-4,2.54525207207737E-4,5.451670226399785E-4,3.552002361281309E-4,3.821176637359024E-4,1.3886874921450375E-4],[1.0136307999154533E-4,1.8462083676412325E-4,3.230755318456147E-5,6.972322833474946E-5,3.0722330784462075E-4,0.0039171737788751835,3.9756754884440666E-5,2.0679969311915964E-4,2.669181202846074E-4,0.001229511943796797,0.0035141458238440505,3.817112521898648E-5,0.00394425275708734,0.0015032498806129165,4.188361354538983E-5,6.033430654720318E-5,0.0026446467872367017,0.025817388456306465,4.9875522094799074E-5,8.949492386216686E-5,1.0,3.979018868272588E-4,9.511902202181236E-5,5.345537328305752E-4,8.085657679703125E-5,2.7614836863569503E-4,0.002513498120032458,9.741714191767144E-5,2.933819847962464E-5,6.748832981805999E-5,1.1532154719824294E-4,5.6037529797208016E-5,1.646966992891059E-5,0.02141755873095487,9.361907142576238E-4,0.026791835130090185,0.016859614596328374,1.0044529216246618E-4,7.966911628208863E-5,4.023535632633923E-4,5.237110599214181E-5,4.817543242591858E-5,4.237486361939694E-5],[1.2683400616983245E-4,3.0296736712147874E-4,2.491678283306312E-4,3.476897630457001E-4,8.9957458424269E-4,0.004262952663233908,1.101618882677765E-4,3.3419303707588613E-4,3.3001778124917554E-4,5.3534649736081E-4,0.0012252977697486825,3.8377550562601154E-4,0.008503866525353607,5.131940428737216E-4,3.215369476580811E-4,4.0363124000383457E-4,0.0020352677364724827,0.020775628957176384,3.950255089053574E-4,4.081091138016899E-4,3.979018868272588E-4,1.0,3.844251932138957E-4,7.019237853451155E-4,2.101461535483253E-4,3.16110790016579E-4,5.782489456897137E-4,3.5685281693590554E-4,2.6724658621821574E-4,1.417410032515725E-4,1.1957501224162788E-4,2.805020601939774E-4,1.7522718261184188E-4,0.021788023618666177,9.387550563522136E-4,0.018795217684508612,0.025012512266118458,3.817004739163708E-4,3.9943334840595647E-4,5.643570702384616E-4,1.7011377320634273E-4,6.854543051395031E-5,8.639027176595606E-5],[1.0823750343471553E-4,1.835225336745003E-4,3.58553270476984E-5,9.84722810699509E-5,3.754597523089782E-4,0.003027703512834231,2.8407245879054683E-5,2.2487754790924378E-4,3.093810310577625E-4,0.0011041468410569793,0.0013310238346832327,6.222784835377556E-5,0.007889549102747948,0.001410320950385963,1.688573749764632E-4,1.3881245373745962E-4,0.0021216981297135923,0.011097763054344052,1.1606322770594182E-4,2.2636472188353307E-4,9.511902202181236E-5,3.844251932138957E-4,1.0,0.0012152961247455798,1.1316014464996814E-4,1.3653878780848594E-4,0.005670948473656473,1.1862150140437832E-4,5.5522579525999436E-5,1.1498819562165148E-4,1.1414443804541045E-4,1.1180106525247626E-4,4.681443421964818E-5,0.01821243114585348,0.0011412160864181333,0.025388113588815556,0.02265098977718442,1.1775424403039313E-4,1.1852226812547213E-4,5.519212534201574E-4,1.2067905087043117E-4,7.526995262516053E-5,1.0205402649057226E-4],[6.217098292370718E-4,8.328519132815771E-4,3.2275162800284566E-4,0.0013160185663552543,0.0012409875502983655,0.00334439467151784,0.0013672422141827118,0.0013170316658490692,9.827147433521784E-4,0.0015128913436438319,0.0017617101737379235,3.482772775094013E-4,0.005515171280716883,0.0023685469414637507,7.883566326542252E-4,0.0012029434119431252,0.0025791550029558847,0.009515735567312448,0.001307152957135264,8.472223926311293E-4,5.345537328305752E-4,7.019237853451155E-4,0.0012152961247455798,1.0,0.0010339927650719971,9.38196063701986E-4,0.004344425677118539,0.0011426708608353845,5.688647262503854E-4,7.507707086635611E-4,0.0011612380319488591,8.256845401220493E-4,6.96732590022796E-4,0.003723821762172461,0.0014253017715658645,0.02324104404591911,0.032987607013884764,0.001398773233083317,0.001035475116240842,0.001021778485714953,7.671495250475181E-4,0.0010314555555702516,7.813537641043485E-4],[1.0558357115594559E-4,1.2346852505451287E-4,5.059973139680057E-5,9.486464946955456E-5,7.019519421239143E-4,0.0013179471104691274,4.974518367481706E-5,1.8291661417747757E-4,2.077640642098361E-4,0.0010191725690768421,0.0017777787256737449,3.1274725629886716E-5,4.771068284881593E-4,0.0013999056146557292,1.301540462496196E-4,1.1737439895124409E-4,0.002836105037249266,0.015200945617590025,1.407625148090408E-4,2.738778877342606E-4,8.085657679703125E-5,2.101461535483253E-4,1.1316014464996814E-4,0.0010339927650719971,1.0,1.3318714207238616E-4,0.0037760367543146923,1.3119077749784453E-4,5.610414665679725E-5,1.1308793166899752E-4,1.1327887764488818E-4,1.0664602535022586E-4,9.159150071744813E-5,0.027723179875398234,4.1986488429491934E-4,0.014993088940933963,0.007149612445575589,1.395469841622257E-4,1.0890358696989117E-4,2.928782271001587E-4,1.1120910215752262E-4,8.582175922982233E-5,8.739552716430048E-5],[1.9251098073775843E-4,2.2753403115473148E-4,1.4614883466993343E-4,1.8407051094552048E-4,7.66223459509492E-4,0.0032775187176448573,2.7267189764533685E-4,2.9584895130354443E-4,3.121526145804157E-4,3.153882001678002E-4,0.00371910246926072,1.5256534493470766E-4,0.004074168575811985,0.002508252703206653,2.812688107846435E-4,3.4767802107901665E-4,5.577095883388871E-4,0.004214308707626347,2.2614582348593528E-4,4.7769254385865114E-4,2.7614836863569503E-4,3.16110790016579E-4,1.3653878780848594E-4,9.38196063701986E-4,1.3318714207238616E-4,1.0,0.001658571033368785,1.4528137140395867E-4,2.654609564920086E-4,1.2977627421305573E-4,2.917664133072573E-4,2.6481140149099675E-4,2.6703011304275373E-4,0.035553338438509496,3.244778763922477E-4,0.026683464814126083,0.017182115951209127,3.243520862965297E-4,2.720918137161471E-4,3.0960393706422356E-4,1.4127140832908915E-4,2.664220884172404E-4,1.9516060935624422E-4],[0.0040285459103561036,0.003026061939616827,0.006574503084504491,8.598810401602402E-4,0.0019960826053309344,0.006787916333800423,0.0011096539311256134,0.004719172091036895,0.006306967982939904,0.0033752906200810065,0.0063090808291824865,0.00469600824820772,0.011071504609655971,0.005096155851320798,0.00611232558505162,0.005849573110431073,0.005613669507314671,0.008157869653708898,0.006198141896706063,0.005034081294433008,0.002513498120032458,5.782489456897137E-4,0.005670948473656473,0.004344425677118539,0.0037760367543146923,0.001658571033368785,1.0,0.006503317987036342,0.0051020618428027536,0.006554019087630149,0.00399629328355743,0.003194921854271159,0.002370868182007921,0.01106202215522704,0.0046821253083966395,0.014874000482671436,0.03161748683781611,0.0028654112590133472,0.0049148665650314855,0.0023950173583645023,0.0037211968144943196,0.005635373129688505,0.0018593583030393408],[1.3703054897462778E-4,1.4968865467440126E-4,5.601394798656293E-5,1.141608500286924E-4,0.0010811789197517413,0.004825636386247819,1.0966114555886812E-4,2.010242277838989E-4,1.589478687436202E-4,5.395374130536375E-4,0.0034009691238957394,4.3700070729282184E-5,0.009748348107654303,3.4517215104352776E-4,1.6382199583135168E-4,3.709721650298252E-4,7.069736333052173E-4,0.011042105297387375,1.4111979379156418E-4,2.1203456849120498E-4,9.741714191767144E-5,3.5685281693590554E-4,1.1862150140437832E-4,0.0011426708608353845,1.3119077749784453E-4,1.4528137140395867E-4,0.006503317987036342,1.0,7.892404992423017E-5,1.209214155406842E-4,1.2033796998632864E-4,1.2064423991353544E-4,1.1169555862907783E-4,0.027212256836876763,6.162691209545977E-4,0.021368736927853405,0.044189220710302034,1.546890547219023E-4,1.404189206906296E-4,2.009083828713506E-4,1.311015454453676E-4,9.833378839983596E-5,5.739234280123221E-5],[1.1019620884548667E-5,1.6349609285875918E-4,1.1883231322441702E-5,4.2735020240594096E-5,1.1806039985507318E-4,0.0010910163112124599,1.6677551546774103E-5,1.997074073621788E-4,2.9642621775165023E-4,9.071654774180966E-4,0.0019411649788751504,2.537226136805239E-5,0.013607040089678292,0.002876380733864572,7.482580484796786E-5,1.0906542502004676E-4,6.595453580264154E-4,0.013652873274499716,1.3661360308670124E-4,3.7929639277035644E-4,2.933819847962464E-5,2.6724658621821574E-4,5.5522579525999436E-5,5.688647262503854E-4,5.610414665679725E-5,2.654609564920086E-4,0.0051020618428027536,7.892404992423017E-5,1.0,2.458174697154249E-5,2.919957483272753E-5,9.39926258638357E-5,1.0857590506245592E-5,0.0063940790109453735,5.709033012618005E-4,0.021650152437036923,0.03655729968436383,5.469211291430573E-5,1.675252939954113E-5,8.968552462501528E-5,3.181622052981358E-5,1.9616629796084485E-5,1.9921041887663925E-5],[1.1601839517261285E-4,1.8588551279348183E-4,9.329902236277559E-5,9.142854565430137E-5,3.012494209903656E-4,0.001971023735278142,8.030534150848379E-5,1.904506878414136E-4,2.5724560859810347E-4,1.788926100186183E-4,0.0011815634693856574,3.151575668645954E-5,0.005256904991331232,0.002875535007032756,1.6789672328104986E-4,1.9346857990228022E-4,0.0026827819507515577,8.629683165214203E-4,1.2343186184228077E-4,2.208186418006961E-4,6.748832981805999E-5,1.417410032515725E-4,1.1498819562165148E-4,7.507707086635611E-4,1.1308793166899752E-4,1.2977627421305573E-4,0.006554019087630149,1.209214155406842E-4,2.458174697154249E-5,1.0,1.1701937810391935E-4,1.0975804541722744E-4,2.9365783012249766E-5,0.03304021000709711,9.315073506311205E-4,0.022251936773649162,0.03930205251897999,2.4558669109151583E-4,1.3179547115729014E-4,2.0913481467324968E-4,1.210430327861642E-4,9.474489907486378E-5,8.086730776598019E-5],[1.0933810176968386E-4,1.67931259795329E-4,4.655644236330003E-5,9.813238178335673E-5,2.574582988960735E-4,0.0016211507242039076,5.012000552219131E-5,2.0335969693259794E-4,3.109158723443104E-4,8.133072816685339E-4,0.003459786342696539,6.676817447562303E-5,0.001335758109698947,4.256081991985718E-4,1.3820859660541765E-4,3.348450332545459E-4,0.0025454159609358137,0.008358278632733439,1.2466088925075E-4,2.985002348219337E-4,1.1532154719824294E-4,1.1957501224162788E-4,1.1414443804541045E-4,0.0011612380319488591,1.1327887764488818E-4,2.917664133072573E-4,0.00399629328355743,1.2033796998632864E-4,2.919957483272753E-5,1.1701937810391935E-4,1.0,1.1016726071126591E-4,6.132165109663045E-5,0.028213953206141177,3.088215625864424E-4,0.005532070406057331,0.0010242796833048213,2.6317425905484764E-4,1.1845229542034481E-4,4.469454450890268E-4,1.2296144464144193E-4,5.18316616904474E-5,1.1564164187747144E-4],[1.0658981725642202E-4,1.5551943868310987E-4,1.0464272109785739E-4,1.0311056931532638E-4,0.0010220599840935283,1.64766541698371E-4,3.3539710652778905E-5,1.682021797647517E-4,1.4807056176164833E-4,2.5009440226748963E-4,0.0034795886407939887,8.02743692091343E-5,0.01114017578881491,4.011018293535037E-4,1.6017141094468675E-4,2.5435187446659033E-4,0.0019811266978601765,0.025094242545255215,1.2583332658428866E-4,4.401816112280679E-4,5.6037529797208016E-5,2.805020601939774E-4,1.1180106525247626E-4,8.256845401220493E-4,1.0664602535022586E-4,2.6481140149099675E-4,0.003194921854271159,1.2064423991353544E-4,9.39926258638357E-5,1.0975804541722744E-4,1.1016726071126591E-4,1.0,4.691602868828251E-5,0.003217015996010204,3.041834602420891E-4,0.02436664854211579,0.043440339749571615,3.0031872446970736E-4,1.0810953532024003E-4,3.626882070345657E-4,1.2215855488740556E-4,8.124697827957759E-5,8.030588305457107E-5],[7.61580036784792E-5,1.3770711141761958E-4,1.4226918506682709E-5,7.220406717064874E-5,9.390755833867241E-4,0.003406786477542662,1.2766787218216777E-5,5.18319842431871E-5,1.2682212286967108E-4,0.0011241303895910256,0.0029006593496710333,1.243955542369149E-5,0.009301473969187821,0.0010457889329440497,3.6895334182771474E-5,9.4390407607795E-5,0.001712883643981104,0.00854322960266636,1.3973568363184626E-5,3.177843300699839E-4,1.646966992891059E-5,1.7522718261184188E-4,4.681443421964818E-5,6.96732590022796E-4,9.159150071744813E-5,2.6703011304275373E-4,0.002370868182007921,1.1169555862907783E-4,1.0857590506245592E-5,2.9365783012249766E-5,6.132165109663045E-5,4.691602868828251E-5,1.0,0.0015717943403011046,1.0055003248851794E-4,0.01204924494794871,0.010904578672220786,5.969367443711302E-5,1.2466266137011058E-4,3.1785107675429535E-5,9.756240609330147E-5,4.6816622123457656E-5,4.073193159716626E-5],[0.0364417162505933,0.0036084754951059245,0.02054003181723953,0.03017761037008269,0.0032982161482933686,0.012482464016123525,0.036508026479411086,0.025255630777905397,0.014221079148761537,0.00807440069175285,0.009022473040917665,0.004539365230889342,0.02982640431076325,0.006164218731597559,0.0098844704415829,0.026058503413577575,0.031212247991084404,0.0329812190709145,0.013203371257733411,0.03553357676493493,0.02141755873095487,0.021788023618666177,0.01821243114585348,0.003723821762172461,0.027723179875398234,0.035553338438509496,0.01106202215522704,0.027212256836876763,0.0063940790109453735,0.03304021000709711,0.028213953206141177,0.003217015996010204,0.0015717943403011046,1.0,0.03354503600448629,0.03682138771412065,0.040905924711441104,0.011444815958012411,0.005336933421913053,0.015563691654107864,0.027934056078987524,0.0037262485646581502,0.035094988956085635],[0.0010969041706756387,3.4199497254784855E-4,0.0011516041190668984,0.0010134157930991971,0.0012489299152087868,0.001742957025824839,5.044747620237109E-4,7.810238750417943E-4,5.254851087795865E-4,0.0013000722684569815,0.003423640548027346,4.539630847987762E-4,0.004378398942806066,0.0029798663734790344,3.6795794748117243E-4,8.638434084984738E-4,0.001564393548749561,0.0028598242888564795,0.0010245601759303695,7.072600346782457E-4,9.361907142576238E-4,9.387550563522136E-4,0.0011412160864181333,0.0014253017715658645,4.1986488429491934E-4,3.244778763922477E-4,0.0046821253083966395,6.162691209545977E-4,5.709033012618005E-4,9.315073506311205E-4,3.088215625864424E-4,3.041834602420891E-4,1.0055003248851794E-4,0.03354503600448629,1.0,0.0043215638925691085,0.029075668499194927,9.49756551662259E-4,0.0010611043009427627,0.001019888753514657,6.887871323759857E-4,4.578670683149257E-4,1.5271995133634734E-4],[0.011209043234377427,0.025466439832966942,0.015249834328940027,0.0028637955118062954,0.016355838708181927,0.028187735055716454,3.1795790560203465E-5,0.009015213107039536,0.017002041197427962,0.018834181430229337,0.013121999034032996,0.005556989462113947,0.027903766873253875,0.022507540582517395,0.014325858922499251,8.596395424209096E-4,0.012303617719762698,0.028596554668185403,0.02190637398101419,0.009412264301422656,0.026791835130090185,0.018795217684508612,0.025388113588815556,0.02324104404591911,0.014993088940933963,0.026683464814126083,0.014874000482671436,0.021368736927853405,0.021650152437036923,0.022251936773649162,0.005532070406057331,0.02436664854211579,0.01204924494794871,0.03682138771412065,0.0043215638925691085,1.0,0.030423058266290035,0.007118148077265307,0.018767838141566393,0.003995019653307408,0.021756965778708306,0.014402056431956023,0.025261790007891853],[0.024436974813818034,0.03279203101384034,0.03993002804305821,0.0057835677567200155,0.03003348339560309,0.04147540781147785,0.011894638081636504,0.009636696848479401,0.03746678148546541,0.039848716020449,0.01854618888357664,0.018220719618199384,0.044275841917918814,0.009391179092734132,0.02767716583493929,0.040891341950284064,0.007707131594850649,0.03492534751788759,0.023839754969062585,0.030025141731360387,0.016859614596328374,0.025012512266118458,0.02265098977718442,0.032987607013884764,0.007149612445575589,0.017182115951209127,0.03161748683781611,0.044189220710302034,0.03655729968436383,0.03930205251897999,0.0010242796833048213,0.043440339749571615,0.010904578672220786,0.040905924711441104,0.029075668499194927,0.030423058266290035,1.0,0.021660490712854617,0.01704690257973795,0.032041756214076525,0.006264793412377815,0.004827027902382495,0.008379031247953087],[2.608324206147575E-4,2.3467374331019746E-4,6.216438846101373E-5,1.2535426993686262E-4,0.001121498708701635,3.439914338430167E-4,3.395112112883507E-5,3.04769186736724E-4,3.257777063791042E-4,3.76850789923143E-4,0.002167241349687404,1.8671739127027107E-4,0.0030154881442298756,5.848290567361453E-4,2.2656726326688155E-4,3.685103699608501E-4,8.423950041026368E-4,0.004276573090718906,2.5304544668846673E-4,4.0335936037616906E-4,1.0044529216246618E-4,3.817004739163708E-4,1.1775424403039313E-4,0.001398773233083317,1.395469841622257E-4,3.243520862965297E-4,0.0028654112590133472,1.546890547219023E-4,5.469211291430573E-5,2.4558669109151583E-4,2.6317425905484764E-4,3.0031872446970736E-4,5.969367443711302E-5,0.011444815958012411,9.49756551662259E-4,0.007118148077265307,0.021660490712854617,1.0,1.8581945544831257E-4,4.156497827729605E-4,2.819014359615442E-4,2.0810375991349659E-4,2.5316899650195356E-4],[1.1245687574256212E-4,1.7196777387159251E-4,9.298522119516314E-5,1.1652467139169807E-4,2.1622471545525013E-4,0.0031753637569578237,4.4885201111292775E-5,2.630414737945841E-4,2.4098209668546372E-4,0.001249655034981647,0.0038327053039365986,1.142088416253566E-4,0.00566917530262507,0.002111175307287585,1.4642624476717296E-4,3.365490848406713E-4,0.0015700398736958466,0.01887136917731645,1.3540941349360144E-4,2.54525207207737E-4,7.966911628208863E-5,3.9943334840595647E-4,1.1852226812547213E-4,0.001035475116240842,1.0890358696989117E-4,2.720918137161471E-4,0.0049148665650314855,1.404189206906296E-4,1.675252939954113E-5,1.3179547115729014E-4,1.1845229542034481E-4,1.0810953532024003E-4,1.2466266137011058E-4,0.005336933421913053,0.0010611043009427627,0.018767838141566393,0.01704690257973795,1.8581945544831257E-4,1.0,1.9536717717902942E-4,1.3277417469206634E-4,1.1271590113954045E-4,7.272458461081554E-5],[4.8366179754250874E-4,4.047109051785684E-4,3.355539010863227E-4,2.106136632827994E-4,6.543898751990407E-4,7.116042599742071E-4,4.6132434592681995E-4,3.0974223096485434E-4,4.070894684819778E-4,0.0014083609105199645,0.0020626327548554525,2.3601139946761925E-4,0.007553563006850211,9.740612298653529E-4,2.2351476065293486E-4,4.282967505577666E-4,0.001274539907450716,0.01949033939791601,5.352321084049099E-4,5.451670226399785E-4,4.023535632633923E-4,5.643570702384616E-4,5.519212534201574E-4,0.001021778485714953,2.928782271001587E-4,3.0960393706422356E-4,0.0023950173583645023,2.009083828713506E-4,8.968552462501528E-5,2.0913481467324968E-4,4.469454450890268E-4,3.626882070345657E-4,3.1785107675429535E-5,0.015563691654107864,0.001019888753514657,0.003995019653307408,0.032041756214076525,4.156497827729605E-4,1.9536717717902942E-4,1.0,1.293791553895251E-4,1.75738962036213E-4,3.687364395152913E-4],[1.1242645192595488E-4,1.5413693256008062E-4,4.484218965639489E-5,1.2383450604410372E-4,8.587726003285234E-4,0.0014892523066947776,1.0865788041927339E-4,2.3479227015483383E-4,2.3437276247578498E-4,0.0011130670264442942,0.0037437527304375073,3.495265909719306E-5,0.009945284470215272,0.0014847973828879333,1.5399434181921187E-4,3.3390885505320413E-4,0.0029215266148070263,0.020998972650409863,1.329210701505095E-4,3.552002361281309E-4,5.237110599214181E-5,1.7011377320634273E-4,1.2067905087043117E-4,7.671495250475181E-4,1.1120910215752262E-4,1.4127140832908915E-4,0.0037211968144943196,1.311015454453676E-4,3.181622052981358E-5,1.210430327861642E-4,1.2296144464144193E-4,1.2215855488740556E-4,9.756240609330147E-5,0.027934056078987524,6.887871323759857E-4,0.021756965778708306,0.006264793412377815,2.819014359615442E-4,1.3277417469206634E-4,1.293791553895251E-4,1.0,1.1958874172968996E-4,8.914568325091879E-5],[5.7566526201550293E-5,1.6246862543419318E-4,2.7956275609310278E-5,8.158511331249094E-5,7.955847743276107E-4,0.002812723429839854,4.472863568443041E-5,2.3369127003470739E-4,2.1427556800440002E-4,2.9803348222118487E-4,0.0014282961252902644,2.935658227817798E-5,0.010175898997680836,0.0012940921361176473,5.98156100920956E-5,1.5123683472528993E-4,0.001102340533432869,0.024537760199444078,5.1388504507681444E-5,3.821176637359024E-4,4.817543242591858E-5,6.854543051395031E-5,7.526995262516053E-5,0.0010314555555702516,8.582175922982233E-5,2.664220884172404E-4,0.005635373129688505,9.833378839983596E-5,1.9616629796084485E-5,9.474489907486378E-5,5.18316616904474E-5,8.124697827957759E-5,4.6816622123457656E-5,0.0037262485646581502,4.578670683149257E-4,0.014402056431956023,0.004827027902382495,2.0810375991349659E-4,1.1271590113954045E-4,1.75738962036213E-4,1.1958874172968996E-4,1.0,5.533923914145152E-5],[8.490507904521533E-5,5.7292888523515254E-5,2.7246671019740914E-5,7.862612094184901E-5,0.0011470255659334024,0.0023064711507364386,4.578150357661514E-5,2.058068485791959E-4,1.3427657528542982E-4,7.483415767005951E-5,0.002458269238143796,4.989648922906203E-5,0.013014881776672607,0.0023502214340300116,1.059423708389616E-4,2.374297846363178E-4,6.013979716655667E-4,0.01625152531302798,7.561018482525531E-5,1.3886874921450375E-4,4.237486361939694E-5,8.639027176595606E-5,1.0205402649057226E-4,7.813537641043485E-4,8.739552716430048E-5,1.9516060935624422E-4,0.0018593583030393408,5.739234280123221E-5,1.9921041887663925E-5,8.086730776598019E-5,1.1564164187747144E-4,8.030588305457107E-5,4.073193159716626E-5,0.035094988956085635,1.5271995133634734E-4,0.025261790007891853,0.008379031247953087,2.5316899650195356E-4,7.272458461081554E-5,3.687364395152913E-4,8.914568325091879E-5,5.533923914145152E-5,1.0]]