[[1.0,0.015356708298172123,0.014865225306310776,0.008312119637853499,0.019618954219567785,0.019216174858265694,0.017342651571668685,0.016364727180320032,0.00603473943626976,0.0070544047495471355,0.0200372117228709,0.021116131592994417,0.0018950859609571783,0.0037936951682456485,0.016740869585132174,0.012297308298843708,0.005964826832344751,0.021100719338797865,0.010666902782524093,0.00690588821784598,0.010184057735813927,0.015840620106950077,0.008760103685102294,0.010173531226423272,0.012511778382292983,0.017213871747249792,0.019456524819525135,0.004047814386674295,0.029938591367410873,0.015886747341629648,0.016642032391890195,0.003613695526799609,0.010276922021982288,0.011467325618777753,0.018546513644322485,0.020639870892458095,0.01531839992601017,0.014015528685988736,0.005803653807173807,0.008315192798659604,0.011061819367210478,0.007725737306371177,0.01646369273095289,0.024234664026898098,0.015742798362880707,0.020477547404545233,0.008869061220548917,0.02276426562233818,0.02098568978672904,0.006061391390398732,0.012668989267122621,0.004819202453675491,0.006534617927780752,0.01647092476283935,0.010033168476550098,0.01989829035438944,0.012314002842143873,0.0037920599973705273],[0.015356708298172123,1.0,2.540964015658442E-4,0.0021161894387239895,0.0024008849319918564,8.661416940486479E-4,9.586775765733541E-5,0.005158878938565232,1.6045497547764585E-4,1.3496345272845497E-4,2.9256194538915796E-4,1.7107372625994107E-4,1.3438730292019197E-4,3.4292834158338956E-5,0.009694888895352673,1.3387373408940267E-4,3.9694880736440834E-4,0.005200835019468394,1.2391751935748893E-4,2.696346751200945E-4,1.3075717954258914E-4,8.790147779163534E-5,1.0300294054303301E-4,1.1334641393986734E-4,0.0048530442337255545,5.905542188366197E-4,0.004329141189159401,1.1021012799731695E-4,0.0036402477871067826,7.296768448989069E-4,0.001355001057003979,0.0010954164109359104,5.755239326542235E-4,7.113359594158073E-4,0.0010586769116879289,4.4493035216322015E-5,0.001621327511093704,1.3858255593693288E-4,5.51584581242723E-4,1.4127036596955572E-4,6.66401462073059E-4,0.0013967790602163472,1.378069798175767E-4,0.04698976749553419,1.8847501172155045E-4,1.1255046442176665E-4,0.0016698992419511346,0.02265064864099715,0.0010720103173998152,9.228606148540656E-5,0.0014543888534249026,0.00133903754161932,0.0013625444405988062,1.8974582388482062E-4,0.004963254213635605,5.586592099973719E-4,0.00181556768919364,1.2783386774809999E-4],[0.014865225306310776,2.540964015658442E-4,1.0,0.0017617719490454495,0.001830170347113334,9.952701866115278E-4,1.708793135410287E-4,0.008878936684038486,3.691297917267107E-4,3.061312002766905E-4,0.010357959292755639,0.0017157119852103655,4.861267390081507E-4,2.1362394318075E-4,0.00835917283068851,2.0520263618351497E-4,5.590567139540438E-4,0.01770650189221652,4.5204634363629347E-4,3.7360720023754527E-4,1.7125125705814276E-4,3.641404099285584E-4,4.766903002555591E-4,4.898329432738429E-4,0.0024198570975100843,0.001023476166649074,0.0047618452355726445,3.3142507994143503E-4,0.016088321345159157,0.005170244535929293,9.468246498036074E-4,6.50537497959581E-4,5.390885881757446E-4,9.890563783926162E-4,7.372664874920539E-4,4.110129039564556E-4,0.008690646919450186,3.5597498009203715E-4,5.402757978378363E-4,3.8489427577347105E-4,0.0018210445964122988,5.079690062715833E-4,4.0574021518603834E-4,0.04591862409253787,2.5489913502978824E-4,3.5344505765413876E-4,0.0011316019835269837,0.012336188846371474,6.836555296271271E-4,4.975044456080369E-4,0.0030324446152847732,9.719228267204782E-4,0.0012227400652146218,3.1837106220015195E-4,0.002151490465642786,0.001655410243333046,0.00942623516333454,2.937318887667081E-4],[0.008312119637853499,0.0021161894387239895,0.0017617719490454495,1.0,0.0027049761923906663,0.0022827519569905614,6.772256261907026E-4,0.01426014568101646,0.002265862254003081,0.002163527927532229,0.011338377048135215,0.0018891486979320644,0.0020955910281770474,7.10572524770189E-4,0.005886540249898067,0.0015758124624915774,0.002003102530724312,0.014822557730483864,0.0018932236867095303,5.99311766771231E-4,9.124609059617337E-4,0.0013221570924494672,0.0020457531009450834,6.858556346849622E-4,0.004271357281258306,0.0023044716259321223,0.009673757657593223,0.0020122611679696126,0.0074965254664114914,0.006053375247412483,0.0017033740564116192,0.0022644625561912914,0.0019914966457599092,0.0016247373571006492,0.0020330898152610723,0.0012354124224827929,0.0027597600461529885,0.0011787943787554902,0.0011124202834136,0.001363401726596569,0.0020914527578674647,0.0023158246275640166,4.4926304900707177E-4,0.0318069521044686,2.1820251769498676E-4,0.001218204044940376,0.002028812684097885,0.017260436461541517,0.0024007533246261405,6.609602890654991E-4,0.002407140990676102,0.001875174154032327,0.0017272457471020006,0.0010650855627111501,0.004953703054534363,0.0020137651771647176,0.007447643141875321,0.0023202813610738323],[0.019618954219567785,0.0024008849319918564,0.001830170347113334,0.0027049761923906663,1.0,0.0025930263131377102,0.002434150933998146,0.01485337456796974,0.002275499879487198,9.345989588177272E-4,0.010414393861171411,0.002378327659511955,0.0019390010055617831,0.001237364756655168,0.004693772679097587,8.133097773423872E-4,0.001553874001716568,0.006370013060660701,0.0021828204210028817,0.0021801285569878442,0.0010963329231772807,0.0012681267907726378,0.0023549449999235145,4.7322388349543826E-4,0.004329824966659558,0.0026891944628405283,0.016535818240227786,0.0018074966135017126,0.024824963867835448,0.005999443259187432,0.0023146059628850893,0.002612064900914905,0.0023891846813118866,0.0026000224876546645,0.0025862831769129816,0.0019145207396403733,0.010017082647635886,4.4479113273405773E-4,0.0026961031393067316,0.0015294745322992805,0.002296171147380269,0.002705520585782775,7.833521350986306E-4,0.01434810840756662,0.002284162587179181,0.001838340367776192,0.002037376910586963,0.019490385051283383,0.0025397557913205255,0.0024219559866245684,0.00319921016170018,0.0025692060333349616,0.002623809274367465,0.0016829387946647408,0.0034061833607146904,0.001901723529781748,0.007251303549082577,0.0016629420095357933],[0.019216174858265694,8.661416940486479E-4,9.952701866115278E-4,0.0022827519569905614,0.0025930263131377102,1.0,6.088182500702842E-4,0.004515300946627112,6.480321207182711E-4,1.8995956535038108E-4,0.0016070868123602097,0.0012745792501764727,5.582887838757437E-4,7.810085476225902E-5,0.002755772453422632,2.3790920465244475E-4,0.0010696267507884342,0.011529110651953,2.236587654216517E-4,7.311426732949063E-4,4.786926064047121E-4,1.9639275078152136E-4,8.516389952657672E-4,1.5341805929855007E-4,0.0015335441696128667,0.0013760669578851711,0.018134076689107964,8.252155990190934E-4,0.01610539557836366,0.003271238977525163,0.0010502757873285605,0.001465890035336767,8.310126878161455E-4,0.001305640186694633,0.0013499370525493434,8.99919421003717E-4,0.008140642961248976,7.434103920776626E-4,7.318136820638348E-4,2.6758918262819175E-4,0.0010417889926077153,0.001336469339135741,6.273095533659842E-5,0.010410517459304398,4.1672460443231403E-4,2.891140076299025E-4,0.0013416502142616304,0.012392577271622228,0.001998648940409289,7.741345971268298E-4,0.0014282197820127114,0.0013247748970296256,0.0015748229740063218,6.484073337620595E-4,0.002071394227203144,0.0013388908366546899,0.008102371410058592,2.646815735463545E-4],[0.017342651571668685,9.586775765733541E-5,1.708793135410287E-4,6.772256261907026E-4,0.002434150933998146,6.088182500702842E-4,1.0,0.001992271385788262,2.4940305825880813E-4,9.243378478925992E-5,0.010914861091485584,0.0017049564805954281,8.814620673536076E-5,1.71886067029506E-5,0.010293855805485972,1.0186728778295188E-4,3.3339179988173625E-4,0.0030468438230282302,9.365194683976094E-5,1.4706482960144876E-4,5.8009068701446204E-5,2.61843002378058E-5,1.5363020868990528E-5,9.760015740668225E-5,7.495833185653385E-4,1.0242178167155837E-4,0.008383166182655635,4.58911030656477E-5,0.009032024449827005,2.649064919710066E-4,8.917188049458455E-4,0.0018654467010797194,6.745882366785617E-5,1.4358245749818762E-4,0.0011716925562075937,4.008716530730501E-5,0.0024645838299270214,6.977083314400721E-5,3.886383895116682E-4,6.361603830538884E-5,0.0014167081808487316,4.0687037429631246E-4,4.232403890070114E-5,0.0400553214518147,1.324614868573218E-4,3.696558342259861E-5,4.992724439883869E-4,0.0188805544159602,0.0022687313412195257,4.099233593872339E-5,9.230275616842143E-4,7.115079445714017E-4,4.415661465344785E-4,2.4115140237298286E-4,4.3478660716306364E-4,0.001360651580694782,0.0077813037957528645,7.237551398219591E-5],[0.016364727180320032,0.005158878938565232,0.008878936684038486,0.01426014568101646,0.01485337456796974,0.004515300946627112,0.001992271385788262,1.0,0.005591365122221942,0.00567462148042748,0.014623128756435134,0.008461967264667247,0.0044903662770680326,0.009850803419077766,0.014418274813182842,0.009806413244914424,0.013863461660548741,0.018772753050915417,0.0018812753787902506,0.01437843787166365,0.013277863162022252,0.00934501246409886,0.0024719479215592737,0.0051895285340754094,0.005310089801068553,0.014741124616533395,0.015764560099584955,0.004696225949292617,0.04489285071669034,0.008876947839627685,0.013024815267595854,0.00811488723537823,0.008738125355461352,0.01017322549956263,0.005132888501995067,0.006729848163098914,0.010296283634874245,0.014587791995531037,0.009362615244151308,0.006769105202424296,0.00484088437892548,0.0036104254709496196,1.645883732729817E-4,0.0521871849924635,0.01149635062004272,0.00528875851172897,0.014035579869140027,0.02209805264625974,0.009515426496222605,0.00383081522035721,0.010835992382866835,0.0018295681811342501,0.0062322690529778525,0.009232063104129745,0.007753171068707373,0.005264711754224161,0.015079209832973332,0.015252068045282948],[0.00603473943626976,1.6045497547764585E-4,3.691297917267107E-4,0.002265862254003081,0.002275499879487198,6.480321207182711E-4,2.4940305825880813E-4,0.005591365122221942,1.0,2.3772033066660832E-4,0.008119792488661536,3.1022856386122205E-4,1.6997016700238146E-4,2.2603999046693924E-5,0.0058308186965735235,2.87922200655841E-4,3.885841081217115E-4,0.009838280981318741,1.907454591086977E-4,3.1732996086755266E-4,2.714234553855807E-4,4.039154410355121E-5,1.7985403376586086E-4,1.295176222439812E-4,0.001700688476196574,0.0010713928093355808,0.017589956626188112,8.85256620351477E-5,0.04072594405098063,4.465846560309525E-4,0.0010861632011890637,0.0014377605235700865,4.780628369035174E-4,4.0906663912267105E-4,9.697600362174907E-4,2.2657935455693608E-4,0.006882731462151986,2.6691915042046407E-4,4.738786395004767E-4,2.978849742080053E-4,5.005129573715923E-4,4.3571044524241104E-4,1.2098847475388174E-5,0.015439449223033651,2.1041155351278682E-4,8.765158006965974E-5,0.0014220861589686717,0.007963604294446397,8.813126635942368E-4,2.4287791676527119E-4,0.0017545295875781165,0.001273874840136599,6.752679816541551E-4,2.9108291602590727E-4,0.0031548296317589998,4.8574641787468327E-4,0.0062023486429198926,2.6760772221060675E-4],[0.0070544047495471355,1.3496345272845497E-4,3.061312002766905E-4,0.002163527927532229,9.345989588177272E-4,1.8995956535038108E-4,9.243378478925992E-5,0.00567462148042748,2.3772033066660832E-4,1.0,0.00823723863955002,0.0011974622365198747,1.255555821838839E-4,5.5479506870149E-5,8.094509806448664E-4,1.2712884023150938E-4,2.571974172447805E-4,0.004152556937327036,1.270523836052652E-4,2.208202594812582E-4,1.248048400989956E-4,1.1820584358118478E-4,5.061312171601948E-5,1.3073885665802008E-4,0.0016655618204945552,9.37356211630436E-4,0.010017929629543744,3.9813065526373356E-5,0.015584699563832412,0.005066627310607369,6.081383709559891E-4,0.0018992688674641805,5.407082276953747E-4,0.0013282632746387392,0.0017650316177040214,8.309518452409678E-5,0.009801785111794128,1.3680965482540245E-4,3.717600000465251E-4,1.48777027251121E-4,0.0017938554777966562,0.0012822453510208565,1.0845947825788552E-4,0.050356954448717635,1.6350414999718893E-4,1.113944092308037E-4,0.0014311436709736219,0.007373117465081793,0.0015706167177296632,5.5986813876226046E-5,7.663724362199198E-4,0.0012181276767555425,0.0014464667312114325,1.3575026830350492E-4,0.0011004113267709047,0.0013204610181832513,0.0040074950686826896,1.2123151734544789E-4],[0.0200372117228709,2.9256194538915796E-4,0.010357959292755639,0.011338377048135215,0.010414393861171411,0.0016070868123602097,0.010914861091485584,0.014623128756435134,0.008119792488661536,0.00823723863955002,1.0,0.0023799767764672926,0.010275980201092107,0.005756609519438024,0.011340304534093038,0.0016169492047200485,0.011185052855464558,0.01663106905744585,0.005366520577994401,0.0045548722497003825,0.0026385978378646725,0.007568504256736321,0.009285538182259365,0.011304679050119186,0.011132734647359373,0.006049044838375332,0.01477094000315318,0.0018599145039240445,0.03112732506023952,0.011293715520642495,0.0030133268820770618,0.0052947864285363255,0.01176767256705585,0.005311677695912015,0.006897390062949327,0.006549243051493748,0.010456097103834992,0.005529012564436556,0.0077045426200908415,0.004407324550379802,0.008296075156772983,0.00583552467365322,0.010780607002951638,0.04163982772846324,0.0025973918945372274,0.0029014975758306968,0.008530429947117122,0.015363340779088411,0.00805685516583328,0.006661962146646267,0.007083801110577962,0.00892299858115949,0.0023516591679427117,0.00323673428800738,0.008086933891910598,0.010718419050334414,0.011286251109005472,0.0019778941218563063],[0.021116131592994417,1.7107372625994107E-4,0.0017157119852103655,0.0018891486979320644,0.002378327659511955,0.0012745792501764727,0.0017049564805954281,0.008461967264667247,3.1022856386122205E-4,0.0011974622365198747,0.0023799767764672926,1.0,0.0017478278096515107,0.0015839274531028998,0.00971436248422442,0.0011976125845982561,0.0016715681512304251,0.0024696477590406885,0.001084787237284017,0.0014714197638795589,9.76249870380877E-4,4.5986907098323417E-4,0.0013074625080359379,0.0013116003712230523,0.0033410324154717667,0.0016873869274198411,0.004082235888118905,7.123520099517309E-4,0.023951779347116425,0.004310107223640239,0.0014242872853055953,0.00200302325553496,0.0013855177715905863,0.001443118980563974,0.0018820589177543688,1.1183988983596377E-4,0.008571161455801272,5.562844840364715E-4,8.031400321950661E-4,0.0010984553062484256,0.0018305261967605099,0.0021311143159954606,7.469831140251706E-4,0.02765842652974635,6.75946188302356E-4,0.0011192105014927566,0.0018704644948126245,0.010288199287087492,0.0020432718376077155,0.0011867234987403279,0.0028530496204869464,0.00157274438814445,0.0017108435772173732,8.60778211895154E-4,0.002005060284805671,0.0017079269559020162,0.008039908909653816,0.0014238160845341447],[0.0018950859609571783,1.3438730292019197E-4,4.861267390081507E-4,0.0020955910281770474,0.0019390010055617831,5.582887838757437E-4,8.814620673536076E-5,0.0044903662770680326,1.6997016700238146E-4,1.255555821838839E-4,0.010275980201092107,0.0017478278096515107,1.0,8.858070827449676E-5,0.003839890813078355,1.1188191597602808E-4,1.611487617428379E-4,0.0012777266729092076,1.2178939959076436E-4,1.6619729465899125E-4,1.1154587426182438E-4,8.158938943495509E-5,3.545356835508903E-5,1.1308290399533403E-4,0.0025520190665786185,0.001450282178738587,0.013681087265232074,1.0710586390585205E-4,0.017125464431862577,0.007393805842955621,1.6582788355929803E-4,6.337035927743131E-4,2.2309815520987417E-4,0.0011320202121555465,0.001313676619173109,9.534778417156688E-5,0.009686755255607818,1.286359617454931E-4,5.432312692017721E-4,2.0185492766112224E-4,0.0014078615391618214,0.001036496695289783,3.9360272482246E-5,0.04251971850366327,1.259506640759519E-4,8.896303294077541E-5,5.567555050657543E-4,0.006776036863682975,8.202989616979185E-4,9.667355771865128E-5,4.356868204393226E-4,5.819256496431815E-4,3.4569856310031954E-4,1.3850169024402537E-4,0.00431950364022096,5.160559922914123E-4,0.006335011730609349,1.1323569587067668E-4],[0.0037936951682456485,3.4292834158338956E-5,2.1362394318075E-4,7.10572524770189E-4,0.001237364756655168,7.810085476225902E-5,1.71886067029506E-5,0.009850803419077766,2.2603999046693924E-5,5.5479506870149E-5,0.005756609519438024,0.0015839274531028998,8.858070827449676E-5,1.0,0.007310787977722451,8.319809717921563E-5,2.8492051322242005E-4,0.001314055257753085,9.96640388689887E-5,3.376850005847562E-4,5.471185030191586E-5,1.4808252024401952E-5,1.195683814662487E-5,1.0916270904789857E-4,0.001721367383679451,1.5275244976526047E-4,0.013126344578482902,1.7304909968094452E-5,0.007203671600452024,0.0061379178098898346,7.40690384681126E-4,3.1317436054791557E-4,1.8186777250754426E-4,0.0013076032140279096,0.001072234984583693,1.182025577342408E-5,0.005766355412114198,8.704132452614101E-5,1.8060585803581433E-4,1.0287147123537315E-4,1.8596489268035693E-4,0.001328700807834119,1.0378300073084309E-5,0.052133797049543185,1.243610707143115E-4,1.532722129950277E-5,0.0017080143441536209,0.017406292952930127,0.0019941584808120375,1.529502857489751E-5,0.003261280086637144,7.408743025846231E-4,2.8027237540054504E-4,8.041892582920149E-5,0.0012876617174878984,0.001303659963401393,0.007022941011277114,7.005552235341834E-5],[0.016740869585132174,0.009694888895352673,0.00835917283068851,0.005886540249898067,0.004693772679097587,0.002755772453422632,0.010293855805485972,0.014418274813182842,0.0058308186965735235,8.094509806448664E-4,0.011340304534093038,0.00971436248422442,0.003839890813078355,0.007310787977722451,1.0,3.503574891772368E-4,0.004175888864606492,0.019675904216944554,0.0013329308068046179,0.008321266028475912,0.005226597011490063,0.003930088552324111,0.0034985599806402483,0.009938863242353406,0.00994416356123131,0.0026699387876421253,0.012688670520781754,0.007574996594332077,0.04912742390307397,0.010469710942759001,0.004797710760078057,0.003949956072813142,0.008272952129240889,0.006509788803040759,0.0035842101956536573,0.003877646338429272,0.010535475440825228,0.0026773053208315203,9.752830548285089E-4,0.0010408217634731568,0.010677089213028589,0.0060175252829283415,0.004885913963260701,0.04262245349320793,0.001676888054643318,0.0023948698846995857,0.0068360183197371145,0.015524816424279405,0.009895858385230634,0.0016156908764439672,0.008993864584664564,0.004085647513934157,0.009067145370537225,0.0010674345679732911,0.006469466177540554,0.010729622193608125,0.010830167020889882,0.006534649613283655],[0.012297308298843708,1.3387373408940267E-4,2.0520263618351497E-4,0.0015758124624915774,8.133097773423872E-4,2.3790920465244475E-4,1.0186728778295188E-4,0.009806413244914424,2.87922200655841E-4,1.2712884023150938E-4,0.0016169492047200485,0.0011976125845982561,1.1188191597602808E-4,8.319809717921563E-5,3.503574891772368E-4,1.0,8.897105818712742E-4,0.012882933502125174,1.1600627974339483E-4,3.6336703272447034E-4,1.1055450265314491E-4,6.620352507165153E-5,8.376310546166146E-5,1.1028612800675111E-4,0.0035634007030691563,2.16347207003085E-4,0.007918268242320947,5.100833793306647E-5,0.02910937350176672,0.0022687596141971697,3.088716816035309E-4,6.516318172922846E-4,5.297064884685037E-4,9.024524035509242E-4,4.5050471286700984E-4,3.733871751696072E-5,0.003706674002881993,1.1582732872902017E-4,3.0868159879751927E-4,1.358320055955557E-4,3.48650503083089E-4,0.001913530058524083,6.54117874221716E-5,0.021408451809090675,1.3070024507317357E-4,8.675823614601392E-5,0.0010113223910900853,0.013929482689301593,0.001036919464581104,4.9906787520932865E-5,0.002011524863277214,1.3420834160361993E-4,0.0016161148163464996,1.5287697668468813E-4,0.002901432894886051,0.0015392514149213342,0.008195797814617154,1.1338022126964478E-4],[0.005964826832344751,3.9694880736440834E-4,5.590567139540438E-4,0.002003102530724312,0.001553874001716568,0.0010696267507884342,3.3339179988173625E-4,0.013863461660548741,3.885841081217115E-4,2.571974172447805E-4,0.011185052855464558,0.0016715681512304251,1.611487617428379E-4,2.8492051322242005E-4,0.004175888864606492,8.897105818712742E-4,1.0,0.0015436677115029799,6.683890544407269E-4,7.430610932699382E-4,5.090060408118125E-4,9.507791230546933E-4,4.997091894844141E-4,9.915361405202672E-4,0.003972569335330124,0.0012436720290580812,0.008914226588322909,8.713292371806386E-4,0.026313684884746873,0.0027657871319972443,0.001327479684867723,0.0010902680344313644,8.565097318844224E-4,0.0013621420025980567,0.001729486867333705,2.444163429761727E-4,0.007550740109388474,4.049593738619148E-4,9.382150216322956E-4,2.9657972700840546E-4,0.0013660679366095,0.0018503231573746195,4.3333996811252905E-5,0.013129602482497258,2.3686448793074167E-4,1.9849849650540013E-4,0.001419354065310889,0.011891035345107482,0.0013568874623494137,5.383810801129255E-4,0.001704312116649301,0.001133334956370789,0.0011690198748075392,9.108431658257225E-4,0.002959374291905581,0.0010961095171413908,0.003399983492265442,3.288512889916452E-4],[0.021100719338797865,0.005200835019468394,0.01770650189221652,0.014822557730483864,0.006370013060660701,0.011529110651953,0.0030468438230282302,0.018772753050915417,0.009838280981318741,0.004152556937327036,0.01663106905744585,0.0024696477590406885,0.0012777266729092076,0.001314055257753085,0.019675904216944554,0.012882933502125174,0.0015436677115029799,1.0,0.01647729680724146,0.010663067060826991,0.00799653310842548,7.920556241964785E-4,0.0038303686158011737,0.007626007782524726,0.010086000407469185,0.010473537031918275,0.01915229430232811,0.010431414984813184,0.04811640108142578,0.015358016188685158,0.015080156193303126,0.009047397977720608,0.017970890149201585,0.010418384210339528,0.014604813551463845,0.004591752762030397,0.013802514733775967,0.0018570253283838197,0.0039071150923562,0.0127096624159526,0.011268360856897908,0.01852517242645397,6.850928987259258E-4,0.022941995637533186,0.014178790476733283,0.014385838765015065,0.01722323952775827,0.021521386399036804,0.010186199593739882,0.01685818158329005,0.016031129172613484,0.008055216391228815,0.019280891972753053,0.004636733040266752,0.01948603391682747,0.0029434001541574894,0.01834431756004579,0.0017856434562099053],[0.010666902782524093,1.2391751935748893E-4,4.5204634363629347E-4,0.0018932236867095303,0.0021828204210028817,2.236587654216517E-4,9.365194683976094E-5,0.0018812753787902506,1.907454591086977E-4,1.270523836052652E-4,0.005366520577994401,0.001084787237284017,1.2178939959076436E-4,9.96640388689887E-5,0.0013329308068046179,1.1600627974339483E-4,6.683890544407269E-4,0.01647729680724146,1.0,2.434424210411045E-4,1.1322848480053343E-4,8.336498445112844E-5,1.0207586960287634E-4,1.21268136356008E-4,0.002932097623736303,8.700270668871524E-4,9.705539636945196E-4,7.048782667831577E-5,0.0019815322676462357,0.004613733042496113,0.0011685712449973564,2.6569437796008675E-4,1.7303996872945537E-4,3.689343990841159E-4,4.0297882160184354E-4,1.1531136260232204E-4,0.006197535349454285,1.3515124574495332E-4,1.70110748646151E-4,1.9615817103881038E-4,5.394430858301604E-4,7.114440082417829E-4,4.339863315818524E-5,0.021532248942836306,1.2935291478010944E-4,4.395508420156577E-5,0.0011906979793485446,0.012949835999716733,0.0013217871742367032,1.0419988352446657E-4,0.0035548594916667243,0.0013352771069772883,5.583814342073115E-4,1.6867343283891569E-4,0.0011853736713846558,0.0015295395236302862,0.00718921833571697,1.2092971429015776E-4],[0.00690588821784598,2.696346751200945E-4,3.7360720023754527E-4,5.99311766771231E-4,0.0021801285569878442,7.311426732949063E-4,1.4706482960144876E-4,0.01437843787166365,3.1732996086755266E-4,2.208202594812582E-4,0.0045548722497003825,0.0014714197638795589,1.6619729465899125E-4,3.376850005847562E-4,0.008321266028475912,3.6336703272447034E-4,7.430610932699382E-4,0.010663067060826991,2.434424210411045E-4,1.0,2.9264668297971903E-4,8.21970767713649E-5,5.762358489968462E-5,2.4620741553381474E-4,0.003490803695585144,0.001002946508942582,0.015006211137030608,3.55238573179984E-4,0.005374137341767324,0.00118708587156169,0.001227670854585222,6.630496657422998E-4,6.079123994793972E-4,5.854807126565573E-4,4.703234642104421E-4,2.9701558819642297E-4,0.007520229581293905,2.0334483088196273E-4,4.5219182011797923E-4,3.146202886395496E-4,5.472913342014739E-4,0.0010363162000207229,2.524957332157904E-4,0.04017245954483995,3.5280081678197627E-4,3.009029132504639E-4,0.001566930136543429,0.016824122990214997,4.954035900498173E-4,1.7346458874567942E-4,0.0015330038208753844,5.766087279888651E-4,0.0013884213358502562,3.0117480960334495E-4,0.002398270485640325,9.313214639250563E-4,0.006197313928662523,1.4931766101942018E-4],[0.010184057735813927,1.3075717954258914E-4,1.7125125705814276E-4,9.124609059617337E-4,0.0010963329231772807,4.786926064047121E-4,5.8009068701446204E-5,0.013277863162022252,2.714234553855807E-4,1.248048400989956E-4,0.0026385978378646725,9.76249870380877E-4,1.1154587426182438E-4,5.471185030191586E-5,0.005226597011490063,1.1055450265314491E-4,5.090060408118125E-4,0.00799653310842548,1.1322848480053343E-4,2.9264668297971903E-4,1.0,9.325367814458986E-5,5.9699933918872615E-5,1.0525031427038188E-4,0.0013118056934920204,0.0013128057903149587,0.01457427690956012,5.904896498351839E-5,0.0048688432785228926,0.0034927306918395885,2.4221979466116538E-4,0.0019387646371486118,1.485444082880375E-4,1.802333159087809E-4,0.001676509157155239,1.598407970832422E-5,0.0037357212791234683,1.147289029210267E-4,5.516317805617042E-4,1.4555656308307818E-4,0.0016919486640895511,0.0021520440812327307,7.880933882581789E-5,0.0380468870985771,1.7413884033883113E-4,4.829190996745382E-5,3.1933652391869904E-4,0.0011469502088311875,0.0023911332977173297,6.926103247395511E-5,8.432874860046437E-4,5.322950063524852E-4,1.431110342783399E-4,2.1593785246104655E-4,0.005129384933104205,0.001657734082834513,0.0010935653920592357,1.1891034528282635E-4],[0.015840620106950077,8.790147779163534E-5,3.641404099285584E-4,0.0013221570924494672,0.0012681267907726378,1.9639275078152136E-4,2.61843002378058E-5,0.00934501246409886,4.039154410355121E-5,1.1820584358118478E-4,0.007568504256736321,4.5986907098323417E-4,8.158938943495509E-5,1.4808252024401952E-5,0.003930088552324111,6.620352507165153E-5,9.507791230546933E-4,7.920556241964785E-4,8.336498445112844E-5,8.21970767713649E-5,9.325367814458986E-5,1.0,2.3983425151363276E-5,1.091919670492751E-4,0.0028208568523295477,2.1407702268219249E-4,0.005731601706019115,2.038537589465265E-5,0.038762801999227645,0.002177488031905467,4.578898020527698E-4,4.153965921190614E-4,1.1422985443594814E-4,5.658409649751885E-4,6.103818421013443E-4,2.296171049327069E-5,0.008737563369081623,5.06912460754074E-5,5.103607253404904E-4,2.674345824610733E-5,0.0017482940955686208,0.0016329879287433691,1.2020580231376074E-5,0.04425568152622846,1.3341252530072766E-4,2.6383791065853236E-5,0.001795996892485934,0.005104313005129676,9.318229036613369E-4,2.025584481499225E-5,0.002807554344745527,6.847158025162897E-4,3.897007061529405E-4,4.321369152284937E-5,0.0010518575965334984,0.0014554605240623714,9.446741226785113E-4,9.730907196774E-5],[0.008760103685102294,1.0300294054303301E-4,4.766903002555591E-4,0.0020457531009450834,0.0023549449999235145,8.516389952657672E-4,1.5363020868990528E-5,0.0024719479215592737,1.7985403376586086E-4,5.061312171601948E-5,0.009285538182259365,0.0013074625080359379,3.545356835508903E-5,1.195683814662487E-5,0.0034985599806402483,8.376310546166146E-5,4.997091894844141E-4,0.0038303686158011737,1.0207586960287634E-4,5.762358489968462E-5,5.9699933918872615E-5,2.3983425151363276E-5,1.0,1.0460419302140302E-4,0.003140573949347619,0.0014565737641979869,0.010297659735652435,1.4259688717514924E-5,0.03045072071220125,0.006873373494572747,0.0012431344799950208,3.2621626184305234E-4,1.610447401718593E-4,0.0010035138819794755,9.357311998527195E-4,1.1933784740217753E-5,0.008987941547540162,7.918030182751301E-5,1.069495535233853E-4,1.8934191361750927E-4,2.570383539204025E-4,0.0022299185290164942,1.1752137283347925E-5,0.03293108242046183,1.054423698401415E-4,1.6646171427861574E-5,0.001069647603245707,0.008213158120874047,2.608287216665231E-4,1.2679776124160452E-5,0.0015219139987359368,8.25779353576292E-4,8.958799276856166E-4,8.875879854578648E-5,0.00411986352877508,8.408112649624949E-4,0.006734707976393421,6.693731922663133E-5],[0.010173531226423272,1.1334641393986734E-4,4.898329432738429E-4,6.858556346849622E-4,4.7322388349543826E-4,1.5341805929855007E-4,9.760015740668225E-5,0.0051895285340754094,1.295176222439812E-4,1.3073885665802008E-4,0.011304679050119186,0.0013116003712230523,1.1308290399533403E-4,1.0916270904789857E-4,0.009938863242353406,1.1028612800675111E-4,9.915361405202672E-4,0.007626007782524726,1.21268136356008E-4,2.4620741553381474E-4,1.0525031427038188E-4,1.091919670492751E-4,1.0460419302140302E-4,1.0,0.0028162308408212194,0.0012330846508489721,0.0062392202803078205,9.26487765237995E-5,0.03848130441764709,0.003417991806239744,1.7338380464054993E-4,7.850088371357149E-4,5.340079831038761E-4,4.2668041788722653E-4,6.516769714865094E-4,6.581049490027813E-5,0.005992078061884305,1.1671778487125367E-4,5.678992178870304E-4,1.8736666298941538E-4,8.481962771951401E-4,4.135465095431174E-4,6.627829664167813E-5,0.02531247039756218,1.6109526155026326E-4,1.0910492560949815E-4,5.256228597603181E-4,0.0056085980439579035,0.0016683076877049368,5.064543007569996E-5,0.002137499458468378,3.8929921221839207E-4,0.0011376893857473211,1.4667148455175613E-4,0.002125404810558537,5.511519620378323E-4,0.002915444245187379,1.1434452470035539E-4],[0.012511778382292983,0.0048530442337255545,0.0024198570975100843,0.004271357281258306,0.004329824966659558,0.0015335441696128667,7.495833185653385E-4,0.005310089801068553,0.001700688476196574,0.0016655618204945552,0.011132734647359373,0.0033410324154717667,0.0025520190665786185,0.001721367383679451,0.00994416356123131,0.0035634007030691563,0.003972569335330124,0.010086000407469185,0.002932097623736303,0.003490803695585144,0.0013118056934920204,0.0028208568523295477,0.003140573949347619,0.0028162308408212194,1.0,0.0034306539388728194,0.014814021734840116,4.559434072145709E-4,0.008230616928585111,0.005588436840447715,0.003990349165973432,0.004566310552492622,0.00293806503607782,0.0028988119942574076,0.004012837452970062,0.002497968550999153,0.009945867023829458,0.001400480574388078,0.0020950113751174457,0.0026207674550174035,0.0032618670251002325,0.0048091196027184304,0.004542708214134706,0.01908065241016218,0.003835503000794013,6.872957828634936E-5,0.004909661239894732,0.005749991320352237,0.003830816402541394,0.0037528239820539045,0.004222230297890043,0.002027038058169024,0.003070594301844711,0.0014132580412845024,0.005052127129329042,0.0032916485055171332,0.009550369130372285,0.004439425185599077],[0.017213871747249792,5.905542188366197E-4,0.001023476166649074,0.0023044716259321223,0.0026891944628405283,0.0013760669578851711,1.0242178167155837E-4,0.014741124616533395,0.0010713928093355808,9.37356211630436E-4,0.006049044838375332,0.0016873869274198411,0.001450282178738587,1.5275244976526047E-4,0.0026699387876421253,2.16347207003085E-4,0.0012436720290580812,0.010473537031918275,8.700270668871524E-4,0.001002946508942582,0.0013128057903149587,2.1407702268219249E-4,0.0014565737641979869,0.0012330846508489721,0.0034306539388728194,1.0,0.0028516935475539434,9.596169196352611E-4,0.03150523362350124,0.00706438736230485,0.0014484601603035835,0.001728887669806372,0.001282697620345206,0.0014963927967027082,0.0018041848803508334,0.0010362526750300988,0.0028686891610026927,7.954236350298182E-4,9.278930678392114E-4,3.590474360137448E-4,0.0015597467764739607,0.0022952811413058803,0.0013520393056296936,0.03162042927458475,0.0010095816542370242,4.7459073020770663E-4,0.0015199548502737306,0.01480474042551104,0.0017564871384505268,0.0013874291675869145,0.002275693389038598,0.0014154849914995364,0.0015705372311721833,0.0012046906178284267,0.002687640696142996,0.0016098731544094017,0.005389440491005427,1.2789821401530013E-4],[0.019456524819525135,0.004329141189159401,0.0047618452355726445,0.009673757657593223,0.016535818240227786,0.018134076689107964,0.008383166182655635,0.015764560099584955,0.017589956626188112,0.010017929629543744,0.01477094000315318,0.004082235888118905,0.013681087265232074,0.013126344578482902,0.012688670520781754,0.007918268242320947,0.008914226588322909,0.01915229430232811,9.705539636945196E-4,0.015006211137030608,0.01457427690956012,0.005731601706019115,0.010297659735652435,0.0062392202803078205,0.014814021734840116,0.0028516935475539434,1.0,0.015255841692059745,0.03621788297336864,0.00921599722119832,0.009403289560157188,0.009388369212423546,0.003221700728104821,0.005910501935543672,0.01656809326963454,0.004955398510419567,0.017221092820172205,0.012376490230121233,0.002138880634571249,0.012674967174620097,0.006469954322985753,0.00627512261347895,0.006907564674072608,0.027793606747943313,0.005901733906644926,0.005624252297966821,0.0173961204720089,0.02148340941816179,0.006485749248751624,0.014500692798226718,0.009932329267333378,0.0164442993009423,0.013768060248145385,0.005800147210886437,0.0063848338798928005,0.01557151870493058,0.01226310921862932,0.004301522259899479],[0.004047814386674295,1.1021012799731695E-4,3.3142507994143503E-4,0.0020122611679696126,0.0018074966135017126,8.252155990190934E-4,4.58911030656477E-5,0.004696225949292617,8.85256620351477E-5,3.9813065526373356E-5,0.0018599145039240445,7.123520099517309E-4,1.0710586390585205E-4,1.7304909968094452E-5,0.007574996594332077,5.100833793306647E-5,8.713292371806386E-4,0.010431414984813184,7.048782667831577E-5,3.55238573179984E-4,5.904896498351839E-5,2.038537589465265E-5,1.4259688717514924E-5,9.26487765237995E-5,4.559434072145709E-4,9.596169196352611E-4,0.015255841692059745,1.0,0.021530723971009535,5.296883637767954E-4,5.656189712082765E-4,7.861340228436945E-4,7.143992488894938E-5,8.044228046204808E-4,8.202897660397279E-4,1.6618596537645306E-5,0.002840889714891895,8.462103245552541E-5,4.8243336999086064E-4,1.619115407433369E-4,0.001515107013883733,0.001870397239861753,1.0617828661376009E-5,0.04791631321320386,6.65086941199059E-5,2.70127092271922E-5,5.061458686592237E-4,0.014764965479098578,6.314577304569269E-4,1.9380125794116542E-5,0.003159152631620613,3.51317662065629E-4,5.257189888834122E-4,1.8841641708643254E-4,0.0032017541954047993,3.373979796389984E-5,0.0053067867577564045,7.52947947859815E-5],[0.029938591367410873,0.0036402477871067826,0.016088321345159157,0.0074965254664114914,0.024824963867835448,0.01610539557836366,0.009032024449827005,0.04489285071669034,0.04072594405098063,0.015584699563832412,0.03112732506023952,0.023951779347116425,0.017125464431862577,0.007203671600452024,0.04912742390307397,0.02910937350176672,0.026313684884746873,0.04811640108142578,0.0019815322676462357,0.005374137341767324,0.0048688432785228926,0.038762801999227645,0.03045072071220125,0.03848130441764709,0.008230616928585111,0.03150523362350124,0.03621788297336864,0.021530723971009535,1.0,0.043977839010610024,0.0424946424394965,0.03416334188250015,0.0234208577904578,0.014385013137709604,0.007829941919913257,0.0070006837280501555,0.031627831699497545,0.042169589363718424,0.031021440379962517,0.02256286861353973,0.039506440103725185,0.033421433478876585,0.0012508486363093946,0.05117481775650611,0.04854309528717591,0.03999451457825927,0.049437126996780024,0.03335275099294093,0.03280782625755517,0.024151650416607086,0.00458530904553874,0.035699040934507036,0.03951152856746813,0.022884261372849556,0.01878826952498515,0.02867574268077574,0.0447468172740047,0.02184174555974496],[0.015886747341629648,7.296768448989069E-4,0.005170244535929293,0.006053375247412483,0.005999443259187432,0.003271238977525163,2.649064919710066E-4,0.008876947839627685,4.465846560309525E-4,0.005066627310607369,0.011293715520642495,0.004310107223640239,0.007393805842955621,0.0061379178098898346,0.010469710942759001,0.0022687596141971697,0.0027657871319972443,0.015358016188685158,0.004613733042496113,0.00118708587156169,0.0034927306918395885,0.002177488031905467,0.006873373494572747,0.003417991806239744,0.005588436840447715,0.00706438736230485,0.00921599722119832,5.296883637767954E-4,0.043977839010610024,1.0,0.007549244879637055,0.0030195905666150916,0.0015548767725711977,0.0014465780526543735,0.007142220876780649,0.0040311877535904,0.008312376577589275,0.0027031941283398183,0.006544836961149029,0.0019322174966635152,0.006768226664320073,0.005459240766567645,0.002706345862279784,0.027246406947040284,0.003882041280884417,0.0019210507580871635,0.0058328213102266935,0.017268613803299724,0.004387380419308509,0.006288174245364819,0.005210299946687808,0.004334709222831565,0.00677651920263918,0.007512183599980606,0.0057781204752434525,0.0018271311379730992,0.007766010174201878,0.0024816364746730706],[0.016642032391890195,0.001355001057003979,9.468246498036074E-4,0.0017033740564116192,0.0023146059628850893,0.0010502757873285605,8.917188049458455E-4,0.013024815267595854,0.0010861632011890637,6.081383709559891E-4,0.0030133268820770618,0.0014242872853055953,1.6582788355929803E-4,7.40690384681126E-4,0.004797710760078057,3.088716816035309E-4,0.001327479684867723,0.015080156193303126,0.0011685712449973564,0.001227670854585222,2.4221979466116538E-4,4.578898020527698E-4,0.0012431344799950208,1.7338380464054993E-4,0.003990349165973432,0.0014484601603035835,0.009403289560157188,5.656189712082765E-4,0.0424946424394965,0.007549244879637055,1.0,0.0015730606253897645,0.0011080085180750865,0.0013734375542060362,0.0018947109032253075,0.0010141664152202815,0.004295982941054812,9.072141316754882E-4,0.0013218681793445808,0.0010008108296158836,0.0016767928212283508,0.0016495263952122096,8.349045964437878E-4,0.031999161325114864,4.7152927749490926E-4,0.0011044697838374262,0.0014818183804026213,0.008012810163742085,0.0019989134508391006,3.628954779131825E-4,0.001877108384545242,0.0013861772891206234,0.0014048941859100231,9.032703314160702E-4,0.0018339050237084018,0.0015816549686768066,0.002270289016415552,3.181672767596382E-4],[0.003613695526799609,0.0010954164109359104,6.50537497959581E-4,0.0022644625561912914,0.002612064900914905,0.001465890035336767,0.0018654467010797194,0.00811488723537823,0.0014377605235700865,0.0018992688674641805,0.0052947864285363255,0.00200302325553496,6.337035927743131E-4,3.1317436054791557E-4,0.003949956072813142,6.516318172922846E-4,0.0010902680344313644,0.009047397977720608,2.6569437796008675E-4,6.630496657422998E-4,0.0019387646371486118,4.153965921190614E-4,3.2621626184305234E-4,7.850088371357149E-4,0.004566310552492622,0.001728887669806372,0.009388369212423546,7.861340228436945E-4,0.03416334188250015,0.0030195905666150916,0.0015730606253897645,1.0,0.0012843390205132146,0.0016360254279493061,0.0019439762572092839,9.001606876794358E-5,0.005019481739123739,0.0012143060044683763,9.449879711239081E-4,0.0012670396317478669,0.0018486215149484024,0.0021407149609065238,8.817896504323204E-4,0.006218358219757847,0.0014209067512267874,0.0019117776025893642,0.001969120870942753,0.012963454177634816,0.002387243180378048,4.0155251317979814E-4,0.003309427353908526,0.0018379279742237768,0.0018978466599971595,7.691577143857096E-4,0.0034112493946067577,0.0018920708707468822,0.008850072969193237,0.0017208904606131092],[0.010276922021982288,5.755239326542235E-4,5.390885881757446E-4,0.0019914966457599092,0.0023891846813118866,8.310126878161455E-4,6.745882366785617E-5,0.008738125355461352,4.780628369035174E-4,5.407082276953747E-4,0.01176767256705585,0.0013855177715905863,2.2309815520987417E-4,1.8186777250754426E-4,0.008272952129240889,5.297064884685037E-4,8.565097318844224E-4,0.017970890149201585,1.7303996872945537E-4,6.079123994793972E-4,1.485444082880375E-4,1.1422985443594814E-4,1.610447401718593E-4,5.340079831038761E-4,0.00293806503607782,0.001282697620345206,0.003221700728104821,7.143992488894938E-5,0.0234208577904578,0.0015548767725711977,0.0011080085180750865,0.0012843390205132146,1.0,8.384203734673767E-4,0.001052962794551034,3.420299913089791E-4,0.0033233507182630273,4.126215027617264E-4,6.173032941512546E-4,4.4857132356719955E-4,0.001029190895819624,0.001902483961193031,4.8450031739537904E-4,0.031092757376586826,5.680769347425023E-4,2.519489518137854E-4,0.0010302331159397194,0.0026786774842189063,0.0017340569622882273,5.246831284493965E-4,0.0018424556038821776,7.5369330955