[[1.0,0.0018447316685663898,0.0018928603261151363,3.9573949516237767E-4,0.014166692479209039,2.4911013562390927E-4,0.00967123642507716,1.5328418359180675E-4,2.951131615030636E-4,2.8198023592472304E-4,6.880791942439952E-4,2.2989447433160824E-4,0.011995790019786276,0.002255076800639583,9.395420379114928E-4,1.5091071031876174E-4,0.003129897651982833,1.9586276874658962E-4,2.70358845705031E-4,2.123807419589865E-4,2.6109614148303064E-4,0.032050316035872634,5.289480514266042E-4,0.002755534189829866,2.6831396195278474E-4,0.012648717947560869,2.735537079293415E-4,7.267750210177088E-4,0.009836437135462695,2.028774218294884E-4,0.013405144452992025,2.997980288683008E-4,0.002617489368389503,3.3347811606342857E-4,2.5006784088836857E-4,3.04945763205166E-4,1.8690767176788908E-4,2.9181924276346496E-5,0.009715584777852348,0.006024473423399962,3.2559364436339543E-4,0.013372034184662594,2.1482353217492216E-4,3.092262895881335E-4,3.1279635329189986E-4,1.0951778007213322E-4,2.9618984047763685E-4,3.691178206332393E-4,2.976640618299941E-4,2.693344654657885E-4,1.5618171360744457E-4,2.061515100545863E-4,0.018558333158656494,1.795175625524086E-4],[0.0018447316685663898,1.0,0.0027841492501099333,0.0018137113357265112,0.0141349827169768,8.818867495457871E-4,0.017204015226661963,2.7898193760906735E-4,0.0011649357193395232,0.001488154247224562,0.0013332428336762369,9.427276319252237E-4,0.00688211294057516,0.002439560624895024,0.0011634931128620084,0.0010289965915820012,0.002926816387788524,5.199471138436921E-4,0.0016694574040427926,3.029992272187291E-4,9.910624176861747E-4,0.028957313734315808,0.0018092421702678232,0.004703630560113183,3.376764579664352E-4,0.008853231025141253,3.963253254375344E-4,0.0013787197884385872,0.010550262726699696,4.526004818161495E-4,0.025221879600431093,0.001432031443743323,0.0032810376177946476,0.001783020552753563,2.4014186335386537E-4,9.624682220531764E-4,8.608327656308954E-4,1.6926045197834517E-4,0.007486667144273559,0.006062129107809036,9.716596571108279E-4,0.03994568455990329,0.0017123620602137815,0.0018738744390499656,0.0015112716905493911,0.0017750773939808088,0.0014955044781089215,0.0015946262908107588,0.001041051745675354,0.001364131974819532,0.001138141179158527,4.2470863953197007E-4,0.015547154724019862,0.001029634575531063],[0.0018928603261151363,0.0027841492501099333,1.0,0.0017637517508717142,0.014321017799455379,8.441681427088584E-4,0.014709811938366063,2.3830501831556712E-4,0.0035088239089823142,0.004121369806513804,0.0015416675870026449,0.00417053697438527,0.011660347220396711,0.0032449387313597273,0.0014840537182119371,0.0029090635058113745,0.003655525156989704,0.0012790524543602202,4.1993982856468564E-4,0.0025248845635146185,0.0034177975709098,0.013766533348306747,0.0033528125532734745,0.005242187313593901,2.741846230843801E-4,0.009981018838947107,0.0027813123266468725,0.0022411790629473043,0.010080675635153207,0.0018801191739766208,0.01453389249972124,0.0037509143359046974,0.00429709012747805,0.002787696511423702,0.003671888580783092,0.003797801280315414,0.0011416458136907454,0.0012521814871673238,0.014491670162760905,0.0075037331151074325,0.00113381139502271,0.07024588787252331,0.0029909690147547617,0.0020788109079621334,0.0015013157069781492,9.025024932381531E-4,0.0029231600481229502,0.001670816916655187,0.00394673491940978,0.002225007594547068,9.859026029131832E-4,0.0012242260420950778,0.01833549125039472,0.002269595995551861],[3.9573949516237767E-4,0.0018137113357265112,0.0017637517508717142,1.0,0.009822670376791982,3.0515731875701456E-4,0.00551788968186072,1.3981094557633525E-4,1.8922649490085247E-4,4.4788485733944885E-4,6.331649891901347E-4,3.3868267445701176E-4,0.009056938454794697,0.0023270643803107913,6.039918563648867E-4,1.527554818143822E-4,0.0022600228287544947,3.910005390715326E-4,4.976790545904294E-4,6.764263755437338E-5,5.239105371542274E-4,0.022596846912156743,0.001084625583759418,0.0010174780315911805,3.323652423337626E-4,0.002826167069135784,5.070603953297462E-4,6.785312736520748E-4,0.00777410489243997,3.5669723134001616E-4,0.022976647946741393,2.1544665185921504E-4,0.004695295938444365,4.93970891190874E-4,2.2846038660712044E-4,3.9166833635353944E-4,2.0339008885515217E-4,1.8874569570308844E-4,0.016506128846146592,0.0054991617350425796,3.467779992391693E-4,0.004441144352139901,4.1847672507197326E-4,0.001153912347780718,4.0315653231211724E-4,3.90917748055901E-4,4.362630623241522E-4,6.533415231851766E-4,3.669914537825197E-4,2.7192124987062305E-4,5.325113497992781E-4,1.504692492925616E-4,0.004778029865330651,2.1936664350732238E-4],[0.014166692479209039,0.0141349827169768,0.014321017799455379,0.009822670376791982,1.0,0.0049883610223765565,0.016396130364773706,0.009941637838436778,0.008348979997093341,0.007819030633617502,0.0023899160078357864,0.008321107989497414,0.019426160885100154,0.010237088236424666,0.011228988158856769,0.0014848587311971399,0.012505932075851732,0.010491277514952121,0.014086285207324054,0.0030507004228752226,0.0032481194457529253,0.03717858484807804,0.0025970779854294036,0.00924639490061615,0.005622327147187251,0.01634469763560446,0.011256174311870256,0.0019991140660367964,0.015496188839353227,0.008607743667898337,0.018234721769224808,0.00726199948133152,0.015898153113410293,0.014892206188395525,0.015925659640400304,0.011159911065469954,5.753680116763313E-4,0.0036946225424743157,0.01705468313993342,0.012177787942338395,0.00728716420000727,0.03802175368008246,0.015668431688471176,0.011770148209445207,0.007588718451579126,0.0022336458945812453,0.006578481637644774,0.008723299332672383,0.005064814727981075,0.007671196807142223,0.01272528327146496,0.015018391126356757,0.02206024751369976,0.002604461946121862],[2.4911013562390927E-4,8.818867495457871E-4,8.441681427088584E-4,3.0515731875701456E-4,0.0049883610223765565,1.0,6.978973133760387E-4,1.3231606326422011E-4,2.08443689743832E-4,2.3426482759098465E-4,6.414334746831635E-4,2.08954408373111E-4,0.01715718206536601,0.0018944530110174133,6.890728496199243E-4,1.8964461999225002E-4,0.002430295761988342,1.3332139274544507E-4,2.4175498715052466E-4,1.9246707842012937E-4,2.264277182814846E-4,0.009841361206666024,2.8013951943840873E-4,0.00227509246631372,2.2855460271477182E-4,0.001686370864674059,2.2163829414286232E-4,4.307004215556245E-4,0.006656788014164455,7.973918003462E-5,3.167422434341123E-4,2.0763991999480765E-4,0.0054167404143404835,2.854876208030743E-4,1.4397460545335973E-4,3.005510716753216E-4,1.5728810599929528E-4,5.343889402157197E-5,0.016240695872321756,0.004910996878003529,2.528631788335772E-4,0.04489802255649323,2.2362711645935307E-4,0.0012428766151513888,2.755875568794229E-4,1.8948794873402608E-4,6.432821405416679E-5,5.982372491877038E-4,2.417217946712177E-4,1.897941830398678E-4,1.3160345574465544E-4,5.499045861304108E-5,4.714271257906667E-4,1.5334854677140762E-4],[0.00967123642507716,0.017204015226661963,0.014709811938366063,0.00551788968186072,0.016396130364773706,6.978973133760387E-4,1.0,0.008214912954441071,0.008465944487279166,0.013282330196418361,0.004187656417101622,0.007974832961349626,0.01938841405922896,0.012063719731592124,0.01640109477464751,0.015053488871057771,0.003500746621811012,1.5743230044128813E-4,0.0017290953104507742,0.005626419961306269,0.01814401373847046,0.037055215085706444,0.007489380334242473,0.008432789961672633,0.013879742072575212,0.017369668736297937,0.00608269895060826,0.008005265918284897,0.012520662341433607,0.005981053803184221,0.0238528427785197,0.015227171803554419,0.008299502180612336,0.007621576134956086,2.1474876897334026E-4,0.014040859762757719,0.007055694585920934,0.014990713100614549,0.023285229958610824,0.011216250673867247,0.0052472774452424036,0.03481214914093524,0.015595999425597447,0.002939873374529487,0.00964247228422803,0.01200200313848642,0.008266302827140085,0.003365945051908772,0.011213162083668526,0.0178390327331011,0.0014851064036981146,0.009047797723984459,0.018558877903221638,0.0172578600673028],[1.5328418359180675E-4,2.7898193760906735E-4,2.3830501831556712E-4,1.3981094557633525E-4,0.009941637838436778,1.3231606326422011E-4,0.008214912954441071,1.0,1.3947634616513852E-4,1.5883675541494109E-4,9.631558540672188E-4,1.021190007595948E-4,0.01400875125157111,0.001503075868057968,8.795360037760729E-4,3.235556161052975E-5,0.00137281641717015,2.0406172674015834E-5,8.635800607668365E-5,2.703774976825028E-5,2.248502662652734E-4,0.021239525768422775,0.0010400104955248766,0.005001094192340286,1.3953057316175448E-4,0.011591476427965049,1.5772870704456357E-4,1.8718384176084088E-4,0.005932929196165857,2.5175210428988852E-5,0.01861515498372506,2.8867475855859372E-5,0.003577361395871814,1.1689502859526022E-4,3.989568165575537E-5,2.4879861243993443E-4,1.7470993625211515E-5,1.506853172100125E-5,0.012570580285948842,0.0055533498365373316,1.9207892817216157E-4,0.008239245266746553,2.1150067219885695E-4,0.0016028299006465064,1.680250406143099E-4,5.274817176666067E-5,2.576917669240801E-5,6.58441425551434E-4,2.0406292443375337E-4,1.090208184890067E-4,4.454336564092998E-5,2.027702558456094E-5,0.011072976699562318,5.14551879112474E-5],[2.951131615030636E-4,0.0011649357193395232,0.0035088239089823142,1.8922649490085247E-4,0.008348979997093341,2.08443689743832E-4,0.008465944487279166,1.3947634616513852E-4,1.0,1.9947001045475228E-4,0.0010098285505942893,1.9249805215355623E-4,0.006213501180559916,0.0013286757449955538,4.894655536611989E-4,1.5996179733854027E-4,0.001444187360937904,1.7654937042647898E-4,2.475603680569965E-4,4.793773732919825E-5,2.1246062742590475E-4,0.012658240953253028,5.876382771500785E-4,0.0010842529729390323,1.9779347011374782E-4,0.014514734334127916,2.030473825872267E-4,4.1552830482790713E-4,0.007823507164192582,4.014306218840727E-5,0.014795294438150532,1.7820584210706135E-4,0.0014259628181689224,2.0075490932889873E-4,1.4564294425318993E-4,2.5122833085096163E-4,7.196536791342819E-5,5.876823571979731E-5,0.00457935773599778,2.698726681192568E-4,3.244899842851589E-4,0.05126097720825049,2.0885026565583257E-4,3.0659379944227044E-4,1.9179731490450686E-4,1.57844493928775E-4,8.950528724983017E-5,0.0014767917843707592,2.504759559965961E-4,1.7845604918731515E-4,1.8643687695024642E-4,5.7843069523416546E-5,0.019585711194572905,1.3438964942307616E-4],[2.8198023592472304E-4,0.001488154247224562,0.004121369806513804,4.4788485733944885E-4,0.007819030633617502,2.3426482759098465E-4,0.013282330196418361,1.5883675541494109E-4,1.9947001045475228E-4,1.0,7.15602548279274E-4,2.3809093523299775E-4,0.014823248482264297,0.0011522960772327498,6.252137660157578E-4,1.7529557630481188E-4,8.375618307839288E-4,2.429136347111507E-4,2.4335807094826728E-4,5.5869595550387383E-5,2.3200757072715033E-4,0.02475966906101429,0.0011196043638035838,0.004105232947072198,2.4017881540978745E-4,0.010562035198839028,2.3946715981579953E-4,6.46980902422349E-4,0.008010178460108023,2.405925674258551E-4,0.005802189373028731,1.6633826066515405E-4,0.0053891406533795394,2.997734934651114E-4,2.2967785734524896E-4,2.930923518693737E-4,8.995254409104176E-5,1.1719018204320795E-4,0.02104652579085086,0.006365797351135942,3.114598813501919E-4,0.02310565092000931,2.2161050527911162E-4,5.248191604150207E-4,2.4368073809762718E-4,2.1372235454589358E-4,5.08491886673003E-5,0.0012610612611040376,2.4369439190714652E-4,2.3905761659966844E-4,1.888558015382908E-4,2.3823731932099624E-4,0.009098757464376436,1.5245069519490505E-4],[6.880791942439952E-4,0.0013332428336762369,0.0015416675870026449,6.331649891901347E-4,0.0023899160078357864,6.414334746831635E-4,0.004187656417101622,9.631558540672188E-4,0.0010098285505942893,7.15602548279274E-4,1.0,0.0010144225408242236,0.0021737413023193344,0.0018889473913962773,0.0010902993736953354,4.136232715598228E-4,0.0026312317750404857,7.565750957074117E-4,8.379850594890472E-4,3.5254342491073114E-4,3.8077612059632865E-4,0.029744910958532246,0.0011179879901827097,0.003044600869695575,7.382095322773746E-4,0.014696390091741755,9.715688041978734E-4,8.400421059509501E-4,0.004843580328122944,5.713814975475391E-4,0.01789482921237077,5.743383575260092E-4,0.0040096123379064555,8.198025491594351E-4,5.169125301558502E-4,3.255114533155025E-4,6.511587291573824E-5,9.569385699984225E-4,0.022499415718433502,0.00136409609462007,3.5569344212586107E-4,0.032227825136224506,2.514806674414417E-4,0.0018038254304540342,9.932658304510212E-4,6.672343250467574E-4,7.972773134345015E-4,0.0012369781805531231,6.988366006109826E-4,1.868089475551876E-4,4.6824656969684245E-4,7.928271279764594E-4,0.013207549720763687,6.017447109723409E-4],[2.2989447433160824E-4,9.427276319252237E-4,0.00417053697438527,3.3868267445701176E-4,0.008321107989497414,2.08954408373111E-4,0.007974832961349626,1.021190007595948E-4,1.9249805215355623E-4,2.3809093523299775E-4,0.0010144225408242236,1.0,0.004163785843025829,0.0013559086696574977,4.205548771553934E-4,1.2398305738082246E-4,0.001415745415250896,2.0217348285789203E-4,2.04007260287092E-4,1.3196277216538237E-4,2.1596548585630341E-4,0.016283549786121405,8.986197808666294E-4,0.006475771566087985,2.2580333741744116E-4,0.0022363303987598675,2.1461213777283414E-4,7.194151510897615E-4,0.007984961051139508,1.400915881104135E-4,0.006303971817681307,2.006901915013373E-4,0.003764798941490784,2.2260820798444817E-4,1.1113245064979795E-4,2.474789947175096E-4,2.7601259513362462E-5,6.181612282420211E-5,0.020334009836037545,3.602990240606568E-4,2.1596959706976471E-4,0.06193869709725542,2.135520084757927E-4,0.0013055891038759667,2.9006025792578855E-4,2.0161991862481852E-4,1.214311487488667E-4,2.1925347080777968E-4,2.0504551296842964E-4,1.4013622133175825E-4,1.4865323622456405E-4,1.1642306456085576E-4,0.01905671928670554,1.7428211586196726E-4],[0.011995790019786276,0.00688211294057516,0.011660347220396711,0.009056938454794697,0.019426160885100154,0.01715718206536601,0.01938841405922896,0.01400875125157111,0.006213501180559916,0.014823248482264297,0.0021737413023193344,0.004163785843025829,1.0,0.012472863519315515,0.017291426751437626,0.001195195548470601,0.005260416426537812,0.004802231565440671,0.005135340875945057,0.016692058567408942,0.01852237862136088,0.040512639681565314,0.008233123065856641,0.01713385638293184,0.0029341190154168985,0.016604521998991466,0.005881835651437469,0.01975275091951272,0.01908139494238014,0.008294080879938761,0.02160710841857557,0.018041907248010268,0.01593311490198623,0.0026858391089703676,0.011726964441427096,0.005306130520633972,0.008317993440127503,0.004290177095690835,0.020177143808664883,0.013431367233385706,0.014494938830605505,0.043463209392252185,0.007835473212460465,0.014526533081245557,0.004076549299055812,0.0028331367933564686,0.004769423305979063,0.0022448031540598943,0.0184194033784807,0.0046543130548822925,0.005889175036054505,0.007026721678869553,0.02014435217234158,0.005885438545149393],[0.002255076800639583,0.002439560624895024,0.0032449387313597273,0.0023270643803107913,0.010237088236424666,0.0018944530110174133,0.012063719731592124,0.001503075868057968,0.0013286757449955538,0.0011522960772327498,0.0018889473913962773,0.0013559086696574977,0.012472863519315515,1.0,0.0021284332336521748,0.0025513071585056358,0.002846436820566939,0.0024093687525520353,0.0024752111377280596,5.164971271131604E-4,0.0021961811864979618,0.025427571087050273,0.002582718639011425,0.003966483564606236,0.0024744840991814494,0.008211650840760105,4.526678887021776E-4,0.0015017257270881616,0.005053050498302692,8.504336492956792E-5,0.0053870626897644415,9.033199424959506E-4,0.004576902493345773,9.851947621078725E-4,3.7130097080229307E-4,0.0010999141099164774,0.0017480216361898413,5.611318201756693E-4,0.018828712044415618,0.0030412971851575383,0.0025438222581329294,0.04122745776874913,2.941081964894857E-4,0.002493644091937352,0.00238364038671185,0.0011008417843884181,0.0019671512945074565,0.0021132673854400734,0.002424747212200621,6.489042686787811E-4,0.002475747773804755,0.0019718264854325616,0.01975639990880329,0.0013166250044967275],[9.395420379114928E-4,0.0011634931128620084,0.0014840537182119371,6.039918563648867E-4,0.011228988158856769,6.890728496199243E-4,0.01640109477464751,8.795360037760729E-4,4.894655536611989E-4,6.252137660157578E-4,0.0010902993736953354,4.205548771553934E-4,0.017291426751437626,0.0021284332336521748,1.0,6.689262699391844E-4,0.0025593762584977834,9.078529424729082E-5,2.7391203006888305E-4,1.2878437519537543E-4,3.079269950406363E-4,0.0011679467613922698,0.0011148175593019825,0.007280196320333087,9.77821677439308E-4,0.013391119220140874,8.341946640588255E-4,7.613348332066354E-4,0.008759965060076008,9.095711068308292E-4,0.021034497999745796,5.312653793140155E-4,0.00402259887993235,7.354748500088649E-4,2.73205064916992E-4,0.0010700805769980294,9.255903640029629E-4,7.624415734973193E-5,0.02170498043516974,0.007848916659616874,4.6046157581975257E-4,0.010346884599304497,8.88036334454542E-4,0.0014489507368987968,8.01853862953737E-4,8.786703776854282E-4,6.076761224471807E-4,0.0013616044805198255,7.776452385289924E-4,0.0011084757939808527,4.8654320765308915E-4,0.0010871885725183999,0.013096899592540123,3.7524636513896093E-4],[1.5091071031876174E-4,0.0010289965915820012,0.0029090635058113745,1.527554818143822E-4,0.0014848587311971399,1.8964461999225002E-4,0.015053488871057771,3.235556161052975E-5,1.5996179733854027E-4,1.7529557630481188E-4,4.136232715598228E-4,1.2398305738082246E-4,0.001195195548470601,0.0025513071585056358,6.689262699391844E-4,1.0,0.0020395128303307914,4.307144611321095E-5,1.4140262045418304E-4,8.54028506228895E-5,1.1603385221544626E-4,0.03767949459056532,0.0012114234883391576,0.007747390844923388,2.007388134335744E-4,0.013407492326383138,1.5636922237900834E-4,2.895296807077605E-4,0.003448302663095955,6.520556384708508E-5,0.015851131133244267,1.1565970841208678E-4,0.0016195059366143673,2.3431568883557996E-4,1.081326603747597E-4,3.0977185318005354E-4,7.325187626406381E-5,1.1014122832647677E-4,0.004705968618316128,0.0020562916089697895,2.3480070604324287E-4,0.029952524052030745,1.1534673939021628E-4,0.0014604223584705714,2.097707397050263E-4,7.893329035649876E-5,2.078526207415342E-5,8.353112685979893E-4,2.0707112901312906E-4,1.1489156312510097E-4,1.0792959338977113E-4,7.960468699986324E-5,0.014638765204444047,1.0700977940242223E-4],[0.003129897651982833,0.002926816387788524,0.003655525156989704,0.0022600228287544947,0.012505932075851732,0.002430295761988342,0.003500746621811012,0.00137281641717015,0.001444187360937904,8.375618307839288E-4,0.0026312317750404857,0.001415745415250896,0.005260416426537812,0.002846436820566939,0.0025593762584977834,0.0020395128303307914,1.0,1.8629970921766752E-4,5.478438677879812E-4,2.3203606278656712E-4,0.0010559767231856968,0.02369787306553864,0.0019827127144224506,0.008040523520885766,0.0019178125614429124,0.009866483350099303,0.0019504820574469397,0.0025859678502782747,0.004725747442467409,0.0017330508674909635,0.03027953906986064,0.002048985678415475,0.0056200043480573066,0.0016887620643098796,0.002972406947444012,9.921010939872032E-4,0.0032103627182524116,0.0013494985567962703,0.012883684941423808,0.004818947267258103,0.0018311419517616904,0.06733499581983565,0.002206454189331338,0.0028339324711624168,0.0022893313383059635,0.0015362490006442246,0.0015467306294203232,0.002786826462487514,0.001572339598809544,5.542633012056193E-4,0.0013893717214378861,6.354916924884241E-5,0.010592755994884878,3.314897918133172E-4],[1.9586276874658962E-4,5.199471138436921E-4,0.0012790524543602202,3.910005390715326E-4,0.010491277514952121,1.3332139274544507E-4,1.5743230044128813E-4,2.0406172674015834E-5,1.7654937042647898E-4,2.429136347111507E-4,7.565750957074117E-4,2.0217348285789203E-4,0.004802231565440671,0.0024093687525520353,9.078529424729082E-5,4.307144611321095E-5,1.8629970921766752E-4,1.0,5.5717115140482186E-5,1.4277147490818757E-5,1.4471939189489544E-4,0.04248374856674989,2.8223245024032426E-5,0.003404117319612943,1.0852162109221058E-4,3.566785278374789E-5,1.6277501001512215E-4,1.8117339391915662E-4,0.00975785254723164,2.395514299008122E-5,0.005750030414121918,3.778052827561764E-5,0.005225400914568928,2.3861242212912357E-4,6.863687093674462E-5,2.3793738484345032E-4,1.1238316973998916E-5,1.1369363425068733E-5,0.003932300466945534,0.009858037476516894,1.3843984875805922E-4,0.03853962022965932,5.1299251585543906E-5,0.001340193287808739,2.064664536302346E-4,4.9745688601874894E-5,1.0702123038118636E-5,1.4605643011992585E-4,4.119542699205906E-5,2.5359634848698302E-5,3.239541310676974E-5,1.4194592976166123E-5,0.017027738641099358,1.6651674131606396E-5],[2.70358845705031E-4,0.0016694574040427926,4.1993982856468564E-4,4.976790545904294E-4,0.014086285207324054,2.4175498715052466E-4,0.0017290953104507742,8.635800607668365E-5,2.475603680569965E-4,2.4335807094826728E-4,8.379850594890472E-4,2.04007260287092E-4,0.005135340875945057,0.0024752111377280596,2.7391203006888305E-4,1.4140262045418304E-4,5.478438677879812E-4,5.5717115140482186E-5,1.0,5.695365255655139E-5,2.4794044880539073E-4,0.029207492706032234,9.556381607184832E-4,0.00677828788794594,2.4578127528783337E-4,5.082973491132331E-4,2.2691151897864342E-4,6.615630408795173E-4,0.0016691988044158534,6.0643779495956194E-5,0.009824564281182469,2.0208931389342408E-4,0.0015706738389521032,3.011701541837015E-4,1.2416020116560027E-4,2.7730885521642744E-4,1.2013170279027054E-4,1.065930124771693E-4,0.018417985882465234,0.003945494704808472,2.6855703518654486E-4,0.06042998275930633,2.3948346463374193E-4,4.2849809044136883E-4,2.831097428495118E-4,2.088196799375138E-4,1.8008388263628285E-4,6.71711437492097E-4,2.5225462925455736E-4,1.2165973152475055E-4,1.6794768954139251E-4,1.9028046206933074E-4,0.00837081184630281,1.495423840381231E-4],[2.123807419589865E-4,3.029992272187291E-4,0.0025248845635146185,6.764263755437338E-5,0.0030507004228752226,1.9246707842012937E-4,0.005626419961306269,2.703774976825028E-5,4.793773732919825E-5,5.5869595550387383E-5,3.5254342491073114E-4,1.3196277216538237E-4,0.016692058567408942,5.164971271131604E-4,1.2878437519537543E-4,8.54028506228895E-5,2.3203606278656712E-4,1.4277147490818757E-5,5.695365255655139E-5,1.0,6.394945874604966E-5,0.005402002965627341,4.153933686659896E-5,0.005459048127925908,2.2021878544178867E-4,0.012838038760950918,1.3556662207163555E-4,5.715378010258368E-4,0.0025894880162346803,2.0690784718063533E-5,0.00608265279359045,7.636145258152725E-5,0.0019043510948903311,1.0319110087578659E-4,8.356322158613506E-5,5.516543321021151E-5,1.57391055785991E-5,1.1762759463476616E-5,0.020753631475276386,0.002588801439598636,1.884788121204059E-4,0.05542021264124913,1.8672845089880104E-4,6.279500508283595E-4,5.317786045602683E-5,5.3608493494562725E-5,1.2711905876266707E-5,2.0327971481676522E-4,8.007962629823557E-5,5.9066634211084576E-5,6.907354464679012E-5,1.540581269272368E-5,0.010424919698283528,2.9316713689545066E-5],[2.6109614148303064E-4,9.910624176861747E-4,0.0034177975709098,5.239105371542274E-4,0.0032481194457529253,2.264277182814846E-4,0.01814401373847046,2.248502662652734E-4,2.1246062742590475E-4,2.3200757072715033E-4,3.8077612059632865E-4,2.1596548585630341E-4,0.01852237862136088,0.0021961811864979618,3.079269950406363E-4,1.1603385221544626E-4,0.0010559767231856968,1.4471939189489544E-4,2.4794044880539073E-4,6.394945874604966E-5,1.0,0.03607443586770796,2.299981333797137E-4,0.007316066036439323,2.347882934709425E-4,0.0030451796666348847,2.24479661026574E-4,4.618655671130694E-4,0.011609511356580135,7.25336607479456E-5,0.020743087900419482,1.491628956636841E-4,0.002931388547898118,3.0844944278579493E-4,2.1308771182303057E-4,2.812326478353966E-4,1.4114263940511178E-4,1.9787401108038472E-5,0.006984468417371689,0.0075783614224872375,2.886185211771815E-4,0.02318270176107246,2.1622298977987285E-4,0.0011613029445920564,3.267327613818144E-4,1.0852998704718664E-4,6.164940564321533E-5,4.7607756478899085E-4,2.4996773963913875E-4,1.7405718896615778E-4,2.232239140300137E-4,3.444998180654914E-5,0.018111052423189406,2.2451154367775943E-4],[0.032050316035872634,0.028957313734315808,0.013766533348306747,0.022596846912156743,0.03717858484807804,0.009841361206666024,0.037055215085706444,0.021239525768422775,0.012658240953253028,0.02475966906101429,0.029744910958532246,0.016283549786121405,0.040512639681565314,0.025427571087050273,0.0011679467613922698,0.03767949459056532,0.02369787306553864,0.04248374856674989,0.029207492706032234,0.005402002965627341,0.03607443586770796,1.0,0.031561134237891406,0.013921364973185893,0.02016108473725279,0.016674379480417494,0.036468487720781366,0.0372079706043684,0.027439250134350217,0.03575196383056062,0.042441659273714176,0.03311628944286195,0.013279041715087227,0.02448422324941912,0.001212534068419529,0.02950924889973428,0.01763310518466264,0.0032437120396415376,0.03430496369012219,0.011647299809790445,0.03304833352161886,0.04555778463500006,0.02771048835495694,0.041492420887866796,0.0191028909741542,0.026788242356788092,0.011989582459884534,0.03410377365763738,0.025283150601372737,0.02451946593680773,0.03945237071357637,0.02150997989384634,0.027512847300168387,0.025966462554810135],[5.289480514266042E-4,0.0018092421702678232,0.0033528125532734745,0.001084625583759418,0.0025970779854294036,2.8013951943840873E-4,0.007489380334242473,0.0010400104955248766,5.876382771500785E-4,0.0011196043638035838,0.0011179879901827097,8.986197808666294E-4,0.008233123065856641,0.002582718639011425,0.0011148175593019825,0.0012114234883391576,0.0019827127144224506,2.8223245024032426E-5,9.556381607184832E-4,4.153933686659896E-5,2.299981333797137E-4,0.031561134237891406,1.0,0.006093576504712966,0.0012500675942772044,0.012617237062051298,0.0012188883783100484,9.308332425531415E-4,0.011431447235664534,0.0012191816462928811,0.014187112229439768,0.0011786907358537584,0.004911560931682855,0.0012495679126733102,9.283030653833732E-4,9.989780017479332E-4,3.4931061220608105E-4,0.0012630222635263905,0.004032503873247023,0.004799611563435357,0.0011778682291439587,0.025690392339286557,4.924478694749522E-4,0.0017565919575634784,4.2456788129044534E-4,5.88639022035592E-4,8.568662290680187E-4,0.0013362172596631525,4.2319092162707234E-4,0.001056857503548015,5.110388151811757E-4,4.3488900373910624E-4,0.021605251497096432,2.460552781915218E-4],[0.002755534189829866,0.004703630560113183,0.005242187313593901,0.0010174780315911805,0.00924639490061615,0.00227509246631372,0.008432789961672633,0.005001094192340286,0.0010842529729390323,0.004105232947072198,0.003044600869695575,0.006475771566087985,0.01713385638293184,0.003966483564606236,0.007280196320333087,0.007747390844923388,0.008040523520885766,0.003404117319612943,0.00677828788794594,0.005459048127925908,0.007316066036439323,0.013921364973185893,0.006093576504712966,1.0,0.004298160097968611,0.01577100189408243,0.004566743991163942,0.0024754655702687303,0.010877070724549028,0.0047739154144827226,0.016299813145827874,0.003398781322793039,0.00800092962888542,0.0033169281078400887,0.0030965765880779225,0.003286548902485896,0.0034977256367177173,0.0042632456410859575,0.012549115317257453,0.00884695290932026,0.0057156029381319725,0.02567323550325342,9.295009893357906E-4,0.005765165458973602,0.002609863863666077,0.007159076845874999,0.0070028257724000925,0.002517184221539028,0.007778494403101099,0.0056011108657176185,0.007142669470185723,0.0061394061110379445,0.02176408068810325,6.120622642111569E-4],[2.6831396195278474E-4,3.376764579664352E-4,2.741846230843801E-4,3.323652423337626E-4,0.005622327147187251,2.2855460271477182E-4,0.013879742072575212,1.3953057316175448E-4,1.9779347011374782E-4,2.4017881540978745E-4,7.382095322773746E-4,2.2580333741744116E-4,0.0029341190154168985,0.0024744840991814494,9.77821677439308E-4,2.007388134335744E-4,0.0019178125614429124,1.0852162109221058E-4,2.4578127528783337E-4,2.2021878544178867E-4,2.347882934709425E-4,0.02016108473725279,0.0012500675942772044,0.004298160097968611,1.0,0.001512561882377009,2.1852052989105477E-4,5.547139346590399E-4,0.009985375588709504,2.5930452703469554E-5,0.017019870317721432,2.319263168319883E-4,0.0010701080130654083,3.3107244991416275E-4,1.0866513171273407E-4,2.4091695201331495E-4,2.1781885287209206E-4,8.123245648336665E-5,0.0196492564759848,0.004090104946728426,2.9964469800323004E-4,0.006763841114905152,2.1734195207435083E-4,7.642411796226632E-4,3.364142447700457E-4,2.1947851276597584E-4,1.7480091955398333E-4,9.255326760376232E-4,2.5141798227239687E-4,2.2955278648005784E-4,1.5605220722202605E-4,9.86652112318085E-5,0.021542145020921357,2.302732274864017E-4],[0.012648717947560869,0.008853231025141253,0.009981018838947107,0.002826167069135784,0.01634469763560446,0.001686370864674059,0.017369668736297937,0.011591476427965049,0.014514734334127916,0.010562035198839028,0.014696390091741755,0.0022363303987598675,0.016604521998991466,0.008211650840760105,0.013391119220140874,0.013407492326383138,0.009866483350099303,3.566785278374789E-5,5.082973491132331E-4,0.012838038760950918,0.0030451796666348847,0.016674379480417494,0.012617237062051298,0.01577100189408243,0.001512561882377009,1.0,0.010558687084704473,0.013249238249792268,0.013120926767646826,0.0050778720526944866,0.017385440848741534,0.013366006159453016,0.011535407090871374,0.009321857510132942,0.012630661922112823,0.0035422503341363677,0.01012020537939202,0.013102506484450473,0.019214242609396456,0.01231949317062448,0.015405759572482244,0.052941189063076925,0.006213694758574864,0.007996712365439959,0.013127005760461677,0.008708543474669504,0.003802347289804134,0.008162195290900863,0.013182210522909445,0.00465027860489809,0.004271506916062126,0.003320696839621932,0.01841239579901667,0.008125793700294719],[2.735537079293415E-4,3.963253254375344E-4,0.0027813123266468725,5.070603953297462E-4,0.011256174311870256,2.2163829414286232E-4,0.00608269895060826,1.5772870704456357E-4,2.030473825872267E-4,2.3946715981579953E-4,9.715688041978734E-4,2.1461213777283414E-4,0.005881835651437469,4.526678887021776E-4,8.341946640588255E-4,1.5636922237900834E-4,0.0019504820574469397,1.6277501001512215E-4,2.2691151897864342E-4,1.3556662207163555E-4,2.24479661026574E-4,0.036468487720781366,0.0012188883783100484,0.004566743991163942,2.1852052989105477E-4,0.010558687084704473,1.0,6.585317078469142E-4,0.0022225684847579567,3.9419546470441235E-5,0.008455451073501367,2.1362708978729005E-4,0.0034311718977115485,2.4091714734619056E-4,2.1709878198740434E-4,2.270197910204118E-4,2.0598906284955857E-4,1.6048180105143577E-4,0.024401557987854233,4.1770053075324985E-4,3.2779309411603484E-4,0.03399354013238656,2.1511675749175292E-4,0.0016242591002921013,2.463315715994829E-4,9.971737634729245E-5,4.4580453593211694E-5,8.23280472431727E-4,2.512206513313208E-4,1.7450752027021275E-4,1.8831736390515305E-4,5.768832355784184E-5,0.014769054659556526,1.3167116789702076E-4],[7.267750210177088E-4,0.0013787197884385872,0.0022411790629473043,6.785312736520748E-4,0.0019991140660367964,4.307004215556245E-4,0.008005265918284897,1.8718384176084088E-4,4.1552830482790713E-4,6.46980902422349E-4,8.400421059509501E-4,7.194151510897615E-4,0.01975275091951272,0.0015017257270881616,7.613348332066354E-4,2.895296807077605E-4,0.0025859678502782747,1.8117339391915662E-4,6.615630408795173E-4,5.715378010258368E-4,4.618655671130694E-4,0.0372079706043684,9.308332425531415E-4,0.0024754655702687303,5.547139346590399E-4,0.013249238249792268,6.585317078469142E-4,1.0,0.008080261166005047,1.0900538253003997E-4,0.02194394456629752,5.686336128625662E-4,0.003268739059576936,5.932040241752917E-4,1.9777944936278242E-4,3.653287252860717E-4,2.58307699168874E-4,5.075949124561261E-4,0.013575092336354387,0.0026806081586716658,5.019105922398012E-4,0.03540484535115732,2.544819819794103E-4,0.0012847950048508797,4.097555050627751E-4,3.5942029039859124E-4,7.198514938691552E-4,9.838914503212841E-4,4.0075960227383236E-4,4.328974558354166E-4,4.2920256051486196E-4,6.190790336969303E-4,0.02063400601285016,6.89404098322522E-4],[0.009836437135462695,0.010550262726699696,0.010080675635153207,0.00777410489243997,0.015496188839353227,0.006656788014164455,0.012520662341433607,0.005932929196165857,0.007823507164192582,0.008010178460108023,0.004843580328122944,0.007984961051139508,0.01908139494238014,0.005053050498302692,0.008759965060076008,0.003448302663095955,0.004725747442467409,0.00975785254723164,0.0016691988044158534,0.0025894880162346803,0.011609511356580135,0.027439250134350217,0.011431447235664534,0.010877070724549028,0.009985375588709504,0.013120926767646826,0.0022225684847579567,0.008080261166005047,1.0,0.010569288157463882,0.018128262088971614,0.005874682622491096,0.0101915860337826,0.011526362517509678,0.003090560168714067,0.006462683307205255,0.0062364751442557905,0.011121419447606699,0.0191521035690927,0.011478223483591824,0.0033903707105010154,0.01684350984429229,5.989255968195471E-4,0.010878397374031793,0.0016482993462179538,0.011442298706178855,0.0035093579903881338,0.003724815663100391,0.01070369030764752,0.00191469303716106,0.006410437410581262,0.0022626940815682842,0.01618029656213986,0.011143928458254845],[2.028774218294884E-4,4.526004818161495E-4,0.0018801191739766208,3.5669723134001616E-4,0.008607743667898337,7.973918003462E-5,0.005981053803184221,2.5175210428988852E-5,4.014306218840727E-5,2.405925674258551E-4,5.713814975475391E-4,1.400915881104135E-4,0.008294080879938761,8.504336492956792E-5,9.095711068308292E-4,6.520556384708508E-5,0.0017330508674909635,2.395514299008122E-5,6.0643779495956194E-5,2.0690784718063533E-5,7.25336607479456E-5,0.03575196383056062,0.0012191816462928811,0.0047739154144827226,2.5930452703469554E-5,0.0050778720526944866,3.9419546470441235E-5,1.0900538253003997E-4,0.010569288157463882,1.0,0.009664452428826237,8.45727747577261E-5,6.853561829317239E-4,2.6035492309824635E-4,8.133471408510309E-5,1.6009098634820889E-4,1.786105274696421E-5,2.398409299920053E-5,0.021730178320313605,0.008256737000276407,1.36369726588559E-4,0.04776140748938318,2.0660650113954148E-4,0.0011227385477184833,1.7807579769210587E-4,2.8461329347877025E-5,2.2180251839465136E-5,0.0015088432273872656,1.8820743555006408E-4,7.628563854918642E-5,5.255348053445294E-5,1.8665338958307757E-5,0.015067060098144736,3.280268994805294E-5],[0.013405144452992025,0.025221879600431093,0.01453389249972124,0.022976647946741393,0.018234721769224808,3.167422434341123E-4,0.0238528427785197,0.01861515498372506,0.014795294438150532,0.005802189373028731,0.01789482921237077,0.006303971817681307,0.02160710841857557,0.0053870626897644415,0.021034497999745796,0.015851131133244267,0.03027953906986064,0.005750030414121918,0.009824564281182469,0.00608265279359045,0.020743087900419482,0.042441659273714176,0.014187112229439768,0.016299813145827874,0.017019870317721432,0.017385440848741534,0.008455451073501367,0.02194394456629752,0.018128262088971614,0.009664452428826237,1.0,0.002215495768004066,0.008893470659080173,0.026780801756735337,0.021067138840517013,0.026538476863052534,0.013658816463656586,0.005358631587249883,0.027216518437679943,0.013289005473191536,0.024103519741847813,0.039792962984116484,0.00720200028567577,0.028527881271305473,0.029573012471881006,0.028173164587803147,0.023123279992361228,0.012356406874845509,0.013745696496109088,3.1249785687527805E-4,3.0166586518117736E-4,0.005118826669483503,0.029914975402059812,0.006510010486923874],[2.997980288683008E-4,0.001432031443743323,0.0037509143359046974,2.1544665185921504E-4,0.00726199948133152,2.0763991999480765E-4,0.015227171803554419,2.8867475855859372E-5,1.7820584210706135E-4,1.6633826066515405E-4,5.743383575260092E-4,2.006901915013373E-4,0.018041907248010268,9.033199424959506E-4,5.312653793140155E-4,1.1565970841208678E-4,0.002048985678415475,3.778052827561764E-5,2.0208931389342408E-4,7.636145258152725E-5,1.491628956636841E-4,0.03311628944286195,0.0011786907358537584,0.003398781322793039,2.319263168319883E-4,0.013366006159453016,2.1362708978729005E-4,5.686336128625662E-4,0.005874682622491096,8.45727747577261E-5,0.002215495768004066,1.0,0.0022737096881771134,2.1934043677060373E-4,1.1712078136997406E-4,2.717527494768687E-4,1.0438377878245444E-4,6.40350281514391E-5,0.018634635187850163,0.0012699694045402116,3.1675115100478305E-4,0.004870962860503102,1.9190814288376566E-4,0.0013627685272119983,3.1063857552062797E-4,8.239224245072941E-5,1.597645509015442E-5,5.157659645848641E-4,1.4841204244019486E-4,1.186223973789906E-4,1.185538173076473E-4,1.0227873928045958E-4,9.001847970985566E-4,1.1017559090293255E-4],[0.002617489368389503,0.0032810376177946476,0.00429709012747805,0.004695295938444365,0.015898153113410293,0.0054167404143404835,0.008299502180612336,0.003577361395871814,0.0014259628181689224,0.0053891406533795394,0.0040096123379064555,0.003764798941490784,0.01593311490198623,0.004576902493345773,0.00402259887993235,0.0016195059366143673,0.0056200043480573066,0.005225400914568928,0.0015706738389521032,0.0019043510948903311,0.002931388547898118,0.013279041715087227,0.004911560931682855,0.00800092962888542,0.0010701080130654083,0.011535407090871374,0.0034311718977115485,0.003268739059576936,0.0101915860337826,6.853561829317239E-4,0.008893470659080173,0.0022737096881771134,1.0,0.00436090883333499,0.00455404130644964,0.00396366000691984,0.0010368794203211521,0.002401105055762712,0.012806685812097372,0.008596576099375504,0.001557100146604584,0.06503337216602705,0.0011688223360989693,0.004285739155261285,0.004110956647874049,0.00472227740216725,0.0048062482612758,0.0024322957318843154,0.005618150838734648,0.004519155486981941,0.004978268679921519,0.002273091559414721,0.014747174549013425,0.004631804687557672],[3.3347811606342857E-4,0.001783020552753563,0.002787696511423702,4.93970891190874E-4,0.014892206188395525,2.854876208030743E-4,0.007621576134956086,1.1689502859526022E-4,2.0075490932889873E-4,2.997734934651114E-4,8.198025491594351E-4,2.2260820798444817E-4,0.0026858391089703676,9.851947621078725E-4,7.354748500088649E-4,2.3431568883557996E-4,0.0016887620643098796,2.3861242212912357E-4,3.011701541837015E-4,1.0319110087578659E-4,3.0844944278579493E-4,0.02448422324941912,0.0012495679126733102,0.0033169281078400887,3.3107244991416275E-4,0.009321857510132942,2.4091714734619056E-4,5.932040241752917E-4,0.011526362517509678,2.6035492309824635E-4,0.026780801756735337,2.1934043677060373E-4,0.00436090883333499,1.0,2.49563318543849E-4,3.276051519543472E-4,2.835962505612671E-4,1.8811528457126928E-4,0.018729016192769427,0.008435115775021885,3.395740905770705E-4,0.06166780235541342,2.194588117910828E-4,0.0010184521262485739,3.402826047225654E-4,3.2735465856448113E-4,1.8111409741727527E-4,0.0012155280186831935,2.912240912586268E-4,2.883054818722645E-4,3.337157916145491E-4,2.0323452671174643E-4,0.001400496925724002,2.2248609619139587E-4],[2.5006784088836857E-4,2.4014186335386537E-4,0.003671888580783092,2.2846038660712044E-4,0.015925659640400304,1.4397460545335973E-4,2.1474876897334026E-4,3.989568165575537E-5,1.4564294425318993E-4,2.2967785734524896E-4,5.169125301558502E-4,1.1113245064979795E-4,0.011726964441427096,3.7130097080229307E-4,2.73205064916992E-4,1.081326603747597E-4,0.002972406947444012,6.863687093674462E-5,1.2416020116560027E-4,8.356322158613506E-5,2.1308771182303057E-4,0.001212534068419529,9.283030653833732E-4,0.0030965765880779225,1.0866513171273407E-4,0.012630661922112823,2.1709878198740434E-4,1.9777944936278242E-4,0.003090560168714067,8.133471408510309E-5,0.021067138840517013,1.1712078136997406E-4,0.00455404130644964,2.49563318543849E-4,1.0,1.1321375250684456E-4,4.473256219398868E-5,3.3747335188195695E-5,0.00639079077936442,0.005454289722209309,1.7829290346913382E-4,0.0176792794014311,1.5381166638677674E-4,0.0015233908808463621,1.9090651448438372E-4,8.710482540679907E-5,5.055505495077696E-5,7.24647222048132E-4,2.1767522074605557E-4,1.1019070679443595E-4,1.050737876888948E-4,3.91174947247374E-5,0.015374914984338678,1.0185769107802007E-4],[3.04945763205166E-4,9.624682220531764E-4,0.003797801280315414,3.9166833635353944E-4,0.011159911065469954,3.005510716753216E-4,0.014040859762757719,2.4879861243993443E-4,2.5122833085096163E-4,2.930923518693737E-4,3.255114533155025E-4,2.474789947175096E-4,0.005306130520633972,0.0010999141099164774,0.0010700805769980294,3.0977185318005354E-4,9.921010939872032E-4,2.3793738484345032E-4,2.7730885521642744E-4