[[1.0,0.001051971949452782,0.002511748989037334,0.0014655559927049943,8.970779928161097E-4,0.0012717572013679172,8.310834243523094E-4,0.0015989491056013169,0.005292279252316854,9.80158877313193E-4,1.580685740488904E-4,0.0011073803247064245,5.740471389164177E-4,6.45892913010472E-4,9.264580018249977E-4,8.804860226460037E-4,3.9825281637632405E-4,7.317641481132074E-4,0.023709002748986113,0.0012829285489136942,9.127961042285895E-4,1.984824771784631E-4,0.001174528755915448,6.918495844419515E-4,0.008710839669006301,0.012980874055226289,0.002428963130573619,8.373022246503912E-4,0.002016455374011147,0.0010459777567292086,0.0010175937141758398,6.940777007695747E-4,8.777622217986474E-4,0.0012309845295795188,0.00135351063282731,9.602235835190875E-4,0.002082289803301593,0.0034515185781987924,0.021201640855688177,1.6731953567530918E-4,0.010230914153058447,8.224927906954214E-4,8.95580498646281E-4,0.0010096396041344262,8.832710582550214E-4,6.872843333716866E-4],[0.001051971949452782,1.0,0.0032365992702234024,0.0015035006186474732,5.564053678692696E-4,0.0016569463439764997,7.461642302418113E-4,0.0016791412622132402,0.0041590600982351926,9.473285060396942E-4,1.8112139985470844E-4,0.002065795871757415,7.584660959386098E-4,0.0010462966588780384,6.12827269448258E-4,9.692275776864249E-4,3.211890274079758E-4,3.1418032542457824E-4,0.016993854849901374,0.0018466796472416148,3.328282509858998E-4,9.61873235145394E-5,0.0011405403550947292,8.361244743417559E-4,0.00829288985780116,0.007376292022652241,0.0025623117277311785,9.311014993574919E-4,0.004279373497680375,0.0012054585351288312,0.001049583121365626,6.832833753627925E-4,6.56398711215764E-4,0.0021415221526895284,0.002584612087436837,4.1949174450168494E-4,0.001730958152275279,0.012703347469720724,0.0030291566513227317,0.001001205263037981,0.0024416839629168704,7.735131963008638E-4,6.421464433777336E-4,0.0010136626072789641,3.8129985102770993E-4,5.885943088313754E-4],[0.002511748989037334,0.0032365992702234024,1.0,0.002483278439051265,0.0021292563586597464,0.0029945452459418827,0.0014611237884551492,0.0030175931806970127,0.005752323982631624,0.0013050113496979278,0.0031665898724243203,0.0024119476029963362,9.102364722486881E-4,0.0019081342419951983,0.0016223310049317053,0.0024678948183193125,0.0028362649848802297,3.937767622850166E-4,0.008022967445024901,0.003414928093157119,0.0017495574320333764,0.002250958485495985,0.0015217170355923027,0.0022796025896806116,0.011673146654132898,0.013728683861018094,0.0028128159367047947,0.0014345053106092707,0.00415388957302999,0.001922673115614935,0.003113452086494769,0.0010914475618739585,0.0020232667223438606,0.00313713030198247,0.003541958852998536,0.0018601408507728716,0.0035631209832602765,0.010537843229337191,0.022995231398609272,0.0014935674906981257,0.01731225584646411,0.0017027483574403289,0.002286477268597422,0.003237587679739126,0.0019359727450924023,0.0023271806190184887],[0.0014655559927049943,0.0015035006186474732,0.002483278439051265,1.0,1.1590026694759092E-4,0.0016891094359497948,9.031554189599632E-4,0.0017452026901284808,0.011451712822798719,0.001211196484018818,0.0012013328719825173,0.0017523381918518816,8.808052051148609E-4,0.0012223305594955022,0.0012570891196080152,0.0012482330588450058,0.0011024355755364307,7.455319170639146E-4,0.005725397660000832,0.0018207597631798567,5.229592176077026E-4,8.036396622425898E-4,0.0015692314457730037,1.5903596202797163E-4,0.01336701843636183,0.0016965076313599598,0.001802899312060494,9.003568818995167E-4,0.005863996772776039,0.0016298054395638914,0.0010852020541511228,0.0010687458897881835,0.0014214045228229276,0.0017967391436470486,0.00221226478101249,0.001516857971949238,0.0031801416096616454,0.005360227659803284,0.01711665133617041,6.065511044920531E-4,0.020496507593068064,5.664891197000219E-4,3.792406802875206E-4,0.001030198301472891,0.0012756070528398952,0.001670547728222894],[8.970779928161097E-4,5.564053678692696E-4,0.0021292563586597464,1.1590026694759092E-4,1.0,0.0015140563702938056,3.0465020592284345E-4,0.0021572951500619334,0.0018195644684715735,2.651664173863217E-4,3.521507819993846E-5,5.409953658814528E-4,7.247554270456655E-5,1.5169581714193347E-4,3.471859183688367E-4,1.5169738956885253E-4,1.0756408470390371E-4,6.931283449783415E-5,0.02048047738420675,0.0011121397555859942,2.2511681757191057E-4,9.936278449709072E-5,6.395383473026066E-4,8.603527669962354E-5,0.0041296924096869015,0.010596898185301984,0.0026015781344617826,1.7077461354348848E-4,4.624978785624661E-4,4.712147947694649E-4,2.3964931307265605E-4,3.668430951439171E-4,2.613869645881862E-4,0.0018339710494840098,3.841078025298994E-4,1.618272635671365E-4,0.0025832333153854156,0.013022223569333498,0.021320993904344325,8.570875797601416E-5,0.0015997471048728668,1.391182850151014E-4,1.0399106586888492E-4,2.8166632864733165E-4,2.4446438675159387E-4,1.0996617600797782E-4],[0.0012717572013679172,0.0016569463439764997,0.0029945452459418827,0.0016891094359497948,0.0015140563702938056,1.0,0.0013727655798246963,0.0020042641218771425,0.005766906364866273,0.0014143191995625159,4.777242964622806E-5,0.0021144093647514142,0.001037254520006009,0.0014436186165535984,0.00132265476302939,0.0016569499283517176,0.0016822437305873553,9.853349165713416E-4,0.008590594788722676,0.0017141260041526555,8.595279035683787E-4,0.0014820128355527893,0.0016952364920725977,0.0010501504961178128,0.012116423179233103,0.01629134230114491,0.0021736075167444837,0.0013516075811535742,0.00509587824132612,0.0016597645669768442,0.0016309011093218004,9.124580851454123E-4,6.173467419778556E-4,0.002239840132059107,0.002426986028083619,0.0015380705690468993,0.0027333156149990673,0.010249598546658705,0.012274532702206714,0.0011791246884885888,0.0064573492250069335,0.001663151189543956,0.0012430141865867536,0.001532591075331108,4.550119249196711E-4,0.0011402381831491753],[8.310834243523094E-4,7.461642302418113E-4,0.0014611237884551492,9.031554189599632E-4,3.0465020592284345E-4,0.0013727655798246963,1.0,0.0022746871580244165,0.005413932727306869,7.96109933851967E-4,3.953543752531781E-4,0.0020458502950677776,1.4175386363227566E-4,4.3928451818149214E-4,4.8651176734670063E-4,5.379089268715395E-4,5.062747703957873E-4,5.630314234523164E-4,0.024897994928311237,0.0010016540451061276,4.0339833252477124E-4,2.1771207749341918E-4,8.424119355389091E-4,3.155452373736934E-4,7.265544580337286E-4,0.013283274416979142,9.919547350167378E-4,5.158002988659017E-4,0.004182374390536933,9.502789303694134E-4,9.495195591795918E-4,4.283233741027167E-4,5.358477247130598E-4,0.002244823351677446,0.001540662188623967,4.630192263818893E-4,0.002424197348549915,0.011427922024295253,0.009001489468654115,3.99299608465073E-4,0.0022956796365150613,2.0225262697147266E-4,1.8113371665831222E-4,9.598509085068477E-4,6.719058271820386E-4,4.1173502396532824E-4],[0.0015989491056013169,0.0016791412622132402,0.0030175931806970127,0.0017452026901284808,0.0021572951500619334,0.0020042641218771425,0.0022746871580244165,1.0,0.00587196944451504,0.0014608809912184844,2.505740841332106E-4,0.00224242333756086,0.0017485028902237982,0.002238122851356957,0.0023265159770688047,0.0015531593780773803,0.001891928702514222,0.0010562518665428126,0.012786854253952387,0.002076714578047534,9.837323602897667E-4,0.0020853674450423483,0.0013822547488852187,0.0016862351604286603,0.00908335724413046,0.014626956290492307,0.0024586808613321107,0.0018394033870124161,0.004661324152341367,0.0015345922448830012,0.0021358756601317463,0.0015124572591290444,6.71148792266149E-4,0.0023547405601718366,0.0025169777448384853,7.779091934565886E-4,0.002623712661050797,0.002983393578909759,0.016302080965061295,0.0017270390845160566,0.02042293619481352,0.0017185227354662425,1.1757063109421167E-4,0.001716951289670718,6.285294278191254E-4,8.226527805403387E-4],[0.005292279252316854,0.0041590600982351926,0.005752323982631624,0.011451712822798719,0.0018195644684715735,0.005766906364866273,0.005413932727306869,0.00587196944451504,1.0,0.0038218995076772866,0.0032318157863859788,0.0053466047908596005,0.007393109490895727,0.008514823921188764,0.006682710328034689,0.007038927900785618,0.010200177607519966,0.005520856270159671,0.0363023546865751,0.003952188205057558,0.007105051642146091,0.0024535912798127283,0.0028096107734113347,0.0031577834799015447,0.012747606234452822,0.014338257885580788,0.00838062469606576,0.0012284872248337175,0.008595359253181417,0.00941612578249467,0.00653257089973059,0.011957147650970527,0.0077553628217828015,0.006383957959248562,0.009435264922331772,0.009664185406861786,0.01011130453577915,0.013054887487892998,0.012920949049815385,0.009294594099655216,0.016546541646730188,0.0010952656043560919,0.004270492022075671,0.007122418132714184,0.00530634452672374,0.0029233272558600912],[9.80158877313193E-4,9.473285060396942E-4,0.0013050113496979278,0.001211196484018818,2.651664173863217E-4,0.0014143191995625159,7.96109933851967E-4,0.0014608809912184844,0.0038218995076772866,1.0,5.156188232807669E-4,0.0012060845809117292,2.0441197060353292E-4,7.242320534341957E-4,6.88378713920986E-4,5.084454170263555E-4,3.955102261649554E-4,3.822605015215589E-4,0.03978802669980533,0.0013615134845342625,5.01672963473796E-4,4.74813762745364E-5,0.0013471992001714145,4.864895790935421E-4,0.013177180918829601,0.004134041256057565,0.0021881935879540515,7.460933883264259E-4,0.0015940491570378087,0.0010886063150261746,8.220912930343372E-4,6.459088704600015E-4,6.30397765207845E-4,0.0018809224204987566,0.00240180828849243,3.220481384604083E-4,0.0024376700908112377,0.012394106398308985,0.025109568286580744,4.7671055343489615E-4,0.025038150587749716,4.033854874449217E-4,5.698050523505714E-4,8.360463976860012E-4,7.574246536485933E-4,1.6764069531117017E-4],[1.580685740488904E-4,1.8112139985470844E-4,0.0031665898724243203,0.0012013328719825173,3.521507819993846E-5,4.777242964622806E-5,3.953543752531781E-4,2.505740841332106E-4,0.0032318157863859788,5.156188232807669E-4,1.0,0.0020966374303957825,1.2100014106482127E-5,2.5449794862132305E-4,7.428101888387525E-5,2.1652800103171985E-5,5.162290233477229E-5,1.2308491642291023E-5,0.03230271677683253,6.303843412492578E-4,8.29728777090789E-5,1.3244761299920949E-5,0.0011032903213064244,4.184698603142115E-5,0.007441993663112646,0.002174392125927125,7.817865688566436E-4,1.877412083703722E-4,0.005785481697412297,8.333152462040868E-4,3.936693795282606E-4,2.5889038060253284E-4,1.444690359105611E-4,3.36141499779106E-5,0.0023306270226933225,1.1522991108686055E-4,0.0015871831633466808,0.007940744919498173,0.008479778679299962,1.2833351385222178E-5,9.355349936576737E-4,2.579471951890131E-5,2.754053997255631E-5,6.519698535153377E-4,2.669197865497349E-4,9.244631948819202E-5],[0.0011073803247064245,0.002065795871757415,0.0024119476029963362,0.0017523381918518816,5.409953658814528E-4,0.0021144093647514142,0.0020458502950677776,0.00224242333756086,0.0053466047908596005,0.0012060845809117292,0.0020966374303957825,1.0,8.145937209017711E-4,0.0016886379972550296,0.0013688000013340818,0.0015845464907934188,0.0013701772383110135,0.0020660508402469578,0.019966265811115047,0.0018881697880783642,0.0014357299582845905,8.815392300226174E-4,0.0020098213244341126,0.0019481278942799082,0.015906988565088,0.00891303109403718,0.002563628695797626,0.0016648918187027902,0.006662049727216441,0.0015747943812396818,0.0011321430785150588,0.0010266074649685857,6.898771749518926E-4,0.0022590780658204345,0.0025797557468906183,4.509090616682961E-4,0.002415469924513138,0.010524784239792553,0.010781441450090655,0.00114363497794172,0.018436086454298724,0.0011982680903809594,4.0694315639731534E-4,0.0019482602170105053,0.0021214812910944924,0.0019182814837026669],[5.740471389164177E-4,7.584660959386098E-4,9.102364722486881E-4,8.808052051148609E-4,7.247554270456655E-5,0.001037254520006009,1.4175386363227566E-4,0.0017485028902237982,0.007393109490895727,2.0441197060353292E-4,1.2100014106482127E-5,8.145937209017711E-4,1.0,1.4167313952586353E-4,3.831171693177154E-5,2.4798125324093217E-4,7.430374046893969E-5,1.303771046675841E-5,0.026886446308036063,0.001179904238766646,2.5660035703563815E-4,1.2919332773250703E-5,4.2435119775907713E-4,1.3531425074722357E-5,0.0037855255516338546,0.011303825235576763,0.001127785846907717,1.0254143459929634E-4,0.005605609815390727,0.0013368554445640027,4.003618715089222E-4,2.782957898924439E-4,2.3555013262449635E-4,5.408325180684892E-4,5.292192826873828E-4,2.0550125130470494E-5,0.002334049220455463,0.008146240655602297,0.010930799381272322,1.2787511931670962E-5,8.567387401244103E-4,7.966009555900413E-5,3.77761312927428E-5,9.850521048741615E-5,2.5635823889768537E-4,4.545719890144705E-5],[6.45892913010472E-4,0.0010462966588780384,0.0019081342419951983,0.0012223305594955022,1.5169581714193347E-4,0.0014436186165535984,4.3928451818149214E-4,0.002238122851356957,0.008514823921188764,7.242320534341957E-4,2.5449794862132305E-4,0.0016886379972550296,1.4167313952586353E-4,1.0,3.1031703559710876E-4,2.9055649129924665E-4,2.1460740444386632E-4,1.564469879383203E-4,0.010998025062228549,0.0013758774326841244,3.0345647929906833E-4,2.9428129263822113E-4,6.13948671750832E-4,1.8980530815794128E-4,0.01219564703017924,0.007189608681625251,0.001873133317374531,2.445226222848151E-4,0.006545171475523894,5.830924151312737E-4,6.131754761402556E-4,3.147494071854658E-4,3.175348182772766E-4,4.295235242258047E-4,0.002007337418322059,2.7017134109299146E-4,0.002883121799437672,0.00594458975535945,0.024781820896873558,2.5587231815637525E-4,0.015241681269255234,2.1733851691982612E-4,1.5513043941586455E-4,5.54131790041636E-4,2.918725083322395E-4,2.8415194605923183E-4],[9.264580018249977E-4,6.12827269448258E-4,0.0016223310049317053,0.0012570891196080152,3.471859183688367E-4,0.00132265476302939,4.8651176734670063E-4,0.0023265159770688047,0.006682710328034689,6.88378713920986E-4,7.428101888387525E-5,0.0013688000013340818,3.831171693177154E-5,3.1031703559710876E-4,1.0,3.230730629785535E-4,3.951699627195339E-4,2.723563575498064E-4,0.01963049136864631,8.473467905312985E-4,3.5733209696329945E-4,2.5980779116025664E-4,0.0013419805921898215,1.1427609614876715E-4,0.01293660644116897,0.005963798992480628,9.27213107325156E-4,2.818929435919074E-4,0.0017272849822690009,8.792161702526063E-4,8.123665206083994E-4,4.265272582615185E-4,4.3409113169367533E-4,4.921823885238376E-4,0.0015164656758184494,4.510866881600544E-4,0.003168124105655444,0.008899608586857503,0.012650223316268592,3.2148424308111196E-4,0.009623212499043991,3.950774798971116E-4,2.396582374015167E-4,7.019341630545114E-4,4.7540029724685783E-4,4.2258623044099714E-4],[8.804860226460037E-4,9.692275776864249E-4,0.0024678948183193125,0.0012482330588450058,1.5169738956885253E-4,0.0016569499283517176,5.379089268715395E-4,0.0015531593780773803,0.007038927900785618,5.084454170263555E-4,2.1652800103171985E-5,0.0015845464907934188,2.4798125324093217E-4,2.9055649129924665E-4,3.230730629785535E-4,1.0,1.7057492809817643E-4,8.684173773072032E-5,0.014256975338293402,0.0011092157992955158,2.9058560073802866E-4,1.5013761110894175E-4,6.916076231119708E-4,2.2463594717185646E-4,0.003950806991187637,0.008106844541761547,0.0017876114470288008,2.8219209866703907E-4,0.005728836382155641,4.7592552673967963E-4,3.0813252650922166E-4,3.140849284494935E-4,3.237610379806981E-4,0.001445796806270552,3.264151214067023E-4,2.828666599599941E-4,3.8366329898322133E-4,0.003817156496233656,0.021838270843260812,6.823152009141368E-5,0.017722308792354417,2.7667925873440505E-4,2.5284174580777536E-4,3.6275388536569336E-4,2.844151870330662E-4,2.8765970432087257E-4],[3.9825281637632405E-4,3.211890274079758E-4,0.0028362649848802297,0.0011024355755364307,1.0756408470390371E-4,0.0016822437305873553,5.062747703957873E-4,0.001891928702514222,0.010200177607519966,3.955102261649554E-4,5.162290233477229E-5,0.0013701772383110135,7.430374046893969E-5,2.1460740444386632E-4,3.951699627195339E-4,1.7057492809817643E-4,1.0,5.6104306628289556E-5,3.8231262486935813E-4,2.0291687450848286E-4,1.9141190496577381E-4,9.925879122026654E-5,4.3241685116674817E-4,6.67748691606585E-5,0.007753790789400012,0.002736399007807373,0.0021068480148486207,1.3183834580581175E-4,0.007127187978825048,7.188384960391603E-4,1.4929797111067707E-4,1.9171905895488703E-4,3.0500788806991116E-4,5.313017110494724E-4,1.69890557264051E-4,1.5237290359947618E-4,8.213397074395842E-4,0.00967279467653486,0.02032116060628435,8.219289047175268E-5,0.02433227501331635,1.2545117408440027E-4,1.0828850654399221E-4,2.7332253316002665E-4,1.5147825862461123E-4,1.0977578012355852E-4],[7.317641481132074E-4,3.1418032542457824E-4,3.937767622850166E-4,7.455319170639146E-4,6.931283449783415E-5,9.853349165713416E-4,5.630314234523164E-4,0.0010562518665428126,0.005520856270159671,3.822605015215589E-4,1.2308491642291023E-5,0.0020660508402469578,1.303771046675841E-5,1.564469879383203E-4,2.723563575498064E-4,8.684173773072032E-5,5.6104306628289556E-5,1.0,0.03849517485188805,9.499183761032329E-4,1.3295020484267267E-4,1.3524659745554128E-5,0.001064851704279201,1.5866261995377274E-5,0.0020453342646251636,0.00804201967367236,2.081577520995979E-4,1.5028182804645976E-4,0.006070247469095409,9.534691716908789E-4,9.748935817814992E-4,2.707093775832865E-4,2.943672834166477E-4,0.0020991115935942678,0.0020480906510513134,1.1926527007633868E-4,0.0012638386857199025,0.0012079227634106907,0.021902712978251502,1.3602949046520605E-5,0.009722421734047882,2.1355025522964565E-5,7.219393122050874E-5,3.482350700927001E-4,9.301192424430047E-5,3.9886369789394354E-5],[0.023709002748986113,0.016993854849901374,0.008022967445024901,0.005725397660000832,0.02048047738420675,0.008590594788722676,0.024897994928311237,0.012786854253952387,0.0363023546865751,0.03978802669980533,0.03230271677683253,0.019966265811115047,0.026886446308036063,0.010998025062228549,0.01963049136864631,0.014256975338293402,3.8231262486935813E-4,0.03849517485188805,1.0,0.031576100939501354,0.03578501557647364,0.012435951341057731,0.0346203698581181,0.01972634238547107,0.03782424103663687,0.03593743494431933,0.0410627302092751,0.009981550609832869,0.037354648291420475,0.03145015178142633,0.04135098218920599,0.0207296752514374,0.03810454350477144,0.010081218052711163,0.02456183100658707,0.01828757442445068,0.04013588931104184,0.01818543124973679,0.03658631468545931,0.011456167285289955,0.0408169434389318,0.02996830665647669,0.007392606957595043,0.014169677082102546,0.008320375993492397,0.01541393200203412],[0.0012829285489136942,0.0018466796472416148,0.003414928093157119,0.0018207597631798567,0.0011121397555859942,0.0017141260041526555,0.0010016540451061276,0.002076714578047534,0.003952188205057558,0.0013615134845342625,6.303843412492578E-4,0.0018881697880783642,0.001179904238766646,0.0013758774326841244,8.473467905312985E-4,0.0011092157992955158,2.0291687450848286E-4,9.499183761032329E-4,0.031576100939501354,1.0,7.80982817673126E-4,8.167406035426366E-4,0.0013879514168514487,0.0016651065144105465,0.01175690566247278,0.011503788254479792,0.0022956609470277923,5.24176896407811E-4,0.00514539168083261,0.0015173132431779987,0.0013402175914298022,0.0017614894892716121,0.001613219631109488,0.0020722520818846476,0.0025646378011990783,3.8897315874124663E-4,0.0025749474695585814,0.004062708060173187,0.0072851515638710515,5.994016580543821E-5,0.007709255311697281,0.0010395437728958324,0.0013680573191919467,0.0017519054839702716,4.2034660907522444E-4,0.0012084648670606124],[9.127961042285895E-4,3.328282509858998E-4,0.0017495574320333764,5.229592176077026E-4,2.2511681757191057E-4,8.595279035683787E-4,4.0339833252477124E-4,9.837323602897667E-4,0.007105051642146091,5.01672963473796E-4,8.29728777090789E-5,0.0014357299582845905,2.5660035703563815E-4,3.0345647929906833E-4,3.5733209696329945E-4,2.9058560073802866E-4,1.9141190496577381E-4,1.3295020484267267E-4,0.03578501557647364,7.80982817673126E-4,1.0,2.7410597821234285E-5,9.033541972756287E-4,1.2112105187198047E-4,0.00287265836878433,0.015201398132186737,0.001047930084503722,2.444166420955081E-4,0.002298704238589058,3.248276989778329E-4,5.995124909143731E-4,3.598476311658225E-4,3.315861071934184E-4,6.559508565185223E-4,0.0013703830808211776,2.1057169894652728E-4,3.558298384057515E-4,0.010020497735035334,0.012206515145404932,2.2006139192400442E-4,0.007119207543627668,2.3130667507984004E-4,2.5552755581321004E-4,7.447569254716383E-4,2.78345280695955E-4,2.1577846346561516E-4],[1.984824771784631E-4,9.61873235145394E-5,0.002250958485495985,8.036396622425898E-4,9.936278449709072E-5,0.0014820128355527893,2.1771207749341918E-4,0.0020853674450423483,0.0024535912798127283,4.74813762745364E-5,1.3244761299920949E-5,8.815392300226174E-4,1.2919332773250703E-5,2.9428129263822113E-4,2.5980779116025664E-4,1.5013761110894175E-4,9.925879122026654E-5,1.3524659745554128E-5,0.012435951341057731,8.167406035426366E-4,2.7410597821234285E-5,1.0,0.0011555516860431768,3.47756490683592E-5,4.870871094428616E-4,0.01272322556500563,0.0014166749093968806,1.4246559554782658E-5,0.004179136870825075,0.001178585890312936,3.998213208299163E-4,1.6990690951748717E-4,1.4386445382552908E-4,0.0019359770224507097,0.0015746799826188893,7.455687444213858E-5,5.433072635737194E-4,0.011443023093134781,0.00213701140523175,1.3128938763047494E-5,0.02108470192740056,1.1838020860210032E-4,3.6457531942681086E-5,6.900882785479454E-4,2.664262270280457E-4,7.09239738241219E-5],[0.001174528755915448,0.0011405403550947292,0.0015217170355923027,0.0015692314457730037,6.395383473026066E-4,0.0016952364920725977,8.424119355389091E-4,0.0013822547488852187,0.0028096107734113347,0.0013471992001714145,0.0011032903213064244,0.0020098213244341126,4.2435119775907713E-4,6.13948671750832E-4,0.0013419805921898215,6.916076231119708E-4,4.3241685116674817E-4,0.001064851704279201,0.0346203698581181,0.0013879514168514487,9.033541972756287E-4,0.0011555516860431768,1.0,2.8889210784504996E-4,0.006656950744290761,0.011256139091833716,0.001628350918984927,0.0010979750025054507,0.005697741476644145,0.001363862353346439,0.0012015824878377985,0.0010909846077596303,6.735423635443694E-4,0.001458327726738382,0.002123675235100816,8.664843034861733E-4,0.001606871402337027,0.006749989666105018,0.012771476985451512,5.630093973827534E-4,0.010265024796368365,2.4803941952830747E-4,1.1377116613261346E-4,0.00128497740792275,9.891928776539804E-4,6.434502320403852E-4],[6.918495844419515E-4,8.361244743417559E-4,0.0022796025896806116,1.5903596202797163E-4,8.603527669962354E-5,0.0010501504961178128,3.155452373736934E-4,0.0016862351604286603,0.0031577834799015447,4.864895790935421E-4,4.184698603142115E-5,0.0019481278942799082,1.3531425074722357E-5,1.8980530815794128E-4,1.1427609614876715E-4,2.2463594717185646E-4,6.67748691606585E-5,1.5866261995377274E-5,0.01972634238547107,0.0016651065144105465,1.2112105187198047E-4,3.47756490683592E-5,2.8889210784504996E-4,1.0,0.007522317830579327,0.004194110441455642,0.0017027968923810394,1.5010770794950874E-4,0.007220640529865261,8.261123916971601E-4,3.5765094721137915E-4,2.331728347202649E-4,3.4867843861222683E-4,0.00194762558681057,0.0018792427464720623,1.6460141854199827E-4,0.002072541760837843,0.004181194589325644,0.012490654480277762,4.0525576057583365E-5,0.001024042120509061,4.348217567340353E-5,8.543820395972838E-5,1.4741042002587264E-4,1.3929274187436387E-4,4.566854050597646E-5],[0.008710839669006301,0.00829288985780116,0.011673146654132898,0.01336701843636183,0.0041296924096869015,0.012116423179233103,7.265544580337286E-4,0.00908335724413046,0.012747606234452822,0.013177180918829601,0.007441993663112646,0.015906988565088,0.0037855255516338546,0.01219564703017924,0.01293660644116897,0.003950806991187637,0.007753790789400012,0.0020453342646251636,0.03782424103663687,0.01175690566247278,0.00287265836878433,4.870871094428616E-4,0.006656950744290761,0.007522317830579327,1.0,0.016885142050094285,0.010763438465597377,0.006599129783271265,0.016669731413710143,0.0018440772689836153,0.015282156940735803,0.0051673935189073565,0.008493524958548933,0.013889843496172454,0.012026949405576633,0.01429618276685479,0.007218836514277692,0.015631031798999682,0.020176928520490706,0.0011051897464709856,0.01798650731143133,0.005094660642839633,0.01045682116227558,0.01477671253921714,0.016760332251113976,0.01213969366778958],[0.012980874055226289,0.007376292022652241,0.013728683861018094,0.0016965076313599598,0.010596898185301984,0.01629134230114491,0.013283274416979142,0.014626956290492307,0.014338257885580788,0.004134041256057565,0.002174392125927125,0.00891303109403718,0.011303825235576763,0.007189608681625251,0.005963798992480628,0.008106844541761547,0.002736399007807373,0.00804201967367236,0.03593743494431933,0.011503788254479792,0.015201398132186737,0.01272322556500563,0.011256139091833716,0.004194110441455642,0.016885142050094285,1.0,0.013333397338578315,0.010392294648956541,0.010848941286978142,0.006560676893256687,0.01370334004436336,0.014590129941456144,0.005468134839718022,0.006183286648906726,0.0035091967265099638,0.005900712682064759,0.00450094980850212,0.014502327769671329,0.02395852468270882,0.013205313883255005,0.025143395753964234,0.01370019149348891,0.01127780224313297,0.008214962899303931,0.016653961346569816,0.002836362852419168],[0.002428963130573619,0.0025623117277311785,0.0028128159367047947,0.001802899312060494,0.0026015781344617826,0.0021736075167444837,9.919547350167378E-4,0.0024586808613321107,0.00838062469606576,0.0021881935879540515,7.817865688566436E-4,0.002563628695797626,0.001127785846907717,0.001873133317374531,9.27213107325156E-4,0.0017876114470288008,0.0021068480148486207,2.081577520995979E-4,0.0410627302092751,0.0022956609470277923,0.001047930084503722,0.0014166749093968806,0.001628350918984927,0.0017027968923810394,0.010763438465597377,0.013333397338578315,1.0,0.001941285083620667,0.007033963920914707,0.0021340211399349376,0.0015781353956159233,0.0022086872024511452,0.0016577965427851881,0.0026367155640050722,0.0026864391907428704,0.002544175059119317,0.0028119404029167804,0.013100297350261005,0.012760957764489465,0.0015963885586010949,0.007850538677806988,0.002349469067393862,9.48326811723744E-4,0.0018326183431810758,0.0025847703962627437,0.0019390084581945492],[8.373022246503912E-4,9.311014993574919E-4,0.0014345053106092707,9.003568818995167E-4,1.7077461354348848E-4,0.0013516075811535742,5.158002988659017E-4,0.0018394033870124161,0.0012284872248337175,7.460933883264259E-4,1.877412083703722E-4,0.0016648918187027902,1.0254143459929634E-4,2.445226222848151E-4,2.818929435919074E-4,2.8219209866703907E-4,1.3183834580581175E-4,1.5028182804645976E-4,0.009981550609832869,5.24176896407811E-4,2.444166420955081E-4,1.4246559554782658E-5,0.0010979750025054507,1.5010770794950874E-4,0.006599129783271265,0.010392294648956541,0.001941285083620667,1.0,0.005358772723714239,0.0012470250815188866,9.419585312706073E-4,2.482402907250944E-4,3.0586228395024917E-4,0.0013725967338947282,5.090460091220561E-4,1.986342616280814E-4,8.184964671812079E-4,0.010104013461936751,0.024963207007202892,1.3898110388431485E-4,0.011059932280905396,1.4510246230477344E-4,1.7279101253163848E-4,9.512812037457945E-4,2.6894494359803285E-4,1.2062119074816306E-4],[0.002016455374011147,0.004279373497680375,0.00415388957302999,0.005863996772776039,4.624978785624661E-4,0.00509587824132612,0.004182374390536933,0.004661324152341367,0.008595359253181417,0.0015940491570378087,0.005785481697412297,0.006662049727216441,0.005605609815390727,0.006545171475523894,0.0017272849822690009,0.005728836382155641,0.007127187978825048,0.006070247469095409,0.037354648291420475,0.00514539168083261,0.002298704238589058,0.004179136870825075,0.005697741476644145,0.007220640529865261,0.016669731413710143,0.010848941286978142,0.007033963920914707,0.005358772723714239,1.0,0.004939725988783008,0.0017570402882461614,0.0023312826524614734,0.002308412316137419,0.005287686292773741,0.0061004544248027415,0.006194082572667151,0.004326937914025968,0.009073277364313176,0.014390908888514992,0.0030506216428021885,0.017375554844210543,0.005454362305740699,0.001132713658404312,0.006185062313088226,0.0026789813987951753,0.004260657476106565],[0.0010459777567292086,0.0012054585351288312,0.001922673115614935,0.0016298054395638914,4.712147947694649E-4,0.0016597645669768442,9.502789303694134E-4,0.0015345922448830012,0.00941612578249467,0.0010886063150261746,8.333152462040868E-4,0.0015747943812396818,0.0013368554445640027,5.830924151312737E-4,8.792161702526063E-4,4.7592552673967963E-4,7.188384960391603E-4,9.534691716908789E-4,0.03145015178142633,0.0015173132431779987,3.248276989778329E-4,0.001178585890312936,0.001363862353346439,8.261123916971601E-4,0.0018440772689836153,0.006560676893256687,0.0021340211399349376,0.0012470250815188866,0.004939725988783008,1.0,0.0013356877717812464,0.0011691313882113666,8.132956296654946E-4,0.0017664743109029192,0.0018123304519488746,8.239481794212512E-4,0.0013859155611584822,0.0032437547670989266,0.01057417430319127,3.545578185689309E-4,0.00876552502623501,9.85236992107777E-4,3.8322692690245347E-4,0.0012640053632030383,4.1131664648596123E-4,0.0012413522534168654],[0.0010175937141758398,0.001049583121365626,0.003113452086494769,0.0010852020541511228,2.3964931307265605E-4,0.0016309011093218004,9.495195591795918E-4,0.0021358756601317463,0.00653257089973059,8.220912930343372E-4,3.936693795282606E-4,0.0011321430785150588,4.003618715089222E-4,6.131754761402556E-4,8.123665206083994E-4,3.0813252650922166E-4,1.4929797111067707E-4,9.748935817814992E-4,0.04135098218920599,0.0013402175914298022,5.995124909143731E-4,3.998213208299163E-4,0.0012015824878377985,3.5765094721137915E-4,0.015282156940735803,0.01370334004436336,0.0015781353956159233,9.419585312706073E-4,0.0017570402882461614,0.0013356877717812464,1.0,8.656017609212078E-4,7.924083955787031E-4,0.0016796386234721812,0.0017386161013921851,0.0010050994142709057,0.0012983604419447494,0.0030276864529992717,0.01312651286983667,4.101802306022474E-5,0.02190607617145091,5.004104629462495E-4,7.855989710483805E-4,0.0010142117083145165,6.589456691799328E-4,8.610034890668052E-4],[6.940777007695747E-4,6.832833753627925E-4,0.0010914475618739585,0.0010687458897881835,3.668430951439171E-4,9.124580851454123E-4,4.283233741027167E-4,0.0015124572591290444,0.011957147650970527,6.459088704600015E-4,2.5889038060253284E-4,0.0010266074649685857,2.782957898924439E-4,3.147494071854658E-4,4.265272582615185E-4,3.140849284494935E-4,1.9171905895488703E-4,2.707093775832865E-4,0.0207296752514374,0.0017614894892716121,3.598476311658225E-4,1.6990690951748717E-4,0.0010909846077596303,2.331728347202649E-4,0.0051673935189073565,0.014590129941456144,0.0022086872024511452,2.482402907250944E-4,0.0023312826524614734,0.0011691313882113666,8.656017609212078E-4,1.0,3.6099391494339236E-4,0.001177222571224612,0.0021647488777039956,3.778062108918275E-4,0.0029869351830796058,0.011998983478396995,0.013190791893027921,2.4222230399772044E-4,0.007283520512685495,2.3615672525056062E-4,2.9973874391909453E-4,5.299472451344231E-4,3.009446957231402E-4,1.428855273985332E-4],[8.777622217986474E-4,6.56398711215764E-4,0.0020232667223438606,0.0014214045228229276,2.613869645881862E-4,6.173467419778556E-4,5.358477247130598E-4,6.71148792266149E-4,0.0077553628217828015,6.30397765207845E-4,1.444690359105611E-4,6.898771749518926E-4,2.3555013262449635E-4,3.175348182772766E-4,4.3409113169367533E-4,3.237610379806981E-4,3.0500788806991116E-4,2.943672834166477E-4,0.03810454350477144,0.001613219631109488,3.315861071934184E-4,1.4386445382552908E-4,6.735423635443694E-4,3.4867843861222683E-4,0.008493524958548933,0.005468134839718022,0.0016577965427851881,3.0586228395024917E-4,0.002308412316137419,8.132956296654946E-4,7.924083955787031E-4,3.6099391494339236E-4,1.0,0.0011389589589995254,0.002407913606079168,3.242728926513633E-4,0.002341512293291529,0.0033306520579511147,0.02377174628219716,2.952158995810543E-4,0.013839630339648063,2.640335064681198E-4,1.3898493950880374E-4,5.51327533982402E-4,3.5767063459216265E-4,1.723017075230063E-4],[0.0012309845295795188,0.0021415221526895284,0.00313713030198247,0.0017967391436470486,0.0018339710494840098,0.002239840132059107,0.002244823351677446,0.0023547405601718366,0.006383957959248562,0.0018809224204987566,3.36141499779106E-5,0.0022590780658204345,5.408325180684892E-4,4.295235242258047E-4,4.921823885238376E-4,0.001445796806270552,5.313017110494724E-4,0.0020991115935942678,0.010081218052711163,0.0020722520818846476,6.559508565185223E-4,0.0019359770224507097,0.001458327726738382,0.00194762558681057,0.013889843496172454,0.006183286648906726,0.0026367155640050722,0.0013725967338947282,0.005287686292773741,0.0017664743109029192,0.0016796386234721812,0.001177222571224612,0.0011389589589995254,1.0,0.002444781316700633,2.767251003854026E-4,0.002779765323858944,0.004929750922698937,0.021128899939206906,3.492175404331848E-4,0.003100724503071868,0.0017781077887691623,0.0017431902737880885,0.0017149860062505985,0.0015330996509790092,0.0021612433886730744],[0.00135351063282731,0.002584612087436837,0.003541958852998536,0.00221226478101249,3.841078025298994E-4,0.002426986028083619,0.001540662188623967,0.0025169777448384853,0.009435264922331772,0.00240180828849243,0.0023306270226933225,0.0025797557468906183,5.292192826873828E-4,0.002007337418322059,0.0015164656758184494,3.264151214067023E-4,1.69890557264051E-4,0.0020480906510513134,0.02456183100658707,0.0025646378011990783,0.0013703830808211776,0.0015746799826188893,0.002123675235100816,0.0018792427464720623,0.012026949405576633,0.0035091967265099638,0.0026864391907428704,5.090460091220561E-4,0.0061004544248027415,0.0018123304519488746,0.0017386161013921851,0.0021647488777039956,0.002407913606079168,0.002444781316700633,1.0,0.0019004654163783756,0.0032192764489593186,0.0031722163185466663,0.015512257688657636,0.00167566979459345,0.016282740492687128,8.07667833995016E-4,0.0012103230986197967,0.0023709502706762697,0.0016613974615424707,0.0010168977696938322],[9.602235835190875E-4,4.1949174450168494E-4,0.0018601408507728716,0.001516857971949238,1.618272635671365E-4,0.0015380705690468993,4.630192263818893E-4,7.779091934565886E-4,0.009664185406861786,3.220481384604083E-4,1.1522991108686055E-4,4.509090616682961E-4,2.0550125130470494E-5,2.7017134109299146E-4,4.510866881600544E-4,2.828666599599941E-4,1.5237290359947618E-4,1.1926527007633868E-4,0.01828757442445068,3.8897315874124663E-4,2.1057169894652728E-4,7.455687444213858E-5,8.664843034861733E-4,1.6460141854199827E-4,0.01429618276685479,0.005900712682064759,0.002544175059119317,1.986342616280814E-4,0.006194082572667151,8.239481794212512E-4,0.0010050994142709057,3.778062108918275E-4,3.242728926513633E-4,2.767251003854026E-4,0.0019004654163783756,1.0,0.003276980420757307,0.009442164900214961,0.01923810207659729,2.7821819997484532E-5,0.007499309845469975,1.4837305983227158E-4,1.526463499982285E-4,5.344978461670116E-4,2.0834869599358808E-4,1.3727630587916618E-4],[0.002082289803301593,0.001730958152275279,0.0035631209832602765,0.0031801416096616454,0.0025832333153854156,0.0027333156149990673,0.002424197348549915,0.002623712661050797,0.01011130453577915,0.0024376700908112377,0.0015871831633466808,0.002415469924513138,0.002334049220455463,0.002883121799437672,0.003168124105655444,3.8366329898322133E-4,8.213397074395842E-4,0.0012638386857199025,0.04013588931104184,0.0025749474695585814,3.558298384057515E-4,5.433072635737194E-4,0.001606871402337027,0.002072541760837843,0.007218836514277692,0.00450094980850212,0.0028119404029167804,8.184964671812079E-4,0.004326937914025968,0.0013859155611584822,0.0012983604419447494,0.0029869351830796058,0.002341512293291529,0.002779765323858944,0.0032192764489593186,0.003276980420757307,1.0,0.00753697420477426,0.018134109885327435,0.0017261152877277326,0.024622492775138186,0.0016993892554922274,2.9408321979467893E-4,0.0032356049614871993,4.891236032168742E-4,0.0011021355393064018],[0.0034515185781987924,0.012703347469720724,0.010537843229337191,0.005360227659803284,0.013022223569333498,0.010249598546658705,0.011427922024295253,0.002983393578909759,0.013054887487892998,0.012394106398308985,0.007940744919498173,0.010524784239792553,0.008146240655602297,0.00594458975535945,0.008899608586857503,0.003817156496233656,0.00967279467653486,0.0012079227634106907,0.01818543124973679,0.004062708060173187,0.010020497735035334,0.011443023093134781,0.006749989666105018,0.004181194589325644,0.015631031798999682,0.014502327769671329,0.013100297350261005,0.010104013461936751,0.009073277364313176,0.0032437547670989266,0.0030276864529992717,0.011998983478396995,0.0033306520579511147,0.004929750922698937,0.0031722163185466663,0.009442164900214961,0.00753697420477426,1.0,0.014421580459433134,9.101292438848792E-4,0.019152032813432477,0.004408022461711933,0.006478218692510346,0.010222707782056724,0.009721112365509734,0.010260669270829028],[0.021201640855688177,0.0030291566513227317,0.022995231398609272,0.01711665133617041,0.021320993904344325,0.012274532702206714,0.009001489468654115,0.016302080965061295,0.012920949049815385,0.025109568286580744,0.008479778679299962,0.010781441450090655,0.010930799381272322,0.024781820896873558,0.012650223316268592,0.021838270843260812,0.02032116060628435,0.021902712978251502,0.03658631468545931,0.0072851515638710515,0.012206515145404932,0.00213701140523175,0.012771476985451512,0.012490654480277762,0.020176928520490706,0.02395852468270882,0.012760957764489465,0.024963207007202892,0.014390908888514992,0.01057417430319127,0.01312651286983667,0.013190791893027921,0.02377174628219716,0.021128899939206906,0.015512257688657636,0.01923810207659729,0.018134109885327435,0.014421580459433134,1.0,0.016890669754743813,0.02735026572076721,0.011768439802739145,0.0014688788574899977,0.025922055779667358,0.020227559024516322,0.013033739185221502],[1.6731953567530918E-4,0.001001205263037981,0.0014935674906981257,6.065511044920531E-4,8.570875797601416E-5,0.0011791246884885888,3.99299608465073E-4,0.0017270390845160566,0.009294594099655216,4.7671055343489615E-4,1.2833351385222178E-5,0.00114363497794172,1.2787511931670962E-5,2.5587231815637525E-4,3.2148424308111196E-4,6.823152009141368E-5,8.219289047175268E-5,1.3602949046520605E-5,0.011456167285289955,5.994016580543821E-5,2.2006139192400442E-4,1.3128938763047494E-5,5.630093973827534E-4,4.0525576057583365E-5,0.0011051897464709856,0.013205313883255005,0.0015963885586010949,1.3898110388431485E-4,0.0030506216428021885,3.545578185689309E-4,4.101802306022474E-5,2.4222230399772044E-4,2.952158995810543E-4,3.492175404331848E-4,0.00167566979459345,2.7821819997484532E-5,0.0017261152877277326,9.101292438848792E-4,0.016890669754743813,1.0,0.024231677317879168,2.6648980551459452E-5,9.79149984516118E-5,7.132705175320978E-4,1.9993554316396095E-4,7.675999322298064E-5],[0.010230914153058447,0.0024416839629168704,0.01731225584646411,0.020496507593068064,0.0015997471048728668,0.0064573492250069335,0.0022956796365150613,0.02042293619481352,0.016546541646730188,0.025038150587749716,9.355349936576737E-4,0.018436086454298724,8.567387401244103E-4,0.015241681269255234,0.009623212499043991,0.017722308792354417,0.02433227501331635,0.009722421734047882,0.0408169434389318,0.007709255311697281,0.007119207543627668,0.02108470192740056,0.010265024796368365,0.001024042120509061,0.01798650731143133,0.025143395753964234,0.007850538677806988,0.011059932280905396,0.017375554844210543,0.00876552502623501,0.02190607617145091,0.007283520512685495,0.013839630339648063,0.003100724503071868,0.016282740492687128,0.007499309845469975,0.024622492775138186,0.019152032813432477,0.02735026572076721,0.024231677317879168,1.0,0.01849194233006601,0.014061750381070713,0.00805355635216771,0.006686927260093301,0.0189184411409526],[8.224927906954214E-4,7.735131963008638E-4,0.0017027483574403289,5.664891197000219E-4,1.391182850151014E-4,0.001663151189543956,2.0225262697147266E-4,0.0017185227354662425,0.0010952656043560919,4.033854874449217E-4,2.579471951890131E-5,0.0011982680903809594,7.966009555900413E-5,2.1733851691982612E-4,3.950774798971116E-4,2.7667925873440505E-4,1.2545117408440027E-4,2.1355025522964565E-5,0.02996830665647669,0.0010395437728958324,2.3130667507984004E-4,1.1838020860210032E-4,2.4803941952830747E-4,4.348217567340353E-5,0.0