[[1.0,0.0014710258881383404,0.0013256432761891963,1.6453810220229056E-4,4.988262309353324E-4,1.6752717190346132E-4,1.7332145577683778E-4,2.6367322438614125E-4,1.682458453493827E-4,1.6512182772820505E-4,0.0025378644411395332,4.4797965965360413E-4,0.0015143453935994545,0.001915696671666855,2.359383665259037E-4,3.0194784042256493E-4,0.010747160673593477,1.7199325696425196E-4,0.0036726259229792036,1.709225847233204E-4,1.4102140013828556E-4,0.0032136697057073855,6.959927147111013E-5,1.757717875554926E-5,1.384880034092262E-4,0.00722301019177704,0.002566012903626556,1.1799853259978908E-4,1.526451311865719E-4,6.46775875727813E-4,1.8516958412528056E-4,5.2584963128998955E-5,0.0010248790318585787,1.5152684437126485E-5,0.0021997007523269925,1.2828411268225775E-4,0.0016239722845659786,6.235109291919689E-4,4.679905471683774E-5,2.5659113649686207E-4,0.0019017645278015776,1.7808809337663072E-4,0.012502935634141241,0.029010539926527978,6.253708982677995E-5,6.76652438909352E-4,0.0011502525222377015,0.012735596925065292,2.910028582713281E-4,0.01051925595102132,1.333131302422278E-4,1.0679030676912207E-4,1.0168816938758166E-4,1.2651127576434785E-4,0.04419049309331723,7.93650388826094E-5],[0.0014710258881383404,1.0,0.0017163101991148474,0.0018373795228579907,8.848268602049587E-4,5.187584337821504E-4,3.722945708975072E-4,0.00162675473033074,0.001549369634815125,0.0013201230730226104,0.010414173220061815,0.001692538762067694,0.013794849104240978,0.005748266761538513,0.0011129025921596271,0.001622443949042739,0.006205714113150424,5.005004746186374E-4,0.00261582295299596,8.323111378298484E-4,0.001911894866410007,0.0020799127319342885,0.0010562957645075908,0.0017308807013884703,0.0018152666221700343,0.003912713084469758,0.0027866744382980197,0.001968723908396886,5.119555057233299E-4,0.0019967166400603445,2.0297140121887933E-4,0.001958780308796465,0.0015621330767670901,0.0015950176974079756,0.013168462411114298,9.167735321041579E-4,0.002144292531969138,0.0021521057447134485,6.951892902100877E-4,0.0018521848337513796,0.002090738991948478,0.0011900091015084502,0.0041319435231418995,0.024246695988291725,3.5187545828345294E-4,0.0012051660294066754,0.0024949367490966707,0.0028692590704121066,0.0010670377154937448,0.009809179126606199,7.749197640103808E-4,0.0014914801970389345,9.653060806447192E-4,0.0012947308816827693,0.01332798273552609,0.0010445485486017046],[0.0013256432761891963,0.0017163101991148474,1.0,0.0013970225749201546,5.895455649611041E-4,4.0088025184474975E-4,9.193820063460727E-4,0.0013742418539074103,5.89356808551283E-4,0.0012599049418230246,0.0026417427443590187,0.0012664335124827645,0.00907487762677166,0.004441997178851719,0.0013579343920294125,0.001260921425389281,0.0018905809646127378,9.858140441852807E-4,0.0037441924819596253,0.0012321190058763541,0.0013488244832994864,0.0030721021690978,8.426790326589998E-4,6.381353949660092E-4,0.0011652631493751,0.002109204566465389,0.0028304245497950647,2.792087631292442E-4,0.001279611661040258,0.0016197554802645224,6.142921128694766E-4,5.321698209760313E-4,0.0013704888139794362,3.641492788252519E-5,0.010424723625618785,1.5227389775259196E-4,0.0017555856356002483,0.0019254318215510898,0.0010445289308146193,0.0011036570235910177,0.0021027130478260578,8.247338919639266E-4,0.012618880190436632,0.026736141811792097,0.0012165212022482862,0.0011744034777188943,0.0015478669662218922,0.010207994693286837,5.87965236941394E-4,0.0027244313151000288,0.001358277953706303,0.0012447635784988895,3.448123894162541E-4,0.0010071862308287831,0.014798810309510552,5.837423909397563E-4],[1.6453810220229056E-4,0.0018373795228579907,0.0013970225749201546,1.0,9.943680177627512E-4,8.332500319286699E-4,5.14451541344302E-4,0.0013974603573996503,0.00123593601237619,0.001378740755897456,0.007528281706168641,0.0012495170208061909,0.010048747086998612,0.003909457131026886,0.0011875981850078335,0.001390149891477182,0.0026369320446581936,8.633292757174336E-4,0.0040704790168320315,5.626693470735261E-4,0.0012155926745547121,0.002683701949571316,3.4707941208778797E-4,3.0618196891337487E-4,6.204480056151809E-4,0.02329009779831153,0.003084995590873252,1.2796131310312145E-4,0.0014118777560182525,0.0017373055456655219,4.949911196008333E-4,0.0013187007870833457,0.0013098851238374366,0.0011231666813828047,0.01615229246249147,0.0012603408844138997,0.0014668670353293319,0.001773250078982236,0.001352329139486458,0.0010731259178160927,0.001955145374673822,0.001095140834328597,0.0021252559025280266,0.05613001377479219,4.594790130828802E-4,0.001423176643342615,0.003136504419719868,0.01677524280200102,0.0013109774860955838,0.009612437461586949,0.0012639741312578043,7.279324125614556E-4,0.0011043738157238345,6.483915196831593E-4,0.048603152712281744,6.675857818144942E-4],[4.988262309353324E-4,8.848268602049587E-4,5.895455649611041E-4,9.943680177627512E-4,1.0,3.285972105382391E-4,3.408191691540558E-4,0.001037092501561978,3.0608671413040445E-4,5.519032401353509E-4,0.0014516144256363466,0.0010930000653718835,0.02487168609782438,0.0019416440451098735,7.204375767045944E-4,9.816285703707637E-4,0.002925633473742599,4.7131890300498776E-4,0.00301335914674751,2.7442998519552897E-4,7.375723278080439E-4,0.0022516154381687116,9.089198878345916E-5,3.697745482764864E-4,3.2550715360337703E-4,0.017375625002292665,0.002451972995890045,4.074468392473747E-4,4.1355005024740617E-4,0.0018853168142325524,2.2158885506273616E-4,2.2111648341967957E-4,0.0011721762534548192,1.7582906830781608E-5,0.015938141031252594,4.386977114793548E-4,8.431883466102454E-4,0.001184313454759515,4.96939799222781E-5,4.99008229095163E-4,0.002064220660075357,2.6668363441763153E-4,0.00758638120967309,0.009588619072747388,3.909275754096043E-5,5.41727058955988E-4,0.0021675090204195816,0.006737032697168389,4.638282440844244E-4,0.003142246502190625,3.036713609061372E-4,1.6054849564860055E-4,4.99098231552531E-4,4.0448317984256236E-4,0.028177416139778116,4.8318522557195035E-4],[1.6752717190346132E-4,5.187584337821504E-4,4.0088025184474975E-4,8.332500319286699E-4,3.285972105382391E-4,1.0,1.7299622643308842E-4,5.580400672610068E-4,1.8202484381976133E-4,2.9961418799731625E-4,0.0017739777745002271,3.1937923083082386E-4,0.01862879911204922,0.0064434870738291706,0.0010485246831527966,2.2128118396041955E-4,0.0036829710091877323,4.3903916082443814E-4,1.7455726737359106E-4,1.7445875058453574E-4,2.678446795498222E-4,0.001264841488514271,1.2945199646651457E-4,1.5994629949928245E-4,1.5725266180176644E-4,0.008565624030047922,0.002914609978998493,9.506539211338427E-5,3.207906012741101E-4,0.0020510893960142985,1.9102132830620404E-4,6.0560837985837435E-5,6.260400771953567E-4,4.1977507329336535E-5,0.013449097724009193,1.4382913096898877E-4,0.001616900544872901,0.0018522635545549675,6.18312085453339E-5,4.665834274608693E-4,0.0013935591649403014,1.6828165492648853E-4,0.010287226954828399,0.04630218871096041,1.5944587031214194E-4,2.7442476777433017E-4,0.002562176678284683,0.03971037442222337,2.4903085031135526E-4,0.0032494699172893526,1.6123036694976967E-4,1.5616870773476943E-4,2.1328420208258516E-5,1.1989947745534491E-4,0.02926680614797304,1.2169340893693367E-4],[1.7332145577683778E-4,3.722945708975072E-4,9.193820063460727E-4,5.14451541344302E-4,3.408191691540558E-4,1.7299622643308842E-4,1.0,2.444257316119733E-4,2.004598029160162E-4,3.1236849424930505E-4,0.0019878455943805368,6.568424446279919E-4,0.02299611370479457,0.005867192015662805,4.346353514617546E-4,9.169754652771173E-4,0.010759246359056054,2.598728543078794E-4,0.0035977852668162237,1.9702329840095005E-4,3.213275097169201E-4,7.636598658506034E-4,1.1854152522869875E-4,1.4059943236316183E-4,1.9278979274994692E-4,0.024326569569146823,0.0033468735296745284,5.910516484917927E-5,2.1058828052239277E-4,0.0011725524637113275,1.969055003142002E-4,1.779852429252771E-4,6.415639709305866E-4,1.4446919923393744E-5,0.004885810556000686,1.5790614819135364E-4,0.00214308286568419,0.002772411272734463,1.4940220892377976E-4,3.067856550670682E-4,8.174545617437763E-4,1.936394827127325E-4,0.012726074614640929,0.013588869132641995,1.5177872619803954E-4,9.203231135952176E-4,0.0019061302168452711,0.0260607324104797,2.814819516494466E-4,0.003288416518009125,1.8114085731503785E-4,1.4152463300717274E-4,3.6955326311747806E-5,1.6417718789556559E-4,0.04989123003872794,1.890239194966138E-4],[2.6367322438614125E-4,0.00162675473033074,0.0013742418539074103,0.0013974603573996503,0.001037092501561978,5.580400672610068E-4,2.444257316119733E-4,1.0,0.0011638573647506473,9.635682092242547E-4,0.003938685365438083,0.001326935927664748,0.028072647804616904,0.006357504603757832,0.0013055309372703027,0.001255721592015502,0.003273783169746973,9.290543393024959E-4,0.0024959398490444215,6.309494976347964E-4,0.001313152775593006,0.0026124151544492462,9.746025857615705E-4,0.0011436052038089005,4.1391194139956745E-4,0.0039527521699672915,0.0022126901507123547,7.599268490543363E-4,5.175739373910065E-4,0.0017624621965437078,8.462750827178801E-4,9.0718211438618E-4,0.001229522297158503,0.0011524433512370051,0.00678571294335222,8.054107312061472E-4,0.0021400499059727246,0.001879261276462891,1.8461317432977642E-4,0.0012924634965785476,0.001698278852625313,9.771751460669437E-4,0.01057033007588182,0.043460683191814134,0.0011414117880013683,0.0010493159903972615,0.002806390878035598,0.032927045853505435,6.558509048946377E-4,0.007385993796627048,9.128136198923314E-4,8.70939714575855E-4,0.0010040961565020619,7.203296312888848E-4,0.03651721707156514,0.0011030123386337964],[1.682458453493827E-4,0.001549369634815125,5.89356808551283E-4,0.00123593601237619,3.0608671413040445E-4,1.8202484381976133E-4,2.004598029160162E-4,0.0011638573647506473,1.0,4.713470459028452E-4,0.004800322350743844,0.0012007484801023244,0.02275106449357209,0.0034531885519362006,7.975192293898154E-4,8.850464926641851E-4,0.006044262207545182,3.7960518633690487E-4,0.004781714756884962,1.954169131954634E-4,5.171681711777592E-4,2.384109724707896E-4,1.2048341050708356E-4,5.772070234012633E-5,1.833482508758981E-4,2.6118100038400384E-4,0.0027727419467222267,7.974609972845655E-5,2.0364824070653387E-4,0.0015063748847457931,2.0261791307473576E-4,1.4181854862505868E-4,8.570258938606454E-4,5.958363059388695E-5,0.01476248501895757,1.644917657209176E-4,0.001999249120797469,0.0020209071760683207,1.742758652932501E-4,4.6116550671957866E-4,7.819362279233587E-4,1.9750761192647144E-4,0.013093505326950717,0.04243203531020867,9.690817942733E-5,6.072524523833752E-4,0.002181128332707382,0.011683703511483063,2.479398269130386E-4,0.0027465981625322787,1.332298707923179E-4,1.3835096735323753E-4,1.9431184623647666E-4,1.8231684252818358E-4,0.04073454290790932,3.134007180582345E-5],[1.6512182772820505E-4,0.0013201230730226104,0.0012599049418230246,0.001378740755897456,5.519032401353509E-4,2.9961418799731625E-4,3.1236849424930505E-4,9.635682092242547E-4,4.713470459028452E-4,1.0,0.0071644717005160735,6.370413616030303E-4,0.011782452955658315,0.0033590623254932594,0.001053685045633715,0.001095617004206352,0.004945146740718104,5.103225617180232E-4,9.600696935926454E-4,3.663399232581852E-4,9.217073759830983E-4,0.0012682110656071569,3.7563206052995695E-4,4.3110065321878144E-4,4.541601427245725E-4,0.008433430059447855,0.0030789469403760955,4.4744660199796005E-4,4.975315078069526E-4,0.0016659245166374937,2.3874355801034738E-4,4.2308569481352054E-4,7.319922219498081E-4,5.507876790453496E-4,0.013167501667814614,3.0225557091192854E-4,0.0014212135523089494,8.978545114702579E-4,7.260082594002335E-5,5.426540375714113E-4,9.28365725892753E-4,4.2473223329758306E-4,0.007064165327186837,0.031519650334799185,1.0281109388161959E-4,7.288543153463444E-4,0.002061368181535796,0.0179996963258226,4.218021386236204E-4,0.010916660299226784,4.0443127798516583E-4,5.148271293526258E-4,2.4969571255337804E-4,3.0058319807523264E-4,0.006250748085955418,4.5655422080634166E-4],[0.0025378644411395332,0.010414173220061815,0.0026417427443590187,0.007528281706168641,0.0014516144256363466,0.0017739777745002271,0.0019878455943805368,0.003938685365438083,0.004800322350743844,0.0071644717005160735,1.0,0.0027673008512056453,0.027461478346838243,0.008360066783132666,0.009979502689499155,0.007564952643636465,0.010722347222435159,0.009772902400740862,0.00536932332865057,0.007587520738478772,0.00328692596646905,0.010107701569644712,0.003679756708300341,0.007670823916672698,0.008015981774703924,0.013373693673292282,0.008344590878593516,0.007866499946391216,0.004325850106347266,0.0036095483278398965,0.009619637362947872,0.008137708424281078,0.005108614257081808,0.0025388953980815285,0.010716803450462036,0.0028247897052557872,0.003129860637055447,0.008229644632255456,0.007384228289582623,0.006841557139454843,0.008207487342006405,0.004953313084768008,0.011226468651253338,0.02900480774401086,0.005632679636443916,0.001588159450177505,0.0068524002632698935,0.04370362922571408,0.003823027414996706,0.01416728763813084,0.0012987527555262416,0.003481733169958282,0.006371848907759308,0.01028776807589353,0.05221609926527502,3.7652486757962803E-4],[4.4797965965360413E-4,0.001692538762067694,0.0012664335124827645,0.0012495170208061909,0.0010930000653718835,3.1937923083082386E-4,6.568424446279919E-4,0.001326935927664748,0.0012007484801023244,6.370413616030303E-4,0.0027673008512056453,1.0,0.017918063588215096,0.005422572632319707,0.0011547788411426865,0.001207623146273233,0.009536127195601813,9.649951925390642E-4,0.004632448957941421,3.0354785401308403E-4,0.001181404073137376,0.0014511951364980374,3.708221289938834E-4,0.0012264394410282083,6.866147444688713E-4,0.018836769381930796,0.0031827090841864665,0.0010922605457707889,5.24612287701661E-4,0.002100763994451953,6.520398561618991E-4,6.106492764968049E-4,0.0011889102455482387,0.0011745895563313026,0.006826251113027823,4.7688954759504053E-4,0.001671947736519103,0.001347826668694459,8.843584209022255E-4,0.001092264037146128,0.001269710795953951,0.0010389638695583652,0.012490126032045695,0.02787059975253424,0.0011129222586418923,0.001144985210510137,0.002465901432696436,0.02015054855361432,0.0011546497452880643,0.005844735279285194,3.5107160843962296E-4,8.790319493993848E-4,0.0011315125981700268,6.149047074478093E-4,0.0373746469251338,1.7912905694254967E-4],[0.0015143453935994545,0.013794849104240978,0.00907487762677166,0.010048747086998612,0.02487168609782438,0.01862879911204922,0.02299611370479457,0.028072647804616904,0.02275106449357209,0.011782452955658315,0.027461478346838243,0.017918063588215096,1.0,0.015595839022421721,0.0020660691935789318,0.02277136621698918,0.012766074826004559,0.0026455608153682485,0.015185138563074414,0.025080172880498762,0.02931284227830033,0.015718160250498124,0.021103103891988224,0.028136160718950816,0.019259242241537397,0.026219044941920438,0.014435052761901157,0.0023895058830779524,0.008734595400886511,0.03024308550681308,0.012910887012796473,0.004696293681594991,0.027538628730312893,0.020256278167312503,0.020890033108581403,0.002388079346861582,0.018576368234311306,0.026494281326515115,0.005111444985452693,0.013912052948856727,0.016180013429888042,0.009796548553703165,0.021006280415377665,0.041412742379445755,0.003238970211103957,0.020638687462980365,0.019248106925673192,0.04122056680896722,0.029353783149408553,0.023731991064691947,0.003232536088910143,0.02229057958489647,0.004532371898385314,0.01225359047573383,0.03301679705191079,0.006480519206295885],[0.001915696671666855,0.005748266761538513,0.004441997178851719,0.003909457131026886,0.0019416440451098735,0.0064434870738291706,0.005867192015662805,0.006357504603757832,0.0034531885519362006,0.0033590623254932594,0.008360066783132666,0.005422572632319707,0.015595839022421721,1.0,0.002994449617789532,0.005553576714655455,0.007909259412313597,0.0059306705385652,0.0054730304236435875,0.0027931832963063274,0.0033351172352810736,0.005896924086983003,0.0033179312339395913,7.098094488317661E-5,0.004182036071528416,0.01886102529038294,0.003905572976924724,0.004020791250980218,0.004803178180842902,0.004850775139636084,0.004800707457994907,0.0010064719367935552,0.0015135228859141383,3.005304004867444E-4,0.009251938322212432,0.006049731705188293,0.005081180683685791,0.004484183740216209,0.0032146937497897574,0.0035975547214950215,0.005051126006942068,0.006463600455592988,0.006962502104506373,0.015392644676643665,0.004449182732079973,0.0025070325308357675,0.003849219133441009,0.011738605890976491,0.006163162813830698,0.013275077363913233,0.0027458655054096565,4.6734599773454253E-4,0.006382167031610776,7.222736571450582E-4,0.0198987089688117,0.0010483924900948898],[2.359383665259037E-4,0.0011129025921596271,0.0013579343920294125,0.0011875981850078335,7.204375767045944E-4,0.0010485246831527966,4.346353514617546E-4,0.0013055309372703027,7.975192293898154E-4,0.001053685045633715,0.009979502689499155,0.0011547788411426865,0.0020660691935789318,0.002994449617789532,1.0,0.0011057104807348265,0.004530222108112695,6.736924451730326E-4,0.0011754617545589028,8.011762776849789E-4,0.001037006837701438,0.00145031189431718,2.504732139691143E-4,4.7333013143081474E-4,7.502772461454146E-4,0.008952404692586626,0.0030795250103322113,9.029202083618128E-4,5.395921353574226E-4,0.001816301675449869,4.639079604387989E-4,6.930827874325473E-4,0.001126489878737605,4.57906951853359E-4,0.006265117613112447,0.0010618467027317259,0.0020077258289966744,0.0017069837264847621,8.284661487701101E-4,7.432639389188798E-4,0.0012169009983018747,5.60873706259915E-4,0.0035079735912619597,0.05379929945791005,3.691878883869112E-4,0.0010481737146352675,0.0022369411738350138,0.023805699241302342,5.27788298114577E-4,0.003753252204531779,6.706938071084504E-4,6.363007144114721E-4,5.90710650854591E-4,6.809853727052353E-4,0.04989122082657286,2.1142341407688728E-4],[3.0194784042256493E-4,0.001622443949042739,0.001260921425389281,0.001390149891477182,9.816285703707637E-4,2.2128118396041955E-4,9.169754652771173E-4,0.001255721592015502,8.850464926641851E-4,0.001095617004206352,0.007564952643636465,0.001207623146273233,0.02277136621698918,0.005553576714655455,0.0011057104807348265,1.0,0.00403121978319998,5.228127668621163E-4,0.004188377922314163,4.6377074485237245E-4,0.0010422560132011256,0.0028105821249158947,3.4368143150873573E-4,7.240239616454965E-4,1.897245197668379E-4,0.025472782910715756,0.0023618311260438707,7.792299022606511E-4,5.928758700562955E-4,0.0012915621304448147,0.0011405170539858947,6.738227642877698E-4,0.0011841140930417611,6.897833035487076E-4,0.0050605600541775535,2.219782503047544E-4,0.002033652572759324,0.0022075951270734196,2.5720557628700774E-4,7.889899761305932E-4,0.0013083566244720896,8.107265682101537E-4,0.004432960410693148,0.03697940546613878,9.66878664714508E-4,0.0011032058312104888,0.0015588914254972533,0.009855673000597464,5.482423489960202E-4,0.007179369906651047,2.87365888085439E-4,2.5840816233901475E-4,3.531453165951041E-4,2.3382086718692013E-4,0.051802039360371206,5.176845483208821E-4],[0.010747160673593477,0.006205714113150424,0.0018905809646127378,0.0026369320446581936,0.002925633473742599,0.0036829710091877323,0.010759246359056054,0.003273783169746973,0.006044262207545182,0.004945146740718104,0.010722347222435159,0.009536127195601813,0.012766074826004559,0.007909259412313597,0.004530222108112695,0.00403121978319998,1.0,0.007013588705403635,0.005457050567974797,0.003677570928177573,0.004262887173804572,0.008935647562857746,0.006498104034955505,0.009973159448176625,0.006529653073254749,0.01420070925985921,0.007545884227335776,0.0010350736104494918,9.848244932253805E-4,0.003499217275451852,3.7265341287234105E-4,0.0036020870702866774,0.005336319422203405,0.0047077192109590575,0.012426098268570582,0.007735223739123286,0.01049423282133816,0.005815496524266179,0.008911889037789557,0.006176399006599614,0.006935140566551867,7.490039255962202E-4,0.01295680782694614,0.016679713403652763,0.007280707030025278,0.0035874577388146185,0.0037335977762830157,0.020683611671594968,0.008544402225016451,0.013290186242653807,0.0041446123123214905,0.008846953933727896,2.7373340598022076E-4,0.0061161538406692365,0.04789532116617152,0.007213831086152652],[1.7199325696425196E-4,5.005004746186374E-4,9.858140441852807E-4,8.633292757174336E-4,4.7131890300498776E-4,4.3903916082443814E-4,2.598728543078794E-4,9.290543393024959E-4,3.7960518633690487E-4,5.103225617180232E-4,0.009772902400740862,9.649951925390642E-4,0.0026455608153682485,0.0059306705385652,6.736924451730326E-4,5.228127668621163E-4,0.007013588705403635,1.0,0.001850121740709388,3.447641984484365E-4,8.646568491494614E-4,0.0011509999771337138,4.163249916277143E-4,2.574375907482757E-4,2.1956187531510356E-4,0.005358892453458419,7.07530155317023E-4,4.5502532504907925E-5,4.0097177724803554E-4,0.0015570530104525196,2.236636166837364E-4,3.524131096979467E-4,9.443098329590463E-4,2.2507029139928774E-4,0.014462396154693937,3.3938151684941964E-4,0.001739156317277581,0.00139543915660038,2.6677373320056405E-4,4.812733293819489E-4,0.0014588685839583703,4.347571089117424E-4,0.01340764923404225,0.03326393500806553,4.420066054265036E-4,9.36440111873494E-4,0.0023052059019758953,0.045761040101168896,4.2636486024104977E-4,0.002081247819385149,2.6684511281827624E-4,2.5723252792723235E-4,1.4431239143270539E-5,2.9026396241156534E-4,0.014780925609378012,3.2656712378299204E-4],[0.0036726259229792036,0.00261582295299596,0.0037441924819596253,0.0040704790168320315,0.00301335914674751,1.7455726737359106E-4,0.0035977852668162237,0.0024959398490444215,0.004781714756884962,9.600696935926454E-4,0.00536932332865057,0.004632448957941421,0.015185138563074414,0.0054730304236435875,0.0011754617545589028,0.004188377922314163,0.005457050567974797,0.001850121740709388,1.0,0.0010643246912624387,0.0019813722569021093,0.003876695120879686,0.002563652934806669,0.004350053222031401,0.002745687892568662,0.018027211252392563,0.004622346567407642,0.0010681046688780743,0.00220403176312918,0.0038344098424507806,0.0028270661242836134,0.0014760250773838942,0.004402425972353075,0.003970722505861643,0.013999196199187148,0.0014787039728135372,0.0022919606999691933,0.004680705842438944,0.004567571079833453,0.003109635540471787,0.004385041625694874,0.004773811908806643,0.012070567383466457,0.02531699216259337,0.0018081198843520187,0.001463666801357782,0.004652342342353508,0.024600012231532273,0.003892439234076184,0.005440838162568122,0.0035019964487514686,0.003571594852397772,0.002436273329413796,0.0034741646960349767,0.04459279075665462,3.759632717509823E-4],[1.709225847233204E-4,8.323111378298484E-4,0.0012321190058763541,5.626693470735261E-4,2.7442998519552897E-4,1.7445875058453574E-4,1.9702329840095005E-4,6.309494976347964E-4,1.954169131954634E-4,3.663399232581852E-4,0.007587520738478772,3.0354785401308403E-4,0.025080172880498762,0.0027931832963063274,8.011762776849789E-4,4.6377074485237245E-4,0.003677570928177573,3.447641984484365E-4,0.0010643246912624387,1.0,5.079065182180696E-4,4.736210792019235E-4,1.3908253742000353E-4,1.4155888645446773E-4,1.5331672707992095E-4,0.02321636598594846,0.0014894009409322484,9.838584302922455E-5,2.74265738732713E-4,0.001996214368320869,1.9339067262772456E-4,1.226466951317811E-4,8.959055602169322E-4,8.476996842700107E-5,0.005714939743767088,1.4536890581825875E-4,0.002032790044045835,0.0011316199444105616,2.811465551194214E-5,4.379268417768092E-4,6.708244188992677E-4,1.9253743548326043E-4,0.0035846938320782794,0.028645198768253593,4.43874765300714E-5,7.485489281320171E-4,0.001238284615890935,0.005316479387675783,2.1101744198868337E-4,0.007391499040062891,1.8118100735866122E-4,2.8285458329233237E-5,1.1872220627953447E-5,1.334170775340524E-4,0.04934571523889285,8.897953976664538E-5],[1.4102140013828556E-4,0.001911894866410007,0.0013488244832994864,0.0012155926745547121,7.375723278080439E-4,2.678446795498222E-4,3.213275097169201E-4,0.001313152775593006,5.171681711777592E-4,9.217073759830983E-4,0.00328692596646905,0.001181404073137376,0.02931284227830033,0.0033351172352810736,0.001037006837701438,0.0010422560132011256,0.004262887173804572,8.646568491494614E-4,0.0019813722569021093,5.079065182180696E-4,1.0,0.0031600859475271253,5.295612606199074E-4,9.576361878725332E-4,2.185607040006382E-4,0.015362431502274988,0.0030828556032653064,3.7242738812523854E-4,6.996998315552552E-4,0.0015047548332278214,8.712483241247503E-4,9.332475920887606E-4,0.0010651169174321455,2.475804554073265E-4,0.00832757952192205,1.2625418929181645E-4,0.001524007769764742,0.0012575919744273352,8.929103749209634E-4,5.182288331040477E-4,0.0013909168269694895,5.024267506040133E-4,0.0019886366792763715,0.030458848253769658,6.181420318567548E-4,0.0010126782586903692,0.0024908004764247014,0.030766562607942177,7.47801245169106E-4,0.005977305671463322,4.247552251550234E-4,7.844609451287401E-4,5.889162048131617E-4,6.080203699597852E-4,0.049565003073033125,9.295428630786437E-4],[0.0032136697057073855,0.0020799127319342885,0.0030721021690978,0.002683701949571316,0.0022516154381687116,0.001264841488514271,7.636598658506034E-4,0.0026124151544492462,2.384109724707896E-4,0.0012682110656071569,0.010107701569644712,0.0014511951364980374,0.015718160250498124,0.005896924086983003,0.00145031189431718,0.0028105821249158947,0.008935647562857746,0.0011509999771337138,0.003876695120879686,4.736210792019235E-4,0.0031600859475271253,1.0,0.0012206822989876715,0.0010391319309370414,0.0020565143861580436,0.011264343566730632,0.0033409520123500102,0.0013143166553388024,0.00247939504433079,0.003286821162427132,0.0025432590864376712,9.23264159317661E-4,0.0023591389930904465,0.0029997192846854008,0.00485174844551726,2.0997228814979304E-4,0.003001463416624239,0.0031707060300519107,0.0018328899128921886,9.353719314947966E-4,0.003300437221275065,0.0030216142031752554,0.008120613368999408,0.020218421108408578,0.0021748198286143062,0.0017844987169925038,0.003263270313126322,0.013876034908603471,7.823759721061925E-4,0.014201966870388312,0.0010811958349777146,0.001138380477997207,3.612619675474821E-4,0.0020820696463373185,0.022129065414957155,0.0010006678135978163],[6.959927147111013E-5,0.0010562957645075908,8.426790326589998E-4,3.4707941208778797E-4,9.089198878345916E-5,1.2945199646651457E-4,1.1854152522869875E-4,9.746025857615705E-4,1.2048341050708356E-4,3.7563206052995695E-4,0.003679756708300341,3.708221289938834E-4,0.021103103891988224,0.0033179312339395913,2.504732139691143E-4,3.4368143150873573E-4,0.006498104034955505,4.163249916277143E-4,0.002563652934806669,1.3908253742000353E-4,5.295612606199074E-4,0.0012206822989876715,1.0,1.5244565868266419E-5,8.42113904734138E-5,0.01849267473327553,0.0016630256535610786,6.03828997467734E-5,2.990288641248614E-4,4.644866267987332E-4,1.6763751435907803E-4,3.1938130680133156E-5,0.0011465185862482056,3.3308295884627184E-5,0.013115013999280362,9.786545820054512E-5,0.002110978866525858,0.0023178480743621358,2.981904227688844E-5,1.1606057840490486E-4,2.66316956331613E-4,1.749997354459905E-4,0.002165868112345687,0.026312291525942645,2.3095859220677492E-5,4.3958556295042075E-4,3.236386028066397E-4,0.023858722391439744,1.7464558335621557E-4,0.012401781605404474,7.860479196888581E-5,6.219916383314722E-5,1.4090057940050312E-5,8.11072708522881E-5,0.034345746571200764,2.5264739414500027E-5],[1.757717875554926E-5,0.0017308807013884703,6.381353949660092E-4,3.0618196891337487E-4,3.697745482764864E-4,1.5994629949928245E-4,1.4059943236316183E-4,0.0011436052038089005,5.772070234012633E-5,4.3110065321878144E-4,0.007670823916672698,0.0012264394410282083,0.028136160718950816,7.098094488317661E-5,4.7333013143081474E-4,7.240239616454965E-4,0.009973159448176625,2.574375907482757E-4,0.004350053222031401,1.4155888645446773E-4,9.576361878725332E-4,0.0010391319309370414,1.5244565868266419E-5,1.0,4.486626064784799E-5,0.0030945151623343386,0.0030977738032501472,1.7208593912840533E-5,2.8676912634616425E-4,4.5215983539873906E-4,1.5293488709325052E-4,1.0689286977538427E-5,5.883015869029772E-4,1.1732599458744566E-5,0.012690481017871581,1.0139765208920948E-4,0.0016351677715588692,6.160274979066301E-4,1.4336759380474368E-5,4.1446348062096355E-4,0.001461646059179912,1.146457750172065E-4,0.011150291447000988,0.007089476861984488,1.1883140478148E-5,1.7896883809806745E-4,8.797851590251136E-4,0.035057813575930574,1.2571981880061102E-5,0.011704202883410153,5.14654423040261E-5,1.3315252750716751E-5,1.0790230760425977E-5,4.825544382073483E-5,0.009176675866554728,1.3630677373290973E-5],[1.384880034092262E-4,0.0018152666221700343,0.0011652631493751,6.204480056151809E-4,3.2550715360337703E-4,1.5725266180176644E-4,1.9278979274994692E-4,4.1391194139956745E-4,1.833482508758981E-4,4.541601427245725E-4,0.008015981774703924,6.866147444688713E-4,0.019259242241537397,0.004182036071528416,7.502772461454146E-4,1.897245197668379E-4,0.006529653073254749,2.1956187531510356E-4,0.002745687892568662,1.5331672707992095E-4,2.185607040006382E-4,0.0020565143861580436,8.42113904734138E-5,4.486626064784799E-5,1.0,0.012690239897891854,4.961950175976538E-4,1.297642178064153E-4,2.2474142914067616E-4,0.0020681153562790372,1.4673528275873605E-4,1.1055118576080048E-4,5.73544305610039E-4,5.22031234819642E-5,0.009252813044083695,1.322201402854863E-4,4.4488342388205346E-4,0.0025095606745398143,7.150295388035419E-5,4.4817704409301083E-4,3.1539716055503924E-4,1.828901056209364E-4,0.005317543669337679,0.01486595787169325,6.821657780161207E-5,4.977114035571244E-4,9.254349322475739E-4,0.020169899808949527,1.4184722483998315E-4,0.013742411052703693,1.2972457849401168E-4,6.208011091235902E-5,1.2825625238328364E-4,1.2355964126956813E-4,0.03204314913434304,1.192394700082537E-4],[0.00722301019177704,0.003912713084469758,0.002109204566465389,0.02329009779831153,0.017375625002292665,0.008565624030047922,0.024326569569146823,0.0039527521699672915,2.6118100038400384E-4,0.008433430059447855,0.013373693673292282,0.018836769381930796,0.026219044941920438,0.01886102529038294,0.008952404692586626,0.025472782910715756,0.01420070925985921,0.005358892453458419,0.018027211252392563,0.02321636598594846,0.015362431502274988,0.011264343566730632,0.01849267473327553,0.0030945151623343386,0.012690239897891854,1.0,0.02451608314181389,0.008999213039091925,0.0057317802952619075,0.022135857190843808,0.012985786700012217,0.0139981240382194,0.02391771813753406,0.008817350320674506,0.020540596262685982,0.011003824567463082,0.018280530017159544,0.005824257535557874,0.022475168809058567,0.018807995390530376,0.012997563065734838,0.018814228538677525,0.01974990307195841,0.055086700515037924,0.001296687510624056,0.017635226189074777,0.01983560079480851,0.026261052926877183,0.0034382751770291224,0.025375269928027716,0.0033613447775247916,0.016986035416290433,0.0031123244202932417,6.349948148950022E-4,0.05225199399395389,0.021402009813159296],[0.002566012903626556,0.0027866744382980197,0.0028304245497950647,0.003084995590873252,0.002451972995890045,0.002914609978998493,0.0033468735296745284,0.0022126901507123547,0.0027727419467222267,0.0030789469403760955,0.008344590878593516,0.0031827090841864665,0.014435052761901157,0.003905572976924724,0.0030795250103322113,0.0023618311260438707,0.007545884227335776,7.07530155317023E-4,0.004622346567407642,0.0014894009409322484,0.0030828556032653064,0.0033409520123500102,0.0016630256535610786,0.0030977738032501472,4.961950175976538E-4,0.02451608314181389,1.0,0.001790792899663042,0.0015117026825375512,0.00352756996478299,0.0017423645018658834,0.0027122924810800897,0.001908616890153439,6.532801883946366E-4,0.012950768465946717,0.0031981216467472295,0.0034557083259645757,0.0029357540148769144,0.0033285037234491452,0.002959073345654546,0.0021603973140185613,0.00225947684507553,0.014081721822076548,0.028021355644529032,0.0034362205525411867,0.0028192300135110805,0.0033843439237933176,0.027668292502378265,0.0026188628167870278,0.00530853083191553,8.484135755998693E-4,0.0028029188190295267,0.0011175641050613899,0.0012556356338187977,0.02206249332749239,4.6837557923405475E-4],[1.1799853259978908E-4,0.001968723908396886,2.792087631292442E-4,1.2796131310312145E-4,4.074468392473747E-4,9.506539211338427E-5,5.910516484917927E-5,7.599268490543363E-4,7.974609972845655E-5,4.4744660199796005E-4,0.007866499946391216,0.0010922605457707889,0.0023895058830779524,0.004020791250980218,9.029202083618128E-4,7.792299022606511E-4,0.0010350736104494918,4.5502532504907925E-5,0.0010681046688780743,9.838584302922455E-5,3.7242738812523854E-4,0.0013143166553388024,6.03828997467734E-5,1.7208593912840533E-5,1.297642178064153E-4,0.008999213039091925,0.001790792899663042,1.0,1.244630363896333E-4,0.001130078037043727,1.6067263368756571E-4,1.9781719608381973E-5,5.481066370738719E-4,1.5597148199387336E-5,0.012842400861224955,3.1652118671639486E-5,0.0013518464717363387,0.0021854758558576015,2.0835880672317237E-5,4.0200724253107835E-4,0.0016309343543551588,1.7137669269906222E-4,0.002718098916099298,0.019258065351234307,2.101502331739956E-5,8.18631951297705E-5,3.644871819278073E-4,0.037905853853758095,1.7955525237461686E-4,0.0011321900935678396,1.1120774279363549E-4,2.220407434099705E-5,1.120450589249292E-5,1.1332786232213458E-4,0.018350215553903333,2.272870814096854E-5],[1.526451311865719E-4,5.119555057233299E-4,0.001279611661040258,0.0014118777560182525,4.1355005024740617E-4,3.207906012741101E-4,2.1058828052239277E-4,5.175739373910065E-4,2.0364824070653387E-4,4.975315078069526E-4,0.004325850106347266,5.24612287701661E-4,0.008734595400886511,0.004803178180842902,5.395921353574226E-4,5.928758700562955E-4,9.848244932253805E-4,4.0097177724803554E-4,0.00220403176312918,2.74265738732713E-4,6.996998315552552E-4,0.00247939504433079,2.990288641248614E-4,2.8676912634616425E-4,2.2474142914067616E-4,0.0057317802952619075,0.0015117026825375512,1.244630363896333E-4,1.0,0.0015614918992519727,2.8811321171437953E-4,8.275709853950163E-5,7.468107885738944E-4,1.9698023870521234E-4,0.0011415976166876368,2.7868101851988476E-4,8.145874464774467E-4,0.0021695214300475403,2.68574285517034E-4,4.823820302541904E-4,6.496283151239488E-4,3.038439037158424E-4,0.005815909252915126,0.008557818794043538,3.318502267985555E-4,5.376405420340004E-4,0.0011736294842555506,0.011616599190528692,3.6840833322947047E-4,0.011312123709158661,1.5165481008828742E-4,2.0961741046402637E-4,1.5438726588752497E-4,1.6071753305216526E-4,0.026229467128902516,3.309339104069162E-4],[6.46775875727813E-4,0.0019967166400603445,0.0016197554802645224,0.0017373055456655219,0.0018853168142325524,0.0020510893960142985,0.0011725524637113275,0.0017624621965437078,0.0015063748847457931,0.0016659245166374937,0.0036095483278398965,0.002100763994451953,0.03024308550681308,0.004850775139636084,0.001816301675449869,0.0012915621304448147,0.003499217275451852,0.0015570530104525196,0.0038344098424507806,0.001996214368320869,0.0015047548332278214,0.003286821162427132,4.644866267987332E-4,4.5215983539873906E-4,0.0020681153562790372,0.022135857190843808,0.00352756996478299,0.001130078037043727,0.0015614918992519727,1.0,0.0015443656808216818,0.0011890677147804707,0.0014041469073016145,4.372880624715381E-4,0.014788796194523923,0.0015573263651759617,0.002179875756878723,0.002613360460572747,3.508550904927623E-4,0.001387929407498757,0.00211995387336078,7.041548943817586E-4,0.005061078894317368,0.02445410450771092,0.0016007792130604845,0.0018491420852667553,0.0022877995616986018,0.03930717738078506,0.001437583636854936,0.009776135461771963,0.0019820474470976872,9.067816066804655E-4,8.636484096772267E-4,9.334941210206589E-4,0.03570226084243885,2.8467427899708765E-4],[1.8516958412528056E-4,2.0297140121887933E-4,6.142921128694766E-4,4.949911196008333E-4,2.2158885506273616E-4,1.9102132830620404E-4,1.969055003142002E-4,8.462750827178801E-4,2.0261791307473576E-4,2.3874355801034738E-4,0.009619637362947872,6.520398561618991E-4,0.012910887012796473,0.004800707457994907,4.639079604387989E-4,0.0011405170539858947,3.7265341287234105E-4,2.236636166837364E-4,0.0028270661242836134,1.9339067262772456E-4,8.712483241247503E-4,0.0025432590864376712,1.6763751435907803E-4,1.5293488709325052E-4,1.4673528275873605E-4,0.012985786700012217,0.0017423645018658834,1.6067263368756571E-4,2.8811321171437953E-4,0.0015443656808216818,1.0,4.524926464029789E-5,7.557394008205151E-4,1.2278176523414312E-4,0.0024087789724610413,1.6010403258272173E-4,9.392113048127813E-4,0.0018664603318607911,1.8651950400079155E-4,4.397813536503127E-4,0.001461583030708305,1.9372176239713042E-4,9.92884818454931E-4,0.003828037262116798,1.6960221077633967E-4,6.065850258013307E-4,0.002919481281374691,0.024272284110856177,3.5595399270762216E-4,0.00588200901841189,1.782832179370902E-4,1.817345337328694E-4,7.332076020340753E-5,1.7056363852746272E-4,0.007266250535677917,1.1188178302447993E-4],[5.2584963128998955E-5,0.001958780308796465,5.321698209760313E-4,0.0013187007870833457,2.2111648341967957E-4,6.0560837985837435E-5,1.779852429252771E-4,9.0718211438618E-4,1.4181854862505868E-4,4.2308569481352054E-4,0.008137708424281078,6.106492764968049E-4,0.004696293681594991,0.0010064719367935552,6.930827874325473E-4,6.738227642877698E-4,0.0036020870702866774,3.524131096979467E-4,0.0014760250773838942,1.226466951317811E-4,9.332475920887606E-4,9.23264159317661E-4,3.1938130680133156E-5,1.0689286977538427E-5,1.1055118576080048E-4,0.0139981240382194,0.0027122924810800897,1.9781719608381973E-5,8.275709853950163E-5,0.0011890677147804707,4.524926464029789E-5,1.0,7.486173448128203E-4,1.0943827131521778E-5,0.012184678152089018,3.480199006616014E-5,7.977347599676994E-4,0.0026535167454711703,1.1920473965134512E-5,4.357835528548457E-4,3.9302640003490097E-4,1.3048788426691128E-4,0.01210390063581792,0.04888716830842604,1.1355323885882517E-5,9.061809161192586E-4,0.001790791025503788,0.020599144219633245,2.934401805155913E-4,0.004086269324826514,3.743160058497035E-5,2.4057076800126168E-5,1.0307995980083378E-5,8.180950501750035E-5,0.012025678137940773,1.7223549207096133E-5],[0.0010248790318585787,0.0015621330767670901,0.0013704888139794362,0.0013098851238374366,0.0011721762534548192,6.260400771953567E-4,6.415639709305866E-4,0.001229522297158503,8.570258938606454E-4,7.319922219498081E-4,0.005108614257081808,0.0011889102455482387,0.027538628730312893,0.0015135228859141383,0.001126489878737605,0.0011841140930417611,0.005336319422203405,9.443098329590463E-4,0.004402425972353075,8.959055602169322E-4,0.0010651169174321455,0.0023591389930904465,0.0011465185862482056,5.883015869029772E-4,5.73544305610039E-4,0.02391771813753406,0.001908616890153439,5.481066370738719E-4,7.468107885738944E-4,0.0014041469073016145,7.557394008205151E-4,7.486173448128203E-4,1.0,7.519295819692387E-4,0.0020044240605894266,5.119689405919035E-4,0.0019115514109380445,0.0026631009113060556,0.0010872650959765893,5.577700910116693E-4,0.0012228561133898665,9.215530637447244E-4,0.0032946019983578433,0.006292915926413454,9.436650793195488E-4,0.0010637724293108106,0.00318126629521776,0.0035398695382783713,9.676711590774463E-4,0.005438526472127362,1.9722156439544225E-4,7.830304608735703E-4,8.187427567859469E-4,0.0011050747987863818,0.04118271453011154,9.157086775188584E-4],[1.5152684437126485E-5,0.0015950176974079756,3.641492788252519E-5,0.0011231666813828047,1.7582906830781608E-5,4.1977507329336535E-5,1.4446919923393744E-5,0.0011524433512370051,5.958363059388695E-5,5.507876790453496E-4,0.0025388953980815285,0.0011745895563313026,0.020256278167312503,3.005304004867444E-4,4.57906951853359E-4,6.897833035487076E-4,0.0047077192109590575,2.2507029139928774E-4,0.003970722505861643,8.476996842700107E-5,2.475804554073265E-4,0.0029997192846854008,3.3308295884627184E-5,1.1732599458744566E-5,5.22031234819642E-5,0.008817350320674506,6.532801883946366E-4,1.5597148199387336E-5,1.9698023870521234E-4,4.372880624715381E-4,1.2278176523414312E-4,1.0943827131521778E-5,7.519295819692387E-4,1.0,4.0871786216728555E-4,1.0004883331517724E-4,0.0021908679290810616,0.002353142282768675,1.659640611377526E-5,6.753445796360747E-5,0.0017903358837771067,1.751304850093729E-4,0.0053963632285291266,0.04914604824308884,1.1917007304647751E-5,1.4874960578219922E-4,0.0015617526644902899,0.016586032359783974,7.247778697898056E-5,4.585943523721215E-5,6.110563367836578E-5,1.2941160601355672E-5,1.0552869734461525E-5,2.5105185577279754E-5,0.028458107898587503,1.8932