[[1.0,0.0012547290892569985,0.004008094123905324,2.250042957213E-4,0.03653148581524024,4.3028621235183023E-4,2.303165607287682E-4,0.001112679491846074,3.7613027898365033E-4,0.03959642582172009,7.794797800525731E-5,0.0011977277731576137,8.7830447578213E-4,0.0033918322771294375,0.006820505303876283,9.278129658711599E-4,0.0014093451590484528,0.0013496032011992988,0.001009465238611032,4.5687237181183066E-4,0.001131144474634457,7.717226548704323E-4,0.0012261500349556088,7.402902669555505E-4,0.0033031435821065354,8.229056713020448E-4,4.2310931089329957E-4,0.003649076042636437,0.00397941491503678,4.912436698419308E-4,0.002132827184771989,0.0010039630248308796,7.85169699531344E-4,9.292183331689442E-4,0.0011417978558130324,0.0012043763172325814,0.001258481993298318,0.005488516272324593,0.007836566722730424,0.002315079555686125,1.5618225996326843E-4,7.129902477386356E-4,4.218603492385675E-4,0.010917685429241243,0.0018017499231034934,0.0011461036042643166,0.001450969271173881,8.608991847170539E-4,0.0015930120154835107,0.0010240198792283422,0.0012133479006471554,0.003386379821651321,1.0532734255801975E-4,0.0013746879188325522,8.384933605035411E-4,0.001405304537756538,8.871412287811735E-4,0.01132769200397551,7.721084552069985E-4],[0.0012547290892569985,1.0,0.0030130023292271363,8.252725578788867E-4,0.0065994420305342414,2.4039201458548237E-4,0.001974734979700167,3.9845638578417186E-4,0.001126051345317583,0.0694401550661602,3.6708457164425314E-4,0.0021075409107333084,5.378226077988325E-4,0.002479431542716726,0.014552323471448393,0.0015398390286251872,0.0021600233453987878,0.0019383206163820334,8.752767477014249E-4,9.329918501413382E-4,0.0010465978183091052,9.235921053409694E-4,0.0015247262834294127,0.002027714066870781,0.01884735296194673,0.001876319956357642,8.660068497297838E-4,0.0032740573734540354,0.003726753846520785,0.0020328122809938893,0.004320314769557055,0.001881443092227035,0.0018361745749757926,0.0015976975852708547,0.0017477569321777066,0.001567265333322492,0.0015249981539179852,0.004890036609893193,0.008898127060510307,0.002965394679178868,0.001273046945904824,0.001962255389529361,0.002102344052256355,0.0027658372353067074,0.0026910367543953474,0.00161255903443917,0.00357443985910476,6.126321742319679E-4,0.002061926776119442,8.572892064056718E-4,0.0021884092845498877,0.0029514001319282425,7.667270638724056E-4,0.011380815267351869,0.0011385737013735887,0.002545869549688336,0.0015923762368903007,0.017390033292605158,4.459895583048115E-4],[0.004008094123905324,0.0030130023292271363,1.0,0.004254972433827962,0.012503999389933525,0.005548894370795367,0.010657728450069598,0.007238101307746155,0.0011755080456986693,0.023167899636586664,0.009443069626725831,0.004206705845043025,0.0012883250436110869,0.0038943521008139863,0.03527935406262137,0.011020346457371398,0.004904086969592712,0.006377667167064083,0.007547916019846366,0.008419572511682615,0.006557230225673331,0.008621634569800512,0.004998097715488901,0.008294004459695517,0.021990500456542095,7.233092629478702E-4,0.009820835163437755,0.010654284504504716,0.00934752605192036,0.009988767905701041,0.011427756748457344,0.01007954635913812,0.010568051031776634,0.003286015582407942,0.004647197720670444,0.0047406847199444315,0.00651624253629732,0.007012344065014485,0.011333597912866597,0.007603033524402723,0.005228230148267842,6.876381289456109E-4,0.006323315703962156,0.011241498320385205,0.010480076452427857,0.007078526830661573,0.004901937587689026,0.008689017827612881,0.0030093127024407836,0.010349743569195978,0.0025053240493072343,0.00599413039545888,0.009287747324971021,0.011538240487805829,0.009167701440395247,0.006876908550100779,0.0017831212757895539,0.012636581281010235,0.009503452230638554],[2.250042957213E-4,8.252725578788867E-4,0.004254972433827962,1.0,0.04488133943093368,1.63500328578919E-4,6.24367231523664E-5,2.233048638878401E-4,3.585055915783028E-5,0.016238086370108,2.236484861535611E-5,9.17035899465301E-4,3.0955711714714183E-4,8.491827927047876E-4,0.026577998515432754,9.109207545369265E-5,0.001196603363545367,0.0014504510151821422,2.2082823055267376E-5,1.0785761757770682E-4,3.1599285718011174E-4,3.7099621592522224E-5,4.812920681217501E-4,1.0544236970670953E-4,0.002779565412535865,1.3084035264562455E-4,1.8904461674452007E-4,0.0025713248836100587,0.005534156449415788,3.354990558602775E-5,0.0023216719056847156,6.641168034983159E-5,3.55038620824784E-4,1.1331059524732163E-4,2.0481069605728976E-5,8.909596033047273E-4,7.827880532954018E-4,0.002464913430946057,0.005059101419846716,0.0016490070517714904,7.054289360883237E-5,4.7023773554994813E-4,2.3016702032633755E-5,0.002420180024958437,4.397788140957094E-4,6.273509599599652E-4,0.0015726781413700956,1.4811206564626373E-4,4.13601039002038E-4,1.800851833929685E-4,5.901691154331327E-4,0.0020731826832580606,3.167002282553971E-5,0.0013546048969481728,2.0608890852789923E-5,0.0012103431727949808,2.5282690768461626E-5,0.01696580024688652,4.324264284227875E-5],[0.03653148581524024,0.0065994420305342414,0.012503999389933525,0.04488133943093368,1.0,0.007409896657927224,0.035269719505404896,0.04061688716499457,0.011074007456634402,0.06160170362997847,0.04502008263379972,0.04409313457290052,0.02840112849019364,0.03145798787576296,0.042937068404967436,0.019870747279640787,0.028291214623635878,0.028399435029748187,2.5951166330905046E-5,0.034092021119846015,0.01374068277818995,0.019818323582423303,0.009548268162739494,0.020347406380373672,0.03884991048167002,0.03407139966278007,0.002852666033017234,0.00945638605534685,0.009884912417524254,0.03685291859159063,0.03748035070540363,0.03565923322840959,0.044985453043363544,0.03849819114528743,0.04467826259693328,0.04136945635455307,0.018952252515579953,0.029584509031354077,0.031548795928522375,0.020067852199776734,0.026149944959743154,0.007708931503361036,0.00946408428366978,0.03699382046485236,0.029398673824844346,0.043284225748683965,0.013490795772346487,0.043851811857052336,0.03256158398106199,0.016325323055421795,0.009144166660998033,0.017305018770121625,0.020263785784544585,0.03579048497248899,0.02787900039009327,0.014268208686366256,0.03241211011661632,0.022794922666433817,0.004178013178665597],[4.3028621235183023E-4,2.4039201458548237E-4,0.005548894370795367,1.63500328578919E-4,0.007409896657927224,1.0,1.6767988146084605E-4,3.0639847452848887E-4,1.75167700458279E-4,0.03968366061252383,3.27187875249908E-5,0.0011559659523626194,3.5225637592551794E-4,2.1481977157151576E-4,0.012220076608751297,1.3942718378460046E-4,2.596526184960172E-4,7.680105160950254E-4,1.1971795392121587E-4,1.6276299464580108E-4,4.0883544735730146E-4,1.6873159865081876E-4,5.528410870974719E-4,1.6417102604033047E-4,0.02058713974444878,2.645925934579591E-4,1.8128735547746122E-4,5.455953291737111E-4,0.0019296710025080688,9.405671395252562E-5,0.004465292686711514,1.8199404357096058E-4,6.409988358260914E-4,1.7140445574950777E-4,4.6194006032662066E-5,8.563263150574928E-4,9.099764724695106E-4,0.0021001336637048273,0.0017572310482823622,0.0030020942138319294,1.6190798614661405E-4,2.3398723643711046E-4,2.4002037382198528E-5,0.00181097914110338,0.0017467883603434597,4.131883700657404E-4,0.0018455579455112345,2.4260508362370682E-4,7.498268683660948E-4,3.786549537377908E-4,0.0010502662001297446,0.0031865107085892303,1.5047317105735587E-4,0.0013243129416852155,5.7321738853052635E-5,0.0015020934491837363,6.112879423126961E-5,6.959685680889087E-4,1.5697883738357657E-4],[2.303165607287682E-4,0.001974734979700167,0.010657728450069598,6.24367231523664E-5,0.035269719505404896,1.6767988146084605E-4,1.0,2.9882294277849077E-4,1.2521122057901688E-4,0.06052888309947472,9.031097640498114E-5,9.802198790506342E-4,2.2609565570436206E-4,0.001189283871093668,0.005405538025632655,1.1231345734970071E-4,7.550252658673786E-4,0.001494374529564238,9.223445472020825E-5,1.3066416174928826E-4,3.698562774020939E-4,1.2310107973187342E-4,5.482381643897095E-4,1.3576413530488302E-4,0.0073694966790106365,1.5249467106062746E-4,1.286708171440206E-4,0.003741693172660519,3.8194347194037804E-4,5.347028696215596E-5,0.002087526616396435,2.634449976203072E-4,3.133138931632614E-4,1.1752286034327715E-4,8.82798681790448E-5,2.790945653816557E-4,6.726508013452815E-4,0.006024169241041257,0.0017750680176705077,0.0024747746894192685,1.1517598864028668E-4,4.4651146307827285E-4,1.2149195660431812E-4,0.003723133703598288,0.0015010332740348381,6.077841834736045E-4,0.0034866525125738313,2.468615022194091E-4,0.0016658138785074466,3.961846361222696E-4,1.9448735495031612E-4,0.0011130134590578995,1.1695117088205015E-4,0.006875744014570399,9.195515555306093E-5,0.002811591226685858,6.02125719358239E-5,0.004070933278260008,5.1795723809500476E-5],[0.001112679491846074,3.9845638578417186E-4,0.007238101307746155,2.233048638878401E-4,0.04061688716499457,3.0639847452848887E-4,2.9882294277849077E-4,1.0,3.3214827774723384E-4,0.025112114476783368,8.186454443828487E-5,8.697259390863619E-4,3.847315843240587E-4,0.002969887307857914,0.0045551646180742155,2.1152634238233436E-4,0.0015830006603197548,0.001136714018280759,3.57930888162542E-5,2.623517047524906E-4,3.749281917754033E-4,3.4756382438570104E-4,0.0010394150317437102,1.5163124586848939E-4,0.01349474931108108,3.348335236903163E-4,2.863934151068909E-4,0.006266193675478796,3.764736119578481E-4,3.4031498298742126E-4,4.2062506367391466E-4,3.705992466288808E-4,4.6620886537204645E-4,1.3422951429648027E-4,2.422538684905628E-4,5.019748386844133E-4,6.348541333692894E-4,0.0017958377296072288,0.005072643155423348,0.0027970136474006558,3.620673146280401E-4,5.453705422374886E-4,1.989365939988977E-4,0.003574193756279672,0.002647897690911115,6.414653513730757E-4,0.001990287189572322,3.6508702605582443E-4,0.0014028203563078996,4.917782188219284E-4,0.0010796429164075922,0.001482455366308599,1.419419817918707E-4,0.002492063653034353,1.6168384743491166E-4,0.0010031361029552864,1.9804309162971335E-4,6.227530475849454E-4,7.117451006171432E-5],[3.7613027898365033E-4,0.001126051345317583,0.0011755080456986693,3.585055915783028E-5,0.011074007456634402,1.75167700458279E-4,1.2521122057901688E-4,3.3214827774723384E-4,1.0,0.059296262959089054,2.6508977417706482E-5,3.4853591868628945E-4,1.7624593868828975E-4,9.402499288561776E-4,4.670829497692877E-4,1.2466971331713195E-4,0.0017389574910587381,2.2084342515349544E-4,1.0487831310246833E-4,1.346522522328241E-4,3.737405591880008E-4,1.2073737898205066E-4,9.067155526818701E-4,1.349282848044445E-4,0.020995003638035404,1.6992552377307035E-4,2.2605106428116395E-4,0.0031574996388841555,0.0033074295138747264,7.575417727202417E-5,0.011431333649922661,3.4214503705290206E-4,4.298985591492545E-4,1.2552084307640833E-4,1.1280677961766969E-4,8.71707288546285E-4,5.205795047500439E-4,0.003035798692669374,0.005334020502881947,0.002764335210989379,1.1391088211761001E-4,4.370036017089339E-4,1.0996815794688534E-4,0.004248822596383267,1.498166984068177E-4,1.693553012818051E-4,0.0023232095593733577,1.5047236948207533E-4,1.614508138916974E-4,3.476383144999769E-4,7.339605316279653E-4,0.0013801768394290236,4.909784463906285E-5,0.003648924185255678,7.25649842660978E-5,0.001991812105253781,4.28730958276905E-5,0.0017507909734039062,9.604964484985243E-5],[0.03959642582172009,0.0694401550661602,0.023167899636586664,0.016238086370108,0.06160170362997847,0.03968366061252383,0.06052888309947472,0.025112114476783368,0.059296262959089054,1.0,0.0430931867761757,0.013164260164020183,0.014310115255775304,0.06742117413178661,0.04100043925022337,0.028772059792349244,0.06646260619839528,0.011570887013325048,0.039227972803875126,0.010394793208176848,0.05647694272838073,0.04416158783047521,0.006241285277333966,0.011782767566380185,0.023871567885105388,0.04457734110662116,0.02238603756171902,0.017730388606122634,0.049895699280170465,0.0254621022786557,0.05504705542843184,0.032465074303235045,0.021741922131570734,0.009547762179723019,0.04448017459433234,0.009901971058282315,0.032392091174531706,0.0111196779257554,0.07231065079484852,0.0040936808970104994,0.03236877710347292,0.022200150887131037,0.07065567609912045,0.022649820737972417,0.03480270011181718,0.02908630911821956,0.04060509609118251,0.06253000276991234,0.04195426420538675,0.04292644179935866,0.053568983190278335,0.06688188289876465,0.012308275220351264,0.043239614272860244,0.061241114089682906,0.07314187805767752,0.0041752472656842714,0.05832637587547663,0.06074175760714882],[7.794797800525731E-5,3.6708457164425314E-4,0.009443069626725831,2.236484861535611E-5,0.04502008263379972,3.27187875249908E-5,9.031097640498114E-5,8.186454443828487E-5,2.6508977417706482E-5,0.0430931867761757,1.0,8.566209866581352E-4,7.851050132133311E-5,0.0035345314204766965,0.024891978214281855,8.679007999628523E-5,0.001305074444981247,8.015223710722083E-5,1.1692244227824947E-5,5.1999719982915736E-5,4.896829486269103E-4,1.0485768720467446E-4,9.888731875054698E-5,2.228105100530422E-5,0.010067065091841403,3.00659756685226E-4,1.5887795893304276E-4,0.0025199243036133907,0.0021803768073744207,2.668250213635213E-5,0.009247210793048523,9.541256361758957E-5,6.341087300383864E-4,9.17541690794216E-5,1.79865887132152E-5,1.3027980332615475E-4,8.696637801318669E-4,0.005839914635223993,0.004110833136458134,2.010203334499259E-4,6.587356514818293E-5,4.277289287389244E-4,1.321238745759801E-5,0.00222448925295097,0.0019228311783188838,7.124311949187727E-4,0.0036091984679949988,2.4625902605324916E-4,1.1660981450326066E-4,2.5068101700564835E-4,6.629944091080958E-4,0.0032954442260512288,1.9016640079733366E-5,0.009687098644829459,1.4622293981045435E-5,0.0023168862413321997,1.3613428722458206E-5,0.013307561114486263,3.8337716801421423E-5],[0.0011977277731576137,0.0021075409107333084,0.004206705845043025,9.17035899465301E-4,0.04409313457290052,0.0011559659523626194,9.802198790506342E-4,8.697259390863619E-4,3.4853591868628945E-4,0.013164260164020183,8.566209866581352E-4,1.0,7.989778931623596E-4,0.0013076643071296874,0.027339737610475028,0.0011515128148989113,0.0013766120035168478,0.0012621465400157322,0.0010184357673838139,0.001140880490830405,5.976894257810972E-4,6.179399622572895E-4,0.001102376688901466,3.052382096846348E-4,0.023216479621984802,8.488061364942503E-4,6.931957055254393E-4,0.0012632389660712756,0.004027333029433762,4.571837460453744E-4,0.0061239744117370385,5.20821283079166E-4,8.925074202361656E-4,8.508032554222395E-4,3.309430645631106E-5,0.001166375195720867,0.0011866270448575014,0.006659286839499391,0.009210036457051323,0.0022381137604626077,0.001143316636954304,8.993035804050148E-4,5.48998030369326E-4,0.006958999084224842,0.0022353969031405187,0.0010048240914449084,0.0026622264883910144,9.796969303845554E-4,0.0014136873904050105,6.176574681914935E-4,0.0011442587584554198,0.001539035686543107,0.0010275771835961277,0.006362684825448524,0.0011013821401558211,0.002138595059267105,8.617958141733466E-4,0.009359254705571531,9.152359610496557E-4],[8.7830447578213E-4,5.378226077988325E-4,0.0012883250436110869,3.0955711714714183E-4,0.02840112849019364,3.5225637592551794E-4,2.2609565570436206E-4,3.847315843240587E-4,1.7624593868828975E-4,0.014310115255775304,7.851050132133311E-5,7.989778931623596E-4,1.0,8.821007575461912E-4,5.268136371840682E-4,2.2282917387487323E-4,0.00127742728735867,4.624448052285865E-4,6.175185142008585E-5,1.568315476336651E-4,5.604367308148814E-4,2.0182442836070018E-4,8.75756017922228E-4,2.945737017996629E-4,0.016269965114761947,3.2926729214268266E-4,3.512497302868979E-4,0.0019118747512940901,0.004428198510405572,2.261261773095498E-4,0.0033427195762911507,4.2436193697402213E-4,5.014970716360253E-4,1.564737343503854E-4,3.522721618758927E-4,6.827016344367778E-4,5.736659838186811E-4,0.005208354812209452,0.0038941419895734443,0.003891860626788914,2.3817844986789022E-4,6.343956018383882E-4,7.619153583857608E-5,0.006638809263256284,0.001296586977616318,6.809092208668107E-4,4.8242242615723486E-4,3.4281928215692116E-4,0.001836620769136583,3.9712244171260884E-4,5.078052963342424E-4,0.0024139369126688144,5.772136153325114E-5,0.010382088340526384,1.1087889043218941E-4,7.405962038867449E-4,3.817575198313637E-4,0.005702604211951923,9.261319319034988E-5],[0.0033918322771294375,0.002479431542716726,0.0038943521008139863,8.491827927047876E-4,0.03145798787576296,2.1481977157151576E-4,0.001189283871093668,0.002969887307857914,9.402499288561776E-4,0.06742117413178661,0.0035345314204766965,0.0013076643071296874,8.821007575461912E-4,1.0,0.011454461339592398,0.003025284143671361,0.003295310402125902,0.0035068834315510836,0.0030120992029713063,1.7535849208039506E-4,8.220951814727103E-4,0.002394464793441976,0.0034311877312565293,0.002339183248212181,0.02165495043037229,0.0018725581147201885,2.626827191621768E-4,0.004868451280780153,0.005035433273250717,4.878597435275705E-4,0.009847027879691213,4.401231287335444E-4,0.0020394980554512203,0.0033938471176613695,0.0018438873309447306,0.0028544622347101093,0.0025586143306080443,0.006176238273167844,0.009555642278657015,0.0038455951194475025,1.7623275065441825E-4,0.0031223649108120645,0.0028558167613165334,0.005482940862987057,0.0032082242957652673,0.0011014816875099618,0.0038202162068560397,0.0011367508346383382,0.0023055712808568605,0.001554511143622524,0.002789303442795191,0.0037409458950932962,9.786021962934356E-4,0.004804059733766323,6.388295436340066E-4,0.003627985282814913,0.0014764794739443973,0.004565649135465472,8.906491422660568E-4],[0.006820505303876283,0.014552323471448393,0.03527935406262137,0.026577998515432754,0.042937068404967436,0.012220076608751297,0.005405538025632655,0.0045551646180742155,4.670829497692877E-4,0.04100043925022337,0.024891978214281855,0.027339737610475028,5.268136371840682E-4,0.011454461339592398,1.0,0.015565855119260926,0.006271111229001931,0.017404727326092804,0.023222760143828302,0.019669308915634728,0.020363434765568414,0.018020231442135947,0.02356696969419333,0.028067507477935832,0.031128805485454516,0.0013638144895626058,0.034016638282920106,0.022259160912661422,0.013006033184107734,0.021633693804019343,0.023771400905773593,0.007499900324950334,0.001511251748398576,0.021949552976157517,0.0037100736173435625,0.014048039679061411,0.015513070345984838,0.018951948184428705,0.02821672794468063,0.026229404874486443,6.966748448188976E-4,0.01628447049763892,0.022807779482521672,0.03067616226513663,0.0068460794135849455,0.024017678550960132,0.02337067277294894,0.017420625199180632,0.022311021176228563,0.016058461074384835,0.007021563127952514,0.004781152224541344,0.01778935893570679,0.03419057198893326,0.009675644877974964,0.00991287365329677,0.02514368198751645,0.02079077898424166,0.033889155346605825],[9.278129658711599E-4,0.0015398390286251872,0.011020346457371398,9.109207545369265E-5,0.019870747279640787,1.3942718378460046E-4,1.1231345734970071E-4,2.1152634238233436E-4,1.2466971331713195E-4,0.028772059792349244,8.679007999628523E-5,0.0011515128148989113,2.2282917387487323E-4,0.003025284143671361,0.015565855119260926,1.0,0.0019013435158950485,0.0011552404494461314,8.114383073309616E-5,1.2797401767460857E-4,4.6021276000338633E-4,1.1106061507668149E-4,7.08057960548906E-4,1.305116190609149E-4,0.009838959533514198,2.494634867456819E-4,1.5964026409051157E-4,0.004164290772795227,0.0023600190530684005,8.306571366496993E-5,0.009095084141941793,3.9313266232787546E-4,2.0212160114423255E-4,1.1226659953992113E-4,4.8105526582214534E-5,3.426083279157764E-4,5.263278508786342E-4,7.96084560936559E-4,0.004817275181413011,0.00286372083154094,1.1114619767830635E-4,1.7677679034990132E-4,2.0382264178564643E-5,0.002433223743800338,0.0018218084798593771,3.7562193878227054E-4,9.78230188133514E-4,2.1592869824309577E-4,0.001047356025806411,3.42446385905973E-4,4.8465641871650985E-4,7.399659741432902E-4,9.976373547930596E-5,0.0020191177730284338,4.84882294733535E-5,0.00117004025055676,4.3018591182449715E-5,0.011684236297440368,8.952698172794318E-5],[0.0014093451590484528,0.0021600233453987878,0.004904086969592712,0.001196603363545367,0.028291214623635878,2.596526184960172E-4,7.550252658673786E-4,0.0015830006603197548,0.0017389574910587381,0.06646260619839528,0.001305074444981247,0.0013766120035168478,0.00127742728735867,0.003295310402125902,0.006271111229001931,0.0019013435158950485,1.0,0.0019295315567182706,0.0010981009908163461,0.001372641571498091,0.0015835487603991336,9.26820241508133E-4,0.0014204998165793978,0.001598459369266146,0.010551618425832117,6.237818787677389E-4,5.229951780461369E-4,0.0056447293491941565,0.003698287727115927,0.00178016485494979,0.011504520336732169,0.0012352192303204499,0.0011643576974166552,0.0012217374197467932,0.0013059918725160493,0.0011577175398658952,0.0014063432925712437,0.00201526084292585,0.004801201287929112,0.003617394547885501,7.562051939575158E-4,6.422350953670626E-4,0.0016573343989705926,0.004910398639470173,0.0025397137160444753,0.0016212929631374137,0.0027860614582847646,0.0012253005108916568,0.001960774629954541,9.902214478511187E-4,0.0013059441622961978,0.0031841980674763384,5.950323313582761E-4,0.01183723415610216,3.711220319678309E-4,0.002225220694246211,0.0014234160619588565,0.01762615494824985,0.0015601473118899418],[0.0013496032011992988,0.0019383206163820334,0.006377667167064083,0.0014504510151821422,0.028399435029748187,7.680105160950254E-4,0.001494374529564238,0.001136714018280759,2.2084342515349544E-4,0.011570887013325048,8.015223710722083E-5,0.0012621465400157322,4.624448052285865E-4,0.0035068834315510836,0.017404727326092804,0.0011552404494461314,0.0019295315567182706,1.0,2.415277395266124E-4,0.001681269166902496,6.638684974363453E-4,0.0011278404795886593,0.0010769038046107944,6.319149183684554E-4,0.018387875990780435,0.0015957361261446903,3.653743164958315E-4,0.006405517498066001,0.0036626695067230905,7.53995174124917E-4,0.004594655914339456,0.0015586381149675999,8.578469764899388E-4,5.839505912272367E-4,0.0012506020658430025,0.0014664709454639702,0.0015952440916659951,0.0018039510010689837,0.004194093798704324,0.003108481987578329,4.767773941821784E-4,0.0011545332408553993,0.001469329128241176,0.00495064785889292,0.00301057360176981,0.00125851645079763,0.0021428144594182793,0.001533959588757725,0.001926001325022281,0.0012391112159373216,0.0014518144130626896,0.0029268328207698075,1.5703093610309825E-4,0.00795133286434316,7.934672047901518E-4,0.0025973497945479722,4.2402195071487793E-4,0.006697977669813431,0.0012795785027578627],[0.001009465238611032,8.752767477014249E-4,0.007547916019846366,2.2082823055267376E-5,2.5951166330905046E-5,1.1971795392121587E-4,9.223445472020825E-5,3.57930888162542E-5,1.0487831310246833E-4,0.039227972803875126,1.1692244227824947E-5,0.0010184357673838139,6.175185142008585E-5,0.0030120992029713063,0.023222760143828302,8.114383073309616E-5,0.0010981009908163461,2.415277395266124E-4,1.0,1.164149570580068E-4,4.886425693217011E-4,9.333274045914211E-5,8.406323206955879E-4,5.514538586189833E-5,0.02149648372085416,2.301862898034959E-4,1.6832820704469747E-4,0.0013749575119907625,0.005581098557028396,2.107668024629736E-5,0.005645946478990002,3.8859708708480586E-4,3.3591814950732345E-4,5.44727325946099E-5,1.7416682671638736E-5,6.4166155323471E-4,1.2595692607954027E-4,0.005132220615568233,0.012559233314727846,0.0035277813318009073,1.0885307591578963E-4,3.4116779712576613E-4,1.5623634850938894E-5,0.0053574272726369925,6.796023566522295E-4,8.159993180808637E-4,0.0032924265458706037,4.6120541427898614E-5,1.5569032988306517E-4,1.4833126479366226E-4,4.465652342410116E-4,0.0015110005418735718,3.3363992253235224E-5,0.012854454957567209,1.4954015603427151E-5,0.0023820051917679895,1.5053451375151128E-5,0.011327634449657186,2.4969772506620116E-5],[4.5687237181183066E-4,9.329918501413382E-4,0.008419572511682615,1.0785761757770682E-4,0.034092021119846015,1.6276299464580108E-4,1.3066416174928826E-4,2.623517047524906E-4,1.346522522328241E-4,0.010394793208176848,5.1999719982915736E-5,0.001140880490830405,1.568315476336651E-4,1.7535849208039506E-4,0.019669308915634728,1.2797401767460857E-4,0.001372641571498091,0.001681269166902496,1.164149570580068E-4,1.0,1.617464080375284E-4,1.3422210691752792E-4,3.40107202475542E-4,1.3604177984321707E-4,0.0015195906766049263,2.987266990211264E-4,1.514558449772828E-4,9.301082922692993E-4,0.0017694911396014988,5.1814528154301796E-5,0.0036238333369805462,3.705510509568763E-4,7.287887706773482E-4,1.2990328963127608E-4,3.5278711542508606E-5,8.746884035252786E-4,0.0012330713837616883,0.004979178586704528,6.109651972821797E-4,5.91114854328382E-4,1.1624626613094019E-4,3.6349677365568394E-4,3.5460390451679035E-5,0.003050653897174338,0.0011277848067269304,3.101716882296029E-4,0.00301403489214654,2.0511026254416815E-4,4.109270238732538E-4,2.2494955297857325E-4,2.5784436409573036E-4,0.0030278528670181423,1.1774979116777768E-4,0.005244367221672153,7.280928968257304E-5,0.0018109961384660802,4.957272807637831E-5,0.0035360222202451114,9.966786699217592E-5],[0.001131144474634457,0.0010465978183091052,0.006557230225673331,3.1599285718011174E-4,0.01374068277818995,4.0883544735730146E-4,3.698562774020939E-4,3.749281917754033E-4,3.737405591880008E-4,0.05647694272838073,4.896829486269103E-4,5.976894257810972E-4,5.604367308148814E-4,8.220951814727103E-4,0.020363434765568414,4.6021276000338633E-4,0.0015835487603991336,6.638684974363453E-4,4.886425693217011E-4,1.617464080375284E-4,1.0,2.4089101235747092E-4,8.184732655506598E-4,3.233305106211297E-4,0.011798756344322862,4.503438774765959E-4,4.6627935773773624E-4,0.005539457179537089,0.0023855486207640542,5.539776035764089E-4,0.001998964170640022,4.5606891725946056E-4,6.97326671315304E-4,1.8365757198687545E-4,2.9169624889532994E-4,8.809014507821958E-4,0.0010297127816424336,0.0018392755363287792,0.006213054173759903,0.0016076222420986328,4.797009158752399E-4,6.287069587749757E-4,1.791634915677747E-4,0.0024494644695916713,0.0013828748358224092,5.788690029197895E-4,0.001867952885274797,3.3411320183276684E-4,0.0012789759425287902,5.612952504347964E-4,0.0010870583969294502,0.00283978370443121,4.673707172791887E-4,0.010290716270340257,1.0317396965203752E-4,0.002636972636893881,3.188487299532372E-4,0.0046644671570752715,2.4284866013958315E-4],[7.717226548704323E-4,9.235921053409694E-4,0.008621634569800512,3.7099621592522224E-5,0.019818323582423303,1.6873159865081876E-4,1.2310107973187342E-4,3.4756382438570104E-4,1.2073737898205066E-4,0.04416158783047521,1.0485768720467446E-4,6.179399622572895E-4,2.0182442836070018E-4,0.002394464793441976,0.018020231442135947,1.1106061507668149E-4,9.26820241508133E-4,0.0011278404795886593,9.333274045914211E-5,1.3422210691752792E-4,2.4089101235747092E-4,1.0,1.689960372806659E-4,1.3582091882246065E-4,0.005070448019424607,1.731264592430276E-4,1.5461857906108926E-4,0.006388399953661154,0.0011274761585001142,4.1897555831323515E-5,0.006572793497955076,3.4196132717922794E-4,6.812262426153515E-4,1.1684601586485346E-4,1.967924051362673E-5,1.6354713701685776E-4,0.0011789023019893726,0.0038795435635668204,0.008872004506991403,0.0012226412316253459,1.163104392279769E-4,3.684556810678614E-4,1.8922617917621553E-5,0.011195807583308884,8.087244925923946E-4,2.69668868027244E-4,1.4867950281302126E-4,1.2513635161299892E-4,0.001721675504879385,4.1988775229600845E-4,5.652616057674187E-4,0.0022696961645755037,6.258029482883863E-5,0.007902244869151281,8.142189427868492E-5,0.0024991241559850336,1.80576618559348E-5,0.01571558625819869,5.426313427183826E-5],[0.0012261500349556088,0.0015247262834294127,0.004998097715488901,4.812920681217501E-4,0.009548268162739494,5.528410870974719E-4,5.482381643897095E-4,0.0010394150317437102,9.067155526818701E-4,0.006241285277333966,9.888731875054698E-5,0.001102376688901466,8.75756017922228E-4,0.0034311877312565293,0.02356696969419333,7.08057960548906E-4,0.0014204998165793978,0.0010769038046107944,8.406323206955879E-4,3.40107202475542E-4,8.184732655506598E-4,1.689960372806659E-4,1.0,9.574961615286175E-4,0.007215644407944465,3.704397424328394E-4,9.763976786810922E-4,0.003830674605421301,0.001244186349249525,4.0738966697888816E-4,0.0022602089506223015,6.66157961614766E-4,8.683853992294646E-4,5.814652898596341E-4,9.201797683028667E-4,0.0010795572094787482,0.001161734896772189,0.0026762541976099374,0.010379327722419682,0.00187192791125007,0.001048134474010906,9.162895175760324E-4,5.256168782145452E-4,0.011364655690449707,0.0029754554695138394,9.739668054489545E-4,0.0015257749840283386,9.239124691154374E-4,0.0015288942921879872,5.555912111999303E-4,0.0011086855246380488,0.0032884805078407736,3.9203111600685493E-4,0.005678553051099834,1.9239955728273312E-4,0.0017333969443793966,2.5306187071908034E-4,0.012678525510376893,2.3673966810061622E-4],[7.402902669555505E-4,0.002027714066870781,0.008294004459695517,1.0544236970670953E-4,0.020347406380373672,1.6417102604033047E-4,1.3576413530488302E-4,1.5163124586848939E-4,1.349282848044445E-4,0.011782767566380185,2.228105100530422E-5,3.052382096846348E-4,2.945737017996629E-4,0.002339183248212181,0.028067507477935832,1.305116190609149E-4,0.001598459369266146,6.319149183684554E-4,5.514538586189833E-5,1.3604177984321707E-4,3.233305106211297E-4,1.3582091882246065E-4,9.574961615286175E-4,1.0,0.01750213325819493,1.524126593758994E-4,2.0790116396270146E-4,0.006067675819694606,0.002468652078900551,7.633485321741156E-5,0.010435547376188445,2.557158984727454E-4,4.054488917509439E-4,1.2857923856117367E-4,8.13276448414702E-5,7.710737901112615E-4,9.530287253624642E-4,0.0036341204501538615,0.007970004796511141,0.003907065020416599,1.1290725829095612E-4,2.3484054246660833E-4,1.2710366000519697E-4,0.009122299511805222,0.0025502214125067138,8.277903193501539E-4,0.0032868114844437323,2.261128671775624E-4,3.050841114796672E-4,3.914556000035662E-4,5.323644350541973E-4,1.682955626723884E-4,1.3408380386709077E-4,0.007173520615930243,5.205499598686258E-5,0.002015262812016957,5.87570430833604E-5,0.018142260833273093,9.502272346567705E-5],[0.0033031435821065354,0.01884735296194673,0.021990500456542095,0.002779565412535865,0.03884991048167002,0.02058713974444878,0.0073694966790106365,0.01349474931108108,0.020995003638035404,0.023871567885105388,0.010067065091841403,0.023216479621984802,0.016269965114761947,0.02165495043037229,0.031128805485454516,0.009838959533514198,0.010551618425832117,0.018387875990780435,0.02149648372085416,0.0015195906766049263,0.011798756344322862,0.005070448019424607,0.007215644407944465,0.01750213325819493,1.0,0.010527414815293349,0.014895088025371902,0.011825532221552783,0.016520741250330116,0.02137841410601524,0.021153689882601533,0.01885300941144528,0.01832434584221692,0.00858326792473403,0.009257869168663273,0.008952370667086007,0.005075375415498259,0.011439374462658861,0.015877316192315277,0.016000101509884408,0.02108217637898588,0.0037015679708306253,0.00923453576473482,0.022602416929050323,0.01309811817406455,0.020729003583017682,0.012395039914847491,0.017743056616302516,0.0028454983063544055,0.0033091891529322425,0.011851705251702089,0.01926178714363299,0.021946741374121944,0.017130616629460235,0.0026301801429841386,0.010639736808987768,0.021612995884419946,0.022259953556002816,0.01597216444711276],[8.229056713020448E-4,0.001876319956357642,7.233092629478702E-4,1.3084035264562455E-4,0.03407139966278007,2.645925934579591E-4,1.5249467106062746E-4,3.348335236903163E-4,1.6992552377307035E-4,0.04457734110662116,3.00659756685226E-4,8.488061364942503E-4,3.2926729214268266E-4,0.0018725581147201885,0.0013638144895626058,2.494634867456819E-4,6.237818787677389E-4,0.0015957361261446903,2.301862898034959E-4,2.987266990211264E-4,4.503438774765959E-4,1.731264592430276E-4,3.704397424328394E-4,1.524126593758994E-4,0.010527414815293349,1.0,2.695689008118632E-4,0.006210579032991009,0.0038423732850675525,2.501935478789788E-4,0.011480008691385053,4.1877878687086845E-4,4.958146530529546E-4,2.691149935829262E-4,1.8054372279632545E-4,0.0010688757791665565,7.029990930094709E-4,3.9320242929211276E-4,0.0036832268782524204,0.0027431977298433235,2.5928598748942383E-4,5.509913521399371E-4,8.32381009626692E-5,0.009931276266077071,0.003052845440658424,7.167680180514562E-4,9.133920057354818E-4,2.9548195942071475E-4,0.0017849927937220492,3.541936959720253E-4,4.8538022673401496E-4,0.002997436527795383,2.3816137939296905E-4,0.010428923043364399,2.631012676622125E-4,0.0020732974117467634,2.3626292049731544E-4,0.017275427901634288,4.457155266591855E-5],[4.2310931089329957E-4,8.660068497297838E-4,0.009820835163437755,1.8904461674452007E-4,0.002852666033017234,1.8128735547746122E-4,1.286708171440206E-4,2.863934151068909E-4,2.2605106428116395E-4,0.02238603756171902,1.5887795893304276E-4,6.931957055254393E-4,3.512497302868979E-4,2.626827191621768E-4,0.034016638282920106,1.5964026409051157E-4,5.229951780461369E-4,3.653743164958315E-4,1.6832820704469747E-4,1.514558449772828E-4,4.6627935773773624E-4,1.5461857906108926E-4,9.763976786810922E-4,2.0790116396270146E-4,0.014895088025371902,2.695689008118632E-4,1.0,0.0023803275073532395,0.0017076440715779952,2.0305687029272397E-4,0.012150871464845578,3.65489820242144E-4,7.123217126252772E-4,1.2527306930357676E-4,9.518887354083938E-5,7.192150500922891E-4,2.739665685301308E-4,0.0020063996542158203,0.008454102205449943,0.003252778352870367,1.3523040041896027E-4,2.846491721392087E-4,4.454918728672135E-5,0.009062789352165162,0.0013825191765105501,2.3714599153409443E-4,0.0020059044283152467,2.4083794289788766E-4,0.0018564669928624801,4.134060505943066E-4,5.822869753438269E-4,0.001975830606145898,1.582371047319085E-4,0.006074352374989232,1.0773077031950895E-4,7.237593973008616E-4,1.1015162422304768E-4,0.0076440611821407016,5.7740539934003424E-5],[0.003649076042636437,0.0032740573734540354,0.010654284504504716,0.0025713248836100587,0.00945638605534685,5.455953291737111E-4,0.003741693172660519,0.006266193675478796,0.0031574996388841555,0.017730388606122634,0.0025199243036133907,0.0012632389660712756,0.0019118747512940901,0.004868451280780153,0.022259160912661422,0.004164290772795227,0.0056447293491941565,0.006405517498066001,0.0013749575119907625,9.301082922692993E-4,0.005539457179537089,0.006388399953661154,0.003830674605421301,0.006067675819694606,0.011825532221552783,0.006210579032991009,0.0023803275073532395,1.0,0.0058743311795956404,9.31153246665636E-4,0.0069872823595948435,0.0027462947607785316,0.0015392414126480015,0.0023561457123049963,0.004389825695299424,0.002914405885020682,0.0014967038039166935,0.0067515089957264065,0.007164410691756673,0.005306670550963646,0.0013765486616657246,0.00470299051061138,1.2189178781490969E-4,0.010001680222127815,0.004258174653550452,0.00402094405019392,0.003980917016945063,0.0038598575208078595,0.004135504428196789,0.0044803596115893666,0.0011759183024094729,0.00510373692100055,0.005455264123056468,0.011529881318432524,1.306528861413186E-4,0.00598450176187512,0.005573161859172467,0.016345020875721802,0.005010414875644656],[0.00397941491503678,0.003726753846520785,0.00934752605192036,0.005534156449415788,0.009884912417524254,0.0019296710025080688,3.8194347194037804E-4,3.764736119578481E-4,0.0033074295138747264,0.049895699280170465,0.0021803768073744207,0.004027333029433762,0.004428198510405572,0.005035433273250717,0.013006033184107734,0.0023600190530684005,0.003698287727115927,0.0036626695067230905,0.005581098557028396,0.0017694911396014988,0.0023855486207640542,0.0011274761585001142,0.001244186349249525,0.002468652078900551,0.016520741250330116,0.0038423732850675525,0.0017076440715779952,0.0058743311795956404,1.0,0.0034810018397248097,0.00599459138551939,0.003750043151152966,0.0025704831902586727,0.0019118182722123803,0.0034240790574744874,0.005615248495335972,0.004162211369724173,0.006138520342304451,0.012842198341770791,0.005104038638150396,0.0010468918269562395,0.0044434507700158825,0.0013605567147091998,0.010004854343015313,0.003494663011617539,0.0012244954565667526,0.004009028822278526,0.0022286642428995477,0.0028062428674529775,0.005669578894840728,0.0026577959872387926,0.005662415810815436,0.005393991095699636,0.009626709584176269,0.0014837760224019698,0.004234665781803595,2.764779656948107E-4,0.006238372668015103,0.0014899740159847476],[4.912436698419308E-4,0.0020328122809938893,0.009988767905701041,3.354990558602775E-5,0.03685291859159063,9.405671395252562E-5,5.347028696215596E-5,3.4031498298742126E-4,7.575417727202417E-5,0.0254621022786557,2.668250213635213E-5,4.571837460453744E-4,2.261261773095498E-4,4.878597435275705E-4,0.021633693804019343,8.306571366496993E-5,0.00178016485494979,7.53995174124917E-4,2.107668024629736E-5,5.1814528154301796E-5,5.539776035764089E-4,4.1897555831323515E-5,4.0738966697888816E-4,7.633485321741156E-5,0.02137841410601524,2.501935478789788E-4,2.0305687029272397E-4,9.31153246665636E-4,0.0034810018397248097,1.0,0.010646989908334042,2.8785705664055887E-4,4.478959843891019E-4,8.289646912583868E-5,3.1427118837436076E-5,7.624947941023122E-4,3.931358315107262E-4,9.461092637099436E-4,0.011235783388579765,0.0024236997674495467,1.0833519470054032E-4,5.581658928755737E-4,3.5701452805720486E-5,0.011027835178186476,0.0021570222932969702,4.502315903652784E-4,0.0033572019816162997,4.798392234835919E-5,0.0017055443659817163,3.87134192877637E-4,2.0641010550257328E-4,0.0029226690730961217,4.0240032696900045E-5,0.012990798241385642,2.2468546349923513E-5,8.470076784671721E-4,3.084564592630924E-5,0.016436029272239,4.4035489510488955E-5],[0.002132827184771989,0.004320314769557055,0.011427756748457344,0.0023216719056847156,0.03748035070540363,0.004465292686711514,0.002087526616396435,4.2062506367391466E-4,0.011431333649922661,0.05504705542843184,0.009247210793048523,0.0061239744117370385,0.0033427195762911507,0.009847027879691213,0.023771400905773593,0.009095084141941793,0.011504520336732169,0.004594655914339456,0.005645946478990002,0.0036238333369805462,0.001998964170640022,0.006572793497955076,0.0022602089506223015,0.010435547376188445,0.021153689882601533,0.011480008691385053,0.012150871464845578,0.0069872823595948435,0.00599459138551939,0.010646989908334042,1.0,0.010487377014384121,0.0012587370798220934,0.00107485718841679,0.011005608015798156,0.005451629607852305,0.002869549821632492,0.007160060302936653,0.012993250427250207,0.011328070889968622,0.0014505229000089282,0.006795318681600075,0.0017111429597164334,0.012007929916494455,0.008039812777479376,0.0037074364194660944,0.0070733153938195,0.008033992792310703,0.008391182208034264,0.0049350714264663025,0.007322218478986776,0.010437097103998743,0.0020558428934126078,0.013152606064986435,0.007709509308190232,0.007793882339583983,6.528506987692892E-4,0.01660021527553119,0.005038158959631704],[0.0010039630248308796,0.001881443092227035,0.01007954635913812,6.641168034983159E-5,0.03565923322840959,1.8199404357096058E-4,2.634449976203072E-4,3.705992466288808E-4,3.4214503705290206E-4,0.032465074303235045,9.541256361758957E-5,5.20821283079166E-4,4.2436193697402213E-4,4.401231287335444E-4,0.007499900324950334,3.9313266232787546E-4,0.0012352192303204499,0.0015586381149675999,3.8859708708480586E-4,3.705510509568763E-4,4.5606891725946056E-4,3.4196132717922794E-4,6.66157961614766E-4,2.557158984727454E-4,0.01885300941144528,4.1877878687086845E-4,3.65489820242144E-4,0.0027462947607785316,0.003750043151152966,2.8785705664055887E-4,0.010487377014384121,1.0,7.235006375994357E-4,3.3840391520098025E-4,8.211560496195505E-5,5.541405599339083E-4,9.079668078266904E-4,0.0018508951424770054,0.011894787341517903,0.003500569835417444,3.2914843956765346E-4,6.170808029416414E-4,3.097195180344938E-4,0.009882678035145006,7.324988796341409E-4,4.477523042568296E-4,4.399327543413919E-4,3.0669192032399274E-4,0.0019188360527320997,4.741065814687515E-4,7.047264278613908E-4,0.0019007507015280753,3.005935854670652E-4,0.0027146383072119743,1.9467781711997786E-4,0.002285491204563116,2.9580883429469176E-4,0.018079687757622392,2.387109528953233E-4],[7.85169699531344E-4,0.0018361745749757926,0.010568051031776634,3.55038620824784E-4,0.044985453043363544,6.409988358260914E-4,3.133138931632614E-4,4.6620886537204645E-4,4.298985591492545E-4,0.021741922131570734,6.341087300383864E-4,8.925074202361656E-4,5.014970716360253E-4,0.0020394980554512203,0.001511251748398576,2.0212160114423255E-4,0.0011643576974166552,8.578469764899388E-4,3.3591814950732345E-4,7.287887706773482E-4,6