[[1.0,5.873534652673942E-4,2.0631151127605957E-5,8.636236615713705E-5,2.745252566331267E-5,3.0002956877594236E-4,5.6511736102842046E-5,1.5730106552323666E-5,9.557767382085732E-4,4.508706921945273E-5,2.620186554550327E-5,0.0014303080962467087,5.12070426701886E-5,7.73016629668396E-5,5.600024341886037E-5,0.022792013662657873,7.124296698966348E-4,4.155819348288749E-4,0.014770115238077116,0.0015047701274876297,0.026685178300745183,2.1605328950831862E-5,4.542344246638381E-4,1.6158089764574263E-5,9.718834602848971E-4,0.013405680853131815,8.695364465962435E-4,5.103292860032462E-5,8.39123792168122E-4,2.5769189095293057E-4,0.00146156757762413,0.002339698331878092,0.0038994838997499152,1.1098722181403733E-4,0.0015587985146454171,1.5027346040817422E-5,0.012166979453469638,0.00605491211906558,0.009099045953419335,1.7404822993857182E-4,1.9950828217854623E-5,3.992672248240853E-4,0.0015192767919536812,1.8171022909678751E-4,0.001648918441782247,1.5920591341342724E-5,0.0024477135670728212,0.007699755995705942,0.02258367710952631,2.2850969331115246E-5],[5.873534652673942E-4,1.0,1.574274663414128E-4,3.2888615897972025E-4,7.538523332762889E-4,5.099481528262715E-4,6.81008123322959E-4,0.0012796843413795706,0.001807250577751663,0.0012639780927477858,3.483264606921096E-4,0.001629222081458524,4.4002382573387103E-4,4.855418304920997E-4,0.001311456960419063,0.018480989986940838,0.005249999005390459,0.0022102783515427406,0.019059129215755085,0.0025540007211868696,0.04727687833742774,0.0011672022991768348,0.0013325481595944332,2.8172457563995423E-4,0.003023620484897402,0.020066474911807037,0.002415097686662494,5.207553598458572E-4,0.0022805010211135904,0.0014717035169951238,0.010476164714531229,0.003581775476077748,0.0037989993194064153,6.031939979578636E-4,0.0025055390698750435,3.4298305751551583E-4,0.009059579929887896,0.009593091465552124,0.0030830015704268023,0.0010985935246947646,2.756296499330356E-4,0.0011153850896628856,0.014926888778290931,4.220670061047758E-4,0.003012423477939059,4.209964095374148E-4,0.0023750624467312373,0.0353447199354041,0.007926844760633541,9.834934624083937E-4],[2.0631151127605957E-5,1.574274663414128E-4,1.0,3.823197636113041E-5,2.913721327113253E-5,1.0071193795976143E-4,2.9598679171120965E-5,1.766881806783653E-5,7.894610911983346E-4,1.9072689715067087E-4,2.3947924666211004E-5,5.497535036292151E-4,4.081181311939728E-5,2.1765497250102121E-4,2.891266430834413E-4,0.022910881294795387,0.008824561120377683,5.568055989722616E-4,3.6168188360249524E-4,5.694570521746577E-5,0.010290541415629762,2.5524459135753676E-5,6.69435835345299E-4,1.3883288987009489E-5,0.0024729166124333782,0.010340365759297981,3.8242958900400306E-4,9.739524367901993E-5,2.3698704291778114E-4,2.8741995913396053E-4,0.014233319779947892,0.0025027564793535556,7.863798897542719E-4,1.355834923321354E-4,0.0015876537546183778,1.2417543244228776E-5,0.003916058951107955,0.0019170005035257234,0.013400651656793381,7.117871857448731E-5,2.045138661705908E-5,8.354039076286965E-4,0.02727561552623638,1.4244649282811722E-4,0.0018517102922279275,1.918370317263746E-5,0.0013634598921777818,0.023593470865944353,0.008584884505267603,3.712742456628275E-5],[8.636236615713705E-5,3.2888615897972025E-4,3.823197636113041E-5,1.0,4.1193256754185414E-5,3.8371969034274296E-4,1.1983772161514684E-4,4.7212213307578545E-5,0.0016208097403926098,4.1134374475301717E-4,5.1237653182825384E-5,1.8356470787112716E-4,2.5131553856602923E-4,1.583604211770952E-4,4.0741614319775543E-4,0.019992091399116535,0.008902027462511735,0.002094179133091505,0.001619514625290863,6.324299862638897E-4,0.031677524738030795,1.0696217018160467E-4,7.859579997462223E-4,4.3782864175900444E-5,3.349803650244802E-4,0.028273474460902788,0.002542965032120052,1.5452418209035274E-4,0.0012245422411533446,3.1488019624687695E-4,0.007105125858166951,0.004384736394080613,0.0032848424055108485,2.5370404297279296E-4,0.0015780090281252695,5.835489603620688E-5,0.014303233555051,0.0025281598814031435,0.006064170680371347,1.7605376025300832E-4,1.3703812042641293E-4,0.00103673011495154,0.02631039462538486,1.4958204017800542E-4,5.335922497798302E-4,5.3056309616546765E-5,0.001991266379868424,0.025809133275707326,0.012529969594447746,1.3352473522916847E-4],[2.745252566331267E-5,7.538523332762889E-4,2.913721327113253E-5,4.1193256754185414E-5,1.0,3.402719686604261E-4,8.042055401241582E-5,1.4352946479875358E-5,1.6740457232062087E-4,1.2327740411144548E-4,2.936861519429934E-5,0.0016337531400327854,2.0532356242087402E-4,3.383675766242163E-4,2.817817782966318E-4,0.022248925433958875,0.0035348356975070405,3.142471960750807E-5,0.0071604244643854184,2.655372277942714E-4,0.038441221584980007,3.2240570071722375E-5,6.927395406838835E-4,2.05195923214236E-5,0.002142571779968419,0.014993986591403297,0.0024761831954130064,1.2333720624795833E-4,3.337683333937976E-4,6.978102725155904E-4,0.0029047553896710426,0.003379964662028276,0.0035270373280322153,1.1231011660834891E-4,0.002538002890666137,1.7856690679951447E-5,0.010357792145976989,0.01088978692918479,0.0070761972437838345,6.467618973137902E-5,2.5054350524374542E-5,3.907236796940961E-4,0.027848636969700486,1.8774878677454485E-4,0.001559936596470555,2.7273431924372297E-5,8.787151173125126E-4,0.008206569147303331,0.0266142656847493,8.022897837254896E-5],[3.0002956877594236E-4,5.099481528262715E-4,1.0071193795976143E-4,3.8371969034274296E-4,3.402719686604261E-4,1.0,1.3774195680362676E-4,2.1672105764234837E-4,0.0014921555583980114,4.6638446409186257E-4,3.7407910903728694E-4,0.001437653816994191,3.5321434433307683E-4,3.9230284343460045E-4,4.277471549621614E-4,0.004432900163760958,0.003659125010290415,0.002133550829618731,0.006607444528179498,0.0026918444544707207,0.04259603639583583,9.095951298755702E-5,6.277863458691523E-4,3.474471839670471E-5,0.00335240456018684,0.01843960754699492,0.0022220132077147934,2.4404534521274416E-4,4.391388451320952E-4,5.859852361025817E-4,0.00947545419680496,5.579854841741339E-4,7.328691149583777E-4,3.001145975694429E-4,4.4974616545824726E-4,3.59365241424041E-4,0.007610136228596428,0.008435993772004116,0.008796701797120773,2.0634329218583938E-4,1.0404561292085888E-4,4.4628504606764936E-4,0.02860265928066229,3.334788898190892E-4,8.647566420281944E-4,1.5246062516911885E-4,6.232608355788789E-4,0.008297434002281568,0.024972627512071934,3.112377396513533E-4],[5.6511736102842046E-5,6.81008123322959E-4,2.9598679171120965E-5,1.1983772161514684E-4,8.042055401241582E-5,1.3774195680362676E-4,1.0,5.228668998382684E-5,0.0011411717963342146,3.7892149076573903E-4,7.749181118101695E-5,9.034238174379177E-4,2.620101597571211E-4,2.4418719073754646E-4,1.5252406536902144E-4,0.023773245024967367,0.0010984777828140853,0.002145932903106229,0.011810402029838777,5.444642291884829E-4,6.283072671535914E-4,6.507414962276583E-5,3.9630764531351545E-4,1.973250827288725E-5,0.0019485466186511342,0.014963777407268834,0.001987027670939973,1.41009392520585E-4,0.0020906194983060984,6.30347318852917E-4,0.012352393393538778,0.0014670673808322907,6.058678266974727E-4,2.3705559420085498E-4,7.113363795321692E-4,1.1538663887878626E-4,0.012634363963981576,0.004049227356659672,0.0010266250770960663,1.1988901190751452E-4,1.1418445548519622E-4,9.030558454359664E-4,0.0033496580697205316,1.1995315871805409E-4,0.002337668086530504,1.0095368459929386E-4,8.071018563222878E-4,0.02273925917220228,0.019906758981012174,1.1024084890309136E-4],[1.5730106552323666E-5,0.0012796843413795706,1.766881806783653E-5,4.7212213307578545E-5,1.4352946479875358E-5,2.1672105764234837E-4,5.228668998382684E-5,1.0,0.001728046118613331,5.065953091713401E-4,2.433630337401119E-5,0.0013361022951629336,1.1028663905012179E-4,1.8401607054880829E-4,4.5234908775690136E-4,0.006781348447098449,0.003844124327639109,8.237103347453797E-4,0.007908836536328324,0.002324634699002663,0.028892493483539686,4.1488159049491974E-5,7.943865050709681E-4,1.3342980828537217E-5,0.0029713924117148235,0.004174420137382882,7.719443294748064E-4,3.947221818109106E-5,6.063475247931891E-4,6.053148766203837E-4,0.009527587173832574,0.004076369200827652,0.002144810603088304,1.5943879594922369E-4,0.0011754478583571985,1.161386190507904E-5,0.016380145235084374,0.010092052051868394,0.011420599358374531,1.4350384280445425E-4,1.4847702045245414E-5,3.5697046585048603E-4,0.006836578247500272,8.802308270706835E-5,4.372244031516888E-4,1.3755350924717487E-5,0.001414702225471826,0.029928295538762584,0.0034058931132196707,7.004799785272296E-5],[9.557767382085732E-4,0.001807250577751663,7.894610911983346E-4,0.0016208097403926098,1.6740457232062087E-4,0.0014921555583980114,0.0011411717963342146,0.001728046118613331,1.0,0.0015658524929946706,4.274816105507199E-4,0.0017142915596637866,0.0012232356445257319,4.7698178051370734E-4,7.023209035702518E-4,0.003127114499581432,0.006268655237412898,0.0019636751117052685,0.007514552506235124,0.0025570182579528816,0.03610017941608728,8.205983704253596E-4,0.0016506830659263022,0.0012768417595202019,0.0030779518855223553,0.01788479879971853,0.002501620451940135,0.001254426027803708,0.0018792890524395953,0.001702186704040227,0.010361018906899732,0.0025948409832929295,0.0022557074886232205,4.415751913930588E-4,0.0020881885741415073,5.965441187065167E-4,0.010936174193913623,0.0040779872106804695,0.0019434089897429748,5.471924014895118E-4,0.0011022601141622223,0.0017981512206610398,0.006238600502752307,0.0017828443277877583,0.0028341415382503138,8.117830796304526E-5,0.002310555300471885,0.02692987593305202,0.01914667091501104,6.487711115027407E-4],[4.508706921945273E-5,0.0012639780927477858,1.9072689715067087E-4,4.1134374475301717E-4,1.2327740411144548E-4,4.6638446409186257E-4,3.7892149076573903E-4,5.065953091713401E-4,0.0015658524929946706,1.0,6.726896629740189E-4,0.0013115377275569114,8.417269478489006E-4,6.782450872523566E-4,7.545717833136486E-4,0.0055224552733219206,0.0037348198739034213,0.0021812198074025353,0.009104588104137175,0.0024473727796030277,0.0133539953087874,4.626957640395615E-4,0.0010179614023084075,1.767728309024636E-4,0.0010692486094163749,0.005641026889232682,0.0023586178468604775,3.5394778658971976E-4,0.0011815456672061386,0.0011772909772080954,0.0034747489583855833,0.0033477937754027177,0.0037083113200230278,3.358904215486445E-4,0.0010816311739098282,8.736906121822475E-4,0.002860767438708091,0.009961376265078809,0.006993786688478165,4.3956127561824436E-4,1.0815809459772794E-4,0.001089505664949364,0.019333120777463634,7.430692329354116E-4,0.0015770580223357184,7.08812961276965E-4,0.0015488573451844642,0.03288331032295868,0.015826313550921733,4.120928179276442E-4],[2.620186554550327E-5,3.483264606921096E-4,2.3947924666211004E-5,5.1237653182825384E-5,2.936861519429934E-5,3.7407910903728694E-4,7.749181118101695E-5,2.433630337401119E-5,4.274816105507199E-4,6.726896629740189E-4,1.0,6.13682180170403E-4,2.84567392690986E-4,2.2559955142518047E-4,2.437265498806345E-4,0.02112937194602444,0.007767539682972449,0.0014727552974078818,0.014747749790878084,2.0746364405635422E-4,0.04008766913478479,3.75746575410411E-5,5.90751027188982E-4,2.9797327541221362E-5,5.406958249152602E-4,0.00289158870000371,0.0018136827807681125,6.0001671848940844E-5,0.0011651016683618721,7.228536605122241E-4,0.007060484523324672,0.003493950918095529,0.003622513521678056,1.640197508010941E-4,0.002022011911787089,2.4845503402491245E-5,0.01663552002757899,0.008215438591406114,0.005474749066275678,6.389844420358973E-5,2.7262985908191527E-5,3.920119550709503E-4,0.015616291953456752,6.23575410593263E-5,1.6408684357459573E-4,2.7507288904359087E-5,8.534034583206751E-4,0.03800522404762287,0.02973757276237031,1.074022374077536E-4],[0.0014303080962467087,0.001629222081458524,5.497535036292151E-4,1.8356470787112716E-4,0.0016337531400327854,0.001437653816994191,9.034238174379177E-4,0.0013361022951629336,0.0017142915596637866,0.0013115377275569114,6.13682180170403E-4,1.0,9.72030274926668E-4,4.373385404985328E-4,5.843619911834417E-4,0.005287756513327066,0.008706588479375183,0.0021710253933093114,0.009204816532758942,0.0023879804780094255,0.006882279249569919,0.0014030086230919538,0.0012375059290247066,0.001124217166051764,0.0017803806424084453,0.01871719912698638,0.002093494035008529,0.0012256328493939728,0.002121909183559252,0.0016253089050862954,0.007314614968879123,0.0017160992611109786,0.0021218204754677897,8.207887819652557E-4,0.0018815673441439618,0.001514441146635209,0.016102461860267932,0.007133046524949737,0.00936892729569952,0.0013422378463840352,0.0016722195496484723,0.0016175124351312268,0.0188121732672599,2.433734951254145E-4,0.0030755950559162564,3.044037177755797E-4,0.0024237857984039705,0.002842934511410714,0.022373634497571623,0.001458557174082148],[5.12070426701886E-5,4.4002382573387103E-4,4.081181311939728E-5,2.5131553856602923E-4,2.0532356242087402E-4,3.5321434433307683E-4,2.620101597571211E-4,1.1028663905012179E-4,0.0012232356445257319,8.417269478489006E-4,2.84567392690986E-4,9.72030274926668E-4,1.0,3.895451138522785E-4,3.6556791343005373E-4,0.016002414817606718,0.003878254965441752,0.001680634339561638,0.024400045735158218,0.0017908911701347385,0.02012127475001848,1.652386088018437E-4,6.968086881223021E-4,1.8554241330848812E-4,5.631112812945877E-4,0.026799972378129443,0.002470483892435687,1.8775002738765704E-4,0.0020078559178785763,0.0015348444750891907,0.013126617990518905,0.0017689475376920405,0.0018457001055809264,2.8663899492537416E-4,0.0020573167955292453,4.5358859952743985E-5,0.0134454769015037,0.008890048095055569,0.008257686231012456,2.3875984804100104E-4,2.540143106584728E-4,6.490325462481705E-4,0.028445121923282392,1.9867679784339794E-4,0.0018014742257058327,3.129518127923257E-5,4.90157556885903E-4,0.013331445385324417,0.008138104561892954,1.531269965454704E-4],[7.73016629668396E-5,4.855418304920997E-4,2.1765497250102121E-4,1.583604211770952E-4,3.383675766242163E-4,3.9230284343460045E-4,2.4418719073754646E-4,1.8401607054880829E-4,4.7698178051370734E-4,6.782450872523566E-4,2.2559955142518047E-4,4.373385404985328E-4,3.895451138522785E-4,1.0,4.2937901227805707E-4,8.528169577841845E-4,0.007627575240089987,0.0014815903619126481,0.0046719572286471715,0.0018504571438520228,0.04338206938682003,2.4628891275314444E-4,8.663297784160301E-4,2.1108590052935358E-4,0.0028108712419752054,0.015364355303473916,0.0025114953421142227,4.017277590261815E-4,0.0016739850882560566,0.0014206488285733278,0.014989064424623784,0.002315704918417293,0.0020413511424840105,3.187568839986568E-4,0.001538046023510865,3.6295011570206063E-4,0.003486070121133385,5.293256807341057E-4,0.012821332273922587,2.573484550391585E-4,1.3070319613027925E-4,8.964003557962281E-4,0.02764456116743056,2.793911423878585E-4,0.0031151081296001398,3.336952961902775E-4,0.0014618351692663864,0.029085455841231782,0.017078504622047207,2.3555338338627173E-4],[5.600024341886037E-5,0.001311456960419063,2.891266430834413E-4,4.0741614319775543E-4,2.817817782966318E-4,4.277471549621614E-4,1.5252406536902144E-4,4.5234908775690136E-4,7.023209035702518E-4,7.545717833136486E-4,2.437265498806345E-4,5.843619911834417E-4,3.6556791343005373E-4,4.2937901227805707E-4,1.0,0.008927575875795792,0.010499630175854546,6.777725827009263E-4,0.01035168343922772,9.01002429016961E-4,0.024655468633898104,5.675394765461561E-5,6.681477565130162E-4,8.014611306646502E-5,0.002738512086064966,0.018413384185761165,8.329839054897466E-4,3.8026317964886955E-4,0.002589243793545339,0.0012227293008782675,0.005901872235137151,0.0023988664612249033,0.0016050401502522749,3.0438384290947163E-4,0.0016015295854857957,1.1901825737427146E-4,0.007465591678213968,0.005817747489687765,0.014059066712777596,2.4501192423613977E-4,3.5063484939895645E-4,0.0010538516113309663,0.018054023943287128,2.596770953505349E-4,0.0016922291591696414,2.655899623685216E-4,0.0026428425501335276,0.03745965718831123,0.013193031660462632,2.991713159212022E-4],[0.022792013662657873,0.018480989986940838,0.022910881294795387,0.019992091399116535,0.022248925433958875,0.004432900163760958,0.023773245024967367,0.006781348447098449,0.003127114499581432,0.0055224552733219206,0.02112937194602444,0.005287756513327066,0.016002414817606718,8.528169577841845E-4,0.008927575875795792,1.0,0.023380118675922563,0.008690559814268436,0.024643346804571885,0.004824972351702586,0.03016806189104203,0.010617907178233158,0.011297623090362778,0.01916665275494424,0.01839132709249315,0.026008040801812467,0.016980668884756286,0.011762876389781088,0.02158248922215736,0.005255602855218807,0.01693806469319799,0.007687906929496668,0.013284402921862754,0.0018807574737786177,0.021968534748219165,0.018095282480753594,0.02260474177867842,0.014314603377472573,0.02374880244303005,0.002399427601435391,0.0064748938341389,0.001207008198702127,0.032059897348361316,0.009912943465339373,0.01762119225984082,0.017879909000749667,0.014692395722120057,0.024201481525198642,0.024001852421478644,0.005050978946935734],[7.124296698966348E-4,0.005249999005390459,0.008824561120377683,0.008902027462511735,0.0035348356975070405,0.003659125010290415,0.0010984777828140853,0.003844124327639109,0.006268655237412898,0.0037348198739034213,0.007767539682972449,0.008706588479375183,0.003878254965441752,0.007627575240089987,0.010499630175854546,0.023380118675922563,1.0,0.005844380337376943,0.010534545575724922,0.004396071046163035,0.030620117693122596,7.797460407710909E-4,0.008932308929843945,0.005724400402614548,0.005798154152918863,0.015924879346200228,0.009195208219320326,0.006458406597854818,0.007874789493245975,0.002667567177660142,0.011067247497002164,0.010496971447415146,0.007383391766682807,0.009152232454688153,0.006797722112980977,0.007185436624354648,0.01624217308724954,0.010546823794619235,0.01345535759189204,0.008790208550908668,0.003232575941794556,0.0025865536102239323,0.02304657001710341,0.006204320120754427,0.008525692704987075,0.0011613453915389016,0.004153573628243695,0.019915669657489546,0.016233115017176645,0.005878867740543083],[4.155819348288749E-4,0.0022102783515427406,5.568055989722616E-4,0.002094179133091505,3.142471960750807E-5,0.002133550829618731,0.002145932903106229,8.237103347453797E-4,0.0019636751117052685,0.0021812198074025353,0.0014727552974078818,0.0021710253933093114,0.001680634339561638,0.0014815903619126481,6.777725827009263E-4,0.008690559814268436,0.005844380337376943,1.0,0.005077529116019226,0.0025881428919886586,0.0197621889612168,0.0018928376516701055,0.001155618227657521,3.147674763216643E-4,0.003025640554465081,0.005172817803057164,0.0023183037559848718,9.061920373625278E-4,0.0025643948443180367,0.0017820511000111582,0.013926748807270175,0.0026476339148313694,0.0025848399844239545,0.002122513595915,0.0022605363661568584,1.5409800718509448E-4,0.009492715847264637,0.002496845689165351,0.010544121748600066,0.0017618415872787336,1.8228655347832205E-4,0.0019613313414602036,0.028699973096991203,0.0013673633258658967,0.00251520902497654,6.671703302144441E-4,0.002319945247011508,0.029095540737804772,0.01627481705110478,0.0018848292252057733],[0.014770115238077116,0.019059129215755085,3.6168188360249524E-4,0.001619514625290863,0.0071604244643854184,0.006607444528179498,0.011810402029838777,0.007908836536328324,0.007514552506235124,0.009104588104137175,0.014747749790878084,0.009204816532758942,0.024400045735158218,0.0046719572286471715,0.01035168343922772,0.024643346804571885,0.010534545575724922,0.005077529116019226,1.0,0.0064431347095468775,0.028374949480159613,0.0021836601054017225,0.0131965638367522,0.017829123599209278,0.008299144008917698,0.028300464794076538,0.003426440762342705,0.0036940285839245227,0.007852644335077017,0.005058772319941941,0.024646104170980197,0.006285798954428167,0.005300395205923525,0.01593705284037164,0.018090516034448733,0.017734417595756564,0.021546893761706497,0.017869376373848025,0.01853201799776692,0.015945976988180656,0.015537873728540732,0.0014374153521635705,0.028482115718109654,0.004727988982388423,0.024436824934949943,0.017130433213981618,0.012601406865713202,0.02892169565452691,0.028800925571396994,5.815577408011391E-4],[0.0015047701274876297,0.0025540007211868696,5.694570521746577E-5,6.324299862638897E-4,2.655372277942714E-4,0.0026918444544707207,5.444642291884829E-4,0.002324634699002663,0.0025570182579528816,0.0024473727796030277,2.0746364405635422E-4,0.0023879804780094255,0.0017908911701347385,0.0018504571438520228,9.01002429016961E-4,0.004824972351702586,0.004396071046163035,0.0025881428919886586,0.0064431347095468775,1.0,0.014794014237161514,0.0011282348744107433,0.001513611085772867,1.1743531848330401E-4,0.003007349754531081,0.01415982964308575,0.0026609690590739285,7.337622139664007E-4,0.0027970304355810203,0.0024959327684482236,0.011119721783623415,0.004164682111794811,0.003564989436106412,0.0011655299918648353,0.002626905950781475,0.002169468504274812,0.01474547630795586,0.00884152747904542,0.006013267075850694,0.0020184184908948475,0.0018932046577473296,0.0020678825926587754,0.029095800137589313,0.0012666198509636481,0.0030131769911062776,2.938426685145081E-5,0.002905560065972009,0.007019304121752413,0.0215926483961532,1.651395731693469E-4],[0.026685178300745183,0.04727687833742774,0.010290541415629762,0.031677524738030795,0.038441221584980007,0.04259603639583583,6.283072671535914E-4,0.028892493483539686,0.03610017941608728,0.0133539953087874,0.04008766913478479,0.006882279249569919,0.02012127475001848,0.04338206938682003,0.024655468633898104,0.03016806189104203,0.030620117693122596,0.0197621889612168,0.028374949480159613,0.014794014237161514,1.0,0.03716023303148748,0.005550747205745668,0.014706537112669794,0.013747638342861494,0.04098222725707988,0.019468156414849516,0.026771468401392245,0.03835798911449159,0.01958539386598923,0.03266576862154965,0.03810149678985545,0.014192804688603818,0.006582841708154484,0.02957928970937483,0.022099523515861794,0.02518748207823509,0.022273848263116493,0.030784696931458404,0.028736922546430503,0.03530908397181567,0.01737243426299726,0.04083590339468616,0.010007405020102823,0.04655762267820146,0.04509633936075676,0.014057126380700802,0.04629600077695402,0.038364513270943125,0.009314316466799758],[2.1605328950831862E-5,0.0011672022991768348,2.5524459135753676E-5,1.0696217018160467E-4,3.2240570071722375E-5,9.095951298755702E-5,6.507414962276583E-5,4.1488159049491974E-5,8.205983704253596E-4,4.626957640395615E-4,3.75746575410411E-5,0.0014030086230919538,1.652386088018437E-4,2.4628891275314444E-4,5.675394765461561E-5,0.010617907178233158,7.797460407710909E-4,0.0018928376516701055,0.0021836601054017225,0.0011282348744107433,0.03716023303148748,1.0,6.587349441895496E-4,2.8587777001575984E-5,0.0015859663497312642,0.025555294681141764,5.31481501488426E-4,1.382138156157802E-4,0.0024538169279552037,3.400824207764917E-4,0.00876707393137961,0.002035988696018829,0.001422098404265578,1.8236012005583914E-4,1.9755737070736734E-4,1.8260913417174093E-5,0.015656939245466565,0.0078092136669802425,0.009368089497618259,1.6106912073733393E-4,4.135228354106147E-5,2.2361867269636435E-4,0.008291068485939877,5.838180475847033E-5,0.0030311916809374418,4.0387901353584406E-5,0.002750322569727367,0.030436425553482655,0.011694669198912785,9.684641546183651E-5],[4.542344246638381E-4,0.0013325481595944332,6.69435835345299E-4,7.859579997462223E-4,6.927395406838835E-4,6.277863458691523E-4,3.9630764531351545E-4,7.943865050709681E-4,0.0016506830659263022,0.0010179614023084075,5.90751027188982E-4,0.0012375059290247066,6.968086881223021E-4,8.663297784160301E-4,6.681477565130162E-4,0.011297623090362778,0.008932308929843945,0.001155618227657521,0.0131965638367522,0.001513611085772867,0.005550747205745668,6.587349441895496E-4,1.0,3.809591410947605E-4,0.003678076237391959,0.02164344823073325,0.0014639236299604768,7.572776632982972E-4,0.00221254440991887,0.0011754321498363117,0.014512440272400114,0.0023168550404334444,0.0015747540882206541,5.460723440713071E-4,0.0025103713798777095,3.624611677240294E-4,0.009427266573055771,0.0013130468351225844,0.011087489608547307,7.967492423818697E-4,2.2328973768074014E-4,0.001096194313241143,0.005544506523174535,4.336718860685223E-4,0.0030089515722259265,9.976476737696342E-4,0.001253831654255832,0.037616750175270115,0.0019126021260306783,6.038447406761505E-4],[1.6158089764574263E-5,2.8172457563995423E-4,1.3883288987009489E-5,4.3782864175900444E-5,2.05195923214236E-5,3.474471839670471E-5,1.973250827288725E-5,1.3342980828537217E-5,0.0012768417595202019,1.767728309024636E-4,2.9797327541221362E-5,0.001124217166051764,1.8554241330848812E-4,2.1108590052935358E-4,8.014611306646502E-5,0.01916665275494424,0.005724400402614548,3.147674763216643E-4,0.017829123599209278,1.1743531848330401E-4,0.014706537112669794,2.8587777001575984E-5,3.809591410947605E-4,1.0,0.002049914830020713,0.024780530513479167,3.2900335461456945E-4,1.3472712384489117E-4,0.0017352045076675622,3.404989487267404E-4,0.007561008301419809,0.0010138752906433243,1.5860743976427196E-4,1.0949157644232748E-4,2.0032675105664257E-4,1.3024194851418304E-5,0.008538971499751443,0.00790014063950816,0.01235394612374753,1.817516880033324E-4,1.8797840009115912E-5,9.538593547287599E-4,0.020643430635356144,6.780980378166314E-5,0.001684310973626978,1.4068567905843096E-5,6.215165951847684E-5,0.036905490591809545,0.02967137561874524,6.177940835202345E-5],[9.718834602848971E-4,0.003023620484897402,0.0024729166124333782,3.349803650244802E-4,0.002142571779968419,0.00335240456018684,0.0019485466186511342,0.0029713924117148235,0.0030779518855223553,0.0010692486094163749,5.406958249152602E-4,0.0017803806424084453,5.631112812945877E-4,0.0028108712419752054,0.002738512086064966,0.01839132709249315,0.005798154152918863,0.003025640554465081,0.008299144008917698,0.003007349754531081,0.013747638342861494,0.0015859663497312642,0.003678076237391959,0.002049914830020713,1.0,0.0065439918451279,0.003051628440873009,0.001437579989648289,0.0033027377808878336,0.0018283776660612803,0.00512399514856714,0.004341831033701776,0.0037306383725990338,0.002147691975350291,0.002703943694860514,0.0014521091088154818,0.00985326760317585,0.009813571754705578,0.012754776712190245,0.0011484169520358804,0.002519450426634974,0.0027839254513484617,0.01216241060140721,0.0018628421362013865,0.003530699238972481,0.0023200158584654445,0.0035614279648738794,0.010983615526185046,0.004765176673532348,0.0011047687658847357],[0.013405680853131815,0.020066474911807037,0.010340365759297981,0.028273474460902788,0.014993986591403297,0.01843960754699492,0.014963777407268834,0.004174420137382882,0.01788479879971853,0.005641026889232682,0.00289158870000371,0.01871719912698638,0.026799972378129443,0.015364355303473916,0.018413384185761165,0.026008040801812467,0.015924879346200228,0.005172817803057164,0.028300464794076538,0.01415982964308575,0.04098222725707988,0.025555294681141764,0.02164344823073325,0.024780530513479167,0.0065439918451279,1.0,0.022070590484597443,0.01777200257084841,0.006298823159703237,0.00286324773854352,0.017963200180029035,0.011128793779639098,0.023611327056079674,0.0032909402460329197,0.021328301690960026,0.0038445744495269503,0.01845888708376344,0.02518971576503321,0.01783593370700772,0.00986142030629866,0.01652229966405127,0.001228917551566881,0.0345499823010145,0.008741945524569769,0.00975936156798909,0.004425835849739638,0.021194060359091053,0.038966788364967364,0.028765950788966155,0.009827469621880544],[8.695364465962435E-4,0.002415097686662494,3.8242958900400306E-4,0.002542965032120052,0.0024761831954130064,0.0022220132077147934,0.001987027670939973,7.719443294748064E-4,0.002501620451940135,0.0023586178468604775,0.0018136827807681125,0.002093494035008529,0.002470483892435687,0.0025114953421142227,8.329839054897466E-4,0.016980668884756286,0.009195208219320326,0.0023183037559848718,0.003426440762342705,0.0026609690590739285,0.019468156414849516,5.31481501488426E-4,0.0014639236299604768,3.2900335461456945E-4,0.003051628440873009,0.022070590484597443,1.0,3.778440202220235E-4,0.0028026828734659544,0.0020519903199835285,0.004458118499881543,0.0027238772825506404,0.0030883642574846487,9.274076757863457E-4,0.0025524479831715093,0.0022399821079502904,0.011688238447161724,0.007651957353365053,0.006449047769401072,8.732701620282121E-4,1.4112491292094737E-4,0.0012920940716205,0.003921629166539344,0.002316346748033259,0.002930320350968533,4.7089278841377273E-4,0.0029309455489536936,0.007512019827091283,0.013981906945666991,0.0025424619385198805],[5.103292860032462E-5,5.207553598458572E-4,9.739524367901993E-5,1.5452418209035274E-4,1.2333720624795833E-4,2.4404534521274416E-4,1.41009392520585E-4,3.947221818109106E-5,0.001254426027803708,3.5394778658971976E-4,6.0001671848940844E-5,0.0012256328493939728,1.8775002738765704E-4,4.017277590261815E-4,3.8026317964886955E-4,0.011762876389781088,0.006458406597854818,9.061920373625278E-4,0.0036940285839245227,7.337622139664007E-4,0.026771468401392245,1.382138156157802E-4,7.572776632982972E-4,1.3472712384489117E-4,0.001437579989648289,0.01777200257084841,3.778440202220235E-4,1.0,6.470916275681318E-4,0.0014958754656007691,0.002710489162609569,0.0016940870060097653,0.0029717021409179896,2.112715267943398E-4,6.623902422071903E-4,9.535009136446969E-5,0.010509144759216016,0.006425876849829813,0.014320535584105941,1.664819821226168E-4,9.737333851403087E-5,5.137534705237151E-4,0.0368048814799839,1.7252746651100266E-4,0.0010963118226785325,2.9913699633538776E-5,3.5077427672370416E-4,0.014212441478301986,0.003297250644957106,1.5735751079758232E-4],[8.39123792168122E-4,0.0022805010211135904,2.3698704291778114E-4,0.0012245422411533446,3.337683333937976E-4,4.391388451320952E-4,0.0020906194983060984,6.063475247931891E-4,0.0018792890524395953,0.0011815456672061386,0.0011651016683618721,0.002121909183559252,0.0020078559178785763,0.0016739850882560566,0.002589243793545339,0.02158248922215736,0.007874789493245975,0.0025643948443180367,0.007852644335077017,0.0027970304355810203,0.03835798911449159,0.0024538169279552037,0.00221254440991887,0.0017352045076675622,0.0033027377808878336,0.006298823159703237,0.0028026828734659544,6.470916275681318E-4,1.0,0.0022299755659001943,0.013062681297818672,0.002993021255933092,0.0034984297196096813,0.0027851472406117146,0.002795076154412833,0.00108320917529453,0.007226229842040813,0.0060052357136610255,0.006330510828342406,0.0014816506868181923,0.0010202377095756931,0.0016586927771238258,0.026154655457428472,0.0026790568765294844,0.0028580256136107266,1.7350294725132297E-4,0.003057454264242306,0.004931619477048956,0.0206400770457688,0.002150437020943462],[2.5769189095293057E-4,0.0014717035169951238,2.8741995913396053E-4,3.1488019624687695E-4,6.978102725155904E-4,5.859852361025817E-4,6.30347318852917E-4,6.053148766203837E-4,0.001702186704040227,0.0011772909772080954,7.228536605122241E-4,0.0016253089050862954,0.0015348444750891907,0.0014206488285733278,0.0012227293008782675,0.005255602855218807,0.002667567177660142,0.0017820511000111582,0.005058772319941941,0.0024959327684482236,0.01958539386598923,3.400824207764917E-4,0.0011754321498363117,3.404989487267404E-4,0.0018283776660612803,0.00286324773854352,0.0020519903199835285,0.0014958754656007691,0.0022299755659001943,1.0,0.002883529519544057,0.0019391010466977298,0.003064861453802917,7.860604540594469E-4,0.0020803614533503757,4.0136538214746297E-4,0.0033343941560689963,0.0023000580414064605,0.015137989272000628,2.687669207661485E-4,9.834644710754678E-4,0.0011668820424001341,0.02978104471655021,3.5781739571982076E-4,0.0022989349313090055,7.448050025411318E-4,0.0031608202495046695,0.028963611482673627,0.0160720962690449,1.7685897588943389E-4],[0.00146156757762413,0.010476164714531229,0.014233319779947892,0.007105125858166951,0.0029047553896710426,0.00947545419680496,0.012352393393538778,0.009527587173832574,0.010361018906899732,0.0034747489583855833,0.007060484523324672,0.007314614968879123,0.013126617990518905,0.014989064424623784,0.005901872235137151,0.01693806469319799,0.011067247497002164,0.013926748807270175,0.024646104170980197,0.011119721783623415,0.03266576862154965,0.00876707393137961,0.014512440272400114,0.007561008301419809,0.00512399514856714,0.017963200180029035,0.004458118499881543,0.002710489162609569,0.013062681297818672,0.002883529519544057,1.0,0.005700822834865313,0.008235346294966497,0.0017944178170352962,0.01103765472257967,0.004464370521884967,0.015607816717603536,0.011589816784610553,0.015384615384615385,0.009278266666086025,0.002342264433421203,0.007961297827183465,0.029722652460621612,0.0026324742312862953,0.012854877209423866,0.0036438677176538633,0.0036166499003823767,0.03891555683500571,0.028105875874770644,0.005210590239460788],[0.002339698331878092,0.003581775476077748,0.0025027564793535556,0.004384736394080613,0.003379964662028276,5.579854841741339E-4,0.0014670673808322907,0.004076369200827652,0.0025948409832929295,0.0033477937754027177,0.003493950918095529,0.0017160992611109786,0.0017689475376920405,0.002315704918417293,0.0023988664612249033,0.007687906929496668,0.010496971447415146,0.0026476339148313694,0.006285798954428167,0.004164682111794811,0.03810149678985545,0.002035988696018829,0.0023168550404334444,0.0010138752906433243,0.004341831033701776,0.011128793779639098,0.0027238772825506404,0.0016940870060097653,0.002993021255933092,0.0019391010466977298,0.005700822834865313,1.0,0.004832516784879676,0.003605344994081956,0.003223661843312094,0.004317204122296026,0.0072219340890439096,0.010518558377573956,0.013848659043500806,0.0029466789324727794,0.0028988926159532647,0.0034394607295190555,0.03159139562140265,0.002310900917174315,0.0037725045771109774,0.0010760464901213903,0.004817590439809357,0.005873137865674617,0.005694017394242017,0.0017922170313626896],[0.0038994838997499152,0.0037989993194064153,7.863798897542719E-4,0.0032848424055108485,0.0035270373280322153,7.328691149583777E-4,6.058678266974727E-4,0.002144810603088304,0.0022557074886232205,0.0037083113200230278,0.003622513521678056,0.0021218204754677897,0.0018457001055809264,0.0020413511424840105,0.0016050401502522749,0.013284402921862754,0.007383391766682807,0.0025848399844239545,0.005300395205923525,0.003564989436106412,0.014192804688603818,0.001422098404265578,0.0015747540882206541,1.5860743976427196E-4,0.0037306383725990338,0.023611327056079674,0.0030883642574846487,0.0029717021409179896,0.0034984297196096813,0.003064861453802917,0.008235346294966497,0.004832516784879676,1.0,0.0016104620080010464,0.0028327675385115096,7.731093948437627E-4,0.013399435945334654,0.007816027440513301,0.006477065602847817,6.258011747150499E-4,0.002999881700279229,0.0018976326078975377,0.022143886584588084,9.161465484933563E-4,0.0033903654685471874,0.0030926683058104597,0.003816762753188999,0.00756163636958254,0.015071902075039058,0.0034505059253700015],[1.1098722181403733E-4,6.031939979578636E-4,1.355834923321354E-4,2.5370404297279296E-4,1.1231011660834891E-4,3.001145975694429E-4,2.3705559420085498E-4,1.5943879594922369E-4,4.415751913930588E-4,3.358904215486445E-4,1.640197508010941E-4,8.207887819652557E-4,2.8663899492537416E-4,3.187568839986568E-4,3.0438384290947163E-4,0.0018807574737786177,0.009152232454688153,0.002122513595915,0.01593705284037164,0.0011655299918648353,0.006582841708154484,1.8236012005583914E-4,5.460723440713071E-4,1.0949157644232748E-4,0.002147691975350291,0.0032909402460329197,9.274076757863457E-4,2.112715267943398E-4,0.0027851472406117146,7.860604540594469E-4,0.0017944178170352962,0.003605344994081956,0.0016104620080010464,1.0,0.001136470922587702,1.55306227418667E-4,0.01645167624025924,0.010578524727943406,0.010116110168688214,2.20956608471327E-4,7.04780183954008E-5,7.794993642420421E-4,0.03030606172815715,2.37406436346971E-4,0.0017964440271955994,1.6183697174215392E-4,0.0019460443741825709,0.030903301903807787,0.010709755664591623,1.8418988569482179E-4],[0.0015587985146454171,0.0025055390698750435,0.0015876537546183778,0.0015780090281252695,0.002538002890666137,4.4974616545824726E-4,7.113363795321692E-4,0.0011754478583571985,0.0020881885741415073,0.0010816311739098282,0.002022011911787089,0.0018815673441439618,0.0020573167955292453,0.001538046023510865,0.0016015295854857957,0.021968534748219165,0.006797722112980977,0.0022605363661568584,0.018090516034448733,0.002626905950781475,0.02957928970937483,1.9755737070736734E-4,0.0025103713798777095,2.0032675105664257E-4,0.002703943694860514,0.021328301690960026,0.0025524479831715093,6.623902422071903E-4,0.002795076154412833,0.0020803614533503757,0.01103765472257967,0.003223661843312094,0.0028327675385115096,0.001136470922587702,1.0,3.8575114313506797E-4,0.01191707598927155,0.006504167334619677,0.007139964554320001,0.0024609260517884446,4.0972093176822554E-4,0.002134854002087093,0.003374087666502272,0.0019655695552154144,0.0030363011966257885,0.0017356817712908404,0.003312118126416878,0.003011282981789903,0.01499574706594474,4.6634880515480465E-4],[1.5027346040817422E-5,3.4298305751551583E-4,1.2417543244228776E-5,5.835489603620688E-5,1.7856690679951447E-5,3.59365241424041E-4,1.1538663887878626E-4,1.161386190507904E-5,5.965441187065167E-4,8.736906121822475E-4,2.4845503402491245E-5,0.001514441146635209,4.5358859952743985E-5,3.6295011570206063E-4,1.1901825737427146E-4,0.018095282480753594,0.007185436624354648,1.5409800718509448E-4,0.017734417595756564,0.002169468504274812,0.022099523515861794,1.8260913417174093E-5,3.624611677240294E-4,1.3024194851418304E-5,0.0014521091088154818,0.0038445744495269503,0.0022399821079502904,9.535009136446969E-5,0.00108320917529453,4.0136538214746297E-4,0.004464370521884967,0.004317204122296026,7.731093948437627E-4,1.55306227418667E-4,3.8575114313506797E-4,1.0,0.010395355327051417,0.009609404075258092,0.009246919807706025,7.688858192020807E-5,1.6719463057132772E-5,8.651828597485295E-4,0.03266841656791559,2.3622144125679363E-5,0.0024331821384146342,1.1734053143668353E-5,8.568174511461726E-4,0.032601973040508166,0.011006871178489324,8.402437861046119E-5],[0.012166979453469638,0.009059579929887896,0.003916058951107955,0.014303233555051,0.010357792145976989,0.007610136228596428,0.012634363963981576,0.016380145235084374,0.010936174193913623,0.002860767438708091,0.01663552002757899,0.016102461860267932,0.0134454769015037,0.003486070121133385,0.007465591678213968,0.02260474177867842,0.01624217308724954,0.009492715847264637,0.021546893761706497,0.01474547630795586,0.02518748207823509,0.015656939245466565,0.009427266573055771,0.008538971499751443,0.00985326760317585,0.01845888708376344,0.011688238447161724,0.010509144759216016,0.007226229842040813,0.0033343941560689963,0.015607816717603536,0.0072219340890439096,0.013399435945334654,0.01645167624025924,0.01191707598927155,0.010395355327051417,1.0,0.0134605582234639,0.016362330510071264,0.006281037139650871,0.009930438474342605,0.014901583384049068,0.03272435127640355,0.013126069320417481,0.016269237390330957,0.006864697450124348,0.016338879098275614,0.03410833059429519,0.021492461614133707,0.008811762949453334],[0.00605491211906558,0.009593091465552124,0.0019170005035257234,0.0025281598814031435,0.01088978692918479,0.008435993772004116,0.004049227356659672,0.010092052051868394,0.0040779872106804695,0.009961376265078809,0.008215438591406114,0.007133046524949737,0.008890048095055569,5.293256807341057E-4,0.005817747489687765,0.014314603377472573,0.010546823794619235,0.002496845689165351,0.017869376373848025,0.00884152747904542,0.022273848263116493,0.0078092136669802425,0.0013130468351225844,0.00790014063950816,0.009813571754705578,0.02518971576503321,0.007651957353365053,0.006425876849829813,0.0060052357136610255,0.0023000580414064605,0.011589816784610553,0.010518558377573956,0.007816027440513301,0.010578524727943406,0.006504167334619677,0.009609404075258092,0.0134605582234639,1.0,0.011020081553795514,0.003494139854229253,0.0062607299798377114,0.00859618451418332,0.0315054418320291,0.010938773156916777,0.007095640730678345,0.004803551348967034,0.006649954951468627,0.02063627236056883,0.02979140733598419,1.9624478083985918E-4],[0.009099045953419335,0.0030830015704268023,0.013400651656793381,0.006064170680371347,0.0070761972437838345,0.008796701797120773,0.0010266250770960663,0.011420599358374531,0.0019434089897429748,0.006993786688478165,0.005474749066275678,0.00936892729569952,0.0082576