[[1.0,0.0015990946824539765,0.0030036810754258754,0.002492683565843472,0.0028577656442421062,0.002125441428500028,0.004252353373216735,0.0020003283200316782,0.0012106391150001952,0.002629830419011825,0.02498750529964616,3.0018924825398705E-4,0.0011638239226164143,0.0015264548841422373,9.933704460179718E-4,0.002421861113615789,0.004221090699146314,0.0017648013844702,0.0018046468467422506,0.0025072970487188106,0.0028650090646716872,0.004304267459318303,0.0028902171313483394,6.171091457679473E-4,0.0017763961045118525,0.0041373292084292985,0.0029386825672677915,0.007557987292766817,0.0020314792969322705,8.748080347637366E-4,5.3356004059091E-4,0.0030382095129222416,0.013472271665011748,0.0023953559093281627,0.002779008020300191,0.013079623896519517,4.0766427573856714E-4,0.0029043680062102468,0.0024403840596213273,0.0016503981336168636,0.009270327329736698,0.0019395401390225944,3.5710806696573403E-4,0.0021363403844529456,4.0688517276361467E-4,0.0020130017357702676,0.006095031286943928,0.0029031467722024033,0.003011022922960933,6.381781310310532E-4,0.0018617605873852818,7.263195812309685E-4,0.002976227679781637,4.299537883304439E-4,0.0026497946687169052,7.536308808488077E-4,0.0022659420504033746,0.0017371180641069977,0.0044485070204341205],[0.0015990946824539765,1.0,1.3001467388832274E-4,8.67816976122843E-4,1.6671452176312185E-5,1.7662369875141675E-4,0.006045651817901058,3.525008431783864E-5,4.927877809944231E-4,3.07342111949307E-4,0.008772944704613752,7.40961650472648E-5,9.551137553527307E-5,2.970296038893077E-4,1.3344965237964437E-4,9.33779949564629E-4,3.2163759660681077E-4,6.367141470611148E-4,1.2472909107679215E-4,1.406651146519403E-4,6.157383579676885E-5,0.0033259293444954864,0.0012149225599435674,1.4147837796642005E-4,3.817311077184576E-4,0.0063527253388402,1.329800031808557E-4,0.005242250018412889,4.234908218699268E-4,2.469622220141954E-4,1.497817334383166E-4,1.4786076178652645E-4,0.012193973953510002,1.4329887284471207E-4,1.3250047685995609E-4,0.027187008303718577,1.2944892714531473E-4,3.6522473715735744E-4,1.512847593340637E-4,1.392032857443808E-4,0.01587995698877873,1.128395058363422E-4,1.3311031722166504E-4,1.3726405162492025E-4,1.042526812418008E-4,1.7776046367240004E-4,0.00423000542473979,1.3908012870922988E-4,0.0018754306674975062,1.334704434547759E-4,1.9965028452154237E-4,1.5761534021103353E-4,2.479109362884263E-4,9.345111089542951E-5,1.4421201354959903E-4,1.4777007161686327E-4,0.001099468782805472,9.82289072274647E-4,0.004869895882567441],[0.0030036810754258754,1.3001467388832274E-4,1.0,9.515384732330319E-4,4.71122581312803E-5,1.8574749906539255E-4,6.523846483970603E-4,9.079583791605554E-5,7.121456517083913E-4,0.0011032022002059401,0.024302156851570087,5.560988742918502E-5,1.1995086885990749E-4,3.2513955757162917E-4,1.2097549154420684E-4,5.435189568632442E-4,0.010059214067317896,7.220806575907036E-4,1.2041068692042066E-4,1.3149043785208968E-4,7.449167395329881E-5,3.989580081613434E-4,0.0025032440463810457,1.5434622019688932E-4,4.314019693331814E-4,0.005859788790021577,1.082372454600624E-4,0.004672840765968085,2.475157270946937E-4,1.4708095604555317E-4,2.3370860878853432E-4,1.4548772764567163E-4,9.15433856013709E-4,1.3912960173231926E-4,1.0835289675005443E-4,0.01595244351179308,1.1650376335373862E-4,0.0014507555898994606,1.2816193763747578E-4,1.2203830778309244E-4,0.005937720493643458,1.1190916275632842E-4,1.3000903225512673E-4,1.2918882446366533E-4,3.3615363317151154E-5,1.3789932804423409E-4,0.0022455084775988864,1.2702009443880914E-4,5.229506679294914E-4,1.1812816750422005E-4,2.524347609121802E-4,1.6469778465047396E-4,0.0014802671099690748,2.276429079568474E-5,4.86055826617187E-4,1.4225078957647442E-4,0.0013824199158171146,2.0915337067523943E-4,0.006109746395104078],[0.002492683565843472,8.67816976122843E-4,9.515384732330319E-4,1.0,0.0013428331310503523,3.087591503520428E-4,0.005735918284913346,4.07303756942574E-4,0.00136020608518371,0.0015428090285782667,0.013700220368783773,0.0010328891512777028,0.0011480303347140097,9.771819138696964E-4,7.218296907229259E-4,0.001567659561225468,0.00441334560256608,0.0011511332332131482,4.746396803039256E-4,5.702350393399062E-4,4.1218748642935584E-4,0.002522294378598267,0.0025583959294032802,0.0011369068968829837,0.0013200819483656103,0.0015906808222997384,4.618676955473516E-4,0.0017732739739054501,0.0014440026242115531,9.759859173892372E-4,0.0011488712076053375,0.0010160029328739432,0.00392624742710152,6.127671346031699E-4,2.0286612561634917E-4,0.041344837612889235,9.771953379008958E-4,0.0017776281371477691,7.657526424632267E-4,3.3966718734496407E-4,0.014550837295761239,0.0010590462063576325,3.6134809917157844E-4,0.0013574009369527937,0.0010254642598740535,4.41891850251179E-4,0.010897466361566894,2.658832974000428E-4,0.0016645913611839423,0.0012518643964191192,0.0014354427260745972,0.0011417508900418143,0.0016779222313689996,0.0013034801300238444,0.0015629580554120024,0.0011019009966307441,0.0016202623333997415,0.0015788346167156255,0.007634212478623821],[0.0028577656442421062,1.6671452176312185E-5,4.71122581312803E-5,0.0013428331310503523,1.0,6.417790939604243E-5,0.0012377559607700112,1.3663210360558045E-5,9.811356046681584E-4,4.473662188537639E-4,0.015318761238846448,1.3184916213893138E-5,3.1715984923931154E-5,1.370285392575639E-4,6.122313828577569E-5,1.8371398356026072E-4,0.007936851068672241,2.738286911830481E-4,7.171014194921106E-5,7.455662584552399E-5,3.3944385182866626E-5,0.005220191454251788,0.00125649926706154,1.8668797516707252E-4,2.6119472666610833E-4,0.006431346945604641,1.0200838847662826E-4,0.010069743464248387,4.599782089573662E-4,2.411611880687348E-4,1.1196727253178924E-4,7.766837300566122E-5,0.010999297230671242,1.203497350885538E-4,9.52800543834076E-5,0.019469922383428963,3.881560845750313E-5,0.0014560086919147138,1.2226830706808496E-4,1.3614119626252795E-4,0.015614629061658164,1.917599162859968E-5,9.638074505610649E-5,2.363281438579505E-5,1.97032996716202E-5,1.6095843559524875E-4,0.014756127925939463,9.175718043545883E-5,0.002164933905042684,5.8298519909285725E-5,2.404925657553223E-4,1.562940939113035E-4,3.792946021779952E-4,1.7862530560418976E-5,2.014521963357863E-4,9.642018434001164E-5,0.0011426451161112652,6.788598824000149E-4,0.0017993758360725816],[0.002125441428500028,1.7662369875141675E-4,1.8574749906539255E-4,3.087591503520428E-4,6.417790939604243E-5,1.0,9.940854252956223E-4,6.183473842721903E-5,0.00104183247538677,8.462951987597106E-4,0.003408443123371255,1.8309424208632158E-4,1.0856890299782524E-4,3.332994567228375E-4,1.974419637777585E-4,9.954760825191932E-4,0.009286212441955306,6.510151447831175E-4,1.4523351253169223E-4,1.8902814376681903E-4,1.9021350275420974E-4,0.004455432525355731,0.0016991633774884054,2.3252691255566113E-4,2.8198478278735565E-4,0.0026964616930030224,1.505440300871434E-4,0.008629487169961779,3.0491724414085937E-4,2.2741906746424266E-4,3.5577120402460424E-4,1.8956575339716612E-4,0.012157206266408182,1.9208107093412035E-4,1.3681942407812452E-4,0.0358117681319103,1.7440511673661878E-4,0.0015767371405325157,1.9436422431783765E-4,1.597254182350512E-4,0.011081585438558807,1.152506826669079E-4,1.900767079285437E-4,1.605025042013493E-4,3.386908868727698E-5,1.9135807666684755E-4,0.00950500719121315,1.9630025310316918E-4,0.001311835079100364,1.3449966699619458E-4,2.3014704238710654E-4,1.8858331234181377E-4,0.0018354362490873497,1.614511004302136E-4,0.0014512397876675742,1.881963969246385E-4,0.001588090253046039,7.046259593104471E-4,0.008340832190209393],[0.004252353373216735,0.006045651817901058,6.523846483970603E-4,0.005735918284913346,0.0012377559607700112,9.940854252956223E-4,1.0,0.0019112867075183032,0.004821528309809035,0.002335710723933156,0.0077682446586079335,0.00429040916499002,2.9540657851819966E-4,0.0010050160250775376,0.004305707261258707,0.003752037753839718,0.010125778826276284,0.004151980409649163,0.004851248932261222,0.0025529843244011625,0.005171314027213534,0.006803857143662067,0.006255768407962238,0.006866508419718785,9.724596586091196E-4,0.007084652105892207,0.005200466534765247,0.011733744003551445,0.0023467553093460564,0.006598767497053362,0.00455200315460631,0.0019180136471870141,0.012182655531954998,0.0014886201516597182,2.5674968180781205E-4,0.01280969762698495,0.005319048838171877,0.003651726654230196,0.003517151632425641,4.435511858501169E-4,0.02109607575895343,0.004313314009071158,0.004859656554363035,0.006121348191391284,6.634086504245539E-4,0.003406504953318904,0.019463764904220776,0.005029625371324376,0.006186707403708278,0.004595413858727134,0.004457602191072914,0.005969837695347797,0.0043294780376530815,9.056128789246714E-4,0.002418247816850101,0.0057106657676812686,0.0021930741115427123,0.003830523399489737,0.009804667791493006],[0.0020003283200316782,3.525008431783864E-5,9.079583791605554E-5,4.07303756942574E-4,1.3663210360558045E-5,6.183473842721903E-5,0.0019112867075183032,1.0,1.1860767030264005E-4,0.0013021489581718732,0.0077677750688396,1.2458850876062898E-5,5.7516399942483946E-5,3.592124981038763E-4,1.057412356016591E-4,1.665120087549305E-4,7.569507605765633E-4,2.2206817471615595E-4,7.711676649781857E-5,5.422483550225617E-5,2.7521281733281835E-5,0.004052277406668561,1.6409696093540278E-4,9.985768755701972E-5,4.6558801234727334E-4,7.988521561974654E-4,5.2143992457709756E-5,0.006620795389275076,3.3254889015327005E-4,6.711525163016315E-5,2.6579101395324283E-4,3.509111164975889E-5,0.007853607383059411,1.2346384923454023E-4,4.378039475517859E-5,0.019155346538654333,8.785268280603368E-5,6.139199860202489E-4,1.3659884795627153E-4,1.623686788946059E-5,0.00609801270119871,7.505941998758283E-5,6.656520786571494E-5,8.689399946149133E-5,1.3879511933299816E-5,1.395722810730698E-4,0.0054053383719946686,7.343010918696694E-5,1.1675917794172702E-4,7.290427829895615E-5,5.5612457377744316E-5,1.0689094638616776E-4,4.124667732253207E-5,1.1772349943895296E-5,0.0010378768214479046,8.868494388808947E-5,0.0014161240685744733,4.762015602258253E-4,0.0063552386427086355],[0.0012106391150001952,4.927877809944231E-4,7.121456517083913E-4,0.00136020608518371,9.811356046681584E-4,0.00104183247538677,0.004821528309809035,1.1860767030264005E-4,1.0,0.0012398548204201575,0.023703413863723374,5.342980669052168E-4,0.001091180730557199,5.233322133355516E-4,5.870513099466952E-4,0.0011447178135840824,0.006483669464960698,8.975131658597549E-4,3.9170403115100126E-4,8.895305918003478E-4,6.498944958702008E-4,0.004405063843325964,0.0024535386503010863,8.544212384787151E-4,9.307516351567604E-4,0.006615778157200549,8.748467055628298E-4,0.004702863929636512,0.001148641852291065,6.029566667078996E-4,0.0011621891956791583,2.7390257890727164E-4,0.007253124317850558,8.114808194860443E-4,3.535154799499387E-4,0.02989674209515097,7.317751951778192E-4,0.0017694216057790521,2.48216406779087E-4,0.0011690152315059275,0.022277582066762044,8.646139443188129E-4,9.422212993485552E-4,4.7865272970186456E-4,5.709536998987518E-4,0.00116400740986433,0.022134690266754235,0.0010226839508759447,0.00195781738677244,3.977534811548827E-4,8.369523801328707E-4,4.671197303090748E-4,0.0015881664449639802,4.2403310310018517E-4,0.0013843622545691816,5.027168032064958E-4,0.0014622541534291755,0.0010797390999003809,0.007996273692951776],[0.002629830419011825,3.07342111949307E-4,0.0011032022002059401,0.0015428090285782667,4.473662188537639E-4,8.462951987597106E-4,0.002335710723933156,0.0013021489581718732,0.0012398548204201575,1.0,0.022573748071951456,1.169399154332682E-4,1.5050399519211922E-4,9.355938446829955E-4,2.595154024994853E-4,0.0012163503659676817,0.004203577678177308,9.795441227082443E-4,6.979201024293757E-4,0.0010544084040635508,4.240202495928101E-4,0.004910252390026307,0.0016255537413403102,0.0010251870094736702,5.720039564294805E-4,0.00541843457567257,1.4859638867844753E-4,0.00452053904484003,0.0013296877024326181,7.727491697490742E-4,3.8775554617540616E-4,0.001065405047129679,0.012710558391490686,9.930535306784693E-4,9.704861095162162E-4,0.015856700927153824,0.0012871633365874248,0.0016574866721301123,0.0012605118346183538,0.001270120736283258,0.011514707423926494,0.001249220249157975,0.0012661524876371392,2.569340537517226E-4,8.34305508104386E-4,0.0011338658884984098,0.01844002642677377,8.114379832764285E-4,0.0018278416994384032,2.8302542057736873E-4,0.0011238848167158288,8.180260606595854E-4,0.002046367854528934,6.578567507142132E-5,0.0014670701887048835,0.0010673127536649973,0.0014635293990018783,0.001279946812124756,0.0044016457518367],[0.02498750529964616,0.008772944704613752,0.024302156851570087,0.013700220368783773,0.015318761238846448,0.003408443123371255,0.0077682446586079335,0.0077677750688396,0.023703413863723374,0.022573748071951456,1.0,0.01858463617113439,0.028510626357361155,0.017851656287191268,0.0015504487416360079,0.024977775911174466,0.01565149363139342,0.027024055450915428,0.007761417322858623,0.028291483177535215,0.013457587073033787,0.018752675676897455,0.028247555555757975,0.004926078528381637,0.02762468122316291,0.022026919060183815,0.030064317476907944,0.025166281269772967,0.006947114812063386,0.008921515950096612,0.00847210274031491,0.02807918486288142,0.018682163850959603,0.007763712800898479,0.011281679825006727,0.03285005498135014,0.020559931816501748,0.0026535283557198143,0.019022007766340786,0.014281142413543274,0.02774719134992995,0.026170032281628515,0.008500745906166009,0.022381394461705496,0.020611467710280038,0.016757178934283037,0.02941207513179325,0.026052296433388918,0.004341325892469853,0.02336464779060828,0.02708849800969527,0.011786291004080221,0.006909680393372801,2.9006123736824034E-4,0.003262274364399808,0.02132396700578142,0.025795312497328932,0.021083172186341786,0.02563549441891518],[3.0018924825398705E-4,7.40961650472648E-5,5.560988742918502E-5,0.0010328891512777028,1.3184916213893138E-5,1.8309424208632158E-4,0.00429040916499002,1.2458850876062898E-5,5.342980669052168E-4,1.169399154332682E-4,0.01858463617113439,1.0,4.3134914362862976E-5,2.4375253220017973E-4,1.182408333663839E-4,5.583635648023503E-4,0.007334186401219985,2.1550904991251814E-4,1.160432360345449E-4,7.919854298916429E-5,4.723415772258883E-5,0.006180393723947577,3.484112729479311E-4,1.0261781690035094E-4,1.8327191116472927E-4,0.005546589079282951,1.916794804863253E-5,0.010639769893990052,4.013275234738237E-4,1.6632740284969473E-4,3.7380821599346286E-4,1.3762372172543302E-4,0.010589015950775311,4.720756925168993E-5,1.3499606953495018E-5,0.02854369579446824,4.7101959487280204E-5,0.001605994840629012,5.197792423256214E-5,7.475903087026452E-5,0.009111297511593352,9.528785130530636E-5,3.508124961826575E-5,1.2544399165632011E-4,2.8851615490323315E-5,9.26516811792308E-5,0.022024370447124707,9.610818673870413E-5,2.4106694270957025E-4,7.407199283319842E-5,2.7634338992725878E-5,1.1210012080382559E-4,0.0029105325771097822,2.130182274361464E-5,0.0013966001996043146,3.339229859342089E-5,4.7698703137561603E-4,2.858055582378855E-4,0.006190607116623747],[0.0011638239226164143,9.551137553527307E-5,1.1995086885990749E-4,0.0011480303347140097,3.1715984923931154E-5,1.0856890299782524E-4,2.9540657851819966E-4,5.7516399942483946E-5,0.001091180730557199,1.5050399519211922E-4,0.028510626357361155,4.3134914362862976E-5,1.0,1.1455554417801343E-4,7.871637471319794E-5,7.177849604608123E-4,0.0024027466729741194,2.3727637702569373E-4,1.0158225978973307E-4,1.1309594929337157E-4,6.777176273943594E-5,0.001899358895770632,2.865310080453457E-4,1.3038491353001833E-4,1.9142806079135272E-4,0.0013418169088612172,9.520702780519169E-5,0.01228373873387865,3.7083601572018935E-4,9.136163843832412E-5,3.1077594588191577E-4,8.279059452947205E-5,0.01034216824989303,8.24166650131261E-5,8.864732619377857E-5,0.018414500364621122,8.240415730767094E-5,0.001611712146728059,9.125846777728612E-5,1.3586477887341354E-4,0.02166825480660504,1.0252296058962639E-4,1.2730357381133097E-4,1.33396801343633E-4,6.773368319823862E-5,1.3990689612670347E-4,0.001549285094888504,8.479123656941417E-5,6.443446079690713E-4,9.188361807931193E-5,1.923599750604996E-4,1.7220080026375317E-4,5.562218526919205E-4,2.4273455898252316E-5,0.001050244028745724,1.1631111681313666E-4,0.001691341379663093,5.520705299705778E-4,0.006750701747391821],[0.0015264548841422373,2.970296038893077E-4,3.2513955757162917E-4,9.771819138696964E-4,1.370285392575639E-4,3.332994567228375E-4,0.0010050160250775376,3.592124981038763E-4,5.233322133355516E-4,9.355938446829955E-4,0.017851656287191268,2.4375253220017973E-4,1.1455554417801343E-4,1.0,4.3807034840047626E-4,7.980660109730729E-4,0.0028121928516522832,6.401135407773447E-4,3.793596509723109E-4,4.0054502707136217E-4,2.839373716091348E-4,0.0011397068541650207,7.593106129243339E-4,2.764580034934561E-4,4.8746327560445597E-4,9.43971769502389E-4,1.9354934677021785E-4,0.007155085955755245,4.6647242779302827E-4,3.2918614636797463E-4,4.1384138248731897E-4,2.9558133407838984E-4,0.009377017673758092,3.7728220798452977E-4,1.4634290501394062E-4,0.03298363721513164,4.156875750876305E-4,0.0013719873513815977,2.6450647384016244E-4,3.4234252495040924E-4,0.022061311118427636,1.3627204281572042E-4,1.6821148861404626E-4,2.257144395495828E-4,1.610808616756293E-4,3.93057174029297E-4,0.0065050800999489925,3.829940275270546E-4,0.0012438772529471424,2.623062811930424E-4,4.329616130640462E-4,2.447787636054623E-4,5.685476505121816E-4,3.42285984511193E-4,7.165515970084032E-4,3.2083235799577556E-4,0.001400645122906109,6.812953495302706E-4,0.004145697128437009],[9.933704460179718E-4,1.3344965237964437E-4,1.2097549154420684E-4,7.218296907229259E-4,6.122313828577569E-5,1.974419637777585E-4,0.004305707261258707,1.057412356016591E-4,5.870513099466952E-4,2.595154024994853E-4,0.0015504487416360079,1.182408333663839E-4,7.871637471319794E-5,4.3807034840047626E-4,1.0,2.843908516169133E-4,0.008202194946994172,7.497312862824767E-4,1.2105958813216984E-4,1.2319020133299427E-4,1.0011561836060183E-4,2.109942910420856E-4,8.603153048614265E-4,1.6508507530738412E-4,4.6646981011174484E-4,0.004149246611091877,1.1612394264654596E-4,0.0011744624851533136,1.6881428450643546E-4,2.3907422002972372E-4,1.5597441430971413E-4,1.3240614783232598E-4,0.012182622119940372,1.4911997299261223E-4,1.1762642937824768E-4,0.024250642218530547,1.1828263761117578E-4,2.6277179898381864E-4,1.3750054303228102E-4,1.239630258566511E-4,0.021908485167933756,1.0726681909837004E-4,1.2424348078623947E-4,1.2545664358555751E-4,6.475965644041825E-5,1.582466346707687E-4,0.006813654557219572,1.364599416822633E-4,4.813661933819739E-4,1.1611190966706074E-4,2.3768766995785294E-4,1.4170580370975424E-4,0.0015760263609932489,1.110458792939004E-4,6.50667513127382E-4,1.2237852255008778E-4,0.0011535530333031314,4.754634466232969E-4,0.005509967363581835],[0.002421861113615789,9.33779949564629E-4,5.435189568632442E-4,0.001567659561225468,1.8371398356026072E-4,9.954760825191932E-4,0.003752037753839718,1.665120087549305E-4,0.0011447178135840824,0.0012163503659676817,0.024977775911174466,5.583635648023503E-4,7.177849604608123E-4,7.980660109730729E-4,2.843908516169133E-4,1.0,0.007467233600712071,8.56238723097084E-4,6.899433978742966E-4,6.119248991966269E-4,4.77544605500902E-4,0.004064314010829172,0.001431095559540347,3.366511693934524E-4,8.839244172986228E-4,0.005795797549680744,1.8000077722598337E-4,0.0028104793482766365,9.478351633405965E-4,6.073292258994513E-4,9.434993057415028E-4,4.009467890820399E-4,0.0028841983700044977,6.755401522113988E-4,1.412907641621969E-4,0.036523467669159614,3.7593358914083156E-4,0.0013872756833449968,1.8455528502067683E-4,6.262523320385769E-4,0.015381516875002854,5.34907739470284E-4,2.7406840227452254E-4,6.185440261521083E-4,4.3923531300711454E-4,3.34950233295468E-4,0.0068845743725099405,9.474344325631242E-4,0.0020276505889046887,8.557481364739567E-4,4.1454613875755087E-4,8.868635645956625E-4,0.0017506085066102282,7.733319791964678E-5,0.0011360818433593894,8.953224665893893E-4,0.0010473563172277791,0.0010092165954742555,0.005320030142420827],[0.004221090699146314,3.2163759660681077E-4,0.010059214067317896,0.00441334560256608,0.007936851068672241,0.009286212441955306,0.010125778826276284,7.569507605765633E-4,0.006483669464960698,0.004203577678177308,0.01565149363139342,0.007334186401219985,0.0024027466729741194,0.0028121928516522832,0.008202194946994172,0.007467233600712071,1.0,0.006569951201007814,0.0030949009894831346,0.005995617493173925,0.0025591259886710584,0.010036565716616853,0.006092802427015395,0.010886000241005847,0.0015907474700801037,0.010223231209911405,0.011185956497123471,0.012123802424136423,0.010875441342078842,0.006485987591529148,0.009774577231457814,0.004687520767650874,0.013148057138646193,0.005764830305289269,0.0027383055203601733,0.016391375326656934,0.006439770846158384,0.007189704566316724,2.884059176948156E-4,0.008479618165538282,0.018951758607429346,3.4918284498767626E-4,0.0015993385257930205,0.009470344692493622,0.010223212664924366,0.003822554074405015,0.02253619095127718,0.0016617840341736079,0.00706422776129189,0.007012823716931158,0.004858901089610709,0.005563047785513783,0.008975948933003155,0.009138667633340716,0.008698983002865214,0.007013940532032433,0.007357470593860174,0.0030700712019443976,0.010596021268136744],[0.0017648013844702,6.367141470611148E-4,7.220806575907036E-4,0.0011511332332131482,2.738286911830481E-4,6.510151447831175E-4,0.004151980409649163,2.2206817471615595E-4,8.975131658597549E-4,9.795441227082443E-4,0.027024055450915428,2.1550904991251814E-4,2.3727637702569373E-4,6.401135407773447E-4,7.497312862824767E-4,8.56238723097084E-4,0.006569951201007814,1.0,5.724900185228435E-4,4.0347013935256146E-4,5.188256707186126E-4,0.00445331511794966,0.0022389125922568165,3.463782207681009E-4,5.867032105910533E-4,0.0010538574338548098,5.850229484253008E-4,0.0038417226041325575,5.090238359845095E-4,4.8303320550289227E-4,4.7540817280610913E-4,2.7960700878632905E-4,0.00928924376496276,7.223396790747423E-4,6.985091987750764E-4,0.024163186873107766,5.887826462160133E-4,8.456910354916004E-4,5.02955744800218E-4,6.35669212216717E-4,0.008490754201288043,5.970279345453207E-4,5.9451414158839E-4,6.539492632333255E-4,2.1041739734967922E-4,2.397479708050351E-4,0.02035280972448763,1.6175596109904052E-4,0.0018891635963350652,7.609032351602335E-4,6.656599139766091E-4,1.9746859771337626E-4,8.103175456207609E-4,5.551922709540106E-4,0.001158998190767565,6.458417668354986E-4,0.001505061354108142,9.154965688130236E-4,0.0025616776653925805],[0.0018046468467422506,1.2472909107679215E-4,1.2041068692042066E-4,4.746396803039256E-4,7.171014194921106E-5,1.4523351253169223E-4,0.004851248932261222,7.711676649781857E-5,3.9170403115100126E-4,6.979201024293757E-4,0.007761417322858623,1.160432360345449E-4,1.0158225978973307E-4,3.793596509723109E-4,1.2105958813216984E-4,6.899433978742966E-4,0.0030949009894831346,5.724900185228435E-4,1.0,1.4571351171681893E-4,1.0400810398329493E-4,4.6472257442935357E-4,3.378460423840595E-4,1.6413629667275895E-4,2.4979849058905784E-4,0.006251643565665813,1.1053715861799395E-4,0.0010582557586711156,4.1452318957581455E-4,1.359045178648635E-4,1.944562507892253E-4,1.2932359977742492E-4,0.007731270644939879,1.4240550778861635E-4,1.1356966754979991E-4,0.010605634874929612,1.1198848250977169E-4,0.0015924441898517265,1.6467922382336174E-4,1.2179186619177751E-4,0.004326606420936132,1.2053816474051062E-4,1.280291516955928E-4,1.2506926725228067E-4,5.137626792349809E-5,1.326352306397755E-4,0.01553455110122078,1.2295443370301173E-4,6.492909138045273E-4,1.1877573147463116E-4,1.688227806336684E-4,1.2641173046310298E-4,6.021620086695584E-4,2.3971104711828965E-5,0.001145058324588583,1.2952182273831444E-4,3.566971503334088E-4,8.058188631636081E-4,0.008018532724167693],[0.0025072970487188106,1.406651146519403E-4,1.3149043785208968E-4,5.702350393399062E-4,7.455662584552399E-5,1.8902814376681903E-4,0.0025529843244011625,5.422483550225617E-5,8.895305918003478E-4,0.0010544084040635508,0.028291483177535215,7.919854298916429E-5,1.1309594929337157E-4,4.0054502707136217E-4,1.2319020133299427E-4,6.119248991966269E-4,0.005995617493173925,4.0347013935256146E-4,1.4571351171681893E-4,1.0,1.0397630275924605E-4,0.005579686123190859,0.0015693199206902745,1.8281800864599954E-4,2.4504553439952604E-4,7.756109604572137E-4,1.0864159589930828E-4,0.009972131144681632,4.0161714533116946E-4,1.5219895370762067E-4,2.3291276574046897E-4,1.493985173673032E-4,0.011005831425602351,1.497646240245084E-4,1.2546229837577985E-4,0.022682837740874744,1.1457073629477272E-4,3.7659085869085686E-4,1.7881171314415272E-4,1.4366534772024172E-4,0.0013144654498977453,1.156298247230312E-4,1.3463046287484986E-4,1.4232590688999884E-4,6.270149523462044E-5,1.789052704460277E-4,0.00625448837150334,1.4120968267968288E-4,0.0022540850161902534,1.4354850620712845E-4,2.1905094251704104E-4,1.8458777341486254E-4,0.00200458967203852,1.26926911159652E-4,9.550661514788434E-4,1.4932922378457076E-4,0.0013293452721921046,3.0299075016936185E-4,0.004659238598654613],[0.0028650090646716872,6.157383579676885E-5,7.449167395329881E-5,4.1218748642935584E-4,3.3944385182866626E-5,1.9021350275420974E-4,0.005171314027213534,2.7521281733281835E-5,6.498944958702008E-4,4.240202495928101E-4,0.013457587073033787,4.723415772258883E-5,6.777176273943594E-5,2.839373716091348E-4,1.0011561836060183E-4,4.77544605500902E-4,0.0025591259886710584,5.188256707186126E-4,1.0400810398329493E-4,1.0397630275924605E-4,1.0,0.00398094229306889,0.0017597012644740093,1.895997096385379E-4,3.089384118103045E-4,0.005311019329467473,6.502981026745857E-5,0.011047372497313914,3.60573133460319E-4,2.2057738921724395E-4,7.963004320832274E-5,7.935642644795737E-5,0.007176814529870311,1.1709398888941726E-4,9.627978810765295E-5,0.020542099490840262,8.647195065347424E-5,9.879209823188846E-4,1.3238322270614093E-4,1.1253301085064327E-4,0.005528366007089433,6.355904464022471E-5,1.1555534969236248E-4,1.1616172770086239E-4,4.332087453453207E-5,1.6390456401375587E-4,0.008683544471852418,1.2889788171451596E-4,1.8588334763939738E-4,1.0266205085334081E-4,2.1649038319015046E-4,1.0053544880024766E-4,0.001331219505955399,5.3151511548360054E-5,3.2537095575595947E-4,1.335276878280833E-4,0.0016608162690093635,5.859997198522428E-4,0.0018275425867138341],[0.004304267459318303,0.0033259293444954864,3.989580081613434E-4,0.002522294378598267,0.005220191454251788,0.004455432525355731,0.006803857143662067,0.004052277406668561,0.004405063843325964,0.004910252390026307,0.018752675676897455,0.006180393723947577,0.001899358895770632,0.0011397068541650207,2.109942910420856E-4,0.004064314010829172,0.010036565716616853,0.00445331511794966,4.6472257442935357E-4,0.005579686123190859,0.00398094229306889,1.0,0.005239080207109535,0.0018409235689707151,0.004940280294565459,0.0073137890067591915,6.36325553908073E-4,0.007087745982335134,0.00151784391896595,0.002280744160226258,0.002736837502647774,0.006682875218813289,0.007403421786013521,9.894221416361561E-4,0.0041070829199664,0.012859965013957898,0.005574853742419826,0.005808699234896221,0.0019555907805874355,0.0012983028286760751,0.021939421195560915,0.003102368498876091,0.006099858343462452,0.003230281410643872,5.160626745724073E-4,0.003532256703558489,0.007625206533976995,0.005486260487087398,0.0048394855401943295,0.004486133733098671,0.001970819465642293,2.9603386885901166E-4,0.002955666750435412,0.0024981005866880584,0.002385638346664453,0.0012182777478608167,0.006175224089616424,0.0036764763087867177,0.008000515586542505],[0.0028902171313483394,0.0012149225599435674,0.0025032440463810457,0.0025583959294032802,0.00125649926706154,0.0016991633774884054,0.006255768407962238,1.6409696093540278E-4,0.0024535386503010863,0.0016255537413403102,0.028247555555757975,3.484112729479311E-4,2.865310080453457E-4,7.593106129243339E-4,8.603153048614265E-4,0.001431095559540347,0.006092802427015395,0.0022389125922568165,3.378460423840595E-4,0.0015693199206902745,0.0017597012644740093,0.005239080207109535,1.0,0.001669737954856287,0.0020554491532983983,0.003673310834837006,0.0011604330348092345,0.00808521277530744,0.0012153242990979446,9.765717953924037E-4,0.0018247171181185666,7.064790024564347E-4,0.00417819004675843,0.0011276611838246429,0.0013586094693552831,0.029010024611559982,0.001579650402052521,0.002260207104806411,0.0013303777373065407,0.00146761369386849,0.02060143569865253,0.002583730601347074,9.099603676304872E-4,0.0017630162705168212,0.0018984971614371985,3.1783286494359634E-4,0.011735461166743066,0.0010235195014908667,0.002489874254743514,0.0013908341915703267,0.001473492356747696,0.0020168929022230833,0.002861370080532989,0.002135735583562698,0.002352781465468333,0.0016064991181355761,0.0018276209182586868,0.002491170519046116,0.004932397594298803],[6.171091457679473E-4,1.4147837796642005E-4,1.5434622019688932E-4,0.0011369068968829837,1.8668797516707252E-4,2.3252691255566113E-4,0.006866508419718785,9.985768755701972E-5,8.544212384787151E-4,0.0010251870094736702,0.004926078528381637,1.0261781690035094E-4,1.3038491353001833E-4,2.764580034934561E-4,1.6508507530738412E-4,3.366511693934524E-4,0.010886000241005847,3.463782207681009E-4,1.6413629667275895E-4,1.8281800864599954E-4,1.895997096385379E-4,0.0018409235689707151,0.001669737954856287,1.0,2.862047284338624E-4,0.006474418466701762,2.0047512950803622E-4,0.005957372078063448,3.065924836895889E-4,2.5428486490915864E-4,3.623942739076442E-4,1.5627169630616115E-4,0.006250657846512409,2.2811513732607942E-4,1.6496622829219784E-4,0.001588657384099011,2.1117031447472087E-4,2.882887009714602E-4,2.3037123600722358E-4,2.322706997844619E-4,0.01002192561852333,1.1086283345874206E-4,2.446018006124177E-4,1.4284535742520793E-4,1.6722601007511904E-4,1.9024144257922876E-4,0.01932264480395663,1.9627706638152258E-4,0.0017825607937685768,2.289848283039047E-4,2.6289768395084296E-4,1.8998434440768616E-4,0.0021978054085751834,8.974625051753237E-5,5.80525501830007E-4,2.2158500614457563E-4,0.0012522792598197358,5.804199671368292E-4,0.005720098668008376],[0.0017763961045118525,3.817311077184576E-4,4.314019693331814E-4,0.0013200819483656103,2.6119472666610833E-4,2.8198478278735565E-4,9.724596586091196E-4,4.6558801234727334E-4,9.307516351567604E-4,5.720039564294805E-4,0.02762468122316291,1.8327191116472927E-4,1.9142806079135272E-4,4.8746327560445597E-4,4.6646981011174484E-4,8.839244172986228E-4,0.0015907474700801037,5.867032105910533E-4,2.4979849058905784E-4,2.4504553439952604E-4,3.089384118103045E-4,0.004940280294565459,0.0020554491532983983,2.862047284338624E-4,1.0,0.003850085038240769,2.3313233077418375E-4,0.004545068374438155,5.056991984137973E-4,3.5586305427055923E-4,4.5216555921357527E-4,2.5237614618674897E-4,0.0072183719275491715,3.0526734633970595E-4,1.407054429606686E-4,0.042852317959835434,3.4659806499631415E-4,0.0012751597545827688,3.922850075524331E-4,2.534262427198512E-4,0.004183309522063267,2.744023896245003E-4,2.6349113493758143E-4,4.846036773340671E-4,3.7757131437225644E-5,2.2226355571370115E-4,0.0024103620651943726,5.146665242447248E-4,0.0010531350578911068,1.626429201132053E-4,5.100289207617492E-4,2.607970890739582E-4,0.002869642625168618,3.484108268573777E-4,5.288355029571305E-4,4.878023396593388E-4,0.0015734377758718709,8.79102470925612E-4,0.003582521028930284],[0.0041373292084292985,0.0063527253388402,0.005859788790021577,0.0015906808222997384,0.006431346945604641,0.0026964616930030224,0.007084652105892207,7.988521561974654E-4,0.006615778157200549,0.00541843457567257,0.022026919060183815,0.005546589079282951,0.0013418169088612172,9.43971769502389E-4,0.004149246611091877,0.005795797549680744,0.010223231209911405,0.0010538574338548098,0.006251643565665813,7.756109604572137E-4,0.005311019329467473,0.0073137890067591915,0.003673310834837006,0.006474418466701762,0.003850085038240769,1.0,0.003964279030093343,0.008755469700116621,0.007434524150028146,0.0035967828659900333,0.004583956963697748,0.006775095750495308,0.009836949373258224,0.005891360860738372,0.0025162956248007684,0.03760524218917101,0.002889918628257385,0.002623824392818333,0.006976282890261966,0.0071801896713881855,0.011402368436206454,0.0027263078035458903,6.937527312935163E-4,0.006030078582337492,5.248291454111703E-4,0.002602002583077128,0.012161409965910915,0.003184199379108869,0.0047409449871250835,0.005075558911127137,0.0025542342086016523,0.0056309658537234235,0.004714447351152319,0.0020471826992006508,0.0025538849895019138,0.007223566031916787,0.004279474811509711,0.006716223276395066,0.008527134225770335],[0.0029386825672677915,1.329800031808557E-4,1.082372454600624E-4,4.618676955473516E-4,1.0200838847662826E-4,1.505440300871434E-4,0.005200466534765247,5.2143992457709756E-5,8.748467055628298E-4,1.4859638867844753E-4,0.030064317476907944,1.916794804863253E-5,9.520702780519169E-5,1.9354934677021785E-4,1.1612394264654596E-4,1.8000077722598337E-4,0.011185956497123471,5.850229484253008E-4,1.1053715861799395E-4,1.0864159589930828E-4,6.502981026745857E-5,6.36325553908073E-4,0.0011604330348092345,2.0047512950803622E-4,2.3313233077418375E-4,0.003964279030093343,1.0,0.007409512685953039,1.339010527296257E-4,2.3172946787887027E-4,3.4361164980245204E-4,1.360829104413877E-4,0.007596026782877934,1.4615907654538403E-4,1.0659304242537279E-4,0.03406817238935748,1.0576459885534084E-4,8.722906929798305E-4,1.3073080905144969E-4,1.265806303195067E-4,0.011733818810005426,1.0682200948400684E-4,1.1862006881734062E-4,1.1148923151715739E-4,6.360237052447706E-5,1.746691601802107E-4,0.020582194761223156,1.3128195003836706E-4,5.275355686481407E-4,1.089817788382166E-4,2.536697555760225E-4,1.1030005394855378E-4,0.002677602138229341,3.931282192601906E-5,9.382569964420971E-4,1.2731363027232027E-4,7.730990855385225E-4,9.817331106899716E-4,0.0016234107743503246],[0.007557987292766817,0.005242250018412889,0.004672840765968085,0.0017732739739054501,0.010069743464248387,0.008629487169961779,0.011733744003551445,0.006620795389275076,0.004702863929636512,0.00452053904484003,0.025166281269772967,0.010639769893990052,0.01228373873387865,0.007155085955755245,0.0011744624851533136,0.0028104793482766365,0.012123802424136423,0.0038417226041325575,0.0010582557586711156,0.009972131144681632,0.011047372497313914,0.007087745982335134,0.00808521277530744,0.005957372078063448,0.004545068374438155,0.008755469700116621,0.007409512685953039,1.0,0.009803847889664161,0.007873682801859778,7.877747828417315E-4,0.0029475746923456137,0.01285079452733224,0.009322240123244169,0.008359021777714738,0.03954125394492501,3.3676866169649196E-4,0.0018646980054634866,0.00851739232554535,0.00617435152727668,0.02206264685687942,0.012494205084612006,0.012540627032655956,0.0030315359028028105,0.007454033698451745,0.009410305265676489,0.013331497481170374,0.0010705249724862463,0.005895418230971965,0.006529116415251748,0.0019504582033629705,0.00330950331144675,0.004153863751722468,2.669808759684858E-4,0.006379622463488091,0.0076809555960609425,0.006871216961914306,0.0022361582311927336,0.010155471035421349],[0.0020314792969322705,4.234908218699268E-4,2.475157270946937E-4,0.0014440026242115531,4.599782089573662E-4,3.0491724414085937E-4,0.0023467553093460564,3.3254889015327005E-4,0.001148641852291065,0.0013296877024326181,0.006947114812063386,4.013275234738237E-4,3.7083601572018935E-4,4.6647242779302827E-4,1.6881428450643546E-4,9.478351633405965E-4,0.010875441342078842,5.090238359845095E-4,4.1452318957581455E-4,4.0161714533116946E-4,3.60573133460319E-4,0.00151784391896595,0.0012153242990979446,3.065924836895889E-4,5.056991984137973E-4,0.007434524150028146,1.339010527296257E-4,0.009803847889664161,1.0,3.3195473934189063E-4,4.3766297110064327E-4,2.4649545434755134E-4,0.007210647524699507,4.5726226169055725E-4,1.2750317426785555E-4,0.004822120528556835,4.473716385412508E-4,7.302633215465242E-4,3.0418331920274206E-4,2.634860829881908E-4,6.947757679305722E-4,2.8671784838681254E-4,1.3096528757515968E-4,2.1587628883361687E-4,1.8245974602892537E-4,4.707708024084935E-4,0.020451837920979602,2.0466833075287946E-4,0.0018880763411032728,4.2119938495358326E-4,3.5933037798012007E-4,2.2286027514541577E-4,0.0010567452841414569,1.4395917345646722E-4,5.273036277990603E-4,4.938823876800771E-4,0.0016641861501151978,7.282238799546466E-4,0.004898072753755473],[8.748080347637366E-4,2.469622220141954E-4,1.4708095604555317E-4,9.759859173892372E-4,2.411611880687348E-4,2.2741906746424266E-4,0.006598767497053362,6.711525163016315E-5,6.029566667078996E-4,7.727491697490742E-4,0.008921515950096612,1.6632740284969473E-4,9.136163843832412E-5,3.2918614636797463E-4,2.3907422002972372E-4,6.073292258994513E-4,0.006485987591529148,4.8303320550289227E-4,1.359045178648635E-4,1.5219895370762067E-4,2.2057738921724395E-4,0.002280744160226258,9.765717953924037E-4,2.5428486490915864E-4,3.5586305427055923E-4,0.0035967828659900333,2.3172946787887027E-4,0.007873682801859778,3.3195473934189063E-4,1.0,3.3115905526294486E-4,2.239803522590643E-4,0.013283815691241483,2.470439753850326E-4,2.4667717212079125E-4,0.03042086397688261,1.7349826032132636E-4,2.882183015223001E-4,1.8718735020188426E-4,1.8481652545234334E-4,0.0031033100561883888,1.4559634723402073E-4,1.7098505921650395E-4,1.9249247375348398E-4,1.528936077950017E-4,2.2592722386536934E-4,0.022589649998639282,2.0021029233622306E-4,0.001462550933921732,1.867398080349476E-4,2.551165183458518E-4,1.988183962222122E-4,0.0025822381226247816,9.38003994423909E-5,3.568818992195551E-4,2.280024306640353E-4,4.4268985851640935E-4,3.3159696307962264E-4,0.006744088668871158],[5.3356004059091E-4,1.497817334383166E-4,2.3370860878853432E-4,0.0011488712076053375,1.1196727253178924E-4,3.5577120402460424E-4,0.00455200315460631,2.6579101395324283E-4,0.0011621891956791583,3.8775554617540616E-4,0.00847210274031491,3.7380821599346286E-4,3.1077594588191577E-4,4.1384138248731897E-4,1.5597441430971413E-4,9.434993057415028E-4,0.009774577231457814,4.7540817280610913E-4,1.944562507892253E-4,2.3291276574046897E-4,7.963004320832274E-5,0.002736837502647774,0.0018247171181185666,3.623942739076442E-4,4.5216555921357527E-4,0.004583956963697748,3.4361164980245204E-4,7.877747828417315E-4,4.3766297110064327E-4,3.3115905526294486E-4,1.0,1.5019637406549213E-4,0.0063308735050547245,3.61708518856512E-4,3.7825542923848805E-4,0.02264147478010007,3.403352733516757E-4,0.0011910450936092995,2.5735769771462267E-4,3.059582911066292E-4,0.016304634779665657,3.655744922186694E-4,1.8313962032977645E-4,2.3740827124985189E-4,2.7208463588929404E-4,2.1855484857574142E-4,0.020469728582763407,3.4521563223774714E-4,0.0011025207426588806,3.24007875388552E-4,2.99671712307929E-4,2.1616557763706572E-4,0.0021447886707768433,2.506145977732888E-4,7.818752083144727E-4,2.832193218077775E-4,0.0015717797778285417,9.697213837145878E-4,0.009066026023419452],[0.0030382095129222416,1.4786076178652645E-4,1.4548772764567163E-4,0.0010160029328739432,7.766837300566122E-5,1.8956575339716612E-4,0.0019180136471870141,3.509111164975889E-5,2.7390257890727164E-4,0.001065405047129679,0.02807918486288142,1.3762372172543302E-4,8.279059452947205E-5,2.9558133407838984E-4,1.3240614783232598E-4,4.009467890820399E-4,0.004687520767650874,2.7960700878632905E-4,1.2932359977742492E-4,1.493985173673032E-4,7.935642644795737E-5,0.006682875218813289,7.064790024564347E-4,1.5627169630616115E-4,2.5237614618674897E-4,0.006775095750495308,1.360829104413877E-4,0.0029475746923456137,2.4649545434755134E-4,2.239803522590643E-4,1.5019637406549213E-4,1.0,0.007351105482394586,1.5006639238182942E-4,1.324791834573512E-4,0.0342200219985171,1.0834458308281836E-4,5.042187850350034E-4,1.7595938683408392E-4,1.5008235987171213E-4,0.0029586486624151695,1.1788022464453727E-4,1.3722552677552328E-4,1.4887616421371366E-4,7.366692495549137E-5,1.6410774293880694E-4,0.00605939412036825,1.3980180091254955E-4,2.0524553196908944E-4,1.1827640076027768E-4,1.8994486493911886E-4,1.5527607045233107E-4,0.0019269349959849188,7.578111936007347E-5,9.876669178465957E-4,1.5102204369447225E-4,5.823783574172741E-4,3.4176679344817676E-4,0.003451075388289815],[0.013472271665011748,0.012193973953510002,9.15433856013709E-4,0.00392624742710152,0.010999297230671242,0.012157206266408182,0.012182655531954998,0.007853607383059411,0.007253124317850558,0.012710558391490686,0.01868216385095960