[[1.0,0.028924073750232808,0.05969453001687859,0.02064613588460706,0.031239557646998276,0.06030069106959402,0.05997452031573354,0.02285257087927081,0.005391824267934584,0.06324950478646323,0.035123338980631504,0.004084294245886205,0.06368076996646008,0.017666403330565156,0.0053720905638784695,0.03525414426696558,0.02557540629997942,0.026605707144754662,0.057237865216542255,0.06108820952902052,0.006847891525214195,0.06612807666744888,0.06509640343453302,0.012726668531611097,0.00697648406552725,0.048524581266042394,0.047995554973679584,0.042025623912481616,0.03880370371711787,0.07420186801796723,0.011794866286000736,0.010952383129912459,0.05466980687299636,0.004667255264821599,0.04828662573992255,0.046862019887217395,0.037135439305479065,0.06451116200068231,0.010097243465328042,0.03891318386340825,0.06436256024504583,0.08575362905303895,0.05753125307336645,0.06251268699631497,0.0633249655178473,0.012313255929880295,0.06561786828474607,0.011370337326776687,0.05450840362734551,0.038831386756246485,0.036940208693043486,0.013520136979178737,0.010884982988015554,0.02766897206379305,0.05630261605732022,0.027395294567648155],[0.028924073750232808,1.0,0.01000956073111493,0.010868921993899243,0.003708919283602,7.994343570411637E-4,0.0016885618620227705,0.006103831002898727,0.009805102860317312,0.015197377257637045,0.0034445439721441057,0.004184385001361928,0.007174895017462137,2.982045539328546E-4,0.008693540917891802,0.005206733644966175,0.0073204951094608395,0.009787055670988209,0.008823536733215292,0.013918546799367945,0.005290257586291858,0.014324225979251586,0.007758677465350475,0.00852992009693662,0.009613343729472859,0.01519141601311514,0.0034038985036744696,0.003308030830693612,0.0015160039606753753,0.07064478446574557,0.0036048401008681474,0.0036265059625388914,0.00829010847498711,0.006027101590623134,5.215669045616807E-4,0.0015227954363092155,0.007508887818896527,0.0050005375624840335,0.002366501046502566,0.006055591068875252,0.006596652534948468,0.08954102868851244,0.009348473757714125,0.001939678571908414,3.365494479535521E-4,0.010342991501289527,0.005367505033696525,0.0024606054423975086,0.0044257907528510824,0.01475450487539471,0.0035160281237571808,0.007315939055838393,0.010008285075752651,0.0071334286444499585,0.011327978162225406,0.005127548073994321],[0.05969453001687859,0.01000956073111493,1.0,0.007126006537018331,7.169780749862983E-5,4.487590996368994E-4,0.0012085717267230267,0.0022420649731775275,0.001202301120771889,0.062290389450397984,3.651485534089189E-4,9.315722796535267E-4,0.0019163716658143087,8.592338253350236E-4,0.001115264069136198,7.891173915955056E-4,0.0013351282035296826,5.007733050958448E-4,1.5659691156760772E-4,0.008520475164597063,0.0024582375095001958,0.01615692893713688,6.414936227005689E-4,0.0025933055216399185,7.011626070916809E-4,0.0035840197446166564,0.0013377695827261164,0.001072652417036359,9.323811023422433E-4,0.05424480842894632,0.002241188267694508,0.001181868863584127,0.0011357142110838133,5.832232511297553E-4,5.241629156618353E-5,0.0010656588181744764,9.159387026134125E-4,8.548555901857637E-4,0.0018461788962513188,0.0015742094162299694,0.0010649992717007414,0.048212544290802975,0.0010617574239907535,8.618605588665659E-4,8.06098304484646E-4,0.0022675947993905554,7.648905769003716E-4,0.0010104516504000354,0.0012217357643588501,0.007124193197007187,0.001093420897055398,1.8122329998650254E-4,0.0017555012511442907,0.001765852412448235,0.006393541689546235,0.0014610283218843387],[0.02064613588460706,0.010868921993899243,0.007126006537018331,1.0,0.004036316753948487,0.002647136394635783,0.010051910698123737,0.004652292514863345,0.002022357859687877,0.05151253755710846,0.003399148593797933,0.008790669648233109,0.007132352640683326,0.008720852824762948,0.0021000949458336426,0.007182792677011216,0.0040694326389817785,0.0020420413575109693,0.005733927588959755,0.013380113041956698,0.007010289709410221,0.013700949787284268,0.010199283546628659,0.004766685873901629,0.005581561327995996,0.012134091638782854,0.006801677945633578,0.0041874173433383965,0.003642027782695426,0.05391791232522707,0.0070896399119101975,0.008325126050276155,0.008468825594832067,0.002893448989639825,0.010793505882132558,0.01073837155380061,0.0045320101861955776,0.00605301487212422,0.010193878156840804,0.0059353756368160015,0.003968607139836578,0.05564890070551045,0.0049125917222233445,0.007609724460332081,0.005953790967658807,0.008752339914178842,0.0027337651373154723,0.01036585506289925,0.0022026021162189504,0.013650572358651893,0.004993048470140795,0.011097770096249206,0.007174234849439481,0.005146146207255442,0.01126411193620324,0.0039601892716284795],[0.031239557646998276,0.003708919283602,7.169780749862983E-5,0.004036316753948487,1.0,2.692371893354902E-4,0.001496070085061608,0.0017272238643803027,0.0013586040654246822,0.06238738884918548,1.4736210203653604E-5,3.328952145292932E-5,5.901066959844308E-4,9.538583388975901E-5,1.9865385991180287E-4,4.6875757025894004E-4,2.2645232981781906E-4,3.3734537244133606E-5,7.302109690950596E-5,0.013546694387720031,0.0018648599893389807,0.002862106839351576,1.925061518216664E-5,6.850066583033877E-4,2.709175050259701E-4,0.018627060146449423,8.914574285476797E-4,4.922580811035223E-4,7.640878687379317E-5,0.02368107224507509,8.882348877337684E-4,0.0011938013917789753,5.509809621584595E-4,1.1333660579547443E-4,1.4923680531055932E-5,4.843095864968269E-5,2.5395629826137333E-5,1.8505881963240013E-5,8.062086606633557E-4,6.638507181692782E-4,1.9131821799556367E-5,0.08687252581585583,2.2896380421725558E-4,7.586632530732152E-5,1.2183655248342125E-4,0.0013565023713677535,2.756748748369594E-4,2.2141328732507446E-5,8.984798064651714E-4,0.006570944036298705,0.0013004101578241176,6.235155197074323E-5,5.302177426963728E-4,3.715682288402064E-4,0.006381100535503352,0.0014813984232260248],[0.06030069106959402,7.994343570411637E-4,4.487590996368994E-4,0.002647136394635783,2.692371893354902E-4,1.0,0.0014911638438557028,4.285299216355901E-4,0.0011780920516617135,0.044948503003699014,1.5064063915163123E-4,3.270243963624314E-4,0.0013509203905556091,1.5335826970775158E-4,9.041771249637181E-4,4.0171931490479634E-4,7.816964836474883E-4,1.5908360326947948E-4,3.217954476864204E-4,0.016846328191668612,0.001821270032949392,0.010494901388027392,1.2699236708306355E-4,0.0029464361995801924,3.7525936812621394E-4,0.021866521116632193,0.0013980857931218968,5.105640977198054E-4,2.8870968958352033E-4,0.07575956795754579,0.0022013666687418156,0.0011015218027688473,0.0014279017792039137,2.3460306762098434E-4,1.6132009142544405E-4,2.9165415221637397E-4,2.2577110396896903E-4,1.0073213802768067E-4,5.733309255775371E-4,9.622201054772441E-4,1.9797627053609308E-4,0.06488702515128042,4.260045982569526E-4,2.651305923376546E-4,2.6434919631726885E-4,0.0016716978770946484,4.215895570611091E-4,4.435032061113448E-5,0.0011354235919987963,0.008671739750783248,9.420757371815533E-4,2.2306647730906473E-4,0.003035169122862252,0.002063202032557146,0.0072394144378107594,9.231981042977415E-4],[0.05997452031573354,0.0016885618620227705,0.0012085717267230267,0.010051910698123737,0.001496070085061608,0.0014911638438557028,1.0,0.0022215435326173334,0.0014493769742882586,0.04043958942843722,9.921721422577773E-4,9.95863588891174E-4,0.0016279927956835427,2.2105749096997554E-4,0.0014796280555924054,0.0011319017862686325,0.0014040806056957525,9.001452847051002E-4,0.0014019556887186011,0.005746338968693595,0.002765846554819762,0.01532839284249525,1.6895604554768878E-4,0.0026718565031799706,0.0014062693050442315,0.01348814099575304,0.001661420208203961,0.001293587449389442,4.7859013735603083E-4,0.03256856181703821,0.003342169694945601,0.0012079794015813754,0.0014797053069210606,6.859210793865027E-4,1.1629702552191969E-4,6.686106929758639E-4,8.457027808395048E-4,0.0012694030000644984,0.0016185984057878492,0.0019591276492436794,9.609153960563548E-4,0.05055075064983638,9.365321878301541E-4,8.744422727755905E-4,7.636660955969874E-4,0.0022848227013765945,0.0012966308071816705,7.501735877811537E-4,0.0012970883562084378,0.013946635528584574,0.001783704572393294,4.2725293967648537E-4,0.004154899978327397,0.0020552361426209457,0.003783409392665032,0.0021146178455277616],[0.02285257087927081,0.006103831002898727,0.0022420649731775275,0.004652292514863345,0.0017272238643803027,4.285299216355901E-4,0.0022215435326173334,1.0,0.0021195000899330353,0.026232009867611688,0.00221989828391635,0.0022574169817949317,0.002244161324466748,0.001943780523433272,0.0017460859640490369,0.001487006440194123,0.0015196513448834954,7.354352774073128E-4,0.0016679161235235197,0.002279089728861446,0.0024424103542655565,0.012703635016314496,0.002066592489275703,0.0031757179509794226,0.0016568297037233026,0.015814918463958192,0.0018945129075807223,8.77313565603788E-4,8.233997505886316E-4,0.04625810376137153,0.002281919011021963,0.0022378521419226223,0.0021929496760745926,0.0021248919401405412,4.0129879497248435E-4,0.0011520945835335487,0.0011170299868284925,8.641978090110326E-4,0.0022425152350276927,0.0023060178991521863,5.093765146115322E-4,0.05542788591429134,0.0012874961429065208,0.0013504105367877382,4.661874976907579E-4,0.0022857550509385004,0.0012178551762210095,0.0016665759882057867,0.0015001186956784924,0.009151579995577568,0.0022212497044021107,0.0018671845280202781,0.002351976321916531,0.0023055311478216048,0.009755269859181685,0.0022707553527797374],[0.005391824267934584,0.009805102860317312,0.001202301120771889,0.002022357859687877,0.0013586040654246822,0.0011780920516617135,0.0014493769742882586,0.0021195000899330353,1.0,0.03466514184759128,6.965045672166301E-4,4.016701787814894E-4,0.0014437439814451063,4.999731794056131E-4,0.0012465209238481845,5.188771064969603E-4,0.0014044153606810209,8.761745264527584E-4,9.430360244094589E-4,0.008463558566752658,0.002178325634310637,0.009505467191614549,4.642237875909317E-4,0.0025945112157163405,0.0013195480595596496,0.014008747100246795,0.0015427848154315339,7.46257792437111E-4,0.0012080802375879825,0.05715951970332093,0.00278755535063787,0.0013105772770442697,0.0014184943206439686,2.152886407387523E-4,0.001163465420411076,0.0012831990403876234,2.674755388195207E-4,0.0011575570947199652,0.0018972788863595796,0.0015272680187835034,7.216752114474218E-4,0.016105377306482205,6.930927362586796E-4,4.045302705932463E-4,8.176286793330359E-4,0.001925843076192659,0.0013224472693226493,0.0010269418078041306,0.00139901758421195,0.008892516023214062,0.0017651841264464108,3.1176233311795134E-4,0.003392319217579319,0.001528154561939158,0.00539106626197839,0.001961140609003757],[0.06324950478646323,0.015197377257637045,0.062290389450397984,0.05151253755710846,0.06238738884918548,0.044948503003699014,0.04043958942843722,0.026232009867611688,0.03466514184759128,1.0,0.05390826241648764,0.029538111062560584,0.03190797176880843,0.021332023577659277,0.02752420502480841,0.029917231380762948,0.029544210372589252,0.03093467231963824,0.026026116529426067,0.042758892894626865,0.05299495038164635,0.01995982583252202,0.023322371652473847,0.005451641186370429,0.03969922284322971,0.024981680985505853,0.05588772557766234,0.03450460501105604,0.016154180542400184,0.06492154976342206,0.014309332167398894,0.018481205107051556,0.055477885017773114,0.010637353551510454,0.03950840911864562,0.022022266699994523,0.025197134417568816,0.0064956886646142156,0.004324621465183793,0.048401543243640544,0.037312350859384544,0.06278153532971116,0.04271347002286797,0.050631699330505604,0.04773154100979711,0.06029178488497892,0.00562891096313527,0.011453467188292796,0.02268545443955975,0.035357280762230985,0.05671873647807613,0.04130871525425401,0.05253927873700266,0.04304243401435736,0.02042698524273126,0.020986144867039383],[0.035123338980631504,0.0034445439721441057,3.651485534089189E-4,0.003399148593797933,1.4736210203653604E-5,1.5064063915163123E-4,9.921721422577773E-4,0.00221989828391635,6.965045672166301E-4,0.05390826241648764,1.0,1.2830928446494206E-4,0.0015407503003427175,1.0471238073701E-4,3.3316550350069536E-4,4.8736315462179913E-4,7.754846225074718E-5,1.7264280386616475E-5,1.2141777427509179E-4,0.002244309728102288,9.587898964996666E-4,0.006008578241871294,6.009076099719345E-5,9.035604500956815E-4,1.723049417684348E-4,0.011290952825529417,0.001566554215898805,4.308608097265205E-4,2.4208165856493552E-4,0.02890929245316419,0.0010243540799235657,2.8368830232253884E-4,9.080064210738659E-4,8.13892138613959E-5,1.0164353043736341E-5,5.4165840208637976E-5,6.419569837809843E-5,1.3131586007738886E-5,1.6608547691986117E-4,0.001964097234861327,7.56765828383579E-5,0.014931568506798101,5.24285773932246E-5,1.1374761623193921E-4,1.4442852822363228E-4,0.0011515814194792214,9.52738276363816E-5,1.1030356285742597E-5,8.093085896744097E-4,0.008524246859603015,1.4919768767214856E-4,1.1870270465099762E-4,7.159158200836192E-4,3.672505560359823E-4,0.0019499335991130077,0.0011017948644673366],[0.004084294245886205,0.004184385001361928,9.315722796535267E-4,0.008790669648233109,3.328952145292932E-5,3.270243963624314E-4,9.95863588891174E-4,0.0022574169817949317,4.016701787814894E-4,0.029538111062560584,1.2830928446494206E-4,1.0,0.0018595339772155893,1.7017090673366174E-4,8.095123398063548E-4,2.6843460193432716E-4,6.665687356439152E-4,1.9285390907199194E-4,1.663177731286801E-4,0.0014237277626404196,4.5114198389932807E-4,0.014883416486474087,1.6390375572744597E-4,0.0019694302304720177,2.818110748145831E-4,0.007389076815729381,2.720668266560839E-4,4.485452509335045E-4,2.3763709867698378E-4,0.05029282458437878,0.0018916874659120064,0.0010036879618844385,4.110172702616173E-4,2.1958355022969067E-4,7.738273379533812E-5,1.848725481266999E-4,1.2586558349435577E-4,1.7014073181672643E-4,0.0011958736148681213,0.0010254353906782347,1.3296590268303016E-4,0.05779480137857393,4.7698989707051014E-4,1.6745486902896472E-4,2.2323973403028146E-4,6.62814333262506E-4,4.4976615941012127E-4,9.578737909293641E-5,6.668802175778192E-4,7.998890654983767E-4,5.211543378137573E-4,1.9036705313632812E-4,9.925880332090837E-4,0.0023069917838714348,0.0024666462747327954,4.245831835732666E-4],[0.06368076996646008,0.007174895017462137,0.0019163716658143087,0.007132352640683326,5.901066959844308E-4,0.0013509203905556091,0.0016279927956835427,0.002244161324466748,0.0014437439814451063,0.03190797176880843,0.0015407503003427175,0.0018595339772155893,1.0,0.0019559269302537536,0.0012118926447442391,0.0011324558808886716,0.00192922467000689,9.540083917696878E-4,0.0015014496943750474,0.01362965879522039,0.0027224263040787405,0.013031665399927658,5.508491893244814E-4,0.0020776635773530577,8.189987917420631E-4,0.009685332436512466,0.001829131505288906,0.001285284662879836,7.124518176423907E-4,0.072803018952436,0.002614446661458056,0.0013956260629722798,0.0016245080982526883,0.0012034869443688285,0.0016130207176451089,0.001723046232640462,7.016792693925216E-5,0.0016796925609109024,0.0019173936970058765,0.0019918129125073764,3.053672592866839E-4,0.016023678280524645,8.745880350319968E-4,0.0010515784020263949,0.0019093525765665077,0.0021716506200443113,0.001685781103173379,5.602673893396462E-4,0.0016510720316934091,0.008251138901432545,0.0019442512170585041,0.0017213332309974961,0.0036336055993996886,0.002174922137019168,0.006192046697149555,0.0021535404246093466],[0.017666403330565156,2.982045539328546E-4,8.592338253350236E-4,0.008720852824762948,9.538583388975901E-5,1.5335826970775158E-4,2.2105749096997554E-4,0.001943780523433272,4.999731794056131E-4,0.021332023577659277,1.0471238073701E-4,1.7017090673366174E-4,0.0019559269302537536,1.0,1.733432726703227E-4,4.274835477237521E-4,0.0010258359233910846,1.4256867543342258E-4,1.3981167611421997E-4,0.016461704022462467,0.002770425946336158,0.002183005772561025,1.1398180410928865E-4,0.0030468725051728536,3.4271289301142355E-4,0.024275477732664228,2.100764339672807E-4,1.99683877938664E-4,1.6856938622015124E-4,0.06751099224293691,8.713237800625287E-4,2.056289459860241E-4,0.001028817620182989,1.518801275144981E-4,2.875176661381332E-5,1.2748572816665798E-4,1.2549232430151793E-4,5.9047494428738625E-5,0.0014783716481517278,0.0025585673252073223,1.184085136222805E-4,0.04069734714357196,1.5506754752560658E-4,1.4998703757384524E-4,2.025459380565466E-4,4.877512454525667E-4,3.521598158860936E-4,8.179720587373252E-5,7.213592045141885E-4,0.014526969676456496,0.001278067726011761,1.5331996094144568E-4,0.0036934118677067057,0.001305580909345685,0.001037225009347604,3.54881361529599E-4],[0.0053720905638784695,0.008693540917891802,0.001115264069136198,0.0021000949458336426,1.9865385991180287E-4,9.041771249637181E-4,0.0014796280555924054,0.0017460859640490369,0.0012465209238481845,0.02752420502480841,3.3316550350069536E-4,8.095123398063548E-4,0.0012118926447442391,1.733432726703227E-4,1.0,5.2495874033885E-4,0.0012485798844928191,3.421216936001807E-4,6.772285155658584E-4,0.019072075837279552,0.0013844886286712291,0.012418312288080357,5.480833639086419E-4,0.0013266218508278065,0.0010055154805544233,0.017229688156096417,0.0013961609912218286,9.37373000512159E-4,9.963576543864372E-4,0.03794063903530752,0.0027830930598754487,0.0011945054160662672,0.0013338143774948312,3.751394074746956E-4,2.490872452488186E-4,1.5857606535429926E-4,6.907704464590915E-4,0.0011617497891426142,0.0016903596118599193,0.002028181823625453,0.001064440685493965,0.07881381676412318,7.663089306735541E-4,0.0010355905921038203,8.065623360678372E-4,0.0014470729112934125,8.383078112558506E-4,7.592285343067376E-5,0.0012013496337267018,0.012800485355635601,0.0016793500572385412,0.0011311871036889126,0.003491572195125266,0.0012011100810722856,0.004206573311601174,0.0017111186094845784],[0.03525414426696558,0.005206733644966175,7.891173915955056E-4,0.007182792677011216,4.6875757025894004E-4,4.0171931490479634E-4,0.0011319017862686325,0.001487006440194123,5.188771064969603E-4,0.029917231380762948,4.8736315462179913E-4,2.6843460193432716E-4,0.0011324558808886716,4.274835477237521E-4,5.2495874033885E-4,1.0,0.0010032761296773366,1.60826909031699E-4,2.9347603721515113E-4,0.013862310080340876,0.0027625215549482002,0.015815625315820845,2.071936112489602E-4,8.934219213606494E-4,4.8670802327970583E-4,8.389880089647883E-4,0.0010809757407279478,5.723227365390188E-4,4.968234319095488E-4,0.022321540668077105,0.001493861603619205,7.873167035133245E-4,9.351864595991977E-4,3.135069282848573E-4,4.3494467377323836E-4,4.2375511640972886E-4,4.799169466768929E-4,4.853737285098398E-4,0.0014965098548683502,0.0019363511076652933,1.6176361407333755E-4,0.04296912097274171,5.061537440366206E-4,2.972186375209754E-4,3.5593251953200503E-4,9.80241155969274E-4,4.830005852465404E-4,1.1347896542255937E-4,5.238043509808647E-4,0.013670660839245813,0.0011511543114945308,4.3027537435044255E-4,0.0029293599075245333,0.0011883102940002197,0.006859116310866465,6.908002767587159E-4],[0.02557540629997942,0.0073204951094608395,0.0013351282035296826,0.0040694326389817785,2.2645232981781906E-4,7.816964836474883E-4,0.0014040806056957525,0.0015196513448834954,0.0014044153606810209,0.029544210372589252,7.754846225074718E-5,6.665687356439152E-4,0.00192922467000689,0.0010258359233910846,0.0012485798844928191,0.0010032761296773366,1.0,3.1847620051899636E-4,5.608514676099851E-4,0.001677544524553762,0.0019715042675096375,0.007689695490417243,7.175872847635411E-4,0.00164126555486604,9.746497478941652E-4,0.015295764181020199,0.0015811830156305241,0.0010284094866051488,4.156004645024624E-4,0.07133405450064516,0.0018262324228731227,0.00132806075776733,0.0014095802980659427,3.692452497494124E-4,7.771824943806196E-4,7.917068125321324E-4,9.960812413841987E-4,0.0010179463895184883,0.0018279778224590765,0.0022529798700129736,5.025578333019956E-4,0.03659228144380621,0.00136359807660206,9.287219861742641E-4,3.422445060285579E-4,0.002280698123095649,5.307543069984514E-4,6.44709219731299E-4,0.0013676871090603114,0.002924339626580497,0.0017814188250280226,4.985218732881544E-4,0.0034032265216755466,0.0022210613059994977,0.009613857534480665,0.0016385194646222772],[0.026605707144754662,0.009787055670988209,5.007733050958448E-4,0.0020420413575109693,3.3734537244133606E-5,1.5908360326947948E-4,9.001452847051002E-4,7.354352774073128E-4,8.761745264527584E-4,0.03093467231963824,1.7264280386616475E-5,1.9285390907199194E-4,9.540083917696878E-4,1.4256867543342258E-4,3.421216936001807E-4,1.60826909031699E-4,3.1847620051899636E-4,1.0,1.0916301137043557E-4,0.005475958062299594,7.989138783723888E-4,0.005021486692699309,1.0242284960711206E-4,0.0023706804608332084,4.4201670687090766E-4,0.013185291094962909,5.283176175168336E-4,5.665449566937303E-4,1.8230145334482766E-4,0.017978507318013794,0.002475021273116786,0.001198467651777358,2.221308642810271E-4,1.3857658377839749E-4,4.8679363005369104E-5,1.0217811615179877E-4,7.603126443823167E-5,8.234317366276302E-5,9.322590219802178E-4,0.0013746152931823827,1.0892848970061357E-4,0.018999973660498406,3.073047718445333E-4,1.1897743180260783E-4,1.0722483149765413E-4,8.629927381031139E-4,3.1805613762270424E-4,2.382572166047348E-5,0.001011858589411018,0.006258172551352294,2.2835245451000442E-4,1.226813657082433E-4,0.0033254863509915474,7.828735397302229E-4,0.010863274322211017,1.8288925474184366E-4],[0.057237865216542255,0.008823536733215292,1.5659691156760772E-4,0.005733927588959755,7.302109690950596E-5,3.217954476864204E-4,0.0014019556887186011,0.0016679161235235197,9.430360244094589E-4,0.026026116529426067,1.2141777427509179E-4,1.663177731286801E-4,0.0015014496943750474,1.3981167611421997E-4,6.772285155658584E-4,2.9347603721515113E-4,5.608514676099851E-4,1.0916301137043557E-4,1.0,0.01144971346700462,0.0021116835007954516,0.014769954642066771,1.0393893646042055E-4,0.0018064461395445033,2.5336682516884855E-4,0.01482698604889153,4.178035588114248E-4,2.936006211470838E-4,2.269115331384149E-4,0.06511037704792996,0.0034107368154607616,3.8571360808071825E-4,0.0011515069818938321,1.3645948925163903E-4,7.805038507886728E-5,1.027141620053526E-4,1.2218161160520833E-4,1.2686920345024344E-4,0.0017676266125970493,0.0022172740476997764,1.2609226853270425E-4,0.04020990281347937,3.200542674322917E-4,1.3564243843889324E-4,1.6743048151008434E-4,0.0013762612510286238,4.2509175757668015E-4,1.1633894219963688E-4,9.940533625257767E-4,0.014594420589817836,0.001259582001477666,1.4288161802912284E-4,0.002193751178835631,0.0017400667183709673,0.004909222359860091,0.0014954436711201867],[0.06108820952902052,0.013918546799367945,0.008520475164597063,0.013380113041956698,0.013546694387720031,0.016846328191668612,0.005746338968693595,0.002279089728861446,0.008463558566752658,0.042758892894626865,0.002244309728102288,0.0014237277626404196,0.01362965879522039,0.016461704022462467,0.019072075837279552,0.013862310080340876,0.001677544524553762,0.005475958062299594,0.01144971346700462,1.0,0.0068924992893359335,0.018881019376641522,0.015371251006507474,0.005684710146417624,0.013087989574579966,0.02217129894587144,0.009391536459696204,0.007105819414864195,0.012693559878329265,0.06482124757854094,0.01211286038507545,0.007157524067501074,0.0035538035307219047,0.006354157241146029,0.011685227962573562,0.00174206147453466,0.015601768712245992,0.019170105703360432,0.008801440191920962,0.005655086574393239,0.019212983070153407,0.035362950301569565,0.011134360594046882,5.722607290392092E-4,0.014678149857678976,0.00914416769049103,0.012781586641540027,0.015882860516387324,0.0027086532150117403,0.019203750449217117,0.01874242250577736,0.016739101644554014,0.0070650013261914155,0.019054377487963615,0.01631447094952024,0.0134703859923262],[0.006847891525214195,0.005290257586291858,0.0024582375095001958,0.007010289709410221,0.0018648599893389807,0.001821270032949392,0.002765846554819762,0.0024424103542655565,0.002178325634310637,0.05299495038164635,9.587898964996666E-4,4.5114198389932807E-4,0.0027224263040787405,0.002770425946336158,0.0013844886286712291,0.0027625215549482002,0.0019715042675096375,7.989138783723888E-4,0.0021116835007954516,0.0068924992893359335,1.0,0.015856103474521644,0.0030237397257676423,0.0031803120121890465,0.002983433966147946,0.005195102851932176,0.002634494635826482,0.0024822155581245794,0.002311072548303738,0.030902357452350405,0.0031745387813318523,0.001921705070679279,0.0030361339075910335,0.001621301045053902,0.0028447667646580984,0.002711507802418613,0.0021776450304947202,6.50685613417357E-4,0.003130973609861639,0.00281224540522066,7.1561061587651E-4,0.029363329145638932,0.001791235037654276,0.0013354991681389832,0.0010548143971484173,0.0030261568383952923,0.0026521125831772876,7.722757977795096E-4,0.002206422129136942,0.014242287028642525,0.003126804316534873,0.0014745914635049167,0.0037981564170774737,0.0031006052819749982,0.006487914172510087,0.0031404630329990918],[0.06612807666744888,0.014324225979251586,0.01615692893713688,0.013700949787284268,0.002862106839351576,0.010494901388027392,0.01532839284249525,0.012703635016314496,0.009505467191614549,0.01995982583252202,0.006008578241871294,0.014883416486474087,0.013031665399927658,0.002183005772561025,0.012418312288080357,0.015815625315820845,0.007689695490417243,0.005021486692699309,0.014769954642066771,0.018881019376641522,0.015856103474521644,1.0,0.011958322088201842,0.004112909244820043,0.016355787312295797,0.017263368268452872,0.008037635574998448,0.0011796712283428457,0.009917523631800035,0.04344974511980722,0.01157599402134436,0.016476015390962842,0.007528199825081704,0.002209147951298338,0.006709694768289263,0.0043858091457301,0.010098622775468007,0.014640376298879704,0.01532294023398654,0.014223864298641774,0.005720116420841026,0.048887334587231865,0.015015082127424544,0.005275445811255835,0.0021523260702318325,0.01159622106036013,0.0021349898935994933,0.013537962137298272,0.0034327709981202066,0.015872816576258747,0.01102217933767565,0.003386161708743351,0.010553657395101161,0.005466131454550122,0.016154630527782706,0.0033152579418917107],[0.06509640343453302,0.007758677465350475,6.414936227005689E-4,0.010199283546628659,1.925061518216664E-5,1.2699236708306355E-4,1.6895604554768878E-4,0.002066592489275703,4.642237875909317E-4,0.023322371652473847,6.009076099719345E-5,1.6390375572744597E-4,5.508491893244814E-4,1.1398180410928865E-4,5.480833639086419E-4,2.071936112489602E-4,7.175872847635411E-4,1.0242284960711206E-4,1.0393893646042055E-4,0.015371251006507474,0.0030237397257676423,0.011958322088201842,1.0,0.001392767528613868,1.9932216922216014E-4,0.007231913609092827,0.0013820836504957511,2.5279248818978976E-4,1.6667876477436584E-4,0.013266678330284765,0.0019802352405858216,0.0011971479964044194,0.0010051120947570267,1.1595652292045708E-4,6.635227608668696E-5,1.0124669610211395E-4,9.898843674101661E-5,7.661993260216541E-5,0.0013810852910091155,0.0013050028613992115,1.0838615030590774E-4,0.08683665092552724,2.2724495339563643E-4,1.42807751628568E-4,1.6961840208099197E-4,6.439889260168168E-4,3.8130900150091975E-4,5.565583537875628E-5,5.351912046992462E-4,0.011468250275070072,0.001314651000854913,1.5077958299105875E-4,0.004052017018071473,0.0018146908425365,8.933739684756098E-4,8.092213824606208E-4],[0.012726668531611097,0.00852992009693662,0.0025933055216399185,0.004766685873901629,6.850066583033877E-4,0.0029464361995801924,0.0026718565031799706,0.0031757179509794226,0.0025945112157163405,0.005451641186370429,9.035604500956815E-4,0.0019694302304720177,0.0020776635773530577,0.0030468725051728536,0.0013266218508278065,8.934219213606494E-4,0.00164126555486604,0.0023706804608332084,0.0018064461395445033,0.005684710146417624,0.0031803120121890465,0.004112909244820043,0.001392767528613868,1.0,0.0011936430072045801,0.015679646843914753,0.0028236588020674877,7.060400254385044E-4,0.0020995349367649045,0.04245796838316598,0.0033690626893935365,0.002567085441658432,0.002737997826548165,7.807673872021437E-4,0.001043831740340611,0.0013349606010226885,0.0017880443700954475,0.002429853816010872,0.0021262681704625076,0.002966287001494982,0.0013132447408752083,0.08438314511090189,0.0016710800841946653,1.8929680643200175E-4,2.5388497303801226E-4,0.0031190845036704233,0.0032190856866282573,0.0019676660054424,0.0017610786242016816,0.01039347926907293,0.002145836803506812,0.001424231481177836,0.0038619669135701398,0.002710872832980445,0.005969754856022011,0.0033087797730955277],[0.00697648406552725,0.009613343729472859,7.011626070916809E-4,0.005581561327995996,2.709175050259701E-4,3.7525936812621394E-4,0.0014062693050442315,0.0016568297037233026,0.0013195480595596496,0.03969922284322971,1.723049417684348E-4,2.818110748145831E-4,8.189987917420631E-4,3.4271289301142355E-4,0.0010055154805544233,4.8670802327970583E-4,9.746497478941652E-4,4.4201670687090766E-4,2.5336682516884855E-4,0.013087989574579966,0.002983433966147946,0.016355787312295797,1.9932216922216014E-4,0.0011936430072045801,1.0,0.018325272861224,4.8086248687783344E-4,5.729429170542144E-4,3.572725864315621E-4,0.06514583665533054,0.003001739380259835,7.288914604219137E-4,5.108661248354773E-4,3.631483804711307E-4,3.344402124350171E-4,3.066155960248492E-4,3.9376864727609407E-4,2.55417193215803E-4,0.0015282629383108362,0.001145448789031074,4.477490210825053E-4,0.08744724778920267,4.841102265403817E-4,3.1260331678322086E-4,4.497174192722174E-4,0.001034256499339628,4.5453912866557473E-4,5.575706037737434E-5,0.0010354303271288097,0.0014924874334196483,0.0015547302743173191,1.7171599054687634E-4,5.887319954050692E-4,0.0014714612473948575,0.007255064621155166,0.0017697403113261358],[0.048524581266042394,0.01519141601311514,0.0035840197446166564,0.012134091638782854,0.018627060146449423,0.021866521116632193,0.01348814099575304,0.015814918463958192,0.014008747100246795,0.024981680985505853,0.011290952825529417,0.007389076815729381,0.009685332436512466,0.024275477732664228,0.017229688156096417,8.389880089647883E-4,0.015295764181020199,0.013185291094962909,0.01482698604889153,0.02217129894587144,0.005195102851932176,0.017263368268452872,0.007231913609092827,0.015679646843914753,0.018325272861224,1.0,0.00808936051438747,0.004958045943700431,0.002506782059118896,0.048571487199009694,0.006354105536603468,0.00855747496066455,0.00380651573588308,0.021441074092626227,0.00865264601252263,0.016641874866767874,0.02129290330500564,0.016844220844803172,0.00901050715608722,0.014087755923383929,0.0027765910070582504,0.073876992069451,0.014033029426107234,0.023962215564874493,0.01431532706866801,0.02209599477268188,0.019198675168421577,0.006430400174292029,0.022592606822360993,0.022582433980447868,0.022277890067807504,0.024114424820346366,0.019439448780549918,0.007248697251752533,0.02057504886882974,0.006435005242876254],[0.047995554973679584,0.0034038985036744696,0.0013377695827261164,0.006801677945633578,8.914574285476797E-4,0.0013980857931218968,0.001661420208203961,0.0018945129075807223,0.0015427848154315339,0.05588772557766234,0.001566554215898805,2.720668266560839E-4,0.001829131505288906,2.100764339672807E-4,0.0013961609912218286,0.0010809757407279478,0.0015811830156305241,5.283176175168336E-4,4.178035588114248E-4,0.009391536459696204,0.002634494635826482,0.008037635574998448,0.0013820836504957511,0.0028236588020674877,4.8086248687783344E-4,0.00808936051438747,1.0,0.0011997125193473502,7.754893971402236E-4,0.018941054013347416,0.003182765873219559,0.001561308762651167,0.0014387127447350755,4.8651352337229407E-4,0.0012855977369835149,0.0015888134168754002,0.0015899760826867443,0.0014963148729367902,0.0018003280688299922,0.002323279662378039,0.001742275887993391,0.07707630741963335,5.233630112267403E-4,6.641264768882239E-4,0.0015391573423463806,0.002022395006206159,0.0016427069526570633,0.001495725434021929,0.0013006234924423314,0.01561814413942363,0.0018330108411391548,0.0017541698094263379,0.0029206185379133023,0.0019065042729444763,0.00527211055779509,0.0018306908212958502],[0.042025623912481616,0.003308030830693612,0.001072652417036359,0.0041874173433383965,4.922580811035223E-4,5.105640977198054E-4,0.001293587449389442,8.77313565603788E-4,7.46257792437111E-4,0.03450460501105604,4.308608097265205E-4,4.485452509335045E-4,0.001285284662879836,1.99683877938664E-4,9.37373000512159E-4,5.723227365390188E-4,0.0010284094866051488,5.665449566937303E-4,2.936006211470838E-4,0.007105819414864195,0.0024822155581245794,0.0011796712283428457,2.5279248818978976E-4,7.060400254385044E-4,5.729429170542144E-4,0.004958045943700431,0.0011997125193473502,1.0,3.627681242142365E-4,0.06801901793139377,8.559446141585606E-4,9.669220266254939E-4,0.0013763059664345613,3.142366776037841E-4,1.410362394797368E-4,3.260901048707691E-4,2.7500071782461633E-4,6.178522098255115E-5,0.0014876522103890151,0.0015445324140075357,5.610858735280994E-4,0.010268305170930997,5.16516424451894E-4,4.911177179817705E-4,2.946875133611125E-4,0.001957561470656785,4.6390326320568136E-4,3.1145473826864063E-4,0.0011633503217631093,6.144790272756834E-4,0.0014007586067844794,4.556249662770103E-4,0.002566622844467405,0.0012622426735794203,0.0033763209053442452,0.001424660925938965],[0.03880370371711787,0.0015160039606753753,9.323811023422433E-4,0.003642027782695426,7.640878687379317E-5,2.8870968958352033E-4,4.7859013735603083E-4,8.233997505886316E-4,0.0012080802375879825,0.016154180542400184,2.4208165856493552E-4,2.3763709867698378E-4,7.124518176423907E-4,1.6856938622015124E-4,9.963576543864372E-4,4.968234319095488E-4,4.156004645024624E-4,1.8230145334482766E-4,2.269115331384149E-4,0.012693559878329265,0.002311072548303738,0.009917523631800035,1.6667876477436584E-4,0.0020995349367649045,3.572725864315621E-4,0.002506782059118896,7.754893971402236E-4,3.627681242142365E-4,1.0,0.06182947903686775,0.003001655520627555,5.94107298249988E-4,0.0012451044103413307,1.5975749710295711E-4,1.6219407430787157E-4,1.4158223278861674E-4,2.5050754033876176E-4,7.604891182289188E-5,0.0014149697748648891,0.0018444567617473804,2.2724532658748971E-4,0.005289915755547371,4.508025532032219E-4,2.0229115148848084E-4,2.3197352717573922E-4,8.977637771846621E-4,3.546939947224135E-4,6.384441244390354E-5,0.0012052726453372355,0.0037640003770716642,0.00182755323087864,2.3270021505456646E-4,0.0023670186554252777,0.002331234737517657,0.008220206478415645,0.0010734803528439512],[0.07420186801796723,0.07064478446574557,0.05424480842894632,0.05391791232522707,0.02368107224507509,0.07575956795754579,0.03256856181703821,0.04625810376137153,0.05715951970332093,0.06492154976342206,0.02890929245316419,0.05029282458437878,0.072803018952436,0.06751099224293691,0.03794063903530752,0.022321540668077105,0.07133405450064516,0.017978507318013794,0.06511037704792996,0.06482124757854094,0.030902357452350405,0.04344974511980722,0.013266678330284765,0.04245796838316598,0.06514583665533054,0.048571487199009694,0.018941054013347416,0.06801901793139377,0.06182947903686775,1.0,0.00925155913566492,0.005625079102130798,0.037947735877943006,0.06105466869822879,0.048490862483038494,0.045353720086938776,0.06392066892723991,0.05665775338211769,0.03384807910734579,0.04135528713209582,0.05539859765945152,0.08802837769038428,0.062294902084110156,4.277323100443705E-4,0.03472485543860217,0.02573966617331364,0.002483187125377846,0.06058124704511796,0.06453680451559483,0.06821096606749272,0.02063527986986676,0.007099308515442275,0.03383952382886599,0.0636958018389536,0.07209476796211386,0.05521866457311511],[0.011794866286000736,0.0036048401008681474,0.002241188267694508,0.0070896399119101975,8.882348877337684E-4,0.0022013666687418156,0.003342169694945601,0.002281919011021963,0.00278755535063787,0.014309332167398894,0.0010243540799235657,0.0018916874659120064,0.002614446661458056,8.713237800625287E-4,0.0027830930598754487,0.001493861603619205,0.0018262324228731227,0.002475021273116786,0.0034107368154607616,0.01211286038507545,0.0031745387813318523,0.01157599402134436,0.0019802352405858216,0.0033690626893935365,0.003001739380259835,0.006354105536603468,0.003182765873219559,8.559446141585606E-4,0.003001655520627555,0.00925155913566492,1.0,0.0031794894467583423,0.002411892765625122,0.0026544562176168875,0.002507335447445252,0.0011270555807318613,0.002648382651090182,0.0027090822034233626,0.0034144788001937237,0.003062260084028873,0.0026844755766532494,0.016230700273334113,0.0021748496803553554,0.0015403701379485633,0.0033940806944395634,0.002888901330250905,5.385432558831105E-4,0.001485295278898646,0.0015151419771376336,0.006669697099810879,0.00281853575355266,0.0022366645420644283,0.0035180437210022646,0.003210742274740425,0.0098657659145467,0.0026261539104126775],[0.010952383129912459,0.0036265059625388914,0.001181868863584127,0.008325126050276155,0.0011938013917789753,0.0011015218027688473,0.0012079794015813754,0.0022378521419226223,0.0013105772770442697,0.018481205107051556,2.8368830232253884E-4,0.0010036879618844385,0.0013956260629722798,2.056289459860241E-4,0.0011945054160662672,7.873167035133245E-4,0.00132806075776733,0.001198467651777358,3.8571360808071825E-4,0.007157524067501074,0.001921705070679279,0.016476015390962842,0.0011971479964044194,0.002567085441658432,7.288914604219137E-4,0.00855747496066455,0.001561308762651167,9.669220266254939E-4,5.94107298249988E-4,0.005625079102130798,0.0031794894467583423,1.0,0.001275159595141799,9.979194852124287E-4,0.0011095349600731238,7.177066338441791E-4,7.989760521353886E-4,7.539649867504664E-4,0.0014036718926703795,0.001990353568052895,2.0327871855025845E-4,0.08864476198257928,8.25034371290001E-4,3.0769882838413117E-4,9.09208250472372E-4,0.0015071168480564718,4.919758141714831E-4,0.0010308985297976358,0.0012250094730115806,0.009938361206995216,0.0014851489527870246,4.91180499475616E-4,0.003154002080947473,0.0015486279007471005,0.005148866765702405,0.0022015537526374786],[0.05466980687299636,0.00829010847498711,0.0011357142110838133,0.008468825594832067,5.509809621584595E-4,0.0014279017792039137,0.0014797053069210606,0.0021929496760745926,0.0014184943206439686,0.055477885017773114,9.080064210738659E-4,4.110172702616173E-4,0.0016245080982526883,0.001028817620182989,0.0013338143774948312,9.351864595991977E-4,0.0014095802980659427,2.221308642810271E-4,0.0011515069818938321,0.0035538035307219047,0.0030361339075910335,0.007528199825081704,0.0010051120947570267,0.002737997826548165,5.108661248354773E-4,0.00380651573588308,0.0014387127447350755,0.0013763059664345613,0.0012451044103413307,0.037947735877943006,0.002411892765625122,0.001275159595141799,1.0,4.140273782056878E-4,7.188083489356133E-4,0.0010077996233601105,6.644117333804993E-4,2.9267014809436384E-4,0.0016312709137448395,0.0014585308282923817,4.0699344632167355E-4,0.037939053232973925,0.0013564651418219538,0.001088407845328715,0.0011016820164075627,0.001825860542264997,8.503188989243318E-4,0.0012450835912910586,0.0013158833306956038,0.0033351543658075473,0.001694691982174252,6.277068009398145E-4,0.0043290718099075285,0.0017045973511265165,0.00684512951956401,0.0021245940071170184],[0.004667255264821599,0.006027101590623134,5.832232511297553E-4,0.002893448989639825,1.1333660579547443E-4,2.3460306762098434E-4,6.859210793865027E-4,0.0021248919401405412,2.152886407387523E-4,0.010637353551510454,8.13892138613959E-5,2.1958355022969067E-4,0.0012034869443688285,1.518801275144981E-4,3.751394074746956E-4,3.135069282848573E-4,3.692452497494124E-4,1.3857658377839749E-4,1.3645948925163903E-4,0.006354157241146029,0.001621301045053902,0.002209147951298338,1.1595652292045708E-4,7.807673872021437E-4,3.631483804711307E-4,0.021441074092626227,4.8651352337229407E-4,3.142366776037841E-4,1.5975749710295711E-4,0.06105466869822879,0.0026544562176168875,9.979194852124287E-4,4.140273782056878E-4,1.0,1.2808187549500114E-4,1.3148578748532126E-4,1.0243617612715349E-4,8.553326245623954E-5,0.0015289438759080614,0.0016094779495800771,1.3961583353668238E-4,0.07973006077844971,4.1104960054926643E-4,1.4235627082951943E-4,1.9086449414536653E-4,6.39073836802748E-4,1.4782424849830704E-4,1.1431628941339739E-4,2.1230376070030876E-4,0.008143631668301775,0.001667115938196682,1.474408223060223E-4,0.001847019031682433,0.0018772671836191238,0.002791422697058965,1.7606668576853097E-4],[0.04828662573992255,5.215669045616807E-4,5.241629156618353E-5,0.010793505882132558,1.4923680531055932E-5,1.6132009142544405E-4,1.1629702552191969E-4,4.0129879497