[[1.0,0.006584107064791475,0.024373618772255207,4.2222939402734736E-5,2.93747509048188E-4,2.5893087027604335E-5,1.668836598751946E-5,1.0904143493303177E-4,0.002910648131047484,1.2203029932508781E-5,7.520802510146883E-4,4.219372931684578E-5,7.261878256126891E-4,3.036185648734517E-4,1.0220097741443737E-4,0.013968115307025956,3.3439602879798975E-4,1.3371687488504931E-5,7.574088045125595E-4,0.007526218725025687,6.486744969894433E-4,6.808671189607884E-4,4.0491533013627405E-4,2.2755078357895324E-4,5.453285540239861E-5,3.9904810485818144E-5,0.0012828936093684515,8.642391255768137E-5,2.6770070983442437E-4,3.311858482583329E-5,1.0978991540566861E-4,9.665282588902443E-5,3.781685250183065E-5,0.012996456790244644,1.3989806425317885E-4,2.556186358684003E-4,0.042917784120948585,2.7353365159210795E-5,0.029249696688143364,0.0044310184121434315,1.2644274313473438E-4,0.0010903809600986225,0.0204986694883722,1.8796737617129562E-4,0.013696440618811867,7.722496096217974E-5,2.2609988374913736E-5,9.173855450760055E-4,0.001351045909375498,1.3382211098447985E-4,0.011958829017311878,2.6874781583937856E-5],[0.006584107064791475,1.0,0.01950840848309518,7.534751356532352E-4,0.005994582440494685,0.01083395654086941,0.006375932764561384,0.009720490870065006,0.004731177486953722,0.009626018363910612,0.008362137261061933,0.006006255215608455,0.010510660563789073,0.010636607250748458,0.005908404441280453,0.011172073089806122,0.003360681371178075,9.074851985502796E-4,0.0027547559442028433,0.011982616017075733,0.002980885208541094,0.010456779674243851,0.005189900898657789,0.006927316726389955,0.005087904762220686,0.007963229388688384,0.003909850181111496,0.0014675899753330882,0.009411926416473254,0.008140222232320641,0.003767948717665979,0.010138193408640462,0.007174327065461881,0.04188866286693568,0.009500516232749794,8.519218821440872E-4,0.023347970565245398,0.010134925900967179,0.05020520822484851,0.010865943535349335,8.588222522687196E-4,0.002782610029445494,0.02002391126337162,0.009264919631440893,0.011928298978615323,0.0017309721063989531,0.004583791300919408,0.003423146811885581,0.0075196770720586895,0.005570990422194825,0.021949487931488616,0.0077808759941394015],[0.024373618772255207,0.01950840848309518,1.0,0.03189037138855219,0.019384714949689366,0.040578450648419986,0.04061065756270172,0.010435935375676416,0.011796000752797912,0.0037616406423039207,0.03717202905231596,0.0032814670280447576,0.0015933607311552423,0.04486273082125181,0.03624814608638946,0.03394203898065323,0.0378495133499884,0.011333839445708913,0.019738447090224123,0.04443030949381628,0.01512280571201293,0.045154041279634544,0.03350477030748423,0.020475855280595208,0.030231319161587274,0.025777111147557614,0.023848931570974494,0.004432746950108746,0.011699592626794294,0.02860651244561308,0.03133900237832025,0.03096595533192388,0.004891107269862825,0.0466637116962399,0.007067313717716043,0.010063035023601948,0.046596125168055724,0.00980653808794683,0.04930204076537475,0.016749489726183276,0.02721629849488729,0.009318464472553262,0.030244956097651043,0.014485664859931585,0.021037920850579032,0.01577624546591955,0.015475004149644126,0.03242406490743109,0.031416456357831864,0.018028765748866166,0.045768506969587786,0.00845547702809209],[4.2222939402734736E-5,7.534751356532352E-4,0.03189037138855219,1.0,2.0900689857525112E-4,4.570308878075023E-5,2.146791945590787E-5,1.0935925253033923E-4,0.0031733021914943076,3.3343420265370846E-5,0.001455650358440975,5.855932523205334E-5,9.207285286494114E-4,2.108098595763623E-4,1.0728458520355656E-4,0.013313833284347442,9.960605143698891E-5,2.765940844202507E-5,8.595736024955661E-4,0.014570662775105457,3.5463753383088394E-4,0.0023708123193530045,0.0012247410118601508,9.313054954101943E-4,5.4523698474891565E-5,1.0133477150447312E-4,2.155329894738653E-4,8.861374165764486E-5,1.0299461730100209E-4,4.022221571263768E-5,1.2915858369903833E-4,1.2365810554610253E-4,7.217468992561573E-5,0.038978052383859346,2.5238087219672036E-4,4.067083874922903E-4,0.038262674152743904,4.012876030412273E-5,0.026008829808204625,0.007956108428272542,1.0032462314583534E-4,2.234026797473768E-4,0.0037379119624665505,9.225299876793881E-4,0.005912648177223166,1.4467284921965303E-4,4.596926032471181E-5,5.984938661321509E-4,0.002363056275246496,6.057762992257752E-5,0.009800859139023553,3.782372419927244E-5],[2.93747509048188E-4,0.005994582440494685,0.019384714949689366,2.0900689857525112E-4,1.0,5.188926256028505E-4,1.1498592624266293E-4,3.994289973914714E-4,9.036495258421195E-4,4.403866428165548E-4,0.0018214926783440028,3.7382735838942987E-4,6.859124879942404E-4,7.813964501307572E-4,4.8108880192805246E-4,0.01399063365957749,7.175281940810143E-4,4.370222780138242E-4,0.0010314209243298708,0.009655931332000291,0.001268252344905299,0.0013855809941305417,0.0023283101716114417,0.0010011211737219541,1.7170844800030413E-4,2.596901860541569E-4,8.96335257853294E-4,2.2424143171542084E-4,3.80919080534287E-4,1.0747684715171075E-4,2.7253287333981255E-4,5.292619157871711E-4,3.217403964410212E-4,0.020504648772817855,4.3842292657951434E-4,4.777149355697092E-4,9.067729322536581E-4,2.555399739536955E-4,0.033676220731950895,0.0017673591630395836,3.123247215806547E-4,0.00145720332856522,0.01217960887727454,0.0011557057868088708,0.012325420834622505,4.8821517512511034E-4,1.9701357846494023E-4,9.009870585153222E-4,0.0020479423338264297,3.662049274465668E-4,0.022184315751659002,3.143535096615582E-4],[2.5893087027604335E-5,0.01083395654086941,0.040578450648419986,4.570308878075023E-5,5.188926256028505E-4,1.0,2.0408841835169233E-5,1.9784731423244068E-4,0.0013568345171496286,1.2152871377632125E-5,0.0025879184755726653,6.077669995387361E-5,9.473473547914362E-4,0.0010064259662050604,4.0410309897541034E-5,0.00848588967068888,6.478000970876817E-4,1.7006198982257906E-5,2.865648705052216E-4,0.01699384590787001,3.8026800741386625E-4,0.002072218514740632,0.0021092862389410568,7.644306671082244E-4,5.3349215899914124E-5,4.2126030610332285E-5,5.135646596204548E-4,7.909245644784012E-5,8.163456953390929E-5,3.331918512337356E-5,1.0973540074001559E-4,3.18493376648068E-4,9.806744016672906E-5,0.03360699222236788,2.602108882815415E-4,2.6644311996314873E-4,0.012980383440325047,2.9659949285778723E-5,0.0033212592545750624,0.01057641317718588,4.120387882903888E-5,7.295839808676489E-4,0.0012378474446145108,4.647119626972546E-4,0.004389676430892279,8.56410687299233E-5,2.4327758508424035E-5,3.3481045476952656E-4,0.0010442586896579728,8.76783874119738E-5,0.006757767784542314,2.6726969591499674E-5],[1.668836598751946E-5,0.006375932764561384,0.04061065756270172,2.146791945590787E-5,1.1498592624266293E-4,2.0408841835169233E-5,1.0,8.388915830874924E-5,0.003182274099221395,1.2962615264112052E-5,0.0025679842315350855,8.384375600404038E-5,5.125618035674519E-4,9.161602236733504E-4,5.3436599496740764E-5,0.009628031536488843,9.528625088681427E-4,1.3377511599162462E-5,7.028092252606733E-4,0.00833082872812312,4.652545099424812E-4,0.002005457871140935,3.5330182924638614E-5,5.486038762782378E-4,2.6605802890300363E-5,1.4457124577732777E-4,0.0012676621010410812,1.3902758831234142E-4,2.2657294279530005E-4,1.497949565190399E-5,1.92822343599977E-5,1.1924027058128248E-4,8.976471133987508E-5,9.748928891638476E-4,6.3468420491128E-5,3.173000358523176E-4,0.019046522094004283,2.7334051917555195E-5,0.013428018793599401,0.008165647213585087,1.685279215447233E-4,0.0012586720748377763,0.013307135681410029,4.956075373307246E-4,0.01014997749775867,1.3032131896611275E-4,1.7542228014227625E-5,1.2598014156745452E-4,6.314825870890944E-4,2.5927820414186677E-5,0.02140593580042315,1.9329812566244743E-5],[1.0904143493303177E-4,0.009720490870065006,0.010435935375676416,1.0935925253033923E-4,3.994289973914714E-4,1.9784731423244068E-4,8.388915830874924E-5,1.0,0.001987007849379012,8.889003328395319E-5,0.0022374797012855658,1.480523303930132E-4,9.724269961267463E-4,0.0015695567103193963,2.10221698018006E-4,0.008619736082545553,7.744839373936332E-4,1.442600911545027E-4,0.0010512593154739817,0.003263244397006491,0.001443800660209138,0.0022940078612075547,0.00279535593251694,0.0015256324039113495,5.621773900834056E-5,1.8831396549037627E-4,7.201809685232747E-4,2.076092187131239E-4,2.48083492964611E-4,1.296573041746646E-4,1.8622694916761514E-4,3.141914649469807E-4,1.4206751229932295E-4,0.0077087289931807345,2.783148091408109E-4,3.196652772363817E-4,0.032397386422698196,1.360608046442694E-4,0.03486657058049639,0.009369727321353251,1.974813474042094E-4,0.001572942139042559,0.020683071062206054,3.932074910932322E-4,0.01319166972062556,2.124875785097488E-4,1.2280426654876742E-4,3.037748881665085E-4,0.0018565199281136797,2.054134116599211E-4,0.011341598367701385,4.800686434091235E-5],[0.002910648131047484,0.004731177486953722,0.011796000752797912,0.0031733021914943076,9.036495258421195E-4,0.0013568345171496286,0.003182274099221395,0.001987007849379012,1.0,2.2215510542252962E-4,0.003550531193778126,0.0037311661344903943,0.0012501985648419082,0.002389002452337515,0.0022871565099077994,0.012767119900121375,0.003237849590397161,0.0015736644047934236,0.002846601473158024,0.006928340058879242,0.0029927383024553637,0.003104955837147114,0.0038911694151860347,0.0030049424131761322,0.003589024390428419,0.003331348043394576,0.002272397242839916,0.002580028037670524,0.0038237278653783908,0.002272374965471607,0.003404406090571394,0.0019686636996299658,0.002634958248393981,0.006925974230769946,0.0037871777585757687,0.0023202732330897214,0.03338058270645721,0.002903949004074927,0.04859555046188009,0.004984379613531987,0.0012870182886917448,0.0038086954433294243,0.0076671714250910895,0.0018918372139709403,0.00475553723269873,0.0033900524360152033,0.0027885317130579767,0.0021185175730300387,0.003486230365626253,0.0028038634038132244,0.016619177788820924,7.739161114110378E-4],[1.2203029932508781E-5,0.009626018363910612,0.0037616406423039207,3.3343420265370846E-5,4.403866428165548E-4,1.2152871377632125E-5,1.2962615264112052E-5,8.889003328395319E-5,2.2215510542252962E-4,1.0,0.0014688065561964674,4.139217384780488E-5,0.0010195668055298646,6.833071884710604E-4,9.379847937368045E-5,0.002812199648709503,3.368894559068929E-4,1.1507059177765373E-5,0.0011857765374883756,0.012260675458678112,9.029589817764496E-4,0.0027800141114433527,0.0028112219298869028,7.036465908425314E-5,1.6549592702182984E-5,4.788474608366708E-5,3.784696739868854E-5,1.8297933615246605E-4,1.0726647745974629E-4,2.2915798254944763E-5,5.2902392935901125E-5,1.9668776434785993E-4,9.757000400685597E-5,0.024018742351329735,1.3726955681261663E-4,1.4332932124121525E-4,0.017065792102364304,1.448885905144967E-5,0.03789872910645657,0.004102549775743358,8.419495301396339E-5,7.756138707408064E-5,0.018228580367864875,0.0010154628263316114,0.01103980615287072,9.933241157782063E-5,1.8682236382721545E-5,6.982504791427379E-4,8.019677479139181E-4,1.0305249328271844E-4,0.01013610569657245,2.352067007445218E-5],[7.520802510146883E-4,0.008362137261061933,0.03717202905231596,0.001455650358440975,0.0018214926783440028,0.0025879184755726653,0.0025679842315350855,0.0022374797012855658,0.003550531193778126,0.0014688065561964674,1.0,5.497522794851455E-4,0.0024075292182891223,0.002703965071843616,0.001305516572802487,0.008113694357855129,0.0014470319306941254,0.002019957347338357,0.0022276218528069266,0.006599197221782533,0.002056985150394472,0.002790527374911221,0.0032158515822073097,0.002160931036259697,0.002027674596143458,4.8023293145478665E-4,0.0025376903668743213,3.260320193469889E-4,0.001570495023197963,0.0018134793139525302,7.68922440267268E-4,0.0013687819247869596,9.324067794737994E-4,0.04299845287942834,8.057418075842363E-4,0.0022557192077668786,0.03339930978386084,0.0019304678219846814,0.006319644405382098,0.007809713200560834,0.002752225147893688,0.00252684551202858,0.009101570765989705,0.0025617586301374604,0.00693584811666439,3.224752025321572E-4,8.579812231302329E-4,0.0012615674824505321,0.00287621337390388,0.0015393846350611582,0.011865916190242673,0.0014651660481679798],[4.219372931684578E-5,0.006006255215608455,0.0032814670280447576,5.855932523205334E-5,3.7382735838942987E-4,6.077669995387361E-5,8.384375600404038E-5,1.480523303930132E-4,0.0037311661344903943,4.139217384780488E-5,5.497522794851455E-4,1.0,4.4977528901644676E-4,4.255194171359522E-4,1.1449066503021886E-4,0.004729817346790568,0.0010139352118593548,2.633171293026379E-5,4.1814759133303425E-4,0.004003555299580165,2.7329535284504366E-4,0.0022594508096872297,3.760234742673748E-4,5.994173717885675E-4,1.0316793116444936E-4,1.437855340424737E-4,0.0010192098906195008,1.2485068557923195E-4,3.1115656444533356E-4,3.478081374010116E-5,1.1798650377234074E-4,2.532858565567279E-4,1.1333339958721089E-4,2.8332256311692063E-4,1.2989910789699036E-4,3.803750362548169E-4,0.002817314762476306,8.605433358737578E-5,0.025584035319704598,0.0038461927460070214,1.6014833591525371E-4,0.002149325346306193,0.010480243152059384,3.3853509239435253E-4,0.011934145372577346,1.3474734418909644E-4,5.765920925570258E-5,7.186095695851072E-4,4.769423800120086E-4,1.6910909310209385E-4,0.02234300983705572,1.0944737893367387E-4],[7.261878256126891E-4,0.010510660563789073,0.0015933607311552423,9.207285286494114E-4,6.859124879942404E-4,9.473473547914362E-4,5.125618035674519E-4,9.724269961267463E-4,0.0012501985648419082,0.0010195668055298646,0.0024075292182891223,4.4977528901644676E-4,1.0,0.001472844652290184,3.158790126893371E-4,0.011212895485128363,0.0010837856216237118,9.809500888704372E-4,0.0012422468682529093,0.004137058843251193,0.0012167794968576966,0.002063639495585204,0.0018061183036217664,0.0011237068484914482,2.0413715318018546E-4,7.057364902169768E-4,0.001245257740471092,5.8646457665681E-4,0.0010043867336094474,6.125455760799048E-4,8.421523377232325E-4,8.261432622613655E-4,7.946813502354256E-4,0.022772409673043933,7.234722795703304E-4,7.40931223777852E-4,0.028785067992870027,3.361439246596872E-4,0.01427721418509623,0.010225994229787682,9.668087291088898E-4,0.002221657335617369,0.019150234659836663,0.0011818338269739732,0.0031781333743928987,5.02541095299929E-4,5.508439248163761E-4,0.0010099867117894876,0.0027783596357702812,9.119810199408932E-4,0.006811046726124627,9.939852836609348E-4],[3.036185648734517E-4,0.010636607250748458,0.04486273082125181,2.108098595763623E-4,7.813964501307572E-4,0.0010064259662050604,9.161602236733504E-4,0.0015695567103193963,0.002389002452337515,6.833071884710604E-4,0.002703965071843616,4.255194171359522E-4,0.001472844652290184,1.0,0.0010174984175165699,0.015074890491035307,0.0011783081288851828,0.0013339968867165629,0.0015196756357400885,0.01694129972746633,0.001620002193516501,0.0028903145257019374,0.0029181133129544596,0.0016277929781880304,0.0016103877011785428,2.2603739870711626E-4,0.0016436699110524236,4.994041235459011E-4,0.0011675490320461651,0.001227424219271219,0.0014462188153049102,0.001422223538353116,0.001051786206771854,0.041039146395150244,5.346979999233562E-4,0.0011013659881934372,0.017726853073025458,9.658970246779723E-4,0.0454624975221963,0.004839057458300214,5.21718914502385E-4,0.0021856294487442936,0.014387563219321883,0.001353652423591569,0.002336927946779189,1.8763492156988898E-4,5.174721963384116E-4,0.0010553006088713963,0.0018815570301817038,0.001232043127684777,0.011222415086266953,0.0015827909010897867],[1.0220097741443737E-4,0.005908404441280453,0.03624814608638946,1.0728458520355656E-4,4.8108880192805246E-4,4.0410309897541034E-5,5.3436599496740764E-5,2.10221698018006E-4,0.0022871565099077994,9.379847937368045E-5,0.001305516572802487,1.1449066503021886E-4,3.158790126893371E-4,0.0010174984175165699,1.0,0.017411172430381816,3.599665126421983E-4,5.966315388842144E-5,6.602788661126463E-4,0.003948051050939583,6.331411403930893E-4,0.0025626085097944346,0.00216828615637792,0.0013043063317726177,7.751823105558447E-5,1.4305375093730098E-4,9.462357314431618E-4,1.6209041255917006E-4,2.439335206419459E-4,9.098991192527228E-5,1.1661348282071406E-4,4.3355096662469977E-4,1.1188463189076183E-4,0.037667088793013205,2.0541148666943686E-4,1.7187389997448885E-4,0.019825464649004986,5.6358999719392615E-5,0.052241929999608014,0.004260316963075875,1.694966760868124E-4,0.001027219132575157,0.010382997564387375,0.001102433902462844,0.0011202620136944225,1.394242015729489E-4,5.0948833500140036E-5,4.690743459281344E-4,0.0024404145427399603,1.3113647035923362E-4,0.01094093850594339,3.284043193794827E-5],[0.013968115307025956,0.011172073089806122,0.03394203898065323,0.013313833284347442,0.01399063365957749,0.00848588967068888,0.009628031536488843,0.008619736082545553,0.012767119900121375,0.002812199648709503,0.008113694357855129,0.004729817346790568,0.011212895485128363,0.015074890491035307,0.017411172430381816,1.0,0.013641675099950602,0.001616081976789051,0.0030370804980833534,0.01885888348330732,0.008355242187051387,0.010942561054747533,0.011343037198278158,0.015566462131827068,0.01828300723064812,0.01861933654070224,0.005849756662605791,0.007667668896486153,0.012719417090455157,0.005629603629175371,0.009104563212400475,0.016282554437901484,0.013998521216285947,0.03580488103610045,0.007883232908130965,7.469615458822756E-4,0.029562268364218658,0.009315759677356043,0.01929452492699925,0.01574335836994515,0.010145273715384193,0.014586878871142139,0.02018770693748743,0.010513029276018578,0.016747508168068193,0.007050029445581207,0.008623178535897377,0.0039292368512728925,0.016021068919441907,0.010244453205191973,0.022237432495152813,0.01561276906224946],[3.3439602879798975E-4,0.003360681371178075,0.0378495133499884,9.960605143698891E-5,7.175281940810143E-4,6.478000970876817E-4,9.528625088681427E-4,7.744839373936332E-4,0.003237849590397161,3.368894559068929E-4,0.0014470319306941254,0.0010139352118593548,0.0010837856216237118,0.0011783081288851828,3.599665126421983E-4,0.013641675099950602,1.0,8.928868253000806E-4,0.0011850136410760696,0.009451930498262595,0.0012446062437130117,0.0011944451536956763,0.0019320662625070362,0.001445247096350641,8.3791027680564E-4,1.945160400184599E-4,0.0011241084538091755,3.811047577299664E-4,8.893602497895574E-4,4.2760705097552403E-4,4.463259095146121E-4,6.629326886324828E-4,8.381448860058049E-4,0.00861308260291499,9.511697792817201E-4,9.78760068936507E-4,0.026815965295738462,1.9577265345647457E-4,0.04288800648334023,0.003032508567211525,9.670757071523653E-4,0.0010994861826956572,0.004854450897671784,0.0011966740176775075,0.013823282823822829,0.0010692312955024536,6.24092976400978E-4,0.0010754368019769297,0.0030761696011624455,5.634250333422517E-4,0.0032129207163603167,8.907018599886536E-4],[1.3371687488504931E-5,9.074851985502796E-4,0.011333839445708913,2.765940844202507E-5,4.370222780138242E-4,1.7006198982257906E-5,1.3377511599162462E-5,1.442600911545027E-4,0.0015736644047934236,1.1507059177765373E-5,0.002019957347338357,2.633171293026379E-5,9.809500888704372E-4,0.0013339968867165629,5.966315388842144E-5,0.001616081976789051,8.928868253000806E-4,1.0,5.131089374156309E-5,0.011421161188204512,7.004509241802736E-4,0.0011284067975849276,1.9853340467504922E-5,2.9808818621860603E-4,1.251873081335055E-5,4.045014022381153E-5,6.082842932546549E-4,6.465944527308939E-5,1.2564544126110678E-4,1.3774026475800572E-5,2.8331925750726674E-5,1.6614108467028694E-4,9.292649398879491E-5,0.002031450669805812,1.246230949110269E-4,2.7733677894894386E-4,0.016703323393784063,1.2544235426262954E-5,0.05038948701906177,0.007484840043447361,1.5233718602096158E-4,0.0022260420534206157,0.013763950244730224,4.656489380173566E-4,0.0018088612081787923,9.860648510219657E-5,1.3274101019701986E-5,7.895705192133568E-4,0.0015232303166898985,7.565765280329967E-5,0.006967156967823927,1.7779211940242985E-5],[7.574088045125595E-4,0.0027547559442028433,0.019738447090224123,8.595736024955661E-4,0.0010314209243298708,2.865648705052216E-4,7.028092252606733E-4,0.0010512593154739817,0.002846601473158024,0.0011857765374883756,0.0022276218528069266,4.1814759133303425E-4,0.0012422468682529093,0.0015196756357400885,6.602788661126463E-4,0.0030370804980833534,0.0011850136410760696,5.131089374156309E-5,1.0,0.004858001063169185,0.0015609508476394605,0.0021989336815745938,0.0017411875319359917,0.0013735219756291217,6.547587535099539E-4,8.443976760329182E-4,0.0012502846563111345,4.4739465819715394E-4,0.0011029897906781362,2.882890924406706E-4,0.0011290932382576463,9.411839256102464E-4,6.266638974304414E-4,0.020017150409583077,0.0012113846892795978,0.0010557688735189663,0.017810648482907924,9.450851008199282E-4,0.024672606471789926,0.009230146372513098,7.743735635644484E-4,0.001805145798514814,0.013822461167347814,0.001244231195511387,0.0029210809814324027,7.313043231567595E-4,0.0011673553482541576,0.001195126630308447,0.0029211161854956497,7.84215866318395E-4,0.008803354396469792,7.193257747525358E-4],[0.007526218725025687,0.011982616017075733,0.04443030949381628,0.014570662775105457,0.009655931332000291,0.01699384590787001,0.00833082872812312,0.003263244397006491,0.006928340058879242,0.012260675458678112,0.006599197221782533,0.004003555299580165,0.004137058843251193,0.01694129972746633,0.003948051050939583,0.01885888348330732,0.009451930498262595,0.011421161188204512,0.004858001063169185,1.0,0.013293530837233409,0.014994448303772395,0.0065242807933134535,0.012019492434734134,0.012155209494135887,0.008226816589061851,0.011309172764815247,0.015698912065260535,0.00584269224617817,0.015920163178132715,0.003010570436425436,0.0012089966927139493,0.012771317588276154,0.0234125721548191,0.015986622478843335,0.0067179763096144205,0.0319948561714853,0.005254030680994489,0.029079877285886263,0.011252920018675767,0.007728349753022594,0.0057667657602865794,0.020009078678126232,0.01720429363318746,0.01638210930228513,0.015868052566994223,0.0044205945684240725,0.00797658661538454,0.005011902098011169,0.008614352100488783,0.018322846239790812,0.005155599213057404],[6.486744969894433E-4,0.002980885208541094,0.01512280571201293,3.5463753383088394E-4,0.001268252344905299,3.8026800741386625E-4,4.652545099424812E-4,0.001443800660209138,0.0029927383024553637,9.029589817764496E-4,0.002056985150394472,2.7329535284504366E-4,0.0012167794968576966,0.001620002193516501,6.331411403930893E-4,0.008355242187051387,0.0012446062437130117,7.004509241802736E-4,0.0015609508476394605,0.013293530837233409,1.0,0.0019297053750399115,0.003213092289836619,0.0016162972676540713,2.1103960015131642E-4,4.4513473407655066E-4,0.0013932125226280019,4.761796233487811E-4,0.001481835912389217,6.872858305388402E-4,3.347414250371277E-4,0.001394897233585689,0.0011566960399621699,0.03283903815827882,5.37099612490399E-4,7.549680638478845E-4,0.0037568988313887693,7.875706580020456E-4,0.035978594152269706,0.007303741061665252,2.844366189368609E-4,0.0020707359043914617,0.014189062774312375,0.0012453399337243375,0.013652353061487082,0.0011704348689667522,6.376835525263553E-4,0.0013056914916794054,0.0023380149171227348,5.298239768142408E-4,0.005199590905546644,0.0013525002538008867],[6.808671189607884E-4,0.010456779674243851,0.045154041279634544,0.0023708123193530045,0.0013855809941305417,0.002072218514740632,0.002005457871140935,0.0022940078612075547,0.003104955837147114,0.0027800141114433527,0.002790527374911221,0.0022594508096872297,0.002063639495585204,0.0028903145257019374,0.0025626085097944346,0.010942561054747533,0.0011944451536956763,0.0011284067975849276,0.0021989336815745938,0.014994448303772395,0.0019297053750399115,1.0,0.0031764514949692356,0.0023988399363573717,2.0583062694527656E-4,0.0013907684131294472,0.0019347607442712655,0.0026420892078830825,0.0019963487980286286,0.0015716596269511282,0.001603177278189207,0.0015748798864788902,0.0014553972209292224,0.006797681013952487,0.0012843742113275048,0.0010148992353825846,0.010949220719590093,3.253456323014249E-4,0.04661270802730035,0.0035548605391080854,7.003614499626735E-4,0.0024517379075381816,0.004687756359570132,0.0013363555135699821,0.012661872239221057,0.0012382178107346049,0.0028541318156051934,0.0019518637990079291,0.003020011388598397,8.727417867910467E-4,0.010585920690862338,0.0020926164681250915],[4.0491533013627405E-4,0.005189900898657789,0.03350477030748423,0.0012247410118601508,0.0023283101716114417,0.0021092862389410568,3.5330182924638614E-5,0.00279535593251694,0.0038911694151860347,0.0028112219298869028,0.0032158515822073097,3.760234742673748E-4,0.0018061183036217664,0.0029181133129544596,0.00216828615637792,0.011343037198278158,0.0019320662625070362,1.9853340467504922E-5,0.0017411875319359917,0.0065242807933134535,0.003213092289836619,0.0031764514949692356,1.0,0.0027984258134227027,0.0016156667531239711,0.0023189578171800966,0.0014078856927443985,9.140564510626322E-4,3.2189631278147315E-4,0.0021890932102262427,0.002663537996862725,7.670306056864357E-4,9.295246167778558E-4,0.04241595338995606,0.001567906868494528,0.0010240323526389018,0.01397489747750972,0.002114038846071092,0.03439152860908019,0.0055488525724135505,3.659137830188138E-4,0.0032445585327191646,0.013709159558065866,0.00285246366705344,0.014328616972170242,0.0015176286903005188,6.245205523931792E-4,0.0014506144448056834,0.0031052028057904284,0.001518091712049725,0.00412312529274726,0.0010743492656686705],[2.2755078357895324E-4,0.006927316726389955,0.020475855280595208,9.313054954101943E-4,0.0010011211737219541,7.644306671082244E-4,5.486038762782378E-4,0.0015256324039113495,0.0030049424131761322,7.036465908425314E-5,0.002160931036259697,5.994173717885675E-4,0.0011237068484914482,0.0016277929781880304,0.0013043063317726177,0.015566462131827068,0.001445247096350641,2.9808818621860603E-4,0.0013735219756291217,0.012019492434734134,0.0016162972676540713,0.0023988399363573717,0.0027984258134227027,1.0,7.154612564087418E-4,7.16309801569147E-4,0.0014186967759933305,2.778406094097089E-4,0.0011821082585633195,3.8648563950368666E-4,8.118584980015977E-4,9.792665076640223E-4,4.2677934585365665E-4,0.009629558146091528,7.132369365021312E-4,0.0015057080417353336,0.030706291127479655,3.1533883713384794E-4,0.03603627065562553,0.004258250604543196,7.358516397786073E-4,0.0022207513809294685,0.0050899344368118635,0.0014523146985534951,0.006119283638805843,0.0013573850158648995,4.356131688164273E-4,0.0015257332861045418,0.0027136110759119004,0.0013101506645181579,0.01243648971812186,0.0015906088066548947],[5.453285540239861E-5,0.005087904762220686,0.030231319161587274,5.4523698474891565E-5,1.7170844800030413E-4,5.3349215899914124E-5,2.6605802890300363E-5,5.621773900834056E-5,0.003589024390428419,1.6549592702182984E-5,0.002027674596143458,1.0316793116444936E-4,2.0413715318018546E-4,0.0016103877011785428,7.751823105558447E-5,0.01828300723064812,8.3791027680564E-4,1.251873081335055E-5,6.547587535099539E-4,0.012155209494135887,2.1103960015131642E-4,2.0583062694527656E-4,0.0016156667531239711,7.154612564087418E-4,1.0,1.176192056026813E-4,0.0013516900287573073,7.41907925513728E-5,1.2392884174048678E-4,3.714033198796511E-5,1.5516201054469855E-4,4.197367286985522E-4,1.0484140496167758E-4,0.017690650556158653,9.15449039930878E-5,1.0446004187790182E-4,0.006167093823683949,4.722689348295792E-5,0.029349187475636702,0.0031302852374067093,9.894800470484303E-5,0.0016564065210277626,0.010858101138975309,8.106577022196479E-4,0.010858785856478462,7.732143745203423E-5,2.8084196787030316E-5,3.7364062940055897E-4,4.346376042400497E-4,1.3461866312197316E-4,0.010512216718790678,3.2027468765027734E-5],[3.9904810485818144E-5,0.007963229388688384,0.025777111147557614,1.0133477150447312E-4,2.596901860541569E-4,4.2126030610332285E-5,1.4457124577732777E-4,1.8831396549037627E-4,0.003331348043394576,4.788474608366708E-5,4.8023293145478665E-4,1.437855340424737E-4,7.057364902169768E-4,2.2603739870711626E-4,1.4305375093730098E-4,0.01861933654070224,1.945160400184599E-4,4.045014022381153E-5,8.443976760329182E-4,0.008226816589061851,4.4513473407655066E-4,0.0013907684131294472,0.0023189578171800966,7.16309801569147E-4,1.176192056026813E-4,1.0,0.0012726469424235178,1.5942338131654264E-4,2.9970649069098546E-4,1.2235047767254707E-4,1.5020219948711226E-4,2.588949649154974E-4,1.3237689101831216E-4,0.007642050265806735,1.6140154727578275E-4,1.5233399018700644E-4,0.01867188250880428,1.4058085492269583E-4,0.051925000548435685,0.003597770038620436,1.6934352584103632E-4,0.00194770681869292,0.007998986687247857,0.0012077673555301335,0.010476139670406838,1.4981108937456682E-4,8.297070346495668E-5,9.661127955382478E-4,0.0030741763185658266,1.7852751840978287E-4,0.008191085886095123,1.0205676523412636E-4],[0.0012828936093684515,0.003909850181111496,0.023848931570974494,2.155329894738653E-4,8.96335257853294E-4,5.135646596204548E-4,0.0012676621010410812,7.201809685232747E-4,0.002272397242839916,3.784696739868854E-5,0.0025376903668743213,0.0010192098906195008,0.001245257740471092,0.0016436699110524236,9.462357314431618E-4,0.005849756662605791,0.0011241084538091755,6.082842932546549E-4,0.0012502846563111345,0.011309172764815247,0.0013932125226280019,0.0019347607442712655,0.0014078856927443985,0.0014186967759933305,0.0013516900287573073,0.0012726469424235178,1.0,2.2282275498008676E-4,6.842034893220986E-4,0.0011341158590029339,5.842742476072062E-4,7.798286326709759E-4,7.377190635021011E-4,0.0064284638895794645,5.5647323655827E-4,0.0011176945245445322,0.033034173338845445,8.981987812996352E-4,0.010215939733378691,0.00605974151701512,6.766949375354599E-4,0.0016455720898040386,0.003105359571544672,0.0013027244746106183,0.0030749000858074343,0.0011589780617874054,3.9547677446549086E-5,0.0011708246278681494,0.0029490237793744693,3.424424391473453E-4,0.005541012702594119,5.9908753918378596E-5],[8.642391255768137E-5,0.0014675899753330882,0.004432746950108746,8.861374165764486E-5,2.2424143171542084E-4,7.909245644784012E-5,1.3902758831234142E-4,2.076092187131239E-4,0.002580028037670524,1.8297933615246605E-4,3.260320193469889E-4,1.2485068557923195E-4,5.8646457665681E-4,4.994041235459011E-4,1.6209041255917006E-4,0.007667668896486153,3.811047577299664E-4,6.465944527308939E-5,4.4739465819715394E-4,0.015698912065260535,4.761796233487811E-4,0.0026420892078830825,9.140564510626322E-4,2.778406094097089E-4,7.41907925513728E-5,1.5942338131654264E-4,2.2282275498008676E-4,1.0,2.944003300541219E-4,7.705398972024507E-5,1.7890080070527678E-4,3.520196676776484E-4,1.906421872333601E-4,0.01977922291412993,2.7988174414628176E-4,3.5050108474267227E-4,0.007634738359911392,1.4413270792533123E-4,0.006421938839165103,0.00296944081315822,1.9493910587633703E-4,0.0011411259848486434,0.00994731235009865,5.855792463428387E-4,0.0027177987010378263,1.9703750308584512E-4,4.3810460664404574E-5,4.476540810291179E-4,0.0014788716978288896,1.8585413360701122E-4,0.020460947938954206,1.8656398895434102E-4],[2.6770070983442437E-4,0.009411926416473254,0.011699592626794294,1.0299461730100209E-4,3.80919080534287E-4,8.163456953390929E-5,2.2657294279530005E-4,2.48083492964611E-4,0.0038237278653783908,1.0726647745974629E-4,0.001570495023197963,3.1115656444533356E-4,0.0010043867336094474,0.0011675490320461651,2.439335206419459E-4,0.012719417090455157,8.893602497895574E-4,1.2564544126110678E-4,0.0011029897906781362,0.00584269224617817,0.001481835912389217,0.0019963487980286286,3.2189631278147315E-4,0.0011821082585633195,1.2392884174048678E-4,2.9970649069098546E-4,6.842034893220986E-4,2.944003300541219E-4,1.0,5.566920745290129E-5,2.0581410207586262E-4,4.0816376510801055E-4,1.3818094023712666E-4,0.003281354633595842,3.119743247833129E-4,3.607785186547432E-4,0.023529660444019114,1.4152941048213712E-4,0.04531893516811386,0.006284462029498199,2.88418822727061E-4,0.002015110768464623,0.003276010786586656,0.0012248354244954048,0.005122089799654944,2.3504746880959027E-4,2.7077647196691317E-4,7.494103065475433E-4,0.0014239206457076574,2.71231654714361E-4,0.011885054101381111,5.051350935047827E-5],[3.311858482583329E-5,0.008140222232320641,0.02860651244561308,4.022221571263768E-5,1.0747684715171075E-4,3.331918512337356E-5,1.497949565190399E-5,1.296573041746646E-4,0.002272374965471607,2.2915798254944763E-5,0.0018134793139525302,3.478081374010116E-5,6.125455760799048E-4,0.001227424219271219,9.098991192527228E-5,0.005629603629175371,4.2760705097552403E-4,1.3774026475800572E-5,2.882890924406706E-4,0.015920163178132715,6.872858305388402E-4,0.0015716596269511282,0.0021890932102262427,3.8648563950368666E-4,3.714033198796511E-5,1.2235047767254707E-4,0.0011341158590029339,7.705398972024507E-5,5.566920745290129E-5,1.0,1.3000310209581895E-4,4.04394325992914E-4,6.506106925607988E-5,0.0020090152929350793,5.762796918581095E-5,3.665490265903953E-4,0.03838822058090138,3.3340554147058694E-5,0.019012802436827368,0.0029710608086007447,1.1614697199519098E-4,0.0019945298820250993,0.0027020087219276883,0.001120212586797426,0.004708234506032745,3.6200360270321096E-5,2.930236654015055E-5,7.254799270635309E-4,6.614662049663753E-4,9.527197604883463E-5,0.015707531018983954,2.7689708868457194E-5],[1.0978991540566861E-4,0.003767948717665979,0.03133900237832025,1.2915858369903833E-4,2.7253287333981255E-4,1.0973540074001559E-4,1.92822343599977E-5,1.8622694916761514E-4,0.003404406090571394,5.2902392935901125E-5,7.68922440267268E-4,1.1798650377234074E-4,8.421523377232325E-4,0.0014462188153049102,1.1661348282071406E-4,0.009104563212400475,4.463259095146121E-4,2.8331925750726674E-5,0.0011290932382576463,0.003010570436425436,3.347414250371277E-4,0.001603177278189207,0.002663537996862725,8.118584980015977E-4,1.5516201054469855E-4,1.5020219948711226E-4,5.842742476072062E-4,1.7890080070527678E-4,2.0581410207586262E-4,1.3000310209581895E-4,1.0,3.4777084893077405E-4,1.6776237472733907E-4,0.04001986998347182,2.1634269704098012E-4,3.7532600809106535E-4,0.024525080826639036,1.4929779255605136E-4,0.044916077529828916,0.004904155590830292,1.8368478695590424E-4,2.79920771152306E-4,0.003984479913186587,3.1847186807174396E-4,0.010543055298606739,1.6413362972169851E-4,7.030633142672522E-5,1.887586908705709E-4,8.18751804942153E-4,1.715661291684454E-4,0.015653804274758577,1.296544352397457E-4],[9.665282588902443E-5,0.010138193408640462,0.03096595533192388,1.2365810554610253E-4,5.292619157871711E-4,3.18493376648068E-4,1.1924027058128248E-4,3.141914649469807E-4,0.0019686636996299658,1.9668776434785993E-4,0.0013687819247869596,2.532858565567279E-4,8.261432622613655E-4,0.001422223538353116,4.3355096662469977E-4,0.016282554437901484,6.629326886324828E-4,1.6614108467028694E-4,9.411839256102464E-4,0.0012089966927139493,0.001394897233585689,0.0015748798864788902,7.670306056864357E-4,9.792665076640223E-4,4.197367286985522E-4,2.588949649154974E-4,7.798286326709759E-4,3.520196676776484E-4,4.0816376510801055E-4,4.04394325992914E-4,3.4777084893077405E-4,1.0,4.46743808361807E-4,0.041609305910397,3.2248919420321836E-4,4.4326256667399813E-4,0.00720702091751307,3.755891573913159E-4,0.050005303221886045,0.009672703327363204,3.4650918883682817E-4,0.0017623287915941655,0.0022578230474110065,0.0010409160096187817,0.00867593055577065,3.9618705246650845E-4,1.2846215586505877E-4,9.139459747217636E-4,0.0027583000356499517,2.4409065501094655E-4,9.291076591155592E-4,1.0248247581481711E-4],[3.781685250183065E-5,0.007174327065461881,0.004891107269862825,7.217468992561573E-5,3.217403964410212E-4,9.806744016672906E-5,8.976471133987508E-5,1.4206751229932295E-4,0.002634958248393981,9.757000400685597E-5,9.324067794737994E-4,1.1333339958721089E-4,7.946813502354256E-4,0.001051786206771854,1.1188463189076183E-4,0.013998521216285947,8.381448860058049E-4,9.292649398879491E-5,6.266638974304414E-4,0.012771317588276154,0.0011566960399621699,0.0014553972209292224,9.295246167778558E-4,4.2677934585365665E-4,1.0484140496167758E-4,1.3237689101831216E-4,7.377190635021011E-4,1.906421872333601E-4,1.3818094023712666E-4,6.506106925607988E-5,1.6776237472733907E-4,4.46743808361807E-4,1.0,0.007353486269435768,1.3527010903732927E-4,3.3504247597053026E-4,0.017298804564869007,4.8479851974498174E-5,0.0486612174708268,0.0063141664842036,1.3969984728193463E-4,2.2612275386589981E-4,0.017801665932355975,5.630532190960768E-4,8.349035513485697E-4,1.192694529133631E-4,9.944482932671604E-5,5.983054739849878E-4,0.001554015239712559,1.67858776275128E-4,0.01743460903937885,1.0381121030621834E-4],[0.012996456790244644,0.04188866286693568,0.0466637116962399,0.038978052383859346,0.020504648772817855,0.03360699222236788,9.748928891638476E-4,0.0077087289931807345,0.006925974230769946,0.024018742351329735,0.04299845287942834,2.8332256311692063E-4,0.022772409673043933,0.041039146395150244,0.037667088793013205,0.03580488103610045,0.00861308260291499,0.002031450669805812,0.020017150409583077,0.0234125721548191,0.03283903815827882,0.006797681013952487,0.04241595338995606,0.009629558146091528,0.017690650556158653,0.007642050265806735,0.0064284638895794645,0.01977922291412993,0.003281354633595842,0.0020090152929350793,0.04001986998347182,0.041609305910397,0.007353486269435768,1.0,0.013196617268210984,0.012176084687386873,0.043478260869565216,0.028043108764048585,0.04393872341969154,0.03374605954463091,0.009891729786386003,0.027763968896740005,0.029044874992737394,0.014851230126514828,0.03383676206131089,0.02110817646495625,0.03137828024723139,0.009672933091403695,0.01099953175252133,0.012908437259726367,0.03350086521985015,0.014033063173533599],[1.3989806425317885E-4,0.009500516232749794,0.007067313717716043,2.5238087219672036E-4,4.3842292657951434E-4,2.602108882815415E-4,6.3468420491128E-5,2.783148091408109E-4,0.0037871777585757687,1.3726955681261663E-4,8.057418075842363E-4,1.2989910789699036E-4,7.234722795703304E-4,5.346979999233562E-4,2.0541148666943686E-4,0.007883232908130965,9.511697792817201E-4,1.246230949110269E-4,0.0012113846892795978,0.015986622478843335,5.37099612490399E-4,0.0012843742113275048,0.001567906868494528,7.132369365021312E-4,9.15449039930878E-5,1.6140154727578275E-4,5.5647323655827E-4,2.7988174414628176E-4,3.119743247833129E-4,5.762796918581095E-5,2.1634269704098012E-4,3.2248919420321836E-4,1.3527010903732927E-4,0.013196617268210984,1.0,3.1375879208269937E-4,0.007114635092861761,2.797259280576778E-4,0.005175566644557943,0.005178152211426001,2.839739950393236E-4,0.00204291212560939,0.010388621089335515,0.0011166290379919846,0.0016984493452088638,3.084390588027605E-4,9.669141468330773E-5,8.219032076722513E-4,5.514199271719429E-4,2.8754385334481817E-4,0.022267870121579464,1.7448585933782962E-4],[2.556186358684003E-4,8.519218821440872E-4,0.010063035023601948,4.067083874922903E-4,4.777149355697092E-4,2.6644311996314873E-4,3.173000358523176E-4,3.196652772363817E-4,0.0023202732330897214,1.4332932124121525E-4,0.0022557192077668786,3.803750362548169E-4,7.40931223777852E-4,0.0011013659881934372,1.7187389997448885E-4,7.469615458822756E-4,9.78760068936507E-4,2.7733677894894386E-4,0.0010557688735189663,0.0067179763096144205,7.549680638478845E-4,0.0010148992353825846,0.0010240323526389018,0.0015057080417353336,1.0446004187790182E-4,1.5233399018700644E-4,0.0011176945245445322,3.5050108474267227E-4,3.607785186547432E-4,3.665490265903953E-4,3.7532600809106535E-4,4.4326256667399813E-4,3.3504247597053026E-4,0.012176084687386873,3.1375879208269937E-4,1.0,0.025416476882111516,3.2554418381281744E-4,0.037545992845028735,0.004187107277171457,3.140556750437801E-4,9.442630402621016E-4,0.004163302612811021,0.0011807416087262252,0.01036681695057213,1.5258175645908626E-4,4.7600608008197946E-5,7.892508320430841E-4,0.0029100904182057744,2.7220139349886876E-4,0.014462242055795058,1.7061421800457428E-4],[0.042917784120948585,0.023347970565245398,0.046596125168055724,0.038262674152743904,9.067729322536581E-4,0.012980383440325047,0.019046522094004283,0.032397386422698196,0.03338058270645721,0.017065792102364304,0.03339930978386084,0.002817314762476306,0.028785067992870027,0.017726853073025458,0.019825464649004986,0.029562268364218658,0.026815965295738462,0.016703323393784063,0.017810648482907924,0.0319948561714853,0.0037568988313887693,0.010949220719590093,0.01397489747750972,0.030706291127479655,0.006167093823683949,0.01867188250880428,0.033034173338845445,0.007634738359911392,0.023529660444019114,0.03838822058090138,0.024525080826639036,0.00720702091751307,0.017298804564869007,0.043478260869565216,0.007114635092861761,0.025416476882111516,1.0,0