[[1.0,0.01846063727795611,0.0011511182964979022,0.0014185806142041244,0.0011711694231618737,0.0011550348933479875,0.0047016060975757085,9.78466195013717E-4,0.001272003127609842,0.005831877989533221,0.001579025896015357,8.318341578662526E-4,6.671975672707109E-4,0.02205675329275176,0.0010191980983450277,0.06120977138545665,9.585397291851772E-4,0.025314091469999377,0.003531641826821653,7.694955795049687E-4,1.3776645499600983E-4,0.0029085971767139297,0.001406359381810571,0.0013917269706388705,2.3758231492631123E-4,0.003010691970987279,8.273352792864802E-4,0.0013755265179212722,0.0013406978927108656,4.909879380590079E-4,0.005753045901077471,0.0015620701253578457,0.005209194732000503,0.001023313406508949,0.0015145257654465792,0.0012842165482438669,0.008361961676391657,0.012574643438981969,0.001745450651868923,3.107171776802745E-5,0.0031952978139254042,0.0045274524642519125,7.184574025909822E-4,9.326179920860313E-4,2.387217690523944E-4,0.0010995180896280685,6.589732009429862E-5,8.256828754579879E-4,8.605887669317218E-4,0.0011777499531094764,1.298697078260826E-4,7.790731657864175E-4,4.6127397559151144E-4],[0.01846063727795611,1.0,0.011338114979240779,0.0096084790108702,0.002019770951553955,0.020564589767585066,0.021813999006050907,0.005324917644506921,0.017585010038616383,0.025484616235752634,0.018411476150429266,0.022382573396361,0.012171070772010241,0.02857142857142857,0.00605409173573654,0.039903829417722345,0.006921419241419592,0.03249879176429538,0.020513402493173946,0.02506935689307248,0.0100268311727625,0.0245401830956937,0.02725382149585062,0.01725661937065592,0.012528293129625973,0.02306561673507635,0.023381720241541167,0.020872699345505095,0.0027891955157329285,0.010836471306075606,0.02342525652981314,0.00815935455654428,0.02365333387378036,0.0192019467740591,0.011727974519736978,0.017616646187243155,0.013788691943612711,0.025607589435948742,0.005710706567628096,0.0017960875367666526,0.020497333380230822,0.01176604630481506,0.0029233258939222132,0.014087717091024882,0.025071089178389065,0.0200586458911953,0.02221264479499713,0.009272365934507016,0.0015781386295046023,0.023687842519198244,0.009893885516840142,0.019651773224623616,0.024544757107380282],[0.0011511182964979022,0.011338114979240779,1.0,0.001128172638539604,1.8152019269103217E-4,1.3682143936970045E-4,0.001042589134802223,8.006339225590435E-5,1.1845800008402339E-4,0.003966244259762487,9.100301571156776E-4,5.50054551168115E-4,1.886017985752947E-4,0.022175216679045002,1.3013240924587637E-4,0.07317730607644707,4.374168610728149E-5,0.007772561198774264,0.0034448326324797943,3.2156315932545764E-4,9.151162506782126E-5,0.0014118557938035377,0.0015374162638719332,0.0010782308286422227,1.426021012587358E-4,0.003496974565813639,1.1349971226746844E-4,3.7541468148671983E-4,4.774947995400469E-4,1.3848546546758772E-4,0.020003291549116564,8.937880034604428E-4,0.002098124992694791,2.9363876090329364E-4,8.632168034743325E-4,1.0772988331423678E-4,0.011257127253709363,0.01246734494885712,0.0011525536239137908,6.105475402594466E-5,0.002466952515699406,0.002517538493503062,2.115751900803745E-4,2.5229531066617566E-4,1.1450937499150335E-4,9.03471542019165E-5,9.524910867843331E-5,1.3506402728600368E-4,1.6801304022710122E-4,1.207111810371469E-4,1.2387374764663952E-4,1.4071446905688763E-4,1.2302650451792306E-4],[0.0014185806142041244,0.0096084790108702,0.001128172638539604,1.0,0.0019296720824006006,0.0014834037428725845,0.007900998502756752,6.657403822724153E-4,3.4558721364328493E-4,0.012242540316672485,0.002036221368554654,0.0017504510821115017,0.0014172841409675024,0.02214919175393838,0.0019667317064083513,0.05918879819816813,7.999475463223366E-4,0.03597930418954136,0.004136201765405917,6.502349438642441E-4,0.0014173649568327397,0.002907466010781304,0.0017962413594407335,0.0016817937417692686,0.0012083234759582165,0.002465954405383731,0.0018870246492255765,0.0010323692921292464,0.001861353164260718,0.001250595866826473,0.0034333440213755095,0.0019679132113940875,0.011547615214533725,0.001649078092121053,0.001790595668447324,7.313627752967798E-4,0.009949662080036436,0.00840618452608609,0.0020801662517724836,4.372544137309124E-5,0.0032032853748391694,0.009927504381314112,9.119957073894123E-4,8.579761229136722E-4,0.0019306089552400276,0.0010157918562373697,0.0017807126052639905,0.0011401819996754233,2.050337130071899E-4,0.0016994860435310545,0.0014713584118783126,0.0018593486423606356,0.0015654983459036653],[0.0011711694231618737,0.002019770951553955,1.8152019269103217E-4,0.0019296720824006006,1.0,8.545747264921597E-4,0.004256095020868156,1.818008875530448E-4,5.352792308020835E-4,0.015882904441814602,0.001942627355296544,0.001007921390537736,7.931857024749815E-4,0.023180829965708957,8.725243497062906E-4,0.017166002493957853,2.2860104036040522E-4,0.02365840759038416,0.0036521072450996298,8.005174373316001E-4,6.938314004914258E-4,0.0014066570618988773,0.0012772731558402055,0.001233230152717054,6.330412234701824E-4,0.003620712899724111,6.849306807356839E-4,9.073759762424362E-4,0.0013170283114162338,6.494222900175334E-4,0.017916268320308917,0.0012079856102211008,0.01111233795470391,6.749314709623747E-4,0.0013036848264831554,5.492211746533912E-4,0.005491991902001532,0.004491531416851482,0.0011765275836224346,5.612213361860326E-4,0.003258165292435243,0.008434448704616824,8.16412666100401E-4,5.976214240022344E-4,1.969326947655111E-4,4.434894203328249E-4,7.753446925091486E-4,2.9666318246027645E-4,0.0010797672974871052,0.0011104299413603278,2.182450382340251E-4,3.3569591045779705E-4,6.351151143887748E-4],[0.0011550348933479875,0.020564589767585066,1.3682143936970045E-4,0.0014834037428725845,8.545747264921597E-4,1.0,0.003333806832730222,1.0742265707868384E-4,6.201656817354365E-5,0.005776099064744489,0.0016931250069033138,5.910482486580892E-4,4.4753682116673943E-4,0.015220726724929266,1.262063432855434E-4,0.02819205617367932,4.8719880430721545E-5,2.0421841935682172E-4,0.0010684345942545094,2.855343672864821E-4,3.927643342684576E-5,5.818387615937196E-4,8.061599870284171E-4,8.072920178829454E-4,1.398300720760364E-4,0.002712471343987068,1.220605416308204E-4,2.1588039005439964E-4,3.369334962587617E-4,1.472323939774714E-4,0.021196710452729917,0.001417711789105539,0.005066564441951708,2.1779896192968722E-4,8.305710844382425E-4,1.1735359717613227E-4,0.003025247301916669,0.013182486224170595,1.5153651295323964E-4,9.151336124467988E-5,3.793092077891603E-4,0.007155643109107823,1.836929129273768E-4,1.390349721418236E-4,1.1425444499989882E-4,8.067678163286626E-5,1.2084470472361992E-4,6.741435305385063E-5,1.6517327365209695E-4,1.1389811728075859E-4,6.0183470389407164E-5,1.4531846999600142E-4,1.1116743423759807E-4],[0.0047016060975757085,0.021813999006050907,0.001042589134802223,0.007900998502756752,0.004256095020868156,0.003333806832730222,1.0,0.00709077968824779,0.00215086200956814,0.012833814600280035,0.002837271963195616,0.009770937522654344,0.009287306173569574,0.012718704545529548,0.0011500356241031652,0.04233392734936416,0.006336754151142707,0.018145760089820575,0.008139758563180876,5.844010461603263E-4,0.006580930087107934,0.003713252672274282,0.003314240775153413,0.009639062548541799,0.0036657722199807848,0.007166198841094394,0.0038217028972213694,0.0016207391590849765,0.0031719412423590735,0.008227582252094521,0.010060686236862756,0.004265143589761747,0.011785847337391053,0.00573546168926933,0.005785067984716616,0.0036772382405722954,0.011112427125161048,0.011241030402399356,0.003199222874163663,0.004657016672507527,0.0041219575793303076,0.0106245479756598,7.324251525252303E-4,0.0053441227402004745,0.0019927299385534636,0.00949652820070629,2.1263122675623121E-4,0.004988489735243073,0.006570520610944126,8.071484849231297E-4,0.003532570452786205,0.0029473442517769727,0.005046965066841183],[9.78466195013717E-4,0.005324917644506921,8.006339225590435E-5,6.657403822724153E-4,1.818008875530448E-4,1.0742265707868384E-4,0.00709077968824779,1.0,4.1171893354374853E-5,0.01121614413795149,0.0019178309871756576,6.075482345466451E-4,2.6388496512084E-4,0.006132785809101118,7.629717394864027E-5,0.06928043360935884,1.4537556583060781E-5,0.032748251267416255,0.0035195913216121244,3.2311787209298863E-4,1.1605467488310066E-5,0.0030146588088072394,9.957530006419626E-5,8.487611962414168E-4,1.1916253728844957E-4,9.775024787579839E-4,1.6582472322786288E-5,1.4904803269183333E-4,9.607066220396978E-4,3.255108707221153E-5,0.004760684991789977,0.001236043310290641,0.006752021696839549,3.8605600018843907E-4,0.001408161079723601,1.9395402288720026E-5,0.0027172497713120742,0.007244950137709225,0.0011801229061988066,2.4371035621340175E-5,0.0017244453657560609,0.00749786241103866,2.5273482110084824E-4,1.7097790911103523E-4,4.6782827391610534E-5,1.784564072425926E-5,1.6160425793042637E-5,2.673194446862675E-5,1.5652909131895138E-4,1.3027874479201307E-5,4.004814921039836E-5,6.810812906211896E-5,2.0721837282924075E-5],[0.001272003127609842,0.017585010038616383,1.1845800008402339E-4,3.4558721364328493E-4,5.352792308020835E-4,6.201656817354365E-5,0.00215086200956814,4.1171893354374853E-5,1.0,4.2435867036424253E-4,2.831245908990555E-4,4.166084177582814E-4,2.214669239576075E-4,0.007639988621789342,6.433172522397567E-5,0.005489192570307121,5.372063153556506E-5,0.004862837315865244,0.0021045825720903823,1.1272596659102341E-4,3.6381974741727874E-5,8.991901386554456E-4,0.0013628642962727657,1.740965241998753E-4,7.935810782587364E-5,0.0032948272402305895,9.604698809099426E-5,1.0585149465705462E-4,8.825488646738906E-5,8.990815007495952E-5,3.377760929460575E-4,0.0011710205029834544,0.01211718522563677,2.961581073316327E-4,9.534650495579878E-4,7.066816572398642E-5,0.009505661894503227,0.0011483495479456508,1.2108939687904585E-4,4.333888043345963E-5,0.0012228401238566441,0.00444107313350675,1.995122869733202E-4,2.396743886476664E-4,6.605411855954414E-5,5.641250405371331E-5,4.9357869722549705E-5,3.7844245340595955E-5,1.105448977519523E-4,5.4174216285632396E-5,4.4013329293080095E-5,1.1817469988061415E-4,5.734896023003171E-5],[0.005831877989533221,0.025484616235752634,0.003966244259762487,0.012242540316672485,0.015882904441814602,0.005776099064744489,0.012833814600280035,0.01121614413795149,4.2435867036424253E-4,1.0,0.014154078707928383,0.00400959344436622,0.015621990741437787,0.024803203433511088,0.0060974897836237815,0.0632652653703134,0.014263123317623826,0.03744643276354257,0.005551203845016031,0.01058810075307685,0.01663531891763125,0.015230313758511773,0.004377347957469524,0.013429213780418385,0.006205653590052506,0.0059457002870949615,0.008063305215272055,0.015144463668775683,0.008364340676234806,0.012663179513332847,0.017201244296387547,0.00799827132331448,0.014078669900723581,0.007928243246697535,0.01198082107193316,0.008306134074037094,0.01665427085277993,0.015288013658690635,0.01621108316185353,0.007072621952429018,0.016840327613988283,0.01638355071205249,0.004360880902769347,0.005829042676531785,0.01344875685756309,0.0010202244515227815,0.0010298193066609845,0.007911576364440532,0.016081948079087006,0.015293763441761372,0.0037312324751072753,0.006006439740635891,0.01484973100409663],[0.001579025896015357,0.018411476150429266,9.100301571156776E-4,0.002036221368554654,0.001942627355296544,0.0016931250069033138,0.002837271963195616,0.0019178309871756576,2.831245908990555E-4,0.014154078707928383,1.0,0.0015723908155632097,0.0020309066336201657,0.007637366137385618,3.2831517033081144E-4,0.017638635633251982,2.0566140746789753E-4,0.026855249873860506,0.0025823565266406487,6.603207529225048E-4,0.0012771591754189638,0.0027487505543551507,0.002001448941199912,0.001946051770988711,0.0012083278344638757,0.0025547268150625754,0.0017051119751808263,0.001979196074420436,0.0020872658018447204,0.0019893639099955317,0.006377386831147075,0.0016867477264668402,0.008268807531428269,0.001140064280450237,0.001763941854758262,0.0014921406445465729,0.004356527197849099,0.004113341669811287,0.002294228423468456,0.0017052757161843957,0.003439220089212129,0.008454517863276877,0.001539801981558463,0.0011836562069620976,0.0013767611684566755,0.0016493185058827336,7.858297708909013E-4,0.001599001554697413,9.306643983908586E-4,0.0021633321434314516,0.001008996209487925,0.0018130073152847657,0.0022870944519526194],[8.318341578662526E-4,0.022382573396361,5.50054551168115E-4,0.0017504510821115017,0.001007921390537736,5.910482486580892E-4,0.009770937522654344,6.075482345466451E-4,4.166084177582814E-4,0.00400959344436622,0.0015723908155632097,1.0,6.613887659007892E-4,0.02690243530427065,6.637684818265058E-4,0.03203998360144612,5.876313112881091E-4,0.0382388804393902,0.002561590099936551,7.054388870062181E-4,2.98303961832102E-4,0.0023996975086963933,0.0010268631295629294,9.116417368986887E-4,5.53866354096052E-4,0.002834926627146683,5.118507241384865E-4,4.367079906015289E-4,7.849173123668018E-4,6.352994671445684E-4,0.0044735426014139,0.0012603092774117696,0.0035344734819199573,6.064459950444183E-4,8.614925102607644E-4,5.987718632684581E-4,0.00559304854614818,0.004107476951727971,0.0019711784780121104,4.7965514249813466E-4,0.003931181975413849,0.01007202436322992,6.010589856447979E-4,3.3959406267632466E-4,4.068142817898771E-4,6.516113108417375E-4,1.9401844101069843E-4,5.705091071852234E-5,4.882487525295797E-4,2.0359492141635741E-4,5.083341221962154E-4,1.682167317560883E-4,4.6164195043524596E-4],[6.671975672707109E-4,0.012171070772010241,1.886017985752947E-4,0.0014172841409675024,7.931857024749815E-4,4.4753682116673943E-4,0.009287306173569574,2.6388496512084E-4,2.214669239576075E-4,0.015621990741437787,0.0020309066336201657,6.613887659007892E-4,1.0,0.004025855828076346,2.457163442494045E-4,0.020183569892717464,2.1981788387809878E-4,0.00916610361572414,0.0034879391988927658,3.3262817014371597E-4,4.247174137067644E-4,0.0024046964535447144,9.751377019030507E-4,7.602483509004227E-4,2.6794831736013904E-4,8.448581140947482E-4,2.0856973196607667E-4,4.3541558406092124E-4,0.0012705800016636617,2.1731517746839362E-4,0.009074935385898517,0.0015334683148508343,0.010888162527075784,4.470536637333337E-4,0.0011641409711562426,1.599902824560542E-4,0.008473405558022739,0.005451692364877216,7.492571392287927E-4,1.886495522775177E-4,0.0015068632560760273,0.0033973081722401812,4.1288365345611665E-4,3.5168829617900706E-4,3.572440898786455E-4,1.9494603635955666E-4,6.247172444473337E-5,2.444262445727558E-4,3.880273643273312E-4,2.248588945574692E-4,4.013140954268443E-4,1.716333351890516E-4,2.445141965476084E-4],[0.02205675329275176,0.02857142857142857,0.022175216679045002,0.02214919175393838,0.023180829965708957,0.015220726724929266,0.012718704545529548,0.006132785809101118,0.007639988621789342,0.024803203433511088,0.007637366137385618,0.02690243530427065,0.004025855828076346,1.0,0.006814984796678893,0.03324205508005208,0.024751585590923376,0.036037949520390994,0.021834105930938125,0.021581617093112078,0.018398965576760677,0.009739610665417854,0.001967812407984236,0.021164635279105934,0.0030531962334451293,0.021538339664227718,0.013045082684484339,0.016176280276095547,0.010282990944843699,0.023205587899977304,0.027243485873937177,0.022415353794067568,0.027953659457953976,0.0037630920354104766,0.004292054958730498,0.01735402422139416,0.02231919653244115,0.017135636958191893,0.0024103541415326384,0.013675728241995283,0.012183301367654682,0.022107033403106168,0.008360835606706776,0.025980592718424417,0.013742134293582385,0.015474856788379038,0.028497003771802965,0.004388584299322763,0.014112016708263436,0.005796006621529454,0.009429084420093686,0.008148983641500856,0.005054924299244797],[0.0010191980983450277,0.00605409173573654,1.3013240924587637E-4,0.0019667317064083513,8.725243497062906E-4,1.262063432855434E-4,0.0011500356241031652,7.629717394864027E-5,6.433172522397567E-5,0.0060974897836237815,3.2831517033081144E-4,6.637684818265058E-4,2.457163442494045E-4,0.006814984796678893,1.0,0.05633825460608638,3.058187902818787E-5,0.04259506995212119,0.0033071789313629443,1.911126176837366E-4,8.10023698842605E-5,0.0028705434365707983,0.0010834484929469,5.788630866850479E-4,1.419823507362616E-4,7.921310251697661E-4,1.0298165108019306E-4,1.7633476596906145E-4,2.094796961376617E-4,1.4494604105281712E-4,0.011032250373631413,1.1185514795610527E-4,0.005279763942924762,4.149903162269467E-4,0.0012043937698182907,1.0215676245245038E-4,0.009438454724165381,0.0016676005910563636,0.0018300669664861006,4.392963862564879E-5,0.002176307825032433,0.007616704044669438,1.1138523250797539E-4,2.2960322209615195E-4,1.1349000344597338E-4,3.37948579544147E-5,7.546831198455931E-5,7.16939174916959E-5,1.4801529070039088E-4,5.923603940917848E-5,5.153517944121671E-5,1.30399471812731E-4,5.006181307747264E-5],[0.06120977138545665,0.039903829417722345,0.07317730607644707,0.05918879819816813,0.017166002493957853,0.02819205617367932,0.04233392734936416,0.06928043360935884,0.005489192570307121,0.0632652653703134,0.017638635633251982,0.03203998360144612,0.020183569892717464,0.03324205508005208,0.05633825460608638,1.0,0.07024098388433729,0.06266327629346079,0.06418215780290457,0.04286101383966298,0.011624977716765404,0.052157713072893415,0.012294800469523021,0.04689928047869705,0.058631834677848,0.009319577804414881,0.009725813322370932,0.06483850903522158,0.03687872941789714,0.010103801161733043,0.03239111306026503,0.05181109786398307,0.044269117340898,0.0687926571645248,0.027323463617097653,0.07498849964350322,0.05208493306588395,0.060199150208087984,0.02575994457599735,0.041315365478341026,0.03153185523770617,0.06385666876218735,0.07576455519900946,0.028629883936872477,0.01459088842197261,0.061867609581041004,0.05624766635021077,0.01797191414808212,0.0036422532125230975,0.005605927313539383,0.07074394626467637,0.06756187686077901,0.06560795383243291],[9.585397291851772E-4,0.006921419241419592,4.374168610728149E-5,7.999475463223366E-4,2.2860104036040522E-4,4.8719880430721545E-5,0.006336754151142707,1.4537556583060781E-5,5.372063153556506E-5,0.014263123317623826,2.0566140746789753E-4,5.876313112881091E-4,2.1981788387809878E-4,0.024751585590923376,3.058187902818787E-5,0.07024098388433729,1.0,0.026565779343929986,0.004021516897996201,3.093943351835077E-4,1.00997252141251E-5,4.0267750827487165E-5,2.6315150837489826E-4,6.017262641260307E-4,1.224625179549425E-4,4.909793153375256E-4,3.864839233255822E-5,2.894260122537827E-4,7.226031493513457E-4,9.059446810915934E-5,0.006297861908786995,3.266259382019991E-4,0.0061764909472279885,4.034937237272814E-4,5.463720051553731E-4,1.7969345246034764E-5,0.007329315725093335,0.014148476037717421,9.910902707691747E-4,1.7192092741165137E-5,0.002760265663492918,0.0056323561767049335,1.0910812592535001E-4,8.825555342476228E-5,1.5945158830494764E-5,1.652276728330889E-5,1.88022210567549E-5,2.3572560379956397E-5,2.8552400605710856E-5,1.2080006713711938E-5,4.1074489236446514E-5,9.098271408268887E-5,2.403034454719641E-5],[0.025314091469999377,0.03249879176429538,0.007772561198774264,0.03597930418954136,0.02365840759038416,2.0421841935682172E-4,0.018145760089820575,0.032748251267416255,0.004862837315865244,0.03744643276354257,0.026855249873860506,0.0382388804393902,0.00916610361572414,0.036037949520390994,0.04259506995212119,0.06266327629346079,0.026565779343929986,1.0,0.006945085547801627,0.04344076164747339,0.011768515823308257,0.01612560999246612,0.034813154837965946,0.02867538673230066,0.019437818980990677,0.00999909145556491,0.04043102548755008,0.036982923781368617,0.005709118582599106,0.03493028039283217,0.03544686041588076,0.019895630437847256,0.03607050890226859,0.007119797373411604,0.04000851017786189,0.006645520204968563,0.015403814660060494,0.030417837247709398,0.03169240816505639,0.0026007888873604496,0.017382218136000237,0.03388508801277552,0.013716699293012788,6.294413388586984E-4,0.01642428251968462,0.023677887360184353,0.04261673734856879,0.029691356401752633,0.023284758925948317,0.013361221172089306,0.04082452762674175,0.019530355707258005,0.0029999504203428815],[0.003531641826821653,0.020513402493173946,0.0034448326324797943,0.004136201765405917,0.0036521072450996298,0.0010684345942545094,0.008139758563180876,0.0035195913216121244,0.0021045825720903823,0.005551203845016031,0.0025823565266406487,0.002561590099936551,0.0034879391988927658,0.021834105930938125,0.0033071789313629443,0.06418215780290457,0.004021516897996201,0.006945085547801627,1.0,0.004242766684543039,0.004300884664842693,0.0032399591303098017,0.003345462544180666,0.003993979854416728,0.003449259072847843,0.004010910660445088,9.216476704931412E-4,0.003063244427413583,0.0033779162387836898,0.0015161053662252851,0.0048685906135020485,0.0022138560428185848,0.004923066302462454,0.004257928360637039,0.0020339875414196545,4.601482730325968E-4,0.01033595219362313,0.006812766002225796,0.0041273371084857395,0.002866376453800986,0.004101357985128498,0.004459512070354877,0.002395869931323084,0.002454139464559105,0.0036390670670184517,0.003948493035009267,0.0016651115585020972,0.0033649702554788643,0.0017173125918736414,4.5852477794573195E-4,0.003659077634836503,0.0014614308311674254,1.483016792681799E-4],[7.694955795049687E-4,0.02506935689307248,3.2156315932545764E-4,6.502349438642441E-4,8.005174373316001E-4,2.855343672864821E-4,5.844010461603263E-4,3.2311787209298863E-4,1.1272596659102341E-4,0.01058810075307685,6.603207529225048E-4,7.054388870062181E-4,3.3262817014371597E-4,0.021581617093112078,1.911126176837366E-4,0.04286101383966298,3.093943351835077E-4,0.04344076164747339,0.004242766684543039,1.0,2.318484821283577E-4,0.0029166013996607403,6.979278642986291E-4,7.386436805831377E-4,2.7376987802457057E-4,0.00166274343810691,1.771552112172006E-4,3.770581766980573E-4,0.0012025364945096653,3.2805768919160784E-4,0.00792138775264046,8.006673129433854E-4,0.004437145722168674,3.546140160449235E-4,0.0012771201623607066,1.7473847597506093E-4,0.009499527450214575,0.0026963903222624775,0.0012778773302540493,1.3737974709783612E-4,0.0026789055156085043,0.008824518268667755,3.1406335520564377E-4,3.28809495792376E-4,3.256918318766856E-4,3.0006182046168396E-4,1.1595476988544974E-4,1.8343087712465524E-4,2.607222942960942E-4,3.063316343669342E-4,5.110360639606864E-5,2.570446878117278E-4,2.6824012669009553E-4],[1.3776645499600983E-4,0.0100268311727625,9.151162506782126E-5,0.0014173649568327397,6.938314004914258E-4,3.927643342684576E-5,0.006580930087107934,1.1605467488310066E-5,3.6381974741727874E-5,0.01663531891763125,0.0012771591754189638,2.98303961832102E-4,4.247174137067644E-4,0.018398965576760677,8.10023698842605E-5,0.011624977716765404,1.00997252141251E-5,0.011768515823308257,0.004300884664842693,2.318484821283577E-4,1.0,1.4684099446863306E-4,0.0012684519417632378,1.341694552294587E-4,1.498761841253814E-4,5.602540550784978E-4,1.930561824727274E-5,2.2634394468494493E-4,8.348528707813093E-4,1.145565518204189E-4,0.010060704951073349,1.4254779400404264E-4,0.006539616946580922,3.8309912773559573E-4,0.0010362464443963062,4.5181104974473124E-5,0.005504062418030257,0.008727363665129075,0.0018688331435449091,1.032201191830698E-5,0.0038474422609532837,0.0035478123633585325,8.597264613487097E-5,8.546135939386008E-5,6.779470330168926E-5,1.443463370450178E-5,2.0961753148224103E-5,2.2308927873219167E-5,1.2523999802289918E-4,1.0071637179871109E-5,2.917108655158489E-5,1.3378102083487592E-4,2.0812879211471138E-5],[0.0029085971767139297,0.0245401830956937,0.0014118557938035377,0.002907466010781304,0.0014066570618988773,5.818387615937196E-4,0.003713252672274282,0.0030146588088072394,8.991901386554456E-4,0.015230313758511773,0.0027487505543551507,0.0023996975086963933,0.0024046964535447144,0.009739610665417854,0.0028705434365707983,0.052157713072893415,4.0267750827487165E-5,0.01612560999246612,0.0032399591303098017,0.0029166013996607403,1.4684099446863306E-4,1.0,0.0030166733217851004,0.0022583824111725437,0.003031590387498097,0.0034882243395123673,0.0022313441119632656,0.002793403059062589,0.0022442183266977627,0.001740231944419232,0.012841740930869285,0.0022360369145430483,0.0064189737741917555,0.0010171238214161326,0.0021346721311301916,0.0010740496029141339,0.007115925479724358,0.012167033586540955,0.0023591566507790243,0.001025531791526765,0.0031612259454424987,0.004710206937158533,0.002134848381257128,0.001296495242092478,0.002026796704622046,0.0012490488561845076,0.0020888625262982566,0.0029421180727716273,0.0020182612687630885,0.0014782120719553,0.0029457995217663777,5.418046173923114E-4,0.002899303265568758],[0.001406359381810571,0.02725382149585062,0.0015374162638719332,0.0017962413594407335,0.0012772731558402055,8.061599870284171E-4,0.003314240775153413,9.957530006419626E-5,0.0013628642962727657,0.004377347957469524,0.002001448941199912,0.0010268631295629294,9.751377019030507E-4,0.001967812407984236,0.0010834484929469,0.012294800469523021,2.6315150837489826E-4,0.034813154837965946,0.003345462544180666,6.979278642986291E-4,0.0012684519417632378,0.0030166733217851004,1.0,0.0014065829688045509,8.291163588890637E-4,0.002645936507357885,0.0012883711706462968,0.0014823067998924466,0.001521009582683141,7.724704297573431E-4,0.017437657756140968,0.0015920426162437118,0.01005179859736809,0.0014218536851928637,0.0015841323132199556,7.547535584594964E-4,0.005480259422558069,0.012806057020303945,0.0021447476822086162,0.00115849619690562,0.0036154746514885892,0.002307467221135702,4.868955435187733E-4,5.207133082058263E-4,0.001132816976234479,7.705651373634975E-4,0.0014136441165384854,8.923591989044091E-4,0.0010484014372132127,3.9984899046356995E-4,0.0013424907216132787,0.0013821007332016258,0.0013360441658573701],[0.0013917269706388705,0.01725661937065592,0.0010782308286422227,0.0016817937417692686,0.001233230152717054,8.072920178829454E-4,0.009639062548541799,8.487611962414168E-4,1.740965241998753E-4,0.013429213780418385,0.001946051770988711,9.116417368986887E-4,7.602483509004227E-4,0.021164635279105934,5.788630866850479E-4,0.04689928047869705,6.017262641260307E-4,0.02867538673230066,0.003993979854416728,7.386436805831377E-4,1.341694552294587E-4,0.0022583824111725437,0.0014065829688045509,1.0,0.001019758632552008,0.0024660941908956615,9.569177827118794E-4,4.7798977531068453E-4,0.0013442756839813473,3.1280092882224374E-4,0.014103563873279363,0.0014010771579753723,0.0024991700847988496,0.001098510843387738,0.0013938500740407758,4.1756148549773034E-4,0.001876101725716183,0.014112858306925425,0.001659226144501707,1.258066483077052E-4,0.0014349137837240545,0.009778944242620298,0.0011811149303836144,4.207429086439422E-4,2.489242351548881E-4,0.0013037669495839306,8.408169716461525E-4,7.487572588595637E-4,9.054571011858036E-4,3.397818677295388E-4,9.632621348453208E-4,5.786660783920626E-4,9.927723043071484E-5],[2.3758231492631123E-4,0.012528293129625973,1.426021012587358E-4,0.0012083234759582165,6.330412234701824E-4,1.398300720760364E-4,0.0036657722199807848,1.1916253728844957E-4,7.935810782587364E-5,0.006205653590052506,0.0012083278344638757,5.53866354096052E-4,2.6794831736013904E-4,0.0030531962334451293,1.419823507362616E-4,0.058631834677848,1.224625179549425E-4,0.019437818980990677,0.003449259072847843,2.7376987802457057E-4,1.498761841253814E-4,0.003031590387498097,8.291163588890637E-4,0.001019758632552008,1.0,0.002674032760360664,1.430747979097357E-4,3.3407577639636303E-4,8.741804933553608E-4,1.546354842640065E-4,0.002839290192196827,0.0013776308835716012,0.0030825972201441194,3.787769576592497E-4,0.0014108249818495155,1.438252130845933E-4,0.01009430854801476,0.007017114929410864,0.001931484575688515,1.428881804327412E-4,0.0015207329450624351,0.005159549365639891,2.1052052881307445E-4,3.147348981382197E-4,1.176890313967323E-4,1.4646678182812938E-4,1.292999806769036E-4,8.02159006611901E-5,1.5808979421116998E-4,9.965017296514197E-5,7.72862308315396E-5,1.5299352747196715E-4,5.794244589095895E-5],[0.003010691970987279,0.02306561673507635,0.003496974565813639,0.002465954405383731,0.003620712899724111,0.002712471343987068,0.007166198841094394,9.775024787579839E-4,0.0032948272402305895,0.0059457002870949615,0.0025547268150625754,0.002834926627146683,8.448581140947482E-4,0.021538339664227718,7.921310251697661E-4,0.009319577804414881,4.909793153375256E-4,0.00999909145556491,0.004010910660445088,0.00166274343810691,5.602540550784978E-4,0.0034882243395123673,0.002645936507357885,0.0024660941908956615,0.002674032760360664,1.0,1.525972096852913E-4,0.00282452050185244,0.003358968915534225,0.0035796620690381115,0.017158621652161678,0.0032487229731394543,0.008244584309588902,9.392746418455023E-4,0.003485536186961933,0.0013396123560666226,0.010964834638558518,0.005194672463683389,0.0033291870035075783,0.0032917313898295315,0.0039897658638347235,0.008413182152430511,0.0021027153214645297,0.002241411727821857,0.0030423800016614357,0.0022944246255409786,7.143883536960831E-4,0.002574042906014662,0.001405794697517835,0.001593514300312416,0.0032156836001633973,0.0012642749805057418,1.825851746403432E-4],[8.273352792864802E-4,0.023381720241541167,1.1349971226746844E-4,0.0018870246492255765,6.849306807356839E-4,1.220605416308204E-4,0.0038217028972213694,1.6582472322786288E-5,9.604698809099426E-5,0.008063305215272055,0.0017051119751808263,5.118507241384865E-4,2.0856973196607667E-4,0.013045082684484339,1.0298165108019306E-4,0.009725813322370932,3.864839233255822E-5,0.04043102548755008,9.216476704931412E-4,1.771552112172006E-4,1.930561824727274E-5,0.0022313441119632656,0.0012883711706462968,9.569177827118794E-4,1.430747979097357E-4,1.525972096852913E-4,1.0,1.5622558167292002E-4,0.001189564386710346,1.1837288443259239E-4,0.012091698902804066,4.1575374773849557E-4,0.011954399740229636,3.52549566769874E-4,9.773369987225995E-4,1.1088031148658603E-4,0.004845996278432696,0.0071756216840994,0.0015590975724264413,7.214552383482775E-5,9.663552262739679E-4,0.004090884273362744,2.5893729818862537E-4,2.857415210424694E-4,1.1370261320730785E-4,4.9779440517696714E-5,2.3076127176667947E-5,8.74970954338247E-5,1.1367129260752082E-4,3.767734803093673E-5,9.208431980716938E-5,1.526742944703392E-4,1.004724825808863E-4],[0.0013755265179212722,0.020872699345505095,3.7541468148671983E-4,0.0010323692921292464,9.073759762424362E-4,2.1588039005439964E-4,0.0016207391590849765,1.4904803269183333E-4,1.0585149465705462E-4,0.015144463668775683,0.001979196074420436,4.367079906015289E-4,4.3541558406092124E-4,0.016176280276095547,1.7633476596906145E-4,0.06483850903522158,2.894260122537827E-4,0.036982923781368617,0.003063244427413583,3.770581766980573E-4,2.2634394468494493E-4,0.002793403059062589,0.0014823067998924466,4.7798977531068453E-4,3.3407577639636303E-4,0.00282452050185244,1.5622558167292002E-4,1.0,8.645063623986233E-4,2.1155626302498315E-4,0.011844779956300512,0.0013237661119167763,9.234455068117267E-4,4.1872867270152875E-4,0.0012943317894705628,3.3193720951497105E-4,0.00209047857038335,0.0016251978104709678,0.001468098237209641,2.403962639705181E-4,9.053183696649093E-4,0.002522092940173745,3.067457596064842E-4,3.3462856562935624E-4,2.8143272699456467E-4,1.0336785548876059E-4,3.769982307270356E-4,3.6888610744487767E-4,2.29240356516939E-4,2.3773606975235903E-4,3.435164020668181E-4,3.959002611841348E-4,3.321898477074207E-4],[0.0013406978927108656,0.0027891955157329285,4.774947995400469E-4,0.001861353164260718,0.0013170283114162338,3.369334962587617E-4,0.0031719412423590735,9.607066220396978E-4,8.825488646738906E-5,0.008364340676234806,0.0020872658018447204,7.849173123668018E-4,0.0012705800016636617,0.010282990944843699,2.094796961376617E-4,0.03687872941789714,7.226031493513457E-4,0.005709118582599106,0.0033779162387836898,0.0012025364945096653,8.348528707813093E-4,0.0022442183266977627,0.001521009582683141,0.0013442756839813473,8.741804933553608E-4,0.003358968915534225,0.001189564386710346,8.645063623986233E-4,1.0,4.5689576795956857E-4,0.005267279238829222,0.0014069588586343368,0.0032809741657380815,4.817488396411202E-4,0.0015440989226443618,0.0010006153266665756,0.0042992921893282325,0.011943398031728834,0.0018145473658409904,5.119193761968409E-5,0.00376105707101472,0.010200398508261896,0.001057227273673811,3.6973899613439474E-4,8.274749044319243E-4,9.147628881066546E-4,1.5996168012099028E-4,6.218333489875165E-4,0.0011215275264006097,7.011141221333792E-4,3.6882338209092455E-4,7.487887392693797E-4,4.994231471347736E-5],[4.909879380590079E-4,0.010836471306075606,1.3848546546758772E-4,0.001250595866826473,6.494222900175334E-4,1.472323939774714E-4,0.008227582252094521,3.255108707221153E-5,8.990815007495952E-5,0.012663179513332847,0.0019893639099955317,6.352994671445684E-4,2.1731517746839362E-4,0.023205587899977304,1.4494604105281712E-4,0.010103801161733043,9.059446810915934E-5,0.03493028039283217,0.0015161053662252851,3.2805768919160784E-4,1.145565518204189E-4,0.001740231944419232,7.724704297573431E-4,3.1280092882224374E-4,1.546354842640065E-4,0.0035796620690381115,1.1837288443259239E-4,2.1155626302498315E-4,4.5689576795956857E-4,1.0,0.010051555426994652,2.954420858382567E-4,0.0111432456264548,3.264539469684485E-4,4.1386067586694807E-4,1.1223469002763357E-4,0.0034171691659686996,0.00665890535738033,0.0013598299084896775,1.0467757777666846E-4,0.0011152601514472042,0.0016806266081166876,1.7302869747432402E-4,2.0112822860925657E-4,1.3622284148745271E-4,1.0937058960888723E-4,1.2434295102542345E-4,7.844001894785296E-5,1.8017672286554752E-4,1.4625135486727428E-4,9.562477817249795E-5,1.5546404574096444E-4,1.4583819212042522E-4],[0.005753045901077471,0.02342525652981314,0.020003291549116564,0.0034333440213755095,0.017916268320308917,0.021196710452729917,0.010060686236862756,0.004760684991789977,3.377760929460575E-4,0.017201244296387547,0.006377386831147075,0.0044735426014139,0.009074935385898517,0.027243485873937177,0.011032250373631413,0.03239111306026503,0.006297861908786995,0.03544686041588076,0.0048685906135020485,0.00792138775264046,0.010060704951073349,0.012841740930869285,0.017437657756140968,0.014103563873279363,0.002839290192196827,0.017158621652161678,0.012091698902804066,0.011844779956300512,0.005267279238829222,0.010051555426994652,1.0,0.008886111570373098,0.017352737300519665,0.004335416869852768,0.020338561960252403,0.0013155169683120153,0.018834659589844444,0.017073941067432593,0.010947965702105924,0.007244292638876844,0.011235311058892864,0.020667238306947548,0.01433712309177322,0.010579185013257643,0.011566319264938913,0.004860237157548556,0.020947725592872318,8.29256806423411E-4,0.007295035959382439,0.011051799658186395,0.0014650025533615731,0.011458365695144322,0.004787942064809252],[0.0015620701253578457,0.00815935455654428,8.937880034604428E-4,0.0019679132113940875,0.0012079856102211008,0.001417711789105539,0.004265143589761747,0.001236043310290641,0.0011710205029834544,0.00799827132331448,0.0016867477264668402,0.0012603092774117696,0.0015334683148508343,0.022415353794067568,1.1185514795610527E-4,0.05181109786398307,3.266259382019991E-4,0.019895630437847256,0.0022138560428185848,8.006673129433854E-4,1.4254779400404264E-4,0.0022360369145430483,0.0015920426162437118,0.0014010771579753723,0.0013776308835716012,0.0032487229731394543,4.1575374773849557E-4,0.0013237661119167763,0.0014069588586343368,2.954420858382567E-4,0.008886111570373098,1.0,0.004794112034276302,0.0010661238691293997,0.001578691750027812,0.0012821029474605228,0.002262835443272748,0.004119674450961678,0.002002172990835353,4.872996907234025E-4,0.003293820789394413,0.006378029063991206,7.673577418212159E-4,0.0013648727534839365,0.0014448588612006696,0.0010039989252070714,4.035628233553703E-4,0.0015501685226141895,2.639762994781287E-4,8.390666656930338E-4,6.88124212516106E-4,4.861017961945152E-4,6.779605587790532E-4],[0.005209194732000503,0.02365333387378036,0.002098124992694791,0.011547615214533725,0.01111233795470391,0.005066564441951708,0.011785847337391053,0.006752021696839549,0.01211718522563677,0.014078669900723581,0.008268807531428269,0.0035344734819199573,0.010888162527075784,0.027953659457953976,0.005279763942924762,0.044269117340898,0.0061764909472279885,0.03607050890226859,0.004923066302462454,0.004437145722168674,0.006539616946580922,0.0064189737741917555,0.01005179859736809,0.0024991700847988496,0.0030825972201441194,0.008244584309588902,0.011954399740229636,9.234455068117267E-4,0.0032809741657380815,0.0111432456264548,0.017352737300519665,0.004794112034276302,1.0,0.002041177007425065,0.0024544790095952403,0.008443663347758862,0.013172276668741444,0.014368831815696871,0.00408596210330014,0.012426354772618279,0.008227035525214504,0.010810883521957967,0.0012682370789851515,0.005334412011313017,0.011297360811748343,0.002749238650452618,0.005432270461075789,9.919314049045048E-4,0.005587121580737928,0.0066601626607986466,0.006083007402189746,0.002544464787959651,0.008834886377265273],[0.001023313406508949,0.0192019467740591,2.9363876090329364E-4,0.001649078092121053,6.749314709623747E-4,2.1779896192968722E-4,0.00573546168926933,3.8605600018843907E-4,2.961581073316327E-4,0.007928243246697535,0.001140064280450237,6.064459950444183E-4,4.470536637333337E-4,0.0037630920354104766,4.149903162269467E-4,0.0687926571645248,4.034937237272814E-4,0.007119797373411604,0.004257928360637039,3.546140160449235E-4,3.8309912773559573E-4,0.0010171238214161326,0.0014218536851928637,0.001098510843387738,3.787769576592497E-4,9.392746418455023E-4,3.52549566769874E-4,4.1872867270152875E-4,4.817488396411202E-4,3.264539469684485E-4,0.004335416869852768,0.0010661238691293997,0.002041177007425065,1.0,8.376579668992097E-4,3.4129430221118757E-4,0.009250334526842176,0.01192266920562245,0.002129026980726368,4.837239922950273E-5,0.003771557185899951,0.0026373539073572803,3.225011010989133E-4,3.566863772826759E-4,1.2114038818188949E-4,3.175628901488915E-4,2.952210620271997E-4,3.59595341733533E-4,2.730337767075173E-4,9.643816539089536E-5,3.779588750447556E-4,3.2845553783051955E-4,2.302414773484145E-4],[0.0015145257654465792,0.011727974519736978,8.632168034743325E-4,0.001790595668447324,0.0013036848264831554,8.305710844382425E-4,0.005785067984716616,0.001408161079723601,9.534650495579878E-4,0.01198082107193316,0.001763941854758262,8.614925102607644E-4,0.0011641409711562426,0.004292054958730498,0.0012043937698182907,0.027323463617097653,5.463720051553731E-4,0.04000851017786189,0.0020339875414196545,0.0012771201623607066,0.0010362464443963062,0.0021346721311301916,0.0015841323132199556,0.0013938500740407758,0.0014108249818495155,0.003485536186961933,9.773369987225995E-4,0.0012943317894705628,0.0015440989226443618,4.1386067586694807E-4,0.020338561960252403,0.001578691750027812,0.0024544790095952403,8.376579668992097E-4,1.0,6.386148521699884E-4,0.003761102114972441,0.004121265618426257,0.0017317858499025802,0.0012311201187466452,0.0037002179138129632,0.007660199601168,4.1536536162833194E-4,8.034093864942358E-4,3.169708856772147E-4,0.0013400423430934298,4.248217960867115E-4,0.0013917714903019845,5.209896083504165E-4,6.814283995375179E-4,5.475492049775324E-4,8.665391978044466E-4,0.0013251481330562615],[0.0012842165482438669,0.017616646187243155,1.0772988331423678E-4,7.313627752967798E-4,5.492211746533912E-4,1.1735359717613227E-4,0.0036772382405722954,1.9395402288720026E-5,7.066816572398642E-5,0.008306134074037094,0.0014921406445465729,5.987718632684581E-4,1.599902824560542E-4,0.01735402422139416,1.0215676245245038E-4,0.07498849964350322,1.7969345246034764E-5,0.006645520204968563,4.601482730325968E-4,1.7473847597506093E-4,4.5181104974473124E-5,0.0010740496029141339,7.547535584594964E-4,4.1756148549773034E-4,1.438252130845933E-4,0.0013396123560666226,1.1088031148658603E-4,3.3193720951497105E-4,0.0010006153266665756,1.1223469002763357E-4,0.0013155169683120153,0.0012821029474605228,0.008443663347758862,3.4129430221118757E-4,6.386148521699884E-4,1.0,0.008702058541815022,0.012759481671883443,0.0017134038648629717,8.030554030312505E-5,0.0014347570787680843,0.00874612286782963,2.4193561078417E-4,2.0655761701005344E-4,1.0616755402707793E-4,7.619257030668342E-5,8.577462646728791E-5,6.428221437213681E-5,1.2747663859026081E-4,1.0166963082211317E-4,8.722252620792375E-5,1.1255078490633395E-4,7.300330726922785E-5],[0.008361961676391657,0.013788691943612711,0.011257127253709363,0.009949662080036436,0.005491991902001532,0.003025247301916