[[1.0,0.041554966497748334,0.024086565865600873,8.618701469852316E-4,0.030210656563160774,0.0015032350322726187,0.014205400800957255,0.003289174529353549,0.01086133291142426,0.012139672817846014,0.02878420851072273,0.02134203830775037,0.038315610883226825,0.030273195827045102,0.029626312995048816,0.016496027848008955,0.010632246728695626,0.03865271625020873,4.774624585965079E-4,0.007616214406941705,0.040879591017546374,0.0392120611641812,0.03519882057310332,0.007699330459436389,0.01915621786341221,0.015807801171008398,0.003525551722825558,0.012716585588227924,0.018838649270618228,0.03417988687136049,0.034842705626775126,0.01472342150135579,0.013168756104627774,0.019778507860274727,0.03601154054302057,0.031906002038999674,0.02465344005739593,0.026075219631334256,0.005568956438826056,0.027452766361172967,0.028416253071936938,0.03890409259998935,0.00432765028856007,0.0057553307192836165,0.023462936323398745,0.02035448068675138,0.007000328151020824,0.007000183623380269,0.031131821683224654,0.022398599081073563,0.004970575973319645,0.025589087881564183,0.03268099972706205],[0.041554966497748334,1.0,0.0015873815740344158,1.8321473837990828E-4,0.0024182206590727608,0.0012405702173085898,1.5721819604101644E-4,0.0028208337569712435,8.164738759145E-4,0.0023959859862591115,0.002411855998232446,9.195724716004229E-4,0.0029655032178905727,0.0037300008889182166,0.013565618258648049,0.002195377185982181,0.002697362157937333,0.0029258263691980153,0.003004345377069276,0.002479433042285474,0.008318655806033649,0.0019712362478322243,0.003377815534213767,0.001915485344755766,0.0025416893292667915,0.0029013275016836456,0.0028933970399552195,0.002861401102799588,0.014147660608599698,0.0051822043988490885,0.0024401861538356166,4.074274957053416E-4,4.4650913766291686E-4,3.93828046563912E-4,2.104923933283644E-4,0.005803473135789503,0.0029734435765487056,0.0029195788192404445,0.002740825366316488,0.0011572274224255611,0.0029689151582209168,0.002148806741023572,0.0019178594891518601,0.0017253254113302919,0.0015580459526026423,0.0030120481927710845,0.006033572611147222,0.002777540926825812,6.531077319435265E-4,0.001295008283838821,0.0019353512757167785,0.0028988131872491356,8.423326594396572E-4],[0.024086565865600873,0.0015873815740344158,1.0,8.472185571246878E-5,0.001181180131603348,9.484878916502463E-4,6.943209899002569E-5,2.750096605769667E-4,2.0526171087040886E-4,4.3020454144331494E-4,3.25832596049973E-4,8.498745605883836E-5,6.855591700306132E-5,0.0026636495143061794,0.021666110582753473,0.0012617129052228746,1.5461083638934985E-4,6.364332241704986E-4,1.7143510703095013E-4,2.8087254576977057E-5,0.004339886857948927,1.1083747956226446E-4,0.0011989714853842713,1.2117208186121218E-4,0.0016045527533392297,1.0267875269961402E-4,3.6618950578856495E-4,3.7675526847305606E-4,0.0038521681828433177,0.001168949417688071,3.865557981280988E-5,9.735148150932487E-5,1.2454598929800148E-4,2.7540250482117564E-4,1.203262172291914E-4,0.014062273898705048,0.0021211478442740915,4.202096190446379E-4,3.0037763030069163E-4,1.1097773559678013E-4,2.077869220236304E-4,3.537932346882746E-5,7.76924923036202E-5,3.493677986619841E-5,5.576272879459668E-4,0.002247528528412124,0.0014538564394783956,1.011187475452326E-4,3.8215008948553806E-4,1.0646890363355042E-4,2.4005886765441178E-4,1.1158097900533838E-4,4.999395624024618E-4],[8.618701469852316E-4,1.8321473837990828E-4,8.472185571246878E-5,1.0,0.0018304546199439569,2.2279447819993815E-4,1.4711007725026468E-5,2.669377722363245E-4,2.0761426733470435E-4,2.1833975140397283E-5,0.001050332388756732,1.3398503465550001E-5,1.3716360822712507E-5,0.0021216765241162516,0.0034637562406642404,3.5244860300994433E-4,4.856820847674471E-5,5.318876026353339E-4,2.1624031715450224E-5,1.6662655927668806E-5,0.0028520185789196618,3.591133233573421E-5,0.004339461669175264,2.581278229112323E-5,3.274287587166088E-4,8.403651443762597E-5,0.0010260116834492055,4.743541993331201E-4,0.005595775546652633,0.0018867126403867716,1.6436537843569486E-5,6.486719586047825E-5,1.793759809979149E-4,3.917353982247632E-5,4.853098170836076E-5,0.0066881990263745195,5.803576708830776E-4,0.001257392584045522,2.4031882666551846E-5,2.4739043521784484E-4,5.192447753987212E-4,1.6494873391501355E-5,2.0591497714117387E-5,1.5211166716598931E-5,3.525029638870731E-4,0.001160714276432918,1.0044501380631325E-4,2.37644685473735E-5,3.103813062326758E-4,3.561400423625358E-5,1.0040691772798708E-4,4.603694904930724E-5,8.28351920146287E-5],[0.030210656563160774,0.0024182206590727608,0.001181180131603348,0.0018304546199439569,1.0,0.0018168152490536551,7.529785243064163E-4,0.0016513284155554252,0.0012462093269779305,7.921582429098086E-4,0.0018975190106008634,4.4798757986694125E-4,8.464482773541816E-4,0.004449113884478885,0.024787149729786788,0.001807786522287828,8.682793258027346E-4,0.0014742157203376737,4.2477981151163254E-4,0.0010751999242006559,0.021629119840578408,1.3459074410513544E-4,0.004056736146523491,0.001613818293898783,0.002002032014512417,4.5848480590137205E-4,0.0018205967820774265,0.0013321624669033986,0.015025384141901271,0.007756088630589341,0.001531120320848333,0.0010741710987077757,0.0014788973256483413,0.0016138798696448333,0.0011425861145507774,0.003792192500662089,0.002086411330326864,0.001798249105219132,5.98556551352905E-4,0.0018768155080368877,0.0018768400868406567,7.475041779176881E-4,3.9008313397868015E-4,3.8801239172394335E-4,0.0014848837520516566,0.002227387115443273,0.00243911566428734,0.0018843263851132034,6.32254282046299E-4,0.0015076365195073264,4.549853987464763E-4,0.0016631474999796,9.846530842097172E-4],[0.0015032350322726187,0.0012405702173085898,9.484878916502463E-4,2.2279447819993815E-4,0.0018168152490536551,1.0,3.4759065465911283E-4,0.0014668642280867145,0.001082855740814654,5.454169773686918E-4,0.0011872190309848533,9.693360276585671E-4,0.0011458454312935993,0.0036242085501746804,0.007964713932723837,0.0014192936405891191,0.0011107774566229166,0.0011302906195408877,5.49188304330338E-4,4.7944302515179896E-4,0.006405253842134206,0.0010413903945066098,0.0011948428602336358,7.24484634128673E-4,0.00127544808834332,1.728043492209127E-4,0.0011625472068453632,0.0012087198105128973,0.014719454784775437,0.0014646137468703746,4.2196745097545043E-4,2.1241832786055522E-4,4.6464190750433775E-4,9.422734137690029E-4,7.001840135084268E-4,0.015754890534960004,0.001596600538988892,0.0013839887595048415,5.797434362306627E-4,3.3622052755853817E-4,0.001782580417494079,1.9821006569065494E-4,6.330537787535861E-4,5.45771774224127E-4,0.0010892756741435019,0.002545980259287194,0.005525193190226232,2.7507853603035346E-4,0.0011221822742276124,6.610441630298397E-4,4.586063183951209E-4,4.6728059521772893E-4,0.0010144177549457377],[0.014205400800957255,1.5721819604101644E-4,6.943209899002569E-5,1.4711007725026468E-5,7.529785243064163E-4,3.4759065465911283E-4,1.0,6.458630130597113E-4,1.3746706419301357E-4,2.800838537930042E-4,0.001133978669545542,1.1974490313654054E-5,1.1404990820417555E-5,0.0011939129144458898,0.002163790346361219,2.6194044838268054E-5,1.0209333928241744E-4,3.007046637157634E-4,5.9692820446422596E-5,1.3233340566751555E-5,0.016316480471001964,5.1709582108765164E-5,0.003756292939721021,7.270567543997606E-5,5.292049782717907E-4,1.0131608823775727E-4,8.972434259212134E-4,3.5961548170066756E-4,0.009249815145536995,8.464844951697016E-5,1.549451155531705E-5,5.0053582917796555E-5,3.2023799237061456E-5,9.751054663065343E-5,1.1577310652577686E-4,0.016606764108161528,0.001324457933855595,8.000764971142802E-4,2.2506843984474134E-4,2.68636596569503E-4,7.795489380574756E-4,1.170543911763198E-5,2.1044141149615383E-5,1.2073705034771187E-5,9.337298181965527E-5,0.0024101371506176058,0.001370183369983016,2.336048476858854E-5,3.248268854809845E-5,3.0112103835631512E-5,2.2518576099009134E-4,1.1642866206527019E-4,3.910187660497557E-4],[0.003289174529353549,0.0028208337569712435,2.750096605769667E-4,2.669377722363245E-4,0.0016513284155554252,0.0014668642280867145,6.458630130597113E-4,1.0,0.0014143776393662918,6.262339231657618E-4,0.0014087604361913073,2.881925668621545E-4,2.2745535136051926E-4,0.0034905475806345987,0.015409553543519331,0.0016194842037047833,3.196766329521501E-4,0.0012186576173764643,0.0011604039545024083,0.0014470262794911881,0.01653017800032886,0.0012711770382449487,0.004523812244010158,0.0011114380866342716,0.002001307054445496,0.0010133106056640364,0.0014061978450800692,0.0014404081119258484,0.01351261321420366,0.005250954008702258,0.0011637678577521137,6.633836895403742E-4,0.001124533126505842,0.0012709226645431706,0.001391812511137078,0.002464356842169979,0.0018943917908423324,0.0014961087197717744,6.850177102107698E-4,6.416943747803638E-4,0.0017713987892772872,1.2453999616507882E-4,0.0011975218443838179,4.4620287777129855E-4,0.0015132091381276714,0.0020272757530841704,0.0023392121016739056,7.579032548186525E-4,0.0014129924283727575,0.001010052571663407,0.0012986398331341232,0.0013111679258233531,0.001098693665976262],[0.01086133291142426,8.164738759145E-4,2.0526171087040886E-4,2.0761426733470435E-4,0.0012462093269779305,0.001082855740814654,1.3746706419301357E-4,0.0014143776393662918,1.0,3.599564604193356E-4,0.001192081168589361,3.8760652382838406E-5,7.991270850465263E-5,0.002841460879370366,0.0019883850740921058,9.258865178642022E-4,1.8903303477168723E-4,5.930323857907012E-4,2.2978995213734376E-4,1.0915609594327155E-4,0.009239445713976854,1.7390755130407685E-4,0.0015542688605244023,1.9649375615467493E-4,4.6800749884589286E-4,1.2934901174218154E-4,5.932538778002175E-4,3.682042007208583E-4,0.015309010335276582,0.006810985682707399,1.0977041665267403E-4,1.697112450854661E-4,2.3121460701177365E-4,2.3613585207405446E-4,2.2918026583703E-4,0.0022051859131138473,0.001450907621516496,5.562556650999946E-4,2.6520569553005626E-4,3.049706660529029E-4,2.5269753840891947E-4,1.764458412337227E-4,1.560867454299321E-4,2.2195995179376206E-4,7.06132544796916E-4,8.438281594665579E-4,0.004499199335422488,2.176424936178447E-4,3.0509101228786404E-4,2.0806417590788634E-4,2.6716130118099846E-4,1.7895160799404687E-4,2.9807718696461794E-4],[0.012139672817846014,0.0023959859862591115,4.3020454144331494E-4,2.1833975140397283E-5,7.921582429098086E-4,5.454169773686918E-4,2.800838537930042E-4,6.262339231657618E-4,3.599564604193356E-4,1.0,0.0012488138452247284,3.7115640387493386E-4,1.1404386859535109E-4,0.0020161757285652965,0.0057698260219830365,8.781962048310416E-4,3.1841548927779293E-4,7.829522649577933E-4,3.2405952034644597E-4,9.341062007554025E-5,0.020838112043350475,3.047325126072553E-4,0.0010580621213022155,2.0922690648252597E-4,0.0019662421510573246,3.6236465327720284E-4,0.001061431840569304,0.001069791219337805,0.011726941175368903,0.007041774982450567,2.7745916268400284E-5,3.8338310592550377E-4,3.9748115980789124E-4,4.6367078759318025E-4,2.1086785063155865E-4,0.010362905488991516,7.181924614276438E-4,7.643528489722354E-4,3.876480446843863E-4,3.9133815199692066E-4,0.0014502837895953404,2.468611243724905E-4,4.614566379487E-4,1.1640017998049645E-4,6.231178539193468E-4,8.287440685939328E-4,0.003782281802827717,4.1830114903118344E-4,4.493209204599595E-4,3.250760423881365E-4,4.501921607700022E-4,1.9398597795370836E-4,7.305210801699811E-4],[0.02878420851072273,0.002411855998232446,3.25832596049973E-4,0.001050332388756732,0.0018975190106008634,0.0011872190309848533,0.001133978669545542,0.0014087604361913073,0.001192081168589361,0.0012488138452247284,1.0,8.796151700957617E-4,3.207099797549666E-4,0.0023931971772723467,0.024566410170208972,0.0016253967835666615,0.0010634987858206982,0.0013418293988525388,5.559241283028127E-4,0.0010548059716079393,0.011445516887393625,0.0012858679538755207,0.0038066611134489935,8.03061408642377E-4,0.0017930530046883146,0.0012085846817824328,0.0013131272370440334,0.001281821781747777,0.013706691578778237,0.0034269830174995727,1.4609317686749098E-4,0.0011129618021962536,9.461022271728804E-4,0.001312292571051111,1.4802352931448566E-4,0.003139725841192347,0.0016797652891116384,0.0013841729190217935,0.0011553846251721328,6.590298826727968E-4,0.0016509572608635478,4.3768158003151635E-4,6.444751155901997E-4,2.9579750678722356E-4,0.0013407420586983823,0.002641079086682133,0.004128036831145035,4.334439520948537E-5,8.578938552812252E-4,0.001312362704511537,0.001144514012160736,7.097395883175693E-4,0.0012065909890913785],[0.02134203830775037,9.195724716004229E-4,8.498745605883836E-5,1.3398503465550001E-5,4.4798757986694125E-4,9.693360276585671E-4,1.1974490313654054E-5,2.881925668621545E-4,3.8760652382838406E-5,3.7115640387493386E-4,8.796151700957617E-4,1.0,1.152047351957691E-5,0.0037154526391174657,0.015099608624917757,0.0016592815541536642,1.4295804093870937E-4,8.340125715977781E-4,2.910216496773518E-5,1.6718289419138098E-5,0.0067308001974529675,8.31079896981636E-5,1.7994869414100832E-4,1.1109376335430798E-4,0.001220462029527273,5.003507591494613E-5,3.857065998507586E-4,7.615645975673818E-4,0.007511545845846621,0.007338433111990231,1.3049110682804568E-5,3.919657689452378E-5,4.6114824661491315E-5,1.1146406416630445E-4,2.5720640671911367E-5,0.003539268035747469,0.002384957355120602,2.2809228298968404E-4,2.7439338934846357E-4,1.6386303757584287E-5,2.1541045037472067E-4,1.1645410317191027E-5,1.7875241799736186E-5,1.1355508781119859E-5,9.812036007738481E-4,0.00121531249218988,6.139745134516387E-4,1.776517480963524E-5,2.0082226359704165E-4,4.3211774575523496E-5,3.0808073109405397E-4,9.198076542786731E-5,7.30050068875341E-5],[0.038315610883226825,0.0029655032178905727,6.855591700306132E-5,1.3716360822712507E-5,8.464482773541816E-4,0.0011458454312935993,1.1404990820417555E-5,2.2745535136051926E-4,7.991270850465263E-5,1.1404386859535109E-4,3.207099797549666E-4,1.152047351957691E-5,1.0,0.0028207573528574986,0.013800865318768677,4.94227564752721E-4,1.394193649577842E-4,6.199694324046759E-4,7.480361606055813E-5,1.3975130699218569E-5,0.018881722845667578,7.778409462916576E-5,5.56002179481095E-4,1.793544703400068E-5,6.280651243195663E-4,2.6116948017310977E-5,2.656951211764438E-4,3.2983087371226967E-4,0.004158148970678829,0.006428117255536775,1.4063957293974687E-5,3.850977357922694E-5,9.188849484649211E-5,1.3924821619744644E-4,1.1853766314243889E-5,0.018096222553392535,8.089574064155973E-4,0.001276930178546694,1.634887873458482E-4,1.0654315185580427E-4,0.001284103428183879,1.1351593614727886E-5,1.67405048538671E-5,1.1098091041644612E-5,8.87415084180474E-5,1.5487757464506294E-4,0.004716219576353177,1.4612944520590011E-5,2.5893656933173993E-4,1.8826054881167013E-5,1.546604110231161E-4,2.554048470007008E-5,2.750939080878362E-4],[0.030273195827045102,0.0037300008889182166,0.0026636495143061794,0.0021216765241162516,0.004449113884478885,0.0036242085501746804,0.0011939129144458898,0.0034905475806345987,0.002841460879370366,0.0020161757285652965,0.0023931971772723467,0.0037154526391174657,0.0028207573528574986,1.0,0.020133635502417195,0.0020995451595550545,0.0028279732157853754,0.004029735702203273,0.002285342333014647,0.0038880682477933433,0.021032175710712947,0.004499031268715224,0.0061002104533389835,0.0019314178351550013,0.0025524617824936617,0.004238245638949041,0.0011754064762126194,0.004225647956047427,0.013515915284539333,0.006397059340194414,0.0037792050963385486,0.0021097904866651156,0.0018907771927827652,0.0010241514630546784,0.004165718921479203,0.009236721402574997,0.0032281114288483428,0.003927939084881441,0.0010738333949439466,0.0016859307624853602,0.004009511040221261,0.0033530611115899834,0.004250708589064066,0.001920060090913304,0.0039221704507596995,0.0037601351057602213,0.006030729434089695,0.003229000195723185,6.546678298041441E-4,0.0038576289750738373,7.468433345201285E-4,0.001223248631379683,0.004593773692590152],[0.029626312995048816,0.013565618258648049,0.021666110582753473,0.0034637562406642404,0.024787149729786788,0.007964713932723837,0.002163790346361219,0.015409553543519331,0.0019883850740921058,0.0057698260219830365,0.024566410170208972,0.015099608624917757,0.013800865318768677,0.020133635502417195,1.0,0.01577592386864337,0.01755850186664818,0.004406797511897807,0.01850348786950454,0.014327538626583328,0.026029949417834635,0.01891875665783124,0.021338617661805035,0.0013429422063704541,0.016749842556590667,0.007363954681847539,0.008125128365742229,0.010505310501508455,0.023942832453195836,0.023086394897322733,0.005623306155468369,0.0018352249209168765,0.018756040409445205,0.0050841720245598295,0.016639999592276366,0.023393385901208773,0.01502100602367023,0.02443399518294209,0.025234022409082617,0.008878014419002654,0.015205018424213231,0.011708164961540219,0.021240257599243213,0.021098227180223122,0.023590905479120013,0.0177724965343996,0.01826463721533375,0.007624736199250376,0.010260928457095364,0.020979299252215637,0.008372919898199738,0.0035933792799903675,0.0149820217019578],[0.016496027848008955,0.002195377185982181,0.0012617129052228746,3.5244860300994433E-4,0.001807786522287828,0.0014192936405891191,2.6194044838268054E-5,0.0016194842037047833,9.258865178642022E-4,8.781962048310416E-4,0.0016253967835666615,0.0016592815541536642,4.94227564752721E-4,0.0020995451595550545,0.01577592386864337,1.0,4.7497231515949403E-4,0.0011834907444245337,0.0017311623968114984,7.785982613357524E-4,0.007523312267094814,7.098915475218901E-4,0.0018839594082628577,4.7677439373915696E-4,0.001892682955959375,4.815796349291368E-4,0.0017476004395841744,0.0012610491719171751,0.005702041265996842,0.0021084773022344745,2.6967794514922664E-4,4.073979501058792E-4,2.3399770120635215E-4,0.0012644134150948659,0.0010646174162007654,0.00573672057654607,0.0023406345152482424,0.0016875304044692248,9.08249199750323E-4,0.0010944062141407683,0.0018111788012626143,0.0010225339337833212,0.0014198351727479402,4.0504209526518023E-4,0.0011375761886393357,0.0027519127743973705,0.0058318926232146275,0.001754536733585579,6.687114675167276E-4,0.0016664565471477405,0.001161964418046199,0.0012689448992610317,0.0012927267160973014],[0.010632246728695626,0.002697362157937333,1.5461083638934985E-4,4.856820847674471E-5,8.682793258027346E-4,0.0011107774566229166,1.0209333928241744E-4,3.196766329521501E-4,1.8903303477168723E-4,3.1841548927779293E-4,0.0010634987858206982,1.4295804093870937E-4,1.394193649577842E-4,0.0028279732157853754,0.01755850186664818,4.7497231515949403E-4,1.0,9.715520486845916E-4,1.980286956759028E-4,1.5153601815144565E-4,0.015478889283378516,1.4234004571703893E-4,0.001298885151691777,1.816711449468135E-4,5.744808293155032E-4,1.3045509003920382E-4,0.0011741775266152275,7.666067012731983E-4,0.003650956133744643,0.007940324975033625,1.680087790870347E-5,1.2701467079063116E-4,1.9001410990516647E-4,2.593985632969307E-4,1.5884790054572528E-4,0.012766576556682518,0.001203612337046667,4.877221177821286E-4,2.1549386800650611E-4,2.8792083460493876E-4,0.0013188889471709223,5.5668856594694844E-5,1.3046011952086848E-4,1.5488931326019498E-4,5.776087104993186E-4,5.387884884002962E-4,0.0038875736941862663,3.783096119642027E-5,3.3046381304123647E-4,1.6270577847509382E-4,1.9162689265002302E-4,1.2644711405527693E-4,6.67920287596296E-4],[0.03865271625020873,0.0029258263691980153,6.364332241704986E-4,5.318876026353339E-4,0.0014742157203376737,0.0011302906195408877,3.007046637157634E-4,0.0012186576173764643,5.930323857907012E-4,7.829522649577933E-4,0.0013418293988525388,8.340125715977781E-4,6.199694324046759E-4,0.004029735702203273,0.004406797511897807,0.0011834907444245337,9.715520486845916E-4,1.0,9.074098804765339E-4,8.828504656353574E-4,0.0062263534813166216,4.231232163546811E-4,0.006081217319466591,2.270043836677929E-4,0.0015020302971062364,1.664176451929714E-4,0.0010672050030653645,0.0010651504667406084,0.0011428871940082146,0.005844054350213218,9.248888685078781E-4,7.661157965018901E-4,5.78528153506703E-4,0.0010200653185849953,2.1022112352866247E-4,0.007540408326683912,0.001150716540351454,0.0012746701156886885,6.091645977521586E-4,9.936478246569116E-4,0.0011816853750084588,1.536752357015089E-4,1.9407655351561927E-4,5.482142272623687E-4,0.0010474359388369012,0.0020136210092035842,0.004408970743925042,9.64656776837048E-4,5.334602568015715E-4,5.460442884694721E-4,4.3667269299379346E-4,3.7588280018951937E-4,7.930472509390372E-4],[4.774624585965079E-4,0.003004345377069276,1.7143510703095013E-4,2.1624031715450224E-5,4.2477981151163254E-4,5.49188304330338E-4,5.9692820446422596E-5,0.0011604039545024083,2.2978995213734376E-4,3.2405952034644597E-4,5.559241283028127E-4,2.910216496773518E-5,7.480361606055813E-5,0.002285342333014647,0.01850348786950454,0.0017311623968114984,1.980286956759028E-4,9.074098804765339E-4,1.0,1.9462563710549735E-4,0.019969137557949955,1.774159236636919E-4,5.790672771148976E-4,1.9883087928886125E-4,5.80241172737092E-4,1.1282373809101005E-4,0.00109937108288984,2.928325798452464E-4,0.0048017542579259845,0.0034464967546902264,1.858383687101911E-4,7.967432108444741E-5,1.91409147576254E-4,2.4382276537648182E-4,1.841605092412638E-4,0.011508340174333033,0.0021934060867786005,9.623705202778118E-4,3.031758711137041E-4,2.7082227637987666E-4,0.0016539545670448245,1.9539674013595046E-4,6.527712479074092E-5,1.801771501163581E-4,9.914984303970992E-4,9.348701510035715E-4,0.0016784659625922887,1.1242063185244927E-4,2.8784445499410895E-4,1.9840255462872836E-4,2.9468181827893217E-4,1.1856851693360118E-4,3.4742094599960903E-4],[0.007616214406941705,0.002479433042285474,2.8087254576977057E-5,1.6662655927668806E-5,0.0010751999242006559,4.7944302515179896E-4,1.3233340566751555E-5,0.0014470262794911881,1.0915609594327155E-4,9.341062007554025E-5,0.0010548059716079393,1.6718289419138098E-5,1.3975130699218569E-5,0.0038880682477933433,0.014327538626583328,7.785982613357524E-4,1.5153601815144565E-4,8.828504656353574E-4,1.9462563710549735E-4,1.0,0.015173873365169998,2.5616302126044635E-5,0.0022101635965492165,1.5304641029986236E-4,2.9313066993689525E-4,5.9998052233951014E-5,0.0010079513869423443,2.884871915157268E-4,0.014105249423755427,0.0012850759632189951,1.648485999864791E-5,2.5838777328427906E-5,9.763671213689356E-5,2.788057076221238E-4,1.377408400472011E-4,0.0019179765496741953,0.002181828429905205,8.456860861727776E-4,5.389343378934649E-5,3.302305898414605E-5,0.001509957419409302,1.2967745192450964E-5,1.7028565630621107E-5,1.2973794081919294E-5,7.701332527724722E-4,0.001909214981103915,0.0035846480133108526,1.793869214244289E-5,1.842926024648942E-4,7.284204695026839E-5,1.9543386489489028E-4,1.1095693696274334E-4,4.957751966051286E-4],[0.040879591017546374,0.008318655806033649,0.004339886857948927,0.0028520185789196618,0.021629119840578408,0.006405253842134206,0.016316480471001964,0.01653017800032886,0.009239445713976854,0.020838112043350475,0.011445516887393625,0.0067308001974529675,0.018881722845667578,0.021032175710712947,0.026029949417834635,0.007523312267094814,0.015478889283378516,0.0062263534813166216,0.019969137557949955,0.015173873365169998,1.0,0.011183839607834135,0.017127100710583102,0.016619061172083567,0.01734464980511595,0.02108139635978893,0.005477345082392951,0.02085447091237401,0.016457347339081274,0.011386271421428814,0.0025812906927336703,0.014316543422730355,0.012749517644925611,0.007799396292143262,0.018524895053712676,0.01867135191623717,0.019661059455185946,0.007536125192252593,0.010441908829667524,0.002319574961986976,0.00208428734051894,0.012392620581870465,4.1025311502058867E-4,0.004316333035770831,0.00512332752757887,0.007997743260396747,0.012393198476547877,0.006838240525911122,0.004698962071551093,0.018068107398706762,0.005797875851787868,0.016922878974172998,0.015009979692706203],[0.0392120611641812,0.0019712362478322243,1.1083747956226446E-4,3.591133233573421E-5,1.3459074410513544E-4,0.0010413903945066098,5.1709582108765164E-5,0.0012711770382449487,1.7390755130407685E-4,3.047325126072553E-4,0.0012858679538755207,8.31079896981636E-5,7.778409462916576E-5,0.004499031268715224,0.01891875665783124,7.098915475218901E-4,1.4234004571703893E-4,4.231232163546811E-4,1.774159236636919E-4,2.5616302126044635E-5,0.011183839607834135,1.0,0.0019566320326593473,1.35215340967216E-4,6.821031308036153E-4,1.062612255445794E-4,7.504917166989906E-4,1.1765028687650138E-4,0.005271558644192765,0.006152376376997327,8.72245510618931E-5,8.213420265188755E-5,1.2810459460245937E-4,1.3989659058920192E-4,1.1403778678811335E-4,0.007987426370039847,0.0013454944308491546,5.956296955348771E-4,1.9692756550892322E-4,1.8756912284639116E-4,1.883246111294904E-4,1.4864138993374885E-5,1.03178978928414E-4,3.8044760344660636E-5,0.0010036586858722242,0.002528541647609599,3.666719658648777E-4,7.226973662356512E-5,2.0130970070001406E-4,1.0791331361039333E-4,2.899469156304354E-4,1.1146168607689374E-4,6.911557527659738E-4],[0.03519882057310332,0.003377815534213767,0.0011989714853842713,0.004339461669175264,0.004056736146523491,0.0011948428602336358,0.003756292939721021,0.004523812244010158,0.0015542688605244023,0.0010580621213022155,0.0038066611134489935,1.7994869414100832E-4,5.56002179481095E-4,0.0061002104533389835,0.021338617661805035,0.0018839594082628577,0.001298885151691777,0.006081217319466591,5.790672771148976E-4,0.0022101635965492165,0.017127100710583102,0.0019566320326593473,1.0,0.003456705332262761,0.004285769330779874,0.002665359946553972,0.005939052571592901,0.005372739347606696,0.007394149061088781,0.006423191601517404,0.003866524783912721,0.005132043263344241,0.0022364380157089735,0.003116774979802635,0.002112387390257154,0.01007789094430142,0.0040874416032153265,0.002001575643939081,0.003912212459117592,7.493894604495642E-4,0.003484173631717367,7.731151515229837E-4,0.005011778142513771,0.0026385811305398967,0.003171449866016271,0.005972856640863826,0.006293648685884151,0.006166784514860386,0.0040504623799598035,0.0030392866103647687,0.003269298478769405,0.005934259605490897,0.002484634910171435],[0.007699330459436389,0.001915485344755766,1.2117208186121218E-4,2.581278229112323E-5,0.001613818293898783,7.24484634128673E-4,7.270567543997606E-5,0.0011114380866342716,1.9649375615467493E-4,2.0922690648252597E-4,8.03061408642377E-4,1.1109376335430798E-4,1.793544703400068E-5,0.0019314178351550013,0.0013429422063704541,4.7677439373915696E-4,1.816711449468135E-4,2.270043836677929E-4,1.9883087928886125E-4,1.5304641029986236E-4,0.016619061172083567,1.35215340967216E-4,0.003456705332262761,1.0,4.677104788923831E-4,1.2037494546194151E-4,5.264875311452028E-4,9.219321318451607E-4,0.004810637306138129,0.0029075147084927,9.168912662210121E-5,9.231232907930267E-5,1.8418886436103783E-4,2.545152339015853E-4,1.4755146614082537E-4,0.01223687400207144,0.0022021130340727085,3.763986578110249E-4,2.8658827742773373E-4,1.789750421744803E-4,7.720772563864512E-4,5.4090937716170614E-5,9.583873987643124E-5,3.599252641860683E-5,7.247012132604659E-4,0.0016679468629678112,0.003719943830457519,8.062962979996706E-5,2.6700988750032065E-4,1.256496381733299E-4,2.8748663710160703E-4,1.3995157803211493E-4,5.707803628890308E-4],[0.01915621786341221,0.0025416893292667915,0.0016045527533392297,3.274287587166088E-4,0.002002032014512417,0.00127544808834332,5.292049782717907E-4,0.002001307054445496,4.6800749884589286E-4,0.0019662421510573246,0.0017930530046883146,0.001220462029527273,6.280651243195663E-4,0.0025524617824936617,0.016749842556590667,0.001892682955959375,5.744808293155032E-4,0.0015020302971062364,5.80241172737092E-4,2.9313066993689525E-4,0.01734464980511595,6.821031308036153E-4,0.004285769330779874,4.677104788923831E-4,1.0,4.4723418453421047E-4,0.001396962827036519,0.0019060033938021078,0.0122427345279633,0.004475795394020249,0.0011495069693642028,8.246876757201977E-4,0.0012682114691271867,5.951117056735122E-4,0.0019721957382270033,0.013189377552703035,0.002322356100200624,0.0014906111105627722,0.0013160892217381807,0.001172600204768459,0.0019008573250372952,0.0017204667480307592,0.0012813395393353293,0.0011686531486761653,0.0014446926062658186,0.002429442546860989,0.0021273005953347888,0.0016842909680846378,7.342397063501334E-4,0.0010114939527815963,0.0018846011528627078,7.809624870226209E-4,0.0018117418816737195],[0.015807801171008398,0.0029013275016836456,1.0267875269961402E-4,8.403651443762597E-5,4.5848480590137205E-4,1.728043492209127E-4,1.0131608823775727E-4,0.0010133106056640364,1.2934901174218154E-4,3.6236465327720284E-4,0.0012085846817824328,5.003507591494613E-5,2.6116948017310977E-5,0.004238245638949041,0.007363954681847539,4.815796349291368E-4,1.3045509003920382E-4,1.664176451929714E-4,1.1282373809101005E-4,5.9998052233951014E-5,0.02108139635978893,1.062612255445794E-4,0.002665359946553972,1.2037494546194151E-4,4.4723418453421047E-4,1.0,3.731341744450278E-4,8.643281912997063E-4,0.01534192377487305,0.0028443996698557287,2.146369602022675E-5,8.821688701518538E-5,1.2805367343188842E-4,2.6142233538627976E-4,1.2650548533420304E-4,0.001153330565595429,0.002267372518244368,5.409783642628445E-4,2.691382897259523E-4,2.7959282162382074E-4,1.7777933424319926E-4,3.037754313136673E-5,6.429179809641874E-5,2.328031374215981E-5,2.864874236238024E-4,0.0018495266146005315,0.0047553096513496835,2.681792430204693E-5,1.1055080104136886E-4,1.0507322976579104E-4,1.0300349132881191E-4,1.0459866466069718E-4,4.8168949584128707E-4],[0.003525551722825558,0.0028933970399552195,3.6618950578856495E-4,0.0010260116834492055,0.0018205967820774265,0.0011625472068453632,8.972434259212134E-4,0.0014061978450800692,5.932538778002175E-4,0.001061431840569304,0.0013131272370440334,3.857065998507586E-4,2.656951211764438E-4,0.0011754064762126194,0.008125128365742229,0.0017476004395841744,0.0011741775266152275,0.0010672050030653645,0.00109937108288984,0.0010079513869423443,0.005477345082392951,7.504917166989906E-4,0.005939052571592901,5.264875311452028E-4,0.001396962827036519,3.731341744450278E-4,1.0,0.0012129598331303748,0.013831049685356254,0.001818481539600672,2.6026927442752615E-4,7.852118210815129E-4,4.037969092037928E-4,3.8342551664501253E-4,4.343498400160822E-4,0.016539175559311482,0.002000566691769771,0.0013479179458327536,0.0011634119166711748,7.814662558753396E-4,0.0012107341809430984,6.73836894747475E-4,6.947731604893331E-4,0.0010448661633116175,0.0010432818824379082,0.001701134798871842,0.0031018639418315327,3.146116983976048E-4,7.712097801165733E-4,5.312814479147064E-4,4.997487128798117E-4,1.8864766320498004E-4,8.439574391181258E-4],[0.012716585588227924,0.002861401102799588,3.7675526847305606E-4,4.743541993331201E-4,0.0013321624669033986,0.0012087198105128973,3.5961548170066756E-4,0.0014404081119258484,3.682042007208583E-4,0.001069791219337805,0.001281821781747777,7.615645975673818E-4,3.2983087371226967E-4,0.004225647956047427,0.010505310501508455,0.0012610491719171751,7.666067012731983E-4,0.0010651504667406084,2.928325798452464E-4,2.884871915157268E-4,0.02085447091237401,1.1765028687650138E-4,0.005372739347606696,9.219321318451607E-4,0.0019060033938021078,8.643281912997063E-4,0.0012129598331303748,1.0,0.004778104462930002,0.007509891621557183,0.0010091482731377074,6.158635940813733E-4,2.3834430457772375E-4,0.0011177611155391758,6.421930492244148E-4,0.0033851848469093017,0.0019576969274028664,0.0013481740380830221,7.37075142802787E-4,3.7909395159173645E-4,0.0016213166421263439,9.278749157518083E-4,1.507132999082325E-4,8.901861373934695E-5,0.0011920464015404359,0.0013919122329343456,0.0059394234855388965,7.972917219326092E-4,7.138044404912683E-4,0.0011392265102303577,0.001170004537181737,0.001119640848855585,0.0010179869875831936],[0.018838649270618228,0.014147660608599698,0.0038521681828433177,0.005595775546652633,0.015025384141901271,0.014719454784775437,0.009249815145536995,0.01351261321420366,0.015309010335276582,0.011726941175368903,0.013706691578778237,0.007511545845846621,0.004158148970678829,0.013515915284539333,0.023942832453195836,0.005702041265996842,0.003650956133744643,0.0011428871940082146,0.0048017542579259845,0.014105249423755427,0.016457347339081274,0.005271558644192765,0.007394149061088781,0.004810637306138129,0.0122427345279633,0.01534192377487305,0.013831049685356254,0.004778104462930002,1.0,0.01357042403384352,0.0034813556730804362,0.005651976316041555,0.0060709221901591726,0.0018754742614756903,0.002881032488881884,0.017047756288101748,0.011305383957997373,0.006675791572223305,0.011505530862764405,0.007952894566560826,0.006547487346052202,0.01555114277779744,0.01451330617000863,0.0063596617775007564,0.01002699308841222,0.008892917636859347,0.012548560075284218,0.003138939760742841,0.012020745230574179,0.0021340412007959113,0.0060955391805970725,0.002123169051649119,0.012966459437860133],[0.03417988687136049,0.0051822043988490885,0.001168949417688071,0.0018867126403867716,0.007756088630589341,0.0014646137468703746,8.464844951697016E-5,0.005250954008702258,0.006810985682707399,0.007041774982450567,0.0034269830174995727,0.007338433111990231,0.006428117255536775,0.006397059340194414,0.023086394897322733,0.0021084773022344745,0.007940324975033625,0.005844054350213218,0.0034464967546902264,0.0012850759632189951,0.011386271421428814,0.006152376376997327,0.006423191601517404,0.0029075147084927,0.004475795394020249,0.0028443996698557287,0.001818481539600672,0.007509891621557183,0.01357042403384352,1.0,0.006542787537322923,0.00345723936300279,0.004703214132767899,0.0022637236598729163,0.002647594151995159,0.017452307264399912,0.007868458291845131,0.003099008510638063,0.006999420346937119,0.005910017023309391,0.004300088414977949,0.003191105772992534,0.004732052667375871,0.004938653445136472,0.005499034084856604,0.006777388106767115,0.007163935750034307,0.0012888656774794143,0.006781131197222928,0.0013020503692956888,0.004658937298057433,0.004031987267520156,0.002409000992568488],[0.034842705626775126,0.0024401861538356166,3.865557981280988E-5,1.6436537843569486E-5,0.001531120320848333,4.2196745097545043E-4,1.549451155531705E-5,0.0011637678577521137,1.0977041665267403E-4,2.7745916268400284E-5,1.4609317686749098E-4,1.3049110682804568E-5,1.4063957293974687E-5,0.0037792050963385486,0.005623306155468369,2.6967794514922664E-4,1.680087790870347E-5,9.248888685078781E-4,1.858383687101911E-4,1.648485999864791E-5,0.0025812906927336703,8.72245510618931E-5,0.003866524783912721,9.168912662210121E-5,0.0011495069693642028,2.146369602022675E-5,2.6026927442752615E-4,0.0010091482731377074,0.0034813556730804362,0.006542787537322923,1.0,1.898489567295773E-5,7.27347320550993E-5,1.2098836722036733E-4,1.2954589061679928E-4,0.013325991580923808,0.0018229028294301408,1.5806389985401076E-4,1.9416714632145864E-4,2.597958965627457E-4,0.0016655870957719065,1.605533106207497E-5,1.8847159349206608E-5,1.386860580473571E-5,7.840858332529062E-4,0.0010831321616713862,5.50842966212134E-4,1.823414990602314E-5,2.62198989632255E-4,7.891908131505097E-5,1.4362258485360092E-4,5.252990379934026E-5,2.0796024580181852E-5],[0.01472342150135579,4.074274957053416E-4,9.735148150932487E-5,6.486719586047825E-5,0.0010741710987077757,2.1241832786055522E-4,5.0053582917796555E-5,6.633836895403742E-4,1.697112450854661E-4,3.8338310592550377E-4,0.0011129618021962536,3.919657689452378E-5,3.850977357922694E-5,0.0021097904866651156,0.0018352249209168765,4.073979501058792E-4,1.2701467079063116E-4,7.661157965018901E-4,7.967432108444741E-5,2.5838777328427906E-5,0.014316543422730355,8.213420265188755E-5,0.005132043263344241,9.231232907930267E-5,8.246876757201977E-4,8.821688701518538E-5,7.852118210815129E-4,6.158635940813733E-4,0.005651976316041555,0.00345723936300279,1.898489567295773E-5,1.0,1.8725715836408286E-4,1.7118757122145994E-4,8.930226673411562E-5,0.004088666847835025,2.2707578062219032E-4,8.700357364199924E-4,1.744450809987289E-4,2.4555261450516334E-4,0.0011012115432124526,4.0181057382099086E-5,6.227821334769444E-5,2.5930353639847258E-5,6.876880636406857E-4,6.507109514853238E-4,0.001007645785815405,2.714295758346701E-5,2.4022767087485884E-4,9.010423964794803E-5,2.4536408133123697E-4,9.370667691931567E-5,2.277310156183066E-4],[0.013168756104627774,4.4650913766291686E-4,1.2454598929800148E-4,1.793759809979149E-4,0.0014788973256483413,4.6464190750433775E-4,3.2023799237061456E-5,0.001124533126505842,2.3121460701177365E-4,3.9748115980789124E-4,9.461022271728804E-4,4.6114824661491315E-5,9.188849484649211E-5,0.0018907771927827652,0.018756040409445205,2.3399770120635215E-4,1.9001410990516647E-4,5.78528153506703E-4,1.91409147576254E-4,9.763671213689356E-5,0.012749517644925611,1.2810459460245937E-4,0.0022364380157089735,1.8418886436103783E-4,0.0012682114691271867,1.2805367343188842E-4,4.037969092037928E-4,2.3834430457772375E-4,0.0060709221901591726,0.004703214132767899,7.27347320550993E-5,1.8725715836408286E-4,1.0,2.822803554602152E-4,1.6831878959551417E-4,0.0012610956628751138,0.0023795940315521767,0.0010264591187638388,2.2083494144838937E-4,2.1328161092200055E-4,0.0013717610050294241,1.4282372059531523E-4,5.734440997981572E-5,1.7714132328316263E-4,7.137876698726224E-4,0.001857350928757588,0.00600707160982013,1.8297902419939232E-4,3.7090505201347885E-4,1.6391029438146096E-4,2.3431659011229457E-4,1.3803322671687352E-4,5.269277148880547E-4],[0.019778507860274727,3.93828046563912E-4,2.7540250482117564E-4,3.917353982247632E-5,0.0016138798696448333,9.422734137690029E-4,9.751054663065343E-5,0.0012709226645431706,2.3613585207405446E-4,4.6367078759318025E-4,0.001312292571051111,1.1146406416630445E-4,1.3924821619744644E-4,0.0010241514630546784,0.0050841720245598295,0.0012644134150948659,2.593985632969307E-4,0.0010200653185849953,2.4382276537648182E-4,2.788057076221238E-4,0.007799396292143262,1.3989659058920192E-4,0.003116774979802635,2.545152339015853E-4,5.951117056735122E-4,2.6142233538627976E-4,3.8342551664501253E-4,0.0011177611155391758,0.0018754742614756903,0.0022637236598729163,1.2098836722036733E-4,1.7118757122145994E-4,2.822803554602152E-4,1.0,2.73195196744561E-4,0.015204041773107956,0.001422028346825323,3.284989099969302E-4,3.2666842341340537E-4,3.044032236990473E-4,0.001048814327467622,2.1708653052350145E-4,2.126498016486846E-4,1.4385193991404188E-4,5.195241240847475E-4,0.0013520326655668518,0.0020121786424656886,1.3406536026768406E-4,3.0320679787295026E-4,1.951636910629826E-4,3.048016282874691E-4,1.9977711423358255E-4,5.391652061382305E-4],[0.03601154054302057,2.104923933283644E-4,1.203262172291914E-4,4.853098170836076E-5,0.0011425861145507774,7.001840135084268E-4,1.1577310652577686E-4,0.001391812511137078,2.2918026583703E-4,2.1086785063155865E-4,1.4802352931448566E-4,2.5720640671911367E-5,1.1853766314243889E-5,0.004165718921479203,0.016639999592276366,0.0010646174162007654,1.5884790054572528E-4,2.1022112352866247E-4,1.841605092412638E-4,1.377408400472011E-4,0.018524895053712676,1.1403778678811335E-4,0.002112387390257154,1.4755146614082537E-4,0.0019721957382270033,1.2650548533420304E-4,4.343498400160822E-4,6.421930492244148E-4,0.002881032488881884,0.002647594151995159,1.2954589061679928E-4,8.930226673411562E-5,1.6831878959551417E-4,2.73195196744561E-4,1.0,0.01133560202174318,4.34555993310461E-4,9.922384493384344E-4,1.512206611842319E-4,2.824300250570644E-4,0.0014856817935654937,1.423593728485181E-4,2.2889142778272214E-5,4.861384046166697E-5,4.763099516412973E-4,0.0012965513106396335,0.006054922748905025,4.546042887846161E-5,3.1042257139945887E-4,1.37452177717406E-4,2.0658702223311275E-4,1.193051452230675E-4,5.722421706397374E-4],[0.031906002038999674,0.005803473135789503,0.014062273898705048,0.0066881990263745195,0.003792192500662089,0.015754890534960004,0.016606764108161528,0.002464356842169979,0.0022051859131138473,0.010362905488991516,0.003139725841192347,0.003539268035747469,0.018096222553392535,0.009236721402574997,0.023393385901208773,0.00573672057654607,0.012766576556682518,0.007540408326683912,0.011508340174333033,0.0019179765496741953,0.01867135191623717,0.007987426370039847,0.01007789094430142,0.01223687400207144,0.013189377552703035,0.001153330565595429,0.016539175559311482,0.0033851848469093017,0.017047756288101748,0.017452307264399912,0.013325991580923808,0.004088666847835025,0.0012610956628751138,0.015204041773107956,0.01133560202174318,1.0,0.003543612133808225,0.006338468218871139,0.012831060076846866,0.010634443728445587,0.002249601851436336,0.009822143030109998,0.01013185158284352,0.01460990323648919,0.014690960317588875,0.004