[[1.0,3.6877103300780046E-5,8.844367286796696E-4,1.2192513411164607E-4,3.494059140020244E-5,2.4140827573690697E-5,0.0012131967088325122,1.8835574091858604E-5,2.3454562865312975E-5,5.770818085537054E-5,5.379779936872341E-5,2.2906178237212262E-5,0.06494613890642623,1.4099154139856393E-4,0.007908292356740754,3.209440583813969E-5,0.0035050349329820768,0.006719497091860855,2.515154848543833E-5,9.335900035957389E-4,0.0010340659771137224,0.0038542096841947685,8.958354618974662E-4,2.2694658647995475E-5,2.518658665842906E-4,1.3885424814713397E-4,3.8914523614674325E-4,2.416643415306174E-5,1.2856807348141634E-4,0.0054554574051629305,1.530470949666401E-4,1.113590698996977E-4,2.559587238439785E-5,0.0019120708949199629,3.404797437515557E-5,9.656978789009222E-5,6.190155899502411E-4,2.577583748464568E-4,0.003387417304501695,4.618841403757219E-5,0.002113129917560155,9.833081561844486E-4,1.233419490592973E-4,1.0271374906372744E-4,0.001164660383184657,0.0032518731510021363,0.002517038151791629,1.3431273929038495E-5,7.765864918292893E-4,1.9882784887719044E-4,0.004071993754178945,9.885121513188966E-5,0.0020012069656176476,1.5914518229581199E-4,1.6688174596735483E-5,3.147367055495689E-5,2.828198941575194E-4],[3.6877103300780046E-5,1.0,1.8819226760326374E-4,2.3800569638402915E-4,1.183220758682948E-4,8.033793116421444E-4,0.011260462698363222,1.4640149292784706E-4,9.318947765956168E-5,0.0014338197735270443,1.3508257268010694E-4,2.340679913787442E-5,0.0024284801150533004,1.756208443416407E-4,0.0015966632752155451,1.170058460244934E-4,0.002705676892816143,0.01102605739016025,7.710036825164968E-5,7.820224973802544E-4,4.946464097882117E-4,0.012478999037092616,3.933781749857786E-4,1.5246760306794307E-4,3.7231583444903126E-4,1.7043787908651374E-4,5.810082618440673E-4,5.0755110527632834E-5,0.0011303095789224043,0.003759642322535355,1.894621652339983E-4,1.7121787735227965E-4,3.754372750867907E-4,2.3307316670029797E-4,9.916857449878486E-5,2.5898633861017826E-4,0.028256823818690477,2.3955659052577263E-4,0.0018494277318297976,1.5572331827868254E-4,8.859267200028744E-4,6.151332706157382E-4,1.6853430185735316E-4,1.7069501206774638E-4,4.823128144380747E-4,0.0035675662369570892,0.003164441079307519,1.1605179624471216E-4,2.2826827315386192E-4,2.793875447351217E-4,5.157495871343917E-4,1.6008145980575607E-4,0.001874222450361624,2.1289323795208303E-4,1.5115183609735756E-4,1.2479922721759845E-4,2.0773878918325554E-4],[8.844367286796696E-4,1.8819226760326374E-4,1.0,0.00172598337813336,0.0013206933983564207,0.002503906488710261,0.01160691038656696,0.0021194330926159665,8.564996589102403E-4,0.00194046326707072,0.0024018907212555052,8.77077947045279E-5,0.0684494241602124,0.0016272514822432789,0.00567325123182689,0.0015479811380182437,0.0033389304059534123,0.013959917166905257,8.192903887893584E-4,0.002107314295813862,0.002311883877210191,0.005666154803230265,0.001095939046875437,0.002261383608226689,0.0017213683083140464,0.0023146460724220042,0.0015976663317340601,3.9447383901896395E-4,0.0030137482752195474,0.00488148460598873,0.001966120766555577,0.0018230954456524603,0.0016905960487810946,0.0021329680284990324,9.358637294731205E-4,0.001915009727528656,0.03528698842396947,5.47163083255165E-4,0.0038656621541338842,0.0018334865792607273,0.002423779264909817,0.0018885933720268343,2.597591496154222E-4,8.061443448679572E-4,0.0022094624141638783,0.008050288507974264,0.0025961464346902076,2.3126593037922044E-4,0.0023746660643561932,0.0016513205625855914,0.003489194835814391,0.001298478736765749,0.0024671126352918613,9.646522079801865E-4,3.349725931356582E-5,0.0018661227447363553,0.0016085026392382278],[1.2192513411164607E-4,2.3800569638402915E-4,0.00172598337813336,1.0,1.4475431354143184E-4,0.0010451045901897571,0.00958182130024209,2.7800232612327857E-4,3.0080329831869905E-4,0.0016179449453134686,2.208931235099E-4,3.7018207830669026E-5,0.021991830521233394,2.970109044636164E-4,0.0031397416771842745,2.4738351901173E-4,0.0011033943890177496,7.257148783120708E-4,3.0124955380265224E-4,0.0013347287411176853,0.0021705040658838823,0.011369210465324513,4.2637840966588866E-4,1.308511053015339E-4,5.705408495300093E-4,2.1406420438443177E-4,5.27077649638917E-4,3.048253705986266E-4,0.0012260573626793289,0.0061045418396910986,2.229174517488632E-4,2.3514063109636717E-4,3.815737519550404E-4,0.0013473657476383476,1.8413637704559768E-4,3.1876714294379034E-4,0.0456798861232053,3.022055170419162E-4,0.0035985898109101183,3.20708511988835E-4,0.0020170587350930185,5.258769287250514E-4,2.3818937066381207E-4,2.822892677144796E-4,0.0014655005622015238,0.006582348294357588,0.0033694142291598997,2.9764366703027953E-4,8.674226810933024E-4,3.715127630500741E-4,0.0010942938326016665,2.969241378272861E-4,0.0012088533895658064,2.4235536642031345E-4,5.1840237384663404E-5,3.1263136353596984E-4,3.244994163387614E-4],[3.494059140020244E-5,1.183220758682948E-4,0.0013206933983564207,1.4475431354143184E-4,1.0,7.807298647138815E-4,0.013771864240571112,5.806777734911497E-5,4.486065338403888E-5,0.0016841930562959777,1.1281872512660846E-4,6.315617230296766E-5,0.011641878422607216,1.247543902782462E-4,0.014444722855940438,1.1092723739343416E-4,1.5997149209715905E-4,0.013431307108197076,7.072341594995489E-5,0.0010174577839129038,5.912309540415119E-4,0.003167527863279641,4.0131732289072565E-4,9.621206067446909E-5,5.433204657440083E-4,1.25533424635626E-4,4.890348157211444E-4,5.7922540790994666E-5,0.003185750210168132,0.005067629773723746,2.043409026752122E-4,1.4499937153540066E-4,2.8171602762342026E-4,1.7376447364091997E-4,8.74610369215827E-5,2.2922938908342025E-4,0.029244740230324386,2.4506622324003415E-4,0.003028177068100913,1.3173213127424787E-4,0.002279204893451956,1.7762476275392852E-4,1.2191963989600013E-4,1.1371878852667909E-4,0.0011716143362565277,0.0040810182043978,3.4912587791653275E-4,1.132640184018044E-4,5.035738789485446E-4,1.8172883180626696E-4,4.624969472312798E-4,1.199859302868027E-4,0.0023933058858619845,1.3591334072689867E-4,1.0867100691390168E-4,6.753695686605334E-5,2.905047333565499E-4],[2.4140827573690697E-5,8.033793116421444E-4,0.002503906488710261,0.0010451045901897571,7.807298647138815E-4,1.0,0.00938930076052639,3.796045254830259E-4,0.0020877125873482653,0.00190615552438946,0.0024825869525604794,0.0022377708179755805,0.04979949151438478,8.877589647603857E-4,0.009675531635349822,0.0012630033556788303,0.0032862967839698757,0.006830173106022399,6.983388319546839E-4,0.0022597105174260845,0.0023450276574650485,0.007186201090137612,0.002139047327393751,0.0013831572667472403,8.304945768753762E-4,4.3236832413747525E-4,0.002262518702773069,6.591912354492251E-4,0.00305123941870507,0.006788167955322154,9.077530886709636E-4,0.0010805850855887872,0.0015953851503854558,0.002058417676284888,0.0023300365982470103,8.653646710768913E-4,0.007705306380047764,3.8260867609748875E-4,0.0030179882439738772,0.0017210651580264935,0.002430877546153744,0.0016287278615850656,0.0013408316336699362,0.002371965680336406,0.002391046969085977,0.006593290528232149,0.0032357142482105712,8.974335994745478E-4,0.0021418299571521063,4.265256523052706E-4,0.0025791471170052943,9.07350027600944E-4,0.002496699955234257,9.485628954245404E-4,0.0016347497888008018,0.0018250703378476336,0.002457532644035484],[0.0012131967088325122,0.011260462698363222,0.01160691038656696,0.00958182130024209,0.013771864240571112,0.00938930076052639,1.0,9.374552169333758E-4,0.009932401824431832,0.0024052471315231983,0.007110747475314501,0.007870736871975542,0.04255440111408216,0.005630562151877156,0.014979486913212495,0.009163185322891858,0.009410801676825307,0.015596069989371368,0.008550054233372798,0.010651629241747158,0.007426477969866266,0.014914416488388515,0.0062515376610299996,0.015600554783177215,9.997877170751703E-4,0.010953592715836404,0.015035883153477517,0.012579719019860583,0.006125440859843536,0.012782641309939564,0.012696637031127058,0.009989194778647452,0.011006150613064954,0.006190288063336201,0.014228578000892484,0.0051935195115662075,0.02066811553200462,0.01497103911961564,0.0052360390078507735,0.0018454335425011224,0.007367566721110071,0.004709177076466539,0.011051871720832267,0.010628910434344671,0.007419411645171856,0.013078067349398382,0.007053772826341747,0.012500637498351237,0.003300569289176532,0.0024086659281092517,0.004194276152941825,0.007329789799611429,0.00813908174061569,0.004053185652042479,0.011468321135352772,0.0015032820637084765,0.01138077172637874],[1.8835574091858604E-5,1.4640149292784706E-4,0.0021194330926159665,2.7800232612327857E-4,5.806777734911497E-5,3.796045254830259E-4,9.374552169333758E-4,1.0,1.86877431458489E-5,4.835282473415223E-4,1.0381084141941823E-4,1.1980974031739085E-5,0.03128203321762054,1.1465610203335477E-4,0.004901831137614299,7.917276325467898E-5,0.0012282733773203171,0.014145244912839744,1.6729155771540498E-5,7.952307561568748E-4,0.00182109368791124,0.0096980281897723,6.633964784991315E-4,1.5482589848981394E-5,3.797925213785773E-4,9.381759142122832E-5,2.696673116020764E-4,1.4666437887468254E-5,2.14849298797073E-4,0.0029426609440156557,1.8338094526993353E-4,2.46646323956788E-5,3.022847131793798E-4,1.6694422497602394E-5,4.42146855644019E-5,9.885753345780586E-5,0.039372602190476544,8.955444224522185E-5,0.003055294171267354,3.410323446174999E-5,0.0020748647860301403,0.0010754032546506334,5.605103850369711E-5,5.706409284430498E-5,0.001306347744114028,0.006086905705562842,0.002032899668371613,1.1155275638289863E-5,6.569868686547667E-4,1.0338958235405886E-4,0.0019450541107745203,6.725612895158913E-5,8.741506369500009E-4,6.179294356872606E-5,1.5186742788600321E-5,5.149884928253586E-5,1.7309351439818277E-4],[2.3454562865312975E-5,9.318947765956168E-5,8.564996589102403E-4,3.0080329831869905E-4,4.486065338403888E-5,0.0020877125873482653,0.009932401824431832,1.86877431458489E-5,1.0,7.379848526046695E-4,4.390009435554475E-5,1.8396506708040308E-5,0.0727032650886922,3.417790013800512E-5,0.012789077200412325,8.137133805294503E-5,0.003578842268980061,0.012791668932613742,2.5277767472669796E-5,5.231293391321114E-4,3.704403150930478E-4,9.745984514163351E-4,7.225512757432534E-4,1.84086657388043E-5,1.2047201878856404E-4,7.72214677930194E-5,5.625285916597497E-4,2.4984246046311875E-5,0.0031083701918973587,0.006352238740163252,8.214383928419214E-5,5.2588505573667585E-5,2.6419348441682417E-4,5.71281228657062E-4,3.8743097022937E-5,4.47561440756422E-5,0.021582443724050982,2.8752937879267986E-4,0.001218992058413793,3.8839935551087824E-5,0.0017813644491803762,4.75484795314016E-4,9.94193491502251E-5,9.936277888406148E-5,0.0013162343969898797,0.0012743377684383574,0.0014373742421535255,1.5253374832369586E-5,5.933164378824964E-4,3.415728436603569E-5,0.0032725550577658207,9.504783395946904E-5,0.0013362548495196248,1.8176942625799245E-4,1.9052544141742908E-5,4.9930669593464434E-5,7.245347901900853E-5],[5.770818085537054E-5,0.0014338197735270443,0.00194046326707072,0.0016179449453134686,0.0016841930562959777,0.00190615552438946,0.0024052471315231983,4.835282473415223E-4,7.379848526046695E-4,1.0,0.0013661161971179506,4.6072522993898207E-4,0.04405355239941406,2.0788104903137297E-4,0.013873683647122968,4.454893836358161E-4,0.004075703482868201,0.0070955985546324535,9.192961419646987E-4,0.001764929159566956,0.0017131831958122903,0.01428156109864858,0.0012201230974394313,0.001128865260727505,0.0015771167462466686,0.0016142544818373706,0.0016821909523447075,6.581784142074373E-4,0.0031408797070762735,0.004915282923865907,5.323329115742382E-4,5.402997005365077E-4,6.754793341911194E-4,0.0017983918552339463,2.625417444636942E-4,5.247312003999492E-4,0.004859322167361971,4.2013086498776143E-4,0.0027007368878278998,0.0014948139304626145,0.002344400490922062,0.0011714272271466024,0.001595299962126279,0.0010499076541259354,0.0018462197612548914,0.004345376446642675,0.0034829117482742524,0.0016454367922083832,0.00147188689906367,0.001519445594208144,0.0037090268484850693,3.600208400682263E-4,0.0020531381193192484,0.001019675328499405,6.711923518129256E-4,0.0011344949049345617,7.329713911036618E-4],[5.379779936872341E-5,1.3508257268010694E-4,0.0024018907212555052,2.208931235099E-4,1.1281872512660846E-4,0.0024825869525604794,0.007110747475314501,1.0381084141941823E-4,4.390009435554475E-5,0.0013661161971179506,1.0,1.0812773400158896E-4,0.007451184899256578,1.254628498248753E-4,0.0023189645592128936,1.0970572099294263E-4,4.8772225686628405E-4,0.010511986131988078,4.7160656722043726E-5,0.0012299424401751968,0.0018887515565226205,0.012154146552162518,7.901258771215652E-4,6.463416066962392E-5,1.594004346897771E-4,1.1781729827111825E-4,6.175633573001493E-4,5.162234671220006E-5,0.0018965581296555595,8.34955636417504E-4,1.1986409185863587E-4,1.5826820675419556E-4,3.7121670263680036E-4,0.0017751526565198965,7.132000629213885E-5,1.5226656577328735E-4,0.0068064053797620636,2.465165373795523E-4,0.003965550628823749,1.1292945301332413E-4,0.0014189918316184472,4.628451664337376E-4,1.1707991802612595E-4,1.0946901007658675E-4,0.0010056727759118241,0.007669877138204949,0.003612617742724141,3.782036725289604E-5,3.2485377056788543E-4,3.160001571078097E-4,6.253442060690645E-4,1.1607769321586461E-4,0.0014304999424487428,1.3094389455208335E-4,7.658813120981326E-5,5.484001691224402E-5,1.4515197147701948E-4],[2.2906178237212262E-5,2.340679913787442E-5,8.77077947045279E-5,3.7018207830669026E-5,6.315617230296766E-5,0.0022377708179755805,0.007870736871975542,1.1980974031739085E-5,1.8396506708040308E-5,4.6072522993898207E-4,1.0812773400158896E-4,1.0,0.019840828188393948,1.179609428016095E-4,0.0111691181733649,4.586655769710373E-5,0.0022062476224720246,0.008497040482510728,1.8331451945063307E-5,2.3552165191020565E-4,4.008885400588164E-4,0.0012627503741228449,5.223071981745692E-5,1.3988679966296748E-5,5.185348808910764E-4,5.514993462324084E-5,3.296095935299968E-4,1.5900336558928405E-5,0.002317582970313664,0.0035674343171564447,6.171355241003411E-5,2.106330710019292E-5,2.2288832527095674E-5,9.404592892104744E-4,4.439324143362858E-5,1.2680813716898042E-4,0.0249584752563582,1.241147507125521E-4,0.002822937519269795,1.0003926399309115E-4,0.002143244272493662,9.603983322325441E-4,8.07887593352874E-5,9.290121965665251E-5,0.001988427195564819,0.001954559849951353,2.1840824292928464E-5,1.1337505811467973E-5,0.0012742625448715012,2.510487312625608E-4,0.001580413423229451,5.1171986964378336E-5,0.0015834900723097679,3.313567718485655E-5,1.4268237521089036E-5,1.5968762713878516E-5,1.7491103928383804E-4],[0.06494613890642623,0.0024284801150533004,0.0684494241602124,0.021991830521233394,0.011641878422607216,0.04979949151438478,0.04255440111408216,0.03128203321762054,0.0727032650886922,0.04405355239941406,0.007451184899256578,0.019840828188393948,1.0,0.06152942650493923,0.028310254627685626,0.05531922854250954,0.07394175960251068,0.027747562822722838,0.015758346553602073,0.007516326707159456,0.034180336599403664,0.023641803883833464,0.03818902504686612,0.02106550551899584,0.015045279996048074,0.06108323439065728,0.06946255080597584,0.0016135800477217568,0.04345350848256811,0.03332200438252644,0.039924961000169026,0.038610522706011875,0.003993985739285186,0.026438446380485175,0.05827576298383544,0.01708133245539819,0.06173318426869735,0.057658948495157986,0.05457453016633808,0.033051244025589364,0.052183886019087536,0.0637486571232841,0.015739282679949482,0.01990026450161057,0.040664833283152575,0.045544594267595176,0.04665149347923385,0.034401354949942314,0.014354150209526845,0.05611636409727899,0.03414188231770945,0.06311052996546539,0.05760454151517836,0.08275611505893576,0.02372888421763745,0.01744973591225094,0.0011944584109981051],[1.4099154139856393E-4,1.756208443416407E-4,0.0016272514822432789,2.970109044636164E-4,1.247543902782462E-4,8.877589647603857E-4,0.005630562151877156,1.1465610203335477E-4,3.417790013800512E-5,2.0788104903137297E-4,1.254628498248753E-4,1.179609428016095E-4,0.06152942650493923,1.0,0.003926327349843697,1.1288179126326656E-4,0.004440578101463461,0.01247066216816656,6.25782002103737E-5,0.00163693820886584,0.0017293091509974832,0.008090747729926337,4.351458082295034E-4,9.180059827686244E-5,4.574663755978025E-4,1.7035725152160324E-4,3.427895183892807E-4,1.3619938441608077E-4,0.0018162941395834446,0.0013157461242261721,1.8781511969829447E-4,1.7047269091917936E-4,3.0539923778359016E-4,0.0012717543221612982,1.3707506396098585E-4,1.9377492251309209E-4,0.03366977544159003,2.0227683941707278E-4,0.002391640389174088,1.650129294665315E-4,0.0020788535140348215,7.610161933491785E-4,1.5024411819444718E-4,1.3261822002374297E-4,5.107018679700883E-4,0.006695973096108501,8.214646504115144E-4,2.405616209855624E-5,0.0013332234317707588,1.955834554705593E-4,6.718295982760284E-4,1.629683669705573E-4,0.0017328464021195429,2.2120692933095702E-4,7.864704567583559E-5,1.5964945721220876E-4,2.553277108684444E-4],[0.007908292356740754,0.0015966632752155451,0.00567325123182689,0.0031397416771842745,0.014444722855940438,0.009675531635349822,0.014979486913212495,0.004901831137614299,0.012789077200412325,0.013873683647122968,0.0023189645592128936,0.0111691181733649,0.028310254627685626,0.003926327349843697,1.0,0.00975099044198189,0.008355619001798535,0.014457710051383745,0.012500580561797137,0.008274500941640058,0.002578489397399842,0.014399763548337819,0.005188662367766149,0.011435204766651153,0.0011876584347462313,0.0024074901028999264,0.0076595100290918405,0.002670075318065684,0.0066086261025678494,0.009117021846886033,0.0019060906759555958,0.013209535182343957,0.009104733980350553,0.006096962583335458,0.005536430253798943,0.01352741697030651,0.03355274113399213,0.004907335712219903,0.00439605577254987,0.008238641530656845,0.010637009525023795,0.009411611544812517,9.343881179832454E-4,0.012611031313589524,0.014290064651457268,0.012498977516789418,0.011313920281824097,0.002839984072342125,0.0016448031670072292,0.013758991809389274,0.004535036325604468,0.009260435517736983,0.006465431367670994,0.010942462017010551,0.006375085185099121,0.011418199284779516,0.006365503192583486],[3.209440583813969E-5,1.170058460244934E-4,0.0015479811380182437,2.4738351901173E-4,1.1092723739343416E-4,0.0012630033556788303,0.009163185322891858,7.917276325467898E-5,8.137133805294503E-5,4.454893836358161E-4,1.0970572099294263E-4,4.586655769710373E-5,0.05531922854250954,1.1288179126326656E-4,0.00975099044198189,1.0,0.003031407514336702,0.001071167962177177,3.695387058047956E-5,7.411535085416362E-4,9.084828392050789E-4,0.0010978926186755486,6.305757913042727E-4,2.3726163585355632E-5,6.54094916091671E-4,1.346254280004831E-4,1.371871530442694E-4,7.079485003072799E-5,0.0015368386155626096,0.004994841608017667,1.3492037361130776E-4,1.4285228938082516E-4,2.0591385379413078E-4,2.2991584979104962E-4,1.0242470120385905E-4,1.7905275821443172E-4,0.0067067214398802725,1.1429199837335147E-4,0.0035650875823883543,1.136250308046581E-4,0.0013776701855615703,8.216878795256656E-4,1.1455649884357735E-4,1.0906626795558678E-4,0.0018771053371344664,0.0019034560224022129,0.0028492665939784194,1.6359571007323852E-5,3.3643611158056826E-4,2.9931977204168843E-4,9.772429496072911E-4,1.15418454360604E-4,9.967178669000184E-4,1.2033121809619564E-4,4.774407003971492E-5,5.325917960900261E-5,2.8469049583414917E-4],[0.0035050349329820768,0.002705676892816143,0.0033389304059534123,0.0011033943890177496,1.5997149209715905E-4,0.0032862967839698757,0.009410801676825307,0.0012282733773203171,0.003578842268980061,0.004075703482868201,4.8772225686628405E-4,0.0022062476224720246,0.07394175960251068,0.004440578101463461,0.008355619001798535,0.003031407514336702,1.0,0.012849035312289338,0.0012913970601839647,0.003257599368028035,0.003925965553409772,0.0069358329214838366,0.0025056763546312845,0.0026134191284735717,0.0015142397550071884,8.686337233921329E-4,0.003642246878813776,0.002372104621995825,0.0040316540357895015,0.004921652759924169,5.005629698390703E-4,0.001839628095904618,0.0018394773013565616,0.0026802635286882984,0.0016637269460597686,0.003049600610102679,0.03182622952324951,0.0036829425140163454,0.004497874442968367,0.00287395825423508,0.0035997155511955535,0.00399634418589402,0.003934254333888287,0.0018413443162160813,0.003732789649314649,0.008019516487400822,0.004250730444378053,0.003031900820074401,0.0028680792630323285,0.0010994602265323797,0.004524956613562827,0.003784806548678991,0.003749014133367509,0.002481124072122742,0.0013481465588898022,0.004244583627209262,0.004442571816645615],[0.006719497091860855,0.01102605739016025,0.013959917166905257,7.257148783120708E-4,0.013431307108197076,0.006830173106022399,0.015596069989371368,0.014145244912839744,0.012791668932613742,0.0070955985546324535,0.010511986131988078,0.008497040482510728,0.027747562822722838,0.01247066216816656,0.014457710051383745,0.001071167962177177,0.012849035312289338,1.0,0.0035040791462422603,0.010728117977417156,0.008326124768397777,0.014285714285714285,0.004825502800352127,0.00891832621565588,0.006805003516304569,0.003952057268816645,0.009375718870201185,0.010749873215512507,0.01005309710297074,0.011726651397700816,0.006275210730127629,0.008557574652596558,0.011997301953028259,0.003611554341412716,0.0027376086418400385,0.0036509646800071674,0.020467549333945876,0.009184352461416018,0.006149031002009491,0.004533738640639873,0.009530427267161466,0.010883455998743524,0.003917539476552993,0.001297173788646705,0.010189079311630567,0.010904929168181358,0.007011107488785752,0.00429894982787227,0.001566701075819306,0.012306345146508555,0.004397380153628323,8.490665809142684E-4,0.009849742346820465,0.009749013041520887,0.012345320797156395,0.0019206803878236056,0.012906315794278981],[2.515154848543833E-5,7.710036825164968E-5,8.192903887893584E-4,3.0124955380265224E-4,7.072341594995489E-5,6.983388319546839E-4,0.008550054233372798,1.6729155771540498E-5,2.5277767472669796E-5,9.192961419646987E-4,4.7160656722043726E-5,1.8331451945063307E-5,0.015758346553602073,6.25782002103737E-5,0.012500580561797137,3.695387058047956E-5,0.0012913970601839647,0.0035040791462422603,1.0,0.0016210957417656753,2.252815893872143E-4,0.009417338117663265,8.392239708701734E-4,2.370024890457343E-5,3.3676301751093396E-4,7.830923667988233E-5,1.3885836375977028E-4,2.6117878032593404E-5,0.0014116913050576524,2.6641872685413166E-4,1.782352494912927E-4,4.616390579764609E-5,1.1123790788486934E-4,5.242740825140479E-4,4.496722708540543E-5,9.650158455578891E-5,0.008349230163814452,6.684744864778166E-5,1.3425848485167612E-4,9.037977513546475E-5,0.0012349694747584574,3.7724635577134427E-4,4.059253755357368E-5,4.165878427727079E-5,0.0015200773665389616,7.801312512258352E-4,8.246943836694902E-4,1.4366694400687536E-5,8.895087603082803E-4,1.1920450420061752E-4,0.0011722936415339157,8.549691705491808E-5,0.0012522693858148478,6.33359045185137E-5,2.18351435759895E-5,3.967253981883288E-5,4.3088972556222606E-5],[9.335900035957389E-4,7.820224973802544E-4,0.002107314295813862,0.0013347287411176853,0.0010174577839129038,0.0022597105174260845,0.010651629241747158,7.952307561568748E-4,5.231293391321114E-4,0.001764929159566956,0.0012299424401751968,2.3552165191020565E-4,0.007516326707159456,0.00163693820886584,0.008274500941640058,7.411535085416362E-4,0.003257599368028035,0.010728117977417156,0.0016210957417656753,1.0,0.002160040300948264,0.012687149343649543,0.001562584991130832,0.0011929472856423997,0.001226157116935887,1.8594298206182935E-4,8.143052105553258E-4,1.0849779692361365E-4,0.00314107179972172,0.005360037772394786,8.964212813913619E-4,0.001028105433615986,6.985487118439829E-4,0.001962655563513533,6.84432707745879E-4,0.0016737611737219472,0.015302900114468148,0.0016095726795602766,0.002107629121789623,0.0015977824055636736,0.0020380675315546984,0.0015485989225506,8.576935198686959E-4,0.0013164608879877614,0.0020425468694890963,0.008428566460522105,0.002172708094277317,0.001571894417482357,0.0017538716167221809,0.0019468279454863007,0.002116583041571596,0.001325345898446083,0.0019705499827141356,5.438512704995788E-4,0.0012705201146433515,0.0015478165679125436,9.161068894587206E-4],[0.0010340659771137224,4.946464097882117E-4,0.002311883877210191,0.0021705040658838823,5.912309540415119E-4,0.0023450276574650485,0.007426477969866266,0.00182109368791124,3.704403150930478E-4,0.0017131831958122903,0.0018887515565226205,4.008885400588164E-4,0.034180336599403664,0.0017293091509974832,0.002578489397399842,9.084828392050789E-4,0.003925965553409772,0.008326124768397777,2.252815893872143E-4,0.002160040300948264,1.0,0.0030442118267230063,0.001555187179263928,0.001723260620905048,0.0020410562425497054,5.621063223167469E-4,0.0014626010536891946,0.002060693819219218,0.002389479074286121,0.002857361513582985,0.001233167961406704,0.0014032392968935563,5.260252294564096E-4,0.0022570824809621847,9.171539031356599E-4,0.0010285436654066575,0.012152093250096974,0.0019160915056857229,0.003103974043437004,0.0021427047672142366,0.002364570026884244,0.0019255216421990005,0.0017135783623066511,0.0016347539942971672,0.0022622891936003855,0.006169280040419315,0.002766142031742287,4.497921380258069E-4,0.0021509204736345367,0.0020768423709041045,0.0027945506324088525,0.001626562112549027,0.0022952566218683093,9.206732734897885E-4,1.1165110073285318E-4,0.0018887894137761224,0.0011460766800427927],[0.0038542096841947685,0.012478999037092616,0.005666154803230265,0.011369210465324513,0.003167527863279641,0.007186201090137612,0.014914416488388515,0.0096980281897723,9.745984514163351E-4,0.01428156109864858,0.012154146552162518,0.0012627503741228449,0.023641803883833464,0.008090747729926337,0.014399763548337819,0.0010978926186755486,0.0069358329214838366,0.014285714285714285,0.009417338117663265,0.012687149343649543,0.0030442118267230063,1.0,0.007058988898021028,0.012098127757753221,0.0018970203185448907,7.653678036593674E-4,0.009240994932974284,0.005111412865902044,0.01269109528815076,0.010275918358283937,0.006608596590569906,0.014193661661199657,0.004590747599247866,0.0030906069484348707,0.01287650822529833,0.013916118927770213,0.0440741269270726,0.0011860812923376479,0.009321034880538323,0.001189094168891302,0.009450363500948702,0.012239936903138902,0.003063566350190979,7.858311884622033E-4,0.005073852672707761,0.013468312050832407,0.003939012604611131,0.0034852713072297437,0.008463569183248093,0.007161883545834735,0.011264875090113386,0.006682102071192843,0.013200430230891964,0.005939355163560125,0.01322680553517248,0.0038045183650278736,0.01095489817906903],[8.958354618974662E-4,3.933781749857786E-4,0.001095939046875437,4.2637840966588866E-4,4.0131732289072565E-4,0.002139047327393751,0.0062515376610299996,6.633964784991315E-4,7.225512757432534E-4,0.0012201230974394313,7.901258771215652E-4,5.223071981745692E-5,0.03818902504686612,4.351458082295034E-4,0.005188662367766149,6.305757913042727E-4,0.0025056763546312845,0.004825502800352127,8.392239708701734E-4,0.001562584991130832,0.001555187179263928,0.007058988898021028,1.0,6.320221607549649E-4,7.137999066026486E-4,9.928826139521175E-4,9.747503052138628E-4,6.787893969527367E-4,0.0025613445262257515,0.002340540556432337,2.7263085750402135E-4,7.547754491536259E-4,8.388862926702963E-4,0.0012406594290587537,4.6357660871813703E-4,6.198689758239982E-4,0.025800901773523295,6.75896198155633E-4,0.0034595304428686,2.3412262137606913E-4,0.0017575533619653347,0.001098619460152777,5.86802629008011E-4,9.743085380429073E-4,0.0020069887661122495,0.006063654461736023,0.003129660621808411,9.696218383072081E-4,0.0011725045459333946,5.417616949855661E-4,0.003781963972155808,8.6208593538524E-4,0.002343019018777409,7.42631459075463E-4,0.0010156370892842976,5.160047416538959E-4,4.745205601805506E-4],[2.2694658647995475E-5,1.5246760306794307E-4,0.002261383608226689,1.308511053015339E-4,9.621206067446909E-5,0.0013831572667472403,0.015600554783177215,1.5482589848981394E-5,1.84086657388043E-5,0.001128865260727505,6.463416066962392E-5,1.3988679966296748E-5,0.02106550551899584,9.180059827686244E-5,0.011435204766651153,2.3726163585355632E-5,0.0026134191284735717,0.00891832621565588,2.370024890457343E-5,0.0011929472856423997,0.001723260620905048,0.012098127757753221,6.320221607549649E-4,1.0,4.6782334448877276E-4,7.077821085980907E-5,4.5532567876243376E-4,1.9269937600405438E-5,0.0023360180284070467,0.003866078281701508,1.86231574251702E-4,3.034629638563941E-5,4.033324851910298E-4,0.0019433944865348848,3.939948031361835E-5,2.759296578991116E-4,0.04531829764462623,3.0738421328132006E-5,0.0012257313888358948,4.287331604084175E-5,0.0021074207569942143,6.24707228383157E-4,1.0214305845190922E-4,4.338310201755872E-5,0.0013209092696909546,0.008853563425725748,0.0025268317492672552,1.4828731098825583E-5,0.0013931718127368176,9.301088723538755E-5,0.001624635584959954,5.270935942272718E-5,0.0022167965425360548,1.6740199535879475E-4,1.6289168218939063E-5,2.27065274524696E-5,1.4796308911390818E-4],[2.518658665842906E-4,3.7231583444903126E-4,0.0017213683083140464,5.705408495300093E-4,5.433204657440083E-4,8.304945768753762E-4,9.997877170751703E-4,3.797925213785773E-4,1.2047201878856404E-4,0.0015771167462466686,1.594004346897771E-4,5.185348808910764E-4,0.015045279996048074,4.574663755978025E-4,0.0011876584347462313,6.54094916091671E-4,0.0015142397550071884,0.006805003516304569,3.3676301751093396E-4,0.001226157116935887,0.0020410562425497054,0.0018970203185448907,7.137999066026486E-4,4.6782334448877276E-4,1.0,1.6994096928550786E-4,6.660248721056285E-4,2.583079463670077E-4,0.0033622218274492396,0.0019268051548520704,2.573244089591871E-4,3.0102479013441335E-4,5.820031344031177E-4,7.358859920979923E-4,4.620348553057798E-4,5.263936284960877E-4,0.04239303443946164,3.229232615304377E-4,0.003813505558283966,5.712533838013617E-4,0.002302179027642557,0.00103143290843827,5.934908874998884E-4,1.7217580826226498E-4,0.0017504872120212255,0.002691117467255936,0.002973928189573409,1.3997762105823664E-5,9.192613241671414E-4,4.6998302889812206E-4,0.003223214602052796,6.534047160005549E-4,9.398862958168056E-4,5.762614373903285E-4,3.0549762736397187E-4,5.063587017233615E-4,5.33449336246914E-4],[1.3885424814713397E-4,1.7043787908651374E-4,0.0023146460724220042,2.1406420438443177E-4,1.25533424635626E-4,4.3236832413747525E-4,0.010953592715836404,9.381759142122832E-5,7.72214677930194E-5,0.0016142544818373706,1.1781729827111825E-4,5.514993462324084E-5,0.06108323439065728,1.7035725152160324E-4,0.0024074901028999264,1.346254280004831E-4,8.686337233921329E-4,0.003952057268816645,7.830923667988233E-5,1.8594298206182935E-4,5.621063223167469E-4,7.653678036593674E-4,9.928826139521175E-4,7.077821085980907E-5,1.6994096928550786E-4,1.0,6.343151142866889E-4,6.330548399854018E-5,0.0018724998329128467,6.499619371511478E-4,1.7953754261754355E-4,1.6644327507218414E-4,3.9267119729532096E-4,0.001004932193556649,1.4510600652387494E-4,2.8107155432173124E-4,0.04597340860944576,2.5160465368182514E-4,0.0028906703047291158,1.3334353109259066E-4,0.0016888580864189637,9.691364919181243E-4,1.5277469478446282E-4,1.4117522555840093E-4,0.0020678140689724366,8.115932725906917E-4,0.0026897762083225984,1.0862089678070791E-4,7.1494872272594E-4,2.822044031925994E-4,0.002609610586539539,1.420174804832802E-4,0.001620289965118135,1.7225731685094456E-4,1.3878865588999866E-4,8.941917406073652E-5,2.1555947118248554E-4],[3.8914523614674325E-4,5.810082618440673E-4,0.0015976663317340601,5.27077649638917E-4,4.890348157211444E-4,0.002262518702773069,0.015035883153477517,2.696673116020764E-4,5.625285916597497E-4,0.0016821909523447075,6.175633573001493E-4,3.296095935299968E-4,0.06946255080597584,3.427895183892807E-4,0.0076595100290918405,1.371871530442694E-4,0.003642246878813776,0.009375718870201185,1.3885836375977028E-4,8.143052105553258E-4,0.0014626010536891946,0.009240994932974284,9.747503052138628E-4,4.5532567876243376E-4,6.660248721056285E-4,6.343151142866889E-4,1.0,4.82043375175905E-4,0.0015243521890441702,0.0026747829769881095,3.758748746046425E-4,2.9068946634600804E-4,4.338591809022824E-4,8.254705244387611E-4,1.3271460711792443E-4,5.821416645625837E-4,0.008187914019278967,6.423964640147326E-4,0.00294569334729558,2.0160054220460724E-4,0.002318481911904054,7.031302859448843E-4,2.072445077983275E-4,5.980468347761761E-4,0.0014209417491550724,0.007777810422909527,0.0013625052034314594,6.363394716117777E-4,8.291321332060697E-4,4.756523359233528E-4,0.0014166897784173421,1.3091329381650137E-4,0.00135440713931711,6.119273317619559E-4,4.530551779364761E-4,6.490697584920636E-4,5.378330600225846E-4],[2.416643415306174E-5,5.0755110527632834E-5,3.9447383901896395E-4,3.048253705986266E-4,5.7922540790994666E-5,6.591912354492251E-4,0.012579719019860583,1.4666437887468254E-5,2.4984246046311875E-5,6.581784142074373E-4,5.162234671220006E-5,1.5900336558928405E-5,0.0016135800477217568,1.3619938441608077E-4,0.002670075318065684,7.079485003072799E-5,0.002372104621995825,0.010749873215512507,2.6117878032593404E-5,1.0849779692361365E-4,0.002060693819219218,0.005111412865902044,6.787893969527367E-4,1.9269937600405438E-5,2.583079463670077E-4,6.330548399854018E-5,4.82043375175905E-4,1.0,0.003502099612232602,0.0036264352108293352,1.6140666772939267E-4,1.6531942644499122E-4,4.225521224718564E-5,0.0017544466230247323,4.6386905242737506E-5,2.674283908718424E-4,0.02753268552744434,2.851973501114079E-4,7.01218408866004E-5,8.666835497705044E-5,0.0019285347779878067,8.737772765169996E-4,4.425623326898341E-5,7.257563609369965E-5,3.188104161414752E-5,7.30383713665594E-4,0.0018643542235409472,1.7538561386316377E-5,7.784744968919766E-4,1.3215303653392796E-4,0.0028133446109416768,6.136864789729462E-5,0.001029017668769992,1.2612657757166888E-4,1.6870157793409533E-5,2.795695172405946E-5,1.3043874346650638E-4],[1.2856807348141634E-4,0.0011303095789224043,0.0030137482752195474,0.0012260573626793289,0.003185750210168132,0.00305123941870507,0.006125440859843536,2.14849298797073E-4,0.0031083701918973587,0.0031408797070762735,0.0018965581296555595,0.002317582970313664,0.04345350848256811,0.0018162941395834446,0.0066086261025678494,0.0015368386155626096,0.0040316540357895015,0.01005309710297074,0.0014116913050576524,0.00314107179972172,0.002389479074286121,0.01269109528815076,0.0025613445262257515,0.0023360180284070467,0.0033622218274492396,0.0018724998329128467,0.0015243521890441702,0.003502099612232602,1.0,0.006593316281907447,0.0027175521603127156,0.0028225694656328904,0.0032311056216023197,0.0022312961752754394,0.0024510027069851734,0.0018560813513502673,0.029707704768719173,0.0016548907022058404,0.003883284313818689,0.0026686816146651504,0.003681327637690867,0.0036784965227433563,0.0033751047572548065,0.003405918587499882,0.0023697795443615153,0.0061717751962640415,0.0037891832123115583,0.002391940580780313,0.003774871787635495,0.0022330860902303996,0.003930225022448211,0.0010665356411751373,0.0035820958256190453,7.684576193754145E-4,0.0033361015479376616,0.0033965877615459777,0.0027454695820153074],[0.0054554574051629305,0.003759642322535355,0.00488148460598873,0.0061045418396910986,0.005067629773723746,0.006788167955322154,0.012782641309939564,0.0029426609440156557,0.006352238740163252,0.004915282923865907,8.34955636417504E-4,0.0035674343171564447,0.03332200438252644,0.0013157461242261721,0.009117021846886033,0.004994841608017667,0.004921652759924169,0.011726651397700816,2.6641872685413166E-4,0.005360037772394786,0.002857361513582985,0.010275918358283937,0.002340540556432337,0.003866078281701508,0.0019268051548520704,6.499619371511478E-4,0.0026747829769881095,0.0036264352108293352,0.006593316281907447,1.0,0.0049548050837348815,0.0026148250713401307,4.8805609518543056E-4,0.0023576727992463175,0.005423133624103405,0.0067001284411040375,0.019336665080440713,0.0037375172811630717,0.00569069958108064,5.241836260561904E-4,0.005403268943703289,0.005740534398352178,0.0024515332622848758,0.003589861904503678,0.005846317743557355,0.009034467781153367,0.004657182899198004,0.0017014655958362782,0.005777132634964562,0.0036218703482328992,0.004763643301122735,0.00410965261630776,0.005156639749120492,0.00548312949348709,0.005438946095913194,2.7982229679806084E-4,0.0013159076619496876],[1.530470949666401E-4,1.894621652339983E-4,0.001966120766555577,2.229174517488632E-4,2.043409026752122E-4,9.077530886709636E-4,0.012696637031127058,1.8338094526993353E-4,8.214383928419214E-5,5.323329115742382E-4,1.1986409185863587E-4,6.171355241003411E-5,0.039924961000169026,1.8781511969829447E-4,0.0019060906759555958,1.3492037361130776E-4,5.005629698390703E-4,0.006275210730127629,1.782352494912927E-4,8.964212813913619E-4,0.001233167961406704,0.006608596590569906,2.7263085750402135E-4,1.86231574251702E-4,2.573244089591871E-4,1.7953754261754355E-4,3.758748746046425E-4,1.6140666772939267E-4,0.0027175521603127156,0.0049548050837348815,1.0,1.7334249730790115E-4,3.99532599008146E-4,0.0012049064332791551,4.891795548745587E-5,3.071766638414506E-4,0.0017581490278087725,2.881463756461333E-4,2.652194857322791E-4,1.7257440460930094E-4,0.0011128374709108487,3.363467619118632E-4,1.3913306756570162E-4,1.2115134348522448E-4,0.0018550375693330602,2.362091919407664E-4,0.002806556060502856,1.226269290734949E-4,4.7675428075569573E-4,3.1671503007487035E-4,0.0038566489704984874,1.4268279368138175E-4,0.0015270696005463989,2.204269641421458E-4,1.719907931110621E-4,1.9564348340505197E-4,2.6151103997915315E-4],[1.113590698996977E-4,1.7121787735227965E-4,0.0018230954456524603,2.3514063109636717E-4,1.4499937153540066E-4,0.0010805850855887872,0.009989194778647452,2.46646323956788E-5,5.2588505573667585E-5,5.402997005365077E-4,1.5826820675419556E-4,2.106330710019292E-5,0.038610522706011875,1.7047269091917936E-4,0.013209535182343957,1.4285228938082516E-4,0.001839628095904618,0.008557574652596558,4.616390579764609E-5,0.001028105433615986,0.0014032392968935563,0.014193661661199657,7.547754491536259E-4,3.034629638563941E-5,3.0102479013441335E-4,1.6644327507218414E-4,2.9068946634600804E-4,1.6531942644499122E-4,0.0028225694656328904,0.0026148250713401307,1.7334249730790115E-4,1.0,2.941371772796946E-4,0.0011562528005829278,1.5326649918940408E-4,2.415569786534542E-4,0.029332639767060888,2.1463168379192647E-4,0.0026794388961522593,1.417831047630569E-4,0.002196677779861225,4.433680456964839E-4,1.5831744729743926E-4,1.2024316301926903E-4,4.489031773405605E-4,0.0050057428416319565,0.002301595645973455,6.280589575891091E-5,0.001355405183798615,1.9857216709110907E-4,0.001866443346829118,1.5197611728583072E-4,0.0012807992415091768,1.786228461089245E-4,6.598408122485593E-5,1.2023879184306689E-4,1.7630750337144796E-4],[2.559587238439785E-5,3.754372750867907E-4,0.0016905960487810946,3.815737519550404E-4,2.8171602762342026E-4,0.0015953851503854558,0.011006150613064954,3.022847131793798E-4,2.6419348441682417E-4,6.754793341911194E-4,3.7121670263680036E-4,2.2288832527095674E-5,0.003993985739285186,3.0539923778359016E-4,0.009104733980350553,2.0591385379413078E-4,0.0018394773013565616,0.011997301953028259,1.1123790788486934E-4,6.985487118439829E-4,5.260252294564096E-4,0.004590747599247866,8.388862926702963E-4,4.033324851910298E-4,5.820031344031177E-4,3.9267119729532096E-4,4.338591809022824E-4,4.225521224718564E-5,0.0032311056216023197,4.8805609518543056E-4,3.99532599008146E-4,2.941371772796946E-4,1.0,0.0011668015706521439,2.593887080836731E-4,3.782223215806123E-4,4.737559885793285E-4,3.3612561795742183E-4,0.002031778170432452,2.4166101120923894E-4,0.0015881724223048383,7.035107712179426E-4,2.622593039065897E-4,1.642976905610863E-4,0.001359362530381776,0.008310473714999307,6.388790865352674E-4,2.7955327112467497E-5,5.047512733696677E-4,3.936948196519467E-4,5.122604680723185E-4,2.713004310936039E-4,0.0010481261962633098,3.8994589132871775E-4,4.003350901961218E-4,1.488230692198868E-4,3.506064497685444E-4],[0.0019120708949199629,2.3307316670029797E-4,0.0021329680284990324,0.0013473657476383476,1.7376447364091997E-4,0.002058417676284888,0.006190288063336201,1.6694422497602394E-5,5.71281228657062E-4,0.0017983918552339463,0.0017751526565198965,9.404592892104744E-4,0.026438446380485175,0.0012717543221612982,0.006096962583335458,2.2991584979104962E-4,0.0026802635286882984,0.003611554341412716,5.242740825140479E-4,0.001962655563513533,0.0022570824809621847,0.0030906069484348707,0