[[1.0,1.3896378483347932E-4,5.195021515927938E-5,0.04371081170067179,0.027241458492107736,7.845312998134625E-4,1.3211415056148067E-4,3.416427210131799E-5,1.0235544052911421E-4,0.0032945875846684064,3.4162734542509604E-5,0.019864041102333155,0.0015963630752948864,1.0475649589033293E-4,5.568041870719035E-5,0.006723068338841661,6.592804373532848E-5,4.019774623800144E-5,4.8377823355565796E-5,0.017188002336424486,9.553385190313988E-5,8.069612584145941E-4,1.533279110884701E-4,8.964316814942587E-5,7.630850407759993E-4,4.839590619254139E-5,8.693274652181241E-5,5.0857550306816003E-5,1.1320620735520733E-4,8.174848678472957E-5,5.100774524581045E-5,9.668744280608008E-5,6.39799831624444E-5,6.140383163548045E-5,0.0084147016718747,6.0384646697350364E-5,3.836755740837128E-5,0.0013725035912903049,8.781042896022009E-5,4.908437700705202E-5,1.4005457928933498E-4,1.8026512540926057E-4,5.956940538570726E-5,3.2660474519439654E-5,0.001461036096625763,0.003793375702733735],[1.3896378483347932E-4,1.0,0.0015269399675874903,0.033163357094410685,0.009208882302119694,0.0013429976878594574,7.001913429640727E-4,0.0010568309249438237,6.988341069008155E-4,0.0038932831478284803,0.0013954274578111333,0.0015968112932619393,0.0016036066474223486,6.399159065353416E-4,8.924922501299733E-4,0.001932892020143227,5.656742512462042E-4,0.001446053788461163,0.0013105617901425168,0.0140362573167627,0.0015153076021017522,0.001717014738030739,0.0012953732367077253,0.0012016819489675265,0.0013077089456730012,0.0012473127050716905,5.139331515896877E-4,7.759775096261289E-4,7.950537625115621E-4,0.0013800645604218058,1.995317426932282E-4,3.0700623321120693E-4,0.0014015617690358632,4.775763291647304E-4,0.0172698036332009,0.0014618315184595227,3.7453365667710806E-4,0.0015892989065937298,5.175566312040984E-4,3.6291042786511213E-4,8.824922604137468E-4,0.001062206108658458,9.364939622228877E-4,6.348322974948731E-4,0.0016168044035656433,0.0024770987860658587],[5.195021515927938E-5,0.0015269399675874903,1.0,0.047547375411646456,0.012979663632472086,2.8594775900409123E-4,1.2817069678564173E-4,1.038977869172004E-5,1.0395761065200885E-4,3.896343038827519E-4,2.900907774787958E-5,0.0031536620172059665,0.0014538516518307894,1.7439143901039673E-4,5.185011815553708E-5,0.0016131102964473247,8.167045550909755E-5,2.069779676127731E-5,2.7608999111220966E-5,0.001693159297452803,8.368273468192721E-5,0.0017036871020944882,1.4092572526630485E-4,7.839080306441668E-5,7.059172155595701E-4,3.351512232064134E-5,1.0387890769298256E-4,2.2652763141482085E-5,5.443224867604601E-5,3.592887219211772E-5,1.2787505028004233E-5,3.4206137892130884E-5,9.693725880252157E-5,1.0713915212101338E-4,0.0057541005744818205,7.146034657923186E-5,2.5128636253097294E-5,2.467997630878995E-4,7.633480082566868E-5,1.42366040848936E-5,1.4001263452991967E-4,4.0759558276413895E-5,5.78889156476966E-5,1.4923456922531206E-5,7.414324765813123E-4,0.006997452954128853],[0.04371081170067179,0.033163357094410685,0.047547375411646456,1.0,0.032352114871194854,0.004129946785693322,0.04630313097423813,0.022463268977723674,0.02053696645517115,0.041171172762628425,0.02919750975842675,0.03362611221044773,0.030913314815909275,0.023878967867104146,0.037824586515573834,0.012060827127398147,0.01856827248048762,4.261735550459797E-4,0.036511431632471114,0.049035754713786815,0.04290651921663051,0.04634858906913111,0.0319915185828714,6.572603994946428E-4,0.017199685586154038,0.03269577227670087,0.01772910792366591,0.03322712235045868,0.03982656311457157,0.017531919627598102,0.022420919563990727,0.049954682450010515,0.044379077940747094,0.023267310523569135,0.03328233998407458,0.025253328495730927,0.027408307555558453,0.007318701444965641,0.03198243557671118,0.03798989442289404,0.03805169317609191,0.027962721622708082,0.04186758957195585,0.03384433313620655,0.018082281048866135,0.04650815020567633],[0.027241458492107736,0.009208882302119694,0.012979663632472086,0.032352114871194854,1.0,0.030650675737301812,0.018814422684385206,0.03191455383007513,0.02159241794187963,0.01684631081142849,0.020170958682586528,0.024611315160770662,0.016798394485912888,0.022327583765514778,9.948700703571588E-4,0.023177125588501556,0.032241211646013,0.005925703969104812,0.02435452427335384,0.03285568761616718,0.016012930125584066,0.01969476468353043,0.009244604296691978,6.765318502215588E-4,0.029806388828777636,0.009356404782511417,0.010125909410624695,6.220465255176737E-5,0.01151575624382517,0.011303481182516171,0.013031614594310603,0.022552969470028432,0.029976513885561433,0.012570418215802725,0.029878934807412928,0.0068288644815808755,0.006768750116436202,0.017846599732795027,0.007726619544706984,0.028546915854932874,0.01851218625777028,0.024181783081578825,0.006677405476504935,0.030336732049367595,0.01295493079930347,0.018750412845207225],[7.845312998134625E-4,0.0013429976878594574,2.8594775900409123E-4,0.004129946785693322,0.030650675737301812,1.0,9.755217048469076E-4,0.0012128655142212327,4.8321082091704656E-4,0.005015675746295999,8.263940786182197E-4,0.006196785061378707,0.001530782071868006,3.91514245691221E-4,9.53673553734369E-4,0.00991416516394152,4.920402275670986E-4,0.001209421921940282,9.775962566533991E-4,0.020591044069910233,2.4822568726888186E-4,0.0019404545291512158,3.692091404946224E-4,0.0010201051635918626,0.001157266858781149,9.146658318627177E-4,9.346211710509025E-4,8.438909893861413E-4,0.0010790527415869813,0.0011428862729118711,0.0011125018990108559,0.0012155566539459824,5.70817706550828E-4,0.0011707410252611706,0.018037830036091024,1.407002089657025E-4,4.49244494152917E-4,0.0014072711665565312,7.411252113900037E-4,3.967275817433027E-4,4.3672109098187264E-4,4.090881811051688E-4,0.0010121121430273264,0.0011773145884327186,0.0016092155102462584,0.009700326855457238],[1.3211415056148067E-4,7.001913429640727E-4,1.2817069678564173E-4,0.04630313097423813,0.018814422684385206,9.755217048469076E-4,1.0,5.7409507989731747E-5,1.4425079601732252E-4,0.001201594798093578,7.32021910771276E-5,0.007578547510525282,7.645966056719637E-4,1.7514655241164976E-4,1.1756463763216426E-4,2.406349652622898E-4,1.1485266890978638E-4,1.0079117021227581E-4,1.3319785301545595E-4,0.03011684205584754,1.669654492421341E-4,0.001018420004188625,2.986558614524287E-4,1.260586742529454E-4,6.242375974477635E-4,1.2068687256158907E-4,1.6562540923085618E-4,1.3213036125166007E-4,1.3500530068382818E-4,1.3196966848622849E-4,4.430444044118693E-5,1.3144828268054525E-4,1.1179573930984034E-4,1.4791702585172784E-4,0.018271561600727633,1.2017061889925706E-4,6.418339252459316E-5,8.93193043717313E-4,1.1290193529506679E-4,6.0188707906757126E-5,1.4411444074543137E-4,1.8698482257054833E-4,7.584730076327052E-5,7.367625148587851E-5,1.95360101343475E-4,0.006668642546137239],[3.416427210131799E-5,0.0010568309249438237,1.038977869172004E-5,0.022463268977723674,0.03191455383007513,0.0012128655142212327,5.7409507989731747E-5,1.0,2.8906699512493296E-5,0.0035246497731265406,2.0986931993674383E-5,0.010953648818113552,0.0015885945950568146,1.7337763955387663E-4,3.664900033224651E-5,0.010716689203046584,8.902199256097676E-5,1.0187780607995199E-5,2.570171399927293E-5,0.03749999675253772,6.650758222773248E-5,0.0019319231835328602,1.2135134763892243E-4,1.0119473456191593E-4,4.509893027965383E-4,2.5911449632848325E-5,1.0221674560572389E-4,1.296425197852513E-5,1.1159187521042228E-4,9.712444594311833E-5,1.21558484816255E-5,3.777279536983796E-5,3.361119635833161E-5,1.1290260137219951E-4,0.007006360207343069,4.381938370193902E-5,2.814248933236375E-5,3.292599509151607E-4,5.152189665951323E-5,1.1297068572094253E-5,1.1596577722994016E-4,5.4400338052487615E-5,5.301751552150637E-5,1.5341594641645214E-5,2.159651743006149E-4,0.003503275511377528],[1.0235544052911421E-4,6.988341069008155E-4,1.0395761065200885E-4,0.02053696645517115,0.02159241794187963,4.8321082091704656E-4,1.4425079601732252E-4,2.8906699512493296E-5,1.0,0.0036795450835840245,9.95970426551038E-5,0.012978302271432032,9.580377660593424E-4,2.0911895746692443E-4,8.084961771747812E-5,0.002930233364571301,1.354117058690932E-4,7.748425757649077E-5,4.8015896184609745E-5,0.0321046124078008,1.6329090146314048E-4,0.0017639778086391438,2.3541974338443523E-4,1.4053215734001647E-4,5.29036539625963E-4,1.1761057809060155E-4,1.582006397822049E-4,1.0832486227394677E-4,1.3637967221815023E-4,1.356083742312503E-4,1.367473964163339E-4,1.3212125313460276E-4,1.4214398888987923E-4,1.5182583668517315E-4,0.00116109718417021,1.1771521668163006E-4,9.549466352454042E-5,5.694563183175248E-4,1.2522936544994418E-4,1.1938920459950528E-4,1.4457798429485936E-4,1.5159104722221902E-4,9.111710316482564E-5,1.221544877720891E-4,2.8136495017328894E-4,0.003943772877722473],[0.0032945875846684064,0.0038932831478284803,3.896343038827519E-4,0.041171172762628425,0.01684631081142849,0.005015675746295999,0.001201594798093578,0.0035246497731265406,0.0036795450835840245,1.0,0.0033100303848866137,0.013782427500597124,0.0039655289688135115,0.005472365373062301,0.004091017761731684,0.010191063754554558,0.001286615509117897,0.002390734106791001,0.0016423911798083008,0.015269171078648149,0.005570592291562385,0.003416708747206393,0.002947270554183244,0.0045226130939712405,0.001967862558502859,0.0031131381979205347,0.0010695189807326756,0.0059947851950986905,0.005851049059884995,0.004844550705388757,0.0019401252237342046,0.0017898540591401305,0.005766165385766281,8.138721581375292E-4,0.01631744616293948,0.004635161807817153,0.0016526680487409932,0.004749208869844507,0.005440842745996811,0.0030797212735782487,0.002943750133939785,0.0019330685974477436,0.0030266364694494247,0.004988134119547319,0.0040587337399540435,0.007395570625796013],[3.4162734542509604E-5,0.0013954274578111333,2.900907774787958E-5,0.02919750975842675,0.020170958682586528,8.263940786182197E-4,7.32021910771276E-5,2.0986931993674383E-5,9.95970426551038E-5,0.0033100303848866137,1.0,0.018868192119099788,7.939710399909049E-4,1.8729198798750154E-4,4.883519482693115E-5,0.0022938172941509966,5.6148959605535745E-5,2.654426781613135E-5,4.048750646744036E-5,0.020390017298078728,5.413404489636065E-5,0.0017385435156309827,7.441430867710057E-5,4.407845264033112E-5,3.617414685914994E-5,3.378975162132748E-5,1.629277879904802E-4,2.6026777110857443E-5,1.273618696762419E-4,1.1207363846338052E-4,2.94121253283314E-5,1.0265503357262395E-4,1.0016915727878957E-4,1.6402656104428027E-4,0.015756399531813712,4.860060721265981E-5,3.181056529594019E-5,0.0017070418456360196,3.6007825336635145E-5,2.841360578083291E-5,4.5932142192252615E-5,4.897012071487188E-5,3.2353439825216124E-5,2.385697680143721E-5,9.637157718568101E-4,0.006948078197524817],[0.019864041102333155,0.0015968112932619393,0.0031536620172059665,0.03362611221044773,0.024611315160770662,0.006196785061378707,0.007578547510525282,0.010953648818113552,0.012978302271432032,0.013782427500597124,0.018868192119099788,1.0,0.013512078486280473,0.0036029325755110642,0.020077778493271612,0.017191942133463423,0.017021295957080743,0.014028719250187137,0.012461847507884564,0.027078598458197264,0.02178200329582335,0.015058901651819574,0.017225129075228333,0.016181819358709815,0.00560753904176046,0.017927015539031362,0.005429959780180855,0.004921573552401158,0.016540537042655935,0.0057824960734327606,0.014173516565378633,0.013814220776396803,0.004410109031609696,0.008685139278614862,0.022504342765177012,0.013669256681412592,0.011155684985586037,0.015734569347643976,0.012525602530977627,0.02037688301025812,0.02135530228116395,0.022218589329261206,0.004028205140299057,0.008191782427631661,0.012432001050387404,0.01538852388527152],[0.0015963630752948864,0.0016036066474223486,0.0014538516518307894,0.030913314815909275,0.016798394485912888,0.001530782071868006,7.645966056719637E-4,0.0015885945950568146,9.580377660593424E-4,0.0039655289688135115,7.939710399909049E-4,0.013512078486280473,1.0,3.791015534466266E-4,0.0012004841151562148,0.008227472445018258,0.0012397317146238596,6.322964645217859E-4,3.239849901064025E-4,0.039818173541696,0.0016256951559258659,0.0018114314013231423,0.0012546576624750025,1.233634907643406E-4,0.0013941449932049423,0.0010398663371126893,6.580470362922309E-4,1.3015741801507746E-4,5.042420166875941E-4,0.0012289227113159724,9.898846731950617E-4,0.0010715763989052043,6.166865217381433E-4,0.0012093100066816805,0.003023341626410975,5.524057165870451E-4,1.0172515528083893E-4,0.0017126500560508107,7.678926090117749E-4,0.001364223288714327,2.609895462983686E-4,0.0016034525492354956,5.260442004833558E-4,6.345799383716546E-4,0.0016819649067591298,0.011572207239166082],[1.0475649589033293E-4,6.399159065353416E-4,1.7439143901039673E-4,0.023878967867104146,0.022327583765514778,3.91514245691221E-4,1.7514655241164976E-4,1.7337763955387663E-4,2.0911895746692443E-4,0.005472365373062301,1.8729198798750154E-4,0.0036029325755110642,3.791015534466266E-4,1.0,1.5453749237720772E-4,0.01004184867620359,1.8696567194405144E-4,9.37365911052226E-5,2.0409032595385563E-4,0.010657941666563737,1.907826380813394E-4,2.9172086316944497E-4,2.484442315223987E-4,1.6578943020423834E-4,7.262860442553767E-4,9.895802572743235E-5,2.3094367559622464E-4,8.980223013144341E-5,1.832161451128751E-4,1.349635791839301E-4,2.7701973111694348E-5,1.6027790800038786E-4,1.256008324633292E-4,1.9363280167592777E-4,0.008921451099529997,1.5653876703143794E-4,4.558955597084531E-5,8.627303624298643E-4,1.857647379530242E-4,2.0374254227642965E-4,1.6492800737206864E-4,2.1045071538311895E-4,7.884769022168276E-5,1.423807720595061E-4,0.001562401794959771,0.007469449256951193],[5.568041870719035E-5,8.924922501299733E-4,5.185011815553708E-5,0.037824586515573834,9.948700703571588E-4,9.53673553734369E-4,1.1756463763216426E-4,3.664900033224651E-5,8.084961771747812E-5,0.004091017761731684,4.883519482693115E-5,0.020077778493271612,0.0012004841151562148,1.5453749237720772E-4,1.0,0.004803194261030923,5.735445384635266E-5,3.282622146104218E-5,4.822929094139092E-5,0.023076811012299317,1.292772054320425E-4,0.0018466882614259958,1.5279821725012636E-4,7.763421781240873E-5,0.001061488437743065,4.765585896194003E-5,1.160343339634045E-4,3.852367300321895E-5,1.0225345862082414E-4,8.489835828896989E-5,3.574384573437359E-5,9.590184564979207E-5,7.665217993110731E-5,1.3991332984536093E-4,0.019700194825675154,8.886552022495903E-5,5.5014997349441436E-5,4.2512658964097315E-4,7.787775326705398E-5,3.596976998387445E-5,8.813238171038342E-5,1.4294994133421068E-4,5.917234532949911E-5,4.9146875220153675E-5,4.872655076570923E-4,0.00332114667476752],[0.006723068338841661,0.001932892020143227,0.0016131102964473247,0.012060827127398147,0.023177125588501556,0.00991416516394152,2.406349652622898E-4,0.010716689203046584,0.002930233364571301,0.010191063754554558,0.0022938172941509966,0.017191942133463423,0.008227472445018258,0.01004184867620359,0.004803194261030923,1.0,0.011050972266196085,0.0020183633330748698,0.0033509772611687565,0.019634224549999014,0.001944702006023497,0.009074828617005006,0.00608570430574036,7.485355870059541E-4,0.00821424493762405,0.0036751495371121637,0.0034217407885331393,0.001267283570552322,2.8863170261138923E-4,0.0036341208829762635,0.003388428422615206,7.645196950606053E-4,0.010308284716322622,0.007485368311466069,0.015648070519206813,0.0026626832084906027,0.009866663124564948,0.009877525896769289,0.010833131377352812,0.008432540800809758,0.008562895582081703,0.005206505936369241,0.004102405999991321,0.010260512182342751,0.004444464280086833,0.011646640187333268],[6.592804373532848E-5,5.656742512462042E-4,8.167045550909755E-5,0.01856827248048762,0.032241211646013,4.920402275670986E-4,1.1485266890978638E-4,8.902199256097676E-5,1.354117058690932E-4,0.001286615509117897,5.6148959605535745E-5,0.017021295957080743,0.0012397317146238596,1.8696567194405144E-4,5.735445384635266E-5,0.011050972266196085,1.0,9.66416780044027E-5,5.002423231724606E-5,0.02088058267272353,1.4801737581502527E-4,0.0019867020464391875,2.545594706111125E-4,1.0862629224052639E-4,4.6341110898228137E-4,8.210700177462274E-5,1.2947936109051437E-4,9.360901177585064E-5,1.1477840145238664E-4,1.1329986677079415E-4,2.3944086525801545E-5,1.2212510823020475E-4,1.0661969507484485E-4,1.4361748896439154E-4,0.007843555506912528,1.1044487275249251E-4,8.552026342452985E-5,5.89821695638947E-4,1.0398117732981573E-4,3.949991074722291E-5,1.2587563597634804E-4,1.5872663096773364E-4,8.608084750083114E-5,8.061579673269772E-5,9.542791098016969E-4,9.247588071245198E-4],[4.019774623800144E-5,0.001446053788461163,2.069779676127731E-5,4.261735550459797E-4,0.005925703969104812,0.001209421921940282,1.0079117021227581E-4,1.0187780607995199E-5,7.748425757649077E-5,0.002390734106791001,2.654426781613135E-5,0.014028719250187137,6.322964645217859E-4,9.37365911052226E-5,3.282622146104218E-5,0.0020183633330748698,9.66416780044027E-5,1.0,4.3351378909672626E-5,0.005072286522191703,1.113907410231703E-4,0.001306474797293457,2.358429665158173E-4,4.642498935615619E-5,9.101201538701554E-5,2.9759379859391403E-5,1.7095101836849157E-4,2.4623036375885656E-5,4.064239886559547E-5,1.002202588346382E-4,1.421721300144749E-5,3.527202935504593E-5,5.735608356053154E-5,9.643910745776032E-5,0.016725595561452134,2.5216917598746525E-5,2.5411467055508937E-5,9.816056909068727E-4,8.878779461831958E-5,1.5640554707743686E-5,5.463328211553669E-5,1.5445100727435592E-4,4.4966579376420974E-5,2.255897280958088E-5,8.138323640548346E-4,0.010504654865526491],[4.8377823355565796E-5,0.0013105617901425168,2.7608999111220966E-5,0.036511431632471114,0.02435452427335384,9.775962566533991E-4,1.3319785301545595E-4,2.570171399927293E-5,4.8015896184609745E-5,0.0016423911798083008,4.048750646744036E-5,0.012461847507884564,3.239849901064025E-4,2.0409032595385563E-4,4.822929094139092E-5,0.0033509772611687565,5.002423231724606E-5,4.3351378909672626E-5,1.0,0.03509722796458946,1.2890336116423568E-4,0.001984749029853749,2.038598439690634E-4,8.126259819076347E-5,0.0010545428380723874,4.4371253523186195E-5,1.0792550671819706E-4,2.6771178395937825E-5,7.613191787027982E-5,6.29788658245276E-5,2.070153293734198E-5,9.778050011449032E-5,5.223006749532384E-5,1.478299014382419E-4,0.0221913051864904,5.346870487571083E-5,3.80320964730107E-5,4.962914942637734E-4,9.386092710867668E-5,2.8370642060418024E-5,5.1642242291592935E-5,4.5283066365624E-5,4.520341080475769E-5,3.651837322357126E-5,0.001563009324886678,0.007181267089965788],[0.017188002336424486,0.0140362573167627,0.001693159297452803,0.049035754713786815,0.03285568761616718,0.020591044069910233,0.03011684205584754,0.03749999675253772,0.0321046124078008,0.015269171078648149,0.020390017298078728,0.027078598458197264,0.039818173541696,0.010657941666563737,0.023076811012299317,0.019634224549999014,0.02088058267272353,0.005072286522191703,0.03509722796458946,1.0,0.04180816284249088,0.024150798361135296,0.04310536988731428,0.02125993551284334,0.03573458830603578,0.03804014930930785,0.0010440727571361106,0.005980356206027779,0.003002709951301656,0.03756972471655651,0.043921571392174945,0.0256496081418849,0.020668555841409003,0.02231116755851727,0.027115642380685655,0.012659220953427268,0.020260646293334305,0.03421806044572633,0.001246217480503175,0.03801797071508274,0.0453776449746264,0.016991880196083557,0.013243132453998935,0.004703988667250837,0.025386364324772773,0.024417169197240532],[9.553385190313988E-5,0.0015153076021017522,8.368273468192721E-5,0.04290651921663051,0.016012930125584066,2.4822568726888186E-4,1.669654492421341E-4,6.650758222773248E-5,1.6329090146314048E-4,0.005570592291562385,5.413404489636065E-5,0.02178200329582335,0.0016256951559258659,1.907826380813394E-4,1.292772054320425E-4,0.001944702006023497,1.4801737581502527E-4,1.113907410231703E-4,1.2890336116423568E-4,0.04180816284249088,1.0,8.579919701401212E-4,2.2104436406928106E-4,1.3209105275934082E-4,7.012255331407042E-4,1.2861133232494902E-4,1.8307521731185497E-4,1.476980014280371E-4,1.7623817150645596E-4,1.6315106517637726E-4,8.285263512484998E-5,1.302646696134052E-4,1.1778454762007537E-4,1.6898203485830909E-4,0.020855167575867296,1.441243657009644E-4,1.2998148594632337E-4,0.0011714143464214874,1.1462384535362256E-4,1.5273036922194785E-5,1.5286409140194564E-4,1.8755464388394645E-4,1.7323724092169635E-4,2.4411574196225483E-5,8.698148386293582E-4,0.0018663296726756664],[8.069612584145941E-4,0.001717014738030739,0.0017036871020944882,0.04634858906913111,0.01969476468353043,0.0019404545291512158,0.001018420004188625,0.0019319231835328602,0.0017639778086391438,0.003416708747206393,0.0017385435156309827,0.015058901651819574,0.0018114314013231423,2.9172086316944497E-4,0.0018466882614259958,0.009074828617005006,0.0019867020464391875,0.001306474797293457,0.001984749029853749,0.024150798361135296,8.579919701401212E-4,1.0,8.631635250447192E-4,0.0012874675074540014,0.001133951026822902,0.0010635928607712363,0.001437800690876308,9.666801536259309E-4,3.156416110180382E-4,0.0010216031296103089,0.0011305999839629891,0.0014801876438720006,0.001536146498001376,0.0020268827891000178,0.014026001110626516,6.343005087398978E-4,0.001119859178494765,0.0017527036062706133,2.2490105969387322E-4,6.247961154417824E-5,8.111180148813726E-4,0.0017718868971712048,1.0636063374331362E-4,4.0048111521726824E-4,0.0017351623984401844,0.0029997758941077376],[1.533279110884701E-4,0.0012953732367077253,1.4092572526630485E-4,0.0319915185828714,0.009244604296691978,3.692091404946224E-4,2.986558614524287E-4,1.2135134763892243E-4,2.3541974338443523E-4,0.002947270554183244,7.441430867710057E-5,0.017225129075228333,0.0012546576624750025,2.484442315223987E-4,1.5279821725012636E-4,0.00608570430574036,2.545594706111125E-4,2.358429665158173E-4,2.038598439690634E-4,0.04310536988731428,2.2104436406928106E-4,8.631635250447192E-4,1.0,3.277695842277698E-4,4.313451089295769E-4,1.3055215473973075E-4,3.2014324845399284E-4,2.1436235144021846E-4,3.098279363992517E-4,2.548727133957711E-4,2.0163288997120275E-5,2.485717767344726E-4,2.662391151465849E-4,1.7345858039306597E-4,0.00688124576060454,2.801637889964614E-4,2.902172347166207E-4,0.001511298171384656,3.13662033763395E-4,3.283824581909491E-4,1.7688750027036585E-4,2.801019527188429E-4,1.1784708013729975E-4,9.071906916133539E-5,0.0013086160481345023,0.009187115256683758],[8.964316814942587E-5,0.0012016819489675265,7.839080306441668E-5,6.572603994946428E-4,6.765318502215588E-4,0.0010201051635918626,1.260586742529454E-4,1.0119473456191593E-4,1.4053215734001647E-4,0.0045226130939712405,4.407845264033112E-5,0.016181819358709815,1.233634907643406E-4,1.6578943020423834E-4,7.763421781240873E-5,7.485355870059541E-4,1.0862629224052639E-4,4.642498935615619E-5,8.126259819076347E-5,0.02125993551284334,1.3209105275934082E-4,0.0012874675074540014,3.277695842277698E-4,1.0,2.6127891446147013E-4,5.865415061882023E-5,2.0092526710541268E-4,2.299775939810882E-5,1.2707969051287246E-4,1.0619686400802644E-4,8.436236445779927E-5,1.188723198508088E-4,1.0453676868390013E-4,1.4765485944337077E-4,0.022148940741011324,1.0275632803917933E-4,9.356680954199724E-5,8.036321375611288E-4,1.0283982216921061E-4,4.535601043358156E-5,1.3978735486045097E-4,1.7152202579336589E-4,6.56415347611849E-5,4.476580306941625E-5,0.0010596834177842443,0.002778342822344322],[7.630850407759993E-4,0.0013077089456730012,7.059172155595701E-4,0.017199685586154038,0.029806388828777636,0.001157266858781149,6.242375974477635E-4,4.509893027965383E-4,5.29036539625963E-4,0.001967862558502859,3.617414685914994E-5,0.00560753904176046,0.0013941449932049423,7.262860442553767E-4,0.001061488437743065,0.00821424493762405,4.6341110898228137E-4,9.101201538701554E-5,0.0010545428380723874,0.03573458830603578,7.012255331407042E-4,0.001133951026822902,4.313451089295769E-4,2.6127891446147013E-4,1.0,4.948766349877915E-4,3.661616955765452E-4,0.0010287126640359573,5.058454648119527E-4,8.905568832246819E-4,4.631404794069025E-4,8.148098805879097E-4,3.25454099108041E-4,5.568265877892251E-4,0.00988635594268193,5.615144964008824E-4,8.662462616217357E-4,0.0014735508617463727,1.854156181878415E-4,5.13895497039525E-4,6.637166981799639E-4,8.174215065784392E-4,9.926138495823284E-4,0.0011103290453525574,0.0014621276595590644,0.0038486470092745895],[4.839590619254139E-5,0.0012473127050716905,3.351512232064134E-5,0.03269577227670087,0.009356404782511417,9.146658318627177E-4,1.2068687256158907E-4,2.5911449632848325E-5,1.1761057809060155E-4,0.0031131381979205347,3.378975162132748E-5,0.017927015539031362,0.0010398663371126893,9.895802572743235E-5,4.765585896194003E-5,0.0036751495371121637,8.210700177462274E-5,2.9759379859391403E-5,4.4371253523186195E-5,0.03804014930930785,1.2861133232494902E-4,0.0010635928607712363,1.3055215473973075E-4,5.865415061882023E-5,4.948766349877915E-4,1.0,1.3347887158732797E-4,2.436837526942675E-5,5.7656042646947475E-5,8.750129704818686E-5,3.90528719201026E-5,8.181428382266219E-5,8.321804151169281E-5,5.2340120215178724E-5,0.02303676452695873,6.728806324530564E-5,4.335043763841621E-5,0.0012883791161601144,9.296085349379527E-5,2.7518223398479975E-5,1.0637621626043855E-4,6.450220306911957E-5,4.4773296680478476E-5,2.382795942390253E-5,5.057692626979464E-4,0.010419767413377872],[8.693274652181241E-5,5.139331515896877E-4,1.0387890769298256E-4,0.01772910792366591,0.010125909410624695,9.346211710509025E-4,1.6562540923085618E-4,1.0221674560572389E-4,1.582006397822049E-4,0.0010695189807326756,1.629277879904802E-4,0.005429959780180855,6.580470362922309E-4,2.3094367559622464E-4,1.160343339634045E-4,0.0034217407885331393,1.2947936109051437E-4,1.7095101836849157E-4,1.0792550671819706E-4,0.0010440727571361106,1.8307521731185497E-4,0.001437800690876308,3.2014324845399284E-4,2.0092526710541268E-4,3.661616955765452E-4,1.3347887158732797E-4,1.0,2.0379251875510073E-4,1.6072069923201706E-4,1.782977719235465E-4,1.938740600108079E-4,1.7827224973308395E-4,1.7316460226688416E-4,2.3141805241447917E-4,0.007038761693453909,1.8434050786751398E-4,2.5227330970296083E-4,4.523772819201985E-4,1.962500026759642E-4,2.341736204005078E-4,2.77574116425492E-4,2.607990652729352E-4,2.5815572140940415E-4,3.3544696158104046E-5,6.629779464760353E-4,0.007815597656614381],[5.0857550306816003E-5,7.759775096261289E-4,2.2652763141482085E-5,0.03322712235045868,6.220465255176737E-5,8.438909893861413E-4,1.3213036125166007E-4,1.296425197852513E-5,1.0832486227394677E-4,0.0059947851950986905,2.6026777110857443E-5,0.004921573552401158,1.3015741801507746E-4,8.980223013144341E-5,3.852367300321895E-5,0.001267283570552322,9.360901177585064E-5,2.4623036375885656E-5,2.6771178395937825E-5,0.005980356206027779,1.476980014280371E-4,9.666801536259309E-4,2.1436235144021846E-4,2.299775939810882E-5,0.0010287126640359573,2.436837526942675E-5,2.0379251875510073E-4,1.0,1.3095000035539487E-4,3.3791379004539824E-5,1.6781968592459555E-5,5.216873934615071E-5,9.455351908998401E-5,1.5292435663878806E-4,0.007988953970102436,5.1350998762687186E-5,2.9619698645800445E-5,5.309392128982201E-4,8.917385792630311E-5,2.082117346176788E-5,5.3486619134394234E-5,1.5885127447234364E-4,4.3185832070076984E-5,2.201666695426732E-5,4.189058306618222E-4,0.0020870560864867244],[1.1320620735520733E-4,7.950537625115621E-4,5.443224867604601E-5,0.03982656311457157,0.01151575624382517,0.0010790527415869813,1.3500530068382818E-4,1.1159187521042228E-4,1.3637967221815023E-4,0.005851049059884995,1.273618696762419E-4,0.016540537042655935,5.042420166875941E-4,1.832161451128751E-4,1.0225345862082414E-4,2.8863170261138923E-4,1.1477840145238664E-4,4.064239886559547E-5,7.613191787027982E-5,0.003002709951301656,1.7623817150645596E-4,3.156416110180382E-4,3.098279363992517E-4,1.2707969051287246E-4,5.058454648119527E-4,5.7656042646947475E-5,1.6072069923201706E-4,1.3095000035539487E-4,1.0,1.3134853199996778E-4,2.739244658476877E-5,1.3434645237198205E-4,1.0666812373346301E-4,1.6460791736121866E-4,0.012653216707599477,1.182748030880362E-4,1.0372429929415898E-4,9.74334539099721E-4,1.2766471245277483E-4,2.9534329279358797E-5,1.435135885080794E-4,1.875322362014994E-4,7.834541875024207E-5,2.3287397567542258E-5,0.0010021458210724642,0.004163984139910665],[8.174848678472957E-5,0.0013800645604218058,3.592887219211772E-5,0.017531919627598102,0.011303481182516171,0.0011428862729118711,1.3196966848622849E-4,9.712444594311833E-5,1.356083742312503E-4,0.004844550705388757,1.1207363846338052E-4,0.0057824960734327606,0.0012289227113159724,1.349635791839301E-4,8.489835828896989E-5,0.0036341208829762635,1.1329986677079415E-4,1.002202588346382E-4,6.29788658245276E-5,0.03756972471655651,1.6315106517637726E-4,0.0010216031296103089,2.548727133957711E-4,1.0619686400802644E-4,8.905568832246819E-4,8.750129704818686E-5,1.782977719235465E-4,3.3791379004539824E-5,1.3134853199996778E-4,1.0,1.183397229960515E-4,1.2369155464938492E-4,1.2371933109244515E-4,1.2990790184016994E-4,0.0183961428468556,1.147589199965327E-4,7.636417080024847E-5,1.3223918199197269E-4,1.2274791572300546E-4,1.73748588396918E-5,1.3301272253386863E-4,1.3264586550909427E-4,9.381208637528253E-5,2.6753531311070494E-5,7.434320600992165E-4,0.011640035234612853],[5.100774524581045E-5,1.995317426932282E-4,1.2787505028004233E-5,0.022420919563990727,0.013031614594310603,0.0011125018990108559,4.430444044118693E-5,1.21558484816255E-5,1.367473964163339E-4,0.0019401252237342046,2.94121253283314E-5,0.014173516565378633,9.898846731950617E-4,2.7701973111694348E-5,3.574384573437359E-5,0.003388428422615206,2.3944086525801545E-5,1.421721300144749E-5,2.070153293734198E-5,0.043921571392174945,8.285263512484998E-5,0.0011305999839629891,2.0163288997120275E-5,8.436236445779927E-5,4.631404794069025E-4,3.90528719201026E-5,1.938740600108079E-4,1.6781968592459555E-5,2.739244658476877E-5,1.183397229960515E-4,1.0,5.5963465034737964E-5,9.994295112508167E-5,8.701623301153262E-5,0.02264814376363236,2.4830624735859166E-5,2.4734532844856485E-5,0.0012797611684003708,6.771960638190318E-5,1.3087069339664309E-5,1.3520844861624326E-5,1.2708614420944066E-4,1.910247227091395E-5,1.8002751371709966E-5,3.7471707470399716E-4,0.0015133252247239342],[9.668744280608008E-5,3.0700623321120693E-4,3.4206137892130884E-5,0.049954682450010515,0.022552969470028432,0.0012155566539459824,1.3144828268054525E-4,3.777279536983796E-5,1.3212125313460276E-4,0.0017898540591401305,1.0265503357262395E-4,0.013814220776396803,0.0010715763989052043,1.6027790800038786E-4,9.590184564979207E-5,7.645196950606053E-4,1.2212510823020475E-4,3.527202935504593E-5,9.778050011449032E-5,0.0256496081418849,1.302646696134052E-4,0.0014801876438720006,2.485717767344726E-4,1.188723198508088E-4,8.148098805879097E-4,8.181428382266219E-5,1.7827224973308395E-4,5.216873934615071E-5,1.3434645237198205E-4,1.2369155464938492E-4,5.5963465034737964E-5,1.0,1.1841456655890765E-4,1.370993108663435E-4,0.012347191149314861,1.1367084947787815E-4,3.502702861796481E-5,2.388982158848293E-4,1.0588381143426604E-4,9.310457655662745E-5,1.4146223577556665E-4,1.6149114882322627E-4,8.471032544210181E-5,4.1790991761894564E-5,0.0014194494793807251,0.003732650205098942],[6.39799831624444E-5,0.0014015617690358632,9.693725880252157E-5,0.044379077940747094,0.029976513885561433,5.70817706550828E-4,1.1179573930984034E-4,3.361119635833161E-5,1.4214398888987923E-4,0.005766165385766281,1.0016915727878957E-4,0.004410109031609696,6.166865217381433E-4,1.256008324633292E-4,7.665217993110731E-5,0.010308284716322622,1.0661969507484485E-4,5.735608356053154E-5,5.223006749532384E-5,0.020668555841409003,1.1778454762007537E-4,0.001536146498001376,2.662391151465849E-4,1.0453676868390013E-4,3.25454099108041E-4,8.321804151169281E-5,1.7316460226688416E-4,9.455351908998401E-5,1.0666812373346301E-4,1.2371933109244515E-4,9.994295112508167E-5,1.1841456655890765E-4,1.0,1.6728031977121798E-4,0.01900243131684618,1.0770549310274165E-4,9.871868351504071E-5,9.261586409240647E-4,1.049832162212234E-4,2.1188004006834592E-5,1.234858743371988E-4,1.6625228838176674E-4,1.0314346941128798E-4,1.02709456968196E-4,0.0013016639993996858,0.0013208983095081763],[6.140383163548045E-5,4.775763291647304E-4,1.0713915212101338E-4,0.023267310523569135,0.012570418215802725,0.0011707410252611706,1.4791702585172784E-4,1.1290260137219951E-4,1.5182583668517315E-4,8.138721581375292E-4,1.6402656104428027E-4,0.008685139278614862,0.0012093100066816805,1.9363280167592777E-4,1.3991332984536093E-4,0.007485368311466069,1.4361748896439154E-4,9.643910745776032E-5,1.478299014382419E-4,0.02231116755851727,1.6898203485830909E-4,0.0020268827891000178,1.7345858039306597E-4,1.4765485944337077E-4,5.568265877892251E-4,5.2340120215178724E-5,2.3141805241447917E-4,1.5292435663878806E-4,1.6460791736121866E-4,1.2990790184016994E-4,8.701623301153262E-5,1.370993108663435E-4,1.6728031977121798E-4,1.0,0.0067663843139926655,1.21387192824627E-4,4.169782868042336E-5,1.80961541337804E-4,1.555914391776251E-4,1.3742869531705053E-4,1.5201308471236814E-4,1.7954113018165278E-4,1.6462659972026392E-4,5.829193764751576E-5,0.001081014572880159,0.01051818315206915],[0.0084147016718747,0.0172698036332009,0.0057541005744818205,0.03328233998407458,0.029878934807412928,0.018037830036091024,0.018271561600727633,0.007006360207343069,0.00116109718417021,0.01631744616293948,0.015756399531813712,0.022504342765177012,0.003023341626410975,0.008921451099529997,0.019700194825675154,0.015648070519206813,0.007843555506912528,0.016725595561452134,0.0221913051864904,0.027115642380685655,0.020855167575867296,0.014026001110626516,0.00688124576060454,0.022148940741011324,0.00988635594268193,0.02303676452695873,0.007038761693453909,0.007988953970102436,0.012653216707599477,0.0183961428468556,0.02264814376363236,0.012347191149314861,0.01900243131684618,0.0067663843139926655,1.0,0.00859312234781412,0.013009964660803114,0.014413353587842098,0.022810692516808468,0.013958360767355255,0.006038052658072339,0.008522993050500314,0.022055846715048736,0.009686593519001458,0.006803472197296014,0.021360850765821636],[6.0384646697350364E-5,0.0014618315184595227,7.146034657923186E-5,0.025253328495730927,0.0068288644815808755,1.407002089657025E-4,1.2017061889925706E-4,4.381938370193902E-5,1.1771521668163006E-4,0.004635161807817153,4.860060721265981E-5,0.013669256681412592,5.524057165870451E-4,1.5653876703143794E-4,8.886552022495903E-5,0.0026626832084906027,1.1044487275249251E-4,2.5216917598746525E-5,5.346870487571083E-5,0.012659220953427268,1.441243657009644E-4,6.343005087398978E-4,2.801637889964614E-4,1.0275632803917933E-4,5.615144964008824E-4,6.728806324530564E-5,1.8434050786751398E-4,5.1350998762687186E-5,1.182748030880362E-4,1.147589199965327E-4,2.4830624735859166E-5,1.1367084947787815E-4,1.0770549310274165E-4,1.21387192824627E-4,0.00859312234781412,1.0,7.905076469774157E-5,0.00103211063742645,1.0813795834783985E-4,1.0171813509421695E-4,1.1758130448871075E-4,1.5651175125920368E-4,8.17874670338975E-5,9.306862627671537E-5,3.9346181873332127E-4,0.007917254181245536],[3.836755740837128E-5,3.7453365667710806E-4,2.5128636253097294E-5,0.027408307555558453,0.006768750116436202,4.49244494152917E-4,6.418339252459316E-5,2.814248933236375E-5,9.549466352454042E-5,0.0016526680487409932,3.181056529594019E-5,0.011155684985586037,1.0172515528083893E-4,4.558955597084531E-5,5.5014997349441436E-5,0.009866663124564948,8.552026342452985E-5,2.5411467055508937E-5,3.80320964730107E-5,0.020260646293334305,1.2998148594632337E-4,0.001119859178494765,2.902172347166207E-4,9.356680954199724E-5,8.662462616217357E-4,4.335043763841621E-5,2.5227330970296083E-4,2.9619698645800445E-5,1.0372429929415898E-4,7.636417080024847E-5,2.4734532844856485E-5,3.502702861796481E-5,9.871868351504071E-5,4.169782868042336E-5,0.013009964660803114,7.905076469774157E-5,1.0,0.0010560878068434473,7.966429676669373E-5,2.3224268299276184E-5,1.0423829096553003E-4,1.7669117292617987E-4,4.062932807900525E-5,2.4620005095036333E-5,6.847611855543889E-4,3.580043409351591E-4],[0.0013725035912903049,0.0015892989065937298,2.467997630878995E-4,0.007318701444965641,0.017846599732795027,0.0014072711665565312,8.93193043717313E-4,3.292599509151607E-4,5.694563183175248E-4,0.004749208869844507,0.0017070418456360196,0.015734569347643976,0.0017126500560508107,8.627303624298643E-4,4.2512658964097315E-4,0.009877525896769289,5.89821695638947E-4,9.816056909068727E-4,4.962914942637734E-4,0.03421806044572633,0.0011714143464214874,0.0017527036062706133,0.001511298171384656,8.036321375611288E-4,0.0014735508617463727,0.0012883791161601144,4.523772819201985E-4,5.309392128982201E-4,9.74334539099721E-4,1.3223918199197269E-4,0.0012797611684003708,2.388982158848293E-4,9.261586409240647E-4,1.80961541337804E-4,0.014413353587842098,0.00103211063742645,0.0010560878068434473,1.0,0.001189753212441891,6.838597306225331E-4,0.0013258569345304858,6.849732440120544E-4,0.0015369096276107847,0.0011813708954353118,0.001702816893600593,0.006505487260312903],[8.781042896022009E-5,5.175566312040984E-4,7.633480082566868E-5,0.03198243557671118,0.007726619544706984,7.411252113900037E-4,1.1290193529506679E-4,5.152189665951323E-5,1.2522936544994418E-4,0.005440842745996811,3.6007825336635145E-5,0.012525602530977627,7.678926090117749E-4,1.857647379530242E-4,7.787775326705398E-5,0.010833131377352812,1.0398117732981573E-4,8.878779461831958E-5,9.386092710867668E-5,0.001246217480503175,1.1462384535362256E-4,2.2490105969387322E-4,3.13662033763395E-4,1.0283982216921061E-4,1.854156181878415E-4,9.296085349379527E-5,1.962500026759642E-4,8.917385792630311E-5,1.2766471245277483E-4,1.2274791572300546E-4,6.771960638190318E-5,1.0588381143426604E-4,1.049832162212234E-4,1.555914391776251E-4,0.022810692516808468,1.0813795834783985E-4,7.966429676669373E-5,0.001189753212441891,1.0,5.0120170824854195E-5,1.427659328311259E-4,1.3271626247113771E-4,8.855676515017436E-5,3.6654820827977127E-5,8.599785042118975E-4,0.00619355889833857],[4.908437700705202E-5,3.6291042786511213E-4,1.42366040848936E-5,0.03798989442289404,0.028546915854932874,3.967275817433027E-4,6.0188707906757126E-5,1.1297068572094253E-5,1.1938920459950528E-4,0.0030797212735782487,2.841360578083291E-5,0.02037688301025812,0.001364223288714327,2.0374254227642965E-4,3.596976998387445E-5,0.008432540800809758,3.949991074722291E-5,1.5640554707743686E-5,2.8370642060418024E-5,0.03801797071508274,1.5273036922194785E-5,6.247961154417824E-5,3.283824581909491E-4,4.535601043358156E-5,5.13895497039525E-4,2.7518223398479975E-5,2.341736204005078E-4,2.082117346176788E-5,2.9534329279358797E-5,1.73748588396918E-5,1.3087069339664309E-5,9.310457655662745E-5,2.1188004006834592E-5,1.3742869531705053E-4,0.013958360767355255,1.0171813509421695E-4,2.3224268299276184E-5,6.838597306225331E-4,5.0120170824854195E-5,1.0,1.362513638857942E-4,9.08651255714572E-5,2.8183616355457806E-5,1.760173594155971E-5,1.3437983676639257E-4,0.003102325183439769],[1.4005457928933498E-4,8.824922604137468E-4,1.4001263452991967E-4,0.03805169317609191,0.01851218625777028,4.3672109098187264E-4,1.4411444074543137E-4,1.1596577722994016E-4,1.4457798429485936E-4,0.002943750133939785,4.5932142192252615E-5,0.02135530228116395,2.609895462983686E-4,1.6492800737206864E-4,8.813238171038342E-5,0.008562895582081703,1.2587563597634804E-4,5.463328211553669E-5,5.1642242291592935E-5,0.0453776449746264,1.5286409140194564E-4,8.111180148813726E-4,1.7688750027036585E-4,1.3978735486045097E-4,6.637166981799639E-4,1.0637621626043855E-4,2.77574116425492E-4,5.3486619134394234E-5,1.435135885080794E-4,1.3301272253386863E-4,1.3520844861624326E-5,1.4146223577556665E-4,1.234858743371988E-4,1.5201308471236814E-4,0.006038052658072339,1.1758130448871075E-4,1.0423829096553003E-4,0.0013258569345304858,1.427659328311259E-4,1.362513638857942E-4,1.0,1.5085920991109704E-4,7.94188201895437E-5,5.86333587306684E-5,2.958638403453912E-4,0.008873663910034149],[1.8026512540926057E-4,0.001062206108658458,4.0759558276413895E-5,0.027962721622708082,0.024181783081578825,4.090881811051688E-4,1.8698482257054833E-4,5.4400338052487615E-5,1.5159104722221902E-4,0.0019330685974477436,4.897012071487188E-5,0.022218589329261206,0.0016034525492354956,2.1045071538311895E-4,1.4294994133421068E-4,0.005206505936369241,1.5872663096773364E-4,1.5445100727435592E-4,4.5283066365624E-5,0.016991880196083557,1.8755464388394645E-4,0.0017718868971712048,2.801019527188429E-4,1.7152202579336589E-4,8.174215065784392E-4,6.45022030691195