[[1.0,3.2626101858369366E-4,1.625256246564062E-4,5.5556007714227E-5,2.3665567099396442E-5,1.1335454134534388E-5,1.685443150013344E-5,0.006371078910447166,9.548554439531455E-5,7.74737877542457E-4,0.0028102110518747497,3.80588174575917E-4,0.0018927661713043329,9.268630427857263E-4,1.2157407543853039E-5,0.0011957612799827016,1.738834226728416E-5,1.2380091687852457E-5,2.1800883027921257E-4,6.797756215026304E-5,1.697068036562044E-5,0.002570937232632483,5.0301454059194423E-5,1.301738257544292E-4,6.273328026890531E-4,1.3179031194214753E-5,1.3879226950897723E-5,6.639833609523879E-4,0.009858130918558859,4.766956778430162E-4,4.5206076575458214E-5,1.81078831521841E-4,2.7929934995852236E-5,6.175311934128886E-5,0.0017178106903640252,6.494931683745797E-4,3.6372275605762343E-5,0.021955964239013633,3.024093495233658E-4,1.9659417334234235E-4,0.0025673759867635487,1.4558431875441503E-5,0.03858221972470523,1.8242113941831365E-5,2.35437170219576E-5,1.3426060163863227E-5,1.7028918816042475E-4,2.1537008861406587E-5,2.777571519935243E-4,0.0011781542034502918,1.1463891684005879E-5,2.7397242638138215E-5,7.026232046530874E-4,2.6795340798190568E-5,7.875925181227074E-4],[3.2626101858369366E-4,1.0,4.7695930502396854E-4,6.183321299562308E-4,1.531052525994359E-4,4.63055692813721E-4,6.417704154210326E-5,0.0038480924400290774,1.994971628369414E-4,0.001124653492665523,0.0020742180081991354,5.224116435391226E-4,0.0016313076110867127,6.036377985260547E-4,3.821279908411337E-4,0.0014299040265665218,3.4659781466836643E-4,2.343307587668308E-5,0.0010395905023399534,4.8553529380745606E-4,5.202966032093305E-4,0.0019022381635800676,1.476305300733148E-4,4.718976676555457E-4,6.090960427401426E-4,1.43229945194177E-4,3.5156447513838514E-4,0.0013616711883610853,0.022116398037785895,8.548768645386413E-4,2.469351710407653E-4,0.002057744783395321,1.8549451933349588E-4,2.7356105022267456E-4,8.255735955573751E-4,0.005798562787831671,3.1115005340158876E-4,0.030918433806757722,5.385638514307891E-4,2.3555965801177228E-4,0.0032358577571670153,3.3501299034783443E-4,0.0017388782789439423,1.836148283445958E-4,2.462936820196856E-4,4.950940187546025E-4,5.16081035304232E-4,1.3453816838331496E-4,3.67637494570836E-4,0.0012018933546878276,3.7391624904083794E-4,1.5209100701208723E-4,8.008759782818469E-4,3.2379422505695064E-4,0.0011543527727801836],[1.625256246564062E-4,4.7695930502396854E-4,1.0,8.00045294456383E-4,1.8846856720806647E-4,2.5609236349908676E-4,1.916812762760327E-4,0.006553926989116175,2.891238713613197E-4,9.40514386210951E-4,0.0038077946980899194,5.026653346084718E-4,0.0013524231144953576,7.883157390742135E-4,2.1763525226399717E-4,5.806237152902877E-4,2.4821196900202464E-4,2.5525727596462225E-4,0.0028555066767308223,1.763031936107336E-4,1.8233706686678056E-4,0.0012547530465208314,2.86614183690761E-4,3.9816196271747E-4,0.0011348988322755894,1.2186104831518751E-4,1.6424431518193236E-4,0.0010608651252630946,0.018669651190708382,0.0015086736710537782,2.492719102258876E-4,8.251580527518147E-4,2.499231089866124E-4,2.391174628703031E-4,0.0032437443594096663,0.005738329086505234,2.8551172648690076E-4,0.0344463227946613,5.318994609172405E-4,2.632798704414963E-4,7.7136912693292E-4,3.1571936399039225E-4,0.044593413995435385,2.5022215539510675E-4,3.908654282561254E-4,3.606325907960496E-4,3.2803817931692633E-4,2.963736124503681E-4,4.085976419565642E-4,5.980015131702412E-4,4.357646900689115E-5,3.1876912128431326E-4,8.19744119446017E-4,2.641492264996019E-4,6.01278213015432E-4],[5.5556007714227E-5,6.183321299562308E-4,8.00045294456383E-4,1.0,1.472966641596547E-4,7.970915223214075E-4,4.88442749145259E-4,0.001966730388586871,4.943200672047351E-4,0.0012539022530777943,0.0012214859250779244,5.898526576948625E-4,0.0018078514741944186,0.0011244489939254015,1.3897601040374613E-4,0.0014293000962937433,8.097393629537459E-4,1.949502582076978E-4,0.001716347863040001,7.308322050846752E-4,6.965911840368564E-5,0.001811012500379152,0.001099387202730925,9.989688823366471E-4,0.0015438823426450828,4.2139507512025753E-4,1.0186401323004102E-4,0.001212928268376026,0.013304603703468254,0.001784033412111522,4.401491953357565E-4,0.0012724169877886458,3.0533734064859053E-4,8.619915004110726E-4,0.003112785449100341,0.0058059721032342046,7.76599879668513E-4,0.01539858001127953,9.521352091948108E-4,5.292205262204248E-4,0.0029569990936550083,9.108516635702244E-4,0.029629116272681298,6.765349567411244E-5,8.693323995845204E-5,8.31625105704295E-4,7.27391503663548E-4,9.265151707518202E-4,6.892454965261681E-4,0.0011869248497906409,3.1501700198409877E-4,5.919884594143583E-4,0.0011082820718168434,5.586349134456294E-4,0.0011385918145766388],[2.3665567099396442E-5,1.531052525994359E-4,1.8846856720806647E-4,1.472966641596547E-4,1.0,9.294686510620743E-5,1.011991513564964E-4,0.0038954847226891,1.260491247661211E-4,0.0019347029783997238,0.0039443636870322265,4.6495016359668416E-4,6.08476504808705E-4,1.5091664531594629E-4,4.4219306632846045E-5,0.001213242648191977,3.028171763720524E-5,1.45343443958806E-5,0.0030527484062246976,1.0377477691223039E-4,5.169158428546836E-5,7.755844026348929E-4,1.415462716079341E-4,1.9472722707141197E-4,0.0016612425012866164,1.258485729137145E-4,5.0729187992926024E-5,4.2711972799042597E-4,0.029544555191911077,0.0013373418752845015,8.446498450595295E-5,1.4544987083574295E-4,1.233928578720713E-4,1.4293864040603978E-4,0.0013881672392939898,0.004179460100888568,8.041685080486631E-5,0.019076645432920505,2.8021493627700394E-4,1.3099978256281926E-4,0.002709292568860122,6.251187212477702E-5,7.547148396360056E-4,5.024661437305183E-5,1.1751439250995092E-4,1.0069009092111931E-4,1.5253519779202625E-4,1.2534796819651134E-4,1.807100987022559E-4,0.0011058137551102302,3.919378911609871E-5,1.23531098961593E-4,7.638501296593825E-4,1.5508877574073662E-4,0.001592560411263407],[1.1335454134534388E-5,4.63055692813721E-4,2.5609236349908676E-4,7.970915223214075E-4,9.294686510620743E-5,1.0,1.7962361078939387E-5,0.013922013533569897,1.1112919428421178E-4,0.0011183393904418608,0.003747602173630026,5.130945094405406E-4,0.0010182193536269217,1.8295707780011585E-5,1.2185312950833668E-5,0.0014165523404499247,1.2125112544449564E-5,1.1141944609418353E-5,0.0024624627529006076,6.433483203090053E-5,1.425612877780324E-5,7.424582398656253E-4,2.977506581936256E-5,7.485730625951676E-5,2.7025105683834853E-4,1.390091451837817E-5,1.3040124480807661E-5,6.678136981166485E-4,0.017465059871796664,0.001029710237826545,4.938875469986608E-5,0.002725210640487525,4.913562755401755E-5,5.043458125963511E-5,0.0014108741420547214,0.006602754674435663,2.49451269310932E-5,0.02836735923598481,1.7604085249785933E-4,1.5596627200176096E-4,0.002236530974601818,2.6298597209106547E-5,0.05146891008598941,1.6907286565019275E-5,2.5597752938439308E-5,1.6796356238036323E-5,5.442680501500207E-5,9.938249343939432E-5,1.7456869667528147E-5,4.488445422365212E-4,1.131309660305387E-5,9.368251723233368E-5,2.263369442208067E-4,6.603890280700672E-5,0.001125602093187407],[1.685443150013344E-5,6.417704154210326E-5,1.916812762760327E-4,4.88442749145259E-4,1.011991513564964E-4,1.7962361078939387E-5,1.0,0.008969898059871289,3.104282688311126E-5,9.02076895931526E-4,0.0024873486798791655,6.997632002240581E-5,0.0013147881572302524,0.0013237910543827602,1.783344091955306E-5,2.023582246293389E-4,2.4699465683441426E-5,1.7837628537119167E-5,0.00127468245490016,2.6100666096009473E-5,1.901443261015289E-5,0.0026230905815434837,2.239821342823783E-5,9.651347224619189E-5,7.62186221914685E-4,1.825405823978442E-5,1.8014531746403027E-5,4.621101185479034E-4,0.010904506198259521,0.0018389846659912989,5.5964894919878676E-5,0.002101826353345342,8.522513514642096E-5,1.4928862545325312E-4,0.003546825210659864,0.003699550869744375,3.1162353438386764E-5,0.029170754501301792,2.171157244910402E-4,3.6067764990452026E-5,0.002593995703330829,1.8806749183834022E-5,0.07971749791306211,1.872768151293341E-5,1.937821453699962E-5,1.8259159857707196E-5,1.1477022561676915E-4,1.9935694378542036E-5,1.823241997506756E-4,0.0010497025576043056,1.7515095943094687E-5,5.219014824853173E-5,8.112233729821858E-4,1.0770944435958157E-4,9.884827150765142E-4],[0.006371078910447166,0.0038480924400290774,0.006553926989116175,0.001966730388586871,0.0038954847226891,0.013922013533569897,0.008969898059871289,1.0,0.0029782096511016018,0.0050925464862832505,0.009045511532440124,0.012147879215896992,0.005036847995266595,0.011888033134612772,0.005653076221875045,0.002506020251372725,0.006740673298598112,0.013067030315473153,0.004683045667469892,0.01317059675989898,0.005638652083136331,0.011942547444732337,0.012194980621539614,0.006156012776595564,0.005872097842108877,0.003469554443226526,0.012404522083238634,0.010733099065440902,0.022386341436227274,0.005232301954707518,0.012544938469391764,0.006505749672099241,0.01366520392723576,0.006616545502018954,0.014049437084023004,0.01279461831480849,0.013807162844419352,0.018216594949572232,0.01055749193869997,0.010569235648938888,0.006567153984073501,0.009663512923319054,0.06290376304483829,0.01120452746522621,0.0022997982568702066,0.00992914171170953,3.4661028101917485E-4,0.0022658854292551553,0.009162969095719547,0.013435486632426927,0.0026326840221592702,0.011511361813176682,0.011661325242289952,0.007632926502953935,0.00725702080095271],[9.548554439531455E-5,1.994971628369414E-4,2.891238713613197E-4,4.943200672047351E-4,1.260491247661211E-4,1.1112919428421178E-4,3.104282688311126E-5,0.0029782096511016018,1.0,0.0013708618623601997,0.0017281660472342093,2.3224779179394713E-4,3.3175960690171974E-4,0.0013607539604828568,3.912428620372036E-5,3.3737405892379953E-4,3.9121937704198734E-5,5.9723896139170354E-5,1.7103421221345333E-4,1.0214295831318002E-4,8.013281868245943E-5,0.002306142814576191,1.3726560466603615E-4,2.571477619142465E-4,4.989774475804918E-4,8.531221480135604E-5,4.6284627827305016E-5,9.555069167709684E-4,0.019122598033090438,0.0016752996318567235,6.547203204128972E-5,0.0015735466918959226,1.0725588203658983E-4,1.3983496273169734E-4,0.002806642996664526,8.248135619336923E-4,1.0137210541638599E-4,0.032897189657128914,1.767181729282015E-4,1.7606311570361172E-4,0.0011762579664128872,6.338611141465633E-5,0.08036234741143784,3.866746730008017E-5,4.74578904570183E-5,1.1670871023555432E-4,1.7100800493700298E-4,1.0861412250785456E-4,2.1781330005770752E-4,1.8179232109675434E-4,8.235214682312698E-5,1.2084258175531102E-4,4.6656528532667586E-4,1.2698743465370234E-4,0.0011134078289172498],[7.74737877542457E-4,0.001124653492665523,9.40514386210951E-4,0.0012539022530777943,0.0019347029783997238,0.0011183393904418608,9.02076895931526E-4,0.0050925464862832505,0.0013708618623601997,1.0,0.0038631411921665458,0.0017785721723357372,0.001976268439248214,0.0018544618021963067,0.0017492759277171464,0.0019212289840816708,5.696370148173121E-4,5.225500604037707E-4,0.003365253894495026,7.079623411974545E-4,0.0017057970876510039,0.0021680501060726957,0.0016671488735675406,0.001979378254255518,0.0019074723391113444,7.520107427772318E-4,0.0017262002454402209,0.0016570853472105476,0.026425699294817355,0.0022254548016105526,2.1744527626812624E-4,0.0023580764999290636,7.236561619017629E-4,0.0017992452023996202,0.002864830200248461,0.0030389620624503948,5.415898257179213E-4,0.029277836199979666,0.0019614059537070468,0.0012507347691296093,0.0023355158339957234,0.001175964968305865,0.013257455149343353,0.0014727616688677725,0.001232776453396572,6.037187451670192E-4,8.050056554643549E-4,0.001461296002172552,5.366097383963678E-4,0.0017020830102711143,4.224948690574178E-5,5.26768000173348E-4,0.0015220001726465931,0.0014031944941322863,0.0019391633546674138],[0.0028102110518747497,0.0020742180081991354,0.0038077946980899194,0.0012214859250779244,0.0039443636870322265,0.003747602173630026,0.0024873486798791655,0.009045511532440124,0.0017281660472342093,0.0038631411921665458,1.0,0.0041852220338093995,0.0020054372968264377,0.0029158216042082224,1.3044859460280373E-4,0.00178152251240039,0.0032690046784213025,0.0022967394008884825,0.004422603370771375,0.0024512211566898373,0.004339952381394576,0.003931378778219014,7.05085914301879E-4,0.001269219384238917,0.003030001646734263,8.719396910794092E-4,0.003216409614177818,0.002384735082045267,0.015681274313116663,0.003695610868998934,0.0013393411898931747,0.0029875698033690716,0.0019098489484052044,0.0022688465185962885,0.0037263981099650545,0.0052923993152939695,0.0034997887040178785,0.024201100147627785,0.0028824414258989198,0.0035443495319137687,0.004369719147206551,0.004522221205675553,0.07731135981102163,6.434457984449869E-4,1.0560673284652536E-4,0.0029164250432582206,0.0024540559172412,0.002895524611245996,0.0010079510882668088,0.0018232732576138606,0.0022914354195672335,0.0023860496949742386,0.0031209505681219388,0.00182974305168662,0.0040883514521273135],[3.80588174575917E-4,5.224116435391226E-4,5.026653346084718E-4,5.898526576948625E-4,4.6495016359668416E-4,5.130945094405406E-4,6.997632002240581E-5,0.012147879215896992,2.3224779179394713E-4,0.0017785721723357372,0.0041852220338093995,1.0,0.0014637406741813954,5.742400662045431E-4,3.573590802199246E-4,0.001144050036614995,3.0290055963999634E-4,4.15797246617005E-4,0.0017514190742830345,1.1454410099326516E-4,5.114769596525077E-4,0.001612565412579494,4.271479962824825E-4,4.5699386498413016E-4,0.001352475533909023,1.6551264679289757E-4,1.8750127894098817E-4,6.448992571403299E-4,0.015074178957616863,0.0020554583160580665,1.471450576159939E-4,6.446234504163988E-4,4.631299199879151E-4,2.3239188941767805E-4,5.235363281546325E-4,0.003168447192816142,2.791925166003359E-4,0.006899863177577276,5.227217053472142E-4,4.959327683970413E-4,0.0020447587425584564,9.954152326328391E-5,0.017075816370662824,4.449243077959486E-4,3.757874923557072E-4,2.187807097434917E-4,2.3996488767664956E-4,2.4424362777353926E-4,3.4916334197975906E-4,9.265790359708906E-4,4.0560054928610964E-4,2.6365104505506396E-4,9.93288903588361E-4,2.7846079852156974E-4,7.772089644248862E-4],[0.0018927661713043329,0.0016313076110867127,0.0013524231144953576,0.0018078514741944186,6.08476504808705E-4,0.0010182193536269217,0.0013147881572302524,0.005036847995266595,3.3175960690171974E-4,0.001976268439248214,0.0020054372968264377,0.0014637406741813954,1.0,0.0016395714765945703,5.886993680867379E-4,0.001964364207632725,0.001843737955319827,0.0016408263403180187,0.0025958843648660915,0.001623953113802915,6.119825235164733E-4,0.0024119712114801383,8.017126721589514E-4,0.0015648509312541272,0.00186892604335982,6.508930420786872E-5,2.580249790370822E-4,0.0018007894695105616,0.017891227350147403,0.002147510725469919,0.0010126560029834603,0.002009721286015048,0.0019369258200155753,3.1337524240439345E-4,0.0020073530712621155,0.005922440834339045,0.001153542871961952,0.005772687292768829,0.0018027593214706647,6.295282997884181E-4,0.002453252974664199,0.0019029687898290005,0.041912180723015065,0.0013396286636937116,9.339951717333164E-4,0.001737466162480326,0.0018888402917578316,0.001124577693698655,0.001939598972538215,0.0017979443827553874,5.342614034379557E-4,0.0010563048772712126,0.0014741736245889494,0.0018656789689918093,0.0019323844588061015],[9.268630427857263E-4,6.036377985260547E-4,7.883157390742135E-4,0.0011244489939254015,1.5091664531594629E-4,1.8295707780011585E-5,0.0013237910543827602,0.011888033134612772,0.0013607539604828568,0.0018544618021963067,0.0029158216042082224,5.742400662045431E-4,0.0016395714765945703,1.0,2.1020079680544418E-4,0.0014446624926835179,6.594453968149942E-4,4.794466728569253E-4,0.0015501961156311902,2.3546108298430355E-4,8.877946812094249E-4,0.002080583875926599,0.0010867051681283926,9.167676629462157E-4,0.001429208408910196,4.6527912870626204E-4,3.8663551440463594E-4,0.0013759417216723817,0.029921091986219533,0.002029099777215858,6.566939131540623E-4,0.0026166578883842356,4.63361334605357E-4,3.847423607103765E-4,0.0033852230876665725,0.002867643828874636,3.219894726769801E-4,0.00719079173303118,0.001354802854913659,0.0010761627449134329,0.0021621275420298717,5.278511060565594E-4,0.03352023977845245,2.1249886794202883E-4,8.640849004370268E-4,1.5226018939633378E-4,0.0013187047149371665,5.488703652265037E-4,0.0013618435314843513,0.0013086390200679442,0.0011333784490809111,5.180117711051941E-4,0.001235216811228571,0.0012768237894246436,0.0018218023644547437],[1.2157407543853039E-5,3.821279908411337E-4,2.1763525226399717E-4,1.3897601040374613E-4,4.4219306632846045E-5,1.2185312950833668E-5,1.783344091955306E-5,0.005653076221875045,3.912428620372036E-5,0.0017492759277171464,1.3044859460280373E-4,3.573590802199246E-4,5.886993680867379E-4,2.1020079680544418E-4,1.0,4.330784467275863E-4,1.85184794864889E-5,1.3281897713936621E-5,0.0022452663955675124,5.046204156206665E-5,1.818108169872872E-5,7.08249679693255E-4,2.103254703332313E-5,3.114654708739368E-4,0.0011168044243850504,1.4713108297474508E-5,1.6637388286486656E-5,0.0013304469314417992,0.027451843399714584,0.0011723987709173474,4.051256197659732E-5,0.002231580685832694,4.453971369609043E-5,4.092800369373523E-5,8.436432014551109E-4,8.595196172742397E-4,2.8682613207007335E-5,0.00818387310081686,3.8710369594180383E-4,1.4740042838250574E-4,6.124160062409068E-4,2.7060935038727315E-5,0.02099254987152274,1.8364025935411847E-5,1.784123792692443E-5,1.7837208810922982E-5,1.4214053300036424E-4,7.457743682818158E-5,9.478400584264128E-5,8.536147290172119E-4,1.1384689739369984E-5,3.754104103001673E-5,8.227230601843515E-4,1.4419036000798218E-4,0.0016981194246584092],[0.0011957612799827016,0.0014299040265665218,5.806237152902877E-4,0.0014293000962937433,0.001213242648191977,0.0014165523404499247,2.023582246293389E-4,0.002506020251372725,3.3737405892379953E-4,0.0019212289840816708,0.00178152251240039,0.001144050036614995,0.001964364207632725,0.0014446624926835179,4.330784467275863E-4,1.0,0.001375385573720354,0.0012006886139351264,0.0023982545962944702,8.223425110315028E-4,0.001343729622138165,0.002437905350834407,6.009626211862575E-4,3.440659332616911E-4,0.0016581549146575053,8.816137605846229E-4,4.18642927176156E-4,0.00149721003117244,0.003970761623273048,0.0020082056410516674,3.748426195609504E-4,0.0022173466138627473,1.2762170004586355E-4,8.700928785006868E-4,0.0022569493703446146,0.0038772942833443843,2.0861119872744947E-4,0.011823775547172717,9.803844302666924E-4,0.0011746647165255663,0.002225988695168003,2.8027229322931526E-4,0.047429921598105426,8.818361918709137E-4,5.971148776331636E-4,0.0010515629563672246,8.940751767916916E-4,0.0011067997784992714,7.140993129843451E-4,0.0013984556455103139,6.35873511644087E-4,0.0013201294154816321,0.0012483777212542293,5.760870182383523E-4,0.0018320486511192947],[1.738834226728416E-5,3.4659781466836643E-4,2.4821196900202464E-4,8.097393629537459E-4,3.028171763720524E-5,1.2125112544449564E-5,2.4699465683441426E-5,0.006740673298598112,3.9121937704198734E-5,5.696370148173121E-4,0.0032690046784213025,3.0290055963999634E-4,0.001843737955319827,6.594453968149942E-4,1.85184794864889E-5,0.001375385573720354,1.0,1.5916039172107684E-5,0.0027280021333824503,6.150969003233255E-5,1.9797821045707412E-5,0.0018713113936072443,1.1857824212592264E-4,2.2478266344580334E-4,9.568167716736182E-4,2.0339328725971102E-5,2.1147876169443817E-5,5.533656831851663E-4,0.01839308031264153,2.3604743715249167E-4,5.051204213517086E-5,5.510358414549611E-4,5.721489558822855E-5,1.6945281437233774E-4,0.0017516105772574521,0.0010776534322456347,3.140712250838412E-5,0.005941505917398957,3.8504971053546E-4,6.477568640218493E-5,0.0012425884522448503,2.7397214606271876E-5,0.07443846872166804,2.319663519362727E-5,2.7691872909751165E-5,2.254390010833369E-5,5.3196253608839614E-5,6.730928571793252E-5,2.694203892969067E-4,9.416924134494035E-4,1.6414099035730394E-5,6.166234613939744E-5,3.2041332534252096E-4,1.5056454624233753E-4,0.0012100858833044355],[1.2380091687852457E-5,2.343307587668308E-5,2.5525727596462225E-4,1.949502582076978E-4,1.45343443958806E-5,1.1141944609418353E-5,1.7837628537119167E-5,0.013067030315473153,5.9723896139170354E-5,5.225500604037707E-4,0.0022967394008884825,4.15797246617005E-4,0.0016408263403180187,4.794466728569253E-4,1.3281897713936621E-5,0.0012006886139351264,1.5916039172107684E-5,1.0,0.002720810795477627,8.300718755195763E-5,1.4849827658309402E-5,9.310768043960271E-4,1.1902757255063926E-4,1.0150209832818876E-4,6.911485909049924E-4,1.430211635434101E-5,1.3741147968784667E-5,0.0010602575200931487,0.01866412744120115,3.2132326504007624E-5,1.3827942295470691E-5,0.002260318886836184,9.143787992451395E-5,3.799883009108526E-5,0.0015190509524625677,0.0032805451590295154,3.5085807285815E-5,0.019948983413319903,7.958774834385682E-5,5.811464179937583E-5,7.845242506370014E-4,2.0383168664141184E-5,0.007591780733682724,1.4692628604503239E-5,3.181102027471526E-5,1.4173638894468139E-5,8.141623795174833E-5,3.252583540883681E-5,1.2775179491199753E-4,6.668553823737603E-5,1.1574330514135645E-5,2.3418033098867734E-5,9.232340621999884E-4,8.949444331914545E-5,4.473466535085111E-4],[2.1800883027921257E-4,0.0010395905023399534,0.0028555066767308223,0.001716347863040001,0.0030527484062246976,0.0024624627529006076,0.00127468245490016,0.004683045667469892,1.7103421221345333E-4,0.003365253894495026,0.004422603370771375,0.0017514190742830345,0.0025958843648660915,0.0015501961156311902,0.0022452663955675124,0.0023982545962944702,0.0027280021333824503,0.002720810795477627,1.0,0.0019557044239928317,0.002186112400702047,0.00326690100696709,0.0012671184175458055,7.638335568584914E-4,0.0031432926349243464,0.0018345507718381705,0.0034089842775376715,0.002252572925849984,0.031158642907946885,0.0033498988168408194,0.0012505828750640749,0.0030037053585251806,0.0029653753932785,0.002016786816294825,0.003644335141117281,0.005424141871986008,3.393285038391109E-4,0.023297102977707637,8.843736924658746E-4,0.002109773554820174,0.003426919575715911,0.0011666066902746488,0.04194687025418435,0.00262441056456412,2.636549197809162E-4,0.001936891172852014,6.910547083760763E-4,0.0032450537634387835,5.631845765688363E-4,0.003056256164938419,0.002297553499187944,0.0017133831988186345,0.0025147822824444577,3.489783050140265E-4,0.002208743505078302],[6.797756215026304E-5,4.8553529380745606E-4,1.763031936107336E-4,7.308322050846752E-4,1.0377477691223039E-4,6.433483203090053E-5,2.6100666096009473E-5,0.01317059675989898,1.0214295831318002E-4,7.079623411974545E-4,0.0024512211566898373,1.1454410099326516E-4,0.001623953113802915,2.3546108298430355E-4,5.046204156206665E-5,8.223425110315028E-4,6.150969003233255E-5,8.300718755195763E-5,0.0019557044239928317,1.0,2.2868927764343214E-5,0.0018616499913673206,1.091904075181211E-4,3.096540557079875E-4,0.0010933486778563167,8.15258237101587E-5,3.5127384994101456E-5,4.008110908204042E-4,0.02077793453574446,3.59966741590975E-4,7.697118381679708E-5,0.0024539616940036204,1.0345195545432056E-4,1.4509859714847222E-4,7.568300792712418E-4,0.005960552983130702,7.729781839090492E-5,0.002550917999330904,4.080289178040985E-4,1.7211668534068106E-4,3.282502679125849E-4,8.695096241563278E-5,0.07217738605298811,9.825325053493879E-5,5.037124949994903E-5,6.662346058006343E-5,1.5217463180322864E-4,1.0682712605393298E-4,1.1473316812073619E-4,7.619913738611511E-4,3.390388552837863E-5,1.1830220564654472E-4,5.170613748357518E-4,1.665662993993317E-4,1.3506582565953558E-4],[1.697068036562044E-5,5.202966032093305E-4,1.8233706686678056E-4,6.965911840368564E-5,5.169158428546836E-5,1.425612877780324E-5,1.901443261015289E-5,0.005638652083136331,8.013281868245943E-5,0.0017057970876510039,0.004339952381394576,5.114769596525077E-4,6.119825235164733E-4,8.877946812094249E-4,1.818108169872872E-5,0.001343729622138165,1.9797821045707412E-5,1.4849827658309402E-5,0.002186112400702047,2.2868927764343214E-5,1.0,0.002268498201820921,2.7194962706315925E-5,2.8407276687075246E-4,8.735692705865698E-4,1.6779330101403826E-5,1.861971760957316E-5,0.0010082111717380276,0.03537119412512867,0.0015092987644320032,5.6510638330677344E-5,6.443627897539078E-4,4.640640763620298E-5,6.878620256260847E-5,0.0011015498869017745,0.001367280929982139,4.26903128985841E-5,0.003484631329020258,9.49981517581675E-5,1.0966926382984181E-4,6.674083161323544E-4,2.2601442000157174E-5,0.04344754074852869,1.9287001703863593E-5,2.0123711587949203E-5,1.827425610496582E-5,2.026809312262478E-5,3.8529278799058536E-5,2.1883890717666146E-4,8.466165620261829E-4,1.3879658628387764E-5,8.173841159891784E-5,2.6065289778178435E-4,4.4201831722523474E-5,3.906755114327742E-4],[0.002570937232632483,0.0019022381635800676,0.0012547530465208314,0.001811012500379152,7.755844026348929E-4,7.424582398656253E-4,0.0026230905815434837,0.011942547444732337,0.002306142814576191,0.0021680501060726957,0.003931378778219014,0.001612565412579494,0.0024119712114801383,0.002080583875926599,7.08249679693255E-4,0.002437905350834407,0.0018713113936072443,9.310768043960271E-4,0.00326690100696709,0.0018616499913673206,0.002268498201820921,1.0,0.002409107932021755,7.114141007278211E-4,0.002533157338544109,0.002011926672987466,0.0016574097426672468,0.00206425097995602,0.01222957331365215,0.0022894341823414626,2.0128556662396522E-4,0.0027497091742267337,6.548548162268772E-4,0.0019208535191300596,0.0035545509009900127,0.004092870428976862,0.0026700520999908823,0.03390528844917585,0.0010223485820051125,0.0024940256056433904,0.003248341914417697,0.0014564435144800705,0.02029546483938648,0.0013632621474623313,0.001580133884363036,0.0017203557946641641,6.638515239971708E-4,0.0023913388518131545,7.633407417149533E-4,0.0018075859650512204,0.001824331975782335,4.035383857902005E-4,0.0012039563589954629,0.0014529068232801124,0.002497216855498582],[5.0301454059194423E-5,1.476305300733148E-4,2.86614183690761E-4,0.001099387202730925,1.415462716079341E-4,2.977506581936256E-5,2.239821342823783E-5,0.012194980621539614,1.3726560466603615E-4,0.0016671488735675406,7.05085914301879E-4,4.271479962824825E-4,8.017126721589514E-4,0.0010867051681283926,2.103254703332313E-5,6.009626211862575E-4,1.1857824212592264E-4,1.1902757255063926E-4,0.0012671184175458055,1.091904075181211E-4,2.7194962706315925E-5,0.002409107932021755,1.0,1.6538251007438656E-4,6.812834067514883E-4,7.489335521293093E-5,8.55568754091299E-5,0.0011580976836427688,0.02772916159693133,8.379753124296777E-4,1.365358629701467E-4,8.206779501921602E-4,1.1476549655137644E-4,1.466858526835267E-4,2.0711297488723438E-4,2.443052142153526E-4,8.591679119181509E-5,0.02133376430501155,1.8978714374863343E-4,1.9288176864725118E-4,0.0035384475754814066,1.3913912847840355E-4,0.0027145285938591367,1.298418550426162E-4,8.180432301083235E-5,6.1020872816429336E-5,1.6270186062148677E-4,1.4253309746154808E-4,2.56186012102972E-4,9.029931235842411E-4,9.89234327863544E-5,1.416465814103159E-4,4.8254854079934494E-4,1.6541951531041284E-4,0.0016929523970635545],[1.301738257544292E-4,4.718976676555457E-4,3.9816196271747E-4,9.989688823366471E-4,1.9472722707141197E-4,7.485730625951676E-5,9.651347224619189E-5,0.006156012776595564,2.571477619142465E-4,0.001979378254255518,0.001269219384238917,4.5699386498413016E-4,0.0015648509312541272,9.167676629462157E-4,3.114654708739368E-4,3.440659332616911E-4,2.2478266344580334E-4,1.0150209832818876E-4,7.638335568584914E-4,3.096540557079875E-4,2.8407276687075246E-4,7.114141007278211E-4,1.6538251007438656E-4,1.0,0.0016333660287153578,2.854907640222418E-4,7.249443749222486E-5,9.235156478900752E-4,0.023769697828198398,0.002010411684792964,1.6319156840618695E-4,0.0010483932475717755,2.1043028619053666E-4,2.8253241243668425E-4,0.001553873511479797,0.004553144920558482,1.8028347686163362E-4,0.004206117286552648,5.25525488600299E-4,3.083986427219686E-4,0.0029066309888828826,8.969874387899308E-5,0.04221855698703663,1.229383312965375E-4,2.055183015625248E-4,2.838554734232901E-4,1.9072099961640697E-4,2.339576598330359E-4,3.04322940702521E-4,4.983357007713931E-4,2.5891359272750704E-4,1.701363281986307E-4,5.196820674666586E-4,3.0668432885993987E-4,5.194280467726881E-4],[6.273328026890531E-4,6.090960427401426E-4,0.0011348988322755894,0.0015438823426450828,0.0016612425012866164,2.7025105683834853E-4,7.62186221914685E-4,0.005872097842108877,4.989774475804918E-4,0.0019074723391113444,0.003030001646734263,0.001352475533909023,0.00186892604335982,0.001429208408910196,0.0011168044243850504,0.0016581549146575053,9.568167716736182E-4,6.911485909049924E-4,0.0031432926349243464,0.0010933486778563167,8.735692705865698E-4,0.002533157338544109,6.812834067514883E-4,0.0016333660287153578,1.0,9.809185988283089E-4,9.050627833253412E-5,0.001664385883991932,0.015842986280744466,0.0018118423013811504,4.491333927923545E-4,0.002814520698207924,0.001274066904019604,4.154360722695262E-4,0.0028532281617824258,0.0020834895019544585,0.001629768639969767,0.022261004034872082,0.0016195979049368466,3.1154639204780785E-4,0.0034584521245675758,0.0013425756027811246,0.07163897816776098,4.779352958077979E-4,1.6207309826618397E-4,0.001594602294289444,0.0016076309470682522,0.0012878384709446528,5.141770710495843E-4,0.0013462275938250607,0.0010749943045708684,3.7606094387665495E-4,0.0012762006372502449,3.073193121086511E-4,0.0017497847754460749],[1.3179031194214753E-5,1.43229945194177E-4,1.2186104831518751E-4,4.2139507512025753E-4,1.258485729137145E-4,1.390091451837817E-5,1.825405823978442E-5,0.003469554443226526,8.531221480135604E-5,7.520107427772318E-4,8.719396910794092E-4,1.6551264679289757E-4,6.508930420786872E-5,4.6527912870626204E-4,1.4713108297474508E-5,8.816137605846229E-4,2.0339328725971102E-5,1.430211635434101E-5,0.0018345507718381705,8.15258237101587E-5,1.6779330101403826E-5,0.002011926672987466,7.489335521293093E-5,2.854907640222418E-4,9.809185988283089E-4,1.0,1.685064277761602E-5,4.002761337524856E-5,0.023300079930794037,4.3178615764449124E-4,3.9932106814006746E-5,4.517496885391249E-4,4.552452238880972E-5,5.449693234456867E-5,0.0011113337916560067,0.004788715794509697,2.725368771891142E-5,0.035026132407189034,2.158312878034247E-5,1.2448717531056606E-4,0.0013810963902524957,2.285022807873522E-5,0.0032830154025778662,1.7194102662483947E-5,1.924741867180622E-5,1.7012745324103544E-5,8.665076034902555E-5,5.34861116909536E-5,2.0485552133359125E-4,0.0010492716200058813,1.4446048950323321E-5,5.083077983366319E-5,6.443150832024974E-4,1.0332062601634897E-4,0.0018895268798753183],[1.3879226950897723E-5,3.5156447513838514E-4,1.6424431518193236E-4,1.0186401323004102E-4,5.0729187992926024E-5,1.3040124480807661E-5,1.8014531746403027E-5,0.012404522083238634,4.6284627827305016E-5,0.0017262002454402209,0.003216409614177818,1.8750127894098817E-4,2.580249790370822E-4,3.8663551440463594E-4,1.6637388286486656E-5,4.18642927176156E-4,2.1147876169443817E-5,1.3741147968784667E-5,0.0034089842775376715,3.5127384994101456E-5,1.861971760957316E-5,0.0016574097426672468,8.55568754091299E-5,7.249443749222486E-5,9.050627833253412E-5,1.685064277761602E-5,1.0,9.493016216989203E-5,0.03410685884683969,0.0011118980980659725,2.172197577549689E-5,6.959858289849767E-4,4.664171262376948E-5,6.322644780356381E-5,0.00160944671400522,0.0034986831171734973,3.014560839258817E-5,0.033285883293746044,2.9610317739868204E-4,1.8904471979404755E-4,0.0031370487639816257,2.771924218308619E-5,0.043660510972040066,1.7904334233259308E-5,2.7501656042577488E-5,1.75732773960535E-5,1.4588203898021864E-4,3.667090475080293E-5,1.777860909847705E-4,7.964524948323295E-4,1.4612740241559762E-5,9.535940117980633E-5,4.999199845141519E-4,1.1238419877529702E-4,8.851373947322813E-4],[6.639833609523879E-4,0.0013616711883610853,0.0010608651252630946,0.001212928268376026,4.2711972799042597E-4,6.678136981166485E-4,4.621101185479034E-4,0.010733099065440902,9.555069167709684E-4,0.0016570853472105476,0.002384735082045267,6.448992571403299E-4,0.0018007894695105616,0.0013759417216723817,0.0013304469314417992,0.00149721003117244,5.533656831851663E-4,0.0010602575200931487,0.002252572925849984,4.008110908204042E-4,0.0010082111717380276,0.00206425097995602,0.0011580976836427688,9.235156478900752E-4,0.001664385883991932,4.002761337524856E-5,9.493016216989203E-5,1.0,0.003948310992654229,0.0021093001954544514,0.0014505596319087264,0.0019409134634053166,5.140697387627292E-4,3.483038517907398E-4,0.0016241762477232696,0.006361635366635414,0.0012685563999011668,0.015782951375778603,9.24419655977236E-4,0.0011608431275314229,0.0030231618861868174,9.650679547420849E-4,0.01661366474877304,3.258676871570307E-4,0.0013051958127899776,0.0011589480948343673,7.101264675120229E-4,0.0011899434624298199,3.447834926374207E-4,0.0013641170596025221,5.93717487200821E-4,4.101397305078411E-4,0.0014896242541708852,4.701820742238374E-4,0.0017973631392587622],[0.009858130918558859,0.022116398037785895,0.018669651190708382,0.013304603703468254,0.029544555191911077,0.017465059871796664,0.010904506198259521,0.022386341436227274,0.019122598033090438,0.026425699294817355,0.015681274313116663,0.015074178957616863,0.017891227350147403,0.029921091986219533,0.027451843399714584,0.003970761623273048,0.01839308031264153,0.01866412744120115,0.031158642907946885,0.02077793453574446,0.03537119412512867,0.01222957331365215,0.02772916159693133,0.023769697828198398,0.015842986280744466,0.023300079930794037,0.03410685884683969,0.003948310992654229,1.0,0.024826524982765504,0.0356922410442163,0.004737592265655177,0.017743818195584477,0.019189955794942433,0.008574194916978969,0.026524704221179658,0.030499494362613996,0.03571428571428571,0.022309458476965267,7.309545685067804E-4,0.023520789664670264,0.0054552884897172875,0.07628541318704352,0.025210957956035774,0.034003170249925524,0.028236201731661387,0.002666553007680128,0.0035602285660837826,0.024733036774276875,0.03474823010518715,6.043351726429579E-4,8.720017289744445E-4,0.02154499898261417,0.01238766199872971,0.02161498179646046],[4.766956778430162E-4,8.548768645386413E-4,0.0015086736710537782,0.001784033412111522,0.0013373418752845015,0.001029710237826545,0.0018389846659912989,0.005232301954707518,0.0016752996318567235,0.0022254548016105526,0.003695610868998934,0.0020554583160580665,0.002147510725469919,0.002029099777215858,0.0011723987709173474,0.0020082056410516674,2.3604743715249167E-4,3.2132326504007624E-5,0.0033498988168408194,3.59966741590975E-4,0.0015092987644320032,0.0022894341823414626,8.379753124296777E-4,0.002010411684792964,0.0018118423013811504,4.3178615764449124E-4,0.0011118980980659725,0.0021093001954544514,0.024826524982765504,1.0,2.046718492830595E-4,0.0023636328921654223,0.0020543593904437294,0.001842906801500378,0.0025690495998088522,0.0065488752081279775,0.0017540129364165705,0.030308659743319484,0.0017524997994767526,0.0014696802002328333,0.002770161053647061,0.0010171270144765621,0.04786750814604395,3.265688150728106E-4,5.121529704914003E-4,7.878178950968462E-4,2.2824416936372845E-4,0.0021627232655765183,0.001630511127070689,0.0014164504828629745,0.001458716459628429,8.177691918978403E-4,0.0013074459088095488,0.0013191555596674593,0.0019946485172935803],[4.5206076575458214E-5,2.469351710407653E-4,2.492719102258876E-4,4.401491953357565E-4,8.446498450595295E-5,4.938875469986608E-5,5.5964894919878676E-5,0.012544938469391764,6.547203204128972E-5,2.1744527626812624E-4,0.0013393411898931747,1.471450576159939E-4,0.0010126560029834603,6.566939131540623E-4,4.051256197659732E-5,3.748426195609504E-4,5.051204213517086E-5,1.3827942295470691E-5,0.0012505828750640749,7.697118381679708E-5,5.6510638330677344E-5,2.0128556662396522E-4,1.365358629701467E-4,1.6319156840618695E-4,4.491333927923545E-4,3.9932106814006746E-5,2.172197577549689E-5,0.0014505596319087264,0.0356922410442163,2.046718492830595E-4,1.0,0.0015892091752246862,8.801752533245846E-5,1.106297234303909E-4,0.0027279990410212828,0.0021791566117487686,5.845586271173665E-5,0.02851995168012366,2.814065790334126E-4,2.0964661848574696E-4,0.003255156235962533,5.213332905433841E-5,0.03942801917544215,2.583179120261017E-5,5.6796244223216455E-5,3.4607219450615716E-5,1.1023446530178404E-4,1.0337614779517013E-4,7.859169191817196E-5,0.0012231154216625294,2.5392683217861362E-5,7.992225624709682E-5,4.5654087654300925E-4,6.972635812620861E-5,0.0013504916079574735],[1.81078831521841E-4,0.002057744783395321,8.251580527518147E-4,0.0012724169877886458,1.4544987083574295E-4,0.002725210640487525,0.002101826353345342,0.006505749672099241,0.0015735466918959226,0.0023580764999290636,0.0029875698033690716,6.446234504163988E-4,0.002009721286015048,0.0026166578883842356,0.002231580685832694,0.0022173466138627473,5.510358414549611E-4,0.002260318886836184,0.0030037053585251806,0.0024539616940036204,6.443627897539078E-4,0.0027497091742267337,8.206779501921602E-4,0.0010483932475717755,0.002814520698207924,4.517496885391249E-4,6.959858289849767E-4,0.0019409134634053166,0.004737592265655177,0.0023636328921654223,0.0015892091752246862,1.0,0.001875942795835363,6.048399400203953E-4,0.0032549040805847237,0.00362667597730272,0.001508265162702148,0.030161535922854043,0.0012870572892667233,0.0010926807814559051,0.002893917775805539,0.0013319423559648245,0.04129495176977246,0.0019269473130610621,0.002769107203732553,0.0026072907593623785,0.001873170919748225,0.0020408914803698597,0.002181664867288825,0.002476702361425502,0.002407790292993668,0.0024829203790706143,0.0012207583216900413,1.8297247367870427E-4,0.0027209818151744747],[2.7929934995852236E-5,1.8549451933349588E-4,2.499231089866124E-4,3.0533734064859053E-4,1.233928578720713E-4,4.913562755401755E-5,8.522513514642096E-5,0.01366520392723576,1.0725588203658983E-4,7.236561619017629E-4,0.0019098489484052044,4.631299199879151E-4,0.0019369258200155753,4.63361334605357E-4,4.453971369609043E-5,1.2762170004586355E-4,5.721489558822855E-5,9.143787992451395E-5,0.0029653753932785,1.0345195545432056E-4,4.640640763620298E-5,6.548548162268772E-4,1.1476549655137644E-4,2.1043028619053666E-4,0.001274066904019604,4.552452238880972E-5,4.664171262376948E-5,5.140697387627292E-4,0.017743818195584477,0.0020543593904437294,8.801752533245846E-5,0.001875942795835363,1.0,1.77352816135922E-4,0.003632013449617297,2.8377684596792436E-4,5.669671292513437E-5,0.03179377112820574,2.633815217454813E-4,2.04909843739572E-4,0.002029272373333139,3.3216667461374245E-5,0.011147855415211905,2.6653948594201395E-5,3.504539994588044E-5,2.681450564165806E-5,1.2242378796187105E-4,1.0708576022175706E-4,2.3402182725233564E-4,0.0011427498988428697,6.944944724532489E-5,1.1092868703507382E-4,4.746639807617842E-4,1.6400730827965577E-4,9.358132044408644E-4],[6.175311934128886E-5,2.7356105022267456E-4,2.391174628703031E-4,8.619915004110726E-4,1.4293864040603978E-4,5.043458125963511E-5,1.4928862545325312E-4,0.006616545502018954,1.3983496273169734E-4,0.0017992452023996202,0.0022688465185962885,2.3239188941767805E-4,3.1337524240439345E-4,3.847423607103765E-4,4.092800369373523E-5,8.700928785006868E-4,1.6945281437233774E-4,3.799883009108526E-5,0.002016786816294825,1.4509859714847222E-4,6.878620256260847E-5,0.0019208535191300596,1.466858526835267E-4,2.8253241243668425E-4,4.154360722695262E-4,5.449693234456867E-5,6.322644780356381E-5,3.483038517907398E-4,0.019189955794942433,0.001842906801500378,1.106297234303909E-4,6.048399400203953E-4,1.77352816135922E-4,1.0,0.0027015015935775303,0.0011572857361332445,6.148889099897773E-5,0.027156343253833717,4.542621164633934E-4,2.326269146741513E-4,0.0011890537618090735,1.52720655776784E-4,0.04400663864460147,1.251335552680935E-4,1.612995555511346E-4,7.22448949346824E-5,1.8023997865721091E-4,1.446782508169409E-4,2.391818519692011E-4,1.9245677220505291E-4,1.3889765112844686E-4,1.654334887998423E-4,4.525539657948491E-4,1.792924662502043E-4,4.8244610649670087E-4],[0.0017178106903640252,8.255735955573751E-4,0.0032437443594096663,0.003112785449100341,0.0013881672392939898,0.0014108741420547214,0.003546825210659864,0.014049437084023004,0.002806642996664526,0.002864830200248461,0.0037263981099650545,5.235363281546325E-4,0.0020073530712621155,0.0033852230876665725,8.436432014551109E-4,0.0022569493703446146,0.0017516105772574521,0.0015190509524625677,0.003644335141117281,7.568300792712418E-4,0.0011015498869017745,0.0035545509009900127,2.0711297488723438E-4,0.001553873511479797,0.0028532281617824258,0.0011113337916560067,0.00160944671400522,0.0016241762477232696,0.008574194916978969,0.0025690