[[1.0,3.476699031152904E-4,0.001710757571829925,3.1437201530731595E-4,1.7217738726876922E-4,3.5307339478359094E-4,8.343333894163757E-4,0.0010109351405442552,0.0010914418708888461,4.004683550276138E-4,0.003718986870731059,1.4998007708377025E-4,0.0010881355741066802,2.819649631776271E-4,3.4149399333635296E-4,0.0024224744302442664,3.2682081506703656E-4,1.9684965217007556E-4,2.737161818250858E-4,1.1420340015388659E-4,0.0033172841942337977,3.2474952304320997E-4,3.374768228694518E-4,0.0022071451264281308,0.011838558024678456,2.2240243512998515E-4,1.9489425379316908E-4,0.03053525617323138,0.011277736300503473,0.015720065883903827,0.015599651759277851,3.3018558673842617E-4,0.0019171270843724778,0.004754876297456972,8.557071537181669E-4,4.5393033376128696E-4,0.002740468321388281,4.2831866076790774E-4,0.004608266525219693,3.7585348493736115E-4,0.0036705333814986596,3.5586921192821497E-4,2.9225953424071407E-4,0.0013493932046016127,0.006957078217517791],[3.476699031152904E-4,1.0,7.870773251726858E-4,2.8004215769622705E-4,1.2350402312791297E-4,1.1514860012850718E-4,0.0010282975038771302,9.882968435714267E-4,9.176463869452812E-4,2.245026049104136E-4,0.004111428990592485,8.29521306126297E-5,0.0010067400247460582,2.713066208047518E-4,2.755114547802205E-4,0.002608301935206392,2.638476792566621E-4,1.1961502892666231E-4,2.8051420254154554E-4,2.37591536921201E-4,0.004311654415171053,2.2188979109582127E-4,2.486128125848435E-4,9.708858185663218E-4,8.911864630547267E-4,2.306148401003921E-4,1.0158303257303194E-4,0.020840807148601863,0.00830521264748904,0.004208283894988439,6.472646246042403E-4,2.1185326190555474E-4,0.0016133249659989607,8.158135972936491E-4,0.0017844385418830414,3.017297297803372E-4,0.006359969621907739,3.599738287013542E-5,0.0033428161742727566,2.9369138342595397E-4,0.0033692888172080914,3.121445812344158E-4,1.818126568675305E-4,0.026621802572126096,0.0057086801920078825],[0.001710757571829925,7.870773251726858E-4,1.0,0.003776100172746678,0.0027494522549371264,1.5300780274314196E-4,0.003613085077958882,0.0016414265472228867,0.0033616803024441636,0.0024278359135562577,0.004258992798108397,0.002969161274328106,0.003350757665190937,0.0018789949651548238,0.002243021350309269,0.0033285493174634593,0.0035887030949569077,0.0037993285514848455,0.0035518770440949943,0.0032409896437481556,0.004462752811821198,0.0030940635634760087,0.001886805219023034,0.003191275063531975,0.00897580339142592,0.001065326404854139,0.003506171969145949,0.028268582491804767,0.008296928010788473,0.01812774511319938,0.007669411443651892,0.002992432826244423,0.003813580715194798,0.0047259611880607075,0.0029527320595002958,0.0037450476910209415,0.00632269151380613,0.0034199623199948626,0.019857143592150007,0.0016760487095151344,0.0038910505836575876,0.001664255217406303,0.0016867018950229799,0.021181408936188428,0.007834659811240026],[3.1437201530731595E-4,2.8004215769622705E-4,0.003776100172746678,1.0,1.1313270417339182E-4,1.3462081549229154E-4,7.781640846182445E-4,4.619910571510333E-4,4.117924479790151E-4,1.4845418006920484E-4,0.0018772066108166425,4.676230774331825E-5,7.733794600269488E-4,1.5339931224444002E-4,1.4102532640501445E-4,0.0015960314704538505,1.79129961797835E-4,1.3377669187451276E-4,1.3451232712038518E-4,1.0688711402954862E-4,0.0031328466079396447,1.1971487438196474E-4,9.731421266827078E-5,0.001842358938424595,6.504304678376464E-4,1.0996079983570782E-4,8.364572474373207E-5,0.03237069992874846,0.021087745824723347,0.004939826773130044,0.008694756659220735,8.497388489930286E-5,0.0014012209409073146,0.003577876785123889,0.0015587518865438528,3.254638116218803E-4,0.00559028890161352,1.381432568010205E-4,0.022623869670401624,2.4297148763790545E-4,0.0029900807793201965,2.3592861117499635E-4,1.481888154575759E-4,0.019023626049017847,0.003756732869591167],[1.7217738726876922E-4,1.2350402312791297E-4,0.0027494522549371264,1.1313270417339182E-4,1.0,1.0274819391815465E-4,0.001801464940592004,9.176958384158739E-4,6.014456542680519E-4,1.1213761951415558E-4,8.33526600363313E-4,6.778059728823461E-5,7.981419364265436E-4,2.423493260284473E-4,1.2471144192383672E-4,6.950824790332968E-4,1.2432051178390353E-4,1.0665177135136884E-4,1.1873803122304958E-4,1.0304291769746642E-4,0.006709142018538418,9.496345771063398E-5,8.238043385512313E-5,0.0017960461448422109,0.014050849934073914,1.0526093632756483E-4,9.386194883862032E-5,0.016843111365650563,0.012390295283236754,0.005361027486507906,0.005315168584668628,5.5220882500793454E-5,2.824982911432747E-4,0.003207665455337838,0.0016201671895548432,1.239117950994829E-4,0.012831058556878997,8.649481233242408E-5,0.017934953470898483,1.375589323974203E-4,2.1777058047799656E-4,2.8550976237398586E-4,1.4708350125506794E-4,0.025776794020834902,0.001952671797920794],[3.5307339478359094E-4,1.1514860012850718E-4,1.5300780274314196E-4,1.3462081549229154E-4,1.0274819391815465E-4,1.0,0.0017166959364067294,8.538835859567949E-4,7.59667552311631E-4,1.408764087919901E-4,0.003816720323003109,9.885053946758516E-5,1.4787041781124443E-4,1.9712210047161474E-4,1.1766595218766854E-4,0.0028858888234494966,2.0022690975166887E-4,1.0881930499827424E-4,1.1714591728144717E-4,1.0692835203411367E-4,0.002040024013441733,8.470085036652936E-5,9.903416776767925E-5,0.0013476614397526173,0.006710475929741387,1.0680450557567977E-4,7.936463390971019E-5,0.008627837724544347,0.0055441236280189665,0.013103464676078007,0.013228170853667735,9.162828008297264E-5,9.95817500390014E-4,6.083262710990699E-4,8.220249401327767E-4,4.4067858392542734E-4,0.009808302051023687,3.737843234245777E-5,0.00214928110480658,1.8200268209810224E-4,4.323199971393749E-4,1.4227123206898178E-4,1.2599509815437395E-4,0.06840983402753041,0.00432345153640664],[8.343333894163757E-4,0.0010282975038771302,0.003613085077958882,7.781640846182445E-4,0.001801464940592004,0.0017166959364067294,1.0,0.0012899224356234054,0.0018415483908688392,9.68020615668786E-4,0.0029705621443348617,0.0015042412893650067,0.0014732574060815186,4.981033143974901E-4,8.673428044546791E-4,0.002573032736556223,2.5032324425063854E-4,0.001380038557554615,3.650065219496367E-4,0.0013021867999089556,0.004689583949363719,4.313897589725347E-4,2.2707202817296006E-5,0.0021938581393513585,0.008177284947756353,5.418648669150891E-4,0.0016182122322910373,0.04201872062024412,0.019379070207361033,0.006676442380258943,0.011154048145253385,0.001404642820398583,0.0029356868708999505,0.003790955090708609,0.001858453692513392,8.379869351469319E-4,0.009281859230671199,9.24463236901631E-4,0.006597431649136116,6.331524795848895E-4,0.002721080892464078,7.678358107164183E-4,9.987848838099102E-4,0.04339591495344138,0.006517037562643967],[0.0010109351405442552,9.882968435714267E-4,0.0016414265472228867,4.619910571510333E-4,9.176958384158739E-4,8.538835859567949E-4,0.0012899224356234054,1.0,0.0013611791711651098,3.462900812607222E-4,0.0016588523989332694,2.2897639217812094E-4,0.0010661388506888632,5.133766070971539E-4,9.338188022392699E-4,0.002208431084397937,4.541664471650192E-4,6.571742385815942E-4,1.7208153647101419E-4,3.8215770489022415E-4,0.0030629557545689993,1.1621078984511317E-4,6.142735829088705E-4,0.0018233091929443703,0.009534580496841274,9.298266091012681E-4,4.8947132370596E-4,0.01950828345167205,0.0045631043178468965,0.0011877197654975434,0.014182696367133825,9.11049291183299E-4,0.0020768811130478983,0.00439253303766163,0.0012508979259865183,4.7402206454831574E-4,0.006371803374017379,7.817258291073327E-4,0.022539516257597966,3.4798007556431887E-4,0.0022446036436549405,0.0010122106311494091,4.02883237736648E-4,0.005522363211144633,0.0026517989795892417],[0.0010914418708888461,9.176463869452812E-4,0.0033616803024441636,4.117924479790151E-4,6.014456542680519E-4,7.59667552311631E-4,0.0018415483908688392,0.0013611791711651098,1.0,0.0010830220485793958,0.0042667043784689815,2.788667003300647E-4,0.0013124551967765865,0.0010519709463047118,0.0011175174816353186,0.002063445763537102,0.0013306443822087228,0.00109809374429616,4.0864116967778924E-4,0.0012102549488218436,0.005045793263399359,6.367483003689948E-4,1.8843718372150569E-4,0.0015887052871015027,0.001545536210238945,2.6194899716217967E-4,9.05589618234089E-4,0.0038879137767399777,0.019489887221130535,0.010199656836987907,0.0027256343894385025,6.890152758643936E-4,0.0020207001726087973,0.0030263929707787223,0.001766593614184775,0.0012123151733660084,0.011113934550437223,7.416878370273001E-4,0.02162958935466212,0.0013403277920405804,0.003709212881358643,0.001356724622621058,6.006885107119799E-4,0.042559292887351725,0.005648320988238545],[4.004683550276138E-4,2.245026049104136E-4,0.0024278359135562577,1.4845418006920484E-4,1.1213761951415558E-4,1.408764087919901E-4,9.68020615668786E-4,3.462900812607222E-4,0.0010830220485793958,1.0,0.0013339790951821568,6.673358139542588E-5,0.0010000941170681156,2.004300764585932E-4,1.5209894652376196E-4,0.001880475880275102,1.5801163666778056E-4,1.1887147780787781E-4,1.402391302549536E-4,1.4936136447487423E-4,0.006489704202325265,1.1517497556317983E-4,9.167664991367169E-5,0.0013878494992498895,0.010050662385965383,1.175866739940911E-4,1.3587591612094292E-4,0.030262575507149336,0.00227133917831258,0.012006678577586378,0.004217983313413676,8.676989256290895E-5,0.002224115056975033,7.356307045672275E-4,5.231353937855385E-4,3.1638301043093535E-4,0.00356084689809581,1.2346497795096706E-4,0.020165135045528457,1.8551577109300054E-4,0.0032236364146440793,2.4366695884437924E-4,1.5315168215017868E-4,0.036009753134135396,0.00702776056659776],[0.003718986870731059,0.004111428990592485,0.004258992798108397,0.0018772066108166425,8.33526600363313E-4,0.003816720323003109,0.0029705621443348617,0.0016588523989332694,0.0042667043784689815,0.0013339790951821568,1.0,0.0020430539845436987,0.0020443620853239156,5.918918974929948E-4,0.004017593157518461,0.004184239499872498,0.0034815339663183268,0.0032565044932966825,0.0011074126930666283,0.0033607889993489694,0.006549357006265164,0.0031712874014107025,5.06309279370999E-4,0.0037201948512641733,0.010521517126378405,0.003724857436525592,0.003904924331251224,0.03806854232733786,0.011281979118652613,0.01782440955217418,0.005168603168555094,0.001240842455824298,0.003176703617052563,0.004894117731740458,0.0032549585948647604,5.702999990631595E-4,0.008346689872224457,5.684969695569184E-4,0.02241281287510015,0.003194989865948747,0.004025778426512172,0.004045694615389231,9.499259194277245E-4,0.012424685002081114,0.007635654449301798],[1.4998007708377025E-4,8.29521306126297E-5,0.002969161274328106,4.676230774331825E-5,6.778059728823461E-5,9.885053946758516E-5,0.0015042412893650067,2.2897639217812094E-4,2.788667003300647E-4,6.673358139542588E-5,0.0020430539845436987,1.0,5.852027760206281E-4,2.2182773359312035E-4,4.0422698051055395E-5,2.8012902613595045E-4,1.4468768676977574E-4,6.136148542369664E-5,2.211693643546491E-5,1.0541770116173696E-4,0.006497226155460754,1.3803041603222696E-5,1.7370464310166756E-5,0.0010294450677303109,0.009235633378780073,4.7212566317274076E-5,5.567590197681981E-5,0.014951829903397119,0.013420698592687576,0.005460726302778689,0.017017621647990967,2.5011277798983986E-5,0.001050369026949813,0.0026407069904285123,8.176810298014245E-4,3.2876245454821403E-4,0.011064765134888072,1.0950131673133434E-5,0.015454669567221269,1.570727326101996E-4,8.641825984674245E-4,1.6683789166436093E-5,2.986987161012999E-5,0.03997736613879856,0.005310027398217311],[0.0010881355741066802,0.0010067400247460582,0.003350757665190937,7.733794600269488E-4,7.981419364265436E-4,1.4787041781124443E-4,0.0014732574060815186,0.0010661388506888632,0.0013124551967765865,0.0010000941170681156,0.0020443620853239156,5.852027760206281E-4,1.0,3.5590430530927134E-4,5.349079742209483E-4,0.0018534940938970232,5.186862119619046E-4,1.4515855773293562E-4,1.2292714578772935E-4,8.690212278646763E-4,0.0042555157687926455,5.221210001133432E-4,5.353478237395335E-4,0.0018436526478309069,0.011074553678867857,1.6756880468561712E-4,9.122261621047453E-5,0.0047835838181405545,0.0022923128742436643,0.016054567860066607,0.007758249215265113,2.941653222108668E-4,0.0013634929155264214,0.0020663150645340907,0.001424114944032803,0.00118543538790263,0.003823544373472551,0.0010294890215920805,0.010074753124360626,0.0010150741564820798,0.0022251304172347603,5.379575686146926E-4,7.425662054772454E-4,0.05936104966620014,0.007962683232394753],[2.819649631776271E-4,2.713066208047518E-4,0.0018789949651548238,1.5339931224444002E-4,2.423493260284473E-4,1.9712210047161474E-4,4.981033143974901E-4,5.133766070971539E-4,0.0010519709463047118,2.004300764585932E-4,5.918918974929948E-4,2.2182773359312035E-4,3.5590430530927134E-4,1.0,2.5582403586320854E-4,0.0019239733050346029,2.4138057418088494E-4,2.5183142628676467E-4,2.4065732030306296E-4,2.2750637564915478E-4,0.003044201493181983,2.507899055325757E-4,4.176703999366375E-5,6.531014232897363E-4,0.013259823468629438,2.1907716613500853E-4,1.9682242425667006E-4,0.02702856406602497,0.011325036244066555,4.1753950365936365E-4,0.004613141600941239,2.0073320530505904E-4,0.001849919373380269,0.0029464377240132527,0.0016659897349658652,4.4750022785281423E-4,0.005988618891334632,1.71871561068454E-4,0.0017112444347826097,2.7401254291674673E-4,0.003214633389975133,2.633406577689922E-4,2.0240408345622055E-4,0.04094685400692335,0.004160735377777205],[3.4149399333635296E-4,2.755114547802205E-4,0.002243021350309269,1.4102532640501445E-4,1.2471144192383672E-4,1.1766595218766854E-4,8.673428044546791E-4,9.338188022392699E-4,0.0011175174816353186,1.5209894652376196E-4,0.004017593157518461,4.0422698051055395E-5,5.349079742209483E-4,2.5582403586320854E-4,1.0,7.773390137963786E-4,2.229667723996257E-4,1.2011812142370324E-4,1.2173973419245131E-4,1.319104350232302E-4,6.77847511737917E-4,5.673735082864051E-5,1.1092502838748774E-4,4.5033195842107373E-4,0.006471793123973344,1.2799014585422125E-4,1.3904927173812295E-4,0.009274964897867635,0.010851788519048364,0.015491483911434461,0.01920299372423337,1.0912950231419004E-4,6.447251969818991E-4,0.0017893810919362135,9.51982718076279E-4,4.62080578808825E-4,0.01198707837391895,9.155946263836319E-5,0.017356137040385154,2.1708958255851343E-4,0.00279187395139667,2.481119059799074E-4,1.4507322957657198E-4,0.05713097451928939,0.005426300732599933],[0.0024224744302442664,0.002608301935206392,0.0033285493174634593,0.0015960314704538505,6.950824790332968E-4,0.0028858888234494966,0.002573032736556223,0.002208431084397937,0.002063445763537102,0.001880475880275102,0.004184239499872498,2.8012902613595045E-4,0.0018534940938970232,0.0019239733050346029,7.773390137963786E-4,1.0,0.0015940939830309218,0.0012385358598532054,0.0017904621060424698,3.9995764572608983E-4,0.002982265011879384,4.5681549500266034E-4,0.001519702822951794,0.0027540066558927865,0.008637592006803987,6.796772778065947E-4,8.815535034900106E-5,0.03340787889316232,0.016324546459106,0.004807329402655808,0.0036116019495910953,0.001665765964197612,0.0030139401205102195,0.0039007415785424072,0.0018856527450909068,0.0017197797937324184,0.005598925709182291,0.0015097448184931462,0.014523000970603795,0.0011914822931097988,0.002943533458551833,8.160166545565889E-4,0.002527241370544169,0.05389509773166897,0.00608612792591998],[3.2682081506703656E-4,2.638476792566621E-4,0.0035887030949569077,1.79129961797835E-4,1.2432051178390353E-4,2.0022690975166887E-4,2.5032324425063854E-4,4.541664471650192E-4,0.0013306443822087228,1.5801163666778056E-4,0.0034815339663183268,1.4468768676977574E-4,5.186862119619046E-4,2.4138057418088494E-4,2.229667723996257E-4,0.0015940939830309218,1.0,2.0827464533463937E-4,1.8462922816535928E-4,1.704621484179868E-4,0.0019600704900414483,1.2254190327216374E-4,5.497427253490631E-5,0.0023101830993564796,0.007676173357295983,1.7197030584175497E-4,1.1562401328481817E-4,0.039068883975560416,0.00786811949374706,0.009910249432793596,0.013700499230372644,1.9560597805468196E-4,7.738095893303812E-4,0.005474358974836489,6.882040875551548E-4,2.411875111629023E-4,0.0015694579538773263,1.2167868728253357E-4,0.014475236451244627,2.7796365487746285E-4,0.0019444857486026852,2.8609453618708754E-4,1.640425583250237E-4,0.0024905366532475106,0.007395846397721055],[1.9684965217007556E-4,1.1961502892666231E-4,0.0037993285514848455,1.3377669187451276E-4,1.0665177135136884E-4,1.0881930499827424E-4,0.001380038557554615,6.571742385815942E-4,0.00109809374429616,1.1887147780787781E-4,0.0032565044932966825,6.136148542369664E-5,1.4515855773293562E-4,2.5183142628676467E-4,1.2011812142370324E-4,0.0012385358598532054,2.0827464533463937E-4,1.0,1.1775416569670363E-4,1.0959360423690738E-4,0.005219096142500449,6.810613995185549E-5,4.1786500572036807E-5,0.002104741426784258,0.00885576912072499,1.1013000230807022E-4,1.0434883360189938E-4,0.01690173170338766,0.019563132297727076,0.005889075750405603,0.01682285973262146,6.517760304371923E-5,2.6357462648658736E-4,0.005402821364518563,0.0016728644210016472,1.814743094550693E-4,0.004346208383128677,9.571849253140426E-5,4.765112571643449E-4,1.130686974520202E-4,0.0030016808952976976,2.9920499060870256E-4,1.1599842583016324E-4,0.06243632923850458,0.00211295384468081],[2.737161818250858E-4,2.8051420254154554E-4,0.0035518770440949943,1.3451232712038518E-4,1.1873803122304958E-4,1.1714591728144717E-4,3.650065219496367E-4,1.7208153647101419E-4,4.0864116967778924E-4,1.402391302549536E-4,0.0011074126930666283,2.211693643546491E-5,1.2292714578772935E-4,2.4065732030306296E-4,1.2173973419245131E-4,0.0017904621060424698,1.8462922816535928E-4,1.1775416569670363E-4,1.0,1.1219761737683069E-4,0.00280272814872421,4.855305189270511E-5,7.321421588271361E-5,0.001031622903631291,0.00954310885491358,1.0635665517211412E-4,7.562155245203609E-5,0.015035133528674909,0.02109755047749185,0.016870188166487336,0.007499031254288261,5.191030040563747E-5,0.0026357027457685426,0.00542858306059364,3.337135863519003E-4,4.443422677409193E-4,0.002327197528068984,8.58319268605224E-5,0.0012777346891174057,1.4573352550022308E-4,0.0025890686496320378,2.192097940856864E-4,1.4078471841611834E-4,0.02524123578827572,0.006770744320002925],[1.1420340015388659E-4,2.37591536921201E-4,0.0032409896437481556,1.0688711402954862E-4,1.0304291769746642E-4,1.0692835203411367E-4,0.0013021867999089556,3.8215770489022415E-4,0.0012102549488218436,1.4936136447487423E-4,0.0033607889993489694,1.0541770116173696E-4,8.690212278646763E-4,2.2750637564915478E-4,1.319104350232302E-4,3.9995764572608983E-4,1.704621484179868E-4,1.0959360423690738E-4,1.1219761737683069E-4,1.0,0.0033924986943431974,8.508109349393298E-5,3.5525460258260144E-5,0.002176024622075145,0.0041502858482311295,1.0586470825193571E-4,8.927932945544411E-5,0.030341192732387685,0.012897799276293505,0.008814711218311263,0.007229346773164629,6.413063821537397E-5,0.0015939905805900678,0.0016314051047590893,4.231152097967933E-4,4.3904804505903966E-4,0.004585270846323811,7.046809780975117E-5,0.021248325424243656,1.8802636469630386E-4,2.1492329592455298E-4,3.054481541201672E-4,1.1708067567494104E-4,0.006173776756912901,0.0046352515309804115],[0.0033172841942337977,0.004311654415171053,0.004462752811821198,0.0031328466079396447,0.006709142018538418,0.002040024013441733,0.004689583949363719,0.0030629557545689993,0.005045793263399359,0.006489704202325265,0.006549357006265164,0.006497226155460754,0.0042555157687926455,0.003044201493181983,6.77847511737917E-4,0.002982265011879384,0.0019600704900414483,0.005219096142500449,0.00280272814872421,0.0033924986943431974,1.0,3.560138400970828E-4,0.004116207643307724,0.0030026598484712186,0.009428072747398758,0.005561322445810164,0.004275539336043614,0.027494702151921232,0.01859000603181678,0.011004619041987577,0.013544217227144828,0.005780406558313635,0.005284844770607182,0.00645134140020661,0.004362978393528123,0.004132886298655894,0.00787795711561984,0.0019467954310703718,0.01574740823349743,0.006426318465475351,0.004339701547602288,0.0037606670608057793,0.0030958350710385556,0.06064107269612896,0.007474719345924882],[3.2474952304320997E-4,2.2188979109582127E-4,0.0030940635634760087,1.1971487438196474E-4,9.496345771063398E-5,8.470085036652936E-5,4.313897589725347E-4,1.1621078984511317E-4,6.367483003689948E-4,1.1517497556317983E-4,0.0031712874014107025,1.3803041603222696E-5,5.221210001133432E-4,2.507899055325757E-4,5.673735082864051E-5,4.5681549500266034E-4,1.2254190327216374E-4,6.810613995185549E-5,4.855305189270511E-5,8.508109349393298E-5,3.560138400970828E-4,1.0,3.0098175093902446E-5,0.001925055785631248,0.005020526212797456,6.677242374896334E-5,5.87579742739171E-5,0.00218332764667455,0.015833351852871054,0.017654432782541054,0.01776348442212685,4.767470981372169E-5,0.0017024133587173857,1.0884086939894067E-4,0.0015112200947036921,4.24576366305101E-4,0.004073816693112685,4.03808699106797E-5,0.022293471530357552,1.3581553779634762E-4,0.002171959413108351,1.3397180740876323E-4,1.1276564868727747E-4,0.013163973912687652,1.6396544623305576E-4],[3.374768228694518E-4,2.486128125848435E-4,0.001886805219023034,9.731421266827078E-5,8.238043385512313E-5,9.903416776767925E-5,2.2707202817296006E-5,6.142735829088705E-4,1.8843718372150569E-4,9.167664991367169E-5,5.06309279370999E-4,1.7370464310166756E-5,5.353478237395335E-4,4.176703999366375E-5,1.1092502838748774E-4,0.001519702822951794,5.497427253490631E-5,4.1786500572036807E-5,7.321421588271361E-5,3.5525460258260144E-5,0.004116207643307724,3.0098175093902446E-5,1.0,0.002232293148331265,0.013373071416013963,5.532993317898618E-5,3.210496830689384E-5,0.02155877119705075,0.01941123217493912,0.016688673493694284,0.0011857407416421592,2.5815042567082013E-5,7.404477330436715E-4,0.0030372758795622215,7.881426577681266E-4,4.6224314713804983E-4,0.005282066274712348,2.180718406491647E-5,0.011321289164918686,7.12817513265989E-5,0.0031350258191377477,3.15447594073082E-4,1.4593342101272279E-4,0.06351320192914024,0.007937860823163417],[0.0022071451264281308,9.708858185663218E-4,0.003191275063531975,0.001842358938424595,0.0017960461448422109,0.0013476614397526173,0.0021938581393513585,0.0018233091929443703,0.0015887052871015027,0.0013878494992498895,0.0037201948512641733,0.0010294450677303109,0.0018436526478309069,6.531014232897363E-4,4.5033195842107373E-4,0.0027540066558927865,0.0023101830993564796,0.002104741426784258,0.001031622903631291,0.002176024622075145,0.0030026598484712186,0.001925055785631248,0.002232293148331265,1.0,0.004859280352434223,0.0011380684626904444,0.0015800115143997288,0.007410102925191958,0.014155358358307547,0.01076647584781512,0.007809818557319747,0.00185745758466953,0.0028859823968964346,0.003882000386099561,0.0020370818723767143,0.0026607377659409893,0.004343918405764753,0.0010347822908480988,0.016003412399450287,0.0022421861433982184,0.0029070501229379294,6.984528736157008E-4,0.001912951891475727,0.02452771066066866,0.004703754311529295],[0.011838558024678456,8.911864630547267E-4,0.00897580339142592,6.504304678376464E-4,0.014050849934073914,0.006710475929741387,0.008177284947756353,0.009534580496841274,0.001545536210238945,0.010050662385965383,0.010521517126378405,0.009235633378780073,0.011074553678867857,0.013259823468629438,0.006471793123973344,0.008637592006803987,0.007676173357295983,0.00885576912072499,0.00954310885491358,0.0041502858482311295,0.009428072747398758,0.005020526212797456,0.013373071416013963,0.004859280352434223,1.0,0.003162562142141224,0.002953902090813895,0.025190879866352718,0.018913619781246126,0.01811943007147448,0.018470107828400462,0.002382268829179705,0.009055524755775805,0.008145295527655248,0.0029295317909827155,0.0015925613233439976,0.014505313055901288,0.0035149884216257783,0.02202017618367994,0.002071762943910065,0.01097931745746733,0.005453042698280434,0.012546409931387694,0.021671090527967358,0.011981943778787247],[2.2240243512998515E-4,2.306148401003921E-4,0.001065326404854139,1.0996079983570782E-4,1.0526093632756483E-4,1.0680450557567977E-4,5.418648669150891E-4,9.298266091012681E-4,2.6194899716217967E-4,1.175866739940911E-4,0.003724857436525592,4.7212566317274076E-5,1.6756880468561712E-4,2.1907716613500853E-4,1.2799014585422125E-4,6.796772778065947E-4,1.7197030584175497E-4,1.1013000230807022E-4,1.0635665517211412E-4,1.0586470825193571E-4,0.005561322445810164,6.677242374896334E-5,5.532993317898618E-5,0.0011380684626904444,0.003162562142141224,1.0,1.0294551403183752E-4,0.03497178386502814,0.0030703207737217456,0.011770642373109092,0.006185695642507639,5.790177374123309E-5,0.0014351642134367941,0.002344129921825356,1.3642114878964262E-4,2.110437608765966E-4,3.8189293239665944E-4,1.0258066012534745E-4,0.015607728331764836,1.8253731512131682E-4,0.001861310017010291,1.8977759608804594E-4,1.0868483242010646E-4,0.021311715950309663,0.003226971194682832],[1.9489425379316908E-4,1.0158303257303194E-4,0.003506171969145949,8.364572474373207E-5,9.386194883862032E-5,7.936463390971019E-5,0.0016182122322910373,4.8947132370596E-4,9.05589618234089E-4,1.3587591612094292E-4,0.003904924331251224,5.567590197681981E-5,9.122261621047453E-5,1.9682242425667006E-4,1.3904927173812295E-4,8.815535034900106E-5,1.1562401328481817E-4,1.0434883360189938E-4,7.562155245203609E-5,8.927932945544411E-5,0.004275539336043614,5.87579742739171E-5,3.210496830689384E-5,0.0015800115143997288,0.002953902090813895,1.0294551403183752E-4,1.0,0.04454962523791775,0.009852308326333832,0.0015252443320622731,0.01694597841188216,6.293274712607248E-5,0.0026147562978608924,0.004668723205217868,0.0013510461714717362,3.2517432365064883E-4,0.009260251784235958,6.76279650417237E-5,0.018048628838195573,1.9977549397362846E-4,0.003809075571856381,1.878703834420377E-4,1.2114731371346181E-4,0.061908932035798496,0.0018688255852308897],[0.03053525617323138,0.020840807148601863,0.028268582491804767,0.03237069992874846,0.016843111365650563,0.008627837724544347,0.04201872062024412,0.01950828345167205,0.0038879137767399777,0.030262575507149336,0.03806854232733786,0.014951829903397119,0.0047835838181405545,0.02702856406602497,0.009274964897867635,0.03340787889316232,0.039068883975560416,0.01690173170338766,0.015035133528674909,0.030341192732387685,0.027494702151921232,0.00218332764667455,0.02155877119705075,0.007410102925191958,0.025190879866352718,0.03497178386502814,0.04454962523791775,1.0,0.034741139964512086,0.030727081004073526,0.03327141127234985,0.02034574037771656,0.04497015695622552,0.04528276667682422,0.011519546557511025,0.01666999984007296,0.034512076728951964,0.033995218378310946,0.030855451537138583,0.0351455128505567,0.024002667074974414,0.001729180337509451,0.020011860741054193,0.05396955705985497,0.031079727196827042],[0.011277736300503473,0.00830521264748904,0.008296928010788473,0.021087745824723347,0.012390295283236754,0.0055441236280189665,0.019379070207361033,0.0045631043178468965,0.019489887221130535,0.00227133917831258,0.011281979118652613,0.013420698592687576,0.0022923128742436643,0.011325036244066555,0.010851788519048364,0.016324546459106,0.00786811949374706,0.019563132297727076,0.02109755047749185,0.012897799276293505,0.01859000603181678,0.015833351852871054,0.01941123217493912,0.014155358358307547,0.018913619781246126,0.0030703207737217456,0.009852308326333832,0.034741139964512086,1.0,0.021921043978923103,0.024161049107963524,0.011500810808046151,0.02189270026879954,0.019576121541293935,0.0033321883200633394,0.006812231440259191,0.020285612843338394,0.020228818556814063,0.024367281305261456,0.022422847418216377,0.005193090477540943,0.006793561023736708,0.0034712229749838124,0.034803759705880254,0.010638774337258586],[0.015720065883903827,0.004208283894988439,0.01812774511319938,0.004939826773130044,0.005361027486507906,0.013103464676078007,0.006676442380258943,0.0011877197654975434,0.010199656836987907,0.012006678577586378,0.01782440955217418,0.005460726302778689,0.016054567860066607,4.1753950365936365E-4,0.015491483911434461,0.004807329402655808,0.009910249432793596,0.005889075750405603,0.016870188166487336,0.008814711218311263,0.011004619041987577,0.017654432782541054,0.016688673493694284,0.01076647584781512,0.01811943007147448,0.011770642373109092,0.0015252443320622731,0.030727081004073526,0.021921043978923103,1.0,0.019143060542285338,0.0040723386531391756,0.01648200025531096,0.013302639172186572,0.018466579608299616,0.01472960713543514,0.016293351418678305,0.0029893253271847105,0.018556329834095234,0.01664458518135665,0.006390234839744937,0.01139427959965811,0.010828360573971352,0.025724320286174485,0.013133458077720195],[0.015599651759277851,6.472646246042403E-4,0.007669411443651892,0.008694756659220735,0.005315168584668628,0.013228170853667735,0.011154048145253385,0.014182696367133825,0.0027256343894385025,0.004217983313413676,0.005168603168555094,0.017017621647990967,0.007758249215265113,0.004613141600941239,0.01920299372423337,0.0036116019495910953,0.013700499230372644,0.01682285973262146,0.007499031254288261,0.007229346773164629,0.013544217227144828,0.01776348442212685,0.0011857407416421592,0.007809818557319747,0.018470107828400462,0.006185695642507639,0.01694597841188216,0.03327141127234985,0.024161049107963524,0.019143060542285338,1.0,0.018471025959144797,0.013989573602630671,0.01803760475085526,0.011156317122176348,0.004134708052808771,0.014536652984745668,0.01807740330415756,0.02184377527789391,0.01509670752398854,0.017272704675982672,0.019111821278412083,0.02072556080317313,0.06775587701129218,0.012689118517855622],[3.3018558673842617E-4,2.1185326190555474E-4,0.002992432826244423,8.497388489930286E-5,5.5220882500793454E-5,9.162828008297264E-5,0.001404642820398583,9.11049291183299E-4,6.890152758643936E-4,8.676989256290895E-5,0.001240842455824298,2.5011277798983986E-5,2.941653222108668E-4,2.0073320530505904E-4,1.0912950231419004E-4,0.001665765964197612,1.9560597805468196E-4,6.517760304371923E-5,5.191030040563747E-5,6.413063821537397E-5,0.005780406558313635,4.767470981372169E-5,2.5815042567082013E-5,0.00185745758466953,0.002382268829179705,5.790177374123309E-5,6.293274712607248E-5,0.02034574037771656,0.011500810808046151,0.0040723386531391756,0.018471025959144797,1.0,8.050720609743781E-4,0.002925479293407633,1.8805598550849915E-4,5.208328260766113E-5,0.011428227282737794,2.489232029001378E-5,0.018009211879387643,6.012380422517988E-5,0.0034311779999183726,5.884890202070161E-5,6.198979576535416E-5,0.006523191514036129,0.002076479049934724],[0.0019171270843724778,0.0016133249659989607,0.003813580715194798,0.0014012209409073146,2.824982911432747E-4,9.95817500390014E-4,0.0029356868708999505,0.0020768811130478983,0.0020207001726087973,0.002224115056975033,0.003176703617052563,0.001050369026949813,0.0013634929155264214,0.001849919373380269,6.447251969818991E-4,0.0030139401205102195,7.738095893303812E-4,2.6357462648658736E-4,0.0026357027457685426,0.0015939905805900678,0.005284844770607182,0.0017024133587173857,7.404477330436715E-4,0.0028859823968964346,0.009055524755775805,0.0014351642134367941,0.0026147562978608924,0.04497015695622552,0.02189270026879954,0.01648200025531096,0.013989573602630671,8.050720609743781E-4,1.0,0.005320100308282746,0.0019735847376261928,0.002520469032083663,0.011465323592015252,0.0011632260482105205,0.019500597676760077,3.418352427323956E-4,0.003147575982856832,0.0017986335139655548,0.001725686334581579,0.02885927709628128,0.004310865427706985],[0.004754876297456972,8.158135972936491E-4,0.0047259611880607075,0.003577876785123889,0.003207665455337838,6.083262710990699E-4,0.003790955090708609,0.00439253303766163,0.0030263929707787223,7.356307045672275E-4,0.004894117731740458,0.0026407069904285123,0.0020663150645340907,0.0029464377240132527,0.0017893810919362135,0.0039007415785424072,0.005474358974836489,0.005402821364518563,0.00542858306059364,0.0016314051047590893,0.00645134140020661,1.0884086939894067E-4,0.0030372758795622215,0.003882000386099561,0.008145295527655248,0.002344129921825356,0.004668723205217868,0.04528276667682422,0.019576121541293935,0.013302639172186572,0.01803760475085526,0.002925479293407633,0.005320100308282746,1.0,0.0042655397309078,0.00469379568109372,0.012359448509492492,8.365657444423775E-4,0.013967771254256791,0.002332304009619267,0.004167782081299606,6.191895289771841E-4,0.0019125789831416894,0.006808777315160523,0.006240286252976769],[8.557071537181669E-4,0.0017844385418830414,0.0029527320595002958,0.0015587518865438528,0.0016201671895548432,8.220249401327767E-4,0.001858453692513392,0.0012508979259865183,0.001766593614184775,5.231353937855385E-4,0.0032549585948647604,8.176810298014245E-4,0.001424114944032803,0.0016659897349658652,9.51982718076279E-4,0.0018856527450909068,6.882040875551548E-4,0.0016728644210016472,3.337135863519003E-4,4.231152097967933E-4,0.004362978393528123,0.0015112200947036921,7.881426577681266E-4,0.0020370818723767143,0.0029295317909827155,1.3642114878964262E-4,0.0013510461714717362,0.011519546557511025,0.0033321883200633394,0.018466579608299616,0.011156317122176348,1.8805598550849915E-4,0.0019735847376261928,0.0042655397309078,1.0,0.0018164215868612746,0.0025912215876638563,7.770499538714657E-4,0.01996044592164331,8.265320983949358E-4,0.0032063582138748764,0.0017328480070595044,6.724432976122449E-4,0.06712444377652788,0.003915483050611115],[4.5393033376128696E-4,3.017297297803372E-4,0.0037450476910209415,3.254638116218803E-4,1.239117950994829E-4,4.4067858392542734E-4,8.379869351469319E-4,4.7402206454831574E-4,0.0012123151733660084,3.1638301043093535E-4,5.702999990631595E-4,3.2876245454821403E-4,0.00118543538790263,4.4750022785281423E-4,4.62080578808825E-4,0.0017197797937324184,2.411875111629023E-4,1.814743094550693E-4,4.443422677409193E-4,4.3904804505903966E-4,0.004132886298655894,4.24576366305101E-4,4.6224314713804983E-4,0.0026607377659409893,0.0015925613233439976,2.110437608765966E-4,3.2517432365064883E-4,0.01666999984007296,0.006812231440259191,0.01472960713543514,0.004134708052808771,5.208328260766113E-5,0.002520469032083663,0.00469379568109372,0.0018164215868612746,1.0,0.004279474424996342,5.676003057605287E-5,0.008659984783160237,3.65506102331727E-4,5.028392433724401E-4,4.0509960290386216E-4,2.0962296539500295E-4,0.06931177126263909,0.007783145146056279],[0.002740468321388281,0.006359969621907739,0.00632269151380613,0.00559028890161352,0.012831058556878997,0.009808302051023687,0.009281859230671199,0.006371803374017379,0.011113934550437223,0.00356084689809581,0.008346689872224457,0.011064765134888072,0.003823544373472551,0.005988618891334632,0.01198707837391895,0.005598925709182291,0.0015694579538773263,0.004346208383128677,0.002327197528068984,0.004585270846323811,0.00787795711561984,0.004073816693112685,0.005282066274712348,0.004343918405764753,0.014505313055901288,3.8189293239665944E-4,0.009260251784235958,0.034512076728951964,0.020285612843338394,0.016293351418678305,0.014536652984745668,0.011428227282737794,0.011465323592015252,0.012359448509492492,0.0025912215876638563,0.004279474424996342,1.0,0.011124973637089785,0.013869288783435988,0.010453231642398182,0.009650534914719611,0.009327490106629177,0.01092390452821359,0.03498810496645057,0.012948638777972601],[4.2831866076790774E-4,3.599738287013542E-5,0.0034199623199948626,1.381432568010205E-4,8.649481233242408E-5,3.737843234245777E-5,9.24463236901631E-4,7.817258291073327E-4,7.416878370273001E-4,1.2346497795096706E-4,5.684969695569184E-4,1.0950131673133434E-5,0.0010294890215920805,1.71871561068454E-4,9.155946263836319E-5,0.0015097448184931462,1.2167868728253357E-4,9.571849253140426E-5,8.58319268605224E-5,7.046809780975117E-5,0.0019467954310703718,4.03808699106797E-5,2.180718406491647E-5,0.0010347822908480988,0.0035149884216257783,1.0258066012534745E-4,6.76279650417237E-5,0.033995218378310946,0.020228818556814063,0.0029893253271847105,0.01807740330415756,2.489232029001378E-5,0.0011632260482105205,8.365657444423775E-4,7.770499538714657E-4,5.676003057605287E-5,0.011124973637089785,1.0,0.011238793171744609,6.341321545021458E-5,0.003135172061680411,1.4994257289144668E-4,4.993601545566236E-5,0.037939962099988074,0.0034509400217357057],[0.004608266525219693,0.0033428161742727566,0.019857143592150007,0.022623869670401624,0.017934953470898483,0.00214928110480658,0.006597431649136116,0.022539516257597966,0.02162958935466212,0.020165135045528457,0.02241281287510015,0.015454669567221269,0.010074753124360626,0.0017112444347826097,0.017356137040385154,0.014523000970603795,0.014475236451244627,4.765112571643449E-4,0.0012777346891174057,0.021248325424243656,0.01574740823349743,0.022293471530357552,0.011321289164918686,0.016003412399450287,0.02202017618367994,0.015607728331764836,0.018048628838195573,0.030855451537138583,0.024367281305261456,0.018556329834095234,0.02184377527789391,0.018009211879387643,0.019500597676760077,0.013967771254256791,0.01996044592164331,0.008659984783160237,0.013869288783435988,0.011238793171744609,1.0,0.0015485580196331252,0.01352007299066668,6.595860590839129E-4,0.014041720418995086,0.039440111933139996,0.010301473499977183],[3.7585348493736115E-4,2.9369138342595397E-4,0.0016760487095151344,2.4297148763790545E-4,1.375589323974203E-4,1.8200268209810224E-4,6.331524795848895E-4,3.4798007556431887E-4,0.0013403277920405804,1.8551577109300054E-4,0.003194989865948747,1.570727326101996E-4,0.0010150741564820798,2.7401254291674673E-4,2.1708958255851343E-4,0.0011914822931097988,2.7796365487746285E-4,1.130686974520202E-4,1.4573352550022308E-4,1.8802636469630386E-4,0.006426318465475351,1.3581553779634762E-4,7.12817513265989E-5,0.0022421861433982184,0.002071762943910065,1.8253731512131682E-4,1.9977549397362846E-4,0.0351455128505567,0.022422847418216377,0.01664458518135665,0.01509670752398854,6.012380422517988E-5,3.418352427323956E-4,0.002332304009619267,8.265320983949358E-4,3.65506102331727E-4,0.010453231642398182,6.341321545021458E-5,0.0015485580196331252,1.0,0.0013045101236277084,3.1320512417364705E-4,2.1015975834035066E-4,0.028416274764139403,0.0057019378652463995],[0.0036705333814986596,0.0033692888172080914,0.0038910505836575876,0.0029900807793201965,2.1777058047799656E-4,4.323199971393749E-4,0.002721080892464078,0.0022446036436549405,0.003709212881358643,0.0032236364146440793,0.004025778426512172,8.641825984674245E-4,0.0022251304172347603,0.003214633389975133,0.00279187395139667,0.002943533458551833,0.0019444857486026852,0.0030016808952976976,0.0025890686496320378,2.1492329592455298E-4,0.004339701547602288,0.002171959413108351,0.0031350258191377477,0.0029070501229379294,0.01097931745746733,0.001861310017010291,0.003809075571856381,0.024002667074974414,0.005193090477540943,0.006390234839744937,0.017272704675982672,0.0034311779999183726,0.003147575982856832,0.004167782081299606,0.0032063582138748764,5.028392433724401E-4,0.009650534914719611,0.003135172061680411,0.01352007299066668,0.0013045101236277084,1.0,6.42524285040687E-4,0.0011993620747943077,0.06749332696874313,0.004399642290412656],[3.5586921192821497E-4,3.121445812344158E-4,0.001664255217406303,2.3592861117499635E-4,2.8550976237398586E-4,1.4227123206898178E-4,7.678358107164183E-4,0.0010122106311494091,0.001356724622621058,2.4366695884437924E-4,0.004045694615389231,1.6683789166436093E-5,5.379575686146926E-4,2.633406577689922E-4,2.481119059799074E-4,8.160166545565889E-4,2.8609453618708754E-4,2.9920499060870256E-4,2.192097940856864E-4,3.054481541201672E-4,0.0037606670608057793,1.3397180740876323E-4,3.15447594073082E-4,6.984528736157008E-4,0.005453042698280434,1.8977759608804594E-4,1.878703834420377E-4,0.001729180337509451,0.006793561023736708,0.01139427959965811,0.019111821278412083,5.884890202070161E-5,0.0017986335139655548,6.191895289771841E-4,0.0017328480070595044,4.0509960290386216E-4,0.009327490106629177,1.4994257289144668E-4,6.595860590839129E-4,3.1320512417364705E-4,6.42524285040687E-4,1.0,2.4045696646996748E-4,0.023257957159058408,0.005801889400612485],[2.9225953424071407E-4,1.818126568675305E-4,0.0016867018950229799,1.481888154575759E-4,1.4708350125506794E-4,1.2599509815437395E-4,9.987848838099102E-4,4.02883237736648E-4,6.006885107119799E-4,1.5315168215017868E-4,9.499259194277245E-4,2.986987161012999E-5,7.425662054772454E-4,2.0240408345622055E-4,1.4507322957657198E-4,0.002527241370544169,1.640425583250237E-4,1.1599842583016324E-4,1.4078471841611834E-4,1.1708067567494104E-4,0.0030958350710385556,1.1276564868727747E-4,1