[[1.0,0.020952780821109823,0.011426459416401316,0.017448180252592694,0.019319740602814887,0.00970664863734657,0.01778392427389884,0.013090297097368192,0.01266707471268717,0.015561336754128343,0.017561948537386764,0.018295291385380056,0.013393395097205923,0.017295643719926885,0.01722360280297122,0.0078050457607719845,0.009636258894688308,0.02114569220363327,0.01735703627966625,0.020757406625064794,0.004334621848290117,0.01263155193614279,6.019110065185013E-4,0.018442576993044666,0.006876599660194855,0.020828305913857037,0.01987724166063287,0.014671329041847413,0.016755472899428095,0.01373366238455088,0.010815105288910465,0.007245776350556374,0.0011845897096643165,0.01991252146645773,0.006225436361163846,0.0015644968025108927,0.017270770172076597,0.0025048627794480656,0.009373078951594817,0.021644472484809014,0.0032647441415070834,0.053631478585238666,0.015511602940507043,0.020221724436965332,0.012276455053678359,4.1475714081072086E-4,0.008880389612641287,0.0038295905032760718,0.020951929190654833,0.01472497380677369,0.012105572060085,0.0018817557428189701],[0.020952780821109823,1.0,0.017632755106220043,0.019063141494677548,0.017978615596471726,0.0026937828022176942,0.012845724454117394,0.01752764167624052,0.0154753335438705,0.01027068178205896,8.052541021941101E-4,0.014718376759993696,0.011230325367507918,0.007694331979510633,0.009574122176237423,3.4168239613073563E-4,0.01586996917191758,0.015027120740085505,0.013237462705483392,0.018775964021601966,0.009159968612118973,0.013271714825929266,0.00976247547610425,0.014323322720884166,0.011800722973696422,0.013325256452319257,0.007823936749978923,0.009413534873940137,0.012013328263576643,0.013435893740874309,0.0025723713134046897,0.017158768624821234,0.005595280490154332,0.013829079662919911,0.006306766534035857,0.004594644075740496,0.013201735325263001,1.590361586365952E-4,0.01733514960656163,0.008718171796741057,0.005046998346827931,0.035128843516106324,0.01217967042587535,0.007855665940806037,0.004751009673258868,0.007274793714822673,0.008149530497947921,0.006765984195363239,0.01491727771188738,0.014044075160425263,0.0022115757041386696,0.014412525915010913],[0.011426459416401316,0.017632755106220043,1.0,0.0015042205378374808,0.0012036915168211126,3.555015172187298E-4,0.0015604885537951092,0.006527046895647205,0.0016697149061498718,6.829204689808332E-4,0.0016811513005149522,0.0013455175451965466,2.3499541412101322E-5,0.0019366358516225758,2.8605864117286605E-4,3.7786882829304023E-4,0.0017586501179202383,0.010325324294634638,0.004180092130800537,6.100805082774048E-4,4.074634458563706E-4,0.006055047163533823,5.703617469498457E-4,0.0016237661713297434,4.619305053776419E-4,0.0017680469650124856,0.0016740784866117514,0.0018386973977597041,6.126680069776264E-4,0.0013841484775636455,0.0018180980969117497,0.0011471492795840784,7.858764586191611E-4,0.004331589822377623,0.001610942158082721,0.0016237343831846246,0.0013954236080781835,5.350076415013856E-4,0.0016619936500684995,0.002885926972544278,3.0013897834543608E-5,0.008819588789146187,0.0016046238435582767,7.891853257645453E-4,8.013685159472797E-4,0.0016389166031387113,0.00133328161543586,0.002082890940226793,0.0017833432377247368,0.0051094395161474055,5.804506600079372E-4,0.0014441010480071477],[0.017448180252592694,0.019063141494677548,0.0015042205378374808,1.0,9.638396174065257E-4,1.2933572663893002E-4,7.591348856957439E-4,0.01145729808200193,4.1549885066067725E-4,2.2561653270585788E-4,1.1813035087811719E-4,1.9667070232858293E-4,1.0984194391743288E-4,0.002159157439954728,1.520624428656818E-4,2.610300741501773E-4,0.0012882703296203343,0.006665092571988902,0.0012196006024867193,3.1578886066754386E-4,1.890665443222703E-4,0.004641109086313908,2.4551768742829306E-4,4.4564960580514807E-4,2.0947191022161065E-4,2.4093937698084305E-4,6.219871353740495E-4,6.278380915688016E-4,1.8413099364087275E-4,1.6265118787788327E-4,0.0013230395385618525,2.6469395726141904E-4,2.015343613394908E-4,0.0016297256935828867,3.3873927304339064E-4,4.8651917120360905E-4,9.964847137747894E-4,2.0099300643985264E-4,0.0011160988614228385,0.0016628902146677677,2.483089958369086E-4,0.030706646917359262,3.4683122561191573E-4,1.2584704516151675E-4,2.5226266733996834E-4,2.4373075324990838E-4,1.5801712887724762E-4,0.0010391299077246638,0.0010079268760481881,0.0029859786060983814,9.687644409086524E-5,3.2462939094824177E-4],[0.019319740602814887,0.017978615596471726,0.0012036915168211126,9.638396174065257E-4,1.0,8.209933756098999E-4,0.0013793082491018024,0.009418262496657188,0.001352397476729098,0.0011700186901257652,0.001054123706689675,2.4151362230079784E-4,5.516793978746127E-4,0.0020999573078707063,0.0011128496151685322,8.540109681853258E-4,0.001592630004237297,0.003296529486746655,0.0030338019073757423,7.645260768967942E-4,5.948361508158977E-4,0.0021074194922406616,9.598209976936339E-4,0.0010789630126732137,6.631609263878441E-4,7.853218247196357E-4,0.0016028523590014777,0.0015213136780680829,0.0010662762111303126,8.420556574106388E-4,0.0014999794788993308,5.815647138005723E-4,0.001035288824403291,0.010571929776773166,0.0011546833401375116,0.0011686256992656692,0.001028382526648821,1.7929046336751043E-4,0.0011704196200995358,0.0024383667117465506,3.1988802637303884E-4,0.04807786688489933,0.0012149445798854842,2.1822194459201083E-4,3.929663757306238E-4,6.586971369260619E-4,9.015642296300273E-4,0.001694815456285072,0.001130425930065502,0.0031482025026995934,2.937936888833978E-4,9.95262648654392E-4],[0.00970664863734657,0.0026937828022176942,3.555015172187298E-4,1.2933572663893002E-4,8.209933756098999E-4,1.0,2.2807091167484112E-4,0.008902013370819445,1.468418069168431E-4,1.3410431305510673E-4,3.584381914157792E-5,1.002971849081771E-4,7.959598151488948E-5,0.0014731323991302937,1.3326883712554515E-4,2.1997387853232313E-4,0.0016699552774655426,0.005725465250532265,0.003880451230222819,5.022425694873249E-4,1.1581923626952884E-4,0.007557167544824918,1.0738084154392293E-4,4.4880905497588977E-4,1.4257798698366977E-4,1.4266594341438217E-4,2.925382717901152E-4,5.688068479250145E-4,1.2160856565563035E-4,1.3291769323597966E-4,2.058038711931299E-4,1.615289446011209E-4,4.365383443144793E-5,0.004209909529520961,2.411498308371003E-4,8.996940587640799E-4,3.3859560667595635E-4,1.4300024888744972E-4,8.59123541817477E-4,6.254992411280221E-4,3.9685438202232554E-5,0.03290597244393719,9.853405329409751E-4,1.2102269274590644E-4,6.808296556186018E-5,1.4558170846147404E-4,1.1986156987893378E-4,6.64492187237318E-4,6.382289272882851E-4,0.00979219960647138,2.841183323322366E-5,3.159550502058515E-4],[0.01778392427389884,0.012845724454117394,0.0015604885537951092,7.591348856957439E-4,0.0013793082491018024,2.2807091167484112E-4,1.0,0.006616205266703767,0.0014382559892573584,4.473843374663609E-4,9.381475523871587E-4,0.0014220130780398263,7.458035210182241E-5,0.0015073622718522462,9.68787467758645E-4,0.001024685129638643,0.0015959412347671602,0.00879261444948034,0.002559465916411902,0.00117983719174309,0.0013911245091874943,0.00883928820684528,0.0011491034259716625,0.0012945723561351647,5.143105536412416E-4,0.00120782223488892,0.0015062182887772585,0.002057389584372545,1.4184102761274027E-4,3.190480784246632E-4,0.001592697675894866,2.914568000591985E-4,9.020682882661412E-4,0.007766536467965061,0.001271966203278345,0.0012014502697070017,0.0011636973588504396,0.0012431087508381648,0.0013486048409817515,0.0021513608679142333,9.523326875874004E-4,0.004361108513211439,0.0014253050248759155,9.714517914316617E-4,3.0180801549733777E-4,2.908176902748186E-4,0.001386583823602907,0.0018844624172631656,0.0014044168668669666,0.004482354327318668,6.804314228914443E-4,0.0013857446028894098],[0.013090297097368192,0.01752764167624052,0.006527046895647205,0.01145729808200193,0.009418262496657188,0.008902013370819445,0.006616205266703767,1.0,0.01153133029406065,0.00693374860495436,0.007754075799993956,0.00976807612452007,0.004754149508311858,0.004790338581688099,0.008229357016142731,0.01109307031593476,0.01008605673140134,0.013592892614639494,0.009430547953835217,0.004517641376904934,0.00538362656449471,0.011948593653168669,0.0030411722890744844,0.004510392266639534,0.0022103529602609797,0.00839674959009711,0.008125471450873495,0.01109329925459482,0.005548613653477177,0.008212987947613846,0.0057719972545408026,0.010909564312293304,0.005654260032050826,0.01197540102075962,0.0070159071700684715,0.012022021092532422,0.00861429801244117,0.00266396148695052,0.012423590029592289,0.011023066141220065,0.0029753589110694018,0.04191829194823297,0.008123317564196972,0.0036945947468765812,0.007291880359295333,0.007762565794020965,0.0014892978864248394,0.008872375008427797,0.009654042196433985,0.0128193329279496,9.021474480445995E-4,0.002622279466600247],[0.01266707471268717,0.0154753335438705,0.0016697149061498718,4.1549885066067725E-4,0.001352397476729098,1.468418069168431E-4,0.0014382559892573584,0.01153133029406065,1.0,0.0012918820311932132,8.604918156161367E-4,0.0011521206331434658,8.002508843119323E-4,0.002645963378330577,0.0011243667049017836,5.975476666445004E-4,0.0015231491923564185,0.012395504652266158,0.001441420983959251,0.0011573999469944999,0.0011688517579074307,0.0026755882009613613,0.0013811671726981778,9.193038669651562E-4,7.64497729119891E-4,4.4845856858752753E-4,0.0014753952735307462,0.001462882237114105,2.0676487632109737E-5,4.751150199778804E-4,0.00199400653757499,7.923106389581549E-4,7.197156805409813E-4,0.0019007355178760727,0.001291738192404485,0.0011069299062435888,0.0010997209650571397,6.244424203905188E-4,0.0012714741647137442,0.002828525845257757,0.0010350378579624538,0.044967570666541376,0.0014180577649023146,1.288722777882684E-4,0.0013790350369653718,6.551706036897911E-4,3.797550234950959E-4,0.0021636572535143127,0.0013137155066388585,0.0031360532630537574,0.0010150032508124346,5.391564695644755E-4],[0.015561336754128343,0.01027068178205896,6.829204689808332E-4,2.2561653270585788E-4,0.0011700186901257652,1.3410431305510673E-4,4.473843374663609E-4,0.00693374860495436,0.0012918820311932132,1.0,4.290368323561031E-5,8.702760549912417E-5,5.099717320717786E-5,8.521052036076829E-4,1.461219675750337E-4,2.505841232326201E-4,0.0010783985532844245,0.0066151259967166375,8.287993603379833E-4,3.5590338388375434E-4,1.3782573952517588E-4,0.009233893584556301,1.395554172774657E-4,1.5676245181301185E-4,1.4984199017468403E-4,1.600274136016198E-4,0.0014288854801873334,8.099618600337121E-4,2.4473893590504083E-5,1.384096234001856E-4,0.0014122333712670674,1.7135566045715353E-4,1.1934916761487306E-4,0.0033611813169119533,1.6666479275980636E-4,8.829308255359392E-4,5.197823736539901E-4,1.4751862836634048E-4,0.0010831357490652112,9.81950751045405E-4,3.302333036896899E-5,0.02582284982926261,6.856794528313107E-4,1.2125046135849671E-4,7.844620292625321E-5,1.450924800097965E-4,9.292327420214736E-5,0.0016198449606657699,9.819831879103005E-4,0.005903207355746897,7.577839000931657E-5,2.0383289835052514E-4],[0.017561948537386764,8.052541021941101E-4,0.0016811513005149522,1.1813035087811719E-4,0.001054123706689675,3.584381914157792E-5,9.381475523871587E-4,0.007754075799993956,8.604918156161367E-4,4.290368323561031E-5,1.0,2.6585794214949412E-5,1.2458450474430517E-5,0.001659160522081339,1.0437610653346622E-4,1.6453951332165344E-5,0.0014368080106458073,0.004945058482111284,4.111936858031371E-4,3.5011390520684686E-4,8.533762297902755E-5,0.008887763238618215,2.2730780963889912E-5,3.370919680028678E-4,1.0271503994484385E-4,8.158827617272442E-5,0.001626452202183263,0.00167998678586413,1.5215432870858738E-5,3.264191871364736E-5,8.590845360438703E-4,5.108245392756445E-5,2.5314710947360318E-5,0.008266010381521699,6.261317417225777E-4,5.807114399867641E-4,1.3775709650025325E-4,4.3249543984773865E-5,3.9880741631272165E-4,7.838041276579366E-5,1.1504863547086908E-5,0.032511467631669164,0.001171564714164418,6.324921749190843E-5,1.2319002292733205E-5,1.5951571593381765E-4,2.149099450175538E-5,6.951674123095848E-5,5.3371596513768164E-5,0.0020802882234677105,1.5781312461567095E-5,1.1596957750716671E-4],[0.018295291385380056,0.014718376759993696,0.0013455175451965466,1.9667070232858293E-4,2.4151362230079784E-4,1.002971849081771E-4,0.0014220130780398263,0.00976807612452007,0.0011521206331434658,8.702760549912417E-5,2.6585794214949412E-5,1.0,1.9993345470372473E-5,0.0016649524621155094,9.918338837786809E-5,2.2675848547348357E-4,0.00130078714246359,1.2162093492018222E-4,0.0044982158728826905,3.8986753365450715E-4,5.536662892423806E-5,0.008954295459016695,4.95205625731808E-5,2.8016529353109274E-4,1.1553064994261234E-4,1.2835160621502286E-4,0.0015117718555543527,0.0018554330257823614,4.5430554063721285E-5,6.171324862884021E-5,8.272919127256856E-4,1.4908110596198278E-4,3.766860407579715E-5,0.006922963739679759,7.06057142192723E-4,9.54946122194056E-4,7.696639365125414E-4,1.259213303843581E-4,9.79918773749922E-4,0.003057828382355015,5.184299461325008E-5,0.021682727769211412,1.0594990181293993E-4,7.709634259325849E-5,1.2948055894631361E-5,7.528414893951852E-5,5.4461588265825814E-5,0.0013570471679709155,9.862868890636342E-4,0.012373627165095802,2.633998228622151E-5,2.7668380593007854E-4],[0.013393395097205923,0.011230325367507918,2.3499541412101322E-5,1.0984194391743288E-4,5.516793978746127E-4,7.959598151488948E-5,7.458035210182241E-5,0.004754149508311858,8.002508843119323E-4,5.099717320717786E-5,1.2458450474430517E-5,1.9993345470372473E-5,1.0,4.670005891370105E-5,3.940358435514096E-5,1.0514935588354898E-4,1.0953233197736099E-4,0.011117714107116315,0.004195129237692644,2.853038589910163E-4,5.869943656139522E-5,0.009445779246731838,4.321626945565633E-5,4.046577134458026E-5,1.2686610444160229E-4,1.5495383713253025E-4,8.190239916778737E-4,0.001550654328966232,1.339979193896476E-5,8.949605160212635E-5,0.0017854882697252974,6.494153885276227E-5,1.4845162018794225E-5,0.008956759476623603,4.7799899567422106E-4,5.507336838307202E-4,4.14293959124079E-4,1.0711540234115787E-4,3.9414281815146687E-4,0.0018813275516633792,1.0973424550162485E-5,0.027179396396791435,4.2583836358387264E-4,1.0388636925943759E-4,1.103790841704158E-5,8.063173343913799E-5,2.0408229168559595E-5,0.0020112714563794323,2.24748203319763E-4,0.009626286823959836,1.2428303019255843E-5,3.069076730521261E-4],[0.017295643719926885,0.007694331979510633,0.0019366358516225758,0.002159157439954728,0.0020999573078707063,0.0014731323991302937,0.0015073622718522462,0.004790338581688099,0.002645963378330577,8.521052036076829E-4,0.001659160522081339,0.0016649524621155094,4.670005891370105E-5,1.0,0.0018269819645111683,0.0013922611415119973,0.0019518166400819485,0.011813201092006365,0.004604347579713092,0.0013351693249875818,0.0013839300892564722,0.010529614319960131,0.002441698462332385,5.658787319006503E-4,5.752185675044495E-4,0.00107651704074951,0.002143714585509569,0.0026512028251210176,4.0059799634243156E-4,0.0017751760059379815,0.00203697131435169,0.001465218178375345,6.036860878921047E-4,0.009275647191223677,0.0023827388680040893,0.00115046675086696,0.002041620110144765,0.001470279852970849,0.0014165151741978618,0.0028385615276484153,7.172714696196431E-5,0.03639920441850733,0.0012898090145609517,0.0017720992171652195,1.517347679381074E-4,0.00179035493897036,0.001138390744134603,0.002316965678088915,0.0012352555069889341,0.004542365340794093,6.102114955511891E-4,3.786400012542581E-4],[0.01722360280297122,0.009574122176237423,2.8605864117286605E-4,1.520624428656818E-4,0.0011128496151685322,1.3326883712554515E-4,9.68787467758645E-4,0.008229357016142731,0.0011243667049017836,1.461219675750337E-4,1.0437610653346622E-4,9.918338837786809E-5,3.940358435514096E-5,0.0018269819645111683,1.0,1.6395400660132152E-4,0.0013923205749950607,0.007911769300086567,0.002400769843017496,4.48047821477867E-4,1.2049872537705889E-4,0.005949461863031875,9.47919490147593E-5,3.0380168275297457E-4,1.5712760319895857E-4,1.639387314189504E-4,2.7571459407733874E-4,0.0017242064059679052,1.3795454785056502E-4,1.388012766138199E-4,0.0013591798281591154,2.68633737499648E-4,1.1992758213046032E-4,0.002414238786880956,7.245245193536519E-4,1.5051097683265995E-4,1.7996240364042966E-4,1.485962208384261E-4,3.9082704494029113E-4,0.002059482791842058,1.3387190277484965E-4,0.052073035737767955,0.001158373682166165,1.2831958877781532E-4,1.0153960372164378E-4,1.5605356537806998E-4,1.0055420434045103E-4,6.600472199150159E-4,5.684738150687783E-4,0.0010585773399506137,7.128774209824498E-5,2.8572280361658997E-4],[0.0078050457607719845,3.4168239613073563E-4,3.7786882829304023E-4,2.610300741501773E-4,8.540109681853258E-4,2.1997387853232313E-4,0.001024685129638643,0.01109307031593476,5.975476666445004E-4,2.505841232326201E-4,1.6453951332165344E-5,2.2675848547348357E-4,1.0514935588354898E-4,0.0013922611415119973,1.6395400660132152E-4,1.0,5.558729740260821E-4,0.011925341085058286,0.0016535317272829862,3.9003287552728355E-4,1.5520560051482624E-4,7.021620176395524E-4,1.9145577258382497E-4,5.191030759712025E-4,2.5960317095072093E-4,1.8965113105742093E-4,8.865666169971116E-4,0.0016972542209718658,1.5550858156249573E-4,1.6320554945332272E-4,6.611532729921465E-4,2.73640962839853E-4,5.00593237253695E-5,0.010483061807433205,8.25412706368025E-4,9.618611878286653E-4,7.358544660832776E-4,2.0441117647266923E-4,5.990258966136815E-4,0.0016687232432621472,1.5203267823656096E-4,0.04401856075057947,0.0010628162349469363,1.4932731865135174E-4,2.3646925457317965E-4,2.4806847393276987E-4,2.4449739753174996E-4,0.0010297434707149103,0.0010362607512402389,0.008798929350558362,5.6262959359104606E-5,2.7721450378545554E-4],[0.009636258894688308,0.01586996917191758,0.0017586501179202383,0.0012882703296203343,0.001592630004237297,0.0016699552774655426,0.0015959412347671602,0.01008605673140134,0.0015231491923564185,0.0010783985532844245,0.0014368080106458073,0.00130078714246359,1.0953233197736099E-4,0.0019518166400819485,0.0013923205749950607,5.558729740260821E-4,1.0,0.014870555442926255,0.0022392139350013093,0.0016525337741133514,5.313544328628021E-4,0.005701466993804075,0.0012674730036665938,0.001065046740593852,4.0230233006783027E-4,5.56406962674955E-4,0.0017037430872722393,0.0018312759534611024,7.87807721060146E-5,0.001499854620845768,0.0018809310636278677,5.766540610331873E-4,6.512021710181582E-4,0.008455800520500358,0.0012792896257887596,0.0012585351742571975,0.0014673327819395975,3.8058577303928245E-4,0.0016299437393159232,0.0026271200584371077,0.0013632106952167304,0.008435921525187993,0.0013576706430095274,0.0010319392462604376,4.187226376629899E-4,3.8504369118375564E-4,0.0015886790486271706,0.001958276574408523,0.0010719264350745365,0.004331977780414262,6.118570185982733E-4,3.83376287645478E-4],[0.02114569220363327,0.015027120740085505,0.010325324294634638,0.006665092571988902,0.003296529486746655,0.005725465250532265,0.00879261444948034,0.013592892614639494,0.012395504652266158,0.0066151259967166375,0.004945058482111284,1.2162093492018222E-4,0.011117714107116315,0.011813201092006365,0.007911769300086567,0.011925341085058286,0.014870555442926255,1.0,0.006067417798327466,0.0015850983210472505,0.01208484927356753,0.01268832397758069,0.00999662290227048,0.013291199099660428,0.012145668851073559,2.650721977485429E-4,0.014447207487463793,0.010070545073751243,0.00563502978324717,0.008240071363563136,0.013212947322339852,0.0076625421225969765,0.012733866154345512,0.013417936375710655,0.008131611366275404,0.00873280305162694,0.0013593130504893406,9.175280550304228E-4,0.008690016690933887,0.011717215332326827,0.007612829471836525,0.04501936007111142,0.0034867631802489125,0.013519246048121597,0.0029683535575986816,0.01210640014629389,0.0016370666954588647,0.011194416254462573,0.011938619085249071,0.014491492923578512,0.009963869394843134,0.0034256541345417234],[0.01735703627966625,0.013237462705483392,0.004180092130800537,0.0012196006024867193,0.0030338019073757423,0.003880451230222819,0.002559465916411902,0.009430547953835217,0.001441420983959251,8.287993603379833E-4,4.111936858031371E-4,0.0044982158728826905,0.004195129237692644,0.004604347579713092,0.002400769843017496,0.0016535317272829862,0.0022392139350013093,0.006067417798327466,1.0,0.0014997828200313348,0.002526924914427314,0.009561755080836419,2.7623673977812116E-4,0.0015907806678677643,0.0048504548145557,0.004927284911759528,0.004736109736562749,0.0022792538306473775,0.004901160259997576,0.002579985466341516,0.0034689886054666197,0.003631434418166811,0.0022710377572971096,0.0069059842938087295,0.001547214370730236,0.0015610938938445196,0.004252442710013718,0.0016228483054339673,0.003974139906826118,0.0038369258085855845,0.004845530771073309,0.04177546281529845,0.003359163079376587,0.005027514290140983,0.004174879719765145,0.002466896990710499,0.0012719991001038065,0.0023999061556079213,0.0021570454088235846,0.006961677997394181,3.123577470886229E-4,0.004532305914292094],[0.020757406625064794,0.018775964021601966,6.100805082774048E-4,3.1578886066754386E-4,7.645260768967942E-4,5.022425694873249E-4,0.00117983719174309,0.004517641376904934,0.0011573999469944999,3.5590338388375434E-4,3.5011390520684686E-4,3.8986753365450715E-4,2.853038589910163E-4,0.0013351693249875818,4.48047821477867E-4,3.9003287552728355E-4,0.0016525337741133514,0.0015850983210472505,0.0014997828200313348,1.0,2.1941077515311218E-4,0.010036205110517863,3.7570107479176934E-4,5.323835692202151E-4,4.368275932461311E-4,3.140476742124998E-4,5.437222441753347E-4,9.221730946798056E-4,5.116112727331526E-4,3.9631602215761045E-4,9.757889022797895E-4,4.7835010346816427E-4,1.7857735887961873E-4,0.001769321481535511,0.0010184074089754015,8.744200955446516E-4,7.900641308884025E-4,2.54820584659562E-4,8.836748899252213E-4,0.001888994429860904,3.329672580071173E-4,0.04417018228437923,0.0012084229643516539,4.0200489517869286E-4,2.794385547997388E-4,3.633613149263985E-4,4.862261849670552E-4,8.607037416152158E-4,7.984222822148675E-4,0.003793086637878627,2.0260194593813626E-4,4.3649480171376373E-4],[0.004334621848290117,0.009159968612118973,4.074634458563706E-4,1.890665443222703E-4,5.948361508158977E-4,1.1581923626952884E-4,0.0013911245091874943,0.00538362656449471,0.0011688517579074307,1.3782573952517588E-4,8.533762297902755E-5,5.536662892423806E-5,5.869943656139522E-5,0.0013839300892564722,1.2049872537705889E-4,1.5520560051482624E-4,5.313544328628021E-4,0.01208484927356753,0.002526924914427314,2.1941077515311218E-4,1.0,2.8448686923307134E-4,4.7257808716723076E-5,2.76884117436289E-4,1.0983682283139099E-4,1.6783109766537968E-4,2.585724185700325E-4,0.0017710402037433204,1.0654630355281679E-4,1.1597098242769532E-4,3.6827341017822566E-4,1.264362700897676E-4,1.0317868449919191E-4,0.002345985609726747,2.3479658990994376E-4,2.494038027494091E-4,5.750046852695909E-4,1.0987586689165021E-4,8.716547864499357E-4,0.0016832085962383931,1.062046183838899E-4,0.0028247790756020666,5.491650177447057E-4,1.0915917514200496E-4,2.2392459984912395E-5,1.1091082300264315E-4,8.749405848657387E-5,0.0011156203966991307,7.537476336020038E-4,0.00697336751139461,8.942442558580938E-5,1.8222708467851507E-4],[0.01263155193614279,0.013271714825929266,0.006055047163533823,0.004641109086313908,0.0021074194922406616,0.007557167544824918,0.00883928820684528,0.011948593653168669,0.0026755882009613613,0.009233893584556301,0.008887763238618215,0.008954295459016695,0.009445779246731838,0.010529614319960131,0.005949461863031875,7.021620176395524E-4,0.005701466993804075,0.01268832397758069,0.009561755080836419,0.010036205110517863,2.8448686923307134E-4,1.0,0.008537702813246902,0.00546004420662469,0.0010967657879427904,0.0074414369759434815,0.010572934349173167,0.008933170230480675,0.0031424637953468225,0.006945990458715389,0.002983278012019217,0.007097358351285868,0.0016857780281416665,0.010974897617246664,0.00781181136736377,0.00853131390719704,0.002477984217349326,9.437469097573292E-4,0.005154473319765601,0.004024576094356262,0.008001678969495813,0.015831644993080707,0.006395053870865882,0.0054892771105987375,0.008164068179388266,0.005681186284943506,0.009556445322107065,0.009006007163486644,0.0017334739881838066,0.012651540296355884,0.010001232827056164,0.006948259694394735],[6.019110065185013E-4,0.00976247547610425,5.703617469498457E-4,2.4551768742829306E-4,9.598209976936339E-4,1.0738084154392293E-4,0.0011491034259716625,0.0030411722890744844,0.0013811671726981778,1.395554172774657E-4,2.2730780963889912E-5,4.95205625731808E-5,4.321626945565633E-5,0.002441698462332385,9.47919490147593E-5,1.9145577258382497E-4,0.0012674730036665938,0.00999662290227048,2.7623673977812116E-4,3.7570107479176934E-4,4.7257808716723076E-5,0.008537702813246902,1.0,1.0810124119314079E-4,1.3488263267956638E-4,4.78418616667231E-5,3.9964453190744804E-4,7.087286477233506E-4,4.2134253950753825E-5,6.61711619594491E-5,0.0018854993929622373,2.5733576337978655E-4,3.8010440066189113E-5,0.0011923010367032364,6.581273823608756E-4,1.265750369644074E-4,3.433860475749176E-4,6.948281567857785E-5,6.44182585362943E-4,0.0015759068506424642,2.3265922824370923E-5,0.042291804648492866,2.7901610121521876E-4,6.918506786192204E-5,1.4209660339126382E-5,1.8020914361494618E-4,6.901552164865755E-5,0.0018219440723206163,3.872269686311666E-4,0.006557516647599821,2.1378735153160916E-5,1.726342533303745E-4],[0.018442576993044666,0.014323322720884166,0.0016237661713297434,4.4564960580514807E-4,0.0010789630126732137,4.4880905497588977E-4,0.0012945723561351647,0.004510392266639534,9.193038669651562E-4,1.5676245181301185E-4,3.370919680028678E-4,2.8016529353109274E-4,4.046577134458026E-5,5.658787319006503E-4,3.0380168275297457E-4,5.191030759712025E-4,0.001065046740593852,0.013291199099660428,0.0015907806678677643,5.323835692202151E-4,2.76884117436289E-4,0.00546004420662469,1.0810124119314079E-4,1.0,2.781517029979614E-4,5.330876804702549E-4,0.0014114268505338303,0.001759949462378988,2.721482886683693E-4,1.7624148353547866E-4,8.441793927558747E-4,3.335707086870186E-4,4.350876385415617E-4,0.0016466623096023396,9.902235724265091E-4,0.0010680327243445104,6.474655779822446E-4,1.7089677938813487E-4,9.172221225394487E-4,8.022780976890613E-4,3.8492752531670157E-4,0.049296235528971354,0.00105758893825145,5.041441161356921E-4,5.228669250684645E-4,3.6611962327646753E-4,5.204037630882417E-4,0.0019078475881420937,6.938360331234755E-4,0.002924639849066302,4.273499266675071E-4,4.972134826077123E-4],[0.006876599660194855,0.011800722973696422,4.619305053776419E-4,2.0947191022161065E-4,6.631609263878441E-4,1.4257798698366977E-4,5.143105536412416E-4,0.0022103529602609797,7.64497729119891E-4,1.4984199017468403E-4,1.0271503994484385E-4,1.1553064994261234E-4,1.2686610444160229E-4,5.752185675044495E-4,1.5712760319895857E-4,2.5960317095072093E-4,4.0230233006783027E-4,0.012145668851073559,0.0048504548145557,4.368275932461311E-4,1.0983682283139099E-4,0.0010967657879427904,1.3488263267956638E-4,2.781517029979614E-4,1.0,1.717537114211207E-4,8.266445804063385E-4,0.0016132873961107216,1.378938676948619E-4,1.5996592606146683E-4,7.206174417168302E-4,2.33711879951684E-4,1.1415295211745187E-4,0.009804658549776907,0.0011123712837132127,6.319110581774175E-4,9.322077044995509E-4,1.5624590086697868E-4,9.817273646703832E-4,9.240981061430079E-4,7.376043425446537E-5,0.003095477339917913,0.001097189320867298,1.2795857309912118E-4,4.906229557180375E-5,1.6799267848405832E-4,1.0942932128622226E-4,0.0019499578944228817,0.0010474846388347993,2.797885228148774E-4,1.2858715015297276E-4,1.865526122448097E-4],[0.020828305913857037,0.013325256452319257,0.0017680469650124856,2.4093937698084305E-4,7.853218247196357E-4,1.4266594341438217E-4,0.00120782223488892,0.00839674959009711,4.4845856858752753E-4,1.600274136016198E-4,8.158827617272442E-5,1.2835160621502286E-4,1.5495383713253025E-4,0.00107651704074951,1.639387314189504E-4,1.8965113105742093E-4,5.56406962674955E-4,2.650721977485429E-4,0.004927284911759528,3.140476742124998E-4,1.6783109766537968E-4,0.0074414369759434815,4.78418616667231E-5,5.330876804702549E-4,1.717537114211207E-4,1.0,6.33863390695834E-4,3.592682836048865E-4,6.470588920803577E-5,1.5916299882983993E-4,0.0016541536765149888,2.536488198441701E-4,9.965410124929491E-5,0.002186954704041682,4.778310488632424E-4,0.0010449642713042868,2.6640450250082717E-4,1.5640334573032311E-4,5.432798369738438E-4,0.0032264691148807434,1.094379932772573E-4,0.023770572867078912,3.989744107668229E-4,1.701687477860553E-4,1.8985732178057436E-5,1.749113725944384E-4,8.876212720171105E-5,0.0015290781565672623,8.449559313282516E-4,0.006863518376626616,1.2979005983822426E-4,2.5991420131303295E-4],[0.01987724166063287,0.007823936749978923,0.0016740784866117514,6.219871353740495E-4,0.0016028523590014777,2.925382717901152E-4,0.0015062182887772585,0.008125471450873495,0.0014753952735307462,0.0014288854801873334,0.001626452202183263,0.0015117718555543527,8.190239916778737E-4,0.002143714585509569,2.7571459407733874E-4,8.865666169971116E-4,0.0017037430872722393,0.014447207487463793,0.004736109736562749,5.437222441753347E-4,2.585724185700325E-4,0.010572934349173167,3.9964453190744804E-4,0.0014114268505338303,8.266445804063385E-4,6.33863390695834E-4,1.0,0.0020969891893927056,6.593870241960712E-4,0.001119618161829681,0.0019035401503981328,4.7717497710565607E-4,0.0015600842141220612,0.007056033195947508,0.0016004958924565212,0.0016157374757355424,0.0014133401922341317,7.181750140327176E-4,0.0014508794762006334,0.002110320228379349,8.8010749143959E-4,0.0025028668445247863,0.0013926924376354924,0.0010419690661632416,6.265034193197075E-5,3.4127108349760237E-4,8.266096513818668E-4,0.0017082291860855347,0.001487193526863823,0.00388372124479521,0.0016154113555137874,3.5534197609322443E-4],[0.014671329041847413,0.009413534873940137,0.0018386973977597041,6.278380915688016E-4,0.0015213136780680829,5.688068479250145E-4,0.002057389584372545,0.01109329925459482,0.001462882237114105,8.099618600337121E-4,0.00167998678586413,0.0018554330257823614,0.001550654328966232,0.0026512028251210176,0.0017242064059679052,0.0016972542209718658,0.0018312759534611024,0.010070545073751243,0.0022792538306473775,9.221730946798056E-4,0.0017710402037433204,0.008933170230480675,7.087286477233506E-4,0.001759949462378988,0.0016132873961107216,3.592682836048865E-4,0.0020969891893927056,1.0,5.9530034715824786E-5,1.4823435745926097E-4,0.0020912672387429446,6.180821632777141E-4,7.542436733042537E-4,0.0047707795558742366,0.0014859724316918306,0.0011258584152741482,0.0015595920660622477,0.002091245638735386,0.0016599058544000149,0.002945546823055577,3.6061614851513386E-4,0.010271868923904194,0.0013616778055359688,0.0015590741611290404,1.2392049213535923E-4,0.0012247396077559752,4.27453560538961E-4,0.0021360904320959933,0.0012637927628617012,0.011145448590578338,7.806202087666824E-4,0.0016434113303399563],[0.016755472899428095,0.012013328263576643,6.126680069776264E-4,1.8413099364087275E-4,0.0010662762111303126,1.2160856565563035E-4,1.4184102761274027E-4,0.005548613653477177,2.0676487632109737E-5,2.4473893590504083E-5,1.5215432870858738E-5,4.5430554063721285E-5,1.339979193896476E-5,4.0059799634243156E-4,1.3795454785056502E-4,1.5550858156249573E-4,7.87807721060146E-5,0.00563502978324717,0.004901160259997576,5.116112727331526E-4,1.0654630355281679E-4,0.0031424637953468225,4.2134253950753825E-5,2.721482886683693E-4,1.378938676948619E-4,6.470588920803577E-5,6.593870241960712E-4,5.9530034715824786E-5,1.0,9.504649685822208E-5,7.29928583023263E-4,5.0513688416794486E-5,2.2170499224906473E-5,0.003074493749046644,7.583477888044038E-4,0.001079068122521671,7.042881025632787E-4,5.310435771229269E-5,6.669178828405778E-4,0.002904584528553945,1.398798350660173E-5,0.003996735223539956,2.802660200125133E-4,6.161668985369222E-5,1.4665584546321022E-5,3.573620449221415E-5,3.0872707026903046E-5,0.002080816467721892,0.001005036636206237,1.9592137154594773E-4,1.7998683166860227E-5,2.4092223470604368E-4],[0.01373366238455088,0.013435893740874309,0.0013841484775636455,1.6265118787788327E-4,8.420556574106388E-4,1.3291769323597966E-4,3.190480784246632E-4,0.008212987947613846,4.751150199778804E-4,1.384096234001856E-4,3.264191871364736E-5,6.171324862884021E-5,8.949605160212635E-5,0.0017751760059379815,1.388012766138199E-4,1.6320554945332272E-4,0.001499854620845768,0.008240071363563136,0.002579985466341516,3.9631602215761045E-4,1.1597098242769532E-4,0.006945990458715389,6.61711619594491E-5,1.7624148353547866E-4,1.5996592606146683E-4,1.5916299882983993E-4,0.001119618161829681,1.4823435745926097E-4,9.504649685822208E-5,1.0,6.951095107879038E-4,2.0011101943239633E-4,8.290593436208134E-5,0.0032597689935036983,5.624094622382717E-4,6.325373170037448E-4,4.2598356781626883E-4,1.4828796651048873E-4,1.9723217377118666E-4,3.7776159155240006E-4,3.6675549192047284E-5,0.02540993311237065,6.752152422472846E-4,1.2828769033169812E-4,6.569905960944011E-5,1.7354122976995608E-4,8.892476040799055E-5,0.0012040366758141279,7.470728888142548E-4,0.0030270588047311693,1.1853271747070196E-4,3.0669274730993356E-4],[0.010815105288910465,0.0025723713134046897,0.0018180980969117497,0.0013230395385618525,0.0014999794788993308,2.058038711931299E-4,0.001592697675894866,0.0057719972545408026,0.00199400653757499,0.0014122333712670674,8.590845360438703E-4,8.272919127256856E-4,0.0017854882697252974,0.00203697131435169,0.0013591798281591154,6.611532729921465E-4,0.0018809310636278677,0.013212947322339852,0.0034689886054666197,9.757889022797895E-4,3.6827341017822566E-4,0.002983278012019217,0.0018854993929622373,8.441793927558747E-4,7.206174417168302E-4,0.0016541536765149888,0.0019035401503981328,0.0020912672387429446,7.29928583023263E-4,6.951095107879038E-4,1.0,4.19623375654732E-4,2.806299720500691E-4,0.00484071929340537,0.0017289945833246626,0.0012597702993607533,0.0010756396198608779,3.9164718636192477E-4,0.0011929851911017578,0.002384869801951146,4.869119079960721E-4,0.011821356148936252,0.0018563890889306501,9.493161750411463E-4,0.002002401266261186,2.3994947079765606E-4,0.001660965311971732,0.0021455157669421077,0.0010961215537077084,0.011720239467799817,0.0011197185333506586,0.0015108115668828917],[0.007245776350556374,0.017158768624821234,0.0011471492795840784,2.6469395726141904E-4,5.815647138005723E-4,1.615289446011209E-4,2.914568000591985E-4,0.010909564312293304,7.923106389581549E-4,1.7135566045715353E-4,5.108245392756445E-5,1.4908110596198278E-4,6.494153885276227E-5,0.001465218178375345,2.68633737499648E-4,2.73640962839853E-4,5.766540610331873E-4,0.0076625421225969765,0.003631434418166811,4.7835010346816427E-4,1.264362700897676E-4,0.007097358351285868,2.5733576337978655E-4,3.335707086870186E-4,2.33711879951684E-4,2.536488198441701E-4,4.7717497710565607E-4,6.180821632777141E-4,5.0513688416794486E-5,2.0011101943239633E-4,4.19623375654732E-4,1.0,1.9175141868509705E-4,0.008695111836527993,5.393039392424972E-4,3.8842749857896197E-4,4.453458110166229E-4,2.385729138477506E-4,0.0011123737730528724,0.0016107040725186947,1.4327921208408183E-4,0.032714487158688486,3.3063858757051017E-4,1.5145153592475123E-4,1.0959708950397555E-4,2.0080714266555515E-4,1.2734504602378765E-4,0.0013206800453424718,7.759272059251236E-4,0.009775993007677694,7.408929589564103E-5,3.207743337707411E-4],[0.0011845897096643165,0.005595280490154332,7.858764586191611E-4,2.015343613394908E-4,0.001035288824403291,4.365383443144793E-5,9.020682882661412E-4,0.005654260032050826,7.197156805409813E-4,1.1934916761487306E-4,2.5314710947360318E-5,3.766860407579715E-5,1.4845162018794225E-5,6.036860878921047E-4,1.1992758213046032E-4,5.00593237253695E-5,6.512021710181582E-4,0.012733866154345512,0.0022710377572971096,1.7857735887961873E-4,1.0317868449919191E-4,0.0016857780281416665,3.8010440066189113E-5,4.350876385415617E-4,1.1415295211745187E-4,9.965410124929491E-5,0.0015600842141220612,7.542436733042537E-4,2.2170499224906473E-5,8.290593436208134E-5,2.806299720500691E-4,1.9175141868509705E-4,1.0,0.008694922766041094,6.097992893054466E-4,7.880662631650467E-4,8.249368921776901E-4,9.827504095138813E-5,5.193655031632181E-5,0.001854534963695752,2.5278114043916784E-5,0.05312900643007142,0.0010237801322861622,8.003643700385857E-5,2.3045891754950973E-5,1.2961816472855636E-4,4.117682629185145E-5,0.001945767703709583,1.6269692575184214E-4,3.82573068138683E-5,3.17177099817733E-5,1.6450377800954937E-4],[0.01991252146645773,0.013829079662919911,0.004331589822377623,0.0016297256935828867,0.010571929776773166,0.004209909529520961,0.007766536467965061,0.01197540102075962,0.0019007355178760727,0.0033611813169119533,0.008266010381521699,0.006922963739679759,0.008956759476623603,0.009275647191223677,0.002414238786880956,0.010483061807433205,0.008455800520500358,0.013417936375710655,0.0069059842938087295,0.001769321481535511,0.002345985609726747,0.010974897617246664,0.0011923010367032364,0.0016466623096023396,0.009804658549776907,0.002186954704041682,0.007056033195947508,0.0047707795558742366,0.003074493749046644,0.0032597689935036983,0.00484071929340537,0.008695111836527993,0.008694922766041094,1.0,0.007547909518790016,0.007513868120731232,0.0025114858346442157,0.0016125132353289682,0.003114973794214328,0.009789079928009524,0.002121171702612044,0.054775701440748496,0.010901510747505536,0.00439634139065751,0.007697100214142691,0.004887693903749522,0.006964478350714223,0.0033181582293879764,0.0026971511376963717,0.012649978212315937,0.00550369818524852,0.00848901662812909],[0.006225436361163846,0.006306766534035857,0.001610942158082721,3.3873927304339064E-4,0.0011546833401375116,2.411498308371003E-4,0.001271966203278345,0.0070159071700684715,0.001291738192404485,1.6666479275980636E-4,6.261317417225777E-4,7.06057142192723E-4,4.7799899567422106E-4,0.0023827388680040893,7.245245193536519E-4,8.25412706368025E-4,0.0012792896257887596,0.008131611366275404,0.001547214370730236,0.0010184074089754015,2.3479658990994376E-4,0.00781181136736377,6.581273823608756E-4,9.902235724265091E-4,0.0011123712837132127,4.778310488632424E-4,0.0016004958924565212,0.0014859724316918306,7.583477888044038E-4,5.624094622382717E-4,0.0017289945833246626,5.393039392424972E-4,6.097992893054466E-4,0.007547909518790016,1.0,0.0011358288932984703,0.0011266959593225188,4.115374299102198E-4,0.0011588679675347284,0.0013550566894106656,7.034251659379742E-4,0.004629385980464784,0.00121852238977833,5.973386964966181E-4,8.275805287685726E-4,8.91134254422999E-4,5.08589282732309E-4,0.0013658835726309616,0.0010908348062786835,0.0012490544488328818,6.342284589834631E-4,6.780753359777786E-4],[0.0015644968025108927,0.004594644075740496,0.0016237343831846246,4.8651917120360905E-4,0.0011686256992656692,8.996940587640799E-4,0.0012014502697070017,0.012022021092532422,0.0011069299062435888,8.829308255359392E-4,5.807114399867641E-4,9.54946122194056E-4,5.507336838307202E-4,0.00115046675086696,1.5051097683265995E-4,9.618611878286653E-4,0.0012585351742571975,0.00873280305162694,0.0015610938938445196,8.744200955446516E-4,2.494038027494091E-4,0.00853131390719704,1.265750369644074E-4,0.0010680327243445104,6.319110581774175E-4,0.0010449642713042868,0.0016157374757355424,0.0011258584152741482,0.001079068122521671,6.325373170037448E-4,0.0012597702993607533,3.8842749857896197E-4,7.880662631650467E-4,0.007513868120731232,0.0011358288932984703,1.0,0.0010776722560316098,6.084291339051863E-4,0.0011584627783412362,0.001569744601402985,7.47003244067164E-4,0.0014707859406335169,0.0012078127645053708,8.79952760246605E-4,1.7275308928324575E-4,9.183830776501244E-4,7.137351972650645E-4,0.0011212779218979032,0.0010908729129774728,0.007334950417813058,7.375907428059281E-4,6.907757352140748E-4],[0.017270770172076597,0.013201735325263001,0.0013954236080781835,9.964847137747894E-4,0.001028382526648821,3.3859560667595635E-4,0.0011636973588504396,0.00861429801244117,0.0010997209650571397,5.197823736539901E-4,1.3775709650025325E-4,7.696639365125414E-4,4.14293959124079E-4,0.002041620110144765,1.7996240364042966E-4,7.358544660832776E-4,0.0014673327819395975,0.0013593130504893406,0.004252442710013718,7.900641308884025E-4,5.750046852695909E-4,0.002477984217349326,3.433860475749176E-4,6.474655779822446E-4,9.322077044995509E-4,2.6640450250082717E-4,0.0014133401922341317,0.0015595920660622477,7.042881025632787E-4,4.2598356781626883E-4,0.0010756396198608779,