[[1.0,0.0072302537320268105,3.8703210154143167E-4,0.005129188630154054,0.005872598514140956,0.008940145437162157,0.0037844239876491477,0.008652090904282872,0.008686970625468056,0.0023099242399718996,0.0034594454377717973,0.007184705833730624,0.00408355612923433,0.006213559303716951,0.007999889420802467,0.0027971842633894716,0.006392162763700548,0.010610407748245744,0.017319604103573263,0.002131174324916052,0.008211846015596214,0.004844123877314262,0.00842158067487471,0.007040426905871464,0.005568367332586139,0.007687868224390644,0.003786678118550386,0.004011323207732,0.013205066662956066,0.0036178577191430623,0.008538617683062803,0.01247554028774582,0.005221868965657971,0.004014114316787665,7.942119760037709E-4,0.0036060343440350896,0.013806325667813958,0.003292897260354419,0.0026811232487811056,0.0010075784945571098,0.0019054186839813601,0.0058934286107352515,0.011408095322651746,0.008586649348603696,0.008645379025203065,0.0013050471869904348],[0.0072302537320268105,1.0,1.9471719058822874E-5,5.772233196449523E-4,1.7940015038476456E-4,1.0320448136890727E-4,4.120454197990483E-4,1.1321008431331574E-4,2.0875645972846603E-5,1.8372214985013869E-4,8.12932841456252E-4,3.0871092014284785E-5,2.5183402712293182E-5,7.796372142527453E-4,0.003459159015978127,2.4016988286565372E-5,0.001248716796437371,0.0020049700477462727,0.009608717429605063,6.442849409146155E-5,5.2021559228317004E-5,8.326510124129896E-5,6.834778739208411E-5,2.291772070555542E-5,1.8651307136220673E-5,0.00185017566423428,9.384648094735079E-5,9.255889570434544E-5,0.008025218883846103,4.7462544156279794E-4,2.4766553550210755E-4,0.006437232858153101,9.80729526165479E-5,1.332710524416503E-4,2.5593007963806237E-5,7.924099471586364E-5,0.006717206403734652,5.842980563224613E-5,1.1216843642721066E-4,8.027655769633661E-5,1.4735292989750656E-5,2.4233525423954626E-5,0.003866733048844875,8.598645067120175E-5,0.00548437157435288,2.5433622319443165E-5],[3.8703210154143167E-4,1.9471719058822874E-5,1.0,6.0466490870558244E-5,1.9112890726387144E-4,1.7232284027940956E-4,0.001153676088335343,9.094759119651893E-5,1.1430155139803662E-5,1.5296314113712178E-4,9.721887736894324E-4,3.4172835835156165E-5,1.671781567095326E-5,6.329738298327932E-4,0.003672680289767588,1.719277911073484E-5,8.382850021263328E-4,0.0107781296617213,0.025608447923541795,6.498018020420539E-5,5.121627831559059E-5,1.834496284466441E-5,5.913444218889438E-5,1.135792490369415E-5,1.4548016763514937E-5,0.0026164216391715953,7.584323485712833E-5,6.038278970681115E-5,0.014856195073518288,0.0010630047612469782,8.375291500348164E-5,0.007874913812709172,5.631604526796855E-4,1.5742739378742383E-4,1.2835795363291082E-5,7.574355158838835E-5,0.007192629025156596,5.397833001834202E-5,9.50445672840958E-5,7.670100174957684E-5,1.158391524725008E-5,1.351701086991123E-5,0.004098369300393147,7.865062769957518E-5,0.004881404750718658,1.4410417164376798E-5],[0.005129188630154054,5.772233196449523E-4,6.0466490870558244E-5,1.0,7.197434468888114E-4,0.002804868618286341,0.00254965295396349,5.40727405643599E-4,0.003228576473716385,0.0021627904373560237,0.001969162663896977,0.001040769873341509,3.822611952880163E-4,0.0023128288625218507,0.0044985496805552035,0.0026076400705682874,0.002434915466763471,0.0076393462141587445,0.0241354780787497,4.820975557394673E-4,0.0029680887484378315,2.628901502651427E-4,0.003234496762557269,0.003160742668592722,0.002115744947382852,0.003565565161488287,0.0016480394788638045,0.0019040372468275145,0.009314064237179707,0.003203717563254713,0.001527639593125004,0.0074970574218367145,0.00303847538663821,0.002081563917106026,0.001479194170765799,0.0033768114472968102,0.011864565498649848,0.0020012999501275767,0.0031867069992362806,0.002112582358731959,0.00306297547562798,8.590022138042964E-4,0.009607854176630591,0.0016874817540297093,0.0074925022858427105,0.0027565464410770806],[0.005872598514140956,1.7940015038476456E-4,1.9112890726387144E-4,7.197434468888114E-4,1.0,2.180218584499755E-4,5.440614728185278E-4,2.7340638495098024E-4,4.063195245065064E-5,7.542538908465666E-4,6.864277693628259E-4,2.9022560560986127E-4,6.819012761388434E-5,7.736505549446368E-4,0.0027434062541723744,2.7769097016304574E-4,7.565721406261071E-4,0.01000396520375565,0.036305924897689315,1.1511587104111407E-4,2.569762142320157E-4,2.469407668799921E-4,2.1907183007822563E-4,1.0638169912865744E-4,1.1485933602084692E-4,0.0036807243913611976,1.2547197702620475E-4,2.9301678539588727E-4,0.0099856396749956,2.959635489901864E-4,2.913948044693534E-4,0.015064407741256327,8.602935947942775E-4,2.482230458182483E-4,2.493068352477677E-5,2.7239259869730017E-4,0.012189685754589947,2.347732733519239E-4,2.458416508009786E-4,3.8909132596736664E-4,6.238414038370366E-5,4.074601042041641E-5,0.007379584413214194,2.6136003389322246E-4,7.388290508633804E-4,1.7681315195524036E-4],[0.008940145437162157,1.0320448136890727E-4,1.7232284027940956E-4,0.002804868618286341,2.180218584499755E-4,1.0,0.001860824140466137,2.183856877084678E-4,1.7734070318735392E-4,7.539900147229342E-4,3.708211846715772E-4,1.5268338472731118E-4,9.369617705228412E-5,7.934026904339783E-4,0.0014269760318860556,1.7224778952827833E-4,0.0012798793796758234,0.009236455104043868,0.027500378033152747,1.641829120783615E-4,2.096802458471082E-4,1.3888596088824353E-4,1.1991029679915896E-4,5.205911594565701E-5,2.0012280664261545E-4,0.0031038285657070154,1.7572706040183117E-4,1.885314823083484E-4,0.015248145526632858,5.801453183981987E-4,2.3238660086946828E-4,0.013313620265416012,2.702165093392138E-4,1.8416761317515112E-4,3.772805173317339E-5,1.8083725759791017E-4,0.017573903049537938,1.5096081486108408E-4,1.9828588676581952E-4,2.523247434034653E-4,1.178979709958372E-4,1.5316669788102916E-4,0.0021751799009680117,1.8900341863903154E-4,0.0020449436565849557,7.747293465222094E-5],[0.0037844239876491477,4.120454197990483E-4,0.001153676088335343,0.00254965295396349,5.440614728185278E-4,0.001860824140466137,1.0,0.001759712293298735,6.152258889621972E-4,0.0012717279423859827,0.0016065609109469322,4.399565435395919E-4,0.001715726633494502,0.0018030138157826598,0.0029517079750014997,6.649367257434713E-4,0.0015004996188191806,0.008802012993126461,0.003291651101351223,9.154715733212215E-4,6.392129005714551E-4,7.455685682338394E-4,6.959822534504261E-4,0.0020360398002527906,7.584983929333476E-4,0.0027637209680662685,7.724608734122961E-4,9.732059571566938E-4,0.006072329546952453,0.0017045387262744707,0.0020008184849505187,0.006701393623185021,0.001471965695705818,0.0018041187753845664,2.758841687390181E-4,0.0010843867168376232,0.006505478005406138,0.001181528269963171,0.0015304423602549174,0.0015257260681046387,0.0013017437825237647,2.0033854097935457E-4,0.004533931834273126,0.001384258426996957,0.004653962551489988,0.001208455791420625],[0.008652090904282872,1.1321008431331574E-4,9.094759119651893E-5,5.40727405643599E-4,2.7340638495098024E-4,2.183856877084678E-4,0.001759712293298735,1.0,1.9035318991688375E-4,6.212432135624133E-4,7.843783352795041E-4,2.0628383876235572E-4,1.8027924808002558E-4,0.0010025216946780834,0.0032087250337913403,1.3397640116436394E-4,8.427879879090262E-4,0.004088587921823412,0.005962072853625652,1.7441539893441293E-4,1.916456296182209E-4,1.4694357785839852E-4,2.3803367467639804E-4,7.226127522255168E-5,2.1285055005544617E-4,0.003506937581829777,1.5245453239017164E-4,2.465633079185562E-4,0.006559115223098919,0.001209318617497615,2.5346524189047307E-4,0.01290216560817234,9.535442500934606E-4,2.5321407778437294E-4,2.029266016159895E-4,1.5031035494927062E-4,0.009400523409810263,1.2928057523293378E-4,1.9711980772314726E-4,4.8037125399930406E-4,2.1409011471305652E-4,1.001803518910294E-4,0.01048821654452032,1.9929982503888135E-4,0.007476410676270978,1.8514081453473668E-4],[0.008686970625468056,2.0875645972846603E-5,1.1430155139803662E-5,0.003228576473716385,4.063195245065064E-5,1.7734070318735392E-4,6.152258889621972E-4,1.9035318991688375E-4,1.0,8.39770154567616E-4,7.716204246092982E-4,6.176576786172084E-5,1.4908631501691953E-5,3.17767831338927E-5,0.0065856526972229955,1.5844426328176374E-5,0.0011723130315661958,0.004449793770343464,0.030386661921760146,2.3127400930849464E-5,1.2864125139894667E-4,7.162108295433357E-5,1.1241013653464881E-4,1.1009456438851907E-5,1.2851314891258792E-5,6.377203214986855E-5,5.949840422940627E-5,5.9050135666912646E-5,0.0067322608268623515,0.0014484915413758032,1.5373822685430178E-4,0.007676793388655483,6.995284150527277E-4,3.156831428684803E-5,1.803053343971654E-5,1.0341549410166254E-4,0.008125538213012663,2.3555123705293453E-5,1.1683804611538923E-4,4.29126807049577E-4,1.1031056794849128E-5,1.2626146905877944E-5,0.009455934136245578,1.1333685518296444E-4,0.005541204571838524,2.3559880079669317E-5],[0.0023099242399718996,1.8372214985013869E-4,1.5296314113712178E-4,0.0021627904373560237,7.542538908465666E-4,7.539900147229342E-4,0.0012717279423859827,6.212432135624133E-4,8.39770154567616E-4,1.0,0.0010937899573395349,6.132745156988443E-4,9.238532274850592E-4,0.0010746939054768483,0.003228919314985854,5.536061459487766E-4,0.001218208526880896,0.0036137413559503635,0.04488527294461973,3.2241344422335734E-4,0.0010027904483676901,7.668785039324853E-4,4.194555500960992E-4,1.6077399402580336E-4,3.953720561192377E-4,0.002034028352172655,7.893762675442043E-4,6.625037479953626E-4,0.006113946391532697,0.0015700645384898512,5.590276080207884E-4,0.008130670082359718,0.001084609956267467,5.509352739162828E-4,3.7812314313799393E-4,0.0010330889694693981,0.015857545205154058,2.1165074257046694E-4,2.579460149865814E-4,7.840032219966306E-4,9.86597675555456E-4,6.507554870826047E-5,0.011099615210159702,3.367906821471684E-4,0.0034424084988665666,7.048766207122445E-4],[0.0034594454377717973,8.12932841456252E-4,9.721887736894324E-4,0.001969162663896977,6.864277693628259E-4,3.708211846715772E-4,0.0016065609109469322,7.843783352795041E-4,7.716204246092982E-4,0.0010937899573395349,1.0,9.776879894834193E-4,8.017991459792552E-4,0.0010756868397838136,0.006835671638202063,8.218821952531735E-5,0.0012438960250119224,0.002316568226642335,0.006154838894716259,0.0010448984690587385,9.13788551871455E-4,5.868920941728433E-4,4.971517523255963E-4,7.661185919614589E-4,7.692730781018351E-4,0.001415368872816234,2.724081202572315E-4,8.091500276724711E-4,0.007025586526463475,0.0012767408770053947,5.67441960375678E-4,0.011610740187573925,0.0010701817882075545,9.737052417262161E-4,4.649178911866499E-4,0.0010831439866237512,0.009649142896231153,4.7720112566554965E-4,3.5315971522526624E-4,8.057119242366885E-4,5.977914996119524E-4,2.631234843498874E-4,0.0014572137962832355,5.184013552063531E-4,0.007072189655667032,8.255117269900489E-4],[0.007184705833730624,3.0871092014284785E-5,3.4172835835156165E-5,0.001040769873341509,2.9022560560986127E-4,1.5268338472731118E-4,4.399565435395919E-4,2.0628383876235572E-4,6.176576786172084E-5,6.132745156988443E-4,9.776879894834193E-4,1.0,8.503405751092137E-5,7.339341693525141E-4,0.004282000596238109,1.1050185942366707E-4,5.833813299658057E-4,0.011269930992074784,0.0217534359934874,1.1607943383350941E-4,1.5099441355692004E-4,1.0771454933844914E-4,1.1889123148477606E-4,6.889820565476552E-5,9.174538290357926E-5,0.0036449279162782547,1.1674944172841878E-4,1.7421512219458407E-4,0.009390463928640238,1.9239926220524002E-4,2.429344476134499E-4,0.005375451483743697,3.2372738949779805E-4,1.3975312814955507E-4,5.0638419540410996E-5,1.4593765681196791E-4,0.016329146696722297,1.1975585719459401E-4,1.215165181825582E-4,3.1441535644645294E-4,7.095389398585897E-5,5.113693340487738E-5,0.009206769585727099,1.3775298352757464E-4,0.002938983082344804,9.029042347071504E-5],[0.00408355612923433,2.5183402712293182E-5,1.671781567095326E-5,3.822611952880163E-4,6.819012761388434E-5,9.369617705228412E-5,0.001715726633494502,1.8027924808002558E-4,1.4908631501691953E-5,9.238532274850592E-4,8.017991459792552E-4,8.503405751092137E-5,1.0,1.91106847512294E-4,0.001190585989202107,2.2654495651391184E-5,5.178348435421763E-4,0.010434032648234302,0.009543142849796966,8.550689421900825E-5,1.4303379555251285E-4,3.7401111472787696E-5,3.737261402494777E-5,1.2621478636367645E-5,1.6958615250754883E-5,0.0022429836767232174,7.948788868351491E-5,1.6026313050398515E-4,0.004740755726270239,0.0012192525515752027,1.0548054207636964E-4,0.0036716243314021896,5.531066299306714E-4,3.9531333958318856E-5,2.3493124339181485E-5,2.8099457159391028E-5,0.00836884767261246,8.730996712744664E-5,7.033481880900113E-5,1.7839298659053264E-4,1.8811982367432396E-5,1.6651914056263737E-5,0.008675864285006418,7.409239333854507E-5,0.006076909953027755,2.40082912386475E-5],[0.006213559303716951,7.796372142527453E-4,6.329738298327932E-4,0.0023128288625218507,7.736505549446368E-4,7.934026904339783E-4,0.0018030138157826598,0.0010025216946780834,3.17767831338927E-5,0.0010746939054768483,0.0010756868397838136,7.339341693525141E-4,1.91106847512294E-4,1.0,0.0060802354897194115,6.870194461409684E-4,0.0012275554318899836,0.009440195561437839,0.0410150741770131,3.089183419369449E-4,1.9729630273303131E-4,9.600788467048435E-4,6.60331292725245E-4,3.79981970534963E-4,6.757328742201706E-4,0.0012953288106368611,3.772516182433723E-4,5.2346505703162E-4,0.0017837498740319447,0.0011421830796190648,3.749895778088027E-4,0.006982326462695941,0.001040740589678581,9.64951853102175E-4,6.11797142413857E-5,7.551903568208568E-4,0.004653022211884071,2.2630545500803062E-4,8.186400175333639E-4,8.118351202505043E-4,4.749218360517819E-4,0.0010537107224149183,0.006748531981151244,4.690254303173114E-4,0.0038864686902181328,7.8502665207586E-4],[0.007999889420802467,0.003459159015978127,0.003672680289767588,0.0044985496805552035,0.0027434062541723744,0.0014269760318860556,0.0029517079750014997,0.0032087250337913403,0.0065856526972229955,0.003228919314985854,0.006835671638202063,0.004282000596238109,0.001190585989202107,0.0060802354897194115,1.0,0.0065675130107245355,0.0029009339946508565,0.00896935058328601,0.04702671147559856,0.006018517721274495,6.356087205165765E-4,0.004793257118691063,0.004728254836710125,0.0035415002130197173,0.0039569029630651155,0.0045206560189304515,0.005993256407482066,0.002443979616141992,0.007651819299862796,0.006777802215098326,0.003961295419221803,0.008002459875561566,0.005270252091006801,0.0017664371946727489,0.0054048477090948835,0.005000704893165595,0.0070766340817557,0.005844727144712749,0.005784282441393689,0.001630492140739088,0.004738049815676273,0.006575090868646087,0.008572027895413014,0.0015758183401742918,0.007109238859173204,0.0021618594935958685],[0.0027971842633894716,2.4016988286565372E-5,1.719277911073484E-5,0.0026076400705682874,2.7769097016304574E-4,1.7224778952827833E-4,6.649367257434713E-4,1.3397640116436394E-4,1.5844426328176374E-5,5.536061459487766E-4,8.218821952531735E-5,1.1050185942366707E-4,2.2654495651391184E-5,6.870194461409684E-4,0.0065675130107245355,1.0,0.0013370203198696188,0.010029567192036008,0.022590430283929108,4.906148953115104E-5,4.052861404046541E-5,6.724016139565732E-5,1.1200863557807688E-4,1.2930021731413835E-5,1.543856981017755E-5,9.019793081015382E-4,9.235270499045246E-5,1.3473726657369753E-4,0.015527154569951122,2.3296655760568995E-4,8.346207714374588E-5,0.004168936708900632,3.004941254545013E-4,6.882053247536989E-5,1.911308012924194E-5,9.305207197574011E-5,0.01851743718844806,5.0021613910638635E-5,1.0592617823145542E-4,2.2361760182940663E-4,1.536901377528328E-5,1.7981966640522617E-5,6.487978349287236E-4,1.4784928553416673E-4,0.0041543045052582625,2.162835501910777E-5],[0.006392162763700548,0.001248716796437371,8.382850021263328E-4,0.002434915466763471,7.565721406261071E-4,0.0012798793796758234,0.0015004996188191806,8.427879879090262E-4,0.0011723130315661958,0.001218208526880896,0.0012438960250119224,5.833813299658057E-4,5.178348435421763E-4,0.0012275554318899836,0.0029009339946508565,0.0013370203198696188,1.0,0.010475668480403608,0.0070599204193462,2.3962086269935072E-4,2.674127140183347E-4,5.509210950936332E-4,4.8398296896017673E-4,9.880847817201257E-4,7.872690762688971E-4,0.0014300124877016877,0.0010869267963611003,3.1839583085922806E-4,0.004344266653955691,0.0016489745758435036,8.232027685144479E-4,0.006403363713678651,0.0013114307741484018,2.795840163827526E-4,8.187156481242297E-4,2.8451437892231657E-4,0.006633440264553806,2.7553797740832026E-4,0.0010464246197607625,0.001083734976107449,6.178373618051227E-4,3.308563346946228E-5,0.005389474478194714,9.787273906580963E-4,0.007152662458411753,9.852084851575819E-4],[0.010610407748245744,0.0020049700477462727,0.0107781296617213,0.0076393462141587445,0.01000396520375565,0.009236455104043868,0.008802012993126461,0.004088587921823412,0.004449793770343464,0.0036137413559503635,0.002316568226642335,0.011269930992074784,0.010434032648234302,0.009440195561437839,0.00896935058328601,0.010029567192036008,0.010475668480403608,1.0,0.047367099980942504,0.0018574047882844572,0.011069634874616574,0.003470556375474136,0.005671191288478713,0.006767493416005457,0.009599540552542822,0.009484316177487363,0.0013547003033125456,0.01142257679836284,0.0124333603943929,0.009654513411547792,0.002886759427343691,0.014453006955018383,0.01117838502059468,0.005864914063307584,0.0023366194721952073,0.007656190027928236,0.017316919264219917,5.274792583606448E-4,9.583583380980919E-4,0.004874688127616351,0.0096885465192972,0.006575509111301899,0.011865905012773577,0.004479461481417246,0.011426746229320049,0.006256399694784336],[0.017319604103573263,0.009608717429605063,0.025608447923541795,0.0241354780787497,0.036305924897689315,0.027500378033152747,0.003291651101351223,0.005962072853625652,0.030386661921760146,0.04488527294461973,0.006154838894716259,0.0217534359934874,0.009543142849796966,0.0410150741770131,0.04702671147559856,0.022590430283929108,0.0070599204193462,0.047367099980942504,1.0,0.020768061290684914,0.013617301897033755,0.02908269924669196,0.02034951010140465,0.015392674037460426,0.020276770439913206,0.037726158136569904,0.04101111461895338,0.006264162655329071,0.039474838506866824,0.017726545260759615,0.04049793573662708,0.03955395087332256,0.027585102480742075,0.04717466338383079,0.046656849335209576,0.02182586845382249,0.020227876703853225,0.016318172427797657,0.022093715538008613,0.016942322316385042,0.006368179279456679,0.017796214201967347,0.015408837283168688,0.03073787020698439,0.018749146883568213,0.018368220934487853],[0.002131174324916052,6.442849409146155E-5,6.498018020420539E-5,4.820975557394673E-4,1.1511587104111407E-4,1.641829120783615E-4,9.154715733212215E-4,1.7441539893441293E-4,2.3127400930849464E-5,3.2241344422335734E-4,0.0010448984690587385,1.1607943383350941E-4,8.550689421900825E-5,3.089183419369449E-4,0.006018517721274495,4.906148953115104E-5,2.3962086269935072E-4,0.0018574047882844572,0.020768061290684914,1.0,1.1201835307497927E-4,1.0643945561432656E-4,1.0845875020977173E-4,1.8900074118008543E-5,4.766981900821165E-5,9.239138830494817E-4,1.0375840009958414E-4,1.3501388895351287E-4,0.0010081158296365955,8.496913404258542E-4,1.8796585526759365E-4,0.005435991716860993,8.903257565407097E-4,1.2654805742990885E-4,3.332254616956413E-5,1.0885811675654983E-4,0.0029465022933076856,1.1020193457696533E-4,1.697089269948537E-4,3.612015890405122E-4,8.357760855253293E-5,3.976473501492619E-5,0.008103330778478307,1.671187798011986E-4,0.0033454606695533834,8.704880651156352E-5],[0.008211846015596214,5.2021559228317004E-5,5.121627831559059E-5,0.0029680887484378315,2.569762142320157E-4,2.096802458471082E-4,6.392129005714551E-4,1.916456296182209E-4,1.2864125139894667E-4,0.0010027904483676901,9.13788551871455E-4,1.5099441355692004E-4,1.4303379555251285E-4,1.9729630273303131E-4,6.356087205165765E-4,4.052861404046541E-5,2.674127140183347E-4,0.011069634874616574,0.013617301897033755,1.1201835307497927E-4,1.0,1.5778665296277015E-4,1.6827281568528618E-4,1.518784702979331E-4,1.1229654699541513E-4,7.269171255434695E-4,1.278852110178027E-4,1.7393290164003676E-4,3.309925806245766E-4,0.0012311557416814349,1.7671372264501346E-4,0.008177798071261755,8.03020522342915E-4,1.7174403989864812E-4,6.267618670286276E-5,1.5017565937048218E-4,0.01601403126197532,1.1442905026561247E-4,1.741180034333578E-4,3.707951684372016E-4,1.1224224054860175E-4,4.038211987435665E-5,0.005103167445239505,1.7945393435093394E-4,0.00472553189335984,8.088219792144048E-5],[0.004844123877314262,8.326510124129896E-5,1.834496284466441E-5,2.628901502651427E-4,2.469407668799921E-4,1.3888596088824353E-4,7.455685682338394E-4,1.4694357785839852E-4,7.162108295433357E-5,7.668785039324853E-4,5.868920941728433E-4,1.0771454933844914E-4,3.7401111472787696E-5,9.600788467048435E-4,0.004793257118691063,6.724016139565732E-5,5.509210950936332E-4,0.003470556375474136,0.02908269924669196,1.0643945561432656E-4,1.5778665296277015E-4,1.0,1.0853329149251677E-4,1.0698464062983716E-4,4.8304998098819946E-5,4.886358766507241E-4,1.0716525702657573E-4,1.6503909552861512E-4,0.007400445143913093,0.001493543774695973,2.2155044979848784E-4,0.0022599031583273505,5.730936977917695E-4,1.3378139531318922E-4,1.0359421360717344E-4,1.3597424260896717E-4,0.01733815864832871,1.1125268062314335E-4,1.4768401212680187E-4,4.21146640694667E-4,4.3655718389684126E-5,8.432384442988128E-5,0.002091705352572342,1.3892305466802873E-4,0.003230231183821478,3.078837584404205E-5],[0.00842158067487471,6.834778739208411E-5,5.913444218889438E-5,0.003234496762557269,2.1907183007822563E-4,1.1991029679915896E-4,6.959822534504261E-4,2.3803367467639804E-4,1.1241013653464881E-4,4.194555500960992E-4,4.971517523255963E-4,1.1889123148477606E-4,3.737261402494777E-5,6.60331292725245E-4,0.004728254836710125,1.1200863557807688E-4,4.8398296896017673E-4,0.005671191288478713,0.02034951010140465,1.0845875020977173E-4,1.6827281568528618E-4,1.0853329149251677E-4,1.0,1.641432161590213E-5,3.800878512499734E-5,0.003039836942175166,1.1338198215844025E-4,1.324994074611518E-4,0.005930605357363775,0.0010045694598281093,1.3606313247949996E-4,0.0013603276265932614,2.4052993897524756E-4,1.2860226981575151E-4,7.636869512275161E-5,1.4067412636251003E-4,0.01736404726742903,1.1332040958109332E-4,1.5323184664916181E-4,4.142746551696722E-4,5.81625114933534E-5,2.310037861476542E-5,0.005511266754872265,1.1706936297724173E-4,0.006090771242670042,1.0029532863744345E-4],[0.007040426905871464,2.291772070555542E-5,1.135792490369415E-5,0.003160742668592722,1.0638169912865744E-4,5.205911594565701E-5,0.0020360398002527906,7.226127522255168E-5,1.1009456438851907E-5,1.6077399402580336E-4,7.661185919614589E-4,6.889820565476552E-5,1.2621478636367645E-5,3.79981970534963E-4,0.0035415002130197173,1.2930021731413835E-5,9.880847817201257E-4,0.006767493416005457,0.015392674037460426,1.8900074118008543E-5,1.518784702979331E-4,1.0698464062983716E-4,1.641432161590213E-5,1.0,1.3637802456240737E-5,0.0013079345993429524,3.747425041381193E-5,1.427567605928524E-4,0.010155034279077315,7.493758126511206E-4,1.1516479690623959E-4,0.0159709691048809,6.860015555524103E-4,2.833680302810928E-5,1.4412526168273277E-5,1.3499538852516083E-4,0.0099529435846509,7.213166062188138E-5,1.3960898252267503E-4,4.8248484305568395E-4,1.1274106311022701E-5,1.1791240750891592E-5,0.009944960189240556,1.1854335768415892E-4,0.005230651347024488,1.835724331250035E-5],[0.005568367332586139,1.8651307136220673E-5,1.4548016763514937E-5,0.002115744947382852,1.1485933602084692E-4,2.0012280664261545E-4,7.584983929333476E-4,2.1285055005544617E-4,1.2851314891258792E-5,3.953720561192377E-4,7.692730781018351E-4,9.174538290357926E-5,1.6958615250754883E-5,6.757328742201706E-4,0.0039569029630651155,1.543856981017755E-5,7.872690762688971E-4,0.009599540552542822,0.020276770439913206,4.766981900821165E-5,1.1229654699541513E-4,4.8304998098819946E-5,3.800878512499734E-5,1.3637802456240737E-5,1.0,0.0022634166171779098,4.353409073302647E-5,5.681427158864875E-5,0.016362353320456872,4.2467553553122886E-4,1.8216061502738926E-4,0.013968392767620512,4.620011090456345E-4,7.008117582518275E-5,1.5577729577662034E-5,8.690524831018281E-5,0.009908089398790542,7.136796434861773E-5,1.389786535705113E-4,1.2776983851777452E-4,1.4494170161809887E-5,1.5152648104824484E-5,0.006220837008586024,9.072391833153619E-5,4.085007681634196E-4,1.5444008124198403E-5],[0.007687868224390644,0.00185017566423428,0.0026164216391715953,0.003565565161488287,0.0036807243913611976,0.0031038285657070154,0.0027637209680662685,0.003506937581829777,6.377203214986855E-5,0.002034028352172655,0.001415368872816234,0.0036449279162782547,0.0022429836767232174,0.0012953288106368611,0.0045206560189304515,9.019793081015382E-4,0.0014300124877016877,0.009484316177487363,0.037726158136569904,9.239138830494817E-4,7.269171255434695E-4,4.886358766507241E-4,0.003039836942175166,0.0013079345993429524,0.0022634166171779098,1.0,1.2812696243231649E-4,0.0036255502411758596,0.006365190401292901,0.0037888631131809862,0.0012080034713838513,0.00403425456436519,0.0027131386077563118,0.0016626444571203151,0.0026578078603210755,9.145637182397744E-4,0.00855239830898364,9.991275042674221E-4,0.002449191962098384,0.0038015304606320577,0.002229135352400317,0.0036205762652694227,0.011525398250254112,0.0038311348540843756,0.0050897803186494535,0.002325647769535526],[0.003786678118550386,9.384648094735079E-5,7.584323485712833E-5,0.0016480394788638045,1.2547197702620475E-4,1.7572706040183117E-4,7.724608734122961E-4,1.5245453239017164E-4,5.949840422940627E-5,7.893762675442043E-4,2.724081202572315E-4,1.1674944172841878E-4,7.948788868351491E-5,3.772516182433723E-4,0.005993256407482066,9.235270499045246E-5,0.0010869267963611003,0.0013547003033125456,0.04101111461895338,1.0375840009958414E-4,1.278852110178027E-4,1.0716525702657573E-4,1.1338198215844025E-4,3.747425041381193E-5,4.353409073302647E-5,1.2812696243231649E-4,1.0,1.1169022108934508E-4,3.7145392846837407E-4,1.8128848803723754E-4,2.1483244986610458E-4,0.005618685569784862,5.283966947161947E-4,1.298152613935682E-4,2.617726798130479E-5,1.3810138039374478E-4,0.0026179247683595125,1.0828663948831488E-4,1.573307983350056E-4,3.4225651935292534E-4,2.248693579087476E-5,7.834530619637791E-5,0.004980804345959456,1.4487724535450433E-4,6.59489906996828E-4,4.720515840617116E-5],[0.004011323207732,9.255889570434544E-5,6.038278970681115E-5,0.0019040372468275145,2.9301678539588727E-4,1.885314823083484E-4,9.732059571566938E-4,2.465633079185562E-4,5.9050135666912646E-5,6.625037479953626E-4,8.091500276724711E-4,1.7421512219458407E-4,1.6026313050398515E-4,5.2346505703162E-4,0.002443979616141992,1.3473726657369753E-4,3.1839583085922806E-4,0.01142257679836284,0.006264162655329071,1.3501388895351287E-4,1.7393290164003676E-4,1.6503909552861512E-4,1.324994074611518E-4,1.427567605928524E-4,5.681427158864875E-5,0.0036255502411758596,1.1169022108934508E-4,1.0,0.015386243844928892,3.493656042328557E-4,2.0369386935690034E-4,0.005892580617998066,3.644252659379523E-4,1.7317861784683184E-4,1.1450963939771522E-4,1.7356738803970013E-4,0.008542232613574115,1.2733776543351417E-4,1.7427935034852008E-4,4.7537033157223546E-4,1.5142806701606018E-5,1.1172420290427277E-4,0.0023058349089978844,1.8426643648295467E-4,0.002905729888248029,1.6723080635991903E-4],[0.013205066662956066,0.008025218883846103,0.014856195073518288,0.009314064237179707,0.0099856396749956,0.015248145526632858,0.006072329546952453,0.006559115223098919,0.0067322608268623515,0.006113946391532697,0.007025586526463475,0.009390463928640238,0.004740755726270239,0.0017837498740319447,0.007651819299862796,0.015527154569951122,0.004344266653955691,0.0124333603943929,0.039474838506866824,0.0010081158296365955,3.309925806245766E-4,0.007400445143913093,0.005930605357363775,0.010155034279077315,0.016362353320456872,0.006365190401292901,3.7145392846837407E-4,0.015386243844928892,1.0,0.01638317272423047,0.009403504450352502,0.016138792009679957,0.006250633334285098,0.001968936036098277,0.0032243462910540644,0.0035149559887905197,0.018497211435370108,0.011281174112104003,0.005483937519547028,0.008080748429350568,0.006725953924957343,0.007962283180663164,0.012754097870421737,0.005203615984166255,0.015977393822421648,0.00467716825384362],[0.0036178577191430623,4.7462544156279794E-4,0.0010630047612469782,0.003203717563254713,2.959635489901864E-4,5.801453183981987E-4,0.0017045387262744707,0.001209318617497615,0.0014484915413758032,0.0015700645384898512,0.0012767408770053947,1.9239926220524002E-4,0.0012192525515752027,0.0011421830796190648,0.006777802215098326,2.3296655760568995E-4,0.0016489745758435036,0.009654513411547792,0.017726545260759615,8.496913404258542E-4,0.0012311557416814349,0.001493543774695973,0.0010045694598281093,7.493758126511206E-4,4.2467553553122886E-4,0.0037888631131809862,1.8128848803723754E-4,3.493656042328557E-4,0.01638317272423047,1.0,8.425255421471787E-4,0.013853479281657938,0.0013006413263651946,5.932668608127984E-4,7.044900424827871E-4,0.0015973257153614174,0.005496521334409558,0.0012771975525577624,0.001157370308328877,0.0016132406013029462,7.142630807980611E-4,8.195242245428197E-4,0.009029145866276714,0.0012887605769928714,0.004905799386086094,0.0016432374736140309],[0.008538617683062803,2.4766553550210755E-4,8.375291500348164E-5,0.001527639593125004,2.913948044693534E-4,2.3238660086946828E-4,0.0020008184849505187,2.5346524189047307E-4,1.5373822685430178E-4,5.590276080207884E-4,5.67441960375678E-4,2.429344476134499E-4,1.0548054207636964E-4,3.749895778088027E-4,0.003961295419221803,8.346207714374588E-5,8.232027685144479E-4,0.002886759427343691,0.04049793573662708,1.8796585526759365E-4,1.7671372264501346E-4,2.2155044979848784E-4,1.3606313247949996E-4,1.1516479690623959E-4,1.8216061502738926E-4,0.0012080034713838513,2.1483244986610458E-4,2.0369386935690034E-4,0.009403504450352502,8.425255421471787E-4,1.0,0.014634450315904959,6.555609884071078E-4,2.2806268729193467E-4,7.222021541006755E-5,1.7043152410891886E-4,0.012362109007002364,1.2539730819721874E-4,2.4918219765587E-4,4.460936522026641E-4,2.1956398402842562E-4,1.6492005571878103E-4,0.0013640398861489128,1.942988054810947E-4,0.004902609690861227,2.2302920064995455E-4],[0.01247554028774582,0.006437232858153101,0.007874913812709172,0.0074970574218367145,0.015064407741256327,0.013313620265416012,0.006701393623185021,0.01290216560817234,0.007676793388655483,0.008130670082359718,0.011610740187573925,0.005375451483743697,0.0036716243314021896,0.006982326462695941,0.008002459875561566,0.004168936708900632,0.006403363713678651,0.014453006955018383,0.03955395087332256,0.005435991716860993,0.008177798071261755,0.0022599031583273505,0.0013603276265932614,0.0159709691048809,0.013968392767620512,0.00403425456436519,0.005618685569784862,0.005892580617998066,0.016138792009679957,0.013853479281657938,0.014634450315904959,1.0,0.00886556765762787,0.009197826817286462,0.008506417740286907,0.004171299412642415,0.017133807042158108,0.007780812321861978,0.012401774561592973,0.013201549651455478,0.006510495350992794,8.120718903613005E-5,0.012753771337174202,6.974563055245846E-4,0.0103652978313012,0.004215423061901739],[0.005221868965657971,9.80729526165479E-5,5.631604526796855E-4,0.00303847538663821,8.602935947942775E-4,2.702165093392138E-4,0.001471965695705818,9.535442500934606E-4,6.995284150527277E-4,0.001084609956267467,0.0010701817882075545,3.2372738949779805E-4,5.531066299306714E-4,0.001040740589678581,0.005270252091006801,3.004941254545013E-4,0.0013114307741484018,0.01117838502059468,0.027585102480742075,8.903257565407097E-4,8.03020522342915E-4,5.730936977917695E-4,2.4052993897524756E-4,6.860015555524103E-4,4.620011090456345E-4,0.0027131386077563118,5.283966947161947E-4,3.644252659379523E-4,0.006250633334285098,0.0013006413263651946,6.555609884071078E-4,0.00886556765762787,1.0,5.434719678812105E-4,9.409753997347959E-4,7.461659743401918E-4,0.01917734616273202,2.3285649545218534E-4,7.601987853830473E-4,9.37421745115162E-4,1.1709157986601154E-4,8.410358098941184E-4,0.006469693285109466,5.359204070756048E-4,0.0070116233527802285,5.405583387678081E-4],[0.004014114316787665,1.332710524416503E-4,1.5742739378742383E-4,0.002081563917106026,2.482230458182483E-4,1.8416761317515112E-4,0.0018041187753845664,2.5321407778437294E-4,3.156831428684803E-5,5.509352739162828E-4,9.737052417262161E-4,1.3975312814955507E-4,3.9531333958318856E-5,9.64951853102175E-4,0.0017664371946727489,6.882053247536989E-5,2.795840163827526E-4,0.005864914063307584,0.04717466338383079,1.2654805742990885E-4,1.7174403989864812E-4,1.3378139531318922E-4,1.2860226981575151E-4,2.833680302810928E-5,7.008117582518275E-5,0.0016626444571203151,1.298152613935682E-4,1.7317861784683184E-4,0.001968936036098277,5.932668608127984E-4,2.2806268729193467E-4,0.009197826817286462,5.434719678812105E-4,1.0,4.339622391812739E-5,1.667865545365744E-4,0.005095539209292582,1.663412558612408E-4,1.7352103996375571E-4,2.0939728941777797E-4,1.3547698304145676E-4,5.941103364545176E-5,0.012106918754027637,1.801066474162792E-4,0.001191399462637401,1.251430001191296E-4],[7.942119760037709E-4,2.5593007963806237E-5,1.2835795363291082E-5,0.001479194170765799,2.493068352477677E-5,3.772805173317339E-5,2.758841687390181E-4,2.029266016159895E-4,1.803053343971654E-5,3.7812314313799393E-4,4.649178911866499E-4,5.0638419540410996E-5,2.3493124339181485E-5,6.11797142413857E-5,0.0054048477090948835,1.911308012924194E-5,8.187156481242297E-4,0.0023366194721952073,0.046656849335209576,3.332254616956413E-5,6.267618670286276E-5,1.0359421360717344E-4,7.636869512275161E-5,1.4412526168273277E-5,1.5577729577662034E-5,0.0026578078603210755,2.617726798130479E-5,1.1450963939771522E-4,0.0032243462910540644,7.044900424827871E-4,7.222021541006755E-5,0.008506417740286907,9.409753997347959E-4,4.339622391812739E-5,1.0,1.3761505049890218E-4,0.01031898750628591,5.2777999335453324E-5,2.462892245792134E-5,7.740190749114211E-5,2.1096069046856468E-5,2.1764625030078018E-5,0.0016391603256054957,8.51809920404245E-5,0.0052121984096396,2.3324407104226888E-5],[0.0036060343440350896,7.924099471586364E-5,7.574355158838835E-5,0.0033768114472968102,2.7239259869730017E-4,1.8083725759791017E-4,0.0010843867168376232,1.5031035494927062E-4,1.0341549410166254E-4,0.0010330889694693981,0.0010831439866237512,1.4593765681196791E-4,2.8099457159391028E-5,7.551903568208568E-4,0.005000704893165595,9.305207197574011E-5,2.8451437892231657E-4,0.007656190027928236,0.02182586845382249,1.0885811675654983E-4,1.5017565937048218E-4,1.3597424260896717E-4,1.4067412636251003E-4,1.3499538852516083E-4,8.690524831018281E-5,9.145637182397744E-4,1.3810138039374478E-4,1.7356738803970013E-4,0.0035149559887905197,0.0015973257153614174,1.7043152410891886E-4,0.004171299412642415,7.461659743401918E-4,1.667865545365744E-4,1.3761505049890218E-4,1.0,0.012698258063736227,1.1764884326340848E-4,1.5415536591595146E-4,4.219698504638466E-4,6.044436088133079E-5,9.451180527058043E-5,0.0030698731075719716,1.8512258418146405E-4,0.005768823617495888,1.4721653186751597E-4],[0.013806325667813958,0.006717206403734652,0.007192629025156596,0.011864565498649848,0.012189685754589947,0.017573903049537938,0.006505478005406138,0.009400523409810263,0.008125538213012663,0.015857545205154058,0.009649142896231153,0.016329146696722297,0.00836884767261246,0.004653022211884071,0.0070766340817557,0.01851743718844806,0.006633440264553806,0.017316919264219917,0.020227876703853225,0.0029465022933076856,0.01601403126197532,0.01733815864832871,0.01736404726742903,0.0099529435846509,0.009908089398790542,0.00855239830898364,0.0026179247683595125,0.008542232613574115,0.018497211435370108,0.005496521334409558,0.012362109007002364,0.017133807042158108,0.01917734616273202,0.005095539209292582,0.01031898750628591,0.012698258063736227,1.0,0.008032720656670147,0.017282310593880777,0.01855516871576886,0.004277933255093659,0.014043432434408202,0.015493700697588103,0.007282435085384665,0.018343587023072382,0.00979417027592504],[0.003292897260354419,5.842980563224613E-5,5.397833001834202E-5,0.0020012999501275767,2.347732733519239E-4,1.5096081486108408E-4,0.001181528269963171,1.2928057523293378E-4,2.3555123705293453E-5,2.1165074257046694E-4,4.7720112566554965E-4,1.1975585719459401E-4,8.730996712744664E-5,2.2630545500803062E-4,0.005844727144712749,5.0021613910638635E-5,2.7553797740832026E-4,5.274792583606448E-4,0.016318172427797657,1.1020193457696533E-4,1.1442905026561247E-4,1.1125268062314335E-4,1.1332040958109332E-4,7.213166062188138E-5,7.136796434861773E-5,9.991275042674221E-4,1.0828663948831488E-4,1.2733776543351417E-4,0.011281174112104003,0.0012771975525577624,1.2539730819721874E-4,0.007780812321861978,2.3285649545218534E-4,1.663412558612408E-4,5.2777999335453324E-5,1.1764884326340848E-4,0.008032720656670147,1.0,1.652898141479971E-4,2.3845976150995536E-4,2.9436857503611423E-5,1.641439800758936E-5,0.0045595688658824855,1.6364675097403555E-4,0.0029597662418701974,9.553578382766374E-5],[0.0026811232487811056,1.1216843642721066E-4,9.50445672840958E-5,0.0031867069992362806,2.458416508009786E-4,1.9828588676581952E-4,0.0015304423602549174,1.9711980772314726E-4,1.1683804611538923E-4,2.579460149865814E-4,3.5315971522526624E-4,1.215165181825582E-4,7.033481880900113E-5,8.186400175333639E-4,0.005784282441393689,1.0592617823145542E-4,0.0010464246197607625,9.583583380980919E-4,0.022093715538008613,1.697089269948537E-4,1.741180034333578E-4,1.4768401212680187E-4,1.5323184664916181E-4,1.3960898252267503E-4,1.389786535705113E-4,0.002449191962098384,1.573307983350056E-4,1.7427935034852008E-4,0.005483937519547028,0.001157370308328877,2.4918219765587E-4,0.012401774561592973,7.601987853830473E-4,1.7352103996375571E-4,2.462892245792134E-5,1.5415536591595146E-4,0.017282310593880777,1.652898141479971E-4,1.0,2.016477928653246E-4,1.0693781097755331E-4,1.1547476247627136E-4,0.00112513654454056,1.8414639963096102E-4,0.006392487007656516,1.4370926244561852E-4],[0.0010075784945571098,8.027655769633661E-5,7.670100174957684E-5,0.002112582358731959,3.8909132596736664E-4,2.523247434034653E-4,0.0015257260681046387,4.8037125399930406E-4,4.29126807049577E-4,7.840032219966306E-4,8.057119242366885E-4,3.1441535644645294E-4,1.7839298659053264E-4,8.118351202505043E-4,0.001630492140739088,2.2361760182940663E-4,0.001083734976107449,0.004874688127616351,0.016942322316385042,3.612015890405122E-4,3.707951684372016E-4,4.21146640694667E-4,4.142746551696722E-4,4.8248484305568395E-4,1.2776983851777452E-4,0.0038015304606320577,3.4225651935292534E-4,4.7537033157223546E-4,0.008080748429350568,0.0016132406013029462,4.460936522026641E-4,0.013201549651455478,9.37421745115162E-4,2.0939728941777797E-4,7.740190749114211E-5,4.219698504638466E-4,0.01855516871576886,2.3845976150995536E-4,2.016477928653246E-4,1.0,6.484096688625728E-5,4.510458680631152E-4,0.004616482473580119,4.436358079717759E-4,0.002235531094801977,2.8139257833416186E-4],[0.0019054186839813601,1.4735292989750656E-5,1.158391524725008E-5,0.00306297547562798,6.238414038370366E-5,1.178979709958372E-4,0.0013017437825237647,2.1409011471305652E-4,1.1031056794849128E-5,9.86597675555456E-4,5.977914996119524E-4,7.095389398585897E-5,1.8811982367432396E-5,4.749218360517819E-4,0.004738049815676273,1.536901377528328E-5,6.178373618051227E-4,0.0096885465192972,0.006368179279456679,8.357760855253293E-5,1.1224224054860175E-4,4.3655718389684126E-5,5.81625114933534E-5,1.1274106311022701E-5,1.4494170161809887E-5,0.002229135352400317,2.248693579087476E-5,1.5142806701606018E-5,0.006725953924957343,7.142630807980611E-4,2.1956398402842562E-4,0.006510495350992794,1.1709157986601154E-4,1.3547698304145676E-4,2.1096069046856468E-5,6.044436088133079E-5,0.004277933255093659,2.9436857503611423E-5,1.0693781097755331E-4,6.484096688625728E-5,1.0,1.4125341920426427E-5,0.003962348925000946,1.6522236251962751E-4,0.006610293156243424,1.8595150376500674E-5],[0.0058934286107352515,2.4233525423954626E-5,1.351701086991123E-5,8.590022138042964E-4,4.074601042041641E-5,1.5316669788102916E-4,2.0033854097935457E-4,1.001803518910294E-4,1.2626146905877944E-5,6.507554870826047E-5,2.631234843498874E-4,5.113693340487738E-5,1.6651914056263737E-5,0.0010537107224149183,0.006575090868646087,1.7981966640522617E-5,3.308563346946228E-5,0.006575509111301899,0.017796214201967347,3.976473501492619E-5,4.038211987435665E-5,8.432384442988128E-5,2.31003786147