[[1.0,0.020382815553130016,0.022789958303716384,0.006083100375076148,0.03970225888826008,0.022960946664668695,0.028525503311216505,0.01716938083193313,0.015242940132033523,0.017450987931839478,0.04390906471832382,0.047560565827751866,0.038177716488844354,0.012856196345910125,0.03209534603081295,0.03571898736172055,0.05001516880763565,0.020306126971857925,0.015401545085158752,0.02019384545686038,0.0037858904486226994,0.010174176991838667,0.022165786246422226,0.04023598502612681,0.02515351190571891,0.03363548094939005,0.0038592249248368847,0.015396461715342969,0.06178694208466364,0.025609855226686726,0.025747486075145803,0.047599569028413447,0.015556258287174293,0.036492113386603436,0.032215145589576465,0.02052238677332801,0.04513700178720516,0.030877692370006336,0.04054902688340184,0.03504260671855193,0.05147907407427449,0.02117076249693605,0.007233902586304793,0.033682570186881484,0.0433303381770357,0.01718095676734839,0.015368255091853222,0.0060942268393028055,0.028430474041647252,0.04689771245294028,0.040613974711618796,0.013107894541174241,0.02725067900191435,0.023734325495517967,0.04473420686092233,0.03394405978902047],[0.020382815553130016,1.0,0.01145405630258174,0.014328981187460675,0.012111860044183543,2.8082627975369555E-4,0.011054251426660942,0.008422841431760503,0.014018698627831038,0.005132707703195278,0.014252607993672423,0.004846124358970446,0.015260964037474217,0.005273725468439362,0.005806334678144818,0.015549700406493835,0.007036800451341369,0.011550948387409724,0.0029884306058619615,0.010900382938265955,0.01730508153582644,0.012475415454169355,0.0020881415732451644,0.00655611546060672,0.01943290318838818,0.015234243362626342,0.006476485098005681,0.013447838549564918,0.07886231578956578,0.017214016010558008,0.009166992874823752,0.016678698275047924,0.005204665081665277,0.016258389725209682,0.0064355042532578816,0.015558691634054529,2.6243083157342315E-4,0.016399863920528283,0.005547428762055922,0.015822987208919212,0.009173458932649882,0.011871565301860544,0.006180656406753122,0.0232012716377471,0.01638158663760674,0.009689852582680396,0.004283345769950238,2.227007049530663E-4,0.018818074163748002,0.004941703710298799,0.008024764902475248,0.01066429641076841,0.011973315894636611,0.010828949837483776,0.012725970891314786,0.0019815811407577198],[0.022789958303716384,0.01145405630258174,1.0,0.0012573864389799608,4.3830277135162407E-4,9.216814950863556E-4,0.0012461195894439062,0.0019001642473542805,0.0014368654422889772,0.0012659861992166412,0.0022174799012884775,0.0024165061830636117,3.4995728525544386E-4,6.210798243774118E-4,7.768617418601965E-4,0.0016940620765695414,0.0013111928222746033,0.001441098872783457,5.198294073087335E-4,8.67925830779879E-4,0.0014862923051655558,8.675929250832996E-4,0.001385583942455753,4.273563503236058E-4,0.005405516240739877,0.0010592129501072935,3.0863718859142054E-4,0.004720547059729322,0.07877335716315305,2.941551624223281E-4,0.0014525629436141741,0.001431902395954122,5.759359330406086E-4,9.516684355460115E-4,9.324668375085367E-4,3.2466931750903656E-4,4.101850722384078E-4,0.012177962341459339,5.230122125153639E-4,0.0014696889521788202,0.0012914304312135923,0.0011269617686075614,9.119759346333659E-4,0.02179199002110198,9.887391756993962E-4,0.0013173153371904749,0.002727324429012975,7.888031874271902E-4,0.0013831822879476112,0.001466308744776665,0.0013688319599325415,3.7121437836382587E-4,0.0012263313435288475,0.0013980517093158317,9.68098038622739E-4,4.272821579065124E-4],[0.006083100375076148,0.014328981187460675,0.0012573864389799608,1.0,4.4291442242545945E-4,1.7607496534389162E-4,9.496959732784981E-4,0.001371804893801053,5.289803566948523E-4,0.001014438996516227,9.083233850149638E-4,0.00125437186567114,7.140228439878794E-4,4.98523559598508E-4,4.099265661480536E-4,0.0014637644435355535,4.443074712503384E-4,5.966029316663206E-4,2.500209533377254E-4,3.14287450297547E-4,0.0023128749775597015,5.817329826036061E-5,9.085460424531518E-4,6.978533746457446E-4,0.008192469931519696,9.231883032763439E-5,2.762779328941878E-4,0.006251289757152777,0.02343026429487086,7.685261488409008E-4,0.0010737364282564874,9.116791103074181E-4,4.600615934137389E-4,5.192476565802047E-4,3.92764549755049E-4,2.4525069265631764E-4,2.7961999383857854E-4,0.005075727228414331,5.474346127038043E-4,0.0012736386794721336,9.007330453979225E-4,3.6314414164833773E-4,6.177102930390478E-4,0.022332363743006962,4.563747214087788E-4,7.760350293309886E-4,0.0010064706988069838,3.6016801565071E-4,0.0013220669415868298,0.0013886441816976145,0.001072656415293583,4.252248350237805E-4,3.652727385396794E-4,8.495225003841034E-4,6.805743523118012E-4,2.9063612658032515E-4],[0.03970225888826008,0.012111860044183543,4.3830277135162407E-4,4.4291442242545945E-4,1.0,1.2122290913588013E-4,7.255056378396199E-4,2.68759890807151E-4,7.371613648140251E-5,7.82307023586736E-4,0.0016314878611958345,8.220744816755069E-4,1.5587482368145512E-4,1.6823224574635101E-4,2.455757362171297E-4,0.0010633351489961775,6.717964092722373E-5,1.8559909991971304E-4,1.240637954775382E-4,5.0824833895152366E-5,7.736589589689819E-4,4.5052380600778014E-5,9.898709866951912E-4,1.2805442698304577E-4,0.01834437182236225,5.232615835412435E-5,1.3106092823979542E-4,0.008802494042512432,0.05652336184613745,1.8679462278805843E-4,9.260701695362852E-4,7.335220362571474E-4,1.263039070282719E-4,3.941629956071152E-4,1.4918734231894E-4,7.677158070142496E-5,2.5613088865533903E-5,0.004293117696705273,1.2796058262086666E-4,0.0011120845555713753,4.356103880363264E-4,1.2449796647645827E-4,1.1946506631428847E-4,0.008461612373511203,1.6482548344791344E-4,7.822586920724061E-5,0.0032080350778025436,1.2714948123896945E-4,0.0013360014220344264,2.1957271886558833E-4,3.6947093696750423E-4,1.0706197268101239E-4,1.5284532210729006E-4,2.5093028681265957E-4,2.041466465941584E-4,1.0866354625784247E-4],[0.022960946664668695,2.8082627975369555E-4,9.216814950863556E-4,1.7607496534389162E-4,1.2122290913588013E-4,1.0,3.6660156001447683E-4,4.5196901077213355E-4,2.3532643542701185E-5,6.228185471634565E-4,0.0022272167294913083,0.00209924618291837,2.5543561339367295E-5,4.689048371336914E-4,1.0974412407787113E-4,1.4770883368010567E-4,1.961647282775505E-5,3.4461685389032494E-4,2.557051183521357E-5,2.1618323420980175E-5,1.8709471567513708E-4,2.661939159438064E-5,1.2915979894940146E-4,1.7774967498273994E-4,0.011506972982496541,2.3167434617584675E-5,1.208917768406166E-4,0.004610729434696006,0.014526703031247118,9.700592633445626E-5,9.94779885204196E-4,8.364346038091978E-4,5.0211169953534005E-5,1.786676701753295E-4,2.6914523938236336E-5,2.209320949967066E-5,2.0027799407678007E-5,0.011429205779763535,9.914228787651011E-5,0.0012710116685460523,9.676254706929945E-5,2.6998585760250507E-5,9.139479228152793E-5,0.014000993247929494,9.134542971612469E-5,1.6526603339719928E-5,9.554495401636165E-4,6.649151054561328E-5,0.0012721248403575632,5.700086640627236E-4,9.195564700092802E-4,2.155496887743387E-5,1.5377405634207185E-4,6.615612660209966E-4,4.5142131709640165E-5,6.949002130843692E-5],[0.028525503311216505,0.011054251426660942,0.0012461195894439062,9.496959732784981E-4,7.255056378396199E-4,3.6660156001447683E-4,1.0,0.0014220605212233635,2.1649698581784638E-4,0.0011165876511708816,0.0022206863359442008,0.0015983954193163762,8.181714371797912E-4,0.0011127215515798895,0.0010315609316116664,0.0014818569442505815,6.749535851838244E-5,0.0010858229583801627,4.717832679119187E-4,0.001160763197176584,0.001435173637079801,0.0010395863941597646,0.0010966244338200236,0.0010182950879498891,0.011085888146001154,3.199854658789777E-4,0.0010458864793039273,0.005089545659446571,0.07047976151156501,5.107444272601785E-4,0.0012806988565203813,0.0013371730494126286,1.4854404312895998E-4,0.0011480180338436675,3.7130609495645585E-4,1.103671129820934E-4,9.384990407271944E-4,0.012521398613443053,2.647460404421871E-4,0.0014014060852788387,0.0010670282022944037,4.1452982231231824E-4,1.786729333671577E-4,0.011476412771925942,9.093864065539929E-4,2.2527087417119142E-4,0.0025437204521651926,7.422255879560155E-4,0.0012778182591547294,0.0013220461397049394,0.0011864278411871513,2.1620438473785242E-4,9.460010148372785E-4,0.0011035558750564398,7.767000915370839E-4,0.0011236590659725965],[0.01716938083193313,0.008422841431760503,0.0019001642473542805,0.001371804893801053,2.68759890807151E-4,4.5196901077213355E-4,0.0014220605212233635,1.0,7.220212499743155E-4,0.001907743226753527,0.0022062971477606517,0.002262442484097374,0.00201422047488387,0.001793656147065319,0.0010433513916787648,0.0018805538626519985,3.290279081310673E-4,0.0017424451137320164,0.0010421791281671924,0.0017848862362780376,0.0025932543384802223,0.0011931133576996485,0.0018745282322751417,0.0015165876586831798,0.0054997205201270764,8.233177437725997E-4,0.0018288012106093172,0.006859792779799256,0.009625962026979872,0.0018562124416134998,0.0018784497535395506,0.0016767788096785966,9.883390905908228E-4,0.0013247695259509433,0.0010894481087601923,1.9907892957647406E-4,3.3371944692104293E-4,0.010405556215124796,3.2738140775538E-4,0.0017562328050635787,0.0016810638490071896,0.0015675993433229625,0.0012975842004925426,0.015878779449383058,0.0016253140126023034,5.808539118629752E-4,0.0027473790780385525,0.0020490426871425825,0.0019281571793249358,0.001798289464698614,0.0015013668025417697,9.242411753193476E-4,0.0016868327884993132,0.0013736271786762887,7.228249227462578E-4,7.707833859421447E-4],[0.015242940132033523,0.014018698627831038,0.0014368654422889772,5.289803566948523E-4,7.371613648140251E-5,2.3532643542701185E-5,2.1649698581784638E-4,7.220212499743155E-4,1.0,2.1086543666952367E-4,1.5592159557707835E-4,0.001766423407940309,4.284712060540757E-5,8.49004492143867E-5,1.3800345016304414E-4,5.26758023512626E-4,2.0030851155452526E-5,1.3553080806861346E-4,1.0610872773598724E-4,1.161049064758693E-5,0.0015725802418038684,2.227004588556517E-5,5.229311398975935E-4,1.4703244083129872E-4,0.017494515096904084,1.8986635080696634E-5,5.325989812745035E-5,0.007231314616437093,0.04025619341917402,1.0841709943170259E-4,0.0012582675572484557,3.7074036184175387E-4,4.833153112446124E-5,3.765809845791792E-4,1.4583832684895103E-4,2.0230343967925412E-5,1.8032589951064023E-5,0.011134309871801043,1.2297918346423139E-4,8.690676182502532E-4,7.211232305202782E-4,6.156367920596723E-5,7.306800571147388E-5,0.015269427371158408,1.1742233412177528E-4,1.999332876525771E-5,0.0019496307696626172,4.903030983069236E-5,0.0010990845678144647,6.179223183416588E-4,0.0011855648651057987,2.0734929800022805E-5,7.876181852650985E-5,3.1174428637113723E-4,3.548459668748896E-5,5.023512860782385E-5],[0.017450987931839478,0.005132707703195278,0.0012659861992166412,0.001014438996516227,7.82307023586736E-4,6.228185471634565E-4,0.0011165876511708816,0.001907743226753527,2.1086543666952367E-4,1.0,0.0017176541043243676,0.0023113670149020084,3.967612023349766E-4,5.317446543931757E-4,7.199876725914942E-4,0.001246146800799101,7.749901708228633E-4,6.911681198522975E-4,6.82148337170877E-4,9.98879114431882E-4,0.001970999345541266,4.244607444630031E-4,0.0011128783068098827,8.43817741744409E-4,0.014467089103619222,5.700523965147321E-4,5.333904683846353E-4,0.004511720894558423,0.06262273387286296,2.5766541421042634E-4,0.0011274344059467127,0.0013391228882698725,5.146592035931198E-4,8.453118031763612E-4,6.885341865867576E-4,1.6607763425004876E-5,7.466476479453103E-4,0.01034114557290838,8.986581618377033E-4,0.001250293802873487,9.49266446306733E-4,9.570406349293071E-4,2.0881477656467743E-4,0.022852668321971033,0.0010250757290199935,9.778349563164016E-4,0.0013593332470317708,5.17102973923966E-4,0.001196763250634756,0.0014147406915789868,0.0012073588639528224,3.444913026451089E-4,5.938159914530654E-4,0.001081143199341923,0.0010524250725277877,2.211653315736353E-4],[0.04390906471832382,0.014252607993672423,0.0022174799012884775,9.083233850149638E-4,0.0016314878611958345,0.0022272167294913083,0.0022206863359442008,0.0022062971477606517,1.5592159557707835E-4,0.0017176541043243676,1.0,0.002255665164675306,0.0017488203713012516,0.0016898906710948965,0.0016470977661447125,0.0016978105421267939,0.0016312086798334134,5.962319548391026E-4,4.277219975051082E-4,0.0017189284985559615,0.0023860321144425095,0.001706878849997131,0.002091168723026394,5.461305640981082E-4,0.010892199923549006,0.00142219680028149,2.5769867701852924E-4,0.006001722443486659,0.015579391670066986,0.001273168283491213,0.0021430683299365275,0.0015147111246492588,0.0013993379126491885,0.0012916402065744615,8.684942377229292E-4,0.0019703636710567537,0.0013888187580462146,0.0068065693698816255,7.610538101986257E-4,0.001585339847399742,0.0014475149725291451,0.0016576083827039355,0.0018236126591959275,0.012384761701689461,0.0018906219021522536,1.9202221569654927E-4,0.0031782369729157333,0.001977313363982092,0.0014123522290268539,0.0018684122630449069,0.0017652921458174721,2.627654647239222E-4,7.018866039771232E-4,0.0016099120780090786,4.678786266801691E-4,0.0016196701990997993],[0.047560565827751866,0.004846124358970446,0.0024165061830636117,0.00125437186567114,8.220744816755069E-4,0.00209924618291837,0.0015983954193163762,0.002262442484097374,0.001766423407940309,0.0023113670149020084,0.002255665164675306,1.0,0.0020569297047845457,0.0013118986897801702,0.00115965515963326,0.0023985688094819322,0.001986446568584247,6.032630500733775E-4,5.214908828403577E-4,0.0021162221677671583,0.0029841797185531133,2.9040793647528036E-4,0.0011937575018583445,4.486855344003936E-4,0.01617606618218986,0.0013924834494588943,0.0016475548025888399,0.004805029735833003,0.07384170528473219,0.0015912494587119528,0.0020175515288386216,0.0018857193917933349,0.002108488600126258,9.410878693498189E-4,0.0010854798658535931,0.0013462518284761164,0.0011629241385853698,0.011032645820804708,0.0013846552529223142,0.001839306659596545,0.001619394292396922,9.880508971259465E-4,0.0013702097033376384,0.013963848771912308,0.0013598837645894895,0.0012664122730619315,0.0035482146445746402,4.8618949331985474E-4,0.0014174370513828638,0.00213382113344554,0.001598621081278292,7.232079936203396E-4,0.001228797682255656,0.0019519974194756478,8.422744894773127E-4,0.0016291793493966112],[0.038177716488844354,0.015260964037474217,3.4995728525544386E-4,7.140228439878794E-4,1.5587482368145512E-4,2.5543561339367295E-5,8.181714371797912E-4,0.00201422047488387,4.284712060540757E-5,3.967612023349766E-4,0.0017488203713012516,0.0020569297047845457,1.0,2.1325486482932845E-4,2.468158310935894E-4,6.398215804067947E-4,7.832658974147037E-5,3.556407498340275E-4,1.736430147719865E-4,1.8748583869702262E-4,0.001609128337637185,1.4856522584223638E-4,6.496273579174028E-4,1.8210582230184124E-4,0.01824508125471289,2.5690561712112628E-5,1.6009523444946848E-4,0.008148214000237667,0.003985967288846471,1.9032026243102096E-4,4.4723771048935443E-4,0.0010552951104894357,1.4903157737628067E-4,2.3844834799989582E-4,1.9054197859602332E-4,3.549915355051773E-5,1.2677695706681392E-4,0.0032015802791248572,1.627098620008346E-4,0.0013711285374841673,3.6305854282350406E-4,1.1142427763284659E-4,1.2135027809618601E-4,0.015659571554292512,1.8744430890357307E-4,2.5422515016944095E-5,0.0016416593487167382,1.6506542109040253E-4,4.531066101417892E-4,9.861850211752001E-4,8.329951313701631E-4,8.400508739264368E-5,1.674775063891015E-4,9.008277215227336E-4,2.457295674060212E-4,1.1971285515187621E-4],[0.012856196345910125,0.005273725468439362,6.210798243774118E-4,4.98523559598508E-4,1.6823224574635101E-4,4.689048371336914E-4,0.0011127215515798895,0.001793656147065319,8.49004492143867E-5,5.317446543931757E-4,0.0016898906710948965,0.0013118986897801702,2.1325486482932845E-4,1.0,4.020497397510456E-4,0.0013744655752079738,2.9117873236301784E-4,4.850474225229914E-4,2.7344221522535917E-4,2.981320895455366E-4,0.002636711473749368,8.382275330037862E-5,6.633625548034146E-4,2.4207757255307076E-4,6.227625107026216E-4,1.1783397558599163E-4,4.191203513388925E-4,0.0011851311667582412,0.004464490112747039,4.616750839568231E-4,0.0013492315525118104,0.0011599383073755925,2.287286368449705E-4,4.7007019786519017E-4,4.244818699089596E-4,3.841086919162272E-4,2.3227393169230817E-4,0.012599181490606568,3.4241129795474615E-4,0.0012660562001772953,7.251850047812496E-4,1.1602183332614011E-4,1.2162228911030936E-4,0.0040857439282968285,2.014874611314631E-4,2.2525703072120274E-4,0.0013171387184639865,2.3388792032442686E-4,5.442466299140005E-4,0.0011546249142420128,6.161672852976043E-4,2.4021190145415765E-4,4.425178707405164E-4,6.625912608821463E-4,2.76688233926214E-4,4.4437253871676565E-4],[0.03209534603081295,0.005806334678144818,7.768617418601965E-4,4.099265661480536E-4,2.455757362171297E-4,1.0974412407787113E-4,0.0010315609316116664,0.0010433513916787648,1.3800345016304414E-4,7.199876725914942E-4,0.0016470977661447125,0.00115965515963326,2.468158310935894E-4,4.020497397510456E-4,1.0,9.573237036891069E-4,3.1845040763543736E-5,3.270660562164375E-4,2.4552296039656867E-4,1.8218194201387357E-4,0.0029600827925588425,1.8111065169050782E-4,8.530605092339583E-4,1.9831482540523244E-4,0.0011879202492999146,2.1188164450997978E-4,2.2676885978508294E-4,0.0016101053129122151,0.011196559177420542,2.4271361709938828E-4,3.9392384093544196E-4,9.934984497591717E-4,1.708659420740573E-4,3.291097501444388E-4,2.537576300458406E-4,6.327047638652297E-5,2.0040884554493646E-4,0.010035845304225929,2.343515022092741E-4,8.4499834333791E-4,6.696720555660796E-4,6.30096112007506E-5,2.474630506141065E-4,0.01110925639908397,2.377710506131471E-4,1.060250821182092E-4,9.927857764692512E-4,1.780759537920358E-4,0.0013428045970274125,5.291318009713258E-4,6.49882728642764E-4,1.6566901226065553E-4,1.69918144391209E-4,0.0010508215407820298,2.5725454684170115E-4,2.1717326254220055E-4],[0.03571898736172055,0.015549700406493835,0.0016940620765695414,0.0014637644435355535,0.0010633351489961775,1.4770883368010567E-4,0.0014818569442505815,0.0018805538626519985,5.26758023512626E-4,0.001246146800799101,0.0016978105421267939,0.0023985688094819322,6.398215804067947E-4,0.0013744655752079738,9.573237036891069E-4,1.0,2.1065998817486367E-5,0.0011998453934020602,0.001460203252359665,6.12033549962777E-4,0.0027136792007811735,0.0013372839087572314,0.0014083344196477918,8.780842308336818E-4,0.006413406622679849,3.378215544832964E-5,1.9390421756488452E-4,0.001850267489298362,0.07972079856590478,0.0016198011692706601,0.0015960570239941002,0.0015493597871584074,8.710735439042569E-4,0.0013381133385034151,9.023735415841392E-4,3.383555009287036E-4,0.001163031546478437,0.00567464809112816,6.54187447090765E-4,0.0016414171424910097,0.0015310398317552073,0.0013315180172345142,0.0015904457759958596,0.0026472826563556057,0.0013833468819793916,0.001436023650514391,0.0028951112591773243,2.1608974248811056E-4,0.0016021293076624687,0.0015906160502023037,0.0016485458253430465,0.0014175903220217652,2.0594010915985278E-4,0.0010790061960245525,0.0014929653858870857,0.0011057331119293003],[0.05001516880763565,0.007036800451341369,0.0013111928222746033,4.443074712503384E-4,6.717964092722373E-5,1.961647282775505E-5,6.749535851838244E-5,3.290279081310673E-4,2.0030851155452526E-5,7.749901708228633E-4,0.0016312086798334134,0.001986446568584247,7.832658974147037E-5,2.9117873236301784E-4,3.1845040763543736E-5,2.1065998817486367E-5,1.0,4.6273632195519503E-4,5.31214252826654E-5,1.2516815935890054E-5,4.5073260865135574E-4,2.1995081228323962E-5,3.2243162789464473E-4,5.0949941975355305E-5,0.01312756063125692,1.5556729505106464E-5,8.107282941474388E-5,5.474699188845459E-4,0.05463023015966429,5.0941907586454835E-5,6.061299310491721E-4,0.0011270767182791274,1.1153338568212058E-4,3.415580436662227E-4,3.8418610491650434E-5,1.4951049854674452E-5,1.7716047360965194E-5,0.014823401735440807,1.0571470609301972E-4,0.0013317843445350822,5.077168190728845E-4,3.570444048684963E-5,5.9434618911423936E-5,0.004290900574916162,1.2800329771262608E-4,1.535986365369729E-5,0.002410510393922034,1.0648981647688177E-4,4.7934491157696255E-4,0.0014061431838801493,6.81463007568272E-4,1.8922005293916827E-5,1.5240226824773503E-4,4.650650058696113E-4,8.360789764764231E-5,9.915990817205538E-5],[0.020306126971857925,0.011550948387409724,0.001441098872783457,5.966029316663206E-4,1.8559909991971304E-4,3.4461685389032494E-4,0.0010858229583801627,0.0017424451137320164,1.3553080806861346E-4,6.911681198522975E-4,5.962319548391026E-4,6.032630500733775E-4,3.556407498340275E-4,4.850474225229914E-4,3.270660562164375E-4,0.0011998453934020602,4.6273632195519503E-4,1.0,2.965323468187164E-4,1.0157403252173924E-4,0.001695108101675855,1.240443338147325E-4,7.672088435359544E-4,3.3812257642089534E-4,0.01552693488406172,4.21793585166416E-4,1.946246817184135E-4,0.001993011051589832,0.026544992129571156,2.3452707771491065E-4,9.208639241381955E-4,0.0011260448610397628,4.8379936665268866E-4,4.562994494521914E-4,4.137104603232647E-4,3.372567778421963E-4,1.2494126387508936E-4,0.004542306026477604,4.49817923060994E-4,0.0014269890787153713,8.484769307076242E-4,1.0810157951050519E-4,3.604725412227818E-4,0.0046274685398621385,3.4594429169992923E-4,6.129727810533064E-5,0.003186586734386222,3.3665519659785973E-4,7.001701523402828E-4,7.501777362539806E-4,5.5297484478111E-4,4.760707040771284E-5,2.7616180861478475E-4,9.137639664048393E-4,4.633389308080819E-4,4.7299083072882645E-4],[0.015401545085158752,0.0029884306058619615,5.198294073087335E-4,2.500209533377254E-4,1.240637954775382E-4,2.557051183521357E-5,4.717832679119187E-4,0.0010421791281671924,1.0610872773598724E-4,6.82148337170877E-4,4.277219975051082E-4,5.214908828403577E-4,1.736430147719865E-4,2.7344221522535917E-4,2.4552296039656867E-4,0.001460203252359665,5.31214252826654E-5,2.965323468187164E-4,1.0,9.228165331187508E-5,0.002303004816847306,3.828275424193607E-5,1.2279990079024664E-4,1.6859361364674594E-4,0.007536197538874767,7.617692917606669E-5,1.3441355769286913E-4,0.0021695114113082915,0.09032316777283977,1.3982989315203552E-4,6.827895521268442E-4,6.697025772283358E-4,1.2041450844063064E-4,2.632272457556941E-4,1.820292917409749E-4,5.012759750275315E-5,2.966858515554926E-5,0.0038729096063932697,1.2388772605508865E-4,9.683628397997073E-4,6.869803695131103E-4,9.2776897826762E-5,1.0584385022967495E-4,0.005274591365910457,1.7946650058081674E-4,2.7707308118645992E-5,0.0012728895805011412,1.314532585214974E-4,1.393185719598728E-4,0.00134814909178314,6.650324671207014E-4,8.0879316020128E-5,1.453600315390627E-4,3.3267007318508866E-4,2.225867132274493E-4,1.0369563643881384E-4],[0.02019384545686038,0.010900382938265955,8.67925830779879E-4,3.14287450297547E-4,5.0824833895152366E-5,2.1618323420980175E-5,0.001160763197176584,0.0017848862362780376,1.161049064758693E-5,9.98879114431882E-4,0.0017189284985559615,0.0021162221677671583,1.8748583869702262E-4,2.981320895455366E-4,1.8218194201387357E-4,6.12033549962777E-4,1.2516815935890054E-5,1.0157403252173924E-4,9.228165331187508E-5,1.0,0.002065353110266461,1.7632844097130595E-5,4.0236651102111743E-4,9.182769026481029E-5,0.006462180041767125,1.201522005536025E-5,1.1444946379697984E-4,0.007530824637746325,0.011554958741288885,6.503711413289688E-5,3.7973854843655796E-4,5.900593519184069E-4,9.526492253968974E-5,1.214890591274986E-4,4.6158605660913926E-5,1.1215926508840725E-5,1.7683123721908362E-5,0.0035592784875174894,9.977442095507297E-5,0.0010263578055497067,1.722908121236103E-4,2.9754237648482267E-5,6.726930896386855E-5,0.011117693483066451,1.2188853038499724E-4,1.1216873200775281E-5,4.256256877025471E-5,1.1999944485654052E-4,0.001235786126388073,4.5496035300399026E-4,6.577230616817155E-4,2.0892551528749804E-5,6.85789243870709E-5,6.02517216016134E-4,2.376608156742691E-4,2.0426904738703122E-5],[0.0037858904486226994,0.01730508153582644,0.0014862923051655558,0.0023128749775597015,7.736589589689819E-4,1.8709471567513708E-4,0.001435173637079801,0.0025932543384802223,0.0015725802418038684,0.001970999345541266,0.0023860321144425095,0.0029841797185531133,0.001609128337637185,0.002636711473749368,0.0029600827925588425,0.0027136792007811735,4.5073260865135574E-4,0.001695108101675855,0.002303004816847306,0.002065353110266461,1.0,0.0019370814975757148,0.002303019585052136,7.463275080161972E-4,0.012395135725987386,3.9258080755665285E-4,0.0021558686221866525,0.00399216476225726,0.005635782835821646,0.002159302176180787,0.0022584963087531502,0.0020776380836302825,0.0015797861142751743,0.0010437686624433934,0.002681502837447439,2.4933322342175925E-4,1.150126403950344E-4,0.012007375639003011,0.0014070253266784192,0.001756071724232642,0.0026525048907145962,0.002958863211620223,6.329424179325495E-4,0.017289766232912812,0.0025582088938804802,0.002144523558440233,0.0036086974810880246,0.0023955354772786826,0.002278849898374233,0.0026786082429322384,0.002412414180662589,0.002447460839882123,9.47727731727669E-4,0.001466174478881976,0.0016708005300856792,3.6396089801062287E-4],[0.010174176991838667,0.012475415454169355,8.675929250832996E-4,5.817329826036061E-5,4.5052380600778014E-5,2.661939159438064E-5,0.0010395863941597646,0.0011931133576996485,2.227004588556517E-5,4.244607444630031E-4,0.001706878849997131,2.9040793647528036E-4,1.4856522584223638E-4,8.382275330037862E-5,1.8111065169050782E-4,0.0013372839087572314,2.1995081228323962E-5,1.240443338147325E-4,3.828275424193607E-5,1.7632844097130595E-5,0.0019370814975757148,1.0,8.066615714622575E-4,1.7576001390645133E-4,0.005324627203208635,1.758375110018681E-5,2.8567103952897603E-5,0.005449158094097694,0.012886888674912046,1.8512277874436204E-4,2.221693068758043E-4,0.0013343755586917845,2.9598327842237024E-5,8.107681770415761E-5,2.1006505445208607E-4,2.1784303650157776E-5,2.560731169309006E-5,0.007902645093115605,1.0240107794927573E-4,4.048185925585644E-4,3.626038768332873E-4,4.7488625724162734E-5,5.887486799937555E-5,0.005151735081928816,1.2234242124689384E-4,2.247343386082925E-5,0.0030796627601767856,2.8974679038249783E-5,9.746201943452044E-4,9.569536672304719E-4,6.319073701741829E-4,2.543824537477661E-5,1.2495754183457084E-4,5.513091388879516E-4,1.6978793151731692E-4,8.3875274438975E-5],[0.022165786246422226,0.0020881415732451644,0.001385583942455753,9.085460424531518E-4,9.898709866951912E-4,1.2915979894940146E-4,0.0010966244338200236,0.0018745282322751417,5.229311398975935E-4,0.0011128783068098827,0.002091168723026394,0.0011937575018583445,6.496273579174028E-4,6.633625548034146E-4,8.530605092339583E-4,0.0014083344196477918,3.2243162789464473E-4,7.672088435359544E-4,1.2279990079024664E-4,4.0236651102111743E-4,0.002303019585052136,8.066615714622575E-4,1.0,5.549746415717692E-4,0.008842603547591782,2.4102481268951207E-4,9.689764222295459E-4,0.008124975224444216,0.03205577175220432,4.542837323124289E-4,0.0011411098110950524,0.0013523767356564001,2.3733137571665247E-4,8.973003724233402E-4,5.026002796304522E-4,1.253468127284383E-4,2.4525197364267905E-4,0.006326963971965444,8.575812348677616E-4,0.001407791108662979,0.0010009371906552207,7.071229555108232E-4,1.2966226828443192E-4,0.007644123546481136,9.27847724275791E-4,5.52872581668508E-4,0.002178127929840076,6.526344481837169E-4,0.0013072430600241788,0.0012759182765103374,0.0010427210347753709,6.979087671860247E-4,2.2137834576123165E-4,0.0010480994218894182,5.471129140032017E-4,8.850138314812094E-4],[0.04023598502612681,0.00655611546060672,4.273563503236058E-4,6.978533746457446E-4,1.2805442698304577E-4,1.7774967498273994E-4,0.0010182950879498891,0.0015165876586831798,1.4703244083129872E-4,8.43817741744409E-4,5.461305640981082E-4,4.486855344003936E-4,1.8210582230184124E-4,2.4207757255307076E-4,1.9831482540523244E-4,8.780842308336818E-4,5.0949941975355305E-5,3.3812257642089534E-4,1.6859361364674594E-4,9.182769026481029E-5,7.463275080161972E-4,1.7576001390645133E-4,5.549746415717692E-4,1.0,0.007446754381855592,1.702578186676847E-4,1.4642575482977523E-4,0.004240917423496959,0.08901905478570991,2.0122597969904127E-4,4.665942281924766E-4,9.231196748767287E-4,1.7141290494844525E-4,2.9949241298594237E-4,2.0882636955710886E-4,9.750416308101251E-5,2.4155836930269633E-5,0.009099446185189894,1.5715134219539804E-4,0.001300323892915266,7.322232216647246E-4,1.417451259580827E-4,1.2758165998871695E-4,0.017170005200234942,1.8191509462929257E-4,1.7260060404322567E-4,5.780866159251898E-4,1.7579818015507896E-4,2.613074154945668E-4,8.417234931220838E-4,6.849823826995879E-4,1.4812356583594093E-4,1.6480419467347957E-4,6.32970907069847E-4,1.950235105327771E-4,1.561895380142658E-4],[0.02515351190571891,0.01943290318838818,0.005405516240739877,0.008192469931519696,0.01834437182236225,0.011506972982496541,0.011085888146001154,0.0054997205201270764,0.017494515096904084,0.014467089103619222,0.010892199923549006,0.01617606618218986,0.01824508125471289,6.227625107026216E-4,0.0011879202492999146,0.006413406622679849,0.01312756063125692,0.01552693488406172,0.007536197538874767,0.006462180041767125,0.012395135725987386,0.005324627203208635,0.008842603547591782,0.007446754381855592,1.0,0.018403954851258793,0.01010633056158618,0.01750796679304835,0.04930889025270155,0.012578771753652816,0.009717496663386943,0.008189316816405175,0.00714660429160647,0.013431317157415728,0.014888382067837021,0.0060698205860013075,0.010896527780607231,0.016278725727898298,0.003632110537687849,0.012034174530544789,0.005577013979637476,0.01934068113143583,0.006026742879584675,0.019722086984979046,0.001906776216514926,0.01867398818983385,0.003981527080267471,0.013828346978130372,0.0014852011725335346,0.00944548365986402,0.004444342532116409,0.018925646960622055,0.014304530036471214,0.0187598696299639,0.0022957061682148832,0.014771193535357415],[0.03363548094939005,0.015234243362626342,0.0010592129501072935,9.231883032763439E-5,5.232615835412435E-5,2.3167434617584675E-5,3.199854658789777E-4,8.233177437725997E-4,1.8986635080696634E-5,5.700523965147321E-4,0.00142219680028149,0.0013924834494588943,2.5690561712112628E-5,1.1783397558599163E-4,2.1188164450997978E-4,3.378215544832964E-5,1.5556729505106464E-5,4.21793585166416E-4,7.617692917606669E-5,1.201522005536025E-5,3.9258080755665285E-4,1.758375110018681E-5,2.4102481268951207E-4,1.702578186676847E-4,0.018403954851258793,1.0,6.234803508908709E-5,0.00480796636691883,0.03121674054466578,5.040071806578024E-5,0.0010225213634268311,0.0011689145213016115,9.859919541112222E-5,3.9879253725982005E-4,8.315043168541932E-5,1.4233822061265579E-5,1.5346683507836486E-5,0.011635052507400585,3.859195912417388E-5,6.417499176599178E-4,6.484006194947142E-4,4.204418371430364E-5,3.5009607655211755E-5,0.013287845695903204,5.8896890803692787E-5,1.4527131594887722E-5,0.0023378498265419047,1.1851391504639876E-4,8.434983072754665E-4,6.506724896793247E-4,8.758308709296233E-4,1.7343957406365436E-5,1.077653861630029E-4,6.964643620849477E-4,8.463068495301859E-5,9.394146907842514E-5],[0.0038592249248368847,0.006476485098005681,3.0863718859142054E-4,2.762779328941878E-4,1.3106092823979542E-4,1.208917768406166E-4,0.0010458864793039273,0.0018288012106093172,5.325989812745035E-5,5.333904683846353E-4,2.5769867701852924E-4,0.0016475548025888399,1.6009523444946848E-4,4.191203513388925E-4,2.2676885978508294E-4,1.9390421756488452E-4,8.107282941474388E-5,1.946246817184135E-4,1.3441355769286913E-4,1.1444946379697984E-4,0.0021558686221866525,2.8567103952897603E-5,9.689764222295459E-4,1.4642575482977523E-4,0.01010633056158618,6.234803508908709E-5,1.0,0.00821813202915244,0.013606759468173012,1.8394959896676552E-4,0.0013463543970497092,1.471728316119162E-4,1.4016369812200392E-4,3.069270081663058E-4,2.0029781437225957E-4,6.899066631983075E-5,9.906942081786533E-5,0.011770399875962888,1.3582083582574362E-4,4.2497308334309375E-4,7.9081716733053E-4,1.4104269518931084E-4,1.3892523553492764E-4,0.012792994149408368,1.6644021122780994E-4,7.720476496161703E-5,0.0014735256566753253,1.4322129619258678E-4,0.0013336226753695318,5.237386965117825E-4,8.99600390494396E-4,4.2600450149965716E-5,1.494390734485147E-4,5.388266868657942E-4,2.3520253037670084E-4,1.1208407725477576E-4],[0.015396461715342969,0.013447838549564918,0.004720547059729322,0.006251289757152777,0.008802494042512432,0.004610729434696006,0.005089545659446571,0.006859792779799256,0.007231314616437093,0.004511720894558423,0.006001722443486659,0.004805029735833003,0.008148214000237667,0.0011851311667582412,0.0016101053129122151,0.001850267489298362,5.474699188845459E-4,0.001993011051589832,0.0021695114113082915,0.007530824637746325,0.00399216476225726,0.005449158094097694,0.008124975224444216,0.004240917423496959,0.01750796679304835,0.00480796636691883,0.00821813202915244,1.0,0.07268390756326167,0.0075496042644402185,0.008543851764300114,0.008633577388787141,0.0014533664559552321,0.007838236999349176,0.003951880885505805,0.006074488396309209,0.003880899028534351,0.014308808435730546,0.0011894116398787598,0.006460132647300414,0.006764589852224735,8.313278100493692E-4,0.006811576648103745,0.023501080529078518,0.004532401100481133,0.004911433473519388,0.005333718488461252,0.0013475626392711565,0.007174360249572352,0.0043472961321795785,0.004397005611760442,8.38638660589991E-4,0.0016204966874411304,0.007826658360748124,0.005375649970897053,0.004193121516076493],[0.06178694208466364,0.07886231578956578,0.07877335716315305,0.02343026429487086,0.05652336184613745,0.014526703031247118,0.07047976151156501,0.009625962026979872,0.04025619341917402,0.06262273387286296,0.015579391670066986,0.07384170528473219,0.003985967288846471,0.004464490112747039,0.011196559177420542,0.07972079856590478,0.05463023015966429,0.026544992129571156,0.09032316777283977,0.011554958741288885,0.005635782835821646,0.012886888674912046,0.03205577175220432,0.08901905478570991,0.04930889025270155,0.03121674054466578,0.013606759468173012,0.07268390756326167,1.0,0.03670924221668755,0.019432065456675536,0.04809556633453873,0.04097475510825691,0.07428812255247938,0.0028428100100049885,0.02313786480210387,0.07141049603653929,0.08709363469901671,0.005932150468988014,0.06375090564363722,0.0789015269646263,0.0425401394337527,0.014707776342416374,0.0631754598347628,0.003013025616498644,0.001038140768134409,0.0357010534922927,0.01755888426907469,0.06521040150164877,0.02100480070915681,0.0390904587915566,0.05706978216401241,0.053425636052288616,0.0073581014338022065,0.05025711168757568,0.08862641169464708],[0.025609855226686726,0.017214016010558008,2.941551624223281E-4,7.685261488409008E-4,1.8679462278805843E-4,9.700592633445626E-5,5.107444272601785E-4,0.0018562124416134998,1.0841709943170259E-4,2.5766541421042634E-4,0.001273168283491213,0.0015912494587119528,1.9032026243102096E-4,4.616750839568231E-4,2.4271361709938828E-4,0.0016198011692706601,5.0941907586454835E-5,2.3452707771491065E-4,1.3982989315203552E-4,6.503711413289688E-5,0.002159302176180787,1.8512277874436204E-4,4.542837323124289E-4,2.0122597969904127E-4,0.012578771753652816,5.040071806578024E-5,1.8394959896676552E-4,0.0075496042644402185,0.03670924221668755,1.0,6.792584341930693E-4,0.0012791292718955848,1.6691732751656236E-4,4.1084102517501215E-4,2.393936189753254E-4,4.1625433781208147E-5,1.9684270734005022E-4,0.010367161809030129,1.8378719966755932E-4,0.0011099434280275131,5.843754315452973E-4,1.6066194572759548E-4,1.1653576584483893E-4,0.024286533329480272,2.23849709333944E-4,1.6961854340431725E-4,0.0010415588320336103,2.246314818888655E-4,5.67691941005676E-4,5.739702893841688E-4,0.001140572805198087,4.7680035923545196E-5,2.2008847578126905E-4,9.90353731690861E-4,2.5959593237884795E-4,1.2006433965255221E-4],[0.025747486075145803,0.009166992874823752,0.0014525629436141741,0.0010737364282564874,9.260701695362852E-4,9.94779885204196E-4,0.0012806988565203813,0.0018784497535395506,0.0012582675572484557,0.0011274344059467127,0.0021430683299365275,0.0020175515288386216,4.4723771048935443E-4,0.0013492315525118104,3.9392384093544196E-4,0.0015960570239941002,6.061299310491721E-4,9.208639241381955E-4,6.827895521268442E-4,3.7973854843655796E-4,0.0022584963087531502,2.221693068758043E-4,0.0011411098110950524,4.665942281924766E-4,0.009717496663386943,0.0010225213634268311,0.0013463543970497092,0.008543851764300114,0.019432065456675536,6.792584341930693E-4,1.0,0.0013677636777155193,0.001269096787088568,6.996130074729003E-4,4.8144431680559156E-4,8.471032315739216E-4,4.78460498121565E-4,0.011478244390182274,3.039780713136409E-4,0.0014034823279210236,0.0013155885847256723,0.0012901037492642684,0.001188318894903448,0.0075784917328159266,0.0011488114063988725,0.0013241650387556768,0.0025701285139619126,3.5906714832231436E-4,0.0013544686742346585,0.0014433538831121777,0.0012320101759783176,9.076825313955743E-4,6.313522155271759E-4,0.0013276761639275509,8.987985707619606E-4,9.285143037170467E-4],[0.047599569028413447,0.016678698275047924,0.001431902395954122,9.116791103074181E-4,7.335220362571474E-4,8.364346038091978E-4,0.0013371730494126286,0.0016767788096785966,3.7074036184175387E-4,0.0013391228882698725,0.0015147111246492588,0.0018857193917933349,0.0010552951104894357,0.0011599383073755925,9.934984497591717E-4,0.0015493597871584074,0.0011270767182791274,0.0011260448610397628,6.697025772283358E-4,5.900593519184069E-4,0.0020776380836302825,0.0013343755586917845,0.0013523767356564001,9.231196748767287E-4,0.008189316816405175,0.0011689145213016115,1.471728316119162E-4,0.008633577388787141,0.04809556633453873,0.0012791292718955848,0.0013677636777155193,1.0,8.518923565647087E-4,5.178118674252603E-4,0.0010097047237251017,7.917995047977521E-4,2.4813187348448435E-4,0.01149507937378081,0.00123927708489227,0.0014387372593192536,0.0010051783575567915,0.0013171670548524016,0.001317964843378382,0.0077864387005508,9.890001415070418E-4,5.796825571106624E-4,0.0022212926487182455,3.003569892600443E-4,0.0013520799574900982,0.001409887968536074,0.001276295736310101,0.001331547888493083,0.0013026500079963772,0.001160719330432132,5.078694382724014E-4,7.54004478598691E-4],[0.015556258287174293,0.005204665081665277,5.759359330406086E-4,4.600615934137389E-4,1.263039070282719E-4,5.0211169953534005E-5,1.4854404312895998E-4,9.883390905908228E-4,4.833153112446124E-5,5.146592035931198E-4,0.0013993379126491885,0.002108488600126258,1.4903157737628067E-4,2.287286368449705E-4,1.708659420740573E-4,8.710735439042569E-4,1.1153338568212058E-4,4.8379936665268866E-4,1.2041450844063064E-4,9.526492253968974E-5,0.0015797861142751743,2.9598327842237024E-5,2.3733137571665247E-4,1.7141290494844525E-4,0.00714660429160647,9.859919541112222E-5,1.4016369812200392E-4,0.0014533664559552321,0.04097475510825691,1.6691732751656236E-4,0.001269096787088568,8.518923565647087E-4,1.0,4.3725545242904545E-4,2.2312661604489064E-4,1.252428924521333E-4,1.1187196680594312E-4,0.0066922394376786295,1.3583928790503747E-4,2.0991229448062796E-4,7.857889873561438E-4,1.343981834588411E-4,1.0907129632930308E-4,0.016209456470494262,1.6300591678664186E-4,6.258023808134183E-5,0.0017030761518908024,1.4251333437421873E-4,0.0010584461681958722,6.065418670685702E-4,2.3292160501998694E-4,9.498968846022635E-5,1.494517231835553E-4,3.1403011706473234E-4,1.4552051052076854E-4,1.3501570567571984E-4],[0.036492113386603436,0.016258389725209682,9.516684355460115E-4,5.192476565802047E-4,3.941629956071152E-4,1.786676701753295E-4,0.0011480180338436675,0.0013247695259509433,3.765809845791792E-4,8.453118031763612E-4,0.0012916402065744615,9.410878693498189E-4,2.3844834799989582E-4,4.7007019786519017E-4,3.291097501444388E-4,0.0013381133385034151,3.415580436662227E-4,4.562994494521914E-4,2.632272457556941E-4,1.214890591274986E-4,0.0010437686624433934,8.107681770415761E-5,8.973003724233402E-4,2.9949241298594237E-4,0.013431317157415728,3.9879253725982005E-4,3.069270081663058E-4,0.007838236999349176,0.07428812255247938,4.1084102517501215E-4,6.996130074729003E-4,5.178118674252603E-4,4.3725545242904545E-4,1.0,3.4246373483016947E-4,3.3791083348545223E-4,3.907023152354602E-4,0.013222531959586632,1.46030883804827E-4,0.0013360410715489712,6.05204014420473E-4,3.9306736730449334E-4,1.825493987607241E-4,0.0011803955574485377,4.158988277534882E-4,1.3577431306631733E-4,0.0027553737363326778,3.967360915827689E-4,0.0012360865791608247,0.0010029908701065444,0.0011092917596274249,1.1890017394947606E-4,4.1207071136762437E-4,5.081923909380997E-4,3.1959113786993653E-4