[[1.0,0.02117236051207806,0.026647381394962484,0.009532063004083366,0.03339498127121417,0.027423683927340136,0.024352007675665425,0.030435044136126833,0.0317538264631268,0.004284975928007139,0.01888247159169852,0.01906160694890832,0.03645965738555595,0.017703642363907698,0.03249901630448387,0.06158554164392332,0.03329106114712747,0.013115903975370654,0.0012674405403378488,0.009219460716983643,0.010086011468473583,0.014018364870043033,0.030260220699905045,0.018223963279327467,0.028235603926233553,0.02745332408060799,0.004090802287594662,0.02358385106888889,0.01424205656597322,0.016836313641941193,0.036552136015291586,0.02900104528630886,0.008844400485474578,0.023730095664279315,0.026002256170725498,0.022406408561832906,0.023236132955540632,0.011817168971126423,0.02422375927145157,0.03322442053097636,0.01273151294722991,0.028370933606216453,0.003319479057289377,0.004064594418309602,0.020535812420720265,0.0341261205311324,0.014244218918920451,0.015204396104750197,0.012108463986747826,0.027865014897339137,0.026739333999838116,0.03177679198850775,0.029480933055509546,0.013089149419637836,0.0292989969257703],[0.02117236051207806,1.0,3.7727988507151115E-4,0.005452387412944949,1.0590895039655025E-4,0.007763997392278305,2.826674644100386E-4,0.00318864370058933,0.001773727178747884,6.19386180844197E-5,0.0015284276638270428,1.4690734489682632E-4,0.01117323055845605,1.0357348303915607E-4,1.0577103390330974E-4,0.012599345367546394,2.3146322277054572E-4,3.776765811107946E-4,1.3344279351154253E-4,1.9031631136457589E-4,6.371931363810245E-5,0.002284775329599795,3.558467459016211E-4,4.199617600753743E-5,0.008031928162783345,5.200564329930086E-4,1.4862851613129492E-4,0.0017060376873350093,0.0010118192715687564,2.1111318876033104E-4,5.894149237302719E-5,0.0075572839464044,5.8241027785857965E-5,4.6939501484885186E-4,0.003582834892625655,2.0113999094793365E-4,0.003105803425050885,7.745588803631775E-4,0.0010422624801966446,9.280994459782567E-5,1.0439659288060334E-4,0.00236158470666486,1.1651940194829454E-4,0.0019242868118738586,4.2715495428640593E-4,1.3067019344288917E-4,1.1076370737711639E-4,1.0954304614038984E-4,1.0394594223543397E-4,1.1825989234144377E-4,0.016117544868601116,8.193867220967512E-4,1.7334035030601989E-4,2.688411479076416E-4,6.710216963375592E-4],[0.026647381394962484,3.7727988507151115E-4,1.0,0.004232184430652987,2.387203152873409E-4,6.963983425512977E-4,0.0011999049565302473,0.007678840928010632,0.001794426696866463,3.7994204314099444E-4,0.0015908005866527351,6.726245552244448E-4,0.0016275524847285585,3.4125719102481896E-5,6.694363264606523E-4,0.047297638760803,0.0011178935510941714,3.88179941479131E-4,1.4282989885807686E-4,3.2574818379938115E-4,2.5192745838968004E-4,0.0037174816513555315,0.0011371125677008692,2.9715257099780467E-4,0.008436449923167898,9.466784526426788E-4,4.2749036934616844E-4,0.0020161306598677014,9.297157208742787E-4,4.694538315524973E-4,5.801209551984625E-5,0.0015567759715632,5.792362371047558E-4,9.324044729176568E-4,0.007849197719968474,4.6973037053197513E-4,0.0020661150762250023,0.0014202994093040833,0.0013304882072365113,1.4902591874718028E-4,3.402856409624078E-4,0.0018617841862614707,2.506206699919271E-4,0.0018869058688525658,7.141570982159998E-4,1.8735886026602052E-4,3.8753665999504474E-4,1.429040308630051E-4,6.184576186710898E-4,4.150337976358197E-4,0.007034025089257412,9.886986026752902E-4,5.286158167995521E-4,3.381315436459668E-4,0.011279293446326626],[0.009532063004083366,0.005452387412944949,0.004232184430652987,1.0,0.002191835474043279,0.007134701654369785,0.003974416241053194,0.005981399081434719,0.0035589655319207903,5.419022644652493E-4,0.0039260860629250095,6.097019976391787E-4,0.00974796134943493,0.004174642364079654,0.0039030802568301433,0.019611633096705546,0.0036660559972382673,0.0031371824489767127,0.00279431280218408,0.004716357149456969,0.0037927687078218976,0.004685410086818789,0.003359098374542886,0.0025487634758651007,0.00819071500215123,0.0033232863519569856,0.005424019410739768,0.005217015258461206,0.005392678111890662,0.003137255014574186,0.0035474442765857134,0.016526811556131456,0.005608802679675126,0.005438921274275145,0.006808158491384016,0.0029534591414926313,0.008307567531443604,0.0017689062745914268,0.0031436731642253157,0.004381651967180277,0.004260555277250863,0.00484474017065402,0.005437837373496048,0.004615981360459413,0.004831874888734833,9.019197291735174E-4,0.00252247921092511,0.003939940397385386,0.005355020959034885,0.004778060892126718,0.011421405939545357,0.0032572124055390214,0.0015994138908754184,0.002125086085197324,0.008420522665203094],[0.03339498127121417,1.0590895039655025E-4,2.387203152873409E-4,0.002191835474043279,1.0,4.3316335545811317E-4,0.0016487949311584213,0.0044507817204892915,1.8678607164270662E-4,9.978994573831016E-5,1.9348245926107137E-4,1.337186404405827E-4,0.006067264721784491,9.705518226281447E-5,1.1769941515135019E-4,0.07571552830278677,8.020196246673165E-4,2.2751358426744095E-4,1.2914485192023567E-4,1.2293185795699303E-4,8.093616522612552E-5,9.82713381806326E-4,3.158894370070671E-4,1.1836795918051408E-4,0.0023974806385791275,9.362961577383867E-4,1.4150572963112456E-4,0.0025161511766886684,2.9999644456869324E-4,1.6471493481847084E-4,9.016868243716934E-5,0.00882586064364385,5.3933817631303666E-5,4.222997736969355E-4,0.005847655558352418,2.6405945965834305E-4,0.010523849086783521,0.001230816164813212,9.853061055315547E-4,1.1093146400203251E-4,1.2900742622310948E-4,0.0015756666898526668,1.665679325018721E-4,0.0027951336829107336,8.678075944579662E-4,1.28990319297426E-4,1.3431485976080578E-4,1.1823897866732946E-4,1.698624842157174E-4,1.586186844356012E-4,3.0045021039078353E-4,9.03603213235619E-4,2.3219212385000983E-4,1.9496782736193931E-4,0.02183488324908696],[0.027423683927340136,0.007763997392278305,6.963983425512977E-4,0.007134701654369785,4.3316335545811317E-4,1.0,0.0029227336571350133,0.00912051514382793,0.009658895679332383,0.006975260878314124,0.007958488893127813,0.005020404908983314,0.012304249319912253,0.008280049825072099,0.008829113338722938,0.018434740131792488,0.0024110407893954,0.004812902057380261,0.0062793458334688265,0.0010174018323945053,0.008845593883115769,0.00882399677092145,0.005649822716776482,0.007549104876320904,0.009850039456814912,0.005269954202830928,0.00774378289475286,0.006751554924903715,0.009493259600132678,0.009646941495024038,0.008523065349697698,0.018763166294497077,0.00796389596641703,0.0018400421345996453,0.01573061775863687,0.008832382412352409,0.00979563500740937,0.0016152539363901571,0.004866234482145444,0.005662022084579587,0.0028106785607301503,0.007848345428849691,0.004303844018559889,0.009542950972490954,0.006063254320042315,0.009495370665140435,0.0052427286233238625,0.004010143053943854,0.004483430057740153,0.004164496751219035,0.01821819835336811,0.009131600621644717,0.004674431405942623,0.003021988949843073,0.02144128032600219],[0.024352007675665425,2.826674644100386E-4,0.0011999049565302473,0.003974416241053194,0.0016487949311584213,0.0029227336571350133,1.0,0.007141499432150299,0.0026011688273633446,4.20498756119424E-4,0.0025970907096129064,0.0024362525132762135,0.009481251498147917,9.452168049202795E-4,0.0020667579858540674,0.09354174238014157,0.0020596678651342106,0.0012918990406202279,0.001824291574004948,0.00230738637533437,0.0019588541436920816,0.0038734875093018872,0.002641633479847725,0.0012236634146141803,0.010425284019171028,0.002784340634856275,0.0024141673235702314,0.0028876530365833904,0.002532867438128721,0.0011451423543400365,0.0024654324596642186,0.004307718115921754,3.4801807960150097E-4,0.0022653768251305216,0.009391017111859514,7.153090788416753E-4,0.006150172526503572,0.0016974615150836968,0.00196029020684577,3.4217008483339897E-4,0.0012036909896829197,0.0028348190645133557,0.00219256804571055,0.003113249371323146,0.0025732212386234,0.0024630206118366,9.366447656693885E-4,4.400747455284447E-4,0.0012925453107876705,2.4205274212680866E-4,0.022256947781582832,0.0020061914505188,0.001103298864301731,6.79116642900547E-4,0.0201178488575405],[0.030435044136126833,0.00318864370058933,0.007678840928010632,0.005981399081434719,0.0044507817204892915,0.00912051514382793,0.007141499432150299,1.0,0.005002961286217301,5.18046046332852E-4,0.0021194619484497445,0.006243789859106354,0.014027883245736502,0.0021133422751196075,7.792056316010364E-4,0.05068178072912499,0.004198759261505895,0.004159516743385217,0.0012692393541818832,0.006881237017455139,0.005927186068949314,0.00779550283460956,0.007692433107010113,0.0036980638390166276,0.010071280766141001,0.0057198418338504035,0.002760867184090075,0.00627496430594565,0.0026604257892759863,0.008082730335557389,0.007908466002218556,0.019573611378501547,0.002835406756134495,0.0015151620135685166,0.009689091067348802,0.0014595217264606335,0.010211022251609664,0.001550225037038696,0.003365209946841605,0.004303063463836173,0.0032472019420469365,0.005935575682096782,0.007904330554890896,0.007144552383231043,0.004788017950797357,0.004645451806545733,0.004877520410399376,0.002857306094792549,0.008032553018912057,0.008412989428045498,0.013198809864946572,0.0013024328883289988,0.0024227672788654357,0.0016412125537973478,0.020040929493771772],[0.0317538264631268,0.001773727178747884,0.001794426696866463,0.0035589655319207903,1.8678607164270662E-4,0.009658895679332383,0.0026011688273633446,0.005002961286217301,1.0,0.001384567547089034,0.0021120938175651343,5.701440453396236E-4,0.002469276630794165,0.001776776847451111,4.4734197569701615E-4,0.07504085565810345,0.001838834644776321,4.6892773790270027E-4,0.001220005796335569,0.001497262948981139,7.468652498777884E-4,0.002409701678724527,0.0016856725310537962,9.628217572307403E-4,0.009993240071195942,0.0022308754249666146,0.0010734046476282657,0.0026687212513282535,0.002383449705727874,2.675501531546171E-4,0.0021262210250628704,0.019905904527972085,5.793120854474452E-4,0.0021763245434369793,0.017056598658346144,9.085974574513054E-4,0.0038259714484833217,0.0022490876064426004,0.0021845136838957065,4.481300624640044E-4,0.001884705478151245,0.0024713078908443434,8.881931080111015E-4,0.003732154602832255,0.0020640745262068376,3.399142881758741E-4,7.860019914781827E-4,3.725920057664477E-4,0.0019208640459334367,0.0016408839964033631,0.019399295427835535,0.0013956713624138136,0.0019993009966210694,0.0013797567871245856,0.019631501559879097],[0.004284975928007139,6.19386180844197E-5,3.7994204314099444E-4,5.419022644652493E-4,9.978994573831016E-5,0.006975260878314124,4.20498756119424E-4,5.18046046332852E-4,0.001384567547089034,1.0,9.275682819122073E-4,6.42287986178983E-5,0.01163799588245177,1.6339529443911354E-5,1.0259550061785497E-4,0.02887432108058791,6.523177620693952E-4,3.4699337162336845E-4,7.297117426973428E-5,1.2506191379286862E-4,1.2111997225458919E-5,1.3685314826029557E-4,4.018638249199087E-4,1.7104326040372632E-5,0.009350902671497605,6.872817163701307E-5,1.1124819287441753E-4,0.0018610757315947626,0.0012463920233172284,9.355082862469873E-5,1.2560487373132986E-5,0.021415427203626873,1.3661018211236632E-5,6.933076027468754E-4,0.007413068919146909,8.191378745510493E-5,0.00344374996409158,0.0011426365102888266,0.0014515451001355737,3.517940300356543E-5,2.1720874941656237E-5,0.0026283647845779983,1.681311331588375E-4,0.0036725184962042006,5.4248960024675194E-5,1.3779540598218457E-4,9.057640826858179E-5,6.579747053938734E-5,7.071799919367166E-5,2.1859407046674134E-4,0.017846735542570987,5.302030601109456E-4,1.874680947494564E-4,2.901675939726064E-4,0.011434191823313272],[0.01888247159169852,0.0015284276638270428,0.0015908005866527351,0.0039260860629250095,1.9348245926107137E-4,0.007958488893127813,0.0025970907096129064,0.0021194619484497445,0.0021120938175651343,9.275682819122073E-4,1.0,5.35284230248377E-4,0.007628588491052175,6.112233676581091E-4,0.0014320509801180597,0.08328970729900192,0.0015785089174089036,5.476045099330917E-4,7.271314718423999E-4,0.0012707410648079183,6.366071300121705E-4,0.0020864116461809805,0.0014165087768613159,9.14627158634647E-4,0.010970775502150016,0.00196539222559374,2.0200157562672363E-4,0.002794030338272136,0.0022282190715185862,6.938037740609827E-4,0.0010807190119232722,0.02270137116357209,0.0015170830692883385,0.0016074376616029848,0.01583320820494408,9.932275309224893E-4,0.006209262503025404,0.00153818537765852,0.0015767660207601734,2.3059488672081888E-4,3.4709462837334315E-4,0.0021120405273360324,0.0013192864167474929,0.0023959066183121365,0.0014908001825308663,9.670889318209253E-4,0.0010615568523295372,8.757405523813341E-4,0.001061112795745182,0.0015738807591046775,0.005763518486202757,0.0012484081205394295,5.901615933656878E-4,3.352867518429E-4,0.019099304013403092],[0.01906160694890832,1.4690734489682632E-4,6.726245552244448E-4,6.097019976391787E-4,1.337186404405827E-4,0.005020404908983314,0.0024362525132762135,0.006243789859106354,5.701440453396236E-4,6.42287986178983E-5,5.35284230248377E-4,1.0,0.00691971675672882,2.55706023022019E-5,1.414758499856285E-4,0.07980413419243969,9.253049431389429E-4,1.6542051449703268E-4,1.550802511235815E-4,1.6747214204696767E-4,1.2873839098072228E-4,0.002684381621095423,1.8188250509575016E-4,4.5263038207384674E-5,0.010643706875956407,4.5799204733039357E-4,1.55464310735875E-4,0.0028623275826491967,0.0014604895391229298,1.722455784694835E-4,2.958160701273691E-5,0.006952811988633738,5.578735827941586E-5,7.721970805858901E-4,0.01389061994937543,2.13068237211921E-4,0.00112598435846099,0.0012389102847305093,8.286986141619198E-4,1.2418306404252122E-4,1.479527011684835E-4,0.0039411313315851374,1.6213126056956634E-4,0.00364182699321801,0.0012680826531795252,1.397116691491284E-4,1.5508744936993348E-4,1.290928077065948E-4,2.0705249263518316E-4,1.9015016851342025E-4,0.0029191158800069583,7.70807040438407E-4,2.345381747557685E-4,2.5984221649162376E-4,0.022201617871668168],[0.03645965738555595,0.01117323055845605,0.0016275524847285585,0.00974796134943493,0.006067264721784491,0.012304249319912253,0.009481251498147917,0.014027883245736502,0.002469276630794165,0.01163799588245177,0.007628588491052175,0.00691971675672882,1.0,0.01210706614944373,0.013485477455488977,0.03612127507962995,0.0024041617054258464,0.0012464074493000097,0.0020753336295477407,0.00712679987793911,0.007990508734410394,0.009200711423021205,0.010894377041537055,0.011538078740239788,0.011822410982121513,0.009016291093679869,0.004885879927503874,0.0044482295163751125,0.0031057514364010125,0.005459997697457176,0.012714285534167908,0.018633736767457734,0.012603043588211486,0.008509880400284841,0.016846923462821416,0.0053105407535172545,0.01304798954080866,0.0060409256663911115,0.008808432186314448,0.013308645607391412,0.009877203201779296,0.006620703775716365,0.013102259406841697,0.013852133103031782,0.010328882586453344,0.0035474031661689043,0.001981913932608174,0.007030058139328255,0.008109263439523852,0.011437857246583239,0.02321063113110143,0.010752422592014733,4.585650528955703E-4,0.009604122415644432,0.02033801575088535],[0.017703642363907698,1.0357348303915607E-4,3.4125719102481896E-5,0.004174642364079654,9.705518226281447E-5,0.008280049825072099,9.452168049202795E-4,0.0021133422751196075,0.001776776847451111,1.6339529443911354E-5,6.112233676581091E-4,2.55706023022019E-5,0.01210706614944373,1.0,1.0000722572094423E-4,0.01550054001495582,0.0011962373354710237,2.4940100124995615E-4,2.7821725941270316E-5,6.774264164659204E-5,1.6266295555983736E-5,0.0021181721152276137,6.126259726054861E-4,2.6216301872497446E-5,0.006500949881443653,8.394798460897703E-4,2.4345623727206627E-5,0.0018880073303702,3.5997232471678847E-4,2.2962750836372085E-5,1.7305757857265592E-5,0.007950299734009483,1.924326392392695E-5,6.489745351434847E-4,0.01793875083887615,3.434963030391498E-4,2.5746939211539476E-4,3.38913260253637E-4,5.608499922879383E-4,5.061557985974476E-5,1.354182952790326E-4,0.003133414177985199,7.555355116274684E-5,6.726274654667756E-4,7.535798714675707E-4,1.2252252327033883E-4,1.0031688979085405E-4,5.996078843235363E-5,8.772796910114645E-5,1.2627674167838405E-4,0.021812825193525925,2.3057182443725035E-4,6.967650962629117E-5,2.9118218957538503E-4,0.01804300812493182],[0.03249901630448387,1.0577103390330974E-4,6.694363264606523E-4,0.0039030802568301433,1.1769941515135019E-4,0.008829113338722938,0.0020667579858540674,7.792056316010364E-4,4.4734197569701615E-4,1.0259550061785497E-4,0.0014320509801180597,1.414758499856285E-4,0.013485477455488977,1.0000722572094423E-4,1.0,0.0213257373790325,9.662958162489892E-4,2.6458030571922857E-4,1.2079044459504965E-4,1.7073204701518162E-4,1.105504367798935E-4,0.003336124360081412,1.8033377855017048E-4,1.1258079964675167E-4,0.003697793542474932,0.0021723053185574845,1.377235453506002E-4,8.91120244540506E-4,0.00143236359996137,1.8991231685834559E-4,1.0853355282715218E-4,0.01802272763201217,3.868340296860353E-5,1.2202884336581588E-4,0.006172439968586479,1.5938464346470284E-4,0.002998518969512734,0.0010375550893591489,4.3573159690503134E-4,8.754228460922456E-5,1.4117648842514415E-4,0.0021786808869066108,1.2385356880919034E-4,9.84044224321346E-4,0.0011811190327955907,1.1962970230177104E-4,1.3763724904415834E-4,1.1720111124698266E-4,1.5553874446178528E-4,1.3145725317777868E-4,0.01936259686351843,9.20726873395721E-4,1.6364984644455565E-4,2.397325338493162E-4,0.019098745703987313],[0.06158554164392332,0.012599345367546394,0.047297638760803,0.019611633096705546,0.07571552830278677,0.018434740131792488,0.09354174238014157,0.05068178072912499,0.07504085565810345,0.02887432108058791,0.08328970729900192,0.07980413419243969,0.03612127507962995,0.01550054001495582,0.0213257373790325,1.0,0.037733748112504545,0.04508088825143472,0.03553307013151513,0.03831293951231997,0.04341228278843839,0.05052970389394213,0.04612949251273375,0.047946733955013345,0.0675291041382547,0.09251309878687373,0.03312876589919219,0.031314752486883576,0.09524432921663706,0.04317108533638828,0.0964739110083932,0.032845288095241794,0.033285976072746956,0.03589214369131465,0.03537775091024953,0.029958404826540684,0.08466546286923891,0.02674714004216267,0.04491019602001361,0.0633448108611268,0.09959618612278522,0.03679214305564711,0.07303998296910338,0.0800228746822607,0.00999675040048682,0.08559011981622643,0.09285679016681152,0.05679898873359529,0.04592270432549151,0.03155970176666878,0.04354075458159029,0.09408844622083273,0.08811396457070451,0.05477540181200322,0.07572091131898304],[0.03329106114712747,2.3146322277054572E-4,0.0011178935510941714,0.0036660559972382673,8.020196246673165E-4,0.0024110407893954,0.0020596678651342106,0.004198759261505895,0.001838834644776321,6.523177620693952E-4,0.0015785089174089036,9.253049431389429E-4,0.0024041617054258464,0.0011962373354710237,9.662958162489892E-4,0.037733748112504545,1.0,0.0013679521782054458,0.0015302980731890083,6.237211322043431E-4,0.0010476413072658198,0.001742361245262663,0.0015205469012108633,9.073276528520057E-4,0.006634143211623568,0.0015779703405186904,9.576533448224975E-4,0.0017367405028898583,0.0018219742225067562,0.0013492343580584552,0.0014917666382625585,0.0017863776428427693,9.425310648457913E-4,0.0010774121273205966,0.0077770955517479715,8.070562562257564E-4,0.007842955838230345,0.001540468799093784,0.0015036023942008672,0.001133123999429825,4.0374430765173464E-4,0.0017222105861666819,7.190877206608322E-4,0.002554789285789723,0.0014755159147421591,2.2050603994941637E-4,0.001010891894139783,0.0011177101028580182,0.0010676912938438993,0.0010685300035959515,0.018829598412002907,0.0014202088976264001,9.442648922559555E-4,4.993500444095043E-4,0.01028754857635139],[0.013115903975370654,3.776765811107946E-4,3.88179941479131E-4,0.0031371824489767127,2.2751358426744095E-4,0.004812902057380261,0.0012918990406202279,0.004159516743385217,4.6892773790270027E-4,3.4699337162336845E-4,5.476045099330917E-4,1.6542051449703268E-4,0.0012464074493000097,2.4940100124995615E-4,2.6458030571922857E-4,0.04508088825143472,0.0013679521782054458,1.0,3.4986215285340945E-4,2.8024760505996325E-4,3.307328959652396E-4,0.003592913355736597,0.0013482494675203197,2.0521649742084885E-4,0.003875787893797585,6.934218822174667E-4,3.7148075914270615E-4,0.0018658201847839163,0.0015787707292395337,2.4239142800115853E-4,2.9586069808969396E-4,0.017010088298105533,9.300775907970159E-5,0.0010044423510963338,0.009001006617566898,3.7557863470554214E-4,9.634930626931295E-4,5.7347458272828E-4,5.286646846814155E-4,3.318915211801681E-4,1.7567517083789372E-4,0.001242127780444889,2.751351087833152E-4,0.0021845289581931206,0.0012315688397814702,2.592589840422574E-4,1.8893847242855573E-4,2.6684205335683543E-4,3.7325854888661575E-4,3.335673682307899E-4,0.021554301020569832,0.0011475183701600044,3.699477573566515E-4,3.4386828506173626E-4,0.00940888300373983],[0.0012674405403378488,1.3344279351154253E-4,1.4282989885807686E-4,0.00279431280218408,1.2914485192023567E-4,0.0062793458334688265,0.001824291574004948,0.0012692393541818832,0.001220005796335569,7.297117426973428E-5,7.271314718423999E-4,1.550802511235815E-4,0.0020753336295477407,2.7821725941270316E-5,1.2079044459504965E-4,0.03553307013151513,0.0015302980731890083,3.4986215285340945E-4,1.0,1.4072403183511416E-4,1.1859224909158286E-4,0.002848005881084954,6.337677608413917E-4,5.866727298939769E-5,0.0018172947494001267,7.464546261735356E-4,1.452192637118224E-4,0.0025819777714006483,4.6153018816264446E-4,1.4281982369500164E-4,6.59981312170645E-5,0.016970908268763542,7.269256679969934E-5,4.523321658471309E-4,0.0077804770720439126,1.5056322896358915E-4,0.007289300405749887,4.430522687348239E-4,7.524977504830215E-4,1.139014372783857E-4,1.4467423982507792E-4,0.001791651910312111,1.6785336325518982E-4,0.0031866601262562333,6.793393156179897E-4,1.3807330269167796E-4,1.4400524088523475E-4,1.235357325615094E-4,2.269679074794084E-4,1.4863519811445766E-4,0.001624423524207877,0.0010586867156290708,2.9429522598835506E-4,2.847269302732246E-4,8.129664429770704E-4],[0.009219460716983643,1.9031631136457589E-4,3.2574818379938115E-4,0.004716357149456969,1.2293185795699303E-4,0.0010174018323945053,0.00230738637533437,0.006881237017455139,0.001497262948981139,1.2506191379286862E-4,0.0012707410648079183,1.6747214204696767E-4,0.00712679987793911,6.774264164659204E-5,1.7073204701518162E-4,0.03831293951231997,6.237211322043431E-4,2.8024760505996325E-4,1.4072403183511416E-4,1.0,1.262164008131856E-4,0.0019508119625817257,0.0011711835432759946,8.082611309605057E-5,0.0047548863876856725,0.001960261145276139,1.6764237568372593E-4,4.963077921709158E-4,7.116452977514144E-4,1.912227767743372E-4,4.013729441215556E-5,0.01958180061170309,1.7922796696870125E-4,3.683893880256662E-4,0.01012238533357888,2.535102833690247E-4,0.0057866063350881505,7.222413513898312E-4,7.263843454187863E-4,1.834544786034022E-4,1.7928337226544907E-4,0.002530639789691388,1.8771232440619172E-4,9.666513418442018E-4,3.628507907562842E-4,1.5614743701228525E-4,1.7273390384111532E-4,1.5825575380443177E-4,3.2251887293887954E-4,2.1860991232886E-4,0.021126925366319643,9.637464159470675E-4,3.199297007810736E-4,2.9308526640546795E-4,0.003122159136853871],[0.010086011468473583,6.371931363810245E-5,2.5192745838968004E-4,0.0037927687078218976,8.093616522612552E-5,0.008845593883115769,0.0019588541436920816,0.005927186068949314,7.468652498777884E-4,1.2111997225458919E-5,6.366071300121705E-4,1.2873839098072228E-4,0.007990508734410394,1.6266295555983736E-5,1.105504367798935E-4,0.04341228278843839,0.0010476413072658198,3.307328959652396E-4,1.1859224909158286E-4,1.262164008131856E-4,1.0,4.8192217614684616E-4,4.895315283080802E-4,2.339960949493136E-5,0.00329848882651915,0.0013960709163362223,8.874222089825037E-5,6.870622517806245E-5,0.0015475819527767949,6.772974896434293E-5,1.5356594667010685E-5,0.006733355381865044,1.511882016594886E-5,9.339814702521352E-4,0.0016434528966160565,3.0596738500799926E-4,0.003253233139137469,0.0010923865807689391,0.0011653466310172045,1.4571061130549499E-5,1.3449075376305156E-4,0.003578491498370116,3.448845184659555E-5,2.0566307448666418E-4,7.732965793441457E-4,1.6411717955551373E-5,5.528044878220465E-5,1.5326644538829276E-5,2.388527054025801E-4,2.2139923169075358E-4,0.007211980313468747,0.0011622928173948138,3.614469419451041E-5,5.833018912312202E-5,0.021828604058921623],[0.014018364870043033,0.002284775329599795,0.0037174816513555315,0.004685410086818789,9.82713381806326E-4,0.00882399677092145,0.0038734875093018872,0.00779550283460956,0.002409701678724527,1.3685314826029557E-4,0.0020864116461809805,0.002684381621095423,0.009200711423021205,0.0021181721152276137,0.003336124360081412,0.05052970389394213,0.001742361245262663,0.003592913355736597,0.002848005881084954,0.0019508119625817257,4.8192217614684616E-4,1.0,0.001716248361650817,0.004157301111674479,0.007029966811715447,0.004072095741859955,0.0017994950826477074,0.0032988404435700864,0.0038647440730842347,8.778597162866156E-4,0.003703779617776802,0.004414207942155649,9.604729065549722E-4,0.0031504954089408553,0.004816086799763911,0.0023424253513127566,0.009634247111461974,0.0016558643274323162,0.0018393169475742148,0.003598321390708676,0.0025915942593330195,0.004068965127188503,0.002677994407767053,0.004061750813271206,0.003597520494959842,0.004014740028034557,0.0013398512700433442,8.692964115780824E-4,4.4535907275189423E-4,0.0031549346274765706,0.01629072680771456,0.002413453436318756,0.003413870160267161,0.0028443915804941193,0.008679352594016105],[0.030260220699905045,3.558467459016211E-4,0.0011371125677008692,0.003359098374542886,3.158894370070671E-4,0.005649822716776482,0.002641633479847725,0.007692433107010113,0.0016856725310537962,4.018638249199087E-4,0.0014165087768613159,1.8188250509575016E-4,0.010894377041537055,6.126259726054861E-4,1.8033377855017048E-4,0.04612949251273375,0.0015205469012108633,0.0013482494675203197,6.337677608413917E-4,0.0011711835432759946,4.895315283080802E-4,0.001716248361650817,1.0,8.467564488578994E-4,0.004670980142869192,0.0016262493963366878,1.7427075178175016E-4,0.0026882411218951486,0.0015746525460530363,3.013369857716758E-4,0.0012005919023609498,0.019568683837277213,7.503329943757297E-4,0.0013506947926710236,0.002229410032411944,0.001312738976849502,0.006388447908180842,0.0014424517409195035,0.0014337861555714522,0.001328017216595801,0.001063386779356265,0.003339570432375429,2.3810350064867308E-4,0.0027091395661234616,0.0013628094839787555,0.0010297012861284038,4.4761182498216016E-4,9.180841696370381E-4,0.00128919366094182,0.0013867182751309888,0.00937107998269451,0.0013769420843610753,0.0012768019593436515,4.62976517773468E-4,0.016210760431588492],[0.018223963279327467,4.199617600753743E-5,2.9715257099780467E-4,0.0025487634758651007,1.1836795918051408E-4,0.007549104876320904,0.0012236634146141803,0.0036980638390166276,9.628217572307403E-4,1.7104326040372632E-5,9.14627158634647E-4,4.5263038207384674E-5,0.011538078740239788,2.6216301872497446E-5,1.1258079964675167E-4,0.047946733955013345,9.073276528520057E-4,2.0521649742084885E-4,5.866727298939769E-5,8.082611309605057E-5,2.339960949493136E-5,0.004157301111674479,8.467564488578994E-4,1.0,0.00897126129802841,0.0022031906847371115,4.975959995832667E-5,5.366462822374108E-4,5.304369049273591E-4,1.1780485253511488E-4,2.4050523326785934E-5,0.020805577153059807,1.7436695089230074E-5,8.987955950456749E-4,0.012381834382551178,1.071843335781904E-4,0.009141778591626215,2.785368967348767E-4,3.361745961468231E-4,3.983424189116322E-5,2.750195195027617E-5,0.003535589825506574,2.6640896555325283E-5,0.003616997180263971,8.625036500028825E-4,7.8508993117612E-5,4.428147721635723E-5,1.1361270135066454E-4,1.1115186287007829E-4,6.626179028205058E-5,0.022897451697088074,2.087870531132888E-4,9.503956219004487E-5,1.5988457099647355E-4,0.015794412162407925],[0.028235603926233553,0.008031928162783345,0.008436449923167898,0.00819071500215123,0.0023974806385791275,0.009850039456814912,0.010425284019171028,0.010071280766141001,0.009993240071195942,0.009350902671497605,0.010970775502150016,0.010643706875956407,0.011822410982121513,0.006500949881443653,0.003697793542474932,0.0675291041382547,0.006634143211623568,0.003875787893797585,0.0018172947494001267,0.0047548863876856725,0.00329848882651915,0.007029966811715447,0.004670980142869192,0.00897126129802841,1.0,0.008892683089157962,0.006262542389049135,0.004308762019536714,0.006161297511740986,0.005415678458798331,0.008159731712769671,0.01716260847549417,0.006141210899527285,0.007482237577220987,0.019590455792802677,0.0031715037522682833,0.011077982096166611,0.00825232326226275,0.006842186674104847,3.2372002193610685E-4,0.009065684240376737,0.00800334831540861,0.0013198900145551687,0.00781828435199097,0.004038018975617605,0.004138653408185747,4.5369727114144754E-4,0.008683520589122569,6.680597410378911E-4,0.0033992556613547643,0.01634408734846361,0.005876070107397316,0.0017470093157372427,0.007544254303095436,0.011555115522441],[0.02745332408060799,5.200564329930086E-4,9.466784526426788E-4,0.0033232863519569856,9.362961577383867E-4,0.005269954202830928,0.002784340634856275,0.0057198418338504035,0.0022308754249666146,6.872817163701307E-5,0.00196539222559374,4.5799204733039357E-4,0.009016291093679869,8.394798460897703E-4,0.0021723053185574845,0.09251309878687373,0.0015779703405186904,6.934218822174667E-4,7.464546261735356E-4,0.001960261145276139,0.0013960709163362223,0.004072095741859955,0.0016262493963366878,0.0022031906847371115,0.008892683089157962,1.0,0.0018896925245206267,0.0027328494636017875,0.002300028496703234,2.7646177813834226E-4,0.0015693184099914033,0.012504152244398334,0.0018204058807846353,0.002046971768165805,0.012933600729487302,4.6535377254125455E-4,0.008926350013930108,0.002067566091490281,0.0015049890860957815,4.6455800640621964E-4,0.0018257415114318737,0.0033989548575779427,0.001105348972092854,0.002607000855000553,0.0014797033808930757,0.00138306523220812,0.001981738688538762,0.002029422471981062,6.032304855180944E-4,0.0017428165225998984,0.008947978219559158,0.001203655599718837,9.406017520346322E-4,0.0010293181411189767,0.013043845522085372],[0.004090802287594662,1.4862851613129492E-4,4.2749036934616844E-4,0.005424019410739768,1.4150572963112456E-4,0.00774378289475286,0.0024141673235702314,0.002760867184090075,0.0010734046476282657,1.1124819287441753E-4,2.0200157562672363E-4,1.55464310735875E-4,0.004885879927503874,2.4345623727206627E-5,1.377235453506002E-4,0.03312876589919219,9.576533448224975E-4,3.7148075914270615E-4,1.452192637118224E-4,1.6764237568372593E-4,8.874222089825037E-5,0.0017994950826477074,1.7427075178175016E-4,4.975959995832667E-5,0.006262542389049135,0.0018896925245206267,1.0,0.002182266798989301,0.002401767469122275,1.5884085761630479E-4,1.228912051610589E-4,0.020087451193497474,1.1251658206114954E-4,9.164891485742084E-4,0.008989627068013414,2.7075841559999817E-4,0.007726195263783169,0.0011619564051962008,1.965420750422284E-4,1.0210668970308262E-4,1.5331549536460462E-4,8.635905670116946E-4,1.6710613011676262E-4,0.0019040119586465406,2.7240302636411147E-4,1.3970638984428494E-4,1.4727779109433242E-4,1.4190032140405225E-4,2.1032976066832093E-4,1.939579367325422E-4,3.06606504124869E-4,5.764004859962622E-4,1.7787233108589916E-4,2.6081575437344497E-4,0.0104352613343577],[0.02358385106888889,0.0017060376873350093,0.0020161306598677014,0.005217015258461206,0.0025161511766886684,0.006751554924903715,0.0028876530365833904,0.00627496430594565,0.0026687212513282535,0.0018610757315947626,0.002794030338272136,0.0028623275826491967,0.0044482295163751125,0.0018880073303702,8.91120244540506E-4,0.031314752486883576,0.0017367405028898583,0.0018658201847839163,0.0025819777714006483,4.963077921709158E-4,6.870622517806245E-5,0.0032988404435700864,0.0026882411218951486,5.366462822374108E-4,0.004308762019536714,0.0027328494636017875,0.002182266798989301,1.0,0.002781052223477716,2.759106234354295E-4,7.427873879649276E-4,0.006770033660115679,0.0013184638252352642,0.002114350864714706,0.008919413640842783,4.15937117855845E-4,0.008787218167506983,0.0017353687869142845,0.0025210973268159384,0.0017366156656821107,0.0016271155183592506,0.0038091192814668513,0.0013271323967610211,0.00326314175058928,0.0020169166741234815,4.6229431611448466E-4,0.0021070399014651168,0.001520612223798402,0.0016103610123264162,0.001291813351635923,0.006127196803610338,0.0017656774022869884,0.0018956475939435672,0.0012639314398654585,0.01142290583421614],[0.01424205656597322,0.0010118192715687564,9.297157208742787E-4,0.005392678111890662,2.9999644456869324E-4,0.009493259600132678,0.002532867438128721,0.0026604257892759863,0.002383449705727874,0.0012463920233172284,0.0022282190715185862,0.0014604895391229298,0.0031057514364010125,3.5997232471678847E-4,0.00143236359996137,0.09524432921663706,0.0018219742225067562,0.0015787707292395337,4.6153018816264446E-4,7.116452977514144E-4,0.0015475819527767949,0.0038647440730842347,0.0015746525460530363,5.304369049273591E-4,0.006161297511740986,0.002300028496703234,0.002401767469122275,0.002781052223477716,1.0,9.722517516945337E-4,0.0017848619670608307,0.002905266147150859,0.0011814127875965264,0.0013841971816817653,0.004393056967662834,8.23841425393985E-4,0.004797460046944493,0.0018920484272847457,0.002374722634813773,0.0017572909981950866,0.0012700727535386103,0.0025687869750811087,0.001425867872268026,0.0027909397145098546,0.0013531306850642437,5.781953516943852E-4,0.001381079962519184,0.002157935192861042,0.0024232201344296204,0.0017689657194791038,0.020256388279158318,0.001567275939491482,0.0015974261103520228,0.00244408613521839,0.006213776772752385],[0.016836313641941193,2.1111318876033104E-4,4.694538315524973E-4,0.003137255014574186,1.6471493481847084E-4,0.009646941495024038,0.0011451423543400365,0.008082730335557389,2.675501531546171E-4,9.355082862469873E-5,6.938037740609827E-4,1.722455784694835E-4,0.005459997697457176,2.2962750836372085E-5,1.8991231685834559E-4,0.04317108533638828,0.0013492343580584552,2.4239142800115853E-4,1.4281982369500164E-4,1.912227767743372E-4,6.772974896434293E-5,8.778597162866156E-4,3.013369857716758E-4,1.1780485253511488E-4,0.005415678458798331,2.7646177813834226E-4,1.5884085761630479E-4,2.759106234354295E-4,9.722517516945337E-4,1.0,5.0698414322088893E-5,0.01691120931161747,1.2629900336987888E-4,5.182853183588536E-4,0.01485493846174429,3.2993578456300506E-4,0.002693608898989212,0.001196570292013004,4.5150805298265417E-4,1.0859637012206397E-4,2.096957896679771E-4,0.003584322294493043,2.2623702251105252E-4,0.0036043079315177594,4.898402871596532E-4,1.5783324135295695E-4,2.077346668659732E-4,2.307533750916972E-4,2.477310430292659E-4,2.301537027315037E-4,0.01286707817224233,9.944510241775987E-4,3.2711526602660754E-4,2.698908913145922E-4,0.009518964952842997],[0.036552136015291586,5.894149237302719E-5,5.801209551984625E-5,0.0035474442765857134,9.016868243716934E-5,0.008523065349697698,0.0024654324596642186,0.007908466002218556,0.0021262210250628704,1.2560487373132986E-5,0.0010807190119232722,2.958160701273691E-5,0.012714285534167908,1.7305757857265592E-5,1.0853355282715218E-4,0.0964739110083932,0.0014917666382625585,2.9586069808969396E-4,6.59981312170645E-5,4.013729441215556E-5,1.5356594667010685E-5,0.003703779617776802,0.0012005919023609498,2.4050523326785934E-5,0.008159731712769671,0.0015693184099914033,1.228912051610589E-4,7.427873879649276E-4,0.0017848619670608307,5.0698414322088893E-5,1.0,0.0024263665091557927,1.5776978983372165E-5,9.560032266109523E-4,0.005143282318632516,2.953975216338525E-4,0.010025641300573493,4.748378970360531E-4,1.3648559045973825E-4,2.2233588311025152E-5,1.0406172551164819E-4,0.0026966550642784906,1.1125950459648012E-4,0.0017877445424200977,0.0013106825018408272,2.968380602394503E-5,1.2440757490994316E-4,2.424064107040782E-5,2.2416310183046275E-4,1.0328839166909427E-4,0.00793616015084728,3.527168953463598E-5,1.8219998477828888E-4,2.567216719637541E-4,0.019235781616226612],[0.02900104528630886,0.0075572839464044,0.0015567759715632,0.016526811556131456,0.00882586064364385,0.018763166294497077,0.004307718115921754,0.019573611378501547,0.019905904527972085,0.021415427203626873,0.02270137116357209,0.006952811988633738,0.018633736767457734,0.007950299734009483,0.01802272763201217,0.032845288095241794,0.0017863776428427693,0.017010088298105533,0.016970908268763542,0.01958180061170309,0.006733355381865044,0.004414207942155649,0.019568683837277213,0.020805577153059807,0.01716260847549417,0.012504152244398334,0.020087451193497474,0.006770033660115679,0.002905266147150859,0.01691120931161747,0.0024263665091557927,1.0,0.02245249015896625,0.009218562339108333,0.02018297065986295,0.017524097469637692,0.012118934413468604,0.005388283071867705,0.018778271789175984,0.009502474422686067,0.020465466894946587,0.01949947403537254,0.019121774177954073,0.012726590508892143,0.010241234497325115,0.00346387882360982,0.010895315816984642,0.022174234843747597,0.01644799546647517,0.005512191204020558,0.024657109477556692,0.0014507382373396686,0.0032034854101658256,0.019520752632441213,0.022794478099825564],[0.008844400485474578,5.8241027785857965E-5,5.792362371047558E-4,0.005608802679675126,5.3933817631303666E-5,0.00796389596641703,3.4801807960150097E-4,0.002835406756134495,5.793120854474452E-4,1.3661018211236632E-5,0.0015170830692883385,5.578735827941586E-5,0.012603043588211486,1.924326392392695E-5,3.868340296860353E-5,0.033285976072746956,9.425310648457913E-4,9.300775907970159E-5,7.269256679969934E-5,1.7922796696870125E-4,1.511882016594886E-5,9.604729065549722E-4,7.503329943757297E-4,1.7436695089230074E-5,0.006141210899527285,0.0018204058807846353,1.1251658206114954E-4,0.0013184638252352642,0.0011814127875965264,1.2629900336987888E-4,1.5776978983372165E-5,0.02245249015896625,1.0,5.908101703707869E-4,0.016150945024422502,1.3887124431508552E-4,0.007034153748279492,4.7943786311521063E-4,3.287361993949461E-4,3.9829152202013526E-5,8.130347443809895E-5,8.825545038930801E-4,7.646692931453531E-5,0.0020965789639529474,5.313175258395014E-4,3.112282903914858E-5,8.150209441778982E-5,4.3636477257514596E-5,3.9592072843995765E-5,1.640882154278141E-4,0.02131169412701367,8.890494749985405E-4,1.1508998855530169E-4,2.545355684312498E-4,0.001979717824711771],[0.023730095664279315,4.6939501484885186E-4,9.324044729176568E-4,0.005438921274275145,4.222997736969355E-4,0.0018400421345996453,0.0022653768251305216,0.0015151620135685166,0.0021763245434369793,6.933076027468754E-4,0.0016074376616029848,7.721970805858901E-4,0.008509880400284841,6.489745351434847E-4,1.2202884336581588E-4,0.03589214369131465,0.0010774121273205966,0.0010044423510963338,4.523321658471309E-4,3.683893880256662E-4,9.339814702521352E-4,0.0031504954089408553,0.0013506947926710236,8.987955950456749E-4,0.007482237577220987,0.002046971768165805,9.164891485742084E-4,0.002114350864714706,0.0013841971816817653,5.182853183588536E-4,9.560032266109523E-4,0.009218562339108333,5.908101703707869E-4,1.0,0.0021967602437268493,5.629979873141111E-4,0.009394774215027194,0.0010528367207053013,0.0012971043986409244,8.836837743086597E-4,6.252779799516383E-4,0.002903725944807085,6.957096562858831E-4,0.0012920868318249017,0.0012945649735173583,4.560669719979899E-4,2.653667551547355E-4,5.819122826112359E-4,8.04757382825588E-4,7.57278090452912E-4,0.021475167988973656,0.0011721161045616542,4.2362349417618894E-4,8.539069707638542E-4,0.012485714949823498],[0.026002256170725498,0.003582834892625655,0.007849197719968474,0.006808158491384016,0.005847655558352418,0.01573061775863687,0.009391017111859514,0.009689091067348802,0.017056598658346144,0.007413068919146909,0.01583320820494408,0.01389061994937543,0.016846923462821416,0.01793875083887615,0.006172439968586479,0.03537775091024953,0.0077770955517479715,0.009001006617566898,0.0077804770720439126,0.01012238533357888,0.0016434528966160565,0.004816086799763911,0.002229410032411944,0.012381834382551178,0.019590455792802677,0.012933600729487302,0.008989627068013414,0.008919413640842783,0.004393056967662834,0.01485493846174429,0.005143282318632516,0.02018297065986295,0.016150945024422502,0.0021967602437268493,1.0,0.005727263091861212,0.016178143582036945,0.0139189421951366,0.01982741932712048,0.01566482533936205,0.014808881198757555,0.0062650