[[1.0,0.004835896802959274,1.1792405019418314E-5,2.646203714346097E-4,0.007074512093035465,1.1442064228396439E-5,1.565990130947727E-4,1.4846322096259058E-5,3.4541133604506466E-5,1.1364791390643014E-5,7.845181076777979E-5,1.0923660995620033E-5,0.026189580336081097,0.0031012993852714728,4.513857903347401E-4,4.0280708020032936E-5,8.780951803877541E-5,4.5695589137940786E-5,2.1309778927013206E-4,2.6453512066360757E-4,3.673697275490202E-4,7.69534457107747E-5,6.126234702671764E-4,2.4821579595954007E-5,1.2358448187615667E-4,1.2441487897104638E-4,1.2754475074547362E-5,0.016813406680995895,0.001071685942409603,0.06259387595491653,2.802038500953707E-4,0.0010569030664764017,0.008269860294784017,2.891762868347935E-5,2.2760263641962501E-4,0.0013997234211464904,0.003004095118595399,0.005449951383378019,2.9913153823030675E-5,1.2682028193210893E-5,5.791212656691072E-4,0.006080086484383618,3.072643178050975E-5,1.1071686982829215E-5,8.997374590400864E-4,1.0544699556962152E-5,1.6437267048716896E-5,2.079248102085651E-5,1.7375956201110132E-5,0.005186236432097767],[0.004835896802959274,1.0,0.006734520292655763,0.005413131474197399,0.013630305483896045,0.004288085491715728,0.005442370395321389,0.007066588762617928,8.087905617532573E-4,0.0013821628274311279,0.004158724389769981,0.009216597310039234,0.02841975138374217,0.012940742531511715,0.006675119454137939,0.010153547994457125,0.005997640408029656,0.006461590811076563,0.003490549508998175,0.00800760558911635,0.00211387746146633,0.0052066513266893575,0.011220151133715644,0.002010889700562236,0.00901015372164346,0.01100058813534789,0.001341025449704908,0.014718604430176802,0.00589097505817043,0.018634456411191696,0.01390809193731224,0.010263792179286833,0.015087295981024687,0.010862500679121216,0.007425705119040228,0.010103290821778762,0.011018049455736065,0.014484975821357925,0.0025416705190440705,0.003943568044994918,0.01087832945384293,0.014080559278800187,0.009259681275133215,0.009776482758794966,0.011144853305182195,0.00535974441927843,0.009093316989561891,0.001568394757603336,0.013288805229152753,0.0075762614127682405],[1.1792405019418314E-5,0.006734520292655763,1.0,0.001581128222936888,0.007330898236007616,1.1961232193621988E-5,1.3737308923163146E-4,2.3129875298452796E-5,1.55520193304979E-4,1.2283563358084057E-5,4.4606198752731164E-5,1.1432907995580679E-5,0.028479584362173863,0.004333001507375653,0.0029072866527289827,1.360474632314776E-4,1.278856345125687E-4,2.6352975978850052E-5,1.642551002343131E-4,1.543481386360511E-4,9.295734345808112E-5,8.596523420355205E-5,0.009986646428035175,2.8438930144908298E-5,4.6179586810383684E-4,2.35233779521264E-5,2.1854783532156235E-5,0.004768062335411006,0.0014326135426935037,0.028105520312239896,0.0013488599642079125,4.8343569533350025E-4,0.003331072193063821,3.419233613662837E-5,0.005509624207531144,7.806749494497448E-4,0.0011123541388063846,0.004671304349477192,5.961211919779911E-5,5.461026593873531E-5,8.941422363007576E-4,0.0037201098257644283,2.814952587998705E-5,1.0652983048684458E-5,1.2749901521543513E-4,1.248908806927592E-5,1.8685245063348068E-5,9.89727391845339E-5,1.7794215354786415E-5,0.004681893693374559],[2.646203714346097E-4,0.005413131474197399,0.001581128222936888,1.0,0.004227102958869367,0.0018237004821281245,0.001793514564847597,1.1171900026401833E-4,7.577816675885846E-4,7.288128918210907E-4,0.0012050500355102213,0.0017809468566600658,0.012527570250683503,0.004911776841900832,0.002630706741430971,1.832435519306441E-4,5.825933716705516E-4,4.4056605617686837E-4,6.096417215331613E-4,0.001823750701709783,0.0010507282742112716,0.0017131812123756028,0.006649596134960892,0.0017018929300251348,0.0018714830182542726,0.0013747588893000798,0.0010556865567169422,0.006616606159798116,0.0016669306309928897,0.05061197596027359,0.001885356093695267,0.0018839147031332432,0.0056144663714419885,1.1367680409750646E-4,0.0026417178171595362,0.002069691386268843,0.0026007803207842863,0.012775303013406772,0.0016005160662315354,7.127702747018445E-4,0.0016001722570558403,0.009807878099805819,9.704772165266217E-4,0.0016769367796463932,0.0018949576431081148,9.629770668234924E-4,9.846164704309624E-4,2.1586942646425688E-4,0.0011107396724781278,0.0036139595710676818],[0.007074512093035465,0.013630305483896045,0.007330898236007616,0.004227102958869367,1.0,0.009572621063089098,0.008393589591632123,0.006583253076528194,0.0024724485915346593,0.004736055464064351,0.003156098507993283,0.0022193130181201036,0.05869231426385733,0.0065500124908375,0.0050620258719530214,0.0012170818874524551,0.003070832736806603,0.0022402324032235405,0.002955017555182805,0.011018206702093957,0.0057884212117315465,0.006231471925510042,0.010794842114638301,0.010975718883839457,0.006496439052654927,0.010393326613252487,0.0037629602912461102,0.01720647130529046,0.011588362901903093,0.030144875350629444,0.0021663021156530056,0.00538431130037219,0.01574839005385465,0.01030517046672506,0.011089346672957719,0.008872601085847743,0.006018884967617239,0.01321893354236752,0.008130801452161909,0.01256618379944234,0.006485510980977209,0.012896179464242843,0.0053979146075576545,0.001241466629903947,0.006785800114784018,0.007116043600877218,0.009875807893490594,0.004394737572840609,1.954087377713574E-4,0.012465722411005506],[1.1442064228396439E-5,0.004288085491715728,1.1961232193621988E-5,0.0018237004821281245,0.009572621063089098,1.0,6.269772783804725E-5,1.3957351367688319E-5,2.209979552297297E-4,1.022520330772313E-5,1.2402553612649912E-4,1.0861074159636224E-5,0.024092105500979344,0.0017397187542756622,7.60562043603495E-5,1.1565388372483409E-4,3.827481612684801E-5,5.9170734305656866E-5,1.1060702588428657E-4,0.001196244301413551,2.2734427541116987E-4,9.823121708742513E-5,0.002620462289504447,4.405035278233302E-5,0.001258444843833268,1.1165931140827062E-5,1.1189865476445316E-5,0.01814328513323526,7.631052909604006E-4,0.03582842899010869,5.353212378800249E-5,0.001118420656046309,0.012899219550455546,2.446924567571753E-5,0.006443482063696479,9.638015176461995E-4,0.0011918372504119074,0.006229155198612823,2.1772949534657324E-5,2.511850626162021E-5,3.140814570818072E-4,0.008305094534056447,6.205414707980211E-5,1.0105222900434701E-5,0.0013487353983394146,1.02321496511638E-5,1.0378769374372689E-5,1.0277401186217985E-4,1.6066131591802954E-5,0.0033958446009593954],[1.565990130947727E-4,0.005442370395321389,1.3737308923163146E-4,0.001793514564847597,0.008393589591632123,6.269772783804725E-5,1.0,1.0459618033841696E-4,2.579353560668538E-4,1.2250350221295323E-4,2.089483426317252E-4,5.6925170427011745E-5,0.033182529291900284,0.004208290401744574,0.0017260726969282334,1.6274759377647832E-4,1.639906010513107E-4,6.958201818998409E-5,2.60349730311977E-4,1.937253344078901E-4,1.9853530897798877E-4,1.4372104458221116E-4,2.354652204370653E-4,1.124406583440639E-4,0.0011987264352645356,1.4921061584918116E-4,4.486988581421145E-5,0.007343990714461586,0.0010544844435825744,0.031099475384933142,2.9010046474928946E-4,0.001648211661905135,0.011834362629492523,6.6537622667396E-5,0.0037032565808785525,0.0010601441117835857,0.003229615657610398,0.01836790418026366,1.2509441691362048E-4,1.349174101677311E-4,7.517420789926907E-4,0.008853776847579192,1.4761406855629553E-4,6.342172087499341E-5,0.001578821984672114,1.2912798863572018E-4,1.0434032347389141E-4,1.923530970952903E-4,1.3918995588655E-4,0.004361275307296115],[1.4846322096259058E-5,0.007066588762617928,2.3129875298452796E-5,1.1171900026401833E-4,0.006583253076528194,1.3957351367688319E-5,1.0459618033841696E-4,1.0,6.262321670945118E-5,2.31756766882834E-5,1.8793855354978862E-4,1.4750904935075445E-5,0.01258492152401944,9.455647991978673E-4,6.855771397207015E-4,1.2125950621944376E-4,1.057461524236021E-4,5.730575965754649E-5,2.4355759834114037E-4,0.0011966685241076584,2.3106847009686757E-4,8.826160081774408E-5,0.009907703390628747,2.3730867591440064E-5,4.2264058391312397E-4,1.0321465605122703E-4,2.351814479586401E-5,0.013477567282916181,0.0011216724573224785,0.06314064570798723,0.0014677003682697259,0.0017319346475601284,0.010707534806218647,2.468741969657987E-5,0.002483550781968877,0.0027148871187785764,0.0033986298787732953,0.01191331324466276,7.61923955145856E-5,6.514139453293343E-5,6.075641327577064E-4,0.009485846435623349,6.832528160920722E-5,1.2268208306503064E-5,0.0015205212722346115,1.1246181761252993E-5,2.126915856782687E-5,8.643382966660896E-5,2.2423826679972454E-5,0.005829405176486367],[3.4541133604506466E-5,8.087905617532573E-4,1.55520193304979E-4,7.577816675885846E-4,0.0024724485915346593,2.209979552297297E-4,2.579353560668538E-4,6.262321670945118E-5,1.0,4.4711202713235134E-5,2.70050274543654E-4,1.1426881925406283E-4,0.007617756079168482,0.0041472579749641005,0.0028796687530241024,1.5575081665811515E-4,2.0075960987941412E-4,1.9448211357830377E-4,3.4938127699155167E-4,4.8789807878661244E-4,3.684116494804384E-4,1.6681667918299904E-4,0.008418899120734685,1.0288690090040363E-4,6.165186600114909E-4,1.9451037101472776E-4,1.7827887893947302E-4,0.017129964607416344,4.4343876477835717E-4,0.060354448899478906,4.2946410625328867E-4,0.0017558059369508446,0.013217651876258346,2.3180217292419986E-4,0.0018490488260617679,4.96338974526254E-4,0.002018841966671035,0.01712657922233619,2.6886817537381125E-4,1.5888447499090536E-4,4.059469979675041E-4,0.011898645471152467,1.7678159485617293E-4,1.4544896162079483E-4,3.45541398066719E-4,2.524942065449555E-4,1.3035185665201054E-4,2.1105365640386884E-4,1.0419290250840752E-4,0.00640652428478007],[1.1364791390643014E-5,0.0013821628274311279,1.2283563358084057E-5,7.288128918210907E-4,0.004736055464064351,1.022520330772313E-5,1.2250350221295323E-4,2.31756766882834E-5,4.4711202713235134E-5,1.0,2.138190702858788E-4,1.0919908195942082E-5,0.0019528858665429484,0.0022119588141663593,0.0021489111646413213,6.708502096229502E-5,5.489475823441526E-5,2.7879652778208754E-5,8.333436356030569E-5,7.688231030213024E-4,3.02868911356737E-4,1.3685581636982086E-5,0.004849707313633288,2.7757240485518813E-5,7.244151999788151E-4,6.0130661626463315E-5,2.5074775588914616E-5,0.014054482764011639,5.824170576571123E-4,0.0048273073596584795,9.291718743618744E-4,6.527520854357591E-4,0.015250501593378284,3.2472442878226E-5,0.0015950142703470027,8.13932510473986E-4,7.821069816259719E-4,0.017220962656719668,4.974557243115219E-5,3.902033697756776E-5,4.935481189255732E-4,0.009465641473340971,6.609340100231644E-5,1.077327541905068E-5,0.0013562392912263464,1.0678314960901134E-5,1.7425750665778113E-5,2.876242450824406E-5,1.7461093353522057E-5,0.0015978182684229863],[7.845181076777979E-5,0.004158724389769981,4.4606198752731164E-5,0.0012050500355102213,0.003156098507993283,1.2402553612649912E-4,2.089483426317252E-4,1.8793855354978862E-4,2.70050274543654E-4,2.138190702858788E-4,1.0,4.5154674872063115E-5,0.056331565081972464,0.005116667690753837,8.402882858078438E-4,1.6568270675847095E-4,1.402915326463841E-4,1.8813846183547012E-4,2.514553522845358E-4,0.0014864863115901332,2.5451322285449223E-4,1.861622023377882E-4,0.0021377289655830772,2.2971682780898668E-4,0.001093184916679816,2.0672119027535216E-4,8.878349402270384E-5,0.0074012501367124485,0.0010025415744467747,0.06626609661740368,3.5227337873409786E-4,0.0013739035951613866,0.011695571969998275,1.4107242395452267E-4,0.0028356303235600503,0.001089045435775225,0.0028775204356966374,0.009862256446395526,2.0635710906258953E-4,2.3704191196172937E-4,4.5974294141719134E-4,0.008883043489851706,2.2249158324903802E-4,8.97353499767701E-5,0.001377175421819696,7.62918480297909E-5,2.0154890380965317E-4,2.2368513423855544E-4,1.5302386634312077E-4,0.003377847049390443],[1.0923660995620033E-5,0.009216597310039234,1.1432907995580679E-5,0.0017809468566600658,0.0022193130181201036,1.0861074159636224E-5,5.6925170427011745E-5,1.4750904935075445E-5,1.1426881925406283E-4,1.0919908195942082E-5,4.5154674872063115E-5,1.0,0.026411247521248717,0.004921968679363358,0.002889121221171964,8.582930182258883E-5,1.3019016290218003E-4,5.750104645935518E-5,2.7793596072230747E-4,0.0013506420810126926,2.8558266506790373E-4,7.496748028314232E-5,0.0017466034779450921,5.280172628151311E-5,0.001137534505562803,1.365226392847771E-4,2.0889572896130166E-5,0.003350717292074634,6.792685075140646E-4,0.06846312790571815,4.388450744724859E-4,0.001036569342007113,0.008927844872692367,3.070711229983613E-5,0.003966947301178429,0.003009965102343291,0.001294208691160154,0.008299326802719116,4.7344383136409256E-5,7.575417867114272E-5,5.02616358593908E-4,0.009335905056080514,1.0603278357892716E-4,1.035003807906406E-5,0.0020032604295465847,1.0644256627301959E-5,1.3820774077589226E-5,4.963803775823428E-5,1.6062196916689114E-5,0.003476321081981038],[0.026189580336081097,0.02841975138374217,0.028479584362173863,0.012527570250683503,0.05869231426385733,0.024092105500979344,0.033182529291900284,0.01258492152401944,0.007617756079168482,0.0019528858665429484,0.056331565081972464,0.026411247521248717,1.0,0.05650411821391442,0.015207087266829015,0.023660017491843023,0.0392706866313748,0.04067875246393244,0.012149766152809743,0.01407718195336608,0.038055061999674435,0.03968991411298882,0.05647067370152838,0.0560151664658768,0.02507572273075339,0.025207251479697823,0.0035541203843308714,0.033552032063985125,0.02327692723134125,0.060084788882319336,0.055873568054575475,0.039032583869519556,0.033722137594105354,0.056044573194936984,0.02207279980989934,0.02892343708885419,0.008967324453934401,0.05113755574447244,0.008957905466379255,0.007850910067677283,0.011833383788881782,0.014332573205499511,0.035120934710088966,0.040715529566967314,0.01678011823422474,0.014924174259611426,0.01982200875782533,0.014816897856606195,5.745268050644532E-4,0.03227250094414817],[0.0031012993852714728,0.012940742531511715,0.004333001507375653,0.004911776841900832,0.0065500124908375,0.0017397187542756622,0.004208290401744574,9.455647991978673E-4,0.0041472579749641005,0.0022119588141663593,0.005116667690753837,0.004921968679363358,0.05650411821391442,1.0,0.0057355789462686015,0.0025526035286707036,0.00546197495908308,0.006014020576770887,6.460863811630988E-4,0.00450796609314145,0.002021646728965747,0.0038411325796063713,0.007317534014120148,0.005514228281729279,0.0022302572494901176,0.0016871436081409574,3.168701281672923E-4,0.018060872683541646,0.002450164742444064,0.02079267393473817,0.003526179495609103,0.006009810112281487,0.013465994177657717,0.004934028714607691,0.006453151569105609,0.0036212762958422367,0.005567395854654104,0.015660850836618022,0.004180182493910316,0.0035427086770285408,0.0037938992244081022,0.012206230934730503,0.004946520696107135,0.003348796440312574,0.0037721843523095683,0.002471566936200678,0.004258486353703427,0.004517046729499703,0.0033035484623111927,0.00621546824564235],[4.513857903347401E-4,0.006675119454137939,0.0029072866527289827,0.002630706741430971,0.0050620258719530214,7.60562043603495E-5,0.0017260726969282334,6.855771397207015E-4,0.0028796687530241024,0.0021489111646413213,8.402882858078438E-4,0.002889121221171964,0.015207087266829015,0.0057355789462686015,1.0,0.0012271824254879206,0.002901398837842965,0.002996899130967129,0.0021284615011368862,0.0023327362323234983,0.001073437646457295,0.001333934710359821,0.008495556114154108,0.0011678607440219835,0.0022862324742358754,6.740676791930549E-4,0.0020397999950334585,0.0169815192529208,0.0025830912356676144,0.051495604423100146,0.0027108463077796002,0.002696560550229573,0.011580765129383545,2.85058860988963E-4,0.006068837564597661,0.0031333082747142475,0.0033410883148399595,0.016056267074121455,0.0019621259179219,0.0010557137254390138,0.0017975359854993161,0.0031839385522405106,0.002858257566674721,0.0024649098314744764,0.0025517645039027734,9.687624565727884E-4,7.010236000398916E-4,8.533793808434591E-4,0.0014095543143188903,0.006688459158767585],[4.0280708020032936E-5,0.010153547994457125,1.360474632314776E-4,1.832435519306441E-4,0.0012170818874524551,1.1565388372483409E-4,1.6274759377647832E-4,1.2125950621944376E-4,1.5575081665811515E-4,6.708502096229502E-5,1.6568270675847095E-4,8.582930182258883E-5,0.023660017491843023,0.0025526035286707036,0.0012271824254879206,1.0,1.412229521653848E-4,1.0622875292268535E-4,2.859516889761989E-4,3.487384932908096E-4,3.1851732781885066E-4,1.2442742983055833E-4,0.00816763064194962,5.9720064226913234E-5,0.0010993295782186405,1.4188640847675682E-4,1.266053623910857E-4,0.00471186908207364,2.040513291883964E-4,0.015232257579976207,7.703266475112601E-4,8.30501291397432E-4,0.01174026420781173,8.268563794698518E-5,0.0013454832777772437,0.0011365354954404913,0.002866762747653019,0.006846943781471121,1.2310058268383286E-4,1.2120105746530729E-4,6.741054903411509E-4,0.001066569748116869,1.396461109079579E-4,5.054590471717796E-5,0.001543965384069252,4.448713823329456E-5,1.0037960870965248E-4,1.5225278273468953E-4,1.223282333347768E-4,5.99034776658342E-4],[8.780951803877541E-5,0.005997640408029656,1.278856345125687E-4,5.825933716705516E-4,0.003070832736806603,3.827481612684801E-5,1.639906010513107E-4,1.057461524236021E-4,2.0075960987941412E-4,5.489475823441526E-5,1.402915326463841E-4,1.3019016290218003E-4,0.0392706866313748,0.00546197495908308,0.002901398837842965,1.412229521653848E-4,1.0,9.75423299246256E-5,3.029692375888418E-4,0.0017651652953200962,3.922015201100564E-4,1.224528798473118E-4,0.007252919786340636,9.800971096550864E-5,8.730636472944165E-4,1.3769717388434282E-4,7.801043036620034E-5,0.01427775462965743,4.8797531817342953E-4,0.0362615722425638,8.676088318792262E-4,4.656755119857406E-4,0.015446927220927373,9.027188632381689E-5,0.003339972679239927,0.002872805013716844,9.704058677521839E-4,0.012253801726694161,1.2786362402778236E-4,8.559888773076919E-5,0.0011013019077192366,0.0070295848579129865,1.2809338069440132E-4,4.856818317419235E-5,9.98566451033541E-4,8.340571316104134E-5,1.016997862968973E-4,1.3885873086587068E-4,1.093538353855273E-4,0.00264825783684361],[4.5695589137940786E-5,0.006461590811076563,2.6352975978850052E-5,4.4056605617686837E-4,0.0022402324032235405,5.9170734305656866E-5,6.958201818998409E-5,5.730575965754649E-5,1.9448211357830377E-4,2.7879652778208754E-5,1.8813846183547012E-4,5.750104645935518E-5,0.04067875246393244,0.006014020576770887,0.002996899130967129,1.0622875292268535E-4,9.75423299246256E-5,1.0,3.4825263351705957E-4,4.595974613540941E-4,4.2976331537609275E-4,1.0754288491546292E-4,0.008815508402390503,5.730997932809564E-5,0.0013613102608900109,1.3394959098285533E-4,4.610462217175654E-5,0.019294267550681678,0.001529866641488411,0.06581200409457327,7.734047889930324E-4,1.1071479543447275E-4,0.012764806489181789,4.874999810382637E-5,0.0059966585683178504,7.424340261106948E-4,0.001744287521117706,0.005948881592003625,8.614702745800423E-5,7.061745179143288E-5,7.649575246487998E-4,0.00101523079943463,1.001236415496516E-4,5.653004970180401E-5,0.0013419987769576665,3.0448780612816805E-5,4.1823944878179675E-5,2.0050690351426474E-4,2.652238639095887E-5,0.005068844972437046],[2.1309778927013206E-4,0.003490549508998175,1.642551002343131E-4,6.096417215331613E-4,0.002955017555182805,1.1060702588428657E-4,2.60349730311977E-4,2.4355759834114037E-4,3.4938127699155167E-4,8.333436356030569E-5,2.514553522845358E-4,2.7793596072230747E-4,0.012149766152809743,6.460863811630988E-4,0.0021284615011368862,2.859516889761989E-4,3.029692375888418E-4,3.4825263351705957E-4,1.0,0.0012831990037798337,3.6356761345199794E-4,3.287233691179692E-4,0.008953983039667953,1.3435294661150087E-4,8.730857591789261E-4,2.970967303328974E-4,2.2110246157672244E-4,0.019773954927990084,0.0012804213912101143,0.016121386740874828,0.0011471961188529135,0.0014591524931667605,0.016362658598681176,2.578594405760774E-4,0.0015801541864565243,0.0016605109420632265,0.003193146123334484,0.005933436621763214,3.2211385947682804E-4,2.4322797923442097E-4,0.001301708703775091,0.0014753837590434622,2.727277287199563E-4,3.352726259647041E-5,0.0018343752919468281,1.507433285432643E-5,1.011696490066715E-4,2.7815615609082115E-4,2.1703188657775667E-4,0.006341293260572063],[2.6453512066360757E-4,0.00800760558911635,1.543481386360511E-4,0.001823750701709783,0.011018206702093957,0.001196244301413551,1.937253344078901E-4,0.0011966685241076584,4.8789807878661244E-4,7.688231030213024E-4,0.0014864863115901332,0.0013506420810126926,0.01407718195336608,0.00450796609314145,0.0023327362323234983,3.487384932908096E-4,0.0017651652953200962,4.595974613540941E-4,0.0012831990037798337,1.0,0.0010690580730313988,3.7114334308376137E-4,0.009126102641662831,7.138025416414429E-4,0.001503713913774398,0.001692144759815136,1.496202564349349E-4,0.008721867838822811,0.0016727996806702062,0.020190249921557175,0.0017500342954375773,0.0018784258290886694,0.018760655105005294,9.52895284044746E-4,0.004098575457609583,0.0022990041333407194,0.0022012140471901445,0.001979645478773918,2.0814830298684055E-4,7.17108339276709E-4,0.0016291826903579436,0.008398112897954117,6.613699725512194E-4,0.0014822639781218098,0.001869729584856036,0.0017984749678516985,9.124714002809719E-4,0.0017701228061882764,8.944201087156835E-4,0.00697032636002245],[3.673697275490202E-4,0.00211387746146633,9.295734345808112E-5,0.0010507282742112716,0.0057884212117315465,2.2734427541116987E-4,1.9853530897798877E-4,2.3106847009686757E-4,3.684116494804384E-4,3.02868911356737E-4,2.5451322285449223E-4,2.8558266506790373E-4,0.038055061999674435,0.002021646728965747,0.001073437646457295,3.1851732781885066E-4,3.922015201100564E-4,4.2976331537609275E-4,3.6356761345199794E-4,0.0010690580730313988,1.0,2.3832940396805794E-4,0.001692527216657784,3.3065334635540424E-4,0.0014078273834353878,3.3745509126623135E-4,2.925062298719923E-4,0.007697592193268197,0.0012684614098335538,0.06647157193224129,0.0011145549650277136,0.0017022019299856499,0.017500834229955953,7.556121110322104E-5,0.004539018392969673,0.0014522045033401965,0.0019876724433861214,0.01051606467032312,2.7394882983994984E-4,3.657071726453666E-4,0.0010072248810160044,0.010671955256448595,4.4902573193107156E-4,4.2437327712954487E-4,9.806232623970177E-4,3.2645698898342703E-4,2.0646362492475693E-4,4.373564717569314E-4,1.9087603064625418E-4,0.006059350232459927],[7.69534457107747E-5,0.0052066513266893575,8.596523420355205E-5,0.0017131812123756028,0.006231471925510042,9.823121708742513E-5,1.4372104458221116E-4,8.826160081774408E-5,1.6681667918299904E-4,1.3685581636982086E-5,1.861622023377882E-4,7.496748028314232E-5,0.03968991411298882,0.0038411325796063713,0.001333934710359821,1.2442742983055833E-4,1.224528798473118E-4,1.0754288491546292E-4,3.287233691179692E-4,3.7114334308376137E-4,2.3832940396805794E-4,1.0,0.0037282281272805647,6.424912353183182E-5,1.4699660684741467E-4,1.1186378432986926E-4,4.557572761661471E-5,0.007570079174490936,7.664990841802906E-4,0.04063554838909852,9.451767425766716E-4,0.0010220310131451075,0.00627332053974334,8.259181548241315E-5,0.0032001386244901956,7.329920854622329E-4,0.001999016601269848,0.0029731761383090995,1.1036565037510729E-4,9.167378572225277E-5,9.589587036213023E-4,0.004017087223171719,1.11043801905871E-4,4.89331750064594E-5,0.0017970961155250682,1.0940728746104881E-4,5.166395264996066E-5,1.6182488121513382E-4,9.057127170306284E-5,5.474263152370454E-4],[6.126234702671764E-4,0.011220151133715644,0.009986646428035175,0.006649596134960892,0.010794842114638301,0.002620462289504447,2.354652204370653E-4,0.009907703390628747,0.008418899120734685,0.004849707313633288,0.0021377289655830772,0.0017466034779450921,0.05647067370152838,0.007317534014120148,0.008495556114154108,0.00816763064194962,0.007252919786340636,0.008815508402390503,0.008953983039667953,0.009126102641662831,0.001692527216657784,0.0037282281272805647,1.0,0.006454356252482478,0.008585585592486534,0.0063693294378190865,0.004841805519921106,0.01925852860164949,0.005433691260195958,0.04497576764227011,0.0036743690283537207,0.006622967024895479,0.01884366892211438,0.008058590838546252,0.009448635887034922,0.004936455247663436,0.008361833745531462,0.018825438153960587,0.0044052969147030325,0.009385870152440948,0.008962140268117346,0.011990157499441658,0.00573913431186609,0.001057367174378305,0.009308447396180773,0.00511116281608483,0.00671092857610068,0.005047473859106663,0.0030942577864662055,0.00928812007721907],[2.4821579595954007E-5,0.002010889700562236,2.8438930144908298E-5,0.0017018929300251348,0.010975718883839457,4.405035278233302E-5,1.124406583440639E-4,2.3730867591440064E-5,1.0288690090040363E-4,2.7757240485518813E-5,2.2971682780898668E-4,5.280172628151311E-5,0.0560151664658768,0.005514228281729279,0.0011678607440219835,5.9720064226913234E-5,9.800971096550864E-5,5.730997932809564E-5,1.3435294661150087E-4,7.138025416414429E-4,3.3065334635540424E-4,6.424912353183182E-5,0.006454356252482478,1.0,4.270740532794854E-4,5.6417714010609066E-5,3.976076375210594E-5,0.013623068292205349,0.0011583746222543084,0.021197540278533406,2.4109922955797825E-4,0.001412890914481304,0.01434892780440615,5.3022186632258416E-5,0.005489027077759432,0.0019478872264805107,1.89787038578049E-4,0.014512501603775107,7.226600170550193E-5,6.469512562191934E-5,3.7959089655093464E-4,0.007558582378897896,8.63601098079099E-5,1.816133605493309E-5,9.128776612900866E-4,2.3879464200035188E-5,4.7449029388443636E-5,1.9671785504192556E-4,4.57311740119097E-5,0.00353098351129642],[1.2358448187615667E-4,0.00901015372164346,4.6179586810383684E-4,0.0018714830182542726,0.006496439052654927,0.001258444843833268,0.0011987264352645356,4.2264058391312397E-4,6.165186600114909E-4,7.244151999788151E-4,0.001093184916679816,0.001137534505562803,0.02507572273075339,0.0022302572494901176,0.0022862324742358754,0.0010993295782186405,8.730636472944165E-4,0.0013613102608900109,8.730857591789261E-4,0.001503713913774398,0.0014078273834353878,1.4699660684741467E-4,0.008585585592486534,4.270740532794854E-4,1.0,1.4260379062047522E-4,2.4841049571488707E-4,0.009503526561004968,0.0014995490272844386,0.042704126769825226,0.0014363944591815354,0.0017786163115740008,0.01704358463662573,6.707037599692656E-4,0.005944274679657699,0.0014664906819246313,0.0029176216444712065,0.015666065497319977,1.388301384639708E-4,6.616048460493363E-4,0.001341517250946514,0.011148319885188154,0.0011455027503463801,0.0013959363280373425,0.001425836965475408,1.9939952484862428E-4,5.639085983638545E-4,0.0013791176802284337,4.757304826207401E-5,0.0037937444660892227],[1.2441487897104638E-4,0.01100058813534789,2.35233779521264E-5,0.0013747588893000798,0.010393326613252487,1.1165931140827062E-5,1.4921061584918116E-4,1.0321465605122703E-4,1.9451037101472776E-4,6.0130661626463315E-5,2.0672119027535216E-4,1.365226392847771E-4,0.025207251479697823,0.0016871436081409574,6.740676791930549E-4,1.4188640847675682E-4,1.3769717388434282E-4,1.3394959098285533E-4,2.970967303328974E-4,0.001692144759815136,3.3745509126623135E-4,1.1186378432986926E-4,0.0063693294378190865,5.6417714010609066E-5,1.4260379062047522E-4,1.0,1.39795125749577E-4,0.0043438029132340066,0.0010549159724363697,0.04308154795114008,9.308544776079452E-4,0.0015776174983606103,0.011705928702283468,7.016062745979811E-5,0.00273191591833826,0.0027232138509601547,0.0026142746662871446,0.014211164136496313,1.3194694437656295E-4,1.227908087115854E-4,2.176622040316435E-4,0.010577298898546297,1.2702161654002552E-4,9.184646990858596E-5,9.495681891256086E-4,1.1647896698968344E-4,9.41309858008702E-5,1.7914988928968267E-4,3.959763315620679E-5,0.007096069048657453],[1.2754475074547362E-5,0.001341025449704908,2.1854783532156235E-5,0.0010556865567169422,0.0037629602912461102,1.1189865476445316E-5,4.486988581421145E-5,2.351814479586401E-5,1.7827887893947302E-4,2.5074775588914616E-5,8.878349402270384E-5,2.0889572896130166E-5,0.0035541203843308714,3.168701281672923E-4,0.0020397999950334585,1.266053623910857E-4,7.801043036620034E-5,4.610462217175654E-5,2.2110246157672244E-4,1.496202564349349E-4,2.925062298719923E-4,4.557572761661471E-5,0.004841805519921106,3.976076375210594E-5,2.4841049571488707E-4,1.39795125749577E-4,1.0,0.0025816825771475373,3.4407060472709325E-4,0.05419418244316378,9.148459319664092E-4,8.001068109270846E-4,0.007695338290488693,2.794124725522835E-5,0.006840862784469399,0.003024893303447644,0.0010948640334555598,0.008495160896645253,8.089007017352076E-5,5.582039548883643E-5,4.2842915630063273E-4,0.012581546724954686,5.83609475059253E-5,1.3769207112488784E-5,0.0011292125597903019,1.8896661037454135E-5,2.360829627545001E-5,3.861259120155783E-5,2.4499788114414404E-5,0.0020547106768995416],[0.016813406680995895,0.014718604430176802,0.004768062335411006,0.006616606159798116,0.01720647130529046,0.01814328513323526,0.007343990714461586,0.013477567282916181,0.017129964607416344,0.014054482764011639,0.0074012501367124485,0.003350717292074634,0.033552032063985125,0.018060872683541646,0.0169815192529208,0.00471186908207364,0.01427775462965743,0.019294267550681678,0.019773954927990084,0.008721867838822811,0.007697592193268197,0.007570079174490936,0.01925852860164949,0.013623068292205349,0.009503526561004968,0.0043438029132340066,0.0025816825771475373,1.0,0.004594282279038518,0.060805230180501074,0.014188549225800018,0.015313588433240623,0.02010150798421638,0.013894511587961856,0.016347798807799574,0.018805622172762947,0.005858449256598132,0.022595349760479784,0.02024100328240106,0.014402121717246415,0.014511118474600775,0.01993140067699452,0.006557933044016673,0.02127317055407073,0.002466457127079225,0.00467607677124795,0.013171266460704063,0.01395732125873928,0.010319496320820383,0.013947969568077537],[0.001071685942409603,0.00589097505817043,0.0014326135426935037,0.0016669306309928897,0.011588362901903093,7.631052909604006E-4,0.0010544844435825744,0.0011216724573224785,4.4343876477835717E-4,5.824170576571123E-4,0.0010025415744467747,6.792685075140646E-4,0.02327692723134125,0.002450164742444064,0.0025830912356676144,2.040513291883964E-4,4.8797531817342953E-4,0.001529866641488411,0.0012804213912101143,0.0016727996806702062,0.0012684614098335538,7.664990841802906E-4,0.005433691260195958,0.0011583746222543084,0.0014995490272844386,0.0010549159724363697,3.4407060472709325E-4,0.004594282279038518,1.0,0.05137385683067238,0.0015431158339441857,0.001759005832991072,0.005459912212167948,7.967582526722904E-4,0.005058240604455744,0.0016175479458125945,0.002230139329757163,0.0031558984126110416,7.538784476300054E-4,9.388569921518908E-4,0.0014906081422181344,0.007034724632984337,0.0011212359134277392,7.470061874625996E-4,0.0016344217302473746,0.0013854547807126897,0.0011500061405574134,7.693901118409795E-4,5.880077890990876E-4,0.006472202374510592],[0.06259387595491653,0.018634456411191696,0.028105520312239896,0.05061197596027359,0.030144875350629444,0.03582842899010869,0.031099475384933142,0.06314064570798723,0.060354448899478906,0.0048273073596584795,0.06626609661740368,0.06846312790571815,0.060084788882319336,0.02079267393473817,0.051495604423100146,0.015232257579976207,0.0362615722425638,0.06581200409457327,0.016121386740874828,0.020190249921557175,0.06647157193224129,0.04063554838909852,0.04497576764227011,0.021197540278533406,0.042704126769825226,0.04308154795114008,0.05419418244316378,0.060805230180501074,0.05137385683067238,1.0,0.039973521410539364,0.034415727358858506,0.03106379005358703,0.03283965974793149,0.014368564165753292,0.020939055680009092,0.051238446760474024,0.022310875230987792,0.049222147436296465,0.00233315739702163,0.05051522977856792,0.06377215887673335,0.06166093939991661,0.020275978195719285,0.056226208763795714,0.0098073939359186,0.049125448650414516,0.06889366518765937,0.017367004856087172,0.030324440056396368],[2.802038500953707E-4,0.01390809193731224,0.0013488599642079125,0.001885356093695267,0.0021663021156530056,5.353212378800249E-5,2.9010046474928946E-4,0.0014677003682697259,4.2946410625328867E-4,9.291718743618744E-4,3.5227337873409786E-4,4.388450744724859E-4,0.055873568054575475,0.003526179495609103,0.0027108463077796002,7.703266475112601E-4,8.676088318792262E-4,7.734047889930324E-4,0.0011471961188529135,0.0017500342954375773,0.0011145549650277136,9.451767425766716E-4,0.0036743690283537207,2.4109922955797825E-4,0.0014363944591815354,9.308544776079452E-4,9.148459319664092E-4,0.014188549225800018,0.0015431158339441857,0.039973521410539364,1.0,0.0017009901902906594,0.008480201656099334,7.940482502222852E-4,0.004124369128808016,0.002013588912432151,0.0020411976215092466,0.00533640411385073,5.194427648347803E-4,0.0012241564697162406,0.001393448976501074,0.007956821023237894,0.0010826684079218048,2.1961965316254952E-4,0.0019990448531544015,7.820781808303389E-4,2.5718146404450534E-4,0.0010022234020572107,0.0010340412836577103,0.006397274868866841],[0.0010569030664764017,0.010263792179286833,4.8343569533350025E-4,0.0018839147031332432,0.00538431130037219,0.001118420656046309,0.001648211661905135,0.0017319346475601284,0.0017558059369508446,6.527520854357591E-4,0.0013739035951613866,0.001036569342007113,0.039032583869519556,0.006009810112281487,0.002696560550229573,8.30501291397432E-4,4.656755119857406E-4,1.1071479543447275E-4,0.0014591524931667605,0.0018784258290886694,0.0017022019299856499,0.0010220310131451075,0.006622967024895479,0.001412890914481304,0.0017786163115740008,0.0015776174983606103,8.001068109270846E-4,0.015313588433240623,0.001759005832991072,0.034415727358858506,0.0017009901902906594,1.0,0.013682743742990125,6.332805887205548E-4,0.0028657259351603246,0.0021127591356880767,0.003034175201483715,0.0030294244734195156,0.0014547325210114523,0.0014859300878453103,0.0014665777598840083,0.01054894621370741,4.1553992693102156E-4,3.9040018471208217E-4,0.002013151810570914,1.1420468034306774E-4,0.0010215188055974682,0.0018518447611780174,7.683886011611047E-4,0.006657040061320356],[0.008269860294784017,0.015087295981024687,0.003331072193063821,0.0056144663714419885,0.01574839005385465,0.012899219550455546,0.011834362629492523,0.010707534806218647,0.013217651876258346,0.015250501593378284,0.011695571969998275,0.008927844872692367,0.033722137594105354,0.013465994177657717,0.011580765129383545,0.01174026420781173,0.015446927220927373,0.012764806489181789,0.016362658598681176,0.018760655105005294,0.017500834229955953,0.00627332053974334,0.01884366892211438,0.01434892780440615,0.01704358463662573,0.011705928702283468,0.007695338290488693,0.02010150798421638,0.005459912212167948,0.03106379005358703,0.008480201656099334,0.013682743742990125,1.0,0.00973797345546817,0.015965603246550525,0.01689787208641903,0.017721165358150423,0.018867924528301886,0.008995902341260749,0.009738902034936494,0.007654302159054516,0.01511471008495362,0.001494733741064961,0.0075983450946070065,0.007316873315638883,0.0157364585499512,0.0069709954847917135,0.017914803763830298,0.018191190577790766,0.009107970593567742],[2.891762868347935E-5,0.010862500679121216,3.419233613662837E-5,1.1367680409750646E-4,0.01030517046672506,2.446924567571753E-5,6.6537622667396E-5,2.468741969657987E-5,2.3180217292419986E-4,3.2472442878226E-5,1.4107242395452267E-4,3.070711229983613E-5,0.056044573194936984,0.004934028714607691,2.85058860988963E-4,8.268563794698518E-5,9.027188632381689E-5,4.874999810382637E-5,2.578594405760774E-4,9.52895284044746E-4,7.556121110322104E-5,8.259181548241315E-5,0.008058590838546252,5.3022186632258416E-5,6.707037599692656E-4,7.016062745979811E-5,2.794124725522835E-5,0.013894511587961856,7.967582526722904E-4,0.03283965974793149,7.940482502222852E-4,6.332805887205548E-4,0.00973797345546817,1.0,2.171479134910877E-4,0.001682501307028763,0.0025280429344342182,0.0183421864505194,7.755998692496392E-5,5.8046115010106066E-5,1.6656054466391527E-4,0.007927742331284298,6.878532805663292E-5,2.8626855684247894E-5,0.0011689142573496378,1.6086551323718945E-5,3.047468465625101E-5,7.326879485043385E-5,3.302962433238169E-5,0.0032740320437094003],[2.2760263641962501E-4,0.007425705119040228,0.005509624207531144,0.0026417178171595362,0.011089346672957719,0.006443482063696479,0.0037032565808785525,0.002483550781968877,0.0018490488260617679,0.0015950142703470027,0.0028356303235600503,0.003966947301178429,0.02207279980989934,0.006453151569105609,0.006068837564597661,0.0013454832777772437,0.003339972679239927,0.0059966585683178504,0.0015801541864565243,0.004098575457609583,0.004539018392969673,0.0032001386244901956,0.009448635887034922,0.005489027077759432,0.005944274679657699,0.00273191591833826,0.006840862784469399,0.016347798807799574,0.005058240604455744,0.014368564165753292,0.004124369128808016,0.0028657259351603246,0.015965603246550525,2.171479134910877E-4,1.0,0.004169395637826864,0.004759530542558774,0.018781681646147356,0.002760289841289234,0.0017199408720391133,0.006501921112518351,0.010148717064678025,0.005074713531265331,0.005524487832567443,0.005804632523133015,0.00605019465797777,0.005881664065026479,0.0016778984111892727,0.00596088284311552,0.007106980187360537],[0.0013997234211464904,0.010103290821778762,7.806749494497448E-4,0.002069691386268843,0.008872601085847743,9.638015176461995E-4,0.0010601441117835857,0.0027148871187785764,4.96338974526254E-4,8.13932510473986E-4,0.001089045435775225,0.003009965102343291,0.02892343708885419,0.0036212762958422367,0.0031333082747142475,0.0011365354954404913,0.002872805013716844,7.424340261106948E-4,0.0016605109420632265,0.0022990041333407194,0.0014522045033401965,7.329920854622329E-4,0.004936455247663436,0.0019478872264805107,0.0014664906819246313,0.0027232138509601547,0.003024893303447644,0.018805622172762947,0.0016175479458125945,0.020939055680009092,0.002013588912432151,0.0021127591356880767,0.01689787208641903,0.001682501307028763,0.004169395637826864,1.0,0.003158415247096766,0.015238393516145922,0.0023618079263699274,0.002249572537071006,0.0022424356931845463,0.010898162172216475,0.0020185558065124835,0.001518302437269307,0.00215107098805745,1.3505637140814404E-5,0.0024118415660034863,3.35684091134198E-4,0.002689643504108136,0.005685003207466054],[0.003004095118595399,0.011018049455736065,0.0011123541388063846,0.0026007803207842863,0.006018884967617239,0.0011918372504119074,0.003229615657610398,0.0033986298787732953,0.002018841966671035,7.821069816259719E-4,0.0028775204356966374,0.001294208691160154,0.008967324453934401,0.005567395854654104,0.0033410883148399595,0.002866762747653019,9.704058677521839E-4,0.001744287521117706,0.003193146123334484,0.0022012140471901445,0.0019876724433861214,0.001999016601269848,0.008361833745531462,1.89787038578049E-4,0.0029176216444712065,0.0026142746662871446,0.0010948640334555598,0.005858449256598132,0.002230139329757163,0.051238446760474024,0.0020411976215092466,0.003034175201483715,0.017721165358150423,0.0025280429344342182,0.004759530542558774,0.003158415247096766,1.0,0.008153944477961217,0.0016653511003655143,7.576144166913879E-4,0.0028228852881765107,0.0073658194842087955,2.2919524354770687E-4,0.002884916175789752,0.0033813393930874048,9.086459763958812E-4,2.399575598297423E-4,0.0010038682879351792,0.0033512276421438472,0.004469310442016772],[0.005449951383378019,0.014484975821357925,0.004671304349477192,0.012775303013406772,0.01321893354236752,0.006229155198612823,0.01836790418026366,0.01191331324466276,0.01712657922233619,0.017220962656719668,0.009862256446395526,0.008299326802719116,0.05113755574447244,0.015660850836618022,0.016056267074121455,0.006846943781471121,0.012253801726694161,0.005948881592003625,0.005933436621763214,0.001979645478773918,0.01051606467032312,0.0029731761383090995,0.018825438153960587,0.014512501603775107,0.015666065497319977,0.014211164136496313,0.008495160896645253,0.022595349760479784,0.0031558984126110416,0.022310875230987792,0.00533640411385073,0.0030294244734195156,0.018867924528301886,0.0183421864505194,0.018781681646147356,0.015238393516145922,0.008153944477961217,1.0,0.0011283332214530833,0.0020787131703894706,0.0025944381079308788,0.015061507541757823,0.001619148093576995,0.007468321685509544,0.013626064728894369,0.01684987711619953,0.009362677004253292,0.0032124805966283953,0.002508297286670879,0.013851390242026664],[2.9913153823030675E-5,0.0025416705190440705,5.961211919779911E-5,0.0016005160662315354,0.008130801452161909,2.1772949534657324E-5,1.2509441691362048E-4,7.61923955145856E-5,2.6886817537381125E-4,4.974557243115219E-5,2.0635710906258953E-4,4.734438313