[[1.0,0.004982345704204523,0.0114012322544122,0.016473088910792584,0.014903310099101074,0.018804817819420366,0.018682211522701712,0.013903260718995728,0.016244516938716987,0.01641521510825346,0.044744202967810134,0.0021338241061994666,4.4487620868050894E-4,0.017938137090030493,0.019923109884475175,0.014821983445054924,0.009794055974729161,6.372432393684805E-4,0.004230544679204524,0.012780866538422236,0.0029893997514503032,0.0173783527344472,0.02660086438003812,0.021999732185142014,0.004124144209989689,0.007906402306311686,0.0187695136639499,0.01569918386655938,0.020405892626276144,0.004212322796920482,0.015119835827506369,0.019449466237087973,0.011881393696630356,0.003928157270063862,0.00714752207456161,0.011152646987327524,0.02657231830687589,0.002083027109983781,0.013449231742738094,0.010152226646710737,0.004409446408304138,0.018269106386344172,0.019456687985415513,0.005509448189651795,0.0074617054960312654,0.0027683159208847655,0.014487945784135745,0.014923091749038456,0.0035011970568167698,0.015428362938402562,0.005652885834005181,0.010303436925827369],[0.004982345704204523,1.0,0.006429397036192476,4.293427603282143E-5,2.534530631849845E-4,0.004355631545367677,2.4341464919598503E-5,0.0011135528003914821,0.0013593109266670348,2.4846365923983767E-5,0.043666950415306,1.7744069907608173E-5,1.5797810425716015E-5,0.00795575832034074,1.392854937590289E-4,6.677567273657569E-5,1.7614654593713653E-5,1.3361234961953766E-4,1.0915716083847103E-4,0.002325252004468028,5.9238187555066724E-5,1.5714322362808064E-5,0.033216671010382094,0.02007116786124071,5.138974167812793E-4,3.2294770242625054E-4,1.179097061347063E-5,3.7483148312166426E-4,0.0012651881309929179,4.51768999974127E-4,0.0011128593974053143,0.008006900351679802,3.5403893978433686E-5,7.837084573541364E-4,1.0478856737757899E-4,0.002409681609233194,0.01015780996313043,1.2624478983688077E-5,3.6067884432377546E-5,1.999412984820797E-4,1.5130496651832387E-4,1.4991645504512343E-5,0.009355972175548271,2.2581110346263003E-4,2.0478652833394602E-5,2.2138266175654992E-4,8.92243411591605E-4,5.8872971092812704E-5,1.1834000711348472E-4,1.7014174358203223E-5,0.0016484108875161818,1.6738469761066527E-5],[0.0114012322544122,0.006429397036192476,1.0,0.0081986709977431,0.007412066736738156,0.0075218254563700765,0.00529622774449519,0.00738894276512146,0.00721639094236772,0.007101677312808877,0.01583490195038673,0.0011754204820708378,0.0039866544944526265,0.008613088062514625,0.006666067403005975,3.3681293994816387E-4,0.005745151481535343,0.002721621879447693,8.088321720229546E-4,0.004186796389654407,0.004537024227510211,5.473215397046034E-4,0.011050287152075854,0.04177118632875859,0.008235645538916437,0.007932701303100139,0.002111226416623957,5.974768440566076E-4,0.004284730740263177,0.005966092354938822,0.007428112461743672,0.00906695018322334,0.005077856706132427,0.00559819890700773,0.004050666256662704,0.008261640656397068,0.023012547862830905,0.005550575611924542,0.002156492851958245,0.007661487592575157,4.00340693468489E-4,3.383877708927706E-4,0.008548368652495333,5.647119922363205E-4,0.005275755148787215,0.002882332933279348,0.00685024933672427,0.0052619379446317855,0.006866369063163888,0.003549723777601578,0.006014997596244928,0.008116423736995356],[0.016473088910792584,4.293427603282143E-5,0.0081986709977431,1.0,1.6584988072052646E-4,0.0030593462786528474,1.1915529208328095E-4,0.0011214912876697314,5.040343195676036E-4,1.0087435289451597E-4,0.006801135471403588,1.7572713302210938E-5,3.0512314891302017E-5,0.005828109263347735,0.0013694159761159902,9.680594615334601E-5,9.684588331744405E-5,1.6944076470173935E-4,1.0277809784786551E-4,8.294330249652861E-4,9.154065312617013E-4,3.504008225565514E-5,2.7142404497949396E-4,0.009261573697075764,8.213742669118276E-4,0.002859300197619498,7.396719357588955E-5,3.872749308928006E-4,0.0019091074786875756,7.369698421201763E-4,6.779577083128889E-4,0.0016481849348724306,7.523062715598262E-5,3.512374068752501E-4,1.1682503963219829E-4,0.0035670123045756282,0.016301135691466268,9.659965135360488E-5,3.540235080591958E-4,2.0777474000119387E-4,1.4190552865564005E-4,8.122424854893723E-5,0.007394616258381179,1.9625834556968305E-4,8.364243512610759E-5,1.222928087401883E-4,0.0011750967165726452,1.0913761447796292E-4,1.3201292272168718E-4,5.314754846958327E-5,5.238867919988265E-4,3.797412639086724E-5],[0.014903310099101074,2.534530631849845E-4,0.007412066736738156,1.6584988072052646E-4,1.0,0.006258863570484882,2.831496900454107E-4,0.0021882610691531827,0.0015621812163144721,2.7113750754946666E-4,0.027625440414695716,2.889897209467094E-4,7.654546535247698E-5,0.005853540306893667,5.277120951270589E-4,1.4331062375994008E-4,2.8869650089827806E-4,2.027371081185116E-4,2.9886618187181525E-4,0.002289174237691152,7.294206662024081E-4,4.0380133042586594E-5,0.012014162231731133,0.034393140438650736,0.001170664021645701,0.0029898125995318258,1.7195617046233208E-5,3.5412519676183746E-4,0.0024635116235756102,0.001049526513784603,0.0010750808131941778,0.010159375829142659,7.605255274174563E-5,9.845928038278101E-4,2.6338493414393134E-4,0.003975350983870137,0.0074807212204636925,2.1148799821911208E-4,3.2596933331897665E-4,3.584385446143328E-4,3.034009767643605E-4,2.1608213228595873E-4,0.002831986160258158,2.728590265427097E-4,1.806797951376263E-4,3.5766404486739165E-4,3.999668759032234E-4,2.0554871344136139E-4,2.990542624135608E-4,1.0888834644542619E-4,0.0018263713422017127,3.0557294204461E-4],[0.018804817819420366,0.004355631545367677,0.0075218254563700765,0.0030593462786528474,0.006258863570484882,1.0,0.0012031401146414158,0.004801116020197846,0.00436030324078495,0.002590982616212572,0.034305159808830074,0.00501277465073612,0.0016618497489885196,0.007635726430803387,0.006686384602963898,0.0036870813805775257,0.003031406139217122,0.005672836952555614,0.0053807942833763635,0.004028638312065529,0.0015763296950358184,0.00287731480194587,0.015435070506013962,0.027140734650284153,0.0025385715134691412,0.00611904189814097,0.006335008721318894,0.003795317543036754,0.004878610696673443,0.0051963968971532395,0.006669994037847799,0.008746969662912003,0.005167304560649376,0.001667390233867289,0.005019770094254851,0.006771048949031489,0.027446518980959404,0.004849059743175008,0.0010059888667470946,0.0035225624088522168,0.0051252903521968535,0.005758326617730994,0.009684172406483862,2.9773238361381193E-4,0.0010938407304513223,0.005521219068646709,0.004088897103330404,0.0010216391252307207,0.0022574623296433465,0.005947140144838189,0.0033504541684175352,0.00463807199324097],[0.018682211522701712,2.4341464919598503E-5,0.00529622774449519,1.1915529208328095E-4,2.831496900454107E-4,0.0012031401146414158,1.0,0.0012307259215745578,4.410679660386322E-4,1.2633208364110462E-4,0.004303038693307245,8.946394558828086E-5,6.1023992682189286E-5,0.005221177516432006,0.0028876870898623614,1.1818093262020403E-4,4.342135086636069E-5,1.5649757979830978E-4,1.4650001443949751E-4,0.0010022447990097243,4.0282064362320147E-4,1.0755925936340906E-4,0.025542761640938872,0.012771904186954439,0.001261651575193133,0.001777411427582221,1.318126381253432E-5,2.602131320359988E-4,9.887908375148E-4,2.3448600083662786E-4,0.0015472143388503678,7.789306292067192E-4,4.9936402951132826E-5,2.1074091274972726E-4,1.4135673784752885E-4,4.88309034842555E-4,0.021057658470350373,7.997954852319147E-5,1.6887056303700748E-4,3.567152622147354E-4,2.1082997249031513E-4,8.604152823000225E-5,0.007744268112895619,2.0384511828229699E-4,8.070864886467664E-5,2.9642741679509316E-4,4.7513474230280716E-4,1.3280897675972824E-4,1.8698261259635248E-4,8.849032408529948E-5,0.001145720670118507,2.742932900379833E-5],[0.013903260718995728,0.0011135528003914821,0.00738894276512146,0.0011214912876697314,0.0021882610691531827,0.004801116020197846,0.0012307259215745578,1.0,0.001974053394683624,0.0010938488797532515,0.024080656747703325,0.0015139939735348057,2.1832301099155435E-4,0.010280157122929696,0.002658390869917541,0.0024200904520888657,0.0011855829900230966,0.0025012522247175296,5.005732633765244E-4,0.002605919333798398,0.0021821572010649916,0.002237958927120456,0.015486010335702039,0.0035540916926773847,0.0024080443017723413,0.003628352777988165,6.949202891231642E-4,0.0017089388890728489,0.0025604460825454987,0.0011763212362087218,0.0026239295479245687,0.00978527180846774,0.0019968504715689953,0.0023391673123216387,0.0014435208443870171,0.005469424906432933,0.011881688016991026,0.0015931612661562783,0.001170331282214591,8.49844466685138E-4,0.0019893109464154666,4.1078863034610917E-4,0.006219828461886262,5.44952057561661E-4,0.002458304299394768,0.0016616262779230713,0.0013281264064693324,0.0010871864923408798,9.818295501027856E-4,2.9359140954796726E-4,0.0019707266970520314,0.0025490931339253605],[0.016244516938716987,0.0013593109266670348,0.00721639094236772,5.040343195676036E-4,0.0015621812163144721,0.00436030324078495,4.410679660386322E-4,0.001974053394683624,1.0,0.0014433213460795478,0.010513330363781529,0.001191203769212424,0.0013017180215404457,0.003828399613711397,0.002777641970888189,0.0011963488223559642,7.520768290026022E-4,6.093422442789944E-4,0.0010659945914192866,0.0017218049377950167,0.0011951359798962058,0.0013238512424592586,0.007072603304623351,0.008231649115904098,0.0018264917472317647,0.0046276694443400535,0.001519530733060616,0.0014911280379779099,0.0016895754357191797,0.00149467318879956,0.0017455257652789233,0.010092566143785835,3.663305537723469E-4,0.0014681265868587562,3.5127768225340654E-4,0.0053572230365931915,0.007529119156927258,5.469654276754669E-4,4.698352043501472E-4,0.0010199022736490549,8.017808750628684E-4,0.0010860460518555212,0.0029285104568668166,0.001026311803151928,0.0013299813424717958,5.81650672176741E-4,0.0012837599253024614,0.0013174691331332695,6.423102704029108E-4,0.0014066767112407555,0.0016974397929616293,5.971303155632494E-4],[0.01641521510825346,2.4846365923983767E-5,0.007101677312808877,1.0087435289451597E-4,2.7113750754946666E-4,0.002590982616212572,1.2633208364110462E-4,0.0010938488797532515,0.0014433213460795478,1.0,0.04229909812190077,1.5092214228420878E-5,7.477822192532604E-5,0.008247885654378182,6.532234523807712E-4,1.0966940439113368E-4,8.575513260593861E-5,1.729093829483827E-4,1.1857486708257853E-4,7.816634100069975E-4,6.512370029066335E-4,2.4801358405783698E-5,5.77336734613683E-4,0.04695892600607768,7.491345175382878E-4,0.00192602924426344,1.054089843796071E-4,3.547970768826541E-4,0.0012833533271683888,9.84524146316258E-4,4.917165256818372E-4,0.007427188073645477,7.802303861089062E-5,8.519074251823624E-4,1.9973511119403064E-4,0.0051634394008000335,3.06521495018233E-4,8.643272636498148E-5,2.4865588189164204E-4,1.299673855556754E-4,2.3006885557373794E-4,6.869231606882874E-5,0.008582848945820589,2.4056150646894038E-4,7.680837677361464E-5,2.268830657420362E-4,4.827982358167939E-4,1.3150446013915324E-4,1.3410522864030653E-4,1.0225382231965539E-4,0.001218227368811854,7.366662782192608E-5],[0.044744202967810134,0.043666950415306,0.01583490195038673,0.006801135471403588,0.027625440414695716,0.034305159808830074,0.004303038693307245,0.024080656747703325,0.010513330363781529,0.04229909812190077,1.0,0.010561925398125359,0.01800828905544709,0.0338886137102576,0.018925954411244277,3.075629648873564E-4,0.023845698612053955,0.015130818258013295,0.015969533536831705,0.01238126291140872,0.014503079745902897,0.030379264826753315,0.039666008259652615,0.04646528417373053,0.003173215940003315,0.02899290256709372,0.02330911242634108,0.04132316167331918,0.01911295613498904,0.013410853205605788,0.016290717873626,0.02772179000595163,0.014445926691756556,0.029357206554618376,0.011234606745809696,0.022363284818241395,0.03604981524675655,0.011913593350228681,0.0014805984357925143,0.02698754786372939,0.04229841090501902,0.005932656155702736,0.03240486483008648,0.0017694119712887977,0.031158042164367225,0.022954824452158316,0.043334346360306114,0.012439893935965283,0.021142349862890437,0.02000270841415502,0.02554290146527722,0.010081496664714437],[0.0021338241061994666,1.7744069907608173E-5,0.0011754204820708378,1.7572713302210938E-5,2.889897209467094E-4,0.00501277465073612,8.946394558828086E-5,0.0015139939735348057,0.001191203769212424,1.5092214228420878E-5,0.010561925398125359,1.0,1.460949746961174E-5,0.006255856441835847,0.002606142873078561,7.893452065297404E-5,1.4737190065236509E-5,1.256080094311449E-4,2.3275656545900386E-5,0.0018257235971450366,6.442495300223375E-4,1.4588298236800073E-5,0.029896861903627774,0.014707226187025196,0.001079151163509625,0.003235586362923941,1.2348062360486208E-5,3.2818847514959806E-5,0.0022011484024385694,9.23080485305351E-4,0.0025722919329377756,5.767303924044305E-4,2.0194747307205155E-5,7.096579576844613E-4,1.6862021677092686E-5,0.005019482554842431,0.023154906857487723,1.3605159188843986E-5,3.3851369019918684E-4,1.9731604624014184E-5,1.4830876125463088E-4,1.4670282776820345E-5,0.0016035394540370935,5.007383271098505E-5,1.5294418633015663E-5,2.2394102049368787E-4,3.7989928857705093E-4,1.1588555412292247E-4,1.8730602996823323E-4,1.467296988291123E-5,1.5702479362829366E-4,1.523459127969709E-5],[4.4487620868050894E-4,1.5797810425716015E-5,0.0039866544944526265,3.0512314891302017E-5,7.654546535247698E-5,0.0016618497489885196,6.1023992682189286E-5,2.1832301099155435E-4,0.0013017180215404457,7.477822192532604E-5,0.01800828905544709,1.460949746961174E-5,1.0,3.931794525271548E-4,0.00262729907039206,7.684944698746382E-5,1.2939988249528915E-5,1.2465731362223313E-4,1.8445784076722945E-4,0.0011164316825808367,0.0010688862277393107,1.2042016997468187E-5,0.029972955023594816,0.014009781891366237,0.0013971537377251572,0.003711043894187651,1.1664955910562842E-5,3.144114945975791E-4,7.240343546125135E-4,9.409265626203825E-4,0.002190089795256044,0.01084729688754346,1.3386634320662153E-5,1.3339242844567523E-4,1.5842678008323814E-4,0.0035744939410198968,0.0177235828714183,1.1699906485148947E-5,2.6116190318879707E-4,2.874437949556963E-4,1.201800984696522E-4,1.2417038635715524E-5,0.002550383598203547,1.665996625077274E-4,2.141127811036717E-5,3.5922749908130736E-5,1.644926125939154E-4,4.857853675527988E-5,9.762217227435774E-5,1.3871334795666117E-5,0.001873057124824588,1.4352780963373335E-5],[0.017938137090030493,0.00795575832034074,0.008613088062514625,0.005828109263347735,0.005853540306893667,0.007635726430803387,0.005221177516432006,0.010280157122929696,0.003828399613711397,0.008247885654378182,0.0338886137102576,0.006255856441835847,3.931794525271548E-4,1.0,0.006494008201176317,0.005415510796422742,0.01008707980829254,0.008567841668376382,0.007745418427651785,0.00643745383627967,0.0020241120098526753,0.006570209833973402,0.018357993234396255,0.03744016494879864,0.004518078309377669,0.009999831287033138,0.0074708293366244835,0.005600199514816826,0.006719157068049773,0.0020759208506318143,0.006474979446536496,0.011170285397102063,0.005240057631481381,0.0025297731668963664,0.004929821467708683,0.009272325865119752,0.015640066695527498,0.005467961401419464,0.00816960557040512,0.002770298112780475,0.00916868760840279,0.0051721631464760835,0.010235441895305222,0.004758747550902543,9.059277167677208E-4,8.903098073962746E-4,0.010959286444907311,0.0077384728279792335,0.005534143715042931,0.009466704828921119,0.0029043940459156383,0.0048107757995719605],[0.019923109884475175,1.392854937590289E-4,0.006666067403005975,0.0013694159761159902,5.277120951270589E-4,0.006686384602963898,0.0028876870898623614,0.002658390869917541,0.002777641970888189,6.532234523807712E-4,0.018925954411244277,0.002606142873078561,0.00262729907039206,0.006494008201176317,1.0,2.5429720858893053E-4,0.0019819819958307276,0.001527289779866844,6.707806953779277E-4,0.002751096080447373,0.0027649815277524603,0.0016013945267180244,0.019507054948883662,0.008964470344629187,0.002875925586631214,0.0035574929725699592,0.002133950475735279,5.276040152262808E-4,0.0025611130542208213,0.002074513122149776,0.002978468002837773,0.005527874880314428,3.442040679349651E-4,0.002345501519976991,0.001337334633617425,0.004253032393070151,0.0064933598461479345,0.0011963641684985913,0.0012142383873990257,7.418816322399167E-4,0.0022059130011793686,3.4109193911898035E-4,0.004042564349795783,0.0018013939193165704,0.0024761822961278275,0.002660351853306839,0.0019364395097053342,9.380331218751142E-4,0.001758266721512737,0.0029702334297086706,0.0027583821362999793,0.0017785649544432385],[0.014821983445054924,6.677567273657569E-5,3.3681293994816387E-4,9.680594615334601E-5,1.4331062375994008E-4,0.0036870813805775257,1.1818093262020403E-4,0.0024200904520888657,0.0011963488223559642,1.0966940439113368E-4,3.075629648873564E-4,7.893452065297404E-5,7.684944698746382E-5,0.005415510796422742,2.5429720858893053E-4,1.0,5.06322446437368E-5,1.5950763910332235E-4,1.6465177786925765E-4,3.3657058950207E-4,0.001003432701114308,5.056214909909144E-5,0.012094908045692934,0.03933730393136064,0.0017938046093830293,0.0016346297899947212,8.02982318638986E-5,2.637726577155731E-4,0.0017394745270168281,6.630711676868949E-4,1.7214264084289537E-4,0.006695172321735485,5.327870396484672E-5,2.1040271600765385E-4,1.8805591797212845E-4,5.264344828729076E-4,0.02781699247687633,3.455363602760225E-5,2.8108280028783393E-4,2.386672862371755E-4,2.283950321259948E-4,3.207150199048283E-5,0.009488870838936991,1.7665813886080713E-4,7.633527430974817E-5,2.284628408899348E-4,5.904776549510904E-4,9.522783612942435E-5,1.9221430384329169E-4,7.686016397168603E-5,0.001468903135543152,5.736410313430699E-5],[0.009794055974729161,1.7614654593713653E-5,0.005745151481535343,9.684588331744405E-5,2.8869650089827806E-4,0.003031406139217122,4.342135086636069E-5,0.0011855829900230966,7.520768290026022E-4,8.575513260593861E-5,0.023845698612053955,1.4737190065236509E-5,1.2939988249528915E-5,0.01008707980829254,0.0019819819958307276,5.06322446437368E-5,1.0,9.887768963560181E-5,4.644975409068503E-5,0.0015901338657984428,6.461513837514912E-4,1.3680665738323323E-5,0.0024202069832337156,0.00318895532250324,0.001342803173549211,0.003936836299091525,1.4067294425184688E-5,2.4261662813303018E-4,0.0022658885618821608,4.801280387180418E-4,8.328081064169115E-4,0.0053616745475086715,4.620305665382291E-5,5.080673680923208E-5,3.939692128814712E-5,0.001527250602116824,0.020826768836844613,1.4765777776563859E-5,3.407901380885239E-4,4.7325597699376576E-5,9.691884938628834E-5,1.4378423283913562E-5,0.0033539897219620305,2.3365311144375972E-4,1.550890049419938E-5,1.1038319117956452E-4,0.0011565693189399629,1.0421069071674252E-4,1.5311023486059102E-4,1.451171130082738E-5,0.001041658794032573,1.4885113131881407E-5],[6.372432393684805E-4,1.3361234961953766E-4,0.002721621879447693,1.6944076470173935E-4,2.027371081185116E-4,0.005672836952555614,1.5649757979830978E-4,0.0025012522247175296,6.093422442789944E-4,1.729093829483827E-4,0.015130818258013295,1.256080094311449E-4,1.2465731362223313E-4,0.008567841668376382,0.001527289779866844,1.5950763910332235E-4,9.887768963560181E-5,1.0,1.9649332143382205E-4,6.870359991914355E-4,8.852173855083999E-4,1.393428229310345E-5,0.02357364863448996,0.028498567044367654,0.001804722632760618,0.0024059881187334913,2.7605705543822138E-5,2.1970349899872116E-4,0.00225322388677003,9.910830407951331E-4,8.962302513227843E-4,0.0025388001392689934,1.719904123958975E-4,8.573892569718735E-4,1.994058850155191E-4,0.004353631210361098,0.008074976113762095,5.556384896842908E-5,3.353990361535426E-4,2.3204840244424232E-4,2.1257375200767122E-4,1.8379025050707654E-4,0.004610220960754545,2.2637570705032347E-4,4.979500048194936E-5,3.7292539045763093E-4,8.025932166408412E-4,1.6643949377692004E-4,1.967541836957758E-4,1.7671108373477876E-4,6.8815733005202E-4,2.3044977082045615E-5],[0.004230544679204524,1.0915716083847103E-4,8.088321720229546E-4,1.0277809784786551E-4,2.9886618187181525E-4,0.0053807942833763635,1.4650001443949751E-4,5.005732633765244E-4,0.0010659945914192866,1.1857486708257853E-4,0.015969533536831705,2.3275656545900386E-5,1.8445784076722945E-4,0.007745418427651785,6.707806953779277E-4,1.6465177786925765E-4,4.644975409068503E-5,1.9649332143382205E-4,1.0,0.001341167065216934,2.202096392248699E-4,3.8552652211499305E-5,0.005185215372991645,0.008420604279933599,0.0014757816363761137,0.0029629844139196877,3.91270271972306E-5,3.166641762002338E-4,0.0018106179577342181,2.6921301196667133E-4,0.0012101742606471933,0.0012788339767526697,2.039310651048232E-4,8.693568873169844E-4,2.1839274086479028E-4,0.004766147765132497,0.006041683419060828,2.1288283513672305E-4,2.86986711401272E-4,3.6341094441976406E-4,2.320975436719666E-4,6.0785140792708304E-5,7.519285120427919E-4,2.3276498502314364E-4,1.264758549104053E-4,3.1558730336634483E-4,9.63125663231308E-4,1.9767390525999467E-4,2.1336014623852165E-4,1.7256157860053524E-4,0.0015510782388701593,3.1000135720081124E-5],[0.012780866538422236,0.002325252004468028,0.004186796389654407,8.294330249652861E-4,0.002289174237691152,0.004028638312065529,0.0010022447990097243,0.002605919333798398,0.0017218049377950167,7.816634100069975E-4,0.01238126291140872,0.0018257235971450366,0.0011164316825808367,0.00643745383627967,0.002751096080447373,3.3657058950207E-4,0.0015901338657984428,6.870359991914355E-4,0.001341167065216934,1.0,0.0018001911016375222,0.0011292026426868635,0.00410147818703836,0.022362345987184704,0.002427800903918833,0.0026619441101153724,8.372245640352032E-4,7.979355908242594E-4,0.002596804987828585,0.001707217300038805,0.0026927205743568776,0.009222177149440491,2.3040396740670732E-4,0.0024913917415658616,0.0021380153861881327,0.005706591232961838,0.01771400556608996,9.235276722062865E-4,0.0011110557142684982,0.0021451484701985844,0.0019745043148842287,0.0011795384412490219,0.008064474300047631,4.891143983194621E-4,0.002371043456950288,0.001080136028582215,0.0015117175431776885,8.342621691777562E-4,0.0014788398309118207,0.0020673557334449687,0.0020641213469661046,2.6348819221962404E-4],[0.0029893997514503032,5.9238187555066724E-5,0.004537024227510211,9.154065312617013E-4,7.294206662024081E-4,0.0015763296950358184,4.0282064362320147E-4,0.0021821572010649916,0.0011951359798962058,6.512370029066335E-4,0.014503079745902897,6.442495300223375E-4,0.0010688862277393107,0.0020241120098526753,0.0027649815277524603,0.001003432701114308,6.461513837514912E-4,8.852173855083999E-4,2.202096392248699E-4,0.0018001911016375222,1.0,3.4437184447063556E-4,0.020673572366150673,0.014739901191612908,0.0013059579294572368,0.0019429494885881602,2.780006046980387E-4,0.0010996398143344565,0.0023965753328757744,0.0011156903787117557,0.002461226946669326,0.004657759643792829,4.3653563659749276E-4,0.001115967306814779,9.577558620842658E-4,0.00368743678200576,0.0031580648980880166,4.0578682830301493E-4,8.574526265303531E-4,3.884431731674487E-4,8.18541305045701E-4,1.890650707842378E-4,0.001800643183125609,5.227119978588859E-4,2.445331042612092E-4,6.872896490201112E-4,0.0012115468300112019,4.749926008709184E-4,4.350427367851965E-4,7.63792853511298E-4,0.0014693088865511536,7.772915308686344E-4],[0.0173783527344472,1.5714322362808064E-5,5.473215397046034E-4,3.504008225565514E-5,4.0380133042586594E-5,0.00287731480194587,1.0755925936340906E-4,0.002237958927120456,0.0013238512424592586,2.4801358405783698E-5,0.030379264826753315,1.4588298236800073E-5,1.2042016997468187E-5,0.006570209833973402,0.0016013945267180244,5.056214909909144E-5,1.3680665738323323E-5,1.393428229310345E-5,3.8552652211499305E-5,0.0011292026426868635,3.4437184447063556E-4,1.0,0.02601431138639509,0.03775325982497708,2.5209876177192237E-4,0.00206347926306293,1.1973465767816897E-5,1.8560398593935872E-4,0.0012730196957722849,5.605194155888408E-4,2.511956631223944E-4,0.003982878983641706,4.484568679668286E-5,2.50857378318628E-5,8.463365674098293E-5,0.0012887563210691657,0.019676686014501073,1.171199306124706E-5,2.537377082031136E-4,2.845400379684813E-4,2.0584303944813016E-4,1.2608890686974845E-5,6.012436213018884E-4,2.0841701933596303E-4,1.7238060462119245E-5,1.9090313250588612E-4,5.807111477556526E-4,2.5153993903298525E-5,1.254626272043108E-4,1.262959719877807E-5,8.697595289779195E-4,1.4065039454437274E-5],[0.02660086438003812,0.033216671010382094,0.011050287152075854,2.7142404497949396E-4,0.012014162231731133,0.015435070506013962,0.025542761640938872,0.015486010335702039,0.007072603304623351,5.77336734613683E-4,0.039666008259652615,0.029896861903627774,0.029972955023594816,0.018357993234396255,0.019507054948883662,0.012094908045692934,0.0024202069832337156,0.02357364863448996,0.005185215372991645,0.00410147818703836,0.020673572366150673,0.02601431138639509,1.0,0.04418624147315467,0.0055642249239356125,0.020178418344200855,0.014012371298329603,0.0012228218667146608,0.028035134897908348,0.02775498103573396,0.0037035907741974,0.028826793006122585,0.005900332933436505,0.007651020081126769,0.020261777916862074,0.022014945168784942,0.028777690710110177,0.031085529025446992,0.019837424104030593,0.027467322370126862,0.020386628240594493,0.03242731755854391,0.018618236932760962,0.01562663439469418,0.025384503929992648,0.014520573004800766,0.014380532058708411,0.02247316014703757,0.020955565175077275,0.010764757896872592,0.002139076612653884,0.03182142081828638],[0.021999732185142014,0.02007116786124071,0.04177118632875859,0.009261573697075764,0.034393140438650736,0.027140734650284153,0.012771904186954439,0.0035540916926773847,0.008231649115904098,0.04695892600607768,0.04646528417373053,0.014707226187025196,0.014009781891366237,0.03744016494879864,0.008964470344629187,0.03933730393136064,0.00318895532250324,0.028498567044367654,0.008420604279933599,0.022362345987184704,0.014739901191612908,0.03775325982497708,0.04418624147315467,1.0,0.023995922994415303,0.006606691450967794,0.015353166591848856,0.03352414270276064,0.041728297719986034,0.025595554920129267,0.010234200614174276,0.022847580851048016,0.022245076599374504,0.03211437874461276,0.006735171885209752,0.03199666892546876,0.037031483046666466,0.04554857168239435,0.041316446634901555,0.027293438980963303,0.013963304254560147,0.0025370177019337506,0.011535866740499315,0.043633429976102006,0.03843045530289912,0.026414554206327934,0.021451799565273696,0.043354424381132704,0.04172681658541571,0.037440057207360836,0.036939084114811484,0.028104628323430563],[0.004124144209989689,5.138974167812793E-4,0.008235645538916437,8.213742669118276E-4,0.001170664021645701,0.0025385715134691412,0.001261651575193133,0.0024080443017723413,0.0018264917472317647,7.491345175382878E-4,0.003173215940003315,0.001079151163509625,0.0013971537377251572,0.004518078309377669,0.002875925586631214,0.0017938046093830293,0.001342803173549211,0.001804722632760618,0.0014757816363761137,0.002427800903918833,0.0013059579294572368,2.5209876177192237E-4,0.0055642249239356125,0.023995922994415303,1.0,0.004296868509475847,7.413072376405207E-4,6.874708849609496E-4,0.002493205123884101,0.0014198540049241226,0.0025033769047736413,0.007126243111068777,0.0010761532038589747,0.0013048584273022557,0.001153704802811854,0.005783009054378183,0.01935517923225377,0.001216236785525429,7.290285896619563E-4,5.538787849979378E-4,0.0016675931536890458,4.42592119544184E-4,0.008265372313990419,0.001639762425045444,4.114006498881985E-4,0.0018639089879994408,0.0015937404397529328,0.0017662200081589863,0.001062740483897529,0.0012137635675939058,0.0019092935717496212,0.0010237617262143558],[0.007906402306311686,3.2294770242625054E-4,0.007932701303100139,0.002859300197619498,0.0029898125995318258,0.00611904189814097,0.001777411427582221,0.003628352777988165,0.0046276694443400535,0.00192602924426344,0.02899290256709372,0.003235586362923941,0.003711043894187651,0.009999831287033138,0.0035574929725699592,0.0016346297899947212,0.003936836299091525,0.0024059881187334913,0.0029629844139196877,0.0026619441101153724,0.0019429494885881602,0.00206347926306293,0.020178418344200855,0.006606691450967794,0.004296868509475847,1.0,0.002388150409334751,0.003693385432151735,0.003694239271694522,0.004425971160412461,0.0042555243092894605,0.008308790230054966,3.425800503361901E-4,0.0036604973692828183,9.88035513896526E-4,0.005545196773621964,0.008242561503550011,0.004484235734864575,0.00285258093083777,0.004778053322828345,0.0011316502620886536,0.002546276212685372,0.0058718788720517326,9.302074722407791E-4,0.0014567777740931904,0.00143439783156712,0.004739937837736477,0.0030729583165453127,0.002519924111471877,1.251410147678246E-4,0.0021834486747858563,0.004416696166465016],[0.0187695136639499,1.179097061347063E-5,0.002111226416623957,7.396719357588955E-5,1.7195617046233208E-5,0.006335008721318894,1.318126381253432E-5,6.949202891231642E-4,0.001519530733060616,1.054089843796071E-4,0.02330911242634108,1.2348062360486208E-5,1.1664955910562842E-5,0.0074708293366244835,0.002133950475735279,8.02982318638986E-5,1.4067294425184688E-5,2.7605705543822138E-5,3.91270271972306E-5,8.372245640352032E-4,2.780006046980387E-4,1.1973465767816897E-5,0.014012371298329603,0.015353166591848856,7.413072376405207E-4,0.002388150409334751,1.0,2.576841475191311E-4,2.853361314214821E-4,8.040517910029457E-4,0.0023838363043310416,0.004038252340188884,2.562618830100943E-5,2.781747070687945E-4,8.466616119868875E-5,0.0011256106292432237,0.013817004847550014,1.1518375164172881E-5,6.380628284091745E-5,1.2859315459867819E-4,4.4303131462557975E-5,1.2276614318033547E-5,0.003850150908910941,8.069697600674895E-5,2.2806046834875115E-5,2.924378587091574E-4,1.2749040773142364E-4,2.8412810583636605E-5,2.2869807180903695E-5,1.3349010054416047E-5,0.001271289673369527,1.262174287972187E-5],[0.01569918386655938,3.7483148312166426E-4,5.974768440566076E-4,3.872749308928006E-4,3.5412519676183746E-4,0.003795317543036754,2.602131320359988E-4,0.0017089388890728489,0.0014911280379779099,3.547970768826541E-4,0.04132316167331918,3.2818847514959806E-5,3.144114945975791E-4,0.005600199514816826,5.276040152262808E-4,2.637726577155731E-4,2.4261662813303018E-4,2.1970349899872116E-4,3.166641762002338E-4,7.979355908242594E-4,0.0010996398143344565,1.8560398593935872E-4,0.0012228218667146608,0.03352414270276064,6.874708849609496E-4,0.003693385432151735,2.576841475191311E-4,1.0,0.0016435525182598655,5.941502022291951E-4,0.002059190278555901,0.0030330183112524493,2.9482230590629403E-4,9.120898279440586E-4,3.574079239274597E-4,0.0043010744593191645,0.0010295639495506777,9.787152447247132E-5,3.683260155506029E-4,3.7256651483806753E-4,3.7755093179068307E-4,1.3674190697716247E-4,0.004725670982152725,2.832067153381722E-4,1.8598725112197928E-4,4.249416617238696E-4,7.379653193165727E-4,3.432759322535494E-4,2.6872467358313314E-4,1.4385803739155526E-4,0.0010998964315602259,2.4047433005592905E-4],[0.020405892626276144,0.0012651881309929179,0.004284730740263177,0.0019091074786875756,0.0024635116235756102,0.004878610696673443,9.887908375148E-4,0.0025604460825454987,0.0016895754357191797,0.0012833533271683888,0.01911295613498904,0.0022011484024385694,7.240343546125135E-4,0.006719157068049773,0.0025611130542208213,0.0017394745270168281,0.0022658885618821608,0.00225322388677003,0.0018106179577342181,0.002596804987828585,0.0023965753328757744,0.0012730196957722849,0.028035134897908348,0.041728297719986034,0.002493205123884101,0.003694239271694522,2.853361314214821E-4,0.0016435525182598655,1.0,0.0018613004081056692,0.0026945931044061763,0.0033643548320433417,0.0022532923555257742,0.0023236316333102155,3.140977935425152E-4,0.003649403135389408,0.024990183555719712,0.001303737365000676,0.0024906984342526433,0.002317120122731553,0.0019534799332982613,9.891673042151119E-4,0.005995794112199965,7.328747873759413E-4,4.460351948835637E-4,0.002524121152548521,0.0019313101589586846,1.814398053679758E-4,0.0017794775440857639,0.0019554475355486544,0.0022136104860013494,2.684551495399752E-4],[0.004212322796920482,4.51768999974127E-4,0.005966092354938822,7.369698421201763E-4,0.001049526513784603,0.0051963968971532395,2.3448600083662786E-4,0.0011763212362087218,0.00149467318879956,9.84524146316258E-4,0.013410853205605788,9.23080485305351E-4,9.409265626203825E-4,0.0020759208506318143,0.002074513122149776,6.630711676868949E-4,4.801280387180418E-4,9.910830407951331E-4,2.6921301196667133E-4,0.001707217300038805,0.0011156903787117557,5.605194155888408E-4,0.02775498103573396,0.025595554920129267,0.0014198540049241226,0.004425971160412461,8.040517910029457E-4,5.941502022291951E-4,0.0018613004081056692,1.0,0.0015633817650728952,0.01042451586392591,4.4969336526603154E-4,0.0011188544489004323,3.536613959717062E-4,0.002882406073997445,0.017232700710957106,4.7034832543703967E-4,9.91928229538525E-4,4.4060455241723244E-4,5.109463118778692E-4,1.5856074371494109E-4,0.005952065900928307,6.339725076360452E-4,8.636487026133142E-4,8.925847237385807E-4,0.0011565792078806509,0.0011013532853839673,8.251254456862329E-4,1.0356391992752589E-4,0.001621548192470674,1.2835266370557415E-4],[0.015119835827506369,0.0011128593974053143,0.007428112461743672,6.779577083128889E-4,0.0010750808131941778,0.006669994037847799,0.0015472143388503678,0.0026239295479245687,0.0017455257652789233,4.917165256818372E-4,0.016290717873626,0.0025722919329377756,0.002190089795256044,0.006474979446536496,0.002978468002837773,1.7214264084289537E-4,8.328081064169115E-4,8.962302513227843E-4,0.0012101742606471933,0.0026927205743568776,0.002461226946669326,2.511956631223944E-4,0.0037035907741974,0.010234200614174276,0.0025033769047736413,0.0042555243092894605,0.0023838363043310416,0.002059190278555901,0.0026945931044061763,0.0015633817650728952,1.0,0.009141707417974945,4.69487118532423E-4,0.0022985305058731455,0.0022096067003672423,0.004025048994550891,0.020045588386881218,0.0016051416695069044,0.0019376941403157712,0.002092398186148324,0.002133444401958786,0.0017666643753236138,0.003812499589683423,0.001929072404022385,4.346689972881944E-4,0.001385651965556257,0.0015924469903855491,3.970954226794821E-4,0.001217203752709919,0.0014437567306965784,0.002300405971453561,1.9200284594473105E-4],[0.019449466237087973,0.008006900351679802,0.00906695018322334,0.0016481849348724306,0.010159375829142659,0.008746969662912003,7.789306292067192E-4,0.00978527180846774,0.010092566143785835,0.007427188073645477,0.02772179000595163,5.767303924044305E-4,0.01084729688754346,0.011170285397102063,0.005527874880314428,0.006695172321735485,0.0053616745475086715,0.0025388001392689934,0.0012788339767526697,0.009222177149440491,0.004657759643792829,0.003982878983641706,0.028826793006122585,0.022847580851048016,0.007126243111068777,0.008308790230054966,0.004038252340188884,0.0030330183112524493,0.0033643548320433417,0.01042451586392591,0.009141707417974945,1.0,0.007742919461479245,0.011039459280866304,0.006309495052124786,0.011026659861900968,0.022377642079104455,0.01003917997700273,0.004741866078862835,0.00912424320081372,0.005290500863749414,0.0022259648675465814,0.010524863562313354,0.006888484577749367,0.005592592081629656,0.010338253955996461,0.006271198765722111,0.007536236429928588,0.0045756782985336576,0.009070014020051415,0.006290406856468346,0.006221868853964286],[0.011881393696630356,3.5403893978433686E-5,0.005077856706132427,7.523062715598262E-5,7.605255274174563E-5,0.005167304560649376,4.9936402951132826E-5,0.0019968504715689953,3.663305537723469E-4,7.802303861089062E-5,0.014445926691756556,2.0194747307205155E-5,1.3386634320662153E-5,0.005240057631481381,3.442040679349651E-4,5.327870396484672E-5,4.620305665382291E-5,1.719904123958975E-4,2.039310651048232E-4,2.3040396740670732E-4,4.3653563659749276E-4,4.484568679668286E-5,0.005900332933436505,0.022245076599374504,0.0010761532038589747,3.425800503361901E-4,2.562618830100943E-5,2.9482230590629403E-4,0.0022532923555257742,4.4969336526603154E-4,4.69487118532423E-4,0.007742919461479245,1.0,6.092140783137678E-4,1.9951443856213385E-4,0.0012506868743627027,0.006730688740358512,4.7959366482929364E-5,8.147083415600519E-5,5.270957887283156E-5,1.8790659730776784E-4,3.385572996255593E-5,0.005944845919284181,1.961221822206759E-4,4.692545912638815E-5,2.1319512300176094E-4,3.778381554259046E-4,1.2816116432207007E-4,1.2764480437472105E-4,1.650060457085207E-5,7.77288620722856E-4,3.665129613439847E-5],[0.003928157270063862,7.837084573541364E-4,0.00559819890700773,3.512374068752501E-4,9.845928038278101E-4,0.001667390233867289,2.1074091274972726E-4,0.0023391673123216387,0.0014681265868587562,8.519074251823624E-4,0.029357206554618376,7.096579576844613E-4,1.3339242844567523E-4,0.0025297731668963664,0.002345501519976991,2.1040271600765385E-4,5.080673680923208E-5,8.573892569718735E-4,8.693568873169844E-4,0.0024913917415658616,0.001115967306814779,2.50857378318628E-5,0.007651020081126769,0.03211437874461276,0.0013048584273022557,0.0036604973692828183,2.781747070687945E-4,9.120898279440586E-4,0.0023236316333102155,0.0011188544489004323,0.0022985305058731455,0.011039459280866304,6.092140783137678E-4,1.0,0.0010983240059346294,0.002964614543213288,0.010729669081333534,4.2464647562898676E-4,5.170687365966762E-4,6.129978691683859E-4,8.851594859476693E-4,6.324518295175415E-4,0.0021837969199419195,8.58960675120589E-4,0.0010463551684133927,5.63747985122421E-4,0.0011256592112091452,6.921457628711967E-4,8.20956443080473E-4,2.981698699198255E-4,0.0016816486063935031,0.001089401666328637],[0.00714752207456161,1.0478856737757899E-4,0.004050666256662704,1.1682503963219829E-4,2.6338493414393134E-4,0.005019770094254851,1.4135673784752885E-4,0.0014435208443870171,3.5127768225340654E-4,1.9973511119403064E-4,0.011234606745809696,1.6862021677092686E-5,1.5842678008323814E-4,0.004929821467708683,0.001337334633617425,1.8805591797212845E-4,3.939692128814712E-5,1.994058850155191E-4,2.1839274086479028E-4,0.0021380153861881327,9.577558620842658E-4,8.463365674098293E-5,0.020261777916862074,0.006735171885209752,0.001153704802811854,9.88035513896526E-4,8.466616119868875E-5,3.574079239274597E-4,3.140977935425152E-4,3.536613959717062E-4,0.0022096067003672423,0.006309495052124786,1.9951443856213385E-4,0.0010983240059346294,1.0,6.007692544201075E-4,0.022454400086118056,8.068613198870952E-5,3.110129421960752E-4,2.3623547698841242E-4,2.285618293423531E-4,1.1907235239072073E-4,0.002407709742869516,2.2658776744813569E-4,1.6142948629126148E-4,2.9056381615841643E-4,4.211788486687974E-4,1.339578369220252E-4,2.041390455940798E-4,1.3829467501752345E-4,0.0010676486982131807,1.7104444509130818E-4],[0.011152646987327524,0.002409681609233194,0.008261640656397068,0.0035670123045756282,0.003975350983870137,0.006771048949031489,4.88309034842555E-4,0.005469424906432933,0.0053572230365931915,0.0051634394008000335,0.022363284818241395,0.005019482554842431,0.0035744939410198968,0.009272325865119752,0.004253032393070151,5.264344828729076E-4,0.001527250602116824,0.004353631210361098,0.004766147765132497,0.005706591232961838,0.00368743678200576,0.0012887563210691657,0.022014945168784942,0.03199666892546876,0.005783009054378183,0.005545196773621964,0.0011256106292432237,0.0043010744593191645,0.003649403135389408,0.002882406073997445,0.004025048994550891,0.011026659861900968,0.0012506868743627027,0.002964614543213288,6.007692544201075E-4,1.0,0.023367799839073555,0.005390304786370005,0.003626041203532892,0.003681420440351491,4.562049052674386E-4,0.004708264026838012,0.007683448629900021,0.005468546519253406,0.00200400853357367,0.00229422978339459,0.005611767731724887,0.0036476715615667166,0.0050770678683221175,0.004571862506762643,0.0022148780896106284,0.005240184716510315],[0.02657231830687589,0.01015780996313043,0.023012547862830905,0.016301135691466268,0.0074807212204636925,0.027446518980959404,0.021057658470350373,0.011881688016991026,0.007529119156927258,3.06521495018233E-4,0.03604981524675655,0.023154906857487723,0.0177235828714183,0.015640066695527498,0.0064933598461479345,0.02781699247687633,0.020826768836844613,0.008074976113762095,0.006041683419060828,0.01771400556608996,0.0031580648980880166,0.019676686014501073,0.028777690710110177,0.037031483046666466,0.01935517923225377,0.008242561503550011,0.013817004847550014,0.0010295639495506777,0.024990183555719712,0.017232700710957106,0.020045588386881218,0.022377642079104455,0.006730688740358512,0.010729669081333534,0.022454400086118056,0.023367799839073555,1.0,0.005902103498494592,0.017