[[1.0,0.007273751952326164,1.2612093223863388E-4,2.109469710234468E-5,0.010622572569177601,5.971379880519103E-4,3.428299905514504E-5,2.969814132308949E-4,2.3843385914040462E-4,1.6877070180350244E-5,1.984363067912315E-5,0.002962945879569654,1.3657518931855679E-5,2.150369310987156E-4,5.560211498781458E-4,1.5823511481507184E-5,9.660086905085629E-5,9.797575342574071E-4,0.011644233022628247,3.1809643000997226E-4,1.0279867408498563E-4,7.575653446705982E-4,0.014148125001948869,0.00517349471862155,1.5716535225241982E-4,0.0010306912577862342,1.704125429753583E-5,5.8854409677312435E-5,2.562243741634702E-4,0.0014812437417796465,1.817227739669036E-4,5.658684694480623E-5,4.461689203977925E-5,0.0034843336754317583,1.7523560903765338E-4,0.003762745636730916,5.8716902017707E-4,1.8442810516939674E-5,1.3285188521872012E-4,9.741052905044591E-5,0.0021922564254942003,3.423570030175286E-5,0.001007149548567517,8.131769709896191E-5,2.8174146244026856E-5,0.0013327954169586717,4.531820732538669E-5],[0.007273751952326164,1.0,0.0017770264079638419,0.01024986870150403,0.018987684513144372,0.004081797686152316,7.504868411053533E-4,0.008466469813611464,0.003108679784906017,0.00201132960524689,0.0012476860157251673,0.010438833873380954,0.007890342462321587,0.00620363035065,0.0038980782565870517,0.002609883382819981,0.009564649897179133,0.006696145503175658,0.014433409807371024,0.009406537659242105,0.004905311669015212,0.007512632594704178,0.014967919132732096,0.014023660883248277,0.010553943275010646,0.010786747432261663,0.010017130651992551,0.002957299823334512,0.0017305258099433955,0.00504195958634313,0.003556665287843953,0.002190125724986403,0.0052074379672919675,0.005840054977617407,0.0025757908072655787,0.017052617808653005,0.004947064624020335,3.5935636108911387E-4,0.007042068126000533,0.007593265847262245,0.010803529455004469,0.009314286491404358,0.008624247066761685,0.006432130928810011,0.003447380703197702,0.010227647324617204,0.008530306209584566],[1.2612093223863388E-4,0.0017770264079638419,1.0,1.3045660111200312E-4,0.012738762200873874,0.0016804341823996288,2.650149278670355E-4,3.729009742295355E-4,4.329147673880178E-4,1.482652130130658E-4,1.1772869574347503E-4,0.0017643413366107796,2.2154432554613934E-4,0.001682808378339691,6.665083871267921E-4,2.480176097236846E-4,1.5656636817547705E-4,9.567013185156955E-4,0.010701778975598066,2.9490988417087474E-4,2.60381118014368E-4,0.0010658895483057504,0.006817996679101534,0.004190935438321879,2.741475890966569E-4,0.007137082409663969,2.7127329027496265E-5,1.9907337044635043E-4,3.9276144470597413E-4,0.0027149353856867693,4.349877003505038E-4,0.0010844702167909668,2.4980164917211945E-4,0.005311805186848629,0.0015736733377032938,0.021528892424469682,3.3615788561437547E-4,6.431259734270998E-5,2.5561987083399157E-4,1.6926868767251188E-4,0.005093339916623374,1.857611863904361E-4,4.603992353066723E-4,2.161362942494625E-4,4.9198509575704426E-5,0.0012624081599049521,2.79690788893954E-4],[2.109469710234468E-5,0.01024986870150403,1.3045660111200312E-4,1.0,0.007680439046920709,0.0012722636345918166,6.054897827219649E-5,3.64177611340962E-4,2.822235933469335E-4,2.54110927016901E-5,2.358665915688599E-5,0.009300450458799289,2.4406208270027607E-5,2.0891385923186437E-4,7.266176461109177E-4,1.555864224354485E-5,9.901556002911367E-5,0.0013093214011039036,0.018558688448673682,1.0688307752065217E-4,1.5596318341540703E-4,2.5188228473234196E-4,0.010416397091060832,0.012345342250521715,1.8615619642578429E-4,0.005551810538543196,2.2050759982043514E-5,3.746761314607952E-5,2.852622399358884E-4,0.0013016256218248044,8.870163393626712E-5,3.98190994939371E-4,5.458343868112321E-5,0.003135975721151641,0.001414731746596619,0.012018593972528864,8.314640112950612E-5,2.638127570935702E-5,1.6229880588967794E-4,8.659216448833242E-5,0.008975161505270512,8.454122045226857E-5,0.0016274398146324262,7.956784529662812E-5,4.304546397083432E-5,0.0012417253814596433,9.610050628706611E-5],[0.010622572569177601,0.018987684513144372,0.012738762200873874,0.007680439046920709,1.0,0.010992400959099905,0.035791153794665784,0.03588124765062677,0.005753675571119305,0.015500305845697913,0.001965447317294224,0.0264337729675033,0.011960993628046628,0.027728245467835595,0.01373472047681805,0.01595254723496009,0.005673459547550848,0.022466661535247838,0.03497280690023373,0.002860842677830595,0.009758807879589469,0.017748351903861186,0.022225119028408714,0.02883519114323434,0.031419761793718075,0.01260528096188749,0.007558060952852738,3.787969054126315E-4,0.03723696139563877,0.027809694055015422,0.023115877033774424,0.0033085946154657684,0.010241343878097157,0.019832307887111107,0.012208359224889038,0.035908060506861655,0.02611370299037433,0.03142730527513461,0.012919420253948825,0.026602918816128855,0.02374152283938364,0.013187241022584084,0.010613060163682141,0.030506651697745704,0.005754586763956165,0.029754864712736806,0.026873349244788874],[5.971379880519103E-4,0.004081797686152316,0.0016804341823996288,0.0012722636345918166,0.010992400959099905,1.0,0.0018360451386804743,0.0011698026415052649,0.0010994788614120416,0.002352994409770589,0.0015937187277924223,0.009563334968715642,0.001965575666155366,0.002027646717711139,0.002079956208008028,0.002104413577493196,0.0014153635922770985,0.0025778964861130436,0.010838013375463225,0.0023604863714993124,7.909386441188339E-4,0.0014871292047654288,0.01589112888515071,0.00503852747880483,0.002327389227615599,0.004456355711042622,0.0019637906608535073,9.343573876829491E-4,9.056232563425561E-4,0.0025186886881777195,0.002260601513302378,0.0022134567453017035,0.001991942333344964,0.0032575870050831177,0.0020734587049068202,0.007257286363591928,0.002172527039234291,2.4226967597786134E-4,3.042355190994786E-4,5.467458067313223E-4,0.006348365062294534,0.0010053302844277036,0.0024025471355644144,6.980556312168702E-4,4.324334827139341E-4,0.0013840290433555945,0.0016404901283804964],[3.428299905514504E-5,7.504868411053533E-4,2.650149278670355E-4,6.054897827219649E-5,0.035791153794665784,0.0018360451386804743,1.0,2.5460652837820186E-4,4.134741208720235E-4,1.836863018977437E-4,1.2141559526549495E-4,0.006536270674243249,2.354057454547946E-5,0.0015928326368683334,6.754152333485119E-4,2.8776730327127476E-5,1.7816503703183074E-4,0.001208755167726028,0.011650599406811452,2.494208429329202E-4,2.0472729646502265E-4,7.090951512665887E-4,0.01806919233333232,0.004738608448539805,2.4686592792164553E-4,0.010777073312239524,2.347761114707614E-4,8.940727561760118E-5,4.162884928759422E-4,0.0018327072834835026,5.044160533580752E-4,3.327017193835922E-4,1.991148898892333E-4,0.0035226797309467414,0.0010777854925679304,6.430632553418303E-4,2.6042628630937526E-4,1.0284717333538553E-4,2.3053036363926166E-4,2.2317746439455736E-4,0.0015578120976901281,1.7099854073009309E-4,0.002760112214722843,1.1303506115450571E-4,8.281433983398852E-5,6.80634498362209E-4,2.7745010461646804E-4],[2.969814132308949E-4,0.008466469813611464,3.729009742295355E-4,3.64177611340962E-4,0.03588124765062677,0.0011698026415052649,2.5460652837820186E-4,1.0,4.2766426716413843E-4,1.944582994407033E-4,1.9074904237472936E-4,0.009123838424675146,1.961722664793659E-4,0.0016007651592747007,9.273891821334091E-4,2.763975894524799E-4,2.369786329670369E-4,0.003246653526160569,0.016600937837866776,3.5202914987360356E-4,3.440284871780568E-4,4.5054712080914636E-4,0.0025606789846995444,0.009938523366877136,3.6440365086791665E-4,0.009475939944285519,1.638532244641793E-4,2.2322793040985075E-4,5.085901658358125E-4,0.0016611023718963083,5.463916229788044E-4,9.441092486217187E-4,3.2444888742225696E-4,0.004325139629793672,0.0013620729098124467,0.01811325597233606,4.4239842730310993E-4,2.0254937829576437E-4,3.278088776093223E-4,3.884809165788054E-4,0.0015575472853238334,3.6115603014522904E-4,0.0027817297574783155,2.0588048825727275E-4,1.956650538300708E-4,0.0011777917593878383,3.820903105747269E-4],[2.3843385914040462E-4,0.003108679784906017,4.329147673880178E-4,2.822235933469335E-4,0.005753675571119305,0.0010994788614120416,4.134741208720235E-4,4.2766426716413843E-4,1.0,2.7944261735752147E-5,1.6545924575704895E-4,0.007934787210216296,1.638569636796886E-5,6.779275109625696E-4,7.436020878335431E-4,2.64879699937185E-4,3.1844440412553694E-4,0.0049821888169567525,0.013040759691337434,4.2951964835334107E-4,4.1889222960169505E-4,5.371345658269469E-4,0.016714921872844752,0.007641548462815147,4.61487863492758E-4,0.003230997593848353,2.683587140422512E-4,1.5269695835353647E-4,4.8777410995454163E-4,0.002977935001995656,6.138290229866659E-4,0.0012549637336466805,2.4340107138514868E-4,0.0017560489462827378,0.0013372151298012534,0.020827626724906668,5.788160683811916E-4,3.815772810711315E-4,3.1989843492010594E-4,3.5712885811343476E-4,0.010681923329560276,1.5885765656131154E-4,0.0015230079793079308,1.7946162587062118E-4,4.4431316822613414E-4,0.0013459389430273982,4.3514740874749406E-4],[1.6877070180350244E-5,0.00201132960524689,1.482652130130658E-4,2.54110927016901E-5,0.015500305845697913,0.002352994409770589,1.836863018977437E-4,1.944582994407033E-4,2.7944261735752147E-5,1.0,1.8558934849141072E-5,0.001623377244515337,1.1784964403748837E-5,0.001059633370438557,0.0010186533420965145,1.4260230303967216E-5,1.1076570074601783E-4,0.0017067338090189911,0.014268564815798546,9.758141164370332E-5,1.9002529908669294E-4,0.0010306448917466813,0.016966090891220562,0.002994628835839731,6.765239498192975E-5,5.075696331324801E-4,1.1725025746217352E-5,3.8745312623127285E-5,4.081204797698993E-4,0.001440987256940637,4.315040010391646E-4,0.0010491515972391654,7.271262627508864E-5,0.0024453682990259818,3.1313120100364355E-4,0.01415812381595177,6.004137359922078E-4,1.4404692814696454E-5,2.928144170741332E-5,7.80444557743722E-5,0.003193038606480568,1.860667950430596E-5,0.0011001920969076484,1.707279230209715E-5,1.901350077921355E-5,4.5778119503978314E-4,2.93161073289673E-4],[1.984363067912315E-5,0.0012476860157251673,1.1772869574347503E-4,2.358665915688599E-5,0.001965447317294224,0.0015937187277924223,1.2141559526549495E-4,1.9074904237472936E-4,1.6545924575704895E-4,1.8558934849141072E-5,1.0,0.006614592784961147,2.2124488301316848E-5,8.276729650060974E-4,9.715382045426448E-4,2.0883104313624002E-5,1.1341351936719697E-4,0.0026423386270009092,0.007991950739042422,2.0057366479789016E-4,9.244852802812766E-5,7.48793634364848E-4,0.012433610931838413,0.0172463981484706,1.0067942390501717E-4,0.0017775101725122304,2.0064935427924088E-5,4.7724465879781577E-5,2.4105021512736962E-4,0.0020953739529964675,5.000249410823986E-4,4.849127959348527E-4,6.692472537273044E-5,0.0054561100248180575,1.3574866230518022E-4,0.006985535895918489,4.5560975616199575E-4,1.9218524333407114E-5,1.1650539441553326E-4,6.0481563720839044E-5,4.2674145837693614E-4,7.567820021714269E-5,6.917904766573276E-4,3.7016040529816E-5,4.628821270707767E-5,5.7156235068476734E-5,3.1618578082493436E-5],[0.002962945879569654,0.010438833873380954,0.0017643413366107796,0.009300450458799289,0.0264337729675033,0.009563334968715642,0.006536270674243249,0.009123838424675146,0.007934787210216296,0.001623377244515337,0.006614592784961147,1.0,0.008776426213237709,0.008052817749703968,0.003097330782918252,0.005875248391632485,0.008118623802159414,0.009009899940623126,0.013311651267909418,0.009228180792536903,0.005100354581759915,0.007483214365830733,0.01839088686411998,0.013167933318758596,0.009977325388690925,0.010811825394532248,0.009607113134036999,0.003890154318700572,0.0062188877930891085,0.00788375549439251,0.0016575451536745933,0.0019240320029605324,2.84741719037771E-4,0.006235327571771585,0.003034590562574568,0.014960793117397179,0.004619678497690424,4.5461714276427906E-4,0.009334872750994828,0.010083972995111472,0.01082538383726938,0.008522697905810978,0.007974016193344742,0.00641909040583979,0.00575396264846052,0.0038230989051882243,0.008299075915648648],[1.3657518931855679E-5,0.007890342462321587,2.2154432554613934E-4,2.4406208270027607E-5,0.011960993628046628,0.001965575666155366,2.354057454547946E-5,1.961722664793659E-4,1.638569636796886E-5,1.1784964403748837E-5,2.2124488301316848E-5,0.008776426213237709,1.0,4.383798372273803E-4,9.150033313787788E-4,1.460535739095959E-5,4.035384434823185E-5,0.00333881544189714,0.014622925584116079,2.444556895732009E-4,1.3909108372138607E-4,8.095599928541644E-4,0.003311031005252609,0.019810361332183304,2.1817864255835442E-4,0.01053189834578629,1.4145526142704875E-5,6.29993101588361E-5,2.90492558716265E-4,0.001171105848149277,4.443990366158251E-4,6.181086926567899E-4,1.515787267580635E-5,0.0018141529086247448,9.752060293263229E-4,7.322461247282725E-4,2.028759323689309E-5,1.601402858915352E-5,1.0504403279230223E-4,2.3288542095808426E-5,0.008456033463484978,7.89163000521266E-5,0.002491674910042613,7.124393069235719E-5,1.4006938737620069E-5,8.053709845710596E-4,8.98327065388147E-5],[2.150369310987156E-4,0.00620363035065,0.001682808378339691,2.0891385923186437E-4,0.027728245467835595,0.002027646717711139,0.0015928326368683334,0.0016007651592747007,6.779275109625696E-4,0.001059633370438557,8.276729650060974E-4,0.008052817749703968,4.383798372273803E-4,1.0,0.0016857659160789736,0.0018559533040765986,0.0014973922449973672,0.003008991244242339,0.005784266015320894,4.861110854414649E-4,0.0014522312108912639,0.0017622137263936567,0.012887657044481308,0.016716043554579587,0.0018148465265425935,0.00745045441229413,0.0015157055900995077,0.0014873653631945383,8.474823766635587E-4,0.002856279428874871,7.534812076106663E-4,0.0016635904272376593,0.0018688255131212308,0.0038229136237542564,0.0017047068240173113,0.02591077111248437,9.414600843988836E-4,0.0010704438554631644,0.0011056374418978061,0.0013224079810800064,0.003758192662237601,5.25629074360324E-4,0.0022843296116811856,0.0018501076485036487,0.0014118712250955076,0.001674477526160678,0.0018717758887048788],[5.560211498781458E-4,0.0038980782565870517,6.665083871267921E-4,7.266176461109177E-4,0.01373472047681805,0.002079956208008028,6.754152333485119E-4,9.273891821334091E-4,7.436020878335431E-4,0.0010186533420965145,9.715382045426448E-4,0.003097330782918252,9.150033313787788E-4,0.0016857659160789736,1.0,7.165814340166884E-4,2.534035147365829E-4,0.0018701611358503314,0.007452128359887323,4.1017174465301696E-4,3.759344865165434E-4,0.0011987742829295263,0.008806895532217605,0.01218156286423647,5.930105875939897E-4,0.005178882126928538,8.204974240340663E-4,7.555894187572305E-4,6.996241243502531E-4,0.0015637520594656874,6.630851931735617E-4,0.0013548190946204195,5.243155706213421E-4,0.0011350028144041858,0.001321556218707899,0.0024422658299325115,9.184957564067995E-4,7.059622173763572E-4,4.7881117321933275E-4,6.39887115873672E-4,0.010863689384909146,1.2284586627513884E-4,0.002803990334263057,4.37022183011023E-4,4.7924048550111406E-4,0.0012457375810368903,8.869605697773768E-4],[1.5823511481507184E-5,0.002609883382819981,2.480176097236846E-4,1.555864224354485E-5,0.01595254723496009,0.002104413577493196,2.8776730327127476E-5,2.763975894524799E-4,2.64879699937185E-4,1.4260230303967216E-5,2.0883104313624002E-5,0.005875248391632485,1.460535739095959E-5,0.0018559533040765986,7.165814340166884E-4,1.0,5.545534566388516E-5,0.0030446170744941044,0.013201763460479079,4.584443012990073E-5,4.217260603694429E-5,0.0013339445916196633,0.018843646727034077,0.002232128075897202,2.4525121757910195E-5,0.007350335818926149,1.5145476422738803E-5,2.434658967512292E-5,2.0680887077837465E-4,0.0022748414966240428,5.5946239584226E-4,5.877657446061041E-4,3.5783006045933854E-5,0.0032582319269412333,0.0012510832315940931,0.009718535479524767,5.502839783778857E-5,1.5359395645696147E-5,5.221092319195647E-5,7.711331003991306E-5,0.010860000138770155,1.0107150254346466E-4,4.3330912618158894E-4,4.207626482537248E-5,3.365196799797575E-5,6.10152544438694E-5,1.5236795221008857E-4],[9.660086905085629E-5,0.009564649897179133,1.5656636817547705E-4,9.901556002911367E-5,0.005673459547550848,0.0014153635922770985,1.7816503703183074E-4,2.369786329670369E-4,3.1844440412553694E-4,1.1076570074601783E-4,1.1341351936719697E-4,0.008118623802159414,4.035384434823185E-5,0.0014973922449973672,2.534035147365829E-4,5.545534566388516E-5,1.0,0.0020197632697197625,0.01651179152871591,2.3314580195898753E-4,1.6033300581475409E-4,3.9822211430222583E-4,0.018683497927065074,0.021899505642236295,2.506897951059878E-4,0.0061998373817216115,2.676548441690068E-5,8.577836336869739E-5,1.6961246847490286E-4,0.001918041564396688,1.829456244781273E-4,0.001447114567019254,1.5656355773239363E-4,0.001649976924098506,3.7362603719818334E-4,0.025130657255765725,2.1489715088745322E-4,1.2095401973850569E-4,2.2117970176572187E-4,1.3868104509961486E-4,0.00862206672266907,1.3004335782009998E-4,2.9989092625563516E-4,1.1516553671152749E-4,5.745827498914387E-5,9.620522554068995E-4,2.5224414457666357E-4],[9.797575342574071E-4,0.006696145503175658,9.567013185156955E-4,0.0013093214011039036,0.022466661535247838,0.0025778964861130436,0.001208755167726028,0.003246653526160569,0.0049821888169567525,0.0017067338090189911,0.0026423386270009092,0.009009899940623126,0.00333881544189714,0.003008991244242339,0.0018701611358503314,0.0030446170744941044,0.0020197632697197625,1.0,0.018280125611038922,0.0011404978882299899,0.0017164742621569055,0.0016446025830324823,0.018111491903935253,0.013293558212612234,8.707251203094997E-4,0.008636073971823179,0.002417479812322379,0.0023506121511442657,0.003414020757686608,0.004543325298368909,0.004752484821714019,0.0022930922582642026,0.002603283338255657,0.0053123811759652724,0.0031391705971138264,0.026693113262988212,0.004526899126824219,2.21248418534225E-4,0.003995518262859199,0.003429040831153508,0.00819507236147259,0.0018728346727026899,0.004533438841492363,2.8920885987928843E-4,5.365921777960862E-4,0.004414788769325861,0.002101353116753636],[0.011644233022628247,0.014433409807371024,0.010701778975598066,0.018558688448673682,0.03497280690023373,0.010838013375463225,0.011650599406811452,0.016600937837866776,0.013040759691337434,0.014268564815798546,0.007991950739042422,0.013311651267909418,0.014622925584116079,0.005784266015320894,0.007452128359887323,0.013201763460479079,0.01651179152871591,0.018280125611038922,1.0,0.00247031900685745,0.010067249885696131,0.0031772635819115533,0.019900599638439577,0.020711173327176795,0.017529495577075664,0.013311185808493655,0.014983356904968307,0.00976356735215948,0.008655423242410788,0.0048432353370377905,0.010709724279552269,0.001794899829868744,0.0032592570890167564,0.013808040776654146,0.003143193413307044,0.022080540802936338,0.0026816131010967592,0.01815566316733148,0.004960730749479871,0.0024745385357017647,0.016871788999512978,0.016579191469993274,0.012070164575534559,0.019907986608177736,5.313190126748173E-5,0.019388956670320468,0.013008709118178498],[3.1809643000997226E-4,0.009406537659242105,2.9490988417087474E-4,1.0688307752065217E-4,0.002860842677830595,0.0023604863714993124,2.494208429329202E-4,3.5202914987360356E-4,4.2951964835334107E-4,9.758141164370332E-5,2.0057366479789016E-4,0.009228180792536903,2.444556895732009E-4,4.861110854414649E-4,4.1017174465301696E-4,4.584443012990073E-5,2.3314580195898753E-4,0.0011404978882299899,0.00247031900685745,1.0,2.4847293428175387E-4,7.109332960044084E-4,0.014373403887319402,0.009767584032557956,3.165102448529068E-4,0.0016106318413659547,2.0953424715476604E-4,2.29710691605475E-4,3.7174207099816096E-4,0.0029628904263097077,5.404405480956522E-4,0.0011030668676785618,2.0036207713732633E-4,0.0017051399127725403,0.0015120438650640953,0.01760368197770913,5.156464047507167E-4,1.2372697820708174E-4,2.9433871634625196E-4,1.8345658246079149E-4,0.005312915758671918,2.2622645953153844E-4,0.0018081059427288693,2.945848224331523E-4,3.349885798085438E-4,7.056805370018566E-4,3.3823902992597646E-4],[1.0279867408498563E-4,0.004905311669015212,2.60381118014368E-4,1.5596318341540703E-4,0.009758807879589469,7.909386441188339E-4,2.0472729646502265E-4,3.440284871780568E-4,4.1889222960169505E-4,1.9002529908669294E-4,9.244852802812766E-5,0.005100354581759915,1.3909108372138607E-4,0.0014522312108912639,3.759344865165434E-4,4.217260603694429E-5,1.6033300581475409E-4,0.0017164742621569055,0.010067249885696131,2.4847293428175387E-4,1.0,9.839548626226205E-4,0.01694753550474186,0.015929030044937453,2.2826656008279685E-4,0.003472038862652522,6.370932083532128E-5,1.2217658793947645E-4,3.5236152579475207E-4,0.0011777146801287223,2.663738047928436E-4,4.6949008272769165E-4,1.8354001271316022E-4,0.0036431429789729073,0.001478744484837325,0.026680191291388076,4.070049254559599E-4,5.0523156102866545E-5,1.9850587308494776E-4,1.260768714134499E-4,0.009384744816330663,1.2497581501960252E-4,0.0023126232267200847,1.3777436550855686E-4,6.153321528965372E-5,7.047090069526895E-4,2.856635951344919E-4],[7.575653446705982E-4,0.007512632594704178,0.0010658895483057504,2.5188228473234196E-4,0.017748351903861186,0.0014871292047654288,7.090951512665887E-4,4.5054712080914636E-4,5.371345658269469E-4,0.0010306448917466813,7.48793634364848E-4,0.007483214365830733,8.095599928541644E-4,0.0017622137263936567,0.0011987742829295263,0.0013339445916196633,3.9822211430222583E-4,0.0016446025830324823,0.0031772635819115533,7.109332960044084E-4,9.839548626226205E-4,1.0,0.0031911033483371927,0.0031590222770367248,4.366717480573621E-4,0.006101713128279302,3.65131384798896E-4,4.906075263157512E-4,5.661345583284317E-4,0.0029353120243447777,0.001254700248542229,0.001498278935514201,7.75259274778497E-4,0.003965876470089478,0.0015560268491205806,0.007237122810777752,0.0010280064562143705,0.0013651039293939291,4.696729597707283E-4,7.791302716719732E-4,0.006898144133300785,0.0012046623462529705,0.0018707158081380712,0.0012802602634783813,0.0010057519109062953,0.0013761311308469594,0.0010048783270497318],[0.014148125001948869,0.014967919132732096,0.006817996679101534,0.010416397091060832,0.022225119028408714,0.01589112888515071,0.01806919233333232,0.0025606789846995444,0.016714921872844752,0.016966090891220562,0.012433610931838413,0.01839088686411998,0.003311031005252609,0.012887657044481308,0.008806895532217605,0.018843646727034077,0.018683497927065074,0.018111491903935253,0.019900599638439577,0.014373403887319402,0.01694753550474186,0.0031911033483371927,1.0,0.020823227785932836,0.013361748556687045,0.015016689416766284,0.002419034271640669,0.014273701397311834,0.006248322265176853,0.013546461770937369,0.001747660069874438,0.01694355685006134,0.0052217415710900435,0.009725059241479334,0.00888864525613498,0.023045858948935776,7.387737357510537E-4,0.013298980905735065,0.003647606309751533,0.0011174500746846023,0.019078129913771225,0.007882087588277742,0.013464131679969162,0.01186145219925292,0.01917571597797846,0.00862550945481701,0.0021418982022259267],[0.00517349471862155,0.014023660883248277,0.004190935438321879,0.012345342250521715,0.02883519114323434,0.00503852747880483,0.004738608448539805,0.009938523366877136,0.007641548462815147,0.002994628835839731,0.0172463981484706,0.013167933318758596,0.019810361332183304,0.016716043554579587,0.01218156286423647,0.002232128075897202,0.021899505642236295,0.013293558212612234,0.020711173327176795,0.009767584032557956,0.015929030044937453,0.0031590222770367248,0.020823227785932836,1.0,0.003252884550007983,0.01186312848737551,0.013204078066856133,0.01583822652917644,0.007738246210755808,0.017173004030298707,0.02180917692947637,0.006736039545427801,0.005207242588627029,0.021946724452649856,0.010187364064262305,0.025426006026831253,0.004029763956340471,0.009191869647541429,0.001628602428474999,0.008968237246826225,0.01762806284167273,0.016973428155387733,0.014092338426399065,0.010119087363988533,9.595332805979469E-4,0.018222348183725395,0.0077524260035391375],[1.5716535225241982E-4,0.010553943275010646,2.741475890966569E-4,1.8615619642578429E-4,0.031419761793718075,0.002327389227615599,2.4686592792164553E-4,3.6440365086791665E-4,4.61487863492758E-4,6.765239498192975E-5,1.0067942390501717E-4,0.009977325388690925,2.1817864255835442E-4,0.0018148465265425935,5.930105875939897E-4,2.4525121757910195E-5,2.506897951059878E-4,8.707251203094997E-4,0.017529495577075664,3.165102448529068E-4,2.2826656008279685E-4,4.366717480573621E-4,0.013361748556687045,0.003252884550007983,1.0,0.002969982569393799,2.0389219838725053E-4,2.1330408603689003E-4,4.5303481467095255E-4,0.00108547867939751,4.8596334333858755E-4,0.0013643953680745726,2.213138476047203E-4,0.0024599544847979313,6.974305038445798E-4,0.01923887309713605,5.386619777354282E-4,5.673946067638723E-5,2.4653463042689886E-4,1.7041816858129214E-4,0.010790278900811091,1.9129888589272478E-4,0.0010007160461591147,1.9002218876402533E-4,2.508117443264957E-4,0.0011436090686752056,2.8695741924967595E-4],[0.0010306912577862342,0.010786747432261663,0.007137082409663969,0.005551810538543196,0.01260528096188749,0.004456355711042622,0.010777073312239524,0.009475939944285519,0.003230997593848353,5.075696331324801E-4,0.0017775101725122304,0.010811825394532248,0.01053189834578629,0.00745045441229413,0.005178882126928538,0.007350335818926149,0.0061998373817216115,0.008636073971823179,0.013311185808493655,0.0016106318413659547,0.003472038862652522,0.006101713128279302,0.015016689416766284,0.01186312848737551,0.002969982569393799,1.0,0.004881733358013051,0.005142593896261987,0.010785922526327294,0.010729955964645183,0.00844729208768578,0.0036700208747810176,0.004980866417263452,0.010139481221881349,0.002555511204602192,0.011232186921966727,0.004200782796705407,0.00992157693991278,0.006221585170863093,3.883455350927546E-4,0.011024708019990339,0.0029969263461286826,0.0035364930758235765,0.006605208128437018,0.004988126335057784,0.003114620952218819,0.00714579215493917],[1.704125429753583E-5,0.010017130651992551,2.7127329027496265E-5,2.2050759982043514E-5,0.007558060952852738,0.0019637906608535073,2.347761114707614E-4,1.638532244641793E-4,2.683587140422512E-4,1.1725025746217352E-5,2.0064935427924088E-5,0.009607113134036999,1.4145526142704875E-5,0.0015157055900995077,8.204974240340663E-4,1.5145476422738803E-5,2.676548441690068E-5,0.002417479812322379,0.014983356904968307,2.0953424715476604E-4,6.370932083532128E-5,3.65131384798896E-4,0.002419034271640669,0.013204078066856133,2.0389219838725053E-4,0.004881733358013051,1.0,3.777738643793571E-5,4.263156652529126E-4,0.0028221535588476786,3.278095026295544E-4,3.767155870928294E-4,1.9322636586864266E-5,0.0019661678766650257,5.08597083280603E-4,0.005821751964810018,4.5958968051818287E-4,1.6172532705557112E-5,3.781479014117318E-5,8.976649908760221E-5,0.010685761530631974,7.642497978084543E-5,7.492773276757772E-5,3.0043375504295518E-5,1.6007883901732275E-5,7.267657098265845E-4,8.024030885433857E-5],[5.8854409677312435E-5,0.002957299823334512,1.9907337044635043E-4,3.746761314607952E-5,3.787969054126315E-4,9.343573876829491E-4,8.940727561760118E-5,2.2322793040985075E-4,1.5269695835353647E-4,3.8745312623127285E-5,4.7724465879781577E-5,0.003890154318700572,6.29993101588361E-5,0.0014873653631945383,7.555894187572305E-4,2.434658967512292E-5,8.577836336869739E-5,0.0023506121511442657,0.00976356735215948,2.29710691605475E-4,1.2217658793947645E-4,4.906075263157512E-4,0.014273701397311834,0.01583822652917644,2.1330408603689003E-4,0.005142593896261987,3.777738643793571E-5,1.0,4.506302301604566E-4,0.0024104423284716904,3.4834844551366996E-4,9.661645268464182E-4,8.933858952095392E-5,0.002171474028899589,0.0012021671205783239,0.011225501449380258,1.5346166494505862E-4,5.9010921194764816E-5,1.4631092523357815E-4,7.745290460519924E-5,0.002896313056840474,8.154053572079536E-5,4.143311442255335E-4,7.342272567715731E-5,5.504015214201562E-5,7.984625502081757E-4,2.765858804136067E-4],[2.562243741634702E-4,0.0017305258099433955,3.9276144470597413E-4,2.852622399358884E-4,0.03723696139563877,9.056232563425561E-4,4.162884928759422E-4,5.085901658358125E-4,4.8777410995454163E-4,4.081204797698993E-4,2.4105021512736962E-4,0.0062188877930891085,2.90492558716265E-4,8.474823766635587E-4,6.996241243502531E-4,2.0680887077837465E-4,1.6961246847490286E-4,0.003414020757686608,0.008655423242410788,3.7174207099816096E-4,3.5236152579475207E-4,5.661345583284317E-4,0.006248322265176853,0.007738246210755808,4.5303481467095255E-4,0.010785922526327294,4.263156652529126E-4,4.506302301604566E-4,1.0,7.231023021954785E-4,5.134051837552668E-4,5.847720145152733E-4,3.8807733052113956E-4,0.001784187148189475,6.160703545711901E-4,0.009326614551635103,5.694024518438278E-4,1.796454570769217E-4,4.970530783053805E-4,4.4850426300468917E-4,0.010262127525374948,5.01955484236723E-4,8.428900789620775E-4,4.820105812590863E-4,2.291424945166884E-4,8.122078505860914E-4,4.4949799710726284E-4],[0.0014812437417796465,0.00504195958634313,0.0027149353856867693,0.0013016256218248044,0.027809694055015422,0.0025186886881777195,0.0018327072834835026,0.0016611023718963083,0.002977935001995656,0.001440987256940637,0.0020953739529964675,0.00788375549439251,0.001171105848149277,0.002856279428874871,0.0015637520594656874,0.0022748414966240428,0.001918041564396688,0.004543325298368909,0.0048432353370377905,0.0029628904263097077,0.0011777146801287223,0.0029353120243447777,0.013546461770937369,0.017173004030298707,0.00108547867939751,0.010729955964645183,0.0028221535588476786,0.0024104423284716904,7.231023021954785E-4,1.0,0.0021704537026901185,0.002369607266488207,0.0019888406632367983,0.003596761098440691,0.0019655676129507315,0.02545652331186705,0.0020204030256974425,0.0019372988204053912,0.0021705208673573183,7.150093281812312E-4,0.006706768557185055,0.0018955900484024398,0.0030284339942171406,0.00194800932080631,7.109913598292892E-4,0.0019911906229401954,7.312435001958626E-4],[1.817227739669036E-4,0.003556665287843953,4.349877003505038E-4,8.870163393626712E-5,0.023115877033774424,0.002260601513302378,5.044160533580752E-4,5.463916229788044E-4,6.138290229866659E-4,4.315040010391646E-4,5.000249410823986E-4,0.0016575451536745933,4.443990366158251E-4,7.534812076106663E-4,6.630851931735617E-4,5.5946239584226E-4,1.829456244781273E-4,0.004752484821714019,0.010709724279552269,5.404405480956522E-4,2.663738047928436E-4,0.001254700248542229,0.001747660069874438,0.02180917692947637,4.8596334333858755E-4,0.00844729208768578,3.278095026295544E-4,3.4834844551366996E-4,5.134051837552668E-4,0.0021704537026901185,1.0,0.0010860932058020445,2.6902414816494904E-4,0.0013179341684802853,0.0015148742624926472,0.010098877889181514,6.044114858834067E-4,4.529306327339411E-4,2.93106984182735E-4,4.247494308421294E-4,0.0050038327489123555,4.430823376814962E-4,0.0025810149050384213,5.656458577061181E-4,5.54443268650611E-4,7.41637159414832E-4,3.4097959130434977E-4],[5.658684694480623E-5,0.002190125724986403,0.0010844702167909668,3.98190994939371E-4,0.0033085946154657684,0.0022134567453017035,3.327017193835922E-4,9.441092486217187E-4,0.0012549637336466805,0.0010491515972391654,4.849127959348527E-4,0.0019240320029605324,6.181086926567899E-4,0.0016635904272376593,0.0013548190946204195,5.877657446061041E-4,0.001447114567019254,0.0022930922582642026,0.001794899829868744,0.0011030668676785618,4.6949008272769165E-4,0.001498278935514201,0.01694355685006134,0.006736039545427801,0.0013643953680745726,0.0036700208747810176,3.767155870928294E-4,9.661645268464182E-4,5.847720145152733E-4,0.002369607266488207,0.0010860932058020445,1.0,5.745457774738484E-4,0.0016817210258555392,0.0016191473882973643,0.007403258160292279,0.0011109555106929903,0.0010590989580414403,7.788517197799421E-4,3.0639771503885525E-4,0.003778211777007402,0.0011668253173177305,0.002483198671222417,9.053255303558294E-4,0.0013975858363842976,0.0013705433905768138,0.001014448777810266],[4.461689203977925E-5,0.0052074379672919675,2.4980164917211945E-4,5.458343868112321E-5,0.010241343878097157,0.001991942333344964,1.991148898892333E-4,3.2444888742225696E-4,2.4340107138514868E-4,7.271262627508864E-5,6.692472537273044E-5,2.84741719037771E-4,1.515787267580635E-5,0.0018688255131212308,5.243155706213421E-4,3.5783006045933854E-5,1.5656355773239363E-4,0.002603283338255657,0.0032592570890167564,2.0036207713732633E-4,1.8354001271316022E-4,7.75259274778497E-4,0.0052217415710900435,0.005207242588627029,2.213138476047203E-4,0.004980866417263452,1.9322636586864266E-5,8.933858952095392E-5,3.8807733052113956E-4,0.0019888406632367983,2.6902414816494904E-4,5.745457774738484E-4,1.0,0.0030924787078820543,4.239331670466274E-4,0.014105691792898684,4.949603060145859E-4,4.685325413352769E-5,2.112051064253659E-4,1.3925296021025113E-4,0.002689890581034447,1.5910459007471625E-4,0.0021072010934995713,1.1933824568331E-4,9.664575177940413E-5,0.0012018345535490323,2.441848974177246E-4],[0.0034843336754317583,0.005840054977617407,0.005311805186848629,0.003135975721151641,0.019832307887111107,0.0032575870050831177,0.0035226797309467414,0.004325139629793672,0.0017560489462827378,0.0024453682990259818,0.0054561100248180575,0.006235327571771585,0.0018141529086247448,0.0038229136237542564,0.0011350028144041858,0.0032582319269412333,0.001649976924098506,0.0053123811759652724,0.013808040776654146,0.0017051399127725403,0.0036431429789729073,0.003965876470089478,0.009725059241479334,0.021946724452649856,0.0024599544847979313,0.010139481221881349,0.0019661678766650257,0.002171474028899589,0.001784187148189475,0.003596761098440691,0.0013179341684802853,0.0016817210258555392,0.0030924787078820543,1.0,0.0027511157216483662,0.02120314919354812,0.004960976186896811,0.002757996809096865,0.0016032757387163914,0.0048975657316719275,0.010498643083210607,0.005183047844006959,0.0036602002733689344,0.0022075344907835355,0.0015343948155310996,0.0025378493412481964,0.004176440689923257],[1.7523560903765338E-4,0.0025757908072655787,0.0015736733377032938,0.001414731746596619,0.012208359224889038,0.0020734587049068202,0.0010777854925679304,0.0013620729098124467,0.0013372151298012534,3.1313120100364355E-4,1.3574866230518022E-4,0.003034590562574568,9.752060293263229E-4,0.0017047068240173113,0.001321556218707899,0.0012510832315940931,3.7362603719818334E-4,0.0031391705971138264,0.003143193413307044,0.0015120438650640953,0.001478744484837325,0.0015560268491205806,0.00888864525613498,0.010187364064262305,6.974305038445798E-4,0.002555511204602192,5.08597083280603E-4,0.0012021671205783239,6.160703545711901E-4,0.0019655676129507315,0.0015148742624926472,0.0016191473882973643,4.239331670466274E-4,0.0027511157216483662,1.0,0.013032142883950638,6.676162661933147E-4,1.952508272532159E-5,0.0011701804068854366,0.001171821086566657,0.0061432890916858504,3.3038767993505045E-4,0.002333834079044664,5.216225035857477E-4,5.350910995073271E-4,0.0014428717037230636,7.09484884653068E-4],[0.003762745636730916,0.017052617808653005,0.021528892424469682,0.012018593972528864,0.035908060506861655,0.007257286363591928,6.430632553418303E-4,0.01811325597233606,0.020827626724906668,0.01415812381595177,0.006985535895918489,0.014960793117397179,7.322461247282725E-4,0.02591077111248437,0.0024422658299325115,0.009718535479524767,0.025130657255765725,0.026693113262988212,0.022080540802936338,0.01760368197770913,0.026680191291388076,0.007237122810777752,0.023045858948935776,0.025426006026831253,0.01923887309713605,0.011232186921966727,0.005821751964810018,0.011225501449380258,0.009326614551635103,0.02545652331186705,0.010098877889181514,0.007403258160292279,0.014105691792898684,0.02120314919354812,0.013032142883950638,1.0,0.0076189252426995206,0.013735546325760373,0.021519371553873436,0.01745574832634318,0.018420209141614505,0.012167178674501018,0.012017635085355558,0.009621573465348759,0.009978149738824717,0.017239914805975975,0.012694130593723003],[5.8716902017707E-4,0.004947064624020335,3.3615788561437547E-4,8.314640112950612E-5,0.02611370299037433,0.002172527039234291,2.6042628630937526E-4,4.4239842730310993E-4,5.788160683811916E-4,6.004137359922078E-4,4.5560975616199575E-4,0.004619678497690424,2.028759323689309E-5,9.414600843988836E-4,9.184957564067995E-4,5.502839783778857E-5,2.1489715088745322E-4,0.004526899126824219,0.0026816131010967592,5.156464047507167E-4,4.070049254559599E-4,0.0010280064562143705,7.387737357510537E-4,0.004029763956340471,5.386619777354282E-4,0.004200782796705407,4.5958968051818287E-4,1.5346166494505862E-4,5.694024518438278E-4,0.0020204030256974425,6.044114858834067E-4,0.0011109555106929903,4.949603060145859E-4,0.004960976186896811,6.676162661933147E-4,0.0076189252426995206,1.0,8.719006873320393E-5,3.013252753299092E-4,5.843069404608443E-4,0.0010109092597237318,4.0721217651510007E-4,0.0017467046783928607,4.0749888438439727E-4,3.1719323053771794E-4,6.923895043826327E-4,5.068428344021135E-4],[1.8442810516939674E-5,3.5935636108911387E-4,6.431259734270998E-5,2.638127570935702E-5,0.03142730527513461,2.4226967597786134E-4,1.0284717333538553E-4,2.0254937829576437E-4,3.815772810711315E-4,1.4404692814696454E-5,1.9218524333407114E-5,4.5461714276427906E-4,1.601402858915352E-5,0.0010704438554631644,7.059622173763572E-4,1.5359395645696147E-5,1.2095401973850569E-4,2.21248418534225E-4,0.01815566316733148,1.2372697820708174E-4,5.0523156102866545E-5,0.0013651039293939291,0.013298980905735065,0.009191869647541429,5.673946067638723E-5,0.00992157693991278,1.6172532705557112E-5,5.9010921194764816E-5,1.796454570769217E-4,0.0019372988204053912,4.529306327339411E-4,0.0010590989580414403,4.685325413352769E-5,0.002757996809096865,1.952508272532159E-5,0.013735546325760373,8.719006873320393E-5,1.0,1.4439762708880468E-4,1.8711089716810455E-5,0.003623423271574523,9.252872460685724E-5,0.002238928739535671,1.0844952266862045E-4,4.546945214870599E-5,8.938165440180933E-4,2.839025038493625E-4],[1.3285188521872012E-4,0.007042068126000533,2.5561987083399157E-4,1.6229880588967794E-4,0.012919420253948825,3.042355190994786E-4,2.3053036363926166E-4,3.278088776093223E-4,3.1989843492010594E-4,2.928144170741332E-5,1.1650539441553326E-4,0.009334872750994828,1.0504403279230223E-4,0.0011056374418978061,4.7881117321933275E-4,5.221092319195647E-5,2.2117970176572187E-4,0.003995518262859199,0.004960730749479871,2.9433871634625196E-4,1.9850587308494776E-4,4.696729597707283E-4,0.003647606309751533,0.001628602428474999,2.4653463042689886E-4,0.006221585170863093,3.781479014117318E-5,1.4631092523357815E-4,4.970530783053805E-4,0.0021705208673573183,2.93106984182735E-4,7.788517197799421E-4,2.112051064253659E-4,0.0016032757387163914,0.0011701804068854366,0.021519371553873436,3.013252753299092E-4,1.4439762708880468E-4,1.0,2.00830290334211E-4,0.0025696115446166568,1.2824711728805964E-4,0.0022064476757314064,1.2543346021913005E-4,2.2163423086243782E-4,3.028245541231954E-4,2.5712994734039367E-4],[9.741052905044591E-5,0.007593265847262245,1.6926868767251188E-4,8.659216448833242E-5,0.026602918816128855,5.467458067313223E-4,2.2317746439455736E-4,3.884809165788054E-4,3.5712885811343476E-4,7.80444557743722E-5,6.0481563720839044E-5,0.010083972995111472,2.3288542095808426E-5,0.0013224079810800064,6.39887115873672E-4,7.711331003991306E-5,1.3868104509961486E-4,0.003429040831153508,0.0024745385357017647,1.8345658246079149E-4,1.260768714134499E-4,7.791302716719732E-4,0.0011174500746846023,0.008968237246826225,1.7041816858129214E-4,3.883455350927546E-4,8.976649908760221E-5,7.745290460519924E-5,4.4850426300468917E-4,7.150093281812312E-4,4.247494308421294E-4,3.0639771503885525E-4,1.3925296021025113E-4,0.0048975657316719275,0.001171821086566657,0.01745574832634318,5.843069404608443E-4,1.8711089716810455E-5,2.00830290334211E-4,1.0,0.0075925782110968995,1.0144063935604972E-4,0.0021399801434959487,1.1122289650371698E-4,8.899823320474495E-5,0.001301155111635297,2.0339467209248087E-4],[0.0021922564254942003,0.010803529455004469,0.005093339916623374,0.008975161505270512,0.02374152283938364,0.006348365062294534,0.0015578120976901281,0.0015575472853238334,0.010681923329560276,0.003193038606480568,4.2674145837693614E-4,0.01082538383726938,0.008456033463484978,0.003758192662237601,0.010863689384909146,0.010860000138770155,0.00862206672266907,0.00819507236147259,0.016871788999512978,0.005312915758671918,0.009384744816330663,0.006898144133300785,0.019078129913771225,0.01762806284167273,0.010790278900811091,0.011024708019990339,0.010685761530631974,0.002896313056840474,0.010262127525374948,0.006706768557185