[[1.0,2.2344650045880057E-4,9.417091418383899E-4,0.0015920861072871884,0.001858004886489395,0.0011206894346161983,0.001984931869244003,0.0021077248547534556,0.001860382057121448,0.0016686123179525856,0.0014214173629065172,0.0013764574588663078,0.0011847397275895448,0.001654805101280852,0.0022087739615979196,0.0015229844059514563,0.0016931688459086928,0.009396928001550614,0.0013328678703741067,0.0013607488448969364,0.0022214940837811973,1.8803191178013565E-4,1.588051494953698E-4,0.0016129635088601689,0.05504841719364007,0.0014605123457337148,2.92900404473534E-4,0.0028597976947043985,0.0014504970699079074,0.0016582816521100033,0.0020911730647000183,0.0012025417771254375,0.0018355355899095035,0.002096538234406834,0.0020934973567025583,0.0069126405969378545,0.002176711718043764,6.593035618291622E-4,0.0021424696780843727,0.0015779566432105733,0.0025419581595960772,0.009518580967804913,2.9821026289048383E-4,7.641337914512478E-4,0.009602852572180505,6.060821853365002E-4],[2.2344650045880057E-4,1.0,5.825102206426073E-5,0.0010699948671560276,9.969397334459052E-5,6.649190107975924E-5,5.61708825796124E-4,9.569239195205183E-4,6.76141325315128E-4,5.2898727858989064E-5,9.75810386650339E-5,1.1158106323534017E-4,7.911789922590315E-5,1.1672426660183268E-4,0.0019198658921869864,1.791202202155678E-4,7.060765842886794E-5,0.00981001480225154,5.9041759933724475E-5,8.264802911367329E-4,1.1870156687100427E-4,6.435931460507264E-5,1.1215816524677848E-4,2.9808375791153763E-5,0.03652801488846641,1.4315132560351152E-4,1.0490225961651946E-4,0.0014525444374417994,2.7893452248580066E-4,1.294216806002287E-4,2.402012758440595E-4,2.1286172440814437E-4,9.103991521964904E-5,1.107653458810048E-4,3.1215258513482375E-5,0.004057265269536513,0.0013924729924087466,2.7422846774858293E-5,1.0275072650522222E-4,1.4309144563739626E-4,0.003167027809263221,1.280520727877189E-4,1.0429032595910521E-4,8.971659010596117E-5,0.00936154649352911,1.5341351357347994E-4],[9.417091418383899E-4,5.825102206426073E-5,1.0,3.3243301573566655E-4,7.028824548303939E-5,1.617099254779016E-5,6.056893607573038E-4,0.0010069804844889422,2.3196388432971765E-4,2.286331389578527E-5,1.347413547758766E-5,1.5640833062282572E-4,2.429167729795458E-5,0.001123770270227055,0.001352083356034285,3.1177699781679137E-4,2.370953080830227E-5,0.009252991612623546,2.4223928966829342E-5,9.332265513652462E-4,1.0800680461900999E-4,2.493465560580488E-5,7.281853510709036E-5,2.067843729268368E-5,0.06580768415070092,1.3920082794842455E-4,3.2748489856782706E-5,4.812149974897172E-4,5.411256454239948E-4,9.630788343451747E-5,3.311744996771598E-4,2.7777991481873804E-4,2.576862893355389E-5,6.756889042113906E-5,2.083230090910756E-5,0.005632366275673935,9.929730378441532E-4,2.6197830152937383E-5,4.5462839063427604E-5,3.43183297844933E-5,0.008823648558796728,0.009960762838951486,7.490328991488951E-5,2.5470362857826304E-5,0.002553467444309393,1.6989710222312896E-4],[0.0015920861072871884,0.0010699948671560276,3.3243301573566655E-4,1.0,5.454842994642373E-4,0.0011951640435255645,0.0012518533813270138,0.001335108647457529,0.0011938976892807555,0.0012154387139593841,9.057704177400506E-4,8.947372156312388E-4,0.0012499102203577669,0.0012648571290377955,0.0015785105994542837,4.0640561336527256E-4,3.4135873255575304E-5,0.00819534828928773,0.0011054037822125478,0.0012734083685173982,3.887219812650993E-4,1.0430073512920243E-4,3.408881819809485E-4,4.400757224371927E-4,0.015735604160496932,3.096711960719368E-4,9.296082947211368E-4,0.001517938864080423,0.001032224301413891,0.0013007296290616218,0.0010350731177986956,0.0013158631812823047,2.611927948132327E-4,0.0011289784214669626,9.138898045697324E-4,0.001956843270039661,0.0016597633777112601,9.510924221282583E-4,4.3995029712499793E-4,3.843962056557902E-4,0.010878764045983782,0.009143274930844774,6.265929167709757E-4,4.3209390133538603E-4,0.0028674561341285147,0.0011998330290394718],[0.001858004886489395,9.969397334459052E-5,7.028824548303939E-5,5.454842994642373E-4,1.0,3.4932703007548534E-5,4.653556301110751E-4,9.325658712893064E-4,1.0367760945260208E-4,4.6219855905578114E-5,6.264434948219286E-5,1.5922928903798825E-4,6.758682850525045E-5,0.0011708075748570626,0.002143601989423263,1.5318400596684258E-4,4.542422596559039E-5,0.005727021130207303,7.842246781560597E-5,0.0010686590528409627,1.1758924831778004E-4,2.6715689732798258E-5,1.2880494985555965E-4,4.786444224731747E-5,0.06259048780001115,1.1720088694637523E-4,9.938117589264358E-5,0.001753953332695773,3.043234909218734E-4,1.23121477321582E-4,3.766093658924933E-4,4.690676545334421E-4,7.57896939325255E-5,9.734407170119019E-5,7.87856993413549E-5,0.0010557961709520298,6.082192416910774E-4,8.114852604644542E-5,9.53808330413623E-5,1.222862343628857E-4,0.010117549770659335,0.0016825383864483433,9.537697814353868E-5,5.168716202418523E-5,0.0034028077785077265,1.1105983723081873E-4],[0.0011206894346161983,6.649190107975924E-5,1.617099254779016E-5,0.0011951640435255645,3.4932703007548534E-5,1.0,9.80114390719673E-4,8.214651453859095E-4,7.493937268651231E-4,1.0343108115086935E-5,1.0891668675603127E-5,2.9355512511905032E-5,1.0924200810958984E-5,7.89898026766413E-4,0.0012779521900987672,1.1890058884495708E-4,1.2044798067386426E-5,0.008887888235467087,1.3317942104342148E-5,0.0010766028462558337,1.9407673165085153E-5,1.266927705407916E-5,2.1368408353889653E-5,1.1168965398503023E-5,0.042908995804612333,2.0567276835732474E-4,3.987695490718066E-5,0.0017813622326473745,3.789360597088835E-5,6.257363931388765E-5,3.3833452004623664E-5,4.123680741249428E-5,1.5201477640521718E-5,4.7455280049842906E-5,1.1684241891235653E-5,0.004997308757453366,7.156194513255795E-4,2.3708761671390487E-5,3.0170081853900337E-5,1.4548181392074402E-4,0.008531313774760144,0.001802189723465353,1.6283134453617842E-5,1.4402745704347001E-5,0.01005271959676608,1.379052066084893E-4],[0.001984931869244003,5.61708825796124E-4,6.056893607573038E-4,0.0012518533813270138,4.653556301110751E-4,9.80114390719673E-4,1.0,0.0012511515232216744,0.0011157499890410158,7.574704451053533E-4,6.674381908619495E-4,0.0011302835982142814,1.2359611693329824E-4,0.0011842808777831715,0.0017847115429831875,5.011839132095058E-4,0.0010254651067931118,0.010018273991197077,5.155423526531692E-4,0.001139505573813181,8.770343340073932E-4,2.5997774992884287E-4,1.5758332057209183E-4,5.583678271128882E-4,0.012070416486005533,6.585613658645752E-4,7.953274871755435E-4,0.0013496373392232405,8.738048189114185E-4,7.590549264188177E-4,7.211031321636661E-4,0.0011185834310085162,8.967671834721033E-4,9.354977486721863E-4,1.6598819281234318E-4,0.003459062553568107,0.0014650403548166703,6.584506820320609E-4,5.45320728109347E-4,3.2925197632014297E-4,0.0019537279648386787,0.007744502486541483,6.883115070091183E-4,8.804692000732514E-4,0.007125534191658363,0.001089748120039004],[0.0021077248547534556,9.569239195205183E-4,0.0010069804844889422,0.001335108647457529,9.325658712893064E-4,8.214651453859095E-4,0.0012511515232216744,1.0,9.432645799224862E-4,0.0012500696240659625,0.0012256089510288277,0.00101424521357707,0.0011089127009576117,0.0012790782501871604,0.0016633802732860855,9.724286169515564E-4,1.5716438287853086E-5,0.003644267890115253,8.461772766859124E-4,0.0012268817141013102,7.605898533476377E-4,6.415684979625066E-4,1.7732695010761403E-4,4.4374439267385755E-4,0.00852808921774721,6.709616350431604E-4,9.570079318497935E-4,0.0021626131168038217,0.0013523405561969857,3.273449203963157E-4,5.350275690619935E-4,0.0012470795299098572,4.954524281955285E-4,2.0875295239472887E-4,1.548796252408007E-4,0.004435220566692794,0.0017818463228485976,0.001230439308369251,8.388090975444246E-4,5.985257316302677E-4,0.011023687642963131,0.006868209476648642,5.312714778915777E-4,0.0010177016599266949,0.007199802738937271,0.0012114062394503653],[0.001860382057121448,6.76141325315128E-4,2.3196388432971765E-4,0.0011938976892807555,1.0367760945260208E-4,7.493937268651231E-4,0.0011157499890410158,9.432645799224862E-4,1.0,5.29020222968812E-4,1.2383382586201382E-4,2.553898616820407E-4,4.073082001794097E-4,9.764392149074236E-4,0.0017794738783344112,7.288180773505854E-4,3.711699905144144E-4,0.0035472814684612292,4.355061373946727E-4,0.0010399181836049961,3.537518484470544E-4,3.9911173288266786E-4,7.32584391813714E-4,2.2439672245990323E-4,0.047972447784850665,3.952584050750616E-4,1.2186815500584404E-4,0.002028435211357525,7.690444592323624E-4,5.058594403188566E-4,5.808575758384406E-4,9.50022592444541E-4,6.507996141978413E-4,8.538708134071497E-4,3.976209287617909E-4,0.00519354785311431,0.0016799232512549648,5.998144202183831E-4,3.057396614217579E-4,6.869882827631E-4,0.0051234606523066955,0.006420463495694056,4.607316488843122E-4,8.469777755984596E-4,0.012383068281230154,2.56901481669417E-4],[0.0016686123179525856,5.2898727858989064E-5,2.286331389578527E-5,0.0012154387139593841,4.6219855905578114E-5,1.0343108115086935E-5,7.574704451053533E-4,0.0012500696240659625,5.29020222968812E-4,1.0,1.0690991452846784E-5,1.7362532889139462E-4,1.0379533837868601E-5,7.913271486705571E-4,8.422316880212433E-4,1.894793891365972E-4,1.1996945996836812E-5,0.003434675710338319,1.1500105949887098E-5,9.690880102559485E-4,6.381845244965876E-5,1.5221858705644879E-5,2.1772400311480288E-5,1.0249173276868754E-5,0.03751470957585774,3.8036133775323135E-5,6.142093049838328E-5,0.0017154288063854098,2.467798697797429E-4,1.5986283635130758E-4,1.4573727591527736E-4,4.305561479826032E-4,1.1783006767503813E-5,1.0120096146125709E-4,1.506698413975576E-5,0.002669140905806986,1.1815299500029142E-4,1.261272877752693E-5,2.137143579001619E-5,1.1670309145198757E-5,2.928368607200044E-4,0.0029704629506983903,5.296853120638783E-5,2.4243608499974297E-5,0.0017260326443386388,8.810009991599388E-5],[0.0014214173629065172,9.75810386650339E-5,1.347413547758766E-5,9.057704177400506E-4,6.264434948219286E-5,1.0891668675603127E-5,6.674381908619495E-4,0.0012256089510288277,1.2383382586201382E-4,1.0690991452846784E-5,1.0,1.1584764140952023E-4,1.0905461770180754E-5,2.490294989084371E-4,0.0011582647998546608,1.6142425918437176E-4,1.5226793755936403E-5,0.01098748004494002,1.3226050696861265E-5,7.916441671356936E-4,1.1480218418640283E-4,1.1957520099247072E-5,1.0576514862469502E-4,1.07940329649556E-5,0.030868357811843296,1.3689498759827544E-4,1.0118720991804038E-4,0.0017198286378095067,6.146271864532671E-4,4.6044211490305854E-5,1.3070519696873389E-5,0.0010791495519671978,2.2397727721075053E-5,8.749849572742197E-5,1.5189078170968081E-5,0.004073895197959538,0.001129344424635454,1.2632097009519782E-5,9.046824760353834E-5,8.239665447081436E-5,0.009443478369610878,0.010542663219223671,4.667764709371398E-5,1.147920967917399E-5,0.0014141915577161762,1.6369796589419034E-4],[0.0013764574588663078,1.1158106323534017E-4,1.5640833062282572E-4,8.947372156312388E-4,1.5922928903798825E-4,2.9355512511905032E-5,0.0011302835982142814,0.00101424521357707,2.553898616820407E-4,1.7362532889139462E-4,1.1584764140952023E-4,1.0,1.3694693505582158E-4,4.986074346647011E-4,4.112573132507844E-4,3.002558645784002E-4,1.2053841859392656E-4,0.011113473201489204,1.0379145940331851E-4,2.156904515637815E-4,1.7520610920131497E-4,2.0663169407691036E-5,1.4302425626346808E-4,1.6191972135796248E-5,0.056274356014176644,2.1476090528018118E-4,1.5693812867002322E-4,0.0017106952656058528,2.378532349314353E-4,1.724200908924885E-4,3.579489947752826E-4,2.649795409414142E-4,1.69565164383677E-4,1.9152690389468498E-4,1.2727116587047546E-4,0.0017978973448570586,0.0011233491052723644,1.2373311473192183E-4,1.0816140843450959E-4,1.9469610165257777E-4,0.00921096865907151,0.0028038142163515785,1.9030328146130902E-4,1.2896695767929334E-4,0.008011320392622541,2.033971080642339E-4],[0.0011847397275895448,7.911789922590315E-5,2.429167729795458E-5,0.0012499102203577669,6.758682850525045E-5,1.0924200810958984E-5,1.2359611693329824E-4,0.0011089127009576117,4.073082001794097E-4,1.0379533837868601E-5,1.0905461770180754E-5,1.3694693505582158E-4,1.0,6.092288936266385E-4,3.551336720037258E-4,4.111154015671329E-5,1.4672722980988036E-5,0.010091368642185702,1.2901864917299862E-5,7.667592020182443E-4,1.1766569959698765E-4,1.1253590041755363E-5,3.3902542773904775E-5,1.112818138057902E-5,0.005506774312006319,2.030025720643912E-4,6.042201598344955E-5,0.002272401278701049,5.325742878520743E-4,1.468780907141318E-4,2.859771504545977E-4,9.123450065090572E-4,2.414009043517317E-5,1.11479979832542E-5,1.6726535635900396E-5,0.0046646985449840216,0.0013225150126654644,2.2335940952110004E-5,7.487329034218545E-5,1.0326802125956322E-4,0.0024920133849121663,0.0020625895792939423,7.386817695997962E-5,1.8978219030346706E-5,0.0033216194914737914,1.189233217279444E-4],[0.001654805101280852,1.1672426660183268E-4,0.001123770270227055,0.0012648571290377955,0.0011708075748570626,7.89898026766413E-4,0.0011842808777831715,0.0012790782501871604,9.764392149074236E-4,7.913271486705571E-4,2.490294989084371E-4,4.986074346647011E-4,6.092288936266385E-4,1.0,0.0017006061867417854,8.678846962364881E-4,0.001052410899082934,0.008112665355707285,1.3494358164377928E-4,0.0011825316086863677,4.7932255915344795E-4,6.538452448373163E-4,0.0011760781970372239,0.0011701084155403862,0.024527308516869763,0.0012267749776847952,9.044042095087178E-4,0.00256333303518256,0.001185687542950255,3.353330056304935E-4,4.941524063568044E-4,0.0011690554285192902,0.0011700175607396134,2.873727764218011E-4,0.0011744291965747448,0.002832490521978241,0.0013088358994135737,1.9761052796381752E-4,8.36715341495002E-4,4.278853459471321E-4,0.01215957334296244,0.010599141907660925,0.0010374237228079695,6.983507007896708E-4,0.011362339942592134,2.51063932427905E-4],[0.0022087739615979196,0.0019198658921869864,0.001352083356034285,0.0015785105994542837,0.002143601989423263,0.0012779521900987672,0.0017847115429831875,0.0016633802732860855,0.0017794738783344112,8.422316880212433E-4,0.0011582647998546608,4.112573132507844E-4,3.551336720037258E-4,0.0017006061867417854,1.0,5.074798719085622E-4,0.0015855801346947836,0.0041294529680971385,6.334674243811224E-5,0.0011633699637486293,7.365241534427081E-4,3.392180489260917E-4,0.0011602587701119683,0.0012778821800421352,0.0374191018933015,2.9559651037708003E-4,0.001546014401207778,0.002218941292639346,0.001257213481989366,0.0011909410740759694,0.001692342092810706,0.0021213127823599747,0.0015491759419823442,0.0016210452437176136,0.002019583952160279,0.00467530703581486,0.0021900074458144785,6.385368620246091E-4,0.0015764314274260066,5.374624017380515E-4,0.005238635895401827,0.009733909466709031,0.0011620870950704498,4.7894248277648757E-4,0.008382048870268468,0.0011601969877467412],[0.0015229844059514563,1.791202202155678E-4,3.1177699781679137E-4,4.0640561336527256E-4,1.5318400596684258E-4,1.1890058884495708E-4,5.011839132095058E-4,9.724286169515564E-4,7.288180773505854E-4,1.894793891365972E-4,1.6142425918437176E-4,3.002558645784002E-4,4.111154015671329E-5,8.678846962364881E-4,5.074798719085622E-4,1.0,2.5133320426571975E-4,0.005652875408839144,1.3085577716623074E-4,5.36494960394062E-4,2.6409577788665776E-4,6.104334113443994E-5,2.88914548202306E-4,2.1669941230848894E-4,0.046086086569424936,2.731673663920208E-4,3.394776123559237E-4,0.002434854458700904,7.201099343881428E-4,2.553790408315094E-4,3.768403285390298E-4,7.840216804010326E-4,2.67133640854843E-4,2.5426688775476207E-4,4.0670720383934534E-5,0.0041638772469821655,0.001748734658019003,3.245925554783677E-5,2.1820215152675926E-4,2.9290958006767526E-4,0.006851920938772446,0.005967278951681885,2.3176955307723966E-4,2.4588156949526365E-4,0.008274587518608711,2.67070941045225E-4],[0.0016931688459086928,7.060765842886794E-5,2.370953080830227E-5,3.4135873255575304E-5,4.542422596559039E-5,1.2044798067386426E-5,0.0010254651067931118,1.5716438287853086E-5,3.711699905144144E-4,1.1996945996836812E-5,1.5226793755936403E-5,1.2053841859392656E-4,1.4672722980988036E-5,0.001052410899082934,0.0015855801346947836,2.5133320426571975E-4,1.0,0.01132072887645256,1.4212874251250477E-5,0.0011113291120406978,1.1339044904111981E-4,1.7708425573803927E-5,1.1919033792888189E-4,1.3803628772609093E-5,0.032787227944272766,8.153136663118291E-5,8.164105506500046E-5,3.266101825703788E-4,4.074913817688038E-4,1.1169820006507863E-4,3.5659804511361533E-4,2.2558202051244477E-4,2.5086576781105174E-5,1.1278514676386256E-4,1.5647344385996697E-5,2.3190851577313749E-4,2.649366188978327E-4,2.2977322603486995E-5,4.6847408887214716E-5,1.6808921150542007E-4,0.0038028423370064716,0.0075896735706180996,7.169339239050268E-5,2.1499173331260056E-5,8.888239120952901E-4,4.183529499216793E-5],[0.009396928001550614,0.00981001480225154,0.009252991612623546,0.00819534828928773,0.005727021130207303,0.008887888235467087,0.010018273991197077,0.003644267890115253,0.0035472814684612292,0.003434675710338319,0.01098748004494002,0.011113473201489204,0.010091368642185702,0.008112665355707285,0.0041294529680971385,0.005652875408839144,0.01132072887645256,1.0,0.01078437159297976,0.003311585796284382,0.0054680757624985385,9.325443761830724E-4,0.009915196121871053,0.004807405237502479,0.04962443708648045,0.007679244252460442,0.004578393141982887,0.005031591247816796,0.005399535035674246,0.0036782911818238444,0.009023067876703273,0.008442457418114438,0.008156793227901834,0.009274050750756128,0.010035082431891156,0.007442642516247695,0.006625050726623182,0.010919522423239602,0.0069944796125354525,0.007394581332877176,0.011687602497829292,0.011282355701781512,0.0056676546851906475,3.5784377924235743E-4,0.012669778606008805,0.010802284874241688],[0.0013328678703741067,5.9041759933724475E-5,2.4223928966829342E-5,0.0011054037822125478,7.842246781560597E-5,1.3317942104342148E-5,5.155423526531692E-4,8.461772766859124E-4,4.355061373946727E-4,1.1500105949887098E-5,1.3226050696861265E-5,1.0379145940331851E-4,1.2901864917299862E-5,1.3494358164377928E-4,6.334674243811224E-5,1.3085577716623074E-4,1.4212874251250477E-5,0.01078437159297976,1.0,9.973186179489276E-4,1.414222988968762E-4,1.5954108295095297E-5,7.117301570432048E-5,1.2553436175252177E-5,0.029365359470424002,1.0351253181721003E-4,9.08549375733312E-5,0.001101893523327825,4.55759963473065E-4,1.1236556250649109E-4,5.519661113323772E-5,9.154173451573435E-4,1.791167258873558E-5,2.49339755472413E-5,1.7025575712431423E-5,0.004701173505682857,5.779786235558007E-4,2.3198761587718454E-5,5.436177232078883E-5,2.143061039783349E-5,0.012019379810825345,0.001987894199892103,2.8029527246021797E-5,2.3767843729130546E-5,0.012181440915018492,1.3745841267255826E-4],[0.0013607488448969364,8.264802911367329E-4,9.332265513652462E-4,0.0012734083685173982,0.0010686590528409627,0.0010766028462558337,0.001139505573813181,0.0012268817141013102,0.0010399181836049961,9.690880102559485E-4,7.916441671356936E-4,2.156904515637815E-4,7.667592020182443E-4,0.0011825316086863677,0.0011633699637486293,5.36494960394062E-4,0.0011113291120406978,0.003311585796284382,9.973186179489276E-4,1.0,6.159625970403326E-4,2.862464742451509E-5,6.855698879964855E-4,4.088016208739052E-4,0.039857471531392415,5.137943802252564E-4,3.352119404334532E-4,0.002008427739469878,9.732063196393958E-4,3.2528871629278097E-4,0.0010543649334735852,0.0011250891993760386,2.0216818358268296E-4,9.799592203755547E-4,3.095984774477144E-4,0.004262331175346006,0.0011724645842120247,0.0010804984086272898,1.1824409587214249E-4,7.747715543347236E-4,0.005936539735840456,0.00134021356208622,6.787869663174101E-4,0.0010398646446459854,0.0030175099231984277,8.513251392070281E-4],[0.0022214940837811973,1.1870156687100427E-4,1.0800680461900999E-4,3.887219812650993E-4,1.1758924831778004E-4,1.9407673165085153E-5,8.770343340073932E-4,7.605898533476377E-4,3.537518484470544E-4,6.381845244965876E-5,1.1480218418640283E-4,1.7520610920131497E-4,1.1766569959698765E-4,4.7932255915344795E-4,7.365241534427081E-4,2.6409577788665776E-4,1.1339044904111981E-4,0.0054680757624985385,1.414222988968762E-4,6.159625970403326E-4,1.0,5.394272661587113E-5,1.3927351600857905E-4,4.885096758466414E-5,0.059229063758475975,1.974900371747997E-4,1.297589175516165E-4,0.0010092330699986711,2.2963399360503161E-4,1.4853971039513583E-4,3.55555094788213E-4,6.831066909730989E-4,3.5286773026062765E-5,1.3146729802546484E-4,1.1186514309692897E-4,0.004173804508412539,0.0015509969163524833,7.313130580594365E-5,1.1213613302927032E-4,1.724191446872673E-4,0.01100875357788388,0.005306074093856802,1.4498268825955242E-4,1.279354802561962E-4,9.91573502159924E-4,1.5430930558109216E-4],[1.8803191178013565E-4,6.435931460507264E-5,2.493465560580488E-5,1.0430073512920243E-4,2.6715689732798258E-5,1.266927705407916E-5,2.5997774992884287E-4,6.415684979625066E-4,3.9911173288266786E-4,1.5221858705644879E-5,1.1957520099247072E-5,2.0663169407691036E-5,1.1253590041755363E-5,6.538452448373163E-4,3.392180489260917E-4,6.104334113443994E-5,1.7708425573803927E-5,9.325443761830724E-4,1.5954108295095297E-5,2.862464742451509E-5,5.394272661587113E-5,1.0,1.3349597168431607E-4,1.3969932738472213E-5,0.015606361046805819,1.4912885344099723E-4,9.330960786443962E-5,6.056653146086295E-4,5.541217141041936E-4,2.7469740974005885E-5,3.616233146311065E-4,7.709391094921376E-4,2.4226991061026263E-5,1.0928030792025776E-4,1.7912412020410436E-5,0.005934593966700613,0.0017421462540431578,2.6076526307767942E-5,1.015224179948382E-4,1.3340559659659538E-4,0.007293746962528793,0.001120328119435379,4.940272190064907E-5,2.2333053700814464E-5,0.00922371970756909,1.2090045233103902E-4],[1.588051494953698E-4,1.1215816524677848E-4,7.281853510709036E-5,3.408881819809485E-4,1.2880494985555965E-4,2.1368408353889653E-5,1.5758332057209183E-4,1.7732695010761403E-4,7.32584391813714E-4,2.1772400311480288E-5,1.0576514862469502E-4,1.4302425626346808E-4,3.3902542773904775E-5,0.0011760781970372239,0.0011602587701119683,2.88914548202306E-4,1.1919033792888189E-4,0.009915196121871053,7.117301570432048E-5,6.855698879964855E-4,1.3927351600857905E-4,1.3349597168431607E-4,1.0,9.233438899460313E-5,0.06736180143034229,1.5525824824308575E-4,1.1819584467352392E-4,0.0018133075835996058,3.542284145766262E-4,1.6146624158107624E-4,2.929003920790352E-4,0.0010006588977586818,7.709449225677637E-5,1.3403198815221E-4,9.994118384746492E-5,0.0037828920653971373,3.14595329255034E-4,1.0832911556203119E-4,1.0494273194718915E-4,1.6467526769712917E-4,0.0016784882742844503,0.004425209906536597,1.341297290475706E-4,3.3090308571475605E-5,0.002095978504262294,1.6091831572513808E-4],[0.0016129635088601689,2.9808375791153763E-5,2.067843729268368E-5,4.400757224371927E-4,4.786444224731747E-5,1.1168965398503023E-5,5.583678271128882E-4,4.4374439267385755E-4,2.2439672245990323E-4,1.0249173276868754E-5,1.07940329649556E-5,1.6191972135796248E-5,1.112818138057902E-5,0.0011701084155403862,0.0012778821800421352,2.1669941230848894E-4,1.3803628772609093E-5,0.004807405237502479,1.2553436175252177E-5,4.088016208739052E-4,4.885096758466414E-5,1.3969932738472213E-5,9.233438899460313E-5,1.0,0.06930860932656545,3.154655727772413E-5,9.426587671857131E-5,8.888072786223699E-4,2.9456911561047405E-4,1.5007144209088397E-4,2.7201042114260044E-4,9.974767171634549E-4,1.3068017345579499E-5,4.316516332141748E-5,1.4007446250340113E-5,7.77743176922135E-5,3.0060281072109385E-4,1.2473576990480763E-5,1.4574733626890461E-5,2.874551554859746E-5,0.007446496653459964,0.002422907919861291,3.744792162610463E-5,2.2838847188249472E-5,0.0110171531346212,6.099670298679394E-5],[0.05504841719364007,0.03652801488846641,0.06580768415070092,0.015735604160496932,0.06259048780001115,0.042908995804612333,0.012070416486005533,0.00852808921774721,0.047972447784850665,0.03751470957585774,0.030868357811843296,0.056274356014176644,0.005506774312006319,0.024527308516869763,0.0374191018933015,0.046086086569424936,0.032787227944272766,0.04962443708648045,0.029365359470424002,0.039857471531392415,0.059229063758475975,0.015606361046805819,0.06736180143034229,0.06930860932656545,1.0,0.014869050048571895,0.059306133618514854,0.06589685269619647,0.034964737167918813,0.0465261196773175,0.029210675812041613,0.05869021369234737,0.03726936678919358,0.0627426997415308,0.02701257344669098,0.017887685575664943,0.010777004532567585,0.025979762649567043,0.016680900418133367,0.05487555670250764,0.04489428969424385,0.023709363452653752,0.0015993366529993612,0.06189199298682597,0.05779477591068918,0.015763744965925777],[0.0014605123457337148,1.4315132560351152E-4,1.3920082794842455E-4,3.096711960719368E-4,1.1720088694637523E-4,2.0567276835732474E-4,6.585613658645752E-4,6.709616350431604E-4,3.952584050750616E-4,3.8036133775323135E-5,1.3689498759827544E-4,2.1476090528018118E-4,2.030025720643912E-4,0.0012267749776847952,2.9559651037708003E-4,2.731673663920208E-4,8.153136663118291E-5,0.007679244252460442,1.0351253181721003E-4,5.137943802252564E-4,1.974900371747997E-4,1.4912885344099723E-4,1.5525824824308575E-4,3.154655727772413E-5,0.014869050048571895,1.0,2.0171973976161096E-4,0.0021662826520581603,5.00413418112528E-4,1.808817955934818E-4,3.5960082922640267E-4,2.7709486440100366E-4,7.73833383101732E-5,1.4688448922024522E-4,8.186928016949544E-5,0.0017886136548146611,0.001184331121861388,1.4572413612029447E-4,1.454982255778062E-4,1.932890217573371E-4,0.003901673524397956,0.00926537151493329,1.5948418987114208E-4,1.6882085619931E-4,0.003902005111658218,2.0742989395963944E-4],[2.92900404473534E-4,1.0490225961651946E-4,3.2748489856782706E-5,9.296082947211368E-4,9.938117589264358E-5,3.987695490718066E-5,7.953274871755435E-4,9.570079318497935E-4,1.2186815500584404E-4,6.142093049838328E-5,1.0118720991804038E-4,1.5693812867002322E-4,6.042201598344955E-5,9.044042095087178E-4,0.001546014401207778,3.394776123559237E-4,8.164105506500046E-5,0.004578393141982887,9.08549375733312E-5,3.352119404334532E-4,1.297589175516165E-4,9.330960786443962E-5,1.1819584467352392E-4,9.426587671857131E-5,0.059306133618514854,2.0171973976161096E-4,1.0,0.001039283488873089,1.6296820707855658E-4,1.2990150790066952E-4,3.2613815524469873E-4,1.488715182684027E-4,7.955065468985423E-5,1.0381760248086634E-4,4.331187871269888E-5,0.003978702295939861,0.0011631449063910912,4.851282559649468E-5,1.0241104472528929E-4,1.6188326600524188E-4,0.006169039058470883,0.005462517442005265,1.0343026227945597E-4,9.400943238312137E-5,0.005143435170583119,1.5603971350195217E-4],[0.0028597976947043985,0.0014525444374417994,4.812149974897172E-4,0.001517938864080423,0.001753953332695773,0.0017813622326473745,0.0013496373392232405,0.0021626131168038217,0.002028435211357525,0.0017154288063854098,0.0017198286378095067,0.0017106952656058528,0.002272401278701049,0.00256333303518256,0.002218941292639346,0.002434854458700904,3.266101825703788E-4,0.005031591247816796,0.001101893523327825,0.002008427739469878,0.0010092330699986711,6.056653146086295E-4,0.0018133075835996058,8.888072786223699E-4,0.06589685269619647,0.0021662826520581603,0.001039283488873089,1.0,0.0014149664262879244,0.0022666913213492145,0.0021457962653488724,0.0026157387875259666,0.0013101523574588156,0.0014042546138172199,0.0016244371970508611,0.004822096551233852,0.002019179197033563,0.002844662001926104,1.905536660383705E-4,0.002145626184860963,0.009434351620712975,0.010611303583043673,0.0010492425693316883,0.0013489591182330087,0.0029112618135576237,9.902015033763844E-4],[0.0014504970699079074,2.7893452248580066E-4,5.411256454239948E-4,0.001032224301413891,3.043234909218734E-4,3.789360597088835E-5,8.738048189114185E-4,0.0013523405561969857,7.690444592323624E-4,2.467798697797429E-4,6.146271864532671E-4,2.378532349314353E-4,5.325742878520743E-4,0.001185687542950255,0.001257213481989366,7.201099343881428E-4,4.074913817688038E-4,0.005399535035674246,4.55759963473065E-4,9.732063196393958E-4,2.2963399360503161E-4,5.541217141041936E-4,3.542284145766262E-4,2.9456911561047405E-4,0.034964737167918813,5.00413418112528E-4,1.6296820707855658E-4,0.0014149664262879244,1.0,5.487308580992283E-4,4.8182821207121075E-4,0.001064120931447372,4.8736749669533254E-4,6.163314436070235E-4,4.6871627215083566E-4,0.0066614392349907195,0.0013852242112667842,5.466006553798495E-4,3.8888075367821053E-4,6.166604010235376E-4,0.007898110180195888,0.010565707245916073,6.86322439167213E-4,7.036195988096192E-4,0.011435612963794072,2.2067415047673423E-4],[0.0016582816521100033,1.294216806002287E-4,9.630788343451747E-5,0.0013007296290616218,1.23121477321582E-4,6.257363931388765E-5,7.590549264188177E-4,3.273449203963157E-4,5.058594403188566E-4,1.5986283635130758E-4,4.6044211490305854E-5,1.724200908924885E-4,1.468780907141318E-4,3.353330056304935E-4,0.0011909410740759694,2.553790408315094E-4,1.1169820006507863E-4,0.0036782911818238444,1.1236556250649109E-4,3.2528871629278097E-4,1.4853971039513583E-4,2.7469740974005885E-5,1.6146624158107624E-4,1.5007144209088397E-4,0.0465261196773175,1.808817955934818E-4,1.2990150790066952E-4,0.0022666913213492145,5.487308580992283E-4,1.0,1.9623074497097874E-4,2.814984474477165E-4,1.4365516102915975E-4,1.6684308097544403E-4,6.669612340774966E-5,3.3050613676817274E-4,4.8559157420682874E-4,3.689398265504562E-5,1.3333729171094693E-4,1.6871527699068698E-4,2.3526205549901302E-4,0.011059152540928572,1.1088586635186775E-4,1.1572334067564093E-4,0.012081106190252757,1.8392292472429482E-4],[0.0020911730647000183,2.402012758440595E-4,3.311744996771598E-4,0.0010350731177986956,3.766093658924933E-4,3.3833452004623664E-5,7.211031321636661E-4,5.350275690619935E-4,5.808575758384406E-4,1.4573727591527736E-4,1.3070519696873389E-5,3.579489947752826E-4,2.859771504545977E-4,4.941524063568044E-4,0.001692342092810706,3.768403285390298E-4,3.5659804511361533E-4,0.009023067876703273,5.519661113323772E-5,0.0010543649334735852,3.55555094788213E-4,3.616233146311065E-4,2.929003920790352E-4,2.7201042114260044E-4,0.029210675812041613,3.5960082922640267E-4,3.2613815524469873E-4,0.0021457962653488724,4.8182821207121075E-4,1.9623074497097874E-4,1.0,8.248551337733363E-4,1.4653631481125048E-4,1.7269545035112434E-4,2.368227713577155E-4,0.0027518508832750253,4.1606373865669494E-4,1.2928862239347617E-4,2.5090911273610616E-4,2.7047850949235965E-4,0.005675175983805297,0.0057062870795514045,3.191670019400136E-4,2.2062504351780203E-4,0.010824392046043055,3.887861292167617E-4],[0.0012025417771254375,2.1286172440814437E-4,2.7777991481873804E-4,0.0013158631812823047,4.690676545334421E-4,4.123680741249428E-5,0.0011185834310085162,0.0012470795299098572,9.50022592444541E-4,4.305561479826032E-4,0.0010791495519671978,2.649795409414142E-4,9.123450065090572E-4,0.0011690554285192902,0.0021213127823599747,7.840216804010326E-4,2.2558202051244477E-4,0.008442457418114438,9.154173451573435E-4,0.0011250891993760386,6.831066909730989E-4,7.709391094921376E-4,0.0010006588977586818,9.974767171634549E-4,0.05869021369234737,2.7709486440100366E-4,1.488715182684027E-4,0.0026157387875259666,0.001064120931447372,2.814984474477165E-4,8.248551337733363E-4,1.0,4.145306641561221E-4,7.307236143957931E-4,1.563883526198931E-4,0.0011866473918888138,0.0014978108925048656,7.65731754472677E-4,2.1638539037067034E-4,2.375210501009177E-4,0.004653400896774118,0.007953443989253897,0.0010341319502432842,8.376632987702824E-4,0.005789372903113295,9.329664347034214E-4],[0.0018355355899095035,9.103991521964904E-5,2.576862893355389E-5,2.611927948132327E-4,7.57896939325255E-5,1.5201477640521718E-5,8.967671834721033E-4,4.954524281955285E-4,6.507996141978413E-4,1.1783006767503813E-5,2.2397727721075053E-5,1.69565164383677E-4,2.414009043517317E-5,0.0011700175607396134,0.0015491759419823442,2.67133640854843E-4,2.5086576781105174E-5,0.008156793227901834,1.791167258873558E-5,2.0216818358268296E-4,3.5286773026062765E-5,2.4226991061026263E-5,7.709449225677637E-5,1.3068017345579499E-5,0.03726936678919358,7.73833383101732E-5,7.955065468985423E-5,0.0013101523574588156,4.8736749669533254E-4,1.4365516102915975E-4,1.4653631481125048E-4,4.145306641561221E-4,1.0,5.12303149438322E-5,2.6879756496423397E-5,0.0018232773135469394,4.4425107910268745E-4,2.7016658142717344E-5,1.0102073313040356E-4,4.0067553543811104E-5,0.0014051753516673158,0.0081209754156107,9.77285477034863E-5,2.6688564589777324E-5,0.0022845675853480673,1.696889626472257E-4],[0.002096538234406834,1.107653458810048E-4,6.756889042113906E-5,0.0011289784214669626,9.734407170119019E-5,4.7455280049842906E-5,9.354977486721863E-4,2.0875295239472887E-4,8.538708134071497E-4,1.0120096146125709E-4,8.749849572742197E-5,1.9152690389468498E-4,1.11479979832542E-5,2.873727764218011E-4,0.0016210452437176136,2.5426688775476207E-4,1.1278514676386256E-4,0.009274050750756128,2.49339755472413E-5,9.799592203755547E-4,1.3146729802546484E-4,1.0928030792025776E-4,1.3403198815221E-4,4.316516332141748E-5,0.0627426997415308,1.4688448922024522E-4,1.0381760248086634E-4,0.0014042546138172199,6.163314436070235E-4,1.6684308097544403E-4,1.7269545035112434E-4,7.307236143957931E-4,5.12303149438322E-5,1.0,7.44404976886192E-5,0.0013223028814426778,9.138967823309508E-4,4.4200698935248386E-5,1.2035735418642025E-4,1.5868823844753885E-4,0.0017195531402508274,0.010340086297569953,1.1677473501947796E-4,9.516540670539927E-5,0.0036501232779279453,1.3307602157584214E-4],[0.0020934973567025583,3.1215258513482375E-5,2.083230090910756E-5,9.138898045697324E-4,7.87856993413549E-5,1.1684241891235653E-5,1.6598819281234318E-4,1.548796252408007E-4,3.976209287617909E-4,1.506698413975576E-5,1.5189078170968081E-5,1.2727116587047546E-4,1.6726535635900396E-5,0.0011744291965747448,0.002019583952160279,4.0670720383934534E-5,1.5647344385996697E-5,0.010035082431891156,1.7025575712431423E-5,3.095984774477144E-4,1.1186514309692897E-4,1.7912412020410436E-5,9.994118384746492E-5,1.4007446250340113E-5,0.02701257344669098,8.186928016949544E-5,4.331187871269888E-5,0.0016244371970508611,4.6871627215083566E-4,6.669612340774966E-5,2.368227713577155E-4,1.563883526198931E-4,2.6879756496423397E-5,7.44404976886192E-5,1.0,0.001128404486526783,8.641966188245959E-4,2.3862438025254055E-5,5.307127507974534E-5,5.296722276359392E-5,0.0012937314206738332,0.0030247888217891897,4.74088208547282E-5,2.175977537512641E-5,0.012979879200089077,1.543460370322904E-4],[0.0069126405969378545,0.004057265269536513,0.005632366275673935,0.001956843270039661,0.0010557961709520298,0.004997308757453366,0.003459062553568107,0.004435220566692794,0.00519354785311431,0.002669140905806986,0.004073895197959538,0.0017978973448570586,0.0046646985449840216,0.002832490521978241,0.00467530703581486,0.0041638772469821655,2.3190851577313749E-4,0.007442642516247695,0.004701173505682857,0.004262331175346006,0.004173804508412539,0.005934593966700613,0.0037828920653971373,7.77743176922135E-5,0.017887685575664943,0.0017886136548146611,0.003978702295939861,0.004822096551233852,0.0066614392349907195,3.3050613676817274E-4,0.0027518508832750253,0.0011866473918888138,0.0018232773135469394,0.0013223028814426778,0.001128404486526783,1.0,0.00414978640148231,0.002792214044671996,0.001065630903840782,0.0030470572209370917,0.007593514768873211,0.010397094430336767,0.002975821215919148,0.006893825317698712,0.00942991904282506,3.6239612195550404E-4],[0.002176711718043764,0.0013924729924087466,9.929730378441532E-4,0.0016597633777112601,6.082192416910774E-4,7.156194513255795E-4,0.0014650403548166703,0.0017818463228485976,0.0016799232512549648,1.1815299500029142E-4,0.001129344424635454,0.0011233491052723644,0.0013225150126654644,0.0013088358994135737,0.0021900074458144785,0.001748734658019003,2.649366188978327E-4,0.006625050726623182,5.779786235558007E-4,0.0011724645842120247,0.0015509969163524833,0.0017421462540431578,3.14595329255034E-4,3.0060281072109385E-4,0.010777004532567585,0.001184331121861388,0.0011631449063910912,0.002019179197033563,0.0013852242112667842,4.8559157420682874E-4,4.1606373865669494E-4,0.0014978108925048656,4.4425107910268745E-4,9.138967823309508E-4,8.641966188245959E-4,0.00414978640148231,1.0,5.819099501055285E-4,0.0010506746110505547,0.0017323698040608133,0.008673742885988283,0.0027801600725068654,0.0014771601848121991,2.5509293284025063E-4,0.010227392352343585,3.483838796605628E-4],[6.593035618291622E-4,2.7422846774858293E-5,2.6197830152937383E-5,9.510924221282583E-4,8.114852604644542E-5,2.3708761671390487E-5,6.584506820320609E-4,0.001230439308369251,5.998144202183831E-4,1.261272877752693E-5,1.2632097009519782E-5,1.2373311473192183E-4,2.2335940952110004E-5,1.9761052796381752E-4,6.385368620246091E-4,3.245925554783677E-5,2.2977322603486995E-5,0.010919522423239602,2.3198761587718454E-5,0.0010804984086272898,7.313130580594365E-5,2.6076526307767942E-5,1.0832911556203119E-4,1.2473576990480763E-5,0.025979762649567043,1.4572413612029447E-4,4.851282559649468E-5,0.002844662001926104,5.466006553798495E-4,3.689398265504562E-5,1.2928862239347617E-4,7.65731754472677E-4,2.7016658142717344E-5,4.4200698935248386E-5,2.3862438025254055E-5,0.002792214044671996,5.819099501055285E-4,1.0,7.004183275719239E-5,5.324153185468479E-5,0.009518787260703711,0.010731797035006175,7.723831795593476E-5,2.5437058352336676E-5,6.877037439079688E-4,6.488091068302914E-5],[0.0021424696780843727,1.0275072650522222E-4,4.5462839063427604E-5,4.3995029712499793E-4,9.53808330413623E-5,3.0170081853900337E-5,5.45320728109347E-4,8.388090975444246E-4,3.057396614217579E-4,2.137143579001619E-5,9.046824760353834E-5,1.0816140843450959E-4,7.487329034218545E-5,8.36715341495002E-4,0.0015764314274260066,2.1820215152675926E-4,4.6847408887214716E-5,0.0069944796125354525,5.436177232078883E-5,1.1824409587214249E-4,1.1213613302927032E-4,1.015224179948382E-4,1.0494273194718915E-4,1.4574733626890461E-5,0.016680900418133367,1.454982255778062E-4,1.0241104472528929E-4,1.905536660383705E-4,3.8888075367821053E-4,1.3333729171094693E-4,2.5090911273610616E-4,2.1638539037067034E-4,1.0102073313040356E-4,1.2035735418642025E-4,5.307127507974534E-5,0.001065630903840782,0.0010506746110505547,7.004183275719239E-5,1.0,1.253406546591429E-4,0.0031056335811445353,0.002088661157002193,1.037314980841097E-4,3.62379918086014E-5,0.005756914407535499,1.037286484148509E-4],[0.0015779566432105733,1.4309144563739626E-4,3.43183297844933E-5,3.843962056557902E-4,1.222862343628857E-4,1.4548181392074402E-4,3.2925197632014297E-4,5.985257316302677E-4,6.869882827631E-4,1.1670309145198757E-5,8.239665447081436E-5,1.9469610165257777E-4,1.0326802125956322E-4,4.278853459471321E-4,5.374624017380515E-4,2.9290958006767526E-4,1.6808921150542007E-4,0.007394581332877176,2.143061039783349E-5,7.747715543347236E-4,1.724191446872673E-4,1.3340559659659538E-4,1.6467526769712917E-4,2.874551554859746E-5,0.05487555670250764,1.932890217573371E-4,1.6188326600524188E-4,0.002145626184860963,6.166604010235376E-4,1.6871527699068698E-4,2.7047850949235965E-4,2.375210501009177E-4,4.0067553543811104E-5,1.5868823844753885E-4,5.296722276359392E-5,0.0030470572209370917,0.0017323698040608133,5.324153185468479E-5,1.253406546591429E-4,1.0,0.011309997151165714,0.005467297128697882,1.3799420268912434E-4,1.300879239861655E-4,0.007726742957312334,1.8519525223048718E-4],[0.0025419581595960772,0.003167027809263221,0.008823648558796728,0.010878764045983782,0.010117549770659335,0.008531313774760144,0.0019537279648386787,0.011023687642963131,0.0051234606523066955,2.928368607200044E-4,0.009443478369610878,0.00921096865907151,0.0024920133849121663,0.01215957334296244,0.005238635895401827,0.006851920938772446,0.0038028423370064716,0.011687602497829292,0.012019379810825345,0.005936539735840456,0.01100875357788388,0.007293746962528793,0.0016784882742844503,0.007446496653459964,0.04489428969424385,0.003901673524397956,0.006169039058470883,0.009434351620712975,0.007898110180195888,2.3526205549901302E-4,0.005675175983805297,0.004653400896774118,0.0014051753516673158,0.0017195531402508274,0.0012937314206738332,0.007593514768873211,0.008673742885988283,0.009518787260703711,0.0031056335811445353,0.011309997151165714,1.0,0.011949368280137743,0.0019836215979748425,0.001991045187757066,0.01236507530834377,0.009618301724963143],[0.009518580967804913,1.280520727877189E-4,0.009960762838951486,0.009143274930844774,0.0016825383864483433,0.001802189723465353,0.007744502486541483,0.006868209476648642,0.006420463495694056,0.0029704629506983903,0.010542663219223671,0.0028038142163515785,0.0020625895792939423,0.010599141907660925,0.009733909466709031,0.005967278951681885,0.007