[[1.0,8.88410646471515E-5,1.3462274030267247E-5,1.8957982430141645E-4,0.004233079064816329,1.5530218278612387E-4,2.0385533841109298E-4,1.3211491360941996E-4,3.5891684732836543E-4,0.002147661490634358,1.6377188037567666E-4,1.5218068441691496E-4,0.007644053409377597,4.1533946504090284E-4,0.008775533167730462,0.007234625564711397,4.5931368755418507E-4,2.922030099772823E-4,5.893632334905724E-5,1.5482333022370445E-4,0.015969203774628873,5.179464747715086E-4,9.499691047220071E-5,8.92026877020665E-4,1.4042006160293053E-4,0.0021701950189651426,1.0652668538305512E-4,7.435205134865934E-5,9.138762882489149E-4,1.6228913708025722E-4,1.9478127710193606E-4,0.011739421886811856,1.28270739507191E-4,1.9581438908385416E-4,0.002131029880859658,0.0017029875338689512,0.002497934063207444,4.314036833053824E-4,2.0360198678184512E-4,1.2050361924315207E-4,9.632781277550335E-4,0.0033738248668882882,1.3592385421261918E-4,1.7006882707343483E-4,1.5897824802678647E-4,2.1645118891865393E-4,0.0022898682209221695,8.124655692288213E-4,8.369950841378342E-4,8.002318524181896E-5,3.953692797813534E-4],[8.88410646471515E-5,1.0,1.380042675089523E-5,3.9018420742607004E-4,0.002152970903113787,9.663136688917834E-5,2.709365451342119E-4,3.318896946134579E-5,0.0012564318261679738,0.0010530321059077882,6.7101280930378E-5,7.186991478275696E-5,0.008612983194729567,2.8393847409025676E-4,0.002346250615903101,0.008513519612663042,8.967327983585086E-4,5.083306110197498E-4,1.7575061068694447E-5,1.385630040282979E-4,0.011151139596517552,5.327709066984246E-4,3.4538347534326025E-5,2.0070221343596197E-4,4.260350507490014E-5,7.332977512565505E-4,1.029415123688523E-4,2.5846878861038405E-5,7.152380454227727E-5,3.959113868131929E-4,4.051957511036453E-5,0.006526974954821932,3.740304149142124E-5,2.6124848323858435E-5,9.207655974135203E-4,0.0018870197999045052,0.004405999958389292,1.5828446605483477E-4,2.4760950744887554E-4,1.8404490284388624E-5,7.671453025399864E-4,0.0029398127865643323,6.778004387205674E-5,1.269822553600932E-4,1.5237718867980727E-4,1.0040487273029698E-4,0.004583229727800998,0.0013932476678168468,0.001256777111143683,1.6021317182544848E-5,8.433512380617001E-5],[1.3462274030267247E-5,1.380042675089523E-5,1.0,8.516653621369251E-5,0.0036320123915680757,1.1591984268643123E-4,2.0145554697577767E-4,6.516648748573995E-5,7.821800884087339E-4,6.28936716803736E-4,1.5181275352931406E-4,1.0594756297251293E-4,0.0016886823708150596,0.0012153947291039893,0.009353913210495732,9.904148014877262E-4,0.0012125893509582787,9.80633431374571E-4,1.2372039764203294E-5,2.835103974518429E-5,0.013649612954747764,0.0023583709116181428,3.537214245467513E-5,0.0014161432825822505,1.7575051044818993E-5,0.0011739798538128463,6.696459389433516E-5,1.4465705604368438E-5,1.6910483006316458E-4,0.001304463857727944,2.2733479961619166E-4,0.0021062915043890957,8.958045721799116E-5,1.496462706662587E-4,0.0011783596979839568,0.0019606593811020193,0.004212125278140533,7.308465572632163E-4,3.753871343380391E-4,1.205596577662123E-5,7.76608938791365E-4,1.8931859566644922E-4,7.712388620682598E-5,6.624601370707783E-5,9.736838168751176E-5,3.5475252182152567E-4,9.885863744086719E-4,1.1469985622281584E-4,6.875666463594848E-4,1.3754700821249151E-5,1.1045236663894306E-4],[1.8957982430141645E-4,3.9018420742607004E-4,8.516653621369251E-5,1.0,0.002357533450649523,4.528787620205327E-4,5.325580345492725E-4,4.42170949869738E-4,7.325839145644943E-4,0.0018700539092892407,2.765794321581384E-4,1.9968606641955928E-4,0.009284565558032401,0.0011625879355780689,0.01034208020935121,5.442521766525686E-4,0.0011744014420244219,7.909585472730317E-4,1.442971215091864E-4,3.7886931646363025E-4,0.020086926135356172,0.002123268123484104,1.4837804204582928E-4,0.0025304598380206725,1.573690000660344E-4,0.0017861753214738617,3.181615383806147E-4,1.2070694720437017E-4,8.054382391573544E-4,7.962397839026479E-4,3.495115866150764E-4,0.01113722087323908,4.320055192487311E-4,5.215487166295777E-4,9.933149467116183E-4,0.0023651151683805943,0.00444666160661312,6.43297927546755E-4,5.185067161676993E-4,4.305837516558361E-4,8.732792587250254E-4,0.0024586434064444267,1.6498807746461645E-4,2.1412541505748145E-4,2.519435566647406E-4,4.7424777477244527E-4,0.004183104265099182,5.560635815402044E-4,0.0011357790222923522,3.9466433295115577E-4,7.897306930220357E-4],[0.004233079064816329,0.002152970903113787,0.0036320123915680757,0.002357533450649523,1.0,9.821498021851957E-4,0.004248067032884743,0.0030548677804541646,0.0016270324914239634,0.0027912413956970644,0.004501074522419898,2.8339913958093973E-4,0.005314237552424749,0.0017672792583837951,0.00851729587822905,0.012079241923203046,0.002393792724562048,0.001564048247314534,0.0022510015007398024,0.0036921083049851274,0.017061629597545064,0.0031662586070796864,0.004240252184470147,0.0034792269791107107,8.657057855472949E-4,0.003101283836004358,0.002774747713325594,0.0012612101572739222,0.00423874285437781,0.004379714066409118,0.0017025676333664655,0.018802555693351264,0.0043756598098109644,0.0037304409796457905,0.003889393990097554,0.0027381988886329466,0.004866263882361911,0.0044090350199254506,0.00432155196302707,0.0014421225754804963,0.0029087883161348733,0.0045829380020703785,0.004503264478628542,0.0030132899463566555,0.0035490374365908543,0.004528784522145076,0.004631388386626401,0.002545267604292118,0.004268063913700135,0.003315988043940387,0.0013755272395537983],[1.5530218278612387E-4,9.663136688917834E-5,1.1591984268643123E-4,4.528787620205327E-4,9.821498021851957E-4,1.0,3.886932125007791E-4,1.4968071269835513E-4,7.468308556397129E-4,6.603187780462158E-4,1.6380850001383894E-4,1.511487000606548E-4,0.008387124437655137,6.727810316436715E-4,0.010586111281979232,0.011373221170532426,0.0011506156320062121,9.892538298000148E-4,4.689259583503703E-5,1.5269865991602717E-4,0.018114220677080645,5.294260055746542E-4,1.3400344175467385E-4,0.0016118073204998149,1.5011018849247706E-4,9.20561375390979E-4,1.5238876994365768E-4,1.3494866970102881E-4,6.102624092381246E-4,0.0012111370921672282,1.5857285755540695E-4,0.009901157228257497,1.2491040675159765E-4,2.2402362894322097E-4,0.0019542663421920196,5.118174640062632E-4,0.001188856181570303,3.3639055736363083E-4,2.852598685727094E-4,3.103953247555947E-5,0.0013729639014242927,0.003682929658576709,1.352818155639757E-4,1.7653840503754036E-4,1.6015367482685348E-4,2.214204685454145E-4,0.0015217377252440217,6.122479026216255E-4,0.0013888194206897863,8.637382023984101E-5,3.072941085189493E-4],[2.0385533841109298E-4,2.709365451342119E-4,2.0145554697577767E-4,5.325580345492725E-4,0.004248067032884743,3.886932125007791E-4,1.0,5.168609766714799E-4,6.532151101807702E-4,0.0010330536570924158,4.4202298742039906E-4,2.7764690234308685E-4,0.0034379043973048213,8.665564621456405E-4,0.007271191213677401,0.019895435366479575,0.0016172322398318262,7.459941140290371E-4,2.2159540672198143E-5,4.95736684168763E-4,0.01553973810352196,7.07373380926618E-4,3.861428133892723E-4,0.0015482733051396342,2.313543269737241E-4,0.0016551245087582202,5.277641316057082E-4,2.6823349272881044E-4,6.329437749763066E-4,6.465105506612466E-4,2.9416827858087173E-4,0.018744928490015706,5.158394191689022E-4,3.836812442016629E-4,0.0011813298248321345,5.80032934289024E-4,9.145831311032201E-4,9.343464835160672E-4,5.079415230237541E-4,4.701256183472172E-4,0.0013143839405383934,0.0013267865732720387,4.262435760476433E-4,3.1722968551839306E-4,4.7705591722008547E-4,4.03128736856692E-4,0.0017938602496732502,0.0011899400662867543,0.0010407063476926518,2.3687468697563538E-4,7.629222593709696E-4],[1.3211491360941996E-4,3.318896946134579E-5,6.516648748573995E-5,4.42170949869738E-4,0.0030548677804541646,1.4968071269835513E-4,5.168609766714799E-4,1.0,4.788845885857827E-4,4.2543060637013615E-4,2.0296803149170962E-4,1.4349396168956602E-4,0.010221597547488137,4.159121832654237E-4,0.006394455547217016,0.014825892921357553,6.62404518764449E-4,0.001105944649814222,4.3666455394069485E-5,1.4574907435299731E-4,0.009665834876816022,0.002028551571170397,8.86652037532738E-5,0.0014625417898940052,1.125839076264496E-4,0.0015736378507008163,1.0492810790885113E-4,5.50023596570856E-5,8.079236784845022E-4,7.447142657867462E-4,1.3756096373676355E-4,0.002712231765764926,1.0549312457685129E-4,1.366908357011852E-4,9.421179599964577E-4,2.206127569462178E-4,0.002858796410320903,1.8624108165220802E-4,3.23301491888711E-4,8.49087687250631E-5,0.0010558974578833828,0.003017437546606429,1.1944343709891703E-4,1.1009794472549319E-4,1.2750678949524562E-4,2.3909822107137885E-4,1.4277865841966084E-4,9.137616143278741E-4,2.1167162448591673E-4,9.968802301079365E-5,4.713956361247869E-4],[3.5891684732836543E-4,0.0012564318261679738,7.821800884087339E-4,7.325839145644943E-4,0.0016270324914239634,7.468308556397129E-4,6.532151101807702E-4,4.788845885857827E-4,1.0,0.002248276664055576,3.320590404586704E-4,4.88782163702542E-4,0.006473854781462207,0.0016276412176245804,0.009407496978716134,0.0071808008223021155,0.0016180462675437612,0.0012748396140038211,5.147613044892483E-4,5.4899151516298E-4,0.021593407872728964,0.0014115203276844907,0.0011968558767888504,0.0016178351269440828,2.607610520973218E-4,0.0019346466753293874,7.270463592920615E-4,9.975702531270878E-4,0.0012589845051869974,0.0013118794045551912,7.59493479954302E-4,0.004358221238676913,7.887869760209299E-4,4.938364935223962E-4,0.002170725027724578,0.0023436758730234894,0.003906133735214706,0.0010770238646645508,4.879291935810553E-4,6.849850991609202E-4,0.00141841171463741,0.0043270765226735555,0.0010665697435238443,4.5147278220171E-4,4.950054372799804E-4,0.0012374659282615545,0.004264029098124691,0.001686967515948515,0.0013502718453744544,0.0010639267576545816,0.0011879243591014618],[0.002147661490634358,0.0010530321059077882,6.28936716803736E-4,0.0018700539092892407,0.0027912413956970644,6.603187780462158E-4,0.0010330536570924158,4.2543060637013615E-4,0.002248276664055576,1.0,3.5038566096162065E-4,0.001797312562532413,0.007912371106383214,0.0020215254004901984,0.00849116367199751,0.004022962726072296,0.0018644019323871526,0.0016024904622732406,1.4805839672557365E-4,0.0013853518958409678,0.0088986179691503,0.002619192497281383,0.002149738096848437,0.0024910228797350798,3.4400810115830334E-4,0.002526776370002887,0.002043742996537251,0.002392376606480205,0.001553682142804073,0.0023340377224494164,0.0024318357854940078,0.01347656350726511,0.001052258353946651,4.4902056759290064E-4,0.002380522091664676,0.00243578374350919,0.0031868470121596865,0.001910204371146048,7.001065085852905E-4,0.001554532049635463,0.001816581791681574,0.0031680333698242756,0.0010005703694366736,0.0017534772775180613,0.0022138953531584712,0.0023097930287160236,0.003127758304688266,0.0020627574400997155,0.0015002013838046717,0.0018868923482298092,0.0018815610958962331],[1.6377188037567666E-4,6.7101280930378E-5,1.5181275352931406E-4,2.765794321581384E-4,0.004501074522419898,1.6380850001383894E-4,4.4202298742039906E-4,2.0296803149170962E-4,3.320590404586704E-4,3.5038566096162065E-4,1.0,1.6660559606281847E-4,0.004397321230435061,0.0010765270615844082,0.010673182562247514,0.015478377404527885,0.0010212715185049608,0.0012446844969107656,1.1345739317285064E-4,1.659619512203187E-4,0.0032212827736316733,0.0025998134427325185,6.939978616442741E-5,0.001772020049380442,1.6102206428418074E-4,3.025939317125564E-4,2.1422931358222415E-4,1.5356060380217413E-4,4.337669904430644E-4,6.068194447108809E-4,2.3322993099782338E-4,0.006414705234400872,1.39335953810183E-4,2.8711701233412643E-4,0.0015644870897714026,0.0018737408950238125,0.0013742975863739245,3.3300657237967616E-4,2.833398037708083E-4,4.2958209418807664E-5,0.001370891509455435,0.001140842806840929,1.5232272025417917E-4,2.0020552180582924E-4,2.1649264246854694E-4,2.291781522849606E-4,0.001266843048154695,0.001697563331421419,6.875659513408037E-4,1.3463994689499696E-4,2.197590450379203E-4],[1.5218068441691496E-4,7.186991478275696E-5,1.0594756297251293E-4,1.9968606641955928E-4,2.8339913958093973E-4,1.511487000606548E-4,2.7764690234308685E-4,1.4349396168956602E-4,4.88782163702542E-4,0.001797312562532413,1.6660559606281847E-4,1.0,0.009024507016698297,3.8005790923342406E-4,9.128375588061416E-4,0.018297832499146294,6.899661351156182E-4,0.0011830533730904738,1.3181458204976332E-4,1.5132221986145216E-4,0.0019410054774373039,0.002018705784137189,4.8271752563028393E-5,0.0012640145689207915,1.3185271653396387E-4,0.0017591616420794915,1.4019914632375328E-4,1.1294413812831344E-4,7.822762956939003E-4,3.0522225440712277E-4,2.0847358480026698E-4,0.004746387942572336,1.296723357127144E-4,2.621792590438808E-4,0.0013164495539354055,4.837104211152056E-4,4.394937948627146E-4,3.9524503149493775E-4,3.673784512831001E-4,3.1130932303263055E-5,3.2135421796816455E-4,8.770091202333074E-4,1.4594571307974626E-4,1.5609461414733557E-4,1.5134966832856114E-4,2.8088681678048314E-4,0.00245515830590664,0.0014302128386029483,0.0014323816346900552,7.255373563270615E-5,3.6487959370219827E-4],[0.007644053409377597,0.008612983194729567,0.0016886823708150596,0.009284565558032401,0.005314237552424749,0.008387124437655137,0.0034379043973048213,0.010221597547488137,0.006473854781462207,0.007912371106383214,0.004397321230435061,0.009024507016698297,1.0,0.004492637584633442,0.01078792248331752,0.014925882561585786,0.006811431753220264,0.008247096881851762,0.0014845279432208556,0.0015380249133975245,0.02120213986659427,0.010444028166581087,1.0964033187991305E-4,0.010555422817227496,0.006776270961115833,0.00516433761593163,0.004196098658959314,0.0033545346720163195,0.0016547098034373944,0.0045273091079996814,0.0065548412581449755,0.014109554433366393,0.0021003855172436717,0.00408162854769516,0.004748991405993874,0.008944696251518171,0.009597156399053414,9.971408010663897E-4,0.0023504753029322347,0.003225187113464071,0.004395161428213314,0.007008607646251577,0.0028469372234562382,0.005953515505291672,0.010308126732672425,0.009903989209611169,0.006206074562669965,0.005772846901660607,0.008051719008431085,0.002319544689935247,0.0020102823751383865],[4.1533946504090284E-4,2.8393847409025676E-4,0.0012153947291039893,0.0011625879355780689,0.0017672792583837951,6.727810316436715E-4,8.665564621456405E-4,4.159121832654237E-4,0.0016276412176245804,0.0020215254004901984,0.0010765270615844082,3.8005790923342406E-4,0.004492637584633442,1.0,0.004031480379091521,0.0023982191235435565,0.001730103552480372,0.0015803489536681708,4.223736379314193E-4,9.82934654609117E-4,0.009257184845490488,0.002079325374341368,2.918474433232325E-4,0.001904046413200546,0.0011222339073021926,0.0016304115609383223,1.3919009979860094E-4,3.379352694475527E-4,0.0011172677543118208,0.001450485736574911,9.724705902948432E-4,0.011291534205005047,0.0012539302373768299,0.0010187849327408943,0.0017495706446575728,0.002197410444874343,0.0026679165630654825,0.0013548819293035235,0.001028041064925122,5.293580647603936E-4,0.001561638316823295,0.0038606737743141035,4.911627726608943E-4,0.0016181479918614002,1.9980312675999543E-4,7.581635416429174E-4,0.003724735275302398,0.0016557699300530776,0.001553117714781103,5.889159461363602E-4,0.0015480310684902227],[0.008775533167730462,0.002346250615903101,0.009353913210495732,0.01034208020935121,0.00851729587822905,0.010586111281979232,0.007271191213677401,0.006394455547217016,0.009407496978716134,0.00849116367199751,0.010673182562247514,9.128375588061416E-4,0.01078792248331752,0.004031480379091521,1.0,0.016986663191251274,0.005918348771484018,0.0017283763001661734,0.010716424787954308,0.0017047159886823511,0.016704992203210724,0.006935716075387179,0.003513035097280488,0.008320061018982033,0.00913089622994594,0.010293922642380385,0.0018877709750556053,0.009678652649132207,0.002488848551617522,0.0019232926701009119,0.007208707711286505,0.01817724006957021,0.008814018719658688,0.003723424905687104,0.010340528616758953,0.0026174575858361453,0.005578994411711266,0.011260074945618382,0.0070212411742606355,0.0036547918997809903,0.006384848742648095,0.006431296402518994,0.009685077055109943,0.0032331423903274896,0.004107435751102549,0.01105496793405214,0.010068024272851419,0.005824156616582665,0.0027510345953427853,0.007188643042120759,0.003988577606953625],[0.007234625564711397,0.008513519612663042,9.904148014877262E-4,5.442521766525686E-4,0.012079241923203046,0.011373221170532426,0.019895435366479575,0.014825892921357553,0.0071808008223021155,0.004022962726072296,0.015478377404527885,0.018297832499146294,0.014925882561585786,0.0023982191235435565,0.016986663191251274,1.0,0.007874188653363775,0.005577912704633297,0.0017119719828304926,0.0031132803019558583,0.020989466656859267,0.00857137068610155,0.010947457042089116,0.013890164039359432,0.0029356198178330847,0.0039034754427047782,0.005625076322616714,0.002825599755570042,0.020303112155218798,0.00879911723514027,0.009012110135234102,0.01989818843575437,0.01904337776729362,0.002747103791224857,0.01873724296383891,0.018273297085778368,0.005739292685269496,0.006943491485053105,0.01275617874697528,5.66090410132088E-4,0.006527208452697254,0.01327777910344667,0.0023484348887577344,0.019638130504929647,0.007602986069322129,0.019152217225987214,0.020740674418057492,0.0077595974514619885,0.001719919145975014,0.0014150823064960746,0.01508390857538904],[4.5931368755418507E-4,8.967327983585086E-4,0.0012125893509582787,0.0011744014420244219,0.002393792724562048,0.0011506156320062121,0.0016172322398318262,6.62404518764449E-4,0.0016180462675437612,0.0018644019323871526,0.0010212715185049608,6.899661351156182E-4,0.006811431753220264,0.001730103552480372,0.005918348771484018,0.007874188653363775,1.0,0.0015945056159488563,0.001312169788157685,0.0013658073554311222,0.008371815133653902,0.002345563803406411,0.0014082886787384421,0.0017680106165735374,5.305889407934451E-4,0.002388978320166716,5.305096680059368E-4,7.166820425401031E-4,0.0014247295369248256,0.001440600586564232,0.0013034161222495982,0.011109707111594199,8.125345078303976E-4,0.0014989773436451088,0.0019453364462341189,0.00199304185888075,0.002527552378402245,0.0016195735646231133,9.320003551003993E-4,4.5032771001815857E-4,0.00162194215953683,0.0034107521470416358,0.0011908055513937094,2.0067159303612433E-4,0.0012957938493472073,0.0014760984416690593,0.0038086117460727127,0.0017585215137337225,0.0017152751551859633,0.0016571011356110415,0.0015830090674134236],[2.922030099772823E-4,5.083306110197498E-4,9.80633431374571E-4,7.909585472730317E-4,0.001564048247314534,9.892538298000148E-4,7.459941140290371E-4,0.001105944649814222,0.0012748396140038211,0.0016024904622732406,0.0012446844969107656,0.0011830533730904738,0.008247096881851762,0.0015803489536681708,0.0017283763001661734,0.005577912704633297,0.0015945056159488563,1.0,9.461961881115069E-4,9.589925259884105E-4,0.01595518239864206,0.002194745859561987,6.408301947111512E-4,0.002309212740162607,0.0010196602570036683,0.0023017031712817175,8.805167946522084E-4,0.0010484635421431447,0.0010878843441751909,0.0013102309069027544,3.980411332282807E-4,0.004890379514449088,4.213671445507822E-4,0.0011044149921416787,0.0017081186703827335,0.001654723109739106,0.004551046538710734,0.0012433644994976798,6.375711047890027E-4,3.6194853165123927E-4,0.001318330967045141,0.0013216617177007717,0.0010857593490996831,2.5990764597459774E-4,0.001116102578849466,7.203408754902891E-4,0.0027314138455684415,0.0013834313285696386,0.0014231526945668311,9.120280462745222E-4,0.0012176999831913237],[5.893632334905724E-5,1.7575061068694447E-5,1.2372039764203294E-5,1.442971215091864E-4,0.0022510015007398024,4.689259583503703E-5,2.2159540672198143E-5,4.3666455394069485E-5,5.147613044892483E-4,1.4805839672557365E-4,1.1345739317285064E-4,1.3181458204976332E-4,0.0014845279432208556,4.223736379314193E-4,0.010716424787954308,0.0017119719828304926,0.001312169788157685,9.461961881115069E-4,1.0,5.115469271445019E-5,0.008706437891916857,9.738460398098251E-4,3.296984863367641E-5,0.001613335466069805,9.911149124830874E-5,0.002327819082539816,4.611523387721614E-5,2.1035714043703188E-5,3.969656842290968E-5,6.021599833625976E-4,2.6088002271054927E-4,0.0028383770899931063,2.623990050571675E-5,4.3269171721959334E-5,6.31171366922222E-4,0.002350060068788827,7.526824616889334E-4,8.284089050916553E-4,3.3852132273604405E-4,1.3919190474846709E-5,0.001332149207378305,0.0025472176305355253,9.511456242971665E-5,1.3114994510518056E-4,1.5477565019569306E-4,3.594517955835364E-4,0.0035358209822325677,0.0016563364074442216,2.6815949558698777E-5,1.4014785940584998E-5,8.27884287196539E-4],[1.5482333022370445E-4,1.385630040282979E-4,2.835103974518429E-5,3.7886931646363025E-4,0.0036921083049851274,1.5269865991602717E-4,4.95736684168763E-4,1.4574907435299731E-4,5.4899151516298E-4,0.0013853518958409678,1.659619512203187E-4,1.5132221986145216E-4,0.0015380249133975245,9.82934654609117E-4,0.0017047159886823511,0.0031132803019558583,0.0013658073554311222,9.589925259884105E-4,5.115469271445019E-5,1.0,0.0031484590253233985,0.0020339835184231404,1.3728888525917755E-4,0.0019623476567985796,1.2029896638605044E-4,7.283562615321924E-4,1.2700869976776054E-4,1.1475464456754316E-4,8.585839327693456E-4,3.439803926964596E-4,2.3412861999830308E-4,0.016493903630986538,1.2190907726208884E-4,2.85446530701458E-4,2.4378004434306663E-4,0.0024061912291416555,0.0034118382126472296,9.275259463106589E-4,1.552378110733172E-4,1.1082002160071819E-4,0.001305338333552215,0.0013173544962338645,1.489443407739208E-4,1.776349569653112E-4,1.5524561018523826E-4,1.5293414549769272E-4,0.0038613902217949003,0.001641407751187659,8.121239329243699E-4,3.0936056461160423E-5,2.1741699513107304E-4],[0.015969203774628873,0.011151139596517552,0.013649612954747764,0.020086926135356172,0.017061629597545064,0.018114220677080645,0.01553973810352196,0.009665834876816022,0.021593407872728964,0.0088986179691503,0.0032212827736316733,0.0019410054774373039,0.02120213986659427,0.009257184845490488,0.016704992203210724,0.020989466656859267,0.008371815133653902,0.01595518239864206,0.008706437891916857,0.0031484590253233985,1.0,0.01413893896465103,0.020717923227916282,0.003562638031851962,0.002458742990576068,0.014374622448584902,0.00633369489045423,0.002339545846313519,0.0018297962156676175,0.02168777046121087,0.019420662734154756,0.019152950204193466,0.006702922454556881,0.014844827807437526,0.01860116330273786,0.002537676593744867,0.005943892236939109,0.015275655872260954,0.008253267582263447,0.008190711222465176,0.008842559276696487,0.02014592792361597,0.017484678224015723,0.009105135178707906,0.011317771054193128,0.0061823871953097555,0.018876851263973926,0.018193213500146594,0.018750530808648018,0.020601136740063843,0.018912692328921392],[5.179464747715086E-4,5.327709066984246E-4,0.0023583709116181428,0.002123268123484104,0.0031662586070796864,5.294260055746542E-4,7.07373380926618E-4,0.002028551571170397,0.0014115203276844907,0.002619192497281383,0.0025998134427325185,0.002018705784137189,0.010444028166581087,0.002079325374341368,0.006935716075387179,0.00857137068610155,0.002345563803406411,0.002194745859561987,9.738460398098251E-4,0.0020339835184231404,0.01413893896465103,1.0,0.0018468893912061695,0.0026322658443344925,1.7652115702415687E-4,0.0026813233088745945,0.0023442591251445952,0.0026583013592734856,0.0025850943698923568,0.0019217640971201698,0.0021205775275799123,0.006269260197491303,0.0025557594570191407,7.132930015144887E-4,0.0024237096804428956,0.002669424269820815,0.004476691459283174,0.0010372623716227748,0.0026564691340103985,0.0015466461657255757,0.0017338029257470751,0.004120887860903206,0.0019283263796506436,0.002288419319558865,0.0024057067896957993,8.392372277975078E-4,0.0027118792347827184,0.002168864955093116,0.001943035948915987,0.0010137976420493428,0.002427866221073445],[9.499691047220071E-5,3.4538347534326025E-5,3.537214245467513E-5,1.4837804204582928E-4,0.004240252184470147,1.3400344175467385E-4,3.861428133892723E-4,8.86652037532738E-5,0.0011968558767888504,0.002149738096848437,6.939978616442741E-5,4.8271752563028393E-5,1.0964033187991305E-4,2.918474433232325E-4,0.003513035097280488,0.010947457042089116,0.0014082886787384421,6.408301947111512E-4,3.296984863367641E-5,1.3728888525917755E-4,0.020717923227916282,0.0018468893912061695,1.0,0.0013357351511447215,1.1094346200857743E-4,0.0017699752917195095,7.139919987141033E-5,3.449150500235889E-5,8.39923209822878E-4,0.0011252896044856118,9.166581490079753E-5,0.01067546953946264,8.483647735195623E-5,4.250656415226042E-5,3.0216207563019983E-4,0.0014183684366474009,8.11225079228172E-4,9.053519587086746E-4,1.1359009276367253E-4,3.052038333085421E-5,7.339711553730823E-4,0.00398228428146398,5.822086825686334E-5,1.737744941300056E-4,8.482026953194069E-5,2.2332763246545127E-4,0.002738330349608511,0.0013129656889885612,9.531506686086969E-4,3.450246647991526E-5,0.0010705140619879012],[8.92026877020665E-4,2.0070221343596197E-4,0.0014161432825822505,0.0025304598380206725,0.0034792269791107107,0.0016118073204998149,0.0015482733051396342,0.0014625417898940052,0.0016178351269440828,0.0024910228797350798,0.001772020049380442,0.0012640145689207915,0.010555422817227496,0.001904046413200546,0.008320061018982033,0.013890164039359432,0.0017680106165735374,0.002309212740162607,0.001613335466069805,0.0019623476567985796,0.003562638031851962,0.0026322658443344925,0.0013357351511447215,1.0,1.4722809161383293E-4,0.002627151555025172,2.0056811242359797E-4,0.002432673062056584,0.0014060071260363035,0.0021672839433334173,0.0020731433807659157,0.0133801898421874,0.0010540068359155426,0.0024729388271754263,0.002387187460626243,0.002422465609047555,0.003943072902611836,0.0020731535371098166,0.002364185899869856,0.0012400747867634281,0.002095030177856442,0.004369169027188457,5.197713474915401E-4,0.0018522203565498915,0.0020582994946117122,5.498452182949812E-4,0.003854212499345455,0.00212276796216231,0.001957565185299344,3.2521642934241885E-4,0.0015259641180787745],[1.4042006160293053E-4,4.260350507490014E-5,1.7575051044818993E-5,1.573690000660344E-4,8.657057855472949E-4,1.5011018849247706E-4,2.313543269737241E-4,1.125839076264496E-4,2.607610520973218E-4,3.4400810115830334E-4,1.6102206428418074E-4,1.3185271653396387E-4,0.006776270961115833,0.0011222339073021926,0.00913089622994594,0.0029356198178330847,5.305889407934451E-4,0.0010196602570036683,9.911149124830874E-5,1.2029896638605044E-4,0.002458742990576068,1.7652115702415687E-4,1.1094346200857743E-4,1.4722809161383293E-4,1.0,0.0019302227873928984,1.0707855622777398E-4,9.349841867038646E-5,1.8046567976936072E-4,3.136999545778015E-4,1.2706460612261824E-4,0.009518583543164674,1.1594828476590706E-4,2.5009723702102804E-4,2.944749837108516E-4,1.6649615726056451E-4,4.4354260020771285E-4,2.6575867742705374E-4,4.323540723113235E-4,4.775178343813542E-5,0.0013340141764874738,2.117681368127964E-4,1.2004118576487439E-4,1.7546358246050376E-4,1.3200878321717842E-4,2.5862493520614006E-4,0.0034197435450243965,3.99728608279895E-4,8.328396372193771E-4,1.970485402949373E-5,0.0010260729389406679],[0.0021701950189651426,7.332977512565505E-4,0.0011739798538128463,0.0017861753214738617,0.003101283836004358,9.20561375390979E-4,0.0016551245087582202,0.0015736378507008163,0.0019346466753293874,0.002526776370002887,3.025939317125564E-4,0.0017591616420794915,0.00516433761593163,0.0016304115609383223,0.010293922642380385,0.0039034754427047782,0.002388978320166716,0.0023017031712817175,0.002327819082539816,7.283562615321924E-4,0.014374622448584902,0.0026813233088745945,0.0017699752917195095,0.002627151555025172,0.0019302227873928984,1.0,2.174608598109979E-4,0.001377965422221572,0.0014410285083730318,0.0019748347364558303,0.0010173030842203317,0.005238786820558509,0.0019490689748069237,0.001729359729861668,0.00260153224271234,0.002562539337832068,0.005096053084863536,0.0015005262524794174,0.0011836938124588274,5.009105179907179E-4,0.002432547042949488,0.004020622096772036,6.231423859628233E-4,0.001409823109951041,0.0014142538518024273,0.0016534167492137301,0.00317061201525529,0.0022352991906037464,0.002056301514734334,4.474587835588235E-5,0.0011654788818272598],[1.0652668538305512E-4,1.029415123688523E-4,6.696459389433516E-5,3.181615383806147E-4,0.002774747713325594,1.5238876994365768E-4,5.277641316057082E-4,1.0492810790885113E-4,7.270463592920615E-4,0.002043742996537251,2.1422931358222415E-4,1.4019914632375328E-4,0.004196098658959314,1.3919009979860094E-4,0.0018877709750556053,0.005625076322616714,5.305096680059368E-4,8.805167946522084E-4,4.611523387721614E-5,1.2700869976776054E-4,0.00633369489045423,0.0023442591251445952,7.139919987141033E-5,2.0056811242359797E-4,1.0707855622777398E-4,2.174608598109979E-4,1.0,4.852656155801404E-5,8.238108086139705E-4,4.5578527748399927E-4,1.0583072684380453E-4,0.007307273952922156,1.0503290618985503E-4,2.0305496294762234E-4,0.001087119331122676,2.3480017172747703E-4,0.005082201694602087,4.958366073577731E-4,2.519604982236935E-4,5.3404210864317576E-5,4.129294461637289E-4,0.002542545417613589,1.0844588498916523E-4,1.1668681725883689E-4,1.1933915176221502E-4,3.4369961529841724E-4,6.879647341993352E-4,5.09090365599632E-4,0.001103802814492017,5.121197710389395E-5,8.707250868640534E-4],[7.435205134865934E-5,2.5846878861038405E-5,1.4465705604368438E-5,1.2070694720437017E-4,0.0012612101572739222,1.3494866970102881E-4,2.6823349272881044E-4,5.50023596570856E-5,9.975702531270878E-4,0.002392376606480205,1.5356060380217413E-4,1.1294413812831344E-4,0.0033545346720163195,3.379352694475527E-4,0.009678652649132207,0.002825599755570042,7.166820425401031E-4,0.0010484635421431447,2.1035714043703188E-5,1.1475464456754316E-4,0.002339545846313519,0.0026583013592734856,3.449150500235889E-5,0.002432673062056584,9.349841867038646E-5,0.001377965422221572,4.852656155801404E-5,1.0,4.1951514745417655E-4,8.229659471507022E-4,2.726595849303798E-4,0.008554169586475383,9.806238156210125E-5,2.2763556534688631E-4,0.0016301737805013096,0.001124723495851392,0.0010639522963051561,6.505032010903855E-4,3.6573564495484746E-4,2.5874536407400997E-5,3.3603221465218974E-4,4.1002402093417707E-4,7.419155767947878E-5,5.460528188167241E-5,6.193314680193503E-5,3.0865094513407554E-4,6.785458297480629E-4,0.0014146049124324307,9.978434580425442E-4,1.7716914536448403E-5,3.0594251489082997E-4],[9.138762882489149E-4,7.152380454227727E-5,1.6910483006316458E-4,8.054382391573544E-4,0.00423874285437781,6.102624092381246E-4,6.329437749763066E-4,8.079236784845022E-4,0.0012589845051869974,0.001553682142804073,4.337669904430644E-4,7.822762956939003E-4,0.0016547098034373944,0.0011172677543118208,0.002488848551617522,0.020303112155218798,0.0014247295369248256,0.0010878843441751909,3.969656842290968E-5,8.585839327693456E-4,0.0018297962156676175,0.0025850943698923568,8.39923209822878E-4,0.0014060071260363035,1.8046567976936072E-4,0.0014410285083730318,8.238108086139705E-4,4.1951514745417655E-4,1.0,0.001222621609024597,9.424108731533388E-4,0.005784690914501138,3.7601982345933035E-4,0.0010322772707693627,0.0014907456454909683,0.0018021839906288961,0.0033848279641466956,0.0010646425542535512,0.0010007053064632397,1.831043882004068E-4,0.0012802182401294624,0.00215600023214702,4.987727335905737E-4,4.730639689203846E-4,8.969322839363571E-4,7.449284182802882E-4,0.0018124867738021203,0.001630663304014425,0.0011769933616256499,8.996594211736016E-4,0.0010865914636152601],[1.6228913708025722E-4,3.959113868131929E-4,0.001304463857727944,7.962397839026479E-4,0.004379714066409118,0.0012111370921672282,6.465105506612466E-4,7.447142657867462E-4,0.0013118794045551912,0.0023340377224494164,6.068194447108809E-4,3.0522225440712277E-4,0.0045273091079996814,0.001450485736574911,0.0019232926701009119,0.00879911723514027,0.001440600586564232,0.0013102309069027544,6.021599833625976E-4,3.439803926964596E-4,0.02168777046121087,0.0019217640971201698,0.0011252896044856118,0.0021672839433334173,3.136999545778015E-4,0.0019748347364558303,4.5578527748399927E-4,8.229659471507022E-4,0.001222621609024597,1.0,0.0011287615439661126,0.01396286342065086,7.217559936519344E-4,7.488434530188524E-4,0.0022560964256010093,0.0014300450692423389,0.004252857534315157,0.0011484623933428267,0.0010444048131159958,8.703168122707351E-4,0.0013659466097421988,0.0022281673844486826,5.3407145987113E-4,6.669415066389338E-4,0.0012765150325832015,6.643530730991372E-4,0.0022289834965075264,0.0014563569289147745,0.0014539452002691649,0.0012326064101949692,0.0012979931846657687],[1.9478127710193606E-4,4.051957511036453E-5,2.2733479961619166E-4,3.495115866150764E-4,0.0017025676333664655,1.5857285755540695E-4,2.9416827858087173E-4,1.3756096373676355E-4,7.59493479954302E-4,0.0024318357854940078,2.3322993099782338E-4,2.0847358480026698E-4,0.0065548412581449755,9.724705902948432E-4,0.007208707711286505,0.009012110135234102,0.0013034161222495982,3.980411332282807E-4,2.6088002271054927E-4,2.3412861999830308E-4,0.019420662734154756,0.0021205775275799123,9.166581490079753E-5,0.0020731433807659157,1.2706460612261824E-4,0.0010173030842203317,1.0583072684380453E-4,2.726595849303798E-4,9.424108731533388E-4,0.0011287615439661126,1.0,0.011074822736082533,1.7929588087595266E-4,2.9076701415906155E-4,5.180828601237406E-4,0.0020503392328035685,0.0029853527717718154,7.455653159201408E-4,4.0018513249981007E-4,5.961592731936652E-5,0.0013538188809327015,0.0020328372997756787,2.6481272732563186E-4,2.427088603187346E-4,2.740926975436848E-4,2.9251110988424045E-4,0.0022768772909950255,0.0015050054576030195,8.098509939548238E-4,1.8238126639836112E-4,6.89858695272954E-4],[0.011739421886811856,0.006526974954821932,0.0021062915043890957,0.01113722087323908,0.018802555693351264,0.009901157228257497,0.018744928490015706,0.002712231765764926,0.004358221238676913,0.01347656350726511,0.006414705234400872,0.004746387942572336,0.014109554433366393,0.011291534205005047,0.01817724006957021,0.01989818843575437,0.011109707111594199,0.004890379514449088,0.0028383770899931063,0.016493903630986538,0.019152950204193466,0.006269260197491303,0.01067546953946264,0.0133801898421874,0.009518583543164674,0.005238786820558509,0.007307273952922156,0.008554169586475383,0.005784690914501138,0.01396286342065086,0.011074822736082533,1.0,0.006579011658761838,0.015975393767332476,0.008640809698886726,0.0064182946481756795,0.006774452458532993,0.010203220064404805,0.0023076226962573942,0.0035767065275884103,0.008996141439604708,0.013904654054949988,0.002080368186546994,0.009532475211448059,0.008430622527294663,0.018698226297902965,0.01810354058398372,0.018429434922329884,0.017283047001911224,0.006908729522006728,0.00674652478871723],[1.28270739507191E-4,3.740304149142124E-5,8.958045721799116E-5,4.320055192487311E-4,0.0043756598098109644,1.2491040675159765E-4,5.158394191689022E-4,1.0549312457685129E-4,7.887869760209299E-4,0.001052258353946651,1.39335953810183E-4,1.296723357127144E-4,0.0021003855172436717,0.0012539302373768299,0.008814018719658688,0.01904337776729362,8.125345078303976E-4,4.213671445507822E-4,2.623990050571675E-5,1.2190907726208884E-4,0.006702922454556881,0.0025557594570191407,8.483647735195623E-5,0.0010540068359155426,1.1594828476590706E-4,0.0019490689748069237,1.0503290618985503E-4,9.806238156210125E-5,3.7601982345933035E-4,7.217559936519344E-4,1.7929588087595266E-4,0.006579011658761838,1.0,1.6562301460458495E-4,4.5516786983000916E-4,0.002405775255021756,0.0015800498654134749,2.2183518048596356E-4,1.8139589615420108E-4,2.185878781994562E-5,0.001347465604585616,0.0035298889866425174,1.1854967777793181E-4,1.477916481389723E-4,1.5581203718766133E-4,2.0212958838762584E-4,0.002845196656735682,2.3687141644592713E-4,9.353043830115885E-4,5.610756076486507E-5,6.783307634907261E-4],[1.9581438908385416E-4,2.6124848323858435E-5,1.496462706662587E-4,5.215487166295777E-4,0.0037304409796457905,2.2402362894322097E-4,3.836812442016629E-4,1.366908357011852E-4,4.938364935223962E-4,4.4902056759290064E-4,2.8711701233412643E-4,2.621792590438808E-4,0.00408162854769516,0.0010187849327408943,0.003723424905687104,0.002747103791224857,0.0014989773436451088,0.0011044149921416787,4.3269171721959334E-5,2.85446530701458E-4,0.014844827807437526,7.132930015144887E-4,4.250656415226042E-5,0.0024729388271754263,2.5009723702102804E-4,0.001729359729861668,2.0305496294762234E-4,2.2763556534688631E-4,0.0010322772707693627,7.488434530188524E-4,2.9076701415906155E-4,0.015975393767332476,1.6562301460458495E-4,1.0,0.0014237432887181708,6.085282536125679E-4,0.0028938069582056664,6.116747499086535E-4,3.5063121722971995E-4,1.7776314780533217E-5,6.989399149376161E-4,0.0020968922630896884,1.9395574455638264E-4,1.8405030176392803E-4,1.839112427868115E-4,3.114147716392415E-4,7.720972927301212E-4,0.0013031108363960849,0.0012842622393048802,2.262965531281454E-4,3.936888876534944E-4],[0.002131029880859658,9.207655974135203E-4,0.0011783596979839568,9.933149467116183E-4,0.003889393990097554,0.0019542663421920196,0.0011813298248321345,9.421179599964577E-4,0.002170725027724578,0.002380522091664676,0.0015644870897714026,0.0013164495539354055,0.004748991405993874,0.0017495706446575728,0.010340528616758953,0.01873724296383891,0.0019453364462341189,0.0017081186703827335,6.31171366922222E-4,2.4378004434306663E-4,0.01860116330273786,0.0024237096804428956,3.0216207563019983E-4,0.002387187460626243,2.944749837108516E-4,0.00260153224271234,0.001087119331122676,0.0016301737805013096,0.0014907456454909683,0.0022560964256010093,5.180828601237406E-4,0.008640809698886726,4.5516786983000916E-4,0.0014237432887181708,1.0,0.002378716586750521,0.004128045843336443,0.0018452645077172254,0.001106919936675657,0.0013519721089510937,0.0014816377693664979,0.004164735589623031,4.966138362190437E-4,0.0020687126005383264,9.433161740391346E-4,0.0018583345409806985,0.003643127442098541,0.0019706725199392754,0.00197890694133091,5.225816070769484E-4,0.0015562643324502862],[0.0017029875338689512,0.0018870197999045052,0.0019606593811020193,0.0023651151683805943,0.0027381988886329466,5.118174640062632E-4,5.80032934289024E-4,2.206127569462178E-4,0.0023436758730234894,0.00243578374350919,0.0018737408950238125,4.837104211152056E-4,0.008944696251518171,0.002197410444874343,0.0026174575858361453,0.018273297085778368,0.00199304185888075,0.001654723109739106,0.002350060068788827,0.0024061912291416555,0.002537676593744867,0.002669424269820815,0.0014183684366474009,0.002422465609047555,1.6649615726056451E-4,0.002562539337832068,2.3480017172747703E-4,0.001124723495851392,0.0018021839906288961,0.0014300450692423389,0.0020503392328035685,0.0064182946481756795,0.002405775255021756,6.085282536125679E-4,0.002378716586750521,1.0,0.004573464132010262,0.0015956773773089757,6.559966932553902E-4,0.0023344199019586357,0.0022573221009763015,0.00426788659885304,0.0015184484704864813,0.0019978183014385926,0.0016413292062819253,0.0019433242294967456,0.0039050613995138496,0.001892960125738022,0.002066176267305782,0.0013528970368895375,0.0013957320697354568],[0.002497934063207444,0.004405999958389292,0.004212125278140533,0.00444666160661312,0.004866263882361911,0.001188856181570303,9.145831311032201E-4,0.002858796410320903,0.003906133735214706,0.0031868470121596865,0.0013742975863739245,4.394937948627146E-4,0.009597156399053414,0.0026679165630654825,0.005578994411711266,0.005739292685269496,0.002527552378402245,0.004551046538710734,7.526824616889334E-4,0.0034118382126472296,0.005943892236939109,0.004476691459283174,8.11225079228172E-4,0.003943072902611836,4.4354260020771285E-4,0.005096053084863536,0.005082201694602087,0.0010639522963051561,0.0033848279641466956,0.004252857534315157,0.0029853527717718154,0.006774452458532993,0.0015800498654134749,0.0028938069582056664,0.004128045843336443,0.004573464132010262,1.0,0.001772439803907853,0.0018331021730222346,0.003433459479824296,0.0033857237979536656,0.004701863683287011,3.658157335676532E-4,0.001784834393284205,5.706157144245222E-4,0.004350247293702545,0.004937742368273131,0.0038502487444439263,0.004725412784908123,0.002487639643296438,0.0011503780066447504],[4.314036833053824E-4,1.5828446605483477E-4,7.308465572632163E-4,6.43297927546755E-4,0.0044090350199254506,3.3639055736363083E-4,9.343464835160672E-4,1.8624108165220802E-4,0.0010770238646645508,0.001910204371146048,3.3300657237967616E-4,3.9524503149493775E-4,9.97140