[[1.0,3.570818415653715E-4,0.004100728313900612,0.01861608370222874,0.0011291438610335363,0.004400985734889269,0.0010321339748730722,2.7367802087831624E-4,0.0012240540970896838,5.063939644633116E-4,0.0010241548906194196,0.0033770345697359473,3.59796422754775E-4,6.278170515411605E-4,0.0010266077246611502,2.9586959687775006E-4,0.004757833457726849,0.0034189423564855324,0.00966974916695798,0.0010925170460372822,0.021818327093660314,9.299204678490348E-4,0.0010210915727559347,0.009947350953824634,1.4450458642648132E-4,2.812742051402478E-4,5.672981345167107E-4,5.254699024165199E-4,0.04108604392917416,2.2398287393453795E-4,2.0897288044702717E-4,5.200330480939081E-4,8.393238228823043E-4,0.012870759604817959,1.458412046082307E-4,0.0010006708811507112,0.022724950729441504,7.936738779333781E-4,0.0011067328104005466,8.556996801969859E-4,0.0010665771773439492,0.0011006346344068693,8.687689986714962E-4],[3.570818415653715E-4,1.0,0.005709899429515258,0.0076912182906558,4.282967215144068E-4,0.0021002523476595144,3.349428816365864E-5,7.732316081063913E-5,0.0025090071299081465,1.6615909020007E-4,1.385861610761024E-4,0.0038300261202552817,1.5776021151552868E-4,1.3005832600787473E-4,1.3353655759100764E-4,1.5417634438908505E-4,0.015180152395426184,3.7140383825345663E-4,0.0026724098280226432,5.667346737439177E-4,0.014373302614502249,1.6453610265728397E-4,1.9196912549633417E-4,0.011456583106114552,1.928057905506603E-5,2.0698804363483648E-4,1.511115114516161E-4,1.3137009709478E-4,0.03325059147014181,1.261821989669844E-4,1.571872557988356E-4,5.347385000722638E-5,1.2156230056816306E-4,0.012762274638697241,1.2609426786104993E-4,1.1732530607598097E-4,0.04393076626019974,1.2398625466896804E-4,1.9464628383186413E-4,2.9297299843378597E-4,4.0996944772248457E-4,6.319432441679593E-4,6.949028222618855E-5],[0.004100728313900612,0.005709899429515258,1.0,0.011580480791525995,0.008170958349714387,0.011117115228352346,0.00405920672293457,0.008483758077976446,0.006907081101739437,5.536954891492472E-4,0.009736421580133051,0.008403109017762237,0.007677353573439821,0.0010842593969465318,0.005508316947162856,0.006791329217919097,0.01490929295800069,0.006299884040971767,0.010180401977235074,0.009413137015607543,0.022485208613487965,0.005584301198394402,0.008433128707293838,0.014264972945706087,0.005218155741622208,0.005785340898328911,0.005736111187047583,0.0065063758763516544,0.045937228423514755,0.00506521413596364,0.0070065610781767694,0.004158012884087649,0.0018957394918468038,0.011236997705174868,0.004322266688519125,0.0038012718436911657,0.04188896980326083,0.0027893362978096796,0.009098872575778268,0.00711068492330953,0.0015052573408242766,0.00953265990130572,0.006626013378411671],[0.01861608370222874,0.0076912182906558,0.011580480791525995,1.0,0.04268969313413747,0.04805153758278018,0.03718364240099667,7.463069719937993E-4,0.05608798919051361,0.03350880109620221,0.016196434942585006,0.015158419387947233,0.026306275989145683,0.0191083637949835,0.043273269301738825,0.01836942819932929,0.04272850875835768,0.0256843158910607,0.058204356005708266,0.05433342738558441,0.04116662884443739,0.02081346634049363,0.0262685544774686,0.042250830565539084,0.00649871100483186,0.022947796293248907,0.00606508681415233,0.05615108570650108,0.06053067880425622,0.026644086246734547,0.03488140944290415,0.04072705079536216,0.017772667256785602,0.04054682908215635,0.042768450095677306,0.04823974714528567,0.05005368833471439,0.05037518631842074,0.0022752414848940875,0.008671959789934134,0.05463463183239406,0.03559551118444375,0.042530967878401715],[0.0011291438610335363,4.282967215144068E-4,0.008170958349714387,0.04268969313413747,1.0,0.008926950677364171,3.026683844925652E-4,0.0010049536036297229,0.0016197058344085526,2.745591359807884E-4,8.218101451961264E-4,0.0023192095677993904,3.801685186687154E-4,2.802877632176085E-4,9.217605928435028E-4,9.252143194363564E-4,0.013821034037373284,0.003871000257585253,0.007386167794911455,0.0011421597551960116,0.012487230640582546,0.0010570804607814273,6.740779950503976E-4,0.005746042032583628,6.940722800942213E-4,8.011895999179426E-4,1.9729497238082347E-4,6.772093567811079E-4,0.00871371925273386,1.6424490279584283E-4,6.908376284233103E-4,1.4781868976131396E-4,0.0010764861984184947,0.0015101100542110237,7.599212318851392E-4,4.301842569690844E-4,0.04309626747197351,7.421405441900338E-4,0.001162341505515026,0.0010377376171086213,0.0011469998022540873,0.0011595865645756024,3.8683445450972257E-4],[0.004400985734889269,0.0021002523476595144,0.011117115228352346,0.04805153758278018,0.008926950677364171,1.0,0.011749502578339783,0.002189609707637769,0.010894076695392007,0.0011595308769997534,0.008282295319252722,0.010606424557303215,0.0036174445800894973,0.002028909760095027,0.0021941182025266744,0.006223031238753529,0.015137923132040123,0.011145776534894897,0.012164153852307015,0.008150887897691887,0.016123775067110165,0.0022363864211889925,0.011266180589800568,0.015404450198707481,0.009095440822948747,8.122247865826066E-4,0.0018849495059652475,7.012368228196391E-4,0.0502683232299834,0.0018624061037886461,0.0056746422924511914,9.237822413481777E-4,0.0014444742512986857,0.013650978378385683,0.0031440608468521914,0.012458292212930518,0.015830286097299886,0.009053882303542147,0.004518487568133937,0.008311420845524869,0.0049048140851801715,0.0075950688873946196,0.0021967706208399504],[0.0010321339748730722,3.349428816365864E-5,0.00405920672293457,0.03718364240099667,3.026683844925652E-4,0.011749502578339783,1.0,1.0282207535980484E-5,0.0011034277415343217,1.381395422097414E-4,2.3187194633619636E-5,7.133337291262883E-4,1.4631785290092426E-4,7.112679865198618E-5,1.3054830866227731E-5,1.2419715533676324E-4,0.008767542731861703,0.0020472815677032323,0.0016183604709410129,0.0010900812157139939,0.028265478034127232,3.25043573833121E-5,1.123880143121185E-4,0.01301121826373327,1.0369751921489282E-5,1.11280503300786E-4,1.5258865467201663E-4,8.036442752536798E-5,0.007028338253497814,9.735622938231168E-5,1.794057262054535E-4,1.3254330057804904E-5,6.168944217530585E-5,0.0075643636803896675,7.162699944183468E-5,2.3176540865234215E-5,2.849587543284707E-4,1.1909254890562093E-4,1.0904347444251043E-4,1.5953715678227582E-4,0.0010045473556078962,3.502210678057409E-4,2.2463455823145198E-5],[2.7367802087831624E-4,7.732316081063913E-5,0.008483758077976446,7.463069719937993E-4,0.0010049536036297229,0.002189609707637769,1.0282207535980484E-5,1.0,7.084941146811582E-4,1.933529433676957E-4,6.317128610069592E-5,0.004849453341588281,1.169140035326992E-4,8.901034660304802E-5,3.215979056127424E-5,7.128966644196519E-5,0.013092966889164694,4.5258210812759085E-4,0.010584436977528028,7.928284110524801E-4,0.003484619334054531,1.834349671852097E-4,2.7304309275241566E-4,0.002443205008291276,1.018499723610426E-5,1.9889373069345828E-4,5.70373458818513E-5,8.175677952085366E-5,0.04972662186951698,4.9477934669786765E-5,1.8391762505547317E-4,1.386725654395381E-5,1.0475252470293329E-4,0.005761010446515678,5.3288628696119926E-5,1.9191782107896594E-5,0.014665343860916013,1.1684903725852818E-4,8.826045767970582E-4,1.078476701748374E-5,8.932353633733308E-4,4.589348499902363E-4,1.5300948772256525E-5],[0.0012240540970896838,0.0025090071299081465,0.006907081101739437,0.05608798919051361,0.0016197058344085526,0.010894076695392007,0.0011034277415343217,7.084941146811582E-4,1.0,6.639340266330284E-4,0.0016461469692099092,0.0031906860214466135,0.001199131117419926,0.002228696839963732,0.0016486311365383566,0.001410218304194574,0.012475652270018608,0.004204418330620508,0.009434493598845236,0.0016605911874536163,0.017224206717509873,0.0010799617751617177,0.0011969379897740018,0.00510853798282482,0.0012936584225771359,0.0018825050415087676,0.0015995189714543899,0.0021394609173102166,0.01720218583702157,0.002112937008771768,0.0022106759201730043,0.0019906501787319507,3.479923635743158E-4,0.012517278522574716,1.780884717283207E-4,1.1330441665205965E-4,0.03537388569327926,0.0014296288703498686,0.0020311786505369596,0.001839697236144802,0.0019447081931107343,0.0012213720606235893,2.9888195938467243E-4],[5.063939644633116E-4,1.6615909020007E-4,5.536954891492472E-4,0.03350880109620221,2.745591359807884E-4,0.0011595308769997534,1.381395422097414E-4,1.933529433676957E-4,6.639340266330284E-4,1.0,1.6336527692410448E-4,0.0022691280973222952,1.9042926648173473E-4,1.073132292364864E-4,1.9486936824945891E-4,1.800245728803351E-4,0.008827636570129724,0.002388673137157,0.0012624704906478693,3.25498670473101E-4,0.012086298795604362,2.059618567492529E-4,2.976426128449372E-4,0.014784320176055878,1.1927045770875229E-4,2.0651013304065762E-4,1.7256772631350152E-4,1.1460155922879798E-4,0.02846170804847128,1.1377168005234804E-4,1.9411380573190775E-4,9.728717396312134E-5,1.515047604963535E-4,0.0050225498895378005,1.1998253072289416E-4,1.2192049093371649E-4,0.0035753930147990947,1.3424970600551931E-4,2.3951729134310916E-4,2.936842757576973E-4,6.334550523033218E-4,2.3466062639050422E-4,1.8940276518667552E-4],[0.0010241548906194196,1.385861610761024E-4,0.009736421580133051,0.016196434942585006,8.218101451961264E-4,0.008282295319252722,2.3187194633619636E-5,6.317128610069592E-5,0.0016461469692099092,1.6336527692410448E-4,1.0,0.0020339839400026266,1.7045634218474203E-4,1.1965303127711018E-4,1.49373586352829E-4,1.5952065937041929E-4,0.007813158775827075,5.48110486037327E-4,0.009408439889888657,1.5864122428188503E-4,0.018803715561220968,1.9764857565713614E-4,4.0403188481911935E-4,0.006179329180432358,6.633297580161109E-5,1.80798483658816E-4,1.5838275478541314E-4,1.3991227134477942E-4,0.01572062702693475,1.1139762955942502E-4,1.707751967044013E-4,7.118766582587232E-5,1.3178801039731195E-4,0.0011846855449370549,1.1775479694938158E-4,1.4825925288889763E-4,0.04568466522279524,1.255935395903442E-4,9.425938089239054E-4,1.9963880184294765E-4,4.141966904912893E-4,9.669728792137471E-4,1.3117723279060343E-4],[0.0033770345697359473,0.0038300261202552817,0.008403109017762237,0.015158419387947233,0.0023192095677993904,0.010606424557303215,7.133337291262883E-4,0.004849453341588281,0.0031906860214466135,0.0022691280973222952,0.0020339839400026266,1.0,0.0023670454399235103,0.002562655795538511,3.733213171853944E-4,0.004096641969169821,0.013526796780299525,0.004938291247876675,0.010647716440805984,0.0012963384274720853,0.007548175653813414,0.004742701046760229,0.0010810567620597646,0.012079764224945624,0.0022549769340982455,0.0034461010752333625,0.004205754247210834,3.4631727303849374E-4,0.05408194810582916,5.942533591932505E-4,0.002284254082547506,0.0011814449553572116,0.00218501650833773,0.005850610955503209,0.0017502019209407868,0.0019294287550098166,0.029002087207106363,0.00140396805374184,0.004295971230758738,0.0015416941406238894,0.004555736687752992,0.0040850148627208545,0.0017435825056570063],[3.59796422754775E-4,1.5776021151552868E-4,0.007677353573439821,0.026306275989145683,3.801685186687154E-4,0.0036174445800894973,1.4631785290092426E-4,1.169140035326992E-4,0.001199131117419926,1.9042926648173473E-4,1.7045634218474203E-4,0.0023670454399235103,1.0,1.7471243431847196E-4,1.7619783802434844E-4,1.7210429073049615E-4,0.009829877160092511,0.002760882785983931,0.004848734859540256,6.545972347744519E-4,0.027515055755803517,1.9449515449171352E-4,2.6961234464250043E-4,0.015313511966308353,4.648693643529423E-5,2.2247951562844119E-4,1.7021219245910962E-4,1.4486742045804316E-4,0.03403532606542256,1.5212524257789681E-4,1.9093490497160384E-4,9.724540603704396E-5,1.349231997698855E-4,6.773126628824592E-4,1.6658902300955506E-4,1.6463965567505476E-4,0.03350454114024108,1.7895280105534368E-4,1.8908388548054855E-4,2.7391974191297075E-4,3.550185682102843E-4,0.001110245521203819,8.827756196832837E-5],[6.278170515411605E-4,1.3005832600787473E-4,0.0010842593969465318,0.0191083637949835,2.802877632176085E-4,0.002028909760095027,7.112679865198618E-5,8.901034660304802E-5,0.002228696839963732,1.073132292364864E-4,1.1965303127711018E-4,0.002562655795538511,1.7471243431847196E-4,1.0,1.0754516062364838E-4,1.2827694938435447E-4,0.015170787326706453,0.0032449981858991886,0.006206503227688314,1.2462444610800407E-4,0.0010799198696258326,1.2908786693453358E-4,3.6704832392561926E-4,0.008077494678165357,9.984507309676087E-5,2.106212287737522E-4,1.3234348717392684E-4,1.0130104298300345E-4,0.06027129986154451,1.0339282568593225E-4,1.1267121618807816E-4,9.053064500246019E-5,1.04133802098518E-4,0.010899390519872175,1.0158917429743E-4,9.915253861839044E-5,0.026677633015302706,1.1002196251514985E-4,5.292928767354454E-4,2.6062658167158256E-4,4.991731643071778E-4,8.631916879672527E-4,5.6293717135754234E-5],[0.0010266077246611502,1.3353655759100764E-4,0.005508316947162856,0.043273269301738825,9.217605928435028E-4,0.0021941182025266744,1.3054830866227731E-5,3.215979056127424E-5,0.0016486311365383566,1.9486936824945891E-4,1.49373586352829E-4,3.733213171853944E-4,1.7619783802434844E-4,1.0754516062364838E-4,1.0,1.5200532901105717E-4,0.012930667664418341,4.5166391705509315E-4,0.0027755829664560003,4.4197131115303215E-4,6.242933344496439E-4,1.3425485090854354E-4,2.7365861756480276E-4,0.00769225032799242,9.753178301325906E-5,2.0801328204237492E-4,1.3137732647448992E-4,1.0965043892594941E-4,0.051260722753793675,1.1442132077463653E-4,1.9298228214756398E-4,9.671954894986516E-5,1.1701973290433776E-4,0.006015190727545795,1.1569398034215543E-4,1.1777194761923854E-4,0.010191474154467793,1.2234459426533053E-4,9.707997422158746E-4,1.7415134047685097E-4,7.822577179284734E-4,6.801422514206786E-4,3.327088536899821E-5],[2.9586959687775006E-4,1.5417634438908505E-4,0.006791329217919097,0.01836942819932929,9.252143194363564E-4,0.006223031238753529,1.2419715533676324E-4,7.128966644196519E-5,0.001410218304194574,1.800245728803351E-4,1.5952065937041929E-4,0.004096641969169821,1.7210429073049615E-4,1.2827694938435447E-4,1.5200532901105717E-4,1.0,0.0011314786926433205,0.004442526732579904,0.009799273123187563,8.909088804049609E-4,0.01938115767884375,1.9140737543496246E-4,2.668885380583794E-4,0.002194307350371847,9.23862257796595E-5,2.127524277347084E-4,1.635438524701394E-4,1.423559479597201E-4,0.005581463560551051,1.4045310033098415E-4,1.8377924401936078E-4,1.3522466848597264E-4,1.5452858458997703E-4,0.010764972872989187,1.507581489810138E-4,5.821475131412414E-5,0.043532733907668174,1.2740776311374E-4,0.0010652331828202976,2.7781648646225813E-4,8.848943405716412E-4,2.2786378812592533E-4,7.007833696729278E-5],[0.004757833457726849,0.015180152395426184,0.01490929295800069,0.04272850875835768,0.013821034037373284,0.015137923132040123,0.008767542731861703,0.013092966889164694,0.012475652270018608,0.008827636570129724,0.007813158775827075,0.013526796780299525,0.009829877160092511,0.015170787326706453,0.012930667664418341,0.0011314786926433205,1.0,0.00547564073305976,0.016709698904413334,0.016282286720934083,0.033545800219158414,0.01749503634482727,0.012548480833906694,0.01726675775542183,0.004936204691849563,0.015483976243633304,0.00832465422261119,0.006337227547576851,0.019084368164676496,0.007389202926028605,0.01666013938966866,0.007743065597363326,0.016304385544489715,0.01702326579729392,0.01648402804694797,0.010564842221674023,0.028826723581373618,5.803331993027062E-4,0.010150030948928423,0.0065434226505890845,0.0025212178902633987,0.014162264523298032,0.0051139249895198295],[0.0034189423564855324,3.7140383825345663E-4,0.006299884040971767,0.0256843158910607,0.003871000257585253,0.011145776534894897,0.0020472815677032323,4.5258210812759085E-4,0.004204418330620508,0.002388673137157,5.48110486037327E-4,0.004938291247876675,0.002760882785983931,0.0032449981858991886,4.5166391705509315E-4,0.004442526732579904,0.00547564073305976,1.0,0.011622956312101126,0.0015791621453343692,0.027388384045290398,0.001219579218341788,0.001573693030954804,0.006868538887773314,0.001475430145617666,0.002117371416151366,0.00249744045441286,0.0018407544731934595,0.035362757414134006,5.807907171444729E-4,0.0033801411520295705,0.001758113540971583,0.0018553677561615445,0.007866296366047515,0.0038857881586440036,5.85503899625288E-4,0.026635731036938646,9.185197380208619E-4,0.0032906480268734225,0.003375449663424374,0.002865707796652477,0.003881108423884956,6.73147361228623E-4],[0.00966974916695798,0.0026724098280226432,0.010180401977235074,0.058204356005708266,0.007386167794911455,0.012164153852307015,0.0016183604709410129,0.010584436977528028,0.009434493598845236,0.0012624704906478693,0.009408439889888657,0.010647716440805984,0.004848734859540256,0.006206503227688314,0.0027755829664560003,0.009799273123187563,0.016709698904413334,0.011622956312101126,1.0,0.006055270003959874,0.028091325774561693,0.0077788791968829195,0.007527397435173926,0.0158764025284739,0.006549398240558461,0.003548846125563,0.004854995164469439,0.007144246488517829,0.06553351123573097,0.009907814739618449,0.003575199735910392,0.006041007859822634,0.009658954188697184,0.01230739863524005,0.008959053976914587,0.0022333515640792227,0.021252066296909983,0.0029178560425497653,0.00216579697967606,0.004246827495864533,0.010659303528914912,0.0045594504154028515,0.003105173379136647],[0.0010925170460372822,5.667346737439177E-4,0.009413137015607543,0.05433342738558441,0.0011421597551960116,0.008150887897691887,0.0010900812157139939,7.928284110524801E-4,0.0016605911874536163,3.25498670473101E-4,1.5864122428188503E-4,0.0012963384274720853,6.545972347744519E-4,1.2462444610800407E-4,4.4197131115303215E-4,8.909088804049609E-4,0.016282286720934083,0.0015791621453343692,0.006055270003959874,1.0,0.004187859729959293,6.152169074687956E-4,5.794862777189539E-4,0.014788577875394272,2.5789703206996353E-4,0.0010686714381836601,4.314333886925049E-4,6.206850110443356E-4,0.05579482812445724,0.0010357000685721842,5.683030283489851E-4,8.983417260104505E-4,3.37889461842297E-4,0.007797443751326216,2.731154203366557E-4,5.484182232439875E-4,0.0376525859007138,1.6539849116373718E-4,0.0011627644506521679,4.595260370043772E-4,0.0010578932866094702,0.0011500419755264835,3.6279641803338056E-4],[0.021818327093660314,0.014373302614502249,0.022485208613487965,0.04116662884443739,0.012487230640582546,0.016123775067110165,0.028265478034127232,0.003484619334054531,0.017224206717509873,0.012086298795604362,0.018803715561220968,0.007548175653813414,0.027515055755803517,0.0010799198696258326,6.242933344496439E-4,0.01938115767884375,0.033545800219158414,0.027388384045290398,0.028091325774561693,0.004187859729959293,1.0,0.017942514211296598,0.0024525596810146297,0.03185561332305042,0.016001908205459995,0.007834342651736674,0.006427979057507689,0.011995390384869247,0.04062455309928252,0.02176561287521538,0.0010860175064507191,0.02685056840523201,0.02852772806109986,0.02930290497690655,0.006002299995810216,0.0064509567168134704,0.03644888672097603,0.006772319529717766,0.025503380414623973,0.014865986804593502,0.0030488003691506406,0.021280391039685927,0.015790595696266993],[9.299204678490348E-4,1.6453610265728397E-4,0.005584301198394402,0.02081346634049363,0.0010570804607814273,0.0022363864211889925,3.25043573833121E-5,1.834349671852097E-4,0.0010799617751617177,2.059618567492529E-4,1.9764857565713614E-4,0.004742701046760229,1.9449515449171352E-4,1.2908786693453358E-4,1.3425485090854354E-4,1.9140737543496246E-4,0.01749503634482727,0.001219579218341788,0.0077788791968829195,6.152169074687956E-4,0.017942514211296598,1.0,4.545022249746697E-4,0.009387158858120323,1.681093754532334E-4,2.154289855415256E-4,1.714677493456538E-4,1.6590784114482485E-4,0.01569078184517129,1.334490144456177E-4,2.0405248518554542E-4,1.246278671613686E-4,2.04372177481536E-4,0.005209623481021998,2.0439493514294308E-4,1.4058334256806398E-4,0.010305548894794656,1.241743085205115E-4,3.660960411523312E-4,2.796593229714666E-4,8.924831161915066E-4,9.653826266244809E-4,1.4190449984345307E-4],[0.0010210915727559347,1.9196912549633417E-4,0.008433128707293838,0.0262685544774686,6.740779950503976E-4,0.011266180589800568,1.123880143121185E-4,2.7304309275241566E-4,0.0011969379897740018,2.976426128449372E-4,4.0403188481911935E-4,0.0010810567620597646,2.6961234464250043E-4,3.6704832392561926E-4,2.7365861756480276E-4,2.668885380583794E-4,0.012548480833906694,0.001573693030954804,0.007527397435173926,5.794862777189539E-4,0.0024525596810146297,4.545022249746697E-4,1.0,0.0090229907617992,2.5625497815714114E-4,3.0683945056233716E-4,3.396047236046693E-4,4.978344392277639E-4,0.017811054727880384,2.7732810263031866E-4,2.8935889580770794E-4,4.1043181901698065E-4,1.4458471765955603E-4,0.012723706393369522,4.439035790869453E-4,6.568332926268282E-5,0.022236430273832656,3.6420938670055135E-4,5.713233035905009E-4,4.1605909683500175E-4,7.278847132353505E-4,6.930400808791281E-4,4.05840323891322E-4],[0.009947350953824634,0.011456583106114552,0.014264972945706087,0.042250830565539084,0.005746042032583628,0.015404450198707481,0.01301121826373327,0.002443205008291276,0.00510853798282482,0.014784320176055878,0.006179329180432358,0.012079764224945624,0.015313511966308353,0.008077494678165357,0.00769225032799242,0.002194307350371847,0.01726675775542183,0.006868538887773314,0.0158764025284739,0.014788577875394272,0.03185561332305042,0.009387158858120323,0.0090229907617992,1.0,5.373142193161106E-4,0.012430649451809465,0.005709549148759579,0.00498281327436901,0.024275317723491785,0.0011510418164198785,0.005584330961686967,0.0011750644307773617,0.016042579009867927,0.015832552713599395,0.007935344535266252,0.002379637469837468,0.01795206239294673,9.811265547396385E-4,0.01355818200531586,0.0035270875444346223,0.002374313816272435,0.016186231660804594,0.0041789434503515565],[1.4450458642648132E-4,1.928057905506603E-5,0.005218155741622208,0.00649871100483186,6.940722800942213E-4,0.009095440822948747,1.0369751921489282E-5,1.018499723610426E-5,0.0012936584225771359,1.1927045770875229E-4,6.633297580161109E-5,0.0022549769340982455,4.648693643529423E-5,9.984507309676087E-5,9.753178301325906E-5,9.23862257796595E-5,0.004936204691849563,0.001475430145617666,0.006549398240558461,2.5789703206996353E-4,0.016001908205459995,1.681093754532334E-4,2.5625497815714114E-4,5.373142193161106E-4,1.0,2.1881954979112653E-4,5.857384753572157E-5,4.108905754102162E-5,0.03805536692176511,1.8653016025714673E-5,5.131249428011172E-5,1.1826463674575889E-5,7.23563083923891E-5,0.002329934847448794,2.174396081920738E-5,3.1870545826729956E-5,0.04248927900532497,1.906695480830208E-5,7.159329274543459E-4,1.680204176882224E-5,9.494909765737109E-4,8.512246728945297E-4,2.084224372790776E-5],[2.812742051402478E-4,2.0698804363483648E-4,0.005785340898328911,0.022947796293248907,8.011895999179426E-4,8.122247865826066E-4,1.11280503300786E-4,1.9889373069345828E-4,0.0018825050415087676,2.0651013304065762E-4,1.80798483658816E-4,0.0034461010752333625,2.2247951562844119E-4,2.106212287737522E-4,2.0801328204237492E-4,2.127524277347084E-4,0.015483976243633304,0.002117371416151366,0.003548846125563,0.0010686714381836601,0.007834342651736674,2.154289855415256E-4,3.0683945056233716E-4,0.012430649451809465,2.1881954979112653E-4,1.0,1.7471497471552343E-4,1.9520586364776395E-4,0.03799544635686599,1.7024115887016438E-4,2.1698809443804364E-4,3.256817988465013E-5,2.2174707784930074E-4,0.004927031718841001,2.23057388401787E-4,4.4562739475057025E-5,0.009036273943643428,1.7411492508325824E-4,9.939213909952987E-4,2.665432460839324E-4,4.5376067257346404E-4,5.41821527701691E-4,2.0300654695127847E-4],[5.672981345167107E-4,1.511115114516161E-4,0.005736111187047583,0.00606508681415233,1.9729497238082347E-4,0.0018849495059652475,1.5258865467201663E-4,5.70373458818513E-5,0.0015995189714543899,1.7256772631350152E-4,1.5838275478541314E-4,0.004205754247210834,1.7021219245910962E-4,1.3234348717392684E-4,1.3137732647448992E-4,1.635438524701394E-4,0.00832465422261119,0.00249744045441286,0.004854995164469439,4.314333886925049E-4,0.006427979057507689,1.714677493456538E-4,3.396047236046693E-4,0.005709549148759579,5.857384753572157E-5,1.7471497471552343E-4,1.0,1.1240899537330238E-4,0.05819957631569218,1.43576931907537E-4,1.8119588250785666E-4,8.673297959883603E-5,1.4293882322534657E-4,0.006073775097422008,1.268497392135753E-4,1.1336781740879775E-4,0.04243551929003288,1.2844840796334754E-4,5.150888729962695E-4,2.2448421877593332E-4,5.693113775486695E-4,4.991425740377356E-4,9.733653713929382E-5],[5.254699024165199E-4,1.3137009709478E-4,0.0065063758763516544,0.05615108570650108,6.772093567811079E-4,7.012368228196391E-4,8.036442752536798E-5,8.175677952085366E-5,0.0021394609173102166,1.1460155922879798E-4,1.3991227134477942E-4,3.4631727303849374E-4,1.4486742045804316E-4,1.0130104298300345E-4,1.0965043892594941E-4,1.423559479597201E-4,0.006337227547576851,0.0018407544731934595,0.007144246488517829,6.206850110443356E-4,0.011995390384869247,1.6590784114482485E-4,4.978344392277639E-4,0.00498281327436901,4.108905754102162E-5,1.9520586364776395E-4,1.1240899537330238E-4,1.0,0.0663089428397997,1.074988608964016E-4,1.6217234577454553E-4,3.1275756256748035E-5,1.0709427007110974E-4,0.004534081584082288,1.0596118821301287E-4,4.045654735711302E-5,0.02588011701919925,1.1414674245784354E-4,6.274638913265996E-4,2.1118905402315604E-4,8.198149421206882E-4,0.0011270572607419273,7.075863617547057E-5],[0.04108604392917416,0.03325059147014181,0.045937228423514755,0.06053067880425622,0.00871371925273386,0.0502683232299834,0.007028338253497814,0.04972662186951698,0.01720218583702157,0.02846170804847128,0.01572062702693475,0.05408194810582916,0.03403532606542256,0.06027129986154451,0.051260722753793675,0.005581463560551051,0.019084368164676496,0.035362757414134006,0.06553351123573097,0.05579482812445724,0.04062455309928252,0.01569078184517129,0.017811054727880384,0.024275317723491785,0.03805536692176511,0.03799544635686599,0.05819957631569218,0.0663089428397997,1.0,0.001266576723998415,0.052116809953550634,0.05354502346267834,0.05184375931159521,0.032133079949866986,0.014258858624354736,0.05269186452441106,0.06248506428460668,0.07078947388879449,0.021832542311808534,0.035508986426941266,0.06532127329458201,0.0029309098915598015,0.06875331845701028],[2.2398287393453795E-4,1.261821989669844E-4,0.00506521413596364,0.026644086246734547,1.6424490279584283E-4,0.0018624061037886461,9.735622938231168E-5,4.9477934669786765E-5,0.002112937008771768,1.1377168005234804E-4,1.1139762955942502E-4,5.942533591932505E-4,1.5212524257789681E-4,1.0339282568593225E-4,1.1442132077463653E-4,1.4045310033098415E-4,0.007389202926028605,5.807907171444729E-4,0.009907814739618449,0.0010357000685721842,0.02176561287521538,1.334490144456177E-4,2.7732810263031866E-4,0.0011510418164198785,1.8653016025714673E-5,1.7024115887016438E-4,1.43576931907537E-4,1.074988608964016E-4,0.001266576723998415,1.0,1.6681206965199567E-4,5.780850684470894E-5,1.0658272487394981E-4,0.009668918406037688,1.0588760092720249E-4,5.1558276427334985E-5,0.006740289173435241,1.1824245820857694E-4,9.251933084766003E-4,1.0912923987613346E-4,6.738397332850791E-4,3.473194538403594E-4,3.155515446514814E-5],[2.0897288044702717E-4,1.571872557988356E-4,0.0070065610781767694,0.03488140944290415,6.908376284233103E-4,0.0056746422924511914,1.794057262054535E-4,1.8391762505547317E-4,0.0022106759201730043,1.9411380573190775E-4,1.707751967044013E-4,0.002284254082547506,1.9093490497160384E-4,1.1267121618807816E-4,1.9298228214756398E-4,1.8377924401936078E-4,0.01666013938966866,0.0033801411520295705,0.003575199735910392,5.683030283489851E-4,0.0010860175064507191,2.0405248518554542E-4,2.8935889580770794E-4,0.005584330961686967,5.131249428011172E-5,2.1698809443804364E-4,1.8119588250785666E-4,1.6217234577454553E-4,0.052116809953550634,1.6681206965199567E-4,1.0,2.5042996542851984E-5,1.5878554320492442E-4,0.008055721828049735,1.3146048156437057E-4,1.6993961954108662E-4,0.027667981460467693,1.5755936810354066E-4,0.0011614915672954658,2.6916039549710073E-4,4.850917562566679E-4,0.0011511035555914545,5.9904893050971967E-5],[5.200330480939081E-4,5.347385000722638E-5,0.004158012884087649,0.04072705079536216,1.4781868976131396E-4,9.237822413481777E-4,1.3254330057804904E-5,1.386725654395381E-5,0.0019906501787319507,9.728717396312134E-5,7.118766582587232E-5,0.0011814449553572116,9.724540603704396E-5,9.053064500246019E-5,9.671954894986516E-5,1.3522466848597264E-4,0.007743065597363326,0.001758113540971583,0.006041007859822634,8.983417260104505E-4,0.02685056840523201,1.246278671613686E-4,4.1043181901698065E-4,0.0011750644307773617,1.1826463674575889E-5,3.256817988465013E-5,8.673297959883603E-5,3.1275756256748035E-5,0.05354502346267834,5.780850684470894E-5,2.5042996542851984E-5,1.0,3.0488406148404405E-5,0.009545740174349721,4.0628364806834865E-5,2.61125312396113E-5,0.018895301041328354,7.829990093942359E-5,4.655656574703416E-4,8.936414404505894E-5,2.559465885624799E-4,7.654150142269891E-4,1.7598932743126473E-5],[8.393238228823043E-4,1.2156230056816306E-4,0.0018957394918468038,0.017772667256785602,0.0010764861984184947,0.0014444742512986857,6.168944217530585E-5,1.0475252470293329E-4,3.479923635743158E-4,1.515047604963535E-4,1.3178801039731195E-4,0.00218501650833773,1.349231997698855E-4,1.04133802098518E-4,1.1701973290433776E-4,1.5452858458997703E-4,0.016304385544489715,0.0018553677561615445,0.009658954188697184,3.37889461842297E-4,0.02852772806109986,2.04372177481536E-4,1.4458471765955603E-4,0.016042579009867927,7.23563083923891E-5,2.2174707784930074E-4,1.4293882322534657E-4,1.0709427007110974E-4,0.05184375931159521,1.0658272487394981E-4,1.5878554320492442E-4,3.0488406148404405E-5,1.0,0.009463511109349577,1.0635666661869545E-4,9.120533883456067E-5,0.0018178379441332832,1.2316549142967072E-4,9.777139475155184E-4,2.496140214925177E-4,9.078857727808401E-4,5.690395119018183E-4,9.67274976287145E-5],[0.012870759604817959,0.012762274638697241,0.011236997705174868,0.04054682908215635,0.0015101100542110237,0.013650978378385683,0.0075643636803896675,0.005761010446515678,0.012517278522574716,0.0050225498895378005,0.0011846855449370549,0.005850610955503209,6.773126628824592E-4,0.010899390519872175,0.006015190727545795,0.010764972872989187,0.01702326579729392,0.007866296366047515,0.01230739863524005,0.007797443751326216,0.02930290497690655,0.005209623481021998,0.012723706393369522,0.015832552713599395,0.002329934847448794,0.004927031718841001,0.006073775097422008,0.004534081584082288,0.032133079949866986,0.009668918406037688,0.008055721828049735,0.009545740174349721,0.009463511109349577,1.0,0.012089495741281066,0.004910075940594087,0.016208194645501224,0.008291414759310415,0.010185952635985039,0.011752273013790747,0.004365316894295388,0.004639090230965044,0.01265213746850754],[1.458412046082307E-4,1.2609426786104993E-4,0.004322266688519125,0.042768450095677306,7.599212318851392E-4,0.0031440608468521914,7.162699944183468E-5,5.3288628696119926E-5,1.780884717283207E-4,1.1998253072289416E-4,1.1775479694938158E-4,0.0017502019209407868,1.6658902300955506E-4,1.0158917429743E-4,1.1569398034215543E-4,1.507581489810138E-4,0.01648402804694797,0.0038857881586440036,0.008959053976914587,2.731154203366557E-4,0.006002299995810216,2.0439493514294308E-4,4.439035790869453E-4,0.007935344535266252,2.174396081920738E-5,2.23057388401787E-4,1.268497392135753E-4,1.0596118821301287E-4,0.014258858624354736,1.0588760092720249E-4,1.3146048156437057E-4,4.0628364806834865E-5,1.0635666661869545E-4,0.012089495741281066,1.0,1.0055934322625762E-4,0.024490095310409254,1.0734598296295773E-4,0.001023397203070762,1.438727795806919E-4,7.037067779907711E-4,3.648026626494742E-4,7.421829942012457E-5],[0.0010006708811507112,1.1732530607598097E-4,0.0038012718436911657,0.04823974714528567,4.301842569690844E-4,0.012458292212930518,2.3176540865234215E-5,1.9191782107896594E-5,1.1330441665205965E-4,1.2192049093371649E-4,1.4825925288889763E-4,0.0019294287550098166,1.6463965567505476E-4,9.915253861839044E-5,1.1777194761923854E-4,5.821475131412414E-5,0.010564842221674023,5.85503899625288E-4,0.0022333515640792227,5.484182232439875E-4,0.0064509567168134704,1.4058334256806398E-4,6.568332926268282E-5,0.002379637469837468,3.1870545826729956E-5,4.4562739475057025E-5,1.1336781740879775E-4,4.045654735711302E-5,0.05269186452441106,5.1558276427334985E-5,1.6993961954108662E-4,2.61125312396113E-5,9.120533883456067E-5,0.004910075940594087,1.0055934322625762E-4,1.0,0.017709736357235942,1.1274041590941698E-4,6.224983663474626E-4,1.1307655972460985E-4,7.036937800641998E-4,0.0010991273712498092,2.3841280477287765E-5],[0.022724950729441504,0.04393076626019974,0.04188896980326083,0.05005368833471439,0.04309626747197351,0.015830286097299886,2.849587543284707E-4,0.014665343860916013,0.03537388569327926,0.0035753930147990947,0.04568466522279524,0.029002087207106363,0.03350454114024108,0.026677633015302706,0.010191474154467793,0.043532733907668174,0.028826723581373618,0.026635731036938646,0.021252066296909983,0.0376525859007138,0.03644888672097603,0.010305548894794656,0.022236430273832656,0.01795206239294673,0.04248927900532497,0.009036273943643428,0.04243551929003288,0.02588011701919925,0.06248506428460668,0.006740289173435241,0.027667981460467693,0.018895301041328354,0.0018178379441332832,0.016208194645501224,0.024490095310409254,0.017709736357235942,1.0,0.014267411506174802,0.012704090859829388,0.0021392659961658117,0.008061881007910568,0.009363974859344374,0.03963218165196025],[7.936738779333781E-4,1.2398625466896804E-4,0.0027893362978096796,0.05037518631842074,7.421405441900338E-4,0.009053882303542147,1.1909254890562093E-4,1.1684903725852818E-4,0.0014296288703498686,1.3424970600551931E-4,1.255935395903442E-4,0.00140396805374184,1.7895280105534368E-4,1.1002196251514985E-4,1.2234459426533053E-4,1.2740776311374E-4,5.803331993027062E-4,9.185197380208619E-4,0.0029178560425497653,1.6539849116373718E-4,0.006772319529717766,1.241743085205115E-4,3.6420938670055135E-4,9.811265547396385E-4,1.906695480830208E-5,1.7411492508325824E-4,1.2844840796334754E-4,1.1414674245784354E-4,0.07078947388879449,1.1824245820857694E-4,1.5755936810354066E-4,7.829990093942359E-5,1.2316549142967072E-4,0.008291414759310415,1.0734598296295773E-4,1.1274041590941698E-4,0.014267411506174802,1.0,6.011756785356775E-4,1.9507651289040482E-4,4.093654554022433E-4,2.723626471597551E-4,8.566420986147038E-5],[0.0011067328104005466,1.9464628383186413E-4,0.009098872575778268,0.0022752414848940875,0.001162341505515026,0.004518487568133937,1.0904347444251043E-4,8.826045767970582E-4,0.0020311786505369596,2.3951729134310916E-4,9.425938089239054E-4,0.004295971230758738,1.8908388548054855E-4,5.292928767354454E-4,9.707997422158746E-4,0.0010652331828202976,0.010150030948928423,0.0032906480268734225,0.00216579697967606,0.0011627644506521679,0.025503380414623973,3.660960411523312E-4,5.713233035905009E-4,0.01355818200531586,7.159329274543459E-4,9.939213909952987E-4,5.150888729962695E-4,6.274638913265996E-4,0.021832542311808534,9.251933084766003E-4,0.0011614915672954658,4.655656574703416E-4,9.777139475155184E-4,0.010185952635985039,0.001023397203070762,6.224983663474626E-4,0.012704090859829388,6.011756785356775E-4,1.0,5.216302907463863E-4,0.0010600860780349416,0.0011668611435239206,2.9710287891295505E-4],[8.556996801969859E-4,2.9297299843378597E-4,0.00711068492330953,0.008671959789934134,0.0010377376171086213,0.008311420845524869,1.5953715678227582E-4,1.078476701748374E-5,0.001839697236144802,2.936842757576973E-4,1.9963880184294765E-4,0.0015416941406238894,2.7391974191297075E-4,2.6062658167158256E-4,1.7415134047685097E-4,2.7781648646225813E-4,0.0065434226505890845,0.003375449663424374,0.004246827495864533,4.595260370043772E-4,0.014865986804593502,2.796593229714666E-4,4.1605909683500175E-4,0.0035270875444346223,1.680204176882224E-5,2.665432460839324E-4,2.2448421877593332E-4,2.1118905402315604E-4,0.035508986426941266,1.0912923987613346E-4,2.6916039549710073E-4,8.936414404505894E-5,2.496140214925177E-4,0.011752273013790747,1.438727795806919E-4,1.1307655972460985E-4,0.0021392659961658117,1.9507651289040482E-4,5.216302907463863E-4,1.0,5.181242655373908E-4,7.749901892331972E-4,2.343683838660187E-4],[0.0010665771773439492,4.0996944772248457E-4,0.0015052573408242766,0.05463463183239406,0.0011469998022540873,0.0049048140851801715,0.0010045473556078962,8.932353633733308E-4,0.0019447081931107343,6.334550523033218E-4,4.141966904912893E-4,0.004555736687752992,3.550185682102843E-4,4.991731643071778E-4,7.822577179284734E-4,8.848943405716412E-4,0.0025212178902633987,0.002865707796652477,0.010659303528914912,0.0010578932866094702,0.0030488003691506406,8.924831161915066E-4,7.278847132353505E-4,0.002374313816272435,9.494909765737109E-4,4.5376067257346404E-4,5.693113775486695E-4,8.198149421206882E-4,0.06532127329458201,6.738397332850791E-4,4.850917562566679E-4,2.559465885624799E-4,9.078857727808401E-4,0.004365316894295388,7.037067779907711E-4,7.036937800641998E-4,0.008061881007910568,4.093654554022433E-4,0.0010600860780349416,5.181242655373908E-4,1.0,0.0010560019574575043,9.333120850953796E-4],[0.0011006346344068693,6.319432441679593E-4,0.00953265990130572,0.03559551118444375,0.0011595865645756024,0.0075950688873946196,3.502210678057409E-4,4.589348499902363E-4,0.0012213720606235893,2.3466062639050422E-4,9.669728792137471E-4,0.0040850148627208545,0.001110245521203819,8.631916879672527E-4,6.801422514206786E-4,2.2786378812592533E-4,0.014162264523298032,0.003881108423884956,0.0045594504154028515,0.0011500419755264835,0.021280391039685927,9.653826266244809E-4,6.930400808791281E-4,0.016186231660804594,8.512246728945297E-4,5.41821527701691E-4,4.991425740377356E-4,0.0011270572607419273,0.0029309098915598015,3.473194538403594E-4,0.0011511035555914545,7.654150142269891E-4,5.690395119018183E-4,0.004639090230965044,3.648026626494742E-4,0.0010991273712498092,0.009363974859344374,2.723626471597551E-4,0.0011668611435239206,7.749901892331972E-4,0.0010560019574575043,1.0,8.887840117393642E-4],[8.687689986714962E-4,6.949028222618855E-5,0.006626013378411671,0.042530967878401715,3.8683445450972257E-4,0.0021967706208399504,2.2463455823145198E-5,1.5300948772256525E-5,2.9888195938467243E-4,1.8940276518667552E-4,1.3117723279060343E-4,0.0017435825056570063,8.827756196832837E-5,5.6293717135754234E-5,3.327088536899821E-5,7.007833696729278E-5,0.0051139249895198295,6.73147361228623E-4,0.003105173379136647,3.6279641803338056E-4,0.015790595696266993,1.4190449984345307E-4,4.05840323891322E-4,0.0041789434503515565,2.084224372790776E-5,2.0300654695127847E-4,9.733653713929382E-5,7.075863617547057E-5,0.06875331845701028,3.155515446514814E-5,5.9904893050971967E-5,1.7598932743126473E-5,9.67274976287145E-5,0.01265213746850754,7.421829942012457E-5,2.3841280477287765E-5,0.03963218165196025,8.566420986147038E-5,2.9710287891295505E-4,2.343683838660187E-4,9.333120850953796E-4,8.887840117393642E-4,1.0]]