[[1.0,0.0015828516170133641,0.001221371561757243,9.696024761304332E-4,0.0013547717702036722,0.005369178893337856,3.5488978957928395E-4,0.0018385938368952876,0.01116443233447772,0.0016870806892721507,0.001625672009431284,0.0018727418405754268,7.173002955346195E-4,0.0012822394843286526,0.001768109257730641,0.0026489924921016725,0.0013384155566434136,0.009533277974754749,4.791154034730645E-4,0.0012126256759367048,1.5170711716048965E-4,0.0017622127145442592,0.0013435285292945573,0.0012579305773637505,0.0010359895746193106,0.0016788266431430339,0.0012874398379275377,0.0016687564057479435,0.015350310266551575,0.0015024036980487692,2.2856580636657965E-4,0.001089168630844703,0.007958419597476597,3.1701461781992983E-4,2.544841664764503E-4,9.064245798674017E-4,8.360285204031038E-4,0.0011711983818653488,0.0019775147826078554,0.0018632419010723793,0.013398324217592244,0.0031527187997697596,3.3600452155350046E-4,0.0015659513719510694,8.73565975185799E-4,0.0015553454820012944,9.681633905216896E-4,0.001675091991602406,0.016897415530255096,0.0013808926391407027,0.00846307396490564,0.002982147527122767,0.0011692940884285553,0.002001974865776673,0.0018424183396540752,0.0018028433868263315,0.0023590825534240876,0.0015476361900686765,7.903468144399698E-5,6.215325420803428E-4],[0.0015828516170133641,1.0,2.3637443452828143E-5,3.093337876802478E-5,3.104569706720318E-5,0.006146588384747364,1.7216621400439875E-5,0.0012580688228257737,0.011346254842805948,1.2155771442896459E-5,8.378120328538053E-5,0.0015627122706419147,8.110751602641197E-5,3.5468456512013826E-5,1.2344612576921084E-5,0.003856380929574784,9.87389748403248E-5,0.005237461210434121,1.272526101922732E-5,1.8826950093430396E-4,1.2646022040408304E-5,3.3313408440454877E-5,5.924603266528341E-5,3.031785296645343E-4,2.906385019834309E-4,4.1837238230158814E-4,3.5302084487896194E-5,2.6711571195007003E-4,8.307700148963231E-4,1.0471022765313918E-4,3.42041240899254E-5,9.791139790188877E-5,0.0012191388805731706,1.2420744817441561E-4,6.071066818645989E-5,6.0931588990545494E-5,1.8745211896437094E-5,4.358393215811356E-5,0.0019080738479931947,0.002573976999026993,0.015100224713784314,0.002864911519304679,1.312801560261833E-4,4.426836013534093E-4,1.1061916736139116E-4,2.3142684328438431E-4,3.468326448955364E-5,4.3745399575523665E-5,0.008813677903556184,1.4024463495252882E-4,0.005299900597810209,0.0023375035815046286,1.4436148989266265E-4,0.0019693049949968157,0.001258224739973316,0.002286284148235248,0.0012044116991694672,2.4104960997165967E-5,2.6222081780311256E-5,2.629655952626723E-5],[0.001221371561757243,2.3637443452828143E-5,1.0,3.357533939171589E-5,8.780263832404606E-5,0.020877030983885332,3.894656676572807E-5,0.0012080347982966306,0.007105813805978356,2.460436807115781E-5,4.388972336240756E-5,7.78833069542657E-4,9.332410501818698E-5,9.521731474599948E-5,1.6016498006205346E-5,0.0016599253215002585,2.3711573255013986E-4,0.010738071756480191,2.1224333215693653E-5,1.6622958174545064E-4,2.8565228958209737E-5,3.3067597491047706E-4,6.646320073747822E-4,3.909116062038125E-5,3.331452684004369E-4,0.0010679947611747216,8.82583061260174E-5,4.842388091607222E-4,0.008353186890138546,2.3287285473151697E-4,1.317770826051203E-4,1.1384121283335704E-4,0.007959571031330376,6.417136917719448E-5,8.65206857007638E-5,5.0770326114597095E-5,2.6052647209563483E-5,1.805950324610246E-4,0.0014593764352279544,0.001180603822524124,0.008094820863191484,0.0033505649923462194,6.991441482974702E-5,0.0010735725235895284,6.013313757266423E-5,4.3498581074406437E-4,9.7730196446403E-5,3.7391400212782655E-5,0.0030294232069244783,9.521272833936965E-5,0.0016871313598008134,0.0025523102689156032,1.5093530844436168E-4,6.659406573683096E-4,4.7810457896087634E-4,0.003922706033771843,0.0010266989230584146,2.579153669628334E-5,4.37237939677429E-5,8.752071581945348E-5],[9.696024761304332E-4,3.093337876802478E-5,3.357533939171589E-5,1.0,8.469924414357903E-5,0.015467480307459333,6.0248366600416524E-5,7.038614835592272E-4,0.006211882399383024,2.1234247484745334E-5,9.775105704825895E-5,0.001308809752975095,1.2727040849384568E-4,6.965262145860271E-5,1.3733130931895826E-5,2.506686100508308E-4,6.072980060868421E-5,0.0035247823722427433,3.479053886569685E-5,2.1081892724662973E-4,1.3544671067173926E-5,7.176909521391824E-4,8.145397306576687E-4,5.609237653649085E-4,6.59892125788262E-5,7.477406720444383E-5,1.7011203466177333E-4,6.056158251696885E-4,0.0027988821350772475,1.5938841879456784E-4,6.482095284358777E-5,6.01478704958317E-5,0.003008305251178598,1.1209426668808331E-4,5.805273048039511E-5,5.181599582320625E-5,2.8314265860756895E-5,6.0083362847753173E-5,0.0021061946904156266,0.002496691739792033,0.005476846082774419,6.322763724733113E-4,6.260279700050735E-5,0.0011603078938113474,4.416668146350321E-5,8.888800099615948E-4,4.495973423341285E-5,7.960573057508707E-5,0.01132497125316482,6.0188275701739305E-5,0.010670876579514132,6.048268369154728E-4,2.0639722423143977E-4,9.881698035858577E-4,8.948395469577119E-4,7.156902027821688E-5,0.0015648688558550605,4.288758099715098E-5,4.3676029714430264E-5,9.671685661893247E-5],[0.0013547717702036722,3.104569706720318E-5,8.780263832404606E-5,8.469924414357903E-5,1.0,0.020343701062587764,9.152961530089125E-5,0.001257979432720661,0.001545689532552381,8.450914640266271E-5,1.1530309472401272E-4,0.0012024933332010195,1.3096224271415076E-4,1.1180632079219492E-4,8.792993828839864E-5,6.597502127780723E-4,2.520662240769176E-4,0.0069711252636826294,5.638050924656891E-5,1.4750996890559203E-4,3.2258511731204275E-5,7.03352306341793E-4,6.923146266070753E-4,3.41387514142775E-4,2.7545563119080565E-4,9.304178755829057E-4,1.6785954897787343E-4,3.8340975853665756E-4,0.010015204862666306,1.5471817308559602E-4,1.3070677817380005E-4,1.1644156724478546E-4,0.0025550864818355643,1.6801912023508523E-4,1.5309940117918603E-4,1.1156231590684626E-4,7.318942329447026E-5,1.9040641033054684E-4,9.627577922458619E-4,9.0204312125093E-4,8.942021154657991E-4,0.0025401827509052223,2.2553027019795374E-4,0.0011371745325412682,1.1561829301475562E-4,8.405196533057803E-4,1.1190375165922845E-4,1.6663932954437427E-4,0.0031522533641467534,1.816916949206977E-4,0.003955759793975139,0.0027975104012230635,1.4389005205551054E-4,0.0015521747756454497,0.0018681780227130735,2.2400264770684942E-4,0.002647897289273431,1.0533653379282131E-4,6.056628332037444E-5,1.1409303772379594E-4],[0.005369178893337856,0.006146588384747364,0.020877030983885332,0.015467480307459333,0.020343701062587764,1.0,0.004381498089478335,0.003604282641882844,0.02335098373025527,0.01820376563033949,0.01335200047926137,0.009010573536820528,0.009302643854397946,0.009687650623760367,0.009061964882902313,0.008395678784760361,0.0200816588342136,0.020142086850221633,0.016163190651458097,0.017897783713909033,0.001863232816162409,0.002631744617922151,0.014150643917170993,0.012685258048566449,0.020356886823347166,0.010989782104960731,0.005906671034688404,0.013929265435416364,0.020143656660501698,0.006526957605360223,0.01723514477531891,0.011988646574390879,0.02027476704136475,0.0051446515924115435,0.006387565498685233,0.011247235764121434,0.012227459556467155,0.0194493261563801,0.018585405172768053,0.01702699156492874,0.02069060352506686,0.02087475419176663,0.019494219800635305,0.009508928217046134,0.0178833561518419,0.017010344222968057,0.011598472057572484,0.013007736882290297,0.017947025323197988,0.011066576710291832,0.02178239095463557,0.02002949297099592,0.00389675306532002,0.0144262577580653,0.002318785865849684,0.008206033877490786,0.019196513110310332,0.010681788361750233,0.018822550873149876,0.01733199176861316],[3.5488978957928395E-4,1.7216621400439875E-5,3.894656676572807E-5,6.0248366600416524E-5,9.152961530089125E-5,0.004381498089478335,1.0,4.8721874606507445E-4,0.003178065263431675,4.64520452521538E-5,7.954754641690782E-5,0.0014116877546714464,7.287792036184938E-5,8.395669605274873E-5,5.171026515791717E-5,0.002560927946740529,2.314550609484899E-4,9.472331421574693E-4,4.664429041318927E-5,2.1431175863664706E-4,2.4741427844273226E-5,0.0011763447796456596,6.718483365810825E-4,4.4895421690347814E-4,1.6052849643685002E-4,3.3766080199530024E-4,1.6921956623731368E-4,5.255717586288265E-4,0.014769436909684625,1.6836622276310194E-4,8.357409007143449E-5,1.1833772604267783E-4,6.463690890717752E-4,9.584344335999766E-5,1.020412099953358E-4,7.477321985003637E-5,4.297097069358319E-5,1.2056443930797436E-4,3.8865005384571645E-4,0.0022590953321105878,0.0010699003174121692,0.0012521729866507264,1.0377042677130416E-4,7.87548895513587E-4,1.255811599167719E-4,9.51086501147006E-4,8.10210675927912E-5,1.986939010945038E-4,0.006298428363282853,9.512857720961644E-5,0.0060857509665159975,0.001068082028973134,2.1286272940663906E-4,1.1667848868457316E-4,6.562472188020685E-4,0.0014685567598679173,4.0712811083249356E-4,4.941183927065675E-5,6.555706461737014E-5,1.0113604867824114E-4],[0.0018385938368952876,0.0012580688228257737,0.0012080347982966306,7.038614835592272E-4,0.001257979432720661,0.003604282641882844,4.8721874606507445E-4,1.0,0.004256182106267473,6.067804783834135E-4,8.554738007976967E-4,0.0018904233108286467,7.317746965817492E-4,0.0016299660543960723,0.0015139755923563676,0.0022129571038956323,0.0010138268809498365,0.005402181240628981,0.0016596075666497165,2.815151463690591E-4,3.49938121926347E-4,0.0017603413899653147,0.0013344962883904271,0.001650265477385707,0.001772461998031169,0.0017918573295551557,6.55335040186967E-4,0.0014348012216779601,0.01101446546308215,0.0015597876257836371,0.001773290734275863,0.0016740299697290632,0.003437614208397469,2.8305750838187915E-4,0.0013164981190499413,0.0013909396918655842,0.0011116850243617544,7.421585303817805E-4,0.002774572400353887,0.0020375384053055077,0.008905152684425231,0.004146759276692674,0.0018073692986439209,0.0012892399866857589,0.0010820016781081855,0.0015439155713177829,0.0011262937178146892,0.0015013460911296466,0.0035527999640090424,0.001567266506134768,0.007823758759546745,0.0025751914540441717,0.001725294938242866,0.0019356737101223214,0.0018878634838832955,0.002248301578011452,0.0024269397316358473,0.0012020503856341703,1.1296206918381304E-4,0.001562330297777832],[0.01116443233447772,0.011346254842805948,0.007105813805978356,0.006211882399383024,0.001545689532552381,0.02335098373025527,0.003178065263431675,0.004256182106267473,1.0,0.008023613991728086,0.02139691485287255,0.025334459415582954,0.008491749532693866,0.0052507352353271105,0.0223693793953195,0.021058268299905522,0.017435948299360803,0.021435205333118476,0.02486706129938234,0.01044127220350487,0.024556881465826495,0.008131207894994828,0.022863525891984905,0.004057052106165468,0.025130720568785167,0.0015600521328470926,0.018690960644761914,0.011833243438631225,0.016664452942863082,0.00609850498882648,0.00792494922526542,0.008763907790021175,0.0242944401259857,0.0012137659876371905,0.015356211646522821,0.016901367711561317,0.0218938127738616,0.018516585925085604,0.003997346933571747,0.006607087212316096,0.024066450271805713,0.02473133293257754,0.023922511797484204,0.010109517277346724,0.01130436278335319,0.0015573295281154477,0.0030931028810650967,0.008176571770651937,0.025482447638433853,0.020666093263582815,0.014624644718955178,0.021330581390253008,0.01649330028162368,0.005947561615733933,0.013800976838591241,0.007227081555751815,0.016659302500111307,0.016736037003230193,0.01781499648600592,7.229292477855426E-4],[0.0016870806892721507,1.2155771442896459E-5,2.460436807115781E-5,2.1234247484745334E-5,8.450914640266271E-5,0.01820376563033949,4.64520452521538E-5,6.067804783834135E-4,0.008023613991728086,1.0,1.0398231061513115E-4,6.839481739709393E-4,1.2270190726236825E-4,4.4193158584952626E-5,1.0648382009461612E-5,8.792788604946043E-4,1.3899358587514448E-4,0.006033680347302208,1.2061400047194688E-5,1.3822021042287543E-4,1.0771520201285821E-5,3.219355750040864E-4,6.953301568552345E-4,5.135623215334325E-4,1.0302613135550792E-4,0.0012472094214501695,2.2168477982182643E-4,0.0011056507460991405,0.007628978466810294,1.38612179528013E-4,1.5789015887551085E-5,3.050751246448555E-5,0.00583180445429418,7.746456478998116E-5,1.803971510038521E-4,3.2828070334299736E-5,1.6365312179711115E-5,1.21442704572724E-4,3.882357785131217E-4,0.0012122322488351289,0.01098976539202012,0.0028933600582976525,1.886131778049475E-4,3.6411350764473696E-4,7.185689031567879E-5,3.8065661325494626E-5,1.365358780084532E-5,8.231823072762656E-5,0.01691593097507062,4.203680181708164E-5,0.010507998969341086,0.0011145337881484558,1.6729248924192847E-4,8.49899198648098E-4,5.674816232836476E-4,0.0023120107976700166,0.0023910105750176835,2.2553712478390073E-5,4.0933780024210996E-5,7.752215163977076E-5],[0.001625672009431284,8.378120328538053E-5,4.388972336240756E-5,9.775105704825895E-5,1.1530309472401272E-4,0.01335200047926137,7.954754641690782E-5,8.554738007976967E-4,0.02139691485287255,1.0398231061513115E-4,1.0,5.889616493565342E-4,1.3278432892088857E-4,1.4146361925271474E-4,9.027214074115885E-5,0.0020621721968347487,1.6748179994087459E-4,0.008514773508465379,8.295911577537045E-5,1.811853489001521E-4,1.1741386475155074E-4,2.043641336740917E-4,3.440388155723209E-4,2.403064680520428E-4,2.9225884693345636E-4,5.057436140704884E-4,2.2809660148012862E-4,0.0012137937456917014,0.007416713897991007,2.0966950090718563E-4,1.415728904373738E-4,1.2988637140459809E-4,0.0019258406057624084,1.5389343101267466E-4,1.8264903033527374E-4,1.1985746211233204E-4,4.4887700600970554E-5,1.8729245859859514E-4,0.002381851338390118,0.0011894206207515073,0.012560700723308388,0.001064666523465362,2.0275695537922252E-4,4.446749390962442E-4,1.442937531733402E-4,1.5980241378633334E-4,1.3900581341117315E-4,1.8584142533956593E-4,0.007857389175006,1.488038675932501E-4,1.8580810164287875E-4,3.360815631422438E-4,1.8467514133778788E-4,4.3180989114899933E-4,0.0013224707787187573,0.003938891325150467,0.0015330555970280073,1.0218587848041343E-4,6.717549916287352E-5,1.363841167311329E-4],[0.0018727418405754268,0.0015627122706419147,7.78833069542657E-4,0.001308809752975095,0.0012024933332010195,0.009010573536820528,0.0014116877546714464,0.0018904233108286467,0.025334459415582954,6.839481739709393E-4,5.889616493565342E-4,1.0,7.172227459987537E-4,9.681856326020557E-4,0.0016879601335179214,0.0023754619178409583,8.079989479873636E-4,0.0032302782150476555,0.00143485077837776,0.001269593430414267,0.0012923836359407348,0.0017090071455052407,0.0012204713654614101,0.0016382190058429876,0.0010848644832219493,0.0017568601978671379,7.114619208070207E-4,0.0018672374109712135,0.00808209031818194,3.7971426441395424E-4,0.0017867484625119943,0.0016781136064529412,0.0035978436187261683,0.001033092585939156,0.001335262964429876,5.265702377218781E-4,0.0014774445557393433,0.0012787381416312932,0.002669935010210787,0.002482882821167941,0.01604391301563033,0.003988961677923038,0.0014504968800971383,0.0017215999338799004,5.294625305880907E-4,0.0012911755858957198,0.0018735478770094197,0.0014949156985204822,0.004804313611786246,9.341440876762692E-4,0.007679412772002346,0.0020286352880087366,0.0012451793962845892,0.002133913117411769,0.0018777336831484275,0.004292987756024157,0.002581619037185676,1.595492354317407E-4,0.0015486115401426232,0.0013695199734788579],[7.173002955346195E-4,8.110751602641197E-5,9.332410501818698E-5,1.2727040849384568E-4,1.3096224271415076E-4,0.009302643854397946,7.287792036184938E-5,7.317746965817492E-4,0.008491749532693866,1.2270190726236825E-4,1.3278432892088857E-4,7.172227459987537E-4,1.0,1.2457009468525308E-4,9.711285903673469E-5,0.003959722913634753,1.4010429269232318E-4,0.005785513394043744,3.3027089761222016E-5,2.1101635232279736E-4,2.728772294612112E-5,0.001176349879893246,8.971546645287717E-4,4.6596904175849336E-4,2.8379829320376604E-4,3.592844174360424E-4,2.2175637400794547E-4,0.0012320143766214675,0.01163724392086421,2.410440411439726E-4,1.347980278916271E-4,1.2733337267870583E-4,0.008105367822222697,1.3939483216340246E-4,1.91723451958043E-4,8.263502943954838E-5,1.0601130745765131E-4,2.1547194602430825E-4,0.002535971130017336,0.002387031005121065,0.002314690579677765,0.003191080677644051,2.2765141064374415E-4,8.204694294746675E-4,1.377674061627485E-4,2.5517600335769826E-4,1.0921160331337423E-4,1.5802704834971706E-4,0.005431986891138996,1.3910253067340853E-4,2.4826631544151104E-4,0.0014654909736287155,1.6712953326448852E-4,8.425690327194895E-4,5.525802332648459E-4,0.0016759368714367926,0.001592277870196047,3.3864503508156196E-5,8.755052729571202E-5,1.2170577728075762E-4],[0.0012822394843286526,3.5468456512013826E-5,9.521731474599948E-5,6.965262145860271E-5,1.1180632079219492E-4,0.009687650623760367,8.395669605274873E-5,0.0016299660543960723,0.0052507352353271105,4.4193158584952626E-5,1.4146361925271474E-4,9.681856326020557E-4,1.2457009468525308E-4,1.0,3.484171957648331E-5,0.0024244871234552832,2.4792094026636455E-4,0.005034650656546622,2.7717249199654733E-5,1.750214337914388E-4,5.130351691481913E-5,4.77959595376566E-4,6.591275808292155E-4,5.817119118501482E-4,3.118411719825344E-4,0.0010987650825672157,1.9235916921166038E-4,2.4623172155359294E-4,0.002317794853269713,2.354392991258339E-4,1.2966882136118652E-4,1.1570566559462028E-4,0.006870962481229403,1.749988482705139E-4,1.6265890388556905E-4,9.402337151222549E-5,4.093768807562964E-5,1.1422212907724609E-4,0.0010350229872449644,0.0010353517380741098,0.00805831814054239,0.002936596333818607,1.911560295598012E-4,9.16856933351659E-4,1.369313446904484E-4,2.8306915085721707E-4,1.0832265585079817E-4,1.8582377437226824E-4,0.015201763362436022,1.8227974759243304E-4,0.007730353327203691,1.4758946520572968E-4,1.954113127998966E-4,2.0456609133494063E-4,7.288335414336873E-4,0.0011085020009027281,0.0012179959495783553,7.491285801206858E-5,1.0268270885325546E-4,1.1611143473238879E-4],[0.001768109257730641,1.2344612576921084E-5,1.6016498006205346E-5,1.3733130931895826E-5,8.792993828839864E-5,0.009061964882902313,5.171026515791717E-5,0.0015139755923563676,0.0223693793953195,1.0648382009461612E-5,9.027214074115885E-5,0.0016879601335179214,9.711285903673469E-5,3.484171957648331E-5,1.0,0.0032742743991293717,2.433475553503137E-5,0.00372549518959852,1.1697837371080741E-5,1.5961793505639315E-4,1.1676928798757964E-5,2.0371070671420423E-4,8.984405507307934E-4,6.448539579199913E-4,3.503769658368312E-4,3.421793887233489E-4,2.232861582858646E-4,5.339480282777626E-4,0.015957540508261762,1.4808930243859986E-4,8.01445180162167E-5,7.163615542217081E-5,1.9233876244055084E-4,1.8202698483970134E-4,1.8759100253297264E-4,3.348590309958823E-5,1.3216069016871425E-5,5.899851528230129E-5,0.0016904242816215289,0.0015707140027926912,0.003953239272442775,0.0037985837510393435,1.1996480103682862E-4,9.214326605904745E-4,3.7089578374318196E-5,5.187896058772236E-4,8.230565288734112E-5,1.892451902352156E-4,0.012042174409446276,1.8284373584167332E-4,0.010593127286491809,0.0013744478925251245,2.1598159034128298E-4,3.741822408744171E-4,3.421157952571576E-4,0.0014015736009729243,0.001476531636211898,1.9375011748119913E-5,3.38896575963989E-5,5.1604080037422676E-5],[0.0026489924921016725,0.003856380929574784,0.0016599253215002585,2.506686100508308E-4,6.597502127780723E-4,0.008395678784760361,0.002560927946740529,0.0022129571038956323,0.021058268299905522,8.792788604946043E-4,0.0020621721968347487,0.0023754619178409583,0.003959722913634753,0.0024244871234552832,0.0032742743991293717,1.0,0.0012815999389950037,0.012016884313069836,2.476999623904428E-4,0.0035289886721535327,0.0013629313400596722,0.0017729801806485423,0.003017029811369175,0.002001263517287118,0.0023418748386139997,0.0026783091454948473,0.0016925406335874856,0.0017543774201598614,0.007265404570660217,0.002754588022219428,0.0015369010647540069,0.003903152528268622,0.008261353325486989,0.0022241989321739038,0.003950852550734009,0.003037933307980889,0.0038449754401411545,0.0018055010813283264,0.003353328505807677,0.0035745030525714807,0.013766549839609864,0.004178952508220052,0.0025548374072298626,0.004129403104563577,0.0027131243018390224,0.002686213062146387,0.0012542794362386646,0.0019076048013918275,0.013304281225924298,0.0032285200643304376,0.005421287196838502,0.0032856613179415265,7.679037897560637E-4,0.0037161497961574258,0.0019653938520458086,0.004377613095959646,0.003823609332892175,0.0014304747134044123,0.003650328556990244,0.002173051505630008],[0.0013384155566434136,9.87389748403248E-5,2.3711573255013986E-4,6.072980060868421E-5,2.520662240769176E-4,0.0200816588342136,2.314550609484899E-4,0.0010138268809498365,0.017435948299360803,1.3899358587514448E-4,1.6748179994087459E-4,8.079989479873636E-4,1.4010429269232318E-4,2.4792094026636455E-4,2.433475553503137E-5,0.0012815999389950037,1.0,0.0026001802814963823,3.26789418848145E-5,2.5374136890210985E-4,6.62434075882631E-5,4.4343806810342946E-4,6.078370938713312E-4,0.0010237604123020795,3.5479562319213134E-4,0.0011658575564425146,2.4447713056349323E-4,8.352265138967576E-4,0.008750850521224079,2.7302311807258855E-4,2.54492986694747E-4,1.3016135800491136E-4,0.004686508891314256,2.396016798610125E-4,2.2195003408877038E-4,2.0399422132293907E-4,1.3553618351071106E-4,2.662107864843244E-4,0.0010498988364890378,0.0017222812774906294,0.012058580445591462,0.0011455107050041807,2.705303139209439E-4,9.37646936451969E-4,2.5677574340812856E-4,9.791799110214204E-4,1.2574829389447016E-4,2.4231082032888027E-4,0.016780657461058415,2.2491124190356535E-4,0.004133818135337226,3.949450806899326E-4,2.727350628089025E-4,0.0017171610665410318,7.008660280331566E-4,0.0014482333921550378,0.002139751918819863,2.5607178346482315E-4,1.8794226155423855E-4,1.7391991524443742E-4],[0.009533277974754749,0.005237461210434121,0.010738071756480191,0.0035247823722427433,0.0069711252636826294,0.020142086850221633,9.472331421574693E-4,0.005402181240628981,0.021435205333118476,0.006033680347302208,0.008514773508465379,0.0032302782150476555,0.005785513394043744,0.005034650656546622,0.00372549518959852,0.012016884313069836,0.0026001802814963823,1.0,0.010488151134471975,0.006396735377730841,0.018583998852054282,0.007845992441549142,0.013311470223363438,0.012795234690004738,0.017792332104979092,0.015047010815466895,0.0054473378778181715,0.00956152286902809,0.018512749357515422,0.007006075190742519,0.0067899810664411265,0.0077589319994322906,0.017852313777502935,0.012364121458265645,0.0035560022923746518,0.01824156467037805,7.365416622822442E-4,0.010278031679308545,0.01754305648887637,0.01658909088260286,0.01793296109206867,0.009653799831660658,0.014685471342138367,0.001540061808627057,0.008440682924167168,0.012141153014503372,0.005797165719620906,0.009163095089752682,0.01843812839416609,0.01634266413446819,0.014750659564745118,0.0038443869521953182,0.011141773583711377,0.018019948148180438,0.01454229236741723,0.008997706528069532,0.004422910704979457,0.007863457078267796,0.004698512161968951,0.014109781012075844],[4.791154034730645E-4,1.272526101922732E-5,2.1224333215693653E-5,3.479053886569685E-5,5.638050924656891E-5,0.016163190651458097,4.664429041318927E-5,0.0016596075666497165,0.02486706129938234,1.2061400047194688E-5,8.295911577537045E-5,0.00143485077837776,3.3027089761222016E-5,2.7717249199654733E-5,1.1697837371080741E-5,2.476999623904428E-4,3.26789418848145E-5,0.010488151134471975,1.0,3.525388866202258E-5,1.2807379754257689E-5,4.581988593869031E-5,1.4540518416557304E-4,4.876791506001097E-5,3.4686584229366604E-4,1.855177429695077E-4,1.8717010771251332E-4,0.0012430487383291247,0.009280301673139603,7.23689042101635E-5,1.0268953884534498E-4,4.224949801173363E-5,2.1429439231687665E-4,1.1366155913139245E-4,4.0722742250895994E-5,4.759494954215547E-5,2.0651208026422764E-5,9.019200784896001E-5,8.143505184862425E-4,6.471930117681903E-4,6.01099751809876E-4,0.003626236932833751,5.027998616868496E-5,1.8825458834030598E-5,1.4093045899800748E-4,4.4524240727686413E-4,2.7825972889494137E-5,6.956662914238412E-5,0.00850415367358512,1.4157393362697102E-4,0.00535888697036822,0.002955180452389584,1.5512703035358138E-4,9.437942571304572E-4,3.9598313347479863E-4,5.74905502541567E-4,0.0010518745183380627,1.954166705859892E-5,3.5007062588906645E-5,7.364616757881265E-5],[0.0012126256759367048,1.8826950093430396E-4,1.6622958174545064E-4,2.1081892724662973E-4,1.4750996890559203E-4,0.017897783713909033,2.1431175863664706E-4,2.815151463690591E-4,0.01044127220350487,1.3822021042287543E-4,1.811853489001521E-4,0.001269593430414267,2.1101635232279736E-4,1.750214337914388E-4,1.5961793505639315E-4,0.0035289886721535327,2.5374136890210985E-4,0.006396735377730841,3.525388866202258E-5,1.0,8.618102166899964E-5,0.0011056701204488978,0.0010235413836560084,9.610281214610679E-4,3.3758851964654183E-4,0.0012263904964640456,2.368736063911975E-4,2.906830112541945E-4,0.011074503091536592,2.3875575375377657E-4,1.9274608705952838E-4,2.2132395734356835E-4,0.004353582721229902,2.0444425734453535E-4,2.279050352682177E-4,1.8346644097089358E-4,1.7429988339857683E-4,2.3497813799444112E-4,0.0025621429398454414,9.737685939185376E-4,0.003364300933408583,0.0011883379332445476,2.322547849784846E-4,8.062618698454314E-4,1.6237795136363824E-4,0.0010244316912123039,1.1035659449264139E-4,2.2262663100948237E-4,0.0077712953546807085,2.2412366733712838E-4,0.00198598318576152,0.0013488270605301104,2.4270964278024304E-4,0.002108069836455964,0.0016526954353825918,0.003174705365268,0.0019419054289637097,4.406314602897396E-5,1.183129371195699E-4,1.5840409242495404E-4],[1.5170711716048965E-4,1.2646022040408304E-5,2.8565228958209737E-5,1.3544671067173926E-5,3.2258511731204275E-5,0.001863232816162409,2.4741427844273226E-5,3.49938121926347E-4,0.024556881465826495,1.0771520201285821E-5,1.1741386475155074E-4,0.0012923836359407348,2.728772294612112E-5,5.130351691481913E-5,1.1676928798757964E-5,0.0013629313400596722,6.62434075882631E-5,0.018583998852054282,1.2807379754257689E-5,8.618102166899964E-5,1.0,9.974670680582439E-4,3.7564713356258705E-4,1.3619354935389273E-4,3.614940224383658E-4,8.308761730972201E-4,1.1675933527652852E-4,1.442223289354015E-4,0.006818157290468076,4.9054806082353733E-5,4.63227621681437E-5,7.278477948580438E-5,0.00678261407616192,1.676465256711678E-4,9.173196693031742E-5,4.9041146450308796E-5,2.5384280005293345E-5,1.1203678418559757E-4,0.0014652618204375658,0.0022467385122501835,0.014352357090703129,0.0021211459802975862,1.6592985107723675E-4,2.1433149417418853E-4,7.917549929335957E-5,3.662796290396347E-4,9.711100097015767E-5,8.207456347054563E-5,0.004647148129833281,5.75564363683968E-5,0.008523156523044242,0.002937149111604841,1.4272797918036978E-4,0.0010315180531913532,8.357963230723936E-4,0.004101566901408905,0.001929753536525547,2.4308096327387417E-5,1.5669801828476827E-5,2.9933373228388793E-5],[0.0017622127145442592,3.3313408440454877E-5,3.3067597491047706E-4,7.176909521391824E-4,7.03352306341793E-4,0.002631744617922151,0.0011763447796456596,0.0017603413899653147,0.008131207894994828,3.219355750040864E-4,2.043641336740917E-4,0.0017090071455052407,0.001176349879893246,4.77959595376566E-4,2.0371070671420423E-4,0.0017729801806485423,4.4343806810342946E-4,0.007845992441549142,4.581988593869031E-5,0.0011056701204488978,9.974670680582439E-4,1.0,0.0012422714671813725,0.0014863392617136047,9.950638396896297E-4,0.0013508794359838587,6.538701337295079E-4,0.0014757522332569284,0.011338578371039036,7.991317807153288E-4,8.075217731699757E-4,0.0011781369662562198,0.004018513945026921,3.1783160497721803E-4,5.372421632580165E-4,5.025191238924311E-4,8.99181583721791E-4,0.001027562833351395,0.0017795542743034019,0.0015324013506024957,0.007364230511915612,0.003394237628530244,0.0014728596755315742,0.0015032679840312644,5.356873063276197E-4,0.0013021556232330818,1.3794055420821594E-4,2.1560110786752204E-4,0.01689138411865255,9.785348823397968E-4,0.00686254594396961,0.00227155118201705,2.570945013143218E-4,0.001804026875700589,0.0015248292559971225,0.0026076627266411155,0.0015577015970813903,0.0011700601646358242,8.222322921539865E-4,0.0010198188637096967],[0.0013435285292945573,5.924603266528341E-5,6.646320073747822E-4,8.145397306576687E-4,6.923146266070753E-4,0.014150643917170993,6.718483365810825E-4,0.0013344962883904271,0.022863525891984905,6.953301568552345E-4,3.440388155723209E-4,0.0012204713654614101,8.971546645287717E-4,6.591275808292155E-4,8.984405507307934E-4,0.003017029811369175,6.078370938713312E-4,0.013311470223363438,1.4540518416557304E-4,0.0010235413836560084,3.7564713356258705E-4,0.0012422714671813725,1.0,0.001187133787043294,5.852777801062317E-4,0.0011770561621447212,4.1616048131434526E-4,0.0012263604366067298,0.011818205516722784,8.184594753569497E-4,7.915447591917743E-4,3.9068667017170557E-4,0.0037737639936919953,2.8135255949335487E-4,8.308528468674165E-4,0.0011260390018161274,9.170139415655876E-4,8.328111712919254E-4,0.0015129613960933551,0.0019768187566585817,0.008871629012845493,0.0036054221723451434,0.0011222923181441447,0.0011958486316441265,8.136447180363906E-4,0.0011595210857852849,2.61902092152575E-4,2.828732829846286E-4,0.0063340226100307324,0.0010724416526346542,0.009192991326280731,0.0026254535695789004,0.0011284013146595493,0.0017208502791723978,0.0011967287545372903,0.0033886477997021026,0.002301869159350915,2.2387153090853886E-4,1.3460647736777173E-4,0.001122562901220278],[0.0012579305773637505,3.031785296645343E-4,3.909116062038125E-5,5.609237653649085E-4,3.41387514142775E-4,0.012685258048566449,4.4895421690347814E-4,0.001650265477385707,0.004057052106165468,5.135623215334325E-4,2.403064680520428E-4,0.0016382190058429876,4.6596904175849336E-4,5.817119118501482E-4,6.448539579199913E-4,0.002001263517287118,0.0010237604123020795,0.012795234690004738,4.876791506001097E-5,9.610281214610679E-4,1.3619354935389273E-4,0.0014863392617136047,0.001187133787043294,1.0,9.765457135334447E-4,0.0012876675612208332,6.060981617602777E-4,0.001239910805968422,0.0028369650654172266,5.368460758002544E-4,9.381147752049215E-4,2.9373016023966515E-4,0.0031309340775901207,3.74739660774943E-4,2.5589225716955076E-4,0.0011424539245910054,7.036378990075357E-4,7.849236989224738E-4,0.002518630875535131,0.0016102190949973986,0.00797410698695151,0.001301839937737561,3.494524766845807E-4,0.001216150398536402,7.537694122639198E-4,0.0011755865294099772,5.707975242612828E-4,0.0011393589589808045,0.01057237522831913,4.062665648845855E-4,0.004539704852881625,0.0029437087069820525,6.523097739933838E-4,0.0017422306444742218,0.0016278022563326422,0.0033637049272204826,0.0024722392216102312,1.4311503651358255E-4,7.712120911775106E-4,0.001058816942708097],[0.0010359895746193106,2.906385019834309E-4,3.331452684004369E-4,6.59892125788262E-5,2.7545563119080565E-4,0.020356886823347166,1.6052849643685002E-4,0.001772461998031169,0.025130720568785167,1.0302613135550792E-4,2.9225884693345636E-4,0.0010848644832219493,2.8379829320376604E-4,3.118411719825344E-4,3.503769658368312E-4,0.0023418748386139997,3.5479562319213134E-4,0.017792332104979092,3.4686584229366604E-4,3.3758851964654183E-4,3.614940224383658E-4,9.950638396896297E-4,5.852777801062317E-4,9.765457135334447E-4,1.0,3.817359372033049E-4,2.3801294584503436E-4,7.647530160984292E-4,0.007961240549738615,3.4711073491519064E-4,2.0334663893005955E-4,3.0304531750204787E-4,7.52310337048091E-4,2.3341108262395774E-4,3.0413441765147234E-4,3.4290149386979565E-4,1.0040734171730227E-4,3.017144456724271E-4,0.0020572336569887155,0.002020373223249804,0.012182769058822799,0.0024475806520636383,2.5776755187154857E-4,0.0010950418966118244,2.322557321434631E-4,4.0632176691054046E-4,1.3101702374748738E-4,2.96008700326062E-4,0.0028953588853523446,2.196206774599255E-4,0.001790416512219652,0.0027730386577278286,2.968009779115777E-4,3.7590401612492717E-4,0.0016590356252726046,0.0011484174525341496,0.0015132998306557348,6.0572568448312E-5,1.0809861057815021E-4,2.3510174850750466E-4],[0.0016788266431430339,4.1837238230158814E-4,0.0010679947611747216,7.477406720444383E-5,9.304178755829057E-4,0.010989782104960731,3.3766080199530024E-4,0.0017918573295551557,0.0015600521328470926,0.0012472094214501695,5.057436140704884E-4,0.0017568601978671379,3.592844174360424E-4,0.0010987650825672157,3.421793887233489E-4,0.0026783091454948473,0.0011658575564425146,0.015047010815466895,1.855177429695077E-4,0.0012263904964640456,8.308761730972201E-4,0.0013508794359838587,0.0011770561621447212,0.0012876675612208332,3.817359372033049E-4,1.0,7.002974082831224E-4,0.0012648377075870486,0.008456400720266316,3.81824062414382E-4,0.0010242825243801537,0.0011282234867926657,0.0035745609483819147,8.566555052112944E-4,8.131530922065827E-4,0.0011568024117209637,6.357589273732517E-4,9.416198757780858E-4,0.0018383514114765323,0.0020944508425822165,0.003969576172049043,0.0026755808036969036,0.0010453979614254037,0.0013345828832541935,7.855895151444138E-4,0.001225322161583883,4.937562646180939E-4,3.6682650526374464E-4,0.00942142568134031,0.0012884658404300855,0.009704336674371202,0.0013876074373662891,3.1801859159343406E-4,0.0016559488143636913,0.0016332780529602596,0.0019183528897057786,0.002274411091140695,5.868815936440391E-4,5.706083560874375E-4,1.729086781610794E-4],[0.0012874398379275377,3.5302084487896194E-5,8.82583061260174E-5,1.7011203466177333E-4,1.6785954897787343E-4,0.005906671034688404,1.6921956623731368E-4,6.55335040186967E-4,0.018690960644761914,2.2168477982182643E-4,2.2809660148012862E-4,7.114619208070207E-4,2.2175637400794547E-4,1.9235916921166038E-4,2.232861582858646E-4,0.0016925406335874856,2.4447713056349323E-4,0.0054473378778181715,1.8717010771251332E-4,2.368736063911975E-4,1.1675933527652852E-4,6.538701337295079E-4,4.1616048131434526E-4,6.060981617602777E-4,2.3801294584503436E-4,7.002974082831224E-4,1.0,7.308113370722549E-4,0.0068345483856421295,2.3803522503310404E-4,1.5201206960591707E-4,1.7246500474949584E-4,0.0019944559562576126,2.1310550782348593E-4,2.0223128521451562E-4,2.028988809796237E-4,5.190419185856435E-5,2.3613227233098226E-4,0.0018490939324261764,6.903661526248435E-4,0.012210534183867638,0.0014781033147720467,2.3520993964783082E-4,8.284284052263288E-4,1.9176570041866316E-4,3.257959720452959E-4,1.8039773512023113E-4,2.1943150958560128E-4,0.004217990032851659,2.2895788863475035E-4,0.009729601216763755,0.0013575552055531525,2.4054328101682766E-4,0.0015088149628030597,0.0017481774305741487,0.0023039118670525522,7.068066728752084E-4,5.119029203003624E-5,1.582991235116176E-4,2.002946963816449E-4],[0.0016687564057479435,2.6711571195007003E-4,4.842388091607222E-4,6.056158251696885E-4,3.8340975853665756E-4,0.013929265435416364,5.255717586288265E-4,0.0014348012216779601,0.011833243438631225,0.0011056507460991405,0.0012137937456917014,0.0018672374109712135,0.0012320143766214675,2.4623172155359294E-4,5.339480282777626E-4,0.0017543774201598614,8.352265138967576E-4,0.00956152286902809,0.0012430487383291247,2.906830112541945E-4,1.442223289354015E-4,0.0014757522332569284,0.0012263604366067298,0.001239910805968422,7.647530160984292E-4,0.0012648377075870486,7.308113370722549E-4,1.0,0.005042044745558791,4.4902403552989035E-4,0.0011717643428168201,4.802997325856389E-4,0.0013618625054889425,0.001044840336777554,4.3833429740243473E-4,5.454073855971328E-4,9.773317137273482E-4,4.8421009657384896E-4,0.002755880762357453,0.0024903770632646524,0.010942022137671025,0.003499867001755445,0.0011551426288456566,0.0012457830418208498,7.335110237946155E-4,0.0012473255736278246,4.0901242824614356E-4,0.0010387113062481908,0.007331203487118262,9.922741867025007E-4,0.010416236974839508,0.0017112682996244803,3.8671488282822006E-4,0.001942546379729218,0.0014273248297802495,0.0014336242497942002,0.0023497486275820493,5.6262597359268344E-5,9.230336058267159E-4,1.3389236350561082E-4],[0.015350310266551575,8.307700148963231E-4,0.008353186890138546,0.0027988821350772475,0.010015204862666306,0.020143656660501698,0.014769436909684625,0.01101446546308215,0.016664452942863082,0.007628978466810294,0.007416713897991007,0.00808209031818194,0.01163724392086421,0.002317794853269713,0.015957540508261762,0.007265404570660217,0.008750850521224079,0.018512749357515422,0.009280301673139603,0.011074503091536592,0.006818157290468076,0.011338578371039036,0.011818205516722784,0.0028369650654172266,0.007961240549738615,0.008456400720266316,0.0068345483856421295,0.005042044745558791,1.0,0.015687434733995982,0.014643206400748884,0.0033363436093016485,0.013706517386114156,0.012053416296984844,0.0010276257364458836,0.01463800733490791,0.011445838387317712,0.016113309253418372,0.012384751139795806,0.004718070108818798,0.017581487975596798,0.013910960830988958,0.009410503497551093,0.004906169460080451,0.008969110040244449,0.012452185216370221,0.005374380281435123,9.799627073637659E-4,0.016748166574828867,9.560672399330232E-4,0.01408747988718729,0.009830148894719323,0.003774872682877514,0.007712712708805776,0.014979199878727745,0.016110875391643964,0.007885629711286268,0.003881136964862856,0.002042403017006069,0.0037731652372028786],[0.0015024036980487692,1.0471022765313918E-4,2.3287285473151697E-4,1.5938841879456784E-4,1.5471817308559602E-4,0.006526957605360223,1.6836622276310194E-4,0.0015597876257836371,0.00609850498882648,1.38612179528013E-4,2.0966950090718563E-4,3.7971426441395424E-4,2.410440411439726E-4,2.354392991258339E-4,1.4808930243859986E-4,0.002754588022219428,2.7302311807258855E-4,0.007006075190742519,7.23689042101635E-5,2.3875575375377657E-4,4.9054806082353733E-5,7.991317807153288E-4,8.184594753569497E-4,5.368460758002544E-4,3.4711073491519064E-4,3.81824062414382E-4,2.3803522503310404E-4,4.4902403552989035E-4,0.015687434733995982,1.0,2.3033903115061955E-4,1.3476165890184563E-4,0.007867820620176215,2.315515183489753E-4,2.01707022473301E-4,2.0151211351959871E-4,1.7252794995425213E-4,2.2819282749780536E-4,0.0013355902924571399,0.001751110396458025,0.008670600073237151,5.058640284966518E-4,2.3010065340481608E-4,8.934197663666971E-4,1.4806694837782883E-4,7.58430312230488E-4,1.2512923683470688E-4,2.036100875462536E-4,0.014086624684209648,2.1776758196572027E-4,0.0023241313671857524,5.33543335498283E-4,2.427088283228316E-4,0.0018474112248917113,0.0015730417138912767,0.0015373109077696037,0.001749006590872138,1.4203667666756273E-4,2.067424472803944E-4,2.3497156116344796E-4],[2.2856580636657965E-4,3.42041240899254E-5,1.317770826051203E-4,6.482095284358777E-5,1.3070677817380005E-4,0.01723514477531891,8.357409007143449E-5,0.001773290734275863,0.00792494922526542,1.5789015887551085E-5,1.415728904373738E-4,0.0017867484625119943,1.347980278916271E-4,1.2966882136118652E-4,8.01445180162167E-5,0.0015369010647540069,2.54492986694747E-4,0.0067899810664411265,1.0268953884534498E-4,1.9274608705952838E-4,4.63227621681437E-5,8.075217731699757E-4,7.915447591917743E-4,9.381147752049215E-4,2.0334663893005955E-4,0.0010242825243801537,1.5201206960591707E-4,0.0011717643428168201,0.014643206400748884,2.3033903115061955E-4,1.0,1.2218483803826482E-4,0.004703636597269417,1.6659152371070062E-4,1.5118306883714962E-4,1.2799147943352965E-4,8.31907001750743E-5,1.753993158863915E-4,9.798017751081497E-4,8.3222886360645E-4,0.001246175858359255,0.0016733588006827196,1.9228086554028427E-4,0.0010004214148523671,1.439642498745782E-4,9.402241510769164E-4,1.2134261550928624E-4,1.6146072144933426E-4,0.00462691493044405,1.5884187157033577E-4,0.010603352337709687,0.002095341147474356,1.8021109872088715E-4,0.002221426435768369,3.1622083420091427E-4,0.002447138934822322,0.0014942492840675098,8.10285074605299E-5,1.0655783751585931E-4,1.3687281535982218E-4],[0.001089168630844703,9.791139790188877E-5,1.1384121283335704E-4,6.01478704958317E-5,1.1644156724478546E-4,0.011988646574390879,1.1833772604267783E-4,0.0016740299697290632,0.008763907790021175,3.050751246448555E-5,1.2988637140459809E-4,0.0016781136064529412,1.2733337267870583E-4,1.1570566559462028E-4,7.163615542217081E-5,0.003903152528268622,1.3016135800491136E-4,0.0077589319994322906,4.224949801173363E-5,2.2132395734356835E-4,7.278477948580438E-5,0.0011781369662562198,3.9068667017170557E-4,2.9373016023966515E-4,3.0304531750204787E-4,0.0011282234867926657,1.7246500474949584E-4,4.802997325856389E-4,0.0033363436093016485,1.3476165890184563E-4,1.2218483803826482E-4,1.0,0.0013598430833939871,1.4469838053005128E-4,1.2841368073148796E-4,8.62077430833