[[1.0,0.0011548593674471992,5.423928647375849E-4,1.5286242229023097E-4,0.002394603625596715,3.9924561552747437E-4,1.3035170085812055E-4,7.956929248316466E-5,0.0014587687679733625,1.0634807290545396E-4,9.446247760540205E-5,1.518875440893904E-4,1.5499612609799215E-4,1.277120061829679E-4,3.663023458883705E-4,4.177884617483407E-5,8.433735908575698E-5,1.1897583032407564E-4,1.4466154779715372E-4,1.271968878808428E-4,1.3119673766009984E-4,0.010773646051028369,3.900033297783603E-5,1.391044177832747E-4,1.3588415504617253E-4,3.081814963134769E-4,4.5419564138337416E-4,0.0010221165886964928,5.4210219641583415E-5,1.3971507842077473E-4,3.7422533885960536E-4,0.0025382371993406404,0.008906993206231817,1.5277738568307027E-4,1.374858377105605E-4,1.5898714576397535E-4,0.011757642468343949,2.049148962552722E-4,4.5951425967095917E-4,6.2003552684376E-4,0.0035166900779217474,8.225218006368948E-4],[0.0011548593674471992,1.0,0.0014219700369758098,6.974175350615466E-4,0.0017630866584326245,0.0017000885905457312,9.960319799018483E-4,0.0012078762584753655,0.002038720192602572,0.0010147943745266441,9.970870837183175E-4,0.0015786171878657408,5.119490773718528E-4,0.001127544731229706,0.0016338014413691793,0.0012777305293493473,0.001101237187224582,5.538258582603464E-4,9.715783294367726E-4,0.001275876673826603,9.027522218069909E-4,0.0065444694175858815,1.3914799121816227E-4,9.538929037311007E-4,0.0013489127309027282,0.0016346715658061108,7.835124522727862E-4,0.002030703958049639,0.0011060722667907742,6.696733732823586E-4,0.0015820772011763866,0.0022202581059171094,0.016705421260749358,7.615370122632143E-4,0.0011342188096767063,0.0012076869273914808,0.025412738980488844,0.0010285428112330015,0.0014679803592708102,0.0017760111321624612,0.0019986640753756344,0.001723415321807977],[5.423928647375849E-4,0.0014219700369758098,1.0,2.443012609731784E-4,0.0017614655473914738,6.650702945853559E-4,2.8175399689416746E-4,5.607073690486169E-4,0.0010378081996274262,7.991924650903207E-4,4.3391519096943183E-4,4.3691396323687506E-4,5.136820319860227E-4,2.885531254069632E-4,0.0012674370129004556,4.533610069811338E-5,5.016768787194068E-5,6.674855108387291E-4,2.300919919075987E-4,7.563105803989682E-4,5.18446311671357E-4,0.009257563499171844,5.460156837823349E-4,1.888171943259801E-4,6.891397179033563E-4,6.910308604686633E-4,7.815305887592454E-4,0.002016631603725564,7.164025391143219E-4,6.772844504780427E-4,4.444694457867815E-4,9.058955224740182E-4,0.004005421108273508,5.161671693670978E-4,6.148209130553566E-4,3.5616998556903967E-4,0.01367836242448899,6.355248445519204E-4,9.765068839448131E-4,0.002127591582811507,0.001174376923155498,0.0011894106140433282],[1.5286242229023097E-4,6.974175350615466E-4,2.443012609731784E-4,1.0,0.0030040486326907223,3.8013013826909914E-4,1.675526014809265E-4,7.02992349081611E-5,0.0032159408122476732,1.811004706046573E-4,3.3887301171802737E-5,1.9113564998516543E-4,1.9607155060970285E-4,1.939074633241765E-4,0.0010608018453270003,1.4911643361262007E-4,5.8242462102937115E-5,1.9398800832890536E-4,1.8722554106030643E-4,1.359501285467154E-4,1.7900452126991801E-4,0.006594960997857217,8.829370522661867E-5,1.8934639902160725E-4,1.9825252612229032E-4,3.089213299961548E-4,3.728478837747833E-4,7.872395258005538E-4,4.134432650252021E-5,1.6432867927617357E-4,3.204096312947978E-4,6.744502321495275E-4,0.01929343757534423,2.1496813492909741E-4,1.5423190538951757E-4,2.0091776923290256E-4,0.02497802958847839,2.0483918831124071E-4,2.6115804409222986E-4,5.099421741751153E-4,0.0015565602309610585,0.0012557152978336116],[0.002394603625596715,0.0017630866584326245,0.0017614655473914738,0.0030040486326907223,1.0,0.0025053354634796982,0.002574695732180347,7.693018851815739E-4,0.003498420798462417,0.0028575021350428073,0.001717471273854906,0.001019415652483953,0.0023146009013517714,0.00334331698875629,0.0018547017080987414,0.002111952738758325,7.496039778996589E-4,0.002841043262903346,0.0016840984102083803,6.422933345630256E-4,0.003348835275128064,0.003943269261466982,6.698659141803935E-4,0.0017714096601531453,0.001375107136378242,0.002764504284534352,0.001865171349179779,0.0028691861485067006,0.0018340368483858935,0.0012199502665213803,0.0030403142006441824,0.0033877082269011933,0.0131725850366598,8.810287605857197E-4,0.0023377927428097963,0.0024069277002490945,0.034978027290466694,0.0026175193802176694,0.0024294056974734843,0.002623387404075261,0.003494594516654666,0.002905260197529648],[3.9924561552747437E-4,0.0017000885905457312,6.650702945853559E-4,3.8013013826909914E-4,0.0025053354634796982,1.0,1.9139209003736295E-4,3.940274733461034E-4,0.003532021401530495,1.1813085284614745E-4,3.49620609380435E-4,3.497699148158449E-4,2.903263001533281E-4,2.813774249547146E-4,0.0012162735806310328,2.547621093218484E-4,1.5360475845860937E-4,2.268275570499536E-4,2.3009221911013454E-4,2.5875408988420277E-4,2.4138439446840722E-4,0.008992533821898224,2.0678600645606133E-4,3.3941538732771084E-4,2.9211857349756266E-4,3.340473282271909E-4,5.366761864045244E-4,7.692803182980427E-4,3.991976467126705E-4,2.8746801422305257E-4,4.2950149068342016E-4,0.0015497008214404968,0.017155191810732807,2.337734797169362E-4,3.805559144857512E-4,3.860772849344198E-4,0.027544196438842868,3.589491968985074E-4,8.908178316966265E-4,0.001212536862005701,0.0030637135166125336,0.0012831617688089736],[1.3035170085812055E-4,9.960319799018483E-4,2.8175399689416746E-4,1.675526014809265E-4,0.002574695732180347,1.9139209003736295E-4,1.0,9.006361890351783E-5,0.0017311949171208605,1.199044099121409E-4,3.051912744370012E-5,1.65634085158386E-4,1.8112554928748092E-4,1.4701320227342363E-4,0.001182281123605585,1.27284127798251E-4,8.48230860309647E-5,1.1588099261572591E-4,1.6707600635848614E-4,1.4252944303425643E-4,1.528079186716498E-4,0.004351383000853623,7.410312491162151E-5,1.6946719996838226E-4,1.556905778014858E-4,2.329096962626846E-4,5.543568810449127E-4,2.964518495773159E-4,1.444268412144853E-4,1.5187528454476234E-4,2.9278378653244694E-4,0.002015550845030975,0.002675647590409949,1.9455593441349567E-4,1.4820177051338951E-4,1.9675821082877046E-4,0.006596322623569025,1.799226920802908E-4,0.001008256030563318,0.0020448169053176187,0.0035499246305539726,6.478913799524547E-4],[7.956929248316466E-5,0.0012078762584753655,5.607073690486169E-4,7.02992349081611E-5,7.693018851815739E-4,3.940274733461034E-4,9.006361890351783E-5,1.0,0.002309147633948296,5.254763984796561E-5,3.6171421698316474E-5,1.5043551404416133E-4,1.910502508897506E-4,1.1468396238937427E-4,7.196561678383646E-4,3.68600689844323E-5,4.347621036295263E-5,7.12276128744312E-5,9.515996409534212E-5,7.830667442972849E-5,1.2178277999277459E-4,0.009410430770816472,3.083687883109341E-5,1.7744950999604544E-4,7.22947015032225E-5,3.2973898287937196E-4,3.594107731044005E-4,5.294723941538217E-4,2.6177660128824698E-5,1.0639406796808347E-4,3.8508087529587077E-4,0.0023482888285580867,0.007890750509028106,1.1387661591942585E-4,1.1498369187424296E-4,7.570128324370838E-5,0.01961456053909028,1.111406061867814E-4,1.4670364768423202E-4,0.0021045305049944094,0.0014177739189899668,5.887885089275267E-4],[0.0014587687679733625,0.002038720192602572,0.0010378081996274262,0.0032159408122476732,0.003498420798462417,0.003532021401530495,0.0017311949171208605,0.002309147633948296,1.0,0.002675526780324502,9.922927867774818E-4,0.002438186907449446,0.0019159996489264194,0.003723464713193208,0.001512392117840815,0.0010457425967014915,5.115701039432306E-4,5.541930677309974E-4,8.589087200068247E-4,5.397682040208529E-4,0.0013225376527664253,0.004455715563126067,2.167209682586366E-4,0.0021615206822207488,0.0011300851342837253,0.0021334457605164865,7.622947049493068E-4,0.0037645265116968913,0.003084499576156559,4.3718904011766954E-4,6.041479125743834E-4,0.0035842440864548657,0.0059647443468747174,0.0016587133650541798,8.689051728938527E-4,0.0023933336760011783,0.008614595526033199,0.0019592185737962106,0.0030797041161954534,0.003789814429164535,0.0039010606848192413,0.002932886843386528],[1.0634807290545396E-4,0.0010147943745266441,7.991924650903207E-4,1.811004706046573E-4,0.0028575021350428073,1.1813085284614745E-4,1.199044099121409E-4,5.254763984796561E-5,0.002675526780324502,1.0,2.532312697828552E-5,1.7242741753520303E-4,1.6893141989387026E-4,6.612588630172696E-5,0.0013796309781112963,3.637912372463035E-5,2.6783325006653373E-5,5.4780465156359435E-5,1.3983740731816208E-4,1.0341230598211864E-4,1.4508049334190461E-4,0.004486309988960151,2.687980669466108E-5,1.4170618495393546E-4,9.335135577438941E-5,1.9198804567557154E-4,4.615259913588885E-4,0.00198670447518403,3.059785493085402E-5,1.4559813659888721E-4,1.7667679088969598E-4,0.0011007411406392879,0.01725380766691014,2.0422999990473632E-4,7.135939212798173E-5,1.432481555059234E-4,0.02767297848185429,2.0106379619399227E-4,9.471735134193802E-4,8.692303048217849E-4,0.001216060690546917,2.995606547473023E-4],[9.446247760540205E-5,9.970870837183175E-4,4.3391519096943183E-4,3.3887301171802737E-5,0.001717471273854906,3.49620609380435E-4,3.051912744370012E-5,3.6171421698316474E-5,9.922927867774818E-4,2.532312697828552E-5,1.0,1.2021340653989463E-4,1.2746166085238705E-4,1.2039179323641105E-4,1.447375817749657E-4,3.251507063779392E-5,1.926494850819218E-5,7.131031985694938E-5,1.0262782706500072E-4,6.914902980023381E-5,7.398305867982535E-5,0.006058259464852426,2.0722367184044552E-5,4.0795355896989144E-5,1.5655533808472215E-4,1.8281945225029705E-4,2.7446269108847594E-4,3.9080747355823783E-4,1.9386260556149604E-5,3.581903002222322E-5,2.0745308229699823E-4,0.002208919307971657,0.02373630866028929,1.9249181157752126E-4,5.7341200551321676E-5,9.465374499699324E-5,0.026268305641575236,2.0438003267886755E-4,2.5630547873317536E-4,0.001712795410470115,0.0018323601418575011,7.331446597888076E-4],[1.518875440893904E-4,0.0015786171878657408,4.3691396323687506E-4,1.9113564998516543E-4,0.001019415652483953,3.497699148158449E-4,1.65634085158386E-4,1.5043551404416133E-4,0.002438186907449446,1.7242741753520303E-4,1.2021340653989463E-4,1.0,1.9216855346338902E-4,1.8286944008756378E-4,7.107156672682889E-4,8.534472753072756E-5,3.45460154684964E-5,1.4148750921125572E-4,1.867243248623295E-4,1.7620947248713517E-4,1.7110994131906728E-4,0.005070678234762369,2.5077015785410316E-5,1.8210106975037298E-4,1.8754250167370682E-4,2.2115901836380734E-4,3.6994247437063604E-4,0.0015809115946720882,7.427389277108242E-5,1.7627337283017644E-4,2.9504145665939716E-4,0.0025195860993955563,0.013380032548800273,2.1361291063649944E-4,1.7318093295839868E-4,1.9015867681270387E-4,0.033581278603188686,1.9512317597415415E-4,0.0013053325367907616,7.003810558083276E-4,0.0029525939473147166,0.0016378464306623475],[1.5499612609799215E-4,5.119490773718528E-4,5.136820319860227E-4,1.9607155060970285E-4,0.0023146009013517714,2.903263001533281E-4,1.8112554928748092E-4,1.910502508897506E-4,0.0019159996489264194,1.6893141989387026E-4,1.2746166085238705E-4,1.9216855346338902E-4,1.0,1.8570837171322151E-4,8.700401561683062E-4,3.914795356686919E-5,3.1374765278999176E-5,1.2260598683953635E-4,1.8597003048544727E-4,1.9185558834640984E-4,1.662544993598893E-4,0.005012626915086518,1.8906501235074497E-4,1.9324642347091223E-4,1.951010122708259E-4,2.1777016704053768E-4,4.432626579802034E-4,2.764998750569881E-4,1.9095430703872053E-4,1.8123081275741708E-4,2.4072778654388464E-4,0.00253073750149829,0.012647431054316663,1.9572105792122038E-4,1.8285809815371496E-4,1.9946916611273113E-4,0.029602911971066542,2.014058723247971E-4,5.994706523068091E-4,2.05799983565114E-4,3.727137518442944E-4,0.0010700332184603854],[1.277120061829679E-4,0.001127544731229706,2.885531254069632E-4,1.939074633241765E-4,0.00334331698875629,2.813774249547146E-4,1.4701320227342363E-4,1.1468396238937427E-4,0.003723464713193208,6.612588630172696E-5,1.2039179323641105E-4,1.8286944008756378E-4,1.8570837171322151E-4,1.0,2.1101137707162803E-4,8.585214433684608E-5,1.423680227284366E-4,1.2025560495583347E-4,1.5110321297613595E-4,1.3641527686335998E-4,1.5153563784158825E-4,0.007561789095143852,2.1611500942658445E-5,1.741253219531555E-4,1.5439355395184298E-4,1.9125258507126636E-4,5.629901174465976E-4,0.00187278581072837,9.3745018207518E-5,1.522799503162869E-4,4.310001107756432E-4,0.0016627334409981796,0.004744756825073276,1.4996394237885003E-4,1.388168829095281E-4,1.6380152515393495E-4,0.03261768864637957,1.5707840123545372E-4,6.955480775924006E-4,7.346134827123311E-4,8.4454868597956E-4,0.001477360926149711],[3.663023458883705E-4,0.0016338014413691793,0.0012674370129004556,0.0010608018453270003,0.0018547017080987414,0.0012162735806310328,0.001182281123605585,7.196561678383646E-4,0.001512392117840815,0.0013796309781112963,1.447375817749657E-4,7.107156672682889E-4,8.700401561683062E-4,2.1101137707162803E-4,1.0,3.797366504775334E-4,1.938506324250895E-4,0.001482573924762317,0.0011236986934291334,1.421691987374416E-4,3.460422998451763E-4,0.00727587012636665,7.955493606174291E-4,0.0013362721904448724,3.2212054984381405E-4,0.0012736418432378912,6.696040951393102E-4,0.0020776279952154997,7.68880377412205E-4,0.0010432630937998403,7.464795399862038E-4,0.0020205794097284528,0.004309053854009027,0.0013094845235747921,6.392207125192434E-4,3.3640544161000357E-4,0.007213853964495949,3.8336332485455597E-4,0.001457684995168789,0.0016835806877089905,0.002640873482786886,0.0015910534666235172],[4.177884617483407E-5,0.0012777305293493473,4.533610069811338E-5,1.4911643361262007E-4,0.002111952738758325,2.547621093218484E-4,1.27284127798251E-4,3.68600689844323E-5,0.0010457425967014915,3.637912372463035E-5,3.251507063779392E-5,8.534472753072756E-5,3.914795356686919E-5,8.585214433684608E-5,3.797366504775334E-4,1.0,2.8251833772705514E-5,9.307941375702522E-5,1.672723379229854E-4,9.620544946810735E-5,6.65558063334107E-5,0.0018507886302391524,2.8553480838228266E-5,1.7493079222679955E-4,1.3409887784261983E-4,1.8012818292255102E-4,1.7699678176186272E-4,0.0019088235472281363,3.064801346471088E-5,8.26389590099941E-5,3.097307420613408E-4,6.073039926815215E-4,0.01129663770987803,7.155233872878918E-5,8.49136889040933E-5,9.095127355039588E-5,0.03443238458605955,1.5274622570072505E-4,0.0011547562999608772,3.222141389948146E-4,7.745142062486129E-4,9.265903780344345E-4],[8.433735908575698E-5,0.001101237187224582,5.016768787194068E-5,5.8242462102937115E-5,7.496039778996589E-4,1.5360475845860937E-4,8.48230860309647E-5,4.347621036295263E-5,5.115701039432306E-4,2.6783325006653373E-5,1.926494850819218E-5,3.45460154684964E-5,3.1374765278999176E-5,1.423680227284366E-4,1.938506324250895E-4,2.8251833772705514E-5,1.0,7.659697300862949E-5,4.197033543364636E-5,5.965449033909926E-5,1.2804502436452862E-4,0.008458910002129484,2.202347120887389E-5,6.839865165088952E-5,1.4738107301823317E-4,1.8245274916214426E-4,3.884977094307396E-4,4.689362241879083E-4,2.4094812249364326E-5,1.000156476720393E-4,1.3302468419125612E-4,9.705651742399243E-4,0.022801257388857094,2.0926717499571138E-4,6.550379586077529E-5,7.621537865976334E-5,0.0354392038456467,8.389230520230805E-5,5.471254879259203E-5,0.0015624858603547095,0.002191944602510007,0.0012013563662775638],[1.1897583032407564E-4,5.538258582603464E-4,6.674855108387291E-4,1.9398800832890536E-4,0.002841043262903346,2.268275570499536E-4,1.1588099261572591E-4,7.12276128744312E-5,5.541930677309974E-4,5.4780465156359435E-5,7.131031985694938E-5,1.4148750921125572E-4,1.2260598683953635E-4,1.2025560495583347E-4,0.001482573924762317,9.307941375702522E-5,7.659697300862949E-5,1.0,1.625646885494801E-4,1.2615099053102003E-4,1.215639513841342E-4,0.010062466835003293,1.0826984382265978E-4,1.7874580640214434E-4,1.1858807173474077E-4,2.494241421135616E-4,1.4060359075756097E-4,0.0022519855630127694,6.73643490185732E-5,1.4698666494663795E-4,2.9279996037541716E-4,0.0016133298392160785,0.0018436226762179298,1.6620152765557474E-4,1.3701805697814606E-4,1.3889955956037893E-4,0.016585797234080865,1.290346308537384E-4,5.99617214595683E-4,0.0014432483761268548,5.241925537634803E-4,2.1167870885836185E-4],[1.4466154779715372E-4,9.715783294367726E-4,2.300919919075987E-4,1.8722554106030643E-4,0.0016840984102083803,2.3009221911013454E-4,1.6707600635848614E-4,9.515996409534212E-5,8.589087200068247E-4,1.3983740731816208E-4,1.0262782706500072E-4,1.867243248623295E-4,1.8597003048544727E-4,1.5110321297613595E-4,0.0011236986934291334,1.672723379229854E-4,4.197033543364636E-5,1.625646885494801E-4,1.0,1.5068486476206122E-4,1.5692513641526578E-4,0.005905770879800748,5.480328570682362E-5,1.7063695851740658E-4,1.669300848420658E-4,2.3050384142331992E-4,6.177173150283543E-4,0.0014453315441337767,1.1143108365489989E-4,1.5676195386762033E-4,2.5980898495016076E-4,0.002540031577656514,0.008238954827107004,2.0543942307665427E-4,1.632541147485511E-4,1.8161295535473884E-4,0.005691041619944433,1.9555885942123787E-4,8.466131032851289E-4,5.538046683848902E-4,0.0019102836570858,6.638420951522131E-4],[1.271968878808428E-4,0.001275876673826603,7.563105803989682E-4,1.359501285467154E-4,6.422933345630256E-4,2.5875408988420277E-4,1.4252944303425643E-4,7.830667442972849E-5,5.397682040208529E-4,1.0341230598211864E-4,6.914902980023381E-5,1.7620947248713517E-4,1.9185558834640984E-4,1.3641527686335998E-4,1.421691987374416E-4,9.620544946810735E-5,5.965449033909926E-5,1.2615099053102003E-4,1.5068486476206122E-4,1.0,1.4879307223869767E-4,0.010994234502278379,4.5523972565969685E-5,1.3738439695147966E-4,1.369628873887145E-4,3.2467110970203197E-4,4.4405116333302885E-4,0.00210734962565331,1.0741162799665884E-4,1.3399015107617204E-4,1.9427337564329762E-4,0.0022455363262559296,0.011356365757082773,2.0414335048836804E-4,1.307925104727165E-4,1.5561492274689681E-4,0.015240039949553105,2.100157675384478E-4,7.852758269762284E-4,3.2585098323349037E-4,0.0014179000805055783,3.0149415551092724E-4],[1.3119673766009984E-4,9.027522218069909E-4,5.18446311671357E-4,1.7900452126991801E-4,0.003348835275128064,2.4138439446840722E-4,1.528079186716498E-4,1.2178277999277459E-4,0.0013225376527664253,1.4508049334190461E-4,7.398305867982535E-5,1.7110994131906728E-4,1.662544993598893E-4,1.5153563784158825E-4,3.460422998451763E-4,6.65558063334107E-5,1.2804502436452862E-4,1.215639513841342E-4,1.5692513641526578E-4,1.4879307223869767E-4,1.0,0.002835153072311678,8.829628285330517E-5,1.6223625357099524E-4,1.5577515620968986E-4,3.313482601111843E-4,5.253807473020002E-4,0.0018826130177149463,6.009463139522629E-5,1.5312983794770713E-4,3.1691701907317506E-4,8.010081436731261E-4,0.01943910182230102,1.6033088975324594E-4,1.4627596243880204E-4,1.8457195941052698E-4,0.003608956833098839,2.1163431920798753E-4,8.049358713255572E-4,2.9405055732246424E-4,7.092894490478767E-4,7.26240086765537E-4],[0.010773646051028369,0.0065444694175858815,0.009257563499171844,0.006594960997857217,0.003943269261466982,0.008992533821898224,0.004351383000853623,0.009410430770816472,0.004455715563126067,0.004486309988960151,0.006058259464852426,0.005070678234762369,0.005012626915086518,0.007561789095143852,0.00727587012636665,0.0018507886302391524,0.008458910002129484,0.010062466835003293,0.005905770879800748,0.010994234502278379,0.002835153072311678,1.0,0.005235901042688317,0.006538124500979578,0.0032014030202568147,0.008931034182134435,0.010585761075462193,0.004286918459628216,0.004925510752236776,0.008404190270807977,0.0014907032255653515,0.0032376978009402892,0.011178858408771,0.0011372918896901817,0.009463692237707553,0.007542584894416802,0.033242237128248316,0.0020824024054869675,0.010673363514492235,0.005961027515821009,0.010318905057538316,0.00541309476261885],[3.900033297783603E-5,1.3914799121816227E-4,5.460156837823349E-4,8.829370522661867E-5,6.698659141803935E-4,2.0678600645606133E-4,7.410312491162151E-5,3.083687883109341E-5,2.167209682586366E-4,2.687980669466108E-5,2.0722367184044552E-5,2.5077015785410316E-5,1.8906501235074497E-4,2.1611500942658445E-5,7.955493606174291E-4,2.8553480838228266E-5,2.202347120887389E-5,1.0826984382265978E-4,5.480328570682362E-5,4.5523972565969685E-5,8.829628285330517E-5,0.005235901042688317,1.0,1.77658553716481E-4,7.63772908523411E-5,9.92394649905539E-5,1.0774018800761213E-4,0.0012934213885631197,2.2374489608928785E-5,1.2651453957093222E-4,1.6870141868203451E-4,0.0011453478038249583,0.02405255855363233,1.3851690586879533E-4,5.303126448941122E-5,1.2723378283677685E-4,0.012793248120288259,1.8843567880272785E-4,0.0012481755008163747,0.0010505200650245347,0.002295580856215835,0.001691324855869205],[1.391044177832747E-4,9.538929037311007E-4,1.888171943259801E-4,1.8934639902160725E-4,0.0017714096601531453,3.3941538732771084E-4,1.6946719996838226E-4,1.7744950999604544E-4,0.0021615206822207488,1.4170618495393546E-4,4.0795355896989144E-5,1.8210106975037298E-4,1.9324642347091223E-4,1.741253219531555E-4,0.0013362721904448724,1.7493079222679955E-4,6.839865165088952E-5,1.7874580640214434E-4,1.7063695851740658E-4,1.3738439695147966E-4,1.6223625357099524E-4,0.006538124500979578,1.77658553716481E-4,1.0,1.6856446251336407E-4,2.682628147127867E-4,2.4010804343069247E-4,0.0012864706444559088,8.244074316751633E-5,1.574577276414401E-4,4.046367349068735E-4,0.0013140313064113629,0.007131807714140654,1.9150458394153277E-4,1.6847291285117998E-4,1.944105895616136E-4,0.019821316812089946,2.034894696171547E-4,9.999404564985112E-4,0.0013291153358104876,0.001860443432068789,0.001199751087362285],[1.3588415504617253E-4,0.0013489127309027282,6.891397179033563E-4,1.9825252612229032E-4,0.001375107136378242,2.9211857349756266E-4,1.556905778014858E-4,7.22947015032225E-5,0.0011300851342837253,9.335135577438941E-5,1.5655533808472215E-4,1.8754250167370682E-4,1.951010122708259E-4,1.5439355395184298E-4,3.2212054984381405E-4,1.3409887784261983E-4,1.4738107301823317E-4,1.1858807173474077E-4,1.669300848420658E-4,1.369628873887145E-4,1.5577515620968986E-4,0.0032014030202568147,7.63772908523411E-5,1.6856446251336407E-4,1.0,3.2923490419426094E-4,5.149552791635928E-4,0.0018515536252167533,1.3797482338191838E-4,1.551190404640787E-4,4.2193837701691363E-4,0.001184395674559714,0.0045549774009486736,2.0735571372727059E-4,1.5385612574575556E-4,1.6984624547865322E-4,0.002084181804426673,1.7407593854400872E-4,2.1209011049914327E-4,0.0014058286519285253,0.0023357315123761547,0.001490782808100555],[3.081814963134769E-4,0.0016346715658061108,6.910308604686633E-4,3.089213299961548E-4,0.002764504284534352,3.340473282271909E-4,2.329096962626846E-4,3.2973898287937196E-4,0.0021334457605164865,1.9198804567557154E-4,1.8281945225029705E-4,2.2115901836380734E-4,2.1777016704053768E-4,1.9125258507126636E-4,0.0012736418432378912,1.8012818292255102E-4,1.8245274916214426E-4,2.494241421135616E-4,2.3050384142331992E-4,3.2467110970203197E-4,3.313482601111843E-4,0.008931034182134435,9.92394649905539E-5,2.682628147127867E-4,3.2923490419426094E-4,1.0,5.366685032800248E-4,8.463024251007568E-4,1.2590140632328978E-4,2.2984732392351993E-4,4.049060321530321E-4,0.001115278060819036,0.0016134636425496605,3.221297215673818E-4,3.085204062578432E-4,2.1265164503827213E-4,0.03479573094017721,3.2069919089322557E-4,9.039773058341144E-4,0.0010274654390562043,9.560330077278743E-4,0.001097747504014482],[4.5419564138337416E-4,7.835124522727862E-4,7.815305887592454E-4,3.728478837747833E-4,0.001865171349179779,5.366761864045244E-4,5.543568810449127E-4,3.594107731044005E-4,7.622947049493068E-4,4.615259913588885E-4,2.7446269108847594E-4,3.6994247437063604E-4,4.432626579802034E-4,5.629901174465976E-4,6.696040951393102E-4,1.7699678176186272E-4,3.884977094307396E-4,1.4060359075756097E-4,6.177173150283543E-4,4.4405116333302885E-4,5.253807473020002E-4,0.010585761075462193,1.0774018800761213E-4,2.4010804343069247E-4,5.149552791635928E-4,5.366685032800248E-4,1.0,0.001319226443324885,5.571594477541541E-4,4.15547896038119E-4,4.6291659727535516E-4,0.0023071157588552874,0.024317141631433,3.7935276166457484E-4,1.8257631225560911E-4,2.87275450162704E-4,0.0032913673837188435,4.0208966553235807E-4,8.109897127666556E-4,7.034005165232552E-4,0.002607746329742281,0.0010547049590615338],[0.0010221165886964928,0.002030703958049639,0.002016631603725564,7.872395258005538E-4,0.0028691861485067006,7.692803182980427E-4,2.964518495773159E-4,5.294723941538217E-4,0.0037645265116968913,0.00198670447518403,3.9080747355823783E-4,0.0015809115946720882,2.764998750569881E-4,0.00187278581072837,0.0020776279952154997,0.0019088235472281363,4.689362241879083E-4,0.0022519855630127694,0.0014453315441337767,0.00210734962565331,0.0018826130177149463,0.004286918459628216,0.0012934213885631197,0.0012864706444559088,0.0018515536252167533,8.463024251007568E-4,0.001319226443324885,1.0,0.0010827574478917822,0.002056862612556771,0.00229004736517958,0.0024122129591901418,0.013466620747225155,5.759236134506751E-4,0.0018801853948030246,2.91479425458804E-4,0.0070392265573879405,0.0011937348712356805,0.0017030045683429347,0.0022696224700863355,0.003350864020413835,0.0017364518579738866],[5.4210219641583415E-5,0.0011060722667907742,7.164025391143219E-4,4.134432650252021E-5,0.0018340368483858935,3.991976467126705E-4,1.444268412144853E-4,2.6177660128824698E-5,0.003084499576156559,3.059785493085402E-5,1.9386260556149604E-5,7.427389277108242E-5,1.9095430703872053E-4,9.3745018207518E-5,7.68880377412205E-4,3.064801346471088E-5,2.4094812249364326E-5,6.73643490185732E-5,1.1143108365489989E-4,1.0741162799665884E-4,6.009463139522629E-5,0.004925510752236776,2.2374489608928785E-5,8.244074316751633E-5,1.3797482338191838E-4,1.2590140632328978E-4,5.571594477541541E-4,0.0010827574478917822,1.0,1.0541524989932615E-4,3.9471994166189795E-4,0.0011001545290442259,0.0034450185037675518,4.800453381092047E-5,6.156088135872503E-5,1.1335066338720436E-4,0.01777227208045119,1.0751123732138929E-4,5.639200526935055E-4,0.0011294365005598014,0.001220896442516597,6.975870943931022E-4],[1.3971507842077473E-4,6.696733732823586E-4,6.772844504780427E-4,1.6432867927617357E-4,0.0012199502665213803,2.8746801422305257E-4,1.5187528454476234E-4,1.0639406796808347E-4,4.3718904011766954E-4,1.4559813659888721E-4,3.581903002222322E-5,1.7627337283017644E-4,1.8123081275741708E-4,1.522799503162869E-4,0.0010432630937998403,8.26389590099941E-5,1.000156476720393E-4,1.4698666494663795E-4,1.5676195386762033E-4,1.3399015107617204E-4,1.5312983794770713E-4,0.008404190270807977,1.2651453957093222E-4,1.574577276414401E-4,1.551190404640787E-4,2.2984732392351993E-4,4.15547896038119E-4,0.002056862612556771,1.0541524989932615E-4,1.0,2.44203368753198E-4,0.0021365946323637004,0.02040519748463466,1.8842334464872724E-4,1.3839921855006326E-4,1.8256873240940667E-4,0.004126022398611803,2.0289899820967122E-4,9.2437309882382E-4,0.001910974328835277,0.003304497269476784,8.207477022627071E-4],[3.7422533885960536E-4,0.0015820772011763866,4.444694457867815E-4,3.204096312947978E-4,0.0030403142006441824,4.2950149068342016E-4,2.9278378653244694E-4,3.8508087529587077E-4,6.041479125743834E-4,1.7667679088969598E-4,2.0745308229699823E-4,2.9504145665939716E-4,2.4072778654388464E-4,4.310001107756432E-4,7.464795399862038E-4,3.097307420613408E-4,1.3302468419125612E-4,2.9279996037541716E-4,2.5980898495016076E-4,1.9427337564329762E-4,3.1691701907317506E-4,0.0014907032255653515,1.6870141868203451E-4,4.046367349068735E-4,4.2193837701691363E-4,4.049060321530321E-4,4.6291659727535516E-4,0.00229004736517958,3.9471994166189795E-4,2.44203368753198E-4,1.0,0.001395261098945034,0.011440140789918283,3.5203922458925513E-4,3.484770882794737E-4,2.279086988052588E-4,0.02329190974800523,3.4085896791148255E-4,5.685160589093694E-4,0.001987084869869446,7.226829375708379E-4,0.0014144728806878184],[0.0025382371993406404,0.0022202581059171094,9.058955224740182E-4,6.744502321495275E-4,0.0033877082269011933,0.0015497008214404968,0.002015550845030975,0.0023482888285580867,0.0035842440864548657,0.0011007411406392879,0.002208919307971657,0.0025195860993955563,0.00253073750149829,0.0016627334409981796,0.0020205794097284528,6.073039926815215E-4,9.705651742399243E-4,0.0016133298392160785,0.002540031577656514,0.0022455363262559296,8.010081436731261E-4,0.0032376978009402892,0.0011453478038249583,0.0013140313064113629,0.001184395674559714,0.001115278060819036,0.0023071157588552874,0.0024122129591901418,0.0011001545290442259,0.0021365946323637004,0.001395261098945034,1.0,0.01880718615532295,3.913736394375594E-4,2.729845610198637E-4,7.893667535702109E-4,0.018108473244586858,5.414662836334516E-4,0.00226238244530567,0.0022086821596915955,0.0030959791758413133,0.002357781697799822],[0.008906993206231817,0.016705421260749358,0.004005421108273508,0.01929343757534423,0.0131725850366598,0.017155191810732807,0.002675647590409949,0.007890750509028106,0.0059647443468747174,0.01725380766691014,0.02373630866028929,0.013380032548800273,0.012647431054316663,0.004744756825073276,0.004309053854009027,0.01129663770987803,0.022801257388857094,0.0018436226762179298,0.008238954827107004,0.011356365757082773,0.01943910182230102,0.011178858408771,0.02405255855363233,0.007131807714140654,0.0045549774009486736,0.0016134636425496605,0.024317141631433,0.013466620747225155,0.0034450185037675518,0.02040519748463466,0.011440140789918283,0.01880718615532295,1.0,0.00923311602010778,0.020917411443324138,0.023178291594734588,0.030294833622344104,0.005256666777728383,0.02068981608277939,0.017792404053442585,0.019065063062494288,0.0030358332754484717],[1.5277738568307027E-4,7.615370122632143E-4,5.161671693670978E-4,2.1496813492909741E-4,8.810287605857197E-4,2.337734797169362E-4,1.9455593441349567E-4,1.1387661591942585E-4,0.0016587133650541798,2.0422999990473632E-4,1.9249181157752126E-4,2.1361291063649944E-4,1.9572105792122038E-4,1.4996394237885003E-4,0.0013094845235747921,7.155233872878918E-5,2.0926717499571138E-4,1.6620152765557474E-4,2.0543942307665427E-4,2.0414335048836804E-4,1.6033088975324594E-4,0.0011372918896901817,1.3851690586879533E-4,1.9150458394153277E-4,2.0735571372727059E-4,3.221297215673818E-4,3.7935276166457484E-4,5.759236134506751E-4,4.800453381092047E-5,1.8842334464872724E-4,3.5203922458925513E-4,3.913736394375594E-4,0.00923311602010778,1.0,1.9258065707704767E-4,2.136328456748559E-4,0.02763328393203745,2.1813295390252005E-4,6.414491386004649E-4,8.104554094079637E-4,0.0021510037608559835,2.3591640312376898E-4],[1.374858377105605E-4,0.0011342188096767063,6.148209130553566E-4,1.5423190538951757E-4,0.0023377927428097963,3.805559144857512E-4,1.4820177051338951E-4,1.1498369187424296E-4,8.689051728938527E-4,7.135939212798173E-5,5.7341200551321676E-5,1.7318093295839868E-4,1.8285809815371496E-4,1.388168829095281E-4,6.392207125192434E-4,8.49136889040933E-5,6.550379586077529E-5,1.3701805697814606E-4,1.632541147485511E-4,1.307925104727165E-4,1.4627596243880204E-4,0.009463692237707553,5.303126448941122E-5,1.6847291285117998E-4,1.5385612574575556E-4,3.085204062578432E-4,1.8257631225560911E-4,0.0018801853948030246,6.156088135872503E-5,1.3839921855006326E-4,3.484770882794737E-4,2.729845610198637E-4,0.020917411443324138,1.9258065707704767E-4,1.0,1.8766535879786306E-4,0.03028045293352427,2.0365078299260878E-4,8.77605326681545E-4,9.618484234799381E-4,0.0017713273570099464,9.661206946516717E-4],[1.5898714576397535E-4,0.0012076869273914808,3.5616998556903967E-4,2.0091776923290256E-4,0.0024069277002490945,3.860772849344198E-4,1.9675821082877046E-4,7.570128324370838E-5,0.0023933336760011783,1.432481555059234E-4,9.465374499699324E-5,1.9015867681270387E-4,1.9946916611273113E-4,1.6380152515393495E-4,3.3640544161000357E-4,9.095127355039588E-5,7.621537865976334E-5,1.3889955956037893E-4,1.8161295535473884E-4,1.5561492274689681E-4,1.8457195941052698E-4,0.007542584894416802,1.2723378283677685E-4,1.944105895616136E-4,1.6984624547865322E-4,2.1265164503827213E-4,2.87275450162704E-4,2.91479425458804E-4,1.1335066338720436E-4,1.8256873240940667E-4,2.279086988052588E-4,7.893667535702109E-4,0.023178291594734588,2.136328456748559E-4,1.8766535879786306E-4,1.0,0.021750078625738332,2.0539950388963002E-4,0.0010663380981991444,0.0013625692092607315,0.0037018815704915457,0.0016712543566042867],[0.011757642468343949,0.025412738980488844,0.01367836242448899,0.02497802958847839,0.034978027290466694,0.027544196438842868,0.006596322623569025,0.01961456053909028,0.008614595526033199,0.02767297848185429,0.026268305641575236,0.033581278603188686,0.029602911971066542,0.03261768864637957,0.007213853964495949,0.03443238458605955,0.0354392038456467,0.016585797234080865,0.005691041619944433,0.015240039949553105,0.003608956833098839,0.033242237128248316,0.012793248120288259,0.019821316812089946,0.002084181804426673,0.03479573094017721,0.0032913673837188435,0.0070392265573879405,0.01777227208045119,0.004126022398611803,0.02329190974800523,0.018108473244586858,0.030294833622344104,0.02763328393203745,0.03028045293352427,0.021750078625738332,1.0,0.02780349013548701,0.023170622718229422,0.00913807116612123,0.01848834327338293,0.018286279975573114],[2.049148962552722E-4,0.0010285428112330015,6.355248445519204E-4,2.0483918831124071E-4,0.0026175193802176694,3.589491968985074E-4,1.799226920802908E-4,1.111406061867814E-4,0.0019592185737962106,2.0106379619399227E-4,2.0438003267886755E-4,1.9512317597415415E-4,2.014058723247971E-4,1.5707840123545372E-4,3.8336332485455597E-4,1.5274622570072505E-4,8.389230520230805E-5,1.290346308537384E-4,1.9555885942123787E-4,2.100157675384478E-4,2.1163431920798753E-4,0.0020824024054869675,1.8843567880272785E-4,2.034894696171547E-4,1.7407593854400872E-4,3.2069919089322557E-4,4.0208966553235807E-4,0.0011937348712356805,1.0751123732138929E-4,2.0289899820967122E-4,3.4085896791148255E-4,5.414662836334516E-4,0.005256666777728383,2.1813295390252005E-4,2.0365078299260878E-4,2.0539950388963002E-4,0.02780349013548701,1.0,8.928398723246336E-4,9.103816653029991E-4,0.0014816374296033768,3.826750052831761E-4],[4.5951425967095917E-4,0.0014679803592708102,9.765068839448131E-4,2.6115804409222986E-4,0.0024294056974734843,8.908178316966265E-4,0.001008256030563318,1.4670364768423202E-4,0.0030797041161954534,9.471735134193802E-4,2.5630547873317536E-4,0.0013053325367907616,5.994706523068091E-4,6.955480775924006E-4,0.001457684995168789,0.0011547562999608772,5.471254879259203E-5,5.99617214595683E-4,8.466131032851289E-4,7.852758269762284E-4,8.049358713255572E-4,0.010673363514492235,0.0012481755008163747,9.999404564985112E-4,2.1209011049914327E-4,9.039773058341144E-4,8.109897127666556E-4,0.0017030045683429347,5.639200526935055E-4,9.2437309882382E-4,5.685160589093694E-4,0.00226238244530567,0.02068981608277939,6.414491386004649E-4,8.77605326681545E-4,0.0010663380981991444,0.023170622718229422,8.928398723246336E-4,1.0,0.0020845062590766944,0.002740035768969487,0.0014877199780795702],[6.2003552684376E-4,0.0017760111321624612,0.002127591582811507,5.099421741751153E-4,0.002623387404075261,0.001212536862005701,0.0020448169053176187,0.0021045305049944094,0.003789814429164535,8.692303048217849E-4,0.001712795410470115,7.003810558083276E-4,2.05799983565114E-4,7.346134827123311E-4,0.0016835806877089905,3.222141389948146E-4,0.0015624858603547095,0.0014432483761268548,5.538046683848902E-4,3.2585098323349037E-4,2.9405055732246424E-4,0.005961027515821009,0.0010505200650245347,0.0013291153358104876,0.0014058286519285253,0.0010274654390562043,7.034005165232552E-4,0.0022696224700863355,0.0011294365005598014,0.001910974328835277,0.001987084869869446,0.0022086821596915955,0.017792404053442585,8.104554094079637E-4,9.618484234799381E-4,0.0013625692092607315,0.00913807116612123,9.103816653029991E-4,0.0020845062590766944,1.0,0.003054914667010988,0.0018670306919141453],[0.0035166900779217474,0.0019986640753756344,0.001174376923155498,0.0015565602309610585,0.003494594516654666,0.0030637135166125336,0.0035499246305539726,0.0014177739189899668,0.0039010606848192413,0.001216060690546917,0.0018323601418575011,0.0029525939473147166,3.727137518442944E-4,8.4454868597956E-4,0.002640873482786886,7.745142062486129E-4,0.002191944602510007,5.241925537634803E-4,0.0019102836570858,0.0014179000805055783,7.092894490478767E-4,0.010318905057538316,0.002295580856215835,0.001860443432068789,0.0023357315123761547,9.560330077278743E-4,0.002607746329742281,0.003350864020413835,0.001220896442516597,0.003304497269476784,7.226829375708379E-4,0.0030959791758413133,0.019065063062494288,0.0021510037608559835,0.0017713273570099464,0.0037018815704915457,0.01848834327338293,0.0014816374296033768,0.002740035768969487,0.003054914667010988,1.0,0.0020778092337931185],[8.225218006368948E-4,0.001723415321807977,0.0011894106140433282,0.0012557152978336116,0.002905260197529648,0.0012831617688089736,6.478913799524547E-4,5.887885089275267E-4,0.002932886843386528,2.995606547473023E-4,7.331446597888076E-4,0.0016378464306623475,0.0010700332184603854,0.001477360926149711,0.0015910534666235172,9.265903780344345E-4,0.0012013563662775638,2.1167870885836185E-4,6.638420951522131E-4,3.0149415551092724E-4,7.26240086765537E-4,0.00541309476261885,0.001691324855869205,0.001199751087362285,0.001490782808100555,0.001097747504014482,0.0010547049590615338,0.0017364518579738866,6.975870943931022E-4,8.207477022627071E-4,0.0014144728806878184,0.002357781697799822,0.0030358332754484717,2.3591640312376898E-4,9.661206946516717E-4,0.0016712543566042867,0.018286279975573114,3.826750052831761E-4,0.0014877199780795702,0.0018670306919141453,0.0020778092337931185,1.0]]