[[1.0,1.6296040974465116E-4,8.469605528845168E-5,0.0022473386940302224,0.012258640860689788,8.370528972605815E-4,1.6376515655203502E-4,1.2964336498962178E-4,0.0023378842325869694,6.500654210158867E-5,1.946231222238862E-4,0.003059927573447444,0.010546395547414083,0.008238903688199791,1.606703971883605E-4,2.190320662802182E-4,3.2919527214838923E-4,3.152993812328847E-4,1.1014832803099857E-4,2.551581380970194E-4,1.533849241737911E-4,0.00212054770959111,1.0854104058904236E-4,2.212050632887893E-4,1.705299534396896E-4,0.0013724571804312224,4.4896420955644825E-5,1.1645347309443204E-4,1.7001060570940994E-4,0.004640459083776471,7.200381531835545E-5,1.5196724415112174E-4,2.2000590899754773E-4,1.5976141628187753E-4,0.012033446724342246,1.7329649638016882E-4,3.33778748011099E-4,5.429977163677941E-4,1.293720905637303E-4,4.925709034613154E-4,0.0015697987855747457,0.003954417925637344,2.1553618024683233E-4,1.4688235577542882E-4,4.5678424621831663E-4,0.0011791207524615944,1.931568078868337E-4,0.005986873806711476,2.5034449106434175E-4,8.48015538210913E-5,6.881187454505943E-4,0.0031726057143489426,1.5393481196095154E-4,0.023892323167111693,2.2398210151520912E-4],[1.6296040974465116E-4,1.0,5.553035034292887E-5,0.0013309959395426374,0.007448926521173386,0.0013289488058277421,1.1164771130258119E-4,1.087664289430301E-4,0.0019791814633221614,3.886383067851778E-5,8.52657873495087E-4,0.009145740002992092,0.009750455646000782,0.012265880610715926,1.4446750360078354E-4,1.6802352035626418E-4,1.1602276864104713E-4,1.1120323267283164E-4,6.801043767195342E-5,3.4354432496946235E-4,9.894674698329225E-5,0.001940987323948114,6.407068794336246E-5,1.692421884099016E-4,1.3448148086836736E-4,0.0036075699343531163,2.2906660538356255E-5,4.950112068115612E-5,0.0013045561346172606,0.00423993001289743,8.261206065657249E-5,1.402817854071141E-4,7.48400712270789E-4,1.2834307647463403E-4,0.010688698823517273,1.3961144725038502E-4,7.955157444825652E-4,0.0017705377566037506,7.748255401485397E-5,2.413411664462346E-4,0.0017082905491035004,8.395552276058394E-4,2.1961877507566745E-4,5.703726572443994E-5,0.0014100023393473142,0.0014206217978086633,1.296700157961924E-4,0.010652930685396508,2.712312072025634E-4,1.610103789246666E-5,0.003812690614343316,0.019968843280384573,1.205785660472759E-4,0.025834622866528306,1.2121490534214393E-4],[8.469605528845168E-5,5.553035034292887E-5,1.0,4.06294725838014E-4,0.005766785272591238,0.0013926729071035333,5.527161672629794E-5,8.176478571044538E-5,0.004153898893792049,1.8497805380724113E-5,1.7145541468762548E-4,0.007979943804536914,0.013201362989334832,0.012054737583897693,5.7791124701641106E-5,5.3960773123465155E-5,2.478183628925844E-4,4.25383694669789E-4,1.5481496161729303E-5,3.494227876369867E-4,7.824030349096897E-5,0.005928492936206627,4.18844407279686E-5,1.1688068007088586E-4,1.2295341255731353E-4,0.0067865781312553275,2.0734100448754334E-5,1.930549493781919E-5,9.147177922528669E-4,0.004435922164606079,1.5287307246570713E-5,1.48950395294367E-4,9.507392205234055E-4,9.144830414253567E-5,0.004365842101417173,2.318550568883127E-4,0.001086550445544085,0.0013820792651583242,3.865735032678244E-5,6.753812256069078E-4,0.0017590825998513738,0.004082641119971459,1.8765702490090353E-4,3.4395527788850356E-5,0.0012009590246571415,1.9333917239024924E-4,3.978109227003446E-5,0.007728486899770965,2.016898393715325E-4,1.6423711054840633E-5,0.032228349558839485,0.03391839842072408,6.231895657063364E-5,0.025496999447364048,1.5412271507661736E-4],[0.0022473386940302224,0.0013309959395426374,4.06294725838014E-4,1.0,0.003805583447200919,0.001996830018091004,0.0019569610529994366,0.0013883914192653073,0.003207571249100912,0.0010264895542158017,0.0015940212676432254,0.009455365406879884,0.008177635105996277,0.007528950747756168,5.465738278063282E-4,0.0019086163532676718,0.0012116345351627531,0.0012954874229011404,3.497143238014421E-5,0.0015306789861521918,7.578685763118491E-4,0.0031625670779723996,0.001055805419626695,0.001844363087123925,8.326714086359176E-4,0.005913335365080416,7.96257884218452E-5,0.0016560308930519373,0.0022351794718162305,0.0028555139622847203,2.1483028368789474E-4,5.149699229203878E-4,0.0019225920827504778,6.44937803501226E-4,0.012751332687129144,0.0021926283445052935,0.0019172109917497892,0.0022829423537047027,0.001873870046528301,0.0020618018684898528,0.0021536783953301332,0.0024048207966535632,0.002079143983965914,0.0021816444147442354,0.0022702305938253147,0.0018720769275949137,0.0018430834350366054,0.01421145806898913,7.179345794652855E-4,9.169577210534283E-4,0.012225084492634666,0.0034332354827465014,0.0020533904941961345,0.018297800613090547,0.0013833949762529674],[0.012258640860689788,0.007448926521173386,0.005766785272591238,0.003805583447200919,1.0,0.006374370260434168,0.011122367101818692,0.003266018910829218,0.011670855893633385,0.006000823918554777,0.0024854299688065406,0.013692925278494,0.01793718811967735,0.013968626319271413,0.003227198742447901,0.0010990833510886257,0.012900818274532185,0.003510128226371592,0.01503632857390075,0.011324494507031166,0.014471984971868329,0.014412718562508841,0.0028828180820129018,0.009679045891178613,0.007059015330823765,0.010542961035074011,0.003180273429866575,0.001002024168173308,0.01246988051851787,0.01436497063302622,0.009669404008711554,0.011399106781440968,0.0036861628248417754,0.003959531112507519,0.013535909910842936,0.009524950038647088,0.012781694937839226,0.014909367788767015,0.01208265526682007,0.003969131907895168,0.01362702379815493,0.008889064832519477,0.003724104935052367,0.013442973631957808,0.011331522022303524,0.006485059562491003,0.00479410239836874,0.015384615384615385,0.013763375721064489,0.0012981755855677897,0.02824072707184628,0.019952197443717082,0.015356691114435378,0.029033890574358352,0.008405978128975257],[8.370528972605815E-4,0.0013289488058277421,0.0013926729071035333,0.001996830018091004,0.006374370260434168,1.0,8.76212536373523E-4,5.326612334166007E-4,0.004794500127693317,7.556142717253095E-4,0.0012323646602269058,0.0061090810812699965,0.017236741844248914,0.005563324830915272,0.001090312135218743,3.9673851192388923E-4,5.647113142718109E-4,5.732926483426964E-4,0.0012079943896808882,9.817068847822988E-4,0.0010167290016251276,0.001488835429502104,6.683440089401084E-4,6.600120246466546E-4,8.292775863684856E-4,0.0038520937323419098,5.719370338565286E-4,0.0011540580537469313,0.0015398018522672337,0.007539491585237939,7.892397053847713E-4,6.113095007875176E-4,0.0013232468495259898,5.726189564869428E-4,0.0020043435017731864,0.0011521708444315057,0.0011201062488364587,0.0014752222312389334,3.0842684764570866E-4,8.867927581874797E-4,0.0016749074701654192,0.003034369363732344,6.077586203520815E-4,5.533940039949577E-4,0.001918138283648906,0.001413455425679407,5.934489104853087E-4,0.01259665935468808,9.92736698646777E-4,0.001270447281622663,0.00229664986258531,0.02257464234192278,6.984218977465676E-4,0.03413440669920583,9.282071914377377E-4],[1.6376515655203502E-4,1.1164771130258119E-4,5.527161672629794E-5,0.0019569610529994366,0.011122367101818692,8.76212536373523E-4,1.0,1.320853425981405E-4,0.0030990207957352057,6.628413685798719E-5,6.489192785791146E-4,3.586357482936118E-4,0.01065729863495855,0.007346445915961308,1.5570986122752058E-4,1.7547389600108948E-4,2.767462564268042E-4,3.249949354112475E-4,9.761690026030614E-5,3.0011587241597735E-4,1.2459944107509667E-4,0.0021807986411259074,1.1068519567268505E-4,1.612669057130759E-4,1.5640426268226026E-4,6.723421506467171E-4,1.1127315237247498E-4,1.424065123853423E-4,0.001858000498131496,6.404431899824071E-4,8.8343753099886E-5,1.4760609916858824E-4,4.336264375544112E-4,1.444543115796708E-4,0.0045506884117237165,1.689739963307216E-4,5.400789963448505E-4,0.0015649026836489506,9.723372822103741E-5,2.960007222530842E-4,0.0018316453737311144,4.1982028723386967E-4,1.7297108887085068E-4,5.0979782479820976E-5,0.001154670872323718,5.311394067245153E-4,1.937531274340298E-4,0.01328756897762934,3.282884704796348E-4,2.0593568869554772E-5,8.676515215622663E-4,0.026838454654083386,1.454421817213147E-4,0.017342299923646796,1.5016299949418099E-4],[1.2964336498962178E-4,1.087664289430301E-4,8.176478571044538E-5,0.0013883914192653073,0.003266018910829218,5.326612334166007E-4,1.320853425981405E-4,1.0,0.0017073249140362751,3.6494778842971595E-5,6.878370789192317E-4,0.009374402350929604,0.010498712615978002,0.008703780845506819,1.3135684520761625E-4,1.8471285235110746E-4,2.183896988661334E-4,3.9400263740595057E-4,9.207419172314374E-5,3.5539066772406725E-4,9.667691110329346E-5,7.816689259332658E-4,1.1300561953718794E-4,1.985501860935673E-4,1.3892804737616722E-4,0.00609445011178024,4.7523064142735454E-5,6.971842674661072E-5,9.822983499478961E-4,0.009167423650212404,1.685775697998267E-5,1.3928745776154648E-4,5.662635167355339E-4,1.207729022589236E-4,0.005797153446634961,2.1892485734979352E-4,0.0010251075472415831,0.0020424911453149116,6.995985938706162E-5,3.541293226227588E-4,0.0013230655336532952,3.4868997546195644E-4,3.080033588692231E-4,6.151355974668502E-5,7.559761690046457E-4,0.001460531405245052,1.4707655214787346E-4,0.011744958187943258,2.619270606942439E-4,6.269891451413857E-5,0.023338619102066936,0.03295605073550362,1.260524723734429E-4,0.01289634887761976,1.9304732938594344E-4],[0.0023378842325869694,0.0019791814633221614,0.004153898893792049,0.003207571249100912,0.011670855893633385,0.004794500127693317,0.0030990207957352057,0.0017073249140362751,1.0,0.005552280924902596,0.0018941169020914193,0.008630400360909535,0.012071639495831833,0.0064133376461838094,3.913998346310063E-4,0.003243247833352772,0.0026989277279793602,6.540441882360667E-4,0.00405559669549382,0.002660351759774946,3.074496730699767E-4,0.006535787049085522,0.004942735421822887,0.004031509549086469,0.0011530489255448754,0.006756607341301246,0.002079908982938849,0.005120413099398889,0.0024175543470272803,0.007464245536384884,0.005197987711925807,0.0032530236080877857,0.002786018870466953,0.00344705782062655,0.011955324831815061,0.005777178963260103,0.0028854939118424447,0.004423563069590505,0.0015437339982383466,0.0034549486100494036,0.005578905363690816,0.005710524649147498,0.0039010621834391045,6.692701549900366E-4,0.0061823026533448676,0.0020540381648959096,0.006259697842499697,0.008111842098482973,0.0018600064972680384,0.005131203667883785,0.03652373840750858,0.008547778277378945,0.004345634530988129,0.017447528893244593,0.004948054478878651],[6.500654210158867E-5,3.886383067851778E-5,1.8497805380724113E-5,0.0010264895542158017,0.006000823918554777,7.556142717253095E-4,6.628413685798719E-5,3.6494778842971595E-5,0.005552280924902596,1.0,7.840934022305804E-4,0.002374022415182736,0.018227072992873565,0.0012767630708364717,3.5580816787351555E-5,1.2117207248953414E-4,3.151602824867397E-4,2.5678569066578166E-4,1.4732547066867148E-5,3.1608372503464993E-4,5.428145609116675E-5,0.006995933101146797,5.3091796765595135E-5,9.730272577043047E-5,4.6605032004006194E-5,0.005979188788341442,1.380027632190239E-5,1.662806882029296E-5,4.8039383001473784E-4,0.0042596081316329925,1.1938787633169648E-5,1.2838191963160516E-4,4.51539061662213E-4,1.964089928560547E-5,4.8268508440819935E-4,1.8480884700627088E-4,0.0010684579456158433,0.0020160904525755707,3.826132577206742E-5,6.994649847899693E-4,0.0016612535843097205,0.00301984166253807,3.1673264776484704E-4,1.7152843933447276E-5,0.0020329244185134957,0.0015290458099238798,1.1184542447536906E-4,0.008569844965543444,3.104167399452763E-5,1.5941458003530665E-5,0.020550185698202005,0.030257170073655273,4.132739723053145E-5,0.04027860040545108,1.6034736828032036E-4],[1.946231222238862E-4,8.52657873495087E-4,1.7145541468762548E-4,0.0015940212676432254,0.0024854299688065406,0.0012323646602269058,6.489192785791146E-4,6.878370789192317E-4,0.0018941169020914193,7.840934022305804E-4,1.0,0.0014180434832729702,0.008489904572610703,0.004568897163227371,4.89713572597192E-4,7.996801543453818E-4,8.968387097934963E-4,6.668088308910036E-4,5.126668730085713E-4,7.963062500061871E-4,5.919370132824404E-4,0.0019963822087253782,6.242164379273275E-4,3.838885651402489E-4,5.822457826044151E-4,0.005306494396873718,8.450364333573106E-4,5.61674567548279E-4,0.0011123613611469588,0.007993719074164789,5.111655855581478E-4,3.2222718760099335E-4,9.751337213163303E-4,8.915452420068799E-4,0.0064011572204816765,7.994757386593812E-4,0.0010487056135893495,9.767536202988153E-4,2.1844031270350166E-4,8.598583453377041E-4,0.0015519338794135113,0.0032228661849081565,8.086019725940397E-4,1.6679518279749805E-4,0.0016352657798419843,0.0014448128183903674,5.289130916501128E-4,0.007068622143589888,7.563144664347809E-4,8.015933542734794E-4,0.004239516672224278,0.039204570913058075,5.093473869293902E-4,0.00634976133983937,2.5336797805657437E-4],[0.003059927573447444,0.009145740002992092,0.007979943804536914,0.009455365406879884,0.013692925278494,0.0061090810812699965,3.586357482936118E-4,0.009374402350929604,0.008630400360909535,0.002374022415182736,0.0014180434832729702,1.0,0.012347475964809758,0.012362408966496574,0.0019459591663834423,0.004456593113864907,0.0023648484717673016,0.001902232433739639,0.006457392560903472,0.002289846539153155,0.009011692941551,0.010178980416331088,0.007307315370015741,0.0019583547609514458,0.008328859061063596,0.007889255755392451,0.00914228286073724,4.3934384269139363E-4,0.0027145997421945756,0.010724400300430235,0.001182598316713082,0.0054596406211855145,0.00867598549924879,0.009752632768197309,0.012032558820886137,0.0060263185786818985,0.007202787669292436,0.0033733185611031545,0.005072770444025157,0.002915924317462764,0.008411804367301934,0.010542199058334346,0.008036906368624754,0.003083019849600748,0.007348657803214047,0.006091373410808126,0.003183258504319741,0.015106198460849339,5.972115257932625E-4,0.008561365161346373,0.013157787261130068,0.02229752971145621,0.004787143609880299,0.03279659595244479,0.0059742961026072305],[0.010546395547414083,0.009750455646000782,0.013201362989334832,0.008177635105996277,0.01793718811967735,0.017236741844248914,0.01065729863495855,0.010498712615978002,0.012071639495831833,0.018227072992873565,0.008489904572610703,0.012347475964809758,1.0,0.01310933500221295,0.007459552064601495,0.010158951624582292,0.014419443479858605,0.009173137928607474,1.541050615205265E-4,0.005454939532407965,0.014337371746924059,0.012273544060686325,0.0037602188100977828,0.005299694120850356,0.015672797073846098,0.01635705395640903,0.00824857846716995,0.008614240868483926,0.009204065885492208,0.012967429719546935,0.014631800901008333,0.017950522957646018,0.011936692574279381,0.017587905823395766,0.018716900823589733,0.017067991829291678,0.0042127327983983755,0.012783731618567815,0.007366392838192311,0.01324578668373139,0.004691091018196777,0.012883269608338672,0.006281353186057705,0.001800724684017099,0.0032492768379259987,0.0030200826927741274,0.0010157551048285273,0.018631773358281506,0.009389881049035015,0.01428792828487166,0.025976634471546287,0.020584193707708216,0.008699078930526178,0.04346817652800497,0.011135409472041578],[0.008238903688199791,0.012265880610715926,0.012054737583897693,0.007528950747756168,0.013968626319271413,0.005563324830915272,0.007346445915961308,0.008703780845506819,0.0064133376461838094,0.0012767630708364717,0.004568897163227371,0.012362408966496574,0.01310933500221295,1.0,0.009049815850169422,0.0031453360483421214,0.007454495674766101,7.471199294359751E-4,0.0032995227608811,0.007103373108456142,6.469584147362072E-4,0.011183682006953582,0.004061303382976421,0.006531314467784956,0.004691843284570494,0.012457422150097002,0.0076139544325941584,0.0012662735037365347,0.007683775764481204,0.012587740860205594,0.01168737771354219,0.011024309706230953,0.004190770404532278,0.0023537351763916036,0.012799427664929874,0.010094985579771117,0.009041920264010512,0.006415738412996348,0.012475619544039723,0.006959051313452776,0.007173838011546521,0.010636818203256033,0.012111559290681672,0.0021118762398841698,0.005238489305755641,0.002720367402164199,0.006382201472779984,0.014045439782816282,0.005154932258883599,0.005420535554650114,0.022684564684965627,0.016831485227866663,0.008355430435117025,0.027004609331275027,0.005064581174499968],[1.606703971883605E-4,1.4446750360078354E-4,5.7791124701641106E-5,5.465738278063282E-4,0.003227198742447901,0.001090312135218743,1.5570986122752058E-4,1.3135684520761625E-4,3.913998346310063E-4,3.5580816787351555E-5,4.89713572597192E-4,0.0019459591663834423,0.007459552064601495,0.009049815850169422,1.0,1.693687779466818E-4,2.378514901114815E-4,2.9187685563832896E-4,8.933971333851253E-5,2.8301279712145475E-4,1.27990210638834E-4,0.003450850554860002,1.2445290032014178E-4,1.9605282153418904E-4,1.7443020410923805E-4,0.0021985749118265657,2.4677207661999095E-5,9.02214528309544E-5,0.0010978980331188795,0.004969826277734147,2.8897914387063562E-5,1.5518359945694663E-4,6.651966116939482E-4,1.5190601646812273E-4,5.300701852701591E-4,1.930178433981246E-4,3.3596761393601634E-4,0.0020604854859392735,1.0712963923934491E-4,5.470485270059931E-4,6.866746551526176E-4,4.897466720475184E-4,3.0100529177987844E-4,1.238786918372683E-4,0.0014167250764239685,0.0015785764371394355,1.5954282752050653E-4,0.002937620120408832,2.1604244687325338E-4,3.425362649196912E-5,0.021991102993579956,0.00931379435604664,1.5603514832068444E-4,0.027964853112384006,2.1254375457468088E-4],[2.190320662802182E-4,1.6802352035626418E-4,5.3960773123465155E-5,0.0019086163532676718,0.0010990833510886257,3.9673851192388923E-4,1.7547389600108948E-4,1.8471285235110746E-4,0.003243247833352772,1.2117207248953414E-4,7.996801543453818E-4,0.004456593113864907,0.010158951624582292,0.0031453360483421214,1.693687779466818E-4,1.0,3.1063994699239897E-4,3.195433978547492E-4,4.575316584516819E-5,2.608387836747526E-4,9.364220264387452E-5,0.0018128450439609811,1.395682531448618E-4,2.23358318022769E-4,1.921357120820587E-4,0.004127066526984417,1.5478992619607677E-4,1.9596961702088073E-4,5.66795808552025E-4,0.008633707794199185,9.537575332793724E-5,2.059026575819585E-4,9.3097827374748E-4,1.8979725079003797E-4,0.005022480680370191,2.2912600160853366E-4,7.183652079154708E-4,0.0015455346336160684,1.9669989574519923E-4,5.343594157598071E-4,8.203276491403177E-4,0.002615261667602531,2.310911451479337E-4,8.373251799250665E-5,4.488148885986372E-4,7.275158884121179E-4,2.1021504548501607E-4,0.009619295394071884,2.502053695175948E-4,1.2017716453919311E-4,3.457338797641144E-4,0.02374894987839076,1.3734136795975687E-4,0.01232142919539615,2.250008030450057E-4],[3.2919527214838923E-4,1.1602276864104713E-4,2.478183628925844E-4,0.0012116345351627531,0.012900818274532185,5.647113142718109E-4,2.767462564268042E-4,2.183896988661334E-4,0.0026989277279793602,3.151602824867397E-4,8.968387097934963E-4,0.0023648484717673016,0.014419443479858605,0.007454495674766101,2.378514901114815E-4,3.1063994699239897E-4,1.0,4.251587750960715E-4,3.6229784364658334E-4,3.6674732204343814E-4,3.164150290814271E-4,0.002950492626752092,2.047924259844546E-4,3.169816107313211E-4,1.8994046223779433E-4,0.004516834009524211,5.1203401795229E-5,2.931904077350352E-4,0.0011165687815634026,0.005488941940337111,3.5231171553424655E-4,3.081483026201889E-4,5.980253482862221E-4,3.5049113829218454E-4,0.0021362688320643937,2.949327554467239E-4,8.076813832640375E-4,0.0012282759870148794,1.3326294355289138E-4,6.52721281931682E-4,0.0017171050471938996,0.0036960141402500304,3.478621138354735E-4,3.255308755997576E-4,0.0019859492563377066,6.08121054655544E-4,2.1864649741494741E-4,0.005968933283864082,4.1780063086092135E-4,2.5856982041389545E-4,0.024763083938096484,0.016803751486199763,3.596121590081298E-4,0.034327258355614045,3.266901277947711E-4],[3.152993812328847E-4,1.1120323267283164E-4,4.25383694669789E-4,0.0012954874229011404,0.003510128226371592,5.732926483426964E-4,3.249949354112475E-4,3.9400263740595057E-4,6.540441882360667E-4,2.5678569066578166E-4,6.668088308910036E-4,0.001902232433739639,0.009173137928607474,7.471199294359751E-4,2.9187685563832896E-4,3.195433978547492E-4,4.251587750960715E-4,1.0,4.121747876645367E-4,3.993791839237718E-4,4.109160925696429E-4,0.0052250598896695765,1.2391835928131871E-4,3.2758572784476225E-4,3.2736397597346047E-4,8.115161922632903E-4,1.5879075856310113E-4,2.9242327231577343E-4,0.0014451902087175442,0.006101647672561574,5.419982139261882E-5,2.935733467433186E-4,5.461208059477563E-4,3.3768813743282564E-4,0.00710932236141436,3.0464187517407993E-4,7.777632904581413E-4,0.002033484922822184,3.5757948301130534E-4,4.611435742835468E-4,8.491612389578812E-4,0.0036934575652005567,4.4441038403067505E-4,3.3474992660936515E-4,0.0014004893521972867,0.0012526980441081577,4.3834836588896813E-4,0.007664271537282531,4.605343665560428E-4,4.281909269374366E-4,0.009126502213478384,0.0332438406742175,4.1460451408319946E-4,0.02730391920528418,4.2259543031590737E-4],[1.1014832803099857E-4,6.801043767195342E-5,1.5481496161729303E-5,3.497143238014421E-5,0.01503632857390075,0.0012079943896808882,9.761690026030614E-5,9.207419172314374E-5,0.00405559669549382,1.4732547066867148E-5,5.126668730085713E-4,0.006457392560903472,1.541050615205265E-4,0.0032995227608811,8.933971333851253E-5,4.575316584516819E-5,3.6229784364658334E-4,4.121747876645367E-4,1.0,2.0231656941573588E-4,6.579486892161348E-5,0.00506901621856109,3.76496523735853E-5,1.8398359489383748E-4,7.66644865931335E-5,0.006573779764409119,1.3182796850422932E-5,1.5137603105010822E-5,7.271324373442212E-5,0.008717709549738765,1.162093499073719E-5,7.875830600825131E-5,5.563884855278675E-4,5.696670764690797E-5,0.008941670597218026,2.1693045887461663E-4,9.331866320564892E-4,4.731372539181504E-4,1.5917147534555055E-5,1.3462300622873275E-4,0.001725593439971738,0.002428798782315786,1.4264336025031127E-4,4.4077770459915544E-5,0.001771190379884004,5.451712630193325E-5,9.201333488118742E-5,0.0019128144750461351,3.588790487745716E-4,1.44608138670627E-5,0.004221324171464602,0.03266401623373664,5.5746483560335076E-5,0.04449187051625556,1.1691269136026646E-4],[2.551581380970194E-4,3.4354432496946235E-4,3.494227876369867E-4,0.0015306789861521918,0.011324494507031166,9.817068847822988E-4,3.0011587241597735E-4,3.5539066772406725E-4,0.002660351759774946,3.1608372503464993E-4,7.963062500061871E-4,0.002289846539153155,0.005454939532407965,0.007103373108456142,2.8301279712145475E-4,2.608387836747526E-4,3.6674732204343814E-4,3.993791839237718E-4,2.0231656941573588E-4,1.0,2.937707818783231E-4,0.0062694833236982585,2.3053288433881106E-4,2.2811924103451262E-4,2.213051688390473E-4,0.006716148040171863,2.8060056459784004E-4,3.0720810389417864E-4,0.0014770110356831638,0.00893310332639374,1.0454558304581096E-5,3.1553293179129927E-4,6.059246954319442E-4,1.3484229657164204E-4,0.006459203186216678,3.60691583165108E-4,3.9971735038462865E-4,0.0014170307916823261,2.513595807714543E-4,4.0982284538352193E-4,0.0013507819915188725,0.0034584411391096518,3.592318464687684E-4,1.4329398751483513E-4,0.0012530732403089476,4.405609051548153E-4,2.45686333530619E-4,4.6002852237862746E-4,4.502475621573033E-4,9.351377788474168E-5,0.00666033189640612,0.02610306635822514,1.921784529725775E-4,0.03514214062165076,3.1865189629750267E-4],[1.533849241737911E-4,9.894674698329225E-5,7.824030349096897E-5,7.578685763118491E-4,0.014471984971868329,0.0010167290016251276,1.2459944107509667E-4,9.667691110329346E-5,3.074496730699767E-4,5.428145609116675E-5,5.919370132824404E-4,0.009011692941551,0.014337371746924059,6.469584147362072E-4,1.27990210638834E-4,9.364220264387452E-5,3.164150290814271E-4,4.109160925696429E-4,6.579486892161348E-5,2.937707818783231E-4,1.0,5.539245011730132E-4,7.447812701077405E-5,1.5698985136691166E-4,1.5548972112803324E-4,0.0022736856780606043,3.1261380656781884E-5,2.692195163927527E-5,1.1832299723019122E-4,0.010085102172695324,8.210480284441248E-5,1.1788945481144912E-4,0.0012538190677538316,8.308448912610306E-5,7.605201943451267E-4,2.32225598681794E-4,4.258800471003756E-4,9.229890661039054E-4,4.541139046831711E-5,1.1734557171072388E-4,0.0016786883977066146,0.002539706068030136,2.6327708097869187E-4,6.895836895743829E-5,0.002025916261183754,0.001380693126972682,1.0990504940652022E-4,0.00718079130856913,1.0709848238504158E-4,3.3333938366283365E-5,0.015004567484386909,0.03036344886170898,1.1520658825341758E-4,0.0339046891266355,1.8109097012556247E-4],[0.00212054770959111,0.001940987323948114,0.005928492936206627,0.0031625670779723996,0.014412718562508841,0.001488835429502104,0.0021807986411259074,7.816689259332658E-4,0.006535787049085522,0.006995933101146797,0.0019963822087253782,0.010178980416331088,0.012273544060686325,0.011183682006953582,0.003450850554860002,0.0018128450439609811,0.002950492626752092,0.0052250598896695765,0.00506901621856109,0.0062694833236982585,5.539245011730132E-4,1.0,0.0011621516194308473,0.006202952621281411,0.004528953683757596,0.007054749872398657,0.004747130517894348,0.004072564823153451,0.0031776618373367113,0.008219325127645772,0.0035806618161993227,7.468236826886274E-4,0.004767960864628925,6.374955838299695E-4,0.010843427126758363,0.004136634347520089,0.006952538685766996,0.005021624164249087,0.001443592238422439,0.005091061696641056,0.006449872218177019,0.006551590743190978,0.004549620942478414,0.0034742453632788193,0.0042285877270210066,0.0030992723341350358,0.0017272992429806372,0.010560297907100287,0.0015682024395980013,0.0025546820907707845,0.011931126200942423,0.0387251424225311,0.004965580124876624,0.009088539939149362,0.006110490234073602],[1.0854104058904236E-4,6.407068794336246E-5,4.18844407279686E-5,0.001055805419626695,0.0028828180820129018,6.683440089401084E-4,1.1068519567268505E-4,1.1300561953718794E-4,0.004942735421822887,5.3091796765595135E-5,6.242164379273275E-4,0.007307315370015741,0.0037602188100977828,0.004061303382976421,1.2445290032014178E-4,1.395682531448618E-4,2.047924259844546E-4,1.2391835928131871E-4,3.76496523735853E-5,2.3053288433881106E-4,7.447812701077405E-5,0.0011621516194308473,1.0,1.1915053178992324E-4,1.0306320116538719E-4,0.0037129439311992174,1.080933786676866E-5,3.106256270341091E-5,1.2400737395769107E-4,0.004282617405998834,3.210667527130976E-5,6.494959458470178E-5,4.4838965586767467E-4,7.348645149389736E-5,0.0013836342681646662,1.1861036480874116E-4,2.495325798853592E-4,0.0011543313459316017,5.6422557972322896E-5,2.015566252988052E-4,0.0016594335039901895,0.0022549267262987737,3.372061847361451E-4,5.2784647018078385E-5,0.0011329119445632073,2.8571479608304384E-4,1.9210505782875966E-4,0.010073592105909258,1.1483542567807198E-4,4.4402140311949105E-5,0.003950639743956635,0.004030308255572474,9.606163992937418E-5,0.020569033200646156,1.7771958870018342E-4],[2.212050632887893E-4,1.692421884099016E-4,1.1688068007088586E-4,0.001844363087123925,0.009679045891178613,6.600120246466546E-4,1.612669057130759E-4,1.985501860935673E-4,0.004031509549086469,9.730272577043047E-5,3.838885651402489E-4,0.0019583547609514458,0.005299694120850356,0.006531314467784956,1.9605282153418904E-4,2.23358318022769E-4,3.169816107313211E-4,3.2758572784476225E-4,1.8398359489383748E-4,2.2811924103451262E-4,1.5698985136691166E-4,0.006202952621281411,1.1915053178992324E-4,1.0,2.0461178167967663E-4,0.0029866590036203996,3.5482874714689864E-5,1.2538865099187815E-4,9.128514556848964E-4,3.936115183274067E-4,1.7873910919007785E-4,1.9073649378602075E-4,0.001090615409469572,2.0547717730272418E-4,6.938853557595959E-4,2.33775949114361E-4,7.848061574719397E-4,7.45394227516871E-4,1.5882555509010254E-4,5.290555049286661E-4,3.287371051995463E-4,0.0012539885757873088,2.6413488769923965E-4,2.0856992446642114E-4,7.879480350289361E-4,0.0014979096878026746,2.1558515439159078E-4,0.00785812482147632,4.28238233434771E-4,1.3940230937154802E-4,0.024945854661437335,0.01782043217476144,1.7768369190484626E-4,0.010872221980452592,2.372488626229931E-4],[1.705299534396896E-4,1.3448148086836736E-4,1.2295341255731353E-4,8.326714086359176E-4,0.007059015330823765,8.292775863684856E-4,1.5640426268226026E-4,1.3892804737616722E-4,0.0011530489255448754,4.6605032004006194E-5,5.822457826044151E-4,0.008328859061063596,0.015672797073846098,0.004691843284570494,1.7443020410923805E-4,1.921357120820587E-4,1.8994046223779433E-4,3.2736397597346047E-4,7.66644865931335E-5,2.213051688390473E-4,1.5548972112803324E-4,0.004528953683757596,1.0306320116538719E-4,2.0461178167967663E-4,1.0,0.004581350019839781,1.388438475824516E-4,1.0276880726651377E-4,8.189848521717346E-4,0.010013692313177934,5.049659751170889E-5,1.5170904140827037E-4,7.747909038306334E-4,1.765308418676966E-4,0.011360542942937455,2.315884495099189E-4,2.1086889552548972E-4,5.901908773939498E-4,1.2353050390556672E-4,6.677285452410938E-4,4.3847962986517984E-4,0.0025502244767449554,2.5559478024196245E-4,7.159376284683667E-5,0.002007990185265999,0.0011889508599870955,1.8954482622832443E-4,0.007116663973322836,2.5341852063704773E-4,5.194422531212586E-5,0.037984756753553645,0.029137304294794796,1.611900309504374E-4,0.008746997094652322,1.8592426269204766E-4],[0.0013724571804312224,0.0036075699343531163,0.0067865781312553275,0.005913335365080416,0.010542961035074011,0.0038520937323419098,6.723421506467171E-4,0.00609445011178024,0.006756607341301246,0.005979188788341442,0.005306494396873718,0.007889255755392451,0.01635705395640903,0.012457422150097002,0.0021985749118265657,0.004127066526984417,0.004516834009524211,8.115161922632903E-4,0.006573779764409119,0.006716148040171863,0.0022736856780606043,0.007054749872398657,0.0037129439311992174,0.0029866590036203996,0.004581350019839781,1.0,0.0059245864069968545,0.005288768957554315,0.002780397552396283,0.009525733245568721,0.002772131449588335,0.0057839355495135835,0.004455345288679795,6.471255275578563E-4,0.010100103141037627,0.0034539369196164562,0.006445337131241243,0.0021846574758323852,0.003999009826015134,0.003165802133179959,0.00640457184951366,0.0062608088403967995,0.006646332092826553,0.0013045692717623537,0.0037729916911583283,0.0057049462170723295,0.0042556908328433216,0.010547324184405127,7.272705178413301E-4,0.0038186069597712187,0.016945446038509858,0.03189025578508693,0.003100604262929275,0.021903974324655323,8.392033078855037E-4],[4.4896420955644825E-5,2.2906660538356255E-5,2.0734100448754334E-5,7.96257884218452E-5,0.003180273429866575,5.719370338565286E-4,1.1127315237247498E-4,4.7523064142735454E-5,0.002079908982938849,1.380027632190239E-5,8.450364333573106E-4,0.00914228286073724,0.00824857846716995,0.0076139544325941584,2.4677207661999095E-5,1.5478992619607677E-4,5.1203401795229E-5,1.5879075856310113E-4,1.3182796850422932E-5,2.8060056459784004E-4,3.1261380656781884E-5,0.004747130517894348,1.080933786676866E-5,3.5482874714689864E-5,1.388438475824516E-4,0.0059245864069968545,1.0,1.25047577496536E-5,6.269802606207088E-4,0.0036083813663416037,1.0263968118778642E-5,1.4398813244804063E-4,2.8688275226129874E-4,3.211278945434702E-5,0.010158213709943902,1.6728544630448565E-4,1.603810001098135E-4,0.0010587070760511915,3.335475349110876E-5,4.374923129983638E-4,8.044903438138211E-4,0.0023797253486919565,6.742117066352058E-5,4.612523023535752E-5,0.0016466817003524738,0.0015161577778319505,1.4167104959465188E-4,0.001556369169570357,3.707240372936677E-5,1.0466548387222696E-5,0.018781148460128745,0.038818004002169226,1.6209354662989773E-5,0.007252224756472745,1.8591501424436712E-4],[1.1645347309443204E-4,4.950112068115612E-5,1.930549493781919E-5,0.0016560308930519373,0.001002024168173308,0.0011540580537469313,1.424065123853423E-4,6.971842674661072E-5,0.005120413099398889,1.662806882029296E-5,5.61674567548279E-4,4.3934384269139363E-4,0.008614240868483926,0.0012662735037365347,9.02214528309544E-5,1.9596961702088073E-4,2.931904077350352E-4,2.9242327231577343E-4,1.5137603105010822E-5,3.0720810389417864E-4,2.692195163927527E-5,0.004072564823153451,3.106256270341091E-5,1.2538865099187815E-4,1.0276880726651377E-4,0.005288768957554315,1.25047577496536E-5,1.0,6.541376815080004E-4,0.006644100588375992,1.3237328599285342E-5,1.1643810254865903E-4,8.595623698225529E-4,7.931924000549497E-5,0.006616465780904098,4.253465070486017E-5,7.747240389706248E-4,2.701800516508528E-4,2.4553273563907875E-5,2.5941211442817256E-5,0.0017652728526706767,0.0025334339727192913,8.096632337871578E-5,3.0042030926075853E-5,0.0014954035014378602,0.0010246530550832552,1.188009810332805E-4,0.011740880838086864,2.831420332681245E-4,1.3159068833605591E-5,0.0330378833850441,0.03161392566729009,6.087352188210264E-5,0.021023264484092936,5.957291552895459E-5],[1.7001060570940994E-4,0.0013045561346172606,9.147177922528669E-4,0.0022351794718162305,0.01246988051851787,0.0015398018522672337,0.001858000498131496,9.822983499478961E-4,0.0024175543470272803,4.8039383001473784E-4,0.0011123613611469588,0.0027145997421945756,0.009204065885492208,0.007683775764481204,0.0010978980331188795,5.66795808552025E-4,0.0011165687815634026,0.0014451902087175442,7.271324373442212E-5,0.0014770110356831638,1.1832299723019122E-4,0.0031776618373367113,1.2400737395769107E-4,9.128514556848964E-4,8.189848521717346E-4,0.002780397552396283,6.269802606207088E-4,6.541376815080004E-4,1.0,0.0053629171410381725,3.190671462130067E-4,3.268232819657983E-4,0.0014500017742488987,0.001746545463757061,0.0019856839247026684,0.0018805352217049947,0.001701337581804773,0.0019252073255912583,2.654653038859678E-4,0.0012999377808171932,0.0018406317162961343,0.0033424221124714933,0.0017626966675779146,0.0010460030374949013,0.0019192881651960965,0.0017767695724176683,0.0017599452181612438,0.011987010164250664,6.500295497983263E-4,7.848986342090605E-4,0.02085427621490969,0.015575051103620412,9.888296261067124E-4,0.016051288609527866,9.421576069608426E-4],[0.004640459083776471,0.00423993001289743,0.004435922164606079,0.0028555139622847203,0.01436497063302622,0.007539491585237939,6.404431899824071E-4,0.009167423650212404,0.007464245536384884,0.0042596081316329925,0.007993719074164789,0.010724400300430235,0.012967429719546935,0.012587740860205594,0.004969826277734147,0.008633707794199185,0.005488941940337111,0.006101647672561574,0.008717709549738765,0.00893310332639374,0.010085102172695324,0.008219325127645772,0.004282617405998834,3.936115183274067E-4,0.010013692313177934,0.009525733245568721,0.0036083813663416037,0.006644100588375992,0.0053629171410381725,1.0,0.010042989399374614,0.004223789305917686,0.0024304058386048315,0.006833007360627015,0.0126165851939103,0.007180374205665481,0.004924364909787456,0.009671776417372158,0.006112539961847256,0.008022563523738554,0.009403665881136258,0.0042261722159575976,0.009052488263184189,3.337284086256111E-4,0.007291610432412684,0.00623905107489988,0.0016417781128708927,0.013779436419443757,7.028826301460157E-4,0.002300976188460416,0.027883798737418655,0.0362256669284106,0.004409155867572512,0.03946744498945548,0.0011432043913592875],[7.200381531835545E-5,8.261206065657249E-5,1.5287307246570713E-5,2.1483028368789474E-4,0.009669404008711554,7.892397053847713E-4,8.8343753099886E-5,1.685775697998267E-5,0.005197987711925807,1.1938787633169648E-5,5.111655855581478E-4,0.001182598316713082,0.014631800901008333,0.01168737771354219,2.8897914387063562E-5,9.537575332793724E-5,3.5231171553424655E-4,5.419982139261882E-5,1.162093499073719E-5,1.0454558304581096E-5,8.210480284441248E-5,0.0035806618161993227,3.210667527130976E-5,1.7873910919007785E-4,5.049659751170889E-5,0.002772131449588335,1.0263968118778642E-5,1.3237328599285342E-5,3.190671462130067E-4,0.010042989399374614,1.0,1.1698550650399447E-4,7.555277163064698E-5,1.0049826590588134E-4,0.009208639551753278,1.7221441011443476E-5,2.783854189193751E-4,0.001804987792873825,2.3786487445406147E-5,2.4180991508067973E-5,0.0010761817041942217,0.0037370576473668704,2.4530895830295404E-4,2.6894324255917585E-5,1.291288162896393E-4,0.0013938500160131215,1.5495615899332663E-5,0.013104529614726898,7.73099315883101E-5,1.0666555803375227E-5,0.02907059853859992,0.034555009369211895,1.9538780246518912E-5,0.03741695086098683,1.1721614847765465E-4],[1.5196724415112174E-4,1.402817854071141E-4,1.48950395294367E-4,5.149699229203878E-4,0.011399106781440968,6.113095007875176E-4,1.4760609916858824E-4,1.3928745776154648E-4,0.0032530236080877857,1.2838191963160516E-4,3.2222718760099335E-4,0.0054596406211855145,0.017950522957646018,0.011024309706230953,1.5518359945694663E-4,2.059026575819585E-4,3.081483026201889E-4,2.935733467433186E-4,7.875830600825131E-5,3.1553293179129927E-4,1.1788945481144912E-4,7.468236826886274E-4,6.494959458470178E-5,1.9073649378602075E-4,1.5170904140827037E-4,0.0057839355495135835,1.4398813244804063E-4,1.1643810254865903E-4,3.268232819657983E-4,0.004223789305917686,1.1698550650399447E-4,1.0,0.001262386295729894,1.3790392385215478E-4,0.004847069577867107,1.862206045626062E-4,9.966692750187497E-4,0.0012601295434410949,1.2801533738113037E-4,2.637492656560412E-4,0.0013093385398626732,0.0010162855004322271,2.7705170584709665E-4,8.010549226052678E-5,8.738766008642915E-4,3.1125667856574785E-4,1.6983907569916303E-4,0.00892156710289461,2.5019092926980126E-4,1.3781369201623417E-4,0.0023688498204805335,0.02482401537879392,1.3619669233838925E-4,0.03414025196144074,2.0747176997922516E-4],[2.2000590899754773E-4,7.48400712270789E-4,9.507392205234055E-4,0.0019225920827504778,0.0036861628248417754,0.0013232468495259898,4.336264375544112E-4,5.662635167355339E-4,0.002786018870466953,4.51539061662213E-4,9.751337213163303E-4,0.00867598549924879,0.011936692574279381,0.004190770404532278,6.651966116939482E-4,9.3097827374748E-4,5.980253482862221E-4,5.461208059477563E-4,5.563884855278675E-4,6.059246954319442E-4,0.0012538190677538316,0.004767960864628925,4.4838965586767467E-4,0.001090615409469572,7.747909038306334E-4,0.004455345288679795,2.8688275226129874E-4,8.595623698225529E-4,0.0014500017742488987,0.0024304058386048315,7.555277163064698E-5,0.001262386295729894,1.0,5.808557047346522E-4,0.009540868286416487,3.5206490069219094E-4,0.0012087120366302147,0.0015934154535119822,3.410680540973419E-4,0.0011637092807873402,0.0013808482970143103,0.002281375322193825,3.838131488185885E-4,3.263636570544629E-4,0.0020038547599396405,0.0014755127078833832,5.902324625020267E-4,0.0024735138240705758,4.6894068785506137E-4,1.6223841315089863E-4,0.016577287532504537,0.03668630498311907,9.797703706527433E-4,0.017494598553902653,4.3333953352888896E-4],[1.5976141628187753E-4,1.2834307647463403E-4,9.144830414253567E-5,6.44937803501226E-4,0.003959531112507519,5.726189564869428E-4,1.444543115796708E-4,1.207729022589236E-4,0.00344705782062655,1.964089928560547E-5,8.915452420068799E-4,0.009752632768197309,0.017587905823395766,0.0023537351763916036,1.5190601646812273E-4,1.8979725079003797E-4,3.5049113829218454E-4,3.3768813743282564E-4,5.696670764690797E-5,1.3484229657164204E-4,8.308448912610306E-5,6.374955838299695E-4,7.348645149389736E-5,2.0547717730272418E-4,1.765308418676966E-4,6.471255275578563E-4,3.211278945434702E-5,7.931924000549497E-5,0.001746545463757061,0.006833007360627015,1.0049826590588134E-4,1.3790392385215478E-4,5.808557047346522E-4,1.0,0.00896767379003947,2.234899599652914E-4,7.088888006370742E-4,0.0020741013485254126,5.886908910771724E-5,5.592478914638101E-4,0.0012351984849531962,0.003500918845422757,2.034148828105057E-4,5.341571175086654E-5,0.0015151491001826989,8.19177657738417E-4,1.3226855502188108E-4,0.0015058335532718832,4.535599447491895E-4,1.064964674483463E-4,0.021230159478486683,0.013219137954295085,1.3056152517680324E-4,0.028174621568820727,2.175181805880083E-4],[0.012033446724342246,0.010688698823517273,0.004365842101417173,0.012751332687129144,0.013535909910842936,0.0020043435017731864,0.0045506884117237165,0.005797153446634961,0.011955324831815061,4.8268508440819935E-4,0.0064011572204816765,0.012032558820886137,0.018716900823589733,0.012799427664929874,5.300701852701591E-4,0.005022480680370191,0.0021362688320643937,0.00710932236141436,0.008941670597218026,0.006459203186216678,7.605201943451267E-4,0.010843427126758363,0.0013836342681646662,6.938853557595959E-4,0.011360542942937455,0.010100103141037627,0.010158213709943902,0.006616465780904098,0.0019856839247026684,0.0126165851939103,0.009208639551753278,0.004847069577867107,0.009540868286416487,0.00896767379003947,1.0,0.01277841996326614,