[[1.0, 0.6529395562610731, 0.1923154453095537, 0.9164353545184111, 0.5776560227406218, 0.003648555270345244, 0.018385786935561366, 0.2931387801114588, 0.8718837163753409, 0.7606347536515763, 0.29792337864455454, 0.5638362169935703, 0.5145705306549269, 0.2687244829113823, 0.9076148953274381, 0.9685059631952143, 0.017729594389730874, 0.3697917719357826, 0.2439350041312115, 0.9277708487729938, 0.8708020939892902, 0.970226652502523, 0.5064289429453653, 0.7038018418534916, 0.9688056276099967, 0.46484792145142495, 0.7235356907885665, 0.616842634777162, 0.4774110344472958, 0.8979696343662299, 0.257558295960595, 0.4389192951443559, 0.9796915699013009, 0.03127730562360698, 0.08221348844149656], [0.6529395562610731, 1.0, 0.9725657571033834, 0.43723819957122845, 0.6905996141812893, 0.5949066676919075, 0.9946153257714558, 0.6888131287252158, 0.11514597937586657, 0.9380174163025998, 0.6968201404671069, 0.3630798436684658, 0.7755468079403747, 0.7261056588126789, 0.48889865335676086, 0.5417575529827037, 0.39560281198898684, 0.21054428233024014, 0.0022397027720705287, 0.382291093132342, 0.6973038958066832, 0.3954267118955873, 0.06382401525538006, 0.21726659644595359, 0.7103526113910013, 0.2666017265843389, 0.9887471327457956, 0.46107522834188686, 0.5984405788214576, 0.4787594986086673, 0.6504406469062363, 0.6546829291127416, 0.02143945550054116, 0.20508760166541384, 0.0010650623249024438], [0.1923154453095537, 0.9725657571033834, 1.0, 0.44263097074055424, 0.8914577832358972, 0.9936341033045378, 0.6128250909625439, 0.4377157970795982, 0.3829818166798412, 0.9581404785251026, 0.7653238377666026, 0.26003477033975797, 0.6064985944783519, 0.08700405213975038, 0.2578169238572283, 0.6946126203450653, 0.3447083718535585, 0.1906790658266786, 0.8751320031040104, 0.9719916210424175, 0.4718387835523934, 0.9060018203298761, 0.7407789449703822, 0.8536668517882422, 0.8678150303066461, 0.44097985049439603, 0.39635062908754803, 0.5425788670124598, 0.16856411911069125, 0.5271820273243714, 0.48052842504280613, 0.010565420681116877, 0.19558239344289208, 0.09916410750655735, 0.0490585200944057], [0.9164353545184111, 0.43723819957122845, 0.44263097074055424, 1.0, 0.957677882624223, 0.06811608316331597, 0.9120999504103553, 0.12712842269539248, 0.6256241384791406, 0.8102669250184957, 0.3941240090117949, 0.9576532672644086, 0.254908707487032, 0.8313930366780357, 0.7070166521777361, 0.024927803508749125, 0.4276391340410791, 0.07785938822292571, 0.705236632627695, 0.4707339714409601, 0.257246989917291, 0.17207241424344277, 0.4245117726410593, 0.04892546319018187, 0.4586534653660438, 0.04347246988940434, 0.3830913691780876, 0.20756862790535535, 0.39979106789940466, 0.9139665176760612, 0.49108209789035284, 0.3990917919573844, 0.35761246107069977, 0.32677740292103896, 0.3544967893429185], [0.5776560227406218, 0.6905996141812893, 0.8914577832358972, 0.957677882624223, 1.0, 0.11323786828754268, 0.6394290034446176, 0.5491145581886675, 0.36904889704960253, 0.6521119349434171, 0.8212931626166624, 0.7700575940575919, 0.9797160552852263, 0.4591877024922031, 0.8530938307264585, 0.29843602136823955, 0.630626931513592, 0.6088000519141726, 0.5360214559715524, 0.7906720832506965, 0.45667335959865907, 0.5394898256182, 0.5086927627487509, 0.40880202030261825, 0.8621812518026313, 0.7568165061945977, 0.11359245015698305, 0.9625803343384234, 0.1825826096871348, 0.5330844268273126, 0.5785104244047476, 0.5073265889976807, 0.9423514169482811, 0.9144733023101574, 0.9871278072503705], [0.003648555270345244, 0.5949066676919075, 0.9936341033045378, 0.06811608316331597, 0.11323786828754268, 1.0, 0.5246846535539715, 0.7575792405984045, 0.22230702194509466, 0.43105713048671224, 0.07286986977454835, 0.6504171113601704, 0.2896223634536671, 0.03441900894104355, 0.8602466980646722, 0.666157627682393, 0.3564106842410988, 0.8088812677587109, 0.762818437570423, 0.45153466847778356, 0.24176679355684128, 0.8791910611780738, 0.8527914849508339, 0.48525132122647363, 0.32983516336175644, 0.7756101201880938, 0.182466293751828, 0.7931923816738403, 0.9804260028570957, 0.14714357480385376, 0.39163044310941797, 0.07120764159396897, 0.7797811905906693, 0.7624573202683375, 0.9618068062694807], [0.018385786935561366, 0.9946153257714558, 0.6128250909625439, 0.9120999504103553, 0.6394290034446176, 0.5246846535539715, 1.0, 0.14055292162189792, 0.6146028989181662, 0.5287421917429672, 0.6574105761575855, 0.18479801058582712, 0.4607717605682614, 0.9458793355896286, 0.12926487588991675, 0.24261697220863387, 0.9066308518756864, 0.5271908639749178, 0.5702132086772554, 0.6436795552135831, 0.1819806476667004, 0.43694128033577484, 0.679824645397785, 0.19684138093274817, 0.19701273374752237, 0.9000907581654667, 0.20052623163311745, 0.10742428066474452, 0.0959030765364316, 0.6182940873633676, 0.516989211827243, 0.03300994306024707, 0.021749490624067613, 0.5056651715777946, 0.11474855772896475], [0.2931387801114588, 0.6888131287252158, 0.4377157970795982, 0.12712842269539248, 0.5491145581886675, 0.7575792405984045, 0.14055292162189792, 1.0, 0.40341197769338455, 0.8164078178990465, 0.7350676570937522, 0.02073458298675057, 0.698398297556238, 0.14053504285348417, 0.4019652288270237, 0.3069090440011274, 0.42062405070914777, 0.6748358030951299, 0.733370023810713, 0.38238564011135434, 0.21991291269768187, 0.11492881095511998, 0.2867219573766162, 0.4022290009114817, 0.4846885924691121, 0.25917249518914764, 0.719701298448468, 0.5927216983909529, 0.7652860473475661, 0.026159478725065854, 0.1593184710198946, 0.8935005650518232, 0.9810526395705307, 0.259125086773907, 0.41189029547117195], [0.8718837163753409, 0.11514597937586657, 0.3829818166798412, 0.6256241384791406, 0.36904889704960253, 0.22230702194509466, 0.6146028989181662, 0.40341197769338455, 1.0, 0.6605957951841099, 0.15643855973323528, 0.685688573591777, 0.9183319208572852, 0.7564074443377515, 0.14082647230469314, 0.7237384167585126, 0.530830048052396, 0.13078639781930823, 0.655156852485738, 0.1289190367227504, 0.42796030646412986, 0.6745257926965837, 0.8622146611368452, 0.7034583120324193, 0.7895294052890185, 0.7577836287648205, 0.5531284392010956, 0.6910163952386956, 0.515082450184796, 0.17278744968145143, 0.042604493661808074, 0.010608646039406255, 0.8134725141012786, 0.4598785533523706, 0.6048194633959736], [0.7606347536515763, 0.9380174163025998, 0.9581404785251026, 0.8102669250184957, 0.6521119349434171, 0.43105713048671224, 0.5287421917429672, 0.8164078178990465, 0.6605957951841099, 1.0, 0.615992383360379, 0.6748071986059991, 0.5607265682699037, 0.2913472975043907, 0.13253464076378318, 0.8163094790165867, 0.9234528086414185, 0.17145595445373607, 0.5399302394607869, 0.5611366758146578, 0.045245458851771225, 0.9122705563407586, 0.7450619840244399, 0.4516596774151408, 0.28533746548472216, 0.8985782156139498, 0.28382065938955603, 0.008987066679397304, 0.504959119512868, 0.7654735888551143, 0.6702130609205421, 0.49475499513572074, 0.4340313174688196, 0.10441639062216601, 0.28323344017063357], [0.29792337864455454, 0.6968201404671069, 0.7653238377666026, 0.3941240090117949, 0.8212931626166624, 0.07286986977454835, 0.6574105761575855, 0.7350676570937522, 0.15643855973323528, 0.615992383360379, 1.0, 0.978169614521136, 0.9519693968414723, 0.7287151233001999, 0.1521020455149542, 0.45663202656257074, 0.06250820560643455, 0.3050361458557852, 0.3443598045500438, 0.5643801072478306, 0.9455127757870588, 0.699291434514242, 0.4518189083015024, 0.8389280462813884, 0.6305114311779938, 0.9375292965358759, 0.9765956547223735, 0.464849346958359, 0.24725919908806715, 0.5955720431958428, 0.9386066812934514, 0.2618439321821501, 0.12402997076125388, 0.14236315183465964, 0.01797523597427375], [0.5638362169935703, 0.3630798436684658, 0.26003477033975797, 0.9576532672644086, 0.7700575940575919, 0.6504171113601704, 0.18479801058582712, 0.02073458298675057, 0.685688573591777, 0.6748071986059991, 0.978169614521136, 1.0, 0.5147575091834458, 0.05591904079773968, 0.23174807538615805, 0.5241521276297565, 0.7236667586429467, 0.7462949011373078, 0.7801893097982422, 0.9072974391919255, 0.9346036286246222, 0.34621882414743366, 0.8285161355098329, 0.7673808492426101, 0.33688919339412804, 0.838462971668235, 0.011174507939120115, 0.04592600198435648, 0.16543465639447386, 0.37248136000324594, 0.7683131180142114, 0.09437518577008985, 0.7338040054979518, 0.04272012941532344, 0.33788385020817613], [0.5145705306549269, 0.7755468079403747, 0.6064985944783519, 0.254908707487032, 0.9797160552852263, 0.2896223634536671, 0.4607717605682614, 0.698398297556238, 0.9183319208572852, 0.5607265682699037, 0.9519693968414723, 0.5147575091834458, 1.0, 0.34918678972589967, 0.7694375275177706, 0.6526508417325094, 0.017570053988266943, 0.8911102208828785, 0.9030750090129719, 0.6455161251726725, 0.8924765126752571, 0.6361472340340891, 0.23814893230130185, 0.05779357540473107, 0.4949248164848574, 0.8391645228412487, 0.586553256243693, 0.27493986265086345, 0.6516436158281518, 0.4327515186898422, 0.6893340754064341, 0.9382169629561139, 0.36908237870932814, 0.05479674491220132, 0.15335734020737601], [0.2687244829113823, 0.7261056588126789, 0.08700405213975038, 0.8313930366780357, 0.4591877024922031, 0.03441900894104355, 0.9458793355896286, 0.14053504285348417, 0.7564074443377515, 0.2913472975043907, 0.7287151233001999, 0.05591904079773968, 0.34918678972589967, 1.0, 0.7858417516281544, 0.5378632154806978, 0.7483210137228701, 0.665463508218764, 0.523032835819274, 0.7456737865154023, 0.04623017662798379, 0.13900386360814754, 0.8564902410766903, 0.6446222634213675, 0.7162298046977134, 0.06064608528272686, 0.23303335800603076, 0.3937816436753, 0.6785361184622329, 0.441087801794371, 0.08629876422346971, 0.5317930346114929, 0.8280146653492564, 0.06493128713814034, 0.44280690466002837], [0.9076148953274381, 0.48889865335676086, 0.2578169238572283, 0.7070166521777361, 0.8530938307264585, 0.8602466980646722, 0.12926487588991675, 0.4019652288270237, 0.14082647230469314, 0.13253464076378318, 0.1521020455149542, 0.23174807538615805, 0.7694375275177706, 0.7858417516281544, 1.0, 0.6398455159750681, 0.9510409814462334, 0.7255000877217745, 0.5130083904062397, 0.9144402981768992, 0.027310962349910484, 0.6431315434863858, 0.9338119545715011, 0.28456729330417907, 0.5590263159310976, 0.9428413263040327, 0.28618789024008884, 0.45662319147717323, 0.23752502417624766, 0.5790905269916036, 0.010828583148516757, 0.26538893596213897, 0.5258482921422215, 0.12971189461282828, 0.880592538825985], [0.9685059631952143, 0.5417575529827037, 0.6946126203450653, 0.024927803508749125, 0.29843602136823955, 0.666157627682393, 0.24261697220863387, 0.3069090440011274, 0.7237384167585126, 0.8163094790165867, 0.45663202656257074, 0.5241521276297565, 0.6526508417325094, 0.5378632154806978, 0.6398455159750681, 1.0, 0.7258509010293688, 0.9119382694997432, 0.12561475628512064, 0.21167008182551117, 0.7481592631777236, 0.20744584745870542, 0.937853755052652, 0.7495914749924862, 0.8701262848725898, 0.5903866318602977, 0.9447968319738179, 0.9048583827874925, 0.6501502596107133, 0.7350446504445781, 0.9089987968810503, 0.218026292106552, 0.675776846047823, 0.4388570196175151, 0.5676558911814252], [0.017729594389730874, 0.39560281198898684, 0.3447083718535585, 0.4276391340410791, 0.630626931513592, 0.3564106842410988, 0.9066308518756864, 0.42062405070914777, 0.530830048052396, 0.9234528086414185, 0.06250820560643455, 0.7236667586429467, 0.017570053988266943, 0.7483210137228701, 0.9510409814462334, 0.7258509010293688, 1.0, 0.049831668185758904, 0.7026995200777704, 0.9784459934806048, 0.10130018066156998, 0.3487322383169138, 0.08319264085237843, 0.8720993360942215, 0.7556798176424134, 0.9924017254029144, 0.29030653272603923, 0.13894113716204703, 0.06728917620972186, 0.8611630900251759, 0.5290202330968873, 0.06887259264451384, 0.6917376254869092, 0.23952359106856846, 0.5208265122669226], [0.3697917719357826, 0.21054428233024014, 0.1906790658266786, 0.07785938822292571, 0.6088000519141726, 0.8088812677587109, 0.5271908639749178, 0.6748358030951299, 0.13078639781930823, 0.17145595445373607, 0.3050361458557852, 0.7462949011373078, 0.8911102208828785, 0.665463508218764, 0.7255000877217745, 0.9119382694997432, 0.049831668185758904, 1.0, 0.7748642263508831, 0.5167501491792525, 0.12623298624003232, 0.16155931454576455, 0.11073931067908949, 0.4937234521406262, 0.24744653077548573, 0.12233653709263537, 0.9987792063894017, 0.8275872604037978, 0.8090064252485482, 0.6229701998600101, 0.2749467280786466, 0.9205205317885016, 0.21626723723210584, 0.6931457663214937, 0.6782162609935618], [0.2439350041312115, 0.0022397027720705287, 0.8751320031040104, 0.705236632627695, 0.5360214559715524, 0.762818437570423, 0.5702132086772554, 0.733370023810713, 0.655156852485738, 0.5399302394607869, 0.3443598045500438, 0.7801893097982422, 0.9030750090129719, 0.523032835819274, 0.5130083904062397, 0.12561475628512064, 0.7026995200777704, 0.7748642263508831, 1.0, 0.48475737039325706, 0.656363478741028, 0.7564589701304831, 0.13699971152308654, 0.8597918821090197, 0.5109783629752268, 0.026019798987543474, 0.8850130604737845, 0.8505819052462444, 0.4666488402823452, 0.13825718642261664, 0.1639587085904466, 0.5628933120114051, 0.12833947759968456, 0.06290661066095726, 0.4362138010669159], [0.9277708487729938, 0.382291093132342, 0.9719916210424175, 0.4707339714409601, 0.7906720832506965, 0.45153466847778356, 0.6436795552135831, 0.38238564011135434, 0.1289190367227504, 0.5611366758146578, 0.5643801072478306, 0.9072974391919255, 0.6455161251726725, 0.7456737865154023, 0.9144402981768992, 0.21167008182551117, 0.9784459934806048, 0.5167501491792525, 0.48475737039325706, 1.0, 0.062249849358685494, 0.807452058143688, 0.604916042351913, 0.7130128420673141, 0.2862608832187983, 0.2578450163974526, 0.8546735242759803, 0.6976326197722955, 0.6187144360927848, 0.03589632000434806, 0.5549604676159303, 0.47170418373316925, 0.40571498719834154, 0.11859784317521638, 0.7370259715880548], [0.8708020939892902, 0.6973038958066832, 0.4718387835523934, 0.257246989917291, 0.45667335959865907, 0.24176679355684128, 0.1819806476667004, 0.21991291269768187, 0.42796030646412986, 0.045245458851771225, 0.9455127757870588, 0.9346036286246222, 0.8924765126752571, 0.04623017662798379, 0.027310962349910484, 0.7481592631777236, 0.10130018066156998, 0.12623298624003232, 0.656363478741028, 0.062249849358685494, 1.0, 0.9596596698050297, 0.5262202134982847, 0.8561540223540846, 0.6251895300494912, 0.2828103643634239, 0.7673399289068907, 0.3993492891590461, 0.7745123262799248, 0.021410959530764218, 0.19638293970903153, 0.24698088202717627, 0.9305358731651505, 0.825004672407458, 0.36771972731461056], [0.970226652502523, 0.3954267118955873, 0.9060018203298761, 0.17207241424344277, 0.5394898256182, 0.8791910611780738, 0.43694128033577484, 0.11492881095511998, 0.6745257926965837, 0.9122705563407586, 0.699291434514242, 0.34621882414743366, 0.6361472340340891, 0.13900386360814754, 0.6431315434863858, 0.20744584745870542, 0.3487322383169138, 0.16155931454576455, 0.7564589701304831, 0.807452058143688, 0.9596596698050297, 1.0, 0.6972798070066271, 0.5526138056370715, 0.5286115415456752, 0.22707103751653424, 0.12851492313156843, 0.8597224251504544, 0.3836259424103944, 0.2573559452105352, 0.2564139278452804, 0.38681992249243613, 0.49121231199041704, 0.9218357330443907, 0.5645824784568396], [0.5064289429453653, 0.06382401525538006, 0.7407789449703822, 0.4245117726410593, 0.5086927627487509, 0.8527914849508339, 0.679824645397785, 0.2867219573766162, 0.8622146611368452, 0.7450619840244399, 0.4518189083015024, 0.8285161355098329, 0.23814893230130185, 0.8564902410766903, 0.9338119545715011, 0.937853755052652, 0.08319264085237843, 0.11073931067908949, 0.13699971152308654, 0.604916042351913, 0.5262202134982847, 0.6972798070066271, 1.0, 0.22325660286874804, 0.9982454074645668, 0.9417801085842996, 0.5405196215462728, 0.24960047312944678, 0.4585964458885782, 0.48528207382590893, 0.2657890761191456, 0.08815360463680577, 0.2037046954156262, 0.03862415607219205, 0.591187297664621], [0.7038018418534916, 0.21726659644595359, 0.8536668517882422, 0.04892546319018187, 0.40880202030261825, 0.48525132122647363, 0.19684138093274817, 0.4022290009114817, 0.7034583120324193, 0.4516596774151408, 0.8389280462813884, 0.7673808492426101, 0.05779357540473107, 0.6446222634213675, 0.28456729330417907, 0.7495914749924862, 0.8720993360942215, 0.4937234521406262, 0.8597918821090197, 0.7130128420673141, 0.8561540223540846, 0.5526138056370715, 0.22325660286874804, 1.0, 0.723845602798546, 0.22161216610483736, 0.8821705320768641, 0.26737447408727233, 0.7241693619213988, 0.35033392807670016, 0.9629019179728794, 0.4711382085326683, 0.45493936241046073, 0.44511685968023873, 0.6500632956606833], [0.9688056276099967, 0.7103526113910013, 0.8678150303066461, 0.4586534653660438, 0.8621812518026313, 0.32983516336175644, 0.19701273374752237, 0.4846885924691121, 0.7895294052890185, 0.28533746548472216, 0.6305114311779938, 0.33688919339412804, 0.4949248164848574, 0.7162298046977134, 0.5590263159310976, 0.8701262848725898, 0.7556798176424134, 0.24744653077548573, 0.5109783629752268, 0.2862608832187983, 0.6251895300494912, 0.5286115415456752, 0.9982454074645668, 0.723845602798546, 1.0, 0.9084969058107972, 0.09766210337724457, 0.5700099947313635, 0.36936705787883983, 0.8789833467690821, 0.3189580455642076, 0.17949521022441184, 0.3913831796232736, 0.4628168907828816, 0.3896128081931791], [0.46484792145142495, 0.2666017265843389, 0.44097985049439603, 0.04347246988940434, 0.7568165061945977, 0.7756101201880938, 0.9000907581654667, 0.25917249518914764, 0.7577836287648205, 0.8985782156139498, 0.9375292965358759, 0.838462971668235, 0.8391645228412487, 0.06064608528272686, 0.9428413263040327, 0.5903866318602977, 0.9924017254029144, 0.12233653709263537, 0.026019798987543474, 0.2578450163974526, 0.2828103643634239, 0.22707103751653424, 0.9417801085842996, 0.22161216610483736, 0.9084969058107972, 1.0, 0.3639544469151089, 0.9194017084830276, 0.03699359073451558, 0.8359634638887663, 0.8811438089179425, 0.23486530247235093, 0.10881672834330058, 0.6350159047847518, 0.15797943447617302], [0.7235356907885665, 0.9887471327457956, 0.39635062908754803, 0.3830913691780876, 0.11359245015698305, 0.182466293751828, 0.20052623163311745, 0.719701298448468, 0.5531284392010956, 0.28382065938955603, 0.9765956547223735, 0.011174507939120115, 0.586553256243693, 0.23303335800603076, 0.28618789024008884, 0.9447968319738179, 0.29030653272603923, 0.9987792063894017, 0.8850130604737845, 0.8546735242759803, 0.7673399289068907, 0.12851492313156843, 0.5405196215462728, 0.8821705320768641, 0.09766210337724457, 0.3639544469151089, 1.0, 0.7660806124167644, 0.011523375258064461, 0.31932923305263283, 0.32378281344742865, 0.9632789358574879, 0.4914857568929546, 0.10509917191864016, 0.19860382177093905], [0.616842634777162, 0.46107522834188686, 0.5425788670124598, 0.20756862790535535, 0.9625803343384234, 0.7931923816738403, 0.10742428066474452, 0.5927216983909529, 0.6910163952386956, 0.008987066679397304, 0.464849346958359, 0.04592600198435648, 0.27493986265086345, 0.3937816436753, 0.45662319147717323, 0.9048583827874925, 0.13894113716204703, 0.8275872604037978, 0.8505819052462444, 0.6976326197722955, 0.3993492891590461, 0.8597224251504544, 0.24960047312944678, 0.26737447408727233, 0.5700099947313635, 0.9194017084830276, 0.7660806124167644, 1.0, 0.9079412506830102, 0.0014407401113243345, 0.9605946534699362, 0.7585877822254892, 0.6223207959560649, 0.7004994350914766, 0.5735619321469437], [0.4774110344472958, 0.5984405788214576, 0.16856411911069125, 0.39979106789940466, 0.1825826096871348, 0.9804260028570957, 0.0959030765364316, 0.7652860473475661, 0.515082450184796, 0.504959119512868, 0.24725919908806715, 0.16543465639447386, 0.6516436158281518, 0.6785361184622329, 0.23752502417624766, 0.6501502596107133, 0.06728917620972186, 0.8090064252485482, 0.4666488402823452, 0.6187144360927848, 0.7745123262799248, 0.3836259424103944, 0.4585964458885782, 0.7241693619213988, 0.36936705787883983, 0.03699359073451558, 0.011523375258064461, 0.9079412506830102, 1.0, 0.14975726543344348, 0.6051678438011362, 0.4430031389768463, 0.4889260964643435, 0.039835675293728334, 0.12143155895450386], [0.8979696343662299, 0.4787594986086673, 0.5271820273243714, 0.9139665176760612, 0.5330844268273126, 0.14714357480385376, 0.6182940873633676, 0.026159478725065854, 0.17278744968145143, 0.7654735888551143, 0.5955720431958428, 0.37248136000324594, 0.4327515186898422, 0.441087801794371, 0.5790905269916036, 0.7350446504445781, 0.8611630900251759, 0.6229701998600101, 0.13825718642261664, 0.03589632000434806, 0.021410959530764218, 0.2573559452105352, 0.48528207382590893, 0.35033392807670016, 0.8789833467690821, 0.8359634638887663, 0.31932923305263283, 0.0014407401113243345, 0.14975726543344348, 1.0, 0.8702439506847877, 0.015977416000242828, 0.05573414448306879, 0.8882497245579433, 0.20350089502379232], [0.257558295960595, 0.6504406469062363, 0.48052842504280613, 0.49108209789035284, 0.5785104244047476, 0.39163044310941797, 0.516989211827243, 0.1593184710198946, 0.042604493661808074, 0.6702130609205421, 0.9386066812934514, 0.7683131180142114, 0.6893340754064341, 0.08629876422346971, 0.010828583148516757, 0.9089987968810503, 0.5290202330968873, 0.2749467280786466, 0.1639587085904466, 0.5549604676159303, 0.19638293970903153, 0.2564139278452804, 0.2657890761191456, 0.9629019179728794, 0.3189580455642076, 0.8811438089179425, 0.32378281344742865, 0.9605946534699362, 0.6051678438011362, 0.8702439506847877, 1.0, 0.3707876685443836, 0.5623870034695212, 0.4697785944457772, 0.6998921417587485], [0.4389192951443559, 0.6546829291127416, 0.010565420681116877, 0.3990917919573844, 0.5073265889976807, 0.07120764159396897, 0.03300994306024707, 0.8935005650518232, 0.010608646039406255, 0.49475499513572074, 0.2618439321821501, 0.09437518577008985, 0.9382169629561139, 0.5317930346114929, 0.26538893596213897, 0.218026292106552, 0.06887259264451384, 0.9205205317885016, 0.5628933120114051, 0.47170418373316925, 0.24698088202717627, 0.38681992249243613, 0.08815360463680577, 0.4711382085326683, 0.17949521022441184, 0.23486530247235093, 0.9632789358574879, 0.7585877822254892, 0.4430031389768463, 0.015977416000242828, 0.3707876685443836, 1.0, 0.9122226252344107, 0.5797846561705059, 0.1521927454314692], [0.9796915699013009, 0.02143945550054116, 0.19558239344289208, 0.35761246107069977, 0.9423514169482811, 0.7797811905906693, 0.021749490624067613, 0.9810526395705307, 0.8134725141012786, 0.4340313174688196, 0.12402997076125388, 0.7338040054979518, 0.36908237870932814, 0.8280146653492564, 0.5258482921422215, 0.675776846047823, 0.6917376254869092, 0.21626723723210584, 0.12833947759968456, 0.40571498719834154, 0.9305358731651505, 0.49121231199041704, 0.2037046954156262, 0.45493936241046073, 0.3913831796232736, 0.10881672834330058, 0.4914857568929546, 0.6223207959560649, 0.4889260964643435, 0.05573414448306879, 0.5623870034695212, 0.9122226252344107, 1.0, 0.2615406680695419, 0.8719244059059239], [0.03127730562360698, 0.20508760166541384, 0.09916410750655735, 0.32677740292103896, 0.9144733023101574, 0.7624573202683375, 0.5056651715777946, 0.259125086773907, 0.4598785533523706, 0.10441639062216601, 0.14236315183465964, 0.04272012941532344, 0.05479674491220132, 0.06493128713814034, 0.12971189461282828, 0.4388570196175151, 0.23952359106856846, 0.6931457663214937, 0.06290661066095726, 0.11859784317521638, 0.825004672407458, 0.9218357330443907, 0.03862415607219205, 0.44511685968023873, 0.4628168907828816, 0.6350159047847518, 0.10509917191864016, 0.7004994350914766, 0.039835675293728334, 0.8882497245579433, 0.4697785944457772, 0.5797846561705059, 0.2615406680695419, 1.0, 0.11768175962534733], [0.08221348844149656, 0.0010650623249024438, 0.0490585200944057, 0.3544967893429185, 0.9871278072503705, 0.9618068062694807, 0.11474855772896475, 0.41189029547117195, 0.6048194633959736, 0.28323344017063357, 0.01797523597427375, 0.33788385020817613, 0.15335734020737601, 0.44280690466002837, 0.880592538825985, 0.5676558911814252, 0.5208265122669226, 0.6782162609935618, 0.4362138010669159, 0.7370259715880548, 0.36771972731461056, 0.5645824784568396, 0.591187297664621, 0.6500632956606833, 0.3896128081931791, 0.15797943447617302, 0.19860382177093905, 0.5735619321469437, 0.12143155895450386, 0.20350089502379232, 0.6998921417587485, 0.1521927454314692, 0.8719244059059239, 0.11768175962534733, 1.0]]