[[1.0,0.0035645357002582977,1.3217218022073217E-4,1.2993716580380547E-4,0.05685701425586493,1.39746952167892E-4,4.126702583218054E-4,3.7679748780513684E-5,0.017155778156708268,0.05074362293421501,1.383942461685278E-4,0.0076644603183830635,1.204504683413131E-4,3.1694757660103795E-4,1.1597066137642223E-4,0.0010121718245495492,0.0011072538486585604,1.0908293148073884E-4,3.866474987587378E-5,1.0962535846878248E-4,1.507006562820535E-5,0.0013835242905006354,0.01885166184474619,1.2580626699273872E-4,5.334422950164289E-5,1.153725092422179E-4,1.1967556948909662E-4,7.226519754037513E-5,7.584350942048439E-5,1.239973333457927E-4,0.012425651627485811,2.7380110667999833E-4,6.807080904838688E-4,0.017773543501295085,3.5242906261812913E-4,0.006224888053353032,1.1967588678855702E-4,0.032754040257983855,2.703979540242325E-5,6.804842732426804E-5,2.0510655233169485E-4,2.1936509308495637E-4,0.001150235385406433,0.0028765036236141845,5.07722672077726E-5,1.9673524107069863E-5,0.0036814081926843946,8.02241409756768E-5,0.001184364147094699,6.084345370148297E-5,0.020239994494236732,1.0917054476532798E-4,3.26940421562224E-5,1.1801064650081411E-4,0.00212533338198536,2.112584402586387E-4,1.4627668398584147E-4,0.0019164831439590227,0.06741700743608472,9.669300162103942E-4],[0.0035645357002582977,1.0,0.0024610344956657653,0.002697114158551447,0.010124373002543006,0.0020888598438381792,0.004206599727707755,0.0028170623914660683,0.008174878361864493,0.04558596393213424,0.0031660722124581507,0.008403668158010523,0.003629369637316534,0.0014449831105130548,0.0024105395834364577,0.004005567536421858,0.0018680354543517668,0.0011067151086806282,0.0024379558125377718,0.0020742193943091582,0.0045102641736897466,0.0021167169189780666,0.028780343176901563,5.59198981142431E-4,0.001291061051337503,0.004385036526594616,0.0034460664764276476,0.0021824128016697114,0.003181942454503657,0.0024613427123466804,0.00789985896133906,0.0018850201345181005,0.002150201690393674,0.009573056224743068,0.004128218012348103,0.007957036925234142,0.004302554963093377,0.024422457392001967,0.003596097149089927,3.530378993682175E-4,0.002338167202653564,0.0010105412833565136,0.0045876458049585,0.007511967596037443,0.0042557942055337136,0.002695840681386805,0.004845182667635261,5.501794518283039E-4,0.0023080768759860966,0.004650272667391439,0.024550873916606156,0.004037146376759679,0.0010882591312932316,2.6040609707149215E-4,0.007318712771504329,0.003291090157630758,9.196678528126337E-4,0.0029101479928773754,0.0687078909114053,0.0019138877639312255],[1.3217218022073217E-4,0.0024610344956657653,1.0,1.4321100154269546E-4,0.08154044454129183,1.5079727376351285E-4,8.405576718717383E-4,7.785537652358399E-5,0.01573846470997463,0.03605018166942086,2.4291804908556917E-4,4.296132890393154E-4,1.266411624830881E-4,2.534217005655022E-4,1.1503212968138142E-4,7.972724122111785E-4,0.0011331771577135401,1.242097283317311E-4,7.268231522815149E-5,1.404993760763521E-5,1.1224820960923065E-4,0.0015525892000649035,9.452863269786831E-4,1.386316447152104E-4,1.1037408966318009E-4,2.9800580491042475E-5,1.2911334586244367E-4,6.049755621310421E-5,1.0049118283911304E-4,1.399958904761235E-4,0.0046718805664150796,2.2220288932629946E-4,9.368973307081409E-4,0.00568994468659573,5.100201976350612E-4,0.0058947212747092,1.3509026232890695E-4,0.0023343461688288187,1.2240371179979528E-4,3.5748221111663305E-5,1.6635195445877324E-4,1.581247930183538E-4,0.0021923058582563808,0.008270986943740562,9.454620995784886E-5,8.082364414007272E-5,0.0010330059625702841,1.4137533744490937E-4,0.0012699335480095184,7.11343906302307E-5,0.018357581576882945,9.974586508489605E-5,1.4896042462467078E-4,1.2251365913951137E-4,0.0025275323732213226,1.5450249412326492E-4,1.4880235803824618E-4,0.0017116259736426078,0.08214772641976345,7.880171736465224E-4],[1.2993716580380547E-4,0.002697114158551447,1.4321100154269546E-4,1.0,0.017779414482030947,1.5711030359234028E-4,5.543666972388107E-4,1.2411941082678262E-4,0.014965377586662554,0.032381495059217176,1.5060145515134147E-4,0.0022809754495979103,1.314437802343775E-4,2.1321252043369132E-4,1.2447480214650472E-4,6.035475009052315E-4,2.0953316353006707E-4,1.2773509916242287E-4,8.73926815006436E-5,7.362394385709667E-5,3.591615619384335E-5,7.77722701983142E-4,0.012341525763316203,1.3089926102628408E-4,4.228383947651985E-5,9.771973617563945E-5,1.30200869935327E-4,9.65450003807574E-5,3.0429557353748406E-5,1.3589409260013783E-4,0.004285115579786721,3.6696837357828166E-4,5.745239146480014E-4,0.006922144145744151,4.41556387993583E-4,0.006769737094615362,1.204980540811817E-4,0.020948846759495633,1.3131726079620743E-4,7.010144810687525E-5,1.6512994318603543E-4,2.0876059577979356E-4,6.06343241315119E-4,0.006183710572056695,7.601575463370749E-5,9.736748151740865E-5,0.004839995514082534,9.153660805427669E-5,3.210479950140732E-4,1.1420358489704972E-4,0.018692857770806363,1.3107176070616038E-4,2.0851074256618823E-5,1.229686905280366E-4,0.03129593121440346,1.5374770767402304E-4,1.3785243964054662E-4,4.5517785236408363E-4,0.036696751184087086,1.568114483736137E-4],[0.05685701425586493,0.010124373002543006,0.08154044454129183,0.017779414482030947,1.0,0.07978652380895482,0.07860055546458965,0.006658829876091011,0.06540652876598707,0.08045804546336535,0.05393146020066048,0.019124497334520093,0.020136762440121695,0.01802827616252457,0.01661269336717454,0.013570538118663574,0.03526265679138732,0.05410490219092712,0.002636164169846631,0.057177665835819014,0.03163769086237798,0.04121776408996923,0.05912464780396666,0.06484039522808654,0.08014510211535025,0.04374492065630547,0.05675824573700944,0.07045952907999159,0.013354530351663133,0.079898964954963,0.057406109274910806,0.06989381906651101,0.06601087748185389,0.0724459047750036,0.04185865465628555,0.06974486890941743,0.038865680794467436,0.04118857583409861,0.020501228291710406,0.07561699964310442,0.021454667561378517,0.022427955477808008,0.005431955226743056,0.05840400228662706,0.04018387817212575,0.0232191960157501,0.02009309536742798,0.0626712003765646,0.03168365403121171,0.018016763581250136,0.04784218809186731,0.04471412084666185,0.03515321095974406,0.07762804240426427,0.045028549826052935,0.032793786581434205,0.06200260850912415,0.056195569923952575,0.08333333333333333,0.08250027917103987],[1.39746952167892E-4,0.0020888598438381792,1.5079727376351285E-4,1.5711030359234028E-4,0.07978652380895482,1.0,8.117030742618948E-4,3.797978000655794E-5,0.01695167428262199,0.030719753431061682,2.690602346690004E-4,0.008509577206397716,1.2742332157086354E-4,2.238352144376443E-4,1.619299511293565E-4,3.7231080340378446E-4,0.0011850615451206464,1.6561624294666297E-4,8.71962624424167E-5,5.1813261164990594E-5,1.6877549413735988E-4,3.26629515778382E-4,0.032111610992100525,1.6255543158346056E-4,2.5698769557361774E-5,3.560667931271217E-5,1.653592369821466E-4,5.961183336712235E-5,1.5159485339212697E-4,1.7510350588259538E-4,0.007753088998577597,2.6191026014737897E-4,5.672534941789479E-4,0.011383603556322737,3.3469862116311587E-4,0.007964557743410743,1.4736432373559961E-4,0.027834799119121238,1.0979565752974323E-4,1.7022335053355932E-4,2.331054400596299E-4,2.131452094530534E-4,4.554486739823669E-4,0.005193619109386598,1.2435945743507213E-4,2.7835807372254698E-5,0.0044209032897180155,6.596584229238728E-5,6.91890833033294E-4,1.4292477299102682E-4,0.005820637085709765,7.598814085284271E-5,1.400222908054503E-4,1.2949685575252287E-4,0.01946689444075486,2.219246066736979E-4,1.5742407506024467E-4,0.0022851667178092174,0.013193838492814799,5.072222959913971E-4],[4.126702583218054E-4,0.004206599727707755,8.405576718717383E-4,5.543666972388107E-4,0.07860055546458965,8.117030742618948E-4,1.0,2.47700329827111E-4,0.016797822104593782,0.0025511085439844285,4.0777798367653883E-4,0.005139560668128794,5.793995759302916E-4,5.046789755716511E-4,5.84248969615006E-4,0.0010514652824606032,0.0011893294044125486,2.6595866115219E-4,2.9609484550400957E-5,8.207246048929589E-4,3.348982704411364E-5,0.0010992219585093822,0.04885035182540878,7.371238496540218E-4,1.4141573658269115E-4,0.001019476826857571,8.697132013484495E-4,0.0010035561793396667,2.861479646100808E-4,2.1311562507189498E-4,0.004470063970889487,8.384265146100994E-4,0.0010438231784781168,0.017737373654700274,7.658437786772457E-4,0.0024973320497022975,6.62719428387938E-4,0.027879932216158428,2.305542444487218E-4,8.797200996992345E-5,9.069743604889436E-4,3.151358688751817E-4,0.003908687522809028,0.009903547945325403,4.7553801526570836E-4,2.7418703006173512E-5,0.004685388035303417,7.847015706171871E-4,0.0015734656261036397,7.459726991351381E-4,0.01661619320943961,7.546630878689572E-4,0.0010074014330792372,4.50279326142294E-4,0.03418089328332556,3.987070386600104E-4,7.72180760471919E-4,0.002126789712615089,0.044573315775703455,0.0010961383050395773],[3.7679748780513684E-5,0.0028170623914660683,7.785537652358399E-5,1.2411941082678262E-4,0.006658829876091011,3.797978000655794E-5,2.47700329827111E-4,1.0,0.012091568509311089,0.023699443650575094,2.68496256695049E-4,0.007685183259487782,6.122504401569132E-5,1.072585584076246E-4,5.001397625166811E-5,5.820962785684095E-4,0.001194898058408873,3.1711040833790744E-5,2.09096187605583E-5,1.8166046244753007E-5,1.8419789172900386E-5,0.0015661664870324362,0.03983922294983308,8.705978218175434E-5,1.642562867631017E-5,1.9402741961463492E-5,6.388296287157689E-5,2.2628236683758134E-5,1.843380218888978E-5,8.873834794826494E-5,0.0069905860279520626,1.8489988818806499E-4,1.579175222872587E-4,0.012851337571957434,2.0736698081088648E-4,0.004609966321143672,4.186860062385221E-5,0.028079191420729756,2.2821209310325183E-5,2.1350892855347874E-5,4.910149991061498E-5,2.2540500975847194E-4,0.001221302573609184,0.008970368096831043,2.980607991577504E-5,2.1473862313723627E-5,0.0022035132351787205,2.7227776857681694E-5,0.0014454949610988065,4.270980821438626E-5,0.017234514483766884,1.359022501391142E-5,1.8513850676765392E-5,7.21430834141404E-5,0.02812973186551712,1.7215076752538665E-4,6.152725513882475E-5,0.0015050654369644762,0.037560524104589404,0.0012380125864532975],[0.017155778156708268,0.008174878361864493,0.01573846470997463,0.014965377586662554,0.06540652876598707,0.01695167428262199,0.016797822104593782,0.012091568509311089,1.0,0.027712609664849987,0.0075398516470653355,0.017700623754874273,0.007115710583663844,0.01317178412917506,0.005934237286213769,0.004877233840759934,0.004102083915995102,0.009882821277862915,0.004490247243303056,0.013895358738849888,0.008530529364260981,0.0016264861076122118,0.03386196146810842,0.005713180235941562,3.8853288974780714E-4,0.003990720008877274,0.010897411712626166,0.0019279556823013633,0.016857369622284714,0.0070731526382665005,0.01397211698238937,0.012177470549620354,0.008033016356301843,0.022623948171875755,0.0010607105600046011,0.01161350261202217,0.007762144989607953,0.02880242142836701,0.014558642578952759,0.0010413315152604924,0.01704029872916674,0.009411172991532966,0.01635177516693972,0.013299027109863443,0.014825559541883032,0.01013857381755049,0.01446099620379274,0.006793087436341012,0.009026894133964363,0.01635344304127831,0.02849633040962153,0.015951595210000093,0.009947090534968377,0.016646224916066453,0.028399233481430503,0.015497910786673648,0.0024168087303846346,0.010785850908153585,0.07148581744191206,0.007866631075405457],[0.05074362293421501,0.04558596393213424,0.03605018166942086,0.032381495059217176,0.08045804546336535,0.030719753431061682,0.0025511085439844285,0.023699443650575094,0.027712609664849987,1.0,0.05007919508379597,0.05108788751885058,0.008502685464513982,0.048786450892933875,0.04626844727735877,0.021026583928540888,0.028990021636556878,0.05258032995156399,0.026385759953719265,0.004394928907450545,0.023662885903822588,0.04628979674753463,0.05177230948790649,0.030359211684120025,0.007870346660510322,0.04304525212415904,0.04363484998524771,0.008614118507913465,0.04323630061638979,0.049736377515447176,0.05097158496802906,0.02783424023599675,0.020877567493660137,0.046397461113245886,0.03353866792133469,0.030258817538954354,0.04494792337694535,0.03939406557401819,0.025205935619202355,0.004616201345124866,0.015119444544174781,0.013891329680461511,0.005693752490924447,0.04688212578117085,0.02972295904513057,0.021999587849860877,0.008077715188725233,0.0011835922654843513,0.027990398418592785,0.026740619538390128,0.05245208246037181,0.021454659715552854,0.0020598906742900114,0.03696629450522555,0.040103945017277105,0.028926526347868853,0.016532531820990008,0.023029329745746816,0.07651623416515656,0.04535942163960532],[1.383942461685278E-4,0.0031660722124581507,2.4291804908556917E-4,1.5060145515134147E-4,0.05393146020066048,2.690602346690004E-4,4.0777798367653883E-4,2.68496256695049E-4,0.0075398516470653355,0.05007919508379597,1.0,0.006209701295996593,2.687749295107407E-4,3.5923528379606517E-4,2.8485784156574294E-4,3.538419258631412E-4,0.0011432789062263337,2.2424910279680597E-4,1.681721110291828E-4,1.6183188649938234E-4,1.8779249876980133E-4,0.0012924072801826995,0.02737928732899049,1.5200751679524978E-4,1.782100602835131E-4,6.0954537227790567E-5,1.8390985970986352E-4,1.8627943146435637E-4,2.651533361591534E-4,1.9968482758665908E-4,0.0027722238979622166,3.2763131427329776E-4,8.205770590250993E-4,0.021993876756627707,3.5470312243371935E-4,0.008331524616238695,1.578713968275874E-4,0.0024938437930075437,1.6784070435923938E-4,9.784506744597296E-5,2.6332119357557897E-4,2.8365375302260654E-4,0.0011700853082790238,0.0029465444208648705,2.1589004106961285E-4,2.0871548308606475E-4,0.003036916924951718,2.0656704084381602E-4,8.474772405783254E-4,1.0346099933734832E-4,0.02279246830592971,1.8253420001558486E-4,7.645219475723552E-5,2.655883424797657E-4,0.0326021636259776,2.6513490369224445E-4,2.3995161078488574E-4,0.0022875292400905503,0.025130905780387514,6.273975832519779E-4],[0.0076644603183830635,0.008403668158010523,4.296132890393154E-4,0.0022809754495979103,0.019124497334520093,0.008509577206397716,0.005139560668128794,0.007685183259487782,0.017700623754874273,0.05108788751885058,0.006209701295996593,1.0,0.010902808452120353,0.006890049877369126,0.012760759369118961,0.0016436832918079966,0.007358045459695241,0.0057114798712030465,0.013621049630761554,2.91121263171817E-4,2.8640180810076993E-4,0.0026825803031789996,0.026779335950978242,0.011666760532134961,0.012384207794491271,0.004388077224829271,0.011059457250667922,0.004559944051504466,0.00964133250784874,0.005949381510007209,0.0135888463658179,0.008654410286829176,0.007180188520572546,0.02224556370141116,0.0042173076470038776,0.013516820466354645,0.0011701949947935863,0.025333707451966683,0.0017954219010950987,1.5809078597069296E-4,0.00995236118829459,0.011874356757160571,0.012017006370614518,0.010087749877910918,0.002230021491348428,0.0052793376388035615,0.0100048121372842,0.007138271535360556,0.011194986350060358,0.008949887965398756,0.016898971410498394,0.010887587968612627,0.011327039776518416,0.00578459581138205,0.019987728268489737,0.010960512268544265,0.010673149622684197,0.01230779249208821,0.06835630156859195,0.00511373360315202],[1.204504683413131E-4,0.003629369637316534,1.266411624830881E-4,1.314437802343775E-4,0.020136762440121695,1.2742332157086354E-4,5.793995759302916E-4,6.122504401569132E-5,0.007115710583663844,0.008502685464513982,2.687749295107407E-4,0.010902808452120353,1.0,1.2615484951000933E-4,1.1157923834272821E-4,3.389203609161538E-4,1.488284165809787E-4,1.0991128140051668E-4,4.847965235291642E-5,8.204324829198035E-5,1.2026781197086781E-4,0.001058294894373097,0.038688985596712466,1.2476588849755395E-4,5.5893166701777485E-5,1.1331410194937434E-4,1.2331655221356494E-4,5.087390738092893E-5,1.0191158126127554E-4,1.2913094691364312E-4,0.0077586767135224876,1.4186249230681029E-4,9.348037458982495E-4,0.004964187157983098,3.891982756552701E-4,0.0018514229417831221,1.211055152586295E-4,0.031216037651759218,9.361682386095235E-5,4.310290770202175E-5,2.168433870205304E-4,2.172602539055823E-4,4.029776453659278E-4,0.005627330292430324,8.820180583870051E-5,6.368913738532841E-5,0.004031697050724625,7.126463853544536E-5,0.0014493057015819199,1.1224237385686509E-4,0.0015371055098947568,2.7548853882274977E-5,1.1926170524312121E-4,1.1960157851905373E-4,0.007504612621404303,1.3390792314861417E-4,1.4648423377541992E-4,0.0014401205999290767,0.045942745589213914,2.5145125776969575E-4],[3.1694757660103795E-4,0.0014449831105130548,2.534217005655022E-4,2.1321252043369132E-4,0.01802827616252457,2.238352144376443E-4,5.046789755716511E-4,1.072585584076246E-4,0.01317178412917506,0.048786450892933875,3.5923528379606517E-4,0.006890049877369126,1.2615484951000933E-4,1.0,3.813763807182488E-4,4.8500312337907954E-4,0.0011590750563889678,1.5009491617504173E-4,4.5067519046575026E-4,2.632640043230093E-5,2.9275823848611828E-5,6.742449559929264E-4,0.03508969099799916,4.509159034543636E-4,4.1816271921790027E-4,1.516034064990559E-4,3.213334471173141E-4,3.194482424966138E-4,1.1165149091827301E-4,3.9518227489256357E-4,0.003052589918397397,4.660812417326814E-4,4.8976111279425E-4,0.014886991142250436,4.823268538238569E-4,0.006633466538355136,2.428394224761624E-4,0.00942848508794424,3.6513937832496337E-4,1.8438049785364958E-4,3.8492295661666934E-4,3.782241997079957E-4,0.0017635833584089555,0.0027358406822076847,2.8147403501499544E-4,2.507636984001039E-4,6.859404693161592E-4,4.4954071872262873E-4,8.703619121216983E-4,4.1088413153707055E-4,0.02415409416319259,2.5355106652084555E-4,3.6218088853577954E-4,4.0136742782934543E-4,0.010391580326445745,2.4897958035831146E-4,3.6209553843174905E-4,8.899607696201121E-4,0.002243182682611534,0.0010696670669683257],[1.1597066137642223E-4,0.0024105395834364577,1.1503212968138142E-4,1.2447480214650472E-4,0.01661269336717454,1.619299511293565E-4,5.84248969615006E-4,5.001397625166811E-5,0.005934237286213769,0.04626844727735877,2.8485784156574294E-4,0.012760759369118961,1.1157923834272821E-4,3.813763807182488E-4,1.0,3.954155996316415E-4,3.852650441883567E-4,1.0476077984179966E-4,5.043417379312831E-5,2.6964724148241386E-5,8.07114550091823E-5,2.1224532721522357E-4,0.0028451466168889056,1.1468765850910558E-4,4.422250892212617E-5,3.5039588548560745E-5,1.1870620359043344E-4,1.0332827211239896E-4,7.051069115622318E-5,1.1909888184851625E-4,0.011286164816577822,3.030678579659449E-4,9.108528577733615E-4,0.008113806842962545,2.8367167904021917E-4,0.0032912105841225846,1.1458702297018242E-4,0.0059363410737686894,9.200951380330365E-5,7.631760402861533E-5,1.2319573334872063E-4,1.1422731613627753E-4,0.0038869938335552214,0.007579606703502479,5.4431805443598896E-5,4.8830339138341445E-5,0.0017977071389421854,4.304998786559624E-5,0.0010548464458678961,7.914266736739412E-5,0.01639627872067092,5.8992980827093705E-5,1.9112481559649063E-5,1.1499545922945521E-4,0.0073039535402609,1.4630088887742298E-4,1.2849539633035944E-4,2.023075158971864E-4,0.046350482444740757,6.426031510346502E-4],[0.0010121718245495492,0.004005567536421858,7.972724122111785E-4,6.035475009052315E-4,0.013570538118663574,3.7231080340378446E-4,0.0010514652824606032,5.820962785684095E-4,0.004877233840759934,0.021026583928540888,3.538419258631412E-4,0.0016436832918079966,3.389203609161538E-4,4.8500312337907954E-4,3.954155996316415E-4,1.0,0.0012353770557799982,8.679688088352107E-4,1.7083049915051364E-4,3.8588558296254367E-4,7.388775401709885E-4,0.001351439363212842,0.0018916074141765637,8.124020909709354E-4,8.429994453207915E-4,8.179927127981124E-5,8.421971873558492E-4,7.047848728904653E-4,5.373829749626272E-4,3.745212156562557E-4,0.004476265879180458,5.02107896950537E-4,9.990306116877258E-4,0.008277672621907078,7.256922018496609E-4,0.007828836443784267,9.184782052269284E-4,0.003374112313046372,5.826371831482622E-5,2.699398660781632E-4,9.383252246754712E-4,5.908848509873361E-4,0.0036307225627552446,0.005286353342255587,2.64834385880295E-4,4.2919496226163955E-4,0.003521127864153292,1.7793080709938204E-4,0.0012186239998052868,8.529047452746293E-4,0.004438428057341253,6.147911136058934E-4,6.335583597913966E-4,9.379244450807581E-4,0.018541786128263835,2.821121576349077E-4,8.050108195995438E-4,0.0013821756575358413,0.024052580633144683,0.0012234624370451132],[0.0011072538486585604,0.0018680354543517668,0.0011331771577135401,2.0953316353006707E-4,0.03526265679138732,0.0011850615451206464,0.0011893294044125486,0.001194898058408873,0.004102083915995102,0.028990021636556878,0.0011432789062263337,0.007358045459695241,1.488284165809787E-4,0.0011590750563889678,3.852650441883567E-4,0.0012353770557799982,1.0,5.028279250638114E-4,1.897740142834456E-4,8.690236612232228E-4,2.9586338802183536E-4,0.0014510471788028746,0.04155712921257929,9.207652469947406E-4,3.07993067541187E-4,5.090462792962604E-4,7.952317695520838E-4,4.6173867165873845E-4,8.223963480977718E-4,0.001203751687210621,0.007068315792482996,8.303284890865443E-4,0.0011997637830119612,0.007940025204783187,8.879556766082991E-4,0.004795095241484806,4.3991457734589973E-4,0.002439062905393045,0.0012976114702828716,3.6076771230089845E-4,0.0010518530828208905,4.7018530908746105E-4,0.003472015419644216,0.006739351494465685,0.001003794771534853,9.041230047296184E-4,0.0027982601653662228,8.297478689771522E-4,0.00140693300772998,3.8099931123447865E-4,0.0158128682246481,6.993608455410995E-4,6.288539399737282E-4,0.00105715465532846,0.036148105679323195,6.15462223365612E-4,4.0168219895039814E-4,0.0024411800550850292,0.0460274510554978,0.0012513035025320507],[1.0908293148073884E-4,0.0011067151086806282,1.242097283317311E-4,1.2773509916242287E-4,0.05410490219092712,1.6561624294666297E-4,2.6595866115219E-4,3.1711040833790744E-5,0.009882821277862915,0.05258032995156399,2.2424910279680597E-4,0.0057114798712030465,1.0991128140051668E-4,1.5009491617504173E-4,1.0476077984179966E-4,8.679688088352107E-4,5.028279250638114E-4,1.0,3.0037325607194087E-5,9.144870036459462E-5,9.523340812811137E-5,9.410103108769921E-4,0.03360684869980793,1.2617296284366908E-4,4.1802151260690256E-5,2.922850721796847E-5,1.1074526207356443E-4,8.323717629202192E-5,6.44837146999189E-5,1.1332710870077782E-4,0.0024609691188394495,3.6981043588255914E-4,6.87266277963487E-4,0.011029117643837976,3.6065082878861056E-4,0.008844578575826576,1.08758895607387E-4,0.010216616387419704,4.1128274249814525E-5,4.197451640987893E-5,2.549334036090177E-4,1.682170859013162E-4,0.0024308928150160334,0.004297367946406765,6.618924788191776E-5,7.884168298745701E-5,0.0017041634765284056,4.615702626969718E-5,0.001501745293708382,6.729332749018484E-5,0.010413850317046764,5.1233853552702614E-5,4.0872544645256586E-5,1.0399536846850703E-4,0.0154152357021051,1.895855805362142E-4,1.0381614873614215E-4,6.065685383801094E-4,0.0613834247475914,6.920223775163807E-4],[3.866474987587378E-5,0.0024379558125377718,7.268231522815149E-5,8.73926815006436E-5,0.002636164169846631,8.71962624424167E-5,2.9609484550400957E-5,2.09096187605583E-5,0.004490247243303056,0.026385759953719265,1.681721110291828E-4,0.013621049630761554,4.847965235291642E-5,4.5067519046575026E-4,5.043417379312831E-5,1.7083049915051364E-4,1.897740142834456E-4,3.0037325607194087E-5,1.0,1.3563658036241493E-5,1.3002395683324483E-5,0.0012695443409710594,0.005127437097750958,6.725486027474478E-5,1.538121447510289E-5,1.4966569244437476E-5,1.5840336323503255E-5,1.522848333839082E-5,1.4411939131988362E-5,1.0806570987013152E-4,0.008798269740430655,4.719251680412022E-4,2.9332091138143117E-4,0.004166435380812065,3.1710056262728803E-4,0.006996094801399787,3.221016751126351E-5,0.019579025365032615,1.5031922817123195E-5,1.9195301975658727E-5,5.473749502246367E-5,1.163370146041905E-4,0.001982494967172962,0.008036449522309051,3.651989128502518E-5,1.5390232377756628E-5,0.002547979072248961,1.8612787172360468E-5,0.0015327757563522138,4.5059587979426246E-5,0.01966740576265511,1.2453094072039654E-5,1.650241239322356E-5,6.195514285239402E-5,0.009668235614811171,1.5256337872204457E-4,7.803738550847634E-5,6.294163427299362E-4,0.042662061942497144,5.053376781955503E-4],[1.0962535846878248E-4,0.0020742193943091582,1.404993760763521E-5,7.362394385709667E-5,0.057177665835819014,5.1813261164990594E-5,8.207246048929589E-4,1.8166046244753007E-5,0.013895358738849888,0.004394928907450545,1.6183188649938234E-4,2.91121263171817E-4,8.204324829198035E-5,2.632640043230093E-5,2.6964724148241386E-5,3.8588558296254367E-4,8.690236612232228E-4,9.144870036459462E-5,1.3563658036241493E-5,1.0,1.1451992950732644E-5,5.668220040690701E-4,0.0244450242666029,8.151884829022062E-5,1.394700476346516E-5,1.2187524804921597E-5,7.347167690692616E-5,1.4393414701970471E-5,1.2548917851778176E-5,8.937714866574463E-5,9.76808410805652E-4,1.4290077681125623E-5,3.2599465826743825E-4,0.009530807613991431,2.9273409890322893E-4,0.00693984559632219,4.966757192913678E-5,0.003708479373293658,1.3336205852130608E-5,1.4351561036561152E-5,1.4882631162876095E-4,1.2722743494814826E-4,0.0021900246963107877,0.008771591621063746,3.473740637264588E-5,1.226010859380187E-5,0.00305367250868691,2.260662290225821E-5,8.855445457721209E-5,1.2999931273857579E-5,0.005770401355204524,1.1156460855112652E-5,1.1713509937180433E-5,1.9562830616367052E-5,0.004431590343764046,2.2246320106270263E-5,2.0953432271425527E-5,0.0025913329110819694,0.03366788029530885,6.588409366024892E-4],[1.507006562820535E-5,0.0045102641736897466,1.1224820960923065E-4,3.591615619384335E-5,0.03163769086237798,1.6877549413735988E-4,3.348982704411364E-5,1.8419789172900386E-5,0.008530529364260981,0.023662885903822588,1.8779249876980133E-4,2.8640180810076993E-4,1.2026781197086781E-4,2.9275823848611828E-5,8.07114550091823E-5,7.388775401709885E-4,2.9586338802183536E-4,9.523340812811137E-5,1.3002395683324483E-5,1.1451992950732644E-5,1.0,0.0010161662859028695,0.0355130940694251,1.1229077362995751E-4,1.4052063998709102E-5,1.4185542881440227E-5,8.854003045636341E-5,1.4341675007396524E-5,1.2963255639060997E-5,4.750106729035177E-5,0.012874551737627606,3.146924141132737E-5,2.8431274706590664E-4,9.50101164821253E-4,5.138259481872834E-4,8.994284384865594E-4,7.750224837469495E-5,0.01654207076404457,1.3991374594220277E-5,1.9282381380881265E-5,2.4647094528778688E-5,7.757189997318522E-5,0.003287794331061084,0.005447279863518527,2.44605365999962E-5,1.491870462536444E-5,0.0036813946778260216,1.5312239539695888E-5,0.001343734351913527,4.23491062172676E-5,0.021703129298547105,1.2504254436223859E-5,1.745527110338289E-5,1.139854718399843E-4,0.0033800189031588557,4.390985189461181E-5,9.058233805736306E-5,0.0014084134495271712,0.03520460786176872,4.858726842480791E-4],[0.0013835242905006354,0.0021167169189780666,0.0015525892000649035,7.77722701983142E-4,0.04121776408996923,3.26629515778382E-4,0.0010992219585093822,0.0015661664870324362,0.0016264861076122118,0.04628979674753463,0.0012924072801826995,0.0026825803031789996,0.001058294894373097,6.742449559929264E-4,2.1224532721522357E-4,0.001351439363212842,0.0014510471788028746,9.410103108769921E-4,0.0012695443409710594,5.668220040690701E-4,0.0010161662859028695,1.0,0.012479773070073918,3.3981078207816987E-4,0.0014335357493741754,0.0013378493547636877,9.638388106149111E-4,0.0011325475342209507,0.0013510305156073288,1.481020574611864E-4,0.01296272717542292,0.0015291096330197667,0.0013258012417475657,0.008216688606560784,0.0013896204566878098,0.007361918873852232,0.0013188759492798784,0.03161118591636992,9.624298183751968E-4,0.0011657897971203875,8.475295585184871E-4,5.535473871052608E-4,0.004020679317959089,0.003991006628194969,5.939706703210253E-4,1.1777022544757221E-4,0.0031180564284641467,0.0012103403912795004,0.001584871260403368,0.0014019257501199146,0.029078029376874304,0.001425603672612119,5.137103685877785E-4,0.001400925781885598,0.007202345928493803,9.636938098261869E-4,7.2088077535623E-4,0.001725342543053227,0.0433687874718555,0.001495267205837952],[0.01885166184474619,0.028780343176901563,9.452863269786831E-4,0.012341525763316203,0.05912464780396666,0.032111610992100525,0.04885035182540878,0.03983922294983308,0.03386196146810842,0.05177230948790649,0.02737928732899049,0.026779335950978242,0.038688985596712466,0.03508969099799916,0.0028451466168889056,0.0018916074141765637,0.04155712921257929,0.03360684869980793,0.005127437097750958,0.0244450242666029,0.0355130940694251,0.012479773070073918,1.0,0.017602107886507967,0.04281616368239464,0.013788411607960637,0.04282121938870944,0.013459995370693156,0.023078352749934614,0.03939139846993031,0.04774323752332295,0.04265225467667384,0.034856405836807915,0.024886866936890097,0.02616711144732753,0.018661956162431544,0.0471296027021758,0.04405864898185501,0.01911208666087123,0.035642972591817174,0.04791216514424798,0.046126540356241856,0.01850198669817522,0.028033727251070645,0.048567702667493634,0.014992985530135014,0.03438131083465429,0.04611653912625968,0.025178768465486057,0.04616311921449979,0.038889030446111986,0.031671780612923674,0.03222566941900973,0.022335720981365395,0.03849429505117142,0.017621655462919623,0.03391398700417647,0.03275877657985274,0.06627288516338184,0.00261666516287649],[1.2580626699273872E-4,5.59198981142431E-4,1.386316447152104E-4,1.3089926102628408E-4,0.06484039522808654,1.6255543158346056E-4,7.371238496540218E-4,8.705978218175434E-5,0.005713180235941562,0.030359211684120025,1.5200751679524978E-4,0.011666760532134961,1.2476588849755395E-4,4.509159034543636E-4,1.1468765850910558E-4,8.124020909709354E-4,9.207652469947406E-4,1.2617296284366908E-4,6.725486027474478E-5,8.151884829022062E-5,1.1229077362995751E-4,3.3981078207816987E-4,0.017602107886507967,1.0,5.224924468232717E-5,1.7748290000898512E-5,1.2303968786082765E-4,4.5873710044383776E-5,3.665118905087378E-5,1.352062672678568E-4,0.007388290183223752,2.005490046319172E-4,9.332488859736902E-4,0.012386742088920488,5.200042849067079E-4,0.0040551478480932365,1.256322373948189E-4,0.0322669519945703,6.447421185532993E-5,9.631025169001047E-5,2.3612256025321005E-4,2.2131093263536142E-4,0.0015648767532794195,0.008459582054262803,7.003369983322539E-5,2.870112203333598E-5,0.004037191915281237,9.64897933799744E-5,4.161343727786943E-4,1.107402156692259E-4,0.01654828801610647,4.337373540240085E-5,9.534553870667144E-5,1.1884290837772787E-4,0.022117511369294716,2.0358145253769952E-4,1.4289032007896746E-4,3.839329892462587E-4,0.07539532863437307,7.631320178560145E-4],[5.334422950164289E-5,0.001291061051337503,1.1037408966318009E-4,4.228383947651985E-5,0.08014510211535025,2.5698769557361774E-5,1.4141573658269115E-4,1.642562867631017E-5,3.8853288974780714E-4,0.007870346660510322,1.782100602835131E-4,0.012384207794491271,5.5893166701777485E-5,4.1816271921790027E-4,4.422250892212617E-5,8.429994453207915E-4,3.07993067541187E-4,4.1802151260690256E-5,1.538121447510289E-5,1.394700476346516E-5,1.4052063998709102E-5,0.0014335357493741754,0.04281616368239464,5.224924468232717E-5,1.0,1.549752247780998E-5,4.6872910226975886E-5,1.573905079298553E-5,1.5148093235306572E-5,1.3299664323097163E-4,0.007223106844651495,4.5932900772148466E-4,5.4804579006057556E-5,0.017674913245154886,4.5208188560066063E-4,0.002292930194631054,3.891869480395905E-5,0.010688270992939126,1.5940017618700457E-5,1.7680215242672705E-5,1.0943822851919977E-4,4.5758712094631475E-5,0.0031870671884968514,0.003777355976254336,3.459731335905246E-5,1.572044326309157E-5,8.114264879331486E-4,1.9195440025546533E-5,3.973177915966175E-4,2.8427750411585407E-5,0.005721483832895229,1.234936174867282E-5,1.6816766941512274E-5,9.65411768625985E-5,0.029732852582774704,1.7841239812816618E-4,2.448667016870054E-5,2.258899219820506E-4,0.058641427567012676,7.033107225648832E-4],[1.153725092422179E-4,0.004385036526594616,2.9800580491042475E-5,9.771973617563945E-5,0.04374492065630547,3.560667931271217E-5,0.001019476826857571,1.9402741961463492E-5,0.003990720008877274,0.04304525212415904,6.0954537227790567E-5,0.004388077224829271,1.1331410194937434E-4,1.516034064990559E-4,3.5039588548560745E-5,8.179927127981124E-5,5.090462792962604E-4,2.922850721796847E-5,1.4966569244437476E-5,1.2187524804921597E-5,1.4185542881440227E-5,0.0013378493547636877,0.013788411607960637,1.7748290000898512E-5,1.549752247780998E-5,1.0,1.0640752536276741E-4,1.5988940508715596E-5,1.4498154261678151E-5,9.678584101324811E-5,0.0011170626965358642,3.086284375788161E-4,6.706135977272E-4,0.006064315108608124,6.327281888915644E-5,0.008313859527501745,2.9552207735708448E-5,0.03358610910853954,1.593437177570014E-5,1.6697737692760596E-5,1.439643219614936E-4,2.0793240408993401E-4,4.7187858640951127E-5,0.005759295874620567,3.4001108177445316E-5,1.5663156276174563E-5,0.0021405192167158133,3.255782205298606E-5,6.10220160071126E-4,4.1751682856487976E-5,1.5627302569656305E-4,1.3463907814429776E-5,1.552836166526991E-5,6.533295686479395E-5,0.032513307494696816,6.133904627524782E-5,1.2151582610474306E-4,0.0023137629660851125,0.02531856841682771,6.064011926804179E-4],[1.1967556948909662E-4,0.0034460664764276476,1.2911334586244367E-4,1.30200869935327E-4,0.05675824573700944,1.653592369821466E-4,8.697132013484495E-4,6.388296287157689E-5,0.010897411712626166,0.04363484998524771,1.8390985970986352E-4,0.011059457250667922,1.2331655221356494E-4,3.213334471173141E-4,1.1870620359043344E-4,8.421971873558492E-4,7.952317695520838E-4,1.1074526207356443E-4,1.5840336323503255E-5,7.347167690692616E-5,8.854003045636341E-5,9.638388106149111E-4,0.04282121938870944,1.2303968786082765E-4,4.6872910226975886E-5,1.0640752536276741E-4,1.0,8.167826634846424E-5,9.335410204135359E-5,1.3220809893425462E-4,0.007346806890673435,2.952917855102637E-4,5.876128085971422E-4,0.017243206203213696,2.2416604514441358E-4,0.0036743774772878615,1.1932072314988831E-4,0.008928631224068291,7.046664405599831E-5,1.0486225894783307E-4,2.3219810811906923E-4,1.7300266601690087E-4,0.003184162614462058,0.008178633374820611,1.1899863948964235E-4,1.0087215687005996E-4,0.002376169486087335,5.2772266837633534E-5,0.0013130632134215302,6.148077276685817E-5,0.029344074728898346,1.9205117290702754E-5,3.2964450027438496E-5,1.1792763445466194E-4,0.01828934597478242,1.9100305656351746E-4,1.4147190675540918E-4,4.8298993399100907E-4,0.004864190379932701,0.0011926572489838608],[7.226519754037513E-5,0.0021824128016697114,6.049755621310421E-5,9.65450003807574E-5,0.07045952907999159,5.961183336712235E-5,0.0010035561793396667,2.2628236683758134E-5,0.0019279556823013633,0.008614118507913465,1.8627943146435637E-4,0.004559944051504466,5.087390738092893E-5,3.194482424966138E-4,1.0332827211239896E-4,7.047848728904653E-4,4.6173867165873845E-4,8.323717629202192E-5,1.522848333839082E-5,1.4393414701970471E-5,1.4341675007396524E-5,0.0011325475342209507,0.013459995370693156,4.5873710044383776E-5,1.573905079298553E-5,1.5988940508715596E-5,8.167826634846424E-5,1.0,1.3921011014166585E-5,1.1699042133364945E-4,0.005346082532189417,3.4962599569125883E-4,3.4621470036686576E-4,0.010367443144307735,2.889786304637275E-4,0.0034468091069792435,6.778514881057338E-5,0.01614406263602135,1.6275665224250928E-5,1.9025645516368015E-5,6.072887841661506E-5,1.4061023502548486E-4,0.003966700437427176,0.009687996983804605,2.4353350402250532E-5,1.57331775397989E-5,0.0018889532639724507,2.1277998994983623E-5,0.0014991327821382064,4.576692844966544E-5,0.02797778558113958,1.5898592046742285E-5,1.7196112598131217E-5,6.096968900581659E-5,0.004663397114421392,1.3124356522634489E-4,4.366666751806083E-5,8.126788139143514E-4,0.028975293136914118,7.384784233688601E-4],[7.584350942048439E-5,0.003181942454503657,1.0049118283911304E-4,3.0429557353748406E-5,0.013354530351663133,1.5159485339212697E-4,2.861479646100808E-4,1.843380218888978E-5,0.016857369622284714,0.04323630061638979,2.651533361591534E-4,0.00964133250784874,1.0191158126127554E-4,1.1165149091827301E-4,7.051069115622318E-5,5.373829749626272E-4,8.223963480977718E-4,6.44837146999189E-5,1.4411939131988362E-5,1.2548917851778176E-5,1.2963255639060997E-5,0.0013510305156073288,0.023078352749934614,3.665118905087378E-5,1.5148093235306572E-5,1.4498154261678151E-5,9.335410204135359E-5,1.3921011014166585E-5,1.0,1.345345507083567E-4,0.004318665872203018,3.929864504166279E-4,3.823338141106765E-4,0.018855530207642798,1.0179069302027784E-4,0.005733198978196045,4.5676497004795955E-5,8.304406282592967E-4,1.667149458058641E-5,1.510561618351065E-5,2.2539669031100199E-4,7.104838203637868E-5,0.0015304007172139826,0.003139652728352833,3.886420101221939E-5,1.4563146575342629E-5,0.0019645121026952966,3.526731302959169E-5,0.001276273470022269,2.891112103812859E-5,0.014263276526367183,1.3122292343033776E-5,1.5044907990401996E-5,9.3325657651803E-5,0.023472195934761318,1.739719197074309E-4,1.243935476845581E-4,3.4370488772008994E-4,0.07962457194847347,9.974573997345617E-5],[1.239973333457927E-4,0.0024613427123466804,1.399958904761235E-4,1.3589409260013783E-4,0.079898964954963,1.7510350588259538E-4,2.1311562507189498E-4,8.873834794826494E-5,0.0070731526382665005,0.049736377515447176,1.9968482758665908E-4,0.005949381510007209,1.2913094691364312E-4,3.9518227489256357E-4,1.1909888184851625E-4,3.745212156562557E-4,0.001203751687210621,1.1332710870077782E-4,1.0806570987013152E-4,8.937714866574463E-5,4.750106729035177E-5,1.481020574611864E-4,0.03939139846993031,1.352062672678568E-4,1.3299664323097163E-4,9.678584101324811E-5,1.3220809893425462E-4,1.1699042133364945E-4,1.345345507083567E-4,1.0,0.0054389996047735385,4.347897215478502E-4,1.9995781721733976E-4,0.006640844549171894,3.6807009990982013E-4,5.183781044802983E-4,1.2939370649519503E-4,0.008463125055440678,2.6649568104346438E-5,7.949431628220633E-5,1.5925888175868165E-4,2.1153889609110826E-4,0.0036246066788202923,0.009651530331293916,1.2001714994704283E-4,9.606373082333114E-5,0.004811240784519925,1.0848657231875855E-4,0.001117537637016598,6.20799736030421E-5,0.010686743964068152,3.210771109725643E-5,8.338420643407173E-5,1.2901500149509396E-4,0.0074612987018888525,1.766390532596241E-4,1.434108190115085E-4,0.0020369666324836578,0.026539643654498898,0.0011934902444384085],[0.012425651627485811,0.00789985896133906,0.0046718805664150796,0.004285115579786721,0.057406109274910806,0.007753088998577597,0.004470063970889487,0.0069905860279520626,0.01397211698238937,0.05097158496802906,0.0027722238979622166,0.0135888463658179,0.0077586767135224876,0.003052589918397397,0.011286164816577822,0.004476265879180458,0.007068315792482996,0.0024609691188394495,0.008798269740430655,9.76808410805652E-4,0.012874551737627606,0.01296272717542292,0.04774323752332295,0.007388290183223752,0.007223106844651495,0.0011170626965358642,0.007346806890673435,0.005346082532189417,0.004318665872203018,0.0054389996047735385,1.0,0.004167448459414541,0.0058058857978288934,0.017665064412761698,0.011008268211301745,0.009887383323117298,0.006449198475336761,0.023454679964593172,0.004680792270377946,0.00763510289549859,0.002591750785507504,0.0059993782713456635,0.004842804614467363,0.010077795141119512,0.004007725574071848,0.00940551389383671,0.009395319671409526,0.005749994713080097,0.0033962390492327187,0.011651731898537897,0.02052200769736417,0.00424928945004556,0.0047738912113558475,0.00803584550872192,0.03171712021954424,8.958129738924417E-4,0.006948271293135665,0.005455188519738443,0.027590658954513583,0.0017439641613745459],[2.7380110667999833E-4,0.0018850201345181005,2.2220288932629946E-4,3.6696837357828166E-4,0.06989381906651101,2.6191026014737897E-4,8.384265146100994E-4,1.8489988818806499E-4,0.012177470549620354,0.02783424023599675,3.2763131427329776E-4,0.008654410286829176,1.4186249230681029E-4,4.660812417326814E-4,3.030678579659449E-4,5.02107896950537E-4,8.303284890865443E-4,3.6981043588255914E-4,4.719251680412022E-4,1.4290077681125623E-5,3.146924141132737E-5,0.0015291096330197667,0.04265225467667384,2.005490046319172E-4,4.5932900772148466E-4,3.086284375788161E-4,2.952917855102637E-4,3.4962599569125883E-4,3.929864504166279E-4,4.347897215478502E-4,0.004167448459414541,1.0,8.897651662766293E-4,0.016158144090363005,5.207957243206456E-4,0.00476692023081168,3.074376314660371E-4,0.024348256237011194,2.981638061724752E-4,4.3503814166732723E-4,4.705203693216241E-4,4.74230497811241E-4,0.0032743102225865637,0.004188308845943771,1.30196689109851E-4,1.0404051251190791E-4,0.004150721670649748,1.3469338553247662E-4,0.001130257607664031,2.884984300541864E-4,0.02111012391047316