[[1.0,4.7618585338809723E-4,1.397806701973076E-4,0.0011096635831127515,1.3420498656206565E-4,0.001436523904590936,0.0021993591479011155,0.00265664250510827,9.73504419255856E-4,0.02851425861861676,2.3143466252921973E-4,5.5805931503806935E-5,2.8704233399969904E-4,1.6190381231592462E-4,0.009944250630004594,6.204674021036954E-5,2.2320104250524733E-4,7.580909122472604E-4,3.722831535740028E-4,1.5369129407406934E-4,0.001415477489528175,1.2924782879737055E-4,1.8341502196661633E-4,6.525995951680417E-4,1.8767539543781264E-4,0.0021826860154490232,1.2073000984962375E-4,0.04941825600335149,0.0014652900374323432,8.474147128833434E-4,1.33998150661704E-4,6.40432500986171E-4,1.528537689662991E-4,0.0013085629851809688,6.971995394545598E-4,3.898795175535229E-4,1.617971522990297E-4,1.388957178373379E-4,0.020133382825144992,1.5452102361912095E-4,1.6782123895632117E-4,0.001511903438027537,3.4068263367561564E-5,1.1701600767130498E-4,1.304599527547972E-4,1.5558965317137832E-4,0.0038602355394031025],[4.7618585338809723E-4,1.0,8.471704415510018E-4,0.002284014124076741,2.27188510389448E-4,0.0029240948935877497,0.003088901297514855,0.0029265284692584956,0.001512324797664322,0.008244437269894597,0.0015424861692045055,6.381102132582619E-5,0.002202409492521555,0.00259235519854445,0.007674737591485282,0.0013598292787297048,0.0022560800566688195,0.0019300579721865782,0.002482984713283916,0.0020642077994276107,0.00264506854668775,5.699213027451111E-4,0.0021544227560103177,0.001956482750452189,0.002611686218233841,0.007510601170157449,8.131296203127633E-4,0.02418718162424863,0.0024941161080499485,0.0023465592115476624,0.0018766813554912196,0.0024633192345255763,0.0023000099875293855,0.0023909511338855876,0.002518444763213009,0.0026141744195891706,0.002229918462486892,9.510927209672339E-4,0.01254527045324263,6.609955631143578E-4,6.887999867201E-4,0.0017046220551185226,1.5713991382564126E-4,7.699044797163402E-4,2.0318297740618512E-4,0.0019476931355655034,0.009621127164193628],[1.397806701973076E-4,8.471704415510018E-4,1.0,1.473086135036347E-4,1.1045143585874926E-4,0.0025501004651229267,4.866239057959598E-4,5.901991725989341E-4,9.72512977466973E-4,0.01768109594627454,4.196942793500333E-4,5.870231889291416E-5,3.7825263014527915E-4,1.365900684580107E-4,0.019477274857783552,3.707585883656105E-5,2.130458967310705E-4,1.0863530107345084E-4,4.997149128030053E-4,1.0839931112374937E-4,0.0017839038616974602,1.0461121318352651E-4,1.2498249250049955E-4,9.811759209077215E-4,1.7220717928245665E-4,0.005876724830517901,6.346712070395449E-5,0.018306709901673206,0.0017232596393396671,0.0017200112169799974,1.0257218674968498E-4,8.411140790383754E-4,1.0824582153247607E-4,0.0013722095951297798,7.293934241452062E-4,1.468641343456779E-4,4.822533258287042E-5,1.0804988215257477E-4,0.0014797753601552004,1.0661725558598667E-4,1.0742435772842247E-4,0.0015922068013065269,8.317201178599061E-5,1.0585348947047421E-4,8.358868943309091E-5,1.144252976455375E-4,0.010946895359542345],[0.0011096635831127515,0.002284014124076741,1.473086135036347E-4,1.0,5.63592115135633E-4,0.002978157041199531,0.002836987585073762,0.002745995982694924,0.0013847110134624847,0.01812731543892489,0.0018230922672653454,2.7427311004441125E-4,7.634652182283193E-4,5.559069212947975E-4,0.014926186038092551,0.0013997410876720687,0.0015755998677217807,0.001492202811011872,0.0010710528497200709,0.0011214579743128983,0.0020741384747843677,5.913263649316445E-4,0.0017789538387721453,0.0018071794251075415,0.001526751423333389,0.006575472413140449,0.0019301470659107685,0.004622972468955624,0.0019139789757991424,0.0021664104925993126,0.001279059711162963,0.001061532536362975,0.001308406263784699,0.0019866975628567724,0.001758238654153213,6.128130153089705E-4,9.443216981354293E-4,0.001538010287063238,0.012727094295816959,5.403341542547183E-4,0.001417487270966179,0.0019453529209197548,0.0010043508008595072,0.0010341748751214858,4.175022447641576E-4,0.001955057582672614,0.00949134919806335],[1.3420498656206565E-4,2.27188510389448E-4,1.1045143585874926E-4,5.63592115135633E-4,1.0,0.0025867820826638043,9.686866105931795E-4,0.0011788882829189184,9.607377051093672E-4,0.014461470539601527,5.18168300895431E-4,2.0748278483729724E-5,3.049271938130054E-4,1.4735896756761313E-4,0.018873472004273955,4.71062737613261E-5,1.3316492228810628E-4,2.0580447368333818E-4,2.437188711677403E-4,1.106975499096421E-4,3.252650111059944E-4,1.017425530852427E-4,1.2279613771058563E-4,9.03133950824468E-4,1.391217939589074E-4,0.0037465181445795067,6.344963795140682E-5,0.038304423516009926,9.867472261964215E-4,0.0020526671426828124,1.0573656257607645E-4,2.2432042647255895E-4,1.1065140783335022E-4,9.953397274394679E-4,0.0011337077716700903,3.1254970432181785E-4,5.106516821364472E-5,1.1015523496889341E-4,0.008860059606634928,3.87668925482988E-5,1.0659602418832473E-4,0.0011139712204859427,4.011459458360817E-5,8.148176560357754E-5,1.0382216398210079E-4,1.1299362951520805E-4,0.0024781000016573657],[0.001436523904590936,0.0029240948935877497,0.0025501004651229267,0.002978157041199531,0.0025867820826638043,1.0,0.0057774427025081895,0.003003061942953738,0.0017295518663512526,0.004603257564043082,0.0022530595946632782,2.487580922182711E-4,0.0015142377557668815,0.001648142661087596,0.027489607468517387,0.0027583037207165434,0.0024108561659639356,0.0021711494526204696,7.383121518422252E-4,7.928569576384564E-4,0.0022889268453563684,0.0013802176508370904,5.663334689904309E-4,0.0020290467136925058,0.0021828017342355563,0.005692962038428329,0.0022047131740331907,0.016794106151521323,0.0025470964125539793,0.0023623464978810307,0.001305456476040679,0.0027992199404712845,0.00252902294443035,0.0029226231068086835,0.0027721346360368836,0.002832246315933401,0.002703686574178971,0.001598020752065811,0.006607697799571764,0.0013879408756137693,4.97802102287973E-4,0.002588739671581296,0.002113374400593574,0.0011697089645545519,0.0011709171982058392,0.0012570000407424225,0.005894441871381878],[0.0021993591479011155,0.003088901297514855,4.866239057959598E-4,0.002836987585073762,9.686866105931795E-4,0.0057774427025081895,1.0,0.005353672097405778,0.001808889972750177,0.02332635167683025,0.0019992132925543047,0.0029990677149938287,0.005310565311683716,0.0023373142488609263,0.02311571171690056,0.0037180811887435263,0.0025146320244885997,0.005085479911591075,0.0057223643762667085,0.0034455071341002283,0.0034292717419688564,0.003899328385260802,0.0012669998885387241,0.0017271637930963463,0.0037557950758592426,0.006718903311072584,4.5977046751561154E-4,0.05978749656519165,0.002129575693013722,0.005042426831604158,0.005977724815384531,0.004642489088213476,0.004096006676947825,0.0030728615162929104,0.0024164903048694876,0.0017080692120210587,0.002354613544044632,0.0022761641339764686,0.018718350811015826,0.002351662090050443,5.938717702245945E-4,0.002312463290297098,5.923113081057852E-4,7.587773864236766E-4,0.003206390158162313,0.0020473799257665674,0.00872296975126398],[0.00265664250510827,0.0029265284692584956,5.901991725989341E-4,0.002745995982694924,0.0011788882829189184,0.003003061942953738,0.005353672097405778,1.0,0.001570268666730696,0.017468069868663096,6.5126088937562E-4,0.0023482587607374546,0.0010269925473891386,0.0025876973397767765,0.023437477575856278,0.00212456362628746,0.0014316119834627192,0.00270827229431731,0.0010579044923895104,0.002094274205338462,0.002633265776154896,0.001933352117698617,0.0022991052938405032,0.0028528977085646194,6.322424841757705E-4,0.008451795219501887,0.0020440753370438345,0.01258487184598182,0.00274958389565536,0.0025250998521368553,7.223161976738109E-4,9.133183108756994E-4,0.001964273450174403,0.0023995820196218045,0.0017208170722491515,0.0028502608575639568,0.0015838482638796346,0.002920279714785336,0.011266124167894971,0.0012248666162101938,0.001773108076667925,0.002818820145956617,0.002329042005672184,0.0026056050336380823,0.0014007378059724275,0.0013808223083230826,0.007647820776620026],[9.73504419255856E-4,0.001512324797664322,9.72512977466973E-4,0.0013847110134624847,9.607377051093672E-4,0.0017295518663512526,0.001808889972750177,0.001570268666730696,1.0,0.018655009079241485,8.185100758905225E-4,1.1750059096683257E-4,6.84358898556753E-4,3.5159530827381805E-4,0.009113954625591092,0.0010297626324146836,2.4531767419436814E-4,0.001030871769791714,7.791087132296143E-4,8.029162014054643E-4,0.0018992821596697127,9.797359165503344E-4,1.7368899509004606E-4,0.0011388723540105509,9.338506456726889E-4,0.009743288504071622,3.907886151781742E-4,0.014670737191702202,0.0017776171490682768,0.001698175551399088,6.727263668942222E-4,8.84460318124678E-4,9.8157743290995E-4,0.0012303361091603366,0.0011150874681410215,6.420752051086078E-4,5.377576981961036E-4,3.8710416206045537E-4,0.01305066843245384,4.0507095265766835E-4,1.9799293823839553E-4,0.0012338651262614351,8.167763585348548E-4,2.368272052542218E-4,8.033806827580115E-4,3.915820111063123E-4,0.007374450503885659],[0.02851425861861676,0.008244437269894597,0.01768109594627454,0.01812731543892489,0.014461470539601527,0.004603257564043082,0.02332635167683025,0.017468069868663096,0.018655009079241485,1.0,0.014917516529130447,0.017312246353981726,0.006559576363174647,0.021576744160944693,0.02860697044831399,1.3468198585176404E-4,0.031234620180639307,0.015207149375845148,0.019353602256842968,0.019041014092809193,0.020434547573536493,0.024439778478844577,0.029309142922800527,0.020047015842485694,0.029104674680430705,0.026069961200948573,4.832130166487986E-4,0.04070452776795093,0.017925452115436804,0.028607403682902852,0.0019355402965427438,0.0244521066028615,0.010559365040846497,0.010607967761549745,0.008745457046743656,0.004269950191375856,0.010847576934666894,0.022905772543967508,0.025182809918881506,0.02502471018052601,0.025681797093783442,0.0071732038962623495,0.003628401639825085,0.01347074773418985,0.006233478764846445,0.025454306342703556,0.01746939920579492],[2.3143466252921973E-4,0.0015424861692045055,4.196942793500333E-4,0.0018230922672653454,5.18168300895431E-4,0.0022530595946632782,0.0019992132925543047,6.5126088937562E-4,8.185100758905225E-4,0.014917516529130447,1.0,1.915750087921172E-4,4.8434545172630156E-4,4.594286013804664E-4,0.02805257001185815,2.4026103846311054E-4,3.5500350527581576E-4,7.243969437077133E-4,5.33747337072639E-4,5.251212059373262E-4,6.170647685926628E-4,2.0327796178947052E-4,4.0818503799273877E-4,0.0010900493646157873,1.767678661079219E-4,0.005368190272428035,1.8276336218162243E-4,0.04349701729593704,9.950873719763898E-4,6.183810112740913E-4,2.8319396976776376E-4,6.648131318652147E-4,1.7523185242713797E-4,0.0010100596135595684,8.993616790990905E-4,4.95173452707579E-4,3.087006080392438E-4,2.3721606302373125E-4,0.01447800757753049,1.8761610014394616E-4,5.327840119214019E-4,0.0015368927720356507,3.3176793490428063E-4,3.114113095547114E-4,1.1306003701568281E-4,2.0811274483870557E-4,0.004199427241528553],[5.5805931503806935E-5,6.381102132582619E-5,5.870231889291416E-5,2.7427311004441125E-4,2.0748278483729724E-5,2.487580922182711E-4,0.0029990677149938287,0.0023482587607374546,1.1750059096683257E-4,0.017312246353981726,1.915750087921172E-4,1.0,2.930659590357866E-4,2.7427166809547004E-5,0.02852878497317224,1.8348283979008302E-5,2.3002863652198276E-4,1.8147804153656303E-4,4.289331893676589E-4,3.958411820265973E-5,4.6964856476594487E-4,6.689839230339369E-5,1.3375135667528652E-4,4.346937040927348E-4,1.2488626663523643E-4,1.6433042410265403E-4,1.4901098237333182E-5,0.04019874392868962,8.248010589382543E-4,0.0018230555109838382,8.065146557917035E-5,1.7469887073977912E-4,4.1920563713252406E-5,0.0017607359568779244,8.438945490488268E-4,3.401315364926888E-4,1.3499405815199943E-5,5.992170527565171E-5,0.006329759488382027,1.9025099655774947E-5,3.156065159658902E-5,0.0015551233521402502,1.3788998404690944E-5,3.19332223156601E-5,1.5646311189309075E-5,8.522902359565917E-5,2.499812826642413E-4],[2.8704233399969904E-4,0.002202409492521555,3.7825263014527915E-4,7.634652182283193E-4,3.049271938130054E-4,0.0015142377557668815,0.005310565311683716,0.0010269925473891386,6.84358898556753E-4,0.006559576363174647,4.8434545172630156E-4,2.930659590357866E-4,1.0,2.987976417998528E-4,0.02381816268476038,3.1092087677628575E-4,2.9947887906397775E-4,0.001009118623599012,4.928713858021216E-4,1.4754956595013717E-4,9.032217884196541E-4,2.3000774550215432E-4,2.7792930443273667E-4,9.147055101325077E-4,2.487942363150219E-4,6.392656283568481E-4,3.0826492415197553E-4,0.03523366703765447,8.270305603607248E-4,8.672163181187007E-4,2.040430135781208E-4,5.555951227595883E-4,3.7925191626721113E-4,0.0013468594457189708,3.8024916493455195E-4,3.9172670849477246E-4,2.3120575967434007E-5,3.1254130200561296E-4,0.017057606930396613,8.466501923254781E-5,2.2158318737259088E-4,8.648217121845589E-4,1.9596982907556595E-4,3.3990252982752826E-4,3.1803711831546764E-5,1.5376253353620065E-4,8.132036477017161E-4],[1.6190381231592462E-4,0.00259235519854445,1.365900684580107E-4,5.559069212947975E-4,1.4735896756761313E-4,0.001648142661087596,0.0023373142488609263,0.0025876973397767765,3.5159530827381805E-4,0.021576744160944693,4.594286013804664E-4,2.7427166809547004E-5,2.987976417998528E-4,1.0,0.02494163835896523,1.0107626398463108E-4,1.9598707424735314E-4,4.2549557828359627E-4,3.482262915141957E-4,1.234613268068012E-4,0.001241229830671168,1.292751149037941E-4,1.5785647087166536E-4,8.302064209173641E-4,1.553660151288882E-4,9.715572933469619E-4,1.4231238786154254E-4,0.040432270335709425,0.001725880184751553,0.0019196064347169973,1.3875297322573426E-4,8.598960142041398E-4,1.2074954169954035E-4,2.6429025661025185E-4,0.0012175893915635262,3.515340522636678E-4,4.331632370872409E-5,1.1445058952393343E-4,0.009998158527321102,9.558036952007181E-5,1.272543151119728E-4,6.062267217578387E-4,1.1911113931170962E-4,1.1218230576555871E-4,6.156438668895257E-5,1.4969651273201862E-4,0.011015592678367166],[0.009944250630004594,0.007674737591485282,0.019477274857783552,0.014926186038092551,0.018873472004273955,0.027489607468517387,0.02311571171690056,0.023437477575856278,0.009113954625591092,0.02860697044831399,0.02805257001185815,0.02852878497317224,0.02381816268476038,0.02494163835896523,1.0,0.011776700925107854,0.0037936023212340217,0.002547291762435652,0.012536415027047866,0.011258889039879398,0.017819677530616532,0.007779204342311727,0.02473140291541858,0.026232812229284776,0.025049381982433002,0.021699404025693148,0.023969697276404963,0.060469585257785535,0.015662070003129847,0.02358520083707028,0.024662908339356304,0.027317898368047402,0.014920171552119006,0.01570280464268533,0.003392502925924672,0.01003373960319611,0.007829980940254,0.0017671373321901762,0.023243305981207947,0.027100991424692966,0.00908196919907309,0.015820368745609183,0.015876180713249356,0.00991347875381135,0.01775822249964102,0.01508093340008681,0.01212656816619231],[6.204674021036954E-5,0.0013598292787297048,3.707585883656105E-5,0.0013997410876720687,4.71062737613261E-5,0.0027583037207165434,0.0037180811887435263,0.00212456362628746,0.0010297626324146836,1.3468198585176404E-4,2.4026103846311054E-4,1.8348283979008302E-5,3.1092087677628575E-4,1.0107626398463108E-4,0.011776700925107854,1.0,7.450442687696336E-5,3.7316506239750243E-4,5.136265038516826E-4,4.026625043309766E-5,0.002122912993373186,8.135413798268907E-5,1.453333875472966E-4,0.001117889430383696,3.759577383336075E-5,0.003054929748078036,1.6084881319426462E-5,6.72866909888547E-4,5.817528679138881E-5,0.00148363587758127,5.398326961472753E-5,3.9327559375158843E-4,2.64429662498422E-5,3.760931786640008E-4,0.0011396969267195762,2.1587208056937236E-4,1.8781848871356252E-5,6.40400618535778E-5,0.002170318425037945,3.182876141401294E-5,3.822785223722548E-5,3.387394132259141E-4,1.6194117389325177E-5,3.270604300200627E-5,1.7103700151472212E-5,9.795933842397174E-5,3.424299286456288E-4],[2.2320104250524733E-4,0.0022560800566688195,2.130458967310705E-4,0.0015755998677217807,1.3316492228810628E-4,0.0024108561659639356,0.0025146320244885997,0.0014316119834627192,2.4531767419436814E-4,0.031234620180639307,3.5500350527581576E-4,2.3002863652198276E-4,2.9947887906397775E-4,1.9598707424735314E-4,0.0037936023212340217,7.450442687696336E-5,1.0,4.179767707202615E-4,4.491692519132891E-4,2.1108895616053395E-4,0.002041649856529934,1.0581558784580964E-4,1.6014168928393398E-4,6.503656024375805E-4,2.1180191474243E-4,0.004307220163179109,1.2775064531598006E-4,0.02462236873639194,9.077914506430867E-4,0.0018297026019924157,2.0546990964656305E-4,3.2698167451978E-4,2.0465413447913063E-4,6.997666840350737E-4,3.417730598152326E-4,2.5628928539575714E-4,1.95708823937099E-4,2.103272572223246E-4,6.987824496348216E-4,1.6346620497897785E-4,2.1033832943623688E-4,6.658599809005185E-4,1.670479568696948E-4,1.2675292609574444E-4,1.7485923531000946E-4,1.5910909037484327E-4,0.00933300717348156],[7.580909122472604E-4,0.0019300579721865782,1.0863530107345084E-4,0.001492202811011872,2.0580447368333818E-4,0.0021711494526204696,0.005085479911591075,0.00270827229431731,0.001030871769791714,0.015207149375845148,7.243969437077133E-4,1.8147804153656303E-4,0.001009118623599012,4.2549557828359627E-4,0.002547291762435652,3.7316506239750243E-4,4.179767707202615E-4,1.0,8.931337001648555E-4,5.565330887158099E-4,0.002173940107935295,6.533067138870999E-4,7.464682737554036E-4,0.0012102241669435434,3.751982421918713E-4,0.006503861790829438,6.03483280861255E-4,0.05129531782072148,0.0011925394610456533,0.0022506432942666164,9.228459447520452E-4,9.20139796815777E-4,0.0010061632937295587,0.0021055506460352304,0.0013856409494624716,6.6605505426081E-4,2.5783182472440946E-4,7.25252533745877E-4,0.020891116723220776,3.495991064258666E-4,7.416440847323501E-4,0.0010669852537874783,1.878747256855116E-4,2.0193021637296153E-4,1.6211625142879704E-4,1.5904480817295453E-4,0.006269138359353964],[3.722831535740028E-4,0.002482984713283916,4.997149128030053E-4,0.0010710528497200709,2.437188711677403E-4,7.383121518422252E-4,0.0057223643762667085,0.0010579044923895104,7.791087132296143E-4,0.019353602256842968,5.33747337072639E-4,4.289331893676589E-4,4.928713858021216E-4,3.482262915141957E-4,0.012536415027047866,5.136265038516826E-4,4.491692519132891E-4,8.931337001648555E-4,1.0,3.385617993330235E-4,0.002178243373485732,4.8584597353934787E-4,2.382141276714282E-4,5.49956711543086E-4,3.140865183528463E-4,0.003095545169741101,2.5177597055032276E-4,0.0374243015414977,0.001790839608669252,0.0016128364620936033,3.543310245759814E-4,6.418226372539583E-4,4.1987961246307137E-4,9.324693286313561E-4,0.0011944957526760164,4.836660740367018E-4,1.1108154370590846E-4,4.550863730126239E-4,0.006010790843454968,3.6177596188939414E-4,1.425695975087072E-4,0.0014049844657972467,5.225235462023746E-4,2.3723872785682377E-4,7.4852203240543E-5,4.931289963686677E-4,6.859982648449193E-4],[1.5369129407406934E-4,0.0020642077994276107,1.0839931112374937E-4,0.0011214579743128983,1.106975499096421E-4,7.928569576384564E-4,0.0034455071341002283,0.002094274205338462,8.029162014054643E-4,0.019041014092809193,5.251212059373262E-4,3.958411820265973E-5,1.4754956595013717E-4,1.234613268068012E-4,0.011258889039879398,4.026625043309766E-5,2.1108895616053395E-4,5.565330887158099E-4,3.385617993330235E-4,1.0,0.0021164246415808358,1.0294562503262407E-4,1.3669923109411943E-4,9.657747668502937E-4,1.3961550384605987E-4,0.004681690164963959,7.366228627958276E-5,0.028721268428221355,0.0010356513826428222,0.0019203500422428495,1.0299678373473557E-4,2.949674913419593E-4,1.0969777787735895E-4,4.725294848442948E-4,2.955969971803218E-4,4.313953203642865E-4,5.7562303773745994E-5,1.0994183294750654E-4,0.014954055505573445,9.943625414938039E-5,1.081743753563454E-4,3.0729331633479987E-4,7.720781256715124E-5,5.892524685669646E-5,8.474551350450078E-5,1.2524212829015264E-4,0.005118758062478125],[0.001415477489528175,0.00264506854668775,0.0017839038616974602,0.0020741384747843677,3.252650111059944E-4,0.0022889268453563684,0.0034292717419688564,0.002633265776154896,0.0018992821596697127,0.020434547573536493,6.170647685926628E-4,4.6964856476594487E-4,9.032217884196541E-4,0.001241229830671168,0.017819677530616532,0.002122912993373186,0.002041649856529934,0.002173940107935295,0.002178243373485732,0.0021164246415808358,1.0,9.541475095452674E-4,0.0010801065863713039,0.0018344111791902828,0.0015185840678700118,0.007267493431377917,0.0021919769405656197,0.03190422674427458,0.0018522871902798374,0.0022053488467794024,0.001868774209009474,0.0013463124530740654,7.938818359343803E-4,0.0021770814062171445,0.0019679030731333197,0.0018784645698800184,0.002071378337580912,1.8656193066526845E-4,0.01613543051407161,0.0013158249453041537,0.0013681286863114006,0.0020019745431253248,0.0021347602322301347,1.051462971822813E-4,3.4183476272838735E-4,0.0020552457817450075,0.010113658254258447],[1.2924782879737055E-4,5.699213027451111E-4,1.0461121318352651E-4,5.913263649316445E-4,1.017425530852427E-4,0.0013802176508370904,0.003899328385260802,0.001933352117698617,9.797359165503344E-4,0.024439778478844577,2.0327796178947052E-4,6.689839230339369E-5,2.3000774550215432E-4,1.292751149037941E-4,0.007779204342311727,8.135413798268907E-5,1.0581558784580964E-4,6.533067138870999E-4,4.8584597353934787E-4,1.0294562503262407E-4,9.541475095452674E-4,1.0,1.2483631735251414E-4,1.190118701392015E-4,1.1207151564940359E-4,0.006190274610219277,9.969358065151284E-5,0.0409176647285126,0.0016960797180276199,7.433648658462553E-4,1.0069954479374418E-4,2.9091144466616785E-4,1.0196261936321944E-4,1.2739833204363212E-4,9.090294450191488E-4,1.2047182110471587E-4,3.189198861864536E-5,1.0657440672323278E-4,1.5918501837130426E-4,9.704438780761014E-5,1.011255990743864E-4,3.181210013799368E-4,2.278892182091994E-5,5.2339605367863424E-5,4.97428927291876E-5,1.0212968256448033E-4,0.0030705588444504476],[1.8341502196661633E-4,0.0021544227560103177,1.2498249250049955E-4,0.0017789538387721453,1.2279613771058563E-4,5.663334689904309E-4,0.0012669998885387241,0.0022991052938405032,1.7368899509004606E-4,0.029309142922800527,4.0818503799273877E-4,1.3375135667528652E-4,2.7792930443273667E-4,1.5785647087166536E-4,0.02473140291541858,1.453333875472966E-4,1.6014168928393398E-4,7.464682737554036E-4,2.382141276714282E-4,1.3669923109411943E-4,0.0010801065863713039,1.2483631735251414E-4,1.0,6.791461017182818E-4,1.6367228261588565E-4,0.0025028643134640725,1.2196508776959483E-4,0.00731451097508656,0.0014745896640338152,0.0011934363450604817,1.3129989680153676E-4,4.570873672991747E-4,1.2539240654756525E-4,8.519467310770422E-4,9.790341859174578E-4,3.4039017648582285E-4,7.564794779107563E-5,1.2927206095238072E-4,0.01339358852630318,1.5293108145818268E-4,1.2691559072176283E-4,3.563519148628506E-4,8.120662809539116E-5,1.1698184472272403E-4,1.0291840956433995E-4,1.5017682616053416E-4,0.003681042706895247],[6.525995951680417E-4,0.001956482750452189,9.811759209077215E-4,0.0018071794251075415,9.03133950824468E-4,0.0020290467136925058,0.0017271637930963463,0.0028528977085646194,0.0011388723540105509,0.020047015842485694,0.0010900493646157873,4.346937040927348E-4,9.147055101325077E-4,8.302064209173641E-4,0.026232812229284776,0.001117889430383696,6.503656024375805E-4,0.0012102241669435434,5.49956711543086E-4,9.657747668502937E-4,0.0018344111791902828,1.190118701392015E-4,6.791461017182818E-4,1.0,0.0010563089872626485,0.009567983408018973,0.001021326806682826,0.004228530349027761,0.001524231413456897,0.0015302114524803805,7.529472317734095E-4,9.201574224505495E-4,3.211375375078584E-4,0.001400894601019034,0.0013669044414999078,9.476606816841147E-4,1.342022761734641E-4,9.144016696743468E-4,0.0012409097321148795,0.0011315658125441276,4.362502621453976E-4,0.0013914620955498614,9.919733217389037E-4,1.3611971839596585E-4,3.8968474239644223E-4,0.0012172078901254,0.00796547075866822],[1.8767539543781264E-4,0.002611686218233841,1.7220717928245665E-4,0.001526751423333389,1.391217939589074E-4,0.0021828017342355563,0.0037557950758592426,6.322424841757705E-4,9.338506456726889E-4,0.029104674680430705,1.767678661079219E-4,1.2488626663523643E-4,2.487942363150219E-4,1.553660151288882E-4,0.025049381982433002,3.759577383336075E-5,2.1180191474243E-4,3.751982421918713E-4,3.140865183528463E-4,1.3961550384605987E-4,0.0015185840678700118,1.1207151564940359E-4,1.6367228261588565E-4,0.0010563089872626485,1.0,0.004430023509421909,1.0100237023625326E-4,0.054039406770271185,0.0010053589325658171,0.0018959880420456265,1.2181971398070012E-4,4.972708228744274E-4,1.642449296561291E-4,5.827133259383203E-4,0.0011981318081782867,1.8380246827004768E-4,1.5358206799048006E-4,1.22511833070988E-4,0.006958866412557227,6.975579455583755E-5,1.500462718143433E-4,0.001473106385151036,3.477553763900843E-5,1.306162963846533E-4,2.6247258109841437E-5,1.3210563305789122E-4,0.0036331139586351273],[0.0021826860154490232,0.007510601170157449,0.005876724830517901,0.006575472413140449,0.0037465181445795067,0.005692962038428329,0.006718903311072584,0.008451795219501887,0.009743288504071622,0.026069961200948573,0.005368190272428035,1.6433042410265403E-4,6.392656283568481E-4,9.715572933469619E-4,0.021699404025693148,0.003054929748078036,0.004307220163179109,0.006503861790829438,0.003095545169741101,0.004681690164963959,0.007267493431377917,0.006190274610219277,0.0025028643134640725,0.009567983408018973,0.004430023509421909,1.0,0.0019624255572289464,0.04637777766845138,0.0069749146233197435,0.0039398806991769965,0.0031035585658990787,0.004069840120727735,0.0038434936181188464,0.009939494438919439,0.0028762572937518238,9.219150862968177E-4,0.008089110993620462,0.004790292400497929,0.014954876773171177,0.0018774217008472923,0.007500564201947867,0.007635597435680864,0.0030151645773181775,0.002938911346113883,0.0015838585856921684,0.005490553604819034,0.011142692554062637],[1.2073000984962375E-4,8.131296203127633E-4,6.346712070395449E-5,0.0019301470659107685,6.344963795140682E-5,0.0022047131740331907,4.5977046751561154E-4,0.0020440753370438345,3.907886151781742E-4,4.832130166487986E-4,1.8276336218162243E-4,1.4901098237333182E-5,3.0826492415197553E-4,1.4231238786154254E-4,0.023969697276404963,1.6084881319426462E-5,1.2775064531598006E-4,6.03483280861255E-4,2.5177597055032276E-4,7.366228627958276E-5,0.0021919769405656197,9.969358065151284E-5,1.2196508776959483E-4,0.001021326806682826,1.0100237023625326E-4,0.0019624255572289464,1.0,0.02486555979852109,4.995027089133922E-4,6.714427249681707E-4,7.156992957482393E-5,4.0253496414814253E-4,3.574058931971833E-5,3.0386548376171147E-4,0.0010428819497983169,2.3368990388309392E-4,1.3964189258105443E-5,6.402034847416608E-5,0.016755398494219847,3.1397320361995623E-5,8.061982994001115E-5,3.438334161156305E-4,1.4245225457589869E-5,4.527540629881991E-5,1.5448266307794164E-5,3.4350087411953504E-5,0.004860882752429094],[0.04941825600335149,0.02418718162424863,0.018306709901673206,0.004622972468955624,0.038304423516009926,0.016794106151521323,0.05978749656519165,0.01258487184598182,0.014670737191702202,0.04070452776795093,0.04349701729593704,0.04019874392868962,0.03523366703765447,0.040432270335709425,0.060469585257785535,6.72866909888547E-4,0.02462236873639194,0.05129531782072148,0.0374243015414977,0.028721268428221355,0.03190422674427458,0.0409176647285126,0.00731451097508656,0.004228530349027761,0.054039406770271185,0.04637777766845138,0.02486555979852109,1.0,0.054724411852340414,0.05217062898856722,0.01816126158977646,0.017783053964352466,0.014023611292294434,0.004623887938881957,0.035259496881208045,0.0032320103492395127,0.0016195732060523254,0.0014731188964201237,0.05702979691378382,0.019819608608718106,0.046939024449673766,0.00331665088253717,0.011418156929431909,0.034975797111803764,2.3689297423418543E-4,0.007669996284872638,0.012813141320912665],[0.0014652900374323432,0.0024941161080499485,0.0017232596393396671,0.0019139789757991424,9.867472261964215E-4,0.0025470964125539793,0.002129575693013722,0.00274958389565536,0.0017776171490682768,0.017925452115436804,9.950873719763898E-4,8.248010589382543E-4,8.270305603607248E-4,0.001725880184751553,0.015662070003129847,5.817528679138881E-5,9.077914506430867E-4,0.0011925394610456533,0.001790839608669252,0.0010356513826428222,0.0018522871902798374,0.0016960797180276199,0.0014745896640338152,0.001524231413456897,0.0010053589325658171,0.0069749146233197435,4.995027089133922E-4,0.054724411852340414,1.0,0.001970060400747752,0.00133607502166149,9.229913497513876E-4,5.911631780900243E-4,0.0019457788193749921,0.0015435648919253995,0.001343390484283074,0.0010403232625310088,0.0011048342739437128,0.007546080828275531,8.902046559313216E-4,4.555846376081121E-4,0.0018124310510413445,1.4900724907066396E-4,0.0010573146300160885,0.0010527124359692185,0.001295118610401734,0.0031495696783477717],[8.474147128833434E-4,0.0023465592115476624,0.0017200112169799974,0.0021664104925993126,0.0020526671426828124,0.0023623464978810307,0.005042426831604158,0.0025250998521368553,0.001698175551399088,0.028607403682902852,6.183810112740913E-4,0.0018230555109838382,8.672163181187007E-4,0.0019196064347169973,0.02358520083707028,0.00148363587758127,0.0018297026019924157,0.0022506432942666164,0.0016128364620936033,0.0019203500422428495,0.0022053488467794024,7.433648658462553E-4,0.0011934363450604817,0.0015302114524803805,0.0018959880420456265,0.0039398806991769965,6.714427249681707E-4,0.05217062898856722,0.001970060400747752,1.0,7.083687593079383E-4,9.447494313818123E-4,0.0010252828015567214,0.0022322348442780156,0.0015490988284247373,0.0021906668020241684,2.5672387052868775E-4,0.002214654780988325,0.019287481871968482,4.274207778978375E-5,8.51962287438353E-4,0.0021494058381139386,0.0012047251944260987,0.0012366337471268858,0.0020601872132473735,0.0022509180095576786,0.007331937811614881],[1.33998150661704E-4,0.0018766813554912196,1.0257218674968498E-4,0.001279059711162963,1.0573656257607645E-4,0.001305456476040679,0.005977724815384531,7.223161976738109E-4,6.727263668942222E-4,0.0019355402965427438,2.8319396976776376E-4,8.065146557917035E-5,2.040430135781208E-4,1.3875297322573426E-4,0.024662908339356304,5.398326961472753E-5,2.0546990964656305E-4,9.228459447520452E-4,3.543310245759814E-4,1.0299678373473557E-4,0.001868774209009474,1.0069954479374418E-4,1.3129989680153676E-4,7.529472317734095E-4,1.2181971398070012E-4,0.0031035585658990787,7.156992957482393E-5,0.01816126158977646,0.00133607502166149,7.083687593079383E-4,1.0,2.7613181696949194E-4,1.056460941728795E-4,0.00126162220016734,1.671867268788317E-4,3.4595706214304324E-4,4.965303388523121E-5,1.0780626434151999E-4,0.021035160101358454,5.422440990911795E-5,1.0368593992204526E-4,0.0013854723295134922,6.912869140419957E-5,8.836092747831675E-5,6.730929831498417E-5,1.1387731703700806E-4,0.006738388539776686],[6.40432500986171E-4,0.0024633192345255763,8.411140790383754E-4,0.001061532536362975,2.2432042647255895E-4,0.0027992199404712845,0.004642489088213476,9.133183108756994E-4,8.84460318124678E-4,0.0244521066028615,6.648131318652147E-4,1.7469887073977912E-4,5.555951227595883E-4,8.598960142041398E-4,0.027317898368047402,3.9327559375158843E-4,3.2698167451978E-4,9.20139796815777E-4,6.418226372539583E-4,2.949674913419593E-4,0.0013463124530740654,2.9091144466616785E-4,4.570873672991747E-4,9.201574224505495E-4,4.972708228744274E-4,0.004069840120727735,4.0253496414814253E-4,0.017783053964352466,9.229913497513876E-4,9.447494313818123E-4,2.7613181696949194E-4,1.0,2.911793036746215E-4,0.0014214851865922914,0.0010332007723792525,7.488943770620662E-4,6.349762852898264E-5,1.8004905649968904E-4,0.010423388174948265,3.2695804345628303E-4,5.714935724499612E-4,0.0016145524468012288,3.769947900598434E-4,2.5783060216427733E-4,3.26568933583066E-4,4.168765407388861E-4,0.0016031954320002415],[1.528537689662991E-4,0.0023000099875293855,1.0824582153247607E-4,0.001308406263784699,1.1065140783335022E-4,0.00252902294443035,0.004096006676947825,0.001964273450174403,9.8157743290995E-4,0.010559365040846497,1.7523185242713797E-4,4.1920563713252406E-5,3.7925191626721113E-4,1.2074954169954035E-4,0.014920171552119006,2.64429662498422E-5,2.0465413447913063E-4,0.0010061632937295587,4.1987961246307137E-4,1.0969777787735895E-4,7.938818359343803E-4,1.0196261936321944E-4,1.2539240654756525E-4,3.211375375078584E-4,1.642449296561291E-4,0.0038434936181188464,3.574058931971833E-5,0.014023611292294434,5.911631780900243E-4,0.0010252828015567214,1.056460941728795E-4,2.911793036746215E-4,1.0,0.0015375937162688156,0.0011426006122265762,2.9542330772557306E-4,9.512619528977468E-5,1.0830212890122656E-4,0.008374038835195954,8.026317755925281E-5,1.0677157648753028E-4,0.001432479017151635,3.829854987927628E-5,8.292837326017181E-5,5.572505794550968E-5,1.1435926212996691E-4,0.004614751438998531],[0.0013085629851809688,0.0023909511338855876,0.0013722095951297798,0.0019866975628567724,9.953397274394679E-4,0.0029226231068086835,0.0030728615162929104,0.0023995820196218045,0.0012303361091603366,0.010607967761549745,0.0010100596135595684,0.0017607359568779244,0.0013468594457189708,2.6429025661025185E-4,0.01570280464268533,3.760931786640008E-4,6.997666840350737E-4,0.0021055506460352304,9.324693286313561E-4,4.725294848442948E-4,0.0021770814062171445,1.2739833204363212E-4,8.519467310770422E-4,0.001400894601019034,5.827133259383203E-4,0.009939494438919439,3.0386548376171147E-4,0.004623887938881957,0.0019457788193749921,0.0022322348442780156,0.00126162220016734,0.0014214851865922914,0.0015375937162688156,1.0,0.001956988320169082,0.0016642251088586852,2.2508238813764004E-4,0.0019691075863968945,0.005291063325863916,0.001641127977947097,4.6592903406957715E-4,0.0021632585293566153,7.915434370147525E-4,0.002053800570237127,0.00214427003677657,0.001204248016491396,0.005199554097410835],[6.971995394545598E-4,0.002518444763213009,7.293934241452062E-4,0.001758238654153213,0.0011337077716700903,0.0027721346360368836,0.0024164903048694876,0.0017208170722491515,0.0011150874681410215,0.008745457046743656,8.993616790990905E-4,8.438945490488268E-4,3.8024916493455195E-4,0.0012175893915635262,0.003392502925924672,0.0011396969267195762,3.417730598152326E-4,0.0013856409494624716,0.0011944957526760164,2.955969971803218E-4,0.0019679030731333197,9.090294450191488E-4,9.790341859174578E-4,0.0013669044414999078,0.0011981318081782867,0.0028762572937518238,0.0010428819497983169,0.035259496881208045,0.0015435648919253995,0.0015490988284247373,1.671867268788317E-4,0.0010332007723792525,0.0011426006122265762,0.001956988320169082,1.0,0.0010210228173919882,1.7016062158233412E-4,8.867977183043899E-4,0.008517123851234352,3.206136449441439E-4,5.967875855540831E-4,0.0014356117259590555,9.535636828293345E-4,3.4170756507538895E-4,0.0010445079093678927,1.828933058961573E-4,0.00835914535670018],[3.898795175535229E-4,0.0026141744195891706,1.468641343456779E-4,6.128130153089705E-4,3.1254970432181785E-4,0.002832246315933401,0.0017080692120210587,0.0028502608575639568,6.420752051086078E-4,0.004269950191375856,4.95173452707579E-4,3.401315364926888E-4,3.9172670849477246E-4,3.515340522636678E-4,0.01003373960319611,2.1587208056937236E-4,2.5628928539575714E-4,6.6605505426081E-4,4.836660740367018E-4,4.313953203642865E-4,0.0018784645698800184,1.2047182110471587E-4,3.4039017648582285E-4,9.476606816841147E-4,1.8380246827004768E-4,9.219150862968177E-4,2.3368990388309392E-4,0.0032320103492395127,0.001343390484283074,0.0021906668020241684,3.4595706214304324E-4,7.488943770620662E-4,2.9542330772557306E-4,0.0016642251088586852,0.0010210228173919882,1.0,7.808196485733284E-5,2.3692448985741544E-4,0.019317122570074147,3.451748099972474E-4,2.0824459896310221E-4,0.001347809004143922,3.4002189586304307E-4,3.6786354047716304E-4,1.8041158212854454E-4,2.6682288640891513E-4,0.006344951549056178],[1.617971522990297E-4,0.002229918462486892,4.822533258287042E-5,9.443216981354293E-4,5.106516821364472E-5,0.002703686574178971,0.002354613544044632,0.0015838482638796346,5.377576981961036E-4,0.010847576934666894,3.087006080392438E-4,1.3499405815199943E-5,2.3120575967434007E-5,4.331632370872409E-5,0.007829980940254,1.8781848871356252E-5,1.95708823937099E-4,2.5783182472440946E-4,1.1108154370590846E-4,5.7562303773745994E-5,0.002071378337580912,3.189198861864536E-5,7.564794779107563E-5,1.342022761734641E-4,1.5358206799048006E-4,0.008089110993620462,1.3964189258105443E-5,0.0016195732060523254,0.0010403232625310088,2.5672387052868775E-4,4.965303388523121E-5,6.349762852898264E-5,9.512619528977468E-5,2.2508238813764004E-4,1.7016062158233412E-4,7.808196485733284E-5,1.0,1.0325717180300415E-4,0.010955929118210552,2.0707295226756396E-5,6.443860997896836E-5,0.0015865152958499773,1.3360695989993805E-5,3.0691409256107825E-5,1.3196577481722118E-5,1.1154923690401176E-4,0.004329764325038866],[1.388957178373379E-4,9.510927209672339E-4,1.0804988215257477E-4,0.001538010287063238,1.1015523496889341E-4,0.001598020752065811,0.0022761641339764686,0.002920279714785336,3.8710416206045537E-4,0.022905772543967508,2.3721606302373125E-4,5.992170527565171E-5,3.1254130200561296E-4,1.1445058952393343E-4,0.0017671373321901762,6.40400618535778E-5,2.103272572223246E-4,7.25252533745877E-4,4.550863730126239E-4,1.0994183294750654E-4,1.8656193066526845E-4,1.0657440672323278E-4,1.2927206095238072E-4,9.144016696743468E-4,1.22511833070988E-4,0.004790292400497929,6.402034847416608E-5,0.0014731188964201237,0.0011048342739437128,0.002214654780988325,1.0780626434151999E-4,1.8004905649968904E-4,1.0830212890122656E-4,0.0019691075863968945,8.867977183043899E-4,2.3692448985741544E-4,1.0325717180300415E-4,1.0,0.006939004554853709,6.0755286670912096E-5,1.0598836086284802E-4,6.529531716181995E-4,7.635344616844241E-5,5.737434059472117E-5,1.0279844722345499E-4,1.1649461478586273E-4,0.005840057690769871],[0.020133382825144992,0.01254527045324263,0.0014797753601552004,0.012727094295816959,0.008860059606634928,0.006607697799571764,0.018718350811015826,0.011266124167894971,0.01305066843245384,0.025182809918881506,0.01447800757753049,0.006329759488382027,0.017057606930396613,0.009998158527321102,0.023243305981207947,0.002170318425037945,6.987824496348216E-4,0.020891116723220776,0.006010790843454968,0.014954055505573445,0.01613543051407161,1.5918501837130426E-4,0.01339358852630318,0.0012409097321148795,0.006958866412557227,0.014954876773171177,0.016755398494219847,0.05702979691378382,0.007546080828275531,0.019287481871968482,0.021035160101358454,0.010423388174948265,0.008374038835195954,0.005291063325863916,0.008517123851234352,0.019317122570074147,0.010955929118210552,0.006939004554853709,1.0,0.013367685160863299,0.011874763160472906,0.012232097451309152,0.005713358352168624,0.014894544373777144,0.01880264560765499,0.010789727927457953,0.018019258391505796],[1.5452102361912095E-4,6.609955631143578E-4,1.0661725558598667E-4,5.403341542547183E-4,3.87668925482988E-5,0.0013879408756137693,0.002351662090050443,0.0012248666162101938,4.0507095265766835E-4,0.02502471018052601,1.8761610014394616E-4,1.9025099655774947E-5,8.466501923254781E-5,9.558036952007181E-5,0.027100991424692966,3.182876141401294E-5,1.6346620497897785E-4,3.495991064258666E-4,3.6177596188939414E-4,9.943625414938039E-5,0.0013158249453041537,9.704438780761014E-5,1.5293108145818268E-4,0.0011315658125441276,6.975579455583755E-5,0.0018774217008472923,3.1397320361995623E-5,0.019819608608718106,8.902046559313216E-4,4.274207778978375E-5,5.422440990911795E-5,3.2695804345628303E-4,8.026317755925281E-5,0.001641127977947097,3.206136449441439E-4,3.451748099972474E-4,2.0707295226756396E-5,6.0755286670912096E-5,0.013367685160863299,1.0,6.90750126519658E-5,4.289163970629942E-4,2.6470014314368917E-5,4.5064116450233734E-5,3.108961077601448E-5,9.158525467028132E-5,0.007839360204937482],[1.6782123895632117E-4,6.887999867201E-4,1.0742435772842247E-4,0.001417487270966179,1.0659602418832473E-4,4.97802102287973E-4,5.938717702245945E-4,0.001773108076667925,1.9799293823839553E-4,0.025681797093783442,5.327840119214019E-4,3.156065159658902E-5,2.2158318737259088E-4,1.272543151119728E-4,0.00908196919907309,3.822785223722548E-5,2.1033832943623688E-4,7.416440847323501E-4,1.425695975087072E-4,1.081743753563454E-4,0.0013681286863114006,1.011255990743864E-4,1.2691559072176283E-4,4.362502621453976E-4,1.500462718143433E-4,0.007500564201947867,8.0619829940