[[1.0,0.0010459569020550667,8.227064426235738E-4,3.526403391661612E-4,0.0017395851339692425,5.784252576946094E-4,0.00140920969941696,8.615819713266888E-4,5.872622866856716E-4,5.27069710246289E-4,0.0014694998396025346,9.575775020315842E-4,7.658625308041741E-4,0.0010559729077816975,4.959863359988372E-4,0.010984066871587088,4.1187009476531945E-4,2.276194635117157E-4,0.004153423711606119,0.001097213980544336,0.0010437185188240388,0.002989256760836516,0.001086689438976798,9.693978834075946E-4,8.749461150252387E-4,3.921163845032002E-4,0.016231770822517384,3.200655852036316E-4,7.734104158808652E-4,4.0421065648657984E-4,0.0014884116832210915,0.0021505025979188033,0.0014427381012995291,4.5636501588571773E-4,5.517323144945665E-4,0.002057620143457774,8.480107488295683E-4,0.0011310825566145902,7.429310209089464E-4,3.030856563397849E-4,0.0010266256126689344,7.493273386980805E-4,0.0010077631851254216,0.001006204762374709,0.01408359607363793,3.4910596020756174E-4,0.0012194965118217903,7.699354378589797E-4,0.00312691322339639,0.006523060954157225,2.0909454699774707E-4,0.002843427479992464],[0.0010459569020550667,1.0,6.342762653920376E-4,3.7194408500663067E-4,0.0010852735282112379,2.3478681521392331E-4,0.0010771503639441014,6.141560528725861E-4,2.2493975549392053E-4,1.324044312153307E-4,9.217865888423817E-4,9.361837841633783E-5,4.746203475344683E-4,3.585814663001779E-4,6.221301589879096E-4,0.004076548147179962,6.619950063183925E-4,7.090280428986117E-4,0.00870307710185644,0.001145782889635453,4.3977220615727295E-4,0.001194973918204683,8.368676485696839E-4,1.938564605360304E-4,7.051061816934599E-4,8.075035446052551E-4,0.020344589353824813,2.7058838954129277E-4,5.932414970443423E-4,2.845971216423397E-4,0.0018027700028075593,8.720270277368209E-4,0.001276451788502025,4.3752735267442466E-4,1.0799543425106989E-4,8.237375740810445E-4,6.479289933384423E-4,9.503279399315651E-4,5.4622546112876E-4,1.76589953674611E-4,7.367668619578822E-4,7.670816800770901E-4,7.281501240514053E-4,6.460127735998993E-4,0.003660932502479821,4.055373888355548E-4,0.002406221326425809,6.733620431659086E-4,0.005656001170624463,0.006914005906969801,1.7039316538458124E-4,0.006464513779476263],[8.227064426235738E-4,6.342762653920376E-4,1.0,1.4774533062398751E-4,0.0028601504453281837,1.9417755864040934E-5,0.0019428174753855442,4.8772700221028824E-5,1.7379858077706134E-4,4.893122505857238E-5,7.246099033529214E-4,1.888204557558569E-5,4.7814201554610357E-5,3.369483087667347E-5,1.4907528159086077E-4,0.008223536534896032,7.584405171496966E-5,7.015629750193572E-5,0.01322799226089289,3.2393571854950334E-4,1.1470513995935218E-4,0.0012751174956845517,4.068016409905044E-4,8.68905128749544E-5,2.0530340019106485E-4,2.828150741649803E-4,0.006918416529932141,1.2503410086589116E-5,1.0525402678633809E-4,1.5925324111503765E-4,0.001307385031339366,0.0015370919113861252,0.0011658335095544369,2.9682801528688546E-5,4.0564194180642336E-5,8.736364129030208E-4,8.307421004882731E-5,0.0010408705169159002,3.46990832663113E-5,2.2489942895600764E-5,3.92141303309955E-4,2.2886597973311335E-4,2.8735721365814236E-4,2.3050437400357654E-5,0.023903802161510387,5.442581020159048E-5,0.004034214729324272,2.1020659371049887E-4,4.5460004323629176E-4,0.0023021348182727984,1.1269106652099823E-4,0.002118357818206658],[3.526403391661612E-4,3.7194408500663067E-4,1.4774533062398751E-4,1.0,0.0032429450430692744,2.3267458241943252E-4,0.0014930890642969837,1.9250821872824969E-4,2.2046012667852857E-4,2.1788827742911054E-4,0.0015673762570450483,1.142736129590327E-4,2.5323767160280827E-4,1.925169407878331E-4,2.0666675083010565E-4,0.006146420414637117,2.155998743210142E-4,1.9787111444902685E-4,0.009896487286663052,4.969505976511477E-4,2.7327136149498575E-4,0.0016861332350166839,2.744374875100357E-4,1.739245341371715E-4,2.9625343052767217E-4,2.8670475971323225E-4,0.018818338053158405,3.390156859381774E-5,4.3048697539223047E-4,2.1967761965206747E-4,0.001247308073417611,0.0019624230147062016,0.0010780809187289795,2.2567288127971956E-4,2.1799272770186586E-4,8.770453970523954E-4,2.5367489095573146E-4,4.273439083867694E-4,9.561604248199267E-5,5.5648534354865037E-5,2.703208287519921E-4,4.1191012753899513E-4,5.490620853029894E-4,2.1709795265292727E-4,0.0241887610762742,1.273777749416872E-4,0.011190751810771204,3.1115472668887483E-4,0.0025453451544684477,0.00968302657137099,2.493657090752412E-4,0.007463642581462055],[0.0017395851339692425,0.0010852735282112379,0.0028601504453281837,0.0032429450430692744,1.0,0.0027655726320303426,0.0036020865029554945,0.003883648495488432,0.001206554212275694,0.003341195090548106,0.003552092428148694,0.003837584377797439,0.003730134373968862,0.003395132113677001,0.001960442968762621,0.012907273341193685,0.001673797127568503,0.003928695086675374,0.012161249542134675,0.0016073521585120284,0.0015563104653099776,0.003718709230765723,0.0036533498778894245,0.0038425482631533046,0.0033149169141227343,0.0032891842222036115,0.01285150874417146,0.0038618903551211267,0.0019587117764986624,4.6471148944011455E-4,0.002547608580420215,0.0038169766226983388,0.00303886950029535,0.002085981701333693,5.458270469260455E-4,0.003800037950442167,0.003444176143508317,0.0036214177327927905,0.003160889186358862,1.5734159812974451E-4,0.0038790766101178533,5.802859320845831E-4,0.003632615571525733,0.003948914473422699,0.01717520648095104,0.001843907246231138,0.006407585220057581,0.003825287396381064,0.004785693681063892,0.007496815487574285,0.00163251411437366,0.004113415271497242],[5.784252576946094E-4,2.3478681521392331E-4,1.9417755864040934E-5,2.3267458241943252E-4,0.0027655726320303426,1.0,9.942262295524452E-4,2.639211099788756E-5,3.6420026199588215E-5,1.645837532850051E-5,0.001178241636983303,1.1605435583793222E-5,2.4180783871935332E-4,1.4947808852801506E-4,1.5449131862627614E-4,0.008607217803959174,8.147182955570427E-5,8.372104278288965E-5,0.006529931104900452,2.6808965660997446E-5,1.8140669220887155E-4,0.0029693809456705017,5.72203605443912E-4,1.5549695274641547E-5,1.2794388838775338E-4,3.3623624589537856E-4,0.002140934491969391,1.1643085803073231E-5,2.071474270058095E-4,5.2285050262993696E-5,8.876684664734975E-4,0.0034908828623586227,0.0010020329503131163,1.3745062978172863E-5,2.1027751032708555E-5,9.097919584531694E-4,1.2057707566336696E-4,0.0011578694458691304,2.8163357171453984E-5,1.3488630589420331E-5,2.503003696281707E-4,4.293886204264636E-4,3.789320873078165E-4,1.5063698771157427E-5,7.213213914115946E-4,9.689109438110889E-5,0.004598032372902061,1.899236516469245E-5,0.005451178322171194,0.0010418938074326406,1.1054794288756757E-4,0.0071371363749492085],[0.00140920969941696,0.0010771503639441014,0.0019428174753855442,0.0014930890642969837,0.0036020865029554945,9.942262295524452E-4,1.0,0.0011967115570298895,0.001938027298235574,1.323474964292877E-4,0.0019593668033173455,7.600571098243781E-4,7.696637408828087E-4,7.823204212051866E-4,2.325924183873191E-4,0.01009908118001739,0.0010890589965657602,0.0017605127048508614,0.005771204587721575,0.0014740404552785712,0.0012851049422899926,0.0023896313076881585,0.001955975904262967,6.042167167122129E-4,0.0015511079588373892,0.0013563811591690341,0.015580058519175304,0.0012075708947169974,5.388726216838246E-4,0.0012344641757528606,0.002034063545388955,0.00279307966487758,0.0016159299005254549,7.528970371422454E-4,7.383316724552107E-4,0.0024986333413494987,0.001180431390030006,0.0016238093672915593,0.00125285469837052,4.4999378181949287E-4,0.0019454680217364032,7.060652378047185E-4,7.606464911638243E-4,9.407534722513003E-4,0.00765255929032794,0.0020163546399253694,0.00795203892142464,0.001332170954020439,0.004920717622474449,0.0039761457965785795,3.5663412210563223E-4,0.006713212469663612],[8.615819713266888E-4,6.141560528725861E-4,4.8772700221028824E-5,1.9250821872824969E-4,0.003883648495488432,2.639211099788756E-5,0.0011967115570298895,1.0,7.582698835398484E-5,6.75245351170862E-5,2.2821327134815679E-4,6.038101420994781E-5,9.801513584680371E-5,1.754077549341336E-4,1.1503472065530226E-4,0.008858422484520978,7.702338641852379E-5,7.62334256563095E-5,0.007646873680200402,2.851062951400756E-4,1.5207049484514348E-4,0.0010643825627159437,5.05551450500358E-4,9.370619528610299E-5,9.807494536609565E-5,1.3708317288079998E-4,0.007941388218414891,5.845444273014567E-5,3.14699116795649E-4,1.6030108907894182E-4,7.973989677496332E-4,0.0034214946314682533,5.612303139710711E-4,7.967024899495732E-5,5.869002114177337E-5,4.5289526437134766E-4,7.229787868054184E-5,2.190120481694939E-4,5.329458349651613E-5,5.197318750955782E-5,2.8991485960428413E-4,4.365741337679235E-4,4.2976882594533694E-4,3.0711580371795915E-5,0.006635338405952875,7.106538108380535E-5,0.0019576157622357977,2.6588969333864946E-4,0.0015573357977842883,0.009746484134825732,8.278790848405962E-5,0.00414873822722394],[5.872622866856716E-4,2.2493975549392053E-4,1.7379858077706134E-4,2.2046012667852857E-4,0.001206554212275694,3.6420026199588215E-5,0.001938027298235574,7.582698835398484E-5,1.0,9.166008004751034E-5,0.0011897186299163873,2.9183849718077376E-5,2.1505783000616782E-4,1.8241358022812236E-4,1.5872547211704597E-4,0.00956353001679025,1.5519389338375706E-4,1.6778253801550257E-4,0.016551538002846356,2.8512215315659777E-4,1.864612260718597E-4,0.0015192559081537828,6.800678620969764E-4,1.1289727942412551E-4,2.0765931365386009E-4,3.1299225550350583E-4,0.011129946495231998,4.523040589201885E-5,3.1611446340968225E-4,1.9766806965805213E-4,0.0011700356478030144,0.003144801614275357,5.813857299729416E-4,1.2367150304217888E-4,1.127932621557825E-4,8.972306780611792E-4,1.249806122877343E-4,6.181081726478519E-4,7.038726900840018E-5,4.6479112231204676E-5,5.085068131379943E-4,4.450598373642935E-4,3.4041445075474753E-4,7.812753400162952E-5,0.002944683488733493,1.5484179591751022E-4,0.002137415545057186,1.9112025705734538E-4,5.006820992698842E-4,0.0020383354387665505,1.6340770211439366E-4,0.0018412384844709178],[5.27069710246289E-4,1.324044312153307E-4,4.893122505857238E-5,2.1788827742911054E-4,0.003341195090548106,1.645837532850051E-5,1.323474964292877E-4,6.75245351170862E-5,9.166008004751034E-5,1.0,9.959803914564437E-4,3.096708646460863E-5,7.44090952573408E-5,1.38024345027023E-4,7.99267030461094E-5,0.0076942554397728385,8.177919180534055E-5,9.335809950716786E-5,0.016207566495834404,2.5176092180607495E-4,1.2641496188695348E-4,0.0033965236017684045,6.525787767484268E-4,8.959598957353498E-5,3.3557814068646964E-4,1.5931968872023454E-4,0.01855451622024686,5.807665920909038E-5,3.3197458723705127E-4,1.0317509697794218E-4,0.0013112300071485706,0.0019246518356785143,6.54292333837554E-4,7.63397782579287E-5,4.7832512504453154E-5,4.154784251299776E-4,6.853834186356826E-5,8.835670078590141E-4,4.490381184349103E-5,4.970790636629162E-5,5.763686133623697E-4,2.8019527316071324E-4,3.5039465651372237E-4,3.8456252910167715E-5,1.5591729590422782E-4,9.738413084892016E-5,0.009525992341109502,2.4960689342751153E-4,0.002655710528764787,0.0030134097676520807,1.5050004380768396E-4,0.005617740867065593],[0.0014694998396025346,9.217865888423817E-4,7.246099033529214E-4,0.0015673762570450483,0.003552092428148694,0.001178241636983303,0.0019593668033173455,2.2821327134815679E-4,0.0011897186299163873,9.959803914564437E-4,1.0,1.9001368746795474E-4,0.001257270238816183,2.5855566341209E-4,9.119247170758151E-4,0.002671686116325243,0.0013408262794564168,0.001455865515171668,0.00760102695000088,0.001254393850688763,3.188499274102765E-4,0.001974546973247483,0.0012892075899081355,0.001349776750437941,0.0014433025569955099,8.161067463928848E-4,0.00932712787177391,3.244492808446336E-4,5.978780854231869E-4,9.585847280884898E-4,0.001834503431491098,0.00306355396137591,0.0016073783632594486,8.106914611461677E-4,4.0721583419115425E-4,0.0018363167262170272,0.001075892373705648,0.0016239023293397443,0.001417005124269637,6.667460873224744E-4,0.0010053626161812804,8.985753399399952E-4,0.001147375296799324,0.0015572607452882118,0.012880495412501665,9.143940586459917E-4,0.0032467644771957856,0.0010421900778940212,0.0043978057504155945,0.0033078631707469937,7.090045871854972E-4,0.002514895923659724],[9.575775020315842E-4,9.361837841633783E-5,1.888204557558569E-5,1.142736129590327E-4,0.003837584377797439,1.1605435583793222E-5,7.600571098243781E-4,6.038101420994781E-5,2.9183849718077376E-5,3.096708646460863E-5,1.9001368746795474E-4,1.0,1.3370752359616412E-4,1.6561082592503166E-4,4.95855362819435E-5,0.01473860840495995,8.39860754730656E-5,9.858118833084609E-5,0.0015527501241834997,7.056356965211559E-4,1.8705874189632683E-4,5.377064106201937E-4,0.0010333444851311584,9.29071484285284E-5,1.3067072308162324E-4,8.967276196308462E-5,0.0011663410462363656,1.1578904482496346E-5,3.2783125000512787E-4,6.411107802056037E-5,0.0013019572066947527,6.151721556397041E-4,2.849159904136336E-4,7.357779182392475E-5,1.2760429578883904E-5,4.4049158946368673E-4,1.1123436738440278E-4,6.559662933508806E-4,2.59067527098552E-5,1.4067658416688517E-5,5.648075211620975E-4,2.876468997245731E-4,2.3430677596430428E-4,1.4868293887526367E-5,0.014445535768443206,1.03164180064061E-4,0.0015020060745957362,3.121167367111952E-4,0.004356006880059044,0.003498329196684822,1.0309408366515369E-4,0.0022137058825117393],[7.658625308041741E-4,4.746203475344683E-4,4.7814201554610357E-5,2.5323767160280827E-4,0.003730134373968862,2.4180783871935332E-4,7.696637408828087E-4,9.801513584680371E-5,2.1505783000616782E-4,7.44090952573408E-5,0.001257270238816183,1.3370752359616412E-4,1.0,2.0815652476722203E-4,2.262309881535868E-4,0.010211190362818584,2.148058169205544E-4,1.492204215038118E-4,0.0013959498524965127,3.031163570434241E-4,2.712596197411751E-4,0.001591726221355339,0.0010225010361357954,2.447221751989781E-4,3.2035327767222614E-4,2.7027755048254895E-4,0.01286046433669238,1.2664010477625445E-4,3.2670817087883895E-4,2.3727996333171845E-4,0.0016793454183396503,0.0016416256552428247,8.029347457897309E-4,1.3360450700161441E-4,2.055082297503476E-4,5.763794378777006E-4,2.4119160020342174E-4,0.0011656077212187014,1.6117216716101467E-4,2.3257771638664267E-4,3.862783562450096E-4,4.0288633076440673E-4,5.64066409418855E-4,1.0412410893070362E-4,0.006351840508261888,2.3294201244307268E-4,0.003222178940516373,2.625223837718595E-4,0.0030604009024378428,0.0018659342594148551,2.4681959262734044E-4,0.006891078504453945],[0.0010559729077816975,3.585814663001779E-4,3.369483087667347E-5,1.925169407878331E-4,0.003395132113677001,1.4947808852801506E-4,7.823204212051866E-4,1.754077549341336E-4,1.8241358022812236E-4,1.38024345027023E-4,2.5855566341209E-4,1.6561082592503166E-4,2.0815652476722203E-4,1.0,1.670254560119266E-4,0.0068476527000946846,1.746731804922582E-4,1.6763881353946356E-4,0.012759334705579876,5.419985781362974E-4,1.8999579627831223E-4,0.002524704388054879,9.684467680652427E-4,1.5700756281302833E-4,1.908255788605538E-4,1.899245372681088E-4,0.008461515786377724,1.6255897671881874E-4,2.799209937285062E-4,2.0789689930916867E-4,9.333693083415852E-4,0.0016794133671204365,2.0500537882211183E-4,8.639560814820355E-5,6.248025914639823E-5,0.0011364979076424792,1.6989504492698166E-4,9.432413145183183E-4,5.251266680528265E-5,1.2931016836851403E-4,4.153226815169431E-4,3.4240888413439405E-4,2.861518802983986E-4,1.8430164428120098E-4,0.0031756885695610466,1.3649651903474317E-4,0.008664182369898856,2.248540315857941E-4,5.733854469258875E-4,0.005994595037743286,1.8271585235084015E-4,0.002067572355497822],[4.959863359988372E-4,6.221301589879096E-4,1.4907528159086077E-4,2.0666675083010565E-4,0.001960442968762621,1.5449131862627614E-4,2.325924183873191E-4,1.1503472065530226E-4,1.5872547211704597E-4,7.99267030461094E-5,9.119247170758151E-4,4.95855362819435E-5,2.262309881535868E-4,1.670254560119266E-4,1.0,0.0020385746140003176,1.3050645399920624E-4,1.3593142552484623E-4,0.004963419586276382,3.714834622741058E-4,1.6128859034863E-4,0.0023031284480354627,8.198642341450514E-4,1.5352263242384039E-4,2.4094993558608702E-4,2.2982290663792128E-4,9.795468556952685E-4,3.6807535943810844E-5,3.82243292985417E-4,2.0663722609212375E-4,9.791732619746686E-4,4.6211472667424255E-4,2.775339994134516E-4,8.076581158328367E-5,9.334940605738767E-5,0.0011072874581338603,1.3858369243607577E-4,2.762599887260951E-4,1.2053340782641043E-4,1.0589156985800516E-4,2.3589547444121143E-4,2.3732375931172944E-4,4.076147141779376E-4,1.537743040710318E-4,0.011066955946787266,1.27805824659315E-4,0.007106756756481899,2.489188433757176E-4,0.0016538213474553678,0.0029147315273938953,1.571284938019565E-4,0.0040855456962584245],[0.010984066871587088,0.004076548147179962,0.008223536534896032,0.006146420414637117,0.012907273341193685,0.008607217803959174,0.01009908118001739,0.008858422484520978,0.00956353001679025,0.0076942554397728385,0.002671686116325243,0.01473860840495995,0.010211190362818584,0.0068476527000946846,0.0020385746140003176,1.0,0.009496903322937242,0.00854095083255816,0.015943119723527466,0.012196591401022878,0.01155382655516622,0.008364509813171592,0.014219987565420943,0.01136153907895381,0.004742138817542432,0.0019726198978909544,0.01786677312810473,0.002429650013129598,0.002351922541416617,0.012918324210606024,0.014741679664619596,0.01390800972803645,0.0122662217022304,7.330814944168666E-4,0.009735256183874922,0.011673864203398509,9.432561361723606E-4,0.009717132943728255,0.015262538718774029,0.007440547532634771,0.008945436423342846,0.008905464562750286,0.003365747430230793,0.006745361076870713,0.023922294447713384,0.002236096011875334,0.012618650194596744,0.013705081948072354,0.007932143734335307,0.014156531954590205,0.005557908477379423,0.015290146478951973],[4.1187009476531945E-4,6.619950063183925E-4,7.584405171496966E-5,2.155998743210142E-4,0.001673797127568503,8.147182955570427E-5,0.0010890589965657602,7.702338641852379E-5,1.5519389338375706E-4,8.177919180534055E-5,0.0013408262794564168,8.39860754730656E-5,2.148058169205544E-4,1.746731804922582E-4,1.3050645399920624E-4,0.009496903322937242,1.0,1.1424866003853049E-4,0.003801482762572962,2.6091647068188673E-4,1.0511987145186246E-4,0.001031991786558629,3.8821866491318876E-4,1.0485040479077909E-4,3.043725532419554E-4,1.9146000778072839E-4,0.019520545849816644,8.753268246518079E-5,3.42725364528222E-4,1.949381987823659E-4,3.972738385505538E-4,3.86873745180947E-4,0.0011980852440035918,1.0263225290510332E-4,4.498450643046135E-5,1.6629610415869054E-4,1.194829357494175E-4,5.819657056331598E-4,1.0429931292295252E-4,9.652669870803126E-5,1.635353291842E-4,2.0772047564896905E-4,5.504043200292026E-4,6.475726644313955E-5,0.013586613648529344,1.158505249428675E-4,0.005733929166081313,1.9447516238222035E-4,2.367629146044377E-4,7.830697430535777E-4,1.3651935606724547E-4,0.00798535341914469],[2.276194635117157E-4,7.090280428986117E-4,7.015629750193572E-5,1.9787111444902685E-4,0.003928695086675374,8.372104278288965E-5,0.0017605127048508614,7.62334256563095E-5,1.6778253801550257E-4,9.335809950716786E-5,0.001455865515171668,9.858118833084609E-5,1.492204215038118E-4,1.6763881353946356E-4,1.3593142552484623E-4,0.00854095083255816,1.1424866003853049E-4,1.0,0.0016236642678216495,8.299408666537072E-4,1.9872802756845708E-4,0.002917548725104487,9.711150733534565E-4,1.057472326188316E-4,2.618399453264845E-4,3.451591700583358E-4,0.003249865212946258,9.892425370905464E-5,2.1714164645463696E-4,2.1179183897929128E-4,5.214170157803586E-4,0.0016116374417862128,9.032082046736458E-4,1.0372520987904794E-4,5.1937704272475104E-5,0.0012499270706966214,1.2293731871343923E-4,9.881640207833168E-4,5.972891641830779E-5,4.5437699047124784E-5,3.2144332814581036E-4,3.006982530865005E-4,1.6975793413173486E-4,1.1409225830416306E-4,0.008541441862376575,1.222661205105422E-4,0.003252123624943743,2.2709752108581292E-4,0.004842397746674166,0.007695128107147969,1.356469769378571E-4,0.00868370275395694],[0.004153423711606119,0.00870307710185644,0.01322799226089289,0.009896487286663052,0.012161249542134675,0.006529931104900452,0.005771204587721575,0.007646873680200402,0.016551538002846356,0.016207566495834404,0.00760102695000088,0.0015527501241834997,0.0013959498524965127,0.012759334705579876,0.004963419586276382,0.015943119723527466,0.003801482762572962,0.0016236642678216495,1.0,0.013819312956973107,0.001312530032918802,0.013013107988012387,0.005255178033160463,0.01595289005687752,0.00972107017595792,0.014750948911814043,0.018640570625060606,0.013061517138886156,0.014932846010640067,0.016697140411480873,0.012231066679454394,0.013506256760777512,0.002982845629418711,0.012231208023577009,0.007216701255067824,0.006124267306606069,0.0033865992765401997,0.0027506096893944094,0.012803202712968398,0.009472501788940428,0.002557698307040502,0.018064131967692913,0.0016219217383786277,8.500287477654241E-4,0.023121342949895495,0.017585599361541374,0.012084371519674324,0.009615872360625385,0.011525988419476413,0.011131879882560109,0.017947200597623024,0.013106143395335279],[0.001097213980544336,0.001145782889635453,3.2393571854950334E-4,4.969505976511477E-4,0.0016073521585120284,2.6808965660997446E-5,0.0014740404552785712,2.851062951400756E-4,2.8512215315659777E-4,2.5176092180607495E-4,0.001254393850688763,7.056356965211559E-4,3.031163570434241E-4,5.419985781362974E-4,3.714834622741058E-4,0.012196591401022878,2.6091647068188673E-4,8.299408666537072E-4,0.013819312956973107,1.0,3.7121584487849506E-4,0.0014576535902172038,0.0011132941849599427,6.244693199230931E-4,8.475025776284632E-4,4.2965642214242594E-4,0.019044148352849448,1.7859823580802518E-4,4.864978288451593E-4,6.532399223154869E-4,0.0017049381352898818,0.003077076603457343,0.0014329020307552408,0.0011293454860608677,5.741958485092624E-4,0.0022442535426939834,8.438548273787542E-4,0.001173112743448004,4.0548636255800433E-4,6.865306839027755E-4,0.0010328135552775015,0.0010956996152845775,6.516276759574433E-4,7.544246311582983E-4,0.0209918336712588,4.933940249757658E-4,0.0037799371669175316,5.710000679525324E-4,0.005297846967128053,0.005310996567739387,2.5485011634684095E-4,0.0015409461909649085],[0.0010437185188240388,4.3977220615727295E-4,1.1470513995935218E-4,2.7327136149498575E-4,0.0015563104653099776,1.8140669220887155E-4,0.0012851049422899926,1.5207049484514348E-4,1.864612260718597E-4,1.2641496188695348E-4,3.188499274102765E-4,1.8705874189632683E-4,2.712596197411751E-4,1.8999579627831223E-4,1.6128859034863E-4,0.01155382655516622,1.0511987145186246E-4,1.9872802756845708E-4,0.001312530032918802,3.7121584487849506E-4,1.0,0.0026540502088855744,5.14748719216104E-4,2.0129549262094582E-4,3.6144912441783277E-4,2.826911258449253E-4,0.010304296759602736,4.011493467620742E-5,2.8115003602638693E-4,2.469594546943203E-4,8.292363684485363E-4,0.0015226814745729418,0.0012679281863392238,1.9401498672146696E-4,1.9054637432477264E-4,0.0012232288595441726,1.61012745378243E-4,3.371914893205083E-4,1.5252464765570033E-4,2.43773656030549E-4,3.2033290571809405E-4,4.152562438668713E-4,3.418167323481661E-4,2.2835944415963084E-4,0.020992899524188886,1.5464427171078853E-4,0.0013478449493770231,2.788937304991333E-4,0.0017824222061320317,0.010018548825613479,2.3857260374246115E-4,0.0029100638950056226],[0.002989256760836516,0.001194973918204683,0.0012751174956845517,0.0016861332350166839,0.003718709230765723,0.0029693809456705017,0.0023896313076881585,0.0010643825627159437,0.0015192559081537828,0.0033965236017684045,0.001974546973247483,5.377064106201937E-4,0.001591726221355339,0.002524704388054879,0.0023031284480354627,0.008364509813171592,0.001031991786558629,0.002917548725104487,0.013013107988012387,0.0014576535902172038,0.0026540502088855744,1.0,0.0012775198523724152,0.0022889892221467038,5.051088625309208E-4,0.002917915947573054,0.00566219179394538,0.002009294753453114,0.0024437090842841015,0.0022155159750485635,0.0020521824603059553,0.003467021775093354,0.002612049379687191,0.0029483154135537047,0.0031466790445988753,0.0032867419446724073,0.0031119346636305162,0.003258980430648904,0.0016041676652365773,0.003200449229392989,0.0021876703105709753,0.0023668570468960122,0.001829798883916894,0.0033062208186685612,0.0066235637331099155,0.0011296826546498958,0.010283283161915985,0.0015661503271614415,0.005705897308560982,0.007614797707597903,5.232566554924608E-4,0.004609058430675752],[0.001086689438976798,8.368676485696839E-4,4.068016409905044E-4,2.744374875100357E-4,0.0036533498778894245,5.72203605443912E-4,0.001955975904262967,5.05551450500358E-4,6.800678620969764E-4,6.525787767484268E-4,0.0012892075899081355,0.0010333444851311584,0.0010225010361357954,9.684467680652427E-4,8.198642341450514E-4,0.014219987565420943,3.8821866491318876E-4,9.711150733534565E-4,0.005255178033160463,0.0011132941849599427,5.14748719216104E-4,0.0012775198523724152,1.0,6.611701784584447E-4,0.001010163797457883,5.78041594589122E-4,0.007298466251636126,3.578376787188501E-4,9.067900579690151E-4,2.7914576935546205E-4,0.0015948374046652687,0.0012675724365492599,0.001335494664047518,1.7208437190204505E-4,8.275062416569572E-4,0.0016409484200985518,9.566872127178899E-4,0.0011319742822653728,5.224993476784146E-4,0.0010529126814794918,7.658606061582188E-4,9.351095659678721E-4,9.506988958344717E-4,0.0010229631619536807,0.002277530317376068,1.4423845693900617E-4,0.0068924219415494375,7.980727157254845E-4,0.0058252009832602284,0.009760324633112086,0.001063591526830322,0.005709784442941225],[9.693978834075946E-4,1.938564605360304E-4,8.68905128749544E-5,1.739245341371715E-4,0.0038425482631533046,1.5549695274641547E-5,6.042167167122129E-4,9.370619528610299E-5,1.1289727942412551E-4,8.959598957353498E-5,0.001349776750437941,9.29071484285284E-5,2.447221751989781E-4,1.5700756281302833E-4,1.5352263242384039E-4,0.01136153907895381,1.0485040479077909E-4,1.057472326188316E-4,0.01595289005687752,6.244693199230931E-4,2.0129549262094582E-4,0.0022889892221467038,6.611701784584447E-4,1.0,2.8147185449993944E-4,1.396050917427178E-4,0.008936660464407794,1.0318837185815637E-4,1.5958721740872182E-4,1.1353665985096135E-4,5.92132085328576E-4,0.002407836311163195,2.7451935951080804E-4,8.709015784175319E-5,7.053816631497989E-5,0.0011970149649195008,1.1376434385697106E-4,8.821281479892292E-4,9.724213780465689E-5,3.5100393355672436E-5,2.894236794206365E-4,3.0184289503993824E-4,4.071853634644573E-4,9.981128738435859E-5,0.010894505725184578,1.1420609595309121E-4,0.00154642773710869,1.4312363596083287E-4,0.00421464112602342,0.006378978903523571,1.375149398564347E-4,0.006766814647051865],[8.749461150252387E-4,7.051061816934599E-4,2.0530340019106485E-4,2.9625343052767217E-4,0.0033149169141227343,1.2794388838775338E-4,0.0015511079588373892,9.807494536609565E-5,2.0765931365386009E-4,3.3557814068646964E-4,0.0014433025569955099,1.3067072308162324E-4,3.2035327767222614E-4,1.908255788605538E-4,2.4094993558608702E-4,0.004742138817542432,3.043725532419554E-4,2.618399453264845E-4,0.00972107017595792,8.475025776284632E-4,3.6144912441783277E-4,5.051088625309208E-4,0.001010163797457883,2.8147185449993944E-4,1.0,3.885395739492603E-4,0.016579724818469914,6.827894412986954E-5,4.269254666897954E-4,3.5384104144051386E-4,0.0014588213871713836,0.0021182499317314333,4.1242560193817526E-4,2.718965331131908E-4,1.548257766132855E-4,0.0014476361725961377,3.686575814882388E-4,5.148425694253643E-4,3.5389444014637843E-4,3.618822000286019E-4,4.443129913733157E-4,4.4043993322840204E-4,4.1334328648815133E-4,2.8284521260395456E-4,0.0049146381349240474,3.1373685310986097E-4,0.00478655297979024,3.707887642031292E-4,0.005278007688054299,0.009588025317289823,2.3409801530669707E-4,0.005365533246042399],[3.921163845032002E-4,8.075035446052551E-4,2.828150741649803E-4,2.8670475971323225E-4,0.0032891842222036115,3.3623624589537856E-4,0.0013563811591690341,1.3708317288079998E-4,3.1299225550350583E-4,1.5931968872023454E-4,8.161067463928848E-4,8.967276196308462E-5,2.7027755048254895E-4,1.899245372681088E-4,2.2982290663792128E-4,0.0019726198978909544,1.9146000778072839E-4,3.451591700583358E-4,0.014750948911814043,4.2965642214242594E-4,2.826911258449253E-4,0.002917915947573054,5.78041594589122E-4,1.396050917427178E-4,3.885395739492603E-4,1.0,0.01692107025805867,2.141374756949938E-4,3.8502233931643205E-4,3.6740550877812955E-4,0.0010641697824964082,0.002447073771169375,4.2932221084001867E-4,1.796964284004796E-4,1.3383678179768686E-4,0.0019631211215126363,1.35881497817427E-4,9.461518260155885E-4,5.129999632448328E-5,3.753537554930796E-4,4.2326310153155373E-4,3.8157700061596536E-4,3.8965692750173963E-4,1.7266980431649513E-4,0.01768035296977557,2.9557158573465664E-4,0.003597633847099654,3.756991807029115E-4,5.355950638393141E-4,0.010280740632800458,2.584783334591335E-4,0.009162310510270251],[0.016231770822517384,0.020344589353824813,0.006918416529932141,0.018818338053158405,0.01285150874417146,0.002140934491969391,0.015580058519175304,0.007941388218414891,0.011129946495231998,0.01855451622024686,0.00932712787177391,0.0011663410462363656,0.01286046433669238,0.008461515786377724,9.795468556952685E-4,0.01786677312810473,0.019520545849816644,0.003249865212946258,0.018640570625060606,0.019044148352849448,0.010304296759602736,0.00566219179394538,0.007298466251636126,0.008936660464407794,0.016579724818469914,0.01692107025805867,1.0,0.0010673404231423644,0.0023580740809453064,0.0026962257444311907,0.008332109805444281,0.007936874317687413,0.0019865521871193976,0.010451072622106096,0.005623528863628785,0.0036949943395638103,0.0047330326582454615,0.008940914915727335,0.009969718316829,0.011017120423092263,0.0194329411781785,0.007323087277025212,0.014272114458643377,0.020146144719554605,0.023609207420986874,0.0035855594265589963,0.012018975487599065,0.008155303194685486,0.006287769919148393,0.017030324285867638,0.013337203852749677,0.017770340213556127],[3.200655852036316E-4,2.7058838954129277E-4,1.2503410086589116E-5,3.390156859381774E-5,0.0038618903551211267,1.1643085803073231E-5,0.0012075708947169974,5.845444273014567E-5,4.523040589201885E-5,5.807665920909038E-5,3.244492808446336E-4,1.1578904482496346E-5,1.2664010477625445E-4,1.6255897671881874E-4,3.6807535943810844E-5,0.002429650013129598,8.753268246518079E-5,9.892425370905464E-5,0.013061517138886156,1.7859823580802518E-4,4.011493467620742E-5,0.002009294753453114,3.578376787188501E-4,1.0318837185815637E-4,6.827894412986954E-5,2.141374756949938E-4,0.0010673404231423644,1.0,3.486319360802568E-4,2.1405684905895784E-5,1.8634429556534983E-4,3.634059954630702E-5,1.0483475152070243E-4,1.4388187897008037E-5,3.454265085609589E-5,0.0017746753309817267,9.297069529584636E-5,9.003154293684287E-4,1.9342300230028696E-5,1.1786053986312893E-5,7.820354342318184E-5,1.3027986641127087E-4,5.593247284524444E-5,1.520634611459885E-5,0.023988003704005608,1.2880637030446734E-5,0.005045745751737957,1.765693035369252E-4,0.0036122711735224657,0.008708493593466834,4.604806771113874E-5,0.0021398308488638864],[7.734104158808652E-4,5.932414970443423E-4,1.0525402678633809E-4,4.3048697539223047E-4,0.0019587117764986624,2.071474270058095E-4,5.388726216838246E-4,3.14699116795649E-4,3.1611446340968225E-4,3.3197458723705127E-4,5.978780854231869E-4,3.2783125000512787E-4,3.2670817087883895E-4,2.799209937285062E-4,3.82243292985417E-4,0.002351922541416617,3.42725364528222E-4,2.1714164645463696E-4,0.014932846010640067,4.864978288451593E-4,2.8115003602638693E-4,0.0024437090842841015,9.067900579690151E-4,1.5958721740872182E-4,4.269254666897954E-4,3.8502233931643205E-4,0.0023580740809453064,3.486319360802568E-4,1.0,4.288475283900874E-4,4.4570194088158446E-4,0.001114603683533711,0.0011597176724820208,3.980381763274274E-4,1.1227434584902108E-4,0.0014994307374845976,3.855651586202589E-4,6.80363863379341E-4,2.689512896703957E-4,4.061708421148362E-4,4.443359943050651E-4,4.335342718240943E-4,5.578965932584057E-4,3.6953898912538786E-4,0.016882273968066255,4.188723370823402E-4,0.006995345832811569,4.1160985002999025E-4,0.0010981551897911949,0.0038375879867818975,2.0545078822580172E-4,0.005490936480887021],[4.0421065648657984E-4,2.845971216423397E-4,1.5925324111503765E-4,2.1967761965206747E-4,4.6471148944011455E-4,5.2285050262993696E-5,0.0012344641757528606,1.6030108907894182E-4,1.9766806965805213E-4,1.0317509697794218E-4,9.585847280884898E-4,6.411107802056037E-5,2.3727996333171845E-4,2.0789689930916867E-4,2.0663722609212375E-4,0.012918324210606024,1.949381987823659E-4,2.1179183897929128E-4,0.016697140411480873,6.532399223154869E-4,2.469594546943203E-4,0.0022155159750485635,2.7914576935546205E-4,1.1353665985096135E-4,3.5384104144051386E-4,3.6740550877812955E-4,0.0026962257444311907,2.1405684905895784E-5,4.288475283900874E-4,1.0,0.0014705713897023584,5.437724733700033E-4,0.0013509474158435021,1.5721298951020728E-4,1.607300955101693E-4,0.0013127262369270615,1.85686814765994E-4,4.2273227150264897E-4,1.776456056765557E-4,1.5347798235880068E-4,4.22984419580218E-4,3.7741320958654305E-4,4.1813052980072506E-4,1.5721095084909135E-4,0.01847147058366214,1.73715547912035E-4,0.008146638200846594,2.504664635354666E-4,0.0014100115790989932,0.0017125772285907274,1.6509698226617258E-4,0.007390634076239513],[0.0014884116832210915,0.0018027700028075593,0.001307385031339366,0.001247308073417611,0.002547608580420215,8.876684664734975E-4,0.002034063545388955,7.973989677496332E-4,0.0011700356478030144,0.0013112300071485706,0.001834503431491098,0.0013019572066947527,0.0016793454183396503,9.333693083415852E-4,9.791732619746686E-4,0.014741679664619596,3.972738385505538E-4,5.214170157803586E-4,0.012231066679454394,0.0017049381352898818,8.292363684485363E-4,0.0020521824603059553,0.0015948374046652687,5.92132085328576E-4,0.0014588213871713836,0.0010641697824964082,0.008332109805444281,1.8634429556534983E-4,4.4570194088158446E-4,0.0014705713897023584,1.0,0.0021122969775184846,0.001654692333508101,6.551692895719134E-4,0.0018054512431075575,0.0019041293962281593,1.9388815570473792E-4,0.0018363233928800544,0.0013240718086477243,2.9351137172322673E-4,6.347988533646308E-4,0.00108908835031141,6.352960312623951E-4,9.877670634634572E-4,0.019687488915744077,0.001076831158213536,0.009533963060046335,0.001253117593922398,0.002220705468281476,0.007082113149249634,0.0013253896303164424,0.0034130548561934265],[0.0021505025979188033,8.720270277368209E-4,0.0015370919113861252,0.0019624230147062016,0.0038169766226983388,0.0034908828623586227,0.00279307966487758,0.0034214946314682533,0.003144801614275357,0.0019246518356785143,0.00306355396137591,6.151721556397041E-4,0.0016416256552428247,0.0016794133671204365,4.6211472667424255E-4,0.01390800972803645,3.86873745180947E-4,0.0016116374417862128,0.013506256760777512,0.003077076603457343,0.0015226814745729418,0.003467021775093354,0.0012675724365492599,0.002407836311163195,0.0021182499317314333,0.002447073771169375,0.007936874317687413,3.634059954630702E-5,0.001114603683533711,5.437724733700033E-4,0.0021122969775184846,1.0,0.002954345470974947,4.54522921941418E-4,0.002848152834022214,0.0027210531830575155,0.0030652833101471066,0.0013996598578580781,0.003519353495997578,7.464284723833986E-4,0.0033221021537747104,0.0019865673252075313,0.002056707154307757,0.002298165736035247,0.016762292313229336,0.001707289203405787,0.011335258426261034,0.0022344534694231123,0.004115158136784448,0.00981531046036707,0.0018066646404251735,0.003956875128669778],[0.0014427381012995291,0.001276451788502025,0.0011658335095544369,0.0010780809187289795,0.00303886950029535,0.0010020329503131163,0.0016159299005254549,5.612303139710711E-4,5.813857299729416E-4,6.54292333837554E-4,0.0016073783632594486,2.849159904136336E-4,8.029347457897309E-4,2.0500537882211183E-4,2.775339994134516E-4,0.0122662217022304,0.0011980852440035918,9.032082046736458E-4,0.002982845629418711,0.0014329020307552408,0.0012679281863392238,0.002612049379687191,0.001335494664047518,2.7451935951080804E-4,4.1242560193817526E-4,4.2932221084001867E-4,0.0019865521871193976,1.0483475152070243E-4,0.0011597176724820208,0.0013509474158435021,0.001654692333508101,0.002954345470974947,1.0,0.0010277778608733413,1.16325697160594E-4,0.0017040341979908985,0.001453826035915864,0.0012587995199989195,1.9895014530666886E-4,0.0013402618276377356,0.0010983080276815518,8.447820214181141E-4,0.0010133019090310946,7.778170322340667E-4,0.01636971815328738,2.2053550832824219E-4,0.004700119170812929,0.0013470077466639977,0.005398508721096965,0.0030379752504896937,7.520664682605043E-4,0.003483467264930801],[4.5636501588571773E-4,4.3752735267442466E-4,2.9682801528688546E-5,2.2567288127971956E-4,0.002085981701333693,1.3745062978172863E-5,7.528970371422454E-4,7.967024899495732E-5,1.2367150304217888E-4,7.63397782579287E-5,8.106914611461677E-4,7.357779182392475E-5,1.3360450700161441E-4,8.639560814820355E-5,8.076581158328367E-5,7.330814944168666E-4,1.0263225290510332E-4,1.0372520987904794E-4,0.012231208023577009,0.0011293454860608677,1.9401498672146696E-4,0.0029483154135537047,1.7208437190204505E-4,8.709015784175319E-5,2.718965331131908E-4,1.796964284004796E-4,0.010451072622106096,1.4388187897008037E-5,3.980381763274274E-4,1.5721298951020728E-4,6.551692895719134E-4,4.54522921941418E-4,0.0010277778608733413,1.0,7.381001410727264E-5,0.0016741388652697765,1.0527199646508218E-4,0.0010380837022195223,7.123231149809469E-5,7.275402161153045E-5,4.5058428319196854E-4,3.61745748681713E-4,2.2433910723438537E-4,6.23371593095262E-5,0.015897542875084773,9.200891180885381E-5,0.0016312625371602929,2.4170693582815488E-4,0.0023269763124255985,0.0046977751750508535,9.966545961205697E-5,0.002850778531505646],[5.517323144945665E-4,1.0799543425106989E-4,4.0564194180642336E-5,2.1799272770186586E-4,5.458270469260455E-4,2.1027751032708555E-5,7.383316724552107E-4,5.869002114177337E-5,1.127932621557825E-4,4.7832512504453154E-5,4.0721583419115425E-4,1.2760429578883904E-5,2.055082297503476E-4,6.248025914639823E-5,9.334940605738767E-5,0.009735256183874922,4.498450643046135E-5,5.1937704272475104E-5,0.007216701255067824,5.741958485092624E-4,1.9054637432477264E-4,0.0031466790445988753,8.275062416569572E-4,7.053816631497989E-5,1.548257766132855E-4,1.3383678179768686E-4,0.005623528863628785,3.454265085609589E-5,1.1227434584902108E-4,1.607300955101693E-4,0.0018054512431075575,0.002848152834022214,1.16325697160594E-4,7.381001410727264E-5,1.0,0.002000105200457317,6.500041978727504E-5,9.52875591476972E-4,4.084440319516509E-5,2.5173457161278754E-5,1.5475451871520236E-4,7.113602483261924E-5,5.557840858672622E-4,3.213571120970653E-5,0.002703984715714789,1.146570369605839E-4,6.512785110542472E-4,1.7676477573456867E-4,0.0024188773797986537,0.005874120618361997,1.1088273306047751E-4,3.897191263150991E-4],[0.002057620143457774,8.237375740810445E-4,8.736364129030208E-4,8.770453970523954E-4,0.003800037950442167,9.097919584531694E-4,0.0024986333413494987,4.5289526437134766E-4,8.972306780611792E-4,4.154784251299776E-4,0.0018363167262170272,4.4049158946368673E-4,5.763794378777006E-4,0.0011364979076424792,0.0011072874581338603,0.011673864203398509,1.6629610415869054E-4,0.0012499270706966214,0.006124267306606069,0.0022442535426939834,0.0012232288595441726,0.0032867419446724073,0.0016409484200985518,0.0011970149649195008,0.0014476361725961377,0.0019631211215126363,0.0036949943395638103,0.0017746753309817267,0.0014994307374845976,0.0013127262369270615,0.0019041293962281593,0.0027210531830575155,0.0017040341979908985,0.0016741388652697765,0.002000105200457317,1.0,0.0022201151836826914,0.0017416936141248646,0.002593412922267047,0.0013914670414299187,0.0016355573252692733,0.0016639654254392597,0.001548624018843973,0.0022065546997400275,0.01238212945083426,0.001149259482698081,0.009122396342455628,0.001023149902032065,0.0056521774312972735,0.006139698420337512,2.515461048608757E-4,0.005267765757403928],[8.480107488295683E-4,6.479289933384423E-4,8.307421004882731E-5,2.5367489095573146E-4,0.003444176143508317,1.2057707566336696E-4,0.001180431390030006,7.229787868054184E-5,1.249806122877343E-4,6.853834186356826E-5,0.001075892373705648,1.1123436738440278E-4,2.4119160020342174E-4,1.6989504492698166E-4,1.3858369243607577E-4,9.432561361723606E-4,1.194829357494175E-4,1.2293731871343923E-4,0.0033865992765401997,8.438548273787542E-4,1.61012745378243E-4,0.0031119346636305162,9.566872127178899E-4,1.1376434385697106E-4,3.686575814882388E-4,1.35881497817427E-4,0.0047330326582454615,9.297069529584636E-5,3.855651586