[[1.0,1.3660004377113674E-4,1.0234209656958113E-4,0.001497481272247245,0.0017343223443043489,2.7365059288755596E-4,1.586407740247771E-4,0.0013184811324602151,2.2216158657644536E-4,1.0858006834463581E-4,0.0010382772361940426,8.072159732426461E-5,0.021317383047922956,6.365976113524873E-4,1.0473533369946661E-4,3.5260629262835925E-4,2.211985656558219E-4,7.7309674158091E-4,1.654924960241407E-4,2.715332933483707E-4,0.0016457173328861244,6.47888179235127E-5,2.1143755645751483E-4,1.2305885967100924E-4,1.6237744020729207E-4,6.132843279722726E-5,0.005854810774502909,1.7784594396840641E-4,6.640239775174829E-5,3.371684464644854E-5,0.007156052891223518,3.35266538711589E-5,1.286325713294921E-4,0.00560286579016116,1.2560444926867722E-4,1.5232058097590053E-4,1.2532239944270358E-4,0.019153292141033784,1.1894766556292053E-4,4.591130299009982E-4,9.415868997524185E-5,9.913555386728038E-4,2.191782531978512E-4,1.156094076145303E-4],[1.3660004377113674E-4,1.0,1.0834303148357126E-4,3.5722290157814453E-4,0.0012010381051100476,7.220908212855028E-4,0.0010863818955181917,2.0950064250859025E-4,2.1348106598193022E-4,1.5982612788841677E-4,2.0016963653500514E-4,7.514051028165828E-5,0.0337416358556759,0.0012389489911069685,6.32947307766907E-5,3.006814928248606E-4,8.971294178288626E-4,0.0010011707897176045,1.8295244660209543E-4,3.615588573432197E-4,7.658534634153185E-4,1.360183643686945E-4,2.491727441167315E-4,2.0191920119837063E-4,0.009412568674567122,1.7777695416085253E-4,0.007743649473772119,1.8773199832649573E-4,1.1933929375076337E-4,1.5801772248877512E-4,0.010085610130538802,1.2094157898887681E-4,1.7792556211334117E-4,0.004689025294240488,1.6779916813225895E-4,1.7090909466676863E-4,2.09564556496437E-4,0.00545674461916365,1.8478371893397222E-4,4.763197030677079E-4,1.801367999901894E-4,0.0020599247464749746,0.0010376641302199594,1.774974493590786E-4],[1.0234209656958113E-4,1.0834303148357126E-4,1.0,0.0014161536568622055,0.0020753422960983576,6.178203676730141E-4,2.979597709559056E-4,0.0014600039019204013,7.894713014263717E-5,2.711270158624628E-5,1.612477018936032E-4,1.721041355343806E-5,0.015381791437682514,4.2217456334959965E-4,4.600376447963447E-5,2.636292270594928E-4,1.6426754738814453E-4,3.0274198221676726E-4,4.815968610775943E-5,3.376370819631533E-4,2.7538961636393083E-4,3.386220326454602E-5,1.2822967936030097E-4,3.219833847298135E-5,0.009653267733222103,1.6684916974273465E-5,0.002814374345967559,5.230807217088288E-5,1.5957590959171653E-5,2.3094166414086964E-5,0.012003173295801993,1.7668831098935536E-5,2.5009057827715717E-5,0.010922789038478665,3.5246119115546766E-5,1.1315220357276527E-4,2.2646214704073994E-4,3.8341357521474664E-4,1.202570994415403E-4,9.52764858556127E-4,2.289372006516373E-5,0.0018884942643494548,3.3909670900312557E-4,1.1164810902621675E-4],[0.001497481272247245,3.5722290157814453E-4,0.0014161536568622055,1.0,0.0018677567709272623,0.001311027014591801,0.0016116831610927102,0.0015677029924469142,3.3217030478525954E-4,8.333275646164536E-4,0.0013489088921377712,9.992661285133221E-4,0.010598904477972671,0.0015252581776993195,0.0015416343140290886,0.0010674067743623131,0.001428647304896823,0.001368908610733501,0.0014639508304937492,0.0015338156182893264,0.001631816345536745,5.252255018921881E-4,3.9525598139053195E-4,0.0011996964367007761,0.0036523413427056667,5.868367598185883E-4,0.0043787059795945375,6.884764459811237E-4,3.072450819510965E-4,0.001191391817140185,0.009163132826517636,0.0014925507924997028,0.0013163394795800737,0.010801919561461992,9.960537201519782E-4,0.0014131358312110926,0.0011428727950616154,0.031124687819363884,0.0013463975759100142,0.0014595369111157607,0.001147874757595858,0.0019552427154148873,0.0018307698933010333,0.0011730092925013862],[0.0017343223443043489,0.0012010381051100476,0.0020753422960983576,0.0018677567709272623,1.0,0.0014756724010493352,0.002216048664098355,0.0016477749132127793,4.83165125340315E-4,0.0017094198709533025,0.002155540159083868,0.0012514495082715223,0.03223245884654664,0.0016394065953937262,0.0013429442131296827,0.0013070168388132953,0.0012728184197739133,0.0014162060983036002,8.117434955486845E-4,0.002034167476819903,0.0020580928342131106,8.106054178985947E-4,2.9809013750285794E-4,0.0016517124289848,0.004696944024332876,0.001810387426881957,0.009592294502692047,6.649980578009409E-4,0.0013361962113261508,0.0019237356471463666,0.011985149204670597,2.0321341627826E-4,0.0019880589113665265,0.013791016542297325,0.002204675490213704,0.002152846406303944,0.0016357419086208368,0.028535641468229372,0.0015459339284153775,0.00220895433592404,0.001228408861912991,0.0023320203953490133,0.002107517011296944,0.0010761733855194073],[2.7365059288755596E-4,7.220908212855028E-4,6.178203676730141E-4,0.001311027014591801,0.0014756724010493352,1.0,0.001432492780316088,0.001485537801561436,4.1876726302102825E-4,5.210506410911942E-4,0.0012664052961380379,7.777259703183745E-4,0.0329344967795722,0.0012951775225572215,3.6944919179267294E-4,0.0011280594162454865,0.001037607345672085,0.0012935457201307277,7.111794875505659E-4,0.0012231726727632967,0.0016554312916302579,0.0011082627916487748,3.4573421510182697E-4,0.0011922228386119455,0.008211463774414703,0.0011925739053485708,0.01002368703425834,9.799777150738221E-4,5.53977510337671E-4,2.673738250897224E-4,0.011638343714478826,9.806587771460373E-4,7.414938482966432E-4,0.004743711261193166,5.964146237604512E-4,4.647169727042356E-4,0.0010047666090796739,0.029013287614530633,7.496418157661349E-4,0.001140282180019418,0.0010441847530853487,0.0016089257548664634,0.0016085949673655228,1.7231617518225346E-4],[1.586407740247771E-4,0.0010863818955181917,2.979597709559056E-4,0.0016116831610927102,0.002216048664098355,0.001432492780316088,1.0,0.0016253512439191498,0.0015998006081041933,0.001243909419317501,0.0012713687191212427,4.5399688857329594E-5,0.03364725697914621,0.001480013159461492,9.648162527883809E-4,0.001391720820748681,0.0010670858899159417,0.0015120043176197263,6.757803624592207E-4,0.001496911819227544,0.0017410558165399433,0.001127804901549732,6.695508924123479E-4,4.5065775571974127E-4,0.00722283580898776,9.490219718778095E-4,0.0017141017952057157,0.0013496000149077654,6.026704440249397E-4,0.0014997133103079698,0.010062327183248919,3.5098669778070525E-4,4.992148382093105E-4,0.011949782915666283,0.0012416720552949126,9.701100530165477E-4,6.682026182234568E-4,0.009717019206133819,0.0015869147752106381,0.0014682088847514114,8.916632168347169E-4,0.0019095573312472851,0.0017465305766166453,9.044908874938601E-4],[0.0013184811324602151,2.0950064250859025E-4,0.0014600039019204013,0.0015677029924469142,0.0016477749132127793,0.001485537801561436,0.0016253512439191498,1.0,7.095118666408614E-4,0.0013221959404762138,0.0015709265687913732,9.21944735950345E-5,0.008358924773130978,0.0014392584293207262,2.6563690520861556E-4,0.001621345856041255,0.001494781023319131,0.0014768496828755,9.672710038857801E-4,0.0012078202153907357,0.001775012213382184,7.314273149313917E-4,0.0012222065141539629,6.206712412709823E-4,0.0025605429752278692,5.338716988024177E-4,0.003909426710011116,0.0011523741252192816,0.001393870823841469,0.0016036841263691345,0.008649317259256507,1.3844063275063144E-4,8.493086888733041E-4,0.01590309261365678,8.462164032106989E-4,8.889319726599638E-4,0.0010000545915864129,0.007969224223823939,0.0011516240850354587,0.0014032610607954753,0.0012408806293814057,0.002811485727403379,0.0016871590210410178,0.0014546355674821976],[2.2216158657644536E-4,2.1348106598193022E-4,7.894713014263717E-5,3.3217030478525954E-4,4.83165125340315E-4,4.1876726302102825E-4,0.0015998006081041933,7.095118666408614E-4,1.0,1.042394569566899E-4,8.657075066040729E-4,1.5212286926965892E-4,0.003959387098764914,0.0012743492044105375,1.1125946071322147E-4,3.4518787067271887E-4,6.10594320306734E-4,0.0010449709960262546,1.8498058040582248E-4,8.731952577555127E-4,3.4517165607172437E-4,6.470886739655202E-5,2.4928272755257085E-4,2.1909351965503305E-4,0.0072086166572206045,2.354684215474773E-4,0.0025066122000521156,2.0926123933995712E-4,3.8718118948275957E-5,2.390919242958724E-4,0.003996751190061681,1.1382954013434918E-4,2.2673495287477637E-4,0.00829630869895632,1.7913156409479268E-4,1.6532062226195743E-4,2.458064661413625E-4,0.030810993271157716,2.410112932627697E-4,4.082394333451023E-4,6.724714947604168E-5,0.0026600952371974573,0.0012601024207296897,2.0611726553640365E-4],[1.0858006834463581E-4,1.5982612788841677E-4,2.711270158624628E-5,8.333275646164536E-4,0.0017094198709533025,5.210506410911942E-4,0.001243909419317501,0.0013221959404762138,1.042394569566899E-4,1.0,4.6336359562930527E-4,8.761854816203985E-5,0.0041510045988049915,3.9039168923730056E-4,7.0522566969502E-5,3.2111719479907227E-4,3.906135929079082E-4,0.0010197163231272285,1.592178331452291E-4,4.974913269213837E-4,8.716962059251744E-4,9.349542229389576E-5,1.4370446885508402E-4,1.1920206456532793E-4,0.005759219237433313,4.4542984992403865E-5,0.003770621837739016,1.854664152123884E-4,1.678324357405449E-5,9.316255213083906E-5,0.014130006680698332,4.6455539164978954E-5,1.559375619898372E-4,0.01473920657092118,1.1050288864839225E-4,1.1461040629496587E-4,1.2498854545715492E-4,0.02111703367865502,1.382959360139837E-4,2.5449176387257205E-4,6.249408648285217E-5,0.001707192695694103,0.001090238563958527,1.1145795380797279E-4],[0.0010382772361940426,2.0016963653500514E-4,1.612477018936032E-4,0.0013489088921377712,0.002155540159083868,0.0012664052961380379,0.0012713687191212427,0.0015709265687913732,8.657075066040729E-4,4.6336359562930527E-4,1.0,1.822899732977243E-4,0.0026470179561673716,0.0013377394320384876,0.0010310417342075664,0.0011487612800076367,0.001241298707363251,0.0012339109910897749,5.349104337391007E-4,0.0012081172797016111,0.0013519170769794346,3.512897948333956E-4,7.627777749658411E-4,5.069471329850414E-4,0.007313727208795307,6.391221682386236E-4,0.008270974515713682,8.297197906410017E-4,0.0010899499604913306,7.259225386820213E-4,0.005026885518957318,5.71634234948246E-4,7.785223718056499E-4,0.004585603207479741,7.466943065652876E-4,8.350161197362708E-4,2.65428348217179E-4,0.0156576808959581,0.0011590522684655153,0.001200942885451293,4.954519538633933E-4,0.002002745353887485,0.0015200576734723656,6.856015969533939E-4],[8.072159732426461E-5,7.514051028165828E-5,1.721041355343806E-5,9.992661285133221E-4,0.0012514495082715223,7.777259703183745E-4,4.5399688857329594E-5,9.21944735950345E-5,1.5212286926965892E-4,8.761854816203985E-5,1.822899732977243E-4,1.0,0.02061902901951206,0.001211415907250902,4.6549184248182986E-5,3.2585002409878667E-5,2.0015370865699583E-4,2.290282207073261E-4,3.014451204512428E-5,6.954815159627963E-4,0.0014246367862820223,3.259915772585373E-5,2.0066259247778425E-4,1.6538294777581757E-4,0.007270377597085421,2.2848575954838878E-5,6.920163420982642E-4,1.4099177494742554E-4,1.6027527467733232E-5,2.4145590842261198E-5,0.009787442576072853,2.4337008399115426E-5,1.051755776458672E-4,0.009521081088272078,2.8245240868845555E-5,4.974137393244585E-5,1.0109009636754943E-4,0.015561820269318048,1.473542846774208E-4,2.5666594727423686E-4,2.4957728077500018E-5,5.473295734245029E-4,0.0017174221635169774,7.472337156497856E-5],[0.021317383047922956,0.0337416358556759,0.015381791437682514,0.010598904477972671,0.03223245884654664,0.0329344967795722,0.03364725697914621,0.008358924773130978,0.003959387098764914,0.0041510045988049915,0.0026470179561673716,0.02061902901951206,1.0,0.010583904172650706,0.032010668198391906,0.01782237042419419,0.03274377894016831,0.014176443229272178,0.03406867295955022,0.02745821523300942,0.015129278408127202,0.016041239617592816,0.007878373857546698,0.027165121610167976,0.03143136818337378,0.0195784527702984,0.011400163283293548,0.016148535006942976,0.01647133825615924,0.023477584287743346,0.01850917793221326,0.03311012911664918,0.013900337997866163,0.02931807195064149,0.010984315206846874,0.020939665196855636,0.01159152435117802,0.03360878134854943,0.010789848034190717,0.01918125847935906,0.011075673944149166,0.031393791167691934,0.022765897884566337,0.029463965879114797],[6.365976113524873E-4,0.0012389489911069685,4.2217456334959965E-4,0.0015252581776993195,0.0016394065953937262,0.0012951775225572215,0.001480013159461492,0.0014392584293207262,0.0012743492044105375,3.9039168923730056E-4,0.0013377394320384876,0.001211415907250902,0.010583904172650706,1.0,0.0010721577750721861,9.98183709223947E-4,0.0010018119246024573,0.001288330771864368,9.464642737729637E-4,0.0012466584137163308,0.0017457807150695014,6.21737507092109E-4,0.001072679495133811,9.826649753339985E-4,0.00872673778313533,6.285072567701559E-4,0.004678606773301169,0.0011603974022455082,8.282461535501438E-4,9.142940472868491E-5,0.012266384097879666,6.26066587965935E-4,7.839437777152206E-4,0.012910716495433587,3.246583585959211E-4,5.089124573745032E-4,0.0013380950775044895,0.013878825269831092,0.0012490917039056247,0.00126917544928613,8.866639323330438E-4,0.002208665201942763,0.0016495047389878466,0.001067634037444692],[1.0473533369946661E-4,6.32947307766907E-5,4.600376447963447E-5,0.0015416343140290886,0.0013429442131296827,3.6944919179267294E-4,9.648162527883809E-4,2.6563690520861556E-4,1.1125946071322147E-4,7.0522566969502E-5,0.0010310417342075664,4.6549184248182986E-5,0.032010668198391906,0.0010721577750721861,1.0,2.8203353459771977E-4,4.381458626348136E-4,7.659676924688482E-4,1.482658167145757E-4,5.924301863460091E-4,6.537934883624293E-4,3.9638747404108834E-5,6.433866181881002E-5,1.8872524885807439E-4,0.008952093655323115,3.616666036692412E-5,6.010076947647065E-4,1.3390887029604957E-4,3.414653843057952E-5,4.9629650691136615E-5,0.0023002513078900218,3.0706375274073203E-5,1.4078756637767639E-4,9.628931804327071E-5,1.0951352077488585E-4,6.648035406488414E-5,2.192053433677058E-4,0.030426086142051865,6.889835110265273E-5,3.01272414477124E-4,4.817260242895142E-5,9.602130106618936E-4,0.0010703006037303753,6.076355155661059E-5],[3.5260629262835925E-4,3.006814928248606E-4,2.636292270594928E-4,0.0010674067743623131,0.0013070168388132953,0.0011280594162454865,0.001391720820748681,0.001621345856041255,3.4518787067271887E-4,3.2111719479907227E-4,0.0011487612800076367,3.2585002409878667E-5,0.01782237042419419,9.98183709223947E-4,2.8203353459771977E-4,1.0,6.018590088046948E-4,8.29090559047055E-4,1.7220592207257398E-4,4.647595268910841E-4,0.0011290699190104254,3.4671150221404545E-4,3.5349560020686506E-4,2.4117937986047066E-4,0.006144257031440657,1.2802645016480555E-4,0.003133388427699658,3.5972260889108825E-4,3.171978236095275E-4,1.2224515767462438E-4,0.005596359106609115,3.7585200055161765E-4,3.431686950012943E-4,0.007488779727377772,1.725363950015904E-4,3.670851752151133E-4,3.16025636510088E-4,0.009118008144953183,3.4444549173725245E-4,0.0011295190334253643,3.112894994813921E-4,0.0022880785809615096,8.198358613366449E-4,3.3841996065732253E-4],[2.211985656558219E-4,8.971294178288626E-4,1.6426754738814453E-4,0.001428647304896823,0.0012728184197739133,0.001037607345672085,0.0010670858899159417,0.001494781023319131,6.10594320306734E-4,3.906135929079082E-4,0.001241298707363251,2.0015370865699583E-4,0.03274377894016831,0.0010018119246024573,4.381458626348136E-4,6.018590088046948E-4,1.0,0.001073529707353306,8.486814770106269E-4,9.667648468650585E-4,0.0010658076063544588,8.57811047866566E-4,4.691936040708296E-4,5.870907770035888E-4,0.0030280107265518857,5.105635947266125E-4,0.006332312654490931,3.8418362742481535E-4,3.50368932993885E-4,8.022222807799449E-4,0.010933533713292205,8.108470226401496E-4,4.4371258521900804E-4,0.007477628322018133,5.502669506619056E-4,5.917295449733817E-4,4.921974122533587E-4,0.025686986285328957,6.511104305089812E-4,0.0010152288858298782,1.2078292688619846E-4,0.0017842502117171965,0.0011225749470897056,7.393801328968281E-4],[7.7309674158091E-4,0.0010011707897176045,3.0274198221676726E-4,0.001368908610733501,0.0014162060983036002,0.0012935457201307277,0.0015120043176197263,0.0014768496828755,0.0010449709960262546,0.0010197163231272285,0.0012339109910897749,2.290282207073261E-4,0.014176443229272178,0.001288330771864368,7.659676924688482E-4,8.29090559047055E-4,0.001073529707353306,1.0,6.264678851191807E-4,0.0011989144378099835,0.001460205871785956,4.218933447375891E-4,6.491783145359767E-4,3.887031358732787E-4,0.006751016506617361,8.995028408598284E-4,0.009825814047161124,2.7943362528624584E-4,5.573556692717877E-4,0.0010754722581296622,0.00865261637669081,0.001170542218821636,7.034370138278066E-4,0.01264930472232899,7.266424457131178E-4,3.3828651710945945E-4,9.782854354213983E-4,0.01777234338938565,2.1224267671419593E-4,0.0011360356002581276,9.188181686673044E-4,0.0014996187326953114,0.0019007812584674955,7.541683040164075E-4],[1.654924960241407E-4,1.8295244660209543E-4,4.815968610775943E-5,0.0014639508304937492,8.117434955486845E-4,7.111794875505659E-4,6.757803624592207E-4,9.672710038857801E-4,1.8498058040582248E-4,1.592178331452291E-4,5.349104337391007E-4,3.014451204512428E-5,0.03406867295955022,9.464642737729637E-4,1.482658167145757E-4,1.7220592207257398E-4,8.486814770106269E-4,6.264678851191807E-4,1.0,5.82039123047072E-4,6.331108081979402E-4,1.3581952256733692E-4,1.8136405518810595E-4,1.9633064628923788E-4,0.007698612307248989,2.318559226885509E-5,0.010029466216737767,1.89829715458367E-4,1.5316612105003788E-4,9.394482761859393E-5,0.012066873089133288,1.2939285902608056E-4,1.6552567810973503E-4,0.006494577434321433,1.4830094160182437E-4,1.6144640337625626E-4,2.2972730558854188E-4,0.01837200107036394,1.685063987008913E-4,5.624708820182918E-4,9.528059918467138E-5,0.0025950895956826443,0.0016160456881285543,1.6511761667134002E-4],[2.715332933483707E-4,3.615588573432197E-4,3.376370819631533E-4,0.0015338156182893264,0.002034167476819903,0.0012231726727632967,0.001496911819227544,0.0012078202153907357,8.731952577555127E-4,4.974913269213837E-4,0.0012081172797016111,6.954815159627963E-4,0.02745821523300942,0.0012466584137163308,5.924301863460091E-4,4.647595268910841E-4,9.667648468650585E-4,0.0011989144378099835,5.82039123047072E-4,1.0,0.0013000862323132617,2.0787244015728196E-4,5.044886911420526E-4,8.145338916860402E-4,0.00846213091818197,4.917878073842218E-4,0.004779624460675372,0.001171849807434271,8.612258996013202E-4,1.2201683678861745E-4,0.008742396319066132,7.321994431111932E-5,9.427523411592133E-4,0.01382840314844781,9.900270638059535E-4,7.962462255143314E-4,4.5410538366079205E-4,0.012928585582481314,0.0010672508732079873,0.0011440294671602436,3.381106129095034E-4,0.001910674536046185,0.002024334161169417,0.0011416354545753505],[0.0016457173328861244,7.658534634153185E-4,2.7538961636393083E-4,0.001631816345536745,0.0020580928342131106,0.0016554312916302579,0.0017410558165399433,0.001775012213382184,3.4517165607172437E-4,8.716962059251744E-4,0.0013519170769794346,0.0014246367862820223,0.015129278408127202,0.0017457807150695014,6.537934883624293E-4,0.0011290699190104254,0.0010658076063544588,0.001460205871785956,6.331108081979402E-4,0.0013000862323132617,1.0,6.774181029383647E-4,2.748601267493121E-4,6.875559684975167E-4,0.006825222522060373,0.0016571039070384871,0.007459866727885848,0.0011215493616707137,0.00166641411027692,0.0013218786479008344,0.0123938025092379,0.0013803002830055336,5.465727878396986E-4,0.004126802991672672,7.357979181725139E-4,4.0950215289789656E-4,3.4477208443445343E-4,0.030167253758634886,0.0016526059238935033,0.0017934475122709423,0.0018235217441856626,0.002837377296520803,0.001882350047935946,0.001109642138520623],[6.47888179235127E-5,1.360183643686945E-4,3.386220326454602E-5,5.252255018921881E-4,8.106054178985947E-4,0.0011082627916487748,0.001127804901549732,7.314273149313917E-4,6.470886739655202E-5,9.349542229389576E-5,3.512897948333956E-4,3.259915772585373E-5,0.016041239617592816,6.21737507092109E-4,3.9638747404108834E-5,3.4671150221404545E-4,8.57811047866566E-4,4.218933447375891E-4,1.3581952256733692E-4,2.0787244015728196E-4,6.774181029383647E-4,1.0,2.4039465890359342E-4,5.041370025519901E-5,0.004824791071787836,2.3099381204645975E-5,0.00664830475267055,1.2239932544197063E-4,1.5417979767274576E-5,2.983828962021119E-5,3.0961620611394647E-4,2.5240064645469884E-5,6.203818521176792E-5,0.015572206463246401,4.932823551844587E-5,1.3728009168257778E-4,2.330854706530852E-4,0.011801324147325267,1.366743422561318E-4,5.158587286363589E-4,3.5136893514169165E-5,7.150243332528526E-4,0.0015291976657766354,1.1695447606191941E-4],[2.1143755645751483E-4,2.491727441167315E-4,1.2822967936030097E-4,3.9525598139053195E-4,2.9809013750285794E-4,3.4573421510182697E-4,6.695508924123479E-4,0.0012222065141539629,2.4928272755257085E-4,1.4370446885508402E-4,7.627777749658411E-4,2.0066259247778425E-4,0.007878373857546698,0.001072679495133811,6.433866181881002E-5,3.5349560020686506E-4,4.691936040708296E-4,6.491783145359767E-4,1.8136405518810595E-4,5.044886911420526E-4,2.748601267493121E-4,2.4039465890359342E-4,1.0,2.3403086831093277E-4,0.009191840976927929,4.391488888866859E-5,0.0033673956850688368,2.0954799784275065E-4,2.1639724455273864E-4,1.421828474722518E-4,0.013270873301135697,1.6959317930415087E-4,2.087922923396461E-4,0.0011449941302735084,1.4742437850182686E-4,1.7910058858640468E-4,2.5882867896972236E-4,0.019015506407553135,2.199167407455473E-4,9.416565772219936E-4,5.458684982947805E-5,0.0015355853309538426,5.27714270900572E-4,2.482574572122209E-4],[1.2305885967100924E-4,2.0191920119837063E-4,3.219833847298135E-5,0.0011996964367007761,0.0016517124289848,0.0011922228386119455,4.5065775571974127E-4,6.206712412709823E-4,2.1909351965503305E-4,1.1920206456532793E-4,5.069471329850414E-4,1.6538294777581757E-4,0.027165121610167976,9.826649753339985E-4,1.8872524885807439E-4,2.4117937986047066E-4,5.870907770035888E-4,3.887031358732787E-4,1.9633064628923788E-4,8.145338916860402E-4,6.875559684975167E-4,5.041370025519901E-5,2.3403086831093277E-4,1.0,0.005290743286047652,1.8169571208869078E-4,0.0041119928635109685,2.026447356576334E-4,1.4967954025769026E-4,7.900765711136827E-5,2.2684372101848335E-4,1.0938359318399039E-4,1.9289154089988144E-4,0.01652386027580494,1.5640930958157426E-4,1.8991204126133233E-4,2.247524592249531E-4,0.020214283689532618,1.8968446526066688E-4,4.28931117146585E-4,1.0617755387929879E-4,0.0020693232421876095,0.0017782335035480437,1.610048356874447E-4],[1.6237744020729207E-4,0.009412568674567122,0.009653267733222103,0.0036523413427056667,0.004696944024332876,0.008211463774414703,0.00722283580898776,0.0025605429752278692,0.0072086166572206045,0.005759219237433313,0.007313727208795307,0.007270377597085421,0.03143136818337378,0.00872673778313533,0.008952093655323115,0.006144257031440657,0.0030280107265518857,0.006751016506617361,0.007698612307248989,0.00846213091818197,0.006825222522060373,0.004824791071787836,0.009191840976927929,0.005290743286047652,1.0,0.0031485630311157264,0.010072923856419863,0.0028083235756040555,0.003969845051042083,0.007793155946394489,0.013534727627702269,0.0010211343083011692,0.0013491232609246875,0.0134667166396011,9.964080100443018E-4,0.004337528283058409,5.231636679518392E-4,0.022282318004603306,0.00845082617252556,0.008029363876178131,0.008708696168434038,0.007364175303036077,0.00399567803074771,0.0016597935037550506],[6.132843279722726E-5,1.7777695416085253E-4,1.6684916974273465E-5,5.868367598185883E-4,0.001810387426881957,0.0011925739053485708,9.490219718778095E-4,5.338716988024177E-4,2.354684215474773E-4,4.4542984992403865E-5,6.391221682386236E-4,2.2848575954838878E-5,0.0195784527702984,6.285072567701559E-4,3.616666036692412E-5,1.2802645016480555E-4,5.105635947266125E-4,8.995028408598284E-4,2.318559226885509E-5,4.917878073842218E-4,0.0016571039070384871,2.3099381204645975E-5,4.391488888866859E-5,1.8169571208869078E-4,0.0031485630311157264,1.0,0.005296411088923758,1.728361917161956E-4,1.8063336260186494E-5,2.387274290609792E-5,0.004943902127696666,2.209822417443958E-5,6.726508859264768E-5,0.007563339362489995,1.2501867517644976E-4,1.5540208529145645E-4,1.3970940577139203E-4,0.011339989225460317,1.222515124211308E-4,5.500637344149634E-4,3.8584682285555604E-5,8.243619740971496E-4,0.0019974919948596214,8.266074759908513E-5],[0.005854810774502909,0.007743649473772119,0.002814374345967559,0.0043787059795945375,0.009592294502692047,0.01002368703425834,0.0017141017952057157,0.003909426710011116,0.0025066122000521156,0.003770621837739016,0.008270974515713682,6.920163420982642E-4,0.011400163283293548,0.004678606773301169,6.010076947647065E-4,0.003133388427699658,0.006332312654490931,0.009825814047161124,0.010029466216737767,0.004779624460675372,0.007459866727885848,0.00664830475267055,0.0033673956850688368,0.0041119928635109685,0.010072923856419863,0.005296411088923758,1.0,0.006832285306030953,0.0010665358814834938,0.006658270389608259,0.012826917785481227,0.003024464578773701,0.00305458234151042,0.016294194151892955,0.006409204690903861,0.0012059077317264418,0.010149568197966074,0.024080639323337514,0.010191667464456555,0.006132342959723545,0.0055241917493088375,0.007484979277386625,0.009266309632233422,0.008218539459672127],[1.7784594396840641E-4,1.8773199832649573E-4,5.230807217088288E-5,6.884764459811237E-4,6.649980578009409E-4,9.799777150738221E-4,0.0013496000149077654,0.0011523741252192816,2.0926123933995712E-4,1.854664152123884E-4,8.297197906410017E-4,1.4099177494742554E-4,0.016148535006942976,0.0011603974022455082,1.3390887029604957E-4,3.5972260889108825E-4,3.8418362742481535E-4,2.7943362528624584E-4,1.89829715458367E-4,0.001171849807434271,0.0011215493616707137,1.2239932544197063E-4,2.0954799784275065E-4,2.026447356576334E-4,0.0028083235756040555,1.728361917161956E-4,0.006832285306030953,1.0,4.960853519705968E-5,1.782634976556699E-4,0.013963269604127401,1.5475134287608474E-4,1.6015058388250348E-4,0.01504588768583351,1.7485381973629194E-4,1.8006243145020877E-4,2.0641661668137479E-4,0.005352494060346699,1.7928517997916E-4,7.110407452166614E-4,1.770968509975672E-4,0.002214455571183723,0.001470706865903472,1.4998460287544467E-4],[6.640239775174829E-5,1.1933929375076337E-4,1.5957590959171653E-5,3.072450819510965E-4,0.0013361962113261508,5.53977510337671E-4,6.026704440249397E-4,0.001393870823841469,3.8718118948275957E-5,1.678324357405449E-5,0.0010899499604913306,1.6027527467733232E-5,0.01647133825615924,8.282461535501438E-4,3.414653843057952E-5,3.171978236095275E-4,3.50368932993885E-4,5.573556692717877E-4,1.5316612105003788E-4,8.612258996013202E-4,0.00166641411027692,1.5417979767274576E-5,2.1639724455273864E-4,1.4967954025769026E-4,0.003969845051042083,1.8063336260186494E-5,0.0010665358814834938,4.960853519705968E-5,1.0,1.7489030055047757E-5,5.853975110834333E-4,1.9156067565328838E-5,8.097878029398929E-5,0.010969322693881112,1.1102056462830526E-4,1.686707223584124E-5,1.3781902057283718E-4,0.0260654813828134,1.0804218136755969E-4,9.294241904556607E-4,1.8904545617339585E-5,0.002095871183490583,9.021780930438648E-4,3.6429529950649234E-5],[3.371684464644854E-5,1.5801772248877512E-4,2.3094166414086964E-5,0.001191391817140185,0.0019237356471463666,2.673738250897224E-4,0.0014997133103079698,0.0016036841263691345,2.390919242958724E-4,9.316255213083906E-5,7.259225386820213E-4,2.4145590842261198E-5,0.023477584287743346,9.142940472868491E-5,4.9629650691136615E-5,1.2224515767462438E-4,8.022222807799449E-4,0.0010754722581296622,9.394482761859393E-5,1.2201683678861745E-4,0.0013218786479008344,2.983828962021119E-5,1.421828474722518E-4,7.900765711136827E-5,0.007793155946394489,2.387274290609792E-5,0.006658270389608259,1.782634976556699E-4,1.7489030055047757E-5,1.0,0.011962644091892611,2.455804729336844E-5,1.2657662336002564E-4,0.016309229242622767,1.2115991479264829E-4,5.776626127270465E-5,1.094316662322076E-4,0.02440065236561434,5.7542143557734594E-5,1.0741647409913997E-4,3.543877567237732E-5,0.0022583716724203723,3.674573899134445E-4,1.1578877954108813E-4],[0.007156052891223518,0.010085610130538802,0.012003173295801993,0.009163132826517636,0.011985149204670597,0.011638343714478826,0.010062327183248919,0.008649317259256507,0.003996751190061681,0.014130006680698332,0.005026885518957318,0.009787442576072853,0.01850917793221326,0.012266384097879666,0.0023002513078900218,0.005596359106609115,0.010933533713292205,0.00865261637669081,0.012066873089133288,0.008742396319066132,0.0123938025092379,3.0961620611394647E-4,0.013270873301135697,2.2684372101848335E-4,0.013534727627702269,0.004943902127696666,0.012826917785481227,0.013963269604127401,5.853975110834333E-4,0.011962644091892611,1.0,0.007438246802576568,0.012150148969381817,0.016349536927986734,0.010538662206881067,0.007492281415150318,0.00209605536107521,0.018572380726072944,0.003943601802639171,0.00727964023132822,0.0028561445915243856,0.0048850388265462685,0.0055391176582257895,0.00369301210915626],[3.35266538711589E-5,1.2094157898887681E-4,1.7668831098935536E-5,0.0014925507924997028,2.0321341627826E-4,9.806587771460373E-4,3.5098669778070525E-4,1.3844063275063144E-4,1.1382954013434918E-4,4.6455539164978954E-5,5.71634234948246E-4,2.4337008399115426E-5,0.03311012911664918,6.26066587965935E-4,3.0706375274073203E-5,3.7585200055161765E-4,8.108470226401496E-4,0.001170542218821636,1.2939285902608056E-4,7.321994431111932E-5,0.0013803002830055336,2.5240064645469884E-5,1.6959317930415087E-4,1.0938359318399039E-4,0.0010211343083011692,2.209822417443958E-5,0.003024464578773701,1.5475134287608474E-4,1.9156067565328838E-5,2.455804729336844E-5,0.007438246802576568,1.0,2.83564423510867E-5,0.0031093148282111556,8.74911099629928E-5,2.8499913198271206E-5,2.5885355730901347E-5,0.02568645578134701,1.2193030828233563E-4,9.288279837222496E-4,3.6724668073357576E-5,0.0016698279447556101,0.0013798736748888765,7.569497374589198E-5],[1.286325713294921E-4,1.7792556211334117E-4,2.5009057827715717E-5,0.0013163394795800737,0.0019880589113665265,7.414938482966432E-4,4.992148382093105E-4,8.493086888733041E-4,2.2673495287477637E-4,1.559375619898372E-4,7.785223718056499E-4,1.051755776458672E-4,0.013900337997866163,7.839437777152206E-4,1.4078756637767639E-4,3.431686950012943E-4,4.4371258521900804E-4,7.034370138278066E-4,1.6552567810973503E-4,9.427523411592133E-4,5.465727878396986E-4,6.203818521176792E-5,2.087922923396461E-4,1.9289154089988144E-4,0.0013491232609246875,6.726508859264768E-5,0.00305458234151042,1.6015058388250348E-4,8.097878029398929E-5,1.2657662336002564E-4,0.012150148969381817,2.83564423510867E-5,1.0,0.007406455369130075,1.471637518521351E-4,1.5938456390803278E-4,1.6135051960574292E-4,0.03087789205890135,1.6917010446765258E-4,8.265314189943383E-4,9.451444516144503E-5,0.0019159517376631887,8.659417861521658E-4,1.5575503092485191E-4],[0.00560286579016116,0.004689025294240488,0.010922789038478665,0.010801919561461992,0.013791016542297325,0.004743711261193166,0.011949782915666283,0.01590309261365678,0.00829630869895632,0.01473920657092118,0.004585603207479741,0.009521081088272078,0.02931807195064149,0.012910716495433587,9.628931804327071E-5,0.007488779727377772,0.007477628322018133,0.01264930472232899,0.006494577434321433,0.01382840314844781,0.004126802991672672,0.015572206463246401,0.0011449941302735084,0.01652386027580494,0.0134667166396011,0.007563339362489995,0.016294194151892955,0.01504588768583351,0.010969322693881112,0.016309229242622767,0.016349536927986734,0.0031093148282111556,0.007406455369130075,1.0,0.007772382133011201,0.006137973880136249,0.004823386859566021,0.01879832655235615,0.01587605416825334,0.01647836744038211,0.007414883503669683,0.016254043654965133,0.009556725551731076,0.005784408822197775],[1.2560444926867722E-4,1.6779916813225895E-4,3.5246119115546766E-5,9.960537201519782E-4,0.002204675490213704,5.964146237604512E-4,0.0012416720552949126,8.462164032106989E-4,1.7913156409479268E-4,1.1050288864839225E-4,7.466943065652876E-4,2.8245240868845555E-5,0.010984315206846874,3.246583585959211E-4,1.0951352077488585E-4,1.725363950015904E-4,5.502669506619056E-4,7.266424457131178E-4,1.4830094160182437E-4,9.900270638059535E-4,7.357979181725139E-4,4.932823551844587E-5,1.4742437850182686E-4,1.5640930958157426E-4,9.964080100443018E-4,1.2501867517644976E-4,0.006409204690903861,1.7485381973629194E-4,1.1102056462830526E-4,1.2115991479264829E-4,0.010538662206881067,8.74911099629928E-5,1.471637518521351E-4,0.007772382133011201,1.0,1.5122571262565798E-4,2.2458925515414925E-4,0.010815465610177474,1.4918054640869678E-4,2.863665698557346E-4,1.0545035725278775E-4,0.001158147160695567,0.0012745659559623916,1.2389882456047206E-4],[1.5232058097590053E-4,1.7090909466676863E-4,1.1315220357276527E-4,0.0014131358312110926,0.002152846406303944,4.647169727042356E-4,9.701100530165477E-4,8.889319726599638E-4,1.6532062226195743E-4,1.1461040629496587E-4,8.350161197362708E-4,4.974137393244585E-5,0.020939665196855636,5.089124573745032E-4,6.648035406488414E-5,3.670851752151133E-4,5.917295449733817E-4,3.3828651710945945E-4,1.6144640337625626E-4,7.962462255143314E-4,4.0950215289789656E-4,1.3728009168257778E-4,1.7910058858640468E-4,1.8991204126133233E-4,0.004337528283058409,1.5540208529145645E-4,0.0012059077317264418,1.8006243145020877E-4,1.686707223584124E-5,5.776626127270465E-5,0.007492281415150318,2.8499913198271206E-5,1.5938456390803278E-4,0.006137973880136249,1.5122571262565798E-4,1.0,1.6029833428051022E-4,0.0018392089908354353,1.690060808426202E-4,7.736133886736632E-4,8.206931746332087E-5,1.749756263531068E-4,0.0010983804593282136,1.3659139963973163E-4],[1.2532239944270358E-4,2.09564556496437E-4,2.2646214704073994E-4,0.0011428727950616154,0.0016357419086208368,0.0010047666090796739,6.682026182234568E-4,0.0010000545915864129,2.458064661413625E-4,1.2498854545715492E-4,2.65428348217179E-4,1.0109009636754943E-4,0.01159152435117802,0.0013380950775044895,2.192053433677058E-4,3.16025636510088E-4,4.921974122533587E-4,9.782854354213983E-4,2.2972730558854188E-4,4.5410538366079205E-4,3.4477208443445343E-4,2.330854706530852E-4,2.5882867896972236E-4,2.247524592249531E-4,5.231636679518392E-4,1.3970940577139203E-4,0.010149568197966074,2.0641661668137479E-4,1.3781902057283718E-4,1.094316662322076E-4,0.00209605536107521,2.5885355730901347E-5,1.6135051960574292E-4,0.004823386859566021,2.2458925515414925E-4,1.6029833428051022E-4,1.0,0.023246636737177938,2.1922427923570383E-4,2.9557841867151614E-4,1.901738534860071E-4,0.0022720872165080735,7.89472223819832E-4,2.282720529710831E-4],[0.019153292141033784,0.00545674461916365,3.8341357521474664E-4,0.031124687819363884,0.028535641468229372,0.029013287614530633,0.009717019206133819,0.007969224223823939,0.030810993271157716,0.02111703367865502,0.0156576808959581,0.015561820269318048,0.03360878134854943,0.013878825269831092,0.030426086142051865,0.009118008144953183,0.025686986285328957,0.01777234338938565,0.01837200107036394,0.012928585582481314,0.030167253758634886,0.011801324147325267,0.019015506407553135,0.020214283689532618,0.022282318004603306,0.011339989225460317,0.024080639323337514,0.005352494060346699,0.0260654813828134,0.02440065236561434,0.018572380726072944,0.02568645578134701,0.03087789205890135,0.01879832655235615,0.010815465610177474,0.0018392089908354353,0.023246636737177938,1.0,5.565940130605275E-4,0.0130224195202344,0.002093163948771284,0.011489230096501522,0.0030226079079744006,0.030500076144903167],[1.1894766556292053E-4,1.8478371893397222E-4,1.202570994415403E-4,0.0013463975759100142,0.0015459339284153775,7.496418157661349E-4,0.0015869147752106381,0.0011516240850354587,2.410112932627697E-4,1.382959360139837E-4,0.0011590522684655153,1.473542846774208E-4,0.010789848034190717,0.0012490917039056247,6.889835110265273E-5,3.4444549173725245E-4,6.511104305089812E-4,2.1224267671419593E-4,1.685063987008913E-4,0.0010672508732079873,0.0016526059238935033,1.366743422561318E-4,2.199167407455473E-4,1.8968446526066688E-4,0.00845082617252556,1.222515124211308E-4,0.010191667464456555,1.7928517997916E-4,1.0804218136755969E-4,5.7542143557734594E-5,0.003943601802639171,1.2193030828233563E-4,1.6917010446765258E-4,0.01587605416825334,1.4918054640869678E-4,1.690060808426202E-4,2.1922427923570383E-4,5.565940130605275E-4,1.0,1.886299114670657E-4,1.0098289294400021E-4,0.002233241591074335,0.0019671168804956695,1.7062405319620872E-4],[4.591130299009982E-4,4.763197030677079E-4,9.52764858556127E-4,0.0014595369111157607,0.00220895433592404,0.001140282180019418,0.0014682088847514114,0.0014032610607954753,4.082394333451023E-4,2.5449176387257205E-4,0.001200942885451293,2.5666594727423686E-4,0.01918125847935906,0.00126917544928613,3.01272414477124E-4,0.0011295190334253643,0.0010152288858298782,0.0011360356002581276,5.624708820182918E-4,0.0011440294671602436,0.0017934475122709423,5.158587286363589E-4,9.416565772219936E-4,4.28931117146585E-4,0.008029363876178131,5.500637344149634E-4,0.006132342959723545,7.110407452166614E-4,9.294241904556607E-4,1.0741647409913997E-4,0.00727964023132822,9.288279837222496E-4,8.265314189943383E-4,0.01647836744038211,2.863665698557346E-4,7.736133886736632E-4,2.9557841867151614E-4,0.0130224195202344,1.886299114670657E-4,1.0,6.58298350262199E-4,0.002386241421755337,0.0016717808237348372,1.9028350494516288E-4],[9.415868997524185E-5,1.801367999901894E-4,2.289372006516373E-5,0.001147874757595858,0.001228408861912991,0.0010441847530853487,8.916632168347169E-4,0.0012408806293814057,6.724714947604168E-5,6.249408648285217E-5,4.954519538633933E-4,2.4957728077500018E-5,0.011075673944149166,8.866639323330438E-4,4.817260242895142E-5,3.112894994813921E-4,1.2078292688619846E-4,9.188181686673044E-4,9.528059918467138E-5,3.381106129095034E-4,0.0018235217441856626,3.5136893514169165E-5,5.458684982947805E-5,1.0617755387929879E-4,0.008708696168434038,3.8584682285555604E-5,0.0055241917493088375,1.770968509975672E-4,1.8904545617339585E-5,3.543877567237732E-5,0.0028561445915243856,3.6724668073357576E-5,9.451444516144503E-5,0.007414883503669683,1.0545035725278775E-4,8.206931746332087E-5,1.901738534860071E-4,0.002093163948771284,1.0098289294400021E-4,6.58298350262199E-4,1.0,1.7323089995709379E-4,0.0013550999597646348,4.0336698166525726E-5],[9.913555386728038E-4,0.0020599247464749746,0.0018884942643494548,0.0019552427154148873,0.0023320203953490133,0.0016089257548664634,0.0019095573312472851,0.002811485727403379,0.0026600952371974573,0.001707192695694103,0.002002745353887485,5.473295734245029E-4,0.031393791167691934,0.002208665201942763,9.602130106618936E-4,0.0022880785809615096,0.0017842502117171965,0.0014996187326953114,0.0025950895956826443,0.001910674536046185,0.002837377296520803,7.150243332528526E-4,0.0015355853309538426,0.0020693232421876095,0.007364175303036077,8.243619740971496E-4,0.007484979277386625,0.002214455571183723,0.002095871183490583,0.0022583716724203723,0.0048850388265462685,0.0016698279447556101,0.0019159517376631887,0.016254043654965133,0.001158147160695567,1.749756263531068E-4,0.0022720872165080735,0.011489230096501522,0.002233241591074335,0.002386241421755337,1.7323089995709379E-4,1.0,0.0027399180956317066,6.208571033482918E-4],[2.191782531978512E-4,0.0010376641302199594,3.3909670900312557E-4,0.0018307698933010333,0.002107517011296944,0.0016085949673655228,0.0017465305766166453,0.0016871590210410178,0.0012601024207296897,0.001090238563958527,0.0015200576734723656,0.0017174221635169774,0.022765897884566337,0.0016495047389878466,0.0010703006037303753,8.198358613366449E-4,0.0011225749470897056,0.0019007812584674955,0.0016160456881285543,0.002024334161169417,0.001882350047935946,0.0015291976657766354,5.27714270900572E-4,0.0017782335035480437,0.00399567803074771,0.0019974919948596214,0.009266309632233422,0.001470706865903472,9.021780930438648E-4,3.674573899134445E-4,0.0055391176582257895,0.0013798736748888765,8.659417861521658E-4,0.009556725551731076,0.0012745659559623916,0.0010983804593282136,7.89472223819832E-4,0.0030226079079744006,0.0019671168804956695,0.0016717808237348372,0.0013550999597646348,0.0027399180956317066,1.0,0.0011393904001040513],[1.156094076145303E-4,1.774974493590786E-4,1.1164810902621675E-4,0.0011730092925013862,0.0010761733855194073,1.7231617518225346E-4,9.044908874938601E-4,0.0014546355674821976,2.0611726553640365E-4,1.1145795380797279E-4,6.856015969533939E-4,7.472337156497856E-5,0.029463965879114797,0.001067634037444692,6.076355155661059E-5,3.3841996065732253E-4,7.39380132