[[1.0,0.003857196551311194,0.0030433028308620904,5.098479623391434E-4,3.2649358092987004E-4,3.627880275737036E-4,0.0032016884546869585,4.293052690689036E-4,9.149588610269851E-4,0.006081538104595467,8.057873910983217E-4,4.909870788228935E-4,0.0046138143143925675,3.6741955501893425E-4,6.679853054502015E-4,4.0403928479881715E-4,0.012306678567737593,2.4271428675196478E-4,3.2224177281052274E-4,2.055123754249222E-4,2.5769502289286346E-5,0.011024835591580143,0.007609606488705452,0.05050243109115223,8.927624877610302E-4,0.015295762870220025,4.266444567198169E-4,7.251867931045176E-4,0.008521970597168315,4.007148216350544E-4,2.8248581329459727E-4,2.822800816163473E-4,0.00999209804091916,3.155768762955634E-4,2.4583476726053636E-4,0.0031927787707952517,3.896257324735562E-4,0.0021444089914535737,3.612266399206917E-4,0.001272828684656528,4.120286782278151E-4,1.8476942743094493E-4,3.541288065119794E-4,3.0976017064673916E-4,4.8794720591897894E-4,0.0016577590867586397,0.0011118322366238682,0.0010263484784535349,4.2927644786224076E-4,3.367099047110968E-4,0.001656136839060642],[0.003857196551311194,1.0,0.015441743976098626,0.005910598180956789,0.008113090628233252,0.0033783142619411353,0.011176526581616884,0.006388250084143941,0.006798425388404358,0.00929432219153976,0.009269986651598495,2.3964172825545243E-4,0.00866435650904693,0.002337212364504808,0.011426459318669417,0.00947799526616472,0.04879051051305327,0.005918542206510009,0.010250877994431685,5.372053840082158E-4,0.00928858800382324,0.011322103141584371,0.011722739586959517,0.025247692328864067,0.008357347070247826,0.012305549427482743,0.006764758392592633,0.006931799944508488,0.01923234160090074,0.011623518972585886,0.0020127521123451536,0.005304822710342662,0.014480066378135937,0.006727748078034324,0.006234675944105783,0.014317496073000775,0.01112169586970424,0.0038676478756912,0.006797447466503491,0.0036370053502935563,0.006468492678848541,0.0024018058909947458,0.007744812116885843,0.010687936142096864,0.007282649291750026,0.004109441058420503,0.006985077715320731,0.007871431953862374,4.663365371206142E-4,0.00999951577917125,0.008314997583059786],[0.0030433028308620904,0.015441743976098626,1.0,0.0031434654288973003,0.004675280988736662,0.013675534267938341,0.009819689243635708,6.156104126476335E-4,0.015398468988121427,0.009160663792661913,0.011183652819066319,9.717026580818883E-4,0.006799647098713243,9.22184790691074E-4,0.007517304307328242,0.005418455231069309,0.028624698075181088,0.005311805826222051,0.014854828774512333,0.003567540812121417,0.0023969843660689156,0.015435589299990424,0.012894793836126604,0.045251167005391155,0.003756501227348983,0.01713624327796,0.013232445987428586,0.0063086316672389346,0.02232604853791391,0.01244672141082372,8.755293695894181E-5,0.0047447982912882675,0.01622602449768378,0.013075224643091514,0.009300717633983126,0.01562311936007323,0.007026694791200746,0.014548454185717017,0.013424337519441868,0.004538847014904229,0.01467220217729101,0.004865544422474777,0.0038881149364698568,0.0038937002991123607,0.0010551229085485657,0.013640624336596577,0.010551928870708454,0.016198859437807554,0.010386814604475889,0.010264634220946192,0.0033934729503888577],[5.098479623391434E-4,0.005910598180956789,0.0031434654288973003,1.0,6.177492503874857E-4,2.9012059326106944E-4,0.0029356948485679893,2.501981585657691E-4,0.0010007312648013054,0.007564770533714381,0.0010004993028910865,4.318010017056002E-4,0.002647530899702272,3.477970858528408E-4,7.83001985138116E-4,6.619202964815241E-4,0.02670059662334651,6.471462311153481E-4,4.122703570936357E-4,7.19550220444783E-4,1.0486351591791141E-4,0.01121094020789421,0.012424602259421566,0.02870257144196526,9.257610402634151E-4,0.004903493625722251,6.903610961713596E-4,0.0010343210477049515,0.017751102362289647,5.786235107224064E-4,4.442895440991458E-4,5.750783519132222E-4,0.004572756696978068,3.1601187563186383E-4,7.214206455266492E-4,0.012150243925820441,4.7709240716428295E-4,0.0014605127658706525,3.395050810691198E-4,0.0018927314445734648,6.492577015322325E-4,5.416496627637071E-4,1.594402709442534E-4,5.420093594745914E-4,5.868874107201436E-4,8.494578165788228E-4,7.694767915661898E-4,0.001042403791791208,6.806488746603622E-4,5.37652456823011E-4,0.0011749586583952145],[3.2649358092987004E-4,0.008113090628233252,0.004675280988736662,6.177492503874857E-4,1.0,1.675257032863297E-4,0.0045586864279378286,1.6076443068081543E-4,0.002369282408078644,0.001219165324498714,8.248822331772364E-4,1.31128614669276E-4,0.0048046928058384,2.4159790652044294E-4,6.98473021737945E-4,1.0917375888209603E-4,0.014718431623242823,1.6701666485278578E-4,1.497843471462419E-4,1.3253451073682747E-4,5.457806433557543E-5,0.002382544466271603,0.0025184484797807823,0.0476520039979916,9.661081016293874E-4,0.008167585641963473,1.835031558783685E-4,0.0015558370038450103,0.003172677576581016,1.8092348837217727E-4,8.490568847357874E-5,1.717625076116056E-4,0.011969333171903638,2.1527069045049278E-4,1.3797113603782065E-4,0.001691277726014147,1.7182448473744514E-4,0.002269255915701841,1.4787558880409563E-4,4.917609705786396E-4,1.7138770490515693E-4,4.853865018387088E-5,1.3336898077491322E-4,1.9227378985035265E-4,1.6767473342099742E-4,5.674720418238658E-4,3.3744066437082544E-4,1.7080536582908307E-4,3.155081056151726E-4,5.208326757407837E-5,2.544186653658955E-4],[3.627880275737036E-4,0.0033783142619411353,0.013675534267938341,2.9012059326106944E-4,1.675257032863297E-4,1.0,0.005001383518080122,1.8394295951085473E-4,0.0015525551064649677,0.0013430238904954173,8.816416972726466E-4,1.7582406907289025E-4,0.0014632237877833633,3.263791970629384E-4,6.733003309046146E-4,3.1641385851405105E-5,0.04348480351071058,1.850081416206402E-4,1.651650727881566E-4,1.3753504044881323E-4,8.322395623470166E-5,0.006044726267193315,0.0035666662987595514,0.01517994653523963,7.131587440160576E-4,0.009341985307191322,2.0970333530944213E-4,0.0017742172546696443,0.009500903566949312,1.9373138807921104E-4,5.7711766735074056E-5,1.995636950208845E-4,0.0017407206255048828,2.1950968126070651E-4,1.2411839383905037E-4,0.006079610690562331,1.8449743199902907E-4,3.4216877871465315E-4,1.805813551454434E-4,7.342822018002966E-4,2.1790905278646275E-4,6.772752352448083E-5,1.2317058550975448E-4,2.7823079085544404E-4,2.294517628280541E-4,0.0017614687765739885,2.980188363007103E-4,6.647304505886922E-4,3.0188031496568366E-4,1.4424836819466018E-4,0.0013035010401620546],[0.0032016884546869585,0.011176526581616884,0.009819689243635708,0.0029356948485679893,0.0045586864279378286,0.005001383518080122,1.0,0.004685697819436454,0.0044635284646674135,0.006069834637680523,0.001690651928846781,0.0012925997618196757,0.00558659217877095,0.0038294946977607317,0.004146048103242544,0.003312149581836083,0.0246190664835749,0.0051727471196180656,0.005272071076669115,6.710385298494438E-4,8.412361303178741E-4,0.006968528138646964,0.010430970780723015,0.03733894183984851,0.0037274142099125445,0.015349105816018258,0.002812541525620198,0.005069959910709526,0.010046321691239903,0.0012560403500182392,0.0023541463637711075,0.005504043174032148,0.007620948133104516,0.004659404367588564,0.004730057874408425,0.009834153343117196,0.005036835482103448,0.0025078678794365527,0.0030654820214835545,0.004040770489339753,5.879895351775639E-4,5.969695034633259E-4,0.005044193087145003,0.002588740355811335,0.0021784854167416446,0.003006542107009233,0.0047364571574992995,0.0021473455280225937,0.0046853197151883455,0.0038635148283683546,0.003371067589560838],[4.293052690689036E-4,0.006388250084143941,6.156104126476335E-4,2.501981585657691E-4,1.6076443068081543E-4,1.8394295951085473E-4,0.004685697819436454,1.0,7.907384080242493E-4,0.005807710431895929,3.041357091368471E-4,1.116303326394012E-4,0.0017669378487632599,2.2659715420812076E-4,1.64830971354389E-4,5.9286096365256366E-5,0.015892436960852623,1.7046673781061605E-4,1.3471123595577394E-4,1.4295308963238279E-4,1.360002774396387E-4,0.010672096328177914,0.007183587278632804,0.007580356443906183,6.90664818212554E-4,0.005433527563643517,2.0669261456234152E-4,0.0016912040994469144,0.0014079565097185138,1.6732026165471302E-4,1.4725837276211235E-4,2.4012158954234098E-4,0.010967984229062039,2.531289142551312E-4,1.4984288152314348E-4,0.012775627580383107,1.584143462541755E-4,0.0012305951281133326,1.2920807607934553E-4,7.798863148535965E-4,3.572354396347494E-4,5.936198908342095E-5,8.296367196259738E-5,2.0401461608039273E-4,1.7269835290337942E-4,0.0010538764580810744,6.674236534255968E-4,1.6142824817867526E-4,2.409081359580837E-4,3.4279592388526655E-5,0.0014379925018650516],[9.149588610269851E-4,0.006798425388404358,0.015398468988121427,0.0010007312648013054,0.002369282408078644,0.0015525551064649677,0.0044635284646674135,7.907384080242493E-4,1.0,0.0076965213167621005,0.002203890795548692,0.0010369089130276888,0.0033842341852140384,0.0021908473472274496,0.002440114093452011,0.001362477614879328,0.02670695035324569,0.002261232429743594,0.0019815943103062713,0.0011913098798618455,0.002328572253852455,0.010015052823492724,0.002780031427789001,0.04089331776741051,0.0014823178889203713,0.007219745286722638,0.001928966643258864,0.0025121347584881534,0.009084668484822589,3.4817026861362664E-4,0.0025913461541863317,5.045636983172818E-4,0.005867779254535621,9.301404306489282E-4,0.002499710360373834,0.012327199135690465,0.001228581805188117,0.0025625011020068344,0.0016298971803251452,0.0024010642803063776,0.0024257740011287155,2.5810157615447304E-4,5.217133344684766E-4,8.218920800654691E-4,0.0017192994737715503,0.0021633717056402063,0.0017194446587930183,0.001842924975837631,0.0015203586998676034,0.0013049630662819811,0.0021413464632297524],[0.006081538104595467,0.00929432219153976,0.009160663792661913,0.007564770533714381,0.001219165324498714,0.0013430238904954173,0.006069834637680523,0.005807710431895929,0.0076965213167621005,1.0,0.004285570676184474,0.007570982231514655,0.006473797318277646,0.005146227483599178,0.007238657565319061,0.0038380767306937977,0.0528553927988232,0.0030840783140375495,0.004959380310348317,0.007586547650416423,0.005574605744997181,0.009302539287768962,0.009857698121098607,0.03362304660441878,0.0012322027718823679,0.008711818437740191,0.004607225260405605,0.0023738426096333713,0.01741285838420606,0.007481994985298712,0.005254239130636001,0.008118820537209654,0.01512485791903795,0.00698327680776131,0.00256198498272003,0.009189537622914724,0.004837815217608773,0.0050882979668465285,0.0022133578965868104,0.00475992679954929,7.515307285002752E-4,0.004933125033692308,0.002121156078473593,0.00673391993759142,0.0018589768793258955,0.007602379250438201,0.002166679951064535,0.007561462280976896,0.0072450324992460475,0.0053280296052261,0.00736141081128974],[8.057873910983217E-4,0.009269986651598495,0.011183652819066319,0.0010004993028910865,8.248822331772364E-4,8.816416972726466E-4,0.001690651928846781,3.041357091368471E-4,0.002203890795548692,0.004285570676184474,1.0,8.45544872915181E-4,0.005350663166688845,6.56714622656982E-4,0.0010050251256281408,5.068160504386962E-4,0.04007304126295518,2.5520792214141837E-4,4.6571313017664543E-4,4.939210202967956E-4,7.468088642596712E-4,0.0013866478064250534,0.005142733824633533,0.004303244290065557,0.0010299299989981895,0.017141279640583117,6.141986663922967E-4,0.0013159066400364506,0.018253698892237626,9.633288008822172E-4,9.651478381338614E-4,3.2027320650827667E-4,0.009928177388441718,9.120522721945695E-4,6.65194800729455E-4,0.012805721503241652,9.159587833867809E-4,0.002220830649543493,2.0607124164077445E-4,0.001098019462245205,7.670754774567046E-4,4.931546966905329E-4,2.1894850544594734E-4,4.217277353757606E-4,3.7289183388355344E-4,0.0012093443947570426,0.0010887258403278956,0.001055415659005253,6.304863529637157E-4,1.7787375807840172E-4,0.0015507628866403829],[4.909870788228935E-4,2.3964172825545243E-4,9.717026580818883E-4,4.318010017056002E-4,1.31128614669276E-4,1.7582406907289025E-4,0.0012925997618196757,1.116303326394012E-4,0.0010369089130276888,0.007570982231514655,8.45544872915181E-4,1.0,0.004509176267052691,2.354502832929759E-4,8.207495255863723E-4,3.9201322234613016E-5,0.01861696980059408,1.7450365925973508E-4,5.666426026382063E-5,6.89598303614794E-5,4.748864264872578E-5,0.004956381607586967,0.011502880688751967,0.048041363248980194,8.248616036359329E-4,4.499146650610543E-4,1.642339711443861E-4,0.0019153470615254544,0.015438900070446576,9.966220879807396E-5,4.024178695334256E-5,1.5276352103752832E-4,0.007652845424666989,2.2516540392986074E-4,7.360779003459889E-5,0.0052773865547510726,1.0172304209477153E-4,0.001248320839266077,8.462565454199288E-5,4.95668183205079E-4,3.48853444007588E-4,3.430445273960445E-5,5.1375973128711166E-5,2.6306826924605686E-4,1.8463932211777392E-4,8.82656259722794E-4,7.487889593335069E-4,0.001040893331976201,2.486684524236028E-4,2.196954404374854E-5,6.6698183828878E-4],[0.0046138143143925675,0.00866435650904693,0.006799647098713243,0.002647530899702272,0.0048046928058384,0.0014632237877833633,0.00558659217877095,0.0017669378487632599,0.0033842341852140384,0.006473797318277646,0.005350663166688845,0.004509176267052691,1.0,0.001368353393341268,0.004578602788337358,0.004925662312563905,0.024606420126516718,0.0031791570201463036,0.005167438927341118,4.3848471032430084E-4,0.003501611979516254,0.009258572828273998,0.010739944625648956,0.02232366602340414,0.004604503398181217,0.008741242257203949,0.0020073924364611313,0.0037971282464996114,0.017375359152272615,0.003687581758438263,3.7624318448800306E-4,0.0025873015944631412,0.008272524277199097,4.923645295639601E-4,0.0033993220949246005,0.014082351601507368,0.005292674709015077,0.0047458211583637985,0.0038018794623339938,0.004890682827543061,0.004402453706560228,0.002256335044099805,7.228229525337852E-4,0.0013448760996108689,0.0010235846578556633,0.0043970345972654985,0.0036521639895289886,0.003858225683546444,0.0025321740713812146,2.2218132307114935E-4,0.003351776668275702],[3.6741955501893425E-4,0.002337212364504808,9.22184790691074E-4,3.477970858528408E-4,2.4159790652044294E-4,3.263791970629384E-4,0.0038294946977607317,2.2659715420812076E-4,0.0021908473472274496,0.005146227483599178,6.56714622656982E-4,2.354502832929759E-4,0.001368353393341268,1.0,8.426416109300548E-4,1.5385427571484503E-4,0.005828604254742267,2.551111683741849E-4,2.1707398198071135E-4,1.7408957958101019E-4,2.6973853788279944E-4,0.0012580789550437948,0.008561299638511446,0.012568043205483449,4.42078295957982E-4,0.013152080455700042,2.80692630176885E-4,0.001358258566075638,0.018124329652950702,2.632242814898265E-4,1.6233695187655234E-4,3.287688275903633E-4,0.013200945658258816,3.0401145343996594E-4,3.168816309120294E-4,0.007413412477017078,2.470103371082293E-4,0.0021140676783254343,1.4684108765141202E-4,6.39713114505842E-4,3.5413984901118943E-4,3.111205012280914E-4,3.247554946776452E-4,3.1302934710718787E-4,2.7143840750744834E-4,4.050800009930302E-4,3.9842063892076067E-4,6.481140910276669E-4,3.3929594679125817E-4,2.6675922008023495E-4,0.001640608440794048],[6.679853054502015E-4,0.011426459318669417,0.007517304307328242,7.83001985138116E-4,6.98473021737945E-4,6.733003309046146E-4,0.004146048103242544,1.64830971354389E-4,0.002440114093452011,0.007238657565319061,0.0010050251256281408,8.207495255863723E-4,0.004578602788337358,8.426416109300548E-4,1.0,7.991075484190795E-4,0.012076951998305385,9.171010604443146E-4,8.921854048710965E-4,7.015050158368925E-4,8.337576127641395E-4,0.0026291126226112866,0.0020513771351426424,0.014914584604475051,0.0010100554003328673,0.015328225443616556,7.764620934419303E-4,0.0018256628626607935,0.0010564842459252662,6.266153079943775E-4,1.4440664596439355E-4,7.516731001778468E-4,0.01159976667741814,6.428532717745073E-4,0.0010026127777258357,0.010982019799189025,6.440102597856734E-4,0.0018644371918070206,6.166940240597973E-4,0.0012512608279130468,9.320673163381603E-4,3.2516221405459343E-4,7.999426563713887E-4,8.887952796736852E-4,9.268889342148438E-4,0.0017577832291945771,0.0010519872871161398,0.001088660667557607,4.985199122106057E-4,4.3204043213012527E-4,0.0010063101854633108],[4.0403928479881715E-4,0.00947799526616472,0.005418455231069309,6.619202964815241E-4,1.0917375888209603E-4,3.1641385851405105E-5,0.003312149581836083,5.9286096365256366E-5,0.001362477614879328,0.0038380767306937977,5.068160504386962E-4,3.9201322234613016E-5,0.004925662312563905,1.5385427571484503E-4,7.991075484190795E-4,1.0,0.010937654175267441,3.949418318629609E-5,3.275976735451E-5,4.047731684719925E-5,2.0215704801794406E-5,0.009354874316031995,0.0011485798499764302,0.016597232962600135,5.013580528647311E-4,0.0034827934660173303,4.651110896398252E-5,0.0011666995767483773,0.012534494341296823,9.809444614204563E-5,2.8501479085456108E-5,1.5939020683970024E-4,9.967527574348373E-4,1.9879388263328992E-4,9.632626595367587E-5,0.0058422163289134415,1.5211151278562705E-4,0.0017635986407100249,5.414411135714864E-5,0.0014508832073179792,1.6582521273939647E-4,2.5519431205601727E-5,2.497264814078652E-5,2.685700413307732E-4,7.336921589535802E-5,2.2061191853121442E-4,9.942348177805341E-4,0.001076735638648218,8.002365239007984E-5,2.314518255494709E-5,8.446207433660205E-4],[0.012306678567737593,0.04879051051305327,0.028624698075181088,0.02670059662334651,0.014718431623242823,0.04348480351071058,0.0246190664835749,0.015892436960852623,0.02670695035324569,0.0528553927988232,0.04007304126295518,0.01861696980059408,0.024606420126516718,0.005828604254742267,0.012076951998305385,0.010937654175267441,1.0,0.0101913875956281,0.032051167569763936,0.012116190676145357,0.052167670426640986,0.03347370428732897,0.032928359174086,0.057992043626710156,0.023628997542009186,0.043780654491996085,0.03277030145567926,0.04495277790022686,0.05160356067624737,0.029528004168539655,0.04716564578613661,0.00859388272130212,0.04631838188676006,0.03788431229430741,0.028411355456659876,0.03452604050242597,0.005362101432629427,0.045698944934789744,0.021322188110730743,0.038984781400571634,0.0361324983519983,0.031635003197602735,0.04796440964354143,0.029284936178565646,0.015784236050641387,0.026124521657527,0.044941785070614367,0.015057200260844462,0.04097737840732998,0.014309693088343386,0.049604313074444094],[2.4271428675196478E-4,0.005918542206510009,0.005311805826222051,6.471462311153481E-4,1.6701666485278578E-4,1.850081416206402E-4,0.0051727471196180656,1.7046673781061605E-4,0.002261232429743594,0.0030840783140375495,2.5520792214141837E-4,1.7450365925973508E-4,0.0031791570201463036,2.551111683741849E-4,9.171010604443146E-4,3.949418318629609E-5,0.0101913875956281,1.0,1.6064908530588962E-4,1.353708891910081E-4,3.5956150859874986E-5,0.001399401089530377,0.011027197824383673,0.031026095804848348,8.291110039071857E-4,0.0029610357615126514,2.1578848329416425E-4,8.295214068086452E-4,0.0033606316403879803,1.9327654090100965E-4,1.1446669027141443E-4,2.1369454254375542E-4,0.0059793758636843075,2.682219130524524E-4,1.664889986906064E-4,0.013250419102013269,1.8716828743901067E-4,4.140360449345461E-4,1.537253159335425E-4,0.0011193820572506054,3.677351506688846E-4,1.1258698583558525E-4,9.568552077202533E-5,1.989308734904442E-4,2.2605158389186653E-4,2.7320359576223346E-4,7.683201835993587E-4,6.155760258384638E-4,2.9888266429186245E-4,6.177531615916497E-5,3.841887643592619E-4],[3.2224177281052274E-4,0.010250877994431685,0.014854828774512333,4.122703570936357E-4,1.497843471462419E-4,1.651650727881566E-4,0.005272071076669115,1.3471123595577394E-4,0.0019815943103062713,0.004959380310348317,4.6571313017664543E-4,5.666426026382063E-5,0.005167438927341118,2.1707398198071135E-4,8.921854048710965E-4,3.275976735451E-5,0.032051167569763936,1.6064908530588962E-4,1.0,1.0075321684984886E-4,1.953067824316233E-5,0.009627161560224308,0.006958820507368265,0.04959356233454075,3.2007387838961087E-4,0.01093617967004919,1.5980874128503856E-4,4.174445647441171E-4,0.01969808368328954,1.914259929150683E-4,7.49719000796337E-5,1.2403147786897332E-4,0.011456310749843901,1.4489522063786546E-4,1.0694274084737118E-4,0.002151440565084492,1.2099097315637656E-4,0.00141671572529313,1.0877299073291821E-4,0.00142156424551361,1.764283409691428E-4,8.4666611839923E-5,6.510865940115625E-5,2.464977165934539E-4,1.967274301834547E-4,0.0016962019482483878,1.5094890362050815E-4,0.001074309994579067,1.3993780196067975E-4,8.153245795909632E-5,0.001608462957084293],[2.055123754249222E-4,5.372053840082158E-4,0.003567540812121417,7.19550220444783E-4,1.3253451073682747E-4,1.3753504044881323E-4,6.710385298494438E-4,1.4295308963238279E-4,0.0011913098798618455,0.007586547650416423,4.939210202967956E-4,6.89598303614794E-5,4.3848471032430084E-4,1.7408957958101019E-4,7.015050158368925E-4,4.047731684719925E-5,0.012116190676145357,1.353708891910081E-4,1.0075321684984886E-4,1.0,1.612600551300469E-5,0.004522015716782953,0.009005223524314796,0.026352794053500078,1.1723440110948147E-4,0.01578955108370113,1.432823332518526E-4,0.0015027596406707248,0.020231478042443067,1.5700994816900026E-4,5.3553472346150576E-5,2.3873912655304137E-4,0.012854019426518317,1.2902627501531832E-4,1.0379063150914553E-4,0.005635923492840933,1.2113098057773601E-4,8.700341181013647E-4,1.0179822816841956E-4,1.9171628718788635E-4,3.624504131050343E-4,8.205195013605054E-5,4.908424897205005E-5,1.2215802370930463E-4,1.4619110632019245E-4,0.001139540245862451,4.23568116245805E-4,8.07640298254881E-4,2.126873258671699E-4,6.702782564979972E-5,9.706408971870131E-4],[2.5769502289286346E-5,0.00928858800382324,0.0023969843660689156,1.0486351591791141E-4,5.457806433557543E-5,8.322395623470166E-5,8.412361303178741E-4,1.360002774396387E-4,0.002328572253852455,0.005574605744997181,7.468088642596712E-4,4.748864264872578E-5,0.003501611979516254,2.6973853788279944E-4,8.337576127641395E-4,2.0215704801794406E-5,0.052167670426640986,3.5956150859874986E-5,1.953067824316233E-5,1.612600551300469E-5,1.0,0.005804896511536335,0.0019134721179250335,0.039652007791556115,7.495860520101757E-4,0.004591199776995041,3.083331775250703E-5,0.0010408931770166784,0.016356596297520693,1.6291998071228978E-4,1.638739040124387E-5,1.4578494253607754E-5,0.0059325701626410255,2.6339797704443663E-4,9.403408992429078E-5,0.005768208598706833,1.3564006525141456E-4,0.001509396179298426,9.976422612179656E-5,7.314384758626017E-4,2.2793581959142433E-5,1.7811042532082537E-5,1.511721100457066E-5,1.1718096444813046E-4,2.255758231777704E-5,0.0011392315377527261,8.821544954264342E-4,4.01373077754275E-4,3.060510210459427E-4,1.4451831707798206E-5,0.0014092303469392102],[0.011024835591580143,0.011322103141584371,0.015435589299990424,0.01121094020789421,0.002382544466271603,0.006044726267193315,0.006968528138646964,0.010672096328177914,0.010015052823492724,0.009302539287768962,0.0013866478064250534,0.004956381607586967,0.009258572828273998,0.0012580789550437948,0.0026291126226112866,0.009354874316031995,0.03347370428732897,0.001399401089530377,0.009627161560224308,0.004522015716782953,0.005804896511536335,1.0,0.01196226421337264,0.026288018266626023,0.0018972275424292261,0.012208664530238333,0.004412164439577431,0.007933257846170865,0.014843112401592277,0.009275746388380537,0.006002719534029535,0.0014462525877496637,0.015444998783304107,0.00828183840985617,0.002424800246873169,0.01163316722721106,0.008045363436345713,0.008494099584914453,0.008596186484249821,0.007257187047538456,0.006379953583682461,0.006940697846314274,0.006769531468790514,3.850925990896525E-4,0.004675064586589336,0.004394688785760675,0.0013035946699824312,0.003079260958743763,0.004322203785503944,0.006409967178852719,0.007083732823116632],[0.007609606488705452,0.011722739586959517,0.012894793836126604,0.012424602259421566,0.0025184484797807823,0.0035666662987595514,0.010430970780723015,0.007183587278632804,0.002780031427789001,0.009857698121098607,0.005142733824633533,0.011502880688751967,0.010739944625648956,0.008561299638511446,0.0020513771351426424,0.0011485798499764302,0.032928359174086,0.011027197824383673,0.006958820507368265,0.009005223524314796,0.0019134721179250335,0.01196226421337264,1.0,0.05738014754272057,0.006224508943462196,0.013008746498594452,0.0033415040696035225,0.00915904816287786,0.023018133495182065,0.005000811118311498,0.009191151711053185,6.341570018822519E-4,0.012576001011039806,0.005507637539824071,0.0012579986674092487,0.01263831338334617,0.004833544200667242,0.008192018865219447,0.0023948851693289365,0.008795874030896914,0.006298573676160967,0.005276551713837588,0.010838537952742101,0.008769915544999674,0.00867321951540568,0.004934214749052132,0.007889269506146507,0.011234813325541354,0.0024608022452593387,0.010002429176748833,0.00920537681252709],[0.05050243109115223,0.025247692328864067,0.045251167005391155,0.02870257144196526,0.0476520039979916,0.01517994653523963,0.03733894183984851,0.007580356443906183,0.04089331776741051,0.03362304660441878,0.004303244290065557,0.048041363248980194,0.02232366602340414,0.012568043205483449,0.014914584604475051,0.016597232962600135,0.057992043626710156,0.031026095804848348,0.04959356233454075,0.026352794053500078,0.039652007791556115,0.026288018266626023,0.05738014754272057,1.0,0.057483266494566865,0.028299058988702747,0.048184316309134556,0.03427634563097064,0.05462700540522748,0.014501202879458056,0.037529375050105625,0.008727701785411598,0.046015865112868315,0.03657395668955536,0.035895195352444335,0.04546675808126012,0.02438274430030186,0.030472662658752894,0.021297200001783107,0.028985719248328837,0.02410181838191406,0.011768691816615846,0.057205202218545095,0.024058530852641456,0.02380777575330701,0.01536533412312999,0.04975857083002138,0.024723480394327983,0.013449629514224381,0.013197357440698505,0.017141687069797674],[8.927624877610302E-4,0.008357347070247826,0.003756501227348983,9.257610402634151E-4,9.661081016293874E-4,7.131587440160576E-4,0.0037274142099125445,6.90664818212554E-4,0.0014823178889203713,0.0012322027718823679,0.0010299299989981895,8.248616036359329E-4,0.004604503398181217,4.42078295957982E-4,0.0010100554003328673,5.013580528647311E-4,0.023628997542009186,8.291110039071857E-4,3.2007387838961087E-4,1.1723440110948147E-4,7.495860520101757E-4,0.0018972275424292261,0.006224508943462196,0.057483266494566865,1.0,0.01489583783121256,7.184514776391077E-4,0.0013907442049127668,0.020879457703451346,2.1027995346370023E-4,8.101872526389574E-5,9.089626020059949E-4,0.008642608207502586,5.673432059984684E-4,7.739915643210154E-4,0.01043827156169204,3.15702671879688E-4,0.001230339544296525,1.203155195784937E-4,0.0013722362597761942,4.925922047748696E-4,2.6328707817662296E-4,8.463750459146041E-4,4.973492581031142E-4,6.456089690003734E-4,0.0016214392705934813,0.001098707650317066,0.0010531515122365665,8.109108136617792E-4,6.808335692272854E-4,0.0016507756617880984],[0.015295762870220025,0.012305549427482743,0.01713624327796,0.004903493625722251,0.008167585641963473,0.009341985307191322,0.015349105816018258,0.005433527563643517,0.007219745286722638,0.008711818437740191,0.017141279640583117,4.499146650610543E-4,0.008741242257203949,0.013152080455700042,0.015328225443616556,0.0034827934660173303,0.043780654491996085,0.0029610357615126514,0.01093617967004919,0.01578955108370113,0.004591199776995041,0.012208664530238333,0.013008746498594452,0.028299058988702747,0.01489583783121256,1.0,0.008528919670991385,0.011317444160127258,0.019671806787272126,0.01519719197082286,0.008000371798241597,0.011821206310292202,0.016438295387375877,0.016559818885128596,0.005489949551234107,0.0154510478909107,0.013898247194302096,0.01335340625925152,0.014641612055594591,0.014266788806391456,0.009852647502944279,0.014365462288819093,0.015111139636674254,0.009055421369911276,0.014200318656016125,0.002398120128030211,0.01052754103034523,0.00362895654143287,0.014763074408443719,0.008547689319903209,0.004529603562906897],[4.266444567198169E-4,0.006764758392592633,0.013232445987428586,6.903610961713596E-4,1.835031558783685E-4,2.0970333530944213E-4,0.002812541525620198,2.0669261456234152E-4,0.001928966643258864,0.004607225260405605,6.141986663922967E-4,1.642339711443861E-4,0.0020073924364611313,2.80692630176885E-4,7.764620934419303E-4,4.651110896398252E-5,0.03277030145567926,2.1578848329416425E-4,1.5980874128503856E-4,1.432823332518526E-4,3.083331775250703E-5,0.004412164439577431,0.0033415040696035225,0.048184316309134556,7.184514776391077E-4,0.008528919670991385,1.0,0.0010873846108344712,0.013812755654427269,2.2029844493225587E-4,4.5996180638029184E-5,2.3219175767359428E-4,0.0014289577345694441,2.6318885744413677E-4,1.5845572404440673E-4,0.01025880645445671,1.8771411120596212E-4,9.255584831534805E-4,1.9040795936155203E-4,0.0016437811372670647,3.018414023885945E-4,1.0525581242949126E-4,1.0592179792487134E-4,2.635800917200078E-4,2.2300888835092927E-4,0.0010898699644039703,8.170015210344007E-4,7.220151948782081E-4,2.6768668925688393E-4,1.731429204609029E-4,0.0017947141396021952],[7.251867931045176E-4,0.006931799944508488,0.0063086316672389346,0.0010343210477049515,0.0015558370038450103,0.0017742172546696443,0.005069959910709526,0.0016912040994469144,0.0025121347584881534,0.0023738426096333713,0.0013159066400364506,0.0019153470615254544,0.0037971282464996114,0.001358258566075638,0.0018256628626607935,0.0011666995767483773,0.04495277790022686,8.295214068086452E-4,4.174445647441171E-4,0.0015027596406707248,0.0010408931770166784,0.007933257846170865,0.00915904816287786,0.03427634563097064,0.0013907442049127668,0.011317444160127258,0.0010873846108344712,1.0,0.0067934549877399445,0.0015259995333878102,6.433031098022158E-4,0.0018286467147436362,0.007137735261629497,8.224427523919301E-4,0.0018106248150032602,0.013311821061425092,0.0010516243049639832,0.002001276854641196,3.049569449736813E-4,0.002033104846216017,8.248857113443107E-4,0.0010755124947988731,2.955238753434208E-4,8.31880895317086E-4,3.33204239243267E-4,0.002008183862083656,0.001787393403033171,0.001530522148305373,0.0012305200142241665,1.3491058108481402E-4,0.0018809092393365363],[0.008521970597168315,0.01923234160090074,0.02232604853791391,0.017751102362289647,0.003172677576581016,0.009500903566949312,0.010046321691239903,0.0014079565097185138,0.009084668484822589,0.01741285838420606,0.018253698892237626,0.015438900070446576,0.017375359152272615,0.018124329652950702,0.0010564842459252662,0.012534494341296823,0.05160356067624737,0.0033606316403879803,0.01969808368328954,0.020231478042443067,0.016356596297520693,0.014843112401592277,0.023018133495182065,0.05462700540522748,0.020879457703451346,0.019671806787272126,0.013812755654427269,0.0067934549877399445,1.0,0.011998906601784296,0.001210659282446459,4.2428677308431766E-4,0.018852681751278366,0.021819474481198368,9.649811563609838E-4,0.02062923455399646,0.010674704828744769,0.015955307049592363,0.004177065732829069,0.01317022373890582,0.011947320227846512,0.023453294612418803,0.0207887407362637,0.019263124250805574,0.0028306729821251466,0.0061785884109476635,0.022198436214796127,0.002256179775226994,0.022928441398112037,0.010983048203586006,0.0035071521689342983],[4.007148216350544E-4,0.011623518972585886,0.01244672141082372,5.786235107224064E-4,1.8092348837217727E-4,1.9373138807921104E-4,0.0012560403500182392,1.6732026165471302E-4,3.4817026861362664E-4,0.007481994985298712,9.633288008822172E-4,9.966220879807396E-5,0.003687581758438263,2.632242814898265E-4,6.266153079943775E-4,9.809444614204563E-5,0.029528004168539655,1.9327654090100965E-4,1.914259929150683E-4,1.5700994816900026E-4,1.6291998071228978E-4,0.009275746388380537,0.005000811118311498,0.014501202879458056,2.1027995346370023E-4,0.01519719197082286,2.2029844493225587E-4,0.0015259995333878102,0.011998906601784296,1.0,7.275923614949727E-5,2.459486270884154E-4,0.015197265571434412,2.463690941812474E-4,1.1394941657070717E-4,0.013810956520262296,1.964405340174115E-4,5.065997682488744E-4,1.6889273804124072E-4,2.813238210508532E-4,3.0915615256422145E-4,1.0209675191882056E-4,1.537906129317302E-4,2.08966393835179E-4,2.2278404278457229E-4,5.039489033676666E-4,6.105300202917854E-4,7.434240097099578E-4,2.91978802777509E-4,1.6785309148296314E-4,6.256978886792342E-4],[2.8248581329459727E-4,0.0020127521123451536,8.755293695894181E-5,4.442895440991458E-4,8.490568847357874E-5,5.7711766735074056E-5,0.0023541463637711075,1.4725837276211235E-4,0.0025913461541863317,0.005254239130636001,9.651478381338614E-4,4.024178695334256E-5,3.7624318448800306E-4,1.6233695187655234E-4,1.4440664596439355E-4,2.8501479085456108E-5,0.04716564578613661,1.1446669027141443E-4,7.49719000796337E-5,5.3553472346150576E-5,1.638739040124387E-5,0.006002719534029535,0.009191151711053185,0.037529375050105625,8.101872526389574E-5,0.008000371798241597,4.5996180638029184E-5,6.433031098022158E-4,0.001210659282446459,7.275923614949727E-5,1.0,2.2297985459017035E-4,0.010505312902220497,3.4925378814326047E-5,9.411499136055039E-5,0.013308246723340368,3.7915451059961306E-5,0.0012019819553884177,8.978372541065023E-5,7.566997301515159E-4,1.74058060796915E-4,2.2772703310479627E-5,2.3501174847940516E-5,1.6898572860027717E-4,1.6248628908793996E-4,7.686399813027975E-4,0.0010981936976601412,8.466085184525581E-4,2.171119147327806E-4,2.6704418302616294E-5,2.367637889961442E-4],[2.822800816163473E-4,0.005304822710342662,0.0047447982912882675,5.750783519132222E-4,1.717625076116056E-4,1.995636950208845E-4,0.005504043174032148,2.4012158954234098E-4,5.045636983172818E-4,0.008118820537209654,3.2027320650827667E-4,1.5276352103752832E-4,0.0025873015944631412,3.287688275903633E-4,7.516731001778468E-4,1.5939020683970024E-4,0.00859388272130212,2.1369454254375542E-4,1.2403147786897332E-4,2.3873912655304137E-4,1.4578494253607754E-5,0.0014462525877496637,6.341570018822519E-4,0.008727701785411598,9.089626020059949E-4,0.011821206310292202,2.3219175767359428E-4,0.0018286467147436362,4.2428677308431766E-4,2.459486270884154E-4,2.2297985459017035E-4,1.0,0.015544440365461897,2.6129313339532366E-4,2.1891929885535635E-4,0.010374860982498743,2.058224455375374E-4,0.001103238907725952,1.8851774109775028E-4,9.580113579770159E-4,3.1919572821063414E-4,1.289766651966351E-4,1.2324312937671403E-4,2.62696020169514E-4,2.505250623177298E-4,0.001230617038854071,4.384523833962223E-4,5.254556850650433E-4,3.233978436243893E-4,9.112312985171043E-5,4.2643720906022995E-4],[0.00999209804091916,0.014480066378135937,0.01622602449768378,0.004572756696978068,0.011969333171903638,0.0017407206255048828,0.007620948133104516,0.010967984229062039,0.005867779254535621,0.01512485791903795,0.009928177388441718,0.007652845424666989,0.008272524277199097,0.013200945658258816,0.01159976667741814,9.967527574348373E-4,0.04631838188676006,0.0059793758636843075,0.011456310749843901,0.012854019426518317,0.0059325701626410255,0.015444998783304107,0.012576001011039806,0.046015865112868315,0.008642608207502586,0.016438295387375877,0.0014289577345694441,0.007137735261629497,0.018852681751278366,0.015197265571434412,0.010505312902220497,0.015544440365461897,1.0,0.004378727318998278,0.012967160176584374,0.015508052392256222,0.011925800258275946,0.009984733939934569,0.01585377031568151,0.015804271588481935,5.856819345791404E-4,0.00794011076952084,6.646372991039795E-4,0.005363868600181641,0.007311632904158552,0.008976772284890343,0.0019470932935022175,0.006068037081514044,4.942259276002284E-4,0.010576345456742653,0.011440188681425706],[3.155768762955634E-4,0.006727748078034324,0.013075224643091514,3.1601187563186383E-4,2.1527069045049278E-4,2.1950968126070651E-4,0.004659404367588564,2.531289142551312E-4,9.301404306489282E-4,0.00698327680776131,9.120522721945695E-4,2.2516540392986074E-4,4.923645295639601E-4,3.0401145343996594E-4,6.428532717745073E-4,1.9879388263328992E-4,0.03788431229430741,2.682219130524524E-4,1.4489522063786546E-4,1.2902627501531832E-4,2.6339797704443663E-4,0.00828183840985617,0.005507637539824071,0.03657395668955536,5.673432059984684E-4,0.016559818885128596,2.6318885744413677E-4,8.224427523919301E-4,0.021819474481198368,2.463690941812474E-4,3.4925378814326047E-5,2.6129313339532366E-4,0.004378727318998278,1.0,1.2662750497403801E-4,0.004513877662590058,2.630129313629184E-4,0.0016351688625715639,1.7474510929985684E-4,0.0016986393033904818,4.0820186657629246E-4,5.743203076076726E-5,7.96448834282926E-5,2.785496070659023E-4,2.755301734491189E-4,0.0014116828247561536,6.080088027712422E-4,9.884421139546636E-4,3.044389963366173E-4,2.0755811140694616E-4,5.153853341962885E-4],[2.4583476726053636E-4,0.006234675944105783,0.009300717633983126,7.214206455266492E-4,1.3797113603782065E-4,1.2411839383905037E-4,0.004730057874408425,1.4984288152314348E-4,0.002499710360373834,0.00256198498272003,6.65194800729455E-4,7.360779003459889E-5,0.0033993220949246005,3.168816309120294E-4,0.0010026127777258357,9.632626595367587E-5,0.028411355456659876,1.664889986906064E-4,1.0694274084737118E-4,1.0379063150914553E-4,9.403408992429078E-5,0.002424800246873169,0.0012579986674092487,0.035895195352444335,7.739915643210154E-4,0.005489949551234107,1.5845572404440673E-4,0.0018106248150032602,9.649811563609838E-4,1.1394941657070717E-4,9.411499136055039E-5,2.1891929885535635E-4,0.012967160176584374,1.2662750497403801E-4,1.0,0.0018504826501533015,1.5943048961964687E-4,0.0015813116455366586,1.0720171211402837E-4,0.0011075257911144156,1.8629809541603854E-4,3.309872625915682E-5,3.104453562571093E-5,2.3956987698722782E-4,2.578815977477254E-4,1.4114447602457024E-4,0.0010811074508580768,0.0011163206828511737,3.1319011912255885E-4,8.075047551953453E-5,2.9508825402213914E-4],[0.0031927787707952517,0.014317496073000775,0.01562311936007323,0.012150243925820441,0.001691277726014147,0.006079610690562331,0.009834153343117196,0.012775627580383107,0.012327199135690465,0.009189537622914724,0.012805721503241652,0.0052773865547510726,0.014082351601507368,0.007413412477017078,0.010982019799189025,0.0058422163289134415,0.03452604050242597,0.013250419102013269,0.002151440565084492,0.005635923492840933,0.005768208598706833,0.01163316722721106,0.01263831338334617,0.04546675808126012,0.01043827156169204,0.0154510478909107,0.01025880645445671,0.013311821061425092,0.02062923455399646,0.013810956520262296,0.013308246723340368,0.010374860982498743,0.015508052392256222,0.004513877662590058,0.0018504826501533015,1.0,0.007355291229685184,0.011651228841768406,0.008690322161963977,0.014239913552359781,0.009821210502634136,3.177062290848658E-4,0.006402772349931321,0.0013837047728509307,0.010011053777752951,0.01215574500695863,0.0026137786191766394,0.005187125777967571,0.0020465171744134844,5.398902412667404E-4,0.004311946342726536],[3.896257324735562E-4,0.01112169586970424,0.007026694791200746,4.7709240716428295E-4,1.7182448473744514E-4,1.8449743199902907E-4,0.005036835482103448,1.584143462541755E-4,0.001228581805188117,0.004837815217608773,9.159587833867809E-4,1.0172304209477153E-4,0.005292674709015077,2.470103371082293E-4,6.440102597856734E-4,1.5211151278562705E-4,0.005362101432629427,1.8716828743901067E-4,1.2099097315637656E-4,1.2113098057773601E-4,1.3564006525141456E-4,0.008045363436345713,0.004833544200667242,0.02438274430030186,3.15702671879688E-4,0.013898247194302096,1.8771411120596212E-4,0.0010516243049639832,0.010674704828744769,1.964405340174115E-4,3.7915451059961306E-5,2.058224455375374E-4,0.011925800258275946,2.630129313629184E-4,1.5943048961964687E-4,0.007355291229685184,1.0,0.0017680067308618675,1.806978889295071E-4,0.001885905628484306,3.7126471762190927E-4,1.0415178703112397E-4,1.7823131774925496E-4,2.6030779991031576E-4,2.1961091587278898E-4,0.002036474394448644,9.030712908968879E-4,0.0011362833283442284,2.938195156981407E-4,6.463326158182544E-5,7.69442902446533E-4],[0.0021444089914535737,0.0038676478756912,0.014548454185717017,0.0014605127658706525,0.002269255915701841,3.4216877871465315E-4,0.0025078678794365527,0.0012305951281133326,0.0025625011020068344,0.0050882979668465285,0.002220830649543493,0.001248320839266077,0.0047458211583637985,0.0021140676783254343,0.0018644371918070206,0.0017635986407100249,0.045698944934789744,4.140360449345461E-4,0.00141671572529313,8.700341181013647E-4,0.001509396179298426,0.008494099584914453,0.008192018865219447,0.030472662658752894,0.001230339544296525,0.01335340625925152,9.255584831534805E-4,0.002001276854641196,0.015