[[1.0,0.001441370239809929,0.0010117942865817925,3.5392671678628567E-4,0.0011040525520167298,0.001071463663486214,0.002356691372129821,1.7460210154296828E-4,3.317279737736653E-4,0.0013373968511196915,7.20540377919987E-4,0.04471181110505262,0.0033268444187262284,0.012550466983119037,0.0016668344874168329,4.578029244271019E-4,6.462779300454289E-4,0.001240863074991308,2.0844512362902328E-4,0.0040700663868064625,0.0011112148056358644,0.001113603251342222,5.589652290834784E-4,0.0011239271185137672,3.4309421260119864E-4,7.845680277475059E-4,8.290426630906243E-4,3.109902388879841E-4,0.0019273125445534284,4.894023980157995E-4,0.0010066122150131143,0.0033641521675504354,0.014057963482848853,3.5969311976335045E-4,4.6397914060219026E-4,0.0016732494768510783,0.0022475547696608313,0.0024588369571155186,0.0011712938657655481,0.0010581936448736827,0.00563691983302202,8.702013500999506E-4,1.605606555222328E-4,0.01865805472163192,0.0017599264389578358,0.001090237773836297,0.005705721798903969],[0.001441370239809929,1.0,0.0011704573410227844,1.7198112380080753E-4,0.0010532918980860346,0.0014333134551367452,0.00288347420160258,0.002074503986512355,0.002108547994719064,0.0026764906128138467,6.281430296781649E-4,0.03315872865517781,0.0061425088685430635,0.011037281694465976,0.0026120591386968404,6.054530632093033E-4,0.0011901122309317352,0.002831501894120866,0.0012629767515428064,0.00802273267403624,0.0011503182126471237,0.0020048231225184543,7.009149056687478E-4,0.0016315619289493568,0.0015996581762146539,0.0026097389196795807,7.743520755360072E-4,1.148952201433835E-4,0.003086096833697017,0.0017305879885751753,0.002753289216928653,0.004302025109141712,0.00406323538312729,0.0018100044840143352,7.552049697588534E-4,0.002085310815110387,0.0027176431690047694,0.003201199631135036,0.0014903956694282431,0.002280004767493945,0.016981924878901912,0.0024086886792793697,0.002839992888169122,0.010291921867582425,0.005182393835059125,0.0024241541573306363,0.015930944163778278],[0.0010117942865817925,0.0011704573410227844,1.0,3.030907586198367E-4,2.893961663882727E-4,2.884356575248896E-4,6.84985724858891E-4,1.469419672073282E-4,3.0235779085306696E-4,8.338273077101279E-4,2.9521801661824165E-4,0.010386696519394558,0.008941178114333348,0.012880285347477847,3.825718049405354E-4,2.06488365198017E-4,1.4835288648522068E-4,0.001103999144293655,1.8379600999099164E-4,0.007106942555239862,4.2040713641558947E-4,3.2100303565942777E-4,3.5936621729818093E-4,5.476444616983971E-4,2.032790266902725E-5,1.9628758621863257E-4,2.4727879589545406E-4,1.5971245224107605E-4,0.0024717352108344086,2.9241443710807116E-4,1.8156690441855977E-4,0.0017735777403113633,0.0038748067249866564,2.8643975629947816E-4,7.192107223399658E-5,0.0014890022391997964,9.462855815122165E-4,3.705480591632095E-4,5.521361857275138E-4,2.099920162239156E-4,0.013270298212468775,2.4862732557256616E-4,3.1970603172190045E-4,0.00506143768563381,0.004196054295105171,3.118135506857458E-4,0.00499065862117149],[3.5392671678628567E-4,1.7198112380080753E-4,3.030907586198367E-4,1.0,7.917506075643816E-5,1.363062337432391E-4,0.0012229724380243582,1.736049445244328E-5,2.300355479699167E-4,0.001898049495002836,2.2403697029414876E-4,0.0422501952648163,0.012556108476093763,0.011401363723509614,5.833468175985743E-4,1.9582954813452706E-4,6.857004244323785E-5,6.776270334775975E-4,1.4297726907294442E-4,0.0079098206821215,7.947225475472724E-4,1.2390403907445945E-4,2.88316182088995E-4,2.100570250396245E-4,4.612386416103595E-5,1.3360121957678924E-4,1.2944896686372677E-4,1.322883755943245E-4,0.0019044038221634517,5.127032935650072E-5,1.4158880176178966E-4,0.0012202183048574513,0.0036038562257587874,2.7123013772784587E-5,7.972581732314505E-5,0.0014515499971047402,7.305734792552648E-4,0.002306900127442668,8.561320631203529E-4,1.685311852975004E-5,4.658066559585833E-4,1.6273371825274496E-4,1.2804662962908779E-4,0.01930922130658028,0.003211796243412673,1.4762863909881458E-4,0.011155843542286732],[0.0011040525520167298,0.0010532918980860346,2.893961663882727E-4,7.917506075643816E-5,1.0,1.710320249657014E-5,0.0013316176861335397,1.252127617337624E-5,2.082726711957359E-4,1.8238710304032977E-4,2.6579939512421546E-4,0.049127057273610594,0.013195869540693557,0.02358481803802742,0.0014356174338116794,1.5248547253642798E-4,1.4894403743623712E-5,3.145858531201303E-4,2.539207002248603E-5,0.01174514640387279,3.8141335240869515E-4,2.463212242488332E-5,4.497424990437427E-4,8.245262113172491E-5,1.4326427339093321E-5,1.019815857411969E-4,4.514399427638355E-5,2.45254177745007E-5,0.0029056371126902764,1.7747969350270823E-5,6.952968600313612E-5,0.004213669300841835,0.005902039838306858,1.2698155163252854E-5,2.0859541831943528E-5,6.184511283463983E-4,0.0015196766353492122,0.001096680745738247,2.900414389427266E-4,1.4199397054550763E-5,0.008027520236277137,2.0816393506717176E-4,2.8341676205264135E-5,0.016639661780415038,0.0014434566128369603,4.57629723114745E-5,0.0013872239937050192],[0.001071463663486214,0.0014333134551367452,2.884356575248896E-4,1.363062337432391E-4,1.710320249657014E-5,1.0,0.0023485468763544595,1.6635690509620598E-5,2.289038082886274E-4,0.0012594974411957386,2.3634400194070192E-4,0.025768310868529352,0.008940229086332225,0.027336973889903842,0.0014087461620651675,1.9345755308088633E-4,1.3961221622272004E-5,5.48920185808858E-4,6.857712634066897E-5,0.010402667935119837,8.45956049084177E-5,6.34405434752485E-5,4.048662733890166E-4,3.8375303065186047E-4,1.4937762074763889E-5,8.917435559991709E-5,7.622069318658514E-5,2.274790769980836E-5,0.002066864426386618,1.8801450221983347E-5,6.454583557877844E-5,0.004530918229936541,0.007007903278019828,1.4472632515907575E-5,2.4118055233948097E-5,0.001162488292255886,1.0580125351724063E-4,0.0016437547248526264,5.790900775968984E-4,1.7749874228456837E-5,0.0094511950768078,1.0182050111087285E-4,6.567217730175092E-5,0.0014593391695492427,0.004915042721339393,1.0541543053785423E-4,0.01657627657334163],[0.002356691372129821,0.00288347420160258,6.84985724858891E-4,0.0012229724380243582,0.0013316176861335397,0.0023485468763544595,1.0,1.2857653670442375E-4,0.001303533205508818,0.002739046939352712,0.0028798135549673236,0.004403155725286811,0.0038800309868818957,0.01042745818967528,0.002199662089418184,0.0016768733289264338,0.002846387293736423,0.001610158737958634,0.0011804501997698974,0.006227067575647085,0.0011132904055534455,0.002333598722180198,6.95202960817453E-4,0.001992364899961908,0.0034358303464561,0.0028128266764872616,3.0232770201159384E-4,0.0030642100880578383,0.0033214085119877184,0.002488583506178473,0.001138190509226021,0.0041590322560527086,0.008903709814380985,0.003054150514051812,0.0022350431368014676,0.0027453179774366227,0.0024630834502357654,0.0034281590115664328,0.0022763248625708807,0.0026650528675412136,0.012077441329096938,0.0014820969780237688,0.0010751751809078888,0.010195679012396026,0.003732374194458064,0.001517320524985175,0.01277152200370157],[1.7460210154296828E-4,0.002074503986512355,1.469419672073282E-4,1.736049445244328E-5,1.252127617337624E-5,1.6635690509620598E-5,1.2857653670442375E-4,1.0,2.801221695200273E-5,0.0012235486208063845,1.9758272265782005E-4,0.017254082865194205,0.005890814426600855,0.007521910285975883,8.240089851724596E-4,1.5506407241825477E-4,1.2224089749811612E-5,4.237154531395575E-4,1.3716406971068143E-4,0.00743302254055607,4.4070576657954453E-4,6.423422216210724E-5,3.8428437128014745E-4,7.709508256662288E-4,1.1549098082865991E-5,1.0083614592565086E-4,8.440080366401449E-5,1.0422139875651575E-4,0.0024566918070897167,1.943875298511309E-5,9.767366613280122E-5,5.063807902270348E-4,0.005801795657937375,1.0901180267305233E-5,2.4145801225785575E-5,6.62975673109392E-4,7.914264914445041E-4,4.45218869123101E-4,2.0555936021498717E-4,1.2125158358846152E-5,0.002012911155441404,9.930381527993771E-5,4.159826718992638E-5,0.011541765376923545,0.004847079823787115,2.102739634429543E-5,0.014268515700643155],[3.317279737736653E-4,0.002108547994719064,3.0235779085306696E-4,2.300355479699167E-4,2.082726711957359E-4,2.289038082886274E-4,0.001303533205508818,2.801221695200273E-5,1.0,0.0019941348945372926,2.6662767395850545E-4,0.03796322553536447,0.0020396200043545838,0.010472261149224024,0.0015795019321100871,2.2229934612128752E-4,4.8908993378332744E-5,0.001216906222785628,1.9327298821669844E-4,0.003315041474909688,7.140529796558763E-4,1.2817186137250317E-4,2.648451681124301E-4,3.435261081498432E-4,2.451457599817233E-4,1.841986276065088E-4,1.2577601236933594E-4,2.499388400157225E-4,8.325104111808206E-4,1.2274724106225185E-4,2.489783010278309E-4,0.0016958580751309377,0.012133090352138392,7.1977687287059E-5,9.100644334571191E-5,0.001035040078456415,7.961550143035429E-4,0.0028182525879907245,8.880562422831435E-4,1.9373541920492156E-4,0.016110043235589767,2.3336340427761287E-4,1.389758389989471E-4,0.01298965366877208,8.837838226016417E-4,2.386653148724586E-4,4.98583224006774E-4],[0.0013373968511196915,0.0026764906128138467,8.338273077101279E-4,0.001898049495002836,1.8238710304032977E-4,0.0012594974411957386,0.002739046939352712,0.0012235486208063845,0.0019941348945372926,1.0,8.922023674708315E-4,0.06881242962624141,0.005768507042131889,0.035779389788475,0.00177962607918621,0.0010558609097510467,7.274616690832868E-5,0.0020380382482022103,0.001191840138076103,0.011791595677677305,0.0017550166386172848,0.0017157005193372853,7.142313187553644E-4,0.001941811878365596,1.1481947770379885E-4,0.0013886213583530946,0.0010256264065311579,5.481327938451149E-4,0.00272397466938117,9.243075096594846E-4,0.001920841795076051,0.0033796444467165576,0.01640476155482805,0.0012800883492666245,3.4295308999108415E-4,0.001978556918886078,0.0022578097645500348,0.0027080578923553305,0.0017584919041536214,3.7159885605487364E-4,0.012028356914478587,0.0011539662791652725,0.0011995538413516246,0.018639601589049815,0.004415239209700987,6.782889283304268E-4,0.006459932478410233],[7.20540377919987E-4,6.281430296781649E-4,2.9521801661824165E-4,2.2403697029414876E-4,2.6579939512421546E-4,2.3634400194070192E-4,0.0028798135549673236,1.9758272265782005E-4,2.6662767395850545E-4,8.922023674708315E-4,1.0,0.029009588662892327,0.0070819835406027995,0.0017452061231557252,5.735467565856793E-4,2.040254820996067E-4,4.780302986800784E-5,9.511588277027951E-4,2.0230435187625962E-4,0.013867444199510215,8.620837258860399E-4,2.1896453938865618E-4,4.323926431611759E-4,7.43395120775336E-4,2.2126964778499281E-4,1.5475133962067862E-4,1.9685811043962297E-4,2.3713158530544204E-4,6.801670081484525E-4,1.1651229104641842E-4,2.4137143587310694E-4,0.003215330453406484,0.014010998699462571,2.6483381642667796E-4,2.3024159527116445E-4,9.928348532405875E-4,0.002324833378556536,0.001146575052430964,3.0758416707131486E-4,7.092174280219075E-5,0.013012914619798147,2.4105542348087686E-4,2.0629408969073914E-4,0.006209638917546139,0.001612009715815077,2.15600316675059E-4,0.012970740464894085],[0.04471181110505262,0.03315872865517781,0.010386696519394558,0.0422501952648163,0.049127057273610594,0.025768310868529352,0.004403155725286811,0.017254082865194205,0.03796322553536447,0.06881242962624141,0.029009588662892327,1.0,0.05555415821549399,0.06505216275098412,0.045115392589097275,0.047072539800362384,0.018106058264715955,0.057314890593351514,0.020765071621122257,0.02299477116892123,0.028125695295295135,0.014105112941144448,0.01932048105410732,0.04403323235713134,0.052915609481564305,0.0020976523976799495,0.019266459728772358,0.045583389698543676,0.05762255238240264,0.03515183394394689,0.03296652690166187,0.023942493498800548,0.06364466526875474,0.06681169231350222,0.019315347722228413,0.04557023695868547,0.03857926631714789,0.05871281676228018,0.03757625845335158,0.002788767790433399,0.03446688097236862,0.04264430892575099,0.009540515155157891,0.031064266016377386,0.06260514311529121,0.033272489730918564,0.025974274060108434],[0.0033268444187262284,0.0061425088685430635,0.008941178114333348,0.012556108476093763,0.013195869540693557,0.008940229086332225,0.0038800309868818957,0.005890814426600855,0.0020396200043545838,0.005768507042131889,0.0070819835406027995,0.05555415821549399,1.0,0.028696690528857725,0.004295794547635548,0.007632581870963306,0.0046794756998387145,0.006764682039058297,0.0023487034650264776,0.014084477916074315,0.012889690046028128,0.013321137159104745,5.159612079486931E-4,0.010235599335824802,0.00738182801298668,0.00714468772490297,0.0029717379895027557,0.01114858939763638,0.011414642373073486,0.001186085350982465,0.00722987037429174,0.010677385628172446,0.017517363291333396,0.006712531529151737,0.008481410706990369,0.004897492347676389,0.008251011959003005,0.0066501230159255464,0.0015716236980991764,0.004474613094237034,0.015846011114345873,0.010198611668534979,0.0038628921435820605,0.01460822240401077,0.010212605355162715,0.005428571733687768,0.01721242513824502],[0.012550466983119037,0.011037281694465976,0.012880285347477847,0.011401363723509614,0.02358481803802742,0.027336973889903842,0.01042745818967528,0.007521910285975883,0.010472261149224024,0.035779389788475,0.0017452061231557252,0.06505216275098412,0.028696690528857725,1.0,0.029071509977595618,0.012329262687228436,0.028126953353178222,0.006668463119975124,0.024943255792114493,0.01863285770508327,0.031340729057510265,0.02933353493826085,0.008650248964440563,0.02467780786582994,0.02071200437296168,0.0048687311168908055,0.002042930374682429,0.027728773236636466,0.005524685389169822,0.01331140989058064,0.03423902447768626,0.008223517232531057,0.025827258511863908,0.029757682258604694,0.0162228573408586,0.012644514299501013,0.017995177038660132,0.02199283082675833,0.033272450102413524,0.02787616480046798,0.018041684425116538,0.03566718190169457,0.02098199512070559,0.02360259490799472,0.029077553425555427,0.014936201250001656,0.0269389470714319],[0.0016668344874168329,0.0026120591386968404,3.825718049405354E-4,5.833468175985743E-4,0.0014356174338116794,0.0014087461620651675,0.002199662089418184,8.240089851724596E-4,0.0015795019321100871,0.00177962607918621,5.735467565856793E-4,0.045115392589097275,0.004295794547635548,0.029071509977595618,1.0,8.29670553876873E-4,0.001493699740819317,0.0016214061597953073,0.0015278980289690578,0.012886612825887595,0.0014693099312843628,0.0015949580081603368,9.75663129300177E-4,0.0012786335786050766,0.0014386352190484022,2.564239779820634E-4,2.89004826447545E-4,9.034963102472373E-4,0.002063969784161867,2.1742067526766954E-4,0.0010038341477191725,0.004680742740399779,0.015500774240112133,5.745947604014241E-5,0.0010432106891964,0.0017521298565954663,0.0020229712946406983,0.003188329550358719,0.0014881275067358424,0.0016768793873335832,0.005151982463844334,7.616808692998507E-4,9.590343484960239E-4,0.014346315133315232,0.0038322903884188617,0.001553587042089042,0.017777989559892415],[4.578029244271019E-4,6.054530632093033E-4,2.06488365198017E-4,1.9582954813452706E-4,1.5248547253642798E-4,1.9345755308088633E-4,0.0016768733289264338,1.5506407241825477E-4,2.2229934612128752E-4,0.0010558609097510467,2.040254820996067E-4,0.047072539800362384,0.007632581870963306,0.012329262687228436,8.29670553876873E-4,1.0,1.9236523232915811E-4,0.001371426566493989,1.8296225600680056E-4,0.009890935794524542,0.0010696708848830945,1.4702785483535464E-4,3.612135796324723E-4,8.570031443599876E-4,1.7779354375925446E-4,1.6587240380584698E-4,1.686546263096829E-4,1.3753394584081923E-4,0.0027783807611954955,1.1697062417551535E-4,1.6045266568870723E-4,0.004280337813391903,0.014287875872711565,1.7236036312566822E-4,1.916420515875495E-4,8.531236122288826E-4,0.002215598905431837,3.50853346797944E-4,0.0011036503905919495,5.9476875024886205E-5,0.016406857157238247,2.157773286834053E-4,1.4636131277615997E-4,0.0026812130518980397,6.8710325200939E-4,2.0090269626131337E-4,0.020761890888760137],[6.462779300454289E-4,0.0011901122309317352,1.4835288648522068E-4,6.857004244323785E-5,1.4894403743623712E-5,1.3961221622272004E-5,0.002846387293736423,1.2224089749811612E-5,4.8908993378332744E-5,7.274616690832868E-5,4.780302986800784E-5,0.018106058264715955,0.0046794756998387145,0.028126953353178222,0.001493699740819317,1.9236523232915811E-4,1.0,4.95429587709784E-4,1.88330291033665E-5,0.004988937896366001,5.465782612891843E-4,5.889059821533117E-5,3.219167132387033E-4,2.3013536572789495E-4,1.2902075035306091E-5,9.053815494023011E-5,6.496074494764016E-5,3.6385887863158955E-5,0.002614337325439625,1.6930417487194445E-5,7.715018975018868E-5,0.004331925459963754,0.01252415011042465,1.3058839484788238E-5,1.5428393921069682E-5,9.996066537469133E-4,0.0010603708939865813,0.0014599821402489681,5.803031505922783E-4,1.3385501116025584E-5,0.016318750376639816,7.974288431833599E-5,3.624327758916691E-5,0.003953272577317428,0.0017502447955572516,1.3803532423403266E-4,0.022570326129233573],[0.001240863074991308,0.002831501894120866,0.001103999144293655,6.776270334775975E-4,3.145858531201303E-4,5.48920185808858E-4,0.001610158737958634,4.237154531395575E-4,0.001216906222785628,0.0020380382482022103,9.511588277027951E-4,0.057314890593351514,0.006764682039058297,0.006668463119975124,0.0016214061597953073,0.001371426566493989,4.95429587709784E-4,1.0,0.0012534661181270402,0.01316110263219879,0.0013079923482714087,7.340237455941612E-4,5.150305765617263E-4,0.0011382061302426087,1.602044977789105E-4,0.0010892164086433198,0.0012600799300815754,5.130371524906421E-4,0.0019132453013870412,6.611343275389331E-4,3.388645719705484E-4,0.0014291153024202678,0.0016926408563685874,1.6152012509015794E-4,7.669790350748901E-4,0.001757876692828254,0.001754704625504245,0.0031536975314575147,0.0012788091945776928,1.4406715155095026E-4,0.016225033894935372,0.001310287669508327,8.324968711617694E-4,0.005786814299495363,0.0038883041700971954,7.191678473635454E-4,0.02411266291438455],[2.0844512362902328E-4,0.0012629767515428064,1.8379600999099164E-4,1.4297726907294442E-4,2.539207002248603E-5,6.857712634066897E-5,0.0011804501997698974,1.3716406971068143E-4,1.9327298821669844E-4,0.001191840138076103,2.0230435187625962E-4,0.020765071621122257,0.0023487034650264776,0.024943255792114493,0.0015278980289690578,1.8296225600680056E-4,1.88330291033665E-5,0.0012534661181270402,1.0,0.010413156521444132,2.7040383827326835E-4,1.3933686025831944E-4,1.9838074209497988E-4,4.7585643612174964E-4,1.2193033839326228E-4,1.4318768194532128E-4,1.3391278218112613E-4,1.390979343173611E-4,3.6841022908729254E-4,5.223534044142803E-5,1.4600298709526027E-4,0.003998106565570037,0.011745650151954645,1.3540603133770914E-4,3.9835786574206756E-5,8.889295439808524E-4,0.0015116345837135235,0.002100956177140617,6.518426425987881E-4,9.319276847402224E-5,0.010851730110773138,1.6577855289583133E-4,1.2610917020805946E-4,0.007628784154707867,2.256658215309746E-4,1.8646733194229071E-4,0.02052280120498979],[0.0040700663868064625,0.00802273267403624,0.007106942555239862,0.0079098206821215,0.01174514640387279,0.010402667935119837,0.006227067575647085,0.00743302254055607,0.003315041474909688,0.011791595677677305,0.013867444199510215,0.02299477116892123,0.014084477916074315,0.01863285770508327,0.012886612825887595,0.009890935794524542,0.004988937896366001,0.01316110263219879,0.010413156521444132,1.0,0.004531252722081455,0.012790146676748063,0.006528166517425821,0.00365507926359297,0.004016638263243364,0.012098460890739801,0.0034876739197332862,0.009373474635054115,0.013091621580552533,0.01016232913825862,0.001934890259481995,0.009772498759935244,0.0171986467732174,0.006736462673186821,0.0067547064373408945,0.013249313795757767,0.013452236429212568,0.013568147722767184,0.0013115753472431753,0.007752098099183145,0.015620368694142392,0.01381342049920668,0.012284337003255437,0.016416448370908887,0.013196255126110609,0.008175395883725326,0.020451378922257908],[0.0011112148056358644,0.0011503182126471237,4.2040713641558947E-4,7.947225475472724E-4,3.8141335240869515E-4,8.45956049084177E-5,0.0011132904055534455,4.4070576657954453E-4,7.140529796558763E-4,0.0017550166386172848,8.620837258860399E-4,0.028125695295295135,0.012889690046028128,0.031340729057510265,0.0014693099312843628,0.0010696708848830945,5.465782612891843E-4,0.0013079923482714087,2.7040383827326835E-4,0.004531252722081455,1.0,1.3355293219249838E-4,7.172828218210999E-4,0.0011243186406232832,6.694913772945679E-4,8.284074570923768E-4,5.705463519068453E-4,4.1312485508126297E-4,0.001250017621939292,1.7631877110666476E-4,5.528155944718604E-4,0.0019337706077586043,0.017471931666999226,3.203738180988536E-4,2.045312946118448E-4,0.0016836924645363624,0.0021775555408039314,0.0017264395969599628,0.00115198134711007,5.67702807138254E-4,0.0027438732968062826,5.93704142401367E-4,6.655029739834293E-4,0.01794154549791208,0.00430231701357795,6.844858013531573E-4,0.015218071402557067],[0.001113603251342222,0.0020048231225184543,3.2100303565942777E-4,1.2390403907445945E-4,2.463212242488332E-5,6.34405434752485E-5,0.002333598722180198,6.423422216210724E-5,1.2817186137250317E-4,0.0017157005193372853,2.1896453938865618E-4,0.014105112941144448,0.013321137159104745,0.02933353493826085,0.0015949580081603368,1.4702785483535464E-4,5.889059821533117E-5,7.340237455941612E-4,1.3933686025831944E-4,0.012790146676748063,1.3355293219249838E-4,1.0,3.165428146679409E-4,9.996256636035142E-4,3.3655943187591684E-5,1.1670355570799355E-4,1.191934481901656E-4,1.15657931905808E-4,2.5464711535088216E-4,1.1301663415754534E-4,1.3363995488777946E-4,0.004256008028309307,0.005555516790934024,3.709861562918943E-5,7.582482121876681E-5,2.0534844040526114E-4,1.1602436297174321E-4,0.0011365020741743088,3.275281321356201E-4,2.299941285781271E-5,0.010641110573599042,1.2003063711696932E-4,1.1156051031854057E-4,0.013518555182682239,0.0013795649927678488,1.6944793575648503E-4,0.009459670381622813],[5.589652290834784E-4,7.009149056687478E-4,3.5936621729818093E-4,2.88316182088995E-4,4.497424990437427E-4,4.048662733890166E-4,6.95202960817453E-4,3.8428437128014745E-4,2.648451681124301E-4,7.142313187553644E-4,4.323926431611759E-4,0.01932048105410732,5.159612079486931E-4,0.008650248964440563,9.75663129300177E-4,3.612135796324723E-4,3.219167132387033E-4,5.150305765617263E-4,1.9838074209497988E-4,0.006528166517425821,7.172828218210999E-4,3.165428146679409E-4,1.0,9.551886509186996E-4,2.6874374759645685E-4,4.072699894559284E-4,4.4977267528730576E-4,4.225608728122312E-4,0.00225909751751478,3.921887452713283E-4,2.974507483030192E-4,0.002908976198515021,0.005696096720019232,2.86475971734158E-4,3.1100834516759724E-4,8.7765366719726E-4,0.001958763768912404,0.0017492204729642586,8.781516578151537E-4,4.510823555763765E-4,0.006834460941130278,2.3403258698140094E-4,3.3669880806733973E-4,0.017268521317286165,0.001798867474310841,4.435452683722969E-4,0.007781266451808193],[0.0011239271185137672,0.0016315619289493568,5.476444616983971E-4,2.100570250396245E-4,8.245262113172491E-5,3.8375303065186047E-4,0.001992364899961908,7.709508256662288E-4,3.435261081498432E-4,0.001941811878365596,7.43395120775336E-4,0.04403323235713134,0.010235599335824802,0.02467780786582994,0.0012786335786050766,8.570031443599876E-4,2.3013536572789495E-4,0.0011382061302426087,4.7585643612174964E-4,0.00365507926359297,0.0011243186406232832,9.996256636035142E-4,9.551886509186996E-4,1.0,9.815617963479504E-4,0.0010997099924426176,6.929298402140262E-4,9.657096964358944E-4,0.002905533256671791,1.9095835200894293E-4,2.8306706816879376E-4,0.0047675014900180395,0.009011931575231833,4.1284237498173486E-4,1.0784573083347778E-4,0.001490284603922952,0.0015248017295654644,0.0021146228252752254,0.001188769452720919,3.549757257252345E-4,0.004635708292606039,3.201505114689545E-4,0.0011285768478060739,0.018651014278145802,0.004032632400364888,9.51322904143531E-4,0.011467093526689396],[3.4309421260119864E-4,0.0015996581762146539,2.032790266902725E-5,4.612386416103595E-5,1.4326427339093321E-5,1.4937762074763889E-5,0.0034358303464561,1.1549098082865991E-5,2.451457599817233E-4,1.1481947770379885E-4,2.2126964778499281E-4,0.052915609481564305,0.00738182801298668,0.02071200437296168,0.0014386352190484022,1.7779354375925446E-4,1.2902075035306091E-5,1.602044977789105E-4,1.2193033839326228E-4,0.004016638263243364,6.694913772945679E-4,3.3655943187591684E-5,2.6874374759645685E-4,9.815617963479504E-4,1.0,1.3081922737795888E-5,5.66356583015094E-5,8.260701656805451E-5,0.0030094886204231892,1.712155549757916E-5,3.390247092058306E-5,0.0036484648338810017,0.015361286346189107,1.1998134341063946E-5,1.8065489464081734E-5,4.728155832962194E-4,0.0015934447700750717,0.002005116544950652,3.983995646392251E-4,1.2805299631505768E-5,0.009510481002935875,6.640177259419556E-5,8.477223862956242E-5,0.0022092749178526526,0.0021322691788187454,5.5476080475016064E-5,0.006155219430990211],[7.845680277475059E-4,0.0026097389196795807,1.9628758621863257E-4,1.3360121957678924E-4,1.019815857411969E-4,8.917435559991709E-5,0.0028128266764872616,1.0083614592565086E-4,1.841986276065088E-4,0.0013886213583530946,1.5475133962067862E-4,0.0020976523976799495,0.00714468772490297,0.0048687311168908055,2.564239779820634E-4,1.6587240380584698E-4,9.053815494023011E-5,0.0010892164086433198,1.4318768194532128E-4,0.012098460890739801,8.284074570923768E-4,1.1670355570799355E-4,4.072699894559284E-4,0.0010997099924426176,1.3081922737795888E-5,1.0,1.1989087504946464E-4,1.1063953561349206E-4,8.581590806916618E-4,8.265628862095246E-5,1.2894320612185533E-4,0.0030591915165218498,0.014043125455181119,8.212990398103327E-5,7.115991742311618E-5,6.957017520545131E-4,0.0023087771677495427,0.0018312555296288364,5.754755404299367E-4,3.7028992381336326E-5,0.009318401919019219,1.6820608691497452E-4,1.126945713846129E-4,0.011447196671834928,3.734505456971238E-4,1.2047421477712133E-4,0.020290432457787423],[8.290426630906243E-4,7.743520755360072E-4,2.4727879589545406E-4,1.2944896686372677E-4,4.514399427638355E-5,7.622069318658514E-5,3.0232770201159384E-4,8.440080366401449E-5,1.2577601236933594E-4,0.0010256264065311579,1.9685811043962297E-4,0.019266459728772358,0.0029717379895027557,0.002042930374682429,2.89004826447545E-4,1.686546263096829E-4,6.496074494764016E-5,0.0012600799300815754,1.3391278218112613E-4,0.0034876739197332862,5.705463519068453E-4,1.191934481901656E-4,4.4977267528730576E-4,6.929298402140262E-4,5.66356583015094E-5,1.1989087504946464E-4,1.0,1.2090599941428783E-4,0.0021534413042753916,8.97985364918869E-5,1.4506140363041188E-4,0.004780502016973657,0.011606871575679927,1.1362908436175922E-4,1.1678688941448854E-4,0.001264739688412013,0.0017672521142124429,5.11705152151963E-4,7.195193671513809E-4,4.724549905473463E-5,0.0016557450531380568,1.5442717545830013E-4,1.0582970584963505E-4,0.0036598675869113804,0.004413653640672739,1.4762830187694485E-4,4.38535836678966E-4],[3.109902388879841E-4,1.148952201433835E-4,1.5971245224107605E-4,1.322883755943245E-4,2.45254177745007E-5,2.274790769980836E-5,0.0030642100880578383,1.0422139875651575E-4,2.499388400157225E-4,5.481327938451149E-4,2.3713158530544204E-4,0.045583389698543676,0.01114858939763638,0.027728773236636466,9.034963102472373E-4,1.3753394584081923E-4,3.6385887863158955E-5,5.130371524906421E-4,1.390979343173611E-4,0.009373474635054115,4.1312485508126297E-4,1.15657931905808E-4,4.225608728122312E-4,9.657096964358944E-4,8.260701656805451E-5,1.1063953561349206E-4,1.2090599941428783E-4,1.0,9.325022864172319E-4,3.63865448455629E-5,1.1236524830195983E-4,0.0015313548506006543,0.006368612679943947,3.819660441462328E-5,1.0575032974453815E-4,0.0016401355397848382,0.0019360900530330995,0.0018699303102229462,4.614502067624307E-4,7.217305432974765E-5,0.006184512240301019,1.9870807730139748E-4,1.049493757632724E-4,0.014011288297710067,0.001974936931982239,1.7194763780550257E-4,0.0018785402211245164],[0.0019273125445534284,0.003086096833697017,0.0024717352108344086,0.0019044038221634517,0.0029056371126902764,0.002066864426386618,0.0033214085119877184,0.0024566918070897167,8.325104111808206E-4,0.00272397466938117,6.801670081484525E-4,0.05762255238240264,0.011414642373073486,0.005524685389169822,0.002063969784161867,0.0027783807611954955,0.002614337325439625,0.0019132453013870412,3.6841022908729254E-4,0.013091621580552533,0.001250017621939292,2.5464711535088216E-4,0.00225909751751478,0.002905533256671791,0.0030094886204231892,8.581590806916618E-4,0.0021534413042753916,9.325022864172319E-4,1.0,0.0014821408326876901,0.0019814326855922045,0.0047117082881277805,0.01085084201768773,0.001554634332053255,0.0019408309674717838,0.002357205500294247,0.002358917652537403,0.0033118267663435133,0.0012439343040445108,3.870635190719605E-4,0.004461934971182766,0.001053963632556931,7.805534376941123E-4,0.013450070283051438,0.005192177348561413,0.0029815967041282266,0.0072896607453013015],[4.894023980157995E-4,0.0017305879885751753,2.9241443710807116E-4,5.127032935650072E-5,1.7747969350270823E-5,1.8801450221983347E-5,0.002488583506178473,1.943875298511309E-5,1.2274724106225185E-4,9.243075096594846E-4,1.1651229104641842E-4,0.03515183394394689,0.001186085350982465,0.01331140989058064,2.1742067526766954E-4,1.1697062417551535E-4,1.6930417487194445E-5,6.611343275389331E-4,5.223534044142803E-5,0.01016232913825862,1.7631877110666476E-4,1.1301663415754534E-4,3.921887452713283E-4,1.9095835200894293E-4,1.712155549757916E-5,8.265628862095246E-5,8.97985364918869E-5,3.63865448455629E-5,0.0014821408326876901,1.0,1.2579144797083338E-4,0.002253750175843488,0.016999339006501087,1.7901222226494243E-5,2.2679171963799843E-5,9.617284213065669E-5,0.0014800917558177558,5.2931370381342856E-5,5.444627389765343E-4,1.720355924510986E-5,0.001978518157393195,1.3857290831686075E-4,3.364908189172733E-5,0.004906437527491805,0.004203670463560772,1.8329560723029156E-4,0.022358418611289763],[0.0010066122150131143,0.002753289216928653,1.8156690441855977E-4,1.4158880176178966E-4,6.952968600313612E-5,6.454583557877844E-5,0.001138190509226021,9.767366613280122E-5,2.489783010278309E-4,0.001920841795076051,2.4137143587310694E-4,0.03296652690166187,0.00722987037429174,0.03423902447768626,0.0010038341477191725,1.6045266568870723E-4,7.715018975018868E-5,3.388645719705484E-4,1.4600298709526027E-4,0.001934890259481995,5.528155944718604E-4,1.3363995488777946E-4,2.974507483030192E-4,2.8306706816879376E-4,3.390247092058306E-5,1.2894320612185533E-4,1.4506140363041188E-4,1.1236524830195983E-4,0.0019814326855922045,1.2579144797083338E-4,1.0,0.0018173643067997728,0.009433935864919368,3.53536044339176E-5,5.1795067096699244E-5,8.39699316157752E-4,4.157134095099047E-4,0.0021821979411065532,3.098766175122479E-4,2.9176229922879513E-5,0.006114333975018347,1.8232258756087363E-4,1.330272916575463E-4,0.0018534022583752967,0.004146978711444208,1.7327132603661723E-4,0.0010704103957065237],[0.0033641521675504354,0.004302025109141712,0.0017735777403113633,0.0012202183048574513,0.004213669300841835,0.004530918229936541,0.0041590322560527086,5.063807902270348E-4,0.0016958580751309377,0.0033796444467165576,0.003215330453406484,0.023942493498800548,0.010677385628172446,0.008223517232531057,0.004680742740399779,0.004280337813391903,0.004331925459963754,0.0014291153024202678,0.003998106565570037,0.009772498759935244,0.0019337706077586043,0.004256008028309307,0.002908976198515021,0.0047675014900180395,0.0036484648338810017,0.0030591915165218498,0.004780502016973657,0.0015313548506006543,0.0047117082881277805,0.002253750175843488,0.0018173643067997728,1.0,0.015573018543141463,0.0016546649471873322,3.36687145936673E-4,0.0037081056839422958,0.0043899258775609495,0.004023043439093405,0.001971098050766739,0.002617287676957693,0.013831900978206899,0.0032273990799501664,0.0014846636643112748,0.005843085805112428,0.004882007261748562,0.0029870581926738486,0.02313956635374305],[0.014057963482848853,0.00406323538312729,0.0038748067249866564,0.0036038562257587874,0.005902039838306858,0.007007903278019828,0.008903709814380985,0.005801795657937375,0.012133090352138392,0.01640476155482805,0.014010998699462571,0.06364466526875474,0.017517363291333396,0.025827258511863908,0.015500774240112133,0.014287875872711565,0.01252415011042465,0.0016926408563685874,0.011745650151954645,0.0171986467732174,0.017471931666999226,0.005555516790934024,0.005696096720019232,0.009011931575231833,0.015361286346189107,0.014043125455181119,0.011606871575679927,0.006368612679943947,0.01085084201768773,0.016999339006501087,0.009433935864919368,0.015573018543141463,1.0,0.011474866519751555,0.007094549517004539,0.008737623829876986,0.010896996910617133,0.010811227763680044,0.0035191586491867205,0.006433407238872144,0.017407813059586205,0.013823362031414684,0.013844527540957356,0.020141944093625453,0.010365712735897634,0.013455719180301735,0.022972226593456435],[3.5969311976335045E-4,0.0018100044840143352,2.8643975629947816E-4,2.7123013772784587E-5,1.2698155163252854E-5,1.4472632515907575E-5,0.003054150514051812,1.0901180267305233E-5,7.1977687287059E-5,0.0012800883492666245,2.6483381642667796E-4,0.06681169231350222,0.006712531529151737,0.029757682258604694,5.745947604014241E-5,1.7236036312566822E-4,1.3058839484788238E-5,1.6152012509015794E-4,1.3540603133770914E-4,0.006736462673186821,3.203738180988536E-4,3.709861562918943E-5,2.86475971734158E-4,4.1284237498173486E-4,1.1998134341063946E-5,8.212990398103327E-5,1.1362908436175922E-4,3.819660441462328E-5,0.001554634332053255,1.7901222226494243E-5,3.53536044339176E-5,0.0016546649471873322,0.011474866519751555,1.0,1.429257306263229E-5,9.353118676948772E-4,2.1341430524437414E-4,0.0017875638985997764,2.2698488019472652E-4,1.1823915926568844E-5,0.00567692048168288,8.404095351961656E-5,4.021815017522784E-5,0.008926728634394393,0.0047107587946995134,4.728683462090045E-5,0.011724180250918608],[4.6397914060219026E-4,7.552049697588534E-4,7.192107223399658E-5,7.972581732314505E-5,2.0859541831943528E-5,2.4118055233948097E-5,0.0022350431368014676,2.4145801225785575E-5,9.100644334571191E-5,3.4295308999108415E-4,2.3024159527116445E-4,0.019315347722228413,0.008481410706990369,0.0162228573408586,0.0010432106891964,1.916420515875495E-4,1.5428393921069682E-5,7.669790350748901E-4,3.9835786574206756E-5,0.0067547064373408945,2.045312946118448E-4,7.582482121876681E-5,3.1100834516759724E-4,1.0784573083347778E-4,1.8065489464081734E-5,7.115991742311618E-5,1.1678688941448854E-4,1.0575032974453815E-4,0.0019408309674717838,2.2679171963799843E-5,5.1795067096699244E-5,3.36687145936673E-4,0.007094549517004539,1.429257306263229E-5,1.0,7.209801354936422E-4,6.111991065243556E-4,4.560432538315064E-4,0.0010443146825242604,1.9966272925773464E-5,0.009195527648758618,1.937018722493599E-4,9.119610412689825E-5,0.015482480310378074,0.002484520388556697,1.996793892151274E-4,0.020376903146624794],[0.0016732494768510783,0.002085310815110387,0.0014890022391997964,0.0014515499971047402,6.184511283463983E-4,0.001162488292255886,0.0027453179774366227,6.62975673109392E-4,0.001035040078456415,0.001978556918886078,9.928348532405875E-4,0.04557023695868547,0.004897492347676389,0.012644514299501013,0.0017521298565954663,8.531236122288826E-4,9.996066537469133E-4,0.001757876692828254,8.889295439808524E-4,0.013249313795757767,0.0016836924645363624,2.0534844040526114E-4,8.7765366719726E-4,0.001490284603922952,4.728155832962194E-4,6.957017520545131E-4,0.001264739688412013,0.0016401355397848382,0.002357205500294247,9.617284213065669E-5,8.39699316157752E-4,0.0037081056839422958,0.008737623829876986,9.353118676948772E-4,7.209801354936422E-4,1.0,0.0020079701331240313,0.002491285901339206,0.0013989948466203758,8.43429885808415E-5,0.0022050038111448523,6.888683852382148E-4,1.9401988375264916E-4,0.012744662258251778,0.0017940877098623902,8.961332912276487E-4,0.016311840748607156],[0.0022475547696608313,0.0027176431690047694,9.462855815122165E-4,7.305734792552648E-4,0.0015196766353492122,1.0580125351724063E-4,0.0024630834502357654,7.914264914445041E-4,7.961550143035429E-4,0.0022578097645500348,0.002324833378556536,0.03857926631714789,0.008251011959003005,0.017995177038660132,0.0020229712946406983,0.002215598905431837,0.0010603708939865813,0.001754704625504245,0.0015116345837135235,0.013452236429212568,0.0021775555408039314,1.1602436297174321E-4,0.001958763768912404,0.0015248017295654644,0.0015934447700750717,0.0023087771677495427,0.0017672521142124429,0.0019360900530330995,0.002358917652537403,0.0014800917558177558,4.157134095099047E-4,0.0043899258775609495,0.010896996910617133,2.1341430524437414E-4,6.111991065243556E-4,0.0020079701331240313,1.0,0.0026176682273100537,0.0017853179435841928,5.498065474828551E-4,0.013035053963744547,5.306527099161163E-4,7.355577577991682E-4,0.008993364390488003,0.002417666166268492,0.0012672503597446832,0.00908333083190822],[0.0024588369571155186,0.003201199631135036,3.705480591632095E-4,0.002306900127442668,0.001096680745738247,0.0016437547248526264,0.0034281590115664328,4.45218869123101E-4,0.0028182525879907245,0.0027080578923553305,0.001146575052430964,0.05871281676228018,0.0066501230159255464,0.02199283082675833,0.003188329550358719,3.50853346797944E-4,0.0014599821402489681,0.0031536975314575147,0.002100956177140617,0.013568147722767184,0.0017264395969599628,0.0011365020741743088,0.0017492204729642586,0.0021146228252752254,0.002005116544950652,0.0018312555296288364,5.11705152151963E-4,0.0018699303102229462,0.0033118267663435133,5.2931370381342856E-5,0.0021821979411065532,0.004023043439093405,0.010811227763680044,0.0017875638985997764,4.560432538315064E-4,0.002491285901339206,0.0026176682273100537,1.0,0.0012917252197906647,6.332314921741154E-4,0.008500934843303545,0.001041444857625201,0.0020420128644981573,0.012810058142300263,0.004839023363568203,0.0017603025135480173,0.01689160650140014],[0.0011712938657655481,0.0014903956694282431,5.521361857275138E-4,8.561320631203529E-4,2.900414389427266E-4,5.790900775968984E-4,0.0022763248625708807,2.0555936021498717E-4,8.880562422831435E-4,0.0017584919041536214,3.0758416707131486E-4,0.03757625845335158,0.0015716236980991764,0.033272450102413524,0.0014881275067358424,0.0011036503905919495,5.803031505922783E-4,0.0012788091945776928,6.518426425987881E-4,0.0013115753472431753,0.00115198134711007,3.275281321356201E-4,8.781516578151537E-4,0.001188769452720919,3.983995646392251E-4,5.754755404299367E-4,7.195193671513809E-4,4.614502067624307E-4,0.0012439343040445108,5.444627389765343E-4,3.098766175122479E-4,0.001971098050766739,0.0035191586491867205,2.2698488019472652E-4,0.0010443146825242604,0.0013989948466203758,0.0017853179435841928,0.0012917252197906647,1.0,6.149644111526308E-4,0.0013979472887731728,0.0010587160338739543,1.3099018393174575E-4,0.006221521116634494,0.0034153890057310216,8.276043976993522E-4,0.005375821546195378],[0.0010581936448736827,0.002280004767493945,2.099920162239156E-4,1.685311852975004E-5,1.4199397054550763E-5,1.7749874228456837E-5,0.0026650528675412136,1.2125158358846152E-5,1.9373541920492156E-4,3.7159885605487364E-4,7.092174280219075E-5,0.002788767790433399,0.004474613094237034,0.02787616480046798,0.0016768793873335832,5.9476875024886205E-5,1.3385501116025584E-5,1.4406715155095026E-4,9.319276847402224E-5,0.007752098099183145,5.67702807138254E-4,2.299941285781271E-5,4.510823555763765E-4,3.549757257252345E-4,1.2805299631505768E-5,3.7028992381336326E-5,4.724549905473463E-5,7.217305432974765E-5,3.870635190719605E-4,1.720355924510986E-5,2.9176229922879513E-5,0.002617287676957693,0.006433407238872144,1.1823915926568844E-5,1.9966272925773464E-5,8.43429885808415E-5,5.498065474828551E-4,6.332314921741154E-4,6.149644111526308E-4,1.0,0.010821940081001723,1.5329631334295868E-4,4.623113822325589E-5,0.018538388068851223,0.0037420344339854712,1.760253822736307E-4,0.006666757339511886],[0.00563691983302202,0.016981924878901912,0.013270298212468775,4.658066559585833E-4,0.008027520236277137,0.0094511950768078,0.012077441329096938,0.002012911155441404,0.016110043235589767,0.012028356914478587,0.013012914619798147,0.03446688097236862,0.015846011114345873,0.018041684425116538,0.005151982463844334,0.016406857157238247,0.016318750376639816,0.016225033894935372,0.010851730110773138,0.015620368694142392,0.0027438732968062826,0.010641110573599042,0.006834460941130278,0.004635708292606039,0.009510481002935875,0.009318401919019219,0.0016557450531380568,0.006184512240301019,0.004461934971182766,0.001978518157