[[1.0,0.01426709732052859,0.010659853304173555,1.2973402042575737E-5,0.006747918734694954,0.0021274720216064827,0.014264991810886831,2.971900205794598E-5,3.329738227138917E-5,1.1323672783590105E-5,6.087761547590085E-5,9.744568853908719E-4,2.0603960300116396E-5,0.0016745824649237843,0.0017814966027434305,0.011746006953919733,2.35509744277857E-5,9.882962858603827E-4,2.2213198071533764E-4,1.4260587323528427E-5,0.0032066266517254264,6.732426678305372E-4,0.0021979545723430052,0.0020752291019318836,3.520038171164133E-5,0.05767635588452321,0.010195222453461817,0.0011917182096145944,9.603761646540061E-4,4.4722549235815665E-5,0.009854178018938115,2.061645463320186E-5,0.0012030310902499768,0.002710633412027625,9.178410622168003E-5,0.002189469483453245,1.4873460718187098E-5,0.0016963221934311384,1.630437821257628E-5,1.1618187363560535E-5,8.277031210848414E-4,0.0017263857914280572,1.9805775643896284E-5,1.4631390335275923E-4,0.016191916453075324,2.017435065647058E-4,0.009308723662569367,0.0013525050829264478,0.002442254936206375,1.1463457261178163E-5,6.351869335229825E-4,3.528480451148776E-4,0.0012034043620958478,1.859236927074238E-5],[0.01426709732052859,1.0,0.033440953803116576,0.009373286410293327,0.01648191865410211,0.01513631673672798,0.07012825594168476,0.012179940777745086,0.02099217267978639,0.007459661765951204,0.00622944501816942,0.023313682236987134,0.028696034900782517,0.02365760084925895,0.033722149360682116,0.03403694653144712,0.031104343728074652,0.033861526699865536,0.02795146641042516,0.03147937840497073,0.022265532575892283,0.03412452090185267,0.018496393159188967,0.02537696647417305,0.012008324198614768,0.05723398970715589,0.015362198826602183,0.020465886889122674,0.02974448619477392,0.0252478027510311,0.03499698587526453,0.039729934591620296,0.02137077690402859,0.013594296562539267,0.03195804040298487,0.024090072184039194,0.016923748659078374,0.017707672740279068,0.013564712139160433,0.016082255231766443,0.019342213439105062,0.019980498250603503,0.02717376968754271,0.018969533159668605,0.043501898731495084,0.002622804280404489,0.03139743414021271,0.0058413918987982195,0.026085612778240785,0.0271187383307451,0.014831865595977402,0.03290325005664838,0.006891862914156796,0.031077126757019447],[0.010659853304173555,0.033440953803116576,1.0,0.001212995848232936,0.020347770252375913,0.013944084075397212,0.028181497750671906,0.01934225560447633,0.00906028889920701,0.01399403797806324,0.006379273328282555,0.0152732107389709,0.019812861584143474,0.015231008992566108,0.025557869221137938,0.0170855764519329,2.4243778597151893E-4,0.017588980823351297,0.010561363486241426,0.0020026552860190846,0.011131031517904627,0.01453303314855131,0.011287258444831506,0.01176916470904444,0.007535882892306192,0.03857579378041788,0.011921048576191954,0.017433395690845874,0.02109640000178154,0.006406354107614408,0.017220190477224024,0.010390125316703774,0.0048229856448982365,0.004768616901744883,0.02042495481481436,0.008228372306358901,0.008470561228244801,0.01229904816284474,0.00780866100353519,0.0027688137760550216,0.009163513378702592,0.01772849009487322,0.005498069291938309,0.01610522513108602,0.03976875633580979,0.016486379051453174,0.016957869228884745,0.009155520249187877,0.017027367417683185,5.986747146495456E-4,0.01611436719094811,0.014871354234904929,0.013783102673431663,0.01746297802585804],[1.2973402042575737E-5,0.009373286410293327,0.001212995848232936,1.0,0.00606548426166931,8.419094670944516E-4,0.013046137927490556,1.2316977247096378E-4,2.4353053864554765E-4,1.4729146741659494E-5,3.054495552895923E-5,5.448131566054368E-5,1.66257156621047E-5,0.0010137551836852416,0.02772298316824322,0.009404496506075031,2.920766912017974E-5,9.80778781668791E-4,1.857365579178652E-4,1.5143364707945566E-5,0.005209034033188044,2.3981575408353655E-4,0.0023376301259583005,6.090969333058028E-5,1.5102261987690128E-4,0.020117260874143627,0.004157986878837905,0.0010372428080442835,0.008878173088724572,1.9057692757595216E-4,0.008695760870495358,1.7914606920321974E-5,9.099789948109678E-4,0.0036716053835091538,4.267957591610687E-5,0.0024976705615486214,1.9704339667621178E-5,0.0017780772337952816,1.5694684708255778E-5,1.3644966412545509E-5,9.245829081168803E-4,5.040109193790067E-4,1.5637354661929947E-5,2.7940729257217453E-5,0.02113999818019383,1.0876630706787374E-4,6.750478344983721E-4,1.8246236884429272E-4,0.009789367073411992,1.4044028116585813E-5,6.581054572022959E-4,2.0467046622065128E-4,0.002115961891182634,2.0582226906904897E-5],[0.006747918734694954,0.01648191865410211,0.020347770252375913,0.00606548426166931,1.0,0.007743072141279792,0.03427143259243824,8.79364034716813E-4,0.003439971675865409,0.0016974986363783955,0.005747134704736856,0.002099442581894101,0.0019762191731418463,0.006397425085102875,0.02318088420239556,0.015101270397681249,0.008478555662677295,0.006703485124727967,0.0063602884670155195,0.001774517764237456,0.008182381176215189,0.0018629081128506493,0.007839190758114924,0.0025376461149165196,0.00589421590357916,0.05637363038945839,0.008945575102992853,0.007709338004956054,0.010818499987240883,5.142003944387178E-4,0.009843695310935034,0.00769074743117449,0.0036351314795014817,0.0061085296436286275,0.005926646423389305,0.006379842616114085,0.00626557447627187,0.008026748730686512,0.004138441435464178,0.00815835620038648,0.00492700834003696,0.007892935651999656,0.006122374730982307,0.00729249733171433,0.01939167508533294,0.00814862204805502,0.012442835312369895,0.0021058982160921413,0.009911342908914905,0.0026319282734891354,0.005604255936438587,0.006589072256665912,0.007639797220574439,0.00812118505939719],[0.0021274720216064827,0.01513631673672798,0.013944084075397212,8.419094670944516E-4,0.007743072141279792,1.0,0.046704426092940815,0.0013016058247937636,8.501590242384436E-4,0.0017567113801577367,2.9679336684488504E-4,0.0011864471163157875,0.0010058832810436469,0.004612494064202274,0.023201663602450115,0.013396807600054553,0.0018447410486852275,0.0020751642966644157,0.0015660041656013405,0.0014198086601949094,0.002753494131030852,0.002130301478495009,0.003416957728228209,0.0024906909002828416,0.0018370709734395235,0.052658037096863,0.007804837382791788,0.0018634428872171722,0.011309003562239728,0.0010098642408575634,0.004231588340131145,9.768490112490042E-4,0.00239442815824338,0.003208589899332644,0.0023374163864516213,0.002625763633605312,6.873418435846331E-4,0.0020922851708940586,9.343768062668601E-4,0.0015391456359906623,0.002281172621663957,0.0023082277243800884,0.0015606578738763084,0.0022273034443898833,0.009642441453921097,0.002443644336378915,0.007048701534832747,0.0016714267571676501,0.009486164640448755,0.002132948471582092,0.0013474713043267247,0.0017223457562172129,0.0025352176787121388,0.0017791129920922003],[0.014264991810886831,0.07012825594168476,0.028181497750671906,0.013046137927490556,0.03427143259243824,0.046704426092940815,1.0,0.06563458194395624,0.06022705000818731,0.034501670214067436,0.057124638510292064,0.053483280938840715,0.011424446153402996,0.051153802228174006,0.06804967949092187,0.037996174726910234,0.03438908365948323,0.026756932187389004,0.06986285115830003,0.051757114559520874,0.04690477544867451,0.009605715516308547,0.031932080841694285,0.02544732397106364,0.0054938805409479536,0.06862593855396192,0.014957848552486414,0.03440980943039482,0.013814929512409025,0.01887082109218632,0.06493541925155802,0.002308689479755152,0.05426578090143873,0.015074923073258747,0.0514011482143652,0.03739035765730487,0.006969487493033061,0.044302995173638414,0.040811083144034574,0.04888822595446517,0.048946919150030535,0.050766668807499984,0.05417256479856524,0.06466303904970241,0.06287488613359632,0.029280105784682535,0.05231843408921443,0.06115941897319871,0.042480740008956984,0.013439239403318941,0.006365571586467343,0.033808627008047265,0.04100102199793825,0.03263018993823798],[2.971900205794598E-5,0.012179940777745086,0.01934225560447633,1.2316977247096378E-4,8.79364034716813E-4,0.0013016058247937636,0.06563458194395624,1.0,2.4440463217619316E-4,1.2107529004877523E-4,9.171092238947857E-5,0.0010742777721722899,1.1809283177573853E-4,0.001766369493954088,0.01086801098437073,0.013341035755325949,7.887832367138124E-5,0.0010680519346902752,2.1823134480048476E-4,1.3493108575052745E-4,0.006873203656418442,3.375006486964901E-4,0.002597463009241953,0.0012510219953969165,1.5153738207619865E-4,0.05785189802988547,0.010192929680102679,0.0017382929786786115,5.285215391585677E-4,1.9985702793013196E-4,0.005028664039146624,1.0434728955653602E-4,0.001061542195063253,0.0019646176172336137,1.7036920722827108E-4,8.778699104170822E-4,4.990539869456972E-5,0.0012572335630817448,2.3397137714898248E-5,2.3025652547297905E-5,0.0011651385590526991,0.0012079336786431274,1.172789836197306E-4,1.4091316250227278E-4,0.013213453425531664,1.818901254885406E-4,0.0018855836462695862,0.0013195876168391536,0.002073272553600491,7.705017185295326E-5,2.8455508170829175E-4,5.504068656394052E-4,7.084646868261897E-4,6.184596178589953E-5],[3.329738227138917E-5,0.02099217267978639,0.00906028889920701,2.4353053864554765E-4,0.003439971675865409,8.501590242384436E-4,0.06022705000818731,2.4440463217619316E-4,1.0,3.6904713186300284E-5,1.4842055383244642E-4,3.5025469976932374E-4,1.5062389651236913E-4,5.10609900976912E-4,0.017687078174564334,0.01098932327042624,3.6766677944729435E-5,9.470164297548326E-4,2.3726056281238615E-4,1.556269812214584E-4,0.006857564083353259,0.0012705292949238274,9.126086172161591E-4,0.0020998269612363266,2.2241040389614055E-4,0.007353504829532246,0.00540986662440271,0.0014288379326705151,0.008854403208537549,2.2217632509241898E-4,0.006581365958888794,1.2291827294087792E-4,8.735128858365181E-4,0.0030353717809473543,2.1767881364014157E-4,7.745278852535131E-4,4.791225136429067E-5,0.0017136840435503747,1.5055809710985257E-4,1.7634939575854756E-5,5.398947786769037E-4,0.0018597803056030204,1.5871286945299027E-4,2.3443881620127807E-4,0.039418070262372464,2.078542184408687E-4,0.0027202410200115896,0.0013659931606470497,7.955965854995545E-4,1.096681109417677E-4,4.081121952996006E-4,0.0011112315066785772,6.372593755507858E-4,4.6198302630327286E-5],[1.1323672783590105E-5,0.007459661765951204,0.01399403797806324,1.4729146741659494E-5,0.0016974986363783955,0.0017567113801577367,0.034501670214067436,1.2107529004877523E-4,3.6904713186300284E-5,1.0,7.165194463714095E-5,7.845778389576854E-4,2.2036901297678157E-5,2.808513230667721E-4,0.02462804794746745,0.011381583736326036,2.009951618827375E-5,2.3370068555161454E-4,4.574972672758438E-5,1.29392745952196E-5,0.0018593250083286102,6.962801135101899E-4,0.0032208600875536938,2.2116158664023004E-4,1.6653850536524115E-4,0.03914715572758949,0.005361286200770899,2.7970864605380186E-4,0.007941851527583962,1.8017761205246118E-4,0.006640617145881098,1.718431467598233E-5,4.6518674050476675E-4,0.0016206554077538046,1.4697474612776715E-4,0.0023325816329228272,1.4345809394834678E-5,0.0015564540554503707,1.1975945908629049E-5,1.1249264304420355E-5,0.0011505313774768735,8.469704564594794E-5,1.4093142494920708E-5,3.9855764154698107E-5,0.0323181236829057,1.8916565786559016E-4,0.0017720897839502074,0.0012101580727056627,0.010538160847001357,1.0866887112163065E-5,3.4955901138914363E-4,0.0012814292494909038,8.02277564478422E-4,1.975053928269383E-5],[6.087761547590085E-5,0.00622944501816942,0.006379273328282555,3.054495552895923E-5,0.005747134704736856,2.9679336684488504E-4,0.057124638510292064,9.171092238947857E-5,1.4842055383244642E-4,7.165194463714095E-5,1.0,3.752191354757052E-4,8.010330629434503E-5,2.9668739341261207E-4,0.011283452606006236,0.0049784304072655215,7.868900601931457E-5,3.0349662738974616E-4,2.2763314633207477E-4,2.1865473124581476E-5,0.0029276680064671693,0.00134883936404608,6.607255321157421E-4,0.0012716664124197434,1.0609657206566133E-4,0.025382105170405272,0.007398734523164309,0.0010445152188173108,0.00783389191617984,1.9345787627655106E-4,0.00159044003852169,7.76513358325416E-5,5.193268212964681E-4,0.0037717893093189092,1.2290522184657987E-4,0.004076337313816914,7.530317467836234E-5,6.136625435420481E-4,7.925565641757511E-5,6.608342949260161E-5,7.734598597012728E-4,7.879599987127988E-4,5.656422367029735E-5,1.4010703265594836E-4,0.04114022133994437,1.6820041290349045E-4,0.009670802920043397,8.121289107150672E-4,0.007998224686562552,2.120546956504372E-5,4.401766356988509E-4,6.006963357212361E-4,1.0487443169640723E-4,6.96201632994583E-5],[9.744568853908719E-4,0.023313682236987134,0.0152732107389709,5.448131566054368E-5,0.002099442581894101,0.0011864471163157875,0.053483280938840715,0.0010742777721722899,3.5025469976932374E-4,7.845778389576854E-4,3.752191354757052E-4,1.0,7.972916876930648E-4,0.006212365170733066,0.01705406076302965,0.006089326792281683,4.298882699189722E-5,0.0011163673318302762,7.701341796372404E-4,0.0010864388006522735,0.007258228556111625,0.0016618041046147455,0.00435175388431239,0.0022153434339427644,0.001119851284365648,0.025151110969368527,0.005624637295381356,0.0012623625228803867,0.0019742444221253347,4.1994205996481775E-4,0.0011532025921067222,0.0011036913501712778,0.0012470331768793192,0.003812522413420948,8.566543006892134E-4,0.0011389978695119673,5.480233284229116E-5,0.0016664286600807318,8.026239167398659E-4,6.460489719516166E-4,0.0017362645065687426,0.0018311258711739865,7.987486402371655E-4,6.533761874062442E-4,0.010007542381402527,3.721467065090497E-4,0.007886122441417573,0.0013732023343444306,0.004024143936232986,1.441387636960643E-4,9.962368587753052E-4,0.0015654765767823117,0.0013869649910445338,9.651877897005991E-4],[2.0603960300116396E-5,0.028696034900782517,0.019812861584143474,1.66257156621047E-5,0.0019762191731418463,0.0010058832810436469,0.011424446153402996,1.1809283177573853E-4,1.5062389651236913E-4,2.2036901297678157E-5,8.010330629434503E-5,7.972916876930648E-4,1.0,0.00622366919646666,0.01877045755231808,8.618899231626654E-4,3.059828672562121E-5,2.610003971656122E-4,2.8891693530518013E-5,1.7285377148565163E-5,3.1186820982313134E-4,4.63289236614197E-4,0.0011457729648988318,0.0012828255912994595,1.2659128529274582E-4,0.056391365029969685,0.00478999936312474,6.069405208417566E-4,0.006223042431190068,1.8619381742565508E-4,0.005005457902668696,2.3431572284305285E-5,0.0013123998945238997,0.0013490694371897849,2.6356685050419765E-5,0.003417431145759162,2.2610476905121743E-5,0.00154180486658167,2.0874599157167684E-5,1.3848333280431055E-5,7.289510417912444E-4,0.0020282629348049347,2.1302942108477457E-5,3.385590746053943E-5,0.04334088250103709,1.7347367630397853E-4,0.0014552204247523948,8.560538309255486E-4,0.011267849024633184,2.0522166700569043E-5,2.093974308494944E-4,0.0012634079203326745,0.00128443334010294,2.280923665142853E-5],[0.0016745824649237843,0.02365760084925895,0.015231008992566108,0.0010137551836852416,0.006397425085102875,0.004612494064202274,0.051153802228174006,0.001766369493954088,5.10609900976912E-4,2.808513230667721E-4,2.9668739341261207E-4,0.006212365170733066,0.00622366919646666,1.0,0.013686500368005151,0.01575708212441639,0.0010467345794596796,0.004262498472609522,0.0016638990964021058,0.004434545486179548,0.0073010392232018585,0.0025769998514503937,0.004783063198194638,0.004206046155470035,4.4085523090044886E-4,0.044804906698781906,0.011254174247517776,0.004677167213379954,0.010175189605773734,4.1957768197809853E-4,0.006913436540228495,1.608605814940495E-4,0.004830841401267446,0.00616791426586755,0.00434382906902474,0.005189272722242828,0.0032065806416928513,0.005261701935094421,0.002160207028809415,6.616247560624431E-4,0.005256550721259533,0.002531205144710754,0.004023998006738202,6.13029234501534E-4,0.043620296475661735,0.0033182507492588937,0.012849695774942983,0.0017362237633965008,0.006521676394569997,0.0038937486846226744,0.003461512381860387,0.005154543780460279,0.006087658057726133,0.006281349175987241],[0.0017814966027434305,0.033722149360682116,0.025557869221137938,0.02772298316824322,0.02318088420239556,0.023201663602450115,0.06804967949092187,0.01086801098437073,0.017687078174564334,0.02462804794746745,0.011283452606006236,0.01705406076302965,0.01877045755231808,0.013686500368005151,1.0,0.0225420987077614,0.02008260063025281,0.024277170401054336,0.014183395688541958,0.015284139329122117,0.018937778277233537,0.02675209763661766,0.004572442515394766,0.02509385844423823,0.004292283479771309,0.04544209189731544,0.027564031330987816,0.02395532075467468,0.020767832492373076,0.023901345370226288,0.01667220930601404,0.004997287271913345,0.013447898608977448,0.014201144968911374,0.008774999150518638,0.0209868625176885,7.786866843160253E-5,0.024679152586883683,0.009340199768820504,0.004973148925580285,0.0034404947944235006,0.023522152196130505,0.009954189971280667,0.025337106800250177,0.042042371741325774,0.014078864102577202,0.02723464017986779,0.01267960041877637,0.021965398104685556,0.011306433567610878,0.01162675879370365,0.016650495857586673,0.01730733649981318,0.010072172719579367],[0.011746006953919733,0.03403694653144712,0.0170855764519329,0.009404496506075031,0.015101270397681249,0.013396807600054553,0.037996174726910234,0.013341035755325949,0.01098932327042624,0.011381583736326036,0.0049784304072655215,0.006089326792281683,8.618899231626654E-4,0.01575708212441639,0.0225420987077614,1.0,0.015969636800876746,0.004403285125952812,0.010641579100484449,0.009099246668380032,0.015728194856199383,0.004822431014195326,0.010177674120986357,0.013935171887730257,0.003273617577705344,0.05389688599040654,0.013504667451561491,0.01525945299268805,0.013228346893612682,0.00931824909248461,0.011939944959765402,0.014020247907576243,0.011216948716512673,0.013817971061483823,0.01272230578854278,0.004294757093547206,0.003084436712035218,0.007040363116606318,0.014427493423463028,0.007317621900238748,0.010050820763847055,0.006457802827721861,0.0034439446677155656,0.0013513463724357277,0.024750343116317408,0.015667275102375512,0.016028472879816635,0.009101497911294432,0.013635155571798896,0.001294520078925075,0.010317022897012026,0.00883260717693971,0.016563361122406098,0.0065875895982122875],[2.35509744277857E-5,0.031104343728074652,2.4243778597151893E-4,2.920766912017974E-5,0.008478555662677295,0.0018447410486852275,0.03438908365948323,7.887832367138124E-5,3.6766677944729435E-5,2.009951618827375E-5,7.868900601931457E-5,4.298882699189722E-5,3.059828672562121E-5,0.0010467345794596796,0.02008260063025281,0.015969636800876746,1.0,5.849099395232541E-4,2.2720358061913094E-4,2.792105518230576E-5,6.689332261054356E-4,0.001785255045196507,0.002064913075305195,0.002268882710815755,1.474227557515089E-4,0.054564990327459026,0.009065717533344366,6.713898621729506E-4,0.0024548172764516313,1.169053542738304E-4,0.008488198313270837,3.324235780445085E-5,4.633822644822863E-4,5.711442087091984E-4,1.4925449040169173E-4,9.445091609834612E-4,3.076087468911389E-5,0.001494629912704877,2.0207397667812035E-5,3.055105721422959E-5,0.001806890614465565,4.1013690606309626E-4,3.1663279518481425E-5,1.068689453746021E-4,4.5649968537455065E-4,3.791893468744003E-5,0.0039900757805433834,0.0012719507028578754,0.010790142869884887,1.6568922147189186E-5,1.9998888289742562E-4,5.100048856016305E-4,0.0025204868059235347,2.9177441961359537E-5],[9.882962858603827E-4,0.033861526699865536,0.017588980823351297,9.80778781668791E-4,0.006703485124727967,0.0020751642966644157,0.026756932187389004,0.0010680519346902752,9.470164297548326E-4,2.3370068555161454E-4,3.0349662738974616E-4,0.0011163673318302762,2.610003971656122E-4,0.004262498472609522,0.024277170401054336,0.004403285125952812,5.849099395232541E-4,1.0,4.874590553608417E-4,7.883007499100697E-4,0.00517664993719353,0.001160526681746977,0.0020640476157507163,0.002355695386412989,2.5300745682748814E-4,0.05414159310985319,0.008741011165852417,0.0013453239909312713,0.00645073747053932,2.4617295424793746E-4,0.004982622845538594,7.090778116553319E-4,0.001743402530240075,0.0041374632938541,6.902120001520586E-4,0.002782220521370132,7.012578516345877E-4,0.0014941795409651776,6.046695637721387E-4,1.0370762127505607E-4,0.0012700543024218797,0.001840254542692335,4.832475699019985E-4,6.057094758300588E-4,0.034997126762423864,4.2713922328889594E-4,0.007100688616113835,0.0011217914120470439,0.0043463970577897046,7.040462510427888E-4,9.855633148372032E-4,0.0011086381004927748,0.0024513950632863105,6.175110587537727E-4],[2.2213198071533764E-4,0.02795146641042516,0.010561363486241426,1.857365579178652E-4,0.0063602884670155195,0.0015660041656013405,0.06986285115830003,2.1823134480048476E-4,2.3726056281238615E-4,4.574972672758438E-5,2.2763314633207477E-4,7.701341796372404E-4,2.8891693530518013E-5,0.0016638990964021058,0.014183395688541958,0.010641579100484449,2.2720358061913094E-4,4.874590553608417E-4,1.0,1.9052370269854684E-4,0.0039380259687709935,3.7957808012199475E-4,0.0044632767830271305,0.0022008741618553167,2.313224675233348E-4,0.03182424921556357,0.010909273036581242,0.0016020585554433575,0.004525637280147456,2.3160288171504735E-4,0.006373482359478256,6.404336234452037E-5,0.0011697819725512667,0.0020863293353923606,2.2342633969815915E-4,0.002194503341726767,9.097549169075604E-5,3.7728232660916614E-4,1.51492730855073E-4,2.2490733988052668E-4,0.0017242077384071394,0.002136747014529218,1.5612003581174077E-4,1.814488266544912E-4,0.0189111979339734,2.2414860128745344E-4,0.007424120784434155,3.654251407538287E-4,0.001968710510709845,5.4668393610929954E-5,5.031632837138208E-4,4.568731464004584E-4,5.705825116660366E-4,1.5428809964380862E-4],[1.4260587323528427E-5,0.03147937840497073,0.0020026552860190846,1.5143364707945566E-5,0.001774517764237456,0.0014198086601949094,0.051757114559520874,1.3493108575052745E-4,1.556269812214584E-4,1.29392745952196E-5,2.1865473124581476E-5,0.0010864388006522735,1.7285377148565163E-5,0.004434545486179548,0.015284139329122117,0.009099246668380032,2.792105518230576E-5,7.883007499100697E-4,1.9052370269854684E-4,1.0,0.005476274430339238,0.0016645853510608376,0.0014454965030302812,0.0012086995007658278,6.381436090656303E-5,0.027030803034767004,0.006028009394827003,9.015707219382329E-5,0.006012742468765276,1.9750196026665243E-4,0.003986533292834779,1.566696470077656E-5,7.131468901478625E-4,0.0011104083406603391,1.6395748078897298E-4,0.0028524720696782514,1.67369609823781E-5,0.0018027617676397672,1.5061426250122326E-5,1.4902447755158726E-5,8.82758631283801E-4,0.0014461052096915433,1.7308564160592372E-5,1.2343906011564812E-4,0.013557210505177972,1.4796967152203795E-4,0.008549261899168699,3.1537116548958346E-4,0.005809899819493055,1.218130420651095E-5,2.7712314313868997E-4,7.655160646201475E-4,0.0013966888500054667,1.534230616229299E-5],[0.0032066266517254264,0.022265532575892283,0.011131031517904627,0.005209034033188044,0.008182381176215189,0.002753494131030852,0.04690477544867451,0.006873203656418442,0.006857564083353259,0.0018593250083286102,0.0029276680064671693,0.007258228556111625,3.1186820982313134E-4,0.0073010392232018585,0.018937778277233537,0.015728194856199383,6.689332261054356E-4,0.00517664993719353,0.0039380259687709935,0.005476274430339238,1.0,0.0030151760588662466,0.004625232345682078,0.0046170733550238464,0.003057563392252291,0.057327013223196055,0.010603246535116663,0.007349174887271325,0.010388374519086474,0.006541983060646354,0.008880579078383874,0.0033009943211717127,0.003962586486288994,0.006252822428363572,0.0057024027694977065,0.006333819884994783,6.438759270197955E-4,0.003036214846343676,1.9213706059897245E-4,0.004156281165552925,0.002199923420672642,0.005943609927068116,0.005118664102865346,0.003270536330130377,0.009385025271784468,0.007000080405682366,0.015479128241317799,0.002272670307458889,0.00979028744092465,0.0042550293486792595,0.007059832058867356,0.0021915597034274205,0.0043332457024070035,0.0016009734735799098],[6.732426678305372E-4,0.03412452090185267,0.01453303314855131,2.3981575408353655E-4,0.0018629081128506493,0.002130301478495009,0.009605715516308547,3.375006486964901E-4,0.0012705292949238274,6.962801135101899E-4,0.00134883936404608,0.0016618041046147455,4.63289236614197E-4,0.0025769998514503937,0.02675209763661766,0.004822431014195326,0.001785255045196507,0.001160526681746977,3.7957808012199475E-4,0.0016645853510608376,0.0030151760588662466,1.0,0.004355460402767369,0.0021533074012507238,0.0014226426592279773,0.022364643195156665,0.0030698362134860702,0.001830024992265396,0.009527646350185662,0.0013049679082843123,0.006734134934811984,0.0013143785037096278,0.0017872710583514712,0.004174515065314084,0.0017756419394661836,0.0019812128244456216,0.0012883896171690197,0.0018349418889460746,7.275139080791628E-4,0.0010983517749620776,0.001846827217804259,0.002083212416674949,0.0016567873339660135,5.827859101502499E-4,0.011642859527091591,3.5739407754455024E-4,0.004214987361044013,0.00160137662903369,0.0028488220051488713,0.0012091951402000852,8.26055546212448E-4,0.0017499760327688635,0.00207087704549419,0.0013258546796304275],[0.0021979545723430052,0.018496393159188967,0.011287258444831506,0.0023376301259583005,0.007839190758114924,0.003416957728228209,0.031932080841694285,0.002597463009241953,9.126086172161591E-4,0.0032208600875536938,6.607255321157421E-4,0.00435175388431239,0.0011457729648988318,0.004783063198194638,0.004572442515394766,0.010177674120986357,0.002064913075305195,0.0020640476157507163,0.0044632767830271305,0.0014454965030302812,0.004625232345682078,0.004355460402767369,1.0,0.0029945579347977107,0.00214278282564757,0.05811157115340693,0.00566199073947726,0.0034915256415785916,0.008805904725386116,0.002081307115502883,0.010119486472243411,0.002075834774013568,0.004179419613940376,0.004348061354826179,0.002671710465923702,0.004258225214184883,0.0020756245702675366,0.003934500630699221,0.002208451216337547,0.0022516600256413323,0.002753432291590204,0.004127280117057033,0.0017013598000771937,0.004295794120931448,0.02537416982547106,0.0040588932138709444,0.015686401115523732,0.0019142182161702229,0.012046250048816928,0.0033273775377653347,0.002817941143687076,0.0018813160379417067,0.0032475209594186065,0.0025293895642397517],[0.0020752291019318836,0.02537696647417305,0.01176916470904444,6.090969333058028E-5,0.0025376461149165196,0.0024906909002828416,0.02544732397106364,0.0012510219953969165,0.0020998269612363266,2.2116158664023004E-4,0.0012716664124197434,0.0022153434339427644,0.0012828255912994595,0.004206046155470035,0.02509385844423823,0.013935171887730257,0.002268882710815755,0.002355695386412989,0.0022008741618553167,0.0012086995007658278,0.0046170733550238464,0.0021533074012507238,0.0029945579347977107,1.0,7.07928360513945E-4,0.038262147423210276,0.0090048930452783,0.0024383497602797513,0.002890076038985226,6.793493482917686E-4,0.008892734906242648,0.002423476043932391,0.0024419753525429895,0.0034614188862673086,0.0023068504925815216,0.0026665193138292183,4.1252000810953126E-4,0.0024671853263284783,0.0024148114986960252,0.0017179946321380832,0.0021749302537435794,0.0022563967898788758,3.399431142345258E-4,0.0013617584168902968,0.02756817929145916,0.0020170371032829414,0.013291056082569442,0.002389921293361412,0.005911637899705072,0.0019301441009848522,0.0012483402075527845,0.002108746085124243,0.0025257850424945235,0.0012602297837908086],[3.520038171164133E-5,0.012008324198614768,0.007535882892306192,1.5102261987690128E-4,0.00589421590357916,0.0018370709734395235,0.0054938805409479536,1.5153738207619865E-4,2.2241040389614055E-4,1.6653850536524115E-4,1.0609657206566133E-4,0.001119851284365648,1.2659128529274582E-4,4.4085523090044886E-4,0.004292283479771309,0.003273617577705344,1.474227557515089E-4,2.5300745682748814E-4,2.313224675233348E-4,6.381436090656303E-5,0.003057563392252291,0.0014226426592279773,0.00214278282564757,7.07928360513945E-4,1.0,0.04257899591652396,0.011584874408312566,0.0015732289796005733,0.00891706862102806,1.979172019632621E-4,0.006112556670207928,3.911419038695527E-5,0.001365236465864464,0.004188443628037925,1.8308503516209246E-4,0.0012129002952219648,1.3452033884754348E-4,0.001799054799981039,1.2694974978350433E-4,1.3152023145430344E-4,2.1765421682628331E-4,0.0014446150780806797,9.54027897921458E-5,1.6905332028603406E-4,0.004640599114008943,2.0390297950818853E-4,0.007466150700509649,0.0013802631321750834,0.00409006919469491,1.284563920383418E-4,7.687837169482848E-4,6.378621042404994E-4,0.001646499874710067,5.792454497125891E-5],[0.05767635588452321,0.05723398970715589,0.03857579378041788,0.020117260874143627,0.05637363038945839,0.052658037096863,0.06862593855396192,0.05785189802988547,0.007353504829532246,0.03914715572758949,0.025382105170405272,0.025151110969368527,0.056391365029969685,0.044804906698781906,0.04544209189731544,0.05389688599040654,0.054564990327459026,0.05414159310985319,0.03182424921556357,0.027030803034767004,0.057327013223196055,0.022364643195156665,0.05811157115340693,0.038262147423210276,0.04257899591652396,1.0,0.041730677452764445,0.02057204778516055,0.0481718379513963,0.04404435256636678,0.015178080824704867,0.011555013281832512,0.027507021628421245,0.03680240310770321,0.01660349319592328,0.008762619988310315,0.03541001215361737,0.021018695952633726,0.031150584744282693,0.003923409761395795,0.026678768713905242,0.015280918319451331,7.564604602417256E-5,0.041898414607639385,0.05972874871874973,0.027988552496783187,0.020376589832967158,0.04379753303616869,0.026548202001802253,0.05104521622515883,0.032935069226918974,0.01743405414428952,0.06167873469204728,0.022701273080171103],[0.010195222453461817,0.015362198826602183,0.011921048576191954,0.004157986878837905,0.008945575102992853,0.007804837382791788,0.014957848552486414,0.010192929680102679,0.00540986662440271,0.005361286200770899,0.007398734523164309,0.005624637295381356,0.00478999936312474,0.011254174247517776,0.027564031330987816,0.013504667451561491,0.009065717533344366,0.008741011165852417,0.010909273036581242,0.006028009394827003,0.010603246535116663,0.0030698362134860702,0.00566199073947726,0.0090048930452783,0.011584874408312566,0.041730677452764445,1.0,0.009164888806030233,0.011696565556825734,0.0067922903269356846,0.01117775478097355,0.008090548681913385,0.010456360089060805,0.008856026335697858,0.010603936727061888,0.007068911294935397,0.0016216796557922408,0.005059144499969775,0.009582397772163425,0.006520983174316643,0.002629985628086645,0.0045623326875703085,0.011533027202576707,0.005742029158734298,0.04479393464367828,0.007715905203359246,0.012041809107273146,0.007948596164172214,0.012335501197621657,0.0023714996246725463,0.006462825961286364,0.005324232418086069,0.011337826436966335,0.008202950180508569],[0.0011917182096145944,0.020465886889122674,0.017433395690845874,0.0010372428080442835,0.007709338004956054,0.0018634428872171722,0.03440980943039482,0.0017382929786786115,0.0014288379326705151,2.7970864605380186E-4,0.0010445152188173108,0.0012623625228803867,6.069405208417566E-4,0.004677167213379954,0.02395532075467468,0.01525945299268805,6.713898621729506E-4,0.0013453239909312713,0.0016020585554433575,9.015707219382329E-5,0.007349174887271325,0.001830024992265396,0.0034915256415785916,0.0024383497602797513,0.0015732289796005733,0.02057204778516055,0.009164888806030233,1.0,0.002477450594094801,3.278120398911243E-4,0.006813914564041087,0.001487380968679512,0.0017596923060036566,0.003930466267338935,2.4177148544763503E-4,0.0032931384626270948,3.026438591492795E-5,0.0018000136635329437,0.0015359682452231683,1.4330741982195293E-5,0.0018723868236509063,0.0018919979655758425,7.216684681620152E-4,0.0010039534926097973,0.017053719458014423,9.218984985935211E-4,0.004554481709424392,0.001716934847117105,0.008411537995187183,0.0014718084734857812,9.925948972969707E-4,0.00170218670714383,0.002469957681852165,3.0742884933588374E-4],[9.603761646540061E-4,0.02974448619477392,0.02109640000178154,0.008878173088724572,0.010818499987240883,0.011309003562239728,0.013814929512409025,5.285215391585677E-4,0.008854403208537549,0.007941851527583962,0.00783389191617984,0.0019742444221253347,0.006223042431190068,0.010175189605773734,0.020767832492373076,0.013228346893612682,0.0024548172764516313,0.00645073747053932,0.004525637280147456,0.006012742468765276,0.010388374519086474,0.009527646350185662,0.008805904725386116,0.002890076038985226,0.00891706862102806,0.0481718379513963,0.011696565556825734,0.002477450594094801,1.0,0.010325889244564358,0.010420347531383769,0.008412710069556587,0.008336941807377785,0.006499415904090635,4.595522737333493E-4,0.01169809353920976,0.0033046413188073244,0.009432678472024341,0.007992337232522394,0.009000834624688578,0.008355993235618366,0.003890820722449788,0.008423188002053628,0.008911088415854182,0.01996802124460873,0.00820506605535343,0.013095438618202263,0.002078848088121972,0.0119199636274946,0.010123395647661994,0.011038519419603949,0.0030182540993538938,0.008248724962884608,0.00813826080956239],[4.4722549235815665E-5,0.0252478027510311,0.006406354107614408,1.9057692757595216E-4,5.142003944387178E-4,0.0010098642408575634,0.01887082109218632,1.9985702793013196E-4,2.2217632509241898E-4,1.8017761205246118E-4,1.9345787627655106E-4,4.1994205996481775E-4,1.8619381742565508E-4,4.1957768197809853E-4,0.023901345370226288,0.00931824909248461,1.169053542738304E-4,2.4617295424793746E-4,2.3160288171504735E-4,1.9750196026665243E-4,0.006541983060646354,0.0013049679082843123,0.002081307115502883,6.793493482917686E-4,1.979172019632621E-4,0.04404435256636678,0.0067922903269356846,3.278120398911243E-4,0.010325889244564358,1.0,7.298777308970522E-4,1.883937721982712E-4,0.001137438523021699,0.0031553126109595568,2.016137864137447E-4,0.0010365574927515579,5.1016466164924236E-5,0.0015113195791669246,6.529118997575229E-5,7.018885449789765E-5,4.2963326473013377E-4,0.001130199244201891,9.66516875520913E-5,1.6443647437839655E-4,0.022570146840024244,2.0499485917311168E-4,0.00977586660145924,6.699038192348888E-4,0.008802198923567437,1.9681264292755447E-4,2.787464477485679E-4,6.951090045994264E-4,0.0011417402128329314,1.4106356815289585E-4],[0.009854178018938115,0.03499698587526453,0.017220190477224024,0.008695760870495358,0.009843695310935034,0.004231588340131145,0.06493541925155802,0.005028664039146624,0.006581365958888794,0.006640617145881098,0.00159044003852169,0.0011532025921067222,0.005005457902668696,0.006913436540228495,0.01667220930601404,0.011939944959765402,0.008488198313270837,0.004982622845538594,0.006373482359478256,0.003986533292834779,0.008880579078383874,0.006734134934811984,0.010119486472243411,0.008892734906242648,0.006112556670207928,0.015178080824704867,0.01117775478097355,0.006813914564041087,0.010420347531383769,7.298777308970522E-4,1.0,0.008217795277936778,0.0046814807623534625,0.008592709131923124,0.004480689710118413,0.0055309332991188625,0.00402020960945938,0.010275943760894704,0.002408504289802065,1.0333784031153265E-4,0.007327902533182672,0.005853066848718003,0.0050071434384429,0.008159416858208854,0.024224048428783687,0.0041545280872336676,0.010718807301853431,0.007147725191825699,0.01039980362532125,0.0021441455876557813,0.008071091892618766,0.005911081787211857,0.009069650397103767,0.009372326532737648],[2.061645463320186E-5,0.039729934591620296,0.010390125316703774,1.7914606920321974E-5,0.00769074743117449,9.768490112490042E-4,0.002308689479755152,1.0434728955653602E-4,1.2291827294087792E-4,1.718431467598233E-5,7.76513358325416E-5,0.0011036913501712778,2.3431572284305285E-5,1.608605814940495E-4,0.004997287271913345,0.014020247907576243,3.324235780445085E-5,7.090778116553319E-4,6.404336234452037E-5,1.566696470077656E-5,0.0033009943211717127,0.0013143785037096278,0.002075834774013568,0.002423476043932391,3.911419038695527E-5,0.011555013281832512,0.008090548681913385,0.001487380968679512,0.008412710069556587,1.883937721982712E-4,0.008217795277936778,1.0,0.0016669552062178953,0.0029375335340667674,1.146151646161325E-4,0.0039348667611255285,2.174341571395311E-5,0.0016965337266839152,2.048357993254348E-5,1.7020384709112267E-5,6.604907819093511E-4,0.0013724888819037237,2.319229764040308E-5,5.350963710549601E-5,7.588923498923811E-4,1.6560440541087286E-4,0.007273210029449749,9.030986544039019E-4,0.006007853269861293,2.5041967592393828E-5,6.588595693714448E-4,0.0010247944164029858,0.0021170605224807423,2.299580198596779E-5],[0.0012030310902499768,0.02137077690402859,0.0048229856448982365,9.099789948109678E-4,0.0036351314795014817,0.00239442815824338,0.05426578090143873,0.001061542195063253,8.735128858365181E-4,4.6518674050476675E-4,5.193268212964681E-4,0.0012470331768793192,0.0013123998945238997,0.004830841401267446,0.013447898608977448,0.011216948716512673,4.633822644822863E-4,0.001743402530240075,0.0011697819725512667,7.131468901478625E-4,0.003962586486288994,0.0017872710583514712,0.004179419613940376,0.0024419753525429895,0.001365236465864464,0.027507021628421245,0.010456360089060805,0.0017596923060036566,0.008336941807377785,0.001137438523021699,0.0046814807623534625,0.0016669552062178953,1.0,0.0023844565475865127,3.763829508174432E-4,0.0025843027388747857,0.0011532742805682452,0.001781855430404297,3.519244316116666E-4,1.266930910365776E-4,0.00183592143519155,0.0019031796549399866,0.0012421794601425464,5.362400539416208E-4,0.044533854467281496,0.0011647751144567126,0.01332868635665975,0.00157213216692215,0.009185406502695854,0.0010617018420101833,0.0016506377418332126,0.0016417893051226032,0.002252270736904271,6.047262523565524E-4],[0.002710633412027625,0.013594296562539267,0.004768616901744883,0.0036716053835091538,0.0061085296436286275,0.003208589899332644,0.015074923073258747,0.0019646176172336137,0.0030353717809473543,0.0016206554077538046,0.0037717893093189092,0.003812522413420948,0.0013490694371897849,0.00616791426586755,0.014201144968911374,0.013817971061483823,5.711442087091984E-4,0.0041374632938541,0.0020863293353923606,0.0011104083406603391,0.006252822428363572,0.004174515065314084,0.004348061354826179,0.0034614188862673086,0.004188443628037925,0.03680240310770321,0.008856026335697858,0.003930466267338935,0.006499415904090635,0.0031553126109595568,0.008592709131923124,0.0029375335340667674,0.0023844565475865127,1.0,0.0027833477414611696,0.004234768712160531,4.275229110744219E-4,0.0027848260248796407,0.0033371700675411255,0.003742086056244429,0.0031051106045532116,0.0026549456434924873,0.001992025866172035,0.003106586933082457,0.030507073465078614,0.0040094964540399345,0.013851771269207162,0.002170193538948217,0.011193543943322545,1.5741804385475193E-4,0.0015486570376672332,0.002402457826043122,0.004096012561932107,0.002911993913541305],[9.178410622168003E-5,0.03195804040298487,0.02042495481481436,4.267957591610687E-5,0.005926646423389305,0.0023374163864516213,0.0514011482143652,1.7036920722827108E-4,2.1767881364014157E-4,1.4697474612776715E-4,1.2290522184657987E-4,8.566543006892134E-4,2.6356685050419765E-5,0.00434382906902474,0.008774999150518638,0.01272230578854278,1.4925449040169173E-4,6.902120001520586E-4,2.2342633969815915E-4,1.6395748078897298E-4,0.0057024027694977065,0.0017756419394661836,0.002671710465923702,0.0023068504925815216,1.8308503516209246E-4,0.01660349319592328,0.010603936727061888,2.4177148544763503E-4,4.595522737333493E-4,2.016137864137447E-4,0.004480689710118413,1.146151646161325E-4,3.763829508174432E-4,0.0027833477414611696,1.0,3.71205700825395E-4,1.0335030825205283E-4,0.0010338643973815751,7.567929721734713E-5,1.568651558920075E-4,4.576913703074071E-4,0.0013115368261631547,3.745546012448063E-5,1.6942944662286385E-4,0.02843721525462089,2.0072870248024976E-4,0.006064928667073554,9.33041788189628E-4,2.6774511896272244E-4,6.482448689056884E-5,5.232973077053413E-4,4.220433153624064E-4,0.0019587867747855084,1.4762989144394243E-4],[0.002189469483453245,0.024090072184039194,0.008228372306358901,0.0024976705615486214,0.006379842616114085,0.002625763633605312,0.03739035765730487,8.778699104170822E-4,7.745278852535131E-4,0.0023325816329228272,0.004076337313816914,0.0011389978695119673,0.003417431145759162,0.005189272722242828,0.0209868625176885,0.004294757093547206,9.445091609834612E-4,0.002782220521370132,0.002194503341726767,0.0028524720696782514,0.006333819884994783,0.0019812128244456216,0.004258225214184883,0.0026665193138292183,0.0012129002952219648,0.008762619988310315,0.