[[1.0,0.001348997076146103,1.5705380629544723E-4,5.491146265296457E-5,8.048012127297795E-4,1.3713512810607396E-4,1.0129101585325663E-4,1.1624254552296567E-4,1.4641156901678252E-4,1.270742655071154E-4,7.967009197053426E-5,0.02326343844292242,2.163408196762324E-4,0.04153915192762534,1.6622474692588323E-4,6.08830532995551E-4,0.01879154787873764,5.227261510230179E-4,0.004719133828931893,1.4533393119045134E-4,2.0209864894551294E-4,9.568374122705131E-5,0.014689406740922794,1.3905567483833969E-4,2.60078015219753E-4,1.1972411544420276E-4,4.201879331190638E-5,6.700232607095766E-4,0.0955816454570279,1.4005604072144054E-4,6.706763741846755E-4,7.047902589426097E-5,1.4733426930215452E-4,1.57106028913795E-4,0.0011122632061536003,7.861150325814711E-4,5.262990996095275E-4,5.441841887063866E-4,2.7121381752728787E-5,0.014845654518619,2.941513248231644E-5,5.474451563738757E-5,5.864125516051235E-4,8.427576067025189E-4],[0.001348997076146103,1.0,0.0030537377416853025,5.57169381507336E-4,0.0015832680878674374,0.0013444928870757714,4.268936980143289E-4,7.645782564304878E-4,9.487654568307694E-4,3.0760116932672073E-4,9.318703975520797E-4,0.013526652897554248,7.58487905217275E-4,0.04742323160446028,8.439671535904374E-4,0.0011209298847694939,0.04353844255147431,0.0013636425189348816,0.0290613455954113,6.074395780134043E-4,6.380973250227466E-4,0.001146185329633435,0.006697727151481246,5.347077025872854E-4,6.030387540564003E-4,9.541717588629886E-4,0.0011635366452755777,0.0013766789923609823,0.07847468116030755,3.6667418612895545E-4,0.001639552247786463,3.264529734366213E-4,9.704247736069213E-4,0.0010623821515339364,0.0015220264005860545,0.001474862154188067,0.0013665789637472734,0.001890145859834253,6.50161624123322E-4,0.011026773598135479,2.7616965518177894E-4,1.8632672240876164E-4,0.0013601099325888254,0.0012970484581382687],[1.5705380629544723E-4,0.0030537377416853025,1.0,0.002711314529419892,0.002669334769027942,0.0031933875081460927,0.0034195656911562523,0.0017100610113490525,3.3855811921978095E-4,1.0522613071199708E-4,0.0018507214512444117,0.01966055282116863,0.0010411600735660137,0.010198181753227977,0.0019284590231248644,0.0018753177049274637,0.036030707191588435,0.0018423017813859071,0.02965098881234818,0.0027982442783064864,0.0020323276841843515,0.0022704597238236124,0.01578516955244367,0.003017031168910463,0.0013931955975511217,0.003275854288344253,0.0030230849817257355,0.0020800984677741084,0.05380835359782009,7.552098638310293E-4,0.003739515841357133,7.381323336173218E-4,0.001096237854752922,0.0017298613019248567,0.0020154145425716444,0.0015063968576618132,0.0033490421836925863,0.003383775713230934,0.002098153688384375,0.0063945724625168125,0.002840217630633334,0.0030569832285845303,0.0034050294625618824,0.0033836541667504718],[5.491146265296457E-5,5.57169381507336E-4,0.002711314529419892,1.0,2.6669143963122693E-4,8.782165117500469E-5,1.6528704282088013E-5,5.4469019792477156E-5,8.946857939229273E-5,1.960529173364629E-5,6.067043661590241E-5,0.02099148428421374,2.804113163647011E-4,0.04403147566381967,3.956394504492687E-5,1.2625245465861383E-4,0.016350778032595437,2.4379472596974634E-4,0.001497660029509857,7.696151545847741E-5,6.243598213181302E-5,1.7778226618964884E-5,0.008196120947978532,1.6285748038629592E-5,1.690586349109251E-4,2.273025323301776E-5,1.7071812093921006E-5,4.446777283513552E-4,0.06863617464146467,2.0297086826493124E-5,3.4868419972368966E-4,2.6959446201864506E-5,3.0290871017019324E-5,1.4223381377010422E-4,0.0011133972497884435,3.587417049619661E-4,8.116939531558143E-4,0.0011709164908358808,2.1994082453390205E-5,0.00503564079170261,2.0070547030914848E-5,2.1886829465961404E-5,3.670783431596932E-5,0.0012543916468808892],[8.048012127297795E-4,0.0015832680878674374,0.002669334769027942,2.6669143963122693E-4,1.0,0.0011238181622081405,6.775474812166437E-4,4.0277219175728336E-4,0.0015825941271987603,1.7441104614558846E-4,0.0013712161849845162,0.011757693808878363,0.002017583780752869,0.04430219531715035,8.898493810602561E-4,0.0014915338291410364,0.018775958641396633,0.0013741763026153032,0.006438277028063053,4.14596804435228E-4,5.448776538344542E-4,0.0012636024722423023,0.01664147304176954,0.0024258342371382283,0.0017922956194480403,9.731098729176569E-4,0.00238044419387116,0.001925862195821086,0.06720428625762313,5.86770629362932E-4,0.0020010500766902066,9.313024219074738E-4,1.5953478183926883E-4,0.0011674339705776142,0.0024254617177311777,0.001674680487636547,0.0017288558152098589,0.002212290161436612,0.001806423968579317,0.014104336471184042,8.392267963345116E-4,0.0010965184059071108,0.0012273232871918,0.0014813264297131618],[1.3713512810607396E-4,0.0013444928870757714,0.0031933875081460927,8.782165117500469E-5,0.0011238181622081405,1.0,4.083044295318124E-5,1.1116860710995774E-4,1.3581659999359076E-4,1.560820676101204E-5,8.018999200918244E-5,0.002671774858113286,1.7769955560599512E-4,0.006680992407752091,1.4006043705194746E-4,2.2260072719945266E-4,0.038678311634468866,4.4962802130528294E-4,0.014632280006408075,1.1391808602392487E-4,2.1494321923377005E-4,3.620288304144639E-5,0.008046606369978606,4.025559649891594E-5,3.215489581572756E-4,8.105253590840589E-5,9.815917640228631E-5,8.004966353150517E-4,0.05540060363398615,3.311711177936304E-5,8.496219341282376E-4,1.2366958614221937E-4,7.900510899131964E-5,1.7966809712735427E-4,0.0013299593191062294,8.210353412799658E-4,1.903898470670708E-4,0.0014665700604700707,8.839924785486282E-5,0.0033908035812439253,3.903529333405472E-5,9.416002788860257E-5,0.0011137397110160038,0.0012113409917611784],[1.0129101585325663E-4,4.268936980143289E-4,0.0034195656911562523,1.6528704282088013E-5,6.775474812166437E-4,4.083044295318124E-5,1.0,6.322506128884803E-5,5.3072850811537945E-5,1.2633136721665057E-5,5.7149735255854645E-5,0.02231165634989045,3.9309329230490035E-4,0.03369191717519114,1.5703825929049486E-4,1.0565175746637411E-4,0.03309340396643127,1.4210502438930666E-4,0.014157098077756088,6.292090698951892E-5,2.2015985347021E-4,1.2057853737295799E-5,0.017370549415344605,1.2625589558749888E-5,4.991428304253892E-4,1.926957767102046E-5,1.1492977829037689E-5,7.958235509201128E-4,0.015021200621789663,1.314893923624987E-5,0.0010458391650337668,1.7048840122933332E-5,2.4252788353054655E-5,8.102577021322263E-5,0.0011532150818155125,5.895296412526828E-4,5.590871691501436E-4,8.613628753843796E-4,1.3965673154647747E-5,0.009215847551284372,1.1598154278666072E-5,2.0920815550761462E-5,7.752636873498614E-4,4.4623135341744576E-4],[1.1624254552296567E-4,7.645782564304878E-4,0.0017100610113490525,5.4469019792477156E-5,4.0277219175728336E-4,1.1116860710995774E-4,6.322506128884803E-5,1.0,1.2365847892207026E-4,5.083757400254253E-5,8.238616468202859E-5,0.02827873898186255,3.0693052337334593E-4,0.02539298948369388,1.4314697462025524E-4,1.390300574878704E-4,0.039146648676053566,0.0010920624706300345,0.02055748703693169,1.0947170400935375E-4,1.611860078336665E-4,9.894673921047663E-5,0.00408440143766151,7.304624321833292E-5,1.7420857370999436E-4,1.1005355221707865E-4,9.678313868631181E-5,0.001179479098262764,0.01635388408897102,3.897411367586952E-5,9.480632940320192E-4,3.837103249103963E-5,1.000242509702323E-4,1.9493253287370416E-4,0.0011273953515742578,0.001407776093574394,6.359508899525685E-4,3.97717895396692E-4,8.896576463244819E-5,0.004277419129755993,9.367465714490594E-5,5.5084448313157596E-5,7.203537188048609E-4,6.288424570820404E-4],[1.4641156901678252E-4,9.487654568307694E-4,3.3855811921978095E-4,8.946857939229273E-5,0.0015825941271987603,1.3581659999359076E-4,5.3072850811537945E-5,1.2365847892207026E-4,1.0,3.000498480243567E-5,8.127586833624335E-5,0.02251858432702738,4.266512351899311E-4,0.008169877041115386,1.5135722628990223E-4,6.357548450004571E-4,0.04135158071027793,0.0012020810788043563,0.006922370085345376,1.2432752373129654E-4,2.0577878380400498E-4,3.734495085802951E-5,0.015094330085014195,1.520300591599811E-5,1.4749504839114605E-4,2.6509149592777235E-5,1.0403611851841788E-4,3.938914463903878E-4,0.006697816988593325,1.3349980252957906E-4,9.93534927386042E-4,6.979442278313961E-5,8.99532368862832E-5,1.614509554094539E-4,0.0010424689512915754,0.0012457064434997136,1.832955390243397E-4,0.001454503592632618,7.821049953928724E-5,0.016630515498653232,5.702641615845123E-5,2.5911175217025686E-5,8.205997159110612E-4,6.97832012604868E-4],[1.270742655071154E-4,3.0760116932672073E-4,1.0522613071199708E-4,1.960529173364629E-5,1.7441104614558846E-4,1.560820676101204E-5,1.2633136721665057E-5,5.083757400254253E-5,3.000498480243567E-5,1.0,4.302981777493676E-5,0.02110099974960318,4.0585195809893194E-4,0.027515319431844144,8.036188082118534E-5,6.117451922159586E-5,0.003208847370701416,0.0012293877211214583,0.006483731070252209,9.01373889591895E-5,2.3955194230456863E-5,1.1482683125482176E-5,0.006068539682150806,1.305384287239504E-5,3.386793557916542E-4,2.187667676554568E-5,1.1656963258334975E-5,0.0010665757423003145,0.04711766869671008,1.3382008257759768E-5,0.0015866384700204729,2.7249309216042358E-5,2.3244329215199467E-5,1.8206615562497283E-4,1.4187621945867918E-4,7.769265183844034E-5,0.001131243973333328,5.414486236443905E-4,1.9571257971029988E-5,0.01191645376471188,1.1015711558760886E-5,1.3412502141698142E-5,3.947841548444578E-4,2.898827791128852E-4],[7.967009197053426E-5,9.318703975520797E-4,0.0018507214512444117,6.067043661590241E-5,0.0013712161849845162,8.018999200918244E-5,5.7149735255854645E-5,8.238616468202859E-5,8.127586833624335E-5,4.302981777493676E-5,1.0,0.008560258082497314,2.2156793345442475E-4,0.01430026337737848,1.2607518346575037E-4,1.5063850467218328E-4,0.04283853898160953,1.8074265569008124E-4,0.009910926270264358,7.981569841084139E-5,1.370359383385929E-4,2.2694178820481975E-5,4.899449000430761E-4,1.585533556129494E-5,5.050970848906832E-4,5.420166967832177E-5,4.244947602032028E-5,0.0011398409453437458,0.0021358918846730727,4.0568330447042906E-5,0.0010754513758824084,6.0448395742830075E-5,5.382773699555452E-5,8.245699590790815E-5,0.001475626865304857,9.399513303847258E-4,4.5374057560257E-4,0.0018797413940820204,4.937086415169181E-5,0.006436444658411921,5.896173070569611E-5,2.3737473811139378E-5,8.409466774490513E-4,3.389027843126745E-4],[0.02326343844292242,0.013526652897554248,0.01966055282116863,0.02099148428421374,0.011757693808878363,0.002671774858113286,0.02231165634989045,0.02827873898186255,0.02251858432702738,0.02110099974960318,0.008560258082497314,1.0,0.011541691374271924,0.04902954647641418,0.003778091161830014,0.027435856128524352,0.03427882011888936,0.02715108574375304,0.030783686927806107,0.01709270348576808,0.02392378760126885,0.02071381369800036,0.029349064724285407,0.022999299515107277,0.02737088018434006,0.02162646101619598,0.012797857688871194,0.013779929254643811,0.0512982222143438,0.018059714859108913,0.009903760071880489,0.024996099663736743,0.007665672780035605,0.004835231661881973,0.0243902412229853,0.015504165139987328,0.0071204478552575196,0.007506226195655714,0.0029649755525005357,0.019786666956153432,0.018267761145655353,0.015876465410776763,0.026603767818102576,0.014142258721296727],[2.163408196762324E-4,7.58487905217275E-4,0.0010411600735660137,2.804113163647011E-4,0.002017583780752869,1.7769955560599512E-4,3.9309329230490035E-4,3.0693052337334593E-4,4.266512351899311E-4,4.0585195809893194E-4,2.2156793345442475E-4,0.011541691374271924,1.0,0.01681329819617776,3.9114463688114944E-4,5.989803792664699E-4,0.02862377856662184,0.0011713257635073153,0.013094155216891562,1.6857895459932698E-4,4.81991863371332E-4,3.179240730490425E-4,0.004127851686370717,3.0635834085267075E-4,5.417461280855981E-4,1.2050924005441776E-4,2.594665095099535E-4,8.316780118364196E-4,0.028445737808722314,8.156583112914402E-5,9.484049134529251E-4,3.11371685987052E-4,4.8026010245216425E-4,2.956283715430663E-4,9.98762904071986E-4,0.0014307199049427791,9.04403643567787E-4,7.625558974965882E-4,5.123336830914955E-4,0.006471557938585044,7.617025600545899E-5,2.677110032010346E-4,0.0010857524602922262,6.909801418642473E-4],[0.04153915192762534,0.04742323160446028,0.010198181753227977,0.04403147566381967,0.04430219531715035,0.006680992407752091,0.03369191717519114,0.02539298948369388,0.008169877041115386,0.027515319431844144,0.01430026337737848,0.04902954647641418,0.01681329819617776,1.0,0.04572766318885033,0.024176396004308914,0.04778113918480314,0.01926473741914356,0.04014471678888604,0.049221770925411745,0.011277279275497699,0.047017009441613834,0.02317733038606662,0.011107122565031997,0.004876702933966852,0.04494300930533901,0.014140965954717956,0.027516802825028518,0.07501068666622158,0.019273747135713483,0.03881938186242613,0.011141418927378004,0.013611997694580038,0.018398680971009055,0.039837507619131386,0.03081598982795831,0.005842326324136914,0.0469757852384198,2.885040098521509E-4,0.05104992242160819,0.04934990334469728,5.50989800604751E-4,0.0035407164220142284,0.008137697169932198],[1.6622474692588323E-4,8.439671535904374E-4,0.0019284590231248644,3.956394504492687E-5,8.898493810602561E-4,1.4006043705194746E-4,1.5703825929049486E-4,1.4314697462025524E-4,1.5135722628990223E-4,8.036188082118534E-5,1.2607518346575037E-4,0.003778091161830014,3.9114463688114944E-4,0.04572766318885033,1.0,2.588463505574394E-4,0.04170391441423459,2.623619632664905E-4,0.030158281390075533,1.1951133865634093E-4,2.0586013660621873E-4,1.1765443552828029E-4,0.015026826919139584,6.21578992387835E-5,3.5113786763157136E-4,9.946723905775759E-5,1.0103774454081228E-4,7.62589221344238E-4,0.04215011731431304,1.63587580028123E-4,4.961742856311243E-4,7.801599189164303E-5,1.1037153676806891E-4,2.054982074160755E-4,0.0014253003368569672,0.0013882825964361503,6.435863124466413E-4,0.0010787274162301975,1.4721939147677724E-4,0.01241944570465666,1.4108367524150322E-4,5.2165468949612384E-5,3.15450025581445E-4,0.001214881758917223],[6.08830532995551E-4,0.0011209298847694939,0.0018753177049274637,1.2625245465861383E-4,0.0014915338291410364,2.2260072719945266E-4,1.0565175746637411E-4,1.390300574878704E-4,6.357548450004571E-4,6.117451922159586E-5,1.5063850467218328E-4,0.027435856128524352,5.989803792664699E-4,0.024176396004308914,2.588463505574394E-4,1.0,0.028490861876545197,0.0010467742772021402,0.020457867388805163,2.99878886747127E-4,3.1477083648292245E-4,1.7383382203776785E-4,0.007121029407290976,4.536418712637047E-4,6.454507471936547E-4,5.22488029480143E-4,6.348829947890056E-4,7.09339308648212E-4,0.00835877086597573,3.0326064788218466E-4,0.0014858471954956967,6.034558959088991E-4,4.2689230127631125E-4,2.496672962090783E-4,0.0015606475402314773,9.822642253718029E-4,7.188001542672362E-4,0.0016585338513375283,2.646766187477379E-4,0.01726850195994234,5.157072792183889E-4,3.036284278250753E-4,7.092075660510882E-4,0.0011407721943519457],[0.01879154787873764,0.04353844255147431,0.036030707191588435,0.016350778032595437,0.018775958641396633,0.038678311634468866,0.03309340396643127,0.039146648676053566,0.04135158071027793,0.003208847370701416,0.04283853898160953,0.03427882011888936,0.02862377856662184,0.04778113918480314,0.04170391441423459,0.028490861876545197,1.0,0.015111997585357652,0.03973448280883706,0.036542126068995255,0.019841994940593577,0.02016639720432179,0.023525370039849162,0.009754281348771097,0.012392836714179385,0.0024413729039985724,0.009450285966124596,0.01422023515550181,0.07093565655386067,0.030113669416940315,0.044480150782347565,0.01775414201039296,0.023151598918074175,0.04408556957418231,0.022982731394237566,0.040551193617513644,0.008440214655747612,0.035353941551770574,0.01556470766436514,0.04474139015002906,0.008883228076747504,0.03544275555567783,0.01630761124138615,0.021003385540296154],[5.227261510230179E-4,0.0013636425189348816,0.0018423017813859071,2.4379472596974634E-4,0.0013741763026153032,4.4962802130528294E-4,1.4210502438930666E-4,0.0010920624706300345,0.0012020810788043563,0.0012293877211214583,1.8074265569008124E-4,0.02715108574375304,0.0011713257635073153,0.01926473741914356,2.623619632664905E-4,0.0010467742772021402,0.015111997585357652,1.0,0.023385511203592228,5.385578693500164E-4,2.682375457137596E-4,5.19297396559672E-4,0.009593544032032494,0.0010545882799164285,7.826414542419447E-4,5.252560304155763E-4,0.0012095008054862815,0.0012619100941831175,0.08681945884984653,5.349764881831E-5,0.0016418518431012726,0.0010726771124311264,0.001044152260028277,6.020462566524471E-4,0.0014162973842315287,0.0013643589083500323,0.001205143752115845,0.0018069165103355145,5.438360375996571E-4,0.008663058911358936,2.0040477355129615E-4,0.0010409014246259263,0.0012146436689370395,0.001255809801196078],[0.004719133828931893,0.0290613455954113,0.02965098881234818,0.001497660029509857,0.006438277028063053,0.014632280006408075,0.014157098077756088,0.02055748703693169,0.006922370085345376,0.006483731070252209,0.009910926270264358,0.030783686927806107,0.013094155216891562,0.04014471678888604,0.030158281390075533,0.020457867388805163,0.03973448280883706,0.023385511203592228,1.0,0.019853431913267012,0.007145018202638982,0.018468285860514872,0.027088820252943548,0.009653544238158248,0.01955560888074293,0.02915959463136236,2.2164850908437865E-4,0.005938640761950155,0.038947199171101676,0.02951957806002937,0.001962910056017538,0.012232916680053425,8.862972312078202E-4,0.0032039851394068614,0.023383715703249694,0.023192777840843757,0.016548770325079155,0.01046335050976465,0.020655824895355678,0.02753943106455399,0.018220094553434832,0.02790392721161497,0.017022914315889676,0.027315249204582823],[1.4533393119045134E-4,6.074395780134043E-4,0.0027982442783064864,7.696151545847741E-5,4.14596804435228E-4,1.1391808602392487E-4,6.292090698951892E-5,1.0947170400935375E-4,1.2432752373129654E-4,9.01373889591895E-5,7.981569841084139E-5,0.01709270348576808,1.6857895459932698E-4,0.049221770925411745,1.1951133865634093E-4,2.99878886747127E-4,0.036542126068995255,5.385578693500164E-4,0.019853431913267012,1.0,1.871947991626787E-4,4.902565004243848E-5,0.01638999548418464,3.324467634815975E-5,4.969034823213387E-4,3.459023345421384E-5,1.6097516571890158E-5,0.0012561158722918118,0.06405648621360947,1.3704385035346439E-5,0.0013790829059576676,7.977526528817259E-5,4.071583033355528E-5,1.9455512783343173E-4,0.0015978258015270912,9.67879415437482E-4,3.4064271224814224E-4,1.956484298549596E-4,8.270171513451697E-5,0.015960060104166382,8.041928725201218E-5,5.591905545305334E-5,7.455913733147275E-4,0.0010688613178277326],[2.0209864894551294E-4,6.380973250227466E-4,0.0020323276841843515,6.243598213181302E-5,5.448776538344542E-4,2.1494321923377005E-4,2.2015985347021E-4,1.611860078336665E-4,2.0577878380400498E-4,2.3955194230456863E-5,1.370359383385929E-4,0.02392378760126885,4.81991863371332E-4,0.011277279275497699,2.0586013660621873E-4,3.1477083648292245E-4,0.019841994940593577,2.682375457137596E-4,0.007145018202638982,1.871947991626787E-4,1.0,1.6288654426991402E-4,0.001834729591539174,1.0030983124870845E-4,5.496411229352048E-4,1.4660234124012607E-4,1.9497129746523522E-4,7.052889756996183E-4,0.09711704419974254,6.37409760817855E-5,9.563470229374492E-4,1.0502428030128648E-4,2.202847974169226E-4,2.1054518867425254E-4,3.41643234525681E-4,5.852250711397963E-4,9.682004105308313E-4,6.497390172237592E-4,1.9380249112270376E-4,0.004390783039208409,1.499192529520408E-4,2.0693350387535224E-4,4.6876133851606484E-4,0.0010918601200182478],[9.568374122705131E-5,0.001146185329633435,0.0022704597238236124,1.7778226618964884E-5,0.0012636024722423023,3.620288304144639E-5,1.2057853737295799E-5,9.894673921047663E-5,3.734495085802951E-5,1.1482683125482176E-5,2.2694178820481975E-5,0.02071381369800036,3.179240730490425E-4,0.047017009441613834,1.1765443552828029E-4,1.7383382203776785E-4,0.02016639720432179,5.19297396559672E-4,0.018468285860514872,4.902565004243848E-5,1.6288654426991402E-4,1.0,0.001243547068946792,1.0536049498569686E-5,3.3954201207768035E-4,1.986450897689895E-5,1.0856361495500874E-5,2.2357569846895902E-4,0.08025853043679355,1.1330698520010363E-5,8.093883571971272E-4,1.1755303453038195E-5,3.755718349839889E-5,1.2608124036789014E-4,8.479980713866054E-4,9.935189017049996E-4,3.3174852542124556E-4,4.427493281542166E-4,1.6000805977762496E-5,0.011912381480483,1.0724987965623131E-5,1.1129629652287906E-5,2.534940870374948E-4,0.001245743526636579],[0.014689406740922794,0.006697727151481246,0.01578516955244367,0.008196120947978532,0.01664147304176954,0.008046606369978606,0.017370549415344605,0.00408440143766151,0.015094330085014195,0.006068539682150806,4.899449000430761E-4,0.029349064724285407,0.004127851686370717,0.02317733038606662,0.015026826919139584,0.007121029407290976,0.023525370039849162,0.009593544032032494,0.027088820252943548,0.01638999548418464,0.001834729591539174,0.001243547068946792,1.0,6.2376212394487E-4,0.012994797711077536,0.00348320342640872,0.01497058324180078,0.006701701982982793,0.01882139420444797,0.005051725972131464,0.008865137576975317,0.007041871007705709,0.0019250307744948984,0.015171036304909036,0.017066617983899503,0.011205486190479605,0.005009177315603696,0.015437195623033287,0.012497491397551536,0.017938383925414317,0.009297142067219802,0.016089833711163383,0.006105174891766738,0.011338142003101768],[1.3905567483833969E-4,5.347077025872854E-4,0.003017031168910463,1.6285748038629592E-5,0.0024258342371382283,4.025559649891594E-5,1.2625589558749888E-5,7.304624321833292E-5,1.520300591599811E-5,1.305384287239504E-5,1.585533556129494E-5,0.022999299515107277,3.0635834085267075E-4,0.011107122565031997,6.21578992387835E-5,4.536418712637047E-4,0.009754281348771097,0.0010545882799164285,0.009653544238158248,3.324467634815975E-5,1.0030983124870845E-4,1.0536049498569686E-5,6.2376212394487E-4,1.0,5.448619460077892E-4,1.5602034793091535E-5,1.2613831792542866E-5,5.560441973099557E-4,0.007928962842009099,1.3752302662337162E-5,6.428402230743214E-4,2.3012607615443036E-5,1.9044245596109025E-5,1.7155012836596174E-4,0.0015604930399349174,4.319727019225652E-4,5.920358895660512E-4,0.001871385844112801,1.542932069533357E-5,0.006185756906136538,1.1007037069200355E-5,1.86966876761139E-5,9.891682254885876E-4,3.3205887132391464E-4],[2.60078015219753E-4,6.030387540564003E-4,0.0013931955975511217,1.690586349109251E-4,0.0017922956194480403,3.215489581572756E-4,4.991428304253892E-4,1.7420857370999436E-4,1.4749504839114605E-4,3.386793557916542E-4,5.050970848906832E-4,0.02737088018434006,5.417461280855981E-4,0.004876702933966852,3.5113786763157136E-4,6.454507471936547E-4,0.012392836714179385,7.826414542419447E-4,0.01955560888074293,4.969034823213387E-4,5.496411229352048E-4,3.3954201207768035E-4,0.012994797711077536,5.448619460077892E-4,1.0,2.0796358810287754E-4,2.347638092597499E-4,0.0011069075583549342,0.06854163658549862,2.485092642651437E-4,0.0011493256030341208,1.9940470381245287E-4,2.558914214501145E-4,3.282965728396122E-4,6.249067641003114E-4,0.001106108330164206,9.978349812065225E-4,0.0018351636999493373,2.3071313286563482E-4,0.00484372836562277,2.1068724618064654E-4,2.1354288918681597E-4,9.896567044518942E-4,7.66422677752625E-4],[1.1972411544420276E-4,9.541717588629886E-4,0.003275854288344253,2.273025323301776E-5,9.731098729176569E-4,8.105253590840589E-5,1.926957767102046E-5,1.1005355221707865E-4,2.6509149592777235E-5,2.187667676554568E-5,5.420166967832177E-5,0.02162646101619598,1.2050924005441776E-4,0.04494300930533901,9.946723905775759E-5,5.22488029480143E-4,0.0024413729039985724,5.252560304155763E-4,0.02915959463136236,3.459023345421384E-5,1.4660234124012607E-4,1.986450897689895E-5,0.00348320342640872,1.5602034793091535E-5,2.0796358810287754E-4,1.0,1.6974925145722915E-5,4.352254959550797E-4,0.017323930279666975,1.3487189179984181E-5,0.0011728097261777199,2.4940864841355172E-5,2.8079599613947273E-5,1.95940778116482E-4,0.001355994876713779,3.751279261842465E-4,3.327773140259214E-4,0.001388363922473474,2.230538054691918E-5,0.0011998094256721182,2.2217718188076888E-5,2.469344756302375E-5,9.967298087466075E-5,2.645171707947674E-4],[4.201879331190638E-5,0.0011635366452755777,0.0030230849817257355,1.7071812093921006E-5,0.00238044419387116,9.815917640228631E-5,1.1492977829037689E-5,9.678313868631181E-5,1.0403611851841788E-4,1.1656963258334975E-5,4.244947602032028E-5,0.012797857688871194,2.594665095099535E-4,0.014140965954717956,1.0103774454081228E-4,6.348829947890056E-4,0.009450285966124596,0.0012095008054862815,2.2164850908437865E-4,1.6097516571890158E-5,1.9497129746523522E-4,1.0856361495500874E-5,0.01497058324180078,1.2613831792542866E-5,2.347638092597499E-4,1.6974925145722915E-5,1.0,4.873438708680145E-4,0.023421664697242644,1.3192190979236123E-5,0.0016415863210582757,2.3982897045532373E-5,1.5475868082523684E-5,1.0657192885967764E-4,5.738186480462861E-4,7.707851356626777E-4,7.666754368380289E-4,9.524146311603351E-4,1.4161860575515206E-5,0.007614282916012071,1.0968549749363571E-5,1.7657474852187977E-5,8.013432454211773E-4,7.598580818590165E-4],[6.700232607095766E-4,0.0013766789923609823,0.0020800984677741084,4.446777283513552E-4,0.001925862195821086,8.004966353150517E-4,7.958235509201128E-4,0.001179479098262764,3.938914463903878E-4,0.0010665757423003145,0.0011398409453437458,0.013779929254643811,8.316780118364196E-4,0.027516802825028518,7.62589221344238E-4,7.09339308648212E-4,0.01422023515550181,0.0012619100941831175,0.005938640761950155,0.0012561158722918118,7.052889756996183E-4,2.2357569846895902E-4,0.006701701982982793,5.560441973099557E-4,0.0011069075583549342,4.352254959550797E-4,4.873438708680145E-4,1.0,0.08808121321063299,0.0010464793159721253,0.0016151172047391732,7.821947530283084E-5,0.0011530689736916526,2.2757713867424106E-4,0.0013392904818231987,0.001305171316097186,0.0012354818852711286,0.0013428521679114405,8.921474832580273E-4,0.009001021721062853,1.8686199961399748E-4,6.206734616447667E-4,0.0012556430088422588,0.0012719845014792582],[0.0955816454570279,0.07847468116030755,0.05380835359782009,0.06863617464146467,0.06720428625762313,0.05540060363398615,0.015021200621789663,0.01635388408897102,0.006697816988593325,0.04711766869671008,0.0021358918846730727,0.0512982222143438,0.028445737808722314,0.07501068666622158,0.04215011731431304,0.00835877086597573,0.07093565655386067,0.08681945884984653,0.038947199171101676,0.06405648621360947,0.09711704419974254,0.08025853043679355,0.01882139420444797,0.007928962842009099,0.06854163658549862,0.017323930279666975,0.023421664697242644,0.08808121321063299,1.0,0.04250890366898839,0.03677508119640082,0.08023200795854957,0.09207872856932303,0.07638433830753524,0.01307819698451495,0.07029409781467069,0.032228635363220466,0.010206799097839052,0.039096607108066346,0.022819895550075773,0.018360513857038154,0.09628333652809533,0.05940978636516397,0.06904524525058589],[1.4005604072144054E-4,3.6667418612895545E-4,7.552098638310293E-4,2.0297086826493124E-5,5.86770629362932E-4,3.311711177936304E-5,1.314893923624987E-5,3.897411367586952E-5,1.3349980252957906E-4,1.3382008257759768E-5,4.0568330447042906E-5,0.018059714859108913,8.156583112914402E-5,0.019273747135713483,1.63587580028123E-4,3.0326064788218466E-4,0.030113669416940315,5.349764881831E-5,0.02951957806002937,1.3704385035346439E-5,6.37409760817855E-5,1.1330698520010363E-5,0.005051725972131464,1.3752302662337162E-5,2.485092642651437E-4,1.3487189179984181E-5,1.3192190979236123E-5,0.0010464793159721253,0.04250890366898839,1.0,0.0015517400911246378,1.9542390307498863E-5,2.5736000779608026E-5,1.618670248461501E-4,8.295114667391296E-4,4.0501260080604825E-4,6.925852884514269E-4,0.0010737390317307727,1.4485371438776757E-5,0.004461359384163722,1.2625311854358657E-5,2.106855750510505E-5,2.419150003027668E-4,4.8435219162260647E-4],[6.706763741846755E-4,0.001639552247786463,0.003739515841357133,3.4868419972368966E-4,0.0020010500766902066,8.496219341282376E-4,0.0010458391650337668,9.480632940320192E-4,9.93534927386042E-4,0.0015866384700204729,0.0010754513758824084,0.009903760071880489,9.484049134529251E-4,0.03881938186242613,4.961742856311243E-4,0.0014858471954956967,0.044480150782347565,0.0016418518431012726,0.001962910056017538,0.0013790829059576676,9.563470229374492E-4,8.093883571971272E-4,0.008865137576975317,6.428402230743214E-4,0.0011493256030341208,0.0011728097261777199,0.0016415863210582757,0.0016151172047391732,0.03677508119640082,0.0015517400911246378,1.0,9.253674208564314E-4,7.3028738522489E-5,0.001349958125314188,0.0017126747620193135,0.0015552181845719076,0.0015882987993883983,0.0017926290480902824,0.001356072713557941,0.014051455121959376,0.00101831144363213,0.0011496652299665209,0.0016257955746710484,0.0013377442003757725],[7.047902589426097E-5,3.264529734366213E-4,7.381323336173218E-4,2.6959446201864506E-5,9.313024219074738E-4,1.2366958614221937E-4,1.7048840122933332E-5,3.837103249103963E-5,6.979442278313961E-5,2.7249309216042358E-5,6.0448395742830075E-5,0.024996099663736743,3.11371685987052E-4,0.011141418927378004,7.801599189164303E-5,6.034558959088991E-4,0.01775414201039296,0.0010726771124311264,0.012232916680053425,7.977526528817259E-5,1.0502428030128648E-4,1.1755303453038195E-5,0.007041871007705709,2.3012607615443036E-5,1.9940470381245287E-4,2.4940864841355172E-5,2.3982897045532373E-5,7.821947530283084E-5,0.08023200795854957,1.9542390307498863E-5,9.253674208564314E-4,1.0,3.144065257443799E-5,2.069815178982816E-4,0.0011059863137822127,4.3257553767478895E-4,1.056153359342695E-4,0.0010120164832361721,2.670489976151472E-5,0.007208577862416805,1.9550950937454344E-5,2.5936717307212177E-5,0.0010390066430928798,3.0398092089558014E-4],[1.4733426930215452E-4,9.704247736069213E-4,0.001096237854752922,3.0290871017019324E-5,1.5953478183926883E-4,7.900510899131964E-5,2.4252788353054655E-5,1.000242509702323E-4,8.99532368862832E-5,2.3244329215199467E-5,5.382773699555452E-5,0.007665672780035605,4.8026010245216425E-4,0.013611997694580038,1.1037153676806891E-4,4.2689230127631125E-4,0.023151598918074175,0.001044152260028277,8.862972312078202E-4,4.071583033355528E-5,2.202847974169226E-4,3.755718349839889E-5,0.0019250307744948984,1.9044245596109025E-5,2.558914214501145E-4,2.8079599613947273E-5,1.5475868082523684E-5,0.0011530689736916526,0.09207872856932303,2.5736000779608026E-5,7.3028738522489E-5,3.144065257443799E-5,1.0,9.499275326428816E-5,7.731281903546227E-4,0.0012699482189860952,4.4654933417970336E-4,0.0016479297418478627,3.0913397422043036E-5,0.01646710196968847,1.7408229143025636E-5,3.020529154595413E-5,6.97567550414542E-4,6.641869260213895E-4],[1.57106028913795E-4,0.0010623821515339364,0.0017298613019248567,1.4223381377010422E-4,0.0011674339705776142,1.7966809712735427E-4,8.102577021322263E-5,1.9493253287370416E-4,1.614509554094539E-4,1.8206615562497283E-4,8.245699590790815E-5,0.004835231661881973,2.956283715430663E-4,0.018398680971009055,2.054982074160755E-4,2.496672962090783E-4,0.04408556957418231,6.020462566524471E-4,0.0032039851394068614,1.9455512783343173E-4,2.1054518867425254E-4,1.2608124036789014E-4,0.015171036304909036,1.7155012836596174E-4,3.282965728396122E-4,1.95940778116482E-4,1.0657192885967764E-4,2.2757713867424106E-4,0.07638433830753524,1.618670248461501E-4,0.001349958125314188,2.069815178982816E-4,9.499275326428816E-5,1.0,2.960907516813393E-4,0.0014005436981256378,5.046595297967594E-4,9.679278092178183E-4,1.2078840498765676E-4,0.016554293229345044,4.8781901978794374E-5,9.4960472578558E-5,7.598994497998496E-4,9.195153882215525E-4],[0.0011122632061536003,0.0015220264005860545,0.0020154145425716444,0.0011133972497884435,0.0024254617177311777,0.0013299593191062294,0.0011532150818155125,0.0011273953515742578,0.0010424689512915754,1.4187621945867918E-4,0.001475626865304857,0.0243902412229853,9.98762904071986E-4,0.039837507619131386,0.0014253003368569672,0.0015606475402314773,0.022982731394237566,0.0014162973842315287,0.023383715703249694,0.0015978258015270912,3.41643234525681E-4,8.479980713866054E-4,0.017066617983899503,0.0015604930399349174,6.249067641003114E-4,0.001355994876713779,5.738186480462861E-4,0.0013392904818231987,0.01307819698451495,8.295114667391296E-4,0.0017126747620193135,0.0011059863137822127,7.731281903546227E-4,2.960907516813393E-4,1.0,0.0015960597385703936,0.001525604231573464,0.0018638072608902051,0.0014519810243256454,0.00864201129847684,0.0010244679278815858,1.541954775610653E-4,0.0012545135565687278,0.001429938961933966],[7.861150325814711E-4,0.001474862154188067,0.0015063968576618132,3.587417049619661E-4,0.001674680487636547,8.210353412799658E-4,5.895296412526828E-4,0.001407776093574394,0.0012457064434997136,7.769265183844034E-5,9.399513303847258E-4,0.015504165139987328,0.0014307199049427791,0.03081598982795831,0.0013882825964361503,9.822642253718029E-4,0.040551193617513644,0.0013643589083500323,0.023192777840843757,9.67879415437482E-4,5.852250711397963E-4,9.935189017049996E-4,0.011205486190479605,4.319727019225652E-4,0.001106108330164206,3.751279261842465E-4,7.707851356626777E-4,0.001305171316097186,0.07029409781467069,4.0501260080604825E-4,0.0015552181845719076,4.3257553767478895E-4,0.0012699482189860952,0.0014005436981256378,0.0015960597385703936,1.0,0.00133202234910442,0.0015054107754233106,0.0013735417550634536,0.01664932026339649,4.1588465582468876E-4,9.113940018043032E-4,0.0012657613408438696,0.0013283662866650737],[5.262990996095275E-4,0.0013665789637472734,0.0033490421836925863,8.116939531558143E-4,0.0017288558152098589,1.903898470670708E-4,5.590871691501436E-4,6.359508899525685E-4,1.832955390243397E-4,0.001131243973333328,4.5374057560257E-4,0.0071204478552575196,9.04403643567787E-4,0.005842326324136914,6.435863124466413E-4,7.188001542672362E-4,0.008440214655747612,0.001205143752115845,0.016548770325079155,3.4064271224814224E-4,9.682004105308313E-4,3.3174852542124556E-4,0.005009177315603696,5.920358895660512E-4,9.978349812065225E-4,3.327773140259214E-4,7.666754368380289E-4,0.0012354818852711286,0.032228635363220466,6.925852884514269E-4,0.0015882987993883983,1.056153359342695E-4,4.4654933417970336E-4,5.046595297967594E-4,0.001525604231573464,0.00133202234910442,1.0,0.0017773828211236015,9.337382160688778E-4,0.011859358447767062,5.799803826460642E-4,0.0011561975200893003,0.0011773616753008454,0.0011900336109594192],[5.441841887063866E-4,0.001890145859834253,0.003383775713230934,0.0011709164908358808,0.002212290161436612,0.0014665700604700707,8.613628753843796E-4,3.97717895396692E-4,0.001454503592632618,5.414486236443905E-4,0.0018797413940820204,0.007506226195655714,7.625558974965882E-4,0.0469757852384198,0.0010787274162301975,0.0016585338513375283,0.035353941551770574,0.0018069165103355145,0.01046335050976465,1.956484298549596E-4,6.497390172237592E-4,4.427493281542166E-4,0.015437195623033287,0.001871385844112801,0.0018351636999493373,0.001388363922473474,9.524146311603351E-4,0.0013428521679114405,0.010206799097839052,0.0010737390317307727,0.0017926290480902824,0.0010120164832361721,0.0016479297418478627,9.679278092178183E-4,0.0018638072608902051,0.0015054107754233106,0.0017773828211236015,1.0,0.001867700321249142,0.0027244180211866064,0.0019225500646950506,3.040655547996577E-4,0.001216090807785243,0.0017581631541784173],[2.7121381752728787E-5,6.50161624123322E-4,0.002098153688384375,2.1994082453390205E-5,0.001806423968579317,8.839924785486282E-5,1.3965673154647747E-5,8.896576463244819E-5,7.821049953928724E-5,1.9571257971029988E-5,4.937086415169181E-5,0.0029649755525005357,5.123336830914955E-4,2.885040098521509E-4,1.4721939147677724E-4,2.646766187477379E-4,0.01556470766436514,5.438360375996571E-4,0.020655824895355678,8.270171513451697E-5,1.9380249112270376E-4,1.6000805977762496E-5,0.012497491397551536,1.542932069533357E-5,2.3071313286563482E-4,2.230538054691918E-5,1.4161860575515206E-5,8.921474832580273E-4,0.039096607108066346,1.4485371438776757E-5,0.001356072713557941,2.670489976151472E-5,3.0913397422043036E-5,1.2078840498765676E-4,0.0014519810243256454,0.0013735417550634536,9.337382160688778E-4,0.001867700321249142,1.0,0.015742759498586313,1.7620504870019222E-5,2.224551543612054E-5,9.739459284005922E-4,1.9467931911115263E-4],[0.014845654518619,0.011026773598135479,0.0063945724625168125,0.00503564079170261,0.014104336471184042,0.0033908035812439253,0.009215847551284372,0.004277419129755993,0.016630515498653232,0.01191645376471188,0.006436444658411921,0.019786666956153432,0.006471557938585044,0.05104992242160819,0.01241944570465666,0.01726850195994234,0.04474139015002906,0.008663058911358936,0.02753943106455399,0.015960060104166382,0.004390783039208409,0.011912381480483,0.017938383925414317,0.006185756906136538,0.00484372836562277,0.0011998094256721182,0.007614282916012071,0.009001021721062853,0.022819895550075773,0.004461359384163722,0.014051455121959376,0.007208577862416805,0.01646710196968847,0.016554293229345044,0.00864201129847684,0.01664932026339649,0.011859358447767062,0.0027244180211866064,0.015742759498586313,1.0,0.014286593591751702,0.015937925280683142,0.015107332808843054,0.003942506858843096],[2.941513248231644E-5,2.7616965518177894E-4,0.002840217630633334,2.0070547030914848E-5,8.392267963345116E-4,3.903529333405472E-5,1.1598154278666072E-5,9.367465714490594E-5,5.702641615845123E-5,1.1015711558760886E-5,5.896173070569611E-5,0.018267761145655353,7.617025600545899E-5,0.04934990334469728,1.4108367524150322E-4,5.157072792183889E-4,0.008883228076747504,2.0040477355129615E-4,0.018220094553434832,8.041928725201218E-5,1.499192529520408E-4,1.0724987965623131E-5,0.009297142067219802,1.1007037069200355E-5,2.1068724618064654E-4,2.2217718188076888E-5,1.0968549749363571E-5,1.8686199961399748E-4,0.018360513857038154,1.2625311854358657E-5,0.00101831144363213,1.9550950937454344E-5,1.7408229143025636E-5,4.8781901978794374E-5,0.0010244679278815858,4.1588465582468876E-4,5.799803826460642E-4,0.0019225500646950506,1.7620504870019222E-5,0.014286593591751702,1.0,1.1815465632407741E-5,8.917879618713112E-4,8.410909919855823E-4],[5.474451563738757E-5,1.8632672240876164E-4,0.0030569832285845303,2.1886829465961404E-5,0.0010965184059071108,9.416002788860257E-5,2.0920815550761462E-5,5.5084448313157596E-5,2.5911175217025686E-5,1.3412502141698142E-5,2.3737473811139378E-5,0.015876465410776763,2.677110032010346E-4,5.50989800604751E-4,5.2165468949612384E-5,3.036284278250753E-4,0.03544275555567783,0.0010409014246259263,0.02790392721161497,5.591905545305334E-5,2.0693350387535224E-4,1.1129629652287906E-5,0.016089833711163383,1.86966876761139E-5,2.1354288918681597E-4,2.469344756302375E-5,1.7657474852187977E-5,6.206734616447667E-4,0.09628333652809533,2.106855750510505E-5,0.0011496652299665209,2.5936717307212177E-5,3.020529154595413E-5,9.4960472578558E-5,1.541954775610653E-4,9.113940018043032E-4,0.0011561975200893003,3.040655547996577E-4,2.224551543612054E-5,0.015937925280683142,1.1815465632407741E-5,1.0,2.3618018597759428E-4,8.002025994901919E-4],[5.864125516051235E-4,0.0013601099325888254,0.0034050294625618824,3.670783431596932E-5,0.0012273232871918,0.0011137397110160038,7.752636873498614E-4,7.203537188048609E-4,8.205997159110612E-4,3.947841548444578E-4,8.409466774490513E-4,0.026603767818102576,0.0010857524602922262,0.0035407164220142284,3.15450025581445E-4,7.092075660510882E-4,0.01630761124138615,0.0012146436689370395,0.017022914315889676,7.455913733147275E-4,4.6876133851606484E-4,2.534940870374948E-4,0.006105174891766738,9.891682254885876E-4,9.896567044518942E-4,9.967298087466075E-5,8.013432454211773E-4,0.0012556430088422588,0.05940978636516397,2.419150003027668E-4,0.0016257955746710484,0.0010390066430928798,6.97567550414542E-4,7.598994497998496E-4,0.0012545135565687278,0.0012657613408438696,0.0011773616753008454,0.001216090807785243,9.739459284005922E-4,0.015107332808843054,8.917879618713112E-4,2.3618018597759428E-4,1.0,0.0012454134759313771],[8.427576067025189E-4,0.0012970484581382687,0.0033836541667504718,0.0012543916468808892,0.0014813264297131618,0.0012113409917611784,4.4623135341744576E-4,6.288424570820404E-4,6.97832012604868E-4,2.898827791128852E-4,3.389027843126745E-4,0.014142258721296727,6.909801418642473E-4,0.008137697169932198,0.001214881758917223,0.0011407721943519457,0.021003385540296154,0.001255809801196078,0.027315249204582823,0.0010688613178277326,0.0010918601200182478,0.001245743526636579,0.011338142003101768,3.3205887132391464E-4,7.66422677752625E-4,2.645171707947674E-4,7.598580818590165E-4,0.