[[1.0,6.813173302403587E-4,4.432707312183601E-4,0.006634221584632294,3.972708210121387E-4,3.6394187134981734E-4,8.204851199071856E-4,4.1953227444263384E-4,4.358057204118485E-4,5.828124440487042E-4,2.955332021406912E-4,0.0017307856464374586,0.001731555291717862,6.239074780299261E-4,0.00379699662298897,1.6594143567811716E-4,2.583904485975748E-4,0.03158451060021465,0.0014933753531030038,6.90015379677405E-4,6.319099443221222E-4,5.541601589035473E-4,8.308090810146245E-4,0.007685778666947341,0.015979899978250365,7.054050811730196E-4,2.3298683940609256E-4,0.005061478656668336,0.047263281328959975,6.327377513645173E-4,8.792457657894675E-4,0.011026401350270056,5.342540353719079E-4,8.433739741472045E-4,8.284996812720374E-4,0.018161332878523277,8.617183992726948E-4,9.473010883411462E-4,0.001633481787087497,3.0604017948848066E-4,3.617284422847579E-4,5.904076941727816E-5,0.00435681946593355,8.693914800190585E-4,0.005848604757534763,1.254617055539163E-4,6.049376424657426E-4,0.004363658327823033,0.0017310939570587317,4.954356231748803E-4,5.84800498855124E-4,0.0018509675342940615,3.6414203468788936E-4,0.0076966105258356515,3.864405635541138E-4,6.001862779742158E-4,0.007358340189547811,6.059786112517726E-4],[6.813173302403587E-4,1.0,6.323797236909204E-4,0.008508212127601864,4.529303005446459E-4,8.308022288152966E-4,9.323773073020814E-4,2.0270000860304717E-4,7.533218613532449E-4,5.328043823857479E-4,5.349897106772757E-4,0.0015254081113023317,0.028864495198078308,3.778079970038021E-4,0.003050379123026697,6.542088692436402E-4,3.016592974174907E-4,0.013253317956167915,0.0037987108730657563,8.379130444056603E-4,2.0787071440045532E-4,1.3246265006451713E-4,0.001461512256304127,0.0041043151663731755,0.00547658480826774,0.0011015591237028956,3.305947848159398E-4,0.008845483594646658,0.09976503907910052,6.799661005611509E-4,0.001063537050624107,0.00833527345695761,9.498254726741799E-4,0.0010553034855816973,0.0010570603387398889,0.008327200201269095,0.0010537899436729769,0.0010980415127539538,0.001266042415723329,9.561571847101663E-4,8.378741064454657E-5,4.049686707249879E-4,0.012932521249087402,0.001596047630189834,0.0040632636248675545,6.780029877119453E-4,1.9173221738962357E-5,0.001896796310717839,0.0022775150320927433,6.745761747182589E-4,7.918970200625059E-4,0.00450761880432496,9.38855300526141E-4,0.006195969603339402,7.385973589838477E-4,5.497076687717066E-4,0.018615814324571045,0.0010196263882853121],[4.432707312183601E-4,6.323797236909204E-4,1.0,0.01613036724143399,3.097809653169837E-4,1.6707882910906157E-4,4.7732472181381434E-4,1.3337715050394688E-4,1.2221972199838297E-4,1.7663601495287307E-4,1.3392067463307054E-4,1.873916257851826E-4,0.01788159985014942,1.618334558090884E-4,0.0016350468798224911,1.30866252727376E-4,2.8059249759607934E-5,0.004424699405137341,0.003679494840246805,3.0701974705246097E-4,1.3695977660611327E-4,1.5144939924788124E-4,1.8047808690325003E-4,0.00752666394280848,0.007486488398217808,0.0011445722138861388,1.767874561707082E-4,0.0016777503965998036,0.03353015731131565,1.453715755409064E-4,2.3540972373313528E-4,0.06409940343658486,1.8495073097773897E-4,0.0010221999097409578,9.877078871869708E-4,0.013452632621328512,8.454916509960921E-4,7.725370080203292E-4,4.3263082262985436E-4,1.6625495073924887E-4,7.254158354459968E-5,1.0288007020172213E-4,0.007521508760680207,8.401450796849997E-4,0.009068240947462225,1.3555309175999162E-4,1.526699079462891E-4,5.314613932696098E-4,0.001954736036669817,3.307053139589633E-4,1.1907936004697009E-4,0.0010928390559421862,1.4847772119381527E-4,0.007827784553019444,1.6371287273505512E-4,8.469961977776037E-5,0.01722183182955747,2.484702011463096E-4],[0.006634221584632294,0.008508212127601864,0.01613036724143399,1.0,0.020807709675484686,0.01781290654685195,0.017411174539157553,0.009839654841062468,0.01848002991405613,0.016641116496027796,0.01494935252437977,0.014596155663676504,0.021648607652165103,0.013952800610624,0.018000970138878667,0.01785176019690302,0.011730973836623235,0.03444112524253054,0.020156839271948026,0.004299929957013794,0.010800538096486394,0.013359184797014987,0.019182017083777276,0.012551627462321392,0.017520000323295308,0.005810928291471142,0.0073845753576365055,0.013261492890921624,0.06828907493796528,0.015905992198562684,0.02105049369496121,0.0476018112740352,0.02009040943791476,0.020017459047191093,0.014710012078543345,0.021323593900815924,0.016889139889699235,0.003359459087456779,0.004565938871006507,0.017782418933325758,0.013832961867779258,0.00918641853204885,0.016165280930518784,0.007928679530055178,0.014177192349270357,0.008442376617803364,0.015798356729218546,0.014677517493895481,0.007958852444847427,0.009339354141133632,0.01596973297656996,0.014826827815008718,0.004703876336975379,0.017632278038612923,0.001672262893746364,0.013500098453633227,0.022132214983735903,0.006322027390095152],[3.972708210121387E-4,4.529303005446459E-4,3.097809653169837E-4,0.020807709675484686,1.0,3.629118586788216E-4,6.424980466530033E-4,1.9266952739553532E-5,3.1437539340325044E-4,2.174906258934974E-4,3.397063508500667E-4,0.0021279758983175612,0.023214658430057343,2.0342607880670252E-4,0.0037457322762115856,1.7540307579958834E-4,3.311082098887353E-4,0.009998342501085469,0.0018953238116959524,6.792295230071133E-4,3.490443495340397E-4,2.176653672004762E-4,4.2919609184402724E-4,0.0026714915872482333,0.01598587059418359,4.276417103434051E-4,3.479943787783258E-4,0.005810873707315277,0.025673192636812975,9.44955476886409E-5,6.993605532450459E-4,0.010458903451193463,2.1927025744497073E-4,9.132402108148537E-4,7.777027775931266E-4,0.012685132285541629,6.062383365185084E-4,5.800543505498597E-4,5.735137511296783E-4,2.6401885188779574E-4,2.1141563970381505E-4,3.3941500705372244E-4,0.005385582380900961,0.0010609587102984807,0.002523757628445302,2.51470637927336E-4,2.6255360036718096E-5,0.0017550503686873335,0.0017813220072536837,4.0095017308939537E-4,2.262782517084438E-4,0.001741893606742187,1.6658589197465073E-4,0.007241462328712429,3.250913682361253E-4,8.621007183367893E-5,0.012322825870557516,3.5240717484427307E-4],[3.6394187134981734E-4,8.308022288152966E-4,1.6707882910906157E-4,0.01781290654685195,3.629118586788216E-4,1.0,6.045572980786676E-4,2.728355426492994E-4,1.0420912474076499E-4,2.165521756653452E-4,3.428492424565969E-4,0.0016046983258516264,0.009733857422990004,2.0182551002883672E-4,0.0011824202101949996,2.9883790218127054E-4,2.7444625913008026E-4,0.005698582549809221,8.059210259240362E-4,6.78427702319094E-4,3.030066302548916E-4,1.6648160596760428E-4,7.093094370364079E-4,7.721532629677442E-4,0.013769428006199146,6.253566310530593E-4,2.8997242689463585E-4,0.008131618096259256,0.012221905395342665,2.038609374368654E-5,6.457517925677452E-4,0.04954344764608035,2.508199194278005E-4,8.057998335591182E-4,8.236547472836846E-4,0.017822985506094784,0.0010133997848620253,3.5935453066505973E-4,8.304484146600818E-4,2.7274056172694127E-4,1.5004880239348928E-4,1.634143279251537E-4,0.01216427614884383,0.0014646839770907662,0.006377938378236729,1.8562180056280853E-4,2.154820145281285E-4,0.0035878190590278814,0.0017984407654091357,3.8087192174232013E-4,1.9547030307487064E-4,0.011396075305291504,3.4802907442875886E-4,0.00622476548498134,2.7149123161452883E-4,2.686484195099808E-4,0.012931168803405113,3.310428526371327E-4],[8.204851199071856E-4,9.323773073020814E-4,4.7732472181381434E-4,0.017411174539157553,6.424980466530033E-4,6.045572980786676E-4,1.0,2.5230041128783333E-4,4.186813260926906E-4,6.141022177460811E-4,8.078106638946809E-4,0.001975016686804603,0.007589015061251553,4.855739930759211E-4,0.002787585532622558,3.5961048395135003E-4,4.0929060124070125E-4,0.004376014210035706,0.0038992075030175656,8.704103821203834E-4,3.038616318721786E-4,1.6942131843186348E-4,0.00155512693564049,0.00712660697854985,0.012902580196914832,0.0010111539543928827,2.068795145290946E-4,0.008516410841271069,0.08906330413699463,7.557133406006895E-4,9.485179570216665E-4,0.006685572548504199,4.4353352657044976E-4,9.494009111389605E-4,9.340232132192511E-4,0.01687752788658064,9.620122498595945E-4,9.680192195899165E-4,0.0016998076163010003,2.733033746465573E-4,5.477068656101002E-4,7.602961164466217E-4,0.007072998990460601,0.00153272431866867,0.007493600953871386,6.419574239146828E-4,6.985212061589813E-4,0.0016704573377351864,0.0026728461244083625,8.780455035190426E-4,4.6228971724604473E-4,0.007772325685160772,1.3260499922613164E-4,0.003129937916916699,4.197651975968232E-4,4.1017638072589994E-5,0.014875363965581504,3.0028982270468484E-4],[4.1953227444263384E-4,2.0270000860304717E-4,1.3337715050394688E-4,0.009839654841062468,1.9266952739553532E-5,2.728355426492994E-4,2.5230041128783333E-4,1.0,8.753086169048312E-5,6.376915975497199E-5,7.437273694990077E-5,9.758519749485158E-4,0.022899066820194432,9.075367233090474E-5,0.002591433147573407,1.4245713860158357E-5,1.0735992425675813E-5,0.024224423051882323,0.002862510336695058,6.080270798018943E-4,4.8353415055061666E-5,8.265872670850896E-5,0.0014106170650478194,0.0021095089342654015,0.008682646676110838,7.114068403795088E-5,1.517343547896754E-4,0.0029715641602318125,0.027134192709754593,1.430318482945149E-5,9.925020336909833E-4,0.04185349154613858,1.3126007038170116E-4,5.221849999410204E-4,2.0435519050294502E-4,0.005080237783658801,8.048323864764554E-4,7.192743367174965E-4,4.4042624853371255E-4,6.88939744108566E-5,1.3832976392894554E-5,1.2064455247905186E-5,0.0020324657805844307,0.0013335677700365848,0.0020094596689846406,8.593741487336953E-5,1.086038396779417E-5,0.004176849731909421,0.0033809558819965393,3.374799406048223E-4,7.372583025309977E-5,0.007222188798354839,3.8067966376205295E-5,0.005630240033672971,6.853859877772399E-5,2.1259846639440332E-5,0.020703246042529197,7.271680045042633E-5],[4.358057204118485E-4,7.533218613532449E-4,1.2221972199838297E-4,0.01848002991405613,3.1437539340325044E-4,1.0420912474076499E-4,4.186813260926906E-4,8.753086169048312E-5,1.0,1.0036090454841682E-4,1.0985628295122145E-4,7.612353176105501E-4,0.01627913899874067,1.5405974779172506E-4,0.003135278042041689,9.769019394656719E-5,6.572681081092593E-5,0.005618041844425697,0.002202031385719881,1.8711726614253663E-4,1.2828137902313411E-4,9.862811900705983E-5,8.800946626890297E-4,0.006504605970861351,0.009745195844246763,3.9655182192375283E-4,1.1755151742920758E-4,0.0021754589236041063,0.07975379402577898,4.2296299444881613E-5,9.351199329469474E-4,0.02653322900249474,1.8093435000552676E-4,5.297341129886978E-4,6.883351662116159E-4,0.01157031796674667,5.629093484558508E-4,9.561386760925396E-4,0.0017340839186804685,1.3807149157030117E-4,2.33455158918283E-5,8.490344087535213E-5,0.00797393078251624,0.0013219217022127244,0.004097135292407403,1.1052158408817509E-4,2.289181179318274E-5,0.0034505313679335614,0.0011522747115819505,4.443762370389154E-4,1.0049513633354506E-4,0.0017532604124166208,1.0866404701688739E-4,0.007393937454598447,1.1327255440032832E-4,3.249213646222815E-5,0.022626672167018975,1.0133542331738788E-4],[5.828124440487042E-4,5.328043823857479E-4,1.7663601495287307E-4,0.016641116496027796,2.174906258934974E-4,2.165521756653452E-4,6.141022177460811E-4,6.376915975497199E-5,1.0036090454841682E-4,1.0,1.233538675788659E-4,0.0014171028689995498,0.005608830494930396,1.7158067591179242E-4,0.003617113681073877,1.234681404401344E-4,1.3787677464596564E-4,0.033477418975435734,0.0040262639460657106,6.592525680669766E-4,1.4166595795799588E-4,1.2973215720414325E-4,5.199999588013297E-4,0.008774915777826747,7.715019168757194E-4,5.449825286954688E-4,1.899221482686476E-4,0.002445355467123846,0.0042877952432281916,2.8168149308027597E-5,3.847082560860599E-4,0.02064970279424153,1.824852065855127E-4,0.0010472280659289967,3.1036512751467823E-4,0.018037483314349602,2.2495658501652937E-4,7.827725601865191E-4,8.068494247934523E-4,1.821567240385754E-4,7.022467215742866E-5,9.65884396516594E-5,0.006748677093251493,4.4721748007949555E-4,0.005176389199118829,1.2736640210725557E-4,1.3094700641039513E-4,0.0031345835927430576,0.00278549448722698,4.5518551321212133E-4,1.6620611979303748E-4,0.007705305002795208,1.6636167201724298E-4,0.0027679180242686104,1.7434243604475861E-4,7.535129805366234E-5,0.012346778593631454,2.3037419484694228E-4],[2.955332021406912E-4,5.349897106772757E-4,1.3392067463307054E-4,0.01494935252437977,3.397063508500667E-4,3.428492424565969E-4,8.078106638946809E-4,7.437273694990077E-5,1.0985628295122145E-4,1.233538675788659E-4,1.0,0.0018371205514740115,0.013339702300812726,1.4801928727911255E-4,0.0024719565604603365,1.0540243246168389E-4,5.9401524316856766E-5,0.029333863598190006,0.004899468859647333,6.273257815337433E-4,1.2166495023211269E-4,1.1781121679884892E-4,0.0012380632507033031,0.0020106245749253264,0.008944812247743836,0.0013594399620417748,1.7629844940780998E-4,0.005781166234120386,0.04074461520410982,1.1552137758342153E-4,3.696662920554101E-4,0.04292405830234608,1.6480154768328518E-4,7.782670921018011E-4,9.625425817807128E-4,0.005855056355469911,7.597780781555359E-4,7.978095387853726E-4,0.0017931674852543719,1.5343616602068444E-4,8.137032042155904E-5,7.794100156024341E-5,0.004681096669678873,0.0012377612049311408,0.008867295940394385,1.187152612694597E-4,7.253225322501068E-5,6.153643848073725E-4,0.0030999195150545568,3.477511093723281E-4,1.0375592259573437E-4,0.010717151566360184,1.2002231974536328E-4,0.010228862571332058,1.7008918552579303E-4,8.475057845459005E-5,0.001501034472644568,2.4070374868292066E-4],[0.0017307856464374586,0.0015254081113023317,1.873916257851826E-4,0.014596155663676504,0.0021279758983175612,0.0016046983258516264,0.001975016686804603,9.758519749485158E-4,7.612353176105501E-4,0.0014171028689995498,0.0018371205514740115,1.0,0.02932720649037234,0.0010156825918935656,0.0029031908600937644,5.358734973016839E-4,8.226784263810387E-4,0.029504557196688725,0.004073570307320853,9.609462312451423E-4,6.426614088040077E-4,0.0011543745349820941,0.002100835913396821,0.004119070724151455,0.005849284495234495,0.0017570001277756597,0.0010942444717169449,0.005322972711910989,0.005436818540801618,4.985977638302565E-4,0.0017288442004101418,0.02771127323277232,0.0014434665823925483,0.0014719934888204973,0.00132144972653313,0.017079514613179584,0.0014958157984398858,0.0017924445155621405,0.0019231311686621667,8.238696406003488E-4,0.0013036205094720272,7.643345390663868E-4,0.013308871400714638,0.001734354515628589,0.0065845857151393475,2.136054500599584E-4,2.763565624338649E-4,0.004258339815975615,0.0022345603288644288,0.001810130994839823,0.001873487178898361,0.009210585077054387,0.0014355110263626501,0.004429845802432496,0.0019224765596819783,0.0010263498586393037,0.003058609983823398,7.925658222480607E-4],[0.001731555291717862,0.028864495198078308,0.01788159985014942,0.021648607652165103,0.023214658430057343,0.009733857422990004,0.007589015061251553,0.022899066820194432,0.01627913899874067,0.005608830494930396,0.013339702300812726,0.02932720649037234,1.0,0.028702604636920228,0.02105975855595754,0.02235008679133863,0.02022992318121617,0.03582987302310686,0.00781378069738443,0.026096866881585128,0.017305508926682176,0.014591685652500469,0.01517501710933395,0.025891729839621104,0.027689736265779988,0.0125595191334009,0.016432172758090773,0.023411993112697087,0.05471717995960912,0.01975896604772084,0.009511328725848152,0.07682860459071696,0.025436086694038955,0.007280634522024134,0.007801703671336766,0.027020989190785372,0.02318252415321348,0.025107743093889322,0.01816323834794044,0.016198832468059223,0.02510824192543962,0.011594966652672732,0.022189101756709982,0.023673911157159545,0.02289343860364544,0.01604058997230179,0.002041756460849918,0.019788249423718776,0.013919183786183535,0.013148022551970742,0.01983086391885849,0.016611800299328613,0.02219779299636529,0.02884629009820283,0.006060098094293102,0.020440469012433196,0.026940280155431987,4.0279450273885905E-4],[6.239074780299261E-4,3.778079970038021E-4,1.618334558090884E-4,0.013952800610624,2.0342607880670252E-4,2.0182551002883672E-4,4.855739930759211E-4,9.075367233090474E-5,1.5405974779172506E-4,1.7158067591179242E-4,1.4801928727911255E-4,0.0010156825918935656,0.028702604636920228,1.0,0.004592516131343618,1.5118334862482643E-4,7.921830191252982E-5,0.024782064867747068,9.462575229214814E-4,4.0328979703168103E-4,1.3625989076249841E-4,1.0791660022158054E-4,0.0013883820524172251,0.008098643933443164,0.01589379902938003,2.1807277036581442E-4,1.9455217447895588E-4,0.0033615148965646506,0.016329575394711145,3.7324547008609467E-5,9.15353805935858E-4,0.05570213441628437,1.7643233843570044E-4,6.203665034051695E-4,6.762611798504248E-4,0.017288184278422884,5.390671572912098E-4,0.0010609385706160707,8.756736986154781E-4,1.6408503989097264E-4,1.1246449554946787E-4,1.380768454405267E-4,0.007417179254994479,5.794216167370922E-4,0.005659811025157929,1.3366709391098402E-4,1.3594983313703656E-4,8.198621498370863E-4,0.0020817454055202917,2.0681378067918533E-4,1.225612492584235E-4,0.0023111434990941543,1.4561331350468508E-4,6.857174128403415E-4,1.6822082437283734E-4,1.592330055277993E-4,0.02304755883581836,1.860734564190406E-4],[0.00379699662298897,0.003050379123026697,0.0016350468798224911,0.018000970138878667,0.0037457322762115856,0.0011824202101949996,0.002787585532622558,0.002591433147573407,0.003135278042041689,0.003617113681073877,0.0024719565604603365,0.0029031908600937644,0.02105975855595754,0.004592516131343618,1.0,0.0028101803994533873,0.003963094861027381,0.027884910610515085,0.00510998542349871,0.0012191739281328627,0.0011562725587393452,0.0031196094010369937,0.002956934287637259,0.00908036260055194,0.015031463258436451,0.00408474476820845,9.152495721495229E-4,0.007187519626152496,0.07084850933764912,0.0026824414715236823,0.004120133232571223,0.045258326387459365,4.974951277987154E-4,0.0012264449589155053,0.005134562231725176,0.024713117039508285,0.00325143364164243,0.003295261148706109,0.0021934001368386115,0.005148080032154308,0.003425811538570245,0.0025089499686112575,0.015328828430537778,0.002609056875696086,0.00803056909757724,7.074418793748611E-4,0.0027716122838431227,0.004713309574681447,0.003954082614677517,0.004249247148757273,0.002741260774320902,0.006553155159794441,9.539999389376486E-4,0.009617758268097956,7.413600334460601E-4,0.0029146648363342913,0.02147239490067327,0.0026638546000927322],[1.6594143567811716E-4,6.542088692436402E-4,1.30866252727376E-4,0.01785176019690302,1.7540307579958834E-4,2.9883790218127054E-4,3.5961048395135003E-4,1.4245713860158357E-5,9.769019394656719E-5,1.234681404401344E-4,1.0540243246168389E-4,5.358734973016839E-4,0.02235008679133863,1.5118334862482643E-4,0.0028101803994533873,1.0,1.16682335717958E-5,0.03623053717271907,0.002242579316936321,6.420598805982328E-4,1.3045884070345254E-4,1.0247840352309356E-4,9.063667062574245E-4,0.007280680282392209,0.011833418178060986,1.4724771529193057E-4,1.2373670370473947E-4,4.155257813058616E-4,0.0519023277534168,2.7074121340388484E-5,4.900692634218805E-4,0.028569821382943103,1.8284207267081957E-4,1.4775275465468829E-4,2.2157594538846592E-4,0.02053248610413017,2.5408796460460334E-4,8.465793538085083E-4,0.001816150634286806,1.3107929935123053E-4,2.3226550348396488E-5,2.4039766899945825E-5,0.010128580600586337,0.0012920188251057776,0.009366950080552484,1.0582109214601879E-4,2.212582869389652E-5,0.003838459971833935,0.002957867310823474,2.895487858775944E-4,1.026002900580584E-4,0.00999440605779553,1.2118352623640555E-4,0.007280774889749114,1.040699067557666E-4,8.427786055547389E-5,0.004539470034970514,1.4560447621032456E-4],[2.583904485975748E-4,3.016592974174907E-4,2.8059249759607934E-5,0.011730973836623235,3.311082098887353E-4,2.7444625913008026E-4,4.0929060124070125E-4,1.0735992425675813E-5,6.572681081092593E-5,1.3787677464596564E-4,5.9401524316856766E-5,8.226784263810387E-4,0.02022992318121617,7.921830191252982E-5,0.003963094861027381,1.16682335717958E-5,1.0,0.009214071636456869,0.00403076600100011,1.0590819742739514E-4,8.415593628439288E-5,3.021272531322422E-5,3.3912908151339526E-5,0.007796379331156011,0.00681086942206806,6.739984984536975E-4,4.6262687019828375E-5,1.35852077397815E-4,0.007420815970119008,1.8861050710280553E-5,5.83114964585488E-4,0.05365545233692156,1.1029332098052617E-4,5.091133790922119E-4,4.006818277291431E-4,0.021632072775520886,2.2547138939114072E-5,7.928199313169685E-4,0.0013259583448089016,1.664293901390899E-4,1.3494725616020638E-5,1.8711686156888792E-5,0.001061534455164992,0.0015327755528419568,0.0036237021675273886,2.593021980345273E-5,1.0467491696951179E-5,0.002623571982383894,7.028723136138915E-5,3.8084241169124815E-4,1.508633243370883E-5,0.0069349594894301215,2.8181973807850746E-5,0.0012118645321491706,1.1359801488746506E-4,1.2566843113525909E-5,2.982879059358465E-4,9.067323254820865E-5],[0.03158451060021465,0.013253317956167915,0.004424699405137341,0.03444112524253054,0.009998342501085469,0.005698582549809221,0.004376014210035706,0.024224423051882323,0.005618041844425697,0.033477418975435734,0.029333863598190006,0.029504557196688725,0.03582987302310686,0.024782064867747068,0.027884910610515085,0.03623053717271907,0.009214071636456869,1.0,0.0254346628611585,0.0055806648910241684,0.015701451298366118,0.0016613219964574614,0.02621189137039261,0.01578009091597808,0.03603360520804068,0.02865858030403092,0.015022448899114709,0.016893095802180305,0.06087875529891651,0.026865258710798718,0.03034467924390747,0.06540088597832518,0.0074633449034610345,0.02141883751094521,0.010116172731620455,0.030535571995654695,0.006954277150646403,0.03726519491719784,0.033011973780871076,0.02925323259784165,0.01410368254596327,0.005895964637415614,0.02202036554678699,0.012988990424866328,0.03772703664978795,0.012217572449990107,0.03482072334875742,0.023845560876539135,0.032966817992310465,0.034591830848232266,0.012721429859635178,0.025654420918116937,0.030543869540201857,0.0383624221577563,0.03300868928836291,0.02168809624815236,0.03351219625776506,0.02739428891087757],[0.0014933753531030038,0.0037987108730657563,0.003679494840246805,0.020156839271948026,0.0018953238116959524,8.059210259240362E-4,0.0038992075030175656,0.002862510336695058,0.002202031385719881,0.0040262639460657106,0.004899468859647333,0.004073570307320853,0.00781378069738443,9.462575229214814E-4,0.00510998542349871,0.002242579316936321,0.00403076600100011,0.0254346628611585,1.0,0.001820203587201952,0.005010156774758827,0.003844064771325151,0.002495898770459851,0.005201382715964272,0.007464369847369375,0.004929066384512962,0.003679667817059733,0.005632804201364795,0.07028945845784276,0.0022740408590304737,0.004764068197682192,0.030673954332034303,2.32470047980705E-4,0.0028600955373347626,0.0026161899864857374,0.008814297298181992,0.0036406353237479244,0.00451901192979782,0.0032756491316441325,0.002545763272590547,0.0022629787933343185,0.001057775484686107,0.007450905308422065,0.0036892057598525833,0.005773715340258768,0.0032377705972111742,0.004792777617173707,0.004612889637691804,0.004098198225406131,9.126150754705244E-4,0.004896409839838581,0.006469123607371963,0.004722157215464638,0.01011774722705662,0.004396761731398953,0.0013686753000700107,0.015812734588164703,0.0026833078208765167],[6.90015379677405E-4,8.379130444056603E-4,3.0701974705246097E-4,0.004299929957013794,6.792295230071133E-4,6.78427702319094E-4,8.704103821203834E-4,6.080270798018943E-4,1.8711726614253663E-4,6.592525680669766E-4,6.273257815337433E-4,9.609462312451423E-4,0.026096866881585128,4.0328979703168103E-4,0.0012191739281328627,6.420598805982328E-4,1.0590819742739514E-4,0.0055806648910241684,0.001820203587201952,1.0,5.51007714423942E-4,2.3381506074700902E-4,8.10263575190174E-4,8.674357717593315E-4,0.01121292363057302,0.0010042145882645957,2.708375288896606E-4,0.005806996018226918,0.08312598102650577,5.799170647752672E-4,0.001087537960400084,0.049369460602005054,2.4064522620385523E-4,9.960670265305159E-4,9.668543294023031E-4,0.0051301083581473525,7.551254502616618E-4,0.001080310898550655,0.0011267029262921804,1.9126259007386798E-4,4.215851023235785E-4,2.4258737632378813E-4,0.013786786619193567,0.0010504059405801631,0.007358143839450055,3.898390092312539E-4,5.750050116643023E-5,0.0019271496927677984,0.0011313763185219383,4.855683844418663E-4,6.073496606923706E-4,0.005613904981175233,6.132693965249796E-4,0.009209129927763869,2.805333028731639E-4,5.230025331090888E-4,0.0058124604575536575,4.905049356584084E-4],[6.319099443221222E-4,2.0787071440045532E-4,1.3695977660611327E-4,0.010800538096486394,3.490443495340397E-4,3.030066302548916E-4,3.038616318721786E-4,4.8353415055061666E-5,1.2828137902313411E-4,1.4166595795799588E-4,1.2166495023211269E-4,6.426614088040077E-4,0.017305508926682176,1.3625989076249841E-4,0.0011562725587393452,1.3045884070345254E-4,8.415593628439288E-5,0.015701451298366118,0.005010156774758827,5.51007714423942E-4,1.0,1.2458010853674047E-4,3.128428740197376E-4,0.005142204263657958,0.0017083452987783794,2.505190612273395E-4,1.6996328779936515E-4,0.005177901941697863,0.012491853096063642,1.0627292584825418E-4,3.6081816651843093E-4,0.007600539264121542,1.6156383421738873E-4,5.8693118219151E-4,6.090346279775046E-4,0.013316208777267928,2.019333867637882E-4,7.727219705742945E-4,7.580484054317036E-4,1.4806926086591453E-4,2.6579749352497945E-5,7.987503738047261E-5,0.015319141173427817,0.0011292163096613865,0.009313860037358335,1.3464160833252638E-4,1.3383694448976756E-4,0.00200032473303645,5.86890574767224E-4,3.3948261014090124E-4,1.1023630105493259E-4,0.009125539797176898,1.2604233168418428E-4,0.0010099215274250314,1.6249857429195797E-4,9.858947996617182E-5,0.013318559835290353,1.6666679214287174E-4],[5.541601589035473E-4,1.3246265006451713E-4,1.5144939924788124E-4,0.013359184797014987,2.176653672004762E-4,1.6648160596760428E-4,1.6942131843186348E-4,8.265872670850896E-5,9.862811900705983E-5,1.2973215720414325E-4,1.1781121679884892E-4,0.0011543745349820941,0.014591685652500469,1.0791660022158054E-4,0.0031196094010369937,1.0247840352309356E-4,3.021272531322422E-5,0.0016613219964574614,0.003844064771325151,2.3381506074700902E-4,1.2458010853674047E-4,1.0,9.974376270498915E-4,0.010517839671507432,0.01024051202785334,3.519851498632881E-4,1.19233684286057E-4,0.006875437178690556,0.013893650809029712,5.8965009078404385E-5,0.0010180569103803514,0.0693242393271392,1.2480325510951583E-4,8.685554585664193E-4,7.967683988727518E-4,0.010745948629815538,7.11154599366873E-4,0.0010514067596857214,6.655457180862259E-4,1.0917736254918822E-4,4.015968895097509E-5,5.5511061493868094E-5,0.00731578305091946,9.029629241594239E-4,0.006431798711051335,1.180663510776655E-4,1.7538033367997175E-5,0.002819949705639219,2.7728993376727466E-4,4.6183510269122386E-4,1.0396881293137668E-4,0.002853552307373396,1.1158498001980472E-4,0.009583889189384968,1.6840729662535912E-4,5.1416525605900116E-5,0.02121810749698397,1.5718163910629685E-4],[8.308090810146245E-4,0.001461512256304127,1.8047808690325003E-4,0.019182017083777276,4.2919609184402724E-4,7.093094370364079E-4,0.00155512693564049,0.0014106170650478194,8.800946626890297E-4,5.199999588013297E-4,0.0012380632507033031,0.002100835913396821,0.01517501710933395,0.0013883820524172251,0.002956934287637259,9.063667062574245E-4,3.3912908151339526E-5,0.02621189137039261,0.002495898770459851,8.10263575190174E-4,3.128428740197376E-4,9.974376270498915E-4,1.0,0.001965730193281677,0.007535825925754606,0.0015124914201383192,0.0016700653974787746,0.005703372351988292,0.09036704454321746,3.9783316513449955E-4,0.0011729917399196273,0.07216341300233589,0.0013358641323054242,0.0011894638217274278,0.0010885657601250257,0.01205967425561361,0.0012959006265030645,0.0015156799483105501,0.0016828194789710856,3.0320595773334214E-4,3.8173890749293313E-4,8.890372448781154E-4,0.014035640231151548,0.0016740000842120173,0.00375373578999261,4.135243197696143E-4,0.001139204015141436,0.0019306480807664748,0.002538675119384418,5.598875057760505E-4,3.0477608860113206E-4,0.0017903538167013645,5.27523515619212E-4,0.0017468169937768542,0.001304575361679634,0.0015031786474621607,0.012783578048654706,4.0296059770090554E-4],[0.007685778666947341,0.0041043151663731755,0.00752666394280848,0.012551627462321392,0.0026714915872482333,7.721532629677442E-4,0.00712660697854985,0.0021095089342654015,0.006504605970861351,0.008774915777826747,0.0020106245749253264,0.004119070724151455,0.025891729839621104,0.008098643933443164,0.00908036260055194,0.007280680282392209,0.007796379331156011,0.01578009091597808,0.005201382715964272,8.674357717593315E-4,0.005142204263657958,0.010517839671507432,0.001965730193281677,1.0,0.017055237302212888,0.007440620102012219,0.005411047746876331,0.00958077530004858,0.016893188485415607,0.005813143589228159,0.008251453596747676,0.07753150121526878,0.007638328328563053,0.0068232564461430814,0.0010972130587265504,0.015727575964641756,0.0026814135947543978,0.0075511965064079195,0.009805361050145872,0.002398165483872507,0.00902372700897235,0.0026672347459399397,0.012759378646194499,0.00578407161075963,0.010700832333778906,0.00724158158114281,0.009916890545186258,0.010518478991058056,0.010336448158081856,0.004779366906191161,0.007138661092510933,0.01093527374573559,0.0094424737662041,0.010665012594336212,0.002948053588562533,0.0022440365651267393,0.0216035004109479,0.00987995677957584],[0.015979899978250365,0.00547658480826774,0.007486488398217808,0.017520000323295308,0.01598587059418359,0.013769428006199146,0.012902580196914832,0.008682646676110838,0.009745195844246763,7.715019168757194E-4,0.008944812247743836,0.005849284495234495,0.027689736265779988,0.01589379902938003,0.015031463258436451,0.011833418178060986,0.00681086942206806,0.03603360520804068,0.007464369847369375,0.01121292363057302,0.0017083452987783794,0.01024051202785334,0.007535825925754606,0.017055237302212888,1.0,0.002433913283253008,0.010254469150222306,0.009180054634231783,0.057712545059732785,0.01462705003974438,0.007375641777719783,0.07120278874385315,0.016360891697176146,0.003367565857644329,0.0026750538088819165,0.018828010556729485,0.007029615762183639,0.003416367266121151,0.01260617798770927,0.005968098586571518,0.014074968738212361,0.005893505981327311,0.017085282105550926,0.007645110045940033,0.014863032367666715,0.015339406504814511,0.014592509805832305,0.008465702645789686,0.007180473997417135,0.01228438164365222,0.010267542992169674,0.013767491760723545,0.0068829500953666,0.013493611001184054,0.00532777620187656,0.011172968188059953,0.020899284381151007,0.006784108422946991],[7.054050811730196E-4,0.0011015591237028956,0.0011445722138861388,0.005810928291471142,4.276417103434051E-4,6.253566310530593E-4,0.0010111539543928827,7.114068403795088E-5,3.9655182192375283E-4,5.449825286954688E-4,0.0013594399620417748,0.0017570001277756597,0.0125595191334009,2.1807277036581442E-4,0.00408474476820845,1.4724771529193057E-4,6.739984984536975E-4,0.02865858030403092,0.004929066384512962,0.0010042145882645957,2.505190612273395E-4,3.519851498632881E-4,0.0015124914201383192,0.007440620102012219,0.002433913283253008,1.0,0.0014072998385086996,0.0021180346566486404,0.043693586122219,0.00104855578498979,0.0013182376273705985,0.07334001776161062,8.714698389251747E-4,0.0011530707676362592,0.0011245360594748155,0.023747744914457462,0.00134397852629865,0.0012524455977171098,0.0016961245325738412,5.091175886173846E-4,1.0288149688102385E-4,1.3180523767740684E-4,0.00840065804501286,0.0015409066039885303,0.0039669784208949,8.417413900651414E-4,8.999693073868492E-4,0.004014712000098836,0.001636625020289003,6.497962803086307E-4,4.840917643363331E-4,0.005401652026264966,0.001298020216195507,0.0028527950792067744,5.476520439083345E-4,0.001177615643957464,0.01480345822318506,6.519890847547897E-4],[2.3298683940609256E-4,3.305947848159398E-4,1.767874561707082E-4,0.0073845753576365055,3.479943787783258E-4,2.8997242689463585E-4,2.068795145290946E-4,1.517343547896754E-4,1.1755151742920758E-4,1.899221482686476E-4,1.7629844940780998E-4,0.0010942444717169449,0.016432172758090773,1.9455217447895588E-4,9.152495721495229E-4,1.2373670370473947E-4,4.6262687019828375E-5,0.015022448899114709,0.003679667817059733,2.708375288896606E-4,1.6996328779936515E-4,1.19233684286057E-4,0.0016700653974787746,0.005411047746876331,0.010254469150222306,0.0014072998385086996,1.0,0.0016707366357349115,0.07105148404048289,5.483110245348861E-5,2.957100685934198E-4,0.009619075046155435,1.9519571840908095E-4,6.115359781781377E-4,4.5610148106980616E-4,0.012652449288769844,9.877823371948677E-4,0.0010208735207625195,8.736901223666217E-4,1.8879517627229134E-4,1.6737792745677094E-4,5.277009760919045E-5,0.009067566212835,0.001071079951729069,8.568884658853892E-4,1.6833359252609568E-4,2.683186094900763E-5,0.0010306676860121714,0.0018518834577026472,2.5502267687176614E-4,1.9529080045024096E-4,0.005210064441344478,1.9624061978390714E-4,0.006169229609795062,1.878142448010914E-4,1.1464534255091209E-4,0.01619446242273563,2.4248905064057656E-4],[0.005061478656668336,0.008845483594646658,0.0016777503965998036,0.013261492890921624,0.005810873707315277,0.008131618096259256,0.008516410841271069,0.0029715641602318125,0.0021754589236041063,0.002445355467123846,0.005781166234120386,0.005322972711910989,0.023411993112697087,0.0033615148965646506,0.007187519626152496,4.155257813058616E-4,1.35852077397815E-4,0.016893095802180305,0.005632804201364795,0.005806996018226918,0.005177901941697863,0.006875437178690556,0.005703372351988292,0.00958077530004858,0.009180054634231783,0.0021180346566486404,0.0016707366357349115,1.0,0.09916819510432208,0.0027692755410109703,0.008312061019249447,0.026246807506587592,0.0027936406461329666,0.0019109117168502336,0.0036974676802909055,0.016585720864296792,0.00489915601788985,0.006398159631711903,0.003042832253342455,7.312481692600243E-4,0.0033391675653297436,0.008690413788070252,0.00977822897793544,0.007055040255130679,0.010345435589038773,5.601999642884317E-4,1.745237081537212E-4,0.00513268985041589,0.00504595311153467,0.0012176320993464373,0.0031977000104784718,0.010457479950389951,0.006939284067108037,0.010444119496565119,0.001975481691439248,0.007972588384647391,0.012356582746409746,0.0026921374790287015],[0.047263281328959975,0.09976503907910052,0.03353015731131565,0.06828907493796528,0.025673192636812975,0.012221905395342665,0.08906330413699463,0.027134192709754593,0.07975379402577898,0.0042877952432281916,0.04074461520410982,0.005436818540801618,0.05471717995960912,0.016329575394711145,0.07084850933764912,0.0519023277534168,0.007420815970119008,0.06087875529891651,0.07028945845784276,0.08312598102650577,0.012491853096063642,0.013893650809029712,0.09036704454321746,0.016893188485415607,0.057712545059732785,0.043693586122219,0.07105148404048289,0.09916819510432208,1.0,0.005166556912592538,0.09487821997823988,0.09929018712541696,0.09866545865029842,0.06765530278977674,0.02669283119108953,0.07852952904728111,0.02824663799715373,0.019283084541956447,0.047507360382808526,0.00962746975063441,0.016127857522115707,0.09756275093592738,0.04880109943046663,0.09181174119493235,0.04415119733741751,0.08071267109515878,0.045982318922294756,0.05911550030617843,0.03143266396367381,0.0015802433506711805,0.06174550021939231,0.02766232622898192,0.006240450531866577,0.029285010908163094,0.05526755525981296,0.021552565474327122,0.07904738854525603,0.07875294980656904],[6.327377513645173E-4,6.799661005611509E-4,1.453715755409064E-4,0.015905992198562684,9.44955476886409E-5,2.038609374368654E-5,7.557133406006895E-4,1.430318482945149E-5,4.2296299444881613E-5,2.8168149308027597E-5,1.1552137758342153E-4,4.985977638302565E-4,0.01975896604772084,3.7324547008609467E-5,0.0026824414715236823,2.7074121340388484E-5,1.8861050710280553E-5,0.026865258710798718,0.0022740408590304737,5.799170647752672E-4,1.0627292584825418E-4,5.8965009078404385E-5,3.9783316513449955E-4,0.005813143589228159,0.01462705003974438,0.00104855578498979,5.483110245348861E-5,0.0027692755410109703,0.005166556912592538,1.0,7.391148022983394E-4,0.06463814548555422,1.2797983663177695E-4,9.078633149571104E-4,2.266069015396936E-4,0.02423764303085258,6.237206094140029E-4,3.9697174015368517E-4,4.371883690569073E-4,1.380532321653881E-4,1.702939964374099E-5,1.952704926917957E-5,0.011672774267886326,0.001002574639526565,0.005228915937050591,3.0923338952947295E-5,1.8416579625632462E-5,0.0027412222054374867,0.0031853590358662505,4.287000506614695E-4,3.641721363045784E-5,0.005725169146257268,1.0069102160831342E-4,0.003866707405373763,1.6603969690185923E-4,1.97172875922152E-5,0.002848068728738198,2.201302219049511E-4],[8.792457657894675E-4,0.001063537050624107,2.3540972373313528E-4,0.02105049369496121,6.993605532450459E-4,6.457517925677452E-4,9.485179570216665E-4,9.925020336909833E-4,9.351199329469474E-4,3.847082560860599E-4,3.696662920554101E-4,0.0017288442004101418,0.009511328725848152,9.15353805935858E-4,0.004120133232571223,4.900692634218805E-4,5.83114964585488E-4,0.03034467924390747,0.004764068197682192,0.001087537960400084,3.6081816651843093E-4,0.0010180569103803514,0.0011729917399196273,0.008251453596747676,0.007375641777719783,0.0013182376273705985,2.957100685934198E-4,0.008312061019249447,0.09487821997823988,7.391148022983394E-4,1.0,0.009043419138435045,2.085322799721158E-4,0.0010669692463143115,0.0010723068505071188,0.004927893693926174,0.001053679929246442,0.0011073016126277027,0.0013611077634694728,7.947224860517273E-4,6.634098509938145E-4,9.263758771705482E-4,0.010567057640813903,0.001396755925772115,0.009906629845718815,0.0010365237318339148,4.0080834226601214E-4,0.001443553692952728,0.0014180722969168533,4.8450210637592884E-4,3.703830273214592E-4,0.009263318189118165,8.026366888004199E-4,0.006593638647290174,3.914118119537007E-4,3.910977720168103E-4,0.011735781186757603,8.938710336837299E-4],[0.011026401350270056,0.00833527345695761,0.06409940343658486,0.0476018112740352,0.010458903451193463,0.04954344764608035,0.006685572548504199,0.04185349154613858,0.02653322900249474,0.02064970279424153,0.04292405830234608,0.02771127323277232,0.07682860459071696,0.05570213441628437,0.045258326387459365,0.028569821382943103,0.05365545233692156,0.06540088597832518,0.030673954332034303,0.049369460602005054,0.007600539264121542,0.0693242393271392,0.07216341300233589,0.07753150121526878,0.07120278874385315,0.07334001776161062,0.009619075046155435,0.026246807506587592,0.09929018712541696,0.06463814548555422,0.009043419138435045,1.0,0.08216322540444569,0.07240431057437809,0.06163268790835726,0.06754731939881173,0.07929849397889989,0.006397827666487411,0.04989824437608033,0.002753380009050818,0.007565278941283574,0.042341575168603075,0.054089413693115033,0.02859939801677174,0.042970074562004405,0.054654346673944795,0.04859495890474331,0.05581888241076323,0.0668414989022527,0.03762219501648457,0.019820799135396135,0.045802179136237124,0.05679142366550475,0.029315050798536017,0.005296948898642877,0.06353497203740954,0.06306906124774281,0.04828187009372582],[5.342540353719079E-4,9.498254726741799E-4,1.8495073097773897E-4,0.02009040943791476,2.1927025744497073E-4,2.508199194278005E-4,4.4353352657044976E-4,1.3126007038170116E-4,1.8093435000552676E-4,1.824852065855127E-4,1.6480154768328518E-4,0.0014434665823925483,0.025436086694038955,1.7643233843570044E-4,4.974951277987154E-4,1.8284207267081957E-4,1.1029332098052617E-4,0.0074633449034610345,2.32470047980705E-4,2.4064522620385523E-4,1.6156383421738873E-4,1.2480325510951583E-4,0.0013358641323054242,0.007638328328563053,0.016360891697176146,8.714698389251747E-4,1.9519571840908095E-4,0.0027936406461329666,0.09866545865029842,1.2797983663177695E-4,2.085322799721158E-4,0.08216322540444569,1.0,9.37819760871392E-4,8.070202841270561E-4,0.01588400550716448,4.1420162429905093E-4,2.958241846713215E-4,2.5810722352306815E-4,1.8652526793310422E-4,3.6572192628772825E-5,2.439329715653509E-5,0.0038293758611420356,0.0014910172690988579,0.008711960033579299,1.746053926626491E-4,1.4867984131461385E-4,0.0011953400276060143,0.0014341386006234702,4.1646472800489906E-4,1.878968281670526E-4,0.0016525083498281701,1.4394747705087003E-4,0.009564737062509343,1.7261831225982635E-4,1.3368095560956387E-4,0.018461680813340795,2.3381787625513056E-4],[8.433739741472045E-4,0.0010553034855816973,0.001022199909740