[[1.0,1.1448513147668877E-4,0.0020413939848782417,2.0319832404214E-4,1.1801443682039721E-4,0.007616613836505001,1.4526890744914113E-4,0.005582489050485448,1.6237922211688024E-4,0.0023571207783821355,3.29284260648772E-4,1.5984359755782644E-4,0.008875573304233634,2.0777087230405649E-4,3.1096608410913104E-4,0.0029340357479023353,6.777084389527343E-5,0.0030821062160621762,0.020925382306350538,1.3005066949917853E-4,6.332278259669552E-4,1.4815008235455953E-4,5.228543743225618E-4,5.359205709368542E-4,6.36522491417847E-5,2.1075296085005315E-4,1.869929596065805E-4,6.610794989464362E-4,8.094837519080667E-4,7.612104291060137E-5,7.6169706243679E-4,0.011091793843131612,1.488840354926596E-4,1.3650886891194202E-4,6.683295124878867E-4,9.709081900485085E-4,0.00327957325737971,2.507244794442325E-4,1.0693941559215688E-4,0.0015185370433297238,0.0025608155168060963,2.172875576425088E-4,1.657060854462149E-4,0.0032201960717630662,1.7360606670121313E-4,2.623661269566754E-4,2.2347352124222228E-4,6.293975278428884E-4,0.008090970582248088,1.4774953278153883E-4],[1.1448513147668877E-4,1.0,0.0018297325862650766,4.8563348311731355E-5,1.7657883126754685E-5,0.005477159272938089,2.555112382449073E-5,0.003528378790141234,1.9222906635703114E-5,0.0010414188796711893,7.053769300920885E-5,3.403287928157606E-5,1.0536307860329746E-4,1.1070435140964264E-4,3.8811141472241473E-4,0.0025790738917767886,3.2442607822167054E-5,0.003304515841413275,0.007654100738020894,2.367330990240164E-5,7.640859929481522E-4,2.476639487753758E-5,3.2292288006175335E-4,1.5989649974585497E-4,1.5735274847317588E-5,1.828728709352112E-4,0.0023714335657230995,2.1739380866838198E-4,3.7347765429126146E-4,2.0387991444909738E-5,9.462227998971795E-5,6.697066214823746E-5,1.0672327500386988E-4,6.787249872476886E-5,0.0011266507710792246,3.2148843167890376E-4,5.842949633329812E-4,2.493887286187983E-5,6.071682810738926E-5,8.307607820720141E-4,0.0010938091156768974,1.1886644489201244E-4,7.707320159202667E-5,0.0015025211460234188,2.5414172909416783E-5,4.997727693515583E-4,1.968071212989525E-4,6.690187871503942E-4,0.00726149315958761,2.4077690561263015E-5],[0.0020413939848782417,0.0018297325862650766,1.0,0.004267465070677937,0.003597485701808426,0.012033933456264296,0.005389030984840836,0.008129952376100912,0.002476099992070925,0.0042951730883592455,0.0036512231719556935,0.0011910844498041948,0.010328647895828349,0.0026167205945731853,0.0014419974017151687,0.005548777161420505,0.002280832907076781,0.00583754311974031,0.025044680148646505,0.0033319344088511955,0.0049367269393456835,0.0049630640368033335,0.004914533875309756,0.004138200376985939,0.00468610936448143,0.002063425561582521,0.004475800267211047,0.003606400368908403,0.005163105333349453,2.3778476633050846E-4,0.003007484311109992,0.018894084624139232,0.001828283741621454,1.6097727493799677E-4,0.0016490602568108859,0.005810553592199838,0.005503542060950766,0.005256696973300979,0.004276109620974453,0.0042110344702950605,0.005427353220017195,8.998845259270711E-4,0.0022834037631068475,0.010643758789765232,0.005047394031063787,0.0025023676437378123,0.003879942561075024,0.002755718725397576,0.011812634905609451,0.0017084810771823913],[2.0319832404214E-4,4.8563348311731355E-5,0.004267465070677937,1.0,6.819324890281863E-5,0.011952288680329754,2.7857861644978936E-4,0.010297469730788015,2.3077102941916134E-4,0.0014081213324585048,3.53804292883826E-4,2.27266955354773E-4,0.009497381087915039,3.3972685504603196E-4,3.7064091518114234E-4,0.001171187301999412,1.1534690802991743E-4,0.0011373826527592546,9.093081798654959E-4,3.152474997921066E-4,8.022159240835292E-4,1.6806540969993987E-4,6.35229194058257E-4,9.859976005356192E-4,3.143980041630522E-4,3.395092745859411E-4,9.431235321422928E-4,0.0012763637016808959,0.001824916770499426,3.218385189525364E-4,4.7689383400269865E-4,0.02573450464064483,3.2947410987023E-4,2.7533302416204563E-4,9.980655801298242E-4,9.393670166714464E-4,0.0010210074147663168,3.462943158258594E-4,1.534745389432928E-4,0.0010588834169508229,0.0027787336530934346,2.624500877943448E-4,3.326160358180105E-4,0.00414953619945488,2.868397135327986E-4,8.257014346654157E-4,3.519976840883145E-4,5.009965684991208E-4,0.0122687832453641,1.4803931807010507E-4],[1.1801443682039721E-4,1.7657883126754685E-5,0.003597485701808426,6.819324890281863E-5,1.0,0.017690533726899906,4.6248397957226575E-5,0.0026414757145681355,1.8946797134272393E-5,0.002327318484356704,3.3358938738225016E-4,1.0031956768772548E-4,0.0018192246455576472,7.388364871943047E-5,5.057421233938981E-4,0.0030055134153866457,3.079359215453259E-5,0.002304943185553437,0.0012448316505735133,2.3736725418608305E-5,2.259675329227609E-4,1.8381725692664664E-5,2.1767491865700393E-4,0.0010468713732362707,1.6725024005698704E-5,3.7607607225955344E-5,0.0022377351805953545,0.00210622251651628,0.002748872430733494,1.778141055657694E-5,6.106233709057044E-4,0.028181013256121233,4.9174243284240966E-5,8.350577530058576E-5,9.030652042156402E-5,4.1518580925028044E-4,9.502354872270658E-4,2.3500472868927708E-4,3.905005194391995E-5,0.0016783100359178149,0.004210784591747379,4.124768381073402E-5,1.6083005817870287E-4,0.0039772514899129325,1.8901933914006007E-4,2.1678202716972654E-4,1.7519092107403503E-4,4.41566296191444E-4,0.012711891080415566,8.83551375906848E-5],[0.007616613836505001,0.005477159272938089,0.012033933456264296,0.011952288680329754,0.017690533726899906,1.0,0.015109552431293099,0.010951823672098735,0.002346248170914201,0.017857873823504997,0.014746108537720412,0.013711277065493443,0.012811892894685449,0.005609094699424794,0.0011930590625965592,0.011375201302288838,0.014494251413642476,0.01236644102208664,0.025394353239882407,0.006761295943515926,0.0019932266503995153,0.00920053723809274,0.006087938252712777,0.01569640044702887,0.0056954290428450766,0.0019568644753971804,0.009665846770793301,0.010856094588854667,0.009648710156689002,0.010597590542616843,0.009671643640941122,0.024240206759749867,0.009031118752278022,0.004579327567295364,0.0056647453983822895,0.014337813197627773,0.010333061128447644,0.010458013427023542,0.0068569705018060355,0.011958802604290698,0.01196675537022596,0.007122124460199759,0.01698418937520655,0.01810095071125843,0.0021669364154950775,0.00783443516049922,0.016324236609953212,0.006816435107710731,0.018946510481412254,0.014480854708748726],[1.4526890744914113E-4,2.555112382449073E-5,0.005389030984840836,2.7857861644978936E-4,4.6248397957226575E-5,0.015109552431293099,1.0,0.0071119193139618266,2.7213193015932405E-5,0.0012429945803150272,2.517070369958277E-4,1.4699400700224523E-4,0.003654056969479172,1.9059358327853278E-4,2.126711309477534E-4,0.0026127156764788597,5.3095710927255276E-5,9.11766858414673E-4,0.007904591246649618,7.52352058174381E-5,0.0011237083802154981,6.166078446953141E-5,4.916369186082485E-4,9.095569874040399E-4,4.9966736076568826E-5,2.0681212651064052E-4,9.058609417614078E-4,0.0012816527135882166,0.001656706883738117,3.0169464590013635E-5,4.2941583236386235E-4,0.023604983793449805,1.3117324511708055E-4,1.4191306559167447E-4,7.376916152664265E-4,5.619488583213792E-4,0.002639945577066522,1.9388218980298278E-4,1.0825732193533274E-4,9.869027335567518E-4,0.0024389960635642144,2.130331731800855E-4,1.4796510677011527E-4,0.007104561388108205,1.6955708398712244E-4,4.993817967399281E-4,4.011882998247251E-4,1.7929042215700187E-4,0.008340038568547979,1.4331587183865558E-4],[0.005582489050485448,0.003528378790141234,0.008129952376100912,0.010297469730788015,0.0026414757145681355,0.010951823672098735,0.0071119193139618266,1.0,0.0031552345086961375,0.00653781489936061,0.0025417850080648127,0.002188012633631683,0.01122254917473758,0.004937019556162113,0.0020528556169056226,0.008987843828768625,2.64039289789057E-4,0.01033933701098897,0.02763826100867691,0.004957033602563203,0.006673610917332386,0.004224918259346426,0.008115872620827856,0.007340632122945053,0.00149126115316561,0.006699318638270315,0.007352976129636512,0.006615486662052483,0.006867965515321633,0.009099326419808224,0.0028160685263481037,0.020187324514369862,0.006211723592674652,0.0066919576379088795,0.004286970087366034,0.008139598832242752,0.008868494172432035,0.002529964171524007,0.008602869164070154,0.0038197868674536227,0.007929859306364473,0.004614540406816882,0.009093141998920643,0.010515914191586897,0.008971420670190352,0.008260023535640579,0.007717537359640252,0.0019477768558538644,0.013047604846033489,0.009847122054445937],[1.6237922211688024E-4,1.9222906635703114E-5,0.002476099992070925,2.3077102941916134E-4,1.8946797134272393E-5,0.002346248170914201,2.7213193015932405E-5,0.0031552345086961375,1.0,0.0017790470533803025,7.493985321087212E-5,1.0359839095409122E-4,0.0010915577953779399,1.7152749118776544E-4,3.850038757739431E-4,8.880864311204637E-4,4.881179471794168E-5,6.897438650476478E-4,0.010682729680126245,2.4663250985801462E-5,1.6249106631899E-4,2.307467057152743E-5,5.106622755896677E-4,2.966965811578795E-4,1.6343882154001142E-5,2.6016065049517787E-5,0.0024444728112709905,7.829317199634244E-4,0.002717455657849295,2.16752720371798E-5,9.154291905618159E-4,0.031261286673288625,4.755349568897294E-5,7.533578293426699E-5,5.271330729711895E-4,2.5246931419123755E-4,1.8936087507677806E-4,2.750369304779121E-4,4.197227194329877E-5,0.0013119672529939457,0.003909306205765335,2.0251287159663646E-4,2.4411453430424332E-5,0.0095436577379743,2.5035989113414695E-5,7.324079235234658E-4,3.392424336936224E-4,6.518808191709983E-5,7.135767821791935E-4,6.99234627592216E-5],[0.0023571207783821355,0.0010414188796711893,0.0042951730883592455,0.0014081213324585048,0.002327318484356704,0.017857873823504997,0.0012429945803150272,0.00653781489936061,0.0017790470533803025,1.0,8.681355191221714E-4,0.0013195894323788807,0.007076312571900507,0.00192742906894227,9.219532017446872E-4,0.004042576237181869,0.0023409842188094184,0.002945356972374306,0.017896836890049124,0.0024008780508158727,0.0015008399344995436,0.0014182551451204228,0.0027090671971197605,0.002225280907983318,0.002385314997497554,3.7678998600401876E-4,0.00256973371123256,0.002771726677721943,0.00287708342761724,0.0013998335877376212,0.0024531246994710133,0.021705180405141113,0.0018249646813298186,0.001331751497077799,0.0022494978301719603,0.0023453828464183356,0.0040989579811881,0.0010124837401306519,0.0016666425999779452,0.003024339452710172,0.0042076782178913745,9.337371021918639E-4,0.0012836072041443323,0.009904003722544977,4.264175382668125E-4,0.002538922152822411,0.002530239218876144,0.0012404618108671544,0.01848078123699518,0.0015920917500347783],[3.29284260648772E-4,7.053769300920885E-5,0.0036512231719556935,3.53804292883826E-4,3.3358938738225016E-4,0.014746108537720412,2.517070369958277E-4,0.0025417850080648127,7.493985321087212E-5,8.681355191221714E-4,1.0,2.862404301056671E-4,0.0073130751830715315,2.5195014155191887E-4,5.280749088899487E-4,0.002213169078419371,2.4011126593853245E-4,0.001500732747627242,0.00746440544948563,1.7768041533993174E-4,7.121675386953432E-4,1.552647636382195E-4,4.301711017678793E-4,6.203989113343722E-4,3.634272053588775E-5,3.2801696157036113E-4,9.060018752499512E-4,9.021014562799968E-4,7.799102169676478E-4,1.8404972056811585E-4,4.51710141958319E-4,0.030997225067709407,1.5362355857723972E-4,2.8352381055279333E-4,3.998910139011816E-4,5.367591956043948E-4,0.0011893650331319286,3.570683479455273E-4,3.5881267724044116E-4,0.001346546590964714,0.003786514878736412,3.1967609860939427E-4,3.4502457005454077E-4,0.0016643849354032493,3.541746640069115E-4,8.264583588656609E-4,4.3214449765047007E-4,3.83387623200777E-4,0.013731927572135736,3.2491135816510293E-4],[1.5984359755782644E-4,3.403287928157606E-5,0.0011910844498041948,2.27266955354773E-4,1.0031956768772548E-4,0.013711277065493443,1.4699400700224523E-4,0.002188012633631683,1.0359839095409122E-4,0.0013195894323788807,2.862404301056671E-4,1.0,0.003998747506967133,1.9367382072257202E-4,5.078045833454376E-4,6.691024761642253E-4,7.180243366589413E-5,0.001228017538797553,0.009010287656959642,3.871735773099318E-5,1.6161123421027306E-4,4.3969904983441774E-5,5.733159986837288E-4,5.543581274459221E-4,1.273110041086515E-4,1.8006871482073776E-4,0.001922604863278045,0.002253994844596905,0.0014053013090420628,4.029605716635551E-5,5.686551690612929E-4,0.007372005592656409,1.28777737639786E-4,1.4056665241746102E-4,9.531103897558657E-4,4.2755438219932733E-4,0.002777942684945655,2.959869553372178E-4,7.608784484529933E-5,0.0012753822556621464,0.001104743908073727,1.7928029553858352E-4,1.648542813935477E-4,0.01080347217008869,1.7998457335097217E-4,2.5712931910262045E-4,3.495390442561159E-4,1.645144899497801E-4,0.008786932089141957,1.4932046584761364E-4],[0.008875573304233634,1.0536307860329746E-4,0.010328647895828349,0.009497381087915039,0.0018192246455576472,0.012811892894685449,0.003654056969479172,0.01122254917473758,0.0010915577953779399,0.007076312571900507,0.0073130751830715315,0.003998747506967133,1.0,0.01027111297233625,0.00843713583606596,0.009297141608246568,0.004864402120141648,0.008351002952172835,0.020167055356987887,0.008580335549874378,0.00252910437675779,0.0018928215763583257,0.0051407137069852055,0.005927972327187571,0.009287321725420232,0.006805640100019269,0.011065134315992741,0.011104946204853276,0.008986539480870812,0.0018562165353586554,0.007214758972415055,0.02774420610405947,0.009271355833005767,7.388049803667519E-4,0.006999832172328774,0.006453622983591962,0.00828613767011171,7.794442773922322E-4,0.006788885819620963,0.007737500320818708,0.011887962536608117,3.83683319521611E-4,0.012461686107578807,0.0125,0.010128313065713275,0.0037024183182753473,0.00717205432567276,0.010768612173513718,0.01261586907275371,0.01006938689665521],[2.0777087230405649E-4,1.1070435140964264E-4,0.0026167205945731853,3.3972685504603196E-4,7.388364871943047E-5,0.005609094699424794,1.9059358327853278E-4,0.004937019556162113,1.7152749118776544E-4,0.00192742906894227,2.5195014155191887E-4,1.9367382072257202E-4,0.01027111297233625,1.0,5.958535360011378E-4,0.0024760126223596635,1.2583147608672811E-4,0.0030271680254478246,0.014469851557943579,1.948640709179698E-4,0.0012401887524591173,8.3968017008793E-5,4.7373061334111705E-4,3.614763286485505E-4,2.082098065988558E-4,2.2759455145827652E-4,0.0014765390049949023,0.001959301750255471,0.0013265525892849704,7.772093761043349E-5,4.285853175274653E-4,0.01621755949883862,1.4330283062172628E-4,2.0620332541095238E-4,0.0013291395763303732,3.602086932357468E-4,0.0020545440010492897,3.1338464918427854E-4,1.0276506890691893E-4,0.001659576961244326,0.003792954414202557,2.2566860314059112E-4,2.002115860522154E-4,0.010219802367918281,2.565209332030082E-4,5.66393522770189E-4,2.835512169177368E-4,7.785545035915E-4,0.00836323436704894,2.025449803637571E-4],[3.1096608410913104E-4,3.8811141472241473E-4,0.0014419974017151687,3.7064091518114234E-4,5.057421233938981E-4,0.0011930590625965592,2.126711309477534E-4,0.0020528556169056226,3.850038757739431E-4,9.219532017446872E-4,5.280749088899487E-4,5.078045833454376E-4,0.00843713583606596,5.958535360011378E-4,1.0,0.00408135545533561,5.473119710733165E-4,0.00254087862748752,0.006169083531639536,2.969223742433778E-5,0.001121511204521749,6.788753588563755E-4,7.120570840622338E-4,9.528048364958575E-4,4.8312921401747876E-5,3.5998366419176596E-4,0.0011235792685441327,0.0013534191898265566,0.0013861147781691753,1.6958414879834796E-4,7.789172254281658E-4,0.016647331997196733,2.0568128953497817E-4,1.232062130824725E-4,9.662811021607753E-4,8.567537105933783E-4,0.0024806979870730756,6.099774571313174E-4,4.752993335003201E-4,0.0013556285006169025,0.0038432826963203433,4.01896303462564E-4,3.88317877312021E-4,0.001781761978490722,5.426536551389799E-4,9.477011070036301E-4,5.795755040989272E-4,9.165990301055227E-4,0.0123461536025356,6.895563732300447E-4],[0.0029340357479023353,0.0025790738917767886,0.005548777161420505,0.001171187301999412,0.0030055134153866457,0.011375201302288838,0.0026127156764788597,0.008987843828768625,8.880864311204637E-4,0.004042576237181869,0.002213169078419371,6.691024761642253E-4,0.009297141608246568,0.0024760126223596635,0.00408135545533561,1.0,0.0027745439945332374,0.0040434414617928505,0.028272508768750832,0.0010989972655822756,0.0015364149244124854,0.0038339825574196943,0.0041517128756717765,0.004519832674343819,7.069456416636398E-4,0.0018380980047793152,0.002756329205581693,0.003424779225460784,0.003245754728628347,0.0035799827228054915,0.003027498835066737,0.031145129482416867,0.0033534632271386296,0.0029469896797069597,0.0020500225884993537,0.004687512966692791,0.0043390827712579995,0.002717512130770916,9.324347433165343E-4,0.004124831150897786,0.004642842420973317,8.749106520196745E-4,8.288769716011782E-4,0.00837933014994083,0.0030481963381477285,0.0042549176326528194,0.0011865721649872633,0.0022501999175026837,0.01144577546780919,9.337553547028902E-4],[6.777084389527343E-5,3.2442607822167054E-5,0.002280832907076781,1.1534690802991743E-4,3.079359215453259E-5,0.014494251413642476,5.3095710927255276E-5,2.64039289789057E-4,4.881179471794168E-5,0.0023409842188094184,2.4011126593853245E-4,7.180243366589413E-5,0.004864402120141648,1.2583147608672811E-4,5.473119710733165E-4,0.0027745439945332374,1.0,0.0018739936340744102,0.01649482838548762,3.163635967432736E-5,8.654054115806479E-4,3.840790475935568E-5,5.777592819068626E-4,4.904367606603746E-4,2.9328946077479485E-5,1.4108874597914888E-4,0.002409757759333455,1.9402245114147107E-4,5.544561328986084E-4,3.427419732485072E-5,3.6516171433419533E-4,0.0040823052279064945,7.089540441615553E-5,6.319418222549095E-5,0.001169110678657389,2.703626666794771E-4,1.479961533227784E-4,3.273082771584527E-4,5.9853008532091847E-5,0.0015952560282416974,0.0031132480291311466,1.343143605248027E-4,7.83486532315669E-5,0.0027491970866840194,7.75637616642368E-5,0.0010747426194499564,3.1694642114451496E-4,4.6824944404171454E-4,0.01781027153728482,9.124600449869781E-5],[0.0030821062160621762,0.003304515841413275,0.00583754311974031,0.0011373826527592546,0.002304943185553437,0.01236644102208664,9.11766858414673E-4,0.01033933701098897,6.897438650476478E-4,0.002945356972374306,0.001500732747627242,0.001228017538797553,0.008351002952172835,0.0030271680254478246,0.00254087862748752,0.0040434414617928505,0.0018739936340744102,1.0,0.014239744291928796,3.8204251998803927E-5,0.0032236898494623347,0.0011840008260117687,9.199440493454149E-4,0.0015250380995169358,8.608675968092262E-4,3.5309710707684297E-4,0.0025988465128572906,0.00310829189656209,0.0029464472660867026,0.003309843996823265,0.0022542250032848462,0.009007521021634953,0.00113195632891864,9.514897609470676E-4,0.0014093009341385888,0.002369262592489595,0.004113957564674661,0.0029663211714069816,0.0015856569304853886,0.0033448462790794677,0.004473994168380969,0.001501929784789349,6.835614870770304E-4,0.005148433345268606,9.823164278577135E-4,0.0030501109701670673,5.934484044414678E-4,0.0016228168462081357,0.012277038439415012,0.0026149041073781705],[0.020925382306350538,0.007654100738020894,0.025044680148646505,9.093081798654959E-4,0.0012448316505735133,0.025394353239882407,0.007904591246649618,0.02763826100867691,0.010682729680126245,0.017896836890049124,0.00746440544948563,0.009010287656959642,0.020167055356987887,0.014469851557943579,0.006169083531639536,0.028272508768750832,0.01649482838548762,0.014239744291928796,1.0,0.0158261666618296,0.022773295822067288,0.012623754916121345,0.02527896166475615,0.005238589294197638,0.002547008797513687,0.018194273047175854,0.02251633955470964,0.013953605254068142,0.018928379583505277,0.014336662814210751,0.018445468012748153,0.02997567240276837,0.026844161077745374,0.018171918931545426,0.01298296138523741,0.027077351287128727,0.022029072901387454,0.0277344550177901,0.027508328836342,0.013830696045555913,0.015053901480204069,8.324102641416488E-4,0.007810851806183103,0.026613777207228108,0.026139261572900543,0.024931208569742923,0.026079945399399958,0.019606218708955476,0.02720888143129528,0.021243009803244835],[1.3005066949917853E-4,2.367330990240164E-5,0.0033319344088511955,3.152474997921066E-4,2.3736725418608305E-5,0.006761295943515926,7.52352058174381E-5,0.004957033602563203,2.4663250985801462E-5,0.0024008780508158727,1.7768041533993174E-4,3.871735773099318E-5,0.008580335549874378,1.948640709179698E-4,2.969223742433778E-5,0.0010989972655822756,3.163635967432736E-5,3.8204251998803927E-5,0.0158261666618296,1.0,0.0010136820548050868,2.574244970744417E-5,3.0050627423726866E-4,2.779947247874642E-4,1.4327787293172653E-5,3.5787598269197314E-5,9.942807856832777E-4,9.249223036781567E-4,9.565694120472706E-4,2.3769894269130734E-5,9.300724681430545E-4,0.004843128798658065,7.496359955792534E-5,7.104869545677949E-5,3.251020109459628E-4,5.6294647715956784E-5,0.002931106146027425,1.0269251384470761E-4,4.1194888801627456E-5,3.9687003509137047E-4,0.003767832752502979,1.0929980708390265E-4,3.633565399288146E-5,0.009802177096596363,3.7268397618725254E-5,0.001008366008345493,2.7502522657859115E-4,2.1546291421069405E-4,0.009575013794097191,9.077801848139971E-5],[6.332278259669552E-4,7.640859929481522E-4,0.0049367269393456835,8.022159240835292E-4,2.259675329227609E-4,0.0019932266503995153,0.0011237083802154981,0.006673610917332386,1.6249106631899E-4,0.0015008399344995436,7.121675386953432E-4,1.6161123421027306E-4,0.00252910437675779,0.0012401887524591173,0.001121511204521749,0.0015364149244124854,8.654054115806479E-4,0.0032236898494623347,0.022773295822067288,0.0010136820548050868,1.0,7.983593863924988E-4,0.0010173319879274757,0.0012579924505202941,4.3698302624675125E-4,8.396349536107168E-4,0.0016415945941350642,0.0014126274006615773,0.001622221316224626,3.9631286167240764E-4,0.001191144672269143,0.004672164208781942,4.385040101445997E-4,0.0010149245959344617,0.0013003633389143522,0.0010799732475643901,0.0031461551405748607,4.593893601695359E-4,0.0011254499325889515,0.0021085265917651264,0.004338908707066726,0.0011311633841985607,0.0010918528243476738,0.007358840115586899,8.066923560866325E-4,0.0011590878769758676,8.430033757856491E-4,0.0011933755965353459,0.014549964664455168,0.0010422649674408728],[1.4815008235455953E-4,2.476639487753758E-5,0.0049630640368033335,1.6806540969993987E-4,1.8381725692664664E-5,0.00920053723809274,6.166078446953141E-5,0.004224918259346426,2.307467057152743E-5,0.0014182551451204228,1.552647636382195E-4,4.3969904983441774E-5,0.0018928215763583257,8.3968017008793E-5,6.788753588563755E-4,0.0038339825574196943,3.840790475935568E-5,0.0011840008260117687,0.012623754916121345,2.574244970744417E-5,7.983593863924988E-4,1.0,2.974507813576724E-4,8.950742466236531E-4,3.302844431580629E-5,2.074404412755303E-4,0.0012044246702445603,1.271296264696942E-4,0.0028172122227752296,2.4555339139160146E-5,8.289755064215716E-4,0.007651245289460147,9.164724114105313E-5,7.840569735952701E-5,5.913119139350331E-4,7.252924798767102E-4,0.0025693342891088817,3.4964340357516413E-4,5.9976789362587566E-5,4.89210096213311E-4,0.003074406249068801,1.1920825788539768E-4,5.8655746406687136E-5,0.010035549943116036,6.104593241655927E-5,5.300754036473987E-4,3.709551852915971E-4,7.004025739570822E-4,0.007870590964493374,1.2464920794194942E-4],[5.228543743225618E-4,3.2292288006175335E-4,0.004914533875309756,6.35229194058257E-4,2.1767491865700393E-4,0.006087938252712777,4.916369186082485E-4,0.008115872620827856,5.106622755896677E-4,0.0027090671971197605,4.301711017678793E-4,5.733159986837288E-4,0.0051407137069852055,4.7373061334111705E-4,7.120570840622338E-4,0.0041517128756717765,5.777592819068626E-4,9.199440493454149E-4,0.02527896166475615,3.0050627423726866E-4,0.0010173319879274757,2.974507813576724E-4,1.0,7.599031759517618E-4,4.00082188175868E-4,4.965866328561668E-4,0.0025035975107050726,0.0019019048044728597,0.001176989875867854,4.220874562275567E-4,9.445584869666535E-4,0.012588337460529252,3.532547275981663E-4,6.609138581448952E-4,9.473995877409267E-4,8.742854651817663E-4,0.0032404760368006614,5.493257053674896E-4,1.1721643334098451E-4,0.0010585759226070283,0.0034776838891429048,2.4751941169648227E-4,5.733480939091246E-4,0.005737334472700488,5.921509860700247E-4,8.86844268321257E-4,6.149787861709016E-4,9.965159726764048E-4,0.01546721820652471,4.2974568035786536E-4],[5.359205709368542E-4,1.5989649974585497E-4,0.004138200376985939,9.859976005356192E-4,0.0010468713732362707,0.01569640044702887,9.095569874040399E-4,0.007340632122945053,2.966965811578795E-4,0.002225280907983318,6.203989113343722E-4,5.543581274459221E-4,0.005927972327187571,3.614763286485505E-4,9.528048364958575E-4,0.004519832674343819,4.904367606603746E-4,0.0015250380995169358,0.005238589294197638,2.779947247874642E-4,0.0012579924505202941,8.950742466236531E-4,7.599031759517618E-4,1.0,8.573026535891329E-4,7.274716685519616E-4,0.002004877595769212,0.002131943077417847,0.001963707965415484,9.60945533420234E-4,0.0010614526308580963,0.011557847777960473,8.582804315415042E-4,5.742247984653134E-4,0.0012038455809380356,0.0010320576927084592,0.0015194855019491106,4.776039349093751E-4,4.728458237079555E-4,0.003288593947587083,0.0026537809496155534,2.8787163408862924E-4,6.125721276674981E-4,0.012325527828577076,6.340215834045836E-4,0.0010826402844346396,8.000227595929152E-4,0.0010597637908508028,0.0036395325366137352,4.776070400953433E-4],[6.36522491417847E-5,1.5735274847317588E-5,0.00468610936448143,3.143980041630522E-4,1.6725024005698704E-5,0.0056954290428450766,4.9966736076568826E-5,0.00149126115316561,1.6343882154001142E-5,0.002385314997497554,3.634272053588775E-5,1.273110041086515E-4,0.009287321725420232,2.082098065988558E-4,4.8312921401747876E-5,7.069456416636398E-4,2.9328946077479485E-5,8.608675968092262E-4,0.002547008797513687,1.4327787293172653E-5,4.3698302624675125E-4,3.302844431580629E-5,4.00082188175868E-4,8.573026535891329E-4,1.0,1.0919280742542557E-4,0.001172833004722191,0.0012323352126792186,0.0016073474387152658,2.127562994555125E-5,9.22056529309699E-4,0.01922338816772742,2.162661941581012E-5,4.201092719083301E-5,9.523979878466337E-4,6.926953846276585E-4,6.844936623045407E-4,1.1877547745068069E-4,4.0812243562710766E-5,0.0028719263236583895,0.0017484920422757807,1.015374574128935E-4,8.547273858262815E-5,0.008675817763177347,9.998685320401325E-5,6.132761725649716E-4,1.125247747751741E-4,2.3815867479909606E-5,0.01184783048587801,1.0372701396243345E-4],[2.1075296085005315E-4,1.828728709352112E-4,0.002063425561582521,3.395092745859411E-4,3.7607607225955344E-5,0.0019568644753971804,2.0681212651064052E-4,0.006699318638270315,2.6016065049517787E-5,3.7678998600401876E-4,3.2801696157036113E-4,1.8006871482073776E-4,0.006805640100019269,2.2759455145827652E-4,3.5998366419176596E-4,0.0018380980047793152,1.4108874597914888E-4,3.5309710707684297E-4,0.018194273047175854,3.5787598269197314E-5,8.396349536107168E-4,2.074404412755303E-4,4.965866328561668E-4,7.274716685519616E-4,1.0919280742542557E-4,1.0,0.0013674349015464792,0.0017733751103389001,8.815532296223597E-4,1.7816875983672474E-4,5.015597448921232E-4,0.023610789496325106,1.2513775331297967E-4,1.2835440966649944E-4,8.836058452179533E-4,4.236517414025941E-4,0.0035901190847030012,3.144356061098819E-4,6.888437418726646E-5,0.0014029528830900402,0.004393850304777337,2.2528584374293515E-4,2.224770700730965E-4,0.0020005067524333847,2.714665123065346E-4,6.973940221866956E-4,3.9447745758805665E-4,8.148251027181748E-4,0.008508993780513069,2.069238951362427E-4],[1.869929596065805E-4,0.0023714335657230995,0.004475800267211047,9.431235321422928E-4,0.0022377351805953545,0.009665846770793301,9.058609417614078E-4,0.007352976129636512,0.0024444728112709905,0.00256973371123256,9.060018752499512E-4,0.001922604863278045,0.011065134315992741,0.0014765390049949023,0.0011235792685441327,0.002756329205581693,0.002409757759333455,0.0025988465128572906,0.02251633955470964,9.942807856832777E-4,0.0016415945941350642,0.0012044246702445603,0.0025035975107050726,0.002004877595769212,0.001172833004722191,0.0013674349015464792,1.0,0.002480077915732032,0.0027936134995228366,0.002269574448086429,0.0013261512815374646,0.010269108085020923,0.001940773685591619,9.302336173525452E-4,0.002086374892402232,0.0023959260364236844,0.003222942313277423,0.001212629005465486,0.0012122621056819343,0.0029655060812798497,0.004341406687912518,0.002013561633175673,0.0017978249237881046,0.0098006344298158,0.0012550299948557314,0.0023043688346580955,6.585925538382251E-4,0.001746891312935767,0.01902961974667578,0.002266905283403741],[6.610794989464362E-4,2.1739380866838198E-4,0.003606400368908403,0.0012763637016808959,0.00210622251651628,0.010856094588854667,0.0012816527135882166,0.006615486662052483,7.829317199634244E-4,0.002771726677721943,9.021014562799968E-4,0.002253994844596905,0.011104946204853276,0.001959301750255471,0.0013534191898265566,0.003424779225460784,1.9402245114147107E-4,0.00310829189656209,0.013953605254068142,9.249223036781567E-4,0.0014126274006615773,1.271296264696942E-4,0.0019019048044728597,0.002131943077417847,0.0012323352126792186,0.0017733751103389001,0.002480077915732032,1.0,0.0026805797854097995,0.0022532853792879078,0.0019334269280880266,0.006134566559200562,0.0022486730700785602,0.001420983887732947,0.0016290007303570284,0.0017324399239774413,0.002990529145529142,0.0012657694668830955,0.002245788358233374,0.0029455205263498774,0.004440921475119932,0.0010513177274300467,5.551097236845677E-4,0.005819363564191122,4.52330873810329E-4,0.0016851099610104081,4.8780879004627005E-4,0.0013684948573592772,0.0034880213704665455,0.0018813070064990587],[8.094837519080667E-4,3.7347765429126146E-4,0.005163105333349453,0.001824916770499426,0.002748872430733494,0.009648710156689002,0.001656706883738117,0.006867965515321633,0.002717455657849295,0.00287708342761724,7.799102169676478E-4,0.0014053013090420628,0.008986539480870812,0.0013265525892849704,0.0013861147781691753,0.003245754728628347,5.544561328986084E-4,0.0029464472660867026,0.018928379583505277,9.565694120472706E-4,0.001622221316224626,0.0028172122227752296,0.001176989875867854,0.001963707965415484,0.0016073474387152658,8.815532296223597E-4,0.0027936134995228366,0.0026805797854097995,1.0,0.0012087976562731632,0.001956626120861003,0.017724064530498906,0.0011036428482203164,7.848671098692293E-4,0.001863965279137682,0.0017645651513692067,0.0033727510623573816,0.0015125135788400705,1.4704684598422675E-4,0.0030784407359477554,0.0032640103076145943,0.0012328522600151676,2.5569059141894066E-4,0.005870513944392489,0.002252440657214333,0.002616790298087914,0.0026909706742731954,0.0017249590265511574,0.012367409895714778,3.5974732276783665E-4],[7.612104291060137E-5,2.0387991444909738E-5,2.3778476633050846E-4,3.218385189525364E-4,1.778141055657694E-5,0.010597590542616843,3.0169464590013635E-5,0.009099326419808224,2.16752720371798E-5,0.0013998335877376212,1.8404972056811585E-4,4.029605716635551E-5,0.0018562165353586554,7.772093761043349E-5,1.6958414879834796E-4,0.0035799827228054915,3.427419732485072E-5,0.003309843996823265,0.014336662814210751,2.3769894269130734E-5,3.9631286167240764E-4,2.4555339139160146E-5,4.220874562275567E-4,9.60945533420234E-4,2.127562994555125E-5,1.7816875983672474E-4,0.002269574448086429,0.0022532853792879078,0.0012087976562731632,1.0,3.327979602252579E-4,0.022451135179875643,9.53676236898531E-5,7.421924531032844E-5,5.00429493002757E-4,5.162332592109526E-4,0.002553771778795501,1.2912378706005136E-4,5.435141406662785E-5,6.98830098926852E-4,0.0026921425999291994,1.0911795014698502E-4,7.489404575016099E-5,0.004987326182086697,2.588352850777549E-4,7.743274971066289E-4,1.1107354479558627E-4,1.318023425393805E-4,0.007547865147613788,7.025198349195093E-5],[7.6169706243679E-4,9.462227998971795E-5,0.003007484311109992,4.7689383400269865E-4,6.106233709057044E-4,0.009671643640941122,4.2941583236386235E-4,0.0028160685263481037,9.154291905618159E-4,0.0024531246994710133,4.51710141958319E-4,5.686551690612929E-4,0.007214758972415055,4.285853175274653E-4,7.789172254281658E-4,0.003027498835066737,3.6516171433419533E-4,0.0022542250032848462,0.018445468012748153,9.300724681430545E-4,0.001191144672269143,8.289755064215716E-4,9.445584869666535E-4,0.0010614526308580963,9.22056529309699E-4,5.015597448921232E-4,0.0013261512815374646,0.0019334269280880266,0.001956626120861003,3.327979602252579E-4,1.0,0.0299788043116564,8.014506298753342E-4,2.2542678435033602E-4,0.0011646117320823657,0.0010085328957858857,0.003151141371956344,4.46981211569592E-4,3.88383121042527E-4,0.0015328091926501296,0.0013866249933835177,5.670350935469581E-4,5.676946494430504E-4,0.008845658261905415,7.28386768577198E-4,0.001044526809236793,5.551099290815112E-4,0.0010215993421162422,0.017809430824188607,8.764801420619828E-4],[0.011091793843131612,6.697066214823746E-5,0.018894084624139232,0.02573450464064483,0.028181013256121233,0.024240206759749867,0.023604983793449805,0.020187324514369862,0.031261286673288625,0.021705180405141113,0.030997225067709407,0.007372005592656409,0.02774420610405947,0.01621755949883862,0.016647331997196733,0.031145129482416867,0.0040823052279064945,0.009007521021634953,0.02997567240276837,0.004843128798658065,0.004672164208781942,0.007651245289460147,0.012588337460529252,0.011557847777960473,0.01922338816772742,0.023610789496325106,0.010269108085020923,0.006134566559200562,0.017724064530498906,0.022451135179875643,0.0299788043116564,1.0,0.01738885243895059,0.003997081694611344,0.031554122989315134,0.002993973240196789,0.004280615207442829,0.0010592199582855415,0.022700839192619504,0.016987145636549614,0.008549930567109898,0.011870396974806404,0.008227765637416291,0.015921114095301222,0.004136327709043299,0.02003831277648315,0.014671631775034503,0.031084892802136922,0.02067600877055869,0.008886144856404798],[1.488840354926596E-4,1.0672327500386988E-4,0.001828283741621454,3.2947410987023E-4,4.9174243284240966E-5,0.009031118752278022,1.3117324511708055E-4,0.006211723592674652,4.755349568897294E-5,0.0018249646813298186,1.5362355857723972E-4,1.28777737639786E-4,0.009271355833005767,1.4330283062172628E-4,2.0568128953497817E-4,0.0033534632271386296,7.089540441615553E-5,0.00113195632891864,0.026844161077745374,7.496359955792534E-5,4.385040101445997E-4,9.164724114105313E-5,3.532547275981663E-4,8.582804315415042E-4,2.162661941581012E-5,1.2513775331297967E-4,0.001940773685591619,0.0022486730700785602,0.0011036428482203164,9.53676236898531E-5,8.014506298753342E-4,0.01738885243895059,1.0,1.1945314653608853E-4,6.012084422825842E-4,8.247037538576655E-4,0.0016265627081909657,2.821245261272351E-4,1.1456098982785373E-4,0.0018562744357552795,5.733033295776057E-4,1.9831807487611665E-4,1.2447576990300545E-4,0.0030844340845109647,2.501402545848116E-4,7.350608231287982E-4,1.767991938761547E-4,0.0010237335931189103,0.0015573549094861927,1.2925604694964153E-4],[1.3650886891194202E-4,6.787249872476886E-5,1.6097727493799677E-4,2.7533302416204563E-4,8.350577530058576E-5,0.004579327567295364,1.4191306559167447E-4,0.0066919576379088795,7.533578293426699E-5,0.001331751497077799,2.8352381055279333E-4,1.4056665241746102E-4,7.388049803667519E-4,2.0620332541095238E-4,1.232062130824725E-4,0.0029469896797069597,6.319418222549095E-5,9.514897609470676E-4,0.018171918931545426,7.104869545677949E-5,0.0010149245959344617,7.840569735952701E-5,6.609138581448952E-4,5.742247984653134E-4,4.201092719083301E-5,1.2835440966649944E-4,9.302336173525452E-4,0.001420983887732947,7.848671098692293E-4,7.421924531032844E-5,2.2542678435033602E-4,0.003997081694611344,1.1945314653608853E-4,1.0,0.0012805792978039844,6.648227722598303E-4,0.002604932319531457,1.625433066785963E-4,7.41109576073733E-5,0.0024427894505423143,0.003271321918217786,2.2187661314022945E-4,1.646815776959275E-4,0.006922389945101211,2.5387784772152114E-4,3.5772616250987936E-4,2.6627637023826563E-4,7.624407937816915E-4,0.0038634749395827558,1.352959921665414E-4],[6.683295124878867E-4,0.0011266507710792246,0.0016490602568108859,9.980655801298242E-4,9.030652042156402E-5,0.0056647453983822895,7.376916152664265E-4,0.004286970087366034,5.271330729711895E-4,0.0022494978301719603,3.998910139011816E-4,9.531103897558657E-4,0.006999832172328774,0.0013291395763303732,9.662811021607753E-4,0.0020500225884993537,0.001169110678657389,0.0014093009341385888,0.01298296138523741,3.251020109459628E-4,0.0013003633389143522,5.913119139350331E-4,9.473995877409267E-4,0.0012038455809380356,9.523979878466337E-4,8.836058452179533E-4,0.002086374892402232,0.0016290007303570284,0.001863965279137682,5.00429493002757E-4,0.0011646117320823657,0.031554122989315134,6.012084422825842E-4,0.0012805792978039844,1.0,0.0010484433536229938,0.0018410675528432946,7.055979614027101E-4,4.4570534600502326E-4,0.002363647098602423,0.0028033583823335925,0.0011860278259173886,7.802624272494164E-4,0.004630051310517192,3.7169646109395634E-4,0.0011005953001615484,0.0010697907079131547,0.0011599467353645462,0.018219334416654985,0.001204931778806213],[9.709081900485085E-4,3.2148843167890376E-4,0.005810553592199838,9.393670166714464E-4,4.1518580925028044E-4,0.014337813197627773,5.619488583213792E-4,0.008139598832242752,2.5246931419123755E-4,0.0023453828464183356,5.367591956043948E-4,4.2755438219932733E-4,0.006453622983591962,3.602086932357468E-4,8.567537105933783E-4,0.004687512966692791,2.703626666794771E-4,0.002369262592489595,0.027077351287128727,5.6294647715956784E-5,0.0010799732475643901,7.252924798767102E-4,8.742854651817663E-4,0.0010320576927084592,6.926953846276585E-4,4.236517414025941E-4,0.0023959260364236844,0.0017324399239774413,0.0017645651513692067,5.162332592109526E-4,0.0010085328957858857,0.002993973240196789,8.247037538576655E-4,6.648227722598303E-4,0.0010484433536229938,1.0,0.0013952512900732668,9.31355686976363E-4,1.655705407413821E-4,0.0023121466171745933,0.001898512806603075,7.632906261793406E-4,4.80133476146218E-4,0.007173059644555909,4.33246179724303E-4,0.0010612237424103763,9.734276586552191E-4,0.0010211156486280028,0.004895385782362364,3.5212057629512526E-4],[0.00327957325737971,5.842949633329812E-4,0.005503542060950766,0.0010210074147663168,9.502354872270658E-4,0.010333061128447644,0.002639945577066522,0.008868494172432035,1.8936087507677806E-4,0.0040989579811881,0.0011893650331319286,0.002777942684945655,0.00828613767011171,0.0020545440010492897,0.0024806979870730756,0.0043390827712579995,1.479961533227784E-4,0.004113957564674661,0.022029072901387454,0.002931106146027425,0.0031461551405748607,0.0025693342891088817,0.0032404760368006614,0.0015194855019491106,6.844936623045407E-4,0.0035901190847030012,0.003222942313277423,0.002990529145529142,0.0033727510623573816,0.002553771778795501,0.003151141371956344,0.004280615207442829,0.0016265627081909657,0.002604932319531457,0.0018410675528432946,0.0013952512900732668,1.0,0.001476126133375841,0.0021858857771336624,0.0034784434865872127,0.004374775591745422,7.608725381411508E-4,0.0019944640757332665,0.0084067825668734,0.0011348368948406015,0.0018197383344815026,0.0026799910847511914,0.0033116544103431803,0.014933341470924292,0.003083895368825859],[2.507244794442325E-4,2.493887286187983E-5,0.005256696973300979,3.462943158258594E-4,2.3500472868927708E-4,0.010458013427023542,1.9388218980298278E-4,0.002529964171524007,2.750369304779121E-4,0.0010124837401306519,3.570683479455273E-4,2.959869553372178E-4,7.794442773922322E-4,3.1338464918427854E-4,6.099774571313174E-4,0.002717512130770916,3.273082771584527E-4,0.0029663211714069816,0.0277344550177901,1.0269251384470761E-4,4.593893601695359E-4,3.4964340357516413E-4,5.493257053674896E-4,4.776039349093751E-4,1.1877547745068069E-4,3.144356061098819E-4,0.001212629005465486,0.0012657694668830955,0.0015125135788400705,1.2912378706005136E-4,4.46981211569592E-4,0.0010592199582855415,2.821245261272351E-4,1.625433066785963E-4,7.055979614027101E-4,9.31355686976363E-4,0.001476126133375841,1.0,6.56137559433943E-5,6.553071229431489E-4,3.8032793589775444E-4,2.9058243562416137E-4,2.145067537446854E-4,0.004996090644562765,3.5284929117019827E-4,8.157962018096527E-4,3.576323313944046E-4,7.18012596591295E-4,0.0042618369750105425,3.4927394469063907E-4],[1.0693941559215688E-4,6.071682810738926E-5,0.004276109620974453,1.534745389432928E-4,3.905005194391995E-5,0.0068569705018060355,1.0825732193533274E-4,0.008602869164070154,4.197227194329877E