[[1.0,0.010501255285066426,7.641296611981046E-4,0.0012208420196778494,6.568009920004962E-4,0.01999638747644599,0.006604460817712024,0.0012421854948603452,4.7079749495668427E-4,7.679269893282362E-4,0.01952650828459626,6.060941006489607E-4,4.5384794401046876E-4,0.0011195909563717168,0.0011877119024521667,0.0010434425443223067,4.8168858987588926E-4,0.0013323223154367437,0.036299148913075036,2.1745161320196676E-4,0.0013446811881374415,0.0033037355477866506,8.566478082270704E-4,9.925175559529198E-4,0.00319521593118304,0.0010157271605166635,8.969802793087307E-4,0.0014573049359328833,4.156560807535414E-4,0.0014471381116323856,6.382885040081041E-4,0.001088814840572868,0.001391571905647239,0.0011267532997689094,0.0012875003629874418,0.0014520606660701353,0.001438643091771822,7.710556957021156E-4,0.009897212625776473,2.1418287686025941E-4,0.011041133450210523,0.0011639900376529558,3.9986808291366926E-4],[0.010501255285066426,1.0,0.013690963292422888,0.007994629176980931,0.012964847000499784,0.029010099587371115,0.012078223082007433,0.009404042225742022,0.0161251994663943,0.013063462623542743,0.0171840682878435,0.014120950952883918,0.0022910041611530437,0.005509395314593074,0.00503235865588004,0.005155288740451805,0.015659591086801868,0.0013126002509186636,0.01901925975963491,0.0018486573135987256,0.004365947602408783,0.01509499132935824,0.011827191979516379,0.004101995957187488,0.014048736295806375,3.6589906647666335E-4,0.012857399443620264,0.008186557918789734,0.015167734907115983,0.003710644296405906,0.00101959577571135,0.0017010736754062765,0.008054542984909586,0.012675876705682024,0.015167632720039513,0.013289948325324145,0.012370921994302642,0.007218982949129183,0.012130020334351845,0.010933739462990305,0.017121914820484665,5.804562926027871E-4,0.014977200013695579],[7.641296611981046E-4,0.013690963292422888,1.0,3.3313914759722663E-4,3.5191944756138706E-4,0.02646695852235856,0.0030778291958521997,3.3024760476965307E-4,2.8349536221364453E-4,2.2004606478265456E-4,0.014286545217186726,2.02954376786228E-4,1.1646935962892852E-4,1.7191813072778167E-4,3.1440568785758027E-4,2.3146658718339457E-4,3.0397255163708502E-5,5.067381181554141E-4,0.018811935971109396,7.891361526332189E-5,3.032322770667924E-4,0.002991498751347729,2.673456011666666E-4,1.337746068720182E-4,7.763476986553678E-4,2.583883275256169E-4,2.1302384527308748E-4,3.2492936958326493E-4,2.53584497071702E-4,3.586562076859291E-4,2.9002191271204104E-4,2.0744806116726404E-4,3.7101818082663397E-4,3.2004250606582193E-4,7.915474521411378E-4,2.5656032962890286E-4,6.245125941202117E-4,2.2341838488286746E-4,0.008612595489788162,2.025958578015844E-4,0.0028918773965183812,2.2659513634264175E-4,3.174363980827352E-4],[0.0012208420196778494,0.007994629176980931,3.3313914759722663E-4,1.0,3.3444110499575384E-4,0.02910207218508057,0.002683104967889007,2.466823655066785E-4,1.9201070012017304E-4,2.7106840216601703E-4,0.0050634423788308985,1.612564400200371E-4,1.4039722491718937E-4,1.767437510302406E-4,2.1753505345624945E-4,2.510170896300355E-4,3.677929138136151E-5,7.852674089424709E-4,0.04521109607212756,1.6613455294157647E-4,3.0146266320648675E-4,5.43914758418425E-4,3.023447940641941E-4,1.5252653163180888E-4,0.002495622046230891,3.247179438682054E-4,2.4043605683152903E-4,2.6059602821933766E-4,2.5071299457869717E-4,4.409333664115414E-4,2.674397222222446E-4,2.8528786716369806E-4,9.189058591490516E-4,2.951840325613529E-4,3.2753931736320896E-4,1.769616505855768E-4,5.009834786178345E-4,1.1766022442493025E-4,0.00854245492666333,1.9576762079397033E-4,0.014601162848571075,3.4490699017890924E-5,2.7877146194250826E-4],[6.568009920004962E-4,0.012964847000499784,3.5191944756138706E-4,3.3444110499575384E-4,1.0,0.004737213942658609,0.0018941286934186226,2.562855308639399E-4,2.024695573379799E-4,1.4797548382508905E-4,0.016453254183786466,1.3285225962896542E-4,2.3142877538154144E-4,2.0589280763166516E-4,2.813124828640169E-4,2.3682325117666266E-4,2.9488972946098944E-5,4.591650234372915E-4,0.013979978601905065,2.1718134932917683E-4,3.4056586946848747E-4,0.002717877324338389,2.3064090304505274E-4,2.0561310662925208E-4,0.0013056407626925379,2.7129283550083666E-4,2.2492387095720705E-4,2.0975153274074192E-4,3.356405649202629E-4,8.496404779549335E-4,2.4874769124022533E-4,2.056728879339288E-4,0.0012105915996379725,3.1480484111483784E-4,4.607918614658118E-4,3.439126063994097E-4,5.176853601624319E-4,8.049007896784364E-5,0.0010257347303872896,1.9999681142087022E-4,4.5707086364316714E-4,1.9008630680773423E-4,2.6352982832891536E-4],[0.01999638747644599,0.029010099587371115,0.02646695852235856,0.02910207218508057,0.004737213942658609,1.0,0.01661158977636939,0.020843375288376473,0.014567070015911423,0.019670756311343948,0.028273530877237732,0.024950765371553343,0.0254749103029421,0.009665132460909037,0.026521649541324046,0.005557076923207203,0.01115485829832947,0.03029114816789515,0.030954462780525275,0.007008135942056144,0.017723717798383783,0.027394018055457398,0.00850215139575438,0.0056661373420389335,0.02354825129123281,0.011563413728099766,0.0011194494255684485,0.029809109797938087,0.02429327654496787,0.015414724994935883,0.023494609135614086,0.007890016779755609,0.00586207048276311,0.012414701517318596,0.0031889044356852815,0.01899477640678631,0.017558771973296784,0.017452343991856543,0.020090646574070187,0.022727368250619395,0.02208385395176767,0.029828206335004378,0.020023067718078352],[0.006604460817712024,0.012078223082007433,0.0030778291958521997,0.002683104967889007,0.0018941286934186226,0.01661158977636939,1.0,0.005832268473604051,0.009394229092496856,0.005066679071387198,0.01704619642368576,0.004552946072054941,0.00972566954476717,0.008611440818756295,0.0034770960430390405,0.004426747912610766,0.008944569146667029,0.0018208853218166436,0.04037670353366568,0.0024095475707218462,0.00612398782796786,0.007952752560742038,0.006067584375411736,0.008573814402284871,0.006690129578634652,0.003318081752069229,5.1108326436136E-4,1.860360269586164E-4,0.004983129307026196,0.005352855330028683,0.002986940606378186,0.00481928998217265,0.009285057118160913,0.004156170105141773,0.0071504488062309555,0.01059955203596463,0.007404171059575482,0.004679390537881689,0.011035685356074623,0.004361822463737115,0.014017444228091097,2.9829029693698443E-4,5.868450493278575E-4],[0.0012421854948603452,0.009404042225742022,3.3024760476965307E-4,2.466823655066785E-4,2.562855308639399E-4,0.020843375288376473,0.005832268473604051,1.0,9.673122069350298E-5,1.29493479417567E-4,0.010320738152947182,5.223636231964371E-5,1.2772452773016847E-4,7.040086179645572E-5,1.4184331771150771E-4,1.7052356220944188E-4,1.3597249694697878E-4,3.949255589411829E-4,0.025765686088955724,1.4122029223277225E-4,2.125197458720257E-4,0.0032286210409387967,1.4700048978632402E-4,1.549706248589166E-4,0.0055289123455428205,2.3397385042935314E-4,1.645508576548902E-4,1.451216048715428E-4,1.108121217059317E-4,5.983868058793464E-4,1.8758892539567646E-4,1.619330459841435E-4,5.239585444247443E-4,1.2575543253384033E-4,6.739981102762549E-4,3.3539005548614484E-5,0.0011315785639560737,7.027969220903729E-5,0.0015452247656505367,1.1073579719957806E-4,0.007851655096452165,1.0009014387679749E-4,2.0811583682708485E-4],[4.7079749495668427E-4,0.0161251994663943,2.8349536221364453E-4,1.9201070012017304E-4,2.024695573379799E-4,0.014567070015911423,0.009394229092496856,9.673122069350298E-5,1.0,5.3462247776233874E-5,0.019251401762796126,7.82138416053318E-5,9.24152720463939E-5,5.514217651561728E-5,8.476602016132104E-5,1.163130722950623E-4,6.648854710246319E-5,9.399005185332371E-4,0.013102465902005032,1.3453808657190788E-5,1.873538343975442E-4,0.004734760095121416,1.2417642649373105E-4,1.0668601693703935E-4,0.0052605037765330095,1.0365923831639032E-4,9.315823639266653E-5,1.1396482220167134E-4,1.995829371301081E-5,9.294468758513953E-4,1.33508558465707E-4,9.529741633849277E-5,7.797525196664736E-4,1.0235881579241403E-4,8.989973138732997E-4,7.547432964167229E-5,4.330702235670954E-4,6.813392149596664E-5,0.004174425592183065,5.7309579848288975E-5,0.011432946208548487,8.938146546945831E-5,2.399970005813801E-4],[7.679269893282362E-4,0.013063462623542743,2.2004606478265456E-4,2.7106840216601703E-4,1.4797548382508905E-4,0.019670756311343948,0.005066679071387198,1.29493479417567E-4,5.3462247776233874E-5,1.0,0.0010614497841468463,1.4052581111908212E-5,6.940516936259654E-5,3.656341172492222E-5,2.2958195633595925E-5,3.7664551438403983E-5,2.271489650460349E-5,6.976151595782389E-4,0.03392322474313503,2.446323249007957E-5,1.4663596099649974E-4,0.003340964823054634,3.614841641805418E-5,3.409370687990667E-5,0.004965405686630689,1.1277322199434118E-4,7.054072573680045E-5,5.090546583714685E-5,1.493225775426243E-5,6.887344645388435E-4,1.5432176434576652E-4,1.6008277577898782E-4,3.4528838883649465E-4,9.583219338443093E-5,6.286200620015137E-4,1.776524372792343E-5,0.00109414354171751,2.095209976736131E-5,0.0057049898448281585,2.373022225862341E-5,4.310274890768367E-4,2.0678154581643988E-5,1.0550672636991931E-4],[0.01952650828459626,0.0171840682878435,0.014286545217186726,0.0050634423788308985,0.016453254183786466,0.028273530877237732,0.01704619642368576,0.010320738152947182,0.019251401762796126,0.0010614497841468463,1.0,0.005222552962254673,0.012790954480031798,0.005641878849851907,0.014682157005020832,0.011899649690605616,0.013964030700212812,0.013640762193256155,0.03775643548006337,0.009761315566228385,0.014549377229969535,0.014263637601791158,0.0017143105429009396,0.0013233381853137566,0.009841667925802669,0.011999801578375376,4.6267824467597176E-4,0.004581420397303161,0.01919161258274348,0.011090007172035541,0.004863631476273994,0.0108659633321327,0.014098889487805159,0.0076313064062836335,0.017987943831184672,0.004140986796595441,0.008004541616487792,0.006238118088044652,0.013386509870971999,0.0029131154605115833,0.017734170574722548,0.011197967924237181,0.009183014590056259],[6.060941006489607E-4,0.014120950952883918,2.02954376786228E-4,1.612564400200371E-4,1.3285225962896542E-4,0.024950765371553343,0.004552946072054941,5.223636231964371E-5,7.82138416053318E-5,1.4052581111908212E-5,0.005222552962254673,1.0,2.0687188894991097E-5,2.5325607803353233E-5,1.6622206150438877E-5,1.871610246305671E-5,1.4578716894839792E-5,7.769029870656464E-4,0.017983631334313927,1.296839898725504E-5,2.6670372089906036E-4,0.0015725557650939981,8.483331565524045E-5,8.336395265714521E-5,0.003175742800883601,3.785903435387725E-5,1.283375650596442E-4,3.9656808526609936E-5,1.3751611818901583E-5,3.253869167482203E-4,1.2834647378229093E-4,2.6682679745858166E-5,4.090973099331251E-5,7.202016884728623E-5,6.969920695688948E-4,1.4618607280993627E-5,0.0012452461979145025,1.3961885693781914E-5,0.008095831992393715,1.699207711615075E-5,0.01558905249259029,1.40428855950311E-5,1.6041371325184011E-4],[4.5384794401046876E-4,0.0022910041611530437,1.1646935962892852E-4,1.4039722491718937E-4,2.3142877538154144E-4,0.0254749103029421,0.00972566954476717,1.2772452773016847E-4,9.24152720463939E-5,6.940516936259654E-5,0.012790954480031798,2.0687188894991097E-5,1.0,7.949320743285161E-5,7.227549648439149E-5,1.7824199556629153E-4,3.178049934842894E-5,2.60895284310356E-4,0.021612162798863868,1.6927901687971903E-5,2.610208587627767E-4,0.004681632637038478,1.1751440943070002E-4,1.0985162763290018E-4,0.0024221145953871918,1.1779588577020994E-4,1.3399058055188034E-4,1.1526184109805944E-4,5.268741633125849E-5,8.555167179634435E-4,1.619014053843886E-4,1.2517560732605972E-4,4.679800261702611E-4,1.1065111274536453E-4,4.435787514855823E-4,5.909502719588794E-5,0.0011138632732038353,3.315821984258378E-5,0.007024335672575624,2.91673194879835E-5,0.002865481565404788,4.2540313313285516E-5,1.638432221758287E-4],[0.0011195909563717168,0.005509395314593074,1.7191813072778167E-4,1.767437510302406E-4,2.0589280763166516E-4,0.009665132460909037,0.008611440818756295,7.040086179645572E-5,5.514217651561728E-5,3.656341172492222E-5,0.005641878849851907,2.5325607803353233E-5,7.949320743285161E-5,1.0,3.670248013463484E-5,1.6361597972071171E-4,3.98475388049182E-5,6.602538853455035E-4,0.03823740696384315,1.1564681010815522E-5,1.1948176250943854E-4,0.00475079140030846,8.438938629926583E-5,5.586796358866387E-5,0.0019010332417785042,7.40815724875407E-5,1.1045858745066975E-4,1.1707100602464684E-4,1.4607161545330712E-5,5.7130626424550277E-5,1.5343775447323375E-4,1.0505044648608097E-4,6.596807184193724E-4,8.69077719538883E-5,7.012718715093949E-4,4.185495499462131E-5,6.364647054060095E-4,3.411550598431323E-5,0.0017211531955937738,3.516749977607924E-5,0.008827420463037918,3.0461111402480396E-5,1.7524058206030564E-4],[0.0011877119024521667,0.00503235865588004,3.1440568785758027E-4,2.1753505345624945E-4,2.813124828640169E-4,0.026521649541324046,0.0034770960430390405,1.4184331771150771E-4,8.476602016132104E-5,2.2958195633595925E-5,0.014682157005020832,1.6622206150438877E-5,7.227549648439149E-5,3.670248013463484E-5,1.0,7.912696325314813E-5,1.7709625217731902E-5,3.516654164145209E-4,0.0017635237202830749,1.1854451459440092E-5,1.480629006245138E-4,0.0022554941615991328,4.090010991302623E-5,9.280615389401046E-5,0.004617940545033301,9.033020925402785E-5,1.3418287430732448E-4,1.0864013936786536E-4,1.7413199915631315E-5,8.828251027105525E-4,3.0900067894129825E-5,1.4582018780220376E-4,0.0010187590231232166,9.35423938557501E-5,6.214140052511126E-4,1.7806059905209515E-5,7.886041983018458E-4,1.4609545643547574E-5,0.008839447072220357,1.7146510431591062E-5,0.015403377457628155,1.4874731115270782E-5,2.4202133761651605E-4],[0.0010434425443223067,0.005155288740451805,2.3146658718339457E-4,2.510170896300355E-4,2.3682325117666266E-4,0.005557076923207203,0.004426747912610766,1.7052356220944188E-4,1.163130722950623E-4,3.7664551438403983E-5,0.011899649690605616,1.871610246305671E-5,1.7824199556629153E-4,1.6361597972071171E-4,7.912696325314813E-5,1.0,1.1883710467624532E-4,7.424733765781321E-4,0.01378491226318333,8.817163365288325E-5,2.702310064543648E-4,9.507835614582096E-4,1.758719509854357E-4,1.774504969798305E-4,0.0015141846926568065,2.290833004675632E-4,1.7334718313583564E-4,1.4791288909907536E-4,1.5118337420032363E-4,2.195218796352515E-4,1.9515864437864188E-4,1.674457514686893E-4,6.058420377227543E-4,1.9360500711942307E-4,4.5273576146096005E-4,5.3432378471666875E-5,0.001038581625326955,2.935224357317564E-5,0.0020145636731087224,1.8986080145142161E-4,0.0028146832298957224,8.438833800006392E-5,2.4486314708054035E-4],[4.8168858987588926E-4,0.015659591086801868,3.0397255163708502E-5,3.677929138136151E-5,2.9488972946098944E-5,0.01115485829832947,0.008944569146667029,1.3597249694697878E-4,6.648854710246319E-5,2.271489650460349E-5,0.013964030700212812,1.4578716894839792E-5,3.178049934842894E-5,3.98475388049182E-5,1.7709625217731902E-5,1.1883710467624532E-4,1.0,1.9105022473569138E-4,0.004714551509412146,1.1063336448631154E-5,2.549353563197785E-4,0.005210377163549543,1.1702715838826735E-4,1.0477306480017238E-4,0.005535067000048172,6.924050788182841E-5,1.2247683471556077E-4,6.329124502768398E-5,1.4772412739491812E-5,8.1450074610684E-4,1.341694707248028E-4,8.876694532325623E-5,8.431681495886553E-4,7.114410307800099E-5,7.059736754954069E-4,1.5339703222006437E-5,9.420124128529028E-4,1.6373407372932548E-5,1.3493804377719013E-4,1.686969390808389E-5,0.008258941616003134,1.5919664890514765E-5,1.172312920576018E-4],[0.0013323223154367437,0.0013126002509186636,5.067381181554141E-4,7.852674089424709E-4,4.591650234372915E-4,0.03029114816789515,0.0018208853218166436,3.949255589411829E-4,9.399005185332371E-4,6.976151595782389E-4,0.013640762193256155,7.769029870656464E-4,2.60895284310356E-4,6.602538853455035E-4,3.516654164145209E-4,7.424733765781321E-4,1.9105022473569138E-4,1.0,0.038019597513795085,0.0010851501895104778,5.830376158820804E-4,0.005335199802087249,1.9045248469470025E-4,8.448589710362428E-4,0.005372479893295049,7.699855354961753E-4,6.559914128072656E-4,6.796981977652944E-4,1.0999775741869438E-4,0.0010894517882349287,5.749686734015483E-4,2.90386627309632E-4,0.0011527982878347842,7.543234461660452E-4,0.0010413668941087906,7.260678900708796E-4,0.0012464071842795534,2.994981228409753E-4,0.0041596156602622435,2.576832505098175E-4,0.011017137325858859,3.8827166379592815E-5,6.581390369494336E-4],[0.036299148913075036,0.01901925975963491,0.018811935971109396,0.04521109607212756,0.013979978601905065,0.030954462780525275,0.04037670353366568,0.025765686088955724,0.013102465902005032,0.03392322474313503,0.03775643548006337,0.017983631334313927,0.021612162798863868,0.03823740696384315,0.0017635237202830749,0.01378491226318333,0.004714551509412146,0.038019597513795085,1.0,0.05078443068623603,0.0279574542740911,0.041994121425548495,0.00501007713771545,0.0390491390751363,0.044185490011380106,0.04543484431347498,0.03670954779713422,0.028792355049314437,0.007622439460887782,0.03176554288804216,0.011792426244900317,0.02985798991434723,0.016265895677849532,0.050761722328590615,0.01603289844064792,0.00824937655843263,0.025573324381833143,0.011464656771748396,0.03819019260159476,0.00865852362471562,0.049329772779630215,0.013153504500437108,0.02539573774077548],[2.1745161320196676E-4,0.0018486573135987256,7.891361526332189E-5,1.6613455294157647E-4,2.1718134932917683E-4,0.007008135942056144,0.0024095475707218462,1.4122029223277225E-4,1.3453808657190788E-5,2.446323249007957E-5,0.009761315566228385,1.296839898725504E-5,1.6927901687971903E-5,1.1564681010815522E-5,1.1854451459440092E-5,8.817163365288325E-5,1.1063336448631154E-5,0.0010851501895104778,0.05078443068623603,1.0,2.779862240795662E-4,0.0034618625157145197,7.129086676435234E-5,9.319982280066855E-5,0.0017305519305719228,9.499127785199555E-5,3.327709144320053E-5,5.2814426817304074E-5,1.2052607335773238E-5,8.434699854898585E-4,4.2979755055027246E-5,4.689439055439376E-5,2.072828389182806E-4,1.028209721556405E-5,5.221856128968866E-4,1.1563774400351822E-5,5.538259992378598E-4,1.2918669305249606E-5,0.0072628781703923785,1.5954636952340586E-5,0.0014053338667641341,1.0373907971770876E-5,1.7662473558523905E-5],[0.0013446811881374415,0.004365947602408783,3.032322770667924E-4,3.0146266320648675E-4,3.4056586946848747E-4,0.017723717798383783,0.00612398782796786,2.125197458720257E-4,1.873538343975442E-4,1.4663596099649974E-4,0.014549377229969535,2.6670372089906036E-4,2.610208587627767E-4,1.1948176250943854E-4,1.480629006245138E-4,2.702310064543648E-4,2.549353563197785E-4,5.830376158820804E-4,0.0279574542740911,2.779862240795662E-4,1.0,0.0020710984150565034,2.0434550508009345E-4,2.751299676456845E-4,0.0028298940895783577,2.686538615035483E-4,2.577614696625131E-4,2.1051580935217533E-4,9.84944655209752E-5,9.268099091793283E-4,2.185121505163981E-4,2.2506914737784156E-4,9.534568691210701E-4,2.1168291684128023E-4,6.067784885950458E-4,1.8498619031891248E-4,0.001189571588500648,2.1679949038137474E-4,0.010444998613572386,2.67232307982495E-4,0.005371921263356944,4.339630317493393E-5,2.707579952602347E-4],[0.0033037355477866506,0.01509499132935824,0.002991498751347729,5.43914758418425E-4,0.002717877324338389,0.027394018055457398,0.007952752560742038,0.0032286210409387967,0.004734760095121416,0.003340964823054634,0.014263637601791158,0.0015725557650939981,0.004681632637038478,0.00475079140030846,0.0022554941615991328,9.507835614582096E-4,0.005210377163549543,0.005335199802087249,0.041994121425548495,0.0034618625157145197,0.0020710984150565034,1.0,0.00407423796169043,0.00558434397170634,0.0056139832446200355,0.004344533361236524,0.002303474689365892,0.005270572687795537,0.0028083316388246935,0.005541529305224293,0.0040341197173458685,4.290204785601382E-4,0.0020037371196748558,0.003952852989270844,0.0029585381945711952,0.004789139762257357,0.0042117322973922455,2.7094952416150444E-4,0.008595804087952113,0.0041157187024232576,0.00871592570550456,0.002136189926607767,0.004590167862968305],[8.566478082270704E-4,0.011827191979516379,2.673456011666666E-4,3.023447940641941E-4,2.3064090304505274E-4,0.00850215139575438,0.006067584375411736,1.4700048978632402E-4,1.2417642649373105E-4,3.614841641805418E-5,0.0017143105429009396,8.483331565524045E-5,1.1751440943070002E-4,8.438938629926583E-5,4.090010991302623E-5,1.758719509854357E-4,1.1702715838826735E-4,1.9045248469470025E-4,0.00501007713771545,7.129086676435234E-5,2.0434550508009345E-4,0.00407423796169043,1.0,1.1234140839594468E-4,0.005586056804097818,1.7324716535708617E-4,1.3795243674443258E-4,1.2146225165583132E-4,3.430304993807465E-5,6.82801420801523E-4,1.7704775934079014E-4,1.315117374936676E-4,5.328528524641742E-4,1.1382036671528678E-4,9.118531113151591E-4,1.259134971046707E-4,6.006882894842157E-4,1.0937978944973814E-4,0.01057661480890377,3.0048673781339395E-5,0.012993178744366618,7.45535287886674E-5,2.09733325083167E-4],[9.925175559529198E-4,0.004101995957187488,1.337746068720182E-4,1.5252653163180888E-4,2.0561310662925208E-4,0.0056661373420389335,0.008573814402284871,1.549706248589166E-4,1.0668601693703935E-4,3.409370687990667E-5,0.0013233381853137566,8.336395265714521E-5,1.0985162763290018E-4,5.586796358866387E-5,9.280615389401046E-5,1.774504969798305E-4,1.0477306480017238E-4,8.448589710362428E-4,0.0390491390751363,9.319982280066855E-5,2.751299676456845E-4,0.00558434397170634,1.1234140839594468E-4,1.0,0.002995897282397096,1.3672501771871493E-4,1.6312160993163874E-4,1.1358646450807983E-4,9.153956724855155E-5,1.5175980437767618E-4,1.412709918925284E-4,1.1867050220944517E-4,6.138408329950807E-4,1.1011136548364018E-4,5.082357606406402E-4,9.039823396898484E-5,9.788075800921635E-4,3.1100832575145786E-5,0.009324752312636696,3.791353639549341E-5,0.01709256944449294,7.80479256375624E-5,2.213837565705946E-4],[0.00319521593118304,0.014048736295806375,7.763476986553678E-4,0.002495622046230891,0.0013056407626925379,0.02354825129123281,0.006690129578634652,0.0055289123455428205,0.0052605037765330095,0.004965405686630689,0.009841667925802669,0.003175742800883601,0.0024221145953871918,0.0019010332417785042,0.004617940545033301,0.0015141846926568065,0.005535067000048172,0.005372479893295049,0.044185490011380106,0.0017305519305719228,0.0028298940895783577,0.0056139832446200355,0.005586056804097818,0.002995897282397096,1.0,0.0018911048795789592,0.005434611923491369,0.0027163392762673206,6.480119789476265E-4,0.004437531537625878,0.0016083377695897986,0.0038768686902141275,0.004498748187251218,6.776251049750346E-4,0.002226371161119625,0.004702551729794421,0.0029336951940464318,0.003911771918144079,0.00814225334206563,4.170470942204529E-4,0.014061426638066973,0.00543117324230474,0.0015255690544979516],[0.0010157271605166635,3.6589906647666335E-4,2.583883275256169E-4,3.247179438682054E-4,2.7129283550083666E-4,0.011563413728099766,0.003318081752069229,2.3397385042935314E-4,1.0365923831639032E-4,1.1277322199434118E-4,0.011999801578375376,3.785903435387725E-5,1.1779588577020994E-4,7.40815724875407E-5,9.033020925402785E-5,2.290833004675632E-4,6.924050788182841E-5,7.699855354961753E-4,0.04543484431347498,9.499127785199555E-5,2.686538615035483E-4,0.004344533361236524,1.7324716535708617E-4,1.3672501771871493E-4,0.0018911048795789592,1.0,2.194147597415631E-4,1.2710117920524617E-4,2.465121934562291E-4,8.458864328333829E-4,2.3166796187707402E-4,2.505735232237366E-4,8.972730854813984E-4,2.032945955739573E-4,7.068143335734833E-4,1.0554375686759749E-4,9.58036203356887E-4,2.2818307892762165E-4,9.746736010092133E-4,1.624486241591577E-4,0.009077144612320984,1.9499788639787253E-4,2.472630475139222E-4],[8.969802793087307E-4,0.012857399443620264,2.1302384527308748E-4,2.4043605683152903E-4,2.2492387095720705E-4,0.0011194494255684485,5.1108326436136E-4,1.645508576548902E-4,9.315823639266653E-5,7.054072573680045E-5,4.6267824467597176E-4,1.283375650596442E-4,1.3399058055188034E-4,1.1045858745066975E-4,1.3418287430732448E-4,1.7334718313583564E-4,1.2247683471556077E-4,6.559914128072656E-4,0.03670954779713422,3.327709144320053E-5,2.577614696625131E-4,0.002303474689365892,1.3795243674443258E-4,1.6312160993163874E-4,0.005434611923491369,2.194147597415631E-4,1.0,1.493181551235932E-4,3.556735384472748E-5,3.126358154080899E-4,1.7605742871209618E-4,1.6961873594742685E-4,0.0011405445495907577,1.5738339414777774E-4,7.793625287815056E-4,1.0611080436104309E-4,7.304384307704512E-4,1.1776651446062527E-4,0.00633190631535826,1.3912691912533286E-4,0.001393090311347386,6.688625952216219E-5,1.7441251810150997E-4],[0.0014573049359328833,0.008186557918789734,3.2492936958326493E-4,2.6059602821933766E-4,2.0975153274074192E-4,0.029809109797938087,1.860360269586164E-4,1.451216048715428E-4,1.1396482220167134E-4,5.090546583714685E-5,0.004581420397303161,3.9656808526609936E-5,1.1526184109805944E-4,1.1707100602464684E-4,1.0864013936786536E-4,1.4791288909907536E-4,6.329124502768398E-5,6.796981977652944E-4,0.028792355049314437,5.2814426817304074E-5,2.1051580935217533E-4,0.005270572687795537,1.2146225165583132E-4,1.1358646450807983E-4,0.0027163392762673206,1.2710117920524617E-4,1.493181551235932E-4,1.0,6.161838151021595E-5,9.983572860915808E-4,1.5748773779265734E-4,1.561047415998314E-4,0.0012314374616080321,1.1139231450086302E-4,6.140538832701473E-4,2.46691153626506E-5,9.031036770795176E-4,3.8487407661721294E-5,0.00467441932206319,1.142716239076168E-4,0.015526460189987549,6.938119857227413E-5,1.981667959179617E-4],[4.156560807535414E-4,0.015167734907115983,2.53584497071702E-4,2.5071299457869717E-4,3.356405649202629E-4,0.02429327654496787,0.004983129307026196,1.108121217059317E-4,1.995829371301081E-5,1.493225775426243E-5,0.01919161258274348,1.3751611818901583E-5,5.268741633125849E-5,1.4607161545330712E-5,1.7413199915631315E-5,1.5118337420032363E-4,1.4772412739491812E-5,1.0999775741869438E-4,0.007622439460887782,1.2052607335773238E-5,9.84944655209752E-5,0.0028083316388246935,3.430304993807465E-5,9.153956724855155E-5,6.480119789476265E-4,2.465121934562291E-4,3.556735384472748E-5,6.161838151021595E-5,1.0,7.665447413625544E-4,1.8792848457605175E-4,1.2988697637778313E-4,1.1344248447519648E-4,7.824384543323952E-5,1.2242432442365205E-4,1.417255438512891E-5,6.250875149397399E-4,1.3083686165307682E-5,0.01009518589886119,1.6205911716130318E-5,0.010668448318388974,1.3715321641548399E-5,1.8017605905292942E-4],[0.0014471381116323856,0.003710644296405906,3.586562076859291E-4,4.409333664115414E-4,8.496404779549335E-4,0.015414724994935883,0.005352855330028683,5.983868058793464E-4,9.294468758513953E-4,6.887344645388435E-4,0.011090007172035541,3.253869167482203E-4,8.555167179634435E-4,5.7130626424550277E-5,8.828251027105525E-4,2.195218796352515E-4,8.1450074610684E-4,0.0010894517882349287,0.03176554288804216,8.434699854898585E-4,9.268099091793283E-4,0.005541529305224293,6.82801420801523E-4,1.5175980437767618E-4,0.004437531537625878,8.458864328333829E-4,3.126358154080899E-4,9.983572860915808E-4,7.665447413625544E-4,1.0,6.224315754096554E-4,9.465337360195305E-4,0.0011698001167443546,4.8551358217653693E-4,0.0010778445247245983,5.524068326744998E-4,0.0011251154084470168,3.4790487033745836E-4,0.0031589967825695108,6.810544618478393E-4,0.007452658383371466,7.359639705892439E-4,6.675738938079036E-4],[6.382885040081041E-4,0.00101959577571135,2.9002191271204104E-4,2.674397222222446E-4,2.4874769124022533E-4,0.023494609135614086,0.002986940606378186,1.8758892539567646E-4,1.33508558465707E-4,1.5432176434576652E-4,0.004863631476273994,1.2834647378229093E-4,1.619014053843886E-4,1.5343775447323375E-4,3.0900067894129825E-5,1.9515864437864188E-4,1.341694707248028E-4,5.749686734015483E-4,0.011792426244900317,4.2979755055027246E-5,2.185121505163981E-4,0.0040341197173458685,1.7704775934079014E-4,1.412709918925284E-4,0.0016083377695897986,2.3166796187707402E-4,1.7605742871209618E-4,1.5748773779265734E-4,1.8792848457605175E-4,6.224315754096554E-4,1.0,1.8596371367252186E-4,0.0010254139864758947,1.7983660943387948E-4,2.087104053288365E-4,1.0223703279046365E-4,7.161975324928475E-4,9.364393983356771E-5,0.009744182258531716,9.98532178920953E-5,0.004360112284772001,7.69995398765905E-5,1.959333254167248E-4],[0.001088814840572868,0.0017010736754062765,2.0744806116726404E-4,2.8528786716369806E-4,2.056728879339288E-4,0.007890016779755609,0.00481928998217265,1.619330459841435E-4,9.529741633849277E-5,1.6008277577898782E-4,0.0108659633321327,2.6682679745858166E-5,1.2517560732605972E-4,1.0505044648608097E-4,1.4582018780220376E-4,1.674457514686893E-4,8.876694532325623E-5,2.90386627309632E-4,0.02985798991434723,4.689439055439376E-5,2.2506914737784156E-4,4.290204785601382E-4,1.315117374936676E-4,1.1867050220944517E-4,0.0038768686902141275,2.505735232237366E-4,1.6961873594742685E-4,1.561047415998314E-4,1.2988697637778313E-4,9.465337360195305E-4,1.8596371367252186E-4,1.0,2.998423296547648E-4,1.624783190126414E-4,4.2509004576121907E-4,8.66079074244148E-5,4.317693072297125E-4,8.632799157367384E-5,0.009010108029231922,1.5859560260871397E-4,0.009589844344108985,1.4570570347310238E-4,2.2250236388216108E-4],[0.001391571905647239,0.008054542984909586,3.7101818082663397E-4,9.189058591490516E-4,0.0012105915996379725,0.00586207048276311,0.009285057118160913,5.239585444247443E-4,7.797525196664736E-4,3.4528838883649465E-4,0.014098889487805159,4.090973099331251E-5,4.679800261702611E-4,6.596807184193724E-4,0.0010187590231232166,6.058420377227543E-4,8.431681495886553E-4,0.0011527982878347842,0.016265895677849532,2.072828389182806E-4,9.534568691210701E-4,0.0020037371196748558,5.328528524641742E-4,6.138408329950807E-4,0.004498748187251218,8.972730854813984E-4,0.0011405445495907577,0.0012314374616080321,1.1344248447519648E-4,0.0011698001167443546,0.0010254139864758947,2.998423296547648E-4,1.0,5.264260632434107E-4,0.0011662586144164772,3.864002051774728E-4,0.0012540055813735317,4.593629642489614E-4,0.004090477607558967,5.671921893209378E-4,0.010848653134907201,1.3135974450502344E-4,6.782680761312069E-4],[0.0011267532997689094,0.012675876705682024,3.2004250606582193E-4,2.951840325613529E-4,3.1480484111483784E-4,0.012414701517318596,0.004156170105141773,1.2575543253384033E-4,1.0235881579241403E-4,9.583219338443093E-5,0.0076313064062836335,7.202016884728623E-5,1.1065111274536453E-4,8.69077719538883E-5,9.35423938557501E-5,1.9360500711942307E-4,7.114410307800099E-5,7.543234461660452E-4,0.050761722328590615,1.028209721556405E-5,2.1168291684128023E-4,0.003952852989270844,1.1382036671528678E-4,1.1011136548364018E-4,6.776251049750346E-4,2.032945955739573E-4,1.5738339414777774E-4,1.1139231450086302E-4,7.824384543323952E-5,4.8551358217653693E-4,1.7983660943387948E-4,1.624783190126414E-4,5.264260632434107E-4,1.0,2.817787815437326E-4,9.67661679363523E-5,0.0010015024927467371,7.650545679256391E-5,0.004330270536279806,6.778728616208096E-5,0.0023591309546104207,9.91445255166443E-5,1.739462387782533E-4],[0.0012875003629874418,0.015167632720039513,7.915474521411378E-4,3.2753931736320896E-4,4.607918614658118E-4,0.0031889044356852815,0.0071504488062309555,6.739981102762549E-4,8.989973138732997E-4,6.286200620015137E-4,0.017987943831184672,6.969920695688948E-4,4.435787514855823E-4,7.012718715093949E-4,6.214140052511126E-4,4.5273576146096005E-4,7.059736754954069E-4,0.0010413668941087906,0.01603289844064792,5.221856128968866E-4,6.067784885950458E-4,0.0029585381945711952,9.118531113151591E-4,5.082357606406402E-4,0.002226371161119625,7.068143335734833E-4,7.793625287815056E-4,6.140538832701473E-4,1.2242432442365205E-4,0.0010778445247245983,2.087104053288365E-4,4.2509004576121907E-4,0.0011662586144164772,2.817787815437326E-4,1.0,3.5091150250327773E-4,0.0010713309066768322,0.0010134085116242663,0.0030947510873093865,8.664801284967417E-4,0.003285319448611356,1.5756147974887945E-4,6.7649678608704E-4],[0.0014520606660701353,0.013289948325324145,2.5656032962890286E-4,1.769616505855768E-4,3.439126063994097E-4,0.01899477640678631,0.01059955203596463,3.3539005548614484E-5,7.547432964167229E-5,1.776524372792343E-5,0.004140986796595441,1.4618607280993627E-5,5.909502719588794E-5,4.185495499462131E-5,1.7806059905209515E-5,5.3432378471666875E-5,1.5339703222006437E-5,7.260678900708796E-4,0.00824937655843263,1.1563774400351822E-5,1.8498619031891248E-4,0.004789139762257357,1.259134971046707E-4,9.039823396898484E-5,0.004702551729794421,1.0554375686759749E-4,1.0611080436104309E-4,2.46691153626506E-5,1.417255438512891E-5,5.524068326744998E-4,1.0223703279046365E-4,8.66079074244148E-5,3.864002051774728E-4,9.67661679363523E-5,3.5091150250327773E-4,1.0,0.0010600395928275247,1.4724846915258713E-5,0.01027622005803032,1.551814054224583E-5,0.0025488912507075205,1.4676002805053151E-5,2.2007313426454864E-4],[0.001438643091771822,0.012370921994302642,6.245125941202117E-4,5.009834786178345E-4,5.176853601624319E-4,0.017558771973296784,0.007404171059575482,0.0011315785639560737,4.330702235670954E-4,0.00109414354171751,0.008004541616487792,0.0012452461979145025,0.0011138632732038353,6.364647054060095E-4,7.886041983018458E-4,0.001038581625326955,9.420124128529028E-4,0.0012464071842795534,0.025573324381833143,5.538259992378598E-4,0.001189571588500648,0.0042117322973922455,6.006882894842157E-4,9.788075800921635E-4,0.0029336951940464318,9.58036203356887E-4,7.304384307704512E-4,9.031036770795176E-4,6.250875149397399E-4,0.0011251154084470168,7.161975324928475E-4,4.317693072297125E-4,0.0012540055813735317,0.0010015024927467371,0.0010713309066768322,0.0010600395928275247,1.0,0.0011141120345747992,0.005324027194731068,9.265712922391314E-4,0.015366807186013139,5.700088638694779E-4,8.581323658511052E-4],[7.710556957021156E-4,0.007218982949129183,2.2341838488286746E-4,1.1766022442493025E-4,8.049007896784364E-5,0.017452343991856543,0.004679390537881689,7.027969220903729E-5,6.813392149596664E-5,2.095209976736131E-5,0.006238118088044652,1.3961885693781914E-5,3.315821984258378E-5,3.411550598431323E-5,1.4609545643547574E-5,2.935224357317564E-5,1.6373407372932548E-5,2.994981228409753E-4,0.011464656771748396,1.2918669305249606E-5,2.1679949038137474E-4,2.7094952416150444E-4,1.0937978944973814E-4,3.1100832575145786E-5,0.003911771918144079,2.2818307892762165E-4,1.1776651446062527E-4,3.8487407661721294E-5,1.3083686165307682E-5,3.4790487033745836E-4,9.364393983356771E-5,8.632799157367384E-5,4.593629642489614E-4,7.650545679256391E-5,0.0010134085116242663,1.4724846915258713E-5,0.0011141120345747992,1.0,0.004562483758752088,1.3280551469355754E-5,0.009014177737867217,1.3203572599408368E-5,1.0888050229552134E-4],[0.009897212625776473,0.012130020334351845,0.008612595489788162,0.00854245492666333,0.0010257347303872896,0.020090646574070187,0.011035685356074623,0.0015452247656505367,0.004174425592183065,0.0057049898448281585,0.013386509870971999,0.008095831992393715,0.007024335672575624,0.0017211531955937738,0.008839447072220357,0.0020145636731087224,1.3493804377719013E-4,0.0041596156602622435,0.03819019260159476,0.0072628781703923785,0.010444998613572386,0.008595804087952113,0.01057661480890377,0.009324752312636696,0.00814225334206563,9.746736010092133E-4,0.00633190631535826,0.00467441932206319,0.01009518589886119,0.0031589967825695108,0.009744182258531716,0.009010108029231922,0.004090477607558967,0.004330270536279806,0.0030947510873093865,0.01027622005803032,0.005324027194731068,0.004562483758752088,1.0,0.0059797057316292165,0.01517866706259992,0.002511834546970075,0.00979061255371733],[2.1418287686025941E-4,0.010933739462990305,2.025958578015844E-4,1.9576762079397033E-4,1.9999681142087022E-4,0.022727368250619395,0.004361822463737115,1.1073579719957806E-4,5.7309579848288975E-5,2.373022225862341E-5,0.0029131154605115833,1.699207711615075E-5,2.91673194879835E-5,3.516749977607924E-5,1.7146510431591062E-5,1.8986080145142161E-4,1.686969390808389E-5,2.576832505098175E-4,0.00865852362471562,1.5954636952340586E-5,2.67232307982495E-4,0.0041157187024232576,3.0048673781339395E-5,3.791353639549341E-5,4.170470942204529E-4,1.624486241591577E-4,1.3912691912533286E-4,1.142716239076168E-4,1.6205911716130318E-5,6.810544618478393E-4,9.98532178920953E-5,1.5859560260871397E-4,5.671921893209378E-4,6.778728616208096E-5,8.664801284967417E-4,1.551814054224583E-5,9.265712922391314E-4,1.3280551469355754E-5,0.0059797057316292165,1.0,0.005627523783283026,1.5241959390434022E-5,1.3960508234912318E-4],[0.011041133450210523,0.017121914820484665,0.0028918773965183812,0.014601162848571075,4.5707086364316714E-4,0.02208385395176767,0.014017444228091097,0.007851655096452165,0.011432946208548487,4.310274890768367E-4,0.017734170574722548,0.01558905249259029,0.002865481565404788,0.008827420463037918,0.015403377457628155,0.0028146832298957224,0.008258941616003134,0.011017137325858859,0.049329772779630215,0.0014053338667641341,0.005371921263356944,0.00871592570550456,0.012993178744366618,0.01709256944449294,0.014061426638066973,0.009077144612320984,0.001393090311347386,0.015526460189987549,0.010668448318388974,0.007452658383371466,0.004360112284772001,0.009589844344108985,0.010848653134907201,0.0023591309546104207,0.003285319448611356,0.0025488912507075205,0.015366807186013139,0.009014177737867217,0.01517866706259992,0.005627523783283026,1.0,0.01363520518716422,0.01274446950511279],[0.0011639900376529558,5.804562926027871E-4,2.2659513634264175E-4,3.4490699017890924E-5,1.9008630680773423E-4,0.029828206335004378,2.9829029693698443E-4,1.0009014387679749E-4,8.938146546945831E-5,2.0678154581643988E-5,0.011197967924237181,1.40428855950311E-5,4.2540313313285516E-5,3.0461111402480396E-5,1.4874731115270782E-5,8.438833800006392E-5,1.5919664890514765E-5,3.8827166379592815E-5,0.013153504500437108,1.0373907971770876E-5,4.339630317493393E-5,0.002136189926607767,7.45535287886674E-5,7.80479256375624E-5,0.00543117324230474,1.9499788639787253E-4,6.688625952216219E-5,6.938119857227413E-5,1.3715321641548399E-5,7.359639705892439E-4,7.69995398765905E-5,1.4570570347310238E-4,1.3135974450502344E-4,9.91445255166443E-5,1.5756147974887945E-4,1.4676002805053151E-5,5.700088638694779E-4,1.3203572599408368E-5,0.002511834546970075,1.5241959390434022E-5,0.01363520518716422,1.0,1.8993965238541105E-4],[3.9986808291366926E-4,0.014977200013695579,3.174363980827352E-4,2.7877146194250826E-4,2.6352982832891536E-4,0.020023067718078352,5.868450493278575E-4,2.0811583682708485E-4,2.399970005813801E-4,1.0550672636991931E-4,0.009183014590056259,1.6041371325184011E-4,1.638432221758287E-4,1.7524058206030564E-4,2.4202133761651605E-4,2.4486314708054035E-4,1.172312920576018E-4,6.581390369494336E-4,0.02539573774077548,1.7662473558523905E-5,2.707579952602347E-4,0.004590167862968305,2.09733325083167E-4,2.213837565705946E-4,0.0015255690544979516,2.472630475139222E-4,1.7441251810150997E-4,1.981667959179617E-4,1.8017605905292942E-4,6.675738938079036E-4,1.959333254167248E-4,2.2250236388216108E-4,6.782680761312069E-4,1.739462387782533E-4,6.7649678608704E-4,2.2007313426454864E-4,8.581323658511052E-4,1.0888050229552134E-4,0.00979061255371733,1.3960508234912318E-4,0.01274446950511279,1.8993965238541105E-4,1.0]]