[[1.0,2.9174921295876762E-5,4.185600990639404E-4,3.7048439528865497E-4,3.6581325734619957E-4,0.0010728552023411408,7.004118844735591E-4,9.811723856918584E-4,1.2415627487665062E-4,2.3111913740173243E-5,9.707060174713261E-4,0.001858973532038509,1.2904939410118615E-4,5.7345557046911454E-5,9.995317123300424E-5,1.0595081247859148E-5,6.933478506691857E-4,9.754820521800093E-4,3.0758057820243526E-5,1.0050708351728634E-5,0.0012720978994678947,1.2811856833121345E-4,5.889406719034874E-4,0.001122385560238232,8.894096112544968E-5,0.0397809984209162,0.0024562104708163042,5.59779634175683E-5,1.0171555574168889E-4,1.061736649571332E-4,5.1033842967285294E-5,7.622681638591903E-5,1.44696439303794E-5,0.0013674052167515491,0.018310752484240838,3.185820186931629E-4,1.0137149301688295E-5,0.006255900536436376,2.621079077018472E-5,1.5275536709503872E-5,0.06029279329642119,3.832950272092746E-5,1.3769989815752489E-4,1.4368637466092101E-5,6.587026031444972E-4,0.003091251764653328,1.1549560878733424E-4,5.125086138304154E-4,2.643206962601579E-5,0.002298852352676982,9.91279080762707E-4,2.8268437420988227E-4,1.9525068501378783E-4,1.2262373806242913E-5,0.0016679379430693242,8.875453569591102E-4,1.2196760201879314E-5],[2.9174921295876762E-5,1.0,5.578803729871006E-4,0.008888695643594754,4.828045294711472E-4,3.7759625274306536E-4,1.814389020139538E-4,5.709983723841809E-4,1.29528117253369E-4,1.1392688520090497E-4,0.001301748707116782,0.003062611120060913,1.337361693091925E-4,1.264482602230134E-4,1.4021814858623978E-4,2.0773084167058677E-5,5.172175560951667E-4,3.427584928768987E-4,1.1503034220162502E-4,1.1428275962637087E-4,0.007263404798395754,1.522089487015538E-4,0.0070133377155672085,0.001353406118355428,1.1584981244988891E-4,0.022774233487653596,0.0016137784556831767,2.46803356492764E-4,1.1555775664183151E-4,1.1626990213517644E-4,4.044367220871676E-4,1.1747794895661952E-4,6.657658968251643E-5,0.0014569047019407982,0.02238389249662838,1.363308575003207E-4,1.1076178171598096E-4,0.006925123837335709,1.1827467430303787E-4,2.404060386991642E-5,0.06216809056298631,2.8216520334093325E-4,1.8145347245383865E-4,9.416029792669373E-4,3.0583479265858867E-4,0.002263012500582863,2.1000281960516283E-4,4.5686156206885964E-4,1.1561553201497474E-4,0.0013360333731994847,1.7538041076980634E-4,9.646579034495113E-4,1.4525825360325217E-4,3.380004643411086E-5,0.012135187941609425,5.149451297787841E-4,8.929860666217781E-5],[4.185600990639404E-4,5.578803729871006E-4,1.0,0.006327791711952145,6.892027405766972E-4,0.0011926332271436435,0.0011173291174514529,0.0011123657291792662,8.317290511531574E-4,9.717106801924253E-4,0.001137445842294796,0.00685083221802475,6.532729994549582E-4,4.099278200388605E-4,7.146647621514815E-4,7.439920930485446E-5,0.001106686673741459,0.001076517463682162,8.79896929779315E-4,3.3774686952348993E-4,0.012033088150470782,7.787417428768545E-4,0.044040463757688844,0.0011012407404561984,1.360685531083733E-4,0.03074697953911682,0.002221725103433105,8.568549173724222E-4,4.863139359158904E-4,0.0010606018570503601,9.679428491152322E-4,6.21621020617243E-4,2.295507736246242E-4,0.0014994466023213367,0.047730556707910286,0.0010917011220752323,7.569750093005607E-4,0.008093935908468314,2.696980772421954E-4,1.1329570855693549E-4,0.018121627172380066,3.822059847817608E-4,4.105240161114406E-4,0.0010851194299041115,0.0011647675170095562,0.003289430911242755,3.506020206662454E-4,0.0011082873113910274,7.312872180128984E-4,0.002374781051159854,0.0010874911049046602,0.0011729519989298234,9.541684076124542E-4,6.82681937242952E-4,0.010289318268571232,0.0010558023210276292,7.985620048362181E-4],[3.7048439528865497E-4,0.008888695643594754,0.006327791711952145,1.0,0.003606628863631796,0.00922630566997892,0.009688847290766123,0.0036870978268152207,0.008779231167751922,0.008863144101589058,0.008782978658448503,0.01000870975236811,0.00520333883823226,0.006766046218145976,0.005158524668948484,0.009706310910337433,0.007194326399417315,0.007554875424534076,0.00954628326774884,0.0037449394207492,0.011117368073747228,7.507387018202225E-4,0.02502419543835198,0.009956647140104321,0.004850063082847718,0.038476788658578204,0.003817483973422468,0.004372959247581205,0.003954358337832185,0.00878332853023612,0.0010246481954057328,0.008440962088925783,7.791867166615277E-4,0.010041405317916988,0.014385389666843213,0.005276995014448396,0.0035726277118953024,0.008839323142895318,0.009423545270159775,9.387990836405655E-4,0.026117675822729988,0.002528357681248571,0.010470897175562195,0.0072092578988676576,0.004709395903020036,0.005279157267193472,0.005822368898913407,0.0025523700606342632,0.008548209578557257,0.007431350181759841,0.010517618940889734,0.00803238612149926,0.004642753303601259,6.048994880386196E-4,0.012036466980047667,0.005024812345180335,0.010120779145092478],[3.6581325734619957E-4,4.828045294711472E-4,6.892027405766972E-4,0.003606628863631796,1.0,6.776590870994926E-4,8.623540356088211E-4,8.387803803907092E-4,5.590166269884773E-4,5.867193225976664E-4,0.0016964161219825927,0.0030240685640327064,5.297282542544418E-4,3.2267418066170566E-4,5.609947211353131E-4,3.6962422276527843E-4,0.0010710807166839,7.326779837720006E-4,3.7781518701337027E-4,3.4554188570671103E-5,0.005339670865277461,1.598545380595524E-4,0.03368013936975519,0.0011551440363100818,3.719811727796138E-4,0.028899429782104687,0.002747950520510408,4.6856035961957275E-4,3.9695096385424265E-4,3.018440336758725E-4,6.859040902375481E-4,5.111948609828079E-4,4.7086102925967096E-4,0.0038025214365641994,0.029585104319484783,9.012226876450224E-4,3.9397172494318324E-4,0.0029036790595231574,5.858073676462556E-4,1.1107860310675113E-4,0.01891310572371206,5.874945137541947E-4,6.399069091842058E-4,0.0010373531407204752,0.001229048837606319,0.0020823548421236935,4.130582777882107E-4,7.345282408401989E-4,2.7471433824452827E-4,0.002502428782663384,0.0010339790375925543,0.0010441220553911333,4.471252611094608E-4,4.6617231748840573E-4,0.006272358670986207,7.680609959608833E-4,2.426623205452033E-4],[0.0010728552023411408,3.7759625274306536E-4,0.0011926332271436435,0.00922630566997892,6.776590870994926E-4,1.0,0.0012106673998702727,0.001422360662165696,4.6409487638464917E-4,0.0012268773665778626,0.0017622264270631793,0.007762145972384515,9.294415333559933E-4,9.228496588303727E-4,9.955451523484976E-4,2.6151068906085987E-4,0.0015341834771726405,0.0012497616833605403,0.0013933590835936004,5.788204246452692E-4,0.003487068982295535,9.668164033582E-4,0.03151131348201629,0.0015680895408675853,6.257516993515974E-4,0.02833085419754333,0.003371252291328797,0.0012716184414964674,9.49429104539639E-4,8.402078634172172E-4,8.348931483509838E-4,9.490113039997942E-4,3.238606576552872E-4,0.0025761181542548316,0.025955677299783632,0.0012096935516066108,0.0011135360911307547,0.005986573979757255,7.537814059257538E-4,3.997768349182744E-4,0.01241412724386959,0.0014572103082039435,0.0013573768642346335,0.0012157883496672157,0.001293559761163544,0.0017468046626485036,0.0010159557318625554,0.0011956742743859346,7.379941890096328E-4,0.001722670214182916,0.0010714540146735153,0.0015471574572851502,8.67224035118545E-4,7.172721671025036E-4,0.008951743712974298,0.0011294844249179383,8.773489778742717E-4],[7.004118844735591E-4,1.814389020139538E-4,0.0011173291174514529,0.009688847290766123,8.623540356088211E-4,0.0012106673998702727,1.0,0.0011312217194570137,5.995734355678342E-4,9.991207712207184E-4,0.0011457287270164147,0.0032279542361575327,8.198953648542698E-4,7.826746957039752E-4,7.7710090529721E-4,7.937599744262992E-4,0.0013260515825037201,0.0010525472457369363,0.0010646633414050537,3.935567235974011E-4,0.0028033507994443562,4.0316063665580247E-4,0.03369324960225641,0.0013815960592684152,1.2323894348676402E-4,0.002024538545067994,0.0020642649967581696,0.0011221981445670723,8.802158139596555E-4,8.305344275779202E-4,9.734192579205364E-4,8.245028957897006E-4,5.850120940203974E-4,0.0036776708338378946,0.03460903584192878,0.0011041632798329496,9.336800283163701E-4,0.007480559643570662,4.937931279385654E-4,6.164193706424112E-4,0.00329345882391524,4.405224949804934E-4,7.420979042241809E-4,0.0010949391843338091,0.0012418949676379217,0.0029825737356382106,6.649825997044E-4,0.0011324698749690164,8.33646520533961E-4,0.0023133941804913934,0.0011077059637548815,0.001487180222847493,5.159877587813896E-4,7.702596959043413E-4,0.008924743146651242,0.001035756577084123,4.394046240173706E-4],[9.811723856918584E-4,5.709983723841809E-4,0.0011123657291792662,0.0036870978268152207,8.387803803907092E-4,0.001422360662165696,0.0011312217194570137,1.0,4.787199588994447E-4,1.996504933765311E-4,0.0017958861215209977,0.006322595961481539,2.066948963670524E-4,0.001078793147571165,5.008427201012937E-4,9.670206214514061E-4,0.0012532567910343122,0.0011220449434184733,8.909179395485498E-4,1.4782210131065605E-4,0.00603041258134452,9.352064362188934E-4,0.04408773423308684,0.0012743423524125038,4.212432127597125E-4,0.02205021014291638,0.0034434988200384258,6.753638049846688E-4,5.491969896197092E-4,9.703655607694931E-4,9.315480376321796E-4,7.280509757603311E-4,7.997836067181648E-4,0.003086284211023813,0.03284216363581317,0.001125623056904822,5.586482743325333E-4,0.008204212806687206,6.417702846641315E-4,0.0010701161285693122,0.033776034294421164,8.864332097988752E-4,7.994671947592233E-4,0.0011005709881331642,0.0011435799158546788,0.0024355142115574857,0.001078314661812173,0.0011319316910718307,1.5002687795337075E-4,0.002008150296999345,0.0010684143579139523,0.0013862344148129406,5.556390605962571E-4,5.667980464648636E-4,0.011052732021706629,0.001056923208377432,7.885452157447086E-4],[1.2415627487665062E-4,1.29528117253369E-4,8.317290511531574E-4,0.008779231167751922,5.590166269884773E-4,4.6409487638464917E-4,5.995734355678342E-4,4.787199588994447E-4,1.0,1.2839500901416564E-4,1.378639842603343E-4,0.0019575666975148176,1.379426437065851E-4,1.3789664712341427E-4,1.5625196247578307E-4,1.0851374998952831E-4,9.289481006874392E-4,6.197507170478027E-4,1.2123472324242966E-4,1.3127131483192686E-4,0.012921638143290427,1.4953608885013355E-4,0.034248123365298005,0.0012791696991730614,1.3541621241066384E-4,0.00501607966114562,0.0016363569391212775,2.3490311802081343E-4,1.3593087076037107E-4,1.1947370417534343E-4,5.569400404585421E-4,1.5628477480213724E-4,8.310116439332338E-5,0.0035410412870581147,0.02835495654755951,4.3221562360653816E-4,1.1480350544511217E-4,0.0038109767015650164,1.363397710200826E-4,1.2696734986249547E-4,0.04414062421913235,1.663073449294101E-4,1.9225529709777594E-4,8.820247522711777E-4,5.92258761478714E-4,0.0019039095029157833,2.812524445019276E-4,2.935609196378391E-4,1.282508289879873E-4,0.001973786315324703,9.441083510957718E-4,0.001147694009898992,2.6052207691111226E-4,3.420674684520748E-5,0.01193034817487673,7.340188378593651E-4,4.8707803742883385E-5],[2.3111913740173243E-5,1.1392688520090497E-4,9.717106801924253E-4,0.008863144101589058,5.867193225976664E-4,0.0012268773665778626,9.991207712207184E-4,1.996504933765311E-4,1.2839500901416564E-4,1.0,0.0010199500415094774,0.0034265353419163373,1.1959059486034849E-4,1.2268001315557704E-4,1.4544801302995597E-4,4.888514753411415E-5,4.7932027821902E-4,8.82105148271735E-4,1.1196741104380868E-4,3.233216744096088E-5,0.00895955891099604,1.323001713148068E-4,0.0390683200582428,2.373622386686806E-4,1.1274111863561629E-4,3.317370554263663E-4,0.002144329665047823,1.7022225004074975E-4,1.1103196074328047E-4,1.1406691114768644E-4,2.961975584334458E-4,1.1764235875748442E-4,1.0240832036154129E-4,5.331421718729102E-4,0.029705707353854336,3.449766835752356E-4,9.571820686443869E-5,0.0015397072830786271,1.1519410358232212E-4,3.1419965760165326E-5,0.01945129808952017,1.324593782914049E-4,1.5134971890142226E-4,4.299041005110295E-4,6.278117625904797E-4,0.0023711734626282416,1.1846037131397198E-4,3.841415467136292E-4,1.1298086063837562E-4,0.002043035824798929,4.463443451197435E-4,0.001449864548380435,2.620205245695097E-4,7.955939078136037E-5,0.004640022502773856,4.7036735486502275E-4,2.8892704709999696E-5],[9.707060174713261E-4,0.001301748707116782,0.001137445842294796,0.008782978658448503,0.0016964161219825927,0.0017622264270631793,0.0011457287270164147,0.0017958861215209977,1.378639842603343E-4,0.0010199500415094774,1.0,0.003082942323819644,0.0015660573071789785,2.5338702728547297E-4,6.756355976471526E-4,7.185107744113727E-4,0.001597577722077532,0.0015890033567656546,0.0010463545823173224,0.0016899610744578665,0.01231694389274774,3.1753383847518354E-4,0.014890698424711747,0.0016529198111265991,0.0016535420592436328,0.03804267624157908,0.0024296060064258455,0.0011259399374989412,5.816235610489199E-4,0.0014283071069166383,0.0013889389903339116,3.1124836414393405E-4,4.6340150574537115E-4,0.003678649313526269,0.01601027444795888,0.0016594756187896316,2.6059599816596706E-4,0.005860960733958463,0.0011533199813978526,5.995036272094757E-4,0.042797814401706,0.0017176261430076974,2.919406608264186E-4,0.00164760581093155,0.0018700418675930974,0.002429516684359979,0.0017242092957582258,0.0018726092961719684,0.0014881401627143344,0.002555748944262778,0.0013845483480434842,0.0017950014916952271,0.0010207572080866067,0.0014417711766947154,0.004159454173471798,0.001389214847582702,2.0622778895866686E-4],[0.001858973532038509,0.003062611120060913,0.00685083221802475,0.01000870975236811,0.0030240685640327064,0.007762145972384515,0.0032279542361575327,0.006322595961481539,0.0019575666975148176,0.0034265353419163373,0.003082942323819644,1.0,0.001725819251770887,0.00519008898856207,0.002278374587693433,0.004849255871565856,0.0076494198085754455,0.003837989124317767,0.0037292076472623024,0.006298094987311656,0.014113598596191032,0.007473280389169219,0.04360535640264238,0.0030100679321496578,0.005741918577413296,0.037263830943360665,0.006574536708595445,0.007456378867922037,0.007150747209103011,0.0018954598585193053,0.00681437421573896,0.0059715021718436895,0.004180027875233207,0.0064174886552669,0.051247717082368575,0.0023279565424018187,0.002814972803678053,0.00817973696099681,0.006288325428446325,0.00167734553276114,0.04504652566654875,0.0013777323513971375,0.005589385725636241,0.00714134896226726,0.007685346020121599,0.006361901994035456,0.007329774736480375,0.0035082147598765627,3.0393311343684595E-4,0.007465854755048468,0.0028511127070535306,0.005463372552171214,0.005914575561802502,0.0019382984836360854,0.00960328827782279,0.002039970351289995,9.642853016839714E-4],[1.2904939410118615E-4,1.337361693091925E-4,6.532729994549582E-4,0.00520333883823226,5.297282542544418E-4,9.294415333559933E-4,8.198953648542698E-4,2.066948963670524E-4,1.379426437065851E-4,1.1959059486034849E-4,0.0015660573071789785,0.001725819251770887,1.0,1.4050610590210516E-4,1.4666973395160505E-4,1.3054244993064297E-4,0.0014192793660517836,8.679820157243912E-4,1.212194809450694E-4,9.976527593709285E-5,0.002602849707934294,1.4395272784825203E-4,0.01819110021504758,0.0010431974484595044,1.4151225608085056E-4,0.015805532041799922,0.0035629672925744193,2.3690216728975696E-4,1.137264736565559E-4,1.2570595751312222E-4,7.720640506853846E-4,1.429340250517537E-4,3.0220255346989083E-5,0.001971573444859762,0.021313623887477606,7.511903954781574E-4,1.3706022679663946E-4,0.0030447979269021997,1.2668627191787015E-4,3.832346616048098E-5,0.05983938938705989,1.669489901716469E-4,1.974986041032595E-4,5.650910646179542E-4,7.930413278263548E-4,8.047628375883432E-4,2.269845301501555E-4,2.35425452174179E-4,1.4133810927742654E-4,0.0015875118051038165,7.875888939558925E-4,3.933735538871332E-4,2.0569032838320818E-4,1.1519738353819651E-4,0.004322401138071372,8.222931379107481E-4,1.1609249208792065E-4],[5.7345557046911454E-5,1.264482602230134E-4,4.099278200388605E-4,0.006766046218145976,3.2267418066170566E-4,9.228496588303727E-4,7.826746957039752E-4,0.001078793147571165,1.3789664712341427E-4,1.2268001315557704E-4,2.5338702728547297E-4,0.00519008898856207,1.4050610590210516E-4,1.0,1.46726131418539E-4,9.867146517245136E-5,0.0011599961779770061,3.4999974129594133E-4,1.3041716189919364E-4,1.3904616360213603E-4,0.012728491307113477,1.5486336970408314E-4,0.03630310059190839,0.001150391582324259,1.2253258304955052E-4,0.01280406875112911,6.793556485583977E-4,2.0187833170173838E-4,1.352493624335793E-4,1.1798317784587964E-4,7.051221875356146E-4,1.598719555550194E-4,2.4126061459079226E-5,0.004550777292810776,0.011823086775705137,8.931315190082505E-4,3.44866970860064E-5,0.004271849791838157,1.2693903358595778E-4,7.158167791111372E-5,0.005551068908263514,2.830499858684304E-4,1.8818949067890849E-4,3.4864819842042626E-4,8.745041703660761E-4,0.003365397898757545,2.592322607243972E-4,6.822397168573615E-4,1.3663609105814942E-4,1.5101011709883825E-4,3.364516216228815E-4,0.0010636402940033115,2.4871028352576723E-4,1.2910990339607125E-4,9.434042613403163E-4,9.293247159386551E-4,6.083656304581749E-5],[9.995317123300424E-5,1.4021814858623978E-4,7.146647621514815E-4,0.005158524668948484,5.609947211353131E-4,9.955451523484976E-4,7.7710090529721E-4,5.008427201012937E-4,1.5625196247578307E-4,1.4544801302995597E-4,6.756355976471526E-4,0.002278374587693433,1.4666973395160505E-4,1.46726131418539E-4,1.0,1.4088812795793853E-4,0.0014483976580097614,0.0010047529337784012,1.4413032638470712E-4,6.580723927075503E-5,0.002369425040366716,1.590900872645556E-4,0.04736850386025776,0.0012191383993584589,1.4455353732184965E-4,0.011945899676698114,0.0028473376082626053,1.9762052338265505E-4,1.4664650328438558E-4,1.5682251818729164E-4,4.2435356610692965E-4,1.634409101764174E-4,1.301970786548419E-4,0.003756954070494429,0.010439516076801832,3.4200806532091847E-4,6.542903392663952E-5,4.229794742572927E-4,1.6169166770321538E-4,1.6111647994933434E-4,0.04956221147924387,1.8798513318340416E-4,1.7687540174856424E-4,8.36286601854129E-4,4.38896232179742E-4,0.0020919967132646176,1.749341231676995E-4,8.33943244685568E-4,1.6019665266516351E-4,0.002196912456813024,9.988864653657878E-4,5.664998593151128E-4,2.249889197959756E-4,1.0379619362107099E-4,0.002903764764270509,2.562878585110928E-4,6.26450169617929E-5],[1.0595081247859148E-5,2.0773084167058677E-5,7.439920930485446E-5,0.009706310910337433,3.6962422276527843E-4,2.6151068906085987E-4,7.937599744262992E-4,9.670206214514061E-4,1.0851374998952831E-4,4.888514753411415E-5,7.185107744113727E-4,0.004849255871565856,1.3054244993064297E-4,9.867146517245136E-5,1.4088812795793853E-4,1.0,0.0012932004557403708,2.480442368598758E-4,6.419251899323918E-5,1.228304209134365E-5,0.010030010592768111,5.259068123684579E-5,0.04222973701018938,0.0014103884797951147,5.704535911358447E-5,0.012929822142454117,0.002824479405131826,5.2429387637751876E-5,4.569208165889634E-5,7.963956098592347E-5,6.936396429330629E-4,4.294373548190651E-5,1.5923527085303768E-5,0.0011862991091618287,5.66199811228193E-4,7.649476317281657E-4,1.4824293237937974E-5,0.006528447189310318,6.498992120031436E-5,1.7995406378923178E-5,0.0023670301647927446,2.321317852833074E-4,1.8312058021354544E-4,4.1153564146761057E-4,9.912538760690225E-4,0.003715679260787097,1.464970753350138E-4,7.352001735978506E-4,6.119977314474345E-5,1.3673697837940374E-4,3.484804294109251E-4,0.0013719733543548994,1.5822578849144833E-4,1.369237230508643E-5,0.0033143297101927167,5.150524098849419E-4,1.3540310577354803E-5],[6.933478506691857E-4,5.172175560951667E-4,0.001106686673741459,0.007194326399417315,0.0010710807166839,0.0015341834771726405,0.0013260515825037201,0.0012532567910343122,9.289481006874392E-4,4.7932027821902E-4,0.001597577722077532,0.0076494198085754455,0.0014192793660517836,0.0011599961779770061,0.0014483976580097614,0.0012932004557403708,1.0,0.001127411779514842,8.591063615633766E-4,1.2935830679244487E-4,0.009108292677288087,4.133761337012362E-4,0.019272586540769774,0.00162159246814588,9.836324039535728E-4,0.018630385897462506,0.0017854349106757473,8.245450550799295E-4,9.750232675781998E-4,5.90410843867561E-4,0.0014072438333711757,0.0010521600655763468,7.338878431289972E-5,0.0016910681856196108,0.043020803733903545,0.0013335154299228833,4.7125611566922976E-4,0.006632509935781739,0.0010960736782241701,0.0013919224195997216,0.049515027678472344,4.651178066738744E-4,0.001037907195423494,0.0012656204679471143,0.0013962205861083176,0.002321694142882745,0.0013236197088937198,0.0012155293097829514,4.264200075545719E-4,0.002355891498842169,0.0013941281153393933,0.001483565678318952,6.794054539608416E-4,5.651373254165711E-4,0.008809429053059708,0.0014105244470790904,7.282159035363318E-5],[9.754820521800093E-4,3.427584928768987E-4,0.001076517463682162,0.007554875424534076,7.326779837720006E-4,0.0012497616833605403,0.0010525472457369363,0.0011220449434184733,6.197507170478027E-4,8.82105148271735E-4,0.0015890033567656546,0.003837989124317767,8.679820157243912E-4,3.4999974129594133E-4,0.0010047529337784012,2.480442368598758E-4,0.001127411779514842,1.0,9.980281357967963E-4,7.397763345930416E-4,0.011658915566487548,7.028961742123224E-4,0.0016253687382877552,0.0014179335935360648,4.900660149207611E-4,0.022246509724274836,0.0022675952258539825,9.556830360665397E-4,2.4804296565440574E-4,4.404991036599095E-4,9.527871435053099E-4,6.192515850244602E-4,9.175163048628124E-4,0.001058545957551823,0.034668808026757786,0.0010808638014205923,1.3974271369202099E-5,0.006531587202652806,7.90478142922544E-4,0.0010083088342206234,0.060402720008021056,7.463708663785424E-4,5.774813956247897E-4,0.0010584501249276041,0.0011930566519435235,0.0016182509145817394,3.9007603992524334E-4,0.0010981510361977441,3.603765773499188E-4,0.0024838000121367547,0.0010529585024127424,0.0011101395397803066,7.80141711717993E-4,3.398841934490361E-5,0.010593926618967336,0.0010492234049897407,2.940082792059524E-4],[3.0758057820243526E-5,1.1503034220162502E-4,8.79896929779315E-4,0.00954628326774884,3.7781518701337027E-4,0.0013933590835936004,0.0010646633414050537,8.909179395485498E-4,1.2123472324242966E-4,1.1196741104380868E-4,0.0010463545823173224,0.0037292076472623024,1.212194809450694E-4,1.3041716189919364E-4,1.4413032638470712E-4,6.419251899323918E-5,8.591063615633766E-4,9.980281357967963E-4,1.0,5.7804309991845714E-5,0.014214477145772248,1.1511131675453623E-4,0.034931065166364295,4.585857924702233E-4,1.1401086435486852E-4,0.040514943785353516,0.0018142134454006442,1.3034691457189585E-4,1.1092217111869676E-4,1.1485617312778621E-4,4.284491023545916E-4,1.2587417213126876E-4,8.612429142244807E-5,0.00199652488108239,0.0011801818673423043,4.4328924426187535E-4,3.263050046439178E-5,0.002046086017916101,1.1411609408960094E-4,9.352248090522998E-5,0.02005832408801501,1.9340321303216144E-4,1.18258415552155E-4,5.832426419224135E-4,4.6945294116784215E-4,0.0030006433793418217,3.225523246478389E-4,7.033921464541825E-4,1.1220572246532829E-4,0.0012091915907842797,9.204412827456666E-4,7.488383904218554E-4,1.6370890107485664E-4,6.422303922573376E-5,0.005528942346242205,7.128566867247181E-4,3.3945734408227565E-5],[1.0050708351728634E-5,1.1428275962637087E-4,3.3774686952348993E-4,0.0037449394207492,3.4554188570671103E-5,5.788204246452692E-4,3.935567235974011E-4,1.4782210131065605E-4,1.3127131483192686E-4,3.233216744096088E-5,0.0016899610744578665,0.006298094987311656,9.976527593709285E-5,1.3904616360213603E-4,6.580723927075503E-5,1.228304209134365E-5,1.2935830679244487E-4,7.397763345930416E-4,5.7804309991845714E-5,1.0,3.651002023076894E-4,1.4192219184651483E-4,0.04217591582828782,0.001477509884025826,1.1079497630431556E-4,0.012575362214954339,0.003500054460070445,1.497099533772419E-4,3.895542094140783E-5,1.6170119775144317E-5,4.0235189123533885E-4,1.377393442259524E-4,1.3464754042647805E-5,0.0022872050006851464,0.0011662611823642175,7.658043530507961E-4,1.1116189794493664E-5,0.003586087995299786,7.342530542896337E-5,1.6782934608258762E-5,0.057223809858615346,1.5437589968613971E-4,2.8676997899787056E-5,5.506268083651206E-4,3.8233955366315513E-4,0.0034931640238689515,4.486864977567991E-5,2.8780595265802913E-5,6.594673238675882E-5,0.0017443153591462466,0.0010250127080967677,6.977330748933328E-4,1.0870681813930381E-4,1.0401752891198766E-5,0.011300769762617452,5.570635734967396E-4,1.1733395348383814E-5],[0.0012720978994678947,0.007263404798395754,0.012033088150470782,0.011117368073747228,0.005339670865277461,0.003487068982295535,0.0028033507994443562,0.00603041258134452,0.012921638143290427,0.00895955891099604,0.01231694389274774,0.014113598596191032,0.002602849707934294,0.012728491307113477,0.002369425040366716,0.010030010592768111,0.009108292677288087,0.011658915566487548,0.014214477145772248,3.651002023076894E-4,1.0,0.010702695037813582,0.023377289577183012,0.008782638975189633,0.0052793117374182715,0.036638536492419195,0.012695324879018277,0.0038080724623141176,0.009332434191957183,0.002960027779625756,0.005253404952943447,0.011724141608144096,0.009129705611345483,0.006496185005796908,0.0434483661316351,0.014702108018904553,0.010995108155071483,0.013301715072396882,0.007400183793474651,0.012720340457633256,0.019522265545594712,7.6936828777799E-4,3.5349512217239384E-4,0.009101297585381711,0.009697165952083541,0.011124262783810542,0.010935518804003274,0.012576547414447062,0.008605180978793875,0.0031911109199115216,0.014775293774809762,0.006529442580975212,0.014219784649657766,0.00251991520248174,0.013962353413984701,0.002960636077772504,0.014764163326714912],[1.2811856833121345E-4,1.522089487015538E-4,7.787417428768545E-4,7.507387018202225E-4,1.598545380595524E-4,9.668164033582E-4,4.0316063665580247E-4,9.352064362188934E-4,1.4953608885013355E-4,1.323001713148068E-4,3.1753383847518354E-4,0.007473280389169219,1.4395272784825203E-4,1.5486336970408314E-4,1.590900872645556E-4,5.259068123684579E-5,4.133761337012362E-4,7.028961742123224E-4,1.1511131675453623E-4,1.4192219184651483E-4,0.010702695037813582,1.0,0.01078263840073987,0.001106909257096997,1.4129265474830272E-4,0.006605410697251918,0.001229240385851177,2.1587323001182688E-4,1.5719984047887596E-4,1.492284975242761E-4,3.844884314098872E-4,1.6424015761552806E-4,2.5667367950099883E-5,0.0024900127489690766,0.010385819438932341,1.8375462078961235E-4,1.3879242311194475E-4,0.007455246421063312,1.4231726276408053E-4,1.0664549479978224E-4,0.04824338093032245,2.6765245996147885E-4,1.7209124054344278E-4,6.075933815059013E-4,3.525498378058859E-4,8.494218611069975E-4,3.029239861824488E-4,8.132439687249458E-4,1.399837083289724E-4,3.297761026316297E-4,4.146162730556893E-4,0.0012548906078143226,2.686429746228583E-4,6.99539477383033E-5,0.010092574741365027,2.811375377425292E-4,1.6011701655689713E-5],[5.889406719034874E-4,0.0070133377155672085,0.044040463757688844,0.02502419543835198,0.03368013936975519,0.03151131348201629,0.03369324960225641,0.04408773423308684,0.034248123365298005,0.0390683200582428,0.014890698424711747,0.04360535640264238,0.01819110021504758,0.03630310059190839,0.04736850386025776,0.04222973701018938,0.019272586540769774,0.0016253687382877552,0.034931065166364295,0.04217591582828782,0.023377289577183012,0.01078263840073987,1.0,0.0470359770642046,0.015500348358834636,0.04563391536731244,0.027145509786894017,0.03547514796734818,0.01490448176772828,0.03596363431451302,0.04271887700931704,0.044657467532936194,0.02639207204580009,0.040326212293367594,0.05004394508444513,0.012255900155338319,0.02707321941419826,0.03371834443909694,0.0041107707760317524,0.0010414974964408279,0.05294087723509191,0.04306617180373644,0.03595928541956296,0.04646832410973086,0.011493623446557463,0.010832727052695236,0.04289284064535062,0.019801472578159885,0.04381231034300408,0.022076718228813248,0.031322185612988974,0.04273639215244073,0.014761986046079544,0.031076551711233507,0.045708123499280925,0.027866242700629613,0.026799427037009844],[0.001122385560238232,0.001353406118355428,0.0011012407404561984,0.009956647140104321,0.0011551440363100818,0.0015680895408675853,0.0013815960592684152,0.0012743423524125038,0.0012791696991730614,2.373622386686806E-4,0.0016529198111265991,0.0030100679321496578,0.0010431974484595044,0.001150391582324259,0.0012191383993584589,0.0014103884797951147,0.00162159246814588,0.0014179335935360648,4.585857924702233E-4,0.001477509884025826,0.008782638975189633,0.001106909257096997,0.0470359770642046,1.0,6.577846325127338E-4,0.035876666939608906,0.002663189805371914,0.0011365058124296638,0.0014093588657522575,2.0818952840865094E-4,9.659555058506606E-4,0.0015412937920401952,0.00105429382530526,0.002554949127154288,0.011083294890721655,0.0014127447505794181,7.529345216661154E-4,0.001988940790576912,4.791094004826069E-4,4.6771421759962076E-4,0.0029954422727205355,0.001291843384000739,7.808656481046494E-4,0.001539612694161357,0.0014055584298601318,0.0020877763744244987,0.0014553369958190164,0.001389363277133333,2.459009797165158E-4,0.001887310858049017,0.001443966425909074,0.0016008278607511413,7.880010129088247E-4,0.001066711637078276,0.011875433312166173,0.0013469431978349656,1.4952094314440574E-5],[8.894096112544968E-5,1.1584981244988891E-4,1.360685531083733E-4,0.004850063082847718,3.719811727796138E-4,6.257516993515974E-4,1.2323894348676402E-4,4.212432127597125E-4,1.3541621241066384E-4,1.1274111863561629E-4,0.0016535420592436328,0.005741918577413296,1.4151225608085056E-4,1.2253258304955052E-4,1.4455353732184965E-4,5.704535911358447E-5,9.836324039535728E-4,4.900660149207611E-4,1.1401086435486852E-4,1.1079497630431556E-4,0.0052793117374182715,1.4129265474830272E-4,0.015500348358834636,6.577846325127338E-4,1.0,0.0013655520536535281,0.003527664481473427,2.5940021480156577E-4,1.1172577070333763E-4,1.1592672652650233E-4,4.705525475321667E-4,1.2645648528526921E-4,9.337445126754543E-5,0.004560953184469562,0.02918586398463695,9.238652121981516E-4,1.1379625322676473E-4,0.007581067840699115,1.157606076850225E-4,3.340403449415652E-5,0.053087404203262384,2.673421513728039E-4,1.785658954926206E-4,7.11509606954226E-4,3.571240145820046E-4,0.00396509799482498,2.1339826415646076E-4,7.101198399835035E-4,1.1531276875213272E-4,0.002584588638646667,5.92173507473625E-4,5.586687850373186E-4,1.4902502175802247E-4,1.1186558820905395E-4,0.011270730389066272,5.620766561715869E-4,7.815782257990124E-5],[0.0397809984209162,0.022774233487653596,0.03074697953911682,0.038476788658578204,0.028899429782104687,0.02833085419754333,0.002024538545067994,0.02205021014291638,0.00501607966114562,3.317370554263663E-4,0.03804267624157908,0.037263830943360665,0.015805532041799922,0.01280406875112911,0.011945899676698114,0.012929822142454117,0.018630385897462506,0.022246509724274836,0.040514943785353516,0.012575362214954339,0.036638536492419195,0.006605410697251918,0.04563391536731244,0.035876666939608906,0.0013655520536535281,1.0,0.02733551663447736,0.018860238904267638,0.002243613097767882,0.03195694226384533,0.01836358571085719,0.038719166846700966,0.03574611716991077,0.02190539691151218,0.04610316433065379,0.007135511695900805,0.01647041226611286,0.03241807635845653,0.012050274259051802,0.029999570636294066,0.04853892153503147,0.0071373443950291954,0.008434980618750672,0.03489579605108864,0.029188084908838677,0.018526624783303625,0.02066037379863088,0.007318419467545158,0.03186607916905793,0.027389246060584467,0.03241696724434411,0.00774658053904136,0.013263915348997436,0.038779070832304065,0.022999316886645464,0.017361369894923536,0.02403277265994291],[0.0024562104708163042,0.0016137784556831767,0.002221725103433105,0.003817483973422468,0.002747950520510408,0.003371252291328797,0.0020642649967581696,0.0034434988200384258,0.0016363569391212775,0.002144329665047823,0.0024296060064258455,0.006574536708595445,0.0035629672925744193,6.793556485583977E-4,0.0028473376082626053,0.002824479405131826,0.0017854349106757473,0.0022675952258539825,0.0018142134454006442,0.003500054460070445,0.012695324879018277,0.001229240385851177,0.027145509786894017,0.002663189805371914,0.003527664481473427,0.02733551663447736,1.0,0.003089597035351022,0.002689547014890809,0.0016984249042916336,0.0025562436174554125,0.0013248220061370226,7.104619198881215E-4,0.003910780917253629,0.04692024224695704,0.0017686153497055452,7.429734036313037E-4,0.004561259205934144,0.002526953531202269,0.003567713232757755,0.048893028123376744,0.002271425579944206,0.0016117357345823116,0.002638664627379688,0.0029192843249906215,0.00402409153563808,0.002161571655053534,0.0011333587575237003,0.0034588108680159058,0.0027575892118804203,0.0028803274191815257,0.0017468316567290278,7.092514169270601E-4,0.001924749801863045,0.005333520623001435,0.003212651377838679,4.8701068351653375E-4],[5.59779634175683E-5,2.46803356492764E-4,8.568549173724222E-4,0.004372959247581205,4.6856035961957275E-4,0.0012716184414964674,0.0011221981445670723,6.753638049846688E-4,2.3490311802081343E-4,1.7022225004074975E-4,0.0011259399374989412,0.007456378867922037,2.3690216728975696E-4,2.0187833170173838E-4,1.9762052338265505E-4,5.2429387637751876E-5,8.245450550799295E-4,9.556830360665397E-4,1.3034691457189585E-4,1.497099533772419E-4,0.0038080724623141176,2.1587323001182688E-4,0.03547514796734818,0.0011365058124296638,2.5940021480156577E-4,0.018860238904267638,0.003089597035351022,1.0,1.4642133408089136E-4,2.3214443694730494E-4,6.975090116874452E-4,1.8859900225415792E-4,1.1916750215142091E-4,0.0023398851061990677,0.049846182281838264,9.114951189330818E-4,3.669169733993334E-5,0.007159537082356909,2.4490940096480094E-4,2.2607224984734083E-4,0.0288681742624097,2.7580940521546195E-4,2.258255533205666E-4,9.400575226487408E-4,0.0011809332334903147,0.002348706412595141,3.34254062854792E-4,3.46894482232784E-4,2.442471660062031E-4,0.0025725803994481747,8.921622923928672E-4,0.0012007598852073489,3.139513672071422E-4,1.184691547644861E-4,0.0023240512632046705,6.918492225483077E-4,1.1202258422299171E-4],[1.0171555574168889E-4,1.1555775664183151E-4,4.863139359158904E-4,0.003954358337832185,3.9695096385424265E-4,9.49429104539639E-4,8.802158139596555E-4,5.491969896197092E-4,1.3593087076037107E-4,1.1103196074328047E-4,5.816235610489199E-4,0.007150747209103011,1.137264736565559E-4,1.352493624335793E-4,1.4664650328438558E-4,4.569208165889634E-5,9.750232675781998E-4,2.4804296565440574E-4,1.1092217111869676E-4,3.895542094140783E-5,0.009332434191957183,1.5719984047887596E-4,0.01490448176772828,0.0014093588657522575,1.1172577070333763E-4,0.002243613097767882,0.002689547014890809,1.4642133408089136E-4,1.0,1.1393513160552169E-4,7.546507806951012E-4,1.6388392734409523E-4,1.0558636088969202E-4,0.001126888094987616,0.05470648228135002,3.8654123079689414E-4,2.0355848157969555E-5,0.007959011600374823,1.1605945854130179E-4,4.856353374687843E-5,0.05266317991309205,2.3191376944991512E-4,1.930471452582348E-4,3.682721591833398E-4,6.462821701550587E-4,0.001054316176650769,2.8687020655791996E-4,8.14541296890335E-4,1.1197559967547427E-4,0.002611991195472864,6.181643526268522E-4,1.256734650517529E-4,1.8317221864347905E-4,2.828129287392688E-5,0.0053522072018365174,4.730183234292219E-4,1.0301981487156025E-4],[1.061736649571332E-4,1.1626990213517644E-4,0.0010606018570503601,0.00878332853023612,3.018440336758725E-4,8.402078634172172E-4,8.305344275779202E-4,9.703655607694931E-4,1.1947370417534343E-4,1.1406691114768644E-4,0.0014283071069166383,0.0018954598585193053,1.2570595751312222E-4,1.1798317784587964E-4,1.5682251818729164E-4,7.963956098592347E-5,5.90410843867561E-4,4.404991036599095E-4,1.1485617312778621E-4,1.6170119775144317E-5,0.002960027779625756,1.492284975242761E-4,0.03596363431451302,2.0818952840865094E-4,1.1592672652650233E-4,0.03195694226384533,0.0016984249042916336,2.3214443694730494E-4,1.1393513160552169E-4,1.0,1.1851938995498883E-4,1.3860023187386614E-4,5.88660854202581E-5,0.001548117915577822,0.03438871236761494,3.9274108427773686E-4,6.309557547205718E-5,0.0011725500935355787,1.1696941415403072E-4,8.16797215494219E-5,0.022860966706147824,2.9721177177669303E-4,1.6411220926781884E-4,2.3018653257788317E-4,0.0012381238121448417,0.003683556610755704,1.337761128637536E-4,8.903579909346319E-4,1.159026735420604E-4,4.89624018495725E-4,9.597479361141318E-4,3.1525175049620274E-4,1.5256137982664432E-4,1.0435474461778702E-4,0.010659008327604991,6.260811493482905E-4,7.846617935558524E-5],[5.1033842967285294E-5,4.044367220871676E-4,9.679428491152322E-4,0.0010246481954057328,6.859040902375481E-4,8.348931483509838E-4,9.734192579205364E-4,9.315480376321796E-4,5.569400404585421E-4,2.961975584334458E-4,0.0013889389903339116,0.00681437421573896,7.720640506853846E-4,7.051221875356146E-4,4.2435356610692965E-4,6.936396429330629E-4,0.0014072438333711757,9.527871435053099E-4,4.284491023545916E-4,4.0235189123533885E-4,0.005253404952943447,3.844884314098872E-4,0.04271887700931704,9.659555058506606E-4,4.705525475321667E-4,0.01836358571085719,0.0025562436174554125,6.975090116874452E-4,7.546507806951012E-4,1.1851938995498883E-4,1.0,6.430613889519557E-4,7.490301474704005E-4,0.0012825634671128302,0.023209746367580476,0.0010830465413776153,3.1947760796708274E-4,0.006498530254280496,7.061551023046057E-4,6.455912095244313E-4,0.030305463456405994,7.75702820071452E-4,6.653541613883086E-4,9.660903902512447E-4,0.0011753673709403551,0.0035044395162776225,8.009693084059807E-4,0.0011186107416450678,1.8273431055678676E-4,0.0024628502917972547,0.001011098640987929,0.0014533421669235035,6.669320827218312E-4,2.5227401533556905E-4,0.010829557552000282,8.819416754006962E-4,5.984257229949293E-4],[7.622681638591903E-5,1.1747794895661952E-4,6.21621020617243E-4,0.008440962088925783,5.111948609828079E-4,9.490113039997942E-4,8.245028957897006E-4,7.280509757603311E-4,1.5628477480213724E-4,1.1764235875748442E-4,3.1124836414393405E-4,0.0059715021718436895,1.429340250517537E-4,1.598719555550194E-4,1.634409101764174E-4,4.294373548190651E-5,0.0010521600655763468,6.192515850244602E-4,1.2587417213126876E-4,1.377393442259524E-4,0.011724141608144096,1.6424015761552806E-4,0.044657467532936194,0.0015412937920401952,1.2645648528526921E-4,0.038719166846700966,0.0013248220061370226,1.8859900225415792E-4,1.6388392734409523E-4,1.3860023187386614E-4,6.430613889519557E-4,1.0,1.6059424320496126E-4,0.0038397139904661377,0.011439057878696058,3.092237172427588E-4,9.63722724614767E-5,0.00817050580076971,1.467749587111268E-4,6.585361658263402E-5,0.02961984233666369,2.241731106212791E-4,1.8267291977416754E-4,5.270602460852284E-4,0.001152884665898381,0.003866493396442828,2.6826281705609136E-4,9.342318440067214E-4,1.3525707591686888E-4,1.993167454634767E-4,3.9276465673685656E-4,0.001415040615828431,2.4037175975446642E-4,3.6593247543716686E-5,0.003515938093088871,7.2578386688011E-4,1.1494058318150139E-4],[1.44696439303794E-5,6.657658968251643E-5,2.295507736246242E-4,7.791867166615277E-4,4.7086102925967096E-4,3.238606576552872E-4,5.850120940203974E-4,7.997836067181648E-4,8.310116439332338E-5,1.0240832036154129E-4,4.6340150574537115E-4,0.004180027875233207,3.0220255346989083E-5,2.4126061459079226E-5,1.301970786548419E-4,1.5923527085303768E-5,7.338878431289972E-5,9.175163048628124E-4,8.612429142244807E-5,1.3464754042647805E-5,0.009129705611345483,2.5667367950099883E-5,0.02639207204580009,0.00105429382530526,9.337445126754543E-5,0.03574611716991077,7.104619198881215E-4,1.1916750215142091E-4,1.0558636088969202E-4,5.88660854202581E-5,7.490301474704005E-4,1.6059424320496126E-4,1.0,0.001870146193761851,0.04788152748663937,2.3105368949970752E-4,1.199281808854763E-5,0.005264823451866799,2.9742956444557195E-5,1.7934920328251882E-5,0.039079906924692945,1.0024698949106286E-4,1.424841994756038E-4,1.7640082008994604E-5,0.001268653204160191,3.637844093351611E-4,1.9961071422289412E-4,4.5737509135558184E-4,6.989657058310764E-5,0.0018432284988787477,4.234351430765319E-4,2.068662364160303E-4,2.0229976109026578E-4,1.397809235624107E-5,0.004510854647038726,1.5185616305433676E-4,1.3200856619821345E-5],[0.0013674052167515491,0.0014569047019407982,0.0014994466023213367,0.010041405317916988,0.0038025214365641994,0.0025761181542548316,0.0036776708338378946,0.003086284211023813,0.0035410412870581147,5.331421718729102E-4,0.003678649313526269,0.0064174886552669,0.001971573444859762,0.004550777292810776,0.003756954070494429,0.0011862991091618287,0.0016910681856196108,0.001058545957551823,0.00199652488108239,0.0022872050006851464,0.006496185005796908,0.0024900127489690766,0.040326212293367594,0.002554949127154288,0.004560953184469562