[[1.0,0.006844430595616485,0.011914399671518418,0.01264013214090271,0.015196875934281526,0.008488655914362552,0.013214658676516213,0.013287169417623815,0.012447853282322736,0.005957753095917279,0.012773432026025697,0.01391209670275719,0.012072700269822465,0.013807342642858446,0.012243377419862764,0.008364106374159764,0.009147461897559737,0.013468397245329602,0.00951399343977876,0.010979719381768505,0.007665216163671636,0.0013126632585299615,0.01167595679919248,0.012081238968477591,4.6945397906162465E-5,0.006346051990279449,0.013925311106265487,0.002323456525349012,0.010153426381791569,0.0031370195271725777,0.005106426815868453,0.013851272686340049,0.013292090319665849,0.0014383137419544004,0.011403954046445104,0.013658754743169096,0.02485415288691551,0.0014934980693171252,0.010443023995620932,0.007288532938800686,0.002072128618861759,0.008059667355583097,0.012994312983824004,0.0032008506977851824,0.012978489920440792,0.009727708297960175,0.011759129857878203,0.005699282835460364,0.011124871256888874,0.013749803975924093,0.014016160981462059,0.006899268072681479,0.013762210876644396,0.01483520395544379,0.01232783605520167,0.014093900771811848,0.007009946067051583,0.002774169216302212,0.00588670984824151],[0.006844430595616485,1.0,0.0010142922500558222,2.8731506383276385E-4,3.250276041143296E-4,0.0011404323001692905,0.0013544655281547643,0.0013466737649865815,4.980732951957081E-4,1.5037397851425119E-4,0.0010900111155674379,0.0011495978110002065,3.714518245423625E-4,2.372567632153769E-4,3.7215427447428236E-4,7.23931822736008E-4,6.392373419665381E-4,7.874247619590621E-4,9.742386676805087E-4,0.0010368687984278731,0.0016545430950569862,8.193513592052924E-4,9.29836810962895E-5,0.003889221267001829,3.4279746769519116E-4,8.486536318990415E-4,8.483520358933365E-4,0.0013007736085906738,4.244810527315206E-4,4.91433474043249E-4,0.0011765894272828994,0.0011046358079375876,0.005230432582708822,9.350961745204064E-4,7.488138601585774E-4,0.0011756910504572599,0.01413987230017533,4.219501941316599E-4,9.883882723262885E-4,0.0010171707420336144,5.357802636186111E-4,0.0010892168745239505,3.558804563769874E-4,8.824067868131562E-4,0.0011560350027333744,4.11275463040752E-4,0.0018387277052775805,4.968496089463367E-4,3.588098484462256E-4,6.548833084069893E-4,0.0013058786686526776,0.0011589900639732387,0.0017631303287007506,0.0011692555859254157,0.0011725649412834998,9.552514152841556E-4,7.612384670725571E-4,0.00129417268494999,0.0011759779309253161],[0.011914399671518418,0.0010142922500558222,1.0,3.19312711489768E-5,1.7022215452375768E-4,5.866592150689958E-4,0.0019419690878581385,8.90027986001239E-4,2.4550981722832867E-4,1.8604845214818772E-4,1.7483721534238976E-4,6.13954601949476E-4,2.49544403446918E-4,2.367483761902597E-4,1.2081679922471159E-4,2.3550170118044443E-4,2.4995321870438557E-4,2.1112358750182837E-4,1.4268334450370776E-4,5.630345616466736E-4,6.517656879380295E-4,4.4733594536317293E-4,1.2046788875278885E-4,0.0036294628433618833,2.4972105732514263E-4,1.1510021847254423E-4,6.88150742133921E-5,4.690089181438158E-4,2.2845517988665575E-4,3.48006236621935E-4,7.064604528319499E-4,2.557438129548764E-4,0.002039046757141609,2.4356642902169712E-4,8.902720584273388E-5,6.54829473943244E-4,0.016588009065483057,3.332366536504123E-4,1.1756569513864763E-4,3.2147545045150123E-4,3.0933835117488543E-4,3.4454974596442905E-4,8.555609370708363E-5,1.817284487748662E-4,1.5224733667365772E-4,7.174210096280327E-5,4.869933728794558E-4,1.3772476036190428E-4,2.0711428808821395E-4,2.522457558791541E-4,6.993535678035611E-4,0.0010602586831428003,8.071721988397145E-4,5.956123474987753E-4,0.0010259439527227486,1.9790390521197036E-4,1.9147957386967345E-4,0.0018739855931209236,3.663149658531358E-4],[0.01264013214090271,2.8731506383276385E-4,3.19312711489768E-5,1.0,1.4549253540371395E-4,7.143260470113246E-4,0.002021190030372882,0.0011538431494375059,2.5867900869682303E-5,1.2003645216810607E-5,7.776689276498591E-5,1.770124786005919E-4,1.4358359814177528E-5,1.3348540605958976E-4,4.9244711389891105E-5,1.0187604012271645E-4,1.3453247324570934E-4,1.5214021324236246E-5,1.890255819938542E-5,2.365222701932351E-4,0.0010485024233202105,3.809729996791388E-5,1.3239694419870317E-5,0.0022313010565813,3.6810848605969615E-5,2.8889241624538907E-5,1.7578216034725377E-5,7.236726737218246E-4,2.5736103746171477E-5,3.633424209967341E-4,1.55997093276477E-4,4.2432476375239977E-4,0.010567458587814303,1.600529570641377E-5,1.2810514726003762E-5,6.245725849169917E-4,0.012839514295095493,2.200706427427472E-4,1.4467029513367636E-5,6.826062961777869E-4,2.0009857866314402E-4,8.961004723763938E-4,1.2631070754126125E-5,7.733182861598957E-5,1.2899182416514919E-5,1.4674431817950463E-5,0.00267284355815595,5.7072358727581885E-5,1.7829699805741817E-4,6.0103296091064865E-5,6.724980180868819E-4,0.0010090733958988117,0.0012790510353451962,6.305638246801889E-4,2.555179529329902E-4,5.124664830121336E-5,5.261857752994199E-5,6.812194958801524E-4,0.0010490877807190417],[0.015196875934281526,3.250276041143296E-4,1.7022215452375768E-4,1.4549253540371395E-4,1.0,1.629481394024359E-4,0.002356557588227346,0.0010437897578169618,1.4149811460032372E-4,6.60928792827047E-5,1.5990953889660056E-4,6.556333201743099E-4,2.059456905726157E-5,1.6610891573294245E-4,1.2078800900372148E-4,1.3411203928289717E-4,1.798915373203939E-4,1.12370063477995E-4,6.799567820225353E-5,5.803004156118988E-4,5.488331924043579E-4,4.507891134785477E-4,5.757960389693598E-5,0.0011662379422635834,1.5323166947948372E-4,1.2144732156292533E-4,1.4219418015984326E-4,3.992561308227479E-4,7.339034742645798E-5,3.483922679448732E-4,3.272152751424096E-4,2.309006028446236E-4,0.005962077723396583,8.335913943694497E-5,2.2991568264399177E-5,6.136602102215543E-4,0.008469857216055348,2.155811052815882E-4,6.69098444302338E-5,6.522074733595923E-4,2.263759471465983E-4,6.940940635310912E-4,2.4658922367723673E-5,1.5343021709924532E-4,1.179753634465804E-4,1.458320933377151E-4,0.005265913563806731,1.564953011701894E-4,1.614728849179447E-4,1.3983735654768097E-4,0.0011461388662308686,3.0101036879270915E-4,0.002128851838853718,8.137136844800647E-4,7.385964988994225E-4,1.2911496140753255E-4,1.6086067062296355E-4,9.529577632586676E-4,0.0010362520619252036],[0.008488655914362552,0.0011404323001692905,5.866592150689958E-4,7.143260470113246E-4,1.629481394024359E-4,1.0,0.0013708211542643525,0.0013328020092725078,0.0010300882031442605,4.201987154395717E-4,7.617883257244982E-4,0.0010908608306908977,3.9942099827764126E-4,3.898162553321805E-4,6.846669249148194E-4,6.424380724746725E-4,2.5853456645064744E-4,1.3657256200751315E-4,6.17410650627045E-4,7.908218527973843E-4,0.001385084111705761,0.0011183747216016397,2.7958869552814896E-4,0.002994709375664087,2.0017952755501457E-4,2.5133572215477054E-4,0.0010361856711815344,0.0014136253266796995,9.068771916551215E-4,0.0010295886868911083,0.0011946418891384202,0.0011180522981173208,0.0018306550035093452,6.574854409675806E-4,2.0238604374315147E-4,0.0011900130996937673,0.029430702050128307,9.52295983256597E-4,1.5218039525845265E-4,9.766584271265661E-4,5.577878975096303E-4,0.0011073719756845353,0.0010896722273784922,0.0010364455503367063,9.950471781474451E-4,3.126335114405019E-4,0.0022471307355544767,0.001022001351716555,3.8209571095546957E-4,4.952848030614934E-4,0.0011871856294977535,0.0011586422477805837,0.0018631331721986441,0.0011788358899205756,0.0011382248524380236,5.786896714542509E-4,1.8197318205916125E-4,0.0013817287061750074,0.0012228767009998007],[0.013214658676516213,0.0013544655281547643,0.0019419690878581385,0.002021190030372882,0.002356557588227346,0.0013708211542643525,1.0,0.0024130878850865903,0.0011913865822780329,2.9920097883211184E-4,0.0025100279982602186,0.0023257908360520725,0.001434373834085064,5.510585273489797E-4,0.0022211473822024343,5.170205685401012E-4,9.195323849713342E-4,9.995891092826684E-4,0.0011777153209048957,0.0017784412278495844,0.0023135575001559583,0.00202633441620084,5.321646915163982E-4,0.003291861212854356,0.0020051534656026875,1.8885676674382023E-4,4.3851315647669534E-4,0.0017225911058508143,1.2639476657007502E-4,0.0011830320065159704,0.0016516205808357208,0.0017286266991915764,0.005108655831290412,9.610205951250315E-4,8.896552250963357E-4,0.0024865641505050816,0.015454304472040103,0.001067624464338962,0.0015520688364752961,9.286408946614742E-4,0.0011478888938584353,0.0023752036955878427,0.002158677224940165,0.0010585715818584728,0.0010280012758024032,0.001150345308516829,0.0036291178551718134,5.192127348648585E-4,0.0011296660577385237,1.3250911213252107E-4,0.0021845692585390273,0.001632576718066827,0.003416275722602348,0.0014100952351331028,0.0016496104880262346,9.883234803480547E-4,0.0021514162034684094,0.0024919905588467765,0.0015572461709425522],[0.013287169417623815,0.0013466737649865815,8.90027986001239E-4,0.0011538431494375059,0.0010437897578169618,0.0013328020092725078,0.0024130878850865903,1.0,2.804556158037772E-4,3.701498818495045E-4,4.0134829852604334E-4,0.00119714887373617,9.80932259039199E-4,2.468432965818735E-4,2.2983257699629242E-4,0.0012241265780374303,0.001359053435431102,3.014176972943714E-5,6.519727558392462E-4,0.0011600159859440325,0.0014781591039261738,5.991421558902763E-4,9.15660635673632E-4,0.005374476921450863,5.776166214476698E-4,8.99021302398798E-4,0.0012630317668263682,0.0013767604477030414,5.847424971034586E-4,0.0013033257651384259,0.0013558375561348002,0.0013205434619908477,0.002604985367007871,8.352217271504011E-4,5.261123128963167E-5,0.0012578594733058713,0.025575984410612772,6.03822612112237E-4,0.001358623637125025,9.923837165398829E-4,0.0012857972859627493,0.0011667183791058365,9.76842023764091E-4,5.354030741127234E-4,8.073933101488137E-4,0.0010249630193097552,0.005409857127263641,6.135167508367376E-4,0.001218159186396976,6.392617389354835E-4,0.0014298225147035602,0.0011611607360657457,0.0026653777592312218,0.0013200448119324603,0.0013554618341704494,4.204058523109972E-4,5.632172387435225E-4,0.001701452573193784,0.001362828138584601],[0.012447853282322736,4.980732951957081E-4,2.4550981722832867E-4,2.5867900869682303E-5,1.4149811460032372E-4,0.0010300882031442605,0.0011913865822780329,2.804556158037772E-4,1.0,9.582005983726122E-5,1.498602537333796E-4,3.185898862416039E-4,1.2258903392078772E-4,1.4976673548225769E-4,1.3075517050853487E-4,1.2191925570290775E-4,1.6760276635729683E-4,1.703611569508263E-5,4.5645487390637195E-5,1.7202375789211285E-4,0.0016365778404864638,2.7408466300635214E-4,9.715028899414471E-5,0.0033158919790859513,1.2076830773119311E-4,1.2093932902714257E-4,1.1063244184174087E-4,9.22089709989849E-4,1.070821431201945E-4,1.9277285481634834E-4,1.8882704221365984E-4,7.707820247508996E-4,0.0072383058176485,1.8791272880298226E-5,1.5125046842386705E-5,5.626288542846895E-4,0.0117412301384044,2.818182122810632E-4,8.21454975213229E-5,1.7990445699512118E-4,2.5583733492396754E-4,2.970921313236593E-4,8.078937284495603E-5,1.276492237659265E-4,1.5824833766261537E-5,7.801441913641851E-5,0.0028740541401156674,1.2979238960623542E-4,1.7127998119710678E-4,1.308319711914282E-4,0.0012554439140130195,7.571694675946758E-4,0.004361794540372131,2.0282182827021338E-4,1.6194162826052748E-4,1.111911383501266E-4,1.430075051755082E-4,1.3742024762967823E-4,6.510137753491646E-4],[0.005957753095917279,1.5037397851425119E-4,1.8604845214818772E-4,1.2003645216810607E-5,6.60928792827047E-5,4.201987154395717E-4,2.9920097883211184E-4,3.701498818495045E-4,9.582005983726122E-5,1.0,7.265066364338409E-5,2.938683772374062E-4,1.4303078274271249E-5,1.654205380112021E-4,3.216078324773059E-5,9.235396048543557E-5,2.0986214520547113E-4,1.3405437207178172E-5,3.4874202177447274E-5,8.157872798300065E-5,2.915422351888861E-5,3.3935607405251273E-4,1.3887649332294477E-5,0.004898497054842687,1.9738676649290472E-5,9.841429216296633E-5,2.7520834054239974E-5,0.0010932039098691902,1.6256715668215948E-5,2.3959448184702575E-4,1.5774038799203292E-4,2.6797351239859867E-4,0.007499364369235203,1.4340817404868235E-5,1.1902357940943057E-5,0.0012455544155554122,0.021856516698881216,3.905842405980522E-4,1.4377465080072872E-5,7.536240976556109E-4,1.3661544701524885E-4,5.749374512895251E-4,1.1456186890772025E-5,1.1604626360234393E-4,1.2082066817322448E-5,1.1903003052139737E-5,0.0020977136331149005,9.23665989798916E-5,1.2554219940214342E-4,1.355074546122714E-5,0.0014635079702892183,9.481832630886692E-4,9.962447075777554E-4,0.0011163922965228153,4.1953107578410344E-4,4.8359460806452006E-5,7.652769149602298E-5,6.564295572269813E-4,3.411935252943685E-4],[0.012773432026025697,0.0010900111155674379,1.7483721534238976E-4,7.776689276498591E-5,1.5990953889660056E-4,7.617883257244982E-4,0.0025100279982602186,4.0134829852604334E-4,1.498602537333796E-4,7.265066364338409E-5,1.0,8.450611566335805E-4,6.919929100369412E-5,1.684946786025713E-4,1.2815692752238774E-4,1.3184252476761377E-4,1.8150876719357707E-4,1.6256451835081317E-4,1.1597709120316567E-4,4.129141604887129E-4,0.0012119612284205742,4.212527820875356E-4,1.0264258870419909E-4,2.773730410555057E-4,7.638587095359296E-5,1.1751308218528646E-4,1.0800482680974418E-4,9.930548077645622E-4,1.16761197511482E-4,2.7621539696939134E-4,3.1601744064530343E-4,7.989757225165617E-4,0.003070331209276541,6.966440589205378E-5,9.928560265600299E-5,3.701806308035933E-4,0.014969413352749325,1.6961458526512137E-4,5.381069785702416E-5,2.935045500899664E-4,2.625977643733148E-4,2.9110397169755084E-4,7.988473450614572E-5,1.593298461175602E-4,1.6114128904835E-4,1.6225619224013549E-4,0.0014081228802200016,1.5087996503745943E-4,1.6811874791135563E-4,1.4024612400872707E-4,5.940153755244187E-4,9.026341252383737E-4,4.927842295144686E-4,7.119796152654642E-4,6.811898261551918E-4,1.3570657814533578E-4,1.6521628029843172E-4,2.116718118868795E-4,5.541987080953607E-4],[0.01391209670275719,0.0011495978110002065,6.13954601949476E-4,1.770124786005919E-4,6.556333201743099E-4,0.0010908608306908977,0.0023257908360520725,0.00119714887373617,3.185898862416039E-4,2.938683772374062E-4,8.450611566335805E-4,1.0,8.745315459302102E-4,2.792282588069721E-4,8.765130277802846E-4,2.3422851331087038E-4,2.2438299560829548E-4,7.499975204569321E-4,4.0316809553458125E-4,6.618863821896524E-4,0.001214824076899151,7.723038781094617E-4,7.571609318614289E-4,0.00561818823539952,1.4330614036894113E-4,1.7303438432425734E-4,5.375977069586935E-4,0.0013635163653800792,5.630897041760109E-4,9.488806010152094E-4,0.0012693114599617587,0.0010775934332594638,0.0024060195185662708,5.549715021919572E-4,6.166207313370522E-4,0.0011467127155404156,0.020058459182043704,6.091133639177221E-4,8.495649745924008E-4,9.722920476761304E-4,6.195370202986925E-4,0.0010512004643217585,8.592070129185549E-4,4.473671192857753E-4,8.03289877219749E-4,4.752130748757812E-4,0.0032055506994100418,8.153366077837139E-4,4.78062709659532E-4,2.4415275677323574E-4,0.001453560632662256,0.0010578958760988902,0.001079044193046367,0.0011234719951656875,0.001099998505927583,7.888206772805823E-4,4.7434826723776965E-4,0.001486782872506327,0.0012271770832921762],[0.012072700269822465,3.714518245423625E-4,2.49544403446918E-4,1.4358359814177528E-5,2.059456905726157E-5,3.9942099827764126E-4,0.001434373834085064,9.80932259039199E-4,1.2258903392078772E-4,1.4303078274271249E-5,6.919929100369412E-5,8.745315459302102E-4,1.0,2.0294292844161327E-5,3.763338376873361E-5,7.413645975811925E-5,2.1048135359913735E-4,1.5161172486075308E-5,2.081944528587475E-5,2.5874512343210644E-4,4.8045849732839876E-5,4.870653765237478E-4,1.425062871180824E-5,6.632722917381221E-4,1.7017901566787666E-5,5.401310454129583E-5,2.6732452474266037E-5,1.9292348106830185E-4,7.043387768298787E-5,6.846178120504802E-5,4.97342049483189E-4,1.4550409704411045E-4,0.004319976256825233,1.7560261536048814E-5,1.3717011041730038E-5,6.608655121939651E-4,0.029800019101718055,2.538236340523676E-4,1.5096151173672839E-5,2.8043378400486436E-4,2.6275022352037584E-4,8.239038550184875E-4,1.346115418549662E-5,4.127640959009989E-5,1.4178273529075104E-5,1.650273425295883E-5,0.004659783143617085,1.9750082132363497E-5,7.722062275285484E-5,7.25841895107111E-5,0.0011109939884338099,6.824899827882846E-4,0.0034807439337888706,2.4379501157321585E-4,4.1195069647074155E-4,5.9369965788074745E-5,1.5121056656472836E-4,0.0011839276374470387,3.99437282072449E-4],[0.013807342642858446,2.372567632153769E-4,2.367483761902597E-4,1.3348540605958976E-4,1.6610891573294245E-4,3.898162553321805E-4,5.510585273489797E-4,2.468432965818735E-4,1.4976673548225769E-4,1.654205380112021E-4,1.684946786025713E-4,2.792282588069721E-4,2.0294292844161327E-5,1.0,1.2188844943803777E-4,1.152813411675469E-4,2.0030819494511288E-4,6.4288636291239E-5,5.680343552322204E-5,3.3696130375286204E-4,0.0013128352879968367,5.805770806204042E-4,1.4791506501777186E-4,0.003931384068272719,9.42834926506847E-5,1.282260812018234E-4,1.467058216272266E-4,7.914990225778699E-4,1.3632210076618156E-4,3.426127657094302E-4,5.173708928052775E-4,2.32542509551248E-4,0.0038436684628505476,6.598544600474354E-5,2.722525223002031E-5,7.394577049716119E-4,0.028654854395941735,3.0856981489814687E-4,9.32841789059796E-5,4.306192333790259E-4,2.6876921388703577E-4,7.369503500695709E-4,4.641412054577899E-5,1.3898472851725556E-4,4.741866389162567E-5,2.769275308272361E-5,0.004792603527041317,1.575145499898987E-4,1.7735083841442258E-4,1.315144405339974E-4,0.0013585309089710897,8.731959549153128E-4,0.0026521460413866777,5.210326099303302E-4,2.88106703468465E-4,1.3591683686265608E-4,1.696760519447202E-4,4.3262589542240345E-4,7.821223490825707E-4],[0.012243377419862764,3.7215427447428236E-4,1.2081679922471159E-4,4.9244711389891105E-5,1.2078800900372148E-4,6.846669249148194E-4,0.0022211473822024343,2.2983257699629242E-4,1.3075517050853487E-4,3.216078324773059E-5,1.2815692752238774E-4,8.765130277802846E-4,3.763338376873361E-5,1.2188844943803777E-4,1.0,1.1565181228693853E-4,1.848053157866166E-4,4.543927177845159E-5,6.902911550413853E-5,2.643285223965639E-4,0.0014216016128318469,3.875612943087975E-4,1.0189717877986434E-4,0.004531121599935879,8.565354365766266E-5,1.1906652085576346E-4,9.073459690991443E-5,7.642969942726668E-4,8.361551062048434E-5,2.2440940052787179E-4,7.245071903309751E-4,8.865339611680969E-4,0.009202583817983504,9.478544815673085E-5,4.088627128727865E-5,0.0010677720933133478,0.028466561365931366,1.505367095940742E-4,3.203805843485976E-5,1.3746310898181757E-4,1.3040512174672747E-4,8.533160286446386E-4,1.972829333275869E-5,1.2299391173032983E-4,3.5087911668074174E-5,6.27000729920812E-5,0.004284212173460328,1.2678068948778466E-4,1.810314887834189E-4,1.2071592201886794E-4,0.0013221078062746762,9.91990732847174E-4,0.004188145916188657,9.630351095181124E-4,0.0010246189892692704,1.1338499122260471E-4,1.567767342415156E-4,5.995012374040072E-4,6.623212422357226E-4],[0.008364106374159764,7.23931822736008E-4,2.3550170118044443E-4,1.0187604012271645E-4,1.3411203928289717E-4,6.424380724746725E-4,5.170205685401012E-4,0.0012241265780374303,1.2191925570290775E-4,9.235396048543557E-5,1.3184252476761377E-4,2.3422851331087038E-4,7.413645975811925E-5,1.152813411675469E-4,1.1565181228693853E-4,1.0,1.1627000594730265E-4,1.0485239142450077E-4,5.363234375770637E-5,5.459773620653537E-4,7.244447570557019E-4,2.401977987659729E-4,5.7255024328468934E-5,0.00360131932939694,4.682119525113085E-5,1.1318464706437252E-4,8.202566338138163E-5,0.0013110477617704827,9.539720214635701E-5,3.2342161813211164E-4,5.498260901884814E-4,9.044270425932579E-4,0.006557323702611001,9.568262390787485E-5,6.847687407080448E-5,3.4735398670629784E-4,0.023822656132651852,3.761675579481362E-4,1.0229045553151146E-4,6.624566122391749E-4,2.5007055487121676E-4,0.0010095700612896164,5.58852060724084E-5,1.1988486462445239E-4,2.146025714348628E-5,6.710397549882768E-5,0.00399305215319474,1.2287014223953655E-4,1.4280998005950743E-4,1.133629878528067E-4,0.001134318660156814,3.842774190645303E-4,2.0875497006939605E-4,8.204810732447705E-4,8.445938439796127E-4,1.1180355076486804E-4,1.6354757500451956E-4,0.002417965634676963,7.886116630212455E-4],[0.009147461897559737,6.392373419665381E-4,2.4995321870438557E-4,1.3453247324570934E-4,1.798915373203939E-4,2.5853456645064744E-4,9.195323849713342E-4,0.001359053435431102,1.6760276635729683E-4,2.0986214520547113E-4,1.8150876719357707E-4,2.2438299560829548E-4,2.1048135359913735E-4,2.0030819494511288E-4,1.848053157866166E-4,1.1627000594730265E-4,1.0,1.531605202332925E-4,1.6228915285898028E-4,5.467284536216518E-4,7.25450904691588E-4,4.8244475451258637E-4,2.15673347941074E-4,0.004185840357273967,1.4049084998327935E-4,1.79187606533483E-4,1.1079597869091977E-4,5.59285516628291E-4,1.3953636028741291E-4,3.2158144989418607E-4,7.808473409080268E-4,4.136990290858268E-4,0.006412546558281743,1.9472371456190284E-4,3.773798100382298E-5,7.583401163781766E-4,0.004363726712719113,3.624870068776305E-4,8.789490620409859E-5,3.390992820417422E-4,2.1904102377600352E-4,5.356320143340002E-4,3.4345616504354976E-5,1.595193327858965E-4,1.4102865983042879E-4,7.018184505614379E-5,0.005215655486036924,1.5611976975336847E-4,1.9874569846110865E-4,1.893881339143887E-4,6.588413040373896E-4,6.9008963740459E-4,0.0015773913752955863,9.782304301092246E-4,8.227268249458994E-4,2.0115037862350758E-4,2.0438931383704947E-4,2.252323255542292E-4,2.9941150238948214E-4],[0.013468397245329602,7.874247619590621E-4,2.1112358750182837E-4,1.5214021324236246E-5,1.12370063477995E-4,1.3657256200751315E-4,9.995891092826684E-4,3.014176972943714E-5,1.703611569508263E-5,1.3405437207178172E-5,1.6256451835081317E-4,7.499975204569321E-4,1.5161172486075308E-5,6.4288636291239E-5,4.543927177845159E-5,1.0485239142450077E-4,1.531605202332925E-4,1.0,1.588204377131364E-5,2.591788971874519E-4,2.3845062223065656E-4,5.337352364368212E-4,1.457342997630374E-5,0.005559768842869613,3.635553308230669E-5,7.620463290479E-5,1.7297182861726125E-5,9.319490606620748E-4,4.2507947359407764E-5,1.7630938934746874E-4,9.15642362249558E-4,2.0597319796096162E-4,0.005192511602278502,1.7083258917852445E-5,1.57639678199548E-5,9.837174825560978E-4,0.021559605468772166,1.4202641801501633E-4,1.5763562364310397E-5,5.829834486924433E-4,3.039092738253209E-5,1.5897106186253904E-4,1.4339143487866892E-5,1.1127656092769598E-4,1.2591299418523321E-5,1.6141490312180522E-5,0.0020737083569270483,2.0322514902242276E-5,9.828009819306856E-5,6.910358891621021E-5,5.187423152576625E-4,7.722083038573447E-4,0.003825118165300132,9.340812474102016E-4,7.523259284233047E-4,2.8355490725411433E-5,1.2171385969965923E-4,7.792094464462622E-4,8.637639726899382E-4],[0.00951399343977876,9.742386676805087E-4,1.4268334450370776E-4,1.890255819938542E-5,6.799567820225353E-5,6.17410650627045E-4,0.0011777153209048957,6.519727558392462E-4,4.5645487390637195E-5,3.4874202177447274E-5,1.1597709120316567E-4,4.0316809553458125E-4,2.081944528587475E-5,5.680343552322204E-5,6.902911550413853E-5,5.363234375770637E-5,1.6228915285898028E-4,1.588204377131364E-5,1.0,9.300519733845288E-5,0.0016519335441993804,3.6631538304935616E-4,1.4698747730581964E-5,0.0048616525473242815,3.687039286535359E-5,6.836795121995274E-5,3.6654975310318895E-5,7.561856085997236E-4,5.2059286445451225E-5,3.2071880594139083E-4,8.148321370304612E-5,3.604275957161487E-4,0.0012426081008539026,2.882933260574166E-5,2.0390873668350704E-5,6.5173311450232E-4,0.014916445096381546,2.53088509942093E-4,3.28865731282279E-5,9.2351673728802E-5,1.318033824695944E-4,1.8159477206007677E-4,3.0925063424701966E-5,8.531641405316324E-5,3.672832026216466E-5,2.3587835034199938E-5,3.1715105121675843E-4,1.2279529570647502E-4,1.4726034912128648E-4,1.2068507422365797E-4,2.3940959578686271E-4,2.9361465496445717E-4,8.020812341709709E-5,0.0010005169400632821,8.9458177892361E-5,5.965073424404624E-5,8.035255910536976E-5,2.9476448399355014E-4,0.0012390213991673544],[0.010979719381768505,0.0010368687984278731,5.630345616466736E-4,2.365222701932351E-4,5.803004156118988E-4,7.908218527973843E-4,0.0017784412278495844,0.0011600159859440325,1.7202375789211285E-4,8.157872798300065E-5,4.129141604887129E-4,6.618863821896524E-4,2.5874512343210644E-4,3.3696130375286204E-4,2.643285223965639E-4,5.459773620653537E-4,5.467284536216518E-4,2.591788971874519E-4,9.300519733845288E-5,1.0,7.924589802541431E-4,5.976357962159389E-4,1.669459311154885E-4,0.003983158495420771,4.7646572887296483E-4,2.4416392160819805E-4,2.0788303342109634E-4,8.243939831810756E-4,3.30933695609536E-4,5.266163654819409E-4,0.0010421722056685367,9.973931233230112E-4,0.0018037966539381804,2.085343640619652E-4,3.5147273608514924E-4,8.529714820748223E-4,0.0016370883114742271,5.676770638889633E-4,3.0272168675775063E-5,6.634869344770096E-4,5.676339127769232E-4,8.058108403974576E-4,5.533565000002868E-4,1.639565311380561E-4,4.664056135752344E-4,5.787487183729525E-4,0.0032335803804304235,4.4488900246309805E-4,4.7578841109781935E-4,2.115964850985802E-4,8.193947399311087E-4,0.0011546081360484788,0.002060220584421079,8.802835512302972E-4,0.0010002417278479094,3.978024630313298E-4,2.296171089460237E-4,0.0023026373205428047,6.146650831895654E-4],[0.007665216163671636,0.0016545430950569862,6.517656879380295E-4,0.0010485024233202105,5.488331924043579E-4,0.001385084111705761,0.0023135575001559583,0.0014781591039261738,0.0016365778404864638,2.915422351888861E-5,0.0012119612284205742,0.001214824076899151,4.8045849732839876E-5,0.0013128352879968367,0.0014216016128318469,7.244447570557019E-4,7.25450904691588E-4,2.3845062223065656E-4,0.0016519335441993804,7.924589802541431E-4,1.0,0.0016387450711642,6.42935109798186E-4,0.0031594382858419518,6.862379068947818E-4,0.0010028227556443576,8.290455295482278E-4,0.0014506866285653225,5.375002244329592E-4,8.402068195528412E-4,0.0016768997572491106,0.0013438391616586482,0.008829446351509049,1.5337400459024234E-4,0.001016578101895803,0.0016832765371335948,0.025819443417272978,0.0011017272955902262,0.0015996985940414487,0.0010004648691865174,0.0010948991747920668,0.0015499421207213642,7.359197818357727E-4,3.611719988488038E-4,0.0013723670355826766,9.467531409005851E-4,0.0033812083997916643,1.988910681957492E-4,0.0014308182238075694,0.001589481986570918,0.0015806920318617813,0.0014510587984204097,0.002234602106489432,0.0016146234693189174,0.0014407395744995422,0.0012305924831544181,9.856256490019426E-4,0.0017617011384450296,0.0014067332223663613],[0.0013126632585299615,8.193513592052924E-4,4.4733594536317293E-4,3.809729996791388E-5,4.507891134785477E-4,0.0011183747216016397,0.00202633441620084,5.991421558902763E-4,2.7408466300635214E-4,3.3935607405251273E-4,4.212527820875356E-4,7.723038781094617E-4,4.870653765237478E-4,5.805770806204042E-4,3.875612943087975E-4,2.401977987659729E-4,4.8244475451258637E-4,5.337352364368212E-4,3.6631538304935616E-4,5.976357962159389E-4,0.0016387450711642,1.0,5.363321268711482E-4,0.003771064909123248,4.247861170078387E-4,5.140164151013972E-4,3.617706110798791E-4,9.209031970845618E-4,3.6889307948110423E-4,4.4393379935450303E-4,0.0010433386934446864,0.0010165563162929628,0.00583280170362869,7.992882746657608E-5,4.437812975975468E-4,7.188671660895634E-4,0.008066310026683517,5.950662767458632E-4,1.084609377015471E-4,6.67300930165E-4,3.267157229336426E-4,6.490183188738457E-4,3.9903792494186483E-4,1.5107156822089497E-4,5.93759719935767E-4,2.993977688146687E-4,0.002555216543276288,2.893600087332971E-4,5.258961328065853E-4,4.32505361366845E-4,7.642990361098432E-4,8.069224979894936E-4,0.001849858359240604,9.806905661381962E-4,0.0011569899845170484,1.3500840761940646E-4,3.04247815314615E-4,0.0016200890202625428,9.013442756315377E-4],[0.01167595679919248,9.29836810962895E-5,1.2046788875278885E-4,1.3239694419870317E-5,5.757960389693598E-5,2.7958869552814896E-4,5.321646915163982E-4,9.15660635673632E-4,9.715028899414471E-5,1.3887649332294477E-5,1.0264258870419909E-4,7.571609318614289E-4,1.425062871180824E-5,1.4791506501777186E-4,1.0189717877986434E-4,5.7255024328468934E-5,2.15673347941074E-4,1.457342997630374E-5,1.4698747730581964E-5,1.669459311154885E-4,6.42935109798186E-4,5.363321268711482E-4,1.0,0.0041959660686926034,2.266384165031262E-5,1.701454644039221E-5,2.0734949681214428E-5,0.0010433944065364018,3.526939114578135E-5,2.687402042674635E-4,0.0012109042274699557,5.838088472167989E-4,0.0051055436878043,1.7971984036354755E-5,1.3390746744861774E-5,1.9499925842156554E-4,0.006528845577667528,3.3168282202792655E-4,1.5090409308701512E-5,6.701394074023006E-4,6.947413596467498E-5,1.2593356886597822E-4,1.3599521054571966E-5,6.868656722425606E-5,1.3885109235395279E-5,1.5448855478876135E-5,0.002616021912356907,9.859527588141794E-5,1.2278928121005212E-4,1.1758923875983947E-4,1.2290125321309233E-4,8.053511852762062E-4,0.0015782045735790635,7.98668937964153E-4,7.643376834514102E-4,4.4865482745840804E-5,9.930871429884316E-5,9.88277552624794E-4,9.984160738158927E-4],[0.012081238968477591,0.003889221267001829,0.0036294628433618833,0.0022313010565813,0.0011662379422635834,0.002994709375664087,0.003291861212854356,0.005374476921450863,0.0033158919790859513,0.004898497054842687,2.773730410555057E-4,0.00561818823539952,6.632722917381221E-4,0.003931384068272719,0.004531121599935879,0.00360131932939694,0.004185840357273967,0.005559768842869613,0.0048616525473242815,0.003983158495420771,0.0031594382858419518,0.003771064909123248,0.0041959660686926034,1.0,0.0035903923850143364,4.932370917105204E-4,0.0032700537792579665,0.004983775820595407,0.005043811800974491,0.004342770653446733,0.004978372971678739,0.0023189453848843746,0.0059314317244360685,0.0023439874954191433,0.003573276788585849,0.001516283750780097,0.00752462705121395,0.0017562896559562028,0.0011708307512568038,0.0045429195143487835,0.0047346166671179725,0.0026311823780575845,0.0039035860227318877,0.0037783317196659156,0.001257652842400604,0.00361959180210666,0.0057518172856174015,0.005676766442918758,0.00566624768886686,0.003392184216780566,0.004410759307894832,0.003347013872209785,0.005519675582841027,0.005214545285741497,0.002825163614587206,0.0043488410220980985,0.004246505937315665,0.005193543851840572,0.0020639364022695754],[4.6945397906162465E-5,3.4279746769519116E-4,2.4972105732514263E-4,3.6810848605969615E-5,1.5323166947948372E-4,2.0017952755501457E-4,0.0020051534656026875,5.776166214476698E-4,1.2076830773119311E-4,1.9738676649290472E-5,7.638587095359296E-5,1.4330614036894113E-4,1.7017901566787666E-5,9.42834926506847E-5,8.565354365766266E-5,4.682119525113085E-5,1.4049084998327935E-4,3.635553308230669E-5,3.687039286535359E-5,4.7646572887296483E-4,6.862379068947818E-4,4.247861170078387E-4,2.266384165031262E-5,0.0035903923850143364,1.0,6.170274761884057E-5,3.089833783611871E-5,7.035480375691678E-4,4.8779513134876036E-5,3.268374662282548E-4,2.046250686789076E-4,4.041400594723008E-4,0.010255398075541976,3.436479728769997E-5,2.5756469454868804E-5,8.693515252145312E-4,0.012628745538898815,1.7331889115399212E-4,2.7413580763735744E-5,4.371614204435324E-4,9.95155661177979E-5,9.831270209607198E-4,2.7522480066962757E-5,5.119733940401618E-5,3.5099955055540536E-5,2.596661955228876E-5,0.004575822900304909,7.089569247269142E-5,1.565594001020825E-4,1.0523111417987534E-4,7.943998238761315E-4,5.901456348513724E-4,0.0032911398750312846,6.242915249581953E-4,5.062705118045619E-4,9.181291954486715E-5,9.797120010500738E-5,0.002172334160143128,9.578361959466034E-4],[0.006346051990279449,8.486536318990415E-4,1.1510021847254423E-4,2.8889241624538907E-5,1.2144732156292533E-4,2.5133572215477054E-4,1.8885676674382023E-4,8.99021302398798E-4,1.2093932902714257E-4,9.841429216296633E-5,1.1751308218528646E-4,1.7303438432425734E-4,5.401310454129583E-5,1.282260812018234E-4,1.1906652085576346E-4,1.1318464706437252E-4,1.79187606533483E-4,7.620463290479E-5,6.836795121995274E-5,2.4416392160819805E-4,0.0010028227556443576,5.140164151013972E-4,1.701454644039221E-5,4.932370917105204E-4,6.170274761884057E-5,1.0,3.307741093234623E-5,5.848806509060703E-4,7.543731160912299E-5,1.161909203565134E-4,0.001243242060019823,1.3325224720377117E-4,0.009328959739865323,6.652471892751934E-5,5.414152991020708E-5,8.917037462815359E-4,0.026870808330294916,1.7134001067475678E-4,9.470265235704019E-5,5.969248832575394E-4,1.1560077329071752E-4,7.913646391506624E-4,6.335690330885733E-5,1.1592338571837211E-4,6.782385575853966E-5,6.051451668849971E-5,0.00325462659845511,1.2319741360657075E-4,1.2979614392842194E-4,1.1458230613511664E-4,9.809085994476252E-4,1.6834408569323263E-4,0.002408746663929927,5.417724695284887E-4,4.80299665544292E-4,1.1325292482831703E-4,1.3327991234932771E-4,0.0016054956046602203,3.747271652846056E-4],[0.013925311106265487,8.483520358933365E-4,6.88150742133921E-5,1.7578216034725377E-5,1.4219418015984326E-4,0.0010361856711815344,4.3851315647669534E-4,0.0012630317668263682,1.1063244184174087E-4,2.7520834054239974E-5,1.0800482680974418E-4,5.375977069586935E-4,2.6732452474266037E-5,1.467058216272266E-4,9.073459690991443E-5,8.202566338138163E-5,1.1079597869091977E-4,1.7297182861726125E-5,3.6654975310318895E-5,2.0788303342109634E-4,8.290455295482278E-4,3.617706110798791E-4,2.0734949681214428E-5,0.0032700537792579665,3.089833783611871E-5,3.307741093234623E-5,1.0,3.305422881612701E-4,3.661224358874577E-5,4.460950872358949E-5,7.784955834233599E-4,5.072187828489542E-4,7.048010204710692E-4,2.5181856605733284E-5,2.6003153037309338E-5,3.8134235668925524E-4,0.00452853311823637,3.9263149692612406E-4,1.5984798388899055E-5,8.574869196922518E-5,1.4075574913386513E-4,1.1594053677441943E-4,2.9068554729841374E-5,7.381062598494693E-5,2.8852036657397123E-5,2.4199857334152954E-5,0.004514795490038729,7.422518646488085E-5,1.5222854184846767E-4,7.80274942067059E-5,0.0010191170162782218,0.001066403382389933,0.003141251985915704,6.400580859139501E-4,2.897547461848186E-4,4.528477706150246E-5,4.779776792254464E-5,0.0011071276688167351,0.0012268626237457668],[0.002323456525349012,0.0013007736085906738,4.690089181438158E-4,7.236726737218246E-4,3.992561308227479E-4,0.0014136253266796995,0.0017225911058508143,0.0013767604477030414,9.22089709989849E-4,0.0010932039098691902,9.930548077645622E-4,0.0013635163653800792,1.9292348106830185E-4,7.914990225778699E-4,7.642969942726668E-4,0.0013110477617704827,5.59285516628291E-4,9.319490606620748E-4,7.561856085997236E-4,8.243939831810756E-4,0.0014506866285653225,9.209031970845618E-4,0.0010433944065364018,0.004983775820595407,7.035480375691678E-4,5.848806509060703E-4,3.305422881612701E-4,1.0,0.0013617865477806778,5.691828766286969E-4,0.0012915240062927789,0.0012219166245342995,0.010580453317712204,0.001089585638757696,0.0011625796046392598,0.001353366811334926,0.0053305614935588224,0.0010308059953793654,6.684882454445084E-4,0.0011204370542230002,4.268353556323958E-4,0.0012335356505508849,7.072612606083577E-4,5.752240517871003E-4,2.740729370003775E-4,2.982189207524004E-4,0.003035452804751263,1.7355230666474795E-4,9.355778088901356E-4,0.001062933882254646,0.0015196713057157704,0.0013161104255015109,0.0021431390532899147,0.0012833295876308823,0.0013067966495342574,7.229434239334515E-4,8.216297930983074E-4,0.001882438194568846,0.0013589407099502966],[0.010153426381791569,4.244810527315206E-4,2.2845517988665575E-4,2.5736103746171477E-5,7.339034742645798E-5,9.068771916551215E-4,1.2639476657007502E-4,5.847424971034586E-4,1.070821431201945E-4,1.6256715668215948E-5,1.16761197511482E-4,5.630897041760109E-4,7.043387768298787E-5,1.3632210076618156E-4,8.361551062048434E-5,9.539720214635701E-5,1.3953636028741291E-4,4.2507947359407764E-5,5.2059286445451225E-5,3.30933695609536E-4,5.375002244329592E-4,3.6889307948110423E-4,3.526939114578135E-5,0.005043811800974491,4.8779513134876036E-5,7.543731160912299E-5,3.661224358874577E-5,0.0013617865477806778,1.0,3.4312248517810517E-4,9.400505946163245E-4,1.9916508642799687E-4,0.0018612399869598162,6.247257917290916E-5,6.797008585697194E-5,0.0012399936604026852,0.011558526564051179,3.1715898717003035E-4,3.259635757505746E-5,4.5235080007552955E-4,2.001803444466622E-4,3.882553895126423E-4,6.490765488920543E-5,1.19313959054696E-4,2.556971340140499E-5,4.365166161159332E-5,0.0012274848689604878,1.2851580012195616E-4,8.255710807135978E-5,9.609063546657629E-5,1.4500589330094886E-4,6.500753950881494E-4,0.003285622560977644,4.919800788545676E-4,0.001129873138217692,8.849800978400774E-5,1.1326123073367839E-4,0.0019360655888054513,7.296566754339942E-4],[0.0031370195271725777,4.91433474043249E-4,3.48006236621935E-4,3.633424209967341E-4,3.483922679448732E-4,0.0010295886868911083,0.0011830320065159704,0.0013033257651384259,1.9277285481634834E-4,2.3959448184702575E-4,2.7621539696939134E-4,9.488806010152094E-4,6.846178120504802E-5,3.426127657094302E-4,2.2440940052787179E-4,3.2342161813211164E-4,3.2158144989418607E-4,1.7630938934746874E-4,3.2071880594139083E-4,5.266163654819409E-4,8.402068195528412E-4,4.4393379935450303E-4,2.687402042674635E-4,0.004342770653446733,3.268374662282548E-4,1.161909203565134E-4,4.460950872358949E-5,5.691828766286969E-4,3.4312248517810517E-4,1.0,0.0012694934034949842,6.286274132907936E-4,0.0019134628136813396,2.0967358568233286E-4,1.48792126572627E-4,0.0011539459990627097,0.029704119417475517,3.9123212414103256E-4,3.5313519192712483E-4,7.605581518618107E-4,3.5916976843542163E-4,9.645131259114785E-4,1.5029465272336338E-4,2.679656094874307E-4,2.636422069651013E-4,2.797671759148448E-4,0.004314876979500402,3.3606706556089515E-4,1.9461882242760117E-4,2.904381129192775E-4,0.001142881533069422,3.712145215766144E-4,0.0021106510537644016,6.245944209859799E-4,5.719939951355786E-4,2.2162452627633427E-4,3.5308971700617005E-4,0.002239054930895109,9.117540885180863E-4],[0.005106426815868453,0.0011765894272828994,7.064604528319499E-4,1.55997093276477E-4,3.272152751424096E-4,0.0011946418891384202,0.0016516205808357208,0.0013558375561348002,1.8882704221365984E-4,1.5774038799203292E-4,3.1601744064530343E-4,0.0012693114599617587,4.97342049483189E-4,5.173708928052775E-4,7.245071903309751E-4,5.498260901884814E-4,7.808473409080268E-4,9.15642362249558E-4,8.148321370304612E-5,0.0010421722056685367,0.0016768997572491106,0.0010433386934446864,0.0012109042274699557,0.004978372971678739,2.046250686789076E-4,0.001243242060019823,7.784955834233599E-4,0.0012915240062927789,9.400505946163245E-4,0.0012694934034949842,1.0,0.0011629215066899607,0.0024894917961792943,7.210670802423853E-4,0.0010978634762721297,0.0012790070341215098,0.02643977967825001,6.793095423339034E-4,1.5703613592008914E-4,0.0010816334928617137,5.287970362735928E-4,0.0012487769827298997,5.232054054528735E-4,6.863231504698025E-4,2.3297747284361823E-4,0.0010229303382938526,0.004512421811549672,0.0011848945636932383,0.001105702789663166,3.1751225455536213E-4,0.0015042151838597889,0.0011891993839385562,0.0015102674914680746,0.0012322787537270455,0.0012664158585273563,0.0011395925543874969,7.614242969186553E-4,0.0019392667775083548,0.0013492061658195136],[0.013851272686340049,0.0011046358079375876,2.557438129548764E-4,4.2432476375239977E-4,2.309006028446236E-4,0.0011180522981173208,0.0017286266991915764,0.0013205434619908477,7.707820247508996E-4,2.6797351239859867E-4,7.989757225165617E-4,0.0010775934332594638,1.4550409704411045E-4,2.32542509551248E-4,8.865339611680969E-4,9.044270425932579E-4,4.136990290858268E-4,2.0597319796096162E-4,3.604275957161487E-4,9.973931233230112E-4,0.0013438391616586482,0.0010165563162929628,5.838088472167989E-4,0.0023189453848843746,4.041400594723008E-4,1.3325224720377117E-4,5.072187828489542E-4,0.0012219166245342995,1.9916508642799687E-4,6.286274132907936E-4,0.0011629215066899607,1.0,0.011001083011934427,1.2974846715088086E-4,1.743002404543698E-4,0.001113290396186577,0.014407389179923043,8.067502193330199E-4,9.768278053053096E-4,9.66494127522706E-4,0.0010639563447693316,0.001086058539464815,0.0010439967846163866,6.392608025980158E-4,0.0010381452919361596,0.0010591341100893601,0.005328011924775262,3.6663477099300556E-4,9.95751554182311E-4,7.743990922155449E-4,0.0013176672211508975,0.001148439275874978,0.0024692054332400523,0.0011832384925689594,0.001130339732309651,7.249849090708261E-4,7.315475399560457E-4,0.0024138031357822647,0.0011802830501761916],[0.013292090319665849,0.005230432582708822,0.002039046757141609,0.010567458587814303,0.005962077723396583,0.0018306550035093452,0.005108655831290412,0.002604985367007871,0.0072